data/working_set_collections/6091692-Cassins_Sparrow-MC/2010/bio1.asc
NCOLS 265 
NROWS 230 
XLLCORNER -115.5625 
YLLCORNER 24.8333333333333 
CELLSIZE 0.0833333333333333 
NODATA_value -9999 
[rows 40 to 59 of 230, columns 92 to 137 of 265]
7.65207141240443 7.35962969462079 7.0671879768372 6.77474625905361 6.48230454126997 6.01247867345819 5.48352475563697 4.95457083781566 4.42561691999444 3.89666300217322 3.36770908435191 2.8387551665307 2.42849576373896 2.37431990603606 2.32014404833318 2.2659681906303 2.2117923329274 2.15761647522452 2.10344061752163 2.04926475981874 2.27316028773781 2.58974627753094 2.90633226732412 3.22291825711725 3.53950424691037 3.85609023670355 4.17267622649668 4.60713899135575 5.39523208141307 6.18332517147052 6.97141826152784 7.75951135158515 8.5476044416426 9.33569753169992 10.1237906217572 10.450912952423 10.6243783632913 10.7978437741597 10.971309185028 11.1447745958963 11.3182400067646 11.491705417633 11.6333011309305 11.6792877515157 11.7252743721008 11.7712609926859
7.73507459428581 7.42285339567399 7.11063219706222 6.79841099845045 6.48618979983863 6.01427872578312 5.48913769324633 4.96399666070944 4.43885562817264 3.91371459563585 3.38857356309896 2.86343253056217 2.4511456910107 2.37742143041558 2.30369716982048 2.22997290922538 2.15624864863026 2.08252438803516 2.00880012744006 1.93507586684494 2.14408351480957 2.44733513229418 2.75058674977884 3.05383836726345 3.35708998474806 3.66034160223271 3.96359321971732 4.40517095194906 5.26172702842266 6.11828310489641 6.97483918137001 7.83139525784361 8.68795133431736 9.54450741079096 10.4010634872646 10.7408147493998 10.9082977400885 11.0757807307772 11.243263721466 11.4107467121547 11.5782297028435 11.7457126935322 11.8799611515469 11.914506011539 11.9490508715311 11.9835957315233
7.64541730615839 7.30566532082035 6.96591333548237 6.6261613501444 6.28640936480637 5.83575039505971 5.34812243051013 4.86049446596048 4.3728665014109 3.88523853686133 3.39761057231167 2.90998260776209 2.52251305083434 2.43551871677239 2.34852438271046 2.26153004864852 2.17453571458658 2.08754138052464 2.00054704646271 1.91355271240076 2.11279752949868 2.40745539698328 2.70211326446794 2.99677113195255 3.29142899943715 3.58608686692181 3.88074473440642 4.32486902607791 5.21739259031058 6.1099161545434 7.00243971877607 7.89496328300874 8.78748684724156 9.68001041147423 10.5725339757069 10.9177097797393 11.0804363303714 11.2431628810034 11.4058894316355 11.5686159822675 11.7313425328996 11.8940690835317 12.0235138389799 12.0531132088767 12.0827125787735 12.1123119486703
7.38309954802208 7.00806547005981 6.63303139209759 6.25799731413538 5.88296323617311 5.4768936812879 5.06047896742835 4.64406425356873 4.22764953970919 3.81123482584964 3.39482011199002 2.97840539813048 2.6425978432099 2.54861176510651 2.45462568700313 2.36063960889976 2.26665353079636 2.17266745269299 2.07868137458961 1.98469529648622 2.17930233180517 2.47010707159829 2.76091181139147 3.0517165511846 3.34252129097772 3.6333260307709 3.92413077056402 4.36623321374236 5.26222876707687 6.15822432041152 7.05421987374602 7.95021542708053 8.84621098041518 9.74220653374968 10.6382020870842 10.9815980434417 11.14079413414 11.2999902248382 11.4591863155365 11.6183824062347 11.7775784969329 11.9367745876312 12.0639591932297 12.0951093435287 12.1262594938278 12.1574096441269
7.12078178988576 6.71046561929924 6.30014944871279 5.88983327812633 5.47951710753981 5.11803696751606 4.77283550434654 4.42763404117697 4.08243257800746 3.73723111483795 3.39202965166838 3.04682818849886 2.76268263558547 2.66170481344064 2.56072699129582 2.459749169151 2.35877134700616 2.25779352486134 2.15681570271652 2.05583788057168 2.24580713411166 2.53275874621331 2.819710358315 3.10666197041665 3.39361358251829 3.68056519461999 3.96751680672163 4.40759740140682 5.30706494384316 6.20653248627965 7.10600002871598 8.00546757115232 8.90493511358881 9.80440265602514 10.7038701984615 11.0454863071441 11.2011519379086 11.356817568673 11.5124831994374 11.6681488302018 11.8238144609663 11.9794800917307 12.1044045474794 12.1371054781808 12.1698064088821 12.2025073395835
6.85846403174943 6.41286576853867 5.96726750532797 5.52166924211728 5.07607097890652 4.75918025374421 4.48519204126474 4.21120382878521 3.93721561630573 3.66322740382625 3.38923919134673 3.11525097886725 2.88276742796104 2.77479786177476 2.6668282955885 2.55885872940224 2.45088916321596 2.34291959702969 2.23495003084343 2.12698046465715 2.31231193641816 2.59541042082832 2.87850890523854 3.1616073896487 3.44470587405886 3.72780435846908 4.01090284287924 4.44896158907128 5.35190112060945 6.25484065214777 7.15778018368594 8.06071971522411 8.96365924676243 9.8665987783006 10.7695383098388 11.1093745708465 11.2615097416771 11.4136449125077 11.5657800833384 11.717915254169 11.8700504249996 12.0221855958302 12.1448499017291 12.1791016128328 12.2133533239365 12.2476050350401
6.59614627361313 6.11526591777812 5.63438556194319 5.15350520610827 4.67262485027326 4.4003235399724 4.19754857818295 3.99477361639347 3.79199865460402 3.58922369281457 3.38644873102508 3.18367376923563 3.0028522203366 2.88789091010888 2.77292959988117 2.65796828965347 2.54300697942575 2.42804566919804 2.31308435897034 2.19812304874261 2.37881673872465 2.65806209544333 2.93730745216206 3.21655280888075 3.49579816559943 3.77504352231816 4.05428887903685 4.49032577673573 5.39673729737573 6.30314881801589 7.20956033865589 8.1159718592959 9.02238337993605 9.92879490057606 10.8352064212161 11.1732628345489 11.3218675454457 11.4704722563425 11.6190769672393 11.7676816781361 11.916286389033 12.0648910999298 12.1852952559789 12.2210977474848 12.2569002389908 12.2927027304967
6.3338285154768 5.81766606701755 5.30150361855838 4.78534117009922 4.26917872163996 4.04146682620056 3.90990511510114 3.77834340400171 3.64678169290229 3.51521998180287 3.38365827070344 3.25209655960402 3.12293701271217 3.000983958443 2.87903090417386 2.75707784990471 2.63512479563554 2.5131717413664 2.39121868709725 2.26926563282808 2.44532154103115 2.72071377005835 2.9961059990856 3.2714982281128 3.54689045714 3.82228268616725 4.09767491519446 4.53168996440018 5.44157347414202 6.35145698388401 7.26134049362585 8.17122400336769 9.08110751310968 9.99099102285152 10.9008745325934 11.2371510982513 11.3822253492143 11.5272996001773 11.6723738511403 11.8174481021033 11.9625223530663 12.1075966040293 12.2257406102286 12.2630938821369 12.3004471540451 12.3378004259533
6.29049599170695 5.77079943815871 5.25110288461056 4.73140633106241 4.21170977751417 3.99815481702485 3.88664705422189 3.77513929141891 3.66363152861595 3.55212376581299 3.44061600301001 3.32910824020705 3.20568474224875 3.04651403882439 2.88734333540006 2.72817263197573 2.56900192855137 2.40983122512704 2.25066052170271 2.09148981827835 2.26695956463615 2.55397612758807 2.84099269054003 3.12800925349195 3.41502581644386 3.70204237939583 3.98905894234775 4.4325051698418 5.34524039096279 6.25797561208394 7.17071083320494 8.08344605432593 8.99618127544708 9.90891649656808 10.8216517176891 11.1617811361949 11.3110419538286 11.4603027714623 11.6095635890961 11.7588244067298 11.9080852243635 12.0573460419973 12.1791669448217 12.2186681032181 12.2581692616145 12.2976704200109
6.46614870230365 5.9746660312017 5.48318336009984 4.99170068899797 4.50021801789602 4.27038751244543 4.12777439554532 3.98516127864518 3.84254816174507 3.69993504484495 3.55732192794482 3.4147088110447 3.25109540894632 3.02448115125301 2.79786689355975 2.57125263586648 2.34463837817318 2.11802412047991 1.89140986278664 1.66479560509334 1.84373080953958 2.1578491680324 2.47196752652529 2.78608588501812 3.10020424351094 3.41432260200383 3.72844096049666 4.19277139306052 5.10773804783799 6.02270470261562 6.9376713573931 7.85263801217057 8.7676046669482 9.68257132172567 10.5975379765032 10.9471529483795 11.1083173592885 11.2694817701975 11.4306461811066 11.5918105920156 11.7529750029246 11.9141394138336 12.045574259758 12.0878204107285 12.1300665616989 12.1723127126694
6.64180141290037 6.17853262424471 5.71526383558914 5.25199504693356 4.7887262582779 4.54262020786602 4.36890173686876 4.19518326587146 4.0214647948742 3.84774632387693 3.67402785287963 3.50030938188237 3.29650607564389 3.00244826368163 2.70839045171943 2.41433263975722 2.12027482779496 1.82621701583275 1.53215920387055 1.23810139190829 1.42050205444296 1.76172220847671 2.10294236251051 2.44416251654425 2.785382670578 3.1266028246118 3.46782297864554 3.95303761627922 4.87023570471317 5.78743379314728 6.70463188158124 7.62182997001519 8.5390280584493 9.45622614688326 10.3734242353172 10.7325247605642 10.9055927647485 11.0786607689327 11.2517287731171 11.4247967773013 11.5978647814856 11.77093278567 11.9119815746943 11.9569727182388 12.0019638617834 12.0469550053279
6.81745412349709 6.38239921728773 5.94734431107844 5.51228940486915 5.07723449865979 4.81485290328662 4.6100290781922 4.40520525309775 4.20038142800333 3.99555760290891 3.79073377781445 3.58590995272003 3.34191674234146 2.98041537611025 2.6189140098791 2.25741264364796 1.89591127741675 1.5344099111856 1.17290854495445 0.811407178723239 0.997273299346353 1.36559524892101 1.73391719849573 2.10223914807039 2.47056109764505 2.83888304721977 3.20720499679443 3.71330383949791 4.63273336158835 5.55216288367894 6.47159240576938 7.39102192785981 8.31045144995041 9.22988097204084 10.1493104941313 10.5178965727488 10.7028681702084 10.887839767668 11.0728113651276 11.2577829625871 11.4427545600467 11.6277261575063 11.7783888896306 11.8261250257492 11.8738611618678 11.9215972979864
6.99310683409379 6.58626581033072 6.17942478656772 5.77258376280472 5.36574273904164 5.08708559870719 4.85115641951562 4.61522724032401 4.37929806113244 4.14336888194087 3.90743970274926 3.67151052355769 3.38732740903903 2.95838248853887 2.52943756803879 2.10049264753871 1.67154772703855 1.24260280653847 0.813657886038383 0.384712965538226 0.574044544249778 0.969468289365349 1.36489203448099 1.76031577959656 2.15573952471213 2.55116326982777 2.94658701494334 3.47357006271663 4.39523101846355 5.31689197421062 6.23855292995754 7.16021388570445 8.08187484145153 9.00353579719844 9.92519675294536 10.3032683849335 10.5001435756683 10.6970187664032 10.8938939571381 11.0907691478729 11.2876443386078 11.4845195293426 11.644796204567 11.6952773332596 11.7457584619522 11.7962395906448
7.16875954469051 6.79013240337373 6.41150526205702 6.0328781207403 5.65425097942352 5.35931829412779 5.09228376083906 4.8252492275503 4.55821469426157 4.29118016097285 4.02414562768408 3.75711109439535 3.4327380757366 2.93634960096749 2.43996112619847 1.94357265142944 1.44718417666033 0.95079570189131 0.454407227122285 -0.041981247646824 0.150815789153167 0.573341329809652 0.99586687046621 1.4183924111227 1.84091795177918 2.26344349243574 2.68596903309223 3.23383628593533 4.15772867533873 5.08162106474228 6.00551345414568 6.92940584354907 7.85329823295263 8.77719062235603 9.70108301175942 10.0886401971181 10.2974189811283 10.5061977651384 10.7149765491485 10.9237553331587 11.1325341171688 11.341312901179 11.5112035195033 11.56442964077 11.6176557620367 11.6708818833033
7.23559023009415 6.87328170670408 6.51097318331407 6.14866465992406 5.78635613653399 5.45297231947389 5.12923007119042 4.8054878229069 4.48174557462344 4.15800332633997 3.83426107805646 3.51051882977299 3.14824232997184 2.6703630756174 2.19248382126304 1.71460456690869 1.23672531255425 0.758846058199895 0.280966803845539 -0.196912450508898 0.020447640120888 0.469554179078879 0.918660718036947 1.36776725699494 1.81687379595293 2.265980334911 2.71508687386899 3.27279243270532 4.15629505117707 5.03979766964896 5.9233002881207 6.80680290659244 7.69030552506433 8.57380814353607 9.45731076200781 9.84753507773081 10.0733332925372 10.2991315073437 10.5249297221502 10.7507279369566 10.976526151763 11.2023243665695 11.3877364900377 11.4519903394911 11.5162441889445 11.5804980383979
7.19359889030465 6.8357137203217 6.47782855033881 6.11994338035592 5.76205821037297 5.3680476747454 4.96199535056961 4.55594302639374 4.14989070221794 3.74383837804215 3.33778605386628 2.93173372969048 2.53384017174462 2.16042291248851 1.78700565323247 1.41358839397643 1.04017113472032 0.66675387546428 0.293336616208239 -0.0800806430478665 0.182940097153078 0.658106837173163 1.13327357719333 1.60844031721341 2.0836070572335 2.55877379725366 3.03394053727375 3.59043850302673 4.39093014597866 5.19142178893073 5.99191343188267 6.7924050748346 7.59289671778667 8.3933883607386 9.19388000369054 9.57995302677155 9.82788650989531 10.0758199930191 10.3237534761429 10.5716869592666 10.8196204423904 11.0675539255142 11.2743951161702 11.357959429423 11.4415237426758 11.5250880559285
7.15160755051516 6.79814573393932 6.44468391736355 6.09122210078778 5.73776028421194 5.28312303001691 4.79476062994878 4.30639822988056 3.81803582981242 3.32967342974428 2.84131102967606 2.35294862960792 1.91943801351734 1.65048274935958 1.38152748520186 1.11257222104414 0.843616956886377 0.574661692728658 0.305706428570939 0.0367511644131747 0.345432554185282 0.846659495267462 1.34788643634973 1.84911337743191 2.35034031851409 2.85156725959636 3.35279420067854 3.90808457334815 4.62556524078028 5.34304590821252 6.06052657564464 6.77800724307676 7.495487910509 8.21296857794112 8.93044924537324 9.31237097581227 9.58243972725336 9.85250847869445 10.1225772301356 10.3926459815767 10.6627147330178 10.9327834844589 11.1610537423028 11.2639285193549 11.3668032964071 11.4696780734592
7.10961621072566 6.76057774755694 6.41153928438829 6.06250082121963 5.71346235805092 5.19819838528842 4.62752590932795 4.05685343336737 3.48618095740689 2.91550848144642 2.34483600548584 1.77416352952536 1.30503585529007 1.14054258623065 0.97604931717125 0.811556048111855 0.647062779052431 0.482569509993035 0.31807624093364 0.153582971874216 0.507925011217486 1.03521215336176 1.56249929550613 2.0897864376504 2.61707357979468 3.14436072193905 3.67164786408332 4.22573064366958 4.86020033558189 5.4946700274943 6.12913971940661 6.76360941131892 7.39807910323133 8.03254879514364 8.66701848705595 9.04478892485299 9.3369929446114 9.62919696436982 9.92140098412829 10.2136050038867 10.5058090236451 10.7980130434036 11.0477123684353 11.1698976092868 11.2920828501383 11.4142680909898
7.06762487093616 6.72300976117457 6.37839465141303 6.03377954165149 5.6891644318899 5.11327374055994 4.46029118870713 3.80730863685421 3.1543260850014 2.50134353314859 1.84836098129567 1.19537842944285 0.690633697062849 0.630602423101757 0.570571149140676 0.510539875179594 0.450508601218502 0.390477327257421 0.330446053296339 0.270414779335247 0.670417468249676 1.22376481145605 1.77711215466251 2.33045949786888 2.88380684107525 3.43715418428171 3.99050152748808 4.54337671399098 5.09483543038349 5.64629414677608 6.19775286316858 6.74921157956108 7.30067029595367 7.85212901234617 8.40358772873867 8.77720687389373 9.09154616196947 9.40588545004522 9.72022473812101 10.0345640261968 10.3489033142725 10.6632426023483 10.9343709945679 11.0758666992187 11.2173624038696 11.3588581085205
7.02563353114666 6.68544177479219 6.34525001843777 6.00505826208335 5.66486650572887 5.02834909583145 4.2930564680863 3.55776384034102 2.82247121259587 2.08717858485072 1.35188595710545 0.616593329360295 0.0762315388355762 0.120662259972825 0.165092981110067 0.209523702247308 0.253954423384557 0.298385144521798 0.34281586565904 0.387246586796289 0.83290992528188 1.41231746955035 1.99172501381891 2.57113255808738 3.15054010235584 3.7299476466244 4.30935519089287 4.86102278431241 5.3294705251851 5.79791826605787 6.26636600693055 6.73481374780324 7.203261488676 7.67170922954869 8.14015697042138 8.50962482293445 8.84609937932752 9.18257393572059 9.51904849211372 9.85552304850679 10.1919976048999 10.528472161293 10.8210296207004 10.9818357891506 11.1426419576009 11.3034481260511
