data/working_set_collections/6091692-Cassins_Sparrow-MC/2010/bio13.asc
NCOLS 265 
NROWS 230 
XLLCORNER -115.5625 
YLLCORNER 24.8333333333333 
CELLSIZE 0.0833333333333333 
NODATA_value -9999 
[rows 140 to 159 of 230, columns 0 to 45 of 265]
23.9969698852964 22.1125065326693 20.2280431800422 18.3435798274148 16.4591164747877 14.5746531221605 12.6901897695331 13.1756781895953 14.4511505338878 15.7266228781805 17.0020952224729 18.2775675667654 19.5530399110581 20.8285122553506 22.1457734637787 23.5884012646144 25.0310290654498 26.4736568662852 27.9162846671209 29.3589124679563 30.8015402687917 32.2441680696274 33.3604535102842 34.3679581642148 35.3754628181455 36.3829674720761 37.3904721260066 38.3979767799374 39.4054814338679 40.3523811234363 41.117465919918 41.8825507163996 42.6476355128813 43.412720309363 44.1778051058446 44.9428899023263 45.707974698808 46.2007116317745 46.6026659435691 47.0046202553639 47.4065745671586 47.8085288789533 48.210483190748 48.6124375025427 49.6222848362383 52.4558112356391
24.847067806456 22.8641389369967 20.8812100675375 18.8982811980779 16.9153523286187 14.9324234591594 12.9494945896998 13.3594875971474 14.5671212302311 15.774754863315 16.9823884963987 18.1900221294824 19.3976557625663 20.60528939565 21.8818055258854 23.3649691475761 24.8481327692665 26.331296390957 27.8144600126477 29.2976236343381 30.7807872560286 32.2639508777193 33.6417494773862 34.9844264030453 36.3271033287046 37.6697802543636 39.0124571800227 40.355134105682 41.6978110313411 42.8985291904869 43.6733710500925 44.4482129096981 45.2230547693036 45.9978966289093 46.7727384885148 47.5475803481203 48.322422207726 48.8121149063107 49.206757884555 49.6014008627994 49.9960438410438 50.3906868192881 50.7853297975325 51.1799727757768 52.1817807409489 55.0050836669068
25.6971657276154 23.6157713413241 21.5343769550327 19.452982568741 17.3715881824496 15.2901937961582 13.2087994098665 13.5432970046995 14.6830919265744 15.8228868484496 16.9626817703245 18.1024766921995 19.2422716140746 20.3820665359496 21.617837587992 23.1415370305378 24.6652364730833 26.1889359156287 27.7126353581745 29.23633480072 30.7600342432654 32.2837336858112 33.9230454444882 35.6008946418757 37.2787438392636 38.9565930366511 40.6344422340386 42.3122914314265 43.990140628814 45.4446772575372 46.2292761802668 47.0138751029963 47.7984740257257 48.5830729484553 49.3676718711847 50.1522707939142 50.9368697166438 51.4235181808467 51.8108498255406 52.1981814702347 52.5855131149287 52.9728447596227 53.3601764043167 53.7475080490107 54.7412766456593 57.5543560981743
26.547263648775 24.3674037456515 22.187543842528 20.0076839394041 17.8278240362806 15.6479641331571 13.4681042300332 13.7271064122516 14.7990626229178 15.8710188335841 16.9429750442503 18.0149312549165 19.0868874655829 20.158843676249 21.3538696500987 22.9181049134995 24.4823401769 26.0465754403005 27.6108107037013 29.1750459671018 30.7392812305023 32.3035164939031 34.2043414115902 36.2173628807062 38.2303843498226 40.2434058189387 42.2564272880547 44.2694487571711 46.2824702262872 47.9908253245878 48.7851813104413 49.5795372962947 50.373893282148 51.1682492680015 51.9626052538549 52.7569612397082 53.5513172255617 54.0349214553829 54.4149417665265 54.7949620776702 55.1749823888139 55.5550026999575 55.9350230111012 56.3150433222448 57.30077255037 60.103628529442
27.2043418486915 24.9473848263426 22.6904278039937 20.4334707816444 18.1765137592955 15.9195567369466 13.6625997145973 13.9302890221276 15.0395271062848 16.1487651904422 17.2580032745994 18.3672413587567 19.4764794429141 20.5857175270713 21.8107781728104 23.3833065032956 24.9558348337805 26.5283631642655 28.1008914947507 29.6734198252356 31.2459481557206 32.8184764862058 34.8464754104609 37.026297865973 39.2061203214854 41.3859427769974 43.5657652325094 45.7455876880218 47.9254101435339 49.7672441588505 50.5951128535798 51.4229815483091 52.2508502430383 53.0787189377676 53.9065876324969 54.7344563272261 55.5623250219555 56.1349080085752 56.6223957591583 57.1098835097416 57.5973712603248 58.084859010908 58.5723467614912 59.0598345120744 60.1381722238319 62.9890598191148
27.6684003273648 25.3557145833972 23.0430288394297 20.7303430954617 18.4176573514942 16.1049716075266 13.7922858635587 14.1528448343274 15.4044853766756 16.6561259190239 17.907766461372 19.1594070037202 20.4110475460685 21.6626880884167 22.9885631561274 24.5371417999264 26.0857204437251 27.6342990875239 29.1828777313229 30.7314563751216 32.2800350189204 33.8286136627194 35.8494474411005 38.0276995976759 40.2059517542517 42.3842039108271 44.5624560674025 46.7407082239783 48.9189603805537 50.7739337603247 51.6590708096819 52.544207859039 53.429344908396 54.3144819577532 55.1996190071102 56.0847560564673 56.9698931058245 57.7234778404232 58.4332118034358 59.1429457664485 59.8526797294612 60.5624136924738 61.2721476554865 61.9818816184991 63.2534756660449 66.2106499671927
28.1324588060381 25.7640443404519 23.3956298748657 21.0272154092791 18.6588009436929 16.2903864781067 13.9219720125201 14.3754006465273 15.7694436470664 17.1634866476057 18.5575296481447 19.9515726486838 21.345615649223 22.7396586497621 24.1663481394445 25.6909770965573 27.2156060536698 28.7402350107824 30.2648639678952 31.7894929250077 33.3141218821203 34.8387508392331 36.8524194717402 39.029101329379 41.2057831870181 43.3824650446569 45.5591469022956 47.7358287599348 49.9125106175735 51.7806233617991 52.7230287657841 53.665434169769 54.6078395737538 55.5502449777388 56.4926503817237 57.4350557857086 58.3774611896936 59.3120476722713 60.2440278477134 61.1760080231557 62.1079881985978 63.0399683740398 63.9719485494821 64.9039287249242 66.3687791082583 69.4322401152709
28.5965172847114 26.1723740975066 23.7482309103017 21.3240877230965 18.8999445358916 16.4758013486867 14.0516581614815 14.5979564587272 16.1344019174572 17.6708473761874 19.2072928349174 20.7437382936473 22.2801837523775 23.8166292111075 25.3441331227616 26.8448123931882 28.3454916636145 29.8461709340409 31.3468502044675 32.8475294748938 34.3482087453202 35.8488880157468 37.8553915023799 40.030503061082 42.2056146197845 44.3807261784867 46.5558377371888 48.7309492958913 50.9060608545934 52.7873129632735 53.7869867218863 54.786660480499 55.7863342391116 56.7860079977245 57.7856817563372 58.7853555149499 59.7850292735627 60.9006175041195 62.054843891991 63.2090702798628 64.3632966677343 65.5175230556059 66.6717494434776 67.8259758313492 69.4840825504716 72.653830263349
29.0605757633847 26.5807038545612 24.1008319457377 21.6209600369138 19.1410881280903 16.6612162192668 14.1813443104429 14.8205122709271 16.499360187848 -9999 -9999 -9999 -9999 24.8935997724528 26.5219181060786 27.998647689819 29.4753772735591 30.9521068572993 32.4288364410397 33.9055660247798 35.38229560852 36.8590251922604 38.8583635330195 41.031904792785 43.2054460525509 45.3789873123164 47.5525285720819 49.7260698318477 51.8996110916132 53.7940025647477 54.8509446779884 55.9078867912289 56.9648289044694 58.02177101771 59.0787131309505 60.135655244191 61.1925973574317 62.4891873359675 63.8656599362685 65.2421325365697 66.6186051368707 67.9950777371717 69.3715503374729 70.7480229377739 72.5993859926847 75.8754204114269
29.524634242058 26.9890336116159 24.4534329811737 21.9178323507311 19.382231720289 16.8466310898468 14.3110304594043 15.043068083127 16.8643184582388 -9999 -9999 -9999 -9999 -9999 27.6997030893957 29.1524829864499 30.6052628835038 32.0580427805578 33.510822677612 34.963602574666 36.4163824717199 37.8691623687741 39.8613355636592 42.033306524488 44.2052774853173 46.3772484461461 48.549219406975 50.7211903678042 52.8931613286331 54.8006921662221 55.9149026340906 57.0291131019589 58.1433235698272 59.2575340376957 60.371744505564 61.4859549734323 62.6001654413008 64.0777571678157 65.6764759805461 67.2751947932768 68.8739136060073 70.4726324187378 72.0713512314685 73.6700700441989 75.714689434898 79.097010559505
29.7765656974583 27.2249244769418 24.6732832564254 22.1216420359084 19.5700008153919 17.0183595948755 14.4667183743585 15.1271435022351 16.8582574129101 -9999 -9999 -9999 -9999 -9999 -9999 -9999 30.1678825378419 31.6593137105306 -9999 -9999 -9999 37.6250384012859 39.6606753349303 41.8777141888934 44.0947530428568 46.3117918968199 48.528830750783 50.7458696047464 52.9629084587095 54.9579824765522 56.287161986033 57.6163414955137 58.9455210049943 60.2747005144752 61.6038800239558 62.9330595334365 64.2622390429174 65.9305200576775 67.7118349075309 69.4931497573846 71.274464607238 73.0557794570913 74.837094306945 76.6184091567984 78.8096333185818 82.230585416157
29.8163701295855 27.2883764505391 24.7603827714926 22.2323890924456 19.7043954133991 17.1764017343527 14.6484080553057 15.0727385282514 16.4811770518618 -9999 -9999 -9999 -9999 -9999 -9999 -9999 -9999 -9999 -9999 -9999 -9999 -9999 38.2563828468321 40.5651277860003 42.8738727251688 45.182617664337 47.4913626035051 49.8001075426736 52.1088524818418 54.2658734957374 55.9677227338154 57.669571971893 59.3714212099706 61.0732704480486 62.7751196861262 64.4769689242039 66.1788181622818 68.0474760055535 69.9717367172233 71.8959974288934 73.8202581405632 75.744518852233 77.6687795639031 79.5930402755729 81.8842176437365 85.2761449813834
29.8561745617128 27.3518284241363 24.8474822865598 22.3431361489828 19.8387900114064 17.3344438738299 14.8300977362529 15.0183335542677 16.1040966908135 -9999 -9999 -9999 -9999 -9999 -9999 -9999 -9999 -9999 -9999 -9999 -9999 -9999 -9999 39.2525413831071 41.6529924074808 44.053443431854 46.4538944562272 48.8543454806009 51.2547965049741 53.5737645149227 55.6482834815977 57.7228024482723 59.797321414947 61.871840381622 63.9463593482966 66.0208783149712 68.0953972816462 70.1644319534295 72.2316385269157 74.2988451004022 76.3660516738884 78.4332582473746 80.5004648208612 82.5676713943474 84.9588019688912 88.3217045466097
29.89597899384 27.4152803977335 24.934581801627 22.45388320552 19.9731846094135 17.492486013307 15.0117874172001 14.963928580284 15.7270163297652 -9999 -9999 -9999 -9999 -9999 -9999 -9999 -9999 -9999 -9999 -9999 -9999 -9999 -9999 -9999 -9999 42.9242691993711 45.4164263089494 47.9085834185282 50.4007405281064 52.8816555341081 55.3288442293801 57.7760329246517 60.2232216199233 62.6704103151953 65.1175990104669 67.5647877057385 70.0119764010105 72.2813879013054 74.4915403366079 76.7016927719109 78.9118452072135 81.121997642516 83.332150077819 85.5423025131216 88.0333862940457 91.3672641118358
29.9357834259672 27.4787323713307 25.0216813166942 22.5646302620572 20.1075792074207 17.6505281527842 15.1934770981473 14.9095236063003 15.3499359687169 -9999 -9999 -9999 -9999 -9999 -9999 -9999 -9999 -9999 -9999 -9999 -9999 -9999 -9999 -9999 -9999 -9999 -9999 -9999 -9999 52.1895465532933 55.0094049771624 57.829263401031 60.6491218248996 63.4689802487687 66.2888386726373 69.1086970965059 71.9285555203749 74.3983438491814 76.7514421463003 79.1045404434197 81.4576387405387 83.8107370376577 86.1638353347771 88.516933631896 91.1079706192004 94.4128236770621
29.9755878580944 27.5421843449279 25.1087808317614 22.6753773185944 20.2419738054279 17.8085702922614 15.3751667790945 14.8551186323166 14.9728556076686 -9999 -9999 -9999 -9999 -9999 -9999 -9999 -9999 -9999 -9999 -9999 -9999 -9999 -9999 -9999 -9999 -9999 -9999 -9999 -9999 51.4974375724786 54.6899657249447 57.8824938774103 61.0750220298759 64.2675501823421 67.4600783348076 70.6526064872732 73.8451346397394 76.5152997970574 79.0113439559928 81.5073881149286 84.003432273864 86.4994764327994 88.9955205917351 91.4915647506705 94.1825549443551 97.4583832422884
29.9869572586486 27.5907053470616 25.1944534354745 22.798201523887 20.4019496123 18.0056977007129 15.6094457891254 14.958318456014 14.8888993157281 14.8194801754421 -9999 -9999 -9999 -9999 -9999 -9999 -9999 -9999 -9999 -9999 -9999 -9999 -9999 -9999 -9999 -9999 -9999 -9999 -9999 50.5742977248292 54.125419033898 57.6765403429662 61.2276616520344 64.7787829611032 68.3299042701714 71.8810255792396 75.4321468883084 78.2370045344028 80.7931076261724 83.3492107179424 85.905313809712 88.4614169014817 91.0175199932517 93.5736230850213 96.2754020267053 99.4142085181337
29.9698916276299 27.6242953777317 25.2786991278336 22.933102877935 20.5875066280369 18.2419103781387 15.8963141282402 15.2191230773926 15.0980670928955 14.9770111083984 -9999 -9999 -9999 -9999 -9999 -9999 -9999 -9999 -9999 -9999 -9999 -9999 -9999 -9999 -9999 -9999 -9999 -9999 -9999 49.4201270103448 53.3157649040219 57.2114027976984 61.1070406913749 65.002678585052 68.8983164787285 72.793954372405 76.6895922660821 79.5634580612176 82.0967331568392 84.6300082524613 87.1632833480828 89.6965584437045 92.2298335393265 94.7631086349481 97.3865118662508 100.280299504598
29.9528259966111 27.6578854084019 25.3629448201926 23.068004231983 20.7730636437738 18.4781230555645 16.1831824673549 15.4799276987712 15.3072348700629 15.1345420413547 -9999 -9999 -9999 -9999 -9999 -9999 -9999 -9999 -9999 -9999 -9999 -9999 -9999 -9999 -9999 -9999 -9999 -9999 -9999 48.2659562958603 52.5061107741458 56.7462652524306 60.9864197307153 65.2265742090008 69.4667286872856 73.7068831655703 77.9470376438558 80.8899115880324 83.400358687506 85.9108057869801 88.4212528864537 90.9316999859273 93.4421470854013 95.9525941848749 98.4976217057962 101.146390491061
29.9357603655924 27.691475439072 25.4471905125517 23.202905586031 20.9586206595106 18.7143357329903 16.4700508064696 15.7407323201497 15.5164026472304 15.292072974311 15.0677433013916 14.8434136284723 -9999 -9999 -9999 -9999 -9999 -9999 -9999 -9999 -9999 -9999 -9999 -9999 -9999 -9999 -9999 -9999 -9999 47.111785581376 51.6964566442698 56.2811277071628 60.8657987700558 65.4504698329496 70.0351408958426 74.6198119587356 79.2044830216294 82.2163651148472 84.7039842181727 87.1916033214988 89.6792224248244 92.16684152815 94.654460631476 97.1420797348016 99.6087315453416 102.012481477525
