data/working_set_collections/6091692-Cassins_Sparrow-MC/2010/bio17.asc
NCOLS 265 
NROWS 230 
XLLCORNER -115.5625 
YLLCORNER 24.8333333333333 
CELLSIZE 0.0833333333333333 
NODATA_value -9999 
[rows 60 to 79 of 230, columns 46 to 91 of 265]
61.088295205435 58.0340285513146 54.9797618971937 51.9254952430733 48.8712285889529 45.816961934832 44.427446174622 43.5928473790491 42.758248583476 41.9236497879031 41.0890509923303 40.2544521967572 39.4198534011843 38.4037497732379 36.8431316481699 35.2825135231021 33.7218953980344 32.1612772729664 30.6006591478986 29.0400410228309 27.4794228977629 28.1312935511269 29.5206604639686 30.9100273768105 32.2993942896522 33.6887612024939 35.0781281153359 36.4674950281776 38.5507350497765 42.7155943976503 46.8804537455233 51.0453130933964 55.2101724412701 59.3750317891432 63.5398911370162 67.70475048489 68.3752358118695 67.8809297985502 67.386623785231 66.8923177719117 66.3980117585925 65.9037057452732 65.409399731954 65.5966771655608 67.828704939948 70.0607327143348
58.2991805076609 55.3721969922395 52.4452134768176 49.5182299613962 46.5912464459748 43.6642629305529 42.43266658783 41.7661993026738 41.0997320175174 40.4332647323612 39.766797447205 39.1003301620486 38.4338628768924 37.5753106753036 36.1405037244164 34.7056967735294 33.2708898226424 31.8360828717552 30.4012759208682 28.9664689699812 27.531662019094 28.2928083419797 29.7859390894568 31.2790698369342 32.7722005844113 34.2653313318884 35.7584620793658 37.2515928268429 39.3645601908355 43.3370374043777 47.3095146179192 51.2819918314606 55.2544690450028 59.2269462585443 63.1994234720857 67.1719006856279 67.8375635147096 67.400954882304 66.9643462498984 66.5277376174928 66.0911289850872 65.6545203526816 65.217911720276 65.4350144068395 67.6132510503131 69.7914876937863
55.5100658098865 52.7103654331641 49.9106650564412 47.1109646797188 44.3112643029964 41.5115639262735 40.437887001038 39.9395512262984 39.4412154515587 38.9428796768191 38.4445439020796 37.9462081273399 37.4478723526003 36.7468715773693 35.4378758006628 34.1288800239566 32.8198842472504 31.5108884705439 30.2018926938377 28.8928969171315 27.5839011404251 28.4543231328326 30.0512177149451 31.6481122970579 33.2450068791704 34.8419014612829 36.4387960433957 38.0356906255082 40.1783853318946 43.9584804111052 47.738575490315 51.5186705695249 55.2987656487355 59.0788607279453 62.8589558071552 66.6390508863658 67.2998912175498 66.9209799660578 66.5420687145658 66.1631574630738 65.7842462115819 65.4053349600899 65.0264237085979 65.2733516481183 67.3977971606782 69.5222426732378
52.7209511121122 50.0485338740888 47.3761166360649 44.7036993980415 42.0312821600181 39.3588649219942 38.4431074142459 38.112903149923 37.7826988856 37.4524946212771 37.1222903569542 36.7920860926312 36.4618818283083 35.9184324794349 34.7352478769093 33.5520632743838 32.3688786718584 31.1856940693327 30.0025094668073 28.8193248642818 27.6361402617562 28.6158379236854 30.3164963404333 32.0171547571816 33.7178131739295 35.4184715906774 37.1191300074257 38.8197884241736 40.9922104729537 44.5799234178326 48.1676363627109 51.7553493075892 55.3430622524681 58.9307751973464 62.5184881422247 66.1062010871036 66.7622189203899 66.4410050498116 66.1197911792332 65.7985773086549 65.4773634380766 65.1561495674982 64.8349356969198 65.1116888893971 67.1823432710434 69.2529976526893
49.9318364143381 47.3867023150137 44.8415682156888 42.2964341163644 39.7513000170399 37.2061659177151 36.448327827454 36.2862550735477 36.1241823196414 35.9621095657351 35.8000368118289 35.6379640579226 35.4758913040163 35.0899933815006 34.0326199531558 32.9752465248111 31.9178730964664 30.8604996681215 29.8031262397768 28.7457528114321 27.6883793830873 28.7773527145382 30.5817749659216 32.3861972173052 34.1906194686886 35.9950417200719 37.7994639714556 39.6038862228389 41.8060356140128 45.20136642456 48.5966972351068 51.9920280456535 55.3873588562008 58.7826896667475 62.1780204772942 65.5733512878415 66.2245466232301 65.9610301335654 65.6975136439007 65.433997154236 65.1704806645712 64.9069641749065 64.6434476852418 64.9500261306758 66.9668893814085 68.9837526321408
47.1427217165637 44.7248707559383 42.3070197953125 39.889168834687 37.4713178740616 35.0534669134358 34.4535482406619 34.4596069971723 34.4656657536827 34.4717245101931 34.4777832667035 34.4838420232139 34.4899007797243 34.2615542835663 33.3299920294022 32.3984297752383 31.4668675210744 30.5353052669103 29.6037430127464 28.6721807585824 27.7406185044184 28.9388675053911 30.8470535914098 32.7552396774289 34.6634257634477 36.5716118494664 38.4797979354855 40.3879840215043 42.6198607550719 45.8228094312875 49.0257581075027 52.2287067837178 55.4316554599334 58.6346041361486 61.8375528123637 65.0405014885794 65.6868743260703 65.4810552173192 65.275236108568 65.069416999817 64.8635978910659 64.6577787823148 64.4519596735637 64.7883633719546 66.7514354917736 68.7145076115923
44.8273004531866 42.5453737258918 40.2634469985966 37.9815202713018 35.699593544007 33.4176668167118 32.9317518870037 33.0445075564915 33.1572632259794 33.2700188954672 33.382774564955 33.4955302344429 33.6082859039307 33.4949635240769 32.7034069961973 31.9118504683178 31.1202939404384 30.3287374125588 29.5371808846793 28.7456243567998 27.9540678289202 29.233712593714 31.2037577893994 33.1738029850851 35.1438481807705 37.1138933764559 39.0839385721416 41.053983767827 43.2875148243367 46.3115034633209 49.3354921023046 52.3594807412882 55.3834693802724 58.4074580192561 61.4314466582398 64.455435297224 65.2737011909485 65.3567261695861 65.4397511482238 65.5227761268614 65.605801105499 65.6888260841367 65.7718510627743 66.293472671508 68.1308841705317 69.968295669555
42.9855726242072 40.8482112248746 38.7108498255417 36.5734884262091 34.4361270268765 32.2987656275436 31.8829387664796 32.0409567515057 32.1989747365317 32.3569927215577 32.5150107065838 32.6730286916098 32.8310466766359 32.7902211030327 32.1528648535412 31.5155086040499 30.8781523545585 30.240796105067 29.6034398555757 28.9660836060843 28.3287273565928 29.661887979507 31.6518875598902 33.6418871402737 35.6318867206569 37.6218863010401 39.6118858814236 41.6018854618068 43.8089978218071 46.66744852066 49.5258992195124 52.3843499183648 55.2428006172177 58.1012513160701 60.9597020149225 63.8181527137754 64.9850272178649 65.5880429903664 66.191058762868 66.7940745353696 67.397090307871 68.0001060803727 68.6031218528742 69.4653540293367 71.1052354176832 72.7451168060295
41.1438447952277 39.1510487238573 37.1582526524866 35.1654565811163 33.1726605097459 31.1798644383752 30.8341256459555 31.0374059465197 31.240686247084 31.4439665476482 31.6472468482124 31.8505271487767 32.0538074493409 32.0854786819884 31.6023227108851 31.1191667397818 30.6360107686786 30.1528547975753 29.669698826472 29.1865428553688 28.7033868842655 30.0900633653001 32.1000173303811 34.1099712954624 36.1199252605434 38.1298792256244 40.1398331907057 42.1497871557867 44.3304808192776 47.0233935779992 49.7163063367203 52.4092190954414 55.102131854163 57.7950446128841 60.4879573716052 63.1808701303268 64.6963532447813 65.8193598111468 66.9423663775124 68.0653729438778 69.1883795102432 70.3113860766088 71.4343926429743 72.6372353871656 74.079586664835 75.5219379425043
39.3021169662481 37.45388622284 35.6056554794315 33.7574247360234 31.9091939926153 30.0609632492069 29.7853125254314 30.0338551415338 30.2823977576363 30.5309403737387 30.7794829898411 31.0280256059435 31.2765682220459 31.3807362609441 31.0517805682289 30.7228248755138 30.3938691827987 30.0649134900835 29.7359577973684 29.4070021046533 29.0780464119381 30.5182387510932 32.548147100872 34.5780554506511 36.6079638004299 38.6378721502087 40.6677804999878 42.6976888497666 44.8519638167481 47.3793386353384 49.9067134539282 52.434088272518 54.9614630911083 57.4888379096981 60.0162127282879 62.5435875468782 64.4076792716977 66.0506766319271 67.6936739921567 69.336671352386 70.9796687126154 72.622666072845 74.2656634330744 75.8091167449945 77.0539379119868 78.298759078979
37.4603891372687 35.7567237218228 34.0530583063766 32.3493928909307 30.6457274754848 28.9420620600386 28.7364994049074 29.030304336548 29.3241092681886 29.6179141998292 29.9117191314698 30.2055240631105 30.4993289947511 30.6759938398999 30.5012384255728 30.3264830112458 30.1517275969188 29.9769721825918 29.8022167682648 29.6274613539378 29.4527059396108 30.9464141368862 32.9962768713628 35.0461396058397 37.0960023403163 39.145865074793 41.1957278092699 43.2455905437465 45.3734468142185 47.7352836926775 50.097120571136 52.4589574495946 54.8207943280535 57.1826312065121 59.5444680849707 61.9063049634296 64.1190052986142 66.2819934527074 68.444981606801 70.6079697608942 72.7709579149874 74.933946069081 77.0969342231742 78.9809981028231 80.0282891591384 81.0755802154535
35.6186613082891 34.0595612208054 32.5004611333215 30.9413610458379 29.3822609583542 27.8231608708703 27.6876862843832 28.026753531562 28.3658207787409 28.7048880259197 29.0439552730985 29.3830225202773 29.7220897674561 29.9712514188556 29.9506962829167 29.9301411469778 29.9095860110389 29.8890308751 29.8684757391612 29.8479206032223 29.8273654672834 31.3745895226792 33.4444066418536 35.5142237610284 37.5840408802028 39.6538579993772 41.723675118552 43.7934922377264 45.894929811689 48.0912287500167 50.2875276883439 52.4838266266712 54.6801255649988 56.8764245033261 59.0727234416534 61.269022379981 63.8303313255306 66.5133102734877 69.1962892214453 71.8792681694024 74.5622471173596 77.2452260653172 79.9282050132743 82.152879460652 83.0026404062902 83.8524013519282
33.5916989167536 32.1616585360639 30.7316181553739 29.3015777746841 27.8715373939943 26.4414970133043 26.3380886554719 26.6768909719256 27.0156932883794 27.3544956048331 27.6932979212868 28.0321002377406 28.3709025541943 28.650847970115 28.7542226844366 28.8575973987581 28.9609721130797 29.0643468274012 29.1677215417228 29.2710962560443 29.3744709703659 30.9114574750263 32.9263145764666 34.9411716779073 36.9560287793476 38.9708858807879 40.9857429822286 43.0006000836689 45.0512142287358 47.2090995046827 49.3669847806293 51.5248700565759 53.6827553325229 55.8406406084695 57.9985258844161 60.156411160363 62.8698138236996 65.7683889494997 68.6669640753003 71.5655392011004 74.4641143269005 77.362689452701 80.2612645785011 82.6325543297662 83.4219879574247 84.2114215850831
31.3795019626623 30.0630156675981 28.7465293725337 27.4300430774694 26.1135567824052 24.7970704873407 24.6877065181734 24.9807166576388 25.2737267971041 25.5667369365695 25.8597470760348 26.1527572155002 26.4457673549655 26.7147834936781 26.9118176301323 27.1088517665866 27.3058859030408 27.5029200394951 27.6999541759493 27.8969883124036 28.0940224488578 29.5570179939269 31.4420006752012 33.3269833564759 35.2119660377502 37.0969487190246 38.9819314002992 40.8669140815735 42.8423000653583 45.0888959566753 47.3354918479919 49.5820877393085 51.8286836306255 54.0752795219421 56.3218754132586 58.5684713045756 61.2374527931211 64.047229480743 66.8570061683655 69.6667828559874 72.4765595436093 75.2863362312317 78.0961129188537 80.4200227101646 81.286331812541 82.1526409149172
29.1673050085709 27.9643727991322 26.7614405896933 25.5585083802546 24.3555761708159 23.152643961377 23.0373243808748 23.2845423433518 23.5317603058287 23.7789782683057 24.0261962307826 24.2734141932596 24.5206321557365 24.7787190172409 25.0694125758279 25.3601061344149 25.6507996930018 25.9414932515888 26.2321868101757 26.5228803687627 26.8135739273497 28.2025785128274 29.9576867739358 31.7127950350444 33.4679032961527 35.223011557261 36.9781198183696 38.7332280794779 40.6333859019807 42.9686924086677 45.3039989153543 47.6393054220409 49.9746119287279 52.3099184354145 54.6452249421011 56.9805314487881 59.6050917625425 62.3260700119863 65.0470482614305 67.7680265108742 70.489004760318 73.2099830097622 75.930961259206 78.2074910905627 79.150675667657 80.0938602447511
26.9551080544794 25.8657299306662 24.7763518068529 23.6869736830397 22.5975955592266 21.5082174354133 21.3869422435762 21.5883680290647 21.7897938145533 21.9912196000419 22.1926453855304 22.394071171019 22.5954969565075 22.8426545408038 23.2270075215235 23.6113605022432 23.9957134829628 24.3800664636825 24.7644194444022 25.1487724251218 25.5331254058415 26.848139031728 28.4733728726703 30.0986067136129 31.7238405545552 33.3490743954975 34.9743082364401 36.5995420773824 38.4244717386031 40.8484888606601 43.2725059827167 45.6965231047733 48.1205402268303 50.5445573488869 52.9685744709435 55.3925915930005 57.9727307319638 60.6049105432294 63.2370903544955 65.8692701657611 68.5014499770267 71.1336297882927 73.7658095995583 75.9949594709609 77.015019522773 78.035079574585
24.7429111003881 23.7670870622005 22.7912630240127 21.8154389858251 20.8396149476374 19.8637909094497 19.7365601062777 19.8921937147779 20.0478273232781 20.2034609317782 20.3590945402784 20.5147281487786 20.6703617572787 20.9065900643669 21.3846024672193 21.8626148700716 22.340627272924 22.8186396757764 23.2966520786287 23.774664481481 24.2526768843335 25.4936995506286 26.9890589714049 28.4844183921815 29.9797778129578 31.4751372337341 32.9704966545107 34.465856075287 36.2155575752256 38.7282853126527 41.2410130500793 43.7537407875059 46.2664685249329 48.7791962623595 51.2919239997861 53.8046517372131 56.3403697013853 58.8837510744728 61.4271324475607 63.9705138206481 66.5138951937355 69.0572765668234 71.6006579399108 73.7824278513592 74.8793633778892 75.9762989044191
22.5307141462966 21.6684441937346 20.8061742411723 19.9439042886102 19.0816343360482 18.2193643834859 18.0861779689791 18.1960194004909 18.3058608320027 18.4157022635144 18.5255436950262 18.635385126538 18.7452265580498 18.9705255879298 19.5421974129149 20.1138692378999 20.685541062885 21.2572128878701 21.8288847128551 22.4005565378402 22.9722283628253 24.1392600695292 25.5047450701395 26.87023007075 28.2357150713603 29.6012000719706 30.9666850725811 32.3321700731914 34.006643411848 36.608081764645 39.2095201174417 41.8109584702383 44.4123968230353 47.0138351758319 49.6152735286285 52.2167118814256 54.7080086708067 57.162591605716 59.6171745406257 62.0717574755349 64.5263404104442 66.9809233453539 69.4355062802632 71.5698962317573 72.7437072330053 73.917518234253
20.8172266085945 20.0311390956246 19.2450515826545 18.4589640696846 17.6728765567147 16.8867890437446 16.7436751683554 16.8148858388266 16.8860965092978 16.957307179769 17.0285178502402 17.0997285207114 17.1709391911826 17.3732652293311 17.9689373705123 18.5646095116934 19.1602816528744 19.7559537940556 20.3516259352367 20.9472980764178 21.5429702175989 22.6585251251856 23.947374288241 25.2362234512965 26.5250726143519 27.8139217774072 29.1027709404628 30.3916201035181 32.008033752441 34.607140858968 37.2062479654946 39.8053550720211 42.4044621785481 45.0035692850747 47.6026763916012 50.2017834981282 52.5472145080566 54.8080868191187 57.0689591301813 59.3298314412435 61.5907037523057 63.8515760633683 66.1124483744305 68.1151170942521 69.3431750403514 70.5712329864505
19.6024484872821 18.855171767871 18.1078950484596 17.3606183290485 16.6133416096373 15.866064890226 15.7090517044069 15.7487930297853 15.7885343551638 15.8282756805422 15.8680170059206 15.907758331299 15.9474996566774 16.1148089885713 16.6648223400118 17.2148356914522 17.7648490428926 18.3148623943331 18.8648757457735 19.4148890972139 19.9649024486544 21.051494717598 22.3169466257095 23.5823985338212 24.8478504419327 26.1133023500443 27.378754258156 28.6442061662675 30.2197285970049 32.7254625956218 35.2311965942382 37.7369305928546 40.2426645914714 42.7483985900879 45.2541325887043 47.7598665873211 49.8579872131349 51.820236714681 53.7824862162276 55.7447357177737 57.7069852193199 59.6692347208664 61.6314842224125 63.4180904388433 64.6777667999274 65.9374431610113
