data/working_set_collections/6091692-Cassins_Sparrow-MC/2010/bio13.asc
NCOLS 265 
NROWS 230 
XLLCORNER -115.5625 
YLLCORNER 24.8333333333333 
CELLSIZE 0.0833333333333333 
NODATA_value -9999 
[rows 140 to 159 of 230, columns 92 to 137 of 265]
65.013285658095 63.5667924669056 62.1202992757165 60.6738060845273 59.227312893338 59.0775547027589 59.3600415123834 59.642528322008 59.9250151316325 60.207501941257 60.4899887508816 60.7724755605062 61.0979640854729 61.5524577564663 62.0069514274596 62.461445098453 62.9159387694464 63.3704324404397 63.8249261114331 64.2794197824265 66.339164702097 68.933993371327 71.5288220405574 74.1236507097874 76.7184793790174 79.3133080482478 81.9081367174778 84.4783629311448 86.9747817781227 89.4712006251011 91.967619472079 94.464038319057 96.9604571660353 99.4568760130133 101.953294859991 102.422865422567 102.21681989034 102.010774358114 101.804728825887 101.59868329366 101.392637761434 101.186592229207 100.535246255663 98.5479989581643 96.5607516606652 94.5735043631664
64.9326707628042 63.2887342664933 61.6447977701826 60.000861273872 58.356924777561 58.2392459869385 58.630319764879 59.0213935428196 59.4124673207601 59.8035410987006 60.1946148766412 60.5856886545817 61.0137123213873 61.5525856547885 62.0914589881896 62.6303323215907 63.1692056549919 63.708078988393 64.2469523217941 64.7858256551953 66.9747532208755 69.7136988639824 72.4526445070898 75.1915901501968 77.9305357933037 80.6694814364111 83.408427079518 86.0779982037007 88.5394457711105 91.0008933385207 93.4623409059305 95.9237884733403 98.3852360407506 100.84668360816 103.30813117557 103.687617365519 103.373116429647 103.058615493774 102.744114557902 102.42961362203 102.115112686157 101.800611750285 101.053420278762 99.008157200284 96.9628941218061 94.9176310433286
64.8520558675135 63.010676066081 61.1692962646488 59.3279164632167 57.4865366617842 57.4009372711182 57.9005980173747 58.4002587636312 58.8999195098877 59.3995802561442 59.8992410024007 60.3989017486572 60.9294605573017 61.5527135531107 62.1759665489196 62.7992195447284 63.4224725405374 64.0457255363463 64.6689785321551 65.2922315279641 67.610341739654 70.4934043566378 73.3764669736221 76.259529590606 79.1425922075899 82.0256548245742 84.9087174415581 87.6776334762565 90.1041097640982 92.5305860519402 94.9570623397819 97.3835386276236 99.8100149154657 102.236491203307 104.662967491149 104.952369308472 104.529412968953 104.106456629435 103.683500289917 103.260543950399 102.837587610881 102.414631271362 101.57159430186 99.4683154424037 97.3650365829471 95.2617577234908
64.7714409722227 62.7326178656687 60.693794759115 58.6549716525613 56.6161485460073 56.5626285552979 57.1708762698703 57.7791239844428 58.3873716990153 58.9956194135877 59.6038671281602 60.2121148427327 60.8452087932161 61.5528414514329 62.2604741096495 62.9681067678662 63.6757394260829 64.3833720842996 65.0910047425162 65.7986374007329 68.2459302584324 71.2731098492932 74.3002894401545 77.3274690310154 80.3546486218762 83.3818282127375 86.4090078035983 89.2772687488124 91.668773757086 94.0602787653599 96.4517837736334 98.8432887819069 101.234793790181 103.626298798454 106.017803806728 106.217121251424 105.68570950826 105.154297765096 104.622886021932 104.091474278768 103.560062535604 103.02865079244 102.089768324958 99.9284736845234 97.767179044088 95.6058844036531
65.5132799466454 63.3434759457907 61.1736719449363 59.003867944082 56.8340639432272 56.7400926907855 57.3380656878151 57.9360386848448 58.5340116818744 59.131984678904 59.7299576759337 60.3279306729633 60.9589223649765 61.6889701419405 62.4190179189045 63.1490656958684 63.8791134728325 64.6091612497964 65.3392090267603 66.0692568037244 68.5173563003535 71.538139703538 74.5589231067231 77.5797065099076 80.6004899130921 83.6212733162772 86.6420567194617 89.4771908866031 91.7553773456145 94.0335638046263 96.3117502636377 98.589936722649 100.868123181661 103.146309640672 105.424496099684 105.556311162313 104.972669092815 104.389027023316 103.805384953817 103.221742884318 102.63810081482 102.054458745321 101.072763400608 98.8969082302526 96.7210530598965 94.5451978895407
67.0775727907819 64.8432503064473 62.6089278221132 60.374605337779 58.1402828534444 57.9333296775815 58.4021662712094 58.8710028648374 59.3398394584654 59.8086760520933 60.2775126457213 60.7463492393492 61.2706012725828 61.9610996246337 62.6515979766844 63.3420963287352 64.032594680786 64.7230930328368 65.4135913848875 66.1040897369384 68.424619865417 71.288493919372 74.1523679733274 77.0162420272823 79.8801160812373 82.7439901351927 85.6078641891476 88.2773998896278 90.3639205296831 92.4504411697387 94.5369618097939 96.6234824498492 98.7100030899048 100.79652372996 102.883044370015 102.969939041138 102.390291722616 101.810644404094 101.230997085572 100.65134976705 100.071702448528 99.4920551300054 98.5205795288095 96.3736190795909 94.2266586303719 92.0796981811532
68.6418656349185 66.3430246671041 64.0441836992901 61.7453427314762 59.4465017636618 59.1265666643776 59.4662668546039 59.8059670448301 60.1456672350564 60.4853674252826 60.8250676155089 61.1647678057352 61.5822801801892 62.2332291073268 62.8841780344644 63.5351269616019 64.1860758887396 64.8370248158772 65.4879737430147 66.1389226701524 68.3318834304805 71.0388481352059 73.7458128399317 76.452777544657 79.1597422493824 81.8667069541082 84.5736716588335 87.0776088926525 88.9724637137516 90.867318534851 92.7621733559501 94.6570281770492 96.5518829981486 98.4467378192477 100.341592640347 100.383566919963 99.8079143524175 99.232261784872 98.6566092173263 98.0809566497808 97.5053040822352 96.9296515146896 95.9683956570104 93.8503299289289 91.7322642008471 89.6141984727656
70.2061584790551 67.8427990277609 65.4794395764671 63.1160801251733 60.7527206738791 60.3198036511737 60.5303674379983 60.7409312248229 60.9514950116474 61.162058798472 61.3726225852966 61.5831863721211 61.8939590877955 62.50535859002 63.1167580922443 63.7281575944687 64.3395570966932 64.9509565989175 65.5623561011419 66.1737556033663 68.239146995544 70.7892023510397 73.339257706536 75.8893130620317 78.4393684175274 80.9894237730236 83.5394791285194 85.8778178956771 87.58100689782 89.2841958999633 90.9873849021062 92.6905739042491 94.3937629063924 96.0969519085353 97.8001409106783 97.7971947987878 97.2255369822189 96.6538791656499 96.0822213490808 95.5105635325118 94.9389057159428 94.3672478993738 93.4162117852113 91.3270407782669 89.2378697713223 87.1486987643779
71.7704513231916 69.3425733884176 66.914695453644 64.4868175188704 62.0589395840963 61.5130406379698 61.5944680213926 61.6758954048155 61.7573227882384 61.8387501716612 61.9201775550841 62.001604938507 62.2056379954018 62.7774880727131 63.3493381500243 63.9211882273354 64.4930383046467 65.0648883819579 65.636738459269 66.2085885365803 68.1464105606075 70.5395565668737 72.9327025731402 75.3258485794064 77.7189945856726 80.1121405919392 82.5052865982053 84.6780268987019 86.1895500818886 87.7010732650757 89.2125964482625 90.7241196314493 92.2356428146363 93.7471659978231 95.2586891810099 95.2108226776128 94.6431596120204 94.075496546428 93.5078334808355 92.9401704152431 92.3725073496507 91.8048442840582 90.8640279134124 88.8037516276052 86.7434753417977 84.6831990559905
73.3347441673282 70.8423477490743 68.3499513308209 65.8575549125675 63.3651584943136 62.7062776247659 62.658568604787 62.6108595848082 62.5631505648294 62.5154415448506 62.4677325248717 62.4200235048929 62.5173169030082 63.0496175554063 63.5819182078042 64.1142188602022 64.6465195126003 65.1788201649983 65.7111208173962 66.2434214697943 68.053674125671 70.2899107827076 72.5261474397445 74.7623840967811 76.9986207538177 79.2348574108546 81.4710940678912 83.4782359017265 84.7980932659571 86.117950630188 87.4378079944186 88.7576653586493 90.0775227228801 91.3973800871108 92.7172374513414 92.6244505564376 92.0607822418218 91.4971139272059 90.93344561259 90.3697772979741 89.8061089833583 89.2424406687423 88.3118440416132 86.2804624769432 84.2490809122728 82.2176993476028
74.9965640068056 72.5287093162536 70.0608546257019 67.5929999351503 65.1251452445982 64.3380378723141 64.1111796061195 63.8843213399248 63.6574630737302 63.4306048075356 63.203746541341 62.9768882751464 62.9152921464706 63.349482430352 63.7836727142333 64.2178629981146 64.652053281996 65.0862435658773 65.5204338497586 65.9546241336399 67.5732492764789 69.5866860389707 71.6001228014629 73.6135595639547 75.6269963264465 77.6404330889386 79.6538698514304 81.4515271928578 82.6018462710913 83.752165349325 84.9024844275584 86.0528035057919 87.2031225840256 88.3534416622591 89.5037607404925 89.4021813074756 88.8833023707081 88.3644234339405 87.8455444971729 87.3266655604053 86.8077866236377 86.2889076868701 85.4219635009776 83.5108235677095 81.599683634441 79.6885437011728
76.7559108416242 74.4016580899556 72.0474053382874 69.6931525866192 67.3388998349507 66.408321380615 65.9523010253904 65.4962806701658 65.0402603149412 64.5842399597167 64.1282196044921 63.6721992492675 63.3995637257892 63.6770826975504 63.9546016693114 64.2321206410725 64.5096396128337 64.7871585845947 65.0646775563558 65.3421965281169 66.7051360130309 68.4298823356627 70.1546286582947 71.8793749809265 73.6041213035583 75.3288676261904 77.0536139488222 78.597900772095 79.6008090972903 80.6037174224857 81.606625747681 82.6095340728763 83.6124423980717 84.615350723267 85.6182590484623 85.5440149307258 85.1107199986783 84.6774250666308 84.2441301345832 83.8108352025357 83.3775402704882 82.9442453384406 82.1943862915048 80.4948348999033 78.7952835083016 77.0957321167
78.5152576764427 76.2746068636576 74.0339560508729 71.7933052380882 69.5526544253031 68.4786048889158 67.7934224446614 67.1082400004068 66.4230575561523 65.7378751118978 65.0526926676432 64.3675102233887 63.8838353051079 64.0046829647488 64.1255306243896 64.2463782840305 64.3672259436713 64.4880736033122 64.6089212629531 64.7297689225939 65.8370227495828 67.2730786323546 68.7091345151266 70.1451903978984 71.5812462806701 73.0173021634421 74.4533580462139 75.7442743513321 76.5997719234892 77.4552694956465 78.3107670678036 79.1662646399606 80.0217622121179 80.877259784275 81.7327573564321 81.685848553976 81.3381376266486 80.9904266993211 80.6427157719936 80.2950048446661 79.9472939173386 79.5995829900111 78.966809082032 77.4788462320972 75.9908833821621 74.5029205322273
80.2746045112611 78.1475556373595 76.0205067634582 73.893457889557 71.7664090156553 70.5488883972165 69.6345438639321 68.7201993306476 67.8058547973632 66.8915102640787 65.9771657307942 65.0628211975098 64.3681068844265 64.3322832319471 64.2964595794677 64.2606359269884 64.224812274509 64.1889886220297 64.1531649695503 64.117341317071 64.9689094861348 66.1162749290466 67.2636403719586 68.4110058148704 69.5583712577821 70.7057367006941 71.8531021436059 72.8906479305695 73.5987347496884 74.3068215688075 75.0149083879264 75.7229952070453 76.4310820261643 77.1391688452833 77.8472556644022 77.8276821772265 77.5655552546191 77.3034283320117 77.0413014094042 76.7791744867968 76.5170475641894 76.2549206415819 75.7392318725595 74.4628575642913 73.1864832560229 71.9101089477547
82.0339513460797 80.0205044110615 78.0070574760437 75.9936105410259 73.9801636060077 72.6191719055174 71.4756652832031 70.3321586608885 69.1886520385742 68.0451454162598 66.9016387939453 65.7581321716309 64.8523784637451 64.6598834991455 64.4673885345459 64.2748935699463 64.0823986053467 63.8899036407471 63.6974086761476 63.504913711548 64.1007962226868 64.9594712257385 65.8181462287904 66.6768212318422 67.535496234894 68.3941712379459 69.2528462409976 70.0370215098067 70.5976975758874 71.1583736419682 71.7190497080489 72.2797257741297 72.8404018402105 73.4010779062912 73.9617539723719 73.9695158004768 73.7929728825894 73.616429964702 73.4398870468146 73.2633441289272 73.0868012110399 72.9102582931525 72.5116546630867 71.4468688964852 70.3820831298835 69.3172973632819
83.7932981808982 81.8934531847635 79.9936081886292 78.0937631924948 76.1939181963602 74.6894554138183 73.316786702474 71.9441179911295 70.5714492797852 69.1987805684409 67.8261118570964 66.4534431457521 65.3366500430637 64.9874837663438 64.6383174896241 64.2891512129043 63.9399849361844 63.5908186594646 63.2416523827448 62.892486106025 63.2326829592387 63.8026675224305 64.3726520856223 64.942636648814 65.5126212120058 66.0826057751976 66.6525903383893 67.1833950890438 67.5966604020864 68.0099257151289 68.4231910281715 68.836456341214 69.2497216542566 69.6629869672991 70.0762522803417 70.111349423727 70.0203905105597 69.9294315973923 69.838472684225 69.7475137710577 69.6565548578903 69.565595944723 69.284077453614 68.4308802286791 67.577683003744 66.7244857788092
86.0962755627101 84.1897167417735 82.2831579208372 80.3765990999009 78.4700402789643 76.8544179280597 75.335774400499 73.8171308729381 72.2984873453775 70.7798438178168 69.2612002902559 67.7425567626952 66.4658132341171 65.9147697024873 65.3637261708576 64.8126826392279 64.2616391075981 63.7105955759684 63.1595520443387 62.6085085127089 62.7305946350097 63.0770573086209 63.423519982232 63.7699826558432 64.1164453294543 64.4629080030655 64.8093706766766 65.1449613253277 65.4479358990989 65.7509104728701 66.0538850466412 66.3568596204124 66.6598341941836 66.9628087679548 67.2657833417259 67.315214188894 67.2801304605275 67.2450467321611 67.2099630037947 67.1748792754283 67.1397955470618 67.1047118186954 66.9108555157984 66.2406814893091 65.5705074628198 64.9003334363305
88.9428834915161 86.9092950820921 84.8757066726684 82.8421182632447 80.8085298538206 79.1140594482421 77.5326283772786 75.9511973063149 74.3697662353515 72.788335164388 71.2069040934243 69.6254730224609 68.2398680369058 67.4417413075763 66.643614578247 65.8454878489177 65.0473611195882 64.2492343902588 63.4511076609295 62.6529809316 62.59453125 62.7826405843099 62.9707499186198 63.1588592529298 63.3469685872397 63.5350779215496 63.7231872558595 63.9217202186586 64.1515240669252 64.3813279151918 64.6111317634584 64.8409356117251 65.0707394599917 65.3005433082583 65.5303471565249 65.5811100959781 65.5721927324934 65.5632753690087 65.554358005524 65.5454406420393 65.5365232785546 65.5276059150698 65.3919888496403 64.8762726783756 64.3605565071109 63.8448403358462
91.7894914203221 89.6288734224106 87.4682554244995 85.3076374265884 83.1470194286769 81.3737009684244 79.7294823540582 78.0852637396917 76.4410451253255 74.7968265109593 73.1526078965928 71.5083892822266 70.0139228396945 68.9687129126654 67.9235029856364 66.8782930586074 65.8330831315782 64.7878732045493 63.7426632775203 62.6974533504911 62.4584678649902 62.488223859999 62.5179798550077 62.5477358500164 62.5774918450251 62.6072478400338 62.6370038350425 62.6984791119895 62.8551122347515 63.0117453575136 63.1683784802756 63.3250116030377 63.4816447257998 63.6382778485618 63.7949109713239 63.8470060030622 63.8642550044592 63.8815040058562 63.8987530072532 63.9160020086503 63.9332510100473 63.9505000114443 63.8731221834821 63.5118638674421 63.150605551402 62.789347235362
94.6360993491278 92.3484517627289 90.0608041763304 87.7731565899319 85.485509003533 83.6333424886066 81.9263363308376 80.2193301730683 78.5123240152994 76.8053178575304 75.0983116997611 73.3913055419921 71.7879776424831 70.4956845177543 69.2033913930257 67.9110982682971 66.6188051435682 65.3265120188396 64.034218894111 62.7419257693822 62.3224044799805 62.193807135688 62.0652097913955 61.936612447103 61.8080151028105 61.679417758518 61.5508204142255 61.4752380053204 61.558700402578 61.6421627998355 61.725625197093 61.8090875943505 61.892549991608 61.9760123888655 62.059474786123 62.1129019101464 62.1563172764252 62.1997326427039 62.2431480089827 62.2865633752614 62.3299787415402 62.3733941078189 62.3542555173242 62.1474550565087 61.9406545956932 61.7338541348778
