data/working_set_collections/6091692-Cassins_Sparrow-MC/2010/bio17.asc
NCOLS 265 
NROWS 230 
XLLCORNER -115.5625 
YLLCORNER 24.8333333333333 
CELLSIZE 0.0833333333333333 
NODATA_value -9999 
[rows 120 to 139 of 230, columns 184 to 229 of 265]
48.6646417617797 49.1942656834919 49.7238896052041 50.8197734196979 52.1044105317855 53.3890476438731 54.6736847559609 55.9583218680485 57.242958980136 58.5275960922239 60.1326270103448 62.698839346567 65.2650516827896 67.8312640190117 70.3974763552339 72.9636886914565 75.5299010276786 78.0961133639008 79.768081092834 81.1419672860034 82.5158534791728 83.8897396723425 85.2636258655119 86.6375120586813 88.0113982518509 89.8879102071116 93.2722994486479 96.6566886901847 100.041077931721 103.425467173257 106.809856414794 110.19424565633 113.578634897867 117.473535664875 121.538606940374 125.603678215873 129.668749491373 133.733820766872 137.798892042371 141.86396331787 145.686941485934 148.783640331691 151.880339177449 154.977038023206 158.073736868964 161.170435714721
48.3860609054565 48.9479754765828 49.509890047709 50.6823717117307 52.058375740051 53.4343797683712 54.8103837966916 56.1863878250119 57.5623918533321 58.9383958816525 60.6675903002414 63.4563558896373 66.2451214790338 69.0338870684297 71.8226526578257 74.6114182472221 77.4001838366181 80.1889494260141 81.8927762985224 83.2349569320672 84.577137565612 85.9193181991571 87.261498832702 88.6036794662468 89.9458600997919 91.8171180725086 95.2756080627428 98.7340980529776 102.192588043212 105.651078033446 109.109568023681 112.568058013915 116.026548004149 119.623829650878 123.267375183104 126.910920715331 130.554466247558 134.198011779784 137.841557312011 141.485102844238 144.935985183715 147.808877944946 150.681770706176 153.554663467407 156.427556228637 159.300448989868
48.1074800491332 48.7016852696736 49.2958904902139 50.5449700037636 52.0123409483165 53.4797118928693 54.9470828374224 56.4144537819753 57.8818247265281 59.3491956710812 61.202553590138 64.2138724327078 67.2251912752781 70.2365101178479 73.2478289604176 76.2591478029879 79.2704666455577 82.2817854881275 84.0174715042109 85.3279465781312 86.6384216520515 87.948896725972 89.2593717998923 90.5698468738126 91.880321947733 93.7463259379058 97.2789166768379 100.811507415771 104.344098154703 107.876688893635 111.409279632567 114.9418703715 118.474461110432 121.774123636881 124.996143425835 128.218163214788 131.440183003743 134.662202792697 137.884222581651 141.106242370605 144.185028881496 146.8341155582 149.483202234904 152.132288911607 154.781375588311 157.430462265014
47.82889919281 48.4553950627644 49.0818909327188 50.4075682957965 51.966306156582 53.5250440173674 55.0837818781532 56.6425197389387 58.2012575997242 59.7599954605099 61.7375168800346 64.9713889757782 68.2052610715224 71.439133167266 74.6730052630096 77.9068773587537 81.1407494544973 84.374621550241 86.1421667098994 87.4209362241952 88.6997057384909 89.9784752527868 91.2572447670825 92.5360142813783 93.8147837956742 95.675533803303 99.282225290933 102.888916778564 106.495608266194 110.102299753824 113.708991241454 117.315682729084 120.922374216714 123.924417622883 126.724911668565 129.525405714246 132.325899759928 135.126393805609 137.92688785129 140.727381896972 143.434072579277 145.859353171454 148.284633763631 150.709914355807 153.135194947984 155.560475540161
47.5503183364867 48.2091048558552 48.8678913752236 50.2701665878293 51.9202713648475 53.5703761418656 55.220480918884 56.8705856959021 58.5206904729202 60.1707952499386 62.2724801699312 65.7289055188486 69.1853308677666 72.641756216684 76.0981815656014 79.5546069145194 83.0110322634368 86.4674576123542 88.2668619155878 89.513925870259 90.7609898249301 92.0080537796015 93.2551177342727 94.5021816889438 95.7492456436152 97.6047416687 101.285533905028 104.966326141356 108.647118377684 112.327910614012 116.008702850341 119.689495086669 123.370287322997 126.074711608886 128.453679911295 130.832648213704 133.211616516113 135.590584818522 137.96955312093 140.348521423339 142.683116277059 144.884590784708 147.086065292358 149.287539800008 151.489014307658 153.690488815308
47.2717374801635 47.962814648946 48.6538918177285 50.1327648798622 51.874236573113 53.6157082663637 55.3571799596147 57.0986516528655 58.8401233461163 60.5815950393673 62.8074434598278 66.486422061919 70.1654006640109 73.8443792661021 77.5233578681933 81.2023364702852 84.8813150723764 88.5602936744676 90.3915571212763 91.6069155163229 92.8222739113695 94.0376323064163 95.2529907014629 96.4683490965095 97.6837074915563 99.5339495340972 103.288842519123 107.043735504149 110.798628489175 114.553521474201 118.308414459228 122.063307444253 125.818200429279 128.225005594889 130.182448154025 132.139890713161 134.097333272298 136.054775831434 138.01221839057 139.969660949707 141.93215997484 143.909828397962 145.887496821085 147.865165244208 149.842833667331 151.820502090454
47.3218562444049 48.0887556076048 48.8556549708046 50.4513725598649 52.3233628908788 54.1953532218927 56.0673435529068 57.9393338839207 59.8113242149346 61.6833145459488 64.0443719969845 67.8726308080872 71.7008896191906 75.5291484302933 79.3574072413961 83.1856660524995 87.0139248636022 90.842183674705 92.6612043380733 93.8104789521954 94.9597535663175 96.1090281804398 97.258302794562 98.4075774086841 99.5568520228064 101.368520948621 105.167372809515 108.966224670409 112.765076531303 116.563928392197 120.362780253092 124.161632113985 127.960483974879 130.081631215413 131.643543582492 133.205455949571 134.76736831665 136.329280683729 137.891193050808 139.453105417887 141.095912297566 142.981402715047 144.866893132527 146.752383550008 148.637873967488 150.523364384969
47.7006746292112 48.5869277318316 49.473180834452 51.2259896278377 53.2676503181451 55.3093110084526 57.3509716987604 59.3926323890679 61.4342930793754 63.4759537696832 65.9832657814014 69.8875317573533 73.7917977333059 77.6960637092578 81.6003296852097 85.5045956611623 89.4088616371142 93.3131276130661 95.0758035659784 96.1246161778762 97.1734287897739 98.2222414016718 99.2710540135696 100.319866625467 101.368679237365 103.108455912271 106.921124776203 110.733793640136 114.546462504068 118.359131368 122.171800231933 125.984469095865 129.797137959797 131.644588470459 132.836966196695 134.029343922932 135.22172164917 136.414099375407 137.606477101644 138.798854827881 140.174373245239 142.099313735962 144.024254226684 145.949194717407 147.874135208129 149.799075698852
48.0794930140175 49.0850998560584 50.0907066980994 52.0006066958105 54.2119377454116 56.4232687950126 58.6345998446141 60.8459308942152 63.0572619438163 65.2685929934177 67.9221595658185 71.9024327066195 75.8827058474213 79.8629789882224 83.8432521290235 87.8235252698252 91.8037984106263 95.7840715514274 97.4904027938838 98.4387534035571 99.3871040132305 100.335454622904 101.283805232577 102.232155842251 103.180506451924 104.848390875921 108.674876742891 112.501362609862 116.327848476833 120.154334343803 123.980820210774 127.807306077744 131.633791944714 133.207545725504 134.030388810899 134.853231896294 135.676074981689 136.498918067084 137.321761152479 138.144604237874 139.252834192911 141.217224756876 143.181615320841 145.146005884806 147.110396448771 149.074787012736
48.4583113988238 49.5832719802853 50.7082325617468 52.7752237637833 55.156225172678 57.5372265815727 59.9182279904678 62.2992293993625 64.6802308082572 67.0612322171523 69.8610533502355 73.9173336558858 77.9736139615368 82.029894267187 86.0861745728373 90.1424548784882 94.1987351841385 98.2550154897887 99.9050020217891 100.752890629238 101.600779236687 102.448667844136 103.296556451585 104.144445059034 104.992333666483 106.588325839571 110.42862870958 114.268931579589 118.109234449597 121.949537319606 125.789840189615 129.630143059623 133.470445929632 134.77050298055 135.223811425103 135.677119869656 136.130428314209 136.583736758762 137.037045203315 137.490353647868 138.331295140584 140.335135777791 142.338976414998 144.342817052205 146.346657689412 148.350498326619
48.8371297836301 50.0814441045122 51.3257584253942 53.549840831756 56.1005125999443 58.6511843681326 61.2018561363214 63.7525279045097 66.303199672698 68.8538714408867 71.7999471346525 75.9322346051519 80.064522075652 84.1968095461514 88.3290970166509 92.461384487151 96.5936719576504 100.72595942815 102.319601249694 103.067027854919 103.814454460143 104.561881065368 105.309307670593 106.056734275817 106.804160881042 108.328260803221 112.182380676268 116.036500549315 119.890620422362 123.744740295409 127.598860168456 131.452980041503 135.307099914549 136.333460235595 136.417234039306 136.501007843017 136.584781646728 136.668555450439 136.75232925415 136.836103057861 137.409756088257 139.453046798706 141.496337509155 143.539628219604 145.582918930053 147.626209640503
49.2159481684364 50.579616228739 51.9432842890417 54.3244578997288 57.0448000272108 59.7651421546927 62.4854842821751 65.205826409657 67.9261685371389 70.6465106646213 73.7388409190695 77.9471355544181 82.1554301897675 86.3637248251161 90.5720194604647 94.780314095814 98.9886087311626 103.196903366511 104.7342004776 105.3811650806 106.0281296836 106.6750942866 107.322058889601 107.969023492601 108.615988095601 110.068195766872 113.936132642957 117.804069519042 121.672006395127 125.539943271212 129.407880147297 133.275817023382 137.143753899467 137.896417490641 137.61065665351 137.324895816379 137.039134979248 136.753374142117 136.467613304986 136.181852467855 136.488217035929 138.57095781962 140.653698603312 142.736439387003 144.819180170695 146.901920954386
49.7388453483578 51.2510500484038 52.7632547484498 55.2660914103184 58.0991387261277 60.932186041937 63.7652333577468 66.5982806735561 69.4313279893654 72.2643753051751 75.441402308145 79.6503683725979 83.8593344370515 88.0683005015044 92.2772665659573 96.486232630411 100.695198694864 104.904164759317 106.389511934916 106.966986147562 107.544460360209 108.121934572855 108.699408785502 109.276882998148 109.854357210795 111.247888098822 115.089589012993 118.931289927164 122.772990841335 126.614691755506 130.456392669677 134.298093583848 138.139794498019 138.775324630737 138.342131169637 137.908937708537 137.475744247437 137.042550786336 136.609357325236 136.176163864136 136.374311489529 138.466482374403 140.558653259277 142.650824144151 144.742995029025 146.835165913899
50.4058213233944 52.0957455635066 53.7856698036187 56.3747413635247 59.2635286966951 62.1523160298655 65.0411033630364 67.9298906962068 70.8186780293772 73.7074653625481 76.9076313018787 81.041933059691 85.176234817504 89.3105365753162 93.4448383331285 97.5791400909415 101.713441848754 105.847743606566 107.285535621643 107.824491055806 108.36344648997 108.902401924133 109.441357358296 109.98031279246 110.519268226623 111.867337799071 115.642749786376 119.418161773681 123.193573760985 126.96898574829 130.744397735595 134.519809722899 138.295221710204 138.970181655884 138.611657587687 138.253133519491 137.894609451294 137.536085383097 137.177561314901 136.819037246704 137.068039449055 139.139620463053 141.21120147705 143.282782491048 145.354363505045 147.425944519043
51.072797298431 52.9404410786094 54.8080848587877 57.4833913167311 60.4279186672626 63.3724460177941 66.3169733683261 69.2615007188576 72.2060280693892 75.1505554199212 78.3738602956125 82.4334977467841 86.4931351979565 90.5527726491281 94.6124101002998 98.6720475514721 102.731685002644 106.791322453815 108.18155930837 108.68199596405 109.18243261973 109.682869275411 110.183305931091 110.683742586771 111.184179242452 112.486787499321 116.195910559759 119.905033620198 123.614156680636 127.323279741074 131.032402801513 134.741525861951 138.450648922389 139.16503868103 138.881184005737 138.597329330444 138.313474655151 138.029619979858 137.745765304565 137.461910629272 137.761767408582 139.812758551703 141.863749694824 143.914740837944 145.965731981065 148.016723124186
51.7397732734676 53.7851365937121 55.8304999139567 58.5920412699375 61.5923086378301 64.5925760057227 67.5928433736159 70.5931107415085 73.5933781094011 76.5936454772942 79.8400892893463 83.8250624338773 87.810035578409 91.79500872294 95.7799818674711 99.7649550120028 103.749928156534 107.734901301065 109.077582995097 109.539500872294 110.001418749491 110.463336626688 110.925254503886 111.387172381083 111.84909025828 113.10623719957 116.749071333142 120.391905466715 124.034739600287 127.677573733859 131.320407867431 134.963242001003 138.606076134575 139.359895706177 139.150710423787 138.941525141398 138.732339859009 138.523154576619 138.31396929423 138.104784011841 138.455495368109 140.485896640353 142.516297912597 144.546699184841 146.577100457085 148.607501729329
52.4067492485041 54.6298321088149 56.8529149691256 59.7006912231438 62.7566986083975 65.8127059936513 68.8687133789055 71.9247207641592 74.980728149413 78.0367355346672 81.3063182830799 85.2166271209703 89.1269359588614 93.0372447967518 96.9475536346422 100.857862472533 104.768171310424 108.678480148314 109.973606681823 110.397005780538 110.820404879252 111.243803977966 111.66720307668 112.090602175394 112.514001274109 113.72568689982 117.302232106526 120.878777313232 124.455322519937 128.031867726643 131.608412933349 135.184958140054 138.76150334676 139.554752731323 139.420236841838 139.285720952352 139.151205062866 139.01668917338 138.882173283895 138.747657394409 139.149223327636 141.159034729003 143.168846130371 145.178657531738 147.188468933105 149.198280334472
53.0737252235408 55.4745276239177 57.8753300242946 60.8093411763502 63.9210885789651 67.0328359815799 70.1445833841953 73.2563307868101 76.3680781894249 79.4798255920403 82.7725472768137 86.6081918080635 90.4438363393139 94.2794808705637 98.1151254018135 101.950769933064 105.786414464314 109.622058995564 110.86963036855 111.254510688782 111.639391009013 112.024271329244 112.409151649475 112.794031969706 113.178912289937 114.34513660007 117.855392879909 121.365649159749 124.875905439588 128.386161719427 131.896417999267 135.406674279106 138.916930558945 139.74960975647 139.689763259888 139.629916763306 139.570070266724 139.510223770142 139.45037727356 139.390530776977 139.842951287163 141.832172817653 143.821394348144 145.810615878634 147.799837409125 149.789058939615
53.5782829284663 56.0829166836203 58.5875504387742 61.5537074406936 64.6737055248677 67.7937036090418 70.9137016932164 74.0336997773905 77.1536978615646 80.2736959457392 83.5552987416577 87.3217156728098 91.0881326039626 94.8545495351147 98.6209664662669 102.38738339742 106.153800328572 109.920217259724 111.126068369547 111.478397538927 111.830726708306 112.183055877686 112.535385047065 112.887714216444 113.240043385824 114.371755811902 117.841618008083 121.311480204264 124.781342400444 128.251204596625 131.721066792805 135.190928988986 138.660791185166 139.632140096029 139.770651245117 139.909162394206 140.047673543294 140.186184692383 140.324695841471 140.46320699056 141.050018395317 142.981730567084 144.91344273885 146.845154910617 148.776867082383 150.70857925415
53.9204223632808 56.4549992879225 58.9895762125643 61.9337900161737 65.0145494461052 68.0953088760367 71.1760683059687 74.2568277359001 77.3375871658316 80.4183465957636 83.6545726776115 87.3571987152089 91.059824752807 94.7624507904044 98.4650768280019 102.1677028656 105.870328903197 109.572954940795 110.742920684814 111.068666330973 111.394411977132 111.720157623291 112.04590326945 112.371648915609 112.697394561768 113.805544535318 117.260907491047 120.716270446777 124.171633402506 127.626996358235 131.082359313964 134.537722269693 137.993085225422 139.20234375 139.662900797526 140.123457845052 140.584014892578 141.044571940104 141.50512898763 141.965686035156 142.770424652099 144.607707977294 146.44499130249 148.282274627685 150.11955795288 151.956841278076
