data/working_set_collections/6091692-Cassins_Sparrow-MC/2010/bio19.asc
NCOLS 265 
NROWS 230 
XLLCORNER -115.5625 
YLLCORNER 24.8333333333333 
CELLSIZE 0.0833333333333333 
NODATA_value -9999 
[rows 160 to 179 of 230, columns 0 to 45 of 265]
71.1984817186999 65.367755985261 59.5370302518222 53.7063045183824 47.8755787849436 42.0448530515047 36.2141273180649 34.1085817813874 33.2447629769644 32.3809441725413 31.5171253681184 30.6533065636954 -9999 -9999 -9999 -9999 -9999 -9999 -9999 -9999 -9999 -9999 -9999 -9999 -9999 -9999 -9999 -9999 -9999 34.8577325503031 35.1765449841818 35.4953574180603 35.8141698519389 36.1329822858175 36.4517947196961 36.7706071535746 37.0894195874533 37.3731580734253 37.6452052434286 37.9172524134319 38.1892995834351 38.4613467534383 38.7333939234416 39.0054410934449 39.1329100926719 38.8266445795696
70.8907917340603 65.2275635083526 59.5643352826449 53.9011070569362 48.2378788312285 42.5746506055208 36.9114223798121 34.7968822002411 33.8652380360499 32.9335938718584 32.0019497076671 31.0703055434758 -9999 -9999 -9999 -9999 -9999 -9999 -9999 -9999 -9999 -9999 -9999 -9999 -9999 -9999 -9999 -9999 -9999 -9999 34.7358540958829 35.0453404426575 35.3548267894321 35.6643131362068 35.9737994829814 36.283285829756 36.5927721765307 36.8721757888794 37.1415518230862 37.4109278572931 37.6803038914999 37.9496799257067 38.2190559599135 38.4884319941203 38.5862039989897 38.1691639158462
70.0068538453853 64.6118176142386 59.2167813830919 53.8217451519443 48.4267089207976 43.0316726896509 37.6366364585033 35.4953545252482 34.4386573579578 33.3819601906671 32.3252630233766 31.2685658560861 -9999 -9999 -9999 -9999 -9999 -9999 -9999 -9999 -9999 -9999 -9999 -9999 -9999 -9999 -9999 -9999 -9999 -9999 -9999 34.4655807177227 34.7953600671557 35.1251394165888 35.4549187660218 35.7846981154548 36.1144774648879 36.3786278088888 36.6209018177457 36.8631758266026 37.1054498354595 37.3477238443163 37.5899978531733 37.8322718620301 37.8886820740173 37.3875008953945
68.5466680526742 63.5205183029185 58.4943685531629 53.4682188034064 48.4420690536508 43.4159193038951 38.3897695541386 36.2039987564088 34.9650209426882 33.7260431289674 32.4870653152468 31.2480875015262 -9999 -9999 -9999 -9999 -9999 -9999 -9999 -9999 -9999 -9999 -9999 -9999 -9999 -9999 -9999 -9999 -9999 -9999 -9999 -9999 34.1357696851095 34.5154611269634 34.8951525688172 35.274844010671 35.6545354525249 35.8925141334534 36.0832552274069 36.2739963213604 36.4647374153138 36.6554785092672 36.8462196032207 37.0369606971742 37.0403443177544 36.4816555182141
67.086482259963 62.4292189915984 57.7719557232339 53.1146924548685 48.4574291865039 43.8001659181393 39.1429026497739 36.9126429875693 35.4913845274186 34.0701260672676 32.6488676071169 31.2276091469662 -9999 -9999 -9999 -9999 -9999 -9999 -9999 -9999 -9999 -9999 -9999 -9999 -9999 -9999 -9999 -9999 -9999 -9999 -9999 -9999 33.4761793030633 33.905782837338 34.3353863716126 34.7649899058871 35.1945934401618 35.406400458018 35.5456086370681 35.6848168161181 35.8240249951681 35.9632331742181 36.1024413532682 36.2416495323182 36.1920065614915 35.5758101410338
65.626296467252 61.3379196802785 57.0495428933049 52.7611661063306 48.472789319357 44.1844125323834 39.8960357454091 37.6212872187298 36.017748112149 34.4142090055679 32.8106698989871 31.2071307924062 -9999 -9999 -9999 -9999 -9999 -9999 -9999 -9999 -9999 -9999 -9999 -9999 -9999 -9999 -9999 -9999 -9999 -9999 -9999 -9999 32.8165889210171 33.2961045477126 33.775620174408 34.2551358011034 34.7346514277988 34.9202867825827 35.0079620467293 35.0956373108759 35.1833125750225 35.2709878391691 35.3586631033157 35.4463383674623 35.3436688052287 34.6699647638535
64.1661106745409 60.2466203689584 56.3271300633759 52.4076397577927 48.4881494522101 44.5686591466276 40.6491688410444 38.3299314498903 36.5441116968794 34.7582919438681 32.9724721908572 31.1866524378463 -9999 -9999 -9999 -9999 -9999 -9999 -9999 -9999 -9999 -9999 -9999 -9999 -9999 -9999 -9999 -9999 -9999 -9999 -9999 -9999 32.1569985389709 32.6864262580872 33.2158539772034 33.7452816963195 34.2747094154358 34.4341731071473 34.4703154563905 34.5064578056336 34.5426001548768 34.57874250412 34.6148848533632 34.6510272026063 34.4953310489658 33.7641193866732
62.7059248818298 59.1553210576383 55.6047172334468 52.0541134092547 48.5035095850633 44.9529057608718 41.4023019366797 39.0385756810509 37.0704752816098 35.1023748821684 33.1342744827274 31.1661740832863 -9999 -9999 -9999 -9999 -9999 -9999 -9999 -9999 -9999 -9999 -9999 -9999 -9999 -9999 -9999 -9999 -9999 -9999 -9999 -9999 31.4974081569247 32.0767479684618 32.6560877799988 33.2354275915357 33.8147674030728 33.9480594317119 33.9326688660516 33.9172783003914 33.9018877347311 33.8864971690709 33.8711066034106 33.8557160377504 33.6469932927029 32.8582740094929
58.3914359410621 55.4973698298154 52.6033037185686 49.7092376073213 46.8151714960746 43.9211053848278 41.0270392735805 38.8146126588191 36.829399209553 34.8441857602865 32.8589723110204 30.8737588617542 28.8885454124878 -9999 -9999 -9999 -9999 -9999 -9999 -9999 -9999 -9999 -9999 -9999 -9999 -9999 -9999 -9999 -9999 -9999 -9999 -9999 -9999 30.9731019867793 31.6473501523338 32.3215983178882 32.9958464834427 33.1261289119723 33.0750894281602 33.024049944348 32.9730104605359 32.9219709767238 32.8709314929117 32.8198920090996 32.5892652617565 31.8198767238196
51.2226438522353 49.2727666854872 47.3228895187391 45.3730123519907 43.4231351852426 41.4732580184945 39.5233808517461 37.6580423831945 35.8208834807084 33.983724578222 32.1465656757359 30.3094067732498 28.4722478707634 26.6350889682773 25.0378405570986 -9999 -9999 -9999 -9999 -9999 -9999 -9999 -9999 -9999 -9999 -9999 -9999 -9999 -9999 -9999 -9999 -9999 -9999 -9999 30.1896410942079 31.0037938753764 31.8179466565451 31.9683815479281 31.8975771427157 31.8267727375033 31.7559683322909 31.6851639270785 31.6143595218661 31.5435551166537 31.3221469561263 30.6489275296532
44.0538517634085 43.0481635411591 42.0424753189097 41.0367870966601 40.0310988744106 39.0254106521612 38.0197224299116 36.5014721075698 34.8123677518638 33.1232633961575 31.4341590404514 29.7450546847454 28.0559503290391 26.366845973333 24.924191761017 24.2208879788717 -9999 -9999 -9999 -9999 -9999 -9999 -9999 -9999 -9999 -9999 -9999 -9999 -9999 -9999 -9999 -9999 -9999 -9999 -9999 29.6859894328647 30.6400468296475 30.8106341838838 30.7200648572712 30.6294955306585 30.5389262040458 30.4483568774331 30.3577875508204 30.2672182242078 30.0550286504961 29.4779783354868
36.8850596745823 36.8235603968315 36.7620611190807 36.7005618413298 36.639062563579 36.5775632858281 36.5160640080773 35.3449018319453 33.8038520230193 32.262802214093 30.721752405167 29.180702596241 27.6396527873148 26.0986029783888 24.8105429649354 24.2814523379008 23.7523617108663 23.2232710838318 -9999 -9999 -9999 -9999 -9999 -9999 -9999 -9999 -9999 -9999 -9999 -9999 -9999 -9999 -9999 -9999 -9999 28.3681849903531 29.4621470027501 29.6528868198397 29.5425525718268 29.4322183238138 29.3218840758008 29.2115498277879 29.1012155797749 28.990881331762 28.787910344866 28.3070291413204
29.7162675857555 30.5989572525034 31.4816469192512 32.3643365859992 33.247026252747 34.1297159194948 35.0124055862428 34.1883315563206 32.7953362941747 31.4023410320285 30.0093457698826 28.6163505077366 27.2233552455904 25.8303599834445 24.6968941688539 24.34201669693 23.9871392250061 23.6322617530823 -9999 -9999 -9999 -9999 -9999 -9999 -9999 -9999 -9999 -9999 -9999 -9999 -9999 -9999 -9999 -9999 -9999 -9999 28.2842471758525 28.4951394557955 28.3650402863823 28.234941116969 28.1048419475558 27.9747427781425 27.8446436087293 27.714544439316 27.5207920392357 27.136079947154
-9999 24.3743541081752 26.2012327194217 28.0281113306685 29.854989941915 31.6818685531616 33.5087471644084 33.031761280696 31.7868205653301 30.541879849964 29.2969391345981 28.0519984192322 26.8070577038661 25.5621169885002 24.5832453727723 24.4025810559591 24.2219167391459 24.0412524223328 23.8605881055196 23.6799237887064 23.4992594718932 -9999 -9999 -9999 21.0268905533686 -9999 -9999 -9999 -9999 -9999 -9999 -9999 -9999 -9999 -9999 -9999 27.106347348955 27.3373920917513 27.1875280009378 27.0376639101242 26.8877998193107 26.7379357284972 26.5880716376836 26.4382075468701 26.2536737336055 25.9651307529875
-9999 -9999 -9999 24.2323625054628 26.4248004853729 28.6172384652829 30.8096764451933 30.6764021158227 29.7678903500247 28.8593785842266 27.9508668184286 27.0423550526306 26.1338432868325 25.2253315210345 24.5203642845154 24.4260306358338 24.3316969871521 24.2373633384705 24.1430296897888 24.0486960411072 23.9543623924256 -9999 -9999 22.1206632561156 21.1402163558537 20.1597694555919 19.1793225553302 -9999 -9999 -9999 -9999 -9999 -9999 -9999 -9999 -9999 25.8730751567418 26.0906709512078 25.9490753862596 25.8074798213114 25.6658842563632 25.524288691415 25.3826931264668 25.2410975615186 25.0800202104783 24.8604975011616
-9999 -9999 -9999 -9999 22.9564578831198 24.9358256558579 26.9151934285963 27.1222540616996 26.7385456482575 26.3548372348154 25.9711288213734 25.5874204079313 25.2037119944892 24.8200035810472 24.5082509040833 24.412365436554 24.3164799690247 24.2205945014954 24.1247090339661 24.0288235664368 23.9329380989075 23.8370526313782 -9999 22.3046736876171 21.4427265008291 20.5807793140412 19.7188321272533 18.8568849404653 -9999 -9999 -9999 -9999 -9999 -9999 -9999 -9999 -9999 24.7549760341647 24.6496824423475 24.5443888505302 24.439095258713 24.3338016668958 24.2285080750785 24.1232144832613 23.9998314698539 23.822180191676
-9999 -9999 -9999 -9999 -9999 -9999 -9999 23.5681060075765 23.7092009464904 23.8502958854043 23.9913908243182 24.1324857632321 24.273580702146 24.4146756410599 24.4961375236512 24.3987002372742 24.3012629508972 24.2038256645203 24.1063883781433 24.0089510917664 23.9115138053894 23.8140765190125 23.2321315924328 22.4886841191187 21.7452366458046 21.0017891724905 20.2583416991765 19.5148942258623 18.7714467525482 18.3890999370148 -9999 -9999 -9999 -9999 -9999 -9999 -9999 -9999 23.3502894984353 23.2812978797491 23.2123062610628 23.1433146423766 23.0743230236903 23.005331405004 22.9196427292296 22.7838628821904
-9999 -9999 -9999 -9999 -9999 -9999 -9999 -9999 20.6798562447235 21.3457545359934 22.0116528272632 22.677551118533 23.3434494098029 24.0093477010727 24.484024143219 24.3850350379944 24.2860459327698 24.1870568275452 24.0880677223206 23.989078617096 23.8900895118714 23.7911004066467 23.2976423104605 22.6726945506203 -9999 21.4227990309398 20.7978512710995 20.1729035112592 19.547955751419 19.1802068816288 -9999 -9999 -9999 -9999 -9999 -9999 -9999 22.0835862000786 22.0508965545233 22.018206908968 21.9855172634127 21.9528276178574 21.9201379723021 21.8874483267468 21.8394539886053 21.745545572705
-9999 -9999 -9999 -9999 -9999 -9999 -9999 -9999 -9999 18.8412131865822 20.031914830208 21.2226164738337 22.4133181174596 23.6040197610854 24.4719107627869 24.3713698387146 24.2708289146424 24.1702879905701 24.0697470664978 23.9692061424256 23.8686652183533 23.768124294281 23.3631530284882 22.8567049821219 -9999 -9999 21.3373608430227 20.8309127966562 20.3244647502899 -9999 -9999 -9999 -9999 -9999 -9999 -9999 20.7184969266258 20.7478912830355 20.7515036106112 20.7551159381869 20.7587282657625 20.7623405933382 20.7659529209139 20.7695652484896 20.759265247981 20.7072282632194
-9999 -9999 -9999 -9999 -9999 -9999 -9999 -9999 -9999 -9999 -9999 19.7676818291344 21.4831868251164 23.1986918210981 24.4597973823548 24.3577046394348 24.2556118965149 24.153519153595 24.0514264106751 23.9493336677551 23.8472409248352 23.7451481819153 23.428663746516 23.0407154136234 22.6527670807309 -9999 -9999 21.4889220820532 -9999 -9999 -9999 -9999 -9999 -9999 -9999 19.6202192836339 19.4298523690967 19.4121963659924 19.4521106666991 19.4920249674057 19.5319392681123 19.571853568819 19.6117678695256 19.6516821702323 19.6790765073566 19.6689109537338
