data/working_set_collections/6091692-Cassins_Sparrow-MC/2010/bio14.asc
NCOLS 265 
NROWS 230 
XLLCORNER -115.5625 
YLLCORNER 24.8333333333333 
CELLSIZE 0.0833333333333333 
NODATA_value -9999 
[rows 0 to 19 of 230, columns 0 to 44 of 265]
7.880113310284080 8.46567622820532 9.05123914612657 9.63680206404792 10.2223649819692 10.8079278998904 11.3934908178118 12.1192373037338 12.8917116456561 13.6641859875785 14.4366603295008 15.2091346714231 15.9816090133455 16.7540833552678 17.4782942295074 18.0577147006989 18.6371351718903 19.2165556430817 19.7959761142731 20.3753965854645 20.9548170566559 21.5342375278474 21.8324190775555 22.0368543201024 22.2412895626493 22.4457248051963 22.6501600477432 22.8545952902901 23.059030532837 23.2413133912618 23.3571390973199 23.4729648033779 23.588790509436 23.7046162154941 23.8204419215521 23.9362676276102 24.0520933336683 24.2162594159445 24.3965389569601 24.5768184979758 24.7570980389914 24.937377580007 25.1176571210226 25.2979366620382 25.5878775119781
7.36012736956276 7.93549962043757 8.51087187131237 9.08624412218728 9.66161637306208 10.2369886239369 10.8123608748118 11.5104039430618 12.2493372837701 12.9882706244786 13.727203965187 14.4661373058954 15.2050706466039 15.9440039873123 16.6226915518442 17.1206417878469 17.6185920238495 18.1165422598521 18.6144924958547 19.1124427318573 19.6103929678599 20.1083432038626 20.3848518371583 20.587546602885 20.7902413686118 20.9929361343385 21.1956309000652 21.3983256657919 21.6010204315186 21.7909612258276 21.9426401058834 22.0943189859391 22.2459978659949 22.3976767460506 22.5493556261063 22.7010345061621 22.8527133862178 23.0692631721497 23.3074365933737 23.5456100145976 23.7837834358216 24.0219568570455 24.2601302782695 24.4983036994934 24.8457871278126
6.8401414288415 7.40532301266986 7.97050459649823 8.53568618032669 9.10086776415505 9.66604934798342 10.2312309318119 10.9015705823898 11.6069629218843 12.3123552613788 13.0177476008733 13.7231399403677 14.4285322798623 15.1339246193568 15.7670888741811 16.183568874995 16.6000488758088 17.0165288766226 17.4330088774364 17.8494888782502 18.265968879064 18.6824488798779 18.9372845967612 19.1382388856678 19.3391931745743 19.5401474634808 19.7411017523873 19.9420560412939 20.1430103302004 20.3406090603936 20.528141114447 20.7156731685004 20.9032052225538 21.0907372766073 21.2782693306607 21.465801384714 21.6533334387675 21.922266928355 22.2183342297873 22.5144015312196 22.8104688326519 23.1065361340841 23.4026034355164 23.6986707369487 24.1036967436472
6.32015548812018 6.87514640490211 7.43013732168403 7.98512823846605 8.54011915524798 9.0951100720299 9.65010098881192 10.2927372217178 10.9645885599983 11.636439898279 12.3082912365595 12.9801425748401 13.6519939131207 14.3238452514012 14.911486196518 15.246495962143 15.581505727768 15.916515493393 16.251525259018 16.586535024643 16.921544790268 17.2565545558931 17.4897173563641 17.6889311684504 17.8881449805367 18.087358792623 18.2865726047093 18.4857864167957 18.685000228882 18.8902568949595 19.1136421230106 19.3370273510616 19.5604125791127 19.7837978071638 20.0071830352149 20.2305682632659 20.453953491317 20.7752706845602 21.1292318662008 21.4831930478415 21.8371542294821 22.1911154111227 22.5450765927633 22.8990377744039 23.3616063594817
5.80016954739887 6.34496979713435 6.88977004686984 7.43457029660541 7.9793705463409 8.52417079607638 9.06897104581196 9.68390386104578 10.3222141981124 10.9605245351791 11.5988348722457 12.2371452093124 12.8754555463791 13.5137658834457 14.0558835188548 14.309423049291 14.5629625797272 14.8165021101634 15.0700416405996 15.3235811710358 15.577120701472 15.8306602319083 16.0421501159669 16.239623451233 16.4370967864991 16.6345701217652 16.8320434570313 17.0295167922975 17.2269901275636 17.4399047295253 17.6991431315741 17.9583815336228 18.2176199356715 18.4768583377203 18.736096739769 18.9953351418178 19.2545735438665 19.6282744407654 20.0401295026143 20.4519845644633 20.8638396263123 21.2756946881612 21.6875497500102 22.0994048118591 22.6195159753162
5.2801836066776 5.81479318936664 6.34940277205569 6.88401235474482 7.41862193743387 7.95323152012291 8.48784110281205 9.07507050037382 9.67983983622652 10.2846091720793 10.889378507932 11.4941478437847 12.0989171796375 12.7036865154902 13.2002808411917 13.3723501364391 13.5444194316865 13.7164887269339 13.8885580221813 14.0606273174287 14.2326966126761 14.4047659079236 14.5945828755698 14.7903157340157 14.9860485924617 15.1817814509076 15.3775143093535 15.5732471677994 15.7689800262453 15.9895525640913 16.2846441401377 16.5797357161841 16.8748272922305 17.169918868277 17.4650104443234 17.7601020203697 18.0551935964162 18.4812781969707 18.951027139028 19.4207760810853 19.8905250231426 20.3602739651998 20.8300229072572 21.2997718493144 21.8774255911508
4.9160197973251 5.42253762086227 5.92905544439943 6.43557326793669 6.94209109147385 7.44860891501102 7.95512673854828 8.50570329427715 9.07096609406995 9.63622889386284 10.2014916936556 10.7667544934484 11.3320172932413 11.8972800930341 12.359239033858 12.5112863977751 12.6633337616921 12.8153811256091 12.9674284895262 13.1194758534432 13.2715232173602 13.4235705812773 13.6117486317953 13.8119702445136 14.012191857232 14.2124134699504 14.4126350826687 14.6128566953871 14.8130783081055 15.040675022867 15.350397043758 15.6601190646489 15.9698410855399 16.2795631064309 16.5892851273219 16.8990071482128 17.2087291691039 17.6771435578664 18.1984554025861 18.719767247306 19.2410790920257 19.7623909367455 20.2837027814653 20.805014626185 21.450041887495
4.7076781193415 5.16820309162134 5.62872806390119 6.08925303618111 6.54977800846095 7.0103029807408 7.47082795302072 7.97580224275585 8.49559297164274 9.01538370052973 9.53517442941662 10.0549651583035 10.5747558871905 11.0945466160774 11.5327580968539 11.726231833299 11.9197055697441 12.1131793061892 12.3066530426344 12.5001267790795 12.6936005155246 12.8870742519697 13.0936473846436 13.304586982727 13.5155265808106 13.726466178894 13.9374057769775 14.148345375061 14.3592849731445 14.5932721058527 14.8964018424352 15.1995315790176 15.5026613156 15.8057910521825 16.1089207887649 16.4120505253474 16.7151802619298 17.2158705234527 17.7824142932891 18.3489580631256 18.915501832962 19.4820456027984 20.0485893726348 20.6151331424712 21.3373648643491
4.49933644135791 4.91386856238044 5.32840068340296 5.74293280442556 6.15746492544809 6.57199704647061 6.98652916749321 7.44590119123458 7.92021984921559 8.39453850719667 8.86885716517768 9.34317582315868 9.81749448113977 10.2918131391208 10.7062771598499 10.9411772688231 11.1760773777962 11.4109774867694 11.6458775957426 11.8807777047158 12.1156778136889 12.3505779226622 12.5755461374919 12.7972037209405 13.0188613043892 13.2405188878378 13.4621764712864 13.683834054735 13.9054916381836 14.1458691888385 14.4424066411125 14.7389440933863 15.0354815456602 15.3320189979342 15.628556450208 15.9250939024819 16.2216313547559 16.7545974890391 17.3663731839921 17.9781488789452 18.5899245738983 19.2017002688513 19.8134759638044 20.4252516587575 21.2246878412032
4.29099476337431 4.65953403313951 5.02807330290471 5.39661257266998 5.76515184243518 6.13369111220038 6.50223038196565 6.91600013971327 7.34484672678838 7.77369331386356 8.20253990093867 8.63138648801378 9.06023307508896 9.48907966216407 9.87979622284575 10.156122704347 10.4324491858483 10.7087756673495 10.9851021488508 11.261428630352 11.5377551118533 11.8140815933546 12.0574448903402 12.2898204591539 12.5221960279677 12.7545715967814 12.9869471655952 13.2193227344089 13.4516983032227 13.6984662718243 13.9884114397897 14.278356607755 14.5683017757204 14.8582469436858 15.1481921116511 15.4381372796165 15.7280824475818 16.2933244546254 16.9503320746951 17.6073396947648 18.2643473148345 18.9213549349042 19.578362554974 20.2353701750437 21.1120108180573
4.08265308539071 4.40519950389859 4.72774592240647 5.0502923409144 5.37283875942228 5.69538517793016 6.0179315964381 6.38609908819197 6.76947360436118 7.15284812053046 7.53622263669967 7.91959715286888 8.30297166903816 8.68634618520737 9.05331528584162 9.37106813987099 9.68882099390031 10.0065738479296 10.324326701959 10.6420795559883 10.9598324100176 11.277585264047 11.5393436431885 11.7824371973673 12.0255307515462 12.2686243057251 12.511717859904 12.7548114140829 12.9979049682617 13.2510633548101 13.5344162384669 13.8177691221237 14.1011220057805 14.3844748894374 14.6678277730942 14.951180656751 15.2345335404078 15.8320514202117 16.534290965398 17.2365305105845 17.9387700557708 18.6410096009571 19.3432491461435 20.0454886913299 20.9993337949113
3.87431140740712 4.15086497465768 4.42741854190824 4.70397210915885 4.98052567640941 5.25707924365997 5.53363281091058 5.8561980366707 6.19410048193402 6.5320029271974 6.86990537246072 7.20780781772404 7.54571026298742 7.88361270825074 8.22683434883757 8.58601357539502 8.94519280195241 9.3043720285098 9.66355125506724 10.0227304816246 10.381909708182 10.7410889347395 11.0212423960368 11.2750539355808 11.5288654751248 11.7826770146688 12.0364885542128 12.2903000937568 12.5441116333008 12.8036604377959 13.0804210371442 13.3571816364924 13.6339422358407 13.910702835189 14.1874634345373 14.4642240338855 14.7409846332339 15.3707783857981 16.118249856101 16.8657213264041 17.6131927967071 18.36066426701 19.1081357373131 19.8556072076161 20.8866567717654
3.87762182288694 4.13906493981672 4.4005080567465 4.66195117367633 4.9233942906061 5.18483740753588 5.44628052446571 5.76293536027263 6.09799410237194 6.43305284447132 6.76811158657063 7.10317032866994 7.43822907076932 7.77328781286863 8.11500326924839 8.47668886846956 8.83837446769066 9.20006006691177 9.56174566613294 9.92343126535405 10.2851168645752 10.6468024637963 10.9169095198313 11.1564903948041 11.396071269777 11.6356521447499 11.8752330197228 12.1148138946957 12.3543947696685 12.6066560135947 12.8969583643807 13.1872607151667 13.4775630659526 13.7678654167387 14.0581677675246 14.3484701183106 14.6387724690966 15.2897548675535 16.0609639485675 16.8321730295816 17.6033821105955 18.3745911916095 19.1458002726236 19.9170093536375 20.9575437439808
4.09258433183029 4.36979939937585 4.6470144669214 4.92422953446701 5.20144460201256 5.47865966955812 5.75587473710372 6.10631105899801 6.48115446567524 6.85599787235252 7.23084127902974 7.60568468570696 7.98052809238425 8.35537149906147 8.71782204707451 9.04309401909502 9.36836599111547 9.69363796313592 10.0189099351564 10.3441819071769 10.6694538791973 10.9947258512178 11.2263450145721 11.4267465750376 11.6271481355031 11.8275496959686 12.0279512564341 12.2283528168996 12.4287543773651 12.6600500822066 12.9840282201767 13.3080063581466 13.6319844961166 13.9559626340866 14.2799407720565 14.6039189100265 14.9278970479965 15.5889808654784 16.3624332427976 17.1358856201171 17.9093379974364 18.6827903747557 19.4562427520751 20.2296951293944 21.2119947115576
4.30754684077362 4.60053385893496 4.89352087709629 5.18650789525767 5.479494913419 5.77248193158033 6.06546894974171 6.44968675772337 6.8643148289785 7.27894290023369 7.69357097148882 8.10819904274394 8.52282711399914 8.93745518525426 9.32064082490058 9.60949916972043 9.89835751454023 10.18721585936 10.4760742041799 10.7649325489997 11.0537908938195 11.3426492386393 11.5357805093129 11.697002755271 11.8582250012291 12.0194472471872 12.1806694931454 12.3418917391035 12.5031139850616 12.7134441508186 13.0710980759726 13.4287520011265 13.7864059262804 14.1440598514344 14.5017137765883 14.8593677017423 15.2170216268962 15.8882068634031 16.6639025370278 17.4395982106525 18.2152938842772 18.9909895579018 19.7666852315266 20.5423809051512 21.4664456791344
4.52250934971697 4.83126831849408 5.14002728727119 5.44878625604835 5.75754522482546 6.06630419360256 6.37506316237972 6.79306245644876 7.24747519228179 7.7018879281149 8.15630066394793 8.61071339978096 9.06512613561407 9.5195388714471 9.9234596027267 10.1759043203459 10.428349037965 10.6807937555842 10.9332384732034 11.1856831908225 11.4381279084417 11.6905726260608 11.8452160040537 11.9672589355044 12.0893018669552 12.2113447984059 12.3333877298567 12.4554306613074 12.5774735927581 12.7668382194306 13.1581679317686 13.5494976441065 13.9408273564444 14.3321570687823 14.7234867811202 15.1148164934581 15.5061462057961 16.187432861328 16.9653718312579 17.743310801188 18.521249771118 19.299188741048 20.0771277109781 20.855066680908 21.7208966467113
4.73747185866033 5.06200277805321 5.38653369744609 5.71106461683903 6.03559553623192 6.3601264556248 6.68465737501774 7.13643815517414 7.63063555558508 8.1248329559961 8.61903035640704 9.11322775681798 9.607425157229 10.1016225576399 10.5262783805528 10.7423094709714 10.9583405613898 11.1743716518083 11.3904027422269 11.6064338326453 11.8224649230638 12.0384960134824 12.1546514987945 12.2375151157379 12.3203787326812 12.4032423496246 12.486105966568 12.5689695835113 12.6518332004547 12.8202322880426 13.2452377875645 13.6702432870864 14.0952487866083 14.5202542861302 14.9452597856521 15.3702652851739 15.7952707846959 16.4866588592528 17.2668411254881 18.0470233917235 18.8272056579588 19.6073879241941 20.3875701904296 21.1677524566649 21.9753476142881
4.95243436760366 5.29273723761232 5.63304010762097 5.97334297762969 6.31364584763835 6.65394871764701 6.99425158765573 7.4798138538995 8.01379591888834 8.54777798387727 9.08176004886611 9.61574211385496 10.1497241788439 10.6837062438327 11.1290971583789 11.3087146215968 11.4883320848146 11.6679495480324 11.8475670112503 12.0271844744681 12.206801937686 12.3864194009038 12.4640869935353 12.5077712959713 12.5514555984073 12.5951399008433 12.6388242032793 12.6825085057152 12.7261928081512 12.8736263566546 13.3323076433605 13.7909889300663 14.2496702167722 14.7083515034781 15.1670327901839 15.6257140768897 16.0843953635957 16.7858848571776 17.5683104197182 18.350735982259 19.1331615447996 19.9155871073403 20.6980126698811 21.4804382324217 22.2297985818649
5.39028303490733 5.758640317122 6.12699759933667 6.4953548815514 6.86371216376607 7.23206944598074 7.60042672819547 8.0722760319708 8.57862267626636 9.08496932056202 9.59131596485759 10.0976626091532 10.6040092534488 11.1103558977444 11.5241441461775 11.6602572070227 11.796370267868 11.9324833287133 12.0685963895586 12.2047094504038 12.3408225112491 12.4769355720944 12.5340500354767 12.564831633038 12.5956132305993 12.6263948281606 12.6571764257219 12.6879580232832 12.7187396208445 12.8600543604956 13.3329685264163 13.805882692337 14.2787968582576 14.7517110241784 15.224625190099 15.6975393560197 16.1704535219404 16.8539810419082 17.607713013225 18.3614449845419 19.1151769558588 19.8689089271756 20.6226408984926 21.3763728698094 22.0702226214938
6.05101786057144 6.45971201658236 6.86840617259328 7.27710032860427 7.68579448461519 8.0944886406261 8.5031827966371 8.91382468938813 9.32511582771921 9.73640696605036 10.1476981043814 10.5589892427125 10.9702803810437 11.3815715193748 11.7114193439483 11.7969372272491 11.8824551105499 11.9679729938507 12.0534908771515 12.1390087604523 12.224526643753 12.3100445270538 12.3645406246185 12.4086961269379 12.4528516292572 12.4970071315765 12.5411626338959 12.5853181362152 12.6294736385345 12.7795162995655 13.2472204367319 13.7149245738982 14.1826287110646 14.650332848231 15.1180369853973 15.5857411225636 16.05344525973 16.6909474134444 17.3850489060083 18.0791503985722 18.7732518911361 19.4673533836999 20.1614548762639 20.8555563688277 21.4966197331746
