data/working_set_collections/6091692-Cassins_Sparrow-MC/2010/bio10.asc
NCOLS 265 
NROWS 230 
XLLCORNER -115.5625 
YLLCORNER 24.8333333333333 
CELLSIZE 0.0833333333333333 
NODATA_value -9999 
[rows 180 to 199 of 230, columns 46 to 91 of 265]
31.6180386066437 31.6639226118724 31.709806617101 31.7556906223297 31.8015746275584 31.8474586327871 31.7934598286947 31.7061667548286 31.6188736809625 31.5315806070964 31.4442875332303 31.3569944593642 31.2697013854981 31.160367234548 30.9849098523458 30.8094524701437 30.6339950879415 30.4585377057393 30.2830803235372 30.1076229413351 29.9321655591329 29.7574670950572 29.5830216036903 29.4085761123233 29.2341306209564 29.0596851295895 28.8852396382226 28.7107941468557 28.4746472040813 28.0533959070842 27.6321446100872 27.2108933130901 26.789642016093 26.368390719096 25.9471394220989 25.5258881251018 25.0430540402731 24.5396923595006 24.036330678728 23.5329689979554 23.0296073171829 22.5262456364103 22.0228839556377 21.6322446876102 21.5797726578183 21.5273006280263
31.506068944931 31.5665735403697 31.6270781358083 31.687582731247 31.7480873266856 31.8085919221242 31.7586067199707 31.6717915852865 31.5849764506022 31.498161315918 31.4113461812337 31.3245310465495 31.2377159118653 31.1345634142558 30.9823988278707 30.8302342414856 30.6780696551005 30.5259050687154 30.3737404823303 30.2215758959452 30.0694113095601 29.8774359226227 29.6721902688345 29.4669446150462 29.261698961258 29.0564533074697 28.8512076536815 28.6459619998932 28.3848882675172 27.9563302993775 27.5277723312379 27.0992143630983 26.6706563949586 26.2420984268189 25.8135404586793 25.3849824905396 24.9097445487977 24.418946615855 23.9281486829123 23.4373507499696 22.9465528170269 22.4557548840841 21.9649569511414 21.5804069042206 21.5146005153656 21.4487941265106
31.3940992832184 31.469224468867 31.5443496545156 31.6194748401642 31.6946000258128 31.7697252114614 31.7237536112468 31.6374164157444 31.551079220242 31.4647420247396 31.3784048292372 31.2920676337348 31.2057304382324 31.1087595939637 30.9798878033956 30.8510160128276 30.7221442222595 30.5932724316915 30.4644006411235 30.3355288505554 30.2066570599874 29.9974047501882 29.7613589339787 29.525313117769 29.2892673015595 29.0532214853499 28.8171756691403 28.5811298529308 28.2951293309531 27.8592646916708 27.4234000523886 26.9875354131064 26.5516707738241 26.1158061345419 25.6799414952597 25.2440768559774 24.7764350573223 24.2982008722095 23.8199666870966 23.3417325019837 22.8634983168709 22.385264131758 21.9070299466452 21.528569120831 21.449428372913 21.3702876249949
31.2821296215057 31.3718753973643 31.4616211732229 31.5513669490814 31.64111272494 31.7308585007985 31.6889005025228 31.6030412462023 31.5171819898817 31.4313227335612 31.3454634772407 31.2596042209202 31.1737449645996 31.0829557736715 30.9773767789205 30.8717977841695 30.7662187894186 30.6606397946676 30.5550607999166 30.4494818051656 30.3439028104146 30.1173735777537 29.8505275991228 29.5836816204919 29.316835641861 29.0499896632301 28.7831436845992 28.5162977059683 28.205370394389 27.7621990839641 27.3190277735393 26.8758564631145 26.4326851526897 25.9895138422649 25.5463425318401 25.1031712214153 24.6431255658469 24.1774551285639 23.7117846912809 23.2461142539979 22.7804438167149 22.3147733794319 21.8491029421489 21.4767313374414 21.3842562304603 21.2917811234792
31.1701599597931 31.2745263258616 31.3788926919301 31.4832590579987 31.5876254240672 31.6919917901357 31.6540473937988 31.5686660766602 31.4832847595215 31.3979034423828 31.3125221252442 31.2271408081055 31.1417594909668 31.0571519533793 30.9748657544454 30.8925795555115 30.8102933565776 30.7280071576436 30.6457209587097 30.5634347597758 30.4811485608419 30.2373424053192 29.939696264267 29.6420501232147 29.3444039821625 29.0467578411103 28.749111700058 28.4514655590058 28.1156114578248 27.6651334762574 27.21465549469 26.7641775131227 26.3136995315552 25.8632215499879 25.4127435684205 24.9622655868531 24.5098160743714 24.0567093849183 23.6036026954652 23.1504960060121 22.697389316559 22.2442826271058 21.7911759376527 21.4248935540517 21.3190840880076 21.2132746219635
31.0581902980804 31.1771772543589 31.2961642106374 31.4151511669159 31.5341381231944 31.6531250794729 31.6191942850749 31.5342909071181 31.4493875291612 31.3644841512044 31.2795807732476 31.1946773952908 31.109774017334 31.0313481330872 30.9723547299703 30.9133613268534 30.8543679237366 30.7953745206197 30.7363811175028 30.677387714386 30.6183943112691 30.3573112328848 30.0288649294112 29.7004186259376 29.371972322464 29.0435260189905 28.7150797155169 28.3866334120433 28.0258525212607 27.5680678685507 27.1102832158408 26.6524985631308 26.1947139104208 25.7369292577109 25.2791446050009 24.8213599522909 24.376506582896 23.9359636412728 23.4954206996495 23.0548777580262 22.614334816403 22.1737918747797 21.7332489331564 21.3730557706621 21.253911945555 21.1347681204478
30.9309087435405 31.0539172172546 31.1769256909689 31.299934164683 31.4229426383972 31.5459511121114 31.525044631958 31.4561665005154 31.3872883690728 31.3184102376302 31.2495321061876 31.180653974745 31.1117758433024 31.0490903377533 31.0049827098846 30.960875082016 30.9167674541473 30.8726598262787 30.82855219841 30.7844445705414 30.7403369426727 30.4736852963766 30.1328523106046 29.7920193248325 29.4511863390605 29.1103533532885 28.7695203675164 28.4286873817444 28.0585155910917 27.6003273857965 27.1421391805013 26.6839509752062 26.225762769911 25.7675745646159 25.3093863593208 24.8511981540256 24.4000223795573 23.9511840820313 23.5023457845052 23.0535074869792 22.6046691894532 22.1558308919271 21.7069925944011 21.3360634167989 21.1988615989685 21.0616597811381
-9999 30.9047462145487 31.0211771329244 31.1376080513001 31.2540389696757 31.3704698880514 31.3715984344483 31.3342928568522 31.2969872792562 31.2596817016602 31.2223761240641 31.1850705464681 31.1477649688721 31.1103785673777 31.0727496941884 31.0351208209991 30.9974919478098 30.9598630746206 30.9222342014313 30.884605328242 30.8469764550527 30.5864645957947 30.2516584078471 29.9168522198995 29.5820460319519 29.2472398440044 28.9124336560567 28.5776274681092 28.2136006673178 27.7619120279948 27.3102233886719 26.858534749349 26.4068461100261 25.9551574707032 25.5034688313803 25.0517801920573 24.5803634643555 24.1023707071941 23.6243779500326 23.1463851928712 22.6683924357097 22.1903996785482 21.7124069213868 21.3139164924622 21.1539330482483 20.9939496040345
-9999 -9999 -9999 30.9752819379171 31.0851353009542 31.1949886639913 31.2181522369385 31.212419213189 31.2066861894396 31.2009531656901 31.1952201419407 31.1894871181912 31.1837540944417 31.1716667970022 31.1405166784922 31.1093665599823 31.0782164414724 31.0470663229624 31.0159162044525 30.9847660859426 30.9536159674326 30.6992438952128 30.3704645050897 30.0416851149665 29.7129057248434 29.3841263347202 29.055346944597 28.7265675544739 28.3686857435439 27.9234966701932 27.4783075968425 27.0331185234918 26.5879294501411 26.1427403767904 25.6975513034397 25.252362230089 24.7607045491537 24.2535573323569 23.7464101155599 23.2392628987631 22.7321156819663 22.2249684651693 21.7178212483725 21.2917695681254 21.1090044975281 20.9262394269308
-9999 -9999 -9999 -9999 30.9162316322327 31.0195074399313 31.0647060394287 31.0905455695258 31.116385099623 31.1422246297201 31.1680641598172 31.1939036899143 31.2197432200114 31.2329550266266 31.208283662796 31.1836122989654 31.1589409351349 31.1342695713043 31.1095982074737 31.0849268436432 31.0602554798126 30.812023194631 30.4892706023323 30.1665180100335 29.8437654177348 29.5210128254361 29.1982602331374 28.8755076408386 28.52377081977 28.0850813123915 27.6463918050131 27.2077022976346 26.7690127902561 26.3303232828776 25.8916337754992 25.4529442681207 24.9410456339519 24.4047439575196 23.8684422810873 23.332140604655 22.7958389282228 22.2595372517904 21.7232355753582 21.2696226437887 21.0640759468079 20.8585292498271
-9999 -9999 -9999 -9999 -9999 30.8440262158712 30.911259841919 30.9686719258626 31.0260840098063 31.08349609375 31.1409081776937 31.1983202616374 31.255732345581 31.294243256251 31.2760506470998 31.2578580379486 31.2396654287974 31.2214728196462 31.203280210495 31.1850876013438 31.1668949921926 30.9248024940491 30.6080766995748 30.2913509051005 29.9746251106263 29.657899316152 29.3411735216777 29.0244477272034 28.6788558959962 28.2466659545899 27.8144760131836 27.3822860717774 26.9500961303711 26.5179061889649 26.0857162475587 25.6535263061524 25.1213867187501 24.5559305826824 23.9904744466146 23.425018310547 22.8595621744793 22.2941060384115 21.7286499023438 21.247475719452 21.0191473960877 20.7908190727234
-9999 -9999 -9999 -9999 -9999 -9999 30.7578136444092 30.8467982821994 30.9357829199897 31.0247675577799 31.1137521955702 31.2027368333605 31.2917214711507 31.3555314858754 31.3438176314036 31.3321037769318 31.3203899224599 31.3086760679881 31.2969622135162 31.2852483590444 31.2735345045725 31.0375817934672 30.7268827968174 30.4161838001675 30.1054848035177 29.7947858068679 29.484086810218 29.1733878135681 28.8339409722223 28.4082505967882 27.9825602213542 27.5568698459202 27.1311794704861 26.7054890950521 26.2797987196181 25.854108344184 25.3017278035482 24.7071172078452 24.112506612142 23.5178960164389 22.9232854207358 22.3286748250326 21.7340642293295 21.2253287951152 20.9742188453675 20.7231088956198
-9999 -9999 -9999 -9999 -9999 -9999 -9999 30.7318029085795 30.835836315155 30.9398697217306 31.0439031283061 31.1479365348816 31.2519699414571 31.3302385807038 31.3312129179637 31.3321872552236 31.3331615924835 31.3341359297435 31.3351102670034 31.3360846042633 31.3370589415232 31.1174147129059 30.8242309623295 30.531047211753 30.2378634611766 29.9446797106001 29.6514959600237 29.3583122094472 29.0327550040351 28.6100774341159 28.1873998641968 27.7647222942777 27.3420447243585 26.9193671544393 26.4966895845202 26.074012014601 25.5140404542288 24.9083042303722 24.3025680065155 23.6968317826589 23.0910955588024 22.4853593349457 21.8796231110891 21.3569681061639 21.0835567580329 20.8101454099019
-9999 -9999 -9999 -9999 -9999 -9999 -9999 -9999 30.7262441953023 30.8288025856018 30.9313609759013 31.0339193662008 31.1364777565002 31.2183645407359 31.23823650678 31.2581084728241 31.2779804388682 31.2978524049123 31.3177243709564 31.3375963370005 31.3574683030446 31.1643012523651 30.9001211961111 30.635941139857 30.3717610836029 30.1075810273489 29.8434009710948 29.5792209148407 29.2752979914348 28.8521464665731 28.4289949417115 28.0058434168498 27.5826918919881 27.1595403671265 26.7363888422649 26.3132373174032 25.7583246707917 25.1594916502636 24.5606586297353 23.9618256092072 23.3629925886791 22.7641595681509 22.1653265476227 21.6423936525981 21.3471611340841 21.0519286155701
-9999 -9999 -9999 -9999 -9999 -9999 -9999 -9999 -9999 -9999 -9999 -9999 -9999 31.106490500768 31.1452600955963 31.1840296904246 31.2227992852529 31.2615688800812 31.3003384749095 31.3391080697377 31.377877664566 31.2111877918244 30.9760114298927 30.740835067961 30.5056587060293 30.2704823440976 30.0353059821659 29.8001296202342 29.5178409788344 29.0942154990302 28.6705900192261 28.246964539422 27.8233390596178 27.3997135798137 26.9760881000096 26.5524626202054 26.0026088873546 25.4106790701549 24.8187492529551 24.2268194357555 23.6348896185558 23.042959801356 22.4510299841564 21.9278191990323 21.6107655101352 21.2937118212382
-9999 -9999 -9999 -9999 -9999 -9999 -9999 -9999 -9999 -9999 -9999 -9999 -9999 30.9946164608002 31.0522836844126 31.1099509080251 31.1676181316376 31.22528535525 31.2829525788625 31.340619802475 31.3982870260874 31.2580743312836 31.0519016636743 30.8457289960649 30.6395563284556 30.4333836608463 30.227210993237 30.0210383256276 29.760383966234 29.3362845314874 28.9121850967407 28.4880856619941 28.0639862272474 27.6398867925008 27.2157873577542 26.7916879230075 26.2468931039175 25.6618664900463 25.0768398761749 24.4918132623037 23.9067866484325 23.3217600345612 22.7367334206899 22.2132447454665 21.8743698861864 21.5354950269063
-9999 -9999 -9999 -9999 -9999 -9999 -9999 -9999 -9999 -9999 -9999 -9999 -9999 30.8827424208323 30.959307273229 31.0358721256256 31.1124369780222 31.1890018304189 31.2655666828155 31.3421315352122 31.4186963876088 31.3049608707428 31.1277918974559 30.9506229241689 30.773453950882 30.596284977595 30.419116004308 30.2419470310211 30.0029269536337 29.5783535639445 29.1537801742554 28.7292067845663 28.3046333948771 27.880060005188 27.4554866154989 27.0309132258097 26.4911773204804 25.9130539099376 25.3349304993948 24.756807088852 24.1786836783092 23.6005602677663 23.0224368572236 22.4986702919007 22.1379742622375 21.7772782325745
-9999 -9999 -9999 -9999 -9999 -9999 -9999 -9999 -9999 -9999 -9999 -9999 -9999 30.7708683808644 30.8663308620453 30.9617933432261 31.0572558244069 31.1527183055878 31.2481807867686 31.3436432679494 31.4391057491302 31.351847410202 31.2036821312375 31.0555168522729 30.9073515733083 30.7591862943437 30.6110210153792 30.4628557364146 30.2454699410333 29.8204225964017 29.3953752517701 28.9703279071385 28.5452805625068 28.1202332178752 27.6951858732436 27.2701385286119 26.7354615370433 26.164241329829 25.5930211226146 25.0218009154002 24.4505807081859 23.8793605009715 23.3081402937572 22.7840958383349 22.4015786382887 22.0190614382426
-9999 -9999 -9999 -9999 -9999 -9999 -9999 -9999 -9999 -9999 -9999 -9999 -9999 30.6646991570791 30.7665150165558 30.8683308760325 30.9701467355092 31.071962594986 31.1737784544627 31.2755943139394 31.3774101734162 31.3126887957255 31.1924550056458 31.072221215566 30.9519874254863 30.8317536354065 30.7115198453268 30.591286055247 30.397909280989 29.9851035541959 29.5722978274028 29.1594921006097 28.7466863738166 28.3338806470236 27.9210749202305 27.5082691934374 26.98886663119 26.4339317904579 25.8789969497257 25.3240621089936 24.7691272682614 24.2141924275292 23.6592575867971 23.1433864593506 22.744706471761 22.3460264841715
-9999 -9999 -9999 -9999 -9999 -9999 -9999 -9999 -9999 -9999 -9999 -9999 -9999 -9999 30.6598597367605 30.7554847240448 30.8511097113291 30.9467346986135 31.0423596858978 31.1379846731822 31.2336096604665 31.1874850273133 31.0941105206808 31.0007360140483 30.9073615074158 30.8139870007833 30.7206124941508 30.6272379875183 30.4602449735007 30.0723964373271 29.6845479011536 29.2966993649801 28.9088508288066 28.5210022926331 28.1331537564596 27.7453052202861 27.2513926029206 26.7221252918244 26.1928579807282 25.663590669632 25.1343233585358 24.6050560474396 24.0757887363434 23.5765421549479 23.1673577626546 22.7581733703613
