data/working_set_collections/6091692-Cassins_Sparrow-MC/2010/bio10.asc
NCOLS 265 
NROWS 230 
XLLCORNER -115.5625 
YLLCORNER 24.8333333333333 
CELLSIZE 0.0833333333333333 
NODATA_value -9999 
[rows 40 to 59 of 230, columns 184 to 229 of 265]
25.6227480888366 25.6182049115499 25.6136617342631 25.5841915130615 25.5464122772217 25.5086330413818 25.470853805542 25.4330745697021 25.3952953338623 25.3575160980225 25.3202622095744 25.2845843633016 25.2489065170288 25.213228670756 25.1775508244832 25.1418729782104 25.1061951319377 25.0705172856649 25.0655155181885 25.0707391103109 25.0759627024333 25.0811862945557 25.086409886678 25.0916334788004 25.0968570709228 25.1023039976756 25.1084209283193 25.114537858963 25.1206547896067 25.1267717202504 25.1328886508942 25.1390055815379 25.1451225121816 25.1769425868988 25.2173303763071 25.2577181657155 25.2981059551239 25.3384937445322 25.3788815339406 25.419269323349 25.4506420771281 25.4549697240194 25.4592973709106 25.4636250178019 25.4679526646932 25.4722803115845
25.7540969530741 25.7498188548618 25.7455407566494 25.7133345286051 25.6718189239502 25.6303033192952 25.5887877146403 25.5472721099853 25.5057565053304 25.4642409006754 25.4225035561456 25.3801009919908 25.3376984278361 25.2952958636814 25.2528932995266 25.2104907353719 25.1680881712172 25.1256856070624 25.1190163930257 25.124258295695 25.1295001983642 25.1347421010335 25.1399840037028 25.1452259063721 25.1504678090413 25.1563368638356 25.1640873750051 25.1718378861745 25.1795883973439 25.1873389085134 25.1950894196828 25.2028399308522 25.2105904420217 25.2442528247833 25.2865524980757 25.328852171368 25.3711518446604 25.4134515179528 25.4557511912452 25.4980508645375 25.5302113215128 25.5319541295369 25.533696937561 25.5354397455851 25.5371825536092 25.5389253616333
25.8874564329783 25.884413851632 25.8813712702857 25.8490128040314 25.806882376141 25.7647519482507 25.7226215203603 25.68049109247 25.6383606645796 25.5962302366892 25.552620071835 25.504570696089 25.456521320343 25.408471944597 25.360422568851 25.3123731931051 25.2643238173591 25.2162744416131 25.2073992093404 25.2115820248922 25.2157648404439 25.2199476559957 25.2241304715474 25.2283132870992 25.232496102651 25.2375999450683 25.2454668680827 25.253333791097 25.2612007141113 25.2690676371256 25.27693456014 25.2848014831543 25.2926684061686 25.325298945109 25.3661840226915 25.407069100274 25.4479541778564 25.4888392554389 25.5297243330214 25.5706094106038 25.6007154199812 25.5984842247433 25.5962530295054 25.5940218342675 25.5917906390296 25.5895594437917
26.0228265285492 26.0219899018605 26.0211532751719 25.9912263393402 25.9516026337941 25.9119789282481 25.872355222702 25.832731517156 25.7931078116099 25.7534841060638 25.7106117566426 25.6579934755961 25.6053751945495 25.552756913503 25.5001386324565 25.4475203514099 25.3949020703634 25.3422837893168 25.3306639671325 25.3327102979024 25.3347566286723 25.3368029594421 25.338849290212 25.3408956209818 25.3429419517517 25.3460932413737 25.3525594075521 25.3590255737304 25.3654917399088 25.3719579060872 25.3784240722656 25.384890238444 25.3913564046224 25.420080947876 25.4562249501546 25.4923689524332 25.5285129547119 25.5646569569905 25.6008009592692 25.6369449615478 25.6621543725332 25.6545600096385 25.6469656467438 25.6393712838491 25.6317769209544 25.6241825580597
26.1581966241201 26.1595659520891 26.1609352800581 26.133439874649 26.0963228914473 26.0592059082455 26.0220889250437 25.984971941842 25.9478549586402 25.9107379754384 25.8686034414503 25.8114162551032 25.7542290687561 25.697041882409 25.6398546960619 25.5826675097148 25.5254803233676 25.4682931370205 25.4539287249247 25.4538385709127 25.4537484169006 25.4536582628886 25.4535681088765 25.4534779548645 25.4533878008524 25.454586537679 25.4596519470215 25.4647173563639 25.4697827657064 25.4748481750488 25.4799135843913 25.4849789937337 25.4900444030762 25.5148629506429 25.5462658776177 25.5776688045925 25.6090717315674 25.6404746585422 25.671877585517 25.7032805124918 25.7235933250851 25.7106357945336 25.6976782639821 25.6847207334306 25.6717632028792 25.6588056723277
26.2935667196909 26.2971420023176 26.3007172849443 26.2756534099579 26.2410431491004 26.2064328882429 26.1718226273854 26.137212366528 26.1026021056705 26.067991844813 26.026595126258 25.9648390346103 25.9030829429626 25.841326851315 25.7795707596673 25.7178146680196 25.6560585763719 25.5943024847243 25.5771934827169 25.5749668439229 25.572740205129 25.570513566335 25.5682869275411 25.5660602887471 25.5638336499532 25.5630798339844 25.5667444864909 25.5704091389974 25.5740737915039 25.5777384440104 25.5814030965169 25.5850677490234 25.5887324015299 25.6096449534098 25.6363068050808 25.6629686567518 25.6896305084228 25.7162923600938 25.7429542117649 25.7696160634359 25.7850322776371 25.7667115794288 25.7483908812205 25.7300701830122 25.7117494848039 25.6934287865957
26.4289368152618 26.4347180525462 26.4404992898305 26.4178669452667 26.3857634067535 26.3536598682403 26.3215563297272 26.289452791214 26.2573492527008 26.2252457141876 26.1845868110657 26.1182618141174 26.0519368171692 25.9856118202209 25.9192868232727 25.8529618263244 25.7866368293762 25.720311832428 25.700458240509 25.6960951169332 25.6917319933573 25.6873688697815 25.6830057462056 25.6786426226298 25.6742794990539 25.6715731302897 25.6738370259603 25.6761009216308 25.6783648173014 25.680628712972 25.6828926086426 25.6851565043131 25.6874203999837 25.7044269561767 25.7263477325439 25.7482685089111 25.7701892852783 25.7921100616455 25.8140308380127 25.8359516143799 25.846471230189 25.8227873643239 25.7991034984589 25.7754196325938 25.7517357667287 25.7280519008637
26.5643069108327 26.5722941027747 26.5802812947167 26.5600804805755 26.5304836644067 26.5008868482378 26.4712900320689 26.4416932159 26.4120963997311 26.3824995835622 26.3425784958733 26.2716845936245 26.2007906913757 26.1298967891269 26.0590028868781 25.9881089846293 25.9172150823805 25.8463211801317 25.8237229983012 25.8172233899434 25.8107237815857 25.8042241732279 25.7977245648702 25.7912249565124 25.7847253481547 25.780066426595 25.7809295654297 25.7817927042643 25.7826558430989 25.7835189819336 25.7843821207682 25.7852452596028 25.7861083984375 25.7992089589437 25.816388660007 25.8335683610704 25.8507480621338 25.8679277631971 25.8851074642605 25.9022871653239 25.907910182741 25.8788631492191 25.8498161156972 25.8207690821754 25.7917220486535 25.7626750151316
26.6519247213999 26.663532866372 26.6751410113441 26.6600545724233 26.6360699388716 26.6120853053199 26.5881006717682 26.5641160382165 26.5401314046648 26.5161467711131 26.4807737668355 26.4112356503805 26.3416975339254 26.2721594174703 26.2026213010152 26.1330831845601 26.0635450681051 25.99400695165 25.9711029529571 25.9637436601851 25.956384367413 25.9490250746409 25.9416657818688 25.9343064890967 25.9269471963246 25.9210364765591 25.9194714758131 25.9179064750671 25.9163414743211 25.9147764735751 25.9132114728292 25.9116464720832 25.9100814713372 25.9180231412252 25.9291337013244 25.9402442614237 25.951354821523 25.9624653816223 25.9735759417216 25.9846865018209 25.9849732610914 25.9527886178758 25.9206039746602 25.8884193314446 25.856234688229 25.8240500450134
26.6917902469635 26.708434343338 26.7250784397125 26.7177892208099 26.7025222301483 26.6872552394867 26.6719882488251 26.6567212581634 26.6414542675018 26.6261872768402 26.5991726239522 26.5369149843852 26.4746573448181 26.412399705251 26.350142065684 26.2878844261169 26.2256267865499 26.1633691469828 26.1425981044769 26.1356559276581 26.1287137508392 26.1217715740204 26.1148293972015 26.1078872203827 26.1009450435638 26.0944832801819 26.0894627571106 26.0844422340393 26.079421710968 26.0744011878967 26.0693806648254 26.0643601417541 26.0593396186828 26.0608695030212 26.0645828564962 26.0682962099711 26.072009563446 26.075722916921 26.0794362703959 26.0831496238708 26.0776604652405 26.0445637702942 26.0114670753479 25.9783703804016 25.9452736854553 25.912176990509
26.731655772527 26.753335820304 26.775015868081 26.7755238691966 26.768974521425 26.7624251736535 26.755875825882 26.7493264781104 26.7427771303389 26.7362277825673 26.7175714810689 26.6625943183899 26.6076171557108 26.5526399930318 26.4976628303528 26.4426856676737 26.3877085049947 26.3327313423157 26.3140932559967 26.3075681951311 26.3010431342655 26.2945180733998 26.2879930125342 26.2814679516686 26.274942890803 26.2679300838046 26.2594540384081 26.2509779930115 26.2425019476149 26.2340259022183 26.2255498568217 26.2170738114251 26.2085977660285 26.2037158648173 26.2000320116679 26.1963481585185 26.192664305369 26.1889804522196 26.1852965990702 26.1816127459208 26.1703476693895 26.1363389227125 26.1023301760356 26.0683214293586 26.0343126826816 26.0003039360046
26.7715212980906 26.79823729727 26.8249532964494 26.8332585175832 26.8354268127017 26.8375951078203 26.8397634029388 26.8419316980574 26.8440999931759 26.8462682882945 26.8359703381856 26.7882736523946 26.7405769666036 26.6928802808126 26.6451835950216 26.5974869092305 26.5497902234395 26.5020935376485 26.4855884075165 26.4794804626041 26.4733725176917 26.4672645727793 26.4611566278669 26.4550486829546 26.4489407380422 26.4413768874274 26.4294453197055 26.4175137519836 26.4055821842617 26.3936506165398 26.3817190488179 26.369787481096 26.3578559133741 26.3465622266133 26.3354811668396 26.3244001070658 26.3133190472921 26.3022379875183 26.2911569277445 26.2800758679708 26.2630348735385 26.2281140751309 26.1931932767232 26.1582724783156 26.1233516799079 26.0884308815002
26.8113868236542 26.843138774236 26.8748907248179 26.8909931659698 26.9018791039785 26.9127650419871 26.9236509799957 26.9345369180043 26.945422856013 26.9563087940216 26.9543691953023 26.9139529863993 26.8735367774963 26.8331205685933 26.7927043596903 26.7522881507873 26.7118719418843 26.6714557329813 26.6570835590362 26.6513927300771 26.6457019011179 26.6400110721588 26.6343202431996 26.6286294142405 26.6229385852813 26.6148236910502 26.599436601003 26.5840495109558 26.5686624209086 26.5532753308614 26.5378882408142 26.522501150767 26.5071140607198 26.4894085884094 26.4709303220113 26.4524520556132 26.4339737892151 26.415495522817 26.3970172564188 26.3785389900207 26.3557220776876 26.3198892275492 26.2840563774109 26.2482235272725 26.2123906771342 26.1765578269958
26.8512523492177 26.888040251202 26.9248281531864 26.9487278143565 26.9683313952552 26.9879349761539 27.0075385570526 27.0271421379513 27.04674571885 27.0663492997487 27.072768052419 27.039632320404 27.0064965883891 26.9733608563741 26.9402251243591 26.9070893923441 26.8739536603292 26.8408179283142 26.828578710556 26.8233049975501 26.8180312845442 26.8127575715383 26.8074838585323 26.8022101455264 26.7969364325205 26.788270494673 26.7694278823005 26.750585269928 26.7317426575555 26.712900045183 26.6940574328104 26.6752148204379 26.6563722080654 26.6322549502055 26.606379477183 26.5805040041606 26.5546285311381 26.5287530581156 26.5028775850932 26.4770021120707 26.4484092818366 26.4116643799676 26.3749194780985 26.3381745762295 26.3014296743605 26.2646847724914
26.8971271832784 26.9356580840217 26.9741889847649 27.0013460477193 27.0247118314107 27.0480776151021 27.0714433987935 27.0948091824849 27.1181749661763 27.1415407498678 27.1521806822883 27.1246430608961 27.097105439504 27.0695678181118 27.0420301967197 27.0144925753276 26.9869549539354 26.9594173325433 26.9504458268483 26.9476630263858 26.9448802259233 26.9420974254608 26.9393146249983 26.9365318245358 26.9337490240733 26.9270097944472 26.9084012773302 26.8897927602132 26.8711842430962 26.8525757259793 26.8339672088623 26.8153586917453 26.7967501746284 26.7683031717936 26.7365766737196 26.7048501756456 26.6731236775716 26.6413971794976 26.6096706814236 26.5779441833496 26.5448278850979 26.5075421863132 26.4702564875285 26.4329707887438 26.395685089959 26.3583993911743
26.9490113258362 26.9859922726949 27.0229732195536 27.0488478660583 27.0710204124451 27.0931929588318 27.1153655052185 27.1375380516052 27.1597105979919 27.1818831443787 27.1926070849101 27.1689852078756 27.1453633308411 27.1217414538066 27.098119576772 27.0744976997375 27.050875822703 27.0272539456685 27.0226849079132 27.0244668165843 27.0262487252553 27.0280306339264 27.0298125425974 27.0315944512685 27.0333763599396 27.0310415903727 27.0163567860921 27.0016719818115 26.9869871775309 26.9723023732503 26.9576175689697 26.9429327646891 26.9282479604085 26.8975532531738 26.8615219116211 26.8254905700683 26.7894592285156 26.7534278869629 26.7173965454101 26.6813652038574 26.6449778874715 26.6075226465861 26.5700674057007 26.5326121648153 26.4951569239298 26.4577016830444
27.000895468394 27.0363264613681 27.0717574543423 27.0963496843974 27.1173289934794 27.1383083025614 27.1592876116435 27.1802669207255 27.2012462298075 27.2222255388896 27.2330334875319 27.213327354855 27.1936212221781 27.1739150895013 27.1542089568244 27.1345028241475 27.1147966914707 27.0950905587938 27.0949239889781 27.1012706067827 27.1076172245873 27.113963842392 27.1203104601966 27.1266570780012 27.1330036958059 27.1350733862983 27.124312294854 27.1135512034098 27.1027901119656 27.0920290205214 27.0812679290771 27.0705068376329 27.0597457461887 27.026803334554 26.9864671495226 26.9461309644911 26.9057947794596 26.8654585944282 26.8251224093967 26.7847862243652 26.7451278898451 26.707503106859 26.6698783238729 26.6322535408868 26.5946287579007 26.5570039749145
27.0527796109517 27.0866606500414 27.120541689131 27.1438515027364 27.1636375745137 27.1834236462911 27.2032097180684 27.2229957898458 27.2427818616231 27.2625679334005 27.2734598901537 27.2576695018344 27.2418791135152 27.226088725196 27.2102983368768 27.1945079485575 27.1787175602383 27.1629271719191 27.1671630700429 27.1780743969811 27.1889857239193 27.1998970508575 27.2108083777957 27.2217197047339 27.2326310316721 27.2391051822238 27.232267803616 27.2254304250081 27.2185930464003 27.2117556677924 27.2049182891846 27.1980809105767 27.1912435319688 27.1560534159342 27.111412387424 27.0667713589138 27.0221303304036 26.9774893018934 26.9328482733832 26.888207244873 26.8452778922187 26.8074835671319 26.7696892420451 26.7318949169583 26.6941005918715 26.6563062667847
27.1046637535095 27.1369948387146 27.1693259239197 27.1913533210754 27.2099461555481 27.2285389900207 27.2471318244934 27.2657246589661 27.2843174934387 27.3029103279114 27.3138862927755 27.3020116488139 27.2901370048523 27.2782623608907 27.2663877169291 27.2545130729675 27.2426384290059 27.2307637850443 27.2394021511078 27.2548781871795 27.2703542232513 27.2858302593231 27.3013062953949 27.3167823314667 27.3322583675384 27.3431369781494 27.3402233123779 27.3373096466064 27.3343959808349 27.3314823150635 27.328568649292 27.3256549835205 27.322741317749 27.2853034973144 27.2363576253255 27.1874117533366 27.1384658813476 27.0895200093587 27.0405741373698 26.9916282653809 26.9454278945923 26.9074640274048 26.8695001602173 26.8315362930298 26.7935724258423 26.7556085586548
27.1565478960673 27.1873290273878 27.2181101587083 27.2388551394145 27.2562547365824 27.2736543337504 27.2910539309184 27.3084535280863 27.3258531252543 27.3432527224223 27.3543126953973 27.3463537957933 27.3383948961894 27.3304359965854 27.3224770969815 27.3145181973775 27.3065592977736 27.2986003981696 27.3116412321726 27.331681977378 27.3517227225833 27.3717634677887 27.391804212994 27.4118449581994 27.4318857034047 27.447168774075 27.4481788211398 27.4491888682047 27.4501989152696 27.4512089623345 27.4522190093994 27.4532290564643 27.4542391035292 27.4145535786947 27.361302863227 27.3080521477593 27.2548014322917 27.201550716824 27.1483000013563 27.0950492858887 27.0455778969659 27.0074444876777 26.9693110783895 26.9311776691013 26.8930442598131 26.8549108505249
