data/working_set_collections/6091692-Cassins_Sparrow-MC/2010/bio12.asc
NCOLS 265 
NROWS 230 
XLLCORNER -115.5625 
YLLCORNER 24.8333333333333 
CELLSIZE 0.0833333333333333 
NODATA_value -9999 
[rows 180 to 199 of 230, columns 46 to 91 of 265]
310.511028289795 318.450306786431 326.389585283068 334.328863779704 342.268142276339 350.207420772976 351.406159464519 350.358051554363 349.309943644207 348.26183573405 347.213727823894 346.165619913737 345.117512003581 347.556836022268 360.4584558275 373.360075632729 386.261695437959 399.16331524319 412.06493504842 424.966554853649 437.86817465888 446.967041015624 454.798322889538 462.629604763454 470.460886637368 478.292168511283 486.123450385198 493.954732259113 501.414142439098 507.757937537297 514.101732635496 520.445527733694 526.789322831894 533.133117930092 539.47691302829 545.82070812649 547.721648661294 548.141637674965 548.561626688637 548.981615702309 549.401604715981 549.821593729653 550.241582743325 548.121751573351 538.38245985243 528.64316813151
303.374039459228 311.65675125122 319.939463043213 328.222174835205 336.504886627196 344.787598419189 346.503536987306 346.030551147462 345.557565307618 345.084579467774 344.61159362793 344.138607788086 343.665621948243 346.481893157956 359.165935516356 371.849977874754 384.534020233152 397.218062591552 409.902104949949 422.586147308347 435.270189666747 445.021166992186 453.794455973306 462.567744954426 471.341033935545 480.114322916664 488.887611897785 497.660900878904 505.975172678627 512.912392934162 519.849613189695 526.786833445228 533.724053700763 540.661273956296 547.59849421183 554.535714467364 556.804472351073 557.517076110838 558.229679870604 558.942283630369 559.654887390135 560.3674911499 561.080094909666 559.135648600261 549.220052083333 539.304455566406
296.237050628662 304.863195716009 313.489340803358 322.115485890706 330.741630978053 339.367776065402 341.600914510092 341.70305074056 341.805186971029 341.907323201498 342.009459431966 342.111595662435 342.213731892904 345.406950293644 357.873415205212 370.339880116779 382.806345028345 395.272809939913 407.739274851479 420.205739763045 432.672204674614 443.075292968749 452.790589057073 462.505885145398 472.221181233722 481.936477322046 491.651773410372 501.367069498696 510.536202918156 518.066848331026 525.597493743894 533.128139156763 540.658784569632 548.189429982501 555.720075395369 563.250720808239 565.887296040851 566.892514546711 567.89773305257 568.902951558429 569.908170064289 570.913388570148 571.918607076007 570.149545627171 560.057644314236 549.965743001302
289.100061798096 298.069640180799 307.039218563504 316.008796946207 324.978375328911 333.947953711616 336.698292032878 337.37555033366 338.052808634441 338.730066935222 339.407325236003 340.084583536784 340.761841837565 344.332007429332 356.580894894069 368.829782358804 381.078669823538 393.327557288275 405.576444753009 417.825332217744 430.074219682481 441.129418945311 451.78672214084 462.44402533637 473.101328531899 483.758631727428 494.415934922958 505.073238118487 515.097233157685 523.22130372789 531.345374298093 539.469444868297 547.593515438501 555.717586008705 563.841656578908 571.965727149113 574.97011973063 576.267952982582 577.565786234536 578.863619486489 580.161452738442 581.459285990395 582.757119242348 581.16344265408 570.895236545138 560.627030436198
281.963072967529 291.276084645588 300.589096323649 309.902108001708 319.215119679768 328.528131357829 331.795669555665 333.048049926758 334.300430297852 335.552810668946 336.805191040039 338.057571411133 339.309951782227 343.25706456502 355.288374582925 367.319684600828 379.350994618731 391.382304636636 403.413614654539 415.444924672442 427.476234690347 439.183544921873 450.782855224607 462.382165527342 473.981475830076 485.58078613281 497.180096435545 508.779406738279 519.658263397214 528.375759124754 537.093254852292 545.810750579831 554.528246307371 563.245742034909 571.963237762448 580.680733489988 584.052943420408 585.643391418455 587.233839416502 588.824287414549 590.414735412596 592.005183410643 593.595631408689 592.17733968099 581.732828776041 571.288317871094
274.826084136962 284.482529110377 294.138974083794 303.79541905721 313.451864030625 323.108309004042 326.893047078451 328.720549519857 330.548051961263 332.375554402669 334.203056844075 336.030559285482 337.858061726888 342.182121700708 353.995854271782 365.809586842853 377.623319413924 389.437051984998 401.250784556069 413.064517127141 424.878249698214 437.237670898436 449.778988308374 462.320305718315 474.861623128253 487.402940538191 499.944257948132 512.48557535807 524.219293636743 533.530214521618 542.841135406492 552.152056291365 561.46297717624 570.773898061114 580.084818945987 589.395739830862 593.135767110187 595.018829854328 596.901892598468 598.784955342609 600.668018086749 602.55108083089 604.434143575031 603.1912367079 592.570421006944 581.94960530599
266.485331217448 276.403689914279 286.322048611112 296.240407307943 306.158766004774 316.077124701606 320.137568410239 322.245373789471 324.353179168703 326.460984547934 328.568789927166 330.676595306398 332.78440068563 337.312004428439 349.09900326199 360.88600209554 372.67300092909 384.459999762641 396.246998596191 408.033997429741 419.820996263292 432.822773742675 446.229477437335 459.636181131998 473.042884826659 486.449588521319 499.856292215982 513.262995910643 525.846787516274 535.961842854817 546.076898193357 556.191953531898 566.307008870441 576.422064208982 586.537119547523 596.652174886065 600.951646931964 603.312591213648 605.673535495332 608.034479777016 610.3954240587 612.756368340384 615.117312622068 614.291237216526 603.904102749294 593.516968282063
-9999 267.039567057291 277.138319905599 287.237072753906 297.335825602213 307.434578450521 311.529233551026 313.622522735597 315.715811920167 317.809101104737 319.902390289308 321.995679473878 324.088968658448 328.646712748208 340.597821553548 352.548930358886 364.500039164224 376.451147969564 388.402256774902 400.35336558024 412.304474385579 425.938853454589 440.134322611489 454.329791768391 468.525260925291 482.720730082191 496.916199239094 511.111668395994 524.540745035805 535.670644124348 546.800543212889 557.930442301429 569.060341389972 580.190240478513 591.320139567054 602.450038655597 607.500582885741 610.524675496417 613.548768107095 616.572860717771 619.596953328448 622.621045939126 625.645138549802 625.477341206869 615.733874003092 605.990406799316
-9999 -9999 -9999 278.233738199869 288.512885199652 298.792032199436 302.920898691814 304.999671681723 307.078444671632 309.157217661541 311.235990651449 313.314763641358 315.393536631267 319.981421067978 332.096639845106 344.211858622232 356.327077399358 368.442296176486 380.557514953612 392.672733730738 404.787952507866 419.054933166502 434.039167785642 449.023402404784 464.007637023924 478.991871643064 493.976106262206 508.960340881345 523.234702555336 535.379445393879 547.52418823242 559.66893107096 571.813673909503 583.958416748044 596.103159586585 608.247902425128 614.049518839517 617.736759779187 621.424000718857 625.111241658527 628.798482598197 632.485723537867 636.172964477537 636.663445197212 627.56364525689 618.463845316569
-9999 -9999 -9999 -9999 279.689944797091 290.149485948351 294.312563832602 296.37682062785 298.441077423097 300.505334218345 302.569591013592 304.633847808839 306.698104604087 311.316129387749 323.595458136665 335.874786885579 348.154115634493 360.43344438341 372.712773132324 384.992101881238 397.271430630154 412.171012878417 427.944012959796 443.717013041178 459.490013122557 475.263013203936 491.036013285318 506.809013366697 521.928660074867 535.08824666341 548.247833251951 561.407419840491 574.567006429034 587.726593017575 600.886179606116 614.045766194659 620.598454793292 624.948844061955 629.299233330619 633.649622599281 638.000011867944 642.350401136608 646.700790405271 647.849549187554 639.393416510687 630.93728383382
-9999 -9999 -9999 -9999 -9999 281.506939697266 285.70422897339 287.753969573976 289.803710174562 291.853450775148 293.903191375733 295.95293197632 298.002672576905 302.650837707518 315.094276428223 327.537715148925 339.981153869628 352.424592590332 364.868031311034 377.311470031737 389.754908752441 405.28709259033 421.848858133949 438.410623677571 454.972389221189 471.534154764808 488.09592030843 504.657685852048 520.622617594398 534.797047932941 548.971478271482 563.145908610023 577.320338948566 591.494769287106 605.669199625647 619.84362996419 627.147390747068 632.160928344724 637.174465942381 642.188003540037 647.201541137693 652.215078735349 657.228616333005 659.035653177897 651.223187764485 643.410722351073
-9999 -9999 -9999 -9999 -9999 -9999 277.095894114177 279.131118520102 281.166342926026 283.201567331951 285.236791737875 287.2720161438 289.307240549724 293.985546027288 306.593094719781 319.200643412271 331.808192104762 344.415740797254 357.023289489745 369.630838182236 382.238386874728 398.403172302244 415.753703308102 433.104234313964 450.454765319822 467.80529632568 485.155827331541 502.5063583374 519.316575113929 534.505849202472 549.695123291013 564.884397379554 580.073671468097 595.262945556637 610.452219645178 625.641493733721 633.696326700844 639.373012627493 645.049698554143 650.726384480792 656.403070407441 662.079756334091 667.75644226074 670.22175716824 663.052959018283 655.884160868326
-9999 -9999 -9999 -9999 -9999 -9999 -9999 272.980725775825 274.919099256728 276.857472737631 278.795846218533 280.734219699436 282.672593180339 287.282585228812 299.907432980007 312.5322807312 325.157128482393 337.781976233588 350.406823984781 363.031671735974 375.656519487169 392.110987854002 409.84199642605 427.5730049981 445.304013570148 463.035022142195 480.766030714246 498.497039286294 515.809463246661 531.866133371988 547.922803497313 563.979473622637 580.036143747964 596.092813873289 612.149483998613 628.20615412394 636.830264790852 642.976855638291 649.123446485731 655.270037333169 661.416628180608 667.563219028048 673.709809875487 676.75523139106 670.497144911024 664.23905843099
-9999 -9999 -9999 -9999 -9999 -9999 -9999 -9999 271.061979166667 272.821166992188 274.580354817709 276.33954264323 278.09873046875 282.541955312091 295.037291208902 307.532627105712 320.027963002521 332.523298899332 345.018634796141 357.513970692951 370.009306589762 386.410539245603 404.11373748779 421.816935729979 439.520133972166 457.223332214352 474.926530456542 492.629728698728 510.101281992592 526.877900441487 543.654518890379 560.431137339271 577.207755788166 593.984374237058 610.76099268595 627.537611134845 636.549205017089 642.972457377114 649.395709737141 655.818962097167 662.242214457192 668.665466817219 675.088719177245 678.636075846355 673.555745442708 668.475415039063
-9999 -9999 -9999 -9999 -9999 -9999 -9999 -9999 -9999 -9999 -9999 -9999 -9999 277.80132539537 290.167149437798 302.532973480223 314.898797522649 327.264621565076 339.630445607502 351.996269649927 364.362093692355 380.710090637205 398.38547854953 416.060866461859 433.736254374184 451.411642286509 469.087030198838 486.762418111163 504.393100738522 521.889667510985 539.386234283445 556.882801055905 574.379367828368 591.875934600827 609.372501373287 626.86906814575 636.268145243326 642.968059115938 649.667972988552 656.367886861164 663.067800733777 669.76771460639 676.467628479003 680.51692030165 676.614345974392 672.711771647135
-9999 -9999 -9999 -9999 -9999 -9999 -9999 -9999 -9999 -9999 -9999 -9999 -9999 273.060695478649 285.297007666693 297.533319854735 309.769632042777 322.005944230821 334.242256418863 346.478568606905 358.714880794949 375.009642028807 392.657219611271 410.304797193738 427.952374776203 445.599952358667 463.247529941134 480.895107523598 498.684919484453 516.901434580484 535.117949676511 553.334464772539 571.55097986857 589.767494964597 607.984010060624 626.200525156655 635.987085469563 642.963660854762 649.940236239962 656.916811625161 663.893387010361 670.869962395561 677.84653778076 682.397764756945 679.672946506076 676.948128255208
-9999 -9999 -9999 -9999 -9999 -9999 -9999 -9999 -9999 -9999 -9999 -9999 -9999 268.320065561928 280.426865895589 292.533666229247 304.640466562905 316.747266896565 328.854067230223 340.960867563882 353.067667897542 369.309193420408 386.928960673011 404.548727925617 422.168495178221 439.788262430824 457.40802968343 475.027796936033 492.976738230384 511.913201649982 530.849665069578 549.786128489173 568.722591908771 587.659055328366 606.595518747961 625.53198216756 635.7060256958 642.959262593586 650.212499491373 657.465736389159 664.718973286945 671.972210184732 679.225447082518 684.27860921224 682.73154703776 681.184484863281
-9999 -9999 -9999 -9999 -9999 -9999 -9999 -9999 -9999 -9999 -9999 -9999 -9999 263.579435645207 275.556724124484 287.534012603758 299.511301083033 311.48858956231 323.465878041584 335.443166520858 347.420455000135 363.60874481201 381.200701734752 398.792658657497 416.384615580239 433.976572502981 451.568529425726 469.160486348468 487.268556976315 506.924968719481 526.581380462644 546.237792205807 565.894203948973 585.550615692136 605.207027435298 624.863439178465 635.424965922036 642.954864332409 650.484762742783 658.014661153156 665.544559563529 673.074457973903 680.604356384276 686.159453667535 685.790147569444 685.420841471354
-9999 -9999 -9999 -9999 -9999 -9999 -9999 -9999 -9999 -9999 -9999 -9999 -9999 259.884846369423 271.987774531046 284.090702692666 296.193630854286 308.296559015909 320.399487177529 332.502415339149 344.605343500772 360.590915425616 377.870701938202 395.15048845079 412.430274963376 429.710061475962 446.989847988551 464.269634501137 482.225834401445 502.211274464924 522.196714528399 542.182154591875 562.167594655353 582.153034718829 602.138474782304 622.123914845783 632.936885070801 640.692365349663 648.447845628526 656.203325907389 663.958806186251 671.714286465115 679.469766743977 685.48561706543 686.282577514649 687.079537963867
-9999 -9999 -9999 -9999 -9999 -9999 -9999 -9999 -9999 -9999 -9999 -9999 -9999 -9999 269.720017115274 282.20373649597 294.687455876666 307.171175257364 319.65489463806 332.138614018755 344.622333399453 360.255705261228 376.938961283362 393.6222173055 410.305473327634 426.988729349769 443.671985371906 460.355241394041 477.848570505774 497.77211888631 517.695667266843 537.619215647376 557.542764027912 577.466312408445 597.389860788977 617.313409169514 628.241783142089 636.171765645344 644.1017481486 652.031730651855 659.96171315511 667.891695658366 675.82167816162 682.257099405925 684.208836873373 686.16057434082
