data/working_set_collections/6091692-Cassins_Sparrow-MC/2010/bio12.asc
NCOLS 265 
NROWS 230 
XLLCORNER -115.5625 
YLLCORNER 24.8333333333333 
CELLSIZE 0.0833333333333333 
NODATA_value -9999 
[rows 20 to 39 of 230, columns 46 to 91 of 265]
590.678496805827 598.462678527832 606.246860249838 614.031041971843 621.815223693848 629.599405415854 631.150215148928 630.623234219024 630.09625328912 629.569272359215 629.042291429311 628.515310499407 627.988329569503 622.778687879783 603.521063910596 584.263439941413 565.00581597223 545.748192003043 526.49056803386 507.232944064677 487.975320095491 470.858379618332 454.455000305182 438.051620992029 421.648241678879 405.244862365729 388.841483052576 372.438103739426 358.133104790585 350.123246934682 342.113389078779 334.103531222877 326.093673366973 318.08381551107 310.073957655168 302.064099799264 302.044531758627 304.688393656413 307.3322555542 309.976117451986 312.619979349773 315.263841247559 317.907703145346 317.855055999759 309.712881724042 301.570707448326
578.172046407064 585.289728291829 592.407410176596 599.525092061361 606.642773946126 613.760455830893 614.025791931155 612.007012769913 609.988233608672 607.969454447431 605.95067528619 603.931896124949 601.913116963708 595.978949652785 578.2986178928 560.618286132818 542.937954372836 525.257622612851 507.57729085287 489.896959092888 472.216627332903 455.542780049646 439.204427591965 422.866075134281 406.5277226766 390.189370218918 373.851017761234 357.512665303553 343.488086615672 336.404829237199 329.321571858727 322.238314480255 315.155057101782 308.07179972331 300.988542344838 293.905284966365 294.122893778484 296.774124654134 299.425355529786 302.076586405437 304.727817281088 307.379048156739 310.03027903239 310.245856475833 303.154473622641 296.063090769452
565.665596008302 572.116778055828 578.567960103354 585.01914215088 591.470324198406 597.921506245933 596.901368713382 593.390791320805 589.880213928227 586.369636535649 582.859059143071 579.348481750493 575.837904357915 569.179211425789 553.076171875006 536.973132324226 520.870092773445 504.767053222662 488.664013671881 472.5609741211 456.457934570317 440.227180480962 423.95385487875 407.680529276534 391.407203674322 375.133878072109 358.860552469894 342.587226867681 328.843068440759 322.686411539717 316.529754638675 310.373097737634 304.216440836591 298.05978393555 291.903127034508 285.746470133466 286.201255798341 288.859855651856 291.518455505372 294.177055358888 296.835655212403 299.494255065919 302.152854919435 302.636656951907 296.596065521242 290.555474090578
553.159145609539 558.943827819825 564.728510030112 570.513192240398 576.297874450685 582.082556660972 579.776945495609 574.774569871694 569.772194247779 564.769818623865 559.76744299995 554.765067376035 549.76269175212 542.379473198792 527.85372585721 513.327978515631 498.802231174052 484.27648383247 469.750736490891 455.224989149311 440.69924180773 424.911580912277 408.703282165533 392.494983418787 376.286684672043 360.078385925299 343.870087178552 327.661788431808 314.198050265845 308.967993842233 303.737937418622 298.507880995012 293.2778245714 288.047768147789 282.817711724178 277.587655300566 278.279617818197 280.945586649577 283.611555480958 286.277524312338 288.943493143718 291.609461975098 294.275430806479 295.027457427981 290.037657419842 285.047857411704
544.394617207845 549.045586310492 553.696555413141 558.347524515788 562.998493618436 567.649462721084 564.490947469078 558.729270765519 552.96759406196 547.205917358401 541.444240654842 535.682563951283 529.920887247724 522.174468824603 508.473825242787 494.773181660974 481.07253807916 467.371894497345 453.671250915531 439.970607333718 426.269963751902 410.825263341272 394.79921065437 378.773157967465 362.747105280562 346.72105259366 330.694999906755 314.668947219853 301.453304375545 296.66889105903 291.884477742515 287.100064426001 282.315651109485 277.531237792971 272.746824476456 267.962411159941 269.2212474823 272.494500350952 275.767753219605 279.041006088257 282.314258956909 285.587511825562 288.860764694214 290.588831414118 287.681339687771 284.773847961426
539.372010803223 542.422053527833 545.472096252442 548.522138977052 551.572181701661 554.622224426271 551.043374633792 545.254894002282 539.466413370771 533.677932739261 527.889452107751 522.10097147624 516.31249084473 508.564198303228 494.936470031742 481.308741760258 467.681013488775 454.053285217289 440.425556945805 426.797828674322 413.170100402836 397.968227767949 382.241640345261 366.515052922571 350.788465499883 335.061878077195 319.335290654504 303.608703231816 290.60883076986 285.789103190107 280.969375610354 276.149648030602 271.329920450849 266.510192871096 261.690465291344 256.870737711591 259.02614479065 263.506596755982 267.987048721314 272.467500686646 276.947952651977 281.42840461731 285.908856582641 289.320778910319 289.527112325032 289.733445739745
534.349404398601 535.798520745172 537.247637091744 538.696753438315 540.145869784886 541.594986131458 537.595801798505 531.780517239044 525.965232679582 520.14994812012 514.334663560659 508.519379001196 502.704094441735 494.953927781852 481.399114820696 467.844301859542 454.289488898388 440.734675937232 427.179862976078 413.625050014925 400.070237053769 385.111192194625 369.684070036152 354.256947877675 338.829825719202 323.402703560728 307.975581402252 292.548459243779 279.764357164174 274.909315321183 270.054273478192 265.199231635202 260.344189792211 255.489147949221 250.634106106231 245.77906426324 248.831042099 254.518693161011 260.206344223023 265.893995285034 271.581646347045 277.269297409058 282.956948471069 288.052726406521 291.372884962293 294.693043518065
529.326797993979 529.174987962512 529.023177931045 528.871367899578 528.719557868111 528.567747836644 524.148228963219 518.306140475806 512.464051988392 506.621963500979 500.779875013566 494.937786526152 489.09569803874 481.343657260476 467.861759609649 454.379861958825 440.897964308002 427.416066657175 413.934169006351 400.452271355528 386.970373704701 372.254156621301 357.126499727042 341.99884283278 326.871185938521 311.743529044262 296.61587215 281.488215255741 268.919883558488 264.029527452259 259.139171346031 254.248815239803 249.358459133574 244.468103027346 239.577746921118 234.687390814889 238.635939407349 245.53078956604 252.425639724732 259.320489883422 266.215340042113 273.110190200805 280.005040359496 286.784673902722 293.218657599554 299.652641296385
524.304191589357 522.551455179852 520.798718770347 519.045982360842 517.293245951337 515.540509541832 510.700656127933 504.831763712569 498.962871297203 493.093978881839 487.225086466475 481.35619405111 475.487301635746 467.7333867391 454.324404398604 440.91542205811 427.506439717616 414.09745737712 400.688475036626 387.279492696132 373.870510355635 359.397121047978 344.568929417934 329.740737787886 314.912546157841 300.084354527797 285.256162897749 270.427971267705 258.075409952802 253.149739583336 248.22406921387 243.298398844404 238.372728474937 233.447058105471 228.521387736006 223.595717366539 228.440836715699 236.542885971069 244.644935226441 252.746984481811 260.849033737182 268.951082992553 277.053132247924 285.516621398924 295.064430236815 304.612239074705
519.281585184734 515.927922397191 512.574259609648 509.220596822105 505.866934034562 502.513271247018 497.253083292646 491.357386949331 485.461690606014 479.565994262698 473.670297919383 467.774601576066 461.87890523275 454.123116217724 440.787049187558 427.450982157394 414.114915127229 400.778848097063 387.442781066899 374.106714036734 360.770647006568 346.540085474654 332.011359108824 317.482632742991 302.953906377161 288.42518001133 273.896453645498 259.367727279667 247.230936347116 242.269951714412 237.308967081708 232.347982449004 227.3869978163 222.426013183596 217.465028550892 212.504043918188 218.245734024048 227.554982376098 236.864230728149 246.1734790802 255.48272743225 264.791975784301 274.101224136351 284.248568895125 296.910202874076 309.571836853025
519.434296417237 514.86800579495 510.301715172662 505.735424550375 501.169133928088 496.6028433058 491.484481302898 486.182095506457 480.879709710015 475.577323913575 470.274938117134 464.972552320692 459.670166524251 452.250411054825 438.478546566434 424.706682078045 410.934817589656 397.162953101265 383.391088612876 369.619224124487 355.847359636096 341.619518661501 327.239685524837 312.859852388171 298.480019251508 284.100186114844 269.720352978178 255.340519841514 243.325458484227 238.404712465075 233.483966445923 228.563220426772 223.64247440762 218.721728388469 213.800982369318 208.880236350166 214.885157012937 224.531966569686 234.178776126436 243.825585683185 253.472395239934 263.119204796684 272.766014353433 283.73171276516 298.654077741833 313.576442718503
524.762325286865 519.371705373129 513.981085459391 508.590465545655 503.199845631918 497.809225718181 493.394850158692 489.305889383952 485.216928609212 481.127967834472 477.039007059733 472.950046284993 468.861085510253 462.115271250409 447.398896535238 432.68252182007 417.966147104901 403.24977238973 388.533397674562 373.817022959394 359.100648244223 344.635420608522 330.253908665978 315.87239672343 301.490884780886 287.109372838341 272.727860895794 258.346348953249 246.358976364136 241.554021835327 236.749067306519 231.94411277771 227.139158248901 222.334203720093 217.529249191285 212.724294662475 218.359105682371 227.473838551837 236.588571421304 245.70330429077 254.818037160235 263.932770029703 273.047502899168 283.966053009029 300.296054840086 316.626056671139
530.090354156494 523.875404951308 517.660455746121 511.445506540935 505.230557335749 499.015608130562 495.305219014486 492.429683261448 489.554147508409 486.678611755371 483.803076002333 480.927540249294 478.052004496256 471.980131445993 456.319246504042 440.658361562095 424.997476620147 409.336591678196 393.675706736249 378.014821794301 362.35393685235 347.651322555544 333.268131807118 318.88494105869 304.501750310264 290.118559561838 275.73536881341 261.352178064984 249.392494244046 244.70333120558 240.014168167115 235.325005128649 230.635842090183 225.946679051717 221.257516013252 216.568352974786 221.833054351805 230.415710533987 238.998366716172 247.581022898354 256.163679080537 264.746335262721 273.328991444904 284.200393252898 301.938031938339 319.675670623776
535.418383026124 528.379104529488 521.339826032851 514.300547536215 507.261269039579 500.221990542942 497.21558787028 495.553477138943 493.891366407606 492.229255676269 490.567144944932 488.905034213595 487.242923482258 481.844991641577 465.239596472847 448.63420130412 432.028806135393 415.423410966662 398.818015797935 382.212620629208 365.607225460478 350.667224502566 336.282354948259 321.897485393949 307.512615839642 293.127746285335 278.742876731026 264.358007176719 252.426012123956 247.852640575833 243.27926902771 238.705897479588 234.132525931464 229.559154383342 224.985782835219 220.412411287096 225.307003021238 233.357582516138 241.408162011039 249.458741505939 257.509321000839 265.55990049574 273.61047999064 284.434733496768 303.580009036592 322.725284576412
540.746411895752 532.882804107667 525.01919631958 517.155588531495 509.29198074341 501.428372955323 499.125956726074 498.677271016438 498.228585306803 497.779899597167 497.331213887532 496.882528177896 496.43384246826 491.70985183716 474.159946441651 456.610041046144 439.060135650638 421.510230255128 403.960324859621 386.410419464115 368.860514068605 353.683126449587 339.296578089399 324.910029729209 310.52348136902 296.136933008833 281.750384648642 267.363836288454 255.459530003866 251.001949946086 246.544369888306 242.086789830526 237.629209772746 233.171629714966 228.714049657186 224.256469599406 228.780951690672 236.299454498289 243.817957305907 251.336460113524 258.854962921141 266.373465728759 273.891968536376 284.669073740637 305.221986134844 325.774898529049
546.074440765382 537.386503685847 528.69856660631 520.010629526775 511.32269244724 502.634755367704 501.036325581868 501.801064893934 502.565804206 503.330543518065 504.095282830131 504.860022142197 505.624761454263 501.574712032745 483.080296410456 464.585880788169 446.091465165883 427.597049543594 409.102633921308 390.608218299022 372.113802676732 356.699028396609 342.310801230539 327.922574064468 313.534346898399 299.14611973233 284.757892566258 270.369665400189 258.493047883776 254.151259316339 249.809470748902 245.467682181465 241.125893614027 236.78410504659 232.442316479154 228.100527911716 232.254900360106 239.24132648044 246.227752600775 253.214178721109 260.200604841442 267.187030961778 274.173457082111 284.903413984506 306.863963233097 328.824512481685
548.413945261639 538.947980160186 529.482015058731 520.016049957277 510.550084855824 501.084119754369 500.169967142741 502.10641869439 504.042870246039 505.979321797689 507.915773349338 509.852224900987 511.788676452636 508.290094841855 488.486413743763 468.682732645674 448.879051547585 429.075370449493 409.271689351404 389.468008253315 369.664327155222 354.246318435672 340.290200508969 326.334082582264 312.377964655561 298.421846728858 284.465728802153 270.50961087545 259.092544894749 255.292634752062 251.492724609376 247.692814466689 243.892904324002 240.092994181315 236.293084038629 232.493173895942 236.430427169798 242.946734915837 249.463042661878 255.979350407917 262.495658153956 269.011965899996 275.528273646035 286.038370090055 308.529832628035 331.021295166012
547.764925384523 537.567233530683 527.369541676841 517.171849823 506.97415796916 496.776466115318 496.526881408692 499.593332417806 502.65978342692 505.726234436035 508.792685445149 511.859136454264 514.925587463378 511.85600026449 490.378298441571 468.900596618656 447.422894795741 425.945192972822 404.467491149907 382.989789326992 361.512087504073 346.324996566776 333.234775924687 320.144555282595 307.054334640506 293.964113998417 280.873893356325 267.783672714236 257.258021036785 254.426076253256 251.594131469727 248.762186686198 245.930241902669 243.098297119141 240.266352335612 237.434407552083 241.307532119749 247.415679804482 253.523827489216 259.631975173949 265.740122858681 271.848270543415 277.956418228148 288.073942057286 310.219594319659 332.365246582027
547.115905507408 536.18648690118 525.25706829495 514.327649688723 503.398231082495 492.468812476266 492.883795674642 497.080246141221 501.276696607801 505.473147074381 509.66959754096 513.86604800754 518.06249847412 515.421905687125 492.27018313938 469.118460591638 445.966738043897 422.815015496151 399.66329294841 376.511570400668 353.359847852923 338.403674697879 326.179351340404 313.955027982926 301.73070462545 289.506381267975 277.282057910497 265.057734553022 255.42349717882 253.559517754449 251.695538330078 249.831558905708 247.967579481337 246.103600056966 244.239620632595 242.375641208224 246.1846370697 251.884624693127 257.584612316554 263.284599939981 268.984587563407 274.684575186834 280.384562810261 290.109514024517 311.909356011282 333.709197998043
546.466885630292 534.805740271677 523.14459491306 511.483449554446 499.822304195831 488.161158837214 489.240709940592 494.567159864637 499.893609788682 505.220059712727 510.546509636772 515.872959560817 521.199409484862 518.98781110976 494.162067837188 469.33632456462 444.510581292052 419.68483801948 394.859094746912 370.033351474344 345.207608201772 330.482352828982 319.12392675612 307.765500683257 296.407074610395 285.048648537533 273.690222464669 262.331796391807 253.588973320855 252.692959255643 251.79694519043 250.900931125217 250.004917060004 249.108902994791 248.212888929579 247.316874864366 251.061742019652 256.353569581772 261.645397143893 266.937224706013 272.229052268133 277.520879830254 282.812707392373 292.145085991748 313.599117702905 335.053149414059
