data/working_set_collections/6091692-Cassins_Sparrow-MC/2010/bio14.asc
NCOLS 265 
NROWS 230 
XLLCORNER -115.5625 
YLLCORNER 24.8333333333333 
CELLSIZE 0.0833333333333333 
NODATA_value -9999 
[rows 20 to 39 of 230, columns 135 to 179 of 265]
6.75313794612884 6.6312345266342 6.50933110713958 6.38742768764497 6.26552426815033 6.14362084865571 6.0217174291611 5.9797022819519 5.96431655883789 5.94893083572388 5.93354511260986 5.91815938949585 5.90277366638184 5.88738794326783 5.86723442872367 5.83277753988903 5.7983206510544 5.76386376221976 5.72940687338513 5.69494998455049 5.66049309571586 5.62603620688122 5.71098721424737 5.83574085368048 5.96049449311359 6.08524813254672 6.21000177197983 6.33475541141294 6.45950905084607 6.56240210135776 6.59971338510512 6.63702466885247 6.67433595259983 6.71164723634718 6.74895852009454 6.7862698038419 6.82358108758925 6.82883957227071 6.82341379059685 6.817988008923 6.81256222724914 6.80713644557528 6.80171066390142 6.79628488222757 6.77581784592734
7.05430996418 6.89483215808868 6.73535435199739 6.57587654590609 6.41639873981477 6.25692093372347 6.09744312763218 6.03442049026489 6.00354957580567 5.97267866134644 5.94180774688721 5.91093683242799 5.88006591796876 5.84919500350953 5.81754140059154 5.78353973229728 5.749538064003 5.71553639570873 5.68153472741446 5.64753305912019 5.61353139082592 5.57952972253165 5.67500488360721 5.81363898780608 5.95227309200495 6.09090719620384 6.22954130040271 6.36817540460158 6.50680950880048 6.6185257633527 6.64948846896488 6.68045117457707 6.71141388018925 6.74237658580143 6.77333929141362 6.8043019970258 6.83526470263798 6.849818054835 6.85890162256028 6.86798519028557 6.87706875801086 6.88615232573614 6.89523589346143 6.90431946118671 6.89480655325784
7.35548198223114 7.15842978954314 6.96137759685517 6.7643254041672 6.5672732114792 6.37022101879122 6.17316882610325 6.08913869857788 6.04278259277344 5.996426486969 5.95007038116456 5.90371427536012 5.85735816955568 5.81100206375123 5.76784837245943 5.73430192470552 5.70075547695161 5.66720902919771 5.6336625814438 5.60011613368989 5.56656968593599 5.53302323818208 5.63902255296705 5.79153712193168 5.94405169089631 6.09656625986097 6.24908082882559 6.40159539779022 6.55410996675488 6.67464942534763 6.69926355282464 6.72387768030165 6.74849180777866 6.77310593525567 6.79772006273269 6.8223341902097 6.84694831768671 6.87079653739928 6.89438945452371 6.91798237164814 6.94157528877257 6.96516820589699 6.98876112302142 7.01235404014585 7.01379526058832
7.65665400028231 7.42202742099762 7.18740084171297 6.95277426242832 6.71814768314364 6.48352110385898 6.24889452457434 6.14385690689087 6.08201560974122 6.02017431259157 5.9583330154419 5.89649171829225 5.8346504211426 5.77280912399294 5.71815534432731 5.68506411711377 5.65197288990022 5.61888166268668 5.58579043547314 5.55269920825959 5.51960798104605 5.48651675383252 5.60304022232689 5.76943525605728 5.93583028978767 6.10222532351809 6.26862035724848 6.43501539097887 6.60141042470928 6.73077308734257 6.7490386366844 6.76730418602625 6.78556973536808 6.80383528470992 6.82210083405176 6.8403663833936 6.85863193273544 6.89177501996357 6.92987728648714 6.96797955301071 7.00608181953429 7.04418408605786 7.08228635258142 7.120388619105 7.13278396791882
7.95521373218964 7.69072998364768 7.42624623510576 7.16176248656384 6.89727873802187 6.63279498947995 6.36831124093803 6.24295268456141 6.16396919223998 6.08498569991854 6.0060022075971 5.92701871527567 5.84803522295424 5.76905173063279 5.70253908236822 5.67343896627427 5.64433885018031 5.61523873408636 5.5861386179924 5.55703850189845 5.52793838580449 5.49883826971054 5.62222984631852 5.79645198716053 5.97067412800253 6.14489626884457 6.31911840968657 6.49334055052857 6.6675626913706 6.80094911919699 6.81182840797635 6.82270769675572 6.83358698553508 6.84446627431445 6.85534556309381 6.86622485187318 6.87710414065254 6.91191898187001 6.95471234056684 6.99750569926367 7.0402990579605 7.08309241665733 7.12588577535416 7.168679134051 7.18223816818663
8.25116117795312 7.96453747749329 7.67791377703351 7.39129007657373 7.1046663761139 6.81804267565413 6.53141897519435 6.3864260315895 6.28864334026972 6.19086064894995 6.09307795763016 5.99529526631038 5.89751257499061 5.79972988367082 5.72099958658219 5.69942647218704 5.6778533577919 5.65628024339676 5.63470712900162 5.61313401460647 5.59156090021133 5.56998778581619 5.69659142494197 5.87258731524144 6.04858320554091 6.22457909584041 6.40057498613988 6.57657087643935 6.75256676673885 6.88517752091088 6.88763286670048 6.89008821249007 6.89254355827966 6.89499890406925 6.89745424985885 6.89990959564844 6.90236494143803 6.93122842311858 6.96889461676279 7.00656081040699 7.0442270040512 7.08189319769541 7.11955939133961 7.15722558498382 7.16215786139173
8.54710862371661 8.23834497133892 7.92958131896128 7.62081766658365 7.31205401420596 7.00329036182832 6.69452670945068 6.5298993786176 6.41331748829948 6.29673559798137 6.18015370766323 6.06357181734511 5.94698992702699 5.83040803670885 5.73946009079615 5.72541397809982 5.71136786540349 5.69732175270716 5.68327564001083 5.6692295273145 5.65518341461817 5.64113730192184 5.77095300356543 5.94872264332236 6.1264922830793 6.30426192283626 6.4820315625932 6.65980120235013 6.8375708421071 6.96940592262479 6.96343732542461 6.95746872822443 6.95150013102425 6.94553153382407 6.93956293662389 6.93359433942371 6.92762574222353 6.95053786436716 6.98307689295874 7.01561592155032 7.0481549501419 7.08069397873348 7.11323300732506 7.14577203591664 7.14207755459682
8.84305606948011 8.51215246518456 8.18124886088906 7.85034525659356 7.51944165229801 7.18853804800251 6.85763444370701 6.67337272564571 6.53799163632924 6.40261054701278 6.26722945769629 6.13184836837983 5.99646727906336 5.86108618974688 5.75792059501012 5.7514014840126 5.74488237301508 5.73836326201756 5.73184415102005 5.72532504002253 5.71880592902501 5.71228681802749 5.84531458218888 6.02485797140328 6.20440136061768 6.38394474983211 6.56348813904651 6.74303152826091 6.92257491747534 7.05363432433869 7.03924178414874 7.02484924395879 7.01045670376883 6.99606416357888 6.98167162338892 6.96727908319897 6.95288654300902 6.96984730561574 6.99725916915469 7.02467103269364 7.0520828962326 7.07949475977155 7.10690662331051 7.13431848684946 7.12199724780192
9.13900351524358 8.78595995903017 8.43291640281681 8.07987284660345 7.72682929039004 7.37378573417668 7.02074217796333 6.8168460726738 6.66266578435899 6.50848549604418 6.35430520772935 6.20012491941454 6.04594463109974 5.8917643427849 5.77638109922409 5.77738898992538 5.77839688062667 5.77940477132796 5.78041266202926 5.78142055273055 5.78242844343184 5.78343633413314 5.91967616081233 6.1009932994842 6.28231043815606 6.46362757682796 6.64494471549982 6.82626185417169 7.00757899284358 7.13786272605259 7.11504624287287 7.09222975969314 7.06941327651341 7.04659679333369 7.02378031015396 7.00096382697423 6.97814734379451 6.98915674686431 7.01144144535064 7.03372614383697 7.0560108423233 7.07829554080963 7.10058023929595 7.12286493778229 7.10191694100702
9.43495096100708 9.0597674528758 8.68458394474458 8.30940043661337 7.93421692848209 7.55903342035088 7.18384991221966 6.9603194197019 6.78733993238875 6.6143604450756 6.44138095776242 6.26840147044927 6.09542198313611 5.92244249582293 5.79484160343805 5.80337649583816 5.81191138823826 5.82044628063837 5.82898117303847 5.83751606543858 5.84605095783868 5.85458585023879 5.99403773943579 6.17712862756512 6.36021951569445 6.54331040382381 6.72640129195314 6.90949218008247 7.09258306821183 7.2220911277665 7.190850701597 7.1596102754275 7.128369849258 7.0971294230885 7.065888996919 7.0346485707495 7.00340814458 7.00846618811289 7.02562372154659 7.04278125498029 7.059938788414 7.0770963218477 7.0942538552814 7.11141138871511 7.08183663421211
9.71446594264781 9.31681770881021 8.91916947497268 8.52152124113516 8.12387300729756 7.72622477346004 7.32857653962251 7.09063631693524 6.90593209796485 6.72122787899445 6.53652366002403 6.35181944105363 6.16711522208324 5.98241100311281 5.84666660494273 5.85780166917376 5.86893673340478 5.88007179763581 5.89120686186683 5.90234192609786 5.91347699032888 5.92461205455991 6.05765580733614 6.23133578962746 6.40501577191878 6.57869575421013 6.75237573650145 6.92605571879277 7.09973570108412 7.22129555543266 7.18649502595268 7.15169449647269 7.11689396699271 7.08209343751273 7.04729290803275 7.01249237855277 6.97769184907279 6.97391172250113 6.98047173023225 6.98703173796337 6.99359174569449 7.00015175342561 7.00671176115674 7.01327176888786 6.97516719367775
9.97754846016573 9.55711072683338 9.13667299350109 8.7162352601688 8.29579752683644 7.87535979350415 7.45492206017186 7.20779676437379 7.01844228108726 6.82908779780074 6.63973331451417 6.45037883122765 6.26102434794112 6.07166986465456 5.93185610373813 5.94066450993218 5.94947291612624 5.95828132232029 5.96708972851434 5.97589813470839 5.98470654090244 5.99351494709649 6.11053036451336 6.26361478567119 6.41669920682902 6.56978362798688 6.72286804914472 6.87595247030255 7.0290368914604 7.13547600905103 7.10197921593986 7.06848242282869 7.03498562971753 7.00148883660637 6.9679920434952 6.93449525038403 6.90099845727287 6.88549335002901 6.87598547140759 6.86647759278618 6.85696971416476 6.84746183554334 6.83795395692193 6.82844607830051 6.78190861940391
10.2406309776837 9.79740374485656 9.35417651202951 8.91094927920245 8.46772204637533 8.02449481354827 7.58126758072122 7.32495721181235 7.13095246420969 6.93694771660703 6.74294296900433 6.54893822140167 6.354933473799 6.16092872619631 6.01704560253354 6.02352735069062 6.0300090988477 6.03649084700477 6.04297259516185 6.04945434331893 6.055936091476 6.06241783963308 6.16340492169059 6.29589378171493 6.42838264173928 6.56087150176364 6.69336036178798 6.82584922181232 6.95833808183669 7.04965646266939 7.01746340592704 6.98527034918469 6.95307729244234 6.92088423569999 6.88869117895764 6.85649812221529 6.82430506547294 6.79707497755688 6.77149921258293 6.74592344760897 6.72034768263501 6.69477191766106 6.6691961526871 6.64362038771314 6.58865004513005
10.5037134952016 10.0376967628797 9.57168003055793 9.10566329823611 8.63964656591421 8.1736298335924 7.70761310127058 7.44211765925092 7.24346264733212 7.04480763541332 6.84615262349449 6.64749761157569 6.44884259965689 6.25018758773806 6.10223510132895 6.10639019144905 6.11054528156915 6.11470037168926 6.11885546180936 6.12301055192946 6.12716564204957 6.13132073216967 6.21627947886782 6.32817277775868 6.44006607664953 6.5519593755404 6.66385267443125 6.7757459733221 6.88763927221297 6.96383691628776 6.93294759591422 6.90205827554068 6.87116895516715 6.84027963479362 6.80939031442008 6.77850099404654 6.74761167367301 6.70865660508475 6.66701295375826 6.62536930243177 6.58372565110527 6.54208199977877 6.50043834845228 6.45879469712578 6.39539147085619
10.7667960127196 10.2779897809029 9.78918354908633 9.30037731726975 8.81157108545309 8.32276485363651 7.83395862181993 7.55927810668947 7.35597283045454 7.1526675542196 6.94936227798464 6.7460570017497 6.54275172551477 6.3394464492798 6.18742460012434 6.18925303220747 6.1910814642906 6.19290989637373 6.19473832845687 6.19656676054 6.19839519262313 6.20022362470626 6.26915403604505 6.36045177380241 6.45174951155978 6.54304724931715 6.63434498707452 6.72564272483188 6.81694046258926 6.87801736990613 6.84843178590141 6.81884620189669 6.78926061789197 6.75967503388725 6.73008944988252 6.70050386587781 6.67091828187309 6.62023823261263 6.5625266949336 6.50481515725457 6.44710361957553 6.3893920818965 6.33168054421747 6.27396900653843 6.20213289658234
11.0298785302375 10.5182827989261 10.0066870676147 9.4950913363034 8.98349560499198 8.47189987368063 7.96030414236929 7.67643855412803 7.46848301357696 7.2605274730259 7.05257193247479 6.84461639192373 6.63666085137266 6.42870531082156 6.27261409891975 6.27211587296591 6.27161764701206 6.27111942105822 6.27062119510438 6.27012296915053 6.26962474319669 6.26912651724285 6.32202859322228 6.39273076984615 6.46343294647003 6.53413512309391 6.60483729971778 6.67553947634166 6.74624165296554 6.79219782352449 6.76391597588859 6.73563412825268 6.70735228061678 6.67907043298087 6.65078858534497 6.62250673770906 6.59422489007316 6.53181986014051 6.45804043610894 6.38426101207737 6.31048158804579 6.23670216401422 6.16292273998265 6.08914331595107 6.00887432230848
11.3497518367239 10.7974852442742 10.2452186518246 9.69295205937505 9.14068546692538 8.58841887447581 8.03615228202623 7.74362542629245 7.53767848279746 7.33173153930246 7.12578459580742 6.91983765231243 6.71389070881743 6.50794376532239 6.35133281018998 6.3427298201455 6.33412683010101 6.32552384005652 6.31692085001204 6.30831785996755 6.29971486992306 6.29111187987858 6.32689445018768 6.37747220728132 6.42804996437496 6.47862772146861 6.52920547856225 6.57978323565589 6.63036099274954 6.66034611728459 6.62855334414379 6.59676057100299 6.56496779786219 6.53317502472139 6.50138225158059 6.46958947843979 6.43779670529899 6.37441523869836 6.30050420761112 6.22659317652389 6.15268214543664 6.0787711143494 6.00486008326216 5.93094905217491 5.85604752964447
11.7264159321786 11.1155971169472 10.5047783017159 9.89395948648467 9.28314067125329 8.672321856022 8.06150304079073 7.76083872318271 7.56355923811599 7.36627975304926 7.16900026798251 6.97172078291579 6.77444129784906 6.57716181278231 6.42358073393503 6.40109487374623 6.37860901355743 6.35612315336863 6.33363729317983 6.31115143299103 6.28866557280223 6.26617971261343 6.28375160694122 6.31467608610789 6.34560056527456 6.37652504444124 6.4074495236079 6.43837400277457 6.46929848194124 6.48246225118641 6.442343890667 6.40222553014759 6.36210716962819 6.32198880910878 6.28187044858937 6.24175208806996 6.20163372755056 6.14802436828618 6.08991800944015 6.03181165059412 5.97370529174809 5.91559893290206 5.85749257405603 5.79938621520999 5.74365251859032
12.1030800276334 11.4337089896203 10.7643379516073 10.0949669135943 9.4255958755812 8.75622483756821 8.08685379955522 7.77805202007297 7.58943999343452 7.40082796679608 7.2122159401576 7.02360391351915 6.83499188688071 6.64637986024223 6.49582865768008 6.45945992734697 6.42309119701385 6.38672246668074 6.35035373634763 6.31398500601451 6.2776162756814 6.24124754534829 6.24060876369477 6.25187996493446 6.26315116617416 6.27442236741385 6.28569356865354 6.29696476989324 6.30823597113293 6.30457838508821 6.2561344371902 6.20769048929218 6.15924654139417 6.11080259349615 6.06235864559813 6.01391469770012 5.96547074980211 5.92163349787398 5.87933181126916 5.83703012466435 5.79472843805952 5.7524267514547 5.71012506484989 5.66782337824506 5.63125750753617
12.4797441230882 11.7518208622933 11.0238976014986 10.2959743407039 9.56805107990911 8.84012781911442 8.11220455831972 7.79526531696322 7.61532074875306 7.43537618054289 7.25543161233269 7.07548704412252 6.89554247591235 6.71559790770215 6.56807658142514 6.51782498094771 6.46757338047028 6.41732177999285 6.36707017951543 6.31681857903799 6.26656697856057 6.21631537808314 6.19746592044831 6.18908384376103 6.18070176707375 6.17231969038647 6.16393761369919 6.15555553701191 6.14717346032462 6.12669451899002 6.0699249837134 6.01315544843677 5.95638591316015 5.89961637788353 5.8428468426069 5.78607730733028 5.72930777205366 5.69524262746178 5.66874561309817 5.64224859873457 5.61575158437096 5.58925457000735 5.56275755564374 5.53626054128013 5.51886249648201
