data/working_set_collections/6091692-Cassins_Sparrow-MC/2010/bio12.asc
NCOLS 265 
NROWS 230 
XLLCORNER -115.5625 
YLLCORNER 24.8333333333333 
CELLSIZE 0.0833333333333333 
NODATA_value -9999 
[rows 0 to 19 of 230, columns 184 to 229 of 265]
505.067228444417 509.789301130506 514.511373816595 517.779807281494 520.563694339328 523.347581397162 526.131468454997 528.915355512831 531.699242570665 534.483129628499 537.14651743571 539.448407491048 541.750297546387 544.052187601725 546.354077657063 548.655967712402 550.957857767741 553.259747823079 554.518039449056 555.428464931912 556.338890414768 557.249315897624 558.15974138048 559.070166863336 559.980592346192 560.464918009441 559.670944213868 558.876970418295 558.082996622722 557.289022827149 556.495049031576 555.701075236003 554.90710144043 556.619992574056 559.168505350749 561.717018127441 564.265530904134 566.814043680826 569.362556457519 571.911069234212 575.096788024901 580.194124857583 585.291461690266 590.388798522948 595.48613535563 600.583472188312
504.960999298095 508.864994049071 512.768988800048 515.573394012451 518.011269378662 520.449144744873 522.887020111084 525.324895477295 527.762770843505 530.200646209717 532.706100972493 535.414293924967 538.122486877441 540.830679829915 543.538872782389 546.247065734863 548.955258687337 551.663451639811 552.856510925293 553.544525655111 554.232540384928 554.920555114746 555.608569844564 556.296584574382 556.984599304199 557.268797810873 556.341547648113 555.414297485352 554.487047322592 553.559797159831 552.632546997071 551.70529683431 550.77804667155 552.842485046387 555.904152933756 558.965820821126 562.027488708496 565.089156595865 568.150824483235 571.212492370605 574.946837870279 580.699216206867 586.451594543456 592.203972880044 597.956351216632 603.708729553221
504.854770151774 507.940686967637 511.026603783501 513.366980743408 515.458844417996 517.550708092583 519.642571767171 521.734435441759 523.826299116346 525.918162790935 528.265684509277 531.380180358886 534.494676208496 537.609172058105 540.723667907714 543.838163757324 546.952659606933 550.067155456542 551.19498240153 551.66058637831 552.126190355089 552.591794331869 553.057398308648 553.523002285428 553.988606262207 554.072677612305 553.012151082358 551.95162455241 550.891098022462 549.830571492514 548.770044962566 547.709518432618 546.64899190267 549.064977518717 552.639800516764 556.214623514811 559.789446512858 563.364269510904 566.939092508951 570.513915506998 574.796887715656 581.20430755615 587.611727396646 594.01914723714 600.426567077635 606.83398691813
504.748541005452 507.016379886203 509.284218766954 511.160567474365 512.90641945733 514.652271440294 516.398123423259 518.143975406223 519.889827389187 521.635679372152 523.825268046061 527.346066792805 530.866865539551 534.387664286295 537.90846303304 541.429261779785 544.950060526529 548.470859273274 549.533453877767 549.776647101508 550.01984032525 550.263033548991 550.506226772732 550.749419996474 550.992613220215 550.876557413738 549.682754516602 548.488951619467 547.295148722331 546.101345825196 544.90754292806 543.713740030925 542.51993713379 545.287469991048 549.375448099772 553.463426208495 557.55140431722 561.639382425943 565.727360534667 569.815338643391 574.646937561033 581.709398905434 588.771860249836 595.834321594236 602.896782938637 609.959244283039
504.642311859131 506.092072804769 507.541833750407 508.954154205322 510.353994496663 511.753834788004 513.153675079346 514.553515370687 515.953355662028 517.353195953369 519.384851582845 523.311953226725 527.239054870605 531.166156514485 535.093258158365 539.020359802246 542.947461446126 546.874563090005 547.871925354004 547.892707824707 547.91349029541 547.934272766114 547.955055236817 547.97583770752 547.996620178223 547.68043721517 546.353357950847 545.026278686524 543.699199422201 542.372120157878 541.045040893555 539.717961629232 538.39088236491 541.509962463378 546.111095682779 550.71222890218 555.313362121581 559.914495340982 564.515628560383 569.116761779784 574.496987406411 582.214490254718 589.931993103026 597.649495951333 605.36699879964 613.084501647948
504.536082712809 505.167765723334 505.79944873386 506.74774093628 507.801569535997 508.855398135715 509.909226735433 510.963055335151 512.016883934869 513.070712534587 514.944435119629 519.277839660644 523.61124420166 527.944648742675 532.27805328369 536.611457824707 540.944862365722 545.278266906737 546.210396830241 546.008768547906 545.807140265571 545.605511983236 545.403883700901 545.202255418566 545.000627136231 544.484317016602 543.023961385092 541.563605753582 540.103250122071 538.642894490561 537.18253885905 535.72218322754 534.26182759603 537.732454935709 542.846743265787 547.961031595865 553.075319925944 558.189608256021 563.303896586099 568.418184916178 574.347037251788 582.719581604001 591.092125956216 599.464670308429 607.837214660642 616.209759012856
504.643914286295 504.926534864637 505.209155442979 506.078338623047 507.143042670355 508.207746717664 509.272450764974 510.337154812282 511.401858859591 512.4665629069 514.363810051811 518.758686489527 523.153562927245 527.548439364962 531.943315802679 536.338192240396 540.733068678113 545.12794511583 545.946416219075 545.572752210829 545.199088202583 544.825424194336 544.451760186089 544.078096177843 543.704432169596 543.073644002279 541.671483357748 540.269322713216 538.867162068685 537.465001424154 536.062840779622 534.660680135091 533.25851949056 536.925337219237 542.281814405652 547.638291592066 552.994768778482 558.351245964897 563.707723151311 569.064200337727 575.226605733234 583.80679575602 592.386985778807 600.967175801593 609.547365824379 618.127555847166
504.96580657959 505.368380228678 505.770953877767 506.945947265625 508.378413899739 509.810880533854 511.243347167968 512.675813802083 514.108280436197 515.540747070312 517.642976379393 521.754493713377 525.866011047362 529.977528381346 534.089045715331 538.200563049316 542.3120803833 546.423597717284 547.079983520508 546.584658813477 546.089334106445 545.594009399414 545.098684692383 544.603359985352 544.10803527832 543.448418172201 542.295923868815 541.14342956543 539.990935262044 538.838440958659 537.685946655273 536.533452351888 535.380958048503 539.088609313964 544.416309102375 549.744008890786 555.071708679198 560.399408467609 565.72710825602 571.054808044433 577.135692850747 585.476132710772 593.816572570799 602.157012430825 610.49745229085 618.837892150877
505.287698872884 505.810225592719 506.332752312554 507.813555908203 509.613785129123 511.414014350043 513.214243570963 515.014472791883 516.814702012803 518.614931233723 520.922142706976 524.750300937227 528.578459167479 532.406617397731 536.234775627983 540.062933858235 543.891092088486 547.719250318738 548.21355082194 547.596565416124 546.979580010308 546.362594604492 545.745609198676 545.12862379286 544.511638387044 543.823192342123 542.920364379883 542.017536417643 541.114708455404 540.211880493164 539.309052530924 538.406224568685 537.503396606445 541.25188140869 546.550803799098 551.849726189506 557.148648579914 562.447570970322 567.74649336073 573.045415751138 579.04477996826 587.145469665525 595.246159362791 603.346849060057 611.447538757322 619.548228454588
505.609591166178 506.25207095676 506.894550747341 508.681164550781 510.849156358506 513.017148166232 515.185139973958 517.353131781683 519.521123589409 521.689115397135 524.201309034558 527.746108161077 531.290907287597 534.835706414116 538.380505540635 541.925304667154 545.470103793673 549.014902920192 549.347118123372 548.608472018772 547.869825914171 547.13117980957 546.39253370497 545.653887600369 544.915241495768 544.197966512044 543.544804890951 542.891643269857 542.238481648763 541.585320027669 540.932158406575 540.278996785482 539.625835164388 543.415153503417 548.685298495821 553.955443488225 559.22558848063 564.495733473035 569.765878465439 575.036023457844 580.953867085773 588.814806620278 596.675746154784 604.536685689288 612.397625223793 620.258564758299
505.931483459472 506.693916320801 507.456349182129 509.548773193359 512.08452758789 514.620281982421 517.156036376953 519.691790771484 522.227545166015 524.763299560546 527.480475362141 530.741915384927 534.003355407714 537.2647954305 540.526235453287 543.787675476074 547.04911549886 550.310555521646 550.480685424805 549.62037862142 548.760071818034 547.899765014649 547.039458211263 546.179151407878 545.318844604492 544.572740681966 544.169245402018 543.76575012207 543.362254842122 542.958759562174 542.555264282227 542.151769002278 541.748273722331 545.578425598143 550.819793192544 556.061160786945 561.302528381347 566.543895975747 571.785263570148 577.02663116455 582.862954203286 590.48414357503 598.105332946776 605.72652231852 613.347711690265 620.96890106201
506.253375752767 507.135761684841 508.018147616916 510.416381835937 513.319898817273 516.22341579861 519.126932779947 522.030449761284 524.93396674262 527.837483723957 530.759641689723 533.737722608777 536.715803527831 539.693884446885 542.671965365938 545.650046284993 548.628127204046 551.6062081231 551.614252726237 550.632285224067 549.650317721897 548.668350219727 547.686382717557 546.704415215386 545.722447713216 544.947514851888 544.793685913086 544.639856974284 544.486028035482 544.33219909668 544.178370157877 544.024541219075 543.870712280273 547.74169769287 552.954287889267 558.166878085665 563.379468282063 568.59205847846 573.804648674857 579.017238871255 584.772041320799 592.153480529783 599.534919738768 606.916358947752 614.297798156736 621.679237365721
505.920399475098 506.881368849013 507.842338222927 510.522891235351 513.776638793945 517.030386352538 520.284133911132 523.537881469726 526.791629028319 530.045376586913 533.196877034504 536.041636149088 538.886395263671 541.731154378254 544.575913492838 547.420672607421 550.265431722004 553.110190836588 553.175337727865 552.313947211371 551.452556694878 550.591166178385 549.729775661892 548.868385145399 548.006994628906 547.382898966471 547.47068786621 547.55847676595 547.64626566569 547.734054565429 547.821843465169 547.909632364908 547.997421264648 551.855706278482 556.970823330348 562.085940382214 567.20105743408 572.316174485946 577.431291537813 582.54640858968 588.172817145451 595.333100212942 602.493383280435 609.653666347925 616.813949415416 623.974232482909
504.932554626465 505.930737813314 506.928921000163 509.868301391601 513.454747517903 517.041193644205 520.627639770507 524.214085896809 527.800532023111 531.386978149413 534.792181396484 537.653656005858 540.515130615234 543.376605224609 546.238079833983 549.099554443359 551.961029052734 554.822503662108 555.163940429688 554.665364583333 554.166788736979 553.668212890625 553.169637044271 552.671061197917 552.172485351562 551.878893025716 552.200251261393 552.52160949707 552.842967732747 553.164325968424 553.485684204101 553.807042439778 554.128400675455 557.920451354979 562.869399515786 567.818347676593 572.767295837401 577.716243998208 582.665192159015 587.614140319823 593.065281677244 600.02300262451 606.980723571776 613.938444519041 620.896165466306 627.853886413573
503.944709777832 504.980106777615 506.015503777398 509.213711547851 513.132856241861 517.052000935871 520.971145629882 524.890290323892 528.809435017902 532.728579711913 536.387485758463 539.265675862629 542.143865966796 545.022056070963 547.900246175129 550.778436279296 553.656626383463 556.534816487629 557.15254313151 557.016781955295 556.88102077908 556.745259602864 556.609498426649 556.473737250433 556.337976074218 556.37488708496 556.929814656575 557.484742228189 558.039669799804 558.594597371418 559.149524943033 559.704452514647 560.259380086262 563.985196431476 568.767975701224 573.550754970972 578.333534240721 583.116313510469 587.899092780217 592.681872049966 597.957746209036 604.712905036076 611.468063863117 618.223222690156 624.978381517196 631.733540344237
502.956864929199 504.029475741916 505.102086554633 508.559121704101 512.810964965819 517.062808227538 521.314651489257 525.566494750975 529.818338012694 534.070181274413 537.982790120442 540.8776957194 543.772601318359 546.667506917317 549.562412516275 552.457318115234 555.352223714192 558.24712931315 559.141145833333 559.368199327257 559.59525282118 559.822306315104 560.049359809027 560.276413302951 560.503466796875 560.870881144205 561.659378051757 562.447874959309 563.236371866861 564.024868774413 564.813365681965 565.601862589517 566.390359497069 570.049941507974 574.666551886663 579.283162265352 583.899772644042 588.516383022731 593.13299340142 597.749603780109 602.850210740829 609.402807447643 615.955404154458 622.508000861272 629.060597568086 635.613194274901
501.969020080566 503.078844706217 504.188669331868 507.904531860351 512.489073689778 517.073615519204 521.658157348632 526.242699178059 530.827241007486 535.411782836913 539.578094482421 542.489715576171 545.401336669921 548.312957763671 551.224578857421 554.136199951171 557.047821044921 559.959442138671 561.129748535156 561.719616699218 562.309484863281 562.899353027343 563.489221191406 564.079089355468 564.668957519531 565.36687520345 566.388941446939 567.411007690429 568.433073933919 569.455140177408 570.477206420898 571.499272664387 572.521338907877 576.114686584471 580.565128072101 585.015569559731 589.466011047362 593.916452534992 598.366894022622 602.817335510253 607.742675272622 614.09270985921 620.442744445799 626.792779032387 633.142813618976 639.492848205565
500.981175231934 502.128213670519 503.275252109104 507.249942016601 512.167182413736 517.084422810871 522.001663208007 526.918903605142 531.836144002277 536.753384399413 541.1733988444 544.101735432942 547.030072021484 549.958408610025 552.886745198567 555.815081787109 558.74341837565 561.671754964192 563.118351236979 564.07103407118 565.023716905381 565.976399739583 566.929082573784 567.881765407985 568.834448242187 569.862869262694 571.118504842121 572.374140421549 573.629776000976 574.885411580403 576.14104715983 577.396682739257 578.652318318684 582.179431660968 586.46370425754 590.74797685411 595.032249450682 599.316522047253 603.600794643824 607.885067240396 612.635139804414 618.782612270777 624.93008473714 631.077557203503 637.225029669865 643.372502136229
500.207008870443 501.386986626519 502.566964382595 506.765873718261 511.971093580457 517.176313442653 522.381533304849 527.586753167045 532.791973029241 537.997192891438 542.673518371581 545.763160705565 548.85280303955 551.942445373534 555.032087707518 558.121730041503 561.211372375487 564.301014709471 565.910266113281 567.026053873697 568.141841634114 569.257629394531 570.373417154947 571.489204915364 572.604992675781 573.793615553113 575.200743781195 576.607872009277 578.015000237358 579.42212846544 580.829256693522 582.236384921603 583.643513149684 587.246414184569 591.581239488388 595.916064792207 600.250890096027 604.585715399847 608.920540703666 613.255366007486 618.036959838865 624.158859252927 630.28075866699 636.402658081053 642.524557495115 648.646456909178
499.646520996094 500.855163574218 502.063806152343 506.452326965331 511.90080718994 517.349287414549 522.797767639159 528.246247863768 533.694728088377 539.143208312987 544.078453063964 547.473991394042 550.86952972412 554.265068054198 557.660606384276 561.056144714355 564.451683044433 567.84722137451 569.505493164062 570.58467610677 571.663859049479 572.743041992187 573.822224934895 574.901407877604 575.980590820312 577.159114074707 578.63565826416 580.112202453613 581.588746643066 583.065290832519 584.541835021972 586.018379211425 587.494923400878 591.315634155272 595.917733764647 600.519833374022 605.121932983397 609.724032592772 614.326132202147 618.928231811522 623.948135375975 630.221450805662 636.49476623535 642.768081665037 649.041397094724 655.314712524412
