data/working_set_collections/6091692-Cassins_Sparrow-MC/2010/bio15.asc
NCOLS 265 
NROWS 230 
XLLCORNER -115.5625 
YLLCORNER 24.8333333333333 
CELLSIZE 0.0833333333333333 
NODATA_value -9999 
[rows 200 to 219 of 230, columns 184 to 229 of 265]
68.0237657864888 67.110714647505 66.1976635085212 65.2800594329833 64.3609377119276 63.4418159908719 62.522694269816 61.6035725487602 60.6844508277045 59.7653291066486 59.3005682309463 60.198889891306 61.0972115516658 61.9955332120255 62.8938548723852 63.792176532745 64.6904981931047 65.5888198534644 65.5542143185933 65.2086330519781 64.863051785363 64.5174705187478 64.1718892521327 63.8263079855176 63.4807267189024 63.2785730044044 63.5067019462583 63.7348308881122 63.962959829966 64.1910887718199 64.4192177136738 64.6473466555276 64.8754755973815 63.6398426055911 61.9162889692522 -9999 -9999 -9999 -9999 -9999 -9999 -9999 -9999 -9999 -9999 -9999
69.3965745608011 68.5781046019659 67.7596346431308 66.939462661743 66.1187233395045 65.297984017266 64.4772446950274 63.6565053727889 62.8357660505505 62.0150267283119 61.5797696749363 62.3009594281508 63.0221491813655 63.74333893458 64.4645286877945 65.1857184410091 65.9069081942236 66.6280979474381 66.6055638949075 66.335121907128 66.0646799193487 65.7942379315692 65.5237959437898 65.2533539560104 64.982911968231 64.7971234321591 64.8652952512102 64.9334670702614 65.0016388893125 65.0698107083636 65.1379825274148 65.2061543464659 65.2743261655171 -9999 -9999 -9999 -9999 -9999 -9999 -9999 -9999 -9999 -9999 -9999 -9999 -9999
70.7693833351134 70.0454945564269 69.3216057777404 68.5988658905028 67.8765089670816 67.1541520436604 66.431795120239 65.7094381968178 64.9870812733966 64.2647243499753 63.8589711189265 64.4030289649958 64.9470868110653 65.4911446571346 66.0352025032039 66.5792603492733 67.1233181953427 67.667376041412 67.6569134712218 67.4616107622781 67.2663080533344 67.0710053443907 66.875702635447 66.6803999265033 66.4850972175596 66.3156738599139 66.2238885561623 66.1321032524107 66.0403179486591 65.9485326449075 65.8567473411559 65.7649620374043 65.6731767336527 -9999 -9999 -9999 -9999 -9999 -9999 -9999 -9999 -9999 -9999 -9999 -9999 -9999
72.1421921094258 71.5128845108879 70.8835769123501 70.2582691192626 69.6342945946586 69.0103200700547 68.3863455454507 67.7623710208468 67.1383964962428 66.5144219716388 66.1381725629167 66.5050985018408 66.872024440765 67.2389503796892 67.6058763186134 67.9728022575376 68.3397281964617 68.7066541353859 68.7082630475361 68.5880996174281 68.4679361873201 68.3477727572122 68.2276093271042 68.1074458969962 67.9872824668882 67.8342242876687 67.5824818611144 67.33073943456 67.0789970080057 66.8272545814514 66.575512154897 66.3237697283427 66.0720273017883 64.8724033355715 63.3568188561336 -9999 -9999 -9999 -9999 -9999 -9999 -9999 -9999 -9999 -9999 -9999
73.9791369756059 73.4706089231699 72.9620808707339 72.3788516998287 71.7707221561004 71.1625926123722 70.5544630686438 69.9463335249156 69.3382039811873 68.730074437459 68.3145332760276 68.4767572614878 68.6389812469479 68.801205232408 68.9634292178681 69.1256532033282 69.2878771887883 69.4501011742485 69.4532327651977 69.4033335579765 69.3534343507554 69.3035351435342 69.2536359363131 69.2037367290919 69.1538375218708 69.01987607744 68.6337279213799 68.2475797653198 67.8614316092597 67.4752834531996 67.0891352971395 66.7029871410794 66.3168389850193 65.1378966967267 63.6946896976898 -9999 -9999 -9999 -9999 -9999 -9999 -9999 -9999 -9999 -9999 -9999
76.2802179336545 75.9186677932736 75.5571176528927 74.9606136322018 74.2857916514076 73.6109696706134 72.936147689819 72.2613257090248 71.5865037282306 70.9116817474363 70.3880532582598 70.3180052439369 70.247957229614 70.1779092152911 70.1078612009682 70.0378131866454 69.9677651723225 69.8977171579996 69.8918226242065 69.9073125839232 69.92280254364 69.9382925033568 69.9537824630736 69.9692724227904 69.9847623825072 69.8726292292277 69.3776267369588 68.8826242446899 68.3876217524211 67.8926192601523 67.3976167678833 66.9026142756145 66.4076117833457 65.2580298423769 63.8902547518415 -9999 -9999 -9999 -9999 -9999 -9999 -9999 -9999 -9999 -9999 -9999
78.581298891703 78.3667266633772 78.1521544350515 77.5423755645749 76.8008611467148 76.0593467288546 75.3178323109943 74.5763178931341 73.8348034752739 73.0932890574136 72.4615732404919 72.159253226386 71.8569332122801 71.5546131981742 71.2522931840684 70.9499731699625 70.6476531558566 70.3453331417508 70.3304124832153 70.41129160987 70.4921707365247 70.5730498631794 70.6539289898341 70.7348081164888 70.8156872431436 70.7253823810154 70.1215255525378 69.5176687240601 68.9138118955825 68.3099550671049 67.7060982386272 67.1022414101496 66.498384581672 65.3781629880271 64.0858198059932 -9999 -9999 -9999 -9999 -9999 -9999 -9999 -9999 -9999 -9999 -9999
80.8823798497513 80.8147855334807 80.7471912172101 80.1241374969479 79.3159306420217 78.5077237870956 77.6995169321693 76.8913100772431 76.083103222317 75.2748963673907 74.5350932227238 74.000501208835 73.465909194946 72.9313171810572 72.3967251671684 71.8621331532795 71.3275411393907 70.7929491255019 70.769002342224 70.9152706358167 71.0615389294093 71.207807223002 71.3540755165946 71.5003438101872 71.6466121037799 71.578135532803 70.8654243681166 70.1527132034302 69.4400020387438 68.7272908740575 68.014579709371 67.3018685446846 66.5891573799983 -9999 -9999 -9999 -9999 -9999 -9999 -9999 -9999 -9999 -9999 -9999 -9999 -9999
83.1834608077999 83.2628444035844 83.3422279993688 82.705899429321 81.8310001373289 80.9561008453367 80.0812015533445 79.2063022613523 78.3314029693602 77.4565036773679 76.6086132049559 75.8417491912841 75.0748851776122 74.3080211639404 73.5411571502686 72.7742931365967 72.0074291229249 71.2405651092531 71.2075922012328 71.4192496617634 71.630907122294 71.8425645828246 72.0542220433551 72.2658795038857 72.4775369644163 72.4308886845907 71.6093231836956 70.7877576828003 69.9661921819052 69.1446266810101 68.3230611801148 67.5014956792197 66.6799301783246 65.6184292793276 64.4769499142967 -9999 -9999 -9999 -9999 -9999 -9999 -9999 -9999 -9999 -9999 -9999
85.4845417658484 85.710903273688 85.9372647815276 85.2876613616941 84.346069632636 83.4044779035779 82.4628861745197 81.5212944454616 80.5797027164035 79.6381109873452 78.682133187188 77.6829971737332 76.6838611602783 75.6847251468235 74.6855891333687 73.6864531199138 72.687317106459 71.6881810930042 71.6461820602416 71.9232286877101 72.2002753151786 72.4773219426472 72.7543685701157 73.0314151975842 73.3084618250527 73.2836418363784 72.3532219992745 71.4228021621705 70.4923823250666 69.5619624879627 68.6315426508587 67.7011228137548 66.7707029766509 65.7385624249778 64.6725149684484 63.6064675119191 -9999 -9999 -9999 -9999 -9999 -9999 -9999 -9999 -9999 -9999
87.3278255462643 87.6969721052378 88.0661186642113 87.3851760228474 86.3542036480373 85.3232312732273 84.2922588984171 83.261286523607 82.230314148797 81.1993417739868 80.1350021574233 78.9705608155994 77.8061194737753 76.6416781319514 75.4772367901275 74.3127954483034 73.1483541064794 71.9839127646555 71.9150086085001 72.2112835142347 72.5075584199693 72.8038333257039 73.1001082314385 73.396383137173 73.6926580429077 73.6786376953127 72.7337315877281 71.7888254801434 70.8439193725588 69.8990132649742 68.9541071573894 68.0092010498048 67.0642949422202 66.0635208129883 65.0441240098743 64.0247272067601 -9999 -9999 -9999 -9999 -9999 -9999 -9999 -9999 -9999 -9999
88.7133121490475 89.2210508982337 89.7287896474198 88.9984434127807 87.8554021835327 86.7123609542848 85.5693197250366 84.4262784957886 83.2832372665407 82.1401960372925 80.9672201156618 79.7044401168826 78.4416601181031 77.1788801193239 75.9161001205447 74.6533201217653 73.3905401229861 72.1277601242069 72.0140718460082 72.283414141337 72.5527564366658 72.8220987319946 73.0914410273234 73.3607833226521 73.6301256179809 73.6158762613934 72.7508519490562 71.8858276367189 71.0208033243817 70.1557790120445 69.2907546997071 68.4257303873699 67.5607060750327 66.5933044433595 65.5917770385743 -9999 -9999 -9999 -9999 -9999 -9999 -9999 -9999 -9999 -9999 -9999
90.0987987518307 90.7451296912296 91.3914606306284 90.611710802714 89.3566007190281 88.1014906353422 86.8463805516561 85.5912704679702 84.3361603842843 83.0810503005982 81.7994380739002 80.4383194181657 79.077200762431 77.7160821066965 76.354963450962 74.9938447952272 73.6327261394927 72.2716074837582 72.1131350835164 72.3555447684393 72.5979544533623 72.8403641382853 73.0827738232082 73.3251835081312 73.5675931930542 73.5531148274741 72.7679723103843 71.9828297932944 71.1976872762046 70.4125447591148 69.6274022420248 68.842259724935 68.0571172078452 67.1230880737306 66.1394300672744 65.1557720608183 64.1721140543621 63.188456047906 -9999 -9999 -9999 -9999 -9999 -9999 -9999 -9999
91.484285354614 92.2692084842255 93.0541316138369 92.2249781926474 90.8577992545235 89.4906203163997 88.1234413782756 86.7562624401518 85.389083502028 84.021904563904 82.6316560321386 81.1721987194489 79.7127414067588 78.253284094069 76.7938267813792 75.3343694686892 73.8749121559994 72.4154548433096 72.2121983210245 72.4276753955417 72.6431524700588 72.858629544576 73.0741066190931 73.2895836936102 73.5050607681274 73.4903533935549 72.7850926717124 72.0798319498699 71.3745712280275 70.669310506185 69.9640497843425 69.2587890625001 68.5535283406577 67.6528717041017 66.6870830959745 65.7212944878474 64.7555058797201 -9999 -9999 -9999 -9999 -9999 -9999 -9999 -9999 -9999
92.8697719573971 93.7932872772212 94.7168025970453 93.8382455825806 92.3589977900188 90.879749997457 89.400502204895 87.9212544123333 86.4420066197716 84.9627588272096 83.463873990377 81.9060780207319 80.3482820510866 78.7904860814415 77.2326901117964 75.6748941421511 74.117098172506 72.5593022028609 72.3112615585327 72.499806022644 72.6883504867553 72.8768949508667 73.065439414978 73.2539838790893 73.4425283432007 73.4275919596356 72.8022130330405 72.1768341064454 71.5514551798504 70.9260762532553 70.3006973266602 69.6753184000652 69.0499394734701 68.1826553344727 67.2347361246746 66.2868169148765 -9999 -9999 -9999 -9999 -9999 -9999 -9999 -9999 -9999 -9999
94.2552585601802 95.317366070217 96.3794735802538 95.4515129725137 93.8601963255141 92.2688796785144 90.6775630315145 89.0862463845148 87.4949297375151 85.9036130905152 84.2960919486154 82.639957322015 80.9838226954144 79.327688068814 77.6715534422136 76.015418815613 74.3592841890126 72.7031495624123 72.4103247960408 72.5719366497463 72.7335485034518 72.8951603571574 73.0567722108629 73.2183840645684 73.3799959182739 73.3648305257163 72.8193333943686 72.2738362630209 71.7283391316733 71.1828420003256 70.6373448689779 70.0918477376302 69.5463506062826 68.7124389648438 67.7823891533747 66.8523393419055 65.9222895304362 64.9922397189671 -9999 -9999 -9999 -9999 -9999 -9999 -9999 -9999
94.4764874776203 95.6095712449814 96.7426550123425 95.8392255783085 94.2569584104754 92.6746912426424 91.0924240748091 89.510156906976 87.927889739143 86.3456225713097 84.7484381145905 83.1065017912127 81.4645654678347 79.822629144457 78.1806928210792 76.5387564977012 74.8968201743235 73.2548838509457 72.9506646474201 73.0923511505126 73.234037653605 73.3757241566975 73.5174106597899 73.6590971628823 73.8007836659748 73.784954240587 73.2965770297581 72.808199818929 72.3198226081 71.8314453972711 71.343068186442 70.854690975613 70.3663137647841 69.5116161346436 68.534811698066 67.5580072614884 66.5812028249106 65.604398388333 -9999 -9999 -9999 -9999 -9999 -9999 -9999 -9999
93.5334587097168 94.6699028015136 95.8063468933104 95.0013833999638 93.549284044902 92.0971846898402 90.6450853347781 89.1929859797164 87.7408866246546 86.2887872695925 84.8209124883019 83.3057114283248 81.7905103683474 80.2753093083702 78.7601082483931 77.2449071884157 75.7297061284385 74.2145050684614 73.9322811126707 74.0610495249428 74.189817937215 74.3185863494871 74.4473547617593 74.5761231740314 74.7048915863035 74.687963104248 74.233943939209 73.7799247741698 73.3259056091308 72.8718864440917 72.4178672790526 71.9638481140136 71.5098289489745 70.5801868438721 69.4920037587485 68.4038206736248 67.315637588501 66.2274545033774 -9999 -9999 -9999 -9999 -9999 -9999 -9999 -9999
92.5904299418132 93.7302343580457 94.8700387742783 94.1635412216191 92.8416096793285 91.519678137038 90.1977465947472 88.8758150524567 87.5538835101662 86.2319519678754 84.8933868620134 83.5049210654368 82.11645526886 80.7279894722835 79.3395236757069 77.9510578791301 76.5625920825536 75.174126285977 74.9138975779213 75.0297478993731 75.145598220825 75.2614485422768 75.3772988637286 75.4931491851804 75.6089995066323 75.590971967909 75.1713108486598 74.7516497294107 74.3319886101615 73.9123274909124 73.4926663716632 73.0730052524141 72.653344133165 71.6487575531005 70.4491958194309 69.2496340857613 68.0500723520915 66.8505106184219 -9999 -9999 -9999 -9999 -9999 -9999 -9999 -9999
91.6474011739094 92.7905659145778 93.9337306552461 93.3256990432742 92.133935313755 90.9421715842357 89.7504078547162 88.558644125197 87.3668803956777 86.1751166661582 84.9658612357248 83.7041307025489 82.4424001693727 81.1806696361968 79.9189391030209 78.6572085698447 77.3954780366687 76.1337475034928 75.8955140431721 75.9984462738036 76.1013785044351 76.2043107350666 76.3072429656981 76.4101751963296 76.5131074269611 76.4939808315701 76.1086777581109 75.7233746846516 75.3380716111925 74.9527685377333 74.567465464274 74.1821623908149 73.7968593173557 72.7173282623292 71.4063878801136 70.095447497898 68.7845071156821 -9999 -9999 -9999 -9999 -9999 -9999 -9999 -9999 -9999
