data/working_set_collections/6091692-Cassins_Sparrow-MC/2010/bio19.asc
NCOLS 265 
NROWS 230 
XLLCORNER -115.5625 
YLLCORNER 24.8333333333333 
CELLSIZE 0.0833333333333333 
NODATA_value -9999 
[rows 160 to 179 of 230, columns 46 to 91 of 265]
38.5203790664675 38.2141135533653 37.9078480402631 37.6015825271609 37.2953170140587 36.9890515009565 36.9784669876101 37.0664428075157 37.1544186274213 37.2423944473268 37.3303702672324 37.418346087138 37.5063219070436 37.4635474840802 37.0285223325096 36.5934971809389 36.1584720293683 35.7234468777976 35.288421726227 34.8533965746564 34.4183714230857 34.5767291069031 34.9328810691834 35.2890330314636 35.6451849937439 36.0013369560241 36.3574889183044 36.7136408805846 37.0357989947 37.2559755643208 37.4761521339415 37.6963287035623 37.9165052731831 38.1366818428038 38.3568584124246 38.5770349820454 38.1636466979981 37.5390701293946 36.914493560791 36.2899169921876 35.6653404235841 35.0407638549805 34.416187286377 33.62440404892 32.3310008049013 31.0375975608828
37.7521238327028 37.3350837495594 36.9180436664159 36.5010035832725 36.0839635001291 35.6669234169856 35.6754161198936 35.8257530848187 35.9760900497438 36.1264270146689 36.276763979594 36.4271009445192 36.5774379094443 36.5807596736486 36.1430358356901 35.7053119977317 35.2675881597733 34.8298643218148 34.3921404838564 33.954416645898 33.5166928079395 33.8265124956767 34.3855133586459 34.9445142216152 35.5035150845845 36.0625159475537 36.621516810523 37.1805176734923 37.6526592148674 37.8642227914597 38.075786368052 38.2873499446444 38.4989135212367 38.7104770978291 38.9220406744214 39.1336042510138 38.6582616170248 37.9539502461752 37.2496388753256 36.545327504476 35.8410161336264 35.1367047627768 34.4323933919272 33.5714491208397 32.2406061490378 30.9097631772362
36.8863197167717 36.385138538149 35.8839573595262 35.3827761809034 34.8815950022807 34.3804138236579 34.4071107069653 34.6097669442497 34.812423181534 35.0150794188183 35.2177356561027 35.420391893387 35.6230481306714 35.6711734559804 35.2557060453629 34.8402386347455 34.4247712241281 34.0093038135107 33.5938364028933 33.1783689922759 32.7629015816584 33.1749435424805 33.8628219604492 34.550700378418 35.2385787963867 35.9264572143554 36.6143356323242 37.3022140502929 37.8726542154948 38.0907796223958 38.3089050292969 38.5270304361979 38.745155843099 38.96328125 39.181406656901 39.3995320638021 38.9121690432232 38.1896432134842 37.467117383745 36.744591554006 36.022065724267 35.2995398945279 34.5770140647889 33.6918742762674 32.3188926113977 30.9459109465283
35.922966718674 35.3642779191338 34.8055891195935 34.2469003200534 33.6882115205132 33.129522720973 33.1735507488252 33.4184843858085 33.6634180227917 33.9083516597749 34.1532852967581 34.3982189337414 34.6431525707246 34.7347888310753 34.3665329615277 33.9982770919802 33.6300212224327 33.2617653528851 32.8935094833376 32.5252536137901 32.1569977442425 32.6220222473144 33.364806874593 34.1075915018717 34.8503761291503 35.5931607564289 36.3359453837076 37.0787300109862 37.695783996582 37.9356460571289 38.1755081176758 38.4153701782226 38.6552322387695 38.8950942993164 39.1349563598632 39.3748184204101 38.9253689765931 38.2461490313214 37.5669290860495 36.8877091407777 36.2084891955059 35.529269250234 34.8500493049622 33.9856795152031 32.5658601919811 31.1460408687594
34.9596137205762 34.3434173001186 33.7272208796609 33.1110244592033 32.4948280387458 31.8786316182881 31.9399907906851 32.2272018273673 32.5144128640494 32.8016239007315 33.0888349374136 33.3760459740958 33.6632570107779 33.7984042061702 33.4773598776925 33.1563155492149 32.8352712207372 32.5142268922595 32.1931825637819 31.8721382353043 31.5510939068266 32.0691009521484 32.8667917887369 33.6644826253255 34.462173461914 35.2598642985025 36.0575551350911 36.8552459716796 37.5189137776692 37.780512491862 38.0421112060547 38.3037099202474 38.5653086344401 38.8269073486328 39.0885060628255 39.3501047770182 38.9385689099631 38.3026548491585 37.6667407883539 37.0308267275493 36.3949126667448 35.7589986059401 35.1230845451356 34.2794847541388 32.8128277725645 31.3461707909904
33.9962607224785 33.3225566811035 32.6488526397284 31.9751485983534 31.3014445569784 30.6277405156033 30.7064308325452 31.0359192689261 31.3654077053072 31.6948961416882 32.0243845780692 32.3538730144502 32.6833614508312 32.8620195812652 32.5881867938574 32.3143540064496 32.0405212190418 31.766688431634 31.4928556442263 31.2190228568185 30.9451900694107 31.5161796569824 32.3687767028808 33.2213737487793 34.0739707946777 34.926567840576 35.7791648864746 36.6317619323729 37.3420435587565 37.6253789265951 37.9087142944336 38.1920496622721 38.4753850301107 38.7587203979492 39.0420557657877 39.3253911336263 38.951768843333 38.3591606669957 37.7665524906583 37.173944314321 36.5813361379836 35.9887279616462 35.3961197853089 34.5732899930745 33.0597953531478 31.5463007132214
33.0329077243808 32.3016960620884 31.5704843997958 30.8392727375034 30.1080610752109 29.3768494129184 29.4728708744051 29.8446367104849 30.2164025465649 30.5881683826448 30.9599342187247 31.3317000548046 31.7034658908845 31.9256349563601 31.6990137100222 31.4723924636843 31.2457712173464 31.0191499710085 30.7925287246706 30.5659074783327 30.3392862319948 30.9632583618163 31.8707616170246 32.778264872233 33.6857681274413 34.5932713826496 35.500774637858 36.4082778930663 37.1651733398437 37.4702453613281 37.7753173828125 38.0803894042968 38.3854614257812 38.6905334472656 38.9956054687499 39.3006774902343 38.964968776703 38.4156664848329 37.8663641929627 37.3170619010926 36.7677596092225 36.2184573173523 35.6691550254822 34.8670952320102 33.3067629337312 31.7464306354525
32.069554726283 31.2808354430732 30.4921161598632 29.7033968766533 28.9146775934435 28.1259583102335 28.239310916265 28.6533541520437 29.0673973878226 29.4814406236014 29.8954838593801 30.309527095159 30.7235703309378 30.989250331455 30.8098406261869 30.6304309209189 30.4510212156509 30.2716115103829 30.0922018051149 29.9127920998469 29.7333823945788 30.4103370666503 31.3727465311685 32.3351559956868 33.297565460205 34.2599749247231 35.2223843892415 36.1847938537596 36.9883031209309 37.3151117960612 37.6419204711914 37.9687291463216 38.2955378214518 38.622346496582 38.9491551717122 39.2759638468424 38.9781687100729 38.47217230267 37.9661758952671 37.4601794878642 36.9541830804614 36.4481866730584 35.9421902656556 35.1609004709459 33.5537305143146 31.9465605576836
31.0504881858829 30.2810996479462 29.5117111100094 28.7423225720726 27.9729340341359 27.2035454961991 27.3134235382081 27.7163904401992 28.1193573421903 28.5223242441814 28.9252911461725 29.3282580481637 29.7312249501548 30.0017668883008 29.8750339349113 29.7483009815218 29.6215680281323 29.4948350747428 29.3681021213533 29.2413691679638 29.1146362145743 29.8019457022349 30.7606026702456 31.7192596382565 32.6779166062673 33.6365735742781 34.595230542289 35.5538875102997 36.3604926427207 36.7109422683718 37.0613918940228 37.4118415196738 37.7622911453249 38.1127407709759 38.4631903966269 38.813640022278 38.5736735979718 38.1369018236798 37.7001300493878 37.2633582750958 36.8265865008038 36.3898147265118 35.9530429522198 35.224016894235 33.6182279851704 32.012439076106
29.9757081031802 29.3024886767073 28.6292692502342 27.9560498237612 27.2828303972883 26.6096109708152 26.6952087402344 27.0337455749512 27.3722824096681 27.7108192443849 28.0493560791016 28.3878929138185 28.7264297485353 28.9631846268974 28.894593636195 28.8260026454927 28.7574116547904 28.6888206640881 28.6202296733858 28.5516386826834 28.4830476919811 29.1380842685699 30.0343300342559 30.930575799942 31.826821565628 32.723067331314 33.6193130970002 34.5155588626862 35.2817419052125 35.6577367782594 36.0337316513063 36.4097265243531 36.7857213974 37.1617162704469 37.5377111434937 37.9137060165406 37.7514834403994 37.4098550478619 37.0682266553244 36.726598262787 36.3849698702496 36.0433414777121 35.7017130851747 35.0564445018772 33.5002553462984 31.9440661907199
28.9009280204775 28.3238777054683 27.746827390459 27.1697770754498 26.5927267604406 26.0156764454313 26.0769939422608 26.3511007097033 26.6252074771458 26.8993142445883 27.1734210120308 27.4475277794733 27.7216345469158 27.9246023654939 27.9141533374788 27.9037043094636 27.8932552814485 27.8828062534333 27.8723572254182 27.8619081974031 27.8514591693879 28.4742228349049 29.3080573982662 30.1418919616276 30.9757265249888 31.80956108835 32.6433956517114 33.4772302150726 34.2029911677043 34.6045312881471 35.0060714085898 35.4076115290324 35.8091516494752 36.2106917699179 36.6122318903606 37.0137720108033 36.9292932828269 36.682808272044 36.4363232612611 36.1898382504782 35.9433532396953 35.6968682289124 35.4503832181296 34.8888721095195 33.3822827074265 31.8756933053337
27.826147937775 27.3452667342295 26.864385530684 26.3835043271385 25.902623123593 25.4217419200475 25.4587791442872 25.6684558444554 25.8781325446236 26.0878092447918 26.29748594496 26.5071626451282 26.7168393452964 26.8860201040906 26.9337130387626 26.9814059734346 27.0290989081067 27.0767918427787 27.1244847774507 27.1721777121227 27.2198706467948 27.81036140124 28.5817847622765 29.3532081233131 30.1246314843496 30.8960548453861 31.6674782064227 32.4389015674592 33.1242404301962 33.5513257980348 33.9784111658733 34.4054965337119 34.8325819015504 35.259667269389 35.6867526372275 36.113838005066 36.1071031252545 35.9557614962262 35.8044198671978 35.6530782381695 35.5017366091412 35.3503949801128 35.1990533510845 34.7212997171618 33.2643100685545 31.8073204199476
26.7513678550723 26.3666557629906 25.9819436709088 25.5972315788271 25.2125194867454 24.8278073946636 24.8405643463136 24.9858109792074 25.1310576121013 25.2763042449952 25.4215508778891 25.566797510783 25.7120441436769 25.8474378426871 25.9532727400463 26.0591076374055 26.1649425347647 26.2707774321239 26.3766123294831 26.4824472268423 26.5882821242016 27.1464999675751 27.8555121262868 28.5645242849986 29.2735364437104 29.9825486024221 30.6915607611339 31.4005729198456 32.0454896926881 32.4981203079225 32.9507509231568 33.4033815383912 33.8560121536256 34.30864276886 34.7612733840943 35.2139039993287 35.284912967682 35.2287147204083 35.1725164731345 35.1163182258607 35.0601199785869 35.0039217313131 34.9477234840394 34.553727324804 33.1463374296826 31.7389475345614
25.6765877723696 25.3880447917516 25.0995018111336 24.8109588305157 24.5224158498978 24.2338728692798 24.2223495483399 24.3031661139595 24.3839826795791 24.4647992451987 24.5456158108182 24.6264323764378 24.7072489420574 24.8088555812837 24.9728324413301 25.1368093013764 25.3007861614228 25.4647630214692 25.6287398815156 25.7927167415619 25.9566936016083 26.4826385339101 27.1292394902971 27.7758404466841 28.4224414030711 29.0690423594581 29.7156433158451 30.3622442722321 30.9667389551799 31.4449148178102 31.9230906804403 32.4012665430705 32.8794424057008 33.3576182683309 33.8357941309611 34.3139699935914 34.4627228101096 34.5016679445903 34.5406130790711 34.5795582135519 34.6185033480327 34.6574484825135 34.6963936169942 34.3861549324463 33.0283647908106 31.6705746491753
24.6409747918449 24.4214520825282 24.2019293732115 23.9824066638949 23.7628839545782 23.5433612452615 23.5221600532533 23.5670660336814 23.6119720141094 23.6568779945375 23.7017839749656 23.7466899553936 23.7915959358217 23.877422115538 24.0860088931191 24.2945956707002 24.5031824482813 24.7117692258624 24.9203560034435 25.1289427810246 25.3375295586057 25.8451335112254 26.4524098555247 27.0596861998241 27.6669625441234 28.2742388884226 28.881515232722 29.4887915770213 30.068594233195 30.5659758249919 31.0633574167888 31.5607390085856 32.0581206003826 32.5555021921794 33.0528837839762 33.5502653757732 33.7522908210755 33.8558642175463 33.9594376140172 34.063011010488 34.1665844069588 34.2701578034296 34.3737311999004 34.1286091539599 32.837400780784 31.5461924076083
23.6445289134981 23.4668776353202 23.2892263571423 23.1115750789644 22.9339238007865 22.7562725226086 22.7399958610536 22.7775107383729 22.8150256156923 22.8525404930116 22.8900553703309 22.9275702476503 22.9650851249696 23.0531374454499 23.2928020954133 23.5324667453767 23.77213139534 24.0117960453034 24.2514606952668 24.4911253452302 24.7307899951936 25.2339848995209 25.8250232219696 26.4160615444184 27.0070998668671 27.5981381893158 28.1891765117646 28.7802148342133 29.3510555267334 29.8613033294678 30.3715511322022 30.8817989349365 31.392046737671 31.9022945404053 32.4125423431396 32.9227901458741 33.1536170005799 33.2913035392762 33.4289900779725 33.5666766166688 33.704363155365 33.8420496940613 33.9797362327576 33.7810899893446 32.5734453996024 31.3658008098605
22.6480830351513 22.5123031881122 22.3765233410731 22.240743494034 22.1049636469948 21.9691837999557 21.9578316688539 21.9879554430645 22.0180792172751 22.0482029914857 22.0783267656963 22.1084505399069 22.1385743141175 22.2288527753619 22.4995952977075 22.7703378200532 23.0410803423988 23.3118228647445 23.5825653870901 23.8533079094357 24.1240504317814 24.6228362878164 25.1976365884145 25.7724368890127 26.3472371896108 26.9220374902089 27.4968377908071 28.0716380914052 28.6335168202718 29.1566308339437 29.6797448476156 30.2028588612874 30.7259728749593 31.2490868886312 31.772200902303 32.295314915975 32.5549431800843 32.726742861006 32.8985425419278 33.0703422228496 33.2421419037713 33.4139415846931 33.5857412656149 33.4335708247294 32.3094900184209 31.1854092121126
21.6516371568046 21.5577287409043 21.4638203250039 21.3699119091036 21.2760034932032 21.1820950773029 21.1756674766542 21.1984001477561 21.221132818858 21.2438654899599 21.2665981610618 21.2893308321637 21.3120635032655 21.4045681052739 21.7063885000018 22.0082088947297 22.3100292894576 22.6118496841856 22.9136700789135 23.2154904736413 23.5173108683693 24.0116876761119 24.5702499548594 25.128812233607 25.6873745123546 26.2459367911021 26.8044990698497 27.3630613485972 27.9159781138102 28.4519583384197 28.987938563029 29.5239187876384 30.0598990122478 30.5958792368571 31.1318594614665 31.6678396860759 31.9562693595887 32.1621821827359 32.3680950058832 32.5740078290304 32.7799206521776 32.9858334753249 33.1917462984721 33.0860516601142 32.0455346372394 31.0050176143648
20.6551912784578 20.6031542936963 20.5511173089347 20.4990803241731 20.4470433394116 20.39500635465 20.3935032844545 20.4088448524476 20.4241864204408 20.439527988434 20.4548695564271 20.4702111244203 20.4855526924135 20.5802834351858 20.913181702296 21.2460799694062 21.5789782365164 21.9118765036266 22.2447747707368 22.5776730378469 22.9105713049571 23.4005390644074 23.9428633213043 24.4851875782013 25.0275118350983 25.5698360919952 26.1121603488923 26.6544846057892 27.1984394073486 27.7472858428956 28.2961322784424 28.8449787139892 29.3938251495362 29.942671585083 30.4915180206299 31.0403644561768 31.3575955390931 31.5976215044658 31.8376474698385 32.0776734352112 32.3176994005839 32.5577253659567 32.7977513313294 32.7385324954989 31.7815792560579 30.824626016617
19.658745400111 19.6485798464882 19.6384142928655 19.6282487392427 19.6180831856199 19.6079176319971 19.6113390922547 19.6192895571392 19.6272400220236 19.6351904869081 19.6431409517925 19.651091416677 19.6590418815614 19.7559987650978 20.1199749045903 20.4839510440827 20.8479271835751 21.2119033230676 21.5758794625601 21.9398556020525 22.303831741545 22.7893904527028 23.3154766877492 23.8415629227956 24.367649157842 24.8937353928884 25.4198216279348 25.9459078629812 26.480900700887 27.0426133473715 27.6043259938558 28.1660386403401 28.7277512868246 29.2894639333089 29.8511765797933 30.4128892262777 30.7589217185975 31.0330608261956 31.3071999337939 31.581339041392 31.8554781489902 32.1296172565884 32.4037563641866 32.3910133308837 31.5176238748764 30.6442344188692
