data/working_set_collections/6091692-Cassins_Sparrow-MC/2010/bio16.asc
NCOLS 265 
NROWS 230 
XLLCORNER -115.5625 
YLLCORNER 24.8333333333333 
CELLSIZE 0.0833333333333333 
NODATA_value -9999 
[rows 0 to 19 of 230, columns 0 to 45 of 265]
251.877618153891007 247.970464833579 244.063311513267 240.156158192954 236.249004872641 232.341851552329 228.434698232016 221.585653686525 213.755978732641 205.926303778756 198.096628824872 190.266953870987 182.437278917102 174.607603963218 168.282647196453 166.471844991049 164.661042785645 162.850240580242 161.039438374838 159.228636169434 157.417833964031 155.607031758627 153.860933876038 152.136404101055 150.411874326071 148.687344551087 146.962814776104 145.23828500112 143.513755226136 142.171398226421 141.975559552511 141.779720878602 141.583882204692 141.388043530783 141.192204856873 140.996366182963 140.800527509054 145.826726023355 152.593603600395 159.360481177436 166.127358754475 172.894236331515 179.661113908555 186.427991485595 194.041706297131 204.19593281216
242.459560394288 239.34004135132 236.220522308351 233.101003265382 229.981484222413 226.861965179445 223.742446136475 217.19451904297 209.503789265953 201.813059488934 194.122329711916 186.431599934898 178.740870157879 171.050140380861 164.803240458171 162.887830098471 160.97241973877 159.05700937907 157.141599019369 155.226188659669 153.310778299968 151.395367940268 149.551560783387 147.73162136078 145.911681938172 144.091742515565 142.271803092957 140.45186367035 138.631924247742 137.290197690328 137.383109728496 137.476021766663 137.56893380483 137.661845842998 137.754757881165 137.847669919332 137.940581957499 143.013722991942 149.746940358479 156.480157725016 163.213375091552 169.946592458088 176.679809824625 183.413027191161 191.000021235146 201.148345311482
233.041502634686 230.709617869061 228.377733103436 226.04584833781 223.713963572185 221.382078806561 219.050194040935 212.803384399416 205.251599799264 197.699815199112 190.14803059896 182.596245998809 175.044461398656 167.492676798504 161.32383371989 159.303815205893 157.283796691895 155.263778177898 153.2437596639 151.223741149903 149.203722635906 147.183704121908 145.242187690736 143.326838620505 141.411489550273 139.496140480042 137.580791409811 135.66544233958 133.750093269349 132.408997154236 132.790659904481 133.172322654725 133.553985404969 133.935648155213 134.317310905457 134.698973655701 135.080636405945 140.20071996053 146.900277116562 153.599834272596 160.299391428629 166.998948584661 173.698505740695 180.398062896728 187.958336173162 198.100757810804
223.623444875083 222.079194386801 220.53494389852 218.990693410239 217.446442921957 215.902192433676 214.357941945395 208.412249755861 200.999410332576 193.58657090929 186.173731486004 178.760892062719 171.348052639433 163.935213216148 157.844426981609 155.719800313314 153.59517364502 151.470546976726 149.345920308432 147.221293640138 145.096666971843 142.972040303549 140.932814598084 138.92205588023 136.911297162375 134.90053844452 132.889779726665 130.87902100881 128.868262290955 127.527796618144 128.198210080465 128.868623542786 129.539037005107 130.209450467428 130.879863929749 131.55027739207 132.220690854391 137.387716929117 144.053613874646 150.719510820176 157.385407765706 164.051304711235 170.717201656765 177.383098602294 184.916651111177 195.053170310126
214.205387115479 213.448770904542 212.692154693604 211.935538482667 211.178922271729 210.422306060792 209.665689849854 204.021115112306 196.747220865887 189.473326619467 182.199432373048 174.92553812663 167.651643880209 160.377749633791 154.365020243328 152.135785420736 149.906550598145 147.677315775554 145.448080952963 143.218846130372 140.989611307781 138.760376485189 136.623441505433 134.517273139954 132.411104774476 130.304936408997 128.198768043519 126.09259967804 123.986431312562 122.646596082052 123.60576025645 124.564924430847 125.524088605245 126.483252779643 127.442416954041 128.401581128438 129.360745302836 134.574713897704 141.20695063273 147.839187367757 154.471424102782 161.103660837808 167.735897572835 174.36813430786 181.874966049192 192.005582809447
204.787329355877 204.818347422283 204.849365488689 204.880383555095 204.911401621502 204.942419687908 204.973437754314 199.629980468752 192.495031399199 185.360082329646 178.225133260093 171.09018419054 163.955235120987 156.820286051434 150.885613505047 148.551770528158 146.21792755127 143.884084574383 141.550241597494 139.216398620606 136.882555643719 134.54871266683 132.314068412782 130.11249039968 127.910912386577 125.709334373475 123.507756360373 121.306178347271 119.104600334169 117.76539554596 119.013310432435 120.261225318909 121.509140205384 122.757055091858 124.004969978333 125.252884864807 126.500799751282 131.761710866292 138.360287390814 144.958863915337 151.557440439859 158.156016964382 164.754593488905 171.353170013427 178.833280987208 188.957995308769
194.52647082011 195.005501683554 195.484532546998 195.963563410442 196.442594273886 196.92162513733 197.400656000774 192.533855819704 185.885111957129 179.236368094552 172.587624231976 165.938880369401 159.290136506824 152.641392644248 147.09298301273 144.845576074389 142.598169136048 140.350762197707 138.103355259366 135.855948321025 133.608541382684 131.361134444343 129.218764432272 127.111406728957 125.004049025642 122.896691322327 120.789333619012 118.681975915697 116.574618212382 115.353188663058 116.789543575711 118.225898488362 119.662253401014 121.098608313666 122.534963226318 123.97131813897 125.407673051622 130.799979019164 137.510935338337 144.22189165751 150.932847976683 157.643804295856 164.35476061503 171.065716934203 178.639396201237 188.801244311861
183.42281150818 184.010233688355 184.597655868531 185.185078048707 185.772500228883 186.359922409058 186.947344589234 182.732741165163 176.917462539675 171.102183914186 165.286905288698 159.47162666321 153.656348037721 147.841069412233 142.987128766379 141.017202059428 139.047275352479 137.077348645529 135.107421938579 133.137495231629 131.167568524679 129.197641817729 127.337529563904 125.514022127788 123.690514691671 121.867007255555 120.043499819438 118.219992383321 116.396484947205 115.409975433349 116.934459686279 118.458943939209 119.983428192138 121.507912445068 123.032396697998 124.556880950927 126.081365203857 131.689518356322 138.658894475299 145.628270594278 152.597646713256 159.567022832233 166.536398951212 173.505775070189 181.293311691282 191.535329818724
172.31915219625 173.014965693157 173.710779190065 174.406592686972 175.10240618388 175.798219680787 176.494033177695 172.931626510622 167.949813122222 162.967999733821 157.98618634542 153.00437295702 148.022559568618 143.040746180218 138.881274520027 137.188828044468 135.49638156891 133.803935093351 132.111488617792 130.419042142233 128.726595666674 127.034149191115 125.456294695537 123.916637526619 122.3769803577 120.837323188782 119.297666019864 117.758008850946 116.218351682027 115.46676220364 117.079375796848 118.691989390055 120.304602983262 121.91721657647 123.529830169677 125.142443762885 126.755057356092 132.57905769348 139.806853612262 147.034649531046 154.262445449828 161.49024136861 168.718037287393 175.945833206175 183.947227181326 194.269415325587
161.215492884319 162.019697697958 162.823902511598 163.628107325237 164.432312138876 165.236516952516 166.040721766155 163.130511856081 158.982163704768 154.833815553455 150.685467402142 146.537119250829 142.388771099516 138.240422948203 134.775420273676 133.360454029508 131.94548778534 130.530521541172 129.115555297004 127.700589052837 126.285622808669 124.870656564501 123.575059827169 122.319252925449 121.063446023729 119.80763912201 118.55183222029 117.29602531857 116.04021841685 115.523548973931 117.224291907416 118.925034840901 120.625777774387 122.326520707872 124.027263641357 125.728006574842 127.428749508328 133.468597030638 140.954812749225 148.441028467813 155.9272441864 163.413459904987 170.899675623575 178.385891342162 186.60114267137 197.00350083245
150.111833572389 151.02442970276 151.937025833131 152.849621963502 153.762218093873 154.674814224244 155.587410354615 153.329397201539 150.014514287314 146.699631373089 143.384748458863 140.069865544638 136.754982630413 133.440099716187 130.669566027324 129.532080014547 128.394594001771 127.257107988994 126.119621976217 124.98213596344 123.844649950664 122.707163937887 121.693824958802 120.72186832428 119.749911689759 118.777955055237 117.805998420716 116.834041786194 115.862085151673 115.580335744222 117.369208017985 119.158080291748 120.946952565511 122.735824839274 124.524697113037 126.3135693868 128.102441660563 134.358136367796 142.102771886188 149.847407404581 157.592042922972 165.336678441364 173.081313959756 180.825949478148 189.255058161415 199.737586339313
139.008174260459 140.029161707562 141.050149154664 142.071136601767 143.09212404887 144.113111495973 145.134098943076 143.528282546999 141.046864869861 138.565447192723 136.084029515586 133.602611838448 131.12119416131 128.639776484173 126.563711780973 125.703705999587 124.843700218201 123.983694436816 123.12368865543 122.263682874044 121.403677092659 120.543671311273 119.812590090434 119.124483723111 118.436377355788 117.748270988465 117.060164621141 116.372058253818 115.683951886495 115.637122514512 117.514124128553 119.391125742594 121.268127356635 123.145128970676 125.022130584716 126.899132198757 128.776133812798 135.247675704955 143.250731023151 151.253786341348 159.256841659544 167.25989697774 175.262952295938 183.266007614134 191.908973651459 202.471671846176
132.311636288961 133.443905830383 134.576175371806 135.708444913228 136.840714454651 137.972983996073 139.105253537496 138.094131469727 136.368545532227 134.642959594727 132.917373657227 131.191787719727 129.466201782227 127.740615844727 126.303241411845 125.730501492818 125.157761573791 124.585021654764 124.012281735738 123.439541816711 122.866801897684 122.294061978657 121.677131144205 121.045470004611 120.413808865017 119.782147725423 119.150486585829 118.518825446234 117.88716430664 117.864070489671 119.666678640577 121.469286791483 123.271894942389 125.074503093295 126.877111244201 128.679719395107 130.482327546013 137.00084393819 145.091329744125 153.181815550061 161.272301355996 169.362787161931 177.453272967867 185.543758773802 194.112481901378 204.115916993882
130.022219657898 131.268662071228 132.515104484558 133.761546897888 135.007989311218 136.254431724548 137.500874137878 137.026943969727 135.979556274414 134.932168579102 133.884780883789 132.837393188477 131.790005493164 130.742617797851 129.888154919942 129.612466494242 129.336778068542 129.061089642842 128.785401217142 128.509712791442 128.234024365743 127.958335940043 127.287448120117 126.484827168782 125.682206217448 124.879585266113 124.076964314778 123.274343363444 122.471722412109 122.261179669697 123.826871554056 125.392563438415 126.958255322774 128.523947207133 130.089639091491 131.65533097585 133.221022860209 139.617641067503 147.624568049111 155.63149503072 163.638422012328 171.645348993935 179.652275975544 187.659202957152 195.865582911171 204.670321782429
127.732803026835 129.093418312073 130.45403359731 131.814648882548 133.175264167786 134.535879453023 135.896494738261 135.959756469727 135.590567016602 135.221377563477 134.852188110352 134.482998657226 134.113809204101 133.744619750976 133.473068428039 133.494431495666 133.515794563293 133.53715763092 133.558520698547 133.579883766174 133.6012468338 133.622609901427 132.897765096028 131.924184332953 130.950603569878 129.977022806803 129.003442043728 128.029861280653 127.056280517578 126.658288849724 127.987064467535 129.315840085347 130.644615703158 131.97339132097 133.302166938781 134.630942556592 135.959718174404 142.234438196816 150.157806354097 158.081174511378 166.004542668659 173.927910825939 181.851278983221 189.774647140501 197.618683920964 205.224726570976
125.443386395772 126.918174552917 128.392962710063 129.867750867208 131.342539024353 132.817327181498 134.292115338643 134.892568969727 135.201577758789 135.510586547851 135.819595336914 136.128604125976 136.437612915039 136.746621704101 137.057981936136 137.37639649709 137.694811058044 138.013225618998 138.331640179951 138.650054740905 138.968469301859 139.286883862813 138.50808207194 137.363541497124 136.219000922309 135.074460347493 133.929919772678 132.785379197862 131.640838623047 131.05539802975 132.147257381015 133.239116732279 134.330976083543 135.422835434807 136.514694786071 137.606554137335 138.6984134886 144.85123532613 152.691044659083 160.530853992037 168.37066332499 176.210472657943 184.050281990898 191.890091323851 199.371784930757 205.779131359523
123.153969764709 124.742930793762 126.331891822815 127.920852851868 129.50981388092 131.098774909973 132.687735939026 133.825381469726 134.812588500976 135.799795532226 136.787002563476 137.774209594726 138.761416625976 139.748623657226 140.642895444234 141.258361498514 141.873827552795 142.489293607076 143.104759661356 143.720225715637 144.335691769917 144.951157824198 144.118399047851 142.802898661295 141.487398274739 140.171897888183 138.856397501627 137.540897115071 136.225396728515 135.452507209777 136.307450294494 137.162393379211 138.017336463928 138.872279548645 139.727222633361 140.582165718078 141.437108802795 147.468032455443 155.224282964069 162.980533472696 170.736783981322 178.493034489948 186.249284998575 194.005535507201 201.12488594055 206.333536148071
120.864553133647 122.567687034607 124.270820935567 125.973954836528 127.677088737488 129.380222638448 131.083356539408 132.758193969726 134.423599243164 136.089004516601 137.754409790039 139.419815063476 141.085220336914 142.750625610351 144.227808952331 145.140326499938 146.052844047546 146.965361595153 147.87787914276 148.790396690368 149.702914237975 150.615431785583 149.728716023762 148.242255825466 146.75579562717 145.269335428873 143.782875230577 142.29641503228 140.809954833984 139.849616389804 140.467643207973 141.085670026143 141.703696844312 142.321723662482 142.939750480651 143.557777298821 144.17580411699 150.084829584756 157.757521269054 165.430212953354 173.102904637653 180.775596321952 188.448288006252 196.12097969055 202.877986950343 206.887940936618
122.162607087029 123.752817980448 125.343028873867 126.933239767286 128.523450660705 130.113661554124 131.703872447543 133.490809377034 135.343321651882 137.19583392673 139.048346201578 140.900858476426 142.753370751275 144.605883026123 146.248132790459 147.259595023261 148.271057256063 149.282519488864 150.293981721666 151.305443954468 152.316906187269 153.328368420071 152.501266860962 151.061310704549 149.621354548137 148.181398391724 146.741442235311 145.301486078898 143.861529922485 142.901257154676 143.38003455268 143.858811950683 144.337589348687 144.81636674669 145.295144144694 145.773921542697 146.252698940701 151.83079770406 159.108670255871 166.386542807684 173.664415359496 180.942287911308 188.220160463121 195.498033014932 201.764054404364 204.994522306654
127.048131624857 128.298323631286 129.548515637715 130.798707644144 132.048899650573 133.299091657002 134.549283663431 136.02322769165 137.571755727132 139.120283762614 140.668811798095 142.217339833577 143.765867869059 145.314395904541 146.703866958618 147.616167068481 148.528467178345 149.440767288208 150.353067398071 151.265367507934 152.177667617798 153.089967727661 152.436051559448 151.260063298544 150.084075037638 148.908086776734 147.732098515829 146.556110254924 145.380121994019 144.607429504394 145.044624328613 145.481819152832 145.919013977051 146.356208801269 146.793403625488 147.230598449707 147.667793273926 152.705936813353 159.277729924518 165.849523035685 172.42131614685 178.993109258015 185.564902369181 192.136695480346 197.783088302612 200.653280258179
