data/working_set_collections/6091692-Cassins_Sparrow-MC/2010/bio15.asc
NCOLS 265 
NROWS 230 
XLLCORNER -115.5625 
YLLCORNER 24.8333333333333 
CELLSIZE 0.0833333333333333 
NODATA_value -9999 
[rows 160 to 179 of 230, columns 92 to 137 of 265]
125.462467066447 125.958023198445 126.453579330444 126.949135462443 127.444691594442 127.726129722595 127.9361951828 128.146260643005 128.35632610321 128.566391563415 128.77645702362 128.986522483826 128.776321093242 127.305319150289 125.834317207337 124.363315264384 122.892313321432 121.421311378479 119.950309435527 118.479307492574 116.325380134583 113.943810971579 111.562241808574 109.180672645569 106.799103482565 104.41753431956 102.035965156556 99.9885385513311 98.9435396194464 97.8985406875615 96.8535417556768 95.8085428237921 94.7635438919072 93.7185449600225 92.6735460281378 92.2056949615482 91.930226516724 91.6547580718998 91.3792896270756 91.1038211822514 90.8283527374272 90.5528842926029 90.2077998479212 89.6538674036666 89.099934959412 88.5460025151574
126.159761767917 126.674910524156 127.190059280395 127.705208036634 128.220356792874 128.485944811503 128.668345917596 128.850747023688 129.033148129781 129.215549235874 129.397950341966 129.580351448059 129.320945803325 127.736119906108 126.151294008891 124.566468111674 122.981642214457 121.396816317241 119.811990420024 118.227164522807 115.930955060324 113.397617742751 110.864280425178 108.330943107606 105.797605790033 103.26426847246 100.730931154887 98.5514966964726 97.4337708155319 96.3160449345911 95.1983190536504 94.0805931727097 92.9628672917688 91.8451414108282 90.7274155298875 90.2538412729902 89.9949842241079 89.7361271752255 89.4772701263431 89.2184130774607 88.9595560285784 88.7006989796959 88.3975986268789 87.9617683622576 87.5259380976362 87.0901078330149
126.817931874593 127.333620961507 127.849310048421 128.364999135335 128.880688222249 129.132892862956 129.297269354926 129.461645846897 129.626022338867 129.790398830838 129.954775322808 130.119151814779 129.830005815294 128.180292341444 126.530578867595 124.880865393745 123.231151919895 121.581438446045 119.931724972195 118.282011498345 115.881606610616 113.230971251594 110.580335892572 107.929700533549 105.279065174527 102.628429815505 99.9777944564824 97.6895967059669 96.4887117809724 95.2878268559777 94.0869419309832 92.8860570059887 91.685172080994 90.4842871559995 89.283402231005 88.7702185948692 88.4862687216868 88.2023188485043 87.9183689753218 87.6344191021393 87.3504692289568 87.0665193557742 86.7590622795957 86.3810835944286 86.0031049092614 85.6251262240943
127.436977386474 127.934154510498 128.431331634521 128.928508758545 129.425685882568 129.666973876953 129.822965494792 129.97895711263 130.134948730469 130.290940348307 130.446931966146 130.602923583984 130.303501129151 128.637836456299 126.972171783447 125.306507110596 123.640842437744 121.975177764893 120.309513092041 118.64384841919 116.177334785462 113.443871498108 110.710408210755 107.976944923401 105.243481636048 102.510018348694 99.7765550613408 97.402838579814 96.1083625157679 94.8138864517215 93.5194103876754 92.2249343236292 90.9304582595829 89.6359821955367 88.3415061314906 87.7548269271853 87.4040800094607 87.0533330917361 86.7025861740115 86.3518392562869 86.0010923385623 85.6503454208377 85.2921908060713 84.9118131001794 84.5314353942874 84.1510576883955
128.056022898356 128.534688059489 129.013353220622 129.492018381754 129.970683542887 130.20105489095 130.348661634657 130.496268378364 130.64387512207 130.791481865777 130.939088609483 131.08669535319 130.776996443007 129.095380571154 127.4137646993 125.732148827447 124.050532955594 122.36891708374 120.687301211887 119.005685340034 116.473062960307 113.656771744623 110.840480528938 108.024189313253 105.207898097569 102.391606881884 99.5753156661992 97.1160804536611 95.7280132505633 94.3399460474653 92.9518788443675 91.5638116412698 90.1757444381717 88.7876772350739 87.3996100319762 86.7394352595013 86.3218912972347 85.904347334968 85.4868033727013 85.0692594104346 84.6517154481679 84.2341714859012 83.825319332547 83.4425426059302 83.0597658793134 82.6769891526967
128.675068410237 129.13522160848 129.595374806722 130.055528004964 130.515681203206 130.735135904948 130.874357774522 131.013579644097 131.152801513672 131.292023383246 131.431245252821 131.570467122396 131.250491756863 129.552924686008 127.855357615153 126.157790544298 124.460223473443 122.762656402588 121.065089331733 119.367522260878 116.768791135153 113.869671991137 110.970552847121 108.071433703105 105.172314559089 102.273195415073 99.3740762710577 96.8293223275083 95.3476639853588 93.8660056432092 92.3843473010598 90.9026889589103 89.4210306167606 87.9393722746112 86.4577139324618 85.7240435918175 85.2397025850087 84.7553615782 84.2710205713911 83.7866795645823 83.3023385577736 82.8179975509647 82.3584478590227 81.9732721116812 81.5880963643396 81.202920616998
129.294113922119 129.735755157471 130.177396392822 130.619037628174 131.060678863525 131.269216918945 131.400053914388 131.530890909831 131.661727905273 131.792564900716 131.923401896159 132.054238891601 131.72398707072 130.010468800863 128.296950531006 126.583432261149 124.869913991292 123.156395721436 121.442877451579 119.729359181722 117.064519309998 114.082572237651 111.100625165304 108.118678092957 105.13673102061 102.154783948263 99.1728368759161 96.5425642013554 94.9673147201543 93.392065238953 91.8168157577519 90.2415662765509 88.6663167953495 87.0910673141485 85.5158178329474 84.7086519241336 84.1575138727827 83.6063758214318 83.0552377700809 82.50409971873 81.9529616673791 81.4018236160282 80.8915763854984 80.504001617432 80.1164268493656 79.7288520812992
129.913159434 130.336288706461 130.759417978922 131.182547251383 131.605676523844 131.803297932943 131.925750054253 132.048202175564 132.170654296875 132.293106418186 132.415558539496 132.538010660807 132.197482384576 130.468012915717 128.738543446859 127.009073978001 125.279604509142 123.550135040283 121.820665571425 120.091196102566 117.360247484843 114.295472484165 111.230697483487 108.165922482809 105.101147482131 102.036372481452 98.9715974807745 96.2558060752025 94.5869654549498 92.9181248346968 91.2492842144441 89.5804435941914 87.9116029739384 86.2427623536857 84.573921733433 83.6932602564496 83.0753251605567 82.4573900646637 81.8394549687706 81.2215198728776 80.6035847769847 79.9856496810916 79.424704911974 79.0347311231828 78.6447573343916 78.2547835456003
130.506822882758 130.882886589898 131.258950297038 131.635014004177 132.011077711317 132.193696975708 132.311834759182 132.429972542657 132.548110326131 132.666248109606 132.78438589308 132.902523676554 132.567945671082 130.875220298767 129.182494926453 127.489769554138 125.797044181824 124.104318809509 122.411593437195 120.71886806488 117.961542065939 114.849349191454 111.737156316969 108.624963442485 105.512770568 102.400577693516 99.2883848190311 96.5159924825035 94.7630017598474 93.0100110371909 91.2570203145348 89.5040295918787 87.7510388692222 85.9980481465661 84.2450574239099 83.2888132095338 82.5981511645848 81.9074891196359 81.2168270746868 80.5261650297379 79.8355029847889 79.1448409398399 78.5170141432022 78.0776930914987 77.6383720397951 77.1990509880916
131.075104268392 131.37554880778 131.675993347168 131.976437886556 132.276882425944 132.440414047241 132.558308029175 132.676202011108 132.794095993042 132.911989974976 133.029883956909 133.147777938843 132.835376930237 131.232090950012 129.628804969788 128.025518989563 126.422233009338 124.818947029114 123.215661048889 121.612375068665 118.868403053284 115.744202359518 112.620001665751 109.495800971985 106.371600278219 103.247399584453 100.123198890686 97.3231234232587 95.4954236348474 93.6677238464357 91.8400240580244 90.0123242696131 88.1846244812014 86.3569246927901 84.5292249043787 83.4953107833863 82.7259918848675 81.9566729863487 81.1873540878297 80.4180351893109 79.6487162907921 78.8793973922731 78.1685040791831 77.6328875223798 77.0972709655764 76.561654408773
131.643385654025 131.868211025662 132.093036397298 132.317861768934 132.542687140571 132.687131118774 132.804781299167 132.92243147956 133.040081659953 133.157731840346 133.275382020738 133.393032201131 133.102808189392 131.588961601257 130.075115013123 128.561268424988 127.047421836853 125.533575248718 124.019728660584 122.505882072449 119.775264040629 116.639055527582 113.502847014533 110.366638501486 107.230429988438 104.09422147539 100.958012962342 98.130254364014 96.2278455098475 94.3254366556806 92.423027801514 90.5206189473475 88.6182100931806 86.715801239014 84.8133923848475 83.7018083572389 82.8538326051502 82.0058568530615 81.1578811009726 80.309905348884 79.4619295967952 78.6139538447064 77.819994015164 77.1880819532609 76.5561698913576 75.9242578294544
132.211667039659 132.360873243544 132.510079447428 132.659285651313 132.808491855197 132.933848190308 133.05125456916 133.168660948012 133.286067326864 133.403473705716 133.520880084568 133.63828646342 133.370239448548 131.945832252503 130.521425056458 129.097017860413 127.672610664368 126.248203468323 124.823796272278 123.399389076233 120.682125027975 117.533908695645 114.385692363315 111.237476030986 108.089259698656 104.941043366326 101.792827033997 98.9373853047692 96.9602673848474 94.9831494649253 93.0060315450036 91.0289136250818 89.0517957051597 87.074677785238 85.0975598653163 83.9083059310914 82.9816733254329 82.0550407197743 81.1284081141156 80.201775508457 79.2751429027984 78.3485102971397 77.471483951145 76.743276384142 76.0150688171389 75.2868612501359
132.779948425293 132.853535461426 132.927122497559 133.000709533691 133.074296569824 133.180565261841 133.297727839152 133.414890416463 133.532052993774 133.649215571086 133.766378148397 133.883540725708 133.637670707703 132.302702903748 130.967735099793 129.632767295838 128.297799491882 126.962831687927 125.627863883972 124.292896080017 121.58898601532 118.428761863709 115.268537712097 112.108313560486 108.948089408875 105.787865257263 102.627641105652 99.7445162455244 97.6926892598475 95.6408622741702 93.5890352884932 91.5372083028163 89.485381317139 87.433554331462 85.381727345785 84.114803504944 83.1095140457155 82.1042245864871 81.0989351272585 80.09364566803 79.0883562088016 78.083066749573 77.1229738871259 76.2984708150231 75.4739677429202 74.6494646708174
133.348229810927 133.346197679308 133.344165547689 133.34213341607 133.340101284451 133.427282333374 133.544201109144 133.661119884915 133.778038660685 133.894957436456 134.011876212226 134.128794987996 133.905101966858 132.659573554993 131.414045143128 130.168516731262 128.922988319397 127.677459907532 126.431931495667 125.186403083801 122.495847002666 119.323615031773 116.151383060879 112.979151089987 109.806919119094 106.6346871482 103.462455177308 100.55164718628 98.4251111348475 96.298575083415 94.1720390319828 92.0455029805507 89.9189669291181 87.792430877686 85.6658948262538 84.3213010787965 83.2373547659982 82.1534084531999 81.0694621404014 79.9855158276031 78.9015695148048 77.8176232020063 76.7744638231068 75.8536652459042 74.9328666687014 74.0120680914988
133.764262983534 133.688813696967 133.6133644104 133.537915123834 133.462465837267 133.536214319865 133.659695392185 133.783176464505 133.906657536825 134.030138609144 134.153619681464 134.277100753784 134.093035994636 132.986333741082 131.879631487529 130.772929233975 129.666226980421 128.559524726868 127.452822473314 126.34612021976 123.694864018758 120.52875650194 117.362648985121 114.196541468303 111.030433951484 107.864326434665 104.698218917847 101.783228471544 99.6215892367896 97.4599500020345 95.2983107672799 93.1366715325252 90.9750322977702 88.8133930630156 86.6517538282609 85.255392773946 84.114124446445 82.972856118944 81.8315877914428 80.6903194639417 79.5490511364407 78.4077828089395 77.291436598036 76.249856736925 75.2082768758138 74.1666970147027
134.028047943115 133.881383514404 133.734719085693 133.588054656982 133.441390228272 133.507361221313 133.644210688273 133.781060155233 133.917909622192 134.054759089152 134.191608556112 134.328458023071 134.201472791036 133.282983462016 132.364494132996 131.446004803976 130.527515474955 129.609026145935 128.690536816915 127.772047487895 125.186037063599 122.044186274211 118.902335484823 115.760484695435 112.618633906047 109.476783116659 106.334932327271 103.439260101319 101.282123565674 99.1249870300294 96.967850494385 94.8107139587406 92.6535774230958 90.4964408874514 88.339304351807 86.917078590393 85.7398230870565 84.56256758372 83.3853120803832 82.2080565770467 81.0308010737102 79.8535455703735 78.6738922119141 77.4870452880861 76.3001983642578 75.1133514404298
134.291832902696 134.073953331841 133.856073760986 133.638194190131 133.420314619276 133.478508122762 133.628725984361 133.778943845961 133.92916170756 134.07937956916 134.229597430759 134.379815292358 134.309909587436 133.57963318295 132.849356778463 132.119080373976 131.388803969489 130.658527565002 129.928251160516 129.197974756029 126.677210108439 123.559616046482 120.442021984524 117.324427922567 114.20683386061 111.089239798652 107.971645736695 105.095291731093 102.942657894559 100.790024058024 98.63739022149 96.4847563849559 94.3321225484213 92.1794887118872 90.026854875353 88.57876440684 87.365521727668 86.1522790484959 84.9390363693237 83.7257936901517 82.5125510109797 81.2993083318075 80.0563478257922 78.7242338392472 77.3921198527019 76.0600058661569
134.555617862278 134.266523149278 133.977428436279 133.68833372328 133.399239010281 133.449655024211 133.61324128045 133.776827536689 133.940413792928 134.104000049167 134.267586305406 134.431172561645 134.418346383837 133.876282903883 133.33421942393 132.792155943976 132.250092464023 131.70802898407 131.165965504116 130.623902024163 128.16838315328 125.075045818753 121.981708484226 118.888371149699 115.795033815172 112.701696480645 109.608359146118 106.751323360867 104.603192223443 102.455061086019 100.306929948595 98.1587988111711 96.0106676737468 93.8625365363228 91.7144053988989 90.2404502232868 88.9912203682793 87.7419905132718 86.4927606582641 85.2435308032565 83.994300948249 82.7450710932413 81.4388034396702 79.9614223904082 78.4840413411459 77.0066602918838
134.819402821859 134.459092966716 134.098783111572 133.738473256429 133.378163401286 133.420801925659 133.597756576538 133.774711227417 133.951665878296 134.128620529175 134.305575180054 134.482529830933 134.526783180237 134.172932624817 133.819082069397 133.465231513977 133.111380958557 132.757530403137 132.403679847717 132.049829292297 129.65955619812 126.590475591024 123.521394983927 120.452314376831 117.383233769735 114.314153162638 111.245072555542 108.407354990641 106.263726552328 104.120098114014 101.9764696757 99.8328412373864 97.6892127990723 95.5455843607587 93.401955922445 91.9021360397338 90.6169190088908 89.3317019780478 88.0464849472045 86.7612679163615 85.4760508855185 84.1908338546753 82.8212590535483 81.1986109415693 79.5759628295899 77.9533147176109
135.08318778144 134.651662784153 134.220137786865 133.788612789578 133.357087792291 133.391948827108 133.582271872626 133.772594918145 133.962917963664 134.153241009182 134.343564054701 134.53388710022 134.635219976637 134.469582345751 134.303944714864 134.138307083978 133.972669453091 133.807031822204 133.641394191318 133.475756560431 131.150729242961 128.105905363295 125.061081483629 122.016257603964 118.971433724298 115.926609844632 112.881785964966 110.063386620416 107.924260881212 105.785135142009 103.646009402805 101.506883663602 99.3677579243979 97.2286321851945 95.089506445991 93.5638218561808 92.2426176495023 90.9214134428238 89.600209236145 88.2790050294665 86.957800822788 85.6365966161092 84.2037146674264 82.4357994927304 80.667884318034 78.899969143338
