data/working_set_collections/6091692-Cassins_Sparrow-MC/2010/bio18.asc
NCOLS 265 
NROWS 230 
XLLCORNER -115.5625 
YLLCORNER 24.8333333333333 
CELLSIZE 0.0833333333333333 
NODATA_value -9999 
[rows 160 to 179 of 230, columns 46 to 91 of 265]
171.569065475462 179.794990666705 188.02091585795 196.246841049193 204.472766240436 212.69869143168 212.7201171875 210.006709798178 207.293302408854 204.579895019532 201.866487630209 199.153080240886 196.439672851563 195.893040339151 201.846732457478 207.800424575805 213.754116694131 219.707808812459 225.661500930785 231.615193049111 237.568885167439 238.648898696899 238.104352696736 237.559806696574 237.015260696411 236.470714696248 235.926168696085 235.381622695922 234.517306518554 232.693679809569 230.870053100585 229.046426391601 227.222799682616 225.399172973632 223.575546264647 221.751919555663 219.491910934447 217.086441675821 214.680972417194 212.275503158568 209.870033899942 207.464564641315 205.059095382689 202.355829874674 198.759175618489 195.162521362304
172.851022720335 181.01399930318 189.176975886026 197.33995246887 205.502929051715 213.665905634561 213.588504028321 210.764309692383 207.940115356446 205.115921020508 202.291726684571 199.467532348633 196.643338012696 196.034291034273 202.070686128404 208.107081222533 214.143476316663 220.179871410793 226.216266504922 232.252661599052 238.289056693182 239.904487228393 240.046262910631 240.188038592868 240.329814275105 240.471589957343 240.61336563958 240.755141321817 240.525625949435 239.182237413194 237.838848876952 236.495460340711 235.15207180447 233.808683268228 232.465294731987 231.121906195745 228.923518244425 226.440130488077 223.956742731729 221.473354975382 218.989967219034 216.506579462686 214.023191706339 211.189469401041 207.304743448892 203.420017496744
174.695549011229 182.760052998858 190.82455698649 198.889060974119 206.953564961749 215.01806894938 214.931769688924 212.128536012438 209.325302335951 206.522068659465 203.718834982978 200.915601306491 198.112367630005 197.579092195297 203.855691485933 210.132290776569 216.408890067204 222.685489357841 228.962088648476 235.238687939112 241.515287229748 243.567753855386 244.212176259357 244.856598663329 245.5010210673 246.145443471271 246.789865875243 247.434288279214 247.686166763304 246.760413487751 245.834660212197 244.908906936644 243.98315366109 243.057400385537 242.131647109983 241.20589383443 239.180179850259 236.787812296548 234.395444742837 232.003077189126 229.610709635415 227.218342081704 224.825974527993 221.947679858736 217.611603842839 213.275527826943
177.102644348143 185.033151753741 192.963659159341 200.89416656494 208.824673970538 216.755181376138 216.749914169312 214.099388758342 211.448863347371 208.798337936401 206.147812525432 203.497287114461 200.846761703491 200.527443822223 207.201748530069 213.876053237913 220.550357945758 227.224662653604 233.898967361448 240.573272069293 247.247576777139 249.63869857788 250.602092742919 251.565486907958 252.528881072997 253.492275238036 254.455669403075 255.419063568114 255.998928960163 255.428208033242 254.857487106322 254.286766179401 253.71604525248 253.14532432556 252.574603398639 252.003882471719 250.261895751952 248.129487101236 245.997078450519 243.864669799803 241.732261149087 239.599852498371 237.467443847654 234.630461247761 229.679756800332 224.729052352904
179.509739685057 187.306250508624 195.102761332193 202.89927215576 210.695782979327 218.492293802896 218.568058649699 216.070241504246 213.572424358792 211.074607213338 208.576790067885 206.078972922431 203.581155776978 203.475795449149 210.547805574204 217.619815699258 224.691825824312 231.763835949366 238.83584607442 245.907856199474 252.979866324529 255.709643300373 256.99200922648 258.274375152587 259.556741078693 260.8391070048 262.121472930907 263.403838857014 264.311691157022 264.096002578734 263.880314000446 263.664625422159 263.448936843871 263.233248265583 263.017559687295 262.801871109007 261.343611653645 259.471161905923 257.598712158202 255.72626241048 253.853812662759 251.981362915038 250.108913167316 247.313242636786 241.747909757825 236.182576878865
181.916835021971 189.579349263507 197.241863505044 204.90437774658 212.566891988116 220.229406229654 220.386203130086 218.041094250149 215.695985370212 213.350876490275 211.005767610338 208.660658730401 206.315549850464 206.424147076075 213.893862618339 221.363578160602 228.833293702865 236.303009245129 243.772724787392 251.242440329655 258.712155871919 261.780588022866 263.381925710041 264.983263397215 266.58460108439 268.185938771564 269.787276458738 271.388614145913 272.62445335388 272.763797124225 272.90314089457 273.042484664915 273.18182843526 273.321172205605 273.46051597595 273.599859746295 272.425327555337 270.81283671061 269.200345865883 267.587855021157 265.97536417643 264.362873331703 262.750382486977 259.99602402581 253.816062715317 247.636101404825
184.323930358885 191.85244801839 199.380965677896 206.909483337401 214.438000996906 221.966518656412 222.204347610474 220.011946996053 217.819546381632 215.627145767212 213.434745152791 211.242344538371 209.04994392395 209.372498703001 217.239919662474 225.107340621946 232.974761581418 240.842182540892 248.709603500364 256.577024459836 264.44444541931 267.85153274536 269.771842193602 271.692151641844 273.612461090086 275.532770538328 277.453079986571 279.373389434813 280.937215550739 281.431591669717 281.925967788695 282.420343907672 282.91472002665 283.409096145628 283.903472264606 284.397848383584 283.50704345703 282.154511515298 280.801979573566 279.449447631834 278.096915690102 276.74438374837 275.391851806639 272.678805414835 265.88421567281 259.089625930785
186.731025695799 194.125546773273 201.520067850748 208.914588928221 216.309110005695 223.703631083169 224.022492090861 221.982799741957 219.943107393053 217.903415044149 215.863722695245 213.82403034634 211.784337997436 212.320850329927 220.585976706609 228.851103083291 237.116229459972 245.381355836655 253.646482213336 261.911608590017 270.1767349667 273.922477467854 276.161758677163 278.401039886473 280.640321095783 282.879602305093 285.118883514403 287.358164723713 289.249977747598 290.099386215209 290.948794682819 291.79820315043 292.64761161804 293.497020085651 294.346428553262 295.195837020872 294.588759358723 293.496186319986 292.403613281249 291.311040242512 290.218467203775 289.125894165037 288.0333211263 285.36158680386 277.952368630302 270.543150456746
188.194704310098 195.504476208155 202.814248106214 210.124020004271 217.433791902328 224.743563800387 225.106516774496 223.15386344062 221.201210106744 219.248556772868 217.295903438992 215.343250105116 213.39059677124 214.092979939777 222.760472615559 231.427965291339 240.09545796712 248.762950642902 257.430443318683 266.097935994464 274.765428670246 278.827997843423 281.355592515732 283.883187188041 286.41078186035 288.938376532659 291.465971204968 293.993565877277 296.172527737086 297.305591159395 298.438654581704 299.571718004013 300.704781426322 301.837844848631 302.97090827094 304.103971693249 303.72169672648 302.83430896335 301.946921200221 301.059533437092 300.172145673962 299.284757910833 298.397370147704 295.794595675998 288.045661078558 280.29672648112
188.714966201781 195.989236323037 203.263506444294 210.53777656555 217.812046686807 225.086316808064 225.456421661377 223.525138092041 221.593854522705 219.662570953369 217.731287384034 215.800003814697 213.868720245362 214.68888753255 223.763407389322 232.837927246092 241.912447102862 250.986966959634 260.061486816404 269.136006673175 278.210526529946 282.568093872069 285.353343709309 288.138593546548 290.923843383788 293.709093221027 296.494343058267 299.279592895506 301.704865519204 303.050206502278 304.39554748535 305.740888468423 307.086229451496 308.431570434569 309.776911417642 311.122252400715 310.905855560302 310.168879445393 309.431903330484 308.694927215575 307.957951100666 307.220974985757 306.483998870848 303.97783203125 296.164093017578 288.350354003906
189.235228093464 196.473996437919 203.712764782375 210.95153312683 218.190301471285 225.429069815741 225.806326548259 223.896412743463 221.986498938667 220.076585133871 218.166671329075 216.256757524279 214.346843719483 215.284795125323 224.766342163085 234.247889200845 243.729436238604 253.210983276366 262.692530314126 272.174077351885 281.655624389647 286.308189900715 289.351094902885 292.393999905055 295.436904907225 298.479809909395 301.522714911566 304.565619913736 307.237203301323 308.79482184516 310.352440388996 311.910058932833 313.46767747667 315.025296020507 316.582914564343 318.14053310818 318.090014394123 317.503449927435 316.916885460747 316.330320994058 315.74375652737 315.157192060681 314.570627593993 312.161068386502 304.282524956597 296.403981526693
189.755489985147 196.9587565528 204.162023120455 211.365289688109 218.568556255763 225.771822823418 226.15623143514 224.267687394884 222.379143354628 220.490599314372 218.602055274116 216.71351123386 214.824967193604 215.880702718097 225.769276936848 235.657851155597 245.546425374346 255.434999593097 265.323573811847 275.212148030596 285.100722249347 290.048285929361 293.348846096461 296.649406263562 299.949966430663 303.250526597763 306.551086764864 309.851646931965 312.76954108344 314.539437188041 316.309333292642 318.079229397242 319.849125501843 321.619021606444 323.388917711044 325.158813815645 325.274173227945 324.838020409477 324.401867591009 323.965714772541 323.529561954073 323.093409135605 322.657256317137 320.344304741754 312.400956895616 304.457609049479
190.27575187683 197.443516667682 204.611281458536 211.779046249388 218.946811040241 226.114575831095 226.506136322022 224.638962046306 222.771787770589 220.904613494873 219.037439219157 217.170264943441 215.303090667725 216.47661031087 226.772211710611 237.06781311035 247.363414510088 257.659015909829 267.954617309568 278.250218709307 288.545820109048 293.788381958007 297.346597290038 300.904812622069 304.4630279541 308.021243286131 311.579458618163 315.137673950194 318.301878865559 320.284052530923 322.266226196288 324.248399861652 326.230573527017 328.212747192381 330.194920857746 332.177094523111 332.458332061766 332.172590891519 331.886849721272 331.601108551024 331.315367380777 331.029626210529 330.743885040282 328.527541097006 320.519388834635 312.511236572266
190.796013768513 197.928276782564 205.060539796616 212.192802810668 219.325065824719 226.457328838771 226.856041208903 225.010236697727 223.164432186551 221.318627675375 219.472823164199 217.627018653022 215.781214141846 217.072517903643 227.775146484374 238.477775065102 249.180403645831 259.883032226561 270.585660807289 281.288289388018 291.990917968748 297.528477986652 301.344348483614 305.160218980576 308.976089477538 312.791959974499 316.607830471462 320.423700968423 323.834216647677 326.028667873805 328.223119099934 330.417570326062 332.612021552191 334.806472778319 337.000924004447 339.195375230576 339.642490895588 339.507161373561 339.371831851534 339.236502329507 339.10117280748 338.965843285454 338.830513763427 336.710777452258 328.637820773654 320.564864095052
189.95432434082 197.070837741427 204.187351142035 211.303864542642 218.42037794325 225.536891343858 225.959739557903 224.151366043092 222.34299252828 220.534619013469 218.726245498658 216.917871983847 215.109498469036 216.533278274534 227.653518040974 238.773757807412 249.89399757385 261.01423734029 272.134477106728 283.254716873166 294.374956639606 300.251494344074 304.380131361218 308.508768378363 312.637405395507 316.76604241265 320.894679429795 325.023316446939 328.707970513236 331.060675726995 333.413380940754 335.766086154512 338.118791368271 340.47149658203 342.824201795788 345.176907009547 345.6623588562 345.525392913817 345.388426971435 345.251461029052 345.114495086669 344.977529144286 344.840563201904 342.719232008193 334.644805060493 326.570378112794
187.750683593749 194.87119954427 201.991715494791 209.112231445312 216.232747395832 223.353263346354 223.817231369019 222.062350082398 220.307468795777 218.552587509156 216.797706222535 215.042824935914 213.287943649293 214.858891423541 226.407326380411 237.955761337278 249.504196294146 261.052631251016 272.601066207884 284.149501164751 295.697936121621 301.957431030272 306.45394592285 310.950460815429 315.446975708007 319.943490600584 324.440005493163 328.936520385741 332.923140462238 335.380076090494 337.837011718749 340.293947347004 342.750882975259 345.207818603514 347.66475423177 350.121689860025 350.517935943603 350.227285512288 349.936635080973 349.645984649658 349.355334218342 349.064683787027 348.774033355712 346.552904764812 338.54034169515 330.527778625489
185.547042846679 192.671561347112 199.796079847547 206.920598347981 214.045116848414 221.169635348849 221.674723180136 219.973334121705 218.271945063274 216.570556004843 214.869166946412 213.167777887981 211.46638882955 213.184504572548 225.161134719847 237.137764867145 249.114395014442 261.091025161742 273.067655309039 285.044285456337 297.020915603636 303.66336771647 308.527760484482 313.392153252495 318.256546020507 323.120938788518 327.985331556531 332.849724324543 337.13831041124 339.699476453992 342.260642496744 344.821808539495 347.382974582247 349.944140624999 352.50530666775 355.066472710502 355.373513031005 354.929178110758 354.48484319051 354.040508270263 353.596173350016 353.151838429768 352.707503509521 350.386577521431 342.435878329807 334.485179138184
183.343402099609 190.471923149955 197.600444200303 204.72896525065 211.857486300997 218.986007351345 219.532214991252 217.884318161012 216.23642133077 214.58852450053 212.940627670289 211.292730840048 209.644834009807 211.510117721555 223.914943059284 236.319768397011 248.724593734739 261.129419072468 273.534244410195 285.939069747922 298.343895085651 305.369304402668 310.601575046114 315.833845689561 321.066116333006 326.298386976452 331.530657619899 336.762928263345 341.353480360242 344.01887681749 346.684273274738 349.349669731986 352.015066189235 354.680462646483 357.345859103731 360.01125556098 360.229090118407 359.631070709228 359.033051300048 358.435031890868 357.837012481689 357.238993072509 356.640973663329 354.22025027805 346.331414964464 338.442579650879
181.139761352538 188.272284952798 195.404808553059 202.537332153319 209.669855753579 216.802379353841 217.389706802369 215.795302200318 214.200897598267 212.606492996216 211.012088394166 209.417683792115 207.823279190064 209.835730870562 222.668751398721 235.501771926878 248.334792455035 261.167812983194 274.00083351135 286.833854039507 299.666874567666 307.075241088866 312.675389607746 318.275538126627 323.875686645506 329.475835164386 335.075983683267 340.676132202147 345.568650309243 348.338277180989 351.107904052733 353.877530924478 356.647157796223 359.416784667968 362.186411539712 364.956038411457 365.08466720581 364.332963307698 363.581259409586 362.829555511474 362.077851613362 361.32614771525 360.574443817138 358.053923034669 350.226951599121 342.399980163575
178.936120605468 186.072646755641 193.209172905815 200.345699055989 207.482225206162 214.618751356336 215.247198613485 213.706286239625 212.165373865764 210.624461491903 209.083549118043 207.542636744182 206.001724370321 208.161344019569 221.422559738158 234.683775456744 247.944991175331 261.206206893919 274.467422612506 287.728638331092 300.989854049681 308.781177775064 314.749204169378 320.717230563693 326.685256958006 332.65328335232 338.621309746635 344.589336140949 349.783820258245 352.657677544487 355.531534830728 358.405392116969 361.279249403211 364.153106689452 367.026963975693 369.900821261935 369.940244293212 369.034855906168 368.129467519124 367.22407913208 366.318690745035 365.413302357991 364.507913970947 361.887595791288 354.122488233778 346.35738067627
