data/working_set_collections/6091692-Cassins_Sparrow-MC/2010/bio18.asc
NCOLS 265 
NROWS 230 
XLLCORNER -115.5625 
YLLCORNER 24.8333333333333 
CELLSIZE 0.0833333333333333 
NODATA_value -9999 
[rows 40 to 59 of 230, columns 138 to 183 of 265]
142.439416376749 143.207870864868 143.976325352986 144.744779841105 147.041881561279 149.848532358805 152.65518315633 155.461833953857 158.268484751383 161.075135548909 163.881786346435 166.800526809691 170.055536270141 173.31054573059 176.565555191039 179.820564651488 183.075574111938 186.330583572387 189.585593032836 191.499924850464 192.967364120483 194.434803390503 195.902242660522 197.369681930542 198.837121200561 200.304560470581 201.756816355387 203.163522084554 204.570227813721 205.976933542887 207.383639272054 208.79034500122 210.197050730387 211.603756459553 212.804801559448 213.937293116251 215.069784673055 216.202276229858 217.334767786661 218.467259343465 219.599750900268 220.644854482015 221.42779413859 222.210733795166 222.993673451741 223.776613108317
142.397100448608 143.276405970255 144.155711491902 145.03501701355 147.437373606363 150.347413889566 153.257454172769 156.167494455973 159.077534739176 161.987575022379 164.897615305582 167.836411836411 170.86147711012 173.886542383829 176.911607657538 179.936672931246 182.961738204956 185.986803478664 189.011868752373 190.671365737915 191.875673294067 193.07998085022 194.284288406372 195.488595962524 196.692903518677 197.897211074829 199.269792260064 201.147194332546 203.024596405029 204.901998477512 206.779400549994 208.656802622477 210.534204694959 212.411606767442 213.70642636617 214.807051806979 215.907677247789 217.008302688598 218.108928129408 219.209553570217 220.310179011027 221.329298824734 222.103901757134 222.878504689534 223.653107621934 224.427710554335
143.167146725124 144.144412485758 145.121678246392 146.098944007025 148.532502873738 151.45149277581 154.370482677883 157.289472579955 160.208462482028 163.1274523841 166.046442286173 168.942856725056 171.771544774372 174.600232823689 177.428920873005 180.257608922322 183.086296971638 185.914985020955 188.743673070271 190.253475316365 191.323648961385 192.393822606404 193.463996251424 194.534169896443 195.604343541463 196.674517186483 197.988081147935 200.031816058688 202.075550969441 204.119285880194 206.163020790947 208.206755701701 210.250490612453 212.294225523206 213.641844813029 214.757425562541 215.873006312052 216.988587061564 218.104167811076 219.219748560587 220.335329310099 221.365044699775 222.137164009942 222.909283320109 223.681402630276 224.453521940443
144.749555206298 145.811890411377 146.874225616455 147.936560821533 150.327269363403 153.160769017536 155.99426867167 158.827768325805 161.661267979939 164.494767634073 167.328267288207 170.119861475626 172.785739262898 175.45161705017 178.117494837442 180.783372624714 183.449250411987 186.115128199259 188.781005986531 190.246253585815 191.311291122436 192.376328659057 193.441366195679 194.5064037323 195.571441268921 196.636478805542 197.911683019002 199.81738726298 201.723091506958 203.628795750936 205.534499994913 207.440204238891 209.345908482869 211.251612726847 212.611056900024 213.788414382934 214.965771865845 216.143129348755 217.320486831665 218.497844314575 219.675201797485 220.752092107137 221.527580897013 222.30306968689 223.078558476766 223.854047266642
146.331963687472 147.479368336995 148.626772986517 149.77417763604 152.122035853067 154.870045259263 157.618054665459 160.366064071655 163.11407347785 165.862082884046 168.610092290242 171.296866226196 173.799933751423 176.303001276651 178.806068801879 181.309136327107 183.812203852335 186.315271377563 188.818338902791 190.239031855265 191.298933283488 192.35883471171 193.418736139933 194.478637568156 195.538538996378 196.598440424601 197.835284890068 199.602958467271 201.370632044474 203.138305621677 204.905979198879 206.673652776082 208.441326353285 210.208999930487 211.58026898702 212.819403203328 214.058537419637 215.297671635946 216.536805852254 217.775940068563 219.015074284871 220.139139514499 220.917997784085 221.69685605367 222.475714323256 223.254572592841
147.914372168646 149.146846262614 150.37932035658 151.611794450547 153.916802342732 156.579321500989 159.241840659247 161.904359817504 164.566878975761 167.229398134019 169.891917292276 172.473870976765 174.814128239949 177.154385503133 179.494642766316 181.8349000295 184.175157292683 186.515414555867 188.85567181905 190.231810124715 191.286575444539 192.341340764363 193.396106084188 194.450871404012 195.505636723836 196.56040204366 197.758886761135 199.388529671563 201.01817258199 202.647815492418 204.277458402845 205.907101313273 207.5367442237 209.166387134128 210.549481074015 211.850392023722 213.151302973429 214.452213923136 215.753124872843 217.05403582255 218.354946772257 219.526186921861 220.308414671156 221.090642420451 221.872870169745 222.65509791904
149.49678064982 150.814324188232 152.131867726643 153.449411265055 155.711568832397 158.288597742716 160.865626653034 163.442655563354 166.019684473673 168.596713383992 171.173742294311 173.650875727335 175.828322728474 178.005769729614 180.183216730753 182.360663731892 184.538110733032 186.715557734171 188.89300473531 190.224588394165 191.274217605591 192.323846817016 193.373476028442 194.423105239868 195.472734451294 196.52236366272 197.682488632202 199.174100875854 200.665713119507 202.157325363159 203.648937606811 205.140549850464 206.632162094116 208.123774337768 209.518693161011 210.881380844116 212.244068527221 213.606756210327 214.969443893432 216.332131576538 217.694819259643 218.913234329224 219.698831558227 220.484428787231 221.270026016235 222.055623245239
151.079189130994 152.48180211385 153.884415096706 155.287028079562 157.506335322062 159.997873984442 162.489412646823 164.980951309204 167.472489971584 169.964028633964 172.455567296345 174.827880477905 176.842517217 178.857153956095 180.87179069519 182.886427434285 184.90106417338 186.915700912475 188.93033765157 190.217366663615 191.261859766642 192.306352869669 193.350845972697 194.395339075724 195.439832178751 196.484325281779 197.606090503268 198.959672080146 200.313253657023 201.6668352339 203.020416810777 204.373998387655 205.727579964532 207.081161541409 208.487905248006 209.91236966451 211.336834081014 212.761298497518 214.185762914022 215.610227330525 217.034691747029 218.300281736586 219.089248445299 219.878215154012 220.667181862725 221.456148571438
152.391313001844 153.76953531901 155.147757636176 156.525979953342 158.643584187825 161.007649061414 163.371713935004 165.735778808593 168.099843682183 170.463908555772 172.827973429362 175.078385374281 176.987838533189 178.897291692098 180.806744851006 182.716198009914 184.625651168823 186.535104327731 188.44455748664 189.732349395752 190.812920888265 191.893492380778 192.974063873291 194.054635365804 195.135206858317 196.21577835083 197.356416659885 198.677255418565 199.998094177246 201.318932935926 202.639771694607 203.960610453288 205.281449211968 206.602287970649 208.089331436157 209.631776470608 211.174221505059 212.71666653951 214.259111573961 215.801556608411 217.344001642863 218.698439407348 219.488855361938 220.279271316528 221.069687271118 221.860103225708
153.433152262369 154.677523803711 155.921895345052 157.166266886393 159.123315429687 161.317922973632 163.512530517577 165.707138061523 167.901745605468 170.096353149414 172.290960693359 174.402390416463 176.264286677042 178.126182937622 179.988079198201 181.849975458781 183.71187171936 185.57376797994 187.435664240519 188.769536590576 189.927400970459 191.085265350342 192.243129730225 193.400994110107 194.55885848999 195.716722869873 196.933467102051 198.326850891113 199.720234680176 201.113618469238 202.5070022583 203.900386047363 205.293769836425 206.687153625488 208.322971725464 210.03960126241 211.756230799357 213.472860336303 215.18948987325 216.906119410196 218.622748947143 220.107707341512 220.897652308146 221.68759727478 222.477542241414 223.267487208048
154.474991522895 155.585512288411 156.696033053928 157.806553819444 159.603046671549 161.62819688585 163.653347100151 165.678497314453 167.703647528754 169.728797743055 171.753947957357 173.726395458645 175.540734820895 177.355074183146 179.169413545396 180.983752907647 182.798092269897 184.612431632148 186.426770994398 187.8067237854 189.041881052653 190.277038319905 191.512195587158 192.747352854411 193.982510121663 195.217667388916 196.510517544216 197.976446363661 199.442375183105 200.90830400255 202.374232821994 203.840161641439 205.306090460883 206.772019280327 208.55661201477 210.447426054212 212.338240093654 214.229054133097 216.119868172539 218.010682211981 219.901496251424 221.516975275675 222.306449254353 223.095923233032 223.88539721171 224.674871190389
155.51683078342 156.493500773112 157.470170762804 158.446840752495 160.082777913411 161.938470798068 163.794163682725 165.649856567382 167.50554945204 169.361242336697 171.216935221354 173.050400500827 174.817182964748 176.58396542867 178.350747892591 180.117530356513 181.884312820434 183.651095284356 185.417877748277 186.843910980224 188.156361134847 189.468811289469 190.781261444092 192.093711598714 193.406161753336 194.718611907959 196.087567986382 197.626041836208 199.164515686035 200.702989535861 202.241463385688 203.779937235514 205.31841108534 206.856884935167 208.790252304077 210.855250846015 212.920249387952 214.98524792989 217.050246471828 219.115245013766 221.180243555704 222.926243209839 223.715246200561 224.504249191284 225.293252182007 226.082255172729
156.558670043945 157.401489257812 158.244308471679 159.087127685547 160.562509155273 162.248744710286 163.934980265299 165.621215820312 167.307451375325 168.993686930338 170.679922485351 172.374405543009 174.093631108602 175.812856674194 177.532082239787 179.251307805379 180.970533370972 182.689758936564 184.408984502156 185.881098175049 187.270841217041 188.660584259033 190.050327301025 191.440070343017 192.82981338501 194.219556427002 195.664618428548 197.275637308756 198.886656188965 200.497675069173 202.108693949381 203.71971282959 205.330731709798 206.941750590006 209.023892593383 211.263075637817 213.50225868225 215.741441726684 217.980624771118 220.219807815551 222.458990859985 224.335511144002 225.124043146769 225.912575149536 226.701107152303 227.48963915507
157.60050930447 158.309477742513 159.018446180555 159.727414618598 161.042240397135 162.559018622504 164.075796847873 165.592575073242 167.109353298611 168.62613152398 170.142909749349 171.698410585191 173.370079252455 175.041747919718 176.713416586982 178.385085254245 180.056753921509 181.728422588772 183.400091256035 184.918285369873 186.385321299235 187.852357228597 189.319393157959 190.786429087321 192.253465016683 193.720500946045 195.241668870714 196.925232781304 198.608796691894 200.292360602484 201.975924513075 203.659488423665 205.343052334255 207.026616244845 209.25753288269 211.670900429619 214.084267976548 216.497635523478 218.911003070407 221.324370617336 223.737738164265 225.744779078165 226.532840092976 227.320901107788 228.108962122599 228.89702313741
157.845245191786 158.342554219564 158.839863247342 159.337172275119 160.518917592366 161.928808339437 163.338699086507 164.748589833577 166.158480580648 167.568371327718 168.978262074788 170.462364747789 172.169103198581 173.875841649373 175.582580100165 177.289318550957 178.99605700175 180.702795452542 182.409533903334 184.035349655151 185.634191173977 187.233032692803 188.831874211629 190.430715730455 192.029557249281 193.628398768107 195.254400846693 196.96188460456 198.669368362426 200.376852120293 202.08433587816 203.791819636027 205.499303393893 207.20678715176 209.599918874104 212.221599917941 214.843280961778 217.464962005615 220.086643049451 222.708324093288 225.330005137125 227.504619513617 228.338033888075 229.171448262532 230.00486263699 230.838277011447
157.292877705892 157.500718688965 157.708559672038 157.916400655111 158.992540740967 160.358113861084 161.723686981201 163.089260101318 164.454833221436 165.820406341553 167.18597946167 168.666268030802 170.490702946981 172.315137863159 174.139572779337 175.964007695516 177.788442611694 179.612877527873 181.437312444051 183.232291030884 185.017450841268 186.802610651652 188.587770462036 190.37293027242 192.158090082804 193.943249893188 195.702814356486 197.385592778523 199.068371200561 200.751149622599 202.433928044637 204.116706466674 205.799484888712 207.48226331075 210.051050567626 212.915174102782 215.779297637938 218.643421173095 221.507544708251 224.371668243407 227.235791778564 229.615032450357 230.539624532063 231.464216613769 232.388808695475 233.31340077718
156.740510219998 156.658883158366 156.577256096734 156.495629035102 157.466163889567 158.787419382731 160.108674875895 161.429930369059 162.751185862223 164.072441355387 165.393696848551 166.870171313815 168.81230269538 170.754434076945 172.696565458509 174.638696840074 176.580828221639 178.522959603203 180.465090984768 182.429232406616 184.400710508558 186.3721886105 188.343666712443 190.315144814385 192.286622916327 194.25810101827 196.151227866278 197.809300952487 199.467374038696 201.125447124905 202.783520211113 204.441593297322 206.099666383531 207.75773946974 210.502182261148 213.608748287624 216.7153143141 219.821880340575 222.928446367051 226.035012393526 229.141578420002 231.725445387098 232.741215176052 233.756984965006 234.77275475396 235.788524542914
156.188142734104 155.817047627767 155.44595252143 155.074857415094 155.939787038167 157.216724904378 158.493662770589 159.7706006368 161.047538503011 162.324476369222 163.601414235433 165.074074596829 167.133902443779 169.193730290731 171.253558137681 173.313385984632 175.373213831583 177.433041678534 179.492869525485 181.626173782348 183.783970175849 185.941766569349 188.09956296285 190.25735935635 192.41515574985 194.572952143351 196.599641376071 198.233009126451 199.866376876831 201.49974462721 203.13311237759 204.76648012797 206.39984787835 208.033215628729 210.953313954671 214.302322472466 217.65133099026 221.000339508056 224.349348025851 227.698356543646 231.047365061441 233.835858323839 234.942805820041 236.049753316243 237.156700812445 238.263648308647
155.63577524821 154.975212097168 154.314648946127 153.654085795085 154.413410186768 155.646030426025 156.878650665283 158.111270904541 159.343891143799 160.576511383057 161.809131622315 163.277977879842 165.455502192179 167.633026504517 169.810550816854 171.988075129191 174.165599441528 176.343123753865 178.520648066202 180.823115158081 183.167229843139 185.511344528198 187.855459213256 190.199573898315 192.543688583373 194.887803268432 197.048054885864 198.656717300414 200.265379714965 201.874042129516 203.482704544067 205.091366958618 206.700029373169 208.308691787719 211.404445648193 214.995896657307 218.587347666421 222.178798675536 225.770249684651 229.361700693765 232.95315170288 235.946271260579 237.144396464029 238.34252166748 239.54064687093 240.738772074381
155.083407762316 154.133376566569 153.183345370823 152.233314175076 152.887033335368 154.075335947672 155.263638559977 156.451941172282 157.640243784587 158.828546396891 160.016849009196 161.481881162855 163.777101940578 166.072322718302 168.367543496026 170.662764273749 172.957985051473 175.253205829196 177.54842660692 180.020056533813 182.55048951043 185.080922487046 187.611355463663 190.14178844028 192.672221416897 195.202654393514 197.496468395657 199.080425474378 200.6643825531 202.248339631822 203.832296710544 205.416253789266 207.000210867987 208.584167946709 211.855577341715 215.689470842149 219.523364342582 223.357257843017 227.191151343451 231.025044843884 234.858938344319 238.056684197319 239.345987108018 240.635290018717 241.924592929416 243.213895840114
