data/working_set_collections/6091692-Cassins_Sparrow-MC/2010/bio17.asc
NCOLS 265 
NROWS 230 
XLLCORNER -115.5625 
YLLCORNER 24.8333333333333 
CELLSIZE 0.0833333333333333 
NODATA_value -9999 
[rows 120 to 139 of 230, columns 46 to 91 of 265]
11.5995456457137 12.3208484941058 13.0421513424979 13.7634541908899 14.484757039282 15.2060598876741 15.481798696518 15.6090161588457 15.7362336211735 15.8634510835012 15.990668545829 16.1178860081567 16.2451034704845 16.3283851597045 16.2798595296013 16.2313338994981 16.1828082693949 16.1342826392916 16.0857570091884 16.0372313790852 15.988705748982 15.8534515062969 15.6892877260845 15.5251239458721 15.3609601656597 15.1967963854473 15.0326326052349 14.8684688250225 14.7110994656881 14.5741133689881 14.4371272722881 14.300141175588 14.163155078888 14.026168982188 13.8891828854879 13.7521967887879 13.7072726885478 13.693035920461 13.6787991523743 13.6645623842875 13.6503256162008 13.636088848114 13.6218520800273 13.6027704583274 13.5691542757882 13.535538093249
11.1036317110061 11.8024617751439 12.5012918392817 13.2001219034195 13.8989519675572 14.5977820316951 14.8522627353669 14.95862698555 15.0649912357331 15.1713554859162 15.2777197360993 15.3840839862825 15.4904482364656 15.5653818686805 15.5460236469906 15.5266654253007 15.5073072036109 15.487948981921 15.4685907602311 15.4492325385413 15.4298743168514 15.3176339149476 15.1744327863059 15.0312316576641 14.8880305290223 14.7448294003806 14.6016282717388 14.458427143097 14.3259189287822 14.2254894574484 14.1250599861146 14.0246305147807 13.9242010434469 13.8237715721131 13.7233421007793 13.6229126294454 13.5753407478333 13.545388062795 13.5154353777568 13.4854826927185 13.4555300076803 13.425577322642 13.3956246376038 13.3648786306382 13.3317526578904 13.2986266851426
10.6077177762985 11.2840750561819 11.9604323360655 12.636789615949 13.3131468958324 13.989504175716 14.2227267742158 14.3082378122542 14.3937488502927 14.4792598883312 14.5647709263696 14.6502819644081 14.7357930024466 14.8023785776563 14.8121877643798 14.8219969511033 14.8318061378268 14.8416153245503 14.8514245112738 14.8612336979973 14.8710428847208 14.7818163235983 14.6595778465272 14.5373393694561 14.4151008923849 14.2928624153138 14.1706239382427 14.0483854611715 13.9407383918763 13.8768655459087 13.8129926999411 13.7491198539734 13.6852470080058 13.6213741620382 13.5575013160706 13.493628470103 13.4434088071188 13.397740205129 13.3520716031393 13.3064030011495 13.2607343991598 13.21506579717 13.1693971951803 13.1269868029489 13.0943510399925 13.0617152770361
10.1118038415908 10.76568833722 11.4195728328493 12.0734573284784 12.7273418241076 13.3812263197369 13.5931908130646 13.6578486389585 13.7225064648523 13.7871642907461 13.8518221166399 13.9164799425338 13.9811377684276 14.0393752866322 14.078351881769 14.1173284769059 14.1563050720427 14.1952816671796 14.2342582623164 14.2732348574533 14.3122114525902 14.245998732249 14.1447229067485 14.043447081248 13.9421712557475 13.8408954302471 13.7396196047466 13.6383437792461 13.5555578549703 13.5282416343689 13.5009254137675 13.4736091931661 13.4462929725647 13.4189767519633 13.3916605313619 13.3643443107605 13.3114768664042 13.250092347463 13.1887078285218 13.1273233095805 13.0659387906393 13.004554271698 12.9431697527568 12.8890949752596 12.8569494220946 12.8248038689296
9.61588990688322 10.2473016182581 10.8787133296331 11.510125041008 12.1415367523829 12.7729484637579 12.9636548519136 13.0074594656627 13.0512640794119 13.0950686931611 13.1388733069103 13.1826779206595 13.2264825344087 13.2763719956081 13.3445159991583 13.4126600027085 13.4808040062587 13.548948009809 13.6170920133592 13.6852360169094 13.7533800204596 13.7101811408998 13.6298679669699 13.5495547930401 13.4692416191102 13.3889284451804 13.3086152712505 13.2283020973206 13.1703773180644 13.1796177228292 13.188858127594 13.1980985323588 13.2073389371237 13.2165793418885 13.2258197466533 13.2350601514181 13.1795449256897 13.102444489797 13.0253440539043 12.9482436180115 12.8711431821188 12.794042746226 12.7169423103333 12.6512031475703 12.6195478041967 12.5878924608231
9.11997597217556 9.72891489929617 10.3378538264169 10.9467927535375 11.5557316806581 12.1646706077788 12.3341188907624 12.357070292367 12.3800216939715 12.4029730955761 12.4259244971806 12.4488758987852 12.4718273003897 12.513368704584 12.6106801165476 12.7079915285111 12.8053029404747 12.9026143524383 12.9999257644018 13.0972371763654 13.194548588329 13.1743635495505 13.1150130271912 13.055662504832 12.9963119824728 12.9369614601136 12.8776109377544 12.8182604153952 12.7851967811585 12.8309938112895 12.8767908414205 12.9225878715515 12.9683849016826 13.0141819318136 13.0599789619446 13.1057759920756 13.0476129849752 12.954796632131 12.8619802792867 12.7691639264425 12.6763475735983 12.583531220754 12.4907148679098 12.4133113198811 12.3821461862988 12.3509810527166
8.74326259295139 9.32239261733151 9.90152264171174 10.4806526660919 11.059782690472 11.6389127148522 11.7945853074392 11.8091054227618 11.8236255380843 11.8381456534068 11.8526657687294 11.8671858840519 11.8817059993744 11.9181196928025 12.020214120547 12.1223085482916 12.2244029760361 12.3264974037807 12.4285918315252 12.5306862592698 12.6327806870143 12.6203991969427 12.5698590675991 12.5193189382554 12.4687788089117 12.4182386795681 12.3676985502244 12.3171584208807 12.2990986797545 12.3784801032809 12.4578615268072 12.5372429503335 12.6166243738599 12.6960057973862 12.7753872209125 12.8547686444389 12.8170448303223 12.7402859369914 12.6635270436605 12.5867681503296 12.5100092569987 12.4332503636678 12.3564914703369 12.2878275738822 12.2434486680561 12.1990697622299
8.48574976921077 9.02773477236423 9.56971977551778 10.1117047786712 10.6536897818247 11.1956747849782 11.345054101944 11.3635648568472 11.3820756117504 11.4005863666535 11.4190971215567 11.4376078764598 11.456118631363 11.4906249602636 11.5731180111568 11.6556110620499 11.7381041129431 11.8205971638362 11.9030902147294 11.9855832656225 12.0680763165157 12.0482880830766 11.9944060881934 11.9405240933101 11.8866420984269 11.8327601035437 11.7788781086605 11.7249961137773 11.7120830138525 11.8220765988033 11.932070183754 12.0420637687048 12.1520573536556 12.2620509386063 12.3720445235571 12.4820381085078 12.487840461731 12.4589124043783 12.4299843470256 12.4010562896729 12.3721282323202 12.3432001749675 12.3142721176148 12.2747519095739 12.2034552494685 12.1321585893631
8.22823694547012 8.73307692739691 9.23791690932379 9.74275689125058 10.2475968731774 10.7524368551042 10.8955228964488 10.9180242909326 10.9405256854164 10.9630270799002 10.9855284743839 11.0080298688677 11.0305312633515 11.0631302277248 11.1260219017665 11.1889135758083 11.25180524985 11.3146969238918 11.3775885979335 11.4404802719753 11.503371946017 11.4761769692104 11.4189531087876 11.3617292483649 11.3045053879421 11.2472815275193 11.1900576670965 11.1328338066738 11.1250673479505 11.2656730943257 11.4062788407008 11.546884587076 11.6874903334512 11.8280960798264 11.9687018262016 12.1093075725768 12.1586360931397 12.1775388717652 12.1964416503907 12.2153444290161 12.2342472076416 12.2531499862671 12.2720527648926 12.2616762452656 12.1634618308809 12.0652474164963
7.97072412172948 8.4384190824296 8.9061140431298 9.37380900382992 9.84150396453004 10.3091989252302 10.4459916909536 10.472483725018 10.4989757590824 10.5254677931468 10.5519598272112 10.5784518612756 10.60494389534 10.6356354951859 10.6789257923762 10.7222160895666 10.7655063867569 10.8087966839473 10.8520869811376 10.895377278328 10.9386675755184 10.9040658553442 10.8435001293819 10.7829344034196 10.7223686774573 10.6618029514949 10.6012372255326 10.5406714995703 10.5380516820484 10.709269589848 10.8804874976476 11.0517054054472 11.2229233132469 11.3941412210465 11.5653591288461 11.7365770366457 11.8294317245484 11.896165339152 11.9628989537557 12.0296325683594 12.0963661829631 12.1630997975667 12.2298334121704 12.2486005809572 12.1234684122933 11.9983362436295
7.71321129798886 8.14376123746231 8.57431117693584 9.00486111640929 9.43541105588274 9.86596099535627 9.99646048545844 10.0269431591035 10.0574258327485 10.0879085063935 10.1183911800385 10.1488738536835 10.1793565273286 10.2081407626471 10.231829682986 10.255518603325 10.2792075236639 10.3028964440029 10.3265853643418 10.3502742846808 10.3739632050197 10.3319547414781 10.2680471499762 10.2041395584743 10.1402319669725 10.0763243754706 10.0124167839687 9.94850919246685 9.9510360161464 10.1528660853705 10.3546961545945 10.5565262238185 10.7583562930426 10.9601863622666 11.1620164314906 11.3638465007147 11.5002273559571 11.6147918065389 11.7293562571208 11.8439207077026 11.9584851582845 12.0730496088664 12.1876140594482 12.2355249166489 12.0834749937058 11.9314250707627
7.45569847424822 7.849103392495 8.24250831074185 8.63591322898863 9.02931814723541 9.42272306548226 9.54692927996323 9.58140259318887 9.61587590641451 9.65034921964015 9.68482253286579 9.71929584609143 9.75376915931707 9.78064603010819 9.78473357359575 9.7888211170833 9.79290866057085 9.7969962040584 9.80108374754595 9.8051712910335 9.80925883452106 9.75984362761189 9.69259417057047 9.62534471352904 9.55809525648762 9.4908457994462 9.42359634240477 9.35634688536336 9.36402035024434 9.59646258089283 9.82890481154127 10.0613470421897 10.2937892728382 10.5262315034867 10.7586737341351 10.9911159647836 11.1710229873657 11.3334182739258 11.4958135604859 11.6582088470459 11.8206041336059 11.982999420166 12.1453947067261 12.2224492523406 12.0434815751182 11.8645138978959
7.34374635616932 7.71203869316304 8.08033103015683 8.44862336715056 8.81691570414429 9.18520804113808 9.30030499299367 9.33100348313649 9.36170197327932 9.39240046342214 9.42309895356497 9.45379744370779 9.48449593385061 9.50629391670229 9.50139037768048 9.49648683865867 9.49158329963685 9.48667976061505 9.48177622159323 9.47687268257143 9.47196914354961 9.41191214323047 9.33347065581219 9.2550291683939 9.17658768097563 9.09814619355735 9.01970470613907 8.94126321872079 8.93759576214683 9.15825039810606 9.37890503406525 9.59955967002445 9.82021430598368 10.0408689419429 10.2615235779021 10.4821782138613 10.6646202246349 10.8343246936799 11.0040291627249 11.1737336317699 11.3434381008149 11.5131425698599 11.6828470389049 11.7686369114453 11.6026829944718 11.4367290774982
7.37735494375222 7.73256713946652 8.08777933518088 8.44299153089517 8.79820372660947 9.15341592232383 9.25658762454987 9.27574582894644 9.294904033343 9.31406223773957 9.33322044213614 9.35237864653271 9.37153685092928 9.38508442242943 9.38180009524029 9.37851576805117 9.37523144086204 9.37194711367291 9.36866278648379 9.36537845929466 9.36209413210553 9.28816028833393 9.19067660570149 9.09319292306904 8.9957092404366 8.89822555780416 8.80074187517171 8.70325819253927 8.67176225185395 8.83822953701023 9.00469682216648 9.17116410732273 9.33763139247901 9.50409867763526 9.67056596279151 9.83703324794778 9.98101906776438 10.1175110658011 10.2540030638378 10.3904950618745 10.5269870599112 10.6634790579479 10.7999710559846 10.874087893963 10.7610792517664 10.6480706095697
7.41096353133513 7.75309558577 8.09522764020492 8.43735969463978 8.77949174907465 9.12162380350957 9.21287025610606 9.22048817475637 9.22810609340669 9.235724012057 9.24334193070731 9.25095984935762 9.25857776800793 9.26387492815655 9.2622098128001 9.26054469744366 9.25887958208722 9.25721446673077 9.25554935137432 9.25388423601788 9.25221912066143 9.16440843343739 9.04788255559078 8.93135667774416 8.81483079989756 8.69830492205095 8.58177904420433 8.46525316635773 8.40592874156106 8.51820867591437 8.63048861026767 8.74276854462097 8.85504847897429 8.96732841332759 9.07960834768089 9.19188828203421 9.29741791089384 9.40069743792224 9.50397696495066 9.60725649197906 9.71053601900746 9.81381554603588 9.91709507306428 9.97953887648067 9.91947550906088 9.8594121416411
7.44457211891804 7.77362403207347 8.10267594522896 8.4317278583844 8.76077977153983 9.08983168469532 9.16915288766226 9.16523052056631 9.16130815347037 9.15738578637442 9.15346341927847 9.14954105218253 9.14561868508658 9.14266543388368 9.14261953035992 9.14257362683616 9.14252772331239 9.14248181978863 9.14243591626487 9.1423900127411 9.14234410921734 9.04065657854084 8.90508850548007 8.76952043241928 8.63395235935851 8.49838428629775 8.36281621323696 8.22724814017619 8.14009523126816 8.19818781481852 8.25628039836887 8.31437298191922 8.37246556546958 8.43055814901993 8.48865073257028 8.54674331612064 8.6138167540233 8.6838838100434 8.75395086606351 8.82401792208361 8.89408497810371 8.96415203412383 9.03421909014393 9.0849898589983 9.0778717663554 9.0707536737125
7.47818070650095 7.79415247837695 8.110124250253 8.426096022129 8.74206779400501 9.05803956588106 9.12543551921845 9.10997286637625 9.09451021353405 9.07904756069185 9.06358490784965 9.04812225500745 9.03265960216524 9.02145593961082 9.02302924791974 9.02460255622866 9.02617586453758 9.0277491728465 9.02932248115541 9.03089578946433 9.03246909777325 8.9169047236443 8.76229445536937 8.60768418709442 8.45307391881948 8.29846365054455 8.1438533822696 7.98924311399467 7.87426172097529 7.87816695372269 7.8820721864701 7.8859774192175 7.8898826519649 7.89378788471231 7.89769311745972 7.90159835020712 7.93021559715282 7.96707018216462 8.00392476717643 8.04077935218824 8.07763393720004 8.11448852221185 8.15134310722365 8.190440841516 8.23626802364999 8.28209520578397
7.51178929408386 7.81468092468043 8.11757255527705 8.42046418587362 8.72335581647019 9.02624744706681 9.08171815077465 9.05471521218619 9.02771227359773 9.00070933500927 8.97370639642082 8.94670345783235 8.9197005192439 8.90024644533795 8.90343896547955 8.90663148562115 8.90982400576275 8.91301652590435 8.91620904604595 8.91940156618755 8.92259408632916 8.79315286874776 8.61950040525866 8.44584794176954 8.27219547828044 8.09854301479134 7.92489055130222 7.75123808781312 7.60842821068239 7.55814609262683 7.50786397457129 7.45758185651575 7.40729973846019 7.35701762040465 7.3067355023491 7.25645338429355 7.24661444028228 7.25025655428579 7.25389866828929 7.2575407822928 7.2611828962963 7.2648250102998 7.26846712430331 7.29589182403363 7.39466428094451 7.49343673785537
7.56428211927408 7.85153425402104 8.13878638876805 8.42603852351501 8.71329065826198 9.00054279300899 9.04717784722647 9.01360720793407 8.98003656864167 8.94646592934927 8.91289529005688 8.87932465076447 8.84575401147207 8.82134856118097 8.82443867789375 8.82752879460653 8.83061891131931 8.8337090280321 8.83679914474488 8.83988926145766 8.84297937817044 8.70531888405486 8.52074151966312 8.33616415527135 8.1515867908796 7.96700942648787 7.7824320620961 7.59785469770435 7.43738126489854 7.34921962685057 7.26105798880262 7.17289635075467 7.0847347127067 6.99657307465875 6.9084114366108 6.82024979856283 6.78201216061913 6.76041585604353 6.73881955146793 6.71722324689233 6.69562694231673 6.67403063774113 6.65243433316553 6.6680873738395 6.79548845026231 6.9228895266851
7.63565918207163 7.9047124663988 8.17376575072603 8.4428190350532 8.71187231938038 8.9809256037076 9.02181460857392 8.98664885361991 8.95148309866588 8.91631734371186 8.88115158875785 8.84598583380382 8.8108200788498 8.7847622871399 8.78602838516236 8.78729448318482 8.78856058120728 8.78982667922974 8.7910927772522 8.79235887527467 8.79362497329713 8.65340276956562 8.46601779858277 8.27863282759987 8.09124785661702 7.90386288563416 7.71647791465127 7.52909294366841 7.3611208836238 7.25138755639397 7.14165422916416 7.03192090193436 6.92218757470453 6.81245424747472 6.70272092024491 6.59298759301509 6.5364087581635 6.497548087438 6.4586874167125 6.419826745987 6.3809660752615 6.34210540453599 6.30324473381049 6.30702749093377 6.43874053160354 6.57045357227329
