data/working_set_collections/6091692-Cassins_Sparrow-MC/2010/bio13.asc
NCOLS 265 
NROWS 230 
XLLCORNER -115.5625 
YLLCORNER 24.8333333333333 
CELLSIZE 0.0833333333333333 
NODATA_value -9999 
[rows 200 to 219 of 230, columns 92 to 137 of 265]
236.863641145494 238.271901406182 239.68016166687 241.088421927558 242.496682188246 240.562732187907 237.514712100559 234.466692013211 231.418671925863 228.370651838515 225.322631751166 222.274611663818 217.898436906604 209.537798139785 201.177159372966 192.816520606148 184.455881839329 176.095243072511 167.734604305693 159.373965538873 152.555820210775 146.251839362251 139.947858513726 133.643877665203 127.339896816679 121.035915968154 114.73193511963 109.596913210551 107.968768119812 106.340623029073 104.712477938334 103.084332847595 101.456187756856 99.8280426661175 98.1998975753787 97.2779118855793 96.5913126627604 95.9047134399414 95.2181142171223 94.5315149943033 93.8449157714844 93.1583165486653 92.1601754718359 90.2274088329743 88.2946421941123 86.3618755552507
236.072926542494 237.827038107978 239.581149673462 241.335261238945 243.08937280443 241.525231679281 238.855006323921 236.18478096856 233.5145556132 230.84433025784 228.174104902479 225.503879547119 221.394254133438 212.966428544787 204.538602956137 196.110777367487 187.682951778836 179.255126190186 170.827300601537 162.399475012886 155.447170511882 148.986706373428 142.526242234972 136.065778096518 129.605313958063 123.144849819608 116.684385681153 111.422764778137 109.757673581441 108.092582384745 106.427491188049 104.762399991354 103.097308794657 101.432217597961 99.7671264012656 98.8116984049477 98.0928248087564 97.373951212565 96.6550776163735 95.9362040201822 95.2173304239908 94.4984568277993 93.4648664898344 91.4871259265479 89.509385363261 87.5316447999744
235.282211939493 237.382174809774 239.482137680053 241.582100550333 243.682063420613 242.487731170655 240.195300547282 237.902869923909 235.610439300537 233.318008677165 231.025578053792 228.73314743042 224.890071360272 216.395058949789 207.900046539308 199.405034128826 190.910021718344 182.415009307862 173.919996897381 165.424984486898 158.338520812989 151.721573384604 145.104625956218 138.487678527833 131.870731099448 125.253783671062 118.636836242677 113.248616345724 111.546579043071 109.844541740417 108.142504437765 106.440467135112 104.738429832459 103.036392529806 101.334355227153 100.345484924316 99.5943369547525 98.8431889851888 98.0920410156249 97.3408930460611 96.5897450764974 95.8385971069335 94.7695575078331 92.7468430201216 90.7241285324098 88.7014140446984
234.491497336493 236.937311511569 239.383125686645 241.828939861721 244.274754036797 243.450230662028 241.535594770644 239.620958879259 237.706322987874 235.79168709649 233.877051205105 231.962415313721 228.385888587105 219.823689354791 211.261490122478 202.699290890165 194.137091657851 185.574892425538 177.012693193225 168.450493960911 161.229871114096 154.45644039578 147.683009677464 140.909578959148 134.136148240832 127.362717522516 120.5892868042 115.07446791331 113.3354845047 111.59650109609 109.85751768748 108.11853427887 106.37955087026 104.64056746165 102.90158405304 101.879271443685 101.095849100749 100.312426757813 99.5290044148762 98.7455820719401 97.9621597290039 97.1787373860676 96.0742485258317 94.0065601136953 91.9388717015586 89.8711832894222
234.069147321912 236.886294470893 239.703441619872 242.520588768852 245.337735917832 244.797636795044 243.138455581665 241.479274368286 239.820093154907 238.160911941528 236.501730728149 234.84254951477 231.425571526423 222.735203213162 214.044834899903 205.354466586644 196.664098273384 187.973729960125 179.283361646866 170.592993333605 163.301754951478 156.476893213061 149.652031474644 142.827169736227 136.002307997811 129.177446259393 122.352584520977 116.801827070448 115.073382483588 113.344937896728 111.616493309869 109.888048723009 108.159604136149 106.431159549289 104.70271496243 103.649539120992 102.821452861362 101.993366601732 101.165280342102 100.337194082472 99.509107822842 98.6810215632119 97.516368865967 95.342016855876 93.1676648457846 90.9933128356936
234.015161895751 237.229123687744 240.443085479736 243.657047271728 246.87100906372 246.529949569702 245.003882980347 243.477816390991 241.951749801636 240.42568321228 238.899616622925 237.373550033569 234.009120178224 225.129600524903 216.250080871583 207.370561218263 198.491041564942 189.611521911622 180.732002258303 171.852482604981 164.554172325135 157.782931836447 151.011691347759 144.240450859071 137.469210370383 130.697969881694 123.926729393006 118.430693817139 116.760272979737 115.089852142334 113.419431304932 111.749010467529 110.078589630127 108.408168792725 106.737747955322 105.656287956238 104.771148236592 103.886008516947 103.000868797302 102.115729077657 101.230589358012 100.345449638367 99.0959185282392 96.7532132466638 94.4105079650881 92.0678026835127
233.96117646959 237.571952904595 241.182729339599 244.793505774603 248.404282209608 248.26226234436 246.869310379028 245.476358413696 244.083406448364 242.690454483032 241.2975025177 239.904550552368 236.592668830026 227.523997836644 218.455326843263 209.386655849882 200.3179848565 191.24931386312 182.180642869739 173.111971876357 165.806589698792 159.088970459833 152.371351220873 145.653731981914 138.936112742955 132.218493503995 125.500874265036 120.059560563829 118.447163475885 116.834766387939 115.222369299995 113.60997221205 111.997575124105 110.38517803616 108.772780948215 107.663036791483 106.720843611823 105.778650432163 104.836457252502 103.894264072842 102.952070893182 102.009877713521 100.675468190511 98.1644096374517 95.6533510843915 93.1422925313318
233.907191043429 237.914782121446 241.922373199462 245.929964277478 249.937555355495 249.994575119018 248.73473777771 247.474900436401 246.215063095093 244.955225753784 243.695388412475 242.435551071167 239.176217481827 229.918395148384 220.660572814943 211.402750481501 202.144928148058 192.887105814617 183.629283481176 174.371461147733 167.05900707245 160.395009083219 153.731011093988 147.067013104758 140.403015115527 133.739017126296 127.075019137065 121.68842731052 120.134053972032 118.579680633545 117.025307295058 115.47093395657 113.916560618083 112.362187279595 110.807813941108 109.669785626729 108.670538987054 107.671292347378 106.672045707702 105.672799068027 104.673552428351 103.674305788676 102.255017852783 99.5756060282394 96.8961942036949 94.2167823791508
233.853205617268 238.257611338297 242.662017059325 247.066422780354 251.470828501383 251.726887893677 250.600165176392 249.473442459106 248.346719741821 247.219997024536 246.093274307251 244.966551589966 241.759766133628 232.312792460124 222.865818786622 213.41884511312 203.971871439617 194.524897766115 185.077924092613 175.630950419109 168.311424446107 161.701047706605 155.090670967103 148.480294227601 141.869917488099 135.259540748597 128.649164009095 123.31729405721 121.82094446818 120.32459487915 118.82824529012 117.331895701091 115.83554611206 114.339196523031 112.842846934001 111.676534461975 110.620234362284 109.563934262594 108.507634162903 107.451334063212 106.395033963521 105.33873386383 103.834567515056 100.986802419027 98.1390373229983 95.2912722269699
233.799220191107 238.600440555148 243.401660919189 248.202881283229 253.00410164727 253.459200668335 252.465592575073 251.471984481811 250.47837638855 249.484768295288 248.491160202026 247.497552108764 244.343314785429 234.707189771865 225.071064758302 215.434939744739 205.798814731175 196.162689717612 186.526564704049 176.890439690485 169.563841819764 163.007086329991 156.450330840217 149.893575350444 143.336819860672 136.780064370898 130.223308881125 124.946160803901 123.507834964329 122.069509124756 120.631183285183 119.192857445611 117.754531606038 116.316205766466 114.877879926894 113.683283297221 112.569929737515 111.456576177809 110.343222618103 109.229869058397 108.116515498691 107.003161938985 105.414117177328 102.397998809815 99.3818804423018 96.365762074789
233.223612891302 238.46222644382 243.700839996337 248.939453548854 254.178067101372 254.874849446615 254.057688056098 253.240526665581 252.423365275065 251.606203884548 250.789042494032 249.971881103515 246.896839692859 237.048158221775 227.199476750693 217.350795279611 207.502113808527 197.653432337444 187.804750866362 177.956069395278 170.623023668926 164.128523190818 157.634022712708 151.1395222346 144.645021756491 138.150521278382 131.656020800273 126.438697603014 125.052906248305 123.667114893595 122.281323538886 120.895532184177 119.509740829468 118.123949474759 116.738158120049 115.509334691365 114.33283390469 113.156333118015 111.979832331339 110.803331544664 109.626830757989 108.450329971313 106.774648454455 103.601424747044 100.428201039633 97.2549773322217
232.126383717854 237.842969004313 243.559554290771 249.276139577228 254.992724863687 255.973834228516 255.376451619466 254.779069010416 254.181686401367 253.584303792317 252.986921183268 252.389538574218 249.420340855918 239.335697809856 229.251054763795 219.166411717735 209.081768671672 198.997125625612 188.912482579551 178.827839533489 171.488969993592 165.065358289084 158.641746584575 152.218134880067 145.794523175559 139.37091147105 132.947299766541 127.794904454549 126.456158320109 125.117412185669 123.778666051229 122.439919916789 121.101173782349 119.762427647909 118.423681513469 117.154688644409 115.90894686381 114.663205083211 113.417463302612 112.171721522013 110.925979741415 109.680237960815 107.916161346436 104.597080230714 101.277999114991 97.9589179992682
231.029154544405 237.223711564805 243.418268585204 249.612825605603 255.807382626003 257.072819010417 256.695215182834 256.317611355252 255.940007527669 255.562403700087 255.184799872504 254.807196044922 251.943842018977 241.623237397936 231.302632776898 220.982028155859 210.661423534818 200.340818913779 190.02021429274 179.6996096717 172.354916318259 166.002193387351 159.649470456442 153.296747525534 146.944024594626 140.591301663717 134.238578732809 129.151111306085 127.859410391914 126.567709477743 125.276008563572 123.984307649401 122.692606735229 121.400905821059 120.109204906888 118.800042597453 117.48505982293 116.170077048408 114.855094273885 113.540111499363 112.22512872484 110.910145950317 109.057674238418 105.592735714383 102.127797190349 98.6628586663147
229.931925370957 236.604454125298 243.276982879638 249.949511633977 256.622040388318 258.171803792318 258.013978746202 257.856153700087 257.698328653971 257.540503607856 257.38267856174 257.224853515625 254.467343182036 243.910776986017 233.35421079 222.797644593983 212.241078397964 201.684512201947 191.12794600593 180.571379809911 173.220862642925 166.939028485617 160.657194328309 154.375360171001 148.093526013694 141.811691856385 135.529857699077 130.50731815762 129.262662463718 128.018006769816 126.773351075914 125.528695382012 124.28403968811 123.039383994209 121.794728300307 120.445396550496 119.06117278205 117.676949013604 116.292725245158 114.908501476712 113.524277708266 112.140053939819 110.199187130399 106.588391198053 102.977595265707 99.3667993333612
228.834696197508 235.98519668579 243.135697174071 250.286197662352 257.436698150634 259.270788574219 259.33274230957 259.394696044922 259.456649780273 259.518603515625 259.580557250976 259.642510986328 256.990844345095 246.198316574098 235.405788803102 224.613261032107 213.820733261109 203.028205490114 192.235677719119 181.443149948121 174.086808967591 167.875863583884 161.664918200175 155.453972816468 149.243027432761 143.032082049052 136.821136665345 131.863525009155 130.665914535523 129.46830406189 128.270693588257 127.073083114624 125.875472640991 124.677862167358 123.480251693726 122.09075050354 120.63728574117 119.183820978801 117.730356216431 116.276891454061 114.823426691691 113.369961929321 111.34070002238 107.584046681723 103.827393341065 100.070740000408
227.73746702406 235.365939246283 242.994411468505 250.622883690726 258.251355912949 260.369773356119 260.651505872938 260.933238389757 261.214970906575 261.496703423394 261.778435940212 262.060168457031 259.514345508153 248.485856162178 237.457366816204 226.42887747023 215.400388124255 204.371898778281 193.343409432308 182.314920086332 174.952755292258 168.81269868215 162.672642072042 156.532585461935 150.392528851828 144.25247224172 138.112415631613 133.219731860691 132.069166607327 130.918601353963 129.768036100599 128.617470847236 127.466905593872 126.316340340508 125.165775087145 123.736104456584 122.21339870029 120.690692943997 119.167987187703 117.64528143141 116.122575675117 114.599869918823 112.482212914362 108.579702165393 104.677191416423 100.774680667454
225.740170796711 233.625567118326 241.51096343994 249.396359761554 257.28175608317 259.687348937989 260.266340637207 260.845332336426 261.424324035645 262.003315734863 262.582307434082 263.161299133301 260.829217274986 249.76391474406 238.698612213137 227.633309682213 216.568007151287 205.502704620363 194.437402089439 183.372099558513 176.008727773032 169.879332902698 163.749938032363 157.620543162029 151.491148291695 145.36175342136 139.232358551026 134.342606163025 133.171781222026 132.000956281026 130.830131340027 129.659306399028 128.488481458028 127.317656517029 126.14683157603 124.664650980632 123.078685167101 121.49271935357 119.906753540039 118.320787726509 116.734821912978 115.148856099447 112.94387963613 108.881871223451 104.819862810771 100.757854398093
222.842807515461 230.76408030192 238.685353088378 246.606625874836 254.527898661295 257.223515319824 258.177246602376 259.130977884929 260.084709167481 261.038440450032 261.992171732585 262.945903015137 260.935459645592 250.032492319744 239.129524993898 228.226557668053 217.323590342205 206.420623016359 195.517655690513 184.614688364666 177.254726409913 171.075766245525 164.896806081137 158.717845916749 152.538885752361 146.359925587973 140.180965423585 135.232147916158 133.973758379619 132.715368843079 131.456979306539 130.198589769999 128.94020023346 127.68181069692 126.42342116038 124.876390075684 123.233145141602 121.58990020752 119.946655273438 118.303410339356 116.660165405274 115.016920471192 112.725700187684 108.490553855897 104.25540752411 100.020261192323
219.945444234211 227.902593485514 235.859742736816 243.816891988117 251.77404123942 254.75968170166 256.088152567546 257.416623433431 258.745094299316 260.073565165202 261.402036031087 262.730506896972 261.041702016197 250.301069895428 239.56043777466 228.819805653892 218.079173533123 207.338541412355 196.597909291587 185.857277170818 178.500725046794 172.272199588353 166.04367412991 159.815148671469 153.586623213027 147.358097754585 141.129572296143 136.121689669291 134.775735537211 133.429781405131 132.083827273051 130.737873140971 129.391919008891 128.045964876811 126.700010744731 125.088129170736 123.387605116103 121.68708106147 119.986557006836 118.286032952203 116.58550889757 114.884984842937 112.507520739239 108.099236488344 103.690952237448 99.2826679865531
217.048080952961 225.041106669107 233.034132385253 241.027158101398 249.020183817545 252.295848083496 253.999058532715 255.702268981934 257.405479431152 259.108689880371 260.81190032959 262.515110778808 261.147944386803 250.569647471111 239.991350555422 229.413053639732 218.834756724041 208.256459808351 197.678162892662 187.09986597697 179.746723683676 173.468632931181 167.190542178684 160.912451426189 154.634360673694 148.356269921197 142.078179168702 137.011231422425 135.577712694804 134.144193967184 132.710675239563 131.277156511943 129.843637784322 128.410119056702 126.976600329082 125.299868265788 123.542065090604 121.784261915419 120.026458740235 118.26865556505 116.510852389866 114.753049214681 112.289341290793 107.70791912079 103.126496950786 98.5450747807832
