data/working_set_collections/6091692-Cassins_Sparrow-MC/2010/bio1.asc
NCOLS 265 
NROWS 230 
XLLCORNER -115.5625 
YLLCORNER 24.8333333333333 
CELLSIZE 0.0833333333333333 
NODATA_value -9999 
[rows 160 to 179 of 230, columns 138 to 183 of 265]
18.3899631182353 18.477663898468 18.5653646787008 18.6530654589335 18.7420911312104 18.8315584341685 18.9210257371267 19.0104930400849 19.099960343043 19.1894276460012 19.2788949489594 19.3636797269186 19.4344169298808 19.505154132843 19.5758913358053 19.6466285387675 19.7173657417298 19.788102944692 19.8588401476542 19.9107048988342 19.9562788327535 20.0018527666728 20.047426700592 20.0930006345113 20.1385745684306 20.1841485023498 20.2146520932515 20.1999446551005 20.1852372169494 20.1705297787984 20.1558223406474 20.1411149024963 20.1264074643453 20.1117000261942 20.0791790485382 20.0407202243805 20.0022614002228 19.9638025760651 19.9253437519073 19.8868849277496 19.8484261035919 19.816525443395 19.8042992750804 19.7920731067657 19.7798469384511 19.7676207701365
18.2103398111132 18.2677194277446 18.325099044376 18.3824786610074 18.4605515003205 18.5455220805274 18.6304926607344 18.7154632409414 18.8004338211484 18.8854044013553 18.9703749815623 19.0585098160638 19.1561374134488 19.2537650108338 19.3513926082187 19.4490202056037 19.5466478029887 19.6442754003737 19.7419029977586 19.821979935964 19.8962066544427 19.9704333729214 20.0446600914001 20.1188868098789 20.1931135283576 20.2673402468363 20.3196619563632 20.3062686390347 20.2928753217061 20.2794820043776 20.266088687049 20.2526953697204 20.2393020523919 20.2259087350633 20.1880888779958 20.1421268410153 20.0961648040348 20.0502027670542 20.0042407300737 19.9582786930932 19.9123166561127 19.873266532686 19.854952149921 19.836637767156 19.8183233843909 19.8000090016259
18.1946067916022 18.2292153358459 18.2638238800896 18.2984324243333 18.3719714323679 18.4584872616661 18.5450030909644 18.6315189202626 18.7180347495608 18.8045505788591 18.8910664081573 18.9851491027408 19.1019323931799 19.2187156836191 19.3354989740583 19.4522822644975 19.5690655549367 19.6858488453758 19.802632135815 19.8977736790974 19.9857013066609 20.0736289342244 20.1615565617879 20.2494841893513 20.3374118169148 20.4253394444783 20.4873936388227 20.47182753351 20.4562614281972 20.4406953228844 20.4251292175716 20.4095631122589 20.3939970069461 20.3784309016333 20.3332640171051 20.2782302061717 20.2231963952382 20.1681625843048 20.1131287733714 20.0580949624379 20.0030611515045 19.9550852722592 19.9282831880781 19.9014811038971 19.874679019716 19.847876935535
18.3427640597025 18.3621516227722 18.3815391858419 18.4009267489115 18.4763509273529 18.5704539775848 18.6645570278167 18.7586600780487 18.8527631282806 18.9468661785125 19.0409692287445 19.1435975869496 19.2718018690744 19.4000061511993 19.5282104333241 19.6564147154489 19.7846189975738 19.9128232796986 20.0410275618234 20.1380861282348 20.2247627894083 20.3114394505818 20.3981161117553 20.4847927729288 20.5714694341023 20.6581460952758 20.71784714063 20.6966213385264 20.6753955364227 20.654169734319 20.6329439322153 20.6117181301117 20.590492328008 20.5692665259043 20.5147044658661 20.4490303198496 20.3833561738332 20.3176820278168 20.2520078818003 20.1863337357839 20.1206595897674 20.0619816621145 20.0242923895518 19.9866031169891 19.9489138444265 19.9112245718638
18.4909213278028 18.4950879096985 18.4992544915941 18.5034210734897 18.5807304223378 18.6824206935034 18.7841109646691 18.8858012358347 18.9874915070003 19.089181778166 19.1908720493316 19.3020460711585 19.4416713449689 19.5812966187795 19.7209218925899 19.8605471664004 20.0001724402109 20.1397977140214 20.2794229878319 20.3783985773722 20.4638242721557 20.5492499669392 20.6346756617228 20.7201013565063 20.8055270512898 20.8909527460734 20.9483006424374 20.9214151435428 20.8945296446482 20.8676441457536 20.840758646859 20.8138731479645 20.7869876490699 20.7601021501753 20.6961449146271 20.6198304335276 20.5435159524282 20.4672014713287 20.3908869902293 20.3145725091298 20.2382580280304 20.1688780519697 20.1203015910255 20.0717251300812 20.0231486691369 19.9745722081926
18.6390785959032 18.6280241966247 18.6169697973463 18.6059153980679 18.6851099173228 18.7943874094221 18.9036649015214 19.0129423936208 19.1222198857201 19.2314973778194 19.3407748699188 19.4604945553673 19.6115408208634 19.7625870863596 19.9136333518557 20.0646796173519 20.215725882848 20.3667721483442 20.5178184138403 20.6187110265095 20.7028857549031 20.7870604832966 20.8712352116902 20.9554099400838 21.0395846684773 21.1237593968709 21.1787541442447 21.1462089485592 21.1136637528737 21.0811185571882 21.0485733615027 21.0160281658172 20.9834829701317 20.9509377744462 20.877585363388 20.7906305472056 20.7036757310231 20.6167209148407 20.5297660986582 20.4428112824758 20.3558564662933 20.275774441825 20.2163107924991 20.1568471431732 20.0973834938473 20.0379198445214
18.7872358640035 18.760960483551 18.7346851030985 18.7084097226461 18.7894894123077 18.9063541253407 19.0232188383738 19.1400835514068 19.2569482644398 19.3738129774729 19.4906776905059 19.6189430395761 19.7814102967579 19.9438775539398 20.1063448111216 20.2688120683033 20.4312793254852 20.593746582667 20.7562138398487 20.8590234756469 20.9419472376505 21.0248709996541 21.1077947616577 21.1907185236612 21.2736422856648 21.3565660476684 21.409207646052 21.3710027535756 21.3327978610992 21.2945929686228 21.2563880761464 21.21818318367 21.1799782911936 21.1417733987172 21.059025812149 20.9614306608836 20.8638355096181 20.7662403583527 20.6686452070872 20.5710500558217 20.4734549045563 20.3826708316803 20.3123199939728 20.2419691562653 20.1716183185577 20.1012674808502
18.9353931321038 18.8938967704773 18.8524004088508 18.8109040472243 18.8938689072926 19.0183208412594 19.1427727752261 19.2672247091929 19.3916766431596 19.5161285771263 19.6405805110931 19.777391523785 19.9512797726524 20.1251680215199 20.2990562703874 20.4729445192548 20.6468327681223 20.8207210169897 20.9946092658572 21.0993359247843 21.1810087203979 21.2626815160115 21.3443543116251 21.4260271072387 21.5076999028523 21.5893726984659 21.6396611478593 21.595796558592 21.5519319693247 21.5080673800574 21.4642027907901 21.4203382015228 21.3764736122555 21.3326090229882 21.24046626091 21.1322307745616 21.0239952882131 20.9157598018646 20.8075243155162 20.6992888291677 20.5910533428192 20.4895672215356 20.4083291954464 20.3270911693573 20.2458531432682 20.164615117179
19.141235923767 19.0964862187703 19.0517365137736 19.0069868087768 19.0868837038675 19.2083294656541 19.3297752274406 19.4512209892272 19.5726667510138 19.6941125128004 19.8155582745869 19.9471275965372 20.1090675989786 20.27100760142 20.4329476038614 20.5948876063028 20.7568276087443 20.9187676111857 21.0807076136271 21.1850163141886 21.2701145807902 21.3552128473918 21.4403111139933 21.5254093805949 21.6105076471964 21.695605913798 21.750838581721 21.7164744536082 21.6821103254954 21.6477461973826 21.6133820692698 21.579017941157 21.5446538130442 21.5102896849314 21.4198860963185 21.310802687539 21.2017192787594 21.0926358699798 20.9835524612003 20.8744690524207 20.7653856436411 20.6622655497657 20.5770354006025 20.4918052514394 20.4065751022762 20.3213449531131
19.4047642389933 19.3687288284301 19.332693417867 19.2966580073038 19.3685338020324 19.4763799985249 19.5842261950174 19.69207239151 19.7999185880025 19.907764784495 20.0156109809875 20.1281512578328 20.2547737757364 20.3813962936401 20.5080188115437 20.6346413294474 20.7612638473511 20.8878863652547 21.0145088831583 21.1160646438599 21.2092648188273 21.3024649937947 21.3956651687622 21.4888653437296 21.5820655186971 21.6752656936645 21.7427399476369 21.7330364386241 21.7233329296112 21.7136294205983 21.7039259115855 21.6942224025726 21.6845188935598 21.6748153845469 21.5972853183746 21.4971463998159 21.3970074812571 21.2968685626983 21.1967296441396 21.0965907255808 20.9964518070221 20.9007658163706 20.8184386094411 20.7361114025116 20.653784195582 20.5714569886525
19.6682925542195 19.64097143809 19.6136503219604 19.5863292058309 19.6501839001973 19.7444305313957 19.8386771625942 19.9329237937927 20.0271704249911 20.1214170561896 20.2156636873881 20.3091749191284 20.4004799524943 20.4917849858602 20.583090019226 20.6743950525919 20.7657000859578 20.8570051193237 20.9483101526896 21.0471129735311 21.1484150568644 21.2497171401977 21.3510192235311 21.4523213068644 21.5536233901977 21.6549254735311 21.7346413135529 21.7495984236399 21.764555533727 21.7795126438141 21.7944697539011 21.8094268639882 21.8243839740753 21.8393410841624 21.7746845404307 21.6834901120928 21.5922956837548 21.5011012554169 21.4099068270789 21.318712398741 21.227517970403 21.1392660829756 21.0598418182797 20.9804175535838 20.9009932888879 20.8215690241919
19.9318208694458 19.9132140477498 19.8946072260538 19.8760004043579 19.9318339983622 20.0124810642666 20.093128130171 20.1737751960754 20.2544222619798 20.3350693278842 20.4157163937886 20.4901985804239 20.5461861292521 20.6021736780802 20.6581612269083 20.7141487757365 20.7701363245646 20.8261238733927 20.8821114222209 20.9781613032023 21.0875652949015 21.1969692866007 21.3063732783 21.4157772699992 21.5251812616984 21.6345852533976 21.7265426794688 21.7661604086558 21.8057781378428 21.8453958670298 21.8850135962168 21.9246313254038 21.9642490545908 22.0038667837778 21.9520837624868 21.8698338243696 21.7875838862525 21.7053339481353 21.6230840100182 21.5408340719011 21.4585841337839 21.3777663495805 21.3012450271182 21.2247237046559 21.1482023821936 21.0716810597314
20.195349184672 20.1854566574096 20.1755641301473 20.1656716028849 20.213484096527 20.2805315971374 20.3475790977477 20.4146265983581 20.4816740989685 20.5487215995788 20.6157691001892 20.6712222417195 20.6918923060099 20.7125623703003 20.7332324345906 20.753902498881 20.7745725631714 20.7952426274618 20.8159126917521 20.9092096328735 21.0267155329386 21.1442214330037 21.2617273330688 21.3792332331339 21.496739133199 21.6142450332641 21.7184440453847 21.7827223936716 21.8470007419586 21.9112790902455 21.9755574385325 22.0398357868194 22.1041141351064 22.1683924833933 22.1294829845428 22.0561775366465 21.9828720887502 21.9095666408539 21.8362611929575 21.7629557450612 21.6896502971649 21.6162666161855 21.5426482359568 21.4690298557281 21.3954114754994 21.3217930952708
20.4588774998982 20.4576992670695 20.4565210342407 20.4553428014119 20.4951341946919 20.5485821300082 20.6020300653245 20.6554780006408 20.7089259359571 20.7623738712734 20.8158218065897 20.8522459030151 20.8375984827677 20.8229510625203 20.8083036422729 20.7936562220256 20.7790088017782 20.7643613815308 20.7497139612834 20.8402579625447 20.9658657709757 21.0914735794067 21.2170813878377 21.3426891962687 21.4682970046997 21.5939048131307 21.7103454113006 21.7992843786875 21.8882233460744 21.9771623134613 22.0661012808481 22.155040248235 22.2439792156219 22.3329181830088 22.3068822065989 22.2425212489234 22.1781602912479 22.1137993335724 22.0494383758969 21.9850774182214 21.9207164605458 21.8547668827904 21.7840514447954 21.7133360068003 21.6426205688052 21.5719051308102
20.5738766405318 20.5877262592316 20.6015758779314 20.6154254966312 20.6609974384308 20.7171434879303 20.7732895374298 20.8294355869293 20.8855816364288 20.9417276859283 20.9978737354278 21.0234854539235 20.9574941794078 20.891502904892 20.8255116303762 20.7595203558604 20.6935290813446 20.6275378068289 20.5615465323131 20.638620376587 20.7633825937907 20.8881448109945 21.0129070281983 21.1376692454021 21.2624314626058 21.3871936798096 21.5127319335938 21.6405982971192 21.7684646606446 21.8963310241699 22.0241973876953 22.1520637512207 22.2799301147461 22.4077964782715 22.4039128621419 22.3561125861274 22.3083123101128 22.2605120340983 22.2127117580838 22.1649114820692 22.1171112060547 22.0653104358249 22.0015081829495 21.937705930074 21.8739036771986 21.8101014243232
20.5403466065725 20.5755376338959 20.6107286612193 20.6459196885427 20.7110738277435 20.7862156709035 20.8613575140635 20.9364993572235 21.0116412003835 21.0867830435435 21.1619248867035 21.1849408944448 21.05157939593 20.9182178974152 20.7848563989004 20.6514949003856 20.5181334018708 20.384771903356 20.2514104048412 20.304296875 20.4192660013835 20.534235127767 20.6492042541504 20.7641733805339 20.8791425069174 20.9941116333008 21.125603612264 21.3066641489665 21.487724685669 21.6687852223714 21.8498457590739 22.0309062957764 22.2119668324788 22.3930273691813 22.4205749511719 22.3969515482585 22.373328145345 22.3497047424316 22.3260813395182 22.3024579366048 22.2788345336914 22.2478972752889 22.1950184504191 22.1421396255493 22.0892608006795 22.0363819758097
20.5068165726132 20.5633490085602 20.6198814445072 20.6764138804541 20.7611502170563 20.8552878538767 20.9494254906972 21.0435631275177 21.1377007643381 21.2318384011586 21.3259760379791 21.346396334966 21.1456646124522 20.9449328899384 20.7442011674246 20.5434694449108 20.3427377223969 20.1420059998831 19.9412742773693 19.9699733734131 20.0751494089763 20.1803254445394 20.2855014801026 20.3906775156657 20.4958535512289 20.601029586792 20.7384752909342 20.9727300008138 21.2069847106934 21.4412394205729 21.6754941304524 21.909748840332 22.1440035502115 22.3782582600911 22.4372370402018 22.4377905103895 22.4383439805772 22.438897450765 22.4394509209527 22.4400043911404 22.4405578613281 22.4304841147529 22.3885287178887 22.3465733210246 22.3046179241604 22.2626625272963
20.4732865386539 20.5511603832245 20.6290342277951 20.7069080723656 20.811226606369 20.9243600368499 21.0374934673309 21.1506268978119 21.2637603282928 21.3768937587737 21.4900271892547 21.5078517754873 21.2397498289745 20.9716478824616 20.7035459359488 20.4354439894359 20.1673420429231 19.8992400964102 19.6311381498974 19.6356498718262 19.7310328165691 19.8264157613119 19.9217987060547 20.0171816507976 20.1125645955404 20.2079475402833 20.3513469696045 20.6387958526611 20.9262447357178 21.2136936187744 21.501142501831 21.7885913848877 22.0760402679443 22.3634891510009 22.4538991292318 22.4786294725206 22.5033598158094 22.5280901590983 22.5528205023871 22.577550845676 22.6022811889648 22.6130709542168 22.5820389853583 22.5510070164998 22.5199750476413 22.4889430787828
20.4397565046946 20.5389717578888 20.6381870110829 20.7374022642771 20.8613029956817 20.9934322198232 21.1255614439646 21.257690668106 21.3898198922475 21.5219491163889 21.6540783405303 21.6693072160086 21.3338350454967 20.9983628749848 20.6628907044729 20.3274185339611 19.9919463634492 19.6564741929373 19.3210020224255 19.3013263702393 19.3869162241618 19.4725060780843 19.5580959320069 19.6436857859294 19.7292756398519 19.8148654937745 19.9642186482747 20.3048617045084 20.6455047607422 20.9861478169759 21.3267908732096 21.6674339294433 22.008076985677 22.3487200419107 22.4705612182617 22.5194684346517 22.5683756510416 22.6172828674316 22.6661900838216 22.7150973002116 22.7640045166015 22.7956577936808 22.7755492528279 22.7554407119751 22.7353321711222 22.7152236302693
20.4062264707353 20.5267831325531 20.6473397943708 20.7678964561886 20.9113793849945 21.0625044027964 21.2136294205983 21.3647544384002 21.5158794562021 21.667004474004 21.818129491806 21.8307626565298 21.4279202620189 21.025077867508 20.6222354729971 20.2193930784863 19.8165506839753 19.4137082894644 19.0108658949536 18.9670028686524 19.0427996317546 19.1185963948568 19.194393157959 19.2701899210612 19.3459866841634 19.4217834472657 19.577090326945 19.9709275563557 20.3647647857666 20.7586020151774 21.1524392445881 21.546276473999 21.9401137034098 22.3339509328205 22.4872233072917 22.5603073967827 22.6333914862738 22.7064755757649 22.779559665256 22.8526437547471 22.9257278442382 22.9782446331448 22.9690595202976 22.9598744074503 22.9506892946031 22.9415041817559
