data/working_set_collections/6091692-Cassins_Sparrow-MC/2010/bio11.asc
NCOLS 265 
NROWS 230 
XLLCORNER -115.5625 
YLLCORNER 24.8333333333333 
CELLSIZE 0.0833333333333333 
NODATA_value -9999 
[rows 120 to 139 of 230, columns 92 to 137 of 265]
1.94297246171364 2.04458185997271 2.14619125823175 2.2478006564908 2.34941005474986 2.62109266519537 2.94946634636974 3.27784002754416 3.60621370871853 3.93458738989289 4.26296107106732 4.59133475224168 4.7921983699004 4.61053179701168 4.428865224123 4.24719865123432 4.06553207834561 3.88386550545692 3.70219893256824 3.52053235967953 3.43479619423546 3.38103683127296 3.32727746831045 3.27351810534794 3.21975874238544 3.16599937942292 3.11224001646042 3.14553024967504 3.43996927142134 3.73440829316769 4.02884731491399 4.32328633666029 4.61772535840664 4.91216438015294 5.20660340189924 5.37891889810558 5.51052655246518 5.64213420682478 5.7737418611844 5.905349515544 6.0369571699036 6.16856482426321 6.24140261411667 6.13793081045152 6.03445900678635 5.9309872031212
2.12042207022502 2.26314362386857 2.4058651775121 2.54858673115563 2.69130828479918 2.9648640513419 3.28203122218437 3.5991983930269 3.91636556386937 4.23353273471184 4.55069990555437 4.86786707639684 5.06048441926638 4.87945227821665 4.69842013716696 4.51738799611727 4.33635585506755 4.15532371401785 3.97429157296816 3.79325943191844 3.68705359697339 3.60578986406324 3.52452613115308 3.44326239824294 3.36199866533279 3.28073493242263 3.19947119951248 3.21424565116556 3.51713465650866 3.82002366185182 4.12291266719492 4.42580167253802 4.72869067788117 5.03157968322427 5.33446868856737 5.51139038801189 5.64632298549011 5.78125558296833 5.91618818044658 6.0511207779248 6.18605337540302 6.32098597288127 6.39394136667251 6.28096514940263 6.16798893213272 6.05501271486283
2.29787167873641 2.48170538776446 2.66553909679247 2.84937280582049 3.03320651484853 3.30863543748846 3.61459609799903 3.92055675850966 4.22651741902024 4.53247807953082 4.83843874004145 5.14439940055202 5.32877046863238 5.14837275942165 4.96797505021095 4.78757734100024 4.60717963178951 4.4267819225788 4.2463842133681 4.06598650415737 3.93931099971134 3.83054289685355 3.72177479399574 3.61300669113794 3.50423858828015 3.39547048542234 3.28670238256455 3.28296105265609 3.594300041596 3.90563903053595 4.21697801947585 4.52831700841575 4.83965599735571 5.15099498629561 5.46233397523551 5.6438618779182 5.78211941851505 5.9203769591119 6.05863449970877 6.19689204030561 6.33514958090246 6.47340712149933 6.54648011922837 6.42399948835374 6.3015188574791 6.17903822660447
2.4753212872478 2.70026715166034 2.92521301607284 3.15015888048534 3.37510474489788 3.65240682363501 3.94716097381369 4.24191512399243 4.53666927417111 4.83142342434979 5.12617757452852 5.4209317247072 5.59705651799839 5.41729324062664 5.23752996325493 5.05776668588321 4.87800340851147 4.69824013113976 4.51847685376804 4.3387135763963 4.19156840244928 4.05529592964385 3.91902345683839 3.78275098403295 3.64647851122752 3.51020603842206 3.37393356561662 3.35167645414662 3.67146542668333 3.99125439922008 4.31104337175679 4.63083234429349 4.95062131683025 5.27041028936695 5.59019926190366 5.77633336782452 5.91791585153999 6.05949833525546 6.20108081897096 6.34266330268643 6.4842457864019 6.6258282701174 6.69901887178422 6.56703382730486 6.43504878282548 6.30306373834612
2.65277089575917 2.9188289155562 3.18488693535319 3.45094495515017 3.7170029749472 3.99617820978154 4.27972584962833 4.56327348947516 4.84682112932195 5.13036876916874 5.41391640901558 5.69746404886236 5.86534256736437 5.68621372183161 5.50708487629889 5.32795603076616 5.14882718523341 4.96969833970068 4.79056949416796 4.6114406486352 4.44382580518721 4.28004896243413 4.11627211968102 3.95249527692795 3.78871843417487 3.62494159142176 3.46116474866868 3.42039185563715 3.74863081177065 4.07686976790421 4.40510872403772 4.73334768017122 5.06158663630478 5.38982559243829 5.71806454857179 5.90880485773082 6.05371228456492 6.19861971139901 6.34352713823314 6.48843456506723 6.63334199190133 6.77824941873545 6.85155762434006 6.71006816625597 6.56857870817185 6.42708925008775
2.83022050427056 3.13739067945209 3.44456085463356 3.75173102981503 4.05890120499655 4.3399495959281 4.61229072544299 4.88463185495793 5.15697298447282 5.42931411398771 5.70165524350265 5.97399637301754 6.13362861673037 5.95513420303661 5.77663978934287 5.59814537564914 5.41965096195537 5.24115654826163 5.0626621345679 4.88416772087413 4.69608320792516 4.50480199522443 4.31352078252368 4.12223956982296 3.93095835712223 3.73967714442148 3.54839593172075 3.48910725712768 3.82579619685798 4.16248513658834 4.49917407631865 4.83586301604896 5.17255195577932 5.50924089550963 5.84592983523993 6.04127634763713 6.18950871758985 6.33774108754258 6.48597345749533 6.63420582744805 6.78243819740077 6.93067056735352 7.00409637689592 6.85310250520708 6.70210863351823 6.55111476182939
3.06004643539577 3.39222203592452 3.72439763645322 4.05657323698192 4.38874883751067 4.65241551796588 4.89324589172991 5.13407626549398 5.37490663925801 5.61573701302204 5.85656738678611 6.09739776055014 6.23841214842271 6.07997857862051 5.92154500881833 5.76311143901616 5.60467786921396 5.44624429941178 5.28781072960961 5.12937715980741 4.92907318075499 4.71481239861915 4.50055161648327 4.28629083434743 4.07203005221158 3.8577692700757 3.64350848793986 3.56807111038093 3.90910394655323 4.25013678272558 4.59116961889788 4.93220245507018 5.27323529124253 5.61426812741483 5.95530096358712 6.15510483980175 6.30783239603038 6.46055995225901 6.61328750848766 6.76601506471629 6.91874262094492 7.07147017717357 7.14722329245675 6.99205308490332 6.83688287734986 6.68171266979643
3.34224868913479 3.6833229849735 4.02439728081215 4.36547157665081 4.70654587248952 4.93357597589485 5.12259134848904 5.31160672108327 5.50062209367747 5.68963746627166 5.87865283886589 6.06766821146009 6.17969316244129 6.06074684858324 5.94180053472521 5.82285422086717 5.70390790700912 5.58496159315109 5.46601527929306 5.347068965435 5.14279572367668 4.91008017261825 4.67736462155978 4.44464907050134 4.2119335194429 3.97921796838443 3.746502417326 3.65728341539692 3.99855406085639 4.33982470631592 4.68109535177539 5.02236599723487 5.3636366426944 5.70490728815387 6.04617793361335 6.25029033422466 6.40868331988647 6.56707630554829 6.72546929121013 6.88386227687194 7.04225526253376 7.2006482481956 7.28093837102255 7.12691990534467 6.97290143966675 6.81888297398886
3.62445094287383 3.9744239340225 4.32439692517111 4.67436991631972 5.02434290746839 5.21473643382384 5.3519368052482 5.48913717667258 5.62633754809693 5.76353791952129 5.90073829094567 6.03793866237003 6.12097417645987 6.04151511854597 5.96205606063208 5.88259700271819 5.80313794480429 5.7236788868904 5.64421982897652 5.56476077106262 5.3565182665984 5.10534794661737 4.8541776266363 4.60300730665527 4.35183698667424 4.10066666669317 3.84949634671214 3.7464957204129 4.08800417515956 4.42951262990627 4.77102108465292 5.11252953939957 5.45403799414628 5.79554644889293 6.13705490363958 6.34547582864757 6.50953424374257 6.67359265883757 6.8376510739326 7.0017094890276 7.16576790412261 7.32982631921764 7.41465344958837 7.26178672578602 7.10892000198365 6.9560532781813
3.90665319661288 4.26552488307151 4.62439656953007 4.98326825598864 5.34213994244727 5.49589689175283 5.58128226200735 5.66666763226188 5.7520530025164 5.83743837277092 5.92282374302545 6.00820911327997 6.06225519047845 6.0222833885087 5.98231158653895 5.94233978456921 5.90236798259946 5.86239618062972 5.82242437865998 5.78245257669023 5.57024080952011 5.30061572061649 5.03099063171282 4.7613655428092 4.49174045390557 4.22211536500191 3.95249027609829 3.8357080254289 4.17745428946272 4.51920055349661 4.86094681753044 5.20269308156427 5.54443934559815 5.88618560963198 6.22793187366581 6.44066132307049 6.61038516759867 6.78010901212686 6.94983285665508 7.11955670118327 7.28928054571146 7.45900439023967 7.54836852815418 7.39665354622738 7.24493856430055 7.09322358237374
4.1888554503519 4.55662583212049 4.92439621388901 5.29216659565753 5.65993697742612 5.7770573496818 5.81062771876648 5.84419808785117 5.87776845693586 5.91133882602054 5.94490919510523 5.97847956418991 6.00353620449703 6.00305165847143 6.00256711244583 6.00208256642023 6.00159802039463 6.00111347436902 6.00062892834342 6.00014438231782 5.7839633524418 5.49588349461559 5.20780363678932 4.91972377896311 4.6316439211369 4.34356406331063 4.05548420548442 3.92492033044488 4.26690440376588 4.60888847708695 4.95087255040795 5.29285662372896 5.63484069705002 5.97682477037103 6.31880884369203 6.53584681749339 6.71123609145477 6.88662536541614 7.06201463937754 7.23740391333892 7.41279318730029 7.5881824612617 7.68208360671998 7.53152036666872 7.38095712661743 7.23039388656617
4.47105770409095 4.84772678116949 5.22439585824797 5.60106493532645 5.97773401240499 6.05821780761079 6.03997317552564 6.02172854344048 6.00348391135532 5.98523927927017 5.96699464718501 5.94875001509985 5.94481721851561 5.98381992843416 6.0228226383527 6.06182534827125 6.1008280581898 6.13983076810834 6.17883347802688 6.21783618794544 5.99768589536351 5.6911512686147 5.38461664186585 5.07808201511704 4.77154738836823 4.46501276161937 4.15847813487057 4.01413263546087 4.35635451806905 4.69857640067729 5.04079828328547 5.38302016589366 5.7252420485019 6.06746393111008 6.40968581371826 6.63103231191631 6.81208701531087 6.99314171870543 7.17419642210002 7.35525112549458 7.53630582888914 7.71736053228373 7.8157986852858 7.66638718711008 7.51697568893433 7.36756419075861
4.77548722889676 5.13184064163095 5.48819405436507 5.84454746709919 6.20090087983338 6.26074505647023 6.22175282107459 6.18276058567894 6.14376835028329 6.10477611488765 6.065783879492 6.02679164409636 6.0103392216894 6.06150623824859 6.11267325480776 6.16384027136694 6.21500728792612 6.2661743044853 6.31734132104448 6.36850833760366 6.15233787695571 5.84705492390532 5.54177197085488 5.2364890178045 4.93120606475411 4.62592311170367 4.32064015865329 4.17365406884077 4.50155856874242 4.82946306864413 5.15736756854578 5.48527206844743 5.81317656834914 6.14108106825079 6.46898556815244 6.68977532386776 6.87486016485422 7.05994500584067 7.24502984682715 7.43011468781361 7.61519952880006 7.80028436978654 7.90408713685144 7.7640436821514 7.62400022745134 7.4839567727513
5.10214402476934 5.40896741350484 5.71579080224028 6.02261419097572 6.32943757971122 6.38463909626005 6.35596665541329 6.32729421456653 6.29862177371977 6.269949332873 6.24127689202624 6.21260445117948 6.20010221401846 6.23611058791475 6.27211896181103 6.30812733570731 6.3441357096036 6.38014408349988 6.41615245739616 6.45216083129245 6.24791929721835 5.96359446048741 5.67926962375642 5.39494478702547 5.11061995029453 4.82629511356354 4.54197027683259 4.40348463058461 4.70251655578601 5.00154848098747 5.30058040618887 5.59961233139028 5.89864425659173 6.19767618179313 6.49670810699454 6.71207585334774 6.89955554008479 7.08703522682184 7.27451491355892 7.46199460029597 7.64947428703302 7.8369539737701 7.9469489614169 7.82448985179268 7.70203074216843 7.57957163254421
5.42880082064194 5.68609418537875 5.94338755011551 6.20068091485227 6.45797427958908 6.50853313604989 6.49018048975201 6.47182784345413 6.45347519715625 6.43512255085837 6.41676990456049 6.39841725826261 6.38986520634754 6.41071493758093 6.43156466881431 6.4524144000477 6.47326413128109 6.49411386251448 6.51496359374786 6.53581332498125 6.34350071748101 6.08013399706951 5.81676727665796 5.55340055624646 5.29003383583496 5.02666711542342 4.76330039501192 4.63331519232846 4.90347454282962 5.17363389333082 5.44379324383198 5.71395259433313 5.98411194483433 6.25427129533549 6.52443064583664 6.73437638282772 6.92425091531537 7.11412544780302 7.30399998029069 7.49387451277834 7.68374904526599 7.87362357775367 7.98981078598236 7.88493602143396 7.78006125688553 7.67518649233713
5.75545761651455 5.96322095725266 6.17098429799074 6.37874763872882 6.58651097946693 6.63242717583973 6.62439432409073 6.61636147234173 6.60832862059274 6.60029576884374 6.59226291709474 6.58423006534574 6.57962819867662 6.58531928724711 6.5910103758176 6.59670146438809 6.60239255295858 6.60808364152907 6.61377473009956 6.61946581867005 6.43908213774366 6.1966735336516 5.95426492955951 5.71185632546745 5.4694477213754 5.2270391172833 4.98463051319124 4.86314575407232 5.10443252987323 5.34571930567417 5.58700608147508 5.82829285727599 6.06957963307693 6.31086640887784 6.55215318467875 6.7566769123077 6.94894629054595 7.14121566878419 7.33348504702247 7.52575442526071 7.71802380349895 7.91029318173723 8.03267261054782 7.94538219107524 7.85809177160264 7.77080135213005
6.08211441238712 6.24034772912655 6.39858104586595 6.55681436260535 6.71504767934477 6.75632121562956 6.75860815842944 6.76089510122932 6.76318204402921 6.76546898682909 6.76775592962898 6.77004287242886 6.76939119100568 6.75992363691327 6.75045608282087 6.74098852872846 6.73152097463606 6.72205342054365 6.71258586645125 6.70311831235884 6.53466355800631 6.31321307023369 6.09176258246104 5.87031209468843 5.64886160691581 5.42741111914316 5.20596063137054 5.09297631581616 5.30539051691682 5.51780471801751 5.73021891911817 5.94263312021883 6.15504732131953 6.36746152242019 6.57987572352085 6.77897744178768 6.97364166577652 7.16830588976536 7.36297011375423 7.55763433774307 7.75229856173191 7.94696278572079 8.07553443511328 8.00582836071651 7.93612228631973 7.86641621192296
6.40877120825972 6.51747450100046 6.62617779374118 6.73488108648189 6.84358437922263 6.88021525541939 6.89282199276816 6.90542873011693 6.91803546746569 6.93064220481446 6.94324894216323 6.955855679512 6.95915418333475 6.93452798657945 6.90990178982415 6.88527559306885 6.86064939631355 6.83602319955825 6.81139700280295 6.78677080604764 6.63024497826896 6.42975260681579 6.22926023536259 6.02876786390942 5.82827549245625 5.62778312100304 5.42729074954987 5.32280687756001 5.50634850396042 5.68989013036087 5.87343175676128 6.05697338316169 6.24051500956213 6.42405663596254 6.60759826236295 6.80127797126766 6.9983370410071 7.19539611074654 7.39245518048601 7.58951425022544 7.78657331996488 7.98363238970435 8.11839625967874 8.06627453035779 8.01415280103683 7.96203107171588
6.651495581203 6.73124690320754 6.81099822521207 6.89074954721659 6.97050086922113 7.00117383797962 7.01548735565608 7.02980087333254 7.044114391009 7.05842790868546 7.07274142636192 7.08705494403838 7.09013917446136 7.05953554312388 7.02893191178639 6.99832828044891 6.96772464911142 6.93712101777394 6.90651738643646 6.87591375509897 6.73267501592638 6.55189124080873 6.37110746569104 6.19032369057339 6.00953991545573 5.82875614033805 5.64797236522039 5.55203563637197 5.71064004633155 5.86924445629115 6.02784886625073 6.1864532762103 6.3450576861699 6.50366209612947 6.66226650608905 6.84734226465221 7.0412418060832 7.2351413475142 7.42904088894522 7.62294043037622 7.81683997180721 8.01073951323824 8.14800456762314 8.1153661608696 8.08272775411606 8.05008934736252
6.8102875312169 6.88166493574775 6.95304234027859 7.02441974480943 7.09579714934028 7.11919696331022 7.12660424709318 7.13401153087614 7.1414188146591 7.14882609844206 7.15623338222502 7.16364066600798 7.16234616438547 7.13494630654652 7.10754644870757 7.08014659086862 7.05274673302967 7.02534687519073 6.99794701735178 6.97054715951282 6.84195367097856 6.67962897221249 6.51730427344639 6.35497957468033 6.19265487591426 6.03033017714817 5.8680054783821 5.78066259225202 5.91826514403018 6.05586769580836 6.19347024758651 6.33107279936466 6.46867535114284 6.60627790292099 6.74388045469914 6.91717032194133 7.10235596100484 7.28754160006835 7.47272723913189 7.6579128781954 7.8430985172589 8.02828415632244 8.16435935894648 8.15310325225194 8.1418471455574 8.13059103886285
