data/working_set_collections/6091692-Cassins_Sparrow-MC/2010/bio15.asc
NCOLS 265 
NROWS 230 
XLLCORNER -115.5625 
YLLCORNER 24.8333333333333 
CELLSIZE 0.0833333333333333 
NODATA_value -9999 
[rows 120 to 139 of 230, columns 46 to 91 of 265]
72.166982460022 71.8743298212688 71.5816771825155 71.2890245437623 70.996371905009 70.7037192662557 71.2319470087686 72.033801545037 72.8356560813055 73.6375106175739 74.4393651538423 75.2412196901108 76.0430742263792 77.0585999806718 78.7151393890379 80.3716787974037 82.0282182057694 83.6847576141355 85.3412970225013 86.9978364308671 88.6543758392332 90.1456574757891 91.5818531884084 93.0180489010279 94.4542446136472 95.8904403262665 97.326636038886 98.7628317515053 100.223250113593 101.756336424086 103.289422734578 104.822509045071 106.355595355564 107.888681666056 109.421767976549 110.954854287041 111.327538935343 111.313423029582 111.29930712382 111.285191218058 111.271075312297 111.256959406535 111.242843500773 111.585986942715 113.000908427768 114.415829912821
71.9534925460816 71.7601863225302 71.5668800989787 71.3735738754273 71.1802676518758 70.9869614283244 71.5273580551146 72.3123222986855 73.0972865422565 73.8822507858275 74.6672150293984 75.4521792729694 76.2371435165404 77.2494144439693 78.9436054229734 80.6377964019772 82.331987380981 84.0261783599851 85.7203693389889 87.4145603179927 89.1087512969968 90.5929630279538 92.0071816762284 93.4214003245034 94.835618972778 96.2498376210527 97.6640562693276 99.0782749176022 100.508260472615 101.985546747843 103.462833023071 104.940119298299 106.417405573527 107.894691848755 109.371978123982 110.84926439921 111.192226791382 111.157081222534 111.121935653687 111.086790084839 111.051644515991 111.016498947144 110.981353378296 111.311046155294 112.735253969828 114.159461784363
71.7400026321412 71.6460428237915 71.5520830154419 71.4581232070923 71.3641633987427 71.270203590393 71.8227691014606 72.590843052334 73.3589170032076 74.126990954081 74.8950649049545 75.6631388558281 76.4312128067015 77.4402289072668 79.1720714569089 80.9039140065508 82.6357565561926 84.3675991058347 86.0994416554765 87.8312842051184 89.5631267547605 91.0402685801185 92.4325101640486 93.8247517479789 95.2169933319089 96.609234915839 98.0014764997692 99.3937180836993 100.793270831638 102.214757071601 103.636243311564 105.057729551527 106.47921579149 107.900702031453 109.322188271416 110.74367451138 111.05691464742 111.000739415487 110.944564183553 110.88838895162 110.832213719686 110.776038487752 110.719863255819 111.036105367872 112.469599511888 113.903093655904
71.5265127182007 71.5318993250529 71.5372859319051 71.5426725387573 71.5480591456095 71.5534457524617 72.1181801478066 72.8693638059826 73.6205474641587 74.3717311223346 75.1229147805106 75.8740984386867 76.6252820968626 77.6310433705643 79.4005374908445 81.1700316111243 82.9395257314042 84.7090198516843 86.4785139719642 88.248008092244 90.0175022125242 91.4875741322832 92.8578386518687 94.2281031714543 95.5983676910398 96.9686322106252 98.3388967302109 99.7091612497963 101.07828119066 102.443967395358 103.809653600057 105.175339804755 106.541026009454 107.906712214152 109.27239841885 110.638084623549 110.921602503459 110.844397608439 110.76719271342 110.6899878184 110.612782923381 110.535578028361 110.458373133341 110.761164580451 112.203945053948 113.646725527445
71.3130228042603 71.4177558263143 71.5224888483683 71.6272218704223 71.7319548924763 71.8366879145304 72.4135911941527 73.1478845596311 73.8821779251097 74.6164712905882 75.3507646560667 76.0850580215453 76.8193513870238 77.8218578338619 79.62900352478 81.4361492156979 83.2432949066158 85.0504405975339 86.8575862884518 88.6647319793696 90.4718776702878 91.9348796844479 93.2831671396888 94.6314545949298 95.9797420501706 97.3280295054114 98.6763169606525 100.024604415893 101.363291549682 102.673177719116 103.98306388855 105.292950057983 106.602836227417 107.91272239685 109.222608566284 110.532494735718 110.786290359497 110.688055801392 110.589821243286 110.491586685181 110.393352127075 110.29511756897 110.196883010864 110.48622379303 111.938290596008 113.390357398987
71.0995328903198 71.3036123275756 71.5076917648315 71.7117712020873 71.9158506393432 72.119930076599 72.7090022404987 73.4264053132797 74.1438083860608 74.8612114588418 75.5786145316228 76.2960176044039 77.0134206771849 78.0126722971594 79.8574695587156 81.7022668202714 83.5470640818273 85.3918613433835 87.2366586049394 89.0814558664953 90.9262531280515 92.3821852366127 93.7084956275089 95.0348060184053 96.3611164093015 97.6874268001977 99.0137371910941 100.34004758199 101.648301908705 102.902388042874 104.156474177042 105.410560311211 106.66464644538 107.918732579549 109.172818713718 110.426904847887 110.650978215536 110.531713994344 110.412449773153 110.293185551961 110.17392133077 110.054657109578 109.935392888387 110.211283005608 111.672636138068 113.133989270528
71.228007698059 71.5355644438 71.8431211895412 72.1506779352822 72.4582346810233 72.7657914267644 73.3572753270465 74.0434016121756 74.7295278973048 75.4156541824339 76.101780467563 76.7879067526922 77.4740330378213 78.4594245062929 80.3426115247935 82.2257985432939 84.1089855617942 85.9921725802948 87.8753595987952 89.7585466172955 91.6417336357961 93.0835305531816 94.3781974368621 95.6728643205428 96.9675312042233 98.2621980879038 99.5568649715845 100.851531855265 102.111076312595 103.265253490872 104.419430669149 105.573607847425 106.727785025702 107.881962203979 109.036139382256 110.190316560533 110.383084742228 110.255383258396 110.127681774563 109.999980290731 109.872278806898 109.744577323066 109.616875839233 109.873606957329 111.283635881212 112.693664805094
71.6984472274779 72.1136121749876 72.5287771224974 72.9439420700071 73.3591070175168 73.7742719650266 74.3584104537961 74.9988734563189 75.6393364588417 76.2797994613645 76.9202624638872 77.5607254664101 78.2011884689329 79.1621144612625 81.084429423014 83.0067443847652 84.9290593465163 86.8513743082679 88.773689270019 90.6960042317702 92.6183191935218 94.0389156341549 95.2922725677486 96.5456295013425 97.7989864349362 99.0523433685298 100.305700302124 101.559057235717 102.751614761352 103.76177406311 104.771933364868 105.782092666626 106.792251968384 107.802411270141 108.812570571899 109.822729873657 109.982609939575 109.859063593547 109.735517247518 109.611970901489 109.488424555461 109.364878209432 109.241331863403 109.473195648193 110.771289825439 112.069384002685
72.1688867568968 72.6916599061752 73.2144330554537 73.7372062047321 74.2599793540104 74.7827525032889 75.3595455805458 75.9543453004622 76.5491450203788 77.1439447402952 77.7387444602116 78.3335441801281 78.9283439000446 79.8648044162321 81.8262473212345 83.7876902262365 85.7491331312386 87.710576036241 89.672018941243 91.6334618462451 93.5949047512475 94.9943007151282 96.2063476986351 97.4183946821422 98.6304416656491 99.842488649156 101.054535632663 102.26658261617 103.39215321011 104.258294635349 105.124436060587 105.990577485826 106.856718911065 107.722860336304 108.589001761542 109.455143186781 109.582135136922 109.462743928697 109.343352720473 109.223961512248 109.104570304023 108.985179095798 108.865787887573 109.072784339057 110.258943769667 111.445103200277
72.6393262863158 73.2697076373628 73.90008898841 74.530470339457 75.160851690504 75.7912330415512 76.3606807072955 76.9098171446056 77.4589535819158 78.0080900192259 78.557226456536 79.1063628938462 79.6554993311562 80.5674943712017 82.568065219455 84.5686360677079 86.5692069159608 88.5697777642141 90.570348612467 92.5709194607199 94.5714903089732 95.9496857961016 97.1204228295217 98.2911598629419 99.461896896362 100.632633929782 101.803370963202 102.974107996622 104.032691658867 104.754815207587 105.476938756307 106.199062305026 106.921185853746 107.643309402466 108.365432951185 109.087556499905 109.181660334269 109.066424263848 108.951188193427 108.835952123006 108.720716052585 108.605479982164 108.490243911743 108.672373029921 109.746597713894 110.820822397868
73.1097658157347 73.8477553685504 74.5857449213662 75.3237344741819 76.0617240269976 76.7997135798134 77.3618158340451 77.8652889887489 78.3687621434528 78.8722352981565 79.3757084528603 79.8791816075641 80.3826547622678 81.2701843261713 83.3098831176754 85.3495819091792 87.389280700683 89.4289794921871 91.4686782836909 93.5083770751947 95.5480758666988 96.9050708770748 98.0344979604081 99.1639250437416 100.293352127075 101.422779210408 102.552206293742 103.681633377075 104.673230107625 105.251335779826 105.829441452026 106.407547124227 106.985652796427 107.563758468628 108.141864140828 108.719969813029 108.781185531616 108.670104598999 108.559023666382 108.447942733765 108.336861801148 108.22578086853 108.114699935913 108.271961720784 109.234251658122 110.196541595459
73.5802053451536 74.425803099738 75.2714008543225 76.1169986089068 76.9625963634912 77.8081941180757 78.3629509607949 78.8207608328923 79.2785707049898 79.7363805770872 80.1941904491846 80.6520003212821 81.1098101933795 81.9728742811409 84.0517010158959 86.1305277506506 88.2093544854052 90.2881812201602 92.3670079549149 94.4458346896695 96.5246614244245 97.8604559580482 98.9485730912947 100.036690224541 101.124807357788 102.212924491034 103.301041624281 104.389158757527 105.313768556383 105.747856352064 106.181944147746 106.616031943427 107.050119739109 107.48420753479 107.918295330471 108.352383126153 108.380710728963 108.27378493415 108.166859139337 108.059933344523 107.95300754971 107.846081754896 107.739155960083 107.871550411648 108.721905602349 109.57226079305
74.5597508112586 75.497207832336 76.4346648534136 77.372121874491 78.3095788955684 79.247035916646 79.7821645736692 80.1831837760075 80.5842029783458 80.9852221806841 81.3862413830225 81.7872605853608 82.1882797876991 83.0118259217998 85.1029528511891 87.1940797805781 89.2852067099671 91.3763336393564 93.4674605687454 95.5585874981344 97.6497144275238 98.9611429850257 100.012672085232 101.064201185438 102.115730285644 103.16725938585 104.218788486057 105.270317586263 106.139974360996 106.464014159308 106.788053957621 107.112093755934 107.436133554247 107.760173352559 108.084213150872 108.408252949185 108.411377271016 108.307529767354 108.203682263692 108.09983476003 107.995987256368 107.892139752706 107.788292249044 107.899587164985 108.656309339735 109.413031514486
76.0484022140499 77.0619695663447 78.0755369186397 79.0891042709346 80.1026716232294 81.1162389755245 81.6194566726681 81.9525578180945 82.285658963521 82.6187601089474 82.9518612543739 83.2849623998003 83.6180635452267 84.3870392481479 86.463638623555 88.5402379989618 90.6168373743686 92.6934367497757 94.7700361251825 96.8466355005893 98.9232348759965 100.207131958007 101.22679494222 102.246457926432 103.266120910644 104.285783894856 105.305446879069 106.325109863281 107.151847521464 107.399809201558 107.647770881653 107.895732561747 108.143694241841 108.391655921936 108.63961760203 108.887579282125 108.873185157776 108.771339098612 108.669493039449 108.567646980286 108.465800921122 108.363954861959 108.262108802795 108.356071980794 109.03746287028 109.718853759765
77.5370536168412 78.6267313003535 79.716408983866 80.8060866673783 81.8957643508906 82.9854420344031 83.4567487716672 83.7219318601817 83.9871149486963 84.2522980372108 84.5174811257254 84.7826642142399 85.0478473027545 85.7622525744961 87.8243243959211 89.8863962173456 91.9484680387702 94.0105398601952 96.0726116816197 98.1346835030443 100.196755324469 101.453120930989 102.440917799207 103.428714667426 104.416511535644 105.404308403862 106.392105272081 107.379902140299 108.163720681932 108.335604243808 108.507487805684 108.67937136756 108.851254929436 109.023138491313 109.195022053189 109.366905615065 109.334993044535 109.235148429871 109.135303815206 109.035459200541 108.935614585876 108.835769971212 108.735925356547 108.812556796604 109.418616400825 110.024676005045
79.0257050196326 80.1914930343623 81.3572810490923 82.523069063822 83.6888570785518 84.8546450932817 85.2940408706663 85.4913059022689 85.6885709338716 85.8858359654742 86.0831009970769 86.2803660286796 86.4776310602822 87.1374659008444 89.1850101682871 91.2325544357295 93.2800987031719 95.3276429706146 97.375187238057 99.4227315054993 101.470275772942 102.699109903971 103.655040656195 104.61097140842 105.566902160644 106.522832912869 107.478763665093 108.434694417317 109.1755938424 109.271399286058 109.367204729716 109.463010173374 109.558815617031 109.654621060689 109.750426504347 109.846231948005 109.796800931295 109.698957761129 109.601114590963 109.503271420797 109.405428250631 109.307585080465 109.209741910299 109.269041612413 109.799769931369 110.330498250325
80.5143564224238 81.756254768371 82.9981531143184 84.2400514602656 85.4819498062128 86.7238481521602 87.1313329696652 87.260679944356 87.3900269190467 87.5193738937375 87.6487208684282 87.778067843119 87.9074148178098 88.5126792271925 90.545695940653 92.5787126541132 94.6117293675734 96.6447460810339 98.6777627944941 100.710779507954 102.743796221415 103.945098876953 104.869163513183 105.793228149414 106.717292785644 107.641357421875 108.565422058105 109.489486694336 110.187467002868 110.207194328308 110.226921653747 110.246648979187 110.266376304626 110.286103630066 110.305830955505 110.325558280945 110.258608818054 110.162767092387 110.06692536672 109.971083641052 109.875241915385 109.779400189718 109.68355846405 109.725526428222 110.180923461914 110.636320495605
82.0030078252152 83.3210165023798 84.6390251795447 85.9570338567093 87.2750425338739 88.5930512110388 88.9686250686643 89.0300539864431 89.091482904222 89.1529118220009 89.2143407397798 89.2757696575587 89.3371985753375 89.8878925535408 91.9063817130191 93.924870872497 95.943360031975 97.9618491914533 99.9803383509313 101.998827510409 104.017316669888 105.191087849935 106.083286370171 106.975484890408 107.867683410644 108.759881930881 109.652080451117 110.544278971354 111.199340163337 111.142989370558 111.086638577779 111.030287785 110.973936992221 110.917586199442 110.861235406664 110.804884613885 110.720416704814 110.626576423645 110.532736142476 110.438895861308 110.345055580139 110.25121529897 110.157375017802 110.182011244032 110.562076992459 110.942142740885
83.8985560099279 85.2595058865012 86.6204557630747 87.9814056396479 89.3423555162212 90.7033053927947 91.0623758316037 91.0874864578244 91.1125970840451 91.1377077102658 91.1628183364866 91.1879289627072 91.213039588928 91.7248052597039 93.6965360641475 95.6682668685907 97.639997673034 99.6117284774776 101.583459281921 103.555190086364 105.526920890808 106.656470680236 107.50529346466 108.354116249084 109.202939033508 110.051761817932 110.900584602356 111.74940738678 112.361023076375 112.261017481486 112.161011886597 112.061006291707 111.961000696818 111.860995101929 111.760989507039 111.66098391215 111.553856595357 111.444355371263 111.334854147169 111.225352923075 111.115851698981 111.006350474887 110.896849250793 110.891314379374 111.197678565979 111.504042752584
86.2010009765619 87.571722920735 88.9424448649083 90.3131668090814 91.6838887532545 93.0546106974278 93.4125852584835 93.4329773584998 93.453369458516 93.4737615585323 93.4941536585486 93.5145457585649 93.5349378585811 94.023417345682 95.9161589940383 97.8089006423943 99.7016422907504 101.594383939107 103.487125587463 105.379867235819 107.272608884175 108.341247367858 109.135184796651 109.929122225443 110.723059654235 111.516997083028 112.31093451182 113.104871940612 113.672515741984 113.561278661092 113.4500415802 113.338804499308 113.227567418416 113.116330337524 113.005093256632 112.89385617574 112.758928489685 112.616103935242 112.473279380798 112.330454826355 112.187630271911 112.044805717468 111.901981163025 111.853435834249 112.087728182475 112.322020530701
