data/working_set_collections/6091692-Cassins_Sparrow-MC/2010/bio2.asc
NCOLS 265 
NROWS 230 
XLLCORNER -115.5625 
YLLCORNER 24.8333333333333 
CELLSIZE 0.0833333333333333 
NODATA_value -9999 
[rows 20 to 39 of 230, columns 184 to 229 of 265]
13.2397945721944 13.2113598187765 13.1829250653585 13.1430226246516 13.0992976215151 13.0555726183785 13.011847615242 12.9681226121055 12.924397608969 12.8806726058324 12.8421077701781 12.8190234369702 12.7959391037623 12.7728547705544 12.7497704373466 12.7266861041387 12.7036017709308 12.680517437723 12.6547893206279 12.628179942237 12.6015705638462 12.5749611854553 12.5483518070645 12.5217424286736 12.4951330502828 12.4698061333762 12.4483266009225 12.4268470684687 12.405367536015 12.3838880035612 12.3624084711075 12.3409289386537 12.3194494062 12.303876042366 12.2902714014053 12.2766667604446 12.263062119484 12.2494574785233 12.2358528375626 12.2222481966019 12.2086574978299 12.1951086256239 12.181559753418 12.168010881212 12.1544620090061 12.1409131368001
13.2628757158915 13.2347308794657 13.20658604304 13.1659980853399 13.1212624205483 13.0765267557568 13.0317910909653 12.9870554261737 12.9423197613822 12.8975840965907 12.8581033415265 12.8343873156442 12.8106712897619 12.7869552638796 12.7632392379973 12.739523212115 12.7158071862327 12.6920911603504 12.6636928876241 12.6337338659498 12.6037748442756 12.5738158226013 12.5438568009271 12.5138977792528 12.4839387575785 12.4570550892088 12.4393974807527 12.4217398722967 12.4040822638406 12.3864246553845 12.3687670469284 12.3511094384723 12.3334518300162 12.3168967962265 12.3007092873255 12.2845217784246 12.2683342695236 12.2521467606227 12.2359592517217 12.2197717428207 12.2049608442518 12.1942797766791 12.1835987091064 12.1729176415337 12.162236573961 12.1515555063883
13.2859568595886 13.258101940155 13.2302470207214 13.1889735460281 13.1432272195816 13.0974808931351 13.0517345666885 13.005988240242 12.9602419137955 12.9144955873489 12.8740989128749 12.8497511943181 12.8254034757614 12.8010557572047 12.776708038648 12.7523603200912 12.7280126015345 12.7036648829778 12.6725964546204 12.6392877896627 12.605979124705 12.5726704597473 12.5393617947896 12.506053129832 12.4727444648743 12.4443040450414 12.430468360583 12.4166326761246 12.4027969916662 12.3889613072077 12.3751256227493 12.3612899382909 12.3474542538325 12.329917550087 12.3111471732458 12.2923767964045 12.2736064195633 12.2548360427221 12.2360656658808 12.2172952890396 12.2012641906738 12.1934509277344 12.1856376647949 12.1778244018555 12.170011138916 12.1621978759766
13.3090380032857 13.2814730008443 13.2539079984029 13.2119490067164 13.1651920186149 13.1184350305133 13.0716780424118 13.0249210543103 12.9781640662087 12.9314070781072 12.8900944842233 12.8651150729921 12.840135661761 12.8151562505298 12.7901768392987 12.7651974280675 12.7402180168364 12.7152386056052 12.6815000216166 12.6448417133755 12.6081834051344 12.5715250968933 12.5348667886522 12.4982084804111 12.46155017217 12.431553000874 12.4215392404132 12.4115254799525 12.4015117194917 12.391497959031 12.3814841985703 12.3714704381095 12.3614566776488 12.3429383039475 12.321585059166 12.3002318143845 12.278878569603 12.2575253248215 12.23617208004 12.2148188352585 12.1975675370958 12.1926220787896 12.1876766204834 12.1827311621772 12.177785703871 12.1728402455648
13.330094297727 13.3021652566062 13.2742362154855 13.232439271609 13.1860196934806 13.1396001153522 13.0931805372238 13.0467609590954 13.000341380967 12.9539218028386 12.9127305189769 12.8872241179148 12.8617177168528 12.8362113157908 12.8107049147288 12.7851985136668 12.7596921126048 12.7341857115428 12.6999260107676 12.6627485434214 12.6255710760752 12.588393608729 12.5512161413829 12.5140386740367 12.4768612066905 12.4468272076713 12.438223613633 12.4296200195948 12.4210164255566 12.4124128315184 12.4038092374802 12.3952056434419 12.3866020494037 12.3679312308629 12.3459046708213 12.3238781107797 12.301851550738 12.2798249906964 12.2577984306547 12.2357718706131 12.2180432478587 12.2132084369659 12.2083736260732 12.2035388151805 12.1987040042877 12.193869193395
13.3491257429123 13.3201787074407 13.2912316719691 13.2504443407059 13.2057102441788 13.1609761476517 13.1162420511246 13.0715079545975 13.0267738580704 12.9820397615433 12.9420070171356 12.9160783290863 12.890149641037 12.8642209529877 12.8382922649384 12.812363576889 12.7864348888397 12.7605062007904 12.7278744220734 12.6930082798004 12.6581421375275 12.6232759952545 12.5884098529816 12.5535437107086 12.5186775684357 12.4901266654332 12.4805214802424 12.4709162950516 12.4613111098607 12.4517059246699 12.4421007394791 12.4324955542882 12.4228903690974 12.4048963308334 12.3841060082118 12.3633156855901 12.3425253629684 12.3217350403468 12.3009447177251 12.2801543951035 12.2626913229624 12.2552100022634 12.2477286815643 12.2402473608653 12.2327660401662 12.2252847194672
13.3681571880976 13.3381921582752 13.3082271284527 13.2684494098028 13.225400794877 13.1823521799511 13.1393035650253 13.0962549500995 13.0532063351737 13.0101577202479 12.9712835152944 12.9449325402578 12.9185815652212 12.8922305901845 12.8658796151479 12.8395286401113 12.8131776650747 12.786826690038 12.7558228333791 12.7232680161794 12.6907131989797 12.65815838178 12.6256035645803 12.5930487473806 12.5604939301809 12.5334261231952 12.5228193468518 12.5122125705083 12.5016057941649 12.4909990178214 12.480392241478 12.4697854651345 12.4591786887911 12.4418614308039 12.4223073456022 12.4027532604006 12.3831991751989 12.3636450899972 12.3440910047955 12.3245369195938 12.3073393980662 12.2972115675608 12.2870837370555 12.2769559065501 12.2668280760447 12.2567002455393
13.387188633283 13.3562056091097 13.3252225849364 13.2864544788996 13.2450913455751 13.2037282122506 13.1623650789261 13.1210019456016 13.0796388122771 13.0382756789525 13.0005600134532 12.9737867514292 12.9470134894053 12.9202402273814 12.8934669653575 12.8666937033335 12.8399204413096 12.8131471792857 12.7837712446849 12.7535277525584 12.7232842604319 12.6930407683055 12.662797276179 12.6325537840525 12.6023102919261 12.5767255809572 12.5651172134611 12.5535088459651 12.541900478469 12.5302921109729 12.5186837434769 12.5070753759808 12.4954670084847 12.4788265307744 12.4605086829927 12.442190835211 12.4238729874293 12.4055551396476 12.3872372918659 12.3689194440842 12.35198747317 12.3392131328583 12.3264387925466 12.3136644522349 12.3008901119232 12.2881157716115
13.4062200784683 13.3742190599442 13.34221804142 13.3044595479965 13.2647818962733 13.2251042445501 13.1854265928268 13.1457489411036 13.1060712893804 13.0663936376572 13.0298365116119 13.0026409626007 12.9754454135895 12.9482498645782 12.921054315567 12.8938587665558 12.8666632175446 12.8394676685333 12.8117196559906 12.7837874889374 12.7558553218842 12.7279231548309 12.6999909877777 12.6720588207245 12.6441266536713 12.6200250387192 12.6074150800705 12.5948051214218 12.5821951627731 12.5695852041244 12.5569752454758 12.5443652868271 12.5317553281784 12.5157916307449 12.4987100203832 12.4816284100215 12.4645467996597 12.447465189298 12.4303835789363 12.4133019685745 12.3966355482737 12.3812146981557 12.3657938480377 12.3503729979197 12.3349521478017 12.3195312976837
13.4252515236537 13.3922325107786 13.3592134979036 13.3224646170934 13.2844724469715 13.2464802768495 13.2084881067276 13.1704959366057 13.1325037664837 13.0945115963618 13.0591130097707 13.0314951737722 13.0038773377736 12.9762595017751 12.9486416657766 12.921023829778 12.8934059937795 12.865788157781 12.8396680672963 12.8140472253164 12.7884263833364 12.7628055413564 12.7371846993764 12.7115638573964 12.6859430154165 12.6633244964811 12.6497129466799 12.6361013968786 12.6224898470773 12.608878297276 12.5952667474747 12.5816551976734 12.5680436478721 12.5527567307154 12.5369113577737 12.5210659848319 12.5052206118902 12.4893752389484 12.4735298660066 12.4576844930649 12.4412836233775 12.4232162634532 12.4051489035288 12.3870815436045 12.3690141836802 12.3509468237559
13.4593480348587 13.4259017970827 13.3924555593067 13.3551194429398 13.3164867003759 13.277853957812 13.2392212152481 13.2005884726842 13.1619557301203 13.1233229875565 13.0872012562222 13.0586125585768 13.0300238609314 13.001435163286 12.9728464656406 12.9442577679952 12.9156690703498 12.8870803727044 12.8617552280426 12.8375179343753 12.8132806407081 12.7890433470408 12.7648060533736 12.7405687597063 12.716331466039 12.6943660656611 12.6792163451513 12.6640666246414 12.6489169041316 12.6337671836217 12.6186174631119 12.603467742602 12.5883180220922 12.5741461356481 12.5603001938926 12.5464542521371 12.5326083103816 12.5187623686261 12.5049164268706 12.4910704851151 12.4758047739665 12.4562797546387 12.4367547353109 12.4172297159831 12.3977046966553 12.3781796773275
13.5085096120834 13.4752269188563 13.4419442256292 13.4024240255356 13.3608246564865 13.3192252874374 13.2776259183884 13.2360265493393 13.1944271802902 13.1528278112412 13.1141012509664 13.0839931170146 13.0538849830627 13.0237768491109 12.9936687151591 12.9635605812073 12.9334524472555 12.9033443133036 12.8779811382294 12.8541996161143 12.8304180939992 12.8066365718842 12.7828550497691 12.759073527654 12.7352920055389 12.7131497462591 12.6959252754847 12.6787008047104 12.6614763339361 12.6442518631617 12.6270273923874 12.6098029216131 12.5925784508387 12.5799598455429 12.5688765287399 12.557793211937 12.546709895134 12.535626578331 12.524543261528 12.513459944725 12.5001990000407 12.4804051717122 12.4606113433838 12.4408175150553 12.4210236867269 12.4012298583984
13.5576711893082 13.5245520406299 13.4914328919517 13.4497286081314 13.4051626125972 13.3605966170629 13.3160306215286 13.2714646259944 13.2268986304601 13.1823326349258 13.1410012457106 13.1093736754523 13.0777461051941 13.0461185349358 13.0144909646776 12.9828633944194 12.9512358241611 12.9196082539029 12.8942070484161 12.8708812978533 12.8475555472904 12.8242297967275 12.8009040461646 12.7775782956017 12.7542525450389 12.731933426857 12.7126342058182 12.6933349847794 12.6740357637405 12.6547365427017 12.6354373216629 12.6161381006241 12.5968388795853 12.5857735554377 12.5774528635873 12.5691321717368 12.5608114798864 12.5524907880359 12.5441700961855 12.535849404335 12.5245932261149 12.5045305887858 12.4844679514567 12.4644053141276 12.4443426767985 12.4242800394694
13.6068327665329 13.5738771624035 13.5409215582742 13.4970331907272 13.4495005687078 13.4019679466883 13.3544353246689 13.3069027026494 13.25937008063 13.2118374586105 13.1679012404548 13.1347542338901 13.1016072273254 13.0684602207608 13.0353132141961 13.0021662076314 12.9690192010668 12.9358721945021 12.9104329586029 12.8875629795922 12.8646930005815 12.8418230215708 12.8189530425602 12.7960830635495 12.7732130845388 12.7507171074549 12.7293431361516 12.7079691648483 12.686595193545 12.6652212222417 12.6438472509384 12.6224732796351 12.6010993083318 12.5915872653325 12.5860291984346 12.5804711315367 12.5749130646388 12.5693549977409 12.5637969308429 12.558238863945 12.5489874521891 12.5286560058594 12.5083245595296 12.4879931131999 12.4676616668701 12.4473302205404
13.6559943437576 13.6232022841771 13.5904102245967 13.5443377733231 13.4938385248184 13.4433392763138 13.3928400278091 13.3423407793045 13.2918415307999 13.2413422822952 13.194801235199 13.1601347923279 13.1254683494568 13.0908019065857 13.0561354637146 13.0214690208435 12.9868025779724 12.9521361351013 12.9266588687897 12.9042446613312 12.8818304538727 12.8594162464142 12.8370020389557 12.8145878314972 12.7921736240387 12.7695007880529 12.7460520664851 12.7226033449173 12.6991546233495 12.6757059017817 12.6522571802139 12.6288084586461 12.6053597370784 12.5974009752274 12.594605533282 12.5918100913366 12.5890146493912 12.5862192074458 12.5834237655004 12.580628323555 12.5733816782633 12.5527814229329 12.5321811676025 12.5115809122721 12.4909806569417 12.4703804016113
13.7051559209824 13.6725274059508 13.6398988909192 13.5916423559189 13.5381764809291 13.4847106059392 13.4312447309494 13.3777788559596 13.3243129809698 13.2708471059799 13.2217012299432 13.1855153507657 13.1493294715881 13.1131435924106 13.0769577132331 13.0407718340556 13.0045859548781 12.9684000757006 12.9428847789764 12.9209263430701 12.8989679071638 12.8770094712575 12.8550510353512 12.8330925994449 12.8111341635386 12.7882844686508 12.7627609968185 12.7372375249863 12.711714053154 12.6861905813217 12.6606671094894 12.6351436376572 12.6096201658249 12.6032146851222 12.6031818681293 12.6031490511364 12.6031162341436 12.6030834171507 12.6030506001578 12.603017783165 12.5977759043376 12.5769068400065 12.5560377756755 12.5351687113444 12.5142996470133 12.4934305826823
13.756272649765 13.7229390409258 13.6896054320865 13.6394620895386 13.5837155024211 13.5279689153036 13.472222328186 13.4164757410685 13.360729153951 13.3049825668335 13.2534363746643 13.2144913673401 13.1755463600159 13.1366013526917 13.0976563453674 13.0587113380432 13.019766330719 12.9808213233948 12.9542482296626 12.9317991071277 12.9093499845929 12.886900862058 12.8644517395232 12.8420026169883 12.8195534944534 12.7962594906489 12.7704308430354 12.7446021954219 12.7187735478083 12.6929449001948 12.6671162525813 12.6412876049678 12.6154589573542 12.6097317536672 12.610705031289 12.6116783089108 12.6126515865326 12.6136248641544 12.6145981417762 12.615571419398 12.6112538178762 12.5910635789235 12.5708733399709 12.5506831010183 12.5304928620656 12.510302623113
13.8093445301056 13.7744371891022 13.7395298480988 13.6877969741821 13.6304555892944 13.5731142044067 13.515772819519 13.4584314346314 13.4010900497437 13.343748664856 13.2900066693624 13.2470628420512 13.20411901474 13.1611751874288 13.1182313601176 13.0752875328064 13.0323437054952 12.989399878184 12.9607492208481 12.9368629535039 12.9129766861598 12.8890904188156 12.8652041514715 12.8413178841273 12.8174316167831 12.7934258540471 12.7690616051356 12.7446973562241 12.7203331073125 12.695968858401 12.6716046094894 12.6472403605779 12.6228761116664 12.6169521808624 12.617175022761 12.6173978646596 12.6176207065582 12.6178435484568 12.6180663903554 12.618289232254 12.6138154188792 12.595251639684 12.5766878604889 12.5581240812937 12.5395603020986 12.5209965229034
13.8624164104462 13.8259353372786 13.789454264111 13.7361318588257 13.6771956761678 13.6182594935099 13.5593233108521 13.5003871281942 13.4414509455363 13.3825147628784 13.3265769640605 13.2796343167623 13.2326916694641 13.1857490221659 13.1388063748678 13.0918637275696 13.0449210802714 12.9979784329732 12.9672502120336 12.9419267998801 12.9166033877267 12.8912799755732 12.8659565634198 12.8406331512663 12.8153097391129 12.7905922174454 12.7676923672358 12.7447925170263 12.7218926668167 12.6989928166072 12.6760929663976 12.6531931161881 12.6302932659785 12.6241726080577 12.6236450142331 12.6231174204085 12.6225898265839 12.6220622327593 12.6215346389347 12.6210070451101 12.6163770198822 12.5994397004445 12.5825023810069 12.5655650615692 12.5486277421316 12.5316904226939
13.9154882907867 13.877433485455 13.8393786801232 13.7844667434692 13.7239357630412 13.6634047826131 13.6028738021851 13.542342821757 13.481811841329 13.4212808609009 13.3631472587586 13.3122057914734 13.2612643241882 13.2103228569031 13.1593813896179 13.1084399223328 13.0574984550476 13.0065569877625 12.9737512032191 12.9469906462563 12.9202300892936 12.8934695323308 12.8667089753681 12.8399484184053 12.8131878614426 12.7877585808436 12.766323129336 12.7448876778285 12.7234522263209 12.7020167748133 12.6805813233058 12.6591458717982 12.6377104202906 12.6313930352529 12.6301150057051 12.6288369761573 12.6275589466095 12.6262809170617 12.6250028875139 12.6237248579661 12.6189386208852 12.603627761205 12.5883169015249 12.5730060418447 12.5576951821645 12.5423843224843
