data/working_set_collections/6091692-Cassins_Sparrow-MC/2010/bio2.asc
NCOLS 265 
NROWS 230 
XLLCORNER -115.5625 
YLLCORNER 24.8333333333333 
CELLSIZE 0.0833333333333333 
NODATA_value -9999 
[rows 120 to 139 of 230, columns 138 to 183 of 265]
16.3632108635373 16.3603599071503 16.3575089507633 16.3546579943763 16.3300918579102 16.2982873280843 16.2664827982585 16.2346782684326 16.2028737386068 16.1710692087809 16.1392646789551 16.1183388763004 16.1300492551592 16.1417596340179 16.1534700128767 16.1651803917355 16.1768907705943 16.1886011494531 16.2003115283118 16.1738302389781 16.1346183935801 16.0954065481822 16.0561947027842 16.0169828573863 15.9777710119883 15.9385591665904 15.8980396562153 15.8535971509086 15.8091546456019 15.7647121402952 15.7202696349886 15.6758271296819 15.6313846243752 15.5869421190686 15.575500591596 15.575059390068 15.5746181885401 15.5741769870122 15.5737357854843 15.5732945839564 15.5728533824285 15.5666237089369 15.5430286195543 15.5194335301717 15.4958384407891 15.4722433514065
16.3549314339956 16.348064661026 16.3411978880564 16.3343311150869 16.3090404510498 16.2776084899902 16.2461765289307 16.2147445678711 16.1833126068115 16.151880645752 16.1204486846924 16.099925661087 16.1121294498444 16.1243332386017 16.136537027359 16.1487408161163 16.1609446048737 16.173148393631 16.1853521823883 16.1602135181427 16.1226273695628 16.0850412209829 16.047455072403 16.009868923823 15.9722827752431 15.9346966266632 15.8964109023412 15.856026450793 15.8156419992447 15.7752575476964 15.7348730961482 15.6944886445999 15.6541041930517 15.6137197415034 15.6009722948074 15.5974371830622 15.593902071317 15.5903669595718 15.5868318478266 15.5832967360814 15.5797616243362 15.5706485112508 15.5448013941447 15.5189542770386 15.4931071599325 15.4672600428263
16.3466520044539 16.3357694149017 16.3248868253496 16.3140042357975 16.2879890441895 16.2569296518962 16.2258702596029 16.1948108673096 16.1637514750163 16.132692082723 16.1016326904297 16.0815124458737 16.0942096445296 16.1069068431854 16.1196040418413 16.1323012404972 16.144998439153 16.1576956378089 16.1703928364648 16.1465967973073 16.1106363455455 16.0746758937836 16.0387154420217 16.0027549902598 15.9667945384979 15.930834086736 15.8947821484672 15.8584557506773 15.8221293528875 15.7858029550976 15.7494765573078 15.7131501595179 15.6768237617281 15.6404973639382 15.6264439980189 15.6198149760564 15.6131859540939 15.6065569321314 15.599927910169 15.5932988882065 15.586669866244 15.5746733135647 15.5465741687351 15.5184750239054 15.4903758790758 15.4622767342462
16.3383725749122 16.3234741687775 16.3085757626428 16.293677356508 16.2669376373291 16.2362508138021 16.2055639902751 16.1748771667481 16.144190343221 16.113503519694 16.082816696167 16.0630992306603 16.0762898392147 16.0894804477692 16.1026710563236 16.115861664878 16.1290522734324 16.1422428819868 16.1554334905412 16.132980076472 16.0986453215281 16.0643105665843 16.0299758116404 15.9956410566966 15.9613063017527 15.9269715468089 15.8931533945931 15.8608850505617 15.8286167065303 15.7963483624988 15.7640800184674 15.7318116744359 15.6995433304045 15.6672749863731 15.6519157012304 15.6421927690506 15.6324698368708 15.6227469046911 15.6130239725113 15.6033010403315 15.5935781081518 15.5786981158786 15.5483469433255 15.5179957707723 15.4876445982191 15.457293425666
16.3300931453705 16.3111789226532 16.2922646999359 16.2733504772186 16.2458862304688 16.215571975708 16.1852577209473 16.1549434661865 16.1246292114258 16.0943149566651 16.0640007019043 16.044686015447 16.0583700338999 16.0720540523529 16.0857380708059 16.0994220892588 16.1131061077118 16.1267901261648 16.1404741446177 16.1193633556366 16.0866542975108 16.053945239385 16.0212361812592 15.9885271231333 15.9558180650075 15.9231090068817 15.8915246407191 15.8633143504461 15.835104060173 15.8068937699 15.778683479627 15.7504731893539 15.7222628990809 15.6940526088079 15.6773874044418 15.6645705620448 15.6517537196477 15.6389368772507 15.6261200348536 15.6133031924566 15.6004863500595 15.5827229181926 15.5501197179159 15.5175165176392 15.4849133173625 15.4523101170858
16.3218137158288 16.2988836765289 16.2759536372291 16.2530235979292 16.2248348236084 16.1948931376139 16.1649514516195 16.135009765625 16.1050680796305 16.0751263936361 16.0451847076416 16.0262728002336 16.0404502285851 16.0546276569366 16.0688050852882 16.0829825136397 16.0971599419912 16.1113373703427 16.1255147986942 16.1057466348012 16.0746632734935 16.0435799121857 16.0124965508779 15.9814131895701 15.9503298282623 15.9192464669546 15.8898958868451 15.8657436503304 15.8415914138158 15.8174391773012 15.7932869407866 15.769134704272 15.7449824677573 15.7208302312427 15.7028591076533 15.686948355039 15.6710376024246 15.6551268498103 15.6392160971959 15.6233053445816 15.6073945919673 15.5867477205065 15.5518924925062 15.517037264506 15.4821820365058 15.4473268085056
16.3146330992381 16.2909774621328 16.2673218250275 16.2436661879222 16.2155038515727 16.1858392821418 16.1561747127109 16.12651014328 16.0968455738492 16.0671810044183 16.0375164349874 16.0187650415632 16.0327531761593 16.0467413107554 16.0607294453515 16.0747175799476 16.0887057145437 16.1026938491397 16.1166819837358 16.0977603117625 16.067868704266 16.0379770967696 16.0080854892731 15.9781938817766 15.9483022742801 15.9184106667837 15.8908554924859 15.8703096177843 15.8497637430827 15.8292178683811 15.8086719936795 15.7881261189779 15.7675802442763 15.7470343695747 15.7276033322016 15.7085439072715 15.6894844823413 15.6704250574112 15.651365632481 15.6323062075509 15.6132467826208 15.5893697924084 15.5510401063495 15.5127104202906 15.4743807342317 15.4360510481729
16.3085512955984 16.2874602794647 16.2663692633311 16.2452782471975 16.2178933143616 16.1884104092916 16.1589275042216 16.1294445991516 16.0999616940816 16.0704787890116 16.0409958839417 16.0221627394358 16.0352788766225 16.0483950138092 16.0615111509959 16.0746272881826 16.0877434253693 16.1008595625559 16.1139756997426 16.0954043865204 16.0662705898285 16.0371367931366 16.0080029964447 15.9788691997528 15.9497354030609 15.920601606369 15.8944034576416 15.8770122528076 15.8596210479736 15.8422298431397 15.8248386383057 15.8074474334717 15.7900562286377 15.7726650238037 15.7516200780869 15.7293572187424 15.7070943593979 15.6848315000534 15.6625686407089 15.6403057813644 15.61804292202 15.5905891338984 15.5475625594457 15.504535984993 15.4615094105403 15.4184828360876
16.3024694919586 16.2839430967967 16.2654167016347 16.2468903064728 16.2202827771505 16.1909815364414 16.1616802957323 16.1323790550232 16.1030778143141 16.073776573605 16.0444753328959 16.0255604373084 16.0378045770857 16.050048716863 16.0622928566403 16.0745369964176 16.0867811361949 16.0990252759722 16.1112694157494 16.0930484612783 16.064672475391 16.0362964895037 16.0079205036163 15.979544517729 15.9511685318417 15.9227925459544 15.8979514227973 15.883714887831 15.8694783528646 15.8552418178982 15.8410052829319 15.8267687479655 15.8125322129991 15.7982956780328 15.7756368239721 15.7501705302133 15.7247042364544 15.6992379426956 15.6737716489368 15.648305355178 15.6228390614192 15.5918084753884 15.5440850125419 15.4963615496953 15.4486380868488 15.4009146240023
16.2963876883189 16.2804259141286 16.2644641399384 16.2485023657481 16.2226722399394 16.1935526635912 16.164433087243 16.1353135108948 16.1061939345466 16.0770743581984 16.0479547818502 16.028958135181 16.0403302775489 16.0517024199168 16.0630745622847 16.0744467046526 16.0858188470205 16.0971909893884 16.1085631317562 16.0906925360362 16.0630743609534 16.0354561858707 16.007838010788 15.9802198357052 15.9526016606225 15.9249834855398 15.901499387953 15.8904175228543 15.8793356577555 15.8682537926568 15.857171927558 15.8460900624593 15.8350081973606 15.8239263322618 15.7996535698573 15.7709838416841 15.742314113511 15.7136443853378 15.6849746571647 15.6563049289915 15.6276352008184 15.5930278168784 15.5406074656381 15.4881871143977 15.4357667631573 15.383346411917
16.2903058846792 16.2769087314606 16.263511578242 16.2501144250234 16.2250617027283 16.196123790741 16.1671858787537 16.1382479667664 16.1093100547791 16.0803721427918 16.0514342308044 16.0323558330536 16.0428559780121 16.0533561229706 16.0638562679291 16.0743564128876 16.0848565578461 16.0953567028046 16.1058568477631 16.0883366107941 16.0614762465159 16.0346158822378 16.0077555179596 15.9808951536814 15.9540347894033 15.9271744251251 15.9050473531087 15.8971201578776 15.8891929626465 15.8812657674154 15.8733385721842 15.8654113769531 15.857484181722 15.8495569864909 15.8236703157425 15.791797153155 15.7599239905675 15.72805082798 15.6961776653926 15.6643045028051 15.6324313402176 15.5942471583684 15.5371299187342 15.4800126791 15.4228954394659 15.3657781998317
16.2842240810394 16.2733915487925 16.2625590165456 16.2517264842987 16.2274511655172 16.1986949178908 16.1699386702644 16.1411824226379 16.1124261750115 16.0836699273851 16.0549136797587 16.0357535309262 16.0453816784753 16.0550098260244 16.0646379735735 16.0742661211226 16.0838942686717 16.0935224162208 16.1031505637699 16.085980685552 16.0598781320784 16.0337755786048 16.0076730251312 15.9815704716577 15.9554679181841 15.9293653647105 15.9085953182644 15.9038227929009 15.8990502675374 15.8942777421739 15.8895052168104 15.8847326914469 15.8799601660834 15.8751876407199 15.8476870616277 15.8126104646259 15.7775338676241 15.7424572706223 15.7073806736204 15.6723040766186 15.6372274796168 15.5954664998584 15.5336523718304 15.4718382438024 15.4100241157744 15.3482099877464
16.2747934182485 16.268834288915 16.2628751595815 16.256916030248 16.2343880176544 16.2063370439741 16.1782860702939 16.1502350966136 16.1221841229333 16.094133149253 16.0660821755727 16.0472756915622 16.0562026765611 16.0651296615601 16.074056646559 16.0829836315579 16.0919106165568 16.1008376015557 16.1097645865546 16.0923725048701 16.0662074009578 16.0400422970454 16.013877193133 15.9877120892207 15.9615469853083 15.935381881396 15.9146061340968 15.9099984566371 15.9053907791773 15.9007831017176 15.8961754242579 15.8915677467982 15.8869600693385 15.8823523918788 15.8525296290716 15.8143018378152 15.7760740465588 15.7378462553024 15.6996184640461 15.6613906727897 15.6231628815333 15.5782104412715 15.5130840539932 15.447957666715 15.3828312794368 15.3177048921585
16.2620138963064 16.263236951828 16.2644600073496 16.2656830628713 16.24587225914 16.2190501689911 16.1922280788422 16.1654059886932 16.1385838985443 16.1117618083954 16.0849397182465 16.0669223149617 16.0753189722697 16.0837156295776 16.0921122868856 16.1005089441935 16.1089056015015 16.1173022588094 16.1256989161173 16.1075120687485 16.080464053154 16.0534160375595 16.026368021965 15.9993200063705 15.9722719907761 15.9452239751816 15.9230798006058 15.915647149086 15.9082144975662 15.9007818460464 15.8933491945267 15.8859165430069 15.8784838914871 15.8710512399674 15.838198018074 15.7968712727229 15.7555445273717 15.7142177820206 15.6728910366694 15.6315642913183 15.5902375459671 15.5424789826075 15.4754249652227 15.4083709478378 15.341316930453 15.2742629130682
16.2492343743642 16.257639614741 16.2660448551178 16.2744500954946 16.2573565006256 16.231763294008 16.2061700873905 16.1805768807729 16.1549836741553 16.1293904675378 16.1037972609202 16.0865689383613 16.0944352679782 16.1023015975952 16.1101679272122 16.1180342568292 16.1259005864461 16.1337669160631 16.1416332456801 16.1226516326269 16.0947207053502 16.0667897780736 16.038858850797 16.0109279235204 15.9829969962438 15.9550660689672 15.9315534671148 15.9212958415349 15.9110382159551 15.9007805903753 15.8905229647954 15.8802653392156 15.8700077136358 15.8597500880559 15.8238664070765 15.7794407076306 15.7350150081847 15.6905893087387 15.6461636092928 15.6017379098469 15.5573122104009 15.5067475239436 15.4377658764522 15.3687842289607 15.2998025814692 15.2308209339778
16.2364548524221 16.252042277654 16.2676297028859 16.2832171281179 16.2688407421112 16.244476419025 16.2201120959388 16.1957477728526 16.1713834497664 16.1470191266802 16.122654803594 16.1062155617608 16.1135515636868 16.1208875656128 16.1282235675388 16.1355595694648 16.1428955713908 16.1502315733168 16.1575675752428 16.1377911965052 16.1089773575465 16.0801635185878 16.051349679629 16.0225358406703 15.9937220017115 15.9649081627528 15.9400271336238 15.9269445339839 15.913861934344 15.9007793347041 15.8876967350642 15.8746141354243 15.8615315357844 15.8484489361445 15.809534796079 15.7620101425383 15.7144854889976 15.6669608354569 15.6194361819161 15.5719115283754 15.5243868748347 15.4710160652797 15.4001067876816 15.3291975100835 15.2582882324855 15.1873789548874
16.2236753304799 16.246444940567 16.2692145506541 16.2919841607412 16.2803249835968 16.257189544042 16.2340541044871 16.2109186649323 16.1877832253774 16.1646477858226 16.1415123462677 16.1258621851603 16.1326678593953 16.1394735336304 16.1462792078654 16.1530848821004 16.1598905563354 16.1666962305705 16.1735019048055 16.1529307603836 16.1232340097427 16.0935372591019 16.063840508461 16.0341437578201 16.0044470071793 15.9747502565384 15.9485008001328 15.9325932264328 15.9166856527329 15.9007780790329 15.884870505333 15.868962931633 15.853055357933 15.8371477842331 15.7952031850815 15.744579577446 15.6939559698105 15.643332362175 15.5927087545395 15.542085146904 15.4914615392685 15.4352846066157 15.3624476989111 15.2896107912064 15.2167738835017 15.143936975797
16.2108958085378 16.24084760348 16.2707993984222 16.3007511933645 16.2918092250824 16.2699026690589 16.2479961130354 16.2260895570119 16.2041830009884 16.1822764449649 16.1603698889414 16.1455088085598 16.1517841551039 16.1580595016479 16.164334848192 16.1706101947361 16.1768855412801 16.1831608878242 16.1894362343682 16.168070324262 16.137490661939 16.106910999616 16.076331337293 16.04575167497 16.015172012647 15.984592350324 15.9569744666417 15.9382419188817 15.9195093711217 15.9007768233617 15.8820442756017 15.8633117278417 15.8445791800817 15.8258466323217 15.780871574084 15.7271490123537 15.6734264506234 15.6197038888931 15.5659813271629 15.5122587654326 15.4585362037023 15.3995531479518 15.3247886101405 15.2500240723292 15.1752595345179 15.1004949967067
16.1933009650972 16.2307122627894 16.2681235604816 16.3055348581738 16.3007565021515 16.2819149282244 16.2630733542972 16.2442317803701 16.2253902064429 16.2065486325158 16.1877070585887 16.1743393633101 16.1773933039771 16.1804472446442 16.1835011853112 16.1865551259783 16.1896090666453 16.1926630073123 16.1957169479794 16.1721892038981 16.1398008982341 16.10741259257 16.0750242869059 16.0426359812419 16.0102476755778 15.9778593699137 15.9483050134447 15.9272525045607 15.9061999956767 15.8851474867927 15.8640949779087 15.8430424690247 15.8219899601407 15.8009374512567 15.7556443611781 15.702271077368 15.6488977935579 15.5955245097478 15.5421512259378 15.4887779421277 15.4354046583176 15.3766688134935 15.3018452856276 15.2270217577617 15.1521982298957 15.0773747020298
16.1708908001582 16.2160389184952 16.2611870368322 16.3063351551692 16.3071668148041 16.2932263215383 16.2792858282725 16.2653453350067 16.2514048417409 16.2374643484751 16.2235238552094 16.212353849411 16.209495306015 16.206636762619 16.203778219223 16.200919675827 16.198061132431 16.195202589035 16.192344045639 16.165287399292 16.1301647186279 16.0950420379639 16.0599193572998 16.0247966766358 15.9896739959717 15.9545513153076 15.9224924405416 15.8996249834697 15.8767575263977 15.8538900693258 15.8310226122538 15.8081551551819 15.78528769811 15.762420241038 15.7195215463638 15.6699457724889 15.620369998614 15.5707942247391 15.5212184508642 15.4716426769893 15.4220669031143 15.366631603241 15.2936177253723 15.2206038475037 15.147589969635 15.0745760917664
