data/working_set_collections/6091692-Cassins_Sparrow-MC/2010/bio2.asc
NCOLS 265 
NROWS 230 
XLLCORNER -115.5625 
YLLCORNER 24.8333333333333 
CELLSIZE 0.0833333333333333 
NODATA_value -9999 
[rows 80 to 99 of 230, columns 92 to 137 of 265]
14.19304295116 14.3090527481503 14.4250625451405 14.5410723421308 14.6570821391211 14.6337820132573 14.5640452464422 14.494308479627 14.4245717128118 14.3548349459966 14.2850981791814 14.2153614123662 14.1970922046237 14.3332256740994 14.469359143575 14.6054926130506 14.7416260825263 14.8777595520019 15.0138930214776 15.1500264909532 15.2158367315928 15.2582058959537 15.3005750603146 15.3429442246755 15.3853133890364 15.4276825533973 15.4700517177582 15.4870630264282 15.4280007680257 15.3689385096232 15.3098762512207 15.2508139928182 15.1917517344157 15.1326894760132 15.0736272176107 15.1175950924555 15.1959063450495 15.2742175976435 15.3525288502375 15.4308401028315 15.5091513554255 15.5874626080195 15.6571930329005 15.7011809746424 15.7451689163844 15.7891568581263
14.4241702980465 14.5339791350894 14.6437879721323 14.7535968091752 14.8634056462182 14.813644305865 14.7106929063797 14.6077415068944 14.5047901074092 14.4018387079239 14.2988873084386 14.1959359089534 14.1527948167589 14.2890846464369 14.4253744761149 14.5616643057929 14.6979541354709 14.8342439651489 14.9705337948269 15.1068236245049 15.1723966439565 15.2143973933326 15.2563981427087 15.2983988920848 15.3403996414608 15.3824003908369 15.424401140213 15.4420834859212 15.3868106206258 15.3315377553304 15.276264890035 15.2209920247396 15.1657191594442 15.1104462941488 15.0551734288534 15.0976815303167 15.1727832873662 15.2478850444158 15.3229868014653 15.3980885585149 15.4731903155645 15.548292072614 15.6138539552689 15.6507962147395 15.6877384742101 15.7246807336807
14.655297644933 14.7589055220286 14.8625133991241 14.9661212762196 15.0697291533152 14.9935065984726 14.8573405663172 14.7211745341619 14.5850085020065 14.4488424698512 14.3126764376958 14.1765104055405 14.108497428894 14.2449436187744 14.3813898086548 14.5178359985351 14.6542821884155 14.7907283782959 14.9271745681762 15.0636207580566 15.1289565563202 15.1705888907115 15.2122212251027 15.253853559494 15.2954858938853 15.3371182282766 15.3787505626678 15.3971039454142 15.3456204732259 15.2941370010376 15.2426535288493 15.191170056661 15.1396865844727 15.0882031122844 15.036719640096 15.0777679681778 15.1496602296829 15.221552491188 15.2934447526932 15.3653370141983 15.4372292757034 15.5091215372086 15.5705148776372 15.6004114548365 15.6303080320358 15.6602046092351
14.8864249918195 14.9838319089677 15.0812388261159 15.178645743264 15.2760526604122 15.1733688910802 15.0039882262548 14.8346075614293 14.6652268966039 14.4958462317785 14.326465566953 14.1570849021276 14.0642000410292 14.2008025911119 14.3374051411946 14.4740076912774 14.6106102413601 14.7472127914429 14.8838153415256 15.0204178916083 15.0855164686839 15.1267803880903 15.1680443074968 15.2093082269033 15.2505721463097 15.2918360657162 15.3330999851227 15.3521244049072 15.304430325826 15.2567362467448 15.2090421676636 15.1613480885824 15.1136540095012 15.0659599304199 15.0182658513387 15.0578544060389 15.1265371719996 15.1952199379603 15.263902703921 15.3325854698817 15.4012682358424 15.4699510018031 15.5271758000056 15.5500266949336 15.5728775898616 15.5957284847895
14.9977000395457 15.0828039010366 15.1679077625275 15.2530116240183 15.3381154855092 15.2309059460958 15.0595919397143 14.8882779333327 14.7169639269511 14.5456499205696 14.374335914188 14.2030219078064 14.1076102919048 14.2399058474434 14.372201402982 14.5044969585206 14.6367925140593 14.7690880695978 14.9013836251364 15.0336791806751 15.0915835062663 15.1246907552083 15.1577980041504 15.1909052530924 15.2240125020345 15.2571197509766 15.2902269999186 15.3051540401247 15.2655404541228 15.2259268681208 15.1863132821189 15.146699696117 15.1070861101151 15.0674725241131 15.0278589381112 15.067824157079 15.1343156443702 15.2008071316613 15.2672986189524 15.3337901062435 15.4002815935347 15.4667730808258 15.5200299898783 15.5335831642151 15.5471363385518 15.5606895128886
14.9891227881114 15.0558214982351 15.1225202083588 15.1892189184825 15.2559176286062 15.1661177635193 15.0241517066956 14.8821856498718 14.7402195930481 14.5982535362244 14.4562874794006 14.3143214225769 14.238728181521 14.362253387769 14.485778594017 14.609303800265 14.7328290065129 14.8563542127609 14.9798794190088 15.1034046252568 15.1471576690674 15.1643199920654 15.1814823150635 15.1986446380615 15.2158069610596 15.2329692840576 15.2501316070557 15.2561928510666 15.2289508581162 15.2017088651657 15.1744668722153 15.1472248792648 15.1199828863144 15.092740893364 15.0654989004135 15.1076772212982 15.1729956467946 15.238314072291 15.3036324977875 15.3689509232839 15.4342693487803 15.4995877742767 15.5490774472554 15.5510808626811 15.5530842781067 15.5550876935323
14.980545536677 15.0288390954336 15.0771326541901 15.1254262129466 15.1737197717031 15.1013295809428 14.9887114736769 14.876093366411 14.7634752591451 14.6508571518792 14.5382390446133 14.4256209373474 14.3698460711373 14.4846009280946 14.5993557850519 14.7141106420093 14.8288654989666 14.9436203559239 15.0583752128813 15.1731300698386 15.2027318318685 15.2039492289225 15.2051666259766 15.2063840230306 15.2076014200846 15.2088188171387 15.2100362141927 15.2072316620085 15.1923612621096 15.1774908622106 15.1626204623116 15.1477500624127 15.1328796625137 15.1180092626148 15.1031388627158 15.1475302855174 15.2116756492191 15.2758210129208 15.3399663766225 15.4041117403242 15.4682571040259 15.5324024677276 15.5781249046326 15.5685785611471 15.5590322176615 15.549485874176
14.9719682852427 15.001856692632 15.0317451000214 15.0616335074107 15.0915219148 15.0365413983663 14.9532712406583 14.8700010829502 14.7867309252421 14.7034607675341 14.620190609826 14.5369204521179 14.5009639607535 14.6069484684202 14.7129329760869 14.8189174837536 14.9249019914203 15.030886499087 15.1368710067537 15.2428555144204 15.2583059946696 15.2435784657796 15.2288509368896 15.2141234079997 15.1993958791097 15.1846683502197 15.1699408213298 15.1582704729504 15.1557716661029 15.1532728592555 15.150774052408 15.1482752455605 15.1457764387131 15.1432776318656 15.1407788250181 15.1873833497365 15.2503556516435 15.3133279535505 15.3763002554575 15.4392725573645 15.5022448592716 15.5652171611786 15.6071723620097 15.586076259613 15.5649801572164 15.5438840548197
14.9633910338084 14.9748742898305 14.9863575458527 14.9978408018748 15.0093240578969 14.9717532157898 14.9178310076396 14.8639087994893 14.8099865913391 14.7560643831889 14.7021421750386 14.6482199668884 14.6320818503697 14.7292960087458 14.8265101671219 14.9237243254979 15.020938483874 15.11815264225 15.2153668006261 15.3125809590022 15.3138801574707 15.2832077026367 15.2525352478027 15.2218627929688 15.1911903381348 15.1605178833008 15.1298454284668 15.1093092838923 15.1191820700963 15.1290548563004 15.1389276425044 15.1488004287084 15.1586732149124 15.1685460011164 15.1784187873204 15.2272364139557 15.289035654068 15.3508348941803 15.4126341342926 15.4744333744049 15.5362326145172 15.5980318546295 15.6362198193868 15.603573958079 15.5709280967712 15.5382822354635
14.9548137823741 14.947891887029 14.940969991684 14.9340480963389 14.9271262009939 14.9069650332133 14.8823907746209 14.8578165160285 14.8332422574361 14.8086679988437 14.7840937402513 14.7595194816589 14.763199739986 14.8516435490714 14.9400873581568 15.0285311672422 15.1169749763277 15.2054187854131 15.2938625944985 15.3823064035839 15.3694543202718 15.3228369394938 15.2762195587158 15.2296021779378 15.1829847971598 15.1363674163818 15.0897500356039 15.0603480948342 15.0825924740897 15.1048368533452 15.1270812326007 15.1493256118562 15.1715699911118 15.1938143703673 15.2160587496228 15.2670894781748 15.3277156564924 15.38834183481 15.4489680131276 15.5095941914452 15.5702203697628 15.6308465480804 15.6652672767639 15.621071656545 15.5768760363261 15.5326804161072
14.9334199084176 14.9188735034731 14.9043270985285 14.889780693584 14.8752342886395 14.8667543967565 14.860296675894 14.8538389550315 14.847381234169 14.8409235133065 14.834465792444 14.8280080715815 14.8442272716098 14.9284772343106 15.0127271970113 15.096977159712 15.1812271224128 15.2654770851135 15.3497270478142 15.433977010515 15.4111849784851 15.352712281545 15.2942395846049 15.2357668876648 15.1772941907247 15.1188214937846 15.0603487968445 15.0248120228449 15.0580830176671 15.0913540124893 15.1246250073115 15.1578960021337 15.1911669969559 15.224437991778 15.2577089866002 15.31012951533 15.3689332220289 15.4277369287279 15.4865406354268 15.5453443421258 15.6041480488247 15.6629517555237 15.6957710928387 15.650637322002 15.6055035511653 15.5603697803285
14.899209411939 14.8878191391627 14.8764288663864 14.8650385936101 14.8536483208338 14.8511213064194 14.8515487114588 14.8519761164983 14.8524035215378 14.8528309265772 14.8532583316167 14.8536857366562 14.8751644452413 14.9597970644633 15.0444296836853 15.1290623029073 15.2136949221293 15.2983275413513 15.3829601605733 15.4675927797953 15.4390721321106 15.3728337287903 15.30659532547 15.2403569221497 15.1741185188294 15.107880115509 15.0416417121887 15.0027010679245 15.0456537008285 15.0886063337326 15.1315589666366 15.1745115995407 15.2174642324448 15.2604168653488 15.3033694982528 15.3563565254211 15.4126883506775 15.4690201759338 15.5253520011902 15.5816838264465 15.6380156517029 15.6943474769592 15.7277312676112 15.69227095445 15.6568106412888 15.6213503281275
14.8649989154604 14.8567647748523 14.8485306342443 14.8402964936362 14.8320623530282 14.8354882160823 14.8428007470237 14.8501132779651 14.8574258089066 14.864738339848 14.8720508707894 14.8793634017309 14.9061016188727 14.991116894616 15.0761321703593 15.1611474461025 15.2461627218458 15.3311779975891 15.4161932733324 15.5012085490756 15.4669592857361 15.3929551760356 15.318951066335 15.2449469566345 15.170942846934 15.0969387372335 15.022934627533 14.980590113004 15.03322438399 15.0858586549759 15.1384929259618 15.1911271969477 15.2437614679336 15.2963957389196 15.3490300099055 15.4025835355123 15.456443479326 15.5103034231398 15.5641633669535 15.6180233107673 15.671883254581 15.7257431983948 15.7596914423837 15.733904586898 15.7081177314122 15.6823308759265
14.8307884189818 14.825710410542 14.8206324021022 14.8155543936623 14.8104763852225 14.8198551257451 14.8340527825885 14.8482504394319 14.8624480962753 14.8766457531187 14.8908434099621 14.9050410668055 14.9370387925042 15.0224367247687 15.1078346570333 15.1932325892978 15.2786305215624 15.3640284538269 15.4494263860914 15.534824318356 15.4948464393616 15.4130766232809 15.3313068072001 15.2495369911194 15.1677671750387 15.0859973589579 15.0042275428772 14.9584791580836 15.0207950671514 15.0831109762192 15.145426885287 15.2077427943547 15.2700587034225 15.3323746124903 15.3946905215581 15.4488105456034 15.5001986079746 15.5515866703457 15.6029747327169 15.654362795088 15.7057508574592 15.7571389198303 15.7916516171561 15.7755382193459 15.7594248215357 15.7433114237255
14.7965779225032 14.7946560462316 14.79273416996 14.7908122936885 14.7888904174169 14.804222035408 14.8253048181534 14.8463876008987 14.8674703836441 14.8885531663895 14.9096359491348 14.9307187318802 14.9679759661356 15.0537565549215 15.1395371437073 15.2253177324931 15.3110983212789 15.3968789100647 15.4826594988505 15.5684400876363 15.5227335929871 15.4331980705261 15.3436625480652 15.2541270256043 15.1645915031433 15.0750559806824 14.9855204582215 14.9363682031631 15.0083657503128 15.0803632974625 15.1523608446121 15.2243583917618 15.2963559389114 15.3683534860611 15.4403510332107 15.4950375556946 15.5439537366231 15.5928699175517 15.6417860984802 15.6907022794088 15.7396184603373 15.7885346412659 15.8236117919286 15.8171718517939 15.8107319116592 15.8042919715245
14.7623674260245 14.7636016819212 14.7648359378179 14.7660701937146 14.7673044496112 14.7885889450709 14.8165568537182 14.8445247623656 14.8724926710129 14.9004605796602 14.9284284883075 14.9563963969548 14.9989131397671 15.0850763850742 15.1712396303812 15.2574028756883 15.3435661209954 15.4297293663025 15.5158926116095 15.6020558569166 15.5506207466126 15.4533195177714 15.3560182889303 15.2587170600891 15.161415831248 15.0641146024068 14.9668133735657 14.9142572482427 14.9959364334742 15.0776156187057 15.1592948039373 15.2409739891688 15.3226531744003 15.4043323596318 15.4860115448634 15.5412645657857 15.5877088652717 15.6341531647576 15.6805974642436 15.7270417637295 15.7734860632155 15.8199303627014 15.8555719667011 15.8588054842419 15.8620390017827 15.8652725193236
14.7379843023088 14.7386680020226 14.7393517017365 14.7400354014503 14.7407191011641 14.7708441654841 14.8107830180062 14.8507218705283 14.8906607230504 14.9305995755725 14.9705384280946 15.0104772806167 15.0607226133346 15.1418873866399 15.2230521599451 15.3042169332504 15.3853817065557 15.4665464798609 15.5477112531662 15.6288760264714 15.5755943218867 15.477497124672 15.3793999274572 15.2813027302424 15.1832055330277 15.0851083358129 14.9870111385981 14.9341944005754 15.0172190401289 15.1002436796824 15.1832683192359 15.2662929587894 15.3493175983429 15.4323422378964 15.5153668774499 15.5698075294495 15.6147201855977 15.659632841746 15.7045454978943 15.7494581540426 15.7943708101908 15.8392834663391 15.8759903616375 15.8880799743864 15.9001695871353 15.9122591998842
14.723428551356 14.7198550065359 14.7162814617157 14.7127079168956 14.7091343720754 14.7509876966476 14.8079833110173 14.8649789253871 14.9219745397568 14.9789701541265 15.0359657684962 15.0929613828659 15.1534043868382 15.2241895596186 15.294974732399 15.3657599051793 15.4365450779597 15.50733025074 15.5781154235204 15.6489005963008 15.5976543188095 15.5057308912277 15.4138074636459 15.3218840360642 15.2299606084824 15.1380371809006 15.0461137533188 14.9961796601613 15.0722135702769 15.1482474803924 15.224281390508 15.3003153006235 15.3763492107391 15.4523831208547 15.5284170309702 15.5806664466858 15.6249876976013 15.6693089485168 15.7136301994324 15.7579514503479 15.8022727012634 15.8465939521789 15.884866976738 15.9049953222275 15.925123667717 15.9452520132065
14.7088728004032 14.7010420110491 14.693211221695 14.6853804323408 14.6775496429867 14.7311312278112 14.8051836040285 14.8792359802458 14.9532883564631 15.0273407326804 15.1013931088977 15.175445485115 15.2460861603419 15.3064917325973 15.3668973048528 15.4273028771082 15.4877084493637 15.5481140216191 15.6085195938746 15.6689251661301 15.6197143157323 15.5339646577835 15.4482149998347 15.3624653418859 15.2767156839371 15.1909660259883 15.1052163680395 15.0581649197472 15.1272081004248 15.1962512811025 15.2652944617801 15.3343376424577 15.4033808231354 15.472424003813 15.5414671844906 15.5915253639221 15.6352552096049 15.6789850552877 15.7227149009704 15.7664447466532 15.810174592336 15.8539044380188 15.8937435918384 15.9219106700685 15.9500777482986 15.9782448265288
14.6943170494503 14.6822290155623 14.6701409816742 14.6580529477861 14.645964913898 14.7112747589747 14.8023838970396 14.8934930351045 14.9846021731694 15.0757113112343 15.1668204492993 15.2579295873642 15.3387679338455 15.3887939055761 15.4388198773066 15.4888458490372 15.5388718207677 15.5888977924983 15.6389237642288 15.6889497359594 15.6417743126551 15.5621984243393 15.4826225360235 15.4030466477076 15.3234707593918 15.243894871076 15.1643189827601 15.1201501793331 15.1822026305728 15.2442550818125 15.3063075330522 15.3683599842919 15.4304124355316 15.4924648867713 15.554517338011 15.6023842811584 15.6455227216085 15.6886611620585 15.7317996025085 15.7749380429586 15.8180764834086 15.8612149238586 15.9026202069388 15.9388260179096 15.9750318288803 16.011237639851
