data/working_set_collections/6091692-Cassins_Sparrow-MC/2010/bio3.asc
NCOLS 265 
NROWS 230 
XLLCORNER -115.5625 
YLLCORNER 24.8333333333333 
CELLSIZE 0.0833333333333333 
NODATA_value -9999 
[rows 160 to 179 of 230, columns 46 to 91 of 265]
47.4630219459534 47.3829500516256 47.3028781572977 47.22280626297 47.1427343686422 47.0626624743144 46.9517039299011 46.8304498354594 46.7091957410176 46.5879416465759 46.4666875521342 46.3454334576925 46.2241793632507 46.1122533798218 46.0283117294311 45.9443700790405 45.8604284286499 45.7764867782592 45.6925451278686 45.608603477478 45.5246618270874 45.4356823921203 45.3450236956278 45.2543649991353 45.1637063026428 45.0730476061503 44.9823889096578 44.8917302131653 44.8202225367228 44.8061679204305 44.7921133041382 44.7780586878458 44.7640040715535 44.7499494552612 44.7358948389689 44.7218402226765 44.6224058151245 44.4945114771525 44.3666171391805 44.2387228012085 44.1108284632365 43.9829341252644 43.8550397872924 43.7458509763081 43.692778746287 43.6397065162658
47.5831845919291 47.5182795100742 47.4533744282192 47.3884693463643 47.3235642645094 47.2586591826545 47.1485535621643 47.0233810954624 46.8982086287604 46.7730361620585 46.6478636953566 46.5226912286546 46.3975187619527 46.2846946928236 46.208915816413 46.1331369400024 46.0573580635918 45.9815791871812 45.9058003107707 45.8300214343601 45.7542425579495 45.6599509239197 45.5594883706834 45.4590258174472 45.358563264211 45.2581007109748 45.1576381577386 45.0571756045024 44.9828330357869 44.9868504206339 44.9908678054809 44.9948851903279 44.9989025751749 45.0029199600219 45.0069373448689 45.0109547297159 44.9173222223917 44.7911397510105 44.6649572796291 44.5387748082479 44.4125923368666 44.2864098654853 44.160227394104 44.0511836899651 43.9935562875535 43.935928885142
47.6963000933329 47.6423988024394 47.5884975115458 47.5345962206522 47.4806949297587 47.4267936388651 47.3182361602783 47.1914599524604 47.0646837446425 46.9379075368245 46.8111313290066 46.6843551211887 46.5575789133708 46.4448588477241 46.374307208591 46.303755569458 46.233203930325 46.1626522911919 46.0921006520589 46.0215490129259 45.9509973737928 45.8574822743734 45.7563126881917 45.6551431020101 45.5539735158284 45.4528039296468 45.3516343434651 45.2504647572835 45.1800416840447 45.2018581496344 45.2236746152241 45.2454910808139 45.2673075464036 45.2891240119933 45.3109404775831 45.3327569431728 45.2417089780171 45.1130395359463 44.9843700938754 44.8557006518046 44.7270312097337 44.5983617676629 44.469692325592 44.3587729560004 44.3011038038465 44.2434346516927
47.8023684501648 47.7553079287211 47.7082474072774 47.6611868858337 47.61412636439 47.5670658429464 47.4607517242432 47.3346864064535 47.2086210886637 47.082555770874 46.9564904530843 46.8304251352946 46.7043598175049 46.5927458445231 46.5244859059652 46.4562259674072 46.3879660288493 46.3197060902913 46.2514461517334 46.1831862131754 46.1149262746175 46.0282764434814 45.9354966481527 45.8427168528239 45.7499370574951 45.6571572621663 45.5643774668375 45.4715976715088 45.4118484814961 45.451191107432 45.4905337333679 45.5298763593037 45.5692189852396 45.6085616111755 45.6479042371113 45.6872468630472 45.5955660820007 45.46021083196 45.3248555819193 45.1895003318786 45.0541450818379 44.9187898317972 44.7834345817566 44.668618774414 44.615421295166 44.5622238159179
47.9084368069967 47.8682170550028 47.827997303009 47.7877775510152 47.7475577990214 47.7073380470276 47.603267288208 47.4779128604465 47.352558432685 47.2272040049235 47.101849577162 46.9764951494005 46.851140721639 46.7406328413222 46.6746646033393 46.6086963653564 46.5427281273736 46.4767598893907 46.4107916514079 46.344823413425 46.2788551754421 46.1990706125895 46.1146806081136 46.0302906036377 45.9459005991618 45.8615105946859 45.7771205902099 45.692730585734 45.6436552789476 45.7005240652296 45.7573928515116 45.8142616377936 45.8711304240756 45.9279992103576 45.9848679966396 46.0417367829216 45.9494231859843 45.8073821279738 45.6653410699632 45.5233000119527 45.3812589539422 45.2392178959316 45.0971768379211 44.9784645928277 44.9297387864854 44.8810129801432
48.0145051638285 47.9811261812846 47.9477471987406 47.9143682161967 47.8809892336527 47.8476102511088 47.7457828521728 47.6211393144396 47.4964957767063 47.371852238973 47.2472087012397 47.1225651635064 46.9979216257731 46.8885198381212 46.8248433007134 46.7611667633056 46.6974902258979 46.6338136884901 46.5701371510823 46.5064606136746 46.4427840762668 46.3698647816976 46.2938645680745 46.2178643544515 46.1418641408284 46.0658639272054 45.9898637135823 45.9138634999593 45.875462076399 45.9498570230271 46.0242519696553 46.0986469162834 46.1730418629116 46.2474368095397 46.3218317561679 46.396226702796 46.3032802899678 46.1545534239875 46.0058265580071 45.8570996920267 45.7083728260464 45.559645960066 45.4109190940857 45.2883104112413 45.2440562778049 45.1998021443684
48.1205735206604 48.0940353075663 48.0674970944722 48.0409588813782 48.0144206682841 47.98788245519 47.8882984161377 47.7643657684326 47.6404331207275 47.5165004730225 47.3925678253174 47.2686351776123 47.1447025299072 47.0364068349202 46.9750219980875 46.9136371612549 46.8522523244222 46.7908674875895 46.7294826507568 46.6680978139241 46.6067129770914 46.5406589508056 46.4730485280355 46.4054381052653 46.3378276824951 46.2702172597249 46.2026068369547 46.1349964141845 46.1072688738504 46.1991899808247 46.291111087799 46.3830321947733 46.4749533017476 46.5668744087218 46.6587955156961 46.7507166226704 46.6571373939514 46.5017247200012 46.346312046051 46.1908993721008 46.0354866981506 45.8800740242004 45.7246613502502 45.5981562296549 45.5583737691243 45.5185913085937
48.2266418774923 48.2069444338481 48.1872469902038 48.1675495465596 48.1478521029154 48.1281546592712 48.0308139801025 47.9075922224257 47.7843704647488 47.6611487070719 47.5379269493951 47.4147051917182 47.2914834340413 47.1842938317193 47.1252006954617 47.0661075592041 47.0070144229465 46.9479212866889 46.8888281504313 46.8297350141737 46.7706418779161 46.7114531199137 46.6522324879964 46.5930118560791 46.5337912241618 46.4745705922444 46.4153499603271 46.3561293284098 46.3390756713019 46.4485229386223 46.5579702059427 46.6674174732631 46.7768647405836 46.886312007904 46.9957592752244 47.1052065425448 47.010994497935 46.8488960160149 46.6867975340949 46.5246990521749 46.3626005702548 46.2005020883348 46.0384036064148 45.9080020480685 45.8726912604437 45.837380472819
48.3135009129842 48.3010871251424 48.2886733373006 48.2762595494588 48.263845761617 48.2514319737752 48.1659003575643 48.055996131897 47.9460919062296 47.8361876805623 47.726283454895 47.6163792292277 47.5064750035604 47.4076207372877 47.341916349199 47.2762119611104 47.2105075730217 47.1448031849331 47.0790987968444 47.0133944087558 46.9476900206671 46.8859136581421 46.8254466374715 46.7649796168009 46.7045125961304 46.6440455754598 46.5835785547892 46.5231115341186 46.5074970033433 46.6264399422539 46.7453828811645 46.8643258200751 46.9832687589857 47.1022116978963 47.2211546368069 47.3400975757175 47.2486861546834 47.0871566136678 46.9256270726522 46.7640975316366 46.6025679906209 46.4410384496053 46.2795089085897 46.1513731956482 46.1234189669291 46.09546473821
48.3811506271362 48.3764633814494 48.3717761357625 48.3670888900757 48.3624016443888 48.357714398702 48.293557548523 48.2095774968465 48.1255974451701 48.0416173934936 47.9576373418172 47.8736572901408 47.7896772384643 47.7063875516255 47.6251689592997 47.5439503669738 47.462731774648 47.3815131823222 47.3002945899963 47.2190759976705 47.1378574053446 47.0640405654907 46.9926909764608 46.9213413874308 46.8499917984009 46.7786422093709 46.707292620341 46.635943031311 46.6125328699747 46.7329409917195 46.8533491134643 46.9737572352091 47.0941653569539 47.2145734786987 47.3349816004435 47.4553897221883 47.3702123641968 47.2165065129598 47.0628006617228 46.9090948104858 46.7553889592489 46.6016831080119 46.4479772567749 46.3282696723938 46.3105568885803 46.2928441047668
48.4488003412882 48.4518396377563 48.4548789342244 48.4579182306925 48.4609575271606 48.4639968236287 48.4212147394816 48.363158861796 48.3051029841105 48.247047106425 48.1889912287394 48.1309353510539 48.0728794733683 48.0051543659634 47.9084215694003 47.8116887728373 47.7149559762743 47.6182231797112 47.5214903831482 47.4247575865851 47.3280247900221 47.2421674728393 47.15993531545 47.0777031580607 46.9954710006714 46.9132388432821 46.8310066858927 46.7487745285034 46.7175687366061 46.8394420411851 46.9613153457641 47.0831886503431 47.2050619549221 47.3269352595011 47.4488085640801 47.5706818686591 47.4917385737101 47.3458564122518 47.1999742507935 47.0540920893351 46.9082099278768 46.7623277664185 46.6164456049601 46.5051661491394 46.4976948102315 46.4902234713236
48.5164500554403 48.5272158940633 48.5379817326863 48.5487475713094 48.5595134099324 48.5702792485555 48.5488719304402 48.5167402267456 48.4846085230509 48.4524768193563 48.4203451156616 48.3882134119669 48.3560817082722 48.3039211803012 48.191674179501 48.0794271787007 47.9671801779005 47.8549331771003 47.7426861763 47.6304391754998 47.5181921746995 47.420294380188 47.3271796544393 47.2340649286906 47.1409502029419 47.0478354771932 46.9547207514445 46.8616060256958 46.8226046032375 46.9459430906507 47.0692815780639 47.1926200654771 47.3159585528903 47.4392970403035 47.5626355277167 47.6859740151299 47.6132647832235 47.4752063115438 47.3371478398641 47.1990893681844 47.0610308965047 46.922972424825 46.7849139531453 46.682062625885 46.6848327318827 46.6876028378804
48.5840997695923 48.6025921503703 48.6210845311483 48.6395769119262 48.6580692927042 48.6765616734822 48.6765291213989 48.6703215916951 48.6641140619913 48.6579065322876 48.6516990025838 48.64549147288 48.6392839431762 48.6026879946391 48.4749267896016 48.3471655845642 48.2194043795268 48.0916431744893 47.9638819694519 47.8361207644145 47.708359559377 47.5984212875366 47.4944239934285 47.3904266993205 47.2864294052124 47.1824321111043 47.0784348169962 46.9744375228882 46.9276404698689 47.0524441401163 47.1772478103637 47.3020514806111 47.4268551508585 47.5516588211059 47.6764624913533 47.8012661616007 47.7347909927368 47.6045562108358 47.4743214289347 47.3440866470337 47.2138518651327 47.0836170832316 46.9533823013306 46.8589591026306 46.8719706535339 46.8849822044372
48.6517494837443 48.6779684066772 48.7041873296102 48.7304062525431 48.756625175476 48.782844098409 48.8041863123576 48.8239029566447 48.8436196009318 48.8633362452189 48.883052889506 48.9027695337931 48.9224861780802 48.9014548089769 48.7581793997023 48.6149039904276 48.471628581153 48.3283531718784 48.1850777626038 48.0418023533291 47.8985269440545 47.7765481948853 47.6616683324178 47.5467884699504 47.4319086074829 47.3170287450155 47.202148882548 47.0872690200806 47.0326763365003 47.158945189582 47.2852140426635 47.4114828957451 47.5377517488267 47.6640206019083 47.7902894549899 47.9165583080715 47.8563172022502 47.7339061101278 47.6114950180054 47.489083925883 47.3666728337606 47.2442617416382 47.1218506495158 47.0358555793762 47.0591085751851 47.082361570994
48.5989612897237 48.6493907822503 48.6998202747769 48.7502497673035 48.80067925983 48.8511087523566 48.8870720545451 48.9182132932875 48.9493545320299 48.9804957707723 49.0116370095147 49.0427782482571 49.0739194869995 49.0601933903165 48.9118652873569 48.7635371843974 48.6152090814379 48.4668809784783 48.3185528755188 48.1702247725593 48.0218966695998 47.8986155509949 47.7836834271749 47.6687513033549 47.5538191795349 47.4388870557149 47.3239549318949 47.209022808075 47.1562867058647 47.2901386684841 47.4239906311035 47.5578425937228 47.6916945563422 47.8255465189615 47.9593984815809 48.0932504442002 48.0338352203369 47.9099976009793 47.7861599816216 47.662322362264 47.5384847429063 47.4146471235487 47.2908095041911 47.205507797665 47.2358138296339 47.2661198616027
48.4257351875305 48.5168592770894 48.6079833666484 48.6991074562073 48.7902315457662 48.8813556353251 48.9251863479614 48.9532526016235 48.9813188552856 49.0093851089477 49.0374513626099 49.065517616272 49.0935838699341 49.0789037386577 48.9359844525655 48.7930651664734 48.6501458803813 48.5072265942892 48.364307308197 48.2213880221049 48.0784687360128 47.9646233558655 47.8604692776998 47.7563151995341 47.6521611213684 47.5480070432027 47.443852965037 47.3396988868713 47.2984715779622 47.4460245768229 47.5935775756835 47.7411305745442 47.8886835734049 48.0362365722656 48.1837895711262 48.3313425699869 48.267345046997 48.1328306833903 47.9983163197835 47.8638019561767 47.72928759257 47.5947732289632 47.4602588653564 47.3679157574971 47.4020864168803 47.4362570762634
48.2525090853373 48.3843277719286 48.5161464585198 48.6479651451111 48.7797838317023 48.9116025182936 48.9633006413778 48.9882919099596 49.0132831785414 49.0382744471232 49.063265715705 49.0882569842868 49.1132482528686 49.0976140869989 48.9601036177741 48.8225931485494 48.6850826793247 48.5475722101 48.4100617408753 48.2725512716505 48.1350408024258 48.0306311607361 47.9372551282247 47.8438790957133 47.7505030632019 47.6571270306905 47.5637509981791 47.4703749656677 47.4406564500596 47.6019104851616 47.7631645202636 47.9244185553656 48.0856725904676 48.2469266255696 48.4081806606716 48.5694346957736 48.5008548736572 48.3556637658013 48.2104726579454 48.0652815500895 47.9200904422336 47.7748993343777 47.6297082265218 47.5303237173292 47.5683590041266 47.606394290924
48.0792829831441 48.2517962667677 48.4243095503913 48.5968228340149 48.7693361176384 48.941849401262 49.0014149347941 49.0233312182956 49.0452475017971 49.0671637852987 49.0890800688002 49.1109963523017 49.1329126358032 49.1163244353401 48.9842227829827 48.8521211306254 48.7200194782681 48.5879178259108 48.4558161735535 48.3237145211962 48.1916128688388 48.0966389656067 48.0140409787496 47.9314429918925 47.8488450050354 47.7662470181783 47.6836490313212 47.6010510444641 47.582841322157 47.7577963935004 47.9327514648437 48.107706536187 48.2826616075303 48.4576166788736 48.6325717502169 48.8075268215603 48.7343647003174 48.5784968482123 48.4226289961073 48.2667611440023 48.1108932918972 47.9550254397922 47.7991575876872 47.6927316771613 47.734631591373 47.7765315055847
47.9060568809509 48.1192647616068 48.3324726422628 48.5456805229187 48.7588884035746 48.9720962842305 49.0395292282104 49.0583705266317 49.0772118250529 49.0960531234741 49.1148944218953 49.1337357203166 49.1525770187378 49.1350347836813 49.0083419481913 48.8816491127014 48.7549562772115 48.6282634417216 48.5015706062317 48.3748777707418 48.2481849352519 48.1626467704773 48.0908268292745 48.0190068880717 47.9471869468689 47.8753670056661 47.8035470644633 47.7317271232605 47.7250261942545 47.9136823018391 48.1023384094238 48.2909945170084 48.479650624593 48.6683067321777 48.8569628397623 49.045618947347 48.9678745269775 48.8013299306234 48.6347853342692 48.468240737915 48.3016961415609 48.1351515452067 47.9686069488525 47.8551396369934 47.9009041786193 47.9466687202453
47.7328307787577 47.9867332564459 48.2406357341342 48.4945382118225 48.7484406895107 49.002343167199 49.0776435216268 49.0934098349677 49.1091761483086 49.1249424616496 49.1407087749905 49.1564750883314 49.1722414016724 49.1537451320225 49.0324611133999 48.9111770947774 48.789893076155 48.6686090575324 48.5473250389099 48.4260410202874 48.3047570016649 48.2286545753479 48.1676126797994 48.1065707842509 48.0455288887024 47.9844869931539 47.9234450976054 47.8624032020569 47.8672110663519 48.0695682101779 48.2719253540038 48.4742824978298 48.6766396416558 48.8789967854817 49.0813539293076 49.2837110731336 49.2013843536377 49.0241630130344 48.8469416724311 48.6697203318278 48.4924989912245 48.3152776506212 48.1380563100179 48.0175475968255 48.0671767658657 48.116805934906
