data/working_set_collections/6091692-Cassins_Sparrow-MC/2010/bio3.asc
NCOLS 265 
NROWS 230 
XLLCORNER -115.5625 
YLLCORNER 24.8333333333333 
CELLSIZE 0.0833333333333333 
NODATA_value -9999 
[rows 140 to 159 of 230, columns 138 to 183 of 265]
41.6361258400811 41.6621102015177 41.6880945629544 41.714078924391 41.7392265637716 41.7640952958001 41.7889640278286 41.8138327598572 41.8387014918857 41.8635702239142 41.8884389559428 41.9157693121168 41.9504845407274 41.985199769338 42.0199149979485 42.0546302265591 42.0893454551697 42.1240606837802 42.1587759123908 42.1690590858459 42.1711982409159 42.1733373959859 42.1754765510559 42.1776157061259 42.1797548611959 42.1818940162659 42.1718144840664 42.1250788900587 42.078343296051 42.0316077020433 41.9848721080356 41.9381365140279 41.8914009200202 41.8446653260125 41.7860378265381 41.7234463585748 41.6608548906114 41.5982634226481 41.5356719546848 41.4730804867215 41.4104890187581 41.3338889651828 41.2152631547716 41.0966373443604 40.9780115339491 40.8593857235379
41.6237300660875 41.6585265477498 41.6933230294122 41.7281195110745 41.7577022234599 41.785547012753 41.813391802046 41.8412365913391 41.8690813806322 41.8969261699253 41.9247709592183 41.9535863346524 41.9853134685092 42.0170406023661 42.048767736223 42.0804948700799 42.1122220039368 42.1439491377936 42.1756762716505 42.1861933708191 42.1896404584249 42.1930875460307 42.1965346336365 42.1999817212423 42.2034288088481 42.2068758964539 42.1988730006748 42.1565201547411 42.1141673088074 42.0718144628737 42.02946161694 41.9871087710063 41.9447559250726 41.9024030791389 41.8505001068115 41.7954137590196 41.7403274112278 41.6852410634359 41.630154715644 41.5750683678521 41.5199820200602 41.4489807552762 41.3302347395155 41.2114887237549 41.0927427079943 40.9739966922336
41.6113342920939 41.6549428939819 41.6985514958699 41.742160097758 41.7761778831482 41.8069987297058 41.8378195762634 41.868640422821 41.8994612693786 41.9302821159363 41.9611029624939 41.9914033571879 42.0201423962911 42.0488814353943 42.0776204744975 42.1063595136007 42.1350985527039 42.163837591807 42.1925766309102 42.2033276557922 42.2080826759338 42.2128376960754 42.217592716217 42.2223477363586 42.2271027565002 42.2318577766418 42.2259315172831 42.1879614194234 42.1499913215637 42.112021223704 42.0740511258443 42.0360810279846 41.9981109301249 41.9601408322652 41.914962387085 41.8673811594645 41.8197999318441 41.7722187042236 41.7246374766032 41.6770562489827 41.6294750213623 41.5640725453695 41.4452063242595 41.3263401031494 41.2074738820394 41.0886076609294
41.5989385181003 41.651359240214 41.7037799623277 41.7562006844414 41.7946535428365 41.8284504466586 41.8622473504808 41.896044254303 41.9298411581251 41.9636380619473 41.9974349657694 42.0292203797234 42.0549713240729 42.0807222684224 42.1064732127719 42.1322241571214 42.1579751014709 42.1837260458204 42.2094769901699 42.2204619407654 42.2265248934428 42.2325878461202 42.2386507987976 42.244713751475 42.2507767041524 42.2568396568298 42.2529900338915 42.2194026841058 42.1858153343201 42.1522279845344 42.1186406347487 42.085053284963 42.0514659351773 42.0178785853916 41.9794246673584 41.9393485599094 41.8992724524604 41.8591963450114 41.8191202375624 41.7790441301134 41.7389680226644 41.6791643354628 41.5601779090034 41.441191482544 41.3222050560845 41.2032186296251
41.6053733295864 41.6635972658793 41.7218212021722 41.780045138465 41.8237406094869 41.8625932587517 41.9014459080166 41.9402985572815 41.9791512065463 42.0180038558112 42.0568565050761 42.0921788533528 42.1169102986653 42.1416417439779 42.1663731892904 42.1911046346029 42.2158360799153 42.2405675252279 42.2652989705404 42.2756965955098 42.281316280365 42.2869359652201 42.2925556500753 42.2981753349304 42.3037950197855 42.3094147046407 42.3053811709086 42.2723879814148 42.239394791921 42.2064016024272 42.1734084129334 42.1404152234395 42.1074220339457 42.0744288444519 42.0395520210266 42.0040473196242 41.9685426182217 41.9330379168193 41.8975332154168 41.8620285140144 41.8265238126119 41.7699550204807 41.6501939561632 41.5304328918457 41.4106718275282 41.2909107632107
41.6306387265523 41.6916569709778 41.7526752154032 41.8136934598287 41.8634390830994 41.9094271659851 41.9554152488708 42.0014033317566 42.0473914146423 42.093379497528 42.1393675804138 42.1802787780762 42.2059593200683 42.2316398620605 42.2573204040527 42.2830009460449 42.3086814880371 42.3343620300293 42.3600425720215 42.3690316200256 42.3724568367004 42.3758820533752 42.37930727005 42.3827324867248 42.3861577033996 42.3895829200744 42.3831049283345 42.3469173113505 42.3107296943664 42.2745420773824 42.2383544603984 42.2021668434143 42.1659792264303 42.1297916094462 42.0953444480896 42.0614774386088 42.027610429128 41.9937434196472 41.9598764101664 41.9260094006856 41.8921423912048 41.8364446004232 41.715254465739 41.5940643310547 41.4728741963705 41.3516840616862
41.6559041235182 41.7197166760762 41.7835292286343 41.8473417811923 41.9031375567118 41.9562610732184 42.009384589725 42.0625081062317 42.1156316227383 42.1687551392449 42.2218786557515 42.2683787027995 42.2950083414713 42.3216379801432 42.3482676188151 42.374897257487 42.4015268961588 42.4281565348307 42.4547861735026 42.4623666445414 42.4635973930359 42.4648281415303 42.4660588900248 42.4672896385193 42.4685203870137 42.4697511355082 42.4608286857605 42.4214466412862 42.3820645968119 42.3426825523376 42.3033005078634 42.2639184633891 42.2245364189148 42.1851543744405 42.1511368751526 42.1189075575934 42.0866782400343 42.0544489224752 42.022219604916 41.9899902873569 41.9577609697978 41.9029341803657 41.7803149753147 41.6576957702637 41.5350765652127 41.4124573601617
41.6811695204841 41.7477763811747 41.8143832418654 41.880990102556 41.9428360303243 42.0030949804518 42.0633539305793 42.1236128807068 42.1838718308343 42.2441307809618 42.3043897310893 42.3564786275228 42.3840573628743 42.4116360982259 42.4392148335775 42.466793568929 42.4943723042806 42.5219510396321 42.5495297749837 42.5557016690572 42.5547379493713 42.5537742296855 42.5528105099996 42.5518467903137 42.5508830706278 42.549919350942 42.5385524431864 42.4959759712219 42.4533994992574 42.4108230272929 42.3682465553284 42.3256700833638 42.2830936113993 42.2405171394348 42.2069293022156 42.1763376765781 42.1457460509406 42.1151544253031 42.0845627996657 42.0539711740282 42.0233795483907 41.9694237603082 41.8453754848904 41.7213272094727 41.5972789340549 41.4732306586372
41.7064349174499 41.7758360862732 41.8452372550964 41.9146384239196 41.9825345039367 42.0499288876851 42.1173232714335 42.1847176551819 42.2521120389302 42.3195064226786 42.386900806427 42.4445785522461 42.4731063842773 42.5016342163086 42.5301620483398 42.5586898803711 42.5872177124023 42.6157455444336 42.6442733764648 42.649036693573 42.6458785057068 42.6427203178406 42.6395621299744 42.6364039421081 42.6332457542419 42.6300875663757 42.6162762006124 42.5705053011576 42.5247344017029 42.4789635022481 42.4331926027934 42.3874217033386 42.3416508038839 42.2958799044291 42.2627217292786 42.2337677955627 42.2048138618469 42.1758599281311 42.1469059944153 42.1179520606995 42.0889981269836 42.0359133402507 41.9104359944662 41.7849586486816 41.6594813028972 41.5340039571127
41.7317003144158 41.8038957913716 41.8760912683275 41.9482867452833 42.0222329775492 42.0967627949185 42.1712926122877 42.245822429657 42.3203522470262 42.3948820643955 42.4694118817647 42.5326784769694 42.5621554056803 42.5916323343913 42.6211092631022 42.6505861918131 42.6800631205241 42.709540049235 42.7390169779459 42.7423717180888 42.7370190620422 42.7316664059957 42.7263137499491 42.7209610939026 42.715608437856 42.7102557818095 42.6939999580383 42.6450346310933 42.5960693041484 42.5471039772034 42.4981386502584 42.4491733233134 42.4002079963684 42.3512426694234 42.3185141563415 42.2911979145474 42.2638816727532 42.2365654309591 42.2092491891649 42.1819329473707 42.1546167055766 42.1024029201932 41.9754965040419 41.8485900878906 41.7216836717394 41.5947772555881
41.8070640881856 41.8776796023051 41.9482951164245 42.018910630544 42.0949177106221 42.1727219793531 42.2505262480841 42.3283305168152 42.4061347855462 42.4839390542772 42.5617433230082 42.6293901549445 42.6665646764967 42.7037391980489 42.7409137196011 42.7780882411533 42.8152627627054 42.8524372842576 42.8896118058098 42.8910747210184 42.8806337674458 42.8701928138733 42.8597518603007 42.8493109067281 42.8388699531555 42.8284289995829 42.8065655814277 42.7504347695245 42.6943039576212 42.638173145718 42.5820423338148 42.5259115219116 42.4697807100084 42.4136498981052 42.3770039558411 42.3468529701233 42.3167019844055 42.2865509986877 42.25640001297 42.2262490272522 42.1960980415344 42.1423610157437 42.017865869734 41.8933707237244 41.7688755777147 41.6443804317051
41.9325262387593 41.9971875190734 42.0618487993876 42.1265100797017 42.2005887031555 42.2778064409891 42.3550241788228 42.4322419166565 42.5094596544901 42.5866773923238 42.6638951301574 42.7347135861714 42.7863341967264 42.8379548072815 42.8895754178365 42.9411960283915 42.9928166389465 43.0444372495015 43.0960578600565 43.095145702362 43.0767226219177 43.0582995414734 43.039876461029 43.0214533805847 43.0030303001404 42.984607219696 42.9539730707804 42.886705716451 42.8194383621216 42.7521710077922 42.6849036534627 42.6176362991333 42.5503689448039 42.4831015904745 42.4381911277771 42.4007329622904 42.3632747968038 42.3258166313171 42.2883584658305 42.2509003003438 42.2134421348572 42.1557876269023 42.0375440915426 41.9193005561829 41.8010570208232 41.6828134854635
42.0579883893331 42.1166954358418 42.1754024823506 42.2341095288594 42.3062596956889 42.3828909026252 42.4595221095615 42.5361533164978 42.6127845234341 42.6894157303704 42.7660469373067 42.8400370173984 42.9061037169562 42.972170416514 43.0382371160719 43.1043038156297 43.1703705151875 43.2364372147454 43.3025039143032 43.2992166837056 43.2728114763895 43.2464062690735 43.2200010617574 43.1935958544413 43.1671906471252 43.1407854398092 43.1013805601332 43.0229766633775 42.9445727666219 42.8661688698663 42.7877649731106 42.709361076355 42.6309571795993 42.5525532828437 42.4993782997131 42.4546129544576 42.4098476092021 42.3650822639465 42.320316918691 42.2755515734355 42.2307862281799 42.1692142380609 42.0572223133511 41.9452303886414 41.8332384639316 41.7212465392219
42.1834505399068 42.2362033526102 42.2889561653137 42.3417089780171 42.4119306882222 42.4879753642612 42.5640200403001 42.6400647163391 42.716109392378 42.792154068417 42.8681987444559 42.9453604486253 43.025873237186 43.1063860257466 43.1868988143073 43.2674116028679 43.3479243914286 43.4284371799892 43.5089499685499 43.5032876650492 43.4689003308614 43.4345129966736 43.4001256624857 43.3657383282979 43.3313509941101 43.2969636599223 43.2487880494859 43.1592476103041 43.0697071711222 42.9801667319404 42.8906262927585 42.8010858535767 42.7115454143948 42.622004975213 42.5605654716492 42.5084929466248 42.4564204216003 42.4043478965759 42.3522753715515 42.3002028465271 42.2481303215027 42.1826408492195 42.0769005351597 41.9711602210999 41.8654199070401 41.7596795929803
42.3089126904805 42.3557112693786 42.4025098482767 42.4493084271748 42.5176016807556 42.5930598258972 42.6685179710388 42.7439761161804 42.819434261322 42.8948924064636 42.9703505516052 43.0506838798523 43.1456427574157 43.2406016349792 43.3355605125427 43.4305193901061 43.5254782676696 43.6204371452331 43.7153960227966 43.7073586463928 43.6649891853332 43.6226197242737 43.5802502632141 43.5378808021545 43.495511341095 43.4531418800354 43.3961955388387 43.2955185572306 43.1948415756226 43.0941645940145 42.9934876124064 42.8928106307983 42.7921336491903 42.6914566675822 42.6217526435852 42.5623729387919 42.5029932339986 42.4436135292053 42.384233824412 42.3248541196187 42.2654744148254 42.196067460378 42.0965787569682 41.9970900535584 41.8976013501485 41.7981126467387
42.4343748410543 42.475219186147 42.5160635312398 42.5569078763326 42.623272673289 42.6981442875332 42.7730159017774 42.8478875160217 42.922759130266 42.9976307445102 43.0725023587544 43.1560073110792 43.2654122776455 43.3748172442118 43.4842222107781 43.5936271773444 43.7030321439107 43.812437110477 43.9218420770433 43.9114296277364 43.8610780398051 43.8107264518738 43.7603748639425 43.7100232760111 43.6596716880798 43.6093201001485 43.5436030281915 43.4317895041572 43.3199759801229 43.2081624560886 43.0963489320543 42.98453540802 42.8727218839857 42.7609083599515 42.6829398155212 42.6162529309591 42.5495660463969 42.4828791618347 42.4161922772726 42.3495053927104 42.2828185081482 42.2094940715366 42.1162569787767 42.0230198860169 41.929782793257 41.8365457004971
42.5965133455064 42.6360919316609 42.6756705178154 42.7152491039699 42.7800756772359 42.8533182462056 42.9265608151753 42.9998033841451 43.0730459531148 43.1462885220845 43.2195310910542 43.3050081994798 43.4271889262728 43.5493696530659 43.671550379859 43.7937311066521 43.9159118334452 44.0380925602382 44.1602732870313 44.1447867075602 44.0834110260009 44.0220353444417 43.9606596628825 43.8992839813232 43.837908299764 43.7765326182047 43.6989048428006 43.5725207858616 43.4461367289225 43.3197526719835 43.1933686150445 43.0669845581055 42.9406005011665 42.8142164442275 42.7275255521139 42.6540657149421 42.5806058777703 42.5071460405986 42.4336862034268 42.360226366255 42.2867665290833 42.2096309767829 42.1214682790969 42.0333055814107 41.9451428837247 41.8569801860386
42.795328203837 42.8383295059204 42.8813308080037 42.924332110087 42.9880106925964 43.0585817019144 43.1291527112325 43.1997237205505 43.2702947298685 43.3408657391866 43.4114367485046 43.4976865450541 43.6309727032979 43.7642588615417 43.8975450197855 44.0308311780293 44.1641173362731 44.2974034945169 44.4306896527607 44.4074298858642 44.3319881439209 44.2565464019775 44.1811046600342 44.1056629180908 44.0302211761474 43.9547794342041 43.862100982666 43.7177124023438 43.5733238220215 43.4289352416992 43.284546661377 43.1401580810547 42.9957695007325 42.8513809204102 42.755509853363 42.675811290741 42.5961127281189 42.5164141654968 42.4367156028748 42.3570170402527 42.2773184776306 42.196478176117 42.1122126579285 42.02794713974 41.9436816215515 41.8594161033631
42.9941430621677 43.0405670801798 43.086991098192 43.1334151162041 43.1959457079569 43.2638451576232 43.3317446072896 43.3996440569559 43.4675435066223 43.5354429562886 43.603342405955 43.6903648906283 43.8347564803229 43.9791480700174 44.123539659712 44.2679312494065 44.4123228391011 44.5567144287956 44.7011060184902 44.6700730641683 44.5805652618408 44.4910574595133 44.4015496571859 44.3120418548584 44.2225340525309 44.1330262502034 44.0252971225315 43.862904018826 43.7005109151205 43.538117811415 43.3757247077095 43.2133316040039 43.0509385002984 42.8885453965929 42.7834941546122 42.6975568665399 42.6116195784675 42.5256822903951 42.4397450023228 42.3538077142504 42.267870426178 42.183325375451 42.1029570367601 42.0225886980693 41.9422203593784 41.8618520206876
43.1929579204983 43.2428046544392 43.2926513883802 43.3424981223212 43.4038807233174 43.4691086133321 43.5343365033467 43.5995643933614 43.664792283376 43.7300201733906 43.7952480634053 43.8830432362026 44.0385402573479 44.1940372784932 44.3495342996385 44.5050313207837 44.660528341929 44.8160253630743 44.9715223842196 44.9327162424723 44.8291423797607 44.7255685170491 44.6219946543375 44.518420791626 44.4148469289144 44.3112730662028 44.1884932623969 44.0080956353082 43.8276980082194 43.6473003811307 43.4669027540419 43.2865051269531 43.1061074998644 42.9257098727757 42.8114784558614 42.7193024423388 42.6271264288161 42.5349504152934 42.4427744017707 42.350598388248 42.2584223747254 42.170172574785 42.0937014155918 42.0172302563985 41.9407590972053 41.864287938012
