data/working_set_collections/6091692-Cassins_Sparrow-MC/2010/bio3.asc
NCOLS 265 
NROWS 230 
XLLCORNER -115.5625 
YLLCORNER 24.8333333333333 
CELLSIZE 0.0833333333333333 
NODATA_value -9999 
[rows 120 to 139 of 230, columns 92 to 137 of 265]
42.1217063691881 41.9909867816501 41.8602671941122 41.7295476065742 41.5988280190362 41.5407077153524 41.5067871729533 41.4728666305542 41.4389460881551 41.405025545756 41.3711050033569 41.3371844609579 41.2799011336433 41.1525294515822 41.0251577695211 40.89778608746 40.7704144053989 40.6430427233378 40.5156710412768 40.3882993592157 40.4001371065776 40.4583779970805 40.5166188875834 40.5748597780863 40.6331006685893 40.6913415590922 40.7495824495951 40.8145522223578 40.8997086418999 40.984865061442 41.0700214809841 41.1551779005262 41.2403343200683 41.3254907396104 41.4106471591525 41.4760300954183 41.5348218705919 41.5936136457655 41.6524054209391 41.7111971961127 41.7699889712863 41.82878074646 41.8681772232056 41.8493878046672 41.8305983861288 41.8118089675903
42.2067008336385 42.072739092509 41.9387773513794 41.8048156102499 41.6708538691203 41.5997507095337 41.5496004104614 41.4994501113892 41.4492998123169 41.3991495132446 41.3489992141724 41.2988489151001 41.2294288953146 41.1021997133891 40.9749705314637 40.8477413495382 40.7205121676127 40.5932829856873 40.4660538037618 40.3388246218364 40.3576935768127 40.4252619107564 40.4928302447001 40.5603985786438 40.6279669125875 40.6955352465312 40.7631035804748 40.8359931945801 40.9248466491699 41.0137001037597 41.1025535583496 41.1914070129394 41.2802604675293 41.3691139221191 41.457967376709 41.5177547454834 41.567853418986 41.6179520924886 41.6680507659912 41.7181494394938 41.7682481129964 41.818346786499 41.8503263473511 41.8279485702515 41.8055707931519 41.7831930160523
42.2916952980889 42.1544914033678 42.0172875086467 41.8800836139255 41.7428797192044 41.658793703715 41.5924136479696 41.5260335922241 41.4596535364787 41.3932734807332 41.3268934249878 41.2605133692424 41.1789566569858 41.051869975196 40.9247832934062 40.7976966116164 40.6706099298265 40.5435232480367 40.4164365662469 40.2893498844571 40.3152500470479 40.3921458244324 40.4690416018168 40.5459373792012 40.6228331565857 40.6997289339701 40.7766247113546 40.8574341668023 40.9499846564399 41.0425351460775 41.135085635715 41.2276361253526 41.3201866149902 41.4127371046278 41.5052875942654 41.5594793955485 41.6008849673801 41.6422905392117 41.6836961110433 41.7251016828749 41.7665072547065 41.8079128265381 41.8324754714966 41.8065093358358 41.780543200175 41.7545770645142
42.3766897625394 42.2362437142266 42.0957976659139 41.9553516176012 41.8149055692885 41.7178366978963 41.6352268854777 41.5526170730591 41.4700072606405 41.3873974482219 41.3047876358032 41.2221778233846 41.1284844186571 41.0015402370029 40.8745960553487 40.7476518736946 40.6207076920404 40.4937635103862 40.366819328732 40.2398751470778 40.2728065172831 40.3590297381083 40.4452529589335 40.5314761797587 40.6176994005839 40.7039226214091 40.7901458422343 40.8788751390245 40.9751226637098 41.0713701883952 41.1676177130805 41.2638652377658 41.3601127624512 41.4563602871365 41.5526078118218 41.6012040456136 41.6339165157742 41.6666289859348 41.6993414560954 41.732053926256 41.7647663964165 41.7974788665771 41.8146245956421 41.7850701014201 41.7555156071981 41.7259611129761
42.4616842269898 42.3179960250854 42.1743078231812 42.0306196212769 41.8869314193726 41.7768796920776 41.6780401229859 41.579200553894 41.4803609848023 41.3815214157105 41.2826818466187 41.1838422775269 41.0780121803284 40.9512104988098 40.8244088172913 40.6976071357727 40.5708054542542 40.4440037727356 40.3172020912171 40.1904004096985 40.2303629875183 40.3259136517842 40.4214643160502 40.5170149803161 40.6125656445821 40.7081163088481 40.803666973114 40.9003161112467 41.0002606709798 41.1002052307129 41.2001497904459 41.300094350179 41.4000389099121 41.4999834696452 41.5999280293782 41.6429286956787 41.6669480641683 41.6909674326579 41.7149868011475 41.739006169637 41.7630255381266 41.7870449066162 41.7967737197876 41.7636308670044 41.7304880142212 41.697345161438
42.5466786914402 42.3997483359443 42.2528179804484 42.1058876249526 41.9589572694567 41.835922686259 41.720853360494 41.605784034729 41.490714708964 41.3756453831991 41.2605760574341 41.1455067316691 41.0275399419997 40.9008807606167 40.7742215792338 40.6475623978509 40.520903216468 40.3942440350851 40.2675848537022 40.1409256723192 40.1879194577535 40.2927975654602 40.3976756731669 40.5025537808736 40.6074318885803 40.712309996287 40.8171881039937 40.9217570834689 41.0253986782498 41.1290402730306 41.2326818678114 41.3363234625922 41.439965057373 41.5436066521538 41.6472482469346 41.6846533457438 41.6999796125624 41.715305879381 41.7306321461995 41.7459584130181 41.7612846798367 41.7766109466553 41.7789228439331 41.7421916325887 41.7054604212443 41.6687292098999
42.607272582584 42.462767484453 42.318262386322 42.1737572881911 42.0292521900601 41.8957336425781 41.7658772786459 41.6360209147135 41.5061645507813 41.376308186849 41.2464518229167 41.1165954589844 40.9875290446811 40.860832479265 40.7341359138489 40.6074393484328 40.4807427830166 40.3540462176005 40.2273496521844 40.1006530867683 40.1500215212504 40.258078289032 40.3661350568135 40.4741918245951 40.5822485923767 40.6903053601583 40.7983621279398 40.9063474125332 41.014118247562 41.1218890825907 41.2296599176195 41.3374307526482 41.445201587677 41.5529724227057 41.6607432577345 41.6965628306071 41.7083986494276 41.7202344682482 41.7320702870687 41.7439061058892 41.7557419247097 41.7675777435303 41.767124970754 41.7298064231873 41.6924878756205 41.6551693280538
42.6434659004212 42.5070534706116 42.370641040802 42.2342286109924 42.0978161811829 41.9563125610352 41.8131118774414 41.6699111938477 41.5267105102539 41.3835098266602 41.2403091430664 41.0971084594727 40.9579794883728 40.8310656547547 40.7041518211365 40.5772379875183 40.4503241539002 40.323410320282 40.1964964866638 40.0695826530457 40.116669178009 40.2217558224996 40.3268424669901 40.4319291114807 40.5370157559713 40.6421024004618 40.7471890449524 40.8540870984395 40.9664193789164 41.0787516593933 41.1910839398702 41.3034162203471 41.415748500824 41.5280807813008 41.6404130617777 41.6786571502686 41.692205174764 41.7057531992594 41.7193012237549 41.7328492482503 41.7463972727458 41.7599452972412 41.7613801002502 41.7264752388001 41.6915703773499 41.6566655158997
42.6796592182584 42.5513394567702 42.423019695282 42.2946999337938 42.1663801723056 42.0168914794922 41.860346476237 41.7038014729818 41.5472564697266 41.3907114664714 41.2341664632162 41.077621459961 40.9284299320645 40.8012988302443 40.6741677284241 40.5470366266039 40.4199055247837 40.2927744229635 40.1656433211433 40.0385122193231 40.0833168347677 40.1854333559672 40.2875498771667 40.3896663983663 40.4917829195658 40.5938994407654 40.6960159619649 40.8018267843458 40.9187205102708 41.0356142361959 41.1525079621209 41.2694016880459 41.3862954139709 41.5031891398959 41.620082865821 41.66075146993 41.6760117001004 41.6912719302707 41.7065321604411 41.7217923906114 41.7370526207818 41.7523128509521 41.7556352297465 41.7231440544128 41.6906528790792 41.6581617037455
42.7158525360955 42.5956254429287 42.475398349762 42.3551712565952 42.2349441634284 42.0774703979492 41.9075810750326 41.7376917521159 41.5678024291992 41.3979131062826 41.2280237833659 41.0581344604493 40.8988803757562 40.7715320057339 40.6441836357117 40.5168352656895 40.3894868956672 40.262138525645 40.1347901556227 40.0074417856005 40.0499644915263 40.1491108894348 40.2482572873433 40.3474036852519 40.4465500831604 40.5456964810689 40.6448428789774 40.7495664702521 40.8710216416253 40.9924768129984 41.1139319843716 41.2353871557447 41.3568423271179 41.478297498491 41.5997526698642 41.6428457895915 41.6598182254367 41.676790661282 41.6937630971273 41.7107355329725 41.7277079688178 41.7446804046631 41.7498903592428 41.7198128700256 41.6897353808085 41.6596578915914
42.7520458539327 42.6399114290873 42.527777004242 42.4156425793966 42.3035081545512 42.1380493164063 41.9548156738282 41.77158203125 41.5883483886719 41.4051147460938 41.2218811035156 41.0386474609375 40.8693308194479 40.7417651812236 40.6141995429993 40.486633904775 40.3590682665507 40.2315026283264 40.1039369901022 39.9763713518779 40.0166121482849 40.1127884229024 40.2089646975199 40.3051409721374 40.401317246755 40.4974935213725 40.59366979599 40.6973061561584 40.8233227729797 40.949339389801 41.0753560066223 41.2013726234436 41.3273892402649 41.4534058570862 41.5794224739074 41.6249401092529 41.6436247507731 41.6623093922933 41.6809940338135 41.6996786753337 41.7183633168538 41.737047958374 41.744145488739 41.7164816856384 41.6888178825379 41.6611540794373
42.7882391717699 42.6841974152459 42.5801556587219 42.476113902198 42.372072145674 42.1986282348633 42.0020502726237 41.8054723103841 41.6088943481446 41.412316385905 41.2157384236654 41.0191604614258 40.8397812631395 40.7119983567132 40.5842154502869 40.4564325438606 40.3286496374342 40.2008667310079 40.0730838245816 39.9453009181553 39.9832598050435 40.07646595637 40.1696721076965 40.262878259023 40.3560844103495 40.449290561676 40.5424967130025 40.6450458420647 40.7756239043341 40.9062019666036 41.036780028873 41.1673580911424 41.2979361534118 41.4285142156813 41.5590922779507 41.6070344289144 41.6274312761095 41.6478281233046 41.6682249704997 41.6886218176948 41.7090186648899 41.729415512085 41.7384006182353 41.7131505012512 41.6879003842672 41.6626502672831
42.6535439597236 42.5622388415867 42.4709337234498 42.3796286053128 42.2883234871759 42.1240224838257 41.9353895187379 41.7467565536499 41.5581235885621 41.3694906234742 41.1808576583863 40.9922246932984 40.8191804356046 40.6929023000929 40.5666241645813 40.4403460290697 40.3140678935581 40.1877897580465 40.0615116225349 39.9352334870233 39.9710129419962 40.0608115937975 40.1506102455987 40.2404088973999 40.3302075492011 40.4200062010023 40.5098048528035 40.6097356796264 40.7400630315144 40.8703903834025 41.0007177352905 41.1310450871785 41.2613724390665 41.3916997909546 41.5220271428426 41.5725417455037 41.5964520984226 41.6203624513414 41.6442728042603 41.6681831571791 41.6920935100979 41.7160038630168 41.7285090870327 41.7067989243401 41.6850887616475 41.663378598955
42.3479602177939 42.2740357081096 42.2001111984254 42.1261866887411 42.0522621790569 41.9142320632935 41.7548334121705 41.5954347610474 41.4360361099244 41.2766374588013 41.1172388076782 40.9578401565552 40.8075283368429 40.6844770113627 40.5614256858826 40.4383743604024 40.3153230349223 40.1922717094422 40.069220383962 39.9461690584819 39.979871559143 40.0658253351847 40.1517791112264 40.237732887268 40.3236866633097 40.4096404393514 40.4955942153931 40.5913756688436 40.7166401545206 40.8419046401977 40.9671691258748 41.0924336115519 41.217698097229 41.3429625829061 41.4682270685831 41.521462059021 41.5506872177124 41.5799123764038 41.6091375350952 41.6383626937866 41.667587852478 41.6968130111694 41.7144708951314 41.6974269549052 41.680383014679 41.6633390744527
42.042376475864 41.9858325746325 41.9292886734009 41.8727447721694 41.8162008709378 41.7044416427613 41.5742773056031 41.4441129684449 41.3139486312867 41.1837842941285 41.0536199569702 40.923455619812 40.7958762380812 40.6760517226325 40.5562272071839 40.4364026917352 40.3165781762865 40.1967536608378 40.0769291453892 39.9571046299405 39.9887301762899 40.070839076572 40.1529479768541 40.2350568771362 40.3171657774183 40.3992746777005 40.4813835779826 40.5730156580607 40.6932172775268 40.813418896993 40.9336205164591 41.0538221359253 41.1740237553914 41.2942253748576 41.4144269943237 41.4703823725382 41.5049223370022 41.5394623014662 41.5740022659302 41.6085422303941 41.6430821948581 41.6776221593221 41.7004327032301 41.6880549854702 41.6756772677104 41.6632995499505
41.7367927339342 41.6976294411554 41.6584661483765 41.6193028555976 41.5801395628188 41.494651222229 41.3937211990357 41.2927911758423 41.191861152649 41.0909311294556 40.9900011062622 40.8890710830689 40.7842241393195 40.6676264339023 40.5510287284851 40.4344310230679 40.3178333176507 40.2012356122335 40.0846379068163 39.9680402013991 39.9975887934367 40.0758528179592 40.1541168424818 40.2323808670044 40.310644891527 40.3889089160495 40.4671729405721 40.5546556472778 40.669794400533 40.7849331537882 40.9000719070434 41.0152106602986 41.1303494135539 41.2454881668091 41.3606269200643 41.4193026860555 41.459157456292 41.4990122265286 41.5388669967651 41.5787217670017 41.6185765372382 41.6584313074748 41.6863945113288 41.6786830160353 41.6709715207418 41.6632600254483
41.4312089920044 41.4094263076783 41.3876436233521 41.3658609390259 41.3440782546997 41.2848608016968 41.2131650924683 41.1414693832398 41.0697736740113 40.9980779647827 40.9263822555542 40.8546865463257 40.7725720405579 40.6592011451721 40.5458302497864 40.4324593544007 40.3190884590149 40.2057175636292 40.0923466682434 39.9789757728577 40.0064474105835 40.0808665593465 40.1552857081095 40.2297048568726 40.3041240056356 40.3785431543986 40.4529623031616 40.5362956364949 40.6463715235392 40.7564474105835 40.8665232976278 40.976599184672 41.0866750717163 41.1967509587606 41.3068268458048 41.3682229995728 41.4133925755819 41.458562151591 41.5037317276001 41.5489013036092 41.5940708796183 41.6392404556274 41.6723563194275 41.6693110466003 41.6662657737732 41.663220500946
41.1256252500746 41.1212231742012 41.1168210983277 41.1124190224542 41.1080169465807 41.0750703811646 41.0326089859009 40.9901475906372 40.9476861953736 40.9052248001099 40.8627634048462 40.8203020095825 40.7609199417962 40.6507758564419 40.5406317710877 40.4304876857334 40.3203436003791 40.2101995150248 40.1000554296706 39.9899113443163 40.0153060277303 40.0858803007338 40.1564545737372 40.2270288467407 40.2976031197442 40.3681773927477 40.4387516657511 40.5179356257121 40.6229486465454 40.7279616673787 40.8329746882121 40.9379877090454 41.0430007298787 41.1480137507121 41.2530267715454 41.31714331309 41.3676276948717 41.4181120766534 41.468596458435 41.5190808402167 41.5695652219984 41.6200496037801 41.6583181275262 41.6599390771654 41.6615600268046 41.6631809764438
40.9834541638692 40.9837772687276 40.984100373586 40.9844234784444 40.9847465833028 40.9630122502645 40.9339254379273 40.90483862559 40.8757518132528 40.8466650009155 40.8175781885783 40.7884913762411 40.7413416014778 40.6400029394362 40.5386642773946 40.4373256153531 40.3359869533115 40.23464829127 40.1333096292284 40.0319709671868 40.0564438819885 40.1228539890713 40.1892640961541 40.2556742032369 40.3220843103197 40.3884944174025 40.4549045244853 40.52923523585 40.6273277600606 40.7254202842712 40.8235128084818 40.9216053326924 41.0196978569031 41.1177903811137 41.2158829053243 41.2789041201274 41.3302348984612 41.3815656767951 41.432896455129 41.4842272334629 41.5355580117967 41.5868887901306 41.6274769041273 41.6358370251126 41.6441971460978 41.6525572670831
41.0046957333883 40.9970885912577 40.9894814491272 40.9818743069967 40.9742671648661 40.9486864089966 40.9171144485474 40.8855424880982 40.8539705276489 40.8223985671997 40.7908266067505 40.7592546463013 40.7138370196025 40.6268823941549 40.5399277687073 40.4529731432597 40.3660185178121 40.2790638923645 40.1921092669169 40.1051546414693 40.1298609733581 40.1917876243591 40.2537142753601 40.3156409263611 40.377567577362 40.439494228363 40.501420879364 40.5701944669087 40.6595088640849 40.748823261261 40.8381376584371 40.9274520556132 41.0167664527893 41.1060808499654 41.1953952471415 41.2535054206848 41.3012141863505 41.3489229520162 41.3966317176819 41.4443404833476 41.4920492490133 41.539758014679 41.579832649231 41.5970048904419 41.6141771316528 41.6313493728638
