data/working_set_collections/6091692-Cassins_Sparrow-MC/2010/bio4.asc
NCOLS 265 
NROWS 230 
XLLCORNER -115.5625 
YLLCORNER 24.8333333333333 
CELLSIZE 0.0833333333333333 
NODATA_value -9999 
[rows 60 to 79 of 230, columns 46 to 91 of 265]
934.939912414552 935.502291022407 936.064669630263 936.627048238119 937.189426845975 937.751805453831 941.203939310709 945.619324917263 950.034710523817 954.450096130371 958.865481736924 963.280867343478 967.696252950032 971.767789543999 974.807779100206 977.847768656412 980.887758212619 983.927747768825 986.967737325032 990.007726881238 993.047716437445 992.817279561361 991.496700541179 990.176121520996 988.855542500814 987.534963480632 986.21438446045 984.893805440267 983.689082505968 982.831927829319 981.97477315267 981.11761847602 980.260463799371 979.403309122722 978.546154446073 977.688999769423 974.221581522625 969.884075419109 965.546569315593 961.209063212078 956.871557108562 952.534051005046 948.196544901531 944.639100477431 943.42184109158 942.204581705729
926.600291442872 927.722502136231 928.844712829591 929.96692352295 931.089134216309 932.211344909669 936.38243560791 941.569819641113 946.757203674316 951.944587707519 957.131971740722 962.319355773925 967.506739807128 972.17135365804 975.267656962076 978.363960266113 981.460263570149 984.556566874186 987.652870178222 990.749173482258 993.845476786295 993.373640441895 991.712424214681 990.051207987468 988.389991760254 986.728775533041 985.067559305827 983.406343078614 981.873623657227 980.726394653321 979.579165649415 978.431936645509 977.284707641602 976.137478637696 974.99024963379 973.843020629884 970.679478454591 966.843831888836 963.00818532308 959.172538757325 955.33689219157 951.501245625814 947.665599060059 944.383479817709 942.761942545573 941.140405273438
918.260670471192 919.942713250055 921.624756028918 923.30679880778 924.988841586643 926.670884365506 931.56093190511 937.520314364962 943.479696824815 949.439079284667 955.398461744519 961.357844204372 967.317226664224 972.57491777208 975.727534823947 978.880151875813 982.032768927679 985.185385979546 988.338003031412 991.490620083278 994.643237135145 993.930001322429 991.928147888184 989.926294453939 987.924441019694 985.92258758545 983.920734151205 981.91888071696 980.058164808486 978.620861477323 977.18355814616 975.746254814996 974.308951483833 972.87164815267 971.434344821507 969.997041490344 967.137375386557 963.803588358562 960.469801330567 957.136014302572 953.802227274578 950.468440246583 947.134653218588 944.127859157987 942.102043999566 940.076228841146
909.921049499512 912.162924363878 914.404799228245 916.646674092611 918.888548956977 921.130423821344 926.739428202311 933.470809088812 940.202189975314 946.933570861815 953.664951748317 960.396332634819 967.12771352132 972.978481886121 976.187412685818 979.396343485514 982.60527428521 985.814205084906 989.023135884602 992.232066684298 995.440997483995 994.486362202963 992.143871561687 989.80138092041 987.458890279135 985.116399637859 982.773908996582 980.431418355307 978.242705959745 976.515328301324 974.787950642904 973.060572984484 971.333195326064 969.605817667644 967.878440009224 966.151062350804 963.595272318523 960.763344828289 957.931417338054 955.09948984782 952.267562357585 949.435634867351 946.603707377116 943.872238498264 941.44214545356 939.012052408855
901.581428527833 904.383135477702 907.184842427572 909.986549377442 912.788256327312 915.589963277181 921.917924499511 929.421303812662 936.924683125813 944.428062438964 951.931441752114 959.434821065266 966.938200378417 973.382046000162 976.647290547688 979.912535095214 983.17777964274 986.443024190267 989.708268737792 992.973513285318 996.238757832844 995.042723083496 992.359595235189 989.676467386882 986.993339538575 984.310211690268 981.62708384196 978.943955993653 976.427247111003 974.409795125326 972.392343139649 970.374891153972 968.357439168295 966.339987182618 964.322535196941 962.305083211264 960.053169250489 957.723101298015 955.393033345541 953.062965393067 950.732897440593 948.402829488119 946.072761535645 943.616617838542 940.782246907552 937.947875976563
893.241807556153 896.603346591526 899.9648856269 903.326424662273 906.687963697646 910.049502733019 917.096420796711 925.371798536511 933.647176276312 941.922554016112 950.197931755912 958.473309495713 966.748687235513 973.785610114203 977.107168409559 980.428726704915 983.75028500027 987.071843295627 990.393401590982 993.714959886338 997.036518181694 995.59908396403 992.575318908692 989.551553853353 986.527788798015 983.504023742677 980.480258687338 977.456493632 974.611788262262 972.304261949328 969.996735636394 967.68920932346 965.381683010526 963.074156697592 960.766630384658 958.459104071724 956.511066182455 954.682857767742 952.854649353028 951.026440938315 949.198232523601 947.370024108887 945.541815694173 943.36099717882 940.122348361546 936.883699544272
888.063221740722 891.863516743977 895.663811747233 899.464106750488 903.264401753743 907.064696756998 914.554059346515 923.273111131454 931.992162916394 940.711214701333 949.430266486272 958.149318271212 966.868370056151 974.170810445149 977.223416646321 980.276022847493 983.328629048665 986.381235249837 989.433841451009 992.486447652181 995.539053853353 993.955819702149 990.827305433486 987.698791164823 984.57027689616 981.441762627497 978.313248358833 975.18473409017 972.238008117677 969.836647033692 967.435285949708 965.033924865723 962.632563781739 960.231202697754 957.82984161377 955.428480529786 953.660809326172 952.104368082683 950.547926839193 948.991485595704 947.435044352214 945.878603108724 944.322161865235 942.420694478354 939.484148661296 936.547602844239
886.045671081543 890.163645935058 894.281620788574 898.399595642089 902.517570495605 906.63554534912 914.290840148924 923.125241597491 931.95964304606 940.794044494627 949.628445943194 958.462847391763 967.29724884033 974.537646993 976.996035257975 979.454423522949 981.912811787923 984.371200052897 986.829588317871 989.287976582845 991.74636484782 990.112930297853 987.115554809572 984.11817932129 981.120803833009 978.123428344728 975.126052856446 972.128677368165 969.305906677247 967.006950378419 964.707994079591 962.409037780763 960.110081481934 957.811125183106 955.512168884278 953.21321258545 951.502398681641 949.987632242839 948.472865804037 946.958099365235 945.443332926433 943.928566487631 942.413800048829 940.795709737143 938.867647806804 936.939585876465
884.028120422363 888.463775126138 892.899429829915 897.335084533691 901.770739237467 906.206393941243 914.027620951333 922.977372063529 931.927123175726 940.876874287922 949.826625400117 958.776376512314 967.72612762451 974.904483540852 976.768653869629 978.632824198405 980.496994527181 982.361164855957 984.225335184733 986.089505513509 987.953675842286 986.270040893556 983.403804185656 980.537567477757 977.671330769858 974.805094061958 971.938857354059 969.07262064616 966.373805236817 964.177253723145 961.980702209474 959.784150695802 957.58759918213 955.391047668458 953.194496154786 950.997944641114 949.34398803711 947.870896402995 946.397804768881 944.924713134766 943.451621500652 941.978529866537 940.505438232422 939.170724995931 938.251146952311 937.331568908692
882.010569763183 886.763904317219 891.517238871256 896.270573425292 901.023907979328 905.777242533365 913.764401753742 922.829502529566 931.894603305392 940.959704081216 950.02480485704 959.089905632866 968.15500640869 975.271320088704 976.541272481282 977.81122487386 979.081177266439 980.351129659017 981.621082051595 982.891034444173 984.160986836752 982.427151489259 979.692053561741 976.956955634224 974.221857706707 971.486759779189 968.751661851672 966.016563924154 963.441703796388 961.347557067872 959.253410339356 957.15926361084 955.065116882325 952.970970153809 950.876823425294 948.782676696778 947.185577392579 945.754160563151 944.322743733724 942.891326904297 941.45991007487 940.028493245443 938.597076416016 937.54574025472 937.634646097819 937.723551940918
879.993019104003 885.0640335083 890.135047912597 895.206062316894 900.27707672119 905.348091125488 913.501182556151 922.681632995603 931.862083435057 941.04253387451 950.222984313963 959.403434753417 968.583885192869 975.638156636556 976.313891092936 976.989625549316 977.665360005697 978.341094462077 979.016828918457 979.692563374838 980.368297831218 978.584262084962 975.980302937827 973.376343790691 970.772384643556 968.16842549642 965.564466349285 962.960507202149 960.509602355958 958.517860412598 956.526118469239 954.53437652588 952.54263458252 950.550892639161 948.559150695802 946.567408752442 945.027166748047 943.637424723308 942.247682698568 940.857940673829 939.468198649089 938.078456624349 936.68871459961 935.920755513509 937.018145243327 938.115534973144
877.975468444823 883.36416269938 888.752856953938 894.141551208495 899.530245463052 904.91893971761 913.23796335856 922.533763461641 931.829563564723 941.125363667804 950.421163770885 959.716963873968 969.012763977049 976.004993184407 976.08650970459 976.168026224772 976.249542744955 976.331059265137 976.412575785319 976.494092305502 976.575608825684 974.741372680665 972.268552313912 969.795731947158 967.322911580404 964.850091213651 962.377270846897 959.904450480144 957.577500915528 955.688163757325 953.798826599122 951.909489440919 950.020152282715 948.130815124512 946.241477966309 944.352140808106 942.868756103516 941.520688883464 940.172621663412 938.82455444336 937.476487223308 936.128420003256 934.780352783204 934.295770772298 936.401644388834 938.507518005371
878.702231852212 884.455553521049 890.208875189886 895.962196858722 901.715518527559 907.468840196396 915.673345438637 924.694911872013 933.716478305391 942.738044738767 951.759611172144 960.781177605522 969.802744038898 976.477880011665 976.113724602593 975.749569193522 975.385413784451 975.02125837538 974.657102966309 974.292947557238 973.928792148166 972.085473632813 969.749100748699 967.412727864584 965.076354980469 962.739982096355 960.40360921224 958.067236328125 955.805714755588 953.768747117785 951.731779479981 949.694811842177 947.657844204373 945.62087656657 943.583908928766 941.546941290962 940.250081380209 939.199924045139 938.14976671007 937.099609375 936.049452039931 934.999294704861 933.949137369792 933.797461446126 936.341229756673 938.88499806722
882.17330932617 888.338205973305 894.503102620441 900.667999267576 906.832895914711 912.997792561847 920.807328796384 929.165078226722 937.522827657062 945.8805770874 954.238326517739 962.596075948078 970.953825378416 977.056817118327 976.395535786947 975.734254455566 975.072973124187 974.411691792806 973.750410461426 973.089129130046 972.427847798666 970.616564941407 968.421948242188 966.227331542969 964.032714843751 961.838098144532 959.643481445313 957.448864746094 955.19424387614 952.759610493978 950.324977111817 947.890343729656 945.455710347494 943.021076965333 940.586443583172 938.15181020101 937.171142578126 936.675130208334 936.179117838542 935.68310546875 935.187093098959 934.691080729167 934.195068359375 934.425827534993 936.836901346842 939.247975158691
885.644386800128 892.220858425562 898.797330050997 905.37380167643 911.950273301864 918.526744927299 925.941312154132 933.635244581432 941.329177008733 949.023109436033 956.717041863333 964.410974290635 972.104906717935 977.635754224989 976.6773469713 975.718939717611 974.760532463922 973.802125210232 972.843717956543 971.885310702854 970.926903449165 969.14765625 967.094795735678 965.041935221355 962.989074707032 960.936214192709 958.883353678386 956.830493164063 954.582772996691 951.750473870172 948.918174743653 946.085875617134 943.253576490615 940.421277364096 937.588978237577 934.756679111058 934.092203776042 934.150336371528 934.208468967014 934.2666015625 934.324734157986 934.382866753472 934.440999348958 935.05419362386 937.332572937011 939.610952250162
889.115464274087 896.103510877819 903.091557481553 910.079604085285 917.067650689017 924.05569729275 931.07529551188 938.105410936141 945.135526360405 952.165641784666 959.195757208928 966.225872633191 973.255988057453 978.214691331652 976.959158155653 975.703624979655 974.448091803657 973.192558627659 971.93702545166 970.681492275662 969.425959099664 967.678747558594 965.767643229167 963.85653889974 961.945434570313 960.034330240886 958.123225911459 956.212121582032 953.971302117243 950.741337246365 947.511372375489 944.281407504613 941.051442633735 937.821477762859 934.591512891982 931.361548021105 931.013264973958 931.625542534722 932.237820095486 932.85009765625 933.462375217014 934.074652777778 934.686930338542 935.682559712727 937.828244527181 939.973929341634
892.586541748045 899.986163330076 907.385784912108 914.785406494138 922.185028076169 929.584649658201 936.209278869627 942.575577290851 948.941875712075 955.308174133299 961.674472554523 968.040770975748 974.407069396971 978.793628438314 977.240969340007 975.6883102417 974.135651143392 972.582992045085 971.030332946778 969.47767384847 967.925014750163 966.209838867188 964.440490722657 962.671142578125 960.901794433594 959.132446289063 957.363098144531 955.59375 953.359831237794 949.732200622559 946.104570007325 942.476939392091 938.849308776856 935.221678161622 931.594047546388 927.966416931153 927.934326171875 929.100748697917 930.267171223958 931.43359375 932.600016276042 933.766438802083 934.932861328125 936.310925801595 938.32391611735 940.336906433105
896.057619222003 903.868815782333 911.680012342663 919.491208902993 927.302405463322 935.113602023653 941.343262227374 947.04574364556 952.748225063747 958.450706481932 964.153187900118 969.855669318304 975.55815073649 979.372565544977 977.52278052436 975.672995503744 973.823210483128 971.973425462511 970.123640441895 968.273855421279 966.424070400662 964.740930175782 963.113338216147 961.485746256511 959.858154296875 958.23056233724 956.602970377604 954.975378417969 952.748360358345 948.723063998753 944.697767639161 940.672471279569 936.647174919977 932.621878560385 928.596582200794 924.571285841201 924.855387369792 926.575954861111 928.296522352431 930.01708984375 931.737657335069 933.458224826389 935.178792317708 936.939291890462 938.819587707519 940.699883524577
900.199265034992 907.978797234427 915.758329433864 923.537861633299 931.317393832734 939.096926032171 944.602836608886 949.35087331136 954.098910013834 958.846946716308 963.594983418782 968.343020121256 973.09105682373 976.25040910509 974.643708123102 973.037007141114 971.430306159126 969.823605177138 968.21690419515 966.610203213163 965.003502231174 963.574971008301 962.205829705133 960.836688401964 959.467547098796 958.098405795628 956.729264492459 955.36012318929 953.322072855632 949.277295430501 945.232518005372 941.187740580242 937.142963155111 933.098185729981 929.053408304851 925.00863087972 925.154408264159 926.69703725179 928.23966623942 929.78229522705 931.324924214681 932.867553202311 934.410182189941 935.968878173828 937.575775146484 939.182672119141
905.01147918701 912.316107686358 919.620736185708 926.925364685057 934.229993184405 941.534621683755 945.988002014159 949.490966288248 952.993930562337 956.496894836426 959.999859110514 963.502823384603 967.005787658692 969.427159118654 968.603752136232 967.78034515381 966.956938171388 966.133531188966 965.310124206544 964.486717224122 963.6633102417 962.711961364746 961.717965189616 960.723969014486 959.729972839356 958.735976664225 957.741980489095 956.747984313965 955.080968729655 951.394894917806 947.708821105957 944.022747294108 940.336673482259 936.65059967041 932.964525858561 929.278452046712 928.83138885498 929.463995869954 930.096602884928 930.729209899902 931.361816914876 931.99442392985 932.627030944824 933.399684651693 934.592478434245 935.785272216797
