data/working_set_collections/6091692-Cassins_Sparrow-MC/2010/bio4.asc
NCOLS 265 
NROWS 230 
XLLCORNER -115.5625 
YLLCORNER 24.8333333333333 
CELLSIZE 0.0833333333333333 
NODATA_value -9999 
[rows 80 to 99 of 230, columns 138 to 183 of 265]
886.977920701769 889.648305765788 892.318690829807 894.989075893826 898.052568562826 901.247097100152 904.441625637478 907.636154174805 910.830682712131 914.025211249457 917.219739786784 920.745973544651 925.267322964138 929.788672383626 934.310021803114 938.831371222601 943.35272064209 947.874070061577 952.395419481065 956.855227661133 961.294522094726 965.73381652832 970.173110961914 974.612405395507 979.051699829101 983.490994262695 987.706041463216 991.248346964518 994.79065246582 998.332957967122 1001.87526346842 1005.41756896973 1008.95987447103 1012.50217997233 1014.68448079427 1016.41344672309 1018.14241265191 1019.87137858073 1021.60034450955 1023.32931043837 1025.05827636719 1026.63379109701 1027.74895222982 1028.86411336263 1029.97927449544 1031.09443562825
880.569289991591 883.03306020101 885.496830410428 887.960600619846 891.032563273112 894.307256740994 897.581950208876 900.856643676758 904.13133714464 907.406030612522 910.680724080404 914.354537116156 919.225708855522 924.096880594889 928.968052334255 933.839224073621 938.710395812988 943.581567552354 948.45273929172 953.117428588867 957.713290405273 962.309152221679 966.905014038085 971.500875854491 976.096737670897 980.692599487304 985.051132202148 988.697677612304 992.344223022461 995.990768432617 999.637313842773 1003.28385925293 1006.93040466309 1010.57695007324 1012.89990641276 1014.7816663954 1016.66342637804 1018.54518636068 1020.42694634332 1022.30870632595 1024.19046630859 1025.9062886556 1027.1242980957 1028.34230753581 1029.56031697591 1030.77832641602
874.160659281413 876.417814636231 878.674969991049 880.932125345866 884.012557983399 887.367416381837 890.722274780274 894.077133178712 897.431991577149 900.786849975586 904.141708374024 907.963100687663 913.184094746907 918.405088806152 923.626082865397 928.847076924641 934.068070983887 939.289065043131 944.510059102376 949.379629516601 954.13205871582 958.884487915038 963.636917114258 968.389346313476 973.141775512694 977.894204711914 982.39622294108 986.14700826009 989.897793579101 993.648578898111 997.399364217122 1001.15014953613 1004.90093485514 1008.65172017415 1011.11533203125 1013.14988606771 1015.18444010417 1017.21899414062 1019.25354817708 1021.28810221354 1023.32265625 1025.17878621419 1026.49964396159 1027.82050170898 1029.14135945638 1030.46221720378
867.752028571235 869.802569071453 871.85310957167 873.903650071886 876.992552693685 880.427576022678 883.862599351671 887.297622680665 890.732646009657 894.16766933865 897.602692667644 901.571664259168 907.142480638291 912.713297017415 918.284113396538 923.854929775661 929.425746154785 934.996562533908 940.567378913031 945.641830444336 950.550827026367 955.459823608398 960.368820190429 965.27781677246 970.186813354491 975.095809936523 979.741313680012 983.596338907877 987.451364135742 991.306389363606 995.161414591471 999.016439819336 1002.8714650472 1006.72649027506 1009.33075764974 1011.51810574002 1013.70545383029 1015.89280192057 1018.08015001085 1020.26749810113 1022.45484619141 1024.45128377279 1025.87498982747 1027.29869588216 1028.72240193685 1030.14610799154
863.329057481554 865.231374104818 867.133690728082 869.036007351345 872.155502827962 875.68072458903 879.205946350097 882.731168111165 886.256389872232 889.7816116333 893.306833394368 897.382682969834 903.110415988497 908.838149007161 914.565882025824 920.293615044486 926.02134806315 931.749081081813 937.476814100476 942.664639282226 947.672495185003 952.680351087781 957.688206990559 962.696062893337 967.703918796114 972.711774698892 977.431475660535 981.286711798773 985.141947937011 988.997184075249 992.852420213487 996.707656351725 1000.56289248996 1004.4181286282 1007.06995340983 1009.32064107259 1011.57132873535 1013.82201639811 1016.07270406087 1018.32339172363 1020.57407938639 1022.63277689616 1024.11550394694 1025.59823099772 1027.0809580485 1028.56368509928
860.89174601237 862.704229736328 864.516713460287 866.329197184245 869.50140838623 873.126862080892 876.752315775553 880.377769470215 884.003223164876 887.628676859537 891.254130554199 895.39615681966 901.087900797525 906.77964477539 912.471388753254 918.163132731119 923.854876708984 929.546620686848 935.238364664712 940.448056030273 945.497063191731 950.546070353189 955.595077514648 960.644084676106 965.693091837564 970.742098999023 975.466708882649 979.218126932779 982.96954498291 986.72096303304 990.47238108317 994.2237991333 997.97521718343 1001.72663523356 1004.33291931152 1006.55749206543 1008.78206481934 1011.00663757324 1013.23121032715 1015.45578308105 1017.68035583496 1019.72326558431 1021.22118631999 1022.71910705566 1024.21702779134 1025.71494852702
858.454434543186 860.177085367839 861.899736192491 863.622387017144 866.847313944499 870.572999572753 874.298685201008 878.024370829264 881.750056457519 885.475742085774 889.20142771403 893.409630669487 899.065385606552 904.721140543619 910.376895480685 916.03265041775 921.688405354817 927.344160291883 932.999915228948 938.23147277832 943.321631198458 948.411789618597 953.501948038736 958.592106458875 963.682264879014 968.772423299153 973.501942104763 977.149542066785 980.797142028808 984.444741990831 988.092341952853 991.739941914876 995.387541876898 999.035141838921 1001.59588521322 1003.79434305827 1005.99280090332 1008.19125874837 1010.38971659342 1012.58817443848 1014.78663228353 1016.81375427246 1018.32686869303 1019.83998311361 1021.35309753418 1022.86621195475
856.017123074002 857.649940999349 859.282758924696 860.915576850043 864.193219502767 868.019137064615 871.845054626464 875.670972188313 879.496889750162 883.322807312011 887.14872487386 891.423104519313 897.04287041558 902.662636311848 908.282402208115 913.902168104382 919.52193400065 925.141699896917 930.761465793184 936.014889526366 941.146199205186 946.277508884005 951.408818562825 956.540128241644 961.671437920463 966.802747599283 971.537175326877 975.080957200791 978.624739074707 982.168520948621 985.712302822536 989.256084696451 992.799866570366 996.343648444281 998.858851114909 1001.03119405111 1003.2035369873 1005.3758799235 1007.5482228597 1009.7205657959 1011.8929087321 1013.90424296061 1015.43255106608 1016.96085917155 1018.48916727702 1020.01747538249
853.579811604818 855.12279663086 856.665781656901 858.208766682943 861.539125061035 865.465274556477 869.39142405192 873.317573547363 877.243723042806 881.169872538248 885.096022033691 889.43657836914 895.020355224608 900.604132080077 906.187908935546 911.771685791014 917.355462646484 922.939239501952 928.523016357421 933.798306274414 938.970767211913 944.143228149413 949.315689086913 954.488150024413 959.660610961913 964.833071899414 969.57240854899 973.012372334798 976.452336120605 979.892299906412 983.33226369222 986.772227478027 990.212191263834 993.652155049641 996.121817016602 998.268045043945 1000.41427307129 1002.56050109863 1004.70672912598 1006.85295715332 1008.99918518066 1010.99473164876 1012.53823343913 1014.08173522949 1015.62523701986 1017.16873881022
851.142500135634 852.59565226237 854.048804389106 855.501956515842 858.885030619303 862.911412048339 866.937793477376 870.964174906412 874.990556335449 879.016937764485 883.043319193522 887.450052218966 892.997840033636 898.545627848307 904.093415662976 909.641203477646 915.188991292317 920.736779106987 926.284566921657 931.58172302246 936.795335218641 942.008947414821 947.222559611002 952.436171807182 957.649784003362 962.863396199544 967.607641771104 970.943787468804 974.279933166504 977.616078864203 980.952224561903 984.288370259603 987.624515957302 990.960661655002 993.384782918294 995.504896036784 997.625009155273 999.745122273763 1001.86523539225 1003.98534851074 1006.10546162923 1008.08522033691 1009.64391581217 1011.20261128744 1012.7613067627 1014.32000223796
850.414416673448 851.9167678833 853.419119093153 854.921470303005 858.38093770345 862.492777167425 866.604616631401 870.716456095377 874.828295559352 878.940135023328 883.051974487304 887.494370354545 892.928435431585 898.362500508625 903.796565585665 909.230630662704 914.664695739745 920.098760816785 925.532825893824 930.705830891926 935.791815863714 940.877800835502 945.963785807291 951.049770779079 956.135755750867 961.221740722656 965.837526109483 969.042712741427 972.247899373372 975.453086005316 978.65827263726 981.863459269205 985.06864590115 988.273832533094 990.64504699707 992.73827073839 994.831494479709 996.924718221029 999.017941962348 1001.11116570367 1003.20438944499 1005.16760982937 1006.74082014296 1008.31403045654 1009.88724077013 1011.46045108371
851.395561218261 853.086143493652 854.776725769043 856.467308044433 860.026846313476 864.209369913736 868.391893513996 872.574417114257 876.756940714517 880.939464314777 885.121987915038 889.569532775877 894.812141418455 900.054750061034 905.297358703612 910.53996734619 915.782575988768 921.025184631346 926.267793273924 931.170629882811 935.960209147134 940.749788411457 945.53936767578 950.328946940103 955.118526204426 959.90810546875 964.262061564127 967.309148152669 970.356234741211 973.403321329752 976.450407918294 979.497494506836 982.544581095377 985.591667683919 987.90260925293 989.968169148763 992.033729044596 994.09928894043 996.164848836263 998.230408732096 1000.29596862793 1002.24190012614 1003.82894643148 1005.41599273682 1007.00303904216 1008.59008534749
852.376705763074 854.255519104003 856.134332444932 858.013145785861 861.672754923502 865.925962660047 870.179170396591 874.432378133137 878.685585869682 882.938793606227 887.192001342772 891.64469519721 896.695847405326 901.746999613443 906.798151821559 911.849304029675 916.900456237792 921.951608445908 927.002760654024 931.635428873697 936.128602430554 940.621775987412 945.11494954427 949.608123101127 954.101296657985 958.594470214843 962.686597018771 965.57558356391 968.464570109049 971.353556654188 974.242543199327 977.131529744466 980.020516289605 982.909502834744 985.160171508789 987.198067559136 989.235963609483 991.273859659831 993.311755710178 995.349651760525 997.387547810873 999.316190422906 1000.91707272 1002.51795501709 1004.11883731418 1005.71971961127
853.357850307888 855.424894714355 857.491939120822 859.558983527289 863.318663533528 867.642555406357 871.966447279187 876.290339152017 880.614231024847 884.938122897677 889.262014770507 893.719857618543 898.579553392197 903.439249165852 908.298944939506 913.15864071316 918.018336486815 922.87803226047 927.737728034124 932.100227864583 936.296995713975 940.493763563367 944.69053141276 948.887299262152 953.084067111544 957.280834960937 961.111132473415 963.842018975151 966.572905476888 969.303791978624 972.03467848036 974.765564982096 977.496451483832 980.227337985568 982.417733764648 984.427965969509 986.43819817437 988.448430379232 990.458662584093 992.468894788954 994.479126993815 996.390480719672 998.005199008518 999.619917297363 1001.23463558621 1002.84935387505
854.338994852701 856.594270324706 858.849545796711 861.104821268717 864.964572143554 869.359148152668 873.753724161782 878.148300170897 882.542876180012 886.937452189126 891.332028198241 895.795020039875 900.463259379067 905.131498718261 909.799738057453 914.467977396645 919.136216735839 923.804456075031 928.472695414224 932.565026855468 936.465388997395 940.365751139322 944.266113281249 948.166475423176 952.066837565103 955.967199707031 959.53566792806 962.108454386393 964.681240844726 967.25402730306 969.826813761393 972.399600219727 974.97238667806 977.545173136393 979.675296020508 981.657864379883 983.640432739258 985.623001098633 987.605569458008 989.588137817383 991.570706176758 993.464771016439 995.093325297038 996.721879577637 998.350433858236 999.978988138835
855.320139397514 857.763645935058 860.207152472601 862.650659010145 866.61048075358 871.075740898979 875.541001044378 880.006261189778 884.471521335177 888.936781480576 893.402041625975 897.870182461207 902.346965365938 906.82374827067 911.3005311754 915.777314080131 920.254096984862 924.730879889593 929.207662794324 933.029825846353 936.633782280815 940.237738715277 943.841695149739 947.445651584201 951.049608018662 954.653564453125 957.960203382704 960.374889797634 962.789576212565 965.204262627495 967.618949042426 970.033635457357 972.448321872287 974.863008287218 976.932858276367 978.887762790256 980.842667304145 982.797571818034 984.752476331923 986.707380845811 988.662285359701 990.539061313205 992.181451585558 993.82384185791 995.466232130263 997.108622402615
857.163534884982 859.825891113281 862.488247341579 865.150603569877 869.153000386555 873.602077399358 878.051154412162 882.500231424966 886.94930843777 891.398385450574 895.847462463378 900.237775166828 904.451794942219 908.66581471761 912.879834493 917.09385426839 921.307874043782 925.521893819172 929.735913594562 933.279741414387 936.600171915689 939.920602416991 943.241032918294 946.561463419596 949.881893920897 953.2023244222 956.244592454698 958.452373080783 960.660153706868 962.867934332953 965.075714959038 967.283495585124 969.491276211209 971.699056837294 973.677671813965 975.579898240831 977.482124667697 979.384351094564 981.28657752143 983.188803948296 985.091030375163 986.953926086426 988.698829650879 990.443733215332 992.188636779785 993.933540344238
859.869181315103 862.781005859374 865.692830403645 868.604654947915 872.592131042479 876.938157653807 881.284184265135 885.630210876464 889.976237487791 894.322264099119 898.668290710448 902.897798156737 906.777748107909 910.657698059081 914.537648010253 918.417597961424 922.297547912597 926.177497863768 930.05744781494 933.31477355957 936.364557902018 939.414342244465 942.464126586914 945.513910929361 948.563695271809 951.613479614258 954.388835144043 956.34090423584 958.292973327637 960.245042419434 962.19711151123 964.149180603028 966.101249694824 968.053318786621 969.909736633301 971.734270731608 973.558804829916 975.383338928223 977.20787302653 979.032407124837 980.856941223145 982.7093653361 984.645459493001 986.581553649903 988.517647806804 990.453741963704
862.574827745224 865.736120605468 868.897413465711 872.058706325954 876.031261698404 880.274237908256 884.517214118108 888.760190327961 893.003166537813 897.246142747665 901.489118957518 905.557821146646 909.103701273599 912.649581400553 916.195461527505 919.741341654458 923.287221781412 926.833101908365 930.378982035318 933.349805704752 936.128943888346 938.908082071939 941.687220255533 944.466358439127 947.245496622721 950.024634806315 952.533077833387 954.229435390896 955.925792948405 957.622150505914 959.318508063422 961.014865620931 962.71122317844 964.407580735948 966.141801452637 967.888643222385 969.635484992133 971.382326761882 973.12916853163 974.876010301378 976.622852071127 978.464804585775 980.592089335124 982.719374084473 984.846658833822 986.97394358317
865.280474175346 868.691235351562 872.101996527777 875.512757703992 879.470392354328 883.610318162705 887.750243971081 891.890169779459 896.030095587835 900.170021396211 904.309947204589 908.217844136555 911.429654439289 914.641464742024 917.853275044758 921.065085347492 924.276895650227 927.488705952961 930.700516255696 933.384837849934 935.893329874674 938.401821899413 940.910313924153 943.418805948893 945.927297973632 948.435789998372 950.677320522732 952.117966545953 953.558612569173 954.999258592394 956.439904615614 957.880550638835 959.321196662055 960.761842685275 962.373866271973 964.043015713162 965.712165154351 967.38131459554 969.05046403673 970.719613477919 972.388762919108 974.220243835449 976.538719177246 978.857194519043 981.17566986084 983.494145202636
