data/working_set_collections/6091692-Cassins_Sparrow-MC/2010/bio4.asc
NCOLS 265 
NROWS 230 
XLLCORNER -115.5625 
YLLCORNER 24.8333333333333 
CELLSIZE 0.0833333333333333 
NODATA_value -9999 
[rows 180 to 199 of 230, columns 92 to 137 of 265]
564.150829908583 566.090477667915 568.030125427247 569.969773186578 571.90942094591 573.451581319174 574.861245897082 576.27091047499 577.680575052898 579.090239630806 580.499904208714 581.909568786621 583.383643934462 585.050950792101 586.71825764974 588.385564507379 590.052871365018 591.720178222657 593.387485080295 595.054791937934 600.372998046874 606.908170572916 613.443343098958 619.978515625 626.513688151041 633.048860677083 639.584033203125 645.422849358453 649.172596401638 652.922343444824 656.67209048801 660.421837531196 664.171584574382 667.921331617567 671.671078660753 671.549820963543 670.138228352866 668.726635742189 667.315043131512 665.903450520835 664.491857910158 663.080265299481 662.14851650662 662.65629916721 663.164081827801 663.671864488391
560.616548156739 562.306471252442 563.996394348145 565.686317443848 567.376240539551 569.046784973145 570.710869852702 572.37495473226 574.039039611817 575.703124491374 577.367209370931 579.031294250488 580.686063639323 582.31288655599 583.939709472656 585.566532389323 587.19335530599 588.820178222657 590.447001139323 592.07382405599 597.222204589843 603.54443766276 609.866670735677 616.188903808593 622.51113688151 628.833369954427 635.155603027344 640.813628641764 644.479031880696 648.144435119629 651.809838358561 655.475241597493 659.140644836426 662.806048075358 666.47145131429 666.229077148439 664.684110514324 663.13914388021 661.594177246095 660.04921061198 658.504243977866 656.959277343751 655.875953165691 656.177556355795 656.4791595459 656.780762736004
557.082266404894 558.522464836969 559.962663269043 561.402861701118 562.843060133193 564.641988627116 566.560493808323 568.478998989529 570.397504170736 572.316009351942 574.234514533149 576.153019714356 577.988483344184 579.574822319879 581.161161295573 582.747500271267 584.333839246962 585.920178222656 587.506517198351 589.092856174045 594.071411132812 600.180704752603 606.289998372396 612.399291992187 618.508585611978 624.617879231771 630.727172851562 636.204407925076 639.785467359755 643.366526794434 646.947586229112 650.528645663791 654.10970509847 657.690764533149 661.271823967827 660.908333333334 659.229992675782 657.55165201823 655.873311360678 654.194970703126 652.516630045574 650.838289388022 649.603389824762 649.69881354438 649.794237263998 649.889660983616
553.54798465305 554.738458421496 555.928932189942 557.119405958388 558.309879726835 560.237192281088 562.410117763943 564.5830432468 566.755968729655 568.928894212511 571.101819695367 573.274745178223 575.290903049045 576.836758083768 578.38261311849 579.928468153212 581.474323187934 583.020178222657 584.566033257379 586.111888292101 590.920617675781 596.816971842447 602.713326009115 608.609680175781 614.506034342447 620.402388509115 626.298742675781 631.595187208388 635.091902838813 638.588618469239 642.085334099664 645.582049730089 649.078765360515 652.57548099094 656.072196621365 655.58758951823 653.775874837241 651.964160156252 650.152445475262 648.340730794272 646.529016113283 644.717301432293 643.330826483834 643.220070732966 643.109314982098 642.99855923123
550.013702901205 550.954452006023 551.89520111084 552.835950215658 553.776699320476 555.832395935059 558.259741719564 560.687087504069 563.114433288574 565.541779073079 567.969124857585 570.39647064209 572.593322753906 574.098693847657 575.604064941406 577.109436035156 578.614807128907 580.120178222656 581.625549316406 583.130920410157 587.76982421875 593.453238932291 599.136653645833 604.820068359375 610.503483072916 616.186897786458 621.8703125 626.985966491699 630.398338317871 633.810710144043 637.223081970215 640.635453796387 644.047825622559 647.460197448731 650.872569274902 650.266845703126 648.321756998699 646.376668294272 644.431579589845 642.486490885418 640.541402180991 638.596313476564 637.058263142905 636.741327921551 636.424392700197 636.107457478842
546.47942114936 547.170445590549 547.861470031739 548.552494472928 549.243518914117 551.42759958903 554.109365675184 556.791131761339 559.472897847494 562.154663933648 564.836430019803 567.518196105957 569.895742458767 571.360629611545 572.825516764323 574.290403917101 575.755291069879 577.220178222656 578.685065375434 580.149952528212 584.619030761718 590.089506022135 595.559981282552 601.030456542968 606.500931803385 611.971407063802 617.441882324219 622.376745775011 625.704773796929 629.032801818848 632.360829840766 635.688857862684 639.016885884603 642.344913906521 645.672941928439 644.946101888022 642.867639160157 640.789176432293 638.710713704428 636.632250976564 634.553788248699 632.475325520835 630.785699801976 630.262585110136 629.739470418295 629.216355726455
542.347432030573 542.993823157417 543.640214284262 544.286605411106 544.932996537951 547.236920674642 550.093355814616 552.94979095459 555.806226094564 558.662661234538 561.519096374512 564.375531514486 566.919132656521 568.524231804742 570.129330952963 571.734430101183 573.339529249403 574.944628397624 576.549727545844 578.154826694065 582.463390096028 587.67310824924 592.882826402452 598.092544555664 603.302262708875 608.511980862088 613.721699015299 618.43743947347 621.671246846517 624.905054219564 628.138861592611 631.372668965657 634.606476338705 637.840283711751 641.074091084798 640.316982523601 638.229568650989 636.142154778376 634.054740905763 631.96732703315 629.879913160537 627.792499287924 626.067782931858 625.431159125435 624.794535319011 624.157911512588
537.617735544841 538.424584706625 539.231433868409 540.038283030193 540.845132191977 543.260359191895 546.211712137858 549.163065083822 552.114418029785 555.065770975749 558.017123921712 560.968476867676 563.663493347168 565.589500427246 567.515507507324 569.441514587402 571.36752166748 573.293528747559 575.219535827636 577.145542907715 581.302902221679 586.204045613606 591.105189005534 596.00633239746 600.907475789387 605.808619181315 610.709762573242 615.168047587077 618.297757466634 621.427467346191 624.557177225749 627.686887105306 630.816596984863 633.94630686442 637.076016743978 636.379487609864 634.407545471193 632.435603332521 630.463661193849 628.491719055177 626.519776916505 624.547834777833 622.904512532553 622.247049967449 621.589587402344 620.93212483724
532.88803905911 533.855346255833 534.822653452556 535.789960649279 536.757267846002 539.283797709147 542.3300684611 545.376339213054 548.422609965006 551.46888071696 554.515151468913 557.561422220866 560.407854037815 562.654769049751 564.901684061686 567.148599073622 569.395514085558 571.642429097493 573.889344109429 576.136259121365 580.14241434733 584.734982977972 589.327551608615 593.920120239257 598.5126888699 603.105257500542 607.697826131184 611.898655700683 614.924268086751 617.949880472819 620.975492858887 624.001105244954 627.026717631022 630.05233001709 633.077942403157 632.441992696127 630.585522291396 628.729051886666 626.872581481934 625.016111077204 623.159640672473 621.303170267742 619.741242133247 619.062940809463 618.384639485678 617.706338161893
528.158342573378 529.286107805041 530.413873036703 531.541638268365 532.669403500028 535.3072362264 538.448424784342 541.589613342286 544.730801900228 547.871990458171 551.013179016114 554.154367574056 557.152214728461 559.720037672255 562.287860616048 564.855683559841 567.423506503635 569.991329447428 572.559152391221 575.126975335015 578.981926472981 583.265920342339 587.549914211697 591.833908081054 596.117901950412 600.40189581977 604.685889689128 608.62926381429 611.550778706868 614.472293599447 617.393808492025 620.315323384603 623.236838277181 626.158353169759 629.079868062337 628.50449778239 626.763499111601 625.022500440811 623.28150177002 621.540503099231 619.799504428441 618.058505757651 616.577971733942 615.878831651477 615.179691569011 614.480551486546
523.428646087647 524.716869354249 526.00509262085 527.293315887452 528.581539154053 531.330674743653 534.566781107585 537.802887471517 541.038993835449 544.275100199381 547.511206563314 550.747312927246 553.896575419108 556.785306294759 559.67403717041 562.562768046061 565.451498921712 568.340229797363 571.228960673014 574.117691548665 577.821438598632 581.796857706705 585.772276814778 589.747695922851 593.723115030924 597.698534138997 601.67395324707 605.359871927897 608.177289326985 610.994706726074 613.812124125163 616.629541524251 619.44695892334 622.264376322428 625.081793721517 624.567002868653 622.941475931804 621.315948994956 619.690422058106 618.064895121257 616.439368184409 614.81384124756 613.414701334636 612.69472249349 611.974743652345 611.254764811199
518.698949601916 520.147630903456 521.596312204997 523.044993506538 524.493674808079 527.354113260905 530.685137430827 534.016161600749 537.347185770671 540.678209940592 544.009234110515 547.340258280436 550.640936109754 553.850574917263 557.060213724772 560.26985253228 563.479491339789 566.689130147298 569.898768954806 573.108407762315 576.660950724283 580.327795071071 583.99463941786 587.661483764648 591.328328111436 594.995172458225 598.662016805013 602.090480041504 604.803799947103 607.517119852702 610.230439758301 612.943759663899 615.657079569499 618.370399475098 621.083719380696 620.629507954916 619.119452752008 617.6093975491 616.099342346192 614.589287143284 613.079231940376 611.569176737468 610.25143093533 609.510613335504 608.769795735678 608.028978135851
514.529260169135 516.261722395156 517.994184621175 519.726646847195 521.459109073215 524.294100697835 527.496602121989 530.699103546143 533.901604970296 537.10410639445 540.306607818604 543.509109242757 546.770334031847 550.207728915745 553.645123799642 557.08251868354 560.519913567437 563.957308451335 567.394703335232 570.83209821913 574.226806640625 577.60728624132 580.987765842014 584.368245442709 587.748725043403 591.129204644098 594.509684244792 597.686508348254 600.252365960016 602.818223571778 605.38408118354 607.949938795302 610.515796407065 613.081654018827 615.647511630589 615.279068501792 613.932525126141 612.58598175049 611.239438374839 609.892894999188 608.546351623537 607.199808247885 606.040209113228 605.441442701553 604.842676289877 604.243909878202
510.919577789307 513.059143829346 515.198709869385 517.338275909424 519.477841949463 522.150637054443 525.001175181071 527.851713307699 530.702251434326 533.552789560954 536.403327687582 539.253865814209 542.284769185384 545.856768290202 549.42876739502 553.000766499837 556.572765604655 560.144764709473 563.71676381429 567.288762919108 570.519006347656 573.635331217448 576.75165608724 579.867980957031 582.984305826823 586.100630696615 589.216955566407 592.147956848145 594.522987365723 596.898017883301 599.273048400879 601.648078918457 604.023109436036 606.398139953614 608.773170471192 608.515684509279 607.380693054201 606.245701599123 605.110710144044 603.975718688966 602.840727233888 601.70573577881 600.781035868328 600.487210591635 600.193385314942 599.89956003825
507.309895409478 509.856565263536 512.403235117594 514.949904971652 517.496574825711 520.007173411051 522.505748240153 525.004323069255 527.502897898356 530.001472727458 532.50004755656 534.998622385661 537.799204338921 541.505807664659 545.212410990397 548.919014316135 552.625617641873 556.332220967611 560.038824293348 563.745427619086 566.811206054688 569.663376193576 572.515546332466 575.367716471354 578.219886610243 581.072056749132 583.924226888021 586.609405348036 588.79360877143 590.977812194825 593.162015618219 595.346219041613 597.530422465007 599.714625888401 601.898829311795 601.752300516765 600.82886098226 599.905421447755 598.98198191325 598.058542378745 597.135102844239 596.211663309734 595.521862623427 595.532978481717 595.544094340007 595.555210198297
503.70021302965 506.653986697727 509.607760365804 512.561534033881 515.515307701959 517.86370976766 520.010321299235 522.156932830811 524.303544362386 526.450155893962 528.596767425538 530.743378957113 533.313639492459 537.154847039117 540.996054585775 544.837262132433 548.678469679091 552.519677225749 556.360884772407 560.202092319065 563.103405761719 565.691421169705 568.279436577692 570.867451985678 573.455467393664 576.04348280165 578.631498209636 581.070853847928 583.064230177138 585.057606506349 587.050982835559 589.044359164768 591.037735493979 593.031111823189 595.024488152399 594.988916524253 594.27702891032 593.565141296388 592.853253682456 592.141366068524 591.429478454591 590.717590840659 590.262689378527 590.5787463718 590.894803365072 591.210860358345
500.090530649821 503.451408131918 506.812285614013 510.17316309611 513.534040578206 515.720246124268 517.514894358317 519.309542592367 521.104190826416 522.898839060466 524.693487294515 526.488135528565 528.828074645996 532.803886413574 536.779698181152 540.75550994873 544.731321716309 548.707133483887 552.682945251465 556.658757019043 559.39560546875 561.719466145834 564.043326822917 566.3671875 568.691048177084 571.014908854167 573.33876953125 575.53230234782 577.334851582846 579.137400817872 580.939950052898 582.742499287924 584.54504852295 586.347597757976 588.150146993002 588.22553253174 587.72519683838 587.224861145021 586.724525451661 586.224189758302 585.723854064943 585.223518371583 585.003516133627 585.624514261882 586.245512390137 586.866510518392
496.480848269992 500.248829566108 504.016810862223 507.784792158338 511.552773454454 513.576782480876 515.019467417399 516.462152353923 517.904837290446 519.34752222697 520.790207163493 522.232892100017 524.342509799533 528.452925788032 532.56334177653 536.673757765028 540.784173753526 544.894589742025 549.005005730523 553.115421719021 555.687805175781 557.747511121962 559.807217068143 561.866923014323 563.926628960504 565.986334906684 568.046040852865 569.993750847711 571.605472988553 573.217195129395 574.828917270237 576.440639411079 578.052361551921 579.664083692763 581.275805833605 581.462148539226 581.17336476644 580.884580993653 580.595797220867 580.30701344808 580.018229675294 579.729445902507 579.744342888727 580.670282151964 581.596221415202 582.52216067844
491.953565300836 496.120434739855 500.287304178874 504.454173617893 508.621043056912 510.586760457357 511.818760511611 513.050760565864 514.282760620118 515.514760674371 516.746760728625 517.978760782878 519.870791710748 523.742915259468 527.615038808187 531.487162356907 535.359285905627 539.231409454347 543.103533003066 546.975656551786 549.354995218914 551.236738925511 553.118482632109 555.000226338706 556.881970045303 558.7637137519 560.645457458498 562.469237687854 564.119127485489 565.769017283123 567.418907080758 569.068796878392 570.718686676027 572.368576473661 574.018466271295 574.510316467287 574.616153462729 574.721990458172 574.827827453614 574.933664449057 575.0395014445 575.145338439942 575.557886250814 576.890566507975 578.223246765137 579.555927022298
486.50868174235 491.066223653158 495.623765563965 500.181307474772 504.73884938558 506.750180053711 507.912773640951 509.075367228191 510.23796081543 511.40055440267 512.563147989909 513.725741577149 515.412920379639 518.673854827881 521.934789276123 525.195723724366 528.456658172608 531.71759262085 534.978527069092 538.239461517335 540.397175598146 542.187149556479 543.977123514813 545.767097473146 547.557071431479 549.347045389813 551.137019348146 552.958762868247 554.87581507365 556.792867279054 558.709919484457 560.626971689861 562.544023895265 564.461076100668 566.378128306072 567.370036315919 568.053562927247 568.737089538575 569.420616149903 570.104142761231 570.787669372559 571.471195983887 572.44414621989 574.285367329915 576.126588439941 577.967809549967
