data/working_set_collections/6091692-Cassins_Sparrow-MC/2010/bio5.asc
NCOLS 265 
NROWS 230 
XLLCORNER -115.5625 
YLLCORNER 24.8333333333333 
CELLSIZE 0.0833333333333333 
NODATA_value -9999 
[rows 20 to 39 of 230, columns 138 to 183 of 265]
33.3929089016384 33.4060267130534 33.4191445244683 33.4322623358832 33.4647226969401 33.5036305745442 33.5425384521484 33.5814463297526 33.6203542073568 33.6592620849609 33.6981699625651 33.7074527316623 33.6278601752387 33.5482676188151 33.4686750623915 33.3890825059679 33.3094899495443 33.2298973931207 33.1503048366971 33.1097546895345 33.0822186787923 33.0546826680501 33.027146657308 32.9996106465658 32.9720746358236 32.9445386250814 32.939545779758 33.0021824306912 33.0648190816243 33.1274557325575 33.1900923834907 33.2527290344238 33.315365685357 33.3780023362901 33.4336199442545 33.4868978712294 33.5401757982042 33.593453725179 33.6467316521539 33.7000095791287 33.7532875061035 33.7906049940321 33.7800411648221 33.769477335612 33.7589135064019 33.7483496771918
33.5292173597548 33.5361028035482 33.5429882473416 33.549873691135 33.5738240559896 33.6034627278646 33.6331013997396 33.6627400716146 33.6923787434896 33.7220174153646 33.7516560872396 33.7519273546007 33.6640964084202 33.5762654622396 33.488434516059 33.4006035698785 33.3127726236979 33.2249416775174 33.1371107313368 33.0933397928874 33.0642555236816 33.0351712544759 33.0060869852702 32.9770027160645 32.9479184468587 32.918834177653 32.912818315294 32.9760076734755 33.0391970316569 33.1023863898383 33.1655757480197 33.2287651062012 33.2919544643826 33.355143822564 33.4102155049642 33.4625812954373 33.5149470859104 33.5673128763835 33.6196786668565 33.6720444573296 33.7244102478027 33.761412217882 33.7523227267795 33.7432332356771 33.7341437445747 33.7250542534722
33.6655258178711 33.6661788940429 33.6668319702148 33.6674850463867 33.682925415039 33.7032948811849 33.7236643473307 33.7440338134765 33.7644032796224 33.7847727457682 33.805142211914 33.7964019775391 33.7003326416016 33.6042633056641 33.5081939697266 33.4121246337891 33.3160552978516 33.2199859619141 33.1239166259766 33.0769248962402 33.046292368571 33.0156598409017 32.9850273132324 32.9543947855632 32.9237622578939 32.8931297302246 32.8860908508301 32.9498329162598 33.0135749816895 33.0773170471191 33.1410591125488 33.2048011779785 33.2685432434082 33.3322853088379 33.3868110656738 33.4382647196452 33.4897183736165 33.5411720275879 33.5926256815592 33.6440793355306 33.695532989502 33.7322194417318 33.724604288737 33.7169891357422 33.7093739827474 33.7017588297526
33.8018342759874 33.7962549845377 33.7906756930881 33.7850964016384 33.7920267740885 33.8031270345052 33.8142272949219 33.8253275553385 33.8364278157552 33.8475280761719 33.8586283365885 33.8408766004775 33.736568874783 33.6322611490886 33.5279534233941 33.4236456976997 33.3193379720052 33.2150302463108 33.1107225206163 33.0605099995931 33.0283292134603 32.9961484273275 32.9639676411947 32.9317868550619 32.899606068929 32.8674252827962 32.8593633863661 32.923658159044 32.987952931722 33.0522477043999 33.1165424770779 33.1808372497559 33.2451320224338 33.3094267951117 33.3634066263835 33.4139481438531 33.4644896613227 33.5150311787923 33.5655726962619 33.6161142137315 33.6666557312012 33.7030266655816 33.6968858506945 33.6907450358073 33.6846042209201 33.678463406033
33.8032586839464 33.8062375386556 33.8092163933648 33.812195248074 33.8211140950521 33.8320129394531 33.8429117838542 33.8538106282552 33.8647094726562 33.8756083170573 33.8865071614583 33.8694875929091 33.7687127855089 33.6679379781087 33.5671631707086 33.4663883633084 33.3656135559082 33.264838748508 33.1640639411079 33.1142590840657 33.0814442104763 33.0486293368869 33.0158144632975 32.9829995897081 32.9501847161187 32.9173698425293 32.9074295043945 32.9661127726237 33.0247960408528 33.083479309082 33.1421625773112 33.2008458455403 33.2595291137695 33.3182123819987 33.3675768534342 33.4138350592719 33.4600932651096 33.5063514709473 33.5526096767849 33.5988678826226 33.6451260884603 33.6783824496799 33.6726332770454 33.6668841044108 33.6611349317763 33.6553857591417
33.6697990417481 33.6961265563965 33.7224540710449 33.7487815856934 33.7701873779297 33.7899525960286 33.8097178141276 33.8294830322266 33.8492482503255 33.8690134684245 33.8887786865234 33.882234954834 33.7967643737793 33.7112937927246 33.6258232116699 33.5403526306152 33.4548820495605 33.3694114685059 33.2839408874512 33.2381721496582 33.2056373596191 33.1731025695801 33.140567779541 33.1080329895019 33.0754981994629 33.0429634094238 33.0302892049153 33.0771967569987 33.124104309082 33.1710118611653 33.2179194132487 33.264826965332 33.3117345174153 33.3586420694987 33.3993217468262 33.4379254659017 33.4765291849772 33.5151329040527 33.5537366231282 33.5923403422038 33.6309440612793 33.6582867940267 33.6518465677897 33.6454063415527 33.6389661153158 33.6325258890788
33.5363393995497 33.5860155741374 33.635691748725 33.6853679233127 33.7192606608073 33.7478922526042 33.776523844401 33.8051554361979 33.8337870279948 33.8624186197917 33.8910502115885 33.8949823167589 33.8248159620497 33.7546496073405 33.6844832526313 33.6143168979221 33.5441505432129 33.4739841885037 33.4038178337945 33.3620852152506 33.3298305087619 33.2975758022732 33.2653210957845 33.2330663892958 33.2008116828071 33.1685569763183 33.1531489054362 33.1882807413737 33.2234125773112 33.2585444132487 33.2936762491862 33.3288080851237 33.3639399210612 33.3990717569987 33.4310666402181 33.4620158725315 33.4929651048448 33.5239143371582 33.5548635694716 33.5858128017849 33.6167620340983 33.6381911383735 33.6310598585341 33.6239285786947 33.6167972988553 33.6096660190158
33.4028797573513 33.4759045918783 33.5489294264052 33.6219542609321 33.6683339436849 33.7058319091797 33.7433298746745 33.7808278401693 33.818325805664 33.8558237711588 33.8933217366536 33.9077296786838 33.8528675503201 33.7980054219564 33.7431432935927 33.688281165229 33.6334190368652 33.5785569085015 33.5236947801378 33.4859982808431 33.4540236579047 33.4220490349664 33.390074412028 33.3580997890896 33.3261251661513 33.2941505432129 33.276008605957 33.2993647257487 33.3227208455403 33.346076965332 33.3694330851237 33.3927892049154 33.416145324707 33.4395014444987 33.46281153361 33.4861062791612 33.5094010247124 33.5326957702637 33.5559905158149 33.5792852613661 33.6025800069173 33.6180954827203 33.6102731492784 33.6024508158366 33.5946284823948 33.5868061489529
33.269420115153 33.3657936096191 33.4621671040853 33.5585405985514 33.6174072265625 33.6637715657552 33.7101359049479 33.7565002441406 33.8028645833333 33.849228922526 33.8955932617187 33.9204770406087 33.8809191385905 33.8413612365723 33.801803334554 33.7622454325358 33.7226875305176 33.6831296284993 33.6435717264811 33.6099113464355 33.5782168070475 33.5465222676595 33.5148277282715 33.4831331888834 33.4514386494954 33.4197441101074 33.3988683064778 33.4104487101237 33.4220291137695 33.4336095174153 33.4451899210612 33.456770324707 33.4683507283529 33.4799311319987 33.4945564270019 33.510196685791 33.5258369445801 33.5414772033691 33.5571174621582 33.5727577209473 33.5883979797363 33.5979998270671 33.5894864400228 33.5809730529785 33.5724596659342 33.56394627889
33.1359604729546 33.25568262736 33.3754047817654 33.4951269361708 33.5664805094401 33.6217112223307 33.6769419352214 33.732172648112 33.7874033610026 33.8426340738932 33.8978647867838 33.9332244025336 33.9089707268609 33.8847170511882 33.8604633755154 33.8362096998427 33.8119560241699 33.7877023484972 33.7634486728244 33.733824412028 33.7024099561903 33.6709955003526 33.639581044515 33.6081665886773 33.5767521328396 33.5453376770019 33.5217280069987 33.5215326944987 33.5213373819987 33.5211420694987 33.5209467569987 33.5207514444987 33.5205561319987 33.5203608194987 33.5263013203939 33.5342870924208 33.5422728644477 33.5502586364746 33.5582444085015 33.5662301805284 33.5742159525553 33.5779041714138 33.5686997307672 33.5594952901205 33.5502908494737 33.541086408827
33.0456125895182 33.1775990804036 33.309585571289 33.4415720621744 33.5226824442545 33.5868341233995 33.6509858025445 33.7151374816894 33.7792891608344 33.8434408399794 33.9075925191243 33.9521033393012 33.9376915825738 33.9232798258464 33.9088680691189 33.8944563123915 33.8800445556641 33.8656327989366 33.8512210422092 33.8273114522298 33.8002359178331 33.7731603834364 33.7460848490397 33.719009314643 33.6919337802463 33.6648582458496 33.6429246690538 33.6364169650608 33.6299092610677 33.6234015570746 33.6168938530816 33.6103861490885 33.6038784450955 33.5973707411024 33.5975613911946 33.599984825982 33.6024082607693 33.6048316955566 33.607255130344 33.6096785651313 33.6121019999186 33.6119279649522 33.6039615207248 33.5959950764974 33.58802863227 33.5800621880425
32.9983764648437 33.13154296875 33.2647094726562 33.3978759765625 33.4860130310059 33.5591402689616 33.6322675069173 33.705394744873 33.7785219828288 33.8516492207845 33.9247764587402 33.9771138509115 33.9670817057292 33.9570495605469 33.9470174153646 33.9369852701823 33.926953125 33.9169209798177 33.9068888346354 33.890372467041 33.8716946919759 33.8530169169108 33.8343391418457 33.8156613667806 33.7969835917155 33.7783058166504 33.7624582926432 33.7551015218099 33.7477447509765 33.7403879801432 33.7330312093099 33.7256744384765 33.7183176676432 33.7109608968099 33.7083366394043 33.7072898864746 33.7062431335449 33.7051963806152 33.7041496276855 33.7031028747558 33.7020561218262 33.7000712076823 33.6952718098958 33.6904724121094 33.6856730143229 33.6808736165364
32.9511403401692 33.0854868570963 33.2198333740234 33.3541798909505 33.4493436177572 33.5314464145236 33.6135492112901 33.6956520080566 33.7777548048231 33.8598576015896 33.9419603983561 34.0021243625217 33.9964718288845 33.9908192952474 33.9851667616102 33.9795142279731 33.9738616943359 33.9682091606988 33.9625566270616 33.9534334818522 33.9431534661187 33.9328734503852 33.9225934346517 33.9123134189182 33.9020334031847 33.8917533874512 33.8819919162326 33.873786078559 33.8655802408854 33.8573744032118 33.8491685655382 33.8409627278646 33.832756890191 33.8245510525173 33.8191118876139 33.8145949469672 33.8100780063205 33.8055610656738 33.8010441250271 33.7965271843804 33.7920102437337 33.7882144504123 33.7865820990668 33.7849497477213 33.7833173963759 33.7816850450304
32.9039042154948 33.0394307454427 33.1749572753906 33.3104838053385 33.4126742045084 33.5037525600857 33.594830915663 33.6859092712402 33.7769876268175 33.8680659823947 33.959144337972 34.0271348741319 34.0258619520399 34.0245890299479 34.0233161078559 34.0220431857639 34.0207702636719 34.0194973415799 34.0182244194878 34.0164944966634 34.0146122402615 34.0127299838596 34.0108477274577 34.0089654710558 34.0070832146539 34.0052009582519 34.001525539822 33.9924706353082 33.9834157307943 33.9743608262804 33.9653059217665 33.9562510172526 33.9471961127387 33.9381412082248 33.9298871358236 33.9219000074598 33.9139128790961 33.9059257507324 33.8979386223687 33.889951494005 33.8819643656413 33.8763576931423 33.8778923882378 33.8794270833333 33.8809617784288 33.8824964735243
32.8566680908203 32.993374633789 33.1300811767578 33.2667877197265 33.3760047912598 33.4760587056478 33.5761126200358 33.6761665344238 33.7762204488118 33.8762743631998 33.9763282775879 34.0521453857422 34.0552520751953 34.0583587646484 34.0614654541016 34.0645721435547 34.0676788330078 34.0707855224609 34.0738922119141 34.0795555114746 34.0860710144043 34.092586517334 34.0991020202637 34.1056175231933 34.112133026123 34.1186485290527 34.1210591634114 34.1111551920573 34.1012512207031 34.0913472493489 34.0814432779948 34.0715393066406 34.0616353352864 34.0517313639323 34.0406623840332 34.0292050679525 34.0177477518717 34.006290435791 33.9948331197103 33.9833758036295 33.9719184875488 33.9645009358724 33.9692026774088 33.9739044189453 33.9786061604818 33.9833079020182
32.8094319661458 32.9473185221354 33.085205078125 33.2230916341146 33.339335378011 33.4483648512098 33.5573943244086 33.6664237976074 33.7754532708062 33.884482744005 33.9935122172038 34.0771558973524 34.0846421983507 34.092128499349 34.0996148003472 34.1071011013455 34.1145874023437 34.122073703342 34.1295600043403 34.1426165262858 34.1575297885471 34.1724430508084 34.1873563130696 34.2022695753309 34.2171828375922 34.2320960998535 34.2405927870008 34.2298397488064 34.219086710612 34.2083336724175 34.1975806342231 34.1868275960286 34.1760745578342 34.1653215196397 34.1514376322428 34.1365101284451 34.1215826246473 34.1066551208496 34.0917276170519 34.0768001132541 34.0618726094564 34.0526441786024 34.0605129665799 34.0683817545573 34.0762505425347 34.0841193305121
32.9018024868435 33.0340741475423 33.166345808241 33.2986174689398 33.4079180399576 33.5095615810818 33.6112051222059 33.71284866333 33.8144922044542 33.9161357455783 34.0177792867024 34.0970965067546 34.1094347635905 34.1217730204264 34.1341112772624 34.1464495340983 34.1587877909342 34.1711260477702 34.1834643046061 34.202633412679 34.2240794711643 34.2455255296495 34.2669715881348 34.28841764662 34.3098637051052 34.3313097635905 34.3452256944444 34.3365512424045 34.3278767903646 34.3192023383246 34.3105278862847 34.3018534342448 34.2931789822049 34.2845045301649 34.2715815226237 34.2572423299154 34.242903137207 34.2285639444987 34.2142247517903 34.199885559082 34.1855463663737 34.1769577874077 34.185621049669 34.1942843119303 34.2029475741916 34.2116108364529
33.1337796529133 33.2536415100097 33.3735033671061 33.4933652242024 33.5817527770996 33.6596488952636 33.7375450134277 33.8154411315918 33.8933372497558 33.9712333679199 34.049129486084 34.1119672139486 34.1296297709147 34.1472923278808 34.164954884847 34.1826174418131 34.2002799987793 34.2179425557454 34.2356051127116 34.2596061706543 34.2857200622558 34.3118339538574 34.337947845459 34.3640617370605 34.3901756286621 34.4162895202636 34.4349578857422 34.4312896728515 34.4276214599609 34.4239532470703 34.4202850341797 34.416616821289 34.4129486083984 34.4092803955078 34.4010940551758 34.3914016723633 34.3817092895508 34.3720169067383 34.3623245239258 34.3526321411133 34.3429397583008 34.3374417622884 34.3445269266764 34.3516120910644 34.3586972554524 34.3657824198405
33.3657568189832 33.4732088724772 33.5806609259711 33.688112979465 33.7555875142415 33.8097362094455 33.8638849046495 33.9180335998535 33.9721822950575 34.0263309902615 34.0804796854655 34.1268379211426 34.1498247782389 34.1728116353353 34.1957984924316 34.218785349528 34.2417722066243 34.2647590637207 34.287745920817 34.3165789286295 34.3473606533474 34.3781423780653 34.4089241027832 34.4397058275011 34.470487552219 34.5012692769368 34.5246900770399 34.5260281032986 34.5273661295573 34.528704155816 34.5300421820746 34.5313802083333 34.532718234592 34.5340562608507 34.5306065877278 34.5255610148112 34.5205154418945 34.5154698689778 34.5104242960612 34.5053787231445 34.5003331502278 34.497925737169 34.5034328036838 34.5089398701985 34.5144469367133 34.519954003228
33.5977339850531 33.6927762349446 33.7878184848361 33.8828607347276 33.9294222513834 33.9598235236274 33.9902247958713 34.0206260681152 34.0510273403591 34.0814286126031 34.111829884847 34.1417086283366 34.1700197855631 34.1983309427897 34.2266421000163 34.2549532572428 34.2832644144694 34.311575571696 34.3398867289225 34.3735516866048 34.409001244439 34.4444508022732 34.4799003601074 34.5153499179416 34.5507994757758 34.58624903361 34.6144222683377 34.6207665337456 34.6271107991536 34.6334550645616 34.6397993299696 34.6461435953776 34.6524878607856 34.6588321261936 34.6601191202799 34.6597203572591 34.6593215942383 34.6589228312174 34.6585240681966 34.6581253051758 34.6577265421549 34.6584097120497 34.6623386806912 34.6662676493327 34.6701966179742 34.6741255866156
