data/working_set_collections/6091692-Cassins_Sparrow-MC/2010/bio5.asc
NCOLS 265 
NROWS 230 
XLLCORNER -115.5625 
YLLCORNER 24.8333333333333 
CELLSIZE 0.0833333333333333 
NODATA_value -9999 
[rows 200 to 219 of 230, columns 184 to 229 of 265]
38.8510714213053 38.9601368374295 39.0692022535536 39.0763437906901 39.0495107014974 39.0226776123047 38.995844523112 38.9690114339193 38.9421783447266 38.9153452555339 38.8671561347114 38.7548989189996 38.6426417032878 38.530384487576 38.4181272718642 38.3058700561524 38.1936128404406 38.0813556247288 37.9993843078613 37.9275082906087 37.8556322733561 37.7837562561035 37.7118802388509 37.6400042215983 37.5681282043457 37.3948554144966 36.9173923068578 36.4399291992188 35.96246609158 35.4850029839411 35.0075398763022 34.5300767686633 34.0526136610245 33.4603537877402 32.8298283259076 -9999 -9999 -9999 -9999 -9999 -9999 -9999 -9999 -9999 -9999 -9999
38.7370877583822 38.8628408643934 38.9885939704047 39.0049641927084 38.9848734537761 38.9647827148438 38.9446919759115 38.9246012369792 38.9045104980469 38.8844197591146 38.8417234632704 38.7312104966906 38.6206975301107 38.5101845635308 38.399671596951 38.2891586303711 38.1786456637913 38.0681326972114 37.9885917663574 37.9193748474121 37.8501579284668 37.7809410095215 37.7117240905762 37.6425071716309 37.5732902526856 37.3940331353083 36.8846554226347 36.375277709961 35.8658999972875 35.3565222846139 34.8471445719402 34.3377668592667 33.8283891465931 -9999 -9999 -9999 -9999 -9999 -9999 -9999 -9999 -9999 -9999 -9999 -9999 -9999
38.623104095459 38.7655448913574 38.9079856872558 38.9335845947266 38.9202362060547 38.9068878173828 38.893539428711 38.8801910400391 38.8668426513672 38.8534942626953 38.8162907918295 38.7075220743815 38.5987533569336 38.4899846394857 38.3812159220378 38.2724472045899 38.163678487142 38.054909769694 37.9777992248535 37.9112414042155 37.8446835835775 37.7781257629395 37.7115679423014 37.6450101216634 37.5784523010254 37.3932108561199 36.8519185384116 36.3106262207032 35.7693339029949 35.2280415852866 34.6867492675782 34.1454569498699 33.6041646321617 -9999 -9999 -9999 -9999 -9999 -9999 -9999 -9999 -9999 -9999 -9999 -9999 -9999
38.5091204325358 38.6682489183214 38.827377404107 38.8622049967448 38.8555989583333 38.8489929199219 38.8423868815104 38.835780843099 38.8291748046875 38.822568766276 38.7908581203885 38.6838336520725 38.5768091837565 38.4697847154406 38.3627602471246 38.2557357788086 38.1487113104926 38.0416868421767 37.9670066833496 37.9031079610189 37.8392092386882 37.7753105163574 37.7114117940267 37.647513071696 37.5836143493652 37.3923885769316 36.8191816541885 36.2459747314454 35.6727678087024 35.0995608859594 34.5263539632163 33.9531470404732 33.3799401177302 32.8289847691855 32.2854466120404 -9999 -9999 -9999 -9999 -9999 -9999 -9999 -9999 -9999 -9999 -9999
38.3529500325521 38.5236985948351 38.694447157118 38.7440943400065 38.7533743964301 38.7626544528538 38.7719345092774 38.781214565701 38.7904946221246 38.7997746785482 38.7810819837782 38.6784710354275 38.5758600870768 38.4732491387261 38.3706381903755 38.2680272420248 38.1654162936741 38.0628053453234 37.987722269694 37.9218151516385 37.8559080335829 37.7900009155274 37.7240937974718 37.6581866794162 37.5922795613607 37.3977801852757 36.8175040351022 36.2372278849285 35.6569517347549 35.0766755845813 34.4963994344076 33.916123284234 33.3358471340605 32.7862372716269 32.2468495051067 -9999 -9999 -9999 -9999 -9999 -9999 -9999 -9999 -9999 -9999 -9999
38.1545928955078 38.3318939208984 38.509194946289 38.5792526245117 38.6135625203451 38.6478724161784 38.6821823120117 38.7164922078451 38.7508021036784 38.7851119995117 38.7869623819987 38.6914342244466 38.5959060668945 38.5003779093425 38.4048497517904 38.3093215942383 38.2137934366862 38.1182652791341 38.0399459838867 37.9673629760742 37.8947799682617 37.8221969604492 37.7496139526367 37.6770309448242 37.6044479370117 37.4093856811525 36.8468856811525 36.2843856811524 35.7218856811525 35.1593856811525 34.5968856811524 34.0343856811525 33.4718856811525 32.9111986160279 32.3511158625286 -9999 -9999 -9999 -9999 -9999 -9999 -9999 -9999 -9999 -9999 -9999
37.9562357584635 38.1400892469618 38.32394273546 38.4144109090169 38.47375064426 38.533090379503 38.5924301147461 38.6517698499891 38.7111095852322 38.7704493204753 38.7928427802192 38.7043974134657 38.6159520467123 38.5275066799588 38.4390613132053 38.3506159464518 38.2621705796984 38.1737252129449 38.0921696980794 38.01291080051 37.9336519029406 37.8543930053711 37.7751341078017 37.6958752102322 37.6166163126628 37.4209911770292 36.8762673272028 36.3315434773764 35.78681962755 35.2420957777237 34.6973719278972 34.1526480780709 33.6079242282445 33.036159960429 32.4553822199505 -9999 -9999 -9999 -9999 -9999 -9999 -9999 -9999 -9999 -9999 -9999
37.7578786214193 37.9482845730252 38.1386905246311 38.2495691935222 38.3339387681749 38.4183083428277 38.5026779174805 38.5870474921332 38.671417066786 38.7557866414388 38.7987231784397 38.7173606024848 38.63599802653 38.5546354505751 38.4732728746202 38.3919102986654 38.3105477227105 38.2291851467557 38.1443934122721 38.0584586249458 37.9725238376194 37.886589050293 37.8006542629666 37.7147194756402 37.6287846883138 37.4325966729059 36.9056489732532 36.3787012736003 35.8517535739476 35.3248058742948 34.797858174642 34.2709104749893 33.7439627753365 -9999 -9999 -9999 -9999 -9999 -9999 -9999 -9999 -9999 -9999 -9999 -9999 -9999
37.559521484375 37.7564798990885 37.9534383138021 38.0847274780274 38.1941268920898 38.3035263061523 38.4129257202148 38.5223251342773 38.6317245483398 38.7411239624023 38.8046035766602 38.7303237915039 38.6560440063477 38.5817642211914 38.5074844360352 38.4332046508789 38.3589248657227 38.2846450805664 38.1966171264648 38.1040064493815 38.0113957722982 37.9187850952149 37.8261744181315 37.7335637410482 37.6409530639649 37.4442021687827 36.9350306193035 36.4258590698243 35.9166875203452 35.407515970866 34.8983444213868 34.3891728719076 33.8800013224285 33.286082649231 32.6639149347942 -9999 -9999 -9999 -9999 -9999 -9999 -9999 -9999 -9999 -9999 -9999
37.3611643473307 37.5646752251519 37.7681861029731 37.9198857625325 38.0543150160048 38.188744269477 38.3231735229492 38.4576027764214 38.5920320298936 38.7264612833659 38.8104839748807 38.743286980523 38.6760899861654 38.6088929918077 38.5416959974501 38.4744990030925 38.4073020087348 38.3401050143772 38.2488408406576 38.1495542738173 38.050267706977 37.9509811401367 37.8516945732965 37.7524080064562 37.6531214396159 37.4558076646594 36.9644122653539 36.4730168660482 35.9816214667427 35.4902260674372 34.9988306681316 34.507435268826 34.0160398695205 33.4110439936321 32.7681812922161 32.1253185908001 -9999 -9999 -9999 -9999 -9999 -9999 -9999 -9999 -9999 -9999
37.2069290161133 37.4097366333008 37.6125442504882 37.7761817932129 37.9267626444499 38.0773434956868 38.2279243469238 38.3785051981608 38.5290860493978 38.6796669006348 38.7777718438043 38.7184490627713 38.6591262817383 38.5998035007053 38.5404807196723 38.4811579386393 38.4218351576064 38.3625123765734 38.2682126363119 38.1622539096409 38.0562951829699 37.9503364562989 37.8443777296279 37.7384190029569 37.6324602762858 37.4365241156685 36.9706556532119 36.5047871907553 36.0389187282987 35.5730502658421 35.1071818033855 34.6413133409289 34.1754448784723 33.5616258621217 32.898489994473 32.2353541268244 -9999 -9999 -9999 -9999 -9999 -9999 -9999 -9999 -9999 -9999
37.0968154907226 37.2916641235351 37.4865127563476 37.6536155700684 37.8114697774251 37.9693239847819 38.1271781921387 38.2850323994954 38.4428866068522 38.600740814209 38.706467183431 38.6558100382487 38.6051528930664 38.5544957478841 38.5038386027018 38.4531814575195 38.4025243123372 38.351867167155 38.2547325134278 38.1421053568522 38.0294782002767 37.9168510437012 37.8042238871257 37.6915967305502 37.5789695739746 37.38635152181 36.9537607828777 36.5211700439454 36.0885793050131 35.6559885660808 35.2233978271485 34.7908070882162 34.358216349284 33.7378282546998 33.0548410415651 -9999 -9999 -9999 -9999 -9999 -9999 -9999 -9999 -9999 -9999 -9999
36.986701965332 37.1735916137695 37.360481262207 37.5310493469238 37.6961769104004 37.8613044738769 38.0264320373535 38.1915596008301 38.3566871643066 38.5218147277832 38.6351625230578 38.5931710137262 38.5511795043945 38.509187995063 38.4671964857313 38.4252049763997 38.3832134670682 38.3412219577366 38.2412523905436 38.1219568040636 38.0026612175836 37.8833656311035 37.7640700446235 37.6447744581435 37.5254788716634 37.3361789279515 36.9368659125435 36.5375528971355 36.1382398817275 35.7389268663195 35.3396138509115 34.9403008355035 34.5409878200956 33.9140306472779 33.2111920886571 32.5083535300363 31.8055149714153 31.1026764127945 -9999 -9999 -9999 -9999 -9999 -9999 -9999 -9999
36.8765884399414 37.0555191040039 37.2344497680664 37.4084831237793 37.5808840433756 37.753284962972 37.9256858825683 38.0980868021647 38.270487721761 38.4428886413574 38.5638578626845 38.5305319892036 38.4972061157227 38.4638802422418 38.4305543687609 38.39722849528 38.3639026217991 38.3305767483182 38.2277722676595 38.101808251275 37.9758442348904 37.8498802185059 37.7239162021213 37.5979521857368 37.4719881693522 37.286006334093 36.9199710422093 36.5539357503256 36.1879004584419 35.8218651665583 35.4558298746745 35.0897945827909 34.7237592909072 34.0902330398561 33.3675431357491 32.6448532316422 31.9221633275351 -9999 -9999 -9999 -9999 -9999 -9999 -9999 -9999 -9999
36.7664749145508 36.9374465942383 37.1084182739258 37.2859169006348 37.4655911763509 37.645265452067 37.8249397277832 38.0046140034993 38.1842882792155 38.3639625549316 38.4925532023112 38.467892964681 38.4432327270508 38.4185724894206 38.3939122517904 38.3692520141602 38.34459177653 38.3199315388998 38.2142921447754 38.0816596984864 37.9490272521973 37.8163948059082 37.6837623596192 37.5511299133301 37.418497467041 37.2358337402345 36.9030761718751 36.5703186035157 36.2375610351563 35.904803466797 35.5720458984375 35.2392883300782 34.9065307617188 34.2664354324342 33.5238941828411 32.7813529332481 -9999 -9999 -9999 -9999 -9999 -9999 -9999 -9999 -9999 -9999
36.6563613891602 36.8193740844726 36.9823867797851 37.1633506774902 37.3502983093262 37.5372459411621 37.724193572998 37.911141204834 38.0980888366699 38.2850364685059 38.421248541938 38.4052539401584 38.3892593383789 38.3732647365994 38.3572701348199 38.3412755330404 38.3252809312609 38.3092863294813 38.2008120218913 38.0615111456977 37.9222102695042 37.7829093933106 37.643608517117 37.5043076409234 37.3650067647299 37.1856611463759 36.8861813015409 36.5867014567058 36.2872216118707 35.9877417670357 35.6882619222005 35.3887820773655 35.0893022325304 34.4426378250123 33.6802452299331 32.917852634854 32.1554600397747 31.3930674446955 -9999 -9999 -9999 -9999 -9999 -9999 -9999 -9999
36.3489657560985 36.544026295344 36.7390868345896 36.947848256429 37.161176639133 37.374505021837 37.587833404541 37.801161787245 38.014490169949 38.227818552653 38.3833535088433 38.3655081854926 38.3476628621419 38.3298175387912 38.3119722154405 38.2941268920899 38.2762815687392 38.2584362453885 38.144664255778 37.9989167107477 37.8531691657173 37.7074216206869 37.5616740756565 37.4159265306261 37.2701789855957 37.0859595404732 36.7863243950739 36.4866892496746 36.1870541042753 35.887418958876 35.5877838134766 35.2881486680774 34.9885135226781 34.3525211970013 33.604409811232 32.8562984254628 32.1081870396933 31.3600756539241 -9999 -9999 -9999 -9999 -9999 -9999 -9999 -9999
35.8442880153656 36.1114032268524 36.3785184383392 36.6394096374512 36.8982261657715 37.1570426940918 37.4158592224121 37.6746757507324 37.9334922790527 38.192308807373 38.3788681030274 38.3486557006836 38.3184432983399 38.2882308959961 38.2580184936524 38.2278060913086 38.1975936889649 38.1673812866211 38.0458488464356 37.8938763936361 37.7419039408367 37.5899314880372 37.4379590352377 37.2859865824382 37.1340141296387 36.9367289225261 36.6035054524741 36.270281982422 35.9370585123699 35.6038350423179 35.2706115722657 34.9373881022137 34.6041646321616 33.9960855484011 33.2963879267377 32.5966903050743 31.8969926834108 31.1972950617474 -9999 -9999 -9999 -9999 -9999 -9999 -9999 -9999
35.3396102746328 35.6787801583608 36.0179500420888 36.3309710184733 36.6352756924099 36.9395803663465 37.2438850402832 37.5481897142198 37.8524943881564 38.1567990620931 38.3743826972114 38.3318032158746 38.2892237345378 38.246644253201 38.2040647718642 38.1614852905274 38.1189058091906 38.0763263278538 37.9470334370932 37.7888360765246 37.630638715956 37.4724413553874 37.3142439948189 37.1560466342503 36.9978492736817 36.7874983045791 36.4206865098743 36.0538747151694 35.6870629204645 35.3202511257597 34.9534393310548 34.58662753635 34.2198157416452 33.6396498998008 32.9883660422433 32.3370821846858 31.6857983271283 31.0345144695708 -9999 -9999 -9999 -9999 -9999 -9999 -9999 -9999
34.8349325338999 35.2461570898691 35.6573816458383 36.0225323994954 36.3723252190483 36.7221180386013 37.0719108581543 37.4217036777072 37.7714964972601 38.1212893168131 38.3698972913954 38.3149507310656 38.2600041707357 38.2050576104058 38.150111050076 38.0951644897461 38.0402179294163 37.9852713690864 37.8482180277507 37.683795759413 37.5193734910754 37.3549512227377 37.1905289544 37.0261066860623 36.8616844177246 36.6382676866321 36.2378675672744 35.8374674479168 35.4370673285591 35.0366672092015 34.6362670898439 34.2358669704862 33.8354668511286 33.2832142512005 32.6803441577489 32.0774740642973 31.4746039708457 -9999 -9999 -9999 -9999 -9999 -9999 -9999 -9999 -9999
