data/working_set_collections/6091692-Cassins_Sparrow-MC/2010/bio5.asc
NCOLS 265 
NROWS 230 
XLLCORNER -115.5625 
YLLCORNER 24.8333333333333 
CELLSIZE 0.0833333333333333 
NODATA_value -9999 
[rows 180 to 199 of 230, columns 184 to 229 of 265]
39.2244079589844 39.2451680501302 39.265928141276 39.2643747965495 39.2553836398654 39.2463924831814 39.2374013264974 39.2284101698134 39.2194190131293 39.2104278564453 39.1965341356065 39.1679327223036 39.1393313090006 39.1107298956977 39.0821284823947 39.0535270690918 39.0249256557888 38.9963242424859 38.9623346964518 38.926549106174 38.8907635158963 38.8549779256185 38.8191923353407 38.783406745063 38.7476211547852 38.7036995781793 38.635370042589 38.5670405069987 38.4987109714084 38.4303814358182 38.3620519002279 38.2937223646376 38.2253928290473 38.0949328104655 37.9437626308866 37.7925924513076 37.6414222717286 37.4902520921496 37.3390819125706 37.1879117329916 37.0230006800759 36.8168670071497 36.6107333342236 36.4045996612974 36.1984659883713 35.9923323154451
39.2699188232422 39.3037974039713 39.3376759847005 39.3416137695312 39.3355712890625 39.3295288085937 39.323486328125 39.3174438476562 39.3114013671875 39.3053588867187 39.292227935791 39.2578315734863 39.2234352111816 39.189038848877 39.1546424865723 39.1202461242676 39.0858497619629 39.0514533996582 39.0073745727539 38.9600682576497 38.9127619425456 38.8654556274414 38.8181493123373 38.7708429972331 38.7235366821289 38.6686864217123 38.5912043253581 38.5137222290039 38.4362401326498 38.3587580362956 38.2812759399414 38.2037938435873 38.1263117472331 37.9671989440918 37.7808759053549 37.5945528666179 37.4082298278809 37.221906789144 37.035583750407 36.84926071167 36.6465583960217 36.394718249639 36.1428781032564 35.8910379568737 35.6391978104911 35.3873576641084
39.3154296875 39.3624267578125 39.409423828125 39.418852742513 39.4157589382595 39.4126651340061 39.4095713297526 39.4064775254991 39.4033837212456 39.4002899169922 39.3879217359755 39.3477304246691 39.3075391133626 39.2673478020562 39.2271564907498 39.1869651794434 39.1467738681369 39.1065825568305 39.052414449056 38.9935874091254 38.9347603691949 38.8759333292643 38.8171062893338 38.7582792494032 38.6994522094727 38.6336732652452 38.5470386081272 38.4604039510091 38.3737692938911 38.287134636773 38.200499979655 38.1138653225369 38.0272306654189 37.8394650777182 37.6179891798232 37.3965132819283 37.1750373840333 36.9535614861383 36.7320855882434 36.5106096903484 36.2701161119674 35.9725694921283 35.6750228722891 35.37747625245 35.0799296326109 34.7823830127717
39.3609405517578 39.4210561116536 39.4811716715494 39.4960917154948 39.4959465874566 39.4958014594184 39.4956563313802 39.495511203342 39.4953660753038 39.4952209472656 39.4836155361599 39.4376292758518 39.3916430155436 39.3456567552355 39.2996704949273 39.2536842346191 39.207697974311 39.1617117140028 39.0974543253581 39.0271065606011 38.9567587958442 38.8864110310872 38.8160632663303 38.7457155015734 38.6753677368164 38.5986601087782 38.5028728908963 38.4070856730144 38.3112984551324 38.2155112372505 38.1197240193685 38.0239368014866 37.9281495836046 37.7117312113445 37.4551024542915 37.1984736972386 36.9418449401856 36.6852161831327 36.4285874260798 36.1719586690268 35.8936738279132 35.5504207346176 35.207167641322 34.8639145480264 34.5206614547308 34.1774083614351
39.4064514160156 39.4796854654948 39.5529195149739 39.5733306884765 39.5761342366536 39.5789377848307 39.5817413330078 39.5845448811849 39.587348429362 39.590151977539 39.5793093363444 39.5275281270345 39.4757469177246 39.4239657084147 39.3721844991048 39.3204032897949 39.268622080485 39.2168408711751 39.1424942016602 39.0606257120768 38.9787572224935 38.8968887329102 38.8150202433268 38.7331517537435 38.6512832641602 38.5636469523112 38.4587071736654 38.3537673950196 38.2488276163737 38.1438878377279 38.0389480590821 37.9340082804362 37.8290685017904 37.5839973449708 37.2922157287599 37.0004341125489 36.708652496338 36.4168708801271 36.1250892639162 35.8333076477052 35.517231543859 35.1282719771069 34.7393124103548 34.3503528436027 33.9613932768506 33.5724337100984
39.4519622802734 39.5383148193359 39.6246673583984 39.6505696614583 39.6563218858507 39.662074110243 39.6678263346354 39.6735785590278 39.6793307834201 39.6850830078125 39.6750031365289 39.6174269782172 39.5598508199056 39.502274661594 39.4446985032823 39.3871223449707 39.3295461866591 39.2719700283474 39.1875340779622 39.0941448635525 39.0007556491428 38.9073664347331 38.8139772203234 38.7205880059137 38.6271987915039 38.5286337958442 38.4145414564345 38.3004491170248 38.1863567776151 38.0722644382053 37.9581720987956 37.8440797593859 37.7299874199762 37.4562634785971 37.1293290032282 36.8023945278593 36.4754600524903 36.1485255771214 35.8215911017525 35.4946566263836 35.1407892598048 34.7061232195962 34.2714571793876 33.836791139179 33.4021250989704 -9999
39.4475509643555 39.5456432766384 39.6437355889214 39.6741256713867 39.6819483439128 39.6897710164388 39.6975936889648 39.7054163614909 39.7132390340169 39.721061706543 39.7107009039985 39.6457896762424 39.5808784484863 39.5159672207303 39.4510559929742 39.3861447652181 39.3212335374621 39.256322309706 39.1645212809245 39.0637569851346 38.9629926893447 38.8622283935547 38.7614640977648 38.6606998019749 38.5599355061849 38.4523536682129 38.3243192036947 38.1962847391765 38.0682502746583 37.94021581014 37.8121813456218 37.6841468811036 37.5561124165854 37.2441826025646 36.8709543387097 36.4977260748547 36.1244978109997 35.7512695471448 35.3780412832898 35.0048130194348 34.6158969932135 34.1799176798929 33.7439383665723 33.3079590532517 32.8719797399311 32.4360004266105
39.3932174682617 39.5016708374023 39.6101242065429 39.6439987182617 39.6530136108398 39.662028503418 39.6710433959961 39.6800582885742 39.6890731811523 39.6980880737305 39.6864026387533 39.61261622111 39.5388298034668 39.4650433858236 39.3912569681804 39.3174705505371 39.2436841328939 39.1698977152507 39.0734558105469 38.969462076823 38.865468343099 38.761474609375 38.6574808756511 38.5534871419271 38.4494934082032 38.3348065694174 38.188040415446 38.0412742614747 37.8945081075033 37.747741953532 37.6009757995606 37.4542096455893 37.3074434916179 36.9477547168733 36.5170917352042 36.0864287535351 35.655765771866 35.2251027901969 34.7944398085278 34.3637768268587 33.9425547440849 33.5496553579968 33.1567559719087 32.7638565858207 32.3709571997327 -9999
39.338883972168 39.4576983981662 39.5765128241645 39.6138717651367 39.6240788777669 39.6342859903971 39.6444931030274 39.6547002156576 39.6649073282878 39.675114440918 39.662104373508 39.5794427659777 39.4967811584473 39.4141195509169 39.3314579433865 39.2487963358561 39.1661347283258 39.0834731207954 38.9823903401693 38.8751671685113 38.7679439968533 38.6607208251953 38.5534976535374 38.4462744818794 38.3390513102214 38.2172594706218 38.0517616271973 37.8862637837728 37.7207659403484 37.5552680969239 37.3897702534994 37.2242724100749 37.0587745666505 36.651326831182 36.1632291316988 35.6751314322156 35.1870337327323 34.6989360332491 34.2108383337659 33.7227406342826 33.2692124949563 32.9193930361008 32.5695735772452 32.2197541183897 31.8699346595342 -9999
39.2845504760742 39.4137259589301 39.542901441786 39.5837448120117 39.595144144694 39.6065434773763 39.6179428100586 39.6293421427409 39.6407414754232 39.6521408081055 39.6378061082628 39.5462693108453 39.4547325134278 39.3631957160102 39.2716589185927 39.1801221211752 39.0885853237576 38.9970485263401 38.8913248697917 38.7808722601997 38.6704196506077 38.5599670410157 38.4495144314237 38.3390618218316 38.2286092122396 38.0997123718262 37.9154828389486 37.731253306071 37.5470237731934 37.3627942403158 37.1785647074382 36.9943351745606 36.810105641683 36.3548989454907 35.8093665281934 35.263834110896 34.7183016935986 34.1727692763013 33.627236859004 33.0817044417066 32.5958702458278 32.2891307142048 31.9823911825818 -9999 -9999 -9999
39.2302169799805 39.369753519694 39.5092900594075 39.5536178588867 39.5662094116211 39.5788009643555 39.5913925170899 39.6039840698242 39.6165756225586 39.629167175293 39.6135078430176 39.5130958557129 39.4126838684082 39.3122718811035 39.2118598937989 39.1114479064942 39.0110359191895 38.9106239318848 38.8002593994141 38.6865773518881 38.572895304362 38.459213256836 38.3455312093099 38.2318491617839 38.1181671142579 37.9821652730307 37.7792040507 37.5762428283692 37.3732816060385 37.1703203837078 36.967359161377 36.7643979390463 36.5614367167156 36.0584710597993 35.4555039246879 34.8525367895765 34.2495696544649 33.6466025193535 33.043635384242 32.4406682491305 31.9225279966992 31.6588683923087 -9999 -9999 -9999 -9999
39.1758834838867 39.3257810804579 39.475678677029 39.5234909057617 39.5372746785482 39.5510584513346 39.5648422241211 39.5786259969076 39.592409769694 39.6061935424805 39.5892095777724 39.4799224005805 39.3706352233887 39.2613480461969 39.152060869005 39.0427736918132 38.9334865146213 38.8241993374295 38.7091939290365 38.5922824435764 38.4753709581164 38.3584594726563 38.2415479871962 38.1246365017362 38.0077250162761 37.8646181742351 37.6429252624513 37.4212323506674 37.1995394388835 36.9778465270997 36.7561536153158 36.534460703532 36.3127677917481 35.762043174108 35.1016413211825 34.4412394682569 33.7808376153312 33.1204357624056 -9999 -9999 -9999 -9999 -9999 -9999 -9999 -9999
39.1476595560709 39.2954266866048 39.4431938171386 39.487291208903 39.4968320210775 39.506372833252 39.5159136454264 39.5254544576009 39.5349952697754 39.5445360819499 39.5232002258301 39.4092343648275 39.2952685038249 39.1813026428223 39.0673367818197 38.9533709208171 38.8394050598145 38.7254391988119 38.6105532328288 38.4953605651856 38.3801678975424 38.2649752298991 38.1497825622559 38.0345898946127 37.9193972269694 37.7717668321398 37.526823255751 37.281879679362 37.0369361029732 36.7919925265843 36.5470489501954 36.3021053738065 36.0571617974177 35.4782180150352 34.7879408306548 34.0976636462744 33.4073864618939 32.7171092775135 -9999 -9999 -9999 -9999 -9999 -9999 -9999 -9999
39.1455451965332 39.2786903381347 39.4118354797363 39.4450187683106 39.444881439209 39.4447441101074 39.4446067810059 39.4444694519043 39.4443321228027 39.4441947937012 39.4154797871908 39.3010317484538 39.1865837097168 39.0721356709799 38.9576876322429 38.8432395935059 38.7287915547689 38.614343516032 38.5043373107911 38.3958117167155 38.28728612264 38.1787605285645 38.070234934489 37.9617093404135 37.8531837463379 37.7036112467449 37.4308980305991 37.1581848144532 36.8854715983074 36.6127583821616 36.3400451660157 36.0673319498699 35.7946187337241 35.2069955825807 34.5144024531049 33.821809323629 33.129216194153 -9999 -9999 -9999 -9999 -9999 -9999 -9999 -9999 -9999
39.1434308369954 39.2619539896647 39.380477142334 39.4027463277181 39.3929308573405 39.3831153869629 39.3732999165853 39.3634844462077 39.3536689758301 39.3438535054525 39.3077593485515 39.1928291320801 39.0778989156088 38.9629686991374 38.8480384826661 38.7331082661947 38.6181780497234 38.503247833252 38.3981213887533 38.2962628682455 38.1944043477377 38.0925458272298 37.990687306722 37.8888287862142 37.7869702657064 37.6354556613499 37.3349728054472 37.0344899495443 36.7340070936416 36.4335242377388 36.133041381836 35.8325585259333 35.5320756700305 34.9357731501263 34.2408640755549 33.5459550009836 -9999 -9999 -9999 -9999 -9999 -9999 -9999 -9999 -9999 -9999
39.1413164774577 39.2452176411946 39.3491188049316 39.3604738871257 39.340980275472 39.3214866638184 39.3019930521647 39.2824994405111 39.2630058288574 39.2435122172038 39.2000389099122 39.0846265157064 38.9692141215007 38.853801727295 38.7383893330892 38.6229769388835 38.5075645446778 38.3921521504721 38.2919054667155 38.1967140197754 38.1015225728353 38.0063311258952 37.9111396789551 37.815948232015 37.7207567850749 37.5673000759549 37.2390475802953 36.9107950846355 36.5825425889758 36.2542900933161 35.9260375976563 35.5977851019966 35.269532606337 34.6645507176719 33.967325698005 -9999 -9999 -9999 -9999 -9999 -9999 -9999 -9999 -9999 -9999 -9999
39.1392021179199 39.2284812927246 39.3177604675293 39.3182014465332 39.2890296936035 39.2598579406738 39.2306861877442 39.2015144348145 39.1723426818848 39.1431709289551 39.0923184712728 38.9764238993327 38.8605293273926 38.7446347554525 38.6287401835124 38.5128456115723 38.3969510396322 38.2810564676921 38.1856895446778 38.0971651713054 38.008640797933 37.9201164245606 37.8315920511882 37.7430676778158 37.6545433044434 37.49914449056 37.1431223551434 36.7871002197266 36.43107808431 36.0750559488934 35.7190338134767 35.36301167806 35.0069895426434 34.3933282852175 33.6937873204551 -9999 32.2947053909303 -9999 -9999 -9999 -9999 -9999 -9999 -9999 -9999 -9999
39.1370877583822 39.2117449442545 39.2864021301269 39.2759290059408 39.237079111735 39.1982292175293 39.1593793233236 39.1205294291179 39.0816795349121 39.0428296407064 38.9845980326335 38.868221282959 38.7518445332845 38.6354677836101 38.5190910339356 38.4027142842611 38.2863375345866 38.1699607849122 38.07947362264 37.9976163228353 37.9157590230306 37.8339017232259 37.7520444234213 37.6701871236166 37.5883298238119 37.430988905165 37.0471971299914 36.6634053548178 36.2796135796442 35.8958218044706 35.512030029297 35.1282382541234 34.7444464789498 34.122105852763 33.4202489429052 -9999 -9999 -9999 -9999 -9999 -9999 -9999 -9999 -9999 -9999 -9999
39.0790387471517 39.1547287835015 39.2304188198513 39.2191029866537 39.1787851969401 39.1384674072266 39.098149617513 39.0578318277995 39.017514038086 38.9771962483724 38.9180214775933 38.8022757636177 38.686530049642 38.5707843356663 38.4550386216906 38.3392929077149 38.2235471937392 38.1078014797635 38.0209693908692 37.943775177002 37.8665809631348 37.7893867492676 37.7121925354004 37.6349983215332 37.557804107666 37.3964999728734 36.9828660753039 36.5692321777345 36.155598280165 35.7419643825956 35.3283304850261 34.9146965874567 34.5010626898873 33.8812664667767 33.1927494684857 32.5042324701947 -9999 -9999 -9999 -9999 -9999 -9999 -9999 -9999 -9999 -9999
38.9650550842285 39.0574328104655 39.1498105367025 39.1477233886719 39.1141479492188 39.0805725097656 39.0469970703125 39.0134216308594 38.9798461914063 38.9462707519531 38.8925888061524 38.7785873413086 38.6645858764649 38.5505844116211 38.4365829467774 38.3225814819336 38.2085800170899 38.0945785522461 38.0101768493653 37.9356417338054 37.8611066182455 37.7865715026856 37.7120363871257 37.6375012715658 37.5629661560059 37.395677693685 36.9501291910809 36.5045806884767 36.0590321858725 35.6134836832684 35.1679351806642 34.72238667806 34.2768381754559 33.6708101272584 33.0112888971966 -9999 -9999 -9999 -9999 -9999 -9999 -9999 -9999 -9999 -9999 -9999
