data/working_set_collections/6091692-Cassins_Sparrow-MC/2010/bio6.asc
NCOLS 265 
NROWS 230 
XLLCORNER -115.5625 
YLLCORNER 24.8333333333333 
CELLSIZE 0.0833333333333333 
NODATA_value -9999 
[rows 120 to 139 of 230, columns 88 to 131 of 265]
-5.01764383316041 -5.00014751222401 -4.90922106636897 -4.81829462051394 -4.72736817465892 -4.63644172880388 -4.54551528294885 -4.45458883709382 -4.36366239123878 -4.19822829465078 -4.00795831448509 -3.81768833431938 -3.62741835415369 -3.43714837398801 -3.24687839382229 -3.05660841365661 -2.94105936785539 -3.04967312514783 -3.15828688244025 -3.26690063973268 -3.37551439702512 -3.48412815431754 -3.59274191160997 -3.70135566890241 -3.72595173517865 -3.72254190444948 -3.71913207372031 -3.71572224299115 -3.71231241226198 -3.70890258153281 -3.70549275080364 -3.64104555580357 -3.39348626799061 -3.14592698017761 -2.89836769236465 -2.65080840455169 -2.40324911673869 -2.15568982892573 -1.90813054111277 -1.83643491268159 -1.82336050404444 -1.81028609540729 -1.79721168677013 -1.78413727813298
-4.95861978530884 -4.94439579645796 -4.82565291722618 -4.70691003799442 -4.58816715876266 -4.46942427953088 -4.35068140029913 -4.23193852106737 -4.11319564183559 -3.94685754477985 -3.76465437511611 -3.58245120545234 -3.40024803578861 -3.21804486612487 -3.0358416964611 -2.85363852679736 -2.74357789655527 -2.84994488457841 -2.95631187260153 -3.06267886062464 -3.16904584864778 -3.27541283667089 -3.38177982469401 -3.48814681271714 -3.52743387222293 -3.54436095555626 -3.56128803888959 -3.57821512222292 -3.59514220555625 -3.61206928888958 -3.62899637222291 -3.57861947615948 -3.32633064190555 -3.07404180765158 -2.82175297339764 -2.56946413914371 -2.31717530488974 -2.0648864706358 -1.81259763638187 -1.74013364315035 -1.72761126359306 -1.71508888403577 -1.70256650447847 -1.69004412492118
-4.89959573745728 -4.88864408069191 -4.74208476808339 -4.59552545547489 -4.4489661428664 -4.30240683025788 -4.15584751764939 -4.00928820504089 -3.86272889243237 -3.69548679490891 -3.52135043574711 -3.34721407658529 -3.1730777174235 -2.99894135826171 -2.82480499909989 -2.6506686399381 -2.54609642525514 -2.65021664400897 -2.75433686276278 -2.85845708151659 -2.96257730027042 -3.06669751902423 -3.17081773777803 -3.27493795653186 -3.32891600926719 -3.36618000666302 -3.40344400405886 -3.44070800145468 -3.47797199885051 -3.51523599624635 -3.55249999364218 -3.51619339651538 -3.25917501582048 -3.00215663512553 -2.74513825443063 -2.48811987373572 -2.23110149304078 -1.97408311234587 -1.71706473165097 -1.6438323736191 -1.63186202314167 -1.61989167266424 -1.6079213221868 -1.59595097170937
-4.84057168960571 -4.83289236492585 -4.6585166189406 -4.48414087295536 -4.30976512697013 -4.13538938098488 -3.96101363499964 -3.78663788901441 -3.61226214302916 -3.44411604503796 -3.27804649637812 -3.11197694771824 -2.9459073990584 -2.77983785039855 -2.61376830173868 -2.44769875307883 -2.34861495395501 -2.45048840343953 -2.55236185292403 -2.65423530240854 -2.75610875189306 -2.85798220137756 -2.95985565086206 -3.06172910034658 -3.13039814631145 -3.18799905776978 -3.24559996922812 -3.30320088068645 -3.36080179214478 -3.41840270360311 -3.47600361506144 -3.45376731687129 -3.19201938973541 -2.93027146259949 -2.66852353546361 -2.40677560832774 -2.14502768119182 -1.88327975405594 -1.62153182692006 -1.54753110408784 -1.53611278269027 -1.5246944612927 -1.51327613989513 -1.50185781849757
-4.78154764175415 -4.7771406491598 -4.57494846979781 -4.37275629043584 -4.17056411107388 -3.96837193171188 -3.76617975234992 -3.56398757298796 -3.36179539362596 -3.19274529516704 -3.03474255700914 -2.87673981885121 -2.71873708069331 -2.56073434253541 -2.40273160437748 -2.24472886621958 -2.1511334826549 -2.25076016287011 -2.35038684308531 -2.4500135233005 -2.54964020351571 -2.64926688373091 -2.7488935639461 -2.84852024416131 -2.93188028335573 -3.00981810887656 -3.0877559343974 -3.16569375991822 -3.24363158543905 -3.32156941095989 -3.39950723648071 -3.39134123722719 -3.12486376365035 -2.85838629007345 -2.5919088164966 -2.32543134291976 -2.05895386934286 -1.79247639576602 -1.52599892218917 -1.4512298345566 -1.44036354223889 -1.42949724992118 -1.41863095760347 -1.40776466528576
-4.72252359390258 -4.72138893339375 -4.49138032065501 -4.26137170791632 -4.03136309517762 -3.80135448243888 -3.57134586970018 -3.34133725696148 -3.11132864422274 -2.94137454529609 -2.79143861764014 -2.64150268998416 -2.49156676232821 -2.34163083467225 -2.19169490701627 -2.04175897936032 -1.95365201135477 -2.05103192230067 -2.14841183324656 -2.24579174419245 -2.34317165513835 -2.44055156608424 -2.53793147703013 -2.63531138797603 -2.7333624204 -2.83163715998332 -2.92991189956666 -3.02818663914999 -3.12646137873331 -3.22473611831665 -3.32301085789998 -3.3289151575831 -3.05770813756528 -2.78650111754741 -2.51529409752959 -2.24408707751177 -1.9728800574939 -1.70167303747608 -1.43046601745826 -1.35492856502534 -1.3446143017875 -1.33430003854965 -1.3239857753118 -1.31367151207396
-4.59262603024642 -4.60792093243871 -4.35786803397872 -4.10781513551878 -3.85776223705883 -3.60770933859884 -3.35765644013889 -3.10760354167894 -2.85755064321895 -2.7005582928658 -2.57458612521495 -2.44861395756407 -2.32264178991321 -2.19666962226236 -2.07069745461148 -1.94472528696062 -1.87016295327078 -1.94983012146419 -2.02949728965758 -2.10916445785098 -2.18883162604438 -2.26849879423777 -2.34816596243117 -2.42783313062457 -2.53474765519301 -2.65074463188648 -2.76674160857996 -2.88273858527342 -2.99873556196689 -3.11473253866037 -3.23072951535383 -3.24953876733787 -2.97678484519332 -2.70403092304871 -2.43127700090416 -2.1585230787596 -1.885769156615 -1.61301523447044 -1.34026131232588 -1.26283922990164 -1.25052776071762 -1.23821629153359 -1.22590482234956 -1.21359335316554
-4.39185495078565 -4.43673664629468 -4.17441160976893 -3.91208657324322 -3.64976153671751 -3.38743650019176 -3.12511146366605 -2.86278642714034 -2.60046139061458 -2.47029653787618 -2.38418507973358 -2.29807362159097 -2.21196216344837 -2.12585070530577 -2.03973924716315 -1.95362778902055 -1.900666308403 -1.94715476036071 -1.99364321231842 -2.04013166427612 -2.08662011623384 -2.13310856819154 -2.17959702014925 -2.22608547210696 -2.33603598773481 -2.46714052458604 -2.5982450614373 -2.72934959828854 -2.86045413513978 -2.99155867199104 -3.12266320884227 -3.15321206649152 -2.88209388653447 -2.61097570657736 -2.33985752662031 -2.06873934666325 -1.79762116670615 -1.52650298674909 -1.25538480679203 -1.1749618291855 -1.15810391902926 -1.14124600887301 -1.12438809871676 -1.10753018856051
-4.19108387132485 -4.26555236015064 -3.99095518555912 -3.71635801096765 -3.44176083637618 -3.16716366178466 -2.89256648719319 -2.61796931260172 -2.3433721380102 -2.24003478288655 -2.1937840342522 -2.14753328561785 -2.10128253698351 -2.05503178834917 -2.00878103971482 -1.96253029108048 -1.93116966353522 -1.94447939925723 -1.95778913497925 -1.97109887070127 -1.98440860642329 -1.9977183421453 -2.01102807786732 -2.02433781358934 -2.13732432027658 -2.28353641728559 -2.42974851429463 -2.57596061130364 -2.72217270831266 -2.86838480532169 -3.01459690233071 -3.05688536564517 -2.78740292787561 -2.51792049010601 -2.24843805233645 -1.97895561456689 -1.70947317679729 -1.43999073902773 -1.17050830125818 -1.08708442846936 -1.06568007734089 -1.04427572621242 -1.02287137508394 -1.00146702395547
-3.99031279186406 -4.09436807400659 -3.80749876134931 -3.52062944869208 -3.23376013603484 -2.94689082337756 -2.66002151072033 -2.3731521980631 -2.08628288540581 -2.00977302789691 -2.00338298877083 -1.99699294964474 -1.99060291051866 -1.98421287139258 -1.97782283226649 -1.97143279314041 -1.96167301866743 -1.94180403815376 -1.92193505764008 -1.90206607712641 -1.88219709661273 -1.86232811609906 -1.84245913558538 -1.82259015507171 -1.93861265281836 -2.09993230998515 -2.26125196715196 -2.42257162431875 -2.58389128148554 -2.74521093865235 -2.90653059581914 -2.96055866479881 -2.69271196921675 -2.42486527363465 -2.15701857805259 -1.88917188247054 -1.62132518688843 -1.35347849130638 -1.08563179572432 -0.999207027753209 -0.973256235652516 -0.947305443551824 -0.921354651451127 -0.895403859350434
-3.78954171240328 -3.92318378786256 -3.62404233713951 -3.32490088641652 -3.02575943569353 -2.72661798497048 -2.42747653424749 -2.1283350835245 -1.82919363280145 -1.77951127290729 -1.81298194328946 -1.84645261367164 -1.87992328405382 -1.91339395443599 -1.94686462481817 -1.98033529520034 -1.99217637379965 -1.93912867705028 -1.88608098030092 -1.83303328355156 -1.77998558680219 -1.72693789005283 -1.67389019330347 -1.6208424965541 -1.73990098536015 -1.91632820268471 -2.0927554200093 -2.26918263733387 -2.44560985465843 -2.62203707198302 -2.79846428930758 -2.86423196395246 -2.5980210105579 -2.3318100571633 -2.06559910376874 -1.79938815037419 -1.53317719697958 -1.26696624358503 -1.00075529019047 -0.911329627037069 -0.880832393964154 -0.85033516089124 -0.819837927818321 -0.789340694745407
-3.58877063294249 -3.75199950171851 -3.4405859129297 -3.12917232414095 -2.81775873535219 -2.50634514656338 -2.19493155777463 -1.88351796898587 -1.57210438019707 -1.54924951791765 -1.62258089780809 -1.69591227769853 -1.76924365758896 -1.84257503747939 -1.91590641736984 -1.98923779726027 -2.02267972893187 -1.9364533159468 -1.85022690296175 -1.7640004899767 -1.67777407699164 -1.59154766400659 -1.50532125102153 -1.41909483803647 -1.54118931790192 -1.73272409538426 -1.92425887286663 -2.11579365034897 -2.30732842783131 -2.49886320531368 -2.69039798279602 -2.7679052631061 -2.50333005189904 -2.23875484069194 -1.97417962948489 -1.70960441827783 -1.44502920707073 -1.18045399586367 -0.915878784656612 -0.823452226320921 -0.788408552275785 -0.753364878230649 -0.718321204185506 -0.68327753014037
-3.27635098621249 -3.44321958455786 -3.14933122363363 -2.85544286270945 -2.56155450178527 -2.26766614086104 -1.97377777993686 -1.67988941901268 -1.38600105808845 -1.3802118808031 -1.47045576473076 -1.56069964865844 -1.6509435325861 -1.74118741651376 -1.83143130044143 -1.92167518436909 -1.9650488081906 -1.86781165169348 -1.77057449519637 -1.67333733869927 -1.57610018220215 -1.47886302570505 -1.38162586920794 -1.28438871271082 -1.40600254038967 -1.60056669612722 -1.7951308518648 -1.98969500760235 -2.1842591633399 -2.37882331907748 -2.57338747481503 -2.65595872369085 -2.40255125198108 -2.14914378027126 -1.8957363085615 -1.64232883685173 -1.38892136514191 -1.13551389343215 -0.882106421722376 -0.786506629238532 -0.743509396496756 -0.70051216375498 -0.657514931013196 -0.61451769827142
-2.85228277221325 -2.99684403638058 -2.75027826925128 -2.50371250212203 -2.25714673499277 -2.01058096786347 -1.76401520073422 -1.51744943360496 -1.27088366647566 -1.27239836156369 -1.35660654405753 -1.44081472655138 -1.52502290904523 -1.60923109153907 -1.69343927403292 -1.77764745652677 -1.81928361157581 -1.73320368429028 -1.64712375700477 -1.56104382971926 -1.47496390243374 -1.38888397514823 -1.30280404786272 -1.2167241205772 -1.33434065282343 -1.51985600491362 -1.70537135700384 -1.89088670909403 -2.07640206118422 -2.26191741327445 -2.44743276536464 -2.5283923457067 -2.29568461080401 -2.06297687590128 -1.83026914099859 -1.5975614060959 -1.36485367119317 -1.13214593629048 -0.899438201387786 -0.800492835789926 -0.746134926627091 -0.691777017464257 -0.637419108301414 -0.58306119913858
-2.42821455821397 -2.55046848820326 -2.3512253148689 -2.15198214153457 -1.95273896820024 -1.75349579486588 -1.55425262153155 -1.35500944819722 -1.15576627486286 -1.16458484232426 -1.24275732338428 -1.32092980444432 -1.39910228550435 -1.47727476656437 -1.55544724762441 -1.63361972868443 -1.673518414961 -1.59859571688708 -1.52367301881316 -1.44875032073925 -1.37382762266532 -1.29890492459141 -1.22398222651749 -1.14905952844357 -1.26267876525718 -1.43914531370001 -1.61561186214287 -1.7920784105857 -1.96854495902854 -2.1450115074714 -2.32147805591423 -2.40082596772254 -2.18881796962693 -1.97680997153128 -1.76480197343567 -1.55279397534006 -1.34078597724442 -1.12877797914881 -0.916769981053198 -0.814479042341321 -0.748760456757428 -0.683041871173534 -0.61732328558963 -0.551604700005736
-2.00414634421469 -2.10409294002594 -1.95217236048652 -1.80025178094712 -1.64833120140771 -1.49641062186829 -1.34449004232888 -1.19256946278948 -1.04064888325005 -1.05677132308483 -1.12890810271104 -1.20104488233726 -1.27318166196347 -1.34531844158967 -1.41745522121589 -1.4895920008421 -1.5277532183462 -1.46398774948387 -1.40022228062155 -1.33645681175923 -1.2726913428969 -1.20892587403458 -1.14516040517227 -1.08139493630994 -1.19101687769093 -1.3584346224864 -1.5258523672819 -1.69327011207738 -1.86068785687285 -2.02810560166835 -2.19552334646382 -2.27325958973837 -2.08195132844985 -1.89064306716128 -1.69933480587276 -1.50802654458423 -1.31671828329567 -1.12541002200714 -0.93410176071861 -0.828465248892716 -0.751385986887764 -0.674306724882811 -0.597227462877845 -0.520148200872893
-1.58007813021546 -1.65771739184866 -1.55311940610417 -1.44852142035969 -1.34392343461521 -1.23932544887071 -1.13472746312624 -1.03012947738176 -0.925531491637261 -0.948957803845413 -1.0150588820378 -1.0811599602302 -1.14726103842259 -1.21336211661498 -1.27946319480739 -1.34556427299978 -1.38198802173141 -1.32937978208068 -1.27677154242995 -1.22416330277923 -1.17155506312849 -1.11894682347777 -1.06633858382704 -1.01373034417631 -1.11935499012469 -1.2777239312728 -1.43609287242094 -1.59446181356906 -1.75283075471717 -1.91119969586532 -2.06956863701343 -2.14569321175422 -1.97508468727277 -1.8044761627913 -1.63386763830985 -1.4632591138284 -1.29265058934692 -1.12204206486547 -0.95143354038402 -0.84245145544411 -0.754011517018099 -0.665571578592089 -0.577131640166063 -0.488691701740052
-1.15600991621618 -1.21134184367135 -1.15406645172178 -1.09679105977223 -1.03951566782268 -0.982240275873121 -0.92496488392357 -0.867689491974019 -0.810414100024458 -0.841144284605985 -0.901209661364558 -0.961275038123141 -1.02134041488171 -1.08140579164029 -1.14147116839887 -1.20153654515744 -1.23622282511661 -1.19477181467747 -1.15332080423834 -1.11186979379921 -1.07041878336008 -1.02896777292095 -0.987516762481816 -0.946065752042679 -1.04769310255844 -1.19701324005919 -1.34633337755998 -1.49565351506073 -1.64497365256149 -1.79429379006227 -1.94361392756302 -2.01812683377006 -1.86821804609569 -1.7183092584213 -1.56840047074693 -1.41849168307256 -1.26858289539817 -1.1186741077238 -0.968765320049432 -0.856437661995505 -0.756637047148435 -0.656836432301365 -0.557035817454278 -0.457235202607209
-0.915187051643924 -0.954335252526748 -0.922490160084444 -0.890645067642145 -0.858799975199846 -0.826954882757541 -0.795109790315242 -0.763264697872943 -0.731419605430638 -0.765766885131593 -0.822178288880314 -0.878589692629045 -0.935001096377766 -0.991412500126487 -1.04782390387522 -1.10423530762394 -1.13779667483437 -1.10280793242985 -1.06781919002534 -1.03283044762083 -0.997841705216311 -0.962852962811799 -0.927864220407287 -0.892875478002769 -0.988871741294842 -1.12852967315247 -1.26818760501013 -1.40784553686776 -1.54750346872539 -1.68716140058305 -1.82681933244068 -1.89874239762628 -1.76746086279556 -1.63617932796481 -1.50489779313409 -1.37361625830337 -1.24233472347262 -1.1110531886419 -0.979771653811174 -0.866164377281305 -0.758448520185088 -0.650732663088871 -0.543016805992636 -0.435300948896419
-0.857609536498787 -0.886697618414976 -0.858390531192238 -0.830083443969503 -0.801776356746769 -0.77346926952403 -0.745162182301296 -0.716855095078562 -0.688548007855823 -0.722825605422256 -0.777964764585093 -0.833103923747938 -0.888243082910775 -0.943382242073611 -0.998521401236457 -1.05366056039929 -1.08670957088472 -1.05348813533784 -1.02026669979097 -0.987045264244095 -0.953823828697216 -0.920602393150342 -0.887380957603469 -0.85415952205659 -0.942890906333909 -1.07227323055265 -1.20165555477142 -1.33103787899016 -1.46042020320891 -1.58980252742768 -1.71918485164642 -1.7875399033229 -1.67281313737238 -1.55808637142185 -1.44335960547133 -1.32863283952081 -1.21390607357028 -1.09917930761976 -0.984452541669242 -0.871631601301506 -0.759445936128057 -0.647260270954608 -0.53507460578114 -0.422888940607691
