data/working_set_collections/6091692-Cassins_Sparrow-MC/2010/bio6.asc
NCOLS 265 
NROWS 230 
XLLCORNER -115.5625 
YLLCORNER 24.8333333333333 
CELLSIZE 0.0833333333333333 
NODATA_value -9999 
[rows 100 to 119 of 230, columns 176 to 219 of 265]
-2.80410572687786 -2.79118865331015 -2.77827157974244 -2.76550963719687 -2.7532130877177 -2.74091653823854 -2.72861998875937 -2.7163234392802 -2.70402688980104 -2.69173034032187 -2.67943379084271 -2.6661400794983 -2.65251398086549 -2.63888788223268 -2.62526178359987 -2.61163568496706 -2.59800958633424 -2.58438348770143 -2.5714603106181 -2.5606458981832 -2.5498314857483 -2.53901707331341 -2.52820266087851 -2.51738824844362 -2.50657383600872 -2.49575942357382 -2.47309045791627 -2.44646997451784 -2.4198494911194 -2.39322900772096 -2.36660852432252 -2.33998804092409 -2.31336755752564 -2.29155715306601 -2.28417698542278 -2.27679681777955 -2.26941665013632 -2.26203648249309 -2.25465631484986 -2.24727614720664 -2.23989597956341 -2.23495187759401 -2.23081979751588 -2.22668771743776
-2.75857485665216 -2.74663570192126 -2.73469654719036 -2.72198851903281 -2.70697387059531 -2.69195922215781 -2.67694457372031 -2.66192992528281 -2.64691527684531 -2.63190062840781 -2.61688597997031 -2.60213301976523 -2.58746728897096 -2.57280155817669 -2.55813582738242 -2.54347009658815 -2.52880436579388 -2.51413863499961 -2.50094079971315 -2.49214665095013 -2.4833525021871 -2.47455835342408 -2.46576420466106 -2.45697005589804 -2.44817590713502 -2.439381758372 -2.41990187962851 -2.39686009089153 -2.37381830215455 -2.35077651341757 -2.32773472468059 -2.30469293594361 -2.28165114720663 -2.26138188044231 -2.24943017959596 -2.2374784787496 -2.22552677790325 -2.2135750770569 -2.20162337621054 -2.18967167536419 -2.17771997451783 -2.17220977147421 -2.16884673436484 -2.16548369725546
-2.6961690372891 -2.68269010119969 -2.66921116511028 -2.655127980974 -2.63923205269709 -2.62333612442018 -2.60744019614327 -2.59154426786636 -2.57564833958945 -2.55975241131254 -2.54385648303563 -2.5288707415263 -2.51418839560616 -2.49950604968602 -2.48482370376588 -2.47014135784574 -2.4554590119256 -2.44077666600546 -2.42759485211638 -2.41891463432048 -2.41023441652458 -2.40155419872868 -2.39287398093278 -2.38419376313687 -2.37551354534097 -2.36683332754507 -2.3492460469405 -2.3286897453997 -2.3081334438589 -2.2875771423181 -2.2670208407773 -2.24646453923651 -2.22590823769571 -2.2068890048398 -2.19248097803859 -2.17807295123737 -2.16366492443616 -2.14925689763494 -2.13484887083373 -2.12044084403251 -2.1060328172313 -2.09997668862344 -2.09670452608004 -2.09343236353663
-2.61688826878867 -2.59935185114545 -2.58181543350222 -2.56492802302045 -2.54998763402305 -2.53504724502565 -2.52010685602826 -2.50516646703086 -2.49022607803346 -2.47528568903607 -2.46034530003867 -2.44635324478151 -2.43267730077109 -2.41900135676068 -2.40532541275026 -2.39164946873984 -2.37797352472943 -2.36429758071901 -2.35142246782781 -2.34094984829427 -2.33047722876073 -2.3200046092272 -2.30953198969366 -2.29905937016012 -2.28858675062658 -2.27811413109304 -2.26112295985224 -2.24195893804234 -2.22279491623245 -2.20363089442255 -2.18446687261265 -2.16530285080276 -2.14613882899286 -2.12807852625849 -2.11332938075067 -2.09858023524286 -2.08383108973505 -2.06908194422724 -2.05433279871942 -2.03958365321161 -2.0248345077038 -2.01825262904169 -2.01439317266148 -2.01053371628127
-2.53760750028824 -2.51601360109119 -2.49441970189414 -2.47472806506688 -2.460743215349 -2.44675836563112 -2.43277351591324 -2.41878866619536 -2.40480381647747 -2.39081896675959 -2.37683411704171 -2.36383574803672 -2.35116620593602 -2.33849666383533 -2.32582712173463 -2.31315757963394 -2.30048803753325 -2.28781849543255 -2.27525008353923 -2.26298506226806 -2.25072004099688 -2.23845501972571 -2.22618999845453 -2.21392497718336 -2.20165995591218 -2.18939493464101 -2.17299987276397 -2.15522813068497 -2.13745638860598 -2.11968464652699 -2.101912904448 -2.084141162369 -2.06636942029001 -2.04926804767716 -2.03417778346275 -2.01908751924834 -2.00399725503393 -1.98890699081952 -1.97381672660511 -1.9587264623907 -1.94363619817629 -1.93652856945993 -1.93208181924291 -1.9276350690259
-2.4583267317878 -2.43267535103694 -2.40702397028607 -2.38452810711332 -2.37149879667495 -2.35846948623658 -2.34544017579822 -2.33241086535985 -2.31938155492148 -2.30635224448311 -2.29332293404475 -2.28131825129192 -2.26965511110095 -2.25799197090998 -2.24632883071901 -2.23466569052803 -2.22300255033706 -2.21133941014609 -2.19907769925066 -2.18502027624185 -2.17096285323303 -2.15690543022422 -2.14284800721541 -2.12879058420659 -2.11473316119778 -2.10067573818897 -2.0848767856757 -2.06849732332761 -2.05211786097952 -2.03573839863143 -2.01935893628334 -2.00297947393525 -1.98660001158715 -1.97045756909584 -1.95502618617483 -1.93959480325382 -1.92416342033282 -1.90873203741181 -1.8933006544908 -1.87786927156979 -1.86243788864879 -1.85480450987817 -1.84977046582435 -1.84473642177053
-2.37904596328737 -2.34933710098269 -2.319628238678 -2.29432814915977 -2.28225437800091 -2.27018060684206 -2.2581068356832 -2.24603306452435 -2.2339592933655 -2.22188552220664 -2.20981175104779 -2.19880075454714 -2.18814401626589 -2.17748727798464 -2.16683053970338 -2.15617380142213 -2.14551706314089 -2.13486032485963 -2.12290531496209 -2.10705549021564 -2.09120566546919 -2.07535584072274 -2.05950601597629 -2.04365619122984 -2.02780636648339 -2.01195654173694 -1.99675369858744 -1.98176651597025 -1.96677933335306 -1.95179215073587 -1.93680496811869 -1.9218177855015 -1.90683060288431 -1.89164709051452 -1.87587458888691 -1.86010208725931 -1.84432958563171 -1.8285570840041 -1.8127845823765 -1.79701208074889 -1.78123957912129 -1.77308045029642 -1.76745911240579 -1.76183777451517
-2.29976519478694 -2.26599885092843 -2.23223250706992 -2.20412819120621 -2.19300995932687 -2.18189172744752 -2.17077349556818 -2.15965526368884 -2.1485370318095 -2.13741879993016 -2.12630056805082 -2.11628325780234 -2.10663292143081 -2.09698258505929 -2.08733224868776 -2.07768191231623 -2.0680315759447 -2.05838123957317 -2.04673293067351 -2.02909070418942 -2.01144847770533 -1.99380625122125 -1.97616402473716 -1.95852179825307 -1.94087957176899 -1.9232373452849 -1.90863061149917 -1.89503570861288 -1.8814408057266 -1.86784590284031 -1.85425099995403 -1.84065609706774 -1.82706119418146 -1.81283661193319 -1.79672299159899 -1.78060937126479 -1.76449575093059 -1.74838213059639 -1.73226851026219 -1.71615488992799 -1.70004126959378 -1.69135639071466 -1.68514775898723 -1.6789391272598
-2.20090798338256 -2.1645635823409 -2.12821918129923 -2.09889662067097 -2.09063958128295 -2.08238254189493 -2.07412550250691 -2.06586846311889 -2.05761142373086 -2.04935438434284 -2.04109734495482 -2.03183576862018 -2.02223934663668 -2.01264292465317 -2.00304650266966 -1.99345008068616 -1.98385365870265 -1.97425723671914 -1.96260782579582 -1.94479944805306 -1.92699107031029 -1.90918269256752 -1.89137431482476 -1.87356593708199 -1.85575755933922 -1.83794918159645 -1.82388684749604 -1.81107319460976 -1.79825954172348 -1.78544588883719 -1.77263223595091 -1.75981858306462 -1.74700493017834 -1.73335306114622 -1.7171865436766 -1.70102002620698 -1.68485350873737 -1.66868699126775 -1.65252047379813 -1.63635395632851 -1.62018743885889 -1.61078081925711 -1.60362749894461 -1.59647417863211
-2.08247432907425 -2.04503129522009 -2.00758826136592 -1.97863343755406 -1.97514324386917 -1.97165305018427 -1.96816285649937 -1.96467266281448 -1.96118246912958 -1.95769227544468 -1.95420208175979 -1.94545828700067 -1.93496329188349 -1.9244682967663 -1.91397330164911 -1.90347830653192 -1.89298331141474 -1.88248831629755 -1.87053000032904 -1.85418172180655 -1.83783344328405 -1.82148516476156 -1.80513688623907 -1.78878860771658 -1.77244032919409 -1.7560920506716 -1.74252240657808 -1.72987897396089 -1.71723554134371 -1.70459210872652 -1.69194867610933 -1.67930524349214 -1.66666181087495 -1.6531964381536 -1.63726524511975 -1.62133405208589 -1.60540285905204 -1.58947166601819 -1.57354047298433 -1.55760927995048 -1.54167808691662 -1.53135373592378 -1.52289833227795 -1.51444292863212
-1.96404067476593 -1.92549900809927 -1.8869573414326 -1.85837025443715 -1.85964690645537 -1.8609235584736 -1.86220021049183 -1.86347686251006 -1.86475351452829 -1.86603016654652 -1.86730681856474 -1.85908080538115 -1.84768723713029 -1.83629366887942 -1.82490010062855 -1.81350653237768 -1.80211296412681 -1.79071939587595 -1.77845217486224 -1.76356399556003 -1.74867581625781 -1.7337876369556 -1.71889945765338 -1.70401127835116 -1.68912309904895 -1.67423491974673 -1.66115796566011 -1.64868475331202 -1.63621154096393 -1.62373832861584 -1.61126511626775 -1.59879190391966 -1.58631869157157 -1.57303981516098 -1.55734394656289 -1.5416480779648 -1.52595220936671 -1.51025634076862 -1.49456047217053 -1.47886460357244 -1.46316873497435 -1.45192665259045 -1.44216916561128 -1.43241167863211
-1.84560702045761 -1.80596672097844 -1.76632642149927 -1.73810707132023 -1.74415056904158 -1.75019406676294 -1.75623756448429 -1.76228106220564 -1.768324559927 -1.77436805764835 -1.7804115553697 -1.77270332376163 -1.76041118237709 -1.74811904099254 -1.73582689960799 -1.72353475822344 -1.71124261683889 -1.69895047545434 -1.68637434939545 -1.67294626931351 -1.65951818923157 -1.64609010914963 -1.63266202906769 -1.61923394898575 -1.60580586890381 -1.59237778882187 -1.57979352474214 -1.56749053266315 -1.55518754058415 -1.54288454850516 -1.53058155642617 -1.51827856434717 -1.50597557226818 -1.49288319216835 -1.47742264800603 -1.4619621038437 -1.44650155968138 -1.43104101551905 -1.41558047135672 -1.4001199271944 -1.38465938303207 -1.37249956925711 -1.36143999894461 -1.35038042863211
-1.7271733661493 -1.68643443385763 -1.64569550156596 -1.61784388820332 -1.6286542316278 -1.63946457505228 -1.65027491847676 -1.66108526190123 -1.67189560532571 -1.68270594875019 -1.69351629217467 -1.68632584214212 -1.67313512762389 -1.65994441310567 -1.64675369858743 -1.63356298406921 -1.62037226955098 -1.60718155503275 -1.59429652392866 -1.582328543067 -1.57036056220533 -1.55839258134367 -1.546424600482 -1.53445661962034 -1.52248863875868 -1.51052065789701 -1.49842908382417 -1.48629631201428 -1.47416354020438 -1.46203076839449 -1.44989799658459 -1.4377652247747 -1.4256324529648 -1.41272656917574 -1.39750134944918 -1.38227612972261 -1.36705090999605 -1.35182569026949 -1.33660047054292 -1.32137525081636 -1.3061500310898 -1.29307248592378 -1.28071083227795 -1.26834917863212
-1.60873971184097 -1.56690214673681 -1.52506458163264 -1.4975807050864 -1.51315789421401 -1.52873508334161 -1.54431227246921 -1.55988946159682 -1.57546665072442 -1.59104383985202 -1.60662102897963 -1.5999483605226 -1.58585907287069 -1.57176978521879 -1.55768049756687 -1.54359120991497 -1.52950192226306 -1.51541263461115 -1.50221869846187 -1.49171081682048 -1.48120293517909 -1.4706950535377 -1.46018717189631 -1.44967929025492 -1.43917140861354 -1.42866352697215 -1.4170646429062 -1.4051020913654 -1.39313953982461 -1.38117698828381 -1.36921443674301 -1.35725188520221 -1.34528933366141 -1.33256994618311 -1.31758005089232 -1.30259015560152 -1.28760026031072 -1.27261036501992 -1.25762046972912 -1.24263057443832 -1.22764067914752 -1.21364540259045 -1.19998166561128 -1.18631792863212
-1.52175985707179 -1.47648940351276 -1.43121894995373 -1.40129281944699 -1.41739965809717 -1.43350649674734 -1.44961333539751 -1.46572017404769 -1.48182701269786 -1.49793385134804 -1.51404068999821 -1.50759300390881 -1.4936271429062 -1.4796612819036 -1.46569542090099 -1.45172955989839 -1.43776369889579 -1.42379783789318 -1.41069901519353 -1.40020130740273 -1.38970359961193 -1.37920589182113 -1.36870818403033 -1.35821047623954 -1.34771276844874 -1.33721506065794 -1.32517163753511 -1.31261297596827 -1.30005431440143 -1.28749565283459 -1.27493699126775 -1.26237832970091 -1.24981966813407 -1.23702407148151 -1.22351766957179 -1.21001126766206 -1.19650486575234 -1.18299846384262 -1.1694920619329 -1.15598566002317 -1.14247925811345 -1.1266461454332 -1.11003746249611 -1.09342877955902
-1.46623380184176 -1.41519620418551 -1.36415860652926 -1.3289802312851 -1.34137952327729 -1.35377881526948 -1.36617810726167 -1.37857739925386 -1.39097669124605 -1.40337598323823 -1.41577527523042 -1.40925977230074 -1.39643933773043 -1.38361890316012 -1.3707984685898 -1.35797803401949 -1.34515759944918 -1.33233716487886 -1.31973747412365 -1.30780001481376 -1.29586255550386 -1.28392509619397 -1.27198763688407 -1.26005017757418 -1.24811271826428 -1.23617525895439 -1.2227500677109 -1.20882896582288 -1.19490786393486 -1.18098676204683 -1.16706566015881 -1.15314455827079 -1.13922345638277 -1.12608894507092 -1.11531420548759 -1.10453946590426 -1.09376472632092 -1.08298998673759 -1.07221524715425 -1.06144050757092 -1.05066576798759 -1.03207471445205 -1.01087822293244 -0.989681731412832
-1.41070774661172 -1.35390300485825 -1.29709826310478 -1.25666764312321 -1.26535938845741 -1.27405113379162 -1.28274287912582 -1.29143462446002 -1.30012636979422 -1.30881811512842 -1.31750986046262 -1.31092654069266 -1.29925153255464 -1.28757652441662 -1.2759015162786 -1.26422650814058 -1.25255150000256 -1.24087649186454 -1.22877593305377 -1.21539872222478 -1.20202151139579 -1.1886443005668 -1.1752670897378 -1.16188987890881 -1.14851266807982 -1.13513545725082 -1.12032849788667 -1.10504495567747 -1.08976141346827 -1.07447787125907 -1.05919432904987 -1.04391078684067 -1.02862724463147 -1.01515381866033 -1.00711074140339 -0.99906766414644 -0.991024586889495 -0.982981509632551 -0.974938432375605 -0.966895355118661 -0.958852277861716 -0.937503283470887 -0.911718983368761 -0.885934683266635
-1.35518169138169 -1.292609805531 -1.2300379196803 -1.18435505496132 -1.18933925363753 -1.19432345231375 -1.19930765098996 -1.20429184966618 -1.2092760483424 -1.21426024701861 -1.21924444569483 -1.21259330908459 -1.20206372737886 -1.19153414567313 -1.1810045639674 -1.17047498226167 -1.15994540055594 -1.14941581885021 -1.13781439198389 -1.1229974296358 -1.10818046728771 -1.09336350493962 -1.07854654259153 -1.06372958024344 -1.04891261789535 -1.03409565554726 -1.01790692806245 -1.00126094553207 -0.984614963001692 -0.967968980471308 -0.951322997940927 -0.934677015410546 -0.918031032880163 -0.904218692249736 -0.89890727731918 -0.893595862388624 -0.888284447458068 -0.882973032527513 -0.877661617596956 -0.872350202666401 -0.867038787735845 -0.842931852489726 -0.812559743805082 -0.782187635120439
-1.29965563615166 -1.23131660620374 -1.16297757625582 -1.11204246679943 -1.11331911881766 -1.11459577083589 -1.11587242285412 -1.11714907487235 -1.11842572689058 -1.11970237890881 -1.12097903092704 -1.11426007747652 -1.10487592220308 -1.09549176692965 -1.08610761165621 -1.07672345638277 -1.06733930110933 -1.05795514583589 -1.04685285091402 -1.03059613704683 -1.01433942317965 -0.998082709312459 -0.981825995445272 -0.965569281578084 -0.949312567710897 -0.933055853843711 -0.915485358238241 -0.89747693538668 -0.879468512535118 -0.861460089683554 -0.843451666831993 -0.825443243980432 -0.807434821128867 -0.793283565839151 -0.790703813234984 -0.788124060630817 -0.78554430802665 -0.782964555422483 -0.780384802818315 -0.777805050214148 -0.775225297609981 -0.748360421508573 -0.713400504241412 -0.678440586974251
-1.24412958092162 -1.17002340687649 -1.09591723283134 -1.03972987863754 -1.03729898399778 -1.03486808935802 -1.03243719471827 -1.03000630007851 -1.02757540543875 -1.025144510799 -1.02271361615924 -1.01592684586844 -1.0076881170273 -0.999449388186153 -0.991210659345006 -0.98297193050386 -0.974733201662715 -0.966494472821568 -0.95589130984414 -0.938194844457857 -0.92049837907157 -0.902801913685287 -0.885105448299003 -0.867408982912717 -0.849712517526433 -0.832016052140149 -0.813063788414019 -0.793692925241278 -0.774322062068536 -0.754951198895791 -0.735580335723049 -0.716209472550307 -0.696838609377562 -0.682348439428557 -0.682500349150779 -0.682652258873001 -0.682804168595223 -0.682956078317445 -0.683107988039666 -0.683259897761888 -0.68341180748411 -0.653788990527412 -0.614241264677733 -0.574693538828055
