data/working_set_collections/6091692-Cassins_Sparrow-MC/2010/bio6.asc
NCOLS 265 
NROWS 230 
XLLCORNER -115.5625 
YLLCORNER 24.8333333333333 
CELLSIZE 0.0833333333333333 
NODATA_value -9999 
[rows 100 to 119 of 230, columns 88 to 131 of 265]
-5.86296396255491 -5.95265741348264 -6.00856256484984 -6.06446771621703 -6.12037286758421 -6.17627801895141 -6.23218317031859 -6.28808832168578 -6.34399347305297 -6.31093682050707 -6.24822623332345 -6.18551564613982 -6.1228050589562 -6.06009447177258 -5.99738388458895 -5.93467329740533 -5.90166699886329 -5.95777356624611 -6.01388013362892 -6.06998670101174 -6.12609326839456 -6.18219983577737 -6.23830640316018 -6.294412970543 -6.29076154232035 -6.26719078222921 -6.24362002213805 -6.22004926204691 -6.19647850195576 -6.17290774186461 -6.14933698177347 -6.0685854395232 -5.81629155079539 -5.56399766206753 -5.31170377333972 -5.0594098846119 -4.80711599588404 -4.55482210715623 -4.30252821842842 -4.0949189186097 -3.90220448176075 -3.70949004491181 -3.51677560806283 -3.32406117121388
-5.9104228655497 -6.00551640192666 -6.0517881711324 -6.09805994033812 -6.14433170954385 -6.19060347874959 -6.23687524795531 -6.28314701716104 -6.32941878636678 -6.24581892887754 -6.11892852915663 -5.99203812943569 -5.86514772971477 -5.73825732999385 -5.61136693027291 -5.484476530552 -5.40070763958831 -5.44630327489648 -5.49189891020464 -5.53749454551279 -5.58309018082096 -5.62868581612912 -5.67428145143728 -5.71987708674544 -5.72240682442991 -5.71058126290647 -5.69875570138303 -5.6869301398596 -5.67510457833616 -5.66327901681272 -5.65145345528928 -5.58633369207394 -5.36133132378273 -5.13632895549148 -4.91132658720027 -4.68632421890906 -4.46132185061782 -4.2363194823266 -4.01131711403539 -3.80917062759407 -3.61464276843609 -3.42011490927812 -3.22558705012011 -3.03105919096214
-5.88824141820271 -5.98122525744969 -6.0078877872891 -6.03455031712851 -6.06121284696792 -6.08787537680734 -6.11453790664675 -6.14120043648616 -6.16786296632558 -6.06154387791957 -5.91089758343173 -5.76025128894387 -5.60960499445603 -5.45895869996819 -5.30831240548032 -5.15766611099248 -5.05707763036093 -5.10666259129844 -5.15624755223593 -5.20583251317343 -5.25541747411093 -5.30500243504842 -5.35458739598592 -5.40417235692342 -5.40621983210247 -5.39242147869535 -5.37862312528823 -5.36482477188112 -5.351026418474 -5.33722806506688 -5.32342971165977 -5.26052620146016 -5.05030722088292 -4.84008824030564 -4.62986925972839 -4.41965027915115 -4.20943129857387 -3.99921231799662 -3.78899333741938 -3.5992229143779 -3.41626867718172 -3.23331443998555 -3.05036020278934 -2.86740596559317
-5.79641962051391 -5.8797839800517 -5.87686141331993 -5.87393884658816 -5.8710162798564 -5.86809371312463 -5.86517114639287 -5.8622485796611 -5.85932601292933 -5.75811166763313 -5.62413339614876 -5.49015512466437 -5.35617685318 -5.22219858169563 -5.08822031021123 -4.95424203872686 -4.87077697118125 -4.93885151545209 -5.00692605972291 -5.07500060399374 -5.14307514826458 -5.2111496925354 -5.27922423680623 -5.34729878107707 -5.34220056533815 -5.31271142959597 -5.28322229385378 -5.2537331581116 -5.22424402236941 -5.19475488662722 -5.16526575088504 -5.09116296768196 -4.88321924209603 -4.67527551651007 -4.46733179092415 -4.25938806533822 -4.05144433975226 -3.84350061416633 -3.63555688858041 -3.46507577896123 -3.30708220799769 -3.14908863703416 -2.99109506607059 -2.83310149510706
-5.70459782282511 -5.7783427026537 -5.74583503935074 -5.7133273760478 -5.68081971274485 -5.6483120494419 -5.61580438613896 -5.58329672283601 -5.55078905953306 -5.45467945734666 -5.33736920886576 -5.22005896038484 -5.10274871190395 -4.98543846342305 -4.86812821494213 -4.75081796646123 -4.68447631200155 -4.77104043960573 -4.85760456720989 -4.94416869481405 -5.03073282241822 -5.11729695002238 -5.20386107762654 -5.29042520523071 -5.27818129857383 -5.23300138049658 -5.18782146241932 -5.14264154434206 -5.09746162626481 -5.05228170818755 -5.0071017901103 -4.92179973390374 -4.71613126330914 -4.5104627927145 -4.30479432211989 -4.09912585152528 -3.89345738093064 -3.68778891033603 -3.48212043974143 -3.33092864354456 -3.19789573881366 -3.06486283408276 -2.93182992935184 -2.79879702462094
-5.6127760251363 -5.6769014252557 -5.61480866538156 -5.55271590550743 -5.49062314563331 -5.42853038575917 -5.36643762588505 -5.30434486601092 -5.24225210613679 -5.15124724706019 -5.05060502158276 -4.94996279610532 -4.8493205706279 -4.74867834515047 -4.64803611967302 -4.5473938941956 -4.49817565282186 -4.60322936375937 -4.70828307469686 -4.81333678563435 -4.91839049657186 -5.02344420750935 -5.12849791844684 -5.23355162938435 -5.21416203180951 -5.15329133139719 -5.09242063098485 -5.03154993057253 -4.97067923016021 -4.90980852974788 -4.84893782933556 -4.75243650012553 -4.54904328452224 -4.34565006891892 -4.14225685331563 -3.93886363771234 -3.73547042210902 -3.53207720650573 -3.32868399090245 -3.19678150812788 -3.08870926962962 -2.98063703113136 -2.87256479263308 -2.76449255413482
-5.52095422744751 -5.5754601478577 -5.48378229141239 -5.39210443496708 -5.30042657852178 -5.20874872207646 -5.11707086563116 -5.02539300918586 -4.93371515274054 -4.84781503677375 -4.76384083429979 -4.67986663182582 -4.59589242935186 -4.51191822687791 -4.42794402440394 -4.34396982192998 -4.31187499364218 -4.43541828791302 -4.55896158218384 -4.68250487645467 -4.80604817072551 -4.92959146499633 -5.05313475926716 -5.176678053538 -5.15014276504519 -5.0735812822978 -4.9970197995504 -4.92045831680301 -4.84389683405562 -4.76733535130822 -4.69077386856083 -4.58307326634732 -4.38195530573536 -4.18083734512335 -3.97971938451139 -3.77860142389942 -3.57748346328742 -3.37636550267545 -3.17524754206348 -3.06263437271122 -2.97952280044559 -2.89641122817997 -2.81329965591433 -2.73018808364871
-5.4291324297587 -5.4740188704597 -5.3527559174432 -5.23149296442672 -5.11023001141024 -4.98896705839374 -4.86770410537725 -4.74644115236077 -4.62517819934427 -4.54438282648728 -4.47707664701679 -4.4097704675463 -4.34246428807581 -4.27515810860533 -4.20785192913483 -4.14054574966435 -4.12557433446248 -4.26760721206666 -4.40964008967082 -4.55167296727497 -4.69370584487915 -4.83573872248331 -4.97777160008746 -5.11980447769164 -5.08612349828087 -4.99387123319841 -4.90161896811594 -4.80936670303348 -4.71711443795102 -4.62486217286855 -4.53260990778609 -4.41371003256911 -4.21486732694846 -4.01602462132778 -3.81718191570713 -3.61833921008648 -3.4194965044658 -3.22065379884515 -3.0218110932245 -2.92848723729454 -2.87033633126156 -2.81218542522857 -2.75403451919557 -2.69588361316259
-5.36497125625609 -5.4063311364916 -5.2701054149204 -5.13387969334923 -4.99765397177806 -4.86142825020686 -4.72520252863569 -4.58897680706452 -4.45275108549332 -4.37230920791627 -4.31046194500395 -4.24861468209162 -4.1867674191793 -4.12492015626698 -4.06307289335464 -4.00122563044232 -3.9925159136454 -4.1432188351949 -4.29392175674437 -4.44462467829384 -4.59532759984334 -4.74603052139281 -4.89673344294228 -5.04743636449177 -5.00966806411746 -4.90907602310184 -4.8084839820862 -4.70789194107059 -4.60729990005497 -4.50670785903933 -4.40611581802371 -4.28212637371493 -4.08794471952657 -3.89376306533818 -3.69958141114982 -3.50539975696146 -3.31121810277307 -3.11703644858471 -2.92285479439635 -2.8396373430888 -2.79340795940825 -2.74717857572769 -2.70094919204713 -2.65471980836658
-5.32847070693969 -5.37239694595341 -5.23583078384402 -5.09926462173465 -4.96269845962528 -4.82613229751589 -4.68956613540652 -4.55299997329716 -4.41643381118777 -4.33159418106081 -4.26399672826134 -4.19639927546185 -4.12880182266237 -4.0612043698629 -3.99360691706341 -3.92600946426394 -3.91269973119098 -4.06225315729777 -4.21180658340453 -4.36136000951129 -4.51091343561808 -4.66046686172484 -4.81002028783161 -4.95957371393839 -4.92077646255496 -4.8191956520081 -4.71761484146121 -4.61603403091434 -4.51445322036747 -4.41287240982058 -4.31129159927371 -4.18832228978481 -4.00118748346971 -3.81405267715459 -3.62691787083949 -3.4397830645244 -3.25264825820927 -3.06551345189418 -2.87837864557908 -2.79608469009401 -2.74873768488568 -2.70139067967735 -2.65404367446901 -2.60669666926068
-5.29197015762328 -5.33846275541521 -5.20155615276763 -5.06464955012006 -4.9277429474725 -4.79083634482492 -4.65392974217736 -4.51702313952979 -4.38011653688221 -4.29087915420534 -4.21753151151871 -4.14418386883207 -4.07083622614545 -3.99748858345882 -3.92414094077218 -3.85079329808555 -3.83288354873655 -3.98128747940063 -4.12969141006468 -4.27809534072874 -4.42649927139282 -4.57490320205687 -4.72330713272093 -4.871711063385 -4.83188486099246 -4.72931528091434 -4.62674570083621 -4.52417612075809 -4.42160654067997 -4.31903696060183 -4.21646738052371 -4.09451820585468 -3.91443024741285 -3.73434228897099 -3.55425433052916 -3.37416637208733 -3.19407841364547 -3.01399045520363 -2.8339024967618 -2.75253203709922 -2.70406741036311 -2.655602783627 -2.60713815689088 -2.55867353015478
-5.25546960830687 -5.30452856487702 -5.16728152169124 -5.03003447850548 -4.89278743531972 -4.75554039213394 -4.61829334894819 -4.48104630576243 -4.34379926257665 -4.25016412734987 -4.17106629477609 -4.0919684622023 -4.01287062962852 -3.93377279705474 -3.85467496448095 -3.77557713190717 -3.75306736628212 -3.90032180150349 -4.04757623672484 -4.19483067194618 -4.34208510716755 -4.4893395423889 -4.63659397761025 -4.78384841283162 -4.74299325942996 -4.63943490982059 -4.5358765602112 -4.43231821060183 -4.32875986099247 -4.22520151138308 -4.12164316177371 -4.00071412192456 -3.82767301135599 -3.65463190078739 -3.48159079021883 -3.30854967965026 -3.13550856908166 -2.96246745851309 -2.78942634794453 -2.70897938410442 -2.65939713584054 -2.60981488757665 -2.56023263931276 -2.51065039104887
-5.21896905899047 -5.27059437433882 -5.13300689061485 -4.9954194068909 -4.85783192316695 -4.72024443944297 -4.58265695571902 -4.44506947199507 -4.3074819882711 -4.20944910049441 -4.12460107803347 -4.03975305557253 -3.9549050331116 -3.87005701065066 -3.78520898818972 -3.70036096572879 -3.6732511838277 -3.81935612360636 -3.965461063385 -4.11156600316364 -4.2576709429423 -4.40377588272094 -4.54988082249958 -4.69598576227824 -4.65410165786746 -4.54955453872685 -4.44500741958621 -4.34046030044559 -4.23591318130497 -4.13136606216433 -4.02681894302372 -3.90691003799444 -3.74091577529913 -3.5749215126038 -3.4089272499085 -3.24293298721319 -3.07693872451786 -2.91094446182256 -2.74495019912725 -2.66542673110964 -2.61472686131797 -2.56402699152631 -2.51332712173464 -2.46262725194297
-5.18246850967406 -5.23666018380063 -5.09873225953846 -4.96080433527631 -4.82287641101417 -4.684948486752 -4.54702056248986 -4.40909263822771 -4.27116471396554 -4.16873407363894 -4.07813586129085 -3.98753764894275 -3.89693943659467 -3.80634122424658 -3.71574301189848 -3.6251447995504 -3.59343500137327 -3.73839044570922 -3.88334589004515 -4.02830133438108 -4.17325677871704 -4.31821222305297 -4.4631676673889 -4.60812311172485 -4.56521005630496 -4.45967416763309 -4.35413827896121 -4.24860239028934 -4.14306650161747 -4.03753061294558 -3.93199472427371 -3.81310595406431 -3.65415853924227 -3.4952111244202 -3.33626370959816 -3.17731629477612 -3.01836887995406 -2.85942146513201 -2.70047405030997 -2.62187407811484 -2.5700565867954 -2.51823909547596 -2.46642160415651 -2.41460411283707
-5.15446303685505 -5.20372061199616 -5.07071246041194 -4.93770430882774 -4.80469615724355 -4.67168800565933 -4.53867985407513 -4.40567170249094 -4.27266355090672 -4.16300465265911 -4.06112883885704 -3.95925302505494 -3.85737721125287 -3.75550139745079 -3.6536255836487 -3.55174976984662 -3.510716342926 -3.65221007664998 -3.79370381037393 -3.93519754409788 -4.07669127782185 -4.21818501154581 -4.35967874526976 -4.50117247899373 -4.46280145645145 -4.36447551515371 -4.26614957385595 -4.16782363255821 -4.06949769126047 -3.97117174996272 -3.87284580866498 -3.75837513572644 -3.59547026786544 -3.43256540000442 -3.26966053214342 -3.10675566428243 -2.94385079642141 -2.78094592856041 -2.61804106069942 -2.54047173460327 -2.49134758909546 -2.44222344358765 -2.39309929807983 -2.34397515257202
-5.13495264053344 -5.17177565892541 -5.04894749323529 -4.92611932754519 -4.80329116185509 -4.68046299616497 -4.55763483047487 -4.43480666478477 -4.31197849909465 -4.19226083755495 -4.07358001073204 -3.95489918390911 -3.83621835708621 -3.7175375302633 -3.59885670344037 -3.48017587661746 -3.4250952084859 -3.56081501642863 -3.69653482437133 -3.83225463231403 -3.96797444025676 -4.10369424819946 -4.23941405614216 -4.37513386408489 -4.34687585830692 -4.26395858128869 -4.18104130427045 -4.09812402725222 -4.015206750234 -3.93228947321575 -3.84937219619753 -3.74271758298084 -3.56485096116866 -3.38698433935646 -3.20911771754429 -3.03125109573212 -2.85338447391991 -2.67551785210774 -2.49765123029557 -2.4212197005749 -2.37859986821813 -2.33598003586136 -2.29336020350459 -2.25074037114782
-5.11544224421182 -5.13983070585466 -5.02718252605864 -4.91453434626263 -4.80188616646663 -4.68923798667061 -4.57658980687461 -4.46394162707861 -4.35129344728259 -4.22151702245078 -4.08603118260704 -3.95054534276328 -3.81505950291954 -3.6795736630758 -3.54408782323204 -3.4086019833883 -3.3394740740458 -3.46941995620727 -3.59936583836873 -3.72931172053018 -3.85925760269165 -3.9892034848531 -4.11914936701455 -4.24909524917603 -4.23095026016238 -4.16344164742367 -4.09593303468494 -4.02842442194623 -3.96091580920752 -3.89340719646879 -3.82589858373008 -3.72706003023523 -3.53423165447188 -3.3414032787085 -3.14857490294515 -2.9557465271818 -2.76291815141841 -2.57008977565506 -2.37726139989171 -2.30196766654653 -2.2658521473408 -2.22973662813507 -2.19362110892934 -2.15750558972361
-5.09593184789021 -5.10788575278391 -5.00541755888199 -4.90294936498008 -4.80048117107818 -4.69801297717625 -4.59554478327435 -4.49307658937244 -4.39060839547052 -4.25077320734662 -4.09848235448205 -3.94619150161745 -3.79390064875288 -3.6416097958883 -3.4893189430237 -3.33702809015913 -3.25385293960569 -3.37802489598592 -3.50219685236612 -3.62636880874632 -3.75054076512654 -3.87471272150675 -3.99888467788695 -4.12305663426717 -4.11502466201784 -4.06292471355864 -4.01082476509944 -3.95872481664024 -3.90662486818104 -3.85452491972182 -3.80242497126263 -3.71140247748963 -3.5036123477751 -3.29582221806053 -3.08803208834601 -2.88024195863148 -2.67245182891691 -2.46466169920238 -2.25687156948786 -2.18271563251815 -2.15310442646346 -2.12349322040878 -2.09388201435409 -2.0642708082994
-5.0764214515686 -5.07594079971316 -4.98365259170534 -4.89136438369753 -4.79907617568972 -4.70678796768189 -4.61449975967408 -4.52221155166627 -4.42992334365845 -4.28002939224246 -4.11093352635705 -3.94183766047162 -3.77274179458621 -3.60364592870081 -3.43455006281538 -3.26545419692997 -3.1682318051656 -3.28662983576457 -3.40502786636352 -3.52342589696247 -3.64182392756145 -3.7602219581604 -3.87861998875935 -3.99701801935832 -3.99909906387332 -3.96240777969363 -3.92571649551393 -3.88902521133425 -3.85233392715456 -3.81564264297486 -3.77895135879518 -3.69574492474402 -3.47299304107832 -3.25024115741257 -3.02748927374687 -2.80473739008116 -2.58198550641542 -2.35923362274972 -2.13648173908401 -2.06346359848979 -2.04035670558614 -2.01724981268249 -1.99414291977884 -1.9710360268752
-5.05691105524699 -5.04399584664241 -4.96188762452869 -4.87977940241497 -4.79767118030126 -4.71556295818753 -4.63345473607382 -4.55134651396011 -4.46923829184638 -4.30928557713829 -4.12338469823206 -3.93748381932579 -3.75158294041955 -3.56568206151331 -3.37978118260704 -3.19388030370081 -3.08261067072549 -3.19523477554321 -3.30785888036092 -3.42048298517862 -3.53310708999634 -3.64573119481404 -3.75835529963175 -3.87097940444947 -3.88317346572878 -3.8618908458286 -3.84060822592843 -3.81932560602825 -3.79804298612808 -3.7767603662279 -3.75547774632772 -3.68008737199842 -3.44237373438154 -3.20466009676461 -2.96694645914773 -2.72923282153084 -2.49151918391392 -2.25380554629704 -2.01609190868015 -1.94421156446141 -1.92760898470881 -1.9110064049562 -1.8944038252036 -1.87780124545099
