data/working_set_collections/6091692-Cassins_Sparrow-MC/2010/bio7.asc
NCOLS 265 
NROWS 230 
XLLCORNER -115.5625 
YLLCORNER 24.8333333333333 
CELLSIZE 0.0833333333333333 
NODATA_value -9999 
[rows 180 to 199 of 230, columns 92 to 137 of 265]
33.6234713236491 33.6443178812663 33.6651644388835 33.6860109965007 33.7068575541178 33.6604438781739 33.5916101243761 33.5227763705784 33.4539426167806 33.3851088629829 33.3162751091851 33.2474413553874 33.2161861843533 33.2976667616102 33.3791473388672 33.4606279161241 33.5421084933811 33.623589070638 33.7050696478949 33.7865502251519 33.9509073893229 34.1428900824652 34.3348727756076 34.52685546875 34.7188381618923 34.9108208550347 35.1028035481771 35.2649653116862 35.3376642862956 35.4103632609049 35.4830622355143 35.5557612101237 35.6284601847331 35.7011591593425 35.7738581339518 35.7089040120443 35.5980655246311 35.4872270372179 35.3763885498047 35.2655500623915 35.1547115749784 35.0438730875652 34.955884636773 34.9364462958442 34.9170079549154 34.8975696139866
33.584854888916 33.6016914367676 33.6185279846191 33.6353645324707 33.6522010803223 33.6065879821778 33.5401583353679 33.473728688558 33.4072990417481 33.3408693949382 33.2744397481283 33.2080101013184 33.179448445638 33.2644907633463 33.3495330810547 33.434575398763 33.5196177164714 33.6046600341797 33.689702351888 33.7747446695963 33.9356079101562 34.1217447916666 34.3078816731771 34.4940185546875 34.6801554361979 34.8662923177083 35.0524291992187 35.2083053588867 35.2733993530273 35.338493347168 35.4035873413086 35.4686813354492 35.5337753295899 35.5988693237305 35.6639633178711 35.5916229248047 35.473471069336 35.3553192138672 35.2371673583985 35.1190155029297 35.000863647461 34.8827117919922 34.7869857788086 34.7585372924805 34.7300888061524 34.7016403198243
33.546238454183 33.5590649922689 33.5718915303548 33.5847180684408 33.5975446065267 33.5527320861817 33.4887065463596 33.4246810065376 33.3606554667155 33.2966299268935 33.2326043870714 33.1685788472494 33.1427107069227 33.2313147650825 33.3199188232422 33.4085228814019 33.4971269395616 33.5857309977213 33.6743350558811 33.7629391140408 33.9203084309896 34.100599500868 34.2808905707465 34.461181640625 34.6414727105034 34.8217637803819 35.0020548502604 35.1516454060872 35.2091344197591 35.266623433431 35.3241124471029 35.3816014607747 35.4390904744466 35.4965794881185 35.5540685017904 35.4743418375651 35.3488766140408 35.2234113905165 35.0979461669922 34.9724809434679 34.8470157199436 34.7215504964193 34.6180869208442 34.5806282891168 34.5431696573894 34.5057110256619
33.5076220194499 33.5164385477702 33.5252550760905 33.5340716044108 33.5428881327311 33.4988761901856 33.4372547573514 33.3756333245172 33.314011891683 33.2523904588488 33.1907690260146 33.1291475931804 33.1059729682075 33.1981387668186 33.2903045654297 33.3824703640408 33.4746361626519 33.566801961263 33.6589677598741 33.7511335584852 33.9050089518229 34.0794542100694 34.253899468316 34.4283447265625 34.602789984809 34.7772352430555 34.9516805013021 35.0949854532878 35.1448694864909 35.194753519694 35.2446375528971 35.2945215861003 35.3444056193034 35.3942896525065 35.4441736857096 35.3570607503256 35.2242821587457 35.0915035671659 34.958724975586 34.8259463840061 34.6931677924263 34.5603892008464 34.4491880628798 34.4027192857531 34.3562505086263 34.3097817314996
33.4690055847168 33.4738121032715 33.4786186218262 33.4834251403809 33.4882316589356 33.4450202941895 33.3858029683431 33.3265856424968 33.2673683166504 33.208150990804 33.1489336649577 33.0897163391113 33.0692352294922 33.1649627685547 33.2606903076172 33.3564178466797 33.4521453857422 33.5478729248047 33.6436004638672 33.7393280029297 33.8897094726562 34.0583089192708 34.2269083658854 34.3955078125 34.5641072591146 34.7327067057292 34.9013061523437 35.0383255004883 35.0806045532227 35.122883605957 35.1651626586914 35.2074417114258 35.2497207641602 35.2919998168945 35.3342788696289 35.239779663086 35.0996877034506 34.9595957438152 34.8195037841797 34.6794118245443 34.5393198649089 34.3992279052735 34.2802892049154 34.2248102823894 34.1693313598633 34.1138524373373
33.4303891499837 33.4311856587728 33.4319821675619 33.4327786763509 33.43357518514 33.3911643981934 33.3343511793349 33.2775379604764 33.2207247416179 33.1639115227593 33.1070983039008 33.0502850850423 33.0324974907769 33.1317867702908 33.2310760498047 33.3303653293186 33.4296546088325 33.5289438883463 33.6282331678602 33.7275224473741 33.8744099934896 34.0371636284722 34.1999172634549 34.3626708984375 34.5254245334201 34.6881781684028 34.8509318033854 34.9816655476888 35.0163396199544 35.05101369222 35.0856877644857 35.1203618367513 35.1550359090169 35.1897099812826 35.2243840535482 35.1224985758464 34.9750932481554 34.8276879204645 34.6802825927735 34.5328772650825 34.3854719373916 34.2380666097006 34.111390346951 34.0469012790257 33.9824122111003 33.917923143175
33.3274163140191 33.3348049587674 33.3421936035157 33.3495822482639 33.3569708930122 33.319780476888 33.2677303738065 33.2156802707248 33.1636301676432 33.1115800645617 33.05952996148 33.0074798583985 32.9945325215657 33.0988934834798 33.2032544453939 33.3076154073079 33.411976369222 33.516337331136 33.6206982930501 33.7250592549642 33.8683507283528 34.0246190388997 34.1808873494466 34.3371556599935 34.4934239705403 34.6496922810872 34.8059605916341 34.9306597391764 34.9606513977051 34.9906430562337 35.0206347147624 35.050626373291 35.0806180318197 35.1106096903483 35.140601348877 35.037068939209 34.8890285068089 34.7409880744087 34.5929476420085 34.4449072096083 34.2968667772082 34.148826344808 34.0201430426704 33.9495311313206 33.8789192199707 33.8083073086209
33.1600870768229 33.1846700032552 33.2092529296875 33.2338358561198 33.2584187825521 33.2308685302735 33.1859405517578 33.1410125732422 33.0960845947266 33.051156616211 33.0062286376953 32.9613006591797 32.9553403218587 33.0662829081217 33.1772254943847 33.2881680806478 33.3991106669108 33.5100532531738 33.6209958394368 33.7319384256999 33.8715316772461 34.0206751505534 34.1698186238607 34.318962097168 34.4681055704752 34.6172490437825 34.7663925170898 34.8853080749512 34.9135398864746 34.941771697998 34.9700035095215 34.9982353210449 35.0264671325684 35.0546989440918 35.0829307556152 34.9834907531739 34.8414934794109 34.6994962056478 34.5574989318848 34.4155016581218 34.2735043843588 34.1315071105957 34.0065472920736 33.9326998392741 33.8588523864746 33.7850049336752
32.9927578396268 33.0345350477431 33.0763122558594 33.1180894639757 33.159866672092 33.1419565836589 33.1041507297092 33.0663448757596 33.0285390218099 32.9907331678603 32.9529273139106 32.915121459961 32.9161481221517 33.0336723327637 33.1511965433756 33.2687207539876 33.3862449645996 33.5037691752116 33.6212933858235 33.7388175964355 33.8747126261393 34.016731262207 34.1587498982747 34.3007685343424 34.4427871704101 34.5848058064779 34.7268244425456 34.8399564107259 34.8664283752441 34.8929003397624 34.9193723042806 34.9458442687988 34.9723162333171 34.9987881978353 35.0252601623535 34.9299125671387 34.7939584520128 34.658004336887 34.5220502217611 34.3860961066352 34.2501419915094 34.1141878763835 33.9929515414768 33.9158685472277 33.8387855529785 33.7617025587294
32.8254286024306 32.8844000922309 32.9433715820313 33.0023430718316 33.061314561632 33.0530446370443 33.0223609076606 32.9916771782769 32.9609934488932 32.9303097195096 32.8996259901259 32.8689422607422 32.8769559224446 33.0010617574056 33.1251675923665 33.2492734273275 33.3733792622884 33.4974850972493 33.6215909322103 33.7456967671712 33.8778935750325 34.0127873738606 34.1476811726888 34.2825749715169 34.417468770345 34.5523625691732 34.6872563680013 34.7946047465006 34.8193168640137 34.8440289815267 34.8687410990397 34.8934532165527 34.9181653340658 34.9428774515788 34.9675895690918 34.8763343811035 34.7464234246148 34.6165124681261 34.4866015116374 34.3566905551487 34.22677959866 34.0968686421712 33.97935579088 33.8990372551812 33.8187187194824 33.7384001837837
32.6580993652344 32.7342651367188 32.8104309082031 32.8865966796875 32.9627624511719 32.9641326904297 32.940571085612 32.9170094807943 32.8934478759766 32.8698862711589 32.8463246663412 32.8227630615234 32.8377637227376 32.9684511820475 33.0991386413574 33.2298261006673 33.3605135599772 33.4912010192871 33.621888478597 33.7525759379069 33.8810745239258 34.0088434855143 34.1366124471029 34.2643814086914 34.3921503702799 34.5199193318685 34.647688293457 34.7492530822754 34.7722053527832 34.795157623291 34.8181098937988 34.8410621643066 34.8640144348145 34.8869667053223 34.9099189758301 34.8227561950684 34.6988883972168 34.5750205993653 34.4511528015137 34.3272850036621 34.2034172058106 34.079549407959 33.9657600402832 33.8822059631348 33.7986518859863 33.7150978088379
32.4907701280382 32.5841301812066 32.677490234375 32.7708502875434 32.8642103407118 32.8752207438151 32.8587812635634 32.8423417833116 32.8259023030599 32.8094628228082 32.7930233425564 32.7765838623047 32.7985715230306 32.9358406066894 33.0731096903483 33.2103787740071 33.347647857666 33.4849169413248 33.6221860249837 33.7594551086426 33.884255472819 34.0048995971679 34.1255437215169 34.2461878458659 34.3668319702148 34.4874760945638 34.6081202189127 34.7039014180501 34.7250938415527 34.7462862650553 34.7674786885579 34.7886711120605 34.8098635355632 34.8310559590658 34.8522483825684 34.7691780090332 34.6513533698188 34.5335287306044 34.41570409139 34.2978794521756 34.1800548129612 34.0622301737468 33.9521642896864 33.8653746710884 33.7785850524903 33.6917954338922
32.3346643235948 32.4425598992242 32.5504554748535 32.6583510504828 32.7662466261122 32.7818066914877 32.7665882534451 32.7513698154026 32.73615137736 32.7209329393175 32.705714501275 32.6904960632325 32.7148581610786 32.8579618665907 33.0010655721029 33.144169277615 33.2872729831272 33.4303766886393 33.5734803941515 33.7165840996636 33.8344835917155 33.9439816792806 34.0534797668457 34.1629778544108 34.2724759419759 34.381974029541 34.4914721171061 34.578843943278 34.5998369852702 34.6208300272624 34.6418230692546 34.6628161112468 34.683809153239 34.7048021952312 34.7257952372233 34.64812596639 34.5375692579482 34.4270125495064 34.3164558410645 34.2058991326227 34.0953424241808 33.984785715739 33.8809396531847 33.7972255282932 33.7135114034017 33.6297972785102
32.1897819519043 32.3095542907715 32.4293266296387 32.5490989685059 32.668871307373 32.6838905334473 32.6639920552572 32.6440935770671 32.624195098877 32.6042966206869 32.5843981424968 32.5644996643067 32.5866236368815 32.7348149617513 32.8830062866211 33.0311976114909 33.1793889363607 33.3275802612305 33.4757715861002 33.62396291097 33.7317588806152 33.8260897318522 33.9204205830892 34.0147514343262 34.1090822855632 34.2034131368002 34.2977439880371 34.374080657959 34.3964347839356 34.4187889099121 34.4411430358887 34.4634971618653 34.4858512878418 34.5082054138184 34.5305595397949 34.4596000671387 34.3575360616049 34.255472056071 34.1534080505372 34.0513440450033 33.9492800394695 33.8472160339356 33.752086130778 33.6777585347494 33.6034309387207 33.5291033426921
32.0448995802138 32.1765486823188 32.3081977844238 32.4398468865288 32.5714959886339 32.5859743754069 32.5613958570693 32.5368173387316 32.5122388203939 32.4876603020562 32.4630817837186 32.4385032653809 32.4583891126844 32.6116680569119 32.7649470011393 32.9182259453667 33.0715048895942 33.2247838338216 33.378062778049 33.5313417222765 33.629034169515 33.7081977844238 33.7873613993327 33.8665250142415 33.9456886291504 34.0248522440593 34.1040158589681 34.16931737264 34.1930325826009 34.2167477925619 34.2404630025228 34.2641782124837 34.2878934224447 34.3116086324056 34.3353238423666 34.2710741678874 34.1775028652615 34.0839315626357 33.9903602600098 33.896788957384 33.8032176547581 33.7096463521322 33.6232326083713 33.5582915412055 33.4933504740397 33.4284094068739
31.9000172085232 32.0435430738661 32.187068939209 32.3305948045519 32.4741206698947 32.4880582173666 32.4587996588813 32.4295411003961 32.4002825419108 32.3710239834256 32.3417654249403 32.3125068664551 32.3301545884874 32.4885211520725 32.6468877156575 32.8052542792426 32.9636208428277 33.1219874064128 33.2803539699978 33.4387205335829 33.5263094584147 33.5903058369954 33.6543022155762 33.7182985941569 33.7822949727377 33.8462913513184 33.9102877298991 33.964554087321 33.9896303812663 34.0147066752116 34.0397829691569 34.0648592631022 34.0899355570476 34.1150118509929 34.1400881449382 34.0825482686361 33.9974696689182 33.9123910692004 33.8273124694825 33.7422338697646 33.6571552700467 33.5720766703288 33.4943790859647 33.4388245476617 33.3832700093588 33.3277154710558
31.7551348368327 31.9105374654134 32.0659400939941 32.2213427225749 32.3767453511556 32.3901420593262 32.3562034606934 32.3222648620606 32.2883262634278 32.254387664795 32.2204490661621 32.1865104675293 32.2019200642903 32.3653742472331 32.5288284301758 32.6922826131185 32.8557367960612 33.0191909790039 33.1826451619466 33.3460993448893 33.4235847473145 33.4724138895671 33.5212430318197 33.5700721740723 33.6189013163249 33.6677304585775 33.7165596008301 33.759790802002 33.7862281799317 33.8126655578614 33.839102935791 33.8655403137207 33.8919776916504 33.9184150695801 33.9448524475098 33.8940223693848 33.8174364725749 33.740850575765 33.6642646789551 33.5876787821452 33.5110928853353 33.4345069885254 33.365525563558 33.3193575541179 33.2731895446778 33.2270215352377
31.6102524651421 31.7775318569607 31.9448112487793 32.1120906405978 32.2793700324164 32.2922259012858 32.2536072625054 32.2149886237251 32.1763699849447 32.1377513461643 32.0991327073839 32.0605140686035 32.0736855400933 32.2422273423937 32.410769144694 32.5793109469943 32.7478527492947 32.916394551595 33.0849363538954 33.2534781561957 33.3208600362142 33.3545219421387 33.3881838480632 33.4218457539876 33.4555076599121 33.4891695658366 33.5228314717611 33.555027516683 33.582825978597 33.6106244405111 33.6384229024252 33.6662213643392 33.6940198262533 33.7218182881673 33.7496167500814 33.7054964701335 33.6374032762316 33.5693100823297 33.5012168884278 33.4331236945259 33.365030500624 33.296937306722 33.2366720411513 33.199890560574 33.1631090799968 33.1263275994195
31.432241736518 31.6148239983453 31.7974062601725 31.9799885219998 32.162570783827 32.1795435587565 32.1413131713868 32.103082784017 32.0648523966472 32.0266220092774 31.9883916219076 31.9501612345378 31.9617231580946 32.1226620144314 32.2836008707682 32.444539727105 32.6054785834419 32.7664174397786 32.9273562961155 33.0882951524523 33.146273803711 33.1699323866103 33.1935909695096 33.2172495524089 33.2409081353082 33.2645667182075 33.2882253011068 33.3140492757162 33.3463694254558 33.3786895751954 33.4110097249349 33.4433298746745 33.4756500244141 33.5079701741537 33.5402903238933 33.5059229532878 33.449326409234 33.3927298651802 33.3361333211263 33.2795367770725 33.2229402330187 33.1663436889649 33.1175131056044 33.091980404324 33.0664477030436 33.0409150017633
31.2211026509603 31.4224138895671 31.6237251281738 31.8250363667806 32.0263476053874 32.0520950317383 32.0193211873373 31.9865473429362 31.9537734985352 31.9209996541341 31.8882258097331 31.8554519653321 31.8660329182943 32.0066782633464 32.1473236083984 32.2879689534505 32.4286142985026 32.5692596435547 32.7099049886068 32.8505503336589 32.8998260498047 32.9186452229818 32.9374643961589 32.956283569336 32.9751027425131 32.9939219156902 33.0127410888672 33.0368560791016 33.0768585205078 33.1168609619141 33.1568634033203 33.1968658447266 33.2368682861328 33.2768707275391 33.3168731689453 33.2953018188477 33.2532058715821 33.2111099243164 33.1690139770508 33.1269180297852 33.0848220825196 33.0427261352539 33.0080487569173 32.9956270853679 32.9832054138184 32.9707837422689
