data/working_set_collections/6091692-Cassins_Sparrow-MC/2010/bio7.asc
NCOLS 265 
NROWS 230 
XLLCORNER -115.5625 
YLLCORNER 24.8333333333333 
CELLSIZE 0.0833333333333333 
NODATA_value -9999 
[rows 180 to 199 of 230, columns 46 to 91 of 265]
28.8188603719077 29.2991188897028 29.7793774074979 30.259635925293 30.7398944430881 31.2201529608833 31.4173299153646 31.5201463487413 31.6229627821181 31.7257792154948 31.8285956488715 31.9314120822483 32.034228515625 32.1408168368869 32.2587208218045 32.376624806722 32.4945287916395 32.6124327765571 32.7303367614746 32.8482407463922 32.9661447313097 33.0101387023926 33.0294960021973 33.048853302002 33.0682106018067 33.0875679016114 33.1069252014161 33.1262825012208 33.1467971801758 33.1707839965821 33.1947708129883 33.2187576293946 33.2427444458008 33.266731262207 33.2907180786133 33.3147048950195 33.3442034403483 33.3755392286513 33.4068750169542 33.4382108052572 33.4695465935601 33.5008823818631 33.532218170166 33.5609316507975 33.5817782084147 33.6026247660319
27.7636123657227 28.3862564086914 29.0089004516602 29.6315444946289 30.2541885375976 30.8768325805664 31.1284973144532 31.2565022786459 31.3845072428386 31.5125122070313 31.640517171224 31.7685221354167 31.8965270996094 32.0200518290202 32.1301358540853 32.2402198791504 32.3503039042155 32.4603879292806 32.5704719543457 32.6805559794108 32.7906400044759 32.821492767334 32.8259351094564 32.8303774515788 32.8348197937012 32.8392621358236 32.843704477946 32.8481468200684 32.8650782267253 32.9194768269857 32.9738754272461 33.0282740275065 33.0826726277669 33.1370712280274 33.1914698282878 33.2458684285482 33.2865348815918 33.3226239522298 33.3587130228678 33.3948020935059 33.4308911641439 33.4669802347819 33.5030693054199 33.5343452453613 33.5511817932129 33.5680183410645
26.7083643595378 27.4733939276801 28.2384234958225 29.0034530639648 29.7684826321071 30.5335122002495 30.8396647135417 30.9928582085504 31.146051703559 31.2992451985677 31.4524386935764 31.6056321885851 31.7588256835937 31.8992868211534 32.0015508863661 32.1038149515788 32.2060790167914 32.3083430820041 32.4106071472168 32.5128712124295 32.6151352776422 32.6328468322754 32.6223742167155 32.6119016011556 32.6014289855957 32.5909563700358 32.580483754476 32.5700111389161 32.5833592732748 32.6681696573893 32.7529800415039 32.8377904256185 32.9226008097331 33.0074111938477 33.0922215779622 33.1770319620768 33.2288663228353 33.2697086758084 33.3105510287815 33.3513933817546 33.3922357347276 33.4330780877007 33.4739204406738 33.5077588399251 33.5205853780111 33.533411916097
25.6531163533529 26.5605314466688 27.4679465399849 28.3753616333007 29.2827767266166 30.1901918199327 30.5508321126302 30.7292141384549 30.9075961642795 31.0859781901042 31.2643602159288 31.4427422417535 31.6211242675781 31.7785218132867 31.8729659186469 31.9674100240072 32.0618541293674 32.1562982347277 32.2507423400879 32.3451864454481 32.4396305508084 32.4442008972168 32.4188133239747 32.3934257507325 32.3680381774903 32.3426506042481 32.3172630310059 32.2918754577637 32.3016403198243 32.416862487793 32.5320846557617 32.6473068237305 32.7625289916992 32.877751159668 32.9929733276367 33.1081954956055 33.1711977640788 33.2167933993869 33.2623890346951 33.3079846700033 33.3535803053114 33.3991759406196 33.4447715759277 33.4811724344889 33.4899889628092 33.4988054911296
24.597868347168 25.6476689656575 26.6974695841471 27.7472702026366 28.7970708211261 29.8468714396158 30.2619995117188 30.4655700683594 30.669140625 30.8727111816406 31.0762817382812 31.2798522949219 31.4834228515625 31.6577568054199 31.7443809509277 31.8310050964356 31.9176292419434 32.0042533874512 32.090877532959 32.1775016784668 32.2641258239746 32.2555549621582 32.2152524312338 32.1749499003093 32.1346473693848 32.0943448384603 32.0540423075359 32.0137397766114 32.0199213663737 32.1655553181966 32.3111892700195 32.4568232218424 32.6024571736654 32.7480911254883 32.8937250773112 33.0393590291341 33.1135292053223 33.1638781229655 33.2142270406087 33.264575958252 33.3149248758952 33.3652737935384 33.4156227111816 33.4545860290527 33.4593925476074 33.4641990661621
23.542620340983 24.7348064846461 25.9269926283094 27.1191787719725 28.3113649156356 29.503551059299 29.9731669108073 30.2019259982639 30.4306850857205 30.6594441731771 30.8882032606337 31.1169623480903 31.3457214355469 31.5369917975532 31.6157959832086 31.6946001688639 31.7734043545193 31.8522085401747 31.9310127258301 32.0098169114855 32.0886210971409 32.0669090270996 32.0116915384929 31.9564740498861 31.9012565612793 31.8460390726726 31.7908215840658 31.735604095459 31.7382024129232 31.9142481486003 32.0902938842773 32.2663396199544 32.4423853556315 32.6184310913086 32.7944768269856 32.9705225626628 33.0558606465657 33.110962846544 33.1660650465223 33.2211672465006 33.2762694464789 33.3313716464572 33.3864738464355 33.4279996236165 33.4287961324056 33.4295926411947
22.5128140767415 23.7210860358344 24.9293579949274 26.1376299540202 27.3459019131131 28.5541738722061 29.0794662475588 29.3770987616647 29.6747312757706 29.9723637898765 30.2699963039823 30.5676288180883 30.8652613321941 31.1145367092558 31.2187406751846 31.3229446411134 31.4271486070422 31.531352572971 31.6355565388998 31.7397605048286 31.8439644707574 31.8245244344076 31.7638697306316 31.7032150268555 31.6425603230795 31.5819056193035 31.5212509155274 31.4605962117514 31.4630288865831 31.6547236972385 31.8464185078939 32.0381133185493 32.2298081292047 32.42150293986 32.6131977505154 32.8048925611708 32.8978749593099 32.9579532199436 33.0180314805773 33.078109741211 33.1381880018447 33.1982662624783 33.258344523112 33.3052503797743 33.3126390245226 33.3200276692709
-9999 22.6065076192219 23.7045656840007 24.8026237487793 25.9006818135579 26.9987398783367 27.5808975219728 27.9910883585613 28.4012791951499 28.8114700317384 29.2216608683269 29.6318517049155 30.042042541504 30.3903915405274 30.5532150268556 30.7160385131837 30.8788619995118 31.0416854858399 31.204508972168 31.3673324584961 31.5301559448243 31.5284011840821 31.4717870076498 31.4151728312175 31.3585586547852 31.3019444783529 31.2453303019206 31.1887161254883 31.1944007873535 31.3869819641114 31.5795631408692 31.772144317627 31.9647254943848 32.1573066711426 32.3498878479004 32.5424690246582 32.6395721435547 32.7048492431641 32.7701263427735 32.8354034423828 32.9006805419922 32.9659576416016 33.031234741211 33.0863382975261 33.1109212239584 33.1355041503907
-9999 -9999 -9999 23.4676175435384 24.4554617140028 25.4433058844673 26.0823287963868 26.605077955458 27.1278271145292 27.6505762736003 28.1733254326715 28.6960745917427 29.2188237508138 29.6662463717991 29.8876893785265 30.109132385254 30.3305753919814 30.5520183987088 30.7734614054362 30.9949044121636 31.2163474188911 31.2322779337566 31.179704284668 31.1271306355795 31.0745569864909 31.0219833374024 30.9694096883138 30.9168360392253 30.9257726881239 31.1192402309842 31.3127077738444 31.5061753167046 31.6996428595649 31.8931104024251 32.0865779452854 32.2800454881456 32.3812693277995 32.4517452663846 32.5222212049696 32.5926971435547 32.6631730821398 32.7336490207249 32.8041249593099 32.8674262152778 32.9092034233941 32.9509806315104
-9999 -9999 -9999 -9999 23.0102416144478 23.8878718905981 24.583760070801 25.2190675523547 25.8543750339086 26.4896825154624 27.1249899970161 27.76029747857 28.3956049601238 28.9421012030708 29.2221637301976 29.5022262573243 29.782288784451 30.0623513115778 30.3424138387045 30.6224763658312 30.9025388929579 30.936154683431 30.8876215616863 30.8390884399415 30.7905553181967 30.7420221964519 30.6934890747071 30.6449559529623 30.6571445888943 30.851498497857 31.0458524068197 31.2402063157823 31.434560224745 31.6289141337077 31.8232680426704 32.0176219516331 32.1229665120443 32.1986412896051 32.2743160671658 32.3499908447266 32.4256656222874 32.5013403998481 32.5770151774089 32.6485141330295 32.7074856228299 32.7664571126302
-9999 -9999 -9999 -9999 -9999 22.3324378967287 23.085191345215 23.8330571492514 24.5809229532879 25.3287887573243 26.0766545613607 26.8245203653972 27.5723861694336 28.2179560343425 28.5566380818686 28.8953201293946 29.2340021769206 29.5726842244467 29.9113662719727 30.2500483194987 30.5887303670248 30.6400314331055 30.5955388387045 30.5510462443034 30.5065536499024 30.4620610555014 30.4175684611003 30.3730758666993 30.3885164896647 30.5837567647298 30.7789970397949 30.97423731486 31.1694775899252 31.3647178649902 31.5599581400553 31.7551984151205 31.8646636962891 31.9455373128255 32.026410929362 32.1072845458985 32.1881581624349 32.2690317789714 32.3499053955078 32.4296020507813 32.5057678222656 32.58193359375
-9999 -9999 -9999 -9999 -9999 -9999 21.586622619629 22.447046746148 23.3074708726672 24.1678949991862 25.0283191257052 25.8887432522244 26.7491673787435 27.4938108656142 27.8911124335396 28.2884140014649 28.6857155693902 29.0830171373156 29.4803187052409 29.8776202731662 30.2749218410916 30.34390818278 30.3034561157227 30.2630040486654 30.2225519816081 30.1820999145508 30.1416478474935 30.1011957804362 30.1198883904351 30.3160150316027 30.5121416727702 30.7082683139377 30.9043949551053 31.1005215962728 31.2966482374403 31.4927748786079 31.6063608805339 31.692433336046 31.7785057915582 31.8645782470703 31.9506507025825 32.0367231580946 32.1227956136068 32.210689968533 32.3040500217014 32.3974100748698
-9999 -9999 -9999 -9999 -9999 -9999 -9999 21.252369096544 22.132174258762 23.0119794209799 23.8917845831977 24.7715897454157 25.6513949076336 26.4332416958281 26.9212133619522 27.4091850280763 27.8971566942004 28.3851283603246 28.8731000264486 29.3610716925727 29.8490433586969 29.9609512329103 29.94750450982 29.9340577867297 29.9206110636394 29.9071643405491 29.8937176174588 29.8802708943685 29.9162998623318 30.100755903456 30.2852119445801 30.4696679857042 30.6541240268284 30.8385800679525 31.0230361090766 31.2074921502008 31.3266459147136 31.4240322536893 31.521418592665 31.6188049316407 31.7161912706163 31.813577609592 31.9109639485677 32.0109775967068 32.1188731723362 32.2267687479655
-9999 -9999 -9999 -9999 -9999 -9999 -9999 -9999 21.0550331115724 21.8610420227051 22.6670509338379 23.4730598449708 24.2790687561036 25.0362485249838 25.6469408671063 26.2576332092286 26.868325551351 27.4790178934734 28.0897102355957 28.7004025777181 29.3110949198405 29.4911605834962 29.5276840209962 29.5642074584961 29.6007308959961 29.6372543334961 29.6737777709961 29.7103012084961 29.7777509053548 29.9379793802897 30.0982078552246 30.2584363301595 30.4186648050944 30.5788932800293 30.7391217549642 30.8993502298991 31.0255187988282 31.1403340657552 31.2551493326823 31.3699645996094 31.4847798665365 31.5995951334636 31.7144104003906 31.8304649353027 31.9502372741699 32.0700096130371
-9999 -9999 -9999 -9999 -9999 -9999 -9999 -9999 -9999 -9999 -9999 -9999 -9999 23.6392553541396 24.3726683722603 25.1060813903809 25.8394944085015 26.5729074266222 27.3063204447428 28.0397334628634 28.7731464809841 29.0213699340821 29.1078635321723 29.1943571302626 29.2808507283529 29.3673443264432 29.4538379245334 29.5403315226237 29.6392019483778 29.7752028571235 29.9112037658691 30.0472046746148 30.1832055833605 30.3192064921061 30.4552074008518 30.5912083095975 30.7243916829427 30.8566358778212 30.9888800726997 31.1211242675781 31.2533684624566 31.3856126573351 31.5178568522135 31.6499522738986 31.7816013760037 31.9132504781087
-9999 -9999 -9999 -9999 -9999 -9999 -9999 -9999 -9999 -9999 -9999 -9999 -9999 22.2422621832954 23.0983958774144 23.9545295715333 24.8106632656521 25.6667969597711 26.52293065389 27.3790643480088 28.2351980421278 28.551579284668 28.6880430433486 28.8245068020291 28.9609705607097 29.0974343193902 29.2338980780708 29.3703618367513 29.5006529914008 29.6124263339573 29.7241996765137 29.8359730190701 29.9477463616266 30.059519704183 30.1712930467394 30.2830663892958 30.4232645670573 30.5729376898872 30.722610812717 30.8722839355469 31.0219570583767 31.1716301812066 31.3213033040365 31.4694396124946 31.6129654778375 31.7564913431803
-9999 -9999 -9999 -9999 -9999 -9999 -9999 -9999 -9999 -9999 -9999 -9999 -9999 20.8452690124512 21.8241233825685 22.8029777526856 23.7818321228027 24.76068649292 25.7395408630371 26.7183952331542 27.6972496032715 28.081788635254 28.2682225545248 28.4546564737956 28.6410903930664 28.8275243123372 29.0139582316081 29.2003921508789 29.3621040344238 29.449649810791 29.5371955871582 29.6247413635254 29.7122871398926 29.7998329162598 29.887378692627 29.9749244689942 30.1221374511719 30.2892395019531 30.4563415527344 30.6234436035156 30.7905456542969 30.9576477050781 31.1247497558594 31.2889269510905 31.4443295796712 31.599732208252
-9999 -9999 -9999 -9999 -9999 -9999 -9999 -9999 -9999 -9999 -9999 -9999 -9999 19.4482758416069 20.5498508877225 21.6514259338379 22.7530009799532 23.8545760260688 24.9561510721842 26.0577261182995 27.1593011644151 27.6119979858399 27.848402065701 28.0848061455621 28.3212102254232 28.5576143052843 28.7940183851454 29.0304224650065 29.2235550774468 29.2868732876248 29.3501914978028 29.4135097079807 29.4768279181587 29.5401461283366 29.6034643385146 29.6667825486925 29.8210103352865 30.0055413140191 30.1900722927518 30.3746032714844 30.559134250217 30.7436652289497 30.9281962076823 31.1084142896864 31.275693681505 31.4429730733236
-9999 -9999 -9999 -9999 -9999 -9999 -9999 -9999 -9999 -9999 -9999 -9999 -9999 18.4343134562173 19.5555597941081 20.6768061319987 21.7980524698892 22.91929880778 24.0405451456706 25.1617914835612 26.2830378214519 26.7974856058758 27.1096672058107 27.4218488057456 27.7340304056805 28.0462120056153 28.3583936055502 28.6705752054851 28.9205477396648 28.9838930765789 29.0472384134929 29.110583750407 29.173929087321 29.2372744242351 29.3006197611491 29.3639650980632 29.5257062276205 29.7202459547255 29.9147856818305 30.1093254089356 30.3038651360406 30.4984048631456 30.6929445902507 30.8844949510362 31.0670772128635 31.2496594746908
-9999 -9999 -9999 -9999 -9999 -9999 -9999 -9999 -9999 -9999 -9999 -9999 -9999 -9999 18.8412501017253 19.8791183471679 20.9169865926106 21.9548548380534 22.9927230834961 24.0305913289388 25.0684595743816 25.6382514953615 26.0520179748536 26.4657844543458 26.879550933838 27.2933174133301 27.7070838928223 28.1208503723145 28.4530820210775 28.5407091776531 28.6283363342286 28.7159634908041 28.8035906473796 28.8912178039551 28.9788449605306 29.0664721171062 29.2362251281738 29.4333534240723 29.6304817199707 29.8276100158692 30.0247383117676 30.221866607666 30.4189949035645 30.61716893514 30.8184801737468 31.0197914123535
