data/working_set_collections/6091692-Cassins_Sparrow-MC/2010/bio7.asc
NCOLS 265 
NROWS 230 
XLLCORNER -115.5625 
YLLCORNER 24.8333333333333 
CELLSIZE 0.0833333333333333 
NODATA_value -9999 
[rows 140 to 159 of 230, columns 92 to 137 of 265]
37.9088982476128 38.01808336046 38.1272684733072 38.2364535861545 38.3456386990017 38.4580650329589 38.5715717739529 38.6850785149468 38.7985852559407 38.9120919969346 39.0255987379286 39.1391054789225 39.1954903496637 39.0805096096463 38.9655288696289 38.8505481296116 38.7355673895942 38.6205866495768 38.5056059095595 38.3906251695421 38.2755772908529 38.1605070326063 38.0454367743598 37.9303665161133 37.8152962578668 37.7002259996202 37.5851557413737 37.4988688998752 37.4989323086208 37.4989957173665 37.4990591261122 37.4991225348578 37.4991859436035 37.4992493523492 37.4993127610948 37.583970896403 37.6968272738986 37.8096836513943 37.92254002889 38.0353964063856 38.1482527838813 38.2611091613769 38.3715021769206 38.474505106608 38.5775080362956 38.6805109659831
38.1210923936631 38.2210300021701 38.320967610677 38.420905219184 38.5208428276909 38.6146614074707 38.706440311008 38.7982192145453 38.8899981180827 38.98177702162 39.0735559251573 39.1653348286946 39.2075593736437 39.1011208428277 38.9946823120117 38.8882437811958 38.7818052503798 38.6753667195638 38.5689281887478 38.4624896579319 38.3635157267253 38.2670299953885 38.1705442640516 38.0740585327148 37.977572801378 37.8810870700412 37.7846013387044 37.7099455939399 37.7007798088921 37.6916140238444 37.6824482387966 37.6732824537489 37.6641166687012 37.6549508836534 37.6457850986057 37.7049969991048 37.7870014614529 37.869005923801 37.9510103861491 38.0330148484972 38.1150193108453 38.1970237731934 38.2868962605794 38.4003728230794 38.5138493855794 38.6273259480794
38.3332865397135 38.4239766438802 38.5146667480468 38.6053568522135 38.6960469563802 38.7712577819824 38.8413088480631 38.9113599141439 38.9814109802246 39.0514620463053 39.1215131123861 39.1915641784668 39.2196283976237 39.1217320760091 39.0238357543945 38.92593943278 38.8280431111654 38.7301467895508 38.6322504679362 38.5343541463216 38.4514541625977 38.3735529581706 38.2956517537435 38.2177505493164 38.1398493448893 38.0619481404622 37.9840469360351 37.9210222880045 37.9026273091634 37.8842323303222 37.8658373514811 37.8474423726399 37.8290473937988 37.8106524149577 37.7922574361165 37.8260231018066 37.8771756490071 37.9283281962077 37.9794807434082 38.0306332906087 38.0817858378092 38.1329383850098 38.2022903442383 38.3262405395508 38.4501907348633 38.5741409301758
38.5454806857638 38.6269232855902 38.7083658854166 38.789808485243 38.8712510850694 38.9278541564941 38.9761773851182 39.0245006137424 39.0728238423665 39.1211470709906 39.1694702996148 39.2177935282389 39.2316974216037 39.1423433091906 39.0529891967774 38.9636350843642 38.874280971951 38.7849268595378 38.6955727471246 38.6062186347114 38.53939259847 38.4800759209527 38.4207592434353 38.361442565918 38.3021258884006 38.2428092108832 38.1834925333659 38.1320989820692 38.1044748094346 38.0768506368001 38.0492264641656 38.021602291531 37.9939781188965 37.9663539462619 37.9387297736274 37.9470492045084 37.9673498365614 37.9876504686143 38.0079511006673 38.0282517327203 38.0485523647732 38.0688529968262 38.1176844278971 38.2521082560221 38.3865320841471 38.5209559122721
38.6576708475748 38.7361712137858 38.8146715799967 38.8931719462077 38.9716723124186 39.0138092041016 39.0438249376085 39.0738406711154 39.1038564046224 39.1338721381293 39.1638878716363 39.1939036051432 39.1961157057021 39.1149169074165 39.0337181091309 38.9525193108453 38.8713205125597 38.7901217142741 38.7089229159885 38.6277241177029 38.5713521321615 38.5232557508681 38.4751593695747 38.4270629882812 38.3789666069879 38.3308702256945 38.282773844401 38.2386683146159 38.2065353393555 38.1744023640951 38.1422693888346 38.1101364135742 38.0780034383138 38.0458704630534 38.013737487793 38.006204477946 38.0068714565701 38.0075384351942 38.0082054138184 38.0088723924425 38.0095393710666 38.0102063496908 38.0445655822754 38.1800015767415 38.3154375712077 38.4508735656738
38.6698570251465 38.7517204284668 38.8335838317871 38.9154472351074 38.9973106384277 39.0291229248047 39.0442515055339 39.059380086263 39.0745086669922 39.0896372477214 39.1047658284505 39.1198944091797 39.1128832499186 39.0394528706869 38.9660224914551 38.8925921122233 38.8191617329916 38.7457313537598 38.672300974528 38.5988705952962 38.5473327636719 38.5030924479167 38.4588521321615 38.4146118164063 38.3703715006511 38.3261311848958 38.2818908691406 38.2407302856445 38.2088088989258 38.176887512207 38.1449661254883 38.1130447387695 38.0811233520508 38.049201965332 38.0172805786133 38.0034889221191 37.9957405090332 37.9879920959473 37.9802436828613 37.9724952697754 37.9647468566895 37.9569984436035 37.982933807373 38.109920501709 38.2369071960449 38.3638938903809
38.6820432027181 38.7672696431478 38.8524960835775 38.9377225240071 39.0229489644368 39.0444366455078 39.0446780734592 39.0449195014106 39.045160929362 39.0454023573134 39.0456437852648 39.0458852132162 39.0296507941352 38.9639888339573 38.8983268737793 38.8326649136014 38.7670029534234 38.7013409932455 38.6356790330675 38.5700170728896 38.5233133951823 38.4829291449653 38.4425448947483 38.4021606445313 38.3617763943142 38.3213921440972 38.2810078938802 38.2427922566732 38.2110824584961 38.179372660319 38.1476628621419 38.1159530639649 38.0842432657878 38.0525334676107 38.0208236694336 38.0007733662923 37.9846095614963 37.9684457567003 37.9522819519043 37.9361181471083 37.9199543423123 37.9037905375163 37.9213020324707 38.0398394266764 38.1583768208822 38.2769142150879
38.6942293802897 38.7828188578288 38.8714083353678 38.9599978129069 39.048587290446 39.0597503662109 39.0451046413846 39.0304589165582 39.0158131917318 39.0011674669054 38.986521742079 38.9718760172526 38.9464183383518 38.8885247972277 38.8306312561035 38.7727377149794 38.7148441738553 38.6569506327311 38.599057091607 38.5411635504829 38.4992940266927 38.4627658420139 38.4262376573351 38.3897094726563 38.3531812879774 38.3166531032986 38.2801249186198 38.2448542277018 38.2133560180664 38.181857808431 38.1503595987956 38.1188613891602 38.0873631795247 38.0558649698893 38.0243667602539 37.9980578104655 37.9734786139594 37.9488994174533 37.9243202209473 37.8997410244412 37.8751618279351 37.850582631429 37.8596702575683 37.9697583516439 38.0798464457194 38.1899345397949
38.7064155578613 38.7983680725098 38.8903205871582 38.9822731018066 39.0742256164551 39.0750640869141 39.0455312093099 39.0159983317057 38.9864654541016 38.9569325764974 38.9273996988932 38.8978668212891 38.8631858825684 38.8130607604981 38.7629356384277 38.7128105163574 38.6626853942871 38.6125602722168 38.5624351501465 38.5123100280762 38.4752746582031 38.4426025390625 38.4099304199219 38.3772583007813 38.3445861816406 38.3119140625 38.2792419433594 38.2469161987305 38.2156295776367 38.184342956543 38.1530563354492 38.1217697143555 38.0904830932617 38.059196472168 38.0279098510742 37.9953422546387 37.9623476664225 37.9293530782064 37.8963584899902 37.8633639017741 37.830369313558 37.7973747253418 37.798038482666 37.8996772766113 38.0013160705566 38.1029548645019
38.7186017354329 38.8139172871907 38.9092328389485 39.0045483907064 39.0998639424642 39.0903778076172 39.0459577772353 39.0015377468533 38.9571177164714 38.9126976860894 38.8682776557075 38.8238576253255 38.779953426785 38.7375967237685 38.695240020752 38.6528833177355 38.610526614719 38.5681699117025 38.525813208686 38.4834565056695 38.4512552897136 38.4224392361111 38.3936231825087 38.3648071289063 38.3359910753038 38.3071750217014 38.278358968099 38.2489781697591 38.217903137207 38.186828104655 38.1557530721029 38.1246780395508 38.0936030069987 38.0625279744466 38.0314529418945 37.9926266988119 37.9512167188856 37.9098067389594 37.8683967590332 37.826986779107 37.7855767991808 37.7441668192546 37.7364067077637 37.8295962015788 37.9227856953939 38.015975189209
38.629286702474 38.729833984375 38.8303812662761 38.9309285481771 39.0314758300781 39.0224655151368 38.9769360012479 38.931406487359 38.8858769734701 38.8403474595812 38.7948179456923 38.7492884318034 38.7047272576226 38.6630711025662 38.6214149475098 38.5797587924534 38.5381026373969 38.4964464823405 38.4547903272841 38.4131341722277 38.384152730306 38.3593961927626 38.3346396552192 38.3098831176758 38.2851265801324 38.260370042589 38.2356135050456 38.210600789388 38.184819539388 38.159038289388 38.133257039388 38.107475789388 38.081694539388 38.055913289388 38.030132039388 37.9849085489909 37.9332043117947 37.8815000745985 37.8297958374024 37.7780916002062 37.72638736301 37.6746831258138 37.6550027635363 37.7313940260145 37.8077852884929 37.8841765509712
38.4384704589844 38.5461181640625 38.6537658691406 38.7614135742188 38.8690612792969 38.8713272094727 38.8384658813477 38.8056045532227 38.7727432250977 38.7398818969727 38.7070205688477 38.6741592407227 38.6375073750814 38.5894838968913 38.5414604187012 38.4934369405111 38.445413462321 38.3973899841309 38.3493665059408 38.3013430277507 38.2739669799805 38.253473409017 38.2329798380534 38.2124862670899 38.1919926961263 38.1714991251628 38.1510055541992 38.1317840576172 38.1163787841797 38.1009735107422 38.0855682373047 38.0701629638672 38.0547576904297 38.0393524169922 38.0239471435547 37.9721878051758 37.9083104451498 37.8444330851237 37.7805557250977 37.7166783650716 37.6528010050456 37.5889236450196 37.5538266499837 37.6050707499186 37.6563148498535 37.7075589497884
38.2476542154948 38.36240234375 38.4771504720052 38.5918986002604 38.7066467285156 38.7201889038086 38.6999957614475 38.6798026190864 38.6596094767253 38.6394163343642 38.619223192003 38.5990300496419 38.5702874925402 38.5158966912164 38.4615058898926 38.4071150885688 38.352724287245 38.2983334859212 38.2439426845975 38.1895518832737 38.163781229655 38.1475506252713 38.1313200208876 38.1150894165039 38.0988588121202 38.0826282077366 38.0663976033529 38.0529673258464 38.0479380289714 38.0429087320964 38.0378794352214 38.0328501383464 38.0278208414714 38.0227915445964 38.0177622477214 37.9594670613607 37.8834165785048 37.8073660956489 37.731315612793 37.6552651299371 37.5792146470812 37.5031641642253 37.4526505364312 37.4787474738227 37.5048444112142 37.5309413486057
38.0568379720052 38.1786865234375 38.3005350748698 38.4223836263021 38.5442321777344 38.5690505981446 38.5615256415473 38.5540006849501 38.5464757283529 38.5389507717557 38.5314258151584 38.5239008585612 38.5030676099989 38.4423094855415 38.381551361084 38.3207932366265 38.2600351121691 38.1992769877116 38.1385188632542 38.0777607387967 38.0535954793295 38.0416278415256 38.0296602037218 38.017692565918 38.0057249281142 37.9937572903103 37.9817896525065 37.9741505940755 37.979497273763 37.9848439534505 37.990190633138 37.9955373128255 38.000883992513 38.0062306722005 38.011577351888 37.9467463175456 37.8585227118598 37.7702991061741 37.6820755004883 37.5938518948025 37.5056282891168 37.417404683431 37.3514744228787 37.3524241977268 37.3533739725749 37.354323747423
37.8660217285156 37.994970703125 38.1239196777344 38.2528686523438 38.3818176269531 38.4179122924805 38.4230555216472 38.4281987508138 38.4333419799805 38.4384852091472 38.4436284383138 38.4487716674805 38.4358477274577 38.3687222798666 38.3015968322754 38.2344713846843 38.1673459370931 38.100220489502 38.0330950419108 37.9659695943197 37.9434097290039 37.93570505778 37.928000386556 37.920295715332 37.9125910441081 37.9048863728841 37.8971817016602 37.8953338623047 37.9110565185547 37.9267791748047 37.9425018310547 37.9582244873047 37.9739471435547 37.9896697998047 38.0053924560547 37.9340255737305 37.8336288452149 37.7332321166993 37.6328353881836 37.532438659668 37.4320419311524 37.3316452026368 37.2502983093262 37.2261009216309 37.2019035339356 37.1777061462403
37.675205485026 37.8112548828125 37.947304280599 38.0833536783854 38.2194030761719 38.2667739868164 38.284585401747 38.3023968166775 38.3202082316081 38.3380196465386 38.3558310614692 38.3736424763997 38.3686278449165 38.2951350741916 38.2216423034668 38.148149532742 38.0746567620172 38.0011639912923 37.9276712205675 37.8541784498427 37.8332239786784 37.8297822740343 37.8263405693902 37.8228988647461 37.819457160102 37.8160154554579 37.8125737508138 37.8165171305339 37.8426157633464 37.8687143961589 37.8948130289714 37.9209116617838 37.9470102945964 37.9731089274089 37.9992075602213 37.9213048299154 37.8087349785699 37.6961651272244 37.5835952758789 37.4710254245335 37.358455573188 37.2458857218425 37.1491221957737 37.099777645535 37.0504330952962 37.0010885450575
37.4608459472656 37.6037801106771 37.7467142740886 37.8896484375 38.0325826009115 38.0891960144043 38.117035844591 38.1448756747776 38.1727155049642 38.2005553351509 38.2283951653375 38.2562349955241 38.2580369737414 38.1817253960504 38.1054138183594 38.0291022406685 37.9527906629775 37.8764790852865 37.8001675075955 37.7238559299046 37.7043556213379 37.7037924024794 37.7032291836209 37.7026659647624 37.7021027459039 37.7015395270454 37.7009763081869 37.7096970452203 37.7462696499295 37.7828422546387 37.8194148593479 37.8559874640571 37.8925600687663 37.9291326734755 37.9657052781847 37.8840304056804 37.7629397074382 37.641849009196 37.5207583109538 37.3996676127116 37.2785769144694 37.1574862162273 37.0494879828559 36.9807671440973 36.9120463053386 36.8433254665799
37.2229431152344 37.3725463867188 37.5221496582031 37.6717529296875 37.8213562011719 37.8851783752442 37.9204068501791 37.955635325114 37.9908638000489 38.0260922749838 38.0613207499186 38.0965492248535 38.1040751139323 38.0284932454427 37.9529113769532 37.8773295084636 37.801747639974 37.7261657714844 37.6505839029948 37.5750020345052 37.5568046569825 37.5577354431153 37.5586662292481 37.5595970153809 37.5605278015137 37.5614585876465 37.5623893737793 37.574873606364 37.622018178304 37.6691627502441 37.7163073221842 37.7634518941243 37.8105964660645 37.8577410380046 37.9048856099447 37.8222023010254 37.6962430318197 37.570283762614 37.4443244934082 37.3183652242025 37.1924059549968 37.066446685791 36.951395670573 36.8690694173177 36.7867431640625 36.7044169108073
36.9850402832031 37.1413126627604 37.2975850423177 37.453857421875 37.6101298014323 37.681160736084 37.7237778557672 37.7663949754503 37.8090120951335 37.8516292148166 37.8942463344998 37.936863454183 37.9501132541233 37.8752610948351 37.8004089355469 37.7255567762587 37.6507046169705 37.5758524576823 37.5010002983941 37.4261481391059 37.409253692627 37.4116784837511 37.4141032748752 37.4165280659994 37.4189528571235 37.4213776482476 37.4238024393718 37.4400501675076 37.4977667066786 37.5554832458496 37.6131997850206 37.6709163241916 37.7286328633626 37.7863494025336 37.8440659417046 37.7603741963705 37.6295463562012 37.498718516032 37.3678906758627 37.2370628356934 37.1062349955241 36.9754071553549 36.85330335829 36.7573716905382 36.6614400227865 36.5655083550348
36.7471374511719 36.9100789388021 37.0730204264323 37.2359619140625 37.3989034016927 37.4771430969239 37.5271488613553 37.5771546257867 37.6271603902181 37.6771661546495 37.727171919081 37.7771776835124 37.7961513943143 37.7220289442275 37.6479064941407 37.5737840440539 37.4996615939671 37.4255391438803 37.3514166937935 37.2772942437066 37.2617027282715 37.265621524387 37.2695403205024 37.2734591166179 37.2773779127333 37.2812967088488 37.2852155049642 37.3052267286513 37.3735152350532 37.4418037414551 37.510092247857 37.5783807542589 37.6466692606608 37.7149577670627 37.7832462734646 37.6985460917155 37.5628496805827 37.4271532694499 37.2914568583171 37.1557604471843 37.0200640360515 36.8843676249187 36.755211046007 36.6456739637587 36.5361368815105 36.4265997992622
