data/working_set_collections/6091692-Cassins_Sparrow-MC/2010/bio8.asc
NCOLS 265 
NROWS 230 
XLLCORNER -115.5625 
YLLCORNER 24.8333333333333 
CELLSIZE 0.0833333333333333 
NODATA_value -9999 
[rows 120 to 139 of 230, columns 46 to 91 of 265]
28.0520661830902 27.6470054573483 27.2419447316064 26.8368840058645 26.4318232801226 26.0267625543806 25.6687863667806 25.3265050252279 24.9842236836751 24.6419423421224 24.2996610005697 23.9573796590169 23.6150983174642 23.2977991633945 23.0554465717739 22.8130939801534 22.5707413885328 22.3283887969123 22.0860362052917 21.8436836136712 21.6013310220506 21.2910750389099 20.9581845919292 20.6252941449483 20.2924036979675 19.9595132509868 19.6266228040059 19.2937323570252 19.0513269689347 19.0803767575158 19.1094265460968 19.1384763346778 19.1675261232588 19.1965759118398 19.2256257004208 19.2546754890018 19.2968309561411 19.3433549827999 19.3898790094587 19.4364030361175 19.4829270627763 19.5294510894352 19.575975116094 19.6321224901411 19.7171399063534 19.8021573225657
28.668805360794 28.2559231917063 27.8430410226186 27.4301588535309 27.0172766844431 26.6043945153554 26.2451698303222 25.9038309733073 25.5624921162923 25.2211532592773 24.8798144022623 24.5384755452473 24.1971366882324 23.8744173367818 23.6075565020243 23.3406956672668 23.0738348325093 22.8069739977518 22.5401131629944 22.2732523282369 22.0063914934794 21.6901822090149 21.3575234413147 21.0248646736145 20.6922059059143 20.3595471382141 20.0268883705139 19.6942296028137 19.4410227616627 19.4261717001596 19.4113206386566 19.3964695771535 19.3816185156504 19.3667674541473 19.3519163926442 19.3370653311411 19.352125787735 19.3771567503611 19.4021877129873 19.4272186756134 19.4522496382395 19.4772806008657 19.5023115634918 19.5559849580129 19.6955856482188 19.8351863384247
29.2855445384979 28.8648409260644 28.4441373136308 28.0234337011973 27.6027300887638 27.1820264763302 26.8215532938639 26.4811569213867 26.1407605489095 25.8003641764323 25.4599678039551 25.1195714314778 24.7791750590006 24.4510355101691 24.1596664322747 23.8682973543803 23.5769282764859 23.2855591985914 22.994190120697 22.7028210428026 22.4114519649081 22.0892893791199 21.7568622907003 21.4244352022807 21.0920081138611 20.7595810254415 20.4271539370219 20.0947268486023 19.8307185543908 19.7719666428036 19.7132147312164 19.6544628196292 19.595710908042 19.5369589964549 19.4782070848677 19.4194551732805 19.4074206193288 19.4109585179223 19.4144964165158 19.4180343151093 19.4215722137027 19.4251101122962 19.4286480108897 19.4798474258846 19.6740313900841 19.8682153542836
29.9022837162018 29.4737586604225 29.0452336046431 28.6167085488637 28.1881834930844 27.759658437305 27.3979367574056 27.0584828694662 26.7190289815267 26.3795750935872 26.0401212056478 25.7006673177083 25.3612134297689 25.0276536835565 24.7117763625251 24.3958990414937 24.0800217204624 23.764144399431 23.4482670783997 23.1323897573683 22.8165124363369 22.4883965492249 22.1562011400859 21.8240057309469 21.4918103218079 21.1596149126689 20.8274195035299 20.4952240943909 20.2204143471188 20.1177615854475 20.0151088237762 19.912456062105 19.8098033004337 19.7071505387624 19.6044977770911 19.5018450154199 19.4627154509226 19.4447602854835 19.4268051200443 19.4088499546051 19.3908947891659 19.3729396237267 19.3549844582876 19.4037098937564 19.6524771319495 19.9012443701426
30.5190228939056 30.0826763947805 29.6463298956553 29.2099833965301 28.773636897405 28.3372903982798 27.9743202209472 27.6358088175455 27.2972974141438 26.9587860107421 26.6202746073405 26.2817632039387 25.9432518005371 25.6042718569437 25.2638862927754 24.9235007286071 24.5831151644389 24.2427296002705 23.9023440361023 23.561958471934 23.2215729077657 22.8875037193298 22.5555399894714 22.223576259613 21.8916125297546 21.5596487998962 21.2276850700378 20.8957213401794 20.6101101398468 20.4635565280914 20.317002916336 20.1704493045807 20.0238956928253 19.8773420810699 19.7307884693146 19.5842348575592 19.5180102825165 19.4785620530446 19.4391138235728 19.399665594101 19.3602173646291 19.3207691351573 19.2813209056854 19.3275723616282 19.6309228738149 19.9342733860015
31.1357620716095 30.6915941291385 30.2474261866675 29.8032582441966 29.3590903017256 28.9149223592546 28.5507036844889 28.213134765625 27.875565846761 27.5379969278971 27.2004280090332 26.8628590901692 26.5252901713053 26.1808900303311 25.8159962230258 25.4511024157206 25.0862086084154 24.7213148011101 24.3564209938049 23.9915271864997 23.6266333791945 23.2866108894348 22.954878838857 22.6231467882792 22.2914147377014 21.9596826871236 21.6279506365458 21.296218585968 20.9998059325748 20.8093514707353 20.6188970088959 20.4284425470564 20.2379880852169 20.0475336233775 19.857079161538 19.6666246996986 19.5733051141103 19.5123638206058 19.4514225271013 19.3904812335968 19.3295399400923 19.2685986465878 19.2076573530833 19.2514348294999 19.6093686156802 19.9673024018605
31.4966621081035 31.0611238373651 30.6255855666267 30.1900472958883 29.75450902515 29.3189707544115 28.9549512545268 28.6147713449267 28.2745914353265 27.9344115257264 27.5942316161262 27.254051706526 26.9138717969259 26.5668736775717 26.1994209289551 25.8319681803386 25.4645154317221 25.0970626831055 24.729609934489 24.3621571858724 23.9947044372559 23.6718916257223 23.3639587932163 23.0560259607103 22.7480931282043 22.4401602956984 22.1322274631924 21.8242946306864 21.5397832075755 21.3255360126495 21.1112888177236 20.8970416227976 20.6827944278717 20.4685472329457 20.2543000380198 20.0400528430938 19.9102637290954 19.8086273087395 19.7069908883836 19.6053544680277 19.5037180476718 19.4020816273159 19.30044520696 19.3232726944816 19.7194919056362 20.1157111167907
31.6017230033875 31.1912655194601 30.7808080355327 30.3703505516053 29.9598930676779 29.5494355837504 29.1870629310608 28.8407185554505 28.4943741798401 28.1480298042298 27.8016854286194 27.455341053009 27.1089966773987 26.7622227986654 26.4141604105632 26.066098022461 25.7180356343588 25.3699732462565 25.0219108581543 24.6738484700521 24.3257860819499 24.0433459281921 23.7827798525492 23.5222137769063 23.2616477012634 23.0010816256205 22.7405155499775 22.4799494743347 22.2300419648488 22.0121101538339 21.7941783428191 21.5762465318043 21.3583147207895 21.1403829097747 20.9224510987599 20.7045192877451 20.5288861274718 20.3673525174458 20.2058189074198 20.0442852973937 19.8827516873677 19.7212180773417 19.5596844673157 19.5430859565734 19.9612927436828 20.3794995307921
31.7067838986715 31.3214072015551 30.9360305044386 30.5506538073222 30.1652771102058 29.7799004130893 29.4191746075948 29.0666657659743 28.7141569243537 28.3616480827332 28.0091392411127 27.6566303994921 27.3041215578715 26.9575719197592 26.6288998921712 26.3002278645834 25.9715558369955 25.6428838094076 25.3142117818197 24.9855397542318 24.6568677266439 24.414800230662 24.2016009118822 23.9884015931023 23.7752022743225 23.5620029555426 23.3488036367628 23.1356043179829 22.9203007221221 22.6986842950184 22.4770678679148 22.2554514408111 22.0338350137074 21.8122185866037 21.5906021595001 21.3689857323964 21.1475085258483 20.9260777261522 20.704646926456 20.4832161267598 20.2617853270637 20.0403545273675 19.8189237276713 19.7628992186651 20.2030935817294 20.6432879447936
31.8118447939555 31.4515488836501 31.0912529733446 30.7309570630392 30.3706611527338 30.0103652424283 29.6512862841289 29.2926129764981 28.9339396688673 28.5752663612366 28.2165930536059 27.8579197459751 27.4992464383444 27.1529210408529 26.8436393737793 26.5343577067058 26.2250760396322 25.9157943725586 25.606512705485 25.2972310384115 24.9879493713379 24.7862545331319 24.6204219712151 24.4545894092983 24.2887568473816 24.1229242854648 23.957091723548 23.7912591616312 23.6105594793955 23.385258436203 23.1599573930104 22.9346563498179 22.7093553066253 22.4840542634328 22.2587532202403 22.0334521770477 21.7661309242248 21.4848029348585 21.2034749454922 20.9221469561259 20.6408189667596 20.3594909773933 20.078162988027 19.9827124807568 20.444894419776 20.9070763587951
31.9169056892395 31.5816905657451 31.2464754422506 30.9112603187561 30.5760451952617 30.2408300717672 29.8833979606629 29.5185601870219 29.1537224133809 28.78888463974 28.4240468660991 28.0592090924581 27.6943713188172 27.3482701619466 27.0583788553874 26.7684875488281 26.4785962422689 26.1887049357096 25.8988136291504 25.6089223225912 25.3190310160319 25.1577088356018 25.039243030548 24.9207772254943 24.8023114204406 24.6838456153869 24.5653798103332 24.4469140052794 24.3008182366688 24.0718325773874 23.842846918106 23.6138612588246 23.3848755995432 23.1558899402618 22.9269042809804 22.6979186216989 22.3847533226013 22.0435281435648 21.7023029645284 21.3610777854919 21.0198526064555 20.678627427419 20.3374022483826 20.2025257428486 20.6866952578226 21.1708647727965
32.0219665845236 31.7118322478401 31.4016979111566 31.0915635744731 30.7814292377896 30.4712949011061 30.1155096371969 29.7445073975458 29.3735051578946 29.0025029182434 28.6315006785923 28.2604984389411 27.88949619929 27.5436192830404 27.2731183369954 27.0026173909505 26.7321164449056 26.4616154988607 26.1911145528158 25.9206136067709 25.6501126607259 25.5291631380717 25.458064089881 25.3869650416903 25.3158659934997 25.244766945309 25.1736678971184 25.1025688489277 24.9910769939422 24.7584067185719 24.5257364432016 24.2930661678314 24.0603958924611 23.8277256170908 23.5950553417205 23.3623850663502 23.0033757209778 22.6022533522712 22.2011309835646 21.800008614858 21.3988862461514 20.9977638774448 20.5966415087382 20.4223390049403 20.9284960958692 21.434653186798
32.0017646789551 31.714059744941 31.4263548109267 31.1386498769125 30.8509449428983 30.563240008884 30.2081058979035 29.8304953946009 29.4528848912981 29.0752743879955 28.6976638846928 28.3200533813901 27.9424428780874 27.5955603970422 27.3408619827695 27.0861635684968 26.831465154224 26.5767667399513 26.3220683256786 26.0673699114058 25.8126714971331 25.7219978809357 25.6859991974301 25.6500005139245 25.6140018304189 25.5780031469133 25.5420044634077 25.5060057799021 25.4222786479526 25.1953661706713 24.9684536933899 24.7415412161086 24.5146287388272 24.2877162615458 24.0608037842645 23.8338913069831 23.4743017832438 23.0704865773519 22.66667137146 22.262856165568 21.8590409596761 21.4552257537842 21.0514105478922 20.869971821043 21.3556625313228 21.8413532416024
31.8562999725343 31.5883730570476 31.3204461415609 31.0525192260743 30.7845923105876 30.516665395101 30.1611867427827 29.7765241781871 29.3918616135916 29.007199048996 28.6225364844005 28.237873919805 27.8532113552094 27.5040935039521 27.2616097927094 27.0191260814667 26.7766423702241 26.5341586589814 26.2916749477387 26.049191236496 25.8067075252533 25.7362130641937 25.7230483531952 25.7098836421966 25.6967189311981 25.6835542201996 25.670389509201 25.6572247982025 25.5944231987 25.3827109336853 25.1709986686707 24.959286403656 24.7475741386413 24.5358618736267 24.3241496086121 24.1124373435974 23.7975315093994 23.448227818807 23.0989241282145 22.749620437622 22.4003167470296 22.0510130564371 21.7017093658447 21.5454241911568 21.9681945641834 22.3909649372099
31.7108352661133 31.4626863691543 31.2145374721951 30.9663885752361 30.718239678277 30.4700907813179 30.1142675876618 29.7225529617734 29.330838335885 28.9391237099966 28.5474090841082 28.1556944582198 27.7639798323314 27.412626610862 27.1823576026493 26.9520885944367 26.7218195862241 26.4915505780114 26.2612815697988 26.0310125615862 25.8007435533736 25.7504282474518 25.7600975089603 25.7697667704688 25.7794360319773 25.7891052934858 25.7987745549944 25.8084438165029 25.7665677494473 25.5700556966993 25.3735436439514 25.1770315912035 24.9805195384555 24.7840074857076 24.5874954329597 24.3909833802117 24.120761235555 23.8259690602621 23.531176884969 23.2363847096761 22.9415925343831 22.6468003590901 22.3520081837972 22.2208765612706 22.5807265970441 22.9405766328174
31.5653705596924 31.3369996812609 31.1086288028294 30.8802579243978 30.6518870459663 30.4235161675348 30.067348432541 29.6685817453597 29.2698150581784 28.8710483709972 28.472281683816 28.0735149966346 27.6747483094534 27.3211597177718 27.1031054125892 26.8850511074067 26.6669968022241 26.4489424970415 26.230888191859 26.0128338866764 25.7947795814938 25.7646434307098 25.7971466647254 25.829649898741 25.8621531327565 25.8946563667721 25.9271596007877 25.9596628348032 25.9387123001947 25.7574004597134 25.5760886192322 25.394776778751 25.2134649382697 25.0321530977885 24.8508412573073 24.669529416826 24.4439909617106 24.2037103017171 23.9634296417236 23.7231489817301 23.4828683217366 23.2425876617431 23.0023070017496 22.8963289313845 23.1932586299048 23.490188328425
31.4199058532715 31.2113129933676 31.0027201334636 30.7941272735596 30.5855344136557 30.3769415537517 30.0204292774201 29.614610528946 29.2087917804719 28.8029730319978 28.3971542835237 27.9913355350495 27.5855167865754 27.2296928246817 27.0238532225291 26.8180136203766 26.6121740182241 26.4063344160716 26.2004948139191 25.9946552117666 25.7888156096141 25.7788586139679 25.8341958204905 25.8895330270131 25.9448702335357 26.0002074400584 26.055544646581 26.1108818531036 26.110856850942 25.9447452227274 25.7786335945129 25.6125219662984 25.4464103380839 25.2802987098694 25.1141870816549 24.9480754534403 24.7672206878662 24.5814515431722 24.3956823984781 24.2099132537841 24.0241441090901 23.8383749643961 23.6526058197021 23.5717813014982 23.8057906627654 24.0398000240325
31.2744411468506 31.0856263054742 30.8968114640978 30.7079966227214 30.519181781345 30.3303669399686 29.9735101222993 29.5606393125323 29.1477685027653 28.7348976929983 28.3220268832314 27.9091560734643 27.4962852636974 27.1382259315915 26.944601032469 26.7509761333466 26.5573512342242 26.3637263351017 26.1701014359792 25.9764765368568 25.7828516377343 25.7930737972259 25.8712449762556 25.9494161552853 26.027587334315 26.1057585133446 26.1839296923743 26.262100871404 26.2830014016893 26.1320899857415 25.9811785697937 25.8302671538459 25.6793557378981 25.5284443219503 25.3775329060025 25.2266214900546 25.0904504140218 24.9591927846273 24.8279351552327 24.6966775258382 24.5654198964436 24.4341622670491 24.3029046376546 24.2472336716121 24.418322695626 24.58941171964
31.0467494487763 30.8667136881087 30.6866779274411 30.5066421667735 30.326606406106 30.1465706454384 29.798558664322 29.3945546097227 28.9905505551233 28.586546500524 28.1825424459247 27.7785383913253 27.374534336726 27.02578341696 26.8427919016944 26.6598003864289 26.4768088711633 26.2938173558977 26.1108258406322 25.9278343253666 25.744842810101 25.7567155679067 25.8335430834028 25.910370598899 25.9871981143951 26.0640256298913 26.1408531453875 26.2176806608836 26.2434886667464 26.116238143709 25.9889876206716 25.8617370976343 25.7344865745969 25.6072360515595 25.4799855285221 25.3527350054847 25.2551062583923 25.167351436615 25.0795966148376 24.9918417930603 24.904086971283 24.8163321495056 24.7285773277283 24.6970572948455 24.8342416286468 24.9714259624481
30.7368307590485 30.554575141271 30.3723195234935 30.190063905716 30.0078082879385 29.825552670161 29.4955749034883 29.1163564205171 28.7371379375459 28.3579194545747 27.9787009716035 27.5994824886323 27.2202640056611 26.8923652807872 26.7184258302053 26.5444863796235 26.3705469290416 26.1966074784597 26.0226680278779 25.848728577296 25.6747891267141 25.6697839260101 25.7210901419322 25.7723963578542 25.8237025737763 25.8750087896983 25.9263150056204 25.9776212215424 25.9923186461131 25.8971896966299 25.8020607471467 25.7069317976634 25.6118028481802 25.5166738986969 25.4215449492137 25.3264159997304 25.2611882209778 25.2059274991353 25.1506667772929 25.0954060554504 25.040145333608 24.9848846117655 24.9296238899231 24.9212521711985 25.0535474618275 25.1858427524566
