data/working_set_collections/6091692-Cassins_Sparrow-MC/2010/bio8.asc
NCOLS 265 
NROWS 230 
XLLCORNER -115.5625 
YLLCORNER 24.8333333333333 
CELLSIZE 0.0833333333333333 
NODATA_value -9999 
[rows 60 to 79 of 230, columns 138 to 183 of 265]
22.3849535359276 22.5993531068165 22.8137526777055 23.0281522485944 23.2859095255533 23.5581193712022 23.830329216851 24.1025390624999 24.3747489081488 24.6469587537976 24.9191685994465 25.1434779538048 25.2240858342912 25.3046937147776 25.385301595264 25.4659094757503 25.5465173562367 25.6271252367231 25.7077331172095 25.7874190807342 25.866797738605 25.9461763964759 26.0255550543467 26.1049337122175 26.1843123700883 26.2636910279592 26.3421931849585 26.4180658393436 26.4939384937286 26.5698111481136 26.6456838024987 26.7215564568837 26.7974291112688 26.8733017656538 26.9094980557759 26.9324688911438 26.9554397265116 26.9784105618795 27.0013813972473 27.0243522326151 27.047323067983 27.0716196960873 27.099893702401 27.1281677087148 27.1564417150285 27.1847157213423
22.7128214995065 22.9130163669585 23.1132112344105 23.3134061018625 23.5626121520995 23.8281552632649 24.0936983744302 24.3592414855956 24.624784596761 24.8903277079263 25.1558708190917 25.373416852951 25.4469716548919 25.5205264568328 25.5940812587737 25.6676360607147 25.7411908626556 25.8147456645965 25.8883004665374 25.9580847263336 26.0266121387481 26.0951395511627 26.1636669635772 26.2321943759918 26.3007217884063 26.3692492008209 26.4393629868825 26.5142358938853 26.589108800888 26.6639817078908 26.7388546148936 26.8137275218963 26.8886004288991 26.9634733359019 26.9983462333679 27.0198857943217 27.0414253552755 27.0629649162292 27.084504477183 27.1060440381368 27.1275835990906 27.1499406973521 27.1747504075368 27.1995601177215 27.2243698279063 27.249179538091
23.0406894630855 23.2266796271005 23.4126697911156 23.5986599551306 23.8393147786458 24.0981911553276 24.3570675320094 24.6159439086913 24.8748202853732 25.133696662055 25.3925730387369 25.6033557520972 25.6698574754926 25.7363591988881 25.8028609222835 25.869362645679 25.9358643690745 26.0023660924699 26.0688678158654 26.128750371933 26.1864265388912 26.2441027058495 26.3017788728078 26.3594550397661 26.4171312067243 26.4748073736826 26.5365327888065 26.610405948427 26.6842791080475 26.758152267668 26.8320254272884 26.905898586909 26.9797717465294 27.0536449061499 27.0871944109599 27.1073026974996 27.1274109840393 27.147519270579 27.1676275571187 27.1877358436584 27.2078441301981 27.2282616986169 27.2496071126726 27.2709525267283 27.292297940784 27.3136433548397
23.3685574266645 23.5403428872426 23.7121283478206 23.8839138083987 24.116017405192 24.3682270473903 24.6204366895887 24.872646331787 25.1248559739854 25.3770656161837 25.6292752583821 25.8332946512434 25.8927432960934 25.9521919409434 26.0116405857934 26.0710892306433 26.1305378754933 26.1899865203433 26.2494351651933 26.2994160175323 26.3462409390343 26.3930658605363 26.4398907820383 26.4867157035404 26.5335406250424 26.5803655465444 26.6337025907304 26.7065760029686 26.7794494152069 26.8523228274451 26.9251962396833 26.9980696519216 27.0709430641598 27.143816476398 27.1760425885518 27.1947196006775 27.2133966128031 27.2320736249288 27.2507506370544 27.2694276491801 27.2881046613057 27.3065826998816 27.3244638178084 27.3423449357351 27.3602260536618 27.3781071715885
23.6964253902434 23.8540061473846 24.0115869045257 24.1691676616668 24.3927200317382 24.638262939453 24.8838058471679 25.1293487548827 25.3748916625976 25.6204345703124 25.8659774780273 26.0632335503896 26.1156291166941 26.1680246829986 26.2204202493031 26.2728158156077 26.3252113819122 26.3776069482167 26.4300025145212 26.4700816631317 26.5060553391774 26.5420290152232 26.5780026912689 26.6139763673146 26.6499500433604 26.6859237194061 26.7308723926544 26.8027460575103 26.8746197223663 26.9464933872223 27.0183670520782 27.0902407169342 27.1621143817901 27.2339880466461 27.2648907661438 27.2821365038554 27.299382241567 27.3166279792785 27.3338737169901 27.3511194547017 27.3683651924133 27.3849037011464 27.3993205229441 27.4137373447418 27.4281541665395 27.4425709883372
24.0242933538224 24.1676694075266 24.3110454612307 24.4544215149349 24.6694226582844 24.9082988315157 25.1471750047471 25.3860511779784 25.6249273512098 25.8638035244411 26.1026796976724 26.2931724495358 26.3385149372948 26.3838574250539 26.4291999128129 26.474542400572 26.5198848883311 26.5652273760901 26.6105698638492 26.640747308731 26.6658697393205 26.69099216991 26.7161146004994 26.7412370310889 26.7663594616784 26.7914818922678 26.8280421945784 26.898916112052 26.9697900295257 27.0406639469994 27.1115378644731 27.1824117819468 27.2532856994205 27.3241596168942 27.3537389437357 27.3695534070333 27.3853678703308 27.4011823336283 27.4169967969259 27.4328112602234 27.4486257235209 27.4632247024112 27.4741772280799 27.4851297537486 27.4960822794172 27.5070348050859
24.2711008601718 24.4087796847025 24.5464585092332 24.6841373337639 24.8939922014872 25.1279057502746 25.361819299062 25.5957328478495 25.8296463966369 26.0635599454243 26.2974734942118 26.4827952543894 26.5223416487376 26.5618880430857 26.6014344374339 26.640980831782 26.6805272261301 26.7200736204783 26.7596200148264 26.7855910142263 26.8070368819766 26.828482749727 26.8499286174774 26.8713744852278 26.8928203529782 26.9142662207285 26.9471006923251 27.0141009754604 27.0811012585958 27.1481015417311 27.2151018248664 27.2821021080017 27.349102391137 27.4161026742723 27.4420317173004 27.4542703469594 27.4665089766184 27.4787476062775 27.4909862359365 27.5032248655955 27.5154634952545 27.5263741175334 27.5333007176717 27.5402273178101 27.5471539179484 27.5540805180867
24.4368479092915 24.5773369789123 24.7178260485331 24.8583151181538 25.0664286613464 25.2970836957295 25.5277387301126 25.7583937644958 25.9890487988789 26.219703833262 26.4503588676452 26.6321019649505 26.6671092510223 26.7021165370941 26.7371238231659 26.7721311092376 26.8071383953094 26.8421456813812 26.877152967453 26.9046127796173 26.9295567671458 26.9545007546742 26.9794447422027 27.0043887297312 27.0293327172597 27.0542767047882 27.0880478858947 27.1483006477356 27.2085534095764 27.2688061714172 27.329058933258 27.3893116950988 27.4495644569397 27.5098172187805 27.5297690868378 27.5362873236338 27.5428055604299 27.5493237972259 27.555842034022 27.5623602708181 27.5688785076141 27.5743519465128 27.5766909917196 27.5790300369263 27.581369082133 27.5837081273397
24.6025949584113 24.7458942731221 24.8891935878329 25.0324929025437 25.2388651212056 25.4662616411844 25.6936581611632 25.9210546811421 26.1484512011209 26.3758477210998 26.6032442410786 26.7814086755116 26.8118768533071 26.8423450311025 26.8728132088979 26.9032813866933 26.9337495644887 26.9642177422841 26.9946859200795 27.0236345450083 27.0520766523149 27.0805187596215 27.1089608669281 27.1374029742347 27.1658450815412 27.1942871888478 27.2289950794643 27.2825003200107 27.336005560557 27.3895108011033 27.4430160416497 27.496521282196 27.5500265227423 27.6035317632887 27.6175064563751 27.6183043003082 27.6191021442413 27.6198999881744 27.6206978321075 27.6214956760406 27.6222935199737 27.6223297754923 27.6200812657674 27.6178327560425 27.6155842463175 27.6133357365926
24.768342007531 24.9144515673319 25.0605611271328 25.2066706869337 25.4113015810648 25.6354395866393 25.8595775922139 26.0837155977884 26.307853603363 26.5319916089375 26.7561296145121 26.9307153860728 26.9566444555918 26.9825735251109 27.0085025946299 27.0344316641489 27.060360733668 27.086289803187 27.1122188727061 27.1426563103994 27.174596537484 27.2065367645687 27.2384769916534 27.2704172187381 27.3023574458228 27.3342976729075 27.369942273034 27.4166999922858 27.4634577115377 27.5102154307895 27.5569731500413 27.6037308692932 27.650488588545 27.6972463077969 27.7052438259125 27.7003212769826 27.6953987280528 27.6904761791229 27.6855536301931 27.6806310812632 27.6757085323334 27.6703076044718 27.6634715398153 27.6566354751587 27.6497994105021 27.6429633458455
24.9340890566507 25.0830088615417 25.2319286664326 25.3808484713236 25.583738040924 25.8046175320942 26.0254970232645 26.2463765144348 26.467256005605 26.6881354967752 26.9090149879455 27.0800220966339 27.1014120578766 27.1228020191192 27.1441919803619 27.1655819416046 27.1869719028473 27.2083618640899 27.2297518253326 27.2616780757904 27.2971164226532 27.332554769516 27.3679931163788 27.4034314632415 27.4388698101043 27.4743081569671 27.5108894666036 27.5508996645609 27.5909098625183 27.6309200604756 27.670930258433 27.7109404563904 27.7509506543477 27.7909608523051 27.7929811954498 27.782338253657 27.7716953118642 27.7610523700714 27.7504094282786 27.7397664864858 27.729123544693 27.7182854334513 27.7068618138631 27.6954381942749 27.6840145746867 27.6725909550985
25.0998361057705 25.2515661557515 25.4032962057325 25.5550262557135 25.7561745007832 25.9737954775492 26.1914164543151 26.4090374310811 26.626658407847 26.844279384613 27.0619003613789 27.229328807195 27.2461796601613 27.2630305131276 27.2798813660939 27.2967322190602 27.3135830720266 27.3304339249929 27.3472847779592 27.3806998411814 27.4196363078223 27.4585727744632 27.4975092411041 27.536445707745 27.5753821743859 27.6143186410268 27.6518366601732 27.685099336836 27.7183620134989 27.7516246901618 27.7848873668247 27.8181500434875 27.8514127201504 27.8846753968133 27.8807185649872 27.8643552303314 27.8479918956757 27.8316285610199 27.8152652263641 27.7989018917084 27.7825385570526 27.7662632624308 27.750252087911 27.7342409133911 27.7182297388713 27.7022185643514
25.0894393867916 25.2457492987315 25.4020592106713 25.5583691226111 25.7484096527099 25.9496937221951 26.1509777916802 26.3522618611654 26.5535459306505 26.7548300001356 26.9561140696208 27.1163319587708 27.1533513069153 27.1903706550598 27.2273900032044 27.2644093513489 27.3014286994934 27.3384480476379 27.3754673957825 27.4204568703969 27.4681030538347 27.5157492372725 27.5633954207102 27.611041604148 27.6586877875858 27.7063339710235 27.7496992164188 27.7802216476864 27.810744078954 27.8412665102217 27.8717889414893 27.9023113727569 27.9328338040246 27.9633562352922 27.9561011473338 27.9362535529666 27.9164059585995 27.8965583642324 27.8767107698652 27.8568631754981 27.837015581131 27.8174428727892 27.7986948225233 27.7799467722575 27.7611987219916 27.7424506717258
24.9028988997141 25.0655582904816 25.228217681249 25.3908770720164 25.5604434967041 25.7323122660319 25.9041810353597 26.0760498046875 26.2479185740153 26.4197873433431 26.5916561126709 26.7410315513611 26.8229269981385 26.9048224449158 26.9867178916931 27.0686133384705 27.1505087852478 27.2324042320251 27.3142996788025 27.3809491634369 27.4425166606903 27.5040841579437 27.5656516551971 27.6272191524505 27.688786649704 27.7503541469574 27.8044771353404 27.836266597112 27.8680560588836 27.8998455206553 27.9316349824269 27.9634244441986 27.9952139059702 28.0270033677419 28.0191289424896 27.9980332215627 27.9769375006358 27.9558417797089 27.9347460587819 27.913650337855 27.8925546169281 27.8718242645264 27.8521900177002 27.832555770874 27.8129215240478 27.7932872772217
24.7163584126366 24.8853672822316 25.0543761518266 25.2233850214216 25.3724773406982 25.5149308098687 25.6573842790392 25.7998377482096 25.9422912173801 26.0847446865506 26.2271981557211 26.3657311439514 26.4925026893616 26.6192742347717 26.7460457801819 26.872817325592 26.9995888710022 27.1263604164123 27.2531319618225 27.3414414564768 27.4169302675459 27.492419078615 27.567907889684 27.6433967007531 27.7188855118221 27.7943743228912 27.8592550542619 27.8923115465376 27.9253680388133 27.9584245310889 27.9914810233646 28.0245375156402 28.0575940079159 28.0906505001916 28.0821567376455 28.0598128901588 28.037469042672 28.0151251951853 27.9927813476986 27.9704375002119 27.9480936527252 27.9262056562636 27.9056852128771 27.8851647694906 27.8646443261041 27.8441238827176
24.5298179255591 24.7051762739817 24.8805346224043 25.0558929708269 25.1845111846924 25.2975493537055 25.4105875227186 25.5236256917318 25.6366638607449 25.749702029758 25.8627401987712 25.9904307365418 26.1620783805847 26.3337260246277 26.5053736686706 26.6770213127136 26.8486689567566 27.0203166007995 27.1919642448425 27.3019337495168 27.3913438744015 27.4807539992862 27.5701641241709 27.6595742490556 27.7489843739403 27.838394498825 27.9140329731835 27.9483564959632 27.9826800187429 28.0170035415225 28.0513270643022 28.0856505870819 28.1199741098616 28.1542976326412 28.1451845328013 28.1215925587548 28.0980005847083 28.0744086106618 28.0508166366153 28.0272246625688 28.0036326885223 27.9805870480008 27.9591804080539 27.9377737681071 27.9163671281603 27.8949604882134
24.3432774384816 24.5249852657318 24.706693092982 24.8884009202321 24.9965450286865 25.0801678975423 25.1637907663981 25.2474136352539 25.3310365041097 25.4146593729655 25.4982822418213 25.6151303291321 25.8316540718079 26.0481778144837 26.2647015571594 26.4812252998352 26.697749042511 26.9142727851867 27.1307965278625 27.2624260425568 27.3657574812571 27.4690889199574 27.5724203586578 27.6757517973582 27.7790832360585 27.8824146747589 27.9688108921051 28.0044014453888 28.0399919986725 28.0755825519562 28.1111731052398 28.1467636585235 28.1823542118072 28.2179447650909 28.2082123279571 28.1833722273509 28.1585321267446 28.1336920261383 28.108851925532 28.0840118249257 28.0591717243194 28.034968439738 28.0126756032308 27.9903827667236 27.9680899302165 27.9457970937093
24.1567369514041 24.3447942574819 24.5328515635596 24.7209088696374 24.8085788726807 24.8627864413791 24.9169940100776 24.9712015787761 25.0254091474745 25.079616716173 25.1338242848715 25.2398299217224 25.501229763031 25.7626296043396 26.0240294456482 26.2854292869567 26.5468291282654 26.8082289695739 27.0696288108825 27.2229183355967 27.3401710881127 27.4574238406287 27.5746765931447 27.6919293456607 27.8091820981767 27.9264348506927 28.0235888110267 28.0604463948144 28.0973039786021 28.1341615623898 28.1710191461775 28.2078767299652 28.2447343137529 28.2815918975406 28.271240123113 28.2451518959469 28.2190636687809 28.1929754416148 28.1668872144487 28.1407989872826 28.1147107601166 28.0893498314752 28.0661707984077 28.0429917653402 28.0198127322727 27.9966336992052
23.8962709638807 24.0906626383464 24.285054312812 24.4794459872775 24.5708435376485 24.6279097133213 24.684975888994 24.7420420646668 24.7991082403395 24.8561744160122 24.913240591685 25.0244070582919 25.2978743977016 25.5713417371114 25.8448090765211 26.1182764159308 26.3917437553405 26.6652110947503 26.93867843416 27.110700750351 27.2489080588023 27.3871153672536 27.5253226757049 27.6635299841563 27.8017372926076 27.9399446010589 28.0535361607869 28.0932804743449 28.1330247879028 28.1727691014608 28.2125134150187 28.2522577285766 28.2920020421346 28.3317463556925 28.3254678726196 28.3038484573364 28.2822290420532 28.26060962677 28.2389902114868 28.2173707962036 28.1957513809204 28.1747271643745 28.1554885440402 28.136249923706 28.1170113033718 28.0977726830376
23.5618794759115 23.7625904083252 23.9633013407389 24.1640122731527 24.2833390235901 24.3755377133688 24.4677364031474 24.559935092926 24.6521337827047 24.7443324724833 24.836531162262 24.9688617388407 25.2215879758198 25.474314212799 25.7270404497782 25.9797666867574 26.2324929237366 26.4852191607157 26.7379453976949 26.9257732868195 27.0919683933258 27.2581634998321 27.4243586063385 27.5905537128448 27.7567488193512 27.9229439258575 28.0586529413859 28.1029036839803 28.1471544265747 28.1914051691691 28.2356559117635 28.2799066543579 28.3241573969523 28.3684081395467 28.370895576477 28.3594619115194 28.3480282465617 28.336594581604 28.3251609166463 28.3137272516886 28.3022935867309 28.2911004384359 28.2806288401286 28.2701572418213 28.259685643514 28.2492140452067
