data/working_set_collections/6091692-Cassins_Sparrow-MC/2010/bio8.asc
NCOLS 265 
NROWS 230 
XLLCORNER -115.5625 
YLLCORNER 24.8333333333333 
CELLSIZE 0.0833333333333333 
NODATA_value -9999 
[rows 60 to 79 of 230, columns 92 to 137 of 265]
18.2361568556892 17.8691761546665 17.5021954536439 17.1352147526212 16.7682340515985 16.1971610705059 15.5580573293899 14.9189535882738 14.2798498471579 13.6407461060419 13.0016423649258 12.3625386238099 11.8972477356592 11.9533954064051 12.0095430771509 12.0656907478968 12.1218384186426 12.1779860893885 12.2341337601343 12.2902814308802 12.6348834117252 13.0756368292701 13.5163902468151 13.9571436643599 14.3978970819048 14.8386504994498 15.2794039169946 15.7079078992207 16.0996635754902 16.4914192517598 16.8831749280293 17.2749306042988 17.6666862805683 18.0584419568378 18.4501976331074 18.8406984329223 19.2307809405855 19.6208634482488 20.0109459559122 20.4010284635754 20.7911109712387 21.1811934789021 21.5273552523718 21.7417548232607 21.9561543941497 22.1705539650386
18.3244722048442 17.9237701733907 17.5230681419373 17.1223661104839 16.7216640790304 16.2163807868958 15.6762370745342 15.1360933621725 14.5959496498108 14.0558059374492 13.5156622250875 12.9755185127258 12.5733213345209 12.5849637587864 12.596606183052 12.6082486073175 12.6198910315831 12.6315334558486 12.6431758801142 12.6548183043797 12.9753140687941 13.3987609465915 13.822207824389 14.2456547021865 14.6691015799839 15.0925484577814 15.5159953355788 15.9356247901915 16.3438019752501 16.7519791603087 17.1601563453673 17.5683335304259 17.9765107154845 18.3846879005431 18.7928650856016 19.1916177749633 19.5872289657591 19.982840156555 20.3784513473509 20.7740625381468 21.1696737289427 21.5652849197386 21.9120420296986 22.1122368971506 22.3124317646026 22.5126266320545
18.4127875539992 17.978364192115 17.5439408302308 17.1095174683466 16.6750941064623 16.2356005032858 15.7944168196785 15.3532331360711 14.9120494524638 14.4708657688565 14.0296820852491 13.5884984016418 13.2493949333826 13.2165321111678 13.1836692889531 13.1508064667383 13.1179436445236 13.0850808223088 13.052218000094 13.0193551778793 13.315744725863 13.721885063913 14.128025401963 14.534165740013 14.940306078063 15.346446416113 15.752586754163 16.1633416811624 16.58794037501 17.0125390688577 17.4371377627053 17.861736456553 18.2863351504007 18.7109338442483 19.1355325380959 19.5425371170043 19.9436769909327 20.3448168648612 20.7459567387898 21.1470966127182 21.5482364866467 21.9493763605752 22.2967288070254 22.4827189710404 22.6687091350555 22.8546992990705
18.5011029031543 18.0329582108392 17.5648135185242 17.0966688262093 16.6285241338942 16.2548202196758 15.9125965648228 15.5703729099698 15.2281492551168 14.8859256002638 14.5437019454108 14.2014782905578 13.9254685322443 13.8481004635492 13.7707323948542 13.6933643261591 13.615996257464 13.538628188769 13.4612601200739 13.3838920513789 13.6561753829319 14.0450091812344 14.433842979537 14.8226767778396 15.2115105761421 15.6003443744447 15.9891781727472 16.3910585721333 16.8320787747699 17.2730989774067 17.7141191800434 18.1551393826801 18.5961595853169 19.0371797879536 19.4781999905902 19.8934564590453 20.3001250161064 20.7067935731674 21.1134621302286 21.5201306872896 21.9267992443507 22.3334678014118 22.6814155843522 22.8532010449303 23.0249865055084 23.1967719660864
18.5894182523093 18.0875522295634 17.5856862068177 17.083820184072 16.5819541613262 16.2740399360657 16.0307763099671 15.7875126838684 15.5442490577698 15.3009854316711 15.0577218055725 14.8144581794738 14.601542131106 14.4796688159306 14.3577955007552 14.2359221855799 14.1140488704045 13.9921755552291 13.8703022400538 13.7484289248784 13.9966060400008 14.3681332985559 14.739660557111 15.1111878156661 15.4827150742212 15.8542423327763 16.2257695913314 16.6187754631041 17.0762171745299 17.5336588859557 17.9911005973814 18.4485423088072 18.905984020233 19.3634257316588 19.8208674430845 20.2443758010863 20.65657304128 21.0687702814736 21.4809675216673 21.893164761861 22.3053620020547 22.7175592422484 23.066102361679 23.2236831188201 23.3812638759612 23.5388446331023
18.6777336014643 18.1421462482877 17.6065588951112 17.0709715419347 16.5353841887581 16.2932596524557 16.1489560551114 16.004652457767 15.8603488604228 15.7160452630785 15.5717416657341 15.4274380683898 15.2776157299677 15.111237168312 14.9448586066563 14.7784800450007 14.612101483345 14.4457229216893 14.2793443600337 14.112965798378 14.3370366970697 14.6912574158773 15.045478134685 15.3996988534926 15.7539195723003 16.108140291108 16.4623610099156 16.846492354075 17.3203555742898 17.7942187945047 18.2680820147195 18.7419452349343 19.2158084551492 19.689671675364 20.1635348955788 20.5952951431273 21.0130210664536 21.4307469897798 21.8484729131062 22.2661988364324 22.6839247597587 23.101650683085 23.4507891390058 23.5941651927099 23.7375412464141 23.8809173001183
18.3638662046858 17.8143908633128 17.2649155219398 16.7154401805668 16.1659648391937 15.9691234906515 15.8898268063864 15.8105301221213 15.7312334378561 15.651936753591 15.5726400693258 15.4933433850607 15.3990357346006 15.2596951855554 15.1203546365103 14.9810140874651 14.84167353842 14.7023329893748 14.5629924403297 14.4236518912845 14.6411381324131 14.9775666369331 15.3139951414531 15.6504236459731 15.9868521504931 16.3232806550131 16.6597091595331 17.0304044352636 17.5039000246258 17.9773956139881 18.4508912033504 18.9243867927126 19.3978823820749 19.8713779714371 20.3448735607994 20.7855192979176 21.2152150842878 21.6449108706579 22.0746066570281 22.5043024433983 22.9339982297684 23.3636940161386 23.720385562049 23.8580643865797 23.9957432111104 24.1334220356411
17.6478160619738 17.1042860746386 16.5607560873034 16.0172260999682 15.4736961126329 15.3016314506532 15.253388563792 15.2051456769309 15.1569027900697 15.1086599032085 15.0604170163473 15.0121741294862 14.9658021450044 14.9250428676606 14.8842835903168 14.8435243129731 14.8027650356293 14.7620057582855 14.7212464809418 14.680487203598 14.9089103460311 15.2270609617232 15.5452115774154 15.8633621931075 16.1815128087996 16.4996634244918 16.8178140401839 17.17051170667 17.626850525538 18.083189344406 18.539528163274 18.995866982142 19.45220580101 19.908544619878 20.364883438746 20.8150482654571 21.2631550947824 21.7112619241077 22.1593687534331 22.6074755827585 23.0555824120838 23.5036892414092 23.8748916308085 24.0153807004292 24.15586977005 24.2963588396708
16.9317659192617 16.3941812859643 15.8565966526669 15.3190120193696 14.7814273860721 14.6341394106548 14.6169503211976 14.5997612317404 14.5825721422832 14.565383052826 14.5481939633688 14.5310048739116 14.5325685554081 14.5903905497657 14.6482125441234 14.706034538481 14.7638565328386 14.8216785271962 14.8795005215539 14.9373225159115 15.1766825596491 15.4765552865133 15.7764280133777 16.0763007402419 16.3761734671062 16.6760461939705 16.9759189208348 17.3106189780764 17.7498010264501 18.1889830748239 18.6281651231977 19.0673471715714 19.5065292199452 19.9457112683189 20.3848933166926 20.8445772329965 21.3110951052771 21.7776129775576 22.2441308498382 22.7106487221187 23.1771665943992 23.6436844666798 24.029397699568 24.1726970142788 24.3159963289896 24.4592956437004
16.2157157765496 15.68407649729 15.1524372180305 14.6207979387709 14.0891586595113 13.9666473706564 13.9805120786032 13.99437678655 14.0082414944967 14.0221062024435 14.0359709103903 14.049835618337 14.0993349658118 14.2557382318709 14.4121414979299 14.5685447639889 14.7249480300479 14.8813512961069 15.0377545621659 15.194157828225 15.444454773267 15.7260496113035 16.0076444493399 16.2892392873763 16.5708341254127 16.8524289634492 17.1340238014856 17.4507262494828 17.8727515273623 18.2947768052418 18.7168020831213 19.1388273610008 19.5608526388803 19.9828779167598 20.4049031946393 20.874106200536 21.3590351157717 21.8439640310074 22.3288929462432 22.8138218614789 23.2987507767146 23.7836796919504 24.1839037683275 24.3300133281283 24.4761228879292 24.6222324477301
15.4996656338376 14.9739717086158 14.4482777833941 13.9225838581723 13.3968899329505 13.2991553306581 13.3440738360088 13.3889923413596 13.4339108467103 13.478829352061 13.5237478574118 13.5686663627625 13.6661013762156 13.9210859139761 14.1760704517364 14.4310549894968 14.6860395272573 14.9410240650176 15.196008602778 15.4509931405385 15.712226986885 15.9755439360935 16.2388608853022 16.5021778345107 16.7654947837193 17.0288117329279 17.2921286821365 17.5908335208892 17.9957020282744 18.4005705356597 18.8054390430449 19.2103075504302 19.6151760578155 20.0200445652007 20.4249130725859 20.9036351680755 21.4069751262664 21.9103150844572 22.4136550426482 22.9169950008391 23.42033495903 23.923674917221 24.3384098370869 24.4873296419779 24.6362494468688 24.7851692517598
14.7836154911255 14.2638669199415 13.7441183487576 13.2243697775737 12.7046212063897 12.6316632906597 12.7076355934144 12.7836078961691 12.8595801989238 12.9355525016785 13.0115248044333 13.087497107188 13.2328677866194 13.5864335960812 13.939999405543 14.2935652150048 14.6471310244666 15.0006968339284 15.3542626433901 15.707828452852 15.979999200503 16.2250382608837 16.4700773212644 16.7151163816451 16.9601554420258 17.2051945024066 17.4502335627873 17.7309407922956 18.1186525291865 18.5063642660776 18.8940760029686 19.2817877398596 19.6694994767506 20.0572112136416 20.4449229505326 20.9331641356149 21.454915136761 21.9766661379071 22.4984171390532 23.0201681401993 23.5419191413454 24.0636701424916 24.4929159058464 24.6446459558274 24.7963760058085 24.9481060557895
14.5079061720107 14.0108659532335 13.5138257344564 13.0167855156793 12.5197452969021 12.4622472206751 12.5512631919648 12.6402791632546 12.7292951345443 12.8183111058341 12.9073270771238 12.9963430484135 13.1602880292467 13.5490200387106 13.9377520481744 14.3264840576383 14.7152160671022 15.103948076566 15.4926800860298 15.8814120954937 16.155102221171 16.3904450522528 16.6257878833347 16.8611307144165 17.0964735454983 17.3318163765801 17.5671592076619 17.8320335494146 18.1855024231804 18.5389712969462 18.8924401707119 19.2459090444776 19.5993779182434 19.9528467920091 20.3063156657748 20.7977268218994 21.3351187388101 21.8725106557209 22.4099025726318 22.9472944895425 23.4846864064533 24.0220783233642 24.4641997390323 24.6205096509721 24.776819562912 24.9331294748518
14.6725376764934 14.214968808492 13.7573999404908 13.2998310724895 12.8422622044881 12.7909071207046 12.8749566316604 12.9590061426162 13.043055653572 13.1271051645278 13.2111546754836 13.2952041864394 13.4483621040979 13.8088452418644 14.1693283796309 14.5298115173974 14.890294655164 15.2507777929305 15.611260930697 15.9717440684636 16.2375360488891 16.4717643102009 16.7059925715128 16.9402208328247 17.1744490941365 17.4086773554484 17.6429056167602 17.8941117922464 18.1962517102559 18.4983916282653 18.8005315462748 19.1026714642842 19.4048113822937 19.7069513003031 20.0090912183125 20.4973232269287 21.0475859324137 21.5978486378987 22.1481113433837 22.6983740488687 23.2486367543537 23.7988994598388 24.2522613366445 24.4149207274119 24.5775801181793 24.7402395089467
14.8371691809761 14.4190716637506 14.0009741465251 13.5828766292996 13.1647791120741 13.1195670207341 13.198650071356 13.2777331219779 13.3568161725997 13.4358992232216 13.5149822738435 13.5940653244654 13.736436178949 14.0686704450183 14.4009047110875 14.7331389771566 15.0653732432259 15.3976075092951 15.7298417753643 16.0620760414335 16.3199698766072 16.5530835681491 16.786197259691 17.0193109512329 17.2524246427747 17.4855383343166 17.7186520258585 17.9561900350782 18.2070009973313 18.4578119595845 18.7086229218377 18.9594338840908 19.210244846344 19.4610558085971 19.7118667708503 20.196919631958 20.7600531260172 21.3231866200764 21.8863201141357 22.4494536081949 23.0125871022541 23.5757205963134 24.0403229342567 24.2093318038516 24.3783406734467 24.5473495430416
15.0018006854588 14.6231745190091 14.2445483525594 13.8659221861098 13.4872960196601 13.4482269207636 13.5223435110515 13.5964601013395 13.6705766916275 13.7446932819154 13.8188098722034 13.8929264624913 14.0245102538002 14.3284956481721 14.632481042544 14.9364664369158 15.2404518312878 15.5444372256596 15.8484226200315 16.1524080144034 16.4024037043253 16.6344028260972 16.8664019478692 17.0984010696411 17.330400191413 17.5623993131849 17.7943984349568 18.01826827791 18.2177502844068 18.4172322909037 18.6167142974005 18.8161963038974 19.0156783103943 19.2151603168911 19.414642323388 19.8965160369872 20.4725203196207 21.0485246022541 21.6245288848876 22.2005331675211 22.7765374501545 23.352541732788 23.8283845318688 24.0037428802914 24.179101228714 24.3544595771366
15.1664321899415 14.8272773742676 14.4881225585938 14.14896774292 13.8098129272461 13.7768868207931 13.8460369507471 13.9151870807011 13.9843372106551 14.0534873406092 14.1226374705632 14.1917876005172 14.3125843286513 14.5883208513259 14.8640573740005 15.139793896675 15.4155304193496 15.6912669420242 15.9670034646987 16.2427399873733 16.4848375320434 16.7157220840453 16.9466066360473 17.1774911880493 17.4083757400512 17.6392602920532 17.8701448440551 18.0803465207417 18.2284995714823 18.3766526222229 18.5248056729634 18.672958723704 18.8211117744446 18.9692648251851 19.1174178759257 19.5961124420166 20.1849875132242 20.7738625844318 21.3627376556396 21.9516127268472 22.5404877980549 23.1293628692626 23.616446129481 23.7981539567311 23.9798617839813 24.1615696112315
15.3310636944241 15.0313802295261 14.7316967646281 14.4320132997301 14.1323298348321 14.1055467208226 14.1697303904427 14.2339140600628 14.2980977296829 14.362281399303 14.426465068923 14.4906487385431 14.6006584035025 14.8481460544797 15.095633705457 15.3431213564342 15.5906090074115 15.8380966583887 16.0855843093659 16.3330719603432 16.5672713597615 16.7970413419935 17.0268113242255 17.2565813064575 17.4863512886894 17.7161212709215 17.9458912531534 18.1424247635735 18.2392488585578 18.3360729535421 18.4328970485263 18.5297211435106 18.6265452384949 18.7233693334792 18.8201934284634 19.2957088470458 19.8974547068277 20.4992005666096 21.1009464263915 21.7026922861734 22.3044381459553 22.9061840057372 23.4045077270932 23.5925650331709 23.7806223392487 23.9686796453264
15.9036951462427 15.6345436175663 15.36539208889 15.0962405602137 14.8270890315373 14.7831289450326 14.8142326725853 14.8453364001379 14.8764401276905 14.9075438552432 14.9386475827958 14.9697513103484 15.0395577006869 15.2254720793829 15.4113864580789 15.597300836775 15.783215215471 15.969129594167 16.155043972863 16.3409583515591 16.56075583299 16.7918476819992 17.0229395310084 17.2540313800176 17.4851232290268 17.716215078036 17.9473069270452 18.1367965486314 18.2014794879489 18.2661624272664 18.3308453665839 18.3955283059014 18.4602112452189 18.5248941845364 18.5895771238539 19.0521837075551 19.6474315060508 20.2426793045466 20.8379271030425 21.4331749015383 22.0284227000341 22.62367049853 23.1187042660183 23.3130959404839 23.5074876149496 23.7018792894151
16.8843265453973 16.6367675383884 16.3892085313796 16.1416495243707 15.8940905173618 15.8096334934233 15.7795437971749 15.7494541009266 15.7193644046782 15.6892747084298 15.6591850121815 15.6290953159331 15.6292822202046 15.7202989260355 15.8113156318664 15.9023323376973 15.9933490435282 16.0843657493591 16.17538245519 16.2663991610209 16.4652909517288 16.7001411040624 16.934991256396 17.1698414087295 17.4046915610631 17.6395417133967 17.8743918657303 18.0634618759155 18.1151914596558 18.166921043396 18.2186506271362 18.2703802108765 18.3221097946167 18.3738393783569 18.4255689620972 18.8655370235442 19.4349179108937 20.0042987982431 20.5736796855926 21.143060572942 21.7124414602914 22.281822347641 22.7590357462565 22.9597466786702 23.160457611084 23.3611685434977
