data/working_set_collections/6091692-Cassins_Sparrow-MC/2010/bio8.asc
NCOLS 265 
NROWS 230 
XLLCORNER -115.5625 
YLLCORNER 24.8333333333333 
CELLSIZE 0.0833333333333333 
NODATA_value -9999 
[rows 0 to 19 of 230, columns 184 to 229 of 265]
15.430406777064 15.4208212693532 15.4112357616425 15.3920238018036 15.3696030245887 15.3471822473738 15.3247614701589 15.302340692944 15.2799199157291 15.2574991385142 15.2299555566576 15.1870435608758 15.144131565094 15.1012195693122 15.0583075735304 15.0153955777486 14.9724835819668 14.929571586185 14.9434142430623 14.9761751174927 15.008935991923 15.0416968663533 15.0744577407837 15.107218615214 15.1399794896444 15.1460956176122 15.0722775061925 14.9984593947729 14.9246412833532 14.8508231719335 14.7770050605138 14.7031869490941 14.6293688376745 14.5824697653452 14.5445437060462 14.5066176467472 14.4686915874481 14.4307655281491 14.39283946885 14.354913409551 14.3201214922799 14.2947320010927 14.2693425099055 14.2439530187183 14.2185635275311 14.1931740363439
15.4886400699615 15.4847818215688 15.4809235731761 15.4669186115265 15.4495314121246 15.4321442127228 15.4147570133209 15.3973698139191 15.3799826145172 15.3625954151154 15.3391877174377 15.2977185249329 15.256249332428 15.2147801399231 15.1733109474182 15.1318417549133 15.0903725624084 15.0489033699036 15.0578889846802 15.0836928685506 15.109496752421 15.1353006362915 15.1611045201619 15.1869084040324 15.2127122879028 15.2164280653 15.1538795232773 15.0913309812546 15.0287824392319 14.9662338972092 14.9036853551865 14.8411368131638 14.7785882711411 14.7339315891266 14.6952388604482 14.6565461317698 14.6178534030914 14.579160674413 14.5404679457347 14.5017752170563 14.4656622012456 14.4372883240382 14.4089144468307 14.3805405696233 14.3521666924159 14.3237928152084
15.5468733628591 15.5487423737844 15.5506113847097 15.5418134212494 15.5294597996606 15.5171061780718 15.5047525564829 15.4923989348941 15.4800453133053 15.4676916917165 15.4484198782179 15.4083934889899 15.368367099762 15.328340710534 15.288314321306 15.248287932078 15.2082615428501 15.1682351536221 15.172363726298 15.1912106196085 15.2100575129191 15.2289044062296 15.2477512995402 15.2665981928507 15.2854450861613 15.2867605129878 15.235481540362 15.1842025677363 15.1329235951106 15.0816446224848 15.0303656498591 14.9790866772334 14.9278077046076 14.8853934129079 14.8459340148502 14.8064746167925 14.7670152187347 14.727555820677 14.6880964226193 14.6486370245616 14.6112029102113 14.5798446469837 14.548486383756 14.5171281205283 14.4857698573006 14.454411594073
15.6051066557566 15.612702926 15.6202991962433 15.6167082309723 15.6093881871965 15.6020681434207 15.594748099645 15.5874280558692 15.5801080120934 15.5727879683177 15.5576520389981 15.519068453047 15.4804848670959 15.4419012811449 15.4033176951938 15.3647341092428 15.3261505232917 15.2875669373406 15.2868384679158 15.2987283706665 15.3106182734171 15.3225081761678 15.3343980789184 15.3462879816691 15.3581778844197 15.3570929606756 15.3170835574468 15.277074154218 15.2370647509893 15.1970553477605 15.1570459445318 15.117036541303 15.0770271380742 15.0368552366892 14.9966291692522 14.9564031018151 14.916177034378 14.875950966941 14.8357248995039 14.7954988320668 14.7567436191771 14.7224009699292 14.6880583206812 14.6537156714333 14.6193730221854 14.5850303729375
15.6633399486542 15.6766634782155 15.6899870077769 15.6916030406952 15.6893165747325 15.6870301087697 15.684743642807 15.6824571768443 15.6801707108815 15.6778842449188 15.6668841997782 15.6297434171041 15.5926026344299 15.5554618517558 15.5183210690816 15.4811802864075 15.4440395037333 15.4068987210592 15.4013132095337 15.4062461217244 15.4111790339152 15.4161119461059 15.4210448582967 15.4259777704875 15.4309106826782 15.4274254083633 15.3986855745316 15.3699457406998 15.341205906868 15.3124660730362 15.2837262392044 15.2549864053726 15.2262465715408 15.1883170604706 15.1473243236542 15.1063315868378 15.0653388500214 15.024346113205 14.9833533763885 14.9423606395721 14.9022843281428 14.8649572928747 14.8276302576065 14.7903032223384 14.7529761870702 14.7156491518021
15.7215732415517 15.7406240304311 15.7596748193105 15.7664978504181 15.7692449622684 15.7719920741187 15.774739185969 15.7774862978193 15.7802334096697 15.78298052152 15.7761163605584 15.7404183811612 15.7047204017639 15.6690224223667 15.6333244429694 15.5976264635722 15.5619284841749 15.5262305047777 15.5157879511515 15.5137638727824 15.5117397944132 15.5097157160441 15.507691637675 15.5056675593058 15.5036434809367 15.4977578560511 15.4802875916163 15.4628173271815 15.4453470627467 15.4278767983119 15.410406533877 15.3929362694422 15.3754660050074 15.3397788842519 15.2980194780562 15.2562600718604 15.2145006656647 15.1727412594689 15.1309818532732 15.0892224470774 15.0478250371085 15.0075136158201 14.9672021945317 14.9268907732434 14.886579351955 14.8462679306666
15.7275425672531 15.7494670417574 15.7713915162616 15.781901049614 15.7886056025823 15.7953101555506 15.802014708519 15.8087192614873 15.8154238144557 15.822128367424 15.8201245069504 15.7919954061508 15.7638663053513 15.7357372045517 15.7076081037521 15.6794790029526 15.651349902153 15.6232208013535 15.6128131707509 15.6083126968808 15.6038122230106 15.5993117491404 15.5948112752702 15.5903108014001 15.5858103275299 15.579586203893 15.568191130956 15.556796058019 15.545400985082 15.534005912145 15.522610839208 15.5112157662709 15.4998206933339 15.4670133749644 15.4270686414507 15.3871239079369 15.3471791744232 15.3072344409095 15.2672897073958 15.227344973882 15.1866835090849 15.1438718504376 15.1010601917903 15.0582485331429 15.0154368744956 14.9726252158483
15.6812479257584 15.7031925121943 15.7251370986303 15.7378126382828 15.7473984956741 15.7569843530655 15.7665702104569 15.7761560678482 15.7857419252396 15.7953277826309 15.7989086389542 15.7844744920731 15.770040345192 15.7556061983109 15.7411720514297 15.7267379045486 15.7123037576675 15.6978696107864 15.6923888683319 15.6898925940196 15.6873963197072 15.6849000453949 15.6824037710826 15.6799074967702 15.6774112224579 15.672910451889 15.6623961925507 15.6518819332123 15.6413676738739 15.6308534145355 15.6203391551971 15.6098248958588 15.5993106365204 15.570020532608 15.5344718138377 15.4989230950673 15.463374376297 15.4278256575267 15.3922769387563 15.356728219986 15.318859744072 15.274031996727 15.229204249382 15.184376502037 15.1395487546921 15.0947210073471
15.6349532842636 15.6569179826313 15.6788826809989 15.6937242269516 15.706191388766 15.7186585505803 15.7311257123947 15.7435928742091 15.7560600360235 15.7685271978378 15.777692770958 15.7769535779953 15.7762143850327 15.77547519207 15.7747359991074 15.7739968061447 15.7732576131821 15.7725184202194 15.7719645659129 15.7714724911584 15.7709804164039 15.7704883416494 15.7699962668949 15.7695041921404 15.7690121173859 15.766234699885 15.7566012541453 15.7469678084055 15.7373343626658 15.7277009169261 15.7180674711863 15.7084340254466 15.6988005797068 15.6730276902517 15.6418749862247 15.6107222821977 15.5795695781708 15.5484168741438 15.5172641701168 15.4861114660899 15.451035979059 15.4041921430164 15.3573483069738 15.3105044709312 15.2636606348885 15.2168167988459
15.5886586427689 15.6106434530682 15.6326282633675 15.6496358156204 15.6649842818578 15.6803327480952 15.6956812143326 15.71102968057 15.7263781468074 15.7417266130447 15.7564769029617 15.7694326639175 15.7823884248733 15.7953441858292 15.808299946785 15.8212557077408 15.8342114686966 15.8471672296524 15.8515402634938 15.8530523882972 15.8545645131005 15.8560766379038 15.8575887627072 15.8591008875105 15.8606130123138 15.8595589478811 15.8508063157399 15.8420536835988 15.8333010514577 15.8245484193166 15.8157957871755 15.8070431550344 15.7982905228933 15.7760348478953 15.7492781586117 15.7225214693281 15.6957647800445 15.669008090761 15.6422514014774 15.6154947121938 15.583212214046 15.5343522893058 15.4854923645655 15.4366324398253 15.387772515085 15.3389125903447
15.5423640012741 15.5643689235051 15.5863738457362 15.6055474042892 15.6237771749496 15.64200694561 15.6602367162704 15.6784664869308 15.6966962575912 15.7149260282516 15.7352610349655 15.7619117498398 15.788562464714 15.8152131795883 15.8418638944626 15.8685146093368 15.8951653242111 15.9218160390854 15.9311159610748 15.934632285436 15.9381486097972 15.9416649341583 15.9451812585195 15.9486975828806 15.9522139072418 15.9528831958771 15.9450113773346 15.9371395587921 15.9292677402496 15.9213959217071 15.9135241031647 15.9056522846222 15.8977804660797 15.8790420055389 15.8566813309987 15.8343206564585 15.8119599819183 15.7895993073781 15.7672386328379 15.7448779582977 15.7153884490331 15.6645124355952 15.6136364221573 15.5627604087194 15.5118843952815 15.4610083818436
15.4960693597794 15.5180943939421 15.5401194281048 15.5614589929581 15.5825700680415 15.6036811431249 15.6247922182083 15.6459032932917 15.6670143683751 15.6881254434586 15.7140451669693 15.754390835762 15.7947365045547 15.8350821733475 15.8754278421402 15.9157735109329 15.9561191797256 15.9964648485183 16.0106916586558 16.0162121825748 16.0217327064938 16.0272532304128 16.0327737543318 16.0382942782508 16.0438148021698 16.0462074438731 16.0392164389292 16.0322254339854 16.0252344290415 16.0182434240977 16.0112524191538 16.00426141421 15.9972704092661 15.9820491631826 15.9640845033857 15.9461198435889 15.9281551837921 15.9101905239953 15.8922258641985 15.8742612044016 15.8475646840201 15.7946725818846 15.741780479749 15.6888883776135 15.6359962754779 15.5831041733424
16.1410098791121 16.1939432223636 16.2468765656152 16.2048034826913 16.1310615910423 16.0573196993933 15.9835778077443 15.9098359160953 15.8360940244463 15.7623521327972 15.7185018327501 15.7643263075087 15.8101507822672 15.8559752570258 15.9017997317844 15.947624206543 15.9934486813015 16.0392731560601 16.0565942446391 16.0644142044915 16.0722341643439 16.0800541241964 16.0878740840488 16.0956940439012 16.1035140037537 16.1071959813436 16.098464012146 16.0897320429484 16.0810000737508 16.0722681045532 16.0635361353556 16.054804166158 16.0460721969605 16.0345583438873 16.022117196189 16.0096760484907 15.9972349007924 15.9847937530941 15.9723526053958 15.9599114576975 15.9381072415246 15.8882138199276 15.8383203983307 15.7884269767337 15.7385335551368 15.6886401335398
17.4771855592726 17.5919154087701 17.7066452582676 17.5355808734893 17.2692517439524 17.0029226144155 16.7365934848785 16.4702643553416 16.2039352258047 15.9376060962677 15.7486310323079 15.7917181650797 15.8348052978516 15.8778924306234 15.9209795633952 15.964066696167 16.0071538289388 16.0502409617106 16.0688237190247 16.0792383511861 16.0896529833476 16.100067615509 16.1104822476705 16.1208968798319 16.1313115119934 16.1358488082886 16.1227540969849 16.1096593856812 16.0965646743774 16.0834699630737 16.07037525177 16.0572805404663 16.0441858291626 16.0365695476532 16.0307794094086 16.0249892711639 16.0191991329193 16.0134089946747 16.0076188564301 16.0018287181854 15.9870161215464 15.9451361497243 15.9032561779022 15.8613762060801 15.819496234258 15.7776162624359
18.8133612394331 18.9898875951765 19.1664139509198 18.8663582642872 18.4074418968624 17.9485255294376 17.4896091620127 17.0306927945879 16.5717764271631 16.1128600597382 15.7787602318658 15.8191100226508 15.8594598134359 15.8998096042209 15.940159395006 15.980509185791 16.020858976576 16.0612087673611 16.0810531934102 16.0940624978807 16.1070718023512 16.1200811068217 16.1330904112922 16.1460997157627 16.1591090202331 16.1645016352336 16.1470441818237 16.1295867284139 16.1121292750041 16.0946718215942 16.0772143681844 16.0597569147746 16.0422994613648 16.0385807514191 16.0394416226281 16.0403024938371 16.0411633650462 16.0420242362552 16.0428851074643 16.0437459786733 16.0359250015683 16.002058479521 15.9681919574738 15.9343254354265 15.9004589133792 15.866592391332
20.1495369195936 20.3878597815829 20.6261826435723 20.1971356550852 19.5456320497725 18.8941284444598 18.242624839147 17.5911212338342 16.9396176285215 16.2881140232087 15.8088894314236 15.8465018802219 15.8841143290202 15.9217267778185 15.9593392266167 15.996951675415 16.0345641242133 16.0721765730116 16.0932826677958 16.1088866445753 16.1244906213548 16.1400945981344 16.1556985749139 16.1713025516934 16.1869065284729 16.1931544621786 16.1713342666626 16.1495140711466 16.1276938756307 16.1058736801148 16.0840534845988 16.0622332890829 16.0404130935669 16.0405919551849 16.0481038358476 16.0556157165103 16.0631275971731 16.0706394778358 16.0781513584985 16.0856632391612 16.0848338815901 16.0589808093177 16.0331277370453 16.0072746647729 15.9814215925005 15.9555685202281
21.4857125997542 21.7858319679894 22.0859513362247 21.5279130458832 20.6838222026826 19.839731359482 18.9956405162812 18.1515496730806 17.30745882988 16.4633679866792 15.8390186309814 15.873893737793 15.9087688446045 15.943643951416 15.9785190582275 16.0133941650391 16.0482692718506 16.0831443786621 16.1055121421814 16.1237107912699 16.1419094403585 16.160108089447 16.1783067385356 16.1965053876241 16.2147040367126 16.2218072891235 16.1956243515015 16.1694414138794 16.1432584762573 16.1170755386353 16.0908926010132 16.0647096633911 16.0385267257691 16.0426031589508 16.0567660490672 16.0709289391835 16.0850918292999 16.0992547194163 16.1134176095327 16.127580499649 16.1337427616119 16.1159031391144 16.0980635166168 16.0802238941193 16.0623842716217 16.0445446491241
22.8218882799146 23.1838041543958 23.545720028877 22.8586904366811 21.8220123555926 20.7853342745041 19.7486561934154 18.7119781123269 17.6753000312384 16.6386219501497 15.8691478305393 15.901285595364 15.9334233601888 15.9655611250136 15.9976988898383 16.0298366546631 16.0619744194878 16.0941121843126 16.117741616567 16.1385349379645 16.1593282593621 16.1801215807597 16.2009149021572 16.2217082235548 16.2425015449524 16.2504601160685 16.2199144363403 16.1893687566121 16.158823076884 16.1282773971558 16.0977317174276 16.0671860376994 16.0366403579712 16.0446143627167 16.0654282622867 16.0862421618567 16.1070560614268 16.1278699609968 16.1486838605669 16.1694977601369 16.1826516416338 16.1728254689111 16.1629992961883 16.1531731234656 16.1433469507429 16.1335207780202
23.0065097173056 23.3064290152656 23.6063483132257 22.9023206551873 21.8636440118157 20.8249673684442 19.7862907250725 18.7476140817009 17.7089374383294 16.6702607949577 15.898792801963 15.9289507600996 15.9591087182363 15.9892666763729 16.0194246345096 16.0495825926463 16.0797405507829 16.1098985089196 16.1324339548747 16.1524285634359 16.1724231719971 16.1924177805583 16.2124123891195 16.2324069976807 16.2524016062419 16.2600718180339 16.2307688395182 16.2014658610026 16.172162882487 16.1428599039714 16.1135569254557 16.0842539469401 16.0549509684245 16.0649319171905 16.0880075083838 16.1110830995772 16.1341586907705 16.1572342819638 16.1803098731571 16.2033854643504 16.2200701130761 16.2175819343991 16.215093755722 16.212605577045 16.210117398368 16.207629219691
22.0395769119263 22.1537065505982 22.2678361892701 21.658803701401 20.8087171713514 19.9586306413018 19.108544111252 18.2584575812024 17.4083710511528 16.5582845211031 15.9279535452525 15.9568892319997 15.9858249187469 16.0147606054942 16.0436962922414 16.0726319789886 16.1015676657359 16.1305033524831 16.1495891571045 16.1653916676839 16.1811941782633 16.1969966888428 16.2127991994222 16.2286017100016 16.2444042205811 16.2506423950195 16.2281875610352 16.2057327270508 16.1832778930664 16.160823059082 16.1383682250977 16.1159133911133 16.0934585571289 16.1035558223724 16.1245037873586 16.1454517523448 16.1663997173309 16.1873476823171 16.2082956473033 16.2292436122894 16.2459981759389 16.2501725355784 16.2543468952179 16.2585212548574 16.2626956144969 16.2668699741363
