data/working_set_collections/6091692-Cassins_Sparrow-MC/2010/bio9.asc
NCOLS 265 
NROWS 230 
XLLCORNER -115.5625 
YLLCORNER 24.8333333333333 
CELLSIZE 0.0833333333333333 
NODATA_value -9999 
[rows 60 to 79 of 230, columns 46 to 91 of 265]
2.03667815923713 1.2554164608322 0.474154762427147 -0.307106935977776 -1.0883686343827 -1.86963033278776 -1.65509854008765 -1.10863558368563 -0.562172627283529 -0.0157096708815168 0.530753285520495 1.0772162419226 1.62367919832461 2.05415637807715 2.13667622788086 2.21919607768456 2.30171592748827 2.38423577729198 2.46675562709568 2.54927547689939 2.6317953267031 2.55792058010897 2.43191430138219 2.30590802265538 2.1799017439286 2.05389546520182 1.92788918647502 1.80188290774824 1.704584230317 1.69340835677249 1.68223248322798 1.67105660968347 1.65988073613895 1.64870486259444 1.63752898904993 1.62635311550542 1.45202080806077 1.22330302264936 0.994585237237919 0.765867451826515 0.537149666415112 0.308431881003669 0.0797140955922655 0.22134993639202 1.47404665582673 2.72674337526122
1.28619605302834 0.677510241667666 0.0688244303068908 -0.539861381053781 -1.14854719241445 -1.75723300377523 -1.54259473830472 -1.05351511389029 -0.564435489475782 -0.0753558650613564 0.41372375935307 0.902803383767579 1.391883008182 1.79317105760178 1.93108438203734 2.06899770647288 2.20691103090841 2.34482435534397 2.4827376797795 2.62065100421504 2.7585643286506 2.68655284941197 2.54456643561523 2.40258002181848 2.26059360802175 2.11860719422501 1.97662078042826 1.83463436663153 1.79301263491305 2.05248494942974 2.31195726394638 2.57142957846302 2.83090189297971 3.09037420749635 3.349846522013 3.60931883652968 3.54085751771894 3.363084987799 3.18531245787903 3.00753992795909 2.82976739803915 2.65199486811918 2.47422233819924 2.57171459297278 3.49500120182787 4.4182878106828
0.535713946819487 0.0996040225030804 -0.3365059018134 -0.772615826129806 -1.20872575044621 -1.64483567476269 -1.43009093652178 -0.998394644094944 -0.566698351668036 -0.135002059241201 0.296694233185633 0.728390525612542 1.16008681803938 1.5321857371264 1.7254925361938 1.91879933526117 2.11210613432855 2.30541293339595 2.49871973246332 2.6920265315307 2.8853333305981 2.81518511871498 2.65721856984829 2.49925202098158 2.3412854721149 2.18331892324821 2.0253523743815 1.86738582551482 1.88144103950911 2.41156154208702 2.94168204466484 3.47180254724266 4.00192304982057 4.53204355239839 5.0621640549762 5.59228455755411 5.6296942273773 5.50286695294882 5.37603967852033 5.24921240409186 5.12238512966338 4.99555785523489 4.86873058080641 4.92207924955374 5.51595574782919 6.10983224610453
-0.214768159389365 -0.478302196661506 -0.741836233933691 -1.00537027120583 -1.26890430847797 -1.53243834575016 -1.31758713473884 -0.943274174299596 -0.568961213860289 -0.194648253421046 0.179664707018198 0.553977667457505 0.928290627896748 1.27120041665101 1.51990069035026 1.76860096404947 2.01730123774868 2.26600151144794 2.51470178514715 2.76340205884636 3.01210233254561 2.94381738801799 2.76987070408135 2.59592402014468 2.42197733620805 2.24803065227141 2.07408396833474 1.9001372843981 1.96986944410517 2.7706381347443 3.5714068253833 4.37217551602229 5.17294420666142 5.97371289730042 6.77448158793942 7.57525027857855 7.71853093703565 7.64264891809865 7.56676689916163 7.49088488022462 7.41500286128761 7.3391208423506 7.26323882341359 7.2724439061347 7.5369102938305 7.80137668152626
-0.965250265598154 -1.05620841582604 -1.14716656605395 -1.23812471628184 -1.32908286650972 -1.42004101673763 -1.20508333295591 -0.888153704504254 -0.571224076052542 -0.254294447600885 0.0626351808507716 0.379564809302483 0.69649443775414 1.01021509617565 1.31430884450674 1.61840259283778 1.92249634116883 2.22659008949992 2.53068383783097 2.83477758616201 3.1388713344931 3.07244965732099 2.8825228383144 2.69259601930778 2.50266920030119 2.3127423812946 2.12281556228798 1.93288874328139 2.05829784870122 3.12971472740155 4.2011316061017 5.27254848480185 6.34396536350218 7.41538224220233 8.48679912090248 9.55821599960281 9.80736764669383 9.78243088324829 9.75749411980274 9.7325573563572 9.70762059291165 9.6826838294661 9.65774706602056 9.62280856271546 9.55786483983165 9.49292111694785
-1.71573237180701 -1.63411463499063 -1.55249689817424 -1.47087916135786 -1.38926142454148 -1.30764368772509 -1.09257953117297 -0.833033234708906 -0.573486938244796 -0.31394064178073 -0.0543943453166644 0.205151951147446 0.464698247611511 0.74922977570026 1.1087169986632 1.46820422162608 1.82769144458896 2.18717866755191 2.54666589051479 2.90615311347767 3.26564033644061 3.201081926624 2.99517497254746 2.78926801847088 2.58336106439434 2.3774541103178 2.17154715624122 1.96564020216468 2.14672625329728 3.48879132005883 4.83085638682016 6.17292145358148 7.51498652034304 8.85705158710436 10.1991166538657 11.5411817206272 11.8962043563522 11.9222128483981 11.948221340444 11.97422983249 12.0002383245359 12.0262468165818 12.0522553086277 11.9731732192964 11.578819385833 11.1844655523696
-0.920919605096481 -0.725236093998272 -0.52955258290003 -0.333869071801822 -0.138185560703614 0.0574979503946287 0.285997224350429 0.525435085925434 0.76487294750048 1.00431080907549 1.24374867065049 1.48318653222554 1.72262439380054 1.94939260101946 2.13815184517011 2.32691108932073 2.51567033347135 2.704429577622 2.89318882177263 3.08194806592325 3.2707073100739 3.26837671697141 3.20234951145117 3.13632230593092 3.07029510041069 3.00426789489045 2.93824068937021 2.87221348384997 3.15996893809849 4.5090723716547 5.85817580521068 7.20727923876666 8.55638267232287 9.90548610587884 11.2545895394348 12.603692972991 12.9391195933024 12.936653942532 12.9341882917616 12.9317226409912 12.9292569902209 12.9267913394505 12.9243256886801 12.783082854748 12.2255084713302 11.6679340879124
1.41918803453401 1.67042720715158 1.9216663797692 2.17290555238677 2.42414472500434 2.67538389762195 2.93064693361471 3.18725125739921 3.44385558118374 3.70045990496824 3.95706422875273 4.21366855253727 4.47027287632176 4.61070357213377 4.40261338402791 4.19452319592209 3.98643300781627 3.77834281971041 3.57025263160459 3.36216244349877 3.15407225539291 3.27433402836319 3.50404645502557 3.73375888168799 3.96347130835037 4.19318373501275 4.42289616167517 4.65260858833756 5.09802590310516 6.19055788218934 7.28308986127334 8.37562184035733 9.46815381944151 10.5606857985255 11.6532177776095 12.7457497566937 12.936113357544 12.8257541656495 12.7153949737549 12.6050357818604 12.4946765899659 12.3843173980714 12.2739582061769 12.0525374690694 11.4979320963226 10.9433267235758
3.7592956741647 4.06609050830164 4.37288534243863 4.67968017657557 4.98647501071251 5.2932698448495 5.57529664287922 5.8490674288732 6.12283821486723 6.39660900086121 6.6703797868552 6.94415057284922 7.21792135884321 7.27201454324831 6.66707492288591 6.06213530252361 5.45719568216131 4.85225606179891 4.24731644143662 3.64237682107432 3.03743720071192 3.28029133975497 3.80574339859999 4.33119545744511 4.85664751629013 5.38209957513515 5.90755163398027 6.43300369282529 7.03608286811199 7.87204339272413 8.70800391733612 9.54396444194811 10.3799249665602 11.2158854911722 12.0518460157842 12.8878065403964 12.9331071217855 12.7148543887669 12.4966016557482 12.2783489227296 12.0600961897109 11.8418434566923 11.6235907236736 11.3219920833908 10.7703557213149 10.2187193592391
6.0994033137954 6.4617538094517 6.82410430510807 7.18645480076437 7.54880529642068 7.91115579207704 8.21994635214373 8.5108836003472 8.80182084855072 9.0927580967542 9.38369534495767 9.67463259316119 9.96556984136466 9.93332551436284 8.9315364617439 7.92974740912513 6.92795835650636 5.92616930388741 4.92438025126864 3.92259119864987 2.92080214603092 3.28624865114675 4.10744034217441 4.92863203320222 5.74982372422989 6.57101541525756 7.39220710628536 8.21339879731303 8.97413983311883 9.55352890325891 10.1329179733989 10.7123070435389 11.291696113679 11.871085183819 12.450474253959 13.029863324099 12.9301008860271 12.6039546118843 12.2778083377415 11.9516620635987 11.625515789456 11.2993695153131 10.9732232411704 10.5914466977122 10.0427793463073 9.49411199490247
8.43951095342589 8.85741711060156 9.2753232677773 9.69322942495296 10.1111355821286 10.5290417393044 10.864596061408 11.172699771821 11.480803482234 11.7889071926469 12.0970109030599 12.4051146134729 12.7132183238859 12.5946364854772 11.1959980006017 9.79735951572649 8.39872103085127 7.00008254597582 5.60144406110061 4.20280557622539 2.80416709134994 3.29220596253853 4.40913728574881 5.52606860895929 6.64299993216957 7.75993125537986 8.87686257859033 9.99379390180062 10.9121967981255 11.2350144137936 11.5578320294616 11.8806496451296 12.2034672607976 12.5262848764656 12.8491024921336 13.1719201078017 12.9270946502686 12.4930548350017 12.0590150197348 11.6249752044679 11.190935389201 10.7568955739341 10.3228557586672 9.86090131203358 9.31520297129967 8.76950463056586
10.7796185930566 11.2530804117516 11.7265422304467 12.2000040491418 12.6734658678368 13.1469276865319 13.5092457706725 13.834515943295 14.1597861159175 14.4850562885399 14.8103264611624 15.1355966337849 15.4608668064073 15.2559474565917 13.4604595394597 11.664971622328 9.86948370519631 8.07399578806432 6.27850787093263 4.48301995380094 2.68753203666895 3.29816327393031 4.71083422932323 6.1235051847164 7.53617614010933 8.94884709550226 10.3615180508954 11.7741890062884 12.8502537631323 12.9164999243283 12.9827460855243 13.0489922467203 13.1152384079164 13.1814845691124 13.2477307303084 13.3139768915044 12.9240884145102 12.3821550581192 11.8402217017281 11.2982883453371 10.756354988946 10.2144216325549 9.67248827616392 9.13035592635495 8.58762659629202 8.04489726622919
12.2397345940271 12.7278564850488 13.2159783760705 13.7041002670922 14.192222158114 14.6803440491357 15.0432049433389 15.3643121719359 15.685419400533 16.00652662913 16.3276338577269 16.648741086324 16.969848314921 16.7489914814635 14.9022424618405 13.0554934422177 11.208744422595 9.36199540297194 7.51524638334921 5.66849736372648 3.82174834410343 4.43076726595511 5.85837550163214 7.28598373730942 8.71359197298645 10.1412002086635 11.5688084443408 12.9964166800178 14.0457922617594 13.9604698816935 13.8751475016276 13.7898251215617 13.7045027414957 13.6191803614298 13.5338579813639 13.448535601298 12.9786798954011 12.3806464142271 11.782612933053 11.184579451879 10.5865459707049 9.98851248953083 9.39047900835682 8.8113888806768 8.28912881347873 7.76686874628074
12.8198589563368 13.2817453304925 13.7436317046482 14.2055180788039 14.6674044529595 15.1292908271152 15.4664735794066 15.7620884577432 16.0577033360798 16.3533182144164 16.648933092753 16.9445479710896 17.2401628494262 17.073768560092 15.5213467677435 13.9689249753953 12.4165031830471 10.8640813906987 9.31165959835048 7.7592378060023 6.20681601365384 6.69001793861331 7.85176110267579 9.01350426673847 10.1752474308009 11.3369905948634 12.4987337589261 13.6604769229886 14.4988122940063 14.3669242858886 14.235036277771 14.1031482696533 13.9712602615356 13.839372253418 13.7074842453003 13.5755962371826 13.0908690929414 12.4885289033255 11.8861887137096 11.2838485240937 10.6815083344779 10.0791681448619 9.47682795524606 8.90400017499933 8.41970962285999 7.93541907072073
13.3999833186466 13.8356341759362 14.2712850332259 14.7069358905155 15.1425867478051 15.5782376050948 15.8897422154743 16.1598647435505 16.4299872716267 16.7001097997029 16.970232327779 17.2403548558552 17.5104773839314 17.3985456387204 16.1404510736466 14.882356508573 13.6242619434994 12.3661673784255 11.1080728133519 9.84997824827829 8.59188368320445 8.9492686112717 9.8451467037196 10.7410247961677 11.6369028886156 12.5327809810635 13.4286590735115 14.3245371659594 14.9518323262532 14.7733786900838 14.5949250539144 14.416471417745 14.2380177815755 14.0595641454061 13.8811105092367 13.7026568730672 13.2030582904817 12.596411392424 11.9897644943662 11.3831175963085 10.7764706982508 10.169823800193 9.5631769021353 8.99661146932187 8.55029043224126 8.10396939516073
13.9801076809564 14.38952302138 14.7989383618036 15.2083537022271 15.6177690426507 16.0271843830743 16.3130108515421 16.5576410293578 16.8022712071736 17.0469013849893 17.2915315628051 17.5361617406209 17.7807919184366 17.7233227173489 16.7595553795497 15.7957880417506 14.8320207039516 13.8682533661524 12.9044860283533 11.9407186905543 10.9769513527551 11.2085192839301 11.8385323047634 12.4685453255969 13.0985583464302 13.7285713672635 14.358584388097 14.9885974089303 15.4048523585002 15.179833094279 14.9548138300578 14.7297945658366 14.5047753016154 14.2797560373942 14.054736773173 13.8297175089518 13.3152474880219 12.7042938815224 12.0933402750228 11.4823866685232 10.8714330620237 10.2604794555241 9.64952584902455 9.08922276364441 8.68087124162253 8.27251971960073
14.5602320432661 14.9434118668237 15.3265916903812 15.7097715139388 16.0929513374963 16.4761311610539 16.7362794876098 16.9554173151651 17.1745551427205 17.3936929702758 17.6128307978311 17.8319686253865 18.0511064529418 18.0480997959774 17.3786596854527 16.7092195749282 16.0397794644037 15.3703393538791 14.7008992433546 14.0314591328301 13.3620190223055 13.4677699565883 13.8319179058071 14.1960658550259 14.5602138042447 14.9243617534635 15.2885097026823 15.6526576519011 15.8578723907471 15.5862874984741 15.3147026062012 15.0431177139282 14.7715328216553 14.4999479293823 14.2283630371094 13.9567781448364 13.4274366855622 12.8121763706208 12.1969160556794 11.581655740738 10.9663954257966 10.3511351108552 9.73587479591379 9.18183405796694 8.81145205100379 8.44107004404071
15.1403564055759 15.4973007122674 15.8542450189589 16.2111893256504 16.5681336323419 16.9250779390334 17.1595481236775 17.3531936009724 17.5468390782673 17.7404845555623 17.9341300328572 18.1277755101521 18.321420987447 18.3728768746058 17.9977639913558 17.6226511081059 17.247538224856 16.872425341606 16.497312458356 16.1221995751061 15.7470866918561 15.7270206292467 15.8253035068509 15.9235863844551 16.0218692620593 16.1201521396635 16.2184350172677 16.3167178948719 16.310892422994 15.9927419026693 15.6745913823446 15.3564408620199 15.0382903416951 14.7201398213705 14.4019893010458 14.083838780721 13.5396258831025 12.9200588597193 12.300491836336 11.6809248129528 11.0613577895696 10.4417907661862 9.82222374280303 9.27444535228947 8.94203286038507 8.60962036848072
15.6063299496968 15.9387987030876 16.2712674564785 16.6037362098693 16.9362049632601 17.268673716651 17.4649563471476 17.615843603346 17.7667308595445 17.917618115743 18.0685053719414 18.2193926281399 18.3702798843384 18.4328178405762 18.230307896932 18.0277979532878 17.8252880096436 17.6227780659994 17.4202681223552 17.217758178711 17.0152482350667 16.9412535349528 16.9100972493489 16.8789409637451 16.8477846781413 16.8166283925374 16.7854721069336 16.7543158213297 16.6486515495513 16.3194633192486 15.990275088946 15.6610868586435 15.3318986283408 15.0027103980382 14.6735221677357 14.344333937433 13.8240068117778 13.239966721005 12.6559266302321 12.0718865394593 11.4878464486864 10.9038063579135 10.3197662671407 9.8064234230253 9.50517231888233 9.20392121473942
15.9581526756285 16.2679058392841 16.5776590029398 16.8874121665954 17.1971653302509 17.5069184939066 17.65250415802 17.7433673222859 17.8342304865519 17.9250936508179 18.0159568150838 18.1068199793498 18.1976831436157 18.2279226938884 18.076291402181 17.9246601104737 17.7730288187663 17.6213975270589 17.4697662353516 17.3181349436442 17.1665036519368 17.110468673706 17.0862991333008 17.0621295928955 17.0379600524902 17.0137905120849 16.9896209716797 16.9654514312744 16.8711497704188 16.5664517482122 16.2617537260056 15.957055703799 15.6523576815923 15.3476596593857 15.0429616371791 14.7382636149724 14.2805794715881 13.771899954478 13.2632204373677 12.7545409202575 12.2458614031474 11.7371818860371 11.2285023689269 10.7777682701746 10.5008704264957 10.223972582817
