data/working_set_collections/6091692-Cassins_Sparrow-MC/2010/bio9.asc
NCOLS 265 
NROWS 230 
XLLCORNER -115.5625 
YLLCORNER 24.8333333333333 
CELLSIZE 0.0833333333333333 
NODATA_value -9999 
[rows 140 to 159 of 230, columns 0 to 45 of 265]
26.4324172072941 26.5912220160167 26.7500268247392 26.9088316334619 27.0676364421844 27.226441250907 27.3852460596296 27.3088569641113 27.1540699005127 26.9992828369141 26.8444957733155 26.6897087097168 26.5349216461182 26.3801345825196 26.259514898724 26.2413973543379 26.2232798099518 26.2051622655657 26.1870447211796 26.1689271767934 26.1508096324073 26.1326920880212 26.1329756100973 26.1393928209941 26.1458100318909 26.1522272427877 26.1586444536845 26.1650616645813 26.1714788754781 26.1516251299117 26.0529585149553 25.954291899999 25.8556252850427 25.7569586700863 25.65829205513 25.5596254401737 25.4609588252174 25.4742879390717 25.5249489625295 25.5756099859874 25.6262710094452 25.676932032903 25.7275930563609 25.7782540798187 25.7956950770485 25.7134759955936
26.1137269602882 26.3301248391469 26.5465227180057 26.7629205968645 26.9793184757232 27.195716354582 27.4121142334408 27.337052154541 27.1648367563884 26.9926213582357 26.820405960083 26.6481905619304 26.4759751637777 26.303759765625 26.171496491962 26.1590895917681 26.1466826915741 26.1342757913802 26.1218688911862 26.1094619909922 26.0970550907983 26.0846481906043 26.0804532686869 26.0789956728617 26.0775380770366 26.0760804812114 26.0746228853862 26.073165289561 26.0717076937358 26.0487346596188 25.9612153106266 25.8736959616343 25.7861766126421 25.6986572636498 25.6111379146576 25.5236185656654 25.4360992166731 25.4339222431183 25.4601927280426 25.4864632129669 25.5127336978912 25.5390041828156 25.5652746677399 25.5915451526642 25.5900067382389 25.5050416257647
25.7950367132823 26.0690276622772 26.3430186112722 26.6170095602671 26.891000509262 27.164991458257 27.438982407252 27.3652473449707 27.175603612264 26.9859598795573 26.7963161468506 26.6066724141439 26.4170286814372 26.2273849487305 26.0834780852 26.0767818291982 26.0700855731964 26.0633893171946 26.0566930611928 26.0499968051911 26.0433005491893 26.0366042931875 26.0279309272766 26.0185985247294 26.0092661221822 25.999933719635 25.9906013170878 25.9812689145406 25.9719365119934 25.945844189326 25.8694721062978 25.7931000232697 25.7167279402415 25.6403558572134 25.5639837741852 25.487611691157 25.4112396081289 25.3935565471649 25.3954364935557 25.3973164399465 25.3991963863373 25.4010763327281 25.4029562791189 25.4048362255097 25.3843183994294 25.2966072559357
25.4763464662764 25.8079304854075 26.1395145045386 26.4710985236698 26.8026825428009 27.134266561932 27.4658505810631 27.3934425354004 27.1863704681397 26.9792984008789 26.7722263336182 26.5651542663575 26.3580821990967 26.151010131836 25.995459678438 25.9944740666284 25.9934884548187 25.9925028430091 25.9915172311995 25.9905316193899 25.9895460075802 25.9885603957706 25.9754085858663 25.9582013765971 25.9409941673279 25.9237869580587 25.9065797487895 25.8893725395203 25.8721653302511 25.8429537190332 25.7777289019691 25.712504084905 25.6472792678409 25.5820544507769 25.5168296337128 25.4516048166487 25.3863799995846 25.3531908512116 25.3306802590688 25.3081696669261 25.2856590747833 25.2631484826406 25.2406378904979 25.2181272983551 25.1786300606198 25.0881728861067
25.337217648824 25.6794566472371 26.0216956456502 26.3639346440633 26.7061736424764 27.0484126408894 27.3906516393026 27.3106230417888 27.089838578966 26.8690541161432 26.6482696533204 26.4274851904976 26.2067007276748 25.985916264852 25.8223887019687 25.8306318389045 25.8388749758403 25.847118112776 25.8553612497118 25.8636043866476 25.8718475235833 25.8800906605191 25.8710682710012 25.8562907059988 25.8415131409963 25.8267355759939 25.8119580109914 25.797180445989 25.7824028809865 25.7580241044363 25.7048416932424 25.6516592820486 25.5984768708547 25.5452944596609 25.492112048467 25.4389296372732 25.3857472260793 25.3392405033112 25.2949590100183 25.2506775167253 25.2063960234324 25.1621145301395 25.1178330368466 25.0735515435537 25.0154235363007 24.9157559871674
25.3776502609253 25.6836061477661 25.9895620346069 26.2955179214477 26.6014738082885 26.9074296951293 27.2133855819702 27.1167888641358 26.8860079447429 26.65522702535 26.4244461059571 26.1936651865642 25.9628842671713 25.7321033477784 25.5642651557923 25.5852551460267 25.606245136261 25.6272351264954 25.6482251167298 25.6692151069641 25.6902050971985 25.7111950874329 25.7149099826813 25.7128665129344 25.7108230431875 25.7087795734406 25.7067361036937 25.7046926339468 25.7026491641998 25.6910553455353 25.6508104801178 25.6105656147003 25.5703207492828 25.5300758838654 25.4898310184479 25.4495861530304 25.4093412876129 25.3517055034638 25.288272746404 25.2248399893443 25.1614072322846 25.0979744752248 25.0345417181651 24.9711089611054 24.894698826472 24.7793565591177
25.4180828730265 25.687755648295 25.9574284235636 26.2271011988322 26.4967739741007 26.7664467493693 27.0361195246379 26.9229546864828 26.6821773105198 26.4413999345568 26.2006225585938 25.9598451826308 25.7190678066678 25.4782904307048 25.3061416096158 25.3398784531488 25.3736152966817 25.4073521402147 25.4410889837477 25.4748258272807 25.5085626708137 25.5422995143467 25.5587516943614 25.56944231987 25.5801329453786 25.5908235708873 25.6015141963959 25.6122048219045 25.6228954474131 25.6240865866343 25.5967792669932 25.5694719473521 25.542164627711 25.5148573080699 25.4875499884288 25.4602426687876 25.4329353491465 25.3641705036163 25.2815864827898 25.1990024619632 25.1164184411367 25.0338344203102 24.9512503994836 24.868666378657 24.7739741166433 24.6429571310679
25.4585154851277 25.691905148824 25.9252948125203 26.1586844762166 26.3920741399129 26.6254638036092 26.8588534673055 26.7291205088298 26.4783466762967 26.2275728437636 25.9767990112305 25.7260251786975 25.4752513461643 25.2244775136313 25.0480180634393 25.0945017602709 25.1409854571025 25.1874691539341 25.2339528507657 25.2804365475973 25.3269202444289 25.3734039412605 25.4025934060415 25.4260181268056 25.4494428475698 25.472867568334 25.4962922890981 25.5197170098623 25.5431417306264 25.5571178277334 25.5427480538686 25.5283782800039 25.5140085061391 25.4996387322744 25.4852689584096 25.4708991845449 25.4565294106801 25.3766355037689 25.2749002191756 25.1731649345822 25.0714296499888 24.9696943653955 24.8679590808021 24.7662237962087 24.6532494068146 24.5065577030182
25.498948097229 25.696054649353 25.893161201477 26.0902677536011 26.2873743057251 26.4844808578491 26.6815874099732 26.5352863311768 26.2745160420737 -9999 -9999 -9999 -9999 24.9706645965577 24.7898945172628 24.849125067393 24.9083556175232 24.9675861676534 25.0268167177836 25.0860472679138 25.145277818044 25.2045083681743 25.2464351177216 25.2825939337413 25.318752749761 25.3549115657807 25.3910703818003 25.42722919782 25.4633880138397 25.4901490688324 25.488716840744 25.4872846126556 25.4858523845673 25.4844201564789 25.4829879283905 25.4815557003021 25.4801234722137 25.3891005039215 25.2682139555613 25.1473274072011 25.026440858841 24.9055543104808 24.7846677621206 24.6637812137604 24.5325246969859 24.3701582749685
25.5393807093302 25.700204149882 25.8610275904337 26.0218510309855 26.1826744715373 26.343497912089 26.5043213526408 26.3414521535238 26.0706854078506 -9999 -9999 -9999 -9999 -9999 24.5317709710863 24.6037483745151 24.675725777944 24.7477031813728 24.8196805848016 24.8916579882304 24.9636353916592 25.035612795088 25.0902768294017 25.1391697406769 25.1880626519521 25.2369555632273 25.2858484745026 25.3347413857778 25.383634297053 25.4231803099314 25.4346856276194 25.4461909453074 25.4576962629954 25.4692015806834 25.4807068983714 25.4922122160594 25.5037175337474 25.4015655040741 25.2615276919471 25.1214898798201 24.9814520676931 24.8414142555661 24.7013764434391 24.5613386313121 24.4117999871572 24.2337588469188
25.6151350339253 25.7824461301167 25.9497572263081 26.1170683224995 26.2843794186909 26.4516905148823 26.6190016110737 26.4304930369059 26.1233779059516 -9999 -9999 -9999 -9999 -9999 -9999 -9999 24.4985263029734 24.5612198140886 -9999 -9999 -9999 24.8119938585494 24.8784104029338 24.946067958408 25.0137255138821 25.0813830693563 25.1490406248305 25.2166981803047 25.2843557357788 25.3422502941556 25.37085586124 25.3994614283244 25.4280669954088 25.4566725624932 25.4852781295776 25.513883696662 25.5424892637465 25.4441555500031 25.3035087426504 25.1628619352976 25.0222151279449 24.8815683205922 24.7409215132395 24.6002747058868 24.4483335653941 24.2625094254811
25.7262110710144 25.9427805900573 26.1593501091003 26.3759196281432 26.5924891471862 26.8090586662291 27.0256281852721 26.8024089813232 26.432593536377 -9999 -9999 -9999 -9999 -9999 -9999 -9999 -9999 -9999 -9999 -9999 -9999 -9999 24.6108358383179 24.7032885869344 24.795741335551 24.8881940841675 24.980646832784 25.0730995814006 25.1655523300171 25.2473590215047 25.2972275416056 25.3470960617065 25.3969645818074 25.4468331019084 25.4967016220093 25.5465701421102 25.5964386622111 25.5168706417084 25.3941571076711 25.2714435736338 25.1487300395966 25.0260165055593 24.903302971522 24.7805894374847 24.6421254316966 24.4564100106557
25.8372871081034 26.1031150499979 26.3689429918924 26.634770933787 26.9005988756815 27.166426817576 27.4322547594705 27.1743249257406 26.7418091668024 -9999 -9999 -9999 -9999 -9999 -9999 -9999 -9999 -9999 -9999 -9999 -9999 -9999 -9999 24.4605092154609 24.5777571572198 24.6950050989787 24.8122530407376 24.9295009824965 25.0467489242554 25.1524677488539 25.2235992219713 25.2947306950887 25.3658621682061 25.4369936413235 25.5081251144409 25.5792565875583 25.6503880606757 25.5895857334137 25.4848054726919 25.38002521197 25.2752449512482 25.1704646905263 25.0656844298045 24.9609041690826 24.8359172979991 24.6503105958303
25.9483631451924 26.2634495099385 26.5785358746845 26.8936222394307 27.2087086041767 27.5237949689228 27.8388813336689 27.5462408701579 27.0510247972277 -9999 -9999 -9999 -9999 -9999 -9999 -9999 -9999 -9999 -9999 -9999 -9999 -9999 -9999 -9999 -9999 24.5018161137899 24.6438592486911 24.7859023835924 24.9279455184937 25.0575764762031 25.149970902337 25.2423653284709 25.3347597546047 25.4271541807387 25.5195486068725 25.6119430330064 25.7043374591403 25.662300825119 25.5754538377126 25.4886068503062 25.4017598628998 25.3149128754934 25.2280658880869 25.1412189006805 25.0297091643016 24.8442111810048
26.0594391822814 26.4237839698791 26.7881287574767 27.1524735450744 27.516818332672 27.8811631202696 28.2455079078673 27.9181568145752 27.3602404276531 -9999 -9999 -9999 -9999 -9999 -9999 -9999 -9999 -9999 -9999 -9999 -9999 -9999 -9999 -9999 -9999 -9999 -9999 -9999 -9999 24.9626852035522 25.0763425827026 25.189999961853 25.3036573410034 25.4173147201538 25.5309720993042 25.6446294784546 25.758286857605 25.7350159168243 25.6661022027334 25.5971884886424 25.5282747745514 25.4593610604604 25.3904473463694 25.3215336322784 25.2235010306041 25.0381117661794
26.1705152193705 26.5841184298196 26.9977216402688 27.4113248507181 27.8249280611673 28.2385312716165 28.6521344820657 28.2900727589926 27.6694560580784 -9999 -9999 -9999 -9999 -9999 -9999 -9999 -9999 -9999 -9999 -9999 -9999 -9999 -9999 -9999 -9999 -9999 -9999 -9999 -9999 24.8677939309014 25.0027142630683 25.1376345952352 25.272554927402 25.4074752595689 25.5423955917358 25.6773159239027 25.8122362560696 25.8077310085297 25.7567505677541 25.7057701269786 25.654789686203 25.6038092454274 25.5528288046519 25.5018483638763 25.4172928969066 25.232012351354
26.181705183453 26.6022366682688 27.0227681530846 27.4432996379004 27.8638311227162 28.284362607532 28.7048940923479 28.3453723112744 27.7258327749042 27.106293238534 -9999 -9999 -9999 -9999 -9999 -9999 -9999 -9999 -9999 -9999 -9999 -9999 -9999 -9999 -9999 -9999 -9999 -9999 -9999 24.7641797065735 24.9144241015116 25.0646684964498 25.2149128913879 25.3651572863261 25.5154016812642 25.6656460762024 25.8158904711405 25.8286915302277 25.7956781440311 25.7626647578345 25.729651371638 25.6966379854414 25.6636245992449 25.6306112130483 25.5512781673008 25.3329861429003
26.093009074529 26.4781386852264 26.8632682959238 27.2483979066213 27.6335275173187 28.0186571280161 28.4037867387136 28.0840554714204 27.5293705781302 26.97468568484 -9999 -9999 -9999 -9999 -9999 -9999 -9999 -9999 -9999 -9999 -9999 -9999 -9999 -9999 -9999 -9999 -9999 -9999 -9999 24.6518425305684 24.8114720980326 24.9711016654968 25.130731232961 25.2903608004252 25.4499903678894 25.6096199353536 25.7692495028178 25.7978974819183 25.7828849315643 25.7678723812103 25.7528598308563 25.7378472805023 25.7228347301483 25.7078221797943 25.6254568417868 25.3410331408183
26.004312965605 26.354040702184 26.703768438763 27.0534961753421 27.4032239119212 27.7529516485002 28.1026793850793 27.8227386315665 27.3329083813563 26.843078131146 -9999 -9999 -9999 -9999 -9999 -9999 -9999 -9999 -9999 -9999 -9999 -9999 -9999 -9999 -9999 -9999 -9999 -9999 -9999 24.5395053545634 24.7085200945536 24.8775348345438 25.0465495745341 25.2155643145243 25.3845790545145 25.5535937945048 25.722608534495 25.767103433609 25.7700917190976 25.7730800045861 25.7760682900747 25.7790565755632 25.7820448610518 25.7850331465403 25.6996355162727 25.3490801387363
25.915616856681 26.2299427191416 26.5442685816023 26.858594444063 27.1729203065236 27.4872461689843 27.801572031445 27.5614217917126 27.1364461845823 26.711470577452 26.2864949703217 25.8615193631915 -9999 -9999 -9999 -9999 -9999 -9999 -9999 -9999 -9999 -9999 -9999 -9999 -9999 -9999 -9999 -9999 -9999 24.4271681785583 24.6055680910746 24.7839680035909 24.9623679161072 25.1407678286235 25.3191677411397 25.497567653656 25.6759675661723 25.7363093852997 25.7572985066308 25.7782876279619 25.799276749293 25.8202658706241 25.8412549919552 25.8622441132863 25.7738141907587 25.3571271366544
