data/working_set_collections/6091692-Cassins_Sparrow-MC/2010/bio9.asc
NCOLS 265 
NROWS 230 
XLLCORNER -115.5625 
YLLCORNER 24.8333333333333 
CELLSIZE 0.0833333333333333 
NODATA_value -9999 
[rows 40 to 59 of 230, columns 138 to 183 of 265]
1.91080128153162 1.92776158452031 1.944721887509 1.96168219049769 1.97970260083673 1.99807638029255 2.01645015974837 2.0348239392042 2.05319771866002 2.07157149811584 2.08994527757166 2.10571188628672 2.11365698277949 2.12160207927226 2.12954717576503 2.13749227225779 2.14543736875056 2.15338246524333 2.1613275617361 2.15907672643661 2.15342724720636 2.14777776797611 2.14212828874587 2.13647880951562 2.13082933028538 2.12517985105513 2.11221568683782 2.07730746765931 2.04239924848078 2.00749102930227 1.97258281012375 1.93767459094523 1.90276637176672 1.8678581525882 1.82882396578788 1.78841445644696 1.74800494710604 1.70759543776511 1.66718592842419 1.62677641908327 1.58636690974234 1.54223264306783 1.48692410439253 1.43161556571721 1.37630702704191 1.3209984883666
2.07509453495341 2.07965656320252 2.08421859145162 2.08878061970073 2.09672742982704 2.10580250057907 2.11487757133111 2.12395264208315 2.13302771283519 2.14210278358723 2.15117785433927 2.15982739561133 2.16720034844345 2.17457330127556 2.18194625410768 2.18931920693979 2.19669215977191 2.20406511260403 2.21143806543614 2.2144049445788 2.21590313249163 2.21740132040447 2.2188995083173 2.22039769623013 2.22189588414297 2.2233940720558 2.21602544552749 2.18205637567573 2.14808730582395 2.11411823597218 2.08014916612042 2.04618009626864 2.01221102641688 1.97824195656511 1.93896792531013 1.89792557358741 1.8568832218647 1.81584087014197 1.77479851841926 1.73375616669655 1.69271381497382 1.64789657675557 1.59175467905071 1.53561278134584 1.47947088364098 1.42332898593611
2.19554519057273 2.19421371022859 2.19288222988446 2.19155074954032 2.19156628052393 2.19203081528345 2.19249535004297 2.19295988480249 2.19342441956202 2.19388895432154 2.19435348908106 2.19768828021155 2.20963384045494 2.22157940069834 2.23352496094173 2.24547052118512 2.25741608142852 2.26936164167191 2.2813072019153 2.28816584944724 2.29332885940868 2.29849186937013 2.30365487933158 2.30881788929302 2.31398089925447 2.31914390921592 2.3146745092339 2.28130787942144 2.24794124960899 2.21457461979654 2.18120798998409 2.14784136017163 2.11447473035918 2.08110810054673 2.04239132503668 2.00189116762744 1.9613910102182 1.92089085280895 1.88039069539971 1.83989053799046 1.79939038058121 1.7552791290813 1.70033459530937 1.64539006153742 1.59044552776548 1.53550099399355
2.27215324838955 2.27143302559851 2.27071280280748 2.26999258001644 2.26421915292739 2.25676132440566 2.24930349588393 2.24184566736221 2.23438783884048 2.22693001031875 2.21947218179702 2.21929454008737 2.24095745881397 2.26262037754058 2.28428329626718 2.30594621499378 2.32760913372038 2.34927205244698 2.37093497117358 2.38035944104193 2.38570442795752 2.39104941487311 2.39639440178869 2.40173938870428 2.40708437561987 2.41242936253546 2.40816287795702 2.37506197889645 2.34196107983588 2.30886018077532 2.27575928171475 2.24265838265418 2.20955748359361 2.17645658453305 2.13909416496753 2.10031123856703 2.06152831216653 2.02274538576602 1.98396245936552 1.94517953296502 1.90639660656451 1.86438030004501 1.81266385316848 1.76094740629195 1.70923095941543 1.6575145125389
2.34876130620637 2.34865234096844 2.3485433757305 2.34843441049257 2.33687202533085 2.32149183352788 2.3061116417249 2.29073144992192 2.27535125811895 2.25997106631597 2.24459087451299 2.2409007999632 2.27228107717301 2.30366135438282 2.33504163159263 2.36642190880244 2.39780218601225 2.42918246322206 2.46056274043187 2.47255303263663 2.47807999650636 2.48360696037609 2.48913392424582 2.49466088811555 2.50018785198528 2.50571481585501 2.50165124668015 2.46881607837147 2.43598091006278 2.4031457417541 2.37031057344542 2.33747540513674 2.30464023682806 2.27180506851938 2.23579700489838 2.19873130950662 2.16166561411486 2.1245999187231 2.08753422333134 2.05046852793958 2.01340283254781 1.97348147100872 1.92499311102761 1.87650475104649 1.82801639106538 1.77952803108427
2.4253693640232 2.42587165633836 2.42637394865353 2.4268762409687 2.40952489773432 2.38622234265009 2.36291978756587 2.33961723248164 2.31631467739741 2.29301212231318 2.26970956722895 2.26250705983902 2.30360469553204 2.34470233122507 2.38579996691808 2.4268976026111 2.46799523830412 2.50909287399714 2.55019050969016 2.56474662423133 2.5704555650552 2.57616450587907 2.58187344670295 2.58758238752682 2.59329132835069 2.59900026917456 2.59513961540328 2.56257017784648 2.53000074028968 2.49743130273289 2.46486186517609 2.43229242761929 2.3997229900625 2.3671535525057 2.33249984482924 2.29715138044622 2.2618029160632 2.22645445168018 2.19110598729716 2.15575752291414 2.12040905853112 2.08258264197243 2.03732236888674 1.99206209580103 1.94680182271533 1.90154154962963
2.50197742184002 2.50309097170828 2.50420452157655 2.50531807144482 2.48217777013778 2.4509528517723 2.41972793340683 2.38850301504135 2.35727809667587 2.3260531783104 2.29482825994492 2.28411331971485 2.33492831389107 2.38574330806731 2.43655830224353 2.48737329641975 2.53818829059599 2.58900328477221 2.63981827894844 2.65694021582602 2.66283113360403 2.66872205138205 2.67461296916006 2.68050388693808 2.68639480471609 2.69228572249411 2.6886279841264 2.65632427732149 2.62402057051658 2.59171686371167 2.55941315690676 2.52710945010184 2.49480574329693 2.46250203649202 2.42920268476008 2.39557145138581 2.36194021801153 2.32830898463725 2.29467775126297 2.2610465178887 2.22741528451441 2.19168381293614 2.14965162674585 2.10761944055556 2.06558725436527 2.02355506817499
2.57858547965684 2.58031028707821 2.58203509449958 2.58375990192094 2.55483064254125 2.51568336089452 2.4765360792478 2.43738879760106 2.39824151595434 2.35909423430761 2.31994695266088 2.30571957959067 2.36625193225011 2.42678428490955 2.48731663756898 2.54784899022841 2.60838134288786 2.66891369554729 2.72944604820672 2.74913380742072 2.75520670215287 2.76127959688503 2.76735249161719 2.77342538634935 2.7794982810815 2.78557117581366 2.78211635284953 2.75007837679651 2.71804040074348 2.68600242469045 2.65396444863743 2.6219264725844 2.58988849653137 2.55785052047835 2.52590552469094 2.4939915223254 2.46207751995987 2.43016351759433 2.39824951522879 2.36633551286326 2.33442151049772 2.30078498389985 2.26198088460498 2.2231767853101 2.18437268601523 2.14556858672035
2.58107473254205 2.58392309546471 2.58677145838738 2.58961982131005 2.56163300474486 2.52336779501705 2.48510258528923 2.44683737556141 2.40857216583359 2.37030695610577 2.33204174637795 2.31961304611628 2.38469387425315 2.44977470239002 2.51485553052689 2.57993635866375 2.64501718680063 2.71009801493749 2.77517884307436 2.79581451217333 2.80163512825966 2.80745574434598 2.81327636043231 2.81909697651863 2.82491759260495 2.83073820869128 2.82742616865371 2.79671616024442 2.76600615183513 2.73529614342584 2.70458613501656 2.67387612660726 2.64316611819798 2.61245610978869 2.58278482755026 2.55345978736878 2.5241347471873 2.49480970700582 2.46548466682434 2.43615962664287 2.40683458646139 2.37614567544726 2.34136515193516 2.30658462842305 2.27180410491096 2.23702358139886
2.50944518049559 2.51392939686776 2.51841361323993 2.52289782961211 2.5025848567486 2.47400615413985 2.44542745153111 2.41684874892236 2.38827004631361 2.35969134370487 2.33111264109612 2.32579371929167 2.39025413990019 2.45471456050872 2.51917498111723 2.58363540172575 2.64809582233428 2.7125562429428 2.77701666355131 2.79698233008385 2.80211641192436 2.80725049376488 2.81238457560539 2.81751865744591 2.82265273928642 2.82778682112694 2.82455743153891 2.79623762766521 2.76791782379151 2.73959801991781 2.71127821604412 2.68295841217041 2.65463860829672 2.62631880442302 2.59984059333801 2.57397624651591 2.54811189969381 2.5222475528717 2.4963832060496 2.4705188592275 2.44465451240539 2.41776588757833 2.38780442873637 2.35784296989441 2.32788151105245 2.29792005221049
2.43781562844913 2.44393569827081 2.45005576809248 2.45617583791416 2.44353670875233 2.42464451326265 2.40575231777298 2.38686012228331 2.36796792679364 2.34907573130396 2.33018353581429 2.33197439246706 2.39581440554723 2.45965441862741 2.52349443170758 2.58733444478775 2.65117445786793 2.7150144709481 2.77885448402827 2.79815014799436 2.80259769558906 2.80704524318377 2.81149279077848 2.81594033837318 2.82038788596789 2.8248354335626 2.82168869442411 2.795759095086 2.76982949574789 2.74389989640978 2.71797029707168 2.69204069773356 2.66611109839546 2.64018149905735 2.61689635912577 2.59449270566305 2.57208905220032 2.54968539873759 2.52728174527486 2.50487809181214 2.4824744383494 2.4593860997094 2.43424370553758 2.40910131136576 2.38395891719394 2.35881652302212
2.36618607640267 2.37394199967385 2.38169792294503 2.38945384621621 2.38448856075606 2.37528287238546 2.36607718401486 2.35687149564426 2.34766580727366 2.33846011890306 2.32925443053246 2.33815506564245 2.40137467119427 2.4645942767461 2.52781388229792 2.59103348784975 2.65425309340158 2.7174726989534 2.78069230450522 2.79931796590487 2.80307897925377 2.80683999260267 2.81060100595156 2.81436201930046 2.81812303264936 2.82188404599825 2.8188199573093 2.79528056250679 2.77174116770427 2.74820177290175 2.72466237809924 2.70112298329672 2.6775835884942 2.65404419369168 2.63395212491353 2.61500916481018 2.59606620470683 2.57712324460348 2.55818028450012 2.53923732439677 2.52029436429342 2.50100631184048 2.4806829823388 2.46035965283712 2.44003632333543 2.41971299383375
2.29455652435622 2.3039483010769 2.31334007779758 2.32273185451826 2.32544041275979 2.32592123150826 2.32640205025674 2.32688286900521 2.32736368775368 2.32784450650215 2.32832532525063 2.34433573881784 2.40693493684131 2.4695341348648 2.53213333288827 2.59473253091174 2.65733172893523 2.7199309269587 2.78253012498218 2.80048578381538 2.80356026291847 2.80663474202156 2.80970922112465 2.81278370022774 2.81585817933083 2.81893265843391 2.8159512201945 2.79480202992758 2.77365283966065 2.75250364939372 2.7313544591268 2.71020526885987 2.68905607859294 2.66790688832601 2.65100789070129 2.63552562395732 2.62004335721334 2.60456109046936 2.58907882372538 2.5735965569814 2.55811429023742 2.54262652397155 2.52712225914001 2.51161799430847 2.49611372947692 2.48060946464538
2.22292697230976 2.23395460247994 2.24498223265013 2.25600986282031 2.26639226476352 2.27655959063107 2.28672691649861 2.29689424236616 2.3070615682337 2.31722889410125 2.32739621996879 2.35051641199322 2.41249520248835 2.47447399298349 2.53645278347862 2.59843157397374 2.66041036446888 2.72238915496401 2.78436794545914 2.8016536017259 2.80404154658317 2.80642949144045 2.80881743629773 2.81120538115501 2.81359332601229 2.81598127086957 2.8130824830797 2.79432349734837 2.77556451161703 2.75680552588569 2.73804654015436 2.71928755442302 2.70052856869168 2.68176958296034 2.66806365648905 2.65604208310445 2.64402050971985 2.63199893633524 2.61997736295064 2.60795578956604 2.59593421618143 2.58424673610263 2.57356153594123 2.56287633577982 2.55219113561842 2.54150593545701
2.17290699978669 2.19281914333502 2.21273128688335 2.23264343043168 2.24996286034583 2.26641805238193 2.28287324441803 2.29932843645413 2.31578362849023 2.33223882052633 2.34869401256243 2.37549201183847 2.43331843283439 2.49114485383032 2.54897127482625 2.60679769582217 2.6646241168181 2.72245053781402 2.78027695880994 2.79766884644826 2.80158255630069 2.80549626615312 2.80940997600555 2.81332368585798 2.81723739571041 2.82115110556284 2.82048305339284 2.8060697151555 2.79165637691816 2.77724303868082 2.76282970044348 2.74841636220614 2.7340030239688 2.71958968573146 2.70849227905273 2.69850018289354 2.68850808673434 2.67851599057515 2.66852389441596 2.65853179825676 2.64853970209757 2.63906594845983 2.63114722238646 2.62322849631309 2.61530977023972 2.60739104416635
2.14449660678704 2.18054192364215 2.21658724049726 2.25263255735237 2.27615219950675 2.29549661676088 2.31484103401501 2.33418545126914 2.35352986852327 2.3728742857774 2.39221870303153 2.41926253835358 2.46940462787944 2.51954671740531 2.56968880693116 2.61983089645702 2.66997298598289 2.72011507550874 2.7702571650346 2.78853151798248 2.79618329207102 2.80383506615956 2.81148684024811 2.81913861433665 2.82679038842519 2.83444216251373 2.8381529311339 2.83004068334897 2.82192843556404 2.8138161877791 2.80570393999417 2.79759169220924 2.7894794444243 2.78136719663937 2.77229375839232 2.76289992332458 2.75350608825683 2.74411225318908 2.73471841812133 2.72532458305358 2.71593074798583 2.70708416104316 2.69987931847571 2.69267447590827 2.68546963334083 2.67826479077338
2.11608621378739 2.16826470394929 2.22044319411118 2.27262168427307 2.30234153866767 2.32457518113983 2.34680882361199 2.36904246608415 2.39127610855631 2.41350975102847 2.43574339350064 2.4630330648687 2.50549082292449 2.54794858098029 2.59040633903608 2.63286409709187 2.67532185514767 2.71777961320346 2.76023737125925 2.7793941895167 2.79078402784135 2.80217386616601 2.81356370449066 2.82495354281531 2.83634338113996 2.84773321946462 2.85582280887498 2.85401165154245 2.85220049420992 2.85038933687739 2.84857817954487 2.84676702221234 2.84495586487981 2.84314470754729 2.83609523773193 2.82729966375562 2.81850408977932 2.80970851580301 2.80091294182671 2.7921173678504 2.7833217938741 2.77510237362649 2.76861141456497 2.76212045550345 2.75562949644194 2.74913853738042
2.08767582078773 2.15598748425642 2.22429914772509 2.29261081119376 2.32853087782859 2.35365374551878 2.37877661320897 2.40389948089917 2.42902234858936 2.45414521627955 2.47926808396974 2.50680359138382 2.54157701796954 2.57635044455527 2.611123871141 2.64589729772673 2.68067072431246 2.71544415089818 2.75021757748391 2.77025686105092 2.78538476361168 2.80051266617245 2.81564056873321 2.83076847129397 2.84589637385474 2.8610242764155 2.87349268661605 2.87798261973593 2.88247255285581 2.88696248597568 2.89145241909556 2.89594235221544 2.90043228533532 2.9049222184552 2.89989671707153 2.89169940418667 2.88350209130181 2.87530477841695 2.86710746553209 2.85891015264722 2.85071283976236 2.84312058620982 2.83734351065423 2.83156643509864 2.82578935954305 2.82001228398746
2.05926542778808 2.14371026456355 2.228155101339 2.31259993811446 2.35472021698951 2.38273230989773 2.41074440280595 2.43875649571418 2.4667685886224 2.49478068153062 2.52279277443885 2.55057411789893 2.57766321301459 2.60475230813025 2.63184140324592 2.65893049836158 2.68601959347724 2.7131086885929 2.74019778370857 2.76111953258514 2.77998549938202 2.79885146617889 2.81771743297577 2.83658339977264 2.85544936656951 2.87431533336639 2.89116256435712 2.9019535879294 2.91274461150169 2.92353563507397 2.93432665864626 2.94511768221854 2.95590870579083 2.96669972936311 2.96369819641112 2.95609914461771 2.94850009282429 2.94090104103087 2.93330198923746 2.92570293744404 2.91810388565063 2.91113879879315 2.90607560674348 2.90101241469382 2.89594922264416 2.8908860305945
2.03085503478842 2.13143304487068 2.23201105495292 2.33258906503515 2.38090955615043 2.41181087427668 2.44271219240293 2.47361351052919 2.50451482865544 2.5354161467817 2.56631746490795 2.59434464441404 2.61374940805964 2.63315417170524 2.65255893535083 2.67196369899643 2.69136846264203 2.71077322628763 2.73017798993322 2.75198220411936 2.77458623515235 2.79719026618533 2.81979429721832 2.8423983282513 2.86500235928429 2.88760639031727 2.90883244209819 2.92592455612288 2.94301667014757 2.96010878417226 2.97720089819695 2.99429301222164 3.01138512624633 3.02847724027102 3.02749967575072 3.02049888504875 3.01349809434678 3.00649730364481 2.99949651294284 2.99249572224086 2.98549493153889 2.97915701137648 2.97480770283274 2.97045839428901 2.96610908574527 2.96175977720154
