data/working_set_collections/6091692-Cassins_Sparrow-MC/2010/bio9.asc
NCOLS 265 
NROWS 230 
XLLCORNER -115.5625 
YLLCORNER 24.8333333333333 
CELLSIZE 0.0833333333333333 
NODATA_value -9999 
[rows 80 to 99 of 230, columns 184 to 229 of 265]
4.73811890681584 4.61928544441859 4.50045198202134 4.46054158806798 4.44693888359597 4.43333617912396 4.41973347465195 4.40613077017994 4.39252806570793 4.37892536123591 4.36695198747844 4.35986660586461 4.35278122425077 4.34569584263693 4.3386104610231 4.33152507940926 4.32443969779542 4.31735431618159 4.31968304514883 4.32514981097643 4.33061657680403 4.33608334263163 4.34155010845924 4.34701687428684 4.35248364011444 4.35774868064454 4.36240854528213 4.36706840991972 4.3717282745573 4.37638813919489 4.38104800383248 4.38570786847006 4.39036773310765 4.38075973987578 4.36639579402074 4.35203184816571 4.33766790231067 4.32330395645564 4.30894001060061 4.29457606474557 4.22513508333104 3.99046299523782 3.75579090714457 3.52111881905135 3.28644673095814 3.05177464286488
4.90850932995478 4.79726129770279 4.68601326545081 4.64713456034658 4.63237896429166 4.61762336823674 4.60286777218181 4.58811217612689 4.57335658007196 4.55860098401704 4.54531359937454 4.53643084896934 4.52754809856413 4.51866534815892 4.50978259775372 4.50089984734851 4.49201709694331 4.4831343465381 4.48404369950293 4.48821708692443 4.49239047434593 4.49656386176743 4.50073724918893 4.50491063661044 4.50908402403194 4.51271281507278 4.51470781697165 4.51670281887053 4.5186978207694 4.52069282266827 4.52268782456714 4.52468282646601 4.52667782836489 4.51497590541838 4.49870834085675 4.48244077629512 4.46617321173349 4.44990564717186 4.43363808261023 4.41737051804859 4.34695130652855 4.11407715413311 3.88120300173762 3.64832884934217 3.41545469694673 3.18258054455124
5.07889975309371 4.97523715098698 4.87157454888026 4.83372753262517 4.81781904498733 4.8019105573495 4.78600206971166 4.77009358207382 4.75418509443598 4.73827660679814 4.72367521127062 4.71299509207405 4.70231497287747 4.6916348536809 4.68095473448433 4.67027461528775 4.65959449609118 4.64891437689461 4.64840435385701 4.65128436287241 4.65416437188781 4.65704438090322 4.65992438991862 4.66280439893402 4.66568440794942 4.66767694950101 4.66700708866117 4.66633722782132 4.66566736698148 4.66499750614164 4.66432764530179 4.66365778446195 4.66298792362211 4.64919207096098 4.63102088769275 4.61284970442452 4.59467852115629 4.57650733788806 4.55833615461984 4.5401649713516 4.46876752972606 4.23769131302838 4.00661509633066 3.77553887963298 3.5444626629353 3.31338644623758
5.24929017623265 5.15321300427119 5.05713583230972 5.02032050490377 5.00325912568302 4.98619774646227 4.96913636724152 4.95207498802077 4.93501360880002 4.91795222957927 4.90203682316672 4.88955933517878 4.87708184719083 4.86460435920289 4.85212687121495 4.83964938322701 4.82717189523907 4.81469440725113 4.81276500821111 4.81435163882041 4.81593826942971 4.81752490003901 4.81911153064831 4.82069816125762 4.82228479186692 4.82264108392925 4.81930636035069 4.81597163677213 4.81263691319358 4.80930218961502 4.80596746603646 4.8026327424579 4.79929801887934 4.78340823650359 4.76333343452876 4.74325863255393 4.72318383057911 4.70310902860428 4.68303422662946 4.66295942465463 4.59058375292358 4.36130547192366 4.13202719092371 3.9027489099238 3.67347062892389 3.44419234792394
5.33588657776516 5.25158099995721 5.16727542214925 5.13515745401382 5.12043535576926 5.1057132575247 5.09099115928014 5.07626906103558 5.06154696279101 5.04682486454645 5.03293093442916 5.02152150869369 5.01011208295821 4.99870265722274 4.98729323148727 4.97588380575179 4.96447438001632 4.95306495428084 4.9494069735209 4.94833280775281 4.94725864198472 4.94618447621662 4.94511031044853 4.94403614468044 4.94296197891235 4.94137414428922 4.938245303101 4.93511646191278 4.93198762072456 4.92885877953634 4.92572993834812 4.9226010971599 4.91947225597169 4.9049175898234 4.88655431535508 4.86819104088676 4.84982776641845 4.83146449195013 4.81310121748181 4.7947379430135 4.7235472288397 4.49387419554927 4.26420116225881 4.03452812896838 3.80485509567796 3.57518206238749
5.3386889576912 5.270341138045 5.20199331839881 5.17823837995529 5.16934773524602 5.16045709053675 5.15156644582748 5.1426758011182 5.13378515640894 5.12489451169967 5.11635754505792 5.10888161261875 5.10140568017958 5.09392974774041 5.08645381530124 5.07897788286208 5.07150195042291 5.06402601798374 5.05833024978636 5.05322786966958 5.0481254895528 5.04302310943602 5.03792072931924 5.03281834920246 5.02771596908568 5.02387613058089 5.02382391691206 5.02377170324324 5.02371948957442 5.02366727590559 5.02361506223677 5.02356284856794 5.02351063489912 5.01372013092039 5.0006835301717 4.987646929423 4.9746103286743 4.9615737279256 4.9485371271769 4.9355005264282 4.86765795747442 4.6353974839052 4.40313701033594 4.17087653676672 3.9386160631975 3.70635558962824
5.34149133761725 5.2891012761328 5.23671121464836 5.22131930589675 5.21826011472278 5.2152009235488 5.21214173237482 5.20908254120084 5.20602335002686 5.20296415885288 5.19978415568669 5.19624171654382 5.19269927740096 5.18915683825809 5.18561439911523 5.18207195997237 5.1785295208295 5.17498708168664 5.16725352605183 5.15812293158636 5.14899233712089 5.13986174265542 5.13073114818996 5.12160055372449 5.11246995925902 5.10637811687256 5.10940253072313 5.11242694457371 5.11545135842428 5.11847577227485 5.12150018612542 5.124524599976 5.12754901382657 5.1225226720174 5.11481274498832 5.10710281795924 5.09939289093016 5.09168296390108 5.083973036872 5.07626310984292 5.01176868610915 4.77692077226114 4.54207285841308 4.30722494456506 4.07237703071705 3.83752911686899
5.34429371754329 5.3078614142206 5.27142911089792 5.26440023183822 5.26717249419954 5.26994475656085 5.27271701892216 5.27548928128348 5.27826154364479 5.2810338060061 5.28321076631545 5.28360182046889 5.28399287462233 5.28438392877578 5.28477498292922 5.28516603708266 5.2855570912361 5.28594814538954 5.27617680231729 5.26301799350314 5.24985918468898 5.23670037587483 5.22354156706067 5.21038275824652 5.19722394943236 5.18888010316424 5.19498114453421 5.20108218590417 5.20718322727414 5.21328426864411 5.21938531001408 5.22548635138404 5.23158739275401 5.23132521311441 5.22894195980495 5.22655870649548 5.22417545318602 5.22179219987656 5.2194089465671 5.21702569325763 5.15587941474388 4.91844406061707 4.68100870649022 4.44357335236341 4.2061379982366 3.96870264410975
5.34709609746933 5.3266215523084 5.30614700714747 5.30748115777968 5.31608487367629 5.32468858957289 5.3332923054695 5.34189602136611 5.35049973726271 5.35910345315932 5.36663737694421 5.37096192439396 5.3752864718437 5.37961101929345 5.3839355667432 5.38826011419294 5.39258466164269 5.39690920909244 5.38510007858275 5.36791305541991 5.35072603225707 5.33353900909422 5.31635198593139 5.29916496276854 5.2819779396057 5.2713820894559 5.28055975834527 5.28973742723463 5.298915096124 5.30809276501336 5.31727043390272 5.32644810279209 5.33562577168145 5.34012775421141 5.34307117462156 5.34601459503172 5.34895801544187 5.35190143585203 5.35484485626218 5.35778827667234 5.2999901433786 5.059967348973 4.81994455456735 4.57992176016175 4.33989896575614 4.0998761713505
5.34989847739538 5.3453816903962 5.34086490339703 5.35056208372115 5.36499725315305 5.37943242258495 5.39386759201685 5.40830276144874 5.42273793088064 5.43717310031254 5.45006398757298 5.45832202831903 5.46658006906508 5.47483810981113 5.48309615055719 5.49135419130324 5.49961223204929 5.50787027279534 5.49402335484821 5.47280811733669 5.45159287982516 5.43037764231363 5.4091624048021 5.38794716729057 5.36673192977904 5.35388407574758 5.36613837215634 5.3783926685651 5.39064696497386 5.40290126138262 5.41515555779138 5.42740985420014 5.43966415060889 5.44893029530841 5.45720038943819 5.46547048356796 5.47374057769773 5.48201067182751 5.49028076595728 5.49855086008705 5.44410087201334 5.20149063732894 4.9588804026445 4.7162701679601 4.4736599332757 4.23104969859125
5.39025009870528 5.39155323637855 5.39285637405183 5.40425636370976 5.41902197069591 5.43378757768206 5.44855318466821 5.46331879165437 5.47808439864052 5.49285000562667 5.50630224678251 5.5158143904474 5.52532653411229 5.53483867777718 5.54435082144207 5.55386296510696 5.56337510877185 5.57288725243674 5.56211485465368 5.54458094305462 5.52704703145557 5.50951311985651 5.49197920825746 5.47444529665841 5.45691138505935 5.4472051752938 5.4609820710288 5.4747589667638 5.4885358624988 5.5023127582338 5.5160896539688 5.5298665497038 5.54364344543879 5.54139224290847 5.53379834095637 5.52620443900426 5.51861053705216 5.51101663510006 5.50342273314795 5.49582883119585 5.43379292289423 5.20843099554388 4.98306906819348 4.75770714084313 4.53234521349278 4.30698328614239
5.46815096139907 5.46513619025547 5.46212141911188 5.4685639977455 5.47815902630487 5.48775405486424 5.4973490834236 5.50694411198297 5.51653914054234 5.52613416910171 5.5353521545728 5.54343901077906 5.55152586698532 5.55961272319157 5.56769957939783 5.57578643560409 5.58387329181035 5.59196014801661 5.58937457799911 5.5832315325737 5.57708848714828 5.57094544172286 5.56480239629744 5.55865935087203 5.55251630544661 5.55134538809456 5.56509085496265 5.57883632183073 5.59258178869881 5.60632725556689 5.62007272243498 5.63381818930306 5.64756365617114 5.61751359701156 5.57286502917608 5.5282164613406 5.48356789350511 5.43891932566963 5.39427075783415 5.34962218999866 5.26906629602121 5.08078842361776 4.89251055121427 4.70423267881081 4.51595480640735 4.32767693400386
5.54605182409286 5.53871914413239 5.53138646417193 5.53287163178125 5.53729608191383 5.54172053204642 5.546144982179 5.55056943231158 5.55499388244416 5.55941833257675 5.56440206236309 5.57106363111072 5.57772519985834 5.58438676860597 5.59104833735359 5.59770990610122 5.60437147484885 5.61103304359647 5.61663430134455 5.62188212209277 5.62712994284099 5.63237776358921 5.63762558433744 5.64287340508566 5.64812122583388 5.65548560089533 5.6691996388965 5.68291367689767 5.69662771489883 5.7103417529 5.72405579090117 5.73776982890233 5.7514838669035 5.69363495111466 5.6119317173958 5.53022848367693 5.44852524995806 5.3668220162392 5.28511878252033 5.20341554880146 5.10433966914818 4.95314585169162 4.80195203423504 4.65075821677848 4.49956439932192 4.34837058186533
5.62395268678665 5.61230209800932 5.60065150923199 5.597179265817 5.5964331375228 5.59568700922859 5.59494088093439 5.59419475264019 5.59344862434599 5.59270249605178 5.59345197015338 5.59868825144238 5.60392453273137 5.60916081402037 5.61439709530936 5.61963337659835 5.62486965788735 5.63010593917634 5.64389402468999 5.66053271161185 5.6771713985337 5.69381008545557 5.71044877237743 5.72708745929928 5.74372614622115 5.7596258136961 5.77330842283035 5.78699103196461 5.80067364109886 5.8143562502331 5.82803885936736 5.84172146850161 5.85540407763586 5.76975630521775 5.65099840561551 5.53224050601327 5.413482606411 5.29472470680876 5.17596680720652 5.05720890760425 4.93961304227515 4.82550327976549 4.71139351725581 4.59728375474615 4.48317399223649 4.36906422972681
5.70185354948043 5.68588505188623 5.66991655429204 5.66148689985274 5.65557019313176 5.64965348641077 5.64373677968978 5.6378200729688 5.63190336624781 5.62598665952682 5.62250187794367 5.62631287177403 5.6301238656044 5.63393485943476 5.63774585326512 5.64155684709548 5.64536784092585 5.64917883475621 5.67115374803542 5.69918330113092 5.72721285422641 5.75524240732191 5.78327196041741 5.81130151351291 5.83933106660841 5.86376602649687 5.8774172067642 5.89106838703153 5.90471956729887 5.9183707475662 5.93202192783354 5.94567310810087 5.9593242883682 5.84587765932084 5.69006509383522 5.5342525283496 5.37843996286396 5.22262739737833 5.06681483189271 4.91100226640706 4.77488641540214 4.69786070783937 4.62083500027659 4.54380929271383 4.46678358515106 4.38975787758828
5.77975441217422 5.75946800576315 5.73918159935209 5.72579453388849 5.71470724874072 5.70361996359295 5.69253267844518 5.6814453932974 5.67035810814963 5.65927082300186 5.65155178573396 5.65393749210569 5.65632319847742 5.65870890484915 5.66109461122088 5.66348031759262 5.66586602396435 5.66825173033608 5.69841347138086 5.73783389064999 5.77725430991913 5.81667472918827 5.8560951484574 5.89551556772654 5.93493598699568 5.96790623929764 5.98152599069805 5.99514574209847 6.00876549349889 6.02238524489931 6.03600499629973 6.04962474770014 6.06324449910056 5.92199901342394 5.72913178205494 5.53626455068594 5.3433973193169 5.1505300879479 4.9576628565789 4.76479562520986 4.61015978852911 4.57021813591324 4.53027648329737 4.4903348306815 4.45039317806563 4.41045152544976
5.85223457415898 5.83255094289779 5.8128673116366 5.78503167231878 5.75447869698207 5.72392572164537 5.69337274630865 5.66281977097195 5.63226679563525 5.60171382029853 5.57894908189775 5.57954905430478 5.5801490267118 5.58074899911882 5.58134897152585 5.58194894393287 5.5825489163399 5.58314888874692 5.61528386274975 5.65793050395119 5.70057714515263 5.74322378635408 5.78587042755552 5.82851706875696 5.87116370995841 5.90696625179717 5.92223649554785 5.93750673929853 5.9527769830492 5.96804722679988 5.98331747055056 5.99858771430124 6.01385795805191 5.87333107391998 5.68087181382715 5.48841255373432 5.29595329364145 5.10349403354861 4.91103477345578 4.71857551336291 4.56915286779403 4.54884006579717 4.5285272638003 4.50821446180343 4.48790165980657 4.4675888578097
5.91929403543471 5.90513386329014 5.89097369114557 5.83919831514359 5.7748845378558 5.710570760568 5.6462569832802 5.58194320599241 5.51762942870462 5.45331565141681 5.40469376643502 5.40314755837126 5.4016013503075 5.40005514224373 5.39850893417997 5.39696272611621 5.39541651805245 5.39387030998869 5.42176492214206 5.45947314103447 5.49718135992688 5.5348895788193 5.57259779771172 5.61030601660413 5.64801423549655 5.6809460639954 5.69954872131351 5.71815137863163 5.73675403594974 5.75535669326785 5.77395935058597 5.79256200790408 5.8111646652222 5.69987384080892 5.54528518915182 5.39069653749472 5.23610788583759 5.08151923418049 4.92693058252339 4.77234193086626 4.65186565319696 4.63372649749119 4.61558734178542 4.59744818607965 4.57930903037388 4.56116987466811
5.98635349671045 5.9777167836825 5.96908007065454 5.8933649579684 5.79529037872952 5.69721579949064 5.59914122025174 5.50106664101286 5.40299206177398 5.30491748253508 5.23043845097226 5.22674606243772 5.22305367390317 5.21936128536863 5.21566889683408 5.21197650829954 5.20828411976499 5.20459173123045 5.22824598153434 5.26101577811773 5.29378557470112 5.32655537128451 5.3593251678679 5.39209496445128 5.42486476103467 5.4549258761936 5.47686094707915 5.49879601796471 5.52073108885026 5.54266615973581 5.56460123062136 5.58653630150691 5.60847137239247 5.52641660769785 5.40969856447648 5.29298052125512 5.17626247803373 5.05954443481236 4.942826391591 4.82610834836961 4.7345784385999 4.71861292918522 4.70264741977055 4.68668191035588 4.6707164009412 4.65475089152653
6.05341295798619 6.05029970407485 6.04718645016352 5.94753160079322 5.81569621960325 5.68386083841328 5.55202545722328 5.42019007603331 5.28835469484334 5.15651931365335 5.05618313550951 5.05034456650418 5.04450599749885 5.03866742849352 5.03282885948819 5.02699029048286 5.02115172147753 5.0153131524722 5.03472704092663 5.06255841520099 5.09038978947535 5.11822116374971 5.14605253802407 5.17388391229843 5.2017152865728 5.22890568839181 5.2541731728448 5.27944065729779 5.30470814175078 5.32997562620377 5.35524311065676 5.38051059510975 5.40577807956273 5.35295937458677 5.27411193980114 5.19526450501551 5.11641707022987 5.03756963544424 4.95872220065861 4.87987476587296 4.81729122400283 4.80349936087926 4.78970749775568 4.7759156346321 4.76212377150853 4.74833190838495
