data/working_set_collections/6091692-Cassins_Sparrow-MC/1995/bio10.asc
NCOLS 265 
NROWS 230 
XLLCORNER -115.5625 
YLLCORNER 24.8333333333333 
CELLSIZE 0.0833333333333333 
NODATA_value -9999 
[rows 160 to 179 of 230, columns 46 to 91 of 265]
30.2266486167908 30.0446520805359 29.862655544281 29.6806590080261 29.4986624717713 29.3166659355163 29.0657388210297 28.7918348471324 28.5179308732351 28.2440268993378 27.9701229254405 27.6962189515432 27.4223149776459 27.2004205703735 27.134554862976 27.0686891555786 27.0028234481811 26.9369577407837 26.8710920333862 26.8052263259887 26.7393606185913 26.7195167541504 26.7150135040283 26.7105102539062 26.7060070037842 26.7015037536621 26.69700050354 26.692497253418 26.6246104717255 26.3665730953217 26.1085357189179 25.8504983425141 25.5924609661103 25.3344235897065 25.0763862133027 24.8183488368989 24.7700037956238 24.7915561993917 24.8131086031596 24.8346610069275 24.8562134106954 24.8777658144633 24.8993182182312 24.9689248720805 25.1826942761739 25.3964636802673
30.3401277860006 30.1729908519321 30.0058539178636 29.8387169837952 29.6715800497267 29.5044431156582 29.2625978310903 28.9958497630226 28.7291016949548 28.462353626887 28.1956055588193 27.9288574907515 27.6621094226837 27.4453236685859 27.3784248563978 27.3115260442098 27.2446272320217 27.1777284198337 27.1108296076456 27.0439307954576 26.9770319832696 26.9382026672363 26.9087298499213 26.8792570326063 26.8497842152913 26.8203113979763 26.7908385806613 26.7613657633463 26.6670786380768 26.3783485889435 26.0896185398102 25.800888490677 25.5121584415436 25.2234283924103 24.9346983432771 24.6459682941437 24.5813551266988 24.5914475864835 24.6015400462681 24.6116325060527 24.6217249658373 24.6318174256219 24.6419098854065 24.7088655365838 24.9464107619392 25.1839559872945
30.3151427586874 30.1625494851007 30.009956211514 29.8573629379273 29.7047696643406 29.5521763907539 29.3295639991761 29.0836119016012 28.8376598040263 28.5917077064515 28.3457556088766 28.0998035113017 27.8538514137268 27.6519576655494 27.5822389655643 27.5125202655792 27.4428015655941 27.373082865609 27.303364165624 27.2336454656389 27.1639267656538 27.1163637797038 27.0761860317654 27.036008283827 26.9958305358887 26.9556527879503 26.9154750400119 26.8752972920735 26.7648064984216 26.4433765676287 26.1219466368358 25.8005167060429 25.4790867752499 25.157656844457 24.8362269136642 24.5147969828712 24.4229297161103 24.40758333736 24.3922369586097 24.3768905798595 24.3615442011092 24.3461978223589 24.3308514436087 24.3838802125719 24.6420344246759 24.9001886367798
30.1516935348511 30.0133279800416 29.874962425232 29.7365968704224 29.5982313156128 29.4598657608033 29.2666373252869 29.0551212628683 28.8436052004496 28.632089138031 28.4205730756124 28.2090570131938 27.9975409507752 27.820322561264 27.7459971904754 27.6716718196869 27.5973464488983 27.5230210781097 27.4486957073212 27.3743703365326 27.300044965744 27.2540000915527 27.2173820495605 27.1807640075683 27.1441459655762 27.107527923584 27.0709098815918 27.0342918395996 26.9177940527599 26.5616570313772 26.2055200099946 25.8493829886119 25.4932459672292 25.1371089458466 24.780971924464 24.4248349030813 24.2947275638581 24.2399634520213 24.1851993401846 24.1304352283478 24.0756711165111 24.0209070046743 23.9661428928376 23.9939689000448 24.269565264384 24.5451616287232
29.9882443110149 29.8641064749824 29.73996863895 29.6158308029175 29.4916929668851 29.3675551308526 29.2037106513977 29.0266306241354 28.849550596873 28.6724705696106 28.4953905423483 28.3183105150859 28.1412304878235 27.9886874569787 27.9097554153866 27.8308233737945 27.7518913322025 27.6729592906104 27.5940272490183 27.5150952074263 27.4361631658342 27.3916364034017 27.3585780673557 27.3255197313097 27.2924613952637 27.2594030592177 27.2263447231716 27.1932863871256 27.0707816070981 26.6799374951257 26.2890933831533 25.898249271181 25.5074051592086 25.1165610472362 24.7257169352638 24.3348728232914 24.1665254116059 24.0723435666827 23.9781617217594 23.8839798768362 23.789798031913 23.6956161869897 23.6014343420665 23.6040575875176 23.8970961040921 24.1901346206665
29.8247950871786 29.7148849699233 29.604974852668 29.4950647354126 29.3851546181573 29.275244500902 29.1407839775086 28.9981399854025 28.8554959932963 28.7128520011902 28.5702080090841 28.4275640169779 28.2849200248718 28.1570523526933 28.0735136402978 27.9899749279022 27.9064362155067 27.8228975031111 27.7393587907155 27.65582007832 27.5722813659244 27.5292727152506 27.4997740851508 27.470275455051 27.4407768249512 27.4112781948513 27.3817795647515 27.3522809346517 27.2237691614364 26.7982179588742 26.3726667563121 25.94711555375 25.5215643511879 25.0960131486258 24.6704619460637 24.2449107435015 24.0383232593537 23.904723681344 23.7711241033343 23.6375245253246 23.5039249473149 23.3703253693052 23.2367257912955 23.2141462749905 23.5246269438002 23.8351076126099
29.6613458633423 29.5656634648641 29.4699810663859 29.3742986679077 29.2786162694296 29.1829338709514 29.0778573036194 28.9696493466695 28.8614413897197 28.7532334327698 28.6450254758199 28.53681751887 28.4286095619202 28.325417248408 28.2372718652089 28.1491264820099 28.0609810988108 27.9728357156118 27.8846903324127 27.7965449492137 27.7083995660146 27.6669090270996 27.6409701029459 27.6150311787923 27.5890922546387 27.563153330485 27.5372144063314 27.5112754821777 27.3767567157746 26.9164984226227 26.4562401294709 25.9959818363191 25.5357235431672 25.0754652500153 24.6152069568635 24.1549486637116 23.9101211071015 23.7371037960053 23.5640864849091 23.3910691738129 23.2180518627168 23.0450345516206 22.8720172405244 22.8242349624634 23.1521577835083 23.4800806045532
29.4978966395061 29.416441959805 29.3349872801039 29.2535326004029 29.1720779207018 29.0906232410007 29.0149306297302 28.9411587079366 28.867386786143 28.7936148643494 28.7198429425558 28.6460710207621 28.5722990989685 28.4937821441226 28.4010300901201 28.3082780361175 28.215525982115 28.1227739281124 28.0300218741099 27.9372698201074 27.8445177661048 27.8045453389486 27.7821661207411 27.7597869025336 27.7374076843262 27.7150284661187 27.6926492479112 27.6702700297038 27.5297442701129 27.0347788863712 26.5398135026297 26.0448481188881 25.5498827351465 25.0549173514049 24.5599519676634 24.0649865839217 23.7819189548493 23.5694839106666 23.357048866484 23.1446138223013 22.9321787781186 22.719743733936 22.5073086897533 22.4343236499362 22.7796886232164 23.1250535964966
29.5260922114054 29.4548936420017 29.3836950725979 29.3124965031941 29.2412979337904 29.1700993643866 29.1130999565124 29.0608336024814 29.0085672484503 28.9563008944193 28.9040345403883 28.8517681863572 28.7995018323262 28.7349377950032 28.6334807078043 28.5320236206054 28.4305665334065 28.3291094462076 28.2276523590088 28.1261952718099 28.024738184611 27.9846600373586 27.965041536755 27.9454230361514 27.9258045355479 27.9061860349443 27.8865675343407 27.8669490337371 27.7238278124068 27.2101984288958 26.6965690453848 26.1829396618738 25.6693102783627 25.1556808948517 24.6420515113407 24.1284221278297 23.8059869766235 23.5472832361857 23.2885794957479 23.0298757553101 22.7711720148723 22.5124682744345 22.2537645339967 22.142886961831 22.4754878944821 22.8080888271332
29.7459325790405 29.6810185114542 29.616104443868 29.5511903762817 29.4862763086954 29.4213622411092 29.372365283966 29.3286740303039 29.2849827766418 29.2412915229797 29.1976002693176 29.1539090156555 29.1102177619934 29.0488842010498 28.9346237182617 28.8203632354736 28.7061027526855 28.5918422698974 28.4775817871094 28.3633213043213 28.2490608215332 28.2072531223297 28.1895963509877 28.1719395796458 28.1542828083038 28.1366260369618 28.1189692656199 28.1013124942779 27.9590073426565 27.4427570501963 26.9265067577362 26.4102564652762 25.894006172816 25.3777558803559 24.8615055878958 24.3452552954356 23.9823251724243 23.6705017725627 23.358678372701 23.0468549728394 22.7350315729778 22.4232081731161 22.1113847732545 21.9499248981476 22.2395555973053 22.529186296463
29.9657729466756 29.9071433809068 29.848513815138 29.7898842493693 29.7312546836005 29.6726251178317 29.6316306114196 29.5965144581265 29.5613983048333 29.5262821515401 29.4911659982469 29.4560498449537 29.4209336916605 29.3628306070963 29.235766728719 29.1087028503418 28.9816389719645 28.8545750935872 28.72751121521 28.6004473368327 28.4733834584554 28.4298462073008 28.4141511652204 28.3984561231401 28.3827610810597 28.3670660389794 28.351370996899 28.3356759548187 28.1941868729062 27.6753156714969 27.1564444700877 26.6375732686785 26.1187020672692 25.59983086586 25.0809596644508 24.5620884630415 24.1586633682251 23.7937203089397 23.4287772496542 23.0638341903687 22.6988911310833 22.3339480717977 21.9690050125123 21.7569628344642 22.0036233001285 22.2502837657928
30.1856133143107 30.1332682503594 30.0809231864081 30.0285781224568 29.9762330585055 29.9238879945543 29.8908959388732 29.864354885949 29.8378138330247 29.8112727801005 29.7847317271762 29.7581906742519 29.7316496213277 29.6767770131429 29.5369097391764 29.3970424652099 29.2571751912435 29.117307917277 28.9774406433105 28.8375733693441 28.6977060953776 28.6524392922719 28.6387059794531 28.6249726666344 28.6112393538157 28.5975060409969 28.5837727281782 28.5700394153595 28.4293664031559 27.9078742927975 27.3863821824392 26.8648900720809 26.3433979617225 25.8219058513642 25.3004137410059 24.7789216306475 24.3350015640259 23.9169388453166 23.4988761266073 23.080813407898 22.6627506891887 22.2446879704794 21.8266252517701 21.5640007707808 21.7676910029518 21.9713812351227
30.4054536819458 30.359393119812 30.3133325576782 30.2672719955444 30.2212114334106 30.1751508712768 30.1501612663269 30.1321953137715 30.1142293612162 30.0962634086608 30.0782974561055 30.0603315035502 30.0423655509948 29.9907234191894 29.8380527496338 29.6853820800781 29.5327114105224 29.3800407409668 29.2273700714111 29.0746994018555 28.9220287322998 28.875032377243 28.8632607936859 28.8514892101287 28.8397176265716 28.8279460430145 28.8161744594574 28.8044028759002 28.6645459334056 28.1404329140981 27.6163198947907 27.0922068754833 26.5680938561758 26.0439808368683 25.5198678175609 24.9957547982534 24.5113397598267 24.0401573816936 23.5689750035604 23.0977926254273 22.6266102472942 22.155427869161 21.6842454910279 21.3710387070974 21.531758705775 21.6924787044525
30.6252940495809 30.5855179892646 30.5457419289483 30.505965868632 30.4661898083157 30.4264137479994 30.4094265937805 30.4000357415941 30.3906448894076 30.3812540372212 30.3718631850348 30.3624723328484 30.353081480662 30.304669825236 30.1391957600911 29.9737216949463 29.8082476298014 29.6427735646566 29.4772994995117 29.3118254343669 29.146351369222 29.0976254622141 29.0878156079186 29.0780057536231 29.0681958993276 29.058386045032 29.0485761907365 29.038766336441 28.8997254636553 28.3729915353987 27.8462576071422 27.3195236788857 26.792789750629 26.2660558223725 25.739321894116 25.2125879658593 24.6876779556275 24.1633759180706 23.6390738805136 23.1147718429566 22.5904698053997 22.0661677678427 21.5418657302858 21.178076643414 21.2958264085982 21.4135761737824
30.8124580860138 30.780862877104 30.7492676681942 30.7176724592844 30.6860772503747 30.6544820414649 30.638392273585 30.6274709860483 30.6165496985117 30.6056284109751 30.5947071234385 30.5837858359019 30.5728645483653 30.5215230358972 30.3489208486345 30.1763186613719 30.0037164741092 29.8311142868466 29.658512099584 29.4859099123213 29.3133077250587 29.2558363437652 29.2367418977949 29.2176474518246 29.1985530058543 29.179458559884 29.1603641139136 29.1412696679433 28.9974888695612 28.4796490139432 27.9618091583253 27.4439693027074 26.9261294470893 26.4082895914714 25.8904497358535 25.3726098802355 24.8292048772177 24.2772781583999 23.725351439582 23.1734247207642 22.6214980019464 22.0695712831286 21.5176445643108 21.1241602367825 21.2060030831231 21.2878459294637
30.9669457912445 30.9454277833303 30.923909775416 30.9023917675018 30.8808737595876 30.8593557516733 30.8370583057403 30.8145010471344 30.7919437885284 30.7693865299225 30.7468292713165 30.7242720127105 30.7017147541046 30.6412830511729 30.4672280152639 30.2931729793549 30.1191179434459 29.9450629075368 29.7710078716278 29.5969528357188 29.4228977998098 29.3496650218964 29.3100396633148 29.2704143047333 29.2307889461517 29.1911635875702 29.1515382289887 29.1119128704071 28.9578361511232 28.4604053497315 27.9629745483399 27.4655437469483 26.9681129455567 26.4706821441651 25.9732513427735 25.4758205413819 24.9359205245972 24.3818641026816 23.8278076807658 23.2737512588502 22.7196948369345 22.1656384150188 21.6115819931031 21.2092894872029 21.2622887293498 21.3152879714966
31.1214334964752 31.1099926895565 31.0985518826378 31.0871110757192 31.0756702688005 31.0642294618818 31.0357243378957 31.0015311082204 30.9673378785451 30.9331446488698 30.8989514191945 30.8647581895192 30.8305649598439 30.7610430664487 30.5855351818932 30.4100272973379 30.2345194127825 30.0590115282271 29.8835036436717 29.7079957591163 29.5324878745609 29.4434937000275 29.3833374288347 29.3231811576419 29.2630248864492 29.2028686152564 29.1427123440637 29.0825560728709 28.9181834326851 28.4411616855198 27.9641399383546 27.4871181911893 27.010096444024 26.5330746968588 26.0560529496936 25.5790312025283 25.0426361719768 24.4864500469633 23.9302639219496 23.3740777969361 22.8178916719226 22.261705546909 21.7055194218954 21.2944187376234 21.3185743755764 21.3427300135295
31.2759212017059 31.2745575957828 31.2731939898597 31.2718303839365 31.2704667780134 31.2691031720903 31.234390370051 31.1885611693064 31.1427319685618 31.0969027678172 31.0510735670725 31.0052443663279 30.9594151655833 30.8808030817244 30.7038423485226 30.5268816153208 30.3499208821191 30.1729601489173 29.9959994157155 29.8190386825138 29.642077949312 29.5373223781586 29.4566351943546 29.3759480105506 29.2952608267466 29.2145736429427 29.1338864591387 29.0531992753347 28.8785307142471 28.4219180213081 27.9653053283692 27.5086926354303 27.0520799424914 26.5954672495525 26.1388545566136 25.6822418636746 25.1493518193564 24.591035991245 24.0327201631335 23.474404335022 22.9160885069106 22.3577726787991 21.7994568506877 21.3795479880439 21.3748600218031 21.3701720555623
31.4304089069366 31.439122502009 31.4478360970815 31.4565496921539 31.4652632872263 31.4739768822988 31.4330564022064 31.3755912303924 31.3181260585785 31.2606608867645 31.2031957149505 31.1457305431366 31.0882653713226 31.0005630970001 30.822149515152 30.6437359333038 30.4653223514557 30.2869087696075 30.1084951877594 29.9300816059113 29.7516680240631 29.6311510562897 29.5299329598745 29.4287148634593 29.3274967670441 29.2262786706289 29.1250605742137 29.0238424777985 28.838877995809 28.4026743570964 27.9664707183839 27.5302670796713 27.0940634409587 26.6578598022462 26.2216561635336 25.785452524821 25.2560674667359 24.6956219355266 24.1351764043173 23.574730873108 23.0142853418987 22.4538398106893 21.8933942794801 21.4646772384643 21.4311456680298 21.3976140975952
31.5848966121673 31.6036874082353 31.6224782043033 31.6412690003713 31.6600597964392 31.6788505925072 31.6317224343618 31.5626212914785 31.4935201485952 31.4244190057119 31.3553178628286 31.2862167199453 31.217115577062 31.1203231122759 30.9404566817813 30.7605902512868 30.5807238207923 30.4008573902978 30.2209909598033 30.0411245293088 29.8612580988142 29.7249797344208 29.6032307253944 29.4814817163679 29.3597327073415 29.2379836983151 29.1162346892887 28.9944856802623 28.799225277371 28.3834306928847 27.9676361083985 27.5518415239123 27.136046939426 26.7202523549398 26.3044577704536 25.8886631859674 25.3627831141155 24.8002078798083 24.2376326455011 23.6750574111939 23.1124821768868 22.5499069425795 21.9873317082724 21.5498064888848 21.4874313142565 21.4250561396281
