data/working_set_collections/6091692-Cassins_Sparrow-MC/1995/bio13.asc
NCOLS 265 
NROWS 230 
XLLCORNER -115.5625 
YLLCORNER 24.8333333333333 
CELLSIZE 0.0833333333333333 
NODATA_value -9999 
[rows 120 to 139 of 230, columns 46 to 91 of 265]
57.9757232983908 58.5485847367181 59.1214461750455 59.6943076133728 60.2671690517001 60.8400304900276 61.2495241165161 61.6045618057251 61.9595994949341 62.3146371841431 62.669674873352 63.0247125625611 63.37975025177 63.9401517656112 65.1166447533501 66.2931377410887 67.4696307288274 68.6461237165663 69.8226167043049 70.9991096920435 72.1756026797824 73.5313015619912 74.9467357423568 76.3621699227226 77.7776041030882 79.1930382834538 80.6084724638196 82.0239066441852 83.2548400031195 83.9322708977593 84.609701792399 85.2871326870387 85.9645635816785 86.6419944763182 87.319425370958 87.9968562655978 88.7072465260822 89.4286232418482 90.1499999576144 90.8713766733804 91.5927533891464 92.3141301049125 93.0355068206785 93.1785375171241 91.5865301556059 89.994522794088
56.662322330475 57.3526809374492 58.0430395444235 58.7333981513977 59.423756758372 60.1141153653463 60.5535604476929 60.909367688497 61.265174929301 61.620982170105 61.976789410909 62.3325966517131 62.6884038925171 63.2484182993569 64.421054204305 65.5936901092529 66.7663260142007 67.9389619191488 69.1115978240966 70.2842337290445 71.4568696339925 72.8523809432982 74.3221840540566 75.7919871648152 77.2617902755736 78.7315933863319 80.2013964970906 81.6711996078489 82.9628196716307 83.7198905944824 84.4769615173339 85.2340324401854 85.991103363037 86.7481742858885 87.50524520874 88.2623161315917 88.9867694854735 89.7003503163653 90.4139311472574 91.1275119781492 91.8410928090411 92.5546736399331 93.268254470825 93.404171307882 91.807096163432 90.2100210189822
55.348921362559 56.1567771381802 56.9646329138015 57.7724886894226 58.5803444650437 59.388200240665 59.8575967788697 60.2141735712687 60.5707503636679 60.9273271560669 61.283903948466 61.6404807408651 61.9970575332642 62.5566848331026 63.7254636552598 64.8942424774169 66.0630212995739 67.2318001217312 68.4005789438882 69.5693577660453 70.7381365882026 72.1734603246051 73.6976323657563 75.2218044069077 76.7459764480589 78.2701484892101 79.7943205303615 81.3184925715126 82.670799340142 83.5075102912054 84.3442212422688 85.1809321933321 86.0176431443955 86.8543540954588 87.6910650465221 88.5277759975856 89.2662924448647 89.9720773908825 90.6778623369004 91.3836472829181 92.0894322289359 92.7952171749538 93.5010021209715 93.6298050986399 92.027662171258 90.4255192438764
54.0355203946431 54.9608733389112 55.8862262831794 56.8115792274475 57.7369321717155 58.6622851159837 59.1616331100464 59.5189794540405 59.8763257980347 60.2336721420288 60.591018486023 60.9483648300171 61.3057111740112 61.8649513668482 63.0298731062147 64.194794845581 65.3597165849472 66.5246383243136 67.6895600636799 68.8544818030462 70.0194035424126 71.4945397059121 73.073080677456 74.6516216490003 76.2301626205442 77.8087035920882 79.3872445636324 80.9657855351764 82.3787790086533 83.2951299879285 84.2114809672037 85.1278319464788 86.044182925754 86.9605339050291 87.8768848843042 88.7932358635795 89.545815404256 90.2438044653997 90.9417935265434 91.639782587687 92.3377716488307 93.0357607099744 93.733749771118 93.8554388893979 92.2482281790841 90.6410174687706
52.7221194267273 53.7649695396423 54.8078196525574 55.8506697654724 56.8935198783874 57.9363699913025 58.4656694412232 58.8237853368124 59.1819012324016 59.5400171279908 59.89813302358 60.2562489191692 60.6143648147584 61.1732179005939 62.3342825571696 63.495347213745 64.6564118703205 65.8174765268961 66.9785411834716 68.139605840047 69.3006704966227 70.8156190872191 72.4485289891558 74.0814388910928 75.7143487930296 77.3472586949663 78.9801685969034 80.6130784988401 82.0867586771645 83.0827496846516 84.0787406921385 85.0747316996254 86.0707227071125 87.0667137145994 88.0627047220863 89.0586957295734 89.8253383636473 90.5155315399168 91.2057247161864 91.8959178924559 92.5861110687254 93.276304244995 93.9664974212645 94.0810726801558 92.4687941869101 90.8565156936648
51.4087184588114 52.5690657403733 53.7294130219354 54.8897603034973 56.0501075850591 57.2104548666212 57.7697057723999 58.1285912195842 58.4874766667685 58.8463621139527 59.2052475611369 59.5641330083212 59.9230184555054 60.4814844343396 61.6386920081244 62.7958995819091 63.9531071556937 65.1103147294786 66.2675223032632 67.4247298770479 68.5819374508328 70.136698468526 71.8239773008556 73.5112561331854 75.1985349655149 76.8858137978445 78.5730926301743 80.2603714625038 81.7947383456758 82.8703693813747 83.9460004170734 85.0216314527721 86.097262488471 87.1728935241697 88.2485245598684 89.3241555955673 90.1048613230386 90.7872586144339 91.4696559058294 92.1520531972248 92.8344504886201 93.5168477800156 94.199245071411 94.3067064709137 92.6893601947362 91.072013918559
50.4115844726561 51.6840053982203 52.9564263237846 54.2288472493488 55.5012681749129 56.7736891004773 57.3472608884175 57.6878829638163 58.0285050392151 58.3691271146138 58.7097491900126 59.0503712654114 59.3909933408101 59.9392177899676 61.1102493604023 62.2812809308368 63.4523125012713 64.623344071706 65.7943756421405 66.965407212575 68.1364387830097 69.6366214116412 71.2465210596717 72.8564207077025 74.4663203557331 76.0762200037636 77.6861196517944 79.2960192998249 80.7932589213053 81.9525184631348 83.1117780049642 84.2710375467935 85.4302970886231 86.5895566304524 87.7488161722818 88.9080757141113 89.7033925374349 90.3773951212565 91.0513977050782 91.7254002888997 92.3994028727213 93.073405456543 93.7474080403646 93.8497808880281 92.2372645272152 90.6247481664026
49.7307174682616 51.1097885131834 52.4888595581054 53.8679306030272 55.247001647949 56.626072692871 57.1983347892761 57.5016605695088 57.8049863497416 58.1083121299744 58.4116379102071 58.7149636904399 59.0182894706726 59.5464179674782 60.7489546140034 61.9514912605284 63.1540279070534 64.3565645535786 65.5591012001036 66.7616378466286 67.9641744931538 69.3153879165648 70.7161602656044 72.1169326146443 73.517704963684 74.9184773127237 76.3192496617636 77.7200220108033 79.0823204040528 80.3291969299318 81.5760734558106 82.8229499816894 84.0698265075685 85.3167030334473 86.5635795593261 87.8104560852051 88.620932006836 89.2859410603841 89.9509501139324 90.6159591674806 91.2809682210287 91.945977274577 92.6109863281251 92.7102959314988 91.1125071843469 89.5147184371953
49.049850463867 50.5355716281464 52.0212927924261 53.5070139567055 54.9927351209849 56.4784562852646 57.0494086901347 57.3154381752014 57.5814676602681 57.8474971453349 58.1135266304016 58.3795561154684 58.6455856005351 59.1536181449888 60.3876598676045 61.62170159022 62.8557433128355 64.0897850354511 65.3238267580666 66.5578684806821 67.7919102032978 68.9941544214883 70.1857994715371 71.3774445215861 72.5690895716349 73.7607346216837 74.9523796717326 76.1440247217814 77.3713818868001 78.7058753967286 80.0403689066569 81.3748624165852 82.7093559265137 84.043849436442 85.3783429463703 86.7128364562988 87.538471476237 88.1944869995117 88.8505025227866 89.5065180460612 90.162533569336 90.8185490926108 91.4745646158855 91.5708109749693 89.9877498414785 88.4046887079879
48.3689834594725 49.9613547431095 51.5537260267468 53.1460973103839 54.7384685940209 56.3308398776583 56.9004825909932 57.1292157808939 57.3579489707947 57.5866821606954 57.8154153505961 58.0441485404968 58.2728817303975 58.7608183224993 60.0263651212055 61.2919119199115 62.5574587186175 63.8230055173237 65.0885523160297 66.3540991147357 67.6196459134419 68.6729209264118 69.6554386774697 70.6379564285278 71.6204741795857 72.6029919306436 73.5855096817017 74.5680274327596 75.6604433695474 77.0825538635254 78.5046643575032 79.926774851481 81.348885345459 82.7709958394368 84.1931063334145 85.6152168273925 86.456010945638 87.1030329386393 87.7500549316407 88.397076924642 89.0440989176432 89.6911209106446 90.3381429036459 90.4313260184399 88.8629924986101 87.2946589787805
47.688116455078 49.3871378580726 51.0861592610676 52.7851806640623 54.484202067057 56.1832234700519 56.7515564918518 56.9429933865865 57.1344302813212 57.3258671760559 57.5173040707906 57.7087409655253 57.90017786026 58.3680185000099 59.6650703748066 60.9621222496031 62.2591741243996 63.5562259991963 64.8532778739927 66.1503297487892 67.4473816235859 68.3516874313354 69.1250778834024 69.8984683354696 70.6718587875366 71.4452492396037 72.2186396916709 72.9920301437379 73.9495048522949 75.4592323303224 76.9689598083496 78.4786872863769 79.9884147644044 81.4981422424316 83.0078697204588 84.5175971984863 85.3735504150391 86.011578877767 86.6496073404949 87.2876358032227 87.9256642659506 88.5636927286785 89.2017211914063 89.2918410619105 87.7382351557417 86.1846292495732
47.0072494506834 48.8129209730357 50.6185924953883 52.4242640177406 54.229935540093 56.0356070624456 56.6026303927104 56.756770992279 56.9109115918477 57.0650521914164 57.2191927909851 57.3733333905538 57.5274739901225 57.9752186775205 59.3037756284077 60.6323325792947 61.9608895301816 63.2894464810688 64.6180034319558 65.9465603828427 67.2751173337299 68.0304539362589 68.5947170893351 69.1589802424113 69.7232433954875 70.2875065485637 70.85176970164 71.4160328547161 72.2385663350422 73.8359107971192 75.4332552591959 77.0305997212726 78.6279441833496 80.2252886454263 81.8226331075031 83.41997756958 84.2910898844401 84.9201248168945 85.549159749349 86.1781946818034 86.8072296142578 87.4362645467124 88.0652994791667 88.1523561053811 86.6134778128733 85.0745995203658
47.9924823443089 49.8267644776231 51.6610466109377 53.4953287442519 55.3296108775662 57.1638930108807 57.6766378720599 57.7488703091937 57.8211027463275 57.8933351834613 57.9655676205951 58.0378000577289 58.1100324948627 58.4911382039383 59.7988637288408 61.1065892537431 62.4143147786454 63.7220403035479 65.0297658284502 66.3374913533525 67.645216878255 68.2571553548176 68.6371648152668 69.017174275716 69.3971837361653 69.7771931966145 70.1572026570638 70.537212117513 71.2252763960093 72.8375051286484 74.4497338612872 76.061962593926 77.6741913265651 79.2864200592039 80.8986487918427 82.5108775244818 83.3595975240071 83.9538146124945 84.548031700982 85.1422487894694 85.7364658779568 86.3306829664443 86.9249000549317 86.985195477804 85.4437259038292 83.9022563298547
50.643815135955 52.4286683718355 54.2135216077162 55.9983748435967 57.7832280794771 59.5680813153579 59.9735789299007 59.9192913373308 59.8650037447608 59.8107161521908 59.7564285596209 59.7021409670509 59.647853374481 59.9157770792638 61.1503346761064 62.3848922729488 63.6194498697912 64.8540074666338 66.0885650634762 67.3231226603186 68.5576802571612 69.0317916870115 69.2524210611978 69.473050435384 69.6936798095702 69.9143091837564 70.1349385579427 70.3555679321289 70.9096350351966 72.4640153249104 74.0183956146238 75.5727759043373 77.127156194051 78.6815364837645 80.235916773478 81.7902970631917 82.5790733337403 83.1126482645671 83.646223195394 84.1797981262208 84.7133730570476 85.2469479878745 85.7805229187013 85.7903591791794 84.2289794286096 82.66759967804
53.2951479276015 55.0305722660481 56.765996604495 58.5014209429416 60.2368452813883 61.9722696198352 62.2705199877418 62.0897123654681 61.9089047431943 61.7280971209206 61.5472894986468 61.3664818763731 61.1856742540993 61.3404159545894 62.5018056233721 63.6631952921546 64.8245849609371 65.9859746297198 67.1473642985023 68.3087539672848 69.4701436360674 69.8064280192056 69.8676773071288 69.928926595052 69.9901758829752 70.0514251708984 70.1126744588216 70.1739237467448 70.5939936743839 72.0905255211723 73.5870573679604 75.0835892147485 76.5801210615369 78.076652908325 79.5731847551131 81.0697166019015 81.7985491434733 82.2714819166395 82.7444146898059 83.2173474629721 83.6902802361383 84.1632130093046 84.6361457824708 84.5955228805547 83.0142329533899 81.4329430262252
55.9464807192479 57.6324761602607 59.3184716012738 61.0044670422866 62.6904624832994 64.3764579243126 64.5674610455829 64.2601333936054 63.9528057416278 63.6454780896503 63.3381504376728 63.0308227856952 62.7234951337177 62.765054829915 63.8532765706377 64.9414983113603 66.029720052083 67.1179417928057 68.2061635335284 69.2943852742509 70.3826070149737 70.5810643513997 70.4829335530598 70.38480275472 70.2866719563802 70.1885411580404 70.0904103597005 69.9922795613607 70.2783523135712 71.7170357174342 73.155719121297 74.5944025251598 76.0330859290228 77.4717693328856 78.9104527367483 80.3491361406114 81.0180249532064 81.430315568712 81.8426061842177 82.2548967997233 82.667187415229 83.0794780307347 83.4917686462403 83.40068658193 81.7994864781701 80.1982863744104
58.597813510894 60.2343800544731 61.8709465980524 63.5075131416314 65.1440796852104 66.7806462287897 66.8644021034238 66.4305544217425 65.9967067400611 65.5628590583799 65.1290113766986 64.6951636950173 64.261316013336 64.1896937052404 65.2047475179033 66.219801330566 67.2348551432287 68.2499089558916 69.2649627685543 70.280016581217 71.2950703938799 71.3557006835937 71.0981897989908 70.840678914388 70.5831680297852 70.3256571451823 70.0681462605795 69.8106353759766 69.9627109527585 71.3435459136962 72.7243808746336 74.1052158355711 75.4860507965087 76.8668857574461 78.2477207183836 79.6285556793213 80.2375007629395 80.5891492207846 80.9407976786297 81.2924461364747 81.6440945943198 81.9957430521649 82.3473915100099 82.2058502833054 80.5847400029504 78.9636297225957
61.2491463025405 62.8362839486857 64.4234215948311 66.0105592409763 67.5976968871216 69.184834533267 69.1613431612648 68.6009754498798 68.0406077384946 67.4802400271096 66.9198723157246 66.3595046043394 65.7991368929544 65.614332580566 66.556218465169 67.4981043497718 68.4399902343746 69.3818761189776 70.3237620035804 71.2656478881832 72.2075337727862 72.1303370157877 71.7134460449219 71.296555074056 70.8796641031901 70.4627731323243 70.0458821614584 69.6289911905925 69.6470695919458 70.9700561099581 72.2930426279702 73.6160291459823 74.9390156639946 76.2620021820067 77.5849887000188 78.9079752180311 79.4569765726726 79.747982872857 80.0389891730415 80.329995473226 80.6210017734105 80.912008073595 81.2030143737794 81.0110139846807 79.3699935277307 77.7289730707809
64.0615803082778 65.5019028875556 66.9422254668337 68.3825480461116 69.8228706253894 71.2631932046675 71.1746919631957 70.5765827814737 69.9784735997517 69.3803644180297 68.7822552363077 68.1841460545856 67.5860368728636 67.3352241516109 68.1263008117673 68.9173774719235 69.7084541320797 70.4995307922361 71.2906074523924 72.0816841125486 72.8727607727049 72.7681902567546 72.3650706821018 71.9619511074489 71.5588315327962 71.1557119581434 70.7525923834906 70.3494728088378 70.3537754906544 71.5803449418806 72.8069143931067 74.0334838443328 75.2600532955591 76.4866227467852 77.7131921980112 78.9397616492375 79.3931083043415 79.5887140274047 79.7843197504679 79.979925473531 80.1755311965942 80.3711369196574 80.5667426427205 80.2998800701569 78.6456126107112 76.9913451512658
67.035115528106 68.2312368710828 69.4273582140599 70.6234795570368 71.8196009000136 73.0157222429907 72.9044485092161 72.3573764165241 71.8103043238319 71.2632322311399 70.7161601384479 70.1690880457557 69.6220159530637 69.3523684183752 69.9149945576982 70.4776206970211 71.040246836344 71.6028729756671 72.16549911499 72.7281252543129 73.2907513936359 73.2692604064941 73.0530637105305 72.8368670145669 72.6206703186034 72.4044736226398 72.1882769266762 71.9720802307126 72.0828286488845 73.1744124094641 74.2659961700435 75.3575799306229 76.4491636912025 77.5407474517819 78.6323312123612 79.7239149729408 80.0458959579467 80.1113426844278 80.176789410909 80.2422361373901 80.3076828638712 80.3731295903524 80.4385763168335 80.0724485397343 78.4115972518923 76.7507459640506
