data/working_set_collections/6091692-Cassins_Sparrow-MC/1995/bio13.asc
NCOLS 265 
NROWS 230 
XLLCORNER -115.5625 
YLLCORNER 24.8333333333333 
CELLSIZE 0.0833333333333333 
NODATA_value -9999 
[rows 100 to 119 of 230, columns 138 to 183 of 265]
82.295922470093 81.9336238861086 81.5713253021242 81.2090267181399 81.210687828064 81.3336688359579 81.4566498438518 81.5796308517457 81.7026118596395 81.8255928675334 81.9485738754273 82.2523900985717 83.0987119674681 83.9450338363647 84.7913557052612 85.6376775741576 86.4839994430542 87.3303213119506 88.1766431808471 88.9504844665528 89.7001655578613 90.4498466491699 91.1995277404786 91.9492088317871 92.6988899230957 93.4485710144044 93.9060597737633 93.4869715372725 93.0678833007816 92.6487950642907 92.2297068277999 91.8106185913089 91.391530354818 90.9724421183272 90.9001159667971 90.9433771769208 90.9866383870445 91.0298995971681 91.0731608072918 91.1164220174155 91.1596832275392 91.3951065699259 92.2070163091022 93.0189260482787 93.830835787455 94.6427455266314
81.6924094729955 81.340448888143 80.9884883032907 80.6365277184382 80.6479682286581 80.7805424372356 80.913116645813 81.0456908543905 81.178265062968 81.3108392715454 81.4434134801229 81.74005824195 82.5289146635266 83.3177710851033 84.1066275066799 84.8954839282565 85.6843403498331 86.4731967714097 87.2620531929863 87.9746574401856 88.6618442959256 89.3490311516655 90.0362180074057 90.7234048631456 91.4105917188856 92.0977785746257 92.5085522121856 92.0900861952043 91.6716201782229 91.2531541612416 90.8346881442603 90.4162221272789 89.9977561102976 89.5792900933163 89.573624165853 89.7055582682293 89.8374923706056 89.9694264729819 90.1013605753582 90.2332946777344 90.3652287801108 90.7283862855698 91.7852140002778 92.842041714986 93.898869429694 94.9556971444021
80.6228587680395 80.3187105814618 80.0145623948841 79.7104142083064 79.728343264262 79.8536314010621 79.9789195378623 80.1042076746624 80.2294958114625 80.3547839482627 80.4800720850628 80.7499400880602 81.4535476896498 82.1571552912395 82.8607628928291 83.5643704944187 84.2679780960084 84.971585697598 85.6751932991876 86.3177947362266 86.9400607850818 87.562326833937 88.1845928827923 88.8068589316476 89.4291249805028 90.0513910293581 90.4280125935876 90.0677007039392 89.7073888142907 89.3470769246423 88.9867650349939 88.6264531453454 88.2661412556969 87.9058293660485 88.0352237701417 88.3278536054824 88.6204834408231 88.9131132761638 89.2057431115045 89.4983729468451 89.7910027821859 90.3108027988007 91.512113359239 92.7134239196775 93.9147344801158 95.1160450405541
79.087270355225 78.8684089660647 78.6495475769046 78.4306861877444 78.4518129348757 78.5529357274375 78.6540585199994 78.7551813125612 78.8563041051231 78.9574268976849 79.0585496902468 79.282035636902 79.8726110458375 80.4631864547731 81.0537618637087 81.6443372726442 82.2349126815798 82.8254880905154 83.4160634994509 83.9798963546756 84.5348150253299 85.0897336959842 85.6446523666385 86.1995710372928 86.7544897079471 87.3094083786015 87.6644409179693 87.4198150634771 87.1751892089848 86.9305633544926 86.6859375000005 86.4413116455082 86.196685791016 85.9520599365239 86.2849147796633 86.8102631886802 87.335611597697 87.860960006714 88.3863084157308 88.9116568247477 89.4370052337646 90.1423561096189 91.387714385986 92.6330726623533 93.8784309387204 95.1237892150875
77.5516819424102 77.4181073506676 77.2845327589249 77.1509581671823 77.1752826054893 77.2522400538128 77.3291975021364 77.40615495046 77.4831123987835 77.5600698471071 77.6370272954307 77.8141311857436 78.2916744020251 78.7692176183066 79.2467608345881 79.7243040508695 80.2018472671511 80.6793904834325 81.156933699714 81.6419979731244 82.1295692655778 82.6171405580311 83.1047118504845 83.5922831429378 84.0798544353911 84.5674257278446 84.9008692423507 84.7719294230147 84.6429896036788 84.5140497843428 84.3851099650069 84.2561701456709 84.127230326335 83.998290506999 84.5346057891847 85.2926727718777 86.0507397545708 86.808806737264 87.5668737199571 88.3249407026501 89.0830076853433 89.973909420437 91.2633154127329 92.5527214050291 93.842127397325 95.1315333896209
76.0160935295955 75.9678057352704 75.9195179409453 75.8712301466202 75.8987522761028 75.9515443801881 76.0043364842734 76.0571285883587 76.109920692444 76.1627127965293 76.2155049006146 76.3462267345853 76.7107377582127 77.0752487818401 77.4397598054675 77.8042708290949 78.1687818527223 78.5332928763497 78.8978038999771 79.3040995915733 79.7243235058257 80.144547420078 80.5647713343305 80.9849952485828 81.4052191628352 81.8254430770876 82.1372975667321 82.1240437825524 82.1107899983727 82.097536214193 82.0842824300133 82.0710286458336 82.0577748616539 82.0445210774742 82.7842967987061 83.7750823550754 84.7658679114446 85.7566534678141 86.7474390241834 87.7382245805526 88.7290101369221 89.8054627312551 91.1389164394799 92.4723701477049 93.8058238559296 95.1392775641543
74.4805051167808 74.5175041198733 74.5545031229657 74.5915021260581 74.6222219467165 74.6508487065635 74.6794754664105 74.7081022262576 74.7367289861046 74.7653557459516 74.7939825057986 74.8783222834271 75.1298011144004 75.3812799453738 75.6327587763471 75.8842376073204 76.1357164382938 76.3871952692671 76.6386741002404 76.9662012100223 77.3190777460737 77.6719542821252 78.0248308181766 78.3777073542281 78.7305838902795 79.083460426331 79.3737258911137 79.4761581420903 79.5785903930668 79.6810226440434 79.7834548950199 79.8858871459964 79.988319396973 80.0907516479495 81.0339878082276 82.2574919382731 83.4809960683185 84.7045001983642 85.9280043284097 87.1515084584552 88.3750125885008 89.6370160420733 91.0145174662268 92.3920188903806 93.7695203145342 95.1470217386878
72.9449167039661 73.0672025044761 73.1894883049861 73.311774105496 73.3456916173301 73.3501530329388 73.3546144485476 73.3590758641563 73.363537279765 73.3679986953737 73.3724601109825 73.4104178322688 73.548864470588 73.6873111089073 73.8257577472265 73.9642043855458 74.102651023865 74.2410976621842 74.3795443005035 74.6283028284712 74.9138319863216 75.1993611441721 75.4848903020226 75.7704194598731 76.0559486177235 76.3414777755741 76.6101542154951 76.8282725016279 77.0463907877607 77.2645090738935 77.4826273600263 77.7007456461591 77.9188639322919 78.1369822184247 79.283678817749 80.7399015214707 82.1961242251924 83.6523469289143 85.108569632636 86.5647923363576 88.0210150400796 89.4685693528914 90.8901184929738 92.3116676330564 93.7332167731388 95.1547659132212
71.8027771843805 72.0023409525554 72.2019047207303 72.4014684889052 72.4681006749472 72.4904223336114 72.5127439922757 72.53506565094 72.5573873096042 72.5797089682685 72.6020306269328 72.6346911536323 72.6983682844374 72.7620454152425 72.8257225460476 72.8893996768528 72.9530768076579 73.016753938463 73.0804310692681 73.2869162241618 73.5410040537516 73.7950918833414 74.0491797129313 74.3032675425211 74.557355372111 74.8114432017008 75.0800779766506 75.3923535876803 75.7046291987101 76.0169048097398 76.3291804207695 76.6414560317993 76.953731642829 77.2660072538587 78.5165374755856 80.0798192342119 81.6431009928381 83.2063827514646 84.7696645100908 86.332946268717 87.8962280273435 89.4248234854801 90.8493600421477 92.2738965988157 93.6984331554833 95.122969712151
71.0540865580241 71.3229194641114 71.5917523701986 71.8605852762858 71.9894491195679 72.0716566085816 72.1538640975953 72.2360715866089 72.3182790756226 72.4004865646362 72.4826940536499 72.5511422475179 72.5783125559489 72.6054828643799 72.6326531728109 72.6598234812419 72.6869937896729 72.7141640981039 72.7413344065349 72.9420413970947 73.2005939483642 73.4591464996338 73.7176990509033 73.9762516021729 74.2348041534424 74.4933567047119 74.7834971745809 75.1684014002481 75.5533056259155 75.9382098515828 76.32311407725 76.7080183029174 77.0929225285847 77.477826754252 78.732563781738 80.277245076497 81.821926371256 83.3666076660153 84.9112889607744 86.4559702555334 88.0006515502927 89.5057784398394 90.8922421137488 92.2787057876585 93.6651694615679 95.0516331354773
70.3053959316678 70.6434979756674 70.9816000196669 71.3197020636664 71.5107975641887 71.6528908835517 71.7949842029148 71.9370775222778 72.0791708416409 72.221264161004 72.363357480367 72.4675933414035 72.4582568274604 72.4489203135173 72.4395837995741 72.430247285631 72.4209107716879 72.4115742577447 72.4022377438016 72.5971665700277 72.8601838429769 73.1232011159261 73.3862183888753 73.6492356618245 73.9122529347737 74.175270207723 74.4869163725111 74.9444492128159 75.4019820531209 75.8595148934257 76.3170477337306 76.7745805740356 77.2321134143404 77.6896462546453 78.9485900878903 80.4746709187822 82.000751749674 83.5268325805661 85.052913411458 86.5789942423498 88.1050750732419 89.5867333941986 90.9351241853498 92.2835149765012 93.6319057676524 94.9802965588036
69.5567053053114 69.9640764872233 70.3714476691352 70.778818851047 71.0321460088094 71.2341251585219 71.4361043082343 71.6380834579468 71.8400626076592 72.0420417573717 72.2440209070841 72.3840444352892 72.3382010989719 72.2923577626546 72.2465144263374 72.2006710900201 72.1548277537028 72.1089844173856 72.0631410810683 72.2522917429606 72.5197737375895 72.7872557322184 73.0547377268473 73.3222197214762 73.5897017161051 73.857183710734 74.1903355704413 74.7204970253837 75.2506584803263 75.7808199352687 76.3109813902112 76.8411428451537 77.3713043000962 77.9014657550386 79.1646163940427 80.6720967610673 82.179577128092 83.6870574951169 85.1945378621416 86.7020182291662 88.2094985961911 89.6676883485579 90.9780062569508 92.288324165344 93.598642073737 94.9089599821299
68.8080146789551 69.2846549987793 69.7612953186035 70.2379356384277 70.5534944534302 70.815359433492 71.0772244135539 71.3390893936157 71.6009543736776 71.8628193537394 72.1246843338012 72.3004955291748 72.2181453704834 72.135795211792 72.0534450531006 71.9710948944092 71.8887447357178 71.8063945770264 71.724044418335 71.9074169158936 72.1793636322021 72.4513103485107 72.7232570648193 72.9952037811279 73.2671504974365 73.5390972137451 73.8937547683715 74.4965448379515 75.0993349075317 75.7021249771117 76.3049150466917 76.9077051162719 77.5104951858519 78.1132852554319 79.380642700195 80.8695226033525 82.35840250651 83.8472824096677 85.3361623128252 86.8250422159826 88.3139221191403 89.7486433029172 91.0208883285519 92.2931333541868 93.5653783798215 94.8376234054562
68.0593240525987 68.6052335103353 69.1511429680718 69.6970524258083 70.074842898051 70.3965937084622 70.7183445188734 71.0400953292847 71.3618461396959 71.6835969501071 72.0053477605183 72.2169466230605 72.098089641995 71.9792326609294 71.8603756798639 71.7415186987984 71.6226617177328 71.5038047366673 71.3849477556018 71.5625420888265 71.8389535268147 72.115364964803 72.3917764027914 72.6681878407796 72.9445992787679 73.2210107167562 73.5971739663017 74.2725926505193 74.948011334737 75.6234300189547 76.2988487031723 76.97426738739 77.6496860716076 78.3251047558253 79.5966690063474 81.0669484456376 82.5372278849279 84.0075073242185 85.4777867635088 86.948066202799 88.4183456420896 89.8295982572765 91.0637704001529 92.2979425430296 93.532114685906 94.7662868287825
67.1477997038099 67.7318239212036 68.3158481385973 68.8998723559909 69.3366543769837 69.7243556658427 70.1120569547017 70.4997582435608 70.8874595324198 71.2751608212789 71.6628621101379 71.9288795047337 71.8298452165392 71.7308109283448 71.6317766401503 71.5327423519559 71.4337080637614 71.334673775567 71.2356394873725 71.4208836873372 71.700887383355 71.9808910793727 72.2608947753906 72.5408984714084 72.8209021674261 73.100905863444 73.4846137788559 74.1794343524507 74.8742549260456 75.5690754996404 76.2638960732352 76.9587166468301 77.6535372204249 78.3483577940197 79.6199136098224 81.0837145063609 82.5475154028994 84.0113162994382 85.4751171959768 86.9389180925153 88.4027189890541 89.7958987553912 90.9772151311236 92.1585315068561 93.3398478825885 94.5211642583208
66.0734416325887 66.6644262313844 67.2554108301799 67.8463954289754 68.3389288902284 68.7986453056336 69.2583617210388 69.7180781364441 70.1777945518494 70.6375109672546 71.0972273826599 71.4362941741944 71.4134120941163 71.3905300140381 71.36764793396 71.3447658538819 71.3218837738037 71.2990016937256 71.2761196136475 71.4824417114257 71.7651652018228 72.04788869222 72.3306121826171 72.6133356730142 72.8960591634114 73.1787826538085 73.5560742060342 74.2170699437457 74.8780656814574 75.539061419169 76.2000571568805 76.8610528945922 77.5220486323038 78.1830443700153 79.4503765106199 80.9198207855221 82.3892650604244 83.8587093353269 85.3281536102292 86.7975978851314 88.267042160034 89.6475447972613 90.7612225214638 91.8749002456664 92.9885779698688 94.1022556940712
64.9990835613674 65.597028541565 66.1949735217624 66.7929185019599 67.341203403473 67.8729349454244 68.4046664873759 68.9363980293274 69.4681295712789 69.9998611132303 70.5315926551819 70.9437088436551 70.9969789716933 71.0502490997315 71.1035192277697 71.1567893558078 71.210059483846 71.2633296118842 71.3165997399224 71.5439997355143 71.8294430202907 72.1148863050672 72.4003295898437 72.6857728746201 72.9712161593966 73.2566594441731 73.6275346332125 74.2547055350408 74.8818764368692 75.5090473386975 76.1362182405258 76.7633891423542 77.3905600441825 78.0177309460109 79.2808394114174 80.7559270646834 82.2310147179494 83.7061023712156 85.1811900244816 86.6562776777475 88.1313653310138 89.4991908391314 90.5452299118039 91.5912689844766 92.6373080571491 93.6833471298215
63.9247254901462 64.5296308517456 65.134536213345 65.7394415749444 66.3434779167175 66.9472245852152 67.5509712537129 68.1547179222107 68.7584645907084 69.362211259206 69.9659579277038 70.4511235131158 70.5805458492703 70.7099681854248 70.8393905215793 70.9688128577338 71.0982351938883 71.2276575300428 71.3570798661973 71.6055577596028 71.8937208387586 72.1818839179144 72.4700469970702 72.758210076226 73.0463731553819 73.3345362345377 73.6989950603908 74.2923411263358 74.885687192281 75.479033258226 76.0723793241711 76.6657253901163 77.2590714560613 77.8524175220064 79.1113023122149 80.5920333438446 82.0727643754743 83.5534954071043 85.034226438734 86.5149574703636 87.9956885019936 89.3508368810016 90.3292373021441 91.3076377232868 92.2860381444293 93.2644385655719
62.850367418925 63.4622331619263 64.0740989049276 64.6859646479289 65.3457524299622 66.0215142250061 66.69727602005 67.373037815094 68.0487996101379 68.7245614051818 69.4003232002258 69.9585381825765 70.1641127268473 70.3696872711182 70.575261815389 70.7808363596598 70.9864109039306 71.1919854482015 71.3975599924723 71.6671157836913 71.9579986572265 72.2488815307616 72.5397644042968 72.830647277832 73.1215301513671 73.4124130249023 73.770455487569 74.3299767176309 74.8894979476928 75.4490191777546 76.0085404078164 76.5680616378783 77.1275828679402 77.687104098002 78.9417652130125 80.4281396230059 81.9145140329993 83.4008884429929 84.8872628529864 86.3736372629798 87.8600116729734 89.2024829228717 90.1132446924843 91.0240064620971 91.9347682317096 92.8455300013222
61.7760093477037 62.394835472107 63.0136615965102 63.6324877209133 64.3480269432068 65.0958038647969 65.843580786387 66.5913577079773 67.3391346295674 68.0869115511575 68.8346884727478 69.4659528520372 69.7476796044243 70.0294063568115 70.3111331091987 70.5928598615858 70.8745866139729 71.1563133663601 71.4380401187472 71.7286738077799 72.0222764756944 72.3158791436088 72.6094818115234 72.9030844794379 73.1966871473523 73.4902898152669 73.8419159147473 74.3676123089259 74.8933087031046 75.4190050972831 75.9447014914617 76.4703978856404 76.996094279819 77.5217906739975 78.77222811381 80.2642459021671 81.7562636905242 83.2482814788816 84.7402992672387 86.2323170555958 87.7243348439532 89.0541289647418 89.8972520828245 90.7403752009073 91.5834983189899 92.4266214370726
