data/working_set_collections/6091692-Cassins_Sparrow-MC/1995/bio18.asc
NCOLS 265 
NROWS 230 
XLLCORNER -115.5625 
YLLCORNER 24.8333333333333 
CELLSIZE 0.0833333333333333 
NODATA_value -9999 
[rows 40 to 59 of 230, columns 138 to 183 of 265]
195.547352600096 200.164945983886 204.782539367675 209.400132751464 213.739241027831 217.985520935058 222.231800842284 226.478080749511 230.724360656737 234.970640563964 239.216920471191 242.784891637166 244.317936579386 245.850981521606 247.384026463826 248.917071406046 250.450116348266 251.983161290486 253.516206232706 254.911554718017 256.261004384358 257.6104540507 258.959903717041 260.309353383382 261.658803049723 263.008252716064 264.25264561971 265.18186823527 266.11109085083 267.04031346639 267.96953608195 268.898758697509 269.827981313069 270.757203928629 269.835850524902 268.29763844808 266.759426371257 265.221214294434 263.683002217611 262.144790140788 260.606578063965 259.326079686483 258.818722407023 258.311365127564 257.804007848104 257.296650568644
195.195878261989 199.924131774902 204.652385287814 209.380638800726 213.81889292399 218.160480584038 222.502068244085 226.843655904133 231.185243564181 235.526831224228 239.868418884277 243.499278386434 244.997953414916 246.4966284434 247.995303471883 249.493978500366 250.992653528849 252.491328557332 253.990003585815 255.162430063883 256.226107025146 257.289783986409 258.353460947672 259.417137908935 260.480814870198 261.544491831462 262.697667355008 264.119338565402 265.541009775797 266.962680986192 268.384352196587 269.806023406982 271.227694617377 272.649365827772 271.611905415853 269.754734463162 267.897563510471 266.04039255778 264.183221605089 262.326050652399 260.468879699707 259.013763215807 258.764810138279 258.51585706075 258.266903983222 258.017950905694
195.532313919066 200.217352676391 204.902391433715 209.587430191039 213.961926905313 218.232909605237 222.503892305161 226.774875005086 231.045857705009 235.316840404933 239.587823104858 243.152983220418 244.600675582885 246.048367945353 247.49606030782 248.943752670288 250.391445032755 251.839137395223 253.28682975769 254.373236338298 255.339214324951 256.305192311605 257.271170298258 258.237148284912 259.203126271566 260.169104258219 261.311758168538 262.984439849853 264.657121531168 266.329803212484 268.002484893799 269.675166575114 271.347848256429 273.020529937744 272.09654973348 270.307015567356 268.517481401232 266.727947235108 264.938413068984 263.148878902859 261.359344736735 259.979545678033 259.828951941596 259.678358205159 259.527764468723 259.377170732286
196.556659571328 201.044608688354 205.532557805378 210.020506922403 214.168342971801 218.202807998656 222.237273025512 226.271738052368 230.306203079223 234.340668106078 238.375133132934 241.746006139119 243.126103083293 244.506200027466 245.886296971639 247.266393915812 248.646490859985 250.026587804159 251.406684748332 252.54397354126 253.600326283773 254.656679026286 255.713031768799 256.769384511312 257.825737253825 258.882089996338 260.094918060303 261.777172088623 263.459426116943 265.141680145264 266.823934173584 268.506188201904 270.188442230224 271.870696258545 271.289783477784 269.954481760661 268.619180043539 267.283878326416 265.948576609294 264.613274892171 263.277973175049 262.22342707316 262.011147816976 261.798868560791 261.586589304606 261.374310048421
197.581005223591 201.871864700317 206.162724177042 210.453583653767 214.374759038289 218.172706392075 221.970653745862 225.768601099649 229.566548453436 233.364495807223 237.16244316101 240.33902905782 241.651530583699 242.964032109578 244.276533635457 245.589035161336 246.901536687215 248.214038213094 249.526539738973 250.714710744222 251.861438242594 253.008165740967 254.154893239339 255.301620737712 256.448348236084 257.595075734456 258.878077952067 260.569904327392 262.261730702718 263.953557078043 265.645383453369 267.337209828695 269.02903620402 270.720862579345 270.483017222087 269.601947953966 268.720878685846 267.839809417725 266.958740149604 266.077670881483 265.196601613363 264.467308468289 264.193343692355 263.919378916422 263.645414140489 263.371449364556
198.605350875853 202.69912071228 206.792890548705 210.886660385131 214.581175104776 218.142604785495 221.704034466213 225.265464146931 228.82689382765 232.388323508368 235.949753189086 238.932051976522 240.176958084106 241.421864191691 242.666770299276 243.91167640686 245.156582514445 246.40148862203 247.646394729614 248.885447947184 250.122550201416 251.359652455648 252.59675470988 253.833856964111 255.070959218343 256.308061472575 257.661237843831 259.362636566162 261.064035288493 262.765434010823 264.466832733154 266.168231455485 267.869630177816 269.571028900146 269.67625096639 269.249414147271 268.822577328152 268.395740509033 267.968903689914 267.542066870795 267.115230051676 266.711189863417 266.375539567735 266.039889272054 265.704238976372 265.368588680691
199.629696528116 203.526376724242 207.423056920368 211.319737116495 214.787591171264 218.112503178914 221.437415186563 224.762327194213 228.087239201863 231.412151209513 234.737063217163 237.525074895223 238.702385584513 239.879696273804 241.057006963094 242.234317652384 243.411628341675 244.588939030965 245.766249720255 247.056185150147 248.383662160238 249.711139170329 251.03861618042 252.366093190511 253.693570200602 255.021047210693 256.444397735596 258.155368804931 259.866339874267 261.577310943603 263.288282012939 264.999253082275 266.710224151611 268.421195220947 268.869484710693 268.896880340576 268.924275970459 268.951671600342 268.979067230224 269.006462860107 269.03385848999 268.955071258545 268.557735443115 268.160399627685 267.763063812256 267.365727996826
200.654042180378 204.353632736205 208.053223292032 211.752813847859 214.994007237752 218.082401572333 221.170795906914 224.259190241495 227.347584576076 230.435978910657 233.524373245239 236.118097813924 237.22781308492 238.337528355916 239.447243626912 240.556958897908 241.666674168905 242.776389439901 243.886104710897 245.226922353109 246.644774119059 248.06262588501 249.48047765096 250.898329416911 252.316181182861 253.734032948812 255.22755762736 256.948101043701 258.668644460042 260.389187876383 262.109731292724 263.830274709066 265.550818125407 267.271361541748 268.062718454997 268.544346533881 269.025974612766 269.50760269165 269.989230770535 270.470858849419 270.952486928304 271.198952653673 270.739931318495 270.280909983317 269.821888648139 269.362867312961
202.758215162488 206.246737162271 209.735259162054 213.223781161837 216.269373957315 219.167323684691 222.065273412068 224.963223139444 227.86117286682 230.759122594197 233.657072321573 236.100658162434 237.18115234375 238.261646525065 239.34214070638 240.422634887695 241.50312906901 242.583623250325 243.66411743164 245.029716364542 246.49035021464 247.950984064737 249.411617914835 250.872251764933 252.33288561503 253.793519465128 255.301761457655 256.952827877468 258.603894297281 260.254960717095 261.906027136908 263.557093556722 265.208159976535 266.859226396348 267.867751820882 268.662096913655 269.456442006429 270.250787099202 271.045132191976 271.839477284749 272.633822377523 273.109749348958 272.63042195638 272.151094563802 271.671767171224 271.192439778646
205.942215474445 209.20569000244 212.469164530435 215.73263905843 218.613691329955 221.36726951599 224.120847702025 226.874425888061 229.628004074096 232.381582260131 235.135160446166 237.472755940755 238.562403361002 239.65205078125 240.741698201497 241.831345621744 242.920993041992 244.010640462239 245.100287882486 246.464567184448 247.92039044698 249.376213709513 250.832036972045 252.287860234578 253.74368349711 255.199506759643 256.667009226481 258.169549306233 259.672089385986 261.174629465738 262.677169545491 264.179709625244 265.682249704996 267.184789784749 268.284584808349 269.250131479899 270.215678151448 271.181224822998 272.146771494547 273.112318166097 274.077864837646 274.687461344401 274.229207356771 273.77095336914 273.31269938151 272.85444539388
209.126215786403 212.16464284261 215.203069898816 218.241496955023 220.958008702595 223.567215347289 226.176421991983 228.785628636677 231.394835281371 234.004041926065 236.613248570759 238.844853719075 239.943654378255 241.042455037434 242.141255696614 243.240056355794 244.338857014974 245.437657674153 246.536458333333 247.899418004353 249.350430679321 250.801443354288 252.252456029256 253.703468704223 255.15448137919 256.605494054158 258.032256995307 259.386270734998 260.74028447469 262.094298214382 263.448311954074 264.802325693766 266.156339433458 267.51035317315 268.701417795817 269.838166046142 270.974914296468 272.111662546793 273.248410797119 274.385159047444 275.52190729777 276.265173339844 275.827992757161 275.390812174479 274.953631591797 274.516451009114
212.31021609836 215.123595682779 217.936975267197 220.750354851616 223.302326075235 225.767161178588 228.231996281941 230.696831385294 233.161666488647 235.626501591999 238.091336695353 240.216951497395 241.324905395507 242.432859293619 243.540813191731 244.648767089843 245.756720987955 246.864674886067 247.972628784179 249.334268824259 250.780470911661 252.226672999064 253.672875086466 255.119077173868 256.565279261271 258.011481348673 259.397504764133 260.602992163764 261.808479563395 263.013966963026 264.219454362657 265.424941762288 266.630429161919 267.83591656155 269.118250783284 270.426200612386 271.734150441487 273.042100270589 274.35005009969 275.657999928792 276.965949757893 277.842885335286 277.426778157552 277.010670979818 276.594563802083 276.178456624349
215.494216410318 218.082548522948 220.670880635578 223.259212748208 225.646643447875 227.967107009887 230.287570571898 232.60803413391 234.928497695922 237.248961257934 239.569424819946 241.589049275716 242.70615641276 243.823263549804 244.940370686848 246.057477823893 247.174584960937 248.291692097981 249.408799235025 250.769119644165 252.210511144002 253.651902643839 255.093294143676 256.534685643513 257.976077143351 259.417468643188 260.762752532959 261.819713592529 262.876674652099 263.93363571167 264.99059677124 266.04755783081 267.104518890381 268.161479949951 269.535083770752 271.014235178629 272.493386586507 273.972537994384 275.451689402262 276.930840810139 278.409992218017 279.420597330729 279.025563557943 278.630529785156 278.23549601237 277.840462239583
218.678216722275 221.041501363118 223.40478600396 225.768070644801 227.990960820515 230.167052841186 232.343144861856 234.519236882527 236.695328903197 238.871420923868 241.047512944539 242.961147054036 244.087407430012 245.213667805989 246.339928181966 247.466188557942 248.592448933919 249.718709309895 250.844969685872 252.20397046407 253.640551376342 255.077132288614 256.513713200887 257.950294113159 259.386875025431 260.823455937703 262.128000301785 263.036435021294 263.944869740804 264.853304460313 265.761739179823 266.670173899332 267.578608618842 268.487043338351 269.951916758219 271.602269744873 273.252622731526 274.90297571818 276.553328704833 278.203681691487 279.854034678141 280.998309326172 280.624348958333 280.250388590495 279.876428222656 279.502467854818
220.690762880113 222.87676633199 225.062769783867 227.248773235744 229.37248764038 231.475439029269 233.578390418158 235.681341807047 237.784293195936 239.887244584825 241.990195973714 243.863611475626 245.048419316609 246.233227157593 247.418034998575 248.602842839558 249.787650680542 250.972458521525 252.157266362508 253.526262156168 254.956653934054 256.387045711941 257.817437489827 259.247829267713 260.678221045599 262.108612823486 263.379601626926 264.172381507025 264.965161387125 265.757941267225 266.550721147325 267.343501027425 268.136280907525 268.929060787625 270.445742797851 272.20372551812 273.961708238389 275.719690958658 277.477673678927 279.235656399196 280.993639119466 282.244554392497 281.974267323812 281.703980255127 281.433693186442 281.163406117757
221.531854883829 223.588343429565 225.644831975301 227.701320521036 229.79122390747 231.892265574137 233.993307240803 236.09434890747 238.195390574137 240.296432240803 242.39747390747 244.296442540486 245.58919207255 246.881941604614 248.174691136678 249.467440668741 250.760190200805 252.052939732869 253.345689264933 254.735994720459 256.158818817138 257.581642913818 259.004467010498 260.427291107177 261.850115203857 263.272939300537 264.517556508382 265.227553049723 265.937549591064 266.647546132405 267.357542673746 268.067539215088 268.777535756429 269.48753229777 271.016561889648 272.818602498372 274.620643107096 276.42268371582 278.224724324544 280.026764933268 281.828805541992 283.159332529704 283.075318654378 282.991304779053 282.907290903727 282.823277028401
222.372946887545 224.29992052714 226.226894166734 228.153867806328 230.20996017456 232.309092119004 234.408224063449 236.507356007893 238.606487952338 240.705619896782 242.804751841227 244.729273605346 246.129964828491 247.530656051635 248.93134727478 250.332038497924 251.732729721069 253.133420944213 254.534112167358 255.945727284749 257.360983700222 258.776240115695 260.191496531168 261.606752946641 263.022009362114 264.437265777587 265.655511389838 266.28272459242 266.909937795003 267.537150997585 268.164364200168 268.79157740275 269.418790605333 270.046003807915 271.587380981445 273.433479478624 275.279577975802 277.125676472981 278.97177497016 280.817873467339 282.663971964518 284.074110666911 284.176369984944 284.278629302978 284.380888621012 284.483147939046
223.214038891262 225.011497624715 226.808956358167 228.60641509162 230.62869644165 232.725918663872 234.823140886094 236.920363108317 239.017585330539 241.114807552761 243.212029774983 245.162104670206 246.670737584431 248.179370498657 249.688003412882 251.196636327107 252.705269241333 254.213902155558 255.722535069783 257.155459849039 258.563148583306 259.970837317572 261.378526051839 262.786214786105 264.193903520372 265.601592254638 266.793466271294 267.337896135118 267.882325998942 268.426755862766 268.971185726589 269.515615590413 270.060045454237 270.604475318061 272.158200073242 274.048356458875 275.938512844509 277.828669230143 279.718825615776 281.60898200141 283.499138387044 284.988888804118 285.277421315511 285.565953826904 285.854486338297 286.14301884969
224.055130894978 225.72307472229 227.391018549601 229.058962376912 231.04743270874 233.14274520874 235.23805770874 237.33337020874 239.42868270874 241.52399520874 243.61930770874 245.594935735066 247.211510340372 248.828084945678 250.444659550984 252.06123415629 253.677808761596 255.294383366902 256.910957972208 258.36519241333 259.765313466389 261.165434519449 262.565555572509 263.965676625569 265.365797678629 266.765918731689 267.93142115275 268.393067677815 268.854714202881 269.316360727946 269.778007253011 270.239653778076 270.701300303141 271.162946828206 272.729019165039 274.663233439127 276.597447713216 278.531661987304 280.465876261393 282.400090535481 284.33430480957 285.903666941325 286.378472646077 286.85327835083 287.328084055582 287.802889760335
224.896222898695 226.434651819865 227.973080741034 229.511509662204 231.46616897583 233.559571753607 235.652974531385 237.746377309163 239.839780086941 241.933182864718 244.026585642496 246.027766799926 247.752283096313 249.4767993927 251.201315689086 252.925831985473 254.65034828186 256.374864578247 258.099380874633 259.57492497762 260.967478349473 262.360031721326 263.75258509318 265.145138465033 266.537691836886 267.93024520874 269.069376034207 269.448239220513 269.827102406819 270.205965593126 270.584828779432 270.963691965739 271.342555152045 271.721418338352 273.299838256835 275.278110419379 277.256382581922 279.234654744466 281.212926907009 283.191199069552 285.169471232096 286.818445078532 287.479523976644 288.140602874756 288.801681772867 289.462760670979
