data/working_set_collections/6091692-Cassins_Sparrow-MC/1995/bio12.asc
NCOLS 265 
NROWS 230 
XLLCORNER -115.5625 
YLLCORNER 24.8333333333333 
CELLSIZE 0.0833333333333333 
NODATA_value -9999 
[rows 20 to 39 of 230, columns 138 to 183 of 265]
455.026487562391 458.066309611002 461.106131659613 464.145953708224 469.568927510579 475.786285230848 482.003642951116 488.221000671386 494.438358391655 500.655716111924 506.873073832193 512.613158331977 516.921423170301 521.229688008626 525.537952846951 529.846217685275 534.1544825236 538.462747361925 542.771012200249 546.006386311849 548.884130181207 551.761874050564 554.639617919922 557.51736178928 560.395105658637 563.272849527995 565.748679945204 567.018770005968 568.288860066732 569.558950127496 570.82904018826 572.099130249024 573.369220309788 574.639310370552 577.643284098308 581.225219048394 584.807153998481 588.389088948568 591.971023898654 595.552958848741 599.134893798828 603.601232231987 610.720781114365 617.840329996744 624.959878879122 632.0794277615
453.095436265733 455.967186482747 458.838936699761 461.710686916775 466.979711405435 473.047827317979 479.115943230522 485.184059143066 491.252175055609 497.320290968152 503.388406880696 508.947284783257 512.97844865587 517.009612528483 521.040776401096 525.071940273708 529.103104146322 533.134268018934 537.165431891547 540.35883585612 543.272986518012 546.187137179904 549.101287841797 552.015438503689 554.929589165581 557.843739827474 560.307834540474 561.421761406793 562.535688273112 563.649615139432 564.763542005751 565.877468872071 566.99139573839 568.10532260471 571.329774983724 575.25773586697 579.185696750216 583.113657633464 587.04161851671 590.969579399956 594.897540283203 599.640190294053 606.826907687715 614.01362508138 621.200342475042 628.387059868705
451.164384969075 453.868063354492 456.571741739909 459.275420125325 464.390495300292 470.30936940511 476.228243509927 482.147117614746 488.065991719563 493.98486582438 499.903739929199 505.281411234538 509.035474141438 512.78953704834 516.543599955241 520.297662862142 524.051725769043 527.805788675944 531.559851582845 534.711285400391 537.661842854818 540.612400309245 543.562957763672 546.513515218099 549.464072672526 552.414630126954 554.866989135743 555.824752807618 556.782516479493 557.740280151368 558.698043823243 559.655807495118 560.613571166993 561.571334838868 565.016265869141 569.290252685547 573.564239501953 577.83822631836 582.112213134766 586.386199951171 590.660186767578 595.679148356119 602.933034261066 610.186920166015 617.440806070962 624.69469197591
449.233333672417 451.768940226237 454.304546780056 456.840153333875 461.801279195149 467.570911492241 473.340543789333 479.110176086425 484.879808383517 490.649440680609 496.419072977701 501.615537685818 505.092499627007 508.569461568197 512.046423509386 515.523385450575 519.000347391765 522.477309332954 525.954271274143 529.063734944662 532.050699191623 535.037663438585 538.024627685547 541.011591932509 543.99855617947 546.985520426433 549.426143731012 550.227744208442 551.029344685873 551.830945163304 552.632545640734 553.434146118165 554.235746595595 555.037347073026 558.702756754557 563.322769504123 567.942782253689 572.562795003255 577.182807752821 581.802820502386 586.422833251953 591.718106418185 599.039160834417 606.36021525065 613.681269666882 621.002324083115
449.395378875731 451.991813405354 454.588247934976 457.184682464598 462.099577331542 467.787292310925 473.475007290308 479.162722269693 484.850437249076 490.538152228459 496.225867207844 501.261408487955 504.340428670246 507.419448852538 510.49846903483 513.577489217121 516.656509399413 519.735529581705 522.814549763997 525.823166402181 528.808315192328 531.793463982475 534.778612772623 537.763761562771 540.748910352918 543.734059143066 546.124233839247 546.729486253526 547.334738667806 547.939991082085 548.545243496365 549.150495910645 549.755748324924 550.361000739204 554.030817667643 558.722156100802 563.413494533962 568.104832967122 572.796171400281 577.487509833441 582.178848266601 587.489301384819 594.657098558213 601.824895731608 608.992692905001 616.160490078395
451.650520579019 454.536682891845 457.42284520467 460.309007517495 465.285389709471 470.958511861164 476.631634012856 482.304756164549 487.977878316242 493.651000467934 499.324122619627 504.21902364095 506.779261271158 509.339498901366 511.899736531575 514.459974161783 517.020211791992 519.5804494222 522.140687052408 524.989579772949 527.934690856933 530.879801940917 533.824913024902 536.770024108886 539.71513519287 542.660246276855 544.961259460449 545.329978942871 545.698698425293 546.067417907715 546.436137390137 546.804856872559 547.173576354981 547.542295837403 551.000448608398 555.488412475585 559.976376342773 564.464340209961 568.952304077148 573.440267944335 577.928231811523 582.992733256021 589.786847432453 596.580961608886 603.375075785318 610.16918996175
453.905662282307 457.081552378336 460.257442474364 463.433332570393 468.471202087401 474.129731411402 479.788260735404 485.446790059406 491.105319383408 496.763848707409 502.422378031411 507.176638793944 509.218093872069 511.259548950195 513.30100402832 515.342459106445 517.38391418457 519.425369262695 521.46682434082 524.155993143717 527.061066521538 529.966139899359 532.871213277181 535.776286655002 538.681360032823 541.586433410644 543.798285081652 543.930471632216 544.06265818278 544.194844733344 544.327031283909 544.459217834473 544.591404385037 544.723590935601 547.970079549153 552.254668850368 556.539258151583 560.823847452799 565.108436754014 569.393026055229 573.677615356445 578.496165127224 584.916596306694 591.337027486165 597.757458665635 604.177889845105
456.160803985594 459.626421864827 463.092039744058 466.55765762329 471.657014465331 477.300950961641 482.944887457952 488.588823954263 494.232760450573 499.876696946884 505.520633443195 510.134253946939 511.656926472981 513.179598999023 514.702271525065 516.224944051106 517.747616577148 519.27028910319 520.792961629231 523.322406514485 526.187442186143 529.052477857801 531.917513529459 534.782549201117 537.647584872775 540.512620544433 542.635310702854 542.530964321561 542.426617940267 542.322271558974 542.21792517768 542.113578796387 542.009232415094 541.9048860338 544.939710489909 549.020925225151 553.102139960394 557.183354695638 561.264569430881 565.345784166123 569.426998901367 573.999596998426 580.046345180934 586.093093363444 592.139841545952 598.18658972846
458.415945688882 462.171291351317 465.926637013752 469.681982676187 474.84282684326 480.47217051188 486.101514180499 491.73085784912 497.360201517739 502.989545186358 508.618888854979 513.091869099934 514.095759073893 515.099649047851 516.103539021809 517.107428995768 518.111318969726 519.115208943685 520.119098917643 522.488819885254 525.313817850748 528.138815816243 530.963813781738 533.788811747233 536.613809712727 539.438807678222 541.472336324056 541.131457010905 540.790577697754 540.449698384603 540.108819071452 539.767939758301 539.42706044515 539.086181131999 541.909341430664 545.787181599935 549.665021769205 553.542861938477 557.420702107747 561.298542277018 565.176382446289 569.503028869628 575.176094055175 580.849159240723 586.522224426269 592.195289611816
460.67108739217 464.716160837808 468.761234283446 472.806307729084 478.02863922119 483.643390062118 489.258140903047 494.872891743976 500.487642584905 506.102393425833 511.717144266763 516.049484252929 516.534591674804 517.019699096679 517.504806518554 517.989913940429 518.475021362304 518.96012878418 519.445236206055 521.655233256022 524.440193515353 527.225153774685 530.010114034017 532.795074293348 535.58003455268 538.364994812011 540.309361945259 539.73194970025 539.154537455241 538.577125210233 537.999712965224 537.422300720215 536.844888475207 536.267476230198 538.878972371419 542.553437974718 546.227903578016 549.902369181315 553.576834784613 557.251300387912 560.925765991211 565.00646074083 570.305842929415 575.605225118001 580.904607306586 586.203989495171
463.195416429306 467.206239318847 471.217062208386 475.227885097926 480.460220336913 486.099726359048 491.739232381183 497.378738403319 503.018244425454 508.657750447589 514.297256469725 518.582188076443 518.803396436903 519.024604797363 519.245813157823 519.467021518283 519.688229878743 519.909438239203 520.130646599663 522.337894185383 525.20715484619 528.076415506998 530.945676167805 533.814936828612 536.684197489419 539.553458150227 541.502700636122 540.691888597276 539.881076558431 539.070264519585 538.25945248074 537.448640441894 536.637828403049 535.827016364204 538.195874532063 541.624622768825 545.053371005587 548.48211924235 551.910867479112 555.339615715874 558.768363952636 562.557003445094 567.425316704643 572.293629964192 577.16194322374 582.030256483289
465.988932800291 469.641526794433 473.294120788573 476.946714782714 482.137570190428 487.841179402668 493.544788614907 499.248397827147 504.952007039386 510.655616251626 516.359225463866 520.689980570475 520.902173360188 521.114366149902 521.326558939616 521.538751729329 521.750944519043 521.963137308756 522.17533009847 524.536802673339 527.614701843261 530.692601013182 533.770500183105 536.848399353026 539.926298522948 543.00419769287 545.052352396647 544.011273701985 542.970195007324 541.929116312662 540.888037618001 539.84695892334 538.805880228678 537.764801534017 539.860047912597 543.000735982258 546.14142405192 549.282112121581 552.422800191243 555.563488260904 558.704176330566 562.154656982421 566.534515380858 570.914373779296 575.294232177734 579.674090576171
468.782449171277 472.076814270019 475.37117936876 478.665544467501 483.814920043944 489.582632446288 495.350344848631 501.118057250975 506.885769653319 512.653482055662 518.421194458007 522.797773064507 523.000950283474 523.204127502441 523.407304721408 523.610481940375 523.813659159342 524.016836378309 524.220013597276 526.735711161295 530.022248840331 533.308786519367 536.595324198404 539.88186187744 543.168399556477 546.454937235513 548.602004157172 547.330658806695 546.059313456217 544.78796810574 543.516622755263 542.245277404785 540.973932054308 539.70258670383 541.524221293131 544.376849195691 547.229477098252 550.082105000813 552.934732903374 555.787360805935 558.639988708496 561.752310519748 565.643714057074 569.535117594401 573.426521131727 577.317924669053
471.575965542262 474.512101745605 477.448237948947 480.384374152289 485.49226989746 491.324085489907 497.155901082355 502.987716674803 508.819532267251 514.651347859699 520.483163452147 524.905565558539 525.09972720676 525.29388885498 525.488050503201 525.682212151421 525.876373799642 526.070535447862 526.264697096083 528.93461964925 532.429795837401 535.924972025552 539.420148213703 542.915324401854 546.410500590005 549.905676778156 552.151655917697 550.650043911404 549.148431905111 547.646819898817 546.145207892524 544.64359588623 543.141983879937 541.640371873644 543.188394673665 545.752962409125 548.317530144585 550.882097880045 553.446665615505 556.011233350965 558.575801086425 561.349964057074 564.752912733289 568.155861409505 571.55881008572 574.961758761935
474.369481913248 476.947389221191 479.525296529133 482.103203837076 487.169619750975 493.065538533527 498.961457316079 504.857376098631 510.753294881183 516.649213663735 522.545132446288 527.013358052571 527.198504130045 527.383650207519 527.568796284993 527.753942362467 527.939088439941 528.124234517415 528.309380594889 531.133528137206 534.837342834471 538.541157531737 542.244972229003 545.948786926268 549.652601623534 553.3564163208 555.701307678223 553.969429016113 552.237550354004 550.505671691894 548.773793029785 547.041914367676 545.310035705566 543.578157043457 544.852568054199 547.129075622558 549.405583190917 551.682090759277 553.958598327636 556.235105895995 558.511613464355 560.9476175944 563.862111409505 566.776605224609 569.691099039713 572.605592854817
477.162998284233 479.382676696777 481.60235510932 483.822033521863 488.846969604491 494.806991577147 500.767013549803 506.72703552246 512.687057495116 518.647079467771 524.607101440428 529.121150546603 529.297281053331 529.473411560058 529.649542066786 529.825672573513 530.00180308024 530.177933586968 530.354064093695 533.332436625162 537.244889831542 541.157343037922 545.069796244302 548.982249450682 552.894702657062 556.807155863443 559.250959438748 557.288814120823 555.326668802897 553.364523484972 551.402378167047 549.440232849121 547.478087531196 545.515942213271 546.516741434733 548.505188835991 550.49363623725 552.482083638509 554.470531039767 556.458978441026 558.447425842285 560.545271131727 562.97131008572 565.397349039713 567.823387993706 570.249426947699
478.529961734347 479.828016408284 481.126071082221 482.424125756158 487.242546844482 493.234423404269 499.226299964056 505.218176523844 511.210053083631 517.201929643418 523.193806203206 527.784095425076 528.169622633193 528.555149841309 528.940677049425 529.326204257541 529.711731465658 530.097258673774 530.48278588189 533.43365834554 537.239645894368 541.045633443196 544.851620992024 548.657608540852 552.46359608968 556.269583638509 558.714144558378 557.074425591364 555.43470662435 553.794987657336 552.155268690322 550.515549723308 548.875830756294 547.23611178928 548.120893859863 549.847176276312 551.573458692762 553.299741109212 555.026023525661 556.752305942111 558.478588358561 560.370472547742 562.759162055121 565.1478515625 567.536541069878 569.925230577256
478.470372263591 478.283408355713 478.096444447836 477.909480539959 482.356351470947 488.347834014892 494.339316558837 500.330799102783 506.322281646728 512.313764190673 518.305246734619 523.002192687989 523.815528869629 524.62886505127 525.44220123291 526.255537414551 527.068873596192 527.882209777832 528.695545959473 531.43719329834 534.821611022949 538.206028747558 541.590446472168 544.974864196777 548.359281921386 551.743699645996 554.09086303711 553.326263427735 552.56166381836 551.797064208985 551.03246459961 550.267864990235 549.50326538086 548.738665771484 549.665025329589 551.155037943522 552.645050557454 554.135063171386 555.625075785319 557.115088399251 558.605101013183 560.423221842447 563.225667317707 566.028112792968 568.830558268228 571.633003743489
478.410782792834 476.738800303142 475.06681781345 473.394835323759 477.470156097412 483.461244625515 489.452333153618 495.443421681722 501.434510209825 507.425598737928 513.416687266032 518.220289950901 519.461435106066 520.702580261231 521.943725416396 523.18487057156 524.426015726725 525.66716088189 526.908306037055 529.440728251139 532.40357615153 535.36642405192 538.329271952311 541.292119852702 544.254967753092 547.217815653483 549.467581515843 549.578101264106 549.68862101237 549.799140760634 549.909660508898 550.020180257161 550.130700005425 550.241219753689 551.209156799316 552.462899610731 553.716642422146 554.970385233561 556.224128044976 557.477870856391 558.731613667806 560.475971137152 563.692172580294 566.908374023437 570.124575466579 573.340776909721
478.351193322077 475.19419225057 472.037191179065 468.880190107559 472.583960723877 478.574655236137 484.565349748398 490.55604426066 496.546738772921 502.537433285182 508.528127797444 513.438387213813 515.107341342502 516.776295471191 518.445249599881 520.11420372857 521.783157857259 523.452111985948 525.121066114637 527.444263203939 529.98554128011 532.526819356282 535.068097432454 537.609375508626 540.150653584798 542.69193166097 544.844299994575 545.829939100478 546.81557820638 547.801217312283 548.786856418186 549.772495524088 550.758134629991 551.743773735894 552.753288269043 553.77076127794 554.788234286838 555.805707295735 556.823180304633 557.840653313531 558.858126322428 560.528720431857 564.158677842881 567.788635253906 571.41859266493 575.048550075954
