data/working_set_collections/6091692-Cassins_Sparrow-MC/1995/bio12.asc
NCOLS 265 
NROWS 230 
XLLCORNER -115.5625 
YLLCORNER 24.8333333333333 
CELLSIZE 0.0833333333333333 
NODATA_value -9999 
[rows 100 to 119 of 230, columns 184 to 229 of 265]
696.897196960447 704.393618265785 711.890039571123 720.76220397949 730.092949422198 739.423694864906 748.754440307615 758.085185750323 767.415931193031 776.74667663574 786.246048482256 796.251299540198 806.256550598142 816.261801656085 826.267052714027 836.272303771971 846.277554829913 856.282805887855 862.492123413085 867.436129760741 872.380136108397 877.324142456054 882.26814880371 887.212155151366 892.156161499023 897.671528116861 904.900975545246 912.130422973632 919.359870402017 926.589317830402 933.818765258788 941.048212687173 948.277660115558 958.359469604491 969.392066446938 980.424663289385 991.457260131835 1002.48985697428 1013.52245381673 1024.55505065918 1035.33345336914 1045.34927368164 1055.36509399414 1065.38091430664 1075.39673461914 1085.41255493164
700.573532613117 708.284682379826 715.995832146536 724.863072713214 734.11567687988 743.368281046546 752.620885213214 761.87348937988 771.126093546546 780.378697713214 789.656710984969 799.010951571991 808.365192159015 817.719432746037 827.073673333059 836.427913920083 845.782154507105 855.136395094127 860.920726521809 865.515088229709 870.109449937608 874.703811645507 879.298173353407 883.892535061306 888.486896769206 893.776079305012 901.149724324543 908.523369344075 915.897014363606 923.270659383136 930.644304402668 938.017949422199 945.39159444173 955.551264444985 966.639609442815 977.727954440644 988.816299438475 999.904644436304 1010.99298943413 1022.08133443196 1032.91272989909 1042.97327677409 1053.03382364909 1063.09437052409 1073.15491739909 1083.21546427409
703.402526855467 711.359992133245 719.317457411022 728.176411946613 737.335862901473 746.495313856334 755.654764811196 764.814215766057 773.973666720917 783.133117675779 792.220936075844 801.093856811521 809.966777547199 818.839698282876 827.712619018552 836.58553975423 845.458460489907 854.331381225584 859.789190165201 864.10862850613 868.428066847058 872.747505187988 877.066943528916 881.386381869845 885.705820210774 890.825473700628 898.345772637259 905.866071573892 913.386370510524 920.906669447155 928.426968383788 935.94726732042 943.467566257051 953.78772532145 965.041171095104 976.294616868758 987.548062642413 998.801508416067 1010.05495418972 1021.30839996338 1032.32515462239 1042.6318359375 1052.9385172526 1063.24519856771 1073.55187988281 1083.85856119791
705.384179687498 713.61954752604 721.854915364581 730.702221679686 739.753507486977 748.804793294268 757.856079101561 766.907364908852 775.958650716143 785.009936523436 793.938723754881 802.500015258786 811.061306762694 819.622598266599 828.183889770505 836.745181274413 845.306472778318 853.867764282224 859.097514343261 863.216750590006 867.33598683675 871.455223083496 875.57445933024 879.693695576985 883.81293182373 888.81971130371 896.489120483397 904.158529663085 911.827938842772 919.497348022459 927.166757202147 934.836166381835 942.505575561521 953.068852233885 964.596751403806 976.124650573727 987.65254974365 999.180448913572 1010.70834808349 1022.23624725342 1033.57072753906 1044.32495117187 1055.07917480469 1065.8333984375 1076.58762207031 1087.34184570312
707.36583251953 715.879102918835 724.39237331814 733.228031412758 742.17115207248 751.114272732202 760.057393391925 769.000514051647 777.943634711369 786.886755371092 795.656511433917 803.906173706052 812.155835978189 820.405498250324 828.655160522459 836.904822794595 845.15448506673 853.404147338865 858.405838521321 862.324872673882 866.243906826442 870.162940979003 874.081975131564 878.001009284125 881.920043436686 886.813948906791 894.632468329534 902.450987752278 910.26950717502 918.088026597763 925.906546020507 933.725065443249 941.543584865992 952.34997914632 964.152331712508 975.954684278697 987.757036844887 999.559389411076 1011.36174197726 1023.16409454345 1034.81630045573 1046.01806640625 1057.21983235677 1068.42159830729 1079.62336425781 1090.82513020833
709.347485351561 718.13865831163 726.929831271699 735.753841145832 744.588796657984 753.423752170136 762.25870768229 771.093663194442 779.928618706594 788.763574218748 797.374299112954 805.312332153318 813.250365193683 821.188398234048 829.126431274412 837.064464314777 845.002497355141 852.940530395506 857.714162699381 861.432994757757 865.151826816134 868.870658874511 872.589490932888 876.308322991264 880.027155049642 884.808186509872 892.775816175671 900.74344584147 908.711075507268 916.678705173067 924.646334838866 932.613964504664 940.581594170462 951.631106058754 963.70791202121 975.784717983666 987.861523946124 999.93832990858 1012.01513587104 1024.09194183349 1036.06187337239 1047.71118164062 1059.36048990885 1071.00979817708 1082.65910644531 1094.30841471354
711.329138183592 720.398213704425 729.467289225257 738.279650878904 747.006441243487 755.73323160807 764.460021972654 773.186812337237 781.91360270182 790.640393066404 799.09208679199 806.718490600584 814.344894409178 821.971298217772 829.597702026365 837.22410583496 844.850509643553 852.476913452146 857.022486877441 860.541116841633 864.059746805826 867.578376770019 871.097006734212 874.615636698404 878.134266662597 882.802424112954 890.919164021808 899.035903930663 907.152643839517 915.26938374837 923.386123657225 931.502863566079 939.619603474933 950.91223297119 963.263492329913 975.614751688636 987.966011047361 1000.31727040608 1012.66852976481 1025.01978912353 1037.30744628906 1049.404296875 1061.50114746094 1073.59799804687 1085.69484863281 1097.79169921875
713.310791015623 722.65776909722 732.004747178816 740.805460611977 749.424085828991 758.042711046004 766.661336263019 775.279961480032 783.898586697046 792.517211914061 800.809874471027 808.124649047849 815.439423624673 822.754198201496 830.068972778318 837.383747355142 844.698521931964 852.013296508787 856.330811055501 859.649238925509 862.967666795518 866.286094665527 869.604522535535 872.922950405544 876.241378275553 880.796661716036 889.062511867945 897.328362019856 905.594212171765 913.860062323674 922.125912475585 930.391762627494 938.657612779403 950.193359883624 962.819072638615 975.444785393605 988.070498148598 1000.69621090359 1013.32192365858 1025.94763641357 1038.55301920573 1051.09741210937 1063.64180501302 1076.18619791666 1088.73059082031 1101.27498372396
712.999163309732 722.509698655868 732.020234002005 740.785868835448 749.303203497991 757.820538160534 766.337872823078 774.855207485621 783.372542148164 791.889876810709 800.065811157225 807.217544555662 814.369277954101 821.521011352538 828.672744750975 835.824478149413 842.97621154785 850.127944946287 854.276375834147 857.423705885145 860.571035936143 863.718365987142 866.86569603814 870.013026089138 873.160356140137 877.571805148653 885.775611029729 893.979416910807 902.183222791882 910.387028672958 918.590834554036 926.794640435112 934.998446316188 946.766685994465 959.723070271808 972.679454549151 985.635838826496 998.592223103839 1011.54860738118 1024.50499165853 1037.4748046875 1050.48490397135 1063.49500325521 1076.50510253906 1089.51520182291 1102.52530110677
710.394255065917 719.954002380369 729.513749694822 738.220875549315 746.643794250487 755.066712951658 763.489631652831 771.912550354002 780.335469055174 788.758387756347 796.859896850585 803.997177124022 811.13445739746 818.271737670897 825.409017944334 832.546298217773 839.68357849121 846.820858764647 850.859181213379 853.86451772054 856.869854227702 859.875190734864 862.880527242025 865.885863749186 868.891200256348 873.127854410806 881.05846150716 888.989068603515 896.919675699869 904.850282796223 912.780889892578 920.711496988932 928.642104085285 940.63221130371 953.97548522949 967.31875915527 980.662033081053 994.005307006834 1007.34858093261 1020.6918548584 1034.07280273437 1047.56677246093 1061.0607421875 1074.55471191406 1088.04868164062 1101.54265136719
707.789346822102 717.39830610487 727.007265387639 735.655882263183 743.984385002982 752.312887742782 760.641390482584 768.969893222383 777.298395962183 785.626898701985 793.653982543944 800.776809692381 807.89963684082 815.022463989257 822.145291137694 829.268118286132 836.390945434569 843.513772583006 847.441986592611 850.305329555935 853.16867251926 856.032015482585 858.895358445909 861.758701409234 864.622044372559 868.683903672959 876.34131198459 883.998720296223 891.656128607855 899.313536919487 906.970945231119 914.628353542751 922.285761854382 934.497736612954 948.227900187172 961.95806376139 975.68822733561 989.418390909828 1003.14855448405 1016.87871805827 1030.67080078125 1044.64864095052 1058.62648111979 1072.60432128906 1086.58216145833 1100.5600016276
705.184438578286 714.842609829371 724.500781080455 733.09088897705 741.324975755478 749.559062533906 757.793149312336 766.027236090765 774.261322869193 782.495409647623 790.448068237303 797.55644226074 804.664816284179 811.773190307616 818.881564331053 825.989938354491 833.098312377929 840.206686401366 844.024791971842 846.74614139133 849.467490810818 852.188840230306 854.910189649794 857.631539069281 860.35288848877 864.239952935112 871.624162462021 879.008371988932 886.392581515841 893.77679104275 901.161000569661 908.54521009657 915.929419623479 928.363261922199 942.480315144854 956.59736836751 970.714421590168 984.831474812823 998.948528035478 1013.06558125814 1027.26879882812 1041.7305094401 1056.19222005208 1070.65393066406 1085.11564127604 1099.57735188802
702.579530334471 712.286913553872 721.994296773272 730.525895690917 738.665566507974 746.805237325031 754.944908142089 763.084578959146 771.224249776203 779.363920593261 787.242153930663 794.3360748291 801.429995727538 808.523916625976 815.617837524413 822.711758422851 829.805679321288 836.899600219725 840.607597351074 843.186953226725 845.766309102376 848.345664978028 850.925020853678 853.50437672933 856.083732604981 859.796002197265 866.907012939452 874.01802368164 881.129034423827 888.240045166015 895.351055908203 902.46206665039 909.573077392577 922.228787231444 936.732730102537 951.23667297363 965.740615844725 980.244558715818 994.748501586911 1009.25244445801 1023.866796875 1038.81237792968 1053.75795898437 1068.70354003906 1083.64912109375 1098.59470214844
699.974622090656 709.731217278373 719.487812466089 727.960902404784 736.006157260469 744.051412116155 752.096666971841 760.141921827527 768.187176683212 776.232431538899 784.036239624022 791.115707397459 798.195175170898 805.274642944335 812.354110717772 819.43357849121 826.513046264647 833.592514038084 837.190402730306 839.62776506212 842.065127393934 844.502489725749 846.939852057563 849.377214389377 851.814576721192 855.352051459417 862.189863416882 869.027675374349 875.865487331813 882.703299289278 889.541111246745 896.378923204209 903.216735161674 916.094312540688 930.985145060219 945.875977579749 960.766810099282 975.657642618812 990.548475138343 1005.43930765788 1020.46479492187 1035.89424641927 1051.32369791666 1066.75314941406 1082.18260091145 1097.61205240885
695.433502197265 705.140153672959 714.846805148652 723.236926778157 731.188205125596 739.139483473034 747.090761820475 755.042040167913 762.993318515352 770.944596862793 778.698825412326 785.861904568141 793.024983723958 800.188062879773 807.351142035589 814.514221191406 821.677300347221 828.840379503037 832.433557128907 834.836767578125 837.239978027344 839.643188476563 842.046398925781 844.449609375 846.852819824219 850.294470214843 856.851440429686 863.408410644531 869.965380859374 876.522351074218 883.079321289062 889.636291503906 896.193261718749 909.177385457355 924.303893703882 939.430401950409 954.556910196938 969.683418443465 984.809926689992 999.936434936522 1015.21472591824 1030.94836510552 1046.6820042928 1062.41564348009 1078.14928266737 1093.88292185465
688.956170654296 698.513722737629 708.071274820962 716.353968811035 724.211710103352 732.06945139567 739.927192687988 747.784933980305 755.642675272623 763.500416564941 771.229911295572 778.574666341145 785.919421386719 793.264176432291 800.608931477864 807.953686523437 815.29844156901 822.643196614582 826.337060546876 828.81396077474 831.290861002605 833.767761230469 836.244661458334 838.721561686198 841.198461914063 844.623258463541 850.891743977864 857.160229492187 863.42871500651 869.697200520833 875.965686035156 882.234171549479 888.502657063802 901.478005981444 916.688976033527 931.899946085609 947.110916137694 962.321886189776 977.532856241859 992.743826293944 1008.11658986409 1023.97473398844 1039.83287811279 1055.69102223714 1071.54916636149 1087.40731048584
682.478839111327 691.887291802299 701.295744493271 709.471010843912 717.235215081108 724.999419318304 732.763623555501 740.527827792697 748.292032029892 756.05623626709 763.760997178819 771.287428114148 778.813859049479 786.340289984808 793.866720920138 801.393151855468 808.919582790798 816.446013726127 820.240563964844 822.791153971354 825.341743977865 827.892333984375 830.442923990886 832.993513997396 835.544104003907 838.952046712239 844.932047526041 850.912048339844 856.892049153645 862.872049967447 868.85205078125 874.832051595052 880.812052408854 893.778626505532 909.07405836317 924.369490220809 939.664922078449 954.960353936087 970.255785793725 985.551217651366 1001.01845380995 1017.00110287136 1032.98375193278 1048.96640099419 1064.94905005561 1080.93169911702
676.001507568359 685.260860866969 694.52021416558 702.58805287679 710.258720058864 717.929387240938 725.600054423014 733.270721605088 740.941388787162 748.612055969238 756.292083062065 764.000189887151 771.708296712239 779.416403537325 787.124510362412 794.8326171875 802.540724012586 810.248830837672 814.144067382813 816.768347167969 819.392626953125 822.016906738281 824.641186523438 827.265466308594 829.88974609375 833.280834960937 838.972351074218 844.6638671875 850.355383300781 856.046899414062 861.738415527343 867.429931640625 873.121447753905 886.079247029621 901.459140692814 916.839034356008 932.218928019204 947.598821682398 962.978715345591 978.358609008787 993.920317755802 1010.02747175428 1026.13462575277 1042.24177975125 1058.34893374973 1074.45608774821
669.52417602539 678.63442993164 687.744683837889 695.705094909668 703.28222503662 710.859355163573 718.436485290527 726.01361541748 733.590745544433 741.167875671387 748.823168945312 756.712951660155 764.602734375 772.492517089843 780.382299804686 788.272082519531 796.161865234374 804.051647949218 808.047570800782 810.745540364584 813.443509928386 816.141479492188 818.83944905599 821.537418619792 824.235388183594 827.609623209635 833.012654622395 838.415686035156 843.818717447916 849.221748860677 854.624780273438 860.027811686198 865.430843098958 878.37986755371 893.844223022459 909.308578491208 924.77293395996 940.237289428709 955.701644897458 971.16600036621 986.822181701658 1003.0538406372 1019.28549957275 1035.5171585083 1051.74881744384 1067.98047637939
663.046844482421 672.00799899631 680.969153510198 688.822136942545 696.305730014377 703.789323086208 711.27291615804 718.756509229871 726.240102301703 733.723695373535 741.354254828558 749.425713433159 757.49717203776 765.56863064236 773.64008924696 781.711547851562 789.783006456162 797.854465060762 801.95107421875 804.722733561198 807.494392903646 810.266052246094 813.037711588542 815.80937093099 818.581030273438 821.938411458333 827.052958170572 832.167504882812 837.282051595052 842.396598307291 847.511145019531 852.625691731771 857.74023844401 870.680488077798 886.229305352103 901.778122626407 917.326939900715 932.875757175019 948.424574449324 963.973391723631 979.724045647513 996.080209520124 1012.43637339274 1028.79253726535 1045.14870113796 1061.50486501058
