data/working_set_collections/6091692-Cassins_Sparrow-MC/1995/bio14.asc
NCOLS 265 
NROWS 230 
XLLCORNER -115.5625 
YLLCORNER 24.8333333333333 
CELLSIZE 0.0833333333333333 
NODATA_value -9999 
[rows 100 to 119 of 230, columns 46 to 91 of 265]
7.51369700431824 7.2864196618398 7.05914231936133 6.8318649768829 6.60458763440447 6.377310291926 6.15476561784739 5.93379849990206 5.71283138195669 5.49186426401136 5.27089714606602 5.04993002812066 4.82896291017532 4.70103389422092 4.85221918423966 5.00340447425838 5.15458976427709 5.30577505429583 5.45696034431454 5.60814563433325 5.75933092435199 6.20624027252188 6.75172430674222 7.29720834096266 7.84269237518301 8.38817640940335 8.93366044362379 9.47914447784414 10.020942878723 10.5516843795776 11.082425880432 11.6131673812865 12.143908882141 12.6746503829955 13.20539188385 13.7361333847045 13.9431818962097 14.0423327445983 14.141483592987 14.2406344413757 14.3397852897644 14.438936138153 14.5380869865417 14.5661550760269 14.3809748888016 14.1957947015762
7.73982917467753 7.58060151735941 7.42137386004127 7.26214620272315 7.10291854540504 6.94369088808689 6.69730889399843 6.42187545431984 6.1464420146412 5.87100857496261 5.59557513528402 5.32014169560538 5.04470825592678 4.87017749680408 4.9983547793494 5.1265320618947 5.25470934443999 5.38288662698531 5.51106390953061 5.63924119207591 5.76741847462123 6.21424153645824 6.76727985805922 7.32031817966031 7.87335650126129 8.42639482286228 8.97943314446336 9.53247146606435 10.0833000606959 10.6274994744194 11.1716988881428 11.7158983018662 12.2600977155897 12.804297129313 13.3484965430364 13.8926959567599 14.105981349945 14.2089620696173 14.3119427892896 14.414923508962 14.5179042286343 14.6208849483066 14.7238656679789 14.752889196078 14.5600411494573 14.3671931028366
7.80173669258757 7.67866324716148 7.55558980173537 7.43251635630929 7.3094429108832 7.18636946545709 6.94348258574809 6.66065789461142 6.37783320347471 6.09500851233804 5.81218382120138 5.52935913006466 5.246534438928 5.061145277818 5.16806270678835 5.27498013575868 5.38189756472901 5.48881499369936 5.5957324226697 5.70264985164003 5.80956728061038 6.24739268620799 6.79552075068143 7.34364881515496 7.8917768796284 8.43990494410184 8.98803300857538 9.53616107304882 10.0802150991227 10.6120470099978 11.1438789208729 11.675710831748 12.2075427426232 12.7393746534983 13.2712065643734 13.8030384752485 14.011171579361 14.1114050812192 14.2116385830774 14.3118720849355 14.4121055867937 14.5123390886519 14.6125725905101 14.6411258061728 14.4546381632488 14.2681505203248
7.69941955804829 7.58060485124592 7.46179014444354 7.34297543764118 7.22416073083882 7.10534602403644 6.89328669309621 6.65014582077668 6.4070049484571 6.16386407613757 5.92072320381804 5.67758233149847 5.43444145917893 5.27393723726267 5.36134296655651 5.44874869585033 5.53615442514415 5.62356015443799 5.71096588373181 5.79837161302563 5.88577734231947 6.30569372177114 6.83644698460884 7.36720024744663 7.89795351028433 8.42870677312203 8.95946003595982 9.49021329879752 10.0116879940032 10.5053269863128 10.9989659786224 11.4926049709319 11.9862439632416 12.4798829555511 12.9735219478607 13.4671609401703 13.6587525844574 13.7496617794037 13.84057097435 13.9314801692963 14.0223893642426 14.1132985591889 14.2042077541352 14.2308649063111 14.0647659301759 13.8986669540406
7.597102423509 7.48254645533036 7.3679904871517 7.25343451897307 7.13887855079443 7.02432258261577 6.84309080044433 6.63963374694193 6.4361766934395 6.23271963993711 6.02926258643471 5.82580553293228 5.62234847942989 5.48672919670736 5.55462322632468 5.62251725594199 5.6904112855593 5.75830531517662 5.82619934479393 5.89409337441124 5.96198740402856 6.3639947573343 6.87737321853625 7.3907516797383 7.90413014094026 8.41750860214222 8.93088706334427 9.44426552454622 9.94316088888371 10.3986069626278 10.8540530363718 11.3094991101158 11.7649451838599 12.2203912576039 12.6758373313479 13.131283405092 13.3063335895539 13.3879184775883 13.4695033656227 13.5510882536571 13.6326731416915 13.7142580297259 13.7958429177603 13.8206040064495 13.6748936971029 13.5291833877564
7.49478528896971 7.38448805941479 7.27419082985986 7.16389360030495 7.05359637075004 6.94329914119511 6.79289490779244 6.62912167310719 6.4653484384219 6.30157520373664 6.13780196905139 5.9740287343661 5.81025549968084 5.69952115615205 5.74790348609286 5.79628581603365 5.84466814597445 5.89305047591525 5.94143280585605 5.98981513579684 6.03819746573765 6.42229579289745 6.91829945246367 7.41430311202997 7.91030677159619 8.4063104311624 8.90231409072871 9.39831775029492 9.87463378376422 10.2918869389428 10.7091400941212 11.1263932492997 11.5436464044783 11.9608995596567 12.3781527148352 12.7954058700138 12.9539145946503 13.0261751757728 13.0984357568953 13.1706963380178 13.2429569191403 13.3152175002628 13.3874780813853 13.4103431065878 13.28502146403 13.1596998214722
7.39246815443042 7.28642966349924 7.18039117256803 7.07435268163684 6.96831419070566 6.86227569977445 6.74269901514056 6.61860959927244 6.4945201834043 6.37043076753617 6.24634135166805 6.1222519357999 5.99816251993178 5.91231311559673 5.94118374586102 5.9700543761253 5.99892500638958 6.02779563665387 6.05666626691816 6.08553689718244 6.11440752744673 6.4805968284606 6.95922568639108 7.43785454432164 7.91648340225212 8.39511226018259 8.87374111811315 9.35236997604363 9.80610667864474 10.1851669152577 10.5642271518707 10.9432873884836 11.3223476250966 11.7014078617096 12.0804680983225 12.4595283349355 12.6014955997468 12.6644318739574 12.727368148168 12.7903044223786 12.8532406965892 12.9161769707998 12.9791132450104 13.0000822067262 12.8951492309571 12.7902162551881
7.29015101989113 7.18837126758367 7.08659151527619 6.98481176296873 6.88303201066127 6.78125225835379 6.69250312248868 6.60809752543769 6.52369192838669 6.43928633133571 6.35488073428472 6.27047513723372 6.18606954018274 6.12510507504142 6.13446400562919 6.14382293621696 6.15318186680473 6.16254079739251 6.17189972798028 6.18125865856805 6.19061758915582 6.53889786402376 7.00015192031849 7.46140597661331 7.92266003290804 8.38391408920278 8.84516814549759 9.30642220179233 9.73757957352526 10.0784468915727 10.4193142096201 10.7601815276675 11.101048845715 11.4419161637624 11.7827834818098 12.1236507998573 12.2490766048432 12.3026885721419 12.3563005394406 12.4099125067393 12.4635244740381 12.5171364413368 12.5707484086355 12.5898213068645 12.5052769978842 12.4207326889039
7.07366640965149 6.98649757305786 6.89932873646422 6.8121598998706 6.72499106327697 6.63782222668333 6.58042251269025 6.53294583956403 6.4854691664378 6.43799249331158 6.39051582018536 6.34303914705913 6.29556247393291 6.26271537674797 6.27375700738694 6.28479863802591 6.29584026866487 6.30688189930384 6.31792352994281 6.32896516058178 6.34000679122074 6.66038929224005 7.08388541671954 7.5073815411991 7.93087766567859 8.35437379015807 8.77786991463764 9.20136603911712 9.59714338249626 9.90976438257428 10.2223853826523 10.5350063827302 10.8476273828083 11.1602483828862 11.4728693829642 11.7854903830422 11.8968744913737 11.9411796357897 11.9854847802057 12.0297899246216 12.0740950690376 12.1184002134535 12.1627053578695 12.1786780781217 12.1096535258824 12.040628973643
6.74301432371146 6.68080857992179 6.6186028361321 6.55639709234243 6.49419134855276 6.43198560476307 6.40645718574527 6.39315454165143 6.3798518975576 6.36654925346376 6.35324660936992 6.33994396527608 6.32664132118225 6.32514402071633 6.35906275113422 6.3929814815521 6.42690021196998 6.46081894238787 6.49473767280575 6.52865640322363 6.56257513364152 6.8450711131095 7.21042617559423 7.57578123807902 7.94113630056375 8.30649136304848 8.67184642553327 9.037201488018 9.38479810555773 9.67911938826244 9.9734406709671 10.2677619536718 10.5620832363765 10.8564045190811 11.1507258017858 11.4450470844905 11.5448892593384 11.5799050649008 11.6149208704631 11.6499366760254 11.6849524815878 11.7199682871501 11.7549840927125 11.7666525204977 11.7082788149517 11.6499051094056
6.4123622377714 6.37511958678569 6.33787693579996 6.30063428481424 6.26339163382852 6.2261489828428 6.23249185880027 6.25336324373883 6.27423462867738 6.29510601361593 6.31597739855448 6.33684878349304 6.35772016843159 6.3875726646847 6.4443684948815 6.5011643250783 6.5579601552751 6.61475598547191 6.67155181566871 6.7283476458655 6.78514347606231 7.02975293397895 7.33696693446892 7.64418093495894 7.95139493544891 8.25860893593888 8.5658229364289 8.87303693691887 9.17245282861918 9.44847439395057 9.72449595928191 10.0005175246132 10.2765390899446 10.552560655276 10.8285822206073 11.1046037859387 11.1929040273031 11.2186304940118 11.2443569607205 11.2700834274292 11.295809894138 11.3215363608467 11.3472628275554 11.3546269628737 11.3069041040209 11.2591812451681
6.08171015183135 6.06943059364958 6.05715103546782 6.04487147728605 6.03259191910429 6.02031236092252 6.05852653185528 6.11357194582622 6.16861735979717 6.2236627737681 6.27870818773905 6.33375360171 6.38879901568094 6.45000130865306 6.52967423862879 6.60934716860451 6.68902009858022 6.76869302855595 6.84836595853166 6.92803888850738 7.00771181848311 7.21443475484842 7.46350769334362 7.71258063183887 7.96165357033407 8.21072650882928 8.45979944732452 8.70887238581973 8.96010755168064 9.2178293996387 9.47555124759672 9.73327309555475 9.99099494351281 10.2487167914708 10.5064386394289 10.7641604873869 10.8409187952678 10.8573559231229 10.873793050978 10.890230178833 10.9066673066881 10.9231044345432 10.9395415623983 10.9426014052498 10.9055293930902 10.8684573809306
5.75105806589132 5.76374160051351 5.7764251351357 5.78910866975788 5.80179220438007 5.81447573900226 5.88456120491029 5.97378064791362 6.06300009091696 6.15221953392028 6.24143897692361 6.33065841992695 6.41987786293028 6.51242995262143 6.61497998237607 6.7175300121307 6.82008004188533 6.92263007163998 7.02518010139461 7.12773013114924 7.23028016090388 7.39911657571786 7.59004845221831 7.78098032871879 7.97191220521923 8.16284408171968 8.35377595822016 8.54470783472061 8.74776227474211 8.98718440532685 9.22660653591156 9.46602866649627 9.70545079708102 9.94487292766572 10.1842950582504 10.4237171888352 10.4889335632325 10.4960813522339 10.5032291412354 10.5103769302369 10.5175247192383 10.5246725082398 10.5318202972413 10.5305758476258 10.5041546821595 10.4777335166932
5.42040597995126 5.4580526073774 5.49569923480355 5.53334586222969 5.57099248965584 5.60863911708199 5.7105958779653 5.83398935000101 5.95738282203674 6.08077629407246 6.20416976610817 6.32756323814391 6.45095671017962 6.57485859658979 6.70028572612336 6.8257128556569 6.95113998519045 7.07656711472402 7.20199424425756 7.32742137379111 7.45284850332467 7.58379839658732 7.71658921109301 7.84938002559871 7.9821708401044 8.11496165461008 8.24775246911579 8.38054328362147 8.53541699780356 8.75653941101499 8.97766182422638 9.19878423743777 9.41990665064919 9.64102906386058 9.86215147707197 10.0832738902834 10.1369483311972 10.134806781345 10.1326652314928 10.1305236816407 10.1283821317885 10.1262405819364 10.1240990320842 10.1185502900018 10.1027799712288 10.0870096524557
5.07581761876745 5.13292011088798 5.19002260300851 5.24712509512904 5.30422758724957 5.3613300793701 5.48729510704677 5.63621431324217 5.78513351943759 5.93405272563299 6.08297193182838 6.2318911380238 6.3808103442192 6.52744123935698 6.66720720132192 6.80697316328684 6.94673912525175 7.0865050872167 7.22627104918161 7.36603701114653 7.50580297311147 7.62272964318593 7.73204321596356 7.84135678874122 7.95067036151885 8.05998393429648 8.16929750707414 8.27861107985177 8.41161259015397 8.61567791302997 8.81974323590594 9.0238085587819 9.22787388165791 9.43193920453387 9.63600452740984 9.84006985028584 9.89050339857739 9.88972635534076 9.88894931210413 9.8881722688675 9.88739522563088 9.88661818239425 9.88584113915762 9.87991351021662 9.85853412416247 9.83715473810833
4.71729298233991 4.78834411104524 4.85939523975059 4.93044636845593 5.00149749716126 5.07254862586661 5.21465889215471 5.38045553763708 5.54625218311948 5.71204882860185 5.87784547408422 6.04364211956661 6.20943876504898 6.37017788092295 6.51574440797171 6.66131093502045 6.80687746206918 6.95244398911795 7.09801051616668 7.24357704321542 7.38914357026418 7.51591031551361 7.63641046682992 7.75691061814626 7.87741076946258 7.99791092077889 8.11841107209523 8.23891122341155 8.37634905179338 8.56459991137185 8.7528507709503 8.94110163052874 9.12935249010721 9.31760334968565 9.5058542092641 9.69410506884257 9.74959876537325 9.76084007422131 9.77208138306937 9.78332269191744 9.79456400076549 9.80580530961356 9.81704661846162 9.81466550827028 9.77141714096071 9.72816877365115
4.35876834591233 4.44376811120248 4.52876787649264 4.61376764178279 4.69876740707294 4.7837671723631 4.94202267726263 5.12469676203197 5.30737084680135 5.49004493157069 5.67271901634003 5.8553931011094 6.03806718587875 6.2129145224889 6.36428161462148 6.51564870675404 6.6670157988866 6.81838289101919 6.96974998315175 7.1211170752843 7.27248416741689 7.40909098784128 7.54077771769628 7.6724644475513 7.8041511774063 7.9358379072613 8.06752463711632 8.19921136697132 8.34108551343278 8.51352190971373 8.68595830599465 8.85839470227557 9.03083109855651 9.20326749483743 9.37570389111835 9.54814028739929 9.6086941321691 9.63195379310185 9.6552134540346 9.67847311496736 9.70173277590011 9.72499243683286 9.74825209776561 9.74941750632394 9.68430015775894 9.61918280919395
4.00024370948476 4.09919211135972 4.19814051323469 4.29708891510965 4.39603731698461 4.49498571885959 4.66938646237055 4.86893798642687 5.06848951048322 5.26804103453953 5.46759255859585 5.6671440826522 5.86669560670851 6.05565116405485 6.21281882127126 6.36998647848764 6.52715413570402 6.68432179292043 6.84148945013681 6.99865710735319 7.1558247645696 7.30227166016895 7.44514496856263 7.58801827695634 7.73089158535002 7.8737648937437 8.01663820213741 8.15951151053109 8.30582197507219 8.46244390805561 8.619065841039 8.77568777402239 8.93230970700581 9.0889316399892 9.24555357297259 9.40217550595601 9.46778949896495 9.50306751198239 9.53834552499984 9.57362353801728 9.60890155103472 9.64417956405216 9.6794575770696 9.6841695043776 9.59718317455718 9.51019684473676
3.64171907305722 3.75461611151699 3.86751314997677 3.98041018843654 4.09330722689631 4.2062042653561 4.39675024747849 4.61317921082178 4.82960817416511 5.04603713750839 5.26246610085168 5.478895064195 5.69532402753829 5.89838780562082 6.06135602792105 6.22432425022125 6.38729247252145 6.55026069482168 6.71322891712188 6.87619713942208 7.03916536172231 7.19545233249664 7.349512219429 7.50357210636139 7.65763199329375 7.81169188022611 7.9657517671585 8.11981165409086 8.2705584367116 8.41136590639749 8.55217337608336 8.69298084576923 8.83378831545512 8.97459578514099 9.11540325482685 9.25621072451275 9.32688486576082 9.37418123086294 9.42147759596508 9.46877396106721 9.51607032616934 9.56336669127147 9.6106630563736 9.61892150243127 9.51006619135542 9.40121088027958
3.28319443662964 3.41004011167422 3.53688578671883 3.6637314617634 3.79057713680799 3.91742281185259 4.12411403258641 4.35742043521667 4.59072683784697 4.82403324047724 5.0573396431075 5.2906460457378 5.52395244836806 5.74112444718677 5.90989323457082 6.07866202195485 6.24743080933887 6.41619959672292 6.58496838410694 6.75373717149097 6.92250595887502 7.08863300482431 7.25387947029535 7.41912593576643 7.58437240123747 7.74961886670851 7.91486533217959 8.08011179765063 8.23529489835101 8.36028790473937 8.48528091112771 8.61027391751606 8.73526692390442 8.86025993029276 8.9852529366811 9.11024594306947 9.18598023255667 9.24529494974349 9.30460966693031 9.36392438411713 9.42323910130395 9.48255381849077 9.54186853567759 9.55367350048493 9.42294920815365 9.29222491582239
