data/working_set_collections/6091692-Cassins_Sparrow-MC/1995/bio10.asc
NCOLS 265 
NROWS 230 
XLLCORNER -115.5625 
YLLCORNER 24.8333333333333 
CELLSIZE 0.0833333333333333 
NODATA_value -9999 
[rows 60 to 79 of 230, columns 0 to 45 of 265]
20.079691224628 20.0663367112477 20.0529821978675 20.0396276844872 20.0262731711069 20.0129186577267 19.9995641443464 19.9635384718577 19.9199557463328 19.8763730208079 19.832790295283 19.7892075697581 19.7456248442332 19.7020421187083 19.7310208108689 19.9776837560865 20.2243467013041 20.4710096465216 20.7176725917392 20.9643355369567 21.2109984821743 21.4576614273919 21.660724067688 21.8492532730102 22.0377824783325 22.2263116836548 22.414840888977 22.6033700942993 22.7918992996216 22.9024075667064 22.7788530190786 22.6552984714509 22.5317439238231 22.4081893761953 22.2846348285676 22.1610802809398 22.037525733312 21.8110344092052 21.550230826272 21.2894272433388 21.0286236604056 20.7678200774724 20.5070164945392 20.246212911606 19.9953366173639 19.7742421891955
20.4597596327463 20.4292191028594 20.3986785729726 20.3681380430857 20.3375975131988 20.3070569833119 20.276516453425 20.2198020458221 20.1543630123138 20.0889239788055 20.0234849452972 19.9580459117889 19.8926068782806 19.8271678447723 19.8327434221903 20.0513628323873 20.2699822425842 20.4886016527811 20.7072210629781 20.925840473175 21.144459883372 21.3630792935689 21.5506967544556 21.7279802322387 21.905263710022 22.0825471878052 22.2598306655884 22.4371141433716 22.6143976211548 22.7050289948782 22.535704056422 22.3663791179658 22.1970541795096 22.0277292410533 21.8584043025971 21.6890793641409 21.5197544256847 21.2667454242708 20.9858417352042 20.7049380461376 20.4240343570711 20.1431306680045 19.8622269789379 19.5813232898714 19.3484152475994 19.2594941457114
20.8398280408647 20.7921014944712 20.7443749480777 20.6966484016842 20.6489218552907 20.6011953088972 20.5534687625037 20.4760656197866 20.3887702782949 20.3014749368032 20.2141795953115 20.1268842538198 20.0395889123281 19.9522935708364 19.9344660335116 20.125041908688 20.3156177838643 20.5061936590406 20.696769534217 20.8873454093933 21.0779212845696 21.2684971597459 21.4406694412231 21.6067071914673 21.7727449417114 21.9387826919556 22.1048204421997 22.2708581924439 22.436895942688 22.50765042305 22.2925550937653 22.0774597644807 21.862364435196 21.6472691059113 21.4321737766267 21.217078447342 21.0019831180574 20.7224564393363 20.4214526441364 20.1204488489364 19.8194450537365 19.5184412585366 19.2174374633366 18.9164336681367 18.7014938778348 18.7447461022272
21.219896448983 21.1549838860829 21.0900713231828 21.0251587602827 20.9602461973826 20.8953336344825 20.8304210715823 20.732329193751 20.6231775442759 20.5140258948008 20.4048742453257 20.2957225958506 20.1865709463755 20.0774192969004 20.036188644833 20.1987209849887 20.3612533251444 20.5237856653001 20.6863180054558 20.8488503456115 21.0113826857673 21.173915025923 21.3306421279907 21.4854341506958 21.6402261734009 21.795018196106 21.949810218811 22.1046022415161 22.2593942642212 22.3102718512218 22.0494061311087 21.7885404109956 21.5276746908825 21.2668089707693 21.0059432506562 20.7450775305431 20.48421181043 20.1781674544018 19.8570635530685 19.5359596517352 19.2148557504019 18.8937518490687 18.5726479477354 18.2515440464021 18.0545725080702 18.229998058743
21.5999648571014 21.5178662776947 21.4357676982879 21.3536691188812 21.2715705394744 21.1894719600677 21.107373380661 20.9885927677154 20.857584810257 20.7265768527984 20.59556889534 20.4645609378815 20.333552980423 20.2025450229645 20.1379112561543 20.2724000612894 20.4068888664245 20.5413776715596 20.6758664766947 20.8103552818298 20.9448440869649 21.0793328921 21.2206148147583 21.3641611099243 21.5077074050903 21.6512537002563 21.7947999954224 21.9383462905884 22.0818925857544 22.1128932793936 21.806257168452 21.4996210575105 21.1929849465689 20.8863488356273 20.5797127246858 20.2730766137443 19.9664405028027 19.6338784694673 19.2926744620007 18.951470454534 18.6102664470674 18.2690624396008 17.9278584321341 17.5866544246675 17.4076511383057 17.7152500152588
21.9800332652197 21.8807486693064 21.7814640733931 21.6821794774797 21.5828948815663 21.483610285653 21.3843256897396 21.2448563416799 21.091992076238 20.9391278107961 20.7862635453542 20.6333992799123 20.4805350144704 20.3276707490285 20.2396338674757 20.3460791375902 20.4525244077046 20.5589696778191 20.6654149479336 20.7718602180481 20.8783054881626 20.984750758277 21.1105875015259 21.2428880691528 21.3751886367798 21.5074892044067 21.6397897720337 21.7720903396607 21.9043909072876 21.9155147075654 21.5631082057954 21.2107017040254 20.8582952022554 20.5058887004853 20.1534821987153 19.8010756969453 19.4486691951753 19.0895894845328 18.7282853709328 18.3669812573328 18.0056771437329 17.6443730301329 17.2830689165329 16.9217648029329 16.7607297685411 17.2005019717747
22.1647045347426 22.079613049825 21.9945215649075 21.90943007999 21.8243385950724 21.7392471101549 21.6541556252373 21.5083745002747 21.3423634952969 21.1763524903191 21.0103414853414 20.8443304803636 20.6783194753859 20.5123084704081 20.4084515306684 20.4910567866431 20.5736620426178 20.6562672985924 20.7388725545671 20.8214778105418 20.9040830665164 20.9866883224911 21.0964467525482 21.2152562406328 21.3340657287174 21.4528752168019 21.5716847048865 21.6904941929711 21.8093036810557 21.803156121572 21.4221374193828 21.0411187171937 20.6601000150046 20.2790813128154 19.8980626106263 19.5170439084372 19.136025206248 18.776141579946 18.4233029789396 18.0704643779331 17.7176257769267 17.3647871759203 17.0119485749139 16.6591099739075 16.521094894409 17.0275503794351
22.1539786656698 22.1144594192505 22.0749401728312 22.0354209264119 21.9959016799927 21.9563824335734 21.9168631871541 21.7791472434997 21.6086990674337 21.4382508913676 21.2678027153015 21.0973545392354 20.9269063631693 20.7564581871033 20.6443642457326 20.7073330084482 20.7703017711639 20.8332705338796 20.8962392965952 20.9592080593109 21.0221768220265 21.0851455847422 21.1781925678253 21.2812656243642 21.3843386809031 21.487411737442 21.5904847939809 21.6935578505198 21.7966309070587 21.7758175214133 21.3833448092143 20.9908720970155 20.5983993848166 20.2059266726177 19.8134539604188 19.4209812482199 19.028508536021 18.6935347557069 18.377727286021 18.0619198163351 17.7461123466492 17.4303048769634 17.1144974072774 16.7986899375916 16.6887465159097 17.1963952382405
22.1432527965969 22.1493057886759 22.1553587807549 22.1614117728339 22.1674647649129 22.1735177569919 22.1795707490709 22.0499199867248 21.8750346395705 21.700149292416 21.5252639452616 21.3503785981072 21.1754932509528 21.0006079037984 20.8802769607967 20.9236092302534 20.96694149971 21.0102737691667 21.0536060386234 21.09693830808 21.1402705775367 21.1836028469933 21.2599383831024 21.3472750080956 21.4346116330888 21.5219482580821 21.6092848830753 21.6966215080685 21.7839581330617 21.7484789212546 21.3445521990459 20.9406254768372 20.5366987546286 20.1327720324199 19.7288453102113 19.3249185880026 18.9209918657939 18.6109279314677 18.3321515931024 18.053375254737 17.7745989163717 17.4958225780064 17.217046239641 16.9382699012757 16.8563981374103 17.3652400970458
22.1325269275241 22.1841521581014 22.2357773886786 22.2874026192559 22.3390278498331 22.3906530804104 22.4422783109876 22.32069272995 22.1413702117072 21.9620476934645 21.7827251752218 21.603402656979 21.4240801387363 21.2447576204936 21.1161896758609 21.1398854520586 21.1635812282562 21.1872770044538 21.2109727806515 21.2346685568491 21.2583643330468 21.2820601092444 21.3416841983795 21.413284391827 21.4848845852746 21.5564847787221 21.6280849721696 21.6996851656172 21.7712853590647 21.7211403210959 21.3057595888774 20.890378856659 20.4749981244406 20.0596173922221 19.6442366600037 19.2288559277853 18.8134751955669 18.5283211072286 18.2865759001838 18.044830693139 17.8030854860942 17.5613402790494 17.3195950720045 17.0778498649597 17.024049758911 17.5340849558512
22.1218010584513 22.2189985275268 22.3161959966023 22.4133934656779 22.5105909347534 22.6077884038289 22.7049858729044 22.591465473175 22.407705783844 22.2239460945129 22.0401864051819 21.8564267158508 21.6726670265198 21.4889073371887 21.352102390925 21.3561616738637 21.3602209568023 21.364280239741 21.3683395226796 21.3723988056183 21.3764580885569 21.3805173714955 21.4234300136566 21.4792937755584 21.5351575374603 21.5910212993622 21.646885061264 21.7027488231659 21.7586125850677 21.6938017209372 21.266966978709 20.8401322364808 20.4132974942526 19.9864627520244 19.5596280097962 19.1327932675681 18.7059585253398 18.4457142829895 18.2410002072653 18.036286131541 17.8315720558167 17.6268579800924 17.4221439043681 17.2174298286438 17.1917013804116 17.7029298146565
22.1110751893785 22.2538448969523 22.396614604526 22.5393843120998 22.6821540196736 22.8249237272474 22.9676934348212 22.8622382164001 22.6740413559808 22.4858444955614 22.297647635142 22.1094507747226 21.9212539143032 21.7330570538839 21.5880151059892 21.5724378956688 21.5568606853485 21.5412834750281 21.5257062647078 21.5101290543874 21.494551844067 21.4789746337467 21.5051758289337 21.5453031592899 21.585430489646 21.6255578200022 21.6656851503584 21.7058124807146 21.7459398110708 21.6664631207785 21.2281743685405 20.7898856163026 20.3515968640646 19.9133081118266 19.4750193595887 19.0367306073508 18.5984418551128 18.3631074587504 18.1954245143467 18.0277415699429 17.8600586255392 17.6923756811354 17.5246927367316 17.3570097923279 17.3593530019123 17.8717746734618
22.2313213878207 22.3967284838358 22.5621355798509 22.727542675866 22.892949771881 23.0583568678961 23.2237639639112 23.1218906402588 22.9309238433838 22.7399570465088 22.5489902496338 22.3580234527588 22.1670566558838 21.9760898590088 21.824443271425 21.790757311715 21.757071352005 21.723385392295 21.689699432585 21.6560134728749 21.6223275131649 21.5886415534549 21.5792733033498 21.5780109564463 21.5767486095429 21.5754862626394 21.5742239157359 21.5729615688324 21.571699221929 21.4671618355646 21.0527993308174 20.6384368260702 20.2240743213231 19.8097118165759 19.3953493118287 18.9809868070815 18.5666243023343 18.3794201850891 18.2679355303446 18.1564508756002 18.0449662208557 17.9334815661112 17.8219969113667 17.7105122566223 17.7520666758218 18.2527383168537
22.482539653778 22.6476492881774 22.8127589225768 22.9778685569763 23.1429781913757 23.3080878257751 23.4731974601745 23.370422744751 23.1783532460531 22.9862837473551 22.7942142486572 22.6021447499593 22.4100752512614 22.2180057525635 22.0613868872324 22.0111199220021 21.9608529567718 21.9105859915415 21.8603190263112 21.8100520610809 21.7597850958506 21.7095181306203 21.6457224369049 21.5774171670278 21.5091118971507 21.4408066272736 21.3725013573965 21.3041960875194 21.2358908176423 21.0958978652956 20.7408418655396 20.3857858657838 20.0307298660279 19.675673866272 19.3206178665162 18.9655618667603 18.6105058670044 18.4946524620056 18.4585332552592 18.4224140485127 18.3862948417663 18.3501756350199 18.3140564282734 18.277937221527 18.3698424021401 18.8458207448322
22.7337579197353 22.8985700925191 23.0633822653028 23.2281944380866 23.3930066108703 23.557818783654 23.7226309564378 23.6189548492432 23.4257826487223 23.2326104482015 23.0394382476807 22.8462660471598 22.653093846639 22.4599216461182 22.2983305030399 22.2314825322893 22.1646345615387 22.0977865907881 22.0309386200375 21.9640906492869 21.8972426785363 21.8303947077857 21.71217157046 21.5768233776093 21.4414751847585 21.3061269919078 21.1707787990571 21.0354306062063 20.9000824133556 20.7246338950264 20.4288844002619 20.1331349054973 19.8373854107328 19.5416359159682 19.2458864212037 18.9501369264391 18.6543874316746 18.6098847389221 18.6491309801737 18.6883772214253 18.7276234626769 18.7668697039286 18.8061159451802 18.8453621864318 18.9876181284585 19.4389031728107
22.9849761856926 23.1494908968607 23.3140056080288 23.4785203191969 23.6430350303649 23.807549741533 23.9720644527011 23.8674869537354 23.6732120513916 23.4789371490478 23.2846622467041 23.0903873443604 22.8961124420166 22.7018375396729 22.5352741188473 22.4518451425764 22.3684161663055 22.2849871900346 22.2015582137638 22.1181292374929 22.034700261222 21.9512712849511 21.7786207040151 21.5762295881908 21.3738384723664 21.171447356542 20.9690562407176 20.7666651248932 20.5642740090689 20.3533699247573 20.1169269349841 19.8804839452108 19.6440409554376 19.4075979656644 19.1711549758912 18.9347119861179 18.6982689963447 18.7251170158386 18.8397287050882 18.9543403943379 19.0689520835876 19.1835637728372 19.2981754620869 19.4127871513366 19.6053938547769 20.0319856007893
23.2361944516499 23.4004117012023 23.5646289507547 23.7288462003071 23.8930634498595 24.0572806994119 24.2214979489644 24.1160190582275 23.9206414540609 23.7252638498942 23.5298862457275 23.3345086415609 23.1391310373942 22.9437534332275 22.7722177346547 22.6722077528635 22.5721977710724 22.4721877892812 22.37217780749 22.2721678256988 22.1721578439077 22.0721478621165 21.8450698375702 21.5756357987722 21.3062017599742 21.0367677211762 20.7673336823782 20.4978996435802 20.2284656047822 19.9821059544882 19.8049694697063 19.6278329849244 19.4506965001425 19.2735600153606 19.0964235305787 18.9192870457968 18.7421505610148 18.8403492927551 19.0303264300028 19.2203035672505 19.4102807044982 19.6002578417459 19.7902349789936 19.9802121162413 20.2231695810952 20.6250680287678
23.4874127176072 23.651332505544 23.8152522934807 23.9791720814175 24.1430918693542 24.3070116572909 24.4709314452277 24.3645511627197 24.1680708567302 23.9715905507405 23.775110244751 23.5786299387614 23.3821496327718 23.1856693267822 23.0091613504622 22.8925703631507 22.7759793758392 22.6593883885278 22.5427974012163 22.4262064139048 22.3096154265934 22.1930244392819 21.9115189711253 21.5750420093537 21.238565047582 20.9020880858104 20.5656111240388 20.2291341622671 19.8926572004955 19.6108419842191 19.4930120044285 19.3751820246379 19.2573520448473 19.1395220650567 19.0216920852661 18.9038621054756 18.786032125685 18.9555815696716 19.2209241549173 19.4862667401631 19.7516093254088 20.0169519106546 20.2822944959004 20.5476370811461 20.8409453074136 21.2181504567463
23.8035490247938 23.9649874369303 24.1264258490668 24.2878642612033 24.4493026733398 24.6107410854763 24.7721794976128 24.6881417910258 24.5222787115309 24.356415632036 24.1905525525411 24.0246894730462 23.8588263935512 23.6929633140563 23.5382144663068 23.4168083137935 23.2954021612802 23.173996008767 23.0525898562536 22.9311837037404 22.8097775512271 22.6883713987138 22.3778136253357 22.0042053116692 21.6305969980027 21.2569886843363 20.8833803706699 20.5097720570034 20.136163743337 19.8291883415645 19.7221116754743 19.6150350093841 19.5079583432939 19.4008816772036 19.2938050111134 19.1867283450232 19.079651678933 19.2729497591653 19.5663727548386 19.8597957505119 20.1532187461852 20.4466417418585 20.7400647375318 21.0334877332051 21.3417756822373 21.6946584913465
24.1846033732096 24.3413764953612 24.4981496175129 24.6549227396646 24.8116958618163 24.968468983968 25.1252421061197 25.0867909431457 24.9832650184631 24.8797390937804 24.7762131690978 24.6726872444152 24.5691613197326 24.4656353950499 24.3593770821888 24.2449216047921 24.1304661273955 24.0160106499989 23.9015551726022 23.7870996952056 23.6726442178089 23.5581887404123 23.2439538002013 22.8631257057189 22.4822976112365 22.1014695167541 21.7206414222717 21.3398133277892 20.9589852333068 20.6371450265248 20.4922684828439 20.3473919391631 20.2025153954823 20.0576388518015 19.9127623081206 19.7678857644398 19.623009220759 19.7924538612364 20.0666722297667 20.340890598297 20.6151089668273 20.8893273353575 21.1635457038878 21.4377640724181 21.7256607055663 22.0545921325683
