data/working_set_collections/6091692-Cassins_Sparrow-MC/1995/bio19.asc
NCOLS 265 
NROWS 230 
XLLCORNER -115.5625 
YLLCORNER 24.8333333333333 
CELLSIZE 0.0833333333333333 
NODATA_value -9999 
[rows 120 to 139 of 230, columns 92 to 137 of 265]
59.7522923045693 57.0189062860279 54.285520267487 51.552134248946 48.8187482304046 46.6101657549544 44.5765177938678 42.5428698327808 40.5092218716942 38.4755739106077 36.4419259495207 34.4082779884341 33.1394731097748 34.1651974784002 35.1909218470253 36.2166462156505 37.2423705842758 38.268094952901 39.2938193215262 40.3195436901515 41.0272844632465 41.6290307044981 42.2307769457498 42.8325231870014 43.434269428253 44.0360156695047 44.6377619107563 44.9743784162734 44.5156057145861 44.0568330128988 43.5980603112116 43.1392876095243 42.680514907837 42.2217422061498 41.7629695044625 41.3276092211407 40.900053077274 40.4724969334074 40.0449407895408 39.6173846456742 39.1898285018075 38.7622723579408 38.3468807856244 37.9679829279584 37.5890850702923 37.2101872126263
61.1798490206405 58.1319309552512 55.0840128898624 52.0360948244737 48.9881767590844 46.7372187614444 44.7519141197209 42.766609477997 40.7813048362735 38.79600019455 36.8106955528261 34.8253909111026 33.5865762710568 34.5872316360472 35.5878870010374 36.5885423660275 37.5891977310179 38.5898530960081 39.5905084609983 40.5911638259886 41.3063254356383 41.9263224601744 42.5463194847106 43.1663165092467 43.7863135337828 44.406310558319 45.0263075828551 45.3528095245362 44.7988262176515 44.2448429107667 43.6908596038819 43.1368762969972 42.5828929901124 42.0289096832277 41.474926376343 40.9519392967226 40.439284292857 39.9266292889915 39.4139742851259 38.9013192812604 38.3886642773949 37.8760092735293 37.4070969263715 37.069412549337 36.7317281723025 36.394043795268
62.6074057367118 59.2449556244746 55.882505512238 52.5200554000014 49.1576052877642 46.8642717679345 44.927310445574 42.9903491232132 41.0533878008527 39.1164264784923 37.1794651561315 35.242503833771 34.0336794323389 35.0092657936942 35.9848521550494 36.9604385164046 37.93602487776 38.9116112391152 39.8871976004704 40.8627839618257 41.58536640803 42.2236142158506 42.8618620236713 43.500109831492 44.1383576393126 44.7766054471333 45.4148532549539 45.731240632799 45.0820467207168 44.4328528086345 43.7836588965523 43.1344649844701 42.4852710723878 41.8360771603056 41.1868832482234 40.5762693723044 39.97851550844 39.3807616445756 38.783007780711 38.1852539168466 37.5875000529822 36.9897461891177 36.4673130671185 36.1708421707156 35.8743712743125 35.5779003779095
64.0349624527832 60.3579802936981 56.6809981346136 53.0040159755291 49.327033816444 46.9913247744245 45.1027067714271 43.2140887684294 41.325470765432 39.4368527624346 37.5482347594369 35.6596167564395 34.4807825936209 35.4312999513413 36.3818173090615 37.3323346667817 38.2828520245021 39.2333693822223 40.1838867399425 41.1344040976629 41.8644073804218 42.5209059715269 43.1774045626321 43.8339031537372 44.4904017448423 45.1469003359475 45.8033989270527 46.1096717410619 45.3652672237822 44.6208627065024 43.8764581892227 43.132053671943 42.3876491546632 41.6432446373835 40.8988401201039 40.2005994478863 39.517746724023 38.8348940001596 38.1520412762962 37.4691885524328 36.7863358285695 36.103483104706 35.5275292078656 35.2722717920941 35.0170143763226 34.7617569605511
65.4625191688544 61.4710049629214 57.4794907569891 53.4879765510567 49.4964623451237 47.1183777809146 45.2781030972803 43.4378284136456 41.5975537300113 39.7572790463769 37.9170043627423 36.0767296791079 34.9278857549029 35.8533341089883 36.7787824630735 37.7042308171587 38.6296791712441 39.5551275253294 40.4805758794146 41.4060242335 42.1434483528136 42.8181977272032 43.4929471015929 44.1676964759825 44.8424458503721 45.5171952247618 46.1919445991514 46.4881028493247 45.6484877268475 44.8088726043702 43.9692574818931 43.1296423594159 42.2900272369386 41.4504121144615 40.6107969919843 39.8249295234682 39.056977939606 38.2890263557437 37.5210747718813 36.7531231880191 35.9851716041568 35.2172200202945 34.5877453486127 34.3737014134727 34.1596574783327 33.9456135431927
66.8900758849258 62.5840296321448 58.2779833793646 53.9719371265844 49.6658908738035 47.2454307874047 45.4534994231334 43.6615680588618 41.8696366945905 40.0777053303192 38.2857739660477 36.4938426017764 35.3749889161849 36.2753682666353 37.1757476170856 38.0761269675358 38.9765063179862 39.8768856684365 40.7772650188867 41.6776443693372 42.4224893252053 43.1154894828794 43.8084896405537 44.5014897982278 45.1944899559019 45.8874901135761 46.5804902712502 46.8665339575875 45.9317082299129 44.9968825022381 44.0620567745635 43.1272310468888 42.192405319214 41.2575795915394 40.3227538638648 39.4492595990501 38.5962091551889 37.7431587113278 36.8901082674665 36.0370578236053 35.1840073797441 34.3309569358828 33.6479614893597 33.4751310348513 33.3023005803428 33.1294701258343
66.758006223044 62.4541907628384 58.1503753026335 53.8465598424286 49.542744382223 47.1599501609806 45.417496352726 43.6750425444711 41.9325887362165 40.190134927962 38.4476811197071 36.7052273114525 35.6250246047972 36.5315752029418 37.4381258010863 38.3446763992307 39.2512269973754 40.1577775955198 41.0643281936643 41.9708787918089 42.729249636332 43.438227229648 44.147204822964 44.85618241628 45.5651600095959 46.2741376029119 46.9831151962279 47.2666292614409 46.2737527423437 45.2808762232464 44.2879997041492 43.2951231850521 42.3022466659547 41.3093701468576 40.3164936277604 39.3835702578228 38.4706312709386 37.5576922840545 36.6447532971701 35.731814310286 34.8188753234018 33.9059363365175 33.1812331040701 33.0212371349335 32.861241165797 32.7012451966604
65.0663101832084 61.0814883550015 57.0966665267953 53.1118446985891 49.1270228703822 46.8619359016422 45.170093886058 43.4782518704735 41.7864098548892 40.094567839305 38.4027258237205 36.7108838081363 35.6779928207395 36.6219549179076 37.5659170150755 38.5098791122434 39.4538412094115 40.3978033065794 41.3417654037473 42.2857275009154 43.0637292861937 43.7864109675087 44.5090926488239 45.231774330139 45.954456011454 46.6771376927692 47.3998193740843 47.6883887608848 46.67462126414 45.6608537673951 44.6470862706504 43.6333187739057 42.6195512771608 41.605783780416 40.5920162836713 39.6278614997865 38.6802442868552 37.732627073924 36.7850098609926 35.8373926480613 34.8897754351301 33.9421582221986 33.187560192744 33.0120197137197 32.8364792346955 32.6609387556712
63.3746141433727 59.7087859471645 56.042957750957 52.3771295547495 48.7113013585413 46.5639216423038 44.9226914193899 43.2814611964758 41.6402309735619 39.999000750648 38.3577705277339 36.71654030482 35.7309610366819 36.7123346328734 37.6937082290648 38.6750818252561 39.6564554214476 40.637829017639 41.6192026138303 42.6005762100218 43.3982089360553 44.1345947053695 44.8709804746838 45.607366243998 46.3437520133122 47.0801377826265 47.8165235519407 48.1101482603287 47.0754897859364 46.0408313115439 45.0061728371516 43.9715143627593 42.9368558883668 41.9021974139745 40.8675389395822 39.8721527417502 38.8898573027719 37.9075618637935 36.925266424815 35.9429709858367 34.9606755468583 33.9783801078798 33.1938872814179 33.002802292506 32.811717303594 32.6206323146821
61.6829181035369 58.3360835393275 54.9892489751187 51.6424144109099 48.2955798467005 46.2659073829654 44.6752889527219 43.0846705224781 41.4940520922346 39.9034336619911 38.3128152317473 36.7221968015038 35.7839292526243 36.8027143478392 37.821499443054 38.8402845382688 39.8590696334837 40.8778547286985 41.8966398239133 42.9154249191283 43.732688585917 44.4827784432303 45.2328683005438 45.9829581578571 46.7330480151704 47.4831378724839 48.2332277297972 48.5319077597726 47.4763583077327 46.4208088556927 45.3652594036528 44.3097099516129 43.2541604995729 42.198611047533 41.1430615954932 40.1164439837139 39.0994703186885 38.0824966536631 37.0655229886374 36.048549323612 35.0315756585866 34.014601993561 33.2002143700918 32.9935848712922 32.7869553724925 32.5803258736929
59.9912220637013 56.9633811314906 53.9355401992805 50.9076992670703 47.8798583348596 45.967893123627 44.4278864860539 42.8878798484804 41.3478732109073 39.8078665733341 38.2678599357607 36.7278532981875 35.8368974685666 36.893094062805 37.9492906570433 39.0054872512815 40.0616838455199 41.1178804397581 42.1740770339963 43.2302736282347 44.0671682357786 44.8309621810911 45.5947561264037 46.3585500717161 47.1223440170286 47.8861379623411 48.6499319076536 48.9536672592165 47.877226829529 46.8007863998414 45.724345970154 44.6479055404666 43.5714651107789 42.4950246810915 41.4185842514041 40.3607352256776 39.3090833346051 38.2574314435326 37.2057795524599 36.1541276613873 35.1024757703148 34.0508238792421 33.2065414587657 32.9843674500784 32.762193441391 32.5400194327037
58.2995260238656 55.5906787236537 52.8818314234422 50.1729841232307 47.4641368230188 45.6698788642886 44.1804840193858 42.6910891744828 41.2016943295799 39.7122994846771 38.2229046397741 36.7335097948713 35.889865684509 36.9834737777709 38.0770818710325 39.1706899642942 40.264298057556 41.3579061508177 42.4515142440793 43.5451223373411 44.4016478856403 45.1791459189519 45.9566439522636 46.7341419855752 47.5116400188868 48.2891380521985 49.0666360855101 49.3754267586604 48.2780953513254 47.1807639439902 46.0834325366552 44.9861011293202 43.888769721985 42.79143831465 41.694106907315 40.6050264676413 39.5186963505217 38.4323662334021 37.3460361162823 36.2597059991627 35.1733758820431 34.0870457649233 33.2128685474396 32.9751500288646 32.7374315102896 32.4997129917145
56.7774604055624 54.2876326349051 51.7978048642482 49.3079770935913 46.818149322934 45.1374348640445 43.726424842411 42.3154148207773 40.9044047991438 39.4933947775103 38.0823847558765 36.671374734243 35.8885780652362 36.9904214541116 38.0922648429869 39.1941082318621 40.2959516207376 41.3977950096129 42.4996383984881 43.6014817873636 44.4404391288756 45.1917677879332 45.9430964469909 46.6944251060485 47.4457537651061 48.1970824241638 48.9484110832214 49.2433214505517 48.1689769426985 47.0946324348452 46.0202879269921 44.9459434191389 43.8715989112856 42.7972544034325 41.7229098955793 40.6488128662111 39.5747983296715 38.5007837931318 37.426769256592 36.3527547200523 35.2787401835127 34.2047256469728 33.3322319030762 33.0643005371094 32.7963691711426 32.5284378051758
55.4250252087919 53.054242865245 50.6834605216986 48.3126781781522 45.9418958346053 44.3705611228946 43.0657089551294 41.7608567873639 40.4560046195987 39.1511524518334 37.846300284068 36.5414481163027 35.833034610748 36.9139370918273 37.9948395729063 39.0757420539854 40.1566445350646 41.2375470161436 42.3184494972227 43.3993519783019 44.1835419654845 44.868827788035 45.5541136105855 46.2393994331359 46.9246852556864 47.6099710782369 48.2952569007874 48.5573513348901 47.5498716036483 46.5423918724063 45.5349121411645 44.5274324099226 43.5199526786807 42.5124729474388 41.504993216197 40.4920944213869 39.4773892720543 38.4626841227216 37.4479789733888 36.4332738240562 35.4185686747236 34.4038635253908 33.5646315256755 33.2518189748129 32.9390064239502 32.6261938730876
54.0725900120212 51.8208530955849 49.5691161791489 47.3173792627129 45.0656423462766 43.6036873817447 42.4049930678477 41.2062987539505 40.0076044400536 38.8089101261566 37.6102158122594 36.4115214983624 35.7774911562599 36.8374527295429 37.8974143028258 38.9573758761086 40.0173374493916 41.0772990226744 42.1372605959572 43.1972221692402 43.9266448020934 44.5458877881367 45.1651307741801 45.7843737602233 46.4036167462666 47.02285973231 47.6421027183533 47.8713812192284 46.9307662645979 45.9901513099673 45.0495363553368 44.1089214007063 43.1683064460756 42.2276914914452 41.2870765368147 40.3353759765627 39.3799802144371 38.4245844523115 37.4691886901857 36.5137929280601 35.5583971659345 34.6030014038087 33.7970311482748 33.4393374125164 33.0816436767579 32.7239499409994
52.7201548152506 50.5874633259247 48.4547718365992 46.3220803472737 44.1893888579478 42.8368136405948 41.744277180566 40.6517407205372 39.5592042605085 38.4666678004798 37.3741313404509 36.2815948804222 35.7219477017718 36.7609683672586 37.7999890327452 38.8390096982318 39.8780303637186 40.9170510292052 41.9560716946918 42.9950923601785 43.6697476387023 44.2229477882384 44.7761479377746 45.3293480873108 45.8825482368469 46.4357483863831 46.9889485359192 47.1854111035668 46.3116609255476 45.4379107475283 44.5641605695091 43.69041039149 42.8166602134706 41.9429100354515 41.0691598574323 40.1786575317385 39.2825711568199 38.3864847819013 37.4903984069826 36.594312032064 35.6982256571454 34.8021392822267 34.0294307708741 33.6268558502198 33.2242809295655 32.8217060089112
51.3677196184801 49.3540735562647 47.3404274940496 45.3267814318345 43.3131353696191 42.0699398994449 41.0835612932844 40.0971826871238 39.1108040809634 38.1244254748029 37.1380468686423 36.1516682624819 35.6664042472837 36.6844840049743 37.7025637626646 38.720643520355 39.7387232780456 40.7568030357359 41.7748827934263 42.7929625511169 43.4128504753112 43.9000077883402 44.3871651013692 44.8743224143982 45.3614797274271 45.8486370404562 46.3357943534851 46.4994409879052 45.6925555864973 44.8856701850893 44.0787847836815 43.2718993822737 42.4650139808657 41.6581285794578 40.85124317805 40.0219390869142 39.1851620992027 38.3483851114911 37.5116081237794 36.6748311360679 35.8380541483563 35.0012771606446 34.2618303934734 33.8143742879233 33.3669181823731 32.919462076823
50.0152844217095 48.1206837866045 46.2260831514999 44.3314825163953 42.4368818812904 41.3030661582949 40.4228454060028 39.5426246537104 38.6624039014183 37.7821831491261 36.9019623968338 36.0217416445416 35.6108607927956 36.6079996426899 37.6051384925841 38.6022773424782 39.5994161923726 40.5965550422667 41.5936938921609 42.5908327420552 43.1559533119201 43.5770677884419 43.9981822649638 44.4192967414856 44.8404112180074 45.2615256945293 45.682640171051 45.8134708722435 45.073450247447 44.3334296226504 43.5934089978538 42.8533883730573 42.1133677482607 41.3733471234641 40.6333264986676 39.86522064209 39.0877530415855 38.310285441081 37.5328178405763 36.7553502400718 35.9778826395673 35.2004150390626 34.4942300160727 34.0018927256267 33.5095554351807 33.0172181447348
48.6593337694809 46.8805136044824 45.1016934394841 43.3228732744858 41.5440531094872 40.5100937525434 39.7244213316178 38.9387489106922 38.1530764897666 37.3674040688411 36.5817316479154 35.7960592269899 35.4496718512639 36.4211396111382 37.3926073710122 38.3640751308863 39.3355428907606 40.3070106506346 41.2784784105087 42.249946170383 42.7964197158813 43.2012285232544 43.6060373306274 44.0108461380005 44.4156549453735 44.8204637527466 45.2252725601196 45.3643796284995 44.7063814798993 44.0483833312989 43.3903851826987 42.7323870340985 42.0743888854981 41.4163907368979 40.7583925882977 40.0228163083395 39.2613806512622 38.4999449941849 37.7385093371074 36.9770736800301 36.2156380229528 35.4542023658753 34.7493322531383 34.2141587734224 33.6789852937063 33.1438118139904
47.2998676617946 45.6335630098983 43.9672583580022 42.3009537061061 40.6346490542097 39.6910226821902 38.9882890701297 38.285555458069 37.5828218460085 36.880088233948 36.1773546218874 35.4746210098268 35.1828374226886 36.123903910319 37.0649703979491 38.0060368855793 38.9471033732096 39.8881698608398 40.8292363484699 41.7703028361002 42.3342496871948 42.7724899927775 43.2107302983602 43.6489706039429 44.0872109095255 44.5254512151082 44.9636915206909 45.1521672566733 44.5913492838543 44.0305313110353 43.4697133382163 42.9088953653973 42.3480773925782 41.7872594197592 41.2264414469402 40.4947260856629 39.7060449282329 38.917363770803 38.1286826133729 37.3400014559429 36.551320298513 35.7626391410828 35.0271371046703 34.4511724313101 33.8752077579499 33.2992430845897
