data/working_set_collections/6091692-Cassins_Sparrow-MC/1995/bio17.asc
NCOLS 265 
NROWS 230 
XLLCORNER -115.5625 
YLLCORNER 24.8333333333333 
CELLSIZE 0.0833333333333333 
NODATA_value -9999 
[rows 200 to 219 of 230, columns 46 to 91 of 265]
-9999 -9999 -9999 -9999 -9999 -9999 -9999 -9999 -9999 -9999 -9999 -9999 -9999 -9999 -9999 2.34831716318922 2.63161799874566 2.91491883430215 3.19821966985859 3.48152050541503 3.76482134097152 4.47406150897333 5.32528145445703 6.17650139994088 7.02772134542458 7.87894129090828 8.73016123639212 9.58138118187582 10.4756611227988 11.4991210500399 12.5225809772809 13.5460409045218 14.569500831763 15.5929607590039 16.6164206862449 17.639880613486 18.3107821464539 18.8641642146641 19.4175462828743 19.9709283510844 20.5243104192946 21.0776924875048 21.631074555715 22.0265989144644 21.9485501448314 21.8705013751985
-9999 -9999 -9999 -9999 -9999 -9999 -9999 -9999 -9999 -9999 -9999 -9999 -9999 -9999 -9999 -9999 2.52566420667697 2.78922281033462 3.05278141399223 3.31634001764984 3.57989862130749 4.22519123951586 4.99772852924124 5.77026581896675 6.54280310869213 7.31534039841751 8.08787768814303 8.86041497786841 9.68551929394397 10.6683246890704 11.6511300841967 12.633935479323 13.6167408744495 14.5995462695758 15.5823516647021 16.5651570598285 17.2527291297914 17.8418900913663 18.4310510529413 19.0202120145163 19.6093729760912 20.1985339376663 20.7876948992412 21.2425355434419 21.2944152355195 21.3462949275971
-9999 -9999 -9999 -9999 -9999 -9999 -9999 -9999 -9999 -9999 -9999 -9999 -9999 -9999 -9999 -9999 -9999 2.66352678636709 2.90734315812586 3.15115952988463 3.39497590164344 3.97632097005837 4.67017560402542 5.36403023799259 6.05788487195965 6.75173950592671 7.44559413989388 8.13944877386094 8.89537746508908 9.83752832810088 10.7796791911125 11.7218300541241 12.6639809171359 13.6061317801476 14.5482826431592 15.490433506171 16.1946761131287 16.8196159680685 17.4445558230083 18.0694956779481 18.6944355328878 19.3193753878276 19.9443152427674 20.4584721724193 20.6402803262076 20.8220884799958
-9999 -9999 -9999 -9999 -9999 -9999 -9999 -9999 -9999 -9999 -9999 -9999 -9999 -9999 -9999 -9999 -9999 -9999 -9999 2.98597904211942 3.21005318197939 3.72745070060087 4.3426226788096 4.95779465701844 5.57296663522717 6.1881386134359 6.80331059164473 7.41848256985346 8.10523563623419 9.00673196713131 9.90822829802828 10.8097246289252 11.7112209598224 12.6127172907193 13.5142136216163 14.4157099525134 15.1366230964661 15.7973418447706 16.4580605930753 17.1187793413798 17.7794980896844 18.440216837989 19.1009355862935 19.6744088013967 19.9861454168956 20.2978820323944
-9999 -9999 -9999 -9999 -9999 -9999 -9999 -9999 -9999 -9999 -9999 -9999 -9999 -9999 -9999 -9999 -9999 -9999 -9999 -9999 3.18276851276552 3.64221991697936 4.18051049179489 4.7188010666105 5.25709164142602 5.79538221624155 6.33367279105716 6.87196336587268 7.49129696289687 8.35375962654749 9.21622229019796 10.0786849538484 10.9411476174991 11.8036102811495 12.6660729448 13.5285356084506 14.23915143013 14.8991516378191 15.5591518455082 16.2191520531973 16.8791522608863 17.5391524685755 18.1991526762645 18.8036072042254 19.2414246930018 19.679242181778
-9999 -9999 -9999 -9999 -9999 -9999 -9999 -9999 -9999 -9999 -9999 -9999 -9999 -9999 -9999 -9999 -9999 -9999 -9999 -9999 -9999 3.72062861919394 4.18383904298136 4.64704946676886 5.11025989055628 5.5734703143437 6.0366807381312 6.49989116191863 7.05356144507715 7.87861130634942 8.70366116762156 9.5287110288937 10.353760890166 11.1788107514381 12.0038606127102 12.8289104739825 13.5022611141205 14.1250453472137 14.7478295803071 15.3706138134003 15.9933980464935 16.6161822795869 17.2389665126801 17.8460673809052 18.4061181545258 18.9661689281464
0.855990302811082 0.886707146879715 -9999 -9999 -9999 -9999 -9999 -9999 -9999 -9999 -9999 -9999 -9999 -9999 -9999 -9999 -9999 -9999 -9999 -9999 -9999 -9999 4.18716759416783 4.57529786692722 4.96342813968654 5.35155841244586 5.73968868520525 6.12781895796457 6.61582592725742 7.40346298615136 8.19110004504516 8.97873710393896 9.76637416283289 10.5540112217267 11.3416482806205 12.1292853395144 12.765370798111 13.3509390566084 13.9365073151059 14.5220755736033 15.1076438321008 15.6932120905983 16.2787803490957 16.888527557585 17.5708116160499 18.2530956745148
0.706801178803072 0.729706799073378 -9999 -9999 -9999 -9999 -9999 -9999 -9999 -9999 -9999 -9999 -9999 -9999 -9999 -9999 -9999 -9999 -9999 -9999 -9999 -9999 -9999 4.50354626708558 4.81659638881681 5.12964651054804 5.44269663227931 5.75574675401054 6.17809040943773 6.92831466595333 7.6785389224688 8.42876317898426 9.17898743549986 9.92921169201533 10.6794359485308 11.4296602050464 12.0284804821015 12.5768327660031 13.1251850499048 13.6735373338064 14.221889617708 14.7702419016098 15.3185941855114 15.9309877342648 16.7355050775741 17.5400224208832
0.55761205479505 0.572706451267027 -9999 -9999 -9999 -9999 -9999 -9999 -9999 -9999 -9999 -9999 -9999 -9999 -9999 -9999 -9999 -9999 -9999 -9999 -9999 -9999 -9999 -9999 4.66976463794707 4.90773460865019 5.14570457935336 5.38367455005648 5.74035489161801 6.45316634575526 7.16597779989239 7.87878925402952 8.59160070816678 9.30441216230391 10.017223616441 10.7300350705783 11.291590166092 11.8027264753978 12.3138627847037 12.8249990940095 13.3361354033153 13.8472717126212 14.358408021927 14.9734479109446 15.9001985390981 16.8269491672515
0.408422930787027 0.415706103460677 0.422989276134328 -9999 -9999 -9999 -9999 -9999 -9999 -9999 -9999 -9999 -9999 -9999 -9999 -9999 -9999 -9999 -9999 -9999 -9999 -9999 -9999 -9999 -9999 -9999 -9999 -9999 5.30261937379828 5.97801802555719 6.65341667731599 7.32881532907479 8.0042139808337 8.67961263259249 9.35501128435129 10.0304099361102 10.5546998500824 11.0286201847924 11.5025405195025 11.9764608542125 12.4503811889225 12.9243015236326 13.3982218583425 14.0159080876243 15.0648920006222 16.1138759136199
0.369791244218732 0.375033523390674 0.380275802562618 -9999 -9999 -9999 -9999 -9999 -9999 -9999 -9999 -9999 -9999 -9999 -9999 -9999 -9999 -9999 -9999 -9999 -9999 -9999 -9999 -9999 -9999 -9999 -9999 -9999 5.05056422948824 5.69877054293945 6.34697685639054 6.99518316984164 7.64338948329285 8.29159579674395 8.93980211019505 9.58800842364625 10.0750425100326 10.5083525207307 10.9416625314289 11.374972542127 11.8082825528251 12.2415925635232 12.6749025742213 13.2773792531754 14.3873559368981 15.4973326206206
0.441716995090232 0.450688711057092 0.459660427023952 0.468632142990812 0.477603858957671 -9999 -9999 -9999 -9999 -9999 -9999 -9999 -9999 -9999 -9999 -9999 -9999 -9999 -9999 -9999 -9999 -9999 -9999 -9999 -9999 -9999 -9999 -9999 4.98418945868797 5.61542389790211 6.24665833711615 6.87789277633019 7.50912721554433 8.14036165475837 8.77159609397241 9.40283053318655 9.85261814594266 10.2419234832127 10.6312288204829 11.020534157753 11.4098394950231 11.7991448322932 12.1884501695633 12.7578614075977 13.8675903479258 14.9773192882537
0.513642745961733 0.526343898723509 0.539045051485287 0.551746204247063 0.564447357008839 -9999 -9999 -9999 -9999 -9999 -9999 -9999 -9999 -9999 -9999 -9999 -9999 -9999 -9999 -9999 -9999 -9999 -9999 -9999 -9999 -9999 -9999 -9999 4.9178146878877 5.53207725286478 6.14633981784176 6.76060238281873 7.37486494779582 7.9891275127728 8.60339007774977 9.21765264272685 9.63019378185269 9.97549444569478 10.3207951095369 10.666095773379 11.0113964372211 11.3566971010632 11.7019977649053 12.23834356202 13.3478247589535 14.4573059558867
0.585568496833234 0.601999086389927 0.618429675946622 0.634860265503315 0.651290855060008 -9999 -9999 -9999 -9999 -9999 -9999 -9999 -9999 -9999 -9999 -9999 -9999 -9999 -9999 -9999 -9999 -9999 -9999 -9999 -9999 -9999 -9999 -9999 4.85143991708743 5.44873060782745 6.04602129856736 6.64331198930728 7.2406026800473 7.83789337078722 8.43518406152713 9.03247475226716 9.40776941776273 9.70906540817681 10.0103613985909 10.311657389005 10.6129533794191 10.9142493698332 11.2155453602473 11.7188257164423 12.8280591699811 13.9372926235198
0.657494247704729 0.677654274056338 0.69781430040795 0.717974326759559 0.738134353111168 -9999 -9999 -9999 -9999 -9999 -9999 -9999 -9999 -9999 -9999 -9999 -9999 -9999 -9999 -9999 -9999 -9999 -9999 -9999 -9999 -9999 -9999 -9999 4.78506514628716 5.36538396279012 5.94570277929298 6.52602159579584 7.1063404122988 7.68665922880165 8.26697804530451 8.84729686180747 9.18534505367278 9.44263637065886 9.69992768764498 9.95721900463106 10.2145103216171 10.4718016386033 10.7290929555893 11.1993078708647 12.3082935810089 13.4172792911529
0.729419998576223 0.753309461722749 0.777198924869278 0.801088388015804 0.824977851162329 -9999 -9999 1.02016123077932 -9999 -9999 -9999 -9999 -9999 -9999 -9999 -9999 -9999 -9999 -9999 -9999 -9999 -9999 -9999 -9999 -9999 -9999 -9999 4.49349144498507 4.7186903754869 5.28203731775279 5.84538426001859 6.40873120228439 6.97207814455029 7.53542508681609 8.09877202908189 8.66211897134779 8.96292068958284 9.17620733314092 9.38949397669903 9.6027806202571 9.81606726381518 10.0293539073733 10.2426405509314 10.6797900252871 11.7885279920366 12.8972659587859
0.799382526675848 0.82588113976848 0.852379752861118 0.878878365953751 0.905376979046383 -9999 -9999 -9999 -9999 -9999 -9999 -9999 -9999 -9999 -9999 -9999 -9999 -9999 -9999 -9999 -9999 -9999 -9999 -9999 -9999 -9999 4.33707023726568 4.4566162586212 4.68341144190882 5.23195411099322 5.78049678007753 6.32903944916183 6.87758211824623 7.42612478733054 7.97466745641485 8.52321012549925 8.79523893992104 8.97509646945527 9.15495399898953 9.33481152852375 9.51466905805798 9.69452658759224 9.87438411712646 10.2784910202024 11.3553460439045 12.4322010676065
0.867381832003577 0.895369308193506 0.923356784383441 0.95134426057337 0.979331736763299 -9999 1.07064428329465 -9999 -9999 -9999 -9999 -9999 -9999 -9999 -9999 -9999 -9999 -9999 -9999 -9999 -9999 -9999 -9999 -9999 -9999 -9999 4.30723148981729 4.44324312210081 4.67922834555296 5.21513434251144 5.75104033946982 6.28694633642821 6.82285233338669 7.35875833034507 7.89466432730346 8.43057032426194 8.68229980468749 8.83930377960204 8.99630775451661 9.15331172943116 9.3103157043457 9.46731967926027 9.62432365417482 9.99541085561098 11.0087477366129 12.0220846176146
0.935381137331306 0.964857476618532 0.994333815905763 1.02381015519299 1.05328649448022 -9999 -9999 -9999 -9999 -9999 -9999 -9999 -9999 -9999 -9999 -9999 -9999 -9999 -9999 -9999 -9999 -9999 -9999 -9999 -9999 -9999 -9999 4.42986998558042 4.6750452491971 5.19831457402965 5.72158389886212 6.24485322369459 6.76812254852714 7.29139187335961 7.81466119819207 8.33793052302463 8.56936066945394 8.70351108974881 8.8376615100437 8.97181193033856 9.10596235063342 9.24011277092831 9.37426319122318 9.71233069101954 10.6621494293213 11.6119681676228
1.00338044265905 1.03434564504357 1.0653108474281 1.09627604981262 1.12724125219714 1.15820645458167 -9999 -9999 -9999 -9999 -9999 -9999 -9999 -9999 -9999 -9999 -9999 -9999 -9999 -9999 -9999 -9999 -9999 -9999 -9999 -9999 -9999 -9999 4.67086215284124 5.18149480554787 5.69212745825441 6.20276011096095 6.71339276366758 7.22402541637413 7.73465806908067 8.2452907217873 8.45642153422037 8.56771839989555 8.67901526557075 8.79031213124593 8.90160899692111 9.01290586259631 9.12420272827149 9.42925052642805 10.3155511220296 11.2018517176309
