data/working_set_collections/6091692-Cassins_Sparrow-MC/1995/bio16.asc
NCOLS 265 
NROWS 230 
XLLCORNER -115.5625 
YLLCORNER 24.8333333333333 
CELLSIZE 0.0833333333333333 
NODATA_value -9999 
[rows 180 to 199 of 230, columns 138 to 183 of 265]
114.87514966329 114.207041549683 113.538933436076 112.870825322469 113.854868062337 115.389627753364 116.92438744439 118.459147135417 119.993906826443 121.52866651747 123.063426208496 124.273349592421 124.50876405504 124.74417851766 124.979592980279 125.215007442898 125.450421905518 125.685836368137 125.921250830756 129.767835426329 134.818143399555 139.86845137278 144.918759346007 149.969067319232 155.019375292458 160.069683265684 163.413698408338 161.638835059272 159.863971710205 158.089108361138 156.314245012071 154.539381663004 152.764518313937 150.989654964871 155.096089680988 161.162957085502 167.229824490015 173.29669189453 179.363559299043 185.430426703557 191.497294108071 196.884947374131 200.234958224825 203.58496907552 206.934979926214 210.284990776909
114.191004816691 113.388592910767 112.586181004842 111.783769098918 112.571044921875 113.88821665446 115.205388387044 116.522560119629 117.839731852214 119.156903584798 120.474075317383 121.659779612224 122.451081593832 123.24238357544 124.033685557048 124.824987538655 125.616289520264 126.407591501871 127.198893483479 131.459577751158 136.876722780862 142.293867810565 147.71101284027 153.128157869973 158.545302899676 163.962447929381 167.552401987711 165.660783131917 163.769164276123 161.877545420329 159.985926564534 158.09430770874 156.202688852946 154.311069997152 158.247552490233 164.126735432941 170.005918375649 175.885101318358 181.764284261066 187.643467203774 193.522650146483 198.679646809895 201.670084635416 204.660522460937 207.650960286458 210.641398111978
113.506859970093 112.570144271851 111.633428573609 110.696712875367 111.287221781413 112.386805555556 113.486389329698 114.585973103841 115.685556877984 116.785140652127 117.88472442627 119.046209632026 120.393399132623 121.740588633219 123.087778133816 124.434967634413 125.78215713501 127.129346635606 128.476536136203 133.151320075988 138.935302162169 144.71928424835 150.503266334532 156.287248420714 162.071230506895 167.855212593077 171.691105567084 169.682731204563 167.674356842041 165.665982479519 163.657608116998 161.649233754476 159.640859391954 157.632485029433 161.399015299478 167.09051378038 172.782012261283 178.473510742186 184.165009223089 189.856507703991 195.548006184895 200.474346245659 203.105211046006 205.736075846354 208.366940646701 210.997805447048
112.822715123495 111.751695632935 110.680676142375 109.609656651815 110.003398640951 110.885394456652 111.767390272353 112.649386088054 113.531381903755 114.413377719456 115.295373535157 116.432639651828 118.335716671414 120.238793690999 122.141870710585 124.04494773017 125.948024749756 127.851101769341 129.754178788926 134.843062400816 140.993881543476 147.144700686135 153.295519828795 159.446338971454 165.597158114113 171.747977256773 175.829809146457 173.704679277208 171.579549407959 169.45441953871 167.329289669461 165.204159800211 163.079029930962 160.953900061713 164.550478108722 170.054292127819 175.558106146916 181.061920166014 186.565734185111 192.069548204208 197.573362223306 202.269045681423 204.540337456596 206.81162923177 209.082921006944 211.354212782117
112.138570276897 110.933246994019 109.727923711141 108.522600428264 108.719575500488 109.383983357748 110.048391215007 110.712799072266 111.377206929525 112.041614786784 112.706022644043 113.819069671631 116.278034210205 118.736998748779 121.195963287353 123.654927825927 126.113892364502 128.572856903075 131.031821441649 136.534804725646 143.052460924783 149.570117123919 156.087773323058 162.605429522194 169.123085721331 175.640741920469 179.96851272583 177.726627349853 175.484741973877 173.2428565979 171.000971221924 168.759085845947 166.517200469971 164.275315093994 167.701940917967 173.018070475259 178.33420003255 183.650329589842 188.966459147134 194.282588704425 199.598718261717 204.063745117187 205.975463867187 207.887182617187 209.798901367187 211.710620117187
111.454425430298 110.114798355103 108.775171279908 107.435544204712 107.435752360026 107.882572258843 108.329392157661 108.776212056478 109.223031955295 109.669851854113 110.11667175293 111.205499691433 114.220351748996 117.235203806559 120.250055864122 123.264907921684 126.279759979248 129.29461203681 132.309464094373 138.226547050475 145.111040306089 151.995533561704 158.88002681732 165.764520072935 172.64901332855 179.533506584166 184.107216305203 181.748575422499 179.389934539795 177.031293657091 174.672652774387 172.314011891683 169.955371008979 167.596730126275 170.853403727212 175.981848822698 181.110293918184 186.238739013671 191.367184109156 196.495629204642 201.624074300129 205.858444552951 207.410590277777 208.962736002604 210.51488172743 212.067027452256
111.310910542806 109.961565653483 108.61222076416 107.262875874837 107.109228642781 107.354147296482 107.599065950182 107.843984603882 108.088903257582 108.333821911282 108.578740564982 109.60700586107 112.985311084323 116.363616307576 119.741921530829 123.120226754082 126.498531977335 129.876837200588 133.255142423841 139.436915842691 146.553178660073 153.669441477455 160.785704294839 167.901967112221 175.018229929604 182.134492746987 186.858699035645 184.406735738119 181.954772440593 179.502809143067 177.050845845541 174.598882548015 172.146919250489 169.694955952963 172.86491165161 177.908840348984 182.952769046358 187.996697743733 193.040626441107 198.08455513848 203.128483835855 207.260828399658 208.658420562744 210.05601272583 211.453604888915 212.851197052001
111.708025614421 110.47354888916 109.2390721639 108.00459543864 107.740004348755 107.798708470662 107.85741259257 107.916116714478 107.974820836385 108.033524958293 108.0922290802 109.023588180541 112.572912216186 116.12223625183 119.671560287475 123.220884323119 126.770208358764 130.319532394408 133.868856430053 140.165911102294 147.378875986733 154.591840871173 161.804805755614 169.017770640054 176.230735524493 183.443700408934 188.222960917155 185.701108296713 183.17925567627 180.657403055827 178.135550435385 175.613697814942 173.091845194499 170.569992574057 173.736464691161 178.799045054117 183.861625417072 188.924205780028 193.986786142984 199.049366505939 204.111946868895 208.270896657307 209.718954722086 211.167012786865 212.615070851643 214.063128916422
112.105140686035 110.985532124837 109.865923563639 108.746315002442 108.370780054728 108.243269644843 108.115759234958 107.988248825073 107.860738415188 107.733228005303 107.605717595418 108.440170500013 112.160513348049 115.880856196085 119.601199044121 123.321541892157 127.041884740193 130.762227588229 134.482570436265 140.894906361896 148.204573313393 155.51424026489 162.823907216389 170.133574167886 177.443241119382 184.752908070881 189.587222798666 186.995480855307 184.403738911947 181.811996968588 179.220255025228 176.628513081869 174.03677113851 171.44502919515 174.608017730712 179.689249759249 184.770481787786 189.851713816324 194.932945844861 200.014177873398 205.095409901936 209.280964914957 210.779488881428 212.2780128479 213.776536814371 215.275060780842
112.50225575765 111.497515360514 110.492774963379 109.488034566244 109.001555760701 108.687830819024 108.374105877346 108.060380935669 107.746655993992 107.432931052314 107.119206110637 107.856752819484 111.748114479912 115.63947614034 119.530837800767 123.422199461194 127.313561121622 131.204922782049 135.096284442477 141.623901621499 149.030270640053 156.436639658608 163.843008677163 171.249377695717 178.655746714272 186.062115732827 190.951484680176 188.2898534139 185.628222147624 182.966590881348 180.304959615072 177.643328348796 174.98169708252 172.320065816244 175.479570770263 180.579454464381 185.6793381585 190.779221852619 195.879105546738 200.978989240857 206.078872934976 210.291033172607 211.840023040771 213.389012908935 214.938002777099 216.486992645263
112.899370829265 112.009498596191 111.119626363119 110.229754130046 109.632331466675 109.132391993205 108.632452519735 108.132513046265 107.632573572795 107.132634099325 106.632694625855 107.273335138956 111.335715611775 115.398096084594 119.460476557413 123.522857030232 127.585237503051 131.64761797587 135.709998448689 142.352896881102 149.855967966714 157.359039052325 164.862110137938 172.36518122355 179.868252309161 187.371323394774 192.315746561687 189.584225972494 186.852705383301 184.121184794109 181.389664204916 178.658143615723 175.92662302653 173.195102437338 176.351123809813 181.469659169514 186.588194529214 191.706729888915 196.825265248615 201.943800608315 207.062335968017 211.301101430257 212.900557200113 214.50001296997 216.099468739827 217.698924509684
113.296485900879 112.521481831869 111.746477762858 110.971473693848 110.263107172648 109.576953167386 108.890799162123 108.20464515686 107.518491151598 106.832337146335 106.146183141073 106.689917458427 110.923316743638 115.156716028849 119.390115314059 123.623514599269 127.85691388448 132.09031316969 136.323712454901 143.081892140705 150.681665293374 158.281438446043 165.881211598713 173.480984751382 181.08075790405 188.680531056721 193.680008443197 190.878598531088 188.077188618978 185.275778706869 182.47436879476 179.67295888265 176.871548970541 174.070139058432 177.222676849364 182.359863874646 187.497050899928 192.634237925211 197.771424950492 202.908611975774 208.045799001057 212.311169687906 213.961091359456 215.611013031005 217.260934702555 218.910856374104
114.802003288269 114.085924339294 113.369845390319 112.653766441345 111.80552628835 110.913232400682 110.020938513014 109.128644625346 108.236350737678 107.344056850009 106.451762962341 106.804278522066 110.891222423976 114.978166325886 119.065110227796 123.152054129706 127.238998031616 131.325941933525 135.412885835435 142.039693768818 149.513123046026 156.986552323234 164.459981600443 171.933410877651 179.406840154859 186.880269432068 191.784379789566 188.980533387928 186.176686986289 183.372840584651 180.568994183012 177.765147781374 174.961301379735 172.157454978097 175.325794474284 180.484862603081 185.643930731879 190.802998860677 195.962066989475 201.121135118272 206.28020324707 210.619807137384 212.501018312243 214.382229487102 216.26344066196 218.144651836819
117.415922991434 116.702826118469 115.989729245503 115.276632372538 114.259588813782 113.141229693095 112.022870572408 110.904511451721 109.786152331034 108.667793210348 107.549434089661 107.616418329874 111.23943265279 114.862446975707 118.485461298624 122.10847562154 125.731489944458 129.354504267374 132.977518590291 139.226301765441 146.350341224669 153.474380683897 160.598420143127 167.722459602355 174.846499061583 181.970538520813 186.628860600791 183.890030543011 181.151200485231 178.412370427451 175.673540369671 172.934710311891 170.195880254111 167.457050196331 170.66047668457 175.844655354817 181.028834025064 186.213012695312 191.39719136556 196.581370035807 201.765548706055 206.227013778687 208.520338058472 210.813662338257 213.106986618042 215.400310897827
120.0298426946 119.319727897644 118.609613100687 117.899498303731 116.713651339213 115.369226985508 114.024802631802 112.680378278096 111.335953924391 109.991529570686 108.64710521698 108.428558137681 111.587642881604 114.746727625528 117.905812369452 121.064897113375 124.223981857299 127.383066601223 130.542151345146 136.412909762064 143.187559403312 149.962209044561 156.736858685811 163.511508327059 170.286157968308 177.060807609558 181.473341412016 178.799527698094 176.125713984173 173.451900270251 170.77808655633 168.104272842408 165.430459128487 162.756645414566 165.995158894857 171.204448106553 176.41373731825 181.623026529948 186.832315741644 192.041604953341 197.250894165039 201.83422041999 204.539657804701 207.245095189412 209.950532574124 212.655969958835
122.643762397766 121.936629676818 121.229496955871 120.522364234924 119.167713864644 117.59722427792 116.026734691196 114.456245104472 112.885755517748 111.315265931024 109.744776344299 109.240697945488 111.935853110419 114.63100827535 117.32616344028 120.02131860521 122.716473770141 125.411628935072 128.106784100002 133.599517758687 140.024777581956 146.450037405225 152.875297228495 159.300557051764 165.725816875033 172.151076698303 176.317822223241 173.709024853178 171.100227483115 168.491430113052 165.882632742989 163.273835372926 160.665038002863 158.056240632801 161.329841105143 166.56424085829 171.798640611436 177.033040364583 182.26744011773 187.501839870876 192.736239624023 197.441427061293 200.55897755093 203.676528040568 206.794078530206 209.911629019843
125.257682100932 124.553531455993 123.849380811055 123.145230166117 121.621776390076 119.825221570333 118.02866675059 116.232111930847 114.435557111104 112.639002291362 110.842447471619 110.052837753295 112.284063339233 114.515288925171 116.746514511108 118.977740097045 121.208965682983 123.440191268921 125.671416854858 130.78612575531 136.861995760599 142.937865765888 149.013735771179 155.089605776468 161.165475781758 167.241345787048 171.162303034466 168.618522008262 166.074740982057 163.530959955853 160.987178929648 158.443397903444 155.899616877239 153.355835851035 156.66452331543 161.924033610026 167.183543904622 172.443054199219 177.702564493815 182.962074788411 188.221585083008 193.048633702596 196.578297297159 200.107960891724 203.637624486287 207.167288080851
127.871601804097 127.170433235168 126.469264666239 125.76809609731 124.075838915507 122.053218862746 120.030598809984 118.007978757223 115.985358704461 113.9627386517 111.940118598938 110.864977561102 112.632273568047 114.399569574992 116.166865581936 117.93416158888 119.701457595825 121.46875360277 123.236049609714 127.972733751932 133.699213939242 139.425694126552 145.152174313863 150.878654501173 156.605134688482 162.331614875793 166.006783845691 163.528019163345 161.049254480999 158.570489798653 156.091725116307 153.612960433961 151.134195751615 148.65543106927 151.999205525716 157.283826361762 162.568447197807 167.853068033854 173.1376888699 178.422309705945 183.706930541992 188.655840343899 192.597617043389 196.539393742879 200.481170442369 204.422947141859
130.427149645487 129.572092628479 128.71703561147 127.861978594462 126.012873458862 123.832418950399 121.651964441936 119.471509933472 117.291055425008 115.110600916545 112.930146408081 111.617595375908 112.90875477261 114.199914169311 115.491073566013 116.782232962714 118.073392359416 119.364551756117 120.655711152819 124.984863853454 130.326680988735 135.668498124016 141.010315259298 146.352132394578 151.693949529859 157.035766665141 160.453289498225 158.097929424712 155.742569351198 153.387209277684 151.031849204171 148.676489130657 146.321129057144 143.965768983631 147.398099390666 152.759659957885 158.121220525105 163.482781092326 168.844341659545 174.205902226765 179.567462793986 184.646571180555 188.878323025173 193.110074869792 197.341826714409 201.573578559027
132.924325625102 131.758509635925 130.592693646749 129.426877657573 127.432880020142 125.162821833293 122.892763646444 120.622705459595 118.352647272746 116.082589085897 113.812530899048 112.310691197713 113.113506952921 113.91632270813 114.719138463338 115.521954218547 116.324769973755 117.127585728963 117.930401484172 121.822516059875 126.744396909077 131.66627775828 136.588158607483 141.510039456685 146.431920305887 151.35380115509 154.501819992067 152.32825279236 150.154685592653 147.981118392946 145.807551193239 143.633983993532 141.460416793825 139.286849594118 142.861204910278 148.351534398396 153.841863886514 159.332193374634 164.822522862752 170.31285235087 175.803181838989 181.020826212565 185.420415242512 189.820004272461 194.219593302408 198.619182332356
