data/working_set_collections/6091692-Cassins_Sparrow-MC/1995/bio14.asc
NCOLS 265 
NROWS 230 
XLLCORNER -115.5625 
YLLCORNER 24.8333333333333 
CELLSIZE 0.0833333333333333 
NODATA_value -9999 
[rows 0 to 19 of 230, columns 184 to 229 of 265]
9.63283590873084 9.75625271929636 9.87966952986188 10.0180028676987 10.1613083812926 10.3046138948864 10.4479194084803 10.5912249220742 10.7345304356681 10.877835949262 10.9399657275943 10.7585683001413 10.5771708726884 10.3957734452354 10.2143760177825 10.0329785903296 9.85158116287663 9.6701837354237 9.76830921173096 9.95960898929171 10.1509087668525 10.3422085444133 10.533508321974 10.7248080995348 10.9161078770956 10.9869979408053 10.6966588629618 10.4063197851182 10.1159807072746 9.82564162943109 9.5353025515875 9.24496347374395 8.9546243959004 8.99923425515491 9.15549376010892 9.31175326506293 9.46801277001697 9.62427227497098 9.78053177992499 9.93679128487903 10.1647186067368 10.6076493793063 11.0505801518757 11.4935109244452 11.9364416970146 12.3793724695841
9.34948791265488 9.4576775431633 9.56586717367172 9.6816745042801 9.80002106825511 9.91836763223012 10.0367141962052 10.1550607601802 10.2734073241552 10.3917538881302 10.4424353043239 10.2901212771734 10.137807250023 9.98549322287248 9.83317919572202 9.68086516857153 9.52855114142106 9.3762371142706 9.46457595825195 9.633132425944 9.80168889363605 9.97024536132813 10.1388018290202 10.3073582967122 10.4759147644043 10.5415344158809 10.2983436187109 10.0551528215409 9.81196202437091 9.56877122720092 9.32558043003088 9.08238963286089 8.83919883569089 8.89772355556486 9.05682011445361 9.21591667334235 9.37501323223112 9.53410979111986 9.69320635000861 9.85230290889738 10.0809540430704 10.5182689030964 10.9555837631225 11.3928986231485 11.8302134831745 12.2675283432006
9.06613991657895 9.15910236703027 9.25206481748159 9.34534614086154 9.43873375521769 9.53212136957383 9.62550898393 9.71889659828614 9.81228421264229 9.90567182699845 9.9449048810536 9.82167425420559 9.69844362735757 9.57521300050956 9.45198237366155 9.32875174681353 9.20552111996552 9.08229049311752 9.16084270477297 9.30665586259631 9.45246902041966 9.59828217824303 9.74409533606638 9.88990849388972 10.0357216517131 10.0960708909566 9.90002837446012 9.70398585796364 9.5079433414672 9.31190082497076 9.11585830847429 8.91981579197784 8.7237732754814 8.79621285597482 8.9581464687983 9.12008008162177 9.28201369444528 9.44394730726875 9.60588092009223 9.76781453291574 9.99718947940394 10.4288884268866 10.8605873743692 11.2922863218519 11.7239852693345 12.1556842168172
8.782791920503 8.86052719089722 8.93826246129143 9.00901777744296 9.07744644218024 9.14587510691751 9.2143037716548 9.28273243639208 9.35116110112935 9.41958976586664 9.44737445778325 9.3532272312377 9.25908000469214 9.1649327781466 9.07078555160106 8.9766383250555 8.88249109850995 8.78834387196441 8.85710945129396 8.9801792992486 9.10324914720324 9.2263189951579 9.34938884311254 9.47245869106718 9.59552853902184 9.65060736603215 9.50171313020927 9.35281889438636 9.20392465856347 9.05503042274058 8.90613618691767 8.75724195109479 8.6083477152719 8.69470215638477 8.85947282314298 9.02424348990119 9.18901415665943 9.35378482341764 9.51855549017585 9.68332615693408 9.91342491573749 10.3395079506767 10.765590985616 11.1916740205552 11.6177570554944 12.0438400904337
8.49944392442705 8.56195201476416 8.62446010510128 8.67268941402437 8.71615912914278 8.75962884426119 8.80309855937961 8.84656827449801 8.89003798961642 8.93350770473484 8.9498440345129 8.88478020826981 8.81971638202672 8.75465255578364 8.68958872954056 8.62452490329747 8.55946107705438 8.4943972508113 8.55337619781495 8.65370273590088 8.75402927398682 8.85435581207277 8.9546823501587 9.05500888824464 9.15533542633059 9.20514384110774 9.10339788595842 9.00165193080907 8.89990597565974 8.79816002051041 8.69641406536106 8.59466811021173 8.4929221550624 8.59319145679472 8.76079917748766 8.9284068981806 9.09601461887357 9.26362233956652 9.43123006025946 9.59883778095243 9.82966035207104 10.2501274744668 10.6705945968627 11.0910617192585 11.5115288416543 11.9319959640502
8.21609592835112 8.26337683863113 8.31065774891115 8.33636105060582 8.35487181610536 8.3733825816049 8.39189334710445 8.41040411260399 8.42891487810353 8.44742564360307 8.45231361124259 8.41633318530196 8.38035275936133 8.34437233342071 8.30839190748009 8.27241148153946 8.23643105559884 8.20045062965822 8.24964294433597 8.3272261725532 8.40480940077043 8.48239262898767 8.5599758572049 8.63755908542213 8.71514231363937 8.75968031618338 8.7050826417076 8.65048496723181 8.59588729275603 8.54128961828025 8.48669194380446 8.43209426932868 8.3774965948529 8.49168075720468 8.66212553183235 8.83257030646003 9.00301508108773 9.17345985571541 9.34390463034308 9.51434940497079 9.7458957884046 10.160746998257 10.5755982081095 10.9904494179619 11.4053006278143 11.8201518376668
7.99841094811759 8.03467259142135 8.07093423472511 8.08638995885851 8.09491037660176 8.10343079434502 8.11195121208828 8.12047162983154 8.1289920475748 8.13751246531806 8.13931539588506 8.12096586492328 8.1026163339615 8.08426680299972 8.06591727203795 8.04756774107617 8.02921821011439 8.01086867915261 8.0584969441096 8.12811780770619 8.19773867130278 8.26735953489939 8.33698039849598 8.40660126209258 8.47622212568918 8.52244616879358 8.49847975042132 8.47451333204906 8.4505469136768 8.42658049530453 8.40261407693227 8.37864765856001 8.35468124018775 8.47363917827603 8.64023856851785 8.80683795875968 8.97343734900153 9.14003673924336 9.30663612948519 9.47323551972704 9.6981890042622 10.0982047716775 10.498220539093 10.8982363065083 11.2982520739236 11.6982678413391
7.84638898372651 7.87583927313487 7.90528956254324 7.92277613878251 7.93627481063208 7.94977348248165 7.96327215433122 7.97677082618078 7.99026949803035 8.00376816987992 8.01084938844046 7.9986782471339 7.98650710582734 7.97433596452078 7.96216482321423 7.94999368190766 7.93782254060111 7.92565139929455 7.97993819713592 8.05637764135995 8.13281708558399 8.20925652980804 8.28569597403207 8.3621354182561 8.43857486248015 8.4934413989385 8.48358921209972 8.47373702526093 8.46388483842214 8.45403265158335 8.44418046474457 8.43432827790578 8.42447609106699 8.53906672000882 8.69513828754421 8.8512098550796 9.00728142261502 9.16335299015041 9.31942455768581 9.47549612522123 9.68653999964388 10.0625007947285 10.4384615898132 10.8144223848978 11.1903831799824 11.5663439750671
7.69436701933545 7.71700595484841 7.73964489036138 7.75916231870653 7.77763924466241 7.79611617061829 7.81459309657417 7.83307002253004 7.85154694848592 7.8700238744418 7.88238338099588 7.87639062934454 7.8703978776932 7.86440512604185 7.85841237439051 7.85241962273917 7.84642687108783 7.84043411943649 7.90137945016225 7.98463747501372 8.0678954998652 8.15115352471669 8.23441154956816 8.31766957441964 8.40092759927113 8.46443662908342 8.46869867377811 8.4729607184728 8.47722276316749 8.48148480786217 8.48574685255686 8.49000889725154 8.49427094194623 8.6044942617416 8.75003800657056 8.89558175139952 9.04112549622851 9.18666924105747 9.33221298588643 9.47775673071541 9.67489099502555 10.0267968177794 10.3787026405334 10.7306084632873 11.0825142860412 11.4344201087951
7.54234505494437 7.55817263656194 7.5740002181795 7.59554849863054 7.61900367869272 7.64245885875491 7.6659140388171 7.68936921887929 7.71282439894147 7.73627957900366 7.75391737355128 7.75410301155516 7.75428864955903 7.75447428756291 7.75465992556679 7.75484556357067 7.75503120157455 7.75521683957843 7.82282070318857 7.91289730866749 8.0029739141464 8.09305051962534 8.18312712510425 8.27320373058317 8.3632803360621 8.43543185922834 8.4538081354565 8.47218441168467 8.49056068791283 8.50893696414099 8.52731324036915 8.54568951659731 8.56406579282547 8.6699218034744 8.80493772559692 8.93995364771945 9.07496956984199 9.20998549196452 9.34500141408704 9.48001733620959 9.66324199040723 9.9910928408304 10.3189436912536 10.6467945416768 10.9746453920999 11.3024962425232
7.3903230905533 7.39933931827546 7.40835554599763 7.43193467855454 7.46036811272304 7.48880154689154 7.51723498106004 7.54566841522853 7.57410184939703 7.60253528356553 7.62545136610668 7.63181539376578 7.63817942142488 7.64454344908397 7.65090747674307 7.65727150440217 7.66363553206127 7.66999955972036 7.7442619562149 7.84115714232125 7.93805232842761 8.03494751453398 8.13184270064034 8.2287378867467 8.32563307285307 8.40642708937327 8.4389175971349 8.47140810489654 8.50389861265817 8.53638912041981 8.56887962818145 8.60137013594308 8.63386064370472 8.73534934520719 8.85983744462328 8.98432554403937 9.10881364345548 9.23330174287157 9.35778984228766 9.48227794170377 9.65159298578891 9.95538886388135 10.2591847419738 10.5629806200663 10.8667764981587 11.1705723762512
7.23830112616223 7.240505999989 7.24271087381577 7.26832085847856 7.30173254675337 7.33514423502817 7.36855592330298 7.40196761157779 7.43537929985259 7.4687909881274 7.49698535866209 7.50952777597641 7.52207019329073 7.53461261060504 7.54715502791936 7.55969744523368 7.57223986254799 7.58478227986231 7.66570320924122 7.76941697597502 7.87313074270882 7.97684450944264 8.08055827617643 8.18427204291024 8.28798580964405 8.37742231951819 8.4240270588133 8.47063179810841 8.51723653740352 8.56384127669862 8.61044601599374 8.65705075528885 8.70365549458395 8.80077688693997 8.91473716364963 9.02869744035929 9.14265771706897 9.25661799377862 9.37057827048828 9.48453854719796 9.63994398117059 9.9196848869323 10.1994257926941 10.4791666984558 10.7589076042175 11.0386485099792
7.18435796499252 7.188111907906 7.19186585081947 7.22389932473499 7.26535930898453 7.30681929323406 7.3482792774836 7.38973926173314 7.43119924598267 7.47265923023222 7.50770898130203 7.52352803283265 7.53934708436328 7.55516613589391 7.57098518742453 7.58680423895516 7.60262329048579 7.61844234201641 7.69568551381426 7.79340339236786 7.89112127092146 7.98883914947507 8.08655702802867 8.18427490658227 8.28199278513588 8.36894761191473 8.42361328336926 8.4782789548238 8.53294462627833 8.58761029773287 8.6422759691874 8.69694164064194 8.75160731209647 8.84519659678139 8.95176041920977 9.05832424163815 9.16488806406655 9.27145188649493 9.37801570892331 9.48457953135171 9.63100709120427 9.89702586332949 10.1630446354548 10.42906340758 10.6950821797052 10.9611009518305
7.22849360704421 7.24215704202651 7.25582047700881 7.2986700773239 7.35124839941659 7.40382672150928 7.45640504360197 7.50898336569466 7.56156168778735 7.61414000988004 7.65762223402657 7.6738161643346 7.69001009464262 7.70620402495065 7.72239795525867 7.7385918855667 7.75478581587472 7.77097974618274 7.83420886993406 7.91311639149981 7.99202391306556 8.07093143463133 8.14983895619708 8.22874647776283 8.3076539993286 8.38100296656289 8.4376762708028 8.49434957504271 8.55102287928262 8.60769618352252 8.66436948776244 8.72104279200235 8.77771609624225 8.86860847473143 8.97090721130369 9.07320594787594 9.17550468444822 9.27780342102048 9.38010215759275 9.48240089416502 9.62478231588993 9.88741179307294 10.150041270256 10.412670747439 10.675300224622 10.9379297018051
7.27262924909591 7.29620217614702 7.31977510319814 7.3734408299128 7.43713748984864 7.50083414978448 7.56453080972033 7.62822746965617 7.69192412959201 7.75562078952786 7.80753548675111 7.82410429583653 7.84067310492195 7.85724191400737 7.8738107230928 7.89037953217822 7.90694834126364 7.92351715034906 7.97273222605384 8.03282939063175 8.09292655520966 8.15302371978758 8.21312088436548 8.27321804894339 8.33331521352131 8.39305832121106 8.45173925823634 8.51042019526163 8.5691011322869 8.62778206931218 8.68646300633747 8.74514394336275 8.80382488038803 8.89202035268146 8.9900540033976 9.08808765411374 9.1861213048299 9.28415495554604 9.38218860626218 9.48022225697834 9.61855754057561 9.8777977228164 10.1370379050572 10.396278087298 10.6555182695388 10.9147584517796
7.3167648911476 7.35024731026754 7.38372972938748 7.44821158250171 7.5230265802807 7.59784157805969 7.6726565758387 7.74747157361769 7.82228657139669 7.89710156917569 7.95744873947565 7.97439242733847 7.99133611520129 8.00827980306411 8.02522349092693 8.04216717878975 8.05911086665257 8.07605455451539 8.11125558217364 8.1525423897637 8.19382919735376 8.23511600494383 8.27640281253389 8.31768962012395 8.35897642771402 8.40511367585922 8.46580224566988 8.52649081548054 8.58717938529119 8.64786795510184 8.7085565249125 8.76924509472316 8.82993366453381 8.91543223063149 9.00920079549151 9.10296936035154 9.19673792521157 9.29050649007159 9.38427505493161 9.47804361979165 9.61233276526128 9.86818365255984 10.1240345398585 10.379885427157 10.6357363144556 10.8915872017542
7.3609005331993 7.40429244438806 7.44768435557682 7.52298233509062 7.60891567071276 7.69484900633491 7.78078234195707 7.86671567757921 7.95264901320136 8.03858234882352 8.1073619922002 8.12468055884042 8.14199912548064 8.15931769212085 8.17663625876107 8.19395482540129 8.21127339204151 8.22859195868172 8.24977893829344 8.27225538889565 8.29473183949787 8.31720829010009 8.3396847407023 8.36216119130452 8.38463764190673 8.41716903050739 8.47986523310342 8.54256143569945 8.60525763829548 8.6679538408915 8.73065004348754 8.79334624608356 8.85604244867959 8.93884410858153 9.02834758758543 9.11785106658933 9.20735454559325 9.29685802459715 9.38636150360105 9.47586498260497 9.60610798994695 9.8585695823033 10.1110311746597 10.363492767016 10.6159543593724 10.8684159517288
7.40503617525099 7.45833757850857 7.51163898176615 7.59775308767952 7.69480476114482 7.79185643461011 7.88890810807543 7.98595978154073 8.08301145500602 8.18006312847134 8.25727524492473 8.27496869034235 8.29266213575997 8.31035558117758 8.3280490265952 8.34574247201281 8.36343591743043 8.38112936284804 8.38830229441323 8.3919683880276 8.39563448164196 8.39930057525634 8.4029666688707 8.40663276248507 8.41029885609944 8.42922438515556 8.49392822053695 8.55863205591836 8.62333589129976 8.68803972668116 8.75274356206257 8.81744739744397 8.88215123282536 8.96225598653156 9.04749437967934 9.13273277282712 9.21797116597492 9.3032095591227 9.38844795227048 9.47368634541828 9.59988321463261 9.84895551204674 10.0980278094609 10.347100106875 10.5961724042892 10.8452447017034
7.39151525100072 7.45570318566428 7.51989112032783 7.61178786357243 7.71292087634403 7.81405388911563 7.91518690188725 8.01631991465885 8.11745292743045 8.21858594020207 8.29909871551726 8.31775077846315 8.33640284140905 8.35505490435495 8.37370696730084 8.39235903024674 8.41101109319263 8.42966315613853 8.43023312886557 8.42477573818631 8.41931834750706 8.41386095682781 8.40840356614855 8.4029461754693 8.39748878479005 8.41052645842233 8.4790493249893 8.54757219155629 8.61609505812326 8.68461792469023 8.75314079125721 8.82166365782419 8.89018652439116 8.97360775470732 9.06199510627321 9.15038245783909 9.23876980940499 9.32715716097088 9.41554451253676 9.50393186410266 9.6328805526097 9.88351325194033 10.134145951271 10.3847786506016 10.6354113499323 10.8860440492629
7.32033776044845 7.39638926585514 7.47244077126183 7.5650866627693 7.66326401631036 7.76144136985141 7.85961872339248 7.95779607693353 8.05597343047458 8.15415078401564 8.23283240397771 8.25302682320277 8.27322124242783 8.29341566165288 8.31361008087794 8.333804500103 8.35399891932805 8.37419333855311 8.3755714416504 8.37067743937175 8.3657834370931 8.36088943481446 8.35599543253581 8.35110143025717 8.34620742797852 8.36107525030771 8.43522854646045 8.50938184261321 8.58353513876596 8.6576884349187 8.73184173107146 8.80599502722421 8.88014832337695 8.97289941310881 9.07184976736702 9.17080012162524 9.26975047588346 9.36870083014168 9.46765118439989 9.56660153865812 9.70510000387821 9.96224280198407 10.21938560009 10.4765283981958 10.7336711963017 10.9908139944076
