data/working_set_collections/6091692-Cassins_Sparrow-MC/1995/bio14.asc
NCOLS 265 
NROWS 230 
XLLCORNER -115.5625 
YLLCORNER 24.8333333333333 
CELLSIZE 0.0833333333333333 
NODATA_value -9999 
[rows 60 to 79 of 230, columns 92 to 137 of 265]
24.4335007243683 25.7714162296717 27.109331734975 28.4472472402782 29.7851627455816 30.991778675715 32.1546280807917 33.3174774858687 34.4803268909454 35.6431762960221 36.806025701099 37.9688751061758 38.572321748734 37.4975601037347 36.4227984587355 35.3480368137364 34.2732751687371 33.198513523738 32.1237518787388 31.0489902337395 29.4275110165283 27.6237926085796 25.8200742006305 24.0163557926818 22.2126373847331 20.4089189767841 18.6052005688353 17.0231524573435 16.106115235223 15.1890780131024 14.272040790982 13.3550035688615 12.4379663467409 11.5209291246205 10.6038919025 10.1382030367852 9.82296362320591 9.50772420962663 9.19248479604729 8.877245382468 8.56200596888872 8.24676655530938 7.96412281990058 7.77926611900337 7.59440941810613 7.40955271720892
24.7350282351173 25.8949966748554 27.0549651145933 28.2149335543312 29.3749019940694 30.3846332073211 31.3442853450774 32.3039374828339 33.2635896205903 34.2232417583466 35.1828938961031 36.1425460338594 36.6031150976823 35.5664349397028 34.5297547817235 33.4930746237442 32.4563944657648 31.4197143077855 30.3830341498062 29.3463539918268 27.8264474630361 26.1454654773083 24.4644834915801 22.7835015058522 21.1025195201244 19.4215375343962 17.7405555486683 16.2696310043338 15.42887878418 14.5881265640261 13.7473743438723 12.9066221237186 12.0658699035647 11.2251176834109 10.3843654632571 9.9337817788125 9.61325427293788 9.29272676706327 8.9721992611886 8.65167175531398 8.33114424943937 8.0106167435647 7.72825808525093 7.56040596961984 7.39255385398871 7.22470173835761
25.0365557458663 26.0185771200391 27.0005984942117 27.9826198683843 28.964641242557 29.7774877389272 30.5339426093631 31.2903974797991 32.046852350235 32.8033072206709 33.559762091107 34.3162169615429 34.6339084466304 33.6353097756708 32.6367111047113 31.6381124337519 30.6395137627923 29.6409150918329 28.6423164208735 27.6437177499139 26.2253839095438 24.6671383460368 23.1088927825296 21.5506472190226 19.9924016555155 18.4341560920083 16.8759105285013 15.5161095513241 14.751642333137 13.9871751149498 13.2227078967627 12.4582406785756 11.6937734603884 10.9293062422013 10.1648390240142 9.72936052083977 9.40354492266983 9.07772932449989 8.75191372632989 8.42609812815995 8.10028252999 7.77446693182 7.49239335060126 7.34154582023628 7.19069828987127 7.03985075950629
25.3380832566153 26.1421575652227 26.94623187383 27.7503061824373 28.5543804910447 29.1703422705332 29.7235998736487 30.2768574767643 30.8301150798798 31.3833726829953 31.9366302861109 32.4898878892264 32.6647017955785 31.7041846116387 30.7436674276992 29.7831502437596 28.8226330598199 27.8621158758803 26.9015986919407 25.941081508001 24.6243203560516 23.1888112147654 21.753302073479 20.3177929321929 18.8822837909067 17.4467746496203 16.0112655083342 14.7625880983143 14.0744058820939 13.3862236658734 12.698041449653 12.0098592334326 11.3216770172121 10.6334948009917 9.94531258477127 9.52493926286705 9.19383557240178 8.86273188193651 8.53162819147118 8.20052450100591 7.86942081054064 7.53831712007531 7.2565286159516 7.12268567085272 6.98884272575383 6.85499978065496
25.6396107673643 26.2657380104064 26.8918652534484 27.5179924964904 28.1441197395325 28.5631968021393 28.9132571379344 29.2633174737296 29.6133778095247 29.9634381453198 30.3134984811149 30.66355881691 30.6954951445267 29.7730594476068 28.8506237506871 27.9281880537674 27.0057523568475 26.0833166599278 25.1608809630081 24.2384452660882 23.0232568025594 21.7104840834941 20.3977113644286 19.0849386453633 17.772165926298 16.4593932072325 15.1466204881672 14.0090666453046 13.3971694310509 12.7852722167971 12.1733750025434 11.5614777882896 10.9495805740358 10.3376833597821 9.72578614552837 9.32051800489435 8.98412622213375 8.64773443937315 8.31134265661249 7.97495087385189 7.63855909109129 7.30216730833063 7.02066388130195 6.90382552146919 6.78698716163641 6.67014880180365
25.9411382781133 26.3893184555901 26.8374986330667 27.2856788105434 27.7338589880202 27.9560513337454 28.1029144022201 28.2497774706948 28.3966405391695 28.5435036076441 28.6903666761188 28.8372297445935 28.7262884934748 27.8419342835748 26.9575800736749 26.0732258637751 25.1888716538751 24.3045174439752 23.4201632340754 22.5358090241754 21.4221932490671 20.2321569522227 19.042120655378 17.8520843585336 16.6620480616892 15.4720117648445 14.2819754680001 13.2555451922949 12.7199329800078 12.1843207677207 11.6487085554337 11.1130963431466 10.5774841308595 10.0418719185725 9.50625970628545 9.11609674692163 8.7744168718657 8.43273699680977 8.09105712175378 7.74937724669785 7.40769737164192 7.06601749658594 6.78479914665228 6.68496537208563 6.58513159751897 6.48529782295232
26.4524704668256 26.7121720261043 26.971873585383 27.2315751446617 27.4912767039405 27.5369550863902 27.5112924098969 27.4856297334036 27.4599670569103 27.434304380417 27.4086417039237 27.3829790274303 27.1552507877353 26.3213258584343 25.4874009291334 24.6534759998325 23.8195510705314 22.9856261412305 22.1517012119296 21.3177762826286 20.3077171802523 19.238946686851 18.1701761934494 17.101405700048 16.0326352066466 14.9638647132451 13.8950942198437 12.9754070573384 12.5029698875216 12.0305327177048 11.5580955478881 11.0856583780713 10.6132212082545 10.1407840384378 9.66834686862105 9.28813043832779 8.93865425454247 8.58917807075716 8.23970188697179 7.89022570318648 7.54074951940117 7.1912733356158 6.90162964397004 6.79148342874313 6.68133721351621 6.5711909982893
27.173607333501 27.2342987219492 27.2949901103973 27.3556814988454 27.4163728872935 27.3059080600739 27.1383911609651 26.9708742618562 26.8033573627473 26.6358404636385 26.4683235645296 26.3008066654207 25.9823820273085 25.2112341721855 24.4400863170627 23.6689384619398 22.8977906068169 22.126642751694 21.3554948965712 20.5843470414482 19.6798285961154 18.7308532873793 17.781877978643 16.8329026699068 15.8839273611707 14.9349520524344 13.9859767436983 13.1686522404353 12.7462801535925 12.3239080667496 11.9015359799068 11.4791638930639 11.056791806221 10.6344197193782 10.2120476325353 9.83661907911297 9.47683837016423 9.11705766121548 8.75727695226667 8.39749624331792 8.03771553436917 7.67793482542036 7.37115537325536 7.22337969144182 7.07560400962825 6.92782832781471
27.8947442001766 27.7564254177941 27.6181066354116 27.4797878530291 27.3414690706465 27.0748610337576 26.7654899120332 26.4561187903087 26.1467476685843 25.8373765468599 25.5280054251355 25.2186343034111 24.8095132668816 24.1011424859367 23.3927717049919 22.6844009240471 21.9760301431022 21.2676593621574 20.5592885812126 19.8509178002677 19.0519400119784 18.2227598879075 17.3935797638365 16.5643996397656 15.7352195156947 14.9060393916237 14.0768592675528 13.3618974235323 12.9895904196634 12.6172834157944 12.2449764119255 11.8726694080565 11.5003624041875 11.1280554003186 10.7557483964496 10.3851077198982 10.015022485786 9.64493725167383 9.27485201756159 8.9047667834494 8.53468154933721 8.16459631522496 7.84068110254073 7.65527595414055 7.46987080574033 7.28446565734015
28.6158810668521 28.278552113639 27.9412231604258 27.6038942072127 27.2665652539995 26.8438140074413 26.3925886631013 25.9413633187613 25.4901379744213 25.0389126300814 24.5876872857413 24.1364619414014 23.6366445064548 22.9910507996879 22.3454570929212 21.6998633861544 21.0542696793876 20.4086759726209 19.7630822658541 19.1174885590873 18.4240514278414 17.7146664884358 17.00528154903 16.2958966096244 15.5865116702188 14.877126730813 14.1677417914074 13.5551426066293 13.2329006857343 12.9106587648392 12.5884168439442 12.2661749230491 11.943933002154 11.621691081259 11.299449160364 10.9335963606834 10.5532066014078 10.1728168421322 9.7924270828565 9.41203732358088 9.03164756430525 8.65125780502956 8.3102068318261 8.08717221683927 7.86413760185241 7.64110298686558
29.3370179335276 28.8006788094838 28.2643396854401 27.7280005613964 27.1916614373526 26.612766981125 26.0196874141695 25.4266078472139 24.8335282802584 24.2404487133029 23.6473691463473 23.0542895793918 22.463775746028 21.8809591134392 21.2981424808505 20.7153258482618 20.132509215673 19.5496925830844 18.9668759504957 18.3840593179069 17.7961628437044 17.206573088964 16.6169833342236 16.0273935794832 15.4378038247428 14.8482140700023 14.2586243152619 13.7483877897263 13.4762109518052 13.204034113884 12.9318572759628 12.6596804380417 12.3875036001205 12.1153267621994 11.8431499242782 11.4820850014686 11.0913907170296 10.7006964325905 10.3100021481514 9.91930786371231 9.52861357927325 9.13791929483412 8.77973256111143 8.51906847953796 8.25840439796445 7.99774031639099
30.0581548002032 29.3228055053287 28.5874562104544 27.8521069155801 27.1167576207056 26.3817199548087 25.6467861652376 24.9118523756665 24.1769185860954 23.4419847965243 22.7070510069531 21.9721172173821 21.2909069856011 20.7708674271904 20.2508278687797 19.7307883103691 19.2107487519584 18.6907091935478 18.1706696351372 17.6506300767264 17.1682742595674 16.6984796894923 16.2286851194171 15.758890549342 15.2890959792668 14.8193014091916 14.3495068391165 13.9416329728233 13.719521217876 13.4974094629288 13.2752977079815 13.0531859530343 12.831074198087 12.6089624431398 12.3868506881926 12.0305736422539 11.6295748326514 11.2285760230489 10.8275772134463 10.4265784038438 10.0255795942413 9.62458078463872 9.2492582903968 8.95096474223669 8.65267119407653 8.35437764591642
30.0633660157524 29.2495025793713 28.4356391429903 27.6217757066093 26.8079122702282 26.0240918159487 25.2502856890363 24.4764795621237 23.7026734352113 22.9288673082989 22.1550611813864 21.381255054474 20.686120303472 20.2269996802013 19.7678790569306 19.30875843366 18.8496378103892 18.3905171871186 17.9313965638479 17.4722759405772 17.0676453669866 16.6811781432894 16.2947109195921 15.9082436958949 15.5217764721977 15.1353092485004 14.7488420248031 14.4110247823927 14.2191574838426 14.0272901852925 13.8354228867424 13.6435555881924 13.4516882896423 13.2598209910922 13.0679536925421 12.7161864678065 12.3111192676756 11.9060520675447 11.5009848674138 11.0959176672829 10.6908504671521 10.2857832670212 9.89375465181137 9.5408417913649 9.18792893091836 8.83501607047188
29.3526515801751 28.5807700316113 27.8088884830477 27.0370069344841 26.2651253859204 25.5398825645449 24.8301859855654 24.1204894065858 23.4107928276064 22.7010962486269 21.9913996696473 21.2817030906679 20.649415699641 20.2493558724722 19.8492960453034 19.4492362181346 19.0491763909658 18.649116563797 18.2490567366283 17.8489969094594 17.4942761659622 17.1546684503555 16.8150607347488 16.4754530191421 16.1358453035354 15.7962375879287 15.456629872322 15.1565632184346 14.9751197497049 14.7936762809752 14.6122328122456 14.430789343516 14.2493458747863 14.0679024060566 13.886458937327 13.5389234781265 13.1360240221023 12.7331245660782 12.3302251100539 11.9273256540298 11.5244261980056 11.1215267419814 10.7132216453552 10.2886996269226 9.86417760848995 9.43965559005737
28.6419371445976 27.9120374838513 27.1821378231051 26.4522381623589 25.7223385016125 25.055673313141 24.4100862820945 23.7644992510479 23.1189122200014 22.4733251889548 21.8277381579082 21.1821511268617 20.61271109581 20.2717120647431 19.9307130336762 19.5897140026093 19.2487149715424 18.9077159404755 18.5667169094086 18.2257178783417 17.9209069649378 17.6281587574217 17.3354105499055 17.0426623423894 16.7499141348733 16.4571659273571 16.164417719841 15.9021016544765 15.7310820155673 15.560062376658 15.3890427377488 15.2180230988396 15.0470034599303 14.8759838210211 14.7049641821119 14.3616604884465 13.9609287765291 13.5601970646116 13.1594653526941 12.7587336407767 12.3580019288593 11.9572702169418 11.5326886388991 11.0365574624804 10.5404262860616 10.0442951096429
27.9312227090202 27.2433049360913 26.5553871631624 25.8674693902336 25.1795516173046 24.5714640617372 23.9899865786236 23.40850909551 22.8270316123964 22.2455541292828 21.6640766461691 21.0825991630555 20.576006491979 20.294068257014 20.012130022049 19.730191787084 19.4482535521189 19.1663153171539 18.884377082189 18.6024388472239 18.3475377639135 18.1016490644879 17.8557603650623 17.6098716656367 17.3639829662111 17.1180942667855 16.8722055673599 16.6476400905185 16.4870442814297 16.3264484723408 16.165852663252 16.0052568541632 15.8446610450744 15.6840652359856 15.5234694268968 15.1843974987666 14.7858335309558 14.3872695631451 13.9887055953343 13.5901416275236 13.1915776597129 12.7930136919021 12.3521556324429 11.7844152980381 11.2166749636332 10.6489346292284
27.2205082734429 26.5745723883313 25.9286365032198 25.2827006181084 24.6367647329968 24.0872548103334 23.5698868751528 23.052518939972 22.5351510047914 22.0177830696108 21.50041513443 20.9830471992494 20.539301888148 20.3164244492849 20.0935470104218 19.8706695715587 19.6477921326955 19.4249146938324 19.2020372549693 18.9791598161061 18.7741685628891 18.575139371554 18.3761101802189 18.1770809888839 17.9780517975489 17.7790226062138 17.5799934148788 17.3931785265604 17.243006547292 17.0928345680236 16.9426625887552 16.7924906094868 16.6423186302184 16.49214665095 16.3419746716816 16.0071345090865 15.6107382853825 15.2143420616785 14.8179458379745 14.4215496142705 14.0251533905665 13.6287571668624 13.1716226259867 12.5322731335958 11.8929236412048 11.2535741488139
26.5097938378654 25.9058398405713 25.3018858432772 24.6979318459831 24.0939778486889 23.6030455589296 23.1497871716819 22.6965287844341 22.2432703971864 21.7900120099387 21.3367536226909 20.8834952354432 20.5025972843171 20.3387806415558 20.1749639987946 20.0111473560333 19.8473307132721 19.6835140705109 19.5196974277496 19.3558807849884 19.2007993618647 19.0486296786202 18.8964599953757 18.7442903121312 18.5921206288867 18.4399509456422 18.2877812623977 18.1387169626023 17.9989688131544 17.8592206637064 17.7194725142584 17.5797243648104 17.4399762153625 17.3002280659145 17.1604799164665 16.8298715194066 16.4356430398093 16.041414560212 15.6471860806147 15.2529576010174 14.8587291214201 14.4645006418228 13.9910896195306 13.2801309691536 12.5691723187765 11.8582136683995
25.3182102918628 24.7949523051582 24.2716943184537 23.7484363317492 23.2251783450447 22.8248856703442 22.4655814329785 22.1062771956127 21.746972958247 21.3876687208813 21.0283644835155 20.6690602461498 20.3761991765764 20.2826676103804 20.1891360441844 20.0956044779884 20.0020729117923 19.9085413455963 19.8150097794003 19.7214782132042 19.5997835159302 19.4687011082967 19.3376187006632 19.2065362930298 19.0754538853963 18.9443714777628 18.8132890701294 18.6797456211514 18.5388190481398 18.3978924751282 18.2569659021166 18.116039329105 17.9751127560933 17.8341861830817 17.6932596100701 17.3633677562078 16.9704874753953 16.5776071945827 16.1847269137701 15.7918466329575 15.398966352145 15.0060860713323 14.5221677117879 13.7651351160475 13.008102520307 12.2510699245666
23.6457576354348 23.2419097820921 22.8380619287494 22.4342140754067 22.030366222064 21.7527751445772 21.5172696590426 21.2817641735079 21.0462586879732 20.8107532024385 20.5752477169038 20.3397422313691 20.1601075649262 20.1480853557587 20.1360631465912 20.1240409374237 20.1120187282562 20.0999965190887 20.0879743099212 20.0759521007537 19.9711210250854 19.8353536605835 19.6995862960815 19.5638189315796 19.4280515670776 19.2922842025756 19.1565168380737 19.0162645022074 18.8625572522481 18.7088500022888 18.5551427523295 18.4014355023702 18.2477282524109 18.0940210024516 17.9403137524923 17.6076232194901 17.2152715921402 16.8229199647904 16.4305683374405 16.0382167100907 15.6458650827409 15.253513455391 14.7648569027584 13.9872855742774 13.2097142457963 12.4321429173153
