data/working_set_collections/6091692-Cassins_Sparrow-MC/1995/bio1.asc
NCOLS 265 
NROWS 230 
XLLCORNER -115.5625 
YLLCORNER 24.8333333333333 
CELLSIZE 0.0833333333333333 
NODATA_value -9999 
[rows 160 to 179 of 230, columns 138 to 183 of 265]
17.6425720532735 17.7670401573181 17.8915082613627 18.0159763654073 18.1245604991913 18.2278499762217 18.3311394532522 18.4344289302826 18.5377184073131 18.6410078843435 18.7442973613739 18.8441567103068 18.9337256749471 19.0232946395874 19.1128636042277 19.202432568868 19.2920015335083 19.3815704981486 19.4711394627889 19.5383019924164 19.5979957103729 19.6576894283295 19.717383146286 19.7770768642425 19.8367705821991 19.8964643001556 19.9393136024475 19.9316296577453 19.9239457130432 19.916261768341 19.9085778236389 19.9008938789367 19.8932099342346 19.8855259895325 19.8558449268341 19.8188314914703 19.7818180561066 19.7448046207428 19.707791185379 19.6707777500153 19.6337643146515 19.6010805924733 19.5813860098521 19.5616914272308 19.5419968446096 19.5223022619883
17.4666976610819 17.5605299313863 17.6543622016907 17.748194471995 17.8449675083161 17.9427207999759 18.0404740916358 18.1382273832957 18.2359806749556 18.3337339666155 18.4314872582754 18.5338727527195 18.6501548555162 18.766436958313 18.8827190611098 18.9990011639065 19.1152832667033 19.2315653695 19.3478474722968 19.4422911802928 19.5294554233551 19.6166196664174 19.7037839094798 19.7909481525421 19.8781123956044 19.9652766386668 20.0291746669345 20.0232740508185 20.0173734347025 20.0114728185865 20.0055722024706 19.9996715863546 19.9937709702386 19.9878703541226 19.9520115057627 19.9061665799883 19.8603216542138 19.8144767284393 19.7686318026649 19.7227868768904 19.6769419511159 19.6363063017527 19.6112984816233 19.5862906614939 19.5612828413645 19.5362750212352
17.4619043615129 17.5307203769683 17.5995363924238 17.6683524078793 17.7583811918894 17.8554808987511 17.9525806056128 18.0496803124745 18.1467800193362 18.2438797261979 18.3409794330596 18.4477295398712 18.5834308465321 18.7191321531931 18.8548334598541 18.990534766515 19.126236073176 19.261937379837 19.3976386864979 19.506744702657 19.6069856219821 19.7072265413072 19.8074674606323 19.9077083799573 20.0079492992824 20.1081902186075 20.1814245382944 20.1736390590667 20.165853579839 20.1580681006113 20.1502826213836 20.1424971421559 20.1347116629282 20.1269261837005 20.0831270694732 20.0273234102461 19.9715197510189 19.9157160917918 19.8599124325646 19.8041087733375 19.7483051141103 19.6982314639621 19.6653478410509 19.6324642181396 19.5995805952284 19.5666969723172
17.6281921545664 17.6776114940643 17.7270308335622 17.7764501730601 17.8648015499115 17.9661302725474 18.0674589951833 18.1687877178192 18.2701164404551 18.371445163091 18.4727738857269 18.585727071762 18.7335536479949 18.8813802242279 19.0292068004608 19.1770333766937 19.3248599529266 19.4726865291595 19.6205131053924 19.7316625595092 19.830586306254 19.9295100529988 20.0284337997436 20.1273575464884 20.2262812932332 20.325205039978 20.3960632165273 20.38272468249 20.3693861484527 20.3560476144155 20.3427090803782 20.3293705463409 20.3160320123036 20.3026934782664 20.2491916179657 20.1823019822438 20.115412346522 20.0485227108002 19.9816330750783 19.9147434393565 19.8478538036346 19.7868560791016 19.7435340881348 19.700212097168 19.6568901062012 19.6135681152344
17.7944799476199 17.8245026111603 17.8545252747006 17.8845479382409 17.9712219079335 18.0767796463436 18.1823373847537 18.2878951231638 18.3934528615739 18.499010599984 18.6045683383941 18.7237246036529 18.8836764494577 19.0436282952626 19.2035801410674 19.3635319868723 19.5234838326771 19.683435678482 19.8433875242868 19.9565804163614 20.0541869905259 20.1517935646904 20.2494001388549 20.3470067130194 20.4446132871839 20.5422198613484 20.6107018947601 20.5918103059133 20.5729187170664 20.5540271282196 20.5351355393727 20.5162439505259 20.4973523616791 20.4784607728322 20.4152561664581 20.3372805542416 20.2593049420251 20.1813293298085 20.103353717592 20.0253781053755 19.947402493159 19.875480694241 19.8217203352186 19.7679599761963 19.7141996171739 19.6604392581516
17.9607677406735 17.9713937282562 17.9820197158389 17.9926457034217 18.0776422659556 18.1874290201399 18.2972157743242 18.4070025285085 18.5167892826928 18.626576036877 18.7363627910614 18.8617221355438 19.0337992509205 19.2058763662973 19.3779534816741 19.5500305970509 19.7221077124277 19.8941848278045 20.0662619431813 20.1814982732136 20.2777876747978 20.374077076382 20.4703664779662 20.5666558795504 20.6629452811346 20.7592346827189 20.8253405729929 20.8008959293365 20.7764512856801 20.7520066420237 20.7275619983673 20.7031173547109 20.6786727110545 20.654228067398 20.5813207149505 20.4922591262393 20.4031975375281 20.3141359488169 20.2250743601057 20.1360127713945 20.0469511826833 19.9641053093804 19.8999065823025 19.8357078552246 19.7715091281467 19.7073104010688
18.127055533727 18.1182848453522 18.1095141569773 18.1007434686025 18.1840626239776 18.2980783939361 18.4120941638946 18.5261099338531 18.6401257038116 18.7541414737701 18.8681572437286 18.9997196674346 19.1839220523833 19.3681244373321 19.5523268222808 19.7365292072295 19.9207315921783 20.104933977127 20.2891363620757 20.4064161300659 20.5013883590698 20.5963605880737 20.6913328170776 20.7863050460815 20.8812772750854 20.9762495040893 21.0399792512258 21.0099815527598 20.9799838542938 20.9499861558278 20.9199884573618 20.8899907588958 20.8599930604299 20.8299953619639 20.747385263443 20.6472376982371 20.5470901330312 20.4469425678253 20.3467950026194 20.2466474374135 20.1464998722076 20.0527299245199 19.9780928293864 19.9034557342529 19.8288186391195 19.754181543986
18.2933433267805 18.2651759624481 18.2370085981157 18.2088412337833 18.2904829819997 18.4087277677324 18.526972553465 18.6452173391978 18.7634621249304 18.8817069106631 18.9999516963958 19.1377171993255 19.3340448538462 19.5303725083668 19.7267001628875 19.9230278174082 20.1193554719288 20.3156831264495 20.5120107809702 20.6313339869181 20.7249890433417 20.8186440997653 20.9122991561889 21.0059542126125 21.0996092690361 21.1932643254598 21.2546179294586 21.219067176183 21.1835164229075 21.1479656696319 21.1124149163564 21.0768641630808 21.0413134098053 21.0057626565297 20.9134498119354 20.8022162702349 20.6909827285343 20.5797491868337 20.4685156451331 20.3572821034326 20.246048561732 20.1413545396593 20.0562790764703 19.9712036132813 19.8861281500922 19.8010526869032
18.5184768994649 18.4840974489847 18.4497179985046 18.4153385480244 18.4914627869923 18.6044215891096 18.7173803912268 18.830339193344 18.9432979954613 19.0562567975785 19.1692155996958 19.3001578172047 19.4850502808888 19.6699427445729 19.854835208257 20.0397276719411 20.2246201356252 20.4095125993092 20.5944050629933 20.7138683954875 20.8115220175849 20.9091756396823 21.0068292617798 21.1044828838772 21.2021365059746 21.2997901280721 21.3664667553372 21.3402123981052 21.3139580408732 21.2877036836412 21.2614493264092 21.2351949691772 21.2089406119452 21.1826862547132 21.0910785833994 20.9776864740583 20.8642943647173 20.7509022553762 20.6375101460351 20.524118036694 20.4107259273529 20.3033580303192 20.2140627702077 20.1247675100962 20.0354722499847 19.9461769898732
18.8024562517801 18.7750493049621 18.7476423581441 18.720235411326 18.7870020389556 18.8851598580678 18.9833176771799 19.0814754962921 19.1796333154042 19.2777911345163 19.3759489536285 19.4870415210723 19.6369383335113 19.7868351459503 19.9367319583892 20.0866287708282 20.2365255832672 20.3864223957061 20.5363192081451 20.6540193557739 20.7609872817993 20.8679552078247 20.9749231338501 21.0818910598755 21.1888589859009 21.2958269119263 21.3755257288615 21.3734172185262 21.3713087081909 21.3692001978556 21.3670916875203 21.364983177185 21.3628746668497 21.3607661565145 21.2802715778351 21.1736483097076 21.0670250415802 20.9604017734527 20.8537785053253 20.7471552371979 20.6405319690704 20.5387403964996 20.4514439105987 20.3641474246978 20.276850938797 20.1895544528961
19.0864356040954 19.0660011609395 19.0455667177836 19.0251322746276 19.0825412909189 19.165898127026 19.249254963133 19.3326117992401 19.4159686353471 19.4993254714541 19.5826823075612 19.6739252249399 19.7888263861338 19.9037275473276 20.0186287085215 20.1335298697153 20.2484310309092 20.363332192103 20.4782333532969 20.5941703160604 20.7104525460137 20.826734775967 20.9430170059204 21.0592992358737 21.1755814658271 21.2918636957804 21.3845847023858 21.4066220389472 21.4286593755086 21.45069671207 21.4727340486314 21.4947713851928 21.5168087217543 21.5388460583157 21.4694645722707 21.3696101453569 21.2697557184431 21.1699012915293 21.0700468646155 20.9701924377018 20.8703380107879 20.77412276268 20.6888250509898 20.6035273392995 20.5182296276092 20.432931915919
19.3704149564107 19.3569530169169 19.343491077423 19.3300291379292 19.3780805428822 19.4466363959842 19.5151922490861 19.583748102188 19.65230395529 19.7208598083919 19.7894156614939 19.8608089288075 19.9407144387563 20.020619948705 20.1005254586537 20.1804309686025 20.2603364785512 20.3402419884999 20.4201474984487 20.5343212763468 20.6599178102281 20.7855143441094 20.9111108779907 21.036707411872 21.1623039457533 21.2879004796346 21.3936436759101 21.4398268593682 21.4860100428263 21.5321932262844 21.5783764097425 21.6245595932007 21.6707427766588 21.7169259601169 21.6586575667063 21.5655719810062 21.472486395306 21.3794008096059 21.2863152239058 21.1932296382056 21.1001440525055 21.0095051288604 20.9262061913808 20.8429072539011 20.7596083164215 20.6763093789418
19.6543943087259 19.6479048728942 19.6414154370625 19.6349260012308 19.6736197948455 19.7273746649424 19.7811295350392 19.8348844051361 19.8886392752329 19.9423941453297 19.9961490154266 20.0476926326751 20.0926024913787 20.1375123500824 20.182422208786 20.2273320674896 20.2722419261932 20.3171517848968 20.3620616436005 20.4744722366333 20.6093830744425 20.7442939122518 20.879204750061 21.0141155878703 21.1490264256795 21.2839372634887 21.4027026494344 21.4730316797892 21.543360710144 21.6136897404988 21.6840187708536 21.7543478012085 21.8246768315633 21.8950058619181 21.8478505611419 21.7615338166555 21.675217072169 21.5889003276825 21.502583583196 21.4162668387095 21.329950094223 21.2448874950409 21.1635873317718 21.0822871685028 21.0009870052337 20.9196868419647
19.9383736610412 19.9388567288716 19.939339796702 19.9398228645324 19.9691590468088 20.0081129339006 20.0470668209923 20.0860207080841 20.1249745951758 20.1639284822676 20.2028823693593 20.2345763365427 20.2444905440012 20.2544047514597 20.2643189589182 20.2742331663767 20.2841473738352 20.2940615812937 20.3039757887522 20.4146231969197 20.5588483386569 20.7030734803941 20.8472986221313 20.9915237638685 21.1357489056057 21.2799740473429 21.4117616229587 21.5062365002102 21.6007113774617 21.6951862547132 21.7896611319647 21.8841360092163 21.9786108864678 22.0730857637193 22.0370435555776 21.9574956523047 21.8779477490319 21.7983998457591 21.7188519424862 21.6393040392134 21.5597561359405 21.4802698612213 21.4009684721629 21.3216670831044 21.242365694046 21.1630643049876
20.0719887998369 20.0873451391856 20.1027014785343 20.1180578178829 20.1535245577494 20.1956947644551 20.2378649711609 20.2800351778666 20.3222053845723 20.364375591278 20.4065457979838 20.4277281284332 20.3859468301137 20.3441655317942 20.3023842334747 20.2606029351553 20.2188216368358 20.1770403385163 20.1352590401968 20.2319115320842 20.3747086207072 20.5175057093303 20.6603027979533 20.8030998865764 20.9458969751994 21.0886940638225 21.2291840818194 21.3627528879378 21.4963216940562 21.6298905001746 21.7634593062931 21.8970281124115 22.0305969185299 22.1641657246483 22.1485140005748 22.0831220997704 22.0177301989661 21.9523382981618 21.8869463973575 21.8215544965532 21.7561625957489 21.6887217415703 21.6151340272691 21.5415463129679 21.4679585986667 21.3943708843655
20.0552397251129 20.093370103836 20.1315004825592 20.1696308612823 20.2267163276672 20.290120156606 20.3535239855448 20.4169278144836 20.4803316434224 20.5437354723612 20.6071393013 20.6271480083465 20.5169713497162 20.4067946910858 20.2966180324555 20.1864413738251 20.0762647151947 19.9660880565644 19.855911397934 19.9263372421265 20.0569639205933 20.1875905990601 20.3182172775269 20.4488439559937 20.5794706344605 20.7100973129273 20.8549700260163 21.0425808429718 21.2301916599274 21.4178024768829 21.6054132938385 21.793024110794 21.9806349277496 22.1682457447051 22.1822618961334 22.1384131590525 22.0945644219716 22.0507156848907 22.0068669478098 21.963018210729 21.919169473648 21.870243136088 21.8060839970906 21.7419248580932 21.6777657190958 21.6136065800984
20.0384906503889 20.0993950684865 20.1602994865841 20.2212039046817 20.299908097585 20.3845455487569 20.4691829999287 20.5538204511006 20.6384579022725 20.7230953534444 20.8077328046162 20.8265678882599 20.6479958693187 20.4694238503774 20.2908518314362 20.112279812495 19.9337077935537 19.7551357746125 19.5765637556713 19.6207629521688 19.7392192204793 19.8576754887899 19.9761317571005 20.094588025411 20.2130442937215 20.3315005620321 20.4807559702131 20.7224087980058 20.9640616257985 21.2057144535912 21.4473672813839 21.6890201091766 21.9306729369693 22.172325764762 22.2160097916921 22.1937042183346 22.1713986449771 22.1490930716197 22.1267874982622 22.1044819249047 22.0821763515472 22.0517645306057 21.9970339669121 21.9423034032186 21.887572839525 21.8328422758314
20.0217415756649 20.105420033137 20.189098490609 20.2727769480811 20.3730998675028 20.4789709409078 20.5848420143127 20.6907130877176 20.7965841611226 20.9024552345275 21.0083263079325 21.0259877681732 20.7790203889211 20.532053009669 20.2850856304169 20.0381182511648 19.7911508719127 19.5441834926606 19.2972161134085 19.3151886622111 19.4214745203654 19.5277603785197 19.634046236674 19.7403320948283 19.8466179529826 19.9529038111369 20.1065419144101 20.4022367530399 20.6979315916697 20.9936264302995 21.2893212689293 21.5850161075592 21.880710946189 22.1764057848188 22.2497576872508 22.2489952776167 22.2482328679826 22.2474704583486 22.2467080487145 22.2459456390804 22.2451832294464 22.2332859251234 22.1879839367336 22.1426819483439 22.0973799599541 22.0520779715644
20.0049925009409 20.1114449977875 20.217897494634 20.3243499914805 20.4462916374206 20.5733963330586 20.7005010286966 20.8276057243347 20.9547104199727 21.0818151156107 21.2089198112487 21.2254076480866 20.9100449085236 20.5946821689606 20.2793194293977 19.9639566898347 19.6485939502717 19.3332312107087 19.0178684711458 19.0096143722535 19.1037298202515 19.1978452682495 19.2919607162476 19.3860761642456 19.4801916122437 19.5743070602418 19.732327858607 20.0820647080739 20.4318015575409 20.7815384070078 21.1312752564747 21.4810121059417 21.8307489554087 22.1804858048756 22.2835055828094 22.3042863368988 22.3250670909881 22.3458478450775 22.3666285991668 22.3874093532562 22.4081901073455 22.4148073196411 22.3789339065552 22.3430604934692 22.3071870803833 22.2713136672973
19.9882434262169 20.1174699624379 20.2466964986589 20.3759230348799 20.5194834073384 20.6678217252095 20.8161600430806 20.9644983609517 21.1128366788228 21.2611749966939 21.409513314565 21.4248275279999 21.0410694281261 20.6573113282522 20.2735532283784 19.8897951285046 19.5060370286307 19.1222789287568 18.738520828883 18.7040400822958 18.7859851201376 18.8679301579794 18.9498751958212 19.031820233663 19.1137652715048 19.1957103093466 19.3581138028038 19.7618926631079 20.165671523412 20.5694503837161 20.9732292440202 21.3770081043243 21.7807869646283 22.1845658249324 22.3172534783681 22.3595773961809 22.4019013139936 22.4442252318064 22.4865491496192 22.5288730674319 22.5711969852447 22.5963287141588 22.5698838763767 22.5434390385945 22.5169942008124 22.4905493630303
