data/working_set_collections/6091692-Cassins_Sparrow-MC/1995/bio11.asc
NCOLS 265 
NROWS 230 
XLLCORNER -115.5625 
YLLCORNER 24.8333333333333 
CELLSIZE 0.0833333333333333 
NODATA_value -9999 
[rows 140 to 159 of 230, columns 0 to 45 of 265]
14.051517089208 14.1222259362539 14.1929347832998 14.2636436303457 14.3343524773916 14.4050613244374 14.4757701714833 14.4334162871043 14.3533748255836 14.2733333640628 14.1932919025421 14.1132504410214 14.0332089795007 13.95316751798 13.8911279651854 13.8830941385693 13.8750603119532 13.8670264853371 13.8589926587211 13.850958832105 13.8429250054889 13.8348911788728 13.8500638405482 13.8729719983207 13.8958801560932 13.9187883138656 13.9416964716381 13.9646046294106 13.9875127871831 13.966968091329 13.8160648345947 13.6651615778605 13.5142583211263 13.3633550643921 13.2124518076579 13.0615485509237 12.9106452941895 12.8478492895762 12.8144223690033 12.7809954484304 12.7475685278575 12.7141416072846 12.6807146867116 12.6472877661387 12.5991794771619 12.5070270829731
13.8361985683441 13.9562095801036 14.076220591863 14.1962316036224 14.3162426153819 14.4362536271413 14.5562646389007 14.518886645635 14.4290456506941 14.3392046557532 14.2493636608124 14.1595226658715 14.0696816709307 13.9798406759898 13.913446715143 13.9173938565784 13.9213409980138 13.9252881394492 13.9292352808846 13.93318242232 13.9371295637554 13.9410767051909 13.9523562987645 13.966080043051 13.9798037873374 13.9935275316238 14.0072512759103 14.0209750201967 14.0346987644831 14.009130859375 13.8656880060832 13.7222451527914 13.5788022994995 13.4353594462077 13.2919165929159 13.148473739624 13.0050308863322 12.9277150948842 12.8724416573842 12.8171682198842 12.7618947823842 12.7066213448842 12.6513479073842 12.5960744698843 12.5294009023243 12.4285269445843
13.6208800474803 13.7901932239532 13.9595064004262 14.1288195768992 14.2981327533722 14.4674459298451 14.6367591063181 14.6043570041657 14.5047164758047 14.4050759474436 14.3054354190826 14.2057948907217 14.1061543623606 14.0065138339996 13.9357654651006 13.9516935745875 13.9676216840744 13.9835497935613 13.9994779030482 14.0154060125351 14.031334122022 14.0472622315089 14.0546487569809 14.0591880877813 14.0637274185816 14.068266749382 14.0728060801824 14.0773454109828 14.0818847417831 14.0512936274211 13.9153111775716 13.7793287277222 13.6433462778727 13.5073638280233 13.3713813781738 13.2353989283244 13.0994164784749 13.0075809001923 12.9304609457652 12.8533409913381 12.776221036911 12.6991010824839 12.6219811280569 12.5448611736298 12.4596223274867 12.3500268061956
13.4055615266164 13.6241768678029 13.8427922089894 14.061407550176 14.2800228913625 14.498638232549 14.7172535737355 14.6898273626963 14.5803873009152 14.470947239134 14.3615071773529 14.2520671155718 14.1426270537906 14.0331869920095 13.9580842150582 13.9859932925966 14.013902370135 14.0418114476734 14.0697205252117 14.0976296027501 14.1255386802885 14.1534477578269 14.1569412151972 14.1522961325116 14.1476510498259 14.1430059671402 14.1383608844545 14.1337158017688 14.1290707190831 14.0934563954671 13.9649343490601 13.836412302653 13.707890256246 13.5793682098389 13.4508461634318 13.3223241170248 13.1938020706177 13.0874467055003 12.9884802341461 12.889513762792 12.7905472914378 12.6915808200836 12.5926143487295 12.4936478773753 12.3898437526491 12.2715266678069
13.1591793166267 13.428696791331 13.6982142660352 13.9677317407396 14.2372492154439 14.5067666901482 14.7762841648525 14.7728941520055 14.6785349766413 14.5841758012772 14.489816625913 14.3954574505488 14.3010982751846 14.2067390998204 14.1426061073939 14.1691516637802 14.1956972201665 14.2222427765528 14.2487883329391 14.2753338893254 14.3018794457117 14.3284250020981 14.3246564149856 14.3107831133736 14.2969098117616 14.2830365101496 14.2691632085376 14.2552899069256 14.2414166053136 14.1999036656486 14.0754718118244 13.9510399580002 13.826608104176 13.7021762503518 13.5777443965276 13.4533125427034 13.3288806888792 13.2086470762889 13.0898128774431 12.9709786785973 12.8521444797516 12.7333102809058 12.6144760820601 12.4956418832143 12.3736744218403 12.2423071728812
12.881733417511 13.2037529945373 13.5257725715637 13.8477921485901 14.1698117256164 14.4918313026428 14.8138508796691 14.8535573720932 14.7991595029831 14.744761633873 14.6903637647629 14.6359658956527 14.5815680265426 14.5271701574325 14.4893311421076 14.5011686881383 14.5130062341689 14.5248437801996 14.5366813262303 14.548518872261 14.5603564182917 14.5721939643224 14.5577943563461 14.5346490303675 14.5115037043889 14.4883583784103 14.4652130524317 14.4420677264531 14.4189224004745 14.3706354379654 14.2469235658645 14.1232116937637 13.9994998216629 13.8757879495621 13.7520760774612 13.6283642053604 13.5046523332596 13.371182012558 13.2344588756561 13.0977357387543 12.9610126018524 12.8242894649506 12.6875663280487 12.5508431911469 12.4111143350601 12.2623683214188
12.6042875183953 12.9788091977437 13.3533308770921 13.7278525564405 14.1023742357889 14.4768959151373 14.8514175944858 14.9342205921809 14.9197840293248 14.9053474664688 14.8909109036127 14.8764743407567 14.8620377779007 14.8476012150446 14.8360561768213 14.8331857124964 14.8303152481714 14.8274447838465 14.8245743195215 14.8217038551966 14.8188333908716 14.8159629265467 14.7909322977066 14.7585149473614 14.7260975970162 14.693680246671 14.6612628963258 14.6288455459806 14.5964281956355 14.5413672102822 14.4183753199047 14.2953834295273 14.1723915391498 14.0493996487723 13.9264077583949 13.8034158680174 13.6804239776399 13.5337169488271 13.3791048738692 13.2244927989112 13.0698807239533 12.9152686489953 12.7606565740373 12.6060444990794 12.44855424828 12.2824294699563
12.3268416192796 12.7538654009501 13.1808891826205 13.607912964291 14.0349367459614 14.4619605276319 14.8889843093024 15.0148838122686 15.0404085556666 15.0659332990646 15.0914580424626 15.1169827858607 15.1425075292587 15.1680322726567 15.1827812115351 15.1652027368545 15.1476242621739 15.1300457874934 15.1124673128128 15.0948888381322 15.0773103634516 15.059731888771 15.0240702390671 14.9823808643553 14.9406914896435 14.8990021149317 14.85731274022 14.8156233655082 14.7739339907964 14.7120989825991 14.5898270739449 14.4675551652908 14.3452832566367 14.2230113479826 14.1007394393285 13.9784675306744 13.8561956220203 13.6962518850962 13.5237508720822 13.3512498590681 13.1787488460541 13.0062478330401 12.833746820026 12.6612458070119 12.4859941614999 12.3024906184938
12.049395720164 12.5289216041565 13.0084474881489 13.4879733721415 13.967499256134 14.4470251401264 14.926551024119 15.0955470323562 15.1610330820083 -9999 -9999 -9999 -9999 15.4884633302688 15.5295062462488 15.4972197612126 15.4649332761764 15.4326467911402 15.400360306104 15.3680738210678 15.3357873360316 15.3035008509953 15.2572081804275 15.2062467813492 15.1552853822708 15.1043239831924 15.053362584114 15.0024011850357 14.9514397859573 14.8828307549159 14.7612788279851 14.6397269010544 14.5181749741236 14.3966230471929 14.2750711202621 14.1535191933314 14.0319672664006 13.8587868213654 13.6683968702952 13.4780069192251 13.2876169681549 13.0972270170848 12.9068370660146 12.7164471149445 12.5234340747198 12.3225517670314
11.7719498210483 12.3039778073628 12.8360057936773 13.368033779992 13.9000617663065 14.432089752621 14.9641177389356 15.1762102524439 15.2816576083501 -9999 -9999 -9999 -9999 -9999 15.8762312809626 15.8292367855707 15.7822422901789 15.7352477947871 15.6882532993952 15.6412588040034 15.5942643086115 15.5472698132197 15.490346121788 15.430112698343 15.3698792748981 15.3096458514531 15.2494124280082 15.1891790045632 15.1289455811183 15.0535625272327 14.9327305820253 14.8118986368179 14.6910666916105 14.5702347464032 14.4494028011958 14.3285708559884 14.207738910781 14.0213217576345 13.8130428685083 13.604763979382 13.3964850902558 13.1882062011295 12.9799273120033 12.771648422877 12.5608739879397 12.3426129155689
11.5496220456229 12.1114189227421 12.6732157998614 13.2350126769807 13.7968095541 14.3586064312192 14.9204033083386 15.1701687494914 15.3159237119886 -9999 -9999 -9999 -9999 -9999 -9999 -9999 16.0409167925516 15.9906510353088 -9999 -9999 -9999 15.7895880063374 15.7254272619883 15.6566348552704 15.5878424485524 15.5190500418345 15.4502576351166 15.3814652283986 15.3126728216807 15.2308707846535 15.1100398566988 14.989208928744 14.8683780007892 14.7475470728344 14.6267161448796 14.5058852169249 14.3850542889701 14.1968859752019 13.9862718661626 13.7756577571233 13.565043648084 13.3544295390447 13.1438154300054 12.9332013209661 12.7186117198732 12.4920956426196
11.3824123938878 11.9512449502944 12.520077506701 13.0889100631078 13.6577426195144 14.226575175921 14.7954077323277 15.0774225234985 15.263831392924 -9999 -9999 -9999 -9999 -9999 -9999 -9999 -9999 -9999 -9999 -9999 -9999 -9999 15.9624516010284 15.8858132521311 15.8091749032338 15.7325365543365 15.6558982054392 15.5792598565419 15.5026215076446 15.4147555271784 15.2932066520055 15.1716577768326 15.0501089016596 14.9285600264867 14.8070111513138 14.6854622761408 14.5639134009679 14.3854794740677 14.1880838632584 13.990688252449 13.7932926416397 13.5958970308304 13.398501420021 13.2011058092117 12.9966472705205 12.7709999481837
11.2152027421527 11.7910709778467 12.3669392135407 12.9428074492348 13.5186756849288 14.0945439206228 14.6704121563169 14.9846762975057 15.2117390738593 -9999 -9999 -9999 -9999 -9999 -9999 -9999 -9999 -9999 -9999 -9999 -9999 -9999 -9999 16.1149916489919 16.0305073579152 15.9460230668386 15.8615387757619 15.7770544846852 15.6925701936086 15.5986402697033 15.4763734473122 15.3541066249212 15.2318398025301 15.109572980139 14.9873061577479 14.8650393353568 14.7427725129657 14.5740729729335 14.3898958603541 14.2057187477748 14.0215416351954 13.8373645226161 13.6531874100367 13.4690102974574 13.2746828211679 13.0499042537477
11.0479930904176 11.630897005399 12.2138009203804 12.7967048353619 13.3796087503433 13.9625126653246 14.5454165803061 14.8919300715128 15.1596467547946 -9999 -9999 -9999 -9999 -9999 -9999 -9999 -9999 -9999 -9999 -9999 -9999 -9999 -9999 -9999 -9999 16.1595095793406 16.0671793460846 15.9748491128285 15.8825188795725 15.7825250122282 15.659540242619 15.5365554730097 15.4135707034005 15.2905859337912 15.167601164182 15.0446163945728 14.9216316249635 14.7626664717992 14.5917078574498 14.4207492431005 14.2497906287511 14.0788320144017 13.9078734000524 13.736914785703 13.5527183718151 13.3288085593117
10.8807834386825 11.4707230329513 12.06066262722 12.6506022214889 13.2405418157577 13.8304814100264 14.4204210042953 14.79918384552 15.1075544357299 -9999 -9999 -9999 -9999 -9999 -9999 -9999 -9999 -9999 -9999 -9999 -9999 -9999 -9999 -9999 -9999 -9999 -9999 -9999 -9999 15.9664097547531 15.8427070379257 15.7190043210983 15.5953016042709 15.4715988874435 15.3478961706161 15.2241934537888 15.1004907369613 14.951259970665 14.7935198545456 14.6357797384262 14.4780396223068 14.3202995061874 14.162559390068 14.0048192739487 13.8307539224625 13.6077128648758
10.7135737869474 11.3105490605036 11.9075243340597 12.504499607616 13.1014748811721 13.6984501547282 14.2954254282845 14.7064376195271 15.0554621166652 -9999 -9999 -9999 -9999 -9999 -9999 -9999 -9999 -9999 -9999 -9999 -9999 -9999 -9999 -9999 -9999 -9999 -9999 -9999 -9999 16.150294497278 16.0258738332324 15.9014531691869 15.7770325051414 15.6526118410958 15.5281911770503 15.4037705130047 15.2793498489592 15.1398534695307 14.9953318516413 14.8508102337519 14.7062886158625 14.5617669979731 14.4172453800837 14.2727237621943 14.1087894731098 13.8866171704398
10.8516351249481 11.3978608528771 11.9440865808061 12.4903123087352 13.0365380366642 13.5827637645932 14.1289894925223 14.5564765055974 14.9443839470545 15.3322913885116 -9999 -9999 -9999 -9999 -9999 -9999 -9999 -9999 -9999 -9999 -9999 -9999 -9999 -9999 -9999 -9999 -9999 -9999 -9999 16.2745533598794 16.1501385238436 16.0257236878077 15.9013088517719 15.776894015736 15.6524791797002 15.5280643436644 15.4036495076285 15.2714945634206 15.1367595831553 15.00202460289 14.8672896226247 14.7325546423594 14.5978196620941 14.4630846818288 14.3090356376436 14.0970444016986
11.2949674526849 11.7326584100722 12.1703493674595 12.6080403248468 13.0457312822341 13.4834222396214 13.9211131970088 14.3493005037307 14.7743199268976 15.1993393500646 -9999 -9999 -9999 -9999 -9999 -9999 -9999 -9999 -9999 -9999 -9999 -9999 -9999 -9999 -9999 -9999 -9999 -9999 -9999 16.3391863425573 16.215501109759 16.0918158769608 15.9681306441625 15.8444454113642 15.720760178566 15.5970749457677 15.4733897129695 15.3461832523346 15.2178030490875 15.0894228458405 14.9610426425934 14.8326624393463 14.7042822360992 14.5759020328522 14.431492416064 14.2389945586522
11.7382997804217 12.0674559672672 12.3966121541128 12.7257683409584 13.054924527804 13.3840807146496 13.7132369014952 14.1421245018641 14.6042559067407 15.0663873116175 -9999 -9999 -9999 -9999 -9999 -9999 -9999 -9999 -9999 -9999 -9999 -9999 -9999 -9999 -9999 -9999 -9999 -9999 -9999 16.4038193252352 16.2808636956745 16.1579080661138 16.0349524365531 15.9119968069924 15.7890411774318 15.6660855478711 15.5431299183104 15.4208719412486 15.2988465150198 15.1768210887909 15.0547956625621 14.9327702363332 14.8107448101044 14.6887193838755 14.5539491944843 14.3809447156058
12.1816321081584 12.4022535244623 12.6228749407661 12.84349635707 13.0641177733739 13.2847391896777 13.5053606059816 13.9349484999974 14.4341918865839 14.9334352731704 15.4326786597569 15.9319220463434 -9999 -9999 -9999 -9999 -9999 -9999 -9999 -9999 -9999 -9999 -9999 -9999 -9999 -9999 -9999 -9999 -9999 16.4684523079131 16.3462262815899 16.2240002552668 16.1017742289437 15.9795482026206 15.8573221762975 15.7350961499744 15.6128701236513 15.4955606301626 15.379889980952 15.2642193317413 15.1485486825307 15.0328780333201 14.9172073841095 14.8015367348989 14.6764059729046 14.5228948725594
