data/working_set_collections/6091692-Cassins_Sparrow-MC/1995/bio11.asc
NCOLS 265 
NROWS 230 
XLLCORNER -115.5625 
YLLCORNER 24.8333333333333 
CELLSIZE 0.0833333333333333 
NODATA_value -9999 
[rows 200 to 219 of 230, columns 92 to 137 of 265]
10.8146686646674 10.2927266266611 9.77078458865486 9.24884255064864 8.72690051264233 8.57681202093755 8.55067471133334 8.52453740172913 8.49840009212492 8.47226278252071 8.4461254729165 8.41998816331229 8.48663111925119 8.83161487181979 9.17659862438834 9.52158237695688 9.86656612952548 10.211549882094 10.5565336346626 10.9015173872312 11.0894912719726 11.2251285341051 11.3607657962375 11.49640305837 11.6320403205024 11.7676775826348 11.9033148447672 12.0130602015389 12.0451298422284 12.0771994829178 12.1092691236072 12.1413387642966 12.1734084049861 12.2054780456755 12.2375476863649 12.2137509028117 12.1713319778442 12.1289130528768 12.0864941279093 12.0440752029419 12.0016562779744 11.959237353007 11.9409387244118 11.9950009849336 12.0490632454554 12.1031255059772
11.332802842723 10.7913754476441 10.2499480525653 9.70852065748642 9.16709326240749 8.95648971398666 8.85616078111857 8.75583184825046 8.65550291538237 8.55517398251428 8.45484504964618 8.35451611677809 8.36567399104431 8.7112922867139 9.05691058238344 9.40252887805297 9.74814717372257 10.0937654693921 10.4393837650616 10.7850020607312 10.9716938018799 11.1054100248549 11.2391262478299 11.3728424708049 11.5065586937798 11.6402749167548 11.7739911397298 11.8883147743013 11.9444606436624 12.0006065130234 12.0567523823844 12.1128982517454 12.1690441211065 12.2251899904675 12.2813358598285 12.2761321385701 12.250478553772 12.2248249689738 12.1991713841756 12.1735177993774 12.1478642145792 12.1222106297811 12.1169747696982 12.1729920837614 12.2290093978246 12.2850267118877
11.8509370207787 11.2900242686271 10.7291115164757 10.1681987643242 9.60728601217269 9.33616740703579 9.16164685090382 8.98712629477181 8.81260573863984 8.63808518250786 8.46356462637585 8.28904407024388 8.24471686283741 8.590969701608 8.93722254037853 9.28347537914906 9.62972821791965 9.97598105669018 10.3222338954607 10.6684867342313 10.8538963317871 10.9856915156046 11.1174866994222 11.2492818832397 11.3810770670573 11.5128722508748 11.6446674346924 11.7635693470637 11.8437914450963 11.924013543129 12.0042356411616 12.0844577391942 12.1646798372269 12.2449019352595 12.3251240332921 12.3385133743286 12.3296251296997 12.3207368850708 12.3118486404419 12.302960395813 12.2940721511841 12.2851839065552 12.2930108149846 12.3509831825892 12.4089555501937 12.4669279177983
12.3690711988344 11.7886730896102 11.2082749803861 10.6278768711621 10.0474787619379 9.71584510008493 9.46713292068907 9.21842074129316 8.9697085618973 8.72099638250144 8.47228420310553 8.22357202370967 8.12375973463052 8.4706471165021 8.81753449837363 9.16442188024515 9.51130926211673 9.85819664398825 10.2050840258598 10.5519714077314 10.7360988616943 10.8659730063544 10.9958471510145 11.1257212956746 11.2555954403347 11.3854695849948 11.5153437296549 11.6388239198261 11.7431222465303 11.8474205732346 11.9517188999388 12.056017226643 12.1603155533473 12.2646138800515 12.3689122067557 12.4008946100871 12.4087717056274 12.4166488011678 12.4245258967082 12.4324029922485 12.4402800877889 12.4481571833292 12.469046860271 12.528974281417 12.5889017025629 12.6488291237089
12.854222032759 12.2574576801724 11.6606933275859 11.0639289749994 10.4671646224128 10.0856612563133 9.77591155237623 9.46616184843909 9.15641214450201 8.84666244056493 8.5369127366278 8.22716303269072 8.07459879583775 8.39359096023769 8.71258312463757 9.03157528903745 9.35056745343739 9.66955961783727 9.98855178223715 10.3075439466371 10.4965123097102 10.6421394056744 10.7877665016387 10.9333935976029 11.0790206935671 11.2246477895313 11.3702748854955 11.5105368349287 11.6347033447689 11.7588698546092 11.8830363644494 12.0072028742896 12.1313693841298 12.25553589397 12.3797024038103 12.4311751683553 12.4584166844686 12.4856582005819 12.5128997166951 12.5401412328084 12.5673827489217 12.594624265035 12.6288978921042 12.6842678520414 12.7396378119786 12.7950077719158
13.3063895225526 12.6963780403137 12.086366558075 11.4763550758362 10.8663435935974 10.445615875721 10.0879827459654 9.73034961620966 9.37271648645403 9.01508335669841 8.65745022694272 8.29981709718709 8.09723404645913 8.35980123281476 8.62236841917035 8.88493560552594 9.14750279188157 9.41006997823715 9.67263716459274 9.93520435094837 10.1351366758347 10.3141907135646 10.4932447512945 10.6722987890244 10.8513528267542 11.0304068644842 11.209460902214 11.3787080923716 11.5185347398122 11.6583613872528 11.7981880346934 11.938014682134 12.0778413295746 12.2176679770152 12.3574946244557 12.4293550491333 12.4785600662231 12.527765083313 12.5769701004028 12.6261751174927 12.6753801345825 12.7245851516723 12.7725639104843 12.8168638944626 12.8611638784408 12.9054638624191
13.7585570123461 13.1352984004551 12.5120397885641 11.8887811766731 11.2655225647821 10.8055704951286 10.4000539395545 9.99453738398023 9.58902082840605 9.18350427283188 8.77798771725764 8.37247116168346 8.11986929708052 8.32601150539185 8.53215371370313 8.73829592201442 8.94443813032575 9.15058033863704 9.35672254694832 9.56286475525965 9.77376104195914 9.9862420214547 10.1987230009503 10.4112039804459 10.6236849599414 10.836165939437 11.0486469189326 11.2468793498145 11.4023661348555 11.5578529198964 11.7133397049374 11.8688264899783 12.0243132750193 12.1798000600603 12.3352868451012 12.4275349299113 12.4987034479777 12.5698719660441 12.6410404841105 12.7122090021769 12.7833775202433 12.8545460383097 12.9162299288643 12.9494599368837 12.982689944903 13.0159199529224
14.2107245021397 13.5742187605964 12.9377130190532 12.30120727751 11.6647015359667 11.1655251145363 10.7121251331436 10.2587251517508 9.80532517035806 9.35192518896534 8.89852520757254 8.44512522617982 8.1425045477019 8.29222177796893 8.44193900823593 8.59165623850292 8.74137346876994 8.89109069903694 9.04080792930394 9.19052515957096 9.41238540808363 9.65829332934486 9.90420125060614 10.1501091718674 10.3960170931286 10.6419250143899 10.8878329356511 11.1150506072574 11.2861975298987 11.4573444525401 11.6284913751814 11.7996382978227 11.9707852204641 12.1419321431054 12.3130790657467 12.4257148106893 12.5188468297322 12.6119788487752 12.7051108678182 12.7982428868611 12.8913749059041 12.9845069249471 13.0598959472444 13.0820559793048 13.1042160113652 13.1263760434256
14.6628919919333 14.0131391207377 13.3633862495423 12.7136333783468 12.0638805071513 11.525479733944 11.0241963267327 10.5229129195213 10.0216295123101 9.52034610509881 9.01906269788746 8.51777929067619 8.16513979832329 8.258432050546 8.35172430276871 8.44501655499141 8.53830880721413 8.63160105943683 8.72489331165953 8.81818556388224 9.05100977420808 9.330344637235 9.60967950026196 9.88901436328888 10.1683492263158 10.4476840893428 10.7270189523697 10.9832218647003 11.170028924942 11.3568359851837 11.5436430454254 11.7304501056671 11.9172571659088 12.1040642261505 12.2908712863922 12.4238946914673 12.5389902114868 12.6540857315063 12.7691812515258 12.8842767715454 12.9993722915649 13.1144678115844 13.2035619656245 13.2146520217259 13.2257420778274 13.2368321339289
15.1150594817268 14.4520594808791 13.7890594800314 13.1260594791837 12.4630594783359 11.8854343533516 11.3362675203218 10.7871006872919 10.2379338542621 9.68876702123228 9.13960018820237 8.59043335517256 8.18777504894467 8.22464232312308 8.26150959730149 8.2983768714799 8.33524414565831 8.37211141983671 8.40897869401511 8.44584596819353 8.68963414033254 9.00239594512513 9.31515774991778 9.62791955471037 9.94068135950297 10.2534431642956 10.5662049690882 10.8513931221432 11.0538603199852 11.2563275178273 11.4587947156694 11.6612619135114 11.8637291113535 12.0661963091956 12.2686635070376 12.4220745722453 12.5591335932413 12.6961926142374 12.8332516352335 12.9703106562296 13.1073696772257 13.2444286982218 13.3472279840045 13.3472480641471 13.3472681442896 13.3472882244322
15.5557016743555 14.8936733192868 14.2316449642182 13.5696166091496 12.9075882540809 12.2971200704575 11.7038386106492 11.1105571508407 10.5172756910324 9.92399423122414 9.33071277141573 8.73743131160742 8.28927745554179 8.27650641070469 8.2637353658676 8.2509643210305 8.23819327619341 8.22542223135631 8.21265118651922 8.19988014168212 8.44925283590949 8.78600677649174 9.12276071707406 9.45951465765631 9.79626859823856 10.1330225388209 10.4697764794031 10.7740078025394 10.9806712733374 11.1873347441355 11.3939982149336 11.6006616857316 11.8073251565297 12.0139886273278 12.2206520981258 12.3802133321762 12.5240738206439 12.6679343091117 12.8117947975794 12.9556552860472 13.0995157745149 13.2433762629827 13.3531947082944 13.3608870241377 13.3685793399811 13.3762716558245
15.9848185698192 15.3379806359609 14.6911427021027 14.0443047682445 13.3974668343862 12.7605368852616 12.1269095977148 11.493282310168 10.8596550226212 10.2260277350745 9.5924004475276 8.95877315998084 8.46964701811471 8.4140243132909 8.3584016084671 8.30277890364329 8.24715619881948 8.19153349399568 8.13591078917188 8.08028808434807 8.32986586093899 8.68117713133488 9.03248840173083 9.38379967212672 9.73511094252261 10.0864222129186 10.4377334833145 10.7510659058888 10.9504617849985 11.1498576641082 11.3492535432179 11.5486494223276 11.7480453014374 11.947441180547 12.1468370596567 12.2983109712601 12.4338108936945 12.569310816129 12.7048107385635 12.840310660998 12.9758105834325 13.111310505867 13.2214621384939 13.2555689016978 13.2896756649017 13.3237824281057
16.4139354652829 15.782287952635 15.1506404399872 14.5189929273394 13.8873454146915 13.2239537000657 12.5499805847805 11.8760074694952 11.20203435421 10.5280612389248 9.85408812363946 9.18011500835427 8.65001658068763 8.5515422158771 8.45306785106659 8.35459348625609 8.25611912144556 8.15764475663505 8.05917039182454 7.96069602701402 8.21047888596848 8.57634748617801 8.9422160863876 9.30808468659714 9.67395328680667 10.0398218870163 10.4056904872258 10.7281240092383 10.9202522966596 11.112380584081 11.3045088715023 11.4966371589236 11.688765446345 11.8808937337663 12.0730220211876 12.2164086103439 12.3435479667451 12.4706873231464 12.5978266795476 12.7249660359488 12.8521053923501 12.9792447487513 13.0897295686934 13.1502507792579 13.2107719898224 13.2712932003869
16.8430523607467 16.2265952693092 15.6101381778718 14.9936810864343 14.3772239949968 13.6873705148698 12.9730515718461 12.2587326288224 11.5444136857987 10.8300947427751 10.1157757997513 9.4014568567277 8.83038614326055 8.68906011846331 8.54773409366609 8.40640806886888 8.26508204407164 8.12375601927442 7.98242999447721 7.84110396967997 8.09109191099797 8.47151784102115 8.85194377104438 9.23236970106755 9.61279563109072 9.99322156111396 10.3736474911371 10.7051821125878 10.8900428083207 11.0749035040537 11.2597641997867 11.4446248955196 11.6294855912526 11.8143462869856 11.9992069827185 12.1345062494278 12.2532850397958 12.3720638301637 12.4908426205317 12.6096214108997 12.7284002012676 12.8471789916356 12.9579969988929 13.044932656818 13.131868314743 13.2188039726681
17.2721692562104 16.6709025859833 16.0696359157562 15.4683692455292 14.8671025753021 14.1507873296738 13.3961225589117 12.6414577881495 11.8867930173875 11.1321282466254 10.3774634758632 9.6227987051011 9.01075570583345 8.8265780210495 8.64240033626558 8.45822265148166 8.27404496669771 8.0898672819138 7.90568959712988 7.72151191234593 7.97170493602748 8.36668819586429 8.76167145570116 9.15665471553797 9.55163797537478 9.94662123521165 10.3416044950485 10.6822402159373 10.8598333199818 11.0374264240265 11.2150195280711 11.3926126321156 11.5702057361603 11.7477988402048 11.9253919442494 12.0526038885117 12.1630221128464 12.2734403371811 12.3838585615158 12.4942767858505 12.6046950101852 12.71511323452 12.8262644290924 12.939614534378 13.0529646396637 13.1663147449493
17.7012861516741 17.1152099026574 16.5291336536407 15.9430574046241 15.3569811556074 14.6142041444779 13.8191935459774 13.0241829474767 12.2291723489762 11.4341617504757 10.639151151975 9.84414055347451 9.19112526840635 8.96409592363569 8.73706657886507 8.51003723409445 8.28300788932379 8.05597854455317 7.82894919978255 7.60191985501189 7.85231796105698 8.26185855070743 8.67139914035794 9.08093973000839 9.49048031965884 9.90002090930935 10.3095614989598 10.6592983192867 10.829623831643 10.9999493439992 11.1702748563554 11.3406003687116 11.5109258810679 11.6812513934241 11.8515769057803 11.9707015275955 12.072759185897 12.1748168441984 12.2768745024999 12.3789321608014 12.4809898191028 12.5830474774043 12.6945318592919 12.8342964119381 12.9740609645843 13.1138255172305
18.1338174396092 17.5809913423326 17.0281652450562 16.4753391477797 15.9225130505032 15.1715477307638 14.3545360035368 13.5375242763096 12.7205125490825 11.9035008218554 11.0864890946282 10.2694773674012 9.58851095570458 9.31568049059971 9.04285002549488 8.77001956039006 8.49718909528519 8.22435863018036 7.95152816507554 7.67869769997067 7.90587039788555 8.29971081680711 8.69355123572873 9.08739165465029 9.48123207357185 9.87507249249348 10.268912911415 10.6076466427909 10.7810603115293 10.9544739802678 11.1278876490063 11.3013013177447 11.4747149864832 11.6481286552217 11.8215423239601 11.9379161119461 12.0352766063478 12.1326371007495 12.2299975951512 12.327358089553 12.4247185839547 12.5220790783564 12.6334246344036 12.7867253753874 12.9400261163711 13.0933268573549
18.5697631200155 18.0682469050089 17.5667306900024 17.0652144749959 16.5636982599894 15.8228180885315 15.0021499315898 14.181481774648 13.3608136177063 12.5401454607646 11.7194773038228 10.8988091468811 10.2029127677281 9.88133172194157 9.55975067615506 9.23816963036854 8.91658858458198 8.59500753879546 8.27342649300895 7.95184544722238 8.13236224651327 8.4802449941634 8.8281277418136 9.17601048946373 9.52389323711387 9.87177598476406 10.2196587324142 10.5272851864497 10.714142759641 10.9010003328323 11.0878579060236 11.2747154792149 11.4615730524063 11.6484306255976 11.8352881987889 11.9542476415634 12.0505743741989 12.1469011068344 12.2432278394699 12.3395545721054 12.4358813047409 12.5322080373764 12.6429427544276 12.7969014247258 12.9508600950241 13.1048187653223
19.0057088004218 18.5555024676852 18.1052961349487 17.6550898022122 17.2048834694755 16.4740884462992 15.6497638596429 14.8254392729865 14.0011146863302 13.1767900996738 12.3524655130174 11.5281409263611 10.8173145797517 10.4469829532834 10.0766513268152 9.70631970034703 9.33598807387876 8.96565644741056 8.59532482094236 8.2249931944741 8.35885409514099 8.6607791715197 8.96270424789846 9.26462932427717 9.56655440065588 9.86847947703464 10.1704045534134 10.4469237301084 10.6472252077526 10.8475266853968 11.047828163041 11.2481296406851 11.4484311183293 11.6487325959735 11.8490340736177 11.9705791711807 12.06587214205 12.1611651129192 12.2564580837885 12.3517510546578 12.4470440255271 12.5423369963964 12.6524608744515 12.8070774740643 12.961694073677 13.1163106732898
19.4416544808282 19.0427580303616 18.643861579895 18.2449651294285 17.8460686789618 17.125358804067 16.2973777876961 15.469396771325 14.6414157549541 13.8134347385832 12.9854537222121 12.1574727058411 11.4317163917754 11.0126341846254 10.5935519774755 10.1744697703256 9.75538756317563 9.33630535602573 8.91722314887583 8.49814094172585 8.58534594376875 8.84131334887603 9.09728075398335 9.35324815909062 9.6092155641979 9.86518296930522 10.1211503744125 10.3665622737672 10.5803076558642 10.7940530379613 11.0077984200583 11.2215438021553 11.4352891842524 11.6490345663494 11.8627799484464 11.986910700798 12.0811699099011 12.1754291190041 12.2696883281072 12.3639475372102 12.4582067463133 12.5524659554163 12.6619789944754 12.8172535234027 12.97252805233 13.1278025812573
