data/working_set_collections/6091692-Cassins_Sparrow-MC/1995/bio17.asc
NCOLS 265 
NROWS 230 
XLLCORNER -115.5625 
YLLCORNER 24.8333333333333 
CELLSIZE 0.0833333333333333 
NODATA_value -9999 
[rows 40 to 59 of 230, columns 184 to 229 of 265]
22.1216340065002 22.387727578481 22.6538211504618 22.9080733299255 23.1583783785502 23.4086834271748 23.6589884757995 23.9092935244242 24.1595985730489 24.4099036216736 24.7060696601867 25.1398186683654 25.5735676765442 26.0073166847229 26.4410656929016 26.8748147010803 27.308563709259 27.7423127174377 28.3431406497955 28.9996615568796 29.6561824639636 30.3127033710478 30.9692242781319 31.625745185216 32.2822660923002 32.9457227230069 33.6299865245816 34.3142503261564 34.9985141277311 35.6827779293057 36.3670417308805 37.0513055324552 37.7355693340299 39.1132171630856 40.7219930013017 42.3307688395177 43.939544677734 45.5483205159501 47.1570963541662 48.7658721923825 50.3265654246009 51.7430108388261 53.1594562530515 54.5759016672767 55.9923470815018 57.4087924957273
22.1165666262308 22.3603638013203 22.6041609764099 22.836177666982 23.0642675293816 23.2923573917812 23.5204472541809 23.7485371165805 23.9766269789801 24.2047168413798 24.4750608126322 24.872167110443 25.269273408254 25.6663797060648 26.0634860038757 26.4605923016866 26.8576985994974 27.2548048973083 27.9861539999643 28.828917370902 29.6716807418397 30.5144441127775 31.3572074837152 32.1999708546529 33.0427342255908 33.8290458732179 34.4460023509129 35.062958828608 35.679915306303 36.296871783998 36.9138282616931 37.5307847393882 38.1477412170832 39.4900642395016 41.0741761101613 42.6582879808209 44.2423998514808 45.8265117221404 47.4106235928001 48.99473546346 50.5367906782359 51.9526759253604 53.3685611724851 54.7844464196096 56.2003316667341 57.6162169138588
22.3813670158385 22.6231387986076 22.8649105813767 23.1079865773518 23.3514973110621 23.5950080447725 23.8385187784829 24.0820295121933 24.3255402459037 24.5690509796141 24.8566691239673 25.276609500249 25.6965498765308 26.1164902528125 26.5364306290942 26.956371005376 27.3763113816577 27.7962517579394 28.599596182505 29.5307419564985 30.461887730492 31.3930335044858 32.3241792784793 33.2553250524728 34.1864708264665 35.0463351885474 35.6923553148902 36.338375441233 36.9843955675757 37.6304156939185 38.2764358202613 38.922455946604 39.5684760729467 40.8452190081273 42.3322028795872 43.8191867510471 45.3061706225073 46.7931544939672 48.2801383654271 49.7671222368872 51.2197800318396 52.5694595972692 53.9191391626991 55.2688187281287 56.6184982935583 57.9681778589882
22.9160351753234 23.1760525703429 23.4360699653624 23.723500061035 24.0200677235919 24.3166353861489 24.6132030487059 24.9097707112628 25.2063383738198 25.5029060363767 25.8508945941922 26.3531458377835 26.8553970813748 27.3576483249661 27.8598995685574 28.3621508121487 28.86440205574 29.3666532993313 30.1834671974178 31.1051353136694 32.0268034299209 32.9484715461727 33.8701396624243 34.7918077786758 35.7134758949276 36.5975906689957 37.3690454165136 38.1405001640315 38.9119549115494 39.6834096590672 40.4548644065852 41.226319154103 41.9977739016209 43.178681468963 44.4960733095798 45.8134651501966 47.1308569908137 48.4482488314305 49.7656406720473 51.0830325126644 52.3755334854121 53.5933618545527 54.8111902236935 56.0290185928341 57.2468469619746 58.4646753311154
23.4507033348082 23.7289663420782 24.0072293493481 24.3390135447183 24.6886381361218 25.0382627275253 25.3878873189289 25.7375119103324 26.0871365017359 26.4367610931395 26.8451200644172 27.4296821753181 28.014244286219 28.5988063971198 29.1833685080207 29.7679306189216 30.3524927298225 30.9370548407233 31.7673382123308 32.6795286708404 33.59171912935 34.5039095878597 35.4161000463693 36.3282905048789 37.2404809633887 38.1488461494442 39.0457355181371 39.9426248868302 40.8395142555232 41.7364036242162 42.6332929929093 43.5301823616023 44.4270717302952 45.5121439297989 46.6599437395726 47.8077435493463 48.9555433591202 50.103343168894 51.2511429786677 52.3989427884416 53.5312869389848 54.6172641118363 55.703241284688 56.7892184575395 57.875195630391 58.9611728032427
23.9853714942931 24.2818801138135 24.5783887333339 24.9545270284016 25.3572085486516 25.7598900689017 26.1625715891519 26.5652531094019 26.967934629652 27.3706161499022 27.8393455346423 28.5062185128527 29.1730914910632 29.8399644692736 30.506837447484 31.1737104256945 31.8405834039049 32.5074563821153 33.3512092272437 34.2539220280114 35.156634828779 36.0593476295468 36.9620604303144 37.8647732310821 38.7674860318498 39.7001016298926 40.7224256197607 41.7447496096289 42.767073599497 43.7893975893651 44.8117215792334 45.8340455691015 46.8563695589696 47.8456063906347 48.8238141695654 49.802021948496 50.7802297274268 51.7584375063574 52.736645285288 53.7148530642188 54.6870403925574 55.6411663691199 56.5952923456825 57.549418322245 58.5035442988074 59.4576702753701
24.5200396537779 24.8347938855487 25.1495481173196 25.5700405120848 26.0257789611814 26.4815174102781 26.9372558593748 27.3929943084714 27.8487327575681 28.3044712066648 28.8335710048672 29.5827548503872 30.3319386959073 31.0811225414272 31.8303063869472 32.5794902324673 33.3286740779873 34.0778579235072 34.9350802421566 35.8283153851822 36.7215505282079 37.6147856712337 38.5080208142594 39.401255957285 40.2944911003109 41.2513571103409 42.3991157213841 43.5468743324275 44.6946329434707 45.8423915545139 46.9901501655573 48.1379087766005 49.2856673876437 50.1790688514704 50.987684599558 51.7963003476455 52.6049160957332 53.4135318438207 54.2221475919083 55.030763339996 55.84279384613 56.6650686264034 57.487343406677 58.3096181869504 59.1318929672238 59.9541677474973
25.0547078132628 25.3877076572841 25.7207075013053 26.1855539957681 26.6943493737113 27.2031447516545 27.7119401295978 28.220735507541 28.7295308854842 29.2383262634275 29.8277964750922 30.6592911879218 31.4907859007514 32.322280613581 33.1537753264105 33.9852700392402 34.8167647520697 35.6482594648992 36.5189512570695 37.4027087423532 38.2864662276369 39.1702237129208 40.0539811982045 40.9377386834882 41.821496168772 42.8026125907893 44.0758058230076 45.3489990552262 46.6221922874445 47.8953855196628 49.1685787518814 50.4417719840997 51.7149652163181 52.5125313123063 53.1515550295507 53.7905787467952 54.4296024640398 55.0686261812842 55.7076498985287 56.3466736157732 56.9985472997026 57.688970883687 58.3793944676715 59.0698180516558 59.7602416356402 60.4506652196246
25.7866861343382 26.1570141050549 26.5273420757715 27.0484373887378 27.6197884824538 28.1911395761699 28.762490669886 29.3338417636021 29.9051928573181 30.4765439510343 31.1328156047393 32.0438489384117 32.9548822720842 33.8659156057566 34.7769489394289 35.6879822731014 36.5990156067738 37.5100489404461 38.3949422518408 39.2711222224761 40.1473021931113 41.0234821637468 41.899662134382 42.7758421050173 43.6520220756527 44.6381401591825 45.9540725813966 47.2700050036108 48.5859374258248 49.9018698480388 51.2178022702531 52.5337346924671 53.8496671146811 54.581197039286 55.1179261313541 55.6546552234222 56.1913843154904 56.7281134075586 57.2648424996267 57.8015715916949 58.3590616544084 58.9788346290585 59.5986076037086 60.2183805783587 60.8381535530087 61.4579265276588
26.7159746170042 27.1427132288612 27.5694518407183 28.158690690994 28.8020962874091 29.4455018838243 30.0889074802395 30.7323130766547 31.3757186730698 32.0191242694851 32.7486283938085 33.7364281018569 34.7242278099055 35.712027517954 36.6998272260024 37.687626934051 38.6754266420994 39.6632263501479 40.5630532264704 41.4335558255508 42.3040584246311 43.1745610237116 44.045063622792 44.9155662218724 45.7860688209528 46.7579398155206 48.0339159965508 49.3098921775812 50.5858683586114 51.8618445396416 53.1378207206721 54.4137969017023 55.6897730827325 56.3850660324093 56.8867979049679 57.3885297775264 57.8902616500851 58.3919935226436 58.8937253952022 59.3954572677609 59.9243369102474 60.5346598625179 61.1449828147885 61.7553057670589 62.3656287193294 62.9759516716
27.6452630996702 28.1284123526677 28.6115616056651 29.2689439932502 29.9844040923645 30.6998641914788 31.4153242905932 32.1307843897074 32.8462444888217 33.5617045879361 34.3644411828778 35.4290072653023 36.493573347727 37.5581394301515 38.6227055125761 39.6872715950008 40.7518376774253 41.8164037598498 42.7311642011002 43.5959894286257 44.4608146561511 45.3256398836767 46.1904651112022 47.0552903387276 47.9201155662532 48.8777394718588 50.1137594117052 51.3497793515518 52.5857992913982 53.8218192312446 55.0578391710912 56.2938591109376 57.529879050784 58.1889350255327 58.6556696785817 59.1224043316308 59.5891389846798 60.0558736377289 60.5226082907779 60.989342943827 61.4896121660865 62.0904850959774 62.6913580258684 63.2922309557593 63.8931038856502 64.4939768155413
28.5745515823362 29.1141114764741 29.653671370612 30.3791972955065 31.1667118973199 31.9542264991333 32.7417411009468 33.5292557027601 34.3167703045735 35.104284906387 35.9802539719471 37.1215864287477 38.2629188855485 39.4042513423491 40.5455837991497 41.6869162559505 42.8282487127511 43.9695811695517 44.89927517573 45.7584230317005 46.6175708876711 47.4767187436418 48.3358665996123 49.1950144555829 50.0541623115536 50.997539128197 52.1936028268596 53.3896665255224 54.585730224185 55.7817939228476 56.9778576215104 58.173921320173 59.3699850188356 59.9928040186561 60.4245414521956 60.8562788857351 61.2880163192746 61.7197537528141 62.1514911863536 62.5832286198931 63.0548874219256 63.6463103294369 64.2377332369484 64.8291561444597 65.4205790519711 66.0120019594825
29.5038400650022 30.0998106002805 30.6957811355587 31.4894505977627 32.3490197022752 33.2085888067877 34.0681579113003 34.9277270158128 35.7872961203252 36.6468652248378 37.5960667610163 38.814165592193 40.0322644233699 41.2503632545465 42.4684620857232 43.6865609169001 44.9046597480768 46.1227585792534 47.0673861503596 47.9208566347752 48.7743271191909 49.6277976036067 50.4812680880223 51.3347385724379 52.1882090568537 53.1173387845351 54.2734462420139 55.4295536994929 56.5856611569717 57.7417686144504 58.8978760719294 60.0539835294082 61.210090986887 61.7966730117794 62.1934132258093 62.5901534398393 62.9868936538693 63.3836338678992 63.7803740819291 64.1771142959591 64.6201626777645 65.2021355628963 65.7841084480282 66.36608133316 66.9480542182918 67.5300271034237
30.4331285476682 31.0855097240869 31.7378909005056 32.599703900019 33.5313275072306 34.4629511144422 35.3945747216539 36.3261983288655 37.2578219360771 38.1894455432888 39.2118795500856 40.5067447556384 41.8016099611913 43.0964751667441 44.3913403722969 45.6862055778498 46.9810707834026 48.2759359889554 49.2354971249894 50.0832902378501 50.9310833507108 51.7788764635717 52.6266695764325 53.4744626892932 54.3222558021541 55.2371384408733 56.3532896571683 57.4694408734635 58.5855920897584 59.7017433060534 60.8178945223486 61.9340457386435 63.0501969549385 63.6005420049028 63.9622849994232 64.3240279939436 64.6857709884641 65.0475139829844 65.4092569775048 65.7709999720253 66.1854379336036 66.7579607963558 67.3304836591082 67.9030065218604 68.4755293846126 69.048052247365
31.2475992361702 31.9528024196622 32.6580056031542 33.5792314847308 34.5724649323354 35.5656983799401 36.5589318275449 37.5521652751495 38.5453987227542 39.538632170359 40.6209800190391 41.9706710709461 43.3203621228532 44.6700531747601 46.0197442266671 47.3694352785742 48.7191263304812 50.0688173823881 51.0199362754819 51.8381977823042 52.6564592891265 53.474720795949 54.2929823027713 55.1112438095937 55.9295053164162 56.8201082865393 57.9277356465653 59.0353630065915 60.1429903666175 61.2506177266434 62.3582450866696 63.4658724466956 64.5734998067216 65.1177994410195 65.474323166741 65.8308468924626 66.1873706181842 66.5438943439057 66.9004180696273 67.2569417953489 67.6680919859141 68.2431215710107 68.8181511561073 69.3931807412039 69.9682103263004 70.543239911397
31.9472521305082 32.7016886870063 33.4561252435045 34.4280333518979 35.4724319775895 36.5168306032812 37.561229228973 38.6056278546647 39.6500264803564 40.6944251060482 41.8233681678767 43.2059445381159 44.5885209083553 45.9710972785944 47.3536736488336 48.736250019073 50.1188263893122 51.5014027595514 52.4207036018368 53.1855792681372 53.9504549344376 54.7153306007382 55.4802062670386 56.245081933339 57.0099575996396 57.8662483215328 58.9967842102046 60.1273200988766 61.2578559875484 62.3883918762202 63.5189277648922 64.649463653564 65.7799995422358 66.3484453201291 66.7295277277626 67.110610135396 67.4916925430295 67.8727749506629 68.2538573582964 68.6349397659299 69.0681248346961 69.6576178868608 70.2471109390255 70.8366039911902 71.4260970433549 72.0155900955197
32.6469050248462 33.4505749543505 34.2542448838548 35.276835219065 36.3723990228437 37.4679628266224 38.5635266304013 39.65909043418 40.7546542379586 41.8502180417375 43.0257563167143 44.4412180052857 45.8566796938574 47.2721413824288 48.6876030710003 50.1030647595719 51.5185264481433 52.9339881367148 53.8214709281918 54.5329607539703 55.2444505797488 55.9559404055274 56.667430231306 57.3789200570845 58.0904098828631 58.9123883565263 60.0658327738439 61.2192771911618 62.3727216084794 63.526166025797 64.6796104431149 65.8330548604325 66.9864992777501 67.5790911992389 67.9847322887842 68.3903733783295 68.7960144678749 69.2016555574202 69.6072966469656 70.012937736511 70.4681576834781 71.072114202711 71.6760707219439 72.2800272411767 72.8839837604095 73.4879402796424
33.3465579191841 34.1994612216947 35.0523645242052 36.1256370862322 37.2723660680979 38.4190950499636 39.5658240318295 40.7125530136952 41.8592819955609 43.0060109774268 44.228144465552 45.6764914724556 47.1248384793596 48.5731854862632 50.0215324931669 51.4698795000708 52.9182265069745 54.3665735138781 55.2222382545469 55.8803422398034 56.53844622506 57.1965502103167 57.8546541955733 58.5127581808299 59.1708621660866 59.9585283915198 61.1348813374833 62.3112342834469 63.4875872294104 64.6639401753739 65.8402931213376 67.016646067301 68.1929990132645 68.8097370783486 69.2399368498058 69.670136621263 70.1003363927203 70.5305361641775 70.9607359356347 71.390935707092 71.8681905322602 72.4866105185611 73.1050305048622 73.7234504911632 74.3418704774641 74.9602904637652
34.0462108135221 34.9483474890388 35.8504841645555 36.9744389533993 38.172333113352 39.3702272733048 40.5681214332577 41.7660155932104 42.9639097531631 44.1618039131161 45.4305326143895 46.9117649396254 48.3929972648616 49.8742295900975 51.3554619153334 52.8366942405696 54.3179265658055 55.7991588910414 56.6230055809018 57.2277237256364 57.8324418703711 58.4371600151059 59.0418781598406 59.6465963045752 60.25131444931 61.0046684265132 62.2039299011225 63.403191375732 64.6024528503413 65.8017143249506 67.0009757995602 68.2002372741694 69.3994987487787 70.0403829574582 70.4951414108273 70.9498998641964 71.4046583175656 71.8594167709347 72.3141752243038 72.768933677673 73.2682233810421 73.9011068344112 74.5339902877804 75.1668737411495 75.7997571945186 76.4326406478878
34.74586370786 35.6972337563829 36.6486038049058 37.8232408205665 39.0723001586062 40.321359496646 41.5704188346859 42.8194781727257 44.0685375107654 45.3175968488054 46.6329207632272 48.1470384067953 49.6611560503637 51.1752736939319 52.6893913375001 54.2035089810685 55.7176266246366 57.2317442682048 58.0237729072568 58.5751052114695 59.1264375156823 59.6777698198952 60.2291021241079 60.7804344283207 61.3317667325335 62.0508084615067 63.2729784647619 64.4951484680172 65.7173184712723 66.9394884745275 68.1616584777828 69.383828481038 70.6059984842931 71.271028836568 71.750345971849 72.22966310713 72.708980242411 73.188297377692 73.667614512973 74.1469316482541 74.6682562298241 75.3156031502614 75.9629500706988 76.610296991136 77.2576439115732 77.9049908320106
