data/working_set_collections/6091692-Cassins_Sparrow-MC/1995/bio13.asc
NCOLS 265 
NROWS 230 
XLLCORNER -115.5625 
YLLCORNER 24.8333333333333 
CELLSIZE 0.0833333333333333 
NODATA_value -9999 
[rows 140 to 159 of 230, columns 184 to 229 of 265]
89.9995976765949 91.5821846856009 93.1647716946068 94.3149178187051 95.3209169811671 96.326916143629 97.3329153060912 98.3389144685532 99.3449136310151 100.350912793477 100.924923917982 100.202970928616 99.4810179392498 98.7590649498835 98.0371119605172 97.3151589711508 96.5932059817845 95.8712529924182 95.520418548584 95.293290286594 95.0661620246039 94.8390337626139 94.6119055006239 94.3847772386339 94.1576489766438 94.0870089001124 94.4858333799572 94.8846578598021 95.283482339647 95.6823068194918 96.0811312993367 96.4799557791816 96.8787802590264 97.0934126536052 97.2466476864285 97.3998827192519 97.5531177520752 97.7063527848985 97.8595878177219 98.0128228505452 98.3743918312918 99.3609626558089 100.347533480326 101.334104304843 102.32067512936 103.307245953878
89.0822092692055 90.8018052842879 92.5214012993702 93.748966916402 94.8125224007499 95.8760778850977 96.9396333694457 98.0031888537935 99.0667443381413 100.130299822489 100.769176016914 100.134014341566 99.4988526662192 98.863690990872 98.2285293155248 97.5933676401775 96.9582059648303 96.3230442894831 96.0139625549316 95.8135741339789 95.6131857130262 95.4127972920735 95.2124088711209 95.0120204501682 94.8116320292154 94.7135355843437 94.922315067715 95.1310945510864 95.3398740344577 95.548653517829 95.7574330012004 95.9662124845717 96.174991967943 96.423187383016 96.6845214419895 96.945855500963 97.2071895599365 97.46852361891 97.7298576778835 97.9911917368571 98.3971777386134 99.2371195687186 100.077061398824 100.917003228929 101.756945059034 102.59688688914
88.1648208618162 90.021425882975 91.8780309041337 93.183016014099 94.3041278203327 95.4252396265663 96.5463514328002 97.6674632390338 98.7885750452675 99.9096868515013 100.613428115845 100.065057754517 99.5166873931886 98.9683170318605 98.4199466705324 97.8715763092041 97.323205947876 96.7748355865479 96.5075065612792 96.3338579813639 96.1602094014485 95.9865608215331 95.8129122416178 95.6392636617024 95.465615081787 95.3400622685749 95.3587967554727 95.3775312423706 95.3962657292684 95.4150002161662 95.433734703064 95.4524691899618 95.4712036768596 95.7529621124268 96.1223951975505 96.4918282826741 96.8612613677978 97.2306944529215 97.6001275380451 97.9695606231689 98.4199636459349 99.1132764816282 99.8065893173217 100.499902153015 101.193214988708 101.886527824402
87.2474324544269 89.241046481662 91.2346605088971 92.6170651117959 93.7957332399154 94.974401368035 96.1530694961546 97.3317376242741 98.5104057523936 99.6890738805133 100.457680214776 99.996101167467 99.534522120158 99.0729430728489 98.6113640255399 98.1497849782308 97.6882059309218 97.2266268836128 97.0010505676269 96.8541418287489 96.7072330898708 96.5603243509928 96.4134156121148 96.2665068732367 96.1195981343587 95.9665889528062 95.7952784432305 95.6239679336548 95.4526574240791 95.2813469145034 95.1100364049276 94.9387258953519 94.7674153857762 95.0827368418376 95.5602689531114 96.0378010643852 96.5153331756591 96.992865286933 97.4703973982068 97.9479295094807 98.4427495532564 98.9894333945379 99.5361172358194 100.082801077101 100.629484918382 101.176168759664
85.9540016810098 88.0274148517182 90.1008280224266 91.5512413024902 92.7939879523382 94.0367346021862 95.2794812520344 96.5222279018825 97.7649745517305 99.0077212015787 99.8412343343101 99.4470469156903 99.0528594970705 98.6586720784507 98.2644846598309 97.8702972412111 97.4761098225913 97.0819224039715 96.9052885691326 96.801172595554 96.6970566219755 96.5929406483969 96.4888246748183 96.3847087012398 96.2805927276612 96.1338042789036 95.8589984046089 95.5841925303142 95.3093866560195 95.0345807817248 94.7597749074301 94.4849690331354 94.2101631588407 94.5047759373983 94.9891949335734 95.4736139297485 95.9580329259237 96.4424519220988 96.9268709182739 97.4112899144491 97.8975180096097 98.3891734017266 98.8808287938436 99.3724841859606 99.8641395780775 100.355794970195
84.2845285415649 86.3805309931435 88.4765334447222 89.9855445861817 91.2988919576009 92.6122393290201 93.9255867004395 95.2389340718586 96.5522814432778 97.8656288146972 98.7640904744469 98.4178949991865 98.071699523926 97.7255040486656 97.3793085734052 97.0331130981447 96.6869176228843 96.3407221476239 96.220220565796 96.1749502817791 96.1296799977622 96.0844097137452 96.0391394297283 95.9938691457113 95.9485988616944 95.841708246867 95.5499566396079 95.2582050323487 94.9664534250896 94.6747018178305 94.3829502105714 94.0911986033123 93.7994469960532 94.0190793991089 94.4091731389364 94.7992668787638 95.1893606185914 95.5794543584188 95.9695480982463 96.3596418380738 96.7842690149944 97.3124965031942 97.8407239913941 98.368951479594 98.8971789677938 99.4254064559937
82.6150554021198 84.7336471345687 86.8522388670176 88.419847869873 89.8037959628634 91.1877440558538 92.5716921488443 93.9556402418347 95.3395883348251 96.7235364278157 97.6869466145836 97.3887430826825 97.0905395507814 96.7923360188804 96.4941324869794 96.1959289550783 95.8977254231773 95.5995218912762 95.5351525624594 95.5487279680041 95.5623033735488 95.5758787790935 95.5894541846382 95.6030295901829 95.6166049957276 95.5496122148303 95.2409148746068 94.9322175343832 94.6235201941597 94.3148228539362 94.0061255137127 93.6974281734892 93.3887308332657 93.5333828608195 93.8291513442993 94.1249198277792 94.420688311259 94.7164567947388 95.0122252782186 95.3079937616985 95.671020020379 96.2358196046617 96.8006191889446 97.3654187732273 97.93021835751 98.4950179417928
80.9455822626748 83.0867632759939 85.227944289313 86.8541511535644 88.3086999681259 89.7632487826875 91.2177975972492 92.6723464118108 94.1268952263723 95.5814440409341 96.6098027547202 96.3595911661786 96.1093795776369 95.8591679890952 95.6089564005536 95.3587448120118 95.1085332234702 94.8583216349285 94.8500845591228 94.9225056542291 94.9949267493354 95.0673478444418 95.1397689395481 95.2121900346544 95.2846111297608 95.2575161827936 94.9318731096057 94.6062300364177 94.2805869632298 93.9549438900419 93.6293008168539 93.303657743666 92.9780146704781 93.0476863225301 93.2491295496623 93.4505727767944 93.6520160039266 93.8534592310588 94.054902458191 94.2563456853232 94.5577710257636 95.1591427061292 95.760514386495 96.3618860668606 96.9632577472262 97.564629427592
79.2761091232299 81.4398794174192 83.6036497116086 85.2884544372559 86.8136039733886 88.3387535095213 89.8639030456543 91.389052581787 92.9142021179197 94.4393516540526 95.532658894857 95.3304392496747 95.1282196044924 94.9259999593101 94.7237803141278 94.5215606689455 94.3193410237632 94.1171213785809 94.1650165557862 94.2962833404542 94.4275501251221 94.5588169097901 94.6900836944581 94.821350479126 94.952617263794 94.965420150757 94.6228313446046 94.2802425384523 93.9376537323 93.5950649261476 93.2524761199952 92.9098873138429 92.5672985076906 92.5619897842408 92.6691077550253 92.7762257258098 92.8833436965944 92.9904616673789 93.0975796381634 93.2046976089479 93.4445220311483 94.0824658075968 94.7204095840455 95.358353360494 95.9962971369425 96.6342409133912
77.6066359837849 79.7929955588444 81.979355133904 83.7227577209472 85.3185079786511 86.914258236355 88.5100084940592 90.1057587517631 91.701509009467 93.2972592671711 94.4555150349937 94.3012873331708 94.1470596313478 93.9928319295249 93.838604227702 93.684376525879 93.5301488240561 93.3759211222332 93.4799485524496 93.6700610266792 93.8601735009088 94.0502859751384 94.240398449368 94.4305109235976 94.6206233978272 94.6733241187203 94.3137895796036 93.9542550404868 93.59472050137 93.2351859622533 92.8756514231365 92.5161168840198 92.156582344903 92.0762932459514 92.0890859603883 92.1018786748251 92.114671389262 92.1274641036989 92.1402568181357 92.1530495325726 92.3312730365329 93.0057889090643 93.6803047815959 94.3548206541273 95.0293365266587 95.7038523991903
76.5270786921181 78.6071587668522 80.6872388415863 82.4458880106607 84.0973935445148 85.7488990783689 87.4004046122232 89.0519101460773 90.7034156799313 92.3549212137857 93.5660896937054 93.4562470118206 93.3464043299359 93.2365616480511 93.1267189661663 93.0168762842815 92.9070336023968 92.797190920512 92.9370204925538 93.1600741492378 93.3831278059218 93.6061814626058 93.8292351192898 94.0522887759739 94.2753424326579 94.362309434679 94.0410164727106 93.7197235107423 93.398430548774 93.0771375868056 92.7558446248373 92.4345516628689 92.1132587009006 91.9757300694783 91.8994562149048 91.8231823603312 91.7469085057577 91.6706346511841 91.5943607966106 91.518086942037 91.652026939392 92.4166084925332 93.1811900456745 93.9457715988157 94.7103531519569 95.4749347050982
76.0374372482298 77.8823690414426 79.7273008346554 81.4578453063964 83.1502606709796 84.8426760355628 86.5350914001463 88.2275067647296 89.9199221293128 91.6123374938963 92.8643828709922 92.7953182856243 92.7262537002565 92.6571891148886 92.5881245295208 92.5190599441529 92.4499953587851 92.3809307734172 92.5362323760987 92.7663227081299 92.9964130401611 93.2265033721924 93.4565937042236 93.6866840362549 93.9167743682862 94.0323760986329 93.8045120239259 93.5766479492188 93.3487838745118 93.1209197998047 92.8930557250977 92.6651916503906 92.4373275756836 92.2603002548217 92.100218518575 91.9401367823283 91.7800550460816 91.6199733098348 91.4598915735881 91.2998098373414 91.4067837397256 92.3149245580035 93.2230653762816 94.1312061945595 95.0393470128374 95.9474878311155
75.5477958043414 77.157579316033 78.7673628277246 80.469802602132 82.2031277974444 83.9364529927568 85.6697781880695 87.4031033833819 89.1364285786943 90.869753774007 92.1626760482789 92.134389559428 92.1061030705771 92.0778165817262 92.0495300928752 92.0212436040243 91.9929571151734 91.9646706263225 92.1354442596436 92.372571267022 92.6096982744005 92.846825281779 93.0839522891575 93.3210792965359 93.5582063039144 93.7024427625869 93.5680075751411 93.4335723876954 93.2991372002496 93.1647020128038 93.0302668253581 92.8958316379123 92.7613964504666 92.5448704401652 92.3009808222453 92.0570912043254 91.8132015864055 91.5693119684856 91.3254223505657 91.0815327326457 91.1615405400592 92.2132406234738 93.2649407068887 94.3166407903033 95.3683408737179 96.4200409571327
75.0581543604532 76.4327895906235 77.8074248207938 79.4817598978677 81.2559949239093 83.0302299499509 84.8044649759927 86.5787000020343 88.3529350280758 90.1271700541177 91.4609692255657 91.4734608332317 91.4859524408977 91.4984440485638 91.5109356562298 91.5234272638958 91.5359188715618 91.5484104792278 91.7346561431885 91.9788198259142 92.2229835086399 92.4671471913656 92.7113108740913 92.955474556817 93.1996382395427 93.3725094265409 93.3315031263564 93.2904968261719 93.2494905259874 93.208484225803 93.1674779256185 93.126471625434 93.0854653252495 92.8294406255086 92.5017431259156 92.1740456263225 91.8463481267294 91.5186506271363 91.1909531275433 90.8632556279501 90.9162973403928 92.1115566889442 93.3068160374957 94.502075386047 95.6973347345984 96.8925940831499
74.5685129165648 75.7079998652139 76.847486813863 78.4937171936034 80.3088620503741 82.1240069071448 83.9391517639158 85.7542966206866 87.5694414774573 89.3845863342283 90.7592624028525 90.8125321070354 90.8658018112184 90.9190715154013 90.9723412195842 91.0256109237672 91.0788806279501 91.132150332133 91.3338680267334 91.5850683848063 91.8362687428792 92.0874691009522 92.338669459025 92.589869817098 92.8410701751709 93.0425760904948 93.0949986775716 93.1474212646484 93.1998438517253 93.252266438802 93.3046890258789 93.3571116129557 93.4095342000325 93.1140108108521 92.7025054295858 92.2910000483196 91.8794946670533 91.467989285787 91.0564839045208 90.6449785232545 90.6710541407265 92.0098727544145 93.3486913681028 94.6875099817909 96.0263285954789 97.3651472091672
74.0788714726765 74.9832101398043 75.8875488069321 77.505674489339 79.3617291768389 81.2177838643388 83.073838551839 84.9298932393389 86.7859479268388 88.642002614339 90.0575555801393 90.1516033808391 90.245651181539 90.3396989822388 90.4337467829387 90.5277945836386 90.6218423843384 90.7158901850383 90.9330799102783 91.1913169436985 91.4495539771186 91.7077910105388 91.9660280439589 92.224265077379 92.4825021107991 92.7126427544488 92.8584942287869 93.004345703125 93.1501971774631 93.2960486518012 93.4419001261393 93.5877516004774 93.7336030748154 93.3985809961955 92.9032677332561 92.4079544703167 91.9126412073772 91.4173279444378 90.9220146814984 90.4267014185589 90.4258109410601 91.9081888198848 93.3905666987099 94.8729445775346 96.3553224563594 97.8377003351844
74.5064161936438 75.2489100562197 75.9914039187957 77.5768423716222 79.4432623545322 81.3096823374423 83.1761023203527 85.0425223032627 86.9089422861728 88.7753622690831 90.206402715047 90.3313045501707 90.4562063852944 90.5811082204181 90.7060100555417 90.8309118906654 90.9558137257891 91.0807155609128 91.2668223698931 91.4733308368257 91.6798393037582 91.8863477706907 92.0928562376233 92.2993647045558 92.5058731714883 92.7179187986585 92.9465759065415 93.1752330144245 93.4038901223075 93.6325472301905 93.8612043380735 94.0898614459566 94.3185185538396 94.0191857020059 93.5438561969332 93.0685266918605 92.5931971867877 92.117867681715 91.6425381766423 91.1672086715696 91.204754829406 92.7809279759717 94.3571011225376 95.9332742691033 97.5094474156689 99.0856205622348
75.8511470794674 76.5050996144609 77.1590521494544 78.7072208404536 80.5534615834548 82.399702326456 84.2459430694575 86.0921838124587 87.9384245554599 89.7846652984614 91.2058038075763 91.3516356150307 91.4974674224851 91.6432992299396 91.789131037394 91.9349628448484 92.0807946523028 92.2266264597573 92.3350954055784 92.4311100641885 92.5271247227985 92.6231393814085 92.7191540400186 92.8151686986286 92.9111833572387 93.0584042231241 93.3592437108356 93.6600831985472 93.9609226862588 94.2617621739703 94.562601661682 94.8634411493935 95.1642806371051 94.9758249282836 94.6242708206176 94.2727167129516 93.9211626052855 93.5696084976195 93.2180543899534 92.8665002822874 93.0078858057651 94.6280902226758 96.2482946395868 97.8684990564975 99.4887034734082 101.108907890319
77.1958779652911 77.7612891727021 78.3267003801131 79.837599309285 81.6636608123774 83.4897223154697 85.3157838185624 87.1418453216547 88.9679068247471 90.7939683278397 92.2052049001056 92.3719666798907 92.5387284596759 92.7054902394611 92.8722520192462 93.0390137990314 93.2057755788165 93.3725373586017 93.4033684412637 93.3888892915513 93.3744101418388 93.3599309921264 93.3454518424139 93.3309726927015 93.316493542989 93.3988896475897 93.7719115151298 94.14493338267 94.5179552502101 94.8909771177502 95.2639989852904 95.6370208528305 96.0100427203706 95.9324641545613 95.7046854443019 95.4769067340426 95.2491280237832 95.0213493135239 94.7935706032645 94.5657918930052 94.8110167821242 96.47525246938 98.139488156636 99.8037238438918 101.467959531147 103.132195218404
78.5406088511146 79.0174787309431 79.4943486107717 80.9679777781163 82.7738600412998 84.5797423044833 86.3856245676671 88.1915068308506 89.9973890940341 91.8032713572179 93.2046059926348 93.3922977447507 93.5799894968666 93.7676812489825 93.9553730010984 94.1430647532143 94.3307565053301 94.518448257446 94.4716414769489 94.346668518914 94.221695560879 94.0967226028441 93.9717496448092 93.8467766867743 93.7218037287394 93.7393750720552 94.1845793194239 94.6297835667926 95.0749878141613 95.52019206153 95.9653963088987 96.4106005562674 96.855804803636 96.8891033808388 96.7851000679862 96.6810967551335 96.5770934422808 96.4730901294282 96.3690868165755 96.2650835037228 96.6141477584831 98.322414716084 100.030681673685 101.738948631286 103.447215588887 105.155482546488
