data/working_set_collections/6091692-Cassins_Sparrow-MC/1995/bio17.asc
NCOLS 265 
NROWS 230 
XLLCORNER -115.5625 
YLLCORNER 24.8333333333333 
CELLSIZE 0.0833333333333333 
NODATA_value -9999 
[rows 160 to 179 of 230, columns 46 to 91 of 265]
10.7412906050682 11.6178026715913 12.4943147381147 13.3708268046378 14.247338871161 15.1238509376843 15.1293958663942 14.8446184158327 14.5598409652711 14.2750635147096 13.9902860641481 13.7055086135866 13.4207311630251 13.2944634596507 13.6437249978384 13.992986536026 14.3422480742137 14.6915096124014 15.040771150589 15.3900326887766 15.7392942269643 15.8568749904633 15.897228829066 15.9375826676687 15.9779365062713 16.018290344874 16.0586441834767 16.0989980220794 16.1310100396474 16.1379965941111 16.1449831485748 16.1519697030385 16.1589562575022 16.1659428119659 16.1729293664296 16.1799159208934 16.018313574791 15.8005149284999 15.5827162822088 15.3649176359177 15.1471189896266 14.9293203433355 14.7115216970444 14.5777122179667 14.6958702405294 14.814028263092
10.1802033225695 11.0890599634911 11.9979166044129 12.9067732453345 13.8156298862562 14.724486527178 14.7052874883017 14.3767365561593 14.0481856240168 13.7196346918743 13.3910837597319 13.0625328275894 12.7339818954469 12.5949704858992 13.0245776441363 13.4541848023733 13.8837919606102 14.3133991188473 14.7430062770843 15.1726134353213 15.6022205935584 15.7714905261993 15.8539813836415 15.9364722410838 16.018963098526 16.1014539559682 16.1839448134104 16.2664356708526 16.3211222277747 16.2923958831363 16.2636695384979 16.2349431938595 16.2062168492211 16.1774905045827 16.1487641599443 16.1200378153059 15.9373542070389 15.7033515108957 15.4693488147524 15.2353461186092 15.0013434224659 14.7673407263226 14.5333380301794 14.4015995767381 14.5766538514031 14.7517081260681
9.80217130184162 10.7263190454905 11.6504667891396 12.5746145327885 13.4987622764374 14.4229100200864 14.3958530743918 14.0517278989157 13.7076027234396 13.3634775479636 13.0193523724875 12.6752271970114 12.3311020215353 12.192083621025 12.6683855454127 13.1446874698002 13.6209893941878 14.0972913185755 14.5735932429631 15.0498951673507 15.5261970917383 15.7355851173401 15.8560018433465 15.9764185693529 16.0968352953592 16.2172520213656 16.337668747372 16.4580854733784 16.5337629742092 16.475222799513 16.4166826248169 16.3581424501207 16.2996022754245 16.2410621007283 16.1825219260322 16.123981751336 15.9353378852209 15.7033261219661 15.4713143587112 15.2393025954565 15.0072908322017 14.7752790689468 14.543267305692 14.4189870092603 14.6179011132981 14.8168152173359
9.6071945428847 10.5295799175896 11.4519652922947 12.3743506669997 13.2967360417046 14.2191214164097 14.2010926246644 13.8695924441021 13.5380922635397 13.2065920829774 12.8750919024151 12.5435917218527 12.2120915412904 12.0858028650283 12.5751487016677 13.0644945383071 13.5538403749465 14.043186211586 14.5325320482253 15.0218778848647 15.5112237215042 15.7491587638855 15.9032902081807 16.057421652476 16.2115530967712 16.3656845410664 16.5198159853617 16.6739474296569 16.768932278951 16.6864773432413 16.6040224075317 16.5215674718221 16.4391125361125 16.3566576004028 16.2742026646932 16.1917477289836 16.0122646093369 15.8004387617112 15.5886129140854 15.3767870664597 15.1649612188339 14.9531353712082 14.7413095235825 14.6298745155334 14.8196120262145 15.0093495368957
9.41221778392779 10.3328407896888 11.2534637954499 12.1740868012109 13.0947098069719 14.015332812733 14.006332174937 13.6874569892884 13.3685818036398 13.0497066179912 12.7308314323426 12.411956246694 12.0930810610454 11.9795221090316 12.4819118579228 12.984301606814 13.4866913557052 13.9890811045964 14.4914708534876 14.9938606023787 15.49625035127 15.7627324104309 15.950578573015 16.1384247355991 16.3262708981831 16.5141170607672 16.7019632233513 16.8898093859354 17.0041015836928 16.8977318869697 16.7913621902466 16.6849924935235 16.5786227968004 16.4722531000773 16.3658834033542 16.2595137066311 16.0891913334529 15.8975514014562 15.7059114694595 15.5142715374629 15.3226316054662 15.1309916734695 14.9393517414729 14.8407620218064 15.0213229391309 15.2018838564554
9.21724102497089 10.1361016617879 11.0549622986051 11.9738229354221 12.8926835722392 13.8115442090564 13.8115717252096 13.5053215344748 13.1990713437399 12.892821153005 12.5865709622702 12.2803207715353 11.9740705808005 11.8732413530349 12.3886750141779 12.9041086753209 13.4195423364638 13.9349759976069 14.4504096587498 14.9658433198928 15.4812769810358 15.7763060569763 15.9978669378492 16.2194278187222 16.4409886995951 16.662549580468 16.8841104613409 17.1056713422139 17.2392708884345 17.1089864306979 16.9787019729614 16.8484175152249 16.7181330574883 16.5878485997518 16.4575641420153 16.3272796842787 16.1661180575689 15.9946640412013 15.8232100248337 15.6517560084661 15.4803019920985 15.3088479757309 15.1373939593633 15.0516495280795 15.2230338520473 15.3944181760151
9.02226426601398 9.93936253388705 10.8564608017603 11.7735590696334 12.6906573375064 13.6077556053797 13.6168112754823 13.3231860796611 13.02956088384 12.7359356880189 12.4423104921978 12.1486852963766 11.8550601005555 11.7669605970382 12.295438170433 12.8239157438277 13.3523933172225 13.8808708906173 14.4093484640121 14.9378260374068 15.4663036108016 15.7898797035217 16.0451553026834 16.3004309018453 16.555706501007 16.8109821001688 17.0662576993306 17.3215332984924 17.4744401931763 17.3202409744263 17.1660417556763 17.0118425369263 16.8576433181763 16.7034440994263 16.5492448806763 16.3950456619263 16.2430447816849 16.0917766809464 15.9405085802078 15.7892404794693 15.6379723787308 15.4867042779922 15.3354361772537 15.2625370343525 15.4247447649637 15.5869524955749
8.82728750705706 9.74262340598618 10.6579593049155 11.5732952038446 12.4886311027737 13.403967001703 13.4220508257549 13.1410506248475 12.8600504239401 12.5790502230327 12.2980500221253 12.0170498212179 11.7360496203105 11.6606798410415 12.2022013266881 12.7437228123346 13.2852442979811 13.8267657836278 14.3682872692743 14.9098087549208 15.4513302405675 15.8034533500671 16.0924436675177 16.3814339849684 16.670424302419 16.9594146198696 17.2484049373202 17.5373952547708 17.709609497918 17.5314955181546 17.3533815383911 17.1752675586277 16.9971535788642 16.8190395991008 16.6409256193373 16.4628116395739 16.3199715058009 16.1888893206914 16.057807135582 15.9267249504725 15.7956427653631 15.6645605802536 15.5334783951441 15.4734245406256 15.6264556778801 15.7794868151346
8.61739315986623 9.49431561893873 10.3712380780114 11.2481605370839 12.1250829961564 13.002005455229 13.0229676167172 12.7586096790104 12.4942517413035 12.2298938035966 11.9655358658898 11.7011779281829 11.4368199904761 11.3804913838704 11.9482507705689 12.5160101572672 13.0837695439656 13.6515289306641 14.2192883173624 14.7870477040608 15.3548070907592 15.7236248731613 16.0261287874645 16.3286327017678 16.6311366160711 16.9336405303743 17.2361444446776 17.5386483589808 17.7189431164001 17.5326104031669 17.3462776899338 17.1599449767008 16.9736122634676 16.7872795502345 16.6009468370015 16.4146141237683 16.2842947880428 16.172646578153 16.0609983682633 15.9493501583736 15.8377019484838 15.7260537385941 15.6144055287044 15.5647909243901 15.7012771368027 15.8377633492152
8.39258122444143 9.19443917274462 9.99629712104795 10.7981550693511 11.6000130176543 12.4018709659577 12.419561648369 12.1758632421495 11.93216483593 11.6884664297105 11.444768023491 11.2010696172715 10.9573712110521 10.9263952255248 11.5335865020752 12.1407777786255 12.7479690551757 13.3551603317261 13.9623516082763 14.5695428848266 15.1767341613769 15.5503942728042 15.8462106625239 16.1420270522435 16.4378434419632 16.7336598316828 17.0294762214025 17.3252926111221 17.5024410486222 17.3235856294632 17.1447302103043 16.9658747911454 16.7870193719864 16.6081639528275 16.4293085336686 16.2504531145096 16.1360146284104 16.043048453331 15.9500822782517 15.8571161031723 15.764149928093 15.6711837530136 15.5782175779343 15.536636185646 15.6492091417313 15.7617820978165
8.16776928901663 8.89456272655051 9.62135616408451 10.3481496016184 11.0749430391523 11.8017364766863 11.8161556800208 11.5931168052887 11.3700779305565 11.1470390558244 10.9240001810923 10.7009613063601 10.477922431628 10.4722990671793 11.1189222335815 11.7655453999837 12.4121685663858 13.0587917327881 13.7054148991902 14.3520380655923 14.9986612319946 15.3771636724472 15.6662925375832 15.9554214027193 16.2445502678553 16.5336791329913 16.8228079981274 17.1119368632634 17.2859389808444 17.1145608557596 16.9431827306748 16.77180460559 16.6004264805052 16.4290483554205 16.2576702303357 16.0862921052509 15.987734468778 15.913450328509 15.8391661882401 15.7648820479711 15.6905979077022 15.6163137674332 15.5420296271642 15.5084814469019 15.5971411466598 15.6858008464177
7.94295735359185 8.59468628035643 9.24641520712111 9.89814413388568 10.5498730606503 11.2016019874149 11.2127497116726 11.0103703684279 10.8079910251831 10.6056116819383 10.4032323386936 10.2008529954488 9.99847365220401 10.0182029088338 10.7042579650879 11.3903130213419 12.0763680775959 12.7624231338501 13.4484781901041 14.1345332463581 14.8205883026123 15.2039330720901 15.4863744126426 15.768815753195 16.0512570937474 16.3336984342999 16.6161397748523 16.8985811154048 17.0694369130665 16.9055360820559 16.7416352510453 16.5777344200347 16.4138335890241 16.2499327580135 16.0860319270029 15.9221310959922 15.8394543091456 15.7838522036871 15.7282500982285 15.6726479927699 15.6170458873113 15.5614437818527 15.5058416763942 15.4803267081578 15.5450731515884 15.609819595019
7.71814541816705 8.29480983416231 8.87147425015767 9.44813866615293 10.0248030821482 10.6014674981436 10.6093437433244 10.427623931567 10.2459041198096 10.0641843080522 9.88246449629479 9.70074468453736 9.51902487277996 9.56410675048819 10.2895936965942 11.0150806427001 11.740567588806 12.4660545349121 13.191541481018 13.9170284271239 14.6425153732299 15.0307024717331 15.3064562877019 15.5822101036708 15.8579639196396 16.1337177356084 16.4094715515773 16.6852253675461 16.8529348452887 16.6965113083522 16.5400877714158 16.3836642344793 16.2272406975429 16.0708171606064 15.91439362367 15.7579700867335 15.6911741495133 15.6542540788651 15.6173340082169 15.5804139375687 15.5434938669205 15.5065737962723 15.4696537256241 15.4521719694138 15.493005156517 15.5338383436203
7.49333348274226 7.9949333879682 8.49653329319424 8.99813319842019 9.49973310364613 10.0013330088722 10.0059377749762 9.84487749470617 9.6838172144361 9.52275693416606 9.36169665389602 9.20063637362595 9.03957609335591 9.11001059214263 9.87492942810056 10.6398482640584 11.4047671000161 12.1696859359741 12.9346047719319 13.6995236078897 14.4644424438476 14.857471871376 15.1265381627612 15.3956044541465 15.6646707455317 15.9337370369169 16.2028033283022 16.4718696196874 16.6364327775108 16.4874865346485 16.3385402917862 16.189594048924 16.0406478060617 15.8917015631994 15.7427553203371 15.5938090774748 15.5428939898809 15.5246559540431 15.5064179182053 15.4881798823675 15.4699418465297 15.4517038106918 15.433465774854 15.4240172306697 15.4409371614456 15.4578570922216
7.20441215435663 7.66390653848645 8.12340092261634 8.58289530674616 9.04238969087598 9.50188407500588 9.50526082913091 9.35659837325425 9.20793591737757 9.05927346150091 8.91061100562425 8.76194854974756 8.6132860938709 8.69946813583363 9.49018367131549 10.2808992067972 11.0716147422789 11.8623302777608 12.6530458132425 13.4437613487242 14.2344768842061 14.6324195305506 14.899437880516 15.1664562304815 15.4334745804469 15.7004929304123 15.9675112803777 16.2345296303431 16.4007870382734 16.2647616200978 16.1287362019222 15.9927107837466 15.856685365571 15.7206599473954 15.5846345292198 15.4486091110442 15.4056053558986 15.393608821763 15.3816122876274 15.3696157534918 15.3576192193561 15.3456226852205 15.3336261510849 15.3247027052774 15.3249985244539 15.3252943436305
6.85138143301008 7.30172928571697 7.75207713842393 8.20242499113082 8.6527728438377 9.10312069654466 9.10731290578851 8.96278656721125 8.81826022863396 8.6737338900567 8.52920755147944 8.38468121290215 8.24015487432489 8.33247938156116 9.13535642623898 9.93823347091667 10.7411105155944 11.5439875602722 12.3468646049499 13.1497416496276 13.9526186943054 14.3555454492569 14.6251554409663 14.8947654326757 15.1643754243851 15.4339854160944 15.7035954078039 15.9732053995132 16.1459976275763 16.0283365646999 15.9106755018235 15.7930144389471 15.6753533760707 15.5576923131943 15.4400312503179 15.3223701874415 15.2793082475662 15.2611126820247 15.2429171164831 15.2247215509415 15.2065259853999 15.1883304198583 15.1701348543167 15.1542283932368 15.1451892455419 15.136150097847
6.49835071166354 6.93955203294749 7.38075335423152 7.82195467551547 8.26315599679942 8.70435731808345 8.70936498244611 8.56897476116825 8.42858453989036 8.2881943186125 8.14780409733463 8.00741387605674 7.86702365477887 7.96549062728869 8.78052918116247 9.59556773503612 10.4106062889098 11.2256448427836 12.0406833966572 12.8557219505309 13.6707605044047 14.0786713679631 14.3508730014165 14.6230746348699 14.8952762683233 15.1674779017766 15.43967953523 15.7118811686834 15.8912082168792 15.791911509302 15.6926148017248 15.5933180941476 15.4940213865704 15.3947246789933 15.2954279714161 15.1961312638389 15.1530111392339 15.1286165422864 15.1042219453388 15.0798273483912 15.0554327514437 15.0310381544961 15.0066435575485 14.9837540811963 14.9653799666299 14.9470058520635
6.14531999031702 6.57737478017804 7.00942957003914 7.44148435990016 7.87353914976118 8.30559393962227 8.31141705910375 8.17516295512528 8.03890885114679 7.90265474716832 7.76640064318985 7.63014653921136 7.4938924352329 7.59850187301624 8.425701936086 9.25290199915561 10.0801020622252 10.907302125295 11.7345021883646 12.5617022514342 13.388902314504 13.8017972866694 14.0765905618668 14.3513838370641 14.6261771122615 14.9009703874588 15.1757636626562 15.4505569378535 15.6364188061821 15.5554864539041 15.4745541016261 15.3936217493482 15.3126893970702 15.2317570447922 15.1508246925143 15.0698923402363 15.0267140309016 14.9961204025481 14.9655267741945 14.934933145841 14.9043395174875 14.8737458891339 14.8431522607804 14.8132797691558 14.7855706877179 14.7578616062801
5.79228926897048 6.21519752740856 6.63810578584672 7.06101404428481 7.4839223027229 7.90683056116106 7.91346913576135 7.78135114908228 7.64923316240319 7.51711517572412 7.38499718904505 7.25287920236595 7.12076121568688 7.23151311874377 8.07087469100949 8.91023626327506 9.74959783554064 10.5889594078064 11.4283209800719 12.2676825523375 13.1070441246032 13.5249232053757 13.802308122317 14.0796930392583 14.3570779561996 14.634462873141 14.9118477900823 15.1892327070236 15.381629395485 15.3190613985062 15.2564934015275 15.1939254045487 15.1313574075699 15.0687894105912 15.0062214136124 14.9436534166336 14.9004169225693 14.8636242628098 14.8268316030503 14.7900389432907 14.7532462835312 14.7164536237717 14.6796609640122 14.6428054571152 14.6057614088059 14.5687173604966
5.43925854762393 5.85302027463909 6.26678200165431 6.68054372866947 7.09430545568462 7.50806718269985 7.51552121241895 7.38753934303928 7.25955747365958 7.13157560427991 7.00359373490024 6.87561186552055 6.74762999614087 6.86452436447129 7.71604744593298 8.56757052739452 9.41909360885606 10.2706166903177 11.1221397717793 11.9736628532408 12.8251859347025 13.2480491240819 13.5280256827672 13.8080022414525 14.0879788001378 14.3679553588231 14.6479319175084 14.9279084761937 15.1268399847879 15.0826363431083 15.0384327014288 14.9942290597492 14.9500254180697 14.9058217763901 14.8616181347106 14.817414493031 14.774119814237 14.7311281230715 14.688136431906 14.6451447407405 14.602153049575 14.5591613584095 14.516169667244 14.4723311450747 14.4259521298939 14.3795731147131
