data/working_set_collections/6091692-Cassins_Sparrow-MC/1995/bio19.asc
NCOLS 265 
NROWS 230 
XLLCORNER -115.5625 
YLLCORNER 24.8333333333333 
CELLSIZE 0.0833333333333333 
NODATA_value -9999 
[rows 160 to 179 of 230, columns 184 to 229 of 265]
72.2746844291682 74.7197165489191 77.16474866867 81.3838844299308 86.1943880716949 91.004891713459 95.8153953552238 100.625898996988 105.436402638752 110.246906280517 114.744659487406 118.304161389668 121.863663291931 125.423165194193 128.982667096455 132.542168998718 136.10167090098 139.661172803242 140.585638809204 140.631759516398 140.677880223592 140.724000930786 140.77012163798 140.816242345174 140.862363052368 141.218677266439 142.505572001139 143.79246673584 145.07936147054 146.366256205241 147.653150939942 148.940045674642 150.226940409343 154.014141082763 158.634777069091 163.255413055419 167.876049041748 172.496685028076 177.117321014404 181.737957000732 187.29164683024 195.644498189289 203.997349548339 212.350200907388 220.703052266437 229.055903625487
72.5501341183976 74.8888037469646 77.2274733755317 81.3611864725741 86.0932473924414 90.8253083123088 95.557369232177 100.289430152044 105.021491071912 109.75355199178 114.141774855719 117.498483551872 120.855192248026 124.211900944179 127.568609640333 130.925318336486 134.28202703264 137.638735728793 138.610052617391 138.78623890347 138.962425189548 139.138611475627 139.314797761705 139.490984047784 139.667170333862 140.059341600206 141.099467807346 142.139594014486 143.179720221625 144.219846428765 145.259972635905 146.300098843045 147.340225050185 151.015057118733 155.568124474419 160.121191830104 164.674259185791 169.227326541476 173.780393897162 178.333461252848 183.885048590765 192.432195875378 200.979343159992 209.526490444606 218.073637729219 226.620785013834
72.4242753982541 74.7052630318531 76.9862506654522 81.0516392389926 85.7118281258468 90.3720170127009 95.0322058995558 99.69239478641 104.352583673264 109.012772560119 113.315756776597 116.547126981946 119.778497187296 123.009867392645 126.241237597995 129.472607803344 132.703978008694 135.935348214043 136.949990081787 137.225722503662 137.501454925537 137.777187347412 138.052919769287 138.328652191162 138.604384613037 139.043859185113 139.974560207791 140.905261230469 141.835962253147 142.766663275825 143.697364298503 144.62806532118 145.558766343858 149.182581202188 153.704100672403 158.225620142618 162.747139612833 167.268659083048 171.790178553262 176.311698023478 181.84526863098 190.414992650348 198.984716669717 207.554440689085 216.124164708453 224.693888727823
71.8971082687375 74.1690944035844 76.4410805384313 80.4552427291863 85.0501302719107 89.645017814635 94.2399053573602 98.8347929000846 103.429680442809 108.024567985534 112.26660525004 115.45009167989 118.633578109741 121.817064539591 125.000550969441 128.184037399292 131.367523829142 134.551010258992 135.605451202393 135.950210316976 136.294969431559 136.639728546143 136.984487660726 137.329246775309 137.674005889893 138.172230021159 139.130849202474 140.089468383789 141.048087565104 142.006706746419 142.965325927734 143.923945109049 144.882564290364 148.516713333129 153.042705663044 157.568697992959 162.094690322875 166.62068265279 171.146674982706 175.672667312621 181.172306950885 189.592888514199 198.013470077513 206.434051640827 214.85463320414 223.275214767455
71.3699411392209 73.6329257753156 75.8959104114103 79.85884621938 84.3884324179746 88.9180186165692 93.4476048151645 97.9771910137591 102.506777212354 107.036363410949 111.217453723483 114.353056377834 117.488659032185 120.624261686536 123.759864340887 126.895466995239 130.03106964959 133.166672303941 134.260912322998 134.67469813029 135.088483937581 135.502269744873 135.916055552165 136.329841359456 136.743627166748 137.300600857205 138.287138197157 139.273675537109 140.260212877062 141.246750217014 142.233287556966 143.219824896918 144.20636223687 147.85084546407 152.381310653686 156.911775843301 161.442241032918 165.972706222533 170.503171412149 175.033636601765 180.499345270791 188.77078437805 197.04222348531 205.313662592568 213.585101699827 221.856540807087
70.8427740097043 73.0967571470468 75.3507402843894 79.2624497095737 83.7267345640386 88.1910194185034 92.655304272969 97.1195891274338 101.583873981899 106.048158836364 110.168302196926 113.256021075778 116.34373995463 119.431458833482 122.519177712334 125.606896591186 128.694615470038 131.78233434889 132.916373443604 133.399185943604 133.881998443604 134.364810943604 134.847623443604 135.330435943604 135.813248443604 136.428971693251 137.44342719184 138.45788269043 139.472338189019 140.486793687608 141.501249186198 142.515704684787 143.530160183377 147.184977595011 151.719915644327 156.254853693643 160.78979174296 165.324729792276 169.859667841592 174.394605890909 179.826383590697 187.9486802419 196.070976893106 204.19327354431 212.315570195514 220.437866846719
70.3156068801877 72.5605885187781 74.8055701573684 78.6660531997674 83.0650367101025 87.4640202204375 91.8630037307733 96.2619872411084 100.660970751443 105.059954261779 109.119150670369 112.158985773722 115.198820877075 118.238655980428 121.27849108378 124.318326187133 127.358161290486 130.397996393839 131.571834564209 132.123673756917 132.675512949626 133.227352142334 133.779191335042 134.331030527751 134.882869720459 135.557342529297 136.599716186523 137.64208984375 138.684463500976 139.726837158203 140.76921081543 141.811584472656 142.853958129883 146.519109725951 151.058520634968 155.597931543985 160.137342453002 164.676753362019 169.216164271036 173.755575180053 179.153421910602 187.126576105751 195.099730300902 203.072884496051 211.046038691201 219.019192886351
69.7884397506711 72.0244198905093 74.2604000303475 78.0696566899611 82.4033388561664 86.7370210223716 91.0707031885777 95.4043853547829 99.7380675209882 104.071749687194 108.069999143812 111.061950471665 114.05390179952 117.045853127373 120.037804455227 123.029755783081 126.021707110934 129.013658438788 130.227295684815 130.848161570231 131.469027455648 132.089893341065 132.710759226481 133.331625111898 133.952490997314 134.685713365343 135.756005181206 136.82629699707 137.896588812934 138.966880628798 140.037172444661 141.107464260525 142.177756076389 145.853241856892 150.397125625609 154.941009394327 159.484893163045 164.028776931762 168.572660700479 173.116544469197 178.480460230508 186.304471969602 194.128483708698 201.952495447793 209.776507186888 217.600518925984
68.3022896766664 70.5359726481967 72.7696556197271 76.5444449424741 80.8329363822932 85.1214278221123 89.4099192619321 93.6984107017512 97.9869021415704 102.27539358139 106.251759168837 109.291747199164 112.331735229492 115.37172325982 118.411711290147 121.451699320475 124.491687350803 127.53167538113 128.734143257141 129.324104415046 129.914065572951 130.504026730856 131.09398788876 131.683949046665 132.27391020457 133.023806423611 134.253507826063 135.483209228516 136.712910630968 137.94261203342 139.172313435872 140.402014838325 141.631716240777 145.401131947835 150.017119089761 154.633106231688 159.249093373616 163.865080515543 168.481067657469 173.097054799397 178.461020533242 186.068922042844 193.676823552448 201.284725062051 208.892626571653 216.500528081257
65.8571566581726 68.0952467918395 70.3333369255064 74.0904179573056 78.3538292884821 82.6172406196586 86.8806519508359 91.1440632820124 95.4074746131889 99.6708859443662 103.664430745442 106.848375956217 110.032321166992 113.216266377767 116.400211588541 119.584156799316 122.768102010091 125.952047220865 127.092377281189 127.551502291362 128.010627301534 128.469752311707 128.928877321879 129.388002332052 129.847127342224 130.571621704102 132.092224121094 133.612826538086 135.133428955078 136.65403137207 138.174633789062 139.695236206054 141.215838623047 145.162779998779 149.918501027424 154.67422205607 159.429943084716 164.185664113361 168.941385142007 173.697106170653 179.095102818805 186.419926325478 193.744749832152 201.069573338825 208.394396845498 215.719220352172
63.4120236396789 65.6545209354823 67.8970182312856 71.6363909721371 75.874722194671 80.113053417205 84.3513846397396 88.5897158622736 92.8280470848075 97.0663783073422 101.077102322048 104.40500471327 107.732907104492 111.060809495714 114.388711886935 117.716614278157 121.044516669379 124.3724190606 125.450611305237 125.778900167677 126.107189030118 126.435477892558 126.763766754998 127.092055617439 127.420344479879 128.119436984592 129.930940416124 131.742443847656 133.553947279188 135.36545071072 137.176954142252 138.988457573784 140.799961005316 144.924428049723 149.819882965087 154.715337880451 159.610792795816 164.50624771118 169.401702626545 174.29715754191 179.729185104368 186.770930608112 193.812676111856 200.854421615599 207.896167119342 214.937912623086
60.9668906211854 63.2137950791253 65.4606995370651 69.1823639869688 73.3956151008601 77.6088662147515 81.8221173286436 86.035368442535 90.2486195564263 94.4618706703184 98.4897738986542 101.961633470323 105.433493041992 108.905352613661 112.377212185329 115.849071756998 119.320931328667 122.792790900336 123.808845329285 124.006298043993 124.203750758701 124.401203473409 124.598656188118 124.796108902826 124.993561617534 125.667252265082 127.769656711154 129.872061157227 131.974465603298 134.07687004937 136.179274495443 138.281678941514 140.384083387586 144.686076100667 149.72126490275 154.756453704833 159.791642506916 164.826831308999 169.862020111083 174.897208913166 180.363267389932 187.121934890745 193.88060239156 200.639269892373 207.397937393187 214.156604894001
58.5217576026917 60.773069222768 63.0243808428444 66.7283370018002 70.916508007049 75.1046790122978 79.2928500175473 83.4810210227961 87.6691920280449 91.8573630332944 95.90244547526 99.5182622273757 103.134078979492 106.749895731608 110.365712483723 113.98152923584 117.597345987955 121.213162740071 122.167079353333 122.233695920309 122.300312487285 122.366929054261 122.433545621237 122.500162188212 122.566778755188 123.215067545573 125.608373006185 128.001678466797 130.394983927409 132.78828938802 135.181594848633 137.574900309244 139.968205769856 144.44772415161 149.622646840412 154.797569529214 159.972492218017 165.147414906818 170.32233759562 175.497260284423 180.997349675495 187.472939173379 193.948528671264 200.424118169147 206.899707667031 213.375297164916
56.076624584198 58.3323433664108 60.5880621486237 64.2743100166317 68.4374009132379 72.6004918098441 76.7635827064511 80.9266736030573 85.0897644996635 89.2528553962704 93.3151170518658 97.0748909844285 100.834664916992 104.594438849555 108.354212782117 112.113986714681 115.873760647243 119.633534579806 120.525313377381 120.461093796624 120.396874215868 120.332654635112 120.268435054356 120.204215473599 120.139995892843 120.762882826063 123.447089301215 126.131295776367 128.815502251519 131.49970872667 134.183915201823 136.868121676974 139.552328152126 144.209372202554 149.524028778075 154.838685353596 160.153341929117 165.467998504637 170.782655080158 176.097311655679 181.631431961058 187.823943456012 194.016454950967 200.208966445921 206.401477940876 212.593989435831
53.6979991594951 55.9053917460971 58.1127843326991 61.7392292976378 65.8386917220218 69.9381541464058 74.0376165707905 78.1370789951745 82.2365414195585 86.3360038439432 90.3633734173243 94.1744644376963 97.9855554580689 101.796646478441 105.607737498813 109.418828519185 113.229919539557 117.041010559929 117.88173866272 117.732345792983 117.582952923246 117.433560053508 117.284167183771 117.134774314033 116.985381444296 117.594673241509 120.480019039578 123.365364837647 126.250710635715 129.136056433783 132.021402231852 134.906748029921 137.792093827989 142.589161427815 148.023469628227 153.457777828639 158.892086029052 164.326394229464 169.760702429876 175.195010630289 180.750351333617 186.668789545694 192.587227757771 198.505665969848 204.424104181924 210.342542394002
51.3858813285828 53.4922143618265 55.5985473950702 59.1230948448179 63.1203804334 67.1176660219822 71.114951610565 75.1122371991472 79.1095227877293 83.1068083763121 87.0472145716346 90.816982587178 94.5867506027221 98.3565186182655 102.126286633809 105.896054649353 109.665822664896 113.43559068044 114.236355209351 114.047451909384 113.858548609416 113.669645309449 113.480742009481 113.291838709514 113.102935409547 113.710438791911 116.707162221273 119.703885650635 122.700609079997 125.697332509358 128.694055938721 131.690779368083 134.687502797444 139.587091827392 145.120969390868 150.654846954345 156.188724517822 161.722602081298 167.256479644774 172.790357208251 178.354107793171 184.007477442422 189.660847091674 195.314216740925 200.967586390176 206.620956039428
49.0737634976705 51.0790369775559 53.0843104574413 56.506960391998 60.4020691447783 64.2971778975586 68.1922866503395 72.0873954031198 75.9825041559001 79.877612908681 83.731055725945 87.4595007366598 91.1879457473753 94.9163907580902 98.644835768805 102.373280779521 106.101725790235 109.83017080095 110.590971755982 110.362558025785 110.134144295587 109.90573056539 109.677316835192 109.448903104995 109.220489374797 109.826204342312 112.934305402967 116.042406463623 119.150507524278 122.258608584933 125.366709645589 128.474810706244 131.5829117669 136.585022226969 142.218469153509 147.85191608005 153.485363006591 159.118809933132 164.752256859672 170.385703786214 175.957864252725 181.346165339151 186.734466425577 192.122767512003 197.511068598428 202.899369684855
46.7616456667584 48.6658595932855 50.5700735198127 53.8908259391783 57.6837578561568 61.4766897731352 65.2696216901143 69.0625536070927 72.8554855240711 76.6484174410502 80.4148968802556 84.1020188861419 87.7891408920289 91.4762628979151 95.1633849038015 98.8505069096884 102.537628915575 106.224750921461 106.945588302613 106.677664142186 106.409739981758 106.141815821331 105.873891660903 105.605967500476 105.338043340048 105.941969892714 109.161448584662 112.380927276612 115.60040596856 118.819884660509 122.039363352458 125.258842044406 128.478320736355 133.582952626546 139.315968916151 145.048985205755 150.782001495361 156.515017784966 162.24803407457 167.981050364176 173.56162071228 178.68485323588 183.808085759481 188.931318283081 194.054550806681 199.177783330281
44.449527835846 46.2526822090149 48.0558365821838 51.2746914863585 54.965446567535 58.6562016487116 62.3469567298888 66.0377118110653 69.7284668922419 73.4192219734191 77.098738034566 80.7445370356237 84.3903360366821 88.0361350377398 91.6819340387976 95.3277330398559 98.9735320409137 102.619331041971 103.300204849244 102.992770258586 102.685335667929 102.377901077271 102.070466486614 101.763031895956 101.455597305299 102.057735443115 105.388591766357 108.7194480896 112.050304412842 115.381160736084 118.712017059326 122.042873382568 125.37372970581 130.580883026123 136.413468678791 142.24605433146 148.07863998413 153.911225636799 159.743811289468 165.576396942138 171.165377171834 176.023541132608 180.881705093383 185.739869054158 190.598033014932 195.456196975708
42.1374100049337 43.8395048247443 45.5415996445549 48.6585570335386 52.2471352789133 55.835713524288 59.4242917696633 63.012870015038 66.6014482604127 70.190026505788 73.7825791888763 77.3870551851055 80.9915311813353 84.5960071775645 88.2004831737937 91.8049591700235 95.4094351662527 99.0139111624819 99.6548213958746 99.3078763749871 98.9609313540995 98.6139863332119 98.2670413123243 97.9200962914367 97.5731512705491 98.1735009935165 101.615734948052 105.057968902588 108.500202857123 111.942436811659 115.384670766195 118.82690472073 122.269138675265 127.578813425699 133.510968441432 139.443123457166 145.3752784729 151.307433488633 157.239588504366 163.1717435201 168.769133631388 173.362229029337 177.955324427286 182.548419825235 187.141515223184 191.734610621134
