data/working_set_collections/6091692-Cassins_Sparrow-MC/1995/bio16.asc
NCOLS 265 
NROWS 230 
XLLCORNER -115.5625 
YLLCORNER 24.8333333333333 
CELLSIZE 0.0833333333333333 
NODATA_value -9999 
[rows 120 to 139 of 230, columns 92 to 137 of 265]
238.756696658665 236.766422949897 234.77614924113 232.785875532363 230.795601823595 224.714406967164 217.269571728178 209.824736489191 202.379901250205 194.935066011219 187.490230772231 180.045395533245 174.654873953925 175.42729335361 176.199712753296 176.972132152981 177.744551552666 178.516970952352 179.289390352037 180.061809751722 181.682498931884 183.585944705539 185.489390479194 187.392836252848 189.296282026502 191.199727800157 193.103173573811 194.027807956272 192.016008165148 190.004208374024 187.9924085829 185.980608791776 183.968809000651 181.957009209527 179.945209418403 178.351233927409 176.896533203125 175.441832478842 173.987131754558 172.532431030274 171.07773030599 169.623029581706 168.651572757297 169.129847632514 169.608122507731 170.086397382948
239.031818898519 236.759280649821 234.486742401123 232.214204152426 229.941665903728 223.953657913209 216.72716000875 209.50066210429 202.27416419983 195.047666295371 187.821168390911 180.594670486451 175.344295120239 176.022287368774 176.700279617309 177.378271865845 178.05626411438 178.734256362915 179.41224861145 180.090240859985 181.769255828857 183.781945037841 185.794634246826 187.80732345581 189.820012664794 191.832701873779 193.845391082763 194.851963297526 192.840184529623 190.828405761719 188.816626993815 186.804848225912 184.793069458008 182.781290690104 180.769511922201 178.981137084961 177.26723022461 175.553323364258 173.839416503907 172.125509643555 170.411602783204 168.697695922852 167.511860402425 167.910238901774 168.308617401123 168.706995900472
239.306941138374 236.752138349745 234.197335561117 231.642532772489 229.08772998386 223.192908859254 216.184748289322 209.176587719388 202.168427149456 195.160266579524 188.15210600959 181.143945439658 176.033716286553 176.617281383938 177.200846481323 177.784411578708 178.367976676093 178.951541773478 179.535106870863 180.118671968248 181.85601272583 183.977945370144 186.099878014458 188.221810658772 190.343743303086 192.465675947401 194.587608591715 195.676118638781 193.664360894098 191.652603149414 189.640845404731 187.629087660048 185.617329915365 183.605572170682 181.593814425999 179.611040242513 177.637927246094 175.664814249675 173.691701253256 171.718588256836 169.745475260417 167.772362263998 166.372148047553 166.690630171034 167.009112294515 167.327594417996
239.582063378229 236.744996049669 233.907928721111 231.070861392552 228.233794063992 222.432159805299 215.642336569894 208.852513334487 202.062690099082 195.272866863676 188.48304362827 181.693220392864 176.723137452867 177.212275399102 177.701413345337 178.190551291572 178.679689237806 179.168827184041 179.657965130276 180.147103076511 181.942769622802 184.173945702446 186.405121782091 188.636297861735 190.867473941379 193.098650021023 195.329826100667 196.500273980035 194.488537258573 192.47680053711 190.465063815647 188.453327094184 186.441590372722 184.429853651259 182.418116929796 180.240943400065 178.008624267579 175.776305135092 173.543986002605 171.311666870118 169.079347737631 166.847028605144 165.232435692681 165.471021440294 165.709607187907 165.94819293552
239.857185618083 236.737853749593 233.618521881104 230.499190012615 227.379858144125 221.671410751344 215.099924850465 208.528438949586 201.956953048707 195.385467147829 188.813981246949 182.24249534607 177.412558619181 177.807269414266 178.20198020935 178.596691004435 178.99140179952 179.386112594604 179.780823389689 180.175534184774 182.029526519775 184.369946034749 186.710365549723 189.050785064697 191.391204579671 193.731624094645 196.072043609619 197.324429321289 195.312713623047 193.300997924805 191.289282226563 189.277566528321 187.265850830078 185.254135131836 183.242419433594 180.870846557618 178.379321289063 175.887796020508 173.396270751954 170.904745483399 168.413220214845 165.92169494629 164.092723337809 164.251412709554 164.410102081299 164.568791453044
240.132307857938 236.730711449518 233.329115041098 229.927518632678 226.525922224257 220.910661697389 214.557513131037 208.204364564684 201.851215998333 195.498067431981 189.144918865628 182.791770299277 178.101979785495 178.40226342943 178.702547073364 179.002830717299 179.303114361233 179.603398005168 179.903681649102 180.203965293037 182.116283416748 184.565946367051 187.015609317355 189.465272267659 191.914935217963 194.364598168267 196.81426111857 198.148584662544 196.136889987522 194.1251953125 192.113500637479 190.101805962457 188.090111287435 186.078416612414 184.066721937392 181.50074971517 178.750018310547 175.999286905925 173.248555501303 170.49782409668 167.747092692058 164.996361287436 162.953010982937 163.031803978814 163.110596974691 163.189389970568
238.709870613947 235.115147950915 231.520425287883 227.925702624852 224.33097996182 218.854987716676 212.751905610828 206.648823504979 200.545741399131 194.442659293282 188.339577187433 182.236495081585 177.738955222236 178.05804210239 178.377128982544 178.696215862698 179.015302742852 179.334389623006 179.65347650316 179.972563383314 181.952915954589 184.487023756239 187.021131557888 189.555239359537 192.089347161187 194.623454962836 197.157562764485 198.574053573609 196.637693405152 194.701333236695 192.764973068238 190.828612899781 188.892252731323 186.955892562867 185.01953239441 182.32387084961 179.375108846029 176.426346842449 173.477584838868 170.528822835287 167.580060831707 164.631298828125 162.409984546238 162.37101342943 162.332042312622 162.293071195814
235.58987388611 231.891163253785 228.192452621461 224.493741989137 220.795031356813 215.504388809206 209.683102289837 203.861815770468 198.0405292511 192.219242731732 186.397956212363 180.576669692994 176.323484929403 176.774605433146 177.22572593689 177.676846440633 178.127966944377 178.57908744812 179.030207951864 179.481328455607 181.5394241333 184.133178202311 186.726932271321 189.320686340332 191.914440409342 194.508194478353 197.101948547363 198.600836054484 196.815123875936 195.029411697388 193.24369951884 191.457987340292 189.672275161743 187.886562983195 186.100850804647 183.340209960938 180.254592895508 177.168975830079 174.083358764649 170.997741699219 167.91212463379 164.82650756836 162.46364402771 162.269041061401 162.074438095093 161.879835128784
232.469877158272 228.667178556655 224.864479955039 221.061781353422 217.259082751805 212.153789901735 206.614298968847 201.074808035958 195.535317103069 189.995826170181 184.456335237292 178.916844304404 174.90801463657 175.491168763903 176.074322891235 176.657477018568 177.240631145901 177.823785273234 178.406939400567 178.9900935279 181.125932312011 183.779332648383 186.432732984755 189.086133321126 191.739533657497 194.392933993869 197.04633433024 198.62761853536 196.992554346721 195.357490158081 193.722425969442 192.087361780803 190.452297592163 188.817233403524 187.182169214885 184.356549072266 181.134076944988 177.911604817709 174.68913269043 171.466660563152 168.244188435873 165.021716308594 162.517303509182 162.167068693373 161.816833877564 161.466599061754
229.349880430435 225.443193859525 221.536507288616 217.629820717707 213.723134146797 208.803190994264 203.545495647856 198.287800301447 193.030104955039 187.77240960863 182.514714262221 177.257018915813 173.492544343736 174.207732094659 174.922919845581 175.638107596503 176.353295347426 177.068483098348 177.78367084927 178.498858600193 180.712440490722 183.425487094455 186.138533698188 188.85158030192 191.564626905653 194.277673509386 196.990720113118 198.654401016236 197.169984817505 195.685568618775 194.201152420044 192.716736221314 191.232320022583 189.747903823853 188.263487625122 185.372888183594 182.013560994467 178.654233805339 175.294906616211 171.935579427084 168.576252237957 165.216925048829 162.570962990655 162.065096325345 161.559229660034 161.053362994724
226.229883702597 222.219209162395 218.208534622194 214.197860081992 210.18718554179 205.452592086793 200.476692326865 195.500792566936 190.524892807008 185.54899304708 180.573093287151 175.597193527223 172.077074050903 172.924295425415 173.771516799927 174.618738174438 175.46595954895 176.313180923462 177.160402297974 178.007623672485 180.298948669433 183.071641540527 185.844334411621 188.617027282714 191.389720153808 194.162413024902 196.935105895996 198.681183497111 197.34741528829 196.013647079468 194.679878870646 193.346110661825 192.012342453003 190.678574244181 189.34480603536 186.389227294922 182.893045043946 179.39686279297 175.900680541993 172.404498291016 168.90831604004 165.412133789063 162.624622472127 161.963123957316 161.301625442505 160.640126927694
223.10988697476 218.995224465265 214.880561955771 210.765899446277 206.651236936782 202.101993179323 197.407889005874 192.713784832426 188.019680658977 183.325576485529 178.63147231208 173.937368138632 170.66160375807 171.640858756171 172.620113754272 173.599368752374 174.578623750475 175.557878748576 176.537133746677 177.516388744778 179.885456848144 182.717795986599 185.550135125054 188.382474263509 191.214813401963 194.047152540419 196.879491678873 198.707965977987 197.524845759074 196.341725540161 195.158605321249 193.975485102336 192.792364883423 191.60924466451 190.426124445597 187.40556640625 183.772529093425 180.1394917806 176.506454467774 172.873417154949 169.240379842123 165.607342529297 162.6782819536 161.861151589288 161.044021224976 160.226890860664
218.50663163927 214.41995324029 210.33327484131 206.24659644233 202.15991804335 197.859035110475 193.486750666302 189.114466222128 184.742181777955 180.369897333782 175.997612889609 171.625328445436 168.622543716431 169.728258132935 170.833972549439 171.939686965942 173.045401382446 174.15111579895 175.256830215454 176.362544631958 178.792049535115 181.662817933824 184.533586332533 187.404354731242 190.27512312995 193.145891528659 196.016659927368 197.917575454712 196.908932367961 195.90028928121 194.891646194458 193.883003107707 192.874360020956 191.865716934204 190.857073847453 187.870929590862 184.225618277657 180.580306964451 176.934995651246 173.289684338041 169.644373024835 165.99906171163 162.999331834581 161.936346266005 160.873360697429 159.810375128852
212.420117696128 208.493395487469 204.56667327881 200.639951070152 196.713228861492 192.723717880251 188.713277308148 184.702836736045 180.692396163942 176.681955591839 172.671515019736 168.661074447633 165.959893925985 167.186493555705 168.413093185425 169.639692815145 170.866292444865 172.092892074585 173.319491704305 174.546091334025 177.018726730347 179.906707382202 182.794688034058 185.682668685913 188.570649337768 191.458629989624 194.346610641479 196.310011927287 195.49967511495 194.689338302613 193.879001490275 193.068664677938 192.258327865601 191.447991053264 190.637654240926 187.785316848755 184.25231259664 180.719308344524 177.186304092408 173.653299840292 170.120295588176 166.58729133606 163.587772115072 162.188707987468 160.789643859864 159.39057973226
206.333603752986 202.566837734648 198.80007171631 195.033305697973 191.266539679634 187.588400650026 183.939803949993 180.29120724996 176.642610549928 172.994013849896 169.345417149863 165.69682044983 163.297244135539 164.644728978475 165.992213821411 167.339698664347 168.687183507284 170.03466835022 171.382153193156 172.729638036092 175.245403925578 178.15059683058 181.055789735582 183.960982640584 186.866175545586 189.771368450589 192.676561355591 194.702448399862 194.090417861939 193.478387324016 192.866356786092 192.254326248169 191.642295710246 191.030265172323 190.4182346344 187.699704106649 184.279006915623 180.858309724597 177.43761253357 174.016915342544 170.596218151517 167.17552096049 164.176212395562 162.441069708931 160.705927022298 158.970784335667
200.247089809843 196.640279981826 193.03347015381 189.426660325794 185.819850497777 182.453083419801 179.166330591839 175.879577763876 172.592824935914 169.306072107952 166.019319279989 162.732566452027 160.634594345093 162.102964401245 163.571334457397 165.03970451355 166.508074569702 167.976444625854 169.444814682007 170.913184738159 173.472081120809 176.394486278957 179.316891437107 182.239296595255 185.161701753404 188.084106911553 191.006512069702 193.094884872437 192.681160608928 192.267436345419 191.853712081909 191.4399878184 191.026263554891 190.612539291382 190.198815027873 187.614091364543 184.305701234606 180.997311104669 177.688920974732 174.380530844795 171.072140714858 167.763750584921 164.764652676053 162.693431430393 160.622210184733 158.550988939074
194.160575866701 190.713722229005 187.26686859131 183.820014953615 180.373161315919 177.317766189577 174.392857233685 171.467948277792 168.543039321901 165.618130366009 162.693221410116 159.768312454225 157.971944554647 159.561199824016 161.150455093384 162.739710362752 164.328965632121 165.918220901489 167.507476170858 169.096731440226 171.69875831604 174.638375727335 177.577993138631 180.517610549927 183.457227961222 186.396845372518 189.336462783813 191.487321345012 191.271903355917 191.056485366822 190.841067377726 190.625649388631 190.410231399536 190.194813410441 189.979395421346 187.528478622437 184.33239555359 181.136312484742 177.940229415894 174.744146347047 171.548063278199 168.351980209351 165.353092956543 162.945793151856 160.538493347168 158.131193542481
188.074061923558 184.787164476184 181.50026702881 178.213369581436 174.926472134061 172.182448959352 169.61938387553 167.056318791708 164.493253707887 161.930188624065 159.367123540243 156.804058456422 155.309294764201 157.019435246786 158.72957572937 160.439716211955 162.14985669454 163.859997177124 165.570137659709 167.280278142293 169.925435511271 172.882265175713 175.839094840156 178.795924504598 181.75275416904 184.709583833482 187.666413497925 189.879757817586 189.862646102905 189.845534388224 189.828422673543 189.811310958862 189.794199244181 189.7770875295 189.759975814819 187.442865880331 184.359089872573 181.275313864815 178.191537857056 175.107761849298 172.02398584154 168.940209833781 165.941533237034 163.198154873319 160.454776509603 157.711398145888
183.011455620661 179.865273708768 176.719091796876 173.572909884984 170.426727973091 167.880712509156 165.534752527874 163.188792546591 160.842832565308 158.496872584026 156.150912602743 153.804952621461 152.480428187052 154.22021039327 155.959992599487 157.699774805705 159.439557011922 161.17933921814 162.919121424357 164.658903630575 167.332854970296 170.318196021186 173.303537072076 176.288878122965 179.274219173855 182.259560224745 185.244901275635 187.537149090237 187.750117195977 187.963085301717 188.176053407457 188.389021513197 188.601989618937 188.814957724677 189.027925830417 186.88731511434 183.962178124323 181.037041134305 178.111904144288 175.18676715427 172.261630164253 169.336493174235 166.387138324314 163.365129894681 160.343121465048 157.321113035415
178.972756958009 175.948049926759 172.923342895509 169.898635864259 166.873928833009 164.41255683899 162.138963190716 159.865369542441 157.591775894166 155.318182245891 153.044588597616 150.770994949342 149.485344823202 151.163525263469 152.841705703736 154.519886144002 156.19806658427 157.876247024536 159.554427464803 161.23260790507 163.921016693115 166.946168263753 169.971319834392 172.996471405029 176.021622975667 179.046774546306 182.071926116943 184.459495162964 184.934316635132 185.4091381073 185.883959579468 186.358781051636 186.833602523804 187.308423995972 187.78324546814 185.861826324463 183.141660308839 180.421494293214 177.701328277588 174.981162261964 172.260996246339 169.540830230713 166.689908218384 163.446718215943 160.203528213502 156.96033821106
