data/working_set_collections/6091692-Cassins_Sparrow-MC/1995/bio16.asc
NCOLS 265 
NROWS 230 
XLLCORNER -115.5625 
YLLCORNER 24.8333333333333 
CELLSIZE 0.0833333333333333 
NODATA_value -9999 
[rows 140 to 159 of 230, columns 46 to 91 of 265]
156.555599848428 160.234681235418 163.913762622408 167.592844009398 171.271925396388 174.951006783378 175.095067723592 174.060788514879 173.026509306165 171.992230097452 170.957950888739 169.923671680026 168.889392471313 168.444977060953 169.770153045654 171.095329030354 172.420505015055 173.745680999755 175.070856984456 176.396032969156 177.721208953857 178.566699600219 179.252295133802 179.937890667385 180.623486200968 181.309081734551 181.994677268134 182.680272801717 183.322462929619 183.834436840481 184.346410751343 184.858384662204 185.370358573066 185.882332483927 186.394306394789 186.906280305651 186.767802683513 186.412507883708 186.057213083903 185.701918284099 185.346623484294 184.99132868449 184.636033884685 183.64375474718 180.740522596572 177.837290445965
162.732585271198 165.945868386161 169.159151501125 172.372434616088 175.585717731051 178.799000846014 178.927254358927 178.027164671156 177.127074983384 176.226985295613 175.326895607842 174.426805920071 173.526716232299 173.080797068277 173.997389475504 174.913981882731 175.830574289957 176.747166697184 177.66375910441 178.580351511637 179.496943918864 180.17134513855 180.765015962388 181.358686786228 181.952357610066 182.546028433905 183.139699257744 183.733370081583 184.203443951077 184.302726957533 184.402009963989 184.501292970445 184.600575976902 184.699858983358 184.799141989814 184.89842499627 184.424528249105 183.759571584066 183.094614919027 182.429658253988 181.764701588949 181.09974492391 180.434788258871 179.240631442601 176.458874172635 173.67711690267
168.909570693968 171.657055536904 174.404540379841 177.152025222777 179.899510065713 182.64699490865 182.759440994262 181.993540827433 181.227640660603 180.461740493774 179.695840326944 178.929940160115 178.164039993285 177.716617075601 178.224625905354 178.732634735107 179.240643564859 179.748652394612 180.256661224365 180.764670054117 181.27267888387 181.77599067688 182.277736790975 182.77948290507 183.281229019165 183.78297513326 184.284721247355 184.78646736145 185.084424972534 184.771017074585 184.457609176636 184.144201278687 183.830793380737 183.517385482788 183.203977584839 182.89056968689 182.081253814698 181.106635284424 180.132016754151 179.157398223878 178.182779693604 177.208161163331 176.233542633058 174.837508138022 172.177225748699 169.516943359376
175.086556116739 177.368242687648 179.649929258557 181.931615829467 184.213302400376 186.494988971286 186.591627629598 185.95991698371 185.328206337822 184.696495691935 184.064785046047 183.433074400159 182.801363754272 182.352437082926 182.451862335204 182.551287587483 182.650712839762 182.750138092041 182.849563344319 182.948988596598 183.048413848877 183.38063621521 183.790457619561 184.200279023912 184.610100428263 185.019921832614 185.429743236965 185.839564641316 185.965405993991 185.239307191637 184.513208389282 183.787109586928 183.061010784573 182.334911982219 181.608813179864 180.88271437751 179.73797938029 178.453698984783 177.169418589275 175.885138193767 174.600857798259 173.316577402751 172.032297007244 170.434384833443 167.895577324762 165.356769816082
179.322849909464 181.243647469414 183.164445029364 185.085242589314 187.006040149264 188.926837709215 189.087973403931 188.662555143568 188.237136883206 187.811718622843 187.386300362481 186.960882102118 186.535463841756 186.155065282186 185.909725824992 185.664386367798 185.419046910604 185.17370745341 184.928367996216 184.683028539022 184.437689081828 184.628332392374 184.964303292168 185.300274191962 185.636245091756 185.97221599155 186.308186891344 186.644157791138 186.67236849467 185.777298609416 184.882228724162 183.987158838908 183.092088953654 182.1970190684 181.301949183146 180.406879297892 179.034464518229 177.502934773763 175.971405029297 174.439875284831 172.908345540365 171.376815795899 169.845286051433 168.060554334853 165.516216701932 162.971879069011
181.618452072143 183.283269882201 184.94808769226 186.612905502319 188.277723312377 189.942541122436 190.248478317261 190.101455307007 189.954432296753 189.807409286499 189.660386276245 189.513363265991 189.366340255737 189.12450167338 188.598216374715 188.071931076049 187.545645777384 187.019360478719 186.493075180054 185.966789881388 185.440504582723 185.519079208374 185.799273808797 186.07946840922 186.359663009643 186.639857610067 186.92005221049 187.200246810913 187.205312474569 186.384991327922 185.564670181274 184.744349034627 183.92402788798 183.103706741333 182.283385594686 181.463064448039 179.970709228516 178.254342651367 176.537976074219 174.821609497071 173.105242919922 171.388876342774 169.672509765625 167.716016642253 165.039143880209 162.362271118165
183.914054234822 185.322892294989 186.731730355156 188.140568415323 189.54940647549 190.958244535658 191.408983230591 191.540355470445 191.6717277103 191.803099950154 191.934472190009 192.065844429863 192.197216669718 192.093938064575 191.286706924438 190.479475784302 189.672244644165 188.865013504028 188.057782363892 187.250551223755 186.443320083618 186.409826024373 186.634244325426 186.858662626478 187.083080927531 187.307499228583 187.531917529636 187.756335830688 187.738256454468 186.992684046427 186.247111638387 185.501539230347 184.755966822306 184.010394414266 183.264822006226 182.519249598185 180.906953938802 179.005750528972 177.104547119141 175.20334370931 173.30214029948 171.400936889649 169.499733479818 167.371478949653 164.562071058486 161.752663167318
186.209656397501 187.362514707777 188.515373018053 189.668231328328 190.821089638604 191.973947948879 192.569488143921 192.979255633884 193.389023123847 193.79879061381 194.208558103773 194.618325593736 195.028093083699 195.06337445577 193.975197474162 192.887020492554 191.798843510946 190.710666529337 189.62248954773 188.534312566122 187.446135584513 187.300572840373 187.469214842054 187.637856843736 187.806498845418 187.9751408471 188.143782848782 188.312424850464 188.271200434367 187.600376764933 186.9295530955 186.258729426066 185.587905756632 184.917082087199 184.246258417765 183.575434748332 181.843198649089 179.757158406576 177.671118164063 175.58507792155 173.499037679037 171.412997436524 169.326957194011 167.026941257054 164.084998236763 161.143055216472
188.50525856018 189.402137120564 190.299015680948 191.195894241333 192.092772801717 192.989651362101 193.729993057251 194.418155797322 195.106318537394 195.794481277465 196.482644017537 197.170806757609 197.85896949768 198.032810846964 196.663688023885 195.294565200805 193.925442377726 192.556319554647 191.187196731567 189.818073908488 188.448951085409 188.191319656372 188.304185358683 188.417051060994 188.529916763306 188.642782465617 188.755648167928 188.868513870239 188.804144414266 188.208069483439 187.611994552612 187.015919621785 186.419844690959 185.823769760132 185.227694829305 184.631619898478 182.779443359375 180.50856628418 178.237689208985 175.966812133789 173.695935058594 171.425057983399 169.154180908204 166.682403564454 163.60792541504 160.533447265626
190.800860722859 191.441759533352 192.082658343845 192.723557154337 193.36445596483 194.005354775323 194.890497970581 195.857055960761 196.823613950941 197.790171941121 198.756729931301 199.723287921481 200.689845911661 201.002247238159 199.352178573608 197.702109909058 196.052041244507 194.401972579956 192.751903915405 191.101835250855 189.451766586304 189.082066472371 189.139155875312 189.196245278252 189.253334681193 189.310424084133 189.367513487074 189.424602890015 189.337088394165 188.815762201945 188.294436009725 187.773109817505 187.251783625285 186.730457433065 186.209131240845 185.687805048625 183.715688069662 181.259974161784 178.804260253906 176.348546346029 173.892832438152 171.437118530274 168.981404622396 166.337865871854 163.130852593316 159.923839314779
190.76553255717 191.485108396742 192.204684236315 192.924260075887 193.64383591546 194.363411755032 195.303370157878 196.316789415147 197.330208672418 198.343627929688 199.357047186957 200.370466444228 201.383885701497 201.720576477051 200.027081807455 198.333587137859 196.640092468262 194.946597798666 193.253103129069 191.559608459473 189.866113789877 189.437899271647 189.431444803874 189.4249903361 189.418535868327 189.412081400553 189.40562693278 189.399172465007 189.305223888821 188.9487929874 188.592362085978 188.235931184557 187.879500283135 187.523069381714 187.166638480292 186.810207578871 184.804767990113 182.249658838908 179.694549687703 177.139440536499 174.584331385295 172.02922223409 169.474113082886 166.747766706679 163.507708655463 160.267650604248
188.399274063111 189.532183710734 190.665093358358 191.798003005981 192.930912653605 194.063822301229 194.968609619141 195.797356160482 196.626102701823 197.454849243164 198.283595784505 199.112342325846 199.941088867188 200.18779856364 198.688397725424 197.188996887207 195.689596048991 194.190195210775 192.690794372559 191.191393534343 189.691992696127 189.258818054199 189.181052144369 189.103286234538 189.025520324707 188.947754414876 188.869988505046 188.792222595215 188.708550898234 188.607161839803 188.505772781372 188.404383722941 188.30299466451 188.201605606079 188.100216547648 187.998827489217 186.046683120728 183.477620315552 180.908557510376 178.3394947052 175.770431900025 173.201369094849 170.632306289673 167.91210606893 164.738493601481 161.564881134034
186.033015569051 187.579259024726 189.125502480401 190.671745936076 192.21798939175 193.764232847426 194.633849080404 195.277922905816 195.921996731228 196.566070556641 197.210144382053 197.854218207465 198.498292032878 198.655020650228 197.349713643392 196.044406636556 194.73909962972 193.433792622884 192.128485616048 190.823178609213 189.517871602376 189.079736836751 188.930659484863 188.781582132975 188.632504781087 188.483427429199 188.334350077311 188.185272725423 188.111877907647 188.265530692207 188.419183476766 188.572836261325 188.726489045885 188.880141830444 189.033794615004 189.187447399563 187.288598251343 184.705581792196 182.122565333049 179.539548873902 176.956532414755 174.373515955607 171.79049949646 169.07644543118 165.969278547499 162.862111663819
183.666757074992 185.626334338718 187.585911602444 189.54548886617 191.505066129896 193.464643393622 194.299088541667 194.75848965115 195.217890760634 195.677291870117 196.136692979601 196.596094089084 197.055495198568 197.122242736817 196.011029561361 194.899816385905 193.78860321045 192.677390034994 191.566176859538 190.454963684082 189.343750508626 188.900655619303 188.680266825358 188.459878031413 188.239489237468 188.019100443522 187.798711649577 187.578322855632 187.51520491706 187.92389954461 188.33259417216 188.74128879971 189.14998342726 189.558678054809 189.967372682359 190.376067309909 188.530513381958 185.93354326884 183.336573155721 180.739603042603 178.142632929484 175.545662816366 172.948692703247 170.24078479343 167.200063493517 164.159342193604
181.300498580933 183.67340965271 186.046320724487 188.419231796264 190.792142868042 193.165053939819 193.96432800293 194.239056396484 194.513784790039 194.788513183594 195.063241577149 195.337969970703 195.612698364258 195.589464823405 194.67234547933 193.755226135254 192.838106791179 191.920987447103 191.003868103028 190.086748758952 189.169629414876 188.721574401856 188.429874165853 188.13817392985 187.846473693848 187.554773457845 187.263073221843 186.97137298584 186.918531926473 187.582268397013 188.246004867554 188.909741338094 189.573477808634 190.237214279175 190.900950749715 191.564687220255 189.772428512573 187.161504745484 184.550580978394 181.939657211304 179.328733444214 176.717809677124 174.106885910034 171.405124155681 168.430848439535 165.456572723389
178.934240086873 181.720484966702 184.50672984653 187.292974726359 190.079219606187 192.865464486016 193.629567464193 193.719623141819 193.809678819445 193.89973449707 193.989790174696 194.079845852322 194.169901529948 194.056686909994 193.333661397298 192.610635884603 191.887610371908 191.164584859212 190.441559346517 189.718533833822 188.995508321126 188.542493184408 188.179481506348 187.816469828288 187.453458150228 187.090446472168 186.727434794108 186.364423116048 186.321858935886 187.240637249417 188.159415562947 189.078193876478 189.996972190009 190.91575050354 191.834528817071 192.753307130601 191.014343643189 188.389466222128 185.764588801066 183.139711380005 180.514833958944 177.889956537883 175.265079116822 172.569463517931 169.661633385552 166.753803253174
177.03223546346 180.349911583794 183.667587704128 186.985263824462 190.302939944796 193.620616065131 194.294449869791 194.087002902561 193.87955593533 193.672108968099 193.464662000868 193.257215033637 193.049768066406 192.814463763767 192.495587454902 192.176711146037 191.857834837172 191.538958528306 191.220082219441 190.901205910576 190.582329601711 190.312827173868 190.059782706366 189.806738238864 189.553693771361 189.300649303859 189.047604836357 188.794560368855 188.840652847289 189.784156163532 190.727659479776 191.671162796019 192.614666112263 193.558169428506 194.50167274475 195.445176060994 193.627304967244 190.88897573683 188.150646506415 185.412317276001 182.673988045586 179.935658815172 177.197329584757 174.441002231174 171.630680508084 168.820358784993
175.594484710693 179.561689503987 183.528894297281 187.496099090575 191.463303883869 195.430508677164 195.958975219726 195.341195678711 194.723416137695 194.10563659668 193.487857055664 192.870077514649 192.252297973633 191.862795384725 192.15812365214 192.453451919556 192.748780186971 193.044108454386 193.339436721801 193.634764989217 193.930093256632 194.032576370239 194.070777765909 194.10897916158 194.14718055725 194.185381952921 194.223583348591 194.261784744262 194.474913660684 195.212825139363 195.950736618041 196.688648096719 197.426559575398 198.164471054076 198.902382532755 199.640294011433 197.611312484741 194.660033289591 191.708754094441 188.757474899292 185.806195704142 182.854916508992 179.903637313843 177.01974029541 174.337989807129 171.656239318848
174.156733957926 178.77346742418 183.390200890435 188.006934356689 192.623667822943 197.240401289197 197.623500569661 196.595388454861 195.567276340061 194.539164225261 193.51105211046 192.48293999566 191.45482788086 190.911127005683 191.820659849379 192.730192693074 193.63972553677 194.549258380466 195.458791224161 196.368324067857 197.277856911553 197.752325566609 198.081772825452 198.411220084296 198.740667343139 199.070114601982 199.399561860826 199.729009119669 200.109174474079 200.641494115193 201.173813756306 201.706133397419 202.238453038533 202.770772679646 203.303092320759 203.835411961873 201.595320002238 198.431090842353 195.266861682468 192.102632522583 188.938403362698 185.774174202813 182.609945042928 179.598478359646 177.045299106174 174.492119852702
172.718983205159 177.985245344373 183.251507483588 188.517769622802 193.784031762016 199.050293901231 199.288025919596 197.849581231011 196.411136542426 194.972691853841 193.534247165256 192.095802476671 190.657357788086 189.959458626641 191.483196046617 193.006933466593 194.530670886569 196.054408306545 197.578145726521 199.101883146497 200.625620566473 201.472074762979 202.092767884995 202.713461007011 203.334154129027 203.954847251043 204.575540373059 205.196233495075 205.743435287474 206.070163091023 206.396890894571 206.723618698119 207.050346501667 207.377074305215 207.703802108764 208.030529912312 205.579327519734 202.202148395114 198.824969270494 195.447790145874 192.070611021254 188.693431896633 185.316252772013 182.177216423882 179.752608405219 177.328000386556
