data/working_set_collections/6091692-Cassins_Sparrow-MC/1995/bio1.asc
NCOLS 265 
NROWS 230 
XLLCORNER -115.5625 
YLLCORNER 24.8333333333333 
CELLSIZE 0.0833333333333333 
NODATA_value -9999 
[rows 160 to 179 of 230, columns 0 to 45 of 265]
19.2044892311095 19.5155236244201 19.8265580177306 20.1375924110412 20.4486268043518 20.7596611976623 21.0706955909729 21.3887085437775 21.70904768308 22.0293868223826 22.3497259616851 22.6700651009877 -9999 -9999 -9999 -9999 -9999 -9999 -9999 -9999 -9999 -9999 -9999 -9999 -9999 -9999 -9999 -9999 -9999 23.0156232674917 23.0434559981028 23.071288728714 23.0991214593251 23.1269541899363 23.1547869205475 23.1826196511586 23.2104523817698 23.1632041931152 23.0909290313721 23.0186538696289 22.9463787078857 22.8741035461426 22.8018283843994 22.7295532226562 22.6367363611857 22.482294400533
19.4852139684888 19.7096493085225 19.9340846485561 20.1585199885898 20.3829553286234 20.6073906686571 20.8318260086907 21.163516887029 21.5309596114688 21.8984023359086 22.2658450603485 22.6332877847883 -9999 -9999 -9999 -9999 -9999 -9999 -9999 -9999 -9999 -9999 -9999 -9999 -9999 -9999 -9999 -9999 -9999 -9999 23.0296502378252 23.0640083471934 23.0983664565616 23.1327245659298 23.167082675298 23.2014407846663 23.2357988940345 23.1982830047607 23.1368091159397 23.0753352271186 23.0138613382975 22.9523874494765 22.8909135606554 22.8294396718343 22.7491304821438 22.6123153898451
19.6174302630954 19.8001291275024 19.9828279919094 20.1655268563164 20.3482257207234 20.5309245851304 20.7136234495375 21.0462619622548 21.4288803577422 21.8114987532297 22.1941171487172 22.5767355442046 -9999 -9999 -9999 -9999 -9999 -9999 -9999 -9999 -9999 -9999 -9999 -9999 -9999 -9999 -9999 -9999 -9999 -9999 -9999 23.0469062487284 23.0832491238912 23.119591999054 23.1559348742167 23.1922777493795 23.2286206245422 23.1917424678803 23.13045730061 23.0691721333398 23.0078869660696 22.9466017987993 22.8853166315291 22.8240314642589 22.747328291999 22.6243711047703
19.6011381149292 19.7869630813598 19.9727880477905 20.1586130142212 20.3444379806518 20.5302629470825 20.7160879135132 21.0369437694549 21.4028099219004 21.7686760743459 22.1345422267913 22.5004083792368 -9999 -9999 -9999 -9999 -9999 -9999 -9999 -9999 -9999 -9999 -9999 -9999 -9999 -9999 -9999 -9999 -9999 -9999 -9999 -9999 23.0537694613139 23.0875564893087 23.1213435173035 23.1551305452983 23.1889175732931 23.1435825824738 23.0718735853831 23.0001645882925 22.9284555912018 22.8567465941112 22.7850375970205 22.7133285999298 22.6313297907512 22.5184615453085
19.5848459667629 19.7737970352173 19.9627481036716 20.1516991721259 20.3406502405802 20.5296013090345 20.7185523774889 21.027625576655 21.3767394860585 21.725853395462 22.0749673048655 22.4240812142689 -9999 -9999 -9999 -9999 -9999 -9999 -9999 -9999 -9999 -9999 -9999 -9999 -9999 -9999 -9999 -9999 -9999 -9999 -9999 -9999 23.0242897987366 23.0555209795634 23.0867521603902 23.117983341217 23.1492145220439 23.0954226970673 23.0132898701562 22.9311570432451 22.849024216334 22.766891389423 22.6847585625119 22.6026257356008 22.5153312895034 22.4125519858467
19.5685538185967 19.7606309890747 19.9527081595526 20.1447853300306 20.3368625005086 20.5289396709866 20.7210168414646 21.0183073838551 21.3506690502166 21.6830307165781 22.0153923829396 22.3477540493011 -9999 -9999 -9999 -9999 -9999 -9999 -9999 -9999 -9999 -9999 -9999 -9999 -9999 -9999 -9999 -9999 -9999 -9999 -9999 -9999 22.9948101361593 23.0234854698181 23.052160803477 23.0808361371358 23.1095114707947 23.0472628116608 22.9547061549293 22.8621494981978 22.7695928414663 22.6770361847348 22.5844795280033 22.4919228712718 22.3993327882555 22.3066424263849
19.5522616704305 19.7474649429321 19.9426682154337 20.1378714879354 20.333074760437 20.5282780329386 20.7234813054402 21.0089891910552 21.3245986143747 21.6402080376943 21.9558174610138 22.2714268843332 -9999 -9999 -9999 -9999 -9999 -9999 -9999 -9999 -9999 -9999 -9999 -9999 -9999 -9999 -9999 -9999 -9999 -9999 -9999 -9999 22.9653304735819 22.9914499600728 23.0175694465637 23.0436889330546 23.0698084195455 22.9991029262543 22.8961224397024 22.7931419531505 22.6901614665985 22.5871809800466 22.4842004934947 22.3812200069428 22.2833342870077 22.200732866923
19.5359695222642 19.7342988967895 19.9326282713148 20.1309576458401 20.3292870203654 20.5276163948906 20.7259457694159 20.9996709982554 21.2985281785329 21.5973853588104 21.8962425390879 22.1950997193654 -9999 -9999 -9999 -9999 -9999 -9999 -9999 -9999 -9999 -9999 -9999 -9999 -9999 -9999 -9999 -9999 -9999 -9999 -9999 -9999 22.9358508110046 22.9594144503276 22.9829780896505 23.0065417289734 23.0301053682963 22.9509430408478 22.8375387244755 22.7241344081031 22.6107300917308 22.4973257753585 22.3839214589861 22.2705171426138 22.1673357857599 22.0948233074612
19.4249532752567 19.6359386920929 19.8469241089291 20.0579095257653 20.2688949426015 20.4798803594377 20.6908657762739 20.9506789207458 21.2267679744296 21.5028570281135 21.7789460817973 22.0550351354811 22.3311241891649 -9999 -9999 -9999 -9999 -9999 -9999 -9999 -9999 -9999 -9999 -9999 -9999 -9999 -9999 -9999 -9999 -9999 -9999 -9999 -9999 22.9584558963776 22.9838263670603 23.0091968377431 23.0345673084259 22.9629058519999 22.858900419871 22.7548949877421 22.6508895556132 22.5468841234843 22.4428786913554 22.3388732592264 22.2444474750095 22.1787606345282
19.2192129294078 19.4523843288422 19.6855557282765 19.918727127711 20.1518985271454 20.3850699265798 20.6182413260142 20.8620129585266 21.109318002065 21.3566230456034 21.6039280891418 21.8512331326802 22.0985381762187 22.3458432197571 22.5457386493683 -9999 -9999 -9999 -9999 -9999 -9999 -9999 -9999 -9999 -9999 -9999 -9999 -9999 -9999 -9999 -9999 -9999 -9999 -9999 23.0201142787933 23.0516542593638 23.0831942399343 23.0349913597107 22.9602075258891 22.8854236920674 22.8106398582458 22.7358560244242 22.6610721906026 22.586288356781 22.5146693547566 22.4525448481241
19.0134725835588 19.2688299655914 19.524187347624 19.7795447296566 20.0349021116892 20.2902594937218 20.5456168757544 20.7733469963073 20.9918680297004 21.2103890630934 21.4289100964864 21.6474311298794 21.8659521632724 22.0844731966654 22.2714102374183 22.3635953002506 -9999 -9999 -9999 -9999 -9999 -9999 -9999 -9999 -9999 -9999 -9999 -9999 -9999 -9999 -9999 -9999 -9999 -9999 -9999 23.0941116809845 23.1318211714427 23.1070768674215 23.0615146319071 23.0159523963928 22.9703901608785 22.9248279253642 22.8792656898498 22.8337034543355 22.7848912345038 22.7263290617201
18.8077322377099 19.0852756023407 19.3628189669715 19.6403623316023 19.9179056962331 20.1954490608639 20.4729924254947 20.6846810340881 20.8744180573357 21.0641550805834 21.253892103831 21.4436291270786 21.6333661503262 21.8231031735738 21.9970818254683 22.1237853633033 22.2504889011383 22.3771924389733 -9999 -9999 -9999 -9999 -9999 -9999 -9999 -9999 -9999 -9999 -9999 -9999 -9999 -9999 -9999 -9999 -9999 23.1365691026052 23.180448102951 23.1791623751322 23.1628217379252 23.1464811007182 23.1301404635111 23.1137998263041 23.097459189097 23.08111855189 23.055113114251 23.000113275316
18.601991891861 18.9017212390899 19.2014505863189 19.501179933548 19.8009092807769 20.1006386280059 20.400367975235 20.5960150718689 20.7569680849711 20.9179210980733 21.0788741111755 21.2398271242777 21.40078013738 21.5617331504822 21.7227534135183 21.883975426356 22.0451974391937 22.2064194520314 -9999 -9999 -9999 -9999 -9999 -9999 -9999 -9999 -9999 -9999 -9999 -9999 -9999 -9999 -9999 -9999 -9999 -9999 23.2290750344594 23.251247882843 23.2641288439433 23.2770098050435 23.2898907661438 23.302771727244 23.3156526883443 23.3285336494445 23.3253349939982 23.2738974889119
-9999 18.7181668758392 19.0400822056664 19.3619975354936 19.6839128653208 20.005828195148 20.3277435249752 20.5073491096496 20.6395181126065 20.7716871155633 20.9038561185201 21.0360251214769 21.1681941244338 21.3003631273906 21.4484250015683 21.6441654894087 21.8399059772491 22.0356464650896 22.23138695293 22.4271274407704 22.6228679286109 -9999 -9999 -9999 22.8684887250264 -9999 -9999 -9999 -9999 -9999 -9999 -9999 -9999 -9999 -9999 -9999 23.2777019659678 23.3233333905538 23.3654359499613 23.4075385093689 23.4496410687764 23.491743628184 23.5338461875915 23.5759487469991 23.5955568737454 23.5476817025078
-9999 -9999 -9999 19.1815082073212 19.4949820359548 19.8084558645884 20.1219296932221 20.2974942684174 20.4270890924666 20.5566839165158 20.686278740565 20.8158735646142 20.9454683886634 21.0750632127126 21.2258738994598 21.4403321743012 21.6547904491425 21.8692487239837 22.0837069988251 22.2981652736664 22.5126235485077 -9999 -9999 22.8000105486976 22.8110472096337 22.8220838705699 22.833120531506 -9999 -9999 -9999 -9999 -9999 -9999 -9999 -9999 -9999 23.31666103469 23.3790310064951 23.4413546615177 23.5036783165402 23.5660019715627 23.6283256265852 23.6906492816077 23.7529729366302 23.7899209764268 23.7507421705458
-9999 -9999 -9999 -9999 19.2341167926788 19.5085216363271 19.7829264799754 19.966450548172 20.1196810245514 20.2729115009308 20.4261419773102 20.5793724536896 20.732602930069 20.8858334064484 21.055100107193 21.2724754810333 21.4898508548736 21.707226228714 21.9246016025543 22.1419769763946 22.359352350235 22.5767277240753 -9999 22.6812853336334 22.7099789142609 22.7386724948883 22.7673660755158 22.7960596561432 -9999 -9999 -9999 -9999 -9999 -9999 -9999 -9999 -9999 23.4183407306671 23.4918849786122 23.5654292265574 23.6389734745025 23.7125177224477 23.7860619703928 23.859606218338 23.9084273020426 23.8830788930257
-9999 -9999 -9999 -9999 -9999 -9999 -9999 19.6354068279267 19.8122729566362 19.9891390853458 20.1660052140554 20.342871342765 20.5197374714745 20.6966036001841 20.8843263149261 21.1046187877655 21.3249112606048 21.5452037334442 21.7654962062836 21.9857886791229 22.2060811519623 22.4263736248016 22.5162096182505 22.5625601185693 22.608910618888 22.6552611192067 22.7016116195255 22.7479621198442 22.794312620163 22.8479088730282 -9999 -9999 -9999 -9999 -9999 -9999 -9999 -9999 23.5424152957068 23.6271801365746 23.7119449774424 23.7967098183102 23.881474659178 23.9662395000457 24.0269336276584 24.0154156155056
-9999 -9999 -9999 -9999 -9999 -9999 -9999 -9999 19.5048648887211 19.7053666697608 19.9058684508006 20.1063702318403 20.3068720128801 20.5073737939199 20.7135525226593 20.9367620944977 21.1599716663361 21.3831812381744 21.6063908100128 21.8296003818512 22.0528099536896 22.276019525528 22.3798274834951 22.4438349035051 -9999 22.5718497435252 22.6358571635352 22.6998645835453 22.7638720035553 22.832314019733 -9999 -9999 -9999 -9999 -9999 -9999 -9999 23.496960179011 23.5929456128014 23.6889310465918 23.7849164803823 23.8809019141727 23.9768873479631 24.0728727817535 24.1454399532742 24.1477523379855
-9999 -9999 -9999 -9999 -9999 -9999 -9999 -9999 -9999 19.4215942541758 19.6457316875458 19.8698691209157 20.0940065542857 20.3181439876556 20.5427787303924 20.7689054012299 20.9950320720673 21.2211587429046 21.4472854137421 21.6734120845795 21.8995387554168 22.1256654262543 22.2434453487396 22.325109688441 -9999 -9999 22.570102707545 22.6517670472463 22.7334313869476 -9999 -9999 -9999 -9999 -9999 -9999 -9999 23.433825858434 23.536269903183 23.643475929896 23.7506819566091 23.8578879833221 23.9650940100352 24.0723000367482 24.1795060634613 24.26394627889 24.2800890604655
-9999 -9999 -9999 -9999 -9999 -9999 -9999 -9999 -9999 -9999 -9999 19.6333680099911 19.8811410956913 20.1289141813914 20.3720049381256 20.601048707962 20.8300924777984 21.0591362476349 21.2881800174713 21.5172237873077 21.7462675571441 21.9753113269806 22.1070632139842 22.2063844733768 22.3057057327694 -9999 -9999 22.6036695109473 -9999 -9999 -9999 -9999 -9999 -9999 -9999 23.3685466713375 23.46311706437 23.5755796273549 23.6940062469906 23.8124328666263 23.930859486262 24.0492861058977 24.1677127255334 24.286139345169 24.3824526045057 24.4124257829454
