data/working_set_collections/6091692-Cassins_Sparrow-MC/1995/bio10.asc
NCOLS 265 
NROWS 230 
XLLCORNER -115.5625 
YLLCORNER 24.8333333333333 
CELLSIZE 0.0833333333333333 
NODATA_value -9999 
[rows 20 to 39 of 230, columns 0 to 45 of 265]
21.0618285602994 21.0808915774028 21.0999545945062 21.1190176116097 21.1380806287131 21.1571436458165 21.1762066629199 21.1811255137127 21.1813296424019 21.1815337710911 21.1817378997803 21.1819420284696 21.1821461571588 21.182350285848 21.1626538647546 21.0832557943133 21.0038577238719 20.9244596534306 20.8450615829892 20.7656635125479 20.6862654421065 20.6068673716652 20.5630421161652 20.5310744656457 20.4991068151262 20.4671391646068 20.4351715140873 20.4032038635678 20.3712362130483 20.3304438696967 20.2631774478488 20.195911026001 20.1286446041531 20.0613781823052 19.9941117604573 19.9268453386095 19.8595789167616 19.6748615105947 19.4509937763214 19.2271260420481 19.0032583077749 18.7793905735016 18.5555228392283 18.331655104955 18.0861847400666 17.7759064833323
20.4481970998977 20.4618555386862 20.4755139774747 20.4891724162632 20.5028308550517 20.5164892938403 20.5301477326288 20.5590775807699 20.5930978986953 20.6271182166206 20.661138534546 20.6951588524713 20.7291791703966 20.763199488322 20.7736374484169 20.7133283350203 20.6530192216238 20.5927101082273 20.5324009948307 20.4720918814342 20.4117827680376 20.3514736546411 20.3397828578949 20.3442981666989 20.3488134755029 20.3533287843069 20.3578440931108 20.3623594019148 20.3668747107188 20.3612904442681 20.3254074520535 20.2895244598389 20.2536414676242 20.2177584754096 20.181875483195 20.1459924909803 20.1101094987657 19.9298021475474 19.7013533433279 19.4729045391083 19.2444557348887 19.0160069306692 18.7875581264496 18.55910932223 18.3115258693696 18.0065384705862
19.834565639496 19.8428194999696 19.8510733604432 19.8593272209169 19.8675810813905 19.8758349418641 19.8840888023378 19.9370296478272 20.0048661549887 20.0727026621501 20.1405391693116 20.208375676473 20.2762121836345 20.344048690796 20.3846210320791 20.3434008757274 20.3021807193757 20.260960563024 20.2197404066722 20.1785202503205 20.1373000939688 20.096079937617 20.1165235996247 20.1575218677521 20.1985201358795 20.239518404007 20.2805166721344 20.3215149402618 20.3625132083893 20.3921370188395 20.3876374562581 20.3831378936767 20.3786383310954 20.374138768514 20.3696392059326 20.3651396433512 20.3606400807698 20.1847427845001 19.9517129103343 19.7186830361684 19.4856531620026 19.2526232878367 19.0195934136708 18.786563539505 18.5368669986725 18.23717045784
19.2209341790942 19.2237834612529 19.2266327434117 19.2294820255704 19.2323313077292 19.2351805898879 19.2380298720467 19.3149817148845 19.4166344112821 19.5182871076796 19.6199398040772 19.7215925004748 19.8232451968723 19.9248978932699 19.9956046157414 19.9734734164344 19.9513422171275 19.9292110178206 19.9070798185137 19.8849486192068 19.8628174198999 19.840686220593 19.8932643413544 19.9707455688053 20.0482267962562 20.1257080237071 20.203189251158 20.2806704786089 20.3581517060598 20.4229835934109 20.4498674604628 20.4767513275146 20.5036351945665 20.5305190616184 20.5574029286702 20.5842867957221 20.6111706627739 20.4396834214528 20.2020724773407 19.9644615332285 19.7268505891164 19.4892396450043 19.2516287008921 19.01401775678 18.7622081279755 18.4678024450938
18.809901131524 18.8244515736898 18.8390020158556 18.8535524580214 18.8681029001872 18.882653342353 18.8972037845188 18.9929411252339 19.1157407654656 19.2385404056973 19.3613400459289 19.4841396861606 19.6069393263923 19.7297389666239 19.8233458571964 19.8293744987912 19.8354031403859 19.8414317819807 19.8474604235755 19.8534890651703 19.859517706765 19.8655463483598 19.943885564804 20.0463283061981 20.1487710475921 20.2512137889861 20.3536565303802 20.4560992717742 20.5585420131683 20.6445004463195 20.6810059547424 20.7175114631652 20.7540169715881 20.7905224800109 20.8270279884338 20.8635334968566 20.9000390052795 20.7151563962301 20.4564777480232 20.1977990998162 19.9391204516093 19.6804418034024 19.4217631551955 19.1630845069886 18.8952785915799 18.600090874566
18.6014664967855 18.6448238372803 18.6881811777751 18.7315385182699 18.7748958587647 18.8182531992594 18.8616105397542 18.9709078788757 19.1021852175394 19.2334625562032 19.3647398948669 19.4960172335306 19.6272945721944 19.7585719108581 19.8678447564443 19.9111041227976 19.954363489151 19.9976228555043 20.0408822218577 20.084141588211 20.1274009545644 20.1706603209177 20.2683872699737 20.3842700799305 20.5001528898874 20.6160356998443 20.7319185098011 20.847801319758 20.9636841297149 21.0566875775654 21.081052939097 21.1054183006286 21.1297836621602 21.1541490236917 21.1785143852233 21.2028797467549 21.2272451082865 21.0111617088318 20.7149287223816 20.4186957359314 20.1224627494812 19.826229763031 19.5299967765808 19.2337637901307 18.9360783894857 18.6340357462565
18.393031862047 18.4651961008708 18.5373603396946 18.6095245785183 18.6816888173421 18.7538530561659 18.8260172949897 18.9488746325175 19.0886296696133 19.2283847067091 19.3681397438049 19.5078947809007 19.6476498179965 19.7874048550923 19.9123436556922 19.9928337468041 20.073323837916 20.1538139290279 20.2343040201399 20.3147941112518 20.3952842023637 20.4757742934756 20.5928889751434 20.722211853663 20.8515347321828 20.9808576107024 21.1101804892221 21.2395033677418 21.3688262462615 21.4688747088114 21.4810999234517 21.493325138092 21.5055503527323 21.5177755673726 21.5300007820129 21.5422259966532 21.5544512112935 21.3071670214335 20.9733796967401 20.6395923720466 20.3058050473531 19.9720177226597 19.6382303979662 19.3044430732728 18.9768781873916 18.6679806179471
18.1845972273085 18.2855683644613 18.386539501614 18.4875106387668 18.5884817759196 18.6894529130724 18.7904240502251 18.9268413861592 19.0750741216871 19.223306857215 19.3715395927429 19.5197723282708 19.6680050637987 19.8162377993266 19.9568425549401 20.0745633708106 20.1922841866811 20.3100050025516 20.4277258184221 20.5454466342926 20.663167450163 20.7808882660335 20.917390680313 21.0601536273956 21.2029165744781 21.3456795215606 21.4884424686431 21.6312054157256 21.7739683628082 21.8810618400573 21.8811469078064 21.8812319755554 21.8813170433044 21.8814021110534 21.8814871788024 21.8815722465515 21.8816573143005 21.6031723340353 21.2318306710986 20.8604890081618 20.4891473452251 20.1178056822883 19.7464640193516 19.3751223564148 19.0176779852974 18.7019254896376
17.97616259257 18.1059406280518 18.2357186635335 18.3654966990153 18.4952747344971 18.6250527699788 18.7548308054606 18.904808139801 19.061518573761 19.2182290077209 19.3749394416809 19.5316498756408 19.6883603096008 19.8450707435608 20.001341454188 20.1562929948171 20.3112445354461 20.4661960760752 20.6211476167043 20.7760991573333 20.9310506979624 21.0860022385914 21.2418923854827 21.398095401128 21.5542984167734 21.7105014324187 21.8667044480641 22.0229074637094 22.1791104793548 22.2932489713032 22.281193892161 22.2691388130187 22.2570837338765 22.2450286547342 22.232973575592 22.2209184964497 22.2088634173075 21.899177646637 21.490281645457 21.0813856442769 20.672489643097 20.263593641917 19.8546976407369 19.4458016395569 19.0584777832032 18.7358703613282
17.7677279578315 17.9263128916423 18.084897825453 18.2434827592638 18.4020676930745 18.5606526268853 18.7192375606961 18.8827748934428 19.0479630258348 19.2131511582268 19.3783392906189 19.5435274230109 19.7087155554029 19.873903687795 20.0458403534359 20.2380226188235 20.4302048842112 20.6223871495988 20.8145694149865 21.0067516803741 21.1989339457617 21.3911162111494 21.5663940906524 21.7360371748605 21.9056802590687 22.0753233432769 22.2449664274851 22.4146095116932 22.5842525959014 22.7054361025492 22.6812408765157 22.6570456504821 22.6328504244486 22.6086551984151 22.5844599723815 22.560264746348 22.5360695203145 22.1951829592387 21.7487326198155 21.3022822803921 20.8558319409689 20.4093816015456 19.9629312621223 19.516480922699 19.099277581109 18.7698152330187
17.7924736870659 17.9509760538736 18.1094784206814 18.2679807874891 18.4264831542968 18.5849855211045 18.7434878879123 18.9125438690185 19.0851177215576 19.2576915740967 19.4302654266357 19.6028392791748 19.7754131317138 19.9479869842529 20.1305685838063 20.3431734244028 20.5557782649993 20.7683831055958 20.9809879461924 21.1935927867889 21.4061976273854 21.6188024679819 21.7990451971689 21.9685005558861 22.1379559146033 22.3074112733205 22.4768666320376 22.6463219907548 22.815777349472 22.9384133709802 22.9205913808611 22.902769390742 22.8849474006229 22.8671254105038 22.8493034203847 22.8314814302656 22.8136594401465 22.4552705764771 21.9833594216242 21.5114482667711 21.0395371119182 20.5676259570652 20.0957148022122 19.6238036473593 19.1835865762499 18.8384517563714
18.0503997802734 18.179930114746 18.3094604492187 18.4389907836914 18.568521118164 18.6980514526367 18.8275817871093 18.9941150665283 19.1729826609293 19.3518502553304 19.5307178497314 19.7095854441324 19.8884530385335 20.0673206329345 20.2555261452992 20.4717454115549 20.6879646778106 20.9041839440663 21.120403210322 21.3366224765777 21.5528417428334 21.7690610090891 21.9398457050323 22.0954855442047 22.251125383377 22.4067652225494 22.5624050617217 22.7180449008941 22.8736847400665 22.9921807765961 22.9992454051971 23.0063100337982 23.0133746623993 23.0204392910003 23.0275039196014 23.0345685482025 23.0416331768035 22.6794404983521 22.194162050883 21.7088836034139 21.2236051559449 20.7383267084758 20.2530482610067 19.7677698135377 19.311404768626 18.9417799313863
18.3083258734809 18.4088841756184 18.509442477756 18.6100007798936 18.7105590820312 18.8111173841688 18.9116756863064 19.075686264038 19.2608476003011 19.4460089365641 19.6311702728271 19.8163316090901 20.0014929453532 20.1866542816162 20.3804837067921 20.600317398707 20.8201510906219 21.0399847825368 21.2598184744517 21.4796521663665 21.6994858582814 21.9193195501963 22.0806462128957 22.2224705325232 22.3642948521508 22.5061191717783 22.6479434914059 22.7897678110334 22.931592130661 23.045948182212 23.0778994295332 23.1098506768544 23.1418019241757 23.1737531714969 23.2057044188181 23.2376556661394 23.2696069134606 22.9036104202271 22.404964680142 21.9063189400567 21.4076731999716 20.9090274598864 20.4103817198012 19.911735979716 19.439222961002 19.0451081064013
18.5662519666883 18.6378382364908 18.7094245062934 18.7810107760959 18.8525970458984 18.9241833157009 18.9957695855035 19.1572574615478 19.3487125396728 19.5401676177978 19.7316226959228 19.9230777740478 20.1145328521728 20.3059879302978 20.505441268285 20.7288893858591 20.9523375034332 21.1757856210072 21.3992337385813 21.6226818561553 21.8461299737294 22.0695780913035 22.221446720759 22.3494555208418 22.4774643209245 22.6054731210073 22.73348192109 22.8614907211727 22.9894995212555 23.0997155878279 23.1565534538693 23.2133913199107 23.2702291859521 23.3270670519934 23.3839049180348 23.4407427840762 23.4975806501176 23.1277803421021 22.6157673094009 22.1037542766995 21.5917412439983 21.079728211297 20.5677151785957 20.0557021458944 19.567041153378 19.1484362814162
18.8241780598958 18.8667922973632 18.9094065348307 18.9520207722981 18.9946350097656 19.037249247233 19.0798634847005 19.2388286590576 19.4365774790445 19.6343262990315 19.8320751190185 20.0298239390055 20.2275727589925 20.4253215789794 20.630398829778 20.8574613730112 21.0845239162444 21.3115864594777 21.5386490027109 21.7657115459441 21.9927740891774 22.2198366324106 22.3622472286224 22.4764405091603 22.5906337896982 22.7048270702362 22.8190203507741 22.933213631312 23.0474069118499 23.1534829934438 23.2352074782053 23.3169319629669 23.3986564477284 23.48038093249 23.5621054172515 23.6438299020131 23.7255543867746 23.3519502639771 22.8265699386598 22.3011896133423 21.775809288025 21.2504289627076 20.7250486373902 20.1996683120728 19.6948593457541 19.2517644564311
19.0821041531033 19.0957463582356 19.109388563368 19.1230307685004 19.1366729736328 19.1503151787652 19.1639573838976 19.3203998565673 19.5244424184163 19.7284849802653 19.9325275421142 20.1365701039632 20.3406126658121 20.5446552276611 20.7553563912709 20.9860333601633 21.2167103290557 21.4473872979481 21.6780642668406 21.908741235733 22.1394182046254 22.3700951735178 22.5030477364858 22.6034254974789 22.703803258472 22.8041810194651 22.9045587804582 23.0049365414513 23.1053143024444 23.2072503990597 23.3138615025414 23.4204726060231 23.5270837095048 23.6336948129865 23.7403059164683 23.84691701995 23.9535281234317 23.5761201858521 23.0373725679187 22.4986249499851 21.9598773320517 21.4211297141182 20.8823820961847 20.3436344782512 19.8226775381301 19.355092631446
19.2218487527635 19.2208431561788 19.219837559594 19.2188319630093 19.2178263664246 19.2168207698398 19.2158151732551 19.3727798938751 19.5824013868967 19.7920228799184 20.00164437294 20.2112658659617 20.4208873589833 20.630508852005 20.8468382093641 21.0832911597358 21.3197441101074 21.556197060479 21.7926500108507 22.0291029612223 22.2655559115939 22.5020088619656 22.6257297674815 22.7118733247121 22.7980168819427 22.8841604391734 22.970303996404 23.0564475536346 23.1425911108653 23.2316095881992 23.329252825843 23.4268960634867 23.5245393011305 23.6221825387743 23.7198257764181 23.8174690140618 23.9151122517056 23.5543535709382 23.0407942507004 22.5272349304624 22.0136756102245 21.5001162899866 20.9865569697487 20.4729976495108 19.9633669376374 19.4655220508576
19.2434118588765 19.2420826911926 19.2407535235087 19.2394243558248 19.2380951881409 19.2367660204569 19.235436852773 19.3959687709808 19.6104543844858 19.8249399979909 20.0394256114959 20.253911225001 20.468396838506 20.6828824520111 20.9048442840575 21.1492347717285 21.3936252593994 21.6380157470702 21.8824062347412 22.126796722412 22.3711872100829 22.6155776977539 22.7302933216095 22.80178399086 22.8732746601105 22.9447653293609 23.0162559986114 23.0877466678619 23.1592373371124 23.2265605608622 23.2813814481099 23.3362023353577 23.3910232226054 23.4458441098531 23.5006649971009 23.5554858843486 23.6103067715963 23.2866504192354 22.8368349870047 22.387019554774 21.9372041225434 21.4873886903128 21.0375732580821 20.5877578258515 20.116927544276 19.5830527146658
19.2649749649896 19.2633222262065 19.2616694874234 19.2600167486403 19.2583640098572 19.2567112710741 19.255058532291 19.4191576480865 19.6385073820749 19.8578571160634 20.0772068500518 20.2965565840403 20.5159063180287 20.7352560520172 20.962850358751 21.2151783837212 21.4675064086914 21.7198344336615 21.9721624586317 22.2244904836018 22.476818508572 22.7291465335422 22.8348568757375 22.8916946570078 22.9485324382782 23.0053702195485 23.0622080008189 23.1190457820892 23.1758835633596 23.2215115335253 23.2335100703769 23.2455086072286 23.2575071440803 23.269505680932 23.2815042177836 23.2935027546353 23.305501291487 23.0189472675325 22.6328757233091 22.2468041790857 21.8607326348623 21.474661090639 21.0885895464156 20.7025180021922 20.2704881509146 19.700583378474
19.2865380711026 19.2845617612203 19.282585451338 19.2806091414558 19.2786328315735 19.2766565216912 19.2746802118089 19.4423465251922 19.666560379664 19.8907742341359 20.1149880886077 20.3392019430796 20.5634157975514 20.7876296520233 21.0208564334445 21.2811219957139 21.5413875579833 21.8016531202528 22.0619186825222 22.3221842447916 22.582449807061 22.8427153693305 22.9394204298655 22.9816053231557 23.0237902164459 23.0659751097361 23.1081600030263 23.1503448963165 23.1925297896067 23.2164625061883 23.1856386926439 23.1548148790995 23.1239910655552 23.0931672520108 23.0623434384664 23.031519624922 23.0006958113777 22.7512441158296 22.4289164596135 22.1065888033973 21.7842611471813 21.4619334909652 21.139605834749 20.817278178533 20.4240487575532 19.8181140422822
