data/working_set_collections/6091692-Cassins_Sparrow-MC/1995/bio17.asc
NCOLS 265 
NROWS 230 
XLLCORNER -115.5625 
YLLCORNER 24.8333333333333 
CELLSIZE 0.0833333333333333 
NODATA_value -9999 
[rows 120 to 139 of 230, columns 92 to 137 of 265]
43.3514202223887 42.4037744416133 41.4561286608381 40.5084828800629 39.5608370992875 38.3013667424524 36.9379548602638 35.5745429780751 34.2111310958866 32.847719213698 31.4843073315093 30.1208954493208 29.3351465331182 30.2823865148756 31.2296264966328 32.17686647839 33.1241064601473 34.0713464419046 35.0185864236618 35.9658264054191 36.727805105845 37.4280300458271 38.1282549858092 38.8284799257913 39.5287048657733 40.2289298057555 40.9291547457376 41.3440043343439 40.902727868822 40.4614514033 40.0201749377782 39.5788984722563 39.1376220067343 38.6963455412124 38.2550690756905 37.7911341667177 37.3196464432612 36.8481587198048 36.3766709963482 35.9051832728918 35.4336955494353 34.9622078259788 34.568730624517 34.4092849890393 34.2498393535615 34.0903937180838
42.71862376531 41.5900968233747 40.4615698814396 39.3330429395044 38.2045159975691 36.9983690261845 35.7663487116501 34.5343283971154 33.3023080825809 32.0702877680465 30.8382674535118 29.6062471389773 28.9318838437397 29.9304916063944 30.929099369049 31.9277071317035 32.9263148943582 33.9249226570128 34.9235304196674 35.9221381823221 36.7167962074279 37.443470986684 38.1701457659403 38.8968205451964 39.6234953244525 40.3501701037088 41.0768448829649 41.4907275517782 40.966233889262 40.4417402267457 39.9172465642295 39.3927529017132 38.8682592391969 38.3437655766807 37.8192719141645 37.2862381935121 36.7503577868146 36.214477380117 35.6785969734194 35.1427165667219 34.6068361600243 34.0709557533267 33.6338995456697 33.4933159351351 33.3527323246004 33.2121487140657
42.0858273082313 40.776419205136 39.467011102041 38.1576029989459 36.8481948958506 35.6953713099166 34.5947425630362 33.4941138161556 32.3934850692752 31.2928563223948 30.1922275755143 29.0915988286339 28.5286211543611 29.5785966979132 30.6285722414651 31.678547785017 32.7285233285691 33.778498872121 34.8284744156729 35.878449959225 36.7057873090107 37.4589119275409 38.2120365460713 38.9651611646015 39.7182857831317 40.4714104016621 41.2245350201923 41.6374507692126 41.029739909702 40.4220290501913 39.8143181906808 39.2066073311702 38.5988964716595 37.9911856121489 37.3834747526383 36.7813422203066 36.1810691303679 35.5807960404293 34.9805229504905 34.3802498605519 33.7799767706132 33.1797036806745 32.6990684668225 32.5773468812308 32.4556252956392 32.3339037100476
41.4530308511526 39.9627415868974 38.4724523226424 36.9821630583874 35.4918737941321 34.3923735936486 33.4231364144223 32.4538992351958 31.4846620559695 30.5154248767432 29.5461876975167 28.5769505182904 28.1253584649826 29.226701789432 30.3280451138813 31.4293884383305 32.53073176278 33.6320750872292 34.7334184116785 35.8347617361279 36.6947784105935 37.4743528683979 38.2539273262023 39.0335017840066 39.8130762418109 40.5926506996154 41.3722251574197 41.784173986647 41.0932459301421 40.402317873637 39.7113898171321 39.0204617606271 38.3295337041221 37.6386056476171 36.9476775911122 36.276446247101 35.6117804739213 34.9471147007415 34.2824489275616 33.6177831543819 32.9531173812021 32.2884516080223 31.7642373879752 31.6613778273266 31.558518266678 31.4556587060294
40.820234394074 39.1490639686588 37.4778935432439 35.806723117829 34.1355526924138 33.0893758773807 32.2515302658085 31.4136846542361 30.5758390426639 29.7379934310916 28.9001478195192 28.062302207947 27.7220957756041 28.8748068809509 30.0275179862975 31.1802290916441 32.3329401969909 33.4856513023375 34.6383624076841 35.7910735130309 36.6837695121764 37.4897938092548 38.2958181063333 39.1018424034117 39.9078667004901 40.7138909975687 41.519915294647 41.9308972040814 41.1567519505821 40.3826066970827 39.6084614435834 38.8343161900841 38.0601709365847 37.2860256830854 36.5118804295861 35.7715502738955 35.0424918174746 34.3134333610538 33.5843749046328 32.855316448212 32.1262579917911 31.3971995353702 30.829406309128 30.7454087734224 30.6614112377168 30.5774137020113
40.1874379369953 38.3353863504201 36.4833347638453 34.6312831772704 32.7792315906953 31.7863781611128 31.0799241171946 30.3734700732763 29.6670160293582 28.96056198544 28.2541079415217 27.5476538976035 27.3188330862255 28.5229119724697 29.7269908587136 30.9310697449576 32.1351486312017 33.3392275174457 34.5433064036897 35.7473852899338 36.6727606137592 37.5052347501117 38.3377088864643 39.1701830228168 40.0026571591693 40.8351312955219 41.6676054318744 42.0776204215157 41.2202579710221 40.3628955205283 39.5055330700347 38.648170619541 37.7908081690472 36.9334457185536 36.0760832680599 35.2666543006899 34.473203161028 33.679752021366 32.8863008817039 32.092849742042 31.29939860238 30.505947462718 29.8945752302807 29.8294397195182 29.7643042087556 29.6991686979931
39.0939268324116 37.2284417894155 35.3629567464197 33.4974717034239 31.6319866604278 30.6939839204154 30.0651419480644 29.4362999757133 28.8074580033622 28.1786160310112 27.54977405866 26.920932086309 26.7526066886052 27.9658310148451 29.1790553410847 30.3922796673243 31.6055039935641 32.8187283198038 34.0319526460434 35.2451769722832 36.2349168936411 37.1501620133717 38.0654071331024 38.9806522528329 39.8958973725635 40.8111424922942 41.7263876120248 42.1881039513484 41.2892339494496 40.3903639475506 39.4914939456518 38.592623943753 37.693753941854 36.7948839399552 35.8960139380563 35.0429228305818 34.2050913545822 33.3672598785827 32.529428402583 31.6915969265834 30.8537654505838 30.0159339745841 29.3700004259746 29.2997606595358 29.229520893097 29.1592811266582
37.5397010803229 35.828230285645 34.1167594909673 32.4052886962896 30.6938179016117 29.812193155289 29.207183758418 28.602174361547 27.9971649646761 27.3921555678052 26.7871461709342 26.1821367740633 26.0234165827432 27.203564008077 28.3837114334106 29.5638588587442 30.744006284078 31.9241537094116 33.1043011347452 34.284448560079 35.3702383518219 36.4245755990345 37.4789128462473 38.53325009346 39.5875873406726 40.6419245878854 41.6962618350981 42.2623477935793 41.3636798858645 40.4650119781496 39.5663440704348 38.66767616272 37.769008255005 36.8703403472902 35.9716724395754 35.1003558635713 34.2381563981376 33.3759569327039 32.51375746727 31.6515580018363 30.7893585364026 29.9271590709688 29.2556818962098 29.1563715934754 29.057061290741 28.9577509880066
35.9854753282341 34.4280187818743 32.8705622355148 31.3131056891552 29.7556491427954 28.9304023901624 28.3492255687716 27.7680487473808 27.18687192599 26.6056951045992 26.0245182832084 25.4433414618176 25.2942264768811 26.4412970013088 27.5883675257364 28.735438050164 29.8825085745917 31.0295790990193 32.1766496234469 33.3237201478746 34.5055598100026 35.6989891846973 36.8924185593922 38.085847934087 39.2792773087817 40.4727066834766 41.6661360581714 42.3365916358102 41.4381258222794 40.5396600087485 39.6411941952178 38.742728381687 37.8442625681561 36.9457967546253 36.0473309410945 35.1577888965608 34.271221441693 33.3846539868251 32.4980865319571 31.6115190770893 30.7249516222215 29.8383841673535 29.1413633664449 29.012982527415 28.8846016883851 28.7562208493551
34.4312495761452 33.0278072781036 31.6243649800622 30.2209226820208 28.8174803839792 28.0486116250358 27.4912673791252 26.9339231332145 26.3765788873039 25.8192346413932 25.2618903954825 24.7045461495719 24.565036371019 25.6790299945407 26.7930236180622 27.9070172415838 29.0210108651055 30.135004488627 31.2489981121486 32.3629917356703 33.6408812681833 34.9734027703601 36.3059242725371 37.638445774714 38.9709672768908 40.3034887790679 41.6360102812447 42.4108354780411 41.5125717586944 40.6143080393475 39.7160443200007 38.817780600654 37.9195168813071 37.0212531619604 36.1229894426136 35.2152219295503 34.3042864852483 33.3933510409464 32.4824155966442 31.5714801523423 30.6605447080403 29.7496092637382 29.0270448366801 28.8695934613546 28.7121420860291 28.5546907107036
32.8770238240565 31.6275957743331 30.3781677246098 29.1287396748865 27.8793116251631 27.1668208599093 26.6333091894788 26.0997975190483 25.5662858486178 25.0327741781873 24.4992625077567 23.9657508373263 23.8358462651569 24.9167629877726 25.9976797103881 27.0785964330036 28.1595131556193 29.2404298782348 30.3213466008503 31.402263323466 32.776202726364 34.2478163560229 35.7194299856821 37.191043615341 38.6626572449999 40.1342708746591 41.605884504318 42.485079320272 41.5870176951093 40.6889560699464 39.7908944447837 38.892832819621 37.9947711944582 37.0967095692954 36.1986479441327 35.2726549625398 34.3373515288037 33.4020480950676 32.4667446613313 31.5314412275952 30.5961377938591 29.6608343601229 28.9127263069153 28.7262043952943 28.5396824836732 28.3531605720521
31.3227980719677 30.2273842705624 29.1319704691573 28.0365566677521 26.9411428663468 26.2850300947827 25.7753509998324 25.265671904882 24.7559928099316 24.2463137149813 23.7366346200309 23.2269555250806 23.1066561592948 24.1544959810045 25.202335802714 26.2501756244234 27.2980154461331 28.3458552678426 29.393695089552 30.4415349112617 31.9115241845447 33.5222299416857 35.132935698827 36.743641455968 38.354347213109 39.9650529702503 41.5757587273913 42.5593231625029 41.6614636315242 40.7636041005454 39.8657445695667 38.967885038588 38.0700255076092 37.1721659766305 36.2743064456518 35.3300879955293 34.3704165723591 33.4107451491888 32.4510737260184 31.4914023028482 30.5317308796779 29.5720594565075 28.7984077771505 28.5828153292339 28.3672228813172 28.1516304334005
29.8868815845917 28.9058153682287 27.9247491518659 26.9436829355031 25.9626167191402 25.357145881653 24.8768735037912 24.3966011259292 23.9163287480674 23.4360563702056 22.9557839923436 22.4755116144818 22.3703790134852 23.390665743086 24.4109524726867 25.4312392022873 26.4515259318881 27.4718126614888 28.4920993910894 29.5123861206902 31.0223248004912 32.6954807970256 34.3686367935604 36.0417927900948 37.7149487866293 39.388104783164 41.0612607796985 42.1063759803775 41.2673687934879 40.4283616065981 39.5893544197085 38.7503472328189 37.9113400459292 37.0723328590395 36.2333256721499 35.3054468790692 34.3479442172583 33.3904415554473 32.4329388936362 31.4754362318253 30.5179335700144 29.5604309082033 28.7805860890283 28.5337147977618 28.2868435064952 28.0399722152287
28.5692743619287 27.6628890673323 26.756503772736 25.8501184781396 24.9437331835432 24.3831682205203 23.9378767013552 23.4925851821901 23.0472936630251 22.6020021438601 22.156710624695 21.71141910553 21.6270148277282 22.6252722740174 23.6235297203064 24.6217871665954 25.6200446128845 26.6183020591736 27.6165595054626 28.6148169517517 30.1086045742034 31.7675689220426 33.4265332698822 35.0854976177214 36.7444619655607 38.4034263134002 40.0623906612395 41.1262377738956 40.4047331810001 39.6832285881045 38.961723995209 38.2402194023135 37.5187148094179 36.7972102165224 36.0757056236269 35.1987316131594 34.2699344635012 33.341137313843 32.4123401641847 31.4835430145266 30.5547458648684 29.6259487152101 28.8592612425487 28.578902800878 28.2985443592072 28.0181859175365
27.2516671392656 26.4199627664357 25.5882583936059 24.756554020776 23.9248496479461 23.4091905593874 22.9988798989192 22.588569238451 22.1782585779828 21.7679479175146 21.3576372570463 20.9473265965781 20.883650641971 21.8598788049486 22.836106967926 23.8123351309033 24.7885632938809 25.7647914568583 26.7410196198356 27.7172477828132 29.1948843479155 30.8396570470596 32.4844297462039 34.129202445348 35.773975144492 37.4187478436364 39.0635205427804 40.1460995674136 39.5420975685123 38.9380955696108 38.3340935707095 37.7300915718081 37.1260895729067 36.5220875740053 35.918085575104 35.0920163472495 34.1919247097441 33.2918330722388 32.3917414347332 31.4916497972279 30.5915581597225 29.6914665222169 28.9379363960691 28.6240908039942 28.3102452119192 27.9963996198443
25.9340599166026 25.1770364655391 24.4200130144758 23.6629895634124 22.905966112349 22.4352128982546 22.0598830964832 21.6845532947118 21.3092234929404 20.9338936911691 20.5585638893977 20.1832340876263 20.1402864562139 21.0944853358798 22.0486842155456 23.0028830952113 23.9570819748772 24.911280854543 25.8654797342087 26.8196786138746 28.2811641216276 29.9117451720765 31.5423262225256 33.1729072729745 34.8034883234233 36.4340693738725 38.0646504243213 39.1659613609316 38.6794619560244 38.1929625511171 37.7064631462099 37.2199637413027 36.7334643363954 36.2469649314882 35.760465526581 34.9853010813397 34.1139149559871 33.2425288306345 32.3711427052817 31.4997565799291 30.6283704545765 29.7569843292238 29.0166115495894 28.6692788071104 28.3219460646312 27.9746133221521
24.6164526939396 23.9341101646426 23.2517676353458 22.5694251060489 21.887082576752 21.4612352371218 21.1208862940473 20.7805373509727 20.4401884078982 20.0998394648236 19.759490521749 19.4191415786745 19.3969222704569 20.3290918668111 21.2612614631653 22.1934310595194 23.1256006558737 24.0577702522278 24.9899398485819 25.9221094449362 27.3674438953398 28.9838332970935 30.6002226988474 32.2166121006011 33.8330015023547 35.4493909041087 37.0657803058623 38.1858231544497 37.8168263435366 37.4478295326235 37.0788327217104 36.7098359107973 36.3408390998842 35.9718422889711 35.602845478058 34.8785858154298 34.03590520223 33.1932245890302 32.3505439758302 31.5078633626304 30.6651827494306 29.8225021362306 29.0952867031098 28.7144668102265 28.3336469173432 27.9528270244599
23.2988454712765 22.691183863746 22.0835222562157 21.4758606486853 20.8681990411549 20.487257575989 20.1818894916113 19.8765214072335 19.5711533228558 19.2657852384781 18.9604171541004 18.6550490697227 18.6535580846997 19.5636983977424 20.4738387107849 21.3839790238274 22.29411933687 23.2042596499125 24.114399962955 25.0245402759976 26.453723669052 28.0559214221104 29.6581191751692 31.2603169282276 32.8625146812861 34.4647124343448 36.0669101874032 37.2056849479677 36.9541907310488 36.7026965141298 36.4512022972108 36.1997080802919 35.9482138633729 35.696719646454 35.445225429535 34.77187054952 33.957895448473 33.1439203474259 32.3299452463787 31.5159701453317 30.7019950442846 29.8880199432374 29.1739618566302 28.7596548133427 28.3453477700552 27.9310407267677
22.201507078277 21.6511434846456 21.1007798910143 20.550416297383 20.0000527037516 19.6588139295579 19.3872834285102 19.1157529274624 18.8442224264146 18.5726919253668 18.301161424319 18.0296309232713 18.0520218902162 18.9561772611406 19.8603326320647 20.7644880029889 21.6686433739132 22.5727987448373 23.4769541157615 24.3811094866858 25.819303401311 27.4355101638367 29.0517169263626 30.6679236888883 32.284130451414 33.9003372139399 35.5165439764656 36.6903620931838 36.5370142724779 36.3836664517721 36.2303186310662 36.0769708103604 35.9236229896545 35.7702751689487 35.6169273482429 34.9679613431296 34.153789276547 33.3396172099645 32.5254451433818 31.7112730767993 30.8971010102168 30.0829289436341 29.3535443676843 28.878522263633 28.4035001595816 27.9284780555302
21.3244375149412 20.8139890273414 20.3035405397417 19.7930920521421 19.2826435645423 18.9759042978288 18.7370681047441 18.4982319116594 18.2593957185747 18.02055952549 17.7817233324052 17.5428871393205 17.5923136870065 18.5065284570058 19.4207432270049 20.3349579970041 21.2491727670033 22.1633875370025 23.0776023070016 23.9918170770009 25.4641830921171 27.1225995222724 28.781015952428 30.4394323825834 32.0978488127387 33.7562652428943 35.4146816730497 36.6398545900981 36.5652969678243 36.4907393455505 36.4161817232768 36.341624101003 36.2670664787292 36.1925088564554 36.1179512341817 35.4668581962586 34.6235866864523 33.7803151766461 32.9370436668397 32.0937721570334 31.2505006472271 30.4072291374207 29.6340342362723 29.0710691610973 28.5081040859223 27.9451390107474
