data/working_set_collections/6091692-Cassins_Sparrow-MC/1995/bio12.asc
NCOLS 265 
NROWS 230 
XLLCORNER -115.5625 
YLLCORNER 24.8333333333333 
CELLSIZE 0.0833333333333333 
NODATA_value -9999 
[rows 60 to 79 of 230, columns 138 to 183 of 265]
470.588964589438 468.443679555258 466.298394521079 464.153109486899 465.879282633464 468.895941840278 471.912601047092 474.929260253906 477.94591946072 480.962578667534 483.979237874349 487.290098317464 491.483562469482 495.6770266215 499.870490773518 504.063954925536 508.257419077555 512.450883229573 516.644347381591 519.569833374023 522.072659979926 524.575486585828 527.078313191731 529.581139797634 532.083966403536 534.58679300944 536.672271728515 537.505706787109 538.339141845703 539.172576904297 540.00601196289 540.839447021484 541.672882080078 542.506317138671 546.730429077147 552.084766642251 557.439104207355 562.79344177246 568.147779337564 573.502116902668 578.856454467772 584.814353095159 592.582934909394 600.351516723631 608.120098537867 615.888680352103
465.007423146567 463.012038421632 461.016653696697 459.021268971763 460.984637451172 464.267590332031 467.55054321289 470.83349609375 474.116448974609 477.399401855468 480.682354736328 484.300513458251 488.924289703368 493.548065948486 498.171842193603 502.79561843872 507.419394683837 512.043170928954 516.666947174071 519.835269165039 522.518439737955 525.201610310872 527.884780883788 530.567951456705 533.251122029621 535.934292602538 538.161501057942 539.020823160807 539.880145263671 540.739467366536 541.5987894694 542.458111572265 543.31743367513 544.176755777994 548.283547973632 553.472830200194 558.662112426756 563.851394653319 569.040676879881 574.229959106444 579.419241333007 585.251242065428 593.011398315427 600.771554565428 608.531710815428 616.291867065427
459.425881703696 457.580397288006 455.734912872316 453.889428456626 456.08999226888 459.639238823785 463.188485378689 466.737731933594 470.286978488498 473.836225043402 477.385471598307 481.310928599039 486.365016937255 491.419105275471 496.473193613687 501.527281951903 506.58137029012 511.635458628336 516.689546966551 520.100704956054 522.964219495984 525.827734035915 528.691248575846 531.554763115776 534.418277655706 537.281792195637 539.650730387369 540.535939534505 541.42114868164 542.306357828776 543.191566975911 544.076776123047 544.961985270182 545.847194417317 549.836666870116 554.860893758137 559.885120646157 564.909347534179 569.933574422199 574.95780131022 579.982028198241 585.688131035697 593.43986172146 601.191592407225 608.943323092989 616.695053778752
453.844340260825 452.148756154379 450.453172047934 448.757587941489 451.195347086588 455.010887315538 458.826427544487 462.641967773437 466.457508002387 470.273048231336 474.088588460286 478.321343739827 483.805744171141 489.290144602457 494.774545033772 500.258945465086 505.743345896402 511.227746327717 516.712146759032 520.36614074707 523.409999254014 526.453857760958 529.497716267903 532.541574774847 535.585433281792 538.629291788736 541.139959716797 542.051055908203 542.962152099609 543.873248291015 544.784344482421 545.695440673828 546.606536865234 547.51763305664 551.389785766601 556.248957316079 561.108128865558 565.967300415038 570.826471964517 575.685643513996 580.544815063476 586.125020005966 593.868325127493 601.611630249022 609.354935370549 617.098240492077
448.262798817954 446.717115020753 445.171431223553 443.625747426352 446.300701904297 450.382535807292 454.464369710286 458.546203613281 462.628037516276 466.70987141927 470.791705322266 475.331758880614 481.246471405028 487.161183929443 493.075896453856 498.99060897827 504.905321502685 510.820034027098 516.734746551512 520.631576538085 523.855779012043 527.079981486002 530.30418395996 533.528386433919 536.752588907876 539.976791381835 542.629189046223 543.566172281901 544.503155517578 545.440138753255 546.377121988932 547.314105224609 548.251088460286 549.188071695963 552.942904663085 557.637020874022 562.331137084959 567.025253295898 571.719369506835 576.413485717772 581.10760192871 586.561908976235 594.296788533526 602.031668090819 609.76654764811 617.501427205401
442.681257375083 441.285473887127 439.889690399171 438.493906911215 441.406056722005 445.754184299045 450.102311876084 454.450439453125 458.798567030165 463.146694607204 467.494822184245 472.342174021402 478.687198638915 485.032223256428 491.377247873941 497.722272491454 504.067297108967 510.41232172648 516.757346343992 520.897012329101 524.301558770073 527.706105211045 531.110651652018 534.51519809299 537.919744533962 541.324290974934 544.118418375651 545.081288655598 546.044158935546 547.007029215494 547.969899495442 548.93276977539 549.895640055338 550.858510335286 554.496023559569 559.025084431965 563.55414530436 568.083206176757 572.612267049152 577.141327921548 581.670388793944 586.998797946504 594.725251939559 602.451705932616 610.178159925671 617.904613918726
440.125166405572 438.668582407634 437.211998409695 435.755414411757 438.757914733886 443.246776496039 447.735638258191 452.224500020344 456.713361782497 461.202223544649 465.691085306803 470.723541853162 477.386782752141 484.050023651122 490.713264550102 497.376505449081 504.039746348062 510.702987247042 517.366228146021 521.732112630208 525.332211642794 528.932310655381 532.532409667968 536.132508680555 539.732607693141 543.332706705728 546.270321316189 547.220482720269 548.170644124348 549.120805528428 550.070966932508 551.021128336588 551.971289740668 552.921451144748 556.432524108886 560.79723425971 565.161944410534 569.52665456136 573.891364712184 578.256074863009 582.620785013834 587.824275207518 595.544105529783 603.263935852049 610.983766174314 618.70359649658
440.594525909424 438.866440582276 437.138355255127 435.410269927979 438.356275939941 442.860312398274 447.364348856607 451.868385314941 456.372421773274 460.876458231607 465.380494689941 470.475862375894 477.345223744708 484.214585113524 491.083946482339 497.953307851154 504.822669219969 511.692030588784 518.561391957599 523.136877441405 526.947737630207 530.758597819009 534.569458007811 538.380318196613 542.191178385415 546.002038574218 549.084897867838 549.983754475911 550.882611083984 551.781467692057 552.680324300129 553.579180908202 554.478037516275 555.376894124348 558.752406311034 562.953470357258 567.154534403482 571.355598449706 575.55666249593 579.757726542153 583.958790588378 589.038340759275 596.753349304197 604.46835784912 612.183366394041 619.898374938962
441.063885413276 439.064298756918 437.064712100559 435.065125444201 437.954637145995 442.473848300509 446.993059455023 451.512270609537 456.031481764051 460.550692918564 465.069904073079 470.228182898626 477.303664737276 484.379146575926 491.454628414576 498.530110253226 505.605592091877 512.681073930527 519.756555769176 524.541642252603 528.56326361762 532.584884982638 536.606506347655 540.628127712672 544.649749077689 548.671370442707 551.899474419487 552.747026231553 553.594578043619 554.442129855685 555.289681667751 556.137233479817 556.984785291883 557.832337103949 561.072288513183 565.109706454806 569.147124396429 573.184542338053 577.221960279675 581.259378221299 585.296796162922 590.252406311033 597.962593078611 605.67277984619 613.382966613768 621.093153381345
441.533244917128 439.26215693156 436.991068945991 434.719980960423 437.55299835205 442.087384202744 446.621770053438 451.156155904133 455.690541754828 460.224927605522 464.759313456217 469.980503421358 477.262105729843 484.543708038329 491.825310346814 499.106912655298 506.388514963784 513.670117272269 520.951719580754 525.946407063801 530.178789605034 534.411172146266 538.643554687499 542.875937228731 547.108319769964 551.340702311197 554.714050971137 555.510297987196 556.306545003255 557.102792019314 557.899039035373 558.695286051432 559.491533067491 560.28778008355 563.392170715331 567.265942552354 571.139714389376 575.013486226399 578.887258063421 582.761029900444 586.634801737467 591.466471862791 599.171836853025 606.87720184326 614.582566833494 622.287931823728
442.00260442098 439.460015106202 436.917425791423 434.374836476645 437.151359558105 441.70092010498 446.250480651854 450.80004119873 455.349601745604 459.899162292479 464.448722839355 469.73282394409 477.22054672241 484.708269500731 492.195992279051 499.683715057371 507.171437835692 514.659160614012 522.146883392332 527.351171874999 531.794315592447 536.237459309894 540.680603027343 545.12374674479 549.566890462238 554.010034179686 557.528627522786 558.273569742838 559.01851196289 559.763454182942 560.508396402994 561.253338623046 561.998280843098 562.74322306315 565.71205291748 569.422178649901 573.132304382323 576.842430114745 580.552555847167 584.262681579589 587.972807312011 592.680537414549 600.381080627439 608.081623840331 615.782167053221 623.482710266111
442.471963924833 439.657873280844 436.843782636855 434.029691992867 436.749720764159 441.314456007215 445.87919125027 450.443926493326 455.008661736381 459.573396979437 464.138132222493 469.485144466822 477.178987714977 484.872830963133 492.566674211288 500.260517459443 507.9543607076 515.648203955754 523.342047203909 528.755936686197 533.40984157986 538.063746473523 542.717651367186 547.371556260849 552.025461154512 556.679366048176 560.343204074435 561.03684149848 561.730478922526 562.424116346571 563.117753770616 563.811391194661 564.505028618706 565.198666042751 568.031935119628 571.578414747449 575.12489437527 578.671374003092 582.217853630913 585.764333258734 589.310812886555 593.894602966307 601.590324401853 609.286045837401 616.981767272947 624.677488708494
446.060714043511 442.966586303711 439.87245856391 436.77833082411 439.289350128172 443.66875178019 448.048153432208 452.427555084227 456.806956736245 461.186358388263 465.565760040282 470.791345723468 478.55548350016 486.319621276854 494.083759053546 501.847896830238 509.612034606932 517.376172383624 525.140310160317 530.798356119791 535.754371473523 540.710386827255 545.666402180988 550.622417534721 555.578432888453 560.534448242186 564.365086025661 564.819591098361 565.274096171061 565.72860124376 566.18310631646 566.63761138916 567.092116461859 567.546621534559 570.342812093098 573.919564480251 577.496316867403 581.073069254556 584.649821641709 588.226574028861 591.803326416015 596.39056786431 604.009276496037 611.627985127765 619.246693759492 626.865402391219
452.768854777018 449.386154174804 446.003453572591 442.620752970378 444.770247650145 448.763807423908 452.757367197671 456.750926971434 460.744486745197 464.73804651896 468.731606292723 473.651427714028 481.35003407796 489.048640441893 496.747246805825 504.445853169757 512.14445953369 519.843065897621 527.541672261553 533.47843017578 538.827905273436 544.177380371092 549.526855468748 554.876330566404 560.22580566406 565.575280761717 569.594273376464 569.62181854248 569.649363708495 569.676908874511 569.704454040527 569.731999206542 569.759544372558 569.787089538574 572.64468383789 576.445627848306 580.246571858722 584.04751586914 587.848459879556 591.649403889972 595.450347900389 600.168432108559 607.637936909991 615.107441711424 622.576946512856 630.046451314288
459.476995510525 455.805722045898 452.134448581272 448.463175116645 450.251145172118 453.858863067625 457.466580963133 461.074298858641 464.682016754149 468.289734649657 471.897452545165 476.511509704588 484.144584655759 491.777659606932 499.410734558103 507.043809509275 514.676884460448 522.309959411619 529.94303436279 536.15850423177 541.901439073349 547.644373914928 553.387308756509 559.130243598088 564.873178439668 570.616113281248 574.823460727267 574.424045986599 574.02463124593 573.625216505262 573.225801764594 572.826387023925 572.426972283257 572.027557542589 574.946555582681 578.971691216361 582.996826850042 587.021962483723 591.047098117403 595.072233751083 599.097369384764 603.946296352808 611.266597323945 618.586898295083 625.90719926622 633.227500237356
466.185136244032 462.225289916992 458.265443589952 454.305597262913 455.732042694091 458.953918711343 462.175794728596 465.397670745849 468.619546763101 471.841422780353 475.063298797606 479.371591695148 486.939135233559 494.506678771971 502.074222310382 509.641765848793 517.209309387206 524.776852925617 532.344396464028 538.838578287759 544.974972873262 551.111367458765 557.247762044269 563.384156629772 569.520551215276 575.65694580078 580.05264807807 579.226273430718 578.399898783366 577.573524136013 576.747149488661 575.920774841308 575.094400193956 574.268025546604 577.248427327473 581.497754584417 585.747081841361 589.996409098306 594.24573635525 598.495063612195 602.74439086914 607.724160597057 614.895257737899 622.066354878742 629.237452019583 636.408549160425
472.893276977539 468.644857788086 464.396438598633 460.14801940918 461.212940216063 464.04897435506 466.885008494058 469.721042633055 472.557076772053 475.39311091105 478.229145050048 482.231673685707 489.733685811358 497.23569793701 504.737710062661 512.239722188311 519.741734313963 527.243746439614 534.745758565264 541.518652343748 548.048506673175 554.578361002602 561.108215332029 567.638069661456 574.167923990883 580.697778320311 585.281835428873 584.028500874837 582.7751663208 581.521831766764 580.268497212728 579.015162658691 577.761828104655 576.508493550618 579.550299072265 584.023817952473 588.49733683268 592.970855712889 597.444374593097 601.917893473305 606.391412353514 611.502024841306 618.523918151853 625.545811462401 632.567704772947 639.589598083494
479.601417711046 475.064425659179 470.527433607314 465.990441555447 466.693837738036 469.144029998778 471.59422225952 474.044414520263 476.494606781005 478.944799041747 481.394991302489 485.091755676267 492.528236389158 499.964717102049 507.401197814939 514.83767852783 522.274159240721 529.710639953611 537.147120666501 544.198726399738 551.122040473088 558.045354546438 564.96866861979 571.89198269314 578.81529676649 585.738610839842 590.511022779676 588.830728318956 587.150433858235 585.470139397515 583.789844936795 582.109550476074 580.429256015354 578.748961554633 581.852170817056 586.549881320528 591.247591824 595.945302327473 600.643012830945 605.340723334417 610.038433837889 615.279889085556 622.152578565807 629.025268046059 635.897957526311 642.770647006562
484.755039808486 480.049299112956 475.343558417427 470.637817721898 471.112902069091 473.314928097194 475.516954125297 477.718980153401 479.921006181504 482.123032209607 484.325058237711 487.799098036022 495.089179144963 502.379260253905 509.669341362845 516.959422471786 524.249503580728 531.539584689668 538.829665798609 545.9439066569 552.999534098306 560.055161539712 567.110788981119 574.166416422524 581.22204386393 588.277671305337 593.075547620986 591.100170559354 589.124793497722 587.14941643609 585.174039374458 583.198662312826 581.223285251194 579.247908189562 582.422550964355 587.313867017957 592.205183071559 597.096499125162 601.987815178764 606.879131232366 611.770447285969 617.145606994627 623.972297668455 630.798988342284 637.625679016112 644.45236968994
488.354143269858 483.599478149414 478.844813028972 474.090147908529 474.470133209228 476.561668650308 478.653204091389 480.74473953247 482.83627497355 484.927810414631 487.019345855712 490.353700764972 497.416514078774 504.479327392577 511.542140706378 518.60495402018 525.667767333983 532.730580647785 539.793393961586 546.754193115233 553.680987548826 560.60778198242 567.534576416014 574.461370849608 581.388165283201 588.314959716796 592.9754099528 590.836827596029 588.698245239258 586.559662882488 584.421080525717 582.282498168946 580.143915812175 578.005333455405 581.26143951416 586.315775044758 591.370110575357 596.424446105956 601.478781636555 606.533117167153 611.587452697753 617.099178568521 623.983075459796 630.866972351073 637.750869242349 644.634766133624
