data/working_set_collections/6091692-Cassins_Sparrow-MC/1995/bio10.asc
NCOLS 265 
NROWS 230 
XLLCORNER -115.5625 
YLLCORNER 24.8333333333333 
CELLSIZE 0.0833333333333333 
NODATA_value -9999 
[rows 140 to 159 of 230, columns 92 to 137 of 265]
26.0477271821763 26.1803281360202 26.312929089864 26.4455300437079 26.5781309975518 26.6525603771209 26.7075992319319 26.7626380867428 26.8176769415537 26.8727157963646 26.9277546511756 26.9827935059865 27.0086300955878 26.9468598895603 26.8850896835327 26.8233194775052 26.7615492714776 26.69977906545 26.6380088594225 26.5762386533949 26.375231218338 26.1278113736047 25.8803915288713 25.632971684138 25.3855518394047 25.1381319946713 24.8907121499379 24.7340563721126 24.8496927950117 24.9653292179107 25.0809656408097 25.1966020637088 25.3122384866078 25.4278749095069 25.5435113324059 25.7626125017801 26.0162019199794 26.2697913381788 26.5233807563781 26.7769701745774 27.0305595927768 27.2841490109761 27.4990859879388 27.5980656411912 27.6970452944437 27.7960249476962
26.2763494067721 26.4012501822577 26.5261509577433 26.6510517332288 26.7759525087144 26.8380766391754 26.8792752212948 26.9204738034142 26.9616723855336 27.002870967653 27.0440695497725 27.0852681318919 27.1011524412367 27.0410939322578 26.9810354232788 26.9209769142999 26.8609184053209 26.800859896342 26.740801387363 26.6807428783841 26.5007874965668 26.2808664904701 26.0609454843733 25.8410244782766 25.6211034721799 25.4011824660831 25.1812614599864 25.0394035710228 25.1317350334591 25.2240664958953 25.3163979583316 25.4087294207678 25.5010608832041 25.5933923456404 25.6857238080766 25.8814991315205 26.111755741967 26.3420123524135 26.5722689628601 26.8025255733066 27.032782183753 27.2630387941996 27.4666305647956 27.5902278158399 27.7138250668843 27.8374223179287
26.5049716313679 26.6221722284952 26.7393728256225 26.8565734227498 26.9737740198771 27.0235929012298 27.0509512106577 27.0783095200856 27.1056678295135 27.1330261389414 27.1603844483693 27.1877427577972 27.1936747868856 27.1353279749552 27.0769811630249 27.0186343510946 26.9602875391642 26.9019407272339 26.8435939153035 26.7852471033732 26.6263437747955 26.4339216073354 26.2414994398753 26.0490772724152 25.856655104955 25.6642329374949 25.4718107700348 25.344750769933 25.4137772719065 25.48280377388 25.5518302758534 25.6208567778269 25.6898832798004 25.7589097817738 25.8279362837473 26.0003857612609 26.2073095639546 26.4142333666483 26.621157169342 26.8280809720357 27.0350047747294 27.2419285774231 27.4341751416524 27.5823899904886 27.7306048393249 27.8788196881612
26.7335938559638 26.8430942747328 26.9525946935017 27.0620951122707 27.1715955310397 27.2091091632843 27.2226272000207 27.236145236757 27.2496632734934 27.2631813102298 27.2766993469662 27.2902173837026 27.2861971325345 27.2295620176527 27.172926902771 27.1162917878893 27.0596566730075 27.0030215581258 26.9463864432441 26.8897513283624 26.7519000530243 26.5869767242008 26.4220533953773 26.2571300665538 26.0922067377302 25.9272834089067 25.7623600800832 25.6500979688432 25.6958195103539 25.7415410518646 25.7872625933753 25.832984134886 25.8787056763967 25.9244272179073 25.970148759418 26.1192723910013 26.3028633859422 26.486454380883 26.6700453758239 26.8536363707648 27.0372273657057 27.2208183606465 27.4017197185092 27.5745521651373 27.7473846117655 27.9202170583936
26.8572715547349 26.9660431120131 27.0748146692912 27.1835862265693 27.2923577838474 27.3241256872813 27.3302257061005 27.3363257249196 27.3424257437388 27.348525762558 27.3546257813772 27.3607258001963 27.3513881100549 27.2957372930315 27.2400864760081 27.1844356589847 27.1287848419613 27.073134024938 27.0174832079146 26.9618323908912 26.8372296333313 26.6896428955926 26.5420561578539 26.3944694201152 26.2468826823765 26.0992959446377 25.951709206899 25.8481893645392 25.8768702083164 25.9055510520935 25.9342318958706 25.9629127396477 25.9915935834249 26.020274427202 26.0489552709791 26.183944606781 26.3543701065911 26.5247956064012 26.6952211062113 26.8656466060214 27.0360721058315 27.2064976056417 27.3821232000986 27.5733490784962 27.7645749568939 27.9558008352915
26.8760047276814 26.9910187403361 27.1060327529907 27.2210467656453 27.3360607782999 27.3686424732208 27.3737467288971 27.3788509845734 27.3839552402496 27.3890594959259 27.3941637516022 27.3992680072784 27.3892477194468 27.3338538010915 27.2784598827362 27.2230659643809 27.1676720460256 27.1122781276703 27.056884209315 27.0014902909597 26.8823325157166 26.7419201215108 26.6015077273051 26.4610953330994 26.3206829388937 26.1802705446879 26.0398581504822 25.9390249570211 25.9569293657938 25.9748337745666 25.9927381833394 26.0106425921122 26.028547000885 26.0464514096578 26.0643558184306 26.1944024085998 26.3618297259012 26.5292570432027 26.6966843605041 26.8641116778055 27.031538995107 27.1989663124084 27.3753855864206 27.5787807305653 27.78217587471 27.9855710188547
26.894737900628 27.0159943686591 27.1372508366902 27.2585073047214 27.3797637727525 27.4131592591604 27.4172677516937 27.4213762442271 27.4254847367605 27.4295932292938 27.4337017218272 27.4378102143605 27.4271073288388 27.3719703091515 27.3168332894643 27.2616962697771 27.2065592500899 27.1514222304026 27.0962852107154 27.0411481910282 26.9274353981018 26.7941973474291 26.6609592967563 26.5277212460836 26.3944831954109 26.2612451447381 26.1280070940654 26.0298605495029 26.0369885232713 26.0441164970398 26.0512444708082 26.0583724445767 26.0655004183451 26.0726283921136 26.079756365882 26.2048602104187 26.3692893452114 26.5337184800042 26.6981476147969 26.8625767495897 27.0270058843824 27.1914350191752 27.3686479727427 27.5842123826344 27.7997767925262 28.015341202418
26.9134710735745 27.0409699969821 27.1684689203898 27.2959678437974 27.4234667672051 27.4576760450999 27.4607887744903 27.4639015038808 27.4670142332713 27.4701269626617 27.4732396920522 27.4763524214427 27.4649669382307 27.4100868172116 27.3552066961924 27.3003265751733 27.2454464541541 27.190566333135 27.1356862121158 27.0808060910967 26.9725382804871 26.8464745733473 26.7204108662076 26.5943471590678 26.468283451928 26.3422197447883 26.2161560376485 26.1206961419847 26.1170476807488 26.1133992195129 26.109750758277 26.1061022970411 26.1024538358053 26.0988053745694 26.0951569133335 26.2153180122375 26.3767489645216 26.5381799168056 26.6996108690897 26.8610418213738 27.0224727736579 27.183903725942 27.3619103590647 27.5896440347035 27.8173777103424 28.0451113859812
26.932204246521 27.0659456253052 27.1996870040893 27.3334283828735 27.4671697616577 27.5021928310394 27.504309797287 27.5064267635345 27.5085437297821 27.5106606960297 27.5127776622772 27.5148946285248 27.5028265476227 27.4482033252716 27.3935801029205 27.3389568805695 27.2843336582184 27.2297104358673 27.1750872135162 27.1204639911652 27.0176411628723 26.8987517992656 26.7798624356588 26.660973072052 26.5420837084452 26.4231943448385 26.3043049812317 26.2115317344665 26.1971068382263 26.1826819419861 26.1682570457458 26.1538321495056 26.1394072532654 26.1249823570251 26.1105574607849 26.2257758140564 26.3842085838318 26.5426413536071 26.7010741233825 26.8595068931579 27.0179396629333 27.1763724327087 27.3551727453867 27.5950756867726 27.8349786281585 28.0748815695444
26.9509374194675 27.0909212536282 27.2309050877889 27.3708889219496 27.5108727561103 27.546709616979 27.5478308200836 27.5489520231883 27.5500732262929 27.5511944293976 27.5523156325022 27.5534368356069 27.5406861570146 27.4863198333316 27.4319535096486 27.3775871859657 27.3232208622827 27.2688545385997 27.2144882149167 27.1601218912337 27.0627440452576 26.9510290251838 26.83931400511 26.7275989850362 26.6158839649624 26.5041689448886 26.3924539248149 26.3023673269484 26.2771659957038 26.2519646644592 26.2267633332146 26.2015620019701 26.1763606707255 26.1511593394809 26.1259580082364 26.2362336158752 26.3916682031419 26.5471027904086 26.7025373776753 26.857971964942 27.0134065522087 27.1688411394755 27.3484351317087 27.6005073388417 27.8525795459747 28.1046517531076
26.9185725477007 27.0586503717634 27.1987281958262 27.338806019889 27.4788838439518 27.5202065467835 27.5286108758715 27.5370152049595 27.5454195340475 27.5538238631354 27.5622281922234 27.5706325213114 27.5624251418644 27.504382636812 27.4463401317597 27.3882976267073 27.3302551216549 27.2722126166026 27.2141701115502 27.1561276064979 27.0627478122711 26.9575889216529 26.8524300310347 26.7472711404165 26.6421122497983 26.53695335918 26.4317944685618 26.3458326445686 26.3174620204502 26.2890913963318 26.2607207722134 26.232350148095 26.2039795239766 26.1756088998583 26.1472382757399 26.2436367193858 26.3816248522864 26.5196129851871 26.6576011180878 26.7955892509884 26.9335773838891 27.0715655167898 27.2390541447533 27.4950442579057 27.7510343710581 28.0070244842105
26.8351096312205 26.9691329797109 27.1031563282013 27.2371796766917 27.3712030251821 27.4226836204529 27.4466499646505 27.4706163088481 27.4945826530457 27.5185489972432 27.5425153414408 27.5664816856384 27.5680435021719 27.5023917357127 27.4367399692536 27.3710882027944 27.3054364363353 27.2397846698761 27.174132903417 27.1084811369578 27.017652463913 26.9184314886729 26.8192105134328 26.7199895381928 26.6207685629527 26.5215475877126 26.4223266124726 26.3419276873271 26.3179949124654 26.2940621376038 26.2701293627421 26.2461965878805 26.2222638130188 26.1983310381571 26.1743982632955 26.247985124588 26.3540785312652 26.4601719379425 26.5662653446197 26.672358751297 26.7784521579742 26.8845455646515 27.0270297845204 27.2786864439646 27.5303431034088 27.781999762853
26.7516467147403 26.8796155876583 27.0075844605764 27.1355533334944 27.2635222064124 27.3251606941223 27.3646890534295 27.4042174127367 27.4437457720439 27.483274131351 27.5228024906582 27.5623308499654 27.5736618624793 27.5004008346134 27.4271398067474 27.3538787788815 27.2806177510156 27.2073567231496 27.1340956952837 27.0608346674178 26.9725571155548 26.8792740556929 26.785990995831 26.6927079359691 26.5994248761071 26.5061418162452 26.4128587563833 26.3380227300856 26.3185278044807 26.2990328788757 26.2795379532708 26.2600430276659 26.240548102061 26.221053176456 26.2015582508511 26.2523335297902 26.3265322102441 26.4007308906979 26.4749295711517 26.5491282516056 26.6233269320594 26.6975256125132 26.8150054242876 27.0623286300235 27.3096518357595 27.5569750414954
26.6681837982601 26.7900981956058 26.9120125929515 27.0339269902971 27.1558413876428 27.2276377677918 27.2827281422085 27.3378185166253 27.3929088910421 27.4479992654588 27.5030896398756 27.5581800142924 27.5792802227868 27.4984099335141 27.4175396442413 27.3366693549686 27.2557990656959 27.1749287764232 27.0940584871504 27.0131881978777 26.9274617671967 26.8401166227129 26.7527714782291 26.6654263337453 26.5780811892616 26.4907360447778 26.403390900294 26.3341177728441 26.3190606964959 26.3040036201477 26.2889465437995 26.2738894674513 26.2588323911031 26.2437753147549 26.2287182384067 26.2566819349925 26.2989858892229 26.3412898434533 26.3835937976837 26.4258977519141 26.4682017061446 26.510505660375 26.6029810640547 26.8459708160824 27.0889605681102 27.3319503201379
26.58472088178 26.7005808035533 26.8164407253265 26.9323006470998 27.0481605688731 27.1301148414612 27.2007672309875 27.2714196205139 27.3420720100403 27.4127243995666 27.483376789093 27.5540291786194 27.5848985830943 27.4964190324148 27.4079394817352 27.3194599310557 27.2309803803762 27.1425008296967 27.0540212790172 26.9655417283376 26.8823664188385 26.8009591897329 26.7195519606273 26.6381447315216 26.556737502416 26.4753302733104 26.3939230442047 26.3302128156026 26.3195935885112 26.3089743614197 26.2983551343282 26.2877359072367 26.2771166801453 26.2664974530538 26.2558782259623 26.2610303401947 26.2714395682017 26.2818487962087 26.2922580242157 26.3026672522227 26.3130764802297 26.3234857082367 26.3909567038218 26.6296130021413 26.8682693004608 27.1069255987803
26.5012579652998 26.6110634115007 26.7208688577016 26.8306743039025 26.9404797501034 27.0325919151306 27.1188063197666 27.2050207244025 27.2912351290385 27.3774495336744 27.4636639383104 27.5498783429464 27.5905169434018 27.4944281313155 27.3983393192291 27.3022505071428 27.2061616950565 27.1100728829702 27.0139840708839 26.9178952587976 26.8372710704804 26.7618017567529 26.6863324430254 26.6108631292979 26.5353938155704 26.4599245018429 26.3844551881155 26.3263078583611 26.3201264805264 26.3139451026916 26.3077637248569 26.3015823470222 26.2954009691874 26.2892195913527 26.2830382135179 26.2653787453969 26.2438932471805 26.2224077489641 26.2009222507477 26.1794367525313 26.1579512543149 26.1364657560985 26.1789323435889 26.4132551882002 26.6475780328115 26.8819008774227
26.3651605712043 26.48382669025 26.6024928092957 26.7211589283413 26.839825047387 26.9410430749257 27.0364450719621 27.1318470689986 27.227249066035 27.3226510630714 27.4180530601078 27.5134550571442 27.5603113810222 27.4615306854248 27.3627499898275 27.2639692942302 27.1651885986328 27.0664079030355 26.9676272074382 26.8688465118408 26.7914646307628 26.7212156878578 26.6509667449527 26.5807178020477 26.5104688591428 26.4402199162377 26.3699709733327 26.3177557680342 26.3196417755551 26.321527783076 26.3234137905969 26.3252997981177 26.3271858056386 26.3290718131595 26.3309578206804 26.294840780894 26.2460560586717 26.1972713364495 26.1484866142273 26.0997018920051 26.0509171697829 26.0021324475607 26.0191206561194 26.2334276570214 26.4477346579234 26.6620416588253
26.1764286994934 26.318870639801 26.4613125801086 26.6037545204163 26.7461964607239 26.8554683208466 26.9536834875743 27.051898654302 27.1501138210297 27.2483289877574 27.3465441544851 27.4447593212128 27.4942818959554 27.3977266947429 27.3011714935303 27.2046162923177 27.1080610911052 27.0115058898926 26.91495068868 26.8183954874675 26.7449470996857 26.6792009830475 26.6134548664093 26.5477087497711 26.481962633133 26.4162165164948 26.3504703998566 26.3045565446218 26.3181394735972 26.3317224025726 26.345305331548 26.3588882605235 26.3724711894989 26.3860541184743 26.3996370474497 26.3494164466858 26.2779280026754 26.206439558665 26.1349511146546 26.0634626706441 25.9919742266337 25.9204857826233 25.9115216414134 26.0901304086049 26.2687391757965 26.4473479429881
25.9876968277825 26.1539145893521 26.3201323509216 26.4863501124912 26.6525678740607 26.7698935667674 26.8709219031864 26.9719502396054 27.0729785760244 27.1740069124434 27.2750352488624 27.3760635852814 27.4282524108887 27.3339227040609 27.2395929972331 27.1452632904053 27.0509335835775 26.9566038767497 26.8622741699219 26.7679444630941 26.6984295686086 26.6371862782373 26.5759429878659 26.5146996974945 26.4534564071232 26.3922131167518 26.3309698263804 26.2913573212094 26.3166371716393 26.3419170220693 26.3671968724992 26.3924767229292 26.4177565733592 26.4430364237891 26.4683162742191 26.4039921124776 26.309799946679 26.2156077808804 26.1214156150818 26.0272234492832 25.9330312834846 25.838839117686 25.8039226267073 25.9468331601884 26.0897436936696 26.2326542271508
25.7989649560716 25.9889585389031 26.1789521217346 26.3689457045661 26.5589392873976 26.6843188126882 26.7881603187985 26.8920018249088 26.9958433310191 27.0996848371294 27.2035263432397 27.30736784935 27.362222925822 27.2701187133789 27.1780145009359 27.0859102884929 26.9938060760498 26.9017018636068 26.8095976511638 26.7174934387207 26.6519120375316 26.595171573427 26.5384311093225 26.4816906452179 26.4249501811134 26.3682097170088 26.3114692529043 26.278158097797 26.3151348696815 26.3521116415659 26.3890884134504 26.4260651853349 26.4630419572194 26.5000187291039 26.5369955009884 26.4585677782695 26.3416718906827 26.2247760030959 26.1078801155091 25.9909842279223 25.8740883403355 25.7571924527487 25.6963236120012 25.803535911772 25.9107482115428 26.0179605113136
