data/working_set_collections/6091692-Cassins_Sparrow-MC/1995/bio1.asc
NCOLS 265 
NROWS 230 
XLLCORNER -115.5625 
YLLCORNER 24.8333333333333 
CELLSIZE 0.0833333333333333 
NODATA_value -9999 
[rows 120 to 139 of 230, columns 0 to 45 of 265]
21.007528675927 21.1990754763285 21.39062227673 21.5821690771315 21.7737158775329 21.9652626779344 22.1568094783359 22.2612054189046 22.3365510728624 22.4118967268202 22.487242380778 22.5625880347358 22.6379336886936 22.7132793426514 22.7330084323883 22.5858878294627 22.4387672265371 22.2916466236115 22.1445260206858 21.9974054177602 21.8502848148346 21.703164211909 21.549471839269 21.3935888767243 21.2377059141795 21.0818229516347 20.92593998909 20.7700570265452 20.6141740640004 20.4756924364302 20.3894148137834 20.3031371911366 20.2168595684899 20.1305819458431 20.0443043231964 19.9580267005496 19.8717490779029 19.7756295204162 19.676229317983 19.5768291155497 19.4774289131164 19.3780287106831 19.2786285082499 19.1792283058166 19.0195357375675 18.6789660718706
21.152957757314 21.3294785499572 21.5059993426004 21.6825201352437 21.8590409278869 22.0355617205301 22.2120825131734 22.3062393188476 22.3729414621989 22.4396436055501 22.5063457489014 22.5730478922526 22.6397500356038 22.7064521789551 22.7202867666881 22.5755186875661 22.4307506084442 22.2859825293223 22.1412144502004 21.9964463710785 21.8516782919566 21.7069102128347 21.5885579586029 21.4790109793345 21.3694640000661 21.2599170207977 21.1503700415293 21.0408230622609 20.9312760829925 20.8334465821584 20.7707695166269 20.7080924510955 20.6454153855641 20.5827383200327 20.5200612545013 20.4573841889699 20.3947071234384 20.3082884788512 20.2139559745788 20.1196234703063 20.0252909660339 19.9309584617614 19.8366259574889 19.7422934532165 19.5855636437734 19.2416419188181
21.298386838701 21.459881623586 21.621376408471 21.782871193356 21.9443659782409 22.1058607631259 22.2673555480109 22.3512732187907 22.4093318515354 22.46739048428 22.5254491170247 22.5835077497694 22.6415663825141 22.6996250152588 22.7075651009878 22.5651495456696 22.4227339903514 22.2803184350332 22.137902879715 21.9954873243968 21.8530717690786 21.7106562137604 21.6276440779368 21.5644330819448 21.5012220859527 21.4380110899607 21.3748000939687 21.3115890979767 21.2483781019846 21.1912007278866 21.1521242194705 21.1130477110544 21.0739712026384 21.0348946942223 20.9958181858062 20.9567416773901 20.9176651689741 20.8409474372863 20.7516826311747 20.662417825063 20.5731530189514 20.4838882128397 20.394623406728 20.3053586006164 20.1515915499793 19.8043177657657
21.443815920088 21.5902846972147 21.7367534743415 21.8832222514682 22.0296910285949 22.1761598057217 22.3226285828484 22.3963071187337 22.4457222408718 22.49513736301 22.5445524851481 22.5939676072862 22.6433827294244 22.6927978515625 22.6948434352875 22.554780403773 22.4147173722585 22.2746543407441 22.1345913092295 21.9945282777151 21.8544652462006 21.7144022146861 21.6667301972707 21.649855184555 21.6329801718394 21.6161051591237 21.5992301464081 21.5823551336924 21.5654801209767 21.5489548736148 21.5334789223141 21.5180029710133 21.5025270197126 21.4870510684119 21.4715751171112 21.4560991658104 21.4406232145097 21.3736063957214 21.2894092877705 21.2052121798197 21.1210150718688 21.036817963918 20.9526208559671 20.8684237480163 20.7176194561853 20.3669936127133
21.589245001475 21.7206877708435 21.852130540212 21.9835733095805 22.1150160789489 22.2464588483174 22.3779016176859 22.4413410186767 22.4821126302083 22.5228842417399 22.5636558532715 22.604427464803 22.6451990763346 22.6859706878662 22.6821217695872 22.5444112618764 22.4067007541657 22.2689902464549 22.1312797387441 21.9935692310334 21.8558587233226 21.7181482156118 21.7058163166046 21.7352772871653 21.764738257726 21.7941992282867 21.8236601988474 21.8531211694081 21.8825821399688 21.906709019343 21.9148336251576 21.9229582309722 21.9310828367868 21.9392074426014 21.9473320484161 21.9554566542307 21.9635812600453 21.9062653541564 21.8271359443664 21.7480065345763 21.6688771247863 21.5897477149963 21.5106183052062 21.4314888954162 21.2836473623911 20.9296694596608
21.734674082862 21.8510908444722 21.9675076060825 22.0839243676927 22.200341129303 22.3167578909132 22.4331746525234 22.4863749186198 22.5185030195448 22.5506311204698 22.5827592213948 22.6148873223199 22.6470154232449 22.6791435241699 22.669400103887 22.5340421199799 22.3986841360728 22.2633261521658 22.1279681682587 21.9926101843516 21.8572522004446 21.7218942165375 21.7449024359385 21.8206993897756 21.8964963436126 21.9722932974497 22.0480902512868 22.1238872051239 22.1996841589609 22.2644631650712 22.2961883280012 22.3279134909311 22.3596386538611 22.391363816791 22.423088979721 22.454814142651 22.4865393055809 22.4389243125915 22.3648626009623 22.290800889333 22.2167391777038 22.1426774660746 22.0686157544453 21.9945540428161 21.8496752685971 21.4923453066084
21.9611248705122 22.0501193205515 22.1391137705908 22.2281082206302 22.3171026706695 22.4060971207089 22.4950915707482 22.5395984808604 22.5692762109968 22.5989539411333 22.6286316712697 22.6583094014062 22.6879871315426 22.7176648616791 22.7089024861654 22.5848197937012 22.460737101237 22.3366544087728 22.2125717163086 22.0884890238444 21.9644063313802 21.840323638916 21.8797507603963 21.9736811531914 22.0676115459866 22.1615419387817 22.2554723315768 22.349402724372 22.4433331171671 22.5210943486955 22.5503480964237 22.5796018441518 22.6088555918799 22.6381093396081 22.6673630873362 22.6966168350644 22.7258705827925 22.6846515973409 22.6199417008294 22.5552318043179 22.4905219078064 22.4258120112949 22.3611021147834 22.2963922182719 22.161387427648 21.8154979546865
22.2685973644256 22.3177731990814 22.3669490337371 22.4161248683929 22.4653007030487 22.5144765377044 22.5636523723602 22.6010117053985 22.6344322045644 22.6678527037302 22.7012732028961 22.734693702062 22.7681142012278 22.8015347003937 22.8006289164225 22.6967442830404 22.5928596496582 22.488975016276 22.3850903828939 22.2812057495117 22.1773211161295 22.0734364827474 22.110361289978 22.1942225774129 22.2780838648478 22.3619451522827 22.4458064397176 22.5296677271525 22.6135290145874 22.6766025702158 22.677312930425 22.6780232906341 22.6787336508433 22.6794440110524 22.6801543712616 22.6808647314707 22.6815750916799 22.6434472084046 22.5923732439677 22.5412992795309 22.490225315094 22.4391513506572 22.3880773862203 22.3370034217835 22.2187838395437 21.8991274038951
22.5760698583391 22.5854270776113 22.5947842968834 22.6041415161556 22.6134987354278 22.6228559547 22.6322131739722 22.6624249299367 22.699588198132 22.7367514663272 22.7739147345225 22.8110780027177 22.848241270913 22.8854045391083 22.8923553466797 22.8086687723796 22.7249821980794 22.6412956237793 22.5576090494792 22.473922475179 22.3902359008789 22.3065493265788 22.3409718195597 22.4147640016343 22.488556183709 22.5623483657836 22.6361405478583 22.709932729933 22.7837249120076 22.8321107917362 22.8042777644263 22.7764447371165 22.7486117098066 22.7207786824968 22.692945655187 22.6651126278771 22.6372796005673 22.6022428194682 22.564804787106 22.5273667547438 22.4899287223816 22.4524906900194 22.4150526576572 22.377614625295 22.2761802514395 21.9827568531037
22.8835423522525 22.8530809561411 22.8226195600298 22.7921581639184 22.761696767807 22.7312353716956 22.7007739755842 22.7238381544749 22.7647441916995 22.8056502289242 22.8465562661489 22.8874623033735 22.9283683405982 22.9692743778229 22.9840817769369 22.9205932617187 22.8571047465006 22.7936162312825 22.7301277160644 22.6666392008463 22.6031506856282 22.5396621704101 22.5715823491414 22.6353054258558 22.6990285025702 22.7627515792846 22.826474655999 22.8901977327135 22.9539208094279 22.9876190132565 22.9312425984277 22.8748661835988 22.81848976877 22.7621133539412 22.7057369391124 22.6493605242835 22.5929841094547 22.5610384305318 22.5372363302443 22.5134342299567 22.4896321296692 22.4658300293816 22.4420279290941 22.4182258288066 22.3335766633352 22.0663863023122
23.1910148461659 23.120734834671 23.050454823176 22.9801748116811 22.9098948001861 22.8396147886912 22.7693347771962 22.785251379013 22.8299001852671 22.8745489915212 22.9191977977752 22.9638466040293 23.0084954102834 23.0531442165375 23.075808207194 23.0325177510579 22.9892272949219 22.9459368387858 22.9026463826497 22.8593559265137 22.8160654703776 22.7727750142415 22.8021928787231 22.8558468500773 22.9095008214314 22.9631547927856 23.0168087641398 23.0704627354939 23.1241167068481 23.1431272347768 23.058207432429 22.9732876300812 22.8883678277334 22.8034480253855 22.7185282230377 22.6336084206899 22.5486886183421 22.5198340415955 22.5096678733826 22.4995017051697 22.4893355369568 22.4791693687439 22.469003200531 22.4588370323181 22.390973075231 22.1500157515208
23.4984873400794 23.3883887132009 23.2782900863224 23.1681914594438 23.0580928325653 22.9479942056868 22.8378955788083 22.8466646035512 22.8950561788347 22.9434477541182 22.9918393294016 23.0402309046851 23.0886224799686 23.1370140552521 23.1675346374512 23.1444422403971 23.1213498433431 23.098257446289 23.075165049235 23.052072652181 23.0289802551269 23.0058878580729 23.0328034083048 23.0763882742987 23.1199731402927 23.1635580062866 23.2071428722805 23.2507277382744 23.2943126042684 23.2986354562971 23.1851722664303 23.0717090765635 22.9582458866967 22.8447826968299 22.7313195069631 22.6178563170963 22.5043931272295 22.4786296526591 22.4820994165209 22.4855691803826 22.4890389442444 22.4925087081061 22.4959784719679 22.4994482358297 22.4483694871267 22.2336452007294
23.6577645407783 23.53773949941 23.4177144580417 23.2976894166735 23.1776643753052 23.0576393339369 22.9376142925686 22.9365247090657 22.9750802781847 23.0136358473036 23.0521914164225 23.0907469855414 23.1293025546604 23.1678581237793 23.1930620935228 23.1782112651401 23.1633604367574 23.1485096083747 23.133658779992 23.1188079516093 23.1039571232266 23.0891062948439 23.1137948354085 23.1516631656223 23.189531495836 23.2273998260498 23.2652681562636 23.3031364864773 23.3410048166911 23.3366338888805 23.2055451869965 23.0744564851125 22.9433677832286 22.8122790813446 22.6811903794607 22.5501016775767 22.4190129756928 22.3962951501211 22.4097009499868 22.4231067498525 22.4365125497182 22.449918349584 22.4633241494497 22.4767299493154 22.4384827984704 22.2452767954933
23.6688464482625 23.5687871932984 23.4687279383342 23.36866868337 23.2686094284058 23.1685501734416 23.0684909184774 23.0548316955566 23.069972483317 23.0851132710775 23.1002540588379 23.1153948465983 23.1305356343587 23.1456764221191 23.1523905754089 23.1338248252869 23.1152590751648 23.0966933250427 23.0781275749207 23.0595618247986 23.0409960746765 23.0224303245545 23.0451671600342 23.0816715240479 23.1181758880615 23.1546802520752 23.1911846160889 23.2276889801025 23.2641933441162 23.2571225325267 23.1193261941274 22.9815298557282 22.8437335173289 22.7059371789297 22.5681408405304 22.4303445021312 22.2925481637319 22.2728305339813 22.2924724737803 22.3121144135793 22.3317563533783 22.3513982931773 22.3710402329763 22.3906821727753 22.3613130092621 22.1849105358124
23.6799283557468 23.5998348871867 23.5197414186266 23.4396479500665 23.3595544815063 23.2794610129462 23.1993675443861 23.1731386820475 23.1648646884494 23.1565906948513 23.1483167012533 23.1400427076552 23.1317687140571 23.123494720459 23.1117190572951 23.0894383854336 23.0671577135722 23.0448770417108 23.0225963698493 23.0003156979879 22.9780350261265 22.955754354265 22.9765394846598 23.0116798824734 23.046820280287 23.0819606781006 23.1171010759142 23.1522414737278 23.1873818715413 23.1776111761729 23.0331072012584 22.8886032263438 22.7440992514293 22.5995952765147 22.4550913016002 22.3105873266856 22.1660833517711 22.1493659178416 22.1752439975739 22.2011220773061 22.2270001570384 22.2528782367706 22.2787563165029 22.3046343962352 22.2841432200538 22.1245442761316
23.6910102632311 23.630882581075 23.570754898919 23.510627216763 23.4504995346069 23.3903718524509 23.3302441702949 23.2914456685384 23.2597568935818 23.2280681186252 23.1963793436686 23.164690568712 23.1330017937554 23.1013130187988 23.0710475391812 23.0450519455804 23.0190563519796 22.9930607583788 22.967065164778 22.9410695711772 22.9150739775764 22.8890783839756 22.9079118092855 22.941688240899 22.9754646725125 23.009241104126 23.0430175357395 23.076793967353 23.1105703989665 23.0980998198192 22.9468882083893 22.7956765969595 22.6444649855296 22.4932533740998 22.3420417626699 22.1908301512401 22.0396185398102 22.0259013017019 22.0580155213674 22.0901297410329 22.1222439606985 22.154358180364 22.1864724000295 22.218586619695 22.2069734308455 22.0641780164507
23.7020921707153 23.6619302749634 23.6217683792114 23.5816064834595 23.5414445877075 23.5012826919556 23.4611207962036 23.4097526550293 23.3546490987142 23.2995455423991 23.244441986084 23.1893384297689 23.1342348734538 23.0791313171387 23.0303760210673 23.0006655057271 22.970954990387 22.9412444750468 22.9115339597066 22.8818234443665 22.8521129290263 22.8224024136861 22.8392841339111 22.8716965993245 22.904109064738 22.9365215301514 22.9689339955648 23.0013464609782 23.0337589263916 23.0185884634654 22.8606692155203 22.7027499675751 22.54483071963 22.3869114716848 22.2289922237397 22.0710729757945 21.9131537278494 21.9024366855621 21.9407870451609 21.9791374047597 22.0174877643585 22.0558381239573 22.0941884835561 22.1325388431549 22.1298036416372 22.0038117567698
23.7131740781996 23.6929779688517 23.6727818595038 23.652585750156 23.6323896408081 23.6121935314602 23.5919974221123 23.5280596415202 23.4495413038466 23.371022966173 23.2925046284994 23.2139862908258 23.1354679531521 23.0569496154785 22.9897045029534 22.9562790658739 22.9228536287944 22.8894281917148 22.8560027546353 22.8225773175558 22.7891518804762 22.7557264433967 22.7706564585368 22.8017049577501 22.8327534569634 22.8638019561768 22.8948504553901 22.9258989546034 22.9569474538167 22.9390771071117 22.7744502226512 22.6098233381908 22.4451964537303 22.2805695692698 22.1159426848094 21.951315800349 21.7866889158885 21.7789720694224 21.8235585689545 21.8681450684865 21.9127315680186 21.9573180675507 22.0019045670827 22.0464910666148 22.0526338524289 21.943445497089
23.5803374714322 23.596035416921 23.6117333624098 23.6274313078986 23.6431292533875 23.6588271988763 23.6745251443651 23.6062441666921 23.5099702146318 23.4136962625716 23.3174223105113 23.221148358451 23.1248744063907 23.0286004543305 22.9486157311334 22.9174986945258 22.8863816579183 22.8552646213108 22.8241475847032 22.7930305480957 22.7619135114882 22.7307964748806 22.7423323631287 22.7680858929952 22.7938394228617 22.8195929527283 22.8453464825948 22.8711000124613 22.8968535423279 22.8752673255073 22.7116618686252 22.5480564117432 22.3844509548612 22.2208454979791 22.057240041097 21.893634584215 21.7300291273329 21.7157580693563 21.7512651443481 21.78677221934 21.8222792943319 21.8577863693237 21.8932934443156 21.9288005193075 21.9296733644274 21.8266435199314
23.303582350413 23.3711026191712 23.4386228879293 23.5061431566874 23.5736634254456 23.6411836942037 23.7087039629618 23.6443062305451 23.53593583107 23.4275654315949 23.3191950321198 23.2108246326447 23.1024542331696 22.9940838336945 22.9071097056071 22.884324391683 22.8615390777588 22.8387537638346 22.8159684499105 22.7931831359863 22.7703978220622 22.747612508138 22.7543118476868 22.7708394050598 22.7873669624329 22.8038945198059 22.820422077179 22.836949634552 22.8534771919251 22.8271591186524 22.6723041534424 22.5174491882325 22.3625942230225 22.2077392578125 22.0528842926026 21.8980293273926 21.7431743621826 21.7127946853638 21.723906771342 21.7350188573202 21.7461309432984 21.7572430292765 21.7683551152547 21.7794672012329 21.7609221776327 21.6534058252971
