data/working_set_collections/6091692-Cassins_Sparrow-MC/1995/bio15.asc
NCOLS 265 
NROWS 230 
XLLCORNER -115.5625 
YLLCORNER 24.8333333333333 
CELLSIZE 0.0833333333333333 
NODATA_value -9999 
[rows 120 to 139 of 230, columns 138 to 183 of 265]
62.6563510258991 62.6600085576374 62.6636660893757 62.667323621114 62.3955463727315 62.0319575309753 61.6683686892192 61.3047798474629 60.9411910057068 60.5776021639506 60.2140133221944 59.7498558892145 58.9839926825631 58.2181294759115 57.45226626926 56.6864030626086 55.9205398559571 55.1546766493056 54.3888134426542 54.111459827423 53.9969427426655 53.882425657908 53.7679085731505 53.6533914883931 53.5388744036356 53.4243573188781 53.3203199280632 53.2477216190761 53.175123310089 53.102525001102 53.0299266921149 52.9573283831278 52.8847300741407 52.8121317651536 52.6521487236023 52.4630374378628 52.2739261521234 52.0848148663839 51.8957035806444 51.706592294905 51.5174810091655 51.2337139235604 50.6659794383581 50.0982449531556 49.5305104679533 48.962775982751
63.5729883193968 63.5391000747679 63.505211830139 63.4713235855101 63.1867512702941 62.8186175982157 62.4504839261373 62.0823502540588 61.7142165819803 61.3460829099019 60.9779492378234 60.5173929850261 59.7795689900717 59.0417449951172 58.3039210001628 57.5660970052084 56.8282730102539 56.0904490152995 55.3526250203451 55.0711325645445 54.9417506217955 54.8123686790465 54.6829867362975 54.5536047935485 54.4242228507994 54.2948409080504 54.1661904970804 54.0397346814472 53.9132788658141 53.786823050181 53.6603672345479 53.5339114189147 53.4074556032816 53.2809997876485 53.0510369300842 52.7865717252096 52.5221065203349 52.2576413154602 51.9931761105856 51.7287109057109 51.4642457008362 51.1131387392681 50.5021065076194 49.8910742759706 49.2800420443219 48.6690098126732
64.4896256128946 64.4181915918985 64.3467575709024 64.2753235499063 63.9779561678568 63.6052776654561 63.2325991630554 62.8599206606547 62.487242158254 62.1145636558533 61.7418851534525 61.2849300808377 60.5751452975804 59.8653605143229 59.1555757310656 58.4457909478082 57.7360061645508 57.0262213812934 56.3164365980361 56.0308053016661 55.8865585009256 55.742311700185 55.5980648994445 55.4538180987039 55.3095712979634 55.1653244972228 55.0120610660976 54.8317477438184 54.6514344215392 54.4711210992601 54.2908077769809 54.1104944547017 53.9301811324225 53.7498678101433 53.4499251365662 53.1101060125563 52.7702868885465 52.4304677645366 52.0906486405267 51.7508295165169 51.411010392507 50.9925635549759 50.3382335768808 49.6839035987855 49.0295736206904 48.3752436425953
65.4062629063923 65.297283109029 65.1883033116658 65.0793235143025 64.7691610654195 64.3919377326965 64.0147143999736 63.6374910672505 63.2602677345276 62.8830444018046 62.5058210690816 62.0524671766494 61.3707216050891 60.6889760335287 60.0072304619684 59.3254848904081 58.6437393188477 57.9619937472874 57.2802481757271 56.9904780387878 56.8313663800557 56.6722547213236 56.5131430625915 56.3540314038594 56.1949197451273 56.0358080863952 55.8579316351148 55.6237608061896 55.3895899772644 55.1554191483391 54.9212483194139 54.6870774904887 54.4529066615634 54.2187358326382 53.8488133430481 53.4336402999031 53.018467256758 52.6032942136129 52.1881211704679 51.7729481273228 51.3577750841777 50.8719883706836 50.1743606461421 49.4767329216005 48.779105197059 48.0814774725175
66.32290019989 66.1763746261595 66.0298490524291 65.8833234786986 65.5603659629821 65.1785977999369 64.7968296368917 64.4150614738464 64.0332933108011 63.6515251477559 63.2697569847106 62.820004272461 62.1662979125977 61.5125915527343 60.8588851928711 60.2051788330078 59.5514724731445 58.8977661132812 58.244059753418 57.9501507759093 57.7761742591857 57.602197742462 57.4282212257384 57.2542447090148 57.0802681922912 56.9062916755675 56.703802204132 56.4157738685607 56.1277455329894 55.8397171974182 55.5516888618469 55.2636605262756 54.9756321907043 54.6876038551331 54.24770154953 53.7571745872498 53.2666476249696 52.7761206626893 52.285593700409 51.7950667381288 51.3045397758485 50.7514131863914 50.0104877154035 49.2695622444154 48.5286367734275 47.7877113024396
67.2395374933878 67.0554661432901 66.8713947931925 66.6873234430948 66.3515708605448 65.9652578671773 65.5789448738098 65.1926318804423 64.8063188870748 64.4200058937073 64.0336929003397 63.5875413682726 62.9618742201064 62.3362070719401 61.7105399237739 61.0848727756077 60.4592056274414 59.8335384792752 59.207871331109 58.9098235130309 58.7209821383157 58.5321407636006 58.3432993888854 58.1544580141702 57.9656166394551 57.7767752647399 57.5496727731492 57.2077869309319 56.8659010887146 56.5240152464972 56.1821294042799 55.8402435620626 55.4983577198452 55.1564718776279 54.646589756012 54.0807088745966 53.5148279931811 52.9489471117656 52.3830662303502 51.8171853489348 51.2513044675192 50.6308380020991 49.8466147846648 49.0623915672304 48.2781683497961 47.4939451323618
67.9096729278565 67.6995273590088 67.4893817901611 67.2792362213135 66.9433968226115 66.5656594806248 66.187922138638 65.8101847966512 65.4324474546645 65.0547101126777 64.6769727706909 64.2434232711793 63.6424372990927 63.0414513270061 62.4404653549195 61.839479382833 61.2384934107463 60.6375074386597 60.0365214665732 59.7059386253357 59.465490161048 59.2250416967604 58.9845932324727 58.7441447681851 58.5036963038975 58.2632478396098 57.9959447330899 57.6480776998733 57.3002106666565 56.9523436334399 56.6044766002232 56.2566095670065 55.9087425337898 55.5608755005731 54.9990027427674 54.3657947434321 53.7325867440967 53.0993787447612 52.4661707454259 51.8329627460905 51.1997547467551 50.5205112987096 49.7031615045338 48.8858117103578 48.068461916182 47.2511121220061
68.3333065032959 68.1085582733154 67.883810043335 67.6590618133545 67.3358438491821 66.9798026402791 66.6237614313762 66.2677202224731 65.9116790135701 65.5556378046672 65.1995965957641 64.7876499811809 64.2079871495565 63.6283243179321 63.0486614863078 62.4689986546835 61.8893358230591 61.3096729914348 60.7300101598104 60.3384961128234 60.0096983273824 59.6809005419413 59.3521027565002 59.0233049710592 58.6945071856181 58.365709400177 58.0426180839539 57.7366461753846 57.4306742668152 57.1247023582459 56.8187304496766 56.5127585411072 56.2067866325379 55.9008147239685 55.3049405097962 54.6124321937562 53.9199238777162 53.2274155616761 52.5349072456361 51.8423989295961 51.149890613556 50.420433076223 49.5801278750104 48.7398226737978 47.8995174725853 47.0592122713728
68.7569400787354 68.517589187622 68.2782382965088 68.0388874053955 67.7282908757528 67.3939457999336 67.0596007241143 66.7252556482951 66.3909105724759 66.0565654966566 65.7222204208374 65.3318766911825 64.7735370000204 64.2151973088583 63.6568576176962 63.0985179265341 62.5401782353719 61.9818385442098 61.4234988530477 60.9710536003113 60.5539064937168 60.1367593871223 59.7196122805278 59.3024651739333 58.8853180673388 58.4681709607443 58.0892914348179 57.8252146508959 57.5611378669739 57.2970610830519 57.03298429913 56.7689075152079 56.504830731286 56.240753947364 55.610878276825 54.8590696440804 54.1072610113358 53.355452378591 52.6036437458464 51.8518351131017 51.100026480357 50.3203548537362 49.4570942454871 48.5938336372377 47.7305730289885 46.8673124207393
69.1805736541748 68.9266201019287 68.6726665496826 68.4187129974366 68.1207379023234 67.808088959588 67.4954400168525 67.182791074117 66.8701421313816 66.5574931886461 66.2448442459106 65.8761034011841 65.3390868504843 64.8020702997844 64.2650537490845 63.7280371983847 63.1910206476848 62.6540040969849 62.1169875462851 61.6036110877991 61.0981146600512 60.5926182323033 60.0871218045553 59.5816253768074 59.0761289490595 58.5706325213115 58.1359647856819 57.9137831264073 57.6916014671326 57.469419807858 57.2472381485833 57.0250564893087 56.8028748300341 56.5806931707594 55.9168160438539 55.1057070944046 54.2945981449553 53.4834891955059 52.6723802460566 51.8612712966074 51.0501623471579 50.2202766312495 49.3340606159637 48.4478446006777 47.5616285853918 46.6754125701059
69.6042072296142 69.3356510162353 69.0670948028564 68.7985385894775 68.513184928894 68.2222321192423 67.9312793095907 67.6403264999389 67.3493736902873 67.0584208806356 66.7674680709838 66.4203301111857 65.9046367009481 65.3889432907104 64.8732498804728 64.3575564702352 63.8418630599975 63.3261696497599 62.8104762395223 62.2361685752869 61.6423228263855 61.0484770774842 60.4546313285828 59.8607855796815 59.2669398307802 58.6730940818787 58.1826381365458 58.0023516019186 57.8220650672913 57.641778532664 57.4614919980367 57.2812054634094 57.1009189287821 56.9206323941549 56.2227538108827 55.3523445447288 54.4819352785748 53.6115260124208 52.7411167462669 51.870707480113 51.0002982139589 50.1201984087628 49.2110269864403 48.3018555641176 47.3926841417951 46.4835127194725
70.0278408050537 69.744681930542 69.4615230560303 69.1783641815186 68.9056319554647 68.6363752788968 68.3671186023288 68.0978619257609 67.828605249193 67.559348572625 67.2900918960571 66.9645568211874 66.470186551412 65.9758162816366 65.4814460118612 64.9870757420858 64.4927054723104 63.998335202535 63.5039649327596 62.8687260627747 62.1865309927199 61.5043359226652 60.8221408526103 60.1399457825556 59.4577507125008 58.775555642446 58.2293114874098 58.0909200774299 57.95252866745 57.81413725747 57.6757458474901 57.5373544375102 57.3989630275302 57.2605716175503 56.5286915779115 55.5989819950529 54.6692724121944 53.7395628293357 52.8098532464771 51.8801436636186 50.9504340807599 50.0201201862761 49.0879933569169 48.1558665275575 47.2237396981983 46.2916128688391
70.2031498167251 69.8922259648642 69.5813021130033 69.2703782611424 68.9967529932659 68.7355605867175 68.4743681801691 68.2131757736207 67.9519833670723 67.6907909605239 67.4295985539755 67.1039435704551 66.5849008560183 66.0658581415813 65.5468154271445 65.0277727127077 64.5087299982708 63.989687283834 63.4706445693972 62.7919765790306 62.0601001633541 61.3282237476776 60.596347332001 59.8644709163244 59.132594500648 58.4007180849713 57.826168314616 57.7235984802247 57.6210286458334 57.5184588114422 57.4158889770509 57.3133191426596 57.2107493082683 57.1081794738771 56.3897727012637 55.4660869492428 54.5424011972219 53.6187154452008 52.6950296931799 51.771343941159 50.847658189138 49.9216915236581 48.9888821178015 48.0560727119447 47.1232633060881 46.1904539002315
70.1301342646282 69.7782831192017 69.4264319737753 69.0745808283489 68.7865480422975 68.5197880427044 68.2530280431113 67.9862680435182 67.7195080439251 67.452748044332 67.1859880447388 66.8384903589886 66.2487796147667 65.6590688705446 65.0693581263226 64.4796473821007 63.8899366378786 63.3002258936567 62.7105151494347 62.0059201240542 61.2630303382876 60.5201405525211 59.7772507667544 59.0343609809879 58.2914711952213 57.5485814094546 56.9732086181642 56.9003868103029 56.8275650024416 56.7547431945802 56.6819213867189 56.6090995788576 56.5362777709962 56.4634559631349 55.805997180939 54.9536594072981 54.1013216336571 53.2489838600161 52.3966460863752 51.5443083127342 50.6919705390932 49.8249124209088 48.9136932690941 48.0024741172792 47.0912549654645 46.1800358136498
70.0571187125313 69.6643402735393 69.2715618345474 68.8787833955554 68.576343091329 68.3040154986912 68.0316879060534 67.7593603134156 67.4870327207778 67.21470512814 66.9423775355022 66.5730371475222 65.912658373515 65.2522795995078 64.5919008255007 63.9315220514936 63.2711432774864 62.6107645034793 61.9503857294721 61.2198636690778 60.4659605132212 59.7120573573646 58.9581542015078 58.2042510456512 57.4503478897946 56.6964447339378 56.1202489217124 56.077175140381 56.0341013590496 55.9910275777182 55.9479537963868 55.9048800150554 55.8618062337241 55.8187324523927 55.2222216606142 54.4412318653533 53.6602420700924 52.8792522748313 52.0982624795704 51.3172726843095 50.5362828890484 49.7281333181595 48.8385044203867 47.9488755226137 47.0592466248408 46.169617727068
69.9841031604344 69.5503974278769 69.1166916953194 68.6829859627619 68.3661381403606 68.0882429546781 67.8103477689956 67.5324525833131 67.2545573976306 66.9766622119481 66.6987670262655 66.3075839360557 65.5765371322634 64.845490328471 64.1144435246788 63.3833967208865 62.6523499170941 61.9213031133018 61.1902563095096 60.4338072141014 59.6688906881547 58.903974162208 58.1390576362612 57.3741411103145 56.6092245843679 55.844308058421 55.2672892252605 55.2539634704591 55.2406377156576 55.2273119608562 55.2139862060548 55.2006604512533 55.1873346964519 55.1740089416505 54.6384461402895 53.9288043234086 53.2191625065276 52.5095206896466 51.7998788727656 51.0902370558847 50.3805952390036 49.6313542154102 48.7633155716793 47.8952769279481 47.0272382842172 46.1591996404862
69.9110876083376 69.4364545822145 68.9618215560914 68.4871885299684 68.1559331893922 67.872470410665 67.5890076319378 67.3055448532105 67.0220820744834 66.7386192957562 66.4551565170289 66.0421307245893 65.2404158910118 64.4387010574343 63.6369862238569 62.8352713902795 62.0335565567019 61.2318417231245 60.4301268895471 59.647750759125 58.8718208630883 58.0958909670515 57.3199610710147 56.5440311749779 55.7681012789412 54.9921713829043 54.4143295288087 54.4307518005372 54.4471740722658 54.4635963439943 54.4800186157228 54.4964408874513 54.5128631591798 54.5292854309083 54.0546706199648 53.4163767814639 52.7780829429629 52.1397891044618 51.5014952659609 50.8632014274599 50.2249075889589 49.5345751126609 48.6881267229719 47.8416783332826 46.9952299435935 46.1487815539045
69.8380720562407 69.322511736552 68.8069514168635 68.2913910971749 67.9457282384238 67.6566978666518 67.3676674948799 67.078637123108 66.7896067513361 66.5005763795642 66.2115460077922 65.7766775131228 64.9042946497602 64.0319117863975 63.1595289230349 62.2871460596724 61.4147631963096 60.5423803329471 59.6699974695845 58.8616943041486 58.0747510380218 57.287807771895 56.5008645057681 55.7139212396413 54.9269779735145 54.1400347073875 53.5613698323569 53.6075401306153 53.6537104288738 53.6998807271323 53.7460510253907 53.7922213236492 53.8383916219076 53.8845619201661 53.4708950996401 52.9039492395191 52.3370033793981 51.7700575192771 51.2031116591561 50.6361657990352 50.0692199389141 49.4377960099116 48.6129378742644 47.7880797386171 46.9632216029699 46.1383634673227
69.5705775578819 69.0465772628786 68.5225769678753 67.9985766728721 67.6297845522564 67.31272848977 66.9956724272836 66.6786163647971 66.3615603023107 66.0445042398243 65.7274481773378 65.2532288021515 64.3075194888648 63.3618101755781 62.4161008622915 61.4703915490048 60.5246822357181 59.5789729224315 58.6332636091448 57.8328920364383 57.0809663772586 56.329040718079 55.5771150588992 54.8251893997195 54.0732637405399 53.3213380813601 52.7671710968018 52.8062801361085 52.8453891754151 52.8844982147218 52.9236072540284 52.9627162933351 53.0018253326417 53.0409343719483 52.6894759496055 52.2078283733794 51.7261807971533 51.2445332209271 50.762885644701 50.2812380684748 49.7995904922487 49.2406017197505 48.449589358436 47.6585769971213 46.8675646358068 46.0765522744923
69.1086041132611 68.608651161194 68.108698209127 67.60874525706 67.20810213089 66.8405622800193 66.4730224291486 66.1054825782777 65.737942727407 65.3704028765363 65.0028630256655 64.4717845916752 63.4500904083256 62.4283962249759 61.4067020416264 60.3850078582768 59.3633136749271 58.3416194915776 57.319925308228 56.561343955994 55.8904668807987 55.2195898056034 54.548712730408 53.8778356552127 53.2069585800174 52.536081504822 52.0317333221437 52.0269718170167 52.0222103118898 52.0174488067628 52.0126873016359 52.007925796509 52.003164291382 51.9984027862551 51.7104131698611 51.3280141830447 50.9456151962283 50.5632162094118 50.1808172225954 49.798418235779 49.4160192489625 48.9429922421776 48.1980811754865 47.4531701087953 46.7082590421043 45.9633479754132
