data/working_set_collections/6091692-Cassins_Sparrow-MC/1995/bio18.asc
NCOLS 265 
NROWS 230 
XLLCORNER -115.5625 
YLLCORNER 24.8333333333333 
CELLSIZE 0.0833333333333333 
NODATA_value -9999 
[rows 200 to 219 of 230, columns 46 to 91 of 265]
-9999 -9999 -9999 -9999 -9999 -9999 -9999 -9999 -9999 -9999 -9999 -9999 -9999 -9999 -9999 194.943281300861 202.084886593287 209.226491885713 216.368097178139 223.509702470564 230.651307762991 236.235679880776 241.300974273679 246.366268666584 251.431563059488 256.496857452391 261.562151845296 266.6274462382 272.328284708658 279.935755411784 287.543226114908 295.150696818033 302.758167521159 310.365638224283 317.973108927408 325.580579630534 331.481670633951 336.813968404133 342.146266174316 347.478563944498 352.81086171468 358.143159484863 363.475457255044 365.240373229982 356.303143819174 347.365914408367
-9999 -9999 -9999 -9999 -9999 -9999 -9999 -9999 -9999 -9999 -9999 -9999 -9999 -9999 -9999 -9999 205.646883222789 214.942708757186 224.238534291582 233.534359825978 242.830185360375 246.974400075274 249.401411183673 251.828422292072 254.255433400471 256.68244450887 259.109455617269 261.536466725668 265.377139282226 273.458796183269 281.54045308431 289.622109985351 297.703766886393 305.785423787434 313.867080688476 321.948737589518 328.482593282063 334.500515238443 340.518437194824 346.536359151204 352.554281107583 358.572203063964 364.590125020344 367.189586893719 359.533668518067 351.877750142416
-9999 -9999 -9999 -9999 -9999 -9999 -9999 -9999 -9999 -9999 -9999 -9999 -9999 -9999 -9999 -9999 -9999 220.65892562866 232.108971405026 243.559017181392 255.00906295776 257.713120269774 257.501848093667 257.290575917561 257.079303741455 256.868031565348 256.656759389242 256.445487213136 258.425993855794 266.981836954753 275.537680053711 284.093523152668 292.649366251627 301.205209350585 309.761052449543 318.316895548502 325.483515930175 332.187062072753 338.890608215332 345.594154357909 352.297700500487 359.001246643066 365.704792785643 369.138800557456 362.76419321696 356.389585876465
-9999 -9999 -9999 -9999 -9999 -9999 -9999 -9999 -9999 -9999 -9999 -9999 -9999 -9999 -9999 -9999 -9999 -9999 -9999 253.583674536806 267.187940555145 268.451840464273 265.602285003662 262.75272954305 259.903174082438 257.053618621827 254.204063161215 251.354507700603 251.474848429361 260.504877726237 269.534907023111 278.564936319986 287.594965616862 296.624994913736 305.65502421061 314.685053507486 322.484438578287 329.873608907062 337.262779235839 344.651949564615 352.04111989339 359.430290222167 366.819460550943 371.088014221192 365.994717915853 360.901421610515
-9999 -9999 -9999 -9999 -9999 -9999 -9999 -9999 -9999 -9999 -9999 -9999 -9999 -9999 -9999 -9999 -9999 -9999 -9999 -9999 271.205282635158 271.639580663047 267.313533740575 262.987486818103 258.661439895632 254.33539297316 250.009346050688 245.683299128217 244.803644731309 254.263167911106 263.722691090901 273.182214270697 282.641737450494 292.101260630289 301.560783810084 311.020306989881 319.190429687499 326.930752224391 334.671074761285 342.411397298176 350.151719835068 357.892042371962 365.632364908854 370.526327006024 366.881207784018 363.236088562012
-9999 -9999 -9999 -9999 -9999 -9999 -9999 -9999 -9999 -9999 -9999 -9999 -9999 -9999 -9999 -9999 -9999 -9999 -9999 -9999 -9999 267.27634086609 262.635594304404 257.994847742718 253.354101181032 248.713354619346 244.072608057659 239.431861495974 238.412382761636 248.256707509359 258.101032257079 267.9453570048 277.789681752522 287.634006500243 297.478331247964 307.322655995686 315.601489257812 323.358492024738 331.115494791666 338.872497558593 346.62950032552 354.386503092448 362.143505859374 367.453738911948 365.423662821452 363.393586730957
61.4532807032269 64.6912748336792 -9999 -9999 -9999 -9999 -9999 -9999 -9999 -9999 -9999 -9999 -9999 -9999 -9999 -9999 -9999 -9999 -9999 -9999 -9999 -9999 257.957654868234 253.002208667333 248.046762466432 243.091316265532 238.135870064631 233.180423863731 232.021120791964 242.250247107611 252.479373423258 262.708499738904 272.937626054551 283.166752370197 293.395878685844 303.625005001491 312.012548828124 319.786231825086 327.559914822048 335.33359781901 343.107280815971 350.880963812934 358.654646809895 364.381150817872 363.966117858887 363.551084899902
56.1478217442835 59.7648375829062 -9999 -9999 -9999 -9999 -9999 -9999 -9999 -9999 -9999 -9999 -9999 -9999 -9999 -9999 -9999 -9999 -9999 -9999 -9999 -9999 -9999 248.009569591948 242.739423751833 237.469277911718 232.199132071603 226.928986231488 225.629858822292 236.243786705865 246.857714589436 257.471642473008 268.085570356581 278.699498240152 289.313426123723 299.927354007297 308.423608398437 316.213971625433 324.00433485243 331.794698079426 339.585061306423 347.37542453342 355.165787760416 361.308562723796 362.508572896322 363.708583068847
50.8423627853396 54.8384003321329 -9999 -9999 -9999 -9999 -9999 -9999 -9999 -9999 -9999 -9999 -9999 -9999 -9999 -9999 -9999 -9999 -9999 -9999 -9999 -9999 -9999 -9999 237.432085037233 231.847239557904 226.262394078574 220.677548599245 219.238596852619 230.237326304118 241.236055755614 252.234785207111 263.23351465861 274.232244110106 285.230973561603 296.229703013102 304.834667968749 312.64171142578 320.448754882812 328.255798339843 336.062841796874 343.869885253906 351.676928710937 358.23597462972 361.051027933756 363.866081237792
45.5369038263957 49.9119630813596 54.2870223363242 -9999 -9999 -9999 -9999 -9999 -9999 -9999 -9999 -9999 -9999 -9999 -9999 -9999 -9999 -9999 -9999 -9999 -9999 -9999 -9999 -9999 -9999 -9999 -9999 -9999 212.847334882946 224.23086590237 235.614396921792 246.997927941214 258.381458960639 269.764989980061 281.148520999483 292.532052018907 301.245727539062 309.069451226127 316.893174913194 324.71689860026 332.540622287325 340.364345974392 348.188069661457 355.163386535644 359.593482971191 364.023579406737
47.7973138173394 52.140218141341 56.4831224653433 -9999 -9999 -9999 -9999 -9999 -9999 -9999 -9999 -9999 -9999 -9999 -9999 -9999 -9999 -9999 -9999 -9999 -9999 -9999 -9999 -9999 -9999 -9999 -9999 -9999 216.015620930985 226.492746988929 236.969873046872 247.446999104814 257.924125162758 268.401251220701 278.878377278644 289.355503336588 296.426110585531 302.361211564806 308.296312544083 314.231413523359 320.166514502634 326.101615481911 332.036716461186 338.36370942858 345.866378360329 353.369047292077
57.6235927581764 61.5231655120825 65.4227382659892 69.3223110198954 73.2218837738015 -9999 -9999 -9999 -9999 -9999 -9999 -9999 -9999 -9999 -9999 -9999 -9999 -9999 -9999 -9999 -9999 -9999 -9999 -9999 -9999 -9999 -9999 -9999 228.743454996741 237.022969563799 245.302484130857 253.581998697914 261.861513264972 270.14102783203 278.420542399087 286.700056966145 290.375817108155 292.516992441814 294.658167775474 296.799343109133 298.940518442793 301.081693776453 303.222869110112 307.836943308515 319.869714101159 331.9024848938
67.4498716990133 70.906112882824 74.3623540666352 77.8185952504458 81.2748364342564 -9999 -9999 -9999 -9999 -9999 -9999 -9999 -9999 -9999 -9999 -9999 -9999 -9999 -9999 -9999 -9999 -9999 -9999 -9999 -9999 -9999 -9999 -9999 241.471289062497 247.55319213867 253.635095214842 259.716998291013 265.798901367186 271.880804443358 277.96270751953 284.044610595703 284.325523630779 282.672773318822 281.020023006865 279.367272694908 277.714522382952 276.061772070994 274.409021759038 277.31017718845 293.873049841989 310.435922495524
77.2761506398503 80.2890602535654 83.3019698672811 86.3148794809963 89.3277890947114 -9999 -9999 -9999 -9999 -9999 -9999 -9999 -9999 -9999 -9999 -9999 -9999 -9999 -9999 -9999 -9999 -9999 -9999 -9999 -9999 -9999 -9999 -9999 254.199123128253 258.08341471354 261.967706298827 265.851997884113 269.7362894694 273.620581054687 277.504872639973 281.38916422526 278.275230153403 272.82855419583 267.381878238256 261.935202280683 256.48852632311 251.041850365536 245.595174407963 246.783411068385 267.876385582819 288.969360097248
87.1024295806864 89.6720076243061 92.2415856679262 94.811163711546 97.3807417551657 -9999 -9999 -9999 -9999 -9999 -9999 -9999 -9999 -9999 -9999 -9999 -9999 -9999 -9999 -9999 -9999 -9999 -9999 -9999 -9999 -9999 -9999 -9999 266.926957194008 268.613637288409 270.300317382811 271.986997477212 273.673677571614 275.360357666015 277.047037760416 278.733717854818 272.224936676028 262.984335072839 253.743733469649 244.50313186646 235.262530263271 226.02192866008 216.781327056891 216.256644948323 241.879721323651 267.502797698974
96.9287085215225 99.0549549950467 101.181201468571 103.307447942096 105.43369441562 -9999 -9999 111.06920024024 -9999 -9999 -9999 -9999 -9999 -9999 -9999 -9999 -9999 -9999 -9999 -9999 -9999 -9999 -9999 -9999 -9999 -9999 -9999 274.211655171708 279.654791259763 279.143859863279 278.632928466795 278.121997070311 277.611065673827 277.100134277343 276.58920288086 276.078271484376 266.174643198653 253.140115949848 240.105588701041 227.071061452236 214.036534203431 201.002006954624 187.967479705819 185.729878828261 215.883057064483 246.0362353007
102.06788183848 103.915031411912 105.762180985345 107.609330558777 109.456480132209 -9999 -9999 -9999 -9999 -9999 -9999 -9999 -9999 -9999 -9999 -9999 -9999 -9999 -9999 -9999 -9999 -9999 -9999 -9999 -9999 -9999 270.961832300821 279.89472872416 286.15577375624 284.401264614529 282.646755472819 280.892246331109 279.137737189399 277.383228047689 275.628718905979 273.874209764269 263.40139770508 250.022484673397 236.643571641711 223.264658610027 209.885745578344 196.506832546658 183.127919514974 180.309717008794 209.173646079165 238.037575149531
102.519949531555 104.252236874898 105.984524218241 107.716811561584 109.449098904927 -9999 112.178891944885 -9999 -9999 -9999 -9999 -9999 -9999 -9999 -9999 -9999 -9999 -9999 -9999 -9999 -9999 -9999 -9999 -9999 -9999 -9999 270.331192906697 279.822464370726 286.429904683431 284.385851542155 282.341798400879 280.297745259603 278.253692118327 276.209638977051 274.165585835775 272.121532694499 263.905200195314 253.631441243491 243.357682291667 233.083923339844 222.810164388021 212.536405436196 202.262646484373 199.996159489941 221.751488367712 243.506817245479
102.972017224629 104.589442337883 106.206867451138 107.824292564392 109.441717677646 -9999 -9999 -9999 -9999 -9999 -9999 -9999 -9999 -9999 -9999 -9999 -9999 -9999 -9999 -9999 -9999 -9999 -9999 -9999 -9999 -9999 -9999 279.750200017292 286.704035610623 284.370438469781 282.036841328939 279.703244188097 277.369647047255 275.036049906413 272.702452765572 270.368855624729 264.409002685548 257.240397813586 250.071792941623 242.90318806966 235.734583197698 228.565978325735 221.397373453773 219.682601971089 234.329330656259 248.976059341427
103.424084917704 104.926647800869 106.429210684034 107.931773567199 109.434336450365 110.93689933353 -9999 -9999 -9999 -9999 -9999 -9999 -9999 -9999 -9999 -9999 -9999 -9999 -9999 -9999 -9999 -9999 -9999 -9999 -9999 -9999 -9999 -9999 286.978166537815 284.355025397407 281.731884256999 279.108743116591 276.485601976183 273.862460835775 271.239319695367 268.616178554959 264.912805175782 260.849354383681 256.78590359158 252.722452799479 248.659002007378 244.595551215276 240.532100423176 239.369044452239 246.907172944808 254.445301437376
