data/working_set_collections/6091692-Cassins_Sparrow-MC/1995/bio19.asc
NCOLS 265 
NROWS 230 
XLLCORNER -115.5625 
YLLCORNER 24.8333333333333 
CELLSIZE 0.0833333333333333 
NODATA_value -9999 
[rows 180 to 199 of 230, columns 184 to 229 of 265]
40.4321228027343 42.0448176066079 43.6575124104816 46.6278743743894 50.0507920583085 53.4737097422276 56.8966274261473 60.3195451100664 63.7424627939856 67.1653804779053 70.6188780466714 74.1641152699785 77.7093524932862 81.2545897165933 84.7998269399004 88.3450641632081 91.8903013865152 95.4355386098223 96.0175058364876 95.6117163976042 95.2059269587208 94.8001375198373 94.3943480809538 93.9885586420704 93.5827692031869 94.1633164935642 97.702873971727 101.24243144989 104.781988928053 108.321546406216 111.861103884379 115.400661362542 118.940218840705 124.268529446919 130.193091095818 136.117652744716 142.042214393615 147.966776042514 153.891337691412 159.815899340312 165.355154800415 169.738491694132 174.12182858785 178.505165481567 182.888502375285 187.271839269003
39.333666229248 40.868620554606 42.403574879964 45.1826435089108 48.3764169057206 51.5701903025303 54.7639636993406 57.9577370961504 61.1515104929601 64.3452838897705 67.6076346079506 71.0757172902421 74.5437999725341 78.0118826548256 81.4799653371171 84.9480480194092 88.4161307017007 91.8842133839921 92.3882581710823 91.9042903264371 91.420322481792 90.9363546371467 90.4523867925016 89.9684189478564 89.4844511032112 90.0271819432575 93.6500088373817 97.2728357315064 100.895662625631 104.518489519755 108.141316413879 111.764143308004 115.386970202128 120.650031089782 126.459836641947 132.269642194111 138.079447746277 143.889253298441 149.699058850605 155.508864402771 160.923440678914 165.152329126993 169.381217575073 173.610106023153 177.838994471232 182.067882919312
38.2352096557616 39.692423502604 41.1496373494464 43.7374126434323 46.7020417531327 49.6666708628331 52.631299972534 55.5959290822344 58.5605581919347 61.5251873016356 64.5963911692298 67.9873193105057 71.3782474517821 74.769175593058 78.1601037343338 81.5510318756102 84.9419600168861 88.332888158162 88.7590105056769 88.19686425527 87.6347180048632 87.0725717544562 86.5104255040494 85.9482792536425 85.3861330032355 85.8910473929509 89.5971437030364 93.3032400131225 97.009336323208 100.715432633293 104.42152894338 108.127625253465 111.833721563551 117.031532732645 122.726582188076 128.421631643506 134.116681098938 139.811730554368 145.506780009799 151.20182946523 156.491726557413 160.566166559855 164.640606562297 168.715046564738 172.789486567179 176.863926569621
37.1367530822754 38.5162264506021 39.8956998189289 42.2921817779539 45.027666600545 47.763151423136 50.4986362457275 53.2341210683185 55.9696058909096 58.7050907135011 61.5851477305093 64.8989213307695 68.2126949310303 71.5264685312906 74.8402421315508 78.1540157318116 81.4677893320719 84.7815629323321 85.1297628402718 84.4894381841033 83.8491135279347 83.208788871766 82.5684642155975 81.9281395594289 81.2878149032602 81.7549128426445 85.5442785686914 89.3336442947389 93.1230100207858 96.9123757468326 100.70174147288 104.491107198927 108.280472924974 113.413034375508 118.993327734205 124.573621092901 130.153914451599 135.734207810295 141.314501168992 146.89479452769 152.060012435913 155.980003992716 159.89999554952 163.819987106323 167.739978663126 171.65997021993
36.038296508789 37.3400293986002 38.6417622884113 40.8469509124754 43.3532914479571 45.8596319834387 48.3659725189208 50.8723130544025 53.3786535898842 55.8849941253663 58.5739042917885 61.8105233510331 65.0471424102783 68.2837614695229 71.5203805287675 74.7569995880127 77.9936186472573 81.230237706502 81.5005151748665 80.7820121129362 80.0635090510059 79.3450059890755 78.6265029271452 77.9079998652149 77.1894968032845 77.6187782923379 81.4914134343461 85.364048576355 89.2366837183632 93.1093188603714 96.9819540023803 100.854589144389 104.727224286397 109.794536018371 115.260073280334 120.725610542296 126.19114780426 131.656685066223 137.122222328185 142.587759590149 147.628298314412 151.393841425578 155.159384536743 158.924927647908 162.690470759074 166.45601387024
34.9398399353027 36.1638323465982 37.3878247578937 39.4017200469969 41.6789162953692 43.9561125437415 46.2333087921142 48.5105050404865 50.7877012888588 53.0648975372315 55.5626608530677 58.7221253712967 61.8815898895263 65.0410544077553 68.2005189259843 71.3599834442138 74.5194479624428 77.6789124806718 77.8712675094611 77.0745860417691 76.2779045740771 75.481223106385 74.684541638693 73.887860171001 73.0911787033088 73.4826437420312 77.4385483000008 81.3944528579711 85.3503574159407 89.3062619739103 93.2621665318805 97.2180710898502 101.17397564782 106.176037661234 111.526818826463 116.877599991691 122.228381156921 127.57916232215 132.929943487378 138.280724652608 143.196584192912 146.807678858439 150.418773523967 154.029868189494 157.640962855021 -9999
34.2203223228453 35.3937343491446 36.567146375444 38.4858393033343 40.6529591984215 42.8200790935087 44.9871989885963 47.1543188836835 49.3214387787707 51.4885586738583 53.8962091657844 57.0254514482278 60.1546937306717 63.2839360131151 66.4131782955585 69.5424205780024 72.6716628604458 75.8009051428892 75.9484569549562 75.1021119435631 74.2557669321699 73.4094219207766 72.5630769093834 71.7167318979902 70.8703868865969 71.2172952440042 75.1439637078169 79.0706321716303 82.9973006354431 86.9239690992558 90.8506375630692 94.777306026882 98.7039744906947 103.655712445576 108.949140230814 114.242568016051 119.535995801289 124.829423586527 130.122851371764 135.416279157002 140.294079632229 143.924998177422 147.555916722615 151.186835267808 154.817753813001 158.448672358194
33.8797436714171 35.0297354062396 36.1797271410622 38.0993086814877 40.2754201571142 42.4515316327407 44.6276431083676 46.8037545839941 48.9798660596206 51.1559775352475 53.5745492299391 56.720501581827 59.8664539337153 63.0124062856032 66.158358637491 69.3043109893794 72.4502633412672 75.5962156931551 75.7320835113527 74.8645898183189 73.9970961252851 73.1296024322512 72.2621087392174 71.3946150461836 70.5271213531496 70.8227327982577 74.6076596577952 78.3925865173335 82.177513376871 85.9624402364086 89.7473670959468 93.5322939554844 97.317220815022 102.233560371398 107.527037493387 112.820514615376 118.113991737365 123.407468859354 128.700945981342 133.994423103332 138.920784632364 142.745799382527 146.57081413269 150.395828882852 154.220843633015 -9999
33.5391650199889 34.6657364633346 35.7923079066804 37.7127780596412 39.897881115807 42.0829841719728 44.2680872281389 46.4531902843047 48.6382933404705 50.8233963966366 53.2528892940938 56.4155517154261 59.578214136759 62.7408765580912 65.9035389794235 69.0662014007563 72.2288638220886 75.3915262434209 75.5157100677492 74.6270676930748 73.7384253184004 72.8497829437258 71.9611405690514 71.0724981943769 70.1838558197024 70.4281703525112 74.0713556077736 77.7145408630366 81.357726118299 85.0009113735614 88.6440966288244 92.2872818840868 95.9304671393492 100.81140829722 106.10493475596 111.3984612147 116.691987673441 121.985514132181 127.279040590921 132.572567049662 137.5474896325 141.566600587632 145.585711542765 149.604822497897 153.623933453029 -9999
33.1985863685607 34.3017375204296 35.4048886722986 37.3262474377947 39.5203420744998 41.7144367112048 43.9085313479103 46.1026259846153 48.2967206213204 50.4908152580258 52.9312293582486 56.1106018490253 59.2899743398026 62.4693468305793 65.648719321356 68.8280918121333 72.00746430291 75.1868367936868 75.2993366241457 74.3895455678307 73.4797545115156 72.5699634552004 71.6601723988854 70.7503813425703 69.8405902862551 70.0336079067647 73.5350515577519 77.0364952087398 80.537938859727 84.0393825107143 87.5408261617021 91.0422698126893 94.5437134636766 99.3892562230422 104.682832018533 109.976407814025 115.269983609517 120.563559405008 125.857135200499 131.150710995991 136.174194632636 140.387401792737 144.60060895284 -9999 -9999 -9999
32.8580077171324 33.9377385775246 35.0174694379168 36.9397168159482 39.1428030331925 41.3458892504369 43.5489754676816 45.7520616849259 47.9551479021702 50.158234119415 52.6095694224033 55.8056519826245 59.0017345428462 62.1978171030674 65.3938996632885 68.5899822235102 71.7860647837314 74.9821473439526 75.0829631805422 74.1520234425865 73.2210837046308 72.290143966675 71.3592042287193 70.4282644907637 69.4973247528078 69.6390454610182 72.9987475077303 76.3584495544429 79.718151601155 83.077853647867 86.4375556945797 89.7972577412918 93.1569597880038 97.9671041488641 103.260729281107 108.554354413349 113.847979545593 119.141604677835 124.435229810078 129.728854942321 134.800899632771 139.208202997842 -9999 -9999 -9999 -9999
32.5174290657042 33.5737396346196 34.630050203535 36.5531861941016 38.7652639918853 40.9773417896689 43.1894195874529 45.4014973852365 47.6135751830201 49.8256529808041 52.287909486558 55.5007021162236 58.7134947458898 61.9262873755554 65.139080005221 68.3518726348872 71.5646652645528 74.7774578942184 74.8665897369387 73.9145013173424 72.9624128977461 72.0103244781496 71.0582360585533 70.106147638957 69.1540592193606 69.2444830152717 72.4624434577086 75.680403900146 78.8983643425829 82.1163247850198 85.3342852274573 88.5522456698942 91.7702061123311 96.544952074686 101.83862654368 107.132301012674 112.425975481668 117.719649950662 -9999 -9999 -9999 -9999 -9999 -9999 -9999 -9999
32.1642561912535 33.2389224900138 34.313588788774 36.4512142499283 38.9431594318807 41.435104613833 43.9270497957857 46.4189949777381 48.9109401596904 51.4028853416432 54.0525117450275 57.1751818127086 60.2978518803902 63.4205219480713 66.5431920157524 69.665862083434 72.788532151115 75.9112022187961 76.149573008219 75.4265107048877 74.7034484015565 73.9803860982252 73.257323794894 72.5342614915627 71.8111991882314 71.9511206308983 74.6799933115624 77.4088659922269 80.137738672891 82.8666113535551 85.5954840342196 88.3243567148837 91.0532293955477 95.6696477890006 100.915248086716 106.160848384432 111.406448682148 116.652048979864 -9999 -9999 -9999 -9999 -9999 -9999 -9999 -9999
31.7984890937804 32.9332871437071 34.0680851936337 36.6338009834284 39.6764893531791 42.7191777229298 45.7618660926811 48.8045544624318 51.8472428321825 54.8899312019337 57.9033761978136 60.829091072081 63.754805946349 66.6805208206165 69.6062356948839 72.5319505691518 75.4576654434193 78.3833803176867 78.9319129943843 78.6880516052241 78.4441902160639 78.2003288269036 77.9564674377434 77.7126060485832 77.4687446594229 77.7589583079006 79.6513970692939 81.5438358306874 83.4362745920807 85.328713353474 87.2211521148676 89.1135908762608 91.0060296376541 95.3411912918083 100.490593910216 105.639996528624 110.789399147033 -9999 -9999 -9999 -9999 -9999 -9999 -9999 -9999 -9999
31.4327219963072 32.6276517974004 33.8225815984935 36.8163877169285 40.4098192744776 44.0032508320267 47.5966823895764 51.1901139471254 54.7835455046745 58.3769770622242 61.7542406505997 64.4830003314535 67.2117600123078 69.9405196931616 72.6692793740154 75.3980390548697 78.1267987357236 80.8555584165774 81.7142529805497 81.9495925055604 82.1849320305712 82.420271555582 82.6556110805928 82.8909506056036 83.1262901306144 83.5667959849029 84.6228008270254 85.678805669148 86.7348105112705 87.7908153533929 88.8468201955155 89.902825037638 90.9588298797604 95.0127347946159 100.065939733716 105.119144672816 -9999 -9999 -9999 -9999 -9999 -9999 -9999 -9999 -9999 -9999
31.0669548988341 32.3220164510937 33.5770780033532 36.9989744504285 41.143149195776 45.2873239411234 49.4314986864715 53.5756734318189 57.7198481771663 61.8640229225145 65.6051051033854 68.1369095908256 70.6687140782663 73.2005185657065 75.7323230531467 78.2641275405874 80.7959320280276 83.3277365154678 84.4965929667148 85.2111334058965 85.9256738450783 86.6402142842601 87.3547547234418 88.0692951626235 88.7838356018054 89.3746336619047 89.5942045847564 89.8137755076082 90.0333464304599 90.2529173533116 90.4724882761634 90.6920591990151 90.9116301218668 94.6842782974235 99.641285557216 -9999 -9999 -9999 -9999 -9999 -9999 -9999 -9999 -9999 -9999 -9999
30.7011878013609 32.0163811047869 33.331574408213 37.1815611839286 41.8764791170744 46.5713970502202 51.2663149833668 55.9612329165126 60.6561508496584 65.351068782805 69.4559695561715 71.7908188501981 74.1256681442251 76.4605174382517 78.7953667322783 81.1302160263052 83.4650653203319 85.7999146143584 87.2789329528802 88.4726743062329 89.6664156595856 90.8601570129385 92.0538983662912 93.247639719644 94.4413810729969 95.182471338907 94.5656083424879 93.9487453460687 93.3318823496496 92.7150193532305 92.0981563568114 91.4812933603923 90.8644303639732 94.3558218002312 99.2166313807159 -9999 108.938250541686 -9999 -9999 -9999 -9999 -9999 -9999 -9999 -9999 -9999
30.3354207038878 31.7107457584802 33.0860708130727 37.3641479174287 42.6098090383729 47.855470159317 53.1011312802621 58.3467924012063 63.5924535221505 68.8381146430955 73.3068340089576 75.4447281095705 77.5826222101839 79.7205163107968 81.8584104114098 83.9963045120231 86.1341986126361 88.2720927132491 90.0612729390455 91.7342152065692 93.407157474093 95.080099741617 96.7530420091407 98.4259842766644 100.098926544188 100.990309015909 99.5370121002194 98.0837151845293 96.6304182688394 95.1771213531495 93.7238244374593 92.2705275217694 90.8172306060795 94.0273653030388 98.7919772042158 -9999 -9999 -9999 -9999 -9999 -9999 -9999 -9999 -9999 -9999 -9999
29.7166937669118 31.1278091801536 32.5389245933954 37.0486065705609 42.5911440690347 48.1336815675085 53.6762190659833 59.2187565644571 64.7612940629309 70.3038315614056 74.9682304806176 76.9982136620411 79.0281968434649 81.0581800248884 83.0881632063119 85.1181463877358 87.1481295691593 89.1781127505828 91.1520236968992 93.1072438981794 95.0624640994597 97.0176843007403 98.9729045020205 100.928124703301 102.883344904581 103.868585734898 101.943888452319 100.019191169739 98.0944938871601 96.169796604581 94.2450993220016 92.3204020394225 90.3957047568434 93.666333516438 98.6687376234255 103.671141730413 -9999 -9999 -9999 -9999 -9999 -9999 -9999 -9999 -9999 -9999
28.8450069904326 30.2675713698067 31.6901357491809 36.234937143325 41.8204842090595 47.4060312747941 52.9915783405296 58.5771254062641 64.1626724719986 69.7482195377341 74.4401589711503 76.4512755076086 78.4623920440671 80.4735085805254 82.4846251169836 84.4957416534421 86.5068581899004 88.5179747263586 90.5511852264402 92.5917603810624 94.6323355356847 96.6729106903073 98.7134858449296 100.754060999552 102.794636154174 103.81730149587 101.786237398784 99.7551733016972 97.7241092046107 95.6930451075243 93.6619810104374 91.630916913351 89.5998528162645 93.2727264404288 98.8469126383451 -9999 -9999 -9999 -9999 -9999 -9999 -9999 -9999 -9999 -9999 -9999
