data/working_set_collections/6091692-Cassins_Sparrow-MC/1995/bio18.asc
NCOLS 265 
NROWS 230 
XLLCORNER -115.5625 
YLLCORNER 24.8333333333333 
CELLSIZE 0.0833333333333333 
NODATA_value -9999 
[rows 80 to 99 of 230, columns 0 to 45 of 265]
42.4741835064357 44.0719135920205 45.6696436776052 47.2673737631903 48.865103848775 50.4628339343598 52.0605640199449 53.5376582781473 54.9745405938889 56.4114229096307 57.8483052253723 59.2851875411139 60.7220698568557 62.1589521725973 63.5347686131796 64.7273874282839 65.920006243388 67.1126250584921 68.3052438735964 69.4978626887005 70.6904815038046 71.8831003189089 73.5289448102316 75.3258645269605 77.1227842436897 78.9197039604187 80.7166236771476 82.5135433938768 84.3104631106058 85.9814312616983 87.2745447158814 88.5676581700643 89.8607716242471 91.1538850784302 92.4469985326131 93.740111986796 95.0332254409791 93.9467463811244 92.06706981659 90.1873932520554 88.307716687521 86.4280401229866 84.5483635584519 82.6686869939175 80.5700492541005 77.8145279884345
42.0375288857353 43.5754565556842 45.1133842256331 46.6513118955823 48.1892395655312 49.7271672354801 51.2650949054293 52.564828523 53.7851641231112 55.0054997232225 56.2258353233337 57.4461709234449 58.6665065235563 59.8868421236674 61.096036084493 62.2718051274619 63.4475741704306 64.6233432133993 65.7991122563681 66.9748812993368 68.1506503423055 69.3264193852744 71.11223599116 73.1014017846847 75.0905675782098 77.0797333717345 79.0688991652592 81.0580649587843 83.047230752309 84.8477738062539 86.0824486414591 87.3171234766642 88.5517983118692 89.7864731470744 91.0211479822794 92.2558228174844 93.4904976526897 92.2936184565232 90.2862212498989 88.2788240432744 86.2714268366501 84.2640296300259 82.2566324234014 80.2492352167772 78.0995985984811 75.5232437451686
41.6008742650349 43.078999519348 44.5571247736611 46.0352500279744 47.5133752822875 48.9915005366005 50.4696257909139 51.5919987678528 52.5957876523335 53.5995765368145 54.6033654212953 55.607154305776 56.610943190257 57.6147320747378 58.6573035558066 59.8162228266401 60.9751420974734 62.1340613683066 63.2929806391401 64.4518999099734 65.6108191808067 66.7697384516401 68.6955271720887 70.8769390424091 73.05835091273 75.2397627830505 77.421174653371 79.6025865236918 81.7839983940123 83.7141163508096 84.890352567037 86.0665887832642 87.2428249994913 88.4190612157187 89.5952974319458 90.771533648173 91.9477698644004 90.640490531922 88.505372683208 86.3702548344936 84.2351369857795 82.1000191370655 79.9649012883511 77.829783439637 75.6291479428619 73.2319595019029
41.1642196443345 42.5825424830117 44.0008653216889 45.4191881603664 46.8375109990436 48.2558338377209 49.6741566763983 50.6191690127055 51.4064111815558 52.1936533504063 52.9808955192567 53.768137688107 54.5553798569575 55.3426220258079 56.21857102712 57.3606405258181 58.5027100245159 59.6447795232138 60.7868490219118 61.9289185206097 63.0709880193076 64.2130575180056 66.2788183530171 68.6524763001334 71.02613424725 73.3997921943663 75.7734501414826 78.1471080885993 80.5207660357155 82.5804588953653 83.6982564926148 84.8160540898641 85.9338516871134 87.0516492843629 88.1694468816122 89.2872444788615 90.405042076111 88.9873626073208 86.7245241165169 84.4616856257126 82.1988471349087 79.9360086441048 77.6731701533006 75.4103316624967 73.1586972872425 70.9406752586371
40.7053762012057 42.0742306391396 43.4430850770736 44.8119395150078 46.1807939529417 47.5496483908757 48.9185028288099 49.75990746816 50.425495507982 51.0910835478041 51.7566715876261 52.4222596274481 53.0878476672703 53.7534357070923 54.5560331344603 55.7696587244669 56.9832843144733 58.1969099044798 59.4105354944864 60.6241610844928 61.8377866744992 63.0514122645059 65.2056075096126 67.6733259730863 70.1410444365604 72.6087629000341 75.0764813635078 77.544199826982 80.0119182904557 82.1426289452444 83.2623161739772 84.3820034027097 85.5016906314423 86.621377860175 87.7410650889076 88.8607523176402 89.980439546373 88.5279114405317 86.2179782231653 83.9080450057985 81.5981117884321 79.2881785710657 76.9782453536989 74.6683121363325 72.3935264057587 70.2241831355626
40.2243439356485 41.5540639877318 42.8837840398151 44.2135040918985 45.5432241439818 46.8729441960651 48.2026642481486 49.0142141342163 49.6530406316121 50.291867129008 50.9306936264038 51.5695201237996 52.2083466211955 52.8471731185913 53.6696898778278 55.043277422587 56.416864967346 57.7904525121051 59.1640400568643 60.5376276016233 61.9112151463823 63.2848026911416 65.4758946418758 67.9394880612685 70.4030814806617 72.8666749000545 75.3302683194472 77.7938617388404 80.2574551582332 82.4006265004473 83.5825316111245 84.7644367218015 85.9463418324785 87.1282469431557 88.3101520538327 89.4920571645097 90.6739622751869 89.2621370315554 86.9857350031539 84.7093329747519 82.4329309463504 80.1565289179488 77.8801268895468 75.6037248611453 73.3336352984114 71.0824831326804
39.7433116700913 41.0338973363239 42.3244830025565 43.6150686687893 44.9056543350218 46.1962400012544 47.4868256674872 48.2685208002726 48.8805857552422 49.4926507102119 50.1047156651815 50.7167806201511 51.3288455751208 51.9409105300904 52.7833466211952 54.3168961207071 55.8504456202187 57.3839951197303 58.9175446192422 60.4510941187538 61.9846436182654 63.5181931177773 65.746181774139 68.2056501494508 70.665118524763 73.1245869000748 75.5840552753866 78.0435236506989 80.5029920260107 82.6586240556502 83.9027470482718 85.1468700408933 86.3909930335147 87.6351160261364 88.8792390187579 90.1233620113793 91.367485004001 89.9963626225792 87.7534917831425 85.5106209437054 83.2677501042687 81.0248792648319 78.7820084253948 76.5391375859581 74.2737441910642 71.9407831297982
39.2622794045341 40.513730684916 41.7651819652979 43.01663324568 44.2680845260619 45.5195358064437 46.7709870868258 47.5228274663289 48.1081308788723 48.6934342914158 49.2787377039591 49.8640411165025 50.449344529046 51.0346479415894 51.8970033645627 53.5905148188272 55.2840262730914 56.9775377273556 58.6710491816201 60.3645606358843 62.0580720901485 63.751583544413 66.0164689064021 68.471812237633 70.9271555688643 73.3824989000952 75.837842231326 78.2931855625573 80.7485288937882 82.9166216108531 84.2229624854192 85.5293033599851 86.835644234551 88.1419851091171 89.448325983683 90.7546668582489 92.061007732815 90.730588213603 88.5212485631311 86.3119089126589 84.102569262187 81.8932296117151 79.6838899612428 77.474550310771 75.213853083717 72.799083126916
38.781247138977 39.9935640335082 41.2058809280394 42.4181978225708 43.6305147171019 44.8428316116331 46.0551485061645 46.7771341323853 47.3356760025024 47.8942178726197 48.4527597427369 49.011301612854 49.5698434829713 50.1283853530884 51.0106601079302 52.8641335169473 54.7176069259641 56.5710803349809 58.424553743998 60.2780271530148 62.1315005620316 63.9849739710487 66.2867560386653 68.7379743258152 71.1891926129656 73.6404109001155 76.0916291872654 78.5428474744158 80.9940657615657 83.174619166056 84.5431779225665 85.9117366790768 87.2802954355872 88.6488541920977 90.0174129486081 91.3859717051184 92.754530461629 91.4648138046267 89.2890053431197 87.1131968816123 84.9373884201052 82.7615799585982 80.5857714970907 78.4099630355837 76.1539619763696 73.6573831240338
38.3002148734198 39.4733973821003 40.6465798907808 41.8197623994615 42.992944908142 44.1661274168225 45.3393099255032 46.0314407984416 46.5632211261325 47.0950014538236 47.6267817815145 48.1585621092055 48.6903424368965 49.2221227645874 50.1243168512977 52.1377522150674 54.1511875788368 56.1646229426062 58.178058306376 60.1914936701453 62.2049290339147 64.2183643976845 66.5570431709285 69.0041364139975 71.4512296570669 73.8983229001359 76.3454161432048 78.7925093862742 81.2396026293432 83.4326167212589 84.8633933597139 86.2941699981687 87.7249466366234 89.1557232750784 90.5864999135332 92.017276551988 93.448053190443 92.1990393956505 90.0567621231083 87.9144848505657 85.7722075780235 83.6299303054813 81.4876530329387 79.3453757603965 77.0940708690224 74.5156831211516
39.3184398015336 40.2037008285519 41.0889618555701 41.9742228825885 42.8594839096067 43.744744936625 44.6300059636434 45.2639154434204 45.814041074117 46.3641667048136 46.9142923355102 47.4644179662068 48.0145435969035 48.5646692276 49.5079958279923 51.6309253374734 53.753854846954 55.8767843564347 57.9997138659157 60.1226433753964 62.245572884877 64.3685023943581 66.729354858398 69.1695149739578 71.609675089518 74.0498352050777 76.4899953206375 78.9301554361976 81.3703155517574 83.5979641384545 85.1880781385631 86.7781921386715 88.3683061387799 89.9584201388886 91.548534138997 93.1386481391054 94.728762139214 93.6206310908001 91.6130850262114 89.6055389616224 87.5979928970337 85.590446832445 83.582900767856 81.5753547032674 79.3568441920813 76.5054403411017
41.835921923319 42.1844743728634 42.5330268224077 42.8815792719521 43.2301317214965 43.5786841710408 43.9272366205852 44.4745580673218 45.0881358464559 45.70171362559 46.3152914047241 46.9288691838582 47.5424469629924 48.1560247421264 49.1616970380143 51.3436528841653 53.5256087303158 55.7075645764664 57.8895204226174 60.071476268768 62.2534321149185 64.4353879610695 66.8036911010738 69.234110005696 71.6645289103187 74.094947814941 76.5253667195632 78.9557856241859 81.3862045288082 83.6706614176428 85.5172322591143 87.3638031005855 89.2103739420567 91.0569447835283 92.9035156249995 94.7500864664707 96.5966573079422 95.7295888900756 93.9579740524292 92.1863592147825 90.4147443771361 88.6431295394896 86.8715147018429 85.0998998641965 82.9422819455466 79.6266547838845
44.3534040451046 44.165247917175 43.9770917892454 43.7889356613158 43.6007795333862 43.4126234054566 43.224467277527 43.6852006912231 44.3622306187947 45.0392605463664 45.716290473938 46.3933204015095 47.0703503290812 47.7473802566528 48.8153982480362 51.0563804308571 53.2973626136776 55.5383447964981 57.779326979319 60.0203091621395 62.26129134496 64.5022735277809 66.8780273437496 69.2987050374343 71.7193827311195 74.1400604248043 76.560738118489 78.9814158121742 81.402093505859 83.7433586968311 85.8463863796655 87.9494140624996 90.0524417453336 92.155469428168 94.258497111002 96.3615247938361 98.4645524766705 97.8385466893514 96.3028630786472 94.7671794679428 93.2314958572386 91.6958122465345 90.16012863583 88.6244450251259 86.5277196990123 82.7478692266676
46.8708861668903 46.1460214614867 45.4211567560832 44.6962920506795 43.971427345276 43.2465626398724 42.5216979344687 42.8958433151245 43.6363253911335 44.3768074671427 45.1172895431518 45.8577716191609 46.5982536951701 47.3387357711791 48.4690994580582 50.769107977549 53.0691164970394 55.3691250165298 57.6691335360207 59.9691420555111 62.2691505750015 64.5691590944923 66.9523635864254 69.3633000691726 71.7742365519203 74.1851730346676 76.5961095174148 79.0070460001625 81.4179824829097 83.8160559760194 86.1755405002167 88.5350250244136 90.8945095486105 93.2539940728078 95.6134785970047 97.9729631212015 100.332447645399 99.9475044886271 98.6477521048652 97.3479997211031 96.0482473373412 94.7484949535793 93.4487425698172 92.1489901860553 90.1131574524779 85.8690836694507
49.3883682886757 48.1267950057982 46.8652217229208 45.6036484400431 44.3420751571657 43.0805018742882 41.8189285914106 42.1064859390259 42.9104201634724 43.7143543879191 44.5182886123657 45.3222228368123 46.1261570612589 46.9300912857055 48.1228006680802 50.4818355242409 52.8408703804012 55.1999052365616 57.5589400927223 59.9179749488827 62.277009805043 64.6360446612037 67.0266998291011 69.4278951009109 71.8290903727211 74.2302856445308 76.6314809163406 79.0326761881508 81.4338714599605 83.8887532552077 86.5046946207679 89.1206359863276 91.7365773518873 94.3525187174474 96.9684600830071 99.5844014485668 102.200342814127 102.056462287903 100.992641131083 99.9288199742632 98.8649988174435 97.8011776606239 96.7373565038041 95.6735353469844 93.6985952059432 88.9902981122335
51.9058504104613 50.1075685501099 48.3092866897585 46.5110048294068 44.7127229690554 42.914441108704 41.1161592483524 41.3171285629272 42.1845149358113 43.0519013086955 43.9192876815795 44.7866740544636 45.6540604273478 46.5214468002318 47.7765018781021 50.1945630709328 52.612624263763 55.0306854565933 57.448746649424 59.8668078422542 62.2848690350845 64.7029302279152 67.1010360717769 69.4924901326492 71.8839441935219 74.2753982543941 76.6668523152664 79.0583063761391 81.4497604370113 83.961450534396 86.8338487413191 89.7062469482416 92.5786451551642 95.4510433620872 98.3234415690098 101.195839775932 104.068237982855 104.165420087178 103.337530157301 102.509640227424 101.681750297546 100.853860367669 100.025970437791 99.1980805079139 97.2840329594089 92.1115125550166
53.4759805467395 51.3425094604495 49.2090383741595 47.0755672878691 44.9420962015791 42.8086251152891 40.6751540289987 40.8075630505878 41.6952654414705 42.5829678323533 43.470670223236 44.3583726141186 45.2460750050014 46.1337773958841 47.4118286344735 49.8609264161849 52.3100241978959 54.759121979607 57.2082197613184 59.6573175430294 62.1064153247404 64.5555131064519 66.9689481099443 69.3704955206972 71.7720429314505 74.1735903422034 76.5751377529563 78.9766851637096 81.3782325744625 83.9567225350267 87.0660401450259 90.1753577550247 93.2846753650234 96.3939929750226 99.5033105850213 102.61262819502 105.721945805019 106.072564442952 105.503616756863 104.934669070773 104.365721384684 103.796773698595 103.227826012505 102.658878326416 100.964783445995 95.8952469825745
54.0987586975099 51.8316177368167 49.5644767761235 47.2973358154299 45.0301948547367 42.7630538940435 40.4959129333499 40.577789402008 41.4426716804503 42.3075539588928 43.1724362373351 44.0373185157774 44.9022007942199 45.7670830726623 47.0287809371943 49.4809255599973 51.9330701827999 54.3852148056025 56.8373594284055 59.2895040512081 61.7416486740107 64.1937932968137 66.6304359436032 69.0619112650548 71.4933865865069 73.9248619079586 76.3563372294103 78.7878125508624 81.2192878723141 83.8745692570997 87.2012688318884 90.5279684066766 93.8546679814648 97.1813675562536 100.508067131042 103.83476670583 107.161466280619 107.777895355224 107.490900929769 107.203906504313 106.916912078857 106.629917653401 106.342923227945 106.05592880249 104.740846665701 100.341501394907
54.7215368482804 52.3207260131839 49.9199151780875 47.5191043429907 45.1182935078943 42.7174826727979 40.316671837701 40.348015753428 41.19007791943 42.0321400854322 42.8742022514342 43.7162644174362 44.5583265834384 45.4003887494404 46.6457332399151 49.1009247038097 51.5561161677039 54.0113076315981 56.4664990954927 58.9216905593868 61.376882023281 63.8320734871756 66.291923777262 68.7533270094125 71.2147302415633 73.6761334737138 76.1375367058643 78.5989399380151 81.0603431701656 83.7924159791727 87.3364975187509 90.8805790583286 94.4246605979063 97.9687421374846 101.512823677062 105.05690521664 108.600986756218 109.483226267497 109.478185102674 109.473143937852 109.46810277303 109.463061608208 109.458020443386 109.452979278564 108.516909885407 104.787755807241
55.3443149990508 52.8098342895512 50.2753535800515 47.7408728705515 45.2063921610519 42.6719114515522 40.1374307420522 40.1182421048481 40.9374841584098 41.7567262119716 42.5759682655333 43.395210319095 44.2144523726569 45.0336944262186 46.2626855426359 48.7209238476221 51.1791621526079 53.6374004575936 56.0956387625798 58.5538770675655 61.0121153725513 63.4703536775375 65.9534116109208 68.4447427537701 70.9360738966198 73.427405039469 75.9187361823183 78.4100673251679 80.9013984680172 83.7102627012456 87.4717262056134 91.2331897099806 94.9946532143478 98.7561167187156 102.517580223083 106.27904372745 110.040507231818 111.188557179769 111.46546927558 111.742381371392 112.019293467203 112.296205563015 112.573117658827 112.850029754638 112.292973105113 109.234010219574
