data/working_set_collections/6091692-Cassins_Sparrow-MC/1995/bio11.asc
NCOLS 265 
NROWS 230 
XLLCORNER -115.5625 
YLLCORNER 24.8333333333333 
CELLSIZE 0.0833333333333333 
NODATA_value -9999 
[rows 180 to 199 of 230, columns 92 to 137 of 265]
7.51091324355869 7.42028579049641 7.32965833743415 7.23903088437189 7.14840343130961 7.16758701801299 7.22337428463829 7.27916155126359 7.33494881788888 7.39073608451418 7.44652335113948 7.50231061776477 7.62559643586468 7.95137790838872 8.27715938091271 8.6029408534367 8.92872232596074 9.25450379848473 9.58028527100872 9.90606674353276 10.170568370819 10.4146433830261 10.6587183952331 10.9027934074401 11.1468684196472 11.3909434318542 11.6350184440612 11.805081627104 11.7531093226539 11.7011370182037 11.6491647137536 11.5971924093035 11.5452201048533 11.4932478004032 11.441275495953 11.3805155913035 11.3168264865875 11.2531373818716 11.1894482771556 11.1257591724396 11.0620700677236 10.9983809630076 10.9852228058709 11.123657491472 11.2620921770731 11.4005268626743
7.5155973394712 7.41747939984005 7.31936146020891 7.22124352057777 7.12312558094662 7.14889771938323 7.21596655050912 7.28303538163502 7.35010421276091 7.4171730438868 7.4842418750127 7.55131070613859 7.68379731973004 8.01253728071844 8.34127724170678 8.67001720269512 8.99875716368352 9.32749712467187 9.65623708566021 9.98497704664861 10.2457467079162 10.4838596026102 10.7219724973042 10.9600853919982 11.1981982866922 11.4363111813863 11.6744240760803 11.8391835053762 11.7838825384776 11.728581571579 11.6732806046804 11.6179796377818 11.5626786708832 11.5073777039846 11.452076737086 11.3874619960785 11.3197426637014 11.2520233313243 11.1843039989472 11.11658466657 11.0488653341929 10.9811460018158 10.9623431205749 11.0902895927429 11.2182360649109 11.3461825370788
7.52028143538371 7.41467300918368 7.30906458298367 7.20345615678366 7.09784773058363 7.13020842075347 7.20855881637995 7.28690921200645 7.36525960763294 7.44361000325942 7.52196039888593 7.60031079451241 7.7419982035954 8.07369665304815 8.40539510250085 8.73709355195355 9.0687920014063 9.400490450859 9.7321889003117 10.0638873497645 10.3209250450134 10.5530758221944 10.7852265993754 11.0173773765563 11.2495281537373 11.4816789309183 11.7138297080993 11.8732853836483 11.8146557543013 11.7560261249542 11.6973964956072 11.6387668662601 11.5801372369131 11.521507607566 11.4628779782189 11.3944084008535 11.3226588408152 11.250909280777 11.1791597207387 11.1074101607005 11.0356606006623 10.963911040624 10.939463435279 11.0569216940138 11.1743799527486 11.2918382114834
7.52496553129623 7.41186661852732 7.29876770575843 7.18566879298955 7.07256988022064 7.11151912212371 7.20115108225079 7.29078304237789 7.38041500250497 7.47004696263205 7.55967892275915 7.64931088288623 7.80019908746075 8.13485602537786 8.46951296329491 8.80416990121197 9.13882683912908 9.47348377704613 9.80814071496318 10.1427976528803 10.3961033821105 10.6222920417785 10.8484807014465 11.0746693611145 11.3008580207824 11.5270466804504 11.7532353401184 11.9073872619205 11.845428970125 11.7834706783295 11.721512386534 11.6595540947384 11.5975958029429 11.5356375111474 11.4736792193519 11.4013548056285 11.3255750179291 11.2497952302297 11.1740154425303 11.098235654831 11.0224558671316 10.9466760794322 10.916583749983 11.0235537952847 11.1305238405863 11.237493885888
7.52964962720874 7.40906022787096 7.28847082853319 7.16788142919544 7.04729202985765 7.09282982349394 7.19374334812162 7.29465687274932 7.395570397377 7.49648392200467 7.59739744663237 7.69831097126005 7.85839997132611 8.19601539770757 8.53363082408898 8.87124625047039 9.20886167685186 9.54647710323327 9.88409252961468 10.2217079559961 10.4712817192077 10.6915082613626 10.9117348035176 11.1319613456726 11.3521878878275 11.5724144299825 11.7926409721374 11.9414891401927 11.8762021859487 11.8109152317047 11.7456282774607 11.6803413232168 11.6150543689728 11.5497674147288 11.4844804604848 11.4083012104035 11.3284911950429 11.2486811796824 11.1688711643219 11.0890611489614 11.0092511336009 10.9294411182404 10.8937040646871 10.9901858965556 11.0866677284241 11.1831495602925
7.53433372312125 7.40625383721459 7.27817395130796 7.15009406540132 7.02201417949466 7.07414052486418 7.18633561399245 7.29853070312075 7.41072579224902 7.5229208813773 7.63511597050559 7.74731105963386 7.91660085519146 8.25717477003728 8.59774868488305 8.93832259972882 9.27889651457464 9.6194704294204 9.96004434426617 10.300618259112 10.5464600563049 10.7607244809468 10.9749889055888 11.1892533302307 11.4035177548726 11.6177821795145 11.8320466041565 11.9755910184648 11.9069754017724 11.83835978508 11.7697441683875 11.7011285516951 11.6325129350027 11.5638973183102 11.4952817016178 11.4152476151784 11.3314073721568 11.2475671291352 11.1637268861135 11.0798866430919 10.9960464000702 10.9122061570486 10.8708243793911 10.9568179978264 11.0428116162618 11.1288052346971
7.55126500262157 7.40601440138289 7.26076380014423 7.11551319890556 6.97026259766688 7.03306556145349 7.16521971358191 7.29737386571035 7.42952801783877 7.56168216996719 7.69383632209563 7.82599047422405 8.0102658841344 8.3509050673908 8.69154425064714 9.03218343390349 9.37282261715989 9.71346180041623 10.0541009836726 10.394740166929 10.6339316765467 10.8393072949515 11.0446829133563 11.2500585317611 11.4554341501659 11.6608097685708 11.8661853869756 12.0031283299128 11.9347732464473 11.8664181629817 11.7980630795161 11.7297079960505 11.6613529125849 11.5929978291194 11.5246427456538 11.444211490949 11.3597548458311 11.2752982007133 11.1908415555954 11.1063849104775 11.0219282653597 10.9374716202418 10.8939381546444 10.9731742276085 11.0524103005727 11.1316463735368
7.58044346570972 7.40834192037584 7.236240375042 7.06413882970815 6.89203728437427 6.96960493326186 7.13039564688997 7.29118636051812 7.45197707414624 7.61276778777436 7.77355850140251 7.93434921503062 8.13939505815496 8.47720628976816 8.8150175213813 9.15282875299444 9.49063998460764 9.82845121622078 10.1662624478339 10.5040736794471 10.7336965799331 10.9272567033767 11.1208168268203 11.3143769502639 11.5079370737075 11.7014971971512 11.8950573205947 12.0241010745367 11.9595957199733 11.8950903654099 11.8305850108465 11.7660796562831 11.7015743017197 11.6370689471563 11.5725635925929 11.4951928377152 11.413533616066 11.3318743944168 11.2502151727676 11.1685559511185 11.0868967294693 11.0052375078201 10.963045390447 11.0392545859019 11.1154637813568 11.1916729768117
7.60962192879787 7.4106694393688 7.21171694993977 7.01276446051073 6.81381197108166 6.90614430507022 7.09557158019804 7.28499885532589 7.47442613045371 7.66385340558153 7.85328068070938 8.0427079558372 8.26852423217552 8.60350751214552 8.93849079211545 9.27347407208539 9.60845735205539 9.94344063202533 10.2784239119953 10.6134071919653 10.8334614833196 11.0152061118019 11.1969507402844 11.3786953687667 11.5604399972491 11.7421846257315 11.9239292542139 12.0450738191605 11.9844181934993 11.923762567838 11.8631069421768 11.8024513165156 11.7417956908544 11.6811400651932 11.620484439532 11.5461741844813 11.4673123863008 11.3884505881204 11.3095887899399 11.2307269917594 11.1518651935789 11.0730033953985 11.0321526262495 11.1053349441952 11.1785172621409 11.2516995800866
7.63880039188602 7.41299695836176 7.18719352483754 6.96139009131332 6.73558665778906 6.84268367687859 7.0607475135061 7.27881135013366 7.49687518676118 7.7149390233887 7.93300286001625 8.15106669664377 8.39765340619607 8.72980873452286 9.0619640628496 9.39411939117634 9.72627471950313 10.0584300478299 10.3905853761566 10.7227407044834 10.933226386706 11.1031555202272 11.2730846537484 11.4430137872695 11.6129429207907 11.7828720543119 11.9528011878331 12.0660465637843 12.0092406670253 11.9524347702662 11.8956288735072 11.8388229767482 11.7820170799891 11.7252111832301 11.6684052864711 11.5971555312475 11.5210911565357 11.4450267818239 11.3689624071121 11.2928980324003 11.2168336576886 11.1407692829768 11.101259862052 11.1714153024885 11.241570742925 11.3117261833614
7.66797885497416 7.41532447735471 7.16267009973531 6.9100157221159 6.65736134449645 6.77922304868695 7.02592344681417 7.27262384494143 7.51932424306865 7.76602464119587 8.01272503932313 8.25942543745035 8.52678258021663 8.85610995690022 9.18543733358375 9.51476471026729 9.84409208695088 10.1734194636344 10.502746840318 10.8320742170015 11.0329912900924 11.1911049286524 11.3492185672124 11.5073322057724 11.6654458443323 11.8235594828923 11.9816731214523 12.0870193084081 12.0340631405513 11.9811069726944 11.9281508048376 11.8751946369807 11.8222384691238 11.769282301267 11.7163261334101 11.6481368780136 11.5748699267705 11.5016029755275 11.4283360242844 11.3550690730413 11.2818021217982 11.2085351705551 11.1703670978546 11.2374956607818 11.3046242237091 11.3717527866363
7.69715731806231 7.41765199634767 7.13814667463308 6.85864135291848 6.57913603120384 6.71576242049531 6.99109938012223 7.2664363397492 7.54177329937612 7.81711025900304 8.09244721863001 8.36778417825693 8.65591175423719 8.98241117927757 9.30891060431791 9.63541002935824 9.96190945439863 10.288408879439 10.6149083044793 10.9414077295197 11.1327561934789 11.2790543370776 11.4253524806764 11.5716506242752 11.7179487678739 11.8642469114727 12.0105450550715 12.1079920530319 12.0588856140773 12.0097791751226 11.9606727361679 11.9115662972132 11.8624598582586 11.8133534193039 11.7642469803492 11.6991182247798 11.6286486970054 11.558179169231 11.4877096414566 11.4172401136822 11.3467705859078 11.2763010581334 11.2394743336571 11.3035760190752 11.3676777044932 11.4317793899112
7.86237877209982 7.55442315737405 7.24646754264832 6.9385119279226 6.63055631319682 6.76266424655906 7.04146002928407 7.32025581200912 7.59905159473413 7.87784737745913 8.15664316018418 8.43543894290919 8.72618864112422 9.05280008580946 9.37941153049463 9.70602297517981 10.032634419865 10.3592458645502 10.6858573092354 11.0124687539206 11.1994175036748 11.3398120217853 11.4802065398958 11.6206010580063 11.7609955761167 11.9013900942272 12.0417846123377 12.1356822040346 12.0900890164905 12.0444958289464 11.9989026414024 11.9533094538583 11.9077162663142 11.8621230787701 11.816529891226 11.7523746411006 11.6820320367813 11.6116894324621 11.5413468281428 11.4710042238236 11.4006616195043 11.330319015185 11.2929296731949 11.354400118192 11.4158705631892 11.4773410081863
8.16364321708682 7.82563796043395 7.48763270378114 7.14962744712834 6.81162219047547 6.91992852687829 7.17700539429974 7.43408226172124 7.6911591291427 7.94823599656416 8.20531286398566 8.46238973140712 8.73761324087771 9.06727667649583 9.39694011211389 9.72660354773196 10.0562669833501 10.3859304189681 10.7155938545862 11.0452572902043 11.2329752206802 11.3733779827753 11.5137807448705 11.6541835069656 11.7945862690607 11.9349890311559 12.075391793251 12.1700897614161 12.127673347791 12.085256934166 12.0428405205409 12.0004241069158 11.9580076932907 11.9155912796656 11.8731748660406 11.807906126976 11.7350199460983 11.6621337652207 11.589247584343 11.5163614034653 11.4434752225876 11.3705890417099 11.3307331164678 11.3899679581324 11.449202799797 11.5084376414617
8.46490766207381 8.09685276349386 7.72879786491397 7.36074296633408 6.99268806775413 7.07719280719751 7.31255075931542 7.54790871143337 7.78326666355128 8.01862461566919 8.25398256778714 8.48934051990505 8.7490378406312 9.08175326718221 9.41446869373316 9.74718412028411 10.0798995468351 10.4126149733861 10.745330399937 11.078045826488 11.2665329376856 11.4069439437654 11.5473549498452 11.687765955925 11.8281769620047 11.9685879680845 12.1089989741643 12.2044973187976 12.1652576790916 12.1260180393855 12.0867783996794 12.0475387599733 12.0082991202672 11.9690594805612 11.9298198408551 11.8634376128515 11.7880078554154 11.7125780979792 11.6371483405431 11.561718583107 11.4862888256709 11.4108590682348 11.3685365597407 11.4255357980728 11.4825350364049 11.539534274737
8.76617210706078 8.36806756655374 7.96996302604677 7.5718584855398 7.17375394503276 7.23445708751672 7.44809612433108 7.66173516114548 7.87537419795984 8.08901323477421 8.30265227158861 8.51629130840297 8.76046244038468 9.09622985786858 9.43199727535242 9.76776469283626 10.1035321103202 10.439299527804 10.7750669452878 11.1108343627717 11.300090654691 11.4405099047554 11.5809291548199 11.7213484048843 11.8617676549487 12.0021869050132 12.1426061550776 12.2389048761792 12.2028420103921 12.166779144605 12.1307162788179 12.0946534130308 12.0585905472438 12.0225276814567 11.9864648156696 11.9189690987269 11.8409957647324 11.7630224307378 11.6850490967433 11.6070757627487 11.5291024287542 11.4511290947596 11.4063400030136 11.4611036380132 11.5158672730128 11.5706309080124
9.06743655204778 8.63928236961365 8.2111281871796 7.78297400474555 7.35481982231142 7.39172136783594 7.58364148934676 7.7755616108576 7.96748173236842 8.15940185387924 8.35132197539009 8.5432420969009 8.77188704013817 9.11070644855495 9.44952585697168 9.78834526538841 10.1271646738052 10.4659840822219 10.8048034906387 11.1436228990554 11.3336483716964 11.4740758657455 11.6145033597946 11.7549308538437 11.8953583478927 12.0357858419418 12.1762133359909 12.2733124335607 12.2404263416926 12.2075402498245 12.1746541579564 12.1417680660884 12.1088819742203 12.0759958823522 12.0431097904841 11.9745005846024 11.8939836740494 11.8134667634964 11.7329498529434 11.6524329423905 11.5719160318375 11.4913991212845 11.4441434462865 11.4966714779536 11.5491995096207 11.6017275412877
9.36870099703477 8.91049717267356 8.45229334831242 7.99408952395129 7.53588569959007 7.54898564815516 7.71918685436243 7.88938806056973 8.059589266777 8.22979047298426 8.39999167919156 8.57019288539883 8.78331163989165 9.12518303924133 9.46705443859094 9.80892583794056 10.1507972372902 10.4926686366399 10.8345400359895 11.1764114353391 11.3672060887019 11.5076418267356 11.6480775647693 11.788513302803 11.9289490408367 12.0693847788705 12.2098205169042 12.3077199909422 12.2780106729931 12.248301355044 12.218592037095 12.1888827191459 12.1591734011968 12.1294640832477 12.0997547652986 12.0300320704778 11.9469715833664 11.863911096255 11.7808506091436 11.6977901220322 11.6147296349208 11.5316691478094 11.4819468895594 11.532239317894 11.5825317462285 11.6328241745631
9.77840030855603 9.29542898469497 8.81245766083398 8.329486336973 7.84651501311193 7.81745663483928 7.93970257176284 8.06194850868643 8.18419444561 8.30644038253356 8.42868631945714 8.55093225638071 8.72854537566498 9.07226004203159 9.41597470839815 9.75968937476471 10.1034040411313 10.4471187074979 10.7908333738644 11.1345480402311 11.3250862121582 11.4645655526055 11.6040448930529 11.7435242335002 11.8830035739475 12.0224829143948 12.1619622548421 12.2625510560142 12.2464682393604 12.2303854227066 12.2143026060528 12.1982197893991 12.1821369727453 12.1660541560915 12.1499713394377 12.0889884312948 12.0130388259888 11.9370892206828 11.8611396153768 11.7851900100708 11.7092404047648 11.6332907994588 11.588866633839 11.639018787278 11.689170940717 11.739323094156
10.2965344866117 9.79407780567802 9.29162112474442 8.78916444381082 8.28670776287713 8.19713432788842 8.24518864154809 8.29324295520778 8.34129726886746 8.38935158252714 8.43740589618682 8.4854602098465 8.60758824745808 8.95193745692569 9.29628666639324 9.64063587586079 9.9849850853284 10.329334294796 10.6736835042635 11.0180327137311 11.2072887420654 11.3448470433553 11.4824053446452 11.6199636459351 11.7575219472249 11.8950802485148 12.0326385498047 12.1378056287766 12.1457990407944 12.1537924528122 12.16178586483 12.1697792768478 12.1777726888657 12.1857661008835 12.1937595129013 12.1513696670532 12.0921854019165 12.0330011367798 11.9738168716431 11.9146326065063 11.8554483413696 11.7962640762329 11.7649026791254 11.8170098861058 11.8691170930862 11.9212243000666
