data/working_set_collections/6091692-Cassins_Sparrow-MC/1995/bio15.asc
NCOLS 265 
NROWS 230 
XLLCORNER -115.5625 
YLLCORNER 24.8333333333333 
CELLSIZE 0.0833333333333333 
NODATA_value -9999 
[rows 40 to 59 of 230, columns 184 to 229 of 265]
72.0612285614014 71.8102245330811 71.5592205047608 71.528332901001 71.5708174387614 71.6133019765218 71.6557865142822 71.6982710520426 71.7407555898031 71.7832401275635 71.8083896636963 71.7815341949463 71.7546787261963 71.7278232574463 71.7009677886963 71.6741123199463 71.6472568511962 71.6204013824462 71.3544248580933 71.008741315206 70.6630577723186 70.3173742294312 69.9716906865439 69.6260071436566 69.2803236007692 68.9537040710451 68.6842765808107 68.4148490905763 68.1454216003419 67.8759941101076 67.6065666198731 67.3371391296388 67.0677116394044 66.6896389007569 66.2753510793051 65.8610632578533 65.4467754364015 65.0324876149497 64.6181997934979 64.203911972046 63.7783943812054 63.3191874821982 62.859980583191 62.4007736841839 61.9415667851767 61.4823598861695
71.9526111602784 71.7246417999268 71.4966724395753 71.4820817311605 71.538617240058 71.5951527489556 71.6516882578532 71.7082237667508 71.7647592756483 71.8212947845459 71.8660020192464 71.8752244313558 71.8844468434652 71.8936692555745 71.9028916676839 71.9121140797933 71.9213364919026 71.930558904012 71.5959100723267 71.1466374927098 70.6973649130928 70.2480923334758 69.7988197538589 69.349547174242 68.900274594625 68.5039978875055 68.2667087978788 68.029419708252 67.7921306186253 67.5548415289986 67.3175524393718 67.0802633497451 66.8429742601184 66.4781955718995 66.0709203508166 65.6636451297338 65.2563699086508 64.8490946875679 64.4418194664851 64.0345442454021 63.6202291912504 63.1847946378921 62.7493600845338 62.3139255311755 61.8784909778173 61.4430564244589
71.877941385905 71.6503041585287 71.4226669311524 71.3968700408935 71.4383532630073 71.479836485121 71.5213197072347 71.5628029293485 71.6042861514622 71.6457693735759 71.6729471418593 71.6572085486519 71.6414699554444 71.625731362237 71.6099927690295 71.594254175822 71.5785155826146 71.5627769894071 71.1902317047121 70.6987508561878 70.2072700076636 69.7157891591392 69.2243083106149 68.7328274620906 68.2413466135663 67.8158402654861 67.5882574187386 67.3606745719911 67.1330917252436 66.9055088784961 66.6779260317486 66.4503431850011 66.2227603382536 65.8801815986635 65.4992708947925 65.1183601909216 64.7374494870505 64.3565387831796 63.9756280793086 63.5947173754376 63.2075001716615 62.8013634681704 62.3952267646791 61.9890900611879 61.5829533576967 61.1768166542054
71.8372192382813 71.5872116088868 71.3372039794923 71.2726978302002 71.2700255076091 71.267353185018 71.2646808624268 71.2620085398357 71.2593362172445 71.2566638946534 71.2292250315349 71.1274865468344 71.0257480621339 70.9240095774334 70.8222710927329 70.7205326080324 70.6187941233319 70.5170556386314 70.1373897552493 69.6650814056399 69.1927730560306 68.7204647064212 68.2481563568118 67.7758480072025 67.303539657593 66.8892312049868 66.6489224433901 66.4086136817934 66.1683049201968 65.9279961586001 65.6876873970034 65.4473786354067 65.2070698738101 64.8955969810488 64.5604027112327 64.2252084414167 63.8900141716005 63.5548199017845 63.2196256319684 62.8844313621523 62.5402073224388 62.1688939730329 61.7975806236269 61.426267274221 61.054953924815 60.6836405754091
71.7964970906576 71.5241190592449 71.2517410278321 71.1485256195069 71.1016977522109 71.0548698849149 71.0080420176189 70.9612141503229 70.9143862830269 70.8675584157309 70.7855029212105 70.5977645450169 70.4100261688234 70.2222877926298 70.0345494164362 69.8468110402427 69.6590726640491 69.4713342878556 69.0845478057864 68.6314119550919 68.1782761043975 67.725140253703 67.2720044030086 66.8188685523142 66.3657327016197 65.9626221444874 65.7095874680415 65.4565527915956 65.2035181151498 64.950483438704 64.6974487622581 64.4444140858122 64.1913794093664 63.911012363434 63.6215345276729 63.3320566919117 63.0425788561505 62.7531010203893 62.4636231846281 62.1741453488669 61.8729144732159 61.5364244778953 61.1999344825746 60.863444487254 60.5269544919334 60.1904644966127
71.7557749430339 71.4610265096029 71.166278076172 71.0243534088135 70.9333699968127 70.8423865848118 70.7514031728109 70.6604197608101 70.5694363488092 70.4784529368083 70.3417808108861 70.0680425431995 69.7943042755128 69.5205660078262 69.2468277401396 68.973089472453 68.6993512047663 68.4256129370797 68.0317058563234 67.597742504544 67.1637791527645 66.7298158009849 66.2958524492054 65.8618890974259 65.4279257456463 65.0360130839879 64.7702524926929 64.5044919013979 64.2387313101028 63.9729707188078 63.7072101275128 63.4414495362178 63.1756889449227 62.9264277458192 62.682666344113 62.4389049424067 62.1951435407004 61.9513821389941 61.7076207372879 61.4638593355816 61.2056216239931 60.9039549827577 60.6022883415223 60.300621700287 59.9989550590517 59.6972884178163
71.7150527954102 71.397933959961 71.0808151245118 70.9001811981202 70.7650422414144 70.6299032847087 70.494764328003 70.3596253712973 70.2244864145916 70.0893474578859 69.8980587005617 69.538320541382 69.1785823822023 68.8188442230227 68.459106063843 68.0993679046633 67.7396297454836 67.379891586304 66.9788639068606 66.564073053996 66.1492822011315 65.7344913482668 65.3197004954023 64.9049096425377 64.4901187896731 64.1094040234886 63.8309175173444 63.5524310112002 63.273944505056 62.9954579989118 62.7169714927676 62.4384849866234 62.1599984804792 61.9418431282045 61.7437981605532 61.5457531929018 61.3477082252504 61.1496632575991 60.9516182899477 60.7535733222963 60.5383287747703 60.2714854876202 60.0046422004701 59.73779891332 59.47095562617 59.2041123390199
71.6743306477865 71.3348414103191 70.9953521728517 70.7760089874268 70.5967144860162 70.4174199846057 70.2381254831951 70.0588309817845 69.8795364803739 69.7002419789633 69.4543365902372 69.0085985395645 68.5628604888918 68.1171224382191 67.6713843875464 67.2256463368736 66.7799082862009 66.3341702355282 65.9260219573977 65.530403603448 65.1347852494984 64.7391668955487 64.3435485415991 63.9479301876494 63.5523118336997 63.1827949629892 62.8915825419958 62.6003701210024 62.309157700009 62.0179452790157 61.7267328580222 61.4355204370289 61.1443080160355 60.9572585105898 60.8049299769933 60.6526014433969 60.5002729098004 60.3479443762039 60.1956158426074 60.043287309011 59.8710359255474 59.6390159924826 59.4069960594178 59.1749761263531 58.9429561932883 58.7109362602235
71.6543614705404 71.2854266696507 70.916491868761 70.650616200765 70.4190935770671 70.1875709533692 69.9560483296713 69.7245257059734 69.4930030822755 69.2614804585776 68.9614689297148 68.4559906853572 67.9505124409995 67.4450341966419 66.9395559522843 66.4340777079266 65.928599463569 65.4231212192114 65.0218461354575 64.6553054385717 64.2887647416858 63.9222240447999 63.5556833479141 63.1891426510283 62.8226019541424 62.4778699874879 62.1985642115276 61.9192584355673 61.639952659607 61.3606468836468 61.0813411076864 60.8020353317262 60.5227295557659 60.348870976766 60.2101614634197 60.0714519500733 59.9327424367269 59.7940329233806 59.6553234100342 59.5166138966879 59.3579886542427 59.139616224501 58.9212437947592 58.7028713650175 58.4844989352757 58.2661265055339
71.655145263672 71.2496897379558 70.8442342122397 70.5240028381348 70.2321795145672 69.9403561909995 69.6485328674317 69.3567095438641 69.0648862202964 68.7730628967286 68.4194557189944 67.88049697876 67.3415382385256 66.8025794982913 66.2636207580569 65.7246620178225 65.1857032775881 64.6467445373538 64.2663364410402 63.9387785593671 63.6112206776939 63.2836627960207 62.9561049143475 62.6285470326743 62.3009891510011 61.994629096985 61.7518625259401 61.5090959548951 61.2663293838502 61.0235628128053 60.7807962417603 60.5380296707154 60.2952630996705 60.1166805267335 59.9594926198324 59.8023047129314 59.6451168060303 59.4879288991293 59.3307409922283 59.1735530853272 58.9991869608562 58.7732861836753 58.5473854064942 58.3214846293133 58.0955838521323 57.8696830749513
71.6559290568035 71.213952806261 70.7719765557185 70.3973894755046 70.0452654520672 69.6931414286297 69.3410174051922 68.9888933817547 68.6367693583172 68.2846453348797 67.8774425082739 67.3050032721628 66.7325640360516 66.1601247999405 65.5876855638295 65.0152463277183 64.4428070916072 63.8703678554961 63.5108267466229 63.2222516801624 62.9336766137019 62.6451015472413 62.3565264807809 62.0679514143204 61.7793763478598 61.511388206482 61.3051608403525 61.0989334742229 60.8927061080934 60.6864787419638 60.4802513758342 60.2740240097047 60.0677966435751 59.8844900767009 59.7088237762452 59.5331574757895 59.3574911753337 59.181824874878 59.0061585744223 58.8304922739665 58.6403852674697 58.4069561428495 58.1735270182293 57.940097893609 57.7066687689888 57.4732396443686
71.656712849935 71.1782158745661 70.6997188991972 70.2707761128744 69.8583513895672 69.4459266662599 69.0335019429526 68.6210772196453 68.2086524963381 67.7962277730307 67.3354292975534 66.7295095655656 66.1235898335777 65.5176701015898 64.911750369602 64.3058306376141 63.6999109056263 63.0939911736385 62.7553170522055 62.5057248009577 62.2561325497099 62.006540298462 61.7569480472142 61.5073557959664 61.2577635447185 61.0281473159791 60.8584591547649 60.6887709935507 60.5190828323365 60.3493946711223 60.1797065099081 60.0100183486939 59.8403301874797 59.6522996266684 59.458154932658 59.2640102386476 59.0698655446371 58.8757208506267 58.6815761566163 58.4874314626059 58.2815835740832 58.0406261020238 57.7996686299643 57.5587111579048 57.3177536858454 57.0767962137859
71.6574966430665 71.1424789428712 70.6274612426759 70.1441627502442 69.6714373270672 69.1987119038901 68.725986480713 68.253261057536 67.7805356343589 67.3078102111818 66.7934160868329 66.1540158589684 65.5146156311037 64.8752154032392 64.2358151753746 63.59641494751 62.9570147196455 62.3176144917809 61.9998073577883 61.7891979217531 61.578588485718 61.3679790496828 61.1573696136476 60.9467601776125 60.7361507415773 60.5449064254762 60.4117574691774 60.2786085128785 60.1454595565797 60.0123106002809 59.879161643982 59.7460126876832 59.6128637313844 59.4201091766358 59.2074860890707 58.9948630015056 58.7822399139405 58.5696168263754 58.3569937388103 58.1443706512452 57.9227818806967 57.6742960611981 57.4258102416993 57.1773244222006 56.928838602702 56.6803527832032
71.658280436198 71.1067420111763 70.5552035861547 70.017549387614 69.4845232645672 68.9514971415204 68.4184710184734 67.8854448954266 67.3524187723798 66.8193926493328 66.2514028761124 65.5785221523712 64.9056414286298 64.2327607048885 63.5598799811472 62.8869992574058 62.2141185336645 61.5412378099233 61.2442976633709 61.0726710425484 60.9010444217259 60.7294178009034 60.557791180081 60.3861645592585 60.214537938436 60.0616655349732 59.9650557835898 59.8684460322063 59.7718362808228 59.6752265294394 59.5786167780559 59.4820070266724 59.385397275289 59.1879187266033 58.9568172454835 58.7257157643637 58.4946142832439 58.2635128021241 58.0324113210043 57.8013098398845 57.5639801873102 57.3079660203723 57.0519518534343 56.7959376864964 56.5399235195585 56.2839093526205
71.6682942072551 71.0884226693049 70.5085511313546 69.926242764791 69.343122122023 68.760001479255 68.1768808364869 67.593760193719 67.010639550951 66.4275189081829 65.8210368898182 65.144470744663 64.4679045995078 63.7913384543527 63.1147723091975 62.4382061640423 61.7616400188872 61.085073873732 60.8089203516643 60.6662377039592 60.5235550562541 60.380872408549 60.238189760844 60.0955071131389 59.9528244654338 59.8249585681492 59.741542922126 59.6581272761027 59.5747116300795 59.4912959840563 59.4078803380331 59.3244646920098 59.2410490459866 59.0321049054464 58.7813179334005 58.5305309613547 58.2797439893087 58.0289570172629 57.778170045217 57.527383073171 57.2726400481331 57.0060288641189 56.7394176801046 56.4728064960905 56.2061953120762 55.939584128062
71.6875379562379 71.0875209172568 70.4875038782757 69.870242881775 69.2472338994346 68.6242249170941 68.0012159347535 67.3782069524131 66.7551979700726 66.1321889877321 65.5023181279502 64.8518616358441 64.201405143738 63.5509486516319 62.9004921595258 62.2500356674196 61.5995791753135 60.9491226832074 60.6936754226685 60.5698979059856 60.4461203893026 60.3223428726197 60.1985653559367 60.0747878392538 59.9510103225708 59.8347855250041 59.741218884786 59.6476522445679 59.5540856043498 59.4605189641317 59.3669523239136 59.2733856836955 59.1798190434774 58.9526677131653 58.6809881528219 58.4093085924785 58.1376290321351 57.8659494717917 57.5942699114483 57.3225903511048 57.0487614631654 56.7684845924379 56.4882077217103 56.2079308509828 55.9276539802553 55.6473771095277
71.7067817052206 71.0866191652087 70.4664566251969 69.8142429987591 69.1513456768461 68.4884483549332 67.8255510330201 67.1626537111072 66.4997563891943 65.8368590672812 65.1835993660823 64.5592525270252 63.9349056879681 63.310558848911 62.686212009854 62.0618651707968 61.4375183317398 60.8131714926828 60.5784304936727 60.4735581080119 60.3686857223511 60.2638133366903 60.1589409510295 60.0540685653687 59.9491961797079 59.844612481859 59.740894847446 59.637177213033 59.5334595786201 59.4297419442071 59.3260243097941 59.2223066753812 59.1185890409682 58.8732305208843 58.5806583722433 58.2880862236024 57.9955140749614 57.7029419263205 57.4103697776795 57.1177976290386 56.8248828781977 56.5309403207568 56.2369977633159 55.9430552058751 55.6491126484342 55.3551700909933
71.7260254542034 71.0857174131607 70.445409372118 69.7582431157431 69.0554574542577 68.3526717927723 67.6498861312867 66.9471004698013 66.2443148083159 65.5415291468304 64.8648806042143 64.2666434182063 63.6684062321982 63.0701690461902 62.4719318601822 61.8736946741741 61.2754574881661 60.6772203021581 60.4631855646769 60.3772183100383 60.2912510553996 60.2052838007609 60.1193165461223 60.0333492914836 59.9473820368449 59.8544394387139 59.7405708101061 59.6267021814982 59.5128335528904 59.3989649242825 59.2850962956747 59.1712276670668 59.057359038459 58.7937933286032 58.4803285916647 58.1668638547263 57.8533991177877 57.5399343808493 57.2264696439108 56.9130049069723 56.6010042932299 56.2933960490758 55.9857878049215 55.6781795607674 55.3705713166132 55.062963072459
71.7452692031861 71.0848156611126 70.4243621190391 69.7022432327272 68.9595692316693 68.2168952306114 67.4742212295534 66.7315472284955 65.9888732274376 65.2461992263796 64.5461618423464 63.9740343093874 63.4019067764284 62.8297792434694 62.2576517105105 61.6855241775514 61.1133966445924 60.5412691116335 60.3479406356812 60.2808785120646 60.2138163884481 60.1467542648316 60.079692141215 60.0126300175985 59.945567893982 59.8642663955689 59.7402467727661 59.6162271499634 59.4922075271607 59.368187904358 59.2441682815552 59.1201486587525 58.9961290359497 58.7143561363221 58.3799988110861 58.0456414858501 57.7112841606141 57.3769268353781 57.0425695101421 56.7082121849061 56.3771257082622 56.0558517773947 55.7345778465272 55.4133039156597 55.0920299847922 54.7707560539247
71.7645129521689 71.0839139090645 70.4033148659602 69.6462433497112 68.8636810090809 68.0811186684505 67.29855632782 66.5159939871896 65.7334316465592 64.9508693059287 64.2274430804784 63.6814252005685 63.1354073206585 62.5893894407486 62.0433715608387 61.4973536809287 60.9513358010188 60.4053179211088 60.2326957066854 60.184538714091 60.1363817214966 60.0882247289022 60.0400677363078 59.9919107437134 59.943753751119 59.8740933524238 59.7399227354262 59.6057521184286 59.471581501431 59.3374108844334 59.2032402674357 59.0690696504381 58.9348990334405 58.634918944041 58.2796690305075 57.924419116974 57.5691692034404 57.2139192899069 56.8586693763734 56.5034194628399 56.1532471232945 55.8183075057137 55.4833678881328 55.148428270552 54.8134886529712 54.4785490353903
