data/working_set_collections/6091692-Cassins_Sparrow-MC/1995/bio15.asc
NCOLS 265 
NROWS 230 
XLLCORNER -115.5625 
YLLCORNER 24.8333333333333 
CELLSIZE 0.0833333333333333 
NODATA_value -9999 
[rows 40 to 59 of 230, columns 92 to 137 of 265]
34.9664236863457 33.8904855887097 32.8145474910739 31.738609393438 30.662671295802 30.1796717643739 29.8943184216818 29.6089650789897 29.3236117362977 29.0382583936056 28.7529050509135 28.4675517082215 28.2302649815877 28.1371781031291 28.0440912246704 27.9510043462118 27.8579174677531 27.7648305892945 27.6717437108358 27.5786568323771 28.5158872127531 29.7965566794075 31.0772261460621 32.3578956127165 33.6385650793709 34.9192345460255 36.1999040126799 37.555174954732 39.1342503229773 40.713325691223 42.2924010594683 43.8714764277137 45.4505517959594 47.0296271642047 48.6087025324501 49.6143238067628 50.4287937164307 51.2432636260986 52.0577335357667 52.8722034454346 53.6866733551026 54.5011432647706 55.7107067108151 58.1055507659907 60.5003948211668 62.8952388763424
34.4402342955274 33.43888891538 32.4375435352328 31.4361981550855 30.4348527749381 29.9937989234925 29.7395089149476 29.4852189064026 29.2309288978577 28.9766388893128 28.7223488807679 28.468058872223 28.2523260116577 28.1522645950317 28.0522031784058 27.9521417617798 27.8520803451538 27.7520189285279 27.6519575119019 27.5518960952759 28.451603746414 29.6845677534737 30.9175317605335 32.1504957675932 33.3834597746529 34.6164237817128 35.8493877887724 37.1445121553206 38.6261176003347 40.107723045349 41.589328490363 43.070933935377 44.5525393803913 46.0341448254054 47.5157502704194 48.4468756357829 49.1945076412625 49.942139646742 50.6897716522217 51.4374036577013 52.1850356631809 52.9326676686606 54.1590647803409 56.821757210625 59.4844496409095 62.1471420711936
33.7875509474016 32.8613322363961 31.9351135253909 31.0088948143856 30.0826761033802 29.6890596389771 29.472977256775 29.2568948745728 29.0408124923707 28.8247301101685 28.6086477279664 28.3925653457642 28.2020514647166 28.0882430871328 27.974434709549 27.8606263319652 27.7468179543813 27.6330095767975 27.5192011992137 27.4053928216299 28.3082236289976 29.5499341646828 30.7916447003681 32.0333552360533 33.2750657717384 34.5167763074238 35.7584868431089 37.043185361226 38.4568478266394 39.870510292053 41.2841727574663 42.6978352228796 44.1114976882932 45.5251601537066 46.9388226191199 47.8202662785847 48.5243036693995 49.2283410602144 49.9323784510294 50.6364158418442 51.3404532326591 52.044490623474 53.2774783452346 56.097317059834 58.917155774434 61.7369944890334
33.0083736419681 32.157815551758 31.3072574615481 30.4566993713382 29.6061412811281 29.2654539108277 29.094723447164 28.9239929835002 28.7532625198365 28.5825320561728 28.411801592509 28.2410711288453 28.0794413407644 27.9451135794322 27.8107858181 27.6764580567678 27.5421302954356 27.4078025341035 27.2734747727713 27.1391470114391 28.085746860504 29.3926559130348 30.6995649655659 32.0064740180967 33.3133830706275 34.6202921231586 35.9272011756894 37.2511945724484 38.6264410018917 40.0016874313352 41.3769338607785 42.7521802902218 44.1274267196653 45.5026731491086 46.8779195785519 47.7344957351684 48.4181818008421 49.1018678665159 49.7855539321899 50.4692399978636 51.1529260635374 51.8366121292113 53.0659474054966 55.9322303136182 58.7985132217403 61.6647961298618
32.2291963365346 31.4542988671199 30.6794013977053 29.9045039282907 29.129606458876 28.8418481826783 28.716469637553 28.5910910924276 28.4657125473023 28.340334002177 28.2149554570516 28.0895769119263 27.9568312168122 27.8019840717316 27.647136926651 27.4922897815705 27.3374426364899 27.1825954914094 27.0277483463288 26.8729012012482 27.8632700920103 29.2353776613868 30.6074852307636 31.9795928001401 33.3517003695167 34.7238079388935 36.09591550827 37.4592037836707 38.796034177144 40.1328645706174 41.4696949640907 42.8065253575639 44.1433557510374 45.4801861445106 46.8170165379838 47.648725191752 48.3120599322847 48.9753946728175 49.6387294133503 50.3020641538831 50.9653988944158 51.6287336349486 52.8544164657586 55.7671435674023 58.6798706690466 61.5925977706903
31.450019031101 30.7507821824817 30.0515453338625 29.3523084852433 28.6530716366239 28.4182424545289 28.338215827942 28.258189201355 28.1781625747681 28.0981359481812 28.0181093215943 27.9380826950074 27.83422109286 27.658854564031 27.4834880352021 27.3081215063731 27.1327549775442 26.9573884487153 26.7820219198863 26.6066553910574 27.6407933235166 29.0780994097389 30.5154054959614 31.9527115821836 33.3900176684058 34.8273237546283 36.2646298408506 37.6672129948931 38.9656273523963 40.2640417098997 41.5624560674028 42.860870424906 44.1592847824094 45.4576991399126 46.7561134974158 47.5629546483357 48.2059380637273 48.848921479119 49.4919048945108 50.1348883099025 50.7778717252942 51.420855140686 52.6428855260207 55.6020568211865 58.5612281163529 61.5203994115187
30.6708417256676 30.0472654978436 29.4236892700197 28.8001130421959 28.1765368143719 27.9946367263795 27.959962018331 27.9252873102824 27.8906126022339 27.8559378941854 27.8212631861369 27.7865884780884 27.7116109689077 27.5157250563304 27.3198391437531 27.1239532311758 26.9280673185985 26.7321814060212 26.5362954934439 26.3404095808666 27.418316555023 28.9208211580909 30.4233257611591 31.925830364227 33.428334967295 34.9308395703632 36.4333441734311 37.8752222061154 39.1352205276485 40.3952188491819 41.655217170715 42.9152154922482 44.1752138137815 45.4352121353147 46.6952104568478 47.4771841049193 48.09981619517 48.7224482854206 49.3450803756713 49.9677124659219 50.5903445561726 51.2129766464233 52.4313545862827 55.4369700749707 58.4425855636592 61.4482010523471
29.8916644202341 29.3437488132055 28.7958332061769 28.2479175991484 27.7000019921198 27.57103099823 27.5817082087199 27.5923854192098 27.6030626296997 27.6137398401896 27.6244170506796 27.6350942611694 27.5890008449555 27.3725955486298 27.1561902523041 26.9397849559785 26.7233796596528 26.5069743633271 26.2905690670014 26.0741637706757 27.1958397865293 28.7635429064429 30.3312460263568 31.8989491462705 33.4666522661841 35.034355386098 36.6020585060117 38.0832314173377 39.3048137029008 40.5263959884641 41.7479782740272 42.9695605595903 44.1911428451536 45.4127251307167 46.6343074162798 47.391413561503 47.9936943266126 48.5959750917221 49.1982558568318 49.8005366219414 50.4028173870509 51.0050981521606 52.2198236465447 55.2718833287549 58.3239430109655 61.3760026931756
29.1666588412393 28.6608378463323 28.1550168514253 27.6491958565184 27.1433748616114 27.0421190738679 27.0757183551789 27.1093176364899 27.142916917801 27.176516199112 27.210115480423 27.2437147617341 27.2176014476353 27.0123503473071 26.8070992469789 26.6018481466506 26.3965970463224 26.1913459459941 25.9860948456659 25.7808437453376 26.9339841206866 28.5399216545949 30.1458591885035 31.7517967224119 33.3577342563202 34.9636717902288 36.5696093241371 38.1027303271821 39.4174017376366 40.7320731480914 42.0467445585459 43.3614159690005 44.6760873794552 45.9907587899098 47.3054302003643 48.1359908421831 48.8051812277896 49.4743716133961 50.1435619990027 50.8127523846093 51.4819427702157 52.1511331558224 53.3815840403229 56.2958164215077 59.210048802693 62.1242811838777
28.4958249886833 27.9985325972241 27.501240205765 27.0039478143058 26.5066554228466 26.407900953293 26.4419924577078 26.4760839621227 26.5101754665376 26.5442669709525 26.5783584753673 26.6124499797822 26.5974127769472 26.4349894523622 26.2725661277772 26.1101428031923 25.9477194786073 25.7852961540223 25.6228728294374 25.4604495048524 26.6327495574949 28.2499574025469 29.8671652475991 31.4843730926511 33.1015809377031 34.7187887827554 36.3359966278074 37.9337189356483 39.4729846318558 41.0122503280637 42.5515160242712 44.0907817204788 45.6300474166866 47.1693131128941 48.7085788091017 49.71091594696 50.5342768987015 51.357637850443 52.1809988021846 53.004359753926 53.8277207056675 54.6510816574091 55.9166357676178 58.5087693532297 61.100902938842 63.6930365244539
27.8249911361273 27.3362273481159 26.8474635601045 26.3586997720932 25.8699359840818 25.773682832718 25.8082665602367 25.8428502877554 25.8774340152741 25.9120177427928 25.9466014703116 25.9811851978303 25.9772241062589 25.8576285574172 25.7380330085755 25.6184374597338 25.4988419108921 25.3792463620505 25.2596508132088 25.1400552643671 26.3315149943031 27.9599931504988 29.5884713066947 31.2169494628904 32.845427619086 34.473905775282 36.1023839314776 37.7647075441145 39.5285675260751 41.292427508036 43.0562874899965 44.8201474719571 46.584007453918 48.3478674358786 50.1117274178392 51.2858410517371 52.2633725696135 53.24090408749 54.2184356053666 55.195967123243 56.1734986411195 57.1510301589961 58.4516874949129 60.7217222849518 62.9917570749912 65.2617918650302
27.1541572835712 26.6739220990076 26.1936869144441 25.7134517298806 25.233216545317 25.139464712143 25.1745406627656 25.2096166133881 25.2446925640107 25.2797685146332 25.3148444652558 25.3499204158784 25.3570354355707 25.2802676624723 25.2034998893739 25.1267321162754 25.049964343177 24.9731965700786 24.8964287969802 24.8196610238817 26.0302804311114 27.6700288984507 29.3097773657903 30.9495258331296 32.5892743004689 34.2290227678085 35.8687712351479 37.5956961525807 39.5841504202943 41.5726046880083 43.5610589557219 45.5495132234355 47.5379674911495 49.5264217588631 51.5148760265767 52.8607661565141 53.9924682405255 55.124170324537 56.2558724085486 57.38757449256 58.5192765765714 59.650978660583 60.9867392222079 62.934675216674 64.8826112111404 66.8305472056065
26.4833234310152 26.0116168498995 25.5399102687838 25.0682036876681 24.5964971065523 24.5052465915681 24.5408147652945 24.5763829390209 24.6119511127473 24.6475192864737 24.6830874602001 24.7186556339265 24.7368467648825 24.7029067675274 24.6689667701722 24.6350267728171 24.6010867754619 24.5671467781068 24.5332067807516 24.4992667833965 25.7290458679197 27.3800646464027 29.0310834248859 30.6821022033689 32.3331209818519 33.9841397603351 35.6351585388181 37.4266847610469 39.6397333145135 41.8527818679805 44.0658304214472 46.2788789749138 48.4919275283808 50.7049760818474 52.9180246353141 54.435691261291 55.7215639114374 57.0074365615838 58.2933092117304 59.5791818618768 60.8650545120232 62.1509271621698 63.5217909495028 65.147628148396 66.7734653472894 68.3993025461826
25.8124895784592 25.3493116007912 24.8861336231233 24.4229556454555 23.9597776677875 23.8710284709931 23.9070888678234 23.9431492646536 23.9792096614838 24.0152700583141 24.0513304551443 24.0873908519746 24.1166580941943 24.1255458725824 24.1344336509705 24.1433214293587 24.1522092077468 24.1610969861349 24.169984764523 24.1788725429111 25.427811304728 27.0901003943546 28.7523894839815 30.4146785736081 32.0769676632348 33.7392567528617 35.4015458424884 37.2576733695131 39.6953162087328 42.1329590479528 44.5706018871725 47.0082447263922 49.4458875656123 51.8835304048319 54.3211732440516 56.0106163660681 57.4506595823494 58.8907027986308 60.3307460149124 61.7707892311938 63.2108324474751 64.6508756637567 66.0568426767979 67.3605810801181 68.6643194834386 69.9680578867589
25.3798469066621 24.9092186133068 24.4385903199515 23.9679620265962 23.4973337332409 23.3853832085928 23.3929919401805 23.4006006717682 23.408209403356 23.4158181349437 23.4234268665314 23.4310355981192 23.4583129988777 23.5445964071486 23.6308798154196 23.7171632236905 23.8034466319614 23.8897300402323 23.9760134485033 24.0622968567742 25.4186897277829 27.1984524197044 28.9782151116262 30.7579778035478 32.5377404954693 34.3175031873911 36.0972658793127 38.0644895447617 40.594096130794 43.1237027168268 45.6533093028591 48.1829158888914 50.7125224749241 53.2421290609564 55.7717356469887 57.499631563822 58.9602905909216 60.4209496180211 61.8816086451209 63.3422676722204 64.80292669932 66.2635857264197 67.6394584019976 68.7609720230099 69.8824856440224 71.0039992650347
25.1853954156241 24.6913378874462 24.1972803592683 23.7032228310905 23.2091653029125 23.0483108043671 22.998523982366 22.9487371603649 22.8989503383637 22.8491635163626 22.7993766943615 22.7495898723604 22.7618114789328 22.9600583712261 23.1583052635193 23.3565521558126 23.5547990481059 23.7530459403992 23.9512928326924 24.1495397249857 25.7016811370846 27.7051207224523 29.7085603078203 31.711999893188 33.7154394785557 35.7188790639237 37.7223186492914 39.8471332867932 42.3360730806976 44.8250128746025 47.313952668507 49.8028924624115 52.2918322563165 54.7807720502209 57.2697118441254 58.9027368545528 60.2504569371536 61.5981770197545 62.9458971023555 64.2936171849564 65.6413372675572 66.9890573501583 68.2696381251014 69.3488009770707 70.4279638290402 71.5071266810096
24.9909439245861 24.4734571615856 23.9559703985851 23.4384836355847 22.9209968725841 22.7112384001415 22.6040560245515 22.4968736489615 22.3896912733715 22.2825088977815 22.1753265221915 22.0681441466015 22.0653099589878 22.3755203353035 22.6857307116191 22.9959410879347 23.3061514642504 23.616361840566 23.9265722168816 24.2367825931972 25.9846725463863 28.2117890252002 30.4389055040144 32.6660219828283 34.8931384616421 37.1202549404564 39.3473714192702 41.6297770288247 44.0780500306014 46.5263230323785 48.9745960341552 51.4228690359318 53.8711420377089 56.3194150394856 58.7676880412623 60.3058421452836 61.5406232833858 62.7754044214879 64.0101855595903 65.2449666976924 66.4797478357946 67.714528973897 68.8998178482052 69.9366299311316 70.9734420140582 72.0102540969846
24.7964924335481 24.255576435725 23.7146604379019 23.1737444400789 22.6328284422558 22.3741659959158 22.2095880667369 22.0450101375581 21.8804322083792 21.7158542792003 21.5512763500215 21.3866984208426 21.3688084390428 21.7909822993809 22.2131561597188 22.6353300200568 23.0575038803948 23.4796777407328 23.9018516010707 24.3240254614088 26.267663955688 28.7184573279481 31.1692507002085 33.6200440724685 36.0708374447286 38.521630816989 40.9724241892491 43.4124207708563 45.8200269805052 48.2276331901544 50.6352393998033 53.0428456094521 55.4504518191014 57.8580580287502 60.2656642383991 61.7089474360145 62.8307896296179 63.9526318232214 65.074474016825 66.1963162104285 67.318158404032 68.4400005976356 69.5299975713091 70.5244588851925 71.5189201990761 72.5133815129595
24.6020409425101 24.0376957098644 23.4733504772188 22.9090052445731 22.3446600119274 22.0370935916902 21.8151201089224 21.5931466261547 21.371173143387 21.1491996606192 20.9272261778515 20.7052526950838 20.6723069190979 21.2064442634583 21.7405816078186 22.2747189521789 22.8088562965393 23.3429936408996 23.8771309852599 24.4112683296203 26.5506553649897 29.2251256306959 31.8995958964026 34.5740661621088 37.2485364278149 39.9230066935216 42.5974769592278 45.1950645128877 47.5620039304088 49.9289433479302 52.2958827654512 54.6628221829723 57.0297616004937 59.3967010180147 61.7636404355358 63.1120527267452 64.12095597585 65.1298592249547 66.1387624740597 67.1476657231645 68.1565689722693 69.1654722213742 70.1601772944129 71.1122878392534 72.064398384094 73.0165089289344
24.4075894514721 23.8198149840038 23.2320405165356 22.6442660490674 22.056491581599 21.7000211874645 21.4206521511079 21.1412831147513 20.8619140783947 20.5825450420381 20.3031760056815 20.0238069693249 19.9758053991529 20.6219062275357 21.2680070559183 21.914107884301 22.5602087126837 23.2063095410664 23.8524103694491 24.4985111978318 26.8336467742915 29.7317939334438 32.6299410925967 35.528088251749 38.4262354109014 41.3243825700543 44.2225297292066 46.9777082549193 49.3039808803125 51.6302535057062 53.9565261310994 56.2827987564926 58.6090713818862 60.9353440072794 63.2616166326726 64.515158017476 65.4111223220821 66.3070866266882 67.2030509312945 68.0990152359005 68.9949795405066 69.8909438451129 70.7903570175168 71.7001167933143 72.6098765691119 73.5196363449094
