data/working_set_collections/6091692-Cassins_Sparrow-MC/1995/bio2.asc
NCOLS 265 
NROWS 230 
XLLCORNER -115.5625 
YLLCORNER 24.8333333333333 
CELLSIZE 0.0833333333333333 
NODATA_value -9999 
[rows 160 to 179 of 230, columns 92 to 137 of 265]
16.2421248118083 16.2940347035726 16.3459445953369 16.3978544871012 16.4497643788656 16.4666637897491 16.4718930403391 16.4771222909292 16.4823515415192 16.4875807921092 16.4928100426992 16.4980392932892 16.4881382147471 16.4328461488088 16.3775540828705 16.3222620169322 16.2669699509939 16.2116778850555 16.1563858191172 16.1010937531789 16.0841684341431 16.0800320307414 16.0758956273397 16.071759223938 16.0676228205363 16.0634864171346 16.0593500137329 16.0688045183817 16.1190317471822 16.1692589759827 16.2194862047831 16.2697134335836 16.319940662384 16.3701678911845 16.4203951199849 16.3649103879929 16.2741883357366 16.1834662834803 16.0927442312241 16.0020221789678 15.9113001267115 15.8205780744553 15.7418615102768 15.6991614103317 15.6564613103867 15.6137612104416
16.25041080051 16.3028576321072 16.3553044637044 16.4077512953016 16.4601981268989 16.4803755601247 16.4897965272268 16.4992174943288 16.5086384614309 16.5180594285329 16.527480395635 16.536901362737 16.5292299959395 16.4702816274431 16.4113332589467 16.3523848904504 16.293436521954 16.2344881534576 16.1755397849613 16.1165914164649 16.0982439041138 16.0934300104777 16.0886161168416 16.0838022232056 16.0789883295695 16.0741744359334 16.0693605422974 16.0801094373067 16.1375466982523 16.194983959198 16.2524212201436 16.3098584810893 16.3672957420349 16.4247330029805 16.4821702639262 16.4260503371557 16.3320780144798 16.2381056918038 16.1441333691279 16.050161046452 15.9561887237761 15.8622164011002 15.7795140292909 15.7306215100818 15.6817289908727 15.6328364716636
16.2703440348307 16.3232095082601 16.3760749816894 16.4289404551188 16.4818059285482 16.5019819895426 16.5112615797255 16.5205411699083 16.5298207600911 16.539100350274 16.5483799404568 16.5576595306396 16.5498454676734 16.4907504452599 16.4316554228465 16.372560400433 16.3134653780196 16.2543703556061 16.1952753331926 16.1361803107791 16.1172509034475 16.1117100344764 16.1061691655053 16.1006282965342 16.0950874275631 16.089546558592 16.084005689621 16.094725089603 16.1542252964443 16.2137255032857 16.2732257101271 16.3327259169684 16.3922261238098 16.4517263306512 16.5112265374925 16.4596469163895 16.3710406859716 16.2824344555537 16.1938282251358 16.1052219947179 16.0166157643 15.9280095338821 15.8479607979456 15.7935845454534 15.7392082929611 15.6848320404688
16.3019245147705 16.3550903320312 16.408256149292 16.4614219665527 16.5145877838135 16.5314830780029 16.5362881978353 16.5410933176676 16.5458984375 16.5507035573324 16.5555086771647 16.5603137969971 16.5499846299489 16.4942526022593 16.4385205745697 16.3827885468801 16.3270565191905 16.2713244915009 16.2155924638112 16.1598604361216 16.1411894321442 16.1348721027374 16.1285547733307 16.1222374439239 16.1159201145172 16.1096027851105 16.1032854557037 16.1126514752706 16.1690675417582 16.2254836082458 16.2818996747335 16.3383157412211 16.3947318077087 16.4511478741964 16.507563940684 16.4657001256943 16.3910763502121 16.3164525747299 16.2418287992477 16.1672050237656 16.0925812482834 16.0179574728012 15.9472018162409 15.8880505164464 15.8288992166519 15.7697479168574
16.3335049947103 16.3869711558024 16.4404373168945 16.4939034779866 16.5473696390788 16.5609841664632 16.5613148159451 16.561645465427 16.5619761149089 16.5623067643907 16.5626374138726 16.5629680633545 16.5501237922245 16.4977547592587 16.4453857262929 16.3930166933272 16.3406476603614 16.2882786273956 16.2359095944299 16.1835405614641 16.1651279608409 16.1580341709985 16.1509403811561 16.1438465913137 16.1367528014713 16.1296590116289 16.1225652217865 16.1305778609382 16.1839097870721 16.237241713206 16.2905736393399 16.3439055654738 16.3972374916077 16.4505694177416 16.5039013438754 16.4717533349991 16.4111120144526 16.3504706939062 16.2898293733597 16.2291880528132 16.1685467322667 16.1079054117203 16.0464428345362 15.9825164874395 15.9185901403427 15.854663793246
16.36508547465 16.4188519795736 16.4726184844971 16.5263849894206 16.5801514943441 16.5904852549235 16.5863414340549 16.5821976131863 16.5780537923177 16.5739099714491 16.5697661505805 16.5656223297119 16.5502629545 16.5012569162581 16.4522508780162 16.4032448397742 16.3542388015323 16.3052327632904 16.2562267250485 16.2072206868066 16.1890664895376 16.1811962392595 16.1733259889815 16.1654557387034 16.1575854884254 16.1497152381473 16.1418449878693 16.1485042466058 16.1987520323859 16.2489998181661 16.2992476039462 16.3494953897264 16.3997431755066 16.4499909612867 16.5002387470669 16.4778065443039 16.4311476786931 16.3844888130824 16.3378299474716 16.2911710818609 16.2445122162501 16.1978533506393 16.1456838528315 16.0769824584325 16.0082810640335 15.9395796696345
16.3966659545898 16.4507328033447 16.5047996520996 16.5588665008545 16.6129333496094 16.6199863433838 16.6113680521647 16.6027497609456 16.5941314697266 16.5855131785075 16.5768948872884 16.5682765960693 16.5504021167755 16.5047590732575 16.4591160297394 16.4134729862213 16.3678299427033 16.3221868991852 16.2765438556671 16.2309008121491 16.2130050182342 16.2043583075205 16.1957115968068 16.1870648860931 16.1784181753794 16.1697714646657 16.161124753952 16.1664306322733 16.2135942776998 16.2607579231262 16.3079215685526 16.3550852139791 16.4022488594055 16.4494125048319 16.4965761502584 16.4838597536087 16.4511833429337 16.4185069322586 16.3858305215836 16.3531541109085 16.3204777002335 16.2878012895584 16.2449248711268 16.1714484294256 16.0979719877243 16.024495546023
16.4282464345296 16.4826136271159 16.5369808197021 16.5913480122884 16.6457152048747 16.6494874318441 16.6363946702745 16.623301908705 16.6102091471354 16.5971163855659 16.5840236239963 16.5709308624268 16.550541279051 16.5082612302568 16.4659811814626 16.4237011326684 16.3814210838742 16.33914103508 16.2968609862857 16.2545809374915 16.236943546931 16.2275203757816 16.2180972046322 16.2086740334829 16.1992508623335 16.1898276911841 16.1804045200348 16.1843570179409 16.2284365230136 16.2725160280863 16.316595533159 16.3606750382317 16.4047545433044 16.4488340483771 16.4929135534498 16.4899129629135 16.4712190071742 16.4525250514348 16.4338310956955 16.4151371399562 16.3964431842168 16.3777492284775 16.3441658894221 16.2659144004186 16.1876629114151 16.1094114224116
16.4527464707692 16.5054843425751 16.5582222143809 16.6109600861867 16.6636979579926 16.6636496384939 16.6460059218937 16.6283622052934 16.6107184886932 16.593074772093 16.5754310554928 16.5577873388926 16.5350264708201 16.4969141483307 16.4588018258413 16.4206895033519 16.3825771808624 16.344464858373 16.3063525358836 16.2682402133942 16.2530229727427 16.2454374260373 16.2378518793318 16.2302663326263 16.2226807859209 16.2150952392154 16.20750969251 16.2122756534152 16.2540961371528 16.2959166208903 16.3377371046278 16.3795575883653 16.4213780721029 16.4631985558404 16.5050190395779 16.5094910780589 16.5015136347877 16.4935361915164 16.4855587482452 16.477581304974 16.4696038617028 16.4616264184316 16.4361824962828 16.3583391375012 16.2804957787196 16.202652419938
16.4701660633087 16.5193449497223 16.5685238361359 16.6177027225494 16.666881608963 16.6624729633331 16.6402018070221 16.6179306507111 16.5956594944 16.573388338089 16.551117181778 16.5288460254669 16.5038576920827 16.4707178274791 16.4375779628754 16.4044380982717 16.371298233668 16.3381583690643 16.3050185044607 16.271878639857 16.2612432956696 16.2581094582876 16.2549756209056 16.2518417835236 16.2487079461416 16.2455741087596 16.2424402713776 16.2501865386963 16.2905731201172 16.3309597015381 16.371346282959 16.4117328643799 16.4521194458008 16.4925060272217 16.5328926086426 16.5425940990448 16.5420672257741 16.5415403525034 16.5410134792328 16.5404866059621 16.5399597326914 16.5394328594208 16.5209746917089 16.4487226406733 16.3764705896378 16.3042185386022
16.4875856558482 16.5332055568695 16.5788254578908 16.6244453589121 16.6700652599335 16.6612962881724 16.6343976921505 16.6074990961287 16.5806005001068 16.553701904085 16.5268033080631 16.4999047120412 16.4726889133453 16.4445215066274 16.4163540999095 16.3881866931915 16.3600192864736 16.3318518797557 16.3036844730377 16.2755170663198 16.2694636185964 16.2707814905379 16.2720993624793 16.2734172344208 16.2747351063622 16.2760529783037 16.2773708502452 16.2880974239773 16.3270501030816 16.3660027821859 16.4049554612901 16.4439081403944 16.4828608194987 16.521813498603 16.5607661777072 16.5756971200307 16.5826208167606 16.5895445134905 16.5964682102203 16.6033919069502 16.6103156036801 16.6172393004099 16.605766887135 16.5391061438455 16.4724454005559 16.4057846572664
16.5050052483876 16.5470661640167 16.5891270796458 16.6311879952748 16.6732489109039 16.6601196130117 16.628593577279 16.5970675415463 16.5655415058136 16.5340154700809 16.5024894343482 16.4709633986155 16.441520134608 16.4183251857758 16.3951302369436 16.3719352881114 16.3487403392792 16.325545390447 16.3023504416148 16.2791554927826 16.2776839415232 16.2834535227882 16.2892231040531 16.294992685318 16.3007622665829 16.3065318478478 16.3123014291127 16.3260083092583 16.363527086046 16.4010458628336 16.4385646396213 16.4760834164089 16.5136021931966 16.5511209699843 16.5886397467719 16.6088001410166 16.623174407747 16.6375486744775 16.6519229412079 16.6662972079383 16.6806714746687 16.6950457413991 16.6905590825611 16.6294896470176 16.5684202114741 16.5073507759306
16.5224248409271 16.5609267711639 16.5994287014008 16.6379306316376 16.6764325618744 16.658942937851 16.6227894624074 16.5866359869639 16.5504825115204 16.5143290360769 16.4781755606334 16.4420220851898 16.4103513558706 16.3921288649241 16.3739063739777 16.3556838830312 16.3374613920848 16.3192389011383 16.3010164101919 16.2827939192454 16.2859042644501 16.2961255550384 16.3063468456268 16.3165681362152 16.3267894268036 16.337010717392 16.3472320079803 16.3639191945394 16.4000040690104 16.4360889434814 16.4721738179525 16.5082586924235 16.5443435668945 16.5804284413655 16.6165133158366 16.6419031620026 16.6637279987335 16.6855528354645 16.7073776721954 16.7292025089264 16.7510273456573 16.7728521823883 16.7753512779872 16.7198731501897 16.6643950223923 16.6089168945948
16.5398444334666 16.5747873783112 16.6097303231557 16.6446732680003 16.6796162128448 16.6577662626902 16.6169853475359 16.5762044323815 16.5354235172272 16.4946426020728 16.4538616869185 16.4130807717641 16.3791825771332 16.3659325440725 16.3526825110118 16.3394324779511 16.3261824448903 16.3129324118296 16.2996823787689 16.2864323457082 16.2941245873769 16.3087975872887 16.3234705872006 16.3381435871124 16.3528165870243 16.3674895869361 16.3821625868479 16.4018300798204 16.4364810519748 16.4711320241292 16.5057829962836 16.540433968438 16.5750849405924 16.6097359127468 16.6443868849012 16.6750061829885 16.70428158972 16.7335569964515 16.762832403183 16.7921078099145 16.821383216646 16.8506586233775 16.8601434734133 16.8102566533619 16.7603698333104 16.710483013259
16.5767465962304 16.607459253735 16.6381719112396 16.6688845687442 16.6995972262488 16.670222791036 16.6208193249173 16.5714158587986 16.5220123926799 16.4726089265612 16.4232054604424 16.3738019943237 16.3352384302351 16.3291945722368 16.3231507142385 16.3171068562402 16.3110629982419 16.3050191402435 16.2989752822452 16.2929314242469 16.3075153668721 16.3289752430386 16.350435119205 16.3718949953715 16.3933548715379 16.4148147477044 16.4362746238708 16.4601238515642 16.4911411338382 16.5221584161122 16.5531756983863 16.5841929806603 16.6152102629344 16.6462275452084 16.6772448274824 16.7040581226349 16.7294700887468 16.7548820548587 16.7802940209707 16.8057059870826 16.8311179531945 16.8565299193064 16.8650221771664 16.8227553102705 16.7804884433747 16.7382215764788
16.6331313292185 16.6589423974355 16.6847534656525 16.7105645338694 16.7363756020864 16.6963125228882 16.6342913945516 16.572270266215 16.5102491378784 16.4482280095419 16.3862068812053 16.3241857528687 16.2785189151764 16.2819149494171 16.2853109836578 16.2887070178986 16.2921030521393 16.29549908638 16.2988951206207 16.3022911548614 16.3260766029358 16.356658522288 16.3872404416402 16.4178223609924 16.4484042803446 16.4789861996968 16.5095681190491 16.5388005097707 16.5639843146006 16.5891681194305 16.6143519242604 16.6395357290904 16.6647195339203 16.6899033387502 16.7150871435801 16.7290589809418 16.739293495814 16.7495280106862 16.7597625255585 16.7699970404307 16.7802315553029 16.7904660701752 16.7899873892466 16.7573691209158 16.7247508525849 16.692132584254
16.6895160622067 16.710425541136 16.7313350200653 16.7522444989946 16.7731539779239 16.7224022547404 16.6477634641859 16.5731246736315 16.498485883077 16.4238470925225 16.3492083019681 16.2745695114136 16.2217994001177 16.2346353265974 16.2474712530772 16.260307179557 16.2731431060367 16.2859790325165 16.2988149589962 16.311650885476 16.3446378389994 16.3843418015374 16.4240457640754 16.4637497266134 16.5034536891513 16.5431576516893 16.5828616142273 16.6174771679772 16.636827495363 16.6561778227488 16.6755281501346 16.6948784775204 16.7142288049062 16.733579132292 16.7529294596778 16.7540598392487 16.7491169028812 16.7441739665137 16.7392310301463 16.7342880937788 16.7293451574114 16.7244022210439 16.7149526013269 16.691982931561 16.6690132617951 16.6460435920292
16.7459007951948 16.7619086848365 16.7779165744781 16.7939244641198 16.8099323537615 16.7484919865926 16.6612355338203 16.5739790810479 16.4867226282756 16.3994661755032 16.3122097227309 16.2249532699585 16.1650798850589 16.1873557037777 16.2096315224965 16.2319073412153 16.2541831599342 16.276458978653 16.2987347973718 16.3210106160906 16.3631990750631 16.4120250807868 16.4608510865105 16.5096770922343 16.558503097958 16.6073291036818 16.6561551094055 16.6961538261837 16.7096706761254 16.7231875260671 16.7367043760088 16.7502212259504 16.7637380758921 16.7772549258338 16.7907717757755 16.7790606975555 16.7589403099484 16.7388199223412 16.7186995347341 16.698579147127 16.6784587595198 16.6583383719127 16.6399178134071 16.6265967422062 16.6132756710053 16.5999545998044
16.802285528183 16.813391828537 16.824498128891 16.835604429245 16.846710729599 16.7745817184448 16.6747076034546 16.5748334884644 16.4749593734741 16.3750852584839 16.2752111434937 16.1753370285034 16.1083603700002 16.1400760809581 16.1717917919159 16.2035075028737 16.2352232138316 16.2669389247894 16.2986546357473 16.3303703467051 16.3817603111267 16.4397083600362 16.4976564089457 16.5556044578552 16.6135525067647 16.6715005556742 16.7294486045837 16.7748304843902 16.7825138568878 16.7901972293854 16.7978806018829 16.8055639743805 16.813247346878 16.8209307193756 16.8286140918732 16.8040615558624 16.7687637170156 16.7334658781688 16.6981680393219 16.6628702004751 16.6275723616282 16.5922745227814 16.5648830254873 16.5612105528514 16.5575380802155 16.5538656075796
16.8586702611711 16.8648749722375 16.8710796833038 16.8772843943702 16.8834891054365 16.8006714502971 16.6881796730889 16.5756878958808 16.4631961186727 16.3507043414646 16.2382125642565 16.1257207870484 16.0516408549415 16.0927964581384 16.1339520613352 16.1751076645321 16.216263267729 16.2574188709259 16.2985744741228 16.3397300773197 16.4003215471903 16.4673916392856 16.5344617313809 16.6015318234761 16.6686019155714 16.7356720076667 16.8027420997619 16.8535071425968 16.8553570376502 16.8572069327036 16.8590568277571 16.8609067228105 16.862756617864 16.8646065129174 16.8664564079708 16.8290624141693 16.7785871240828 16.7281118339963 16.6776365439097 16.6271612538232 16.5766859637367 16.5262106736501 16.4898482375675 16.4958243634966 16.5018004894257 16.5077766153548
