data/working_set_collections/6091692-Cassins_Sparrow-MC/1995/bio2.asc
NCOLS 265 
NROWS 230 
XLLCORNER -115.5625 
YLLCORNER 24.8333333333333 
CELLSIZE 0.0833333333333333 
NODATA_value -9999 
[rows 100 to 119 of 230, columns 46 to 91 of 265]
14.9836184978485 15.1714173158009 15.3592161337534 15.5470149517059 15.7348137696584 15.9226125876108 15.9148099899292 15.8418069203695 15.7688038508097 15.69580078125 15.6227977116903 15.5497946421305 15.4767915725708 15.4117211103439 15.3704484701156 15.3291758298874 15.2879031896591 15.2466305494308 15.2053579092026 15.1640852689743 15.122812628746 15.091880273819 15.064394680659 15.036909087499 15.009423494339 14.981937901179 14.954452308019 14.926966714859 14.9058306058248 14.9037429491679 14.901655292511 14.8995676358541 14.8974799791972 14.8953923225403 14.8933046658834 14.8912170092265 14.8744204759598 14.8527209838231 14.8310214916865 14.8093219995499 14.7876225074132 14.7659230152766 14.74422352314 14.7244239091873 14.7103239297867 14.6962239503861
14.9557702859242 15.1635454866621 15.3713206873999 15.5790958881378 15.7868710888756 15.9946462896135 15.9954025268555 15.9271524429321 15.8589023590088 15.7906522750854 15.7224021911621 15.6541521072388 15.5859020233154 15.5237847460641 15.4800658888287 15.4363470315933 15.3926281743579 15.3489093171226 15.3051904598872 15.2614716026518 15.2177527454164 15.1877424399058 15.1623016516368 15.1368608633677 15.1114200750987 15.0859792868296 15.0605384985606 15.0350977102915 15.0131101290385 15.0014821688334 14.9898542086283 14.9782262484233 14.9665982882182 14.9549703280131 14.943342367808 14.9317144076029 14.9071000178655 14.8781568182839 14.8492136187024 14.8202704191208 14.7913272195392 14.7623840199577 14.7334408203761 14.707512556182 14.6906290981505 14.6737456401189
14.976092505455 15.1682081513934 15.3603237973319 15.5524394432703 15.7445550892088 15.9366707351473 15.9463818311692 15.8952914105522 15.8442009899352 15.7931105693182 15.7420201487012 15.6909297280841 15.6398393074672 15.5914790762795 15.5513094133801 15.5111397504807 15.4709700875812 15.4308004246818 15.3906307617823 15.3504610988829 15.3102914359834 15.2811013301214 15.255571076605 15.2300408230887 15.2045105695724 15.1789803160561 15.1534500625398 15.1279198090235 15.1037344164318 15.083583606614 15.0634327967962 15.0432819869783 15.0231311771605 15.0029803673426 14.9828295575248 14.9626787477069 14.9332723855972 14.9007808393902 14.8682892931832 14.8357977469762 14.8033062007692 14.7708146545622 14.7383231083552 14.7107946607802 14.698155509101 14.6855163574219
15.0445851564407 15.185405309995 15.3262254635493 15.4670456171036 15.6078657706578 15.7486859242122 15.7677479028702 15.7462238232295 15.7246997435888 15.7031756639481 15.6816515843074 15.6601275046667 15.6386034250259 15.6148041009903 15.5841790437698 15.5535539865494 15.5229289293289 15.4923038721085 15.461678814888 15.4310537576675 15.4004287004471 15.3719569444656 15.3442029555639 15.3164489666621 15.2886949777603 15.2609409888585 15.2331869999568 15.205433011055 15.1777034680049 15.1500472625097 15.1223910570145 15.0947348515193 15.0670786460241 15.0394224405289 15.0117662350337 14.9841100295385 14.952937579155 14.920593047142 14.8882485151291 14.8559039831161 14.8235594511032 14.7912149190903 14.7588703870773 14.7342702229818 14.7329031626383 14.7315361022949
15.1130778074264 15.2026024685965 15.2921271297667 15.3816517909368 15.4711764521069 15.560701113277 15.5891139745712 15.5971562359068 15.6051984972424 15.613240758578 15.6212830199136 15.6293252812492 15.6373675425847 15.6381291257011 15.6170486741596 15.5959682226181 15.5748877710766 15.5538073195351 15.5327268679937 15.5116464164522 15.4905659649107 15.4628125588099 15.4328348345227 15.4028571102354 15.3728793859482 15.3429016616609 15.3129239373737 15.2829462130864 15.2516725195779 15.2165109184053 15.1813493172328 15.1461877160602 15.1110261148877 15.0758645137151 15.0407029125426 15.00554131137 14.9726027727127 14.9404052548938 14.908207737075 14.8760102192561 14.8438127014372 14.8116151836183 14.7794176657995 14.7577457851834 14.7676508161757 14.777555847168
15.1815704584122 15.2197996271981 15.2580287959841 15.29625796477 15.3344871335559 15.3727163023419 15.4104800462723 15.4480886485842 15.485697250896 15.5233058532079 15.5609144555198 15.5985230578317 15.6361316601435 15.6614541504118 15.6499183045493 15.6383824586868 15.6268466128243 15.6153107669618 15.6037749210993 15.5922390752368 15.5807032293743 15.5536681731542 15.5214667134815 15.4892652538088 15.457063794136 15.4248623344633 15.3926608747906 15.3604594151179 15.3256415711509 15.282974574301 15.2403075774511 15.1976405806012 15.1549735837513 15.1123065869014 15.0696395900514 15.0269725932015 14.9922679662705 14.9602174626456 14.9281669590208 14.896116455396 14.8640659517712 14.8320154481464 14.7999649445216 14.781221347385 14.802398469713 14.823575592041
15.2500631093979 15.2369967857997 15.2239304622014 15.2108641386032 15.197797815005 15.1847314914068 15.2318461179733 15.2990210612615 15.3661960045497 15.4333709478378 15.500545891126 15.5677208344142 15.6348957777023 15.6847791751226 15.6827879349391 15.6807966947555 15.678805454572 15.6768142143885 15.674822974205 15.6728317340215 15.670840493838 15.6445237874985 15.6100985924403 15.5756733973821 15.5412482023239 15.5068230072657 15.4723978122075 15.4379726171493 15.3996106227239 15.3494382301966 15.2992658376694 15.2490934451421 15.1989210526148 15.1487486600876 15.0985762675603 15.0484038750331 15.0119331598282 14.9800296703974 14.9481261809667 14.916222691536 14.8843192021052 14.8524157126745 14.8205122232437 14.8046969095866 14.8371461232503 14.869595336914
15.3185557603836 15.2541939444012 15.1898321284188 15.1254703124364 15.0611084964541 14.9967466804717 15.0532121896744 15.1499534739388 15.2466947582033 15.3434360424678 15.4401773267322 15.5369186109967 15.6336598952611 15.7081041998333 15.7156575653288 15.7232109308243 15.7307642963197 15.7383176618152 15.7458710273107 15.7534243928061 15.7609777583016 15.7353794018427 15.6987304713991 15.6620815409554 15.6254326105118 15.5887836800681 15.5521347496245 15.5154858191808 15.4735796742969 15.4159018860923 15.3582240978877 15.3005463096831 15.2428685214784 15.1851907332738 15.1275129450692 15.0698351568646 15.0315983533859 14.9998418781493 14.9680854029126 14.9363289276759 14.9045724524392 14.8728159772025 14.8410595019658 14.8281724717882 14.8718937767876 14.9156150817871
15.3768490076065 15.2851081132889 15.1933672189713 15.1016263246536 15.009885430336 14.9181445360184 14.972930987676 15.076559887992 15.180188788308 15.283817688624 15.3874465889401 15.4910754892561 15.5947043895721 15.6759391599231 15.689991540379 15.7040439208349 15.7180963012907 15.7321486817466 15.7462010622025 15.7602534426583 15.7743058231142 15.7491088787715 15.7108288261626 15.6725487735536 15.6342687209447 15.5959886683358 15.5577086157269 15.519428563118 15.4766055398517 15.4201536046134 15.3637016693751 15.3072497341368 15.2507977988985 15.1943458636602 15.1378939284219 15.0814419931836 15.0442165056864 15.0133998341031 14.9825831625197 14.9517664909363 14.9209498193529 14.8901331477695 14.8593164761861 14.8489645030763 14.9000066253874 14.9510487476985
15.4249428510666 15.3297392924627 15.2345357338587 15.1393321752548 15.0441286166509 14.948925058047 14.9910025119781 15.078840303421 15.1666780948639 15.2545158863068 15.3423536777496 15.4301914691925 15.5180292606354 15.588284055392 15.6057898600896 15.6232956647873 15.640801469485 15.6583072741826 15.6758130788803 15.693318883578 15.7108246882757 15.6857122182846 15.6463936567307 15.6070750951767 15.5677565336228 15.5284379720688 15.4891194105148 15.4498008489609 15.4086882193883 15.36219338576 15.3156985521317 15.2692037185033 15.222708884875 15.1762140512467 15.1297192176183 15.08322438399 15.0497876167297 15.0207035382589 14.991619459788 14.9625353813171 14.9334513028463 14.9043672243754 14.8752831459045 14.867073003451 14.9214846690496 14.9758963346481
15.4730366945267 15.3743704716365 15.2757042487462 15.177038025856 15.0783718029658 14.9797055800756 15.0090740362803 15.08112071885 15.1531674014197 15.2252140839895 15.2972607665592 15.3693074491289 15.4413541316986 15.5006289508608 15.5215881798003 15.5425474087397 15.5635066376792 15.5844658666187 15.6054250955582 15.6263843244976 15.6473435534371 15.6223155577978 15.5819584872988 15.5416014167998 15.5012443463008 15.4608872758018 15.4205302053028 15.3801731348038 15.340770898925 15.3042331669066 15.2676954348882 15.2311577028699 15.1946199708515 15.1580822388331 15.1215445068148 15.0850067747964 15.055358727773 15.0280072424147 15.0006557570563 14.973304271698 14.9459527863397 14.9186013009813 14.891249815623 14.8851815038257 14.9429627127117 15.0007439215978
15.5211305379868 15.4190016508103 15.3168727636337 15.2147438764572 15.1126149892807 15.0104861021042 15.0271455605825 15.083401134279 15.1396567079756 15.1959122816722 15.2521678553687 15.3084234290653 15.3646790027618 15.4129738463296 15.4373864995109 15.4617991526922 15.4862118058735 15.5106244590547 15.535037112236 15.5594497654173 15.5838624185986 15.5589188973109 15.5175233178669 15.4761277384228 15.4347321589788 15.3933365795348 15.3519410000907 15.3105454206467 15.2728535784616 15.2462729480532 15.2196923176448 15.1931116872364 15.166531056828 15.1399504264196 15.1133697960112 15.0867891656028 15.0609298388163 15.0353109465705 15.0096920543247 14.9840731620789 14.958454269833 14.9328353775872 14.9072164853414 14.9032900042004 14.9644407563739 15.0255915085475
15.5692243814468 15.463632829984 15.3580412785212 15.2524497270584 15.1468581755956 15.0412666241328 15.0452170848846 15.085681549708 15.1261460145315 15.1666104793549 15.2070749441783 15.2475394090017 15.2880038738251 15.3253187417984 15.3531848192215 15.3810508966446 15.4089169740677 15.4367830514908 15.4646491289139 15.492515206337 15.5203812837601 15.4955222368241 15.453088148435 15.4106540600459 15.3682199716568 15.3257858832677 15.2833517948787 15.2409177064896 15.2049362579982 15.1883127291997 15.1716892004013 15.1550656716029 15.1384421428045 15.121818614006 15.1051950852076 15.0885715564092 15.0665009498596 15.0426146507263 15.018728351593 14.9948420524597 14.9709557533264 14.9470694541931 14.9231831550598 14.9213985045751 14.9859188000361 15.0504390954971
15.6173182249069 15.5082640091578 15.3992097934087 15.2901555776596 15.1811013619105 15.0720471461614 15.0632886091868 15.087961965137 15.1126353210873 15.1373086770376 15.1619820329878 15.1866553889381 15.2113287448883 15.2376636372672 15.2689831389321 15.300302640597 15.3316221422619 15.3629416439268 15.3942611455917 15.4255806472566 15.4569001489215 15.4321255763372 15.3886529790031 15.345180381669 15.3017077843348 15.2582351870007 15.2147625896666 15.1712899923325 15.1370189375348 15.1303525103463 15.1236860831579 15.1170196559694 15.110353228781 15.1036868015925 15.0970203744041 15.0903539472156 15.0720720609029 15.0499183548821 15.0277646488614 15.0056109428406 14.9834572368198 14.961303530799 14.9391498247782 14.9395070049498 15.0073968436983 15.0752866824468
15.6430185953776 15.5389803356595 15.4349420759413 15.3309038162232 15.226865556505 15.1228272967868 15.1070569753647 15.1207093000412 15.1343616247177 15.1480139493942 15.1616662740707 15.1753185987472 15.1889709234238 15.2055199649599 15.2307591570748 15.2559983491898 15.2812375413047 15.3064767334196 15.3317159255346 15.3569551176495 15.3821943097644 15.3569227457047 15.31481426292 15.2727057801353 15.2305972973506 15.1884888145659 15.1463803317812 15.1042718489965 15.073494609197 15.0767110983531 15.0799275875092 15.0831440766652 15.0863605658213 15.0895770549774 15.0927935441335 15.0960100332896 15.0833312034607 15.0653539339701 15.0473766644796 15.029399394989 15.0114221254985 14.9934448560079 14.9754675865173 14.9774956570731 15.039539747768 15.1015838384628
15.6463254928589 15.555781809489 15.465238126119 15.374694442749 15.2841507593791 15.1936070760091 15.1765221834183 15.1839235544205 15.1913249254227 15.1987262964249 15.2061276674271 15.2135290384293 15.2209304094314 15.2288877248764 15.2385128736496 15.2481380224228 15.257763171196 15.2673883199692 15.2770134687424 15.2866386175156 15.2962637662888 15.2699137449265 15.2315720001857 15.1932302554449 15.1548885107041 15.1165467659633 15.0782050212224 15.0398632764816 15.0143632729848 15.02738849322 15.0404137134552 15.0534389336904 15.0664641539256 15.0794893741608 15.092514594396 15.1055398146311 15.100278377533 15.0889213879903 15.0775643984477 15.066207408905 15.0548504193624 15.0434934298197 15.0321364402771 15.0353644609451 15.0823475122452 15.1293305635452
15.6496323903402 15.5725832833184 15.4955341762967 15.4184850692749 15.3414359622532 15.2643868552314 15.2459873914719 15.2471378087997 15.2482882261276 15.2494386434555 15.2505890607834 15.2517394781113 15.2528898954391 15.2522554847929 15.2462665902244 15.2402776956558 15.2342888010873 15.2282999065187 15.2223110119502 15.2163221173816 15.2103332228131 15.1829047441483 15.1483297374514 15.1137547307544 15.0791797240575 15.0446047173606 15.0100297106637 14.9754547039668 14.9552319367727 14.978065888087 15.0008998394012 15.0237337907155 15.0465677420298 15.0694016933441 15.0922356446584 15.1150695959727 15.1172255516052 15.1124888420105 15.1077521324158 15.103015422821 15.0982787132263 15.0935420036316 15.0888052940369 15.0932332648171 15.1251552767224 15.1570772886276
15.6529392878215 15.5893847571479 15.5258302264743 15.4622756958008 15.3987211651272 15.3351666344537 15.3154525995254 15.310352063179 15.3052515268326 15.3001509904861 15.2950504541397 15.2899499177933 15.2848493814468 15.2756232447094 15.2540203067991 15.2324173688889 15.2108144309786 15.1892114930683 15.167608555158 15.1460056172477 15.1244026793374 15.0958957433701 15.065087474717 15.034279206064 15.003470937411 14.972662668758 14.941854400105 14.9110461314519 14.8961006005605 14.9287432829539 14.9613859653473 14.9940286477407 15.0266713301341 15.0593140125275 15.0919566949209 15.1245993773142 15.1341727256775 15.1360562960307 15.1379398663839 15.1398234367371 15.1417070070902 15.1435905774434 15.1454741477966 15.1511020686891 15.1679630411996 15.18482401371
15.6562461853027 15.6061862309774 15.556126276652 15.5060663223267 15.4560063680013 15.4059464136759 15.384917807579 15.3735663175583 15.3622148275375 15.3508633375168 15.339511847496 15.3281603574753 15.3168088674545 15.298991004626 15.2617740233739 15.2245570421219 15.1873400608699 15.1501230796178 15.1129060983658 15.0756891171138 15.0384721358617 15.0088867425919 14.9818452119827 14.9548036813736 14.9277621507645 14.9007206201554 14.8736790895462 14.8466375589371 14.8369692643483 14.8794206778208 14.9218720912933 14.9643235047658 15.0067749182383 15.0492263317108 15.0916777451833 15.1341291586558 15.1511198997497 15.1596237500509 15.168127600352 15.1766314506531 15.1851353009542 15.1936391512553 15.2021430015564 15.2089708725611 15.2107708056768 15.2125707387924
15.659553082784 15.6229877048069 15.5864223268297 15.5498569488525 15.5132915708754 15.4767261928982 15.4543830156326 15.4367805719376 15.4191781282425 15.4015756845474 15.3839732408524 15.3663707971573 15.3487683534622 15.3223587645425 15.2695277399487 15.2166967153549 15.1638656907612 15.1110346661674 15.0582036415736 15.0053726169798 14.9525415923861 14.9218777418137 14.8986029492484 14.8753281566832 14.852053364118 14.8287785715527 14.8055037789875 14.7822289864222 14.7778379281362 14.8300980726878 14.8823582172394 14.934618361791 14.9868785063426 15.0391386508942 15.0913987954457 15.1436589399973 15.168067073822 15.183191204071 15.1983153343201 15.2134394645691 15.2285635948181 15.2436877250671 15.2588118553162 15.2668396764331 15.253578570154 15.2403174638748
