data/working_set_collections/6091692-Cassins_Sparrow-MC/1995/bio2.asc
NCOLS 265 
NROWS 230 
XLLCORNER -115.5625 
YLLCORNER 24.8333333333333 
CELLSIZE 0.0833333333333333 
NODATA_value -9999 
[rows 160 to 179 of 230, columns 184 to 229 of 265]
14.3243735551834 14.2733223835627 14.2222712119421 14.1758411407471 14.1309514363607 14.0860617319743 14.0411720275879 13.9962823232015 13.9513926188151 13.9065029144287 13.8600493907929 13.8089044094086 13.7577594280243 13.70661444664 13.6554694652558 13.6043244838715 13.5531795024872 13.5020345211029 13.4856499195099 13.4808521111806 13.4760543028514 13.4712564945221 13.4664586861928 13.4616608778636 13.4568630695343 13.4434559663137 13.404220978419 13.3649859905243 13.3257510026296 13.2865160147349 13.2472810268402 13.2080460389455 13.1688110510508 13.1091540336609 13.0426896731059 12.9762253125509 12.9097609519959 12.8432965914409 12.7768322308858 12.7103678703308 12.6452514012655 12.5841786066691 12.5231058120728 12.4620330174764 12.4009602228801 12.3398874282837
14.2821885188421 14.2305984364616 14.1790083540811 14.1300401051839 14.0819458007813 14.0338514963786 13.9857571919759 13.9376628875733 13.8895685831706 13.8414742787679 13.7933002101051 13.7448868486617 13.6964734872182 13.6480601257748 13.5996467643314 13.551233402888 13.5028200414446 13.4544066800012 13.4429128805796 13.4437256018321 13.4445383230845 13.445351044337 13.4461637655894 13.4469764868418 13.4477892080943 13.4387244383494 13.4000271956126 13.3613299528758 13.322632710139 13.2839354674022 13.2452382246653 13.2065409819285 13.1678437391917 13.1059915224711 13.0364209810893 12.9668504397075 12.8972798983256 12.8277093569438 12.758138815562 12.6885682741801 12.6212549209595 12.5607131322225 12.5001713434855 12.4396295547486 12.3790877660116 12.3185459772746
14.2356395880381 14.1818393866221 14.1280391852061 14.0774248361588 14.027872437901 13.9783200396432 13.9287676413854 13.8792152431276 13.8296628448699 13.7801104466121 13.7313097185559 13.6847640011046 13.6382182836533 13.591672566202 13.5451268487507 13.4985811312994 13.452035413848 13.4054896963967 13.3963195721308 13.3996079789268 13.4028963857227 13.4061847925186 13.4094731993146 13.4127616061105 13.4160500129064 13.4092745012707 13.3723072343403 13.3353399674098 13.2983727004793 13.2614054335488 13.2244381666184 13.1874708996879 13.1505036327574 13.0878917614619 13.0167316887114 12.9455716159609 12.8744115432104 12.8032514704599 12.7320913977093 12.6609313249588 12.5922076861064 12.5307933489482 12.46937901179 12.4079646746318 12.3465503374736 12.2851360003154
14.1847267627716 14.1270452340444 14.0693637053172 14.0179953336716 13.9687313477199 13.9194673617681 13.8702033758164 13.8209393898646 13.7716754039129 13.7224114179611 13.6740779161453 13.6285358667374 13.5829938173294 13.5374517679215 13.4919097185135 13.4463676691055 13.4008256196976 13.3552835702896 13.3458699941635 13.3484992424647 13.3511284907659 13.3537577390671 13.3563869873683 13.3590162356695 13.3616454839706 13.3551061550776 13.321061094602 13.2870160341263 13.2529709736506 13.218925913175 13.1848808526993 13.1508357922236 13.116790731748 13.0548547506333 12.9836217959722 12.9123888413112 12.8411558866501 12.7699229319891 12.698689977328 12.6274570226669 12.5581096967062 12.4944192568461 12.4307288169861 12.3670383771261 12.3033479372661 12.239657497406
14.1338139375051 14.0722510814667 14.0106882254283 13.9585658311844 13.9095902575387 13.860614683893 13.8116391102473 13.7626635366016 13.7136879629559 13.6647123893102 13.6168461137348 13.5723077323702 13.5277693510056 13.483230969641 13.4386925882764 13.3941542069117 13.3496158255471 13.3050774441825 13.2954204161962 13.2973905060026 13.2993605958091 13.3013306856155 13.303300775422 13.3052708652284 13.3072409550349 13.3009378088845 13.2698149548637 13.2386921008428 13.2075692468219 13.1764463928011 13.1453235387802 13.1142006847594 13.0830778307385 13.0218177398046 12.950511903233 12.8792060666614 12.8079002300898 12.7365943935183 12.6652885569467 12.5939827203751 12.5240117073059 12.4580451647441 12.3920786221822 12.3261120796204 12.2601455370585 12.1941789944967
14.0829011122386 14.017456928889 13.9520127455394 13.8991363286972 13.8504491673576 13.8017620060179 13.7530748446783 13.7043876833386 13.655700521999 13.6070133606593 13.5596143113242 13.516079598003 13.4725448846817 13.4290101713605 13.3854754580392 13.3419407447179 13.2984060313967 13.2548713180754 13.2449708382289 13.2462817695406 13.2475927008523 13.248903632164 13.2502145634757 13.2515254947874 13.2528364260992 13.2467694626914 13.2185688151254 13.1903681675593 13.1621675199933 13.1339668724272 13.1057662248612 13.0775655772951 13.0493649297291 12.988780728976 12.9174020104938 12.8460232920117 12.7746445735296 12.7032658550475 12.6318871365653 12.5605084180832 12.4899137179057 12.421671072642 12.3534284273784 12.2851857821147 12.216943136851 12.1487004915873
14.0319882869721 13.9626627763113 13.8933372656505 13.83970682621 13.7913080771764 13.7429093281428 13.6945105791092 13.6461118300756 13.597713081042 13.5493143320084 13.5023825089137 13.4598514636358 13.4173204183579 13.37478937308 13.332258327802 13.2897272825241 13.2471962372462 13.2046651919683 13.1945212602615 13.1951730330785 13.1958248058955 13.1964765787125 13.1971283515294 13.1977801243464 13.1984318971634 13.1926011164983 13.1673226753871 13.1420442342758 13.1167657931646 13.0914873520533 13.0662089109421 13.0409304698308 13.0156520287196 12.9557437181473 12.8842921177546 12.812840517362 12.7413889169693 12.6699373165767 12.598485716184 12.5270341157913 12.4558157285055 12.38529698054 12.3147782325745 12.244259484609 12.1737407366435 12.103221988678
13.9810754617055 13.9078686237335 13.8346617857615 13.7802773237229 13.7321669869953 13.6840566502677 13.6359463135402 13.5878359768126 13.539725640085 13.4916153033575 13.4451507065031 13.4036233292686 13.362095952034 13.3205685747994 13.2790411975649 13.2375138203303 13.1959864430958 13.1544590658612 13.1440716822942 13.1440642966165 13.1440569109387 13.1440495252609 13.1440421395832 13.1440347539054 13.1440273682276 13.1384327703052 13.1160765356488 13.0937203009923 13.0713640663359 13.0490078316795 13.026651597023 13.0042953623666 12.9819391277101 12.9227067073186 12.8511822250154 12.7796577427123 12.7081332604091 12.6366087781059 12.5650842958027 12.4935598134995 12.4217177391052 12.3489228884379 12.2761280377706 12.2033331871033 12.130538336436 12.0577434857687
13.9646076440811 13.8923951387406 13.8201826334 13.7665373563767 13.7190811554591 13.6716249545415 13.624168753624 13.5767125527064 13.5292563517888 13.4818001508713 13.4359013186561 13.394674592548 13.3534478664398 13.3122211403317 13.2709944142236 13.2297676881154 13.1885409620073 13.1473142358992 13.135183763504 13.1327520423465 13.130320321189 13.1278886000315 13.125456878874 13.1230251577165 13.120593436559 13.1131580776639 13.0907118055556 13.0682655334473 13.045819261339 13.0233729892307 13.0009267171224 12.9784804450141 12.9560341729058 12.8940838257472 12.8189654535718 12.7438470813963 12.6687287092209 12.5936103370455 12.5184919648701 12.4433735926946 12.3684598233965 12.2941598627303 12.219859902064 12.1455599413978 12.0712599807316 11.9969600200653
13.9825848340988 13.9162423213323 13.8498998085658 13.7984869241715 13.7520505825679 13.7056142409643 13.6591778993607 13.6127415577571 13.5663052161535 13.5198688745499 13.4746343453725 13.4330052534739 13.3913761615753 13.3497470696767 13.3081179777781 13.2664888858795 13.2248597939809 13.1832307020823 13.167857503891 13.1612362702688 13.1546150366465 13.1479938030243 13.1413725694021 13.1347513357798 13.1281301021576 13.1167770385742 13.0912284851074 13.0656799316406 13.0401313781738 13.014582824707 12.9890342712402 12.9634857177734 12.9379371643066 12.8698750734329 12.7876418034236 12.7054085334142 12.6231752634049 12.5409419933955 12.4587087233862 12.3764754533768 12.2960419813792 12.221007903417 12.1459738254547 12.0709397474925 11.9959056695303 11.920871591568
14.0005620241165 13.9400895039241 13.8796169837316 13.8304364919662 13.7850200096766 13.739603527387 13.6941870450974 13.6487705628077 13.6033540805181 13.5579375982285 13.513367372089 13.4713359143999 13.4293044567108 13.3872729990217 13.3452415413327 13.3032100836436 13.2611786259545 13.2191471682655 13.200531244278 13.189720498191 13.178909752104 13.168099006017 13.1572882599301 13.1464775138431 13.1356667677561 13.1203959994846 13.0917451646593 13.063094329834 13.0344434950087 13.0057926601834 12.9771418253581 12.9484909905328 12.9198401557075 12.8456663211187 12.7563181532754 12.6669699854321 12.5776218175888 12.4882736497455 12.3989254819023 12.309577314059 12.2236241393619 12.1478559441037 12.0720877488454 11.9963195535872 11.920551358329 11.8447831630707
14.0185392141342 13.9639366865158 13.9093341588974 13.862386059761 13.8179894367854 13.7735928138097 13.729196190834 13.6847995678584 13.6404029448827 13.596006321907 13.5521003988054 13.5096665753259 13.4672327518463 13.4247989283668 13.3823651048872 13.3399312814077 13.2974974579281 13.2550636344486 13.2332049846649 13.2182047261132 13.2032044675615 13.1882042090098 13.1732039504581 13.1582036919064 13.1432034333547 13.124014960395 13.0922618442112 13.0605087280273 13.0287556118435 12.9970024956597 12.9652493794759 12.9334962632921 12.9017431471083 12.8214575688044 12.7249945031272 12.62853143745 12.5320683717728 12.4356053060956 12.3391422404184 12.2426791747411 12.1512062973447 12.0747039847904 11.9982016722362 11.9216993596819 11.8451970471277 11.7686947345734
14.0365164041519 13.9877838691076 13.9390513340632 13.8943356275558 13.8509588638941 13.8075821002324 13.7642053365707 13.720828572909 13.6774518092473 13.6340750455856 13.5908334255219 13.5479972362518 13.5051610469818 13.4623248577118 13.4194886684418 13.3766524791718 13.3338162899017 13.2909801006317 13.2658787250519 13.2466889540354 13.227499183019 13.2083094120026 13.1891196409861 13.1699298699697 13.1507400989532 13.1276339213053 13.092778523763 13.0579231262207 13.0230677286784 12.9882123311361 12.9533569335938 12.9185015360514 12.8836461385091 12.7972488164902 12.6936708529791 12.5900928894679 12.4865149259568 12.3829369624456 12.2793589989345 12.1757810354233 12.0787884553274 12.0015520254771 11.9243155956269 11.8470791657766 11.7698427359263 11.6926063060761
14.0544935941696 14.0116310516993 13.968768509229 13.9262851953507 13.8839282910029 13.8415713866552 13.7992144823074 13.7568575779597 13.714500673612 13.6721437692642 13.6295664522383 13.5863278971778 13.5430893421173 13.4998507870568 13.4566122319963 13.4133736769358 13.3701351218753 13.3268965668149 13.2985524654388 13.2751731819577 13.2517938984765 13.2284146149953 13.2050353315142 13.181656048033 13.1582767645518 13.1312528822157 13.0932952033149 13.0553375244141 13.0173798455132 12.9794221666124 12.9414644877116 12.9035068088108 12.86554912991 12.7730400641759 12.6623472028309 12.5516543414858 12.4409614801407 12.3302686187956 12.2195757574506 12.1088828961055 12.0063706133101 11.9284000661638 11.8504295190176 11.7724589718713 11.694488424725 11.6165178775788
14.1056237459183 14.0660742256376 14.026524705357 13.9851455529531 13.9431565231747 13.9011674933963 13.859178463618 13.8171894338396 13.7752004040612 13.7332113742828 13.6904653761122 13.6454484727648 13.6004315694173 13.5554146660699 13.5103977627224 13.465380859375 13.4203639560276 13.3753470526801 13.343425432841 13.3158689075046 13.2883123821682 13.2607558568319 13.2331993314955 13.2056428061591 13.1780862808228 13.1462096823586 13.1013728645113 13.0565360466639 13.0116992288166 12.9668624109692 12.9220255931219 12.8771887752745 12.8323519574272 12.7332960685095 12.6161671559016 12.4990382432938 12.381909330686 12.2647804180781 12.1476515054703 12.0305225928625 11.9213942077425 11.8362674050861 11.7511406024297 11.6660137997734 11.580886997117 11.4957601944606
14.1899068593979 14.1511133909225 14.1123199224472 14.0709167003632 14.0286435604095 13.9863704204559 13.9440972805023 13.9018241405487 13.8595510005951 13.8172778606415 13.7735301971436 13.7253589630127 13.6771877288818 13.629016494751 13.5808452606201 13.5326740264893 13.4845027923584 13.4363315582275 13.4004976272583 13.3687761306763 13.3370546340942 13.3053331375122 13.2736116409302 13.2418901443481 13.2101686477661 13.1725043217341 13.1170115073522 13.0615186929703 13.0060258785884 12.9505330642065 12.8950402498245 12.8395474354426 12.7840546210607 12.6780168294907 12.5551307121913 12.4322445948919 12.3093584775925 12.1864723602931 12.0635862429937 11.9407001256943 11.8238592386246 11.725154042244 11.6264488458634 11.5277436494828 11.4290384531022 11.3303332567215
14.2741899728775 14.2361525562074 14.1981151395374 14.1566878477732 14.1141305976444 14.0715733475155 14.0290160973867 13.9864588472578 13.943901597129 13.9013443470001 13.8565950181749 13.8052694532606 13.7539438883464 13.7026183234321 13.6512927585178 13.5999671936035 13.5486416286892 13.497316063775 13.4575698216756 13.4216833538479 13.3857968860202 13.3499104181925 13.3140239503649 13.2781374825372 13.2422510147095 13.1987989611096 13.1326501501931 13.0665013392766 13.0003525283602 12.9342037174437 12.8680549065272 12.8019060956107 12.7357572846943 12.6227375904719 12.494094268481 12.36545094649 12.236807624499 12.1081643025081 11.9795209805171 11.8508776585261 11.7263242695067 11.6140406794019 11.501757089297 11.3894734991922 11.2771899090873 11.1649063189825
14.3584730863571 14.3211917214923 14.2839103566276 14.2424589951833 14.1996176348792 14.1567762745751 14.113934914271 14.0710935539669 14.0282521936629 13.9854108333588 13.9396598392063 13.8851799435086 13.8307000478109 13.7762201521132 13.7217402564155 13.6672603607178 13.6127804650201 13.5583005693224 13.5146420160929 13.4745905770196 13.4345391379462 13.3944876988729 13.3544362597995 13.3143848207262 13.2743333816528 13.2250936004851 13.148288793034 13.071483985583 12.994679178132 12.9178743706809 12.8410695632299 12.7642647557789 12.6874599483278 12.5674583514532 12.4330578247707 12.2986572980881 12.1642567714056 12.029856244723 11.8954557180405 11.761055191358 11.6287893003888 11.5029273165597 11.3770653327307 11.2512033489016 11.1253413650725 10.9994793812434
14.4427561998367 14.4062308867772 14.3697055737177 14.3282301425934 14.285104672114 14.2419792016347 14.1988537311554 14.1557282606761 14.1126027901967 14.0694773197174 14.0227246602376 13.9650904337565 13.9074562072754 13.8498219807943 13.7921877543132 13.734553527832 13.6769193013509 13.6192850748698 13.5717142105103 13.5274978001912 13.4832813898722 13.4390649795532 13.3948485692342 13.3506321589152 13.3064157485962 13.2513882398605 13.163927435875 13.0764666318894 12.9890058279038 12.9015450239182 12.8140842199326 12.726623415947 12.6391626119614 12.5121791124344 12.3720213810603 12.2318636496862 12.0917059183121 11.951548186938 11.8113904555639 11.6712327241898 11.5312543312709 11.3918139537176 11.2523735761643 11.112933198611 10.9734928210577 10.8340524435044
14.5270393133163 14.4912700520621 14.4555007908079 14.4140012900035 14.3705917093489 14.3271821286943 14.2837725480397 14.2403629673852 14.1969533867306 14.153543806076 14.105789481269 14.0450009240045 13.9842123667399 13.9234238094754 13.8626352522108 13.8018466949463 13.7410581376818 13.6802695804172 13.6287864049276 13.5804050233629 13.5320236417982 13.4836422602336 13.4352608786689 13.3868794971042 13.3384981155396 13.277682879236 13.1795660787159 13.0814492781957 12.9833324776756 12.8852156771554 12.7870988766353 12.6889820761151 12.590865275595 12.4568998734157 12.31098493735 12.1650700012843 12.0191550652186 11.873240129153 11.7273251930873 11.5814102570216 11.433719362153 11.2807005908755 11.1276818195979 10.9746630483204 10.8216442770429 10.6686255057653
