data/working_set_collections/6091692-Cassins_Sparrow-MC/1995/bio2.asc
NCOLS 265 
NROWS 230 
XLLCORNER -115.5625 
YLLCORNER 24.8333333333333 
CELLSIZE 0.0833333333333333 
NODATA_value -9999 
[rows 180 to 199 of 230, columns 138 to 183 of 265]
16.483105357488 16.4925501028697 16.5019948482513 16.511439593633 16.5457214832306 16.5882824209001 16.6308433585697 16.6734042962392 16.7159652339088 16.7585261715783 16.8010871092478 16.8059296819899 16.6976171599494 16.589304637909 16.4809921158685 16.372679593828 16.2643670717875 16.1560545497471 16.0477420277066 15.918628191948 15.7825805849499 15.6465329779519 15.5104853709539 15.3744377639559 15.2383901569579 15.1023425499598 14.9976658026377 14.9871016343435 14.9765374660492 14.9659732977549 14.9554091294606 14.9448449611664 14.9342807928721 14.9237166245778 14.9040209054947 14.8812813361486 14.8585417668025 14.8358021974564 14.8130626281103 14.7903230587641 14.767583489418 14.7420043918822 14.707906709777 14.6738090276718 14.6397113455666 14.6056136634615
16.4582509835561 16.464984369278 16.4717177549998 16.4784511407216 16.5135713100433 16.558153740565 16.6027361710866 16.6473186016083 16.6919010321299 16.7364834626516 16.7810658931732 16.7884064674378 16.6840214729309 16.5796364784241 16.4752514839173 16.3708664894104 16.2664814949036 16.1620965003967 16.0577115058899 15.9354305505753 15.8071842749914 15.6789379994075 15.5506917238236 15.4224454482397 15.2941991726558 15.1659528970718 15.0655605792999 15.048730134964 15.031899690628 15.0150692462921 14.9982388019562 14.9814083576202 14.9645779132843 14.9477474689484 14.9233475446701 14.8964244604111 14.869501376152 14.842578291893 14.815655207634 14.7887321233749 14.7618090391159 14.7337390820185 14.7022285064062 14.6707179307938 14.6392073551814 14.607696779569
16.4333966096242 16.4374186356862 16.4414406617483 16.4454626878103 16.4814211368561 16.5280250602298 16.5746289836036 16.6212329069773 16.6678368303511 16.7144407537248 16.7610446770986 16.7708832528856 16.6704257859124 16.5699683189392 16.469510851966 16.3690533849928 16.2685959180196 16.1681384510464 16.0676809840732 15.9522329092026 15.8317879650328 15.711343020863 15.5908980766932 15.4704531325235 15.3500081883537 15.2295632441839 15.1334553559621 15.1103586355845 15.0872619152069 15.0641651948293 15.0410684744517 15.0179717540741 14.9948750336965 14.9717783133189 14.9426741838455 14.9115675846736 14.8804609855016 14.8493543863297 14.8182477871577 14.7871411879857 14.7560345888138 14.7254737721549 14.6965503030353 14.6676268339157 14.6387033647961 14.6097798956765
16.4085422356923 16.4098529020945 16.4111635684967 16.4124742348989 16.4492709636688 16.4978963798947 16.5465217961205 16.5951472123464 16.6437726285722 16.6923980447981 16.741023461024 16.7533600383335 16.6568300988939 16.5603001594544 16.4637702200148 16.3672402805753 16.2707103411357 16.1741804016961 16.0776504622566 15.9690352678299 15.8563916550742 15.7437480423186 15.6311044295629 15.5184608168072 15.4058172040516 15.2931735912959 15.2013501326243 15.171987136205 15.1426241397858 15.1132611433665 15.0838981469472 15.054535150528 15.0251721541087 14.9958091576894 14.9620008230209 14.9267107089361 14.8914205948512 14.8561304807663 14.8208403666814 14.7855502525965 14.7502601385117 14.7172084622913 14.6908720996645 14.6645357370377 14.6381993744108 14.611863011784
16.3836878617605 16.3822871685028 16.3808864752452 16.3794857819875 16.4171207904816 16.4677676995595 16.5184146086375 16.5690615177155 16.6197084267934 16.6703553358714 16.7210022449493 16.7358368237814 16.6432344118754 16.5506319999695 16.4580295880636 16.3654271761577 16.2728247642517 16.1802223523458 16.0876199404399 15.9858376264572 15.8809953451157 15.7761530637741 15.6713107824326 15.566468501091 15.4616262197495 15.3567839384079 15.2692449092865 15.2336156368256 15.1979863643646 15.1623570919037 15.1267278194428 15.0910985469818 15.0554692745209 15.0198400020599 14.9813274621964 14.9418538331986 14.9023802042008 14.862906575203 14.8234329462051 14.7839593172073 14.7444856882095 14.7089431524277 14.6851938962936 14.6614446401596 14.6376953840256 14.6139461278915
16.3588334878286 16.3547214349111 16.3506093819936 16.3464973290761 16.3849706172943 16.4376390192244 16.4903074211544 16.5429758230845 16.5956442250146 16.6483126269446 16.7009810288747 16.7183136092292 16.6296387248569 16.5409638404846 16.4522889561124 16.3636140717401 16.2749391873678 16.1862643029955 16.0975894186232 16.0026399850845 15.9055990351571 15.8085580852297 15.7115171353022 15.6144761853748 15.5174352354474 15.4203942855199 15.3371396859487 15.2952441374461 15.2533485889435 15.2114530404409 15.1695574919383 15.1276619434357 15.0857663949331 15.0438708464305 15.0006541013718 14.956996957461 14.9133398135503 14.8696826696396 14.8260255257289 14.7823683818182 14.7387112379074 14.7006778425641 14.6795156929228 14.6583535432816 14.6371913936403 14.6160292439991
16.3673542234633 16.3605319341024 16.3537096447415 16.3468873553806 16.3826287587484 16.4325580596924 16.4824873606364 16.5324166615804 16.5823459625244 16.6322752634684 16.6822045644124 16.6982817702823 16.6128026909299 16.5273236115774 16.4418445322249 16.3563654528724 16.2708863735199 16.1854072941674 16.099928214815 16.008308450381 15.9146417909199 15.8209751314587 15.7273084719976 15.6336418125365 15.5399751530754 15.4463084936142 15.3654846244388 15.3231891261207 15.2808936278025 15.2385981294844 15.1963026311663 15.1540071328481 15.11171163453 15.0694161362118 15.0226733605067 14.9744481590059 14.9262229575051 14.8779977560043 14.8297725545036 14.7815473530028 14.733322151502 14.6921401818593 14.6720879077911 14.6520356337229 14.6319833596548 14.6119310855866
16.4092500686645 16.3997186660767 16.3901872634888 16.3806558609009 16.4100952148437 16.4525248209635 16.4949544270833 16.5373840332031 16.5798136393229 16.6222432454427 16.6646728515625 16.6757413069407 16.5927263100942 16.5097113132477 16.4266963164012 16.3436813195547 16.2606663227081 16.1776513258616 16.0946363290151 16.0028430223465 15.9081236124039 15.8134042024613 15.7186847925186 15.623965382576 15.5292459726334 15.4345265626908 15.3542797247569 15.3174506028493 15.2806214809418 15.2437923590342 15.2069632371267 15.1701341152191 15.1333049933116 15.096475871404 15.0473852396011 14.9942074378332 14.9410296360652 14.8878518342972 14.8346740325292 14.7814962307612 14.7283184289932 14.6833301703135 14.6629105408987 14.6424909114838 14.6220712820689 14.601651652654
16.4511459138658 16.4389053980509 16.4266648822361 16.4144243664212 16.4375616709391 16.4724915822347 16.5074214935303 16.5423514048258 16.5772813161214 16.612211227417 16.6471411387126 16.6532008435991 16.5726499292586 16.492099014918 16.4115481005775 16.3309971862369 16.2504462718964 16.1698953575558 16.0893444432153 15.997377594312 15.9016054338879 15.8058332734638 15.7100611130397 15.6142889526155 15.5185167921914 15.4227446317673 15.3430748250749 15.311712079578 15.280349334081 15.2489865885841 15.2176238430871 15.1862610975901 15.1548983520932 15.1235356065962 15.0720971186956 15.0139667166604 14.9558363146252 14.89770591259 14.8395755105549 14.7814451085197 14.7233147064845 14.6745201587677 14.6537331740062 14.6329461892446 14.612159204483 14.5913722197215
16.4930417590671 16.4780921300252 16.4631425009833 16.4481928719415 16.4650281270345 16.4924583435058 16.5198885599772 16.5473187764486 16.5747489929199 16.6021792093913 16.6296094258626 16.6306603802575 16.5525735484229 16.4744867165884 16.3963998847538 16.3183130529192 16.2402262210846 16.16213938925 16.0840525574155 15.9919121662776 15.895087255372 15.7982623444663 15.7014374335607 15.6046125226551 15.5077876117495 15.4109627008438 15.331869925393 15.3059735563066 15.2800771872203 15.2541808181339 15.2282844490475 15.2023880799611 15.1764917108748 15.1505953417884 15.09680899779 15.0337259954876 14.9706429931853 14.9075599908829 14.8444769885805 14.7813939862781 14.7183109839757 14.6657101472219 14.6445558071137 14.6234014670054 14.6022471268972 14.581092786789
16.5349376042684 16.5172788619995 16.4996201197306 16.4819613774618 16.4924945831299 16.512425104777 16.5323556264241 16.5522861480713 16.5722166697184 16.5921471913656 16.6120777130127 16.6081199169159 16.5324971675873 16.4568744182587 16.3812516689301 16.3056289196015 16.2300061702728 16.1543834209442 16.0787606716156 15.9864467382431 15.888569076856 15.7906914154689 15.6928137540817 15.5949360926946 15.4970584313075 15.3991807699204 15.3206650257111 15.3002350330353 15.2798050403595 15.2593750476837 15.2389450550079 15.2185150623322 15.1980850696564 15.1776550769806 15.1215208768845 15.0534852743149 14.9854496717453 14.9174140691757 14.8493784666062 14.7813428640366 14.713307261467 14.6569001356761 14.6353784402212 14.6138567447662 14.5923350493113 14.5708133538564
16.5768334494697 16.5564655939738 16.5360977384779 16.515729882982 16.5199610392253 16.5323918660482 16.5448226928711 16.557253519694 16.5696843465169 16.5821151733398 16.5945460001628 16.5855794535743 16.5124207867517 16.439262119929 16.3661034531064 16.2929447862837 16.2197861194611 16.1466274526384 16.0734687858158 15.9809813102087 15.88205089834 15.7831204864714 15.6841900746028 15.5852596627342 15.4863292508655 15.3873988389969 15.3094601260291 15.2944965097639 15.2795328934987 15.2645692772335 15.2496056609684 15.2346420447032 15.219678428438 15.2047148121728 15.1462327559789 15.0732445531421 15.0002563503054 14.9272681474686 14.8542799446318 14.781291741795 14.7083035389582 14.6480901241303 14.6262010733287 14.6043120225271 14.5824229717255 14.5605339209239
16.5967250506083 16.5745497067769 16.5523743629456 16.5301990191142 16.5306691328685 16.5386877324846 16.5467063321008 16.5547249317169 16.5627435313331 16.5707621309492 16.5787807305654 16.5664811054866 16.4932268063228 16.4199725071589 16.3467182079951 16.2734639088313 16.2002096096675 16.1269553105037 16.0537010113399 15.9603724559148 15.8603524817361 15.7603325075574 15.6603125333786 15.5602925591999 15.4602725850212 15.3602526108424 15.2826806306839 15.2724526325862 15.2622246344884 15.2519966363907 15.241768638293 15.2315406401952 15.2213126420975 15.2110846439997 15.1516670942307 15.0758530272378 15.0000389602449 14.9242248932521 14.8484108262592 14.7725967592663 14.6967826922735 14.6344128741158 14.612375802464 14.5903387308121 14.5683016591602 14.5462645875083
16.5946124076843 16.5715312004089 16.5484499931336 16.5253687858582 16.5246188640594 16.5313127040863 16.5380065441132 16.54470038414 16.5513942241669 16.5580880641937 16.5647819042206 16.5508248726527 16.4749152263006 16.3990055799484 16.3230959335963 16.2471862872442 16.171276640892 16.0953669945399 16.0194573481878 15.9246201753617 15.8234738270442 15.7223274787267 15.6211811304093 15.5200347820918 15.4188884337743 15.3177420854569 15.2403265396754 15.234103401502 15.2278802633286 15.2216571251551 15.2154339869817 15.2092108488083 15.2029877106349 15.1967645724615 15.1378238916397 15.0613106966019 14.984797501564 14.9082843065262 14.8317711114884 14.7552579164505 14.6787447214127 14.6158683856328 14.5939026276271 14.5719368696213 14.5499711116155 14.5280053536097
16.5924997647603 16.5685126940409 16.5445256233215 16.5205385526021 16.5185685952504 16.523937675688 16.5293067561256 16.5346758365631 16.5400449170007 16.5454139974382 16.5507830778758 16.5351686398188 16.4566036462784 16.378038652738 16.2994736591975 16.2209086656571 16.1423436721166 16.0637786785762 15.9852136850357 15.8888678948085 15.7865951723523 15.6843224498961 15.5820497274399 15.4797770049837 15.3775042825275 15.2752315600713 15.1979724486669 15.1957541704178 15.1935358921687 15.1913176139196 15.1890993356705 15.1868810574214 15.1846627791723 15.1824445009232 15.1239806890488 15.046768365966 14.9695560428832 14.8923437198003 14.8151313967175 14.7379190736347 14.6607067505519 14.5973238971498 14.5754294527902 14.5535350084305 14.5316405640708 14.5097461197111
16.5903871218364 16.5654941876729 16.5406012535095 16.5157083193461 16.5125183264414 16.5165626472897 16.520606968138 16.5246512889862 16.5286956098345 16.5327399306827 16.536784251531 16.519512406985 16.4382920662562 16.3570717255275 16.2758513847987 16.19463104407 16.1134107033412 16.0321903626124 15.9509700218837 15.8531156142553 15.7497165176604 15.6463174210655 15.5429183244705 15.4395192278756 15.3361201312807 15.2327210346858 15.1556183576584 15.1574049393336 15.1591915210088 15.160978102684 15.1627646843592 15.1645512660344 15.1663378477097 15.1681244293849 15.1101374864578 15.03222603533 14.9543145842023 14.8764031330745 14.7984916819467 14.7205802308189 14.6426687796911 14.5787794086668 14.5569562779533 14.5351331472397 14.5133100165261 14.4914868858126
16.5882744789124 16.5624756813049 16.5366768836975 16.5108780860901 16.5064680576324 16.5091876188914 16.5119071801503 16.5146267414093 16.5173463026683 16.5200658639272 16.5227854251862 16.5038561741511 16.4199804862341 16.336104798317 16.2522291103999 16.1683534224828 16.0844777345658 16.0006020466487 15.9167263587316 15.8173633337021 15.7128378629685 15.6083123922348 15.5037869215012 15.3992614507675 15.2947359800339 15.1902105093003 15.1132642666499 15.1190557082494 15.1248471498489 15.1306385914485 15.136430033048 15.1422214746475 15.148012916247 15.1538043578466 15.0962942838669 15.0176837046941 14.9390731255214 14.8604625463486 14.7818519671758 14.7032413880031 14.6246308088303 14.5602349201838 14.5384831031164 14.5167312860489 14.4949794689814 14.473227651914
16.5861618359884 16.5594571749369 16.5327525138855 16.5060478528341 16.5004177888234 16.5018125904931 16.5032073921627 16.5046021938324 16.505996995502 16.5073917971717 16.5087865988414 16.4881999413173 16.4016689062119 16.3151378711065 16.2286068360011 16.1420758008957 16.0555447657903 15.9690137306849 15.8824826955796 15.7816110531489 15.6759592082766 15.5703073634042 15.4646555185318 15.3590036736595 15.2533518287871 15.1476999839147 15.0709101756414 15.0807064771652 15.0905027786891 15.1002990802129 15.1100953817368 15.1198916832606 15.1296879847844 15.1394842863083 15.082451081276 15.0031413740582 14.9238316668405 14.8445219596227 14.765212252405 14.6859025451872 14.6065928379695 14.5416904317008 14.5200099282795 14.4983294248581 14.4766489214367 14.4549684180154
16.5773277229733 16.5510293483734 16.5247309737735 16.4984325991737 16.4913711071014 16.4907219092051 16.4900727113088 16.4894235134125 16.4887743155162 16.4881251176198 16.4874759197235 16.4652529981401 16.3783089054956 16.291364812851 16.2044207202064 16.1174766275618 16.0305325349172 15.9435884422726 15.8566443496281 15.7618175665538 15.6643632200029 15.5669088734521 15.4694545269013 15.3720001803504 15.2745458337996 15.1770914872487 15.1066049628787 15.1170219050513 15.1274388472239 15.1378557893965 15.1482727315691 15.1586896737416 15.1691066159142 15.1795235580868 15.1221996545792 15.0422954691781 14.962391283777 14.882487098376 14.8025829129749 14.7226787275738 14.6427745421727 14.5761336882909 14.5492828289668 14.5224319696426 14.4955811103185 14.4687302509944
16.5617721398672 16.5371922016144 16.5126122633616 16.4880323251089 16.4793280124664 16.4759155750275 16.4725031375885 16.4690907001495 16.4656782627106 16.4622658252716 16.4588533878326 16.4350153446198 16.3499004840851 16.2647856235504 16.1796707630158 16.0945559024811 16.0094410419464 15.9243261814118 15.8392113208771 15.7579828739166 15.6780498981476 15.5981169223786 15.5181839466095 15.4382509708405 15.3583179950714 15.2783850193024 15.220348628362 15.2280019919077 15.2356553554535 15.2433087189992 15.2509620825449 15.2586154460907 15.2662688096364 15.2739221731822 15.2155400037765 15.1351459900538 15.0547519763311 14.9743579626083 14.8939639488856 14.8135699351629 14.7331759214401 14.6635646899541 14.6263018051783 14.5890389204025 14.5517760356267 14.5145131508509
