data/working_set_collections/6091692-Cassins_Sparrow-MC/1995/bio3.asc
NCOLS 265 
NROWS 230 
XLLCORNER -115.5625 
YLLCORNER 24.8333333333333 
CELLSIZE 0.0833333333333333 
NODATA_value -9999 
[rows 20 to 39 of 230, columns 138 to 183 of 265]
36.1109697871738 36.0658846855163 36.0207995838589 35.9757144822015 35.9093461036682 35.8358832995097 35.7624204953512 35.6889576911926 35.6154948870341 35.5420320828756 35.468569278717 35.3871969117059 35.2820958561368 35.1769948005676 35.0718937449985 34.9667926894294 34.8616916338603 34.7565905782912 34.651489522722 34.5123642603556 34.3618975957235 34.2114309310913 34.0609642664592 33.910497601827 33.7600309371949 33.6095642725627 33.4769057909648 33.3976718584696 33.3184379259745 33.2392039934794 33.1599700609843 33.0807361284892 33.0015021959941 32.922268263499 32.8344751199087 32.7438289059533 32.653182691998 32.5625364780426 32.4718902640873 32.3812440501319 32.2905978361766 32.1931709395515 32.0754019949171 31.9576330502828 31.8398641056485 31.7220951610142
36.2879619704352 36.2417695045471 36.195577038659 36.1493845727709 36.0789790153503 36.000502427419 35.9220258394877 35.8435492515564 35.7650726636251 35.6865960756938 35.6081194877625 35.5230342335171 35.4181229803297 35.3132117271423 35.208300473955 35.1033892207676 34.9984779675802 34.8935667143928 34.7886554612054 34.6480758031209 34.4956066767375 34.343137550354 34.1906684239705 34.0381992975871 33.8857301712036 33.7332610448202 33.5987237612406 33.517982006073 33.4372402509054 33.3564984957377 33.2757567405701 33.1950149854024 33.1142732302348 33.0335314750672 32.9462097326915 32.8566946612464 32.7671795898014 32.6776645183563 32.5881494469113 32.4986343754663 32.4091193040212 32.3124919785394 32.1945278909471 32.0765638033549 31.9585997157627 31.8406356281705
36.4649541536967 36.4176543235779 36.370354493459 36.3230546633402 36.2486119270324 36.1651215553284 36.0816311836243 35.9981408119202 35.9146504402161 35.831160068512 35.7476696968079 35.6588715553284 35.5541501045227 35.449428653717 35.3447072029114 35.2399857521057 35.1352643013 35.0305428504944 34.9258213996887 34.7837873458862 34.6293157577515 34.4748441696167 34.3203725814819 34.1659009933472 34.0114294052124 33.8569578170776 33.7205417315165 33.6382921536764 33.5560425758362 33.473792997996 33.3915434201558 33.3092938423157 33.2270442644755 33.1447946866353 33.0579443454742 32.9695604165395 32.8811764876048 32.79279255867 32.7044086297353 32.6160247008006 32.5276407718658 32.4318130175273 32.3136537869771 32.195494556427 32.0773353258769 31.9591760953268
36.6419463369581 36.5935391426086 36.5451319482591 36.4967247539096 36.4182448387146 36.3297406832377 36.2412365277608 36.1527323722839 36.064228216807 35.9757240613302 35.8872199058533 35.7947088771396 35.6901772287157 35.5856455802917 35.4811139318678 35.3765822834439 35.2720506350199 35.167518986596 35.0629873381721 34.9194988886515 34.7630248387655 34.6065507888794 34.4500767389933 34.2936026891073 34.1371286392212 33.9806545893351 33.8423597017924 33.7586023012797 33.674844900767 33.5910875002543 33.5073300997416 33.4235726992289 33.3398152987162 33.2560578982035 33.169678958257 33.0824261718326 32.9951733854082 32.9079205989838 32.8206678125593 32.7334150261349 32.6461622397105 32.5511340565152 32.4327796830071 32.3144253094991 32.1960709359911 32.0777165624831
36.7534043206109 36.7093757629395 36.665347205268 36.6213186475966 36.5445413589478 36.4568478266398 36.3691542943319 36.2814607620239 36.193767229716 36.106073697408 36.0183801651001 35.9275350994534 35.8272354337904 35.7269357681274 35.6266361024645 35.5263364368015 35.4260367711385 35.3257371054755 35.2254374398126 35.0814992904663 34.9230149798923 34.7645306693183 34.6060463587443 34.4475620481703 34.2890777375963 34.1305934270223 33.990400674608 33.9050825966729 33.8197645187378 33.7344464408027 33.6491283628676 33.5638102849325 33.4784922069973 33.3931741290622 33.3041326840719 33.2138501167297 33.1235675493876 33.0332849820455 32.9430024147034 32.8527198473613 32.7624372800191 32.6646963119507 32.5445801417033 32.4244639714559 32.3043478012085 32.1842316309611
36.799328104655 36.7651641845703 36.7310002644857 36.696836344401 36.6275014877319 36.5464429855347 36.4653844833374 36.3843259811401 36.3032674789429 36.2222089767456 36.1411504745483 36.0573502222697 35.9653247197469 35.8732992172241 35.7812737147013 35.6892482121785 35.5972227096557 35.505197207133 35.4131717046102 35.2697885513306 35.109286181132 34.9487838109334 34.7882814407349 34.6277790705363 34.4672767003377 34.3067743301392 34.1646646499634 34.077733039856 33.9908014297485 33.9038698196411 33.8169382095337 33.7300065994263 33.6430749893188 33.5561433792114 33.4613055229187 33.3638322512309 33.2663589795431 33.1688857078552 33.0714124361674 32.9739391644796 32.8764658927917 32.7724997838338 32.6490551630656 32.5256105422974 32.4021659215291 32.2787213007609
36.845251888699 36.8209526062012 36.7966533237033 36.7723540412055 36.7104616165161 36.6360381444295 36.561614672343 36.4871912002563 36.4127677281698 36.3383442560832 36.2639207839966 36.187165345086 36.1034140057034 36.0196626663208 35.9359113269382 35.8521599875556 35.768408648173 35.6846573087904 35.6009059694078 35.4580778121948 35.2955573823717 35.1330369525486 34.9705165227254 34.8079960929023 34.6454756630792 34.482955233256 34.3389286253187 34.250383483039 34.1618383407593 34.0732931984795 33.9847480561998 33.8962029139201 33.8076577716404 33.7191126293606 33.6184783617655 33.513814385732 33.4091504096985 33.304486433665 33.1998224576314 33.0951584815979 32.9904945055644 32.880303255717 32.7535301844279 32.6267571131388 32.4999840418498 32.3732109705607
36.891175672743 36.876741027832 36.862306382921 36.84787173801 36.7934217453003 36.7256333033244 36.6578448613485 36.5900564193726 36.5222679773967 36.4544795354207 36.3866910934448 36.3169804679023 36.2415032916599 36.1660261154175 36.0905489391751 36.0150717629327 35.9395945866903 35.8641174104479 35.7886402342055 35.6463670730591 35.4818285836114 35.3172900941637 35.152751604716 34.9882131152683 34.8236746258206 34.6591361363729 34.5131926006741 34.4230339262221 34.33287525177 34.242716577318 34.1525579028659 34.0623992284139 33.9722405539619 33.8820818795098 33.7756512006124 33.6637965202332 33.5519418398539 33.4400871594747 33.3282324790955 33.2163777987162 33.104523118337 32.9881067276001 32.8580052057902 32.7279036839803 32.5978021621704 32.4677006403605
36.9370994567871 36.9325294494629 36.9279594421387 36.9233894348144 36.8763818740845 36.8152284622192 36.754075050354 36.6929216384888 36.6317682266235 36.5706148147583 36.5094614028931 36.4467955907186 36.3795925776164 36.3123895645141 36.2451865514119 36.1779835383097 36.1107805252075 36.0435775121053 35.9763744990031 35.8346563339233 35.6680997848511 35.5015432357788 35.3349866867065 35.1684301376343 35.001873588562 34.8353170394897 34.6874565760295 34.5956843694051 34.5039121627808 34.4121399561564 34.3203677495321 34.2285955429077 34.1368233362834 34.045051129659 33.9328240394592 33.8137786547343 33.6947332700094 33.5756878852844 33.4566425005595 33.3375971158346 33.2185517311096 33.0959101994832 32.9624802271525 32.8290502548218 32.6956202824911 32.5621903101603
36.9830232408312 36.9883178710937 36.9936125013563 36.9989071316189 36.9593420028687 36.9048236211141 36.8503052393595 36.795786857605 36.7412684758504 36.6867500940959 36.6322317123413 36.5766107135349 36.5176818635729 36.4587530136108 36.3998241636488 36.3408953136868 36.2819664637248 36.2230376137627 36.1641087638007 36.0229455947876 35.8543709860908 35.685796377394 35.5172217686971 35.3486471600003 35.1800725513035 35.0114979426066 34.8617205513848 34.7683348125882 34.6749490737915 34.5815633349948 34.4881775961982 34.3947918574015 34.3014061186049 34.2080203798082 34.0899968783061 33.9637607892354 33.8375247001648 33.7112886110942 33.5850525220235 33.4588164329529 33.3325803438822 33.2037136713664 33.0669552485148 32.9301968256633 32.7934384028117 32.6566799799601
37.0663028505113 37.076505724589 37.0867085986667 37.0969114727444 37.0609634399414 37.0096317715115 36.9583001030816 36.9069684346517 36.8556367662218 36.8043050977919 36.752973429362 36.7005501323276 36.6448519494799 36.5891537666321 36.5334555837843 36.4777574009366 36.4220592180888 36.366361035241 36.3106628523933 36.1728100776673 36.0075724389818 35.8423348002964 35.6770971616109 35.5118595229255 35.3466218842401 35.1813842455546 35.0328739908006 34.9345458878411 34.8362177848816 34.7378896819221 34.6395615789625 34.541233476003 34.4429053730435 34.344577270084 34.2220139503479 34.0913722250197 33.9607304996915 33.8300887743632 33.699447049035 33.5688053237068 33.4381635983785 33.3053725454543 33.1661335097419 33.0268944740296 32.8876554383172 32.7484164026049
37.1869382858276 37.1970930099487 37.2072477340698 37.2174024581909 37.1812461853027 37.1296529134114 37.0780596415202 37.0264663696289 36.9748730977376 36.9232798258464 36.8716865539551 36.8186138470968 36.7611028353373 36.7035918235779 36.6460808118184 36.588569800059 36.5310587882996 36.4735477765401 36.4160367647807 36.2842497825623 36.1277041435242 35.9711585044861 35.814612865448 35.6580672264099 35.5015215873718 35.3449759483337 35.2009168942769 35.094317595164 34.987718296051 34.8811189969381 34.7745196978251 34.6679203987122 34.5613210995992 34.4547218004863 34.3288752555847 34.196612962087 34.0643506685893 33.9320883750916 33.7998260815938 33.6675637880961 33.5353014945984 33.4008868217468 33.2600150108338 33.1191431999207 32.9782713890076 32.8373995780945
37.3075737211439 37.3176802953084 37.3277868694729 37.3378934436374 37.3015289306641 37.2496740553114 37.1978191799588 37.1459643046061 37.0941094292535 37.0422545539008 36.9903996785482 36.9366775618659 36.8773537211948 36.8180298805237 36.7587060398526 36.6993821991815 36.6400583585103 36.5807345178392 36.5214106771681 36.3956894874573 36.2478358480666 36.0999822086758 35.9521285692851 35.8042749298944 35.6564212905036 35.5085676511129 35.3689597977532 35.2540893024869 35.1392188072205 35.0243483119541 34.9094778166877 34.7946073214213 34.6797368261549 34.5648663308885 34.4357365608215 34.3018536991543 34.1679708374871 34.0340879758199 33.9002051141527 33.7663222524855 33.6324393908183 33.4964010980394 33.3538965119256 33.2113919258118 33.068887339698 32.9263827535842
37.4282091564602 37.4382675806681 37.448326004876 37.4583844290839 37.4218116760254 37.3696951972114 37.3175787183974 37.2654622395833 37.2133457607693 37.1612292819553 37.1091128031413 37.0547412766351 36.9936046070523 36.9324679374695 36.8713312678867 36.8101945983039 36.7490579287211 36.6879212591383 36.6267845895555 36.5071291923523 36.3679675526089 36.2288059128656 36.0896442731222 35.9504826333788 35.8113209936354 35.672159353892 35.5370027012295 35.4138610098097 35.2907193183899 35.1675776269701 35.0444359355503 34.9212942441305 34.7981525527107 34.6750108612908 34.5425978660584 34.4070944362217 34.271591006385 34.1360875765483 34.0005841467116 33.8650807168749 33.7295772870382 33.591915374332 33.4477780130175 33.3036406517029 33.1595032903883 33.0153659290738
37.5488445917765 37.5588548660278 37.5688651402791 37.5788754145304 37.5420944213867 37.4897163391113 37.4373382568359 37.3849601745605 37.3325820922852 37.2802040100098 37.2278259277344 37.1728049914042 37.1098554929097 37.0469059944153 36.9839564959208 36.9210069974264 36.8580574989319 36.7951080004374 36.732158501943 36.6185688972473 36.4880992571513 36.3576296170553 36.2271599769592 36.0966903368632 35.9662206967672 35.8357510566711 35.7050456047058 35.5736327171326 35.4422198295593 35.3108069419861 35.1793940544129 35.0479811668396 34.9165682792664 34.7851553916931 34.6494591712952 34.512335173289 34.3752111752828 34.2380871772766 34.1009631792704 33.9638391812643 33.8267151832581 33.6874296506246 33.5416595141093 33.395889377594 33.2501192410787 33.1043491045634
37.6694800270928 37.6794421513875 37.6894042756822 37.6993663999769 37.662377166748 37.6097374810113 37.5570977952745 37.5044581095378 37.451818423801 37.3991787380642 37.3465390523275 37.2908687061734 37.2261063787672 37.1613440513611 37.0965817239549 37.0318193965488 36.9670570691427 36.9022947417365 36.8375324143304 36.7300086021423 36.6082309616937 36.486453321245 36.3646756807963 36.2428980403476 36.121120399899 35.9993427594503 35.8730885081821 35.7334044244555 35.5937203407288 35.4540362570021 35.3143521732754 35.1746680895488 35.0349840058221 34.8952999220954 34.756320476532 34.6175759103563 34.4788313441807 34.340086778005 34.2013422118293 34.0625976456536 33.923853079478 33.7829439269172 33.6355410152012 33.4881381034851 33.3407351917691 33.1933322800531
37.8260207282172 37.8358655293782 37.8457103305393 37.8555551317003 37.8154274940491 37.7586423767937 37.7018572595384 37.6450721422831 37.5882870250278 37.5315019077725 37.4747167905172 37.4146095911662 37.3445361455282 37.2744626998901 37.2043892542521 37.1343158086141 37.0642423629761 36.9941689173381 36.9240954717 36.8185139973958 36.7010965135363 36.5836790296767 36.4662615458171 36.3488440619575 36.2314265780979 36.1140090942383 35.9905619197422 35.8490256733365 35.7074894269308 35.5659531805251 35.4244169341194 35.2828806877136 35.1413444413079 34.9998081949022 34.8605844497681 34.7221315383911 34.5836786270142 34.4452257156372 34.3067728042603 34.1683198928833 34.0298669815064 33.8890731917487 33.7412567668491 33.5934403419495 33.4456239170499 33.2978074921502
38.0184666951497 38.028125 38.0377833048502 38.0474416097005 38.0012454032898 37.9364310264587 37.8716166496277 37.8068022727966 37.7419878959656 37.6771735191345 37.6123591423035 37.5440276463826 37.4651447931925 37.3862619400024 37.3073790868123 37.2284962336222 37.1496133804321 37.070730527242 36.9918476740519 36.8840850830078 36.7666959126791 36.6493067423503 36.5319175720215 36.4145284016927 36.297139231364 36.1797500610352 36.057465839386 35.9204964637757 35.7835270881653 35.646557712555 35.5095883369446 35.3726189613342 35.2356495857239 35.0986802101135 34.9622510910034 34.8260020573934 34.6897530237834 34.5535039901733 34.4172549565633 34.2810059229533 34.1447568893433 34.0058174451192 33.8588067690532 33.7117960929871 33.564785416921 33.4177747408549
38.2109126620822 38.2203844706217 38.2298562791612 38.2393280877007 38.1870633125305 38.1142196761237 38.0413760397169 37.9685324033101 37.8956887669033 37.8228451304966 37.7500014940898 37.6734457015991 37.5857534408569 37.4980611801147 37.4103689193726 37.3226766586304 37.2349843978882 37.147292137146 37.0595998764038 36.9496561686198 36.8322953118218 36.7149344550239 36.5975735982259 36.480212741428 36.36285188463 36.245491027832 36.1243697590298 35.9919672542148 35.8595647493998 35.7271622445848 35.5947597397699 35.4623572349548 35.3299547301399 35.1975522253249 35.0639177322388 34.9298725763957 34.7958274205526 34.6617822647095 34.5277371088664 34.3936919530233 34.2596467971802 34.1225616984897 33.9763567712572 33.8301518440247 33.6839469167921 33.5377419895596
38.4033586290147 38.4126439412435 38.4219292534722 38.4312145657009 38.3728812217712 38.2920083257887 38.2111354298062 38.1302625338236 38.0493896378411 37.9685167418586 37.887643845876 37.8028637568156 37.7063620885213 37.609860420227 37.5133587519328 37.4168570836385 37.3203554153442 37.22385374705 37.1273520787557 37.0152272542318 36.8978947109646 36.7805621676975 36.6632296244304 36.5458970811632 36.4285645378961 36.3112319946289 36.1912736786737 36.063438044654 35.9356024106344 35.8077667766147 35.6799311425951 35.5520955085754 35.4242598745558 35.2964242405362 35.1655843734741 35.033743095398 34.9019018173218 34.7700605392456 34.6382192611695 34.5063779830933 34.3745367050171 34.2393059518602 34.0939067734613 33.9485075950623 33.8031084166633 33.6577092382643
