data/working_set_collections/6091692-Cassins_Sparrow-MC/1995/bio3.asc
NCOLS 265 
NROWS 230 
XLLCORNER -115.5625 
YLLCORNER 24.8333333333333 
CELLSIZE 0.0833333333333333 
NODATA_value -9999 
[rows 120 to 139 of 230, columns 46 to 91 of 265]
44.2191670735677 44.3127759297689 44.40638478597 44.4999936421712 44.5936024983724 44.6872113545736 44.6960847536723 44.6767130004035 44.6573412471348 44.637969493866 44.6185977405972 44.5992259873284 44.5798542340597 44.5717025227017 44.5972109370761 44.6227193514506 44.6482277658251 44.6737361801995 44.699244594574 44.7247530089484 44.7502614233229 44.8331641832987 44.9351983918084 45.037232600318 45.1392668088277 45.2413010173373 45.343335225847 45.4453694343567 45.5454432487487 45.6396358807881 45.7338285128275 45.8280211448669 45.9222137769063 46.0164064089457 46.1105990409851 46.2047916730245 46.2382253011068 46.25140592787 46.2645865546332 46.2777671813965 46.2909478081597 46.3041284349229 46.3173090616862 46.3093273904589 46.2378588252597 46.1663902600606
44.1512413024902 44.2334645589193 44.3156878153483 44.3979110717773 44.4801343282064 44.5623575846354 44.5723530769348 44.5582726478577 44.5441922187805 44.5301117897034 44.5160313606262 44.5019509315491 44.4878705024719 44.486797173818 44.5247451464335 44.5626931190491 44.6006410916646 44.6385890642802 44.6765370368958 44.7144850095113 44.7524329821269 44.8496771812439 44.9666867891947 45.0836963971456 45.2007060050964 45.3177156130472 45.4347252209981 45.5517348289489 45.665188439687 45.767974058787 45.8707596778869 45.9735452969868 46.0763309160868 46.1791165351867 46.2819021542867 46.3846877733866 46.4187431335449 46.4298884073893 46.4410336812337 46.4521789550781 46.4633242289225 46.4744695027669 46.4856147766113 46.4718814531962 46.3835123380025 46.2951432228088
44.0833155314128 44.1541531880697 44.2249908447266 44.2958285013835 44.3666661580404 44.4375038146973 44.4486214001974 44.4398322953118 44.4310431904263 44.4222540855408 44.4134649806553 44.4046758757697 44.3958867708842 44.4018918249342 44.4522793557909 44.5026668866475 44.5530544175042 44.6034419483609 44.6538294792175 44.7042170100742 44.7546045409308 44.866190179189 44.998175186581 45.1301601939731 45.2621452013651 45.3941302087571 45.5261152161492 45.6581002235412 45.7849336306254 45.8963122367859 46.0076908429463 46.1190694491068 46.2304480552673 46.3418266614278 46.4532052675882 46.5645838737487 46.599260965983 46.6083708869086 46.6174808078342 46.6265907287597 46.6357006496853 46.6448105706109 46.6539204915364 46.6344355159336 46.5291658507453 46.4238961855571
44.0153897603353 44.07484181722 44.1342938741048 44.1937459309896 44.2531979878743 44.3126500447591 44.3248897234599 44.321391942766 44.3178941620721 44.3143963813782 44.3108986006843 44.3074008199904 44.3039030392965 44.3169864760505 44.3798135651482 44.442640654246 44.5054677433438 44.5682948324415 44.6311219215393 44.6939490106371 44.7567760997348 44.8827031771342 45.0296635839674 45.1766239908006 45.3235843976338 45.470544804467 45.6175052113003 45.7644656181335 45.9046788215637 46.0246504147847 46.1446220080057 46.2645936012268 46.3845651944478 46.5045367876688 46.6245083808898 46.7444799741109 46.7797787984212 46.7868533664279 46.7939279344347 46.8010025024414 46.8080770704481 46.8151516384548 46.8222262064616 46.7969895786709 46.6748193634881 46.5526491483053
43.9474639892578 43.9955304463704 44.0435969034831 44.0916633605957 44.1397298177083 44.187796274821 44.2011580467224 44.2029515902202 44.2047451337179 44.2065386772156 44.2083322207133 44.210125764211 44.2119193077088 44.2320811271667 44.3073477745056 44.3826144218445 44.4578810691833 44.5331477165222 44.6084143638611 44.6836810111999 44.7589476585388 44.8992161750793 45.0611519813537 45.2230877876281 45.3850235939025 45.5469594001769 45.7088952064514 45.8708310127258 46.024424012502 46.1529885927836 46.2815531730651 46.4101177533467 46.5386823336283 46.6672469139099 46.7958114941914 46.924376074473 46.9602966308593 46.9653358459472 46.9703750610351 46.975414276123 46.9804534912109 46.9854927062988 46.9905319213867 46.9595436414083 46.8204728762309 46.6814021110535
43.8795382181803 43.9162190755208 43.9528999328613 43.9895807902018 44.0262616475423 44.0629425048828 44.077426369985 44.0845112376743 44.0915961053636 44.098680973053 44.1057658407423 44.1128507084317 44.119935576121 44.147175778283 44.234881983863 44.3225881894429 44.4102943950229 44.4980006006029 44.5857068061828 44.6734130117628 44.7611192173428 44.9157291730245 45.0926403787401 45.2695515844557 45.4464627901713 45.6233739958869 45.8002852016025 45.9771964073181 46.1441692034403 46.2813267707824 46.4184843381245 46.5556419054667 46.6927994728088 46.8299570401509 46.967114607493 47.1042721748352 47.1408144632975 47.1438183254666 47.1468221876356 47.1498260498047 47.1528299119737 47.1558337741428 47.1588376363118 47.1220977041457 46.9661263889737 46.8101550738017
43.8993888537089 43.9361387570699 43.9728886604309 44.0096385637919 44.0463884671529 44.0831383705139 44.0962036768595 44.1013741175333 44.1065445582072 44.111714998881 44.1168854395548 44.1220558802287 44.1272263209025 44.1537251472473 44.244209130605 44.3346931139628 44.4251770973205 44.5156610806783 44.606145064036 44.6966290473938 44.7871130307515 44.9395313262939 45.1125943925645 45.2856574588352 45.4587205251058 45.6317835913764 45.804846657647 45.9779097239176 46.1411005655924 46.2746747334798 46.4082489013672 46.5418230692545 46.6753972371419 46.8089714050293 46.9425455729167 47.076119740804 47.1253882090251 47.1465547773573 47.1677213456896 47.1888879140218 47.210054482354 47.2312210506863 47.2523876190185 47.2265774197049 47.0598369174534 46.8930964152019
44.0070158958435 44.0552894910176 44.1035630861918 44.1518366813659 44.2001102765401 44.2483838717142 44.2574899673462 44.2535402297973 44.2495904922485 44.2456407546997 44.2416910171509 44.237741279602 44.2337915420532 44.2517292340596 44.3353292147318 44.418929195404 44.5025291760762 44.5861291567484 44.6697291374206 44.7533291180928 44.836929098765 44.9706226348877 45.1210140228271 45.2714054107666 45.421796798706 45.5721881866455 45.722579574585 45.8729709625244 46.0152180989583 46.1330324808757 46.250846862793 46.3686612447103 46.4864756266276 46.6042900085449 46.7221043904622 46.8399187723796 46.914017868042 46.9735452016195 47.033072535197 47.0925998687744 47.1521272023519 47.2116545359294 47.2711818695068 47.272982788086 47.1016044616699 46.9302261352539
44.1146429379781 44.1744402249654 44.2342375119527 44.29403479894 44.3538320859273 44.4136293729146 44.4187762578328 44.4057063420613 44.3926364262899 44.3795665105184 44.3664965947469 44.3534266789754 44.3403567632039 44.349733320872 44.4264492988586 44.5031652768453 44.5798812548319 44.6565972328186 44.7333132108052 44.8100291887919 44.8867451667785 45.0017139434814 45.1294336530897 45.257153362698 45.3848730723063 45.5125927819146 45.6403124915229 45.7680322011312 45.8893356323242 45.9913902282715 46.0934448242188 46.195499420166 46.2975540161133 46.3996086120606 46.5016632080078 46.6037178039551 46.7026475270589 46.8005356258816 46.8984237247043 46.996311823527 47.0941999223497 47.1920880211724 47.2899761199951 47.319388156467 47.1433720058865 46.967355855306
44.2222699801127 44.2935909589131 44.3649119377136 44.436232916514 44.5075538953145 44.578874874115 44.5800625483195 44.5578724543253 44.5356823603312 44.5134922663371 44.4913021723429 44.4691120783488 44.4469219843546 44.4477374076843 44.5175693829854 44.5874013582865 44.6572333335876 44.7270653088887 44.7968972841898 44.8667292594909 44.9365612347921 45.0328052520752 45.1378532833523 45.2429013146294 45.3479493459066 45.4529973771837 45.5580454084608 45.663093439738 45.7634531656901 45.8497479756673 45.9360427856445 46.0223375956217 46.108632405599 46.1949272155762 46.2812220255534 46.3675168355306 46.4912771860758 46.6275260501438 46.7637749142117 46.9000237782796 47.0362726423475 47.1725215064155 47.3087703704834 47.3657935248481 47.1851395501031 47.0044855753581
44.3298970222473 44.4127416928609 44.4955863634745 44.5784310340881 44.6612757047017 44.7441203753153 44.7413488388061 44.7100385665893 44.6787282943725 44.6474180221557 44.616107749939 44.5847974777221 44.5534872055053 44.5457414944966 44.6086894671122 44.6716374397278 44.7345854123433 44.7975333849589 44.8604813575744 44.92342933019 44.9863773028056 45.0638965606689 45.1462729136149 45.2286492665609 45.3110256195068 45.3934019724528 45.4757783253988 45.5581546783447 45.637570699056 45.7081057230632 45.7786407470703 45.8491757710775 45.9197107950847 45.9902458190918 46.060780843099 46.1313158671061 46.2799068450928 46.4545164744059 46.6291261037191 46.8037357330322 46.9783453623453 47.1529549916585 47.3275646209716 47.4121988932292 47.2269070943197 47.0416152954102
44.4375240643819 44.5318924268086 44.6262607892354 44.7206291516622 44.8149975140889 44.9093658765157 44.9026351292928 44.8622046788533 44.8217742284139 44.7813437779744 44.740913327535 44.7004828770955 44.6600524266561 44.643745581309 44.699809551239 44.755873521169 44.811937491099 44.868001461029 44.924065430959 44.9801294008891 45.0361933708191 45.0949878692627 45.1546925438775 45.2143972184923 45.2741018931071 45.3338065677219 45.3935112423367 45.4532159169515 45.5116882324219 45.566463470459 45.6212387084961 45.6760139465332 45.7307891845703 45.7855644226074 45.8403396606446 45.8951148986817 46.0685365041097 46.281506898668 46.4944772932264 46.7074476877848 46.9204180823432 47.1333884769016 47.3463588714599 47.4586042616103 47.2686746385363 47.0787450154623
44.5447662353515 44.646383327908 44.7480004204644 44.8496175130208 44.9512346055772 45.0528516981337 45.0458274523417 45.0025894271003 44.9593514018588 44.9161133766174 44.872875351376 44.8296373261346 44.7863993008931 44.7671222898695 44.8197283214993 44.872334353129 44.9249403847588 44.9775464163886 45.0301524480184 45.0827584796481 45.1353645112779 45.1798857053121 45.221711953481 45.26353820165 45.3053644498189 45.3471906979879 45.3890169461568 45.4308431943258 45.4709976196289 45.5061365763346 45.5412755330404 45.5764144897461 45.6115534464518 45.6466924031576 45.6818313598633 45.716970316569 45.8821992556254 46.090791522132 46.2993837886387 46.5079760551453 46.7165683216519 46.9251605881585 47.1337528546651 47.2463311407302 47.0708674854703 46.8954038302104
44.6516235351562 44.7562143961588 44.8608052571614 44.965396118164 45.0699869791666 45.1745778401692 45.1709258079529 45.1311928113302 45.0914598147074 45.0517268180847 45.011993821462 44.9722608248393 44.9325278282165 44.9158716201782 44.968445777893 45.0210199356079 45.0735940933227 45.1261682510376 45.1787424087524 45.2313165664672 45.2838907241821 45.3185900688171 45.3473311424255 45.3760722160339 45.4048132896423 45.4335543632507 45.4622954368591 45.4910365104675 45.5154988606771 45.5271250406901 45.5387512207031 45.5503774007162 45.5620035807292 45.5736297607422 45.5852559407552 45.5968821207682 45.7208950996399 45.8823703447978 46.0438455899557 46.2053208351136 46.3667960802714 46.5282713254293 46.6897465705872 46.7753795305889 46.6334856351218 46.4915917396546
44.7584808349609 44.8660454644097 44.9736100938585 45.0811747233073 45.188739352756 45.2963039822048 45.296024163564 45.25979619556 45.223568227556 45.187340259552 45.151112291548 45.114884323544 45.0786563555399 45.0646209504869 45.1171632342868 45.1697055180867 45.2222478018866 45.2747900856865 45.3273323694865 45.3798746532864 45.4324169370863 45.4572944323222 45.47295033137 45.4886062304179 45.5042621294657 45.5199180285136 45.5355739275614 45.5512298266093 45.5600001017253 45.5481135050456 45.5362269083659 45.5243403116862 45.5124537150065 45.5005671183268 45.4886805216472 45.4767939249675 45.5595909436544 45.6739491674635 45.7883073912727 45.9026656150818 46.017023838891 46.1313820627001 46.2457402865092 46.3044279204475 46.1961037847732 46.0877796490988
44.8653381347656 44.9758765326605 45.0864149305555 45.1969533284505 45.3074917263454 45.4180301242404 45.4211225191752 45.3883995797899 45.3556766404046 45.3229537010193 45.290230761634 45.2575078222487 45.2247848828634 45.2133702807956 45.2658806906806 45.3183911005656 45.3709015104505 45.4234119203355 45.4759223302205 45.5284327401055 45.5809431499905 45.5959987958272 45.5985695203145 45.6011402448018 45.6037109692891 45.6062816937764 45.6088524182637 45.611423142751 45.6045013427734 45.569101969401 45.5337025960287 45.4983032226563 45.4629038492839 45.4275044759115 45.3921051025391 45.3567057291667 45.3982867876689 45.4655279901293 45.5327691925897 45.6000103950501 45.6672515975105 45.7344927999709 45.8017340024313 45.8334763103062 45.7587219344246 45.6839675585429
44.9721954345703 45.0857076009114 45.1992197672526 45.3127319335937 45.4262440999348 45.539756266276 45.5462208747864 45.5170029640198 45.4877850532531 45.4585671424866 45.4293492317199 45.4001313209533 45.3709134101868 45.3621196111043 45.4145981470744 45.4670766830444 45.5195552190144 45.5720337549845 45.6245122909546 45.6769908269246 45.7294693628947 45.7347031593323 45.724188709259 45.7136742591858 45.7031598091125 45.6926453590393 45.682130908966 45.6716164588928 45.6490025838216 45.5900904337565 45.5311782836914 45.4722661336263 45.4133539835612 45.3544418334961 45.295529683431 45.2366175333659 45.2369826316834 45.257106812795 45.2772309939067 45.2973551750184 45.31747935613 45.3376035372417 45.3577277183533 45.3625247001649 45.321340084076 45.2801554679871
45.079052734375 45.1955386691623 45.3120246039496 45.4285105387369 45.5449964735243 45.6614824083116 45.6713192303975 45.6456063482496 45.6198934661017 45.5941805839538 45.568467701806 45.542754819658 45.5170419375102 45.510868941413 45.5633156034681 45.6157622655232 45.6682089275784 45.7206555896335 45.7731022516886 45.8255489137437 45.8779955757989 45.8734075228373 45.8498078982035 45.8262082735697 45.8026086489359 45.7790090243022 45.7554093996684 45.7318097750346 45.6935038248698 45.611078898112 45.5286539713542 45.4462290445964 45.3638041178386 45.2813791910808 45.198954264323 45.1165293375651 45.0756784756979 45.0486856354608 45.0216927952237 44.9946999549866 44.9677071147495 44.9407142745125 44.9137214342754 44.8915730900235 44.8839582337274 44.8763433774313
45.2148160934448 45.332426600986 45.4500371085273 45.5676476160685 45.6852581236097 45.802868631151 45.8156750043233 45.7935466660393 45.7714183277554 45.7492899894714 45.7271616511875 45.7050333129035 45.6829049746195 45.6780179659525 45.7248549461364 45.7716919263204 45.8185289065043 45.8653658866882 45.9122028668721 45.959039847056 46.00587682724 45.9949099858602 45.9646752039591 45.9344404220581 45.9042056401571 45.873970858256 45.843736076355 45.8135012944539 45.7677210172018 45.6753042538961 45.5828874905904 45.4904707272848 45.3980539639791 45.3056372006734 45.2132204373678 45.1208036740621 45.0566224733988 45.0018531269497 44.9470837805006 44.8923144340515 44.8375450876024 44.7827757411533 44.7280063947042 44.6881489753723 44.6930273373922 44.697905699412
45.3794855117797 45.4963713963826 45.6132572809855 45.7301431655883 45.8470290501912 45.9639149347941 45.9792881965637 45.9608239173889 45.9423596382141 45.9238953590393 45.9054310798645 45.8869668006897 45.8685025215149 45.8635666847229 45.8992161750793 45.9348656654358 45.9705151557922 46.0061646461486 46.0418141365051 46.0774636268615 46.113113117218 46.0992105484009 46.0687906265259 46.0383707046509 46.0079507827759 45.9775308609009 45.9471109390259 45.9166910171509 45.8716541608175 45.7827665011088 45.6938788414001 45.6049911816915 45.5161035219828 45.4272158622742 45.3383282025655 45.2494405428568 45.1798146247864 45.116609287262 45.0534039497375 44.9901986122131 44.9269932746887 44.8637879371643 44.8005825996399 44.7522523562113 44.7485473950704 44.7448424339294
