data/working_set_collections/6091692-Cassins_Sparrow-MC/1995/bio3.asc
NCOLS 265 
NROWS 230 
XLLCORNER -115.5625 
YLLCORNER 24.8333333333333 
CELLSIZE 0.0833333333333333 
NODATA_value -9999 
[rows 40 to 59 of 230, columns 184 to 229 of 265]
33.6330830574036 33.4884896278381 33.3438961982727 33.2094587802887 33.0784066994985 32.9473546187083 32.8163025379181 32.6852504571279 32.5541983763377 32.4231462955475 32.2982701619466 32.1919218699138 32.0855735778809 31.979225285848 31.8728769938151 31.7665287017822 31.6601804097494 31.5538321177165 31.463364315033 31.3781900087992 31.2930157025655 31.2078413963318 31.1226670900981 31.0374927838644 30.9523184776306 30.8723557472229 30.8080277442932 30.7436997413635 30.6793717384338 30.6150437355042 30.5507157325745 30.4863877296448 30.4220597267151 30.38101811409 30.3477386315664 30.3144591490428 30.2811796665192 30.2479001839956 30.214620701472 30.1813412189484 30.1425085226695 30.0870161851247 30.03152384758 29.9760315100352 29.9205391724904 29.8650468349457
33.7538560549418 33.61006837421 33.4662806934781 33.3279853343964 33.1915207491981 33.0550561639998 32.9185915788015 32.7821269936032 32.6456624084049 32.5091978232066 32.3790854560005 32.2680297427708 32.156974029541 32.0459183163113 31.9348626030816 31.8238068898519 31.7127511766222 31.6016954633925 31.5096698443095 31.4239875899421 31.3383053355747 31.2526230812073 31.1669408268399 31.0812585724725 30.9955763181051 30.9157923698425 30.8537033398946 30.7916143099467 30.7295252799988 30.6674362500509 30.605347220103 30.543258190155 30.4811691602071 30.4401017665863 30.4060415850745 30.3719814035628 30.337921222051 30.3038610405392 30.2698008590274 30.2357406775157 30.1969422075484 30.1439288722144 30.0909155368805 30.0379022015466 29.9848888662126 29.9318755308787
33.8676910082499 33.724485874176 33.5812807401022 33.4408973058065 33.3014544381036 33.1620115704007 33.0225687026978 32.8831258349949 32.743682967292 32.604240099589 32.4711916393704 32.3573264016046 32.2434611638387 32.1295959260729 32.015730688307 31.9018654505412 31.7880002127754 31.6741349750095 31.580298280716 31.4931377675798 31.4059772544437 31.3188167413076 31.2316562281715 31.1444957150353 31.0573352018992 30.9764120260874 30.9142008622487 30.85198969841 30.7897785345713 30.7275673707326 30.6653562068939 30.6031450430552 30.5409338792165 30.4972201347351 30.4596721967061 30.4221242586772 30.3845763206482 30.3470283826192 30.3094804445903 30.2719325065613 30.2312606228723 30.181216902203 30.1311731815338 30.0811294608646 30.0310857401954 29.9810420195262
33.9745879173279 33.8317421277364 33.688896338145 33.548194694519 33.408207766215 33.268220837911 33.1282339096069 32.9882469813029 32.8482600529989 32.7082731246948 32.5745887120565 32.4598118464152 32.3450349807739 32.2302581151327 32.1154812494914 32.0007043838501 31.8859275182088 31.7711506525676 31.6752496242523 31.5856405417124 31.4960314591726 31.4064223766327 31.3168132940928 31.227204211553 31.1375951290131 31.0542147159576 30.9895203113556 30.9248259067535 30.8601315021515 30.7954370975494 30.7307426929474 30.6660482883453 30.6013538837433 30.5523732185364 30.5086304664612 30.464887714386 30.4211449623108 30.3774022102356 30.3336594581604 30.2899167060852 30.2454637686412 30.1988802750905 30.1522967815399 30.1057132879893 30.0591297944387 30.0125463008881
34.0814848264058 33.9389983812968 33.7965119361878 33.6554920832316 33.5149610943265 33.3744301054213 33.2338991165161 33.093368127611 32.9528371387058 32.8123061498006 32.6779857847426 32.5622972912259 32.4466087977092 32.3309203041924 32.2152318106757 32.099543317159 31.9838548236423 31.8681663301256 31.7702009677887 31.6781433158451 31.5860856639015 31.4940280119578 31.4019703600142 31.3099127080706 31.2178550561269 31.1320174058278 31.0648397604625 30.997662115097 30.9304844697317 30.8633068243663 30.7961291790009 30.7289515336355 30.6617738882701 30.6075263023377 30.5575887362162 30.5076511700948 30.4577136039734 30.407776037852 30.3578384717306 30.3079009056091 30.2596669144101 30.2165436479781 30.173420381546 30.130297115114 30.087173848682 30.04405058225
34.1883817354838 34.0462546348572 33.9041275342306 33.7627894719442 33.6217144224379 33.4806393729316 33.3395643234253 33.198489273919 33.0574142244127 32.9163391749064 32.7813828574287 32.6647827360365 32.5481826146444 32.4315824932522 32.3149823718601 32.1983822504679 32.0817821290758 31.9651820076837 31.8651523113251 31.7706460899777 31.6761398686303 31.5816336472829 31.4871274259355 31.3926212045882 31.2981149832408 31.209820095698 31.1401592095693 31.0704983234406 31.0008374373118 30.9311765511831 30.8615156650543 30.7918547789256 30.7221938927968 30.6626793861389 30.6065470059713 30.5504146258036 30.494282245636 30.4381498654684 30.3820174853007 30.3258851051331 30.273870060179 30.2342070208656 30.1945439815521 30.1548809422387 30.1152179029253 30.0755548636119
34.2952786445618 34.1535108884176 34.0117431322734 33.8700868606567 33.7284677505493 33.5868486404419 33.4452295303345 33.3036104202271 33.1619913101196 33.0203722000122 32.8847799301148 32.7672681808472 32.6497564315796 32.532244682312 32.4147329330444 32.2972211837769 32.1797094345093 32.0621976852417 31.9601036548615 31.8631488641103 31.7661940733592 31.669239282608 31.5722844918569 31.4753297011058 31.3783749103546 31.2876227855682 31.2154786586762 31.1433345317841 31.071190404892 30.9990462779999 30.9269021511078 30.8547580242157 30.7826138973236 30.7178324699402 30.6555052757263 30.5931780815125 30.5308508872986 30.4685236930847 30.4061964988709 30.343869304657 30.2880732059479 30.2518703937531 30.2156675815582 30.1794647693634 30.1432619571686 30.1070591449738
34.4021755536397 34.260767141978 34.1193587303162 33.9773842493693 33.8352210786608 33.6930579079522 33.5508947372437 33.4087315665351 33.2665683958266 33.124405225118 32.9881770028008 32.8697536256578 32.7513302485148 32.6329068713718 32.5144834942288 32.3960601170858 32.2776367399428 32.1592133627998 32.0550549983978 31.9556516382429 31.856248278088 31.7568449179331 31.6574415577783 31.5580381976234 31.4586348374685 31.3654254754384 31.290798107783 31.2161707401276 31.1415433724721 31.0669160048167 30.9922886371613 30.9176612695058 30.8430339018504 30.7729855537415 30.7044635454814 30.6359415372213 30.5674195289612 30.4988975207011 30.430375512441 30.3618535041809 30.3022763517168 30.2695337666406 30.2367911815643 30.2040485964881 30.1713060114119 30.1385634263357
34.4873379071554 34.3463829358419 34.2054279645284 34.0650764147441 33.9249260054695 33.7847755961948 33.6446251869202 33.5044747776456 33.3643243683709 33.2241739590963 33.089055050744 32.9690306451586 32.8490062395732 32.7289818339878 32.6089574284024 32.488933022817 32.3689086172316 32.2488842116462 32.1448185284933 32.0460724194845 31.9473263104757 31.8485802014669 31.7498340924581 31.6510879834493 31.5523418744405 31.4583778381348 31.3787600199382 31.2991422017415 31.2195243835449 31.1399065653483 31.0602887471517 30.9806709289551 30.9010531107585 30.8255519231161 30.7514229456584 30.6772939682007 30.603164990743 30.5290360132853 30.4549070358277 30.38077805837 30.3179461691115 30.2890055444506 30.2600649197896 30.2311242951287 30.2021836704678 30.1732430458069
34.5507657051087 34.4103582700094 34.2699508349101 34.133163356781 33.9975825309754 33.8620017051697 33.726420879364 33.5908400535584 33.4552592277527 33.319678401947 33.1874140739441 33.0650992393494 32.9427844047546 32.8204695701599 32.6981547355652 32.5758399009705 32.4535250663757 32.331210231781 32.2293942451477 32.1344112078349 32.0394281705221 31.9444451332092 31.8494620958964 31.7544790585836 31.6594960212708 31.5664798736572 31.4793643951416 31.392248916626 31.3051334381104 31.2180179595947 31.1309024810791 31.0437870025635 30.9566715240479 30.875531578064 30.7963834762573 30.7172353744507 30.638087272644 30.5589391708374 30.4797910690308 30.4006429672241 30.3350826581319 30.310285727183 30.2854887962341 30.2606918652852 30.2358949343363 30.2110980033874
34.614193503062 34.4743336041769 34.3344737052918 34.201250298818 34.0702390564813 33.9392278141446 33.8082165718079 33.6772053294712 33.5461940871345 33.4151828447978 33.2857730971442 33.1611678335402 33.0365625699361 32.9119573063321 32.787352042728 32.662746779124 32.5381415155199 32.4135362519159 32.3139699618022 32.2227499961853 32.1315300305685 32.0403100649516 31.9490900993347 31.8578701337179 31.766650168101 31.6745819091797 31.5799687703451 31.4853556315104 31.3907424926758 31.2961293538412 31.2015162150065 31.1069030761719 31.0122899373373 30.9255112330119 30.8413440068563 30.7571767807007 30.6730095545451 30.5888423283895 30.5046751022339 30.4205078760783 30.3522191471524 30.3315659099155 30.3109126726786 30.2902594354418 30.2696061982049 30.248952960968
34.6776213010152 34.5383089383443 34.3989965756735 34.2693372408549 34.1428955819872 34.0164539231195 33.8900122642517 33.763570605384 33.6371289465163 33.5106872876485 33.3841321203444 33.257236427731 33.1303407351176 33.0034450425042 32.8765493498908 32.7496536572774 32.6227579646641 32.4958622720507 32.3985456784566 32.3110887845357 32.2236318906148 32.1361749966939 32.048718102773 31.9612612088521 31.8738043149312 31.7826839447022 31.6805731455485 31.5784623463949 31.4763515472412 31.3742407480876 31.2721299489339 31.1700191497803 31.0679083506266 30.9754908879598 30.8863045374553 30.7971181869507 30.7079318364461 30.6187454859416 30.529559135437 30.4403727849325 30.3693556361728 30.352846092648 30.3363365491231 30.3198270055983 30.3033174620734 30.2868079185486
34.7410490989685 34.6022842725118 34.4635194460551 34.3374241828919 34.2155521074931 34.0936800320943 33.9718079566956 33.8499358812968 33.728063805898 33.6061917304993 33.4824911435445 33.3533050219218 33.2241189002991 33.0949327786764 32.9657466570536 32.8365605354309 32.7073744138082 32.5781882921855 32.4831213951111 32.3994275728862 32.3157337506612 32.2320399284363 32.1483461062113 32.0646522839864 31.9809584617615 31.8907859802246 31.781177520752 31.6715690612793 31.5619606018067 31.452352142334 31.3427436828613 31.2331352233887 31.123526763916 31.0254705429077 30.9312650680542 30.8370595932007 30.7428541183472 30.6486486434937 30.5544431686402 30.4602376937866 30.3864921251933 30.3741262753804 30.3617604255676 30.3493945757548 30.337028725942 30.3246628761291
34.8044768969218 34.6662596066793 34.5280423164368 34.4055111249288 34.288208632999 34.1709061410692 34.0536036491394 33.9363011572096 33.8189986652798 33.70169617335 33.5808501667447 33.4493736161126 33.3178970654806 33.1864205148485 33.0549439642165 32.9234674135844 32.7919908629524 32.6605143123203 32.5676971117655 32.4877663612366 32.4078356107076 32.3279048601786 32.2479741096497 32.1680433591207 32.0881126085917 31.9988880157471 31.8817818959554 31.7646757761637 31.6475696563721 31.5304635365804 31.4133574167887 31.2962512969971 31.1791451772054 31.0754501978556 30.9762255986532 30.8770009994507 30.7777764002482 30.6785518010458 30.5793272018433 30.4801026026408 30.4036286142137 30.3954064581129 30.3871843020121 30.3789621459113 30.3707399898105 30.3625178337097
34.8896231969198 34.7522232267592 34.6148232565986 34.4927410125732 34.3757646772597 34.2587883419461 34.1418120066325 34.0248356713189 33.9078593360053 33.7908830006917 33.6699823061625 33.5373085339864 33.4046347618103 33.2719609896342 33.1392872174581 33.006613445282 32.8739396731059 32.7412659009298 32.6490071932475 32.5702201737298 32.4914331542121 32.4126461346944 32.3338591151767 32.2550720956591 32.1762850761414 32.0871675173442 31.9670583407084 31.8469491640727 31.7268399874369 31.6067308108012 31.4866216341655 31.3665124575297 31.246403280894 31.137826983134 31.0330949783325 30.9283629735311 30.8236309687297 30.7188989639282 30.6141669591268 30.5094349543254 30.4299145804511 30.4260290993584 30.4221436182658 30.4182581371731 30.4143726560805 30.4104871749878
34.9964879989624 34.8601751327515 34.7238622665405 34.5991138458252 34.4782202402751 34.357326634725 34.2364330291748 34.1155394236247 33.9946458180746 33.8737522125244 33.7498875617981 33.6171097755432 33.4843319892883 33.3515542030335 33.2187764167786 33.0859986305237 32.9532208442688 32.8204430580139 32.7270516395569 32.6467890103658 32.5665263811747 32.4862637519836 32.4060011227926 32.3257384936015 32.2454758644104 32.1556244850159 32.037006855011 31.9183892250061 31.7997715950012 31.6811539649964 31.5625363349915 31.4439187049866 31.3253010749817 31.2126008987427 31.1018732070923 30.9911455154419 30.8804178237915 30.7696901321411 30.6589624404907 30.5482347488403 30.4653500239054 30.465994199117 30.4666383743286 30.4672825495402 30.4679267247518 30.4685708999634
35.103352801005 34.9681270387438 34.8329012764825 34.7054866790772 34.5806758032905 34.4558649275038 34.3310540517171 34.2062431759305 34.0814323001438 33.9566214243571 33.8297928174337 33.6969110171 33.5640292167664 33.4311474164327 33.2982656160991 33.1653838157654 33.0325020154317 32.8996202150981 32.8050960858663 32.7233578470018 32.6416196081374 32.5598813692729 32.4781431304084 32.3964048915439 32.3146666526794 32.2240814526876 32.1069553693136 31.9898292859395 31.8727032025655 31.7555771191915 31.6384510358175 31.5213249524435 31.4041988690694 31.2873748143514 31.1706514358521 31.0539280573527 30.9372046788534 30.820481300354 30.7037579218547 30.5870345433553 30.5007854673597 30.5059592988756 30.5111331303914 30.5163069619073 30.5214807934231 30.526654624939
35.2102176030477 35.0760789447361 34.9419402864244 34.8118595123291 34.6831313663059 34.5544032202827 34.4256750742595 34.2969469282362 34.168218782213 34.0394906361898 33.9096980730693 33.7767122586569 33.6437264442444 33.510740629832 33.3777548154195 33.2447690010071 33.1117831865947 32.9787973721822 32.8831405321757 32.7999266836378 32.7167128351 32.6334989865621 32.5502851380242 32.4670712894864 32.3838574409485 32.2925384203593 32.1769038836162 32.061269346873 31.9456348101298 31.8300002733867 31.7143657366435 31.5987311999003 31.4830966631572 31.3621487299601 31.2394296646118 31.1167105992635 30.9939915339152 30.8712724685669 30.7485534032186 30.6258343378703 30.5362209108141 30.5459243986342 30.5556278864543 30.5653313742744 30.5750348620944 30.5847383499145
35.3170824050903 35.1840308507284 35.0509792963664 34.9182323455811 34.7855869293213 34.6529415130615 34.5202960968018 34.387650680542 34.2550052642822 34.1223598480225 33.9896033287049 33.8565135002137 33.7234236717224 33.5903338432312 33.45724401474 33.3241541862488 33.1910643577576 33.0579745292664 32.9611849784851 32.8764955202738 32.7918060620626 32.7071166038513 32.6224271456401 32.5377376874288 32.4530482292175 32.360995388031 32.2468523979187 32.1327094078064 32.0185664176941 31.9044234275818 31.7902804374695 31.6761374473572 31.5619944572449 31.4369226455689 31.3082078933716 31.1794931411743 31.0507783889771 30.9220636367798 30.7933488845825 30.6646341323853 30.5716563542684 30.5858894983927 30.6001226425171 30.6143557866414 30.6285889307658 30.6428220748901
35.423947207133 35.2919827567207 35.1600183063083 35.024605178833 34.8880424923367 34.7514798058404 34.6149171193441 34.4783544328478 34.3417917463515 34.2052290598552 34.0695085843404 33.9363147417705 33.8031208992005 33.6699270566305 33.5367332140605 33.4035393714905 33.2703455289205 33.1371516863505 33.0392294247945 32.9530643569099 32.8668992890252 32.7807342211405 32.6945691532559 32.6084040853712 32.5222390174866 32.4294523557027 32.3168009122213 32.2041494687398 32.0914980252584 31.978846581777 31.8661951382955 31.7535436948141 31.6408922513326 31.5116965611776 31.3769861221314 31.2422756830852 31.1075652440389 30.9728548049927 30.8381443659465 30.7034339269002 30.6070917977227 30.6258545981513 30.6446173985799 30.6633801990085 30.6821429994371 30.7009057998657
