data/working_set_collections/6091692-Cassins_Sparrow-MC/1995/bio4.asc
NCOLS 265 
NROWS 230 
XLLCORNER -115.5625 
YLLCORNER 24.8333333333333 
CELLSIZE 0.0833333333333333 
NODATA_value -9999 
[rows 200 to 219 of 230, columns 184 to 229 of 265]
632.723289998373 634.305143568251 635.88699713813 635.868170166016 635.315783013239 634.763395860461 634.211008707683 633.658621554905 633.106234402127 632.55384724935 631.426926676433 628.5764058431 625.725885009767 622.875364176433 620.0248433431 617.174322509767 614.323801676434 611.4732808431 607.093935648602 602.204982333715 597.316029018828 592.42707570394 587.538122389053 582.649169074167 577.760215759279 571.477664438887 561.014319101973 550.550973765058 540.087628428145 529.624283091231 519.160937754316 508.697592417403 498.234247080489 488.515385437015 479.044685024689 -9999 -9999 -9999 -9999 -9999 -9999 -9999 -9999 -9999 -9999 -9999
628.038184611003 629.734163072375 631.430141533746 631.575396728517 631.203744167753 630.832091606989 630.460439046225 630.088786485461 629.717133924697 629.345481363933 628.311472574871 625.290395100913 622.269317626954 619.248240152996 616.227162679038 613.20608520508 610.185007731121 607.163930257163 602.641226704917 597.617981126575 592.594735548234 587.571489969891 582.54824439155 577.524998813208 572.501753234865 565.984647369388 554.985960642501 543.987273915612 532.988587188725 521.989900461837 510.991213734948 499.992527008061 488.993840281174 -9999 -9999 -9999 -9999 -9999 -9999 -9999 -9999 -9999 -9999 -9999 -9999 -9999
623.353079223633 625.163182576498 626.973285929362 627.282623291016 627.091705322266 626.900787353516 626.709869384766 626.518951416016 626.328033447266 626.137115478516 625.196018473309 622.004384358725 618.812750244142 615.621116129559 612.429482014976 609.237847900392 606.046213785809 602.854579671226 598.188517761232 593.030979919435 587.873442077639 582.715904235842 577.558366394045 572.400828552248 567.243290710451 560.49163029989 548.957602183028 537.423574066165 525.889545949304 514.355517832443 502.82148971558 491.287461598718 479.753433481857 -9999 -9999 -9999 -9999 -9999 -9999 -9999 -9999 -9999 -9999 -9999 -9999 -9999
618.667973836263 620.592202080621 622.516430324978 622.989849853516 622.97966647678 622.969483100044 622.959299723308 622.949116346572 622.938932969835 622.928749593099 622.080564371746 618.718373616538 615.356182861329 611.993992106121 608.631801350913 605.269610595704 601.907419840496 598.545229085288 593.735808817547 588.443978712296 583.152148607044 577.860318501792 572.568488396541 567.276658291289 561.984828186037 554.998613230391 542.929243723556 530.859874216718 518.790504709883 506.721135203048 494.651765696211 482.582396189376 470.513026682541 461.857673645022 454.340326097279 -9999 -9999 -9999 -9999 -9999 -9999 -9999 -9999 -9999 -9999 -9999
613.084260050457 615.104636298286 617.125012546116 617.7606048584 617.9346025255 618.108600192601 618.282597859702 618.456595526802 618.630593193903 618.804590861004 618.080950588652 614.66439649794 611.247842407228 607.831288316517 604.414734225805 600.998180135093 597.581626044381 594.16507195367 589.270064290366 583.882238769533 578.4944132487 573.106587727866 567.718762207033 562.3309366862 556.943111165366 549.859239790178 537.68723085192 525.515221913658 513.3432129754 501.171204037141 488.99919509888 476.827186160621 464.655177222362 456.198934173586 448.981279754641 -9999 -9999 -9999 -9999 -9999 -9999 -9999 -9999 -9999 -9999 -9999
606.601937866212 608.700485229493 610.799032592774 611.594888305665 611.956513468425 612.318138631186 612.679763793946 613.041388956707 613.403014119467 613.764639282227 613.197177124025 609.842453002932 606.487728881837 603.133004760744 599.77828063965 596.423556518556 593.068832397463 589.714108276369 584.791284179689 579.345760091148 573.900236002606 568.454711914064 563.009187825523 557.563663736982 552.118139648439 545.073509979252 533.231563568119 521.389617156985 509.547670745853 497.705724334721 485.863777923587 474.021831512454 462.179885101322 453.767359161379 446.497973378501 -9999 -9999 -9999 -9999 -9999 -9999 -9999 -9999 -9999 -9999 -9999
600.119615681967 602.296334160699 604.473052639432 605.42917175293 605.97842441135 606.527677069771 607.076929728191 607.626182386611 608.175435045031 608.724687703451 608.313403659398 605.020509507923 601.727615356447 598.434721204971 595.141827053495 591.84893290202 588.556038750544 585.263144599068 580.312504069012 574.809281412762 569.306058756513 563.802836100262 558.299613444012 552.796390787763 547.293168131512 540.287780168325 528.775896284319 517.264012400312 505.752128516306 494.240244632301 482.728360748293 471.216476864288 459.704592980282 451.335784149172 444.014667002362 -9999 -9999 -9999 -9999 -9999 -9999 -9999 -9999 -9999 -9999 -9999
593.637293497722 595.892183091906 598.14707268609 599.263455200196 600.000335354276 600.737215508356 601.474095662436 602.210975816516 602.947855970595 603.684736124675 603.429630194772 600.198566012914 596.967501831056 593.736437649199 590.505373467341 587.274309285483 584.043245103626 580.812180921768 575.833723958335 570.272802734377 564.711881510419 559.15096028646 553.590039062502 548.029117838544 542.468196614585 535.502050357398 524.32022900052 513.138407643639 501.95658628676 490.774764929881 479.592943573001 468.411122216122 457.229300859243 -9999 -9999 -9999 -9999 -9999 -9999 -9999 -9999 -9999 -9999 -9999 -9999 -9999
587.154971313477 589.488032023113 591.821092732748 593.097738647462 594.022246297201 594.946753946941 595.871261596681 596.79576924642 597.72027689616 598.644784545899 598.545856730145 595.376622517905 592.207388305666 589.038154093426 585.868919881187 582.699685668947 579.530451456707 576.361217244468 571.354943847658 565.736324055992 560.117704264325 554.499084472658 548.880464680992 543.261844889325 537.643225097658 530.716320546471 519.864561716719 509.012802886965 498.161044057213 487.309285227461 476.457526397708 465.605767567955 454.754008738203 446.472634124758 439.048054250083 -9999 -9999 -9999 -9999 -9999 -9999 -9999 -9999 -9999 -9999 -9999
580.672649129232 583.083880954319 585.495112779406 586.932022094727 588.044157240127 589.156292385526 590.268427530925 591.380562676324 592.492697821724 593.604832967123 593.662083265518 590.554679022897 587.447274780275 584.339870537653 581.232466295032 578.12506205241 575.017657809789 571.910253567167 566.876163736981 561.199845377606 555.523527018231 549.847208658856 544.170890299481 538.494571940106 532.818253580731 525.930590735545 515.408894432919 504.887198130292 494.365501827667 483.843805525041 473.322109222414 462.800412919789 452.278716617164 444.04105911255 436.564747873944 429.088436635338 -9999 -9999 -9999 -9999 -9999 -9999 -9999 -9999 -9999 -9999
573.185898081463 575.778316497804 578.370734914145 580.010560607911 581.332855394153 582.655150180394 583.977444966635 585.299739752877 586.622034539118 587.944329325359 588.19816216363 585.246609157988 582.295056152345 579.343503146703 576.391950141061 573.440397135418 570.488844129776 567.537291124134 562.507087198895 556.783999633791 551.060912068687 545.337824503583 539.614736938479 533.891649373375 528.16856180827 521.377510833743 511.382569630944 501.387628428144 491.392687225345 481.397746022545 471.402804819745 461.407863616946 451.412922414147 443.101442718507 435.35111685859 427.600790998673 -9999 -9999 -9999 -9999 -9999 -9999 -9999 -9999 -9999 -9999
564.694718170167 567.571338653565 570.447959136963 572.333354187013 573.888340759278 575.443327331544 576.99831390381 578.553300476075 580.108287048341 581.663273620606 582.154093424481 579.452412923179 576.750732421876 574.049051920574 571.347371419272 568.64569091797 565.944010416668 563.242329915366 558.2477142334 552.488786824546 546.729859415693 540.970932006838 535.212004597984 529.45307718913 523.694149780275 517.057080841067 507.785587310794 498.51409378052 489.242600250247 479.971106719974 470.699613189699 461.428119659426 452.156626129153 443.653784942628 435.407161204022 -9999 -9999 -9999 -9999 -9999 -9999 -9999 -9999 -9999 -9999 -9999
556.203538258871 559.364360809327 562.525183359782 564.656147766114 566.443826124404 568.231504482694 570.019182840984 571.806861199274 573.594539557563 575.382217915854 576.110024685331 573.65821668837 571.206408691408 568.754600694446 566.302792697484 563.850984700522 561.39917670356 558.947368706599 553.988341267905 548.193574015301 542.398806762698 536.604039510093 530.809272257489 525.014505004885 519.21973775228 512.736650848391 504.188604990644 495.640559132896 487.092513275149 478.544467417402 469.996421559653 461.448375701906 452.900329844159 444.206127166749 435.463205549454 426.720283932159 417.977362314862 409.234440697566 -9999 -9999 -9999 -9999 -9999 -9999 -9999 -9999
547.712358347575 551.157382965088 554.602407582601 556.978941345215 558.99931148953 561.019681633844 563.040051778158 565.060421922472 567.080792066786 569.101162211101 570.065955946182 567.86402045356 565.662084960939 563.460149468317 561.258213975696 559.056278483074 556.854342990452 554.652407497831 549.72896830241 543.898361206057 538.067754109703 532.237147013348 526.406539916994 520.57593282064 514.745325724285 508.416220855715 500.591622670494 492.767024485272 484.942426300051 477.11782811483 469.293229929607 461.468631744386 453.644033559166 444.758469390871 435.519249894886 426.280030398901 417.040810902915 -9999 -9999 -9999 -9999 -9999 -9999 -9999 -9999 -9999
539.22117843628 542.95040512085 546.67963180542 549.301734924317 551.554796854656 553.807858784994 556.060920715333 558.313982645671 560.56704457601 562.820106506348 564.021887207033 562.069824218751 560.11776123047 558.165698242189 556.213635253908 554.261572265626 552.309509277345 550.357446289064 545.469595336916 539.603148396812 533.736701456708 527.870254516603 522.0038075765 516.137360636396 510.270913696291 504.09579086304 496.994640350344 489.893489837648 482.792339324953 475.691188812258 468.590038299562 461.488887786867 454.387737274172 445.310811614992 435.575294240318 425.839776865644 -9999 -9999 -9999 -9999 -9999 -9999 -9999 -9999 -9999 -9999
530.729998524985 534.743427276612 538.75685602824 541.624528503419 544.110282219782 546.596035936145 549.081789652508 551.56754336887 554.053297085233 556.539050801596 557.977818467884 556.275627983943 554.573437500002 552.871247016061 551.16905653212 549.466866048178 547.764675564238 546.062485080297 541.210222371421 535.307935587567 529.405648803714 523.503362019859 517.601075236005 511.698788452151 505.796501668296 499.775360870364 493.397658030195 487.019955190025 480.642252349855 474.264549509686 467.886846669516 461.509143829347 455.131440989178 445.863153839113 435.63133858575 425.399523332387 415.167708079022 404.935892825659 -9999 -9999 -9999 -9999 -9999 -9999 -9999 -9999
520.472028350831 524.962619781494 529.453211212158 532.885698699952 535.965484873454 539.045271046956 542.125057220459 545.204843393962 548.284629567464 551.364415740967 553.26106092665 551.608283148872 549.955505371094 548.302727593317 546.649949815539 544.997172037761 543.344394259984 541.691616482206 536.779742685955 530.781503550214 524.783264414472 518.785025278729 512.786786142987 506.788547007245 500.790307871502 494.763978661433 488.653379228382 482.54277979533 476.43218036228 470.321580929229 464.210981496177 458.100382063126 451.989782630075 442.773868815107 432.522850206166 422.271831597226 412.020812988284 401.769794379343 -9999 -9999 -9999 -9999 -9999 -9999 -9999 -9999
508.44726791382 513.607982635499 518.768697357178 523.085245513917 527.120404815674 531.155564117432 535.19072341919 539.225882720947 543.261042022705 547.296201324463 549.871614583334 548.067789713543 546.263964843751 544.46013997396 542.656315104168 540.852490234376 539.048665364585 537.244840494793 532.17815628052 526.023852284752 519.869548288984 513.715244293215 507.560940297447 501.406636301679 495.25233230591 489.061644236249 482.761803944908 476.461963653566 470.162123362226 463.862283070885 457.562442779543 451.262602488202 444.962762196862 436.042956542971 426.249829101566 416.45670166016 406.663574218753 396.870446777347 -9999 -9999 -9999 -9999 -9999 -9999 -9999 -9999
496.422507476808 502.253345489503 508.084183502198 513.284792327882 518.275324757895 523.265857187907 528.256389617921 533.246922047933 538.237454477946 543.227986907959 546.482168240018 544.527296278213 542.572424316407 540.617552354602 538.662680392797 536.707808430991 534.752936469185 532.79806450738 527.576569875084 521.26620101929 514.955832163496 508.645463307701 502.335094451907 496.024725596113 489.714356740318 483.359309811065 476.870228661434 470.381147511803 463.892066362172 457.402985212541 450.91390406291 444.424822913279 437.935741763648 429.312044270836 419.976807996965 410.641571723094 401.306335449222 391.97109917535 -9999 -9999 -9999 -9999 -9999 -9999 -9999 -9999
484.397747039795 490.898708343506 497.399669647216 503.484339141846 509.430244700114 515.376150258381 521.32205581665 527.267961374918 533.213866933186 539.159772491455 543.092721896702 540.986802842883 538.880883789063 536.774964735244 534.669045681425 532.563126627605 530.457207573786 528.351288519966 522.974983469647 516.508549753827 510.042116038007 503.575682322186 497.109248606366 490.642814890546 484.176381174725 477.65697538588 470.978653377959 464.300331370038 457.622009362117 450.943687354196 444.265365346275 437.587043338354 430.908721330433 422.5811319987 413.703786892364 404.826441786028 395.94909667969 -9999 -9999 -9999 -9999 -9999 -9999 -9999 -9999 -9999
