data/working_set_collections/6091692-Cassins_Sparrow-MC/1995/bio4.asc
NCOLS 265 
NROWS 230 
XLLCORNER -115.5625 
YLLCORNER 24.8333333333333 
CELLSIZE 0.0833333333333333 
NODATA_value -9999 
[rows 180 to 199 of 230, columns 138 to 183 of 265]
659.571063232423 659.484816487632 659.39856974284 659.312322998048 661.382029215496 664.170386420357 666.958743625218 669.747100830079 672.53545803494 675.323815239801 678.112172444663 678.714038425025 672.756430731883 666.79882303874 660.841215345597 654.883607652455 648.925999959312 642.96839226617 637.010784573028 630.862843322756 624.651457553442 618.440071784128 612.228686014813 606.017300245499 599.805914476185 593.59452870687 590.341173977322 595.961912367078 601.582650756836 607.203389146592 612.824127536349 618.444865926107 624.065604315863 629.68634270562 636.996903483073 644.870738389756 652.74457329644 660.618408203125 668.492243109808 676.366078016492 684.239912923177 690.264594353571 690.74181535509 691.219036356609 691.696257358128 692.173478359647
653.164862060548 652.879901123048 652.594940185548 652.309979248048 654.28822631836 657.020876057943 659.753525797527 662.48617553711 665.218825276693 667.951475016277 670.68412475586 671.263937377932 665.385238647464 659.506539916994 653.627841186526 647.749142456058 641.870443725588 635.99174499512 630.113046264651 624.316728210451 618.547870381676 612.7790125529 607.010154724123 601.241296895347 595.472439066571 589.703581237795 586.756159464518 592.273045857746 597.789932250976 603.306818644205 608.823705037434 614.340591430664 619.857477823893 625.374364217122 632.599011230468 640.392911783853 648.186812337238 655.980712890624 663.77461344401 671.568513997394 679.362414550781 685.409147644044 686.214378356934 687.019609069825 687.824839782715 688.630070495606
646.758660888673 646.274985758465 645.791310628256 645.307635498048 647.194423421225 649.87136569553 652.548307969835 655.225250244141 657.902192518447 660.579134792752 663.256077067058 663.81383633084 658.014046563045 652.214256795249 646.414467027455 640.61467725966 634.814887491864 629.015097724069 623.215307956274 617.770613098146 612.444283209909 607.117953321671 601.791623433433 596.465293545195 591.138963656957 585.812633768719 583.171144951714 588.584179348415 593.997213745117 599.410248141818 604.823282538519 610.236316935221 615.649351331922 621.062385728623 628.201118977864 635.91508517795 643.629051378037 651.343017578124 659.056983778211 666.770949978297 674.484916178385 680.553700934517 681.686941358779 682.820181783041 683.953422207303 685.086662631565
640.352459716798 639.670070393882 638.987681070965 638.305291748048 640.100620524089 642.721855333117 645.343090142145 647.964324951173 650.585559760201 653.206794569228 655.828029378256 656.363735283748 650.642854478627 644.921973673505 639.201092868384 633.480212063263 627.75933125814 622.038450453019 616.317569647898 611.224497985842 606.340696038142 601.456894090443 596.573092142743 591.689290195043 586.805488247344 581.921686299644 579.58613043891 584.895312839083 590.204495239258 595.513677639431 600.822860039604 606.132042439779 611.441224839952 616.750407240125 623.80322672526 631.437258572048 639.071290418836 646.705322265625 654.339354112412 661.9733859592 669.607417805989 675.69825422499 677.159504360623 678.620754496257 680.082004631891 681.543254767524
633.946258544923 633.065155029298 632.184051513673 631.302947998048 633.006817626954 635.572344970704 638.137872314454 640.703399658204 643.268927001954 645.834454345704 648.399981689454 648.913634236656 643.271662394209 637.62969055176 631.987718709313 626.345746866865 620.703775024416 615.061803181969 609.419831339521 604.678382873537 600.237108866376 595.795834859215 591.354560852052 586.913286844891 582.47201283773 578.030738830568 576.001115926106 581.206446329752 586.411776733398 591.617107137044 596.822437540689 602.027767944336 607.233098347981 612.438428751627 619.405334472656 626.959431966145 634.513529459634 642.067626953125 649.621724446614 657.175821940103 664.729919433593 670.842807515463 672.632067362468 674.421327209473 676.210587056478 677.999846903483
627.540057373048 626.460239664715 625.380421956381 624.300604248048 625.913014729818 628.42283460829 630.932654486762 633.442474365235 635.952294243707 638.462114122179 640.971934000652 641.463533189564 635.90047030979 630.337407430015 624.774344550241 619.211281670467 613.648218790692 608.085155910918 602.522093031144 598.132267761232 594.133521694609 590.134775627986 586.136029561362 582.137283494739 578.138537428116 574.139791361492 572.416101413302 577.51757982042 582.619058227539 587.720536634657 592.822015041774 597.923493448893 603.024971856011 608.126450263129 615.007442220051 622.481605360242 629.955768500433 637.429931640624 644.904094780815 652.378257921005 659.852421061197 665.987360805936 668.104630364312 670.221899922689 672.339169481066 674.456439039442
623.092666117351 621.927987162273 620.763308207195 619.598629252117 621.097852579753 623.485043334961 625.872234090169 628.259424845378 630.646615600586 633.033806355794 635.420997111003 635.84274258084 630.368152194555 624.89356180827 619.418971421985 613.944381035701 608.469790649416 602.995200263131 597.520609876847 593.335987345379 589.581354098851 585.826720852324 582.072087605795 578.317454359268 574.56282111274 570.808187866212 569.264327155219 574.352784050835 579.441240946451 584.529697842068 589.618154737683 594.7066116333 599.795068528916 604.883525424533 611.686417643228 619.06078830295 626.435158962672 633.809529622395 641.183900282117 648.558270941839 655.932641601562 662.02956966824 664.294169955783 666.558770243327 668.82337053087 671.087970818414
620.604084777833 619.468397521973 618.332710266114 617.197023010255 618.561331176758 620.758971150716 622.956611124674 625.154251098633 627.351891072591 629.549531046549 631.747171020508 632.051262410484 626.674708048505 621.298153686525 615.921599324546 610.545044962567 605.168490600587 599.791936238609 594.41538187663 590.289541625978 586.580606079103 582.871670532228 579.162734985353 575.453799438478 571.744863891603 568.035928344728 566.545793151855 571.712059020995 576.878324890136 582.044590759277 587.210856628417 592.377122497558 597.543388366699 602.709654235839 609.442260742187 616.69698079427 623.951700846353 631.206420898437 638.46114095052 645.715861002603 652.970581054687 658.969434102376 661.200686136881 663.431938171387 665.663190205892 667.894442240397
618.115503438314 617.008807881674 615.902112325033 614.795416768393 616.024809773763 618.032898966471 620.04098815918 622.049077351888 624.057166544596 626.065255737305 628.073344930013 628.259782240128 622.981263902454 617.70274556478 612.424227227107 607.145708889433 601.867190551759 596.588672214086 591.310153876412 587.243095906577 583.579858059355 579.916620212133 576.25338236491 572.590144517688 568.926906670466 565.263668823243 563.827259148491 569.071333991156 574.315408833821 579.559483676486 584.80355851915 590.047633361816 595.29170820448 600.535783047145 607.198103841145 614.333173285589 621.468242730033 628.603312174478 635.738381618922 642.873451063366 650.008520507812 655.909298536512 658.10720231798 660.305106099447 662.503009880914 664.70091366238
615.626922098796 614.549218241374 613.471514383953 612.393810526531 613.488288370768 615.306826782227 617.125365193685 618.943903605144 620.762442016602 622.58098042806 624.399518839519 624.468302069772 619.287819756404 614.107337443035 608.926855129668 603.7463728163 598.565890502931 593.385408189563 588.204925876196 584.196650187176 580.579110039606 576.961569892037 573.344029744467 569.726489596898 566.108949449329 562.491409301759 561.108725145127 566.430608961316 571.752492777506 577.074376593695 582.396260409884 587.718144226074 593.040028042263 598.361911858452 604.953946940103 611.969365776909 618.984784613714 626.00020345052 633.015622287325 640.03104112413 647.046459960937 652.849162970649 655.013718499078 657.178274027507 659.342829555936 661.507385084364
613.138340759278 612.089628601075 611.040916442872 609.992204284669 610.951766967774 612.580754597982 614.20974222819 615.838729858399 617.467717488607 619.096705118815 620.725692749024 620.676821899416 615.594375610354 610.51192932129 605.429483032228 600.347036743166 595.264590454103 590.182144165041 585.099697875979 581.150204467775 577.578362019858 574.006519571942 570.434677124025 566.862834676108 563.290992228192 559.719149780275 558.390191141763 563.789883931477 569.189576721191 574.589269510904 579.988962300617 585.388655090332 590.788347880045 596.188040669758 602.709790039062 609.605558268228 616.501326497394 623.397094726562 630.292862955728 637.188631184894 644.084399414062 649.789027404785 651.920234680176 654.051441955567 656.182649230957 658.313856506348
610.64975941976 609.630038960775 608.610318501791 607.590598042807 608.415245564779 609.854682413737 611.294119262695 612.733556111654 614.172992960612 615.61242980957 617.051866658529 616.88534172906 611.900931464303 606.916521199546 601.932110934789 596.947700670032 591.963290405275 586.978880140518 581.994469875761 578.103758748373 574.57761400011 571.051469251846 567.525324503582 563.999179755318 560.473035007054 556.94689025879 555.6716571384 561.149158901637 566.626660664876 572.104162428113 577.581664191351 583.059165954589 588.536667717827 594.014169481064 600.46563313802 607.241750759547 614.017868381075 620.793986002603 627.570103624131 634.346221245658 641.122338867187 646.728891838921 648.826750861274 650.924609883626 653.022468905979 655.120327928331
607.611841159398 606.782799275717 605.953757392036 605.124715508356 605.959481302898 607.348849656847 608.738218010796 610.127586364746 611.516954718696 612.906323072645 614.295691426595 614.100021023222 609.149234347875 604.198447672527 599.24766099718 594.296874321833 589.346087646486 584.395300971139 579.444514295792 575.599063618979 572.122058275012 568.645052931045 565.168047587078 561.691042243111 558.214036899144 554.737031555177 553.528758239745 559.126681009927 564.72460378011 570.322526550292 575.920449320474 581.518372090657 587.116294860839 592.714217631021 599.111436971028 605.775088500975 612.438740030923 619.102391560871 625.766043090819 632.429694620767 639.093346150715 644.595034281413 646.610832214355 648.626630147298 650.642428080241 652.658226013183
604.024585978191 603.547909545899 603.071233113607 602.594556681316 603.584474182129 605.063256327311 606.542038472493 608.020820617676 609.499602762858 610.97838490804 612.457167053223 612.320859781903 607.339284261069 602.357708740235 597.376133219403 592.394557698569 587.412982177736 582.431406656902 577.449831136069 573.636119079591 570.211694844565 566.787270609539 563.362846374513 559.938422139487 556.513997904461 553.089573669434 551.9614944458 557.722450256346 563.483406066894 569.24436187744 575.005317687987 580.766273498534 586.527229309081 592.288185119627 598.647201538085 605.205571492512 611.763941446938 618.322311401366 624.880681355793 631.43905131022 637.997421264648 643.387454732259 645.27247873942 647.157502746582 649.042526753743 650.927550760905
600.437330796984 600.313019816081 600.188708835178 600.064397854276 601.209467061361 602.777662997776 604.34585893419 605.914054870605 607.48225080702 609.050446743435 610.61864267985 610.541698540583 605.529334174264 600.516969807944 595.504605441625 590.492241075306 585.479876708986 580.467512342666 575.455147976347 571.673174540203 568.301331414118 564.929488288033 561.557645161947 558.185802035862 554.813958909778 551.442115783692 550.394230651854 556.318219502765 562.242208353678 568.166197204589 574.0901860555 580.014174906412 585.938163757323 591.862152608234 598.182966105142 604.636054484048 611.089142862954 617.542231241861 623.995319620767 630.448407999673 636.90149637858 642.179875183105 643.934125264485 645.688375345866 647.442625427246 649.196875508626
596.850075615778 597.078130086264 597.30618455675 597.534239027236 598.834459940593 600.49206966824 602.149679395888 603.807289123535 605.464898851183 607.12250857883 608.780118306478 608.762537299264 603.719384087458 598.676230875652 593.633077663847 588.589924452042 583.546771240236 578.50361802843 573.460464816625 569.710230000815 566.390967983671 563.071705966527 559.752443949382 556.433181932239 553.113919915095 549.79465789795 548.826966857909 554.913988749185 561.001010640461 567.088032531737 573.175054423013 579.26207631429 585.349098205565 591.436120096841 597.718730672199 604.066537475585 610.41434427897 616.762151082356 623.109957885741 629.457764689126 635.805571492512 640.972295633952 642.59577178955 644.21924794515 645.842724100749 647.466200256348
593.262820434571 593.843240356446 594.423660278321 595.004080200196 596.459452819824 598.206476338704 599.953499857585 601.700523376465 603.447546895345 605.194570414225 606.941593933106 606.983376057944 601.909434000653 596.835491943361 591.761549886069 586.687607828778 581.613665771486 576.539723714194 571.465781656903 567.747285461427 564.480604553224 561.213923645021 557.947242736817 554.680561828614 551.413880920411 548.147200012208 547.259703063964 553.509757995604 559.759812927245 566.009867858886 572.259922790526 578.509977722167 584.760032653807 591.010087585447 597.254495239257 603.497020467121 609.739545694985 615.982070922851 622.224596150715 628.467121378579 634.709646606444 639.764716084798 641.257418314616 642.750120544434 644.242822774251 645.735525004069
589.675565253364 590.608350626628 591.541135999892 592.473921373156 594.084445699056 595.920883009169 597.757320319281 599.593757629395 601.430194939507 603.26663224962 605.103069559733 605.204214816625 600.099483913847 594.994753011069 589.890022108291 584.785291205514 579.680560302736 574.575829399958 569.471098497181 565.784340922039 562.570241122777 559.356141323515 556.142041524252 552.92794172499 549.713841925728 546.499742126466 545.692439270018 552.105527242023 558.518615214029 564.931703186034 571.344791158039 577.757879130045 584.170967102049 590.584055074054 596.790259806314 602.927503458658 609.064747111001 615.201990763346 621.339234415689 627.476478068032 633.613721720377 638.557136535644 639.919064839681 641.280993143717 642.642921447754 644.00484975179
587.449849446614 588.853739420573 590.257629394531 591.661519368489 593.289594014485 594.992396884494 596.695199754502 598.398002624511 600.10080549452 601.803608364529 603.506411234538 603.504594421388 598.388918558758 593.273242696128 588.157566833498 583.041890970868 577.926215108237 572.810539245607 567.694863382977 564.27675374349 561.424499511719 558.572245279949 555.719991048177 552.867736816407 550.015482584636 547.163228352865 546.565115017359 552.729424370657 558.893733723957 565.058043077255 571.222352430554 577.386661783853 583.550971137151 589.71528049045 595.62943013509 601.460193210177 607.290956285264 613.121719360351 618.952482435438 624.783245510524 630.614008585612 635.325481838651 636.679085625543 638.032689412436 639.386293199328 640.73989698622
586.585673014323 588.579406738281 590.573140462239 592.566874186197 594.074897766113 595.421017964681 596.767138163248 598.113258361816 599.459378560384 600.805498758952 602.15161895752 601.884514872235 596.777737935386 591.670960998536 586.564184061688 581.457407124839 576.350630187989 571.243853251141 566.137076314292 563.224523925782 561.043379720053 558.862235514324 556.681091308594 554.499947102865 552.318802897136 550.137658691406 549.877730305988 555.381449381508 560.88516845703 566.388887532551 571.892606608071 577.396325683593 582.900044759113 588.403763834634 593.772006225585 599.095089721679 604.418173217772 609.741256713867 615.06434020996 620.387423706054 625.710507202148 630.069751993816 631.537480672201 633.005209350586 634.472938028972 635.940666707357
