data/working_set_collections/6091692-Cassins_Sparrow-MC/1995/bio4.asc
NCOLS 265 
NROWS 230 
XLLCORNER -115.5625 
YLLCORNER 24.8333333333333 
CELLSIZE 0.0833333333333333 
NODATA_value -9999 
[rows 180 to 199 of 230, columns 184 to 229 of 265]
692.650699361166 693.127920362685 693.605141364204 693.081794230144 692.224924384224 691.368054538304 690.511184692383 689.654314846463 688.797445000543 687.940575154623 687.170165167915 686.659134758844 686.148104349773 685.637073940701 685.12604353163 684.615013122559 684.103982713488 683.592952304417 681.807100423178 679.596308051217 677.385515679255 675.174723307293 672.963930935331 670.75313856337 668.542346191408 666.432752990724 664.626757303875 662.820761617026 661.014765930177 659.208770243328 657.402774556479 655.59677886963 653.790783182782 651.509744771323 649.070358784995 646.630972798667 644.191586812339 641.752200826011 639.312814839683 636.873428853355 634.23680809869 631.008483039011 627.780157979332 624.551832919653 621.323507859975 618.095182800296
689.435301208497 690.240531921387 691.045762634278 690.664559936524 689.887879435222 689.11119893392 688.334518432618 687.557837931316 686.781157430014 686.004476928711 685.257687886556 684.600573221843 683.94345855713 683.286343892416 682.629229227702 681.972114562989 681.314999898275 680.657885233562 678.656408691407 676.206811523439 673.75721435547 671.307617187501 668.858020019532 666.408422851564 663.958825683595 661.647241719565 659.749697367352 657.852153015138 655.954608662925 654.057064310711 652.159519958497 650.261975606284 648.36443125407 645.77018890381 642.943713887534 640.117238871258 637.290763854982 634.464288838706 631.63781382243 628.811338806154 625.73577829997 621.912961324059 618.090144348147 614.267327372236 610.444510396325 606.621693420413
686.219903055827 687.353143480089 688.486383904351 688.247325642904 687.55083448622 686.854343329536 686.157852172852 685.461361016168 684.764869859484 684.0683787028 683.345210605198 682.542011684842 681.738812764486 680.93561384413 680.132414923774 679.329216003418 678.526017083063 677.722818162707 675.505716959636 672.817314995661 670.128913031685 667.440511067709 664.752109103734 662.063707139758 659.375305175782 656.861730448406 654.872637430828 652.88354441325 650.894451395672 648.905358378094 646.916265360515 644.927172342937 642.93807932536 640.030633036297 636.817068990073 633.60350494385 630.389940897625 627.176376851402 623.962812805178 620.749248758954 617.23474850125 612.817439609106 608.400130716962 603.982821824818 599.565512932674 595.14820404053
683.004504903158 684.465755038791 685.927005174425 685.830091349284 685.213789537218 684.597487725153 683.981185913086 683.364884101021 682.748582288954 682.132280476889 681.43273332384 680.483450147841 679.534166971843 678.584883795845 677.635600619847 676.686317443848 675.73703426785 674.787751091852 672.355025227866 669.427818467883 666.500611707901 663.573404947918 660.646198187935 657.718991427953 654.79178466797 652.076219177247 649.995577494305 647.914935811362 645.834294128419 643.753652445477 641.673010762534 639.592369079591 637.511727396649 634.291077168784 630.690424092613 627.089771016441 623.489117940269 619.888464864097 616.287811787926 612.687158711754 608.733718702531 603.721917894155 598.710117085777 593.698316277401 588.686515469025 583.674714660648
679.789106750489 681.578366597494 683.367626444499 683.412857055665 682.876744588217 682.340632120769 681.804519653321 681.268407185873 680.732294718425 680.196182250977 679.520256042481 678.42488861084 677.3295211792 676.234153747559 675.138786315919 674.043418884278 672.948051452637 671.852684020997 669.204333496095 666.038321940106 662.872310384116 659.706298828126 656.540287272137 653.374275716148 650.208264160158 647.290707906089 645.118517557781 642.946327209474 640.774136861167 638.60194651286 636.429756164552 634.257565816245 632.085375467938 628.551521301271 624.563779195152 620.576037089032 616.588294982912 612.600552876792 608.612810770673 604.625068664553 600.232688903811 594.626396179202 589.020103454592 583.413810729983 577.807518005375 572.201225280765
676.573708597819 678.690978156196 680.808247714572 680.995622762045 680.539699639215 680.083776516385 679.627853393555 679.171930270725 678.716007147895 678.260084025065 677.607778761123 676.36632707384 675.124875386557 673.883423699274 672.641972011991 671.400520324708 670.159068637425 668.917616950142 666.053641764324 662.648825412328 659.244009060331 655.839192708334 652.434376356338 649.029560004342 645.624743652345 642.50519663493 640.241457621258 637.977718607586 635.713979593914 633.450240580242 631.18650156657 628.922762552898 626.659023539227 622.811965433758 618.437134297691 614.062303161623 609.687472025555 605.312640889488 600.93780975342 596.562978617352 591.731659105091 585.53087446425 579.330089823407 573.129305182566 566.928520541724 -9999
673.352571105957 675.617171393501 677.881771681044 678.132353719076 677.711596340604 677.290838962132 676.87008158366 676.449324205187 676.028566826715 675.607809448243 674.957943556045 673.620752122668 672.283560689291 670.946369255915 669.609177822538 668.271986389161 666.934794955785 665.597603522408 662.553418986004 658.940236748591 655.327054511178 651.713872273765 648.100690036352 644.487507798939 640.874325561525 637.52498372396 634.967163085939 632.409342447918 629.851521809898 627.293701171877 624.735880533856 622.178059895836 619.620239257815 615.229615020755 610.228056250681 605.226497480608 600.224938710534 595.22337994046 590.221821170387 585.220262400313 579.88578948975 573.55257415772 567.219358825688 560.886143493657 554.552928161626 548.219712829594
670.125694274902 672.356946309408 674.588198343913 674.823049926758 674.392434692384 673.961819458008 673.531204223633 673.100588989259 672.669973754883 672.239358520508 671.570750427247 670.188163757325 668.805577087403 667.422990417481 666.04040374756 664.657817077638 663.275230407716 661.892643737794 658.703665161134 654.912555948895 651.121446736655 647.330337524415 643.539228312176 639.748119099937 635.957009887697 632.350069173179 629.295633951825 626.24119873047 623.186763509116 620.132328287762 617.077893066408 614.023457845054 610.9690226237 605.804470062258 599.936545054121 594.068620045983 588.200695037845 582.332770029707 576.46484502157 570.596920013431 564.695080057784 558.691495259607 552.687910461429 546.684325663252 540.680740865076 -9999
666.898817443848 669.096721225315 671.294625006782 671.513746134441 671.073273044163 670.632799953885 670.192326863607 669.75185377333 669.311380683052 668.870907592774 668.183557298449 666.755575391982 665.327593485515 663.899611579048 662.471629672581 661.043647766114 659.615665859647 658.18768395318 654.853911336264 650.884875149198 646.915838962133 642.946802775066 638.977766588001 635.008730400935 631.039694213868 627.175154622397 623.62410481771 620.073055013022 616.522005208335 612.970955403648 609.41990559896 605.868855794273 602.317805989586 596.379325103762 589.64503385756 582.910742611359 576.176451365156 569.442160118954 562.707868872752 555.97357762655 549.504370625817 543.830416361495 538.156462097171 532.482507832848 526.808553568526 -9999
663.671940612793 665.836496141222 668.001051669651 668.204442342123 667.754111395943 667.303780449762 666.853449503581 666.403118557401 665.95278761122 665.50245666504 664.796364169652 663.32298702664 661.849609883627 660.376232740615 658.902855597603 657.429478454591 655.956101311579 654.482724168567 651.004157511395 646.857194349503 642.71023118761 638.563268025718 634.416304863826 630.269341701934 626.122378540041 622.000240071616 617.952575683596 613.904911295575 609.857246907554 605.809582519534 601.761918131513 597.714253743492 593.666589355472 586.954180145267 579.353522661001 571.752865176735 564.152207692468 556.551550208202 548.950892723936 541.350235239669 534.313661193852 528.969337463383 523.625013732914 -9999 -9999 -9999
660.445063781738 662.576271057129 664.707478332519 664.895138549805 664.434949747722 663.974760945639 663.514572143555 663.054383341472 662.594194539389 662.134005737305 661.409171040854 659.890398661297 658.371626281739 656.852853902182 655.334081522625 653.815309143067 652.29653676351 650.777764383953 647.154403686525 642.829513549806 638.504623413088 634.179733276369 629.85484313965 625.529953002932 621.205062866213 616.825325520835 612.281046549481 607.736767578127 603.192488606773 598.648209635419 594.103930664065 589.559651692711 585.015372721357 577.529035186771 569.06201146444 560.59498774211 552.127964019779 543.660940297449 535.193916575119 526.726892852787 519.122951761885 514.108258565271 -9999 -9999 -9999 -9999
657.218186950684 659.316045973036 661.413904995388 661.585834757488 661.115788099502 660.645741441515 660.175694783529 659.705648125543 659.235601467557 658.765554809571 658.021977912056 656.457810295954 654.893642679851 653.329475063749 651.765307447646 650.201139831544 648.636972215441 647.072804599339 643.304649861655 638.80183275011 634.299015638565 629.79619852702 625.293381415475 620.79056430393 616.287747192384 611.650410970054 606.609517415367 601.568623860679 596.527730305992 591.486836751305 586.445943196616 581.405049641929 576.364156087242 568.103890228274 558.77050026788 549.437110307486 540.10372034709 530.770330386696 -9999 -9999 -9999 -9999 -9999 -9999 -9999 -9999
654.674023946126 656.689821879069 658.705619812011 658.820259602865 658.301180013021 657.782100423178 657.263020833334 656.74394124349 656.224861653646 655.705782063803 654.902313062881 653.245675828723 651.589038594565 649.932401360407 648.275764126249 646.619126892091 644.962489657933 643.305852423775 639.450267537437 634.861700100371 630.273132663305 625.684565226239 621.095997789173 616.507430352107 611.918862915041 607.075224812828 601.466374715172 595.857524617515 590.248674519859 584.639824422203 579.030974324547 573.422124226891 567.813274129235 559.002886708581 549.125320180261 539.247753651941 529.37018712362 519.4926205953 -9999 -9999 -9999 -9999 -9999 -9999 -9999 -9999
652.812574768066 654.697598775228 656.582622782389 656.598413085938 655.991125488282 655.383837890626 654.776550292969 654.169262695313 653.561975097657 652.9546875 652.050176493328 650.253995259604 648.45781402588 646.661632792156 644.865451558432 643.069270324708 641.273089090984 639.47690785726 635.591256713869 631.009115600588 626.426974487307 621.844833374025 617.262692260744 612.680551147463 608.098410034181 603.099767049156 596.851618448896 590.603469848635 584.355321248375 578.107172648115 571.859024047854 565.610875447594 559.362726847334 550.226024627689 540.126471201583 530.026917775476 519.927364349369 -9999 -9999 -9999 -9999 -9999 -9999 -9999 -9999 -9999
650.951125590007 652.705375671387 654.459625752767 654.376566569011 653.681070963542 652.985575358073 652.290079752605 651.594584147136 650.899088541667 650.203592936198 649.198039923775 647.262314690485 645.326589457195 643.390864223905 641.455138990615 639.519413757325 637.583688524035 635.647963290745 631.732245890301 627.156531100805 622.580816311308 618.005101521811 613.429386732315 608.853671942819 604.277957153322 599.124309285484 592.23686218262 585.349415079755 578.46196797689 571.574520874026 564.687073771161 557.799626668297 550.912179565433 541.449162546797 531.127622222904 520.806081899011 -9999 -9999 -9999 -9999 -9999 -9999 -9999 -9999 -9999 -9999
649.089676411947 650.713152567546 652.336628723144 652.154720052084 651.371016438803 650.587312825522 649.80360921224 649.019905598959 648.236201985678 647.452498372396 646.345903354222 644.270634121366 642.19536488851 640.120095655654 638.044826422799 635.969557189942 633.894287957087 631.819018724231 627.873235066733 623.303946601022 618.73465813531 614.165369669598 609.596081203886 605.026792738175 600.457504272462 595.148851521812 587.622105916344 580.095360310875 572.568614705407 565.041869099938 557.515123494469 549.988377889001 542.461632283532 532.672300465905 522.128773244226 -9999 -9999 -9999 -9999 -9999 -9999 -9999 -9999 -9999 -9999 -9999
647.228227233887 648.720929463704 650.213631693522 649.932873535157 649.060961914063 648.189050292969 647.317138671876 646.445227050782 645.573315429688 644.701403808594 643.493766784669 641.278953552247 639.064140319825 636.849327087403 634.634513854982 632.41970062256 630.204887390138 627.990074157716 624.014224243165 619.451362101239 614.888499959312 610.325637817384 605.762775675457 601.19991353353 596.637051391603 591.17339375814 583.007349650068 574.841305541994 566.675261433922 558.50921732585 550.343173217776 542.177129109704 534.011085001631 523.895438385013 513.129924265548 -9999 491.598896026615 -9999 -9999 -9999 -9999 -9999 -9999 -9999 -9999 -9999
645.366778055827 646.728706359863 648.0906346639 647.71102701823 646.750907389324 645.790787760417 644.830668131511 643.870548502605 642.910428873698 641.950309244792 640.641630215116 638.287272983128 635.93291575114 633.578558519152 631.224201287165 628.869844055177 626.515486823189 624.161129591201 620.155213419598 615.598777601456 611.042341783313 606.485905965171 601.929470147028 597.373034328886 592.816598510744 587.197935994469 578.392593383792 569.587250773114 560.781908162438 551.976565551761 543.171222941083 534.365880330407 525.56053771973 515.118576304121 504.131075286869 -9999 -9999 -9999 -9999 -9999 -9999 -9999 -9999 -9999 -9999 -9999
642.093500773113 643.447104560005 644.800708346897 644.453717041017 643.539860704211 642.626004367406 641.7121480306 640.798291693794 639.884435356989 638.970579020183 637.657834879559 635.148427327475 632.639019775392 630.129612223309 627.620204671225 625.110797119142 622.601389567059 620.091982014975 615.999353535972 611.378984747995 606.758615960017 602.13824717204 597.517878384062 592.897509596085 588.277140808107 582.463698577884 573.071036020919 563.678373463952 554.285710906986 544.893048350021 535.500385793053 526.107723236088 516.715060679122 506.287193298343 495.514257642962 484.741321987581 -9999 -9999 -9999 -9999 -9999 -9999 -9999 -9999 -9999 -9999
637.408395385743 638.876124064128 640.343852742513 640.160943603517 639.427821858725 638.694700113933 637.961578369141 637.22845662435 636.495334879558 635.762213134766 634.542380777996 631.862416585288 629.182452392579 626.502488199871 623.822524007163 621.142559814454 618.462595621746 615.782631429038 611.546644592287 606.791983540855 602.037322489423 597.28266143799 592.528000386558 587.773339335126 583.018678283693 576.970681508385 567.042677561446 557.114673614505 547.186669667565 537.258665720626 527.330661773685 517.402657826745 507.474653879806 497.401289367679 487.279471333825 -9999 -9999 -9999 -9999 -9999 -9999 -9999 -9999 -9999 -9999 -9999
