data/working_set_collections/6091692-Cassins_Sparrow-MC/1995/bio5.asc
NCOLS 265 
NROWS 230 
XLLCORNER -115.5625 
YLLCORNER 24.8333333333333 
CELLSIZE 0.0833333333333333 
NODATA_value -9999 
[rows 40 to 59 of 230, columns 138 to 183 of 265]
32.6324663480122 32.6625882148742 32.6927100817362 32.7228319485982 32.700787782669 32.6613549391428 32.6219220956166 32.5824892520904 32.5430564085642 32.503623565038 32.4641907215118 32.4418886820475 32.4709790547689 32.5000694274902 32.5291598002116 32.5582501729329 32.5873405456543 32.6164309183756 32.645521291097 32.6768531799316 32.708932240804 32.7410113016764 32.7730903625488 32.8051694234212 32.8372484842936 32.869327545166 32.9005711873372 32.9293085734049 32.9580459594726 32.9867833455403 33.015520731608 33.0442581176758 33.0729955037435 33.1017328898112 33.1078369140625 33.106396484375 33.1049560546875 33.103515625 33.1020751953125 33.100634765625 33.0991943359375 33.0942426045736 33.0787569681803 33.0632713317871 33.0477856953939 33.0323000590006
32.8702747662862 32.892386786143 32.9144988059997 32.9366108258565 32.894115336736 32.8300840112898 32.7660526858436 32.7020213603973 32.6379900349511 32.5739587095049 32.5099273840586 32.4712854173448 32.5088115268283 32.5463376363118 32.5838637457953 32.6213898552788 32.6589159647624 32.6964420742459 32.7339681837294 32.7667747497558 32.79800813463 32.8292415195041 32.8604749043782 32.8917082892524 32.9229416741265 32.9541750590006 32.9859268188476 33.0192337036133 33.0525405883789 33.0858474731445 33.1191543579101 33.1524612426758 33.1857681274414 33.219075012207 33.226459757487 33.225203789605 33.2239478217231 33.2226918538411 33.2214358859592 33.2201799180772 33.2189239501953 33.212927669949 33.1927104526096 33.1724932352702 33.1522760179308 33.1320588005914
32.9878122117784 33.0081067403158 33.0284012688531 33.0486957973904 32.9973106384277 32.9220322502984 32.8467538621691 32.7714754740397 32.6961970859104 32.620918697781 32.5456403096517 32.4990314059787 32.5384309556749 32.5778305053711 32.6172300550673 32.6566296047634 32.6960291544596 32.7354287041558 32.774828253852 32.8121505737305 32.8487804836697 32.8854103936089 32.9220403035482 32.9586702134874 32.9953001234266 33.0319300333659 33.0680133395725 33.1024568345811 33.1369003295898 33.1713438245985 33.2057873196072 33.2402308146159 33.2746743096246 33.3091178046332 33.3168780008952 33.3157437642415 33.3146095275879 33.3134752909342 33.3123410542806 33.3112068176269 33.3100725809733 33.3038159688314 33.2821922302246 33.2605684916178 33.2389447530111 33.2173210144043
32.9850786844889 33.0097480773926 33.0344174702962 33.0590868631999 33.0103736877441 32.9371996561686 32.8640256245931 32.7908515930176 32.7176775614421 32.6445035298666 32.571329498291 32.5251266479492 32.5598373413086 32.594548034668 32.6292587280273 32.6639694213867 32.6986801147461 32.7333908081055 32.7681015014648 32.8129806518555 32.8612492879232 32.9095179239909 32.9577865600586 33.0060551961263 33.054323832194 33.1025924682617 33.1468307495117 33.1789779663086 33.2111251831055 33.2432723999023 33.2754196166992 33.3075668334961 33.339714050293 33.3718612670898 33.3790916442871 33.3780164082845 33.3769411722819 33.3758659362793 33.3747907002767 33.3737154642741 33.3726402282715 33.3669075012207 33.3472023010254 33.3274971008301 33.3077919006348 33.2880867004394
32.9823451571994 33.0113894144694 33.0404336717394 33.0694779290093 33.0234367370606 32.9523670620389 32.8812973870172 32.8102277119955 32.7391580369738 32.6680883619521 32.5970186869303 32.5512218899197 32.5812437269423 32.6112655639648 32.6412874009874 32.67130923801 32.7013310750325 32.7313529120551 32.7613747490777 32.8138107299805 32.8737180921766 32.9336254543728 32.993532816569 33.0534401787652 33.1133475409613 33.1732549031575 33.2256481594509 33.255499098036 33.2853500366211 33.3152009752061 33.3450519137912 33.3749028523763 33.4047537909614 33.4346047295464 33.441305287679 33.4402890523275 33.4392728169759 33.4382565816243 33.4372403462728 33.4362241109212 33.4352078755697 33.42999903361 33.4122123718262 33.3944257100423 33.3766390482585 33.3588523864746
32.9796116299099 33.0130307515462 33.0464498731825 33.0798689948188 33.036499786377 32.9675344679091 32.8985691494412 32.8296038309733 32.7606385125054 32.6916731940376 32.6227078755697 32.5773171318902 32.602650112576 32.6279830932617 32.6533160739475 32.6786490546332 32.703982035319 32.7293150160048 32.7546479966905 32.8146408081055 32.8861868964301 32.9577329847547 33.0292790730794 33.1008251614041 33.1723712497287 33.2439173380534 33.3044655693902 33.3320202297634 33.3595748901367 33.38712955051 33.4146842108832 33.4422388712565 33.4697935316298 33.497348192003 33.503518931071 33.5025616963704 33.5016044616699 33.5006472269694 33.4996899922689 33.4987327575684 33.4977755228678 33.4930905659993 33.477222442627 33.4613543192546 33.4454861958822 33.4296180725098
32.9768781026204 33.014672088623 33.0524660746256 33.0902600606282 33.0495628356934 32.9827018737793 32.9158409118653 32.8489799499512 32.7821189880371 32.7152580261231 32.648397064209 32.6034123738607 32.6240564982096 32.6447006225586 32.6653447469075 32.6859888712565 32.7066329956055 32.7272771199544 32.7479212443034 32.8154708862305 32.8986557006836 32.9818405151367 33.0650253295898 33.1482101440429 33.2313949584961 33.3145797729492 33.3832829793294 33.4085413614909 33.4337997436523 33.4590581258138 33.4843165079752 33.5095748901367 33.5348332722982 33.5600916544596 33.5657325744629 33.5648343404134 33.5639361063639 33.5630378723144 33.562139638265 33.5612414042155 33.560343170166 33.5561820983887 33.5422325134277 33.5282829284668 33.5143333435058 33.5003837585449
32.9741445753309 33.0163134256999 33.0584822760688 33.1006511264377 33.0626258850098 32.9978692796495 32.9331126742893 32.868356068929 32.8035994635688 32.7388428582086 32.6740862528483 32.6295076158312 32.6454628838433 32.6614181518555 32.6773734198676 32.6933286878798 32.7092839558919 32.7252392239041 32.7411944919162 32.8163009643555 32.911124504937 33.0059480455186 33.1007715861002 33.1955951266818 33.2904186672634 33.385242207845 33.4621003892686 33.4850624932183 33.508024597168 33.5309867011176 33.5539488050673 33.5769109090169 33.5998730129666 33.6228351169162 33.6279462178548 33.6271069844564 33.6262677510579 33.6254285176595 33.6245892842611 33.6237500508626 33.6229108174642 33.619273630778 33.6072425842285 33.595211537679 33.5831804911296 33.5711494445801
32.8445531951057 32.8910480817159 32.9375429683262 32.9840378549364 32.9556616624197 32.9023284435273 32.8489952246348 32.7956620057424 32.74232878685 32.6889955679576 32.6356623490652 32.6009684244792 32.6221923828125 32.6434163411458 32.6646402994792 32.6858642578125 32.7070882161458 32.7283121744792 32.7495361328125 32.8265645345052 32.9221944173177 33.0178243001302 33.1134541829427 33.2090840657552 33.3047139485677 33.4003438313802 33.477668762207 33.5000788370768 33.5224889119466 33.5448989868164 33.5673090616862 33.589719136556 33.6121292114258 33.6345392862956 33.6398694356283 33.6395062764486 33.6391431172689 33.6387799580892 33.6384167989095 33.6380536397298 33.6376904805501 33.6352126227485 33.626390669081 33.6175687154134 33.6087467617459 33.5999248080783
32.5881039619446 32.6388760566712 32.6896481513977 32.7404202461243 32.728670167923 32.6960793654124 32.6634885629019 32.6308977603913 32.5983069578807 32.5657161553701 32.5331253528595 32.5177947998047 32.5542449951172 32.5906951904297 32.6271453857422 32.6635955810547 32.7000457763672 32.7364959716797 32.7729461669922 32.8462615966797 32.9318654378255 33.0174692789713 33.1030731201172 33.188676961263 33.2742808024088 33.3598846435547 33.4299880981445 33.4535903930664 33.4771926879883 33.5007949829102 33.524397277832 33.5479995727539 33.5716018676758 33.5952041625977 33.6015022277832 33.60203221639 33.6025622049968 33.6030921936035 33.6036221822103 33.6041521708171 33.6046821594238 33.6039990743001 33.599676767985 33.5953544616699 33.5910321553548 33.5867098490397
32.3316547287835 32.3867040316264 32.4417533344693 32.4968026373122 32.5016786734263 32.4898302872976 32.4779819011689 32.4661335150401 32.4542851289114 32.4424367427826 32.4305883566539 32.4346211751302 32.4862976074219 32.5379740397135 32.5896504720052 32.6413269042969 32.6930033365885 32.7446797688802 32.7963562011719 32.8659586588542 32.9415364583333 33.0171142578125 33.0926920572917 33.1682698567708 33.24384765625 33.3194254557292 33.382307434082 33.407101949056 33.43189646403 33.4566909790039 33.4814854939779 33.5062800089518 33.5310745239258 33.5558690388997 33.5631350199382 33.5645581563314 33.5659812927246 33.5674044291178 33.5688275655111 33.5702507019043 33.5716738382975 33.5727855258518 33.5729628668891 33.5731402079264 33.5733175489638 33.5734948900011
32.0752054956224 32.1345320065816 32.1938585175408 32.2531850285 32.2746871789297 32.2835812091828 32.2924752394359 32.3013692696889 32.310263299942 32.3191573301951 32.3280513604482 32.3514475504557 32.4183502197265 32.4852528889974 32.5521555582682 32.619058227539 32.6859608968099 32.7528635660807 32.8197662353515 32.8856557210286 32.9512074788411 33.0167592366536 33.0823109944661 33.1478627522786 33.2134145100911 33.2789662679036 33.3346267700195 33.3606135050456 33.3866002400716 33.4125869750977 33.4385737101237 33.4645604451497 33.4905471801758 33.5165339152018 33.5247678120931 33.5270840962728 33.5294003804525 33.5317166646322 33.5340329488118 33.5363492329915 33.5386655171712 33.5415719774034 33.5462489657932 33.5509259541829 33.5556029425727 33.5602799309625
31.8187562624614 31.8823599815369 31.9459637006124 32.0095674196879 32.047695684433 32.0773321310679 32.1069685777029 32.1366050243378 32.1662414709727 32.1958779176076 32.2255143642426 32.2682739257812 32.3504028320312 32.4325317382812 32.5146606445312 32.5967895507812 32.6789184570312 32.7610473632812 32.8431762695312 32.9053527832031 32.9608784993489 33.0164042154948 33.0719299316406 33.1274556477864 33.1829813639323 33.2385070800781 33.286946105957 33.3141250610352 33.3413040161133 33.3684829711914 33.3956619262695 33.4228408813477 33.4500198364258 33.4771987915039 33.4864006042481 33.4896100362142 33.4928194681803 33.4960289001465 33.4992383321126 33.5024477640788 33.5056571960449 33.5103584289551 33.5195350646973 33.5287117004395 33.5378883361816 33.5470649719238
31.5623070293003 31.6301879564921 31.698068883684 31.7659498108758 31.8207041899363 31.8710830529531 31.9214619159699 31.9718407789866 32.0222196420034 32.0725985050201 32.1229773680369 32.1851003011068 32.2824554443359 32.3798105875651 32.4771657307943 32.5745208740234 32.6718760172526 32.7692311604817 32.8665863037109 32.9250498453776 32.9705495198568 33.0160491943359 33.0615488688151 33.1070485432943 33.1525482177734 33.1980478922526 33.2392654418945 33.2676366170247 33.296007792155 33.3243789672852 33.3527501424154 33.3811213175456 33.4094924926758 33.437863667806 33.448033396403 33.4521359761556 33.4562385559082 33.4603411356608 33.4644437154134 33.468546295166 33.4726488749186 33.4791448805067 33.4928211636013 33.506497446696 33.5201737297906 33.5338500128852
31.3875107235379 31.469341913859 31.5511731041802 31.6330042945014 31.7016532262166 31.7659080717299 31.8301629172431 31.8944177627563 31.9586726082696 32.0229274537828 32.087182299296 32.1606697082519 32.2618548075358 32.3630399068196 32.4642250061035 32.5654101053873 32.6665952046712 32.7677803039551 32.8689654032389 32.925777943929 32.9677996317545 33.0098213195801 33.0518430074056 33.0938646952311 33.1358863830566 33.1779080708822 33.217480553521 33.2497054206 33.281930287679 33.314155154758 33.346380021837 33.378604888916 33.410829755995 33.443054623074 33.453645324707 33.4570246378581 33.4604039510091 33.4637832641601 33.4671625773112 33.4705418904622 33.4739212036133 33.4802547030979 33.4954507615831 33.5106468200684 33.5258428785536 33.5410389370388
31.2943673451741 31.3998218536377 31.5052763621012 31.6107308705648 31.6905427932739 31.7618071873983 31.8330715815226 31.904335975647 31.9756003697713 32.0468647638956 32.11812915802 32.1949821472168 32.2886009216308 32.3822196960449 32.475838470459 32.569457244873 32.6630760192871 32.7566947937012 32.8503135681152 32.9075370788574 32.9526288350423 32.9977205912272 33.0428123474121 33.087904103597 33.1329958597819 33.1780876159668 33.2215914408366 33.2603314717611 33.2990715026855 33.33781153361 33.3765515645345 33.415291595459 33.4540316263835 33.4927716573079 33.5032363891602 33.5042760213216 33.5053156534831 33.5063552856445 33.507394917806 33.5084345499674 33.5094741821289 33.5136878967285 33.5274238586426 33.5411598205566 33.5548957824707 33.5686317443848
31.2012239668104 31.3303017934163 31.4593796200222 31.5884574466281 31.6794323603312 31.7577063030667 31.8359802458021 31.9142541885376 31.992528131273 32.0708020740085 32.149076016744 32.2292945861816 32.3153470357259 32.4013994852702 32.4874519348144 32.5735043843587 32.659556833903 32.7456092834473 32.8316617329915 32.8892962137858 32.9374580383301 32.9856198628743 33.0337816874186 33.0819435119629 33.1301053365071 33.1782671610514 33.2257023281521 33.2709575229221 33.316212717692 33.361467912462 33.406723107232 33.4519783020019 33.4972334967719 33.5424886915419 33.5528274536133 33.5515274047851 33.550227355957 33.5489273071289 33.5476272583008 33.5463272094727 33.5450271606445 33.5471210903591 33.559396955702 33.5716728210449 33.5839486863878 33.5962245517307
31.1080805884467 31.260781733195 31.4134828779432 31.5661840226915 31.6683219273885 31.7536054187351 31.8388889100816 31.9241724014282 32.0094558927748 32.0947393841213 32.1800228754679 32.2636070251465 32.3420931498209 32.4205792744954 32.4990653991699 32.5775515238444 32.6560376485189 32.7345237731933 32.8130098978678 32.8710553487142 32.9222872416178 32.9735191345215 33.0247510274251 33.0759829203288 33.1272148132324 33.1784467061361 33.2298132154677 33.2815835740831 33.3333539326986 33.385124291314 33.4368946499295 33.4886650085449 33.5404353671604 33.5922057257758 33.6024185180664 33.5987787882487 33.595139058431 33.5914993286133 33.5878595987956 33.5842198689779 33.5805801391602 33.5805542839898 33.5913700527615 33.6021858215332 33.6130015903049 33.6238173590766
31.014937210083 31.1912616729736 31.3675861358642 31.5439105987548 31.6572114944458 31.7495045344035 31.8417975743611 31.9340906143188 32.0263836542765 32.1186766942342 32.2109697341919 32.2979194641113 32.368839263916 32.4397590637207 32.5106788635254 32.5815986633301 32.6525184631348 32.7234382629394 32.7943580627441 32.8528144836426 32.9071164449056 32.9614184061686 33.0157203674316 33.0700223286946 33.1243242899577 33.1786262512207 33.2339241027832 33.2922096252441 33.3504951477051 33.408780670166 33.4670661926269 33.5253517150879 33.5836372375488 33.6419227600097 33.6520095825195 33.6460301717122 33.6400507609049 33.6340713500976 33.6280919392904 33.6221125284831 33.6161331176758 33.6139874776204 33.623343149821 33.6326988220215 33.642054494222 33.6514101664225
30.9217938317192 31.1217416127523 31.3216893937852 31.5216371748182 31.6461010615031 31.7454036500719 31.8447062386407 31.9440088272095 32.0433114157782 32.142614004347 32.2419165929158 32.3322319030762 32.395585378011 32.458938852946 32.5222923278808 32.5856458028157 32.6489992777506 32.7123527526855 32.7757062276204 32.834573618571 32.8919456481933 32.9493176778157 33.0066897074381 33.0640617370605 33.1214337666829 33.1788057963053 33.2380349900987 33.3028356764051 33.3676363627116 33.432437049018 33.4972377353244 33.5620384216308 33.6268391079373 33.6916397942437 33.7016006469727 33.6932815551758 33.6849624633789 33.676643371582 33.6683242797852 33.6600051879883 33.6516860961914 33.6474206712511 33.6553162468804 33.6632118225098 33.6711073981391 33.6790029737684
