data/working_set_collections/6091692-Cassins_Sparrow-MC/1995/bio5.asc
NCOLS 265 
NROWS 230 
XLLCORNER -115.5625 
YLLCORNER 24.8333333333333 
CELLSIZE 0.0833333333333333 
NODATA_value -9999 
[rows 0 to 19 of 230, columns 138 to 183 of 265]
29.3436803764767 29.1461167176564 28.9485530588362 28.7509894000159 28.9869655450184 29.3674549579619 29.7479443709054 30.128433783849 30.5089231967925 30.889412609736 31.2699020226796 31.5808841228485 31.6833442846934 31.7858044465383 31.8882646083831 31.990724770228 32.0931849320729 32.1956450939178 32.2981052557627 32.3216672420502 32.3189298364851 32.3161924309201 32.313455025355 32.31071761979 32.3079802142249 32.3052428086599 32.3125188032786 32.3498349984487 32.3871511936188 32.4244673887889 32.461783583959 32.499099779129 32.5364159742991 32.5737321694692 32.571043141683 32.5550190395779 32.5389949374729 32.5229708353678 32.5069467332628 32.4909226311578 32.4748985290527 32.4483375284407 32.3901658323076 32.3319941361745 32.2738224400414 32.2156507439084
29.7948587258657 29.6124704837799 29.4300822416941 29.2476939996084 29.454597043991 29.7912638505299 30.1279306570688 30.4645974636077 30.8012642701466 31.1379310766855 31.4745978832244 31.747713581721 31.8301759560903 31.9126383304596 31.9951007048289 32.0775630791982 32.1600254535675 32.2424878279368 32.3249502023061 32.3355309009552 32.3221510410309 32.3087711811066 32.2953913211823 32.2820114612579 32.2686316013336 32.2552517414093 32.2532027721405 32.2851464748382 32.317090177536 32.3490338802338 32.3809775829315 32.4129212856293 32.444864988327 32.4768086910248 32.482462310791 32.4793525695801 32.4762428283691 32.4731330871582 32.4700233459473 32.4669136047363 32.4638038635254 32.4493103504181 32.4006655216217 32.3520206928253 32.3033758640289 32.2547310352326
30.2460370752546 30.0788242499033 29.911611424552 29.7443985992008 29.9222285429635 30.2150727430978 30.5079169432321 30.8007611433664 31.0936053435007 31.3864495436349 31.6792937437693 31.9145430405934 31.9770076274871 32.0394722143809 32.1019368012746 32.1644013881683 32.226865975062 32.2893305619558 32.3517951488495 32.3493945598602 32.3253722455767 32.3013499312931 32.2773276170095 32.2533053027259 32.2292829884423 32.2052606741587 32.1938867410024 32.2204579512278 32.2470291614533 32.2736003716787 32.3001715819041 32.3267427921295 32.353314002355 32.3798852125804 32.3938814798991 32.4036860995823 32.4134907192654 32.4232953389486 32.4330999586317 32.4429045783149 32.452709197998 32.4502831723955 32.4111652109358 32.3720472494761 32.3329292880164 32.2938113265567
30.6972154246436 30.5451780160268 30.39314060741 30.2411031987932 30.3898600419361 30.6388816356658 30.8879032293954 31.1369248231251 31.3859464168548 31.6349680105844 31.8839896043141 32.0813724994659 32.123839298884 32.1663060983022 32.2087728977203 32.2512396971384 32.2937064965566 32.3361732959747 32.3786400953929 32.3632582187653 32.3285934501224 32.2939286814796 32.2592639128367 32.2245991441939 32.189934375551 32.1552696069082 32.1345707098643 32.1557694276174 32.1769681453705 32.1981668631236 32.2193655808767 32.2405642986298 32.2617630163829 32.282961734136 32.3053006490072 32.3280196295844 32.3507386101617 32.3734575907389 32.3961765713162 32.4188955518934 32.4416145324707 32.4512559943729 32.4216649002499 32.3920738061269 32.3624827120039 32.3328916178809
31.1483937740326 31.0115317821503 30.8746697902679 30.7378077983856 30.8574915409087 31.0626905282338 31.2678895155588 31.4730885028839 31.6782874902089 31.8834864775339 32.088685464859 32.2482019583384 32.2706709702809 32.2931399822235 32.315608994166 32.3380780061086 32.3605470180511 32.3830160299937 32.4054850419362 32.3771218776703 32.3318146546682 32.2865074316661 32.241200208664 32.1958929856618 32.1505857626597 32.1052785396576 32.0752546787262 32.091080904007 32.1069071292877 32.1227333545685 32.1385595798492 32.15438580513 32.1702120304108 32.1860382556915 32.2167198181152 32.2523531595866 32.2879865010579 32.3236198425293 32.3592531840007 32.394886525472 32.4305198669434 32.4522288163503 32.432164589564 32.4121003627777 32.3920361359914 32.3719719092051
31.5995721234215 31.4778855482737 31.3561989731258 31.234512397978 31.3251230398813 31.4864994208017 31.6478758017221 31.8092521826425 31.970628563563 32.1320049444834 32.2933813254038 32.4150314172109 32.4175026416778 32.4199738661448 32.4224450906118 32.4249163150787 32.4273875395457 32.4298587640126 32.4323299884796 32.3909855365753 32.3350358592139 32.2790861818526 32.2231365044912 32.1671868271298 32.1112371497684 32.055287472407 32.0159386475881 32.0263923803965 32.036846113205 32.0472998460134 32.0577535788218 32.0682073116303 32.0786610444387 32.0891147772471 32.1281389872233 32.1766866895888 32.2252343919542 32.2737820943197 32.3223297966851 32.3708774990506 32.419425201416 32.4532016383277 32.4426642788781 32.4321269194285 32.4215895599789 32.4110522005293
31.8535329606798 31.7574048360189 31.661276711358 31.5651485866971 31.6392659982045 31.7701319217681 31.9009978453318 32.0318637688954 32.1627296924591 32.2935956160227 32.4244615395864 32.5172224309709 32.4956682258182 32.4741140206655 32.4525598155128 32.4310056103601 32.4094514052073 32.3878972000546 32.3663429949019 32.3161731243134 32.2564646985796 32.1967562728458 32.137047847112 32.0773394213783 32.0176309956445 31.9579225699107 31.9158075809479 31.926472902298 31.9371382236481 31.9478035449982 31.9584688663483 31.9691341876984 31.9797995090485 31.9904648303986 32.0334502220154 32.0872089703878 32.1409677187602 32.1947264671326 32.248485215505 32.3022439638774 32.3560027122498 32.3947295188904 32.3883605003357 32.381991481781 32.3756224632263 32.3692534446716
31.9102762858073 31.8500896453857 31.7899030049642 31.7297163645426 31.7999204158783 31.913588031133 32.0272556463877 32.1409232616424 32.2545908768971 32.3682584921519 32.4819261074066 32.5547749996185 32.505167722702 32.4555604457855 32.405953168869 32.3563458919525 32.306738615036 32.2571313381195 32.207524061203 32.1526846408844 32.0961011727651 32.0395177046458 31.9829342365265 31.9263507684072 31.8697673002879 31.8131838321686 31.7748614788056 31.7913224697113 31.8077834606171 31.8242444515228 31.8407054424286 31.8571664333344 31.8736274242401 31.8900884151459 31.9326535224915 31.9839200019836 32.0351864814758 32.086452960968 32.1377194404602 32.1889859199524 32.2402523994446 32.2768124580383 32.2692532539368 32.2616940498352 32.2541348457337 32.2465756416321
31.9670196109348 31.9427744547526 31.9185292985704 31.8942841423882 31.960574833552 32.0570441404978 32.1535134474436 32.2499827543894 32.3464520613352 32.442921368281 32.5393906752268 32.5923275682661 32.5146672195859 32.4370068709056 32.3593465222253 32.281686173545 32.2040258248647 32.1263654761845 32.0487051275042 31.9891961574555 31.9357376469506 31.8822791364458 31.828820625941 31.7753621154362 31.7219036049313 31.6684450944265 31.6339153766632 31.6561720371246 31.6784286975861 31.7006853580475 31.7229420185089 31.7451986789703 31.7674553394318 31.7897119998932 31.8318568229675 31.8806310335795 31.9294052441915 31.9781794548035 32.0269536654155 32.0757278760274 32.1245020866394 32.1588953971863 32.1501460075379 32.1413966178894 32.132647228241 32.1238978385925
32.0237629360623 32.0354592641195 32.0471555921766 32.0588519202338 32.1212292512258 32.2005002498626 32.2797712484995 32.3590422471364 32.4383132457733 32.5175842444102 32.5968552430471 32.6298801369137 32.5241667164697 32.4184532960256 32.3127398755816 32.2070264551375 32.1013130346934 31.9955996142494 31.8898861938053 31.8257076740265 31.7753741211362 31.7250405682458 31.6747070153555 31.6243734624651 31.5740399095748 31.5237063566844 31.4929692745209 31.521021604538 31.5490739345551 31.5771262645722 31.6051785945892 31.6332309246063 31.6612832546234 31.6893355846405 31.7310601234436 31.7773420651754 31.8236240069071 31.8699059486389 31.9161878903707 31.9624698321025 32.0087517738342 32.0409783363342 32.0310387611389 32.0210991859436 32.0111596107483 32.001220035553
32.0805062611898 32.1281440734863 32.1757818857829 32.2234196980794 32.2818836688995 32.3439563592275 32.4060290495554 32.4681017398834 32.5301744302114 32.5922471205393 32.6543198108673 32.6674327055613 32.5336662133535 32.3998997211457 32.2661332289378 32.13236673673 31.9986002445221 31.8648337523143 31.7310672601065 31.6622191905976 31.6150105953217 31.5678020000458 31.5205934047699 31.473384809494 31.4261762142182 31.3789676189423 31.3520231723785 31.3858711719513 31.419719171524 31.4535671710968 31.4874151706696 31.5212631702423 31.5551111698151 31.5889591693878 31.6302634239197 31.6740530967712 31.7178427696228 31.7616324424744 31.8054221153259 31.8492117881775 31.893001461029 31.9230612754822 31.91193151474 31.9008017539978 31.8896719932556 31.8785422325134
32.1372495863172 32.2208288828532 32.3044081793891 32.387987475925 32.4425380865733 32.4874124685923 32.5322868506113 32.5771612326304 32.6220356146494 32.6669099966685 32.7117843786875 32.7049852742089 32.5431657102373 32.3813461462657 32.2195265822941 32.0577070183225 31.8958874543508 31.7340678903792 31.5722483264076 31.4987307071686 31.4546470695072 31.4105634318458 31.3664797941844 31.322396156523 31.2783125188616 31.2342288812002 31.2110770702362 31.2507207393646 31.290364408493 31.3300080776215 31.3696517467499 31.4092954158783 31.4489390850067 31.4885827541351 31.5294667243958 31.5707641283671 31.6120615323385 31.6533589363098 31.6946563402812 31.7359537442525 31.7772511482239 31.8051442146301 31.7928242683411 31.780504322052 31.768184375763 31.7558644294739
32.1139391422272 32.2086213906606 32.303303639094 32.3979858875275 32.4480381329854 32.4832137107849 32.5183892885844 32.5535648663839 32.5887404441834 32.6239160219828 32.6590915997823 32.643095445633 32.4735840956371 32.3040727456411 32.1345613956452 31.9650500456493 31.7955386956533 31.6260273456574 31.4565159956615 31.3862789154053 31.3491332583957 31.3119876013862 31.2748419443766 31.2376962873671 31.2005506303575 31.163404973348 31.1465059492323 31.1903468237983 31.2341876983642 31.2780285729302 31.3218694474962 31.3657103220622 31.4095511966281 31.4533920711941 31.4950023492177 31.5358690950605 31.5767358409034 31.6176025867462 31.658469332589 31.6993360784319 31.7402028242747 31.766412835651 31.7486526436276 31.7308924516042 31.7131322595808 31.6953720675574
32.0105749289195 32.0915215969086 32.1724682648977 32.2534149328867 32.298383808136 32.3313600858053 32.3643363634745 32.3973126411438 32.4302889188131 32.4632651964823 32.4962414741516 32.4817632198334 32.3249213695527 32.1680795192719 32.0112376689911 31.8543958187104 31.6975539684296 31.5407121181488 31.3838702678681 31.3248638153076 31.2984691619873 31.272074508667 31.2456798553467 31.2192852020264 31.1928905487061 31.1664958953857 31.1583098093668 31.2047494252523 31.2511890411377 31.2976286570231 31.3440682729085 31.3905078887939 31.4369475046793 31.4833871205648 31.5268702983856 31.5693679968516 31.6118656953176 31.6543633937836 31.6968610922495 31.7393587907155 31.7818564891815 31.8068671385447 31.7794166405996 31.7519661426544 31.7245156447093 31.6970651467641
31.9072107156118 31.9744218031565 32.0416328907013 32.1088439782461 32.1487294832866 32.1795064608256 32.2102834383647 32.2410604159037 32.2718373934428 32.3026143709819 32.3333913485209 32.3204309940339 32.1762586434683 32.0320862929027 31.8879139423371 31.7437415917715 31.5995692412059 31.4553968906403 31.3112245400747 31.26344871521 31.2478050655789 31.2321614159478 31.2165177663167 31.2008741166857 31.1852304670546 31.1695868174235 31.1701136695014 31.2191520267063 31.2681903839111 31.317228741116 31.3662670983208 31.4153054555257 31.4643438127306 31.5133821699354 31.5587382475535 31.6028668986426 31.6469955497318 31.6911242008209 31.73525285191 31.7793815029992 31.8235101540883 31.8473214414385 31.8101806375716 31.7730398337046 31.7358990298377 31.6987582259708
31.8038465023041 31.8573220094045 31.9107975165049 31.9642730236053 31.9990751584371 32.027652835846 32.0562305132548 32.0848081906637 32.1133858680725 32.1419635454814 32.1705412228902 32.1590987682343 32.0275959173839 31.8960930665334 31.764590215683 31.6330873648326 31.5015845139822 31.3700816631318 31.2385788122813 31.2020336151123 31.1971409691705 31.1922483232286 31.1873556772868 31.1824630313449 31.1775703854031 31.1726777394613 31.1819175296359 31.2335546281602 31.2851917266846 31.3368288252089 31.3884659237332 31.4401030222575 31.4917401207818 31.5433772193061 31.5906061967214 31.6363658004337 31.682125404146 31.7278850078583 31.7736446115706 31.8194042152828 31.8651638189951 31.8877757443322 31.8409446345435 31.7941135247548 31.7472824149662 31.7004513051775
31.7004822889964 31.7402222156525 31.7799621423086 31.8197020689646 31.8494208335877 31.8757992108663 31.9021775881449 31.9285559654236 31.9549343427022 31.9813127199809 32.0076910972595 31.9977665424347 31.8789331912995 31.7600998401642 31.641266489029 31.5224331378937 31.4035997867584 31.2847664356232 31.165933084488 31.1406185150147 31.146476872762 31.1523352305094 31.1581935882568 31.1640519460042 31.1699103037516 31.175768661499 31.1937213897705 31.2479572296142 31.302193069458 31.3564289093017 31.4106647491455 31.4649005889892 31.519136428833 31.5733722686767 31.6224741458893 31.6698647022247 31.7172552585602 31.7646458148956 31.8120363712311 31.8594269275665 31.906817483902 31.928230047226 31.8717086315155 31.8151872158051 31.7586658000946 31.7021443843842
31.5971180756887 31.6231224219004 31.6491267681122 31.6751311143239 31.6997665087382 31.7239455858867 31.7481246630351 31.7723037401835 31.796482817332 31.8206618944804 31.8448409716288 31.8364343166352 31.7302704652151 31.624106613795 31.5179427623749 31.4117789109548 31.3056150595347 31.1994512081147 31.0932873566946 31.079203414917 31.0958127763536 31.1124221377903 31.1290314992269 31.1456408606635 31.1622502221001 31.1788595835368 31.205525249905 31.2623598310682 31.3191944122314 31.3760289933946 31.4328635745578 31.489698155721 31.5465327368842 31.6033673180474 31.6543420950572 31.7033636040158 31.7523851129744 31.801406621933 31.8504281308916 31.8994496398502 31.9484711488088 31.9686843501197 31.9024726284875 31.8362609068553 31.7700491852231 31.7038374635909
31.6255274136861 31.6392918586731 31.6530563036601 31.666820748647 31.683816242218 31.7018887519836 31.7199612617493 31.7380337715149 31.7561062812805 31.7741787910461 31.7922513008118 31.7803575886621 31.6785652107663 31.5767728328705 31.4749804549747 31.3731880770789 31.2713956991832 31.1696033212874 31.0678109433916 31.0581943511963 31.0793030209011 31.100411690606 31.1215203603109 31.1426290300157 31.1637376997206 31.1848463694255 31.2154686397976 31.2746317121717 31.3337947845459 31.39295785692 31.4521209292941 31.5112840016683 31.5704470740424 31.6296101464165 31.6807316462199 31.7291726218329 31.777613597446 31.8260545730591 31.8744955486721 31.9229365242852 31.9713774998983 31.9901031282213 31.9196827146742 31.8492623011271 31.77884188758 31.708421474033
31.7857103029887 31.7887305259704 31.7917507489522 31.794770971934 31.8015700340271 31.8096287091573 31.8176873842875 31.8257460594177 31.8338047345479 31.8418634096781 31.8499220848083 31.8295363585154 31.7238174279531 31.6180984973908 31.5123795668284 31.4066606362661 31.3009417057037 31.1952227751414 31.0895038445791 31.0775913238525 31.0969476064046 31.1163038889567 31.1356601715088 31.1550164540609 31.174372736613 31.193729019165 31.2235515594482 31.2847728729248 31.3459941864014 31.4072154998779 31.4684368133545 31.529658126831 31.5908794403076 31.6521007537842 31.7016427993774 31.7472917556763 31.7929407119751 31.8385896682739 31.8842386245727 31.9298875808716 31.9755365371704 31.9924863815308 31.9233388900757 31.8541913986206 31.7850439071655 31.7158964157105
