data/working_set_collections/6091692-Cassins_Sparrow-MC/1995/bio5.asc
NCOLS 265 
NROWS 230 
XLLCORNER -115.5625 
YLLCORNER 24.8333333333333 
CELLSIZE 0.0833333333333333 
NODATA_value -9999 
[rows 80 to 99 of 230, columns 184 to 229 of 265]
35.270307413737 35.2895796034071 35.3088517930772 35.266567993164 35.2037655300564 35.1409630669488 35.0781606038411 35.0153581407335 34.9525556776259 34.8897532145182 34.8254651387532 34.7567202250163 34.6879753112793 34.6192303975423 34.5504854838053 34.4817405700683 34.4129956563314 34.3442507425944 34.3347951253255 34.3451026068793 34.3554100884331 34.365717569987 34.3760250515408 34.3863325330946 34.3966400146484 34.3822616577148 34.293825785319 34.2053899129232 34.1169540405273 34.0285181681315 33.9400822957357 33.8516464233398 33.763210550944 33.6538548787435 33.5375259399414 33.4211970011393 33.3048680623372 33.1885391235352 33.0722101847331 32.955881245931 32.8676500956217 32.863712310791 32.8597745259603 32.8558367411295 32.8518989562988 32.8479611714681
35.4416280110677 35.4728359646267 35.5040439181857 35.4664489746094 35.4059197319878 35.3453904893663 35.2848612467448 35.2243320041233 35.1638027615017 35.1032735188802 35.0392422993978 34.9647051493327 34.8901679992676 34.8156308492025 34.7410936991374 34.6665565490723 34.5920193990072 34.5174822489421 34.5062174479166 34.5160434299045 34.5258694118923 34.5356953938802 34.545521375868 34.5553473578559 34.5651733398437 34.5484034220378 34.4518458048503 34.3552881876628 34.2587305704753 34.1621729532878 34.0656153361003 33.9690577189128 33.8725001017253 33.7596491495768 33.6413670857748 33.5230850219727 33.4048029581706 33.2865208943685 33.1682388305664 33.0499567667643 32.9612236022949 32.9611371358236 32.9610506693522 32.9609642028808 32.9608777364095 32.9607912699381
35.6129486083984 35.6560923258463 35.6992360432942 35.6663299560547 35.6080739339193 35.5498179117838 35.4915618896484 35.433305867513 35.3750498453776 35.3167938232422 35.2530194600423 35.1726900736491 35.0923606872558 35.0120313008626 34.9317019144694 34.8513725280762 34.7710431416829 34.6907137552897 34.6776397705078 34.6869842529297 34.6963287353515 34.7056732177734 34.7150177001953 34.7243621826172 34.733706665039 34.7145451863607 34.6098658243815 34.5051864624023 34.4005071004232 34.295827738444 34.1911483764648 34.0864690144857 33.9817896525065 33.8654434204102 33.7452082316081 33.624973042806 33.5047378540039 33.3845026652018 33.2642674763998 33.1440322875977 33.0547971089681 33.0585619608561 33.0623268127441 33.0660916646321 33.0698565165202 33.0736213684082
35.7842692057291 35.8393486870659 35.8944281684027 35.8662109375 35.8102281358507 35.7542453342014 35.6982625325521 35.6422797309028 35.5862969292535 35.5303141276042 35.4667966206868 35.3806749979655 35.2945533752441 35.2084317525228 35.1223101298014 35.0361885070801 34.9500668843587 34.8639452616374 34.8490620930989 34.8579250759548 34.8667880588107 34.8756510416666 34.8845140245225 34.8933770073784 34.9022399902343 34.8806869506836 34.7678858439128 34.6550847371419 34.5422836303711 34.4294825236003 34.3166814168294 34.2038803100586 34.0910792032878 33.9712376912435 33.8490493774414 33.7268610636393 33.6046727498372 33.4824844360352 33.3602961222331 33.238107808431 33.1483706156413 33.1559867858887 33.163602956136 33.1712191263834 33.1788352966308 33.1864514668782
35.8392331441243 35.8982599046495 35.9572866651747 35.9370460510254 35.8903829786513 35.8437199062771 35.797056833903 35.7503937615289 35.7037306891547 35.6570676167806 35.6012306213379 35.5178718566895 35.434513092041 35.3511543273926 35.2677955627442 35.1844367980957 35.1010780334473 35.0177192687988 35.0009470621745 35.0063703748915 35.0117936876085 35.0172170003255 35.0226403130425 35.0280636257595 35.0334869384765 35.0090788947212 34.8951767815484 34.7812746683757 34.6673725552029 34.5534704420302 34.4395683288574 34.3256662156847 34.211764102512 34.0924413045247 33.9713116115994 33.8501819186741 33.7290522257487 33.6079225328234 33.486792839898 33.3656631469727 33.2769580417209 33.28552669949 33.2940953572591 33.3026640150282 33.3112326727973 33.3198013305664
35.777840423584 35.832825978597 35.88781153361 35.8788352966309 35.848538462321 35.8182416280111 35.7879447937012 35.7576479593913 35.7273511250814 35.6970542907715 35.6563214619955 35.584280649821 35.5122398376465 35.440199025472 35.3681582132975 35.296117401123 35.2240765889486 35.1520357767741 35.1332946777343 35.1323201497396 35.1313456217448 35.13037109375 35.1293965657552 35.1284220377604 35.1274475097656 35.0997210184733 34.9917386372884 34.8837562561035 34.7757738749186 34.6677914937337 34.5598091125488 34.4518267313639 34.343844350179 34.2290542602539 34.111994934082 33.9949356079102 33.8778762817383 33.7608169555664 33.6437576293945 33.5266983032227 33.440559387207 33.4471817016601 33.4538040161133 33.4604263305664 33.4670486450195 33.4736709594726
35.7164477030436 35.7673920525445 35.8183364020454 35.8206245422363 35.8066939459907 35.792763349745 35.7788327534994 35.7649021572537 35.750971561008 35.7370409647624 35.711412302653 35.6506894429525 35.589966583252 35.5292437235514 35.4685208638509 35.4077980041504 35.3470751444499 35.2863522847493 35.2656422932942 35.2582699245877 35.2508975558811 35.2435251871745 35.2361528184679 35.2287804497613 35.2214080810547 35.1903631422255 35.0883004930284 34.9862378438314 34.8841751946343 34.7821125454373 34.6800498962402 34.5779872470432 34.4759245978461 34.3656672159831 34.2526782565647 34.1396892971463 34.0267003377279 33.9137113783095 33.8007224188911 33.6877334594727 33.6041607326931 33.6088367038303 33.6135126749674 33.6181886461046 33.6228646172417 33.6275405883789
35.6550549825033 35.701958126492 35.7488612704807 35.7624137878418 35.7648494296604 35.767285071479 35.7697207132975 35.7721563551161 35.7745919969347 35.7770276387532 35.7665031433106 35.717098236084 35.6676933288574 35.6182884216309 35.5688835144043 35.5194786071777 35.4700736999512 35.4206687927246 35.3979899088542 35.3842196994358 35.3704494900174 35.3566792805989 35.3429090711805 35.3291388617621 35.3153686523437 35.2810052659777 35.1848623487685 35.0887194315593 34.99257651435 34.8964335971409 34.8002906799316 34.7041477627224 34.6080048455132 34.5022801717122 34.3933615790473 34.2844429863824 34.1755243937174 34.0666058010525 33.9576872083876 33.8487686157227 33.7677620781792 33.7704917060004 33.7732213338216 33.7759509616428 33.778680589464 33.7814102172851
35.5936622619629 35.6365242004395 35.679386138916 35.7042030334473 35.7230049133301 35.7418067932129 35.7606086730957 35.7794105529785 35.7982124328613 35.8170143127441 35.8215939839681 35.7835070292155 35.7454200744629 35.7073331197103 35.6692461649577 35.6311592102051 35.5930722554525 35.5549853006999 35.530337524414 35.5101694742838 35.4900014241536 35.4698333740234 35.4496653238932 35.429497273763 35.4093292236328 35.3716473897298 35.2814242045085 35.1912010192871 35.1009778340658 35.0107546488444 34.920531463623 34.8303082784017 34.7400850931803 34.6388931274414 34.5340449015299 34.4291966756185 34.324348449707 34.2195002237956 34.1146519978841 34.0098037719726 33.9313634236653 33.9321467081705 33.9329299926758 33.933713277181 33.9344965616862 33.9352798461914
35.5322695414225 35.5710902743869 35.6099110073514 35.6459922790527 35.6811603969998 35.7163285149468 35.7514966328939 35.7866647508409 35.821832868788 35.857000986735 35.8766848246256 35.849915822347 35.8231468200683 35.7963778177897 35.7696088155111 35.7428398132324 35.7160708109538 35.6893018086751 35.6626851399739 35.6361192491319 35.6095533582899 35.5829874674479 35.5564215766059 35.5298556857639 35.5032897949219 35.462289513482 35.3779860602485 35.293682607015 35.2093791537815 35.125075700548 35.0407722473145 34.956468794081 34.8721653408474 34.7755060831706 34.6747282240126 34.5739503648546 34.4731725056966 34.3723946465386 34.2716167873807 34.1708389282227 34.0949647691514 34.0938017103407 34.0926386515299 34.0914755927192 34.0903125339084 34.0891494750976
35.5268424987793 35.5613907708062 35.5959390428331 35.6332013448079 35.6713683234321 35.7095353020562 35.7477022806803 35.7858692593045 35.8240362379286 35.8622032165527 35.8854540506999 35.863956451416 35.8424588521322 35.8209612528483 35.7994636535645 35.7779660542806 35.7564684549968 35.7349708557129 35.7113238016764 35.6869602627225 35.6625967237685 35.6382331848145 35.6138696458605 35.5895061069065 35.5651425679525 35.5268687778049 35.4468642340766 35.3668596903483 35.28685514662 35.2068506028917 35.1268460591634 35.0468415154351 34.9668369717068 34.8758781433106 34.7812678866916 34.6866576300727 34.5920473734538 34.4974371168349 34.4028268602159 34.308216603597 34.2376422458225 34.2391755845811 34.2407089233398 34.2422422620985 34.2437756008572 34.2453089396159
35.5773811340332 35.6074256896973 35.6374702453613 35.6658302307129 35.6936286926269 35.721427154541 35.7492256164551 35.7770240783691 35.8048225402832 35.8326210021973 35.8479016621908 35.8256289164225 35.8033561706543 35.7810834248861 35.7588106791179 35.7365379333496 35.7142651875814 35.6919924418132 35.6762535095215 35.6626925150553 35.6491315205892 35.6355705261231 35.6220095316569 35.6084485371908 35.5948875427246 35.5653851826986 35.4880587259929 35.4107322692871 35.3334058125814 35.2560793558757 35.1787528991699 35.1014264424642 35.0240999857585 34.9400093078613 34.8536638895671 34.7673184712728 34.6809730529785 34.5946276346842 34.50828221639 34.4219367980957 34.3593958536784 34.3682683308919 34.3771408081054 34.386013285319 34.3948857625325 34.4037582397461
35.6279197692871 35.6534606085883 35.6790014478895 35.6984591166178 35.7158890618218 35.7333190070258 35.7507489522298 35.7681788974338 35.7856088426378 35.8030387878418 35.8103492736817 35.787301381429 35.7642534891764 35.7412055969238 35.7181577046712 35.6951098124186 35.672061920166 35.6490140279134 35.6411832173665 35.6384247673882 35.6356663174099 35.6329078674316 35.6301494174533 35.627390967475 35.6246325174967 35.6039015875922 35.5292532179091 35.4546048482259 35.3799564785428 35.3053081088596 35.2306597391764 35.1560113694933 35.0813629998101 35.0041404724121 34.9260598924425 34.8479793124729 34.7698987325033 34.6918181525336 34.613737572564 34.5356569925944 34.4811494615343 34.4973610772027 34.5135726928711 34.5297843085395 34.5459959242079 34.5622075398763
35.678458404541 35.6994955274794 35.7205326504177 35.7310880025228 35.7381494310167 35.7452108595106 35.7522722880046 35.7593337164985 35.7663951449924 35.7734565734863 35.7727968851725 35.7489738464356 35.7251508076986 35.7013277689616 35.6775047302246 35.6536816914876 35.6298586527507 35.6060356140137 35.6061129252116 35.6141570197211 35.6222011142307 35.6302452087402 35.6382893032498 35.6463333977593 35.6543774922689 35.6424179924859 35.5704477098253 35.4984774271647 35.4265071445041 35.3545368618435 35.282566579183 35.2105962965224 35.1386260138618 35.0682716369629 34.9984558953179 34.928640153673 34.858824412028 34.789008670383 34.7191929287381 34.6493771870931 34.6029030693902 34.6264538235134 34.6500045776367 34.67355533176 34.6971060858832 34.7206568400065
35.7289970397949 35.7455304463704 35.762063852946 35.7637168884277 35.7604098002116 35.7571027119954 35.7537956237793 35.7504885355632 35.747181447347 35.7438743591309 35.7352444966634 35.7106463114421 35.6860481262207 35.6614499409994 35.636851755778 35.6122535705566 35.5876553853353 35.5630572001139 35.5710426330566 35.589889272054 35.6087359110514 35.6275825500488 35.6464291890462 35.6652758280436 35.684122467041 35.6809343973796 35.6116422017416 35.5423500061035 35.4730578104655 35.4037656148275 35.3344734191895 35.2651812235514 35.1958890279134 35.1324028015137 35.0708518981934 35.009300994873 34.9477500915527 34.8861991882324 34.8246482849121 34.7630973815918 34.7246566772461 34.7555465698242 34.7864364624023 34.8173263549804 34.8482162475586 34.8791061401367
35.7795356750488 35.7915653652615 35.8035950554742 35.7963457743327 35.7826701694065 35.7689945644803 35.755318959554 35.7416433546278 35.7279677497016 35.7142921447754 35.6976921081543 35.6723187764486 35.6469454447429 35.6215721130371 35.5961987813314 35.5708254496257 35.5454521179199 35.5200787862142 35.5359723409017 35.5656215243869 35.5952707078722 35.6249198913574 35.6545690748427 35.6842182583279 35.7138674418131 35.7194508022732 35.6528366936578 35.5862225850423 35.5196084764269 35.4529943678114 35.386380259196 35.3197661505805 35.2531520419651 35.1965339660645 35.1432479010688 35.0899618360731 35.0366757710775 34.9833897060818 34.9301036410862 34.8768175760905 34.846410285102 34.884639316135 34.9228683471679 34.9610973782009 34.9993264092339 35.0375554402669
35.8168568929036 35.8304799397786 35.8441029866536 35.8338887532552 35.8157287597656 35.797568766276 35.7794087727865 35.7612487792969 35.7430887858073 35.7249287923177 35.7043550279405 35.6765399509006 35.6487248738607 35.6209097968207 35.5930947197808 35.5652796427409 35.537464565701 35.509649488661 35.5262537638346 35.5576644897461 35.5890752156575 35.620485941569 35.6518966674805 35.6833073933919 35.7147181193034 35.722646077474 35.6601257324219 35.5976053873698 35.5350850423177 35.4725646972656 35.4100443522135 35.3475240071615 35.2850036621094 35.2373441060384 35.1946381462945 35.1519321865506 35.1092262268066 35.0665202670627 35.0238143073188 34.9811083475749 34.959228515625 34.9998270670573 35.0404256184896 35.0810241699219 35.1216227213541 35.1622212727864
35.8409606933594 35.8622741699219 35.8835876464844 35.8763458251953 35.859585571289 35.8428253173828 35.8260650634766 35.8093048095703 35.7925445556641 35.7757843017578 35.7552332560221 35.7233098347982 35.6913864135742 35.6594629923503 35.6275395711263 35.5956161499023 35.5636927286784 35.5317693074544 35.5418869018555 35.5660181681315 35.5901494344076 35.6142807006836 35.6384119669596 35.6625432332357 35.6866744995117 35.6905202229818 35.6335093180339 35.576498413086 35.519487508138 35.4624766031901 35.4054656982422 35.3484547932943 35.2914438883464 35.2548332214355 35.2250226338704 35.1952120463053 35.1654014587402 35.1355908711751 35.10578028361 35.0759696960449 35.0631113688151 35.1011098225911 35.1391082763672 35.1771067301432 35.2151051839192 35.2531036376953
35.8650644938151 35.8940684000651 35.9230723063151 35.9188028971354 35.9034423828125 35.8880818684896 35.8727213541667 35.8573608398438 35.8420003255208 35.8266398111979 35.8061114841037 35.7700797186957 35.7340479532878 35.6980161878798 35.6619844224718 35.6259526570638 35.5899208916558 35.5538891262478 35.5575200398763 35.5743718465169 35.5912236531575 35.6080754597982 35.6249272664388 35.6417790730794 35.65863087972 35.6583943684896 35.6068929036458 35.5553914388021 35.5038899739584 35.4523885091146 35.4008870442708 35.3493855794271 35.2978841145833 35.2723223368327 35.2554071214464 35.2384919060601 35.2215766906738 35.2046614752875 35.1877462599013 35.170831044515 35.1669942220052 35.202392578125 35.2377909342448 35.2731892903646 35.3085876464843 35.3439860026041
35.8891682942708 35.9258626302083 35.9625569661458 35.9612599690755 35.9472991943359 35.9333384195963 35.9193776448568 35.9054168701172 35.8914560953776 35.877495320638 35.8569897121853 35.8168496025933 35.7767094930013 35.7365693834093 35.6964292738173 35.6562891642253 35.6161490546333 35.5760089450412 35.5731531778971 35.5827255249023 35.5922978719075 35.6018702189128 35.611442565918 35.6210149129232 35.6305872599284 35.6262685139974 35.5802764892578 35.5342844645182 35.4882924397787 35.4423004150391 35.3963083902995 35.3503163655599 35.3043243408203 35.2898114522298 35.2857916090223 35.2817717658149 35.2777519226074 35.2737320794 35.2697122361925 35.265692392985 35.2708770751953 35.3036753336588 35.3364735921224 35.3692718505859 35.4020701090495 35.434868367513
