data/working_set_collections/6091692-Cassins_Sparrow-MC/1995/bio5.asc
NCOLS 265 
NROWS 230 
XLLCORNER -115.5625 
YLLCORNER 24.8333333333333 
CELLSIZE 0.0833333333333333 
NODATA_value -9999 
[rows 80 to 99 of 230, columns 92 to 137 of 265]
26.1127398596868 25.9885899437797 25.8644400278726 25.7402901119655 25.6161401960583 25.4816694895425 25.3437585194904 25.2058475494384 25.0679365793863 24.9300256093342 24.7921146392821 24.6542036692301 24.5746127234564 24.669981850518 24.7653509775797 24.8607201046413 24.956089231703 25.0514583587646 25.1468274858263 25.2421966128879 25.4388619740804 25.6692927466498 25.8997235192193 26.1301542917887 26.3605850643582 26.5910158369276 26.8214466094971 26.9970599280463 27.0082208845351 27.0193818410238 27.0305427975125 27.0417037540012 27.0528647104899 27.0640256669786 27.0751866234674 27.4795504411061 28.0149818791283 28.5504133171504 29.0858447551727 29.6212761931948 30.156707631217 30.6921390692393 31.1433764457703 31.3420316378276 31.5406868298849 31.7393420219422
27.262251747979 27.1391726599798 27.0160935719807 26.8930144839816 26.7699353959824 26.5811242421467 26.3704023996988 26.1596805572509 25.948958714803 25.7382368723551 25.5275150299072 25.3167931874593 25.157884173923 25.1544136471218 25.1509431203206 25.1474725935194 25.1440020667182 25.140531539917 25.1370610131158 25.1335904863146 25.3056517283122 25.5362235599094 25.7667953915066 25.9973672231038 26.227939054701 26.4585108862983 26.6890827178955 26.8622944725884 26.8634259965685 26.8645575205485 26.8656890445286 26.8668205685086 26.8679520924886 26.8690836164687 26.8702151404487 27.2522982756296 27.7613652812109 28.2704322867922 28.7794992923736 29.2885662979549 29.7976333035362 30.3067003091176 30.7388591448466 30.9402934710185 31.1417277971904 31.3431621233622
28.411763636271 28.2897553761798 28.1677471160887 28.0457388559976 27.9237305959064 27.6805789947508 27.3970462799071 27.1135135650634 26.8299808502196 26.5464481353759 26.2629154205321 25.9793827056884 25.7411556243896 25.6388454437255 25.5365352630615 25.4342250823974 25.3319149017334 25.2296047210693 25.1272945404053 25.0249843597412 25.1724414825439 25.4031543731689 25.6338672637939 25.8645801544189 26.0952930450439 26.3260059356689 26.5567188262939 26.7275290171306 26.7186311086019 26.7097332000733 26.7008352915446 26.691937383016 26.6830394744873 26.6741415659587 26.66524365743 27.0250461101532 27.5077486832936 27.990451256434 28.4731538295746 28.955856402715 29.4385589758554 29.921261548996 30.334341843923 30.5385553042094 30.7427687644959 30.9469822247823
29.5612755245631 29.44033809238 29.3194006601968 29.1984632280136 29.0775257958305 28.780033747355 28.4236901601155 28.0673465728759 27.7110029856363 27.3546593983968 26.9983158111572 26.6419722239176 26.3244270748562 26.1232772403293 25.9221274058024 25.7209775712755 25.5198277367486 25.3186779022217 25.1175280676948 24.9163782331679 25.0392312367757 25.2700851864285 25.5009391360813 25.731793085734 25.9626470353868 26.1935009850396 26.4243549346924 26.5927635616727 26.5738362206353 26.554908879598 26.5359815385607 26.5170541975234 26.498126856486 26.4791995154487 26.4602721744114 26.7977939446767 27.2541320853763 27.7104702260758 28.1668083667755 28.623146507475 29.0794846481746 29.5358227888743 29.9298245429993 30.1368171374003 30.3438097318014 30.5508023262024
30.223280037774 30.0944626278347 29.9656452178955 29.8368278079563 29.708010398017 29.3876913706462 29.0035384707981 28.61938557095 28.2352326711019 27.8510797712539 27.4669268714057 27.0827739715577 26.7355143653022 26.4989346398248 26.2623549143473 26.0257751888699 25.7891954633925 25.552615737915 25.3160360124376 25.0794562869602 25.1761124928792 25.383847342597 25.5915821923149 25.7993170420328 26.0070518917507 26.2147867414686 26.4225215911865 26.5734896765815 26.5541574690077 26.5348252614339 26.5154930538601 26.4961608462863 26.4768286387126 26.4574964311388 26.438164223565 26.7616189320881 27.199335945977 27.6370529598659 28.0747699737548 28.5124869876437 28.9502040015325 29.3879210154215 29.7653776804606 29.9620532989501 30.1587289174397 30.3554045359293
30.3977771759033 30.2521289825439 30.1064807891846 29.9608325958252 29.8151844024658 29.5035518646241 29.1365912119548 28.7696305592855 28.4026699066162 28.035709253947 27.6687486012777 27.3017879486084 26.9744174957275 26.7658176422119 26.5572177886963 26.3486179351807 26.140018081665 25.9314182281494 25.7228183746338 25.5142185211181 25.5830852508544 25.7444408416747 25.905796432495 26.0671520233154 26.2285076141357 26.389863204956 26.5512187957763 26.6697073618571 26.6595948537191 26.649482345581 26.639369837443 26.629257329305 26.619144821167 26.6090323130289 26.5989198048909 26.9165210723876 27.3433602650959 27.7701994578042 28.1970386505126 28.6238778432209 29.0507170359292 29.4775562286376 29.8410012563069 30.014263788859 30.1875263214111 30.3607888539632
30.5722743140327 30.4097953372531 30.2473163604736 30.0848373836941 29.9223584069146 29.6194123586019 29.2696439531115 28.919875547621 28.5701071421306 28.2203387366401 27.8705703311496 27.5208019256592 27.2133206261529 27.032700644599 26.8520806630452 26.6714606814914 26.4908406999376 26.3102207183838 26.12960073683 25.9489807552761 25.9900580088297 26.1050343407524 26.2200106726752 26.3349870045979 26.4499633365207 26.5649396684434 26.6799160003662 26.7659250471327 26.7650322384304 26.7641394297282 26.7632466210259 26.7623538123237 26.7614610036214 26.7605681949191 26.7596753862169 27.0714232126871 27.4873845842148 27.9033459557426 28.3193073272704 28.7352686987982 29.1512300703259 29.5671914418538 29.9166248321533 30.0664742787679 30.2163237253825 30.366173171997
30.746771452162 30.5674616919624 30.3881519317627 30.2088421715631 30.0295324113634 29.7352728525798 29.4026966942682 29.0701205359565 28.7375443776449 28.4049682193333 28.0723920610216 27.73981590271 27.4522237565782 27.2995836469862 27.1469435373942 26.9943034278022 26.8416633182102 26.6890232086181 26.5363830990261 26.3837429894341 26.397030766805 26.4656278398301 26.5342249128553 26.6028219858805 26.6714190589057 26.7400161319309 26.808613204956 26.8621427324083 26.8704696231418 26.8787965138753 26.8871234046088 26.8954502953423 26.9037771860758 26.9121040768093 26.9204309675428 27.2263253529866 27.6314089033338 28.036492453681 28.4415760040282 28.8466595543754 29.2517431047226 29.6568266550699 29.9922484079996 30.1186847686767 30.2451211293538 30.3715574900309
30.9212685902914 30.7251280466715 30.5289875030518 30.332846959432 30.1367064158122 29.8511333465577 29.5357494354249 29.220365524292 28.9049816131592 28.5895977020264 28.2742137908936 27.9588298797608 27.6911268870036 27.5664666493733 27.4418064117431 27.3171461741129 27.1924859364827 27.0678256988525 26.9431654612223 26.8185052235921 26.8040035247802 26.8262213389078 26.8484391530354 26.870656967163 26.8928747812906 26.9150925954183 26.9373104095459 26.9583604176839 26.9759070078532 26.9934535980224 27.0110001881917 27.028546778361 27.0460933685302 27.0636399586995 27.0811865488688 27.381227493286 27.7754332224527 28.1696389516193 28.563844680786 28.9580504099527 29.3522561391193 29.746461868286 30.067871983846 30.1708952585856 30.2739185333252 30.3769418080648
31.0957657284207 30.8827944013808 30.6698230743408 30.4568517473009 30.243880420261 29.9669938405355 29.6688021765815 29.3706105126275 29.0724188486735 28.7742271847195 28.4760355207655 28.1778438568115 27.9300300174289 27.8333496517605 27.7366692860921 27.6399889204237 27.5433085547553 27.4466281890869 27.3499478234185 27.2532674577501 27.2109762827555 27.1868148379855 27.1626533932156 27.1384919484456 27.1143305036756 27.0901690589057 27.0660076141357 27.0545781029595 27.0813443925645 27.1081106821696 27.1348769717746 27.1616432613796 27.1884095509847 27.2151758405897 27.2419421301947 27.5361296335855 27.9194575415716 28.3027854495577 28.6861133575439 29.06944126553 29.452769173516 29.8360970815022 30.1434955596924 30.2231057484944 30.3027159372965 30.3823261260986
31.1030699412029 30.8922443389893 30.6814187367758 30.4705931345622 30.2597675323487 29.9947579701742 29.7116870880128 29.4286162058513 29.1455453236898 28.8624744415284 28.5794035593669 28.2963326772054 28.0642497168647 27.9851305219862 27.9060113271078 27.8268921322293 27.7477729373508 27.6686537424723 27.5895345475939 27.5104153527154 27.4460615793864 27.3866296132406 27.3271976470947 27.2677656809489 27.2083337148031 27.1489017486572 27.0894697825114 27.0581663767497 27.1112486521403 27.1643309275309 27.2174132029215 27.2704954783121 27.3235777537028 27.3766600290934 27.429742304484 27.7229025522867 28.0960887908934 28.4692750295002 28.842461268107 29.2156475067138 29.5888337453205 29.9620199839273 30.2619491100311 30.3421068986256 30.4222646872202 30.5024224758148
30.9431812286378 30.7534778594971 30.5637744903565 30.3740711212159 30.1843677520752 29.9344257354737 29.6644041697185 29.3943826039633 29.1243610382081 28.8543394724529 28.5843179066976 28.3142963409424 28.0937859853109 28.0218092600505 27.94983253479 27.8778558095296 27.8058790842692 27.7339023590088 27.6619256337484 27.589948908488 27.5092594146729 27.4256656646729 27.3420719146729 27.2584781646729 27.1748844146729 27.0912906646729 27.0076969146729 26.9691252390544 27.0656197865804 27.1621143341064 27.2586088816325 27.3551034291585 27.4515979766845 27.5480925242106 27.6445870717366 27.9415462493895 28.3053269704182 28.6691076914468 29.0328884124755 29.3966691335041 29.7604498545327 30.1242305755614 30.4232326348622 30.5278987089792 30.6325647830963 30.7372308572133
30.7832925160727 30.6147113800049 30.4461302439372 30.2775491078695 30.1089679718018 29.8740935007732 29.6171212514242 29.3601490020752 29.1031767527263 28.8462045033773 28.5892322540284 28.3322600046794 28.1233222537571 28.0584879981147 27.9936537424723 27.92881948683 27.8639852311876 27.7991509755452 27.7343167199029 27.6694824642605 27.5724572499593 27.4647017161052 27.356946182251 27.2491906483968 27.1414351145427 27.0336795806885 26.9259240468343 26.880084101359 27.0199909210205 27.1598977406819 27.2998045603434 27.4397113800048 27.5796181996663 27.7195250193277 27.8594318389892 28.1601899464924 28.5145651499429 28.8689403533934 29.223315556844 29.5776907602945 29.932065963745 30.2864411671956 30.5845161596933 30.7136905193328 30.8428648789723 30.9720392386118
30.6234038035075 30.4759449005127 30.3284859975179 30.1810270945232 30.0335681915283 29.8137612660726 29.5698383331299 29.3259154001872 29.0819924672445 28.8380695343018 28.5941466013591 28.3502236684164 28.1528585222032 28.0951667361789 28.0374749501546 27.9797831641303 27.922091378106 27.8643995920817 27.8067078060574 27.7490160200331 27.6356550852458 27.5037377675375 27.3718204498291 27.2399031321208 27.1079858144125 26.9760684967041 26.8441511789958 26.7910429636637 26.9743620554606 27.1576811472575 27.3410002390543 27.5243193308512 27.7076384226481 27.8909575144449 28.0742766062418 28.3788336435953 28.7238033294677 29.06877301534 29.4137427012125 29.7587123870849 30.1036820729572 30.4486517588297 30.7457996845245 30.8994823296864 31.0531649748484 31.2068476200103
30.4635150909424 30.3371784210205 30.2108417510987 30.0845050811768 29.9581684112549 29.7534290313721 29.5225554148357 29.2916817982992 29.0608081817627 28.8299345652263 28.5990609486898 28.3681873321534 28.1823947906494 28.1318454742432 28.0812961578369 28.0307468414307 27.9801975250244 27.9296482086182 27.8790988922119 27.8285495758057 27.6988529205322 27.5427738189698 27.3866947174072 27.2306156158448 27.0745365142823 26.9184574127198 26.7623783111573 26.7020018259684 26.9287331899007 27.155464553833 27.3821959177652 27.6089272816975 27.8356586456298 28.0623900095621 28.2891213734944 28.5974773406981 28.9330415089924 29.2686056772867 29.604169845581 29.9397340138752 30.2752981821695 30.6108623504638 30.9070832093556 31.08527414004 31.2634650707244 31.4416560014088
30.3036263783773 30.1984119415283 30.0931975046794 29.9879830678304 29.8827686309815 29.6930967966716 29.4752724965414 29.2574481964112 29.039623896281 28.8217995961508 28.6039752960205 28.3861509958903 28.2119310590956 28.1685242123074 28.1251173655192 28.081710518731 28.0383036719428 27.9948968251546 27.9514899783664 27.9080831315782 27.7620507558187 27.5818098704021 27.4015689849854 27.2213280995687 27.0410872141521 26.8608463287354 26.6806054433187 26.6129606882731 26.8831043243408 27.1532479604085 27.4233915964762 27.6935352325439 27.9636788686116 28.2338225046793 28.503966140747 28.816121037801 29.1422796885171 29.4684383392333 29.7945969899495 30.1207556406656 30.4469142913817 30.7730729420979 31.0683667341867 31.2710659503936 31.4737651666005 31.6764643828073
30.1116702185737 30.0188598208958 29.9260494232178 29.8332390255399 29.7404286278619 29.5929520924887 29.427253511217 29.2615549299452 29.0958563486735 28.9301577674018 28.7644591861301 28.5987606048584 28.4641605377197 28.4228560129801 28.3815514882405 28.3402469635009 28.2989424387613 28.2576379140218 28.2163333892822 28.1750288645426 28.0186145782471 27.8238303714328 27.6290461646186 27.4342619578043 27.2394777509901 27.0446935441759 26.8499093373616 26.7755293528238 27.0623620351154 27.3491947174071 27.6360273996988 27.9228600819904 28.2096927642821 28.4965254465738 28.7833581288654 29.0975498040516 29.4208611435359 29.7441724830202 30.0674838225046 30.3907951619889 30.7141065014732 31.0374178409575 31.3328505569033 31.5446474022334 31.7564442475636 31.9682410928937
29.8876466115316 29.7985220591228 29.7093975067139 29.6202729543051 29.5311484018962 29.4529949188233 29.3784984588623 29.3040019989014 29.2295055389404 29.1550090789795 29.0805126190185 29.0060161590576 28.9390832265217 28.8948408762613 28.8505985260009 28.8063561757405 28.7621138254801 28.7178714752197 28.6736291249592 28.6293867746988 28.4685443878173 28.2688353220621 28.0691262563069 27.8694171905517 27.6697081247965 27.4699990590413 27.2702899932861 27.1897078196206 27.4665063222248 27.743304824829 28.0201033274331 28.2969018300373 28.5737003326415 28.8504988352456 29.1272973378498 29.44176363945 29.7687858740487 30.0958081086475 30.4228303432463 30.7498525778451 31.0768748124439 31.4038970470427 31.7005346775054 31.9060184955596 32.1115023136138 32.316986131668
29.6636230044895 29.5781842973498 29.49274559021 29.4073068830703 29.3218681759305 29.3130377451579 29.3297434065077 29.3464490678575 29.3631547292073 29.3798603905571 29.396566051907 29.4132717132568 29.4140059153238 29.3668257395426 29.3196455637613 29.2724653879801 29.2252852121988 29.1781050364176 29.1309248606363 29.0837446848551 28.9184741973877 28.7138402726915 28.5092063479953 28.3045724232991 28.099938498603 27.8953045739068 27.6906706492106 27.6038862864175 27.8706506093342 28.1374149322509 28.4041792551675 28.6709435780842 28.9377079010009 29.2044722239175 29.4712365468342 29.7859774748483 30.1167106045616 30.4474437342748 30.7781768639881 31.1089099937014 31.4396431234146 31.7703762531279 32.0682187981075 32.2673895888857 32.466560379664 32.6657311704423
29.4395993974474 29.3578465355767 29.2760936737061 29.1943408118354 29.1125879499648 29.1730805714925 29.2809883541531 29.3888961368137 29.4968039194743 29.6047117021348 29.7126194847954 29.820527267456 29.8889286041259 29.8388106028238 29.7886926015218 29.7385746002197 29.6884565989176 29.6383385976155 29.5882205963134 29.5381025950113 29.368404006958 29.1588452233209 28.9492864396837 28.7397276560465 28.5301688724094 28.3206100887722 28.1110513051351 28.0180647532144 28.2747948964436 28.5315250396728 28.7882551829019 29.0449853261311 29.3017154693603 29.5584456125894 29.8151757558186 30.1301913102467 30.4646353350744 30.7990793599021 31.1335233847299 31.4679674095577 31.8024114343854 32.1368554592132 32.4359029187096 32.6287606822119 32.8216184457142 33.0144762092166
