data/working_set_collections/6091692-Cassins_Sparrow-MC/1995/bio6.asc
NCOLS 265 
NROWS 230 
XLLCORNER -115.5625 
YLLCORNER 24.8333333333333 
CELLSIZE 0.0833333333333333 
NODATA_value -9999 
[rows 20 to 39 of 230, columns 88 to 131 of 265]
-10.9468636830648 -10.8752006106906 -10.8653091854519 -10.8554177602132 -10.8455263349745 -10.8356349097358 -10.8257434844971 -10.8158520592584 -10.8059606340196 -10.7523151397705 -10.6840849558513 -10.615854771932 -10.5476245880127 -10.4793944040934 -10.4111642201742 -10.3429340362549 -10.321463478936 -10.4402718014187 -10.5590801239013 -10.677888446384 -10.7966967688666 -10.9155050913493 -11.0343134138319 -11.1531217363145 -10.9992272694906 -10.7544318728977 -10.5096364763048 -10.264841079712 -10.0200456831191 -9.77525028652617 -9.53045488993331 -9.26421167055773 -8.93362498283395 -8.60303829511012 -8.27245160738635 -7.94186491966257 -7.61127823193874 -7.28069154421497 -6.95010485649119 -6.86286783218385 -6.85674736234878 -6.85062689251372 -6.84450642267865 -6.83838595284359
-10.9597853342692 -10.8858164893256 -10.8695401085748 -10.8532637278239 -10.836987347073 -10.8207109663222 -10.8044345855713 -10.7881582048204 -10.7718818240696 -10.7305728912354 -10.6809197743734 -10.6312666575114 -10.5816135406494 -10.5319604237874 -10.4823073069255 -10.4326541900635 -10.4224790361192 -10.5307377709283 -10.6389965057373 -10.7472552405463 -10.8555139753553 -10.9637727101644 -11.0720314449734 -11.1802901797824 -11.0241148630778 -10.7797948625353 -10.5354748619928 -10.2911548614502 -10.0468348609077 -9.80251486036515 -9.55819485982263 -9.28938867251086 -8.94712392489125 -8.60485917727158 -8.26259442965197 -7.92032968203237 -7.5780649344127 -7.23580018679309 -6.89353543917348 -6.78604593276979 -6.75681484010486 -6.72758374743994 -6.69835265477501 -6.66912156211008
-10.9727069854736 -10.8964323679606 -10.8737710316976 -10.8511096954346 -10.8284483591716 -10.8057870229085 -10.7831256866455 -10.7604643503825 -10.7378030141195 -10.7088306427002 -10.6777545928955 -10.6466785430908 -10.6156024932861 -10.5845264434814 -10.5534503936767 -10.5223743438721 -10.5234945933024 -10.6212037404378 -10.7189128875732 -10.8166220347086 -10.9143311818441 -11.0120403289795 -11.1097494761149 -11.2074586232503 -11.0490024566651 -10.8051578521729 -10.5613132476807 -10.3174686431885 -10.0736240386963 -9.82977943420412 -9.58593482971195 -9.31456567446399 -8.96062286694855 -8.60668005943304 -8.2527372519176 -7.89879444440216 -7.54485163688666 -7.19090882937122 -6.83696602185578 -6.70922403335573 -6.65688231786095 -6.60454060236617 -6.55219888687137 -6.49985717137659
-10.9856286366781 -10.9070482465956 -10.8780019548204 -10.8489556630453 -10.8199093712701 -10.7908630794949 -10.7618167877197 -10.7327704959446 -10.7037242041694 -10.687088394165 -10.6745894114176 -10.6620904286702 -10.6495914459228 -10.6370924631755 -10.624593480428 -10.6120944976807 -10.6245101504855 -10.7116697099474 -10.7988292694092 -10.885988828871 -10.9731483883328 -11.0603079477946 -11.1474675072564 -11.2346270667182 -11.0738900502523 -10.8305208418105 -10.5871516333686 -10.3437824249268 -10.100413216485 -9.8570440080431 -9.61367479960128 -9.33974267641711 -8.97412180900584 -8.6085009415945 -8.24288007418323 -7.87725920677196 -7.51163833936062 -7.14601747194935 -6.78039660453808 -6.63240213394167 -6.55694979561703 -6.48149745729238 -6.40604511896773 -6.33059278064308
-10.9440428415935 -10.8765322791206 -10.8628529442681 -10.8491736094157 -10.8354942745633 -10.8218149397108 -10.8081356048584 -10.794456270006 -10.7807769351535 -10.7748444875081 -10.7714943355984 -10.7681441836887 -10.7647940317789 -10.7614438798692 -10.7580937279595 -10.7547435760498 -10.7724471622043 -10.8533119625515 -10.9341767628987 -11.0150415632459 -11.0959063635932 -11.1767711639404 -11.2576359642876 -11.3385007646348 -11.1727499643962 -10.9247939639622 -10.6768379635281 -10.4288819630941 -10.1809259626601 -9.93296996222604 -9.68501396179202 -9.40701613426216 -9.03889282544463 -8.67076951662704 -8.30264620780952 -7.93452289899199 -7.5663995901744 -7.19827628135688 -6.83015297253935 -6.66414244969686 -6.56550285551284 -6.46686326132882 -6.36822366714478 -6.26958407296076
-10.8479496002198 -10.8048844655355 -10.8283240000407 -10.8517635345459 -10.8752030690511 -10.8986426035563 -10.9220821380615 -10.9455216725667 -10.9689612070719 -10.9720989227295 -10.9684693654378 -10.9648398081461 -10.9612102508545 -10.9575806935628 -10.9539511362711 -10.9503215789795 -10.9673056284586 -11.0461304982503 -11.1249553680419 -11.2037802378336 -11.2826051076253 -11.3614299774169 -11.4402548472086 -11.5190797170003 -11.3455821990967 -11.087977218628 -10.8303722381592 -10.5727672576904 -10.3151622772217 -10.0575572967529 -9.7999523162842 -9.51638604799913 -9.15493591626493 -8.79348578453068 -8.43203565279649 -8.0705855210623 -7.70913538932804 -7.34768525759385 -6.98623512585965 -6.80444498062134 -6.68254149754843 -6.56063801447552 -6.4387345314026 -6.31683104832969
-10.751856358846 -10.7332366519504 -10.7937950558133 -10.8543534596761 -10.9149118635389 -10.9754702674018 -11.0360286712646 -11.0965870751275 -11.1571454789903 -11.1693533579508 -11.1654443952772 -11.1615354326036 -11.15762646993 -11.1537175072564 -11.1498085445828 -11.1458995819092 -11.162164094713 -11.2389490339491 -11.3157339731852 -11.3925189124213 -11.4693038516574 -11.5460887908935 -11.6228737301296 -11.6996586693657 -11.5184144337972 -11.2511604732938 -10.9839065127903 -10.7166525522868 -10.4493985917834 -10.1821446312799 -9.9148906707764 -9.62575596173611 -9.27097900708525 -8.91620205243433 -8.56142509778347 -8.20664814313261 -7.85187118848169 -7.49709423383083 -7.14231727917997 -6.94474751154582 -6.79958013958403 -6.65441276762223 -6.50924539566042 -6.36407802369862
-10.6557631174723 -10.6615888383653 -10.7592661115858 -10.8569433848063 -10.9546206580268 -11.0522979312473 -11.1499752044677 -11.2476524776882 -11.3453297509087 -11.3666077931722 -11.3624194251166 -11.3582310570611 -11.3540426890055 -11.34985432095 -11.3456659528944 -11.3414775848388 -11.3570225609673 -11.4317675696479 -11.5065125783284 -11.581257587009 -11.6560025956895 -11.7307476043701 -11.8054926130506 -11.8802376217312 -11.6912466684977 -11.4143437279596 -11.1374407874213 -10.8605378468832 -10.583634906345 -10.3067319658068 -10.0298290252686 -9.73512587547309 -9.38702209790556 -9.03891832033798 -8.69081454277045 -8.34271076520293 -7.99460698763534 -7.64650321006781 -7.29839943250029 -7.08505004247031 -6.91661878161963 -6.74818752076895 -6.57975625991823 -6.41132499906755
-10.5596698760986 -10.5899410247803 -10.7247371673584 -10.8595333099365 -10.9943294525146 -11.1291255950927 -11.2639217376709 -11.398717880249 -11.5335140228271 -11.5638622283935 -11.559394454956 -11.5549266815185 -11.550458908081 -11.5459911346435 -11.541523361206 -11.5370555877685 -11.5518810272216 -11.6245861053466 -11.6972911834716 -11.7699962615966 -11.8427013397216 -11.9154064178466 -11.9881114959716 -12.0608165740966 -11.8640789031983 -11.5775269826254 -11.2909750620524 -11.0044231414795 -10.7178712209066 -10.4313193003337 -10.1447673797608 -9.84449578921006 -9.50306518872587 -9.16163458824161 -8.82020398775742 -8.47877338727323 -8.13734278678898 -7.79591218630478 -7.45448158582059 -7.22535257339478 -7.03365742365522 -6.84196227391565 -6.65026712417605 -6.45857197443648
-10.4635766347249 -10.5182932111952 -10.690208223131 -10.8621232350667 -11.0340382470025 -11.2059532589382 -11.377868270874 -11.5497832828097 -11.7216982947455 -11.7611166636149 -11.7563694847954 -11.751622305976 -11.7468751271565 -11.7421279483371 -11.7373807695177 -11.7326335906982 -11.746739493476 -11.8174046410454 -11.8880697886149 -11.9587349361843 -12.0294000837538 -12.1000652313232 -12.1707303788926 -12.2413955264621 -12.0369111378988 -11.7407102372912 -11.4445093366835 -11.1483084360759 -10.8521075354683 -10.5559066348606 -10.259705734253 -9.95386570294704 -9.61910827954618 -9.28435085614526 -8.9495934327444 -8.61483600934354 -8.28007858594262 -7.94532116254176 -7.6105637391409 -7.36565510431927 -7.15069606569082 -6.93573702706236 -6.72077798843387 -6.50581894980541
-10.3640048980713 -10.4250482771131 -10.6200915442573 -10.8151348114013 -11.0101780785454 -11.2052213456895 -11.4002646128336 -11.5953078799777 -11.7903511471218 -11.8653527577718 -11.9003404829237 -11.9353282080756 -11.9703159332275 -12.0053036583794 -12.0402913835313 -12.0752791086832 -12.115961074829 -12.1737257639566 -12.2314904530842 -12.2892551422118 -12.3470198313395 -12.4047845204671 -12.4625492095947 -12.5203138987223 -12.2967235565186 -11.979348203871 -11.6619728512234 -11.3445974985759 -11.0272221459283 -10.7098467932807 -10.3924714406332 -10.068561273151 -9.72504666116511 -9.38153204917913 -9.0380174371932 -8.69450282520727 -8.35098821322129 -8.00747360123536 -7.66395898924944 -7.41359974543258 -7.19429229100551 -6.97498483657843 -6.75567738215132 -6.53636992772425
-10.2609546661377 -10.3102062225342 -10.5143871307373 -10.7185680389404 -10.9227489471435 -11.1269298553467 -11.3311107635498 -11.5352916717529 -11.739472579956 -11.8765705108642 -11.9913074493408 -12.1060443878173 -12.2207813262939 -12.3355182647704 -12.450255203247 -12.5649921417235 -12.6595457712808 -12.6935494740803 -12.7275531768798 -12.7615568796793 -12.7955605824788 -12.8295642852782 -12.8635679880777 -12.8975716908772 -12.6435161590576 -12.2934408823649 -11.9433656056722 -11.5932903289795 -11.2432150522868 -10.8931397755941 -10.5430644989014 -10.188582499822 -9.82088033358265 -9.45317816734319 -9.0854760011038 -8.7177738348644 -8.35007166862494 -7.98236950238554 -7.61466733614615 -7.36918649673466 -7.16444609959925 -6.95970570246385 -6.7549653053284 -6.550224908193
-10.1579044342041 -10.1953641679552 -10.4086827172173 -10.6220012664795 -10.8353198157416 -11.0486383650038 -11.2619569142659 -11.4752754635281 -11.6885940127902 -11.8877882639567 -12.0822744157579 -12.2767605675591 -12.4712467193603 -12.6657328711615 -12.8602190229627 -13.0547051747639 -13.2031304677327 -13.213373184204 -13.2236159006754 -13.2338586171467 -13.2441013336181 -13.2543440500895 -13.2645867665608 -13.2748294830322 -12.9903087615967 -12.6075335608589 -12.224758360121 -11.8419831593832 -11.4592079586453 -11.0764327579075 -10.6936575571696 -10.3086037264931 -9.9167140060002 -9.52482428550726 -9.13293456501439 -8.74104484452153 -8.34915512402859 -7.95726540353572 -7.56537568304286 -7.32477324803674 -7.134599908193 -6.94442656834926 -6.75425322850549 -6.56407988866174
-10.0548542022705 -10.0805221133762 -10.3029783036974 -10.5254344940185 -10.7478906843397 -10.9703468746609 -11.1928030649821 -11.4152592553032 -11.6377154456244 -11.8990060170491 -12.1732413821749 -12.4474767473008 -12.7217121124267 -12.9959474775525 -13.2701828426784 -13.5444182078043 -13.7467151641845 -13.7331968943277 -13.719678624471 -13.7061603546142 -13.6926420847574 -13.6791238149007 -13.6656055450439 -13.6520872751871 -13.3371013641358 -12.9216262393528 -12.5061511145698 -12.0906759897868 -11.6752008650039 -11.2597257402208 -10.8442506154379 -10.4286249531641 -10.0125476784177 -9.59647040367133 -9.18039312892499 -8.76431585417865 -8.34823857943224 -7.9321613046859 -7.51608402993956 -7.28035999933882 -7.10475371678675 -6.92914743423467 -6.75354115168257 -6.57793486913049
-9.95180397033694 -9.96568005879717 -10.1972738901774 -10.4288677215576 -10.6604615529378 -10.892055384318 -11.1236492156982 -11.3552430470784 -11.5868368784586 -11.9102237701415 -12.264208348592 -12.6181929270426 -12.9721775054931 -13.3261620839435 -13.6801466623941 -14.0341312408446 -14.2902998606363 -14.2530206044514 -14.2157413482665 -14.1784620920816 -14.1411828358967 -14.1039035797118 -14.066624323527 -14.0293450673421 -13.6838939666748 -13.2357189178467 -12.7875438690186 -12.3393688201905 -11.8911937713624 -11.4430187225342 -10.9948436737061 -10.5486461798351 -10.1083813508353 -9.66811652183539 -9.22785169283558 -8.78758686383577 -8.34732203483589 -7.90705720583608 -7.46679237683627 -7.2359467506409 -7.07490752538049 -6.91386830012008 -6.75282907485965 -6.59178984959924
-9.84875373840335 -9.85083800421817 -10.0915694766574 -10.3323009490967 -10.5730324215359 -10.8137638939751 -11.0544953664144 -11.2952268388536 -11.5359583112928 -11.921441523234 -12.3551753150091 -12.7889091067843 -13.2226428985595 -13.6563766903346 -14.0901104821098 -14.523844273885 -14.8338845570882 -14.7728443145751 -14.7118040720621 -14.6507638295491 -14.5897235870361 -14.5286833445231 -14.46764310201 -14.406602859497 -14.0306865692139 -13.5498115963407 -13.0689366234674 -12.5880616505941 -12.1071866777209 -11.6263117048476 -11.1454367319743 -10.6686674065061 -10.2042150232528 -9.73976263999946 -9.27531025674618 -8.8108578734929 -8.34640549023954 -7.88195310698626 -7.41750072373298 -7.19153350194298 -7.04506133397424 -6.8985891660055 -6.75211699803673 -6.60564483006798
-9.6907685597738 -9.69650789896644 -9.95897738138834 -10.2214468638102 -10.483916346232 -10.7463858286539 -11.0088553110758 -11.2713247934977 -11.5337942759196 -11.9643629709879 -12.4509647369384 -12.9375665028889 -13.4241682688394 -13.9107700347899 -14.3973718007405 -14.883973566691 -15.2308160146077 -15.1583805084228 -15.0859450022379 -15.013509496053 -14.9410739898681 -14.8686384836833 -14.7962029774984 -14.7237674713135 -14.3236288706462 -13.8142559051515 -13.3048829396566 -12.7955099741619 -12.2861370086671 -11.7767640431722 -11.2673910776775 -10.7605301486122 -10.2612053288355 -9.76188050905872 -9.26255568928201 -8.7632308695053 -8.2639060497285 -7.76458122995178 -7.26525641017507 -7.04230890274053 -6.91148716608689 -6.78066542943325 -6.64984369277959 -6.51902195612595
-9.47784843444829 -9.50268974304196 -9.79949760437011 -10.0963054656982 -10.3931133270263 -10.6899211883545 -10.9867290496826 -11.2835369110107 -11.5803447723388 -12.0389881134032 -12.5515766143797 -13.0641651153564 -13.5767536163329 -14.0893421173094 -14.601930618286 -15.1145191192626 -15.481094233195 -15.4096291859944 -15.3381641387939 -15.2666990915934 -15.1952340443929 -15.1237689971924 -15.0523039499918 -14.9808389027913 -14.5627208709717 -14.0290518442791 -13.4953828175863 -12.9617137908936 -12.4280447642009 -11.8943757375082 -11.3607067108155 -10.8242344061535 -10.2793522675834 -9.73447012901316 -9.18958799044305 -8.64470585187294 -8.09982371330273 -7.55494157473262 -7.01005943616251 -6.78827295303351 -6.67418502171841 -6.56009709040331 -6.44600915908819 -6.33192122777309
-9.26492830912276 -9.30887158711747 -9.64001782735187 -9.97116406758622 -10.3023103078206 -10.633456548055 -10.9646027882893 -11.2957490285237 -11.6268952687581 -12.1136132558186 -12.6521884918212 -13.1907637278238 -13.7293389638264 -14.267914199829 -14.8064894358316 -15.3450646718342 -15.7313724517822 -15.6608778635661 -15.5903832753499 -15.5198886871338 -15.4493940989176 -15.3788995107015 -15.3084049224853 -15.2379103342692 -14.8018128712973 -14.2438477834067 -13.685882695516 -13.1279176076254 -12.5699525197348 -12.0119874318441 -11.4540223439535 -10.8879386636947 -10.2974992063312 -9.70705974896759 -9.11662029160408 -8.52618083424057 -7.93574137687695 -7.34530191951344 -6.75486246214993 -6.53423700332647 -6.43688287734991 -6.33952875137335 -6.24217462539677 -6.14482049942021
-9.05200818379723 -9.11505343119297 -9.48053805033364 -9.84602266947424 -10.2115072886148 -10.5769919077555 -10.9424765268961 -11.3079611460367 -11.6734457651774 -12.1882383982339 -12.7528003692626 -13.3173623402913 -13.8819243113199 -14.4464862823485 -15.0110482533772 -15.5756102244058 -15.9816506703695 -15.9121265411377 -15.8426024119059 -15.7730782826741 -15.7035541534424 -15.6340300242106 -15.5645058949788 -15.494981765747 -15.0409048716228 -14.4586437225343 -13.8763825734457 -13.2941214243572 -12.7118602752687 -12.1295991261801 -11.5473379770916 -10.951642921236 -10.315646145079 -9.67964936892203 -9.04365259276512 -8.4076558166082 -7.77165904045118 -7.13566226429426 -6.49966548813735 -6.28020105361943 -6.19958073298141 -6.11896041234339 -6.03834009170536 -5.95771977106734
