data/working_set_collections/6091692-Cassins_Sparrow-MC/1995/bio6.asc
NCOLS 265 
NROWS 230 
XLLCORNER -115.5625 
YLLCORNER 24.8333333333333 
CELLSIZE 0.0833333333333333 
NODATA_value -9999 
[rows 140 to 159 of 230, columns 0 to 43 of 265]
6.42933119667904 6.40687500635785 6.38441881603666 6.36196262571547 6.33950643539428 6.3170502450731 6.29459405475191 6.24307622909545 6.18187119166056 6.12066615422566 6.05946111679077 5.99825607935588 5.93705104192097 5.87584600448608 5.83285300996567 5.84449614418876 5.85613927841185 5.86778241263494 5.87942554685803 5.89106868108111 5.9027118153042 5.91435494952729 5.92990407943723 5.94675520790945 5.96360633638168 5.9804574648539 5.99730859332613 6.01415972179835 6.03101085027058 6.0025999175178 5.83840280108982 5.67420568466188 5.51000856823394 5.34581145180597 5.18161433537802 5.01741721895008 4.85322010252211 4.7646341005961 4.7012518035041 4.63786950641208 4.57448720932007 4.51110491222806 4.44772261513604 4.38434031804404
6.26208300060698 6.29383281071982 6.32558262083266 6.3573324309455 6.38908224105834 6.42083205117118 6.45258186128402 6.40303258895873 6.32638362248739 6.24973465601602 6.17308568954468 6.09643672307333 6.01978775660197 5.94313879013062 5.89268696043225 5.92082654105291 5.94896612167357 5.97710570229422 6.00524528291489 6.03338486353554 6.0615244441562 6.08966402477686 6.09782400131224 6.09932410981918 6.10082421832613 6.10232432683308 6.10382443534002 6.10532454384697 6.10682465235391 6.06901345782813 5.91326835420398 5.75752325057985 5.60177814695573 5.44603304333158 5.29028793970745 5.13454283608333 4.97879773245918 4.87990306218465 4.79995853636001 4.72001401053534 4.6400694847107 4.56012495888605 4.48018043306139 4.40023590723675
6.09483480453493 6.18079061508179 6.26674642562865 6.35270223617553 6.43865804672239 6.52461385726925 6.61056966781613 6.56298894882201 6.4708960533142 6.37880315780638 6.28671026229858 6.19461736679078 6.10252447128295 6.01043157577515 5.95252091089882 5.99715693791706 6.04179296493528 6.0864289919535 6.13106501897173 6.17570104598996 6.22033707300818 6.26497310002641 6.26574392318723 6.2518930117289 6.23804210027057 6.22419118881224 6.21034027735391 6.19648936589558 6.18263845443725 6.13542699813845 5.98813390731812 5.84084081649781 5.69354772567751 5.54625463485718 5.39896154403687 5.25166845321657 5.10437536239623 4.99517202377319 4.89866526921591 4.80215851465861 4.70565176010132 4.60914500554404 4.51263825098674 4.41613149642946
5.92758660846287 6.06774841944376 6.20791023042465 6.34807204140556 6.48823385238644 6.62839566336733 6.76855747434824 6.7229453086853 6.61540848414104 6.50787165959675 6.40033483505249 6.29279801050823 6.18526118596395 6.07772436141969 6.0123548613654 6.0734873347812 6.134619808197 6.19575228161279 6.25688475502859 6.31801722844439 6.37914970186018 6.44028217527598 6.43366384506224 6.40446191363863 6.37525998221502 6.34605805079141 6.3168561193678 6.28765418794419 6.25845225652058 6.20184053844878 6.06299946043227 5.92415838241578 5.7853173043993 5.64647622638279 5.5076351483663 5.36879407034981 5.2299529923333 5.11044098536174 4.99737200207182 4.88430301878187 4.77123403549195 4.65816505220203 4.54509606891209 4.43202708562217
5.72960848940744 5.93477851152418 6.13994853364093 6.34511855575771 6.55028857787446 6.7554585999912 6.96062862210799 6.96802998383837 6.90950845877326 6.85098693370813 6.79246540864302 6.73394388357791 6.67542235851278 6.61690083344767 6.5832110378476 6.62401643064275 6.66482182343789 6.70562721623303 6.74643260902818 6.78723800182333 6.82804339461847 6.86884878741362 6.83493951956425 6.77612536483336 6.71731121010245 6.65849705537156 6.59968290064066 6.54086874590976 6.48205459117886 6.40241150988472 6.26028164890075 6.11815178791681 5.97602192693286 5.8338920659489 5.69176220496495 5.54963234398101 5.40750248299704 5.27354777654012 5.14231812159221 5.01108846664428 4.87985881169638 4.74862915674847 4.61739950180054 4.48616984685263
5.50090044736863 5.78188089132307 6.06286133527751 6.34384177923199 6.62482222318643 6.90580266714087 7.18678311109536 7.29824297428125 7.35319597721091 7.40814898014058 7.46310198307025 7.51805498599991 7.57300798892959 7.62796099185925 7.66508944034558 7.64874422550184 7.6323990106581 7.61605379581436 7.59970858097062 7.58336336612688 7.56701815128314 7.5506729364394 7.46957094669333 7.36688336531313 7.26419578393292 7.16150820255273 7.05882062117253 6.95613303979232 6.85344545841212 6.73713991244632 6.57998047272361 6.42282103300092 6.26566159327824 6.10850215355552 5.95134271383284 5.79418327411015 5.63702383438744 5.48449239730834 5.3335036277771 5.18251485824584 5.0315260887146 4.88053731918336 4.7295485496521 4.57855978012086
5.2721924053298 5.62898327112194 5.98577413691408 6.34256500270627 6.69935586849841 7.05614673429055 7.41293760008275 7.62845596472415 7.7968834956486 7.96531102657308 8.13373855749754 8.30216608842199 8.47059361934647 8.63902115027092 8.74696784284366 8.67347202036102 8.5999761978784 8.52648037539577 8.45298455291313 8.3794887304305 8.30599290794787 8.23249708546524 8.10420237382247 7.95764136579297 7.81108035776344 7.66451934973394 7.51795834170444 7.37139733367492 7.22483632564542 7.07186831500794 6.89967929654649 6.72749027808506 6.55530125962363 6.38311224116217 6.21092322270075 6.03873420423932 5.86654518577786 5.69543701807658 5.52468913396201 5.35394124984741 5.18319336573284 5.01244548161827 4.84169759750367 4.6709497133891
5.04348436329098 5.47608565092081 5.90868693855065 6.34128822618056 6.77388951381039 7.20649080144023 7.63909208907014 7.95866895516705 8.24057101408629 8.52247307300558 8.80437513192482 9.08627719084406 9.36817924976335 9.6500813086826 9.82884624534174 9.6981998152202 9.56755338509869 9.43690695497718 9.30626052485564 9.17561409473412 9.04496766461261 8.91432123449107 8.7388338009516 8.5483993662728 8.35796493159396 8.16753049691516 7.97709606223635 7.78666162755752 7.59622719287871 7.40659671756957 7.21937812036937 7.0321595231692 6.84494092596903 6.65772232876883 6.47050373156866 6.28328513436849 6.09606653716829 5.90638163884482 5.71587464014691 5.52536764144898 5.33486064275107 5.14435364405317 4.95384664535523 4.76333964665733
4.81477632125217 5.3231880307197 5.83159974018723 6.34001144965484 6.84842315912237 7.3568348685899 7.86524657805751 8.28888194560992 8.68425853252394 -9999 -9999 -9999 -9999 10.6611414670942 10.9107246478397 10.7229276100793 10.5351305723189 10.3473335345585 10.1595364967981 9.97173945903768 9.78394242127728 9.59614538351685 9.37346522808068 9.13915736675258 8.90484950542443 8.67054164409633 8.43623378276822 8.20192592144008 7.96761806011198 7.74132512013117 7.53907694419222 7.33682876825331 7.1345805923144 6.93233241637545 6.73008424043654 6.52783606449763 6.32558788855869 6.11732625961304 5.9070601463318 5.69679403305053 5.4865279197693 5.27626180648806 5.06599569320679 4.85572957992556
4.58606827921334 5.17029041051857 5.7545125418238 6.33873467312912 6.92295680443435 7.50717893573957 8.0914010670449 8.61909493605282 9.12794605096163 -9999 -9999 -9999 -9999 -9999 11.9926030503378 11.7476554049385 11.5027077595392 11.2577601141399 11.0128124687406 10.7678648233413 10.522917177942 10.2779695325427 10.0080966552098 9.72991536723241 9.45173407925495 9.17355279127754 8.89537150330014 8.61719021532268 8.33900892734527 8.07605352269279 7.8587757680151 7.64149801333745 7.4242202586598 7.20694250398211 6.98966474930445 6.7723869946268 6.55510923994911 6.32827088038127 6.09824565251671 5.8682204246521 5.63819519678753 5.40816996892297 5.17814474105836 4.94811951319379
4.39810246229168 5.02082523107521 5.64354799985874 6.26627076864238 6.88899353742592 7.51171630620945 8.13443907499309 8.74345407088589 9.34789980914844 -9999 -9999 -9999 -9999 -9999 -9999 -9999 12.2570382436116 12.0052939944797 -9999 -9999 -9999 10.9983169979518 10.6983763376871 10.3823702070447 10.0663640764024 9.75035794576002 9.43435181511768 9.11834568447529 8.80233955383295 8.50331330299373 8.25522669156386 8.00714008013403 7.7590534687042 7.51096685727434 7.26288024584451 7.01479363441468 6.76670702298481 6.52868464787801 6.29401701821223 6.0593493885464 5.82468175888061 5.59001412921482 5.355346499549 5.12067886988321
4.25087887048717 4.8747924923896 5.49870611429203 6.12261973619456 6.746533358097 7.37044697999942 7.99436060190196 8.661959350109 9.34411980708425 -9999 -9999 -9999 -9999 -9999 -9999 -9999 -9999 -9999 -9999 -9999 -9999 -9999 11.4443042755126 11.0965218861897 10.7487394968668 10.4009571075439 10.053174718221 9.70539232889805 9.35760993957516 9.02310446103412 8.72842971483862 8.43375496864317 8.13908022244772 7.84440547625221 7.54973073005676 7.25505598386131 6.96038123766581 6.71856756210328 6.49437424341839 6.27018092473347 6.04598760604858 5.8217942873637 5.59760096867878 5.37340764999389
4.10365527868266 4.72875975370399 5.35386422872531 5.97896870374674 6.60407317876807 7.2291776537894 7.85428212881083 8.58046462933211 9.34033980502005 -9999 -9999 -9999 -9999 -9999 -9999 -9999 -9999 -9999 -9999 -9999 -9999 -9999 -9999 11.8106735653347 11.4311149173312 11.0515562693278 10.6719976213243 10.2924389733208 9.91288032531737 9.54289561907451 9.20163273811338 8.8603698571523 8.51910697619123 8.17784409523009 7.83658121426902 7.49531833330795 7.15405545234681 6.90845047632854 6.69473146862456 6.48101246092054 6.26729345321656 6.05357444551257 5.83985543780856 5.62613643010457
3.95643168687816 4.58272701501839 5.20902234315861 5.83531767129894 6.46161299943916 7.08790832757938 7.71420365571971 8.49896990855522 9.33655980295586 -9999 -9999 -9999 -9999 -9999 -9999 -9999 -9999 -9999 -9999 -9999 -9999 -9999 -9999 -9999 -9999 11.7021554311116 11.2908205244276 10.8794856177435 10.4681507110595 10.0626867771149 9.67483576138809 9.2869847456614 8.8991337299347 8.51128271420794 8.12343169848125 7.73558068275456 7.3477296670278 7.09833339055379 6.89508869383071 6.69184399710759 6.48859930038451 6.28535460366143 6.08210990693832 5.87886521021523
3.80920809507365 4.43669427633277 5.06418045759189 5.69166663885112 6.31915282011024 6.94663900136936 7.57412518262858 8.41747518777833 9.33277980089167 -9999 -9999 -9999 -9999 -9999 -9999 -9999 -9999 -9999 -9999 -9999 -9999 -9999 -9999 -9999 -9999 -9999 -9999 -9999 -9999 10.5824779351552 10.1480387846629 9.71359963417053 9.27916048367822 8.84472133318582 8.41028218269351 7.97584303220119 7.5414038817088 7.28821630477905 7.09544591903687 6.90267553329466 6.70990514755248 6.51713476181031 6.3243643760681 6.13159399032592
3.66198450326915 4.29066153764716 4.91933857202518 5.5480156064033 6.17669264078132 6.80536967515933 7.43404670953745 8.33598046700144 9.32899979882747 -9999 -9999 -9999 -9999 -9999 -9999 -9999 -9999 -9999 -9999 -9999 -9999 -9999 -9999 -9999 -9999 -9999 -9999 -9999 -9999 11.1022690931956 10.6212418079376 10.1402145226797 9.65918723742173 9.1781599521637 8.69713266690576 8.21610538164782 7.7350780963898 7.47809921900432 7.29580314424304 7.11350706948174 6.93121099472046 6.74891491995918 6.56661884519788 6.3843227704366
3.84612417221053 4.41397898991885 4.98183380762718 5.5496886253356 6.11754344304393 6.68539826075225 7.25325307846067 8.18032348950691 9.22713243166586 10.273941373825 -9999 -9999 -9999 -9999 -9999 -9999 -9999 -9999 -9999 -9999 -9999 -9999 -9999 -9999 -9999 -9999 -9999 -9999 -9999 11.5033556050725 10.9888468119833 10.4743380188942 9.95982922580514 9.44532043271596 8.93081163962687 8.41630284653778 7.9017940534486 7.63716424703599 7.45582743618225 7.27449062532849 7.09315381447475 6.91181700362102 6.73048019276725 6.54914338191352
4.36162710189805 4.80664663314805 5.25166616439805 5.69668569564812 6.14170522689811 6.58672475814811 7.03174428939818 7.95050425529466 9.02717769940673 10.103851143519 -9999 -9999 -9999 -9999 -9999 -9999 -9999 -9999 -9999 -9999 -9999 -9999 -9999 -9999 -9999 -9999 -9999 -9999 -9999 11.7857374707859 11.2508537968 10.7159701228142 10.1810864488285 9.64620277484261 9.11131910085684 8.57643542687108 8.04155175288522 7.76541138887406 7.5755187948545 7.38562620083491 7.19573360681535 7.00584101279579 6.8159484187762 6.62605582475664
4.87713003158558 5.19931427637725 5.52149852116892 5.84368276596064 6.1658670107523 6.48805125554397 6.81023550033569 7.7206850210824 8.8272229671476 9.93376091321299 -9999 -9999 -9999 -9999 -9999 -9999 -9999 -9999 -9999 -9999 -9999 -9999 -9999 -9999 -9999 -9999 -9999 -9999 -9999 12.0681193364992 11.5128607816167 10.9576022267342 10.4023436718518 9.84708511696925 9.29182656208681 8.73656800720437 8.18130945232184 7.89365853071214 7.69521015352676 7.49676177634134 7.29831339915595 7.09986502197057 6.90141664478515 6.70296826759976
5.39263296127307 5.59198191960641 5.79133087793976 5.99067983627314 6.19002879460649 6.38937775293983 6.58872671127322 7.49086578687017 8.62726823488849 9.76367068290701 10.9000731309253 12.0364755789437 -9999 -9999 -9999 -9999 -9999 -9999 -9999 -9999 -9999 -9999 -9999 -9999 -9999 -9999 -9999 -9999 -9999 12.3505012022125 11.7748677664333 11.1992343306542 10.6236008948751 10.0479674590959 9.47233402331676 8.89670058753765 8.32106715175844 8.02190567255021 7.814901512199 7.60789735184776 7.40089319149655 7.19388903114534 6.98688487079409 6.77988071044288
