data/working_set_collections/6091692-Cassins_Sparrow-MC/1995/bio6.asc
NCOLS 265 
NROWS 230 
XLLCORNER -115.5625 
YLLCORNER 24.8333333333333 
CELLSIZE 0.0833333333333333 
NODATA_value -9999 
[rows 120 to 139 of 230, columns 220 to 263 of 265]
-0.130669659546909 -0.0826119328383607 -0.0345542061298126 0.0135035205787437 0.058925206281428 0.0964387689665116 0.133952331651602 0.171465894336685 0.208979457021769 0.246493019706859 0.284006582391943 0.321520145077026 0.374466958890335 0.432558189746379 0.490649420602424 0.548740651458478 0.606831882314523 0.664923113170567 0.723014344026622 0.777787635061452 0.82260710663263 0.867426578203816 0.912246049774994 0.957065521346172 1.00188499291736 1.04670446448854 1.09152393605971 1.11545565028984 1.13242477873959 1.14939390718935 1.16636303563911 1.18333216408886 1.20030129253862 1.21727042098838 1.22972727153035 1.22864728834892 1.2275673051675 1.22648732198608 1.22540733880465 1.22432735562323 1.2232473724418 1.22216738926038 1.24654593368369 1.27941065397525
-0.0101608277764465 0.0416132623174209 0.0933873524112882 0.145161442505164 0.193059799649411 0.229330957944782 0.26560211624016 0.301873274535531 0.338144432830902 0.37441559112628 0.410686749421651 0.446957907717022 0.498809818178384 0.555855312695072 0.612900807211759 0.669946301728457 0.726991796245144 0.784037290761832 0.841082785278529 0.895348127682973 0.941273013750679 0.987197899818392 1.0331227858861 1.0790476719538 1.12497255802152 1.17089744408922 1.21682233015693 1.24349825084207 1.26375784973301 1.28401744862395 1.30427704751489 1.32453664640583 1.34479624529677 1.36505584418771 1.38031946221985 1.38059513767558 1.38087081313131 1.38114648858704 1.38142216404276 1.38169783949849 1.38197351495422 1.38224919040995 1.40020293891427 1.42404937843479
0.110348003994026 0.165838457473213 0.2213289109524 0.276819364431596 0.327194393017406 0.362223146923065 0.397251900828729 0.432280654734388 0.467309408640047 0.502338162545712 0.53736691645137 0.572395670357029 0.623152677466445 0.679152435643775 0.735152193821105 0.791151951998445 0.847151710175776 0.903151468353106 0.959151226530446 1.0129086203045 1.05993892086874 1.10696922143298 1.15399952199721 1.20102982256145 1.24806012312569 1.29509042368992 1.34212072425415 1.37154085139431 1.39509092072643 1.41864099005856 1.44219105939068 1.4657411287228 1.48929119805492 1.51284126738705 1.53091165290936 1.53254298700224 1.53417432109513 1.53580565518801 1.53743698928089 1.53906832337377 1.54069965746665 1.54233099155954 1.55385994414486 1.56868810289433
0.230856835764499 0.290063652629005 0.349270469493512 0.408477286358028 0.4613289863854 0.495115335901347 0.528901685417299 0.562688034933245 0.596474384449191 0.630260733965143 0.664047083481089 0.697833432997036 0.747495536754505 0.802449558592479 0.857403580430452 0.912357602268434 0.967311624106407 1.02226564594438 1.07721966778236 1.13046911292603 1.1786048279868 1.22674054304757 1.27487625810833 1.32301197316909 1.37114768822986 1.41928340329062 1.46741911835138 1.49958345194656 1.52642399171986 1.55326453149316 1.58010507126647 1.60694561103978 1.63378615081308 1.66062669058639 1.68150384359888 1.68449083632891 1.68747782905895 1.69046482178898 1.69345181451902 1.69643880724905 1.69942579997909 1.70241279270912 1.70751694937545 1.71332682735388
0.351365667534961 0.414288847784787 0.477212028034613 0.540135208284449 0.595463579753383 0.628007524879617 0.660551470005857 0.693095415132091 0.725639360258325 0.758183305384564 0.790727250510798 0.823271195637032 0.871838396042555 0.925746681541171 0.979654967039787 1.03356325253841 1.08747153803703 1.14137982353565 1.19528810903427 1.24802960554756 1.29727073510484 1.34651186466214 1.39575299421943 1.44499412377672 1.49423525333402 1.5434763828913 1.59271751244859 1.62762605249879 1.65775706271328 1.68788807292776 1.71801908314225 1.74815009335674 1.77828110357122 1.80841211378571 1.83209603428838 1.83643868565557 1.84078133702275 1.84512398838994 1.84946663975713 1.85380929112432 1.8581519424915 1.86249459385869 1.86117395460603 1.85796555181342
0.471874499305433 0.538514042940579 0.605153586575724 0.671793130210881 0.729598173121378 0.7608997138579 0.792201254594426 0.823502795330948 0.854804336067469 0.886105876803996 0.917407417540517 0.948708958277038 0.996181255330615 1.04904380448987 1.10190635364913 1.1547689028084 1.20763145196766 1.26049400112692 1.31335655028619 1.36559009816909 1.4159366422229 1.46628318627673 1.51662973033054 1.56697627438436 1.61732281843819 1.667669362492 1.71801590654582 1.75566865305103 1.7890901337067 1.82251161436237 1.85593309501804 1.88935457567371 1.92277605632938 1.95619753698505 1.98268822497789 1.98838653498223 1.99408484498657 1.99978315499091 2.00548146499525 2.0111797749996 2.01687808500393 2.02257639500827 2.01483095983662 2.00260427627297
0.589737202972149 0.657891435672811 0.726045668373473 0.794199901074147 0.853307959768487 0.885277496443832 0.917247033119183 0.949216569794528 0.981186106469873 1.01315564314522 1.04512517982057 1.07709471649591 1.12452496588228 1.17710878617231 1.22969260646234 1.28227642675238 1.33486024704242 1.38744406733245 1.44002788762249 1.49185182054835 1.54139609138168 1.59094036221502 1.64048463304835 1.69002890388168 1.73957317471502 1.78911744554835 1.83866171638168 1.87787933647631 1.91365473965802 1.94943014283973 1.98520554602144 2.02098094920315 2.05675635238486 2.09253175556658 2.12081933551363 2.12664344575668 2.13246755599974 2.1382916662428 2.14411577648585 2.14993988672891 2.15576399697196 2.16158810721502 2.15129386087258 2.13562682900163
0.704953778535097 0.772421025981471 0.839888273427845 0.907355520874231 0.966592939694695 1.0011408726374 1.03568880558011 1.07023673852282 1.10478467146552 1.13933260440824 1.17388053735094 1.20842847029365 1.25686952769753 1.30994162658847 1.36301372547941 1.41608582437035 1.46915792326129 1.52223002215223 1.57530212104317 1.62681477268534 1.67364908258117 1.72048339247701 1.76731770237284 1.81415201226867 1.86098632216451 1.90782063206034 1.95465494195617 1.99425810277459 2.0314508805672 2.06864365835981 2.10583643615243 2.14302921394504 2.18022199173765 2.21741476953027 2.24648936589557 2.2512094179789 2.25592947006223 2.26064952214557 2.2653695742289 2.27008962631223 2.27480967839557 2.2795297304789 2.27056265771387 2.25703320999938
0.820170354098054 0.88695061629014 0.953730878482227 1.02051114067433 1.07987791962091 1.11700424883098 1.15413057804105 1.19125690725112 1.22838323646119 1.26550956567126 1.30263589488133 1.33976222409139 1.3892140895128 1.44277446700464 1.49633484449648 1.54989522198833 1.60345559948017 1.65701597697202 1.71057635446387 1.76177772482233 1.80590207378066 1.850026422739 1.89415077169733 1.93827512065567 1.982399469614 2.02652381857234 2.07064816753067 2.11063686907289 2.1492470214764 2.18785717387991 2.22646732628343 2.26507747868694 2.30368763109045 2.34229778349397 2.37215939627752 2.37577539020113 2.37939138412474 2.38300737804835 2.38662337197196 2.39023936589557 2.39385535981918 2.39747135374279 2.38983145455518 2.37843959099715
0.935386929661011 1.00148020659881 1.06757348353661 1.13366676047442 1.19316289954713 1.23286762502456 1.27257235050199 1.31227707597942 1.35198180145685 1.39168652693428 1.43139125241171 1.47109597788914 1.52155865132806 1.57560730742081 1.62965596351356 1.68370461960631 1.73775327569906 1.7918019317918 1.84585058788456 1.89674067695933 1.93815506498016 1.979569453001 2.02098384102183 2.06239822904266 2.1038126170635 2.14522700508433 2.18664139310516 2.22701563537119 2.2670431623856 2.30707068940001 2.34709821641443 2.38712574342884 2.42715327044326 2.46718079745767 2.49782942665946 2.50034136242335 2.50285329818724 2.50536523395113 2.50787716971502 2.51038910547891 2.5129010412428 2.51541297700669 2.50910025139649 2.49984597199492
1.05060350522396 1.11600979690747 1.18141608859098 1.2468223802745 1.30644787947334 1.34873100121813 1.39101412296292 1.43329724470771 1.4755803664525 1.5178634881973 1.56014660994209 1.60242973168688 1.65390321314332 1.70844014783697 1.76297708253062 1.81751401722428 1.87205095191793 1.92658788661158 1.98112482130524 2.03170362909632 2.07040805617965 2.10911248326299 2.14781691034632 2.18652133742965 2.22522576451299 2.26393019159632 2.30263461867965 2.34339440166948 2.38483930329479 2.4262842049201 2.46772910654542 2.50917400817073 2.55061890979605 2.59206381142137 2.6234994570414 2.62490733464557 2.62631521224973 2.6277230898539 2.62913096745807 2.63053884506223 2.6319467226664 2.63335460027057 2.62836904823778 2.62125235299267
1.16582008078692 1.23053938721614 1.29525869364536 1.3599780000746 1.41973285939956 1.46459437741171 1.50945589542386 1.55431741343601 1.59917893144816 1.64404044946032 1.68890196747247 1.73376348548462 1.78624777495858 1.84127298825314 1.89629820154769 1.95132341484226 2.00634862813682 2.06137384143137 2.11639905472594 2.16666658123332 2.20266104737915 2.23865551352498 2.27464997967082 2.31064444581665 2.34663891196249 2.38263337810832 2.41862784425415 2.45977316796777 2.50263544420399 2.5454977204402 2.58835999667642 2.63122227291263 2.67408454914885 2.71694682538507 2.74916948742335 2.74947330686779 2.74977712631224 2.75008094575668 2.75038476520113 2.75068858464557 2.75099240409002 2.75129622353446 2.74763784507909 2.74265873399044
1.2694374322891 1.33282142480212 1.39620541731514 1.45958940982817 1.51925788687333 1.56777981751493 1.61630174815653 1.66482367879812 1.71334560943972 1.76186754008132 1.81038947072292 1.85891140136451 1.91196823418138 1.96653670105667 2.02110516793195 2.07567363480725 2.13024210168253 2.18481056855782 2.23937903543311 2.28880300521849 2.32279348373411 2.35678396224974 2.39077444076536 2.42476491928098 2.45875539779661 2.49274587631224 2.52673635482786 2.56738602320351 2.6102554215325 2.65312481986149 2.69599421819049 2.73886361651948 2.78173301484847 2.82460241317747 2.8570548057556 2.85825618108113 2.85945755640665 2.86065893173217 2.86186030705769 2.86306168238321 2.86426305770873 2.86546443303425 2.86277405420938 2.85878642400105
1.3614555597305 1.4228559096654 1.48425625960029 1.54565660953519 1.60502296189464 1.65828732152777 1.7115516811609 1.76481604079403 1.81808040042715 1.87134476006028 1.92460911969341 1.97787347932653 2.0310645908117 2.08423128624754 2.13739798168338 2.19056467711923 2.24373137255507 2.2968980679909 2.35006476342675 2.39811290105181 2.43080536524452 2.46349782943723 2.49619029362994 2.52888275782265 2.56157522201536 2.59426768620806 2.62696015040077 2.66623296737668 2.70769923528033 2.74916550318397 2.79063177108762 2.83209803899127 2.87356430689491 2.91503057479856 2.94715541203815 2.95125595728555 2.95535650253294 2.95945704778034 2.96355759302773 2.96765813827513 2.97175868352252 2.97585922876992 2.97377767562864 2.96963542302448
1.45347368717191 1.51289039452868 1.57230710188545 1.63172380924223 1.69078803691597 1.74879482554062 1.80680161416528 1.86480840278994 1.92281519141459 1.98082198003925 2.03882876866391 2.09683555728856 2.15016094744203 2.20192587143842 2.25369079543481 2.30545571943122 2.35722064342761 2.408985567424 2.4607504914204 2.50742279688515 2.53881724675494 2.57021169662474 2.60160614649453 2.63300059636432 2.66439504623411 2.6957894961039 2.72718394597369 2.76507991154987 2.80514304902816 2.84520618650646 2.88526932398476 2.92533246146306 2.96539559894135 3.00545873641966 3.0372560183207 3.04425573348998 3.05125544865925 3.05825516382852 3.06525487899779 3.07225459416706 3.07925430933633 3.0862540245056 3.08478129704792 3.08048442204792
1.54549181461332 1.60292487939196 1.66035794417061 1.71779100894926 1.77655311193729 1.83930232955347 1.90205154716966 1.96480076478585 2.02754998240203 2.09029920001822 2.15304841763441 2.21579763525059 2.26925730407236 2.3196204566293 2.36998360918625 2.42034676174321 2.47070991430015 2.5210730668571 2.57143621941405 2.61673269271849 2.64682912826536 2.67692556381224 2.70702199935911 2.73711843490599 2.76721487045286 2.79731130599974 2.82740774154661 2.86392685572305 2.90258686277599 2.94124686982894 2.9799068768819 3.01856688393485 3.0572268909878 3.09588689804075 3.12735662460326 3.1372555096944 3.14715439478555 3.1570532798767 3.16695216496784 3.17685105005899 3.18674993515013 3.19664882024128 3.19578491846719 3.19133342107136
1.63750994205472 1.69295936425524 1.74840878645576 1.80385820865629 1.8623181869586 1.92980983356631 1.99730148017404 2.06479312678175 2.13228477338946 2.19977641999718 2.2672680666049 2.33475971321261 2.38835366070268 2.43731504182018 2.48627642293768 2.53523780405519 2.58419918517269 2.63316056629019 2.6821219474077 2.72604258855181 2.75484100977577 2.78363943099973 2.81243785222369 2.84123627344765 2.87003469467161 2.89883311589557 2.92763153711952 2.96277379989622 3.00003067652382 3.03728755315142 3.07454442977903 3.11180130640663 3.14905818303424 3.18631505966184 3.21745723088581 3.23025528589882 3.24305334091185 3.25585139592487 3.26864945093789 3.28144750595091 3.29424556096393 3.30704361597695 3.30678853988646 3.30218242009479
1.72952806949613 1.78299384911853 1.83645962874092 1.88992540836332 1.94808326197992 2.02031733757916 2.09255141317842 2.16478548877766 2.2370195643769 2.30925363997616 2.3814877155754 2.45372179117464 2.50745001733301 2.55500962701106 2.60256923668911 2.65012884636718 2.69768845604523 2.74524806572328 2.79280767540135 2.83535248438515 2.86285289128619 2.89035329818724 2.91785370508828 2.94535411198932 2.97285451889036 3.0003549257914 3.02785533269244 3.0616207440694 3.09747449027165 3.13332823647391 3.16918198267617 3.20503572887842 3.24088947508068 3.27674322128294 3.30755783716836 3.32325506210325 3.33895228703815 3.35464951197305 3.37034673690794 3.38604396184284 3.40174118677773 3.41743841171263 3.41779216130573 3.41303141911823
1.82621029019354 1.87716955939926 1.92812882860499 1.97908809781073 2.03612688879169 2.1114042450984 2.18668160140512 2.26195895771183 2.33723631401854 2.41251367032526 2.48779102663196 2.56306838293867 2.61634155909218 2.66228000852795 2.70821845796371 2.75415690739948 2.80009535683524 2.846033806271 2.89197225570677 2.9331892967224 2.9602421124776 2.98729492823281 3.01434774398802 3.04140055974323 3.06845337549844 3.09550619125365 3.12255900700885 3.15598363876341 3.19153220918442 3.22708077960542 3.26262935002643 3.29817792044744 3.33372649086844 3.36927506128945 3.4004138416714 3.41832325193615 3.43623266220091 3.45414207246567 3.47205148273043 3.48996089299518 3.50787030325994 3.5257797135247 3.52652552922566 3.52155014673868
1.92755660414693 1.97548649509745 2.02341638604797 2.0713462769985 2.12644906739391 2.20307055612401 2.27969204485414 2.35631353358424 2.43293502231435 2.50955651104447 2.58617799977458 2.66279948850469 2.7150282859802 2.75912618637082 2.80322408676145 2.84732198715208 2.8914198875427 2.93551778793332 2.97961568832395 3.01955302556354 3.04700867334999 3.07446432113646 3.10191996892291 3.12937561670937 3.15683126449583 3.18428691228229 3.21174256006874 3.24586248397825 3.2822038332621 3.31854518254595 3.35488653182981 3.39122788111366 3.42756923039752 3.46391057968137 3.49602524439492 3.51545985539752 3.53489446640013 3.55432907740273 3.57376368840533 3.59319829940794 3.61263291041054 3.63206752141314 3.63298864364622 3.62773860295612
