data/working_set_collections/6091692-Cassins_Sparrow-MC/1995/bio7.asc
NCOLS 265 
NROWS 230 
XLLCORNER -115.5625 
YLLCORNER 24.8333333333333 
CELLSIZE 0.0833333333333333 
NODATA_value -9999 
[rows 180 to 199 of 230, columns 46 to 91 of 265]
28.0287963867189 28.4617268880209 28.894657389323 29.3275878906251 29.7605183919271 30.1934488932292 30.3804105122885 30.4853825039334 30.5903544955784 30.6953264872233 30.8002984788683 30.9052704705132 31.0102424621582 31.1153946770562 31.2210875617133 31.3267804463704 31.4324733310276 31.5381662156847 31.6438591003418 31.7495519849989 31.8552448696561 31.8583325703939 31.8272185431587 31.7961045159234 31.7649904886882 31.733876461453 31.7027624342177 31.6716484069825 31.6490342034234 31.6519194708931 31.6548047383627 31.6576900058323 31.6605752733019 31.6634605407715 31.6663458082411 31.6692310757107 31.650075785319 31.6235736423069 31.5970714992947 31.5705693562826 31.5440672132704 31.5175650702583 31.4910629272461 31.4866509331597 31.5485093858507 31.6103678385417
26.9026489257813 27.4903564453125 28.0780639648438 28.665771484375 29.2534790039062 29.8411865234375 30.0907920837403 30.2276969909668 30.3646018981934 30.5015068054199 30.6384117126465 30.775316619873 30.9122215270996 31.0383837381999 31.1323178609212 31.2262519836426 31.3201861063639 31.4141202290853 31.5080543518066 31.601988474528 31.6959225972494 31.6858924865723 31.6412076314291 31.5965227762858 31.5518379211426 31.5071530659994 31.4624682108562 31.4177833557129 31.3913205464681 31.4195238749187 31.4477272033692 31.4759305318197 31.5041338602702 31.5323371887207 31.5605405171712 31.5887438456218 31.5802688598633 31.5595677693685 31.5388666788737 31.5181655883789 31.4974644978841 31.4767634073893 31.4560623168945 31.4539326985677 31.5075174967448 31.5611022949219
25.7765014648438 26.5189860026041 27.2614705403646 28.003955078125 28.7464396158853 29.4889241536458 29.8011736551921 29.9700114780002 30.1388493008084 30.3076871236165 30.4765249464247 30.6453627692329 30.814200592041 30.9613727993435 31.0435481601291 31.1257235209147 31.2078988817003 31.2900742424859 31.3722496032715 31.4544249640571 31.5366003248427 31.5134524027507 31.4551967196995 31.3969410366483 31.338685353597 31.2804296705458 31.2221739874946 31.1639183044434 31.1336068895128 31.1871282789443 31.2406496683757 31.2941710578071 31.3476924472385 31.4012138366699 31.4547352261013 31.5082566155328 31.5104619344076 31.4955618964301 31.4806618584527 31.4657618204753 31.4508617824978 31.4359617445204 31.421061706543 31.4212144639757 31.4665256076389 31.5118367513021
24.6503540039063 25.5476155598958 26.4448771158855 27.342138671875 28.2394002278645 29.1366617838541 29.5115552266439 29.7123259650336 29.9130967034234 30.1138674418132 30.3146381802029 30.5154089185927 30.7161796569824 30.8843618604872 30.954778459337 31.0251950581869 31.0956116570367 31.1660282558865 31.2364448547363 31.3068614535862 31.377278052436 31.3410123189291 31.2691858079699 31.1973592970107 31.1255327860515 31.0537062750923 30.9818797641331 30.9100532531739 30.8758932325575 30.9547326829699 31.0335721333822 31.1124115837945 31.1912510342068 31.2700904846192 31.3489299350315 31.4277693854438 31.4406550089518 31.4315560234918 31.4224570380317 31.4133580525716 31.4042590671116 31.3951600816515 31.3860610961914 31.3884962293837 31.425533718533 31.4625712076823
23.5242065429688 24.5762451171874 25.6282836914063 26.6803222656249 27.7323608398436 28.7843994140624 29.2219367980957 29.454640452067 29.6873441060384 29.9200477600098 30.1527514139811 30.3854550679525 30.6181587219238 30.8073509216309 30.8660087585449 30.924666595459 30.983324432373 31.0419822692871 31.1006401062012 31.1592979431152 31.2179557800293 31.1685722351075 31.0831748962403 30.9977775573731 30.9123802185059 30.8269828796387 30.7415855407715 30.6561882019044 30.6181795756022 30.7223370869955 30.8264945983887 30.9306521097819 31.0348096211751 31.1389671325684 31.2431246439616 31.3472821553548 31.3708480834961 31.3675501505534 31.3642522176107 31.360954284668 31.3576563517253 31.3543584187826 31.3510604858398 31.3557779947917 31.3845418294271 31.4133056640625
22.3980590820312 23.604874674479 24.8116902669271 26.0185058593749 27.2253214518227 28.4321370442707 28.9323183695475 29.1969549391005 29.4615915086534 29.7262280782064 29.9908646477593 30.2555012173123 30.5201377868652 30.7303399827745 30.7772390577528 30.8241381327311 30.8710372077094 30.9179362826877 30.964835357666 31.0117344326443 31.0586335076226 30.9961321512858 30.8971639845107 30.7981958177355 30.6992276509603 30.6002594841852 30.50129131741 30.4023231506348 30.3604659186469 30.4899414910211 30.6194170633952 30.7488926357693 30.8783682081434 31.0078437805176 31.1373193528917 31.2667949252658 31.3010411580404 31.303544277615 31.3060473971897 31.3085505167643 31.311053636339 31.3135567559136 31.3160598754883 31.3230597601997 31.3435499403212 31.3640401204427
21.2898228963216 22.5238316853841 23.7578404744467 24.9918492635092 26.2258580525716 27.4598668416343 28.024691518148 28.366454823812 28.7082181294761 29.0499814351401 29.3917447408042 29.7335080464682 30.0752713521323 30.3498523288304 30.4228863186308 30.4959203084311 30.5689542982314 30.6419882880318 30.7150222778321 30.7880562676324 30.8610902574328 30.8029627482097 30.7011147393121 30.5992667304145 30.497418721517 30.3955707126194 30.2937227037218 30.1918746948243 30.1508157518175 30.2921240064833 30.4334322611491 30.5747405158149 30.7160487704807 30.8573570251465 30.9986652798123 31.1399735344781 31.1769701639812 31.1791962517633 31.1814223395454 31.1836484273275 31.1858745151096 31.1881006028918 31.1903266906739 31.1978862338596 31.2214461432563 31.245006052653
-9999 21.3331161499023 22.4667343139649 23.6003524780274 24.7339706420898 25.8675888061525 26.4990562438967 26.9631401062013 27.427223968506 27.8913078308107 28.3553916931153 28.81947555542 29.2835594177247 29.6658879597983 29.8029505411785 29.9400131225587 30.0770757039389 30.2141382853191 30.3512008666993 30.4882634480795 30.6253260294597 30.589064025879 30.4950271606446 30.4009902954102 30.3069534301758 30.2129165649415 30.1188796997071 30.0248428344727 29.9892290751139 30.1288846333822 30.2685401916504 30.4081957499186 30.5478513081869 30.6875068664551 30.8271624247233 30.9668179829916 30.9986351013184 30.9945060729981 30.9903770446778 30.9862480163575 30.9821189880371 30.9779899597168 30.9738609313965 30.9802574157715 31.0182304382325 31.0562034606934
-9999 -9999 -9999 22.2088556925456 23.242083231608 24.2753107706707 24.9734209696453 25.5598253885906 26.1462298075359 26.7326342264812 27.3190386454264 27.9054430643718 28.4918474833171 28.9819235907661 29.1830147637262 29.3841059366862 29.5851971096463 29.7862882826064 29.9873794555664 30.1884706285265 30.3895618014866 30.3751653035482 30.288939581977 30.2027138604059 30.1164881388347 30.0302624172635 29.9440366956923 29.8578109741211 29.8276423984104 29.965645260281 30.1036481221517 30.2416509840223 30.379653845893 30.5176567077637 30.6556595696343 30.793662431505 30.8203000386556 30.8098158942329 30.7993317498101 30.7888476053874 30.7783634609647 30.7678793165419 30.7573951721192 30.7626285976834 30.8150147332086 30.8674008687337
-9999 -9999 -9999 -9999 21.7501958211264 22.683032735189 23.4477856953941 24.1565106709799 24.8652356465659 25.5739606221518 26.2826855977377 26.9914105733237 27.7001355489095 28.297959221734 28.563078986274 28.8281987508139 29.0933185153538 29.3584382798937 29.6235580444336 29.8886778089735 30.1537975735135 30.1612665812175 30.0828520033095 30.0044374254015 29.9260228474935 29.8476082695856 29.7691936916776 29.6907791137696 29.6660557217068 29.8024058871799 29.938756052653 30.0751062181261 30.2114563835992 30.3478065490723 30.4841567145454 30.6205068800185 30.6419649759929 30.6251257154677 30.6082864549425 30.5914471944174 30.5746079338922 30.557768673367 30.5409294128418 30.5449997795953 30.6117990281847 30.6785982767741
-9999 -9999 -9999 -9999 -9999 21.0907546997072 21.9221504211427 22.7531959533692 23.5842414855958 24.4152870178223 25.2463325500488 26.0773780822755 26.9084236145019 27.6139948527019 27.9431432088217 28.2722915649414 28.6014399210612 28.930588277181 29.2597366333008 29.5888849894205 29.9180333455404 29.9473678588868 29.876764424642 29.8061609903972 29.7355575561524 29.6649541219076 29.5943506876628 29.523747253418 29.5044690450032 29.6391665140788 29.7738639831543 29.9085614522298 30.0432589213053 30.1779563903809 30.3126538594564 30.4473513285319 30.4636299133301 30.4404355367025 30.4172411600749 30.3940467834473 30.3708524068197 30.3476580301921 30.3244636535645 30.3273709615072 30.4085833231608 30.4897956848145
-9999 -9999 -9999 -9999 -9999 -9999 20.3965151468913 21.3498812357584 22.3032473246257 23.2566134134928 24.20997950236 25.1633455912272 26.1167116800943 26.9300304836697 27.3232074313694 27.716384379069 28.1095613267686 28.5027382744683 28.895915222168 29.2890921698676 29.6822691175673 29.733469136556 29.6706768459744 29.6078845553928 29.5450922648112 29.4822999742296 29.419507683648 29.3567153930664 29.3428823682997 29.4759271409777 29.6089719136556 29.7420166863335 29.8750614590115 30.0081062316895 30.1411510043674 30.2741957770454 30.2852948506674 30.2557453579373 30.2261958652073 30.1966463724772 30.1670968797472 30.1375473870172 30.1079978942871 30.1097421434191 30.205367618137 30.3009930928548
-9999 -9999 -9999 -9999 -9999 -9999 -9999 20.0926681518555 21.0741622924806 22.0556564331055 23.0371505737305 24.0186447143556 25.0001388549806 25.8598222520618 26.3540734185115 26.8483245849611 27.3425757514107 27.8368269178604 28.33107808431 28.8253292507596 29.3195804172092 29.4212631225587 29.392089674208 29.3629162258573 29.3337427775066 29.3045693291559 29.2753958808051 29.2462224324544 29.2551918877495 29.3785900539822 29.5019882202148 29.6253863864475 29.7487845526801 29.8721827189128 29.9955808851454 30.118979051378 30.1286814371745 30.1004852294922 30.0722890218099 30.0440928141276 30.0158966064453 29.987700398763 29.9595041910808 29.9636327107747 30.0647354125977 30.1658381144206
-9999 -9999 -9999 -9999 -9999 -9999 -9999 -9999 19.8969863891603 20.8124160766602 21.7278457641602 22.6432754516603 23.5587051391602 24.4033701578777 25.0357411702475 25.6681121826173 26.300483194987 26.9328542073569 27.5652252197266 28.1975962320963 28.8299672444662 29.0107498168946 29.0410029093425 29.0712560017904 29.1015090942383 29.1317621866862 29.1620152791341 29.192268371582 29.2413976033528 29.3471552530924 29.452912902832 29.5586705525716 29.6644282023112 29.7701858520508 29.8759435017904 29.98170115153 29.9937896728516 29.9746551513672 29.9555206298828 29.9363861083985 29.9172515869141 29.8981170654297 29.8789825439453 29.8890426635742 29.986686706543 30.0843307495117
-9999 -9999 -9999 -9999 -9999 -9999 -9999 -9999 -9999 -9999 -9999 -9999 -9999 22.9469180636936 23.7174089219836 24.4878997802735 25.2583906385633 26.0288814968533 26.7993723551432 27.5698632134331 28.3403540717231 28.6002365112305 28.689916144477 28.7795957777236 28.8692754109701 28.9589550442166 29.0486346774631 29.1383143107096 29.2276033189561 29.3157204522027 29.4038375854492 29.4919547186957 29.5800718519423 29.6681889851888 29.7563061184353 29.8444232516819 29.8588979085287 29.8488250732422 29.8387522379557 29.8286794026693 29.8186065673828 29.8085337320964 29.7984608968099 29.8144526163737 29.9086380004883 30.0028233846029
-9999 -9999 -9999 -9999 -9999 -9999 -9999 -9999 -9999 -9999 -9999 -9999 -9999 21.4904659695096 22.3990766737198 23.3076873779298 24.2162980821398 25.1249087863499 26.0335194905599 26.9421301947699 27.85074089898 28.1897232055665 28.3388293796116 28.4879355536567 28.6370417277018 28.786147901747 28.9352540757921 29.0843602498372 29.2138090345594 29.2842856513129 29.3547622680664 29.4252388848199 29.4957155015734 29.5661921183268 29.6366687350803 29.7071453518338 29.7240061442058 29.7229949951172 29.7219838460287 29.7209726969401 29.7199615478516 29.718950398763 29.7179392496745 29.7398625691732 29.8305892944336 29.921316019694
-9999 -9999 -9999 -9999 -9999 -9999 -9999 -9999 -9999 -9999 -9999 -9999 -9999 20.0340138753255 21.0807444254558 22.127474975586 23.1742055257161 24.2209360758464 25.2676666259765 26.3143971761066 27.3611277262369 27.7792098999024 27.9877426147461 28.1962753295899 28.4048080444336 28.6133407592773 28.8218734741211 29.0304061889648 29.2000147501627 29.2528508504232 29.3056869506836 29.358523050944 29.4113591512044 29.4641952514649 29.5170313517253 29.5698674519857 29.5891143798828 29.5971649169922 29.6052154541016 29.613265991211 29.6213165283203 29.6293670654297 29.6374176025391 29.6652725219726 29.7525405883789 29.8398086547852
-9999 -9999 -9999 -9999 -9999 -9999 -9999 -9999 -9999 -9999 -9999 -9999 -9999 18.5775617811414 19.7624121771919 20.9472625732422 22.1321129692924 23.3169633653429 24.5018137613931 25.6866641574434 26.8715145534939 27.3686965942383 27.6366558498806 27.904615105523 28.1725743611654 28.4405336168077 28.7084928724501 28.9764521280924 29.186220465766 29.2214160495334 29.2566116333008 29.2918072170681 29.3270028008355 29.3621983846029 29.3973939683702 29.4325895521376 29.4542226155599 29.4713348388672 29.4884470621745 29.5055592854818 29.5226715087891 29.5397837320964 29.5568959554037 29.5906824747721 29.6744918823242 29.7583012898763
-9999 -9999 -9999 -9999 -9999 -9999 -9999 -9999 -9999 -9999 -9999 -9999 -9999 17.4491371154784 18.6661160786947 19.8830950419108 21.1000740051269 22.3170529683432 23.5340319315593 24.7510108947754 25.9679898579917 26.5401390075685 26.8973448859322 27.254550764296 27.6117566426596 27.9689625210233 28.326168399387 28.6833742777507 28.9624399820964 29.0070851643881 29.0517303466798 29.0963755289714 29.1410207112631 29.1856658935547 29.2303110758464 29.274956258138 29.3089485168457 29.3393898010254 29.3698310852051 29.4002723693848 29.4307136535645 29.4611549377441 29.4915962219238 29.5341295878092 29.6129391988119 29.6917488098144
-9999 -9999 -9999 -9999 -9999 -9999 -9999 -9999 -9999 -9999 -9999 -9999 -9999 -9999 17.7918561299642 18.9349723815918 20.0780886332193 21.2212048848471 22.3643211364746 23.5074373881022 24.6505536397299 25.2935371398927 25.7698097229005 26.2460823059083 26.7223548889161 27.1986274719238 27.6749000549317 28.1511726379395 28.5286732991537 28.609858194987 28.6910430908204 28.7722279866537 28.853412882487 28.9345977783203 29.0157826741537 29.096967569987 29.1532920837403 29.2013298034668 29.2493675231934 29.2974052429199 29.3454429626465 29.393480682373 29.4415184020996 29.495613861084 29.5678825378418 29.6401512145996
