data/working_set_collections/6091692-Cassins_Sparrow-MC/1995/bio7.asc
NCOLS 265 
NROWS 230 
XLLCORNER -115.5625 
YLLCORNER 24.8333333333333 
CELLSIZE 0.0833333333333333 
NODATA_value -9999 
[rows 0 to 19 of 230, columns 46 to 91 of 265]
40.2874534606934 40.1467338562012 40.006014251709 39.8652946472168 39.7245750427247 39.5838554382324 39.452934773763 39.3252804226346 39.1976260715061 39.0699717203776 38.9423173692492 38.8146630181207 38.6870086669922 38.560013156467 38.4349941677517 38.3099751790365 38.1849561903212 38.0599372016059 37.9349182128906 37.8098992241754 37.6848802354601 37.6647137959798 37.6794982062445 37.6942826165093 37.709067026774 37.7238514370388 37.7386358473036 37.7534202575683 37.7943487379285 37.9137094285753 38.033070119222 38.1524308098687 38.2717915005154 38.3911521911621 38.5105128818088 38.6298735724555 38.8029291788737 38.993883090549 39.1848370022244 39.3757909138997 39.566744825575 39.7576987372504 39.9486526489258 40.1128133985731 40.1965946621365 40.2803759256999
40.1212348937989 39.989180246989 39.8571256001791 39.7250709533692 39.5930163065593 39.4609616597494 39.3592315673828 39.2676096598308 39.1759877522787 39.0843658447266 38.9927439371745 38.9011220296224 38.8095001220703 38.7123809814453 38.5987701416016 38.4851593017578 38.3715484619141 38.2579376220703 38.1443267822266 38.0307159423828 37.9171051025391 37.9012794494629 37.9180488586426 37.9348182678222 37.9515876770019 37.9683570861816 37.9851264953613 38.001895904541 38.0378598531087 38.1314074198405 38.2249549865722 38.318502553304 38.4120501200358 38.5055976867676 38.5991452534993 38.6926928202311 38.8453903198242 39.0178044637044 39.1902186075846 39.3626327514648 39.535046895345 39.7074610392252 39.8798751831054 40.0242963155111 40.0847384134928 40.1451805114746
39.9550163269043 39.8316266377767 39.7082369486491 39.5848472595215 39.4614575703939 39.3380678812663 39.2655283610026 39.2099388970269 39.1543494330512 39.0987599690755 39.0431705050998 38.9875810411241 38.9319915771484 38.8647488064236 38.7625461154514 38.6603434244792 38.5581407335069 38.4559380425347 38.3537353515625 38.2515326605903 38.149329969618 38.1378451029459 38.1565995110405 38.1753539191352 38.1941083272298 38.2128627353244 38.231617143419 38.2503715515136 38.2813709682888 38.3491054111056 38.4168398539225 38.4845742967393 38.5523087395562 38.620043182373 38.6877776251899 38.7555120680067 38.8878514607747 39.0417258368598 39.1956002129449 39.3494745890299 39.503348965115 39.6572233412001 39.8110977172851 39.935779232449 39.9728821648492 40.0099850972494
39.7887977600098 39.6740730285645 39.5593482971192 39.4446235656739 39.3298988342286 39.2151741027832 39.1718251546224 39.1522681342231 39.1327111138238 39.1131540934245 39.0935970730252 39.0740400526259 39.0544830322266 39.0171166314019 38.9263220893012 38.8355275472005 38.7447330050998 38.6539384629991 38.5631439208984 38.4723493787977 38.381554836697 38.374410756429 38.3951501634386 38.4158895704481 38.4366289774577 38.4573683844672 38.4781077914767 38.4988471984863 38.5248820834689 38.5668034023709 38.6087247212728 38.6506460401747 38.6925673590766 38.7344886779785 38.7764099968804 38.8183313157823 38.9303126017252 39.0656472100152 39.2009818183051 39.336316426595 39.471651034885 39.6069856431749 39.7423202514648 39.8472621493869 39.8610259162055 39.8747896830241
39.6225791931153 39.5165194193523 39.4104596455892 39.3043998718262 39.1983400980632 39.0922803243002 39.0781219482422 39.0945973714193 39.1110727945964 39.1275482177734 39.1440236409505 39.1604990641276 39.1769744873047 39.1694844563802 39.090098063151 39.0107116699219 38.9313252766927 38.8519388834635 38.7725524902344 38.6931660970052 38.613779703776 38.6109764099121 38.6337008158366 38.656425221761 38.6791496276855 38.70187403361 38.7245984395345 38.747322845459 38.7683931986491 38.784501393636 38.800609588623 38.81671778361 38.832825978597 38.848934173584 38.865042368571 38.8811505635579 38.9727737426758 39.0895685831705 39.2063634236653 39.3231582641601 39.4399531046549 39.5567479451497 39.6735427856445 39.7587450663249 39.7491696675619 39.7395942687988
39.4563606262207 39.35896581014 39.2615709940593 39.1641761779786 39.0667813618978 38.9693865458171 38.984418741862 39.0369266086154 39.0894344753689 39.1419423421224 39.1944502088758 39.2469580756293 39.2994659423828 39.3218522813585 39.2538740370008 39.1858957926432 39.1179175482856 39.0499393039279 38.9819610595703 38.9139828152127 38.846004570855 38.8475420633951 38.8722514682346 38.896960873074 38.9216702779134 38.9463796827528 38.9710890875922 38.9957984924316 39.0119043138292 39.0021993849012 38.9924944559733 38.9827895270453 38.9730845981174 38.9633796691894 38.9536747402615 38.9439698113335 39.0152348836263 39.1134899563259 39.2117450290256 39.3100001017252 39.4082551744249 39.5065102471246 39.6047653198242 39.6702279832628 39.6373134189182 39.6043988545736
39.3238522847494 39.2455011155871 39.1671499464247 39.0887987772624 39.0104476081001 38.9320964389377 38.9680109659831 39.042014058431 39.1160171508789 39.1900202433268 39.2640233357747 39.3380264282226 39.4120295206706 39.4536611768934 39.3981785244412 39.3426958719889 39.2872132195367 39.2317305670844 39.1762479146321 39.1207652621799 39.0652826097276 39.0489219665527 39.0456019931369 39.0422820197211 39.0389620463053 39.0356420728895 39.0323220994738 39.029002126058 39.021965959337 39.0037812127008 38.9855964660645 38.9674117194282 38.9492269727919 38.9310422261556 38.9128574795193 38.894672732883 38.9595052083333 39.0520100911458 39.1445149739583 39.2370198567708 39.3295247395833 39.4220296223958 39.5145345052083 39.5729174296061 39.5289344787598 39.4849515279134
39.2250541687012 39.1761253356934 39.1271965026855 39.0782676696777 39.0293388366699 38.9804100036621 39.0288986206055 39.1098597208659 39.1908208211263 39.2717819213867 39.3527430216471 39.4337041219075 39.514665222168 39.564911142985 39.523011525472 39.481111907959 39.439212290446 39.3973126729329 39.3554130554199 39.3135134379069 39.2716138203939 39.2151161193848 39.1537523905436 39.0923886617025 39.0310249328613 38.9696612040202 38.9082974751791 38.8469337463379 38.7985781351725 38.7892468770345 38.7799156188965 38.7705843607585 38.7612531026205 38.7519218444824 38.7425905863444 38.7332593282064 38.8055847167969 38.9051289876302 39.0046732584635 39.1042175292969 39.2037618001302 39.3033060709635 39.4028503417969 39.4668134053548 39.4240328470866 39.3812522888184
39.126256052653 39.1067495557997 39.0872430589464 39.0677365620931 39.0482300652398 39.0287235683865 39.0897862752278 39.1777053833008 39.2656244913737 39.3535435994466 39.4414627075195 39.5293818155924 39.6173009236653 39.6761611090766 39.6478445265028 39.619527943929 39.5912113613552 39.5628947787814 39.5345781962077 39.5062616136339 39.4779450310601 39.3813102722168 39.2619027879503 39.1424953036838 39.0230878194173 38.9036803351509 38.7842728508844 38.6648653666179 38.5751903110081 38.5747125413683 38.5742347717285 38.5737570020888 38.573279232449 38.5728014628093 38.5723236931695 38.5718459235298 38.6516642252604 38.7582478841146 38.8648315429688 38.9714152018229 39.0779988606771 39.1845825195313 39.2911661783854 39.3607093811035 39.3191312154134 39.2775530497233
39.0274579366048 39.037373775906 39.0472896152072 39.0572054545085 39.0671212938097 39.0770371331109 39.1506739298502 39.2455510457356 39.3404281616211 39.4353052775065 39.5301823933919 39.6250595092773 39.7199366251627 39.7874110751682 39.7726775275336 39.7579439798991 39.7432104322645 39.72847688463 39.7137433369954 39.6990097893609 39.6842762417263 39.5475044250488 39.370053185357 39.1926019456652 39.0151507059733 38.8376994662815 38.6602482265897 38.4827969868978 38.3518024868436 38.3601782057021 38.3685539245606 38.3769296434191 38.3853053622776 38.3936810811361 38.4020567999946 38.4104325188531 38.497743733724 38.611366780599 38.724989827474 38.838612874349 38.9522359212239 39.065858968099 39.179482014974 39.2546053568522 39.2142295837402 39.1738538106283
38.9286598205566 38.9679979960124 39.0073361714681 39.0466743469238 39.0860125223795 39.1253506978353 39.2115615844726 39.3133967081705 39.4152318318685 39.5170669555664 39.6189020792643 39.7207372029622 39.8225723266601 39.8986610412598 39.8975105285644 39.8963600158691 39.8952095031738 39.8940589904785 39.8929084777832 39.8917579650879 39.8906074523926 39.7136985778809 39.4782035827637 39.2427085876465 39.0072135925293 38.7717185974122 38.536223602295 38.3007286071778 38.128414662679 38.1456438700358 38.1628730773926 38.1801022847494 38.1973314921061 38.2145606994629 38.2317899068197 38.2490191141764 38.3438232421875 38.4644856770833 38.5851481119792 38.705810546875 38.8264729817708 38.9471354166667 39.0677978515625 39.1485013326009 39.1093279520671 39.0701545715332
38.8298617045085 38.8986222161187 38.9673827277289 39.0361432393392 39.1049037509494 39.1736642625597 39.272449239095 39.3812423706054 39.4900355021159 39.5988286336263 39.7076217651367 39.8164148966471 39.9252080281575 40.0099110073513 40.0223435295952 40.0347760518392 40.0472085740831 40.059641096327 40.0720736185709 40.0845061408149 40.0969386630588 39.8798927307129 39.5863539801704 39.2928152296278 38.9992764790853 38.7057377285428 38.4121989780003 38.1186602274578 37.9050268385146 37.9311095343696 37.9571922302246 37.9832749260797 38.0093576219347 38.0354403177897 38.0615230136448 38.0876057094998 38.189902750651 38.3176045735677 38.4453063964844 38.573008219401 38.7007100423177 38.8284118652344 38.956113688151 39.0423973083496 39.0044263203939 38.9664553324382
38.7900535583496 38.8597553677029 38.9294571770562 38.9991589864095 39.0688607957628 39.1385626051161 39.2427947998047 39.3585371229384 39.474279446072 39.5900217692057 39.7057640923394 39.8215064154731 39.9372487386068 40.0353078630235 40.0803173912896 40.1253269195556 40.1703364478217 40.2153459760878 40.2603555043538 40.3053650326199 40.3503745608859 40.126469039917 39.8129251692031 39.499381298489 39.1858374277751 38.8722935570611 38.5587496863471 38.2452058156331 38.0121714274088 38.0206654866536 38.0291595458984 38.0376536051432 38.046147664388 38.0546417236328 38.0631357828776 38.0716298421224 38.1689058939616 38.2957759433322 38.4226459927029 38.5495160420735 38.6763860914442 38.8032561408149 38.9301261901855 39.0171367221408 38.98456870185 38.9520006815592
38.8092353820801 38.851397450765 38.8935595194499 38.9357215881348 38.9778836568197 39.0200457255046 39.1225982666016 39.2452809651693 39.367963663737 39.4906463623047 39.6133290608724 39.7360117594401 39.8586944580078 39.9748516082764 40.0714321136474 40.1680126190185 40.2645931243896 40.3611736297607 40.4577541351318 40.5543346405029 40.650915145874 40.4534275054932 40.1579171498617 39.8624067942301 39.5668964385986 39.2713860829672 38.9758757273356 38.6803653717041 38.449848429362 38.414311726888 38.378775024414 38.3432383219401 38.3077016194661 38.2721649169922 38.2366282145182 38.2010915120443 38.2808326721191 38.3989997863769 38.5171669006347 38.6353340148925 38.7535011291504 38.8716682434082 38.989835357666 39.0727195739746 39.0497550964355 39.0267906188965
38.8284172058105 38.843039533827 38.8576618618435 38.87228418986 38.8869065178765 38.901528845893 39.0024017333984 39.1320248074002 39.2616478814019 39.3912709554036 39.5208940294054 39.6505171034071 39.7801401774088 39.9143953535292 40.0625468360053 40.2106983184814 40.3588498009575 40.5070012834337 40.6551527659098 40.8033042483859 40.951455730862 40.7803859710693 40.5029091305203 40.2254322899712 39.9479554494222 39.6704786088732 39.3930017683241 39.1155249277751 38.8875254313151 38.8079579671223 38.7283905029296 38.648823038737 38.5692555745442 38.4896881103515 38.4101206461589 38.3305531819661 38.3927594502766 38.5022236294216 38.6116878085666 38.7211519877116 38.8306161668565 38.9400803460015 39.0495445251465 39.1283024258084 39.114941491021 39.1015805562337
38.847599029541 38.8346816168891 38.8217642042372 38.8088467915853 38.7959293789334 38.7830119662815 38.8822052001953 39.0187686496311 39.1553320990668 39.2918955485026 39.4284589979383 39.5650224473741 39.7015858968099 39.853939098782 40.0536615583632 40.2533840179443 40.4531064775254 40.6528289371066 40.8525513966878 41.0522738562689 41.2519963158501 41.1073444366455 40.847901111179 40.5884577857123 40.3290144602458 40.0695711347792 39.8101278093126 39.550684483846 39.3252024332682 39.2016042073567 39.0780059814453 38.9544077555339 38.8308095296224 38.7072113037109 38.5836130777995 38.460014851888 38.5046862284342 38.6054474724663 38.7062087164985 38.8069699605306 38.9077312045627 39.0084924485948 39.1092536926269 39.1838852776421 39.1801278856066 39.176370493571
38.8667808532715 38.8263236999512 38.7858665466309 38.7454093933106 38.7049522399902 38.6644950866699 38.7620086669922 38.905512491862 39.0490163167318 39.1925201416015 39.3360239664713 39.4795277913411 39.6230316162109 39.7934828440348 40.044776280721 40.2960697174072 40.5473631540934 40.7986565907796 41.0499500274658 41.3012434641519 41.5525369008382 41.4343029022217 41.1928930918376 40.9514832814534 40.7100734710694 40.4686636606852 40.2272538503011 39.985844039917 39.7628794352214 39.5952504475911 39.4276214599609 39.2599924723308 39.0923634847005 38.9247344970703 38.7571055094401 38.5894765218099 38.6166130065918 38.708671315511 38.8007296244303 38.8927879333496 38.9848462422688 39.0769045511881 39.1689628601074 39.2394681294759 39.2453142801921 39.2511604309082
38.885962677002 38.8179657830133 38.7499688890245 38.6819719950358 38.6139751010471 38.5459782070584 38.6418121337891 38.7922563340929 38.9427005343967 39.0931447347005 39.2435889350043 39.3940331353081 39.544477335612 39.7330265892876 40.0358910030788 40.3387554168701 40.6416198306613 40.9444842444525 41.2473486582437 41.5502130720349 41.8530774858262 41.7612613677978 41.5378850724962 41.3145087771945 41.0911324818929 40.8677561865913 40.6443798912896 40.4210035959879 40.2005564371745 39.9888966878255 39.7772369384766 39.5655771891276 39.3539174397786 39.1422576904297 38.9305979410808 38.7189381917318 38.7285397847493 38.8118951585557 38.8952505323622 38.9786059061686 39.061961279975 39.1453166537814 39.2286720275879 39.2950509813097 39.3105006747776 39.3259503682454
38.8413988749186 38.7595015631782 38.6776042514377 38.5957069396973 38.5138096279568 38.4319123162164 38.5321408589681 38.6930780198839 38.8540151807997 39.0149523417155 39.1758895026313 39.3368266635471 39.4977638244629 39.6991404215494 40.0218353271484 40.3445302327473 40.6672251383463 40.9899200439453 41.3126149495442 41.6353098551432 41.9580047607422 41.8846412658692 41.6792583041722 41.4738753424751 41.268492380778 41.063109419081 40.8577264573839 40.6523434956869 40.4418226453994 40.2158881293403 39.9899536132813 39.7640190972223 39.5380845811632 39.3121500651042 39.0862155490452 38.8602810329861 38.8579940795898 38.9302563137478 39.0025185479058 39.0747807820638 39.1470430162218 39.2193052503798 39.2915674845377 39.3488855150011 39.3613709343804 39.3738563537598
38.7330894470215 38.650931040446 38.5687726338705 38.4866142272949 38.4044558207194 38.3222974141439 38.4329948425293 38.607977549235 38.7829602559407 38.9579429626465 39.1329256693522 39.3079083760579 39.4828910827636 39.6918243408202 40.0026092529297 40.313394165039 40.6241790771484 40.9349639892578 41.2457489013671 41.5565338134765 41.8673187255859 41.8044425964356 41.6170127868653 41.429582977295 41.2421531677246 41.0547233581543 40.867293548584 40.6798637390137 40.4866780598959 40.2762247721354 40.065771484375 39.8553181966146 39.6448649088542 39.4344116210938 39.2239583333334 39.0135050455729 39.0049758911133 39.0637547810872 39.1225336710612 39.1813125610351 39.2400914510091 39.2988703409831 39.357649230957 39.4009717305501 39.3979250590006 39.3948783874512
