data/working_set_collections/6091692-Cassins_Sparrow-MC/1995/bio7.asc
NCOLS 265 
NROWS 230 
XLLCORNER -115.5625 
YLLCORNER 24.8333333333333 
CELLSIZE 0.0833333333333333 
NODATA_value -9999 
[rows 100 to 119 of 230, columns 184 to 229 of 265]
38.4316841125488 38.4787635803223 38.5258430480957 38.532096862793 38.5247421264649 38.5173873901367 38.5100326538086 38.5026779174805 38.4953231811524 38.4879684448242 38.4743593851725 38.4419873555501 38.4096153259277 38.3772432963054 38.344871266683 38.3124992370606 38.2801272074382 38.2477551778158 38.2294860839844 38.21591796875 38.2023498535156 38.1887817382813 38.1752136230469 38.1616455078125 38.1480773925781 38.121634165446 38.0565656026205 37.991497039795 37.9264284769694 37.8613599141439 37.7962913513184 37.7312227884929 37.6661542256673 37.634016418457 37.6128555297852 37.5916946411133 37.5705337524414 37.5493728637695 37.5282119750977 37.5070510864258 37.4911888122559 37.4912223815918 37.4912559509277 37.4912895202637 37.4913230895996 37.4913566589355
38.3813702901204 38.4327676561144 38.4841650221083 38.4917678833008 38.4847725762261 38.4777772691515 38.4707819620768 38.4637866550022 38.4567913479275 38.4497960408529 38.4359538608127 38.4015710618761 38.3671882629395 38.3328054640028 38.2984226650662 38.2640398661296 38.2296570671929 38.1952742682563 38.1734578450521 38.1558302137587 38.1382025824653 38.1205749511719 38.1029473198785 38.0853196885851 38.0676920572917 38.0385515848796 37.9748725891114 37.9111935933431 37.8475145975749 37.7838356018067 37.7201566060384 37.6564776102702 37.592798614502 37.5695439656576 37.5597640991211 37.5499842325846 37.5402043660482 37.5304244995117 37.5206446329753 37.5108647664388 37.5027921040853 37.4998410542806 37.4968900044759 37.4939389546712 37.4909879048665 37.4880368550618
38.3652051289876 38.4190635681152 38.4729220072428 38.4801358540853 38.4718015034993 38.4634671529134 38.4551328023275 38.4467984517415 38.4384641011556 38.4301297505697 38.4150349087185 38.3796585930718 38.3442822774251 38.3089059617784 38.2735296461317 38.238153330485 38.2027770148383 38.1674006991916 38.1435066223145 38.1234399583605 38.1033732944065 38.0833066304525 38.0632399664985 38.0431733025445 38.0231066385905 37.9935537550185 37.9355422125923 37.877530670166 37.8195191277398 37.7615075853136 37.7034960428874 37.6454845004612 37.587472958035 37.5672630310059 37.5596536424425 37.5520442538791 37.5444348653158 37.5368254767524 37.529216088189 37.5216066996257 37.5129481845432 37.5011422899034 37.4893363952637 37.4775305006239 37.4657246059842 37.4539187113444
38.3831886291504 38.4376513163249 38.4921140034993 38.4972007751465 38.4858289082845 38.4744570414225 38.4630851745605 38.4517133076986 38.4403414408366 38.4289695739746 38.41160252889 38.3762499491374 38.3408973693848 38.3055447896322 38.2701922098796 38.234839630127 38.1994870503744 38.1641344706218 38.1396324157715 38.1187472025553 38.0978619893392 38.0769767761231 38.0560915629069 38.0352063496908 38.0143211364746 37.9866406758626 37.9385744730632 37.8905082702637 37.8424420674642 37.7943758646647 37.7463096618652 37.6982434590658 37.6501772562663 37.627173614502 37.6125241597493 37.5978747049967 37.5832252502441 37.5685757954915 37.5539263407389 37.5392768859863 37.5216570536296 37.4951260884603 37.468595123291 37.4420641581218 37.4155331929525 37.3890022277832
38.4011721293131 38.4562390645345 38.5113059997558 38.5142656962077 38.4998563130697 38.4854469299316 38.4710375467936 38.4566281636556 38.4422187805176 38.4278093973796 38.4081701490614 38.3728413052029 38.3375124613444 38.3021836174859 38.2668547736274 38.2315259297689 38.1961970859104 38.1608682420519 38.1357582092285 38.1140544467502 38.0923506842719 38.0706469217936 38.0489431593153 38.027239396837 38.0055356343587 37.9797275967068 37.9416067335341 37.9034858703613 37.8653650071886 37.8272441440159 37.7891232808431 37.7510024176704 37.7128815544976 37.687084197998 37.6653946770562 37.6437051561144 37.6220156351725 37.6003261142307 37.5786365932888 37.556947072347 37.5303659227159 37.4891098870172 37.4478538513184 37.4065978156196 37.3653417799208 37.324085744222
38.4191556294759 38.4748268127441 38.5304979960124 38.5313306172689 38.5138837178548 38.4964368184408 38.4789899190267 38.4615430196126 38.4440961201986 38.4266492207845 38.4047377692329 38.3694326612684 38.334127553304 38.2988224453396 38.2635173373752 38.2282122294108 38.1929071214464 38.157602013482 38.1318840026856 38.1093616909451 38.0868393792047 38.0643170674642 38.0417947557237 38.0192724439833 37.9967501322428 37.972814517551 37.944638994005 37.916463470459 37.888287946913 37.860112423367 37.831936899821 37.803761376275 37.7755858527289 37.7469947814941 37.7182651943631 37.689535607232 37.6608060201009 37.6320764329698 37.6033468458388 37.5746172587077 37.5390747918023 37.483093685574 37.4271125793457 37.3711314731174 37.3151503668891 37.2591692606608
38.4371391296387 38.4934145609538 38.5496899922689 38.5483955383301 38.52791112264 38.5074267069499 38.4869422912598 38.4664578755697 38.4459734598796 38.4254890441894 38.4013053894043 38.366024017334 38.3307426452637 38.2954612731934 38.260179901123 38.2248985290527 38.1896171569824 38.1543357849121 38.1280097961426 38.10466893514 38.0813280741374 38.0579872131348 38.0346463521322 38.0113054911296 37.987964630127 37.9659014383952 37.9476712544759 37.9294410705566 37.9112108866374 37.8929807027181 37.8747505187988 37.8565203348795 37.8382901509603 37.8069053649902 37.7711357116699 37.7353660583496 37.6995964050293 37.663826751709 37.6280570983887 37.5922874450684 37.5477836608887 37.4770774841309 37.4063713073731 37.3356651306153 37.2649589538575 37.1942527770996
38.4551226298014 38.5120023091634 38.5688819885254 38.5654604593913 38.5419385274251 38.518416595459 38.4948946634928 38.4713727315267 38.4478507995605 38.4243288675944 38.3978730095757 38.3626153733995 38.3273577372233 38.2921001010471 38.2568424648709 38.2215848286947 38.1863271925184 38.1510695563422 38.1241355895996 38.0999761793349 38.0758167690701 38.0516573588054 38.0274979485406 38.0033385382758 37.9791791280111 37.9589883592394 37.9507035149468 37.9424186706543 37.9341338263618 37.9258489820692 37.9175641377767 37.9092792934842 37.9009944491916 37.8668159484863 37.8240062289768 37.7811965094672 37.7383867899577 37.6955770704481 37.6527673509386 37.609957631429 37.5564925299751 37.4710612826877 37.3856300354004 37.3001987881131 37.2147675408258 37.1293362935384
38.4667744954427 38.5232543945312 38.5797342936198 38.5756088256836 38.5512815687392 38.5269543117947 38.5026270548503 38.4782997979058 38.4539725409614 38.4296452840169 38.4025823805067 38.3673125372993 38.3320426940918 38.2967728508843 38.2615030076769 38.2262331644694 38.1909633212619 38.1556934780545 38.1285654703776 38.1041514078776 38.0797373453776 38.0553232828776 38.0309092203776 38.0064951578776 37.9820810953776 37.9645395067003 37.9676153394911 37.9706911722819 37.9737670050727 37.9768428378635 37.9799186706543 37.9829945034451 37.9860703362359 37.9446472167969 37.8883911132813 37.8321350097656 37.77587890625 37.7196228027344 37.6633666992188 37.6071105957031 37.5411510891385 37.4460813734267 37.3510116577149 37.2559419420031 37.1608722262913 37.0658025105794
38.4720947265625 38.5271708170573 38.5822469075521 38.578840637207 38.555940246582 38.533039855957 38.510139465332 38.487239074707 38.464338684082 38.441438293457 38.4154335021973 38.3801155090332 38.3447975158691 38.3094795227051 38.274161529541 38.238843536377 38.2035255432129 38.1682075500488 38.1412994384766 38.1171946207682 38.0930898030599 38.0689849853516 38.0448801676432 38.0207753499349 37.9966705322266 37.982554880778 37.9984067281087 38.0142585754394 38.0301104227702 38.0459622701009 38.0618141174316 38.0776659647623 38.0935178120931 38.0403991699219 37.9642903645833 37.8881815592448 37.8120727539063 37.7359639485677 37.6598551432292 37.5837463378906 37.5017593383789 37.4021377563477 37.3025161743164 37.2028945922852 37.1032730102539 37.0036514282227
38.4774149576823 38.5310872395833 38.5847595214844 38.5820724487305 38.5605989244249 38.5391254001194 38.5176518758138 38.4961783515082 38.4747048272027 38.4532313028971 38.4282846238878 38.3929184807672 38.3575523376465 38.3221861945258 38.2868200514052 38.2514539082845 38.2160877651638 38.1807216220432 38.1540334065755 38.1302378336589 38.1064422607422 38.0826466878255 38.0588511149089 38.0350555419922 38.0112599690755 38.0005702548557 38.0291981167263 38.057825978597 38.0864538404676 38.1150817023383 38.143709564209 38.1723374260796 38.2009652879503 38.1361511230469 38.0401896158854 37.944228108724 37.8482666015625 37.7523050944011 37.6563435872396 37.5603820800781 37.4623675876194 37.3581941392687 37.254020690918 37.1498472425673 37.0456737942166 36.9415003458659
38.4827351888021 38.5350036621094 38.5872721354167 38.5853042602539 38.5652576022678 38.5452109442817 38.5251642862956 38.5051176283095 38.4850709703233 38.4650243123372 38.4411357455783 38.4057214525011 38.3703071594238 38.3348928663466 38.2994785732693 38.2640642801921 38.2286499871148 38.1932356940376 38.1667673746745 38.1432810465495 38.1197947184245 38.0963083902995 38.0728220621745 38.0493357340495 38.0258494059245 38.0185856289334 38.059989505344 38.1013933817545 38.1427972581651 38.1842011345757 38.2256050109863 38.2670088873969 38.3084127638075 38.2319030761719 38.1160888671875 38.0002746582032 37.8844604492188 37.7686462402344 37.65283203125 37.5370178222657 37.4229758368598 37.3142505221897 37.2055252075195 37.0967998928494 36.9880745781793 36.8793492635091
38.4880554199219 38.5389200846354 38.5897847493489 38.5885360717773 38.5699162801107 38.551296488444 38.5326766967773 38.5140569051107 38.495437113444 38.4768173217773 38.4539868672689 38.418524424235 38.3830619812012 38.3475995381673 38.3121370951335 38.2766746520996 38.2412122090658 38.2057497660319 38.1795013427734 38.1563242594401 38.1331471761068 38.1099700927734 38.0867930094401 38.0636159261068 38.0404388427734 38.036601003011 38.0907808939616 38.1449607849121 38.1991406758626 38.2533205668131 38.3075004577636 38.3616803487142 38.4158602396647 38.3276550292969 38.1919881184896 38.0563212076823 37.920654296875 37.7849873860677 37.6493204752605 37.5136535644532 37.3835840861003 37.2703069051107 37.1570297241211 37.0437525431315 36.930475362142 36.8171981811524
38.4933756510417 38.5428365071614 38.5922973632812 38.5917678833008 38.5745749579536 38.5573820326063 38.5401891072591 38.5229961819119 38.5058032565647 38.4886103312175 38.4668379889594 38.431327395969 38.3958168029785 38.3603062099881 38.3247956169976 38.2892850240072 38.2537744310167 38.2182638380263 38.1922353108724 38.1693674723307 38.1464996337891 38.1236317952474 38.1007639567057 38.0778961181641 38.0550282796224 38.0546163770887 38.1215722825792 38.1885281880697 38.2554840935601 38.3224399990505 38.389395904541 38.4563518100314 38.5233077155219 38.4234069824219 38.2678873697917 38.1123677571615 37.9568481445313 37.8013285319011 37.6458089192709 37.4902893066407 37.3441923353408 37.2263632880317 37.1085342407227 36.9907051934137 36.8728761461046 36.7550470987956
38.4599487304688 38.5116475423177 38.5633463541667 38.5648190816244 38.5495497809516 38.5342804802789 38.5190111796061 38.5037418789334 38.4884725782606 38.4732032775879 38.453086174859 38.4184256659614 38.3837651570638 38.3491046481662 38.3144441392687 38.2797836303711 38.2451231214735 38.210462612576 38.1852734883626 38.1632414923774 38.1412094963922 38.1191775004069 38.0971455044217 38.0751135084364 38.0530815124512 38.0546722412109 38.1271311442057 38.1995900472005 38.2720489501953 38.3445078531901 38.4169667561849 38.4894256591797 38.5618845621745 38.4529797871908 38.2836204528809 38.114261118571 37.9449017842611 37.7755424499512 37.6061831156413 37.4368237813314 37.2792238871257 37.1569023132325 37.0345807393392 36.912259165446 36.7899375915528 36.6676160176595
38.3877746582031 38.4453531901042 38.5029317220052 38.5076896667481 38.4948407491048 38.4819918314616 38.4691429138184 38.4562939961751 38.4434450785319 38.4305961608887 38.4127314249675 38.3798192342123 38.346907043457 38.3139948527018 38.2810826619466 38.2481704711914 38.2152582804362 38.182346089681 38.1586158752442 38.1379463195801 38.117276763916 38.096607208252 38.0759376525879 38.0552680969238 38.0345985412598 38.0367685953776 38.1074574788411 38.1781463623047 38.2488352457682 38.3195241292318 38.3902130126953 38.4609018961588 38.5315907796224 38.4163734436036 38.2391873677572 38.0620012919109 37.8848152160645 37.7076291402182 37.5304430643718 37.3532569885254 37.1886787414551 37.061923980713 36.9351692199707 36.8084144592286 36.6816596984864 36.5549049377442
38.3156005859375 38.3790588378906 38.4425170898437 38.4505602518717 38.440131717258 38.4297031826443 38.4192746480306 38.4088461134169 38.3984175788032 38.3879890441895 38.372376675076 38.3412128024631 38.3100489298503 38.2788850572374 38.2477211846246 38.2165573120117 38.1853934393989 38.154229566786 38.1319582621257 38.1126511467828 38.0933440314399 38.074036916097 38.0547298007541 38.0354226854112 38.0161155700684 38.0188649495443 38.0877838134765 38.1567026774088 38.2256215413411 38.2945404052734 38.3634592692057 38.432378133138 38.5012969970703 38.3797671000163 38.1947542826335 38.0097414652507 37.8247286478679 37.6397158304851 37.4547030131023 37.2696901957194 37.0981335957846 36.9669456481934 36.8357577006023 36.7045697530111 36.57338180542 36.4421938578288
38.2434265136719 38.3127644856771 38.3821024576823 38.3934308369954 38.3854226854112 38.377414533827 38.3694063822428 38.3613982306586 38.3533900790744 38.3453819274902 38.3320219251845 38.302606370714 38.2731908162435 38.243775261773 38.2143597073025 38.184944152832 38.1555285983616 38.1261130438911 38.1053006490072 38.0873559739855 38.0694112989638 38.0514666239421 38.0335219489204 38.0155772738987 37.997632598877 38.0009613037109 38.068110148112 38.135258992513 38.202407836914 38.2695566813151 38.3367055257161 38.4038543701172 38.4710032145182 38.3431607564291 38.1503211975098 37.9574816385906 37.7646420796713 37.571802520752 37.3789629618327 37.1861234029135 37.007588450114 36.8719673156739 36.7363461812338 36.6007250467937 36.4651039123536 36.3294827779135
38.1712524414062 38.2464701334635 38.3216878255208 38.3363014221192 38.3307136535645 38.3251258850098 38.3195381164551 38.3139503479004 38.3083625793457 38.302774810791 38.291667175293 38.2639999389649 38.2363327026367 38.2086654663086 38.1809982299805 38.1533309936524 38.1256637573242 38.0979965209961 38.0786430358887 38.0620608011882 38.0454785664876 38.0288963317871 38.0123140970866 37.9957318623861 37.9791496276856 37.9830576578776 38.0484364827474 38.1138153076172 38.179194132487 38.2445729573568 38.3099517822266 38.3753306070963 38.4407094319661 38.3065544128418 38.1058881123861 37.9052218119304 37.7045555114747 37.5038892110189 37.3032229105632 37.1025566101075 36.9170433044434 36.7769889831544 36.6369346618653 36.4968803405762 36.3568260192872 36.2167716979981
38.0990783691406 38.18017578125 38.2612731933594 38.2791720072428 38.2760046217177 38.2728372361925 38.2696698506673 38.2665024651421 38.263335079617 38.2601676940918 38.2513124254015 38.2253935072157 38.19947458903 38.1735556708442 38.1476367526584 38.1217178344727 38.0957989162869 38.0698799981011 38.0519854227702 38.0367656283908 38.0215458340115 38.0063260396322 37.9911062452528 37.9758864508735 37.9606666564942 37.9651540120443 38.0287628173828 38.0923716227214 38.1559804280599 38.2195892333984 38.283198038737 38.3468068440755 38.410415649414 38.2699480692546 38.0614550272624 37.8529619852702 37.644468943278 37.4359759012859 37.2274828592937 37.0189898173015 36.8264981587728 36.6820106506348 36.5375231424968 36.3930356343588 36.2485481262208 36.1040606180827
