data/working_set_collections/6091692-Cassins_Sparrow-MC/1995/bio7.asc
NCOLS 265 
NROWS 230 
XLLCORNER -115.5625 
YLLCORNER 24.8333333333333 
CELLSIZE 0.0833333333333333 
NODATA_value -9999 
[rows 20 to 39 of 230, columns 46 to 91 of 265]
38.6247800191244 38.5423605177138 38.4599410163032 38.3775215148926 38.295102013482 38.2126825120714 38.3338488260905 38.5228770785861 38.7119053310818 38.9009335835775 39.0899618360731 39.2789900885688 39.4680183410644 39.6845082600911 39.9833831787109 40.2822580973307 40.5811330159505 40.8800079345703 41.1788828531901 41.4777577718098 41.7766326904297 41.724243927002 41.5547672695584 41.3852906121148 41.2158139546713 41.0463372972277 40.8768606397841 40.7073839823405 40.5315334743924 40.3365614149306 40.1415893554688 39.946617296007 39.7516452365452 39.5566731770834 39.3617011176215 39.1667290581597 39.1519577026367 39.1972532484266 39.2425487942166 39.2878443400065 39.3331398857964 39.3784354315864 39.4237309773763 39.4530579460992 39.4344791836209 39.4159004211426
38.5164705912272 38.4337899949816 38.3511093987359 38.2684288024903 38.1857482062446 38.1030676099989 38.2347028096517 38.4377766079372 38.6408504062229 38.8439242045084 39.046998002794 39.2500718010796 39.4531455993652 39.6771921793619 39.9641571044922 40.2511220296224 40.5380869547525 40.8250518798828 41.112016805013 41.3989817301432 41.6859466552734 41.6440452575684 41.4925217522516 41.3409982469347 41.1894747416179 41.037951236301 40.8864277309842 40.7349042256673 40.5763888888889 40.3968980577257 40.2174072265625 40.0379163953993 39.8584255642361 39.6789347330729 39.4994439019097 39.3199530707465 39.2989395141601 39.330751715766 39.3625639173719 39.3943761189778 39.4261883205837 39.4580005221896 39.4898127237956 39.5051441616482 39.4710333082411 39.436922454834
38.4081611633301 38.3252194722494 38.2422777811687 38.1593360900879 38.0763943990072 37.9934527079265 38.1355567932129 38.3526761372884 38.5697954813639 38.7869148254394 39.0040341695149 39.2211535135905 39.438272857666 39.6698760986327 39.9449310302734 40.219985961914 40.4950408935546 40.7700958251953 41.0451507568359 41.3202056884765 41.5952606201172 41.5638465881348 41.4302762349447 41.2967058817546 41.1631355285645 41.0295651753744 40.8959948221843 40.7624244689942 40.6212443033854 40.4572347005208 40.2932250976563 40.1292154947917 39.9652058919271 39.8011962890625 39.6371866861979 39.4731770833333 39.4459213256836 39.4642501831054 39.4825790405273 39.5009078979492 39.5192367553711 39.537565612793 39.5558944702148 39.5572303771973 39.5075874328613 39.4579444885254
38.299851735433 38.2166489495172 38.1334461636014 38.0502433776856 37.9670405917698 37.883837805854 38.0364107767741 38.2675756666395 38.498740556505 38.7299054463704 38.9610703362358 39.1922352261013 39.4234001159668 39.6625600179036 39.9257049560547 40.1888498942057 40.4519948323567 40.7151397705078 40.9782847086588 41.2414296468098 41.5045745849609 41.4836479187012 41.3680307176378 41.2524135165744 41.1367963155111 41.0211791144477 40.9055619133843 40.789944712321 40.666099717882 40.517571343316 40.36904296875 40.220514594184 40.0719862196181 39.9234578450521 39.7749294704861 39.6264010959201 39.592903137207 39.5977486504449 39.6025941636827 39.6074396769206 39.6122851901584 39.6171307033963 39.6219762166341 39.6093165927463 39.5441415574816 39.4789665222168
38.2403399149577 38.1577203538683 38.0751007927789 37.9924812316895 37.9098616706001 37.8272421095106 37.971351369222 38.1910369025336 38.4107224358453 38.6304079691569 38.8500935024685 39.0697790357802 39.2894645690918 39.5141721089681 39.7539456685384 39.9937192281087 40.233492787679 40.4732663472494 40.7130399068197 40.95281346639 41.1925870259603 41.1829017639161 41.0900635613336 40.9972253587512 40.9043871561687 40.8115489535862 40.7187107510037 40.6258725484213 40.5239978366429 40.3950135972765 40.2660293579102 40.1370451185439 40.0080608791776 39.8790766398112 39.7500924004449 39.6211081610786 39.5911501566569 39.5942008972168 39.5972516377767 39.6003023783366 39.6033531188965 39.6064038594564 39.6094546000163 39.5961176554362 39.5336176554362 39.4711176554362
38.2296257019043 38.1484336853028 38.0672416687012 37.9860496520996 37.9048576354981 37.8236656188965 37.9403785705566 38.1230598449707 38.3057411193848 38.4884223937988 38.6711036682129 38.853784942627 39.036466217041 39.2247123718262 39.4296531677246 39.6345939636231 39.8395347595215 40.04447555542 40.2494163513184 40.4543571472168 40.6592979431153 40.6616081237794 40.596374766032 40.5311414082846 40.4659080505372 40.4006746927898 40.3354413350424 40.270207977295 40.194938659668 40.0895614624024 39.9841842651368 39.8788070678712 39.7734298706055 39.6680526733399 39.5626754760743 39.4572982788086 39.4406623840332 39.4536069234212 39.4665514628093 39.4794960021973 39.4924405415853 39.5053850809733 39.5183296203613 39.517633565267 39.4760157267253 39.4343978881836
38.2189114888509 38.1391470167372 38.0593825446235 37.9796180725098 37.8998536003961 37.8200891282823 37.9094057718913 38.0550827874077 38.2007598029243 38.3464368184408 38.4921138339572 38.6377908494738 38.7834678649902 38.9352526346842 39.1053606669108 39.2754686991374 39.445576731364 39.6156847635905 39.7857927958171 39.9559008280437 40.1260088602702 40.1403144836427 40.1026859707303 40.065057457818 40.0274289449057 39.9898004319933 39.952171919081 39.9145434061687 39.8658794826932 39.7841093275283 39.7023391723633 39.6205690171984 39.5387988620335 39.4570287068685 39.3752585517036 39.2934883965387 39.2901746114095 39.3130129496257 39.3358512878418 39.358689626058 39.3815279642741 39.4043663024902 39.4272046407064 39.4391494750977 39.4184137980143 39.397678120931
38.2081972757975 38.1298603481717 38.0515234205458 37.9731864929199 37.8948495652941 37.8165126376682 37.8784329732259 37.9871057298448 38.0957784864638 38.2044512430827 38.3131239997016 38.4217967563205 38.5304695129395 38.6457928975423 38.781068166097 38.9163434346517 39.0516187032064 39.1868939717611 39.3221692403158 39.4574445088705 39.5927197774252 39.6190208435059 39.6089971754287 39.5989735073514 39.5889498392741 39.5789261711969 39.5689025031196 39.5588788350424 39.5368203057184 39.4786571926541 39.4204940795899 39.3623309665256 39.3041678534614 39.2460047403972 39.1878416273329 39.1296785142687 39.1396868387858 39.1724189758301 39.2051511128744 39.2378832499186 39.2706153869629 39.3033475240072 39.3360796610514 39.3606653849284 39.3608118693034 39.3609583536784
38.1974830627442 38.1205736796061 38.0436642964681 37.9667549133301 37.8898455301921 37.812936147054 37.8474601745605 37.9191286722819 37.9907971700033 38.0624656677246 38.134134165446 38.2058026631673 38.2774711608887 38.3563331604004 38.4567756652833 38.557218170166 38.6576606750489 38.7581031799317 38.8585456848145 38.9589881896973 39.0594306945802 39.0977272033692 39.115308380127 39.1328895568848 39.1504707336426 39.1680519104005 39.1856330871583 39.2032142639161 39.2077611287435 39.17320505778 39.1386489868165 39.1040929158529 39.0695368448894 39.0349807739258 39.0004247029623 38.9658686319987 38.9891990661621 39.0318250020345 39.0744509379069 39.1170768737793 39.1597028096517 39.2023287455241 39.2449546813965 39.2821812947591 39.3032099405925 39.3242385864258
38.1867688496908 38.1112870110406 38.0358051723904 37.9603233337402 37.8848414950901 37.8093596564399 37.8164873758952 37.851151614719 37.8858158535428 37.9204800923666 37.9551443311903 37.9898085700141 38.0244728088379 38.0668734232585 38.1324831644694 38.1980929056804 38.2637026468913 38.3293123881023 38.3949221293132 38.4605318705241 38.5261416117351 38.5764335632325 38.6216195848254 38.6668056064183 38.7119916280111 38.757177649604 38.8023636711969 38.8475496927897 38.8787019517687 38.8677529229059 38.856803894043 38.8458548651802 38.8349058363173 38.8239568074545 38.8130077785916 38.8020587497288 38.8387112935384 38.8912310282389 38.9437507629395 38.99627049764 39.0487902323405 39.101309967041 39.1538297017415 39.2036972045898 39.2456080118815 39.2875188191732
38.1242612202962 38.0604947408041 37.9967282613119 37.9329617818197 37.8691953023275 37.8054288228353 37.7909639994303 37.7929330613878 37.7949021233453 37.7968711853027 37.7988402472602 37.8008093092177 37.8027783711752 37.8175572713216 37.8707656860352 37.9239741007487 37.9771825154622 38.0303909301758 38.0835993448893 38.1368077596029 38.1900161743164 38.2518608093262 38.3165841844347 38.3813075595432 38.4460309346517 38.5107543097602 38.5754776848687 38.6402010599772 38.6900472005208 38.6952616373698 38.7004760742188 38.7056905110677 38.7109049479167 38.7161193847656 38.7213338216146 38.7265482584635 38.7704999287923 38.827364010281 38.8842280917697 38.9410921732585 38.9979562547472 39.0548203362359 39.1116844177246 39.1668041653103 39.2166909111871 39.2665776570638
38.0099601745606 37.9681968688965 37.9264335632324 37.8846702575684 37.8429069519043 37.8011436462402 37.770890045166 37.7444730122884 37.7180559794108 37.6916389465332 37.6652219136556 37.638804880778 37.6123878479004 37.6083847045899 37.6716232299805 37.7348617553711 37.7981002807617 37.8613388061524 37.924577331543 37.9878158569336 38.0510543823242 38.1240089416504 38.2002021789551 38.2763954162598 38.3525886535645 38.4287818908691 38.5049751281738 38.5811683654785 38.641796875 38.6557312011719 38.6696655273438 38.6835998535156 38.6975341796875 38.7114685058594 38.7254028320312 38.7393371582031 38.7845649719238 38.8402239481608 38.8958829243978 38.9515419006348 39.0072008768717 39.0628598531087 39.1185188293457 39.1715021769206 39.2164586385091 39.2614151000977
37.8956591288249 37.875898996989 37.856138865153 37.8363787333171 37.8166186014811 37.7968584696452 37.7508160909017 37.696012963189 37.6412098354764 37.5864067077637 37.531603580051 37.4768004523384 37.4219973246257 37.3992121378581 37.4724807739258 37.5457494099935 37.6190180460612 37.6922866821289 37.7655553181966 37.8388239542643 37.912092590332 37.9961570739746 38.0838201734755 38.1714832729763 38.2591463724772 38.3468094719781 38.434472571479 38.5221356709798 38.5935465494792 38.616200764974 38.6388549804688 38.6615091959635 38.6841634114583 38.7068176269531 38.7294718424479 38.7521260579427 38.7986300150553 38.8530838860406 38.9075377570258 38.9619916280111 39.0164454989963 39.0708993699815 39.1253532409668 39.1762001885308 39.2162263658312 39.2562525431315
37.7813580830892 37.7836011250814 37.7858441670736 37.7880872090658 37.7903302510579 37.7925732930501 37.7307421366374 37.6475529140897 37.5643636915419 37.4811744689942 37.3979852464464 37.3147960238987 37.231606801351 37.1900395711263 37.2733383178711 37.3566370646159 37.4399358113607 37.5232345581055 37.6065333048503 37.689832051595 37.7731307983398 37.8683052062988 37.9674381679959 38.0665711296929 38.16570409139 38.264837053087 38.3639700147841 38.4631029764811 38.5452962239583 38.576670328776 38.6080444335937 38.6394185384114 38.6707926432292 38.7021667480469 38.7335408528646 38.7649149576823 38.8126950581868 38.8659438239203 38.9191925896539 38.9724413553874 39.0256901211209 39.0789388868544 39.1321876525879 39.180898200141 39.2159940931532 39.2510899861654
37.6670570373535 37.6913032531738 37.7155494689942 37.7397956848145 37.7640419006348 37.7882881164551 37.7106681823731 37.5990928649903 37.4875175476074 37.3759422302247 37.2643669128419 37.152791595459 37.0412162780762 36.9808670043945 37.0741958618164 37.1675247192383 37.2608535766602 37.354182434082 37.4475112915039 37.5408401489258 37.6341690063477 37.740453338623 37.8510561625163 37.9616589864095 38.0722618103027 38.182864634196 38.2934674580892 38.4040702819824 38.4970458984375 38.5371398925781 38.5772338867187 38.6173278808594 38.657421875 38.6975158691406 38.7376098632812 38.7777038574219 38.8267601013183 38.8788037618001 38.9308474222819 38.9828910827637 39.0349347432454 39.0869784037272 39.139022064209 39.1855962117513 39.2157618204753 39.2459274291992
37.5527559916179 37.5990053812663 37.6452547709147 37.6915041605631 37.7377535502116 37.78400293986 37.6905942281088 37.5506328158909 37.410671403673 37.2707099914551 37.1307485792372 36.9907871670194 36.8508257548015 36.7716944376628 36.8750534057617 36.9784123738607 37.0817713419596 37.1851303100586 37.2884892781576 37.3918482462565 37.4952072143555 37.6126014709473 37.7346741570367 37.8567468431261 37.9788195292155 38.1008922153049 38.2229649013943 38.3450375874837 38.4487955729167 38.4976094563802 38.5464233398437 38.5952372233073 38.6440511067708 38.6928649902344 38.7416788736979 38.7904927571615 38.8408251444499 38.8916636996799 38.9425022549099 38.99334081014 39.04417936537 39.0950179206 39.1458564758301 39.1902942233615 39.2155295477973 39.2407648722331
37.4931531270345 37.5522382100423 37.6113232930501 37.6704083760579 37.7294934590657 37.7885785420736 37.7029942830404 37.5691869099935 37.4353795369466 37.3015721638997 37.1677647908529 37.033957417806 36.9001500447591 36.8272112528482 36.9368782043457 37.046545155843 37.1562121073404 37.2658790588378 37.3755460103352 37.4852129618326 37.59487991333 37.7071243286132 37.8202278984917 37.9333314683702 38.0464350382486 38.1595386081271 38.2726421780056 38.3857457478841 38.4820350646972 38.5278816223144 38.5737281799316 38.6195747375488 38.665421295166 38.7112678527832 38.7571144104004 38.8029609680176 38.8439313252767 38.8832762824164 38.9226212395562 38.961966196696 39.0013111538357 39.0406561109755 39.0800010681152 39.1160591973199 39.1422568427192 39.1684544881185
37.4882484436035 37.5510017395019 37.6137550354004 37.6765083312988 37.7392616271973 37.8020149230957 37.747868347168 37.6547551472982 37.5616419474284 37.4685287475586 37.3754155476888 37.282302347819 37.1891891479492 37.1474174499511 37.2596702575683 37.3719230651855 37.4841758728027 37.5964286804199 37.708681488037 37.8209342956542 37.9331871032714 38.024021911621 38.1077173868814 38.1914128621419 38.2751083374023 38.3588038126627 38.4424992879231 38.5261947631836 38.5967643737793 38.6279563903808 38.6591484069824 38.690340423584 38.7215324401855 38.7527244567871 38.7839164733887 38.8151084899902 38.8360786437988 38.8536415100098 38.8712043762207 38.8887672424316 38.9063301086426 38.9238929748535 38.9414558410645 38.9628911336263 38.9959437052409 39.0289962768555
37.4833437601725 37.5497652689616 37.6161867777506 37.6826082865397 37.7490297953288 37.8154513041178 37.7927424112956 37.7403233846029 37.6879043579101 37.6354853312174 37.5830663045247 37.530647277832 37.4782282511393 37.467623647054 37.582462310791 37.6973009745279 37.8121396382649 37.9269783020019 38.0418169657389 38.1566556294758 38.2714942932128 38.3409194946288 38.3952068752712 38.4494942559136 38.503781636556 38.5580690171983 38.6123563978407 38.666643778483 38.7114936828613 38.7280311584473 38.7445686340332 38.7611061096191 38.7776435852051 38.794181060791 38.810718536377 38.8272560119629 38.828225962321 38.8240067376031 38.8197875128852 38.8155682881673 38.8113490634494 38.8071298387316 38.8029106140137 38.8097230699327 38.8496305677626 38.8895380655925
37.4784390767415 37.5485287984212 37.6186185201009 37.6887082417806 37.7587979634603 37.82888768514 37.8376164754232 37.8258916219075 37.8141667683919 37.8024419148763 37.7907170613607 37.778992207845 37.7672673543294 37.7878298441568 37.9052543640136 38.0226788838704 38.1401034037272 38.2575279235839 38.3749524434407 38.4923769632975 38.6098014831542 38.6578170776367 38.682696363661 38.7075756496853 38.7324549357096 38.7573342217339 38.7822135077582 38.8070927937825 38.8262229919433 38.8281059265137 38.829988861084 38.8318717956543 38.8337547302246 38.8356376647949 38.8375205993652 38.8394035339355 38.8203732808431 38.7943719651964 38.7683706495497 38.742369333903 38.7163680182563 38.6903667026096 38.6643653869629 38.6565550062392 38.7033174302843 38.7500798543294
