data/working_set_collections/6091692-Cassins_Sparrow-MC/1995/bio8.asc
NCOLS 265 
NROWS 230 
XLLCORNER -115.5625 
YLLCORNER 24.8333333333333 
CELLSIZE 0.0833333333333333 
NODATA_value -9999 
[rows 20 to 39 of 230, columns 138 to 183 of 265]
16.2421716213224 17.0178402741749 17.7935089270272 18.5691775798795 18.7963234742482 18.8406284491221 18.8849334239959 18.9292383988698 18.9735433737437 19.0178483486175 19.0621533234914 19.0901864846547 19.0694042046865 19.0486219247182 19.02783964475 19.0070573647817 18.9862750848134 18.9654928048452 18.9447105248769 18.9578565120697 18.9823119216495 19.0067673312293 19.0312227408091 19.0556781503889 19.0801335599687 19.1045889695485 19.1388510862986 19.2025333245595 19.2662155628204 19.3298978010813 19.3935800393422 19.4572622776031 19.520944515864 19.5846267541249 19.6373356024424 19.6863866541121 19.7354377057817 19.7844887574514 19.833539809121 19.8825908607907 19.9316419124603 19.9665676275889 19.9591173330943 19.9516670385996 19.944216744105 19.9367664496104
16.3818968296049 17.1455638090768 17.9092307885486 18.6728977680204 18.890351597468 18.9257343769073 18.9611171563466 18.9964999357859 19.0318827152252 19.0672654946645 19.1026482741038 19.1241985479991 19.1042513052622 19.0843040625254 19.0643568197886 19.0444095770518 19.024462334315 19.0045150915782 18.9845678488414 18.9946384906769 19.0147150940365 19.0347916973962 19.0548683007558 19.0749449041155 19.0950215074751 19.1150981108348 19.1462747097015 19.2107512950897 19.2752278804779 19.3397044658661 19.4041810512543 19.4686576366424 19.5331342220306 19.5976108074188 19.6506955941518 19.6999831146664 19.749270635181 19.7985581556956 19.8478456762102 19.8971331967248 19.9464207172394 19.9820886452993 19.9768977959951 19.9717069466909 19.9665160973867 19.9613252480825
16.5216220378873 17.2732873439787 18.02495265007 18.7766179561613 18.9843797206878 19.0108403046926 19.0373008886973 19.063761472702 19.0902220567067 19.1166826407115 19.1431432247162 19.1582106113434 19.139098405838 19.1199862003326 19.1008739948273 19.0817617893219 19.0626495838165 19.0435373783112 19.0244251728058 19.031420469284 19.0471182664235 19.062816063563 19.0785138607025 19.094211657842 19.1099094549815 19.125607252121 19.1536983331044 19.2189692656199 19.2842401981354 19.3495111306508 19.4147820631663 19.4800529956817 19.5453239281972 19.6105948607127 19.6640555858612 19.7135795752207 19.7631035645803 19.8126275539398 19.8621515432993 19.9116755326589 19.9611995220184 19.9976096630096 19.9946782588959 19.9917468547821 19.9888154506683 19.9858840465546
16.6613472461698 17.4010108788807 18.1406745115914 18.8803381443021 19.0784078439077 19.0959462324778 19.113484621048 19.1310230096181 19.1485613981883 19.1660997867584 19.1836381753286 19.1922226746877 19.1739455064138 19.1556683381398 19.1373911698659 19.119114001592 19.1008368333181 19.0825596650441 19.0642824967702 19.0682024478912 19.0795214388106 19.0908404297299 19.1021594206492 19.1134784115685 19.1247974024879 19.1361163934072 19.1611219565073 19.2271872361501 19.2932525157928 19.3593177954356 19.4253830750783 19.4914483547211 19.5575136343638 19.6235789140065 19.6774155775706 19.7271760357751 19.7769364939795 19.826696952184 19.8764574103885 19.926217868593 19.9759783267975 20.01313068072 20.0124587217967 20.0117867628733 20.01111480395 20.0104428450266
16.9079218467074 17.587971138954 18.2680204312005 18.948069723447 19.1295886039734 19.1449306805929 19.1602727572123 19.1756148338318 19.1909569104512 19.2062989870707 19.2216410636902 19.2296973917219 19.2158964739905 19.2020955562592 19.1882946385278 19.1744937207964 19.160692803065 19.1468918853336 19.1330909676022 19.1369998137156 19.146811914444 19.1566240151723 19.1664361159007 19.176248216629 19.1860603173574 19.1958724180857 19.2192356851366 19.2832524511549 19.3472692171732 19.4112859831916 19.4753027492099 19.5393195152283 19.6033362812466 19.6673530472649 19.7190975348155 19.7667512628767 19.814404990938 19.8620587189992 19.9097124470605 19.9573661751217 20.005019903183 20.0406875769297 20.0403970877329 20.0401065985362 20.0398161093394 20.0395256201426
17.2613458395002 17.8341681241988 18.4069904088972 18.9798126935957 19.137922000885 19.1577936490377 19.1776652971903 19.197536945343 19.2174085934957 19.2372802416483 19.257151889801 19.2706347624461 19.2649513085683 19.2592678546905 19.2535844008128 19.247900946935 19.2422174930572 19.2365340391795 19.2308505853017 19.2378125667572 19.2489896933238 19.2601668198903 19.2713439464569 19.2825210730235 19.29369819959 19.3048753261566 19.3280395189921 19.3871649106343 19.4462903022766 19.5054156939188 19.5645410855611 19.6236664772033 19.6827918688456 19.7419172604878 19.7891014575958 19.8323052565257 19.8755090554555 19.9187128543854 19.9619166533152 20.0051204522451 20.0483242511749 20.0802803516388 20.0784933567047 20.0767063617706 20.0749193668365 20.0731323719025
17.614769832293 18.0803651094435 18.545960386594 19.0115556637445 19.1462553977966 19.1706566174825 19.1950578371684 19.2194590568542 19.2438602765401 19.268261496226 19.2926627159119 19.3115721331702 19.3140061431461 19.3164401531219 19.3188741630978 19.3213081730737 19.3237421830495 19.3261761930254 19.3286102030012 19.3386253197988 19.3511674722036 19.3637096246083 19.3762517770131 19.3887939294179 19.4013360818227 19.4138782342275 19.4368433528476 19.4910773701138 19.5453113873799 19.5995454046461 19.6537794219123 19.7080134391784 19.7622474564446 19.8164814737108 19.8591053803762 19.8978592501746 19.9366131199731 19.9753669897715 20.01412085957 20.0528747293684 20.0916285991669 20.1198731263479 20.1165896256765 20.1133061250051 20.1100226243337 20.1067391236623
17.9681938250858 18.3265620946883 18.6849303642908 19.0432986338932 19.1545887947082 19.1835195859273 19.2124503771464 19.2413811683655 19.2703119595845 19.2992427508036 19.3281735420227 19.3525095038944 19.3630609777239 19.3736124515533 19.3841639253828 19.3947153992123 19.4052668730418 19.4158183468713 19.4263698207007 19.4394380728404 19.4533452510834 19.4672524293264 19.4811596075694 19.4950667858124 19.5089739640554 19.5228811422984 19.5456471867031 19.5949898295932 19.6443324724833 19.6936751153734 19.7430177582635 19.7923604011535 19.8417030440436 19.8910456869337 19.9291093031565 19.9634132438236 19.9977171844906 20.0320211251577 20.0663250658247 20.1006290064918 20.1349329471588 20.1594659010569 20.1546858946482 20.1499058882395 20.1451258818309 20.1403458754222
18.3216178178786 18.5727590799331 18.8239003419875 19.075041604042 19.1629221916199 19.1963825543721 19.2298429171244 19.2633032798767 19.296763642629 19.3302240053813 19.3636843681335 19.3934468746185 19.4121158123016 19.4307847499847 19.4494536876678 19.4681226253509 19.486791563034 19.5054605007171 19.5241294384002 19.5402508258819 19.5555230299632 19.5707952340444 19.5860674381256 19.6013396422068 19.616611846288 19.6318840503692 19.6544510205586 19.6989022890726 19.7433535575866 19.7878048261006 19.8322560946146 19.8767073631286 19.9211586316426 19.9656099001566 19.9991132259369 20.0289672374725 20.0588212490082 20.0886752605438 20.1185292720795 20.1483832836151 20.1782372951507 20.199058675766 20.19278216362 20.186505651474 20.180229139328 20.173952627182
18.6750418106714 18.8189560651779 18.9628703196843 19.1067845741907 19.1712555885315 19.209245522817 19.2472354571024 19.2852253913879 19.3232153256734 19.3612052599589 19.3991951942444 19.4343842453427 19.4611706468794 19.4879570484161 19.5147434499529 19.5415298514896 19.5683162530263 19.595102654563 19.6218890560998 19.6410635789235 19.657700808843 19.6743380387624 19.6909752686818 19.7076124986013 19.7242497285207 19.7408869584401 19.7632548544142 19.8028147485521 19.84237464269 19.8819345368279 19.9214944309658 19.9610543251037 20.0006142192417 20.0401741133796 20.0691171487172 20.0945212311215 20.1199253135257 20.14532939593 20.1707334783342 20.1961375607384 20.2215416431427 20.2386514504751 20.2308784325918 20.2231054147084 20.2153323968252 20.2075593789419
18.8478657563527 18.9387072404226 19.0295487244924 19.1203902085622 19.1761770089467 19.2202789147695 19.2643808205922 19.308482726415 19.3525846322377 19.3966865380605 19.4407884438832 19.4818346394433 19.5137137042151 19.545592768987 19.5774718337589 19.6093508985307 19.6412299633026 19.6731090280745 19.7049880928463 19.7271300474803 19.7460262987349 19.7649225499895 19.7838188012441 19.8027150524987 19.8216113037533 19.8405075550079 19.8638859589894 19.9007108211517 19.937535683314 19.9743605454763 20.0111854076385 20.0480102698008 20.0848351319631 20.1216599941253 20.1481444994608 20.1711822191874 20.194219938914 20.2172576586405 20.2402953783671 20.2633330980937 20.2863708178202 20.3018071545495 20.2944393422868 20.2870715300242 20.2797037177616 20.2723359054989
18.8400896549225 18.9320126056671 19.0239355564117 19.1158585071563 19.1776864528656 19.2294827302297 19.2812790075938 19.3330752849579 19.384871562322 19.4366678396861 19.4884641170502 19.5357980569204 19.5697449843089 19.6036919116974 19.6376388390859 19.6715857664744 19.7055326938629 19.7394796212514 19.7734265486399 19.7984502315521 19.8204994996389 19.8425487677256 19.8645980358124 19.8866473038991 19.9086965719859 19.9307458400726 19.9563443342844 19.9925905068715 20.0288366794586 20.0650828520457 20.1013290246327 20.1375751972198 20.1738213698069 20.210067542394 20.2361952781677 20.2589502016703 20.2817051251729 20.3044600486755 20.3272149721781 20.3499698956807 20.3727248191833 20.3885257879893 20.3834648927053 20.3784039974212 20.3733431021372 20.3682822068532
18.8323135534922 18.9253179709116 19.0183223883311 19.1113268057505 19.1791958967845 19.2386865456899 19.2981771945953 19.3576678435008 19.4171584924062 19.4766491413116 19.5361397902171 19.5897614743974 19.6257762644026 19.6617910544077 19.6978058444129 19.733820634418 19.7698354244232 19.8058502144284 19.8418650044335 19.869770415624 19.8949727005429 19.9201749854617 19.9453772703806 19.9705795552995 19.9957818402184 20.0209841251373 20.0488027095794 20.0844701925913 20.1201376756032 20.1558051586151 20.191472641627 20.2271401246389 20.2628076076507 20.2984750906626 20.3242460568746 20.3467181841532 20.3691903114319 20.3916624387105 20.4141345659892 20.4366066932678 20.4590788205465 20.4752444214291 20.4724904431237 20.4697364648183 20.4669824865129 20.4642285082075
18.8245374520619 18.9186233361562 19.0127092202504 19.1067951043447 19.1807053407033 19.2478903611501 19.3150753815969 19.3822604020436 19.4494454224904 19.5166304429372 19.583815463384 19.6437248918745 19.6818075444963 19.7198901971181 19.7579728497399 19.7960555023617 19.8341381549835 19.8722208076053 19.9103034602271 19.9410905996958 19.9694459014469 19.9978012031979 20.0261565049489 20.0545118067 20.082867108451 20.111222410202 20.1412610848745 20.1763498783111 20.2114386717478 20.2465274651845 20.2816162586212 20.3167050520579 20.3517938454946 20.3868826389313 20.4122968355814 20.4344861666361 20.4566754976908 20.4788648287455 20.5010541598002 20.5232434908549 20.5454328219096 20.5619630548689 20.5615159935421 20.5610689322154 20.5606218708886 20.5601748095618
18.8167613506317 18.9119287014007 19.0070960521698 19.1022634029388 19.1822147846222 19.2570941766103 19.3319735685984 19.4068529605865 19.4817323525746 19.5566117445628 19.6314911365509 19.6976883093516 19.73783882459 19.7779893398285 19.8181398550669 19.8582903703054 19.8984408855438 19.9385914007822 19.9787419160207 20.0124107837677 20.0439191023509 20.075427420934 20.1069357395172 20.1384440581004 20.1699523766835 20.2014606952667 20.2337194601695 20.2682295640309 20.3027396678924 20.3372497717539 20.3717598756154 20.4062699794769 20.4407800833384 20.4752901871999 20.5003476142883 20.522254149119 20.5441606839498 20.5660672187805 20.5879737536112 20.609880288442 20.6317868232727 20.6486816883087 20.6505415439606 20.6524013996124 20.6542612552643 20.6561211109161
18.8089852492014 18.9052340666453 19.0014828840891 19.097731701533 19.183724228541 19.2662979920705 19.3488717556 19.4314455191294 19.5140192826589 19.5965930461883 19.6791668097178 19.7516517268287 19.7938701046838 19.8360884825388 19.8783068603939 19.920525238249 19.9627436161041 20.0049619939592 20.0471803718143 20.0837309678395 20.1183923032549 20.1530536386702 20.1877149740855 20.2223763095008 20.2570376449161 20.2916989803314 20.3261778354645 20.3601092497507 20.394040664037 20.4279720783233 20.4619034926096 20.4958349068959 20.5297663211822 20.5636977354685 20.5883983929952 20.610022131602 20.6316458702087 20.6532696088155 20.6748933474223 20.696517086029 20.7181408246358 20.7354003217485 20.739567094379 20.7437338670095 20.7479006396399 20.7520674122704
18.7228690836164 18.8752730846405 19.0276770856645 19.1800810866885 19.2762779553731 19.3537391132778 19.4312002711825 19.5086614290873 19.586122586992 19.6635837448967 19.7410449028015 19.8099088191986 19.8529810110728 19.896053202947 19.9391253948212 19.9821975866953 20.0252697785695 20.0683419704437 20.1114141623179 20.1508228937785 20.1890104717678 20.2271980497572 20.2653856277466 20.3035732057359 20.3417607837253 20.3799483617147 20.4248402489556 20.4898450639512 20.5548498789469 20.6198546939425 20.6848595089382 20.7498643239339 20.8148691389295 20.8798739539252 20.8893890380859 20.8804075453016 20.8714260525173 20.862444559733 20.8534630669488 20.8444815741645 20.8355000813802 20.8300913174947 20.8354007403056 20.8407101631164 20.8460195859273 20.8513290087382
18.5584128538767 18.8220457553863 19.0856786568959 19.3493115584055 19.4598759651184 19.5194175402323 19.5789591153462 19.6385006904602 19.6980422655741 19.757583840688 19.817125415802 19.8724595864614 19.9151715437571 19.9578835010528 20.0005954583486 20.0433074156443 20.08601937294 20.1287313302358 20.1714432875315 20.2136865615845 20.2557736078898 20.2978606541951 20.3399477005005 20.3820347468058 20.4241217931111 20.4662088394165 20.5297067006429 20.6574370066324 20.785167312622 20.9128976186116 21.0406279246011 21.1683582305907 21.2960885365803 21.4238188425699 21.4033195495605 21.333410390218 21.2635012308756 21.1935920715332 21.1236829121907 21.0537737528483 20.9838645935058 20.9327546755473 20.9380424817403 20.9433302879333 20.9486180941264 20.9539059003194
18.3939566241369 18.7688184261321 19.1436802281273 19.5185420301224 19.6434739748637 19.6850959671868 19.7267179595099 19.7683399518331 19.8099619441562 19.8515839364793 19.8932059288025 19.9350103537241 19.9773620764414 20.0197137991587 20.062065521876 20.1044172445933 20.1467689673106 20.1891206900279 20.2314724127451 20.2765502293904 20.3225367440117 20.3685232586331 20.4145097732544 20.4604962878757 20.506482802497 20.5524693171183 20.6345731523301 20.8250289493136 21.0154847462971 21.2059405432806 21.3963963402641 21.5868521372476 21.7773079342311 21.9677637312146 21.9172500610351 21.7864132351345 21.6555764092339 21.5247395833333 21.3939027574327 21.2630659315321 21.1322291056315 21.0354180335998 21.040684223175 21.0459504127502 21.0512166023254 21.0564827919006
18.2295003943972 18.715591096878 19.2016817993587 19.6877725018394 19.8270719846089 19.8507743941413 19.8744768036736 19.898179213206 19.9218816227383 19.9455840322706 19.969286441803 19.9975611209869 20.0395526091258 20.0815440972646 20.1235355854034 20.1655270735423 20.2075185616811 20.2495100498199 20.2915015379588 20.3394138971964 20.3892998801337 20.439185863071 20.4890718460083 20.5389578289456 20.5888438118828 20.6387297948201 20.7394396040174 20.9926208919948 21.2458021799723 21.4989834679497 21.7521647559271 22.0053460439045 22.2585273318819 22.5117086198593 22.4311805725097 22.239416080051 22.0476515875922 21.8558870951335 21.6641226026747 21.472358110216 21.2805936177572 21.1380813916524 21.1433259646098 21.1485705375671 21.1538151105245 21.1590596834818
