data/working_set_collections/6091692-Cassins_Sparrow-MC/1995/bio8.asc
NCOLS 265 
NROWS 230 
XLLCORNER -115.5625 
YLLCORNER 24.8333333333333 
CELLSIZE 0.0833333333333333 
NODATA_value -9999 
[rows 40 to 59 of 230, columns 138 to 183 of 265]
18.0650441646575 18.6623637676238 19.2596833705901 19.8570029735563 20.0106699943542 20.0164528210958 20.0222356478373 20.0280184745788 20.0338013013204 20.0395841280619 20.0453669548035 20.0601118882497 20.1017431418101 20.1433743953705 20.1850056489308 20.2266369024912 20.2682681560516 20.309899409612 20.3515306631724 20.4022775650024 20.4560630162557 20.5098484675089 20.5636339187622 20.6174193700154 20.6712048212687 20.724990272522 20.8443060557047 21.160212834676 21.4761196136474 21.7920263926187 22.10793317159 22.4238399505614 22.7397467295327 23.055653508504 22.9451110839843 22.6924189249674 22.4397267659505 22.1870346069336 21.9343424479167 21.6816502888998 21.4289581298828 21.240744749705 21.2459677060445 21.251190662384 21.2564136187235 21.261636575063
17.9005879349177 18.6091364383696 19.3176849418215 20.0262334452733 20.1942680040995 20.1821312480502 20.169994492001 20.1578577359517 20.1457209799025 20.1335842238532 20.1214474678039 20.1226626555125 20.1639336744944 20.2052046934763 20.2464757124583 20.2877467314402 20.3290177504221 20.3702887694041 20.411559788386 20.4651412328084 20.5228261523776 20.5805110719469 20.6381959915161 20.6958809110853 20.7535658306545 20.8112507502238 20.9491725073919 21.3278047773572 21.7064370473225 22.0850693172877 22.463701587253 22.8423338572183 23.2209661271835 23.5995983971488 23.459041595459 23.1454217698839 22.8318019443088 22.5181821187337 22.2045622931587 21.8909424675836 21.5773226420085 21.3434081077576 21.3486094474792 21.3538107872009 21.3590121269226 21.3642134666443
17.8359105057184 18.6015767256417 19.3672429455649 20.1329091654881 20.3073578039805 20.284733915329 20.2621100266775 20.2394861380259 20.2168622493744 20.1942383607229 20.1716144720713 20.1654399447971 20.2086135016547 20.2517870585124 20.29496061537 20.3381341722276 20.3813077290853 20.4244812859429 20.4676548428005 20.5250969568888 20.5872952567206 20.6494935565524 20.7116918563843 20.7738901562161 20.8360884560479 20.8982867558797 21.0397961086696 21.4192386203341 21.7986811319986 22.1781236436631 22.5575661553276 22.9370086669921 23.3164511786566 23.6958936903211 23.556123606364 23.2432826571995 22.930441708035 22.6176007588705 22.304759809706 21.9919188605415 21.679077911377 21.4458490742577 21.4514565732744 21.457064072291 21.4626715713077 21.4682790703244
17.8710118770597 18.6396846294402 19.4083573818205 20.1770301342008 20.3499393939972 20.3242608229319 20.2985822518667 20.2729036808014 20.2472251097361 20.2215465386709 20.1958679676056 20.1884437561035 20.235782623291 20.2831214904785 20.330460357666 20.3777992248535 20.425138092041 20.4724769592285 20.519815826416 20.5821447372436 20.6494703292846 20.7167959213257 20.7841215133667 20.8514471054077 20.9187726974487 20.9860982894897 21.1161768595377 21.4345143636067 21.7528518676757 22.0711893717447 22.3895268758137 22.7078643798828 23.0262018839518 23.3445393880208 23.2363571166993 22.9860015869142 22.735646057129 22.4852905273438 22.2349349975587 21.9845794677735 21.7342239379883 21.5480676492055 21.55450908343 21.5609505176544 21.5673919518788 21.5738333861033
17.906113248401 18.6777925332386 19.4494718180761 20.2211511029135 20.3925209840139 20.3637877305349 20.3350544770559 20.3063212235769 20.2775879700979 20.2488547166189 20.2201214631399 20.2114475674099 20.2629517449273 20.3144559224446 20.365960099962 20.4174642774794 20.4689684549967 20.5204726325141 20.5719768100314 20.6391925175985 20.7116454018487 20.7840982860989 20.8565511703491 20.9290040545993 21.0014569388495 21.0739098230997 21.1925576104057 21.4497901068793 21.7070226033528 21.9642550998263 22.2214875962999 22.4787200927734 22.7359525892469 22.9931850857205 22.9165906270346 22.7287205166288 22.540850406223 22.3529802958171 22.1651101854113 21.9772400750055 21.7893699645996 21.6502862241533 21.6575615935855 21.6648369630178 21.67211233245 21.6793877018822
17.9412146197423 18.715900437037 19.4905862543316 20.2652720716262 20.4351025740306 20.4033146381378 20.3715267022451 20.3397387663523 20.3079508304596 20.2761628945669 20.2443749586741 20.2344513787163 20.2901208665636 20.3457903544108 20.401459842258 20.4571293301052 20.5127988179525 20.5684683057997 20.6241377936469 20.6962402979533 20.7738204744127 20.8514006508721 20.9289808273315 21.0065610037909 21.0841411802503 21.1617213567098 21.2689383612738 21.4650658501518 21.6611933390299 21.857320827908 22.053448316786 22.2495758056641 22.4457032945421 22.6418307834201 22.5968241373699 22.4714394463434 22.3460547553169 22.2206700642904 22.0952853732639 21.9699006822375 21.844515991211 21.7525047991011 21.7606141037411 21.7687234083811 21.7768327130212 21.7849420176612
17.9763159910836 18.7540083408354 19.5317006905872 20.3093930403389 20.4776841640472 20.4428415457408 20.4079989274343 20.3731563091278 20.3383136908213 20.3034710725149 20.2686284542084 20.2574551900228 20.3172899881998 20.3771247863769 20.436959584554 20.4967943827311 20.5566291809082 20.6164639790853 20.6762987772623 20.7532880783081 20.8359955469767 20.9187030156453 21.0014104843139 21.0841179529826 21.1668254216512 21.2495328903198 21.3453191121419 21.4803415934244 21.615364074707 21.7503865559896 21.8854090372721 22.0204315185547 22.1554539998373 22.2904764811198 22.2770576477051 22.214158376058 22.1512591044109 22.0883598327637 22.0254605611166 21.9625612894694 21.8996620178223 21.8547233740489 21.8636666138967 21.8726098537445 21.8815530935923 21.8904963334401
18.0114173624248 18.7921162446339 19.5728151268427 20.3535140090516 20.5202657540639 20.4823684533437 20.4444711526235 20.4065738519033 20.3686765511831 20.3307792504629 20.2928819497426 20.2804590013292 20.3444591098361 20.4084592183431 20.47245932685 20.536459435357 20.6004595438639 20.6644596523709 20.7284597608778 20.8103358586629 20.8981706195407 20.9860053804185 21.0738401412964 21.1616749021742 21.249509663052 21.3373444239298 21.42169986301 21.495617336697 21.5695348103841 21.6434522840712 21.7173697577582 21.7912872314453 21.8652047051324 21.9391221788195 21.9572911580404 21.9568773057726 21.9564634535048 21.956049601237 21.9556357489692 21.9552218967014 21.9548080444336 21.9569419489966 21.9667191240522 21.9764962991079 21.9862734741635 21.9960506492191
18.1390011363557 18.8620797157286 19.5851582951014 20.3082368744742 20.4653096516927 20.4337138281928 20.4021180046929 20.370522181193 20.3389263576932 20.3073305341933 20.2757347106934 20.2694746017456 20.3392216364542 20.4089686711629 20.4787157058716 20.5484627405802 20.6182097752889 20.6879568099975 20.7577038447062 20.8415522575378 20.9301011297438 21.0186500019497 21.1071988741557 21.1957477463616 21.2842966185675 21.3728454907735 21.4503862222036 21.4949025313059 21.5394188404083 21.5839351495107 21.6284514586131 21.6729677677154 21.7174840768178 21.7620003859202 21.7969347476959 21.8286751270294 21.8604155063629 21.8921558856964 21.9238962650299 21.9556366443634 21.9873770236969 22.0142711745368 22.026626639896 22.0389821052551 22.0513375706143 22.0636930359734
18.3590673128762 18.9638987541198 19.5687301953632 20.1735616366067 20.3128158569336 20.2968776702881 20.2809394836426 20.2650012969971 20.2490631103516 20.2331249237061 20.2171867370606 20.224501991272 20.3015775680542 20.3786531448364 20.4557287216186 20.5328042984009 20.6098798751831 20.6869554519653 20.7640310287475 20.8469372749328 20.9317870775858 21.0166368802388 21.1014866828918 21.1863364855448 21.2711862881978 21.3560360908508 21.4313781897227 21.4781971772512 21.5250161647797 21.5718351523081 21.6186541398366 21.6654731273651 21.7122921148936 21.7591111024221 21.7959884166717 21.8295518398285 21.8631152629852 21.896678686142 21.9302421092987 21.9638055324554 21.9973689556122 22.0267110506693 22.0433891614278 22.0600672721863 22.0767453829447 22.0934234937032
18.5791334893967 19.0657177925109 19.552302095625 20.0388863987392 20.1603220621745 20.1600415123834 20.1597609625922 20.1594804128011 20.15919986301 20.1589193132189 20.1586387634277 20.1795293807983 20.2639334996541 20.3483376185099 20.4327417373657 20.5171458562215 20.6015499750773 20.6859540939331 20.7703582127889 20.8523222923279 20.9334730254279 21.0146237585279 21.095774491628 21.176925224728 21.2580759578281 21.3392266909281 21.4123701572418 21.4614918231964 21.510613489151 21.5597351551056 21.6088568210602 21.6579784870148 21.7071001529693 21.7562218189239 21.7950420856476 21.8304285526276 21.8658150196075 21.9012014865875 21.9365879535675 21.9719744205475 22.0073608875275 22.0391509268019 22.0601516829597 22.0811524391174 22.1021531952752 22.123153951433
18.7991996659172 19.167536830902 19.5358739958868 19.9042111608716 20.0078282674154 20.0232053544786 20.0385824415419 20.0539595286052 20.0693366156684 20.0847137027317 20.1000907897949 20.1345567703247 20.226289431254 20.3180220921834 20.4097547531128 20.5014874140421 20.5932200749715 20.6849527359009 20.7766853968302 20.8577073097229 20.93515897327 21.0126106368171 21.0900623003642 21.1675139639113 21.2449656274583 21.3224172910054 21.3933621247609 21.4447864691416 21.4962108135223 21.547635157903 21.5990595022837 21.6504838466644 21.7019081910451 21.7533325354258 21.7940957546234 21.8313052654266 21.8685147762298 21.9057242870331 21.9429337978363 21.9801433086395 22.0173528194427 22.0515908029344 22.0769142044915 22.1022376060486 22.1275610076056 22.1528844091627
19.0192658424376 19.2693558692932 19.5194458961486 19.7695359230041 19.8553344726563 19.8863691965739 19.9174039204915 19.9484386444092 19.9794733683268 20.0105080922445 20.0415428161621 20.0895841598511 20.188645362854 20.2877065658569 20.3867677688598 20.4858289718628 20.5848901748657 20.6839513778686 20.7830125808716 20.8630923271179 20.936844921112 21.0105975151062 21.0843501091003 21.1581027030945 21.2318552970886 21.3056078910828 21.3743540922801 21.4280811150869 21.4818081378937 21.5355351607005 21.5892621835073 21.6429892063141 21.6967162291209 21.7504432519277 21.7931494235992 21.8321819782257 21.8712145328522 21.9102470874786 21.9492796421051 21.9883121967316 22.027344751358 22.064030679067 22.0936767260233 22.1233227729797 22.1529688199361 22.1826148668925
19.2393320189581 19.3711749076843 19.5030177964104 19.6348606851366 19.7028406778972 19.7495330386692 19.7962253994412 19.8429177602132 19.8896101209852 19.9363024817573 19.9829948425293 20.0446115493774 20.1510012944539 20.2573910395304 20.3637807846069 20.4701705296834 20.5765602747599 20.6829500198364 20.7893397649129 20.8684773445129 20.9385308689541 21.0085843933953 21.0786379178365 21.1486914422777 21.2187449667189 21.2887984911601 21.3553460597992 21.4113757610321 21.467405462265 21.5234351634979 21.5794648647308 21.6354945659637 21.6915242671966 21.7475539684295 21.7922030925751 21.8330586910248 21.8739142894745 21.9147698879242 21.9556254863739 21.9964810848236 22.0373366832733 22.0764705551995 22.1104392475552 22.1444079399109 22.1783766322666 22.2123453246222
19.5395377371046 19.6224085172017 19.7052792972988 19.7881500773959 19.829901599884 19.857946703169 19.8859918064541 19.9140369097391 19.9420820130242 19.9701271163092 19.9981722195943 20.0459409077962 20.1528803507487 20.2598197937011 20.3667592366536 20.4736986796061 20.5806381225586 20.687577565511 20.7945170084635 20.8736340522766 20.9434769630432 21.0133198738098 21.0831627845764 21.153005695343 21.2228486061096 21.2926915168762 21.3600374380747 21.419892390569 21.4797473430633 21.5396022955576 21.5994572480519 21.6593122005462 21.7191671530405 21.7790221055348 21.8252651850382 21.8669709735446 21.908676762051 21.9503825505574 21.9920883390638 22.0337941275702 22.0754999160766 22.1157424079047 22.1515950096978 22.1874476114909 22.2233002132839 22.259152815077
19.9198829968769 20.0230566978454 20.1262303988138 20.2294040997822 20.2365172386169 20.2116101900736 20.1867031415303 20.161796092987 20.1368890444437 20.1119819959005 20.0870749473572 20.0935722351074 20.1942825317382 20.2949928283691 20.395703125 20.4964134216308 20.5971237182617 20.6978340148926 20.7985443115234 20.8785624504089 20.9516832033793 21.0248039563497 21.09792470932 21.1710454622904 21.2441662152608 21.3172869682312 21.3884282271067 21.4536310036977 21.5188337802887 21.5840365568797 21.6492393334706 21.7144421100616 21.7796448866526 21.8448476632436 21.8923357009887 21.9339188257853 21.9755019505818 22.0170850753784 22.0586682001749 22.1002513249715 22.141834449768 22.1818462371826 22.2171440124512 22.2524417877197 22.2877395629883 22.3230373382568
20.3002282566494 20.4237048784891 20.5471815003288 20.6706581221686 20.6431328773498 20.5652736769782 20.4874144766066 20.4095552762349 20.3316960758633 20.2538368754917 20.17597767512 20.1412035624186 20.2356847127278 20.3301658630371 20.4246470133463 20.5191281636556 20.6136093139648 20.7080904642741 20.8025716145833 20.8834908485412 20.9598894437154 21.0362880388895 21.1126866340637 21.1890852292379 21.265483824412 21.3418824195862 21.4168190161387 21.4873696168263 21.557920217514 21.6284708182017 21.6990214188893 21.769572019577 21.8401226202647 21.9106732209523 21.9594062169393 22.000866678026 22.0423271391127 22.0837876001994 22.1252480612861 22.1667085223728 22.2081689834595 22.2479500664605 22.2826930152045 22.3174359639486 22.3521789126926 22.3869218614366
20.6805735164218 20.8243530591328 20.9681326018439 21.1119121445549 21.0497485160827 20.9189371638828 20.7881258116828 20.6573144594828 20.5265031072829 20.3956917550829 20.2648804028829 20.1888348897298 20.2770868937174 20.3653388977051 20.4535909016927 20.5418429056803 20.630094909668 20.7183469136556 20.8065989176432 20.8884192466736 20.9680956840515 21.0477721214294 21.1274485588074 21.2071249961853 21.2868014335632 21.3664778709411 21.4452098051707 21.521108229955 21.5970066547394 21.6729050795237 21.748803504308 21.8247019290924 21.9006003538767 21.9764987786611 22.0264767328898 22.0678145302666 22.1091523276435 22.1504901250203 22.1918279223972 22.233165719774 22.2745035171509 22.3140538957384 22.3482420179579 22.3824301401774 22.4166182623969 22.4508063846164
21.0609187761941 21.2250012397765 21.3890837033589 21.5531661669412 21.4563641548156 21.2726006507873 21.088837146759 20.9050736427307 20.7213101387024 20.5375466346741 20.3537831306458 20.236466217041 20.318489074707 20.400511932373 20.482534790039 20.564557647705 20.6465805053711 20.7286033630371 20.8106262207031 20.8933476448059 20.9763019243876 21.0592562039693 21.142210483551 21.2251647631327 21.3081190427144 21.3910733222961 21.4736005942027 21.5548468430837 21.6360930919647 21.7173393408457 21.7985855897267 21.8798318386078 21.9610780874888 22.0423243363698 22.0935472488403 22.1347623825073 22.1759775161743 22.2171926498413 22.2584077835083 22.2996229171753 22.3408380508423 22.3801577250163 22.4137910207112 22.4474243164062 22.4810576121012 22.5146909077962
21.4412640359666 21.6256494204202 21.8100348048739 21.9944201893275 21.8629797935486 21.6262641376919 21.3895484818353 21.1528328259786 20.916117170122 20.6794015142653 20.4426858584086 20.2840975443522 20.3598912556966 20.435684967041 20.5114786783854 20.5872723897298 20.6630661010742 20.7388598124186 20.814653523763 20.8982760429382 20.9845081647237 21.0707402865092 21.1569724082947 21.2432045300801 21.3294366518656 21.4156687736511 21.5019913832346 21.5885854562123 21.67517952919 21.7617736021677 21.8483676751454 21.9349617481231 22.0215558211008 22.1081498940785 22.1606177647908 22.201710234748 22.2428027047051 22.2838951746623 22.3249876446194 22.3660801145765 22.4071725845337 22.4462615542941 22.4793400234646 22.5124184926351 22.5454969618055 22.578575430976
