data/working_set_collections/6091692-Cassins_Sparrow-MC/1995/bio8.asc
NCOLS 265 
NROWS 230 
XLLCORNER -115.5625 
YLLCORNER 24.8333333333333 
CELLSIZE 0.0833333333333333 
NODATA_value -9999 
[rows 140 to 159 of 230, columns 0 to 45 of 265]
15.3848284218047 15.3529777447383 15.3211270676719 15.2892763906055 15.2574257135391 15.2255750364727 15.1937243594063 16.9396751960114 19.2782265371741 21.6167778783371 23.9553292194998 26.2938805606625 28.6324319018255 30.9709832429882 32.716326936086 32.6820476849874 32.6477684338888 32.6134891827901 32.5792099316915 32.5449306805929 32.5106514294942 32.4763721783956 32.4500625133515 32.4264093769921 32.4027562406328 32.3791031042735 32.3554499679142 32.3317968315549 32.3081436951955 32.2470645268759 32.073707262675 31.9003499984742 31.7269927342733 31.5536354700725 31.3802782058716 31.2069209416708 31.0335636774699 30.9673012256622 30.9367370446523 30.9061728636424 30.8756086826325 30.8450445016226 30.8144803206126 30.7839161396027 30.7223857985603 30.5679569774204
15.1910362111198 15.2493516047796 15.3076669984394 15.3659823920992 15.4242977857589 15.4826131794187 15.5409285730785 17.2623867432272 19.5382258388726 21.8140649345183 24.0899040301637 26.365743125809 28.6415822214548 30.9174213171001 32.6169432004293 32.5875134468079 32.5580836931865 32.528653939565 32.4992241859436 32.4697944323222 32.4403646787008 32.4109349250794 32.3776491641998 32.3430780675676 32.3085069709354 32.2739358743032 32.239364777671 32.2047936810388 32.1702225844066 32.103573290507 31.9406894048055 31.777805519104 31.6149216334026 31.452037747701 31.2891538619996 31.1262699762981 30.9633860905965 30.8783036708832 30.8191550731659 30.7600064754486 30.7008578777314 30.6417092800141 30.5825606822968 30.5234120845795 30.4401142014398 30.2843684620328
14.9972440004349 15.1457254648209 15.2942069292068 15.4426883935928 15.5911698579788 15.7396513223647 15.8881327867507 17.585098290443 19.798225140571 22.0113519906995 24.2244788408275 26.4376056909556 28.650732541084 30.8638593912121 32.5175594647726 32.4929792086284 32.4683989524842 32.4438186963399 32.4192384401957 32.3946581840515 32.3700779279073 32.3454976717631 32.3052358150482 32.2597467581431 32.214257701238 32.1687686443329 32.1232795874278 32.0777905305227 32.0323014736176 31.9600820541382 31.8076715469361 31.6552610397339 31.5028505325318 31.3504400253296 31.1980295181275 31.0456190109253 30.8932085037232 30.7893061161042 30.7015731016795 30.6138400872549 30.5261070728302 30.4383740584056 30.350641043981 30.2629080295563 30.1578426043193 30.0007799466452
14.80345178975 15.0420993248621 15.2807468599743 15.5193943950865 15.7580419301986 15.9966894653107 16.2353370004229 17.9078098376588 20.0582244422695 22.2086390468807 24.3590536514914 26.5094682561022 28.6598828607133 30.810297465324 32.4181757291158 32.3984449704488 32.3787142117818 32.3589834531148 32.3392526944479 32.3195219357809 32.2997911771139 32.2800604184469 32.2328224658966 32.1764154487186 32.1200084315406 32.0636014143626 32.0071943971846 31.9507873800066 31.8943803628286 31.8165908177694 31.6746536890666 31.5327165603638 31.390779431661 31.2488423029582 31.1069051742554 30.9649680455526 30.8230309168498 30.7003085613251 30.5839911301931 30.4676736990611 30.3513562679291 30.2350388367971 30.1187214056651 30.0024039745331 29.8755710071988 29.7171914312575
14.5495526790619 14.8582620779673 15.1669714768727 15.4756808757782 15.7843902746836 16.093099673589 16.4018090724945 18.0526575247443 20.1508856614426 22.2491137981413 24.3473419348395 26.4455700715378 28.5437982082365 30.6420263449348 32.2139536486732 32.2069784535302 32.2000032583873 32.1930280632443 32.1860528681014 32.1790776729584 32.1721024778154 32.1651272826725 32.1227584203085 32.0685916688707 32.014424917433 31.9602581659953 31.9060914145576 31.8519246631199 31.7977579116821 31.7241580963135 31.592259089152 31.4603600819906 31.3284610748291 31.1965620676677 31.0646630605062 30.9327640533448 30.8008650461833 30.6623942375183 30.5217328283522 30.3810714191861 30.24041001002 30.0997486008539 29.9590871916877 29.8184257825216 29.6711989667681 29.5042759312524
14.2355466683706 14.5942137241363 14.9528807799021 15.3115478356679 15.6702148914337 16.0288819471994 16.3875490029653 18.0196413516995 20.0762087980902 22.1327762444812 24.1893436908719 26.2459111372625 28.3024785836536 30.3590460300443 31.9048932234447 31.9185796578726 31.9322660923005 31.9459525267284 31.9596389611562 31.9733253955841 31.987011830012 32.0006982644399 31.9750436782837 31.9362754185995 31.8975071589152 31.858738899231 31.8199706395467 31.7812023798625 31.7424341201782 31.6827838897705 31.5604877471924 31.4381916046143 31.3158954620362 31.193599319458 31.0713031768799 30.9490070343018 30.8267108917236 30.6755631446839 30.5147981961569 30.3540332476298 30.1932682991028 30.0325033505758 29.8717384020488 29.7109734535218 29.5447264830272 29.3620334466299
13.9215406576792 14.3301653703053 14.7387900829315 15.1474147955576 15.5560395081837 15.9646642208099 16.373288933436 17.9866251786547 20.0015319347377 22.0164386908211 24.0313454469042 26.0462522029872 28.0611589590706 30.0760657151537 31.5958327982161 31.6301808622149 31.6645289262136 31.6988769902124 31.7332250542111 31.7675731182099 31.8019211822086 31.8362692462074 31.827328936259 31.8039591683282 31.7805894003974 31.7572196324667 31.7338498645359 31.7104800966051 31.6871103286743 31.6414096832276 31.5287164052328 31.416023127238 31.3033298492432 31.1906365712484 31.0779432932536 30.9652500152588 30.852556737264 30.6887320518494 30.5078635639615 30.3269950760736 30.1461265881857 29.9652581002978 29.7843896124098 29.6035211245219 29.4182539992863 29.2197909620074
13.6075346469879 14.0661170164744 14.5246993859608 14.9832817554474 15.4418641249338 15.9004464944203 16.3590288639068 17.9536090056098 19.9268550713853 21.900101137161 23.8733472029365 25.8465932687119 27.8198393344877 29.7930854002632 31.2867723729876 31.3417820665572 31.3967917601268 31.4518014536964 31.506811147266 31.5618208408356 31.6168305344052 31.6718402279748 31.6796141942342 31.6716429180569 31.6636716418796 31.6557003657023 31.647729089525 31.6397578133477 31.6317865371704 31.6000354766846 31.4969450632731 31.3938546498617 31.2907642364502 31.1876738230388 31.0845834096273 30.9814929962158 30.8784025828044 30.7019009590149 30.5009289317661 30.2999569045173 30.0989848772685 29.8980128500197 29.6970408227709 29.4960687955221 29.2917815155454 29.0775484773848
13.2935286362966 13.8020686626434 14.3106086889902 14.8191487153371 15.3276887416839 15.8362287680307 16.3447687943776 17.920592832565 19.8521782080328 -9999 -9999 -9999 -9999 29.5101050853726 30.977711947759 31.0533832708995 31.12905459404 31.2047259171804 31.2803972403209 31.3560685634613 31.4317398866018 31.5074112097423 31.5318994522095 31.5393266677857 31.5467538833618 31.554181098938 31.5616083145142 31.5690355300903 31.5764627456665 31.5586612701416 31.4651737213135 31.3716861724854 31.2781986236572 31.1847110748291 31.091223526001 30.9977359771729 30.9042484283447 30.7150698661805 30.4939942995708 30.272918732961 30.0518431663514 29.8307675997417 29.609692033132 29.3886164665223 29.1653090318045 28.9353059927623
12.9795226256052 13.5380203088124 14.0965179920196 14.6550156752268 15.213513358434 15.7720110416411 16.3305087248484 17.8875766595201 19.7775013446804 -9999 -9999 -9999 -9999 -9999 30.6686515225305 30.7649844752418 30.8613174279531 30.9576503806644 31.0539833333757 31.150316286087 31.2466492387984 31.3429821915097 31.3841847101847 31.4070104175144 31.429836124844 31.4526618321737 31.4754875395033 31.498313246833 31.5211389541626 31.5172870635987 31.4334023793539 31.3495176951091 31.2656330108643 31.1817483266195 31.0978636423747 31.0139789581299 30.9300942738851 30.728238773346 30.4870596673754 30.2458805614048 30.0047014554342 29.7635223494636 29.522343243493 29.2811641375224 29.0388365480636 28.7930635081398
12.719583776262 13.3075964927673 13.8956092092725 14.4836219257778 15.0716346422831 15.6596473587883 16.2476600752936 17.7046674807864 19.4513397826086 -9999 -9999 -9999 -9999 -9999 -9999 -9999 29.9921108086906 30.2131798267366 -9999 -9999 -9999 31.0974558989207 31.1855119387309 31.2292303191291 31.2729486995274 31.3166670799256 31.3603854603238 31.404103840722 31.4478222211202 31.4637491544088 31.3963017463684 31.3288543383281 31.2614069302877 31.1939595222473 31.126512114207 31.0590647061666 30.9916172981262 30.7914890766144 30.5471339172787 30.302778757943 30.0584235986074 29.8140684392717 29.569713279936 29.3253581206004 29.0782175276015 28.8227206336127
12.513712088267 13.110797214508 13.707882340749 14.3049674669901 14.9020525932311 15.4991377194721 16.0962228457133 17.3718652963636 18.8736935218173 -9999 -9999 -9999 -9999 -9999 -9999 -9999 -9999 -9999 -9999 -9999 -9999 -9999 30.9358811378479 31.0059863726298 31.0760916074117 31.1461968421936 31.2163020769755 31.2864073117574 31.3565125465393 31.398047542572 31.3538718223572 31.3096961021423 31.2655203819275 31.2213446617126 31.1771689414978 31.132993221283 31.0888175010681 30.9048207759857 30.6742170492808 30.4436133225759 30.213009595871 29.9824058691661 29.7518021424611 29.5211984157562 29.2834519704183 29.0242773691813
12.3078404002719 12.9139979362487 13.5201554722255 14.1263130082024 14.7324705441792 15.338628080156 15.9447856161329 17.0390631119409 18.296047261026 -9999 -9999 -9999 -9999 -9999 -9999 -9999 -9999 -9999 -9999 -9999 -9999 -9999 -9999 30.7827424261305 30.8792345152961 30.9757266044617 31.0722186936272 31.1687107827928 31.2652028719584 31.3323459307353 31.311441898346 31.2905378659566 31.2696338335673 31.248729801178 31.2278257687886 31.2069217363993 31.18601770401 31.0181524753571 30.8013001812829 30.5844478872087 30.3675955931346 30.1507432990604 29.9338910049862 29.7170387109121 29.4886864132352 29.2258341047499
12.1019687122769 12.7171986579894 13.332428603702 13.9476585494147 14.5628884951273 15.1781184408399 15.7933483865526 16.7062609275181 17.7184010002347 -9999 -9999 -9999 -9999 -9999 -9999 -9999 -9999 -9999 -9999 -9999 -9999 -9999 -9999 -9999 -9999 30.8052563667297 30.928135310279 31.0510142538283 31.1738931973775 31.2666443188985 31.2690119743347 31.2713796297709 31.2737472852071 31.2761149406433 31.2784825960795 31.2808502515157 31.2832179069519 31.1314841747284 30.928383313285 30.7252824518416 30.5221815903982 30.3190807289548 30.1159798675113 29.9128790060679 29.693920856052 29.4273908403185
11.8960970242818 12.5203993797302 13.1447017351785 13.769004090627 14.3933064460754 15.0176088015237 15.6419111569722 16.3734587430953 17.1407547394434 -9999 -9999 -9999 -9999 -9999 -9999 -9999 -9999 -9999 -9999 -9999 -9999 -9999 -9999 -9999 -9999 -9999 -9999 -9999 -9999 31.2009427070618 31.2265820503235 31.2522213935852 31.2778607368469 31.3035000801086 31.3291394233703 31.3547787666321 31.3804181098938 31.2448158740997 31.0554664452871 30.8661170164744 30.6767675876618 30.4874181588491 30.2980687300364 30.1087193012238 29.8991552988688 29.628947575887
11.6902253362867 12.3236001014709 12.956974866655 13.5903496318393 14.2237243970234 14.8570991622076 15.4904739273918 16.0406565586725 16.5631084786521 -9999 -9999 -9999 -9999 -9999 -9999 -9999 -9999 -9999 -9999 -9999 -9999 -9999 -9999 -9999 -9999 -9999 -9999 -9999 -9999 31.135241095225 31.1841521263123 31.2330631573995 31.2819741884867 31.330885219574 31.3797962506612 31.4287072817484 31.4776183128357 31.3581475734711 31.1825495772892 31.0069515811072 30.8313535849253 30.6557555887434 30.4801575925615 30.3045595963796 30.1043897416857 29.8305043114556
11.7886688974167 12.3746337572732 12.9605986171297 13.5465634769863 14.1325283368428 14.7184931966992 15.3044580565558 15.7662321964899 16.1866094297832 16.6069866630766 -9999 -9999 -9999 -9999 -9999 -9999 -9999 -9999 -9999 -9999 -9999 -9999 -9999 -9999 -9999 -9999 -9999 -9999 -9999 31.0576458983951 31.1242941485511 31.1909423987071 31.257590648863 31.324238899019 31.390887149175 31.457535399331 31.524183649487 31.4183571974437 31.2550391780006 31.0917211585575 30.9284031391144 30.7650851196713 30.6017671002282 30.4384490807851 30.2486570570204 29.9794430202908
12.191427707672 12.6735003471373 13.1555729866026 13.637645626068 14.1197182655334 14.6017909049987 15.0838635444641 15.5501856565475 16.0112575928369 16.4723295291265 -9999 -9999 -9999 -9999 -9999 -9999 -9999 -9999 -9999 -9999 -9999 -9999 -9999 -9999 -9999 -9999 -9999 -9999 -9999 30.9681571165721 31.04700811704 31.1258591175079 31.2047101179759 31.2835611184438 31.3624121189117 31.4412631193797 31.5201141198476 31.4254447460175 31.2729352474213 31.1204257488251 30.9679162502289 30.8154067516327 30.6628972530365 30.5103877544403 30.3319572448731 30.0757637023926
12.5941865179273 12.9723669370014 13.3505473560756 13.7287277751498 14.106908194224 14.4850886132981 14.8632690323724 15.3341391166051 15.8359057558906 16.3376723951763 -9999 -9999 -9999 -9999 -9999 -9999 -9999 -9999 -9999 -9999 -9999 -9999 -9999 -9999 -9999 -9999 -9999 -9999 -9999 30.878668334749 30.9697220855289 31.0607758363088 31.1518295870887 31.2428833378686 31.3339370886485 31.4249908394284 31.5160445902083 31.4325322945913 31.290831316842 31.1491303390927 31.0074293613434 30.8657283835941 30.7240274058448 30.5823264280955 30.4152574327257 30.1720843844944
12.9969453281825 13.2712335268655 13.5455217255485 13.8198099242316 14.0940981229146 14.3683863215976 14.6426745202806 15.1180925766626 15.6605539189444 16.2030152612262 16.7454766035079 17.2879379457897 -9999 -9999 -9999 -9999 -9999 -9999 -9999 -9999 -9999 -9999 -9999 -9999 -9999 -9999 -9999 -9999 -9999 30.789179552926 30.8924360540178 30.9956925551097 31.0989490562015 31.2022055572934 31.3054620583852 31.408718559477 31.5119750605689 31.4396198431651 31.3087273862627 31.1778349293603 31.0469424724579 30.9160500155555 30.7851575586531 30.6542651017507 30.4985576205784 30.2684050665961
