data/working_set_collections/6091692-Cassins_Sparrow-MC/1995/bio8.asc
NCOLS 265 
NROWS 230 
XLLCORNER -115.5625 
YLLCORNER 24.8333333333333 
CELLSIZE 0.0833333333333333 
NODATA_value -9999 
[rows 0 to 19 of 230, columns 46 to 91 of 265]
4.11722694834125 2.12797648708085 0.138726025820112 -1.85052443544029 -3.83977489670068 -5.82902535796142 -6.57602097193394 -6.90893163681023 -7.24184230168657 -7.57475296656286 -7.90766363143914 -8.24057429631548 -8.57348496119177 -8.87360088295403 -9.07533257537417 -9.27706426779427 -9.47879596021437 -9.68052765263451 -9.88225934505461 -10.0839910374747 -10.2857227298948 -9.11663961311211 -7.49061822659479 -5.86459684007719 -4.23857545355986 -2.61255406704254 -0.986532680524941 0.639488705992382 2.0919427570367 3.02369480166156 3.95544684628627 4.88719889091097 5.81895093553584 6.75070298016054 7.68245502478525 8.61420706941011 9.20055615901939 9.67177093029012 10.1429857015609 10.6142004728317 11.0854152441024 11.5566300153732 12.0278447866439 12.3036194562913 11.9930738210679 11.6825281858445
2.60294246077579 0.899440624317025 -0.804061212142034 -2.5075630486008 -4.21106488505957 -5.91456672151863 -6.57624645233149 -6.8906521479288 -7.20505784352617 -7.51946353912349 -7.8338692347208 -8.14827493031817 -8.46268062591548 -8.7484802484512 -8.94846165180205 -9.14844305515287 -9.34842445850369 -9.54840586185454 -9.74838726520536 -9.94836866855618 -10.148350071907 -8.95588004291087 -7.2992595364654 -5.64263903001965 -3.98601852357418 -2.32939801712871 -0.672777510682957 0.983842995762513 2.44737041493234 3.33161857227472 4.21586672961695 5.10011488695917 5.98436304430155 6.86861120164378 7.75285935898601 8.63710751632839 9.19363052844994 9.64091182549785 10.0881931225458 10.5354744195937 10.9827557166417 11.4300370136896 11.8773183107375 12.1400832732519 11.8492992321651 11.5585151910782
1.08865797321047 -0.329095238446693 -1.7468484501041 -3.16460166176127 -4.58235487341843 -6.00010808507584 -6.57647193272903 -6.87237265904738 -7.16827338536578 -7.46417411168412 -7.76007483800247 -8.05597556432086 -8.35187629063921 -8.62335961394837 -8.82159072822994 -9.01982184251148 -9.21805295679302 -9.41628407107459 -9.61451518535613 -9.81274629963766 -10.0109774139192 -8.79512047270965 -7.10790084633603 -5.42068121996213 -3.73346159358852 -2.0462419672149 -0.359022340841 1.32819728553261 2.80279807282795 3.63954234288785 4.4762866129476 5.31303088300736 6.14977515306726 6.98651942312702 7.82326369318677 8.66000796324667 9.18670489788048 9.61005272070558 10.0334005435307 10.4567483663558 10.8800961891809 11.3034440120061 11.7267918348312 11.9765470902126 11.7055246432623 11.434502196312
-0.425626514354976 -1.55763110121052 -2.68963568806625 -3.82164027492179 -4.95364486177732 -6.08564944863306 -6.57669741312658 -6.85409317016595 -7.13148892720538 -7.40888468424475 -7.68628044128413 -7.96367619832355 -8.24107195536292 -8.49823897944553 -8.69471980465782 -8.89120062987008 -9.08768145508233 -9.28416228029462 -9.48064310550688 -9.67712393071913 -9.87360475593142 -8.63436090250841 -6.91654215620665 -5.1987234099046 -3.48090466360283 -1.76308591730107 -0.0452671709990164 1.67255157530275 3.15822573072358 3.947466113501 4.73670649627828 5.52594687905556 6.31518726183298 7.10442764461026 7.89366802738754 8.68290841016495 9.17977926731103 9.5791936159133 9.97860796451565 10.3780223131179 10.7774366617202 11.1768510103225 11.5762653589248 11.8130109071732 11.5617500543595 11.3104892015458
-1.93991100192043 -2.78616696397434 -3.63242292602839 -4.4786788880823 -5.32493485013621 -6.17119081219027 -6.57692289352413 -6.83581368128453 -7.09470446904498 -7.35359525680538 -7.61248604456578 -7.87137683232623 -8.13026762008663 -8.3731183449427 -8.5678488810857 -8.76257941722868 -8.95730995337165 -9.15204048951466 -9.34677102565763 -9.54150156180061 -9.73623209794361 -8.47360133230718 -6.72518346607726 -4.97676559984706 -3.22834773361715 -1.47992986738724 0.268487998842967 2.01690586507288 3.51365338861922 4.25538988411415 4.99712637960896 5.73886287510376 6.4805993705987 7.2223358660935 7.9640723615883 8.70580885708323 9.17285363674157 9.54833451112103 9.92381538550055 10.29929625988 10.6747771342595 11.050258008639 11.4257388830184 11.6494747241339 11.4179754654567 11.1864762067795
-3.45419548948575 -4.01470282673806 -4.57521016399046 -5.13571750124277 -5.69622483849507 -6.25673217574748 -6.57714837392167 -6.8175341924031 -7.05792001088458 -7.29830582936602 -7.53869164784745 -7.77907746632892 -8.01946328481036 -8.24799771043987 -8.44097795751359 -8.63395820458729 -8.82693845166098 -9.0199186987347 -9.2128989458084 -9.40587919288209 -9.59885943995582 -8.31284176210595 -6.5338247759479 -4.75480778978954 -2.97579080363149 -1.19677381747343 0.582243168684925 2.36126015484298 3.86908104651483 4.56331365472728 5.25754626293962 5.95177887115195 6.6460114793644 7.34024408757673 8.03447669578906 8.72870930400151 9.16592800617212 9.51747540632876 9.86902280648546 10.2205702066421 10.5721176067987 10.9236650069554 11.2752124071121 11.4859385410945 11.2742008765539 11.0624632120133
-4.24911693930618 -4.65458650787662 -5.06005607644712 -5.46552564501756 -5.87099521358799 -6.27646478215849 -6.55143894751863 -6.78291464514198 -7.01439034276536 -7.24586604038871 -7.47734173801206 -7.70881743563544 -7.94029313325878 -8.1263312485483 -8.17605661683616 -8.22578198512402 -8.27550735341188 -8.32523272169975 -8.3749580899876 -8.42468345827546 -8.47440882656333 -7.25195092757593 -5.6054319394965 -3.95891295141678 -2.31239396333735 -0.665874975257912 0.980644012821803 2.62716300090124 4.03124345540985 4.7080083092053 5.38477316300063 6.06153801679596 6.7383028705914 7.41506772438673 8.09183257818206 8.76859743197751 9.18540750344588 9.51556598080521 9.8457244581646 10.1758829355239 10.5060414128833 10.8361998902426 11.166358367602 11.3630737808016 11.1594600015217 10.9558462222418
-4.32467535138123 -4.70581800738961 -5.08696066339806 -5.46810331940644 -5.84924597541483 -6.23038863142328 -6.499794614315 -6.73195503950114 -6.96411546468732 -7.19627588987347 -7.42843631505961 -7.6605967402458 -7.89275716543194 -8.008118959268 -7.77308485905335 -7.53805075883875 -7.30301665862415 -7.06798255840951 -6.8329484581949 -6.5979143579803 -6.36288025776566 -5.29092882871668 -3.94000495672271 -2.58908108472851 -1.23815721273454 0.112766659259423 1.46369053125362 2.81461440324759 4.00014061530416 4.68947384754809 5.37880707979191 6.06814031203572 6.75747354427966 7.44680677652347 8.13614000876728 8.82547324101122 9.23129212856287 9.5426062345504 9.85392034053799 10.1652344465255 10.4765485525131 10.7878626585006 11.0991767644882 11.2808804432552 11.07375284036 10.8666252374649
-4.40023376345627 -4.75704950690261 -5.113865250349 -5.47068099379533 -5.82749673724167 -6.18431248068806 -6.44815028111137 -6.68099543386031 -6.91384058660929 -7.14668573935823 -7.37953089210718 -7.61237604485616 -7.8452211976051 -7.88990666998771 -7.37011310127058 -6.85031953255354 -6.3305259638365 -5.81073239511938 -5.29093882640234 -4.7711452576853 -4.25135168896817 -3.32990672985759 -2.27457797394906 -1.21924921804036 -0.163920462131833 0.891408293776692 1.9467370496854 3.00206580559392 3.96903777519846 4.67093938589088 5.37284099658318 6.07474260727548 6.7766442179679 7.47854582866021 8.1804474393525 8.88234905004493 9.27717675367986 9.56964648829559 9.86211622291138 10.1545859575271 10.4470556921428 10.7395254267586 11.0319951613744 11.1986871057087 10.9880456791984 10.7774042526881
-4.47579217553132 -4.8082810064156 -5.14076983729994 -5.47325866818422 -5.80574749906851 -6.13823632995284 -6.39650594790773 -6.63003582821947 -6.86356570853125 -7.09709558884299 -7.33062546915473 -7.56415534946651 -7.79768522977825 -7.77169438070741 -6.96714134348777 -6.16258830626827 -5.35803526904877 -4.55348223182914 -3.74892919460964 -2.94437615739014 -2.1398231201705 -1.36888463099833 -0.609150991175272 0.150582648647914 0.91031628847097 1.67004992829403 2.42978356811721 3.18951720794027 3.93793493509277 4.65240492423368 5.36687491337446 6.08134490251525 6.79581489165616 7.51028488079694 8.22475486993773 8.93922485907864 9.32306137879684 9.59668674204078 9.87031210528476 10.1439374685287 10.4175628317726 10.6911881950166 10.9648135582606 11.1164937681623 10.9023385180368 10.6881832679113
-4.55135058760637 -4.8595125059286 -5.16767442425088 -5.47583634257311 -5.78399826089534 -6.09216017921763 -6.3448616147041 -6.57907622257864 -6.81329083045321 -7.04750543832775 -7.28172004620229 -7.51593465407687 -7.75014926195141 -7.65348209142711 -6.56416958570496 -5.474857079983 -4.38554457426104 -3.2962320685389 -2.20691956281694 -1.11760705709498 -0.0282945513728317 0.592137467860929 1.05627599159852 1.52041451533618 1.98455303907377 2.44869156281136 2.91283008654903 3.37696861028662 3.90683209498707 4.63387046257647 5.36090883016574 6.08794719775501 6.81498556534441 7.54202393293368 8.26906230052295 8.99610066811235 9.36894600391383 9.62372699578597 9.87850798765815 10.1332889795303 10.3880699714024 10.6428509632746 10.8976319551468 11.0343004306158 10.8166313568751 10.5989622831345
-4.62690899968141 -4.91074400544159 -5.19457901120182 -5.478414016962 -5.76224902272218 -6.04608402848241 -6.29321728150046 -6.5281166169378 -6.76301595237518 -6.99791528781252 -7.23281462324985 -7.46771395868723 -7.70261329412457 -7.53526980214682 -6.16119782792219 -4.78712585369779 -3.41305387947339 -2.03898190524876 -0.664909931024369 0.709162043200027 2.08323401742466 2.55315956672002 2.72170297437217 2.89024638202434 3.05878978967648 3.22733319732863 3.3958766049808 3.56442001263295 3.87572925488138 4.61533600091926 5.35494274695702 6.09454949299478 6.83415623903266 7.57376298507042 8.31336973110817 9.05297647714606 9.41483062903082 9.65076724953116 9.88670387003154 10.1226404905319 10.3585771110322 10.5945137315326 10.830450352033 10.9521070930694 10.7309241957135 10.5097412983577
-4.83173271814974 -5.10474166870107 -5.37775061925245 -5.65075956980379 -5.92376852035512 -6.1967774709065 -6.4412838538487 -6.67628938092116 -6.91129490799367 -7.14630043506614 -7.38130596213861 -7.61631148921112 -7.85131701628359 -7.63341288566621 -6.05677978197749 -4.48014667828904 -2.90351357460058 -1.32688047091186 0.249752632776594 1.82638573646505 3.40301884015377 3.80620904763533 3.81825162304766 3.83029419845999 3.84233677387232 3.85437934928465 3.86642192469697 3.8784645001093 4.06288987265672 4.76446363661013 5.46603740056341 6.1676111645167 6.8691849284701 7.57075869242339 8.27233245637667 8.97390622033008 9.31359292268752 9.53265060451294 9.75170828633839 9.9707659681638 10.1898236499892 10.4088813318147 10.6279390136401 10.7415239784454 10.5386907921898 10.3358576059342
-5.1658217430114 -5.4415054957071 -5.71718924840285 -5.99287300109856 -6.26855675379426 -6.54424050649001 -6.78906133174889 -7.02359451452883 -7.2581276973088 -7.49266088008874 -7.72719406286867 -7.96172724564865 -8.19626042842858 -7.94791134198543 -6.25091544787107 -4.553919553757 -2.85692365964293 -1.15992776552857 0.537068128585501 2.23406402269957 3.93105991681393 4.35128591060634 4.34592193762457 4.3405579646428 4.33519399166103 4.32983001867926 4.32446604569749 4.31910207271572 4.46831394831322 5.08125336964915 5.69419279098498 6.30713221232081 6.92007163365675 7.53301105499257 8.1459504763284 8.75888989766434 9.06523288488387 9.26937706073123 9.47352123657862 9.67766541242599 9.88180958827335 10.0859537641207 10.2900979399681 10.4025510867437 10.2399311463039 10.077311205864
-5.49991076787303 -5.7782693227131 -6.05662787755322 -6.3349864323933 -6.61334498723337 -6.89170354207349 -7.13683880964906 -7.37089964813646 -7.6049604866239 -7.8390213251113 -8.0730821635987 -8.30714300208614 -8.54120384057354 -8.26240979830461 -6.44505111376462 -4.62769242922495 -2.81033374468527 -0.992975060145291 0.824383624394384 2.64174230893406 4.45910099347404 4.8963627735773 4.87359225220143 4.85082173082557 4.8280512094497 4.80528068807384 4.78251016669797 4.7597396453221 4.87373802396969 5.39804310268816 5.92234818140654 6.44665326012491 6.97095833884338 7.49526341756176 8.01956849628015 8.54387357499861 8.81687284708023 9.00610351694954 9.19533418681888 9.38456485668819 9.5737955265575 9.76302619642684 9.95225686629615 10.0635781950422 9.94117150041798 9.81876480579382
-5.8339997927347 -6.11503314971914 -6.39606650670362 -6.67709986368807 -6.9581332206725 -7.23916657765699 -7.48461628754926 -7.71820478174412 -7.95179327593903 -8.18538177013389 -8.41897026432876 -8.65255875852366 -8.88614725271853 -8.57690825462382 -6.6391867796582 -4.70146530469291 -2.76374382972762 -0.826022354761998 1.11169912020329 3.04942059516858 4.9871420701342 5.44143963654831 5.40126256677834 5.36108549700838 5.32090842723842 5.28073135746845 5.24055428769849 5.20037721792853 5.27916209962618 5.71483283572718 6.15050357182811 6.58617430792903 7.02184504403003 7.45751578013095 7.89318651623188 8.32885725233287 8.56851280927658 8.74282997316783 8.91714713705912 9.09146430095037 9.26578146484163 9.44009862873291 9.61441579262416 9.72460530334055 9.64241185453207 9.56021840572362
-6.16808881759636 -6.45179697672517 -6.73550513585402 -7.01921329498283 -7.30292145411164 -7.5866296132405 -7.83239376544945 -8.06550991535179 -8.29862606525416 -8.53174221515649 -8.76485836505882 -8.99797451496119 -9.23109066486352 -8.89140671094303 -6.83332244555177 -4.77523818016087 -2.71715391476996 -0.659069649378707 1.3990146160122 3.4570988814031 5.51518314679436 5.98651649951931 5.92893288135525 5.87134926319119 5.81376564502713 5.75618202686307 5.698598408699 5.64101479053495 5.68458617528268 6.03162256876621 6.37865896224968 6.72569535573315 7.07273174921667 7.41976814270014 7.76680453618361 8.11384092966713 8.32015277147293 8.47955642938613 8.63896008729935 8.79836374521255 8.95776740312575 9.11717106103898 9.27657471895218 9.38563241163893 9.34365220864617 9.30167200565341
-6.50217784245799 -6.78856080373117 -7.0749437650044 -7.36132672627757 -7.64770968755075 -7.93409264882397 -8.18017124334962 -8.41281504895942 -8.64545885456925 -8.87810266017905 -9.11074646578884 -9.34339027139868 -9.57603407700848 -9.20590516726221 -7.02745811144533 -4.84901105562882 -2.67056399981231 -0.492116943995429 1.68633011182108 3.86477716763759 6.04322422345447 6.53159336249027 6.45660319593212 6.38161302937395 6.3066228628158 6.23163269625765 6.15664252969948 6.08165236314133 6.09001025093915 6.34841230180521 6.60681435267123 6.86521640353725 7.12361845440331 7.38202050526933 7.64042255613535 7.89882460700141 8.07179273366929 8.21628288560444 8.36077303753961 8.50526318947476 8.6497533414099 8.79424349334508 8.93873364528022 9.04665951993735 9.04489256276029 9.04312560558323
-6.522767663002 -6.8146485884984 -7.10652951399485 -7.39841043949125 -7.69029136498765 -7.98217229048411 -8.22566453615823 -8.45302722189159 -8.68038990762499 -8.90775259335835 -9.13511527909171 -9.36247796482511 -9.58984065055847 -9.20182760821503 -6.96768738163871 -4.73354715506277 -2.49940692848684 -0.265266701910517 1.96887352466542 4.20301375124136 6.43715397781768 6.94047404130298 6.86685405042435 6.7932340595457 6.71961406866707 6.64599407778844 6.57237408690979 6.49875409603116 6.49270607365493 6.6893739567862 6.88604183991743 7.08270972304866 7.27937760617993 7.47604548931116 7.67271337244239 7.86938125557366 8.01740108728405 8.14920490185415 8.28100871642428 8.41281253099438 8.54461634556448 8.67642016013461 8.80822397470471 8.91084314717186 8.92590839333003 8.94097363948821
-6.22985827922818 -6.53006033102667 -6.8302623828252 -7.13046443462369 -7.43066648642217 -7.73086853822071 -7.96887364387511 -8.18614643414813 -8.40341922442118 -8.6206920146942 -8.83796480496722 -9.05523759524028 -9.2725103855133 -8.87917403380129 -6.65401025613177 -4.42884647846262 -2.20368270079348 0.0214810768760447 2.24664485454519 4.47180863221434 6.69697240988386 7.21315853595732 7.15968544483183 7.10621235370634 7.05273926258085 6.99926617145537 6.94579308032987 6.89231998920438 6.89267364343 7.05450753370916 7.21634142398829 7.37817531426741 7.54000920454657 7.7018430948257 7.86367698510483 8.02551087538398 8.15697783231732 8.27832247813539 8.39966712395348 8.52101176977155 8.64235641558961 8.7637010614077 8.88504570722577 8.97818329334258 8.98669970035552 8.99521610736846
