data/working_set_collections/6091692-Cassins_Sparrow-MC/1995/bio9.asc
NCOLS 265 
NROWS 230 
XLLCORNER -115.5625 
YLLCORNER 24.8333333333333 
CELLSIZE 0.0833333333333333 
NODATA_value -9999 
[rows 200 to 219 of 230, columns 92 to 137 of 265]
16.0089457432429 15.5012977520625 14.9936497608821 14.4860017697017 13.9783537785212 13.7073307355245 13.5151826752557 13.3230346149869 13.1308865547181 12.9387384944493 12.7465904341805 12.5544423739117 12.4081091562908 12.3992204666139 12.390331776937 12.38144308726 12.3725543975831 12.3636657079061 12.3547770182292 12.3458883285523 12.3098038196564 12.2646540376875 12.2195042557187 12.1743544737498 12.129204691781 12.0840549098121 12.0389051278432 12.0130602015389 12.0451298422284 12.0771994829178 12.1092691236072 12.1413387642966 12.1734084049861 12.2054780456755 12.2375476863649 12.2137509028117 12.1713319778442 12.1289130528768 12.0864941279093 12.0440752029419 12.0016562779744 11.959237353007 11.9409387244118 11.9950009849336 12.0490632454554 12.1031255059772
16.5217487414678 15.9902407725652 15.4587328036626 14.9272248347601 14.3957168658574 13.9821065584819 13.6077954716153 13.2334843847487 12.8591732978822 12.4848622110157 12.1105511241491 11.7362400372825 11.4802574793499 11.5792605082196 11.6782635370892 11.7772665659588 11.8762695948284 11.975272623698 12.0742756525676 12.1732786814372 12.1656543254853 12.1224875079261 12.079320690367 12.0361538728079 11.9929870552487 11.9498202376896 11.9066534201304 11.8883147743013 11.9444606436624 12.0006065130234 12.0567523823844 12.1128982517454 12.1690441211065 12.2251899904675 12.2813358598285 12.2761321385701 12.250478553772 12.2248249689738 12.1991713841756 12.1735177993774 12.1478642145792 12.1222106297811 12.1169747696982 12.1729920837614 12.2290093978246 12.2850267118877
17.0345517396927 16.4791837930679 15.9238158464432 15.3684478998185 14.8130799531937 14.2568823814393 13.700408267975 13.1439341545106 12.5874600410463 12.030985927582 11.4745118141176 10.9180377006533 10.552405802409 10.7593005498251 10.9661952972413 11.1730900446574 11.3799847920736 11.5868795394898 11.7937742869059 12.0006690343221 12.0215048313141 11.9803209781647 11.9391371250153 11.8979532718659 11.8567694187165 11.815585565567 11.7744017124176 11.7635693470637 11.8437914450963 11.924013543129 12.0042356411616 12.0844577391942 12.1646798372269 12.2449019352595 12.3251240332921 12.3385133743286 12.3296251296997 12.3207368850708 12.3118486404419 12.302960395813 12.2940721511841 12.2851839065552 12.2930108149846 12.3509831825892 12.4089555501937 12.4669279177983
17.5473547379176 16.9681268135707 16.3888988892238 15.8096709648769 15.2304430405299 14.5316582043967 13.7930210643346 13.0543839242724 12.3157467842104 11.5771096441483 10.8384725040861 10.0998353640241 9.624554125468 9.93934059143074 10.2541270573934 10.5689135233561 10.8836999893189 11.1984864552816 11.5132729212443 11.828059387207 11.877355337143 11.8381544484033 11.7989535596636 11.7597526709239 11.7205517821842 11.6813508934445 11.6421500047048 11.6388239198261 11.7431222465303 11.8474205732346 11.9517188999388 12.056017226643 12.1603155533473 12.2646138800515 12.3689122067557 12.4008946100871 12.4087717056274 12.4166488011678 12.4245258967082 12.4324029922485 12.4402800877889 12.4481571833292 12.469046860271 12.528974281417 12.5889017025629 12.6488291237089
18.0185255818897 17.4183908489015 16.8182561159134 16.2181213829253 15.6179866499371 14.8288379430772 13.9766845782599 13.1245312134425 12.2723778486253 11.420224483808 10.5680711189907 9.71591775417341 9.15878473387817 9.48671274714998 9.81464076042173 10.1425687736935 10.4704967869653 10.798424800237 11.1263528135088 11.4542808267806 11.5305860678356 11.5230170514849 11.5154480351343 11.5078790187836 11.500310002433 11.4927409860823 11.4851719697317 11.5105368349287 11.6347033447689 11.7588698546092 11.8830363644494 12.0072028742896 12.1313693841298 12.25553589397 12.3797024038103 12.4311751683553 12.4584166844686 12.4856582005819 12.5128997166951 12.5401412328084 12.5673827489217 12.594624265035 12.6288978921042 12.6842678520414 12.7396378119786 12.7950077719158
18.4480642716091 17.8299758990606 17.2118875265122 16.5937991539638 15.9757107814153 15.1484215974809 14.251398809751 13.354376022021 12.4573532342912 11.5603304465614 10.6633076588314 9.76628487110152 9.15509762763972 9.40141701698302 9.64773640632628 9.89405579566954 10.1403751850128 10.3866945743561 10.6330139636994 10.8793333530427 10.9811970233918 11.0349087874095 11.0886205514273 11.142332315445 11.1960440794627 11.2497558434805 11.3034676074982 11.3787080923716 11.5185347398122 11.6583613872528 11.7981880346934 11.938014682134 12.0778413295746 12.2176679770152 12.3574946244557 12.4293550491333 12.4785600662231 12.527765083313 12.5769701004028 12.6261751174927 12.6753801345825 12.7245851516723 12.7725639104843 12.8168638944626 12.8611638784408 12.9054638624191
18.8776029613284 18.2415609492196 17.605518937111 16.9694769250023 16.3334349128935 15.4680052518846 14.5261130412421 13.5842208305995 12.6423286199571 11.7004364093147 10.7585441986721 9.81665198802963 9.15141052140126 9.31612128681606 9.48083205223083 9.6455428176456 9.8102535830604 9.97496434847517 10.1396751138899 10.3043858793047 10.431807978948 10.5468005233341 10.6617930677202 10.7767856121064 10.8917781564925 11.0067707008786 11.1217632452647 11.2468793498145 11.4023661348555 11.5578529198964 11.7133397049374 11.8688264899783 12.0243132750193 12.1798000600603 12.3352868451012 12.4275349299113 12.4987034479777 12.5698719660441 12.6410404841105 12.7122090021769 12.7833775202433 12.8545460383097 12.9162299288643 12.9494599368837 12.982689944903 13.0159199529224
19.3071416510477 18.6531459993786 17.9991503477097 17.3451546960408 16.6911590443717 15.7875889062883 14.8008272727332 13.814065639178 12.827304005623 11.840542372068 10.8537807385128 9.86701910495774 9.14772341516281 9.23082555664911 9.3139276981354 9.39702983962168 9.48013198110798 9.56323412259426 9.64633626408055 9.72943840556685 9.88241893450427 10.0586922592588 10.2349655840133 10.4112389087677 10.5875122335222 10.7637855582767 10.9400588830312 11.1150506072574 11.2861975298987 11.4573444525401 11.6284913751814 11.7996382978227 11.9707852204641 12.1419321431054 12.3130790657467 12.4257148106893 12.5188468297322 12.6119788487752 12.7051108678182 12.7982428868611 12.8913749059041 12.9845069249471 13.0598959472444 13.0820559793048 13.1042160113652 13.1263760434256
19.736680340767 19.0647310495377 18.3927817583085 17.7208324670793 17.0488831758499 16.107172560692 15.0755415042243 14.0439104477565 13.0122793912889 11.9806483348213 10.9490172783535 9.91738622188585 9.14403630892436 9.14552982648215 9.14702334403994 9.14851686159774 9.15001037915553 9.15150389671333 9.15299741427112 9.15449093182891 9.33302989006048 9.57058399518334 9.80813810030624 10.0456922054291 10.283246310552 10.5208004156749 10.7583545207977 10.9832218647003 11.170028924942 11.3568359851837 11.5436430454254 11.7304501056671 11.9172571659088 12.1040642261505 12.2908712863922 12.4238946914673 12.5389902114868 12.6540857315063 12.7691812515258 12.8842767715454 12.9993722915649 13.1144678115844 13.2035619656245 13.2146520217259 13.2257420778274 13.2368321339289
20.1662190304863 19.4763160996967 18.7864131689072 18.0965102381177 17.4066073073281 16.4267562150957 15.3502557357154 14.273755256335 13.1972547769548 12.1207542975746 11.0442538181942 9.96775333881396 9.1403492026859 9.06023409631519 8.9801189899445 8.9000038835738 8.81988877720308 8.73977367083239 8.65965856446169 8.57954345809098 8.78364084561669 9.08247573110792 9.38131061659922 9.68014550209046 9.9789803875817 10.277815273073 10.5766501585642 10.8513931221432 11.0538603199852 11.2563275178273 11.4587947156694 11.6612619135114 11.8637291113535 12.0661963091956 12.2686635070376 12.4220745722453 12.5591335932413 12.6961926142374 12.8332516352335 12.9703106562296 13.1073696772257 13.2444286982218 13.3472279840045 13.3472480641471 13.3472681442896 13.3472882244322
20.5837217383915 19.8894871658749 19.1952525933584 18.5010180208419 17.8067834483253 16.8282841523489 15.7550299485526 14.6817757447561 13.6085215409597 12.5352673371634 11.4620131333669 10.3887589295705 9.53758058018143 9.35262979401471 9.16767900784803 8.98272822168134 8.79777743551463 8.61282664934794 8.42787586318126 8.24292507701454 8.44925283590949 8.78600677649174 9.12276071707406 9.45951465765631 9.79626859823856 10.1330225388209 10.4697764794031 10.7740078025394 10.9806712733374 11.1873347441355 11.3939982149336 11.6006616857316 11.8073251565297 12.0139886273278 12.2206520981258 12.3802133321762 12.5240738206439 12.6679343091117 12.8117947975794 12.9556552860472 13.0995157745149 13.2433762629827 13.3662193139394 13.4260100523631 13.4858007907867 13.5455915292103
20.9891884644827 20.3042442480723 19.619300031662 18.9343558152517 18.2494115988414 17.3117563724519 16.2898641427359 15.2679719130198 14.2460796833039 13.224187453588 12.2022952238719 11.1804029941559 10.3357304414113 10.022716919581 9.70970339775082 9.39668987592061 9.08367635409036 8.77066283226016 8.45764931042996 8.1446357885997 8.32986586093899 8.68117713133488 9.03248840173083 9.38379967212672 9.73511094252261 10.0864222129186 10.4377334833145 10.7510659058888 10.9504617849985 11.1498576641082 11.3492535432179 11.5486494223276 11.7480453014374 11.947441180547 12.1468370596567 12.2983109712601 12.4338108936945 12.569310816129 12.7048107385635 12.840310660998 12.9758105834325 13.111310505867 13.2605359554291 13.4509379863738 13.6413400173187 13.8317420482635
21.3946551905739 20.7190013302697 20.0433474699657 19.3676936096616 18.6920397493575 17.7952285925548 16.8246983369193 15.8541680812836 14.8836378256481 13.9131075700125 12.9425773143768 11.9720470587413 11.1338803026411 10.6928040451473 10.2517277876536 9.81065153015989 9.36957527266609 8.92849901517238 8.48742275767866 8.04634650018486 8.21047888596848 8.57634748617801 8.9422160863876 9.30808468659714 9.67395328680667 10.0398218870163 10.4056904872258 10.7281240092383 10.9202522966596 11.112380584081 11.3045088715023 11.4966371589236 11.688765446345 11.8808937337663 12.0730220211876 12.2164086103439 12.3435479667451 12.4706873231464 12.5978266795476 12.7249660359488 12.8521053923501 12.9792447487513 13.1548525969187 13.4758659203846 13.7968792438506 14.1178925673166
21.8001219166651 21.1337584124671 20.4673949082693 19.8010314040715 19.1346678998735 18.2787008126578 17.3595325311026 16.4403642495474 15.5211959679922 14.6020276864371 13.6828594048818 12.7636911233267 11.932030163871 11.3628911707136 10.7937521775564 10.2246131843992 9.65547419124183 9.08633519808459 8.51719620492736 7.94805721177003 8.09109191099797 8.47151784102115 8.85194377104438 9.23236970106755 9.61279563109072 9.99322156111396 10.3736474911371 10.7051821125878 10.8900428083207 11.0749035040537 11.2597641997867 11.4446248955196 11.6294855912526 11.8143462869856 11.9992069827185 12.1345062494278 12.2532850397958 12.3720638301637 12.4908426205317 12.6096214108997 12.7284002012676 12.8471789916356 13.0491692384083 13.5007938543954 13.9524184703826 14.4040430863697
22.2055886427562 21.5485154946645 20.8914423465729 20.2343691984813 19.5772960503896 18.7621730327607 17.894366725286 17.0265604178111 16.1587541103363 15.2909478028616 14.4231414953867 13.555335187912 12.7301800251007 12.0329782962799 11.3357765674591 10.6385748386384 9.94137310981754 9.2441713809968 8.54696965217606 7.8497679233552 7.97170493602748 8.36668819586429 8.76167145570116 9.15665471553797 9.55163797537478 9.94662123521165 10.3416044950485 10.6822402159373 10.8598333199818 11.0374264240265 11.2150195280711 11.3926126321156 11.5702057361603 11.7477988402048 11.9253919442494 12.0526038885117 12.1630221128464 12.2734403371811 12.3838585615158 12.4942767858505 12.6046950101852 12.71511323452 12.943485879898 13.5257217884062 14.1079576969145 14.6901936054228
22.6110553688474 21.9632725768619 21.3154897848765 20.6677069928912 20.0199242009057 19.2456452528636 18.4292009194693 17.6127565860748 16.7963122526805 15.9798679192861 15.1634235858916 14.3469792524973 13.5283298863305 12.7030654218461 11.8778009573619 11.0525364928776 10.2272720283932 9.402007563909 8.57674309942476 7.75147863494037 7.85231796105698 8.26185855070743 8.67139914035794 9.08093973000839 9.49048031965884 9.90002090930935 10.3095614989598 10.6592983192867 10.829623831643 10.9999493439992 11.1702748563554 11.3406003687116 11.5109258810679 11.6812513934241 11.8515769057803 11.9707015275955 12.072759185897 12.1748168441984 12.2768745024999 12.3789321608014 12.4809898191028 12.5830474774043 12.8378025213876 13.550649722417 14.2634969234465 14.9763441244759
23.0093195597332 22.3975687662761 21.7858179728191 21.174067179362 20.5623163859049 19.8131659984589 19.0182157463499 18.2232654942407 17.4283152421316 16.6333649900226 15.8384147379134 15.0434644858043 14.2219953695934 13.3209696610769 12.4199439525605 11.5189182440441 10.6178925355276 9.71686682701121 8.81584111849482 7.91481540997829 7.9868914524713 8.38333474530101 8.77977803813079 9.17622133096049 9.5726646237902 9.96910791661998 10.3655512094497 10.7129112058215 10.9130213128195 11.1131314198175 11.3132415268155 11.5133516338135 11.7134617408116 11.9135718478096 12.1136819548076 12.2397916873295 12.3412346283594 12.4426775693892 12.5441205104191 12.645563451449 12.7470063924788 12.8484493335087 13.095146316952 13.7776054276358 14.4600645383198 15.1425236490036
23.4003812154135 22.8514040629069 22.3024269104004 21.7534497578939 21.2044726053873 20.4647352695465 19.6614112059276 18.8580871423085 18.0547630786896 17.2514390150707 16.4481149514516 15.6447908878327 14.8111764748892 13.886691013972 12.9622055530549 12.0377200921378 11.1132346312205 10.1887491703034 9.26426370938632 8.33977824846907 8.37542541027056 8.73111677964514 9.08680814901978 9.44249951839436 9.79819088776894 10.1538822571436 10.5095736265182 10.8430788755416 11.1100257635115 11.3769726514815 11.6439195394515 11.9108664274214 12.1778133153914 12.4447602033614 12.7117070913313 12.8598743677138 12.9684484402337 13.0770225127537 13.1855965852736 13.2941706577935 13.4027447303135 13.5113188028334 13.7155172665912 14.2065889040627 14.6976605415343 15.1887321790058
23.7914428710938 23.3052393595377 22.8190358479817 22.3328323364258 21.8466288248697 21.1163045406342 20.3046066655053 19.4929087903764 18.6812109152476 17.8695130401188 17.0578151649899 16.246117289861 15.400357580185 14.452412366867 13.5044671535492 12.5565219402314 11.6085767269134 10.6606315135956 9.71268630027782 8.76474108695985 8.76395936806983 9.07889881398928 9.39383825990878 9.70877770582824 10.0237171517477 10.3386565976672 10.6535960435866 10.9732465452617 11.3070302142036 11.6408138831455 11.9745975520874 12.3083812210293 12.6421648899713 12.9759485589131 13.309732227855 13.4799570480981 13.5956622521081 13.7113674561181 13.8270726601281 13.9427778641381 14.0584830681481 14.1741882721581 14.3358882162304 14.6355723804896 14.9352565447488 15.234940709008
24.1825045267741 23.7590746561686 23.3356447855632 22.9122149149577 22.4887850443522 21.7678738117219 20.9478021250832 20.1277304384444 19.3076587518057 18.487587065167 17.6675153785282 16.8474436918895 15.9895386854809 15.0181337197622 14.0467287540437 13.0753237883252 12.1039188226065 11.1325138568879 10.1611088911694 9.18970392545071 9.15249332586915 9.42668084833347 9.70086837079783 9.97505589326215 10.2492434157265 10.5234309381908 10.7976184606551 11.1034142149818 11.5040346648957 11.9046551148096 12.3052755647234 12.7058960146373 13.1065164645512 13.507136914465 13.9077573643789 14.1000397284825 14.2228760639825 14.3457123994826 14.4685487349827 14.5913850704828 14.7142214059829 14.837057741483 14.9562591658697 15.0645558569166 15.1728525479634 15.2811492390103
