data/working_set_collections/6091692-Cassins_Sparrow-MC/1995/bio9.asc
NCOLS 265 
NROWS 230 
XLLCORNER -115.5625 
YLLCORNER 24.8333333333333 
CELLSIZE 0.0833333333333333 
NODATA_value -9999 
[rows 100 to 119 of 230, columns 138 to 183 of 265]
5.94840751488997 6.01761324405665 6.08681897322332 6.15602470238998 6.15488219261167 6.13029026985166 6.10569834709166 6.08110642433164 6.05651450157164 6.03192257881163 6.00733065605162 5.96372853914897 5.86309583981833 5.76246314048767 5.66183044115703 5.56119774182639 5.46056504249573 5.35993234316508 5.25929964383444 5.22742810249327 5.21847694714862 5.20952579180398 5.20057463645934 5.19162348111469 5.18267232577005 5.1737211704254 5.16501598358153 5.15704870223998 5.14908142089843 5.14111413955687 5.13314685821532 5.12517957687377 5.11721229553222 5.10924501419067 5.10401998758315 5.09970904588699 5.09539810419082 5.09108716249465 5.08677622079849 5.08246527910232 5.07815433740615 5.07408379713694 5.07073446114857 5.06738512516021 5.06403578917184 5.06068645318348
6.18424975872035 6.23726896444952 6.29028817017869 6.34330737590785 6.32975649833677 6.29401559299891 6.25827468766105 6.22253378232319 6.18679287698533 6.15105197164747 6.1153110663096 6.06375061141121 5.96473150783116 5.8657124042511 5.76669330067106 5.66767419709101 5.56865509351095 5.4696359899309 5.37061688635086 5.33709829648334 5.32541321118671 5.31372812589009 5.30204304059345 5.29035795529682 5.27867287000019 5.26698778470356 5.25474303563435 5.24081929524739 5.22689555486042 5.21297181447346 5.1990480740865 5.18512433369954 5.17120059331258 5.15727685292562 5.15033781131108 5.14572700262069 5.1411161939303 5.13650538523991 5.13189457654952 5.12728376785914 5.12267295916875 5.1196923441357 5.12160231007469 5.12351227601368 5.12542224195268 5.12733220789167
6.3800827529695 6.42371102174121 6.4673392905129 6.5109675592846 6.49247571627298 6.45327716933355 6.41407862239413 6.3748800754547 6.33568152851528 6.29648298157585 6.25728443463642 6.20500741004944 6.11349495251974 6.02198249499002 5.93047003746032 5.83895757993062 5.74744512240091 5.65593266487121 5.56442020734151 5.52592360575991 5.50509895616105 5.48427430656219 5.46344965696333 5.44262500736447 5.4218003577656 5.40097570816674 5.38258846203485 5.37151342630385 5.36043839057285 5.34936335484185 5.33828831911085 5.32721328337985 5.31613824764885 5.30506321191785 5.30197956959404 5.30155972507262 5.3011398805512 5.30072003602978 5.30030019150836 5.29988034698695 5.29946050246553 5.30003189113401 5.3035769793722 5.30712206761039 5.31066715584857 5.31421224408676
6.53590649763739 6.57693941593167 6.61797233422594 6.6590052525202 6.64303984642027 6.60807499885557 6.57311015129088 6.53814530372617 6.50318045616148 6.46821560859678 6.43325076103208 6.38749893506367 6.30938617388406 6.23127341270444 6.15316065152484 6.07504789034524 5.99693512916562 5.91882236798602 5.84070960680641 5.79390403032299 5.75753418207165 5.72116433382031 5.68479448556897 5.64842463731763 5.61205478906629 5.57568494081495 5.54855226278302 5.54913109540936 5.5497099280357 5.55028876066204 5.55086759328839 5.55144642591473 5.55202525854107 5.55260409116741 5.55894526243205 5.5672072132428 5.57546916405355 5.5837311148643 5.59199306567505 5.6002550164858 5.60851696729655 5.61510243813191 5.61665846904113 5.61821449995035 5.61977053085958 5.6213265617688
6.6917302423053 6.73016781012214 6.76860537793898 6.80704294575582 6.79360397656757 6.7628728283776 6.73214168018764 6.70141053199766 6.6706793838077 6.63994823561773 6.60921708742775 6.56999046007791 6.5052773952484 6.44056433041889 6.37585126558938 6.31113820075987 6.24642513593036 6.18171207110085 6.11699900627134 6.06188445488609 6.00996940798227 5.95805436107845 5.90613931417463 5.85422426727081 5.802309220367 5.75039417346317 5.71451606353121 5.72674876451489 5.73898146549858 5.75121416648226 5.76344686746594 5.77567956844962 5.7879122694333 5.80014497041698 5.81591095527009 5.83285470141301 5.84979844755592 5.86674219369884 5.88368593984175 5.90062968598467 5.91757343212759 5.93017298512984 5.9297399587101 5.92930693229035 5.9288739058706 5.92844087945086
6.8475539869732 6.88339620431262 6.91923842165203 6.95508063899143 6.94416810671487 6.91767065789963 6.8911732090844 6.86467576026915 6.83817831145391 6.81168086263867 6.78518341382343 6.75248198509215 6.70116861661274 6.64985524813333 6.59854187965392 6.54722851117451 6.49591514269509 6.44460177421568 6.39328840573627 6.32986487944919 6.26240463389289 6.1949443883366 6.12748414278029 6.06002389722399 5.9925636516677 5.92510340611139 5.8804798642794 5.90436643362043 5.92825300296145 5.95213957230247 5.97602614164349 5.99991271098452 6.02379928032554 6.04768584966656 6.07287664810813 6.09850218958321 6.1241277310583 6.14975327253338 6.17537881400846 6.20100435548354 6.22662989695863 6.24524353212777 6.24282144837906 6.24039936463035 6.23797728088164 6.23555519713292
7.0033777316411 7.03662459850308 7.06987146536506 7.10311833222704 7.09473223686216 7.07246848742165 7.05020473798114 7.02794098854063 7.00567723910011 6.9834134896596 6.96114974021909 6.93497351010638 6.89705983797707 6.85914616584775 6.82123249371844 6.78331882158912 6.7454051494598 6.70749147733049 6.66957780520118 6.59784530401227 6.51483985980349 6.43183441559472 6.34882897138593 6.26582352717716 6.18281808296839 6.0998126387596 6.04644366502758 6.08198410272594 6.11752454042431 6.15306497812267 6.18860541582103 6.2241458535194 6.25968629121776 6.29522672891612 6.32984234094615 6.3641496777534 6.39845701456064 6.4327643513679 6.46707168817514 6.50137902498239 6.53568636178965 6.56031407912567 6.55590293804799 6.55149179697031 6.54708065589264 6.54266951481496
7.159201476309 7.18985299269356 7.2205045090781 7.25115602546265 7.24529636700946 7.22726631694368 7.2092362668779 7.19120621681211 7.17317616674633 7.15514611668055 7.13711606661477 7.11746503512063 7.09295105934141 7.06843708356219 7.04392310778297 7.01940913200376 6.99489515622454 6.97038118044532 6.9458672046661 6.86582572857537 6.76727508571412 6.66872444285286 6.57017379999159 6.47162315713034 6.37307251426909 6.27452187140782 6.21240746577577 6.25960177183147 6.30679607788718 6.35399038394288 6.40118468999858 6.44837899605429 6.49557330210999 6.54276760816569 6.58680803378419 6.6297971659236 6.67278629806301 6.71577543020244 6.75876456234185 6.80175369448126 6.84474282662069 6.8753846261236 6.86898442771695 6.86258422931031 6.85618403090367 6.84978383249702
7.25151857799953 7.2741426150004 7.29676665200127 7.31939068900214 7.31486922899882 7.3012992699941 7.28772931098938 7.27415935198466 7.26058939297994 7.24701943397522 7.2334494749705 7.21987576617135 7.20629080798891 7.19270584980647 7.17912089162402 7.16553593344158 7.15195097525914 7.1383660170767 7.12478105889426 7.04137459595999 6.93469429810843 6.82801400025688 6.7213337024053 6.61465340455375 6.50797310670219 6.40129280885062 6.3357321222623 6.39353026946383 6.45132841666537 6.50912656386691 6.56692471106844 6.62472285826999 6.68252100547152 6.74031915267305 6.79218902985252 6.84208281702462 6.89197660419673 6.94187039136884 6.99176417854094 7.04165796571304 7.09155175288515 7.12655495140286 7.11688638395731 7.10721781651177 7.09754924906623 7.08788068162069
7.28032903671264 7.28949346542358 7.29865789413452 7.30782232284546 7.3034508228302 7.29456734657288 7.28568387031556 7.27680039405823 7.2679169178009 7.25903344154358 7.25014996528625 7.24220570325851 7.23707908391952 7.23195246458053 7.22682584524154 7.22169922590255 7.21657260656356 7.21144598722457 7.20631936788558 7.12449190616608 7.0170974969864 6.90970308780672 6.80230867862702 6.69491426944734 6.58751986026766 6.48012545108796 6.41641763448712 6.48376959562298 6.55112155675885 6.61847351789471 6.68582547903057 6.75317744016644 6.8205294013023 6.88788136243816 6.94598532915112 7.00100663105643 7.05602793296174 7.11104923486706 7.16607053677237 7.22109183867768 7.276113140583 7.3138250549634 7.29960880676903 7.28539255857465 7.27117631038027 7.2569600621859
7.30913949542575 7.30484431584676 7.30054913626777 7.29625395668878 7.29203241666158 7.28783542315165 7.28363842964172 7.2794414361318 7.27524444262187 7.27104744911194 7.26685045560201 7.26453564034568 7.26786735985014 7.2711990793546 7.27453079885906 7.27786251836352 7.28119423786798 7.28452595737244 7.2878576768769 7.20760921637218 7.09950069586437 6.99139217535657 6.88328365484874 6.77517513434094 6.66706661383313 6.5589580933253 6.49710314671196 6.57400892178214 6.65091469685234 6.72782047192252 6.80472624699271 6.88163202206291 6.95853779713309 7.03544357220327 7.09978162844973 7.15993044508824 7.22007926172676 7.28022807836529 7.34037689500381 7.40052571164233 7.46067452828086 7.50109515852396 7.48233122958075 7.46356730063754 7.44480337169433 7.42603944275112
7.33794995413886 7.32019516626994 7.30244037840102 7.2846855905321 7.28061401049296 7.28110349973043 7.2815929889679 7.28208247820536 7.28257196744283 7.2830614566803 7.28355094591776 7.28686557743284 7.29865563578075 7.31044569412867 7.32223575247658 7.33402581082449 7.3458158691724 7.35760592752032 7.36939598586823 7.29072652657828 7.18190389474235 7.07308126290641 6.96425863107046 6.85543599923453 6.7466133673986 6.63779073556265 6.57778865893679 6.6642482479413 6.75070783694583 6.83716742595034 6.92362701495485 7.01008660395937 7.09654619296388 7.18300578196839 7.25357792774833 7.31885425912006 7.38413059049179 7.44940692186352 7.51468325323525 7.57995958460698 7.64523591597872 7.68836526208452 7.66505365239248 7.64174204270043 7.61843043300839 7.59511882331635
7.36676041285197 7.33554601669312 7.30433162053427 7.27311722437542 7.26919560432434 7.2743715763092 7.27954754829407 7.28472352027893 7.28989949226379 7.29507546424865 7.30025143623352 7.30919551452 7.32944391171136 7.34969230890273 7.36994070609409 7.39018910328546 7.41043750047682 7.43068589766818 7.45093429485955 7.37384383678437 7.26430709362031 7.15477035045626 7.04523360729218 6.93569686412812 6.82616012096407 6.71662337779999 6.65847417116162 6.75448757410045 6.8505009770393 6.94651437997814 7.04252778291698 7.13854118585583 7.23455458879466 7.3305679917335 7.40737422704693 7.47777807315186 7.5481819192568 7.61858576536174 7.68898961146668 7.75939345757161 7.82979730367656 7.87563536564507 7.84777607520419 7.81991678476331 7.79205749432244 7.76419820388156
7.39557087156509 7.3508968671163 7.30622286266752 7.26154885821874 7.25777719815572 7.26763965288798 7.27750210762024 7.2873645623525 7.29722701708475 7.30708947181701 7.31695192654927 7.33152545160717 7.36023218764198 7.3889389236768 7.41764565971161 7.44635239574643 7.47505913178125 7.50376586781606 7.53247260385087 7.45696114699046 7.34671029249828 7.2364594380061 7.1262085835139 7.01595772902172 6.90570687452954 6.79545602003734 6.73915968338645 6.84472690025961 6.95029411713279 7.05586133400595 7.16142855087911 7.26699576775229 7.37256298462546 7.47813020149862 7.56117052634554 7.63670188718368 7.71223324802182 7.78776460885998 7.86329596969812 7.93882733053626 8.01435869137442 8.06290546920563 8.03049849801592 7.9980915268262 7.9656845556365 7.93327758444679
7.38199244075354 7.32625784873964 7.27052325672576 7.21478866471187 7.21095999479295 7.2244332989057 7.23790660301845 7.2513799071312 7.26485321124395 7.2783265153567 7.29179981946946 7.30996092425452 7.34218543105655 7.37440993785858 7.40663444466061 7.43885895146264 7.47108345826467 7.5033079650667 7.53553247186873 7.46875907182696 7.3689863695039 7.26921366718083 7.16944096485775 7.06966826253469 6.96989556021163 6.87012285788855 6.82192368110018 6.92844508091605 7.03496648073194 7.14148788054781 7.24800928036368 7.35453068017957 7.46105207999544 7.56757347981132 7.65474800666172 7.73547357585693 7.81619914505214 7.89692471424737 7.97765028344258 8.05837585263779 8.13910142183302 8.19185071256426 8.16067116790348 8.12949162324269 8.09831207858191 8.06713253392113
7.32602512041731 7.26162896156313 7.19723280270897 7.13283664385481 7.128743994236 7.14475251436234 7.16076103448869 7.17676955461503 7.19277807474137 7.20878659486771 7.22479511499406 7.24450193246206 7.27530364195506 7.30610535144807 7.33690706094107 7.36770877043407 7.39851047992707 7.42931218942007 7.46011389891307 7.40923761129382 7.33113532463712 7.25303303798042 7.17493075132371 7.09682846466702 7.01872617801032 6.94062389135361 6.90676616430279 7.00564211606975 7.10451806783673 7.2033940196037 7.30226997137066 7.40114592313764 7.5000218749046 7.59889782667157 7.68810666799543 7.77409313917157 7.86007961034772 7.94606608152387 8.03205255270001 8.11803902387616 8.20402549505231 8.26247109572092 8.23829408486684 8.21411707401275 8.18994006315866 8.16576305230458
7.27005780008107 7.19700007438662 7.12394234869218 7.05088462299774 7.04652799367905 7.06507172981899 7.08361546595892 7.10215920209885 7.12070293823879 7.13924667437872 7.15779041051865 7.17904294066959 7.20842185285356 7.23780076503754 7.26717967722151 7.29655858940549 7.32593750158946 7.35531641377344 7.38469532595741 7.34971615076067 7.29328427977034 7.23685240878001 7.18042053778967 7.12398866679934 7.06755679580901 7.01112492481867 6.99160864750541 7.08283915122346 7.17406965494153 7.26530015865959 7.35653066237764 7.44776116609571 7.53899166981377 7.63022217353182 7.72146532932915 7.81271270248622 7.9039600756433 7.99520744880038 8.08645482195745 8.17770219511453 8.26894956827161 8.33309147887759 8.3159170018302 8.29874252478281 8.28156804773542 8.26439357068803
7.21409047974483 7.1323711872101 7.05065189467539 6.96893260214067 6.96431199312211 6.98539094527563 7.00646989742915 7.02754884958268 7.0486278017362 7.06970675388972 7.09078570604325 7.11358394887712 7.14154006375207 7.16949617862702 7.19745229350196 7.2254084083769 7.25336452325185 7.2813206381268 7.30927675300174 7.29019469022752 7.25543323490356 7.2206717795796 7.18591032425563 7.15114886893167 7.11638741360771 7.08162595828374 7.07645113070803 7.16003618637717 7.24362124204633 7.32720629771548 7.41079135338462 7.49437640905378 7.57796146472293 7.66154652039207 7.75482399066287 7.85133226580087 7.94784054093887 8.04434881607689 8.14085709121489 8.2373653663529 8.33387364149091 8.40371186203426 8.39353991879357 8.38336797555287 8.37319603231217 8.36302408907148
7.1581231594086 7.0677423000336 6.9773614406586 6.88698058128361 6.88209599256516 6.90571016073228 6.92932432889939 6.95293849706651 6.97655266523362 7.00016683340073 7.02378100156785 7.04812495708466 7.07465827465058 7.1011915922165 7.12772490978242 7.15425822734833 7.18079154491425 7.20732486248017 7.23385818004609 7.23067322969438 7.21758219003678 7.20449115037919 7.19140011072159 7.17830907106399 7.1652180314064 7.1521269917488 7.16129361391064 7.23723322153088 7.31317282915113 7.38911243677136 7.4650520443916 7.54099165201185 7.61693125963209 7.69287086725232 7.78818265199659 7.88995182911552 7.99172100623445 8.0934901833534 8.19525936047233 8.29702853759126 8.39879771471021 8.47433224519093 8.47116283575692 8.46799342632292 8.46482401688892 8.46165460745492
7.10215583907237 7.00311341285708 6.90407098664181 6.80502856042654 6.79987999200822 6.82602937618892 6.85217876036962 6.87832814455033 6.90447752873103 6.93062691291174 6.95677629709244 6.98266596529219 7.00777648554908 7.03288700580598 7.05799752606286 7.08310804631975 7.10821856657665 7.13332908683353 7.15843960709042 7.17115176916123 7.17973114517 7.18831052117878 7.19688989718755 7.20546927319632 7.21404864920509 7.22262802521387 7.24613609711326 7.31443025668459 7.38272441625593 7.45101857582726 7.51931273539858 7.58760689496992 7.65590105454125 7.72419521411258 7.82154131333031 7.92857139243017 8.03560147153003 8.14263155062991 8.24966162972977 8.35669170882963 8.46372178792951 8.5449526283476 8.54878575272029 8.55261887709299 8.55645200146568 8.56028512583837
