data/working_set_collections/6091692-Cassins_Sparrow-MC/1995/bio9.asc
NCOLS 265 
NROWS 230 
XLLCORNER -115.5625 
YLLCORNER 24.8333333333333 
CELLSIZE 0.0833333333333333 
NODATA_value -9999 
[rows 20 to 39 of 230, columns 184 to 229 of 265]
-0.885766575982175 -0.934719769077168 -0.98367296217216 -1.03696358899276 -1.09170002705521 -1.14643646511766 -1.20117290318012 -1.25590934124258 -1.31064577930503 -1.36538221736749 -1.41573367714882 -1.45293020208677 -1.49012672702472 -1.52732325196266 -1.56451977690061 -1.60171630183856 -1.6389128267765 -1.67610935171445 -1.71633660495281 -1.75757410095797 -1.79881159696313 -1.8400490929683 -1.88128658897346 -1.92252408497863 -1.96376158098379 -2.01264125704764 -2.08444747328757 -2.15625368952751 -2.22805990576743 -2.29986612200736 -2.3716723382473 -2.44347855448722 -2.51528477072715 -2.55862204233806 -2.59246966573927 -2.62631728914049 -2.66016491254171 -2.69401253594293 -2.72786015934414 -2.76170778274537 -2.79850345651309 -2.84414328138033 -2.88978310624759 -2.93542293111484 -2.98106275598208 -3.02670258084934
-0.812984769294659 -0.861112065199346 -0.909239361104033 -0.962919454773266 -1.01845048103067 -1.07398150728808 -1.12951253354549 -1.1850435598029 -1.2405745860603 -1.29610561231772 -1.34798735976219 -1.38892127076784 -1.4298551817735 -1.47078909277916 -1.51172300378481 -1.55265691479047 -1.59359082579612 -1.63452473680178 -1.67703606188297 -1.720073191656 -1.76311032142903 -1.80614745120207 -1.8491845809751 -1.89222171074813 -1.93525884052117 -1.98374362587928 -2.04857137799262 -2.11339913010597 -2.17822688221931 -2.24305463433264 -2.307882386446 -2.37271013855933 -2.43753789067267 -2.47994502385458 -2.51487861739265 -2.54981221093072 -2.58474580446879 -2.61967939800686 -2.65461299154493 -2.68954658508301 -2.72557976841926 -2.76491172115008 -2.8042436738809 -2.84357562661171 -2.88290757934252 -2.92223953207334
-0.74020296260715 -0.787504361321531 -0.834805760035911 -0.888875320553783 -0.945200935006141 -1.0015265494585 -1.05785216391087 -1.11417777836323 -1.17050339281559 -1.22682900726795 -1.28024104237557 -1.32491233944893 -1.3695836365223 -1.41425493359566 -1.45892623066902 -1.50359752774239 -1.54826882481575 -1.59294012188911 -1.63773551881313 -1.68257228235403 -1.72740904589493 -1.77224580943584 -1.81708257297674 -1.86191933651764 -1.90675610005855 -1.95484599471091 -2.01269528269767 -2.07054457068443 -2.12839385867118 -2.18624314665794 -2.2440924346447 -2.30194172263145 -2.35979101061821 -2.4012680053711 -2.43728756904603 -2.47330713272095 -2.50932669639588 -2.54534626007081 -2.58136582374573 -2.61738538742066 -2.65265608032545 -2.68568016091983 -2.71870424151422 -2.7517283221086 -2.78475240270297 -2.81777648329736
-0.667421155919634 -0.713896657443709 -0.760372158967784 -0.814831186334293 -0.871951388981605 -0.929071591628916 -0.986191794276238 -1.04331199692355 -1.10043219957086 -1.15755240221818 -1.21249472498894 -1.26090340813001 -1.30931209127108 -1.35772077441215 -1.40612945755322 -1.4545381406943 -1.50294682383537 -1.55135550697644 -1.59843497574329 -1.64507137305206 -1.69170777036083 -1.73834416766961 -1.78498056497838 -1.83161696228715 -1.87825335959593 -1.92594836354255 -1.97681918740272 -2.02769001126289 -2.07856083512306 -2.12943165898322 -2.1803024828434 -2.23117330670357 -2.28204413056373 -2.32259098688762 -2.3596965206994 -2.39680205451118 -2.43390758832296 -2.47101312213474 -2.50811865594652 -2.54522418975831 -2.57973239223163 -2.60644860068957 -2.63316480914752 -2.65988101760547 -2.68659722606342 -2.71331343452137
-0.5991219650954 -0.645908293417755 -0.69269462174011 -0.746175490071374 -0.801887871738932 -0.85760025340649 -0.913312635074058 -0.969025016741616 -1.02473739840917 -1.08044978007674 -1.13467851430178 -1.18445630619923 -1.23423409809669 -1.28401188999414 -1.3337896818916 -1.38356747378906 -1.43334526568651 -1.48312305758396 -1.53031643082698 -1.57664833118518 -1.62298023154338 -1.66931213190159 -1.71564403225978 -1.76197593261798 -1.80830783297619 -1.85475020408631 -1.90152398745219 -1.94829777081808 -1.99507155418396 -2.04184533754985 -2.08861912091574 -2.13539290428162 -2.1821666876475 -2.2230606665214 -2.26199471056462 -2.30092875460784 -2.33986279865107 -2.37879684269429 -2.41773088673751 -2.45666493078073 -2.49184598823389 -2.51576808591684 -2.5396901835998 -2.56361228128275 -2.5875343789657 -2.61145647664866
-0.535305390134456 -0.583539269243677 -0.631773148352898 -0.682908231765034 -0.735010383278131 -0.787112534791228 -0.839214686304334 -0.891316837817432 -0.943418989330529 -0.995521140843636 -1.04679241031409 -1.0955710336566 -1.14434965699912 -1.19312828034163 -1.24190690368414 -1.29068552702666 -1.33946415036917 -1.38824277371168 -1.43337988406421 -1.47730315675339 -1.52122642944257 -1.56514970213176 -1.60907297482094 -1.65299624751012 -1.69691952019931 -1.74125151634217 -1.78680968284608 -1.83236784934999 -1.87792601585389 -1.9234841823578 -1.96904234886171 -2.01460051536561 -2.06015868186952 -2.10267704427244 -2.14418213864169 -2.18568723301094 -2.22719232738019 -2.26869742174944 -2.31020251611869 -2.35170761048795 -2.38899686833224 -2.41363861660164 -2.43828036487104 -2.46292211314044 -2.48756386140983 -2.51220560967923
-0.471488815173507 -0.521170245069594 -0.570851674965681 -0.619640973458688 -0.668132894817324 -0.71662481617596 -0.765116737534605 -0.813608658893241 -0.862100580251877 -0.910592501610521 -0.958906306326391 -1.00668576111396 -1.05446521590154 -1.10224467068911 -1.15002412547668 -1.19780358026426 -1.24558303505183 -1.2933624898394 -1.33644333730142 -1.37795798232158 -1.41947262734175 -1.46098727236192 -1.50250191738209 -1.54401656240225 -1.58553120742242 -1.62775282859803 -1.67209537823995 -1.71643792788189 -1.76078047752381 -1.80512302716574 -1.84946557680767 -1.89380812644959 -1.93815067609152 -1.98229342202346 -2.02636956671874 -2.07044571141402 -2.11452185610931 -2.15859800080459 -2.20267414549987 -2.24675029019515 -2.28614774843058 -2.31150914728642 -2.33687054614227 -2.36223194499811 -2.38759334385396 -2.41295474270981
-0.407672240212558 -0.458801220895511 -0.509930201578464 -0.556373715152343 -0.601255406356518 -0.646137097560692 -0.691018788764875 -0.73590047996905 -0.780782171173225 -0.825663862377407 -0.871020202338695 -0.917800488571323 -0.964580774803959 -1.01136106103659 -1.05814134726921 -1.10492163350185 -1.15170191973448 -1.19848220596711 -1.23950679053863 -1.27861280788978 -1.31771882524093 -1.35682484259209 -1.39593085994323 -1.43503687729438 -1.47414289464554 -1.51425414085388 -1.55738107363383 -1.60050800641378 -1.64363493919373 -1.68676187197367 -1.72988880475363 -1.77301573753357 -1.81614267031352 -1.86190979977449 -1.9085569947958 -1.95520418981711 -2.00185138483843 -2.04849857985974 -2.09514577488104 -2.14179296990236 -2.18329862852892 -2.20937967797121 -2.2354607274135 -2.26154177685579 -2.28762282629808 -2.31370387574038
-0.343855665251615 -0.396432196721433 -0.449008728191252 -0.493106456846002 -0.534377917895717 -0.57564937894543 -0.616920839995151 -0.658192301044865 -0.699463762094579 -0.7407352231443 -0.783134098351006 -0.828915216028692 -0.874696333706387 -0.920477451384073 -0.966258569061759 -1.01203968673945 -1.05782080441714 -1.10360192209483 -1.14257024377585 -1.17926763345799 -1.21596502314012 -1.25266241282226 -1.28935980250439 -1.32605719218652 -1.36275458186866 -1.40075545310975 -1.44266676902772 -1.48457808494569 -1.52648940086366 -1.56840071678162 -1.6103120326996 -1.65222334861756 -1.69413466453553 -1.74152617752553 -1.79074442287287 -1.83996266822021 -1.88918091356755 -1.93839915891489 -1.98761740426223 -2.03683564960957 -2.08044950862727 -2.107250208656 -2.13405090868474 -2.16085160871348 -2.18765230874221 -2.21445300877096
-0.280039090290665 -0.33406317254735 -0.388087254804035 -0.429839198539657 -0.46750042943491 -0.505161660330162 -0.542822891225422 -0.580484122120674 -0.618145353015927 -0.655806583911186 -0.69524799436331 -0.740029943486055 -0.784811892608807 -0.829593841731551 -0.874375790854295 -0.919157739977048 -0.963939689099792 -1.00872163822254 -1.04563369701307 -1.07992245902618 -1.1142112210393 -1.14849998305242 -1.18278874506554 -1.21707750707865 -1.25136626909178 -1.28725676536561 -1.3279524644216 -1.36864816347759 -1.40934386253358 -1.45003956158956 -1.49073526064556 -1.53143095970155 -1.57212665875753 -1.62114255527656 -1.67293185094993 -1.7247211466233 -1.77651044229667 -1.82829973797004 -1.88008903364341 -1.93187832931678 -1.97760038872561 -2.00512073934079 -2.03264108995598 -2.06016144057116 -2.08768179118634 -2.11520214180153
-0.201858651513856 -0.256463472420969 -0.311068293328082 -0.35181100952129 -0.387933024143182 -0.424055038765073 -0.460177053386971 -0.496299068008862 -0.532421082630753 -0.568543097252651 -0.606559266025822 -0.650257897252836 -0.693956528479857 -0.737655159706871 -0.781353790933885 -0.825052422160907 -0.868751053387921 -0.912449684614935 -0.948074508955087 -0.981008064332939 -1.01394161971079 -1.04687517508865 -1.0798087304665 -1.11274228584435 -1.14567584122221 -1.18061961432298 -1.22159404059251 -1.26256846686205 -1.30354289313158 -1.3445173194011 -1.38549174567064 -1.42646617194017 -1.4674405982097 -1.51636362820864 -1.56793619278404 -1.61950875735945 -1.67108132193486 -1.72265388651027 -1.77422645108567 -1.82579901566108 -1.87149692972502 -1.89957089225452 -1.92764485478402 -1.95571881731352 -1.98379277984302 -2.01186674237252
-0.109314348921186 -0.163633096342289 -0.217951843763392 -0.259021889790902 -0.295675702020533 -0.332329514250165 -0.368983326479802 -0.405637138709433 -0.442290950939064 -0.478944763168702 -0.517067913338548 -0.559599077329043 -0.602130241319546 -0.644661405310041 -0.687192569300536 -0.729723733291039 -0.772254897281534 -0.81478606127203 -0.849892679601919 -0.882524449378261 -0.915156219154604 -0.947787988930952 -0.980419758707294 -1.01305152848364 -1.04568329825999 -1.08084399998189 -1.12359149754048 -1.16633899509908 -1.20908649265767 -1.25183399021626 -1.29458148777486 -1.33732898533345 -1.38007648289204 -1.42718939632178 -1.47575744837523 -1.52432550042868 -1.57289355248214 -1.62146160453559 -1.67002965658904 -1.71859770864249 -1.76213913162551 -1.79060066739719 -1.81906220316888 -1.84752373894057 -1.87598527471225 -1.90444681048395
-0.0167700463285088 -0.0708027202636012 -0.124835394198694 -0.166232770060506 -0.203418379897877 -0.240603989735248 -0.277789599572625 -0.314975209409996 -0.352160819247367 -0.389346429084744 -0.427576560651266 -0.468940257405242 -0.510303954159226 -0.551667650913203 -0.593031347667179 -0.634395044421163 -0.675758741175139 -0.717122437929116 -0.751710850248743 -0.784040834423575 -0.816370818598408 -0.848700802773246 -0.881030786948078 -0.913360771122911 -0.945690755297749 -0.981068385640784 -1.02558895448844 -1.0701095233361 -1.11463009218375 -1.15915066103141 -1.20367122987907 -1.24819179872672 -1.29271236757437 -1.33801516443491 -1.38357870396641 -1.4291422434979 -1.4747057830294 -1.5202693225609 -1.56583286209239 -1.61139640162389 -1.65278133352598 -1.68163044253986 -1.71047955155374 -1.73932866056761 -1.76817776958148 -1.79702687859536
0.0757742562641687 0.0220276558150865 -0.0317189446339958 -0.0734436503301105 -0.111161057775221 -0.148878465220332 -0.186595872665449 -0.22431328011056 -0.26203068755567 -0.299748095000787 -0.338085207963984 -0.378281437481442 -0.418477666998907 -0.458673896516364 -0.498870126033822 -0.539066355551287 -0.579262585068744 -0.619458814586202 -0.653529020895566 -0.685557219468889 -0.717585418042212 -0.74961361661554 -0.781641815188862 -0.813670013762185 -0.845698212335513 -0.881292771299681 -0.927586411436397 -0.973880051573121 -1.02017369170984 -1.06646733184655 -1.11276097198328 -1.15905461211999 -1.20534825225671 -1.24884093254805 -1.29139995955759 -1.33395898656713 -1.37651801357667 -1.41907704058621 -1.46163606759575 -1.50419509460529 -1.54342353542646 -1.57266021768252 -1.60189689993859 -1.63113358219465 -1.66037026445071 -1.68960694670678
0.168318558856838 0.114858031893766 0.0613975049306942 0.0193454694002774 -0.018903735652573 -0.0571529407054234 -0.0954021457582802 -0.133651350811131 -0.171900555863981 -0.210149760916838 -0.24859385527671 -0.287622617557649 -0.326651379838595 -0.365680142119534 -0.404708904400473 -0.443737666681418 -0.482766428962357 -0.521795191243296 -0.555347191542398 -0.587073604514211 -0.618800017486024 -0.650526430457842 -0.682252843429655 -0.713979256401467 -0.745705669373285 -0.781517156958586 -0.829583868384364 -0.877650579810151 -0.925717291235929 -0.973784002661707 -1.02185071408749 -1.06991742551327 -1.11798413693905 -1.15966670066119 -1.19922121514877 -1.23877572963636 -1.27833024412395 -1.31788475861153 -1.35743927309911 -1.3969937875867 -1.43406573732695 -1.4636899928252 -1.49331424832345 -1.5229385038217 -1.55256275931995 -1.5821870148182
0.260862861449516 0.207688407972454 0.154513954495392 0.112134589130673 0.0733535864700831 0.034572583809493 -0.00420841885110378 -0.0429894215116939 -0.081770424172284 -0.120551426832881 -0.159102502589429 -0.196963797633849 -0.234825092678275 -0.272686387722695 -0.310547682767116 -0.348408977811542 -0.386270272855962 -0.424131567900383 -0.457165362189222 -0.488589989559525 -0.520014616929828 -0.551439244300136 -0.582863871670439 -0.614288499040741 -0.64571312641105 -0.681741542617483 -0.731581325332323 -0.781421108047173 -0.831260890762013 -0.881100673476854 -0.930940456191703 -0.980780238906544 -1.03062002162138 -1.07049246877433 -1.10704247073995 -1.14359247270558 -1.18014247467121 -1.21669247663684 -1.25324247860247 -1.2897924805681 -1.32470793922743 -1.35471976796787 -1.38473159670831 -1.41474342544874 -1.44475525418918 -1.47476708292962
0.353410003830988 0.300327272464833 0.247244541098679 0.203605562324322 0.163114501080579 0.122623439836835 0.0821323785930849 0.0416413173493415 0.00115025610559807 -0.0393408051381522 -0.0790893993961309 -0.116610592696813 -0.154131785997502 -0.191652979298184 -0.229174172598866 -0.266695365899554 -0.304216559200236 -0.341737752500918 -0.374717928872756 -0.40618443293497 -0.437650936997184 -0.469117441059403 -0.500583945121616 -0.53205044918383 -0.563516953246049 -0.599477721957693 -0.648921284617643 -0.698364847277601 -0.747808409937551 -0.797251972597501 -0.846695535257459 -0.896139097917409 -0.945582660577359 -0.983961229771379 -1.01865146781008 -1.05334170584877 -1.08803194388748 -1.12272218192617 -1.15741241996487 -1.19210265800357 -1.22559297399389 -1.25548352383905 -1.28537407368422 -1.31526462352938 -1.34515517337455 -1.37504572321972
0.445959986001246 0.392774625370896 0.339589264740546 0.293758388981215 0.250379008178905 0.206999627376594 0.163620246574276 0.120240865771966 0.0768614849696551 0.0334821041673372 -0.00855454569682818 -0.0465630027465534 -0.084571459796285 -0.12257991684601 -0.160588373895735 -0.198596830945467 -0.236605287995192 -0.274613745044918 -0.308004891593015 -0.339856934640561 -0.371708977688106 -0.403561020735657 -0.435413063783203 -0.467265106830748 -0.499117149878299 -0.534725694979231 -0.581603746240336 -0.628481797501449 -0.675359848762554 -0.722237900023659 -0.769115951284771 -0.815994002545876 -0.862872053806981 -0.900072983652362 -0.934048206359155 -0.968023429065948 -1.00199865177275 -1.03597387447954 -1.06994909718633 -1.10392431989313 -1.13672084162633 -1.16598126043877 -1.1952416792512 -1.22450209806364 -1.25376251687607 -1.28302293568851
0.538509968171513 0.485221978276967 0.431933988382421 0.383911215638116 0.337643515277238 0.29137581491636 0.245108114555474 0.198840414194596 0.152572713833719 0.106305013472833 0.0619803080024806 0.0234845872037123 -0.0150111335950626 -0.053506854393831 -0.0920025751925993 -0.130498295991374 -0.168994016790143 -0.207489737588911 -0.241291854313268 -0.273529436346146 -0.305767018379023 -0.338004600411906 -0.370242182444783 -0.40247976447766 -0.434717346510543 -0.469973668000763 -0.514286207863023 -0.55859874772529 -0.60291128758755 -0.64722382744981 -0.691536367312077 -0.735848907174337 -0.780161447036597 -0.816184737533337 -0.849444944908226 -0.882705152283115 -0.915965359658009 -0.949225567032898 -0.982485774407787 -1.01574598178268 -1.04784870925877 -1.07647899703847 -1.10510928481818 -1.13373957259788 -1.16236986037758 -1.19100014815729
0.63105995034178 0.577669331183038 0.524278712024296 0.474064042295017 0.424908022375572 0.375752002456126 0.326595982536673 0.277439962617227 0.228283942697782 0.179127922778328 0.132515161701789 0.0935321771539779 0.0545491926061598 0.0155662080583483 -0.0234167764894632 -0.0623997610372813 -0.101382745585093 -0.140365730132904 -0.174578817033521 -0.20720193805173 -0.23982505906994 -0.272448180088154 -0.305071301106363 -0.337694422124573 -0.370317543142787 -0.405221641022296 -0.44696866948571 -0.488715697949132 -0.530462726412547 -0.572209754875961 -0.613956783339383 -0.655703811802797 -0.697450840266212 -0.732296491414313 -0.764841683457297 -0.797386875500282 -0.829932067543272 -0.862477259586257 -0.895022451629242 -0.927567643672232 -0.958976576891214 -0.986976733638183 -1.01497689038516 -1.04297704713213 -1.07097720387909 -1.09897736062607
