data/working_set_collections/6091692-Cassins_Sparrow-MC/1995/bio9.asc
NCOLS 265 
NROWS 230 
XLLCORNER -115.5625 
YLLCORNER 24.8333333333333 
CELLSIZE 0.0833333333333333 
NODATA_value -9999 
[rows 60 to 79 of 230, columns 138 to 183 of 265]
1.32579747438425 1.42852523724234 1.5312530001004 1.63398076295847 1.78107926050817 1.94296800295506 2.10485674540195 2.26674548784887 2.42863423029576 2.59052297274265 2.75241171518957 2.87661191357505 2.88774647977615 2.89888104597726 2.91001561217836 2.92115017837946 2.93228474458057 2.94341931078168 2.95455387698278 2.88927207986514 2.79851816164124 2.70776424341733 2.61701032519341 2.52625640696951 2.4355024887456 2.34474857052168 2.28222525318462 2.30439373850821 2.3265622238318 2.34873070915539 2.37089919447897 2.39306767980257 2.41523616512615 2.43740465044974 2.43566244641939 2.42595001260439 2.41623757878939 2.40652514497438 2.39681271115938 2.38710027734438 2.37738784352938 2.36423407859272 2.34075632029109 2.31727856198946 2.29380080368783 2.27032304538621
1.58144824107481 1.67017759084696 1.75890694061909 1.84763629039122 1.98534393310541 2.13937767346693 2.29341141382846 2.44744515419001 2.60147889455153 2.75551263491305 2.9095463752746 3.02651952902473 3.03231092294055 3.03810231685636 3.04389371077217 3.04968510468798 3.0554764986038 3.06126789251961 3.06705928643542 2.99548657536507 2.8981258292993 2.80076508323353 2.70340433716774 2.60604359110197 2.5086828450362 2.41132209897042 2.34407720367112 2.36717986067134 2.39028251767157 2.41338517467179 2.43648783167201 2.45959048867224 2.48269314567246 2.50579580267269 2.50430079102515 2.49460655649502 2.48491232196489 2.47521808743476 2.46552385290463 2.4558296183745 2.44613538384437 2.43299481670061 2.40951525171597 2.38603568673133 2.36255612174669 2.33907655676205
1.83709900776539 1.9118299444516 1.9865608811378 2.06129181782399 2.18960860570266 2.33578734397882 2.48196608225498 2.62814482053116 2.77432355880731 2.92050229708347 3.06668103535965 3.17642714447443 3.17687536610495 3.17732358773547 3.177771809366 3.17822003099652 3.17866825262704 3.17911647425756 3.17956469588808 3.101701070865 2.99773349695736 2.89376592304973 2.78979834914208 2.68583077523445 2.58186320132681 2.47789562741916 2.40592915415762 2.42996598283448 2.45400281151134 2.4780396401882 2.50207646886506 2.52611329754192 2.55015012621878 2.57418695489564 2.57293913563092 2.56326310038566 2.5535870651404 2.54391102989514 2.53423499464988 2.52455895940462 2.51488292415936 2.50175555480851 2.47827418314086 2.4547928114732 2.43131143980556 2.40783006813791
2.09274977445598 2.15348229805625 2.21421482165651 2.27494734525676 2.39387327829992 2.53219701449071 2.6705207506815 2.80884448687231 2.9471682230631 3.08549195925389 3.2238156954447 3.32633475992413 3.32143980926936 3.31654485861459 3.31164990795982 3.30675495730505 3.30186000665028 3.2969650559955 3.29207010534073 3.20791556636493 3.09734116461543 2.98676676286594 2.87619236111642 2.76561795936692 2.65504355761742 2.54446915586791 2.46778110464413 2.49275210499762 2.51772310535112 2.54269410570461 2.56766510605811 2.5926361064116 2.6176071067651 2.64257810711859 2.64157748023668 2.6319196442763 2.62226180831591 2.61260397235552 2.60294613639513 2.59328830043474 2.58363046447435 2.5705162929164 2.54703311456574 2.52354993621508 2.50006675786442 2.47658357951376
2.34840054114654 2.39513465166087 2.44186876217519 2.48860287268952 2.59813795089716 2.72860668500258 2.859075419108 2.98954415321345 3.12001288731887 3.25048162142429 3.38095035552974 3.47624237537382 3.46600425243375 3.45576612949369 3.44552800655363 3.43528988361357 3.4250517606735 3.41481363773344 3.40457551479338 3.31413006186485 3.19694883227349 3.07976760268213 2.96258637309075 2.84540514349939 2.72822391390803 2.61104268431664 2.52963305513062 2.55553822716075 2.58144339919089 2.60734857122102 2.63325374325115 2.65915891528128 2.68506408731141 2.71096925934154 2.71021582484244 2.70057618816693 2.69093655149141 2.68129691481589 2.67165727814038 2.66201764146486 2.65237800478934 2.63927703102429 2.61579204599062 2.59230706095695 2.56882207592328 2.54533709088961
2.60405130783712 2.63678700526551 2.6695227026939 2.70225840012229 2.80240262349442 2.92501635551447 3.04763008753452 3.1702438195546 3.29285755157465 3.41547128359471 3.53808501561478 3.62614999082352 3.61056869559816 3.59498740037281 3.57940610514745 3.5638248099221 3.54824351469674 3.53266221947139 3.51708092424603 3.42034455736479 3.29655649993156 3.17276844249833 3.04898038506509 2.92519232763186 2.80140427019864 2.67761621276539 2.59148500561713 2.61832434932389 2.64516369303066 2.67200303673743 2.69884238044419 2.72568172415096 2.75252106785773 2.77936041156449 2.77885416944821 2.76923273205756 2.75961129466692 2.74998985727627 2.74036841988563 2.73074698249498 2.72112554510434 2.70803776913219 2.68455097741551 2.66106418569882 2.63757739398214 2.61409060226546
2.81479935579827 2.84122769236562 2.86765602893297 2.89408436550032 2.98778881430622 3.10391863385832 3.22004845341042 3.33617827296253 3.45230809251463 3.56843791206673 3.68456773161885 3.76667936245599 3.74673642714817 3.72679349184035 3.70685055653253 3.68690762122471 3.66696468591689 3.64702175060907 3.62707881530125 3.52747218608857 3.40131099224092 3.27514979839327 3.1489886045456 3.02282741069795 2.8966662168503 2.77050502300263 2.68199905421997 2.70645876063239 2.73091846704481 2.75537817345723 2.77983787986966 2.80429758628208 2.8287572926945 2.85321699910692 2.85119476715723 2.84034522242016 2.82949567768308 2.81864613294601 2.80779658820894 2.79694704347186 2.78609749873479 2.77187682853805 2.74754278196229 2.72320873538653 2.69887468881077 2.67454064223501
2.98064468502995 3.00845671296116 3.03626874089238 3.06408076882359 3.15429652333255 3.2653135200341 3.37633051673565 3.48734751343723 3.59836451013878 3.70938150684033 3.8203985035419 3.89783049027123 3.87450744708378 3.85118440389631 3.82786136070886 3.8045383175214 3.78121527433394 3.75789223114648 3.73456918795902 3.6355129480362 3.51121230920157 3.38691167036694 3.26261103153229 3.13831039269766 3.01400975386303 2.88970911502838 2.80117520093915 2.81994146108625 2.83870772123335 2.85747398138044 2.87624024152754 2.89500650167463 2.91377276182173 2.93253902196882 2.9272376179695 2.9139136592547 2.9005897005399 2.88726574182509 2.87394178311029 2.86061782439549 2.84729386568069 2.83079420924186 2.80476745963096 2.77874071002006 2.75271396040916 2.72668721079826
3.14649001426164 3.17568573355672 3.20488145285179 3.23407717214687 3.32080423235889 3.4267084062099 3.53261258006091 3.63851675391193 3.74442092776294 3.85032510161395 3.95622927546497 4.02898161808648 4.00227846701939 3.97557531595229 3.94887216488519 3.9221690138181 3.895465862751 3.8687627116839 3.8420595606168 3.74355370998383 3.62111362616222 3.49867354234062 3.37623345851899 3.25379337469738 3.13135329087577 3.00891320705414 2.92035134765835 2.93342416154012 2.94649697542189 2.95956978930366 2.97264260318542 2.9857154170672 2.99878823094896 3.01186104483073 3.00328046878178 2.98748209608925 2.97168372339672 2.95588535070419 2.94008697801166 2.92428860531912 2.90849023262659 2.88971158994568 2.86199213729964 2.8342726846536 2.80655323200756 2.77883377936151
3.31233534349333 3.34291475415227 3.37349416481121 3.40407357547015 3.48731194138523 3.5881032923857 3.68889464338616 3.78968599438664 3.8904773453871 3.99126869638756 4.09206004738804 4.16013274590174 4.130049486955 4.09996622800826 4.06988296906153 4.03979971011479 4.00971645116805 3.97963319222132 3.94954993327458 3.85159447193147 3.73101494312288 3.61043541431429 3.48985588550568 3.3692763566971 3.24869682788851 3.1281172990799 3.03952749437754 3.04690686199399 3.05428622961043 3.06166559722687 3.06904496484331 3.07642433245976 3.0838037000762 3.09118306769264 3.07932331959406 3.0610505329238 3.04277774625354 3.02450495958328 3.00623217291302 2.98795938624276 2.9696865995725 2.94862897064951 2.91921681496832 2.88980465928713 2.86039250360595 2.83098034792476
3.478180672725 3.51014377474781 3.54210687677062 3.57406997879342 3.65381965041156 3.74949817856148 3.8451767067114 3.94085523486133 4.03653376301125 4.13221229116117 4.2278908193111 4.29128387371698 4.2578205068906 4.22435714006422 4.19089377323785 4.15743040641148 4.1239670395851 4.09050367275873 4.05704030593235 3.95963523387909 3.84091626008352 3.72219728628796 3.60347831249237 3.4847593386968 3.36604036490124 3.24732139110565 3.15870364109673 3.16038956244785 3.16207548379896 3.16376140515008 3.16544732650119 3.16713324785231 3.16881916920343 3.17050509055454 3.15536617040633 3.13461896975834 3.11387176911036 3.09312456846236 3.07237736781438 3.05163016716639 3.0308829665184 3.00754635135332 2.976441492637 2.94533663392067 2.91423177520434 2.88312691648801
3.6440260019567 3.67737279534337 3.71071958873004 3.74406638211671 3.8203273594379 3.91089306473728 4.00145877003665 4.09202447533604 4.18259018063541 4.27315588593478 4.36372159123417 4.42243500153223 4.38559152682621 4.3487480521202 4.31190457741419 4.27506110270818 4.23821762800216 4.20137415329615 4.16453067859013 4.06767599582673 3.95081757704418 3.83395915826163 3.71710073947907 3.60024232069652 3.48338390191398 3.36652548313141 3.27787978781593 3.27387226290171 3.2698647379875 3.26585721307329 3.26184968815908 3.25784216324487 3.25383463833066 3.24982711341645 3.23140902121861 3.20818740659289 3.18496579196718 3.16174417734146 3.13852256271574 3.11530094809002 3.0920793334643 3.06646373205715 3.03366617030568 3.0008686085542 2.96807104680273 2.93527348505126
3.70237643917401 3.74182884097099 3.78128124276796 3.82073364456494 3.89695369203884 3.98542962140505 4.07390555077127 4.16238148013749 4.25085740950371 4.33933333886992 4.42780926823615 4.48581193023259 4.4523947901196 4.41897765000662 4.38556050989363 4.35214336978065 4.31872622966766 4.28530908955468 4.2518919494417 4.15768010218939 4.04320335255731 3.92872660292522 3.81424985329311 3.69977310366102 3.58529635402894 3.47081960439683 3.38282632033029 3.3742834329605 3.36574054559071 3.35719765822092 3.34865477085113 3.34011188348134 3.33156899611155 3.32302610874176 3.30174153844515 3.27620974050628 3.2506779425674 3.22514614462852 3.19961434668965 3.17408254875077 3.14855075081189 3.12113906078869 3.08808769451248 3.05503632823626 3.02198496196005 2.98893359568384
3.6532319843769 3.70351191163063 3.75379183888435 3.80407176613806 3.88369864821433 3.97310784856477 4.0625170489152 4.15192624926566 4.2413354496161 4.33074464996653 4.42015385031699 4.48141465981802 4.45823029677074 4.43504593372345 4.41186157067617 4.38867720762889 4.3654928445816 4.34230848153432 4.31912411848704 4.22964755296708 4.11807358662289 4.0064996202787 3.89492565393448 3.78335168759029 3.6717777212461 3.56020375490189 3.47354323863982 3.4616230726242 3.44970290660857 3.43778274059295 3.42586257457732 3.4139424085617 3.40202224254607 3.39010207653045 3.36636372208595 3.33868597149849 3.31100822091102 3.28333047032356 3.2556527197361 3.22797496914863 3.20029721856117 3.17157233754794 3.13970606525739 3.10783979296684 3.07597352067629 3.04410724838575
3.60408752957979 3.66519498229026 3.72630243500073 3.78740988771119 3.87044360438981 3.96078607572448 4.05112854705914 4.14147101839382 4.23181348972848 4.32215596106315 4.41249843239783 4.47701738940345 4.46406580342187 4.45111421744029 4.43816263145871 4.42521104547712 4.41225945949554 4.39930787351396 4.38635628753238 4.30161500374477 4.19294382068847 4.08427263763218 3.97560145457586 3.86693027151957 3.75825908846327 3.64958790540696 3.56426015694935 3.5489627122879 3.53366526762644 3.51836782296498 3.50307037830352 3.48777293364206 3.4724754889806 3.45717804431915 3.43098590572675 3.4011622024907 3.37133849925465 3.3415147960186 3.31169109278255 3.2818673895465 3.25204368631045 3.22200561430719 3.19132443600231 3.16064325769742 3.12996207939254 3.09928090108766
3.55494307478267 3.6268780529499 3.69881303111711 3.77074800928432 3.8571885605653 3.94846430288419 4.03974004520308 4.13101578752198 4.22229152984087 4.31356727215976 4.40484301447867 4.47262011898889 4.46990131007301 4.46718250115712 4.46446369224124 4.46174488332536 4.45902607440948 4.4563072654936 4.45358845657772 4.37358245452246 4.26781405475406 4.16204565498566 4.05627725521724 3.95050885544884 3.84474045568044 3.73897205591203 3.65497707525888 3.63630235195159 3.6176276286443 3.59895290533701 3.58027818202972 3.56160345872243 3.54292873541514 3.52425401210785 3.49560808936755 3.46363843348291 3.43166877759828 3.39969912171364 3.367729465829 3.33575980994437 3.30379015405973 3.27243889106645 3.24294280674723 3.213446722428 3.18395063810878 3.15445455378957
3.50579861998557 3.58856112360954 3.67132362723349 3.75408613085745 3.84393351674079 3.9361425300439 4.02835154334702 4.12056055665015 4.21276956995326 4.30497858325638 4.39718759655951 4.46822284857432 4.47573681672414 4.48325078487396 4.49076475302378 4.4982787211736 4.50579268932342 4.51330665747324 4.52082062562305 4.44554990530015 4.34268428881964 4.23981867233914 4.13695305585862 4.03408743937811 3.93122182289761 3.82835620641709 3.74569399356841 3.72364199161529 3.70158998966216 3.67953798770904 3.65748598575591 3.63543398380279 3.61338198184966 3.59132997989654 3.56023027300834 3.52611466447512 3.4919990559419 3.45788344740867 3.42376783887545 3.38965223034223 3.355536621809 3.3228721678257 3.29456117749214 3.26625018715858 3.23793919682502 3.20962820649147
3.45665416518845 3.55024419426917 3.64383422334987 3.73742425243057 3.83067847291627 3.92382075720361 4.01696304149095 4.11010532577831 4.20324761006565 4.29638989435299 4.38953217864035 4.46382557815975 4.48157232337527 4.4993190685908 4.51706581380631 4.53481255902183 4.55255930423736 4.57030604945288 4.5880527946684 4.51751735607784 4.41755452288523 4.31759168969262 4.2176288565 4.11766602330739 4.01770319011478 3.91774035692215 3.83641091187794 3.81098163127899 3.78555235068003 3.76012307008107 3.73469378948211 3.70926450888315 3.6838352282842 3.65840594768524 3.62485245664914 3.58859089546733 3.55232933428553 3.51606777310371 3.4798062119219 3.4435446507401 3.40728308955828 3.37330544458495 3.34617954823706 3.31905365188916 3.29192775554127 3.26480185919338
3.33738942643006 3.44287085632483 3.54835228621959 3.65383371611435 3.76292263269424 3.87321404483582 3.9835054569774 4.09379686911899 4.20408828126057 4.31437969340215 4.42467110554375 4.51064113908343 4.52364703681733 4.53665293455123 4.54965883228513 4.56266473001903 4.57567062775294 4.58867652548684 4.60168242322074 4.53587158521018 4.44378850195145 4.35170541869272 4.25962233543398 4.16753925217524 4.07545616891651 3.98337308565777 3.90788275400798 3.88217067718506 3.85645860036214 3.83074652353922 3.80503444671631 3.77932236989339 3.75361029307047 3.72789821624756 3.69580122033755 3.66157591806518 3.6273506157928 3.59312531352043 3.55890001124805 3.52467470897568 3.49044940670331 3.45883304609192 3.4350435104635 3.41125397483507 3.38746443920664 3.36367490357822
3.14800440371036 3.26644110977651 3.38487781584263 3.50331452190875 3.64066599607467 3.7843223929405 3.92797878980633 4.07163518667219 4.21529158353802 4.35894798040385 4.50260437726971 4.60866953134535 4.60196095705031 4.59525238275527 4.58854380846023 4.58183523416519 4.57512665987015 4.56841808557511 4.56170951128007 4.50061259269716 4.42138622601829 4.34215985933942 4.26293349266053 4.18370712598166 4.10448075930279 4.02525439262391 3.96010951995849 3.93720912933349 3.91430873870849 3.89140834808349 3.86850795745849 3.84560756683349 3.82270717620849 3.79980678558349 3.77307656407355 3.74506973226864 3.71706290046373 3.68905606865882 3.66104923685391 3.633042405049 3.60503557324408 3.57945497234661 3.56115306417146 3.5428511559963 3.52454924782115 3.506247339646
