resources/Exp000_Example-Run/Run01_M2/TimeSeries/2015/model/2015_biasfile.asc
NCOLS 265 
NROWS 230 
XLLCORNER -115.5625 
YLLCORNER 24.8333333333333 
CELLSIZE 0.0833333333333333 
NODATA_value -9999 
[rows 114 to 132 of 230, columns 0 to 41 of 265]
0.000766956178413499 0.000798738924811796 0.000829616136114076 0.000859689706810277 0.000889084793532465 0.000918207843166411 0.000947427304690689 0.000977148158851483 0.0010078254217201 0.00103995656362981 0.00107407270398751 0.00111100968479002 0.00115156682339651 0.0011960207206364 0.00124487254596246 0.00129857123566162 0.00135749967330436 0.00142196139658041 0.00149227366569281 0.00156939825085279 0.00165224822208676 0.00174057438247565 0.0018339966191773 0.00193200506290869 0.00203396336643735 0.00213911410088316 0.00224671090179584 0.00235525972505056 0.00246354517227328 0.00257041327021506 0.00267468502718602 0.00277517631908976 0.00287071809970689 0.00295965561608781 0.00304027338139743 0.00311238697481726 0.00317521012713499 0.0032280857825176 0.00327049533123142 0.00330206560214648 0.00332254481783382 0.00332988816486429
0.000733458401220946 0.00076443035972846 0.000794662481843692 0.000824266705576107 0.000853405017242584 0.000882467160565598 0.000911816128082092 0.000941855140667334 0.000973035016244095 0.00100584670376268 0.00104081263205818 0.00107877006238641 0.0011205033045582 0.00116625855807921 0.0012165219336703 0.00127172713866576 0.00133224203083314 0.00139835569751647 0.0014703725729305 0.00154924556908524 0.00163387044051081 0.00172399176478761 0.00181922577146141 0.00191906164854613 0.00202286492676014 0.00212988293951412 0.0022393833795915 0.00234988467382432 0.00246018518095112 0.00256914841763497 0.00267561471929112 0.00277842076622322 0.00287641939756119 0.00296799196777783 0.00305146145173394 0.0031266450901523 0.00319277591096083 0.00324921382796153 0.00329545434094102 0.0033311350125391 0.00335601167258019 0.00336809288829161
0.000699038505475965 0.000729132613765433 0.000758647455518041 0.000787704210229089 0.000816499535247332 0.000845406015089089 0.000874780322223513 0.00090502278224086 0.000936578866604724 0.000969931866934358 0.00100559442576592 0.001044402824242 0.00108712498919663 0.0011339776563862 0.00118543153851659 0.0012419050550376 0.0013037512955545 0.00137124550562337 0.00144468004283512 0.00152499889432564 0.0016110853227449 0.0017026803981179 0.00179939987044105 0.00190073561085581 0.00200605908216798 0.00211462683589812 0.00222572811027873 0.00233789943290531 0.00244995779770869 0.00256078981094746 0.00266926073860673 0.00277423358947537 0.00287458844707564 0.00296875196613236 0.00305509429819608 0.00313343198290553 0.00320302049773225 0.00326323916905239 0.00331359928109588 0.0033537499865227 0.00338345489775424 0.00340078712732639
0.000663965545756114 0.000693121838056614 0.000721853116745393 0.000750288941428276 0.000778658244071482 0.00080731613964744 0.000836612184863463 0.000866942722037485 0.00089874679765115 0.000932499001338933 0.000968701205230604 0.00100818638863705 0.0010517049139671 0.00109944524199322 0.00115186252517673 0.00120936001731554 0.00127227647966243 0.00134087410460345 0.00141543410946406 0.00149689179347589 0.00158412281308736 0.00167686757237069 0.00177474462414939 0.00187725223206692 0.00198377190681415 0.00209357391282372 0.0022059767090051 0.00231954041782888 0.00243310543596517 0.00254558699150716 0.00265588079947892 0.00276288162074287 0.00286550202849677 0.00296222308300056 0.00305147067585612 0.00313305806362099 0.00320626618883327 0.00327049610041546 0.00332527641513376 0.00337026861325583 0.0034052441555213 0.00342835168323956
0.00062849998896706 0.000656665272730174 0.000684552309284872 0.00071229811784797 0.000740161273047142 0.000768479252027922 0.000797593765516033 0.000827896129730154 0.000859817954828483 0.000893824172247373 0.000930405008226242 0.00097038789293833 0.00101450463320423 0.00106291685254304 0.0011160641565074 0.00117433493595993 0.0012380542460491 0.00130747219602238 0.00138285998889878 0.00146514478243984 0.00155319958177444 0.00164676709844752 0.00174547208446813 0.00184882300002757 0.00195621559367917 0.0020669383903704 0.00218034696108375 0.00229503039535195 0.00240985716267957 0.00252377659519447 0.0026357203078176 0.00274462015367234 0.00284942634368876 0.00294868339273304 0.00304088137288012 0.00312582744357391 0.00320283090039348 0.00327131669884047 0.00333083221400506 0.00338105187453181 0.00342175494524168 0.00345117643830289
0.000592911040463226 0.000620036682566513 0.000647021624872168 0.000674009307959467 0.000701284905667195 0.000729168239495213 0.000757992477088046 0.000788142858729498 0.000820042566598825 0.000854145964608094 0.000890930831975237 0.000931216762756513 0.000975716178389509 0.0010245656650906 0.00107818949612746 0.0011369617256671 0.00120119456913543 0.00127112728566272 0.00134702247215774 0.00142980008371506 0.00151833578508753 0.00161237789059208 0.00171156107365519 0.00181540812236426 0.0019233335392262 0.00203464897956947 0.00214875572608982 0.0022642773731489 0.00238011528812231 0.00249525864758981 0.002608680653451 0.00271935580297436 0.00282627727760311 0.00292806255518606 0.00302327467523507 0.0031117114524507 0.00319271344294389 0.00326573167359592 0.00333033364481869 0.00338620725547895 0.0034331394009068 0.00346946277408339
0.000557468483613649 0.000583518660594632 0.000609556504127899 0.000635730913839076 0.00066235078045107 0.000689718394562952 0.000718157838612139 0.00074804740786345 0.000779801060104416 0.000813861888333466 0.000850694635921437 0.000891109145901256 0.000935797923772027 0.000984874334822215 0.0010387476852049 0.00109777833470101 0.00116226660042265 0.00123244215205771 0.00130856040389839 0.00139153525387103 0.00148024972254048 0.0015744607393394 0.00167381626638712 0.00177785712479389 0.0018860205914787 0.0019976457599553 0.00211218736713062 0.00222830821900915 0.00234494669275214 0.0024611367727448 0.00257589814660275 0.00268825272015227 0.0027972412041353 0.00290156229226354 0.00299985954408881 0.00309191834685642 0.00317711292591774 0.00325492214104504 0.00332493468621972 0.00338685226604895 0.00344046914151936 0.00348422543134806
0.00052239224066981 0.000547338772587142 0.000572391586227499 0.000597704074613758 0.000623605901033474 0.000650382069877971 0.000678347122407299 0.000707871624858847 0.000739359615497242 0.00077324232888427 0.000809971012212488 0.00085034401016937 0.000895033583108049 0.000944131824486512 0.000998033582091073 0.00105708629859279 0.00112157945685296 0.00119173450449502 0.00126780120505332 0.00135068878908849 0.00143929215508846 0.0015333798390414 0.00163261640507376 0.00173656432484148 0.0018446875488186 0.00195635676193538 0.00207108774431462 0.00218758687753555 0.00230483337157648 0.00242191070090716 0.002537889643105 0.00265184397398367 0.00276286618607359 0.00286974400451509 0.00297120859286134 0.0030670297475938 0.00315661753844697 0.00323948021807725 0.00331522857690967 0.0033835783352016 0.00344433076413617 0.00349604257298456
0.000487884921879501 0.000511707176554368 0.000535744161277947 0.000560152805928928 0.000585280580753136 0.000611395559023493 0.000638802372198933 0.000667863164014603 0.00069897146288157 0.00073254617471437 0.00076902471793761 0.000809192372926716 0.000853701021248122 0.000902623535199443 0.000956340943387038 0.00101518866771744 0.00107944652483187 0.00114932919288033 0.00122508240160899 0.00130761232195255 0.00139583003084134 0.0014895186068337 0.00158836243864703 0.00169194913960295 0.00179977307098062 0.00191124046571358 0.00202593550121896 0.00214261211868062 0.00226029386225552 0.00237811805477775 0.0024952108320332 0.00261070195872121 0.00272373961831739 0.00283320787271854 0.00293793204145921 0.00303766312575916 0.00313184896537816 0.00322002855432158 0.00330183551323583 0.00337699966520788 0.00344532885379737 0.00350550488243763
0.000454130430415753 0.000476815151861736 0.000499812621093338 0.000523282369115936 0.000547586725177132 0.00057297728645612 0.000599748493351447 0.000628253468165348 0.000658874745886511 0.000692018550682937 0.000728108264897245 0.000767914730501068 0.00081206950383446 0.000860628357047758 0.000913959254546708 0.000972386595651758 0.00103618178296686 0.00110555424060108 0.00118074734228838 0.00126266599469238 0.00135024148921267 0.00144327429388248 0.00154147171834426 0.00164444984516763 0.00175173698328907 0.00186277863398378 0.00197723441130925 0.00209390938859015 0.00221187459537847 0.00233032519807247 0.00244844658536064 0.00256542825164608 0.00268047760411451 0.00279258176883518 0.00290066618364689 0.00300445984967862 0.00310345003974452 0.00319720761852879 0.00328538959980841 0.00336773987829704 0.00344407235905515 0.00351320170737059
0.00042129294631175 0.000442834012812648 0.000464775297242872 0.000487278027594839 0.000510716498325898 0.000535326374319187 0.000561391709889063 0.000589256104041238 0.000619290721936208 0.000651888868195212 0.000687459802936953 0.000726758754651255 0.000770397184448202 0.000818415924915484 0.000871170731141486 0.000928976061599229 0.000992096220580751 0.00106073693354281 0.00113514093182507 0.0012162138069952 0.00130291079879446 0.00139505249016286 0.00149237204798279 0.00159451715315603 0.00170105336281398 0.0018114688940458 0.00192550544503673 0.00204202235648723 0.00216014092056508 0.00227911774456804 0.00239820095805018 0.00251664311669204 0.00263371397902666 0.00274850982313594 0.00286006152641635 0.00296807292644772 0.00307207211928879 0.00317166274528944 0.00326652560349761 0.00335641851633387 0.00344116087657561 0.00351970717551356
0.000389564278919344 0.000409962702869881 0.000430837872169768 0.000452351816327511 0.000474887880974282 0.000498666447409164 0.000523961071838294 0.00055110541413245 0.000580458992800852 0.000612402066587505 0.000647329808617738 0.000685980831098908 0.000728946915624152 0.000776256212149168 0.000828253244956538 0.000885243726062246 0.000947486275249925 0.0010151845546885 0.00108858244635294 0.0011685883795363 0.00125418506355508 0.00134521586549381 0.00144144265525751 0.00154254771587229 0.00164813699325868 0.00175774467384286 0.00187120094811849 0.00198742218994357 0.00210558241685771 0.00222500295457489 0.00234499782951466 0.00246488565146368 0.00258400131805767 0.00270155583795065 0.00281669031922864 0.00292908023709503 0.00303829565336127 0.00314397367934573 0.00324581912449131 0.00334360347482553 0.00343715095795177 0.00352556219811938
0.000359121619343 0.000378385967986807 0.000398192488884237 0.000418703148094758 0.000440307476341301 0.000463211315651155 0.000487677702563164 0.000514030042809368 0.000542616043212175 0.00057380291098055 0.000607971894641846 0.000645844192632498 0.000687992508066434 0.000734434612240033 0.000785504882930351 0.000841501568703464 0.000902679086143873 0.000969240712058193 0.00104143330930735 0.00112017045276506 0.00120446553113088 0.00129418723550508 0.0013891288139274 0.00148900994335154 0.00159347984639435 0.00170212164021973 0.00181485998676025 0.00193067059482078 0.0020487822708076 0.00216858390766459 0.00228945814579915 0.00241079219971108 0.00253198845548234 0.00265237753424559 0.00277121486774606 0.00288814441912358 0.00300277906124226 0.0031147898271838 0.00322390557588341 0.00332991107048446 0.00343263465302735 0.00353132851099677
0.000329981812668791 0.000348126443593165 0.000366868648940914 0.000386369588056252 0.000407022466904674 0.000429019335598063 0.000452612771738074 0.000478115735410907 0.000505864073354855 0.000536212042469799 0.000569527223103303 0.000606512870039578 0.000647723305139925 0.000693168012671747 0.00074317228058665 0.000798028111889962 0.000857987095163948 0.000923253649409616 0.000994079275541411 0.00107138487380012 0.00115421709203714 0.00124247208442762 0.00133597669919382 0.00143449029572413 0.00153770771052764 0.0016452633583994 0.0017571812879762 0.00187249817403546 0.00199049908701103 0.00211064262993542 0.00223238207363519 0.00235517510255412 0.00247849328085077 0.00260179054303337 0.00272443964409693 0.00284605028778071 0.00296627863881593 0.00308482983036943 0.00320145663682819 0.00331595664455872 0.0034281616098671 0.00353747930539326
0.000302221702002672 0.000319266432148658 0.00033695451398695 0.000355445620693677 0.000375134294522181 0.000396199578981078 0.00041888372325484 0.000443489141526264 0.000470339864357027 0.000499777390829424 0.000532155977440997 0.000568160596577832 0.000608327995145331 0.000652661386360582 0.000701478049690269 0.0007550649615806 0.000813672232275215 0.000877506895392972 0.000946826678013528 0.0010225619695926 0.00110379486269283 0.00119045087889799 0.00128239241428177 0.00137942048601339 0.00148127753122155 0.00158765124353439 0.00169866930551498 0.0018134305107647 0.00193127724935271 0.00205173948702782 0.00217434264940674 0.00229861626945122 0.00242410230528576 0.00255038088478005 0.00267694430612812 0.00280336548048118 0.00292934406115517 0.00305461923869788 0.00317896741680212 0.00330219847318643 0.00342414686271424 0.00354437896441948
0.000275898815639528 0.000291868423085846 0.000308518020605416 0.000326005183421653 0.000344723638333421 0.000364840233994153 0.000386587085436424 0.000410256047067507 0.000436159462698453 0.000464626348669948 0.000495998059345579 0.000530941127046808 0.000569975620062859 0.00061310039986761 0.000660625825797388 0.000712835049322697 0.000769978007267915 0.000832265745477121 0.000899963714275782 0.00097401389852281 0.00105353562224127 0.0011384854253459 0.00122876290719721 0.00132421238805157 0.00142462552614342 0.00152974487489294 0.00163980528268892 0.00175396834301655 0.00187163440416575 0.00199240594951348 0.00211588158581624 0.00224166358203048 0.00236936502946862 0.00249869428750001 0.00262926462571712 0.00276060987918121 0.0028924731068662 0.00302462729900928 0.00315687205804461 0.00328902895260393 0.00342093441551578 0.00355231542983202
0.000251052325661276 0.000265976028395694 0.000281607778132058 0.000298102510476666 0.000315851184228442 0.000335009280332204 0.000355799031055083 0.000378501797608505 0.000403418444269739 0.000430865852824536 0.00046117296345636 0.00049498787924429 0.000532814956691897 0.000574650509886923 0.000620799056321987 0.000671541089005243 0.000727127613517631 0.000787774992598082 0.000853757785542646 0.000926031580182069 0.00100375432142123 0.00108691494973806 0.00117545161689756 0.00126925324874487 0.00136816196752367 0.0014719763573281 0.00158104120952965 0.00169458113858018 0.00181205467968345 0.0019331374888533 0.00205750188155358 0.00218482325970265 0.00231478611220772 0.00244722821369315 0.00258188443714504 0.00271824754021229 0.00285610363173844 0.00299525903662161 0.00313553598958815 0.00327676709063134 0.00341879003509378 0.00356149336997855
0.000227704197516801 0.000241615117111808 0.00025625417311048 0.000271773191052772 0.000288558616117722 0.000306755393663242 0.000326576174625547 0.000348291967198698 0.000372192432635539 0.000398582729387361 0.000427779926084285 0.000460413861096372 0.000496974196726297 0.000537456373675154 0.000582160119542175 0.000631364383789976 0.000685322403640869 0.000744257054130156 0.000808453259493056 0.000878882079997687 0.000954741080752537 0.00103605270459726 0.00112279468828668 0.00121490151436926 0.00131226662754666 0.00141474539828158 0.00152279455224986 0.0016357015028117 0.00175298280233052 0.00187438743754702 0.00199966146571312 0.00212855333362208 0.00226081872382515 0.00239642515142843 0.00253522893166576 0.00267668005457793 0.00282060705914904 0.00296684894164307 0.00311524987593483 0.00326565278402292 0.00341789592266092 0.0035720293197647
0.00020596086665978 0.000218898129730791 0.000232575863770127 0.000247142362892486 0.00026297793529126 0.000280217872713172 0.000299065614403938 0.000319782039585649 0.000342645969341704 0.000367951336607834 0.000396003965458307 0.000427415759791181 0.000462662807684705 0.000501741299729435 0.000544947247940235 0.000592559171089704 0.0006448336709708 0.000702001269133414 0.000764358428034922 0.00083289347342942 0.000906844228926407 0.000986267487034598 0.0010711813041307 0.00116156632985414 0.00125736780765266 0.00135849822845952 0.00146552745725626 0.00157780499156735 0.00169490478558334 0.00181664877039935 0.00194285622946249 0.00207334802141844 0.00220795028565007 0.00234675965416721 0.00248975282365331 0.00263633559649255 0.00278637799359623 0.00293975076184479 0.00309631914222433 0.00325593557596017 0.00341843815922278 0.00358403713098881
