resources/Exp000_Example-Run/Run01_M2/TimeSeries/2015/model/2015_biasfile.asc
NCOLS 265 
NROWS 230 
XLLCORNER -115.5625 
YLLCORNER 24.8333333333333 
CELLSIZE 0.0833333333333333 
NODATA_value -9999 
[rows 0 to 18 of 230, columns 42 to 83 of 265]
5.03194476420226e-13 4.90275895321138e-13 4.96979734119041e-13 5.30522539408468e-13 6.01911339680099e-13 7.27355039920342e-13 9.46408774021716e-13 1.30895857199033e-12 1.87896103584935e-12 2.7578848269012e-12 4.0920609299406e-12 6.08941433923991e-12 9.04078744957342e-12 1.34649989583352e-11 2.03622303615049e-11 3.05841893982774e-11 4.55869770611819e-11 6.73924162590525e-11 9.87734061927565e-11 1.43484340811733e-10 2.06540499503514e-10 3.01553285149083e-10 4.37453244020672e-10 6.29426763133372e-10 8.98233787241164e-10 1.27131282238316e-09 1.78453668481608e-09 2.48429074866778e-09 3.46853452677193e-09 4.84583651014485e-09 6.71825345884476e-09 9.24322255704492e-09 1.26208257477087e-08 1.71029607839924e-08 2.30038365310312e-08 3.080789493796e-08 4.14483992565963e-08 5.53639338500475e-08 7.34260723517578e-08 9.66969087949351e-08 1.26459933980193e-07 1.6425372767631e-07
7.27677734278228e-13 7.01403148762878e-13 6.98955353997811e-13 7.28421392663796e-13 8.02270091647365e-13 9.38974092794123e-13 1.18391983813454e-12 1.59428417923043e-12 2.24347509763574e-12 3.2480787296164e-12 4.77627360199392e-12 7.06706745383898e-12 1.04548145273035e-11 1.55360018371497e-11 2.34606026276812e-11 3.5207944303689e-11 5.24523638605486e-11 7.75188039321164e-11 1.13596016482138e-10 1.65001613945275e-10 2.37503465420664e-10 3.46755842045315e-10 5.03031383972225e-10 7.23798579902911e-10 1.0329382385882e-09 1.46201549400851e-09 2.05230057260613e-09 2.85716088654945e-09 3.98930378491995e-09 5.57366046523541e-09 7.72768619817738e-09 1.06325743291929e-08 1.45186157869791e-08 1.967576345791e-08 2.64657232973407e-08 3.54461941244747e-08 4.76916467050625e-08 6.37072937037431e-08 8.44969116748761e-08 1.11283833741438e-07 1.45546569711792e-07 1.89057682958047e-07
1.05087974421781e-12 1.00448544746026e-12 9.8716411024165e-13 1.00788225599442e-12 1.08066012545003e-12 1.22642878783666e-12 1.49705151598399e-12 1.95777732929899e-12 2.69252450953234e-12 3.83474264093221e-12 5.57699976489285e-12 8.19301783441768e-12 1.20657585058762e-11 1.78784901363042e-11 2.69485685040061e-11 4.03979341670152e-11 6.01448195121829e-11 8.88529458950826e-11 1.3017586516339e-10 1.89060735723418e-10 2.72116690286334e-10 3.97281649656364e-10 5.7632888705598e-10 8.29278560002501e-10 1.18350123990216e-09 1.67517684457163e-09 2.3516119757674e-09 3.27398325407677e-09 4.57149363636163e-09 6.38737987341886e-09 8.85632769946215e-09 1.21861132407548e-08 1.66408345667352e-08 2.25530371360136e-08 3.03375931095665e-08 4.06342074080775e-08 5.46754396041225e-08 7.30411514492526e-08 9.68831951157233e-08 1.27605529865532e-07 1.66905167797778e-07 2.16816873039001e-07
1.51751158659602e-12 1.44122108487625e-12 1.40062430516982e-12 1.40553516824877e-12 1.47158655658502e-12 1.62234905352798e-12 1.91684985567687e-12 2.42923131718461e-12 3.25505687394129e-12 4.54653377253637e-12 6.52338523404741e-12 9.4980044425777e-12 1.39075172940351e-11 2.05319177532756e-11 3.08751431090398e-11 4.6218109210626e-11 6.87509529102167e-11 1.01515101992763e-10 1.48682346803089e-10 2.15901812080469e-10 3.10720722328507e-10 4.53623591074258e-10 6.58057520787698e-10 9.46888830858163e-10 1.3513809178761e-09 1.91286192451988e-09 2.68537316810926e-09 3.73880463801209e-09 5.22076546877581e-09 7.29492253635842e-09 1.01151960785058e-08 1.39190372195873e-08 1.90082881817342e-08 2.57630527117559e-08 3.46575745763523e-08 4.64231427959544e-08 6.24688894524844e-08 8.3458118691537e-08 1.10708151330021e-07 1.45824822382716e-07 1.90749392505788e-07 2.47809771213862e-07
2.21422962480183e-12 2.09252993422846e-12 2.01514702764183e-12 1.99263409397804e-12 2.04224681708107e-12 2.19035457729193e-12 2.50392295598644e-12 3.06689635175084e-12 3.98777717561489e-12 5.43972838400615e-12 7.6728506246583e-12 1.10428282904523e-11 1.60474464121291e-11 2.35750574186962e-11 3.53386441059672e-11 5.27972373551149e-11 7.84456540616647e-11 1.15748584750903e-10 1.69458602261872e-10 2.46011566068039e-10 3.54006141669044e-10 5.16781271429657e-10 7.49660737027258e-10 1.0787019451769e-09 1.53953327840821e-09 2.17925610008371e-09 3.05946477686877e-09 4.25982235940695e-09 5.94858355305263e-09 8.31233662052001e-09 1.15265872362685e-08 1.58620890986762e-08 2.16630482593079e-08 2.93629548262719e-08 3.95027088468201e-08 5.29164288127377e-08 7.12115252910663e-08 9.51450863420435e-08 1.26220345252306e-07 1.66269997327328e-07 2.17509832705054e-07 2.82597312493081e-07
3.2173704075607e-12 3.0299009194045e-12 2.89781491469561e-12 2.83220921906205e-12 2.85189361633471e-12 2.98612419972207e-12 3.31052021873241e-12 3.91964664056883e-12 4.93616106851913e-12 6.55629757786573e-12 9.06365162151716e-12 1.28616803802028e-11 1.85151368737629e-11 2.70320432782834e-11 4.03562757699084e-11 6.01435871040218e-11 8.92253513225465e-11 1.31533832500941e-10 1.92463225300002e-10 2.79318589832183e-10 4.01860314050778e-10 5.86581306812659e-10 8.50879490287374e-10 1.22433913869752e-09 1.74741333928671e-09 2.47358531272775e-09 3.47279953233517e-09 4.83552443204856e-09 6.7528420219242e-09 9.43669014766788e-09 1.30864523915516e-08 1.80097225058228e-08 2.45975764041432e-08 3.33425766342222e-08 4.48593884166358e-08 6.00959353144384e-08 8.08790963899009e-08 1.08069855217428e-07 1.43377334841745e-07 1.88885513204934e-07 2.47114319224521e-07 3.21086376078077e-07
4.6551796815559e-12 4.37352379518234e-12 4.16153261909004e-12 4.030522980509e-12 4.00068509018076e-12 4.10416906882423e-12 4.42595595212866e-12 5.07201573359834e-12 6.18039645516637e-12 7.97261539710439e-12 1.07690432156978e-11 1.50256406246668e-11 2.1380798533029e-11 3.09741811874025e-11 4.60036873334695e-11 6.83414777341465e-11 1.0118922660345e-10 1.48993678401629e-10 2.17855057650659e-10 3.16034935453907e-10 4.54572192722511e-10 6.6343090545503e-10 9.62292315022052e-10 1.38462329568409e-09 1.97618875635245e-09 2.79749880100216e-09 3.92769287276059e-09 5.46913921871245e-09 7.63806034345128e-09 1.06743193105101e-08 1.48036103843626e-08 2.03741214745763e-08 2.78285814740481e-08 3.77246625436877e-08 5.07583447081742e-08 6.80030143328215e-08 9.15275309292948e-08 1.22307532696325e-07 1.62279276399185e-07 2.13804001821532e-07 2.79737283668076e-07 3.63504812295558e-07
6.70686291350061e-12 6.29160656174743e-12 5.96452485592911e-12 5.7366542964058e-12 5.62924484228399e-12 5.67723172047305e-12 5.97563600843071e-12 6.642549319229e-12 7.83264220839913e-12 9.79500944083385e-12 1.28902267790619e-11 1.76317243090423e-11 2.47385453717903e-11 3.54946043259364e-11 5.23761838207544e-11 7.74925692422636e-11 1.14451265788136e-10 1.68262891247293e-10 2.45801524929935e-10 3.56377197637773e-10 5.12430267660713e-10 7.4773010583343e-10 1.08446168368694e-09 1.56034935184502e-09 2.22698326489884e-09 3.15258040279298e-09 4.4263660131843e-09 6.16376235493252e-09 8.60857217312883e-09 1.20313015791079e-08 1.6686523856179e-08 2.29669845123543e-08 3.13721165602133e-08 4.25310788844725e-08 5.72291430724321e-08 7.66774774571543e-08 1.03210716884048e-07 1.37930545333663e-07 1.83022830990144e-07 2.41153572840013e-07 3.15547351077705e-07 4.10073071138079e-07
9.62178334470163e-12 9.01856934820801e-12 8.52759699759279e-12 8.15888094679241e-12 7.93420772698004e-12 7.89102567632514e-12 8.13501404153131e-12 8.79699136974212e-12 1.00494515609656e-11 1.21714251150089e-11 1.55672554176962e-11 2.08130252528901e-11 2.87157688711146e-11 4.07168619811176e-11 5.95965005638337e-11 8.77227774539196e-11 1.29146243798782e-10 1.89493123273389e-10 2.76482388649121e-10 4.0056884084195e-10 5.75723143510561e-10 8.39870025258234e-10 1.2179291695675e-09 1.7522753223915e-09 2.50086212456306e-09 3.54032644117138e-09 4.97091360747923e-09 6.92231063279956e-09 9.66846003103402e-09 1.35133636680625e-08 1.87431710582878e-08 2.57993478046191e-08 3.52433373405077e-08 4.7782486386065e-08 6.42997424173841e-08 8.61570064750279e-08 1.15979709911094e-07 1.55007582025966e-07 2.05699764553207e-07 2.71055972591636e-07 3.54704935197377e-07 4.61001082998633e-07
1.3745502129588e-11 1.28797596198703e-11 1.21576141300625e-11 1.15869907698403e-11 1.11894141349161e-11 1.10043494566292e-11 1.11486521769954e-11 1.17663067303898e-11 1.30487651347422e-11 1.53073936931924e-11 1.89939784561883e-11 2.47526350396478e-11 3.34860266794459e-11 4.68067661837766e-11 6.78255828372794e-11 9.91919464424106e-11 1.45438224441471e-10 2.12860135434797e-10 3.10095543012777e-10 4.48844341814419e-10 6.44741704643828e-10 9.40232463110793e-10 1.36321172052947e-09 1.96111417663732e-09 2.79881811274517e-09 3.96212380961009e-09 5.56327118618288e-09 7.74747513203531e-09 1.08214885295148e-08 1.51257871150242e-08 2.09809140171402e-08 2.88814030962103e-08 3.94562528619586e-08 5.34980020864494e-08 7.19960402876506e-08 9.64765441449888e-08 1.29881914008526e-07 1.73602500180836e-07 2.30395498140394e-07 3.03624676173402e-07 3.97359745130527e-07 5.16485022547291e-07
1.96510704783439e-11 1.84153321814535e-11 1.73645874667708e-11 1.65030808932398e-11 1.58508378833511e-11 1.54484910980108e-11 1.54244428909609e-11 1.59360414270075e-11 1.71947576188154e-11 1.95468059975252e-11 2.34953343928002e-11 2.97582754018178e-11 3.93421612103112e-11 5.40457350504183e-11 7.73390326011229e-11 1.12177233104302e-10 1.63616363783059e-10 2.38679785287644e-10 3.4700408683338e-10 5.01642491064212e-10 7.20039469732471e-10 1.04955357787506e-09 1.52131510305571e-09 2.18826083426588e-09 3.12279963110672e-09 4.4206982634718e-09 6.20724403854918e-09 8.64454470143076e-09 1.20750498391809e-08 1.68789297148916e-08 2.34141698590438e-08 3.22330779685038e-08 4.40382101022241e-08 5.97148822064269e-08 8.03684222003467e-08 1.07703956392586e-07 1.45009221262135e-07 1.93838847653729e-07 2.5727497868279e-07 3.39078375125747e-07 4.43799739703517e-07 5.76901486441785e-07
2.82007361907265e-11 2.6439429198824e-11 2.491839064006e-11 2.36358305826281e-11 2.26083953532611e-11 2.18765126984399e-11 2.15802424303143e-11 2.18901083007454e-11 2.30384995625616e-11 2.54090509449009e-11 2.95603901185023e-11 3.62904103229349e-11 4.67183025703418e-11 6.2844866961251e-11 8.85301953910961e-11 1.27061081468897e-10 1.84061818454618e-10 2.67345367762423e-10 3.87632089778627e-10 5.59443819217535e-10 8.02188542839592e-10 1.16855793270771e-09 1.69319415860646e-09 2.43500730409729e-09 3.47458276833175e-09 4.91851017809369e-09 6.90624723119124e-09 9.61825093810006e-09 1.34357478067799e-08 1.87820419958589e-08 2.60558196594349e-08 3.58721915400223e-08 4.90136890662724e-08 6.64665185050915e-08 8.94621075039672e-08 1.19900237149137e-07 1.61444351371101e-07 2.15828022103367e-07 2.86487177935515e-07 3.77614910124623e-07 4.94285858559342e-07 6.42592306080234e-07
4.02491424509522e-11 3.77614601949083e-11 3.55864459442119e-11 3.37132008669816e-11 3.21524948916618e-11 3.09426591753938e-11 3.02351561848549e-11 3.02130238146414e-11 3.11301572098362e-11 3.34099478814409e-11 3.76703756891373e-11 4.47951487837863e-11 5.60245339894458e-11 7.3576676573331e-11 1.01731206195209e-10 1.44131236639883e-10 2.07011931446849e-10 2.99034986986523e-10 4.32085665505138e-10 6.22264362262414e-10 8.91089640406804e-10 1.29698640209428e-09 1.87837249890893e-09 2.70058088347443e-09 3.85298999398833e-09 5.45382987842377e-09 7.65780108260017e-09 1.06651011770124e-08 1.48986766885912e-08 2.08282543378409e-08 2.88963388141888e-08 3.97856569867692e-08 5.43648602779872e-08 7.37288163242219e-08 9.92447893853881e-08 1.33022268221024e-07 1.79129525306637e-07 2.39493167627258e-07 3.1793060503049e-07 4.1910121598654e-07 5.48644866400793e-07 7.13333509930668e-07
5.71460336148132e-11 5.36602823081149e-11 5.05817923888409e-11 4.78863771850565e-11 4.55755002954472e-11 4.36827397068618e-11 4.23702396632044e-11 4.18322926405459e-11 4.23445781873652e-11 4.43724891060641e-11 4.85972414006624e-11 5.5994320258913e-11 6.79336841954341e-11 8.68665053456624e-11 1.17522130082944e-10 1.63925109849786e-10 2.32964858048797e-10 3.34211950006099e-10 4.80799006448123e-10 6.90516679869153e-10 9.87143474589132e-10 1.43524411981159e-09 2.07727990473329e-09 2.98546342225964e-09 4.25859272054077e-09 6.02736945251429e-09 8.4628276902324e-09 1.17863209544626e-08 1.64655105445778e-08 2.30198945877161e-08 3.1938973832127e-08 4.3977996911632e-08 6.00980007708896e-08 8.15104418021951e-08 1.09728357865105e-07 1.47086311596862e-07 1.98087142898448e-07 2.64864925322605e-07 3.5164688039201e-07 4.63593427622211e-07 6.06951940081691e-07 7.89225068820015e-07
8.07322302144278e-11 7.58825084872058e-11 7.15632431152377e-11 6.77313322426983e-11 6.43742838706187e-11 6.15172697512038e-11 5.93317668741062e-11 5.80213011868607e-11 5.7883227071863e-11 5.9427057099013e-11 6.34011244435244e-11 7.08787579949137e-11 8.33684216277961e-11 1.03570378062441e-10 1.36694503473092e-10 1.87172194769208e-10 2.62591064227592e-10 3.73491397815343e-10 5.34336481064636e-10 7.64719992101002e-10 1.09083111262082e-09 1.58378501117425e-09 2.29035628425092e-09 3.290098185404e-09 4.69186099996319e-09 6.63965749120791e-09 9.32195724796063e-09 1.29827003212584e-08 1.8137290514853e-08 2.53583857337407e-08 3.51857006351392e-08 4.84519741991744e-08 6.6216977873523e-08 8.98167936054268e-08 1.20920311686934e-07 1.62102758607409e-07 2.18331726628171e-07 2.91963446565674e-07 3.87663759175833e-07 5.11129485205865e-07 6.69258549239957e-07 8.70336277934746e-07
1.13507864980282e-10 1.0680359475085e-10 1.00789612524538e-10 9.53963850492259e-11 9.0591231168787e-11 8.63859747309754e-11 8.29592399305656e-11 8.05208109677172e-11 7.93891353446702e-11 8.01198089843942e-11 8.35321588062774e-11 9.08035443638038e-11 1.03589968515151e-10 1.24857249394446e-10 1.60327215740339e-10 2.14863697575208e-10 2.96796829628948e-10 4.1769780612316e-10 5.93444243491296e-10 8.45545977345939e-10 1.20275398803018e-09 1.74314591267865e-09 2.51807962326565e-09 3.61491112744885e-09 5.1531773028009e-09 7.29104413224572e-09 1.02355225620385e-08 1.42545753170926e-08 1.99143892520335e-08 2.78441875805464e-08 3.8637136113852e-08 5.32084635926392e-08 7.27230677582907e-08 9.86497513616227e-08 1.32823414483693e-07 1.78075663848733e-07 2.39869288190108e-07 3.20797539627579e-07 4.25993990825144e-07 5.61727621691418e-07 7.3559046501015e-07 9.56703153613426e-07
1.58854682644441e-10 1.4964095959927e-10 1.41323982210837e-10 1.33797819404129e-10 1.27001320975704e-10 1.20926366340623e-10 1.15755437948429e-10 1.11700425948676e-10 1.09099732776274e-10 1.085568285801e-10 1.10965926035916e-10 1.17614767885265e-10 1.30316207002311e-10 1.52318547918777e-10 1.8988764031666e-10 2.48345426840612e-10 3.36809094064175e-10 4.67942002032034e-10 6.59119636333728e-10 9.33880762415794e-10 1.32368864340009e-09 1.91399415843813e-09 2.76100634077426e-09 3.96034374834594e-09 5.64286133832692e-09 7.98171694847892e-09 1.12035646336324e-08 1.56018212506935e-08 2.17964886323656e-08 3.04767541292216e-08 4.22924689642282e-08 5.82463475946062e-08 7.96148052231221e-08 1.0800746459965e-07 1.45435403703037e-07 1.95002348045547e-07 2.62696785907472e-07 3.51363935561226e-07 4.66634334413219e-07 6.15385052646772e-07 8.0594602987585e-07 1.04832616506756e-06
2.22906279191251e-10 2.10234294958662e-10 1.98729449341801e-10 1.88235119611426e-10 1.78649811450335e-10 1.69935980344279e-10 1.62274784810939e-10 1.55874144525274e-10 1.5109047838941e-10 1.48576850100139e-10 1.49306596519825e-10 1.54684922728218e-10 1.66691919762531e-10 1.8887714122528e-10 2.2808557183812e-10 2.90124718065512e-10 3.84946426441849e-10 5.26371337424193e-10 7.33361247000783e-10 1.03160291967087e-09 1.45543051139179e-09 2.09810182823311e-09 3.02095772588626e-09 4.32836309165325e-09 6.16315575390993e-09 8.71436866902758e-09 1.22294599681858e-08 1.70288098242008e-08 2.37894335021686e-08 3.32640714298801e-08 4.61626795988452e-08 6.3580741820281e-08 8.69129547830952e-08 1.17918338952807e-07 1.5879492643225e-07 2.12935248431404e-07 2.86885854198703e-07 3.83759848856761e-07 5.09715828687133e-07 6.72277205248018e-07 8.80558490522029e-07 1.1455133226215e-06
3.12645239507143e-10 2.95247267559751e-10 2.79367224004979e-10 2.64778939553982e-10 2.51324935330082e-10 2.38925766349413e-10 2.27753944163387e-10 2.18005453052091e-10 2.10052035243601e-10 2.04597893268746e-10 2.02699872142841e-10 2.05888091078997e-10 2.16320769751434e-10 2.37868119558777e-10 2.77989950123697e-10 3.43006338369138e-10 4.43750542996423e-10 5.95263869900547e-10 8.18179985806432e-10 1.14044835976203e-09 1.5994264138939e-09 2.29659650054334e-09 3.29869831207169e-09 4.7193062828429e-09 6.71387806385636e-09 9.4881684192101e-09 1.33115530880163e-08 1.85328239551695e-08 2.58890818349375e-08 3.62000708109258e-08 5.02391437347225e-08 6.91996431590668e-08 9.46010680615449e-08 1.28360112675183e-07 1.72872168739048e-07 2.31834694093377e-07 3.12383585608099e-07 4.17915299720254e-07 5.55146642505064e-07 7.32284493494702e-07 9.59273273949851e-07 1.24806627781478e-06
