resources/Exp000_Example-Run/Run01_M2/TimeSeries/2015/model/2015_biasfile.asc
NCOLS 265 
NROWS 230 
XLLCORNER -115.5625 
YLLCORNER 24.8333333333333 
CELLSIZE 0.0833333333333333 
NODATA_value -9999 
[rows 95 to 113 of 230, columns 210 to 251 of 265]
0.000610396624218388 0.000544421905255025 0.000483484001625667 0.000427444516757695 0.000376146501542907 0.00032941491531811 0.00028705756302694 0.000249117202150438 0.000215519219207169 0.000185519300503284 0.000158873489985301 0.000135335693877557 0.000114660181178778 9.66039651149479e-05 8.09290486585471e-05 6.77424678008123e-05 5.6398000678488e-05 4.66902867372514e-05 3.84322030502821e-05 3.14498612018423e-05 2.55828644791032e-05 2.06843876657657e-05 1.67001629793239e-05 1.34416953129058e-05 1.07544509302006e-05 8.55220299910474e-06 6.7590124252901e-06 5.30846904601993e-06 4.1429237925802e-06 3.22174731687624e-06 2.50920384095106e-06 1.94195952903143e-06 1.49340175881848e-06 1.14110362205137e-06 8.66307635753952e-07 6.53448394975763e-07 4.8971400150689e-07 3.69303169890094e-07 2.77047324530855e-07 2.06472652527563e-07 1.52869338384113e-07 1.12446548895482e-07
0.000642926924408936 0.000573450477826103 0.000509268775935885 0.000450240455478406 0.000396203415968657 0.000346975514444396 0.000302355743305186 0.000262390066973138 0.000227000305072057 0.000195402126444933 0.000167338297108995 0.000142549262232248 0.000120775822432276 0.000101761675553893 8.52558066993654e-05 7.13705791603408e-05 5.94251399012801e-05 4.92030648316651e-05 4.05071891590652e-05 3.3154331887741e-05 2.69755598825784e-05 2.18162648004908e-05 1.76192952501472e-05 1.41862465521818e-05 1.13544795995335e-05 9.03326014256189e-06 7.14268557252603e-06 5.61288351691144e-06 4.38320147380006e-06 3.41090709380637e-06 2.6584245987865e-06 2.05907768487783e-06 1.58485938827113e-06 1.21216410203849e-06 9.21244666371505e-07 6.95710491032595e-07 5.22066523133793e-07 3.94220297944058e-07 2.96163592866221e-07 2.21065029408508e-07 1.63953069336447e-07 1.20823803286629e-07
0.000675587627804904 0.000602579035269565 0.000535129509822624 0.000473093759274127 0.000416303646162969 0.00036456912001876 0.000317679638057862 0.00027568384159637 0.000238499390210859 0.000205301236926427 0.000175818523618568 0.000149777950234822 0.000126906621102565 0.000106934741138657 8.95981444480936e-05 7.5014401360665e-05 6.2467981398969e-05 5.17313762084934e-05 4.25973738286548e-05 3.48735074401333e-05 2.83823231096902e-05 2.29614510425421e-05 1.85508745004217e-05 1.4942318188266e-05 1.19650689965548e-05 9.52390786662201e-06 7.53498860762844e-06 5.92499364134277e-06 4.63028098931728e-06 3.60602918623396e-06 2.81283686638902e-06 2.18068146214109e-06 1.68016300850855e-06 1.28649687199987e-06 9.7894450837431e-07 7.40287330162863e-07 5.56343473600659e-07 4.20732913916874e-07 3.16594040842042e-07 2.36732215184847e-07 1.75909543473853e-07 1.29904594581932e-07
0.000708262789425493 0.000631704291836071 0.000560974932661432 0.000495924455878966 0.000436377746563174 0.000382136003702959 0.000332978405026353 0.00028895567880471 0.000249980699579215 0.000215187135708851 0.000184290194490567 0.000157002588897245 0.000133037546633914 0.00011211165348526 9.3947513212112e-05 7.86677589979392e-05 6.55222930169334e-05 5.42725549236651e-05 4.47013293989816e-05 3.6606916642753e-05 2.98034002821975e-05 2.41207098929967e-05 1.9496002662309e-05 1.57112184066256e-05 1.25876374033353e-05 1.0025599869969e-05 7.93735432874666e-06 6.24617048219229e-06 4.88544367853908e-06 3.80828731255771e-06 2.97349812730345e-06 2.30771104103613e-06 1.78013835847283e-06 1.36481894015917e-06 1.04002309153306e-06 7.8770261119074e-07 5.92985762419287e-07 4.49210231748738e-07 3.38645431023672e-07 2.53727009681354e-07 1.88945403676155e-07 1.39856474564671e-07
0.000740832108606834 0.000660720351701928 0.000586712579619097 0.000518652505029192 0.00045635707789891 0.000399617901010662 0.000348203139140697 0.000302164979604223 0.000261410882014187 0.000225032831056093 0.000192731844002208 0.000164206464299741 0.000139155924794891 0.000117283129679096 9.82974372485801e-05 8.23263833932272e-05 6.85855792731275e-05 5.68255025403767e-05 4.68190310865784e-05 3.83553338060016e-05 3.12401349506018e-05 2.52957647502364e-05 2.04566167168383e-05 1.64949779814166e-05 1.32242245948047e-05 1.05403211912084e-05 8.35166709795051e-06 6.5781665984075e-06 5.15029128163201e-06 4.01912305175752e-06 3.14168937501749e-06 2.44129208603794e-06 1.88576425386243e-06 1.44797293892466e-06 1.10519885622703e-06 8.38563202699405e-07 6.3250138517897e-07 4.80075635691236e-07 3.62668052163369e-07 2.72336985005456e-07 2.03294908936039e-07 1.50868796904136e-07
0.000773203732109386 0.000689548565204186 0.000612275650064191 0.000541221672549144 0.000476194765778312 0.000416976169484595 0.000363322382787968 0.000315286450250742 0.000272769844068053 0.000234822662130096 0.000201131552840189 0.000171380781136305 0.000145255536865498 0.000122445046419262 0.000102645469617145 8.59890896836341e-05 7.16576287702987e-05 5.93907379684715e-05 4.8951525048772e-05 4.01201650679424e-05 3.2694157624553e-05 2.64883626063961e-05 2.14344895353688e-05 1.72953339980983e-05 1.38764908991106e-05 1.10696269526423e-05 8.77935866782426e-06 6.92228050315235e-06 5.4259857445267e-06 4.23956376786376e-06 3.31831022583612e-06 2.58220493775947e-06 1.99771144150416e-06 1.53653034920992e-06 1.174954538697e-06 8.93273457444588e-07 6.75226246214707e-07 5.13607284980536e-07 3.88890690279428e-07 2.92748947797564e-07 2.19109473289069e-07 1.63063386500481e-07
0.00080529920450641 0.000718121940756581 0.000637607581545007 0.000563584811088907 0.000495852093069407 0.000434179574122524 0.000378311478559779 0.00032830110506054 0.000284043393707026 0.00024454651561276 0.00020948263222753 0.000178521682100056 0.00015133482458225 0.000127597671505068 0.000106993288775071 8.96585537866469e-05 7.47418265554836e-05 6.19721131824033e-05 5.11029293362634e-05 4.19056311275418e-05 3.41696617183522e-05 2.77025692761332e-05 2.24334794851913e-05 1.81158880589255e-05 1.45477530450984e-05 1.16165343231532e-05 9.22314285563065e-06 7.28092749526512e-06 5.71465528979818e-06 4.47146787794524e-06 3.50497206852327e-06 2.73183568909823e-06 2.11716287625672e-06 1.63149293264172e-06 1.25013193743421e-06 9.52535346873735e-07 7.2174126100414e-07 5.50284775259892e-07 4.17706777807319e-07 3.15283403084822e-07 2.36648357999751e-07 1.76648476230005e-07
0.000837056140616736 0.000746388617566011 0.000662665971894341 0.000585707948040916 0.000515302531032561 0.000451208093587478 0.000393156030270082 0.000341199300942685 0.00029522580772608 0.000254201918784298 0.000217785254565593 0.000185631442595663 0.000157397686011118 0.000132746105009902 0.000111346833197369 9.33411987971522e-05 7.78448399651546e-05 6.45763430309931e-05 5.32798483640001e-05 4.37181027235796e-05 3.56726917370504e-05 2.89440372432509e-05 2.34588021256295e-05 1.89613993620053e-05 1.52423108566944e-05 1.21848916944554e-05 9.6864331303553e-06 7.65710907461939e-06 6.01891698123214e-06 4.71710008865177e-06 3.70362374794238e-06 2.89184938734402e-06 2.24553098456943e-06 1.73405027429757e-06 1.33172579802855e-06 1.01717473599695e-06 7.72727165169475e-07 5.90668250420666e-07 4.49574442935883e-07 3.4031253246554e-07 2.56211868567598e-07 1.91864710174434e-07
0.000868430841851689 0.000774314250838037 0.000687424744623439 0.000607572243058228 0.000534533501341575 0.000468054499393422 0.000407853312097304 0.000353981990086036 0.000306320942030595 0.000263795019540228 0.000226047314886633 0.000192719224816018 0.000163454132867678 0.000137900849850756 0.000115716794556512 9.70476208945428e-05 8.09769850053538e-05 6.72133191606621e-05 5.54916408138488e-05 4.55663283439958e-05 3.72113360393028e-05 3.02201681754595e-05 2.45171670732261e-05 1.9837899717814e-05 1.59655435243399e-05 1.27794589371042e-05 1.01734092431086e-05 8.05446802954597e-06 6.34192207474416e-06 4.97916863364274e-06 3.91658215386712e-06 3.06421505213322e-06 2.38447803499315e-06 1.84559629343625e-06 1.42089713294023e-06 1.08815207747652e-06 8.28973058383169e-07 6.35405246479246e-07 4.85021968545064e-07 3.68264525866926e-07 2.78144773854498e-07 2.08987827769712e-07
0.000899400741384796 0.000801884238152316 0.000711876167912555 0.000629175811491922 0.000553548016084215 0.000484725824735678 0.000422413578533091 0.000366661883983131 0.000317343263042385 0.0002733414966208 0.000234285230893662 0.00019980177806733 0.000169520901043849 0.000143078341839822 0.00012011907600514 0.000100792985250013 8.41525670656274e-05 6.98964020865774e-05 5.77506690228327e-05 4.74616463248119e-05 3.87959065021036e-05 3.1540264502117e-05 2.5616905747585e-05 2.07528009811702e-05 1.6723999596825e-05 1.34059824808716e-05 1.06890796111443e-05 8.47734005612056e-06 6.68739854967478e-06 5.26086022464295e-06 4.14656095409562e-06 3.25122919398815e-06 2.53593530261939e-06 1.967744788528e-06 1.51898577159096e-06 1.16657249511626e-06 8.91384466148909e-07 6.85237153346599e-07 5.2465294949449e-07 3.99627676340771e-07 3.02839539994761e-07 2.28331203917448e-07
0.00092993879246812 0.000829082357531515 0.000736013527339482 0.000650520171285003 0.000572354602764311 0.00050123644554431 0.000436855962582067 0.000379261799339275 0.000328318255181958 0.000282868696395775 0.000242527493189491 0.000206908106901402 0.000175626964466604 0.000148307062680598 0.000124581284747204 0.00010460367831418 8.73965401736793e-05 7.2648960907722e-05 6.00786168574601e-05 4.94240009874014e-05 4.04445934425311e-05 3.29207819424217e-05 2.67727955756698e-05 2.17192830441384e-05 1.75293524910343e-05 1.40747301848658e-05 1.12424137804054e-05 8.93350686330456e-06 7.06205131655784e-06 5.56791744959834e-06 4.39845891711426e-06 3.4570444830983e-06 2.70340059443513e-06 2.10342299815746e-06 1.62842548871506e-06 1.25444614300362e-06 9.61610586551737e-07 7.41515741150409e-07 5.69569069109523e-07 4.35294102326698e-07 3.31013880105882e-07 2.50468421311333e-07
0.000960092764757894 0.000855959401404378 0.00075988948646715 0.000671658851833644 0.000591006790540721 0.00051763915600776 0.000451231911540158 0.000391831314708781 0.000339293217307378 0.000292421373367177 0.000250816124667286 0.000214077383834922 0.000181808586412127 0.000153620359253717 0.000129133888056957 0.000108507381801766 9.07339128265031e-05 7.54934622627324e-05 6.24955548077848e-05 5.14712223644807e-05 4.21731482295455e-05 3.437555769285e-05 2.79969423957893e-05 2.27478908408067e-05 1.83907392129354e-05 1.47935768704301e-05 1.18401619701062e-05 9.42872281595143e-06 7.47075835618778e-06 5.90445667287012e-06 4.67574192895864e-06 3.68456326773123e-06 2.88929085753387e-06 2.25463223719206e-06 1.7508638534377e-06 1.35312137031939e-06 1.04074826061481e-06 8.05133478867457e-07 6.20492753355769e-07 4.75845098223949e-07 3.63132679521424e-07 2.75768958911905e-07
0.000989939577429952 0.000882592136021143 0.000783579699396551 0.000692665591250027 0.00060957574274593 0.000534002019962172 0.000465605987680298 0.000404431188864131 0.000350324917125012 0.000302052228972747 0.000259199752564539 0.000221354211259866 0.000188106441700608 0.000159055115283536 0.000133810146202869 0.000112533963002919 9.41913719802095e-05 7.84536324249616e-05 6.502247140278e-05 5.36217838178236e-05 4.39977481691753e-05 3.59186860560289e-05 2.93015846199165e-05 2.38492109648722e-05 1.93172727441287e-05 1.55703279871666e-05 1.2488975794882e-05 9.96862695481591e-06 7.91827508630633e-06 6.27447164023745e-06 4.9817583024875e-06 3.93657815838845e-06 3.09592283858846e-06 2.42328401440811e-06 1.88786924172956e-06 1.46387769932442e-06 1.12983529926779e-06 8.76932673680759e-07 6.78104217922687e-07 5.21826782782652e-07 3.99631786128567e-07 3.04578545816399e-07
0.00101956819486652 0.00090906957209521 0.000807172215775508 0.000713626613720355 0.000628145129571708 0.000550405553051682 0.00048005507103694 0.000417134279971259 0.00036148191843583 0.000311825387821574 0.000267737991770385 0.000228793689182466 0.000194571167040553 0.000164657604261261 0.000138652110189516 0.000116721462562343 9.78031558283501e-05 8.15601300410025e-05 6.76866791017891e-05 5.58998909422702e-05 4.59397332860223e-05 3.7568881249621e-05 3.07030720100404e-05 2.50374686853323e-05 2.03212670473015e-05 1.64155878034899e-05 1.31979390001268e-05 1.05609586463248e-05 8.41115927969793e-06 6.68349436738555e-06 5.32116474543433e-06 4.21698798835743e-06 3.3265428861479e-06 2.61206618544302e-06 2.04165430863055e-06 1.58852591370474e-06 1.23034474178022e-06 9.58111941924728e-07 7.43373757198581e-07 5.74019947426202e-07 4.41135679299125e-07 3.37393544575834e-07
0.00104909639801667 0.000935507397431018 0.000830779667312105 0.000734650690485842 0.000646819206617994 0.000566948979140596 0.00049467296604863 0.000430028693790483 0.000372846474206406 0.00032181721292272 0.000276501352536151 0.000236460576441968 0.00020126192561787 0.000170481594687939 0.000143708391377368 0.000121113654451286 0.000101608493446233 8.48479409428388e-05 7.05192269262725e-05 5.83329626757493e-05 4.802319554185e-05 3.934720438366e-05 3.22197524503792e-05 2.63285861130602e-05 2.14164711132116e-05 1.73411690693123e-05 1.39771486350985e-05 1.12143031538503e-05 8.95667166760715e-06 7.13763923360017e-06 5.69910026463075e-06 4.53008917810434e-06 3.58472355162469e-06 2.82393294077517e-06 2.21464807965609e-06 1.72905167813678e-06 1.34389023430403e-06 1.04998315525289e-06 8.17362476798516e-07 6.33277803531723e-07 4.88326270768495e-07 3.74755605224555e-07
0.0010786708114476 0.00096204797504142 0.000854539243761583 0.00075586909946583 0.000665722762981391 0.000583750170856211 0.000509570337798374 0.000443217718324429 0.000384514461735923 0.000332116242745155 0.000285571180438772 0.000244429234283302 0.00020824635473139 0.000176588302021195 0.000149034117825235 0.000125760006632268 0.000105651569612948 8.83563469077622e-05 7.35548729008936e-05 6.09516071418413e-05 5.02749577887054e-05 4.12770452314954e-05 3.38719562174474e-05 2.77401686810217e-05 2.26180573986846e-05 1.83600831775537e-05 1.48377067225809e-05 1.19380846193196e-05 9.56277005604392e-06 7.64359806717359e-06 6.1211820649725e-06 4.88057232939756e-06 3.87436077443193e-06 3.06210249078284e-06 2.4094940565495e-06 1.88761399621189e-06 1.47222478104544e-06 1.15397042790228e-06 9.01221475976537e-07 7.00525325903027e-07 5.41942380317704e-07 4.17251248885629e-07
0.00110846638948994 0.000988859842845901 0.000878612211664257 0.000777435167243302 0.000685000689558086 0.00060094524627888 0.000524874338294237 0.000456819480135603 0.000396595068687404 0.000342822906167792 0.000295039399122707 0.000252783395510992 0.000215600359796088 0.000183046205843676 0.000154690772871457 0.000130715538957894 0.000109981400287984 9.2128817036507e-05 7.68319897323858e-05 6.37895401165146e-05 5.27245036072643e-05 4.33840621255091e-05 3.5681944599061e-05 2.92914613442435e-05 2.39425846481368e-05 1.9486508742644e-05 1.57916938195217e-05 1.27425439153328e-05 1.02380908570834e-05 8.20862479345769e-06 6.59349279432997e-06 5.27351167628379e-06 4.1996651984012e-06 3.33004995210782e-06 2.62904441848615e-06 2.06654050734014e-06 1.61723694958096e-06 1.27160704993757e-06 9.96189380275889e-07 7.76757278305008e-07 6.02778164409874e-07 4.65510624247728e-07
0.00113875117113841 0.00101620564432377 0.000903254062657708 0.000799595735750784 0.000704889929347493 0.000618760237452042 0.000540799300979078 0.000471036015406753 0.000409277663798276 0.000354113767762232 0.000305069780846305 0.000261674184149197 0.000223462676766192 0.000189982014468517 0.000160793482492529 0.000136084418176772 0.000114691780466808 9.62493931602103e-05 8.04255061167779e-05 6.69132285443787e-05 5.54304918051613e-05 4.57197534273159e-05 3.76947606500503e-05 3.10216993773118e-05 2.54240561908827e-05 2.07497624404295e-05 1.68642524102316e-05 1.36491273678608e-05 1.10008268809934e-05 8.84808337079763e-06 7.12897856674474e-06 5.71975704960489e-06 4.56967950397786e-06 3.63526920014891e-06 2.87947359041304e-06 2.27088846408452e-06 1.78304401647314e-06 1.40624562307715e-06 1.10498197159769e-06 8.641604249602e-07 6.72583656180257e-07 5.20925522125526e-07
0.00116974436372673 0.00104428898962543 0.000928652784785816 0.00082252334356076 0.000725547916333506 0.000637337965540801 0.000557474047819118 0.000485982909679715 0.000422665490908752 0.000366080573123511 0.000315743435251744 0.000271172939840371 0.000231895731656358 0.000197450075739538 0.000167389321440687 0.000141907341891579 0.000119817733125551 0.000100748074952992 8.43609993565124e-05 7.03443776721353e-05 5.84112558715257e-05 4.82995324457598e-05 3.99233425224452e-05 3.29417155041893e-05 2.70715020525099e-05 2.21573382155775e-05 1.80615738722364e-05 1.46629271684691e-05 1.18551472805197e-05 9.56537776147856e-06 7.73042004051982e-06 6.2215696938844e-06 4.98623411985957e-06 3.97923502921935e-06 3.16196420674972e-06 2.50160165733698e-06 1.97039548144002e-06 1.55848319306416e-06 1.22807287866237e-06 9.63108568486151e-07 7.51652334045364e-07 5.83725131977774e-07
