resources/Exp000_Example-Run/Run01_M2/Trends/ENM/TheilSen/Cassins_Sparrow-ENM-TheilSen-Slope.asc
NCOLS 265 
NROWS 230 
XLLCORNER -115.5625 
YLLCORNER 24.8333333333333 
CELLSIZE 0.0833333333333333 
NODATA_value -9999 
[rows 152 to 170 of 230, columns 42 to 83 of 265]
-0.00755487978458405 -0.0105335891246796 -0.0132501125335693 -0.0154746472835541 -0.0175618290901184 -0.0195007026195526 -0.0212864398956299 -0.0190990388393402 -0.00510260462760925 -0.00651488304138184 -0.005002361536026 -0.00673110783100128 -0.017653614282608 -0.0301078110933304 -0.0425176948308945 -0.0443169295787811 -0.045631068944931 -0.0465690066417058 -0.0462738946080208 -0.0458876426021258 -0.0419253235061963 -0.0334944576025009 -0.0252906531095505 -0.0179259553551674 -0.0105437313516935 -0.0112181231379509 -0.0123402078946431 -0.0139885445435842 -0.0157556583484014 -0.0176284412542979 -0.015962832740375 -0.0175519372735705 -0.0207155730043139 -0.02486680660929 -0.0255453437566757 -0.0246453387396676 -0.0227662341935294 -0.0209260135889053 -0.0265806892088481 -0.0279826472202937 -0.0251419271032015 -0.0213415722052256
-0.00470393896102905 -0.00776649117469788 -0.0106601774692535 -0.0132296741008759 -0.0156705498695374 -0.0179708659648895 -0.020123815536499 -0.01401686668396 -0.00292878746986389 -0.00682546893755595 -0.00518939991792043 -0.00812015930811564 -0.019338384270668 -0.0317616760730743 -0.0430596408744653 -0.0449032247066498 -0.0465428863962491 -0.0477434585491816 -0.0475151220957438 -0.0471845562259356 -0.0395630896091461 -0.032127384096384 -0.0249591767787933 -0.0175357821087042 -0.0100971311330795 -0.00857018927733104 -0.0107966264088949 -0.01314411063989 -0.0155992557605108 -0.0163129270076752 -0.0167595531259264 -0.0190453124897821 -0.0232017359563283 -0.0267617674100967 -0.0271764099597931 -0.026739667568888 -0.02473067513534 -0.0227661771433694 -0.0263556241989136 -0.0301374966899554 -0.0273968478043874 -0.0237060487270355
-0.00182675123214722 -0.00499416887760162 -0.00808372497558594 -0.0109961777925491 -0.0137880980968475 -0.016445791721344 -0.0189619541168213 -0.00881055593490601 -0.0026362935702006 -0.00710831979910533 -0.00535337428251902 -0.00990799566109975 -0.0208757072687149 -0.0338421960671743 -0.0423877872526646 -0.0454555923740069 -0.0474166398247083 -0.0488760560750961 -0.0487222795685132 -0.0464914788802465 -0.0370405664046605 -0.0317714201907317 -0.0247012861073017 -0.0172446308036645 -0.0102255841096242 -0.00858001410961151 -0.0107727753264563 -0.0137174477179845 -0.0167663246393204 -0.0140739700623921 -0.0169742682150432 -0.0198791495391301 -0.0249466789620263 -0.0288212473193804 -0.0289814064190501 -0.0290692188910076 -0.0269349890095847 -0.0248477458953857 -0.0260998656352361 -0.0320018157362938 -0.029361958305041 -0.0257981643080711
0.000153166055679321 -0.00287256836891174 -0.00331608057022095 -0.00877398252487183 -0.0119144439697266 -0.0149263978004456 -0.0178012073040009 -0.00347579121589661 -0.00232589940230052 -0.00736381908257802 -0.00629875560601552 -0.0116066634654999 -0.0222659260034561 -0.0330296854178111 -0.0416795834898949 -0.0459726780653 -0.0482492685317993 -0.0499626785516739 -0.0498908281326294 -0.0440390358368556 -0.0343532636761665 -0.0313969478011131 -0.0245062361160914 -0.0170430292685827 -0.0117357621590296 -0.00995416442553202 -0.0124917328357697 -0.0156041589521226 -0.0188131353684834 -0.0131853244134358 -0.0166587978601456 -0.0201059686286109 -0.0259936856372016 -0.0310344862796011 -0.0309551514330364 -0.0309032890058699 -0.0293767716203417 -0.0271695392472403 -0.0252445489168167 -0.0325252662102381 -0.0310394863287608 -0.0276149039467176
-0.00117208063602448 -0.00283186137676239 3.61204147338867e-05 -0.0032665878534317 -0.00939943790435791 -0.0127778708934784 -0.0160376489162445 -0.00518046617507935 -0.00150535702705383 -0.00700034697850545 -0.00528449018796285 -0.00588517387708028 -0.0179883390665054 -0.0332450568675995 -0.0426838758091132 -0.0476501787702243 -0.0504549259940783 -0.0525455996394157 -0.0524905070662498 -0.0451467211047808 -0.0354397259652615 -0.0321263857185841 -0.0248595178127289 -0.0177883952856064 -0.0133183201154073 -0.0114323000113169 -0.0142741565193449 -0.0172831927027021 -0.0203655546619779 -0.0161230159657342 -0.0201199586902346 -0.0240708653415952 -0.0303710124322346 -0.0322176576370285 -0.0322714206718263 -0.0323245567934854 -0.0319491935627801 -0.0299215912818909 -0.0279191127845219 -0.0292395502328873 -0.031203418970108 -0.0307486181457837
-0.00224685072898865 -0.00363025069236755 -0.000611796975135803 -0.00116671621799469 -0.00554631948471069 -0.00987542271614075 -0.013521021604538 -0.0142448842525482 -0.000438868999481201 -0.00579689145088196 -0.00451968312263489 -0.000976117451985677 -0.00751358270645142 -0.0306129306554794 -0.0453001273175081 -0.0503581623236338 -0.0539033556977908 -0.0564880798260371 -0.0563812876741091 -0.0501383418838183 -0.0400453781088193 -0.0326594312985738 -0.0257339750727018 -0.0191999028126399 -0.0149360299110413 -0.0134687466280801 -0.0160602934303738 -0.0187068709305355 -0.0230172822872798 -0.0229595857007163 -0.0268522500991821 -0.0295893273183278 -0.0317929461598396 -0.0323769719827743 -0.0328795232233547 -0.0333031997794197 -0.0336505990652811 -0.0326120155198233 -0.0308747470378876 -0.0290774958474295 -0.0261976977189382 -0.0259694357713064
-0.00229803323745728 -0.00403186082839966 -0.00145739316940308 7.6785683631897e-05 -0.00143828988075256 -0.00675724148750305 -0.0108100771903992 -0.0147077262401581 -0.010228431224823 -0.00426828662554423 -0.00345708727836609 -0.00356528759002686 -0.011305570602417 -0.0314637422561646 -0.0484206746021907 -0.0528470168511073 -0.0571245774626732 -0.0601844077308973 -0.0600316728154818 -0.0553693870703379 -0.0441572666168213 -0.0331541001796722 -0.0266111505528291 -0.0206968237956365 -0.0166617631912231 -0.0156349390745163 -0.017914667725563 -0.0234259217977524 -0.0289369523525238 -0.0248764739150093 -0.0272176840475627 -0.0295583279359908 -0.0316120276138896 -0.0327007348338763 -0.0335968739929653 -0.0343041476749239 -0.0348259146724428 -0.0348729312419891 -0.0332132066999163 -0.0313664478915078 -0.027868732384273 -0.0238740903990609
0.00235193371772766 9.51945781707764e-05 -0.00241110920906067 0.001238614320755 0.00271115601062775 -0.00210679173469543 -0.00690346360206604 -0.0116729885339737 -0.0162076592445374 -0.00839113593101501 -0.00871735215187073 -0.0128784358501434 -0.0174782574176788 -0.0359363079071045 -0.0487429313361645 -0.0551098242402077 -0.0601076816519101 -0.0636217008034388 -0.0634271691242854 -0.0608351205786069 -0.0471154948075612 -0.0337237318356832 -0.0274745685358842 -0.0222590814034144 -0.0184737344582876 -0.0178511738777161 -0.0219998210668564 -0.028267780939738 -0.0344771693150202 -0.0289172331492106 -0.027752154639789 -0.0297177625553949 -0.0316311688650222 -0.0332011239869254 -0.0344356759673073 -0.0353393093461082 -0.0359150586383683 -0.0361635003771101 -0.0348519891500473 -0.0326947276081358 -0.0294559495789664 -0.0259162706988198
0.00699330270290375 0.00420430898666382 0.0015195220708847 0.002313032746315 0.00690019130706787 0.00258252918720245 -0.00170930922031403 -0.0059737503528595 -0.0102083683013916 -0.0144068688154221 -0.0190781235694885 -0.019196605682373 -0.0191037863492966 -0.0353123098611832 -0.049748583137989 -0.0571393350760142 -0.0628440216183662 -0.0667887692650159 -0.0665548985203107 -0.0637970308462779 -0.0503784467776616 -0.0371192942063014 -0.028307298819224 -0.0238643437623978 -0.0203470637400945 -0.0201071812993004 -0.0256825337807337 -0.0326891491810481 -0.0389324029286702 -0.0339353829622269 -0.0289813081423442 -0.0300736406019756 -0.0318609646388463 -0.0338881143501827 -0.0354046509379432 -0.0364141013650667 -0.0369147158094815 -0.0369007594528652 -0.0356569622244154 -0.0328682529074805 -0.0298712070499148 -0.0268544009753636
0.0109838417598179 0.00828744173049927 0.00542260706424713 0.00371909141540527 0.0111254185438156 0.00730693936347961 0.00352276265621185 -0.000231951475143433 -0.00393683016300201 -0.00524313449859619 -0.0170207142829895 -0.0178912043571472 -0.018445149064064 -0.0344172775745392 -0.050480155646801 -0.0589304397503535 -0.0653248737255732 -0.06967580417792 -0.0670163447658221 -0.0640863617261251 -0.0539437979459763 -0.0408302048842112 -0.0290932829181353 -0.0254873732725779 -0.0222537070512772 -0.0223912454786755 -0.0289261639118195 -0.0366874386866887 -0.0430258214473724 -0.0393487314383189 -0.0357262541850408 -0.0321626911560694 -0.0323101856878826 -0.0347690610658555 -0.036508892263685 -0.0375260270777203 -0.0378076473162288 -0.0373359656050092 -0.0354710165943418 -0.0316995535578047 -0.0289329332964761 -0.0265275572027479
0.0120180057627814 0.00893646478652954 0.00506708323955536 0.00563640594482422 0.0116768300533295 0.00662710666656494 0.00329883396625519 0.00062088668346405 -0.000138363242149353 -0.000851327180862427 -0.0142796993255615 -0.0152515709400177 -0.0158494621515274 -0.028480914235115 -0.0481939628720284 -0.0562612573305766 -0.0629782264431318 -0.065862725675106 -0.06351714382569 -0.0609453226129214 -0.058154750863711 -0.0457166383663813 -0.0329194217920303 -0.0238540793458621 -0.0206433236598969 -0.0201240132252375 -0.0285317003726959 -0.036869024236997 -0.0451217492421468 -0.0451178252696991 -0.0431354244550069 -0.0412329882383347 -0.0380223790804545 -0.0336866996118001 -0.0358299009856724 -0.0370747014170601 -0.0373927943763279 -0.0367548071912357 -0.0351444567952837 -0.0325727267634301 -0.0299268037080765 -0.0274160747017179
0.0137505334402834 0.00880482494831085 0.00320092439651489 0.0125518143177032 0.0148822546005249 0.00956720113754272 0.00448001623153687 -0.000377750396728516 -0.00247380137443542 -0.0028481513261795 -0.0105323870976766 -0.0113911747932434 -0.0113723695278168 -0.017147707939148 -0.0395923286676407 -0.0423366963863373 -0.0554940829674403 -0.0584014400839806 -0.0563450321555138 -0.0540765990813573 -0.0516033450762431 -0.0489337573448817 -0.0392303715149562 -0.0265189607938131 -0.0181347665687402 -0.0170729421079159 -0.0247007757425308 -0.0331202447414398 -0.0393966555595398 -0.0405051916837692 -0.0415512353181839 -0.0425361772378286 -0.0443479547897975 -0.0391541868448257 -0.0331750356015705 -0.0349388477348146 -0.0356512704775447 -0.0323253231389182 -0.0231115562575204 -0.0134630756718772 -0.0159477357353483 -0.0227814040013722
0.0179313378674643 0.0131830998829433 0.00934378802776337 0.0196257412433624 0.0180921465158463 0.0126495361328125 0.00746716856956482 0.00254464149475098 0.000374099612236023 0.000972366333007812 -0.00450989504655202 -0.00742665529251099 -0.0067525178194046 -0.00936187505722046 -0.0278186321258545 -0.0361825615167618 -0.0473963305354118 -0.0504581704735756 -0.0486572831869125 -0.0466584434111913 -0.0444682558377584 -0.0420952618122101 -0.0395484536886215 -0.0338878283898036 -0.0214221427838008 -0.0168820098042488 -0.0250133909285069 -0.0330187492072582 -0.0360706329345703 -0.036715342849493 -0.0373020090162754 -0.0387124945720037 -0.0413803189992905 -0.0463170955578486 -0.0365404635667801 -0.0326655542566663 -0.0225627635206495 -0.0110977951969419 -9.25266316958839e-05 0.0018330237695149 0.00484137237071991 0.00580968069178718
0.0220525243452617 0.0170155513499464 0.0140748545527458 0.0263914346694946 0.0212966978549957 0.0157361567020416 0.0104678362607956 0.00556980272134145 0.00609488288561503 0.00667328536510467 0.00162191788355509 -0.00337990522384644 -0.00202147960662842 -0.00598843693733215 -0.0153741180896759 -0.0297677420079708 -0.0277999006211758 -0.042147013048331 -0.0405674527088801 -0.0388031830390294 -0.0368600298961004 -0.0347460259993871 -0.0324693828821182 -0.030039843916893 -0.0274673541386922 -0.0234695225954056 -0.0257072895765305 -0.0331975221633911 -0.0347268812358379 -0.0361730344593525 -0.0375362284481525 -0.0388169430196285 -0.0390657886862755 -0.0443002084891001 -0.038015400369962 -0.0265873468347958 -0.0175594133990152 -0.0102225818804332 -0.00440138365541186 -0.00292037400816168 5.79500836985457e-05 0.004548294203622
0.0260997015450682 0.0205115340650082 0.0150666460394859 0.0261457845568657 0.0226315692067146 0.018815815448761 0.0134717613458633 0.011337286233902 0.0118558367093404 0.012416668732961 0.0078220268090566 0.0014080415169398 0.00278533697128296 -0.00253954529762268 -0.00834919363260269 -0.0225933343172073 -0.0220660157501698 -0.0196940824389458 -0.0224723070859909 -0.0259083271026611 -0.0289243777592977 -0.0270342499017715 -0.0249909967184067 -0.0228030363718669 -0.0204802413781484 -0.0229889452457428 -0.0344169139862061 -0.0322440177202225 -0.0332491427659988 -0.0355415880680084 -0.0377224154770374 -0.0397895127534866 -0.0405287280678749 -0.0421079754829407 -0.0258799393971761 -0.0277218634173984 -0.0218694497432028 -0.0193708517721721 -0.0198899592672076 -0.018178465110915 -0.00385032620813165 0.000672646399055208
0.03130062520504 0.0212824791669846 0.0161430463194847 0.024199603497982 0.0206237509846687 0.0173186600208282 0.0144403278827667 0.0171128084262212 0.0176259865363439 0.0181694140036901 0.0140482813119888 0.00825027078390122 0.00580275505781174 0.000932496786117554 -0.00421283543109894 -0.0163963623344898 -0.0203115977346897 -0.0173507928848267 -0.0141856148838997 -0.0115049883723259 -0.0115545384585857 -0.0115394443273544 -0.0114582814276218 -0.011309564858675 -0.0110938005149364 -0.0158598264058431 -0.0256847865879536 -0.0338163457810879 -0.0317787319421768 -0.0348224453628063 -0.0378571048378944 -0.0407431438565254 -0.0419995039701462 -0.0352953374385834 -0.0212936067865008 -0.0250850067961784 -0.0272714889475277 -0.0278094109325182 -0.0267837065316382 -0.0242553340891997 -0.0187315142580441 -0.0052836218050548
0.0328656752904256 0.0330529198050499 0.030671951174736 0.0267277210950851 0.0230723172426224 0.0197109952569008 0.0191636383533478 0.0195321947336197 0.019751017789046 0.0199991434812546 0.0162443016966184 0.0110073690613111 0.00810779333114624 0.00440975874662399 0.00125226229429245 -0.00437329709529877 -0.0131664946675301 -0.0173272341489792 -0.0134154334664345 -0.0093621090054512 -0.00705801844596863 -0.00603344142436981 -0.00497119575738907 -0.0038764089345932 -0.00275355651974678 -0.0107455790042877 -0.018257200717926 -0.027210646122694 -0.0344254612922668 -0.0350321032106876 -0.0385291069746017 -0.0418643392622471 -0.0435603074729443 -0.0321347899734974 -0.0247863062790462 -0.0378582030534744 -0.036380656595741 -0.0286679282074883 -0.0282518164742561 -0.0235218357605239 -0.0232901204532633 -0.0131853999836104
0.0386223673820496 0.0336529165506363 0.0373701900243759 0.0322530031204224 0.0269220031797886 0.0241225115954876 0.0214064069092274 0.0187990434467793 0.0182133793830872 0.0250570972760518 0.0158593729138374 0.0107588246464729 0.00876462757587433 0.00800240188837051 0.00305479764938354 -0.00143630057573318 -0.00979817658662796 -0.012558601796627 -0.00923896208405495 -0.00622501000761986 -0.00524725914001465 -0.00423783659934998 -0.00319996029138565 -0.00213735401630402 -0.00105254799127579 -0.00806320905685425 -0.0197900027036667 -0.026430281996727 -0.0330022983253002 -0.0365688681602478 -0.0397442743182182 -0.0431276500225067 -0.0451476693153381 -0.0344937294721603 -0.0361096624817167 -0.044347386275019 -0.0439131423830986 -0.0420731727566038 -0.0366597282700241 -0.026634696793432 -0.0262399117151896 -0.0232022628188133
0.0474758133292198 0.0337236374616623 0.0370423726737499 0.0334090910851955 0.0297970533370972 0.0262409247457981 0.0227756552398205 0.0194316774606705 0.0172428786754608 0.0196983491381009 0.0158979227145513 0.00990362167358399 0.0076761931180954 0.00666522830724716 0.0036174975335598 0.00161868035793304 -0.0020772248506546 -0.00738793611526489 -0.0052259586751461 -0.00430336743593216 -0.00335377231240272 -0.00237939283251762 -0.00094003826379776 0.000774945318698883 0.00233357548713684 -0.0053015261888504 -0.0180842071771622 -0.0254595210154851 -0.0332839168608189 -0.0378308139741421 -0.0409107759594917 -0.0443284794688225 -0.043316874653101 -0.0435855984687805 -0.0362144234989371 -0.0376832333526441 -0.0373134820588997 -0.0356509729421565 -0.0347226766558985 -0.0294496541998039 -0.0288809388099859 -0.0294501686003059
