resources/Exp000_Example-Run/Run01_M2/Trends/ENM/TheilSen/Cassins_Sparrow-ENM-TheilSen-Slope.asc
NCOLS 265 
NROWS 230 
XLLCORNER -115.5625 
YLLCORNER 24.8333333333333 
CELLSIZE 0.0833333333333333 
NODATA_value -9999 
[rows 0 to 18 of 230, columns 0 to 41 of 265]
0.001533498438740 0.00166396279486695 0.00180001477045672 0.00279042110334904 0.00270581265379276 0.00258858504128598 0.0024401908851273 0.00252786721657252 0.00266886881685683 0.00292145964201717 0.00346014126470046 0.00360454375567358 0.00401715162054946 0.00444952954005982 0.00425020226144365 0.0046199922715979 0.00497464034041124 0.00262696978946527 0.00211055018007755 -0.00243430025875568 -0.0030890714066724 -0.00363211442405979 -0.00360310062145193 -0.00338542864968379 -0.00315533516307672 -0.00291271600872278 -0.00369688930610816 -0.00468966302772363 -0.00576054242750009 -0.0069329726199309 -0.00820293774207433 -0.00947586074471474 -0.0114394358048836 -0.0139208355297645 -0.0163592497507731 -0.0187348611652851 -0.0210286503036817 -0.0266051354507605 -0.0322183646882574 -0.0323075220609705 -0.0322820767760277 -0.0276597058400512
0.00191870066780774 0.00212507526434603 0.0022960800810584 0.00338768906935695 0.00330398542185624 0.00318744376168719 0.0030402225397882 0.00310056937104535 0.00338336956199436 0.00401640141249767 0.00406748217175759 0.00448750108591325 0.00492382614452037 0.00537334916381431 0.00517145644075104 0.00577431724273733 0.00635682299200978 0.00420065845052401 0.00121520645916462 -0.0026374701410532 -0.00352189503610134 -0.00419817088792721 -0.00418312133600315 -0.00404041353613138 -0.0038872795800368 -0.00372355803847313 -0.0035492917522788 -0.00336439659198125 -0.0031689057747523 -0.00368359064062436 -0.00486474484205246 -0.00605258656044801 -0.0072413831949234 -0.00842590133349101 -0.00960063996414344 -0.0117699851592382 -0.0137539245188236 -0.0203956160694361 -0.0275325266023477 -0.0337608928481738 -0.033334283468624 -0.0326134158919255
0.00234377812150688 0.00266109365925548 0.00292792818730786 0.0035326938100514 0.00392270254503403 0.00383013356033535 0.00370941739085884 0.00400916291844277 0.0046830209903419 0.00467824115462246 0.00510656829213812 0.00554760593721377 0.00599815522409266 0.00640486659748214 0.00614764987091933 0.00707398394920996 0.00746215065009892 0.00483716651797295 -0.00120525527745485 -0.0026687594751517 -0.00330758622537057 -0.003633052110672 -0.00319955497980118 -0.00247410591691732 -0.00168607383966446 -0.00083389226347208 8.28495249152184e-05 0.00106421671807766 0.00211109593510628 0.00280523672699928 0.00229695439338684 0.00183295086026192 0.00060720182955265 -0.00108880922198296 -0.0028348620980978 -0.0046242115398248 -0.00644968543201685 -0.013413168489933 -0.0215157798180977 -0.0285933781415224 -0.0342945704857508 -0.0334101133048534
0.000344359936813514 0.00287010753527284 0.00366940851589399 0.00379143577689926 0.00385004111255209 0.00394484377466142 0.0046908650547266 0.00547780442450728 0.00546626545422311 0.00590806324145801 0.00635694878708039 0.0068092413268806 0.00726102983268599 0.00744120710130249 0.00728988188451954 0.00862070645338723 0.0079136515657107 0.00692438101395965 0.00570475046212474 0.00425755217050513 0.00446462056909998 0.00476660183630884 0.00485479715280235 0.00487509028365215 0.00490873586386442 0.00495625147596002 0.00501808834572633 0.00509458283583323 0.00518615202357372 0.00518780884643396 0.00485280777017276 0.0044771662602822 0.00406362333645423 0.00288499922802051 0.00118159254391988 -0.000598877668380737 -0.00244844580690066 -0.00579520066579183 -0.0148653754343589 -0.0228438811997573 -0.0292651914060116 -0.0337979709729552
0.00323698918024699 0.00233482259015242 0.00341095309704542 0.00417161065464218 0.00511554395779967 0.00577132500863324 0.00585151355092724 0.00585408369079232 0.00575513772976895 0.00555827290130158 0.00526197914344569 0.0054069838176171 0.00566068788369497 0.00459218273560206 0.00658476228515307 0.00796500655512015 0.00824630012114843 0.00839906682570775 0.00841255858540535 0.00827791479726632 0.00798739058276018 0.00753488810732961 0.00740666904797157 0.00745315958435337 0.00753769014651577 0.00766160370161136 0.00782628931726019 0.00803284905850887 0.00828224793076515 0.00757090421393514 0.00555238546803594 0.00520592493315538 0.00480578715602557 0.00435696713005503 0.00386514390508334 0.00333666009828448 0.00198783384015163 -0.00178294721990824 -0.00767831566433112 -0.0165731801340977 -0.0237700026482344 -0.0288358367979527
0.00296777471279105 0.0038894135504961 0.00529200506086151 0.00441195311335226 0.0048136857803911 0.00509144955625137 0.00522711950664719 0.00459849477435152 0.00350168688843648 0.00217370052511493 0.000625772712131341 -0.00111994550873836 0.00172165967524052 0.00305635295808315 0.00408796034753323 0.00679931665460269 0.00840509605283538 0.00992941980560621 0.0113558123509089 0.0126697706679503 0.0138581980330249 0.0149094136431813 0.0151244590635456 0.0145951269771017 0.0140863141222369 0.0136016566483747 0.0131446099174874 0.0127183934673667 0.0123258609590786 0.0120060939696573 0.0117693476245872 0.0102566272641222 0.00588546072443326 0.00537229453523954 0.00485846617569526 0.00429265263179938 0.00368521859248479 0.00248469288150469 -0.00233937675754229 -0.00984977185726166 -0.0178475603461266 -0.0234950867791971
0.00311731174588203 0.00440753779063622 0.00503022301321228 0.00560434488579631 0.00428232410922647 0.00361855064208309 0.00398313874999682 0.0031865358663102 0.00182214472442865 0.000280670511225859 0.00149102415889502 0.00493412666643659 0.00423048762604594 0.00464075958977143 0.00626287888735533 0.00861733267083764 0.010905965231359 0.0131093887612224 0.014374080202764 0.0149688332652052 0.0154979203029403 0.0159541960317819 0.0155805630964183 0.0149712813574643 0.0143929262246404 0.0138480222030055 0.0133387730235145 0.0128670303771893 0.0124342944473028 0.0121194995673639 0.0120038224738978 0.011810182283322 0.0114761373649041 0.00690520430604617 0.00552788190543652 0.00499039189890027 0.00439988200863202 0.00364045224462946 -0.000310809041062991 -0.00683280453085899 -0.0136159863322973 -0.0187111118187507
0.00346414385629552 0.00358319810281197 0.00374365349610647 0.00404541815320651 0.00457698479294777 0.00523552531376481 0.00303667318075895 0.00350206531584263 0.005291313243409 0.00615171063691378 0.00709466589614749 0.00811792335783442 0.0092184916138649 0.0099366901531106 0.0101314611910355 0.0108979950614628 0.0116472576434414 0.0123707169578189 0.0130600526130625 0.0137075200410826 0.0143059683254077 0.0148490326301683 0.0146098791932066 0.0141437803173349 0.0137022490214024 0.0132852739521435 0.0128927462778631 0.0125244219920465 0.0121799733134962 0.0119703363272406 0.0120512015585388 0.0120491095419441 0.0119662704611463 0.00871958754335841 0.00582954023654262 0.00543846065799395 0.00498996100698908 0.00439266798396905 0.000632573229571183 -0.00547202117741108 -0.0102083124220371 -0.0138912741094828
0.00123289919325284 0.00231515168256703 0.00365187538166841 0.00492223245756967 0.00612315322671618 0.00725321161250273 0.00929522620780127 0.00955594477376768 0.00902654922434262 0.00851413700729609 0.00847218256621134 0.0084210570369448 0.00836299053792443 0.00830041927595933 0.00845282267601717 0.00925329997248593 0.0100448165709774 0.0108204703511936 0.0115734196844555 0.0122970541318258 0.0129852376523472 0.0136322476679371 0.0135559246298813 0.0132578011779558 0.0129705098058496 0.0126936758114468 0.012426912695879 0.0121697936473148 0.0119219618805108 0.0118276536287296 0.0121173205829802 0.012320681098139 0.012437617339726 0.0107859731651843 0.00684489030390978 0.00615030278762182 0.00589268716673056 0.0052562498797973 0.00257765843222539 -0.00332626203695933 -0.00559789935747782 -0.0112210772931576
-0.00105936435006914 0.000266738768134798 0.00191447937062808 0.00518230242388589 0.00837036488311631 0.0114727781287261 0.0144838022866419 0.0148083439895085 0.0142664821552379 0.0137382987886667 0.0132273677736521 0.0127364761595215 0.0122685387198414 0.0118262605475528 0.0116462082202945 0.0120953406606402 0.0124062539211341 0.0125768394874675 0.0126053509967668 0.0124921128153801 0.0122376701661519 0.0123329283669591 0.0124368493312172 0.0123217016281117 0.0122002565435001 0.0120729253671709 0.0119402065340962 0.011802534306688 0.0116602692398287 0.0116916623055225 0.0122012496881542 0.0126208023700331 0.0129463659333331 0.0130903478711843 0.00961706228554249 0.0071121989749372 0.00708335389693578 0.00700047262944281 0.00555870309472084 -0.00043712059656779 -0.00254484266042709 -0.00811454467475414
-0.00574999768286943 -0.00107647975285848 0.00139657940183367 0.00378028995224408 0.00607833851661001 0.0082825528723853 0.0103849284350872 0.0120119463120188 0.0135746848370348 0.0152118929794856 0.016545414569832 0.0164049310343606 0.0162654061402593 0.0161274497707685 0.0163604773226238 0.0175210822905813 0.0174920223653316 0.0173304810055665 0.0170376673340797 0.0166154748627118 0.0160668343305588 0.0153959236506905 0.0140429168407406 0.0124677169535841 0.0113951838797047 0.0114229788915032 0.0114315603194492 0.0114218886232092 0.0113950381055474 0.0115626051667191 0.0123017451149367 0.0129445890585581 0.0134814705344893 0.0139059467640306 0.0126817412674427 0.00991093336294095 0.00852674393293758 0.0085492020783325 0.0061833243817091 0.00283858304222425 0.000661466270685196 -0.004726717248559
-0.0110240827004115 -0.00716420076787472 -0.00440772817957969 -0.00352589511090801 -0.0026411602184886 -0.00175613430993898 -0.000873272262868427 -0.000393174677377655 -4.03415234315964e-05 0.000318406593231928 0.0010149244751249 0.00347412750124931 0.00593005599720137 0.00837146384375436 0.0112550141555922 0.0151263283831733 0.0164131007733799 0.0176070914382026 0.0187029238967668 0.019696132058189 0.0199993747685637 0.0190283161188875 0.0172242532883372 0.0151373672166041 0.013026417366096 0.010897248717291 0.010899815397958 0.0110271897699152 0.0111262464807147 0.0114406687429263 0.0124173640007419 0.0132867019800913 0.0140313361106174 0.0146390800364316 0.0151031481190806 0.0138861511368304 0.0120063601837804 0.0102476292910675 0.00558061059564352 0.00534806276361148 0.00416657142341137 -0.00123016349971294
-0.0134755844871203 -0.00971965864300728 -0.00603024723629157 -0.00486071700496333 -0.00427528763456004 -0.00369485911159288 -0.00312067869873274 -0.00262595766357013 -0.00215630641295796 -0.00168774818025884 -0.00122158885711715 -0.00075903818720863 0.00179463678172656 0.0049864836037159 0.00846235720174653 0.0129275678523949 0.0144382332052503 0.0156884846233186 0.0168482973462059 0.0179152751252765 0.0188876720411437 0.0180572159588337 0.0161955085183893 0.0140535735658237 0.0119131713041237 0.0104071001655289 0.010742069798566 0.0110403751688344 0.0112993832056721 0.0117748049309566 0.0129388901183293 0.013973211714377 0.0144400466233492 0.0151698609503607 0.0161178516268375 0.016036409807081 0.0146282122780879 0.0119933485984802 0.00671878270804882 0.00764691426108281 0.00505239004269242 0.00431538233533502
-0.012907054896156 -0.0100230177243551 -0.00699413940310478 -0.00401291499535243 -0.00331969532583441 -0.0029716712555715 -0.00263153779364768 -0.00236694426054046 -0.00211843857098193 -0.00186212431816828 -0.000514992645808629 0.00374964252114296 0.00791852069752557 0.0100727585099992 0.0101811924860591 0.0115846565791539 0.0129024067095348 0.0141334643676167 0.0139604860118457 0.0134311345006738 0.0128118385161672 0.012106504291296 0.0106316155620984 0.00920486476804529 0.00979826129263356 0.0103985342152771 0.0109577043691561 0.0114679169353275 0.0119231333069149 0.0121061503887177 0.0124554596841335 0.0131254725468655 0.0141446725465357 0.0155279447014133 0.0172329426720916 0.0163276942136387 0.0151593443394328 0.0137114881460244 0.00920168527712425 0.00982265453785658 0.00972022308269516 0.00792207462031261
-0.0111854473749797 -0.0105452289183935 -0.00811913423240185 -0.00572163673738639 -0.00335467234253883 -0.00221011282077857 -0.00207892078019324 -0.00202183389947528 -0.00197954759711311 -0.00102201104164124 0.00434100893991334 0.00957338990909713 0.00924101897648403 0.00801459433776992 0.00714052096009254 0.00719801176871572 0.00716692794646536 0.00704853449548994 0.0068447935794081 0.00655776688030788 0.00639918180448668 0.00763648189604282 0.00813261978328228 0.00859829322213218 0.00948735574881236 0.0103427835607103 0.0111469257002076 0.0107916016131639 0.0105204461142421 0.0105261815090974 0.0113713601604104 0.0126337315887213 0.0143298229668289 0.0164572465388725 0.0180731000533948 0.0168421634783347 0.0159356240183115 0.0154306027300966 0.0141130369156599 0.0118025971266131 0.0105731486899978 0.00864259136142209
-0.0110045745968819 -0.00923203614850839 -0.00923005305230618 -0.00752699126799901 -0.00567296085258325 -0.00383550922075907 -0.00201678710679213 -0.00160180573307333 -0.00174563919149694 0.00342005438038281 0.00486162092004504 0.00324576507721628 0.00164162261145456 5.09539885180337e-05 -0.00106285725321089 -0.000739772937127522 0.000464683132512229 0.00166903861931392 0.00287191330322198 0.00407183835549014 0.00526740348764828 0.00645702758005687 0.00707935302385262 0.00793710005070482 0.00910608230956963 0.00884984278430541 0.00866817651937405 0.00862313744922479 0.00872012786567211 0.00917180037746827 0.0106129084403316 0.0125657577688495 0.0150280052330345 0.0179719962179661 0.0185430430186292 0.0175716865730161 0.0178656723583117 0.0161030823364854 0.0157148633152246 0.013631739196301 0.0114255879348743 0.00937576576169314
-0.0132783073931932 -0.011399706825614 -0.00953668728470802 -0.00769045203924179 -0.00760077436765035 -0.00663162022829056 -0.00524471638103326 -0.00386860842506091 -0.000283122062683105 -0.000246215079511915 -0.00205870841940244 -0.00238476959722383 -0.00271581148817426 -0.00305094853753135 -0.00291088622595583 -0.00173633678683213 -0.000565936788916588 0.000599276806627001 0.00175822100469044 0.00290983010615621 0.00405293995780604 0.0051864893840892 0.00593920637454305 0.0063054362932841 0.00605219726761182 0.0060013939316074 0.0061546117067337 0.00697033231457074 0.00810914983352025 0.00944978216042121 0.0113449855707586 0.013140544683362 0.0162533872450391 0.0195454906539193 0.0195054104551673 0.0191180532177289 0.0197578922379762 0.0188012050736385 0.0169347546373804 0.0146128297326088 0.0122738817798173 0.0101198790549201
-0.0156783796846867 -0.0142761263996363 -0.0128933973610401 -0.011532736942172 -0.0101970955729485 -0.00888869352638721 -0.00761048123240471 -0.00874076504260302 -0.00533811748027802 -0.00389477175970872 -0.00256371063490709 -0.00249094808740275 -0.00302294836867423 -0.0035755280405283 -0.00374013238719531 -0.00270142131263301 -0.00160588057977813 -0.00050174311867782 0.000595576528991972 0.00168499643249171 0.00276537851563522 0.00383563632411616 0.00322289330263933 0.00277445962031682 0.00337763627370199 0.00469481851905584 0.00608833134174347 0.00752250694980224 0.00896851470073064 0.0105785524162153 0.0126424899014334 0.0145828475554784 0.0180010401333372 0.0208482087390231 0.021006541326642 0.020938863667349 0.0209996094636153 0.0198963234821955 0.018005976849097 0.0155646653355299 0.0131144474019363 0.010873139220556
-0.00672417692840099 -0.00793304666876793 -0.00879366882145405 -0.00931307673454285 -0.00949916802346706 -0.00936181843280792 -0.00891248695552349 -0.00478735286742449 -0.00441986446579297 -0.00300732192893823 -0.00170515229304632 -0.00104983399311701 -0.00165185385516712 -0.00227747715654827 -0.00251781798544384 -0.00155448993401868 -0.000606182873958633 0.000326058605597133 0.00124145077452773 0.00215610835169043 0.00275721959769726 0.00290230847895145 0.00206383628149827 0.00279870877663295 0.00403177117307981 0.00540791017313798 0.00688319963713487 0.0084192535529534 0.00998469938834508 0.0116734867915511 0.0136500291215877 0.0155041005928069 0.0179227186987797 0.0211069323122501 0.0207580936451753 0.0213084725934702 0.0210418668575585 0.020408353554861 0.0190705538628944 0.0169721091390654 0.0145805440302606 0.012340476017146
