resources/Exp000_Example-Run/Run01_M2/Trends/ENM/TheilSen/Cassins_Sparrow-ENM-TheilSen-Slope.asc
NCOLS 265 
NROWS 230 
XLLCORNER -115.5625 
YLLCORNER 24.8333333333333 
CELLSIZE 0.0833333333333333 
NODATA_value -9999 
[rows 152 to 170 of 230, columns 168 to 209 of 265]
0.0253467082977295 0.0280485928058624 0.0312190115451813 0.0343123853206635 0.0332341969013214 0.0312278032302856 0.025310559074084 0.0233144452174505 0.0220912714799245 0.02133509516716 0.0177452393940517 0.0196368594964345 0.021126501262188 0.0199957191944122 0.0267442425092061 0.0305916299422582 0.0328943908214569 0.0347155051571982 0.0410118366990771 0.0435746550559998 0.0458104848861694 0.0491259276866913 0.0526346206665039 0.056366777420044 0.0575150022904078 0.0583870013554891 0.0531734079122543 0.0484482298294703 0.0476241161425908 0.0467745115359624 0.0458948810895284 0.0449805756409963 0.044026772181193 0.043028399348259 0.0415560106436412 0.0399647404750188 0.0384112695852915 0.0323920865853628 0.0256450414657593 0.0188931624094645 0.0163513024648031 0.0156770646572113
0.0263983309268951 0.0300578713417053 0.0335245907306671 0.0368525922298431 0.0354524374008179 0.032966423034668 0.0267789264520009 0.0243497411410014 0.0222160731043134 0.0215230635234288 0.0178165563515254 0.0206836263338725 0.0193289344509443 0.0218378593524297 0.0242197910944621 0.0281676431496938 0.0323894013961156 0.031477302312851 0.0368696851389749 0.0395558059215546 0.042633843421936 0.0458244025707245 0.0488427937030792 0.0494058082501094 0.0451235224803289 0.0426195363203685 0.0434252520402272 0.0423703243335088 0.0412786155939102 0.0401447415351868 0.0389631440242132 0.037728210290273 0.0364339699347814 0.035075123111407 0.0340504149595896 0.0331930071115494 0.0323851605256399 0.0262882828712463 0.0199169258276621 0.0135245939095815 0.011905978123347 0.00910495221614838
0.0317415595054626 0.0331386804580689 0.0359648704528809 0.0395154595375061 0.0378016293048859 0.0342579752206802 0.0284154534339905 0.0255291799704234 0.022609117485228 0.0200808899743216 0.0179216443073182 0.0184574921925863 0.0193902552127838 0.0196671634912491 0.0218701660633087 0.0256189306577047 0.0295032858848572 0.0310569405555725 0.0330963824476515 0.0368215143680573 0.0398940622806549 0.0416615903377533 0.0372880895932515 0.0357491771380107 0.036353200674057 0.0372917304436366 0.0378133058547974 0.0365264664093653 0.0351886302232742 0.033793568611145 0.0323345313469569 0.0308049966891607 0.0291986366113027 0.0275085071722666 0.0269130567709605 0.0267540812492371 0.0249064316352208 0.0201727499564489 0.0141634354988734 0.00811876157919566 0.00597049295902252 0.00211288034915924
0.0371962264180183 0.0404635422996112 0.0414353566510337 0.0410527795553207 0.0400345861911774 0.0348344423941204 0.0298876492750077 0.0262025694052378 0.0230427590154466 0.0203571426016944 0.0180605777672359 0.0183977633714676 0.0208221048116684 0.018302728732427 0.0203603208065033 0.0226656595865885 0.0249970555305481 0.0287628471851349 0.0303625822067261 0.033737063407898 0.0313431719938914 0.0306964566310247 0.0308495064576467 0.0311514437198639 0.0316106875737508 0.0322374105453491 0.0326456228892008 0.0316586742798487 0.0305462926626205 0.029297078649203 0.027901495496432 0.0263513674338659 0.0246406694253286 0.0227658847967784 0.0203973402579625 0.0192366540431976 0.0152842799822489 0.01125335196654 0.00714373091856639 0.00295571486155192 -0.00130957861741384 -0.00478955606619517
0.0369638321655137 0.0404884293675423 0.0382642298936844 0.0383327017227809 0.037504118680954 0.0310434500376383 0.0295917696896053 0.0260556652432396 0.0230018354597546 0.0195131259305137 0.0181790299358822 0.0184961458047231 0.0207986136277517 0.0199087262153625 0.0187771692872047 0.0216304302215576 0.023581251502037 0.0244481414556503 0.0241646617650986 0.0281154761711756 0.0288004279136658 0.028823509812355 0.0288481414318085 0.0288710395495097 0.0293224056561788 0.0309497763713201 0.0320235441128413 0.0307733466227849 0.0293853481610616 0.0278464754422506 0.0261453489462535 0.0242725362380346 0.0222204178571701 0.0199840615193049 0.0160617381334305 0.00993856290976206 0.00608209272225698 0.00214238961537679 -0.00167148311932882 -0.00362631678581238 -0.00925288796424866 -0.0133923043807348
0.0333626461880548 0.0315290455307279 0.0307301044464111 0.036152790983518 0.0328491479158401 0.0250821163256963 0.0212728977203369 0.0205447028080622 0.0192708075046539 0.0160354673862457 0.0172419477076758 0.0184822579224904 0.0181607951720556 0.018249253431956 0.0186584616700808 0.0214733133713404 0.0229553629954656 0.0216421286265055 0.0254270881414413 0.0296652217706045 0.0297702749570211 0.0297748098770777 0.029778261979421 0.0297764291365941 0.0301705747842789 0.0318969984849294 0.0329417884349823 0.0313014884789785 0.0295156339804331 0.0275688370068868 0.0254480987787247 0.0231046080589294 0.0192439705133438 0.0153008898099264 0.00919187068939209 0.00222458938757579 -0.00234350562095642 -0.00524062911669413 -0.00475726624329885 -0.010441251595815 -0.0161296228567759 -0.0203893154859543
0.0235041401215962 0.0228253851334254 0.0277138272921244 0.0321085353692373 0.0263688067595164 0.0196501612663269 0.0133002400398254 0.011992280681928 0.00906126201152802 0.00705400109291077 0.0158408184846242 0.018816332022349 0.0183709760506948 0.0185401539007823 0.0193382898966471 0.0202527940273285 0.0227312048276265 0.0219147581429709 0.0267340640227 0.0307139654954275 0.0306960046291351 0.0306788782278697 0.0306578427553177 0.0306278616189957 0.0306101590394974 0.0324403097232183 0.0334665129582087 0.0314653714497884 0.0293190528949102 0.0270110567410787 0.0231941888729731 0.018627867102623 0.0140178948640823 0.00936584174633026 0.00298693776130676 -0.00407849748929342 -0.00794037679831187 -0.00722003479798635 -0.0108733326196671 -0.0165629496177038 -0.0222477873166402 -0.0265995889902115
0.0165836044720241 0.0176001012325287 0.0241630872090658 0.0245329091946284 0.0195705393950144 0.0139632225036621 0.00855978826681773 0.0072498619556427 0.00525310635566711 0.01073157787323 0.0141250931081318 0.017652948697408 0.0160818085784004 0.0178485115369161 0.0196604977051417 0.0199240148067474 0.0220093349615733 0.0237152427434921 0.028008093436559 0.0316164046525955 0.0315748850504557 0.0315320094426473 0.0314820905526479 0.031419704357783 0.0313393076260885 0.0325238505999247 0.0335435370604197 0.031216154495875 0.0287445276975632 0.0248714009920756 0.0196367720762889 0.0144426176945368 0.00920594731966655 0.0039809246857961 -0.00259353220462799 -0.00772826870282491 -0.00928948322931925 -0.0107096552848816 -0.016344220439593 -0.0219842086235682 -0.0276057283083598 -0.0320215553045273
0.0117006642477853 0.0132848789294561 0.0199618289868037 0.0165665149688721 0.0124261925617854 0.00577498972415924 -0.00111135840415955 0.000775009393692017 0.00430917739868164 -0.00185871124267578 0.0120773996625628 0.0163892507553101 0.0178787509600321 0.0167457759380341 0.0187299450238546 0.0208367804686228 0.0209331611792246 0.0255784144004186 0.0281731237967809 0.0324620852867762 0.0324028432369232 0.0323290775219599 0.0320573925971985 0.0315964112679164 0.0310805648565292 0.0307127177715302 0.0313090324401855 0.0283935457468033 0.0254855066537857 0.0199716170628866 0.0141446729501088 0.00853617191314697 0.00312427878379822 -0.0021163801352183 -0.00585321585337321 -0.00779687364896139 -0.0114755849043528 -0.0156226098537445 -0.0211799641450246 -0.026722397406896 -0.0303393999735514 -0.0305888950824738
0.00338183840115865 0.00562681754430135 0.00766292214393616 0.00176964700222015 -0.0054515153169632 -0.012784332036972 -0.013041079044342 -0.00247915585835775 -0.00464061896006266 -0.000784918665885925 0.009682202623004 0.0158136387666067 0.0176605681578318 0.0172235171000163 0.0178775787353516 0.0210626324017843 0.0202067891756693 0.0238341261943181 0.0289911528428396 0.0314691593249639 0.0311268150806427 0.0307383328676224 0.0302992810805639 0.0298049608866374 0.0292508651812871 0.0286328305800756 0.0278621822595596 0.0247056037187576 0.0216001600027084 0.0150069753328959 0.00867028633753459 0.00265196561813354 -0.00308228532473246 -0.00656297405560811 -0.00751357475916545 -0.00987417896588643 -0.0151348362366358 -0.0199628641208013 -0.0254047721624374 -0.0247679352760315 -0.0268208424250285 -0.0302336364984512
-0.00227177838484446 -0.00723900397618612 -0.00707785785198212 -0.0134910196065903 -0.0187751849492391 -0.0196337302525838 -0.00506622592608134 -0.00185302893320719 -0.0039919912815094 0.00487175583839417 0.0111354823623385 0.0155644019444784 0.0164635603626569 0.0184771964947383 0.0177571425835292 0.0196625639994939 0.0222129275401433 0.0221945464611053 0.0297188063462575 0.0301244139671326 0.0298274834950765 0.0294782807429632 0.0290724476178487 0.028605310122172 0.0280719508727392 0.0274680982033412 0.0260544210672379 0.0227644324302673 0.0187615295251211 0.0117091695467631 0.00507588585217794 -0.000780890385309855 -0.00394307971000671 -0.00703157385190328 -0.00809974471728007 -0.0124361942211787 -0.0178227057059606 -0.022603232661883 -0.0247641056776047 -0.0272513131300608 -0.0269864052534103 -0.0365602523088455
-0.00477999945481618 -0.0107254137595495 -0.00888176262378693 -0.0138145138820012 -0.017751803000768 -0.0141830245653788 0.000178232789039612 0.000819474458694458 0.000466763973236084 0.00644193163939885 0.0113551935979298 0.0147089220228649 0.0154354323943456 0.0177123794953028 0.0172201047341029 0.0186705986658732 0.0238213588794072 0.0249945223331451 0.0325969060262044 0.0336984644333522 0.0289402683575948 0.0287010004123052 0.0283975203831991 0.0280248324076335 0.0275782734155655 0.0270534445842107 0.0263205051422119 0.0229531496763229 0.0171389838059743 0.00993313193321228 0.00317166050275167 -0.000227206945419312 -0.00330618421236674 -0.00628448128700256 -0.00853377878665924 -0.0141883969306946 -0.019804326693217 -0.0237618843714396 -0.0267376740773519 -0.0296127875645955 -0.0338154792785645 -0.0414446234703064
-0.00933122634887695 -0.0111014346281687 -0.00911688804626465 -0.01223390797774 -0.0166601339975993 -0.00847926735877991 -1.87655289967852e-05 0.00230292975902557 0.00510555505752563 0.00641479449612754 0.0115240003381457 0.0139132323009627 0.0151440997918447 0.0156935701767604 0.0166746377944946 0.0180433342854182 0.0229147747159004 0.0278868774573008 0.032523180047671 0.0337559630473455 0.0333134979009628 0.0277002851168315 0.0275050540765127 0.0272322863340378 0.0268769254287084 0.026434999704361 0.0263235151767731 0.0228591591119766 0.0151911397775014 0.00785428484280904 0.00342708428700765 0.000276104609171549 -0.00273197293281555 -0.00561366478602092 -0.0102168510357539 -0.0161011348168055 -0.0219239850838979 -0.0253857582807541 -0.0288001199563344 -0.0317974428335826 -0.0388346314430237 -0.0463623076677322
-0.00757721463839213 -0.0114079167445501 -0.00929148991902669 -0.0105825513601303 -0.0154999593893687 -0.00256663064161936 -0.000223537286122641 0.00395062069098155 0.00921507392610822 0.00633256137371063 0.0116300944771085 0.0121536840285574 0.0140625884135564 0.0134934137264888 0.0161186556021372 0.0160448600848516 0.0234519839286804 0.0275932997465134 0.0323579261700312 0.033630833029747 0.033535768588384 0.0326053996880849 0.0263767451047897 0.0262099077304204 0.0259514272212982 0.0255969047546387 0.0260250389575958 0.0208344539006551 0.0129035711288452 0.00712592204411825 0.00383282899856567 0.00071797768274943 -0.00223111510276794 -0.00620054801305135 -0.0120865801970164 -0.0181790699561437 -0.0208221624294917 -0.0268186738093694 -0.0309533109267553 -0.0345565497875214 -0.0439255893230438 -0.0513142108917236
-0.00848810523748398 -0.00979376832644145 -0.00940524538358052 -0.00886042912801107 -0.010687251885732 -0.00269128382205963 -0.000438859065373739 0.0066843181848526 0.0098266133240291 0.00618572746004377 0.0116620723690305 0.0101070577899615 0.0115023578206698 0.0128897080818812 0.0155500670274099 0.0182512700557709 0.0232317795356115 0.0302117268244425 0.0320949951807658 0.0334035704533259 0.0333094596862793 0.0331680327653885 0.0314473857482274 0.0249435017506282 0.0247877508401871 0.0245266765356064 0.0253894239664078 0.0182852427164714 0.0109556674957275 0.00746359427769979 0.00417613784472148 0.00108707149823507 -0.00289239784081777 -0.00810573200384776 -0.0141483187675476 -0.0159579515457153 -0.0221437354882558 -0.0282782157262166 -0.0331975917021433 -0.0398889929056168 -0.0490881323814392 -0.0536177918314934
-0.00625301599502563 -0.00451763272285461 -0.00945785641670227 -0.00711198647816976 -0.00494863589604696 -0.00280492007732391 0.000188161929448446 0.00875321243490492 0.00924207553977058 0.00596520730427333 0.00971816905907222 0.00954995801051458 0.00878789027531942 0.012446716427803 0.0149667660395304 0.0184994737307231 0.0226372182369232 0.0289643406867981 0.0317291816075643 0.0330695509910583 0.0329740643501282 0.0328206221262614 0.0325951774915059 0.0297079433997472 0.0233763684829076 0.0232148826122284 0.0238950788974762 0.0153521219889323 0.0112490157286326 0.00773662328720093 0.0044459601243337 0.000538066029548645 -0.00498158633708954 -0.00820947190125783 -0.0100872367620468 -0.0159581005573273 -0.0235048045714696 -0.0297633290290833 -0.0360537946224213 -0.0453341245651245 -0.0529259704053402 -0.0553534924983978
-0.00209299623966217 -0.000311334431171417 -0.00689030190308889 -0.00451610485712687 -0.0031093955039978 -0.00160687168439229 0.0030156672000885 0.0082347918124426 0.00828818551131657 0.00414189270564488 0.00841417802231652 0.0088949700196584 0.00568386912345886 0.00709705054759979 0.0125580132007599 0.0145504126946131 0.0184466491142909 0.0234562257925669 0.0302082300186157 0.029013991355896 0.0286933779716492 0.0266349166631699 0.0242166022459666 0.0214856167634328 0.0184303969144821 0.0150469243526459 0.014470229546229 0.0109795828660329 0.00768374601999919 0.00636704762776693 0.00439544022083282 0.00111565987269084 -0.00189519425233205 -0.00462442139784495 -0.0109739700953166 -0.0192931314309438 -0.0258707294861476 -0.0320660342772802 -0.042481791973114 -0.0498059511184692 -0.0614225633442402 -0.0640967898070812
0.00412893742322922 0.00623275935649872 0.00654573241869609 0.000623782475789388 -0.00097249448299408 0.000986253221829732 0.0057637890179952 0.00933467348416646 0.00849294804391407 0.00408568126814706 0.00524487239973886 0.00837147235870361 0.00493241349856059 0.00665111094713211 0.00873239586750666 0.0100948611895243 0.0104613651831945 0.0138128846883774 0.0210955416162809 0.0243921006719271 0.0179536094268163 0.0122330685456594 0.0106582194566727 0.0100907733043035 0.00953679780165355 0.0100330064694087 0.0144557356834412 0.0138936738173167 0.0132863869269689 0.0101396143436432 0.00688933829466502 0.0034939855337143 -0.00250817735989888 -0.00834008157253265 -0.0157666633526484 -0.023138419787089 -0.0290898929039637 -0.0389589011669159 -0.0464169561862946 -0.0528869301080704 -0.063951138406992 -0.0656246058642864
0.0105140119791031 0.01286890655756 0.0151487991213799 0.0111815283695857 0.00585714479287465 0.00019623339176178 0.00845671196778615 0.0104542154641378 0.00874583068348113 0.00679530841963632 0.00240557960101536 0.00674391786257426 0.00639613717794418 0.00412538647651672 0.00444448987642924 0.00733105341593424 0.00721021989981333 0.00749201079209646 0.00859266022841136 0.0116805781920751 0.0141309822599093 0.0162734687328339 0.0119237254063288 0.00770118335882823 0.00493148962656657 0.00627332925796509 0.0110204517841339 0.0091043363014857 0.0064227283000946 0.00370477139949799 0.000962436199188232 -0.00365666051705678 -0.0085533286134402 -0.0135276267925898 -0.0224932332833608 -0.0300072481234868 -0.0368595669666926 -0.0434133648872376 -0.0496240854263306 -0.0534128278493881 -0.0583803504705429 -0.0668338932096958
