resources/Exp000_Example-Run/Run01_M2/Trends/ENM/TheilSen/Cassins_Sparrow-ENM-TheilSen-Slope.asc
NCOLS 265 
NROWS 230 
XLLCORNER -115.5625 
YLLCORNER 24.8333333333333 
CELLSIZE 0.0833333333333333 
NODATA_value -9999 
[rows 114 to 132 of 230, columns 42 to 83 of 265]
-0.0650747254490852 -0.069480231830052 -0.0695286214351654 -0.059614210948348 -0.0462809473276138 -0.0334373280405998 -0.0348656877875328 -0.0325181088410318 -0.0294522289186716 -0.0260468632914126 -0.0231514060869813 -0.0177775605892142 -0.0109750997895996 -0.00344033353030682 0.00308072753250599 0.00957779337962468 0.0220535228649775 0.0315884232521057 0.0297326922416687 0.0218235291540623 0.0177021436393261 0.0202422887086868 0.0236916393041611 0.0207789341608683 0.0144594113032023 0.0136202697952588 0.0148026545842489 0.016014834245046 0.0168437774692263 0.017706909775734 0.0184049338102341 0.0189264306000301 0.0212133646011353 0.0165950194001198 0.0101298640171687 0.00270655627051989 -0.00308141892864591 -0.00830234800066267 -0.0130984549011503 -0.0156439053160804 -0.0153116456099919 -0.0151135069983346
-0.0677994702011347 -0.0736630946397781 -0.0750514000654221 -0.0660594530403614 -0.0522969387471676 -0.0387279279530048 -0.040352176874876 -0.0403410559520125 -0.0370787694118917 -0.0333623099140823 -0.0287244147621095 -0.0228366230924924 -0.0157040078192949 -0.00769446790218353 -0.00229958072304726 0.00678496062755585 0.0140318882962068 0.0278121853868167 0.0244693671663602 0.0220280736684799 0.0223579443991184 0.0207909569144249 0.0187323838472366 0.0161584876477718 0.0130472630262375 0.0143075159617833 0.0162455152188029 0.0182316505483219 0.0202592558094433 0.0223219160522733 0.0244137282882418 0.0255579217558815 0.0293601999680201 0.0276047997176647 0.0180835500359535 0.00909177213907242 0.000845521688461304 -0.00386791005730629 -0.00809133425354958 -0.0118277184665203 -0.0162768080830574 -0.0195089968897047
-0.0691661532968283 -0.0763536058366299 -0.0787981383502483 -0.0698136676102877 -0.0583189498633146 -0.0448557622730732 -0.0474928542971611 -0.0489321574568748 -0.0456384047865868 -0.0397293384497364 -0.0343763468166192 -0.0280544000367324 -0.0206581621120373 -0.0122788716107607 -0.00762861780822277 0.00292700789868832 0.00834404701987902 0.0182654077808062 0.021173170208931 0.019601272046566 0.0156029760837555 0.0129660032689571 0.0139527507126331 0.0196002833545208 0.0240321680903435 0.023002989590168 0.0237260982394218 0.0246693156659603 0.0258447863161564 0.0272579006850719 0.0289152413606644 0.0305639207363129 0.0292394980788231 0.0239335944255193 0.0198646746575832 0.0125163912773132 0.00426743030548096 -0.00395079553127289 -0.00796948323647181 -0.0125856811801592 -0.0161983286341031 -0.0195823267102242
-0.0691845163702965 -0.077602294832468 -0.0811221610754728 -0.0724742263555527 -0.0636457938700914 -0.0555605422705412 -0.0512269223108888 -0.0579900220036507 -0.0533415029446284 -0.0448122741654515 -0.0398103771731257 -0.0332051732887824 -0.0256596651549141 -0.0172233364234368 -0.0115986540913582 -0.000512699782848358 0.00520902797579765 0.0111404818793138 0.0122905522584915 0.0117672577500343 0.0118743196129799 0.010745108127594 0.00939044853051503 0.0151700302958488 0.0193585529923439 0.0215233825147152 0.0235745962709188 0.0254932567477226 0.0268616527318954 0.0273335725069046 0.0280511905749639 0.0282925809423129 0.0278959557414055 0.0217306926846504 0.0137898176908493 0.00652129203081131 0.00284077823162079 -0.000811237096786499 -0.00649951249361038 -0.0121852194269498 -0.0161530921856562 -0.019449903567632
-0.0712310448288918 -0.0774502322077751 -0.0820368256419897 -0.0740101538598537 -0.0662636365741491 -0.0614682473242283 -0.052408155053854 -0.0629605315625668 -0.0580698462824027 -0.0497885101164381 -0.044731137342751 -0.0380559746796886 -0.0305206924676895 -0.0222080660363038 -0.0156279765069485 -0.00534477829933167 0.000112813711166382 0.0053442545235157 0.00610862548152606 0.00569657981395721 0.00529632990558942 0.00712542533874512 0.00920918732881546 0.015899029870828 0.0146936035404603 0.0161205753684044 0.0182490088045597 0.020666278898716 0.0227410688996315 0.0235712721943855 0.0241903215646744 0.0246208161115646 0.0232949912548065 0.0163411736488342 0.011964230487744 0.00865409920612971 0.00523889611164729 -0.000333873430887858 -0.0064740094045798 -0.0124898344278336 -0.0166930004954338 -0.02021852110823
-0.0756088271737099 -0.0759712658822536 -0.0816005669534206 -0.0744386240839958 -0.0723640657961369 -0.0640679281204939 -0.0533411055803299 -0.0656055733561516 -0.0620932482803861 -0.0529470928013325 -0.0476252464577556 -0.0423938234647115 -0.0350612966964642 -0.0269902509947618 -0.0196105092763901 -0.0102053038775921 -0.00182186476886272 -0.000105953961610794 0.00113202879826228 0.00211163734396299 0.00353384017944336 0.00374493623773257 0.00562327951192856 0.0102591667324305 0.0138116672635078 0.0172986388206482 0.018903186544776 0.0196796705325445 0.0206491897503535 0.0203147873282433 0.0203073233366013 0.0201034985482693 0.0184410579502583 0.0145047138134638 0.0119212172925472 0.00915703674157461 0.0045844907561938 -0.0011895644168059 -0.00717740406592687 -0.0132514469325542 -0.0176291823387146 -0.0214076240857442
-0.0789749100804329 -0.0854780844279698 -0.0882191151380539 -0.0746157363057137 -0.0803235970437527 -0.0701673723757267 -0.0574327170848846 -0.0610301271080971 -0.0649332217872143 -0.0562673807144165 -0.051551116630435 -0.0474644601345062 -0.0421477326502403 -0.0353075222422679 -0.0278586242347956 -0.0213527828454971 -0.0128255475312471 -0.0037665531039238 -0.00531156174838543 -0.00911246612668037 -0.00570972512165705 -0.00242002432545026 -0.00213675573468208 -0.000525246560573578 0.00337383896112442 0.00708538256585598 0.0105619661509991 0.0137999221682549 0.0165176659822464 0.0171242460608482 0.0173162907361984 0.0187848530709743 0.0190785586833954 0.0156631886959076 0.0118227124214172 0.00758529007434845 0.00303910548488299 -0.000861813624699911 -0.00482719764113426 -0.00884952892859777 -0.0140428977708022 -0.0196721268196901
-0.0772066712379456 -0.0836632873330797 -0.0876144017492022 -0.0851356600012098 -0.0825046079499381 -0.0797117156641824 -0.0712976269423962 -0.0605673603713512 -0.0670235425233841 -0.0634675547480583 -0.0587171822786331 -0.0552218252172073 -0.0512732472270727 -0.046717481687665 -0.0415927798797687 -0.0359618756920099 -0.0299099559585253 -0.0283685512840748 -0.0270455908030272 -0.0245492048561573 -0.0211914051324129 -0.0172286331653595 -0.0134792992224296 -0.0124833304435015 -0.00967073192199071 -0.008507056782643 -0.00491880625486374 -0.00115593746304512 0.00226426720619202 0.00483627617359161 0.00714741349220276 0.00919371396303177 0.00971465036273002 0.00619343742728233 0.00399839679400126 0.00158303851882617 -0.00370375936230024 -0.00909814859429995 -0.011229544878006 -0.0134628514448802 -0.0182497426867485 -0.0238318418463071
-0.0743391841650009 -0.0783622350011553 -0.0805761452232088 -0.0847426533699036 -0.0893525938902582 -0.0880370225225176 -0.0807662206036704 -0.0769710913300514 -0.0679972521960735 -0.0738659034172694 -0.0696259498596191 -0.0656015937527021 -0.0612575153509776 -0.0566899422556162 -0.0539629744986693 -0.050778675203522 -0.0471646332492431 -0.0433853771537542 -0.0400404315441847 -0.036555872609218 -0.0329583964000146 -0.0292764417827129 -0.0279414393007755 -0.028775691986084 -0.0244005353500446 -0.0199733755240838 -0.0128426278630892 -0.0122501353422801 -0.0111631558587154 -0.00906094536185265 -0.00732237473130226 -0.00543781618277232 -0.0046108067035675 -0.00742373491326968 -0.00845102841655413 -0.00858057414491971 -0.00868578379352888 -0.00962943707903226 -0.0123989439258973 -0.0155001133680344 -0.0174928164730469 -0.022073358297348
-0.0670299828052521 -0.0722651953498522 -0.0768373566014426 -0.0758769810199738 -0.0817747052226748 -0.0848315988268171 -0.0850005618163518 -0.0841009054865156 -0.0830998591014317 -0.0787002421915531 -0.0733641602098942 -0.0689068950712681 -0.0648202747106552 -0.0611500531435013 -0.0575856477022171 -0.0559400934726 -0.0555230472236872 -0.0559182688593864 -0.0573791588346163 -0.0542151996244987 -0.0508444222311179 -0.0472927646090587 -0.0435893995066484 -0.0397666115313768 -0.0368281174451113 -0.0354290151347717 -0.02973439792792 -0.0255589721103509 -0.0223841381569703 -0.0190675190339486 -0.0128462774058183 -0.0106232389807701 -0.00943504025538762 -0.0090676744778951 -0.0105684523781141 -0.0117762290562193 -0.01331686694175 -0.0129890572279692 -0.0142093226313591 -0.0153949968516827 -0.0179038066416979 -0.0211122715845704
-0.0591650605201721 -0.0677782853444417 -0.0742942869663239 -0.0762028793493907 -0.0798902175256184 -0.0825221389532089 -0.0849913094724928 -0.0872310970510755 -0.0891244658402034 -0.0802180767059326 -0.0799059058938708 -0.0820816499846322 -0.0801898300647736 -0.0771619328430721 -0.0741028547286987 -0.0710142714636667 -0.0685661360621452 -0.0670654606074095 -0.0635900106281042 -0.0598952621221542 -0.056007944047451 -0.0574068017303944 -0.05973538197577 -0.056368637830019 -0.0526061144967874 -0.0493255270024141 -0.0458885046343009 -0.0421125739812851 -0.0380758338918289 -0.0338655492911736 -0.0295760078976552 -0.0253027739624182 -0.0223014916603764 -0.022816370241344 -0.0183511941383282 -0.0176191081603368 -0.0169058665633202 -0.0162103042627374 -0.0172153729945421 -0.0174130732193589 -0.015731094405055 -0.0183460731059313
-0.0475906431674957 -0.0556369975209236 -0.0651378472646078 -0.0714105921132224 -0.0700470050175985 -0.0751327306032181 -0.0868246299879891 -0.0906995524253164 -0.089743435382843 -0.0886879190802574 -0.0859057822397777 -0.0885717596326556 -0.0741210920470101 -0.0730671967778887 -0.0766634366342 -0.0798429463590895 -0.077441657441003 -0.0770476683974266 -0.0764243573482548 -0.0754809552537543 -0.0722457859665155 -0.0679059009999037 -0.0633716974407434 -0.0586856584995985 -0.057163754478097 -0.0590678229928017 -0.0601808540523052 -0.0588303587088982 -0.0540510844439268 -0.0481839422136545 -0.042046383023262 -0.0358275389298797 -0.0315524758771062 -0.0328456973657012 -0.0340809868648648 -0.0292310826480389 -0.0216411659494042 -0.0188080354904135 -0.0170714071330925 -0.0162394889630377 -0.0179473129101098 -0.0196615606546402
-0.0408054813742638 -0.0494177584846814 -0.0595006793737411 -0.0677825003862381 -0.0715658730694226 -0.0719462523857752 -0.0747373053005763 -0.0891670286655426 -0.0917544020783334 -0.090326234343506 -0.0896274025241534 -0.0844994898353304 -0.0881400555372238 -0.076129036290305 -0.0702961422502995 -0.0733096407992499 -0.0785358250141144 -0.0795761951378414 -0.0780349544116429 -0.0771600936672517 -0.076437700007643 -0.0746583864092827 -0.0701913647353649 -0.065535293892026 -0.0607337113469839 -0.056832205504179 -0.0570583511143923 -0.0607690295825402 -0.0531624965369701 -0.0511303562670946 -0.0472800368443131 -0.0419258484616876 -0.0378961320966482 -0.0384338274598122 -0.0394879067316651 -0.0384889235720038 -0.0292030973359942 -0.0232235053554177 -0.0208582157890002 -0.0189449349418283 -0.0208533694967628 -0.0233141016215086
-0.0373198837041855 -0.0463657726844152 -0.0561532661318779 -0.0625858500599861 -0.069222452385085 -0.0688721030950546 -0.0732541003397533 -0.0791915165526526 -0.0905021006862322 -0.0892061552121526 -0.0885415740665935 -0.0816498601010868 -0.0850482140268598 -0.0834370319332395 -0.0659565164574555 -0.0700979211500713 -0.0764406536306654 -0.0786580358232771 -0.0767370249543871 -0.0745812322412218 -0.0725872035005263 -0.0718187373131514 -0.0685548353940248 -0.0643043722957373 -0.0598988551646471 -0.0568920392543077 -0.0541676469147205 -0.0633179781337579 -0.0580071235696475 -0.0525478043903907 -0.0519068613648415 -0.0517334528267384 -0.05218724347651 -0.0560925304889679 -0.0536911431699991 -0.0426855264231563 -0.0332797886803746 -0.0306904104848703 -0.0282437236358722 -0.0285678971558809 -0.0314175393432379 -0.0289616817608476
-0.0342809657255809 -0.0434678609172503 -0.0533262019356092 -0.0579050272703171 -0.0650224179029465 -0.0694863115038191 -0.068019962310791 -0.0731933436223439 -0.0846462356192725 -0.0880806229653813 -0.0874243804386684 -0.0850602718336242 -0.081887714777674 -0.0864244874034609 -0.0685773129974093 -0.0670863837003708 -0.074510674391474 -0.0768868233476366 -0.0745394451277597 -0.072021586554391 -0.0693353576319558 -0.0670032849801438 -0.065749041736126 -0.0619241744279861 -0.0579326506704092 -0.0557846818119287 -0.0538670532405376 -0.0623269323259592 -0.0577861648052931 -0.0558391086757183 -0.0553094062954187 -0.054029169306159 -0.0515586744993925 -0.050984550267458 -0.0561468098312616 -0.0452914368361235 -0.0406635285665592 -0.0383353686581055 -0.0374157931655645 -0.0400680815801024 -0.0391594897955656 -0.0334442025050521
-0.0338603307803472 -0.0407296374440193 -0.0507091815272967 -0.0564133356014887 -0.059050603210926 -0.0670793369412422 -0.0698650824172156 -0.0702369223038355 -0.0733258924313954 -0.0869262044628461 -0.0862566665524528 -0.0859063363501004 -0.0786694258451462 -0.0834786525794438 -0.0730239195483071 -0.0642522765057428 -0.0727669192211969 -0.07430482677051 -0.0715007449899401 -0.0685713265623365 -0.06551764692579 -0.0623417241232736 -0.0603704234319074 -0.0584745928645134 -0.0549134500324726 -0.0535812675952911 -0.0526632219552994 -0.0598692260682583 -0.0560140088200569 -0.0573644638061523 -0.0584395095705986 -0.0588347628712654 -0.0578698299825191 -0.0545725125819445 -0.0487732797861099 -0.0432910782595475 -0.0470432148625453 -0.0452649717529615 -0.0482868626713753 -0.0522082038223743 -0.0455932375043631 -0.0380547146002452
-0.0338268280029297 -0.0381571302811305 -0.0483100195725759 -0.0546560257673264 -0.0566322674353917 -0.0615806519985199 -0.0679336369037628 -0.0690247848629952 -0.0720220665136973 -0.0762850110019956 -0.085011230692977 -0.0810110547712871 -0.0757117792963982 -0.0749409539358956 -0.0728901103138924 -0.0591889247298241 -0.0679114386439323 -0.0683418691158295 -0.0676573055131095 -0.0642876710210528 -0.0608203751700265 -0.0572570809296199 -0.0535998855318342 -0.0526416801980564 -0.0509518831968307 -0.0503965243697166 -0.0504251010715961 -0.0510654412209988 -0.0539620272815228 -0.0570160124983106 -0.0587981973375593 -0.060244944691658 -0.0605467613254275 -0.0582454136439732 -0.0527682542800903 -0.0433852851390839 -0.0400606503089269 -0.0439367741346359 -0.0566903042296569 -0.0586419563208308 -0.0462645317117373 -0.0373675307879845
-0.033811628818512 -0.0383483916521072 -0.0461354826887449 -0.052644815047582 -0.055029226342837 -0.0570597380399704 -0.0639758601784706 -0.06871420613357 -0.0686217784881592 -0.0729393810033798 -0.0768748010907854 -0.0744708850979805 -0.0720183270318168 -0.0645066308123725 -0.060758147920881 -0.0455354452133179 -0.0544681549072266 -0.0518510460853577 -0.0539513111114502 -0.0558698892593384 -0.0553059620516641 -0.0513224959373474 -0.0472602486610413 -0.0449564100376197 -0.0438130114759718 -0.0454616328435285 -0.0473062284290791 -0.0479499846696854 -0.0506156593561172 -0.0534136704036168 -0.0589638374745846 -0.0622817628085613 -0.0642296805977821 -0.0572863727807999 -0.0551774735961642 -0.0507339686155319 -0.0441001564264297 -0.0461221113801003 -0.0478531931127821 -0.0496440363072214 -0.0472956672310829 -0.0395089263717334
-0.0324261784553528 -0.0368665208419164 -0.045765069765704 -0.0503606368388448 -0.0529815802971522 -0.0553148547808329 -0.0604530215263367 -0.0654127223151071 -0.0680979251861572 -0.0695399353901545 -0.0682865040642875 -0.0684869427766119 -0.0674475801842553 -0.0582057280199868 -0.0518961921334267 -0.0438118129968643 -0.0451025113463402 -0.0402363717556 -0.0420595735311508 -0.0437638193368912 -0.0453008010983467 -0.044601275239672 -0.0401419980185372 -0.0377830607550485 -0.0363872194928782 -0.0378315352967807 -0.0401367034230913 -0.0422741329031331 -0.0451322816312313 -0.0498347692191601 -0.0541584603488445 -0.0580873936414719 -0.0593602672219276 -0.0609591543674469 -0.051245778799057 -0.0477571359702519 -0.0426607983452933 -0.0464772631724675 -0.0472899407148361 -0.0453694182492438 -0.0440149935228484 -0.0348037071526051
