resources/Exp000_Example-Run/Run01_M2/TimeSeries/1980/selection_set/ts_avg.asc
NCOLS 265 
NROWS 230 
XLLCORNER -115.5625 
YLLCORNER 24.8333333333333 
CELLSIZE 0.0833333333333333 
NODATA_value -9999 
[rows 80 to 99 of 230, columns 0 to 45 of 265]
286.070434570312 286.181762695312 286.293090820312 286.404418945312 286.515747070312 286.627075195312 286.738433837891 286.755798339844 286.741851806641 286.727935791016 286.713989257812 286.700073242188 286.686126708984 286.672180175781 286.631866455078 286.512420654297 286.392944335938 286.273498535156 286.154052734375 286.034576416016 285.915130615234 285.795684814453 285.461181640625 285.055023193359 284.648864746094 284.242706298828 283.836547851562 283.430389404297 283.024230957031 282.681793212891 282.530517578125 282.379272460938 282.227996826172 282.076751708984 281.925476074219 281.774230957031 281.622985839844 281.762786865234 281.999633789062 282.236480712891 282.473327636719 282.710174560547 282.947021484375 283.183868408203 283.426544189453 283.686737060547
286.432403564453 286.541381835938 286.650329589844 286.759307861328 286.868255615234 286.977203369141 287.086181640625 287.144897460938 287.186889648438 287.228851318359 287.270843505859 287.312805175781 287.354797363281 287.396789550781 287.399963378906 287.286834716797 287.173706054688 287.060577392578 286.947448730469 286.834320068359 286.72119140625 286.608062744141 286.27685546875 285.872955322266 285.469055175781 285.065155029297 284.661254882812 284.257354736328 283.853454589844 283.502838134766 283.312164306641 283.121490478516 282.930816650391 282.740142822266 282.549468994141 282.358795166016 282.168121337891 282.276641845703 282.484893798828 282.693176269531 282.901428222656 283.109710693359 283.317962646484 283.526245117188 283.743469238281 283.987518310547
286.794403076172 286.901000976562 287.007598876953 287.114166259766 287.220764160156 287.327331542969 287.433929443359 287.533996582031 287.631896972656 287.729797363281 287.827697753906 287.925567626953 288.023468017578 288.121368408203 288.168090820312 288.061279296875 287.954467773438 287.84765625 287.740844726562 287.634063720703 287.527252197266 287.420440673828 287.092498779297 286.690856933594 286.289215087891 285.887573242188 285.485931396484 285.084289550781 284.682647705078 284.323913574219 284.093811035156 283.863708496094 283.633636474609 283.403533935547 283.173431396484 282.943328857422 282.713256835938 282.790496826172 282.970184326172 283.149871826172 283.329559326172 283.509246826172 283.688934326172 283.868621826172 284.060363769531 284.288299560547
287.156402587891 287.260620117188 287.364837646484 287.469055175781 287.573272705078 287.677459716797 287.781677246094 287.923095703125 288.076904296875 288.230712890625 288.384521484375 288.538330078125 288.692138671875 288.845947265625 288.936187744141 288.835723876953 288.735229492188 288.634735107422 288.534271240234 288.433776855469 288.333312988281 288.232818603516 287.908172607422 287.5087890625 287.109405517578 286.710021972656 286.310638427734 285.911254882812 285.511871337891 285.144958496094 284.875457763672 284.60595703125 284.33642578125 284.066925048828 283.797424316406 283.527893066406 283.258392333984 283.304351806641 283.455444335938 283.606536865234 283.757659912109 283.908752441406 284.059875488281 284.210968017578 284.377258300781 284.589080810547
287.329376220703 287.454223632812 287.579071044922 287.703887939453 287.828735351562 287.953552246094 288.078399658203 288.252502441406 288.443023681641 288.633544921875 288.824066162109 289.014587402344 289.205108642578 289.395629882812 289.505828857422 289.374969482422 289.244140625 289.11328125 288.982452392578 288.851593017578 288.720764160156 288.589904785156 288.264312744141 287.873779296875 287.483245849609 287.092712402344 286.702178955078 286.311645507812 285.921112060547 285.557250976562 285.273406982422 284.989562988281 284.705718994141 284.421875 284.138031005859 283.854187011719 283.570343017578 283.595153808594 283.722839355469 283.850524902344 283.978210449219 284.105895996094 284.233581542969 284.361267089844 284.505035400391 284.696960449219
287.313354492188 287.481811523438 287.650268554688 287.818725585938 287.987152099609 288.155609130859 288.324066162109 288.522216796875 288.730255126953 288.938293457031 289.146301269531 289.354339599609 289.562377929688 289.770416259766 289.876983642578 289.679077148438 289.481170654297 289.283294677734 289.085388183594 288.887481689453 288.689605712891 288.49169921875 288.160919189453 287.785797119141 287.410705566406 287.035614013672 286.660522460938 286.285430908203 285.910339355469 285.560729980469 285.287628173828 285.014556884766 284.741455078125 284.468383789062 284.195281982422 283.922180175781 283.649108886719 283.662902832031 283.772338867188 283.881774902344 283.9912109375 284.100646972656 284.210083007812 284.319519042969 284.443664550781 284.611907958984
287.297302246094 287.509399414062 287.721466064453 287.933532714844 288.145599365234 288.357666015625 288.569732666016 288.791931152344 289.017456054688 289.243011474609 289.468566894531 289.694122314453 289.919647216797 290.145202636719 290.248107910156 289.983184814453 289.718231201172 289.453277587891 289.188323974609 288.923400878906 288.658447265625 288.393493652344 288.057525634766 287.697845458984 287.338195800781 286.978546142578 286.618865966797 286.259216308594 285.899536132812 285.564208984375 285.301879882812 285.03955078125 284.777221679688 284.514862060547 284.252532958984 283.990203857422 283.727874755859 283.730651855469 283.821838378906 283.913024902344 284.004211425781 284.095397949219 284.186553955078 284.277740478516 284.382263183594 284.526824951172
287.281280517578 287.536956787109 287.792663574219 288.04833984375 288.304046630859 288.559722900391 288.8154296875 289.061645507812 289.3046875 289.547760009766 289.790802001953 290.033874511719 290.276916503906 290.519989013672 290.619262695312 290.287261962891 289.955291748047 289.623291015625 289.291290283203 288.959289550781 288.627288818359 288.295288085938 287.954132080078 287.609893798828 287.265686035156 286.921447753906 286.577209472656 286.233001708984 285.888763427734 285.567718505859 285.316131591797 285.064544677734 284.812957763672 284.561370849609 284.309783935547 284.058197021484 283.806610107422 283.798431396484 283.871337890625 283.944274902344 284.017211914062 284.090118408203 284.163055419922 284.235992431641 284.320892333984 284.441772460938
287.265258789062 287.564544677734 287.863861083984 288.163177490234 288.462463378906 288.761779785156 289.061096191406 289.331329345703 289.591918945312 289.852478027344 290.113037109375 290.373626708984 290.634185791016 290.894775390625 290.990417480469 290.591369628906 290.192321777344 289.793273925781 289.394226074219 288.995178222656 288.596130371094 288.197082519531 287.850738525391 287.521942138672 287.193145751953 286.864349365234 286.535583496094 286.206787109375 285.877990722656 285.571197509766 285.330352783203 285.089538574219 284.848693847656 284.607879638672 284.367034912109 284.126220703125 283.885375976562 283.866180419922 283.920867919922 283.975524902344 284.030212402344 284.084869384766 284.139556884766 284.194213867188 284.259521484375 284.356719970703
287.249206542969 287.592132568359 287.93505859375 288.277984619141 288.620910644531 288.963836669922 289.306762695312 289.601043701172 289.879150390625 290.1572265625 290.435302734375 290.71337890625 290.991455078125 291.26953125 291.361572265625 290.895477294922 290.429382324219 289.963287353516 289.497161865234 289.031066894531 288.564971923828 288.098876953125 287.747344970703 287.433990478516 287.120635986328 286.807281494141 286.493927001953 286.180572509766 285.867218017578 285.574676513672 285.344604492188 285.114532470703 284.884460449219 284.654388427734 284.42431640625 284.194213867188 283.964141845703 283.933959960938 283.970367431641 284.006774902344 284.043212890625 284.079620361328 284.116027832031 284.152465820312 284.198150634766 284.271667480469
287.397918701172 287.774597167969 288.151306152344 288.527984619141 288.904693603516 289.281372070312 289.658081054688 289.946136474609 290.204681396484 290.463226318359 290.721740722656 290.980285644531 291.238800048828 291.497344970703 291.566833496094 291.069274902344 290.571685791016 290.074127197266 289.576538085938 289.078979492188 288.581390380859 288.083801269531 287.7275390625 287.418334960938 287.109161376953 286.799957275391 286.490783691406 286.181579589844 285.872375488281 285.584991455078 285.363006591797 285.141021728516 284.919036865234 284.697052001953 284.475036621094 284.253051757812 284.031066894531 283.995300292969 284.021575927734 284.047882080078 284.074188232422 284.100463867188 284.126770019531 284.153076171875 284.191741943359 284.267547607422
287.711334228516 288.111938476562 288.512573242188 288.913177490234 289.313781738281 289.714416503906 290.115020751953 290.366638183594 290.568542480469 290.770477294922 290.972381591797 291.17431640625 291.376251220703 291.578155517578 291.606231689453 291.112762451172 290.619262695312 290.125793457031 289.63232421875 289.138854980469 288.645385742188 288.151885986328 287.791290283203 287.475006103516 287.158721923828 286.842407226562 286.526123046875 286.209808349609 285.893524169922 285.602142333984 285.385589599609 285.169006347656 284.952423095703 284.735870361328 284.519287109375 284.302734375 284.086151123047 284.050231933594 284.074554443359 284.098846435547 284.123168945312 284.1474609375 284.171752929688 284.196075439453 284.240295410156 284.344360351562
288.024749755859 288.449279785156 288.873809814453 289.298370361328 289.722900390625 290.1474609375 290.571990966797 290.787109375 290.932403564453 291.077728271484 291.223052978516 291.368347167969 291.513671875 291.658966064453 291.645629882812 291.15625 290.666870117188 290.177490234375 289.688110351562 289.19873046875 288.709350585938 288.219970703125 287.855072021484 287.531677246094 287.208282470703 286.884857177734 286.561462402344 286.238067626953 285.914642333984 285.619293212891 285.408142089844 285.196990966797 284.98583984375 284.774688720703 284.563537597656 284.352386474609 284.141235351562 284.105163574219 284.127502441406 284.149810791016 284.172119140625 284.194427490234 284.216766357422 284.239074707031 284.288879394531 284.421142578125
288.338165283203 288.78662109375 289.235076904297 289.683563232422 290.132019042969 290.580474853516 291.028930664062 291.207580566406 291.296295166016 291.384979248047 291.473693847656 291.562377929688 291.651092529297 291.739807128906 291.684997558594 291.199737548828 290.714447021484 290.229156494141 289.743896484375 289.258605957031 288.773345947266 288.288055419922 287.918853759766 287.588348388672 287.257843017578 286.927307128906 286.596801757812 286.266296386719 285.935791015625 285.636444091797 285.430725097656 285.224975585938 285.019256591797 284.813507080078 284.607788085938 284.402038574219 284.1962890625 284.160125732422 284.180450439453 284.200775146484 284.221099853516 284.241424560547 284.261749267578 284.282073974609 284.337432861328 284.497955322266
288.651580810547 289.123962402344 289.596343994141 290.068725585938 290.541137695312 291.013519287109 291.485900878906 291.628051757812 291.66015625 291.692260742188 291.724334716797 291.756439208984 291.788513183594 291.820617675781 291.724395751953 291.243194580078 290.762023925781 290.280853271484 289.799682617188 289.318511962891 288.837310791016 288.356140136719 287.982635498047 287.64501953125 287.307403564453 286.969757080078 286.632141113281 286.294525146484 285.956909179688 285.653594970703 285.453277587891 285.252960205078 285.052642822266 284.852325439453 284.652008056641 284.451690673828 284.251373291016 284.215057373047 284.2333984375 284.251739501953 284.270080566406 284.288391113281 284.306732177734 284.325073242188 284.386016845703 284.574768066406
288.964996337891 289.461303710938 289.957611083984 290.453918457031 290.950225830078 291.446533203125 291.942840576172 292.048553466797 292.024017333984 291.99951171875 291.974975585938 291.950469970703 291.925964355469 291.901428222656 291.763763427734 291.286682128906 290.809600830078 290.332550048828 289.85546875 289.378387451172 288.901306152344 288.424224853516 288.046417236328 287.701690673828 287.356964111328 287.01220703125 286.66748046875 286.32275390625 285.97802734375 285.670776367188 285.475860595703 285.280975341797 285.086059570312 284.891174316406 284.696258544922 284.501373291016 284.306457519531 284.269989013672 284.286346435547 284.302673339844 284.319030761719 284.335388183594 284.351745605469 284.368072509766 284.4345703125 284.651580810547
289.130218505859 289.602966308594 290.07568359375 290.548400878906 291.021118164062 291.493865966797 291.966583251953 292.060150146484 292.027313232422 291.994506835938 291.961669921875 291.928863525391 291.896026611328 291.863220214844 291.721710205078 291.254119873047 290.786560058594 290.319000244141 289.851409912109 289.383850097656 288.916290283203 288.448699951172 288.073608398438 287.729339599609 287.385101318359 287.040832519531 286.696563720703 286.352294921875 286.008026123047 285.702575683594 285.513580322266 285.324615478516 285.135620117188 284.946624755859 284.757629394531 284.568664550781 284.379669189453 284.326019287109 284.317504882812 284.308990478516 284.300445556641 284.291931152344 284.283416748047 284.27490234375 284.331665039062 284.584259033203
289.147277832031 289.548919677734 289.950561523438 290.352172851562 290.753814697266 291.155456542969 291.557098388672 291.662872314453 291.670074462891 291.67724609375 291.684417724609 291.691589355469 291.698791503906 291.705963134766 291.598175048828 291.145538330078 290.69287109375 290.240234375 289.787567138672 289.334930419922 288.882263183594 288.429595947266 288.064270019531 287.72802734375 287.391815185547 287.055572509766 286.719329833984 286.383087158203 286.046875 285.749053955078 285.566467285156 285.383880615234 285.201324462891 285.018737792969 284.836151123047 284.653564453125 284.471008300781 284.383148193359 284.326873779297 284.270599365234 284.214324951172 284.158050537109 284.101776123047 284.045501708984 284.077209472656 284.372833251953
289.164337158203 289.494873046875 289.825408935547 290.155975341797 290.486511230469 290.817047119141 291.147583007812 291.265625 291.312805175781 291.359985351562 291.407165527344 291.454345703125 291.501525878906 291.548706054688 291.474670410156 291.036926269531 290.599182128906 290.161468505859 289.723724365234 289.285980224609 288.848236083984 288.410491943359 288.054931640625 287.726715087891 287.398529052734 287.0703125 286.742126464844 286.413909912109 286.085723876953 285.795532226562 285.619354248047 285.443176269531 285.266998291016 285.090850830078 284.914672851562 284.738494873047 284.562347412109 284.440277099609 284.336242675781 284.232238769531 284.128204345703 284.024169921875 283.920166015625 283.816131591797 283.822784423828 284.161407470703
289.181396484375 289.440856933594 289.700286865234 289.959747314453 290.219177246094 290.478637695312 290.738098144531 290.868347167969 290.955535888672 291.042724609375 291.129913330078 291.217102050781 291.304290771484 291.391448974609 291.351135253906 290.928314208984 290.505493164062 290.082672119141 289.659851074219 289.237030029297 288.814208984375 288.391387939453 288.045562744141 287.725402832031 287.405242919922 287.085052490234 286.764892578125 286.444732666016 286.124572753906 285.841979980469 285.672241210938 285.502471923828 285.332702636719 285.162963867188 284.993194580078 284.823425292969 284.653656005859 284.497406005859 284.345611572266 284.19384765625 284.042083740234 283.890319824219 283.738525390625 283.586761474609 283.568359375 283.949981689453
