resources/Exp000_Example-Run/Run01_M2/TimeSeries/1980/selection_set/ts_avg.asc
NCOLS 265 
NROWS 230 
XLLCORNER -115.5625 
YLLCORNER 24.8333333333333 
CELLSIZE 0.0833333333333333 
NODATA_value -9999 
[rows 120 to 139 of 230, columns 138 to 183 of 265]
289.019378662109 288.943267822266 288.8671875 288.791107177734 288.765777587891 288.757385253906 288.748992919922 288.740570068359 288.732177734375 288.723785400391 288.715362548828 288.714935302734 288.738433837891 288.761932373047 288.785430908203 288.808929443359 288.832427978516 288.855926513672 288.879425048828 288.899230957031 288.917785644531 288.936370849609 288.954925537109 288.973510742188 288.992065429688 289.010650634766 289.042297363281 289.113128662109 289.183959960938 289.254791259766 289.325622558594 289.396453857422 289.46728515625 289.538146972656 289.66455078125 289.809478759766 289.954406738281 290.099365234375 290.244293212891 290.389221191406 290.534149169922 290.657684326172 290.716979980469 290.776306152344 290.835601806641 290.894897460938
289.105804443359 289.022644042969 288.939453125 288.856292724609 288.831481933594 288.826141357422 288.82080078125 288.815460205078 288.810119628906 288.804779052734 288.799438476562 288.801788330078 288.827178955078 288.852600097656 288.877990722656 288.903381347656 288.928802490234 288.954193115234 288.979583740234 288.999359130859 289.017242431641 289.035125732422 289.053009033203 289.070892333984 289.088775634766 289.106658935547 289.138214111328 289.210754394531 289.283325195312 289.355865478516 289.428436279297 289.5009765625 289.573547363281 289.646087646484 289.766906738281 289.90380859375 290.040679931641 290.177581787109 290.314483642578 290.451354980469 290.588256835938 290.705718994141 290.764892578125 290.824096679688 290.883270263672 290.942474365234
289.192230224609 289.101989746094 289.01171875 288.921478271484 288.897186279297 288.894897460938 288.892639160156 288.890350341797 288.888061523438 288.885803222656 288.883514404297 288.888641357422 288.915924072266 288.943237304688 288.970550537109 288.997863769531 289.025177001953 289.052459716797 289.079772949219 289.099487304688 289.11669921875 289.133880615234 289.151062011719 289.168273925781 289.185455322266 289.202667236328 289.234130859375 289.308410644531 289.382659912109 289.456939697266 289.531219482422 289.605499267578 289.679779052734 289.754058837891 289.869262695312 289.998107910156 290.126953125 290.255798339844 290.384643554688 290.513488769531 290.642333984375 290.753753662109 290.812805175781 290.871887207031 290.930969238281 290.990020751953
289.278686523438 289.181335449219 289.083984375 288.986633300781 288.962890625 288.963684082031 288.964447021484 288.965240478516 288.966033935547 288.966796875 288.967590332031 288.975463867188 289.004699707031 289.033905029297 289.063110351562 289.092315673828 289.121520996094 289.150756835938 289.179962158203 289.199645996094 289.216156005859 289.232635498047 289.249145507812 289.265655517578 289.282165527344 289.298645019531 289.330017089844 289.406036376953 289.482025146484 289.558044433594 289.634033203125 289.710021972656 289.786010742188 289.862030029297 289.971618652344 290.092437744141 290.213226318359 290.334014892578 290.454833984375 290.575622558594 290.696441650391 290.8017578125 290.860717773438 290.919677734375 290.978637695312 291.03759765625
289.365112304688 289.260681152344 289.15625 289.051818847656 289.028594970703 289.032440185547 289.036285400391 289.040130615234 289.043975830078 289.047821044922 289.051666259766 289.062316894531 289.093444824219 289.124542236328 289.155670166016 289.186798095703 289.217895507812 289.2490234375 289.280151367188 289.299774169922 289.315582275391 289.331390380859 289.347229003906 289.363037109375 289.378845214844 289.394653320312 289.425933837891 289.503662109375 289.581390380859 289.659118652344 289.73681640625 289.814544677734 289.892272949219 289.970001220703 290.073974609375 290.186737060547 290.299499511719 290.412261962891 290.524993896484 290.637756347656 290.750518798828 290.849792480469 290.908630371094 290.967468261719 291.026306152344 291.085144042969
289.451568603516 289.340026855469 289.228515625 289.117004394531 289.094299316406 289.101196289062 289.108093261719 289.115020751953 289.121917724609 289.128814697266 289.135711669922 289.149169921875 289.182189941406 289.215209960938 289.248229980469 289.28125 289.314270019531 289.347290039062 289.380310058594 289.399932861328 289.4150390625 289.43017578125 289.445281982422 289.460418701172 289.475524902344 289.490661621094 289.521850585938 289.601318359375 289.680755615234 289.760192871094 289.839630126953 289.919067382812 289.998504638672 290.077941894531 290.176330566406 290.281066894531 290.385772705078 290.490478515625 290.595184326172 290.699890136719 290.804595947266 290.897827148438 290.95654296875 291.015258789062 291.074005126953 291.132720947266
289.538909912109 289.425170898438 289.311462402344 289.197723388672 289.175506591797 289.183807373047 289.192108154297 289.200408935547 289.208709716797 289.217010498047 289.225311279297 289.240264892578 289.275115966797 289.309997558594 289.344848632812 289.379730224609 289.414581298828 289.449462890625 289.484313964844 289.504089355469 289.518829345703 289.533569335938 289.548278808594 289.563018798828 289.577758789062 289.592498779297 289.624114990234 289.706390380859 289.788635253906 289.870910644531 289.953155517578 290.035430908203 290.117706298828 290.199951171875 290.292358398438 290.388153076172 290.483917236328 290.579711914062 290.675506591797 290.771270751953 290.867065429688 290.953033447266 291.009490966797 291.065979003906 291.122467041016 291.178924560547
289.627197265625 289.51611328125 289.405059814453 289.293975830078 289.272216796875 289.2802734375 289.288299560547 289.296325683594 289.304382324219 289.312408447266 289.320434570312 289.335632324219 289.372283935547 289.408905029297 289.445556640625 289.482208251953 289.518829345703 289.555480957031 289.592132568359 289.612274169922 289.626922607422 289.641571044922 289.656219482422 289.670867919922 289.685546875 289.7001953125 289.732727050781 289.818908691406 289.905090332031 289.991271972656 290.077453613281 290.163635253906 290.249816894531 290.335998535156 290.422027587891 290.507995605469 290.593994140625 290.679962158203 290.765930175781 290.851928710938 290.937896728516 291.015411376953 291.067504882812 291.119598388672 291.171722412109 291.223815917969
289.715484619141 289.607055664062 289.498657226562 289.390228271484 289.368957519531 289.376708984375 289.384490966797 289.392272949219 289.400024414062 289.407806396484 289.415557861328 289.430999755859 289.469421386719 289.507843017578 289.546264648438 289.584686279297 289.623077392578 289.661499023438 289.699920654297 289.720458984375 289.735015869141 289.749603271484 289.76416015625 289.778717041016 289.793304443359 289.807861328125 289.84130859375 289.931427001953 290.021545410156 290.111633300781 290.201751708984 290.291839599609 290.381958007812 290.472045898438 290.551696777344 290.627868652344 290.704040527344 290.780212402344 290.856384277344 290.932556152344 291.008728027344 291.077789306641 291.125518798828 291.173248291016 291.220977783203 291.268707275391
289.803771972656 289.697998046875 289.592254638672 289.486480712891 289.465667724609 289.473175048828 289.480682373047 289.488189697266 289.495697021484 289.503204345703 289.510681152344 289.5263671875 289.566558837891 289.606750488281 289.646942138672 289.687133789062 289.727355957031 289.767547607422 289.807739257812 289.828643798828 289.843139648438 289.857604980469 289.872100830078 289.886596679688 289.901062011719 289.915557861328 289.949920654297 290.0439453125 290.137969970703 290.231994628906 290.326019287109 290.420043945312 290.514068603516 290.608093261719 290.681365966797 290.747741699219 290.814086914062 290.880462646484 290.946838378906 291.01318359375 291.079559326172 291.140167236328 291.183502197266 291.226867675781 291.270233154297 291.313568115234
289.892059326172 289.788940429688 289.685852050781 289.582763671875 289.562408447266 289.569641113281 289.576873779297 289.584106445312 289.591339111328 289.598571777344 289.605804443359 289.621734619141 289.663696289062 289.705688476562 289.747650146484 289.789611816406 289.831604003906 289.873565673828 289.91552734375 289.936828613281 289.951232910156 289.965637207031 289.980041503906 289.994445800781 290.008819580078 290.023223876953 290.058532714844 290.156463623047 290.254425048828 290.352355957031 290.450317382812 290.548248291016 290.646209716797 290.744140625 290.811065673828 290.867614746094 290.924163818359 290.980712890625 291.037261962891 291.093811035156 291.150360107422 291.202545166016 291.241516113281 291.280487060547 291.319458007812 291.358459472656
289.980346679688 289.8798828125 289.779449462891 289.679016113281 289.659118652344 289.666107177734 289.673065185547 289.680023193359 289.68701171875 289.693969726562 289.700927734375 289.717102050781 289.760864257812 289.804595947266 289.848358154297 289.89208984375 289.935852050781 289.979583740234 290.023345947266 290.045013427734 290.059326171875 290.073638916016 290.087982177734 290.102294921875 290.116607666016 290.130920410156 290.167114257812 290.268981933594 290.370849609375 290.472717285156 290.574584960938 290.676452636719 290.7783203125 290.880187988281 290.940734863281 290.987457275391 291.034210205078 291.080963134766 291.127716064453 291.174468994141 291.22119140625 291.264923095703 291.299530029297 291.334106445312 291.368713378906 291.4033203125
290.076782226562 289.987213134766 289.897644042969 289.80810546875 289.789367675781 289.794219970703 289.799102783203 289.803985595703 289.808837890625 289.813720703125 289.818603515625 289.833038330078 289.876129150391 289.919219970703 289.962310791016 290.005432128906 290.048522949219 290.091613769531 290.134735107422 290.156707763672 290.171630859375 290.186553955078 290.201507568359 290.216430664062 290.231384277344 290.246307373047 290.28271484375 290.383575439453 290.484436035156 290.585296630859 290.686126708984 290.786987304688 290.887847900391 290.988708496094 291.042022705078 291.079467773438 291.116943359375 291.154388427734 291.191864013672 291.229309082031 291.266784667969 291.30224609375 291.331756591797 291.361267089844 291.390747070312 291.420257568359
290.181396484375 290.110931396484 290.040466308594 289.970001220703 289.953094482422 289.954040527344 289.954986572266 289.955932617188 289.956878662109 289.957824707031 289.958770751953 289.969512939453 290.009521484375 290.049560546875 290.089569091797 290.129577636719 290.169616699219 290.209625244141 290.249664306641 290.271850585938 290.288116455078 290.304382324219 290.320617675781 290.336883544922 290.353149414062 290.369384765625 290.405303955078 290.500213623047 290.595123291016 290.690032958984 290.784942626953 290.879852294922 290.974761962891 291.069671630859 291.114898681641 291.143615722656 291.172302246094 291.201019287109 291.229705810547 291.258422851562 291.287109375 291.314575195312 291.338226318359 291.361907958984 291.385559082031 291.409240722656
290.286010742188 290.234649658203 290.183258056641 290.131896972656 290.116821289062 290.113861083984 290.110870361328 290.10791015625 290.104919433594 290.101959228516 290.098968505859 290.105987548828 290.142913818359 290.179870605469 290.216827392578 290.253753662109 290.290710449219 290.327667236328 290.364593505859 290.387023925781 290.404602050781 290.422180175781 290.439758300781 290.457336425781 290.474914550781 290.492492675781 290.527893066406 290.616851806641 290.705810546875 290.794769287109 290.883728027344 290.972686767578 291.061645507812 291.150604248047 291.187805175781 291.207763671875 291.227691650391 291.247619628906 291.267578125 291.287506103516 291.307464599609 291.326873779297 291.344696044922 291.362548828125 291.38037109375 291.398223876953
290.390625 290.358367919922 290.326080322266 290.293792724609 290.280548095703 290.273651123047 290.266754150391 290.259857177734 290.252960205078 290.246063232422 290.239166259766 290.242462158203 290.276306152344 290.310180664062 290.344055175781 290.3779296875 290.411804199219 290.445678710938 290.479553222656 290.502197265625 290.521087646484 290.539978027344 290.558868408203 290.577758789062 290.5966796875 290.615570068359 290.650482177734 290.733520507812 290.816528320312 290.899536132812 290.982543945312 291.065551757812 291.148559570312 291.231567382812 291.260711669922 291.271881103516 291.283081054688 291.294250488281 291.305419921875 291.316619873047 291.327789306641 291.339172363281 291.351196289062 291.363189697266 291.375183105469 291.38720703125
290.495239257812 290.482055664062 290.468872070312 290.455688476562 290.444274902344 290.433471679688 290.422637939453 290.411804199219 290.401000976562 290.390167236328 290.379333496094 290.378936767578 290.409729003906 290.440521240234 290.471313476562 290.502105712891 290.532897949219 290.563690185547 290.594482421875 290.617340087891 290.637573242188 290.657775878906 290.678009033203 290.698211669922 290.718444824219 290.738647460938 290.773101806641 290.850158691406 290.927215576172 291.004272460938 291.081329345703 291.158386230469 291.235473632812 291.312530517578 291.333618164062 291.336029052734 291.338439941406 291.340881347656 291.343292236328 291.345703125 291.34814453125 291.351501464844 291.357666015625 291.363830566406 291.369995117188 291.376159667969
290.599853515625 290.605773925781 290.611694335938 290.617614746094 290.608032226562 290.59326171875 290.578521728516 290.563781738281 290.549011230469 290.534271240234 290.51953125 290.515380859375 290.543121337891 290.570831298828 290.598541259766 290.626281738281 290.653991699219 290.681701660156 290.709411621094 290.732513427734 290.754058837891 290.775573730469 290.797119140625 290.818664550781 290.840209960938 290.861755371094 290.895690917969 290.966796875 291.037902832031 291.109008789062 291.180145263672 291.251251220703 291.322357177734 291.393463134766 291.406494140625 291.400177001953 291.393829345703 291.387481689453 291.381164550781 291.374816894531 291.368469238281 291.363800048828 291.364135742188 291.364471435547 291.364807128906 291.365142822266
290.7138671875 290.739135742188 290.764434814453 290.789703369141 290.783660888672 290.767181396484 290.750701904297 290.734222412109 290.717712402344 290.701232910156 290.684753417969 290.677307128906 290.696990966797 290.716705322266 290.736389160156 290.756072998047 290.775756835938 290.795440673828 290.815124511719 290.836212158203 290.857757568359 290.879302978516 290.900848388672 290.922393798828 290.943908691406 290.965454101562 290.997802734375 291.062591552734 291.127349853516 291.192108154297 291.256896972656 291.321655273438 291.386444091797 291.451202392578 291.460144042969 291.450500488281 291.440856933594 291.431182861328 291.421539306641 291.411865234375 291.402221679688 291.394287109375 291.391510009766 291.388732910156 291.385925292969 291.383148193359
290.837219238281 290.882141113281 290.927062988281 290.972015380859 290.971221923828 290.955169677734 290.939147949219 290.923126220703 290.907073974609 290.891052246094 290.875030517578 290.864654541016 290.871368408203 290.878082275391 290.884796142578 290.891510009766 290.898223876953 290.904907226562 290.91162109375 290.928466796875 290.948699951172 290.968902587891 290.989135742188 291.009368896484 291.029571533203 291.0498046875 291.079467773438 291.137512207031 291.195556640625 291.253570556641 291.311614990234 291.36962890625 291.427673339844 291.485717773438 291.494567871094 291.487030029297 291.479522705078 291.471984863281 291.464447021484 291.456909179688 291.449371337891 291.442932128906 291.439758300781 291.436553955078 291.433349609375 291.43017578125
