resources/Exp000_Example-Run/Run01_M2/TimeSeries/1980/selection_set/ts_avg.asc
NCOLS 265 
NROWS 230 
XLLCORNER -115.5625 
YLLCORNER 24.8333333333333 
CELLSIZE 0.0833333333333333 
NODATA_value -9999 
[rows 80 to 99 of 230, columns 92 to 137 of 265]
277.908294677734 277.577697753906 277.247131347656 276.916534423828 276.5859375 276.455230712891 276.391082763672 276.326965332031 276.262847900391 276.19873046875 276.134613037109 276.070495605469 276.051879882812 276.169769287109 276.287628173828 276.405517578125 276.523406982422 276.641265869141 276.759155273438 276.877044677734 277.144012451172 277.460662841797 277.777313232422 278.093994140625 278.41064453125 278.727294921875 279.043975830078 279.311218261719 279.430236816406 279.549224853516 279.668243408203 279.787261962891 279.906280517578 280.025299072266 280.144317626953 280.585845947266 281.134918212891 281.683959960938 282.233032226562 282.782104492188 283.331146240234 283.880218505859 284.340087890625 284.532379150391 284.724670410156 284.916961669922
279.087615966797 278.780181884766 278.472717285156 278.165252685547 277.857788085938 277.673583984375 277.530456542969 277.387298583984 277.244171142578 277.101043701172 276.957916259766 276.814758300781 276.708526611328 276.712921142578 276.717315673828 276.721710205078 276.726104736328 276.730499267578 276.734893798828 276.739288330078 276.988708496094 277.31982421875 277.650939941406 277.982055664062 278.313171386719 278.644287109375 278.975433349609 279.251190185547 279.360900878906 279.470611572266 279.580322265625 279.690032958984 279.799743652344 279.909454345703 280.019165039062 280.440490722656 280.965728759766 281.490936279297 282.016174316406 282.541381835938 283.066619873047 283.591827392578 284.035827636719 284.236175537109 284.4365234375 284.636840820312
280.266967773438 279.982635498047 279.698303222656 279.413970947266 279.129638671875 278.891937255859 278.669799804688 278.447631835938 278.225494384766 278.003326416016 277.781188964844 277.559020996094 277.365142822266 277.256042480469 277.14697265625 277.037872314453 276.928771972656 276.819702148438 276.710601806641 276.601501464844 276.833435058594 277.178985595703 277.524566650391 277.870147705078 278.215728759766 278.561309814453 278.906860351562 279.191162109375 279.291564941406 279.391967773438 279.492370605469 279.5927734375 279.693206787109 279.793609619141 279.894012451172 280.295166015625 280.796539306641 281.297912597656 281.79931640625 282.300689697266 282.802093505859 283.303466796875 283.731597900391 283.939971923828 284.148376464844 284.356750488281
281.446319580078 281.185119628906 280.923889160156 280.662689208984 280.401489257812 280.110321044922 279.809143066406 279.507965087891 279.206817626953 278.905639648438 278.604461669922 278.303283691406 278.021789550781 277.799194335938 277.576629638672 277.354064941406 277.131469726562 276.908905029297 276.686340332031 276.463745117188 276.678131103516 277.038177490234 277.398193359375 277.758239746094 278.118255615234 278.478302001953 278.838317871094 279.131134033203 279.222229003906 279.313323974609 279.404449462891 279.495544433594 279.586639404297 279.677764892578 279.768859863281 280.149810791016 280.627349853516 281.104888916016 281.582458496094 282.059997558594 282.537536621094 283.015075683594 283.427368164062 283.643798828125 283.860198974609 284.076629638672
282.190155029297 281.947601318359 281.705047607422 281.462493896484 281.219940185547 280.900543212891 280.555572509766 280.210571289062 279.865600585938 279.520599365234 279.175628662109 278.830627441406 278.506866455078 278.246673583984 277.986480712891 277.726318359375 277.466125488281 277.205932617188 276.945770263672 276.685577392578 276.8740234375 277.212005615234 277.550018310547 277.888000488281 278.225982666016 278.56396484375 278.901977539062 279.176971435547 279.263061523438 279.34912109375 279.435180664062 279.521240234375 279.607299804688 279.693389892578 279.779449462891 280.1484375 280.611755371094 281.075073242188 281.538391113281 282.001678466797 282.464996337891 282.928314208984 283.328796386719 283.540863037109 283.752899169922 283.964965820312
282.498474121094 282.270080566406 282.041717529297 281.813323974609 281.5849609375 281.262664794922 280.909057617188 280.555450439453 280.201843261719 279.848266601562 279.494659423828 279.141052246094 278.820373535156 278.598449707031 278.376556396484 278.154632568359 277.932739257812 277.710815429688 277.488891601562 277.266998291016 277.421112060547 277.700561523438 277.980010986328 278.259460449219 278.538909912109 278.818359375 279.097808837891 279.328704833984 279.414001464844 279.499298095703 279.584594726562 279.669891357422 279.755157470703 279.840454101562 279.925750732422 280.291076660156 280.749755859375 281.208435058594 281.667114257812 282.125793457031 282.58447265625 283.043151855469 283.435943603516 283.631195068359 283.826446533203 284.021697998047
282.806793212891 282.592590332031 282.378387451172 282.164184570312 281.949981689453 281.624755859375 281.262542724609 280.900329589844 280.538116455078 280.175903320312 279.813690185547 279.451477050781 279.133911132812 278.950256347656 278.7666015625 278.582977294922 278.399322509766 278.215698242188 278.032043457031 277.848388671875 277.968170166016 278.189086914062 278.410003662109 278.630920410156 278.851806640625 279.072723388672 279.293640136719 279.48046875 279.564971923828 279.649475097656 279.734008789062 279.818511962891 279.903015136719 279.987548828125 280.072052001953 280.433715820312 280.887756347656 281.341796875 281.795837402344 282.249877929688 282.703918457031 283.157958984375 283.543090820312 283.721557617188 283.899993896484 284.078430175781
283.115112304688 282.915069580078 282.715057373047 282.515014648438 282.315002441406 281.986877441406 281.616027832031 281.245208740234 280.874389648438 280.503540039062 280.132720947266 279.761901855469 279.447418212891 279.302062988281 279.156677246094 279.011291503906 278.865936279297 278.720550537109 278.5751953125 278.429809570312 278.515258789062 278.677612304688 278.839996337891 279.002349853516 279.164733886719 279.327117919922 279.489471435547 279.632202148438 279.715942382812 279.799652099609 279.883392333984 279.967132568359 280.050872802734 280.134613037109 280.218353271484 280.576324462891 281.025756835938 281.475158691406 281.924560546875 282.373962402344 282.823364257812 283.272796630859 283.650238037109 283.811889648438 283.973541259766 284.135162353516
283.423431396484 283.237579345703 283.051727294922 282.865875244141 282.680023193359 282.348968505859 281.969512939453 281.590087890625 281.210632324219 280.831176757812 280.451751708984 280.072296142578 279.760955810547 279.653839111328 279.546722412109 279.439636230469 279.33251953125 279.225433349609 279.118316650391 279.01123046875 279.062316894531 279.166137695312 279.269989013672 279.373809814453 279.477661132812 279.581481933594 279.685302734375 279.783935546875 279.866882324219 279.949859619141 280.032806396484 280.115783691406 280.19873046875 280.281677246094 280.364654541016 280.718963623047 281.163757324219 281.608520507812 282.053283691406 282.498077392578 282.942840576172 283.387603759766 283.757385253906 283.902221679688 284.047058105469 284.19189453125
283.731750488281 283.56005859375 283.388397216797 283.216705322266 283.045043945312 282.711059570312 282.323028564453 281.934967041016 281.546905517578 281.158843994141 280.770782470703 280.382720947266 280.074462890625 280.005645751953 279.936798095703 279.867950439453 279.799133300781 279.730285644531 279.661468505859 279.592620849609 279.609405517578 279.654693603516 279.699981689453 279.745269775391 279.790557861328 279.835845947266 279.881164550781 279.935668945312 280.017852783203 280.100036621094 280.182220458984 280.264404296875 280.346588134766 280.428771972656 280.510955810547 280.861602783203 281.301727294922 281.741882324219 282.182006835938 282.622161865234 283.062286376953 283.50244140625 283.864532470703 283.992584228516 284.12060546875 284.248626708984
283.868072509766 283.712066650391 283.556060791016 283.400024414062 283.244018554688 282.919403076172 282.53857421875 282.15771484375 281.776885986328 281.396057128906 281.015228271484 280.634399414062 280.334747314453 280.278778076172 280.222778320312 280.166778564453 280.110809326172 280.054809570312 279.998809814453 279.942840576172 279.934997558594 279.943176269531 279.951385498047 279.959594726562 279.9677734375 279.975982666016 279.984191894531 280.015228271484 280.114776611328 280.214324951172 280.313873291016 280.413452148438 280.513000488281 280.612548828125 280.712127685547 281.06201171875 281.495330810547 281.928680419922 282.361999511719 282.795349121094 283.228698730469 283.662017822266 284.018249511719 284.143188476562 284.268127441406 284.39306640625
283.832397460938 283.693542480469 283.5546875 283.415832519531 283.276977539062 282.973937988281 282.616180419922 282.258392333984 281.900634765625 281.542846679688 281.185089111328 280.827301025391 280.541839599609 280.473266601562 280.404693603516 280.336120605469 280.267547607422 280.198974609375 280.130401611328 280.061828613281 280.039093017578 280.031646728516 280.024200439453 280.016754150391 280.00927734375 280.001831054688 279.994384765625 280.022583007812 280.157653808594 280.292724609375 280.427825927734 280.562896728516 280.697967529297 280.833068847656 280.968139648438 281.320190429688 281.744537353516 282.168914794922 282.59326171875 283.017639160156 283.442016601562 283.866363525391 284.218536376953 284.354095458984 284.489654541016 284.625213623047
283.796752929688 283.675048828125 283.553344726562 283.431640625 283.309936523438 283.028472900391 282.693786621094 282.359069824219 282.024353027344 281.689636230469 281.354919433594 281.020233154297 280.748901367188 280.667755126953 280.586608886719 280.505432128906 280.424285888672 280.343139648438 280.261962890625 280.180816650391 280.143218994141 280.1201171875 280.097015380859 280.073913574219 280.050811767578 280.027709960938 280.004608154297 280.029937744141 280.200531005859 280.371124267578 280.541748046875 280.712341308594 280.882934570312 281.053558349609 281.224151611328 281.578369140625 281.993743896484 282.409149169922 282.824523925781 283.239929199219 283.655334472656 284.070709228516 284.418823242188 284.565002441406 284.711181640625 284.857330322266
283.761077880859 283.656555175781 283.552001953125 283.447448730469 283.342895507812 283.083038330078 282.771392822266 282.459747314453 282.148071289062 281.83642578125 281.524780273438 281.213134765625 280.955963134766 280.862243652344 280.768493652344 280.674774169922 280.581024169922 280.4873046875 280.3935546875 280.2998046875 280.247314453125 280.208557128906 280.169830322266 280.131072998047 280.092315673828 280.053558349609 280.014801025391 280.037292480469 280.243408203125 280.449523925781 280.655670166016 280.861785888672 281.067932128906 281.274047851562 281.480194091797 281.836517333984 282.242950439453 282.649383544922 283.055786132812 283.462219238281 283.86865234375 284.275085449219 284.619079589844 284.77587890625 284.932678222656 285.089477539062
283.725433349609 283.638031005859 283.550659179688 283.463256835938 283.375854492188 283.137573242188 282.848999023438 282.560394287109 282.271820068359 281.983245849609 281.694641113281 281.406066894531 281.163055419922 281.056732177734 280.950408935547 280.844085693359 280.737762451172 280.631439208984 280.525146484375 280.418823242188 280.351440429688 280.297027587891 280.242645263672 280.188232421875 280.133819580078 280.079437255859 280.025024414062 280.044647216797 280.286285400391 280.527954101562 280.769592285156 281.01123046875 281.252899169922 281.494537353516 281.736206054688 282.094696044922 282.492156982422 282.889617919922 283.287048339844 283.684509277344 284.081970214844 284.479431152344 284.819366455078 284.986785888672 285.154205322266 285.321624755859
283.689788818359 283.619537353516 283.549285888672 283.479064941406 283.408813476562 283.192108154297 282.926605224609 282.661071777344 282.395538330078 282.130035400391 281.864501953125 281.598968505859 281.3701171875 281.251220703125 281.13232421875 281.013397216797 280.894500732422 280.775604248047 280.656707763672 280.537811279297 280.455535888672 280.385498046875 280.3154296875 280.245391845703 280.175354003906 280.105285644531 280.035247802734 280.052001953125 280.329162597656 280.606353759766 280.883514404297 281.160705566406 281.437866210938 281.715057373047 281.992218017578 282.352874755859 282.741363525391 283.129852294922 283.518310546875 283.906799316406 284.295288085938 284.683776855469 285.019653320312 285.197692871094 285.375701904297 285.553741455078
283.623931884766 283.567199707031 283.510467529297 283.453735351562 283.397003173828 283.221496582031 283.006378173828 282.791229248047 282.576110839844 282.360992431641 282.145874023438 281.930755615234 281.739044189453 281.617584228516 281.496124267578 281.374664306641 281.253173828125 281.131713867188 281.01025390625 280.888793945312 280.797485351562 280.716217041016 280.634948730469 280.553680419922 280.472412109375 280.391174316406 280.309906005859 280.322052001953 280.614410400391 280.906768798828 281.199096679688 281.491455078125 281.783813476562 282.076171875 282.368530273438 282.724914550781 283.102600097656 283.480316162109 283.858032226562 284.235717773438 284.613433837891 284.991149902344 285.318420410156 285.494354248047 285.670288085938 285.846252441406
283.527893066406 283.481018066406 283.434173583984 283.387298583984 283.340423583984 283.225677490234 283.088317871094 282.950927734375 282.813537597656 282.676147460938 282.538787841797 282.401397705078 282.269866943359 282.155853271484 282.041809082031 281.927795410156 281.813781738281 281.699768066406 281.585754394531 281.471740722656 281.377197265625 281.289184570312 281.201141357422 281.113128662109 281.025085449219 280.937042236328 280.849029541016 280.854797363281 281.141998291016 281.429168701172 281.716369628906 282.003570556641 282.290740966797 282.577941894531 282.865142822266 283.210784912109 283.575897216797 283.941040039062 284.30615234375 284.671295166016 285.036407470703 285.401550292969 285.715667724609 285.876831054688 286.037963867188 286.199127197266
283.431854248047 283.394866943359 283.357849121094 283.320861816406 283.283874511719 283.229888916016 283.170227050781 283.110595703125 283.050964355469 282.991333007812 282.931671142578 282.872039794922 282.800659179688 282.694091796875 282.587524414062 282.48095703125 282.374389648438 282.267822265625 282.161254882812 282.0546875 281.956939697266 281.862152099609 281.767333984375 281.672546386719 281.577728271484 281.482940673828 281.388153076172 281.387542724609 281.669586181641 281.951599121094 282.233642578125 282.515655517578 282.797698974609 283.079711914062 283.361724853516 283.696655273438 284.049194335938 284.401763916016 284.754302978516 285.106842041016 285.459381103516 285.811920166016 286.112945556641 286.25927734375 286.405639648438 286.551971435547
283.335845947266 283.308685302734 283.281555175781 283.254425048828 283.227294921875 283.234069824219 283.252166748047 283.270294189453 283.288391113281 283.306488037109 283.324584960938 283.342681884766 283.331481933594 283.232360839844 283.133239746094 283.034118652344 282.934997558594 282.835876464844 282.736755371094 282.637634277344 282.536682128906 282.435119628906 282.333526611328 282.231964111328 282.130401611328 282.028839111328 281.92724609375 281.920288085938 282.197174072266 282.474029541016 282.750885009766 283.027740478516 283.304626464844 283.581481933594 283.858337402344 284.182525634766 284.522491455078 284.862457275391 285.202423095703 285.542388916016 285.882354736328 286.222320556641 286.510192871094 286.641754150391 286.773284912109 286.904846191406
