resources/Exp000_Example-Run/Run01_M2/TimeSeries/2015/selection_set/cldtot_avg.asc
NCOLS 265 
NROWS 230 
XLLCORNER -115.5625 
YLLCORNER 24.8333333333333 
CELLSIZE 0.0833333333333333 
NODATA_value -9999 
[rows 180 to 199 of 230, columns 44 to 87 of 265]
0.333869844675064 0.335964411497116 0.338058948516846 0.340153485536575 0.342248022556305 0.344342589378357 0.346437126398087 0.348531663417816 0.350318282842636 0.352002263069153 0.35368624329567 0.355370193719864 0.357054173946381 0.358738154172897 0.360422134399414 0.362247735261917 0.364498198032379 0.366748690605164 0.368999153375626 0.37124964594841 0.373500108718872 0.375750601291656 0.378001064062119 0.379999399185181 0.38191369175911 0.383827954530716 0.385742247104645 0.387656539678574 0.389570832252502 0.391485095024109 0.39361235499382 0.396378517150879 0.399144649505615 0.401910811662674 0.404676973819733 0.407443135976791 0.410209268331528 0.412975430488586 0.416028589010239 0.419177412986755 0.422326266765594 0.425475090742111 0.428623914718628 0.431772738695145
0.334401458501816 0.336570709943771 0.338739961385727 0.340909212827682 0.343078464269638 0.345247745513916 0.347416996955872 0.349586248397827 0.351352095603943 0.352983444929123 0.354614824056625 0.356246173381805 0.357877522706985 0.359508901834488 0.361140251159668 0.362921088933945 0.365150332450867 0.367379575967789 0.369608819484711 0.371838063001633 0.374067306518555 0.376296550035477 0.378525793552399 0.380661368370056 0.382765710353851 0.384870022535324 0.386974364519119 0.389078706502914 0.39118304848671 0.393287390470505 0.395598560571671 0.398530274629593 0.401461958885193 0.404393643140793 0.407325327396393 0.410257011651993 0.413188725709915 0.416120409965515 0.419116169214249 0.422133326530457 0.425150454044342 0.428167581558228 0.431184709072113 0.434201866388321
0.334933042526245 0.337177008390427 0.339420974254608 0.34166494011879 0.343908935785294 0.346152901649475 0.348396867513657 0.350640833377838 0.35238590836525 0.353964656591415 0.355543404817581 0.357122153043747 0.358700901269913 0.360279649496078 0.361858397722244 0.363594442605972 0.365802466869354 0.368010461330414 0.370218485593796 0.372426480054855 0.374634504318237 0.376842498779297 0.379050523042679 0.381323307752609 0.383617699146271 0.385912120342255 0.388206511735916 0.390500903129578 0.392795294523239 0.395089685916901 0.397584795951843 0.400682002305984 0.403779238462448 0.406876474618912 0.409973710775375 0.413070917129517 0.41616815328598 0.419265389442444 0.422203779220581 0.425089210271835 0.42797464132309 0.430860102176666 0.433745533227921 0.436630964279175
0.335464626550674 0.337783306837082 0.340101987123489 0.342420667409897 0.344739377498627 0.347058057785034 0.349376738071442 0.351695418357849 0.353419691324234 0.354945838451385 0.356471985578537 0.357998102903366 0.359524250030518 0.361050397157669 0.362576514482498 0.364267826080322 0.366454601287842 0.368641376495361 0.370828151702881 0.3730149269104 0.37520170211792 0.377388477325439 0.379575252532959 0.381985276937485 0.384469717741013 0.386954188346863 0.389438629150391 0.391923069953918 0.394407510757446 0.396891981363297 0.399571001529694 0.402833759784698 0.406096518039703 0.409359306097031 0.412622064352036 0.41588482260704 0.419147580862045 0.422410368919373 0.425291359424591 0.428045094013214 0.43079885840416 0.433552592992783 0.436306327581406 0.439060091972351
-9999 0.338389605283737 0.340782999992371 0.343176424503326 0.34556981921196 0.347963213920593 0.350356608629227 0.35275000333786 0.354453504085541 0.355927020311356 0.357400566339493 0.358874082565308 0.360347598791122 0.36182114481926 0.363294661045074 0.36494117975235 0.367106735706329 0.369272261857986 0.371437817811966 0.373603343963623 0.375768899917603 0.37793442606926 0.380099982023239 0.38264724612236 0.385321736335754 0.387996256351471 0.390670746564865 0.393345266580582 0.396019756793976 0.39869424700737 0.401557207107544 0.404985517263412 0.408413827419281 0.411842107772827 0.415270417928696 0.418698728084564 0.422127038240433 0.425555348396301 0.428378939628601 0.431001007556915 0.433623045682907 0.436245083808899 0.438867151737213 0.441489189863205
-9999 -9999 0.341464012861252 0.343932151794434 0.346400260925293 0.348868370056152 0.351336479187012 0.353804618120193 0.355487316846848 0.356908231973648 0.358329147100449 0.359750062227249 0.36117097735405 0.362591862678528 0.364012777805328 0.3656145632267 0.367758870124817 0.369903177022934 0.372047483921051 0.374191790819168 0.376336097717285 0.378480404615402 0.380624711513519 0.383309215307236 0.386173754930496 0.389038324356079 0.39190286397934 0.394767433404922 0.397632002830505 0.400496542453766 0.403543412685394 0.407137274742126 0.410731106996536 0.414324939250946 0.417918801307678 0.421512633562088 0.425106465816498 0.428700298070908 0.431466549634933 0.433956891298294 0.436447232961655 0.438937604427338 0.441427946090698 0.443918317556381
-9999 -9999 -9999 0.344761073589325 0.34720641374588 0.349651783704758 0.352097153663635 0.354542523622513 0.356191396713257 0.357574760913849 0.358958125114441 0.360341489315033 0.361724853515625 0.363108217716217 0.364491581916809 0.366065949201584 0.368213295936584 0.370360612869263 0.372507959604263 0.374655306339264 0.376802623271942 0.378949970006943 0.381097286939621 0.38385596871376 0.386818468570709 0.389780938625336 0.392743408679962 0.395705878734589 0.398668348789215 0.401630818843842 0.404767453670502 0.408426642417908 0.412085801362991 0.415744960308075 0.419404119253159 0.423063278198242 0.426722437143326 0.430381596088409 0.433208733797073 0.435758531093597 0.438308298587799 0.440858095884323 0.443407863378525 0.445957660675049
-9999 -9999 -9999 -9999 -9999 0.350313454866409 0.352638602256775 0.35496374964714 0.356565713882446 0.357926607131958 0.35928750038147 0.360648393630981 0.362009286880493 0.363370180130005 0.364731073379517 0.366295397281647 0.368470013141632 0.37064465880394 0.372819274663925 0.37499389052391 0.377168506383896 0.379343122243881 0.381517738103867 0.384287595748901 0.387255847454071 0.390224069356918 0.393192321062088 0.396160572767258 0.399128824472427 0.402097076177597 0.405229330062866 0.408853590488434 0.412477880716324 0.416102141141891 0.419726401567459 0.423350661993027 0.426974922418594 0.430599212646484 0.433605521917343 0.436405867338181 0.439206212759018 0.442006558179855 0.444806903600693 0.44760724902153
-9999 -9999 -9999 -9999 -9999 -9999 0.353180080652237 0.355385005474091 0.356940060853958 0.35827848315239 0.359616905450821 0.36095529794693 0.362293720245361 0.363632142543793 0.364970564842224 0.36652484536171 0.368726760149002 0.370928674936295 0.373130559921265 0.375332474708557 0.37753438949585 0.37973627448082 0.381938189268112 0.38471919298172 0.387693226337433 0.390667229890823 0.393641263246536 0.396615296602249 0.39958930015564 0.402563333511353 0.405691206455231 0.409280568361282 0.412869930267334 0.416459321975708 0.42004868388176 0.423638075590134 0.427227437496185 0.430816799402237 0.434002339839935 0.437053233385086 0.440104126930237 0.44315505027771 0.446205943822861 0.449256867170334
-9999 -9999 -9999 -9999 -9999 -9999 -9999 0.355806261301041 0.357314378023148 0.358630329370499 0.35994628071785 0.361262232065201 0.36257815361023 0.363894104957581 0.365210056304932 0.366754293441772 0.368983507156372 0.371212691068649 0.373441874980927 0.375671058893204 0.377900272607803 0.380129456520081 0.382358640432358 0.385150790214539 0.388130605220795 0.391110390424728 0.394090205430984 0.397069990634918 0.400049805641174 0.403029590845108 0.406153053045273 0.409707546234131 0.413262009620667 0.416816502809525 0.42037096619606 0.423925459384918 0.427479922771454 0.431034415960312 0.434399127960205 0.437700599431992 0.441002041101456 0.444303512573242 0.447604984045029 0.450906455516815
-9999 -9999 -9999 -9999 -9999 -9999 -9999 -9999 0.357688724994659 0.35898220539093 0.360275655984879 0.361569136381149 0.362862586975098 0.364156067371368 0.365449547767639 0.366983741521835 0.36924022436142 0.371496707201004 0.373753190040588 0.376009672880173 0.378266125917435 0.380522608757019 0.382779091596603 0.385582387447357 0.388567984104156 0.391553550958633 0.39453911781311 0.397524684667587 0.400510281324387 0.403495848178864 0.406614929437637 0.410134524106979 0.413654088973999 0.417173683643341 0.420693248510361 0.424212843179703 0.427732437849045 0.431252002716064 0.434795916080475 0.438347935676575 0.441899985074997 0.445452004671097 0.449004024267197 0.452556043863297
-9999 -9999 -9999 -9999 -9999 -9999 -9999 -9999 -9999 0.359334051609039 0.360605031251907 0.361876040697098 0.363147020339966 0.364418029785156 0.365689009428024 0.367213219404221 0.36949697136879 0.371780723333359 0.37406450510025 0.376348257064819 0.378632009029388 0.38091579079628 0.383199542760849 0.386013984680176 0.389005362987518 0.391996711492538 0.394988059997559 0.397979408502579 0.400970757007599 0.403962105512619 0.407076805830002 0.410561472177505 0.414046168327332 0.417530864477158 0.421015560626984 0.424500226974487 0.427984923124313 0.431469619274139 0.435192734003067 0.43899530172348 0.442797899246216 0.446600466966629 0.450403064489365 0.454205632209778
-9999 -9999 -9999 -9999 -9999 -9999 -9999 -9999 -9999 -9999 0.361247658729553 0.362502634525299 0.363757640123367 0.365012615919113 0.366267591714859 0.367778271436691 0.370055884122849 0.372333526611328 0.374611169099808 0.376888811588287 0.379166454076767 0.381444096565247 0.383721739053726 0.386513441801071 0.389476537704468 0.392439603805542 0.395402669906616 0.39836573600769 0.401328831911087 0.404291898012161 0.407380670309067 0.410846531391144 0.414312422275543 0.41777828335762 0.421244144439697 0.424710035324097 0.428175896406174 0.431641757488251 0.435456454753876 0.439387381076813 0.443318337202072 0.447249263525009 0.451180219650269 0.455111145973206
-9999 -9999 -9999 -9999 -9999 -9999 -9999 -9999 -9999 -9999 -9999 -9999 -9999 -9999 -9999 0.36867892742157 0.370917022228241 0.373155146837234 0.375393241643906 0.377631366252899 0.37986946105957 0.382107585668564 0.384345680475235 0.387080758810043 0.389981508255005 0.392882257699966 0.395782977342606 0.398683726787567 0.401584476232529 0.404485195875168 0.407526552677155 0.410989671945572 0.414452821016312 0.417915940284729 0.421379059553146 0.424842208623886 0.428305327892303 0.431768476963043 0.435587078332901 0.439524173736572 0.443461269140244 0.447398394346237 0.451335489749908 0.45527258515358
-9999 -9999 -9999 -9999 -9999 -9999 -9999 -9999 -9999 -9999 -9999 -9999 -9999 -9999 -9999 0.369579583406448 0.371778160333633 0.373976737260818 0.376175314188004 0.378373891115189 0.380572468042374 0.382771044969559 0.384969651699066 0.387648075819016 0.390486508607864 0.393324911594391 0.396163314580917 0.399001717567444 0.40184012055397 0.404678523540497 0.40767240524292 0.4111328125 0.41459321975708 0.418053597211838 0.421514004468918 0.424974381923676 0.428434789180756 0.431895166635513 0.435717731714249 0.439660966396332 0.443604230880737 0.447547495365143 0.451490759849548 0.455434024333954
-9999 -9999 -9999 -9999 -9999 -9999 -9999 -9999 -9999 -9999 -9999 -9999 -9999 -9999 -9999 0.370480239391327 0.372639268636703 0.374798327684402 0.376957386732101 0.3791164457798 0.381275475025177 0.383434534072876 0.385593593120575 0.388215392827988 0.390991479158401 0.393767535686493 0.396543622016907 0.399319678544998 0.402095764875412 0.404871821403503 0.407818287611008 0.411275953054428 0.414733618497849 0.418191254138947 0.421648919582367 0.425106585025787 0.428564220666885 0.432021886110306 0.435848355293274 0.439797788858414 0.443747192621231 0.447696596384048 0.451646029949188 0.455595433712006
-9999 -9999 -9999 -9999 -9999 -9999 -9999 -9999 -9999 -9999 -9999 -9999 -9999 -9999 -9999 0.371380895376205 0.373500406742096 0.375619918107986 0.377739459276199 0.37985897064209 0.38197848200798 0.384098023176193 0.386217534542084 0.38878270983696 0.391496449708939 0.394210189580917 0.396923929452896 0.399637669324875 0.402351409196854 0.405065149068832 0.407964169979095 0.411419093608856 0.414874017238617 0.418328911066055 0.421783834695816 0.425238758325577 0.428693681955338 0.432148575782776 0.435979008674622 0.439934581518173 0.443890154361725 0.447845727205276 0.451801300048828 0.45575687289238
-9999 -9999 -9999 -9999 -9999 -9999 -9999 -9999 -9999 -9999 -9999 -9999 -9999 -9999 -9999 0.372281551361084 0.374361544847488 0.376441538333893 0.378521531820297 0.380601525306702 0.382681518793106 0.384761482477188 0.386841475963593 0.389350026845932 0.392001450061798 0.394652843475342 0.397304236888885 0.399955660104752 0.402607053518295 0.405258446931839 0.408110052347183 0.411562234163284 0.415014415979385 0.418466597795486 0.421918749809265 0.425370931625366 0.428823113441467 0.432275295257568 0.436109632253647 0.440071374177933 0.444033116102219 0.447994828224182 0.451956570148468 0.455918312072754
-9999 -9999 -9999 -9999 -9999 -9999 -9999 -9999 -9999 -9999 -9999 -9999 -9999 -9999 -9999 -9999 0.375543236732483 0.377575695514679 0.379608154296875 0.381640613079071 0.383673071861267 0.385705530643463 0.387737989425659 0.390165567398071 0.392724901437759 0.395284205675125 0.397843539714813 0.400402873754501 0.402962177991867 0.405521512031555 0.408293724060059 0.41170471906662 0.415115714073181 0.41852667927742 0.421937674283981 0.425348669290543 0.428759634494781 0.432170629501343 0.435984075069427 0.439931660890579 0.443879276514053 0.447826862335205 0.451774448156357 0.455722033977509
-9999 -9999 -9999 -9999 -9999 -9999 -9999 -9999 -9999 -9999 -9999 -9999 -9999 -9999 -9999 -9999 -9999 0.379022389650345 0.38099929690361 0.382976233959198 0.384953171014786 0.386930078268051 0.388907015323639 0.3912293612957 0.393666833639145 0.396104335784912 0.398541808128357 0.400979280471802 0.403416782617569 0.405854254961014 0.408515214920044 0.411846548318863 0.415177911520004 0.418509244918823 0.421840578317642 0.425171911716461 0.428503274917603 0.431834608316422 0.435602307319641 0.439515471458435 0.443428635597229 0.447341769933701 0.451254934072495 0.455168098211288
