resources/Exp000_Example-Run/Run01_M2/TimeSeries/2015/selection_set/cldtot_avg.asc
NCOLS 265 
NROWS 230 
XLLCORNER -115.5625 
YLLCORNER 24.8333333333333 
CELLSIZE 0.0833333333333333 
NODATA_value -9999 
[rows 40 to 59 of 230, columns 132 to 175 of 265]
0.43075105547905 0.430669635534286 0.43059104681015 0.430521011352539 0.430450946092606 0.430380910634995 0.430310875177383 0.43024080991745 0.430170774459839 0.430100739002228 0.429132282733917 0.427864372730255 0.426596432924271 0.425328522920609 0.424060612916946 0.422792673110962 0.4215247631073 0.420866757631302 0.422038525342941 0.423210293054581 0.424382030963898 0.425553798675537 0.426725566387177 0.427897304296494 0.429069072008133 0.42868384718895 0.427779644727707 0.426875442266464 0.425971239805222 0.425067037343979 0.424162805080414 0.423258602619171 0.422748863697052 0.423422425985336 0.424096018075943 0.42476961016655 0.425443202257156 0.426116794347763 0.426790356636047 0.427463948726654 0.427621394395828 0.427606761455536 0.427592158317566 0.427577525377274
0.428168475627899 0.427955955266953 0.427827775478363 0.42795267701149 0.428077578544617 0.428202480077744 0.42832738161087 0.428452283143997 0.428577184677124 0.428702086210251 0.427723050117493 0.426376044750214 0.425029069185257 0.423682063817978 0.422335058450699 0.42098805308342 0.419641047716141 0.418961137533188 0.420282483100891 0.421603828668594 0.422925174236298 0.424246519804001 0.425567865371704 0.426889210939407 0.428210556507111 0.427820682525635 0.426860362291336 0.42590007185936 0.424939781427383 0.423979490995407 0.423019200563431 0.422058910131454 0.421516895294189 0.422229766845703 0.422942608594894 0.423655480146408 0.424368321895599 0.425081163644791 0.425794035196304 0.426506876945496 0.42666745185852 0.426643937826157 0.426620423793793 0.426596909761429
0.425873965024948 0.425497949123383 0.425271302461624 0.425492763519287 0.425714194774628 0.425935655832291 0.426157116889954 0.426378548145294 0.426600009202957 0.42682147026062 0.425910204648972 0.424621373414993 0.423332542181015 0.422043710947037 0.420754879713058 0.41946604847908 0.418177217245102 0.41755199432373 0.418917655944824 0.420283317565918 0.421649008989334 0.423014670610428 0.424380332231522 0.425745993852615 0.427111655473709 0.426706284284592 0.425710588693619 0.424714863300323 0.423719167709351 0.422723442316055 0.421727746725082 0.420732021331787 0.420165240764618 0.420885115861893 0.42160502076149 0.422324925661087 0.423044830560684 0.423764735460281 0.424484640359879 0.425204545259476 0.425362765789032 0.425333738327026 0.425304710865021 0.425275683403015
0.423867493867874 0.423295646905899 0.422921627759933 0.423141241073608 0.423360854387283 0.423580467700958 0.423800081014633 0.424019664525986 0.424239277839661 0.424458891153336 0.423693716526031 0.422600299119949 0.42150691151619 0.420413494110107 0.419320076704025 0.418226659297943 0.417133241891861 0.416639357805252 0.417944073677063 0.419248789548874 0.420553505420685 0.421858221292496 0.423162937164307 0.424467653036118 0.425772368907928 0.425340712070465 0.42433026432991 0.423319816589355 0.422309339046478 0.421298891305923 0.420288443565369 0.419277995824814 0.418693840503693 0.419388562440872 0.420083284378052 0.420778006315231 0.421472728252411 0.422167479991913 0.422862201929092 0.423556923866272 0.423707246780396 0.423676133155823 0.423644989728928 0.423613846302032
0.4218610227108 0.421093314886093 0.420571982860565 0.420789748430252 0.421007513999939 0.421225249767303 0.42144301533699 0.421660780906677 0.421878546476364 0.422096312046051 0.421477258205414 0.420579254627228 0.419681251049042 0.418783277273178 0.417885273694992 0.416987270116806 0.416089296340942 0.415726721286774 0.416970491409302 0.41821426153183 0.419458031654358 0.420701801776886 0.421945571899414 0.423189342021942 0.42443311214447 0.423975139856339 0.422949939966202 0.421924740076065 0.420899540185928 0.419874340295792 0.418849140405655 0.417823940515518 0.417222440242767 0.417891979217529 0.418561547994614 0.419231086969376 0.419900625944138 0.420570194721222 0.421239733695984 0.421909302473068 0.422051757574081 0.422018498182297 0.421985268592834 0.42195200920105
0.419854551553726 0.41889101266861 0.418222337961197 0.418438255786896 0.418654143810272 0.418870061635971 0.41908597946167 0.419301897287369 0.419517815113068 0.419733703136444 0.419260770082474 0.418558180332184 0.417855620384216 0.417153030633926 0.416450470685959 0.415747880935669 0.415045320987701 0.414814084768295 0.41599690914154 0.417179733514786 0.418362557888031 0.419545382261276 0.420728206634521 0.421911031007767 0.42309382557869 0.422609567642212 0.421569645404816 0.420529693365097 0.419489741325378 0.41844978928566 0.417409837245941 0.416369885206223 0.415751039981842 0.416395395994186 0.417039781808853 0.41768416762352 0.418328553438187 0.418972909450531 0.419617295265198 0.420261681079865 0.420396268367767 0.420360893011093 0.420325547456741 0.420290172100067
0.417848080396652 0.416688710451126 0.415872663259506 0.416086733341217 0.416300803422928 0.416514873504639 0.41672894358635 0.41694301366806 0.417157053947449 0.41737112402916 0.417044281959534 0.416537135839462 0.416029989719391 0.415522813796997 0.415015667676926 0.414508521556854 0.41400134563446 0.413901448249817 0.415023326873779 0.416145205497742 0.417267084121704 0.418388962745667 0.419510811567307 0.420632690191269 0.421754568815231 0.421244025230408 0.420189321041107 0.419134616851807 0.418079912662506 0.417025238275528 0.415970534086227 0.414915829896927 0.414279639720917 0.414898842573166 0.415518045425415 0.416137248277664 0.416756451129913 0.417375653982162 0.417994856834412 0.418614059686661 0.418740749359131 0.41870328783989 0.418665826320648 0.418628334999084
0.415841609239578 0.41448637843132 0.413523018360138 0.413735240697861 0.413947463035583 0.414159685373306 0.414371907711029 0.414584100246429 0.414796322584152 0.415008544921875 0.414827793836594 0.414516061544418 0.414204329252243 0.413892596960068 0.413580864667892 0.413269132375717 0.412957400083542 0.412988841533661 0.414049744606018 0.415110677480698 0.416171610355377 0.417232513427734 0.418293446302414 0.419354379177094 0.420415282249451 0.419878453016281 0.418808996677399 0.417739570140839 0.416670113801956 0.415600687265396 0.414531230926514 0.413461804389954 0.412808239459991 0.413402259349823 0.413996279239655 0.414590328931808 0.41518434882164 0.415778368711472 0.416372418403625 0.416966438293457 0.417085260152817 0.417045682668686 0.417006105184555 0.416966497898102
0.414677828550339 0.413194060325623 0.412132143974304 0.412335813045502 0.412539482116699 0.412743151187897 0.412946820259094 0.413150459527969 0.413354128599167 0.413557797670364 0.413424670696259 0.413179248571396 0.412933826446533 0.412688404321671 0.412442982196808 0.412197589874268 0.411952167749405 0.412015348672867 0.413004338741302 0.413993299007416 0.414982289075851 0.415971249341965 0.4169602394104 0.417949199676514 0.418938189744949 0.418411672115326 0.417379975318909 0.416348308324814 0.415316611528397 0.414284914731979 0.413253247737885 0.412221550941467 0.411587983369827 0.412148684263229 0.412709414958954 0.413270115852356 0.41383084654808 0.414391547441483 0.414952278137207 0.415512979030609 0.415638655424118 0.415619343519211 0.415600001811981 0.415580660104752
0.414356738328934 0.412811696529388 0.411700040102005 0.41188845038414 0.412076860666275 0.41226527094841 0.412453681230545 0.41264209151268 0.412830501794815 0.41301891207695 0.412834852933884 0.412526667118073 0.412218451499939 0.411910265684128 0.411602050065994 0.411293864250183 0.410985678434372 0.410981029272079 0.411887049674988 0.412793099880219 0.413699120283127 0.414605140686035 0.415511190891266 0.416417211294174 0.417323231697083 0.416843682527542 0.415902256965637 0.414960831403732 0.414019405841827 0.413077980279922 0.412136554718018 0.411195129156113 0.410618871450424 0.411138117313385 0.411657392978668 0.412176638841629 0.412695914506912 0.413215160369873 0.413734436035156 0.414253681898117 0.414400964975357 0.414424270391464 0.414447546005249 0.414470821619034
0.414035648107529 0.412429362535477 0.411267936229706 0.411441087722778 0.411614239215851 0.411787390708923 0.411960542201996 0.412133693695068 0.412306845188141 0.412479996681213 0.412245035171509 0.411874055862427 0.411503076553345 0.411132097244263 0.410761117935181 0.410390138626099 0.410019159317017 0.409946709871292 0.410769790410995 0.411592870950699 0.412415951490402 0.413239032030106 0.414062142372131 0.414885222911835 0.415708303451538 0.415275692939758 0.414424538612366 0.413573354482651 0.412722200155258 0.411871016025543 0.411019861698151 0.410168677568436 0.409649759531021 0.410127580165863 0.410605370998383 0.411083191633224 0.411560982465744 0.412038803100586 0.412516593933105 0.412994414567947 0.413163274526596 0.413229197263718 0.413295090198517 0.413360983133316
0.413714557886124 0.412047028541565 0.410835832357407 0.410993725061417 0.411151617765427 0.411309510469437 0.411467403173447 0.411625295877457 0.411783188581467 0.411941081285477 0.411655247211456 0.411221474409103 0.41078770160675 0.41035395860672 0.409920185804367 0.409486413002014 0.409052670001984 0.408912390470505 0.409652531147003 0.410392671823502 0.4111328125 0.411872953176498 0.412613093852997 0.413353234529495 0.414093375205994 0.413707703351974 0.412946820259094 0.412185907363892 0.411424994468689 0.410664081573486 0.409903168678284 0.409142255783081 0.408680647611618 0.409117013216019 0.409553349018097 0.409989714622498 0.410426050424576 0.410862416028976 0.411298751831055 0.411735117435455 0.411925584077835 0.412034124135971 0.412142634391785 0.412251144647598
0.413393467664719 0.411664664745331 0.410403728485107 0.410546362400055 0.410688996315002 0.41083163022995 0.410974264144897 0.411116898059845 0.411259531974792 0.41140216588974 0.411065429449081 0.41056889295578 0.410072356462479 0.409575790166855 0.409079253673553 0.408582717180252 0.408086150884628 0.407878041267395 0.408535242080688 0.409192442893982 0.409849643707275 0.410506844520569 0.411164045333862 0.411821216344833 0.412478417158127 0.412139743566513 0.4114690721035 0.41079843044281 0.41012778878212 0.409457117319107 0.408786475658417 0.408115833997726 0.407711565494537 0.408106446266174 0.408501356840134 0.408896237611771 0.40929114818573 0.409686028957367 0.410080939531326 0.410475820302963 0.410687893629074 0.410839051008224 0.410990178585052 0.41114130616188
0.413072377443314 0.411282330751419 0.409971624612808 0.410098999738693 0.410226374864578 0.410353749990463 0.410481125116348 0.410608530044556 0.410735905170441 0.410863280296326 0.410475611686707 0.409916311502457 0.409356981515884 0.408797651529312 0.40823832154274 0.407678991556168 0.407119661569595 0.406843721866608 0.407417982816696 0.407992243766785 0.408566474914551 0.409140735864639 0.409714996814728 0.410289227962494 0.410863488912582 0.410571753978729 0.409991353750229 0.409410953521729 0.408830583095551 0.40825018286705 0.40766978263855 0.407089382410049 0.406742453575134 0.40709587931633 0.407449334859848 0.407802760601044 0.408156216144562 0.408509641885757 0.408863097429276 0.409216523170471 0.409450203180313 0.409643948078156 0.40983772277832 0.410031467676163
0.413571357727051 0.411775797605515 0.410425812005997 0.410412430763245 0.410399049520493 0.410385698080063 0.410372316837311 0.410358935594559 0.410345584154129 0.410332202911377 0.409918040037155 0.409370303153992 0.408822536468506 0.40827476978302 0.407727003097534 0.407179266214371 0.406631499528885 0.406328320503235 0.406758844852448 0.407189399003983 0.407619923353195 0.408050447702408 0.408481001853943 0.408911526203156 0.409342050552368 0.409079700708389 0.408586382865906 0.4080930352211 0.407599717378616 0.407106399536133 0.406613051891327 0.406119734048843 0.405821830034256 0.406110167503357 0.406398504972458 0.406686842441559 0.40697517991066 0.407263517379761 0.407551854848862 0.407840192317963 0.408092886209488 0.40833368897438 0.408574491739273 0.408815264701843
0.414890348911285 0.41314509510994 0.41176626086235 0.411486655473709 0.411207050085068 0.410927414894104 0.410647809505463 0.410368204116821 0.41008859872818 0.409808993339539 0.409392684698105 0.408930867910385 0.408469021320343 0.408007174730301 0.407545357942581 0.407083511352539 0.406621664762497 0.406331807374954 0.406557857990265 0.406783908605576 0.407009959220886 0.407236009836197 0.407462060451508 0.407688111066818 0.407914161682129 0.407663583755493 0.407254129648209 0.406844675540924 0.40643522143364 0.406025767326355 0.40561631321907 0.405206859111786 0.40494966506958 0.40514925122261 0.405348837375641 0.405548423528671 0.405748039484024 0.405947625637054 0.406147211790085 0.406346827745438 0.406615912914276 0.406908184289932 0.407200455665588 0.407492727041245
0.416209369897842 0.414514392614365 0.413106709718704 0.412560850381851 0.412015020847321 0.411469161510468 0.410923302173615 0.410377442836761 0.409831613302231 0.409285753965378 0.408867359161377 0.408491432666779 0.40811550617218 0.407739579677582 0.407363682985306 0.406987756490707 0.406611829996109 0.406335294246674 0.40635684132576 0.406378418207169 0.406399995088577 0.406421542167664 0.406443119049072 0.406464695930481 0.406486243009567 0.406247466802597 0.405921876430511 0.405596286058426 0.405270725488663 0.404945135116577 0.404619544744492 0.404293954372406 0.404077500104904 0.404188334941864 0.404299199581146 0.404410034418106 0.404520899057388 0.404631733894348 0.40474259853363 0.40485343337059 0.405138969421387 0.405482709407806 0.405826449394226 0.406170189380646
0.417528390884399 0.415883719921112 0.41444718837738 0.413635075092316 0.412822991609573 0.412010908126831 0.411198794841766 0.410386711359024 0.409574627876282 0.408762514591217 0.408342003822327 0.408051997423172 0.407761991024017 0.407472014427185 0.40718200802803 0.406892001628876 0.406601995229721 0.406338781118393 0.406155854463577 0.405972927808762 0.405790030956268 0.405607104301453 0.405424177646637 0.405241280794144 0.405058354139328 0.404831349849701 0.404589623212814 0.40434792637825 0.404106199741364 0.403864502906799 0.403622806072235 0.403381079435349 0.403205335140228 0.403227418661118 0.403249531984329 0.403271645307541 0.40329372882843 0.403315842151642 0.403337955474854 0.403360068798065 0.403661996126175 0.404057204723358 0.404452443122864 0.404847651720047
0.418847411870956 0.417253017425537 0.415787637233734 0.41470929980278 0.413630962371826 0.412552624940872 0.411474287509918 0.410395950078964 0.409317642450333 0.408239305019379 0.407816648483276 0.407612562179565 0.407408505678177 0.407204419374466 0.407000333070755 0.406796246767044 0.406592160463333 0.406342267990112 0.405954867601395 0.405567467212677 0.405180066823959 0.404792666435242 0.404405266046524 0.404017865657806 0.403630465269089 0.403415232896805 0.40325739979744 0.403099536895752 0.402941703796387 0.402783870697021 0.402626037597656 0.402468204498291 0.402333170175552 0.402266532182693 0.402199894189835 0.402133226394653 0.402066588401794 0.401999950408936 0.401933312416077 0.401866674423218 0.402185022830963 0.402631729841232 0.403078436851501 0.403525114059448
0.420166432857513 0.418622314929962 0.417128086090088 0.415783524513245 0.414438933134079 0.413094371557236 0.41174978017807 0.410405218601227 0.409060657024384 0.407716065645218 0.407291293144226 0.407173156738281 0.407054990530014 0.406936824321747 0.40681865811348 0.406700491905212 0.406582325696945 0.406345754861832 0.40575385093689 0.40516197681427 0.40457010269165 0.403978198766708 0.403386324644089 0.402794420719147 0.402202546596527 0.401999115943909 0.401925146579742 0.401851177215576 0.40177720785141 0.401703238487244 0.401629269123077 0.401555329561234 0.401461005210876 0.401305615901947 0.401150226593018 0.400994837284088 0.400839447975159 0.400684058666229 0.4005286693573 0.40037328004837 0.400708079338074 0.401206254959106 0.401704400777817 0.40220257639885
