resources/Exp000_Example-Run/Run01_M2/TimeSeries/2015/selection_set/cldtot_avg.asc
NCOLS 265 
NROWS 230 
XLLCORNER -115.5625 
YLLCORNER 24.8333333333333 
CELLSIZE 0.0833333333333333 
NODATA_value -9999 
[rows 20 to 39 of 230, columns 176 to 219 of 265]
0.450946420431137 0.451042145490646 0.451137900352478 0.451276391744614 0.451543152332306 0.451809912919998 0.452076703310013 0.452343463897705 0.452610224485397 0.45287698507309 0.453143775463104 0.453630477190018 0.454190492630005 0.454750508069992 0.455310523509979 0.455870538949966 0.456430554389954 0.456990569829941 0.457587867975235 0.458297044038773 0.45900622010231 0.45971542596817 0.460424602031708 0.461133778095245 0.461842954158783 0.462552130222321 0.463086545467377 0.463562697172165 0.464038848876953 0.464515000581741 0.46499115228653 0.465467303991318 0.465943485498428 0.466570854187012 0.467651844024658 0.468732833862305 0.469813823699951 0.470894813537598 0.471975803375244 0.473056793212891 0.474137783050537 0.474659949541092 0.474995821714401 0.475331693887711
0.450090199708939 0.45018869638443 0.450287222862244 0.450419455766678 0.450652897357941 0.450886338949203 0.451119780540466 0.451353222131729 0.451586663722992 0.451820105314255 0.452053546905518 0.452559024095535 0.453155159950256 0.453751295804977 0.454347431659698 0.45494356751442 0.455539703369141 0.456135839223862 0.456768184900284 0.457509189844131 0.458250164985657 0.458991140127182 0.459732115268707 0.460473090410233 0.461214065551758 0.461955040693283 0.462563872337341 0.463128685951233 0.463693469762802 0.464258253574371 0.464823037385941 0.46538782119751 0.465952605009079 0.466603636741638 0.46751344203949 0.468423247337341 0.469333052635193 0.470242857933044 0.471152663230896 0.472062468528748 0.472972273826599 0.473553359508514 0.47402486205101 0.474496364593506
0.44923397898674 0.449335247278214 0.449436545372009 0.449562549591064 0.449762642383575 0.449962764978409 0.450162887573242 0.450363010168076 0.450563102960587 0.45076322555542 0.450963348150253 0.451487571001053 0.452119827270508 0.452752083539963 0.453384339809418 0.454016596078873 0.45464888215065 0.455281138420105 0.455948531627655 0.456721305847168 0.457494080066681 0.458266854286194 0.459039628505707 0.459812432527542 0.460585206747055 0.461357980966568 0.462041229009628 0.462694644927979 0.463348060846329 0.464001476764679 0.464654922485352 0.465308338403702 0.465961754322052 0.466636449098587 0.467375069856644 0.4681136906147 0.468852281570435 0.469590902328491 0.470329493284225 0.471068114042282 0.471806734800339 0.472446739673615 0.473053902387619 0.473661035299301
0.448377728462219 0.448481798171997 0.448585867881775 0.448705613613129 0.448872417211533 0.449039191007614 0.449205994606018 0.4493727684021 0.449539542198181 0.449706345796585 0.449873119592667 0.45041611790657 0.451084494590759 0.451752871274948 0.452421247959137 0.453089654445648 0.453758031129837 0.454426407814026 0.455128848552704 0.455933421850204 0.456737995147705 0.457542568445206 0.458347171545029 0.459151744842529 0.45995631814003 0.460760921239853 0.461518585681915 0.462260633707047 0.463002681732178 0.463744729757309 0.46448677778244 0.465228825807571 0.465970873832703 0.466669261455536 0.467236697673798 0.467804104089737 0.468371510505676 0.468938946723938 0.469506353139877 0.470073759555817 0.470641195774078 0.471340149641037 0.472082942724228 0.472825735807419
0.447324961423874 0.447449088096619 0.447573214769363 0.447712928056717 0.447899341583252 0.448085784912109 0.448272198438644 0.448458641767502 0.448645085096359 0.448831498622894 0.449017941951752 0.449564754962921 0.450231701135635 0.450898677110672 0.451565623283386 0.452232599258423 0.452899545431137 0.453566521406174 0.454269498586655 0.455080479383469 0.455891460180283 0.456702470779419 0.457513451576233 0.458324462175369 0.459135442972183 0.459946423768997 0.460729092359543 0.461502283811569 0.462275475263596 0.463048666715622 0.463821858167648 0.464595049619675 0.465368270874023 0.466068178415298 0.466548323631287 0.467028468847275 0.467508584260941 0.467988729476929 0.468468874692917 0.468948990106583 0.469429135322571 0.470163971185684 0.470983743667603 0.471803486347198
0.446075648069382 0.446237117052078 0.446398615837097 0.446584463119507 0.446843504905701 0.447102546691895 0.447361588478088 0.447620630264282 0.447879672050476 0.448138684034348 0.448397725820541 0.448933482170105 0.449561476707458 0.450189471244812 0.450817465782166 0.451445460319519 0.452073454856873 0.452701449394226 0.453370451927185 0.45416247844696 0.454954475164413 0.455746501684189 0.456538528203964 0.457330524921417 0.458122551441193 0.458914577960968 0.459672719240189 0.460419595241547 0.461166441440582 0.461913287639618 0.462660163640976 0.463407009840012 0.46415388584137 0.464833199977875 0.465309977531433 0.465786755084991 0.466263502836227 0.466740280389786 0.467217028141022 0.46769380569458 0.468170583248138 0.468918293714523 0.469756335020065 0.470594376325607
0.44482633471489 0.44502517580986 0.445223987102509 0.445455998182297 0.445787668228149 0.44611930847168 0.44645094871521 0.44678258895874 0.447114259004593 0.447445899248123 0.447777539491653 0.448302209377289 0.448891252279282 0.449480295181274 0.450069308280945 0.450658351182938 0.451247364282608 0.451836407184601 0.452471435070038 0.453244477510452 0.454017519950867 0.454790562391281 0.455563575029373 0.456336617469788 0.457109659910202 0.457882702350616 0.458616346120834 0.459336876869202 0.460057407617569 0.460777938365936 0.461498439311981 0.462218970060349 0.462939500808716 0.463598221540451 0.46407163143158 0.464545041322708 0.465018421411514 0.465491831302643 0.465965211391449 0.466438621282578 0.466912001371384 0.46767258644104 0.468528896570206 0.469385236501694
0.443577021360397 0.44381320476532 0.44404935836792 0.444327563047409 0.444731801748276 0.445136070251465 0.445540308952332 0.445944577455521 0.44634884595871 0.446753084659576 0.447157353162766 0.447670966386795 0.448221027851105 0.448771089315414 0.449321150779724 0.449871212244034 0.450421273708344 0.450971335172653 0.451572388410568 0.452326476573944 0.453080534934998 0.453834593296051 0.454588651657104 0.455342710018158 0.456096768379211 0.456850856542587 0.457560002803802 0.458254188299179 0.458948373794556 0.459642559289932 0.460336744785309 0.461030930280685 0.461725115776062 0.46236327290535 0.462833285331726 0.463303297758102 0.463773339986801 0.464243352413177 0.464713394641876 0.465183407068253 0.465653449296951 0.466426908969879 0.467301487922668 0.46817609667778
0.442327708005905 0.442601233720779 0.442874729633331 0.443199098110199 0.443675965070724 0.44415283203125 0.444629698991776 0.445106565952301 0.445583432912827 0.446060299873352 0.446537166833878 0.447039693593979 0.447550803422928 0.448061883449554 0.448572993278503 0.44908407330513 0.449595183134079 0.450106292963028 0.450673371553421 0.451408445835114 0.452143549919128 0.452878624200821 0.453613728284836 0.454348802566528 0.455083876848221 0.455818980932236 0.456503629684448 0.457171499729156 0.457839339971542 0.458507180213928 0.459175020456314 0.459842890501022 0.460510730743408 0.461128294467926 0.461594939231873 0.462061583995819 0.462528258562088 0.462994903326035 0.463461577892303 0.46392822265625 0.464394867420197 0.465181201696396 0.466074079275131 0.466966956853867
0.441078394651413 0.441389262676239 0.441700130701065 0.442070633172989 0.442620128393173 0.443169593811035 0.443719059228897 0.444268524646759 0.444818019866943 0.445367485284805 0.445916950702667 0.446408420801163 0.446880549192429 0.447352677583694 0.447824835777283 0.448296964168549 0.448769092559814 0.44924122095108 0.449774354696274 0.450490444898605 0.451206564903259 0.451922684907913 0.452638775110245 0.453354895114899 0.454071015119553 0.454787105321884 0.455447286367416 0.456088781356812 0.456730306148529 0.457371801137924 0.458013325929642 0.458654850721359 0.459296345710754 0.459893316030502 0.460356593132019 0.460819870233536 0.461283177137375 0.461746454238892 0.462209731340408 0.462673038244247 0.463136315345764 0.463935494422913 0.464846670627594 0.465757817029953
0.439750581979752 0.440054774284363 0.440358966588974 0.440734565258026 0.441324442625046 0.441914290189743 0.44250413775444 0.44309401512146 0.443683862686157 0.444273710250854 0.444863587617874 0.445368736982346 0.445845633745193 0.446322560310364 0.446799486875534 0.447276383638382 0.447753310203552 0.4482302069664 0.448766440153122 0.449480533599854 0.450194656848907 0.450908780097961 0.451622873544693 0.452336996793747 0.453051120042801 0.453765213489532 0.45443469285965 0.455089271068573 0.455743849277496 0.45639842748642 0.457053005695343 0.457707613706589 0.458362191915512 0.458971202373505 0.459443479776382 0.459915786981583 0.46038806438446 0.460860371589661 0.461332648992538 0.461804926395416 0.462277233600616 0.463052988052368 0.463929861783981 0.464806765317917
0.438344240188599 0.438597738742828 0.438851237297058 0.439190894365311 0.439788907766342 0.440386921167374 0.440984934568405 0.441582977771759 0.44218099117279 0.442779004573822 0.443377017974854 0.443920612335205 0.444446057081223 0.44497150182724 0.445496946573257 0.446022391319275 0.446547836065292 0.44707328081131 0.447649627923965 0.448378711938858 0.449107825756073 0.449836909770966 0.450566023588181 0.451295107603073 0.452024191617966 0.452753305435181 0.45346587896347 0.454172939062119 0.454879999160767 0.455587059259415 0.456294119358063 0.457001179456711 0.457708239555359 0.458361953496933 0.458855628967285 0.459349274635315 0.459842950105667 0.460336625576019 0.460830301046371 0.461323946714401 0.461817622184753 0.462533622980118 0.463323712348938 0.464113801717758
0.436937898397446 0.437140733003616 0.437343537807465 0.437647193670273 0.438253372907639 0.438859552145004 0.43946573138237 0.440071940422058 0.440678119659424 0.44128429889679 0.441890478134155 0.442472487688065 0.443046450614929 0.443620443344116 0.444194406270981 0.444768369197845 0.44534233212471 0.445916324853897 0.446532815694809 0.447276890277863 0.448020964860916 0.448765069246292 0.449509143829346 0.450253218412399 0.450997292995453 0.451741397380829 0.452497065067291 0.453256607055664 0.454016149044037 0.454775661230087 0.45553520321846 0.456294745206833 0.457054287195206 0.457752704620361 0.458267748355865 0.45878279209137 0.459297835826874 0.459812879562378 0.460327923297882 0.460842967033386 0.46135801076889 0.462014257907867 0.462717533111572 0.4634208381176
0.435531556606293 0.435683697462082 0.435835838317871 0.436103522777557 0.436717867851257 0.437332212924957 0.437946557998657 0.438560873270035 0.439175218343735 0.439789563417435 0.440403908491135 0.441024363040924 0.441646873950958 0.44226935505867 0.442891865968704 0.443514376878738 0.44413685798645 0.444759368896484 0.445416003465652 0.446175068616867 0.446934133768082 0.447693198919296 0.448452264070511 0.449211329221725 0.44997039437294 0.450729459524155 0.451528251171112 0.45234027504921 0.453152269124985 0.453964293003082 0.45477631688118 0.455588340759277 0.456400334835052 0.45714345574379 0.457679897546768 0.458216309547424 0.45875272154808 0.459289133548737 0.459825575351715 0.460361987352371 0.460898399353027 0.461494892835617 0.462111383676529 0.462727874517441
0.434125244617462 0.43422669172287 0.434328138828278 0.434559851884842 0.435182332992554 0.435804843902588 0.436427354812622 0.437049835920334 0.437672346830368 0.438294857740402 0.438917338848114 0.439576238393784 0.440247267484665 0.440918296575546 0.441589325666428 0.442260354757309 0.44293138384819 0.443602412939072 0.444299191236496 0.445073246955872 0.445847302675247 0.446621358394623 0.447395414113998 0.448169440031052 0.448943495750427 0.449717551469803 0.450559437274933 0.451423913240433 0.452288419008255 0.453152924776077 0.454017400741577 0.454881906509399 0.455746412277222 0.456534206867218 0.457092016935349 0.457649827003479 0.458207607269287 0.458765417337418 0.459323197603226 0.459881007671356 0.460438817739487 0.460975527763367 0.461505204439163 0.46203488111496
0.432718902826309 0.432769656181335 0.432820409536362 0.433016151189804 0.433646827936172 0.434277474880219 0.434908151626587 0.435538798570633 0.436169475317001 0.436800122261047 0.437430799007416 0.438128113746643 0.438847690820694 0.439567238092422 0.440286785364151 0.441006362438202 0.44172590970993 0.442445456981659 0.443182408809662 0.443971425294876 0.444760471582413 0.445549488067627 0.446338534355164 0.447127550840378 0.447916597127914 0.448705613613129 0.449590623378754 0.450507581233978 0.451424568891525 0.45234152674675 0.453258514404297 0.454175472259521 0.455092459917068 0.455924987792969 0.456504136323929 0.457083314657211 0.457662492990494 0.458241671323776 0.458820849657059 0.459400027990341 0.459979206323624 0.460456162691116 0.460899025201797 0.461341917514801
0.431520968675613 0.431541949510574 0.431562900543213 0.431741565465927 0.432393223047256 0.433044880628586 0.433696538209915 0.434348195791245 0.434999853372574 0.435651540756226 0.436303198337555 0.437023490667343 0.437766671180725 0.438509851694107 0.439253032207489 0.439996212720871 0.440739393234253 0.441482573747635 0.442236095666885 0.443020641803741 0.443805187940598 0.444589734077454 0.44537428021431 0.446158826351166 0.446943342685699 0.447727888822556 0.448614925146103 0.449536144733429 0.450457334518433 0.451378554105759 0.452299773693085 0.453220963478088 0.454142183065414 0.454981505870819 0.455575197935104 0.45616888999939 0.456762611865997 0.457356303930283 0.457949995994568 0.458543717861176 0.459137409925461 0.459609597921371 0.460041284561157 0.460472971200943
0.430531442165375 0.430543541908264 0.430555611848831 0.430736035108566 0.431421548128128 0.432107031345367 0.432792544364929 0.433478057384491 0.43416354060173 0.434849053621292 0.435534566640854 0.436262369155884 0.437004268169403 0.437746167182922 0.438488066196442 0.439229965209961 0.43997186422348 0.440713763237 0.441460311412811 0.442220896482468 0.442981481552124 0.44374206662178 0.444502621889114 0.445263206958771 0.446023792028427 0.446784377098083 0.447632402181625 0.448509603738785 0.449386775493622 0.450263977050781 0.451141178607941 0.452018350362778 0.452895551919937 0.453703790903091 0.454305171966553 0.454906553030014 0.455507934093475 0.456109315156937 0.456710696220398 0.457312077283859 0.457913458347321 0.458435833454132 0.458931922912598 0.459427982568741
0.429541945457458 0.429545104503632 0.429548293352127 0.429730504751205 0.430449843406677 0.431169182062149 0.431888550519943 0.432607889175415 0.433327227830887 0.434046566486359 0.43476590514183 0.435501217842102 0.436241835355759 0.436982452869415 0.437723070383072 0.438463687896729 0.439204305410385 0.439944922924042 0.44068455696106 0.441421151161194 0.44215777516365 0.442894369363785 0.443630993366241 0.444367617368698 0.445104211568832 0.445840835571289 0.446649879217148 0.447483032941818 0.448316216468811 0.449149399995804 0.449982583522797 0.450815767049789 0.45164892077446 0.452426075935364 0.453035145998001 0.453644186258316 0.454253256320953 0.454862296581268 0.455471366643906 0.456080406904221 0.456689476966858 0.457262098789215 0.457822561264038 0.458383023738861
0.42855241894722 0.428546696901321 0.428540974855423 0.428724974393845 0.429478168487549 0.430231362581253 0.430984526872635 0.431737720966339 0.432490915060043 0.433244079351425 0.433997273445129 0.43474006652832 0.435479402542114 0.436218738555908 0.436958074569702 0.437697410583496 0.438436776399612 0.439176112413406 0.439908772706985 0.44062140583992 0.441334068775177 0.442046701908112 0.442759364843369 0.443471997976303 0.444184631109238 0.444897294044495 0.445667326450348 0.446456491947174 0.447245657444 0.448034822940826 0.448823988437653 0.449613153934479 0.450402319431305 0.451148360967636 0.451765120029449 0.45238184928894 0.452998578548431 0.453615307807922 0.454232037067413 0.454848766326904 0.455465495586395 0.456088334321976 0.456713199615479 0.457338064908981
