resources/Exp000_Example-Run/Run01_M2/TimeSeries/2015/selection_set/evpintr_avg.asc
NCOLS 265 
NROWS 230 
XLLCORNER -115.5625 
YLLCORNER 24.8333333333333 
CELLSIZE 0.0833333333333333 
NODATA_value -9999 
[rows 140 to 159 of 230, columns 0 to 45 of 265]
0.731905221939087 0.70934784412384 0.686790466308594 0.664233028888702 0.641675651073456 0.619118273258209 0.596560895442963 0.560249388217926 0.519353210926056 0.478457033634186 0.437560826539993 0.396664649248123 0.355768471956253 0.314872264862061 0.284167498350143 0.284036904573441 0.283906310796738 0.283775717020035 0.283645123243332 0.283514529466629 0.283383965492249 0.283253371715546 0.299242079257965 0.320603907108307 0.341965734958649 0.36332756280899 0.384689390659332 0.406051218509674 0.427413046360016 0.451226383447647 0.482394158840179 0.513561964035034 0.544729769229889 0.575897514820099 0.607065320014954 0.638233125209808 0.669400930404663 0.728263139724731 0.796356797218323 0.864450454711914 0.93254417181015 1.00063788890839 1.06873154640198 1.13682520389557 1.193235039711 1.21459317207336
0.730144083499908 0.71127438545227 0.692404687404633 0.673535048961639 0.654665350914001 0.635795652866364 0.616925954818726 0.579790532588959 0.536566495895386 0.493342489004135 0.450118452310562 0.406894445419312 0.363670408725739 0.320446401834488 0.287804991006851 0.286911398172379 0.286017835140228 0.285124242305756 0.284230679273605 0.283337116241455 0.282443523406982 0.281549960374832 0.297716796398163 0.319570451974869 0.341424077749252 0.363277733325958 0.385131388902664 0.40698504447937 0.428838700056076 0.453246563673019 0.485317170619965 0.517387747764587 0.54945832490921 0.581528961658478 0.613599538803101 0.645670115947723 0.677740693092346 0.739470660686493 0.811087012290955 0.882703363895416 0.954319775104523 1.02593612670898 1.09755253791809 1.16916882991791 1.22856914997101 1.25132131576538
0.728383004665375 0.713200986385345 0.698018968105316 0.682837009429932 0.667654991149902 0.652473032474518 0.637291014194489 0.599331617355347 0.553779780864716 0.508227944374084 0.462676078081131 0.417124211788177 0.371572375297546 0.326020509004593 0.291442483663559 0.289785921573639 0.288129359483719 0.286472797393799 0.284816235303879 0.283159673213959 0.281503111124039 0.279846549034119 0.296191483736038 0.318536967039108 0.340882450342178 0.363227903842926 0.385573387145996 0.407918840646744 0.430264323949814 0.455266773700714 0.488240152597427 0.521213531494141 0.554186940193176 0.587160348892212 0.620133757591248 0.653107166290283 0.686080515384674 0.750678181648254 0.825817227363586 0.900956332683563 0.976095378398895 1.05123448371887 1.1263735294342 1.20151257514954 1.26390337944031 1.2880494594574
0.726621866226196 0.71512758731842 0.703633248806 0.692138969898224 0.680644690990448 0.669150412082672 0.657656073570251 0.618872761726379 0.570993065834045 0.523113369941711 0.4752337038517 0.427354007959366 0.379474312067032 0.33159464597702 0.295079976320267 0.292660415172577 0.29024088382721 0.28782132267952 0.28540176153183 0.282982230186462 0.280562669038773 0.278143107891083 0.294666200876236 0.317503482103348 0.340340793132782 0.363178074359894 0.386015355587006 0.40885266661644 0.431689947843552 0.457286953926086 0.491163164377213 0.525039374828339 0.558915555477142 0.592791736125946 0.626667976379395 0.660544157028198 0.694420337677002 0.761885702610016 0.840547442436218 0.919209241867065 0.997870981693268 1.07653272151947 1.15519452095032 1.23385620117188 1.29923760890961 1.3247777223587
0.71741771697998 0.708837151527405 0.700256645679474 0.691676080226898 0.683095574378967 0.674515008926392 0.665934503078461 0.625331997871399 0.574055552482605 0.522779047489166 0.47150257229805 0.420226126909256 0.36894965171814 0.317673176527023 0.27910703420639 0.27867192029953 0.27823680639267 0.277801662683487 0.277366548776627 0.276931405067444 0.276496291160583 0.276061147451401 0.293264657258987 0.316347718238831 0.339430749416351 0.362513780593872 0.385596841573715 0.408679872751236 0.431762933731079 0.457741171121597 0.492404997348785 0.527068793773651 0.561732649803162 0.596396505832672 0.631060302257538 0.665724158287048 0.700387954711914 0.770863831043243 0.853277087211609 0.93569028377533 1.01810348033905 1.10051667690277 1.18292987346649 1.2653431892395 1.33362352848053 1.35950565338135
0.700770556926727 0.694329857826233 0.687889099121094 0.681448400020599 0.67500764131546 0.668566942214966 0.662126183509827 0.61870938539505 0.56296718120575 0.507224977016449 0.451482743024826 0.395740568637848 0.339998364448547 0.284256160259247 0.243523687124252 0.247820392251015 0.252117097377777 0.256413817405701 0.260710537433624 0.265007227659225 0.269303947687149 0.273600667715073 0.291986882686615 0.315069615840912 0.338152319192886 0.361235052347183 0.38431778550148 0.407400488853455 0.430483222007751 0.45662933588028 0.491965651512146 0.527301907539368 0.562638223171234 0.597974538803101 0.633310794830322 0.668647110462189 0.703983426094055 0.777612566947937 0.864006042480469 0.950399458408356 1.03679287433624 1.12318634986877 1.20957982540131 1.29597330093384 1.36706137657166 1.39223349094391
0.684123396873474 0.679822504520416 0.675521552562714 0.671220660209656 0.666919708251953 0.662618815898895 0.658317923545837 0.612086713314056 0.551878809928894 0.491670846939087 0.431462913751602 0.371254980564117 0.311047047376633 0.25083914399147 0.207940310239792 0.216968864202499 0.225997418165207 0.235025957226753 0.244054511189461 0.253083050251007 0.262111604213715 0.271140158176422 0.29070907831192 0.313791513442993 0.336873918771744 0.359956324100494 0.383038729429245 0.406121134757996 0.429203540086746 0.455517530441284 0.491526305675507 0.527535080909729 0.563543796539307 0.599552571773529 0.635561347007751 0.671570122241974 0.707578837871552 0.784361302852631 0.874734997749329 0.965108692646027 1.05548238754272 1.14585602283478 1.23622965812683 1.32660341262817 1.40049910545349 1.42496120929718
0.667476236820221 0.6653151512146 0.663154065608978 0.660992920398712 0.658831834793091 0.656670689582825 0.654509603977203 0.605464100837708 0.540790438652039 -9999 0.411443084478378 -9999 -9999 0.217422097921371 0.172356948256493 0.186117336153984 0.199877724051476 0.213638111948967 0.227398484945297 0.241158872842789 0.25491926074028 0.268679648637772 0.289431303739548 0.312513411045074 0.335595488548279 0.358677566051483 0.38175967335701 0.404841750860214 0.427923858165741 0.454405725002289 0.491086930036545 0.527768194675446 0.564449369907379 0.601130604743958 0.637811839580536 0.674493074417114 0.711174309253693 0.791110038757324 0.885463953018188 0.979817867279053 1.07417178153992 1.16852569580078 1.26287961006165 1.35723352432251 1.43393695354462 1.45768892765045
0.650829076766968 0.650807797908783 0.650786519050598 0.650765180587769 0.650743901729584 0.650722622871399 0.650701344013214 0.598841428756714 0.529702067375183 -9999 -9999 -9999 -9999 -9999 0.136773586273193 0.155265808105469 0.173758029937744 0.19225025177002 0.210742473602295 0.22923469543457 0.247726917266846 0.266219139099121 0.288153529167175 0.311235308647156 0.334317058324814 0.357398837804794 0.380480617284775 0.403562366962433 0.426644146442413 0.453293889760971 0.490647584199905 0.528001308441162 0.565355002880096 0.602708637714386 0.64006233215332 0.677416026592255 0.714769721031189 0.797858774662018 0.896192908287048 0.994527041912079 1.09286117553711 1.19119536876678 1.28952944278717 1.38786363601685 1.46737468242645 1.49041676521301
0.634181916713715 0.636300444602966 0.638418972492218 0.64053750038147 0.642656028270721 0.644774496555328 0.64689302444458 0.592218816280365 0.518613696098328 -9999 -9999 -9999 -9999 -9999 -9999 -9999 0.147638335824013 0.170862406492233 0.194086462259293 -9999 -9999 0.263758629560471 0.28687572479248 0.309957206249237 0.333038657903671 0.356120109558105 0.37920156121254 0.402283012866974 0.425364464521408 0.452182084321976 0.490208238363266 0.528234422206879 0.566260576248169 0.604286730289459 0.64231288433075 0.68033903837204 0.71836519241333 0.804607510566711 0.906921863555908 1.0092362165451 1.1115505695343 1.21386504173279 1.31617939472198 1.41849374771118 1.50081253051758 1.52314448356628
0.620501756668091 0.624147713184357 0.627793610095978 0.631439566612244 0.63508552312851 0.638731420040131 0.642377376556396 0.586021661758423 0.509665489196777 -9999 -9999 -9999 -9999 -9999 -9999 -9999 -9999 -9999 -9999 -9999 -9999 -9999 0.289874374866486 0.313314080238342 0.336753815412521 0.3601935505867 0.38363328576088 0.407073020935059 0.430512726306915 0.457490414381027 0.49508199095726 0.532673537731171 0.570265114307404 0.607856690883636 0.645448267459869 0.683039784431458 0.72063136100769 0.807699084281921 0.911258816719055 1.01481854915619 1.11837828159332 1.22193801403046 1.32549774646759 1.42905759811401 1.51205956935883 1.53338849544525
0.609788537025452 0.614349484443665 0.618910431861877 0.623471438884735 0.628032386302948 0.632593393325806 0.637154340744019 0.580250084400177 0.502857387065887 -9999 -9999 -9999 -9999 -9999 -9999 -9999 -9999 -9999 -9999 -9999 -9999 -9999 -9999 0.321305990219116 0.345462590456009 0.369619190692902 0.393775790929794 0.417932391166687 0.44208899140358 0.469218909740448 0.505268812179565 0.541318714618683 0.577368676662445 0.613418579101562 0.64946848154068 0.685518383979797 0.72156834602356 0.807133495807648 0.909203767776489 1.01127398014069 1.11334431171417 1.21541452407837 1.31748485565186 1.41955506801605 1.50111591815948 1.52114880084991
0.599075317382812 0.604551315307617 0.610027313232422 0.615503311157227 0.620979309082031 0.626455307006836 0.631931304931641 0.574478447437286 0.49604931473732 -9999 -9999 -9999 -9999 -9999 -9999 -9999 -9999 -9999 -9999 -9999 -9999 -9999 -9999 -9999 -9999 0.379044830799103 0.403918296098709 0.428791761398315 0.453665226697922 0.480947375297546 0.515455663204193 0.54996395111084 0.584472179412842 0.618980467319489 0.653488755226135 0.687996983528137 0.722505271434784 0.806567907333374 0.907148718833923 1.00772953033447 1.10831022262573 1.20889103412628 1.30947184562683 1.41005253791809 1.49017226696014 1.50890898704529
0.588362038135529 0.594753086566925 0.601144134998322 0.607535183429718 0.61392617225647 0.620317220687866 0.626708269119263 0.568706810474396 0.489241242408752 -9999 -9999 -9999 -9999 -9999 -9999 -9999 -9999 -9999 -9999 -9999 -9999 -9999 -9999 -9999 -9999 -9999 -9999 -9999 -9999 0.492675870656967 0.525642514228821 0.558609127998352 0.591575741767883 0.624542355537415 0.657508969306946 0.690475583076477 0.723442256450653 0.806002378463745 0.905093669891357 1.00418496131897 1.10327625274658 1.20236754417419 1.30145883560181 1.40055012702942 1.47922873497009 1.49666917324066
0.577648818492889 0.584954917430878 0.592260956764221 0.59956705570221 0.606873095035553 0.614179193973541 0.621485233306885 0.56293523311615 0.482433170080185 -9999 -9999 -9999 -9999 -9999 -9999 -9999 -9999 -9999 -9999 -9999 -9999 -9999 -9999 -9999 -9999 -9999 -9999 -9999 -9999 0.504404366016388 0.535829305648804 0.567254304885864 0.598679304122925 0.630104243755341 0.661529242992401 0.692954182624817 0.724379181861877 0.805436789989471 0.903038561344147 1.00064039230347 1.09824216365814 1.19584405422211 1.29344582557678 1.39104759693146 1.46828508377075 1.48442935943604
0.56693559885025 0.575156688690186 0.583377778530121 0.591598927974701 0.599820017814636 0.608041107654572 0.616262197494507 0.557163596153259 0.475625097751617 -9999 -9999 -9999 -9999 -9999 -9999 -9999 -9999 -9999 -9999 -9999 -9999 -9999 -9999 -9999 -9999 -9999 -9999 -9999 -9999 0.516132831573486 0.546016156673431 0.575899481773376 0.605782806873322 0.635666131973267 0.665549457073212 0.695432782173157 0.725316166877747 0.804871201515198 0.900983512401581 0.997095823287964 1.09320819377899 1.18932044506073 1.28543281555176 1.3815450668335 1.45734143257141 1.4721896648407
0.555611193180084 0.562366664409637 0.569122135639191 0.575877606868744 0.582633078098297 0.589388489723206 0.596143960952759 0.538534283638 0.459469556808472 0.380404829978943 -9999 -9999 -9999 -9999 -9999 -9999 -9999 -9999 -9999 -9999 -9999 -9999 -9999 -9999 -9999 -9999 -9999 -9999 -9999 0.5357346534729 0.562822759151459 0.589910864830017 0.616998970508575 0.644087076187134 0.671175181865692 0.69826328754425 0.725351393222809 0.802815079689026 0.897070527076721 0.991326034069061 1.0855815410614 1.1798369884491 1.27409255504608 1.36834800243378 1.44237065315247 1.45569443702698
0.543675661087036 0.546584784984589 0.549493968486786 0.552403092384338 0.555312275886536 0.558221399784088 0.561130583286285 0.507047295570374 0.433966547250748 0.360885798931122 -9999 -9999 -9999 -9999 -9999 -9999 -9999 -9999 -9999 -9999 -9999 -9999 -9999 -9999 -9999 -9999 -9999 -9999 -9999 0.563209772109985 0.586249113082886 0.609288394451141 0.632327735424042 0.655367016792297 0.678406357765198 0.701445698738098 0.724484980106354 0.799268305301666 0.891299664974213 0.983330965042114 1.07536232471466 1.16739368438721 1.25942492485046 1.35145628452301 1.42337262630463 1.43494403362274
0.531740069389343 0.530802965164185 0.529865801334381 0.528928637504578 0.527991473674774 0.527054309844971 0.526117146015167 0.475560277700424 0.408463507890701 0.341366738080978 0.274269998073578 -9999 -9999 -9999 -9999 -9999 -9999 -9999 -9999 -9999 -9999 -9999 -9999 -9999 -9999 -9999 -9999 -9999 -9999 0.59068489074707 0.609675467014313 0.62866598367691 0.647656500339508 0.666647017002106 0.685637533664703 0.704628050327301 0.723618566989899 0.795721590518951 0.885528743267059 0.975335896015167 1.06514310836792 1.15495026111603 1.24475741386414 1.33456456661224 1.40437471866608 1.41419351100922
0.519804537296295 0.515021085739136 0.510237574577332 0.505454123020172 0.500670671463013 0.495887190103531 0.491103708744049 0.444073259830475 0.382960498332977 0.321847707033157 0.26073494553566 0.199622169137001 -9999 -9999 -9999 -9999 -9999 -9999 -9999 -9999 -9999 -9999 -9999 -9999 -9999 -9999 -9999 -9999 -9999 0.6181600689888 0.633101761341095 0.648043513298035 0.66298520565033 0.677926957607269 0.692868709564209 0.707810401916504 0.722752153873444 0.792174816131592 0.879757821559906 0.96734082698822 1.05492389202118 1.14250683784485 1.23008990287781 1.31767284870148 1.38537669181824 1.39344298839569
