resources/Exp000_Example-Run/Run01_M2/TimeSeries/2015/selection_set/evpintr_avg.asc
NCOLS 265 
NROWS 230 
XLLCORNER -115.5625 
YLLCORNER 24.8333333333333 
CELLSIZE 0.0833333333333333 
NODATA_value -9999 
[rows 0 to 19 of 230, columns 0 to 45 of 265]
4.582750320434570 4.4516806602478 4.32061100006104 4.18954133987427 4.0584716796875 3.92740201950073 3.79633212089539 3.71727824211121 3.65556311607361 3.59384775161743 3.53213238716125 3.47041702270508 3.4087016582489 3.3469865322113 3.28875494003296 3.24097537994385 3.19319558143616 3.14541602134705 3.09763646125793 3.04985666275024 3.00207710266113 2.95429730415344 2.94283485412598 2.94347834587097 2.94412159919739 2.9447648525238 2.9454083442688 2.94605159759521 2.94669485092163 2.95592331886292 2.99090695381165 3.02589058876038 3.06087398529053 3.09585762023926 3.13084125518799 3.16582489013672 3.20080852508545 3.31078624725342 3.44576191902161 3.5807375907898 3.71571350097656 3.85068917274475 3.98566508293152 4.12064075469971 4.23492431640625 4.28713130950928
4.46056079864502 4.32880878448486 4.19705629348755 4.06530427932739 3.93355202674866 3.80179977416992 3.67004752159119 3.59664726257324 3.54269766807556 3.48874807357788 3.4347984790802 3.38084888458252 3.32689929008484 3.27294969558716 3.21969604492188 3.16853094100952 3.11736583709717 3.06620073318481 3.01503562927246 2.96387052536011 2.91270542144775 2.8615403175354 2.84840178489685 2.84793853759766 2.84747529029846 2.84701204299927 2.84654879570007 2.84608578681946 2.84562253952026 2.85392999649048 2.88854932785034 2.92316889762878 2.95778846740723 2.99240779876709 3.02702736854553 3.06164693832397 3.09626626968384 3.20678043365479 3.34259295463562 3.47840523719788 3.61421751976013 3.75003004074097 3.88584232330322 4.02165460586548 4.13497352600098 4.18081283569336
4.33837127685547 4.20593690872192 4.07350206375122 3.94106721878052 3.80863237380981 3.67619752883911 3.54376292228699 3.47601628303528 3.42983222007751 3.38364839553833 3.33746457099915 3.29128074645996 3.2450966835022 3.19891285896301 3.15063738822937 3.09608674049377 3.04153633117676 2.98698568344116 2.93243503570557 2.87788462638855 2.82333397865295 2.76878356933594 2.75396847724915 2.75239872932434 2.75082898139954 2.74925923347473 2.74768948554993 2.74611973762512 2.74454998970032 2.75193643569946 2.78619194030762 2.82044720649719 2.85470271110535 2.88895797729492 2.92321348190308 2.95746898651123 2.99172425270081 3.10277485847473 3.23942375183105 3.37607264518738 3.51272177696228 3.6493706703186 3.78601956367493 3.92266869544983 4.03502321243286 4.0744948387146
4.21618223190308 4.08306455612183 3.94994735717773 3.81683015823364 3.68371272087097 3.55059552192688 3.41747808456421 3.35538506507874 3.31696701049805 3.27854871749878 3.24013066291809 3.20171236991882 3.16329431533813 3.12487602233887 3.08157849311829 3.02364253997803 2.96570658683777 2.90777039527893 2.84983444213867 2.79189848899841 2.73396253585815 2.6760265827179 2.65953540802002 2.65685892105103 2.65418267250061 2.6515064239502 2.64883017539978 2.64615368843079 2.64347743988037 2.64994311332703 2.68383431434631 2.71772575378418 2.75161695480347 2.78550839424133 2.81939959526062 2.85329079627991 2.88718223571777 2.99876928329468 3.13625478744507 3.27374029159546 3.41122579574585 3.54871129989624 3.68619704246521 3.8236825466156 3.93507266044617 3.96817684173584
4.09399271011353 3.96019268035889 3.82639288902283 3.69259285926819 3.55879306793213 3.42499327659607 3.29119348526001 3.23475408554077 3.2041015625 3.17344903945923 3.14279675483704 3.11214423179626 3.08149170875549 3.05083918571472 3.0125195980072 2.9511981010437 2.88987684249878 2.82855534553528 2.76723384857178 2.70591235160828 2.64459109306335 2.58326959609985 2.56510210037231 2.56131935119629 2.55753636360168 2.55375361442566 2.54997062683105 2.54618787765503 2.54240489006042 2.54794955253601 2.58147692680359 2.61500406265259 2.64853119850159 2.68205857276917 2.71558570861816 2.74911284446716 2.78264021873474 2.89476346969604 3.0330855846405 3.17140793800354 3.309730052948 3.44805216789246 3.58637428283691 3.72469639778137 3.83512210845947 3.8618586063385
3.97180318832397 3.83732056617737 3.70283818244934 3.56835579872131 3.43387341499329 3.29939103126526 3.16490864753723 3.11412310600281 3.09123635292053 3.06834959983826 3.04546284675598 3.02257609367371 2.99968934059143 2.97680258750916 2.94346070289612 2.87875390052795 2.81404709815979 2.74934005737305 2.68463325500488 2.61992645263672 2.55521965026855 2.49051260948181 2.47066903114319 2.46577954292297 2.46089005470276 2.45600080490112 2.45111131668091 2.44622182846069 2.44133257865906 2.44595623016357 2.47911930084229 2.512282371521 2.54544568061829 2.578608751297 2.61177182197571 2.64493489265442 2.67809796333313 2.79075789451599 2.92991662025452 3.06907534599304 3.20823407173157 3.34739279747009 3.48655152320862 3.62571024894714 3.73517155647278 3.75554037094116
3.82033228874207 3.69207715988159 3.5638222694397 3.43556714057922 3.30731201171875 3.17905712127686 3.05080199241638 3.00621199607849 2.98951005935669 2.97280812263489 2.95610642433167 2.93940448760986 2.92270255088806 2.90600085258484 2.8776593208313 2.81439971923828 2.75114011764526 2.68788051605225 2.62462091445923 2.56136131286621 2.49810171127319 2.43484210968018 2.41548657417297 2.41076588630676 2.40604496002197 2.40132427215576 2.39660358428955 2.39188265800476 2.38716197013855 2.39213252067566 2.42617750167847 2.46022248268127 2.49426770210266 2.52831268310547 2.56235766410828 2.59640264511108 2.63044762611389 2.74187898635864 2.87910604476929 3.01633310317993 3.153559923172 3.29078698158264 3.42801380157471 3.56524085998535 3.67218351364136 3.68827342987061
3.6395800113678 3.52446222305298 3.40934443473816 3.29422664642334 3.1791090965271 3.06399130821228 2.94887351989746 2.91102075576782 2.89892292022705 2.88682508468628 2.87472748756409 2.86262965202332 2.85053181648254 2.83843398094177 2.81511569023132 2.75813603401184 2.70115637779236 2.64417672157288 2.58719682693481 2.53021717071533 2.47323751449585 2.41625761985779 2.39955496788025 2.39627814292908 2.39300107955933 2.38972425460815 2.3864471912384 2.38317012786865 2.37989330291748 2.38647866249084 2.42265152931213 2.45882439613342 2.49499726295471 2.531170129776 2.56734299659729 2.60351586341858 2.63968873023987 2.74812722206116 2.88065385818481 3.01318073272705 3.14570736885071 3.27823424339294 3.4107608795166 3.54328775405884 3.64615774154663 3.66005778312683
3.45882773399353 3.35684728622437 3.2548668384552 3.15288639068604 3.05090594291687 2.9489254951477 2.84694504737854 2.81582951545715 2.80833578109741 2.80084228515625 2.79334855079651 2.78585481643677 2.77836108207703 2.77086734771729 2.75257205963135 2.7018723487854 2.65117239952087 2.60047268867493 2.5497727394104 2.49907302856445 2.44837307929993 2.39767336845398 2.3836236000061 2.38179039955139 2.37995719909668 2.37812399864197 2.37629103660583 2.37445783615112 2.37262463569641 2.38082504272461 2.41912579536438 2.45742630958557 2.49572706222534 2.53402781486511 2.57232856750488 2.61062932014465 2.64893007278442 2.75437521934509 2.88220167160034 3.01002836227417 3.13785481452942 3.26568150520325 3.3935079574585 3.52133464813232 3.6201319694519 3.63184189796448
3.27807545661926 3.18923234939575 3.10038924217224 3.01154589653015 2.92270278930664 2.83385968208313 2.74501633644104 2.72063851356506 2.71774888038635 2.71485924720764 2.71196961402893 2.70907998085022 2.70619034767151 2.7033007144928 2.69002842903137 2.64560866355896 2.60118865966797 2.55676865577698 2.51234889030457 2.46792888641357 2.42350888252258 2.37908887863159 2.36769199371338 2.36730265617371 2.36691331863403 2.36652398109436 2.36613464355469 2.36574530601501 2.36535596847534 2.3751711845398 2.41559982299805 2.45602822303772 2.49645686149597 2.53688549995422 2.57731413841248 2.61774277687073 2.6581711769104 2.76062321662903 2.88374972343445 3.00687599182129 3.13000249862671 3.25312876701355 3.37625527381897 3.49938154220581 3.59410643577576 3.60362601280212
3.09732341766357 3.02161741256714 2.9459114074707 2.87020564079285 2.79449963569641 2.71879386901855 2.64308786392212 2.62544727325439 2.62716174125671 2.62887620925903 2.63059067726135 2.63230514526367 2.63401961326599 2.63573408126831 2.6274847984314 2.58934473991394 2.55120468139648 2.51306486129761 2.47492480278015 2.4367847442627 2.39864468574524 2.36050462722778 2.35176038742065 2.35281491279602 2.35386943817139 2.35492396354675 2.35597848892212 2.35703301429749 2.35808730125427 2.36951732635498 2.41207385063171 2.45463013648987 2.4971866607666 2.53974318504333 2.58229947090149 2.62485599517822 2.66741251945496 2.76687121391296 2.88529753684998 3.00372362136841 3.12214994430542 3.24057602882385 3.35900235176086 3.4774284362793 3.56808066368103 3.57541036605835
2.91657114028931 2.85400247573853 2.79143381118774 2.72886514663696 2.66629648208618 2.60372805595398 2.5411593914032 2.53025603294373 2.53657460212708 2.54289317131042 2.54921174049377 2.55553030967712 2.56184887886047 2.56816744804382 2.56494116783142 2.5330810546875 2.50122094154358 2.46936082839966 2.43750071525574 2.40564060211182 2.3737804889679 2.34192037582397 2.33582901954651 2.33832716941833 2.34082555770874 2.34332394599915 2.34582209587097 2.34832048416138 2.35081887245178 2.36386346817017 2.40854787826538 2.45323204994202 2.49791646003723 2.54260087013245 2.58728504180908 2.6319694519043 2.67665362358093 2.7731192111969 2.8868453502655 3.00057125091553 3.11429738998413 3.22802329063416 3.34174942970276 3.45547556877136 3.5420548915863 3.547194480896
2.77413582801819 2.72444772720337 2.67475986480713 2.62507176399231 2.57538366317749 2.52569556236267 2.47600769996643 2.47189521789551 2.48297452926636 2.49405384063721 2.50513315200806 2.51621246337891 2.52729177474976 2.53837108612061 2.53952050209045 2.51087975502014 2.48223900794983 2.45359826087952 2.4249575138092 2.39631676673889 2.36767601966858 2.33903503417969 2.33434057235718 2.33762788772583 2.34091520309448 2.34420275688171 2.34749007225037 2.35077738761902 2.35406470298767 2.36742496490479 2.41100382804871 2.45458245277405 2.49816107749939 2.54173994064331 2.58531856536865 2.62889719009399 2.67247605323792 2.76805663108826 2.8809711933136 2.99388575553894 3.10680031776428 3.21971487998962 3.33262944221497 3.44554400444031 3.53143620491028 3.53626179695129
2.67001748085022 2.63295340538025 2.59588932991028 2.55882525444031 2.52176094055176 2.48469686508179 2.44763278961182 2.45036435127258 2.46636128425598 2.48235821723938 2.4983549118042 2.5143518447876 2.530348777771 2.54634547233582 2.5512228012085 2.52274084091187 2.49425888061523 2.4657769203186 2.43729496002197 2.40881299972534 2.38033127784729 2.35184931755066 2.34729504585266 2.35071682929993 2.35413861274719 2.35756039619446 2.36098194122314 2.36440372467041 2.36782550811768 2.38020181655884 2.41944146156311 2.45868110656738 2.49792075157166 2.53716039657593 2.5764000415802 2.61563968658447 2.65487933158875 2.75168299674988 2.86767482757568 2.98366665840149 3.0996584892273 3.2156503200531 3.33164215087891 3.44763398170471 3.53622460365295 3.54261183738708
2.56589937210083 2.54145908355713 2.51701879501343 2.49257850646973 2.4681384563446 2.4436981678009 2.4192578792572 2.42883348464966 2.44974803924561 2.47066235542297 2.49157667160034 2.51249122619629 2.53340554237366 2.55431985855103 2.56292510032654 2.53460192680359 2.50627875328064 2.47795581817627 2.44963264465332 2.42130947113037 2.392986536026 2.36466336250305 2.36024975776672 2.36380577087402 2.36736178398132 2.3709180355072 2.3744740486145 2.3780300617218 2.3815860748291 2.39297842979431 2.42787909507751 2.46277952194214 2.49768018722534 2.53258085250854 2.56748151779175 2.60238218307495 2.63728260993958 2.73530960083008 2.85437870025635 2.97344779968262 3.09251666069031 3.21158576011658 3.33065485954285 3.44972395896912 3.54101300239563 3.54896211624146
2.46178102493286 2.44996476173401 2.43814826011658 2.42633199691772 2.41451573371887 2.40269923210144 2.39088296890259 2.40730285644531 2.43313479423523 2.45896673202515 2.48479866981506 2.51063060760498 2.53646230697632 2.56229424476624 2.574627161026 2.54646301269531 2.51829862594604 2.49013447761536 2.46197032928467 2.4338059425354 2.40564179420471 2.37747740745544 2.37320423126221 2.37689471244812 2.38058519363403 2.38427567481995 2.38796591758728 2.39165639877319 2.39534687995911 2.40575504302979 2.43631672859192 2.46687817573547 2.49743986129761 2.52800130844116 2.5585629940033 2.58912444114685 2.61968612670898 2.71893620491028 2.84108233451843 2.96322870254517 3.0853750705719 3.20752120018005 3.32966756820679 3.45181393623352 3.54580140113831 3.55531215667725
2.35766291618347 2.35847043991089 2.35927796363831 2.36008548736572 2.36089301109314 2.36170053482056 2.36250805854797 2.38577198982239 2.41652154922485 2.44727087020874 2.47802042961121 2.50876975059509 2.53951930999756 2.57026863098145 2.58632946014404 2.55832409858704 2.53031873703003 2.50231313705444 2.47430777549744 2.44630241394043 2.41829705238342 2.39029169082642 2.38615894317627 2.38998365402222 2.39380836486816 2.39763331413269 2.40145802497864 2.40528273582458 2.40910768508911 2.41853189468384 2.44475436210632 2.47097682952881 2.49719929695129 2.52342176437378 2.54964447021484 2.57586693763733 2.60208940505981 2.7025625705719 2.8277862071991 2.95300960540771 3.07823324203491 3.20345687866211 3.32868027687073 3.45390391349792 3.5505895614624 3.56166243553162
2.2535445690155 2.26697587966919 2.28040742874146 2.29383897781372 2.30727028846741 2.32070183753967 2.33413314819336 2.36424136161804 2.39990830421448 2.43557524681091 2.47124218940735 2.50690913200378 2.54257607460022 2.57824301719666 2.59803175926208 2.57018518447876 2.54233860969543 2.51449203491211 2.48664546012878 2.45879888534546 2.43095231056213 2.40310573577881 2.39911341667175 2.40307259559631 2.40703177452087 2.41099095344543 2.41494989395142 2.41890907287598 2.42286825180054 2.43130850791931 2.45319199562073 2.47507548332214 2.49695897102356 2.51884245872498 2.54072570800781 2.56260919570923 2.58449268341064 2.6861891746521 2.81448984146118 2.94279074668884 3.07109141349792 3.19939231872559 3.32769298553467 3.45599389076233 3.55537796020508 3.56801271438599
2.19897961616516 2.2190682888031 2.23915696144104 2.25924563407898 2.27933406829834 2.29942274093628 2.31951141357422 2.35020089149475 2.38442373275757 2.41864681243896 2.45286989212036 2.48709273338318 2.52131581306458 2.55553889274597 2.57372117042542 2.54378175735474 2.51384234428406 2.4839026927948 2.45396327972412 2.42402386665344 2.39408421516418 2.36414480209351 2.36011838912964 2.36472988128662 2.36934113502502 2.37395262718201 2.37856388092041 2.38317537307739 2.3877866268158 2.39631414413452 2.41658973693848 2.43686532974243 2.45714092254639 2.47741651535034 2.4976921081543 2.51796770095825 2.53824353218079 2.63926672935486 2.7672061920166 2.89514541625977 3.02308487892151 3.15102410316467 3.27896356582642 3.40690279006958 3.50650191307068 3.52108001708984
2.19396805763245 2.21474719047546 2.23552632331848 2.2563054561615 2.27708458900452 2.29786372184753 2.31864285469055 2.34365081787109 2.37006831169128 2.39648580551147 2.42290329933167 2.44932079315186 2.47573828697205 2.50215601921082 2.51339793205261 2.47911381721497 2.44482970237732 2.41054558753967 2.37626123428345 2.3419771194458 2.30769300460815 2.27340888977051 2.26917386054993 2.27495527267456 2.28073692321777 2.28651833534241 2.29229974746704 2.29808115959167 2.30386257171631 2.31354856491089 2.33494758605957 2.35634660720825 2.37774538993835 2.39914441108704 2.42054343223572 2.4419424533844 2.46334147453308 2.56179547309875 2.6859347820282 2.81007409095764 2.93421316146851 3.05835247039795 3.18249154090881 3.30663084983826 3.40396118164062 3.42086482048035
