resources/Exp000_Example-Run/Run01_M2/TimeSeries/2015/selection_set/evpintr_avg.asc
NCOLS 265 
NROWS 230 
XLLCORNER -115.5625 
YLLCORNER 24.8333333333333 
CELLSIZE 0.0833333333333333 
NODATA_value -9999 
[rows 140 to 159 of 230, columns 138 to 183 of 265]
1.56922996044159 1.56584811210632 1.56246638298035 1.55908465385437 1.56141984462738 1.56566059589386 1.56990146636963 1.57414221763611 1.57838296890259 1.58262372016907 1.58686459064484 1.59378623962402 1.60875046253204 1.62371468544006 1.63867890834808 1.6536431312561 1.66860735416412 1.68357157707214 1.69853579998016 1.72049176692963 1.7447783946991 1.76906490325928 1.79335153102875 1.81763803958893 1.8419246673584 1.86621117591858 1.89430248737335 1.9338082075119 1.97331380844116 2.01281952857971 2.05232524871826 2.09183073043823 2.13133645057678 2.17084217071533 2.22108936309814 2.27491688728333 2.32874441146851 2.38257193565369 2.43639945983887 2.49022698402405 2.54405450820923 2.59835386276245 2.65406847000122 2.70978307723999 2.76549768447876 2.82121229171753
1.53586840629578 1.53165674209595 1.52744507789612 1.52323341369629 1.52484726905823 1.52840292453766 1.5319584608078 1.53551411628723 1.53906977176666 1.54262542724609 1.54618096351624 1.55274093151093 1.56831359863281 1.5838862657547 1.5994588136673 1.61503148078918 1.63060414791107 1.64617681503296 1.66174948215485 1.68522465229034 1.71133387088776 1.73744320869446 1.76355242729187 1.78966176509857 1.81577098369598 1.84188032150269 1.87175154685974 1.91290903091431 1.95406639575958 1.99522387981415 2.03638124465942 2.07753872871399 2.11869621276855 2.15985369682312 2.21172523498535 2.26716828346252 2.3226113319397 2.37805461883545 2.43349766731262 2.4889407157898 2.54438376426697 2.6001992225647 2.65713167190552 2.71406435966492 2.77099680900574 2.82792925834656
1.50250697135925 1.49746537208557 1.49242377281189 1.48738217353821 1.48827457427979 1.49114513397217 1.49401557445526 1.49688601493835 1.49975657463074 1.50262701511383 1.50549745559692 1.51169562339783 1.52787661552429 1.54405772686005 1.5602388381958 1.57641994953156 1.59260106086731 1.60878205299377 1.62496316432953 1.64995741844177 1.67788946628571 1.70582139492035 1.73375332355499 1.76168537139893 1.78961730003357 1.8175493478775 1.84920060634613 1.89200985431671 1.934818983078 1.97762823104858 2.02043747901917 2.06324672698975 2.10605573654175 2.14886498451233 2.20236134529114 2.2594199180603 2.31647849082947 2.37353706359863 2.43059587478638 2.48765444755554 2.54471302032471 2.60204458236694 2.66019511222839 2.71834564208984 2.77649593353271 2.83464646339417
1.46914553642273 1.4632740020752 1.45740246772766 1.45153093338013 1.45170199871063 1.45388734340668 1.45607268810272 1.45825791358948 1.46044325828552 1.46262860298157 1.46481394767761 1.47065031528473 1.48743975162506 1.50422930717468 1.52101874351501 1.53780829906464 1.55459785461426 1.57138729095459 1.58817684650421 1.6146901845932 1.64444494247437 1.67419958114624 1.7039543390274 1.73370897769928 1.76346373558044 1.79321837425232 1.82664966583252 1.87111067771912 1.91557157039642 1.96003258228302 2.00449347496033 2.04895448684692 2.09341549873352 2.13787651062012 2.19299745559692 2.25167155265808 2.31034564971924 2.3690197467804 2.42769384384155 2.48636817932129 2.54504227638245 2.60388994216919 2.66325831413269 2.72262668609619 2.78199529647827 2.84136366844177
1.44432318210602 1.43806684017181 1.43181049823761 1.42555415630341 1.42504096031189 1.42644214630127 1.42784333229065 1.42924451828003 1.4306458234787 1.43204700946808 1.43344819545746 1.4388313293457 1.45616054534912 1.47348964214325 1.49081873893738 1.50814783573151 1.52547705173492 1.54280614852905 1.56013524532318 1.58755195140839 1.61833107471466 1.64911019802094 1.67988932132721 1.71066844463348 1.74144756793976 1.77222669124603 1.80687940120697 1.85315263271332 1.89942598342896 1.9456992149353 1.99197256565094 2.038245677948 2.08451914787292 2.13079237937927 2.18740248680115 2.24745845794678 2.30751419067383 2.36757016181946 2.42762589454651 2.48768186569214 2.54773759841919 2.60779857635498 2.66787552833557 2.72795248031616 2.78802919387817 2.84810614585876
1.42803978919983 1.42184376716614 1.41564774513245 1.40945172309875 1.40829133987427 1.40880954265594 1.40932762622833 1.40984582901001 1.41036403179169 1.41088211536407 1.41140031814575 1.41623890399933 1.43403887748718 1.45183873176575 1.4696387052536 1.48743867874146 1.50523853302002 1.52303850650787 1.54083847999573 1.56854236125946 1.5995477437973 1.63055300712585 1.6615583896637 1.69256365299225 1.72356903553009 1.75457429885864 1.78988981246948 1.8381359577179 1.88638210296631 1.93462812900543 1.98287427425385 2.03112030029297 2.07936644554138 2.1276125907898 2.18557691574097 2.24678063392639 2.30798435211182 2.36918807029724 2.43039178848267 2.49159550666809 2.55279922485352 2.61377096176147 2.67404651641846 2.73432230949402 2.79459810256958 2.85487365722656
1.41175651550293 1.40562081336975 1.39948511123657 1.39334940910339 1.39154171943665 1.39117681980133 1.39081203937531 1.39044713973999 1.39008224010468 1.38971734046936 1.38935244083405 1.39364647865295 1.41191720962524 1.43018794059753 1.44845867156982 1.46672940254211 1.4850001335144 1.50327086448669 1.52154159545898 1.54953289031982 1.58076441287994 1.61199593544006 1.64322745800018 1.67445886135101 1.70569038391113 1.73692190647125 1.77290022373199 1.82311916351318 1.87333810329437 1.92355704307556 1.97377598285675 2.02399492263794 2.07421398162842 2.12443280220032 2.18375134468079 2.24610280990601 2.3084545135498 2.37080597877502 2.43315768241882 2.49550914764404 2.55786085128784 2.61974310874939 2.68021774291992 2.74069237709045 2.80116677284241 2.86164140701294
1.39547312259674 1.38939774036407 1.38332235813141 1.37724697589874 1.37479221820831 1.37354421615601 1.37229633331299 1.37104833126068 1.36980044841766 1.36855244636536 1.36730456352234 1.37105405330658 1.38979554176331 1.40853703022003 1.42727863788605 1.44602012634277 1.46476173400879 1.48350322246552 1.50224483013153 1.53052341938019 1.56198108196259 1.59343874454498 1.62489640712738 1.65635418891907 1.68781185150146 1.71926951408386 1.75591063499451 1.80810248851776 1.86029422283173 1.91248595714569 1.96467781066895 2.01686954498291 2.06906127929688 2.12125301361084 2.18192553520203 2.24542498588562 2.30892443656921 2.37242388725281 2.4359233379364 2.49942278862 2.56292223930359 2.6257152557373 2.68638873100281 2.74706220626831 2.80773568153381 2.86840915679932
1.37918972969055 1.3731746673584 1.36715960502625 1.36114454269409 1.35804259777069 1.35591161251068 1.35378062725067 1.35164964199066 1.34951865673065 1.34738767147064 1.34525668621063 1.34846150875092 1.36767387390137 1.38688623905182 1.40609860420227 1.42531096935272 1.44452321529388 1.46373558044434 1.48294794559479 1.51151394844055 1.54319775104523 1.57488167285919 1.60656547546387 1.63824939727783 1.66993319988251 1.70161712169647 1.73892116546631 1.79308569431305 1.84725034236908 1.90141499042511 1.95557951927185 2.00974416732788 2.06390881538391 2.11807346343994 2.18009996414185 2.24474740028381 2.3093945980072 2.37404203414917 2.43868923187256 2.50333666801453 2.56798386573792 2.63168740272522 2.69255971908569 2.75343227386475 2.81430459022522 2.87517690658569
1.36290645599365 1.35695171356201 1.35099697113037 1.34504222869873 1.34129297733307 1.33827900886536 1.33526492118835 1.33225095272064 1.32923686504364 1.32622289657593 1.32320880889893 1.32586908340454 1.34555220603943 1.36523532867432 1.38491857051849 1.40460169315338 1.42428481578827 1.44396793842316 1.46365118026733 1.49250447750092 1.52441442012787 1.55632448196411 1.58823454380035 1.6201446056366 1.65205466747284 1.68396461009979 1.72193157672882 1.77806901931763 1.83420646190643 1.89034390449524 1.94648134708405 2.00261878967285 2.05875611305237 2.11489367485046 2.17827439308167 2.24406957626343 2.30986475944519 2.37565994262695 2.44145512580872 2.50725030899048 2.57304549217224 2.63765954971313 2.69873094558716 2.7598021030426 2.82087326049805 2.88194465637207
1.38441967964172 1.37927937507629 1.37413895130157 1.36899864673615 1.36406588554382 1.35920238494873 1.35433876514435 1.34947526454926 1.34461176395416 1.33974814414978 1.33488464355469 1.33559572696686 1.35303032398224 1.37046504020691 1.38789963722229 1.40533435344696 1.42276906967163 1.44020366668701 1.45763838291168 1.4856139421463 1.51710319519043 1.54859244823456 1.58008170127869 1.61157083511353 1.64306008815765 1.67454934120178 1.7125381231308 1.77002561092377 1.82751297950745 1.88500046730042 1.94248795509338 1.99997544288635 2.05746293067932 2.11495041847229 2.17930746078491 2.2459545135498 2.3126015663147 2.37924861907959 2.44589567184448 2.51254272460938 2.57918977737427 2.64457726478577 2.70618534088135 2.76779365539551 2.82940196990967 2.89101028442383
1.44372963905334 1.44015777111053 1.43658578395844 1.43301379680634 1.42636120319366 1.4186817407608 1.41100215911865 1.40332269668579 1.39564323425293 1.38796365261078 1.38028419017792 1.37764132022858 1.3901082277298 1.40257513523102 1.41504204273224 1.42750906944275 1.43997597694397 1.45244288444519 1.46490979194641 1.49084258079529 1.52126395702362 1.55168545246124 1.58210682868958 1.61252820491791 1.64294958114624 1.67337107658386 1.71074080467224 1.76895546913147 1.8271701335907 1.88538479804993 1.94359946250916 2.00181412696838 2.06002879142761 2.11824345588684 2.18319940567017 2.25040245056152 2.3176052570343 2.38480830192566 2.45201110839844 2.5192141532898 2.58641695976257 2.65244007110596 2.71492338180542 2.77740693092346 2.83989024162292 2.90237379074097
1.50303959846497 1.50103604793549 1.49903249740601 1.49702894687653 1.48865652084351 1.47816097736359 1.46766555309296 1.45717012882233 1.4466747045517 1.43617928028107 1.42568373680115 1.41968703269958 1.42718613147736 1.43468534946442 1.44218444824219 1.44968366622925 1.45718288421631 1.46468198299408 1.47218120098114 1.49607121944427 1.52542471885681 1.55477833747864 1.58413195610046 1.61348557472229 1.64283919334412 1.67219281196594 1.70894348621368 1.76788532733917 1.82682728767395 1.88576912879944 1.94471108913422 2.00365304946899 2.06259489059448 2.12153673171997 2.18709135055542 2.25485014915466 2.32260894775391 2.39036774635315 2.45812654495239 2.52588534355164 2.59364414215088 2.66030287742615 2.72366142272949 2.78702020645142 2.85037875175476 2.91373729705811
1.56234955787659 1.56191444396973 1.56147933006287 1.56104409694672 1.55095183849335 1.53764033317566 1.52432894706726 1.51101756095886 1.49770617485046 1.48439478874207 1.47108328342438 1.4617326259613 1.46426403522491 1.46679544448853 1.46932685375214 1.47185826301575 1.47438967227936 1.47692120075226 1.47945261001587 1.50129973888397 1.52958559989929 1.55787134170532 1.58615708351135 1.61444294452667 1.6427286863327 1.67101454734802 1.70714616775513 1.76681530475616 1.82648432254791 1.88615345954895 1.94582259654999 2.00549173355103 2.06516098976135 2.1248300075531 2.19098329544067 2.25929808616638 2.32761263847351 2.39592719078064 2.46424198150635 2.53255653381348 2.60087132453918 2.66816568374634 2.73239946365356 2.79663324356079 2.86086702346802 2.92510080337524
1.62165951728821 1.62279272079468 1.62392604351044 1.62505924701691 1.6132470369339 1.59711968898773 1.58099234104156 1.5648649930954 1.54873764514923 1.53261029720306 1.5164829492569 1.50377833843231 1.50134193897247 1.49890565872192 1.49646925926208 1.49403297901154 1.4915965795517 1.48916029930115 1.48672389984131 1.50652837753296 1.53374636173248 1.56096434593201 1.58818233013153 1.61540031433105 1.64261829853058 1.6698362827301 1.70534884929657 1.76574516296387 1.82614147663116 1.88653779029846 1.94693422317505 2.00733065605164 2.06772685050964 2.12812328338623 2.19487524032593 2.26374578475952 2.33261632919312 2.40148687362671 2.4703574180603 2.5392279624939 2.60809850692749 2.67602849006653 2.74113750457764 2.80624651908875 2.87135553359985 2.93646430969238
1.68096947669983 1.68367111682892 1.68637275695801 1.68907451629639 1.67554235458374 1.6565990447998 1.63765573501587 1.61871242523193 1.599769115448 1.58082580566406 1.56188249588013 1.54582393169403 1.53841984272003 1.53101575374603 1.52361166477203 1.51620757579803 1.50880348682404 1.50139939785004 1.49399530887604 1.51175689697266 1.53790712356567 1.5640572309494 1.59020745754242 1.61635756492615 1.64250779151917 1.66865789890289 1.70355153083801 1.76467502117157 1.82579863071442 1.88692224025726 1.94804573059082 2.00916934013367 2.07029294967651 2.13141655921936 2.19876718521118 2.26819348335266 2.33762001991272 2.4070463180542 2.47647285461426 2.54589915275574 2.6153256893158 2.6838915348053 2.74987554550171 2.81585955619812 2.88184380531311 2.94782781600952
1.73193502426147 1.73582339286804 1.73971176147461 1.74360013008118 1.72813272476196 1.7062132358551 1.68429386615753 1.66237449645996 1.64045512676239 1.61853575706482 1.59661626815796 1.57719135284424 1.56524980068207 1.55330812931061 1.54136657714844 1.52942502498627 1.51748335361481 1.50554180145264 1.49360013008118 1.5104398727417 1.53687334060669 1.56330692768097 1.58974039554596 1.61617386341095 1.64260733127594 1.66904091835022 1.70411598682404 1.76511585712433 1.82611572742462 1.88711559772491 1.94811546802521 2.00911521911621 2.0701150894165 2.1311149597168 2.19946193695068 2.27025771141052 2.34105348587036 2.4118492603302 2.48264527320862 2.55344104766846 2.6242368221283 2.69435524940491 2.76244115829468 2.83052730560303 2.8986132144928 2.96669936180115
1.77455615997314 1.77924954891205 1.78394293785095 1.78863632678986 1.77101790904999 1.74596238136292 1.72090673446655 1.69585120677948 1.67079567909241 1.64574003219604 1.62068450450897 1.59788060188293 1.58183169364929 1.56578278541565 1.5497339963913 1.53368508815765 1.51763617992401 1.50158739089966 1.48553848266602 1.50257730484009 1.53064525127411 1.55871319770813 1.58678114414215 1.61484909057617 1.64291703701019 1.67098498344421 1.70704221725464 1.76706743240356 1.82709276676178 1.88711798191071 1.94714319705963 2.00716853141785 2.06719374656677 2.1272189617157 2.19695949554443 2.26993823051453 2.34291696548462 2.41589570045471 2.4888744354248 2.56185340881348 2.63483214378357 2.70741987228394 2.77883458137512 2.85024929046631 2.9216639995575 2.99307870864868
1.81717729568481 1.82267570495605 1.8281741142273 1.83367252349854 1.8139032125473 1.78571140766144 1.75751972198486 1.729327917099 1.70113611221313 1.67294442653656 1.6447526216507 1.61856973171234 1.59841358661652 1.57825744152069 1.55810129642487 1.53794527053833 1.5177891254425 1.49763298034668 1.47747683525085 1.49471461772919 1.52441704273224 1.55411946773529 1.58382177352905 1.6135241985321 1.64322662353516 1.67292904853821 1.70996844768524 1.76901912689209 1.82806980609894 1.8871203660965 1.94617104530334 2.0052216053009 2.06427240371704 2.1233229637146 2.1944568157196 2.26961874961853 2.34478044509888 2.41994214057922 2.49510383605957 2.57026553153992 2.64542746543884 2.72048449516296 2.79522800445557 2.86997127532959 2.94471454620361 3.01945805549622
1.85979843139648 1.86610186100006 1.87240517139435 1.87870860099792 1.85678851604462 1.82546055316925 1.79413259029388 1.76280462741852 1.73147666454315 1.70014870166779 1.66882073879242 1.63925886154175 1.61499547958374 1.59073209762573 1.56646871566772 1.54220533370972 1.51794195175171 1.4936785697937 1.46941518783569 1.48685193061829 1.51818883419037 1.54952561855316 1.58086252212524 1.61219942569733 1.64353621006012 1.6748731136322 1.71289479732513 1.77097082138062 1.8290468454361 1.88712286949158 1.94519889354706 2.00327491760254 2.06135082244873 2.1194269657135 2.19195437431335 2.26929926872253 2.34664392471313 2.42398858070374 2.50133323669434 2.57867789268494 2.65602278709412 2.73354911804199 2.81162118911743 2.88969326019287 2.96776533126831 3.04583740234375
