resources/Exp000_Example-Run/Run01_M2/TimeSeries/2015/selection_set/evpintr_avg.asc
NCOLS 265 
NROWS 230 
XLLCORNER -115.5625 
YLLCORNER 24.8333333333333 
CELLSIZE 0.0833333333333333 
NODATA_value -9999 
[rows 180 to 199 of 230, columns 92 to 137 of 265]
6.18605470657349 5.93861150741577 5.69116830825806 5.44372510910034 5.19628190994263 5.01112222671509 4.84672403335571 4.68232536315918 4.5179271697998 4.35352849960327 4.1891303062439 4.02473211288452 3.85919570922852 3.69024658203125 3.5212972164154 3.35234785079956 3.18339848518372 3.01444935798645 2.84549999237061 2.67655062675476 2.53591537475586 2.40471816062927 2.27352070808411 2.14232349395752 2.01112604141235 1.87992882728577 1.74873149394989 1.6457359790802 1.62734580039978 1.60895574092865 1.59056556224823 1.57217538356781 1.55378532409668 1.53539514541626 1.51700496673584 1.51041197776794 1.50775122642517 1.50509059429169 1.50242984294891 1.49976909160614 1.49710845947266 1.49444770812988 1.48405230045319 1.45045256614685 1.41685283184052 1.38325309753418
6.3462553024292 6.11050319671631 5.87475109100342 5.63899898529053 5.40324687957764 5.21310472488403 5.03816604614258 4.86322736740112 4.68828868865967 4.51335000991821 4.33841133117676 4.1634726524353 3.98789954185486 3.81042265892029 3.63294553756714 3.45546865463257 3.27799153327942 3.10051465034485 2.9230375289917 2.74556040763855 2.5983362197876 2.46119618415833 2.32405614852905 2.1869158744812 2.04977583885193 1.91263580322266 1.77549576759338 1.66793930530548 1.64913392066956 1.63032853603363 1.61152303218842 1.59271764755249 1.57391214370728 1.55510675907135 1.53630125522614 1.52863788604736 1.52468848228455 1.52073919773102 1.5167897939682 1.51284039020538 1.50889110565186 1.50494170188904 1.49350142478943 1.45958864688873 1.42567586898804 1.39176309108734
6.50645589828491 6.28239488601685 6.05833387374878 5.83427286148071 5.61021184921265 5.41508769989014 5.2296085357666 5.04412937164307 4.85865068435669 4.67317152023315 4.48769283294678 4.30221366882324 4.1166033744812 3.93059873580933 3.74459409713745 3.558589220047 3.37258458137512 3.18657970428467 3.00057506561279 2.81457042694092 2.66075706481934 2.51767420768738 2.37459135055542 2.23150849342346 2.0884256362915 1.94534289836884 1.80226004123688 1.69014275074005 1.67092192173004 1.65170121192932 1.6324805021286 1.61325979232788 1.59403908252716 1.57481837272644 1.55559766292572 1.54686391353607 1.54162585735321 1.53638780117035 1.53114974498749 1.52591168880463 1.52067363262177 1.5154355764389 1.50295054912567 1.46872472763062 1.43449890613556 1.40027296543121
6.66665697097778 6.45428705215454 6.2419171333313 6.0295467376709 5.81717681884766 5.61707019805908 5.42105102539062 5.22503185272217 5.02901268005371 4.8329930305481 4.63697385787964 4.44095468521118 4.24530744552612 4.05077505111694 3.85624241828918 3.66171002388 3.46717739105225 3.27264499664307 3.07811260223389 2.88358020782471 2.72317790985107 2.57415223121643 2.42512655258179 2.27610111236572 2.12707543373108 1.97804987430573 1.82902431488037 1.71234607696533 1.69271004199982 1.6730740070343 1.65343797206879 1.63380193710327 1.61416602134705 1.59452998638153 1.57489395141602 1.56508994102478 1.55856311321259 1.55203640460968 1.54550969600677 1.53898298740387 1.53245627880096 1.52592945098877 1.51239967346191 1.4778608083725 1.44332182407379 1.40878295898438
6.8268575668335 6.62617874145508 6.42549991607666 6.22482109069824 6.02414226531982 5.81905269622803 5.61249303817749 5.40593385696411 5.19937419891357 4.99281454086304 4.78625535964966 4.57969570159912 4.37401103973389 4.1709508895874 3.96789073944092 3.76483058929443 3.56177043914795 3.35871028900146 3.15565013885498 2.9525899887085 2.78559851646423 2.63063025474548 2.47566199302673 2.3206934928894 2.16572523117065 2.0107569694519 1.85578846931458 1.73454940319061 1.71449816226959 1.69444680213928 1.67439544200897 1.65434420108795 1.63429284095764 1.61424160003662 1.59419023990631 1.5833158493042 1.57550048828125 1.56768500804901 1.55986964702606 1.55205428600311 1.54423880577087 1.53642344474792 1.52184891700745 1.48699688911438 1.45214486122131 1.41729295253754
6.98705816268921 6.79807043075562 6.60908269882202 6.42009496688843 6.23110723495483 6.02103519439697 5.80393552780151 5.58683586120605 5.3697361946106 5.15263652801514 4.93553638458252 4.71843671798706 4.50271511077881 4.29112720489502 4.07953929901123 3.86795139312744 3.65636348724365 3.44477558135986 3.23318767547607 3.02159976959229 2.84801936149597 2.68710827827454 2.5261971950531 2.36528611183167 2.20437502861023 2.04346394538879 1.88255274295807 1.75675272941589 1.73628616333008 1.71581959724426 1.69535303115845 1.67488634586334 1.65441977977753 1.63395321369171 1.61348652839661 1.60154187679291 1.59243774414062 1.58333373069763 1.57422959804535 1.56512546539307 1.55602145195007 1.54691731929779 1.53129804134369 1.49613296985626 1.46096789836884 1.42580282688141
7.14230108261108 6.96569108963013 6.78908061981201 6.6124701499939 6.43586015701294 6.22030687332153 5.99177265167236 5.76323843002319 5.53470420837402 5.30616998672485 5.07763576507568 4.84910154342651 4.62295866012573 4.40399026870728 4.18502235412598 3.96605396270752 3.74708557128906 3.52811741828918 3.30914926528931 3.09018087387085 2.91082048416138 2.74466276168823 2.57850503921509 2.41234731674194 2.24618935585022 2.08003163337708 1.91387391090393 1.78369998931885 1.76147758960724 1.73925518989563 1.71703290939331 1.6948105096817 1.67258810997009 1.65036582946777 1.62814342975616 1.61449825763702 1.60371208190918 1.59292590618134 1.58213973045349 1.57135355472565 1.5605673789978 1.54978120326996 1.53272676467896 1.4968672990799 1.46100783348083 1.42514836788177
7.29258632659912 7.12904024124146 6.96549367904663 6.80194711685181 6.63840103149414 6.41686725616455 6.17600440979004 5.93514108657837 5.69427824020386 5.45341539382935 5.21255254745483 4.97168922424316 4.73474168777466 4.50954055786133 4.284339427948 4.05913829803467 3.83393716812134 3.60873603820801 3.38353490829468 3.15833353996277 2.97400212287903 2.80329370498657 2.63258528709412 2.46187710762024 2.29116868972778 2.12046027183533 1.94975197315216 1.81539106369019 1.79007244110107 1.76475381851196 1.73943519592285 1.71411657333374 1.68879795074463 1.66347944736481 1.6381608247757 1.62218487262726 1.60932326316833 1.59646165370941 1.5835999250412 1.57073831558228 1.55787670612335 1.54501497745514 1.52613496780396 1.48919987678528 1.4522647857666 1.41532957553864
7.44287157058716 7.29238891601562 7.14190673828125 6.99142408370972 6.84094190597534 6.61342763900757 6.36023569107056 6.1070442199707 5.85385274887085 5.60066080093384 5.34746932983398 5.09427738189697 4.84652519226074 4.61509132385254 4.38365697860718 4.15222263336182 3.92078876495361 3.68935441970825 3.45792031288147 3.22648620605469 3.0371835231781 2.86192464828491 2.68666577339172 2.51140666007996 2.33614778518677 2.16088891029358 1.9856299161911 1.84708201885223 1.81866717338562 1.79025232791901 1.76183748245239 1.73342263698578 1.70500779151917 1.67659294605255 1.64817810058594 1.62987160682678 1.61493444442749 1.5999972820282 1.5850602388382 1.5701230764389 1.55518591403961 1.54024887084961 1.51954329013824 1.48153245449066 1.44352161884308 1.4055107831955
7.5931568145752 7.45573806762695 7.31831979751587 7.18090105056763 7.04348278045654 6.80998802185059 6.54446744918823 6.27894735336304 6.01342678070068 5.74790620803833 5.48238611221313 5.21686553955078 4.95830869674683 4.72064161300659 4.48297452926636 4.24530744552612 4.00764036178589 3.76997303962708 3.53230595588684 3.29463887214661 3.10036492347717 2.92055559158325 2.74074602127075 2.56093645095825 2.38112688064575 2.20131754875183 2.02150797843933 1.87877309322357 1.84726202487946 1.81575095653534 1.78423988819122 1.75272881984711 1.7212176322937 1.68970656394958 1.65819549560547 1.63755834102631 1.62054574489594 1.60353302955627 1.5865204334259 1.56950783729553 1.55249524116516 1.53548264503479 1.51295149326324 1.47386503219604 1.43477845191956 1.39569199085236
7.74344158172607 7.61908721923828 7.49473285675049 7.37037801742554 7.24602365493774 7.0065484046936 6.72869920730591 6.45085000991821 6.17300081253052 5.89515209197998 5.61730289459229 5.33945369720459 5.07009172439575 4.82619190216064 4.58229160308838 4.33839178085327 4.09449148178101 3.8505916595459 3.60669159889221 3.36279153823853 3.16354656219482 2.97918629646301 2.79482626914978 2.61046624183655 2.42610621452332 2.24174618721008 2.05738592147827 1.91046416759491 1.875856757164 1.84124946594238 1.80664217472076 1.77203488349915 1.73742759227753 1.70282018184662 1.668212890625 1.64524495601654 1.62615692615509 1.60706877708435 1.5879807472229 1.56889259815216 1.54980456829071 1.53071641921997 1.50635981559753 1.46619760990143 1.42603540420532 1.38587319850922
7.89372682571411 7.78243637084961 7.67114591598511 7.55985498428345 7.44856452941895 7.20310878753662 6.91293096542358 6.62275314331055 6.33257532119751 6.04239749908447 5.75221967697144 5.4620418548584 5.18187522888184 4.9317421913147 4.68160915374756 4.43147611618042 4.18134307861328 3.93121027946472 3.68107724189758 3.43094420433044 3.2267279624939 3.03781723976135 2.84890675544739 2.65999603271484 2.4710853099823 2.28217458724976 2.09326410293579 1.94215512275696 1.90445160865784 1.86674809455872 1.82904446125031 1.79134094715118 1.75363743305206 1.71593379974365 1.67823028564453 1.65293169021606 1.63176810741425 1.61060452461243 1.58944094181061 1.56827735900879 1.54711377620697 1.52595019340515 1.49976813793182 1.45853018760681 1.4172922372818 1.37605428695679
7.99411773681641 7.89574575424194 7.79737377166748 7.69900178909302 7.6006293296814 7.35201930999756 7.05332946777344 6.75464010238647 6.45595026016235 6.15726089477539 5.85857105255127 5.55988168716431 5.27274990081787 5.02029323577881 4.76783609390259 4.51537942886353 4.2629222869873 4.01046562194824 3.7580087184906 3.50555181503296 3.29828453063965 3.1060802936554 2.91387605667114 2.72167181968689 2.52946758270264 2.33726334571838 2.14505910873413 1.9904078245163 1.94841516017914 1.90642249584198 1.86442983150482 1.82243716716766 1.78044450283051 1.73845183849335 1.69645917415619 1.66743361949921 1.64273035526276 1.6180272102356 1.59332406520844 1.56862080097198 1.54391765594482 1.51921439170837 1.49003088474274 1.44740605354309 1.40478122234344 1.36215651035309
8.04461479187012 7.95901584625244 7.87341690063477 7.78781747817993 7.70221853256226 7.45328044891357 7.14989566802979 6.84651136398315 6.54312658309937 6.23974180221558 5.93635749816895 5.63297271728516 5.34271621704102 5.09184455871582 4.84097290039062 4.59010124206543 4.33922958374023 4.08835792541504 3.83748626708984 3.58661460876465 3.3782160282135 3.18397521972656 2.98973441123962 2.79549384117126 2.60125303268433 2.40701222419739 2.21277141571045 2.05522227287292 2.00774741172791 1.96027290821075 1.91279816627502 1.86532354354858 1.81784892082214 1.77037417888641 1.72289955615997 1.68875074386597 1.65904378890991 1.62933683395386 1.5996298789978 1.56992292404175 1.54021596908569 1.51050901412964 1.47714805603027 1.43282520771027 1.38850235939026 1.34417951107025
8.09511184692383 8.0222864151001 7.94946002960205 7.876633644104 7.80380773544312 7.55454158782959 7.24646186828613 6.93838214874268 6.63030290603638 6.32222318649292 6.01414346694946 5.70606422424316 5.41268301010132 5.16339635848999 4.91410970687866 4.66482305526733 4.41553688049316 4.16625022888184 3.91696381568909 3.66767716407776 3.45814752578735 3.26187038421631 3.06559300422668 2.86931562423706 2.67303824424744 2.47676110267639 2.28048372268677 2.12003660202026 2.06707978248596 2.01412320137024 1.96116650104523 1.9082099199295 1.85525321960449 1.80229663848877 1.74933993816376 1.71006774902344 1.67535710334778 1.64064633846283 1.60593569278717 1.57122492790222 1.53651416301727 1.50180351734161 1.46426522731781 1.41824436187744 1.37222349643707 1.3262026309967
8.14560890197754 8.08555603027344 8.02550315856934 7.96544981002808 7.90539646148682 7.65580224990845 7.34302806854248 7.03025341033936 6.71747875213623 6.40470457077026 6.09192991256714 5.77915525436401 5.48264932632446 5.234947681427 4.9872465133667 4.7395453453064 4.49184370040894 4.24414253234863 3.99644136428833 3.74873995780945 3.53807926177979 3.33976531028748 3.14145135879517 2.94313764572144 2.74482369422913 2.54650974273682 2.34819579124451 2.1848509311676 2.12641215324402 2.06797361373901 2.00953483581543 1.95109629631042 1.89265763759613 1.83421897888184 1.77578043937683 1.7313848733902 1.69167041778564 1.65195596218109 1.61224150657654 1.5725269317627 1.53281247615814 1.49309802055359 1.45138239860535 1.40366351604462 1.35594463348389 1.30822575092316
8.19610595703125 8.14882564544678 8.10154628753662 8.05426597595215 8.00698566436768 7.75706338882446 7.43959379196167 7.12212467193604 6.80465507507324 6.48718547821045 6.16971635818481 5.85224676132202 5.55261564254761 5.30649948120117 5.06038331985474 4.8142671585083 4.56815099716187 4.32203483581543 4.07591867446899 3.82980275154114 3.61801075935364 3.41766047477722 3.21730995178223 3.01695942878723 2.81660914421082 2.61625862121582 2.41590809822083 2.24966502189636 2.18574452400208 2.12182378768921 2.05790328979492 1.99398267269135 1.93006205558777 1.86614143848419 1.80222082138062 1.75270199775696 1.70798373222351 1.66326546669006 1.61854732036591 1.57382905483246 1.52911078929901 1.48439252376556 1.43849968910217 1.38908267021179 1.3396657705307 1.29024875164032
8.24660301208496 8.21209621429443 8.17758941650391 8.14308166503906 8.10857486724854 7.85832452774048 7.53615999221802 7.21399545669556 6.89183139801025 6.56966686248779 6.24750232696533 5.92533779144287 5.62258195877075 5.37805080413818 5.13352012634277 4.8889889717102 4.6444582939148 4.39992713928223 4.15539646148682 3.91086530685425 3.69794249534607 3.49555540084839 3.29316830635071 3.09078145027161 2.88839435577393 2.68600726127625 2.48362040519714 2.3144793510437 2.24507689476013 2.17567420005798 2.10627174377441 2.03686904907227 1.96746647357941 1.89806377887726 1.8286612033844 1.77401900291443 1.72429704666138 1.67457509040833 1.62485313415527 1.57513105869293 1.52540910243988 1.47568714618683 1.42561686038971 1.37450182437897 1.32338690757751 1.27227187156677
8.2629919052124 8.25036811828613 8.23774433135986 8.22512054443359 8.21249675750732 7.97633075714111 7.66565084457397 7.35497140884399 7.04429149627686 6.73361158370972 6.42293167114258 6.11225175857544 5.81970167160034 5.58154058456421 5.34337997436523 5.10521936416626 4.86705827713013 4.62889766693115 4.39073657989502 4.15257596969604 3.93047261238098 3.71372199058533 3.49697136878967 3.28022074699402 3.06347012519836 2.84671950340271 2.62996888160706 2.44733643531799 2.36705875396729 2.28678107261658 2.20650315284729 2.12622547149658 2.04594779014587 1.96566987037659 1.88539218902588 1.82122564315796 1.76242959499359 1.70363354682922 1.64483749866486 1.58604145050049 1.52724540233612 1.46844935417175 1.4114351272583 1.35976648330688 1.30809783935547 1.25642931461334
8.24527072906494 8.26364135742188 8.28201103210449 8.30038166046143 8.31875228881836 8.11108303070068 7.8280668258667 7.54505109786987 7.26203536987305 6.97901964187622 6.6960039138794 6.41298818588257 6.14397478103638 5.91696882247925 5.68996334075928 5.46295738220215 5.23595142364502 5.00894546508789 4.78193998336792 4.55493402481079 4.31560134887695 4.07216024398804 3.82871890068054 3.58527755737305 3.34183645248413 3.09839510917664 2.85495376586914 2.64823627471924 2.55169010162354 2.45514416694641 2.35859799385071 2.262051820755 2.16550588607788 2.06895971298218 1.97241365909576 1.89432179927826 1.82238137722015 1.75044095516205 1.67850053310394 1.60656011104584 1.53461968898773 1.46267926692963 1.39595448970795 1.34487664699554 1.29379880428314 1.24272096157074
