resources/Exp000_Example-Run/Run01_M2/TimeSeries/1990/model/1990_biasfile.asc
NCOLS 265 
NROWS 230 
XLLCORNER -115.5625 
YLLCORNER 24.8333333333333 
CELLSIZE 0.0833333333333333 
NODATA_value -9999 
[rows 144 to 161 of 230, columns 0 to 41 of 265]
0.000162249184734861 0.000171309531152401 0.000180918257430269 0.000191187282059938 0.000202402649784574 0.000214671272090073 0.000228155028947091 0.000243065208345559 0.00025963507233092 0.000278119898231164 0.000298796845305695 0.000322215006760786 0.000348857564817091 0.000378824877360015 0.000412488921988434 0.000450236232328033 0.000492465763707044 0.000539586541080271 0.000592120893996502 0.000651472079455952 0.000717163060437923 0.000789604067895483 0.000869193157470392 0.000956311993836738 0.00105132149635856 0.00115455735297689 0.00126754452957617 0.00138984764515668 0.00152123062676131 0.00166182693636487 0.00181171280147771 0.00197090261427795 0.00213934447933678 0.00231753333303259 0.00250557783627443 0.00270206536191374 0.00290656006210292 0.00311853948223069 0.00333739381568256 0.00356242579696054 0.00379286237216234 0.00402838011242057
0.000151669362865875 0.000160518515296209 0.000169961578222409 0.000180113782342414 0.000191272693367784 0.000203542231953155 0.000217084624367898 0.000232112928544465 0.000248861838985544 0.000267587734497789 0.000288568555415648 0.000312359289972946 0.000339444220974556 0.000369917055881741 0.000404149328881845 0.000442526972822841 0.00048544821426962 0.000533321249873388 0.000586668568688925 0.000646901020937894 0.000713530558497109 0.000786966451121775 0.000867605804549158 0.000955829342435411 0.00105199704524162 0.00115644365301993 0.00127070003536375 0.00139432490031502 0.00152707842318389 0.00166909268416392 0.00182044233248875 0.00198113994875215 0.00215113155581471 0.00233091220179681 0.00252058840676336 0.00271873947271855 0.00292492562356424 0.00313862002371175 0.00335920802437627 0.00358598705336134 0.00381817828688673 0.00405545043044608
0.000141766896758533 0.000150419246444976 0.00015970814418409 0.00016975187647375 0.0001808587035185 0.000193129649302936 0.000206727152421318 0.000221865786124728 0.000238781414837119 0.00025773124459989 0.000278993706714087 0.000303128871568853 0.000330621562522263 0.000361558983308163 0.000396311777086819 0.000435264779429386 0.000478814938516879 0.000527369016213629 0.000581448812671365 0.00064247032599794 0.000709935181921736 0.000784250780329819 0.000865812312980765 0.000954998549136922 0.00105216747521328 0.00115765179543991 0.00127298460234668 0.00139771879293684 0.00153161057078657 0.00167478961210326 0.00182732803795208 0.00198923576047673 0.0021604559782534 0.00234148152929373 0.00253241516729149 0.00273183086026371 0.00293928506727314 0.00315424698441941 0.00337609779699232 0.00360413057810169 0.00383756192201635 0.00407605118138415
0.000132468464191702 0.000140937174991915 0.000150082549433922 0.000160025705288799 0.000171084874799047 0.00018335826518841 0.000197008407748292 0.000212251165128125 0.000229323337584091 0.000248482712570254 0.000270007950906619 0.000294463480585406 0.000322334157277285 0.00035370079473125 0.000388932732780136 0.00042841325109522 0.000472537510606263 0.00052171027582049 0.000576451875011116 0.000638181224176759 0.000706390208318938 0.000781483510167775 0.000863853507986768 0.000953876070580562 0.00105190620471459 0.00115827356199969 0.00127451006501931 0.00140016286002552 0.00153498395304439 0.00167909965691081 0.00183257867151735 0.00199542743315208 0.0021675856140269 0.00234954168296399 0.00254139310553456 0.00274171102194163 0.0029500482612411 0.00316587041651538 0.00338855511616407 0.00361739194267174 0.00385159399047207 0.00409080985213986
0.000123763908101675 0.000132062207607705 0.000141074856666825 0.000150925587089587 0.000161941905315602 0.000174219276815324 0.000187920207755409 0.000203261628956903 0.000220481046277096 0.000239836585687465 0.000261606877979661 0.000286359996419814 0.000314580321439408 0.000346342373813815 0.000382013773147679 0.000421975778400052 0.000466621246548374 0.00051635237264902 0.000571687220220461 0.000634045387352477 0.000702909572175572 0.000778680875091708 0.000861747941929509 0.000952482774122809 0.00105123639104603 0.00115833435162556 0.00127530397663002 0.00140168669629625 0.00153723007176669 0.00168205606809313 0.00183622904655577 0.00199975113665941 0.00217255775989398 0.00235513081697155 0.00254756092749955 0.00274841892544533 0.00295725413376598 0.00317352890016693 0.00339661790101643 0.00362580809172014 0.00386031015149097 0.00409976046153865
0.000115640448941928 0.000123781548376782 0.000132672352739993 0.000142438998603494 0.000153417595444878 0.000165700936990483 0.000179451388756134 0.00019488673405271 0.000212244958924233 0.000231784288985607 0.000253783068613224 0.000278812319240072 0.000307355441906073 0.000339480745362104 0.000375553710109189 0.000415953106411285 0.000461068966199506 0.000511300337350575 0.000567162221009687 0.000630072668651368 0.000699505713214913 0.00077585799598096 0.000859513498690257 0.000950839374765874 0.00105018163379923 0.00115786068649526 0.00127539580351731 0.00140232271038442 0.00153838425789009 0.00168369706172906 0.00183832021018716 0.0020022506785269 0.00217541889722951 0.00235829797647791 0.00255097010861194 0.00275200834331868 0.00296095861134979 0.00317728036438528 0.00340034592516566 0.00362944048103178 0.00386377337762429 0.00410296730375469
0.000108082973043068 0.000116079989200561 0.000124859839186294 0.000134550863520346 0.00014549713179235 0.000157788831000285 0.000171588073228591 0.00018711328488945 0.000204602712486144 0.000224314447445447 0.000246526295705381 0.000271811547691288 0.000300652126947846 0.00033311019606845 0.000369548678264827 0.000410343387031687 0.000455881007290353 0.000506556860367822 0.00056288208792038 0.000626270985946288 0.000696189411699567 0.000773028665401226 0.0008571671272858 0.000948966115778961 0.00104876560141094 0.00115687978374706 0.00127481644150626 0.00140210558592231 0.00153848507759033 0.00168406517231759 0.00183889874191257 0.00200297675074186 0.00217622388875217 0.00235910224652729 0.00255168399752778 0.00275254691450559 0.00296123364105594 0.00317720107349484 0.00339981977080774 0.00362837400291277 0.00386207285524226 0.00410052382857695
0.000101074316674492 0.000108940196042548 0.000117619918759316 0.00012724383730116 0.000138163367718982 0.000150466150402208 0.00016431393437158 0.000179925586683294 0.000197539401031094 0.000217413106800102 0.000239823724962001 0.000265346156091138 0.00029446035673726 0.00032722239538458 0.000363992223128368 0.000405142231629377 0.00045105523952853 0.000502122264642061 0.000558849797795676 0.000622646202969426 0.000692969619662282 0.000770205126572513 0.000854724566353103 0.000946882436656271 0.00104701164074395 0.00115541910504131 0.00127359770388164 0.00140107170678735 0.00153757369399152 0.00168320655039706 0.00183801598686086 0.00200198609861491 0.00217503508327113 0.00235761179327855 0.00254977679485096 0.00275011506174795 0.0029581660480345 0.0031733844264722 0.00339513957178333 0.00362271567510467 0.00385532262162158 0.0040925512296615
9.46125884330886e-05 0.000102360448546508 0.000110951086862648 0.000120516679037317 0.000131415385236115 0.000143732356342276 0.000157628868753457 0.000173324028904882 0.000191055964894642 0.000211081815884347 0.000233677570108227 0.000259419081356695 0.000288783845143114 0.000321821876542754 0.000358889732295366 0.000400355908183386 0.000446598826683941 0.000498004612842765 0.000555074300721043 0.000619208120591484 0.00068985693503728 0.000767398700200333 0.000852197763052704 0.000944600791374186 0.00104493256851186 0.0011534916604042 0.00127175256667062 0.00139923377145153 0.00153566226850453 0.00168113253592798 0.00183568215557662 0.00199928747344969 0.00217185942329657 0.00235383135690129 0.00254525061031275 0.00274471187198931 0.00295175150127209 0.00316582228094255 0.0033862929875304 0.00361244858361089 0.00384350082994791 0.00407902233719508
8.86983251779181e-05 9.63414981058471e-05 0.000104854342185554 0.000114370669619039 0.000125254790210417 0.000137589419805202 0.000151535252147933 0.00016731143195829 0.000185155708409353 0.000205324400891766 0.0002280922148314 0.000254035299129113 0.000283628187784725 0.00031691487280614 0.00035424808562611 0.0003959919417469 0.000442519925525387 0.0004942126661324 0.000551564918084046 0.000615966543780466 0.000686861556184003 0.000764619865365296 0.000849597340549579 0.000942131785271251 0.00104253878394317 0.00115110742743845 0.00126929030376098 0.00139660005395584 0.00153275776431763 0.00167784844434097 0.0018319005545625 0.00199488178947589 0.00216669502781871 0.00234775581118453 0.00253809658735082 0.00273632431725906 0.00294197236034974 0.00315449194825711 0.00337325185613182 0.00359753868462632 0.00382656716723758 0.00405989015515262
8.32671448419943e-05 9.08175415331123e-05 9.9262725629354e-05 0.000108737982809378 0.000119613253930383 0.00013196886581875 0.000145964832101714 0.000161820158471623 0.000179772026549702 0.000200075732424734 0.000223004476404582 0.000249134121116643 0.000278935792884724 0.000312447479883664 0.000350017701839347 0.000392005759284435 0.000438779711815503 0.000490714150938242 0.00054829681399832 0.0006129052020792 0.000683976846051237 0.000761872779766926 0.000846939511979961 0.000939505052321878 0.00103987481659703 0.00114832741911735 0.00126629037137509 0.00139327041174046 0.00152898242670878 0.00167350100401569 0.00182684459234004 0.00198897142519671 0.00215977561681536 0.00233965283210769 0.00252861914747226 0.00272529608409512 0.00292921408783187 0.00313982314442119 0.00335649256428197 0.00357851136473474 0.00380509823739676 0.00403578489650383
7.8296143747666e-05 8.57652087702025e-05 9.41525014664914e-05 0.000103594626625064 0.000114466665915587 0.000126846599485591 0.000140893667591847 0.00015682656788798 0.000174881734291035 0.000195313244828592 0.00021839258158553 0.000244694766205273 0.000274687088936489 0.000308401547390859 0.000346182077215081 0.000388382744883416 0.000435365715924093 0.000487499021595267 0.00054526267162547 0.000610019891864469 0.000681202075672338 0.000759160580165897 0.00084423170257045 0.000936732762500846 0.00103695807268811 0.00114517480600466 0.00126278235529432 0.00138928149564387 0.00152438063105865 0.00166814301094734 0.00182057621630037 0.00198162824233328 0.00215118375816553 0.00232961656919829 0.00251692495972536 0.00271174721201565 0.00291361094577533 0.00312196519926334 0.00333618033947867 0.00355554855468595 0.00377929344815663 0.00400692429208078
7.37617188507234e-05 8.11603688882227e-05 8.94991062470052e-05 9.89157087897267e-05 0.000109789935778779 0.000122197459753991 0.000136296658635322 0.000152305761322859 0.000170460282501802 0.00019101289648435 0.000214233163780129 0.000240694737541681 0.000270860662897416 0.000304756956407246 0.00034272261344127 0.000385106065512045 0.000432263135153798 0.000484554793543336 0.00054245264394188 0.00060730381155553 0.000678533877064297 0.000756483756085286 0.000841478721549088 0.000933824547570642 0.00103380355206047 0.00114167054606819 0.0012587939038452 0.00138466838014003 0.00151899562838063 0.00166182668800787 0.00181315745927972 0.00197292496163275 0.00214100377453487 0.00231774396070999 0.00250312466727668 0.00269580304015512 0.0028953039638935 0.00310107582190639 0.00331249054332574 0.00352884421533359 0.00374936627124889 0.00397354232495012
6.9639777770415e-05 7.6978343441169e-05 8.52773643449191e-05 9.46756532346943e-05 0.00010555720910522 0.000117995433122995 0.000132147756200808 0.000148231785947318 0.000166481954943106 0.000187149357444476 0.000210501439202857 0.00023710998475794 0.000267433405775119 0.00030149174578025 0.000339618721807723 0.000382156750076498 0.000429454884418868 0.000481866562153982 0.000539854336916797 0.000604747504394242 0.000675966141188191 0.000753839998213312 0.000838682555921978 0.000930787234821242 0.00103042351612829 0.00113783298070152 0.00125435024456456 0.0013794639933307 0.00151286888131097 0.00165460291929071 0.00180464956432993 0.00196293416988417 0.00212932062424652 0.00230413347918986 0.00248733148800816 0.00267759265424367 0.00287443922437046 0.00307731921505206 0.00328560660719458 0.00349860208694301 0.00371554179806955 0.00393588658467347
6.59059333930754e-05 7.31941046387398e-05 8.14616887344924e-05 9.08484024180088e-05 0.000101742069958837 0.00011421385499301 0.000128420160995644 0.000144577829693393 0.000162920057258315 0.000183696190948591 0.00020717137902747 0.00023391506452997 0.000264380659114356 0.000298582242083071 0.00033684793397353 0.000379513778112924 0.000426921659732245 0.000479417037616562 0.000537452812038156 0.000602338823836481 0.000673489941697868 0.000751224075623847 0.000835842195883862 0.000927624614976161 0.00102682719215634 0.00113367746882155 0.0012494737400693 0.0013736985866015 0.0015060394394919 0.00164652052276309 0.00179511214581271 0.00195172736029574 0.00211621881149559 0.00228888390116166 0.0024696598326565 0.00265724734329447 0.0028511661472518 0.00305086417938992 0.0032557179462265 0.00346503340372738 0.00367805424614385 0.00389421555644328
6.25560965528039e-05 6.98033686414226e-05 7.80475974122505e-05 8.742927217058e-05 9.83396266347242e-05 0.000110847620642093 0.000125108549560857 0.000141338344441792 0.000159768810812949 0.000180647382419312 0.000204236728186265 0.000231103478206304 0.000261695680920967 0.000296021464337925 0.000334403039290963 0.000377169724824367 0.000424655845252141 0.00047719844522876 0.00053524017969051 0.000600069834480313 0.000671097375188344 0.000748628212557026 0.000832950108766857 0.000924329535606816 0.00102300796864524 0.00112919812584493 0.00124415948039998 0.00136736849043994 0.00149850515919832 0.00163757919656258 0.00178454709067614 0.00193930898619932 0.00210170576353986 0.00227200609717782 0.00245012454100504 0.00263478641370528 0.00282550902220739 0.00302174052002079 0.00322286042440634 0.00342818063868905 0.00363695325072576 0.00384858668322908
5.9559745468766e-05 6.67746978352973e-05 7.50028183579113e-05 8.43852449819944e-05 9.53162288684959e-05 0.000107862557919279 0.00012217834373337 0.000138478470993588 0.000156993210542957 0.000177967927702171 0.000201662643563606 0.000228640736537337 0.00025934455768926 0.000293776303009569 0.000332251988732303 0.000375093890931522 0.000422628418135097 0.000475183807775155 0.000533191934137172 0.000597919070161441 0.000668770576941161 0.000746038777413233 0.000829997602866748 0.000920899031699812 0.00101896947850706 0.00112440614210104 0.00123842742640082 0.00136050367599174 0.00149030730242142 0.0016278328651143 0.00177302244472545 0.00192576275586713 0.00208588246754715 0.00225362013911623 0.00242886672465268 0.00261037380661055 0.00279765642536716 0.0029901632519252 0.00318727727937053 0.00338831699638127 0.00359254367169697 0.00379933834664394
5.6873384488358e-05 6.40633281236172e-05 7.22814426376633e-05 8.16694022078198e-05 9.26241198665157e-05 0.000105210240788143 0.00011958062483866 0.000135948988457062 0.00015454393907507 0.000175608635917592 0.00019940030337141 0.000226478677758291 0.00025728012045814 0.000291800922050369 0.000330350659070539 0.000373244291613895 0.000420800009562392 0.000473336908774473 0.000531275626024596 0.000595858662794613 0.000666487059920212 0.000743439558540065 0.000826975737603746 0.000917332537017888 0.00101472074620671 0.00111932146685191 0.00123231013111461 0.00135315100811002 0.00148150880320137 0.00161736240730532 0.00176063901990125 0.00191121150723309 0.00206889597516432 0.00223389972706972 0.00240608935615675 0.00258424415862877 0.00276787705979827 0.00295643753400234 0.00314931247690714 0.00334582753556692 0.00354525385942657 0.00374694459567156
