resources/Exp000_Example-Run/Run01_M2/TimeSeries/1990/model/1990_model_prediction.asc
NCOLS 265 
NROWS 230 
XLLCORNER -115.5625 
YLLCORNER 24.8333333333333 
CELLSIZE 0.0833333333333333 
NODATA_value -9999 
[rows 0 to 19 of 230, columns 132 to 175 of 265]
0.626767992973328 0.610105872154236 0.584288954734802 0.532233357429504 0.480718195438385 0.430599600076675 0.382610142230988 0.337333887815475 0.295200079679489 0.256485223770142 0.291643351316452 0.355652987957001 0.423392772674561 0.492297917604446 0.559643864631653 0.6229088306427 0.680091381072998 0.718470990657806 0.718260705471039 0.715858459472656 0.711252450942993 0.704423069953918 0.695344924926758 0.68399053812027 0.670337915420532 0.647623896598816 0.622045457363129 0.596208989620209 0.570238947868347 0.54425585269928 0.51837682723999 0.492713063955307 0.476372122764587 0.485534369945526 0.49200975894928 0.495744735002518 0.496711045503616 0.494900822639465 0.490327596664429 0.483028292655945 0.475038379430771 0.467200756072998 0.459169775247574 0.450953811407089
0.649154782295227 0.636323869228363 0.615361213684082 0.570835769176483 0.526307463645935 0.48235496878624 0.43949818611145 0.398185551166534 0.358784586191177 0.321580857038498 0.358516216278076 0.422237664461136 0.48687407374382 0.550131738185883 0.609882116317749 0.664399743080139 0.712509155273438 0.74379312992096 0.741449654102325 0.736743748188019 0.729644238948822 0.720108687877655 0.708091199398041 0.693547606468201 0.676445543766022 0.645304381847382 0.609450876712799 0.573257684707642 0.537054359912872 0.501154899597168 0.465847223997116 0.431392073631287 0.408010512590408 0.414067953824997 0.418502658605576 0.421281903982162 0.422384738922119 0.421803504228592 0.41954243183136 0.41561833024025 0.414896041154861 0.415400862693787 0.415695548057556 0.415780574083328
0.670506000518799 0.661345362663269 0.645111739635468 0.608198761940002 0.5710289478302 0.533955752849579 0.497309356927872 0.461388409137726 0.426456600427628 0.392738610506058 0.430101305246353 0.491113901138306 0.550602197647095 0.606770575046539 0.65816730260849 0.703792810440063 0.743123710155487 0.767746090888977 0.763492345809937 0.756695508956909 0.747296154499054 0.73522162437439 0.72039794921875 0.702759265899658 0.682262778282166 0.64284759759903 0.596644818782806 0.549865543842316 0.503214538097382 0.457351058721542 0.412865936756134 0.370260179042816 0.34096685051918 0.345168113708496 0.348514586687088 0.350987643003464 0.352573961019516 0.353264808654785 0.353056341409683 0.351949572563171 0.357691735029221 0.365802347660065 0.373787671327591 0.381634891033173
0.690757513046265 0.685060739517212 0.673345625400543 0.64391827583313 0.614181935787201 0.584328889846802 0.55454295873642 0.524998009204865 0.495852798223495 0.467250317335129 0.503662943840027 0.559857666492462 0.61266154050827 0.660870730876923 0.703671932220459 0.740651547908783 0.771744549274445 0.790248215198517 0.784325003623962 0.775667369365692 0.76417738199234 0.749743580818176 0.73225611448288 0.711622416973114 0.687789678573608 0.64025342464447 0.583642661571503 0.526132583618164 0.469029366970062 0.413540780544281 0.360704302787781 0.311338752508163 0.27785062789917 0.281227141618729 0.28423660993576 0.286868274211884 0.289114058017731 0.290966004133224 0.292418628931046 0.293466448783875 0.30449914932251 0.319107890129089 0.333870738744736 0.348749667406082
0.709863007068634 0.707387208938599 0.699909389019012 0.677655875682831 0.655149340629578 0.63248085975647 0.609738826751709 0.587007820606232 0.56436824798584 0.54189521074295 0.57615464925766 0.626020967960358 0.671271860599518 0.711271047592163 0.745728373527527 0.774645686149597 0.798237144947052 0.81124484539032 0.80390202999115 0.793624341487885 0.780264317989349 0.763660788536072 0.743659138679504 0.720136046409607 0.693026959896088 0.637522161006927 0.570462465286255 0.502164125442505 0.434820413589478 0.37041762471199 0.310565918684006 0.256403595209122 0.220754712820053 0.224011600017548 0.227160036563873 0.230194911360741 0.233111411333084 0.235904827713966 0.23857082426548 0.241105049848557 0.256069123744965 0.275840848684311 0.296281605958939 0.317318558692932
0.72778993844986 0.728266179561615 0.724691271781921 0.709146022796631 0.693427085876465 0.677568256855011 0.661604344844818 0.645567536354065 0.629490971565247 0.613405287265778 0.644646942615509 0.687434613704681 0.724969923496246 0.757083833217621 0.78386116027832 0.805557608604431 0.82252299785614 0.830707252025604 0.822197735309601 0.810545146465302 0.79554146528244 0.77696430683136 0.754604279994965 0.728300452232361 0.697975695133209 0.634653687477112 0.557121396064758 0.478068202733994 0.400908470153809 0.328637659549713 0.263493984937668 0.20681457221508 0.171046584844589 0.174544647336006 0.178036794066429 0.181520596146584 0.184992998838425 0.188450798392296 0.191891565918922 0.195312187075615 0.21282947063446 0.23634184896946 0.261263698339462 0.287496596574783
0.738635361194611 0.7413449883461 0.740794956684113 0.730681598186493 0.720452666282654 0.710117518901825 0.699686110019684 0.689167678356171 0.67857301235199 0.667911291122437 0.694208025932312 0.72867888212204 0.758318305015564 0.783217251300812 0.803595542907715 0.819744825363159 0.831971704959869 0.835762560367584 0.821952641010284 0.804908275604248 0.784392178058624 0.760196268558502 0.732176303863525 0.700288772583008 0.664622128009796 0.597173452377319 0.517108798027039 0.43721929192543 0.360945165157318 0.291073828935623 0.229470998048782 0.177032172679901 0.144572123885155 0.147792190313339 0.151021346449852 0.154257163405418 0.157497555017471 0.16073976457119 0.163981452584267 0.167220294475555 0.183759659528732 0.206198766827583 0.230279743671417 0.255938231945038
0.740378260612488 0.745003998279572 0.746976256370544 0.741326570510864 0.735603332519531 0.729807257652283 0.723940432071686 0.718004047870636 0.71199905872345 0.70592737197876 0.726132750511169 0.751795709133148 0.773734092712402 0.792089998722076 0.807048797607422 0.81881183385849 0.827570021152496 0.826827704906464 0.802928507328033 0.775470972061157 0.744370102882385 0.709663331508636 0.671532690525055 0.630317986011505 0.586515724658966 0.521095275878906 0.449277341365814 0.380138874053955 0.315751671791077 0.257611334323883 0.206588923931122 0.162971958518028 0.13560976088047 0.137976467609406 0.140347465872765 0.142721652984619 0.145097956061363 0.147474974393845 0.149851977825165 0.152227625250816 0.1654242426157 0.18331091105938 0.202430814504623 0.222764641046524
0.738245844841003 0.745056569576263 0.749706089496613 0.748390138149261 0.746997535228729 0.745527803897858 0.74398136138916 0.74235737323761 0.740655183792114 0.738875329494476 0.753663897514343 0.771517992019653 0.786639153957367 0.79914927482605 0.809174120426178 0.816832780838013 0.822227120399475 0.816869854927063 0.782285094261169 0.743435740470886 0.70061868429184 0.65434455871582 0.605319917201996 0.554410934448242 0.502587199211121 0.442509382963181 0.381894260644913 0.325006932020187 0.272862762212753 0.226104870438576 0.185021102428436 0.149595707654953 0.126983866095543 0.128539845347404 0.130093663930893 0.131644874811172 0.133193269371986 0.134737879037857 0.136278495192528 0.13781476020813 0.147955730557442 0.161712065339088 0.176326751708984 0.191799566149712
0.732214450836182 0.741503596305847 0.74901419878006 0.751944839954376 0.754740834236145 0.75740396976471 0.759934842586517 0.762333929538727 0.764603197574615 0.766743183135986 0.77688479423523 0.78797447681427 0.79714047908783 0.804456174373627 0.809989273548126 0.81379359960556 0.815909922122955 0.805843532085419 0.760030329227448 0.709003388881683 0.653729200363159 0.595464885234833 0.535655856132507 0.475804835557938 0.417349994182587 0.36523100733757 0.317419588565826 0.273196816444397 0.232932671904564 0.19681017100811 0.164846181869507 0.136922761797905 0.118701837956905 0.119494751095772 0.120279543101788 0.121055960655212 0.12182380259037 0.122582755982876 0.123332858085632 0.124073810875416 0.131472215056419 0.141558632254601 0.152185156941414 0.163356125354767
0.72222226858139 0.734306454658508 0.744893193244934 0.752031207084656 0.758920133113861 0.765562176704407 0.77195805311203 0.778110921382904 0.784022748470306 0.789695680141449 0.795979082584381 0.801324367523193 0.805341362953186 0.808059692382812 0.80949991941452 0.80967366695404 0.808582007884979 0.793707966804504 0.736200511455536 0.67245489358902 0.604457795619965 0.534519851207733 0.465003967285156 0.39807340502739 0.33549889922142 0.292830258607864 0.257943987846375 0.225789606571198 0.196442484855652 0.169904008507729 0.146114468574524 0.124964378774166 0.11076907813549 0.110850855708122 0.11092035472393 0.110977225005627 0.111021660268307 0.11105377972126 0.111073300242424 0.111080460250378 0.116063959896564 0.122961528599262 0.1301509141922 0.137635052204132
0.708181142807007 0.723394572734833 0.737298548221588 0.748649537563324 0.75958651304245 0.77010589838028 0.780206203460693 0.789888799190521 0.799154818058014 0.80800873041153 0.811186373233795 0.811731338500977 0.811335027217865 0.80999493598938 0.807702720165253 0.804446041584015 0.800206303596497 0.780425429344177 0.71086174249649 0.634144127368927 0.55368310213089 0.473135381937027 0.395870864391327 0.324573874473572 0.261043429374695 0.22808963060379 0.204975381493568 0.183510825037956 0.163689494132996 0.145484268665314 0.12884958088398 0.113725103437901 0.103188797831535 0.102614641189575 0.102026849985123 0.101425632834435 0.100811243057251 0.100184038281441 0.0995441824197769 0.0988919660449028 0.101793684065342 0.105985961854458 0.110297046601772 0.114727281033993
0.670266389846802 0.687337160110474 0.70314210653305 0.716713547706604 0.72986489534378 0.742584109306335 0.754859864711761 0.766685485839844 0.778055965900421 0.788967430591583 0.790816009044647 0.789037942886353 0.786450624465942 0.783044755458832 0.778806626796722 0.773721873760223 0.767772614955902 0.744811415672302 0.667866826057434 0.585294663906097 0.501171410083771 0.41944831609726 0.343404442071915 0.275329738855362 0.216458663344383 0.189164891839027 0.171469405293465 0.154978409409523 0.139674037694931 0.125528275966644 0.11250477284193 0.100559905171394 0.092143326997757 0.091588631272316 0.0910201370716095 0.0904378443956375 0.0898422002792358 0.0892335996031761 0.0886120945215225 0.0879781320691109 0.0897674486041069 0.092410035431385 0.0951019152998924 0.0978428050875664
0.607879042625427 0.625053346157074 0.640800833702087 0.653964519500732 0.666883826255798 0.679543673992157 0.691929638385773 0.70402854681015 0.715829849243164 0.727322936058044 0.729100346565247 0.727044224739075 0.72422981262207 0.720652043819427 0.716304957866669 0.711182534694672 0.705276846885681 0.681823909282684 0.604835867881775 0.525677800178528 0.44771945476532 0.373900681734085 0.306440889835358 0.246731907129288 0.195374175906181 0.170124843716621 0.152997046709061 0.137177512049675 0.122629158198833 0.109305374324322 0.0971517041325569 0.0861084088683128 0.0785178244113922 0.0785170793533325 0.0785038024187088 0.0784780830144882 0.0784400850534439 0.0783895552158356 0.0783267989754677 0.0782516002655029 0.0796766877174377 0.0816313549876213 0.0836169347167015 0.0856332778930664
0.542092323303223 0.559051692485809 0.574279069900513 0.586238622665405 0.598089873790741 0.609820902347565 0.621419429779053 0.632874369621277 0.644173443317413 0.65530675649643 0.657031893730164 0.655065894126892 0.652423620223999 0.649104416370392 0.645107686519623 0.640432894229889 0.635079741477966 0.612441718578339 0.538769960403442 0.46562671661377 0.395498991012573 0.330370754003525 0.271612495183945 0.219971433281898 0.175645157694817 0.152383968234062 0.135905593633652 0.120823033154011 0.107079409062862 0.0946095958352089 0.0833422467112541 0.0732020065188408 0.0663980767130852 0.0668273493647575 0.0672498866915703 0.0676656439900398 0.0680743679404259 0.0684759989380836 0.0688703507184982 0.0692571625113487 0.0703551545739174 0.0717063993215561 0.0730741396546364 0.0744585171341896
0.475003123283386 0.491434901952744 0.505725622177124 0.515807330608368 0.525860488414764 0.53587681055069 0.545849621295929 0.555770576000214 0.565632104873657 0.575426518917084 0.577129185199738 0.575646817684174 0.573590755462646 0.570962071418762 0.567763686180115 0.563997209072113 0.559666931629181 0.539095997810364 0.471768379211426 0.406678974628448 0.345475256443024 0.289375901222229 0.23914635181427 0.195124641060829 0.157290413975716 0.135948210954666 0.120190694928169 0.105899535119534 0.0929983034729958 0.0814042761921883 0.0710297152400017 0.0617849603295326 0.0557251274585724 0.0564721152186394 0.0572214014828205 0.0579726658761501 0.0587258599698544 0.0594807863235474 0.0602371618151665 0.060994952917099 0.0618040934205055 0.0626362636685371 0.0634752288460732 0.0643210709095001
0.4087975025177 0.424416035413742 0.437442809343338 0.445191621780396 0.452934920787811 0.460668951272964 0.46838840842247 0.476089864969254 0.483769178390503 0.49142250418663 0.493129372596741 0.492453813552856 0.491314560174942 0.48971363902092 0.487652391195297 0.485133856534958 0.482162028551102 0.464649230241776 0.405966937541962 0.35023644566536 0.298452079296112 0.251306861639023 0.209191918373108 0.172227889299393 0.14030958712101 0.120806641876698 0.105829425156116 0.0923719108104706 0.080339141190052 0.0696312487125397 0.0601454935967922 0.051779143512249 0.0464175790548325 0.0473836250603199 0.0483627282083035 0.0493550226092339 0.0503603965044022 0.0513788089156151 0.0524103082716465 0.0534548237919807 0.0540135316550732 0.0544088706374168 0.054805614054203 0.0552037879824638
0.345513314008713 0.360077440738678 0.371623396873474 0.376851350069046 0.382056504487991 0.387236207723618 0.392388254404068 0.397509753704071 0.402599424123764 0.407654643058777 0.409375339746475 0.409680902957916 0.40963014960289 0.409223079681396 0.408460348844528 0.40734338760376 0.405873894691467 0.392007738351822 0.343312114477158 0.297463715076447 0.25503933429718 0.216425508260727 0.181826546788216 0.151280134916306 0.124685518443584 0.106933139264584 0.0927826166152954 0.0801885649561882 0.0690382793545723 0.0592155195772648 0.0506039895117283 0.0430892631411552 0.0383777879178524 0.0394785813987255 0.0406042821705341 0.0417552217841148 0.0429316684603691 0.044134046882391 0.0453626438975334 0.0466177649796009 0.0469633415341377 0.0470001213252544 0.047036774456501 0.0470733232796192
0.319492042064667 0.333407908678055 0.344008535146713 0.347472697496414 0.35091170668602 0.354324340820312 0.357709437608719 0.36106613278389 0.364392757415771 0.36768913269043 0.369968295097351 0.371692627668381 0.373161017894745 0.37437179684639 0.375322431325912 0.376011937856674 0.376439720392227 0.363585770130157 0.313625633716583 0.267454087734222 0.225554183125496 0.188177973031998 0.155369311571121 0.127000331878662 0.102813825011253 0.0887520760297775 0.0782037824392319 0.0686916261911392 0.0601489916443825 0.0525076389312744 0.0456988885998726 0.0396548844873905 0.0358872972428799 0.037122555077076 0.0383923351764679 0.0396973006427288 0.0410380475223064 0.0424152314662933 0.043829433619976 0.0452812910079956 0.045472227036953 0.0452358275651932 0.0450004898011684 0.0447662733495235
0.327399581670761 0.341189950704575 0.351439416408539 0.353833317756653 0.356212884187698 0.358578473329544 0.36092883348465 0.363264471292496 0.365584254264832 0.36788809299469 0.371122092008591 0.374529808759689 0.377775132656097 0.380854219198227 0.383764207363129 0.386502265930176 0.389066308736801 0.374429911375046 0.312165528535843 0.256288081407547 0.207374304533005 0.165510132908821 0.130402714014053 0.101500362157822 0.0781023502349854 0.0687025859951973 0.0632277950644493 0.0580761916935444 0.0532408803701401 0.048713929951191 0.0444861240684986 0.0405472703278065 0.0381278619170189 0.0395602360367775 0.041035208851099 0.0425533764064312 0.0441155433654785 0.0457224398851395 0.0473747402429581 0.0490731298923492 0.0491310544312 0.0486355014145374 0.0481434054672718 0.0476547889411449
