resources/Exp000_Example-Run/Run01_M2/TimeSeries/1990/model/1990_biasfile.asc
NCOLS 265 
NROWS 230 
XLLCORNER -115.5625 
YLLCORNER 24.8333333333333 
CELLSIZE 0.0833333333333333 
NODATA_value -9999 
[rows 54 to 71 of 230, columns 42 to 83 of 265]
4.23245828057022e-06 3.9021808395481e-06 3.60682664008327e-06 3.34336077591169e-06 3.10889074296899e-06 2.90069953177801e-06 2.71880851593933e-06 2.55907080792992e-06 2.41820148848247e-06 2.29473193016044e-06 2.1875062053672e-06 2.09569621193741e-06 2.01881727151765e-06 1.95757923050815e-06 1.91371308760042e-06 1.88631570086963e-06 1.87692235265058e-06 1.88758825657149e-06 1.92093620572669e-06 1.98021076106136e-06 2.06933927041017e-06 2.20052609531616e-06 2.3756340989504e-06 2.6017275974903e-06 2.88759271631078e-06 3.24342710607379e-06 3.68100952967541e-06 4.21388564929672e-06 4.87208507504003e-06 5.67790860365023e-06 6.64522508539595e-06 7.80030720538406e-06 9.17311560966233e-06 1.07977121659084e-05 1.27127045500405e-05 1.49772624753758e-05 1.77007572567126e-05 2.08953457231453e-05 2.46307515231418e-05 2.89853306322442e-05 3.40468605082897e-05 3.99133622815331e-05
4.8486116053937e-06 4.48067272499552e-06 4.1515312212944e-06 3.8577836212115e-06 3.59618782029493e-06 3.36369993324844e-06 3.16030532225604e-06 2.98138010163132e-06 2.82326780939737e-06 2.68432427411368e-06 2.56325370871606e-06 2.45912468949904e-06 2.37138653180308e-06 2.30080087057963e-06 2.24924681704247e-06 2.21571941578842e-06 2.20188422914136e-06 2.20997106834227e-06 2.2428235161417e-06 2.30395522306071e-06 2.39761327125662e-06 2.53702022562824e-06 2.724113818704e-06 2.96646763075408e-06 3.27348715080534e-06 3.65606271159457e-06 4.12674307431083e-06 4.69992523891362e-06 5.40759538928404e-06 6.27326240827307e-06 7.31133909029912e-06 8.54940925552505e-06 1.00188490684916e-05 1.17552424949958e-05 1.37988277374415e-05 1.6211329156257e-05 1.91068134994169e-05 2.24967495757898e-05 2.64530348307082e-05 3.10563097369589e-05 3.63967464923339e-05 4.25748708887444e-05
5.54566065876021e-06 5.13691861374837e-06 4.77116159283045e-06 4.4445812670227e-06 4.15355187532637e-06 3.89467117836272e-06 3.66787821389319e-06 3.46803068886467e-06 3.29106991244113e-06 3.13516063355699e-06 2.99885522792596e-06 2.88111055080968e-06 2.78130509850386e-06 2.7002560807816e-06 2.64000271156067e-06 2.59943577328954e-06 2.58036383482208e-06 2.5852076752928e-06 2.61705173384567e-06 2.67970257878862e-06 2.777754693474e-06 2.92553061918161e-06 3.12505147020042e-06 3.38444067734897e-06 3.71377124084977e-06 4.12467882139809e-06 4.63053937413322e-06 5.24666300679961e-06 6.00713513366627e-06 6.93675309542209e-06 8.05050176058104e-06 9.37735831895265e-06 1.09501997865486e-05 1.28062200753858e-05 1.49873775988783e-05 1.75580947777012e-05 2.06373964362718e-05 2.42359666128235e-05 2.84279591450566e-05 3.32963755990113e-05 3.89338518505859e-05 4.54434778983991e-05
6.3331189122456e-06 5.88033649142374e-06 5.47505037090952e-06 5.11300846980586e-06 4.79016492461434e-06 4.50272551221762e-06 4.25057061775142e-06 4.02799613326114e-06 3.83050929834866e-06 3.65606742602396e-06 3.50305853152941e-06 3.3703190743895e-06 3.25715190817243e-06 3.16443369523456e-06 3.09437628053491e-06 3.04576514594237e-06 3.02056575398662e-06 3.02140759795852e-06 3.05163762591644e-06 3.11538094274026e-06 3.21760909075587e-06 3.37383060784007e-06 3.58616018420812e-06 3.86331430448689e-06 4.21608453686415e-06 4.65690759678245e-06 5.20004707322644e-06 5.86179134905938e-06 6.67847507019652e-06 7.67626850817487e-06 8.87075802577537e-06 1.02924002402655e-05 1.19756621514949e-05 1.3959439191373e-05 1.62875032643735e-05 1.90271240830645e-05 2.23025577673948e-05 2.61236005167981e-05 3.05667468641487e-05 3.57174370400248e-05 4.16708396533952e-05 4.85326675797331e-05
7.23432123187339e-06 6.7338093841419e-06 6.28567561467607e-06 5.88517742683611e-06 5.52780520676426e-06 5.20933255019225e-06 4.92956455553362e-06 4.68218459865775e-06 4.46222913235381e-06 4.26742880946504e-06 4.09599268611397e-06 3.94662686332578e-06 3.8185532194049e-06 3.71271222767172e-06 3.63150288971763e-06 3.57360642563952e-06 3.54116219840245e-06 3.53702999262148e-06 3.56484545694577e-06 3.62908309807941e-06 3.73512713001258e-06 3.8997729824675e-06 4.12524277795858e-06 4.42089753565473e-06 4.798307948588e-06 5.27077774565611e-06 5.85352954570955e-06 6.56390684114951e-06 7.44066956608847e-06 8.51146011025477e-06 9.79250075427137e-06 1.13158280562613e-05 1.31176028781692e-05 1.52385286462195e-05 1.77242989370258e-05 2.06452038840588e-05 2.41310477420698e-05 2.8190616244071e-05 3.29028402905023e-05 3.83556860099802e-05 4.46469313954861e-05 5.18849760225766e-05
8.25061928650339e-06 7.69903177428607e-06 7.20504292952563e-06 6.76337485303781e-06 6.36901217567322e-06 6.01725770284433e-06 5.70782328043272e-06 5.43373228685923e-06 5.18951650133506e-06 4.9726617684689e-06 4.78118452321394e-06 4.61365133423916e-06 4.4691984054084e-06 4.34883387761702e-06 4.25515734017041e-06 4.18674912955265e-06 4.14593925159746e-06 4.13583887610203e-06 4.1603978281422e-06 4.22446991854314e-06 4.33388641996148e-06 4.50682454413008e-06 4.74562898390258e-06 5.06035463091343e-06 5.46340904463985e-06 5.96902572407223e-06 6.5934541079477e-06 7.35516560694082e-06 8.29551136080837e-06 9.44369949175437e-06 1.08166206500447e-05 1.24479856430745e-05 1.43757464389583e-05 1.66425138899365e-05 1.92960040010829e-05 2.24096885919701e-05 2.6119215022019e-05 3.04322415184585e-05 3.54302224623771e-05 4.12037285441744e-05 4.78532152933748e-05 5.54898244668295e-05
9.39510917250987e-06 8.78911145373613e-06 8.24627461164526e-06 7.7607374430816e-06 7.32693416913914e-06 6.93965583304392e-06 6.59849986449063e-06 6.29578051550039e-06 6.02549035799654e-06 5.78485147555742e-06 5.57167353190837e-06 5.38437421115341e-06 5.22199946648554e-06 5.0856288058235e-06 4.97807605198525e-06 4.89782674214476e-06 4.84741969683938e-06 4.83024022577499e-06 4.85057968905981e-06 4.91370319940093e-06 5.02592577441817e-06 5.20690495122589e-06 5.45912606622828e-06 5.79339017663331e-06 6.22300259879564e-06 6.76319264594688e-06 7.43130777838595e-06 8.24702365310537e-06 9.2544555077951e-06 1.04844749922224e-05 1.19546750788315e-05 1.37005387574697e-05 1.5761909864939e-05 1.81834094696886e-05 2.10148799008518e-05 2.43331409289013e-05 2.82799869433972e-05 3.28618254005339e-05 3.81627220771716e-05 4.4275930873681e-05 5.13046520535005e-05 5.93628230130942e-05
1.06821890473799e-05 1.00185061654121e-05 9.4238877664105e-06 8.89183843499257e-06 8.41619460034492e-06 7.99119214479602e-06 7.61628926126121e-06 7.28304044875759e-06 6.98486409481844e-06 6.71869876554611e-06 6.4821327286252e-06 6.27342527798052e-06 6.09152769895488e-06 5.93759428287692e-06 5.8146667776017e-06 5.72114521268976e-06 5.65979690372715e-06 5.63430580056978e-06 5.64933412864917e-06 5.71059248758513e-06 5.82491871875959e-06 6.01355255186849e-06 6.27914149206034e-06 6.63328812199151e-06 7.09025962307445e-06 7.66635051129424e-06 8.38008092430181e-06 9.25241063849603e-06 1.03303986308163e-05 1.16466820750747e-05 1.32195918295765e-05 1.50864845339081e-05 1.72892000549363e-05 1.98744756768244e-05 2.28943869085636e-05 2.64292723980774e-05 3.0627385768863e-05 3.54937543723029e-05 4.11151437889445e-05 4.75875694345437e-05 5.5017042207585e-05 6.35203462291611e-05
1.21276662393031e-05 1.14031390403623e-05 1.07539176838201e-05 1.01728185335847e-05 9.6530300370536e-06 9.18818702329469e-06 8.77757945907258e-06 8.41195013289268e-06 8.0841080512934e-06 7.79068769789977e-06 7.5290408517256e-06 7.29725877593832e-06 7.09419385946694e-06 6.92107815356987e-06 6.78119485671233e-06 6.6728715445169e-06 6.59912529109705e-06 6.56396501309733e-06 6.5724551891352e-06 6.63078836754299e-06 6.7463667763445e-06 6.94211711632732e-06 7.22087463068424e-06 7.59510197151345e-06 8.08009557955407e-06 8.69328796223478e-06 9.45445008518402e-06 1.03859092853917e-05 1.15378543875003e-05 1.29447943123404e-05 1.46258351197601e-05 1.66203119996279e-05 1.89721682776737e-05 2.17303665000701e-05 2.4949324978001e-05 2.87130764490587e-05 3.31766534918927e-05 3.83435681777647e-05 4.43033744709236e-05 5.11549269303317e-05 5.90071113509029e-05 6.7979606943851e-05
1.37488702661279e-05 1.29605207253788e-05 1.22540486824739e-05 1.16215250756317e-05 1.10554372889325e-05 1.05487706404359e-05 1.01006131435937e-05 9.70084276841042e-06 9.34162396623633e-06 9.01926575057929e-06 8.73086784870323e-06 8.47434372615113e-06 8.24844285528924e-06 8.05447739100074e-06 7.89598508081799e-06 7.77123847204219e-06 7.68352731175322e-06 7.63721371154387e-06 7.63779792985934e-06 7.69199328822067e-06 7.80781053730626e-06 8.00997053393685e-06 8.30152654845912e-06 8.69586315496005e-06 9.20937680266687e-06 9.86071423549365e-06 1.06709789332188e-05 1.1663952825116e-05 1.28931468195013e-05 1.43950520678647e-05 1.61895890767321e-05 1.83181798120205e-05 2.08269816143462e-05 2.37672942122496e-05 2.71959909029023e-05 3.12009775997106e-05 3.59443922329206e-05 4.14280908791973e-05 4.77445043093901e-05 5.49954028363182e-05 6.3292609429797e-05 7.27587436978106e-05
1.55705993157479e-05 1.4715642649973e-05 1.3949461855609e-05 1.32633202195758e-05 1.26489464049467e-05 1.20986236651287e-05 1.16111977391645e-05 1.11756262365818e-05 1.07833932377107e-05 1.04304594257519e-05 1.01136559807194e-05 9.83070840225409e-06 9.58025934438377e-06 9.36370254772781e-06 9.18484296086571e-06 9.04192133752818e-06 8.93852543334616e-06 8.87940162085492e-06 8.8705227038044e-06 8.91916522563273e-06 9.03399658984144e-06 9.24164375033867e-06 9.54541492640667e-06 9.95968376488774e-06 1.05020229906192e-05 1.11923755883348e-05 1.20532652103903e-05 1.31100215636905e-05 1.44196810720055e-05 1.60208351188261e-05 1.79342612343849e-05 2.02035826815429e-05 2.28772874839357e-05 2.60091303174661e-05 2.96585571343309e-05 3.39175345251548e-05 3.89556469781136e-05 4.47729446537984e-05 5.14648253977475e-05 5.91360525000958e-05 6.79014475940482e-05 7.78866136207094e-05
1.76295817819879e-05 1.6705490045601e-05 1.58773984878155e-05 1.51356927885012e-05 1.44712781585133e-05 1.38756768725028e-05 1.33474423795624e-05 1.28745522348307e-05 1.24477729129859e-05 1.20626914890073e-05 1.17158525028613e-05 1.14047825320929e-05 1.11280135178999e-05 1.08870209398706e-05 1.06858889382744e-05 1.0522858040679e-05 1.04018429295202e-05 1.03280095468164e-05 1.03078448891695e-05 1.03492366721156e-05 1.04615631830005e-05 1.06734771683525e-05 1.09885885888575e-05 1.14223355516008e-05 1.19935519846638e-05 1.27235682069877e-05 1.36364251798359e-05 1.47591033951648e-05 1.61523863913721e-05 1.7857095949624e-05 1.98949146331248e-05 2.23117919371625e-05 2.51586734553043e-05 2.84918964707519e-05 3.23736066910673e-05 3.69000333679967e-05 4.22485743490897e-05 4.84173096407723e-05 5.55046987127012e-05 6.36185775342416e-05 7.28768283042951e-05 8.34080783101791e-05
1.99317152551424e-05 1.89366634955652e-05 1.80451119069793e-05 1.72465003752574e-05 1.65308476380305e-05 1.58888577035291e-05 1.53187381477113e-05 1.48074309885847e-05 1.43449517962186e-05 1.3926489727178e-05 1.35482853969511e-05 1.32076561506763e-05 1.29030198029919e-05 1.26359320124099e-05 1.24107653033336e-05 1.22257962829383e-05 1.20852950912449e-05 1.19948819573382e-05 1.19615989100399e-05 1.19939917458773e-05 1.21022025746121e-05 1.23170200663418e-05 1.26424071443651e-05 1.30949397979835e-05 1.36947951607399e-05 1.44647786303886e-05 1.54305418149619e-05 1.66208147261186e-05 1.81003368486349e-05 1.99122849530806e-05 2.20792938603687e-05 2.46497574321897e-05 2.7677198425249e-05 3.12206566381109e-05 3.53450964682847e-05 4.01511981592715e-05 4.5824514050917e-05 5.23609986233782e-05 5.9862258609352e-05 6.84392736986652e-05 7.82130403029099e-05 8.93152433836432e-05
2.25022672709944e-05 2.14350147835884e-05 2.04790101013812e-05 1.96226754274644e-05 1.88550766406727e-05 1.81660391883611e-05 1.75533632523458e-05 1.70028994890761e-05 1.65038804328052e-05 1.60510719190862e-05 1.56403926575235e-05 1.52689401439738e-05 1.49350147301017e-05 1.46402486679042e-05 1.43893097512252e-05 1.41805546162787e-05 1.4018639180599e-05 1.39096747707698e-05 1.38613016665852e-05 1.38827733019317e-05 1.39850514433624e-05 1.42011697568996e-05 1.45355041364063e-05 1.50058458355013e-05 1.56338008832586e-05 1.64437412469032e-05 1.74630262853499e-05 1.87222380109308e-05 2.02902846807025e-05 2.22128273019695e-05 2.45135034662731e-05 2.72432724200449e-05 3.0458356210662e-05 3.42206191880851e-05 3.85979650386688e-05 4.36957151388222e-05 4.97079197209941e-05 5.66282491256699e-05 6.4561541423261e-05 7.36219886339364e-05 8.39337516683363e-05 9.56316021378866e-05
2.53687229483043e-05 2.42287411421315e-05 2.32079686879952e-05 2.22937343561833e-05 2.14740812573855e-05 2.07378928177433e-05 2.00824914114432e-05 1.94925803250402e-05 1.89565783541937e-05 1.84688013746959e-05 1.80248273766235e-05 1.76215229582883e-05 1.72570676368624e-05 1.69331641457435e-05 1.66547794537759e-05 1.64204027402916e-05 1.62351077838009e-05 1.61055359065624e-05 1.60399712525335e-05 1.60484271312469e-05 1.614274374884e-05 1.63583065999409e-05 1.66999746263261e-05 1.71868358786299e-05 1.78420147557552e-05 1.8691545123536e-05 1.976459504593e-05 2.10937048336174e-05 2.2752167677438e-05 2.47882629172331e-05 2.72266852247775e-05 3.01210830675946e-05 3.35305023416331e-05 3.75197559701307e-05 4.21598090116577e-05 4.75608154097043e-05 5.39256677840999e-05 6.12455912886094e-05 6.96287375438642e-05 7.91925767858968e-05 9.00644810751959e-05 0.000102382333053935
2.85609289758488e-05 2.73485435353752e-05 2.62635032451931e-05 2.529196364739e-05 2.44208714635314e-05 2.36381012808204e-05 2.29404173176612e-05 2.23113194248313e-05 2.17383836265573e-05 2.12154477755021e-05 2.07377293156519e-05 2.03018522978325e-05 1.99058718408113e-05 1.95515519351824e-05 1.92441588674676e-05 1.89823764160545e-05 1.87717300099081e-05 1.861943192021e-05 1.85344581548673e-05 1.85276368357193e-05 1.86117483794184e-05 1.88246333555454e-05 1.91717153297348e-05 1.96734650418206e-05 2.0354618626446e-05 2.12429711230798e-05 2.23696042072464e-05 2.3769126694329e-05 2.55194354891868e-05 2.76715674577057e-05 3.02513330597407e-05 3.33151966002418e-05 3.69251547362676e-05 4.11490948577989e-05 4.6061166810911e-05 5.1776549320131e-05 5.85073217794215e-05 6.62421015977462e-05 7.5092434024411e-05 8.51791304068619e-05 9.6632816725396e-05 0.000109594506229605
3.21112401260551e-05 3.08277882170282e-05 2.96799457235745e-05 2.86526109046412e-05 2.77315565376472e-05 2.69035779653477e-05 2.61647898332802e-05 2.54974325163924e-05 2.48882121170888e-05 2.43304587356604e-05 2.38190081963191e-05 2.3350229526976e-05 2.2922049481639e-05 2.25362802923739e-05 2.21984830373704e-05 2.190760872275e-05 2.16696698282927e-05 2.14924925171902e-05 2.13857950127014e-05 2.1361277879062e-05 2.14327265267908e-05 2.16405347347762e-05 2.19907853534629e-05 2.25054222928454e-05 2.3210890801262e-05 2.41368504380848e-05 2.53164054739912e-05 2.67863474623928e-05 2.86293976473967e-05 3.08994950277418e-05 3.36236296633376e-05 3.6861211091209e-05 4.0677315957663e-05 4.51430338068602e-05 5.03358239033375e-05 5.63760822475219e-05 6.34854180683945e-05 7.16496780053098e-05 8.0983878643034e-05 9.16122321153994e-05 0.000103668657002823 0.000117297311764115
3.60779157423661e-05 3.4726132184606e-05 3.35182995401143e-05 3.24379651931941e-05 3.14696415799143e-05 3.05989663038156e-05 2.98212943801282e-05 2.91175477159903e-05 2.84735361723993e-05 2.78820485647988e-05 2.73375151576619e-05 2.6836035556284e-05 2.63754032030415e-05 2.59574597261093e-05 2.55880498188772e-05 2.52664812468435e-05 2.49992924651462e-05 2.4794970864039e-05 2.46640324679478e-05 2.46191139615213e-05 2.46750773612585e-05 2.4874965365126e-05 2.52256364378553e-05 2.57506083885736e-05 2.6478142799338e-05 2.74398773369511e-05 2.86710584071339e-05 3.0210785315735e-05 3.21468371949331e-05 3.45362140207329e-05 3.74071593251056e-05 4.08221673574832e-05 4.48495335019668e-05 4.95636859582671e-05 5.50455260029113e-05 6.1420869503692e-05 6.89212141127148e-05 7.7529464780528e-05 8.73641884492144e-05 9.85530571265829e-05 0.000111233318020131 0.000125552284516772
