resources/Exp000_Example-Run/Run01_M2/TimeSeries/1990/model/1990_model_prediction.asc
NCOLS 265 
NROWS 230 
XLLCORNER -115.5625 
YLLCORNER 24.8333333333333 
CELLSIZE 0.0833333333333333 
NODATA_value -9999 
[rows 20 to 39 of 230, columns 220 to 263 of 265]
0.0981437712907791 0.0954351499676704 0.0927349254488945 0.0900465399026871 0.0877910032868385 0.0867745131254196 0.0857259631156921 0.0846466645598412 0.083538107573986 0.0824017226696014 0.0812389403581619 0.0800513103604317 0.0730935335159302 0.0649495497345924 0.0575893744826317 0.050955917686224 0.0449932478368282 0.0396475084125996 0.0348669290542603 0.0316012874245644 0.0314854420721531 0.0313214138150215 0.0311100073158741 0.0308521706610918 0.0305489972233772 0.030201954767108 0.0298125185072422 0.0306107979267836 0.0318236090242863 0.0330456383526325 0.0342744514346123 0.0355073697865009 0.0367416217923164 0.0379744581878185 0.0378933735191822 0.034101627767086 0.0306436643004417 0.0274957809597254 0.024635249748826 0.0220403447747231 0.0196904484182596 0.0175659973174334 0.0162805430591106 0.0152752455323935
0.0971159934997559 0.0944250449538231 0.0917389392852783 0.0890612229704857 0.0870499834418297 0.0869723483920097 0.0868395939469337 0.0866519585251808 0.0864098072052002 0.0861135572195053 0.0857637450098991 0.0853609815239906 0.0782675296068192 0.0696989744901657 0.0619309432804585 0.0549087077379227 0.048578467220068 0.0428873710334301 0.0377843342721462 0.0341371223330498 0.0334192551672459 0.0326819308102131 0.031927052885294 0.0311566554009914 0.0303726326674223 0.0295769199728966 0.0287715308368206 0.0293273720890284 0.0303415581583977 0.0313572064042091 0.0323721095919609 0.0333841517567635 0.0343910455703735 0.0353904440999031 0.035266786813736 0.0319771952927113 0.0289585068821907 0.0261926148086786 0.0236620381474495 0.0213501080870628 0.0192409176379442 0.0173194538801908 0.0161435417830944 0.015217388048768
0.0959962084889412 0.0933198928833008 0.0906449928879738 0.0879756435751915 0.0861983224749565 0.0870341882109642 0.0878057181835175 0.088511198759079 0.0891489461064339 0.0897175669670105 0.0902157127857208 0.0906422436237335 0.083423487842083 0.0744273960590363 0.0662484243512154 0.0588344670832157 0.0521335676312447 0.0460943691432476 0.0406663566827774 0.0366270132362843 0.0352811366319656 0.03395951166749 0.0326630510389805 0.0313927456736565 0.0301493909209967 0.0289336796849966 0.0277463402599096 0.0280789360404015 0.0289095994085073 0.0297357477247715 0.0305556897073984 0.0313675813376904 0.0321697033941746 0.0329601876437664 0.0328012369573116 0.0299706850200891 0.0273566041141748 0.0249454397708178 0.0227240398526192 0.0206799507141113 0.0188011694699526 0.0170763619244099 0.0160076599568129 0.0151594569906592
0.094787485897541 0.0921230167150497 0.0894568115472794 0.0867932364344597 0.0852390080690384 0.0869595259428024 0.0886191427707672 0.090213306248188 0.0917376428842545 0.0931878611445427 0.094559870660305 0.0958498492836952 0.088513694703579 0.0790874809026718 0.0704949051141739 0.0626868456602097 0.0556133836507797 0.049224391579628 0.0434704832732677 0.0390333384275436 0.0370470248162746 0.0351403467357159 0.0333116166293621 0.0315588898956776 0.029880341142416 0.0282739624381065 0.0267378222197294 0.0268656183034182 0.0275271777063608 0.0281799603253603 0.028822623193264 0.0294538587331772 0.0300722308456898 0.0306764207780361 0.0304887257516384 0.0280766952782869 0.0258344765752554 0.0237521789968014 0.0218201875686646 0.0200293809175491 0.0183709915727377 0.0168366730213165 0.0158728994429111 0.0151014812290668
0.0965617299079895 0.0944021791219711 0.0922050029039383 0.0899746119976044 0.088784746825695 0.0907509550452232 0.0926471799612045 0.09446731954813 0.0962058082222939 0.0978573635220528 0.0994164794683456 0.100878283381462 0.0932120978832245 0.0833188518881798 0.0742906704545021 0.0660789459943771 0.0586333684623241 0.0519031994044781 0.0458380840718746 0.0410593152046204 0.0385942123830318 0.0362544693052769 0.0340353660285473 0.0319322310388088 0.0299406070262194 0.0280559435486794 0.0262737832963467 0.0262913983315229 0.0268818903714418 0.0274641830474138 0.0280372370034456 0.0285998843610287 0.0291510988026857 0.0296897981315851 0.0295327585190535 0.0274120420217514 0.0254269130527973 0.0235701743513346 0.0218348521739244 0.0202142614871264 0.0187019519507885 0.0172917544841766 0.0163875818252563 0.0156550612300634
0.101510144770145 0.100418299436569 0.0992297455668449 0.0979478433728218 0.0973268523812294 0.0988652110099792 0.100304707884789 0.101640462875366 0.102868370711803 0.103984266519547 0.10498434305191 0.105865359306335 0.0976395905017853 0.0872403159737587 0.077752485871315 0.0691247805953026 0.0613047145307064 0.0542387738823891 0.0478738322854042 0.0428059287369251 0.0400167405605316 0.0373839624226093 0.0349008962512016 0.0325609967112541 0.0303577110171318 0.0282847806811333 0.0263360813260078 0.0263260658830404 0.026934402063489 0.0275385621935129 0.0281376428902149 0.0287307947874069 0.0293170418590307 0.0298954993486404 0.0298248305916786 0.0279006268829107 0.0260864924639463 0.0243772957473993 0.0227679591625929 0.0212535988539457 0.0198295172303915 0.0184911452233791 0.0176076758652925 0.0168800856918097
0.106627568602562 0.106694847345352 0.106620259582996 0.106403782963753 0.106425054371357 0.107453316450119 0.108357101678848 0.109133042395115 0.109778642654419 0.11029177904129 0.110670447349548 0.110913410782814 0.102112151682377 0.0912027955055237 0.0812510401010513 0.0722033828496933 0.0640048831701279 0.0565993897616863 0.0499311164021492 0.0445689186453819 0.0414462313055992 0.0385135821998119 0.0357618741691113 0.033182293176651 0.0307662449777126 0.0285053681582212 0.0263915508985519 0.0263557489961386 0.0269834566861391 0.0276107732206583 0.0282370019704103 0.0288614649325609 0.0294833611696959 0.0301019717007875 0.0301186479628086 0.0283959172666073 0.0267600696533918 0.0252075996249914 0.0237349737435579 0.0223387740552425 0.0210157707333565 0.0197627246379852 0.0189068112522364 0.018188651651144
0.111914232373238 0.113232865929604 0.114378549158573 0.115346066653728 0.116082683205605 0.116514138877392 0.116799086332321 0.116936348378658 0.116925805807114 0.116767294704914 0.116461388766766 0.116009153425694 0.106617465615273 0.0951958671212196 0.0847775861620903 0.0753071457147598 0.0667273476719856 0.0589795187115669 0.0520052127540112 0.0463443584740162 0.0428799241781235 0.0396413169801235 0.0366168580949306 0.0337953418493271 0.0311657208949327 0.0287174507975578 0.0264401771128178 0.0263804756104946 0.0270290672779083 0.0276808515191078 0.0283352639526129 0.0289918500930071 0.0296500120311975 0.0303091872483492 0.0304142106324434 0.0288979280740023 0.0274478085339069 0.0260614771395922 0.0247367564588785 0.0234713647514582 0.022263128310442 0.0211099628359079 0.0202890690416098 0.0195852909237146
0.117369897663593 0.120032429695129 0.122505374252796 0.124775290489197 0.126298919320107 0.126042440533638 0.1256223320961 0.125039830803871 0.124297186732292 0.123397223651409 0.122342891991138 0.121138118207455 0.111143000423908 0.099208801984787 0.0883227661252022 0.0784280747175217 0.0694652646780014 0.0613732896745205 0.0540910810232162 0.0481281690299511 0.0443147756159306 0.0407649837434292 0.0374644435942173 0.0343991816043854 0.0315556526184082 0.0289207808673382 0.0264819152653217 0.0264001525938511 0.0270711481571198 0.0277486983686686 0.0284324213862419 0.0291220135986805 0.0298170745372772 0.0305171888321638 0.0307115223258734 0.0294067598879337 0.028149900957942 0.026939507573843 0.0257742702960968 0.0246529038995504 0.0235740207135677 0.0225363932549953 0.0217587295919657 0.0210747513920069
0.122993484139442 0.127092733979225 0.130999132990837 0.134688809514046 0.137068390846252 0.136029839515686 0.134815528988838 0.1334298402071 0.131878152489662 0.130165979266167 0.128299549221992 0.126285657286644 0.115675784647465 0.103229947388172 0.0918768271803856 0.0815578028559685 0.0722114741802216 0.0637745782732964 0.0561836287379265 0.0499160662293434 0.0457476675510406 0.0418825037777424 0.0383032225072384 0.0349929742515087 0.0319355838000774 0.0291152261197567 0.0265167523175478 0.0264148078858852 0.0271097160875797 0.0278143454343081 0.0285284463316202 0.0292519126087427 0.0299844853579998 0.0307259559631348 0.0310105737298727 0.0299224425107241 0.0288665518164635 0.0278421230614185 0.0268485099077225 0.0258850250393152 0.0249509830027819 0.0240457095205784 0.0233201254159212 0.0226619616150856
0.122103661298752 0.127393499016762 0.132526040077209 0.137467458844185 0.14079675078392 0.139742791652679 0.138485237956047 0.137029334902763 0.135380998253822 0.13354679942131 0.131534606218338 0.129352450370789 0.118433937430382 0.10566383600235 0.094015970826149 0.0834305360913277 0.0738446563482285 0.0651935860514641 0.0574120804667473 0.0509780086576939 0.0466673597693443 0.0426736660301685 0.0389786548912525 0.035564724355936 0.0324146375060081 0.0295119136571884 0.0268405042588711 0.0267086438834667 0.0273865852504969 0.0280747730284929 0.0287731699645519 0.0294817108660936 0.0302002187818289 0.0309286136180162 0.0312342885881662 0.0302618984133005 0.0293145049363375 0.0283916685730219 0.0274929441511631 0.0266179051250219 0.0257661025971174 0.0249370764940977 0.0242884401232004 0.0237053297460079
0.114832922816277 0.120931796729565 0.126946926116943 0.132837802171707 0.137126013636589 0.136875167489052 0.136375695466995 0.135630398988724 0.134642750024796 0.133417904376984 0.13196174800396 0.130281791090965 0.119366951286793 0.106460325419903 0.0946914926171303 0.0839998051524162 0.0743210986256599 0.0655893832445145 0.0577383190393448 0.0512813068926334 0.0470514632761478 0.0431245751678944 0.0394836887717247 0.0361124612390995 0.0329948253929615 0.0301154386252165 0.0274593103677034 0.0272865239530802 0.0279048234224319 0.0285316780209541 0.0291671175509691 0.0298110581934452 0.0304634012281895 0.0311241503804922 0.0313809961080551 0.0304196588695049 0.0294826198369265 0.0285693518817425 0.0276794992387295 0.0268126875162125 0.0259684342890978 0.0251463800668716 0.0245938114821911 0.024132676422596
0.107900403439999 0.114722147583961 0.121544785797596 0.128322347998619 0.13352333009243 0.134047836065292 0.134283602237701 0.134228900074959 0.133884236216545 0.13325160741806 0.132334873080254 0.131139576435089 0.120226576924324 0.107187144458294 0.0953016057610512 0.0845076218247414 0.0747401267290115 0.0659319385886192 0.05801547691226 0.0515407547354698 0.047400452196598 0.043548222631216 0.0399684645235538 0.0366461649537086 0.0335665456950665 0.0307153705507517 0.0280788876116276 0.0278654936701059 0.0284234080463648 0.028988428413868 0.0295605137944221 0.0301396418362856 0.0307258013635874 0.0313189439475536 0.031527116894722 0.0305770263075829 0.0296504236757755 0.0287469159811735 0.0278661195188761 0.0270076375454664 0.0261710975319147 0.0253560822457075 0.0249014236032963 0.0245655979961157
0.101298317313194 0.108759880065918 0.116317585110664 0.123920664191246 0.129988417029381 0.131261065602303 0.132208853960037 0.132825136184692 0.133105620741844 0.133048176765442 0.132653549313545 0.131924271583557 0.121011227369308 0.107843123376369 0.0958447828888893 0.0849528908729553 0.0751008540391922 0.0662204697728157 0.0582426451146603 0.0517556369304657 0.0477135218679905 0.0439437068998814 0.0404320657253265 0.0371649488806725 0.0341289974749088 0.0313110798597336 0.0286986492574215 0.0284450892359018 0.02894202247262 0.0294446963816881 0.0299531742930412 0.030467351898551 0.0309872794896364 0.0315129421651363 0.0316727124154568 0.0307339690625668 0.0298179984092712 0.0289243515580893 0.028052743524313 0.0272027421742678 0.0263740438967943 0.0255662240087986 0.0252113249152899 0.0250041969120502
0.0950184315443039 0.103040643036366 0.111262939870358 0.119631581008434 0.126520946621895 0.128514602780342 0.130151733756065 0.131419479846954 0.132307156920433 0.132807955145836 0.132917389273643 0.132634937763214 0.121719442307949 0.10842689871788 0.0963200107216835 0.0853345021605492 0.075402557849884 0.0664542466402054 0.0584193877875805 0.0519254542887211 0.0479899272322655 0.0443101562559605 0.0408736765384674 0.0376680754125118 0.034681424498558 0.0319018475711346 0.0293179657310247 0.0290248710662127 0.0294603332877159 0.0299003310501575 0.0303448960185051 0.0307940803468227 0.03124781511724 0.0317061804234982 0.0318176820874214 0.0308904778212309 0.0299852378666401 0.0291016381233931 0.0282393284142017 0.0273979734629393 0.0265772268176079 0.0257767532020807 0.0255234465003014 0.0254484601318836
0.0890517383813858 0.097559243440628 0.106378428637981 0.115453943610191 0.123120680451393 0.125808298587799 0.128112688660622 0.130012273788452 0.131489560008049 0.132530763745308 0.133126139640808 0.133270233869553 0.122349999845028 0.108937121927738 0.0967263653874397 0.0856518596410751 0.0756443589925766 0.0666327103972435 0.058545283973217 0.0520497411489487 0.048229057341814 0.044646929949522 0.041292455047369 0.0381546765565872 0.0352229811251163 0.0324869751930237 0.0299363154917955 0.0296043511480093 0.029977947473526 0.0303549915552139 0.0307355988770723 0.0311197247356176 0.0315073877573013 0.0318985506892204 0.0319620482623577 0.0310465265065432 0.0301522184163332 0.0292787570506334 0.0284259282052517 0.027593357488513 0.0267807058990002 0.0259877145290375 0.0258378461003304 0.0258984137326479
0.0853506699204445 0.0937955603003502 0.102573148906231 0.111627519130707 0.119401551783085 0.122524753212929 0.125249192118645 0.127546831965446 0.129394337534904 0.130772441625595 0.131667107343674 0.132068768143654 0.121374636888504 0.108163081109524 0.0961287170648575 0.085206888616085 0.0753299742937088 0.0664286464452744 0.05843311175704 0.0520395897328854 0.0483810156583786 0.0449391379952431 0.0417048819363117 0.0386690087616444 0.0358224660158157 0.033156406134367 0.0306619685143232 0.0303185898810625 0.0306603778153658 0.0310051925480366 0.0313530191779137 0.0317038223147392 0.0320577099919319 0.0324146449565887 0.0324394889175892 0.0314749665558338 0.0305340085178614 0.0296162962913513 0.0287213884294033 0.0278489179909229 0.0269984435290098 0.0261696483939886 0.0260482169687748 0.0261585023254156
0.0836903154850006 0.0915900766849518 0.0997510477900505 0.108116909861565 0.115374676883221 0.118682809174061 0.121585294604301 0.12405027449131 0.126051008701324 0.127565011382103 0.128575623035431 0.129071831703186 0.118831180036068 0.106137432157993 0.0945549756288528 0.0840236619114876 0.074480265378952 0.0658605024218559 0.0580995641648769 0.0519096106290817 0.0484559088945389 0.0451938807964325 0.0421161502599716 0.0392153300344944 0.0364840663969517 0.0339150503277779 0.0315010957419872 0.0311746429651976 0.0315154045820236 0.0318591557443142 0.0322058163583279 0.0325555056333542 0.0329081267118454 0.033263772726059 0.0332586765289307 0.0321821272373199 0.031135069206357 0.0301169697195292 0.0291271526366472 0.0281651187688112 0.0272302012890577 0.0263218935579062 0.0261526294052601 0.0262242835015059
0.0820367932319641 0.0894057005643845 0.0969691127538681 0.104671135544777 0.111430540680885 0.114907428622246 0.11797272413969 0.120590448379517 0.122730061411858 0.124366372823715 0.125479638576508 0.126056835055351 0.116262920200825 0.104083500802517 0.0929507166147232 0.0828087702393532 0.0735991150140762 0.065261960029602 0.0577376037836075 0.051753219217062 0.0485063791275024 0.0454273223876953 0.0425103791058064 0.0397495850920677 0.0371391735970974 0.0346733778715134 0.0323462933301926 0.0320389568805695 0.0323793888092041 0.0327226333320141 0.0330687500536442 0.0334177389740944 0.0337696261703968 0.0341244228184223 0.0340887978672981 0.0328972116112709 0.03174152597785 0.030620975419879 0.0295347403734922 0.02848194912076 0.0274618025869131 0.0264735408127308 0.0262565687298775 0.0262898225337267
0.0803906992077827 0.0872432738542557 0.094228632748127 0.101291038095951 0.107569940388203 0.111200019717216 0.114413239061832 0.11716952174902 0.119434513151646 0.121179655194283 0.122382514178753 0.123027846217155 0.113673776388168 0.102004215121269 0.0913183614611626 0.0815641060471535 0.0726876854896545 0.0646339431405067 0.057347621768713 0.0515707544982433 0.0485323965549469 0.0456392168998718 0.0428869500756264 0.0402710996568203 0.0377871580421925 0.0354306064546108 0.033196933567524 0.032910943031311 0.033251691609621 0.0335951074957848 0.0339412949979305 0.0342902168631554 0.0346418879926205 0.034996323287487 0.034929696470499 0.0336200036108494 0.0323532447218895 0.0311282817274332 0.0299440044909716 0.0287993345409632 0.0276931934058666 0.0266245324164629 0.0263600200414658 0.0263550784438848
