resources/Exp000_Example-Run/Run01_M2/TimeSeries/1990/model/1990_model_prediction.asc
NCOLS 265 
NROWS 230 
XLLCORNER -115.5625 
YLLCORNER 24.8333333333333 
CELLSIZE 0.0833333333333333 
NODATA_value -9999 
[rows 20 to 39 of 230, columns 132 to 175 of 265]
0.335225462913513 0.348849534988403 0.358708024024963 0.359981507062912 0.361228108406067 0.362447530031204 0.363639354705811 0.364804148674011 0.365940630435944 0.367049187421799 0.37102535367012 0.375894248485565 0.380680769681931 0.385381758213043 0.389993667602539 0.394513338804245 0.398937672376633 0.382539480924606 0.308909505605698 0.244418144226074 0.189761713147163 0.144766241312027 0.108662135899067 0.080342561006546 0.0585741102695465 0.052622564136982 0.0507588125765324 0.0488868393003941 0.0470122955739498 0.0451407842338085 0.0432776547968388 0.0414280667901039 0.0404550209641457 0.0420964024960995 0.0437888726592064 0.0455333143472672 0.0473305881023407 0.0491813085973263 0.0510862767696381 0.0530462488532066 0.0529586113989353 0.0521831698715687 0.0514147952198982 0.050653625279665
0.342957586050034 0.356375068426132 0.365801990032196 0.36590713262558 0.365947514772415 0.365922570228577 0.365833312273026 0.365679144859314 0.36545991897583 0.365176379680634 0.369677871465683 0.375774204730988 0.381851524114609 0.387906581163406 0.39393624663353 0.399937123060226 0.405905961990356 0.3877874314785 0.303900837898254 0.231965854763985 0.172820627689362 0.125931695103645 0.08991789072752 0.0630114451050758 0.043393898755312 0.0398981459438801 0.04046980291605 0.0409757532179356 0.0414133630692959 0.0417803786695004 0.0420749559998512 0.0422955080866814 0.0428677797317505 0.0447296053171158 0.0466516613960266 0.0486349239945412 0.0506800450384617 0.0527878999710083 0.0549590066075325 0.0571941174566746 0.056949321180582 0.0558746010065079 0.0548116117715836 0.0537604689598083
0.350584030151367 0.363753825426102 0.372709393501282 0.371599048376083 0.370361000299454 0.368995189666748 0.367503106594086 0.365886360406876 0.36414510011673 0.362281203269958 0.367089837789536 0.374171495437622 0.381276994943619 0.388403028249741 0.395546078681946 0.402702450752258 0.409869283437729 0.390092462301254 0.297206580638885 0.219059437513351 0.156641095876694 0.108959995210171 0.0739078372716904 0.0489837527275085 0.031772468239069 0.0299550388008356 0.0320515334606171 0.0342011228203773 0.0363952554762363 0.038624744862318 0.0408793166279793 0.0431481972336769 0.0453647002577782 0.0474580265581608 0.0496211908757687 0.0518549233675003 0.0541600361466408 0.0565370470285416 0.0589864552021027 0.0615086071193218 0.0610959157347679 0.0597043856978416 0.058329738676548 0.056972399353981
0.358093410730362 0.370974004268646 0.379418700933456 0.377048075199127 0.374460071325302 0.37165778875351 0.368644803762436 0.365424811840057 0.362002104520798 0.358380645513535 0.363278836011887 0.371098160743713 0.378961622714996 0.386864989995956 0.39480385184288 0.402773827314377 0.410771429538727 0.389420121908188 0.288917005062103 0.205829948186874 0.14129701256752 0.0937787890434265 0.0603539198637009 0.037755873054266 0.02300139144063 0.0222768038511276 0.0252195615321398 0.0284293424338102 0.0319108031690121 0.0356656275689602 0.039692047983408 0.0439843945205212 0.0479439869523048 0.0502793453633785 0.0526943169534206 0.0551895350217819 0.0577654354274273 0.0604223236441612 0.0631604343652725 0.0659797266125679 0.0653898939490318 0.063665896654129 0.061964362859726 0.0602858923375607
0.370149791240692 0.383469015359879 0.392029911279678 0.388938784599304 0.385619193315506 0.382075369358063 0.378311693668365 0.374333620071411 0.370146185159683 0.365755021572113 0.369791626930237 0.376698553562164 0.383625000715256 0.390567749738693 0.39752334356308 0.404488742351532 0.411460638046265 0.38945597410202 0.28921765089035 0.206102401018143 0.141410306096077 0.0937229990959167 0.0601793676614761 0.0375261008739471 0.0227677561342716 0.0223957225680351 0.0259115807712078 0.0298335812985897 0.0341817438602448 0.0389722101390362 0.0442165955901146 0.0499207936227322 0.0548268780112267 0.0561342127621174 0.0574447922408581 0.0587574690580368 0.0600710920989513 0.0613844878971577 0.0626962408423424 0.0640051886439323 0.0632607489824295 0.0618383064866066 0.0604231171309948 0.0590161457657814
0.387013763189316 0.401508182287216 0.410842597484589 0.407683402299881 0.404363006353378 0.400884300470352 0.397250235080719 0.393464028835297 0.389529168605804 0.385449081659317 0.387743324041367 0.392180889844894 0.396605342626572 0.401014715433121 0.405408054590225 0.409784644842148 0.414142340421677 0.392340809106827 0.299321293830872 0.220495849847794 0.157241761684418 0.108833640813828 0.0732853934168816 0.0481075830757618 0.03083660826087 0.0304146949201822 0.0346719548106194 0.0393612533807755 0.0444991253316402 0.050098080188036 0.0561660528182983 0.0627059265971184 0.0675014331936836 0.0658339485526085 0.064171314239502 0.0625151172280312 0.0608669705688953 0.0592285729944706 0.0576013848185539 0.0559869222342968 0.0551482625305653 0.0545522049069405 0.053941510617733 0.0533168911933899
0.40406608581543 0.419698745012283 0.429802626371384 0.426690191030502 0.423454850912094 0.420098662376404 0.416623681783676 0.413032203912735 0.40932634472847 0.405508667230606 0.405944615602493 0.407799422740936 0.409629076719284 0.411433130502701 0.413210839033127 0.414962917566299 0.416688621044159 0.395104914903641 0.309530049562454 0.235492065548897 0.174328848719597 0.125817239284515 0.0886949822306633 0.0611735731363297 0.0413373149931431 0.0408723838627338 0.045927207916975 0.0514273159205914 0.0573849231004715 0.0638085082173347 0.0707021057605743 0.0780651867389679 0.0824311301112175 0.0767691060900688 0.0713966712355614 0.0663083419203758 0.0614978484809399 0.0569579936563969 0.0526811443269253 0.0486591458320618 0.0477643683552742 0.047842625528574 0.0479006990790367 0.0479384511709213
0.421267777681351 0.437990725040436 0.448853492736816 0.445911347866058 0.442853450775146 0.43968078494072 0.436395347118378 0.432998776435852 0.429493129253387 0.425880670547485 0.424351453781128 0.42352294921875 0.422675281763077 0.42180871963501 0.420923411846161 0.420019537210464 0.419097542762756 0.397746175527573 0.319831192493439 0.251075774431229 0.192691221833229 0.144785538315773 0.106661282479763 0.0771381556987762 0.0548283495008945 0.0543326251208782 0.0602047294378281 0.0665194541215897 0.0732841491699219 0.0805030539631844 0.0881766006350517 0.0963011309504509 0.0998288691043854 0.0890047252178192 0.0791155323386192 0.0701162219047546 0.0619584694504738 0.0545912869274616 0.0479626171290874 0.0420197807252407 0.0411013253033161 0.0417126715183258 0.04231146723032 0.0428969413042068
0.438578873872757 0.456333339214325 0.467939436435699 0.465298503637314 0.462514579296112 0.45958948135376 0.456524133682251 0.453320652246475 0.449981331825256 0.446507096290588 0.442917495965958 0.439319252967834 0.435722976922989 0.432128965854645 0.428538233041763 0.424950927495956 0.421366721391678 0.40026319026947 0.330213159322739 0.26722726225853 0.212335556745529 0.165830612182617 0.127423778176308 0.096426859498024 0.0719262808561325 0.0714179128408432 0.0780732184648514 0.0851498320698738 0.092650793492794 0.100576408207417 0.10892379283905 0.11768689006567 0.1198765411973 0.102590382099152 0.0873154699802399 0.0739163383841515 0.0622451119124889 0.0521475598216057 0.0434681661427021 0.0360544808208942 0.0351394452154636 0.0361554883420467 0.0371768735349178 0.0382023751735687
0.455956935882568 0.474675118923187 0.487002611160278 0.484799742698669 0.482391804456711 0.479779332876205 0.476965099573135 0.473949909210205 0.470737129449844 0.467327952384949 0.461595267057419 0.455156415700912 0.448751360177994 0.442381292581558 0.436047852039337 0.429752349853516 0.423495918512344 0.402654111385345 0.340662568807602 0.283922016620636 0.233253300189972 0.189019098877907 0.151193708181381 0.119455322623253 0.0932818278670311 0.0927843749523163 0.100116036832333 0.107828706502914 0.115921728312969 0.124392442405224 0.133235663175583 0.142443582415581 0.142709076404572 0.11755658686161 0.0959772989153862 0.0776854082942009 0.0623554587364197 0.0496457070112228 0.039215475320816 0.0307389553636312 0.0298490077257156 0.0311559047549963 0.0324929170310497 0.03385915979743
0.46104046702385 0.478614836931229 0.490145266056061 0.487690657377243 0.484999924898148 0.482074975967407 0.478918135166168 0.475531846284866 0.471918642520905 0.468081742525101 0.461381316184998 0.453818589448929 0.446311503648758 0.438862353563309 0.43147200345993 0.424143224954605 0.416877776384354 0.395988464355469 0.336712211370468 0.282444030046463 0.233861997723579 0.191254809498787 0.154583975672722 0.12356086820364 0.0977262631058693 0.0983007177710533 0.107173345983028 0.116618134081364 0.126644805073738 0.137260302901268 0.148468226194382 0.160268008708954 0.161405518651009 0.131816476583481 0.106536142528057 0.085242748260498 0.0675461739301682 0.0530231297016144 0.0412455312907696 0.0318014472723007 0.030485050752759 0.0314604565501213 0.0324441380798817 0.033434946089983
0.453711271286011 0.467947095632553 0.477031081914902 0.473582565784454 0.469922453165054 0.466053754091263 0.461979478597641 0.457702964544296 0.453227370977402 0.448557615280151 0.442124396562576 0.435187816619873 0.428302675485611 0.421471327543259 0.414694368839264 0.407973945140839 0.401310741901398 0.380092114210129 0.318409383296967 0.262852191925049 0.213998138904572 0.171960309147835 0.136490345001221 0.107089638710022 0.0831095948815346 0.0854484885931015 0.0964454263448715 0.108526587486267 0.121743567287922 0.136141046881676 0.151755064725876 0.168611079454422 0.174138888716698 0.144838407635689 0.119355551898479 0.0974767357110977 0.0789188146591187 0.0633577257394791 0.0504505261778831 0.0398544259369373 0.0374000295996666 0.0372164994478226 0.0370178185403347 0.0368042476475239
0.446261316537857 0.456977128982544 0.463429123163223 0.45906063914299 0.454499125480652 0.449749767780304 0.444815844297409 0.439701944589615 0.434412211179733 0.428952634334564 0.422793686389923 0.416466474533081 0.4101742208004 0.403919249773026 0.397702604532242 0.39152517914772 0.385389178991318 0.363896429538727 0.300292134284973 0.243914380669594 0.195202961564064 0.154067486524582 0.120034672319889 0.0923916473984718 0.0703086405992508 0.0739875882863998 0.0865956172347069 0.10088374465704 0.116973653435707 0.134973838925362 0.154973164200783 0.177035003900528 0.187245115637779 0.158504903316498 0.133083626627922 0.110855281352997 0.0916295647621155 0.0751723647117615 0.0612231232225895 0.0495097674429417 0.0455312170088291 0.0437527634203434 0.0420255027711391 0.0403488129377365
0.438697844743729 0.445727676153183 0.449380546808243 0.444168239831924 0.438778012990952 0.433214545249939 0.427482575178146 0.421588718891144 0.415538340806961 0.409337252378464 0.403457671403885 0.397720545530319 0.391990900039673 0.386269986629486 0.380560606718063 0.374863892793655 0.369181752204895 0.347476840019226 0.282436370849609 0.225688561797142 0.177501901984215 0.137558788061142 0.10515122115612 0.0793561711907387 0.0591744668781757 0.0638194754719734 0.0775793120265007 0.0936754867434502 0.112334676086903 0.133759930729866 0.158115491271019 0.185512140393257 0.200665593147278 0.172764137387276 0.147686883807182 0.125375673174858 0.105716824531555 0.0885542556643486 0.0737026855349541 0.0609586127102375 0.0550003051757812 0.0511166304349899 0.0474722199141979 0.0440556071698666
0.4310282766819 0.434220641851425 0.434928774833679 0.428953051567078 0.422807574272156 0.4164999127388 0.410036474466324 0.40342366695404 0.396669834852219 0.389781922101974 0.384185284376144 0.379016369581223 0.373816698789597 0.368588835000992 0.363335102796555 0.358058154582977 0.352760583162308 0.330909579992294 0.264913767576218 0.208224400877953 0.160906985402107 0.122401341795921 0.0917615666985512 0.0678631588816643 0.0495534352958202 0.0548428148031235 0.0693501308560371 0.086887314915657 0.107826121151447 0.132500469684601 0.16117562353611 0.194013714790344 0.214336052536964 0.187552884221077 0.163115456700325 0.141014784574509 0.121196009218693 0.103567659854889 0.0880091860890388 0.074380025267601 0.0659183040261269 0.0593461021780968 0.0533568933606148 0.0479085147380829
0.423258900642395 0.422481179237366 0.420122385025024 0.413463979959488 0.406640648841858 0.399661093950272 0.392534196376801 0.385268151760101 0.377872824668884 0.370356857776642 0.365044832229614 0.360419780015945 0.35571700334549 0.350939929485321 0.346092194318771 0.341177433729172 0.336199194192886 0.314273208379745 0.247792541980743 0.191560983657837 0.145418256521225 0.108550406992435 0.0797777026891708 0.0577873662114143 0.0412925481796265 0.046955581754446 0.0618606247007847 0.0805042162537575 0.103447310626507 0.131197184324265 0.164147198200226 0.202510103583336 0.228187382221222 0.20279823243618 0.179304122924805 0.157727584242821 0.138056054711342 0.120247326791286 0.104234032332897 0.0899289399385452 0.0783791244029999 0.0684676542878151 0.059671338647604 0.0518883056938648
0.407599687576294 0.399492293596268 0.392034083604813 0.386611580848694 0.380984514951706 0.375160962343216 0.369149386882782 0.36295884847641 0.356597602367401 0.350075513124466 0.342373371124268 0.334305644035339 0.326240837574005 0.318186104297638 0.310149848461151 0.302139669656754 0.29416286945343 0.273886144161224 0.221342831850052 0.176414638757706 0.138799384236336 0.107895046472549 0.08293067663908 0.06307003647089 0.0474874526262283 0.0537577532231808 0.0691989362239838 0.0880914628505707 0.110865749418736 0.137890979647636 0.16943134367466 0.205598413944244 0.230036035180092 0.208158031105995 0.187661543488503 0.168564736843109 0.150866121053696 0.134547606110573 0.119576714932919 0.10590810328722 0.0923897176980972 0.080041378736496 0.0691471472382545 0.0595721267163754
0.384414166212082 0.366022735834122 0.351826190948486 0.349448025226593 0.346759110689163 0.343764692544937 0.340470939874649 0.336884409189224 0.333012521266937 0.328863203525543 0.31637254357338 0.301474839448929 0.286956399679184 0.272833049297333 0.259118258953094 0.245823487639427 0.232958242297173 0.216099172830582 0.187956437468529 0.162689104676247 0.140169441699982 0.120235353708267 0.102701880037785 0.0873715728521347 0.0740418434143066 0.0809558480978012 0.095917209982872 0.112929724156857 0.13210816681385 0.153535559773445 0.177253857254982 0.203255668282509 0.21994286775589 0.203365981578827 0.18764591217041 0.172784805297852 0.158778056502342 0.145615428686142 0.133281111717224 0.121755227446556 0.108018204569817 0.0947121232748032 0.0828257501125336 0.0722460746765137
0.361691117286682 0.333590716123581 0.313247263431549 0.313757389783859 0.313838243484497 0.313489198684692 0.312711983919144 0.31150883436203 0.309883296489716 0.30784022808075 0.290979623794556 0.270106613636017 0.250218123197556 0.231331154704094 0.213451877236366 0.196578949689865 0.180702298879623 0.16715307533741 0.158233880996704 0.149671390652657 0.141460850834846 0.133596926927567 0.126072943210602 0.118882201611996 0.112017340958118 0.118679530918598 0.130457624793053 0.143010631203651 0.156338155269623 0.170432716608047 0.185278743505478 0.200853303074837 0.210062056779861 0.198610916733742 0.187601789832115 0.177033379673958 0.166902303695679 0.157204002141953 0.147932663559914 0.139081120491028 0.125363886356354 0.111197434365749 0.0983896628022194 0.0868500843644142
0.339509785175323 0.302436351776123 0.276703834533691 0.279849499464035 0.282459437847137 0.284520447254181 0.286023557186127 0.2869613468647 0.28732904791832 0.287125527858734 0.266363978385925 0.240437850356102 0.216320395469666 0.19400329887867 0.173454269766808 0.154622480273247 0.137440890073776 0.126885607838631 0.132101431488991 0.137366831302643 0.142671674489975 0.148005396127701 0.153356850147247 0.15871524810791 0.16406874358654 0.169043943285942 0.173914879560471 0.178801953792572 0.183699384331703 0.18860100209713 0.193501278758049 0.198393747210503 0.200404495000839 0.19389508664608 0.187529653310776 0.181307673454285 0.175229758024216 0.16929517686367 0.163503766059875 0.15785513818264 0.144420221447945 0.129524752497673 0.115901678800583 0.103482954204082
