resources/Exp000_Example-Run/Run01_M2/TimeSeries/1990/model/1990_biasfile.asc
NCOLS 265 
NROWS 230 
XLLCORNER -115.5625 
YLLCORNER 24.8333333333333 
CELLSIZE 0.0833333333333333 
NODATA_value -9999 
[rows 144 to 161 of 230, columns 84 to 125 of 265]
0.00560471825541545 0.00548534694530723 0.00537277053939114 0.00526732985429838 0.00516943924455537 0.0050794217255887 0.00499751086152054 0.00492385325280495 0.00485925975368418 0.00480370808066216 0.00475625147737768 0.00471667895430586 0.00468472499097216 0.00466007606289904 0.00464237735985309 0.00463138029374676 0.00462739861088127 0.00462892014111797 0.00463549955064089 0.00464669565962061 0.00466207722934394 0.00468122832861791 0.00470375325590818 0.00472964378256077 0.0047581926142396 0.00478898992897533 0.00482178985111285 0.00485638025374641 0.00489258164603026 0.00493024542207845 0.00496934362287715 0.00500980496371196 0.00505141809317244 0.00509412900099056 0.00513788707356244 0.00518263976281382 0.00522832728054442 0.00527488311766124 0.00532231283687978 0.00537032403588008 0.00541874630485565 0.00546737505576107
0.00561203201704499 0.00548936445277727 0.00537342721887407 0.00526457318718832 0.00516322718255494 0.0050697232060947 0.00498430630647896 0.00490713504657621 0.00483903470911894 0.00478000053533894 0.00472909864062907 0.00468613175955514 0.00465084829220335 0.00462294877114245 0.00460209251700627 0.00458804799135774 0.00458116403311156 0.00457992462922278 0.00458389784176889 0.00459265549637869 0.00460577890041673 0.00462286414195303 0.00464352694612763 0.00466780234262407 0.00469497409388868 0.00472463133142988 0.00475653574888595 0.00479048184232885 0.00482629576025303 0.00486383351868932 0.00490309084684734 0.00494400886282752 0.0049863470719602 0.00503005073856215 0.00507506739234929 0.00512134149654251 0.00516880914466839 0.00521740049101287 0.00526715472896667 0.00531772575041241 0.00536893369735975 0.00542056352460073
0.00560733310021934 0.005481709317913 0.00536274279279994 0.00525079753939194 0.00514630797563211 0.0050496184284807 0.00496098498278387 0.00488057791971735 0.00480923586756734 0.0047469718129987 0.00469286630328833 0.00464673637738335 0.00460834505989595 0.00457740775295282 0.00455359881368066 0.00453670460505218 0.00452710959822697 0.00452329617249651 0.0045248468946753 0.00453134769473466 0.00454239350143965 0.00455759346098458 0.00457657571542065 0.00459941992063657 0.00462540173703081 0.00465410985408757 0.0046853141352686 0.00471881620148562 0.00475444824130704 0.00479207119085755 0.00483170510433649 0.00487330378529315 0.00491659685833407 0.00496152868249362 0.00500804466615699 0.00505608593984686 0.00510558406119492 0.00515646538903954 0.00520880263314588 0.00526219460534301 0.00531645131833079 0.00537134655476874
0.00559181961182693 0.00546356030645981 0.00534187763705179 0.00522714586436126 0.00511980813857671 0.00502021844593391 0.00492864343007883 0.00484526479600836 0.00477093342714873 0.00470568015007473 0.00464860130585748 0.00459952868494486 0.00455824049591836 0.00452446766898026 0.00449790034182519 0.00447834345388614 0.00446621737606847 0.00446000497708052 0.00445930426998792 0.00446371622580256 0.00447285031462733 0.00448632963262546 0.00450379559182395 0.00452537347995806 0.0045503317110914 0.00457825911835499 0.00460893426491211 0.00464216634363137 0.0046777939453611 0.00471568320237551 0.00475587898082286 0.00479834800569104 0.00484278954018151 0.00488914691384128 0.00493736321913843 0.00498737599371102 0.00503911193851918 0.00509249325710493 0.00514762599110523 0.00520405289832825 0.00526157332887605 0.0053199493336371
0.00556559349011815 0.0054350294853173 0.00531095410341304 0.00519375089722224 0.00508387083325312 0.00498167683226699 0.00488744555820566 0.00480136978154255 0.00472431145698739 0.00465631925118612 0.00459650661010215 0.00454472045069627 0.00450075465250199 0.00446435625995924 0.00443523186362364 0.00441320556450102 0.00439873369948484 0.00439030177995132 0.00438752414544235 0.00439001768712553 0.00439740728291111 0.00440933082181106 0.0044254437947961 0.00444591791026791 0.00447001527219541 0.00449732547444145 0.00452763629410751 0.00456076493393116 0.00459655674657949 0.00463488334047639 0.00467581479670474 0.00471933097849692 0.0047651004796908 0.00481306551232393 0.00486316670084546 0.00491533777845045 0.00496950032324191 0.00502557207696971 0.00508369215820917 0.00514334654796664 0.005204323480274 0.00526637279848429
0.00552882166838428 0.00539629171267984 0.00527015516641104 0.00515080387062859 0.00503869564472869 0.00493420156742117 0.00483760772847843 0.00474911754563735 0.00466960277685625 0.00459912983674006 0.00453683052953041 0.00448256720041404 0.00443614981233157 0.00439734203489521 0.00436586750843121 0.0043415699876204 0.0043249416411748 0.00431447281773041 0.0043097949964266 0.00431054180415749 0.00431635433362395 0.00432688605461363 0.00434180729603983 0.00436133675349877 0.00438473123022146 0.00441158172435339 0.0044416857214248 0.0044748688591869 0.00451098360601168 0.00454990732803735 0.00459173563708495 0.00463646173042899 0.00468372339943312 0.00473346168747928 0.00478561464265629 0.00484011203261454 0.0048968701033532 0.00495580188446758 0.00501707924922689 0.00508013093603852 0.00514473369341434 0.00521062476970646
0.00548173465510492 0.00534758315091097 0.00521972286674738 0.00509855288710045 0.00498453688135731 0.00487805326464846 0.00477939690786552 0.00468878140249246 0.00460708696755962 0.00453439758413521 0.0044698646040439 0.00441336602856496 0.00436472824054902 0.00432373196825138 0.0042901184203165 0.00426375140187569 0.0042451585813495 0.00423283736530843 0.00422643711316601 0.00422560893403476 0.00423001087726039 0.0042393127207124 0.00425320033466593 0.00427193974220629 0.00429478352011248 0.0043213247354851 0.00435137105286452 0.0043847569537051 0.00442134236714103 0.00446101069751893 0.00450388331308515 0.00454996691788053 0.00459886854325199 0.00465052804982935 0.00470488084547734 0.00476185262289225 0.00482135414538687 0.00488329353833546 0.00494787504305157 0.00501446995086608 0.00508284324287751 0.00515271927703154
0.00542462450257791 0.00528919919161853 0.00515995619033377 0.00503730074996262 0.00492170135595589 0.00481354290070094 0.00471312834744728 0.00462068093769173 0.0045370879459146 0.00446245065246683 0.00439594107620475 0.00433745302861978 0.00428682957225368 0.00424386884843346 0.00420833007198329 0.00418009739839958 0.00415973346983506 0.00414574498203679 0.00413779983812318 0.00413556730179953 0.00413872305058526 0.00414695383184286 0.00415996169977333 0.00417806011666881 0.00420049856320742 0.00422687285556797 0.00425700127981206 0.00429072754957331 0.00432791938765813 0.0043684665131971 0.00441251618383101 0.00446008875775497 0.00451076072361867 0.00456447078191127 0.00462115168104074 0.00468072498166159 0.00474309587356445 0.00480816744565006 0.0048761758589069 0.00494643501721023 0.00501869794271772 0.00509267590266435
0.00535753227530122 0.00522119355923054 0.00509092159934043 0.00496712667712435 0.00485028100195202 0.00474077502371096 0.00463891904633655 0.00454494537246478 0.00445974682381723 0.00438344161719418 0.00431522351513824 0.00425500222060912 0.00420263766218308 0.00415794567506378 0.00412070384471735 0.00409081688260286 0.00406888165991607 0.00405341646174942 0.00404410833337629 0.00404064530382687 0.00404272129248285 0.00405004062402407 0.00406232213024674 0.00407992658293726 0.00410210158447136 0.00412844641302034 0.00415879039897653 0.00419298686387573 0.00423091165151378 0.00427246107413128 0.00431780831459744 0.00436698750782406 0.00441954500898621 0.00447541842010931 0.00453453785753175 0.0045968207468227 0.00466216667471808 0.00473047362185174 0.00480200914217582 0.00487603009740048 0.00495227745166722 0.00503044927867459
0.00528049207354965 0.00514361484734981 0.00501268224515937 0.00488810837677601 0.00477036801919478 0.00465985619336308 0.0045568897230374 0.00446170931147782 0.00437521170465567 0.00429753158746003 0.00422788549737093 0.00416619902941363 0.00411234908306247 0.00406616938631496 0.00402745617788652 0.00399613482505575 0.00397283543680627 0.00395609026586511 0.00394560602448936 0.00394109004765542 0.003942255044231 0.00394882346254451 0.00396053144924999 0.00397778668072803 0.00399983619616551 0.0040262834842178 0.00405696931840037 0.00409175698769773 0.00413053077615344 0.00417319386774612 0.00421994529362084 0.00427083305742469 0.00432537400783348 0.00438350475342241 0.00444515285799514 0.00451023166982407 0.00457863521240542 0.00465025635487313 0.0047253934264355 0.00480324691997805 0.00488354574873431 0.00496597480221974
0.00519475003610062 0.00505767685216713 0.0049264204303736 0.00480139759527637 0.00468308461873266 0.00457188016666509 0.00446810679948251 0.00437201297625397 0.00428449783703178 0.00420571202708763 0.00413489572305315 0.00407199033810985 0.00401688975920876 0.0039694457056177 0.00392947324098214 0.00389691837709806 0.00387244335976841 0.0038545965685203 0.00384310477320349 0.0038376950222515 0.00383809923123855 0.00384405839230693 0.00385532638376136 0.00387235716988738 0.00389439847001641 0.00392105867162711 0.00395219031662614 0.00398766695966556 0.00402738159558768 0.00407124452295701 0.00411948044429918 0.0041721512812373 0.00422874513166521 0.00428919774264598 0.00435343424360559 0.00442136401307193 0.0044928756114176 0.00456785685804782 0.0046466362269851 0.00472835874710783 0.00481274138852275 0.00489945597229138
0.0051008248279389 0.00496389176957525 0.00483264223361631 0.00470749465511997 0.00458892573521643 0.0044773368552554 0.00437305551520385 0.00427633726099001 0.00418808208337708 0.00410845601829099 0.00403672365903048 0.00397284209674154 0.00391672214979941 0.0038682335490715 0.00382721027201941 0.00379361886931945 0.00376815246304474 0.00374937766408189 0.00373704160007242 0.00373089135173617 0.00373067837254747 0.00373616253615518 0.00374711579125792 0.00376403755377391 0.00378617747968518 0.00381314953294296 0.00384481830470743 0.00388106787778407 0.00392180020165969 0.00396693291494611 0.00401671611586899 0.00407122565718769 0.00412992179763066 0.00419273958446653 0.00425960187001127 0.00433041421878727 0.00440505988512427 0.00448342175921702 0.00456585777681693 0.00465145866436928 0.00473992964994134 0.0048309297008365
0.0049992767302798 0.00486281127811433 0.00473189109655127 0.00460693514570653 0.0044884195064107 0.00437674735055723 0.0042722503140575 0.00417519034329459 0.00408646673520997 0.004006260291579 0.00393386071123673 0.00386924056004788 0.00381232746170099 0.00376300910278433 0.00372113838199782 0.00368670219157389 0.00366042312116075 0.00364088804894107 0.00362786466898286 0.00362112032289847 0.00362042624534103 0.00362556144449007 0.00363631619766717 0.00365323432308734 0.00367556867256701 0.00370293944738984 0.00373522352127349 0.0037723157287472 0.00381412718789801 0.00386058308229945 0.00391195853142689 0.00396834329379986 0.00402917084859608 0.00409437573205895 0.004163878713177 0.00423758174393758 0.00431536298436487 0.00439710057273775 0.00448318117245393 0.00457264261950072 0.00466517869278222 0.00476043581816004
0.00489070256665671 0.00475502157243162 0.0046247429613937 0.00450028516133924 0.00438212260783755 0.00427065935108594 0.00416623036016283 0.00406910328477453 0.00398017519421045 0.00389964098350564 0.0038268160560633 0.00376168818986035 0.00370420162083333 0.00365426186173486 0.00361174066043449 0.00357664496506131 0.00354972528845406 0.00352959073016191 0.00351602966734834 0.003508829840105 0.00350778241846503 0.00351268571199609 0.00352334850255464 0.0035403577563299 0.00356297077242756 0.00359081462760536 0.00362377866108771 0.00366176864087517 0.00370470503472709 0.0037525207524892 0.00380551546228803 0.00386379276217142 0.00392676055034406 0.00399435306478957 0.0040664892184627 0.00414306759507756 0.00422396152388172 0.00430904462274911 0.00439873149916585 0.0044920087529771 0.00458855909626105 0.00468801682118941
0.00477573034856562 0.00464113813629618 0.0045118011680482 0.00438813631886018 0.00427061538693851 0.00415964240892614 0.0040555548923456 0.00395862548905949 0.00386974752914067 0.00378912928805072 0.00371611238250799 0.00365069948473868 0.0035928511864961 0.00354249062654336 0.00349950825294186 0.003463930699731 0.00343653473620125 0.0034159535431307 0.00340199620583255 0.0033944709093973 0.00339318882393571 0.00339796764031035 0.00340863473738698 0.0034258187795748 0.00344878274679722 0.00347716120102464 0.00351085607718508 0.00354978421408827 0.00359387557459891 0.00364307094963756 0.00369769398648187 0.00375786201349093 0.00382295867537077 0.00389291814527447 0.00396765773756414 0.00404707295135517 0.00413103259706179 0.00421940605477095 0.00431263504445539 0.0044096568167606 0.00451014348562412 0.00461371770971244
0.00465470937594793 0.00452151250244591 0.00439341966146825 0.00427084514466045 0.0041542571070086 0.0040440586575468 0.00394058901685409 0.00384412509869154 0.00375555492926114 0.00367509937248017 0.00360212669677156 0.00353665407476729 0.00347865811570956 0.00342807929708132 0.00338482652650795 0.0033489456423539 0.00332123778218898 0.00330036206098417 0.00328614819716311 0.00327842476868406 0.00327702291418 0.00328177969280515 0.00329254108427477 0.00330997570735156 0.00333335349897483 0.00336231711462526 0.00339678116141591 0.00343667364207702 0.00348193412583152 0.00353251141584488 0.00358875242803569 0.00365078805473137 0.0037179792265486 0.00379026031832474 0.00386754734832315 0.00394973307166659 0.00403668216053986 0.00412826011004585 0.00422493481845621 0.00432559643603245 0.00442990706796607 0.00453747836913747
0.00452845477372942 0.00439693937096373 0.00427037319026227 0.00414916697806164 0.00403378430288938 0.00392462647896926 0.00382203364580899 0.00372628625475404 0.00363826552561443 0.00355820409654918 0.00348549722115476 0.00342017612897533 0.00336223304813249 0.00331162543765595 0.00326828034570278 0.00323226225159443 0.00320439467970422 0.00318336438586057 0.00316902154542627 0.00316121497548892 0.00315979565076015 0.00316461988667785 0.00317555217165641 0.00319329915003164 0.00321713893960583 0.00324672284849071 0.00328197816717416 0.00332284409886434 0.00336926988309431 0.00342121242883433 0.00347904110878661 0.00354290016030032 0.00361212944959523 0.00368666383278219 0.00376641835787106 0.00385128341001329 0.00394111994698535 0.00403578997870232 0.00413578660157952 0.00423995533757588 0.00434794895755388 0.0044593688342116
0.00439795971361452 0.00426837882296598 0.00414358933614089 0.00402399760664973 0.00391006178042004 0.00380218059878605 0.00370069439748673 0.00360588649526686 0.0035186299386419 0.00343916835109782 0.00336692419627193 0.00330194229767834 0.00324423007226874 0.00319376156109398 0.00315048158166027 0.00311447264838529 0.00308657871274707 0.00306551565783699 0.00305115385868529 0.00304336213480423 0.00304201108083516 0.0030469760731347 0.00305813993470325 0.0030762453409138 0.00310057970132752 0.00313080346069349 0.00316685654308473 0.00320868933410654 0.00325626075964087 0.00330953588714143 0.00336890568239684 0.00343452746945842 0.00350572171141093 0.00358242402010518 0.00366454880095361 0.00375198445164873 0.00384458865426964 0.00394222035290747 0.00404539686596521 0.00415292163430454 0.00426443880972206 0.00437954024927533
