resources/Exp000_Example-Run/Run01_M2/TimeSeries/1990/model/1990_biasfile.asc
NCOLS 265 
NROWS 230 
XLLCORNER -115.5625 
YLLCORNER 24.8333333333333 
CELLSIZE 0.0833333333333333 
NODATA_value -9999 
[rows 90 to 107 of 230, columns 210 to 251 of 265]
0.000371360429876254 0.000336478803520306 0.000304185134837395 0.000274353651089165 0.000246861353966719 0.000221587592381238 0.000198413744152976 0.000177341751064786 0.000158326449296658 0.000141015950058391 0.000125300908193836 0.000111074419729043 9.82322880431975e-05 8.66732975071076e-05 7.6299490697718e-05 6.7193483744354e-05 5.90524680715625e-05 5.17910368749841e-05 4.53309698203239e-05 3.9598536016165e-05 3.45245389264995e-05 3.00443295105193e-05 2.61514254182853e-05 2.27507988025352e-05 1.97580092719028e-05 1.7129389283888e-05 1.48250697911822e-05 1.28087889751932e-05 1.10476933735896e-05 9.52160347359827e-06 8.21433995352671e-06 7.07339164525466e-06 6.07924487296363e-06 5.21444456309855e-06 4.46341756734612e-06 3.81230431521183e-06 3.24879900318317e-06 2.77272122026518e-06 2.36147347971866e-06 2.0059625678263e-06 1.69931275056064e-06 1.43542271299059e-06
0.000375561837413412 0.00034067866303049 0.000308356930607546 0.000278474503733579 0.000250911608432096 0.000225550448657084 0.000202274928745637 0.00018108860908388 0.000161948275735614 0.000144505101925265 0.000128651205200506 0.000114281011547181 0.000101291538659109 8.95826844440237e-05 7.90575169281562e-05 6.97997249908482e-05 6.15076047568232e-05 5.40965162498326e-05 4.74889486330179e-05 4.16118250562643e-05 3.63965480085718e-05 3.17790124538659e-05 2.77538073875454e-05 2.42262279633453e-05 2.11118441008186e-05 1.83672565994195e-05 1.59528086002525e-05 1.38323952976589e-05 1.19732664006051e-05 1.03555951582719e-05 8.96372192520901e-06 7.74420821584415e-06 6.67741883017756e-06 5.74574242655899e-06 4.9334187189692e-06 4.226374066004e-06 3.61206563959414e-06 3.09081102447681e-06 2.63894509382117e-06 2.24700307682587e-06 1.90782274326602e-06 1.6150168818076e-06
0.000379507707472874 0.000344692565352633 0.000312406460729556 0.000282530925734525 0.000254949481408123 0.000229547294366802 0.000206210938193775 0.000184945438807572 0.000165709525913255 0.000148158338580176 0.000132185729856093 0.000117687744646099 0.000104562916758902 9.27125689692361e-05 8.20411123267808e-05 7.26331660564975e-05 6.41890483506049e-05 5.66252021066862e-05 4.98651248285153e-05 4.38366808550221e-05 3.8472145346209e-05 3.37082158259998e-05 2.95407304410633e-05 2.5875628809525e-05 2.2628737381393e-05 1.97570954326262e-05 1.72214096207262e-05 1.49858650004963e-05 1.30179292880779e-05 1.12982465839576e-05 9.8118108690994e-06 8.50426413148542e-06 7.35588938422156e-06 6.34894688391528e-06 5.46750632390797e-06 4.69728747778066e-06 4.02550945746953e-06 3.4530708359734e-06 2.95513248542213e-06 2.52182493437293e-06 2.1456734973999e-06 1.81997679607262e-06
0.000383277083887008 0.000348592815989175 0.000316399766592968 0.00028658314561337 0.000259029817105538 0.000233627995587628 0.000210267044571456 0.000188953302443396 0.000169647427797544 0.000152009365098996 0.000135934955906868 0.00012132213383014 0.000108071232069093 9.60852917613451e-05 8.52703674443444e-05 7.57118831487307e-05 6.71130417820212e-05 5.93916706016712e-05 5.24725610616139e-05 4.62847934074164e-05 4.0761777478433e-05 3.58412610534031e-05 3.15205103048311e-05 2.7706413894968e-05 2.43152854418395e-05 2.13047653477615e-05 1.86360682114223e-05 1.62737954386745e-05 1.41857417428604e-05 1.23531371982381e-05 1.07617614905228e-05 9.35633315418805e-06 8.11708927518837e-06 7.02618600228547e-06 6.06753683423042e-06 5.22665941385193e-06 4.49053096493821e-06 3.86071507181377e-06 3.31108576607042e-06 2.83133325058159e-06 2.41364253882311e-06 2.05096807364345e-06
0.000386931967252327 0.00035244026018726 0.000320396519800085 0.000290689624904596 0.000263209815622902 0.000237848427767408 0.000214497726609932 0.00019316519871472 0.000173813409198727 0.000156107958260974 0.000139946932291154 0.000125230428524574 0.000111860869578055 9.97433165844565e-05 8.87857773335272e-05 7.90743614795433e-05 7.03160392713494e-05 6.2430335325372e-05 5.53436320584193e-05 4.89865115546005e-05 4.32937912102192e-05 3.82045271347359e-05 3.3717608669912e-05 2.97411873081893e-05 2.61922986657424e-05 2.30293533177309e-05 2.0214223646343e-05 1.77120583300534e-05 1.5491091518252e-05 1.35332611785537e-05 1.18252740811206e-05 1.0310909494551e-05 8.9703936367695e-06 7.78580136617079e-06 6.74090173056982e-06 5.82101207906028e-06 5.01286083906267e-06 4.3187687263768e-06 3.71119418663114e-06 3.17934601936881e-06 2.71503688123053e-06 2.31084277669621e-06
0.000390543354369209 0.000356304320570921 0.000324464558886721 0.000294916590586404 0.00026755405042159 0.000242271457401209 0.000218964081810069 0.000197640383752847 0.000178264805657895 0.000160509463417481 0.000144274947941208 0.000129463800199245 0.000115980829037567 0.000103733425387341 9.26318693872645e-05 8.27628455104074e-05 7.38379920338408e-05 6.57788554423119e-05 5.8513717549987e-05 5.19749594349923e-05 4.6099089794404e-05 4.08267415070611e-05 3.6158639707614e-05 3.20045211145152e-05 2.82823815018671e-05 2.49515769238669e-05 2.19747926392735e-05 1.93178597546886e-05 1.69495675158602e-05 1.48526906972848e-05 1.30150142655344e-05 1.13793488745291e-05 9.92594377661808e-06 8.63681350622245e-06 7.49559193116412e-06 6.48739492368168e-06 5.59869171422663e-06 4.83266093944159e-06 4.16019932112833e-06 3.56998719437439e-06 3.053428185978e-06 2.60268095667308e-06
0.000394191376746273 0.000360263140937638 0.000328680036803657 0.000299338184776888 0.00027213461890101 0.000246967092281231 0.000223733975290252 0.000202444517537871 0.000183065003582901 0.000165274933648889 0.000148977666390092 0.000134078471951706 0.000120484849139654 0.000108106836776476 9.68573158892932e-05 8.68234454241532e-05 7.7722448618077e-05 6.94782298962128e-05 6.20212903940551e-05 5.52861186155395e-05 4.92112092036008e-05 4.37390506223605e-05 3.88724351681314e-05 3.45230152130296e-05 3.0609987317192e-05 2.70938344543385e-05 2.39382149449438e-05 2.11097815210616e-05 1.85779971812949e-05 1.63266096235671e-05 1.43446433043469e-05 1.25738956840646e-05 1.09946714316077e-05 9.58894348925822e-06 8.34021694298051e-06 7.23340157144597e-06 6.25469309167642e-06 5.40823810991606e-06 4.6632065638353e-06 4.00769673325766e-06 3.4326615057019e-06 2.92979823784338e-06
0.000397965384628299 0.000364403678862278 0.000333127520353549 0.000304036569394425 0.000277031250805965 0.000252012592306246 0.000228882151782407 0.000207649775931995 0.000188283551275097 0.000170471238986373 0.000154119232498842 0.000139135822152965 0.000125431507591054 0.000112919302120049 0.000101515025832825 9.13062243956884e-05 8.20166374894904e-05 7.3572875226805e-05 6.5907989598588e-05 5.89588963424115e-05 5.26663816696401e-05 4.69750788729747e-05 4.18900988382302e-05 3.73253474972988e-05 3.32014644395177e-05 2.94802470208866e-05 2.61264917520297e-05 2.31078160441996e-05 2.03944780800958e-05 1.79713420214109e-05 1.58288437552745e-05 1.39077060125353e-05 1.2188319371046e-05 1.06526312879581e-05 9.2840211848926e-06 8.06718427474185e-06 6.98802409628209e-06 6.0517751388737e-06 5.22569500741544e-06 4.49723924718049e-06 3.85686283177023e-06 3.29575237991714e-06
0.000401979899102817 0.000368839999160431 0.000337920367949422 0.000309124127092484 0.000282355069806249 0.000257517530320821 0.000234516337946616 0.000213361727056364 0.000194023539852912 0.000176198724537023 0.00015979699352758 0.00014472996858651 0.000130911483893572 0.000118257878853891 0.000106688277591409 9.62905369266458e-05 8.67959024197317e-05 7.81340669638741e-05 7.02409934540223e-05 6.30563723443184e-05 5.65236135744779e-05 5.05898096367614e-05 4.52626768054893e-05 4.04587359561894e-05 3.61003241406345e-05 3.21507558611039e-05 2.85761439690264e-05 2.53452243559432e-05 2.24291803203492e-05 1.98141511797227e-05 1.74921764989986e-05 1.54028192439181e-05 1.3526585325645e-05 1.18454102478064e-05 1.03425469591769e-05 9.00246251669721e-06 7.81074346598789e-06 6.77384925444393e-06 5.85690658875994e-06 5.04665632292384e-06 4.3329996312017e-06 3.7065541461878e-06
0.000406366534566577 0.000373701037693958 0.000343184734638808 0.0003147241122552 0.000288226296298997 0.000263598949982488 0.000240750252481957 0.000219690605395545 0.000200391556468859 0.000182560193447752 0.000166109842978965 0.00015095578300397 0.000137015531652989 0.000124209123608665 0.000112459371075793 0.000101854385126328 9.21339390019282e-05 8.32312068523315e-05 7.50854434958486e-05 6.7639481965215e-05 6.08397076259418e-05 5.46360050075671e-05 4.90390148769697e-05 4.39682488472685e-05 3.93480005849267e-05 3.51433151982923e-05 3.13218088908656e-05 2.78534968586736e-05 2.471062265137e-05 2.18807717216269e-05 1.93577968662815e-05 1.70799904920969e-05 1.50280007036976e-05 1.31837608008951e-05 1.15303915829072e-05 1.00521125394917e-05 8.73416176908385e-06 7.58437642337777e-06 6.56550169415406e-06 5.66348072643743e-06 4.86759647946511e-06 4.16783079168081e-06
0.000411228558780733 0.00037908291903898 0.000349009971587468 0.000320919465200393 0.000294721813949019 0.000270328023095014 0.00024764968980828 0.00022669717129644 0.000207443672649514 0.000189607321893691 0.000173105342416659 0.000157856980270708 0.000143783774124023 0.000130809810383479 0.00011886196082854 0.00010802855843769 9.80588725017043e-05 8.88899451339051e-05 8.04646933284318e-05 7.27294502505082e-05 6.5633918546815e-05 5.91310982473091e-05 5.32348797986978e-05 4.78681240162154e-05 4.29573229589927e-05 3.8469458518377e-05 3.4373830341337e-05 3.06418871740555e-05 2.72470616942518e-05 2.41785544497746e-05 2.14322408681026e-05 1.89450148604302e-05 1.66976885994126e-05 1.46721981599245e-05 1.28515219503234e-05 1.12196081163865e-05 9.76131068284398e-06 8.48600029496103e-06 7.35377843217013e-06 6.34970321584153e-06 5.46237169506754e-06 4.68106000380039e-06
0.000416694312837798 0.00038511002966913 0.000355516511936485 0.000327826656026542 0.000301954111470532 0.0002778132323879 0.000255319098169272 0.00023448180661431 0.000215276172310932 0.000197432272469504 0.000180871516030995 0.00016551743698685 0.000151295940434066 0.000138135531459201 0.00012596752441507 0.000114880463905642 0.000104634092748968 9.51697206132879e-05 8.64343096880184e-05 7.83780631933461e-05 7.09543547107519e-05 6.41196343028197e-05 5.78913933592239e-05 5.21962058453848e-05 4.6963002171838e-05 4.21609129020006e-05 3.77611056559351e-05 3.37366201370077e-05 3.00622089241278e-05 2.67288650833209e-05 2.37347088235405e-05 2.10150831289358e-05 1.85509826261189e-05 1.63243468216916e-05 1.431799643175e-05 1.25155787806866e-05 1.09015219504061e-05 9.48689840428629e-06 8.22887634220888e-06 7.11153200554909e-06 6.12270149160064e-06 5.25087800908619e-06
0.000422900798859715 0.000391915106799616 0.000362832823713821 0.000335569869771118 0.000310043069856706 0.000286170128791888 0.000263869669728244 0.00024315131392603 0.000223991439473243 0.000206132990663233 0.000189501857994722 0.000174026191961063 0.00015963662006547 0.000146266444268414 0.000133851816677012 0.000122481507535813 0.000111926718980066 0.000102133441156662 9.30530776500504e-05 8.46400843831969e-05 7.68518716237942e-05 6.96486853100624e-05 6.30519965607883e-05 5.6992461552026e-05 5.14016864532936e-05 4.6251168064367e-05 4.15141308565781e-05 3.71653659187101e-05 3.31810782121717e-05 2.95542394568186e-05 2.62854500384868e-05 2.33083233527701e-05 2.06040510096601e-05 1.81545718905322e-05 1.59425282468864e-05 1.39512309775221e-05 1.21646336722665e-05 1.05956920879117e-05 9.19832262061106e-06 7.95551266835138e-06 6.85425455522218e-06 5.88217361088695e-06
0.000429993378107574 0.000399638961536297 0.00037109515601634 0.000344280773720118 0.00031911574902061 0.000295521135730771 0.000273419160949883 0.000252818751479591 0.000233697806340623 0.00021581306491983 0.00019909520347438 0.000183477327239246 0.000168895153069435 0.000155287170053382 0.000142594776176321 0.000130907007851369 0.000120007520013624 0.000109847410046446 0.000100382932767492 9.15731925704838e-05 8.3380014589867e-05 7.5767798061232e-05 6.87624015799449e-05 6.2298937367306e-05 5.63119215065244e-05 5.0775440245046e-05 4.56649680495643e-05 4.09572107093998e-05 3.66299595749545e-05 3.26783601122538e-05 2.91057420041938e-05 2.58437824655733e-05 2.28738804005398e-05 2.01779649096063e-05 1.77384731325503e-05 1.55383373929901e-05 1.35609811299885e-05 1.18214386197655e-05 1.0270025421636e-05 8.88852246695984e-06 7.66298728214467e-06 6.5800842180863e-06
0.000438125406269054 0.00040843014080103 0.000380447225634084 0.000354098226887251 0.000329306118389122 0.000305995299200244 0.000284091660648965 0.00026360321773369 0.000244509352933202 0.000226581540247006 0.000209755555197435 0.000193969806719652 0.000179165479908102 0.000165286654198735 0.000152280395358665 0.000140236075201272 0.000128950802190821 0.000118381222087141 0.000108488864913614 9.92378928488676e-05 9.05949368603664e-05 8.25289187693877e-05 7.50705227726499e-05 6.815969543632e-05 6.17340929875683e-05 5.57706199567841e-05 5.02471981375281e-05 4.51426140909386e-05 4.04363809085857e-05 3.61260220852468e-05 3.22178599066025e-05 2.86413992296158e-05 2.53782519898076e-05 2.24103228757828e-05 1.97198109992481e-05 1.72892210055458e-05 1.51013829969483e-05 1.3173619323596e-05 1.1452263663561e-05 9.91776166334195e-06 8.55513641459176e-06 7.34998964486965e-06
0.000447559277603303 0.000418547284320612 0.000391143475823414 0.000365272018870046 0.000340858848833697 0.000317831705664075 0.000296120211677505 0.000275731239055867 0.000256645621490738 0.000238650591771086 0.000221687373530464 0.000205700067852569 0.000190635749972155 0.000176444538784845 0.000163079637857204 0.000150630864404418 0.000138909863026971 0.000127879318833649 0.000117506509230993 0.000107761109848882 9.86149924844818e-05 9.0042012115138e-05 8.20781856403664e-05 7.46687049863361e-05 6.77546084506749e-05 6.13158710176302e-05 5.5333078428221e-05 4.97872793578869e-05 4.46598553134648e-05 3.99509380195299e-05 3.56701419562745e-05 3.17445100261539e-05 2.81558676716512e-05 2.48860727111169e-05 2.19170432018317e-05 1.92307949007534e-05 1.680948757029e-05 1.46729738121503e-05 1.27631576665819e-05 1.10589976626815e-05 9.54436507837761e-06 8.20367957409047e-06
0.000458446343724729 0.000430135004462663 0.000403321909653642 0.000377933675468098 0.000353899122888472 0.000331149330340322 0.000309617719867545 0.000289309801158188 0.000270207838020537 0.000252115831708494 0.000234980805573468 0.000218752944231423 0.000203385638042005 0.000188835497670026 0.000175062337767523 0.00016215656533183 0.000149945417628296 0.000138398112558659 0.000127488149706754 0.0001171911760892 0.000107484741189357 9.83480451033255e-05 8.98229664988399e-05 8.18603452327621e-05 7.44048300483042e-05 6.74397170031573e-05 6.09484701985384e-05 5.49145789096114e-05 4.93214362409273e-05 4.41720160963145e-05 3.94795325058244e-05 3.51682484600143e-05 3.12201973401298e-05 2.76171612381773e-05 2.43407274373857e-05 2.13723546666328e-05 1.86934482391733e-05 1.63266431857951e-05 1.42089403747027e-05 1.2317650198833e-05 1.06353677004585e-05 9.14520415342955e-06
0.000470913551340383 0.000443313903224185 0.00041709694106019 0.000392191584757747 0.000368529469623204 0.000346045013966562 0.00032467551136801 0.000304424903277637 0.000285276874765176 0.000267053184636004 0.000249707008048622 0.000233195004669229 0.00021747730478888 0.00020251746269111 0.000188282376682224 0.000174863219288674 0.000162103843190887 0.000149980490462693 0.00013847335582288 0.000127564513534736 0.000117237625300837 0.000107477645717993 9.83328598564895e-05 8.9760146231267e-05 8.17079774135444e-05 7.41632172077627e-05 6.71124182639085e-05 6.05416844493363e-05 5.44365588990921e-05 4.88030927981675e-05 4.36584112648889e-05 3.8923655845014e-05 3.45810566171393e-05 3.06122853218769e-05 2.69985429155719e-05 2.37206570936641e-05 2.07591887447707e-05 1.813981435907e-05 1.57941385874031e-05 1.36976556362889e-05 1.183155451146e-05 1.01775065814546e-05
