resources/Exp000_Example-Run/Run01_M2/TimeSeries/1980/model/1980_model_prediction.asc
NCOLS 265 
NROWS 230 
XLLCORNER -115.5625 
YLLCORNER 24.8333333333333 
CELLSIZE 0.0833333333333333 
NODATA_value -9999 
[rows 140 to 159 of 230, columns 44 to 87 of 265]
0.722107887268066 0.729271471500397 0.735334098339081 0.740310728549957 0.744215488433838 0.747059941291809 0.748853743076324 0.749602615833282 0.765657424926758 0.785558938980103 0.803786993026733 0.820374488830566 0.835373878479004 0.848853349685669 0.860891997814178 0.866723716259003 0.857234120368958 0.847301244735718 0.836926341056824 0.826113224029541 0.814866602420807 0.803193867206573 0.791105091571808 0.778428792953491 0.764366865158081 0.74881100654602 0.731732666492462 0.7131187915802 0.692975044250488 0.671329140663147 0.651959359645844 0.643180072307587 0.634312629699707 0.625362277030945 0.616334617137909 0.607234716415405 0.598067820072174 0.588840126991272 0.570518732070923 0.549106895923615 0.527676820755005 0.506296098232269 0.485028654336929 0.46393820643425
0.735083341598511 0.741051375865936 0.746137201786041 0.750353753566742 0.75371116399765 0.75621896982193 0.757884323596954 0.758711814880371 0.77333927154541 0.791457414627075 0.808123230934143 0.823367595672607 0.837235391139984 0.849783837795258 0.861077547073364 0.866501331329346 0.857127964496613 0.847248077392578 0.836856007575989 0.825948476791382 0.814525008201599 0.802587449550629 0.790140509605408 0.776330649852753 0.760877132415771 0.743914604187012 0.725425004959106 0.705407977104187 0.683885037899017 0.660903096199036 0.641013026237488 0.633996963500977 0.626882255077362 0.619671523571014 0.612367510795593 0.604973554611206 0.597492754459381 0.589928388595581 0.570623457431793 0.547307372093201 0.523942708969116 0.500616431236267 0.477415502071381 0.454422175884247
0.746434926986694 0.751438498497009 0.755751967430115 0.759384393692017 0.76234358549118 0.764637172222137 0.766270577907562 0.767248153686523 0.780518531799316 0.79690670967102 0.812035202980042 0.825933575630188 0.838641166687012 0.85020524263382 0.860679864883423 0.865658044815063 0.856516242027283 0.846793949604034 0.836476743221283 0.825553357601166 0.81401538848877 0.801856398582458 0.789075314998627 0.774138689041138 0.757282376289368 0.738883435726166 0.718934655189514 0.697450876235962 0.674471974372864 0.650065243244171 0.62962532043457 0.624520599842072 0.619274199008942 0.613887846469879 0.608361840248108 0.602698564529419 0.596898972988129 0.590965569019318 0.570651829242706 0.545406937599182 0.520077884197235 0.494778692722321 0.469620585441589 0.444711208343506
0.75619786977768 0.760463356971741 0.764202773571014 0.76742297410965 0.770129561424255 0.772328853607178 0.774024128913879 0.775219619274139 0.787205278873444 0.801916658878326 0.815532267093658 0.828080296516418 0.839595675468445 0.850119352340698 0.859695792198181 0.864187836647034 0.855395436286926 0.845937252044678 0.835788369178772 0.82492733001709 0.813336372375488 0.801000237464905 0.787908971309662 0.771853029727936 0.753582954406738 0.733717024326324 0.712261915206909 0.689249634742737 0.664739847183228 0.638823747634888 0.617806851863861 0.614758014678955 0.611492991447449 0.608012616634369 0.604317605495453 0.600408554077148 0.596286654472351 0.591952741146088 0.57060432434082 0.54340535402298 0.516084909439087 0.488786667585373 0.461652338504791 0.434818893671036
0.765980303287506 0.769015371799469 0.771602749824524 0.77374804019928 0.775454580783844 0.776725769042969 0.777563393115997 0.7779700756073 0.788435399532318 0.801510751247406 0.813652098178864 0.824883580207825 0.835234224796295 0.844736635684967 0.853425979614258 0.857470750808716 0.849239408969879 0.840367615222931 0.830831587314606 0.820609390735626 0.80968165397644 0.798032104969025 0.785648465156555 0.769904732704163 0.751853883266449 0.732257425785065 0.711122274398804 0.688480079174042 0.664388000965118 0.638932108879089 0.618188261985779 0.614729762077332 0.611022710800171 0.607068061828613 0.602866530418396 0.598419427871704 0.593727767467499 0.588793516159058 0.566522300243378 0.538241863250732 0.509793221950531 0.481341898441315 0.453053086996078 0.425084829330444
0.77669495344162 0.777828216552734 0.77851140499115 0.778745770454407 0.778532385826111 0.777869939804077 0.776757955551147 0.775193452835083 0.783887922763824 0.795407235622406 0.806153476238251 0.816144704818726 0.82540237903595 0.833950161933899 0.841813743114471 0.845482349395752 0.83799010515213 0.829992532730103 0.821474313735962 0.8124218583107 0.802821934223175 0.792664527893066 0.78194123506546 0.767909824848175 0.751694142818451 0.734090924263 0.715096890926361 0.694726824760437 0.673016130924225 0.650021493434906 0.630406260490417 0.62396776676178 0.617302477359772 0.610412359237671 0.60330080986023 0.595971047878265 0.588426649570465 0.580672383308411 0.557735204696655 0.529433310031891 0.500892758369446 0.472288697957993 0.443796038627625 0.415586769580841
0.787065744400024 0.786286652088165 0.785029649734497 0.78329187631607 0.781069695949554 0.778358340263367 0.775151312351227 0.771442770957947 0.778411746025085 0.78847724199295 0.797904253005981 0.806707203388214 0.814901053905487 0.82250303030014 0.829530775547028 0.832826197147369 0.82614928483963 0.819085001945496 0.811623752117157 0.80375748872757 0.795477986335754 0.7867791056633 0.777655065059662 0.765303492546082 0.750893354415894 0.735240340232849 0.718335092067719 0.700181066989899 0.680796802043915 0.660216689109802 0.641709268093109 0.63229501247406 0.622659504413605 0.612809538841248 0.602752566337585 0.592496871948242 0.582050979137421 0.571424961090088 0.547993123531342 0.519895911216736 0.491466522216797 0.462889105081558 0.434349447488785 0.406032562255859
0.797088921070099 0.794393062591553 0.79116415977478 0.787393867969513 0.78307318687439 0.778191685676575 0.772738814353943 0.766703426837921 0.771986246109009 0.780697166919708 0.788881957530975 0.796550512313843 0.803714096546173 0.81038498878479 0.816575109958649 0.819507122039795 0.813718140125275 0.807641804218292 0.801273047924042 0.794606745243073 0.787638366222382 0.780363738536835 0.772779822349548 0.762080132961273 0.749449789524078 0.735708594322205 0.720842599868774 0.70484858751297 0.687732934951782 0.669513761997223 0.652086615562439 0.639705955982208 0.627091467380524 0.614258289337158 0.601222693920135 0.588000357151031 0.574609756469727 0.561069369316101 0.537317454814911 0.509650766849518 0.481534540653229 0.453160762786865 0.424727082252502 0.396433293819427
0.80676144361496 0.802150726318359 0.796921730041504 0.791059195995331 0.784547209739685 0.777369976043701 0.769511699676514 0.760957598686218 0.764589011669159 0.772043526172638 0.77906346321106 0.785656213760376 0.791828811168671 0.797590613365173 0.802949368953705 0.805532813072205 0.800700485706329 0.795663297176361 0.790417790412903 0.784961640834808 0.779292285442352 0.773407161235809 0.767304837703705 0.758232295513153 0.74736100435257 0.735496044158936 0.722623527050018 0.708734810352325 0.69382894039154 0.677913248538971 0.661533176898956 0.646198570728302 0.630597472190857 0.614759027957916 0.598711609840393 0.582486033439636 0.56611442565918 0.54962831735611 0.52573436498642 0.498722195625305 0.471118092536926 0.443122118711472 0.414944469928741 0.386800199747086
0.816082179546356 0.809564709663391 0.802310466766357 0.794295072555542 0.785495936870575 0.7758908867836 0.76546037197113 0.75418609380722 0.756197154521942 0.762494087219238 0.768429458141327 0.774008452892303 0.779236197471619 0.784118235111237 0.78866058588028 0.790916562080383 0.787104427814484 0.783151566982269 0.779055833816528 0.774815797805786 0.77043080329895 0.765898704528809 0.761218965053558 0.753751933574677 0.744621932506561 0.734602570533752 0.723679780960083 0.711844563484192 0.699089884757996 0.685416281223297 0.670047342777252 0.651771724224091 0.633177042007446 0.614310383796692 0.59522145986557 0.575961112976074 0.556580245494843 0.537131369113922 0.513275921344757 0.48713880777359 0.460241496562958 0.432792842388153 0.405016422271729 0.377144545316696
0.819047808647156 0.811453402042389 0.803059637546539 0.793839275836945 0.783767580986023 0.772820174694061 0.760977208614349 0.748222291469574 0.749497652053833 0.755330383777618 0.76081109046936 0.765944600105286 0.770734786987305 0.775187492370605 0.779307425022125 0.781309306621552 0.777754008769989 0.774092972278595 0.770325183868408 0.76645040512085 0.76246702671051 0.75837504863739 0.754173755645752 0.747548460960388 0.739436268806458 0.730509698390961 0.720757126808167 0.710169553756714 0.698740601539612 0.686468183994293 0.672389924526215 0.654918909072876 0.637179255485535 0.61921238899231 0.601061284542084 0.58276903629303 0.56438022851944 0.545937895774841 0.522979021072388 0.497528672218323 0.471117317676544 0.443952411413193 0.416260689496994 0.388284593820572
0.815578997135162 0.807724297046661 0.799092173576355 0.789657652378082 0.779398024082184 0.768291652202606 0.756322145462036 0.743475615978241 0.744878232479095 0.750862836837769 0.756450474262238 0.761646151542664 0.766454756259918 0.770882725715637 0.774934947490692 0.776727497577667 0.772657632827759 0.768496692180634 0.764244496822357 0.759900629520416 0.755464732646942 0.750936806201935 0.74631667137146 0.739785730838776 0.731979727745056 0.72341251373291 0.714075267314911 0.703960478305817 0.693063676357269 0.681383371353149 0.668915390968323 0.656038224697113 0.643016636371613 0.629867434501648 0.61660635471344 0.603251993656158 0.589820325374603 0.57632964849472 0.555102705955505 0.530152916908264 0.5040363073349 0.476943969726562 0.449091792106628 0.420716375112534
0.81164413690567 0.803525805473328 0.794651389122009 0.784997940063477 0.774544715881348 0.763274490833282 0.751171410083771 0.738226294517517 0.739755392074585 0.745889723300934 0.751576006412506 0.756820678710938 0.761628806591034 0.766007125377655 0.76996111869812 0.771531105041504 0.766995549201965 0.762376189231873 0.757673799991608 0.752888023853302 0.7480189204216 0.743067383766174 0.738032877445221 0.731599032878876 0.72409999370575 0.715890109539032 0.706961870193481 0.697309732437134 0.686930775642395 0.675824344158173 0.664979577064514 0.656770825386047 0.648476839065552 0.640102207660675 0.631651937961578 0.623129308223724 0.614539742469788 0.605887651443481 0.586508810520172 0.562267303466797 0.536668717861176 0.509883344173431 0.482109189033508 0.453571885824203
0.807232677936554 0.798848092556 0.789727330207825 0.779850959777832 0.769200086593628 0.75775957107544 0.745517909526825 0.732467472553253 0.734123468399048 0.740404605865479 0.74618124961853 0.751460433006287 0.756248116493225 0.760550796985626 0.764375627040863 0.765708804130554 0.760757446289062 0.75572282075882 0.750605702400208 0.745405912399292 0.740124464035034 0.734762191772461 0.729319334030151 0.722985029220581 0.715794265270233 0.707939326763153 0.699414312839508 0.690215349197388 0.680340588092804 0.669789791107178 0.660582423210144 0.657116174697876 0.653558790683746 0.649910092353821 0.646170794963837 0.642341256141663 0.638421058654785 0.634411454200745 0.616954743862152 0.593609869480133 0.568739652633667 0.542486667633057 0.515028536319733 0.486572116613388
0.80233359336853 0.793680131435394 0.784310579299927 0.774207413196564 0.763354778289795 0.751740396022797 0.739354908466339 0.726193785667419 0.727976441383362 0.734401047229767 0.740259170532227 0.745557844638824 0.75030380487442 0.754504561424255 0.758166670799255 0.759248673915863 0.753933131694794 0.748527467250824 0.74303263425827 0.737448990345001 0.731776893138885 0.726018071174622 0.720173120498657 0.713942170143127 0.707061231136322 0.699558973312378 0.691431224346161 0.682675778865814 0.673291206359863 0.663278758525848 0.65572202205658 0.657074451446533 0.658262014389038 0.65928441286087 0.660141944885254 0.660834670066833 0.661362648010254 0.661725997924805 0.646223664283752 0.623940646648407 0.599988043308258 0.57448023557663 0.547566711902618 0.519431352615356
0.796935319900513 0.788010954856873 0.778390407562256 0.768057644367218 0.75700044631958 0.745208501815796 0.732675313949585 0.719399452209473 0.72130811214447 0.727872252464294 0.733801782131195 0.739104568958282 0.743787229061127 0.747858226299286 0.751323401927948 0.752138912677765 0.746512532234192 0.740782141685486 0.734947860240936 0.729011178016663 0.722972750663757 0.716833353042603 0.710594236850739 0.704470336437225 0.697899580001831 0.690748035907745 0.68301248550415 0.674690783023834 0.665783047676086 0.656290829181671 0.650399446487427 0.656646609306335 0.662586987018585 0.668220818042755 0.673547387123108 0.678566515445709 0.683279454708099 0.687686860561371 0.674130439758301 0.653046548366547 0.630177676677704 0.605606019496918 0.579450845718384 0.551867246627808
0.791835725307465 0.782616078853607 0.77278745174408 0.762339770793915 0.751265645027161 0.739560127258301 0.727221071720123 0.714250564575195 0.71683144569397 0.724031448364258 0.730443894863129 0.736079156398773 0.740946412086487 0.745055675506592 0.748415052890778 0.748977720737457 0.743031620979309 0.736972689628601 0.73080188035965 0.724520206451416 0.718129336833954 0.711629748344421 0.705023407936096 0.699285328388214 0.693493783473969 0.687282681465149 0.680651009082794 0.673597693443298 0.666122674942017 0.658226311206818 0.654330134391785 0.663205206394196 0.671550989151001 0.679366886615753 0.686653077602386 0.693410336971283 0.699641048908234 0.705348372459412 0.694632291793823 0.676899313926697 0.657287359237671 0.635831117630005 0.612593531608582 0.587672650814056
0.787133634090424 0.777499079704285 0.767381966114044 0.756779372692108 0.745690405368805 0.734115123748779 0.722058117389679 0.709524631500244 0.713479459285736 0.722092509269714 0.729648172855377 0.736160755157471 0.741645753383636 0.746116936206818 0.749586880207062 0.749971330165863 0.743628144264221 0.73717325925827 0.730607569217682 0.723933219909668 0.7171511054039 0.710263907909393 0.703272879123688 0.698344945907593 0.693954050540924 0.689365148544312 0.684577941894531 0.679592370986938 0.67440801858902 0.669025242328644 0.667146503925323 0.675685048103333 0.683242738246918 0.689824759960175 0.695436120033264 0.700083673000336 0.703773379325867 0.706511080265045 0.699094474315643 0.686810672283173 0.672590374946594 0.656429052352905 0.638337850570679 0.618351459503174
0.782047271728516 0.771869659423828 0.76129549741745 0.750327527523041 0.738970160484314 0.72722864151001 0.715110957622528 0.702627062797546 0.708168029785156 0.718570709228516 0.727593421936035 0.735257744789124 0.741585493087769 0.746597647666931 0.750312685966492 0.75058126449585 0.743805944919586 0.736917197704315 0.729916095733643 0.722805321216583 0.71558690071106 0.708263218402863 0.70083749294281 0.696918666362762 0.694134831428528 0.691287279129028 0.688376307487488 0.685401797294617 0.682364046573639 0.679262459278107 0.679000198841095 0.686360418796539 0.692028045654297 0.696014285087585 0.698328912258148 0.698978245258331 0.69796359539032 0.695282161235809 0.690599679946899 0.683856070041656 0.675107002258301 0.664339303970337 0.651544272899628 0.63672411441803
0.77657026052475 0.765718102455139 0.754514992237091 0.742968201637268 0.731085419654846 0.718877494335175 0.706355810165405 0.693532764911652 0.700877785682678 0.713453352451324 0.724273800849915 0.733367621898651 0.740765869617462 0.746498882770538 0.750592648983002 0.750808715820312 0.743565380573273 0.736203551292419 0.728725969791412 0.721135020256042 0.713434219360352 0.705626428127289 0.697714745998383 0.695005238056183 0.694036304950714 0.69305008649826 0.692046821117401 0.691026508808136 0.68998908996582 0.688934564590454 0.689889311790466 0.695242762565613 0.697933375835419 0.697971403598785 0.69535756111145 0.690080285072327 0.682121515274048 0.671458065509796 0.669001519680023 0.667993366718292 0.664864242076874 0.659608542919159 0.652220189571381 0.642694413661957
