resources/Exp000_Example-Run/Run01_M2/TimeSeries/1980/model/1980_biasfile.asc
NCOLS 265 
NROWS 230 
XLLCORNER -115.5625 
YLLCORNER 24.8333333333333 
CELLSIZE 0.0833333333333333 
NODATA_value -9999 
[rows 54 to 71 of 230, columns 210 to 251 of 265]
5.64074688837288e-05 5.17250412648026e-05 4.73940077145697e-05 4.33913324053225e-05 3.96951795225778e-05 3.62848796840469e-05 3.31408949101153e-05 3.0259395650168e-05 2.76309999768239e-05 2.52101612096431e-05 2.29822632697314e-05 2.09335653516182e-05 1.90511636299074e-05 1.73229534387554e-05 1.57375919720897e-05 1.43062229993802e-05 1.29934691598247e-05 1.17902263240386e-05 1.06882957034696e-05 9.68001688032747e-06 8.75823878582832e-06 7.9162916636415e-06 7.15564540012469e-06 6.46553379638231e-06 5.83579406826509e-06 5.26170145522272e-06 4.73885629334029e-06 4.26316502235115e-06 3.83082202084467e-06 3.44004905503731e-06 3.08986733746234e-06 2.77198239825319e-06 2.48374178790114e-06 2.22268298757108e-06 1.98652190245659e-06 1.77314189835217e-06 1.58058337018672e-06 1.40984614130203e-06 1.25611257829601e-06 1.11759569543427e-06 9.92955990670636e-07 8.8095597065036e-07
6.52210378461052e-05 5.99281381775011e-05 5.50213698793213e-05 5.04762303164095e-05 4.62694507462983e-05 4.23789631968193e-05 3.87838658306647e-05 3.54806889033458e-05 3.24598621110097e-05 2.96712466777211e-05 2.70990361831991e-05 2.47283351668389e-05 2.2545120767325e-05 2.0536204798678e-05 1.86891963113038e-05 1.7017289066248e-05 1.54806920942606e-05 1.40693420517097e-05 1.2774160923378e-05 1.15866424611702e-05 1.04988227354608e-05 9.50325164656152e-06 8.60189884848072e-06 7.78253522108243e-06 7.03352945204191e-06 6.34952687950373e-06 5.72552672422161e-06 5.15686245385005e-06 4.63918296146563e-06 4.17051102491034e-06 3.74981664338214e-06 3.36738634472371e-06 3.02014548370477e-06 2.70523211757613e-06 2.4199847681288e-06 2.16193072583639e-06 1.92877488534945e-06 1.72176542481386e-06 1.53516974025817e-06 1.36687030564171e-06 1.21528068362268e-06 1.07893222864306e-06
7.55042334034656e-05 6.95064909321079e-05 6.39341693988646e-05 5.87611912675199e-05 5.39627413201953e-05 4.95152346800111e-05 4.5396283234193e-05 4.16028969310638e-05 3.81253639669137e-05 3.490834004816e-05 3.19346955297097e-05 2.91882469967908e-05 2.66537192691869e-05 2.43167077814774e-05 2.21636413886205e-05 2.0210122505591e-05 1.84112774117557e-05 1.67559508537193e-05 1.52340626353814e-05 1.38361403593756e-05 1.25532897301766e-05 1.13771657741518e-05 1.0310336664579e-05 9.33888008393671e-06 8.44945922595107e-06 7.63599132691725e-06 6.89277983146415e-06 6.21449413590228e-06 5.59615012106167e-06 5.03554346359216e-06 4.53159088557569e-06 4.07291703673987e-06 3.65595473965041e-06 3.27737565909772e-06 2.93407726993804e-06 2.62317036118995e-06 2.34196706639655e-06 2.09201134130853e-06 1.8664937592044e-06 1.66290836871015e-06 1.47937863859022e-06 1.3141642000852e-06
8.74128245197291e-05 8.06072589039893e-05 7.42712264454984e-05 6.83769754390405e-05 6.2898037578916e-05 5.78091979305158e-05 5.30864631925017e-05 4.87274640795982e-05 4.47224111399521e-05 4.10101032298922e-05 3.75719517753633e-05 3.439034833552e-05 3.14486274944894e-05 2.87310300414308e-05 2.62226664890915e-05 2.3941946732189e-05 2.18381881043399e-05 1.98990021211488e-05 1.81131752217607e-05 1.64701400793631e-05 1.49599458877928e-05 1.35732295007557e-05 1.23132698613318e-05 1.116420006611e-05 1.01107178632754e-05 9.14590546109118e-06 8.26326725683016e-06 7.45670900543826e-06 6.72051773999332e-06 6.05223218404253e-06 5.45071503523909e-06 4.90265954964275e-06 4.40392842703413e-06 3.95065296829674e-06 3.53921919179451e-06 3.16625447422749e-06 2.82861470696995e-06 2.52819344096272e-06 2.25692360277634e-06 2.01184628957996e-06 1.79074678871865e-06 1.59156776296915e-06
0.00010132380056863 9.35854118539869e-05 8.63663299932118e-05 7.9637032935363e-05 7.33692924421919e-05 6.75361470480953e-05 6.21118731736409e-05 5.70949068784167e-05 5.2475475228307e-05 4.81857537772075e-05 4.42055426810509e-05 4.05156532893522e-05 3.7097872622854e-05 3.39349280176116e-05 3.10104519866324e-05 2.83461558602924e-05 2.58846722402767e-05 2.36122126475065e-05 2.15162750399462e-05 1.95850443332234e-05 1.78073629991991e-05 1.61727024254857e-05 1.46851946829678e-05 1.33267231601569e-05 1.2079702916636e-05 1.09362517486568e-05 9.88894977302204e-06 8.93081810709725e-06 8.05529824569858e-06 7.25963691070071e-06 6.54264398287768e-06 5.88874817678694e-06 5.29314680073911e-06 4.75133983441515e-06 4.25911513996435e-06 3.81253417748886e-06 3.40791821723972e-06 3.04757859474027e-06 2.72196538738921e-06 2.42758658024508e-06 2.16182957249359e-06 1.92226382398705e-06
0.000117199678958261 0.000108407596469127 0.000100189885868812 9.25151844338454e-05 8.5353421774626e-05 7.86757968409951e-05 7.24547529194143e-05 6.668972233286e-05 6.13710553866697e-05 5.642358636798e-05 5.18253686674383e-05 4.75554940863051e-05 4.35940596308119e-05 3.99221343174301e-05 3.65217260410862e-05 3.34183345541218e-05 3.0547066658867e-05 2.78925773246552e-05 2.54409301043263e-05 2.31789178431132e-05 2.10940339500395e-05 1.91744443108154e-05 1.74252777342863e-05 1.5825873032145e-05 1.43560542934135e-05 1.30068502736127e-05 1.17697959126157e-05 1.06369106376504e-05 9.60067729025599e-06 8.65801791898668e-06 7.80769288474199e-06 7.03153845140659e-06 6.32399340359554e-06 5.67983735172896e-06 5.09417500122822e-06 4.56242089693568e-06 4.08028463673423e-06 3.650564122195e-06 3.26200325020897e-06 2.91049760118259e-06 2.59297765893249e-06 2.30658402952084e-06
0.000135183688158309 0.00012520995488891 0.000115871085031752 0.000107133821955792 9.89661858778969e-05 9.13374560749737e-05 8.42181509008844e-05 7.76089126887604e-05 7.15003427495835e-05 6.58091963718838e-05 6.05116480629979e-05 5.55849328726948e-05 5.10073163261491e-05 4.67580641763572e-05 4.28174120288956e-05 3.92151725006458e-05 3.58780421187976e-05 3.27889582055795e-05 2.99323994644347e-05 2.72936173540011e-05 2.48586084540813e-05 2.26140873231645e-05 2.05663373702042e-05 1.8691840993562e-05 1.69675036093939e-05 1.53831335507604e-05 1.39290928714562e-05 1.25962754173786e-05 1.13760854286718e-05 1.02650869474054e-05 9.26199645517555e-06 8.34570506850786e-06 7.50979351417464e-06 6.74822573472051e-06 6.05533219221346e-06 5.42579360747369e-06 4.85462513077149e-06 4.34518687946626e-06 3.88427469556481e-06 3.46708608170585e-06 3.09003086291046e-06 2.74976063784239e-06
0.000155405994822298 0.000144116569766972 0.000133528000998865 0.000123605103963461 0.00011431393939722 0.000105621801998311 9.74972066911048e-05 8.99422416542884e-05 8.29479083319955e-05 7.6422133728626e-05 7.03390869376091e-05 6.46740133651836e-05 5.94032087087403e-05 5.4503992525479e-05 4.99546814450321e-05 4.57899596130591e-05 4.19271932804326e-05 3.83474383646639e-05 3.5033435483762e-05 3.19687420490864e-05 2.91377062076676e-05 2.65254410932594e-05 2.41395563194753e-05 2.19533516905686e-05 1.9940469359526e-05 1.80893602782137e-05 1.63890802023988e-05 1.48292677122005e-05 1.34001226477539e-05 1.20978175239657e-05 1.09210332122567e-05 9.84534034730334e-06 8.86335636967715e-06 7.96812866367813e-06 7.15311688737814e-06 6.4121756862931e-06 5.73953778908407e-06 5.13920785464048e-06 4.59577447189767e-06 4.10364547809118e-06 3.65864193265219e-06 3.25686209446051e-06
0.000177978630327893 0.000165234676392714 0.000153263078125275 0.000142026710124248 0.00013148964270093 0.00012161713833507 0.000112375645490584 0.000103768954694388 9.57886377978843e-05 8.83330422174633e-05 8.13742130235457e-05 7.48852797277662e-05 6.88404352889808e-05 6.32149144417585e-05 5.79849714015822e-05 5.31907501843524e-05 4.87393410418198e-05 4.46097542471924e-05 4.07828383225777e-05 3.72403025806303e-05 3.39646931824677e-05 3.09393692866858e-05 2.81734511215842e-05 2.56367187022912e-05 2.32991927352068e-05 2.11478257254202e-05 1.91702294150545e-05 1.7354652969731e-05 1.56899614403516e-05 1.41719026444726e-05 1.27991329918925e-05 1.15435076798672e-05 1.03965708867429e-05 9.35034784527099e-06 8.39732620803468e-06 7.53043773106311e-06 6.74304027685926e-06 6.03987165440283e-06 5.40303850723025e-06 4.82606218560943e-06 4.30410302543301e-06 3.83263790948556e-06
0.000202990143539584 0.000188649610478788 0.000175158365103215 0.000162477350920056 0.000150568637775043 0.000139395427473893 0.000128922056508809 0.000119154292786632 0.000110084469199316 0.000101600611090604 9.36725312543602e-05 8.62711261589811e-05 7.93683610265654e-05 7.29372539277728e-05 6.6951858946922e-05 6.1458392073089e-05 5.63527078665071e-05 5.16116087086641e-05 4.72138985384676e-05 4.31392853694155e-05 3.9368360055483e-05 3.58825748942632e-05 3.26927565439802e-05 2.97648210709502e-05 2.7064800037461e-05 2.45780040962262e-05 2.22904606483731e-05 2.01888924491066e-05 1.82606963227982e-05 1.65011631654939e-05 1.49089391566245e-05 1.3451753407369e-05 1.21199633038464e-05 1.09044627585193e-05 9.79666263932692e-06 8.78847143655426e-06 7.87227617192651e-06 7.0536420809601e-06 6.3119061560146e-06 5.63960211286859e-06 5.0311544356134e-06 4.48134752555308e-06
0.000230567941742159 0.000214483618464022 0.000199330919863108 0.000185068893683326 0.000171657622691972 0.000159058240915145 0.000147232946704813 0.000136189784192098 0.000125922063033192 0.000116306746514004 0.000107311317639983 9.89043319334597e-05 9.10554097096987e-05 8.37352270225031e-05 7.69155053339075e-05 7.06491782632111e-05 6.48198793407087e-05 5.94020415414038e-05 5.43722720284529e-05 4.97081238315031e-05 4.53880779782435e-05 4.13915251714008e-05 3.77312095501316e-05 3.4368827658946e-05 3.12660395941285e-05 2.84063666669926e-05 2.57741072386434e-05 2.33543160421708e-05 2.11327834202718e-05 1.91043119558126e-05 1.72675556173293e-05 1.55856844827751e-05 1.40477503861197e-05 1.26434015349318e-05 1.1362862054345e-05 1.01969116715281e-05 9.13686554886936e-06 8.18921820778965e-06 7.33023126180561e-06 6.55134360719796e-06 5.84616431513767e-06 5.20870992279147e-06
0.000260887750456823 0.000242905073202087 0.000225941760494602 0.000209955031395148 0.000194903024010387 0.000180744823875214 0.000167440488877772 0.000155000669582722 0.000143419900672557 0.000132563342257714 0.000122396062949635 0.000112884180423448 0.000103994862113969 9.56963241954219e-05 8.79578288989734e-05 8.08397190408743e-05 7.42123841054223e-05 6.80477262526522e-05 6.2320003286963e-05 5.70044581906404e-05 5.20773053628551e-05 4.75157160721371e-05 4.33345835027351e-05 3.94910128206937e-05 3.5941889814154e-05 3.26687930555799e-05 2.96541409038524e-05 2.68811718974819e-05 2.43339248384431e-05 2.20066835488771e-05 1.98981327778384e-05 1.7966420015872e-05 1.61991655381198e-05 1.45846502525464e-05 1.31117944393041e-05 1.17701365142717e-05 1.05498118291873e-05 9.45835628179066e-06 8.46862582167418e-06 7.5708490959659e-06 6.75773414531106e-06 6.02244842145979e-06
0.00029370476812301 0.000273685651997463 0.000254778197696916 0.000236937884854977 0.000220120972606309 0.000204284541490283 0.000189386531598583 0.000175440511020962 0.000162442482677955 0.000150245177032165 0.000138811190353645 0.000128104132189378 0.00011808863561056 0.000108730365324192 9.99960237021917e-05 9.19539941213342e-05 8.44605197787752e-05 7.74848360338606e-05 7.09987222741766e-05 6.49749792522599e-05 5.93874201442709e-05 5.42108604541883e-05 4.94625592779028e-05 4.5094699763356e-05 4.10590321572582e-05 3.73350567609619e-05 3.39031780772651e-05 3.07446866333587e-05 2.78417402408305e-05 2.51880793098195e-05 2.27824440240418e-05 2.05775362065652e-05 1.85594307102938e-05 1.67149310364737e-05 1.50315473684972e-05 1.34974744950227e-05 1.21015696394793e-05 1.08525153896624e-05 9.71945766104382e-06 8.69130883812045e-06 7.75979736014168e-06 6.91716695789636e-06
0.000328947967956111 0.00030676096302847 0.000285781979478081 0.000265964872300257 0.00024726411248998 0.000229634843774876 0.000213032935288656 0.00019747518516584 0.000182959317968833 0.000169325074759813 0.000156532542410114 0.000144542772171902 0.000133317800590484 0.000122820667831807 0.000113015433476836 0.000103979136371388 9.55530266989443e-05 8.77035520602265e-05 8.03998980788424e-05 7.36123040222112e-05 6.73120594080004e-05 6.14714990538792e-05 5.61104647266597e-05 5.11759044730428e-05 4.66140877825034e-05 4.24023092489217e-05 3.85188331656726e-05 3.49428771630145e-05 3.16545950003673e-05 2.86471628551941e-05 2.59194040747341e-05 2.34181628525016e-05 2.11278589051009e-05 1.90337119960325e-05 1.71217193862606e-05 1.53786330200868e-05 1.37919364684792e-05 1.23715646057231e-05 1.10826539757149e-05 9.91269679953952e-06 8.85236497246204e-06 7.89290531542927e-06
0.000366498118304842 0.000342021216837285 0.00031885215653433 0.000296943307697547 0.000276247469208471 0.000256717941301177 0.00023830859397271 0.000221039763839514 0.000204911156876982 0.000189749046392658 0.000175510995829951 0.000162155470416733 0.000149641869816353 0.000137930557719663 0.000126982888427652 0.000116885142625319 0.000107462805290468 9.86794335690039e-05 9.05015207237152e-05 8.28966412602995e-05 7.58334538134615e-05 6.92817020424141e-05 6.32640231935098e-05 5.7721841501272e-05 5.25956237711735e-05 4.7860342390175e-05 4.34920053672627e-05 3.94676421911328e-05 3.57652885326841e-05 3.23775399870667e-05 2.93033335918294e-05 2.64832631628187e-05 2.38999899531823e-05 2.15370495844025e-05 1.93788290588396e-05 1.74105433340923e-05 1.56182114868016e-05 1.40131246922895e-05 1.25561214868288e-05 1.12331741305238e-05 1.00338241378797e-05 8.9482510762062e-06
0.000406185829134795 0.000379309323150328 0.000353843232495654 0.000329738607077086 0.000306946714522708 0.000285419130076806 0.000265107821836467 0.000246036963425572 0.000228208504143255 0.000211434866823073 0.000195671102327254 0.000180873086619228 0.000166997566164402 0.000154002199778394 0.000141845596969454 0.000130623825564679 0.000120145926709737 0.000110372485758617 0.000101267224684042 9.27949688786388e-05 8.49216570437536e-05 7.76143486253378e-05 7.08986810709778e-05 6.47102973217574e-05 5.89835702503568e-05 5.36910473066048e-05 4.88063771982855e-05 4.43042983904896e-05 4.01606261129927e-05 3.63673640744646e-05 3.29235959306402e-05 2.97633000010891e-05 2.68672844255614e-05 2.42173084135927e-05 2.17960589861055e-05 1.95871270858406e-05 1.75749830900843e-05 1.57723748734158e-05 1.41355710095948e-05 1.2648930190538e-05 1.13007943658565e-05 1.00802098176751e-05
0.000447791056382764 0.000418420355692394 0.000390564596041776 0.000364173694359759 0.000339197551921599 0.000315586162291223 0.000293289714323446 0.000272336501282782 0.000252730975316685 0.000234271434975764 0.000216910455731553 0.000200601347218227 0.000185298212310076 0.000170956002139792 0.000157530567100732 0.000145128253797281 0.000133541092886293 0.000122726640793658 0.000112645791623968 0.000103260558961059 9.45340934608828e-05 8.64306975046928e-05 7.89792010529243e-05 7.21092461738589e-05 6.57488585065232e-05 5.98680743291946e-05 5.44380957773657e-05 4.94312824153398e-05 4.48211409541074e-05 4.05990774378773e-05 3.67643569512508e-05 3.32440133160503e-05 3.00169178572564e-05 2.70629714329855e-05 2.43630810924264e-05 2.18991358904256e-05 1.96539818983564e-05 1.76419183155277e-05 1.58143946049434e-05 1.41540705979557e-05 1.26480257196336e-05 1.12841127419067e-05
0.000491114836053442 0.0004591701701102 0.000428846036179931 0.000400091439390178 0.000372855113632159 0.000347085648324178 0.000322731609974596 0.000299825684726949 0.000278375092897524 0.000258163854779111 0.000239142140022818 0.00022126074656018 0.000204471174217565 0.000188725693758802 0.000173977411394684 0.000160343396695729 0.000147598216895594 0.000135696369003781 0.000124595887154547 0.000114255933878693 0.00010463682610065 9.57000576884994e-05 8.74778348607074e-05 7.9893616770653e-05 7.28688650627147e-05 6.63710352134802e-05 6.03688112055364e-05 5.48321006272293e-05 4.97320275331374e-05 4.5059400762177e-05 4.08137048490086e-05 3.69147321882842e-05 3.33393437770154e-05 3.00655097046166e-05 2.70722859441384e-05 2.43397900684867e-05 2.18491759377144e-05 1.96163847817153e-05 1.75878168322593e-05 1.57443548584509e-05 1.40717581322082e-05 1.25566306198389e-05
