resources/Exp000_Example-Run/Run01_M2/TimeSeries/1980/model/1980_biasfile.asc
NCOLS 265 
NROWS 230 
XLLCORNER -115.5625 
YLLCORNER 24.8333333333333 
CELLSIZE 0.0833333333333333 
NODATA_value -9999 
[rows 90 to 107 of 230, columns 126 to 167 of 265]
0.00306844381878799 0.00318150576456134 0.00329503673589856 0.00340879644136399 0.00352245707668165 0.00363575470789027 0.00374843085854658 0.00386022115419623 0.00397085609812355 0.00408006188341931 0.00418743782151037 0.00429247952757192 0.00439512507800187 0.00449509433977126 0.00459210922479004 0.00468589472870162 0.00477617997609207 0.00486269927051221 0.00494440970112891 0.00502170330938888 0.00509437772269496 0.00516220982790409 0.00522498840443702 0.00528251501723191 0.00533460487480164 0.00538044062484077 0.00542003182326885 0.00545367756182321 0.00548127162180684 0.00550272567581489 0.00551796965642168 0.00552695206329688 0.0055293626207375 0.00552457223742368 0.00551350010581781 0.00549618735291292 0.00547269369575878 0.00544309713371062 0.00540749358101013 0.00536599644042617 0.00531783171511357 0.00526399652479787
0.00293181102231925 0.00304323176955929 0.0031553267399413 0.00326789214691623 0.00338059506974932 0.00349316495076133 0.00360534868868865 0.0037168864712646 0.00382751252146731 0.00393695588285611 0.00404483267924116 0.00415065619753031 0.00425433223914818 0.00435557898917938 0.00445411572968831 0.00454966388336269 0.00464194806708317 0.00473069715381893 0.00481490003278668 0.00489490109984607 0.00497048746816818 0.00504142647040316 0.00510749660014889 0.00516848844779001 0.00522420560409935 0.00527383322480005 0.00531735836680446 0.0053550554327159 0.00538680430682825 0.00541250249306397 0.0054320655454508 0.00544542743759112 0.00545226447520967 0.00545193149916713 0.00544532684413812 0.0054324773986753 0.00541342890517496 0.00538824570854667 0.00535701044342105 0.00531982366053521 0.00527588483034632 0.0052261867604347
0.00280282113565287 0.00291240984566948 0.00302285872107799 0.00313399883636828 0.0032454943647016 0.00335707009400868 0.00346847924714273 0.00357946760279552 0.0036897742070575 0.00379913212645231 0.00390717496525853 0.00401343474594379 0.00411778778198038 0.0042199519803793 0.00431964541966303 0.0044165873905754 0.00451049945019248 0.00460110648785253 0.00468743111169195 0.00476977164416214 0.00484790603571642 0.00492159338083392 0.00499060315394024 0.00505471618205802 0.00511372558821962 0.00516682139176017 0.00521396906727405 0.005255418421781 0.0052910362199947 0.00532070648847961 0.00534433100639581 0.00536182973627104 0.00537286668573546 0.00537678257128316 0.00537445284647939 0.0053658902483314 0.00535112654991285 0.00533021236843012 0.00530321691034334 0.00527022765408321 0.00523041966740947 0.00518477882748644
0.00268178655060138 0.00278941052018987 0.00289806339003624 0.00300760949450005 0.00311771194624719 0.00322809253637687 0.00333851154857866 0.00344872115904711 0.00355846610920457 0.00366748442195631 0.0037754276004311 0.00388184713318071 0.00398659234467768 0.00408938201003553 0.00418993417358881 0.00428796718025099 0.00438320072370515 0.00447535690987854 0.00456349335089696 0.0046478639146383 0.00472823854117505 0.00480436920044504 0.00487601742463845 0.00494295531251732 0.00500496650776882 0.00506124771727705 0.00511174370841528 0.00515667993654957 0.00519591074354617 0.00522930730687256 0.00525675818914677 0.00527816982913262 0.00529319488032024 0.00530116152343719 0.0053029208868653 0.00529847169715602 0.0052878318325247 0.00527103819254754 0.00524814650368935 0.0052192310610949 0.00518344428975912 0.00514176313414269
0.00256946047490791 0.00267502134245963 0.00278176302455975 0.00288958143247495 0.00299814030697585 0.00310715997155773 0.00321640839195084 0.00332564483010582 0.00343462047448784 0.00354307911565415 0.00365069040665423 0.00375702582220318 0.00386191014951309 0.0039650640579677 0.00406620660968424 0.00416505627574195 0.00426133197262184 0.00435475411735468 0.0044444162099655 0.00453052943839981 0.00461285681496413 0.00469114422425374 0.00476514626660677 0.00483462728929755 0.00489936239526779 0.00495855652883972 0.00501213466345375 0.00506029828687444 0.00510289000960336 0.00513976879220385 0.00517081055207382 0.00519590871342471 0.005214705462472 0.00522651789056663 0.00523217170168735 0.00523165181391264 0.00522496235258116 0.00521212658336463 0.00519318678018559 0.00516820402829744 0.00513630974002606 0.00509847024735204
0.00246646558129723 0.00256989430647102 0.0026746392936327 0.00278062627061184 0.00288752114882552 0.00299504419419395 0.00310297156817403 0.00321107019681244 0.00331909835557634 0.00342680630093121 0.00353388193198356 0.0036399170355233 0.00374471427198578 0.00384799712201607 0.00394948661122771 0.00404890230614263 0.00414596333365484 0.00424038942257113 0.00433131048188556 0.00441889694267787 0.00450290591368869 0.00458307817127351 0.00465916234003876 0.00473091594641265 0.00479810645344885 0.00485994835686825 0.00491634779472679 0.00496748280561708 0.00501318496536139 0.00505330166368126 0.00508769676643935 0.00511625122314722 0.00513859760393788 0.00515404325383139 0.00516338766180888 0.00516660220519947 0.0051636774698661 0.00515462324787523 0.0051394684692467 0.0051182610679789 0.00509011299631251 0.00505597856874975
0.00237329367186691 0.00247454459522016 0.00257723104009814 0.00268130671474367 0.00278644111416507 0.00289235575152117 0.00299883540086546 0.00310565513204742 0.00321258084758803 0.00331936986749607 0.00342572829309233 0.00353126837500935 0.00363577302821453 0.0037389693671123 0.00384058123530967 0.00394033017668527 0.00403793643321254 0.00413311996815709 0.00422504730350469 0.00431385017988965 0.00439928078327143 0.00448107571281737 0.00455897853514675 0.00463274085601654 0.00470212337708453 0.00476635126975973 0.00482531284993763 0.00487916335364367 0.00492772403678214 0.00497083139030808 0.00500833785594875 0.00504011248950939 0.00506577908610469 0.00508463653035657 0.00509745757071636 0.00510420038270589 0.00510484230183829 0.00509937988655066 0.0050878289146598 0.00507022431340925 0.00504566011160841 0.00501507741893739
0.00229030790701182 0.00238935217794434 0.00248993521566622 0.00259203679634299 0.00269533130238977 0.00279954271131714 0.00290446474248668 0.00300988100400157 0.00311556547965482 0.00322128306475572 0.00332675789579884 0.00343162268756038 0.00353564297820703 0.0036385502613367 0.00374007197965206 0.00383993246709714 0.00393785392087884 0.00403355740206809 0.00412624598353011 0.00421601492184079 0.004302612435094 0.00438577184885535 0.00446523256946067 0.00454074116971356 0.00461205246361129 0.00467840328458074 0.00473966520519302 0.00479597142711166 0.00484713363358837 0.00489297812844387 0.00493334660297981 0.00496809685301444 0.00499684475776884 0.00501888202126786 0.00503495434243459 0.00504500711094077 0.0050490047812788 0.00504693100104226 0.00503878867237175 0.00502459994650381 0.00500344251706842 0.00497624325593023
0.00221824354077256 0.0023150614802944 0.0024135047135173 0.00251357699633082 0.00261495887018495 0.00271737797758598 0.0028206372551055 0.00292452918536017 0.0030288362325021 0.00313333132726768 0.00323775635177382 0.00334176434688894 0.00344510596208576 0.00354751778789596 0.0036487316256814 0.00374847539708248 0.00384647408635501 0.00394245071437245 0.00403564460942084 0.00412611700480787 0.00421361314381294 0.00429786401711625 0.00437860581109844 0.00445558100333657 0.00452853945114483 0.00459673059362793 0.00466001047475696 0.00471849119158568 0.00477197568998176 0.00482028089120661 0.00486323850722024 0.0049006958088426 0.00493226171220636 0.00495722213461548 0.00497629558091745 0.00498941518148875 0.00499653298944853 0.00499762017371488 0.00499266714507338 0.00498168361506314 0.00496373274170593 0.00493972617102504
0.00215743769832792 0.00225201174851274 0.00234828046807446 0.00244626937026105 0.00254566638207437 0.00264620398203888 0.00274769453772232 0.00284993968637453 0.00295273071792146 0.00305584900794283 0.0031590537900767 0.00326201817455513 0.00336448049180337 0.00346618311859217 0.00356686295209888 0.0036662522832786 0.00376407970597117 0.00386007106060922 0.0039535014527294 0.00404440075767784 0.00413251227270476 0.00421756562758174 0.00429929477213122 0.00437743907721406 0.00445174443279659 0.00452147381887453 0.00458646909343515 0.00464682232069791 0.00470232863507339 0.004752796475662 0.00479804844660227 0.00483792213316923 0.00487202055208132 0.00489962537715511 0.00492142789771996 0.00493734962487622 0.00494733080289878 0.00495133066576578 0.00494932762675654 0.00494131940079108 0.00492635667564104 0.00490533488152244
0.00210717812457315 0.0021994866090475 0.00229354282649411 0.00238939187711491 0.00248673018492214 0.00258529613570287 0.00268491168606442 0.00278538784966299 0.00288652502715947 0.0029881133863479 0.0030899290727028 0.00319166494634809 0.00329304947862914 0.0033938314609705 0.0034937535647527 0.00359255317575179 0.00368996326698949 0.00378571330895205 0.00387911363335433 0.00397016539537015 0.00405861094560942 0.00414417950249371 0.00422660374431454 0.00430562091158036 0.00438097391045301 0.00445194017179827 0.00451834873248842 0.00458027273310523 0.00463750044757239 0.00468983276402409 0.00473708408654668 0.00477908319568588 0.00481542831999024 0.00484539850260642 0.00486965785695593 0.004888116974079 0.00490070494298063 0.00490736966874292 0.00490807812396628 0.00490281653308082 0.0048906253322723 0.00487238275403812
0.00206736450249657 0.00215737468378289 0.00224916902278656 0.00234280995390073 0.00243800349449875 0.00253449500188794 0.00263211615295148 0.00273068753489271 0.00283001892197436 0.00292990960238187 0.00303015214481315 0.00313045878865395 0.00323055067053142 0.00333018362548233 0.00342910678306355 0.00352706336023945 0.00362379149515613 0.00371902512085757 0.00381210919646946 0.00390301892100068 0.00399149674652432 0.00407727248064633 0.0041600785519137 0.00423965110923382 0.00431573112632976 0.00438761147274425 0.00445510983674149 0.00451828163441211 0.00457690931943087 0.00463078725239729 0.0046797226398039 0.0047235364348832 0.00476182331951196 0.004793861517677 0.00482028801712106 0.00484100328437234 0.00485592600089629 0.00486499344027684 0.00486816177919795 0.0048654063416386 0.00485575985212275 0.00484008225702485
0.00203782044883113 0.00212548366068922 0.00221495042733414 0.00230629818474768 0.00239924363990869 0.002493540191665 0.00258902935174662 0.00268554146405963 0.00278289592835579 0.00288090147373695 0.00297936656887384 0.00307802242939823 0.00317658545558591 0.00327481916845879 0.0033724798582753 0.00346931733342357 0.00356507571245339 0.00365949425840151 0.00375195195093349 0.00384240091550701 0.00393058481347021 0.00401623510478764 0.00409908505804789 0.00417887084246653 0.00425533262877209 0.00432777982588434 0.00439602035735067 0.00446009319541565 0.00451977611014465 0.00457485805667251 0.00462514014669498 0.00467043658502881 0.00471033989454924 0.00474412952057037 0.00477241535007876 0.00479508861795978 0.0048120584402215 0.00482325224711303 0.0048286161507375 0.00482811524644899 0.00482077744774127 0.00480744317801696
0.00201830837703626 0.0021035562203677 0.00219060957776635 0.00227955847991551 0.00237013142946559 0.00246209095087432 0.00255528849643229 0.00264956434404752 0.00274474776828308 0.00284065726069402 0.00293711664425911 0.0030338756910658 0.0031306487409015 0.00322720766577915 0.00332331664692049 0.00341873287734719 0.00351320730961258 0.00360648544793018 0.00369797970983754 0.0037876221376212 0.00387515877619381 0.0039603238710282 0.00404285269545819 0.00412248263054603 0.00419895425754604 0.0042715947637921 0.00434020400334113 0.0044048058576541 0.00446517464959377 0.00452109515232957 0.00457236358810967 0.00461878859534935 0.00465996208140399 0.00469516700192163 0.00472498611447412 0.0047493024113983 0.00476801637806643 0.00478104647820985 0.00478832957466722 0.00478982128472794 0.00478454799717611 0.0047733291968525
0.00200854465558016 0.00209128636937511 0.00217581773410506 0.00226223890310225 0.00235029129476089 0.00243974766049548 0.00253046949521526 0.0026223071875873 0.00271510013913966 0.00280867693187537 0.00290287618498768 0.00299746580261742 0.00309216081391836 0.00318674213467513 0.00328098260003647 0.0033746476185987 0.00346749587335688 0.00355928006888294 0.00364944552654962 0.00373790728897504 0.00382441502747058 0.00390870697867148 0.00399052166239876 0.00406959894443061 0.0041456811154185 0.00421811453339096 0.00428669278517489 0.0043514260770595 0.00441208662006281 0.00446845632909997 0.00452032784326807 0.00456750551773613 0.00460958234634147 0.00464584734030066 0.00467685602554344 0.0047024842337275 0.00472262484348205 0.00473718831363184 0.00474610315302329 0.00474931632601189 0.00474585637762285 0.00473652024221139
0.00200888552354384 0.00208899629432343 0.00217086136948981 0.00225458831184289 0.00233993267155976 0.00242667862647751 0.00251469782233444 0.00260385095041508 0.00269398781573375 0.0027849474526619 0.00287658267232415 0.00296867906021389 0.00306095535870756 0.00315320230396806 0.00324520224229867 0.00333672973344592 0.00342755220217615 0.00351743063758902 0.00360584276692004 0.00369269002787414 0.00377772712768391 0.00386069766873845 0.00394134483541403 0.00401941243415767 0.00409464595305364 0.00416641259624696 0.00423450173058166 0.0042989114658881 0.0043594134423508 0.0044157882463212 0.00446782644535866 0.00451532959819187 0.00455789378898326 0.00459481710571275 0.00462662763474644 0.00465319530795788 0.00467440659173997 0.00469016506289195 0.00470039192256466 0.00470502644722095 0.00470310373368446 0.00469539620453688
0.0020186372914641 0.00209596915715853 0.00217500093151949 0.00225584492242839 0.00233827199197948 0.00242207891273325 0.00250714758397918 0.00259334918632741 0.00268054420019209 0.00276858247037452 0.00285733041613323 0.00294659087859053 0.00303608928842556 0.00312562698189943 0.00321499667887205 0.00330398303321143 0.00339236323254917 0.0034799076469497 0.00356612601117611 0.0036509094996409 0.00373401928450371 0.00381520573433092 0.00389421814477439 0.00397080575032536 0.00404471875865621 0.00411534701114491 0.00418247773111042 0.00424609850425978 0.00430598198586938 0.00436190900981231 0.00441366963131858 0.00446106414798012 0.00450369383369478 0.00454086904141842 0.0045730901167621 0.00460022240010799 0.00462214718603037 0.00463876233622214 0.0046499828322161 0.0046557412667656 0.00465508395037186 0.00464875667874615
0.0020370871804958 0.00211147446817724 0.00218748901029114 0.00226524529063547 0.00234453060239174 0.00242515542600742 0.00250701200740477 0.00258998219238686 0.00267393739678917 0.00275873862111725 0.00284426533671686 0.00293033724281194 0.00301668932883119 0.00310313429644493 0.00318947608732623 0.00327551037872649 0.00336102512913208 0.00344580117367388 0.00352937994911727 0.00361164559470447 0.00369236716415303 0.00377130318638473 0.00384821051039016 0.00392284528307749 0.00399496395256715 0.00406398085192732 0.00412968312107851 0.00419204935727415 0.00425085482391232 0.0043058821871292 0.00435692255914199 0.00440377652315502 0.00444605268297404 0.00448307692551942 0.00451532148104716 0.00454264842220015 0.00456493512777427 0.00458207492683962 0.00459397768466839 0.0046005703292517 0.00460091518533657 0.00459572921723023
