resources/Exp000_Example-Run/Run01_M2/TimeSeries/1980/model/1980_model_prediction.asc
NCOLS 265 
NROWS 230 
XLLCORNER -115.5625 
YLLCORNER 24.8333333333333 
CELLSIZE 0.0833333333333333 
NODATA_value -9999 
[rows 60 to 79 of 230, columns 132 to 175 of 265]
0.173424243927002 0.180095374584198 0.187866151332855 0.199719071388245 0.211859241127968 0.224252298474312 0.236860990524292 0.24964639544487 0.262567013502121 0.27557960152626 0.284561723470688 0.292217642068863 0.2999007999897 0.307603538036346 0.315318256616592 0.323037683963776 0.330753833055496 0.339580178260803 0.350932538509369 0.360872209072113 0.369299679994583 0.376132547855377 0.381306380033493 0.384773164987564 0.386501014232635 0.377694010734558 0.364163249731064 0.348977833986282 0.33232456445694 0.314415723085403 0.295484840869904 0.275785118341446 0.258209943771362 0.248199000954628 0.237920492887497 0.227432072162628 0.216791749000549 0.2060576826334 0.195287898182869 0.184538781642914 0.17285268008709 0.161161184310913 0.149865999817848 0.138995543122292
0.195732310414314 0.202163904905319 0.209361910820007 0.220646440982819 0.232013911008835 0.243421480059624 0.254825085401535 0.266180008649826 0.277441143989563 0.288563519716263 0.296258062124252 0.302870512008667 0.309506982564926 0.316163033246994 0.322834432125092 0.329517185688019 0.336206614971161 0.345498293638229 0.361835688352585 0.376835823059082 0.390338242053986 0.402204722166061 0.412319272756577 0.420587003231049 0.426933288574219 0.420117914676666 0.406910061836243 0.391112089157104 0.372954428195953 0.352717578411102 0.330730140209198 0.30736443400383 0.286757349967957 0.276810139417648 0.26648685336113 0.255845457315445 0.244945079088211 0.233846694231033 0.222611486911774 0.21130083501339 0.198075324296951 0.184546262025833 0.171436756849289 0.158789351582527
0.214515954256058 0.219123974442482 0.224223837256432 0.234147042036057 0.243937686085701 0.253550887107849 0.262942641973495 0.27206963300705 0.280889689922333 0.289362400770187 0.295747876167297 0.301548063755035 0.307383030653 0.313250571489334 0.319148480892181 0.32507449388504 0.331026256084442 0.340998381376266 0.362389296293259 0.382661759853363 0.401576906442642 0.418923050165176 0.43451601266861 0.448200672864914 0.459850549697876 0.456559419631958 0.44533497095108 0.430391430854797 0.411971092224121 0.390398174524307 0.36608162522316 0.339515000581741 0.316110819578171 0.306413233280182 0.296229213476181 0.285614281892776 0.274627834558487 0.263330489397049 0.251785099506378 0.24005588889122 0.225302025675774 0.209880769252777 0.194878190755844 0.180355578660965
0.228503689169884 0.229566887021065 0.231028571724892 0.238910600543022 0.246460512280464 0.253637999296188 0.260404974222183 0.266725540161133 0.272566020488739 0.277896016836166 0.283080369234085 0.288372129201889 0.293714791536331 0.29910746216774 0.304549306631088 0.310039341449738 0.315576434135437 0.326376527547836 0.352560102939606 0.3780257999897 0.402437895536423 0.425487577915192 0.446899116039276 0.466435372829437 0.483896613121033 0.485620886087418 0.478096783161163 0.465588629245758 0.448310703039169 0.426589250564575 0.400879770517349 0.371776193380356 0.345941215753555 0.336684793233871 0.326833188533783 0.316438406705856 0.305556267499924 0.294246137142181 0.282569915056229 0.270592421293259 0.254370421171188 0.237051725387573 0.220119521021843 0.203657552599907
0.236743733286858 0.232624024152756 0.229124411940575 0.234476372599602 0.239336252212524 0.243674367666245 0.247464165091515 0.250682592391968 0.253310173749924 0.25533065199852 0.259500175714493 0.264574259519577 0.269716858863831 0.274927645921707 0.280206322669983 0.285553097724915 0.290967524051666 0.302618950605392 0.332951426506042 0.363185286521912 0.392877280712128 0.421600848436356 0.448960065841675 0.47460213303566 0.498224914073944 0.5063556432724 0.504208028316498 0.495727777481079 0.481063693761826 0.460498869419098 0.434486538171768 0.403678953647614 0.375899910926819 0.367275595664978 0.357952535152435 0.347977042198181 0.33740022778511 0.326277732849121 0.314668446779251 0.302635461091995 0.2850581407547 0.265893071889877 0.247043594717979 0.228619784116745
0.238675177097321 0.228041186928749 0.21869383752346 0.221273347735405 0.223261967301369 0.224645718932152 0.225414916872978 0.225564107298851 0.22509203851223 0.224002301692963 0.227371841669083 0.232430800795555 0.237576246261597 0.242808520793915 0.248128548264503 0.253536224365234 0.259031891822815 0.271391808986664 0.304818153381348 0.338994204998016 0.373383671045303 0.407437473535538 0.440616816282272 0.472419559955597 0.502397775650024 0.518195271492004 0.523008584976196 0.52009516954422 0.509506940841675 0.491447150707245 0.466315358877182 0.434765040874481 0.405632078647614 0.397823184728622 0.389219611883163 0.379861891269684 0.369794517755508 0.359066933393478 0.347733706235886 0.335853576660156 0.31708699464798 0.296187371015549 0.275487571954727 0.25512769818306
0.241692095994949 0.226726353168488 0.213720113039017 0.214494109153748 0.214653879404068 0.21419832110405 0.213130816817284 0.211459308862686 0.209196001291275 0.206357523798943 0.209416210651398 0.214644983410835 0.219974681735039 0.225405856966972 0.230939418077469 0.236575767397881 0.242315426468849 0.254704415798187 0.287762492895126 0.32209050655365 0.357217937707901 0.392635077238083 0.427818596363068 0.462253838777542 0.495458871126175 0.518501579761505 0.530903935432434 0.534423291683197 0.528992891311646 0.514716923236847 0.491901189088821 0.461133003234863 0.431163370609283 0.421456456184387 0.410572856664658 0.398579657077789 0.385554939508438 0.371587485074997 0.356775283813477 0.341226696968079 0.320880264043808 0.299163669347763 0.277695089578629 0.256621181964874
0.250199258327484 0.233826652169228 0.219676628708839 0.21959887444973 0.218908533453941 0.217610612511635 0.215713948011398 0.213232710957527 0.210184365510941 0.206590741872787 0.209721580147743 0.215296238660812 0.220976456999779 0.226762846112251 0.232655838131905 0.238654613494873 0.244759768247604 0.256716996431351 0.28686934709549 0.31828248500824 0.350645542144775 0.383612751960754 0.416817158460617 0.449882358312607 0.482437074184418 0.511495649814606 0.531387150287628 0.541517794132233 0.54167652130127 0.531860768795013 0.51227331161499 0.483397364616394 0.452907532453537 0.43854883313179 0.422136932611465 0.403844743967056 0.383879750967026 0.362481266260147 0.339919298887253 0.316490173339844 0.294260859489441 0.272867053747177 0.251944929361343 0.231621339917183
0.258057564496994 0.240358144044876 0.225122481584549 0.224172472953796 0.222618579864502 0.220471888780594 0.21774710714817 0.21446293592453 0.210642248392105 0.206311464309692 0.209578618407249 0.215573593974113 0.221674799919128 0.227881237864494 0.234192177653313 0.240606293082237 0.247122257947922 0.2586450278759 0.285746663808823 0.314041495323181 0.343340396881104 0.373428106307983 0.404065728187561 0.435000538825989 0.465969681739807 0.501022458076477 0.528865873813629 0.546131908893585 0.552409410476685 0.547571957111359 0.531715989112854 0.505208611488342 0.474610716104507 0.455761253833771 0.433691173791885 0.408749222755432 0.381369650363922 0.352067649364471 0.321426451206207 0.290077239274979 0.266365528106689 0.245729431509972 0.22575007379055 0.20652911067009
0.265202552080154 0.246271207928658 0.230018153786659 0.228182166814804 0.225758567452431 0.222763299942017 0.219216376543045 0.215141698718071 0.210566714406013 0.205522000789642 0.20898799598217 0.215475916862488 0.222066685557365 0.228757753968239 0.235545769333839 0.242427706718445 0.249400541186333 0.260486662387848 0.284396260976791 0.309381306171417 0.335340559482574 0.362153500318527 0.389682948589325 0.417776346206665 0.446267694234848 0.487182289361954 0.52335524559021 0.54824435710907 0.561146318912506 0.561781048774719 0.550135612487793 0.526458859443665 0.496183335781097 0.473056524991989 0.445220142602921 0.413282841444016 0.378035575151443 0.340438723564148 0.30157881975174 0.262603670358658 0.237888470292091 0.218397781252861 0.199701905250549 0.181875050067902
0.271574646234512 0.251520782709122 0.234329298138618 0.231600165367126 0.228306323289871 0.224468395113945 0.220111846923828 0.215264692902565 0.209958150982857 0.204226940870285 0.20795302093029 0.215003773570061 0.222151413559914 0.229389905929565 0.236714005470276 0.244116604328156 0.251591980457306 0.262240052223206 0.282820999622345 0.304318130016327 0.326687753200531 0.349874168634415 0.373810559511185 0.398419409990311 0.423611849546432 0.470122277736664 0.51489245891571 0.54784506559372 0.567854940891266 0.574432969093323 0.56745308637619 0.547049283981323 0.517537415027618 0.490396231412888 0.456709027290344 0.417437434196472 0.373892843723297 0.327700585126877 0.280687928199768 0.234712392091751 0.209525510668755 0.191501095890999 0.174357801675797 0.158143043518066
0.277122259140015 0.256066918373108 0.238024815917015 0.23440220952034 0.230243980884552 0.225576058030128 0.220427572727203 0.214830785989761 0.208820730447769 0.202434897422791 0.206479609012604 0.214159026741982 0.221927881240845 0.229776337742805 0.237693920731544 0.245670288801193 0.253694802522659 0.263903737068176 0.281023740768433 0.298869431018829 0.317428261041641 0.336683750152588 0.35661169886589 0.37718254327774 0.398359924554825 0.450046390295029 0.503539323806763 0.544936239719391 0.572513580322266 0.585487246513367 0.583602607250214 0.566892206668854 0.538589715957642 0.507741451263428 0.468142956495285 0.421204894781113 0.368959933519363 0.313973128795624 0.259086102247238 0.207041352987289 0.181935369968414 0.165615946054459 0.15021239221096 0.135748341679573
0.28383195400238 0.26309460401535 0.2450360506773 0.240150853991508 0.2347462028265 0.228855729103088 0.22251632809639 0.215767711400986 0.208651423454285 0.201211884617805 0.205256804823875 0.213266670703888 0.221352860331535 0.229502156376839 0.237700551748276 0.245934411883354 0.254189193248749 0.264140218496323 0.2795549929142 0.295602023601532 0.31227844953537 0.329577773809433 0.347488939762115 0.36599799990654 0.385084748268127 0.437703102827072 0.494286000728607 0.539836049079895 0.572359502315521 0.590885281562805 0.595056116580963 0.584813416004181 0.5625159740448 0.534996569156647 0.49752950668335 0.451332807540894 0.398334950208664 0.341166704893112 0.282935082912445 0.226816624403 0.200097635388374 0.183012694120407 0.166799679398537 0.151491686701775
0.292433232069016 0.27330294251442 0.256030648946762 0.249452292919159 0.242361292243004 0.234802648425102 0.226825445890427 0.21848076581955 0.209821835160255 0.200903952121735 0.204589337110519 0.212582975625992 0.220633715391159 0.228726699948311 0.236846178770065 0.244976818561554 0.253102362155914 0.262973576784134 0.278542071580887 0.29476398229599 0.311637192964554 0.329155683517456 0.347308993339539 0.366082847118378 0.38545686006546 0.435176938772202 0.489117085933685 0.534022092819214 0.568128108978271 0.590490877628326 0.600709736347198 0.598665058612823 0.586188495159149 0.568546533584595 0.541470348834991 0.505506873130798 0.461664736270905 0.411529958248138 0.357270359992981 0.30148458480835 0.272224634885788 0.252217322587967 0.232884377241135 0.214299336075783
0.301139801740646 0.283704936504364 0.267269015312195 0.25892361998558 0.250081837177277 0.240802526473999 0.231146723031998 0.221178740262985 0.210963979363441 0.200568929314613 0.203896909952164 0.211872100830078 0.219884306192398 0.227916732430458 0.235952273011208 0.24397286772728 0.251961320638657 0.261748671531677 0.277480334043503 0.293885797262192 0.310963720083237 0.328707993030548 0.347108840942383 0.36615127325058 0.38581445813179 0.432629615068436 0.483778059482574 0.527684390544891 0.562821209430695 0.588293612003326 0.603670418262482 0.608790576457977 0.605144321918488 0.596826672554016 0.579936325550079 0.55465030670166 0.521371364593506 0.480853170156479 0.434304118156433 0.38341411948204 0.35366627573967 0.331767529249191 0.310216665267944 0.289117604494095
0.309945225715637 0.294292569160461 0.278739452362061 0.2685566842556 0.257903069257736 0.246851444244385 0.235477834939957 0.223860338330269 0.212077036499977 0.200206950306892 0.203179359436035 0.211134165525436 0.219104915857315 0.227072730660439 0.235018774867058 0.242923408746719 0.250767111778259 0.260466426610947 0.276370197534561 0.292967855930328 0.310257911682129 0.328234851360321 0.346888244152069 0.366203248500824 0.386157780885696 0.430062085390091 0.478272795677185 0.520832002162933 0.556448459625244 0.584297716617584 0.603933215141296 0.615158498287201 0.619263648986816 0.619517207145691 0.612203419208527 0.597349345684052 0.575050294399261 0.545551478862762 0.509341716766357 0.467246443033218 0.439246386289597 0.416862279176712 0.394433110952377 0.372073084115982
0.318844318389893 0.30505695939064 0.290430337190628 0.278343856334686 0.265819162130356 0.25294640660286 0.239816963672638 0.226524278521538 0.213160887360573 0.199818402528763 0.202437117695808 0.210369572043419 0.21829579770565 0.226195186376572 0.234046399593353 0.241828396916389 0.249520346522331 0.259126961231232 0.275211989879608 0.292010277509689 0.309520244598389 0.327736467123032 0.346648007631302 0.366238504648209 0.386486142873764 0.427474647760391 0.472605228424072 0.513474762439728 0.549021244049072 0.578509867191315 0.601497173309326 0.617755651473999 0.628493010997772 0.636463522911072 0.637871980667114 0.63271814584732 0.621003866195679 0.602754414081573 0.578072130680084 0.54720550775528 0.522846162319183 0.501439034938812 0.479616343975067 0.457478940486908
0.327829480171204 0.315989106893539 0.3023282289505 0.288275599479675 0.273824483156204 0.25908350944519 0.24416172504425 0.229169383645058 0.214214876294136 0.199403077363968 0.201670601963997 0.209578394889832 0.217457294464111 0.22528401017189 0.233035638928413 0.240689113736153 0.248221322894096 0.257731735706329 0.274006515741348 0.291013449430466 0.308750987052917 0.327212899923325 0.346387654542923 0.366257697343826 0.386799961328506 0.424867123365402 0.466780096292496 0.505624234676361 0.540554881095886 0.570943236351013 0.596367180347443 0.616577804088593 0.632817029953003 0.647615671157837 0.656781792640686 0.660329759120941 0.658270061016083 0.650595605373383 0.637291491031647 0.618359863758087 0.59880793094635 0.579561769962311 0.559627532958984 0.539075255393982
0.34074878692627 0.331083416938782 0.318844854831696 0.303748577833176 0.288163870573044 0.272217333316803 0.256037920713425 0.239755988121033 0.223500549793243 0.207396596670151 0.20853865146637 0.215353384613991 0.222124770283699 0.228836849331856 0.235474541783333 0.242022007703781 0.248463809490204 0.2574822306633 0.275067448616028 0.293490499258041 0.312746673822403 0.33282458782196 0.353705734014511 0.375363856554031 0.397763580083847 0.435008853673935 0.475206404924393 0.512475907802582 0.546088874340057 0.575502991676331 0.60035228729248 0.620418727397919 0.637023866176605 0.65336287021637 0.665369868278503 0.673060417175293 0.676458537578583 0.675577402114868 0.67041289806366 0.66094696521759 0.644670069217682 0.626183807849884 0.606780827045441 0.586519122123718
0.355631411075592 0.348136276006699 0.337761759757996 0.323016375303268 0.307518750429153 0.291408658027649 0.274833232164383 0.257944017648697 0.240894824266434 0.223839297890663 0.223092049360275 0.227729469537735 0.232327967882156 0.23688243329525 0.241387337446213 0.245837643742561 0.250228017568588 0.258330643177032 0.278389573097229 0.29948303103447 0.321593821048737 0.344694644212723 0.368745982646942 0.393695086240768 0.419475644826889 0.457807123661041 0.49762362241745 0.53373110294342 0.565447151660919 0.592302680015564 0.614009976387024 0.630423665046692 0.643170118331909 0.657185256481171 0.668369293212891 0.676733136177063 0.682292401790619 0.68506383895874 0.685055494308472 0.682267904281616 0.667414009571075 0.648004293441772 0.62736314535141 0.605553388595581
