resources/Exp000_Example-Run/Run01_M2/TimeSeries/1980/model/1980_model_prediction.asc
NCOLS 265 
NROWS 230 
XLLCORNER -115.5625 
YLLCORNER 24.8333333333333 
CELLSIZE 0.0833333333333333 
NODATA_value -9999 
[rows 120 to 139 of 230, columns 132 to 175 of 265]
0.441572934389114 0.411928057670593 0.385793030261993 0.37158128619194 0.355683863162994 0.338296115398407 0.319640010595322 0.299961477518082 0.279524922370911 0.258607029914856 0.278443217277527 0.313308238983154 0.349351733922958 0.38607907295227 0.42296314239502 0.459469467401505 0.495081961154938 0.522984564304352 0.531232178211212 0.53943395614624 0.547584593296051 0.555680394172668 0.563716053962708 0.571688175201416 0.579591870307922 0.571142852306366 0.556746065616608 0.541793406009674 0.526321053504944 0.510370254516602 0.493986397981644 0.477218985557556 0.462837845087051 0.456479430198669 0.450099438428879 0.443700432777405 0.437284976243973 0.430856168270111 0.424415916204453 0.417967796325684 0.414204716682434 0.41125899553299 0.408225119113922 0.405104517936707
0.44194757938385 0.416256636381149 0.39320519566536 0.378099828958511 0.361293256282806 0.342992454767227 0.323433607816696 0.302876055240631 0.281598806381226 0.259892791509628 0.274062007665634 0.301143079996109 0.329080581665039 0.357651948928833 0.386616706848145 0.415722876787186 0.444714903831482 0.468150228261948 0.47580286860466 0.483417809009552 0.490991592407227 0.498519748449326 0.505997955799103 0.513422191143036 0.520788133144379 0.512624680995941 0.49893656373024 0.484866082668304 0.47044849395752 0.455722391605377 0.440727800130844 0.425507068634033 0.413841396570206 0.413304597139359 0.4127337038517 0.412128418684006 0.411488622426987 0.410815060138702 0.410107433795929 0.409366011619568 0.406411409378052 0.402629733085632 0.398740231990814 0.394745677709579
0.442268073558807 0.420555531978607 0.400524765253067 0.384533494710922 0.366820603609085 0.347607135772705 0.327142208814621 0.305700540542603 0.283576846122742 0.261076956987381 0.269722402095795 0.28930726647377 0.309430539608002 0.33001509308815 0.350977391004562 0.372227251529694 0.393671303987503 0.411554425954819 0.418458163738251 0.425328403711319 0.432160943746567 0.438951432704926 0.445696651935577 0.45239183306694 0.459033817052841 0.451526254415512 0.439082115888596 0.426399499177933 0.413508504629135 0.400439828634262 0.387226521968842 0.373901605606079 0.365168303251266 0.370394676923752 0.375578969717026 0.38071796298027 0.385809302330017 0.390849739313126 0.395836800336838 0.400767743587494 0.398610860109329 0.39398929476738 0.389240652322769 0.38436895608902
0.442533701658249 0.424823611974716 0.407744377851486 0.390876024961472 0.372262060642242 0.352136135101318 0.330762773752213 0.308433055877686 0.285457640886307 0.262158304452896 0.265424728393555 0.277802228927612 0.290439128875732 0.303319066762924 0.316424131393433 0.329735219478607 0.343232065439224 0.354979991912842 0.36102357506752 0.367032796144485 0.373003125190735 0.378931075334549 0.384812206029892 0.390643119812012 0.396419942378998 0.389872908592224 0.379094630479813 0.368182569742203 0.35715925693512 0.346048504114151 0.334873795509338 0.323659241199493 0.31787896156311 0.328476011753082 0.339106291532516 0.349753707647324 0.360401093959808 0.371032238006592 0.381630063056946 0.39217883348465 0.39080822467804 0.385344862937927 0.37973552942276 0.373986691236496
0.442744970321655 0.429059118032455 0.414855927228928 0.397121906280518 0.377612620592117 0.356576085090637 0.334292948246002 0.3110710978508 0.28723880648613 0.263135761022568 0.261169195175171 0.266628712415695 0.27213728427887 0.277693420648575 0.283295691013336 0.288941591978073 0.294630229473114 0.300210326910019 0.305336654186249 0.310424208641052 0.315468668937683 0.320466667413712 0.32541435956955 0.330307602882385 0.335142940282822 0.329755842685699 0.320901721715927 0.311979323625565 0.303004384040833 0.293993324041367 0.284961670637131 0.275925874710083 0.27293261885643 0.288219541311264 0.30375924706459 0.319506734609604 0.335414260625839 0.35143369436264 0.367514252662659 0.383606046438217 0.383008450269699 0.376703858375549 0.370235472917557 0.363612234592438
0.442901045084 0.433261543512344 0.421853184700012 0.403264969587326 0.38286742568016 0.360923200845718 0.337729394435883 0.313612252473831 0.28891932964325 0.264008402824402 0.256956040859222 0.255786687135696 0.254550099372864 0.253246933221817 0.251878678798676 0.250445753335953 0.248949229717255 0.24884444475174 0.25305312871933 0.25721737742424 0.261333525180817 0.265397906303406 0.269406795501709 0.273356437683105 0.2772436439991 0.273093611001968 0.266239762306213 0.25935110449791 0.252437978982925 0.2455103546381 0.23857806622982 0.231651276350021 0.231125369668007 0.250204741954803 0.269933342933655 0.290226519107819 0.31098997592926 0.332122385501862 0.353515088558197 0.375055342912674 0.375216782093048 0.368072986602783 0.360749632120132 0.353259027004242
0.446056932210922 0.439531236886978 0.430323451757431 0.411520570516586 0.390859752893448 0.368603199720383 0.345050394535065 0.320531189441681 0.295398235321045 0.270017147064209 0.259272247552872 0.253322839736938 0.247294083237648 0.241197049617767 0.235041618347168 0.228838935494423 0.222599253058434 0.218564480543137 0.221177354454994 0.223728239536285 0.226214542984962 0.228634193539619 0.230984628200531 0.233263805508614 0.235469460487366 0.232617452740669 0.228067636489868 0.223490029573441 0.218889802694321 0.2142713367939 0.209639102220535 0.204997926950455 0.206783562898636 0.228573948144913 0.251421749591827 0.275201231241226 0.29976499080658 0.324946969747543 0.350566357374191 0.376431316137314 0.377381563186646 0.369817614555359 0.362050384283066 0.354094862937927
0.452227145433426 0.447869956493378 0.4403375685215 0.42197597026825 0.401698648929596 0.379753679037094 0.356425255537033 0.332031100988388 0.306914001703262 0.281433373689651 0.268223255872726 0.259054869413376 0.249832451343536 0.240580767393112 0.231324329972267 0.222087562084198 0.212894439697266 0.206150770187378 0.206536620855331 0.20684440433979 0.207073703408241 0.207224518060684 0.207296580076218 0.207289829850197 0.207204148173332 0.205671340227127 0.203647434711456 0.201595485210419 0.199516832828522 0.197412431240082 0.195283338427544 0.193130746483803 0.197292149066925 0.221384182572365 0.246857225894928 0.273536115884781 0.30121049284935 0.329639554023743 0.358559161424637 0.387689113616943 0.389488160610199 0.381956487894058 0.374184876680374 0.366188645362854
0.458360314369202 0.456170320510864 0.450315803289413 0.432430922985077 0.412575900554657 0.39098247885704 0.367920517921448 0.343694597482681 0.318636566400528 0.293098568916321 0.277355790138245 0.264874219894409 0.252383917570114 0.239933788776398 0.227571099996567 0.215342178940773 0.203291192650795 0.193976789712906 0.192259147763252 0.19047124683857 0.188614711165428 0.186691716313362 0.184704497456551 0.182655140757561 0.180545911192894 0.180217012763023 0.180480793118477 0.180729731917381 0.180963680148125 0.181182831525803 0.18138687312603 0.181576058268547 0.187979519367218 0.214250802993774 0.242279782891273 0.271833211183548 0.302623242139816 0.334314376115799 0.366536855697632 0.398898422718048 0.401570558547974 0.394120663404465 0.386389702558517 0.378393113613129
0.464453369379044 0.464426517486572 0.460248678922653 0.442875266075134 0.423479288816452 0.40227746963501 0.379524528980255 0.355510056018829 0.330555230379105 0.30500316619873 0.286666333675385 0.270780652761459 0.254948645830154 0.239256009459496 0.223784998059273 0.208613127470016 0.193812683224678 0.18208235502243 0.178403168916702 0.174689337611198 0.170945718884468 0.167177140712738 0.163388073444366 0.159583657979965 0.15576833486557 0.156490802764893 0.15874682366848 0.161024987697601 0.163325592875481 0.165648117661476 0.167993068695068 0.17036010324955 0.178861513733864 0.207182362675667 0.237692520022392 0.270093142986298 0.304002553224564 0.338969528675079 0.37449237704277 0.410041272640228 0.413607031106949 0.406291246414185 0.398647964000702 0.390692800283432
0.47050404548645 0.47263291478157 0.470125585794449 0.453297704458237 0.434397906064987 0.413626968860626 0.391224324703217 0.367465406656265 0.342658013105392 0.317136734724045 0.296151846647263 0.276773810386658 0.257526516914368 0.238548293709755 0.219969436526299 0.201910734176636 0.184480875730515 0.170503437519073 0.165019765496254 0.159568414092064 0.154157444834709 0.148794531822205 0.143487185239792 0.13824225962162 0.133066594600677 0.134663373231888 0.13857926428318 0.142583563923836 0.146677523851395 0.150862127542496 0.155137941241264 0.159506067633629 0.169952169060707 0.200186774134636 0.233098655939102 0.268316686153412 0.305348455905914 0.343603074550629 0.382418215274811 0.421098917722702 0.425577640533447 0.418449312448502 0.41094183921814 0.403072506189346
0.476509541273117 0.480783104896545 0.479937225580215 0.463687628507614 0.445319682359695 0.425018191337585 0.403007447719574 0.379547238349915 0.354933023452759 0.329487413167953 0.305807679891586 0.282853007316589 0.26011735200882 0.237810462713242 0.216127797961235 0.195245385169983 0.175316050648689 0.159272894263268 0.152153730392456 0.145166411995888 0.138321742415428 0.131629765033722 0.125099584460258 0.118739373981953 0.112556181848049 0.114838786423206 0.120064809918404 0.125475972890854 0.131075486540794 0.13686640560627 0.14285159111023 0.149033829569817 0.16126437485218 0.193272173404694 0.228501915931702 0.266504019498825 0.306660264730453 0.348212271928787 0.390307486057281 0.432054072618484 0.437461733818054 0.430574893951416 0.423254370689392 0.415516376495361
0.489441901445389 0.492370843887329 0.490166276693344 0.472008347511292 0.451419115066528 0.428633958101273 0.403939634561539 0.377673357725143 0.350216597318649 0.32198566198349 0.297177374362946 0.273715704679489 0.250591367483139 0.228019893169403 0.206199705600739 0.185304865241051 0.165482744574547 0.149959787726402 0.14427824318409 0.138680949807167 0.13317434489727 0.12776492536068 0.122458353638649 0.117260195314884 0.112175241112709 0.115916021168232 0.122844308614731 0.13008688390255 0.137649893760681 0.145538821816444 0.153758585453033 0.162313058972359 0.176795795559883 0.210215494036674 0.246607601642609 0.285444527864456 0.326046854257584 0.367617607116699 0.409295171499252 0.450206875801086 0.454984068870544 0.447529226541519 0.439544171094894 0.431049048900604
0.509012699127197 0.50731885433197 0.500853717327118 0.478288918733597 0.452634483575821 0.424276828765869 0.393693685531616 0.361446022987366 0.328161776065826 0.294508576393127 0.270387798547745 0.249653801321983 0.229340687394142 0.209599256515503 0.190565332770348 0.172356650233269 0.15507173538208 0.142409235239029 0.140978828072548 0.139519512653351 0.138032123446465 0.136518076062202 0.134978294372559 0.133414059877396 0.131826564669609 0.138325735926628 0.147937908768654 0.158028081059456 0.168601766228676 0.179662525653839 0.191211938858032 0.203249618411064 0.220649123191833 0.254253387451172 0.289751052856445 0.326614946126938 0.364242970943451 0.40198877453804 0.439198344945908 0.475242704153061 0.477891057729721 0.469122409820557 0.459669649600983 0.449560761451721
0.528085172176361 0.522076487541199 0.511513948440552 0.484566330909729 0.453760951757431 0.419692784547806 0.383107542991638 0.344878077507019 0.305965393781662 0.267356812953949 0.244191110134125 0.226255729794502 0.208759114146233 0.191801324486732 0.175471067428589 0.159844934940338 0.144985765218735 0.135035440325737 0.137678608298302 0.140325590968132 0.142974928021431 0.145624816417694 0.148273780941963 0.150920182466507 0.153562113642693 0.163321480154991 0.176029354333878 0.189395904541016 0.203419268131256 0.21809284389019 0.233406350016594 0.249343946576118 0.269598037004471 0.301986187696457 0.335299372673035 0.369085818529129 0.40287259221077 0.436184763908386 0.468565702438354 0.499594628810883 0.500245332717896 0.490326404571533 0.47953999042511 0.467922478914261
0.546587824821472 0.536613464355469 0.522137701511383 0.490837663412094 0.454797744750977 0.414887815713882 0.372212320566177 0.328060567378998 0.283818751573563 0.240853309631348 0.2188750654459 0.203729227185249 0.188990473747253 0.174721658229828 0.16097803413868 0.147806942462921 0.135247394442558 0.127850472927094 0.134380802512169 0.14109867811203 0.147999301552773 0.155076920986176 0.162325486540794 0.169737637042999 0.177305728197098 0.190783381462097 0.206939965486526 0.223930224776268 0.24173267185688 0.260318577289581 0.279649496078491 0.299678981304169 0.322510123252869 0.352298825979233 0.38224983215332 0.412028104066849 0.441303580999374 0.469761699438095 0.497112929821014 0.523099362850189 0.521923780441284 0.511038720607758 0.499073177576065 0.486071765422821
0.564455091953278 0.550901472568512 0.53271472454071 0.497101485729218 0.455744624137878 0.409866750240326 0.361040055751801 0.311086297035217 0.261909872293472 0.215294718742371 0.194693133234978 0.182253643870354 0.170157060027122 0.158440634608269 0.147137090563774 0.136274337768555 0.1258754581213 0.120864808559418 0.131089076399803 0.141838401556015 0.153101950883865 0.164863839745522 0.177103832364082 0.189797356724739 0.202914476394653 0.220490276813507 0.2403564453125 0.261195242404938 0.282950133085251 0.305550575256348 0.32891234755516 0.352939397096634 0.377856731414795 0.403845816850662 0.429492831230164 0.454582571983337 0.478913635015488 0.50230085849762 0.524580299854279 0.545610308647156 0.542814016342163 0.531164646148682 0.518191874027252 0.503948330879211
0.58162933588028 0.56491369009018 0.543236613273621 0.50335556268692 0.456601411104202 0.40463662147522 0.349625021219254 0.294049859046936 0.240419462323189 0.190940618515015 0.171858236193657 0.16197781264782 0.152359306812286 0.143023788928986 0.133989498019218 0.125272378325462 0.116885513067245 0.114087797701359 0.127806439995766 0.142544120550156 0.158278837800026 0.174972474575043 0.192570313811302 0.211000993847847 0.230177819728851 0.252120435237885 0.275834202766418 0.300590932369232 0.326278001070023 0.352762520313263 0.379896879196167 0.407516837120056 0.433853268623352 0.455168694257736 0.475894242525101 0.495913714170456 0.515121519565582 0.533424079418182 0.550739884376526 0.56700187921524 0.562817990779877 0.550618350505829 0.536825060844421 0.521494925022125
0.599586248397827 0.582908093929291 0.561939120292664 0.525259912014008 0.480804353952408 0.430040955543518 0.375021278858185 0.318249881267548 0.262408345937729 0.210002720355988 0.188826873898506 0.177237942814827 0.165940776467323 0.154970169067383 0.144356787204742 0.134127274155617 0.124304361641407 0.120880208909512 0.136281952261925 0.152849942445755 0.170541927218437 0.189293041825294 0.209016069769859 0.229601606726646 0.250920653343201 0.277328372001648 0.30650332570076 0.336868584156036 0.36819452047348 0.400222659111023 0.432673096656799 0.465252161026001 0.494086623191833 0.511643350124359 0.528475642204285 0.544521033763885 0.559725105762482 0.574042856693268 0.587436318397522 0.599875628948212 0.595569491386414 0.584171235561371 0.570844173431396 0.555634260177612
0.611499309539795 0.597950279712677 0.581833004951477 0.555735230445862 0.521813809871674 0.48083171248436 0.43400052189827 0.383001446723938 0.329905331134796 0.276978462934494 0.250554114580154 0.232729479670525 0.215196311473846 0.19807431101799 0.181472927331924 0.165489852428436 0.150208964943886 0.142892107367516 0.158008456230164 0.173975259065628 0.190735727548599 0.208218559622765 0.226338982582092 0.2449991106987 0.264090269804001 0.294953525066376 0.331200838088989 0.368819683790207 0.407342314720154 0.446260303258896 0.485046237707138 0.523181021213531 0.554858148097992 0.569558203220367 0.583429038524628 0.596439480781555 0.608563899993896 0.619783163070679 0.630082607269287 0.63945335149765 0.636513113975525 0.627661943435669 0.616529285907745 0.60313069820404
