resources/Exp000_Example-Run/Run01_M2/TimeSeries/1980/model/1980_biasfile.asc
NCOLS 265 
NROWS 230 
XLLCORNER -115.5625 
YLLCORNER 24.8333333333333 
CELLSIZE 0.0833333333333333 
NODATA_value -9999 
[rows 180 to 197 of 230, columns 168 to 209 of 265]
0.00815181596133858 0.00832392571038436 0.00849460237205241 0.00866351454129049 0.00883031817181773 0.00899437324960748 0.00915519560060657 0.00931262927016771 0.00946628417010062 0.00961576486974302 0.0097606720222895 0.00990060384526309 0.0100349899566218 0.0101625615021363 0.0102837758807984 0.0103982452534174 0.010505590366846 0.0106054422549513 0.0106974439250442 0.0107812520266609 0.0108552175364669 0.0109198899560932 0.0109753294980655 0.0110212852986587 0.0110575299267187 0.0110838605433054 0.0111000999809968 0.0111052634237121 0.0110989348246804 0.0110821349429654 0.0110548252057665 0.0110169969690187 0.0109686716681369 0.0109099008661743 0.0108406339013622 0.0107593807360876 0.0106681066724839 0.0105670065536314 0.0104563025496171 0.0103362432874168 0.0102071029020491 0.0100691800108354
0.0079883591694288 0.00816009680753252 0.00833052404691363 0.00849931479239388 0.00866613035347412 0.0088303500730133 0.00899149618534653 0.00914940529091967 0.00930369234199836 0.00945396675790299 0.0095998338106033 0.00974089606397985 0.00987659227001466 0.0100056812239442 0.0101285955738706 0.0102449498310417 0.0103543665514195 0.0104564780016002 0.010550927812038 0.0106373726145591 0.0107141900704941 0.0107819070038575 0.0108405735584864 0.0108899353329546 0.0109297605942377 0.0109598414338748 0.0109799948472711 0.0109892412204339 0.010987158133978 0.0109747410102107 0.0109519418682959 0.0109187420038803 0.0108751521739814 0.0108212126824793 0.0107568619563246 0.010680605500468 0.0105943810056914 0.0104983699520114 0.0103927809003563 0.010277848682185 0.0101538335114596 0.0100210200206866
0.00781044500671714 0.0079818082018147 0.0081520118004227 0.00832073559495191 0.00848764675348932 0.00865214727563619 0.00881376604628745 0.00897232969125054 0.00912745826068597 0.00927876597614755 0.00942586257202468 0.00956835469050269 0.009705690653707 0.0098366599442762 0.00996166508974749 0.0100803221065895 0.0101922543952587 0.0102970943723259 0.0103944850922941 0.0104840818561899 0.0105642903669209 0.010635610487966 0.0106980797725864 0.0107514384799245 0.0107954486929864 0.0108298954787491 0.0108545879753332 0.0108685500528966 0.0108713501971065 0.0108639555606519 0.0108463065635578 0.0108183722483766 0.0107801505095905 0.0107316682268352 0.0106728506319461 0.010602194347882 0.0105216090124744 0.0104312608339643 0.0103313429403038 0.0102220746369186 0.0101037005874596 0.00997648991912655
0.00761933412100947 0.00779034079191755 0.00796036575074738 0.0081290951777931 0.00829620252304594 0.0084611155291285 0.00862336986935994 0.00878277969781295 0.00893897013697083 0.00909156008072379 0.00924016348876708 0.00938439073470708 0.00952370001456184 0.00965691419077137 0.00978440053172233 0.00990577565340901 0.0100206627813059 0.0101286933504739 0.0102295085982698 0.0103227611468373 0.0104068857254047 0.0104823511871834 0.0105491800601115 0.0106071054684662 0.0106558814448618 0.0106952841018993 0.0107251127352073 0.0107443928544775 0.0107526811506133 0.0107509138808115 0.0107390177569442 0.0107169474668704 0.0106846859584238 0.0106422446304255 0.0105895333342556 0.0105250353192673 0.0104506321352104 0.0103664729524428 0.0102727337897434 0.0101696168479585 0.0100573497668075 0.00993618480628758
0.00741652645356207 0.00758721304513257 0.00775712140723787 0.00792594452113608 0.00809336245400792 0.00825883151049951 0.008421894181584 0.00858234972575596 0.00873982822815681 0.00889395304366197 0.00904434204193155 0.00919060890670342 0.00933222187241728 0.00946803947954018 0.00959838891711684 0.00972288644879093 0.00984115406707596 0.00995282106371533 0.0100575255960529 0.0101549162466921 0.0102434573645174 0.0103235830464051 0.0103952984896521 0.0104583279256211 0.0105124155183338 0.0105573265553097 0.0105928485744702 0.0106180067861898 0.0106323434576885 0.0106367616797619 0.0106311724677136 0.0106155141829563 0.0105897528811769 0.0105538825706735 0.0105077956765185 0.0104499575996902 0.0103822221758843 0.0103047199484172 0.0102176083312541 0.0101210710254581 0.010015317358493 0.00990058154765903
0.00720373688664843 0.00737415657195293 0.00754402520866577 0.0077130428973206 0.00788089656321575 0.00804707357765869 0.00821112316815053 0.00837282738568991 0.00853182108513357 0.00868773179200643 0.00884018089653546 0.00898878490280594 0.00913302210510193 0.00927178858615901 0.00940536703298868 0.00953337237361623 0.00965542428771697 0.00977114874997826 0.00988017957334164 0.00998215994950091 0.0100755840371038 0.0101608477968592 0.0102379369579011 0.0103065651671157 0.0103664649802279 0.0104173890794014 0.0104591114318768 0.0104906549479233 0.0105115449577732 0.0105226495096661 0.010523862088994 0.0105151029232277 0.0104963194032091 0.0104674864176651 0.0104284770953494 0.0103777346095629 0.0103170858610421 0.0102466413832188 0.0101665386981132 0.0100769418215544 0.00997804069046282 0.00987005051330626
0.00698254277942785 0.00715276793283281 0.00732269165328243 0.00749202138506754 0.00766045105639279 0.00782750135026412 0.00799272802416421 0.00815589365139549 0.00831663756421022 0.00847459107034897 0.00862937859503413 0.00878061887932487 0.00892780014057839 0.0090698574526293 0.0092070248611941 0.00933891490541558 0.0094651438093686 0.00958533300180411 0.00969911064008262 0.00980611313576881 0.00990486420662092 0.00999571858361547 0.0100786405005221 0.0101533313420319 0.0102195103414154 0.0102769158326571 0.0103253064488443 0.0103637006603654 0.0103916043872433 0.0104098491311105 0.0104183091221347 0.010416884765629 0.0104055031450322 0.0103841184410037 0.0103525827464766 0.0103093125825301 0.0102561091713139 0.0101930618354824 0.0101202871058705 0.0100379283205962 0.00994615514492676 0.0098451630128389
0.00675526115980402 0.00692537905560851 0.00709546468753369 0.00726523295154601 0.00743438480981132 0.00760247606966684 0.00776906869014823 0.00793390369482374 0.00809662451296684 0.00825686576584389 0.00841425435641162 0.00856841061696621 0.00871883238860548 0.00886449463665702 0.00900557921195696 0.00914169520609837 0.00927245425309118 0.00939747202933353 0.00951636976246874 0.00962877574669193 0.00973324254597804 0.00983008108650992 0.00991923233531936 0.0100003838647649 0.0100732400142957 0.0101375231845987 0.010192975083386 0.0102386075942046 0.010273904963616 0.0102996611483 0.0103157296316365 0.0103219895521668 0.0103183462958264 0.0103047320069821 0.0102809762629523 0.0102454647584547 0.0101999747282518 0.010144573363193 0.0100793553832991 0.0100044427345812 0.00991998420481926 0.00982615495904521
0.00652450207297048 0.00669460560008401 0.00686496143318151 0.00703529191507124 0.00720530496882041 0.00737459280595917 0.00754272317592065 0.0077094138243805 0.00787431184874725 0.00803705468058692 0.00819727112347664 0.00835458245071606 0.00850849570554116 0.00865802608022279 0.008803300486682 0.00894392358952986 0.0090795013957718 0.00920964273896912 0.00933396077729183 0.00945207450311455 0.00956256425386997 0.00966569524684032 0.0097613837816357 0.00984930230579759 0.00992913894662858 0.0100005988539799 0.0100634055001583 0.0101165621985389 0.01015952962751 0.0101930637352373 0.0102169960957115 0.010231183470288 0.0102355084952455 0.0102298802906094 0.0102141047901066 0.0101865332456464 0.0101489208539988 0.010101312079253 0.0100437793289042 0.00997642275076128 0.00989936994655133 0.0098127756027765
0.00629242564794155 0.00646261496833477 0.00663335352565812 0.00680437100877081 0.00697538213765657 0.00714601639542892 0.0073158468267288 0.00748456640781787 0.00765182541960421 0.00781726355433054 0.00798051090265426 0.00814118900278944 0.00829881355939134 0.00845243985420747 0.00860213771635233 0.00874750643822759 0.00888814541072659 0.00902365559579107 0.00915364101811949 0.00927771027376043 0.00939447005443686 0.00950413847404637 0.00960660603342787 0.00970152890098182 0.00978857784469843 0.0098674396297253 0.0099378183785601 0.00999870692222679 0.0100495407264893 0.0100910377105524 0.0101230066184015 0.0101452809721641 0.0101577198600094 0.0101602086475062 0.0101525287599664 0.0101329937435723 0.0101033389968166 0.0100635859220924 0.0100137843690287 0.0099540125326888 0.00988437676576335 0.00980501130512231
0.00606115679687548 0.00623153644970743 0.00640277149861724 0.00657459878912769 0.00674673959145788 0.00691886111906357 0.00709054114667268 0.00726144664371346 0.00743123054627294 0.00759953422396792 0.00776598841788815 0.00793021424308153 0.0080917354213611 0.00824964673793267 0.00840395940677832 0.0085542664525403 0.00870015972427072 0.00884123136074896 0.00897707528040952 0.00910728869368864 0.00923050292169384 0.00934688809147323 0.00945630805068742 0.00955840170545437 0.00965282150073877 0.0097392348782751 0.00981732570258694 0.00988607451154358 0.00994489018157508 0.0099944530059778 0.010034548225405 0.010064985513145 0.0100855998672831 0.0100962524282249 0.0100966995149097 0.0100852141006128 0.0100635142637104 0.0100315982649238 0.00998949340068983 0.00993725600270918 0.0098749713483755 0.00980275348225832
0.00583273040608832 0.0060034060671883 0.00617524934857806 0.00634800398442896 0.00652139747657004 0.00669513483223408 0.00686879793792836 0.00704202678601423 0.00721447640967824 0.00738578925332225 0.00755559606350559 0.00772351684716007 0.00788908261444573 0.00805142665556757 0.00821050064717577 0.00836589051573428 0.00851717972133089 0.0086639507201917 0.008805786457407 0.00894227188774401 0.00907206098145012 0.00919527549638081 0.00931175205154394 0.00942111148897467 0.00952298715946488 0.00961702644578441 0.00970289225937755 0.0097795511657475 0.00984638435589157 0.00990403529334842 0.00995226528967028 0.00999085981095326 0.0100196294770822 0.0100384109879241 0.0100469352231387 0.0100434321484404 0.0100296051777725 0.0100054295942337 0.00997091038354508 0.00992608233392405 0.00987101004334524 0.00980578783417237
0.00560903918229743 0.00578011406192814 0.00595267171532248 0.00612646243093938 0.00630121956462912 0.00647668560736883 0.00665244590499764 0.00682811277877095 0.00700334278668072 0.00717777884188102 0.00735105105918434 0.00752277767178356 0.00769249618685027 0.00785937703535099 0.00802331203140519 0.0081838792534072 0.0083406530188709 0.00849320534855136 0.00864110746646586 0.00878393133374861 0.00892035139338196 0.00905044113274408 0.00917400964260074 0.00929065908806327 0.00940000315346636 0.00950166863513675 0.00959529701287165 0.00967983936252157 0.0097546483830173 0.00982033185733243 0.00987662698555746 0.00992329491374653 0.00996012184197043 0.00998692006057973 0.0100033949354658 0.0100077314550037 0.0100016211327615 0.00998501666622128 0.00995790119334798 0.00992028849076038 0.00987222307545384 0.0098137802098724
0.00539242663733871 0.00556400442471123 0.00573737975659801 0.00591230905510718 0.00608853107212095 0.00626582504973698 0.00644377907460279 0.00662197737468528 0.00680007741894054 0.00697772195168871 0.00715453979780052 0.0073301467412652 0.00750408588921174 0.00767556298363228 0.00784441028961378 0.00801019733991604 0.00817248862210707 0.00833084504889984 0.00848482547010822 0.00863398822420588 0.00877702573057044 0.0089139638360045 0.00904458409083618 0.00916846954755419 0.00928521384174368 0.00939442285811855 0.00949571638028927 0.00958802858140183 0.00967068314017256 0.00974425375083843 0.00980845357818131 0.00986301959973853 0.0099077138232883 0.00994232443344653 0.00996653148905122 0.00997847344942346 0.00997983294508679 0.00997054075114829 0.0099505588874999 0.0099198809120549 0.00987853211337904 0.00982656960233618
0.00518420068246252 0.00535636763291544 0.00553064324063425 0.00570678962084673 0.00588455045495696 0.00606374069322202 0.0062439504901718 0.00642473589711785 0.00660575473316106 0.00678664900261817 0.00696704566214341 0.00714655746454115 0.00732473225076962 0.00750080905624206 0.0076745615025418 0.00784555003744713 0.00801332880168101 0.00817744710958905 0.00833745097712942 0.00849288469519882 0.0086424562210183 0.00878614482651051 0.0089237047986096 0.00905469988463632 0.00917870353715261 0.00929530065590231 0.00940408931827116 0.00950398570055502 0.00959428429278145 0.00967552649507435 0.00974740176153954 0.00980962329592801 0.00986192937799345 0.00990408461952167 0.00993574423180139 0.00995499925296864 0.00996352624549053 0.00996123490000654 0.00994806700840139 0.00992399684814467 0.00988903146161593 0.00984321082986561
0.00498526497455484 0.00515808752636365 0.00533332347276904 0.00551074017977093 0.00569008580025411 0.00587120971525774 0.00605370353518648 0.00623709534636075 0.00642104282005803 0.00660518672383495 0.00678915165383447 0.0069725468472041 0.00715492406448447 0.0073355535142382 0.00751415156142538 0.00769026918048009 0.00786344980912434 0.00803323084300395 0.0081991451832535 0.0083607228350462 0.00851668497387922 0.00866696570509671 0.00881129256905691 0.00894921002921164 0.0090802714373136 0.0092040408529422 0.00932009485606785 0.0094273308374825 0.00952501424454489 0.00961365610162468 0.00969292268218805 0.00976250401012898 0.00982211529344947 0.00987149828785624 0.00991028402343412 0.00993651582351835 0.0099518667447991 0.00995622636147487 0.00994951724418738 0.00993169543097303 0.00990275078860177 0.00986270726359301
0.00479645179456964 0.00496997499668074 0.00514620740315152 0.00532492119046814 0.00550586853654188 0.00568893176060964 0.00587370337846539 0.0060596840021834 0.00624653071911933 0.00643388263586404 0.00662136157899152 0.00680857287940751 0.00699507145480018 0.00718015647692814 0.00736348888980653 0.00754460994945747 0.00772305218676432 0.0078983409192141 0.00806999582106602 0.0082375325500249 0.00839968329939049 0.00855633873436239 0.00870720038980105 0.00885179366813323 0.00898965210653928 0.0091203192748475 0.00924335067070202 0.00935762440239324 0.00946237731845274 0.00955809209796777 0.00964441255784622 0.0097210063243953 0.00978756637185618 0.0098438124908048 0.00988935239318408 0.00992218196797089 0.00994397308318195 0.00995459628909163 0.00995395605389636 0.00994199131628157 0.00991867592364685 0.00988401895512771
0.00461828710482748 0.00479252979568064 0.00496976621651209 0.00514977293278735 0.00533230572960919 0.00551727819980099 0.00570428329773014 0.00589279492601297 0.00608246923124519 0.00627294332457586 0.00646383595406057 0.00665474826413177 0.00684523764615082 0.00703463000535314 0.0072225331040194 0.00740847839084382 0.00759198745012713 0.00777257353321091 0.0079497431536727 0.00812299774437667 0.00829107851159182 0.00845383467914438 0.00861094272534642 0.00876190941607922 0.008906248962509 0.00904348499720748 0.00917315255148254 0.0092941102742938 0.00940556715537434 0.00950797960988641 0.00960096990186215 0.00968418421442792 0.00975729428985987 0.00981999899919037 0.0098718837789239 0.00991089795981136 0.00993871420868048 0.00995518524263435 0.00996019863099423 0.00995367742410498 0.00993558066299906 0.0099059037689172
