resources/Exp000_Example-Run/Run01_M2/TimeSeries/1980/model/1980_model_prediction.asc
NCOLS 265 
NROWS 230 
XLLCORNER -115.5625 
YLLCORNER 24.8333333333333 
CELLSIZE 0.0833333333333333 
NODATA_value -9999 
[rows 100 to 119 of 230, columns 88 to 131 of 265]
0.434009790420532 0.43722066283226 0.430631518363953 0.423821836709976 0.416800737380981 0.40957772731781 0.402163118124008 0.394567668437958 0.386802077293396 0.407912880182266 0.4400594830513 0.473681539297104 0.50862854719162 0.544702470302582 0.581653714179993 0.619178175926208 0.644921243190765 0.633736252784729 0.621076703071594 0.606958985328674 0.59141218662262 0.574477434158325 0.556211471557617 0.536688923835754 0.543347954750061 0.558237433433533 0.572235584259033 0.585305631160736 0.597418665885925 0.608552813529968 0.618691205978394 0.621705710887909 0.605679512023926 0.589177489280701 0.57223629951477 0.554896891117096 0.537203669548035 0.519204616546631 0.500951528549194 0.4952692091465 0.493002742528915 0.489804953336716 0.485685437917709 0.480654627084732
0.43877786397934 0.440587401390076 0.428657382726669 0.416707187891006 0.404753297567368 0.392813086509705 0.380903035402298 0.369039922952652 0.357239961624146 0.380048334598541 0.416189640760422 0.45426133275032 0.494042128324509 0.53523588180542 0.577465057373047 0.620272874832153 0.648779153823853 0.633064091205597 0.615661680698395 0.59661591053009 0.575992226600647 0.553881108760834 0.530400395393372 0.505694389343262 0.514008045196533 0.5327308177948 0.550429582595825 0.567032396793365 0.582479298114777 0.5967236161232 0.609729707241058 0.614622890949249 0.598262429237366 0.581564903259277 0.56456595659256 0.54730498790741 0.529823422431946 0.51216459274292 0.494373291730881 0.490362793207169 0.490168929100037 0.489064007997513 0.487051367759705 0.484136134386063
0.439603060483932 0.44022598862648 0.426678001880646 0.41319066286087 0.399783253669739 0.386474639177322 0.373283833265305 0.360228449106216 0.347325772047043 0.370076030492783 0.406453728675842 0.444697827100754 0.484565585851669 0.525741636753082 0.567837834358215 0.610397100448608 0.638317763805389 0.621390998363495 0.60296493768692 0.58309543132782 0.561859250068665 0.539356887340546 0.515711188316345 0.491068363189697 0.499344110488892 0.518099784851074 0.5360067486763 0.552990317344666 0.56898832321167 0.583948969841003 0.59783124923706 0.603833377361298 0.58889365196228 0.573636889457703 0.558092653751373 0.542291760444641 0.526266813278198 0.510053992271423 0.493689060211182 0.491518944501877 0.493160277605057 0.493716865777969 0.493187099695206 0.491572320461273
0.436634570360184 0.436270356178284 0.424896568059921 0.413520485162735 0.402155727148056 0.390816569328308 0.379516452550888 0.368268817663193 0.357088148593903 0.378524392843246 0.412221163511276 0.447376161813736 0.483785212039948 0.521196842193604 0.559313476085663 0.597793698310852 0.623211562633514 0.608696460723877 0.593085646629333 0.576417803764343 0.558741450309753 0.540116310119629 0.520616471767426 0.500326573848724 0.50671911239624 0.521735310554504 0.53623354434967 0.550175786018372 0.563528716564178 0.576264083385468 0.588357865810394 0.593858540058136 0.58111584186554 0.568069040775299 0.554737091064453 0.541141629219055 0.527305901050568 0.513254225254059 0.499013006687164 0.498741269111633 0.501808106899261 0.503317534923553 0.503263354301453 0.501645505428314
0.432151108980179 0.430912971496582 0.42220950126648 0.413323670625687 0.404269307851791 0.39506071805954 0.385712593793869 0.376239717006683 0.366658389568329 0.38667756319046 0.417633414268494 0.449656516313553 0.48257640004158 0.516193866729736 0.550282180309296 0.584591865539551 0.607519328594208 0.595781862735748 0.583129048347473 0.569584906101227 0.555179834365845 0.539952278137207 0.523946821689606 0.507217168807983 0.512070119380951 0.524002969264984 0.535624384880066 0.546915590763092 0.557860195636749 0.568442523479462 0.578649044036865 0.58349084854126 0.573051154613495 0.562294781208038 0.551234602928162 0.53988528251648 0.52826189994812 0.516381442546844 0.504262626171112 0.505793273448944 0.510028660297394 0.512081265449524 0.511940240859985 0.509606182575226
0.426179796457291 0.424185276031494 0.418626934289932 0.412600815296173 0.406121641397476 0.39920511841774 0.391868889331818 0.384131699800491 0.376013994216919 0.394517004489899 0.422679454088211 0.451535284519196 0.480941265821457 0.510738551616669 0.540756165981293 0.570814311504364 0.591271698474884 0.582664668560028 0.573102116584778 0.562599420547485 0.551178634166718 0.538864970207214 0.525691390037537 0.511695384979248 0.515369296073914 0.524895668029785 0.534180402755737 0.543213665485382 0.551985561847687 0.560488045215607 0.568713009357452 0.57274204492569 0.564705610275269 0.556318163871765 0.547586917877197 0.538522303104401 0.529133915901184 0.519434332847595 0.509435415267944 0.512668967247009 0.517808556556702 0.519984662532806 0.519182324409485 0.515407264232635
0.418759554624557 0.416128098964691 0.414163380861282 0.411353677511215 0.407710462808609 0.40324679017067 0.397981196641922 0.391934901475906 0.385133266448975 0.402024120092392 0.427350550889969 0.45301017165184 0.478881597518921 0.504837810993195 0.530749917030334 0.556487441062927 0.574504494667053 0.56936240196228 0.563011825084686 0.555465817451477 0.546739816665649 0.536856472492218 0.525842547416687 0.513732969760895 0.516599714756012 0.524410367012024 0.531903803348541 0.539072334766388 0.545908629894257 0.552406072616577 0.558559417724609 0.561624586582184 0.556086778640747 0.550141870975494 0.5437952876091 0.537053346633911 0.529923141002655 0.522412240505219 0.514529883861542 0.519363284111023 0.525136291980743 0.527007937431335 0.524961948394775 0.519016027450562
0.409939110279083 0.406791388988495 0.408836722373962 0.409585624933243 0.40903314948082 0.40718287229538 0.404045879840851 0.399641185998917 0.393995732069016 0.409182608127594 0.431637942790985 0.454078525304794 0.476400077342987 0.498499572277069 0.520278513431549 0.541642308235168 0.557258903980255 0.555893301963806 0.55286717414856 0.548187136650085 0.541868448257446 0.533930122852325 0.52440083026886 0.513318002223969 0.515755832195282 0.522548913955688 0.528798758983612 0.534495890140533 0.539631843566895 0.544201076030731 0.548198044300079 0.550153851509094 0.547201991081238 0.543769776821136 0.539860904216766 0.53547877073288 0.530627906322479 0.525314390659332 0.519543766975403 0.525870800018311 0.532001435756683 0.533134758472443 0.529258728027344 0.520414173603058
0.405275732278824 0.401190251111984 0.406111121177673 0.409545421600342 0.411469131708145 0.411869168281555 0.410742193460464 0.408095955848694 0.403949856758118 0.418962329626083 0.440518498420715 0.461800009012222 0.482699185609818 0.503115475177765 0.522954821586609 0.542131900787354 0.556348621845245 0.556430578231812 0.554630875587463 0.550954401493073 0.545413196086884 0.538026571273804 0.528822004795074 0.517838478088379 0.519129812717438 0.524255990982056 0.528666734695435 0.532353699207306 0.535311639308929 0.537535429000854 0.539022326469421 0.539347887039185 0.537797808647156 0.535716354846954 0.533105552196503 0.529968619346619 0.526308596134186 0.522130310535431 0.517438948154449 0.525130569934845 0.532174408435822 0.533565402030945 0.529286742210388 0.519389927387238
0.404893964529037 0.399506092071533 0.405838221311569 0.410800993442535 0.414361834526062 0.416496902704239 0.417193114757538 0.416445821523666 0.414259493350983 0.430794358253479 0.453569442033768 0.475877910852432 0.497590154409409 0.518586993217468 0.53876131772995 0.558018922805786 0.571834027767181 0.570839822292328 0.568116664886475 0.563670992851257 0.557513415813446 0.549661695957184 0.540139973163605 0.528983294963837 0.528103530406952 0.530362963676453 0.531910717487335 0.532743394374847 0.532860994338989 0.532262444496155 0.530949056148529 0.529231607913971 0.527828991413116 0.52587479352951 0.523371815681458 0.520323634147644 0.516733109951019 0.512605845928192 0.507946848869324 0.516908764839172 0.525579929351807 0.528502762317657 0.525639772415161 0.517027378082275
0.403330683708191 0.396841466426849 0.404524445533752 0.410957485437393 0.416099190711975 0.419918805360794 0.422392994165421 0.42350760102272 0.423256069421768 0.441445380449295 0.465611934661865 0.489104121923447 0.511766076087952 0.533458650112152 0.554060161113739 0.573468387126923 0.586929738521576 0.584898471832275 0.581287145614624 0.576102793216705 0.569354772567749 0.561058759689331 0.551236212253571 0.539917230606079 0.536840200424194 0.536202609539032 0.534866034984589 0.532830774784088 0.530100882053375 0.52668035030365 0.522573232650757 0.518819689750671 0.517550230026245 0.515708684921265 0.513296782970428 0.510318040847778 0.506776571273804 0.502677381038666 0.49802753329277 0.508196473121643 0.518423795700073 0.52280980348587 0.521293938159943 0.513897657394409
0.40059432387352 0.393209248781204 0.402176529169083 0.410013377666473 0.416672706604004 0.422116160392761 0.426312416791916 0.429238706827164 0.430879592895508 0.450853586196899 0.476588487625122 0.501425564289093 0.525179028511047 0.547686696052551 0.568812131881714 0.588445425033569 0.601606845855713 0.598581552505493 0.594121515750885 0.588231980800629 0.580921411514282 0.572203278541565 0.56209659576416 0.550626635551453 0.545330166816711 0.541770577430725 0.537530720233917 0.532616198062897 0.527033746242523 0.520792961120605 0.51390415430069 0.508126139640808 0.506977617740631 0.505233466625214 0.502895176410675 0.499967724084854 0.496454954147339 0.492363184690475 0.487699717283249 0.499008625745773 0.510717153549194 0.516495108604431 0.516257047653198 0.510006248950958
0.396700471639633 0.388627290725708 0.398805469274521 0.407973945140839 0.416079342365265 0.423076748847961 0.428928673267365 0.43360510468483 0.437081903219223 0.45896703004837 0.486449092626572 0.512796640396118 0.537787556648254 0.56123423576355 0.582984209060669 0.602919578552246 0.615837752819061 0.611867427825928 0.606600761413574 0.600042402744293 0.592199087142944 0.58308207988739 0.572707653045654 0.561098217964172 0.553565740585327 0.547062993049622 0.539903521537781 0.532098829746246 0.523661196231842 0.514606535434723 0.504952609539032 0.497167468070984 0.496125996112823 0.49446377158165 0.492183864116669 0.489289492368698 0.485786825418472 0.481681853532791 0.476982116699219 0.489361852407455 0.5024733543396 0.509569764137268 0.510537087917328 0.505360662937164
0.391671150922775 0.383117884397507 0.394428431987762 0.404849052429199 0.414322048425674 0.422796130180359 0.430228054523468 0.436580955982208 0.441824406385422 0.465742528438568 0.495153278112411 0.523179292678833 0.549557030200958 0.574069499969482 0.596546113491058 0.616863429546356 0.629599273204803 0.624736666679382 0.618709087371826 0.611519813537598 0.603174805641174 0.593683063983917 0.583058834075928 0.5713210105896 0.561539530754089 0.552075684070587 0.541982889175415 0.531279623508453 0.519986093044281 0.508126616477966 0.495729148387909 0.485960304737091 0.48501268029213 0.483418256044388 0.48117983341217 0.478301852941513 0.474790513515472 0.470652550458908 0.465897262096405 0.479274600744247 0.493706911802292 0.502046048641205 0.504145264625549 0.499970525503159
0.40363398194313 0.395835489034653 0.405722856521606 0.414655357599258 0.422585636377335 0.429473429918289 0.435285627841949 0.43999457359314 0.443578332662582 0.466339200735092 0.494637966156006 0.521422445774078 0.546444654464722 0.569502592086792 0.590440452098846 0.609145998954773 0.620436608791351 0.614926636219025 0.608451008796692 0.601014912128448 0.592625379562378 0.583292126655579 0.57302987575531 0.561855316162109 0.554296970367432 0.547650098800659 0.540461778640747 0.532741963863373 0.524501860141754 0.515753269195557 0.506511926651001 0.498999923467636 0.497525155544281 0.495402723550797 0.492635935544968 0.489230334758759 0.485192179679871 0.480529516935349 0.475251823663712 0.486450105905533 0.498224824666977 0.504053115844727 0.503839671611786 0.497587889432907
0.434227496385574 0.428556174039841 0.43432953953743 0.438874900341034 0.442168861627579 0.444195091724396 0.444943636655807 0.444410592317581 0.442599296569824 0.46086522936821 0.484945327043533 0.507520914077759 0.528407275676727 0.547455489635468 0.564547538757324 0.579595148563385 0.58815211057663 0.582304775714874 0.575740456581116 0.568467140197754 0.560493171215057 0.551829636096954 0.54249107837677 0.532493054866791 0.531898438930511 0.534011960029602 0.535481691360474 0.536305606365204 0.536482632160187 0.536013185977936 0.534897208213806 0.533130347728729 0.530704915523529 0.527642607688904 0.52394711971283 0.519623875617981 0.514679729938507 0.509122312068939 0.5029616355896 0.508878588676453 0.514192938804626 0.514013648033142 0.508342802524567 0.497258633375168
0.46577525138855 0.462619334459305 0.464066743850708 0.463962495326996 0.462307274341583 0.459109425544739 0.454387217760086 0.448165774345398 0.440481245517731 0.45418906211853 0.474155813455582 0.492640376091003 0.509509146213531 0.524652123451233 0.537982106208801 0.54943174123764 0.555324494838715 0.549285411834717 0.542741000652313 0.535699188709259 0.52816891670227 0.520160555839539 0.511686027050018 0.502758383750916 0.509383022785187 0.520407199859619 0.530396997928619 0.539322793483734 0.547161161899567 0.553892433643341 0.559502065181732 0.562296211719513 0.559208571910858 0.555469989776611 0.55108505487442 0.546059429645538 0.540398418903351 0.534110546112061 0.527204930782318 0.527981281280518 0.527087152004242 0.521224558353424 0.510459065437317 0.494924515485764
0.498111128807068 0.49784380197525 0.494827508926392 0.489860683679581 0.482970833778381 0.474199265241623 0.463601469993591 0.451249480247498 0.437233954668045 0.446341514587402 0.462314039468765 0.476843267679214 0.489832937717438 0.501205563545227 0.510898172855377 0.518862307071686 0.522209644317627 0.51612389087677 0.509703695774078 0.502955496311188 0.495887964963913 0.488509058952332 0.480827987194061 0.472855567932129 0.486833781003952 0.50685179233551 0.525210499763489 0.541791319847107 0.556502521038055 0.569273591041565 0.580054342746735 0.586061298847198 0.582623481750488 0.578495919704437 0.57368129491806 0.568184852600098 0.562012732028961 0.555171549320221 0.54767119884491 0.54355651140213 0.536799967288971 0.525636196136475 0.510176360607147 0.490598380565643
0.531043291091919 0.534006059169769 0.526477813720703 0.516496241092682 0.504123151302338 0.489444255828857 0.472572535276413 0.453654587268829 0.43287205696106 0.437359541654587 0.449473798274994 0.460200011730194 0.469473153352737 0.47724038362503 0.483460664749146 0.488101989030838 0.489067256450653 0.48307341337204 0.476873278617859 0.470472425222397 0.463877648115158 0.457094639539719 0.450130343437195 0.442992448806763 0.464335411787033 0.493361860513687 0.519923627376556 0.543707728385925 0.564479887485504 0.582074284553528 0.596382558345795 0.604169607162476 0.600703060626984 0.596479177474976 0.591501295566559 0.585772454738617 0.579298734664917 0.57208663225174 0.564144790172577 0.555467188358307 0.543261289596558 0.527221143245697 0.507495701313019 0.484305143356323
0.564356207847595 0.570838391780853 0.55885249376297 0.543780148029327 0.525721967220306 0.504823923110962 0.481287151575089 0.455374538898468 0.427414983510971 0.427288323640823 0.435696661472321 0.442792147397995 0.448534160852432 0.452892065048218 0.455841928720474 0.457369148731232 0.456151902675629 0.450377702713013 0.444484174251556 0.438474595546722 0.432353764772415 0.426127165555954 0.41979843378067 0.413373857736588 0.44197016954422 0.479952752590179 0.514538824558258 0.545070469379425 0.571074306964874 0.592240452766418 0.608389914035797 0.61649364233017 0.613318026065826 0.609290659427643 0.604413151741028 0.598688960075378 0.59212189912796 0.584719300270081 0.576488792896271 0.563625454902649 0.546429097652435 0.52596926689148 0.502433717250824 0.476081818342209
