data/working_set_collections/6091692-Cassins_Sparrow-M2/2000/albedo_avg.asc
NCOLS 265 
NROWS 230 
XLLCORNER -115.5625 
YLLCORNER 24.8333333333333 
CELLSIZE 0.0833333333333333 
NODATA_value -9999 
[rows 160 to 179 of 230, columns 44 to 87 of 265]
0.198768809437752 0.196364000439644 0.193959191441536 0.191554382443428 0.18914957344532 0.186744764447212 0.184339955449104 0.181935146450996 0.178566545248032 0.174876689910889 0.171186834573746 0.167496979236603 0.16380712389946 0.160117268562317 0.156427413225174 0.153544381260872 0.153081819415092 0.152619272470474 0.152156710624695 0.151694148778915 0.151231586933136 0.150769039988518 0.150306478142738 0.150304719805717 0.150456577539444 0.150608420372009 0.150760263204575 0.150912120938301 0.151063963770866 0.151215821504593 0.151703402400017 0.153198167681694 0.154692947864532 0.15618771314621 0.157682493329048 0.159177258610725 0.160672038793564 0.162166804075241 0.165563568472862 0.169594317674637 0.173625066876411 0.177655816078186 0.181686580181122 0.185717329382896
0.199464648962021 0.197344854474068 0.195225059986115 0.193105265498161 0.190985471010208 0.188865691423416 0.186745896935463 0.18462610244751 0.180877029895782 0.176584854722023 0.172292694449425 0.168000519275665 0.163708359003067 0.159416183829308 0.155124023556709 0.151717498898506 0.150967940688133 0.150218367576599 0.149468794465065 0.148719221353531 0.147969648241997 0.147220090031624 0.14647051692009 0.146595880389214 0.147012889385223 0.147429913282394 0.147846922278404 0.148263931274414 0.148680940270424 0.149097964167595 0.149614363908768 0.150428980588913 0.151243597269058 0.152058199048042 0.152872815728188 0.153687432408333 0.154502034187317 0.155316650867462 0.158724620938301 0.162997037172318 0.167269453406334 0.17154186964035 0.175814285874367 0.180086702108383
0.199594959616661 0.197690486907959 0.195786014199257 0.193881541490555 0.191977083683014 0.190072610974312 0.18816813826561 0.186263665556908 0.182409837841988 0.177906215190887 0.173402592539787 0.168898969888687 0.164395362138748 0.159891739487648 0.155388116836548 0.151765435934067 0.150785580277443 0.149805724620819 0.148825868964195 0.147846013307571 0.146866157650948 0.145886287093163 0.144906431436539 0.144996806979179 0.145443931221962 0.145891040563583 0.146338149905205 0.146785274147987 0.147232383489609 0.14767949283123 0.148079618811607 0.148338750004768 0.148597896099091 0.148857027292252 0.149116173386574 0.149375304579735 0.149634435772896 0.149893581867218 0.153159230947495 0.157427042722702 0.161694869399071 0.165962681174278 0.170230507850647 0.174498319625854
0.199159741401672 0.197400897741318 0.195642054080963 0.193883210420609 0.192124366760254 0.190365523099899 0.188606679439545 0.18684783577919 0.183164969086647 0.178840756416321 0.174516543745995 0.170192331075668 0.165868118405342 0.161543905735016 0.15721969306469 0.153688177466393 0.152534767985344 0.151381343603134 0.150227919220924 0.149074509739876 0.147921085357666 0.146767660975456 0.145614236593246 0.145507499575615 0.145749658346176 0.145991817116737 0.146233975887299 0.14647613465786 0.146718293428421 0.146960437297821 0.147099152207375 0.146927490830421 0.14675584435463 0.146584197878838 0.146412551403046 0.146240904927254 0.146069243550301 0.145897597074509 0.148867398500443 0.152884349226952 0.156901299953461 0.16091825067997 0.16493521630764 0.168952167034149
0.198724508285522 0.197111293673515 0.195498079061508 0.193884864449501 0.192271649837494 0.190658435225487 0.18904522061348 0.187432006001472 0.183920100331306 0.179775297641754 0.175630494952202 0.17148569226265 0.167340889573097 0.163196086883545 0.159051269292831 0.155610918998718 0.154283940792084 0.152956962585449 0.151629984378815 0.150302991271019 0.148976013064384 0.14764903485775 0.146322041749954 0.146018207073212 0.146055400371552 0.146092593669891 0.146129786968231 0.146166995167732 0.146204188466072 0.146241381764412 0.146118670701981 0.145516231656075 0.14491380751133 0.144311368465424 0.143708929419518 0.143106490373611 0.142504051327705 0.141901612281799 0.14457556605339 0.148341655731201 0.152107745409012 0.155873835086823 0.159639924764633 0.163405999541283
0.198289290070534 0.196821704506874 0.195354118943214 0.193886533379555 0.192418947815895 0.190951362252235 0.189483776688576 0.188016191124916 0.184675246477127 0.180709838867188 0.176744446158409 0.172779053449631 0.168813645839691 0.164848253130913 0.160882860422134 0.157533675432205 0.156033128499985 0.154532581567764 0.153032034635544 0.151531487703323 0.150030940771103 0.148530393838882 0.147029861807823 0.146528899669647 0.146361142396927 0.146193370223045 0.146025612950325 0.145857855677605 0.145690083503723 0.145522326231003 0.145138204097748 0.144104972481728 0.143071755766869 0.142038524150848 0.141005307435989 0.139972075819969 0.13893885910511 0.137905642390251 0.1402837485075 0.143798962235451 0.147314190864563 0.150829404592514 0.154344633221626 0.157859846949577
0.197854056954384 0.196532100439072 0.195210143923759 0.193888187408447 0.192566230893135 0.191244274377823 0.189922317862511 0.188600361347198 0.185430377721786 0.181644394993782 0.177858397364616 0.174072399735451 0.170286417007446 0.166500419378281 0.162714436650276 0.159456416964531 0.157782301306725 0.156108200550079 0.154434084892273 0.152759984135628 0.151085868477821 0.149411767721176 0.147737666964531 0.147039592266083 0.146666869521141 0.146294146776199 0.145921438932419 0.145548716187477 0.145175993442535 0.144803270697594 0.144157722592354 0.142693713307381 0.141229704022408 0.139765694737434 0.138301685452461 0.136837676167488 0.135373666882515 0.133909657597542 0.135991916060448 0.1392562687397 0.142520621418953 0.145784974098206 0.149049341678619 0.152313694357872
0.197418838739395 0.19624251127243 0.195066183805466 0.193889856338501 0.192713528871536 0.19153718650341 0.190360859036446 0.189184531569481 0.186185508966446 0.182578936219215 0.178972348570824 0.175365760922432 0.17175917327404 0.16815260052681 0.164546012878418 0.161379158496857 0.159531489014626 0.157683819532394 0.155836150050163 0.153988480567932 0.152140811085701 0.15029314160347 0.148445472121239 0.147550284862518 0.146972611546516 0.146394938230515 0.145817250013351 0.14523957669735 0.144661888480186 0.144084215164185 0.143177255988121 0.141282454133034 0.139387667179108 0.13749286532402 0.135598063468933 0.133703261613846 0.13180847465992 0.129913672804832 0.131700083613396 0.13471357524395 0.137727066874504 0.140740558505058 0.143754050135612 0.146767526865005
0.199621304869652 0.198355570435524 0.197089850902557 0.19582411646843 0.194558382034302 0.193292662501335 0.192026928067207 0.190761208534241 0.187774658203125 0.184214502573013 0.180654361844063 0.177094206213951 0.173534065485001 0.169973909854889 0.166413754224777 0.163236618041992 0.161208525300026 0.159180417656898 0.157152324914932 0.155124217271805 0.153096124529839 0.151068016886711 0.149039924144745 0.147943526506424 0.147157698869705 0.146371871232986 0.145586043596268 0.144800215959549 0.14401438832283 0.143228560686111 0.142125263810158 0.140069529414177 0.138013795018196 0.135958075523376 0.133902341127396 0.131846606731415 0.129790872335434 0.127735152840614 0.129249736666679 0.131954446434975 0.134659141302109 0.137363851070404 0.140068545937538 0.142773255705833
0.204461455345154 0.202871292829514 0.201281145215034 0.199690982699394 0.198100835084915 0.196510672569275 0.194920510053635 0.193330362439156 0.190197810530663 0.186551123857498 0.182904422283173 0.179257735610008 0.175611048936844 0.17196436226368 0.168317675590515 0.165028810501099 0.162813410162926 0.160598009824753 0.158382624387741 0.156167224049568 0.153951823711395 0.151736423373222 0.149521023035049 0.148219302296638 0.147222146391869 0.146224975585938 0.145227819681168 0.144230648875237 0.143233478069305 0.142236322164536 0.141001746058464 0.13905493915081 0.137108132243156 0.135161310434341 0.133214503526688 0.131267696619034 0.12932088971138 0.127374082803726 0.128640875220299 0.130978867411613 0.133316859602928 0.135654851794243 0.137992843985558 0.140330836176872
0.209301605820656 0.207387015223503 0.205472439527512 0.203557848930359 0.201643273234367 0.199728682637215 0.197814106941223 0.19589951634407 0.192620947957039 0.188887730240822 0.185154497623444 0.181421279907227 0.177688047289848 0.17395481467247 0.170221596956253 0.166821002960205 0.164418309926987 0.162015601992607 0.159612908959389 0.15721021592617 0.154807522892952 0.152404829859734 0.150002136826515 0.148495078086853 0.147286579012871 0.146078079938889 0.144869580864906 0.143661081790924 0.142452582716942 0.14124408364296 0.13987822830677 0.138040333986282 0.136202454566956 0.134364560246468 0.13252666592598 0.130688786506653 0.128850892186165 0.127012997865677 0.128031998872757 0.130003288388252 0.131974577903748 0.133945852518082 0.135917142033577 0.137888431549072
0.214141756296158 0.211902752518654 0.209663733839989 0.207424730062485 0.20518571138382 0.202946707606316 0.20070768892765 0.198468685150146 0.195044100284576 0.191224336624146 0.187404572963715 0.183584809303284 0.179765045642853 0.175945281982422 0.172125518321991 0.168613195419312 0.166023194789886 0.163433209061623 0.160843208432198 0.158253222703934 0.155663222074509 0.153073221445084 0.15048323571682 0.148770853877068 0.147351026535034 0.14593118429184 0.144511342048645 0.14309149980545 0.141671672463417 0.140251830220222 0.138754710555077 0.137025743722916 0.135296776890755 0.133567810058594 0.131838843226433 0.130109876394272 0.128380909562111 0.126651927828789 0.127423122525215 0.129027709364891 0.130632281303406 0.132236868143082 0.133841440081596 0.135446026921272
0.21898190677166 0.216418474912643 0.213855028152466 0.211291596293449 0.208728149533272 0.206164717674255 0.203601270914078 0.201037839055061 0.197467252612114 0.193560943007469 0.189654648303986 0.185748338699341 0.181842043995857 0.177935734391212 0.174029424786568 0.170405387878418 0.167628094553947 0.164850801229477 0.162073507905006 0.159296214580536 0.156518921256065 0.153741627931595 0.150964334607124 0.149046629667282 0.147415459156036 0.145784288644791 0.144153118133545 0.142521932721138 0.140890762209892 0.139259591698647 0.137631192803383 0.136011153459549 0.134391099214554 0.13277105987072 0.131151005625725 0.12953095138073 0.127910912036896 0.126290857791901 0.126814261078835 0.12805213034153 0.129289999604225 0.13052786886692 0.131765738129616 0.133003607392311
0.223822072148323 0.220934197306633 0.218046337366104 0.215158462524414 0.212270602583885 0.209382727742195 0.206494867801666 0.203606992959976 0.199890404939651 0.195897549390793 0.191904708743095 0.187911868095398 0.1839190274477 0.179926186800003 0.175933346152306 0.172197565436363 0.169232979416847 0.166268393397331 0.163303807377815 0.160339206457138 0.157374620437622 0.154410034418106 0.15144544839859 0.149322405457497 0.1474799066782 0.145637392997742 0.143794879317284 0.141952365636826 0.140109851956367 0.138267338275909 0.136507675051689 0.134996548295021 0.133485421538353 0.131974294781685 0.130463168025017 0.128952041268349 0.127440914511681 0.125929787755013 0.126205384731293 0.127076551318169 0.127947717905045 0.128818869590759 0.129690036177635 0.130561202764511
0.22588524222374 0.22320169210434 0.220518127083778 0.217834576964378 0.215151026844978 0.212467461824417 0.209783911705017 0.207100361585617 0.203293591737747 0.199112430214882 0.194931268692017 0.190750107169151 0.186568945646286 0.182387784123421 0.178206622600555 0.174275293946266 0.171093463897705 0.167911633849144 0.164729803800583 0.161547988653183 0.158366158604622 0.155184328556061 0.1520024985075 0.149666801095009 0.147613167762756 0.145559519529343 0.14350588619709 0.141452237963676 0.139398589730263 0.13734495639801 0.135461404919624 0.134088143706322 0.132714882493019 0.131341606378555 0.129968345165253 0.12859508395195 0.127221822738647 0.125848561525345 0.126025795936584 0.126719877123833 0.127413958311081 0.128108039498329 0.128802120685577 0.129496201872826
0.225171431899071 0.223220929503441 0.221270427107811 0.219319924712181 0.217369422316551 0.215418919920921 0.213468417525291 0.211517915129662 0.207676842808723 0.203205585479736 0.198734313249588 0.194263055920601 0.189791783690453 0.185320526361465 0.180849254131317 0.176638558506966 0.173209547996521 0.169780537486076 0.166351526975632 0.162922531366348 0.159493520855904 0.156064510345459 0.152635499835014 0.150079816579819 0.147815257310867 0.145550683140755 0.143286123871803 0.141021549701691 0.138756975531578 0.136492416262627 0.134492367506027 0.133285909891129 0.13207945227623 0.130872994661331 0.129666537046432 0.128460079431534 0.127253621816635 0.126047164201736 0.126275509595871 0.126982137560844 0.127688750624657 0.128395363688469 0.129101991653442 0.129808604717255
0.224457636475563 0.223240181803703 0.222022727131844 0.220805287361145 0.219587832689285 0.218370392918587 0.217152938246727 0.215935483574867 0.2120600938797 0.20729872584343 0.202537357807159 0.197775989770889 0.193014621734619 0.18825326859951 0.18349190056324 0.179001823067665 0.175325632095337 0.171649441123009 0.167973250150681 0.164297074079514 0.160620883107185 0.156944692134857 0.153268501162529 0.150492832064629 0.148017346858978 0.145541846752167 0.143066361546516 0.140590861439705 0.138115376234055 0.135639876127243 0.133523344993591 0.132483690977097 0.131444036960602 0.130404382944107 0.129364728927612 0.128325074911118 0.127285420894623 0.126245766878128 0.126525223255157 0.127244383096695 0.127963542938232 0.128682687878609 0.129401847720146 0.130121007561684
0.223743826150894 0.223259434103966 0.222775027155876 0.222290635108948 0.221806243062019 0.221321851015091 0.220837444067001 0.220353052020073 0.216443344950676 0.211391881108284 0.206340402364731 0.201288938522339 0.196237474679947 0.191185995936394 0.186134532094002 0.181365087628365 0.177441716194153 0.173518344759941 0.169594973325729 0.165671616792679 0.161748245358467 0.157824873924255 0.153901502490044 0.150905847549438 0.148219436407089 0.145533010363579 0.14284659922123 0.140160173177719 0.13747376203537 0.134787335991859 0.132554322481155 0.131681472063065 0.130808621644974 0.129935771226883 0.129062920808792 0.128190070390701 0.12731721997261 0.12644436955452 0.126774936914444 0.127506628632545 0.128238320350647 0.12897002696991 0.129701718688011 0.130433410406113
0.223030030727386 0.223278686404228 0.22352734208107 0.223775997757912 0.224024653434753 0.224273309111595 0.224521964788437 0.224770620465279 0.220826596021652 0.215485021471977 0.210143461823463 0.204801887273788 0.199460312724113 0.194118738174438 0.188777163624763 0.183728352189064 0.179557800292969 0.175387248396873 0.171216696500778 0.167046159505844 0.162875607609749 0.158705055713654 0.154534503817558 0.151318863034248 0.1484215259552 0.145524173974991 0.142626836895943 0.139729484915733 0.136832147836685 0.133934810757637 0.131585285067558 0.130879238247871 0.130173191428185 0.129467159509659 0.128761112689972 0.128055065870285 0.127349019050598 0.126642972230911 0.12702465057373 0.127768874168396 0.128513112664223 0.129257351160049 0.130001574754715 0.130745813250542
0.222316220402718 0.223297923803329 0.224279642105103 0.225261345505714 0.226243048906326 0.227224767208099 0.228206470608711 0.229188174009323 0.225209847092628 0.219578176736832 0.213946506381035 0.208314821124077 0.20268315076828 0.197051465511322 0.191419795155525 0.186091601848602 0.181673884391785 0.177256152033806 0.172838419675827 0.168420702219009 0.164002969861031 0.159585237503052 0.155167520046234 0.151731878519058 0.148623615503311 0.145515337586403 0.142407074570656 0.139298811554909 0.136190533638 0.133082270622253 0.130616262555122 0.130077019333839 0.129537776112556 0.128998532891273 0.128459304571152 0.127920061349869 0.127380818128586 0.126841589808464 0.127274349331856 0.128031134605408 0.128787904977798 0.129544675350189 0.13030144572258 0.131058216094971
