data/working_set_collections/6091692-Cassins_Sparrow-M2/2000/albedo_avg.asc
NCOLS 265 
NROWS 230 
XLLCORNER -115.5625 
YLLCORNER 24.8333333333333 
CELLSIZE 0.0833333333333333 
NODATA_value -9999 
[rows 100 to 119 of 230, columns 220 to 263 of 265]
0.182821303606033 0.181034281849861 0.179247245192528 0.177460223436356 0.176009938120842 0.175569891929626 0.17512983083725 0.174689769744873 0.174249708652496 0.173809662461281 0.173369601368904 0.172929540276527 0.172930642962456 0.173078790307045 0.173226937651634 0.173375084996223 0.173523247241974 0.173671394586563 0.173819541931152 0.173670724034309 0.172631025314331 0.171591311693192 0.170551598072052 0.169511899352074 0.168472185730934 0.167432487010956 0.166392773389816 0.16587983071804 0.165542468428612 0.165205121040344 0.164867758750916 0.164530396461487 0.164193049073219 0.163855686783791 0.163283377885818 0.162006199359894 0.160729020833969 0.159451857209206 0.158174678683281 0.156897500157356 0.155620336532593 0.154343158006668 0.153404965996742 0.152579754590988
0.181879639625549 0.180269747972488 0.178659871220589 0.177049994468689 0.175768569111824 0.175472527742386 0.175176486372948 0.17488044500351 0.17458438873291 0.174288347363472 0.173992305994034 0.173696264624596 0.17354816198349 0.173449367284775 0.173350557684898 0.173251762986183 0.173152968287468 0.173054173588753 0.172955378890038 0.172626078128815 0.171605259180069 0.170584440231323 0.169563621282578 0.168542802333832 0.167521983385086 0.16650116443634 0.165480345487595 0.164980709552765 0.164654821157455 0.164328917860985 0.164003014564514 0.163677126169205 0.163351222872734 0.163025319576263 0.162464082241058 0.161196798086166 0.159929528832436 0.158662259578705 0.157394990324974 0.156127706170082 0.154860436916351 0.153593167662621 0.152619808912277 0.151744425296783
0.18140159547329 0.179839342832565 0.178277090191841 0.176714837551117 0.175480931997299 0.175232112407684 0.174983277916908 0.174734458327293 0.174485623836517 0.174236804246902 0.173987969756126 0.173739150166512 0.173438370227814 0.17312029004097 0.172802194952965 0.172484114766121 0.172166034579277 0.171847939491272 0.171529859304428 0.171050563454628 0.170087665319443 0.169124752283096 0.168161854147911 0.167198941111565 0.166236042976379 0.165273129940033 0.164310216903687 0.163810670375824 0.163465559482574 0.163120448589325 0.162775352597237 0.162430241703987 0.162085130810738 0.161740019917488 0.161164581775665 0.1598981320858 0.158631697297096 0.157365247607231 0.156098797917366 0.154832348227501 0.153565898537636 0.152299463748932 0.151337251067162 0.150476440787315
0.181387171149254 0.179743036627769 0.178098887205124 0.176454737782478 0.175147041678429 0.174848631024361 0.174550220370293 0.174251809716225 0.173953399062157 0.17365500330925 0.173356592655182 0.173058182001114 0.172601297497749 0.172091573476791 0.171581849455833 0.171072125434875 0.170562401413918 0.170052692294121 0.169542968273163 0.168944180011749 0.16807821393013 0.167212247848511 0.166346281766891 0.165480315685272 0.164614349603653 0.163748368620872 0.162882402539253 0.162369683384895 0.16197469830513 0.161579713225365 0.161184743046761 0.160789757966995 0.16039477288723 0.159999802708626 0.1593848913908 0.158110201358795 0.15683551132679 0.155560806393623 0.154286116361618 0.153011426329613 0.151736736297607 0.150462046265602 0.149557277560234 0.148775830864906
0.181372761726379 0.179646715521812 0.177920684218407 0.176194652915001 0.174813136458397 0.174465149641037 0.174117162823677 0.173769176006317 0.173421189188957 0.173073202371597 0.172725215554237 0.172377228736877 0.171764209866524 0.171062856912613 0.170361503958702 0.16966013610363 0.168958783149719 0.168257430195808 0.167556077241898 0.166837796568871 0.166068762540817 0.165299743413925 0.164530709385872 0.163761675357819 0.162992656230927 0.162223622202873 0.16145458817482 0.160928696393967 0.160483837127686 0.160038992762566 0.159594133496284 0.159149274230003 0.158704429864883 0.158259570598602 0.157605201005936 0.156322255730629 0.155039325356483 0.153756380081177 0.15247343480587 0.151190504431725 0.149907559156418 0.148624613881111 0.147777304053307 0.147075206041336
0.181358337402344 0.179550409317017 0.177742496132851 0.175934568047523 0.174479231238365 0.174081668257713 0.173684105277061 0.173286527395248 0.172888964414597 0.172491401433945 0.172093838453293 0.17169626057148 0.170927137136459 0.170034140348434 0.16914114356041 0.168248161673546 0.167355164885521 0.166462168097496 0.165569186210632 0.164731413125992 0.164059326052666 0.163387224078178 0.162715137004852 0.162043049931526 0.161370947957039 0.160698860883713 0.160026773810387 0.159487709403038 0.158992975950241 0.158498257398605 0.158003523945808 0.157508805394173 0.157014071941376 0.156519338488579 0.155825510621071 0.154534325003624 0.153243124485016 0.151951938867569 0.150660753250122 0.149369567632675 0.148078382015228 0.146787196397781 0.14599734544754 0.145374581217766
0.181343913078308 0.179454103112221 0.177564293146133 0.175674468278885 0.174145326018333 0.17369818687439 0.173251032829285 0.172803893685341 0.172356739640236 0.171909600496292 0.171462461352348 0.171015307307243 0.170090049505234 0.169005423784256 0.167920798063278 0.1668361723423 0.165751546621323 0.164666905999184 0.163582280278206 0.162625029683113 0.162049874663353 0.161474719643593 0.160899564623833 0.160324409604073 0.159749254584312 0.159174114465714 0.158598959445953 0.158046722412109 0.157502114772797 0.156957522034645 0.156412914395332 0.155868321657181 0.155323714017868 0.154779121279716 0.154045805335045 0.152746379375458 0.151446938514709 0.150147512555122 0.148848086595535 0.147548645734787 0.1462492197752 0.144949778914452 0.144217371940613 0.143673971295357
0.181329503655434 0.179357796907425 0.177386090159416 0.175414383411407 0.173811420798302 0.173314705491066 0.172817975282669 0.172321245074272 0.171824529767036 0.17132779955864 0.170831069350243 0.170334354043007 0.169252976775169 0.167976707220078 0.166700437664986 0.165424183011055 0.164147913455963 0.162871658802032 0.161595389246941 0.160518646240234 0.16004042327404 0.159562215209007 0.159083992242813 0.15860578417778 0.158127561211586 0.157649353146553 0.15717114508152 0.156605735421181 0.156011253595352 0.155416786670685 0.154822304844856 0.154227837920189 0.153633370995522 0.153038889169693 0.15226611495018 0.150958433747292 0.149650752544403 0.148343086242676 0.147035405039787 0.145727723836899 0.14442004263401 0.143112361431122 0.142437398433685 0.141973346471786
0.18138200044632 0.179463312029839 0.177544608712196 0.175625905394554 0.174046516418457 0.17348501086235 0.172923520207405 0.172362014651299 0.171800523996353 0.171239033341408 0.170677527785301 0.170116037130356 0.168871864676476 0.167400121688843 0.165928393602371 0.164456650614738 0.162984922528267 0.161513179540634 0.160041451454163 0.158802852034569 0.158263683319092 0.157724514603615 0.157185345888138 0.1566461622715 0.156106993556023 0.155567824840546 0.155028656125069 0.154478013515472 0.153923541307449 0.153369069099426 0.152814596891403 0.152260139584541 0.151705667376518 0.151151195168495 0.150427639484406 0.149196788668633 0.147965952754021 0.146735101938248 0.145504251122475 0.144273415207863 0.14304256439209 0.141811713576317 0.14119054377079 0.140772610902786
0.181501433253288 0.1797706335783 0.178039833903313 0.176309049129486 0.174850583076477 0.174209117889404 0.173567667603493 0.17292620241642 0.172284737229347 0.171643286943436 0.171001821756363 0.170360371470451 0.168946713209152 0.167275682091713 0.165604636073112 0.163933590054512 0.162262544035912 0.160591512918472 0.158920466899872 0.157477676868439 0.156719654798508 0.155961617827415 0.155203595757484 0.154445573687553 0.153687551617622 0.15292951464653 0.152171492576599 0.151663541793823 0.151238963007927 0.150814384222031 0.150389790534973 0.149965211749077 0.149540632963181 0.149116039276123 0.148530378937721 0.147461444139481 0.14639250934124 0.145323574542999 0.144254639744759 0.143185719847679 0.142116785049438 0.141047850251198 0.140476807951927 0.140071734786034
0.181620851159096 0.180077955126762 0.17853507399559 0.176992177963257 0.175654649734497 0.174933224916458 0.174211800098419 0.173490390181541 0.172768965363503 0.172047540545464 0.171326115727425 0.170604690909386 0.16902157664299 0.167151227593422 0.165280878543854 0.163410529494286 0.161540180444717 0.159669831395149 0.157799482345581 0.156152501702309 0.155175611376762 0.154198735952377 0.153221860527992 0.152244970202446 0.151268094778061 0.150291219353676 0.14931432902813 0.148849084973335 0.148554384708405 0.148259684443474 0.147964984178543 0.147670298814774 0.147375598549843 0.147080898284912 0.146633118391037 0.145726099610329 0.14481908082962 0.143912062048912 0.143005043268204 0.142098024487495 0.141191005706787 0.140283986926079 0.139763072133064 0.139370873570442
0.181740283966064 0.180385291576385 0.179030299186707 0.177675306797028 0.176458716392517 0.175657331943512 0.174855947494507 0.174054563045502 0.173253178596497 0.172451794147491 0.171650409698486 0.170849025249481 0.169096440076828 0.167026773095131 0.164957121014595 0.162887468934059 0.160817801952362 0.158748149871826 0.156678482890129 0.154827311635017 0.153631582856178 0.152435839176178 0.151240110397339 0.1500443816185 0.148848652839661 0.14765290915966 0.146457180380821 0.146034628152847 0.145869821310043 0.145704999566078 0.145540177822113 0.145375370979309 0.145210549235344 0.14504574239254 0.144735842943192 0.143990740180016 0.14324563741684 0.142500534653664 0.141755431890488 0.141010329127312 0.140265226364136 0.139520108699799 0.139049336314201 0.138670012354851
0.181859701871872 0.180692613124847 0.179525539278984 0.17835845053196 0.177262797951698 0.176381438970566 0.175500094890594 0.174618750810623 0.173737406730652 0.172856047749519 0.171974703669548 0.171093359589577 0.169171288609505 0.166902333498001 0.164633363485336 0.162364393472672 0.160095438361168 0.157826468348503 0.155557498335838 0.153502136468887 0.152087539434433 0.15067295730114 0.149258375167847 0.147843778133392 0.146429196000099 0.145014613866806 0.143600016832352 0.143220171332359 0.143185243010521 0.143150314688683 0.143115371465683 0.143080443143845 0.143045514822006 0.143010586500168 0.142838582396507 0.142255395650864 0.14167220890522 0.141089007258415 0.140505820512772 0.139922633767128 0.139339432120323 0.13875624537468 0.138335600495338 0.137969136238098
0.181979134678841 0.180999949574471 0.1800207644701 0.17904157936573 0.178066864609718 0.17710554599762 0.176144242286682 0.175182923674583 0.174221619963646 0.173260316252708 0.17229899764061 0.171337693929672 0.169246152043343 0.16677787899971 0.164309605956078 0.161841332912445 0.159373059868813 0.15690478682518 0.154436513781548 0.152176946401596 0.150543510913849 0.148910075426102 0.147276625037193 0.145643189549446 0.144009739160538 0.142376303672791 0.140742868185043 0.140405714511871 0.140500664710999 0.140595614910126 0.140690565109253 0.140785530209541 0.140880480408669 0.140975430607796 0.140941321849823 0.140520051121712 0.140098765492439 0.139677494764328 0.139256209135056 0.138834938406944 0.138413652777672 0.137992382049561 0.137621864676476 0.137268275022507
0.181640535593033 0.180693536996841 0.179746553301811 0.17879955470562 0.177865833044052 0.176971942186356 0.176078051328659 0.175184160470963 0.174290254712105 0.173396363854408 0.172502472996712 0.171608582139015 0.169559940695763 0.167126402258873 0.164692848920822 0.162259310483932 0.159825772047043 0.157392218708992 0.154958680272102 0.152696385979652 0.150947853922844 0.149199321866035 0.147450804710388 0.14570227265358 0.143953740596771 0.142205223441124 0.140456691384315 0.140094101428986 0.140193477272987 0.140292853116989 0.140392243862152 0.140491619706154 0.140591010451317 0.140690386295319 0.140684500336647 0.140362814068794 0.140041127800941 0.139719441533089 0.139397740364075 0.139076054096222 0.138754367828369 0.138432681560516 0.138023033738136 0.137584075331688
0.180843934416771 0.179773405194283 0.178702890872955 0.177632376551628 0.1766597032547 0.175980612635612 0.175301522016525 0.174622416496277 0.17394332587719 0.173264220356941 0.172585129737854 0.171906024217606 0.170112669467926 0.167947888374329 0.165783107280731 0.163618326187134 0.161453545093536 0.159288763999939 0.157123982906342 0.155060425400734 0.153300583362579 0.151540741324425 0.14978089928627 0.148021042346954 0.1462612003088 0.144501358270645 0.142741501331329 0.142285317182541 0.142263665795326 0.142242029309273 0.142220392823219 0.142198741436005 0.142177104949951 0.142155453562737 0.142068117856979 0.141783699393272 0.141499280929565 0.141214847564697 0.14093042910099 0.140646010637283 0.140361577272415 0.140077158808708 0.139539122581482 0.138916537165642
0.180047318339348 0.178853273391724 0.177659228444099 0.176465183496475 0.175453588366508 0.174989283084869 0.17452497780323 0.174060687422752 0.173596382141113 0.173132076859474 0.172667786478996 0.172203481197357 0.170665398240089 0.168769374489784 0.166873350739479 0.164977341890335 0.16308131814003 0.161185309290886 0.159289285540581 0.157424479722977 0.155653312802315 0.153882145881653 0.152110978960991 0.150339812040329 0.148568645119667 0.146797478199005 0.145026326179504 0.144476532936096 0.144333869218826 0.144191190600395 0.144048526883125 0.143905863165855 0.143763199448586 0.143620535731316 0.143451735377312 0.143204584717751 0.142957419157028 0.142710268497467 0.142463102936745 0.142215952277184 0.141968801617622 0.1417216360569 0.141055196523666 0.140248998999596
0.179250702261925 0.177933141589165 0.176615580916405 0.175298005342484 0.174247458577156 0.173997953534126 0.173748448491096 0.173498943448067 0.173249438405037 0.172999933362007 0.172750443220139 0.172500938177109 0.171218112111092 0.16959086060524 0.167963609099388 0.166336357593536 0.164709106087685 0.163081839680672 0.16145458817482 0.159788534045219 0.15800604224205 0.156223565340042 0.154441073536873 0.152658581733704 0.150876104831696 0.149093613028526 0.147311136126518 0.146667748689651 0.146404057741165 0.146140366792679 0.145876675844193 0.145612984895706 0.14534929394722 0.145085602998734 0.144835367798805 0.144625470042229 0.144415572285652 0.144205689430237 0.14399579167366 0.143785893917084 0.143576011061668 0.143366113305092 0.142571285367012 0.14158146083355
0.178454101085663 0.177013009786606 0.175571918487549 0.174130827188492 0.173041328787804 0.173006623983383 0.172971919178963 0.172937214374542 0.172902509570122 0.17286778986454 0.17283308506012 0.172798380255699 0.171770840883255 0.170412346720695 0.169053852558136 0.167695373296738 0.166336879134178 0.164978384971619 0.163619890809059 0.162152573466301 0.160358771681786 0.15856496989727 0.156771168112755 0.154977366328239 0.153183549642563 0.151389747858047 0.149595946073532 0.148858964443207 0.148474246263504 0.148089528083801 0.14770482480526 0.147320106625557 0.146935388445854 0.146550670266151 0.146218985319138 0.146046355366707 0.145873725414276 0.145701095461845 0.145528465509415 0.145355850458145 0.145183220505714 0.145010590553284 0.144087359309196 0.142913922667503
0.17765748500824 0.176092877984047 0.174528256058693 0.172963634133339 0.171835198998451 0.17201529443264 0.172195389866829 0.172375470399857 0.172555565834045 0.172735661268234 0.172915741801262 0.173095837235451 0.172323569655418 0.171233832836151 0.170144110918045 0.169054388999939 0.167964652180672 0.166874930262566 0.16578520834446 0.164516627788544 0.162711501121521 0.160906374454498 0.159101247787476 0.157296136021614 0.155491009354591 0.153685882687569 0.151880756020546 0.151050180196762 0.150544434785843 0.150038704276085 0.149532958865166 0.149027228355408 0.148521482944489 0.148015752434731 0.14760260283947 0.147467240691185 0.1473318785429 0.147196516394615 0.14706115424633 0.146925792098045 0.14679042994976 0.146655067801476 0.145603433251381 0.144246384501457
