data/working_set_collections/6091692-Cassins_Sparrow-M2/2000/albedo_avg.asc
NCOLS 265 
NROWS 230 
XLLCORNER -115.5625 
YLLCORNER 24.8333333333333 
CELLSIZE 0.0833333333333333 
NODATA_value -9999 
[rows 180 to 199 of 230, columns 44 to 87 of 265]
0.214409366250038 0.216506645083427 0.218603923916817 0.220701202750206 0.222798496484756 0.224895775318146 0.226993054151535 0.229090332984924 0.225343838334084 0.219649404287338 0.213954985141754 0.20826056599617 0.202566131949425 0.196871712803841 0.191177293658257 0.185797214508057 0.181360229849815 0.176923230290413 0.17248623073101 0.168049246072769 0.163612246513367 0.159175246953964 0.154738262295723 0.151298865675926 0.148192003369331 0.145085141062737 0.141978293657303 0.138871431350708 0.135764569044113 0.132657706737518 0.130214110016823 0.129760280251503 0.129306450486183 0.128852620720863 0.128398790955544 0.127944946289062 0.127491116523743 0.127037286758423 0.127440646290779 0.128129720687866 0.128818795084953 0.129507884383202 0.130196958780289 0.130886033177376
0.199309468269348 0.202904835343361 0.206500202417374 0.210095584392548 0.21369095146656 0.217286333441734 0.220881700515747 0.22447706758976 0.221228554844856 0.215698733925819 0.210168913006783 0.204639092087746 0.199109271168709 0.193579465150833 0.188049644231796 0.182845190167427 0.178616836667061 0.174388483166695 0.17016014456749 0.165931791067123 0.161703437566757 0.157475084066391 0.153246730566025 0.150019809603691 0.147126704454422 0.144233584403992 0.141340479254723 0.138447359204292 0.135554239153862 0.132661134004593 0.130378842353821 0.129929021000862 0.129479199647903 0.129029378294945 0.128579556941986 0.128129735589027 0.127679914236069 0.12723009288311 0.127523511648178 0.128064662218094 0.12860581278801 0.129146963357925 0.129688128829002 0.130229279398918
0.184209555387497 0.189303025603294 0.194396495819092 0.199489951133728 0.204583421349525 0.209676876664162 0.214770346879959 0.219863817095757 0.217113271355629 0.211748063564301 0.206382840871811 0.201017633080482 0.195652410387993 0.190287202596664 0.184921994805336 0.179893150925636 0.175873443484306 0.171853736042976 0.167834043502808 0.163814336061478 0.159794628620148 0.155774921178818 0.151755213737488 0.148740768432617 0.146061390638351 0.143382027745247 0.140702664852142 0.138023287057877 0.135343924164772 0.132664546370506 0.130543574690819 0.130097761750221 0.129651948809624 0.129206150770187 0.12876033782959 0.128314524888992 0.127868711948395 0.127422913908958 0.127606377005577 0.127999603748322 0.128392830491066 0.12878605723381 0.129179283976555 0.129572510719299
0.169109657406807 0.175701215863228 0.182292774319649 0.18888433277607 0.195475876331329 0.20206743478775 0.208658993244171 0.215250551700592 0.212997987866402 0.20779737830162 0.202596768736839 0.197396159172058 0.192195549607277 0.186994940042496 0.181794345378876 0.176941111683846 0.173130065202713 0.169319003820419 0.165507942438126 0.161696881055832 0.157885819673538 0.154074758291245 0.150263696908951 0.147461712360382 0.144996091723442 0.142530471086502 0.140064850449562 0.137599214911461 0.135133594274521 0.132667973637581 0.130708307027817 0.13026650249958 0.129824712872505 0.129382908344269 0.128941118717194 0.128499314188957 0.128057509660721 0.127615720033646 0.127689242362976 0.127934545278549 0.128179848194122 0.128425151109695 0.128670439124107 0.12891574203968
-9999 0.162099406123161 0.170189052820206 0.17827869951725 0.186368346214294 0.194457992911339 0.202547639608383 0.210637286305428 0.208882704377174 0.203846707940102 0.198810696601868 0.193774700164795 0.188738688826561 0.183702692389488 0.178666695952415 0.173989087343216 0.170386672019958 0.166784256696701 0.163181841373444 0.159579426050186 0.155977010726929 0.152374595403671 0.148772180080414 0.146182671189308 0.143930792808533 0.141678914427757 0.139427036046982 0.137175142765045 0.13492326438427 0.132671386003494 0.130873039364815 0.13043524324894 0.129997462034225 0.129559680819511 0.129121884703636 0.128684103488922 0.128246307373047 0.127808526158333 0.127772107720375 0.127869486808777 0.127966850996017 0.128064230084419 0.128161609172821 0.128258973360062
-9999 -9999 0.158085331320763 0.16767306625843 0.17726081609726 0.186848551034927 0.196436285972595 0.206024035811424 0.204767420887947 0.199896022677422 0.195024624466896 0.190153226256371 0.185281828045845 0.18041042983532 0.175539046525955 0.171037048101425 0.167643278837204 0.164249509572983 0.160855740308762 0.15746197104454 0.154068201780319 0.150674432516098 0.147280663251877 0.144903615117073 0.142865478992462 0.140827342867851 0.138789221644402 0.136751085519791 0.13471294939518 0.132674813270569 0.131037771701813 0.130603983998299 0.130170211195946 0.129736438393593 0.12930266559124 0.128868892788887 0.128435105085373 0.12800133228302 0.127854973077774 0.127804428339005 0.127753868699074 0.127703323960304 0.127652764320374 0.127602219581604
-9999 -9999 -9999 0.156829968094826 0.166554227471352 0.176278471946716 0.186002731323242 0.195726975798607 0.195263803005219 0.191404819488525 0.187545821070671 0.183686837553978 0.179827839136124 0.175968855619431 0.172109857201576 0.168430283665657 0.165288969874382 0.162147656083107 0.159006342291832 0.155865028500557 0.152723714709282 0.149582400918007 0.146441087126732 0.144209533929825 0.142281234264374 0.140352949500084 0.138424649834633 0.136496350169182 0.134568065404892 0.132639765739441 0.131083756685257 0.130644619464874 0.130205482244492 0.129766345024109 0.129327207803726 0.128888070583344 0.128448933362961 0.128009796142578 0.127779126167297 0.127617925405502 0.127456739544868 0.127295553684235 0.127134367823601 0.126973181962967
-9999 -9999 -9999 -9999 -9999 0.162747770547867 0.171246960759163 0.179746136069298 0.180371850728989 0.178373068571091 0.176374286413193 0.174375504255295 0.172376722097397 0.170377939939499 0.168379157781601 0.166168808937073 0.163323760032654 0.160478696227074 0.157633647322655 0.154788598418236 0.151943549513817 0.149098500609398 0.146253451704979 0.144100412726402 0.142178058624268 0.140255689620972 0.138333335518837 0.136410966515541 0.134488612413406 0.132566258311272 0.131011009216309 0.130557134747505 0.130103260278702 0.129649385809898 0.129195526242256 0.128741651773453 0.128287777304649 0.127833902835846 0.127544537186623 0.127310007810593 0.127075478434563 0.126840949058533 0.126606419682503 0.126371890306473
-9999 -9999 -9999 -9999 -9999 -9999 0.156491190195084 0.163765296339989 0.165479898452759 0.165341317653656 0.165202751755714 0.165064170956612 0.16492560505867 0.164787024259567 0.164648443460464 0.163907319307327 0.161358535289764 0.158809751272202 0.156260967254639 0.153712168335915 0.151163384318352 0.148614600300789 0.146065816283226 0.14399129152298 0.142074868083 0.140158444643021 0.138242021203041 0.136325597763062 0.134409159421921 0.132492735981941 0.13093826174736 0.130469664931297 0.130001053214073 0.129532441496849 0.129063829779625 0.128595218062401 0.128126606345177 0.127658009529114 0.127309948205948 0.127002075314522 0.126694202423096 0.126386344432831 0.126078471541405 0.125770598649979
-9999 -9999 -9999 -9999 -9999 -9999 -9999 0.14778445661068 0.150587946176529 0.152309581637383 0.154031217098236 0.155752837657928 0.157474473118782 0.159196108579636 0.160917744040489 0.161645829677582 0.159393310546875 0.157140791416168 0.154888272285461 0.152635738253593 0.150383219122887 0.14813069999218 0.145878180861473 0.143882185220718 0.141971692442894 0.14006119966507 0.138150706887245 0.136240214109421 0.134329721331596 0.132419228553772 0.130865514278412 0.130382180213928 0.129898831248283 0.129415482282639 0.128932148218155 0.12844879925251 0.127965450286865 0.127482116222382 0.127075359225273 0.126694157719612 0.12631294131279 0.125931724905968 0.125550523400307 0.125169306993484
-9999 -9999 -9999 -9999 -9999 -9999 -9999 -9999 0.135695993900299 0.139277830719948 0.142859667539597 0.146441519260406 0.150023356080055 0.153605192899704 0.157187029719353 0.159384354948997 0.157428085803986 0.155471831560135 0.153515577316284 0.151559323072433 0.149603053927422 0.147646799683571 0.14569054543972 0.143773064017296 0.141868501901627 0.139963939785957 0.138059392571449 0.13615483045578 0.134250268340111 0.132345721125603 0.130792781710625 0.130294695496559 0.129796609282494 0.129298537969589 0.128800451755524 0.128302380442619 0.127804294228554 0.127306208014488 0.12684078514576 0.126386225223541 0.125931680202484 0.125477120280266 0.125022560358047 0.12456801533699
-9999 -9999 -9999 -9999 -9999 -9999 -9999 -9999 -9999 0.126246094703674 0.131688132882118 0.137130185961723 0.142572239041328 0.148014277219772 0.153456330299377 0.157122865319252 0.155462875962257 0.153802871704102 0.152142882347107 0.150482892990112 0.148822888731956 0.147162899374962 0.145502910017967 0.143663942813873 0.141765311360359 0.139866694808006 0.137968078255653 0.136069446802139 0.134170830249786 0.132272198796272 0.130720034241676 0.13020721077919 0.129694402217865 0.129181578755379 0.128668770194054 0.128155946731567 0.127643138170242 0.127130314707756 0.126606196165085 0.12607829272747 0.125550404191017 0.125022515654564 0.12449461966753 0.123966723680496
-9999 -9999 -9999 -9999 -9999 -9999 -9999 -9999 -9999 -9999 0.123349338769913 0.129498332738876 0.135647341609001 0.141796335577965 0.147945329546928 0.15233488380909 0.151446148753166 0.150557398796082 0.149668648838997 0.148779913783073 0.147891163825989 0.147002413868904 0.146113678812981 0.144510298967361 0.142668724060059 0.140827149152756 0.138985574245453 0.137143984436989 0.135302409529686 0.133460834622383 0.131916880607605 0.131265819072723 0.130614757537842 0.12996369600296 0.129312634468079 0.128661572933197 0.128010496497154 0.127359434962273 0.126778185367584 0.126220196485519 0.125662222504616 0.125104233622551 0.124546252191067 0.123988270759583
-9999 -9999 -9999 -9999 -9999 -9999 -9999 -9999 -9999 -9999 -9999 -9999 -9999 -9999 -9999 0.145020425319672 0.145377919077873 0.145735397934914 0.146092891693115 0.146450385451317 0.146807864308357 0.147165358066559 0.14752285182476 0.146312147378922 0.144578725099564 0.142845302820206 0.141111880540848 0.13937845826149 0.137645035982132 0.135911613702774 0.134383335709572 0.133470505475998 0.132557690143585 0.131644859910011 0.130732044577599 0.129819214344025 0.128906399011612 0.127993568778038 0.127356752753258 0.126811936497688 0.126267120242119 0.125722289085388 0.125177472829819 0.124632656574249
-9999 -9999 -9999 -9999 -9999 -9999 -9999 -9999 -9999 -9999 -9999 -9999 -9999 -9999 -9999 0.137705951929092 0.139309674501419 0.140913397073746 0.142517119646072 0.14412085711956 0.145724579691887 0.147328302264214 0.14893202483654 0.148113995790482 0.146488726139069 0.144863456487656 0.143238186836243 0.14161291718483 0.139987647533417 0.138362377882004 0.136849790811539 0.135675206780434 0.134500622749329 0.133326038718224 0.132151454687119 0.130976870656013 0.129802286624908 0.128627702593803 0.127935320138931 0.127403661608696 0.126872003078461 0.126340359449387 0.125808700919151 0.125277042388916
-9999 -9999 -9999 -9999 -9999 -9999 -9999 -9999 -9999 -9999 -9999 -9999 -9999 -9999 -9999 0.130391493439674 0.133241444826126 0.136091411113739 0.138941362500191 0.141791313886642 0.144641280174255 0.147491231560707 0.15034119784832 0.149915844202042 0.148398727178574 0.146881625056267 0.145364508032799 0.143847391009331 0.142330273985863 0.140813156962395 0.139316231012344 0.137879893183708 0.136443555355072 0.135007217526436 0.133570864796638 0.132134526968002 0.130698189139366 0.12926185131073 0.128513887524605 0.127995401620865 0.127476900815964 0.126958414912224 0.126439914107323 0.125921428203583
-9999 -9999 -9999 -9999 -9999 -9999 -9999 -9999 -9999 -9999 -9999 -9999 -9999 -9999 -9999 0.123077020049095 0.127173215150833 0.131269410252571 0.135365605354309 0.139461785554886 0.143557980656624 0.147654175758362 0.1517503708601 0.151717692613602 0.150308728218079 0.148899778723717 0.147490814328194 0.146081849932671 0.144672900438309 0.143263936042786 0.141782686114311 0.140084579586983 0.138386487960815 0.136688381433487 0.13499028980732 0.133292183279991 0.131594076752663 0.129895985126495 0.129092454910278 0.128587126731873 0.128081798553467 0.127576470375061 0.127071142196655 0.12656581401825
-9999 -9999 -9999 -9999 -9999 -9999 -9999 -9999 -9999 -9999 -9999 -9999 -9999 -9999 -9999 0.115762554109097 0.12110497802496 0.126447409391403 0.131789833307266 0.137132257223129 0.142474681138992 0.147817119956017 0.15315954387188 0.153519541025162 0.152218744158745 0.150917932391167 0.149617120623589 0.148316323757172 0.147015511989594 0.145714715123177 0.144249141216278 0.142289280891418 0.140329420566559 0.138369560241699 0.13640969991684 0.13444983959198 0.13248997926712 0.130530118942261 0.129671022295952 0.129178866744041 0.12868669629097 0.128194525837898 0.127702370285988 0.127210199832916
-9999 -9999 -9999 -9999 -9999 -9999 -9999 -9999 -9999 -9999 -9999 -9999 -9999 -9999 -9999 -9999 0.116070590913296 0.12198743224144 0.127904266119003 0.133821114897728 0.139737948775291 0.145654782652855 0.15157163143158 0.152413547039032 0.151563823223114 0.150714099407196 0.149864375591278 0.14901465177536 0.148164927959442 0.147315204143524 0.146157518029213 0.144075900316238 0.141994297504425 0.13991267979145 0.137831076979637 0.135749474167824 0.133667856454849 0.131586253643036 0.130645617842674 0.130085289478302 0.129524976015091 0.12896466255188 0.128404349088669 0.127844020724297
-9999 -9999 -9999 -9999 -9999 -9999 -9999 -9999 -9999 -9999 -9999 -9999 -9999 -9999 -9999 -9999 -9999 0.1178894713521 0.12370890378952 0.129528343677521 0.13534776866436 0.141167193651199 0.1469866335392 0.148399710655212 0.148343995213509 0.148288279771805 0.148232564330101 0.148176848888397 0.148121133446693 0.148065432906151 0.147507801651955 0.145444467663765 0.143381118774414 0.141317769885063 0.139254420995712 0.137191072106361 0.135127738118172 0.133064389228821 0.132016211748123 0.131306424736977 0.130596652626991 0.129886865615845 0.129177078604698 0.128467291593552
