data/working_set_collections/6091692-Cassins_Sparrow-M2/2000/cldtot_avg.asc
NCOLS 265 
NROWS 230 
XLLCORNER -115.5625 
YLLCORNER 24.8333333333333 
CELLSIZE 0.0833333333333333 
NODATA_value -9999 
[rows 0 to 19 of 230, columns 44 to 87 of 265]
0.495912224054337 0.494734287261963 0.493556380271912 0.49237847328186 0.491200536489487 0.490022629499435 0.488844692707062 0.48766678571701 0.488414317369461 0.489803671836853 0.491192996501923 0.492582350969315 0.493971705436707 0.495361059904099 0.496750384569168 0.49758917093277 0.496776282787323 0.495963364839554 0.495150446891785 0.494337558746338 0.493524640798569 0.4927117228508 0.491898834705353 0.490722477436066 0.489425003528595 0.488127559423447 0.486830085515976 0.485532611608505 0.484235137701035 0.482937663793564 0.48117458820343 0.478014767169952 0.474854975938797 0.471695154905319 0.468535333871841 0.465375512838364 0.462215721607208 0.45905590057373 0.458538860082626 0.45890274643898 0.459266632795334 0.459630519151688 0.459994405508041 0.460358291864395
0.493569076061249 0.492884516716003 0.49219998717308 0.491515457630157 0.490830928087234 0.490146368741989 0.489461839199066 0.488777309656143 0.489440679550171 0.490553349256516 0.49166601896286 0.492778688669205 0.493891388177872 0.495004057884216 0.496116727590561 0.496611833572388 0.495254188776016 0.493896543979645 0.492538869380951 0.491181224584579 0.489823579788208 0.488465934991837 0.487108290195465 0.485663294792175 0.48418915271759 0.482715010643005 0.481240898370743 0.479766756296158 0.478292614221573 0.47681850194931 0.475199669599533 0.473146706819534 0.471093744039536 0.469040781259537 0.466987818479538 0.464934885501862 0.462881922721863 0.460828959941864 0.460252523422241 0.460168272256851 0.460084021091461 0.459999769926071 0.459915518760681 0.459831267595291
0.491225898265839 0.491034746170044 0.490843594074249 0.490652441978455 0.49046128988266 0.490270137786865 0.490078985691071 0.489887833595276 0.490467041730881 0.4913030564785 0.492139041423798 0.492975056171417 0.493811041116714 0.494647055864334 0.495483070611954 0.495634466409683 0.49373209476471 0.491829693317413 0.48992732167244 0.488024920225143 0.48612254858017 0.484220147132874 0.482317745685577 0.480604082345963 0.478953272104263 0.477302491664886 0.47565171122551 0.47400090098381 0.472350120544434 0.470699340105057 0.469224721193314 0.468278616666794 0.467332512140274 0.466386407613754 0.465440303087234 0.464494228363037 0.463548123836517 0.462602019309998 0.461966186761856 0.461433798074722 0.460901409387589 0.460368990898132 0.459836602210999 0.459304213523865
0.488882750272751 0.489184975624084 0.489487200975418 0.489789426326752 0.490091651678085 0.490393877029419 0.490696132183075 0.490998357534409 0.491493403911591 0.492052733898163 0.492612063884735 0.493171393871307 0.49373072385788 0.494290053844452 0.494849383831024 0.494657129049301 0.492210000753403 0.489762872457504 0.487315744161606 0.484868615865707 0.482421487569809 0.47997435927391 0.477527230978012 0.47554486989975 0.473717421293259 0.471889972686768 0.470062524080276 0.468235075473785 0.466407626867294 0.464580178260803 0.463249772787094 0.463410526514053 0.463571280241013 0.463732063770294 0.463892817497253 0.464053571224213 0.464214324951172 0.464375078678131 0.463679850101471 0.462699323892593 0.461718767881393 0.460738241672516 0.459757715463638 0.458777159452438
0.486539602279663 0.487335205078125 0.488130807876587 0.488926440477371 0.489722043275833 0.490517646074295 0.491313248872757 0.492108851671219 0.4925197660923 0.492802411317825 0.493085086345673 0.493367731571198 0.493650406599045 0.493933081626892 0.494215726852417 0.493679761886597 0.490687906742096 0.487696021795273 0.484704166650772 0.481712281703949 0.478720426559448 0.475728571414948 0.472736686468124 0.470485657453537 0.468481540679932 0.466477453708649 0.464473336935043 0.462469220161438 0.460465133190155 0.45846101641655 0.457274854183197 0.458542466163635 0.459810078144073 0.461077690124512 0.46234530210495 0.463612914085388 0.464880526065826 0.466148138046265 0.465393543243408 0.463964849710464 0.462536156177521 0.461107492446899 0.459678798913956 0.458250105381012
0.484196454286575 0.485485434532166 0.486774444580078 0.488063424825668 0.489352405071259 0.490641415119171 0.491930395364761 0.493219375610352 0.49354612827301 0.49355211853981 0.49355810880661 0.49356409907341 0.49357008934021 0.49357607960701 0.49358206987381 0.492702394723892 0.489165812730789 0.485629200935364 0.482092589139938 0.478555977344513 0.475019365549088 0.471482783555984 0.467946171760559 0.465426445007324 0.463245689868927 0.461064904928207 0.45888414978981 0.456703394651413 0.454522609710693 0.452341854572296 0.451299905776978 0.453674376010895 0.456048846244812 0.458423316478729 0.460797786712646 0.463172256946564 0.465546727180481 0.467921197414398 0.467107206583023 0.465230375528336 0.463353544473648 0.461476713418961 0.459599882364273 0.457723081111908
0.483179718255997 0.484315037727356 0.485450357198715 0.486585676670074 0.487720966339111 0.488856285810471 0.48999160528183 0.491126924753189 0.491465628147125 0.491538763046265 0.491611927747726 0.491685092449188 0.49175825715065 0.491831421852112 0.491904586553574 0.491022765636444 0.487276077270508 0.483529388904572 0.479782700538635 0.476036012172699 0.472289323806763 0.468542605638504 0.464795917272568 0.462354779243469 0.460348814725876 0.458342850208282 0.456336885690689 0.454330921173096 0.452324956655502 0.450318992137909 0.449425280094147 0.451868325471878 0.454311400651932 0.456754446029663 0.459197491407394 0.461640536785126 0.464083582162857 0.466526627540588 0.465766549110413 0.463938742876053 0.462110936641693 0.460283130407333 0.458455353975296 0.456627547740936
0.48348942399025 0.483824014663696 0.484158575534821 0.484493166208267 0.484827727079391 0.485162317752838 0.485496878623962 0.485831469297409 0.486278235912323 0.486762404441833 0.487246572971344 0.487730741500854 0.488214939832687 0.488699108362198 0.489183276891708 0.488640874624252 0.485018730163574 0.481396615505219 0.47777447104454 0.474152356386185 0.470530241727829 0.466908097267151 0.463285982608795 0.461270660161972 0.459790974855423 0.458311259746552 0.45683154463768 0.455351859331131 0.45387214422226 0.45239245891571 0.451651006937027 0.453124344348907 0.45459771156311 0.456071048974991 0.457544386386871 0.459017753601074 0.460491091012955 0.461964428424835 0.461371570825577 0.460089951753616 0.458808362483978 0.457526743412018 0.45624515414238 0.454963535070419
0.483799129724503 0.483332961797714 0.482866793870926 0.48240065574646 0.481934487819672 0.481468319892883 0.481002151966095 0.480536013841629 0.481090843677521 0.481986045837402 0.482881218194962 0.483776420354843 0.484671592712402 0.485566794872284 0.486461967229843 0.486258953809738 0.482761412858963 0.479263842105865 0.475766271352768 0.47226870059967 0.468771159648895 0.465273588895798 0.4617760181427 0.460186541080475 0.459233105182648 0.458279669284821 0.457326233386993 0.456372767686844 0.455419331789017 0.45446589589119 0.453876733779907 0.454380363225937 0.454884022474289 0.455387651920319 0.455891311168671 0.4563949406147 0.456898599863052 0.457402229309082 0.456976592540741 0.456241190433502 0.455505758523941 0.454770356416702 0.454034954309464 0.453299522399902
0.484108835458755 0.482841938734055 0.481575042009354 0.480308145284653 0.479041248559952 0.477774351835251 0.47650745511055 0.475240528583527 0.475903481245041 0.477209657430649 0.478515863418579 0.479822069406509 0.48112827539444 0.482434451580048 0.483740657567978 0.483877062797546 0.480504065752029 0.477131068706512 0.473758071660995 0.470385074615479 0.467012077569962 0.463639080524445 0.460266053676605 0.459102421998978 0.458675235509872 0.45824807882309 0.457820892333984 0.457393705844879 0.456966519355774 0.456539332866669 0.456102460622787 0.455636382102966 0.455170333385468 0.454704284667969 0.454238206148148 0.453772157430649 0.45330610871315 0.452840030193329 0.452581614255905 0.452392399311066 0.452203184366226 0.452013969421387 0.451824754476547 0.451635509729385
0.484418541193008 0.482350915670395 0.480283260345459 0.478215634822845 0.47614797949791 0.474080353975296 0.472012728452682 0.469945073127747 0.470716089010239 0.472433298826218 0.474150508642197 0.475867718458176 0.477584928274155 0.479302138090134 0.481019347906113 0.481495171785355 0.478246718645096 0.474998295307159 0.471749842166901 0.468501418828964 0.465252995491028 0.462004542350769 0.458756119012833 0.45801830291748 0.45811739563942 0.458216488361359 0.458315551280975 0.458414644002914 0.458513706922531 0.45861279964447 0.458328157663345 0.456892400979996 0.455456644296646 0.454020887613297 0.452585130929947 0.451149374246597 0.449713617563248 0.448277860879898 0.448186635971069 0.448543608188629 0.448900580406189 0.449257552623749 0.449614524841309 0.449971526861191
0.484728246927261 0.481859862804413 0.478991508483887 0.476123124361038 0.47325474023819 0.470386385917664 0.467518001794815 0.464649617671967 0.465528696775436 0.467656940221786 0.469785153865814 0.471913367509842 0.474041610956192 0.47616982460022 0.47829806804657 0.47911325097084 0.475989401340485 0.472865521907806 0.469741642475128 0.46661776304245 0.463493913412094 0.460370033979416 0.457246154546738 0.456934213638306 0.457559525966644 0.458184868097305 0.458810210227966 0.459435552358627 0.460060894489288 0.460686236619949 0.460553884506226 0.458148419857025 0.455742955207825 0.453337490558624 0.450932025909424 0.448526561260223 0.446121126413345 0.443715661764145 0.443791657686234 0.444694817066193 0.445598006248474 0.446501165628433 0.447404325008392 0.448307514190674
0.484739512205124 0.481657862663269 0.478576213121414 0.475494563579559 0.472412914037704 0.46933126449585 0.466249614953995 0.46316796541214 0.463956654071808 0.466035455465317 0.468114256858826 0.470193058252335 0.472271829843521 0.47435063123703 0.476429432630539 0.477174669504166 0.473919212818146 0.470663726329803 0.467408239841461 0.464152783155441 0.460897296667099 0.457641839981079 0.454386353492737 0.454354733228683 0.455397754907608 0.45644074678421 0.457483738660812 0.458526760339737 0.459569752216339 0.460612744092941 0.460717648267746 0.458008170127869 0.455298691987991 0.452589213848114 0.449879765510559 0.447170287370682 0.444460809230804 0.441751331090927 0.442038416862488 0.443324357271194 0.444610297679901 0.445896208286285 0.447182148694992 0.448468089103699
0.484452396631241 0.481744915246964 0.479037463665009 0.476329982280731 0.473622500896454 0.470915049314499 0.468207567930222 0.465500086545944 0.465999931097031 0.467568874359131 0.469137787818909 0.470706731081009 0.472275644540787 0.473844587802887 0.475413531064987 0.475679397583008 0.472036153078079 0.468392908573151 0.464749664068222 0.461106419563293 0.457463175058365 0.453819930553436 0.450176686048508 0.450279921293259 0.451631993055344 0.452984064817429 0.454336136579514 0.455688208341599 0.457040280103683 0.458392351865768 0.458819448947906 0.456471651792526 0.454123854637146 0.451776057481766 0.449428290128708 0.447080492973328 0.444732695817947 0.442384898662567 0.442926913499832 0.44443216919899 0.44593745470047 0.447442710399628 0.448947995901108 0.450453251600266
0.484165251255035 0.481831967830658 0.47949868440628 0.477165400981903 0.474832087755203 0.472498804330826 0.470165520906448 0.467832237482071 0.468043208122253 0.469102263450623 0.470161348581314 0.471220403909683 0.472279459238052 0.473338514566422 0.474397599697113 0.47418412566185 0.470153123140335 0.46612212061882 0.462091088294983 0.458060085773468 0.454029053449631 0.449998050928116 0.445967018604279 0.446205139160156 0.447866261005402 0.449527382850647 0.451188534498215 0.45284965634346 0.454510778188705 0.456171929836273 0.456921249628067 0.454935133457184 0.452949017286301 0.450962901115417 0.448976814746857 0.446990698575974 0.44500458240509 0.443018466234207 0.443815410137177 0.445540010929108 0.447264611721039 0.44898921251297 0.450713813304901 0.452438414096832
0.483878135681152 0.481919020414352 0.479959905147552 0.478000789880753 0.476041704416275 0.474082589149475 0.472123473882675 0.470164358615875 0.470086485147476 0.470635682344437 0.471184879541397 0.471734076738358 0.472283273935318 0.472832471132278 0.473381668329239 0.472688883543015 0.468270093202591 0.463851302862167 0.459432512521744 0.45501372218132 0.450594931840897 0.446176141500473 0.441757380962372 0.442130327224731 0.44410052895546 0.446070700883865 0.448040902614594 0.450011104345322 0.45198130607605 0.453951507806778 0.455023050308228 0.453398615121841 0.451774179935455 0.450149744749069 0.448525339365005 0.446900904178619 0.445276468992233 0.443652033805847 0.444703876972198 0.446647822856903 0.448591768741608 0.450535714626312 0.452479630708694 0.454423576593399
0.483590990304947 0.482006072998047 0.480421125888824 0.478836208581924 0.477251291275024 0.475666344165802 0.474081426858902 0.472496509552002 0.472129762172699 0.472169101238251 0.472208440303802 0.472247749567032 0.472287088632584 0.472326427698135 0.472365736961365 0.471193611621857 0.466387033462524 0.461580485105515 0.456773936748505 0.451967388391495 0.447160810232162 0.442354261875153 0.437547713518143 0.438055515289307 0.440334767103195 0.442614048719406 0.444893300533295 0.447172552347183 0.449451833963394 0.451731085777283 0.453124850988388 0.451862096786499 0.45059934258461 0.449336588382721 0.448073863983154 0.446811109781265 0.445548355579376 0.444285601377487 0.445592373609543 0.447755664587021 0.449918925762177 0.452082186937332 0.45424547791481 0.456408739089966
0.483303844928741 0.482093095779419 0.480882376432419 0.479671627283096 0.478460878133774 0.477250128984451 0.476039379835129 0.474828630685806 0.474173039197922 0.473702520132065 0.473231971263885 0.472761422395706 0.472290903329849 0.47182035446167 0.471349805593491 0.469698339700699 0.46450400352478 0.459309667348862 0.454115360975266 0.448921024799347 0.443726688623428 0.438532382249832 0.433338046073914 0.433980703353882 0.436569035053253 0.439157366752625 0.441745698451996 0.444334000349045 0.446922332048416 0.449510663747787 0.451226651668549 0.450325578451157 0.449424505233765 0.448523432016373 0.447622388601303 0.446721315383911 0.445820242166519 0.444919168949127 0.446480870246887 0.448863476514816 0.451246082782745 0.453628689050674 0.456011295318604 0.458393901586533
0.480467796325684 0.479606628417969 0.478745460510254 0.477884292602539 0.477023124694824 0.476161986589432 0.475300818681717 0.474439650774002 0.473657071590424 0.472900718450546 0.472144365310669 0.471387982368469 0.470631629228592 0.469875246286392 0.469118893146515 0.467289984226227 0.462243497371674 0.457196980714798 0.452150493860245 0.447103977203369 0.442057460546494 0.43701097369194 0.431964457035065 0.432645350694656 0.435235351324081 0.437825381755829 0.440415382385254 0.443005412817001 0.445595413446426 0.448185414075851 0.449961245059967 0.44929450750351 0.44862774014473 0.447961002588272 0.447294235229492 0.446627497673035 0.445960730314255 0.445293992757797 0.446822047233582 0.449081689119339 0.451341331005096 0.453600972890854 0.455860614776611 0.458120256662369
0.475082784891129 0.474546611309052 0.474010437726974 0.473474264144897 0.47293809056282 0.472401887178421 0.471865713596344 0.471329540014267 0.470581889152527 0.469763725996017 0.468945562839508 0.468127429485321 0.467309266328812 0.466491132974625 0.465672969818115 0.463968575000763 0.459605485200882 0.455242395401001 0.45087930560112 0.446516245603561 0.44215315580368 0.437790066003799 0.433426976203918 0.434049427509308 0.436333745718002 0.438618063926697 0.440902382135391 0.443186730146408 0.445471048355103 0.447755366563797 0.449328660964966 0.448768854141235 0.448209047317505 0.447649240493774 0.447089463472366 0.446529656648636 0.445969849824905 0.445410072803497 0.446615904569626 0.448410272598267 0.45020467042923 0.45199903845787 0.453793436288834 0.455587804317474
