data/working_set_collections/6091692-Cassins_Sparrow-M2/2000/cldtot_avg.asc
NCOLS 265 
NROWS 230 
XLLCORNER -115.5625 
YLLCORNER 24.8333333333333 
CELLSIZE 0.0833333333333333 
NODATA_value -9999 
[rows 60 to 79 of 230, columns 132 to 175 of 265]
0.411803156137466 0.409569501876831 0.407447189092636 0.405658841133118 0.403870493173599 0.402082175016403 0.400293827056885 0.398505508899689 0.39671716094017 0.394928842782974 0.394288331270218 0.394030451774597 0.393772572278976 0.393514662981033 0.393256783485413 0.392998903989792 0.392740994691849 0.39230215549469 0.39132034778595 0.390338569879532 0.389356762170792 0.388374984264374 0.387393176555634 0.386411398649216 0.385429620742798 0.385225087404251 0.385279655456543 0.385334193706512 0.385388761758804 0.385443329811096 0.385497897863388 0.38555246591568 0.385501623153687 0.385134637355804 0.384767681360245 0.384400695562363 0.384033709764481 0.383666723966599 0.383299738168716 0.382932782173157 0.382977604866028 0.383159726858139 0.38334184885025 0.383523941040039
0.409355789422989 0.407321482896805 0.405353993177414 0.403586864471436 0.401819705963135 0.400052577257156 0.398285448551178 0.3965183198452 0.394751191139221 0.392984062433243 0.392399162054062 0.392208367586136 0.392017543315887 0.391826748847961 0.391635924577713 0.391445130109787 0.391254305839539 0.390853971242905 0.389824986457825 0.388796031475067 0.387767046689987 0.386738061904907 0.38570910692215 0.38468012213707 0.383651167154312 0.383557587862015 0.38377583026886 0.383994102478027 0.384212344884872 0.384430587291718 0.384648829698563 0.384867072105408 0.384935200214386 0.384552925825119 0.384170651435852 0.383788377046585 0.383406102657318 0.383023858070374 0.382641583681107 0.38225930929184 0.38234332203865 0.382582753896713 0.382822155952454 0.383061587810516
0.406908452510834 0.405073493719101 0.403260797262192 0.401514858007431 0.39976891875267 0.398023009300232 0.396277070045471 0.39453113079071 0.392785221338272 0.391039282083511 0.390509992837906 0.390386283397675 0.390262544155121 0.390138804912567 0.390015095472336 0.389891356229782 0.389767616987228 0.389405786991119 0.3883296251297 0.387253493070602 0.386177331209183 0.385101169347763 0.384025007486343 0.382948875427246 0.381872713565826 0.381890118122101 0.382272034883499 0.38265398144722 0.383035898208618 0.383417814970016 0.383799761533737 0.384181678295135 0.384368747472763 0.383971184492111 0.383573621511459 0.383176058530807 0.382778525352478 0.382380962371826 0.381983399391174 0.381585836410522 0.381709009408951 0.382005751132965 0.382302492856979 0.382599234580994
0.404461085796356 0.402825474739075 0.40116760134697 0.399442881345749 0.397718161344528 0.395993411540985 0.394268691539764 0.392543971538544 0.390819221735001 0.38909450173378 0.38862082362175 0.388564169406891 0.388507544994354 0.388450890779495 0.388394236564636 0.388337582349777 0.388280928134918 0.387957602739334 0.386834263801575 0.385710924863815 0.384587615728378 0.383464276790619 0.38234093785286 0.3812175989151 0.380094259977341 0.380222618579865 0.380768239498138 0.381313860416412 0.381859451532364 0.382405072450638 0.382950693368912 0.383496284484863 0.38380229473114 0.383389443159103 0.382976621389389 0.382563769817352 0.382150918245316 0.381738066673279 0.381325244903564 0.380912393331528 0.381074726581573 0.381428778171539 0.381782829761505 0.382136881351471
0.402013748884201 0.400577485561371 0.399074405431747 0.397370874881744 0.395667374134064 0.393963843584061 0.392260313034058 0.390556782484055 0.388853251934052 0.387149721384048 0.386731654405594 0.38674208521843 0.386752516031265 0.386762946844101 0.386773377656937 0.386783808469772 0.386794239282608 0.386509418487549 0.38533890247345 0.384168386459351 0.382997870445251 0.381827354431152 0.380656838417053 0.379486322402954 0.378315806388855 0.378555148839951 0.379264444112778 0.379973739385605 0.380683034658432 0.381392329931259 0.382101625204086 0.382810920476913 0.383235841989517 0.382807731628418 0.382379591464996 0.381951451301575 0.381523311138153 0.381095200777054 0.380667060613632 0.380238920450211 0.380440413951874 0.380851805210114 0.381263166666031 0.381674528121948
0.399566382169724 0.398329466581345 0.396981209516525 0.395298898220062 0.393616586923599 0.391934245824814 0.390251934528351 0.388569593429565 0.386887282133102 0.385204941034317 0.38484251499176 0.384920001029968 0.384997516870499 0.385075032711029 0.385152518749237 0.385230034589767 0.385307550430298 0.385061264038086 0.383843541145325 0.382625848054886 0.381408154964447 0.380190461874008 0.378972768783569 0.377755045890808 0.376537352800369 0.376887679100037 0.377760648727417 0.378633618354797 0.379506587982178 0.38037958741188 0.381252557039261 0.382125526666641 0.382669419050217 0.38222599029541 0.381782561540604 0.381339132785797 0.380895733833313 0.380452305078506 0.3800088763237 0.379565477371216 0.379806131124496 0.380274802446365 0.380743503570557 0.381212174892426
0.397346884012222 0.396214544773102 0.39494514465332 0.393264502286911 0.391583859920502 0.389903217554092 0.388222575187683 0.386541962623596 0.384861320257187 0.383180677890778 0.382879018783569 0.383037000894547 0.383195012807846 0.383352994918823 0.383511006832123 0.3836689889431 0.383826971054077 0.383636623620987 0.38240122795105 0.381165832281113 0.379930406808853 0.378695011138916 0.377459615468979 0.376224189996719 0.374988794326782 0.375409096479416 0.37638133764267 0.377353549003601 0.378325790166855 0.379298001527786 0.38027024269104 0.381242454051971 0.381862342357635 0.381425112485886 0.380987882614136 0.380550682544708 0.380113452672958 0.379676222801208 0.379239022731781 0.378801792860031 0.379074156284332 0.379583060741425 0.380091935396194 0.380600839853287
0.39535528421402 0.39423269033432 0.392966151237488 0.391267687082291 0.389569222927094 0.387870758771896 0.386172294616699 0.384473830461502 0.382775366306305 0.381076902151108 0.380841195583344 0.381093084812164 0.381344974040985 0.381596863269806 0.381848752498627 0.38210067152977 0.382352560758591 0.382235556840897 0.381011933088303 0.379788279533386 0.378564655780792 0.377341002225876 0.376117378473282 0.374893754720688 0.373670101165771 0.374119490385056 0.375126510858536 0.376133561134338 0.377140611410141 0.378147631883621 0.379154682159424 0.380161732435226 0.380814611911774 0.380405098199844 0.379995554685593 0.379586040973663 0.379176497459412 0.378766983747482 0.378357440233231 0.377947926521301 0.378244519233704 0.378776520490646 0.379308521747589 0.37984049320221
0.393363654613495 0.392250865697861 0.390987187623978 0.38927087187767 0.387554585933685 0.3858382999897 0.384121984243393 0.382405698299408 0.380689412355423 0.378973096609116 0.378803372383118 0.379149168729782 0.379494965076447 0.379840731620789 0.380186527967453 0.380532324314117 0.380878120660782 0.380834490060806 0.379622638225555 0.378410756587982 0.377198874950409 0.375987023115158 0.374775141477585 0.373563289642334 0.372351408004761 0.372829854488373 0.373871713876724 0.374913543462753 0.375955402851105 0.376997262239456 0.378039121627808 0.379080981016159 0.379766911268234 0.379385083913803 0.37900322675705 0.378621399402618 0.378239542245865 0.377857714891434 0.377475887537003 0.377094030380249 0.377414882183075 0.377969980239868 0.378525078296661 0.379080176353455
0.39137202501297 0.390269011259079 0.389008194208145 0.387274086475372 0.385539948940277 0.383805811405182 0.382071703672409 0.380337566137314 0.378603458404541 0.376869320869446 0.376765549182892 0.3772052526474 0.377644926309586 0.378084629774094 0.378524303436279 0.378964006900787 0.379403680562973 0.379433423280716 0.378233313560486 0.377033233642578 0.375833123922348 0.374633014202118 0.37343293428421 0.37223282456398 0.371032744646072 0.37154021859169 0.37261688709259 0.373693555593491 0.374770224094391 0.375846892595291 0.376923561096191 0.378000229597092 0.378719210624695 0.378365069627762 0.378010898828506 0.377656757831573 0.37730261683464 0.376948446035385 0.376594305038452 0.376240164041519 0.376585274934769 0.37716343998909 0.377741634845734 0.378319829702377
0.389380425214767 0.388287156820297 0.387029230594635 0.385277271270752 0.383525311946869 0.381773352622986 0.380021393299103 0.37826943397522 0.376517504453659 0.374765545129776 0.374727725982666 0.375261306762695 0.375794917345047 0.376328498125076 0.376862078905106 0.377395659685135 0.377929240465164 0.378032356500626 0.376844018697739 0.375655680894852 0.374467372894287 0.3732790350914 0.372090697288513 0.370902389287949 0.369714051485062 0.370250582695007 0.371362060308456 0.372473567724228 0.373585045337677 0.374696522951126 0.375808000564575 0.376919507980347 0.377671509981155 0.377345025539398 0.377018570899963 0.376692116260529 0.376365661621094 0.376039206981659 0.375712722539902 0.375386267900467 0.37575563788414 0.376356929540634 0.376958221197128 0.377559512853622
0.387388795614243 0.386305302381516 0.385050237178802 0.383280456066132 0.381510674953461 0.37974089384079 0.377971112728119 0.376201331615448 0.374431550502777 0.372661739587784 0.372689932584763 0.373317390680313 0.373944878578186 0.374572366476059 0.375199854373932 0.375827342271805 0.376454800367355 0.376631289720535 0.375454723834991 0.374278157949448 0.373101592063904 0.371925055980682 0.370748490095139 0.369571924209595 0.368395358324051 0.368960946798325 0.370107263326645 0.371253550052643 0.372399866580963 0.373546153306961 0.374692469835281 0.375838756561279 0.376623779535294 0.376325011253357 0.37602624297142 0.375727474689484 0.375428706407547 0.37512993812561 0.374831169843674 0.374532401561737 0.374926000833511 0.375550389289856 0.376174777746201 0.376799166202545
0.385805696249008 0.384673565626144 0.383392244577408 0.381663352251053 0.379934459924698 0.37820553779602 0.376476645469666 0.374747753143311 0.373018860816956 0.371289968490601 0.371399760246277 0.372122436761856 0.372845143079758 0.373567849397659 0.374290525913239 0.37501323223114 0.375735938549042 0.375970810651779 0.374742239713669 0.373513698577881 0.37228512763977 0.371056586503983 0.369828015565872 0.368599444627762 0.367370903491974 0.367942273616791 0.369113624095917 0.370284974575043 0.371456325054169 0.372627675533295 0.373799026012421 0.374970376491547 0.375775158405304 0.375480234622955 0.375185281038284 0.374890357255936 0.374595403671265 0.374300479888916 0.374005526304245 0.373710602521896 0.374134451150894 0.374797880649567 0.375461310148239 0.376124739646912
0.384631127119064 0.383391946554184 0.382055252790451 0.380425930023193 0.378796637058258 0.377167344093323 0.375538051128387 0.373908758163452 0.372279435396194 0.370650142431259 0.370857238769531 0.371676474809647 0.37249568104744 0.373314917087555 0.37413415312767 0.374953389167786 0.375772595405579 0.37605094909668 0.374706625938416 0.373362272977829 0.372017949819565 0.370673626661301 0.369329303503036 0.367984980344772 0.366640627384186 0.367194533348083 0.368381172418594 0.369567811489105 0.370754450559616 0.371941089630127 0.373127728700638 0.374314367771149 0.375125616788864 0.374810665845871 0.374495685100555 0.374180734157562 0.373865753412247 0.373550802469254 0.37323585152626 0.372920870780945 0.373380959033966 0.374099373817444 0.374817818403244 0.375536233186722
0.383456587791443 0.382110357284546 0.380718231201172 0.379188537597656 0.377658843994141 0.376129150390625 0.374599426984787 0.373069733381271 0.371540039777756 0.37001034617424 0.370314717292786 0.371230483055115 0.372146248817444 0.373062014579773 0.37397775053978 0.374893516302109 0.375809282064438 0.376131057739258 0.37467098236084 0.3732108771801 0.371750771999359 0.370290666818619 0.368830591440201 0.36737048625946 0.36591038107872 0.366446793079376 0.367648720741272 0.368850648403168 0.370052576065063 0.371254503726959 0.372456431388855 0.373658359050751 0.374476075172424 0.374141067266464 0.373806089162827 0.373471111059189 0.373136132955551 0.372801125049591 0.372466146945953 0.372131168842316 0.372627466917038 0.373400896787643 0.374174296855927 0.374947726726532
0.382282018661499 0.380828738212585 0.379381239414215 0.377951145172119 0.376521021127701 0.375090926885605 0.373660832643509 0.372230738401413 0.370800614356995 0.369370520114899 0.369772225618362 0.370784491300583 0.371796786785126 0.372809082269669 0.373821377754211 0.374833673238754 0.375845938920975 0.376211196184158 0.374635338783264 0.373059451580048 0.371483594179153 0.369907736778259 0.368331849575043 0.366755992174149 0.365180134773254 0.365699052810669 0.36691626906395 0.36813348531723 0.369350701570511 0.370567917823792 0.371785134077072 0.373002350330353 0.373826503753662 0.37347149848938 0.373116493225098 0.372761487960815 0.372406482696533 0.372051477432251 0.371696442365646 0.371341437101364 0.371874004602432 0.372702389955521 0.373530805110931 0.37435919046402
0.381107449531555 0.379547119140625 0.378044247627258 0.37671372294426 0.375383228063583 0.374052733182907 0.372722208499908 0.371391713619232 0.370061218738556 0.36873072385788 0.369229704141617 0.370338529348373 0.37144735455513 0.372556149959564 0.373664975166321 0.374773800373077 0.375882625579834 0.376291334629059 0.374599695205688 0.372908055782318 0.371216416358948 0.369524776935577 0.367833137512207 0.366141498088837 0.364449858665466 0.364951342344284 0.36618384718895 0.367416322231293 0.368648827075958 0.369881331920624 0.371113836765289 0.372346341609955 0.373176962137222 0.372801929712296 0.372426897287369 0.372051864862442 0.371676832437515 0.371301800012589 0.370926767587662 0.370551735162735 0.371120512485504 0.37200391292572 0.372887283563614 0.37377068400383
0.379932880401611 0.378265500068665 0.376707226037979 0.375476330518723 0.374245434999466 0.373014509677887 0.37178361415863 0.370552718639374 0.369321793317795 0.368090897798538 0.368687182664871 0.369892537593842 0.371097892522812 0.372303247451782 0.373508602380753 0.374713957309723 0.375919282436371 0.376371443271637 0.374564051628113 0.372756630182266 0.370949238538742 0.369141817092896 0.367334425449371 0.365527004003525 0.363719612360001 0.364203602075577 0.365451395511627 0.366699188947678 0.367946952581406 0.369194746017456 0.370442539453506 0.371690332889557 0.372527420520782 0.372132360935211 0.37173730134964 0.371342241764069 0.370947182178497 0.370552122592926 0.370157063007355 0.369762003421783 0.370367020368576 0.371305406093597 0.372243791818619 0.37318217754364
0.379885464906693 0.378255724906921 0.376711696386337 0.375424653291702 0.37413763999939 0.372850596904755 0.371563583612442 0.370276540517807 0.368989527225494 0.367702484130859 0.368284195661545 0.369488805532455 0.370693415403366 0.371898025274277 0.373102605342865 0.374307215213776 0.375511825084686 0.375956416130066 0.374120891094208 0.37228536605835 0.370449870824814 0.368614345788956 0.36677885055542 0.364943325519562 0.363107800483704 0.36359828710556 0.364864110946655 0.366129904985428 0.367395728826523 0.368661522865295 0.36992734670639 0.371193170547485 0.372030943632126 0.371584594249725 0.371138274669647 0.370691925287247 0.370245605707169 0.369799256324768 0.369352906942368 0.368906587362289 0.369490087032318 0.370416879653931 0.371343672275543 0.372270464897156
0.380965143442154 0.379517823457718 0.37805762887001 0.376558750867844 0.375059872865677 0.37356099486351 0.372062116861343 0.370563238859177 0.36906436085701 0.367565482854843 0.368020713329315 0.369127303361893 0.37023389339447 0.371340483427048 0.372447043657303 0.37355363368988 0.374660223722458 0.375046163797379 0.373270213603973 0.371494263410568 0.369718313217163 0.367942333221436 0.36616638302803 0.364390432834625 0.362614452838898 0.363135397434235 0.364421963691711 0.365708529949188 0.366995096206665 0.368281662464142 0.369568258523941 0.370854824781418 0.371687531471252 0.37115865945816 0.370629787445068 0.370100915431976 0.369572043418884 0.369043201208115 0.368514329195023 0.367985457181931 0.36848971247673 0.369338303804398 0.370186924934387 0.371035546064377
