data/working_set_collections/6091692-Cassins_Sparrow-M2/2000/cldtot_avg.asc
NCOLS 265 
NROWS 230 
XLLCORNER -115.5625 
YLLCORNER 24.8333333333333 
CELLSIZE 0.0833333333333333 
NODATA_value -9999 
[rows 20 to 39 of 230, columns 44 to 87 of 265]
0.469697803258896 0.469486594200134 0.469275414943695 0.469064205884933 0.468853026628494 0.468641817569733 0.468430608510971 0.468219429254532 0.467506676912308 0.466626733541489 0.46574679017067 0.46486684679985 0.463986903429031 0.463106989860535 0.462227046489716 0.460647165775299 0.456967502832413 0.453287839889526 0.449608147144318 0.445928484201431 0.442248821258545 0.438569128513336 0.43488946557045 0.435453534126282 0.437432140111923 0.439410775899887 0.441389411687851 0.443368047475815 0.445346653461456 0.44732528924942 0.448696047067642 0.448243200778961 0.44779035449028 0.447337508201599 0.446884661912918 0.446431815624237 0.445978969335556 0.445526123046875 0.44640976190567 0.447738885879517 0.449068009853363 0.450397104024887 0.451726227998734 0.45305535197258
0.464312821626663 0.464426606893539 0.464540392160416 0.464654177427292 0.464767962694168 0.464881747961044 0.464995533227921 0.465109318494797 0.464431464672089 0.46348974108696 0.462548017501831 0.461606293916702 0.460664570331573 0.459722846746445 0.458781123161316 0.457325756549835 0.454329490661621 0.451333254575729 0.448336988687515 0.445340752601624 0.442344486713409 0.439348220825195 0.436351984739304 0.436857610940933 0.438530534505844 0.440203487873077 0.441876411437988 0.443549364805222 0.445222288370132 0.446895211935043 0.448063462972641 0.447717547416687 0.447371661663055 0.447025775909424 0.446679890155792 0.446333974599838 0.445988088846207 0.445642203092575 0.446203619241714 0.447067469358444 0.447931319475174 0.448795199394226 0.449659049510956 0.450522899627686
0.458927810192108 0.459366589784622 0.459805369377136 0.460244119167328 0.460682898759842 0.461121648550034 0.461560428142548 0.461999177932739 0.46135625243187 0.460352748632431 0.45934921503067 0.458345711231232 0.457342207431793 0.456338703632355 0.455335199832916 0.454004347324371 0.451691508293152 0.449378669261932 0.447065830230713 0.444752991199493 0.442440152168274 0.440127313137054 0.437814474105835 0.438261687755585 0.439628928899765 0.440996170043945 0.442363411188126 0.443730682134628 0.445097923278809 0.446465164422989 0.447430849075317 0.447191923856735 0.446952968835831 0.446714043617249 0.446475088596344 0.446236163377762 0.445997208356857 0.445758283138275 0.445997476577759 0.446396082639694 0.446794658899307 0.447193264961243 0.447591841220856 0.447990447282791
0.453542828559875 0.454306572675705 0.455070316791534 0.455834090709686 0.456597834825516 0.457361578941345 0.458125323057175 0.458889067173004 0.45828104019165 0.457215756177902 0.456150442361832 0.455085158348083 0.454019844532013 0.452954560518265 0.451889276504517 0.450682938098907 0.449053525924683 0.447424083948135 0.44579467177391 0.444165229797363 0.442535817623138 0.440906405448914 0.439276963472366 0.439665794372559 0.440727323293686 0.441788882017136 0.442850440740585 0.443911999464035 0.444973528385162 0.446035087108612 0.446798264980316 0.446666270494461 0.446534276008606 0.446402281522751 0.446270316839218 0.446138322353363 0.446006327867508 0.445874333381653 0.445791333913803 0.445724666118622 0.445657998323441 0.445591330528259 0.445524662733078 0.445457994937897
0.45049974322319 0.451349645853043 0.452199578285217 0.453049510717392 0.453899413347244 0.454749345779419 0.455599278211594 0.456449180841446 0.455775737762451 0.454594522714615 0.453413277864456 0.45223206281662 0.451050817966461 0.449869573116302 0.448688358068466 0.447516173124313 0.4463711977005 0.445226222276688 0.444081246852875 0.442936301231384 0.441791325807571 0.440646350383759 0.439501374959946 0.43995812535286 0.440948784351349 0.441939443349838 0.442930102348328 0.443920761346817 0.444911420345306 0.445902079343796 0.446648240089417 0.446660935878754 0.446673601865768 0.446686297655106 0.44669896364212 0.446711659431458 0.446724325418472 0.446737021207809 0.446543455123901 0.446281164884567 0.446018844842911 0.445756554603577 0.44549423456192 0.445231944322586
0.44979852437973 0.450495809316635 0.45119309425354 0.451890379190445 0.452587693929672 0.453284978866577 0.453982263803482 0.454679548740387 0.453840374946594 0.452489078044891 0.451137751340866 0.449786424636841 0.448435097932816 0.44708377122879 0.445732474327087 0.444504112005234 0.443644613027573 0.442785114049911 0.44192561507225 0.441066116094589 0.440206617116928 0.439347118139267 0.438487619161606 0.439138680696487 0.440293252468109 0.441447824239731 0.442602396011353 0.443756967782974 0.444911539554596 0.446066111326218 0.446980804204941 0.447175890207291 0.447370946407318 0.447566002607346 0.447761088609695 0.447956144809723 0.44815120100975 0.448346257209778 0.448253810405731 0.448065519332886 0.44787722826004 0.447688907384872 0.447500616312027 0.447312325239182
0.44909730553627 0.449641972780228 0.450186610221863 0.45073127746582 0.451275944709778 0.451820611953735 0.45236524939537 0.452909916639328 0.451905012130737 0.450383603572845 0.448862195014954 0.447340786457062 0.44581937789917 0.444297969341278 0.442776560783386 0.441492021083832 0.440917998552322 0.440343976020813 0.439769953489304 0.439195960760117 0.438621938228607 0.438047915697098 0.437473893165588 0.438319265842438 0.439637750387192 0.440956234931946 0.4422747194767 0.443593204021454 0.444911688566208 0.446230173110962 0.447313398122787 0.447690844535828 0.448068290948868 0.448445737361908 0.448823183774948 0.449200630187988 0.449578076601028 0.449955523014069 0.449964165687561 0.449849873781204 0.449735581874847 0.449621289968491 0.449506998062134 0.449392676353455
0.44839608669281 0.44878813624382 0.449180155992508 0.449572175741196 0.449964195489883 0.450356215238571 0.450748234987259 0.451140284538269 0.44996964931488 0.448278158903122 0.446586668491364 0.444895178079605 0.443203657865524 0.441512167453766 0.439820677042007 0.43847993016243 0.438191384077072 0.437902837991714 0.437614321708679 0.437325775623322 0.437037259340286 0.436748713254929 0.436460167169571 0.437499850988388 0.438982218503952 0.440464615821838 0.441947013139725 0.443429410457611 0.444911807775497 0.446394205093384 0.447645962238312 0.448205798864365 0.448765635490417 0.44932547211647 0.449885278940201 0.450445115566254 0.451004952192307 0.451564788818359 0.451674520969391 0.451634228229523 0.451593935489655 0.451553642749786 0.451513350009918 0.45147305727005
0.447694897651672 0.44793426990509 0.448173671960831 0.448413074016571 0.448652446269989 0.448891848325729 0.44913125038147 0.449370622634888 0.448034286499023 0.446172714233398 0.444311112165451 0.442449539899826 0.440587967634201 0.438726365566254 0.436864793300629 0.435467839241028 0.435464769601822 0.435461729764938 0.435458660125732 0.435455620288849 0.435452550649643 0.435449510812759 0.435446441173553 0.436680406332016 0.438326716423035 0.439973026514053 0.441619336605072 0.443265646696091 0.444911926984787 0.446558237075806 0.447978526353836 0.448720753192902 0.449462980031967 0.45020517706871 0.450947403907776 0.451689630746841 0.452431827783585 0.45317405462265 0.453384906053543 0.453418612480164 0.453452318906784 0.453486025333405 0.453519731760025 0.453553438186646
0.446993678808212 0.447080433368683 0.447167187929153 0.447253942489624 0.447340726852417 0.447427481412888 0.447514235973358 0.447600990533829 0.446098923683167 0.444067269563675 0.442035585641861 0.440003901720047 0.437972247600555 0.435940563678741 0.43390890955925 0.432455748319626 0.432738184928894 0.43302059173584 0.433303028345108 0.433585435152054 0.433867871761322 0.434150278568268 0.434432715177536 0.435860991477966 0.437671214342117 0.439481407403946 0.441291630268097 0.443101853132248 0.444912075996399 0.44672229886055 0.44831109046936 0.449235707521439 0.450160294771194 0.451084911823273 0.452009499073029 0.452934116125107 0.453858703374863 0.454783320426941 0.455095261335373 0.455202966928482 0.455310672521591 0.4554183781147 0.455526083707809 0.455633819103241
0.446071743965149 0.446063816547394 0.446055889129639 0.446047931909561 0.446040004491806 0.446032047271729 0.446024119853973 0.446016192436218 0.444777846336365 0.443129360675812 0.441480904817581 0.439832448959351 0.438183963298798 0.436535507440567 0.434887021780014 0.433693528175354 0.433864951133728 0.434036374092102 0.434207797050476 0.434379190206528 0.434550613164902 0.434722036123276 0.43489345908165 0.436205983161926 0.437898844480515 0.439591735601425 0.441284596920013 0.442977458238602 0.444670349359512 0.446363210678101 0.447873890399933 0.448837876319885 0.44980189204216 0.450765877962112 0.451729893684387 0.45269387960434 0.453657895326614 0.454621881246567 0.454925656318665 0.455009341239929 0.455093026161194 0.455176681280136 0.455260366201401 0.455344051122665
0.444929122924805 0.444884419441223 0.444839715957642 0.44479501247406 0.444750308990479 0.444705605506897 0.444660902023315 0.444616198539734 0.444071054458618 0.443359076976776 0.442647099494934 0.441935122013092 0.441223114728928 0.440511137247086 0.439799159765244 0.439181178808212 0.438845098018646 0.43850901722908 0.438172966241837 0.43783688545227 0.437500804662704 0.437164753675461 0.436828672885895 0.437715381383896 0.439009636640549 0.440303921699524 0.441598206758499 0.442892491817474 0.44418677687645 0.445481032133102 0.446666866540909 0.447527259588242 0.448387682437897 0.449248105287552 0.450108528137207 0.45096892118454 0.451829344034195 0.45268976688385 0.452876091003418 0.452837705612183 0.452799320220947 0.452760934829712 0.452722579240799 0.452684193849564
0.44378650188446 0.443705022335052 0.443623572587967 0.443542093038559 0.443460643291473 0.443379163742065 0.443297684192657 0.443216234445572 0.443364232778549 0.443588763475418 0.443813264369965 0.444037795066833 0.44426229596138 0.444486796855927 0.444711327552795 0.444668799638748 0.443825244903564 0.442981690168381 0.442138135433197 0.441294580698013 0.44045102596283 0.439607441425323 0.43876388669014 0.439224779605865 0.440120458602905 0.441016137599945 0.441911816596985 0.442807495594025 0.443703174591064 0.444598853588104 0.445459842681885 0.44621667265892 0.446973502635956 0.447730332612991 0.448487162590027 0.449243992567062 0.450000792741776 0.450757622718811 0.450826525688171 0.450666069984436 0.450505644083023 0.450345188379288 0.450184762477875 0.450024306774139
0.442643880844116 0.442525655031204 0.44240739941597 0.442289173603058 0.442170947790146 0.442052721977234 0.441934496164322 0.441816240549088 0.442657440900803 0.44381844997406 0.444979459047318 0.446140468120575 0.44730144739151 0.448462456464767 0.449623465538025 0.450156450271606 0.448805391788483 0.447454363107681 0.446103304624557 0.444752246141434 0.443401217460632 0.442050158977509 0.440699100494385 0.440734177827835 0.441231250762939 0.441728353500366 0.442225426435471 0.442722499370575 0.443219602108002 0.443716675043106 0.444252818822861 0.444906055927277 0.445559293031693 0.446212530136108 0.446865797042847 0.447519034147263 0.448172271251678 0.448825508356094 0.448776960372925 0.448494434356689 0.448211938142776 0.447929441928864 0.447646945714951 0.447364449501038
0.441501259803772 0.441346257925034 0.441191256046295 0.441036254167557 0.440881252288818 0.440726280212402 0.440571278333664 0.440416276454926 0.441950649023056 0.444048136472702 0.446145623922348 0.448243111371994 0.450340628623962 0.452438116073608 0.454535603523254 0.455644100904465 0.453785568475723 0.451927006244659 0.450068473815918 0.448209941387177 0.446351408958435 0.444492876529694 0.442634344100952 0.442243576049805 0.442342042922974 0.442440539598465 0.442539036273956 0.442637532949448 0.442736029624939 0.442834496498108 0.443045794963837 0.443595439195633 0.444145113229752 0.444694757461548 0.445244401693344 0.445794075727463 0.446343719959259 0.446893393993378 0.446727365255356 0.446322828531265 0.445918262004852 0.445513695478439 0.445109128952026 0.444704592227936
0.440358608961105 0.440166860818863 0.43997511267662 0.439783334732056 0.439591586589813 0.439399808645248 0.439208060503006 0.439016312360764 0.441243857145309 0.444277822971344 0.447311818599701 0.450345784425735 0.453379780054092 0.456413775682449 0.459447741508484 0.461131721735001 0.458765715360641 0.45639967918396 0.454033643007278 0.451667636632919 0.449301600456238 0.446935564279556 0.444569557905197 0.443752974271774 0.44345286488533 0.443152755498886 0.442852646112442 0.442552536725998 0.442252427339554 0.44195231795311 0.441838771104813 0.442284852266312 0.442730903625488 0.443176984786987 0.443623036146164 0.444069117307663 0.444515198469162 0.444961249828339 0.444677799940109 0.444151192903519 0.443624556064606 0.443097949028015 0.442571341991425 0.442044705152512
0.437434792518616 0.43764054775238 0.437846332788467 0.438052088022232 0.438257873058319 0.438463628292084 0.438669413328171 0.438875168561935 0.441092491149902 0.443980306386948 0.446868121623993 0.449755936861038 0.452643752098083 0.455531597137451 0.458419412374496 0.460021466016769 0.457766264677048 0.455511033535004 0.453255832195282 0.451000601053238 0.448745399713516 0.446490198373795 0.44423496723175 0.443293213844299 0.442789226770401 0.442285269498825 0.441781312227249 0.441277354955673 0.440773397684097 0.440269440412521 0.439977884292603 0.440323531627655 0.440669178962708 0.44101482629776 0.441360473632812 0.441706120967865 0.442051768302917 0.44239741563797 0.442183017730713 0.441781967878342 0.441380947828293 0.440979897975922 0.44057884812355 0.440177798271179
0.432729780673981 0.433767348527908 0.434804946184158 0.435842543840408 0.436880141496658 0.437917739152908 0.438955307006836 0.439992904663086 0.441496551036835 0.443155556917191 0.444814562797546 0.446473568677902 0.448132574558258 0.449791580438614 0.451450556516647 0.452313303947449 0.45078718662262 0.449261099100113 0.447735011577606 0.446208894252777 0.44468280673027 0.443156719207764 0.441630601882935 0.440864264965057 0.440351188182831 0.439838111400604 0.439325034618378 0.438811957836151 0.438298881053925 0.437785804271698 0.437463104724884 0.437711507081985 0.437959879636765 0.438208281993866 0.438456654548645 0.438705056905746 0.438953429460526 0.439201831817627 0.439243048429489 0.439215183258057 0.439187347888947 0.439159512519836 0.439131677150726 0.439103841781616
0.428024739027023 0.429894149303436 0.431763589382172 0.433632999658585 0.435502409934998 0.43737182021141 0.439241230487823 0.441110640764236 0.44190064072609 0.442330807447433 0.4427610039711 0.443191170692444 0.44362136721611 0.444051533937454 0.444481730461121 0.444605112075806 0.443808138370514 0.443011164665222 0.442214161157608 0.441417187452316 0.440620213747025 0.439823240041733 0.439026236534119 0.438435345888138 0.437913179397583 0.437390983104706 0.436868786811829 0.436346590518951 0.435824394226074 0.435302197933197 0.434948354959488 0.435099482536316 0.435250610113144 0.435401737689972 0.4355528652668 0.435703992843628 0.435855120420456 0.436006247997284 0.436303049325943 0.436648398637772 0.436993777751923 0.437339127063751 0.437684506177902 0.438029855489731
0.423319727182388 0.426020950078964 0.428722202777863 0.431423425674438 0.434124678373337 0.436825901269913 0.439527153968811 0.442228376865387 0.442304730415344 0.441506087779999 0.440707445144653 0.439908802509308 0.439110159873962 0.438311517238617 0.437512904405594 0.436896950006485 0.436829090118408 0.436761200428009 0.436693340539932 0.436625480651855 0.436557620763779 0.436489760875702 0.436421871185303 0.436006426811218 0.435475140810013 0.434943825006485 0.434412509202957 0.433881193399429 0.433349907398224 0.432818591594696 0.432433575391769 0.432487457990646 0.432541310787201 0.432595193386078 0.432649046182632 0.432702928781509 0.432756781578064 0.432810664176941 0.433363050222397 0.434081614017487 0.434800177812576 0.435518771409988 0.436237335205078 0.436955899000168
