data/working_set_collections/6091692-Cassins_Sparrow-M2/2000/echange_avg.asc
NCOLS 265 
NROWS 230 
XLLCORNER -115.5625 
YLLCORNER 24.8333333333333 
CELLSIZE 0.0833333333333333 
NODATA_value -9999 
[rows 19 to 37 of 230, columns 44 to 87 of 265]
0.136035948991776 0.137271344661713 0.138506725430489 0.139742106199265 0.14097748696804 0.142212882637978 0.143448263406754 0.144683644175529 0.140709802508354 0.134999558329582 0.129289299249649 0.123579055070877 0.117868803441525 0.112158551812172 0.1064483076334 0.107042640447617 0.126550734043121 0.146058842539787 0.165566936135292 0.185075029730797 0.204583123326302 0.224091216921806 0.243599325418472 0.233639046549797 0.213855981826782 0.194072932004929 0.174289867281914 0.154506802558899 0.134723752737045 0.11494068801403 0.0990836918354034 0.0950048863887787 0.0909260809421539 0.0868472829461098 0.082768477499485 0.0786896720528603 0.0746108666062355 0.0705320686101913 0.0690839514136314 0.0685127303004265 0.0679415166378021 0.0673702955245972 0.0667990744113922 0.0662278607487679
0.138252288103104 0.140369474887848 0.142486646771431 0.144603833556175 0.14672102034092 0.148838207125664 0.150955393910408 0.153072580695152 0.148615822196007 0.141967758536339 0.135319694876671 0.128671631217003 0.122023567557335 0.115375503897667 0.108727440237999 0.108708865940571 0.12857873737812 0.148448601365089 0.168318465352058 0.188188344240189 0.208058208227158 0.227928087115288 0.247797951102257 0.238975003361702 0.220587775111198 0.202200546860695 0.183813333511353 0.165426105260849 0.147038877010345 0.128651648759842 0.113434746861458 0.107728771865368 0.102022796869278 0.096316821873188 0.0906108468770981 0.0849048718810081 0.0791988968849182 0.0734929293394089 0.0718766152858734 0.0716235190629959 0.0713704228401184 0.0711173266172409 0.070864237844944 0.0706111416220665
0.140468612313271 0.143467605113983 0.146466583013535 0.149465575814247 0.152464553713799 0.15546353161335 0.158462524414062 0.161461502313614 0.156521841883659 0.148935973644257 0.141350090503693 0.133764207363129 0.126178339123726 0.118592455983162 0.111006580293179 0.110375083982944 0.130606725811958 0.150838375091553 0.171070009469986 0.19130165874958 0.211533293128014 0.231764942407608 0.251996576786041 0.244310945272446 0.227319568395615 0.210328176617622 0.19333678483963 0.176345393061638 0.159354016184807 0.142362624406815 0.127785801887512 0.120452649891376 0.113119505345821 0.105786360800266 0.0984532162547112 0.091120071709156 0.0837869346141815 0.0764537900686264 0.0746692717075348 0.0747343003749847 0.0747993364930153 0.0748643651604652 0.0749293938279152 0.0749944224953651
0.142684951424599 0.146565735340118 0.150446519255638 0.154327303171158 0.158208087086678 0.162088871002197 0.165969654917717 0.169850438833237 0.164427861571312 0.155904173851013 0.147380486130714 0.138856798410416 0.130333095788956 0.121809408068657 0.113285720348358 0.112041302025318 0.132634714245796 0.153228133916855 0.173821553587914 0.194414958357811 0.21500837802887 0.235601797699928 0.256195217370987 0.249646902084351 0.23405134677887 0.218455791473389 0.202860251069069 0.187264695763588 0.171669140458107 0.156073585152626 0.142136842012405 0.133176535367966 0.124216221272945 0.115255907177925 0.106295593082905 0.0973352789878845 0.0883749648928642 0.0794146507978439 0.0774619355797768 0.0778450891375542 0.0782282426953316 0.078611396253109 0.0789945498108864 0.0793777108192444
0.144901275634766 0.149663865566254 0.15442644059658 0.159189030528069 0.163951620459557 0.168714195489883 0.173476785421371 0.178239360451698 0.172333881258965 0.16287237405777 0.153410866856575 0.143949374556541 0.134487867355347 0.125026360154152 0.115564860403538 0.113707527518272 0.134662717580795 0.155617907643318 0.17657308280468 0.197528272867203 0.218483462929726 0.239438652992249 0.26039382815361 0.254982858896255 0.240783140063286 0.226583421230316 0.212383702397346 0.198183983564377 0.183984279632568 0.169784560799599 0.15648789703846 0.145900413393974 0.135312929749489 0.124725446105003 0.114137962460518 0.103550478816032 0.0929629951715469 0.0823755040764809 0.0802545920014381 0.0809558779001236 0.0816571563482285 0.0823584347963333 0.0830597132444382 0.083760991692543
0.139547809958458 0.145264029502869 0.150980249047279 0.156696483492851 0.162412703037262 0.168128937482834 0.173845157027245 0.179561376571655 0.174461871385574 0.165757119655609 0.157052353024483 0.148347601294518 0.139642849564552 0.130938082933426 0.122233331203461 0.120575249195099 0.14005720615387 0.159539148211479 0.17902110517025 0.19850304722786 0.21798500418663 0.23746694624424 0.256948888301849 0.252284318208694 0.239570930600166 0.226857513189316 0.214144110679626 0.201430693268776 0.188717290759087 0.176003888249397 0.163712739944458 0.152688413858414 0.141664072871208 0.130639746785164 0.119615405797958 0.108591072261333 0.0975667387247086 0.0865424051880836 0.0843795984983444 0.0851706340909004 0.0859616696834564 0.0867527052760124 0.0875437408685684 0.088334783911705
0.126624524593353 0.133366227149963 0.140107944607735 0.146849647164345 0.153591364622116 0.160333067178726 0.167074784636497 0.173816487193108 0.170811831951141 0.164558380842209 0.158304929733276 0.152051493525505 0.145798042416573 0.13954459130764 0.133291140198708 0.132644489407539 0.148818179965019 0.16499188542366 0.181165590882301 0.197339281439781 0.213512986898422 0.229686692357063 0.245860382914543 0.241551339626312 0.23041470348835 0.219278082251549 0.208141446113586 0.197004824876785 0.185868188738823 0.174731552600861 0.1638113707304 0.153540506958961 0.143269643187523 0.132998779416084 0.122727923095226 0.112457059323788 0.102186195552349 0.0919153317809105 0.0898369401693344 0.0904893651604652 0.0911417976021767 0.0917942225933075 0.0924466475844383 0.0930990800261497
0.113701239228249 0.121468432247639 0.129235625267029 0.137002825737 0.144770011305809 0.15253721177578 0.160304397344589 0.16807159781456 0.167161792516708 0.16335965692997 0.15955750644207 0.155755370855331 0.151953235268593 0.148151099681854 0.144348949193954 0.144713714718819 0.15757916867733 0.170444622635841 0.183310061693192 0.196175515651703 0.209040969610214 0.221906423568726 0.234771877527237 0.230818346142769 0.221258491277695 0.211698651313782 0.202138796448708 0.192578941583633 0.183019086718559 0.173459231853485 0.163910001516342 0.15439261496067 0.144875213503838 0.135357826948166 0.125840440392494 0.116323046386242 0.10680565237999 0.0972882658243179 0.0952942818403244 0.0958080962300301 0.0963219180703163 0.096835732460022 0.0973495543003082 0.0978633761405945
0.100777961313725 0.109570637345314 0.118363313376904 0.127155989408493 0.135948672890663 0.144741341471672 0.153534024953842 0.162326708436012 0.163511753082275 0.16216091811657 0.160810083150864 0.159459263086319 0.158108428120613 0.156757593154907 0.155406773090363 0.156782940030098 0.16634014248848 0.175897344946861 0.185454547405243 0.195011749863625 0.204568952322006 0.214126154780388 0.22368335723877 0.220085352659225 0.21210227906704 0.204119205474854 0.196136131882668 0.188153058290482 0.180169984698296 0.17218691110611 0.164008632302284 0.155244708061218 0.146480783820152 0.137716874480247 0.128952950239182 0.120189033448696 0.111425116658211 0.102661192417145 0.100751623511314 0.101126834750175 0.101502038538456 0.101877249777317 0.102252461016178 0.102627672255039
0.0878546759486198 0.0976728424429893 0.107491001486778 0.117309160530567 0.127127319574356 0.136945486068726 0.146763652563095 0.156581804156303 0.159861713647842 0.160962179303169 0.162062659859657 0.163163140416145 0.164263620972633 0.165364101529121 0.166464582085609 0.168852180242538 0.17510113120079 0.181350082159042 0.187599033117294 0.193847984075546 0.200096949934959 0.206345900893211 0.212594851851463 0.209352374076843 0.202946066856384 0.196539774537086 0.190133482217789 0.18372717499733 0.177320882678032 0.170914590358734 0.164107248187065 0.156096801161766 0.148086354136467 0.140075907111168 0.132065460085869 0.12405502051115 0.116044573485851 0.108034126460552 0.106208965182304 0.10644556581974 0.106682166457176 0.106918767094612 0.107155367732048 0.107391968369484
0.0749313980340958 0.0857750400900841 0.096618689596653 0.107462331652641 0.11830598115921 0.129149630665779 0.139993265271187 0.150836914777756 0.156211674213409 0.15976345539093 0.163315236568451 0.166867032647133 0.170418813824654 0.173970609903336 0.177522391080856 0.180921405553818 0.18386210501194 0.186802819371223 0.189743518829346 0.192684218287468 0.195624932646751 0.198565632104874 0.201506331562996 0.1986193805933 0.193789854645729 0.188960343599319 0.184130817651749 0.179301306605339 0.174471780657768 0.169642269611359 0.164205878973007 0.156948909163475 0.149691939353943 0.14243495464325 0.135177984833717 0.127921000123024 0.120664030313492 0.113407053053379 0.111666306853294 0.111764296889305 0.111862286925316 0.111960276961327 0.112058266997337 0.112156264483929
0.0625589787960052 0.0735590904951096 0.0845592021942139 0.0955593138933182 0.106559418141842 0.117559529840946 0.12855963408947 0.139559745788574 0.14524844288826 0.14916667342186 0.15308490395546 0.157003134489059 0.160921365022659 0.164839595556259 0.168757826089859 0.171794518828392 0.172186642885208 0.172578766942024 0.172970876097679 0.173363000154495 0.173755124211311 0.174147248268127 0.174539357423782 0.172595709562302 0.169873476028442 0.167151242494583 0.164429008960724 0.161706775426865 0.158984541893005 0.156262308359146 0.152840614318848 0.147320508956909 0.141800418496132 0.136280313134193 0.130760207772255 0.125240102410316 0.119720011949539 0.114199906587601 0.11358642578125 0.114608474075794 0.115630529820919 0.116652578115463 0.117674633860588 0.118696689605713
0.0507374331355095 0.0610249862074852 0.0713125392794609 0.0816000923514366 0.0918876454234123 0.102175205945969 0.112462759017944 0.12275031208992 0.126972049474716 0.129171848297119 0.131371662020683 0.133571460843086 0.13577127456665 0.137971073389053 0.140170872211456 0.141471534967422 0.140074729919434 0.138677924871445 0.137281119823456 0.135884329676628 0.134487524628639 0.13309071958065 0.131693914532661 0.131281390786171 0.131196945905685 0.1311125010252 0.131028056144714 0.130943611264229 0.130859181284904 0.130774736404419 0.130011439323425 0.12721161544323 0.124411799013615 0.121611975133419 0.118812151253223 0.116012327373028 0.113212503492832 0.110412679612637 0.111969314515591 0.114978104829788 0.117986887693405 0.120995670557022 0.12400446087122 0.127013251185417
0.0389158837497234 0.0484908819198608 0.0580658800899982 0.0676408782601357 0.0772158801555634 0.0867908746004105 0.0963658690452576 0.105940870940685 0.108695656061172 0.109177030622959 0.109658412635326 0.110139794647694 0.11062116920948 0.111102551221848 0.111583933234215 0.111148536205292 0.107962809503078 0.104777090251446 0.101591370999813 0.0984056442975998 0.0952199250459671 0.0920341983437538 0.0888484790921211 0.0899670571088791 0.0925204083323479 0.0950737595558167 0.0976271033287048 0.100180454552174 0.102733805775642 0.105287149548531 0.107182279229164 0.107102729380131 0.107023186981678 0.106943637132645 0.106864094734192 0.106784552335739 0.106705002486706 0.106625460088253 0.110352210700512 0.115347728133202 0.120343245565891 0.125338762998581 0.130334287881851 0.13532979786396
0.0270943362265825 0.0359567776322365 0.0448192209005356 0.0536816604435444 0.0625441074371338 0.0714065432548523 0.0802689865231514 0.0891314297914505 0.0904192551970482 0.0891822129487991 0.0879451632499695 0.0867081210017204 0.0854710713028908 0.0842340290546417 0.0829969868063927 0.080825537443161 0.0758508965373039 0.0708762556314468 0.0659016072750092 0.0609269663691521 0.055952325463295 0.0509776808321476 0.0460030399262905 0.0486527308821678 0.0538438707590103 0.0590350106358528 0.0642261505126953 0.0694172903895378 0.0746084302663803 0.0797995701432228 0.0843531042337418 0.0869938358664513 0.0896345749497414 0.0922753065824509 0.0949160382151604 0.0975567698478699 0.100197501480579 0.102838233113289 0.108735106885433 0.115717358887196 0.122699603438377 0.12968185544014 0.136664107441902 0.143646359443665
0.0152727868407965 0.0234226733446121 0.0315725579857826 0.0397224463522434 0.0478723309934139 0.0560222193598747 0.0641721040010452 0.0723219886422157 0.0721428617835045 0.0691873878240585 0.0662319213151932 0.0632764473557472 0.0603209771215916 0.0573655068874359 0.0544100366532803 0.0505025424063206 0.0437389798462391 0.0369754172861576 0.0302118510007858 0.0234482884407043 0.0166847240179777 0.00992116052657366 0.00315759726800025 0.00733840418979526 0.0151673350483179 0.0229962654411793 0.0308251958340406 0.038654126226902 0.0464830584824085 0.0543119870126247 0.0615239366889 0.0668849498033524 0.0722459554672241 0.0776069685816765 0.0829679816961288 0.0883289873600006 0.093690000474453 0.0990510061383247 0.107117995619774 0.116086982190609 0.125055968761444 0.134024947881699 0.142993927001953 0.151962921023369
0.00345123768784106 0.0108885681256652 0.01832589879632 0.0257632303982973 0.0332005620002747 0.0406378917396069 0.0480752214789391 0.0555125512182713 0.0538664646446705 0.0491925664246082 0.0445186719298363 0.0398447774350643 0.0351708829402924 0.0304969865828753 0.0258230902254581 0.0201795473694801 0.0116270631551743 0.00307457847520709 -0.00547790573909879 -0.014030390419066 -0.0225828755646944 -0.0311353597790003 -0.039687842130661 -0.033975925296545 -0.0235092025250196 -0.0130424806848168 -0.00257575884461403 0.00789096299558878 0.0183576848357916 0.0288244057446718 0.0386947691440582 0.0467760562896729 0.0548573434352875 0.0629386305809021 0.0710199177265167 0.0791012048721313 0.0871824994683266 0.0952637866139412 0.105500891804695 0.116456605494022 0.12741231918335 0.138368040323257 0.149323761463165 0.160279467701912
0.00438388809561729 0.0117034483700991 0.0190230086445808 0.0263425689190626 0.0336621291935444 0.0409816913306713 0.0483012497425079 0.0556208118796349 0.0532124377787113 0.0475614182651043 0.0419104024767876 0.0362593829631805 0.0306083653122187 0.0249573476612568 0.0193063281476498 0.0124189686030149 0.0018225833773613 -0.00877380184829235 -0.019370187073946 -0.0299665722995996 -0.0405629575252533 -0.0511593446135521 -0.0617557279765606 -0.0545649938285351 -0.0414452143013477 -0.0283254384994507 -0.0152056626975536 -0.0020858864299953 0.011033889837563 0.0241536665707827 0.0363890863955021 0.045971442013979 0.0555537976324558 0.0651361495256424 0.0747185051441193 0.0843008607625961 0.093883216381073 0.103465564548969 0.114367932081223 0.125710308551788 0.137052670121193 0.148395046591759 0.159737408161163 0.171079784631729
0.018070736899972 0.0258673131465912 0.0336638875305653 0.0414604656398296 0.0492570400238037 0.0570536144077778 0.0648501887917519 0.0726467669010162 0.070180781185627 0.0642939433455467 0.0584071055054665 0.0525202676653862 0.0466334298253059 0.0407465882599354 0.0348597504198551 0.027220806106925 0.0143255405128002 0.00143027410376817 -0.0114649916067719 -0.0243602581322193 -0.0372555255889893 -0.0501507893204689 -0.0630460530519485 -0.0544288009405136 -0.038640707731247 -0.02285261079669 -0.00706451665610075 0.00872357841581106 0.0245116744190454 0.0402997694909573 0.0546068921685219 0.0644711032509804 0.0743353143334389 0.0841995179653168 0.0940637290477753 0.103927940130234 0.113792151212692 0.123656362295151 0.133719116449356 0.143848061561584 0.153977006673813 0.164105966687202 0.174234911799431 0.184363856911659
