data/working_set_collections/6091692-Cassins_Sparrow-M2/2000/echange_avg.asc
NCOLS 265 
NROWS 230 
XLLCORNER -115.5625 
YLLCORNER 24.8333333333333 
CELLSIZE 0.0833333333333333 
NODATA_value -9999 
[rows 76 to 94 of 230, columns 0 to 43 of 265]
0.0853852778673172 0.104636028409004 0.123886778950691 0.143137529492378 0.162388280034065 0.181639030575752 0.200889781117439 0.187634140253067 0.163543030619621 0.139451920986176 0.11536081135273 0.0912697017192841 0.0671785920858383 0.0430874787271023 0.0268092807382345 0.0339698232710361 0.0411303639411926 0.0482909046113491 0.0554514490067959 0.0626119896769524 0.0697725340723991 0.0769330710172653 0.0676792860031128 0.0529540553689003 0.0382288247346878 0.0235035959631205 0.00877836532890797 -0.00594686437398195 -0.0206720940768719 -0.0297983270138502 -0.0221275705844164 -0.0144568141549826 -0.00678605679422617 0.000884700159076601 0.00855545699596405 0.0162262134253979 0.0238969717174768 0.0417651124298573 0.0630323812365532 0.0842996463179588 0.105566918849945 0.126834183931351 0.148101449012756 0.169368728995323
0.0915514901280403 0.1081163585186 0.12468121945858 0.14124608039856 0.157810941338539 0.174375802278519 0.190940678119659 0.174537032842636 0.14714390039444 0.119750767946243 0.0923576280474663 0.0649644955992699 0.0375713594257832 0.0101782232522964 -0.0083401883020997 -0.000234432227443904 0.00787132419645786 0.0159770809113979 0.024082837626338 0.0321885943412781 0.040294349193573 0.0484001077711582 0.0376079566776752 0.0205165017396212 0.00342504703439772 -0.0136664072051644 -0.0307578612118959 -0.04784931614995 -0.0649407655000687 -0.0744009092450142 -0.0609671026468277 -0.0475332997739315 -0.034099493175745 -0.0206656865775585 -0.00723188230767846 0.00620192289352417 0.0196357276290655 0.0420731157064438 0.0675117000937462 0.0929502844810486 0.11838886141777 0.143827453255653 0.169266030192375 0.194704607129097
0.100385896861553 0.115698873996735 0.131011858582497 0.146324828267097 0.16163781285286 0.17695078253746 0.192263767123222 0.176482677459717 0.150336906313896 0.124191135168076 0.0980453565716743 0.0718995854258537 0.0457538105547428 0.019608037546277 0.0018533420516178 0.00927188247442245 0.0166904237121344 0.0241089630872011 0.031527504324913 0.0389460436999798 0.0463645868003368 0.0537831261754036 0.0428446978330612 0.0257872808724642 0.00872986484318972 -0.00832755211740732 -0.0253849700093269 -0.0424423851072788 -0.059499803930521 -0.0687026157975197 -0.0543416142463684 -0.0399806126952171 -0.025619613006711 -0.0112586123868823 0.00310238869860768 0.0174633897840977 0.031824391335249 0.0551412589848042 0.0814434140920639 0.107745572924614 0.134047731757164 0.160349890589714 0.186652049422264 0.212954193353653
0.111888483166695 0.127383574843407 0.14287868142128 0.158373773097992 0.173868879675865 0.189363971352577 0.204859063029289 0.193471074104309 0.173122048377991 0.152773022651672 0.132423996925354 0.112074971199036 0.0917259454727173 0.0713769197463989 0.0573898740112782 0.0624887682497501 0.0675876587629318 0.0726865530014038 0.0777854472398758 0.0828843414783478 0.0879832357168198 0.0930821299552917 0.083389513194561 0.06876640021801 0.054143276065588 0.0395201593637466 0.0248970407992601 0.0102739213034511 -0.00434919772669673 -0.012703450396657 -0.0022511063143611 0.0082012377679348 0.0186535827815533 0.0291059259325266 0.0395582690834999 0.0500106140971184 0.0604629591107368 0.0809695348143578 0.104827530682087 0.128685519099236 0.152543514966965 0.176401495933533 0.200259491801262 0.224117487668991
0.123391069471836 0.13906829059124 0.154745504260063 0.170422717928886 0.18609993159771 0.201777160167694 0.217454373836517 0.210459470748901 0.195907190442085 0.181354910135269 0.166802629828453 0.152250349521637 0.137698084115982 0.123145796358585 0.11292640119791 0.115705654025078 0.118484899401665 0.121264144778252 0.124043390154839 0.126822635531425 0.129601895809174 0.13238114118576 0.123934336006641 0.11174551397562 0.0995566919445992 0.087367869913578 0.0751790478825569 0.0629902258515358 0.050801407545805 0.0432957150042057 0.0498394034802914 0.0563830882310867 0.0629267767071724 0.0694704651832581 0.0760141536593437 0.0825578421354294 0.089101530611515 0.106797814369202 0.12821164727211 0.149625465273857 0.171039298176765 0.192453116178513 0.213866949081421 0.235280767083168
0.134893655776978 0.150752991437912 0.166612327098846 0.182471662759781 0.198330998420715 0.21419033408165 0.230049669742584 0.227447867393494 0.21869233250618 0.209936797618866 0.201181277632713 0.192425742745399 0.183670207858086 0.174914687871933 0.168462932109833 0.168922528624535 0.169382140040398 0.1698417365551 0.170301333069801 0.170760944485664 0.171220541000366 0.171680137515068 0.164479151368141 0.154724627733231 0.14497010409832 0.135215580463409 0.125461056828499 0.115706533193588 0.105952017009258 0.0992948785424232 0.101929910480976 0.104564942419529 0.107199974358082 0.109835006296635 0.112470030784607 0.11510506272316 0.117740094661713 0.132626101374626 0.151595756411552 0.170565411448479 0.189535081386566 0.208504736423492 0.227474391460419 0.246444061398506
0.1463962495327 0.162437692284584 0.17847914993763 0.194520607590675 0.210562065243721 0.226603522896767 0.242644980549812 0.244436264038086 0.241477474570274 0.238518700003624 0.235559910535812 0.232601121068001 0.22964234650135 0.226683557033539 0.223999470472336 0.222139418125153 0.220279380679131 0.218419328331947 0.216559275984764 0.214699238538742 0.212839186191559 0.210979148745537 0.20502395927906 0.197703748941422 0.190383523702621 0.183063298463821 0.175743073225021 0.168422847986221 0.161102622747421 0.155294045805931 0.154020413756371 0.152746796607971 0.151473164558411 0.150199547410011 0.148925915360451 0.14765228331089 0.146378666162491 0.158454373478889 0.174979865550995 0.1915053576231 0.208030864596367 0.224556356668472 0.241081848740578 0.257607340812683
0.15789882838726 0.174122408032417 0.190345987677574 0.20656955242157 0.222793132066727 0.239016711711884 0.25524029135704 0.261424660682678 0.264262616634369 0.26710057258606 0.269938558340073 0.272776514291763 0.275614470243454 0.278452455997467 0.279536008834839 0.275356292724609 0.271176606416702 0.266996920108795 0.262817233800888 0.258637547492981 0.254457831382751 0.250278145074844 0.245568782091141 0.240682855248451 0.235796928405762 0.230911001563072 0.226025074720383 0.221139147877693 0.216253221035004 0.211293205618858 0.206110924482346 0.200928643345833 0.19574636220932 0.190564081072807 0.185381799936295 0.180199518799782 0.175017237663269 0.184282660484314 0.198363989591599 0.212445318698883 0.226526647806168 0.240607962012291 0.254689306020737 0.268770635128021
0.139251515269279 0.157865673303604 0.17647984623909 0.195094004273415 0.2137081772089 0.232322335243225 0.250936508178711 0.262216329574585 0.271051406860352 0.279886454343796 0.28872150182724 0.297556549310684 0.306391626596451 0.315226674079895 0.319914162158966 0.312158912420273 0.30440366268158 0.296648383140564 0.288893133401871 0.281137883663177 0.273382633924484 0.265627384185791 0.261035770177841 0.257498681545258 0.253961592912674 0.25042450428009 0.246887400746346 0.243350312113762 0.239813223481178 0.235367938876152 0.228198036551476 0.221028119325638 0.213858217000961 0.206688314676285 0.199518412351608 0.192348510026932 0.185178607702255 0.19220058619976 0.203953206539154 0.215705811977386 0.227458417415619 0.239211037755013 0.250963658094406 0.262716263532639
0.0904542803764343 0.113667502999306 0.136880725622177 0.16009396314621 0.183307185769081 0.206520408391953 0.229733645915985 0.24681131541729 0.261843800544739 0.276876300573349 0.291908770799637 0.306941270828247 0.321973770856857 0.337006270885468 0.345133930444717 0.332547217607498 0.319960474967957 0.307373762130737 0.294787019491196 0.282200306653976 0.269613564014435 0.257026851177216 0.251424878835678 0.248151183128357 0.244877472519875 0.241603761911392 0.23833005130291 0.235056340694427 0.231782630085945 0.22751821577549 0.220281735062599 0.213045239448547 0.205808743834496 0.198572248220444 0.191335767507553 0.184099271893501 0.176862776279449 0.18220816552639 0.191747516393661 0.201286867260933 0.210826203227043 0.220365554094315 0.229904904961586 0.239444255828857
0.0416570492088795 0.0694693401455879 0.0972816273570061 0.125093907117844 0.152906194329262 0.180718496441841 0.208530783653259 0.231406286358833 0.252636224031448 0.273866146802902 0.295096069574356 0.31632599234581 0.337555915117264 0.358785837888718 0.370353728532791 0.352935522794724 0.335517317056656 0.318099111318588 0.300680935382843 0.283262729644775 0.265844523906708 0.24842631816864 0.241814017295837 0.238803684711456 0.235793352127075 0.232783019542694 0.229772686958313 0.226762354373932 0.223752021789551 0.219668507575989 0.212365433573723 0.205062344670296 0.19775927066803 0.190456196665764 0.183153107762337 0.175850033760071 0.168546959757805 0.17221574485302 0.179541826248169 0.186867907643318 0.194193989038467 0.201520070433617 0.208846151828766 0.216172233223915
-0.00714018056169152 0.0252711679786444 0.0576825179159641 0.0900938659906387 0.122505217790604 0.154916569590569 0.187327906489372 0.216001272201538 0.243428632616997 0.270855993032455 0.298283338546753 0.325710713863373 0.35313805937767 0.380565404891968 0.395573526620865 0.373323827981949 0.351074159145355 0.328824490308762 0.306574821472168 0.284325122833252 0.262075453996658 0.239825785160065 0.232203140854836 0.229456186294556 0.226709231734276 0.223962277173996 0.221215322613716 0.218468382954597 0.215721428394318 0.211818784475327 0.204449117183685 0.197079464793205 0.189709797501564 0.182340130209923 0.174970462918282 0.16760079562664 0.160231128334999 0.162223324179649 0.167336151003838 0.172448962926865 0.177561774849892 0.18267460167408 0.187787413597107 0.192900225520134
-0.0559374094009399 -0.0189270004630089 0.0180834103375673 0.0550938211381435 0.0921042263507843 0.129114642739296 0.166125044226646 0.200596243143082 0.234221041202545 0.267845839262009 0.30147060751915 0.335095405578613 0.368720203638077 0.40234500169754 0.420793294906616 0.393712162971497 0.366631001234055 0.339549839496613 0.312468707561493 0.285387545824051 0.258306384086609 0.231225252151489 0.222592279314995 0.220108702778816 0.217625126242638 0.215141549706459 0.21265797317028 0.210174396634102 0.207690820097923 0.203969076275826 0.196532815694809 0.189096570014954 0.181660309433937 0.174224063754082 0.166787818074226 0.15935155749321 0.151915311813354 0.152230903506279 0.155130460858345 0.15803000330925 0.160929560661316 0.163829118013382 0.166728660464287 0.169628217816353
-0.104734636843204 -0.0631251707673073 -0.0215156972408295 0.020093772560358 0.0617032423615456 0.103312715888023 0.144922181963921 0.185191228985786 0.225013449788094 0.264835685491562 0.304657906293869 0.344480127096176 0.384302347898483 0.42412456870079 0.44601309299469 0.414100468158722 0.382187843322754 0.350275218486786 0.318362593650818 0.28644996881485 0.254537343978882 0.222624704241753 0.212981402873993 0.210761204361916 0.208541005849838 0.206320807337761 0.204100608825684 0.201880410313606 0.199660211801529 0.196119353175163 0.188616514205933 0.181113675236702 0.173610836267471 0.166107997298241 0.15860515832901 0.151102319359779 0.143599480390549 0.142238482832909 0.142924770712852 0.143611058592796 0.14429734647274 0.144983634352684 0.145669922232628 0.146356210112572
-0.127773746848106 -0.084501214325428 -0.0412286818027496 0.00204384699463844 0.0453163757920265 0.0885889083147049 0.131861433386803 0.173866793513298 0.215449750423431 0.257032692432404 0.298615664243698 0.340198636054993 0.381781578063965 0.423364549875259 0.446496844291687 0.414277225732803 0.382057577371597 0.349837929010391 0.317618310451508 0.285398662090302 0.253179043531418 0.220959395170212 0.210599347949028 0.207525819540024 0.204452306032181 0.201378777623177 0.198305264115334 0.195231735706329 0.192158222198486 0.187939777970314 0.180286571383476 0.172633364796638 0.164980158209801 0.157326951622963 0.149673730134964 0.142020523548126 0.134367316961288 0.132267221808434 0.132018148899078 0.131769090890884 0.131520017981529 0.131270959973335 0.13102188706398 0.130772829055786
-0.125054717063904 -0.0830551311373711 -0.0410555452108383 0.000944041472394019 0.0429436303675175 0.0849432125687599 0.126942798495293 0.166622936725616 0.205529928207397 0.244436919689178 0.28334391117096 0.32225090265274 0.361157894134521 0.400064885616302 0.42224457859993 0.394242405891418 0.366240203380585 0.338238030672073 0.310235857963562 0.282233655452728 0.254231482744217 0.226229310035706 0.215446099638939 0.210402548313141 0.205359011888504 0.200315460562706 0.195271924138069 0.190228372812271 0.185184821486473 0.179430335760117 0.171542972326279 0.163655608892441 0.155768260359764 0.147880896925926 0.139993533492088 0.13210617005825 0.124218821525574 0.122317098081112 0.122410595417023 0.122504092752934 0.122597590088844 0.122691087424755 0.122784584760666 0.122878074645996
-0.122335702180862 -0.0816090553998947 -0.040882408618927 -0.000155764078954235 0.0405708812177181 0.0812975242733955 0.122024171054363 0.159379094839096 0.195610120892525 0.231841132044792 0.268072158098221 0.304303169250488 0.340534210205078 0.376765221357346 0.397992312908173 0.374207586050034 0.350422859191895 0.326638132333755 0.302853405475616 0.279068678617477 0.255283951759338 0.231499210000038 0.22029285132885 0.213279277086258 0.206265717744827 0.199252143502235 0.192238569259644 0.185225009918213 0.178211435675621 0.170920878648758 0.162799373269081 0.154677867889404 0.146556347608566 0.138434842228889 0.130313336849213 0.122191824018955 0.114070318639278 0.112366981804371 0.112803041934967 0.113239094614983 0.113675154745579 0.114111214876175 0.11454726755619 0.114983327686787
-0.11961667984724 -0.0801629722118378 -0.0407092720270157 -0.00125556963030249 0.0381981320679188 0.0776518359780312 0.117105536162853 0.152135252952576 0.185690298676491 0.219245359301567 0.252800405025482 0.286355465650558 0.319910496473312 0.353465557098389 0.373740017414093 0.354172766208649 0.334605485200882 0.315038204193115 0.295470952987671 0.275903671979904 0.256336390972137 0.236769124865532 0.225139603018761 0.216156005859375 0.20717242360115 0.198188826441765 0.189205229282379 0.180221632122993 0.171238049864769 0.16241143643856 0.154055774211884 0.145700111985207 0.13734444975853 0.128988802433014 0.120633132755756 0.11227747797966 0.103921815752983 0.10241686552763 0.103195488452911 0.103974103927612 0.104752719402313 0.105531342327595 0.106309957802296 0.107088580727577
-0.116897657513618 -0.0787168964743614 -0.0405361354351044 -0.00235537509433925 0.0358253829181194 0.0740061402320862 0.112186901271343 0.144891411066055 0.175770491361618 0.206649571657181 0.237528651952744 0.268407732248306 0.299286812543869 0.330165892839432 0.349487751722336 0.334137946367264 0.318788111209869 0.303438305854797 0.288088470697403 0.272738665342331 0.257388859987259 0.242039024829865 0.229986354708672 0.219032734632492 0.208079129457474 0.197125509381294 0.186171889305115 0.175218269228935 0.164264649152756 0.153901979327202 0.145312175154686 0.13672237098217 0.128132551908493 0.119542747735977 0.110952936112881 0.102363124489784 0.0937733128666878 0.0924667492508888 0.0935879275202751 0.0947091057896614 0.0958302915096283 0.0969514697790146 0.0980726480484009 0.0991938263177872
