data/working_set_collections/6091692-Cassins_Sparrow-M2/2000/echange_avg.asc
NCOLS 265 
NROWS 230 
XLLCORNER -115.5625 
YLLCORNER 24.8333333333333 
CELLSIZE 0.0833333333333333 
NODATA_value -9999 
[rows 57 to 75 of 230, columns 176 to 219 of 265]
0.114132799208164 0.115468867123127 0.11680493503809 0.117576964199543 0.116656877100468 0.115736797451973 0.114816710352898 0.113896623253822 0.112976543605328 0.112056456506252 0.111136376857758 0.111606031656265 0.112538933753967 0.11347184330225 0.114404745399952 0.115337654948235 0.116270557045937 0.117203459143639 0.117937684059143 0.118075869977474 0.118214048445225 0.118352234363556 0.118490412831306 0.118628591299057 0.118766777217388 0.118904955685139 0.119210913777351 0.119572803378105 0.119934685528278 0.120296567678452 0.120658457279205 0.121020339429379 0.121382221579552 0.122191555798054 0.124343231320381 0.126494914293289 0.128646582365036 0.130798265337944 0.132949933409691 0.135101616382599 0.137253299355507 0.139444768428802 0.141649499535561 0.143854230642319
0.113982826471329 0.114819914102554 0.11565700173378 0.115809515118599 0.113908305764198 0.112007096409798 0.110105887055397 0.108204677700996 0.106303468346596 0.104402258992195 0.102501049637794 0.102438814938068 0.102989576756954 0.10354033857584 0.104091100394726 0.104641862213612 0.105192624032497 0.105743378400803 0.106191642582417 0.106332391500473 0.10647314786911 0.106613896787167 0.106754653155804 0.106895409524441 0.107036158442497 0.107176914811134 0.108285307884216 0.10971624404192 0.111147180199623 0.112578116357327 0.11400905251503 0.115439988672733 0.116870924830437 0.118660718202591 0.121527060866356 0.124393410980701 0.127259746193886 0.130126103758812 0.132992446422577 0.135858789086342 0.138725131750107 0.141110688447952 0.143335968255997 0.145561248064041
0.113832846283913 0.114170953631401 0.114509060978889 0.114042058587074 0.111159726977348 0.108277395367622 0.105395056307316 0.10251272469759 0.0996303930878639 0.096748061478138 0.0938657224178314 0.0932716056704521 0.0934402197599411 0.0936088338494301 0.0937774553894997 0.0939460694789886 0.0941146835684776 0.0942832976579666 0.0944455936551094 0.0945889204740524 0.0947322472929955 0.0948755666613579 0.0950188934803009 0.0951622202992439 0.095305547118187 0.0954488664865494 0.0973596945405006 0.0998596847057343 0.102359674870968 0.104859665036201 0.107359655201435 0.109859645366669 0.112359635531902 0.115129880607128 0.118710890412331 0.122291907668114 0.125872924923897 0.129453927278519 0.133034944534302 0.136615961790085 0.140196979045868 0.142776593565941 0.145022422075272 0.147268250584602
0.112266167998314 0.112392768263817 0.112519361078739 0.111795507371426 0.108520269393921 0.105245038866997 0.101969800889492 0.0986945703625679 0.0954193323850632 0.0921440944075584 0.0888688638806343 0.0880298539996147 0.0880029276013374 0.0879759937524796 0.0879490599036217 0.0879221260547638 0.0878951996564865 0.0878682658076286 0.0878537595272064 0.0878765285015106 0.0878992900252342 0.0879220589995384 0.0879448279738426 0.0879675894975662 0.0879903584718704 0.0880131274461746 0.0904211103916168 0.0936241671442986 0.0968272313475609 0.100030288100243 0.103233344852924 0.106436401605606 0.109639465808868 0.113014914095402 0.11690753698349 0.120800167322159 0.124692790210247 0.128585413098335 0.132478043437004 0.136370673775673 0.140263289213181 0.142660275101662 0.14455871284008 0.146457150578499
0.109282784163952 0.10948534309864 0.10968790948391 0.109069846570492 0.105989933013916 0.102910026907921 0.0998301133513451 0.0967501997947693 0.0936702862381935 0.0905903726816177 0.087510459125042 0.0867135748267174 0.0866776928305626 0.0866418108344078 0.0866059213876724 0.0865700393915176 0.0865341573953629 0.0864982753992081 0.086416132748127 0.0861952155828476 0.0859742909669876 0.0857533663511276 0.0855324491858482 0.0853115245699883 0.0850905999541283 0.0848696827888489 0.0874695554375648 0.0910096988081932 0.0945498421788216 0.0980899855494499 0.101630128920078 0.105170272290707 0.108710415661335 0.112315826117992 0.116117008030415 0.119918189942837 0.123719371855259 0.127520546317101 0.131321728229523 0.135122910141945 0.138924092054367 0.140761718153954 0.141944825649261 0.143127933144569
0.10629940778017 0.106577925384045 0.106856450438499 0.106344193220139 0.103459604084492 0.100575014948845 0.0976904258131981 0.0948058292269707 0.0919212400913239 0.089036650955677 0.0861520618200302 0.0853972882032394 0.0853524580597878 0.0853076204657555 0.0852627903223038 0.0852179527282715 0.0851731225848198 0.0851282849907875 0.0849785134196281 0.0845139026641846 0.084049291908741 0.0835846811532974 0.0831200703978539 0.0826554596424103 0.0821908488869667 0.0817262381315231 0.0845180079340935 0.0883952304720879 0.0922724604606628 0.0961496904492378 0.100026920437813 0.103904150426388 0.107781372964382 0.111616730690002 0.115326471626759 0.119036212563515 0.12274594604969 0.126455679535866 0.130165427923203 0.133875161409378 0.137584894895554 0.138863176107407 0.139330953359604 0.139798730611801
0.103316031396389 0.103670507669449 0.104024991393089 0.103618532419205 0.100929267704487 0.098240002989769 0.0955507308244705 0.0928614661097527 0.0901721939444542 0.0874829292297363 0.0847936645150185 0.0840810090303421 0.0840272232890129 0.0839734375476837 0.0839196518063545 0.0838658660650253 0.0838120877742767 0.0837583020329475 0.0835408866405487 0.0828325897455215 0.0821242853999138 0.0814159885048866 0.0807076916098595 0.0799993872642517 0.0792910903692245 0.0785827934741974 0.0815664529800415 0.0857807621359825 0.0899950787425041 0.0942093953490257 0.0984237045049667 0.102638021111488 0.106852330267429 0.110917642712593 0.114535935223103 0.118154227733612 0.121772527694702 0.125390827655792 0.129009112715721 0.132627412676811 0.136245712637901 0.136964619159698 0.136717066168785 0.136469513177872
0.100332647562027 0.100763089954853 0.101193532347679 0.100892879068851 0.098398931324482 0.095904991030693 0.0934110432863235 0.090917095541954 0.0884231552481651 0.0859292075037956 0.0834352597594261 0.0827647224068642 0.0827019885182381 0.082639254629612 0.0825765132904053 0.0825137794017792 0.0824510455131531 0.082388311624527 0.0821032598614693 0.0811512768268585 0.0801992863416672 0.0792472958564758 0.0782953128218651 0.0773433223366737 0.0763913318514824 0.0754393488168716 0.0786148980259895 0.0831662937998772 0.0877176970243454 0.092269092798233 0.0968204885721207 0.101371891796589 0.105923287570477 0.110218547284603 0.113745398819447 0.11727225035429 0.120799101889133 0.124325953423977 0.127852812409401 0.131379663944244 0.134906515479088 0.13506606221199 0.134103178977966 0.133140295743942
0.0973492711782455 0.0978556722402573 0.098362073302269 0.0981672257184982 0.0958686023950577 0.0935699790716171 0.0912713557481766 0.088972732424736 0.0866741091012955 0.0843754857778549 0.0820768624544144 0.0814484432339668 0.0813767537474632 0.0813050642609596 0.0812333822250366 0.081161692738533 0.08109001070261 0.0810183212161064 0.0806656405329704 0.0794699639081955 0.0782742872834206 0.0770786106586456 0.0758829340338707 0.0746872574090958 0.0734915807843208 0.0722959041595459 0.0756633430719376 0.0805518254637718 0.0854403153061867 0.0903287976980209 0.0952172800898552 0.100105762481689 0.104994244873524 0.109519459307194 0.112954869866371 0.116390272974968 0.119825683534145 0.123261086642742 0.12669649720192 0.130131900310516 0.133567318320274 0.133167505264282 0.131489291787148 0.129811078310013
0.0955074355006218 0.0959039330482483 0.0963004380464554 0.0960389152169228 0.0938033238053322 0.0915677323937416 0.089332140982151 0.087096557021141 0.0848609656095505 0.0826253741979599 0.0803897827863693 0.079730711877346 0.079597145318985 0.0794635787606239 0.0793300122022629 0.0791964456439018 0.0790628865361214 0.0789293199777603 0.0785023793578148 0.0771953240036964 0.0758882611989975 0.0745812058448792 0.0732741504907608 0.0719670951366425 0.0706600323319435 0.0693529769778252 0.0729881376028061 0.0782707035541534 0.0835532695055008 0.0888358354568481 0.0941184014081955 0.0994009673595428 0.10468353331089 0.109420068562031 0.112518504261971 0.115616947412491 0.118715383112431 0.121813826262951 0.124912261962891 0.128010705113411 0.131109148263931 0.130303516983986 0.128196537494659 0.126089558005333
0.0948071405291557 0.0949078798294067 0.0950086116790771 0.0945079475641251 0.0922031030058861 0.0898982584476471 0.0875934138894081 0.0852885693311691 0.0829837247729301 0.0806788802146912 0.0783740356564522 0.077611543238163 0.0773631706833839 0.0771147981286049 0.0768664181232452 0.0766180455684662 0.0763696730136871 0.0761212930083275 0.075613483786583 0.0743273496627808 0.0730412229895592 0.0717550963163376 0.0704689621925354 0.0691828355193138 0.0678967013955116 0.06661057472229 0.0705892741680145 0.0763229206204414 0.0820565670728683 0.0877902060747147 0.0935238525271416 0.0992574989795685 0.104991145431995 0.109920367598534 0.112436316907406 0.114952266216278 0.11746821552515 0.119984164834023 0.122500114142895 0.125016063451767 0.127532005310059 0.126474112272263 0.124224923551083 0.121975734829903
0.0941068530082703 0.0939118191599846 0.0937167853116989 0.0929769799113274 0.09060288220644 0.0882287845015526 0.0858546867966652 0.0834805816411972 0.0811064839363098 0.0787323862314224 0.076358288526535 0.07549237459898 0.0751291885972023 0.0747660100460052 0.0744028240442276 0.07403963804245 0.0736764594912529 0.0733132734894753 0.0727245882153511 0.0714593827724457 0.0701941847801208 0.0689289793372154 0.06766377389431 0.0663985759019852 0.0651333704590797 0.0638681724667549 0.068190410733223 0.0743751376867294 0.0805598646402359 0.0867445841431618 0.0929293110966682 0.0991140305995941 0.105298757553101 0.110420666635036 0.112354122102261 0.114287585020065 0.116221040487289 0.118154495954514 0.120087958872318 0.122021414339542 0.123954869806767 0.122644692659378 0.120253294706345 0.117861904203892
0.0934065580368042 0.0929157584905624 0.0924249589443207 0.0914460197091103 0.0890026614069939 0.0865593105554581 0.0841159522533417 0.0816726014018059 0.0792292430996895 0.0767858922481537 0.0743425339460373 0.0733732059597969 0.0728952139616013 0.0724172219634056 0.07193922996521 0.0714612379670143 0.0709832459688187 0.070505253970623 0.0698356926441193 0.0685914158821106 0.0673471391201019 0.0661028698086739 0.0648585930466652 0.0636143162846565 0.0623700395226479 0.0611257664859295 0.0657915472984314 0.0724273547530174 0.0790631547570229 0.0856989622116089 0.0923347622156143 0.0989705696702003 0.105606369674206 0.110920965671539 0.112271934747696 0.113622903823853 0.114973865449429 0.116324834525585 0.117675803601742 0.119026772677898 0.120377734303474 0.118815280497074 0.116281673312187 0.113748073577881
0.0927062705159187 0.0919196978211403 0.0911331325769424 0.0899150520563126 0.0874024406075478 0.0848898366093636 0.0823772251605988 0.079864613711834 0.0773520022630692 0.074839398264885 0.0723267868161201 0.0712540373206139 0.0706612318754196 0.070068433880806 0.0694756358861923 0.0688828304409981 0.0682900324463844 0.0676972344517708 0.0669467970728874 0.0657234489917755 0.0645001009106636 0.0632767528295517 0.0620534047484398 0.0608300566673279 0.059606708586216 0.0583833605051041 0.0633926838636398 0.0704795718193054 0.0775664523243904 0.0846533328294754 0.091740220785141 0.098827101290226 0.105913981795311 0.111421264708042 0.112189739942551 0.11295822262764 0.113726697862148 0.114495173096657 0.115263648331165 0.116032123565674 0.116800598800182 0.11498586088419 0.11231005191803 0.10963424295187
0.0920059755444527 0.0909236371517181 0.0898413062095642 0.0883840844035149 0.0858022198081017 0.0832203552126884 0.0806384906172752 0.0780566334724426 0.0754747688770294 0.0728929042816162 0.070311039686203 0.0691348612308502 0.0684272572398186 0.0677196457982063 0.0670120418071747 0.0663044303655624 0.0655968189239502 0.0648892149329185 0.0640579015016556 0.0628554821014404 0.0616530627012253 0.0604506395757198 0.0592482201755047 0.0580458007752895 0.0568433776497841 0.0556409582495689 0.0609938241541386 0.0685317888855934 0.076069749891758 0.0836077108979225 0.0911456719040871 0.0986836403608322 0.106221601366997 0.111921563744545 0.112107552587986 0.112293541431427 0.112479522824287 0.112665511667728 0.112851493060589 0.11303748190403 0.11322346329689 0.111156448721886 0.108338430523872 0.10552041977644
0.0899199172854424 0.088497169315815 0.0870744213461876 0.0854032337665558 0.0829867422580719 0.080570250749588 0.0781537592411041 0.0757372677326202 0.0733207762241364 0.0709042847156525 0.0684877932071686 0.067380778491497 0.0667102634906769 0.0660397410392761 0.0653692185878754 0.0646986961364746 0.0640281811356544 0.0633576586842537 0.0625882670283318 0.0615222603082657 0.0604562535881996 0.0593902468681335 0.0583242401480675 0.0572582334280014 0.0561922267079353 0.0551262199878693 0.0605271495878696 0.068083718419075 0.0756402909755707 0.0831968635320663 0.090753436088562 0.0983100086450577 0.105866581201553 0.111518181860447 0.111454851925373 0.111391521990299 0.111328199505806 0.111264869570732 0.111201539635658 0.111138209700584 0.111074887216091 0.108944125473499 0.106124229729176 0.103304326534271
0.0864481031894684 0.0846402868628502 0.0828324779868126 0.0809725001454353 0.0789560079574585 0.0769395157694817 0.0749230235815048 0.072906531393528 0.0708900392055511 0.0688735470175743 0.0668570548295975 0.0659917816519737 0.0655102431774139 0.0650287121534348 0.064547173678875 0.0640656426548958 0.063584104180336 0.0631025731563568 0.062537893652916 0.0617237873375416 0.0609096810221672 0.0600955747067928 0.0592814683914185 0.0584673658013344 0.05765325948596 0.0568391531705856 0.0619926601648331 0.0691353753209114 0.0762780904769897 0.0834207981824875 0.0905635133385658 0.0977062284946442 0.104848936200142 0.110211111605167 0.110231645405293 0.110252179205418 0.110272713005543 0.110293246805668 0.110313780605793 0.110334321856499 0.110354855656624 0.10834889113903 0.105667434632778 0.102985978126526
0.0829762816429138 0.080783411860466 0.0785905420780182 0.0765417665243149 0.0749252736568451 0.0733087807893753 0.0716922879219055 0.0700757950544357 0.0684593021869659 0.0668428093194962 0.0652263164520264 0.0646027848124504 0.0643102303147316 0.0640176832675934 0.0637251362204552 0.0634325817227364 0.0631400346755981 0.0628474801778793 0.0624875202775002 0.0619253143668175 0.0613631084561348 0.0608009025454521 0.0602387003600597 0.0596764944493771 0.0591142885386944 0.0585520826280117 0.0634581744670868 0.0701870247721672 0.0769158825278282 0.0836447328329086 0.0903735905885696 0.09710244089365 0.103831298649311 0.108904033899307 0.109008431434631 0.109112828969955 0.10921722650528 0.109321631491184 0.109426029026508 0.109530426561832 0.109634824097157 0.107753664255142 0.105210646986961 0.102667629718781
0.0795044600963593 0.0769265294075012 0.0743485987186432 0.0721110254526138 0.0708945319056511 0.069678045809269 0.0684615522623062 0.0672450587153435 0.0660285651683807 0.064812071621418 0.0635955780744553 0.0632137879729271 0.0631102174520493 0.063006654381752 0.0629030913114548 0.0627995282411575 0.0626959577202797 0.0625923946499825 0.0624371469020844 0.0621268413960934 0.0618165358901024 0.0615062303841114 0.0611959286034107 0.0608856230974197 0.0605753175914288 0.0602650120854378 0.0649236813187599 0.071238674223423 0.0775536745786667 0.0838686674833298 0.0901836603879929 0.096498653292656 0.1028136536479 0.107596963644028 0.107785224914551 0.107973486185074 0.108161747455597 0.10835000872612 0.108538269996643 0.108726531267166 0.108914792537689 0.107158429920673 0.104753851890564 0.102349281311035
