data/working_set_collections/6091692-Cassins_Sparrow-M2/2000/eflux_avg.asc
NCOLS 265 
NROWS 230 
XLLCORNER -115.5625 
YLLCORNER 24.8333333333333 
CELLSIZE 0.0833333333333333 
NODATA_value -9999 
[rows 60 to 79 of 230, columns 138 to 183 of 265]
26.9726696014404 26.8008785247803 26.6290874481201 26.4572944641113 26.4706401824951 26.5456981658936 26.6207542419434 26.6958122253418 26.7708702087402 26.84592628479 26.9209842681885 27.0738658905029 27.4602184295654 27.8465709686279 28.2329235076904 28.6192779541016 29.0056304931641 29.3919830322266 29.7783355712891 30.2383480072021 30.7229099273682 31.2074737548828 31.6920375823975 32.1766014099121 32.6611633300781 33.1457252502441 33.5374336242676 33.650577545166 33.7637214660645 33.8768653869629 33.9900093078613 34.1031532287598 34.2162971496582 34.3294410705566 34.5519218444824 34.8108558654785 35.0697860717773 35.3287162780762 35.587646484375 35.8465805053711 36.1055107116699 36.4420776367188 37.0115547180176 37.5810279846191 38.150505065918 38.7199783325195
26.5357131958008 26.3640155792236 26.1923179626465 26.0206203460693 26.0525608062744 26.152379989624 26.2521991729736 26.3520202636719 26.4518394470215 26.5516605377197 26.6514797210693 26.8344039916992 27.2666416168213 27.6988792419434 28.1311149597168 28.5633525848389 28.9955902099609 29.427827835083 29.8600635528564 30.3473472595215 30.8529796600342 31.3586120605469 31.8642444610596 32.3698768615723 32.8755073547363 33.3811416625977 33.78955078125 33.9063034057617 34.0230522155762 34.1398010253906 34.2565498352051 34.3733024597168 34.4900512695312 34.6068000793457 34.8240547180176 35.0748100280762 35.3255653381348 35.5763168334961 35.8270721435547 36.0778274536133 36.3285827636719 36.6565132141113 37.2159805297852 37.775447845459 38.3349151611328 38.8943824768066
26.0987548828125 25.927152633667 25.7555484771729 25.5839443206787 25.6344795227051 25.7590618133545 25.8836460113525 26.008228302002 26.1328105926514 26.2573928833008 26.3819751739502 26.5949440002441 27.0730648040771 27.5511856079102 28.0293064117432 28.5074291229248 28.9855499267578 29.4636707305908 29.9417915344238 30.4563484191895 30.9830493927002 31.5097503662109 32.036449432373 32.5631523132324 33.0898551940918 33.6165542602539 34.0416679382324 34.1620254516602 34.2823829650879 34.4027366638184 34.5230941772461 34.6434516906738 34.7638053894043 34.884162902832 35.0961837768555 35.3387641906738 35.5813407897949 35.8239212036133 36.0664978027344 36.3090744018555 36.5516548156738 36.8709526062012 37.42041015625 37.9698677062988 38.5193252563477 39.0687828063965
25.6617984771729 25.4902877807617 25.3187789916992 25.1472682952881 25.2164001464844 25.3657455444336 25.5150909423828 25.664436340332 25.8137817382812 25.9631271362305 26.1124725341797 26.3554821014404 26.879487991333 27.4034938812256 27.9274978637695 28.4515037536621 28.9755096435547 29.4995136260986 30.0235195159912 30.5653476715088 31.1131191253662 31.660888671875 32.2086601257324 32.7564277648926 33.30419921875 33.8519668579102 34.2937850952148 34.4177474975586 34.5417098999023 34.6656723022461 34.7896347045898 34.9135971069336 35.0375595092773 35.1615219116211 35.3683166503906 35.6027183532715 35.8371200561523 36.0715217590332 36.3059234619141 36.5403251647949 36.7747268676758 37.085391998291 37.6248397827148 38.1642875671387 38.7037353515625 39.2431831359863
25.2248420715332 25.0534248352051 24.8820095062256 24.7105922698975 24.798318862915 24.9724273681641 25.1465358734131 25.3206443786621 25.4947509765625 25.6688594818115 25.8429679870605 26.1160221099854 26.6859111785889 27.2558002471924 27.8256893157959 28.3955783843994 28.9654693603516 29.5353584289551 30.1052474975586 30.6743488311768 31.2431869506836 31.8120269775391 32.3808670043945 32.9497032165527 33.5185432434082 34.0873832702637 34.5459022521973 34.6734733581543 34.8010406494141 34.9286117553711 35.0561790466309 35.1837463378906 35.3113174438477 35.4388847351074 35.6404457092285 35.8666725158691 36.0928955078125 36.3191223144531 36.5453491210938 36.7715721130371 36.9977989196777 37.2998275756836 37.8292655944824 38.3587074279785 38.8881454467773 39.4175834655762
24.7878856658936 24.6165618896484 24.445240020752 24.2739162445068 24.3802394866943 24.5791091918945 24.7779808044434 24.9768524169922 25.1757221221924 25.3745937347412 25.5734634399414 25.8765602111816 26.4923343658447 27.1081066131592 27.7238807678223 28.3396549224854 28.9554271697998 29.5712013244629 30.186975479126 30.7833499908447 31.3732566833496 31.9631652832031 32.5530738830566 33.1429786682129 33.7328872680664 34.3227958679199 34.7980194091797 34.9291954040527 35.0603713989258 35.1915473937988 35.3227195739746 35.4538955688477 35.5850715637207 35.7162475585938 35.9125785827637 36.1306266784668 36.3486747741699 36.566722869873 36.7847747802734 37.0028228759766 37.2208709716797 37.5142669677734 38.0336952209473 38.5531272888184 39.0725555419922 39.5919876098633
24.5811824798584 24.4003524780273 24.2195224761963 24.0386924743652 24.1578845977783 24.377082824707 24.5962829589844 24.8154811859131 25.0346813201904 25.2538795471191 25.4730777740479 25.8031253814697 26.4657154083252 27.128303527832 27.7908935546875 28.453483581543 29.1160717010498 29.7786617279053 30.4412517547607 31.0526485443115 31.6469821929932 32.2413139343262 32.8356475830078 33.4299812316895 34.0243148803711 34.6186485290527 35.0982971191406 35.2338905334473 35.3694839477539 35.5050735473633 35.6406669616699 35.7762603759766 35.9118499755859 36.0474433898926 36.2338943481445 36.4372978210449 36.6407012939453 36.8441047668457 37.0475082397461 37.2509117126465 37.4543151855469 37.7331008911133 38.238037109375 38.742977142334 39.247917175293 39.7528533935547
24.6047325134277 24.4047946929932 24.2048568725586 24.004919052124 24.1312561035156 24.3663482666016 24.6014404296875 24.8365345001221 25.071626663208 25.3067188262939 25.5418128967285 25.895715713501 26.6060523986816 27.3163890838623 28.0267276763916 28.7370643615723 29.4474010467529 30.1577377319336 30.8680744171143 31.4822463989258 32.0643615722656 32.6464767456055 33.2285957336426 33.8107109069824 34.3928260803223 34.9749450683594 35.4467353820801 35.5875549316406 35.7283744812012 35.8691940307617 36.0100135803223 36.1508369445801 36.2916564941406 36.4324760437012 36.6043968200684 36.7866859436035 36.9689712524414 37.1512603759766 37.3335494995117 37.5158386230469 37.6981239318848 37.9563331604004 38.4422950744629 38.9282608032227 39.4142227172852 39.9001884460449
24.6282825469971 24.409236907959 24.1901931762695 23.9711475372314 24.1046257019043 24.3556118011475 24.6065998077393 24.8575859069824 25.1085720062256 25.3595600128174 25.6105461120605 25.9883079528809 26.7463912963867 27.5044765472412 28.2625598907471 29.0206451416016 29.7787284851074 30.5368137359619 31.2948970794678 31.9118423461914 32.4817428588867 33.0516395568848 33.6215400695801 34.1914405822754 34.7613372802734 35.3312377929688 35.7951736450195 35.941219329834 36.0872688293457 36.2333145141602 36.3793640136719 36.5254096984863 36.671459197998 36.8175048828125 36.9748992919922 37.1360702514648 37.2972450256348 37.4584197998047 37.6195907592773 37.7807655334473 37.9419364929199 38.1795654296875 38.6465530395508 39.1135406494141 39.5805320739746 40.0475196838379
24.6518325805664 24.4136810302734 24.1755275726318 23.9373741149902 24.0779972076416 24.344877243042 24.6117572784424 24.8786373138428 25.1455192565918 25.4123992919922 25.6792793273926 26.0808982849121 26.8867301940918 27.6925621032715 28.4983940124512 29.3042259216309 30.1100578308105 30.9158897399902 31.7217216491699 32.3414421081543 32.8991241455078 33.4568023681641 34.0144844055176 34.5721664428711 35.1298484802246 35.6875305175781 36.143611907959 36.2948875427246 36.446159362793 36.5974349975586 36.7487106323242 36.8999862670898 37.0512619018555 37.2025375366211 37.345401763916 37.4854583740234 37.6255187988281 37.7655754089355 37.905632019043 38.0456924438477 38.1857490539551 38.4027976989746 38.8508110046387 39.2988243103027 39.7468376159668 40.1948547363281
24.6753826141357 24.4181232452393 24.1608619689941 23.903600692749 24.0513668060303 24.3341407775879 24.6169166564941 24.8996906280518 25.1824645996094 25.465238571167 25.7480144500732 26.1734886169434 27.0270690917969 27.8806476593018 28.7342281341553 29.5878067016602 30.4413871765137 31.2949657440186 32.1485443115234 32.7710380554199 33.3165016174316 33.8619651794434 34.4074325561523 34.9528961181641 35.4983596801758 36.0438232421875 36.4920463562012 36.648551940918 36.8050537109375 36.961555480957 37.1180610656738 37.2745628356934 37.4310684204102 37.5875701904297 37.7159042358398 37.834846496582 37.9537887573242 38.0727310180664 38.1916770935059 38.310619354248 38.4295616149902 38.6260299682617 39.0550689697266 39.4841079711914 39.9131469726562 40.3421859741211
24.6989345550537 24.4225654602051 24.1461963653564 23.8698291778564 24.0247383117676 24.3234062194824 24.6220741271973 24.9207420349121 25.219409942627 25.5180797576904 25.8167476654053 26.2660808563232 27.167407989502 28.068733215332 28.9700603485107 29.8713874816895 30.7727146148682 31.6740417480469 32.575366973877 33.2006340026855 33.7338829040527 34.2671279907227 34.8003768920898 35.3336219787598 35.866870880127 36.4001159667969 36.8404846191406 37.0022163391113 37.163948059082 37.3256759643555 37.4874076843262 37.6491394042969 37.8108711242676 37.9726028442383 38.0864067077637 38.1842346191406 38.2820625305176 38.3798904418945 38.4777183532715 38.5755462646484 38.6733741760254 38.8492622375488 39.2593269348145 39.6693916320801 40.0794563293457 40.4895210266113
24.8868255615234 24.5913944244385 24.2959632873535 24.0005321502686 24.1594009399414 24.469705581665 24.78000831604 25.0903129577637 25.4006156921387 25.7109203338623 26.0212230682373 26.4852104187012 27.410249710083 28.3352870941162 29.2603244781494 30.1853618621826 31.1103992462158 32.0354385375977 32.9604759216309 33.5996208190918 34.1434669494629 34.6873168945312 35.2311630249023 35.7750129699707 36.3188591003418 36.8627052307129 37.307918548584 37.4572334289551 37.6065444946289 37.7558555603027 37.9051704406738 38.0544815063477 38.2037963867188 38.3531074523926 38.4569091796875 38.545539855957 38.6341705322266 38.7228012084961 38.8114318847656 38.9000663757324 38.988697052002 39.1514854431152 39.536750793457 39.9220161437988 40.3072814941406 40.6925468444824
25.2390613555908 24.9246101379395 24.6101608276367 24.295711517334 24.455358505249 24.7730388641357 25.0907211303711 25.4084014892578 25.7260818481445 26.0437622070312 26.361442565918 26.8308811187744 27.75559425354 28.680305480957 29.6050186157227 30.5297298431396 31.4544410705566 32.3791542053223 33.3038673400879 33.9679946899414 34.5452613830566 35.1225242614746 35.6997909545898 36.2770576477051 36.8543243408203 37.4315910339355 37.8943519592285 38.013599395752 38.1328468322754 38.2520942687988 38.3713455200195 38.490592956543 38.6098403930664 38.7290878295898 38.8274116516113 38.9187660217285 39.0101165771484 39.1014709472656 39.1928215026855 39.2841758728027 39.3755264282227 39.5326995849609 39.8873405456543 40.2419815063477 40.596622467041 40.9512634277344
25.5912952423096 25.2578258514404 24.9243583679199 24.5908889770508 24.7513160705566 25.0763740539551 25.4014320373535 25.726490020752 26.0515460968018 26.3766040802002 26.7016620635986 27.1765518188477 28.1009387969971 29.0253257751465 29.9497108459473 30.8740978240967 31.7984828948975 32.7228698730469 33.6472549438477 34.3363647460938 34.9470520019531 35.5577354431152 36.1684226989746 36.7791061401367 37.3897895812988 38.0004768371582 38.480785369873 38.5699691772461 38.6591529846191 38.7483329772949 38.837516784668 38.926700592041 39.0158843994141 39.1050682067871 39.1979179382324 39.2919921875 39.3860626220703 39.4801368713379 39.5742111206055 39.668285369873 39.7623596191406 39.9139175415039 40.2379341125488 40.5619506835938 40.8859672546387 41.2099838256836
25.9435291290283 25.5910415649414 25.2385559082031 24.8860683441162 25.0472736358643 25.3797073364258 25.7121429443359 26.0445766448975 26.3770122528076 26.7094478607178 27.0418815612793 27.5222225189209 28.4462833404541 29.3703441619873 30.2944049835205 31.2184638977051 32.1425247192383 33.0665855407715 33.9906463623047 34.7047386169434 35.3488426208496 35.9929466247559 36.6370506286621 37.2811546325684 37.9252586364746 38.5693626403809 39.0672187805176 39.126335144043 39.1854553222656 39.244571685791 39.3036918640137 39.3628082275391 39.4219284057617 39.4810447692871 39.5684204101562 39.6652145385742 39.7620124816895 39.8588066101074 39.9556007385254 40.0523948669434 40.1491889953613 40.2951316833496 40.5885238647461 40.8819160461426 41.1753082275391 41.4687004089355
26.2957630157471 25.924259185791 25.5527534484863 25.1812477111816 25.3432292938232 25.6830425262451 26.0228538513184 26.3626651763916 26.7024784088135 27.0422897338867 27.38210105896 27.8678932189941 28.7916278839111 29.7153625488281 30.6390972137451 31.5628318786621 32.4865684509277 33.4103012084961 34.3340377807617 35.073112487793 35.7506332397461 36.4281578063965 37.1056785583496 37.783203125 38.4607238769531 39.1382446289062 39.6536521911621 39.6827049255371 39.7117576599121 39.7408103942871 39.7698669433594 39.7989196777344 39.8279724121094 39.8570251464844 39.9389266967773 40.0384407043457 40.1379585266113 40.2374725341797 40.3369903564453 40.4365043640137 40.5360221862793 40.6763496398926 40.9391174316406 41.2018852233887 41.4646530151367 41.7274208068848
26.6479988098145 26.257474899292 25.8669509887695 25.4764270782471 25.6391868591309 25.9863758087158 26.3335647583008 26.6807537078857 27.0279426574707 27.3751316070557 27.7223205566406 28.2135639190674 29.1369724273682 30.0603828430176 30.9837913513184 31.9071998596191 32.8306083679199 33.7540168762207 34.6774253845215 35.4414863586426 36.1524238586426 36.8633651733398 37.5743064880371 38.2852478027344 38.9961891174316 39.7071304321289 40.2400856018066 40.2390747070312 40.2380599975586 40.2370491027832 40.2360382080078 40.2350273132324 40.234016418457 40.2330055236816 40.3094291687012 40.4116668701172 40.5139045715332 40.6161422729492 40.7183799743652 40.820613861084 40.9228515625 41.0575637817383 41.2897071838379 41.5218505859375 41.7539939880371 41.9861373901367
26.9681968688965 26.5806484222412 26.1931018829346 25.8055534362793 25.9703311920166 26.3192195892334 26.6681060791016 27.0169925689697 27.3658790588379 27.7147674560547 28.0636539459229 28.5458831787109 29.4281425476074 30.3104000091553 31.1926593780518 32.0749168395996 32.9571762084961 33.8394355773926 34.7216911315918 35.4902114868164 36.220817565918 36.9514198303223 37.6820259094238 38.4126319885254 39.143238067627 39.8738403320312 40.4129066467285 40.3773498535156 40.3417930603027 40.3062400817871 40.2706832885742 40.2351264953613 40.1995697021484 40.1640129089355 40.2612686157227 40.4027900695801 40.5443115234375 40.6858329772949 40.8273544311523 40.9688758850098 41.1103973388672 41.271614074707 41.4919128417969 41.7122116088867 41.9325103759766 42.1528091430664
27.2563591003418 26.8937816619873 26.5312061309814 26.168628692627 26.3366641998291 26.6815700531006 27.0264759063721 27.3713817596436 27.716287612915 28.0611934661865 28.406099319458 28.8648509979248 29.6651344299316 30.4654178619385 31.2657012939453 32.0659828186035 32.866268157959 33.6665496826172 34.4668350219727 35.2192916870117 35.9558067321777 36.6923179626465 37.4288330078125 38.1653480529785 38.9018630981445 39.6383781433105 40.172119140625 40.0975379943848 40.0229568481445 39.9483757019043 39.8737945556641 39.7992134094238 39.7246322631836 39.6500511169434 39.79443359375 40.0118064880371 40.229175567627 40.4465446472168 40.6639137268066 40.8812828063965 41.0986518859863 41.318489074707 41.545726776123 41.7729606628418 42.0001983642578 42.2274322509766
