data/working_set_collections/6091692-Cassins_Sparrow-M2/2000/eflux_avg.asc
NCOLS 265 
NROWS 230 
XLLCORNER -115.5625 
YLLCORNER 24.8333333333333 
CELLSIZE 0.0833333333333333 
NODATA_value -9999 
[rows 80 to 99 of 230, columns 0 to 45 of 265]
10.5074396133423 10.7277069091797 10.9479742050171 11.1682424545288 11.3885097503662 11.6087770462036 11.8290452957153 12.2306270599365 12.6926469802856 13.1546678543091 13.6166877746582 14.0787086486816 14.5407285690308 15.0027494430542 15.4418277740479 15.8120803833008 16.1823329925537 16.5525856018066 16.9228382110596 17.2930927276611 17.6633453369141 18.033597946167 18.4348373413086 18.8464069366455 19.2579765319824 19.6695461273193 20.0811157226562 20.4926853179932 20.9042549133301 21.2766437530518 21.5314979553223 21.7863502502441 22.0412044525146 22.2960567474365 22.5509090423584 22.8057632446289 23.0606155395508 22.5835971832275 21.862621307373 21.1416435241699 20.4206676483154 19.6996917724609 18.9787158966064 18.2577381134033 17.5485992431641 16.8749732971191
10.3532772064209 10.548451423645 10.7436256408691 10.9387998580933 11.1339740753174 11.3291482925415 11.5243225097656 11.905463218689 12.3485918045044 12.7917213439941 13.2348499298096 13.6779794692993 14.1211080551147 14.5642375946045 14.9795188903809 15.31125831604 15.6429967880249 15.9747362136841 16.3064765930176 16.6382141113281 16.9699535369873 17.3016929626465 17.704776763916 18.1316394805908 18.5585041046143 18.9853668212891 19.4122314453125 19.8390941619873 20.2659587860107 20.6495666503906 20.9034042358398 21.1572437286377 21.4110813140869 21.6649208068848 21.9187602996826 22.1725978851318 22.4264373779297 21.969575881958 21.2758140563965 20.582052230835 19.8882904052734 19.1945304870605 18.500768661499 17.8070068359375 17.1346015930176 16.5262622833252
10.1991157531738 10.3691968917847 10.5392770767212 10.709358215332 10.8794384002686 11.0495195388794 11.2195997238159 11.5802984237671 12.0045366287231 12.4287738800049 12.8530120849609 13.2772493362427 13.7014875411987 14.1257247924805 14.5172100067139 14.810435295105 15.1036605834961 15.3968868255615 15.6901121139526 15.9833383560181 16.2765636444092 16.5697898864746 16.9747142791748 17.4168720245361 17.8590297698975 18.3011894226074 18.7433471679688 19.1855049133301 19.6276626586914 20.0224876403809 20.2753124237061 20.5281372070312 20.7809600830078 21.033784866333 21.2866096496582 21.5394325256348 21.79225730896 21.3555545806885 20.6890068054199 20.0224609375 19.3559150695801 18.6893692016602 18.0228214263916 17.3562755584717 16.7206020355225 16.1775493621826
10.0449542999268 10.18994140625 10.3349285125732 10.4799156188965 10.6249027252197 10.7698907852173 10.9148778915405 11.2551345825195 11.6604804992676 12.0658273696899 12.471173286438 12.8765201568604 13.2818660736084 13.6872129440308 14.0549001693726 14.3096122741699 14.5643243789673 14.8190364837646 15.073748588562 15.3284606933594 15.5831727981567 15.8378849029541 16.2446517944336 16.7021045684814 17.1595573425293 17.6170101165771 18.074462890625 18.5319156646729 18.9893684387207 19.3954105377197 19.6472187042236 19.8990287780762 20.1508388519287 20.4026489257812 20.6544589996338 20.9062690734863 21.1580791473389 20.7415313720703 20.102201461792 19.462869644165 18.8235378265381 18.1842079162598 17.5448760986328 16.9055442810059 16.306604385376 15.8288383483887
9.9481782913208 10.0683069229126 10.1884355545044 10.3085641860962 10.4286918640137 10.5488204956055 10.6689491271973 11.0020236968994 11.4060792922974 11.8101358413696 12.2141923904419 12.6182479858398 13.0223045349121 13.4263610839844 13.7877779006958 14.0212783813477 14.2547788619995 14.4882793426514 14.7217798233032 14.9552803039551 15.1887807846069 15.4222812652588 15.819619178772 16.2715702056885 16.7235202789307 17.1754703521729 17.6274223327637 18.0793724060059 18.5313243865967 18.9336929321289 19.1873226165771 19.4409503936768 19.694580078125 19.9482078552246 20.2018356323242 20.4554653167725 20.7090930938721 20.3220920562744 19.7215480804443 19.1210041046143 18.5204601287842 17.9199142456055 17.3193702697754 16.7188262939453 16.1568965911865 15.7108106613159
9.90878868103027 10.0042924880981 10.0997972488403 10.1953020095825 10.2908058166504 10.3863105773926 10.4818143844604 10.8209657669067 11.2413330078125 11.6617002487183 12.082067489624 12.5024347305298 12.9228019714355 13.3431692123413 13.7158422470093 13.9454326629639 14.1750240325928 14.4046144485474 14.634204864502 14.8637952804565 15.0933856964111 15.3229761123657 15.699613571167 16.1252670288086 16.5509185791016 16.9765720367432 17.4022254943848 17.8278770446777 18.2535305023193 18.6373405456543 18.8956203460693 19.1539001464844 19.412181854248 19.6704616546631 19.9287414550781 20.1870231628418 20.4453029632568 20.0972347259521 19.5470485687256 18.9968643188477 18.4466781616211 17.8964920043945 17.3463077545166 16.79612159729 16.2714786529541 15.82346534729
9.86939907073975 9.94027900695801 10.0111589431763 10.0820398330688 10.1529197692871 10.2237997055054 10.294680595398 10.6399087905884 11.0765867233276 11.5132656097412 11.9499435424805 12.3866214752197 12.8233003616333 13.2599782943726 13.6439065933228 13.8695878982544 14.0952682495117 14.320948600769 14.5466299057007 14.772310256958 14.9979906082153 15.223671913147 15.579607963562 15.9789628982544 16.3783187866211 16.7776718139648 17.1770267486572 17.5763816833496 17.975736618042 18.3409862518311 18.6039180755615 18.8668518066406 19.1297836303711 19.3927154541016 19.6556491851807 19.9185810089111 20.1815128326416 19.8723754882812 19.3725490570068 18.8727226257324 18.372896194458 17.8730697631836 17.3732433319092 16.8734169006348 16.3860626220703 15.9361209869385
9.8300085067749 9.87626457214355 9.92252159118652 9.96877765655518 10.0150337219238 10.0612897872925 10.1075458526611 10.45885181427 10.9118404388428 11.3648300170898 11.8178195953369 12.2708082199097 12.7237977981567 13.1767864227295 13.5719709396362 13.7937421798706 14.015513420105 14.237283706665 14.4590549468994 14.6808252334595 14.9025964736938 15.1243667602539 15.459602355957 15.8326597213745 16.205717086792 16.5787734985352 16.9518299102783 17.3248882293701 17.6979446411133 18.0446338653564 18.3122177124023 18.5798015594482 18.8473854064941 19.11496925354 19.3825550079346 19.6501388549805 19.9177227020264 19.647518157959 19.1980514526367 18.7485828399658 18.2991161346436 17.8496475219727 17.4001808166504 16.9507122039795 16.5006446838379 16.0487766265869
9.79061889648438 9.81225109100342 9.83388328552246 9.8555154800415 9.87714672088623 9.89877891540527 9.92041110992432 10.2777938842773 10.7470941543579 11.2163944244385 11.685694694519 12.1549949645996 12.6242952346802 13.0935955047607 13.5000352859497 13.7178964614868 13.9357576370239 14.153618812561 14.3714799880981 14.5893402099609 14.807201385498 15.0250625610352 15.339596748352 15.6863565444946 16.0331153869629 16.3798732757568 16.7266330718994 17.073392868042 17.4201507568359 17.7482795715332 18.0205154418945 18.2927513122559 18.5649871826172 18.8372249603271 19.1094608306885 19.3816967010498 19.6539325714111 19.4226608276367 19.023551940918 18.6244430541992 18.2253341674805 17.8262252807617 17.427116394043 17.0280075073242 16.6152267456055 16.1614303588867
9.75122928619385 9.74823760986328 9.7452449798584 9.74225330352783 9.73926067352295 9.73626899719238 9.7332763671875 10.096736907959 10.582347869873 11.0679588317871 11.5535707473755 12.0391817092896 12.5247926712036 13.0104036331177 13.4281005859375 13.6420516967773 13.8560028076172 14.069953918457 14.2839050292969 14.4978561401367 14.7118072509766 14.9257583618164 15.2195920944214 15.5400524139404 15.8605136871338 16.1809749603271 16.5014362335205 16.8218975067139 17.1423587799072 17.45192527771 17.7288131713867 18.0057029724121 18.2825908660889 18.5594787597656 18.8363666534424 19.1132545471191 19.3901424407959 19.1978015899658 18.8490524291992 18.5003032684326 18.1515522003174 17.8028030395508 17.4540538787842 17.1053028106689 16.7298107147217 16.2740859985352
9.80062294006348 9.80188369750977 9.80314445495605 9.80440521240234 9.80566596984863 9.80692672729492 9.80818748474121 10.2152156829834 10.7575006484985 11.2997856140137 11.8420705795288 12.3843555450439 12.9266405105591 13.4689245223999 13.9123439788818 14.0591678619385 14.2059907913208 14.3528146743774 14.4996385574341 14.6464614868164 14.793285369873 14.9401082992554 15.2016468048096 15.5014238357544 15.8012008666992 16.1009769439697 16.4007549285889 16.7005310058594 17.0003089904785 17.2983703613281 17.591287612915 17.8842029571533 18.1771202087402 18.4700374603271 18.7629528045654 19.0558700561523 19.3487854003906 19.1969013214111 18.8967514038086 18.5965995788574 18.2964477539062 17.9962978363037 17.6961460113525 17.3959941864014 17.0474109649658 16.5535316467285
9.93879890441895 9.97318935394287 10.0075798034668 10.0419702529907 10.076361656189 10.1107521057129 10.1451425552368 10.6332311630249 11.2725524902344 11.9118738174438 12.551194190979 13.1905155181885 13.829836845398 14.4691581726074 14.9527683258057 14.9692468643188 14.9857244491577 15.0022020339966 15.0186796188354 15.0351581573486 15.0516357421875 15.0681133270264 15.2857627868652 15.5704698562622 15.8551759719849 16.1398830413818 16.4245891571045 16.7092971801758 16.9940032958984 17.2876129150391 17.6079349517822 17.9282569885254 18.2485771179199 18.5688991546631 18.8892211914062 19.2095413208008 19.5298633575439 19.4199600219727 19.1666469573975 18.9133338928223 18.6600208282471 18.4067077636719 18.1533946990967 17.9000816345215 17.5680294036865 16.9997673034668
10.0769748687744 10.144495010376 10.2120161056519 10.2795362472534 10.3470573425293 10.4145774841309 10.4820976257324 11.0512466430664 11.7876033782959 12.5239610671997 13.2603187561035 13.9966764450073 14.7330341339111 15.4693918228149 15.9931926727295 15.8793249130249 15.7654571533203 15.6515893936157 15.5377216339111 15.4238538742065 15.309986114502 15.1961183547974 15.3698787689209 15.6395149230957 15.9091520309448 16.1787872314453 16.4484233856201 16.7180614471436 16.9876976013184 17.27685546875 17.6245822906494 17.9723091125488 18.3200359344482 18.667760848999 19.0154876708984 19.3632144927979 19.7109413146973 19.6430168151855 19.4365425109863 19.2300662994385 19.0235919952393 18.81711769104 18.6106414794922 18.404167175293 18.0886497497559 17.4460029602051
10.2151508331299 10.3158016204834 10.4164514541626 10.5171022415161 10.6177520751953 10.7184028625488 10.8190536499023 11.4692611694336 12.3026552200317 13.1360492706299 13.969443321228 14.8028373718262 15.6362314224243 16.4696254730225 17.0336170196533 16.7894039154053 16.5451908111572 16.3009777069092 16.0567646026611 15.8125505447388 15.5683374404907 15.3241233825684 15.4539947509766 15.7085609436035 15.9631271362305 16.2176933288574 16.4722595214844 16.7268257141113 16.9813919067383 17.2660980224609 17.6412296295166 18.0163612365723 18.3914928436279 18.7666244506836 19.1417560577393 19.5168876647949 19.8920192718506 19.8660736083984 19.7064380645752 19.5468006134033 19.3871631622314 19.2275276184082 19.0678901672363 18.9082527160645 18.6092681884766 17.892240524292
10.3533267974854 10.4871072769165 10.6208877563477 10.7546682357788 10.8884477615356 11.0222282409668 11.156008720398 11.8872766494751 12.8177070617676 13.7481374740601 14.6785669326782 15.6089973449707 16.5394287109375 17.4698581695557 18.0740413665771 17.6994819641113 17.3249225616455 16.9503650665283 16.5758056640625 16.2012462615967 15.8266878128052 15.4521293640137 15.5381107330322 15.7776069641113 16.0171031951904 16.2565975189209 16.49609375 16.7355899810791 16.9750843048096 17.2553405761719 17.6578769683838 18.0604133605957 18.4629497528076 18.8654861450195 19.2680225372314 19.6705589294434 20.0730953216553 20.08913230896 19.9763336181641 19.8635349273682 19.7507362365723 19.6379375457764 19.5251388549805 19.4123401641846 19.1298866271973 18.3384761810303
10.4915027618408 10.6584129333496 10.8253231048584 10.9922332763672 11.159143447876 11.3260536193848 11.4929637908936 12.3052921295166 13.3327579498291 14.3602247238159 15.3876914978027 16.4151592254639 17.4426250457764 18.4700908660889 19.114465713501 18.609561920166 18.1046562194824 17.5997524261475 17.0948467254639 16.5899429321289 16.0850391387939 15.5801343917847 15.6222267150879 15.8466520309448 16.0710773468018 16.295503616333 16.5199279785156 16.7443542480469 16.9687786102295 17.2445831298828 17.674524307251 18.1044673919678 18.5344085693359 18.9643497467041 19.3942909240723 19.8242321014404 20.2541732788086 20.3121891021729 20.2462291717529 20.1802673339844 20.1143074035645 20.0483474731445 19.982385635376 19.9164257049561 19.6505069732666 18.7847118377686
10.570198059082 10.7441186904907 10.9180383682251 11.0919589996338 11.2658796310425 11.4397993087769 11.6137199401855 12.4038782119751 13.3994483947754 14.39501953125 15.3905897140503 16.3861598968506 17.3817310333252 18.3773021697998 19.0022258758545 18.515209197998 18.0281925201416 17.5411758422852 17.0541572570801 16.5671405792236 16.0801239013672 15.5931072235107 15.6407890319824 15.8667030334473 16.0926170349121 16.3185329437256 16.5444469451904 16.7703609466553 16.9962768554688 17.2819728851318 17.7470207214355 18.2120685577393 18.677116394043 19.142162322998 19.6072101593018 20.0722579956055 20.5373039245605 20.6417236328125 20.6259326934814 20.6101417541504 20.5943508148193 20.5785598754883 20.5627689361572 20.5469779968262 20.3230037689209 19.4744777679443
10.589412689209 10.7442226409912 10.8990335464478 11.05384349823 11.2086544036865 11.3634643554688 11.5182752609253 12.1830348968506 13.0177774429321 13.8525199890137 14.6872625350952 15.5220050811768 16.3567485809326 17.1914901733398 17.7373237609863 17.4164276123047 17.0955295562744 16.7746334075928 16.4537372589111 16.1328411102295 15.8119440078735 15.4910478591919 15.5937957763672 15.8377590179443 16.0817222595215 16.3256855010986 16.5696487426758 16.8136119842529 17.0575752258301 17.3675117492676 17.8753643035889 18.3832187652588 18.8910732269287 19.3989276885986 19.9067821502686 20.4146347045898 20.9224891662598 21.0777359008789 21.1154460906982 21.1531562805176 21.1908664703369 21.2285747528076 21.266284942627 21.3039951324463 21.1473770141602 20.4077758789062
10.6086263656616 10.744327545166 10.8800277709961 11.0157289505005 11.1514291763306 11.287130355835 11.422830581665 11.9621915817261 12.6361064910889 13.3100204467773 13.9839353561401 14.6578493118286 15.3317642211914 16.0056781768799 16.4724197387695 16.3176441192627 16.1628684997559 16.008092880249 15.8533163070679 15.698540687561 15.5437641143799 15.388988494873 15.5468034744263 15.8088150024414 16.0708274841309 16.3328380584717 16.5948505401611 16.8568630218506 17.1188735961914 17.4530487060547 18.0037097930908 18.554370880127 19.1050300598145 19.6556911468506 20.2063522338867 20.7570133209229 21.307674407959 21.5137481689453 21.6049575805664 21.6961688995361 21.7873802185059 21.8785915374756 21.9698028564453 22.061014175415 21.971752166748 21.3410720825195
10.6278409957886 10.7444314956665 10.8610229492188 10.9776134490967 11.0942049026489 11.2107954025269 11.3273859024048 11.7413482666016 12.2544345855713 12.7675218582153 13.2806081771851 13.7936944961548 14.3067808151245 14.8198671340942 15.2075176239014 15.2188625335693 15.230206489563 15.241551399231 15.2528953552246 15.2642402648926 15.2755842208862 15.2869291305542 15.499810218811 15.7798709869385 16.0599308013916 16.3399925231934 16.6200523376465 16.9001140594482 17.1801738739014 17.5385856628418 18.1320533752441 18.7255210876465 19.3189888000488 19.9124565124512 20.5059223175049 21.0993900299072 21.6928577423096 21.9497585296631 22.0944709777832 22.2391834259033 22.3838958740234 22.5286083221436 22.6733207702637 22.8180313110352 22.7961273193359 22.2743682861328
