data/working_set_collections/6091692-Cassins_Sparrow-M2/2000/eflux_avg.asc
NCOLS 265 
NROWS 230 
XLLCORNER -115.5625 
YLLCORNER 24.8333333333333 
CELLSIZE 0.0833333333333333 
NODATA_value -9999 
[rows 80 to 99 of 230, columns 184 to 229 of 265]
42.5362281799316 42.7704010009766 43.0045738220215 43.7326431274414 44.6253471374512 45.5180473327637 46.4107513427734 47.3034553527832 48.1961555480957 49.0888595581055 49.9995765686035 50.9643363952637 51.9291000366211 52.8938598632812 53.8586196899414 54.8233833312988 55.788143157959 56.7529029846191 56.910758972168 56.7996406555176 56.6885223388672 56.5774078369141 56.4662895202637 56.3551750183105 56.2440567016602 56.4090995788574 57.4026222229004 58.3961410522461 59.3896636962891 60.383186340332 61.3767051696777 62.3702278137207 63.3637504577637 63.8997077941895 64.2831497192383 64.6665878295898 65.0500259399414 65.433464050293 65.81689453125 66.2003326416016 66.5360641479492 66.7286758422852 66.9212875366211 67.1138916015625 67.3065032958984 67.4991149902344
42.617790222168 42.8588981628418 43.1000061035156 43.8233833312988 44.7075119018555 45.5916442871094 46.4757766723633 47.3599090576172 48.2440376281738 49.1281700134277 50.030818939209 50.9890251159668 51.9472351074219 52.9054412841797 53.8636474609375 54.8218536376953 55.7800598144531 56.7382659912109 56.8930053710938 56.7799224853516 56.6668395996094 56.5537605285645 56.4406776428223 56.3275947570801 56.2145118713379 56.3775520324707 57.368953704834 58.3603553771973 59.3517570495605 60.3431587219238 61.3345603942871 62.3259620666504 63.3173637390137 63.8609313964844 64.2552185058594 64.6495056152344 65.0437927246094 65.4380874633789 65.8323745727539 66.2266616821289 66.5746383666992 66.78369140625 66.9927368164062 67.2017822265625 67.4108352661133 67.6198806762695
42.699348449707 42.947395324707 43.1954383850098 43.914119720459 44.789680480957 45.6652412414551 46.5408020019531 47.4163627624512 48.291919708252 49.16748046875 50.0620651245117 51.0137138366699 51.9653663635254 52.9170188903809 53.8686714172363 54.8203239440918 55.77197265625 56.7236251831055 56.8752555847168 56.7602081298828 56.6451606750488 56.5301132202148 56.4150657653809 56.3000183105469 56.1849708557129 56.346004486084 57.3352851867676 58.3245697021484 59.313850402832 60.3031311035156 61.2924156188965 62.2816963195801 63.2709770202637 63.8221549987793 64.227294921875 64.6324310302734 65.0375671386719 65.4427108764648 65.8478469848633 66.2529830932617 66.6132125854492 66.8386993408203 67.0641860961914 67.2896728515625 67.5151672363281 67.7406539916992
42.7809104919434 43.0358924865723 43.2908744812012 44.0048599243164 44.8718490600586 45.7388381958008 46.605827331543 47.4728126525879 48.3398017883301 49.2067909240723 50.0933074951172 51.038402557373 51.9835014343262 52.9286003112793 53.8736953735352 54.8187942504883 55.7638893127441 56.7089881896973 56.8575019836426 56.7404899597168 56.623477935791 56.5064659118652 56.3894500732422 56.2724380493164 56.1554260253906 56.3144569396973 57.3016204833984 58.2887802124023 59.2759437561035 60.2631072998047 61.2502670288086 62.2374305725098 63.2245941162109 63.783374786377 64.1993637084961 64.6153564453125 65.0313415527344 65.4473342895508 65.8633193969727 66.2793121337891 66.6517868041992 66.8937149047852 67.1356430053711 67.3775634765625 67.6194915771484 67.8614196777344
42.8424377441406 43.1191825866699 43.3959274291992 44.0937919616699 44.9320297241211 45.7702674865723 46.6085052490234 47.4467468261719 48.284984588623 49.1232223510742 49.988353729248 50.9341506958008 51.8799514770508 52.8257522583008 53.7715530395508 54.7173538208008 55.6631546020508 56.6089553833008 56.7618217468262 56.6503829956055 56.5389404296875 56.4275016784668 56.3160591125488 56.2046203613281 56.0931777954102 56.2486305236816 57.2047576904297 58.160888671875 59.117015838623 60.0731430053711 61.0292739868164 61.9854011535645 62.9415321350098 63.5037956237793 63.9347763061523 64.3657531738281 64.7967300415039 65.2277145385742 65.65869140625 66.0896682739258 66.4850997924805 66.7738952636719 67.0626831054688 67.3514785766602 67.640266418457 67.9290618896484
42.8839340209961 43.197265625 43.5105972290039 44.1809120178223 44.9702224731445 45.7595329284668 46.5488433837891 47.3381538391113 48.1274642944336 48.9167747497559 49.747200012207 50.7009582519531 51.6547203063965 52.6084823608398 53.5622444152832 54.5160026550293 55.4697647094727 56.423526763916 56.5882186889648 56.4898834228516 56.3915519714355 56.2932205200195 56.1948890686035 56.0965576171875 55.9982223510742 56.1485214233398 57.0447006225586 57.9408836364746 58.8370666503906 59.7332496643066 60.6294288635254 61.5256118774414 62.4217948913574 62.9834175109863 63.4335250854492 63.8836326599121 64.333740234375 64.7838439941406 65.2339477539062 65.6840591430664 66.1131591796875 66.4792404174805 66.8453216552734 67.2114105224609 67.5774917602539 67.9435729980469
42.9254302978516 43.2753524780273 43.6252708435059 44.2680358886719 45.0084190368652 45.7488021850586 46.4891815185547 47.229564666748 47.9699478149414 48.7103271484375 49.506046295166 50.4677658081055 51.4294891357422 52.3912124633789 53.3529319763184 54.3146553039551 55.2763748168945 56.2380981445312 56.4146118164062 56.3293876647949 56.2441635131836 56.1589393615723 56.0737152099609 55.9884948730469 55.9032707214355 56.048412322998 56.8846473693848 57.7208824157715 58.5571174621582 59.3933525085449 60.2295875549316 61.0658226013184 61.9020576477051 62.4630393981934 62.9322738647461 63.4015083312988 63.8707427978516 64.3399810791016 64.809211730957 65.2784423828125 65.7412185668945 66.1845932006836 66.6279678344727 67.0713424682617 67.5147171020508 67.9580917358398
42.9669303894043 43.3534355163574 43.7399444580078 44.3551597595215 45.0466117858887 45.7380676269531 46.4295196533203 47.1209754943848 47.812427520752 48.5038795471191 49.264892578125 50.2345733642578 51.2042579650879 52.1739387512207 53.1436233520508 54.1133041381836 55.0829887390137 56.0526695251465 56.2410049438477 56.1688919067383 56.0967750549316 56.0246620178223 55.9525451660156 55.8804321289062 55.8083152770996 55.9483032226562 56.7245903015137 57.5008773803711 58.2771682739258 59.0534553527832 59.8297424316406 60.6060333251953 61.3823204040527 61.9426612854004 62.4310264587402 62.9193878173828 63.4077491760254 63.896110534668 64.3844757080078 64.8728332519531 65.369270324707 65.8899383544922 66.4106063842773 66.931266784668 67.4519348144531 67.9726028442383
43.0084266662598 43.4315223693848 43.8546142578125 44.4422836303711 45.0848083496094 45.7273330688477 46.3698577880859 47.0123825073242 47.6549072265625 48.2974319458008 49.023738861084 50.0013809204102 50.9790267944336 51.9566688537598 52.9343109130859 53.9119567871094 54.8895988464355 55.867244720459 56.0673980712891 56.0083923339844 55.9493865966797 55.890380859375 55.8313751220703 55.7723693847656 55.7133636474609 55.8481941223145 56.5645332336426 57.280876159668 57.9972152709961 58.7135581970215 59.4299011230469 60.146240234375 60.8625831604004 61.4222831726074 61.9297752380371 62.4372634887695 62.944751739502 63.4522438049316 63.9597320556641 64.4672241210938 64.9973297119141 65.5952835083008 66.193244934082 66.7911987304688 67.38916015625 67.9871139526367
43.0499229431152 43.5096054077148 43.9692878723145 44.5294075012207 45.1230010986328 45.7165985107422 46.3101959228516 46.9037933349609 47.4973907470703 48.0909843444824 48.782585144043 49.7681884765625 50.753791809082 51.7393989562988 52.7250022888184 53.7106056213379 54.6962127685547 55.6818161010742 55.8937950134277 55.8478965759277 55.8019981384277 55.7560997009277 55.710205078125 55.664306640625 55.618408203125 55.7480850219727 56.4044799804688 57.0608711242676 57.7172660827637 58.3736610412598 59.0300559997559 59.686450958252 60.342845916748 60.9019050598145 61.428524017334 61.9551429748535 62.4817581176758 63.0083770751953 63.5349922180176 64.0616073608398 64.6253890991211 65.3006362915039 65.9758834838867 66.6511306762695 67.3263778686523 68.0016326904297
43.1733779907227 43.6481437683105 44.1229095458984 44.6638679504395 45.2268943786621 45.7899208068848 46.3529434204102 46.9159698486328 47.4789962768555 48.0420188903809 48.7033653259277 49.6596717834473 50.6159820556641 51.5722885131836 52.5285949707031 53.4849014282227 54.4412078857422 55.397518157959 55.641242980957 55.6474418640137 55.6536407470703 55.659839630127 55.6660385131836 55.6722373962402 55.6784362792969 55.8382110595703 56.4587020874023 57.0791931152344 57.6996879577637 58.3201789855957 58.9406700134277 59.5611610412598 60.1816520690918 60.7312965393066 61.25732421875 61.7833518981934 62.309383392334 62.8354110717773 63.3614387512207 63.8874664306641 64.4612884521484 65.1784973144531 65.8957061767578 66.6129150390625 67.3301239013672 68.0473327636719
43.3787879943848 43.8471336364746 44.3154754638672 44.8456687927246 45.3964805603027 45.9472923278809 46.498104095459 47.0489158630371 47.599723815918 48.1505355834961 48.7860832214355 49.6758346557617 50.5655860900879 51.4553375244141 52.3450889587402 53.2348403930664 54.1245956420898 55.014347076416 55.3097457885742 55.4070320129395 55.5043144226074 55.6016006469727 55.6988830566406 55.7961654663086 55.8934516906738 56.1185722351074 56.7272071838379 57.3358383178711 57.9444732666016 58.553108215332 59.1617393493652 59.7703742980957 60.3790092468262 60.910457611084 61.4161796569824 61.9219017028809 62.4276237487793 62.9333457946777 63.4390678405762 63.9447898864746 64.5050354003906 65.228874206543 65.9527130126953 66.6765441894531 67.4003829956055 68.1242218017578
43.5842018127441 44.0461235046387 44.5080451965332 45.027473449707 45.5660667419434 46.104663848877 46.6432609558105 47.1818580627441 47.7204551696777 48.2590522766113 48.8687973022461 49.6919937133789 50.5151901245117 51.3383903503418 52.1615867614746 52.9847831726074 53.8079795837402 54.631175994873 54.9782524108887 55.166618347168 55.3549880981445 55.5433578491211 55.7317276000977 55.9200973510742 56.1084632873535 56.3989372253418 56.9957122802734 57.5924873352051 58.1892623901367 58.7860374450684 59.3828125 59.9795875549316 60.5763626098633 61.0896186828613 61.5750312805176 62.0604476928711 62.5458641052246 63.0312805175781 63.5166931152344 64.0021133422852 64.5487899780273 65.2792510986328 66.0097122192383 66.7401809692383 67.4706420898438 68.2011032104492
43.7896118164062 44.2451133728027 44.700611114502 45.2092742919922 45.7356567382812 46.2620391845703 46.7884216308594 47.3148040771484 47.8411865234375 48.3675689697266 48.9515151977539 49.7081565856934 50.4647979736328 51.2214393615723 51.9780807495117 52.7347221374512 53.4913635253906 54.2480049133301 54.6467552185059 54.9262084960938 55.2056617736816 55.4851150512695 55.7645721435547 56.0440254211426 56.3234786987305 56.6792984008789 57.2642135620117 57.8491325378418 58.4340476989746 59.0189666748047 59.6038818359375 60.1887969970703 60.7737159729004 61.2687759399414 61.73388671875 62.1989936828613 62.6641044616699 63.1292152404785 63.5943222045898 64.0594329833984 64.5925369262695 65.3296279907227 66.0667190551758 66.8038101196289 67.540901184082 68.2779922485352
43.9950218200684 44.4440994262695 44.893180847168 45.3910751342773 45.9052429199219 46.4194107055664 46.9335784912109 47.4477462768555 47.9619140625 48.4760818481445 49.0342292785645 49.7243156433105 50.4144020080566 51.1044883728027 51.7945747375488 52.4846611022949 53.174747467041 53.8648338317871 54.315258026123 54.6857986450195 55.0563354492188 55.4268760681152 55.7974128723145 56.1679534912109 56.5384902954102 56.959659576416 57.5327186584473 58.1057777404785 58.6788368225098 59.251895904541 59.824951171875 60.3980102539062 60.9710693359375 61.4479370117188 61.8927383422852 62.3375434875488 62.7823448181152 63.2271499633789 63.6719512939453 64.1167526245117 64.6362838745117 65.3800048828125 66.1237258911133 66.8674468994141 67.6111602783203 68.3548812866211
44.2004356384277 44.6430892944336 45.0857467651367 45.5728759765625 46.0748291015625 46.5767860412598 47.0787391662598 47.5806922912598 48.0826454162598 48.5845985412598 49.1169471740723 49.740478515625 50.3640098571777 50.9875411987305 51.6110725402832 52.2346000671387 52.8581314086914 53.4816627502441 53.9837646484375 54.4453887939453 54.9070091247559 55.3686332702637 55.8302574157715 56.2918815612793 56.7535057067871 57.2400245666504 57.8012237548828 58.3624229431152 58.9236221313477 59.4848213195801 60.0460243225098 60.6072235107422 61.1684226989746 61.6270942687988 62.0515937805176 62.4760894775391 62.9005851745605 63.3250846862793 63.7495803833008 64.1740798950195 64.6800384521484 65.4303817749023 66.1807327270508 66.9310760498047 67.6814193725586 68.431770324707
44.358772277832 44.8013572692871 45.2439422607422 45.7299156188965 46.230354309082 46.7307891845703 47.2312278747559 47.7316627502441 48.2321014404297 48.7325401306152 49.2553672790527 49.8453788757324 50.4353866577148 51.0253944396973 51.6154022216797 52.2054100036621 52.7954177856445 53.3854293823242 53.9027137756348 54.3957557678223 54.888801574707 55.3818435668945 55.8748893737793 56.3679351806641 56.8609771728516 57.3720626831055 57.9372673034668 58.5024719238281 59.0676765441895 59.6328811645508 60.1980857849121 60.7632942199707 61.328498840332 61.7823028564453 62.198974609375 62.6156463623047 63.0323181152344 63.4489898681641 63.8656616210938 64.2823333740234 64.7762680053711 65.5019912719727 66.2277145385742 66.9534378051758 67.6791610717773 68.4048843383789
44.4700355529785 44.9188995361328 45.3677635192871 45.8621940612793 46.3718109130859 46.8814277648926 47.3910484313965 47.9006652832031 48.4102821350098 48.9199028015137 49.4494934082031 50.0390129089355 50.628532409668 51.2180519104004 51.8075714111328 52.3970909118652 52.9866065979004 53.5761260986328 54.0721054077148 54.5369071960449 55.001708984375 55.4665069580078 55.9313087463379 56.396110534668 56.8609085083008 57.3557777404785 57.9408531188965 58.5259246826172 59.1110000610352 59.6960716247559 60.2811470031738 60.8662185668945 61.4512939453125 61.9135589599609 62.3348846435547 62.7562141418457 63.1775436401367 63.5988693237305 64.0202026367188 64.4415283203125 64.9249877929688 65.5948333740234 66.2646865844727 66.9345321655273 67.6043853759766 68.2742309570312
44.5813026428223 45.0364418029785 45.491584777832 45.9944686889648 46.5132675170898 47.0320663452148 47.5508651733398 48.0696678161621 48.5884666442871 49.1072654724121 49.6436233520508 50.2326507568359 50.8216819763184 51.4107093811035 51.9997406005859 52.5887680053711 53.1777992248535 53.7668266296387 54.2415008544922 54.6780586242676 55.114616394043 55.5511703491211 55.9877281188965 56.4242858886719 56.86083984375 57.3394927978516 57.9444351196289 58.5493774414062 59.1543197631836 59.7592620849609 60.3642044067383 60.9691467285156 61.574089050293 62.0448112487793 62.4707946777344 62.8967819213867 63.3227653503418 63.7487525939941 64.1747360229492 64.6007232666016 65.0736999511719 65.6876754760742 66.3016510009766 66.9156265258789 67.5296020507812 68.1435775756836
44.692569732666 45.1539878845215 45.615406036377 46.1267433166504 46.6547241210938 47.1827049255371 47.7106857299805 48.2386665344238 48.7666473388672 49.2946281433105 49.8377494812012 50.4262886047363 51.0148277282715 51.6033668518066 52.1919059753418 52.780445098877 53.3689880371094 53.9575271606445 54.4108963012695 54.8192100524902 55.2275199890137 55.6358337402344 56.0441474914551 56.4524612426758 56.8607749938965 57.3232116699219 57.9480209350586 58.5728302001953 59.197639465332 59.822452545166 60.4472618103027 61.0720710754395 61.6968803405762 62.1760673522949 62.6067085266113 63.0373497009277 63.4679908752441 63.8986320495605 64.3292694091797 64.7599105834961 65.2224197387695 65.7805252075195 66.338623046875 66.8967208862305 67.4548263549805 68.0129241943359
