data/working_set_collections/6091692-Cassins_Sparrow-M2/2000/evland_avg.asc
NCOLS 265 
NROWS 230 
XLLCORNER -115.5625 
YLLCORNER 24.8333333333333 
CELLSIZE 0.0833333333333333 
NODATA_value -9999 
[rows 180 to 197 of 230, columns 0 to 40 of 265]
-9999 -9999 -9999 -9999 -9999 -9999 -9999 -9999 -9999 -9999 -9999 -9999 -9999 2.3829184101487e-06 2.419135398668e-06 2.430638005535e-06 2.442140612402e-06 2.453643219269e-06 2.465145826136e-06 2.47664820562932e-06 2.48815081249631e-06 2.49965341936331e-06 2.54275960287487e-06 2.59640023614338e-06 2.6500408694119e-06 2.70368150268041e-06 2.75732213594893e-06 -9999 -9999 -9999 -9999 -9999 -9999 -9999 -9999 -9999 4.86624321638374e-06 5.25534323969623e-06 5.68396399103221e-06 6.1125847423682e-06 -9999
-9999 -9999 -9999 -9999 -9999 -9999 -9999 -9999 -9999 -9999 -9999 -9999 -9999 -9999 2.39260180023848e-06 2.40227836911799e-06 2.41195493799751e-06 2.42163150687702e-06 2.43130784838286e-06 2.44098441726237e-06 2.45066098614188e-06 2.46033732764772e-06 2.49906361204921e-06 2.54747328654048e-06 2.59588273365807e-06 2.64429240814934e-06 2.69270185526693e-06 2.7411115297582e-06 2.78952097687579e-06 -9999 -9999 -9999 -9999 -9999 -9999 -9999 -9999 5.06112382936408e-06 5.49491096535348e-06 5.92869855609024e-06 -9999
-9999 -9999 -9999 -9999 -9999 -9999 -9999 -9999 -9999 -9999 -9999 -9999 -9999 -9999 -9999 2.37391873270099e-06 2.38176926359301e-06 2.38961956711137e-06 2.3974700980034e-06 2.40532040152175e-06 2.41317093241378e-06 2.42102146330581e-06 2.45536784859723e-06 2.49854633693758e-06 2.54172482527792e-06 2.58490331361827e-06 2.62808180195861e-06 2.67126029029896e-06 2.71443877863931e-06 2.80651806860988e-06 -9999 -9999 -9999 -9999 -9999 -9999 -9999 -9999 5.3058583944221e-06 5.74481282455963e-06 -9999
-9999 -9999 -9999 -9999 -9999 -9999 -9999 -9999 -9999 -9999 -9999 -9999 -9999 -9999 -9999 -9999 2.35158358918852e-06 2.35760785471939e-06 2.36363234762393e-06 2.3696566131548e-06 2.37568087868567e-06 2.38170537159021e-06 2.41167208514526e-06 2.44961938733468e-06 2.4875666895241e-06 2.5255142190872e-06 2.56346152127662e-06 2.60140882346604e-06 2.63935635302914e-06 2.72354282060405e-06 -9999 -9999 -9999 -9999 -9999 -9999 -9999 -9999 -9999 -9999 -9999
-9999 -9999 -9999 -9999 -9999 -9999 -9999 -9999 -9999 -9999 -9999 -9999 -9999 -9999 -9999 -9999 -9999 2.32559614232741e-06 2.3297943698708e-06 2.33399282478786e-06 2.33819105233124e-06 2.34238927987462e-06 2.3679760943196e-06 2.40069243773178e-06 2.43340878114395e-06 2.46612512455613e-06 2.49884124059463e-06 2.5315575840068e-06 2.56427392741898e-06 2.64056734522455e-06 -9999 -9999 -9999 -9999 -9999 -9999 -9999 -9999 -9999 -9999 -9999
-9999 -9999 -9999 -9999 -9999 -9999 -9999 -9999 -9999 -9999 -9999 -9999 -9999 -9999 -9999 -9999 -9999 2.29358442993544e-06 2.29595661949134e-06 2.29832880904723e-06 2.30070099860313e-06 2.30307318815903e-06 2.32428033086762e-06 2.35176548812888e-06 2.37925064539013e-06 2.40673603002506e-06 2.43422118728631e-06 2.46170634454757e-06 2.48919150180882e-06 2.55759209721873e-06 2.74873855232727e-06 2.93988478006213e-06 -9999 -9999 -9999 -9999 -9999 -9999 -9999 -9999 -9999
-9999 -9999 -9999 -9999 -9999 -9999 -9999 -9999 -9999 -9999 -9999 -9999 -9999 -9999 -9999 -9999 -9999 2.26829661187367e-06 2.26998531616118e-06 2.27167424782238e-06 2.27336295210989e-06 2.27505165639741e-06 2.29327883971564e-06 2.31701869779499e-06 2.34075855587434e-06 2.3644984139537e-06 2.38823827203305e-06 2.4119781301124e-06 2.43571798819175e-06 2.49672666541301e-06 2.66954157268628e-06 2.84235647995956e-06 3.01517138723284e-06 -9999 -9999 -9999 -9999 -9999 -9999 -9999 -9999
-9999 -9999 -9999 1.92524635167501e-06 1.92524635167501e-06 -9999 -9999 -9999 -9999 -9999 -9999 -9999 -9999 -9999 -9999 -9999 -9999 2.24973291551578e-06 2.25188091462769e-06 2.2540289137396e-06 2.25617668547784e-06 2.25832468458975e-06 2.27497184823733e-06 2.29645206673013e-06 2.31793228522292e-06 2.33941250371572e-06 2.36089294958219e-06 2.38237316807499e-06 2.40385338656779e-06 2.45797104980738e-06 2.61000150203472e-06 2.76203218163573e-06 2.91406263386307e-06 -9999 -9999 -9999 -9999 -9999 -9999 -9999 -9999
-9999 -9999 -9999 1.93570485862438e-06 1.93570485862438e-06 1.93570485862438e-06 -9999 -9999 -9999 -9999 -9999 -9999 -9999 -9999 -9999 -9999 -9999 2.23116921915789e-06 2.23377628572052e-06 2.23638335228316e-06 2.23899064621946e-06 2.2415977127821e-06 2.25666485675902e-06 2.27588566303893e-06 2.29510624194518e-06 2.31432682085142e-06 2.33354739975766e-06 2.35276797866391e-06 2.37198855757015e-06 2.41921566157544e-06 2.55046165875683e-06 2.68170765593823e-06 2.8129538804933e-06 -9999 -9999 -9999 -9999 -9999 -9999 -9999 -9999
-9999 -9999 -9999 1.94616336557374e-06 1.94616336557374e-06 1.94616336557374e-06 -9999 -9999 -9999 -9999 -9999 -9999 -9999 -9999 -9999 -9999 2.20953916141298e-06 2.2126055228e-06 2.21567165681336e-06 2.21873801820038e-06 2.22180437958741e-06 2.22487074097444e-06 2.23835809265438e-06 2.25531903197407e-06 2.27227997129376e-06 2.28924091061344e-06 2.30620184993313e-06 2.32316278925282e-06 2.34012395594618e-06 2.38046004596981e-06 2.49092181547894e-06 2.6013833576144e-06 2.71184512712352e-06 -9999 -9999 -9999 -9999 -9999 -9999 -9999 -9999
-9999 -9999 -9999 1.9566218725231e-06 1.9566218725231e-06 -9999 -9999 -9999 -9999 -9999 -9999 -9999 -9999 -9999 -9999 2.18699074139295e-06 2.19051617023069e-06 2.19404159906844e-06 2.19756725527986e-06 2.20109268411761e-06 2.20461811295536e-06 2.20814376916678e-06 2.22005110117607e-06 2.2347524009092e-06 2.24945370064233e-06 2.26415500037547e-06 2.27885652748228e-06 2.29355782721541e-06 2.30825912694854e-06 2.34170443036419e-06 2.43138174482738e-06 2.52105905929056e-06 2.61073637375375e-06 -9999 -9999 -9999 -9999 -9999 -9999 -9999 -9999
-9999 -9999 -9999 -9999 -9999 -9999 -9999 -9999 -9999 -9999 -9999 -9999 -9999 -9999 -9999 2.16750868275994e-06 2.17149340642209e-06 2.17547790271055e-06 2.1794626263727e-06 2.18344735003484e-06 2.18743207369698e-06 2.19141656998545e-06 2.20174410969776e-06 2.21418576984433e-06 2.22662765736459e-06 2.23906931751117e-06 2.25151097765774e-06 2.26395263780432e-06 2.27639452532458e-06 2.30294904213224e-06 2.37184190154949e-06 2.44073476096673e-06 2.50962762038398e-06 2.57852047980123e-06 -9999 -9999 -9999 -9999 -9999 -9999 -9999
-9999 -9999 -9999 -9999 -9999 -9999 -9999 1.99229043573723e-06 2.01345505956851e-06 2.03461991077347e-06 2.05578453460475e-06 -9999 -9999 2.1192784060986e-06 -9999 2.14065130421659e-06 2.14505053008907e-06 2.14944998333522e-06 2.15384943658137e-06 2.15824888982752e-06 2.16264811569999e-06 2.16704756894615e-06 2.17776573663286e-06 2.19059006667521e-06 2.20341439671756e-06 2.21623872675991e-06 2.22906305680226e-06 2.24188738684461e-06 2.25471171688696e-06 2.2785341116105e-06 2.33535092775128e-06 2.39216751651838e-06 2.44898410528549e-06 2.5058006940526e-06 -9999 -9999 -9999 -9999 -9999 -9999 -9999
-9999 -9999 -9999 -9999 -9999 -9999 1.98463203560095e-06 1.99621445062803e-06 2.01165767066414e-06 2.02710089070024e-06 2.04254411073634e-06 2.05798755814612e-06 2.07343077818223e-06 2.08887399821833e-06 2.10164898817311e-06 -9999 2.11118822335266e-06 2.11595784094243e-06 2.1207274585322e-06 2.12549707612197e-06 2.13026669371175e-06 2.13503631130152e-06 2.14811575460772e-06 2.16396483665449e-06 2.17981414607493e-06 2.19566345549538e-06 2.21151253754215e-06 2.22736184696259e-06 2.24321115638304e-06 2.26846032091998e-06 2.32190882343275e-06 2.37535732594552e-06 2.42880582845828e-06 2.48225433097105e-06 2.53570283348381e-06 -9999 -9999 -9999 -9999 -9999 -9999
-9999 -9999 -9999 -9999 -9999 -9999 -9999 2.00013823814515e-06 2.00986005438608e-06 2.01958209800068e-06 2.02930391424161e-06 2.03902573048254e-06 2.04874777409714e-06 2.05846959033806e-06 2.06704612537578e-06 2.07218590730918e-06 2.07732568924257e-06 2.08246569854964e-06 2.08760548048303e-06 2.09274526241643e-06 2.0978852717235e-06 2.10302505365689e-06 2.11846554520889e-06 2.13733983400743e-06 2.1562138954323e-06 2.17508818423084e-06 2.19396224565571e-06 2.21283630708058e-06 2.23171059587912e-06 2.2583863028558e-06 2.30846671911422e-06 2.35854713537265e-06 2.4086273242574e-06 2.45870774051582e-06 2.50878815677424e-06 2.55886857303267e-06 -9999 -9999 -9999 -9999 -9999
-9999 -9999 -9999 -9999 -9999 -9999 -9999 -9999 2.0080626654817e-06 2.01206307792745e-06 2.01606371774687e-06 2.02006413019262e-06 2.02406477001205e-06 2.02806518245779e-06 2.03244303520478e-06 2.03795320885547e-06 2.04346338250616e-06 2.04897332878318e-06 2.05448350243387e-06 2.05999367608456e-06 2.06550362236158e-06 2.07101379601227e-06 2.08881556318374e-06 2.11071460398671e-06 2.13261364478967e-06 2.15451268559264e-06 2.1764117263956e-06 2.19831076719856e-06 2.22020980800153e-06 2.24831228479161e-06 2.29502461479569e-06 2.3417367174261e-06 2.38844904743019e-06 2.43516137743427e-06 2.48187370743835e-06 2.52858581006876e-06 2.57529814007285e-06 2.77746130450396e-06 -9999 -9999 -9999
-9999 -9999 -9999 -9999 -9999 -9999 -9999 -9999 -9999 2.00454428522789e-06 2.00282329387846e-06 2.00110252990271e-06 1.99938153855328e-06 1.99766077457753e-06 1.99784017240745e-06 2.00372051040176e-06 2.00960084839608e-06 2.01548118639039e-06 2.0213615243847e-06 2.02724186237901e-06 2.03312220037333e-06 2.03900253836764e-06 2.0591655811586e-06 2.08408960133966e-06 2.10901362152072e-06 2.1339374143281e-06 2.15886143450916e-06 2.18378545469022e-06 2.20870924749761e-06 2.23823826672742e-06 2.28158251047716e-06 2.32492652685323e-06 2.36827077060298e-06 2.41161501435272e-06 2.45495903072879e-06 2.49830327447853e-06 2.5416472908546e-06 2.71643352789397e-06 2.93503353532287e-06 -9999 -9999
-9999 -9999 -9999 -9999 -9999 -9999 -9999 -9999 -9999 -9999 1.98958309738373e-06 1.9821409296128e-06 1.97469853446819e-06 1.96725636669726e-06 1.96323730961012e-06 1.96948781194806e-06 1.97573831428599e-06 1.9819890439976e-06 1.98823954633554e-06 1.99449027604715e-06 2.00074077838508e-06 2.00699128072301e-06 2.02951559913345e-06 2.05746437131893e-06 2.08541337087809e-06 2.11336214306357e-06 2.14131091524905e-06 2.16925991480821e-06 2.19720868699369e-06 2.22816424866323e-06 2.26814040615864e-06 2.30811633628036e-06 2.34809249377577e-06 2.38806842389749e-06 2.4280445813929e-06 2.46802051151462e-06 2.50799644163635e-06 2.6554055239103e-06 2.83862550531921e-06 -9999 -9999
