data/working_set_collections/6091692-Cassins_Sparrow-M2/2000/evland_avg.asc
NCOLS 265 
NROWS 230 
XLLCORNER -115.5625 
YLLCORNER 24.8333333333333 
CELLSIZE 0.0833333333333333 
NODATA_value -9999 
[rows 54 to 71 of 230, columns 205 to 245 of 265]
2.05150863621384e-05 2.0609057173715e-05 2.07030261663022e-05 2.07969969778787e-05 2.08696073968895e-05 2.08781384571921e-05 2.08866695174947e-05 2.08952005777974e-05 2.09037316381e-05 2.09122626984026e-05 2.09207937587053e-05 2.09293266379973e-05 2.10015914490214e-05 2.10951020562788e-05 2.11886108445469e-05 2.12821214518044e-05 2.13756320590619e-05 2.14691426663194e-05 2.15626532735769e-05 2.16752869164338e-05 2.18452969420468e-05 2.20153087866493e-05 2.21853188122623e-05 2.23553288378753e-05 2.25253388634883e-05 2.26953488891013e-05 2.28653589147143e-05 2.29977104027057e-05 2.31175090448232e-05 2.32373095059302e-05 2.33571081480477e-05 2.34769067901652e-05 2.35967054322828e-05 2.37165040744003e-05 2.38341945077991e-05 2.39455584960524e-05 2.40569224843057e-05 2.41682882915484e-05 2.42796522798017e-05 2.4391016268055e-05 2.45023820752976e-05
2.06091026484501e-05 2.06978857022477e-05 2.07866687560454e-05 2.08754518098431e-05 2.09446425287751e-05 2.09550580620999e-05 2.09654735954246e-05 2.09758891287493e-05 2.0986304662074e-05 2.09967201953987e-05 2.10071375477128e-05 2.10175530810375e-05 2.10954931390006e-05 2.11959431908326e-05 2.12963932426646e-05 2.13968432944966e-05 2.14972915273393e-05 2.15977415791713e-05 2.16981916310033e-05 2.18181339732837e-05 2.19965586438775e-05 2.21749833144713e-05 2.23534079850651e-05 2.25318308366695e-05 2.27102555072634e-05 2.28886801778572e-05 2.3067104848451e-05 2.32002003031084e-05 2.331818723178e-05 2.34361741604516e-05 2.35541610891232e-05 2.36721480177948e-05 2.37901349464664e-05 2.3908121875138e-05 2.40219160332344e-05 2.4123130060616e-05 2.42243459069869e-05 2.43255599343684e-05 2.44267757807393e-05 2.45279898081208e-05 2.46292056544917e-05
2.07031171157723e-05 2.07867124117911e-05 2.08703095267992e-05 2.0953904822818e-05 2.10196776606608e-05 2.10319776670076e-05 2.10442776733544e-05 2.10565776797011e-05 2.10688776860479e-05 2.10811795113841e-05 2.10934795177309e-05 2.11057795240777e-05 2.11893966479693e-05 2.12967861443758e-05 2.14041738217929e-05 2.15115633181995e-05 2.1618952814606e-05 2.17263423110126e-05 2.18337299884297e-05 2.19609810301336e-05 2.21478203457082e-05 2.23346578422934e-05 2.25214953388786e-05 2.27083346544532e-05 2.28951721510384e-05 2.30820096476236e-05 2.32688489631983e-05 2.34026902035112e-05 2.35188635997474e-05 2.36350388149731e-05 2.37512140301988e-05 2.38673892454244e-05 2.39835644606501e-05 2.40997396758758e-05 2.42096375586698e-05 2.43007016251795e-05 2.43917675106786e-05 2.44828333961777e-05 2.45738992816769e-05 2.4664965167176e-05 2.47560292336857e-05
2.07971315830946e-05 2.08755409403238e-05 2.09539502975531e-05 2.10323596547823e-05 2.10947127925465e-05 2.11088972719153e-05 2.11230817512842e-05 2.11372680496424e-05 2.11514525290113e-05 2.11656370083801e-05 2.1179821487749e-05 2.11940059671178e-05 2.12832983379485e-05 2.13976272789296e-05 2.15119562199106e-05 2.16262833419023e-05 2.17406122828834e-05 2.18549412238644e-05 2.19692701648455e-05 2.21038299059728e-05 2.22990802285494e-05 2.24943323701154e-05 2.26895845116815e-05 2.28848366532475e-05 2.30800887948135e-05 2.32753409363795e-05 2.34705930779455e-05 2.36051782849245e-05 2.37195417867042e-05 2.38339052884839e-05 2.39482669712743e-05 2.4062630473054e-05 2.41769939748337e-05 2.42913574766135e-05 2.43973572651157e-05 2.4478273189743e-05 2.45591909333598e-05 2.46401068579871e-05 2.47210227826145e-05 2.48019387072418e-05 2.48828546318691e-05
2.08911478694063e-05 2.09643694688566e-05 2.10375928872963e-05 2.11108144867467e-05 2.11697479244322e-05 2.11858168768231e-05 2.12018876482034e-05 2.12179566005943e-05 2.12340255529853e-05 2.12500945053762e-05 2.12661634577671e-05 2.1282232410158e-05 2.13772018469172e-05 2.14984684134834e-05 2.16197367990389e-05 2.17410051845945e-05 2.18622735701501e-05 2.19835401367163e-05 2.21048085222719e-05 2.22466769628227e-05 2.24503419303801e-05 2.26540087169269e-05 2.28576736844843e-05 2.30613404710311e-05 2.32650054385886e-05 2.34686722251354e-05 2.36723371926928e-05 2.38076681853272e-05 2.39202181546716e-05 2.40327699430054e-05 2.41453217313392e-05 2.42578717006836e-05 2.43704234890174e-05 2.44829752773512e-05 2.4585078790551e-05 2.4655846573296e-05 2.47266125370516e-05 2.47973785008071e-05 2.4868146283552e-05 2.49389122473076e-05 2.50096782110631e-05
2.09851623367285e-05 2.10531979973894e-05 2.11212336580502e-05 2.1189269318711e-05 2.12447830563178e-05 2.12627383007202e-05 2.12806917261332e-05 2.12986451515462e-05 2.13165985769592e-05 2.13345520023722e-05 2.13525054277852e-05 2.13704588531982e-05 2.14711035368964e-05 2.15993113670265e-05 2.17275191971567e-05 2.18557252082974e-05 2.19839330384275e-05 2.21121408685576e-05 2.22403486986877e-05 2.23895240196725e-05 2.26016036322108e-05 2.2813683244749e-05 2.30257628572872e-05 2.32378424698254e-05 2.34499220823636e-05 2.36620016949018e-05 2.38740831264295e-05 2.40101562667405e-05 2.41208963416284e-05 2.42316345975269e-05 2.43423746724147e-05 2.44531129283132e-05 2.45638530032011e-05 2.46745912590995e-05 2.47728003159864e-05 2.48334181378596e-05 2.48940341407433e-05 2.49546519626165e-05 2.50152679655002e-05 2.50758857873734e-05 2.51365017902572e-05
2.10774505831068e-05 2.11408896575449e-05 2.12043305509724e-05 2.12677696254104e-05 2.13225284824148e-05 2.1351246687118e-05 2.13799648918211e-05 2.14086812775349e-05 2.14373994822381e-05 2.14661158679519e-05 2.14948340726551e-05 2.15235504583688e-05 2.16320931940572e-05 2.17672459257301e-05 2.19023968384136e-05 2.20375495700864e-05 2.21727004827699e-05 2.23078532144427e-05 2.24430041271262e-05 2.25971598410979e-05 2.28083299589343e-05 2.30194982577814e-05 2.32306665566284e-05 2.34418366744649e-05 2.36530049733119e-05 2.38641750911484e-05 2.40753433899954e-05 2.42068163061049e-05 2.43117228819756e-05 2.44166294578463e-05 2.45215378527064e-05 2.46264444285771e-05 2.47313510044478e-05 2.48362593993079e-05 2.49290660576662e-05 2.49855729634874e-05 2.50420798693085e-05 2.50985867751297e-05 2.51550936809508e-05 2.5211600586772e-05 2.52681074925931e-05
2.11680107895518e-05 2.12274462683126e-05 2.12868817470735e-05 2.13463172258344e-05 2.1402984202723e-05 2.14513456739951e-05 2.14997053262778e-05 2.15480649785604e-05 2.15964264498325e-05 2.16447861021152e-05 2.16931457543978e-05 2.17415054066805e-05 2.1860172637389e-05 2.20022739085834e-05 2.21443733607884e-05 2.22864746319829e-05 2.24285759031773e-05 2.25706771743717e-05 2.27127784455661e-05 2.28695880650776e-05 2.30705209105508e-05 2.32714537560241e-05 2.34723866014974e-05 2.36733194469707e-05 2.38742541114334e-05 2.40751869569067e-05 2.427611980238e-05 2.43976446654415e-05 2.44926995947026e-05 2.45877545239637e-05 2.46828094532248e-05 2.47778643824859e-05 2.4872919311747e-05 2.4967974241008e-05 2.50538760155905e-05 2.51123110501794e-05 2.51707479037577e-05 2.5229184757336e-05 2.5287619791925e-05 2.53460566455033e-05 2.54044934990816e-05
2.12585709959967e-05 2.13140028790804e-05 2.1369434762164e-05 2.14248666452477e-05 2.14834399230313e-05 2.15514428418828e-05 2.16194457607344e-05 2.16874486795859e-05 2.17554515984375e-05 2.18234563362785e-05 2.189145925513e-05 2.19594621739816e-05 2.20882502617314e-05 2.22373000724474e-05 2.23863498831633e-05 2.25354015128687e-05 2.26844513235847e-05 2.28335011343006e-05 2.2982552764006e-05 2.31420144700678e-05 2.33327118621673e-05 2.35234092542669e-05 2.37141066463664e-05 2.3904804038466e-05 2.40955014305655e-05 2.4286198822665e-05 2.44768962147646e-05 2.45884730247781e-05 2.46736763074296e-05 2.4758879590081e-05 2.48440828727325e-05 2.4929286155384e-05 2.50144876190461e-05 2.50996909016976e-05 2.51786841545254e-05 2.52390509558609e-05 2.52994159382069e-05 2.5359780920553e-05 2.54201477218885e-05 2.54805127042346e-05 2.55408776865806e-05
2.13491312024416e-05 2.14005594898481e-05 2.14519859582651e-05 2.15034142456716e-05 2.15638956433395e-05 2.16515418287599e-05 2.17391880141804e-05 2.18268341996009e-05 2.19144785660319e-05 2.20021247514524e-05 2.20897709368728e-05 2.21774171222933e-05 2.23163278860739e-05 2.24723280553007e-05 2.26283282245276e-05 2.27843265747651e-05 2.2940326743992e-05 2.30963269132189e-05 2.32523252634564e-05 2.34144408750581e-05 2.35949028137838e-05 2.37753647525096e-05 2.39558266912354e-05 2.41362886299612e-05 2.4316750568687e-05 2.44972125074128e-05 2.46776744461386e-05 2.47793032031041e-05 2.48546530201565e-05 2.49300046561984e-05 2.50053544732509e-05 2.50807061092928e-05 2.51560559263453e-05 2.52314075623872e-05 2.53034941124497e-05 2.53657890425529e-05 2.54280839726562e-05 2.54903789027594e-05 2.55526738328626e-05 2.56149687629659e-05 2.56772636930691e-05
2.14396914088866e-05 2.14871161006158e-05 2.15345389733557e-05 2.15819618460955e-05 2.16443513636477e-05 2.17516408156371e-05 2.1858928448637e-05 2.19662179006264e-05 2.20735055336263e-05 2.21807949856156e-05 2.2288084437605e-05 2.23953720706049e-05 2.25444073294057e-05 2.27073560381541e-05 2.28703047469025e-05 2.3033253455651e-05 2.31962021643994e-05 2.33591508731479e-05 2.35220995818963e-05 2.36868672800483e-05 2.38570937654004e-05 2.40273202507524e-05 2.41975467361044e-05 2.43677732214564e-05 2.45379978878191e-05 2.47082243731711e-05 2.48784508585231e-05 2.49701315624407e-05 2.50356297328835e-05 2.51011279033264e-05 2.51666278927587e-05 2.52321260632016e-05 2.52976242336445e-05 2.53631242230767e-05 2.5428304070374e-05 2.5492527129245e-05 2.55567520071054e-05 2.56209768849658e-05 2.56851999438368e-05 2.57494248216972e-05 2.58136496995576e-05
2.15302516153315e-05 2.15736708923941e-05 2.16170901694568e-05 2.16605094465194e-05 2.1724807083956e-05 2.18517379835248e-05 2.1978670702083e-05 2.21056016016519e-05 2.22325325012207e-05 2.23594652197789e-05 2.24863961193478e-05 2.2613328837906e-05 2.27724849537481e-05 2.29423822020181e-05 2.31122812692774e-05 2.32821785175474e-05 2.34520775848068e-05 2.36219748330768e-05 2.37918739003362e-05 2.39592936850386e-05 2.41192847170169e-05 2.42792757489951e-05 2.44392667809734e-05 2.45992559939623e-05 2.47592470259406e-05 2.49192380579188e-05 2.50792272709077e-05 2.51609599217772e-05 2.52166064456105e-05 2.52722529694438e-05 2.53278994932771e-05 2.53835460171103e-05 2.54391925409436e-05 2.54948390647769e-05 2.55531122093089e-05 2.56192670349265e-05 2.56854200415546e-05 2.57515730481828e-05 2.58177278738003e-05 2.58838808804285e-05 2.59500338870566e-05
2.16567004827084e-05 2.16953612834914e-05 2.17340220842743e-05 2.17726828850573e-05 2.18386139749782e-05 2.19863486563554e-05 2.2134085156722e-05 2.22818216570886e-05 2.24295581574552e-05 2.25772946578218e-05 2.27250311581884e-05 2.2872767658555e-05 2.30389468924841e-05 2.32112743105972e-05 2.33836017287103e-05 2.35559291468235e-05 2.37282565649366e-05 2.39005839830497e-05 2.40729132201523e-05 2.42389578488655e-05 2.43861541093793e-05 2.4533350369893e-05 2.46805466304068e-05 2.48277428909205e-05 2.49749391514342e-05 2.5122135411948e-05 2.52693334914511e-05 2.53460984822595e-05 2.53993857768364e-05 2.54526730714133e-05 2.55059603659902e-05 2.55592476605671e-05 2.56125367741333e-05 2.56658240687102e-05 2.57235496974317e-05 2.57945866906084e-05 2.58656255027745e-05 2.59366643149406e-05 2.60077013081172e-05 2.60787401202833e-05 2.61497789324494e-05
2.18190343730384e-05 2.18521836359287e-05 2.18853328988189e-05 2.19184839806985e-05 2.19857702177251e-05 2.21554728341289e-05 2.23251754505327e-05 2.24948780669365e-05 2.26645806833403e-05 2.28342832997441e-05 2.30039859161479e-05 2.31736885325518e-05 2.33437931456137e-05 2.35140305449022e-05 2.36842679441907e-05 2.38545053434791e-05 2.40247427427676e-05 2.4194980142056e-05 2.43652175413445e-05 2.45258561335504e-05 2.46577001234982e-05 2.4789544113446e-05 2.49213881033938e-05 2.50532320933416e-05 2.51850779022789e-05 2.53169218922267e-05 2.54487658821745e-05 2.55255436059088e-05 2.55839659075718e-05 2.56423882092349e-05 2.5700810510898e-05 2.57592309935717e-05 2.58176532952348e-05 2.58760755968979e-05 2.59396110777743e-05 2.60184897342697e-05 2.6097368390765e-05 2.6176245228271e-05 2.62551238847664e-05 2.63340025412617e-05 2.64128793787677e-05
2.19813682633685e-05 2.2009005988366e-05 2.20366455323528e-05 2.20642832573503e-05 2.21329282794613e-05 2.23245970119024e-05 2.25162675633328e-05 2.27079362957738e-05 2.28996050282149e-05 2.30912737606559e-05 2.32829424930969e-05 2.3474611225538e-05 2.36486393987434e-05 2.38167867792072e-05 2.39849323406816e-05 2.41530797211453e-05 2.43212271016091e-05 2.44893744820729e-05 2.46575218625367e-05 2.48127544182353e-05 2.49292461376172e-05 2.5045737856999e-05 2.51622313953703e-05 2.52787231147522e-05 2.53952148341341e-05 2.5511706553516e-05 2.56281982728979e-05 2.5704988729558e-05 2.57685460383072e-05 2.58321015280671e-05 2.58956588368164e-05 2.59592143265763e-05 2.60227716353256e-05 2.60863271250855e-05 2.61556742771063e-05 2.62423927779309e-05 2.63291094597662e-05 2.64158279605908e-05 2.65025464614155e-05 2.65892631432507e-05 2.66759816440754e-05
2.21437021536985e-05 2.21658283408033e-05 2.21879563468974e-05 2.22100825340021e-05 2.22800863411976e-05 2.24937211896759e-05 2.27073578571435e-05 2.29209927056218e-05 2.31346275541e-05 2.33482642215677e-05 2.35618990700459e-05 2.37755339185242e-05 2.39534856518731e-05 2.41195430135122e-05 2.42855985561619e-05 2.4451655917801e-05 2.46177114604507e-05 2.47837688220898e-05 2.49498261837289e-05 2.50996527029201e-05 2.52007921517361e-05 2.53019334195415e-05 2.54030728683574e-05 2.55042123171734e-05 2.56053517659893e-05 2.57064912148053e-05 2.58076324826106e-05 2.58844356721966e-05 2.59531261690427e-05 2.60218166658888e-05 2.60905071627349e-05 2.6159197659581e-05 2.62278899754165e-05 2.62965804722626e-05 2.63717374764383e-05 2.64662958215922e-05 2.65608523477567e-05 2.66554106929107e-05 2.67499672190752e-05 2.68445255642291e-05 2.6939083909383e-05
2.23060360440286e-05 2.232265251223e-05 2.2339267161442e-05 2.2355881810654e-05 2.24272444029339e-05 2.26628453674493e-05 2.28984481509542e-05 2.31340491154697e-05 2.33696518989746e-05 2.360525286349e-05 2.38408538280055e-05 2.40764566115104e-05 2.42583319050027e-05 2.44222974288277e-05 2.45862647716422e-05 2.47502302954672e-05 2.49141976382816e-05 2.50781631621066e-05 2.52421305049211e-05 2.5386550987605e-05 2.54723399848444e-05 2.55581271630945e-05 2.56439143413445e-05 2.57297015195945e-05 2.58154886978446e-05 2.5901277695084e-05 2.5987064873334e-05 2.60638807958458e-05 2.61377062997781e-05 2.62115318037104e-05 2.62853573076427e-05 2.63591809925856e-05 2.64330064965179e-05 2.65068320004502e-05 2.65878006757703e-05 2.66901970462641e-05 2.67925952357473e-05 2.68949934252305e-05 2.69973897957243e-05 2.70997879852075e-05 2.72021843557013e-05
2.24683699343586e-05 2.24794748646673e-05 2.24905779759865e-05 2.25016829062952e-05 2.25744024646701e-05 2.28319695452228e-05 2.30895384447649e-05 2.3347107344307e-05 2.36046744248597e-05 2.38622433244018e-05 2.41198104049545e-05 2.43773793044966e-05 2.45631781581324e-05 2.47250536631327e-05 2.48869291681331e-05 2.50488064921228e-05 2.52106819971232e-05 2.53725575021235e-05 2.55344348261133e-05 2.56734492722899e-05 2.57438859989634e-05 2.58143209066475e-05 2.58847558143316e-05 2.59551925410051e-05 2.60256274486892e-05 2.60960623563733e-05 2.61664972640574e-05 2.6243325919495e-05 2.63222864305135e-05 2.64012451225426e-05 2.64802056335611e-05 2.65591643255902e-05 2.66381248366088e-05 2.67170835286379e-05 2.68038638751023e-05 2.69141000899253e-05 2.70243381237378e-05 2.71345743385609e-05 2.72448123723734e-05 2.73550485871965e-05 2.7465286621009e-05
