data/working_set_collections/6091692-Cassins_Sparrow-M2/2000/evland_avg.asc
NCOLS 265 
NROWS 230 
XLLCORNER -115.5625 
YLLCORNER 24.8333333333333 
CELLSIZE 0.0833333333333333 
NODATA_value -9999 
[rows 72 to 89 of 230, columns 0 to 40 of 265]
4.73639693154837e-06 4.9034679250326e-06 5.07053891851683e-06 5.23760991200106e-06 5.40468045073794e-06 5.57175144422217e-06 5.7388224377064e-06 5.87810291108326e-06 6.00811972617521e-06 6.13813699601451e-06 6.26815381110646e-06 6.39817062619841e-06 6.52818744129036e-06 6.65820471112966e-06 6.77533398629748e-06 6.85380018694559e-06 6.93226684234105e-06 7.01073349773651e-06 7.08920015313197e-06 7.16766680852743e-06 7.24613346392289e-06 7.324599664571e-06 7.50032313590054e-06 7.70846509112744e-06 7.91660659160698e-06 8.12474900158122e-06 8.33289050206076e-06 8.54103291203501e-06 8.74917441251455e-06 8.95884841156658e-06 9.17311990633607e-06 9.38739049161086e-06 9.60166107688565e-06 9.81593166216044e-06 1.00302022474352e-05 1.02444737422047e-05 1.04587443274795e-05 1.0354014193581e-05 1.01429513961193e-05 9.93188859865768e-06 9.72082580119604e-06
4.67758491140557e-06 4.8351635086874e-06 4.99274210596923e-06 5.15032070325105e-06 5.30789930053288e-06 5.46547789781471e-06 5.62305649509653e-06 5.77028595216689e-06 5.91406569583341e-06 6.05784543949994e-06 6.20162518316647e-06 6.345404926833e-06 6.48918421575218e-06 6.6329639594187e-06 6.76539548294386e-06 6.86378098180285e-06 6.96216648066184e-06 7.06055197952082e-06 7.15893747837981e-06 7.2573229772388e-06 7.35570893084514e-06 7.45409442970413e-06 7.6257529144641e-06 7.82183633418754e-06 8.01791884441627e-06 8.21400226413971e-06 8.41008477436844e-06 8.60616819409188e-06 8.80225070432061e-06 8.99797123565804e-06 9.19260310183745e-06 9.38723405852215e-06 9.58186592470156e-06 9.77649779088097e-06 9.97112874756567e-06 1.01657606137451e-05 1.03603924799245e-05 1.02368630905403e-05 1.00072793429717e-05 9.7776965048979e-06 9.54811366682407e-06
4.61877243651543e-06 4.7668590923422e-06 4.91494529342162e-06 5.06303149450105e-06 5.21111769558047e-06 5.35920389665989e-06 5.50729055248667e-06 5.66246899325051e-06 5.82001121074427e-06 5.97755388298538e-06 6.13509610047913e-06 6.29263877272024e-06 6.45018144496134e-06 6.6077236624551e-06 6.75545652484288e-06 6.87376132191275e-06 6.99206566423527e-06 7.11037046130514e-06 7.22867480362765e-06 7.34697960069752e-06 7.46528394302004e-06 7.58358874008991e-06 7.75118314777501e-06 7.93520666775294e-06 8.11923109722557e-06 8.3032555266982e-06 8.48727904667612e-06 8.67130347614875e-06 8.85532790562138e-06 9.03709405974951e-06 9.21208629733883e-06 9.38707853492815e-06 9.56207077251747e-06 9.7370630101068e-06 9.91205524769612e-06 1.00870474852854e-05 1.02620397228748e-05 1.01197110780049e-05 9.87160819931887e-06 9.62350532063283e-06 9.37540244194679e-06
4.55996041637263e-06 4.698554675997e-06 4.83714848087402e-06 4.97574228575104e-06 5.11433654537541e-06 5.25293035025243e-06 5.39152415512945e-06 5.55465157958679e-06 5.72595718040247e-06 5.89726232647081e-06 6.06856747253914e-06 6.23987261860748e-06 6.41117821942316e-06 6.5824833654915e-06 6.74551802148926e-06 6.88374166202266e-06 7.02196530255605e-06 7.16018894308945e-06 7.29841258362285e-06 7.43663622415625e-06 7.57485940994229e-06 7.71308350522304e-06 7.87661247159122e-06 8.04857791081304e-06 8.22054335003486e-06 8.39250878925668e-06 8.5644733189838e-06 8.73643875820562e-06 8.90840419742744e-06 9.07621597434627e-06 9.23156949284021e-06 9.38692210183945e-06 9.54227562033338e-06 9.69762822933262e-06 9.85298174782656e-06 1.00083343568258e-05 1.01636878753197e-05 1.00025590654695e-05 9.7359361461713e-06 9.46931322687306e-06 9.20269030757481e-06
4.50114839622984e-06 4.6302502596518e-06 4.75935166832642e-06 4.88845307700103e-06 5.017554940423e-06 5.14665634909761e-06 5.27575821251958e-06 5.44683462067042e-06 5.63190269531333e-06 5.81697076995624e-06 6.00203884459916e-06 6.18710691924207e-06 6.37217499388498e-06 6.5572430685279e-06 6.73557951813564e-06 6.89372200213256e-06 7.05186494087684e-06 7.21000742487377e-06 7.36814990887069e-06 7.52629239286762e-06 7.68443533161189e-06 7.84257736086147e-06 8.00204270490212e-06 8.16194915387314e-06 8.32185560284415e-06 8.48176205181517e-06 8.64166759129148e-06 8.80157404026249e-06 8.96148048923351e-06 9.11533879843773e-06 9.25105268834159e-06 9.38676657824544e-06 9.5224804681493e-06 9.65819435805315e-06 9.79390824795701e-06 9.92962213786086e-06 1.00653360277647e-05 9.88540705293417e-06 9.60026409302372e-06 9.31512113311328e-06 9.02997908269754e-06
4.44233637608704e-06 4.5619458433066e-06 4.68155485577881e-06 4.80116432299837e-06 4.92077333547059e-06 5.04038280269015e-06 5.15999226990971e-06 5.33901766175404e-06 5.53784821022418e-06 5.73667921344168e-06 5.93551021665917e-06 6.13434076512931e-06 6.3331717683468e-06 6.53200277156429e-06 6.72564101478201e-06 6.90370279698982e-06 7.08176412445027e-06 7.25982590665808e-06 7.43788723411853e-06 7.61594901632634e-06 7.7940103437868e-06 7.9720721259946e-06 8.12747293821303e-06 8.27532039693324e-06 8.42316785565345e-06 8.57101531437365e-06 8.71886186359916e-06 8.86670932231937e-06 9.01455678103957e-06 9.1544607130345e-06 9.27053588384297e-06 9.38661014515674e-06 9.50268531596521e-06 9.61875957727898e-06 9.73483474808745e-06 9.85090900940122e-06 9.96698327071499e-06 9.7682550403988e-06 9.46459294937085e-06 9.16092994884821e-06 8.85726694832556e-06
4.3819109123433e-06 4.49168010163703e-06 4.60144929093076e-06 4.71121893497184e-06 4.82098812426557e-06 4.9307573135593e-06 5.04052650285303e-06 5.21942820341792e-06 5.42137422598898e-06 5.62332024856005e-06 5.82526581638376e-06 6.02721183895483e-06 6.22915786152589e-06 6.43110388409696e-06 6.62764023218188e-06 6.80794801155571e-06 6.98825579092954e-06 7.16856357030338e-06 7.34887089492986e-06 7.52917867430369e-06 7.70948645367753e-06 7.88979468779871e-06 8.04411047283793e-06 8.18976241134806e-06 8.33541434985818e-06 8.48106719786301e-06 8.62671913637314e-06 8.77237107488327e-06 8.9180230133934e-06 9.05370598047739e-06 9.15947839530418e-06 9.26525171962567e-06 9.37102504394716e-06 9.47679836826865e-06 9.58257169259014e-06 9.68834410741692e-06 9.79411743173841e-06 9.58966666075867e-06 9.28180725168204e-06 8.97394784260541e-06 8.66608843352878e-06
4.31987245974597e-06 4.41945394413779e-06 4.5190354285296e-06 4.61861691292142e-06 4.71819839731324e-06 4.81777988170506e-06 4.91736136609688e-06 5.0880667004094e-06 5.28248028786038e-06 5.47689342056401e-06 5.67130655326764e-06 5.86572014071862e-06 6.06013327342225e-06 6.25454686087323e-06 6.44157717033522e-06 6.60645810057758e-06 6.77133903081995e-06 6.93622041580966e-06 7.10110134605202e-06 7.26598227629438e-06 7.43086320653674e-06 7.5957441367791e-06 7.75195530877681e-06 7.90527610661229e-06 8.05859690444777e-06 8.21191770228324e-06 8.36523759062402e-06 8.5185583884595e-06 8.67187918629497e-06 8.81307278177701e-06 8.91788204171462e-06 9.02269130165223e-06 9.12750056158984e-06 9.23230982152745e-06 9.33711908146506e-06 9.44192834140267e-06 9.54673760134028e-06 9.34964009502437e-06 9.05190790945198e-06 8.7541748143849e-06 8.45644171931781e-06
4.25783400714863e-06 4.34722778663854e-06 4.43662156612845e-06 4.52601489087101e-06 4.61540867036092e-06 4.70480244985083e-06 4.79419622934074e-06 4.95670519740088e-06 5.14358589498443e-06 5.33046659256797e-06 5.51734729015152e-06 5.70422844248242e-06 5.89110914006596e-06 6.07798983764951e-06 6.25551410848857e-06 6.40496818959946e-06 6.5544227254577e-06 6.70387680656859e-06 6.85333134242683e-06 7.00278587828507e-06 7.15223995939596e-06 7.3016944952542e-06 7.4598001447157e-06 7.62078934712918e-06 7.78177854954265e-06 7.94276820670348e-06 8.1037569543696e-06 8.26474661153043e-06 8.42573535919655e-06 8.57243867358193e-06 8.67628477863036e-06 8.78012997418409e-06 8.88397516973782e-06 8.98782127478626e-06 9.09166647033999e-06 9.19551166589372e-06 9.29935777094215e-06 9.10961443878477e-06 8.82200856722193e-06 8.53440178616438e-06 8.24679591460153e-06
4.1957955545513e-06 4.27500117439195e-06 4.35420724897995e-06 4.43341332356795e-06 4.51261939815595e-06 4.5918250179966e-06 4.6710310925846e-06 4.82534369439236e-06 5.00469195685582e-06 5.18404021931929e-06 5.3633880270354e-06 5.54273628949886e-06 5.72208455196233e-06 5.90143281442579e-06 6.06945059189457e-06 6.20347827862133e-06 6.3375059653481e-06 6.47153365207487e-06 6.60556133880164e-06 6.7395890255284e-06 6.87361671225517e-06 7.00764439898194e-06 7.16764498065459e-06 7.33630258764606e-06 7.50496064938488e-06 7.67361871112371e-06 7.84227631811518e-06 8.01093392510666e-06 8.17959153209813e-06 8.33180547488155e-06 8.4346875155461e-06 8.53756955621066e-06 8.64045068738051e-06 8.74333272804506e-06 8.84621385921491e-06 8.94909589987947e-06 9.05197794054402e-06 8.86958787305048e-06 8.59210831549717e-06 8.31462966743857e-06 8.03715010988526e-06
4.13375664720661e-06 4.2027750168927e-06 4.27179338657879e-06 4.34081130151753e-06 4.40982967120362e-06 4.47884804088972e-06 4.54786595582846e-06 4.69398219138384e-06 4.86579801872722e-06 5.03761339132325e-06 5.20942876391928e-06 5.38124459126266e-06 5.55305996385869e-06 5.72487579120207e-06 5.88338753004791e-06 6.00198836764321e-06 6.12058965998585e-06 6.23919049758115e-06 6.3577917899238e-06 6.47639262751909e-06 6.59499346511438e-06 6.71359475745703e-06 6.87548981659347e-06 7.0518162829103e-06 7.22814229447977e-06 7.40446876079659e-06 7.58079522711341e-06 7.75712214817759e-06 7.93344861449441e-06 8.09117227618117e-06 8.19309025246184e-06 8.29500822874252e-06 8.39692620502319e-06 8.49884418130387e-06 8.60076215758454e-06 8.70267922437051e-06 8.80459720065119e-06 8.62956221681088e-06 8.36220897326712e-06 8.09485663921805e-06 7.82750339567428e-06
4.07171819460928e-06 4.13054885939346e-06 4.18937906943029e-06 4.24820973421447e-06 4.3070399442513e-06 4.36587060903548e-06 4.42470081907231e-06 4.56262068837532e-06 4.72690362585126e-06 4.89118656332721e-06 5.05546950080316e-06 5.21975289302645e-06 5.3840358305024e-06 5.54831876797834e-06 5.69732446820126e-06 5.80049891141243e-06 5.90367289987626e-06 6.00684734308743e-06 6.1100217862986e-06 6.21319622950978e-06 6.3163702179736e-06 6.41954466118477e-06 6.58333465253236e-06 6.76732952342718e-06 6.951324394322e-06 7.13531926521682e-06 7.31931459085899e-06 7.50330946175382e-06 7.68730478739599e-06 7.85053907748079e-06 7.95149298937758e-06 8.05244690127438e-06 8.15340172266588e-06 8.25435563456267e-06 8.35530954645947e-06 8.45626345835626e-06 8.55721737025306e-06 8.38953656057129e-06 8.13230963103706e-06 7.87508361099754e-06 7.61785759095801e-06
4.0312797864317e-06 4.07886773245991e-06 4.12645522374078e-06 4.17404316976899e-06 4.22163111579721e-06 4.26921860707807e-06 4.31680655310629e-06 4.44424313172931e-06 4.59829607279971e-06 4.75234946861747e-06 4.90640240968787e-06 5.06045535075828e-06 5.21450829182868e-06 5.36856123289908e-06 5.51027278561378e-06 5.614959718514e-06 5.71964665141422e-06 5.82433358431445e-06 5.92902051721467e-06 6.03370745011489e-06 6.13839438301511e-06 6.24308131591533e-06 6.4068381107063e-06 6.59028546579066e-06 6.77373236612766e-06 6.95717972121201e-06 7.14062707629637e-06 7.32407397663337e-06 7.50752133171773e-06 7.67046913097147e-06 7.77192053647013e-06 7.8733719419688e-06 7.97482334746746e-06 8.07627384347143e-06 8.17772524897009e-06 8.27917665446876e-06 8.38062715047272e-06 8.22445599624189e-06 7.98240944277495e-06 7.74036288930802e-06 7.49831679058843e-06
4.01244142267387e-06 4.04773163609207e-06 4.08302184951026e-06 4.11831206292845e-06 4.15360227634665e-06 4.18889248976484e-06 4.22418270318303e-06 4.33884952144581e-06 4.47997535957256e-06 4.62110074295197e-06 4.76222658107872e-06 4.90335241920548e-06 5.04447780258488e-06 5.18560364071163e-06 5.32223248228547e-06 5.44537124369526e-06 5.56851000510505e-06 5.69164876651485e-06 5.81478752792464e-06 5.93792628933443e-06 6.06106505074422e-06 6.18420381215401e-06 6.34600064586266e-06 6.52068365525338e-06 6.6953666646441e-06 6.87004967403482e-06 7.04473268342554e-06 7.21941569281626e-06 7.39409870220697e-06 7.55096334614791e-06 7.65437198424479e-06 7.75778153183637e-06 7.86119107942795e-06 7.96460062701954e-06 8.06800926511642e-06 8.171418812708e-06 8.27482836029958e-06 8.13432052382268e-06 7.91250749898609e-06 7.6906944741495e-06 7.46888099456555e-06
3.9936035136634e-06 4.01659599447157e-06 4.03958847527974e-06 4.06258095608791e-06 4.08557343689608e-06 4.1085663724516e-06 4.13155885325978e-06 4.23345591116231e-06 4.36165419159806e-06 4.48985247203382e-06 4.61805075246957e-06 4.74624948765268e-06 4.87444776808843e-06 5.00264604852418e-06 5.13419263370452e-06 5.27578322362388e-06 5.41737381354324e-06 5.5589644034626e-06 5.70055499338196e-06 5.84214558330132e-06 5.98373617322068e-06 6.12532676314004e-06 6.28516318101902e-06 6.4510818447161e-06 6.61700096316054e-06 6.78291962685762e-06 6.9488382905547e-06 7.11475740899914e-06 7.28067607269622e-06 7.431457106577e-06 7.53682434151415e-06 7.64219203119865e-06 7.74755881138844e-06 7.85292650107294e-06 7.95829328126274e-06 8.06366097094724e-06 8.16902866063174e-06 8.04418505140347e-06 7.84260555519722e-06 7.64102514949627e-06 7.43944519854267e-06
3.97476514990558e-06 3.98545989810373e-06 3.99615510104923e-06 4.00684984924737e-06 4.01754505219287e-06 4.02823980039102e-06 4.03893500333652e-06 4.12806184613146e-06 4.24333302362356e-06 4.35860420111567e-06 4.47387537860777e-06 4.58914655609988e-06 4.70441773359198e-06 4.81968845633673e-06 4.94615233037621e-06 5.10619474880514e-06 5.26623716723407e-06 5.426279585663e-06 5.58632200409193e-06 5.74636442252086e-06 5.90640684094978e-06 6.06644925937871e-06 6.22432571617537e-06 6.38148048892617e-06 6.53863480692962e-06 6.69578957968042e-06 6.85294435243122e-06 7.01009867043467e-06 7.16725344318547e-06 7.31195086700609e-06 7.41927624403615e-06 7.52660162106622e-06 7.63392654334893e-06 7.74125237512635e-06 7.84857820690377e-06 7.95590312918648e-06 8.0632289609639e-06 7.95405048847897e-06 7.77270361140836e-06 7.5913562795904e-06 7.41000985726714e-06
3.95592678614776e-06 3.95432425648323e-06 3.95272172681871e-06 3.95111874240683e-06 3.94951621274231e-06 3.94791368307779e-06 3.94631115341326e-06 4.02266823584796e-06 4.12501185564906e-06 4.22735593019752e-06 4.32969954999862e-06 4.43204362454708e-06 4.53438724434818e-06 4.63673086414929e-06 4.75811248179525e-06 4.93660672873375e-06 5.11510097567225e-06 5.29359522261075e-06 5.47208946954925e-06 5.65058371648774e-06 5.82907796342624e-06 6.00757221036474e-06 6.16348825133173e-06 6.31187867838889e-06 6.46026910544606e-06 6.60865953250322e-06 6.75704995956039e-06 6.90544038661756e-06 7.05383081367472e-06 7.19244462743518e-06 7.30172814655816e-06 7.41101166568114e-06 7.52029518480413e-06 7.62957824917976e-06 7.73886222305009e-06 7.84814528742572e-06 7.95742926129606e-06 7.86391501605976e-06 7.7028016676195e-06 7.54168786443188e-06 7.38057406124426e-06
3.93708842238993e-06 3.92318816011539e-06 3.90928835258819e-06 3.89538809031365e-06 3.8814878280391e-06 3.86758756576455e-06 3.85368730349001e-06 3.91727462556446e-06 4.00669114242191e-06 4.09610765927937e-06 4.18552417613682e-06 4.27494069299428e-06 4.36435720985173e-06 4.45377372670919e-06 4.57007217846694e-06 4.76701825391501e-06 4.96396432936308e-06 5.16091040481115e-06 5.35785648025922e-06 5.55480255570728e-06 5.75174863115535e-06 5.94869470660342e-06 6.10265078648808e-06 6.24227686785161e-06 6.3819034039625e-06 6.52152948532603e-06 6.66115556668956e-06 6.80078210280044e-06 6.94040818416397e-06 7.07293793311692e-06 7.18417959433282e-06 7.29542125554872e-06 7.40666291676462e-06 7.51790457798052e-06 7.62914623919642e-06 7.74038835515967e-06 7.85162956162822e-06 7.77377954364056e-06 7.63289881433593e-06 7.49201899452601e-06 7.35113826522138e-06
