data/working_set_collections/6091692-Cassins_Sparrow-M2/2000/evland_avg.asc
NCOLS 265 
NROWS 230 
XLLCORNER -115.5625 
YLLCORNER 24.8333333333333 
CELLSIZE 0.0833333333333333 
NODATA_value -9999 
[rows 180 to 197 of 230, columns 123 to 163 of 265]
9.78611933533102e-06 9.68294898484601e-06 9.57977772486629e-06 9.47660646488657e-06 9.41805592447054e-06 9.37437744141789e-06 9.33069986785995e-06 9.2870213848073e-06 9.24334381124936e-06 9.19966532819672e-06 9.15598775463877e-06 9.10939343157224e-06 9.05404976947466e-06 8.99870701687178e-06 8.94336426426889e-06 8.88802151166601e-06 8.83267875906313e-06 8.77733509696554e-06 8.72199234436266e-06 8.82367658050498e-06 8.97770314622903e-06 9.13172971195308e-06 9.28575718717184e-06 9.43978375289589e-06 9.59381031861994e-06 9.747836884344e-06 9.92359400697751e-06 1.01645418908447e-05 1.04054897747119e-05 1.06464376585791e-05 1.08873855424463e-05 1.11283334263135e-05 1.13692813101807e-05 1.16102291940479e-05 1.18498583105975e-05 1.20890472317114e-05 1.23282370623201e-05 1.25674259834341e-05 1.28066158140427e-05 1.30458047351567e-05 1.32849936562707e-05
9.71157987805782e-06 9.61022851697635e-06 9.50887715589488e-06 9.40752670430811e-06 9.35013031266863e-06 9.30738497118e-06 9.26464053918608e-06 9.22189519769745e-06 9.17915076570353e-06 9.1364054242149e-06 9.09366008272627e-06 9.0457097030594e-06 8.98214148037368e-06 8.91857234819327e-06 8.85500412550755e-06 8.79143590282183e-06 8.72786677064141e-06 8.6642985479557e-06 8.60073032526998e-06 8.6985155576258e-06 8.85008648765506e-06 9.00165741768433e-06 9.15322834771359e-06 9.30479836824816e-06 9.45636929827742e-06 9.60794022830669e-06 9.78933258011239e-06 1.00601891972474e-05 1.03310467238771e-05 1.06019033410121e-05 1.08727608676418e-05 1.11436174847768e-05 1.14144750114065e-05 1.16853316285415e-05 1.19365713544539e-05 1.21812727229553e-05 1.24259740914567e-05 1.26706745504634e-05 1.29153759189649e-05 1.31600772874663e-05 1.3404777746473e-05
9.63703951128991e-06 9.53750804910669e-06 9.43797749641817e-06 9.33844603423495e-06 9.28220470086671e-06 9.24039250094211e-06 9.1985812105122e-06 9.1567690105876e-06 9.11495772015769e-06 9.07314552023308e-06 9.03133332030848e-06 8.98202597454656e-06 8.91023228177801e-06 8.83843767951475e-06 8.7666439867462e-06 8.69484938448295e-06 8.6230556917144e-06 8.55126108945115e-06 8.47946739668259e-06 8.57335453474661e-06 8.72246982908109e-06 8.87158421392087e-06 9.02069950825535e-06 9.16981389309512e-06 9.3189291874296e-06 9.46804357226938e-06 9.65507115324726e-06 9.95583741314476e-06 1.02566036730423e-05 1.05573699329398e-05 1.08581352833426e-05 1.11589015432401e-05 1.14596678031376e-05 1.17604340630351e-05 1.20232853078051e-05 1.22734982141992e-05 1.25237111205934e-05 1.27739240269875e-05 1.30241369333817e-05 1.32743498397758e-05 1.352456274617e-05
9.56249914452201e-06 9.46478849073173e-06 9.36707692744676e-06 9.26936627365649e-06 9.2142790890648e-06 9.17340094019892e-06 9.13252188183833e-06 9.09164282347774e-06 9.05076467461186e-06 9.00988561625127e-06 8.96900655789068e-06 8.91834315552842e-06 8.83832308318233e-06 8.75830301083624e-06 8.67828384798486e-06 8.59826377563877e-06 8.51824461278738e-06 8.4382245404413e-06 8.35820446809521e-06 8.44819351186743e-06 8.59485317050712e-06 8.74151191965211e-06 8.8881706687971e-06 9.03482941794209e-06 9.18148816708708e-06 9.32814691623207e-06 9.52080972638214e-06 9.85148471954744e-06 1.01821606222074e-05 1.05128356153728e-05 1.08435106085381e-05 1.11741856017034e-05 1.15048615043634e-05 1.18355364975287e-05 1.21099983516615e-05 1.23657237054431e-05 1.262144814973e-05 1.28771725940169e-05 1.31328970383038e-05 1.33886223920854e-05 1.36443468363723e-05
9.4879587777541e-06 9.39206802286208e-06 9.29617726797005e-06 9.20028651307803e-06 9.14635438675759e-06 9.10640846996102e-06 9.06646255316446e-06 9.02651663636789e-06 8.98657162906602e-06 8.94662571226945e-06 8.90667979547288e-06 8.85465942701558e-06 8.76641388458665e-06 8.67816834215773e-06 8.58992370922351e-06 8.50167816679459e-06 8.41343262436567e-06 8.32518708193675e-06 8.23694244900253e-06 8.32303339848295e-06 8.46723560243845e-06 8.61143871588865e-06 8.75564182933886e-06 8.89984494278906e-06 9.04404714674456e-06 9.18825026019476e-06 9.38654829951702e-06 9.74713293544482e-06 1.01077175713726e-05 1.04683012978057e-05 1.08288859337335e-05 1.11894696601667e-05 1.15500542960945e-05 1.19106389320223e-05 1.21967123050126e-05 1.24579482871923e-05 1.27191851788666e-05 1.29804211610463e-05 1.32416580527206e-05 1.35028949443949e-05 1.37641309265746e-05
9.4134184109862e-06 9.31934755499242e-06 9.22527669899864e-06 9.13120584300486e-06 9.07842877495568e-06 9.03941599972313e-06 9.00040322449058e-06 8.96139044925803e-06 8.92237858352019e-06 8.88336580828764e-06 8.84435303305509e-06 8.79097569850273e-06 8.69450468599098e-06 8.59803367347922e-06 8.50156357046217e-06 8.40509255795041e-06 8.30862154543865e-06 8.2121505329269e-06 8.11567952041514e-06 8.19787237560377e-06 8.33961894386448e-06 8.4813664216199e-06 8.62311298988061e-06 8.76485955814132e-06 8.90660703589674e-06 9.04835360415746e-06 9.2522877821466e-06 9.64278115134221e-06 1.00332745205378e-05 1.04237678897334e-05 1.08142603494343e-05 1.12047537186299e-05 1.15952470878256e-05 1.19857404570212e-05 1.22834253488691e-05 1.25501737784361e-05 1.28169222080032e-05 1.30836706375703e-05 1.33504190671374e-05 1.36171674967045e-05 1.38839159262716e-05
9.35630032472545e-06 9.26353095564991e-06 9.17076158657437e-06 9.07799221749883e-06 9.0266757979407e-06 8.9891764218919e-06 8.9516779553378e-06 8.914178579289e-06 8.8766792032402e-06 8.8391807366861e-06 8.8016813606373e-06 8.74946908879792e-06 8.6531190390815e-06 8.55676807987038e-06 8.46041712065926e-06 8.36406616144814e-06 8.26771611173172e-06 8.17136515252059e-06 8.07501419330947e-06 8.15517341834493e-06 8.29416967462748e-06 8.43316593091004e-06 8.57216218719259e-06 8.71115753398044e-06 8.85015379026299e-06 8.98915004654555e-06 9.19534340937389e-06 9.6031262728502e-06 1.00109100458212e-05 1.04186938187922e-05 1.08264775917633e-05 1.12342613647343e-05 1.16420451377053e-05 1.20498289106763e-05 1.23566860565916e-05 1.26299009934883e-05 1.2903115930385e-05 1.31763317767764e-05 1.3449546713673e-05 1.37227616505697e-05 1.39959765874664e-05
9.31660269998247e-06 9.22461731533986e-06 9.13263193069724e-06 9.04064563655993e-06 8.99109545571264e-06 8.95569064596202e-06 8.9202849267167e-06 8.88488011696609e-06 8.84947530721547e-06 8.81406958797015e-06 8.77866477821954e-06 8.73013959790114e-06 8.64225512486883e-06 8.55437065183651e-06 8.46648526930949e-06 8.37860079627717e-06 8.29071632324485e-06 8.20283094071783e-06 8.11494646768551e-06 8.19493743620114e-06 8.33088779472746e-06 8.46683815325378e-06 8.60278851178009e-06 8.73873887030641e-06 8.87468922883272e-06 9.01063867786434e-06 9.2157151811989e-06 9.62817102845293e-06 1.00406259662122e-05 1.04530809039716e-05 1.08655367512256e-05 1.12779916889849e-05 1.16904466267442e-05 1.21029015645036e-05 1.24164935186855e-05 1.26971299323486e-05 1.29777672555065e-05 1.32584045786643e-05 1.35390409923275e-05 1.38196783154854e-05 1.41003147291485e-05
9.27690598473419e-06 9.1857036750298e-06 9.09450136532541e-06 9.00329905562103e-06 8.95551511348458e-06 8.92220396053744e-06 8.88889280759031e-06 8.85558165464317e-06 8.82227050169604e-06 8.7889593487489e-06 8.75564819580177e-06 8.71081010700436e-06 8.63139121065615e-06 8.55197231430793e-06 8.47255341795972e-06 8.3931345216115e-06 8.31371562526328e-06 8.23429763840977e-06 8.15487874206156e-06 8.23470145405736e-06 8.36760591482744e-06 8.50051037559751e-06 8.63341483636759e-06 8.76631929713767e-06 8.89922375790775e-06 9.03212821867783e-06 9.23608786251862e-06 9.65321487456094e-06 1.00703418866033e-05 1.04874679891509e-05 1.09045950011932e-05 1.13217220132356e-05 1.17388481157832e-05 1.21559751278255e-05 1.24763009807793e-05 1.27643597807037e-05 1.3052418580628e-05 1.33404773805523e-05 1.36285361804767e-05 1.3916594980401e-05 1.42046528708306e-05
9.2372083599912e-06 9.14679003471974e-06 9.05637170944829e-06 8.96595247468213e-06 8.91993477125652e-06 8.88871818460757e-06 8.85750068846392e-06 8.82628319232026e-06 8.79506660567131e-06 8.76384910952765e-06 8.732631613384e-06 8.69148061610758e-06 8.62052820593817e-06 8.54957488627406e-06 8.47862156660995e-06 8.40766915644053e-06 8.33671583677642e-06 8.26576342660701e-06 8.1948101069429e-06 8.27446638140827e-06 8.40432494442211e-06 8.53418259794125e-06 8.66404116095509e-06 8.79389972396893e-06 8.92375828698277e-06 9.05361684999662e-06 9.25646054383833e-06 9.67825872066896e-06 1.01000568974996e-05 1.05218550743302e-05 1.09436532511609e-05 1.13654523374862e-05 1.17872505143168e-05 1.22090486911475e-05 1.25361084428732e-05 1.2831588719564e-05 1.31270699057495e-05 1.34225501824403e-05 1.37180304591311e-05 1.40135107358219e-05 1.43089910125127e-05
9.19751164474292e-06 9.10787639440969e-06 9.01824114407646e-06 8.92860589374322e-06 8.88435442902846e-06 8.85523149918299e-06 8.82610856933752e-06 8.79698472999735e-06 8.76786180015188e-06 8.73873887030641e-06 8.70961503096623e-06 8.6721511252108e-06 8.60966429172549e-06 8.54717745824018e-06 8.48469062475488e-06 8.42220288177487e-06 8.35971604828956e-06 8.29722921480425e-06 8.23474238131894e-06 8.31423039926449e-06 8.44104306452209e-06 8.56785572977969e-06 8.6946683950373e-06 8.8214810602949e-06 8.9482937255525e-06 9.07510639081011e-06 9.27683322515804e-06 9.70330256677698e-06 1.01297728178906e-05 1.05562421595096e-05 1.09827124106232e-05 1.14091817522421e-05 1.18356520033558e-05 1.22621222544694e-05 1.25959159049671e-05 1.28988185679191e-05 1.32017203213763e-05 1.35046229843283e-05 1.38075247377856e-05 1.41104274007375e-05 1.44133300636895e-05
9.15781401999993e-06 9.06896275409963e-06 8.98011148819933e-06 8.89125931280432e-06 8.84877499629511e-06 8.82174572325312e-06 8.79471554071642e-06 8.76768626767443e-06 8.74065699463245e-06 8.71362772159046e-06 8.68659844854847e-06 8.65282163431402e-06 8.59880037751282e-06 8.54477912071161e-06 8.4907587734051e-06 8.4367375166039e-06 8.38271625980269e-06 8.32869591249619e-06 8.27467465569498e-06 8.3539944171207e-06 8.47776118462207e-06 8.60152795212343e-06 8.7252947196248e-06 8.84906148712616e-06 8.97282825462753e-06 9.0965950221289e-06 9.29720499698306e-06 9.728346412885e-06 1.0159487828787e-05 1.05906292446889e-05 1.10217706605908e-05 1.14529120764928e-05 1.18840534923947e-05 1.23151949082967e-05 1.2655723367061e-05 1.29660475067794e-05 1.32763716464979e-05 1.35866957862163e-05 1.38970199259347e-05 1.42073440656532e-05 1.45176682053716e-05
9.19572630664334e-06 9.10748349269852e-06 9.0192406787537e-06 8.93099877430359e-06 8.88835165824275e-06 8.86090310814325e-06 8.83345364854904e-06 8.80600509844953e-06 8.77855654835002e-06 8.75110799825052e-06 8.72365944815101e-06 8.69076575327199e-06 8.64153480506502e-06 8.59230476635275e-06 8.54307381814579e-06 8.49384377943352e-06 8.44461374072125e-06 8.39538279251428e-06 8.34615275380202e-06 8.42025929159718e-06 8.53547953738598e-06 8.65069887368008e-06 8.76591820997419e-06 8.88113845576299e-06 8.9963577920571e-06 9.1115771283512e-06 9.30392434383975e-06 9.72765246842755e-06 1.01513805930153e-05 1.05751087176031e-05 1.09988377516856e-05 1.14225658762734e-05 1.18462940008612e-05 1.2270022125449e-05 1.2608858924068e-05 1.29193977045361e-05 1.32299373944988e-05 1.35404761749669e-05 1.38510158649296e-05 1.41615546453977e-05 1.44720934258658e-05
9.31124668568373e-06 9.22343861020636e-06 9.13563053472899e-06 9.04782245925162e-06 9.00308532436611e-06 8.97270365385339e-06 8.94232289283536e-06 8.91194122232264e-06 8.88155955180991e-06 8.85117879079189e-06 8.82079712027917e-06 8.78598257259e-06 8.73786757438211e-06 8.68975257617421e-06 8.64163757796632e-06 8.59352257975843e-06 8.54540758155053e-06 8.49729167384794e-06 8.44917667564005e-06 8.51302684168331e-06 8.61419721331913e-06 8.71536849444965e-06 8.81653977558017e-06 8.91771105671069e-06 9.0188814283465e-06 9.12005270947702e-06 9.29698853724403e-06 9.70121982390992e-06 1.01054502010811e-05 1.05096805782523e-05 1.09139118649182e-05 1.13181422420894e-05 1.17223735287553e-05 1.21266039059265e-05 1.24553225759882e-05 1.27588700706838e-05 1.30624175653793e-05 1.33659650600748e-05 1.36695125547703e-05 1.39730600494659e-05 1.42766075441614e-05
9.42676797421882e-06 9.3393946372089e-06 9.25202130019898e-06 9.16464705369435e-06 9.11781899048947e-06 9.08450510905823e-06 9.05119122762699e-06 9.01787734619575e-06 8.9845634647645e-06 8.95124958333327e-06 8.91793570190202e-06 8.88120030140271e-06 8.8342003436992e-06 8.78720038599567e-06 8.74020042829216e-06 8.69320047058864e-06 8.64620051288512e-06 8.5992014646763e-06 8.55220150697278e-06 8.60579348227475e-06 8.69291579874698e-06 8.78003811521921e-06 8.86716043169145e-06 8.95428365765838e-06 9.04140597413061e-06 9.12852829060284e-06 9.29005364014301e-06 9.6747871793923e-06 1.00595198091469e-05 1.04442524389015e-05 1.08289859781507e-05 1.12137186079053e-05 1.15984521471546e-05 1.19831847769092e-05 1.23017853184137e-05 1.25983415273367e-05 1.2894896826765e-05 1.3191453035688e-05 1.3488009244611e-05 1.37845645440393e-05 1.40811207529623e-05
9.54228835325921e-06 9.45534975471674e-06 9.36841115617426e-06 9.28147164813709e-06 9.23255265661282e-06 9.19630565476837e-06 9.16005956241861e-06 9.12381256057415e-06 9.0875664682244e-06 9.05131946637994e-06 9.01507337403018e-06 8.97641712072073e-06 8.93053311301628e-06 8.88464819581714e-06 8.83876418811269e-06 8.79287927091355e-06 8.7469943537144e-06 8.70111034600995e-06 8.65522542881081e-06 8.69856012286618e-06 8.77163438417483e-06 8.84470773598878e-06 8.91778199729742e-06 8.99085625860607e-06 9.06393051991472e-06 9.13700387172867e-06 9.283118743042e-06 9.64835362537997e-06 1.00135894172126e-05 1.03788242995506e-05 1.07440600913833e-05 1.1109295883216e-05 1.14745307655539e-05 1.18397665573866e-05 1.21482480608393e-05 1.24378129839897e-05 1.27273769976455e-05 1.30169410113012e-05 1.33065059344517e-05 1.35960699481075e-05 1.38856339617632e-05
9.6578096417943e-06 9.57130487222457e-06 9.48480101214955e-06 9.39829624257982e-06 9.34728632273618e-06 9.30810710997321e-06 9.26892789721023e-06 9.22974868444726e-06 9.19056947168428e-06 9.15139025892131e-06 9.11221104615834e-06 9.07163484953344e-06 9.02686588233337e-06 8.9820960056386e-06 8.93732703843853e-06 8.89255807123845e-06 8.84778819454368e-06 8.80301922734361e-06 8.75825026014354e-06 8.79132676345762e-06 8.85035206010798e-06 8.90937735675834e-06 8.9684035629034e-06 9.02742885955377e-06 9.08645415620413e-06 9.14547945285449e-06 9.27618293644628e-06 9.62192098086234e-06 9.96765902527841e-06 1.03133970696945e-05 1.06591342046158e-05 1.10048722490319e-05 1.1350610293448e-05 1.16963474283693e-05 1.19947117127595e-05 1.22772844406427e-05 1.25598571685259e-05 1.28424298964092e-05 1.31250026242924e-05 1.34075753521756e-05 1.36901480800589e-05
9.77333002083469e-06 9.68726089922711e-06 9.60119086812483e-06 9.51512083702255e-06 9.46201998885954e-06 9.41990765568335e-06 9.37779623200186e-06 9.33568480832037e-06 9.29357247514417e-06 9.25146105146268e-06 9.20934962778119e-06 9.16685166885145e-06 9.12319774215575e-06 9.07954381546006e-06 9.03588988876436e-06 8.99223596206866e-06 8.94858203537297e-06 8.90492810867727e-06 8.86127418198157e-06 8.88409340404905e-06 8.92907064553583e-06 8.9740469775279e-06 9.01902421901468e-06 9.06400146050146e-06 9.10897870198824e-06 9.15395503398031e-06 9.26924803934526e-06 9.59548833634472e-06 9.92172863334417e-06 1.02479689303436e-05 1.05742083178484e-05 1.09004486148478e-05 1.12266889118473e-05 1.15529292088468e-05 1.1841174455185e-05 1.21167558972957e-05 1.23923373394064e-05 1.26679178720224e-05 1.29434993141331e-05 1.32190807562438e-05 1.34946612888598e-05
