data/working_set_collections/6091692-Cassins_Sparrow-M2/2000/evpintr_avg.asc
NCOLS 265 
NROWS 230 
XLLCORNER -115.5625 
YLLCORNER 24.8333333333333 
CELLSIZE 0.0833333333333333 
NODATA_value -9999 
[rows 120 to 139 of 230, columns 184 to 229 of 265]
3.34838199615479 3.3846869468689 3.42099189758301 3.46958112716675 3.52226543426514 3.57494950294495 3.62763381004333 3.68031787872314 3.73300218582153 3.78568625450134 3.84011149406433 3.89975929260254 3.95940709114075 4.01905488967896 4.07870244979858 4.13835048675537 4.197998046875 4.25764608383179 4.30656909942627 4.35191774368286 4.39726638793945 4.44261503219604 4.48796319961548 4.53331184387207 4.57866048812866 4.62140083312988 4.65631723403931 4.69123363494873 4.72615003585815 4.76106643676758 4.795982837677 4.83089923858643 4.86581563949585 4.93175458908081 5.00803375244141 5.08431339263916 5.16059255599976 5.23687219619751 5.31315135955811 5.38943099975586 5.47378873825073 5.58238124847412 5.69097328186035 5.79956579208374 5.90815830230713 6.01675081253052
3.337158203125 3.37217998504639 3.40720176696777 3.45457482337952 3.50606536865234 3.55755567550659 3.60904598236084 3.66053652763367 3.71202683448792 3.76351737976074 3.81770658493042 3.87999200820923 3.94227766990662 4.004563331604 4.06684875488281 4.12913417816162 4.19141960144043 4.2537055015564 4.30353927612305 4.34922218322754 4.39490556716919 4.44058847427368 4.48627185821533 4.53195476531982 4.57763814926147 4.62086868286133 4.65674304962158 4.69261741638184 4.72849178314209 4.76436567306519 4.80024003982544 4.83611440658569 4.87198829650879 4.93593120574951 5.00923013687134 5.08252906799316 5.15582799911499 5.22912693023682 5.30242538452148 5.37572431564331 5.45550632476807 5.55473756790161 5.653968334198 5.75319957733154 5.85243034362793 5.95166110992432
3.32593441009521 3.35967302322388 3.39341139793396 3.43956851959229 3.48986530303955 3.54016184806824 3.59045839309692 3.64075493812561 3.69105172157288 3.74134826660156 3.79530167579651 3.8602249622345 3.92514824867249 3.99007153511047 4.05499458312988 4.11991786956787 4.18484163284302 4.24976491928101 4.30050897598267 4.34652662277222 4.39254426956177 4.43856239318848 4.48458003997803 4.53059768676758 4.57661533355713 4.62033700942993 4.65716886520386 4.69400072097778 4.73083305358887 4.76766490936279 4.80449724197388 4.8413290977478 4.87816095352173 4.94010782241821 5.01042604446411 5.08074474334717 5.15106296539307 5.22138118743896 5.29169988632202 5.36201810836792 5.43722438812256 5.5270938873291 5.61696338653564 5.70683288574219 5.79670238494873 5.88657188415527
3.31471085548401 3.34716606140137 3.37962126731873 3.42456221580505 3.47366499900818 3.52276802062988 3.57187080383301 3.62097358703613 3.67007637023926 3.71917915344238 3.77289652824402 3.84045767784119 3.90801882743835 3.97557973861694 4.04314088821411 4.11070203781128 4.17826318740845 4.24582386016846 4.29747867584229 4.34383106231689 4.3901834487915 4.43653583526611 4.48288822174072 4.52924060821533 4.57559299468994 4.61980485916138 4.65759468078613 4.69538450241089 4.73317432403564 4.7709641456604 4.80875396728516 4.84654378890991 4.88433361053467 4.94428443908691 5.01162242889404 5.07896041870117 5.14629793167114 5.21363592147827 5.2809739112854 5.34831190109253 5.41894197463989 5.49945020675659 5.57995796203613 5.66046619415283 5.74097394943237 5.82148218154907
3.30348706245422 3.33465909957886 3.36583113670349 3.40955591201782 3.45746493339539 3.50537395477295 3.55328297615051 3.60119223594666 3.64910125732422 3.69701027870178 3.75049161911011 3.82069039344788 3.89088940620422 3.96108818054199 4.03128719329834 4.10148572921753 4.17168474197388 4.24188327789307 4.2944483757019 4.34113550186157 4.38782262802124 4.43450927734375 4.48119640350342 4.52788352966309 4.57457065582275 4.61927270889282 4.65802049636841 4.69676780700684 4.73551559448242 4.77426338195801 4.81301116943359 4.85175895690918 4.89050626754761 4.94846153259277 5.01281881332397 5.07717609405518 5.14153337478638 5.20589065551758 5.27024793624878 5.33460521697998 5.40066003799438 5.47180652618408 5.54295301437378 5.61409950256348 5.68524599075317 5.75639247894287
3.29226326942444 3.32215213775635 3.35204100608826 3.39454960823059 3.44126486778259 3.4879801273346 3.5346953868866 3.5814106464386 3.6281259059906 3.6748411655426 3.7280867099762 3.80092334747314 3.87375998497009 3.94659638404846 4.01943302154541 4.09226942062378 4.16510629653931 4.23794269561768 4.29141807556152 4.33843994140625 4.38546133041382 4.43248319625854 4.47950458526611 4.52652645111084 4.57354784011841 4.61874055862427 4.65844631195068 4.69815158843994 4.7378568649292 4.77756261825562 4.81726789474487 4.85697364807129 4.89667892456055 4.95263814926147 5.01401472091675 5.07539176940918 5.13676834106445 5.19814538955688 5.25952196121216 5.32089900970459 5.38237762451172 5.44416284561157 5.50594758987427 5.56773281097412 5.62951755523682 5.69130277633667
3.28720784187317 3.31724238395691 3.34727692604065 3.39020085334778 3.4374213218689 3.48464202880859 3.53186249732971 3.57908296585083 3.62630343437195 3.67352390289307 3.72768330574036 3.80265927314758 3.87763547897339 3.95261144638062 4.02758741378784 4.10256385803223 4.17753982543945 4.25251579284668 4.30542373657227 4.35097599029541 4.39652824401855 4.44208002090454 4.48763227462769 4.53318452835083 4.57873630523682 4.62272119522095 4.66200494766235 4.7012882232666 4.74057149887085 4.77985525131226 4.8191385269165 4.85842180252075 4.89770555496216 4.95182085037231 5.01087999343872 5.06993961334229 5.12899875640869 5.18805837631226 5.24711751937866 5.30617666244507 5.36491680145264 5.42269802093506 5.48047971725464 5.53826141357422 5.59604263305664 5.65382432937622
3.28832077980042 3.31992983818054 3.35153889656067 3.39650988578796 3.44593453407288 3.49535918235779 3.54478406906128 3.59420871734619 3.6436333656311 3.6930582523346 3.74928092956543 3.82589840888977 3.90251564979553 3.97913312911987 4.05575037002563 4.1323676109314 4.20898485183716 4.28560256958008 4.33646535873413 4.37874364852905 4.42102241516113 4.46330070495605 4.50557899475098 4.5478572845459 4.59013557434082 4.63121461868286 4.66869640350342 4.70617771148682 4.74365949630737 4.78114080429077 4.81862258911133 4.85610389709473 4.89358568191528 4.94600963592529 5.00341463088989 5.06081962585449 5.11822414398193 5.17562913894653 5.23303413391113 5.29043912887573 5.34827661514282 5.40741300582886 5.46654891967773 5.52568483352661 5.58482122421265 5.64395713806152
3.28943371772766 3.32261729240417 3.35580110549927 3.40281867980957 3.45444774627686 3.50607657432556 3.55770564079285 3.60933446884155 3.66096353530884 3.71259236335754 3.77087879180908 3.84913754463196 3.92739605903625 4.00565481185913 4.08391332626343 4.16217184066772 4.24043035507202 4.31868886947632 4.367506980896 4.40651178359985 4.44551658630371 4.48452091217041 4.52352571487427 4.56253004074097 4.60153484344482 4.63970804214478 4.67538785934448 4.71106767654419 4.74674701690674 4.78242683410645 4.81810665130615 4.8537859916687 4.88946580886841 4.94019842147827 4.99594879150391 5.0516996383667 5.10745000839233 5.16320037841797 5.2189507484436 5.27470111846924 5.33163690567017 5.3921275138855 5.45261812210083 5.51310873031616 5.57359933853149 5.63408994674683
3.29054641723633 3.32530474662781 3.36006307601929 3.40912747383118 3.46296072006226 3.51679396629333 3.57062721252441 3.62446045875549 3.67829346656799 3.73212671279907 3.79247665405273 3.87237644195557 3.95227646827698 4.03217601776123 4.11207628250122 4.19197607040405 4.27187585830688 4.35177564620972 4.39854860305786 4.43427991867065 4.47001075744629 4.50574159622192 4.54147243499756 4.57720327377319 4.61293411254883 4.64820194244385 4.68207931518555 4.7159571647644 4.74983501434326 4.78371286392212 4.81759023666382 4.85146808624268 4.88534593582153 4.93438720703125 4.98848342895508 5.04257965087891 5.09667539596558 5.1507716178894 5.20486736297607 5.2589635848999 5.31499671936035 5.37684202194214 5.43868732452393 5.50053215026855 5.56237745285034 5.62422275543213
3.29165935516357 3.32799220085144 3.36432504653931 3.41543650627136 3.47147393226624 3.52751135826111 3.58354878425598 3.63958621025085 3.69562363624573 3.7516610622406 3.81407451629639 3.89561557769775 3.97715663909912 4.05869770050049 4.14023876190186 4.22177982330322 4.30332136154175 4.38486242294312 4.42959022521973 4.4620475769043 4.49450492858887 4.52696180343628 4.55941915512085 4.59187602996826 4.62433338165283 4.65669536590576 4.68877124786377 4.72084712982178 4.75292253494263 4.78499841690063 4.81707429885864 4.84915018081665 4.88122606277466 4.92857599258423 4.98101758956909 5.03345918655396 5.08590078353882 5.13834238052368 5.19078397750854 5.24322557449341 5.2983570098877 5.36155652999878 5.42475652694702 5.48795604705811 5.55115556716919 5.61435556411743
3.29277205467224 3.33067965507507 3.36858701705933 3.42174530029297 3.47998690605164 3.53822875022888 3.59647035598755 3.65471196174622 3.71295380592346 3.77119541168213 3.83567237854004 3.91885471343994 4.00203704833984 4.08521938323975 4.16840171813965 4.25158405303955 4.33476638793945 4.41794872283936 4.46063184738159 4.4898157119751 4.51899909973145 4.54818248748779 4.57736587524414 4.60654926300049 4.63573265075684 4.66518878936768 4.69546270370483 4.72573661804199 4.75601053237915 4.78628444671631 4.81655836105347 4.84683227539062 4.87710618972778 4.92276525497437 4.97355222702026 5.02433919906616 5.07512664794922 5.12591361999512 5.17670106887817 5.22748804092407 5.28171682357788 5.34627103805542 5.41082525253296 5.47537994384766 5.5399341583252 5.60448837280273
3.30271148681641 3.34256672859192 3.38242220878601 3.43738603591919 3.49738621711731 3.55738639831543 3.61738634109497 3.67738652229309 3.73738670349121 3.79738664627075 3.86318016052246 3.94635391235352 4.02952766418457 4.11270141601562 4.19587516784668 4.27904844284058 4.36222219467163 4.44539594650269 4.48660326004028 4.51382207870483 4.54104089736938 4.56825923919678 4.59547805786133 4.62269687652588 4.64991569519043 4.67730140686035 4.70518779754639 4.73307418823242 4.76096057891846 4.78884696960449 4.81673336029053 4.84462022781372 4.87250661849976 4.91640949249268 4.965651512146 5.01489305496216 5.06413507461548 5.11337661743164 5.16261863708496 5.21186017990112 5.26535129547119 5.33159065246582 5.39783000946045 5.46406936645508 5.53030872344971 5.59654808044434
3.32147741317749 3.36365389823914 3.4058301448822 3.46235871315002 3.5236713886261 3.58498430252075 3.64629697799683 3.7076096534729 3.76892232894897 3.83023500442505 3.89659833908081 3.97811317443848 4.0596284866333 4.14114332199097 4.22265815734863 4.30417346954346 4.38568830490112 4.46720361709595 4.5075044631958 4.53406715393066 4.56063032150269 4.58719301223755 4.61375617980957 4.64031934738159 4.66688203811646 4.69303274154663 4.71794605255127 4.74285936355591 4.7677731513977 4.79268646240234 4.81759977340698 4.84251356124878 4.86742687225342 4.90950965881348 4.95731496810913 5.00512027740479 5.0529260635376 5.10073137283325 5.14853715896606 5.19634246826172 5.24926042556763 5.31751489639282 5.38576984405518 5.45402479171753 5.52227973937988 5.59053468704224
3.34024357795715 3.38474082946777 3.42923831939697 3.48733162879944 3.54995679855347 3.61258220672607 3.6752073764801 3.73783278465271 3.80045795440674 3.86308336257935 3.93001627922058 4.0098729133606 4.08972883224487 4.16958522796631 4.24944162368774 4.32929801940918 4.40915441513062 4.48901081085205 4.52840518951416 4.55431270599365 4.58021974563599 4.60612678527832 4.63203430175781 4.65794134140015 4.68384838104248 4.70876407623291 4.73070478439331 4.75264501571655 4.77458572387695 4.7965259552002 4.8184666633606 4.84040689468384 4.86234760284424 4.90260934829712 4.94897842407227 4.99534797668457 5.04171705245972 5.08808612823486 5.13445520401001 5.18082475662231 5.2331690788269 5.30343961715698 5.3737096786499 5.44398021697998 5.51425075531006 5.58452081680298
3.35900950431824 3.40582776069641 3.45264625549316 3.51230430603027 3.57624220848083 3.6401801109314 3.70411777496338 3.76805567741394 3.8319935798645 3.89593148231506 3.96343445777893 4.04163217544556 4.1198296546936 4.19802761077881 4.27622509002686 4.35442304611206 4.43262052536011 4.51081848144531 4.54930639266968 4.57455778121948 4.59980916976929 4.62506055831909 4.65031242370605 4.67556381225586 4.70081520080566 4.72449541091919 4.74346303939819 4.7624306678772 4.78139781951904 4.80036544799805 4.81933307647705 4.8383002281189 4.8572678565979 4.89570951461792 4.94064235687256 4.9855751991272 5.03050804138184 5.07544088363647 5.12037372589111 5.16530656814575 5.21707773208618 5.28936386108398 5.36164999008179 5.43393564224243 5.50622177124023 5.57850742340088
3.37777543067932 3.42691493034363 3.47605419158936 3.53727698326111 3.60252737998962 3.66777801513672 3.73302841186523 3.79827880859375 3.86352920532227 3.92877984046936 3.9968523979187 4.07339143753052 4.14993047714233 4.22646951675415 4.30300855636597 4.37954759597778 4.4560866355896 4.53262567520142 4.5702075958252 4.59480333328247 4.61939907073975 4.64399433135986 4.66859006881714 4.69318580627441 4.71778154373169 4.74022722244263 4.75622129440308 4.77221584320068 4.78821039199829 4.8042049407959 4.82019948959351 4.83619356155396 4.85218811035156 4.88880920410156 4.93230581283569 4.97580242156982 5.01929903030396 5.06279563903809 5.10629224777222 5.14978885650635 5.20098686218262 5.27528810501099 5.34958982467651 5.42389106750488 5.49819278717041 5.57249402999878
3.3965413570404 3.44800186157227 3.49946236610413 3.56224966049194 3.62881278991699 3.69537591934204 3.76193881034851 3.82850193977356 3.89506506919861 3.96162796020508 4.03027057647705 4.10515069961548 4.18003129959106 4.25491189956665 4.32979202270508 4.40467262268066 4.47955274581909 4.55443334579468 4.59110832214355 4.6150484085083 4.63898849487305 4.66292810440063 4.68686819076538 4.71080827713013 4.73474836349487 4.75595855712891 4.76898002624512 4.78200149536133 4.79502296447754 4.80804443359375 4.82106590270996 4.83408737182617 4.84710884094238 4.88190937042236 4.92396974563599 4.96603012084961 5.00809001922607 5.0501503944397 5.09221076965332 5.13427114486694 5.18489551544189 5.26121282577515 5.33752965927124 5.41384696960449 5.49016380310059 5.56648063659668
3.41224908828735 3.46546316146851 3.51867723464966 3.58190250396729 3.6484649181366 3.71502733230591 3.78158950805664 3.84815192222595 3.91471433639526 3.98127675056458 4.04923534393311 4.12138414382935 4.19353246688843 4.26568078994751 4.33782911300659 4.40997743606567 4.48212575912476 4.554274559021 4.59078979492188 4.61542797088623 4.64006567001343 4.66470384597778 4.68934202194214 4.71397972106934 4.73861789703369 4.7606897354126 4.77506351470947 4.78943729400635 4.80381059646606 4.81818437576294 4.83255815505981 4.84693193435669 4.86130571365356 4.8971586227417 4.94017124176025 4.98318338394165 5.0261960029602 5.06920862197876 5.11222124099731 5.15523386001587 5.20746946334839 5.28737545013428 5.36728143692017 5.44718742370605 5.52709341049194 5.60699939727783
3.42489814758301 3.47929859161377 3.53369903564453 3.59623551368713 3.66148400306702 3.72673225402832 3.79198050498962 3.85722899436951 3.92247724533081 3.98772573471069 4.05374765396118 4.1220908164978 4.19043397903442 4.25877666473389 4.32711982727051 4.39546298980713 4.46380567550659 4.53214883804321 4.56925201416016 4.5959415435791 4.6226315498352 4.64932107925415 4.67601108551025 4.7027006149292 4.72939014434814 4.75442028045654 4.77447175979614 4.79452276229858 4.81457424163818 4.83462572097778 4.85467672348022 4.87472820281982 4.89477920532227 4.93455696105957 4.9809103012085 5.02726364135742 5.07361698150635 5.11997032165527 5.16632318496704 5.21267652511597 5.2687087059021 5.3537769317627 5.43884515762329 5.52391386032104 5.60898208618164 5.69405031204224
