data/working_set_collections/6091692-Cassins_Sparrow-M2/2000/evpintr_avg.asc
NCOLS 265 
NROWS 230 
XLLCORNER -115.5625 
YLLCORNER 24.8333333333333 
CELLSIZE 0.0833333333333333 
NODATA_value -9999 
[rows 100 to 119 of 230, columns 46 to 91 of 265]
3.13722848892212 3.07682752609253 3.01642632484436 2.95602512359619 2.8956241607666 2.83522295951843 2.67162942886353 2.4736385345459 2.27564764022827 2.07765674591064 1.87966597080231 1.68167507648468 1.48368418216705 1.3454270362854 1.38637113571167 1.42731535434723 1.46825957298279 1.50920379161835 1.55014801025391 1.59109210968018 1.63203632831573 1.70474350452423 1.78803849220276 1.871333360672 1.95462822914124 2.03792309761047 2.12121796607971 2.20451283454895 2.2769787311554 2.3169572353363 2.35693573951721 2.39691424369812 2.43689274787903 2.47687149047852 2.51684999465942 2.55682849884033 2.55862903594971 2.54770350456238 2.53677773475647 2.52585220336914 2.51492667198181 2.50400114059448 2.49307560920715 2.47769737243652 2.44896149635315 2.4202253818512
3.27858209609985 3.2271146774292 3.17564702033997 3.12417936325073 3.0727117061615 3.02124404907227 2.84129023551941 2.61850762367249 2.39572501182556 2.17294239997864 1.95015966892242 1.7273770570755 1.50459444522858 1.34786677360535 1.3893039226532 1.43074107170105 1.4721782207489 1.51361525058746 1.55505239963531 1.59648954868317 1.63792669773102 1.71393370628357 1.80146396160126 1.88899433612823 1.97652459144592 2.0640549659729 2.1515851020813 2.23911547660828 2.31643295288086 2.36311221122742 2.40979146957397 2.45647072792053 2.50314998626709 2.54982900619507 2.59650826454163 2.64318752288818 2.64494824409485 2.63173627853394 2.61852407455444 2.60531187057495 2.59209990501404 2.57888770103455 2.56567573547363 2.54577875137329 2.5058274269104 2.46587610244751
3.46225881576538 3.41752123832703 3.37278366088867 3.32804608345032 3.28330850601196 3.23857092857361 3.05133414268494 2.8165979385376 2.58186173439026 2.34712553024292 2.11238932609558 1.87765312194824 1.64291679859161 1.47558438777924 1.51046347618103 1.54534256458282 1.58022165298462 1.6151008605957 1.6499799489975 1.68485903739929 1.71973812580109 1.7903618812561 1.87290048599243 1.95543920993805 2.03797793388367 2.12051653862 2.20305514335632 2.28559374809265 2.35987782478333 2.4093976020813 2.45891761779785 2.5084376335144 2.55795741081238 2.60747742652893 2.6569972038269 2.70651721954346 2.7076461315155 2.69264459609985 2.6776430606842 2.66264152526855 2.64763998985291 2.63263845443726 2.61763691902161 2.59504914283752 2.54970288276672 2.5043568611145
3.68825888633728 3.64804768562317 3.60783648490906 3.56762528419495 3.52741408348083 3.4872031211853 3.30176138877869 3.06790971755981 2.83405804634094 2.60020637512207 2.3663547039032 2.13250303268433 1.89865136146545 1.72858011722565 1.74985015392303 1.77112019062042 1.79239022731781 1.8136602640152 1.83493030071259 1.85620033740997 1.87747037410736 1.93402791023254 2.00234794616699 2.07066798210144 2.13898801803589 2.20730781555176 2.27562785148621 2.34394788742065 2.40731310844421 2.45581364631653 2.50431418418884 2.55281496047974 2.60131549835205 2.64981627464294 2.69831681251526 2.74681758880615 2.74672222137451 2.73042845726013 2.71413469314575 2.69784069061279 2.68154692649841 2.66525316238403 2.64895915985107 2.6255087852478 2.5805881023407 2.53566741943359
3.9142587184906 3.87857389450073 3.84288930892944 3.80720472335815 3.77151989936829 3.735835313797 3.55218863487244 3.31922149658203 3.08625435829163 2.85328722000122 2.62032008171082 2.38735294342041 2.15438580513 1.98157572746277 1.98923671245575 1.99689769744873 2.004558801651 2.01221966743469 2.01988077163696 2.02754187583923 2.03520274162292 2.07769393920898 2.13179540634155 2.18589663505554 2.23999810218811 2.2940993309021 2.34820055961609 2.40230202674866 2.45474815368652 2.50222969055176 2.54971098899841 2.59719228744507 2.6446738243103 2.69215512275696 2.73963642120361 2.78711771965027 2.7857985496521 2.76821231842041 2.7506263256073 2.73304009437561 2.71545386314392 2.69786787033081 2.68028163909912 2.6559681892395 2.61147308349609 2.56697797775269
4.14025831222534 4.10910034179688 4.07794189453125 4.04678392410278 4.01562547683716 3.98446750640869 3.80261588096619 3.57053327560425 3.33845067024231 3.10636806488037 2.87428545951843 2.64220285415649 2.41012024879456 2.2345712184906 2.22862339019775 2.22267532348633 2.2167272567749 2.21077919006348 2.20483112335205 2.19888305664062 2.19293522834778 2.221360206604 2.26124286651611 2.30112552642822 2.34100818634033 2.38089060783386 2.42077326774597 2.46065592765808 2.50218343734741 2.54864549636841 2.59510779380798 2.64156985282898 2.68803191184998 2.73449397087097 2.78095602989197 2.82741808891296 2.82487463951111 2.80599617958069 2.78711795806885 2.76823949813843 2.74936103820801 2.73048257827759 2.71160411834717 2.68642783164978 2.64235806465149 2.5982882976532
4.36625814437866 4.33962678909302 4.31299495697021 4.28636312484741 4.25973129272461 4.23309993743896 4.05304336547852 3.82184505462646 3.59064698219299 3.35944890975952 3.12825083732605 2.89705276489258 2.66585469245911 2.48756694793701 2.46800994873047 2.44845271110535 2.4288957118988 2.40933871269226 2.38978171348572 2.3702244758606 2.35066747665405 2.36502623558044 2.39069008827209 2.41635417938232 2.44201827049255 2.4676821231842 2.49334621429443 2.51901006698608 2.5496187210083 2.59506154060364 2.64050436019897 2.68594717979431 2.73138999938965 2.77683281898499 2.82227563858032 2.86771845817566 2.8639509677887 2.84378027915955 2.82360935211182 2.80343866348267 2.78326797485352 2.76309728622437 2.74292635917664 2.71688723564148 2.67324304580688 2.62959885597229
4.59225845336914 4.570152759552 4.54804754257202 4.52594232559204 4.50383710861206 4.48173189163208 4.30347061157227 4.07315683364868 3.84284329414368 3.61252975463867 3.38221621513367 3.15190267562866 2.92158913612366 2.74056243896484 2.70739650726318 2.67423033714294 2.6410641670227 2.60789823532104 2.57473206520081 2.54156589508057 2.50839996337891 2.50869226455688 2.52013754844666 2.53158283233643 2.54302835464478 2.55447363853455 2.56591892242432 2.57736420631409 2.59705400466919 2.64147758483887 2.68590116500854 2.73032450675964 2.77474808692932 2.819171667099 2.8635950088501 2.90801858901978 2.90302729606628 2.88156414031982 2.86010098457336 2.83863806724548 2.81717491149902 2.79571175575256 2.77424883842468 2.74734687805176 2.70412826538086 2.66090941429138
4.72976398468018 4.72384786605835 4.71793174743652 4.71201515197754 4.70609903335571 4.70018291473389 4.53382778167725 4.31399250030518 4.09415769577026 3.87432265281677 3.65448784828186 3.43465280532837 3.21481776237488 3.03831124305725 2.99179005622864 2.94526863098145 2.89874744415283 2.85222601890564 2.80570483207703 2.75918340682983 2.71266222000122 2.69657397270203 2.69063019752502 2.68468618392944 2.67874240875244 2.67279839515686 2.66685461997986 2.66091084480286 2.66668033599854 2.70758986473083 2.74849939346313 2.78940892219543 2.83031845092773 2.87122797966003 2.91213726997375 2.95304679870605 2.94491028785706 2.9204249382019 2.89593982696533 2.87145447731018 2.84696912765503 2.82248401641846 2.79799866676331 2.76896524429321 2.72628712654114 2.68360900878906
4.77877521514893 4.80071067810059 4.82264614105225 4.84458160400391 4.86651706695557 4.88845252990723 4.74411487579346 4.54435253143311 4.34459018707275 4.1448278427124 3.94506525993347 3.74530291557312 3.54554057121277 3.38081312179565 3.32119035720825 3.26156783103943 3.20194506645203 3.1423225402832 3.0826997756958 3.0230770111084 2.96345448493958 2.92867112159729 2.90216755867004 2.8756639957428 2.84916067123413 2.82265710830688 2.79615354537964 2.76964998245239 2.75849747657776 2.79339838027954 2.82829904556274 2.86319994926453 2.89810085296631 2.93300151824951 2.96790242195129 3.0028030872345 2.98960041999817 2.96036291122437 2.93112564086914 2.90188813209534 2.87265086174011 2.84341335296631 2.81417608261108 2.78174233436584 2.7397198677063 2.69769716262817
4.82778692245483 4.87757396697998 4.92736101150513 4.97714805603027 5.02693557739258 5.07672262191772 4.95440196990967 4.77471208572388 4.59502220153809 4.41533279418945 4.23564291000366 4.05595302581787 3.87626314163208 3.72331500053406 3.65059089660645 3.57786679267883 3.5051429271698 3.43241882324219 3.35969471931458 3.28697085380554 3.21424674987793 3.16076827049255 3.11370515823364 3.06664204597473 3.01957869529724 2.97251558303833 2.92545223236084 2.87838912010193 2.85031485557556 2.87920689582825 2.90809893608093 2.93699097633362 2.96588325500488 2.99477529525757 3.02366733551025 3.05255937576294 3.0342903137207 3.00030088424683 2.96631145477295 2.93232178688049 2.89833235740662 2.86434292793274 2.83035349845886 2.79451966285706 2.75315260887146 2.71178555488586
4.87679815292358 4.95443725585938 5.03207588195801 5.10971450805664 5.18735361099243 5.26499223709106 5.16468906402588 5.00507211685181 4.84545469284058 4.6858377456665 4.52622032165527 4.3666033744812 4.20698595046997 4.06581687927246 3.97999143600464 3.89416599273682 3.80834054946899 3.72251510620117 3.63668990135193 3.55086445808411 3.46503901481628 3.3928656578064 3.32524275779724 3.25761985778809 3.18999695777893 3.12237405776978 3.05475115776062 2.98712825775146 2.94213199615479 2.96501541137695 2.98789882659912 3.01078224182129 3.03366565704346 3.05654883384705 3.07943224906921 3.10231566429138 3.07898044586182 3.04023885726929 3.00149726867676 2.96275568008423 2.9240140914917 2.88527250289917 2.84653091430664 2.80729675292969 2.76658535003662 2.72587394714355
4.92580986022949 5.03130006790161 5.13679075241089 5.24228096008301 5.34777164459229 5.45326232910156 5.37497615814209 5.23543167114258 5.09588718414307 4.95634269714355 4.81679773330688 4.67725324630737 4.53770875930786 4.40831851959229 4.30939197540283 4.21046495437622 4.11153841018677 4.01261138916016 3.9136848449707 3.81475806236267 3.71583127975464 3.62496280670166 3.53678011894226 3.44859766960144 3.36041522026062 3.27223253250122 3.1840500831604 3.095867395401 3.03394913673401 3.05082392692566 3.06769847869873 3.08457326889038 3.10144805908203 3.1183226108551 3.13519740104675 3.15207195281982 3.12367033958435 3.08017659187317 3.03668308258057 2.99318933486938 2.9496955871582 2.90620183944702 2.86270809173584 2.82007384300232 2.78001809120178 2.73996210098267
4.97482109069824 5.10816335678101 5.24150562286377 5.37484741210938 5.50818967819214 5.6415319442749 5.5852632522583 5.46579122543335 5.3463191986084 5.22684764862061 5.10737562179565 4.9879035949707 4.86843156814575 4.75082015991211 4.63879203796387 4.52676391601562 4.41473627090454 4.3027081489563 4.19068002700806 4.07865190505981 3.96662354469299 3.85705995559692 3.74831771850586 3.6395754814148 3.53083324432373 3.42209100723267 3.3133487701416 3.20460653305054 3.12576651573181 3.13663244247437 3.14749836921692 3.15836429595947 3.16923046112061 3.18009638786316 3.19096231460571 3.20182824134827 3.16836047172546 3.12011456489563 3.0718686580658 3.02362298965454 2.97537708282471 2.92713141441345 2.87888550758362 2.83285117149353 2.79345083236694 2.75405049324036
4.89810752868652 5.04765748977661 5.1972074508667 5.34675788879395 5.49630784988403 5.64585781097412 5.6069450378418 5.50521087646484 5.40347671508789 5.3017430305481 5.20000886917114 5.09827470779419 4.99654102325439 4.89455986022949 4.79183864593506 4.68911695480347 4.58639574050903 4.4836745262146 4.38095283508301 4.27823162078857 4.17550992965698 4.07086181640625 3.965571641922 3.86028146743774 3.75499105453491 3.64970088005066 3.54441046714783 3.43912029266357 3.36089110374451 3.36384558677673 3.36680006980896 3.36975455284119 3.37270903587341 3.37566351890564 3.37861800193787 3.38157248497009 3.34192967414856 3.28808784484863 3.23424577713013 3.1804039478302 3.12656211853027 3.07272028923035 3.01887822151184 2.96628427505493 2.9174337387085 2.86858344078064
4.69566869735718 4.84978294372559 5.00389719009399 5.1580114364624 5.31212568283081 5.46623992919922 5.44002056121826 5.3536901473999 5.26735925674438 5.18102884292603 5.09469795227051 5.00836753845215 4.92203712463379 4.83953714370728 4.76853084564209 4.69752407073975 4.6265172958374 4.55551099777222 4.48450422286987 4.41349744796753 4.34249067306519 4.2663688659668 4.18854236602783 4.11071538925171 4.03288841247559 3.95506167411804 3.8772349357605 3.79940819740295 3.73932313919067 3.73246335983276 3.72560358047485 3.71874380111694 3.71188402175903 3.70502424240112 3.69816446304321 3.6913046836853 3.64437818527222 3.5840961933136 3.52381420135498 3.46353220939636 3.40325021743774 3.34296822547913 3.28268623352051 3.2203733921051 3.15196704864502 3.08356070518494
4.49322986602783 4.65190839767456 4.81058692932129 4.96926498413086 5.12794351577759 5.28662204742432 5.27309608459473 5.2021689414978 5.13124179840088 5.06031465530396 4.98938751220703 4.91846036911011 4.84753322601318 4.78451442718506 4.74522256851196 4.70593070983887 4.66663885116577 4.62734699249268 4.58805513381958 4.54876327514648 4.50947141647339 4.46187591552734 4.41151285171509 4.36114931106567 4.31078624725342 4.260422706604 4.21005916595459 4.15969610214233 4.11775493621826 4.10108089447021 4.08440685272217 4.06773281097412 4.05105876922607 4.03438472747803 4.01771068572998 4.00103664398193 3.94682669639587 3.88010478019714 3.81338262557983 3.74666047096252 3.67993855476379 3.61321640014648 3.54649448394775 3.47446227073669 3.38650035858154 3.29853820800781
4.29079103469849 4.45403385162354 4.61727619171143 4.78051900863647 4.94376134872437 5.10700416564941 5.10617208480835 5.05064821243286 4.99512434005737 4.93960046768188 4.8840765953064 4.82855272293091 4.77302932739258 4.7294921875 4.72191476821899 4.71433782577515 4.7067608833313 4.69918346405029 4.69160652160645 4.6840295791626 4.67645215988159 4.65738296508789 4.63448333740234 4.61158323287964 4.58868360519409 4.56578350067139 4.54288387298584 4.51998376846313 4.49618673324585 4.46969842910767 4.44321060180664 4.41672229766846 4.39023399353027 4.36374568939209 4.33725738525391 4.31076908111572 4.24927520751953 4.17611312866211 4.10295104980469 4.02978897094727 3.95662665367126 3.88346457481384 3.81030249595642 3.72855138778687 3.62103343009949 3.51351571083069
4.0883526802063 4.25615930557251 4.42396593093872 4.59177255630493 4.75957918167114 4.92738628387451 4.93924760818481 4.89912700653076 4.85900688171387 4.81888628005981 4.77876615524292 4.73864555358887 4.69852542877197 4.67446947097778 4.69860696792603 4.72274494171143 4.74688243865967 4.77101993560791 4.79515790939331 4.81929540634155 4.8434329032898 4.85289001464844 4.8574538230896 4.86201763153076 4.86658096313477 4.87114477157593 4.87570810317993 4.88027191162109 4.8746190071106 4.83831644058228 4.80201387405396 4.76571130752563 4.72940874099731 4.69310617446899 4.65680360794067 4.62050104141235 4.55172395706177 4.47212171554565 4.39251947402954 4.31291723251343 4.23331499099731 4.1537127494812 4.07411050796509 3.98264050483704 3.85556674003601 3.72849297523499
3.88591361045837 4.05828475952148 4.23065567016602 4.40302658081055 4.57539749145508 4.74776840209961 4.77232313156128 4.74760627746582 4.72288942337036 4.69817209243774 4.67345523834229 4.64873838424683 4.62402153015137 4.61944675445557 4.67529916763306 4.73115158081055 4.78700399398804 4.84285640716553 4.89870882034302 4.95456123352051 5.010413646698 5.04839706420898 5.08042430877686 5.11245155334473 5.14447832107544 5.17650556564331 5.20853281021118 5.24055957794189 5.25305080413818 5.20693397521973 5.16081714630127 5.11470031738281 5.06858348846436 5.0224666595459 4.97634983062744 4.93023347854614 4.85417222976685 4.76812982559204 4.68208789825439 4.59604549407959 4.51000308990479 4.42396068572998 4.33791875839233 4.23672962188721 4.09009981155396 3.94347047805786
