data/working_set_collections/6091692-Cassins_Sparrow-M2/2000/evpintr_avg.asc
NCOLS 265 
NROWS 230 
XLLCORNER -115.5625 
YLLCORNER 24.8333333333333 
CELLSIZE 0.0833333333333333 
NODATA_value -9999 
[rows 100 to 119 of 230, columns 184 to 229 of 265]
3.34274005889893 3.39009785652161 3.43745565414429 3.4890558719635 3.54207015037537 3.59508466720581 3.64809894561768 3.70111346244812 3.75412774085999 3.80714201927185 3.85906767845154 3.90772700309753 3.95638632774353 4.00504541397095 4.05370473861694 4.10236406326294 4.15102338790894 4.19968271255493 4.23112773895264 4.25683498382568 4.28254175186157 4.30824899673462 4.33395576477051 4.35966300964355 4.38536977767944 4.40790605545044 4.42093086242676 4.43395566940308 4.44697999954224 4.46000480651855 4.47302961349487 4.48605394363403 4.49907875061035 4.54185152053833 4.59453964233398 4.6472282409668 4.69991683959961 4.75260496139526 4.80529356002808 4.85798215866089 4.90819072723389 4.95095920562744 4.99372816085815 5.03649711608887 5.07926559448242 5.12203454971313
3.35279083251953 3.40225720405579 3.45172381401062 3.50485682487488 3.55921196937561 3.61356735229492 3.66792249679565 3.72227764129639 3.7766330242157 3.83098816871643 3.88368678092957 3.93141508102417 3.97914338111877 4.02687168121338 4.07460021972656 4.12232828140259 4.17005681991577 4.2177848815918 4.25096559524536 4.279296875 4.3076286315918 4.33595991134644 4.36429119110107 4.39262247085571 4.42095422744751 4.44561910629272 4.45928430557251 4.47294902801514 4.48661422729492 4.50027942657471 4.51394462585449 4.52760982513428 4.54127502441406 4.58628559112549 4.64174461364746 4.69720363616943 4.75266265869141 4.80812120437622 4.86358022689819 4.91903924942017 4.97085857391357 5.01175737380981 5.05265617370605 5.0935549736023 5.13445425033569 5.17535305023193
3.35813069343567 3.40861916542053 3.45910787582397 3.51294493675232 3.5678985118866 3.6228518486023 3.67780542373657 3.73275876045227 3.78771233558655 3.84266567230225 3.89572143554688 3.94308423995972 3.99044704437256 4.0378098487854 4.08517265319824 4.13253545761108 4.17989826202393 4.22726106643677 4.26132392883301 4.29095363616943 4.3205828666687 4.35021257400513 4.37984180450439 4.40947151184082 4.43910074234009 4.46517944335938 4.4806056022644 4.49603176116943 4.51145792007446 4.52688407897949 4.54230976104736 4.55773591995239 4.57316207885742 4.62080478668213 4.67918634414673 4.73756790161133 4.79594945907593 4.85433101654053 4.91271305084229 4.97109460830688 5.02569055557251 5.06892919540405 5.11216831207275 5.15540742874146 5.19864654541016 5.24188566207886
3.35875964164734 3.40918374061584 3.45960760116577 3.5133204460144 3.56812953948975 3.62293863296509 3.67774748802185 3.73255658149719 3.78736567497253 3.84217476844788 3.89517211914062 3.94273495674133 3.99029755592346 4.03786039352417 4.0854229927063 4.13298559188843 4.18054866790771 4.22811126708984 4.26220273971558 4.29180383682251 4.3214054107666 4.35100650787354 4.38060760498047 4.41020917892456 4.43981027603149 4.46658802032471 4.4848952293396 4.50320291519165 4.5215106010437 4.53981781005859 4.55812549591064 4.57643270492554 4.59474039077759 4.64540958404541 4.7068657875061 4.7683219909668 4.82977819442749 4.89123439788818 4.95269060134888 5.01414728164673 5.07268667221069 5.12247562408447 5.17226457595825 5.22205400466919 5.27184295654297 5.32163190841675
3.35938882827759 3.40974831581116 3.46010756492615 3.51369595527649 3.5683605670929 3.6230251789093 3.67768979072571 3.73235440254211 3.78701901435852 3.84168362617493 3.89462280273438 3.94238543510437 3.99014806747437 4.03791093826294 4.08567333221436 4.13343620300293 4.18119859695435 4.22896146774292 4.26308155059814 4.29265451431274 4.32222747802734 4.35180044174194 4.38137340545654 4.41094636917114 4.44051933288574 4.46799659729004 4.48918533325195 4.51037406921387 4.53156280517578 4.55275201797485 4.57394075393677 4.59512948989868 4.61631870269775 4.67001390457153 4.73454475402832 4.79907608032227 4.86360692977905 4.92813777923584 4.99266862869263 5.05719995498657 5.11968278884888 5.17602205276489 5.23236083984375 5.28870010375977 5.34503936767578 5.40137815475464
3.36001777648926 3.41031265258789 3.46060752868652 3.51407146453857 3.56859159469604 3.62311172485352 3.67763209342957 3.73215222358704 3.78667235374451 3.84119248390198 3.89407324790955 3.94203591346741 3.98999857902527 4.03796100616455 4.08592367172241 4.13388633728027 4.18184900283813 4.229811668396 4.26396083831787 4.29350519180298 4.32305002212524 4.35259485244751 4.38213920593262 4.41168403625488 4.44122886657715 4.46940469741821 4.49347496032715 4.51754522323608 4.54161548614502 4.56568574905396 4.58975601196289 4.61382627487183 4.63789653778076 4.69461870193481 4.7622241973877 4.82982969284058 4.89743566513062 4.9650411605835 5.03264665603638 5.10025262832642 5.16667890548706 5.22956800460815 5.29245710372925 5.3553466796875 5.41823577880859 5.48112487792969
3.36064696311951 3.4108772277832 3.4611074924469 3.51444697380066 3.56882262229919 3.62319850921631 3.67757415771484 3.73195004463196 3.78632569313049 3.84070158004761 3.8935239315033 3.94168639183044 3.98984909057617 4.03801155090332 4.08617401123047 4.13433647155762 4.18249893188477 4.23066139221191 4.26483964920044 4.29435586929321 4.32387256622314 4.35338878631592 4.38290500640869 4.41242170333862 4.4419379234314 4.47081327438354 4.4977650642395 4.5247163772583 4.55166816711426 4.57861995697021 4.60557174682617 4.63252353668213 4.65947484970093 4.71922302246094 4.78990364074707 4.86058378219604 4.93126392364502 5.00194454193115 5.07262468338013 5.1433048248291 5.21367502212524 5.28311443328857 5.35255336761475 5.42199277877808 5.49143218994141 5.56087112426758
3.36127591133118 3.41144180297852 3.46160745620728 3.51482224464417 3.56905364990234 3.62328505516052 3.6775164604187 3.7317476272583 3.78597903251648 3.84021043777466 3.89297461509705 3.94133710861206 3.9896993637085 4.03806209564209 4.08642435073853 4.13478660583496 4.18314933776855 4.23151159286499 4.26571846008301 4.29520654678345 4.32469463348389 4.35418272018433 4.38367080688477 4.41315937042236 4.4426474571228 4.47222185134888 4.5020546913147 4.53188800811768 4.5617208480835 4.59155416488647 4.6213870048523 4.65122032165527 4.68105316162109 4.74382781982422 4.81758260726929 4.89133787155151 4.96509265899658 5.03884792327881 5.11260271072388 5.18635749816895 5.26067113876343 5.33666038513184 5.41264963150024 5.48863935470581 5.56462860107422 5.64061784744263
3.36259651184082 3.41244268417358 3.46228885650635 3.51561284065247 3.57009601593018 3.62457919120789 3.6790623664856 3.73354578018188 3.7880289554596 3.8425121307373 3.89543128013611 3.94365787506104 3.99188446998596 4.04011106491089 4.08833742141724 4.13656425476074 4.18479061126709 4.2330174446106 4.26726675033569 4.29685688018799 4.32644701004028 4.35603761672974 4.38562774658203 4.41521787643433 4.44480800628662 4.47497367858887 4.50686407089233 4.53875494003296 4.57064580917358 4.60253667831421 4.63442707061768 4.6663179397583 4.69820880889893 4.76331472396851 4.8394923210144 4.91567039489746 4.99184799194336 5.06802558898926 5.14420366287231 5.22038125991821 5.2982907295227 5.3813943862915 5.46449851989746 5.54760265350342 5.63070678710938 5.71381092071533
3.36460828781128 3.41388010978699 3.4631519317627 3.5168182849884 3.57194972038269 3.62708115577698 3.68221235275269 3.73734378814697 3.79247522354126 3.84760665893555 3.90089392662048 3.94864892959595 3.99640369415283 4.04415893554688 4.09191370010376 4.13966846466064 4.18742370605469 4.23517847061157 4.2694845199585 4.29930686950684 4.32912969589233 4.35895252227783 4.38877534866333 4.41859817504883 4.44842052459717 4.47906875610352 4.51219367980957 4.54531812667847 4.57844257354736 4.61156749725342 4.64469194412231 4.67781686782837 4.71094131469727 4.7776837348938 4.85563230514526 4.93358135223389 5.01152992248535 5.08947849273682 5.16742706298828 5.24537563323975 5.32653284072876 5.41731643676758 5.5081000328064 5.59888362884521 5.68966674804688 5.78045034408569
3.36662006378174 3.41531729698181 3.46401476860046 3.51802372932434 3.5738034248352 3.62958288192749 3.68536233901978 3.74114203453064 3.79692149162292 3.85270118713379 3.90635657310486 3.95363998413086 4.00092315673828 4.0482063293457 4.09548997879028 4.1427731513977 4.19005632400513 4.23733949661255 4.27170181274414 4.30175733566284 4.33181238174438 4.36186742782593 4.39192295074463 4.42197799682617 4.45203304290771 4.48316431045532 4.51752281188965 4.55188131332397 4.5862398147583 4.62059831619263 4.65495681762695 4.68931531906128 4.72367382049561 4.79205322265625 4.87177276611328 4.95149230957031 5.03121185302734 5.11093091964722 5.19065046310425 5.27037000656128 5.35477542877197 5.45323848724365 5.55170106887817 5.65016412734985 5.74862718582153 5.84708976745605
3.3686318397522 3.41675472259521 3.46487784385681 3.51922917366028 3.57565689086914 3.632084608078 3.68851232528687 3.74494028091431 3.80136799812317 3.85779571533203 3.91181921958923 3.95863103866577 4.00544261932373 4.05225419998169 4.09906578063965 4.14587736129761 4.19268941879272 4.23950099945068 4.27391958236694 4.30420732498169 4.33449506759644 4.36478281021118 4.39507055282593 4.42535781860352 4.45564556121826 4.48725986480713 4.52285194396973 4.55844449996948 4.59403705596924 4.62962913513184 4.66522169113159 4.70081424713135 4.73640632629395 4.80642223358154 4.88791275024414 4.96940326690674 5.05089330673218 5.13238382339478 5.21387434005737 5.29536437988281 5.38301801681519 5.48916006088257 5.59530258178711 5.70144462585449 5.80758714675903 5.91372919082642
3.37064361572266 3.41819214820862 3.46574068069458 3.52043461799622 3.57751059532166 3.6345865726471 3.69166231155396 3.74873828887939 3.80581426620483 3.86289000511169 3.91728210449219 3.96362209320068 4.00996208190918 4.05630207061768 4.10264205932617 4.14898204803467 4.19532203674316 4.24166202545166 4.27613735198975 4.30665731430054 4.33717775344849 4.36769771575928 4.39821767807007 4.42873811721802 4.45925807952881 4.49135494232178 4.5281810760498 4.56500768661499 4.60183382034302 4.6386604309082 4.67548656463623 4.71231269836426 4.74913930892944 4.82079172134399 4.904052734375 4.98731422424316 5.07057523727417 5.15383672714233 5.23709774017334 5.3203592300415 5.4112606048584 5.52508211135864 5.63890361785889 5.75272560119629 5.86654710769653 5.98036909103394
3.37265539169312 3.41962957382202 3.46660351753235 3.52164030075073 3.57936429977417 3.63708829879761 3.69481229782104 3.75253653526306 3.8102605342865 3.86798453330994 3.92274475097656 3.9686131477356 4.01448154449463 4.06034994125366 4.1062183380127 4.15208625793457 4.1979546546936 4.24382305145264 4.27835464477539 4.30910730361938 4.33985996246338 4.37061262130737 4.40136528015137 4.43211793899536 4.46287059783936 4.49545049667358 4.53351068496704 4.5715708732605 4.60963106155396 4.64769124984741 4.68575143814087 4.72381162643433 4.76187181472778 4.83516073226929 4.92019319534302 5.00522518157959 5.09025716781616 5.17528915405273 5.26032161712646 5.34535360336304 5.43950271606445 5.56100416183472 5.68250513076782 5.80400609970093 5.92550754547119 6.0470085144043
3.3720223903656 3.41789746284485 3.46377277374268 3.51847982406616 3.57613062858582 3.63378143310547 3.6914324760437 3.74908328056335 3.80673432350159 3.86438512802124 3.91929602622986 3.96598649024963 4.01267719268799 4.05936765670776 4.10605812072754 4.15274858474731 4.19943904876709 4.24612998962402 4.28184843063354 4.31391048431396 4.34597206115723 4.37803363800049 4.41009521484375 4.44215679168701 4.47421836853027 4.50784540176392 4.54616928100586 4.5844931602478 4.62281703948975 4.66114091873169 4.69946479797363 4.73778867721558 4.77611255645752 4.84962224960327 4.93486070632935 5.02009916305542 5.10533809661865 5.19057655334473 5.2758150100708 5.36105346679688 5.4560661315918 5.58040142059326 5.70473670959473 5.82907199859619 5.95340728759766 6.07774209976196
3.36874437332153 3.41299629211426 3.4572479724884 3.5109531879425 3.56780958175659 3.62466597557068 3.68152236938477 3.73837876319885 3.79523515701294 3.85209155082703 3.90693545341492 3.9557421207428 4.00454902648926 4.05335521697998 4.10216188430786 4.15096855163574 4.19977521896362 4.2485818862915 4.28661870956421 4.32106590270996 4.35551261901855 4.38995981216431 4.4244065284729 4.45885372161865 4.4933009147644 4.52854013442993 4.56615734100342 4.6037745475769 4.64139175415039 4.67900943756104 4.71662664413452 4.75424385070801 4.79186105728149 4.86417579650879 4.9480562210083 5.03193664550781 5.11581754684448 5.19969797134399 5.28357839584351 5.36745929718018 5.46095037460327 5.58327436447144 5.7055983543396 5.82792234420776 5.95024633407593 6.07257032394409
3.36546659469604 3.40809488296509 3.45072340965271 3.50342679023743 3.55948877334595 3.61555051803589 3.67161250114441 3.72767448425293 3.78373622894287 3.83979821205139 3.89457511901855 3.94549798965454 3.99642062187195 4.04734325408936 4.09826612472534 4.14918851852417 4.20011138916016 4.25103378295898 4.29138898849487 4.32822132110596 4.36505365371704 4.40188598632812 4.43871831893921 4.47555065155029 4.51238298416138 4.54923486709595 4.58614587783813 4.62305641174316 4.65996694564819 4.69687747955322 4.73378801345825 4.77069902420044 4.80760955810547 4.87872886657715 4.96125173568726 5.0437741279602 5.12629699707031 5.20881938934326 5.29134225845337 5.37386465072632 5.46583461761475 5.58614730834961 5.70645999908447 5.82677268981934 5.9470853805542 6.06739807128906
3.36218857765198 3.4031937122345 3.44419860839844 3.49590039253235 3.55116772651672 3.6064350605011 3.66170263290405 3.71696996688843 3.7722373008728 3.82750463485718 3.88221478462219 3.9352536201477 3.98829221725464 4.04133129119873 4.09436988830566 4.1474084854126 4.20044755935669 4.25348615646362 4.29615926742554 4.33537673950195 4.37459468841553 4.41381216049194 4.45303010940552 4.49224805831909 4.53146553039551 4.56993007659912 4.60613393783569 4.64233779907227 4.678542137146 4.71474599838257 4.75094985961914 4.78715419769287 4.82335805892944 4.89328241348267 4.97444725036621 5.0556116104126 5.13677644729614 5.21794080734253 5.29910564422607 5.38027000427246 5.47071886062622 5.58902025222778 5.70732164382935 5.82562303543091 5.94392442703247 6.06222581863403
3.35891056060791 3.39829230308533 3.43767404556274 3.48837399482727 3.54284691810608 3.59731960296631 3.65179252624512 3.70626544952393 3.76073837280273 3.81521105766296 3.86985445022583 3.92500925064087 3.98016405105591 4.03531885147095 4.09047365188599 4.14562845230103 4.20078325271606 4.2559380531311 4.30092906951904 4.34253215789795 4.38413572311401 4.42573881149292 4.46734189987183 4.50894498825073 4.55054807662964 4.59062480926514 4.62612199783325 4.66161966323853 4.69711685180664 4.73261451721191 4.76811170578003 4.8036093711853 4.83910655975342 4.90783596038818 4.98764276504517 5.06744909286499 5.14725589752197 5.22706270217896 5.30686902999878 5.38667583465576 5.4756031036377 5.59189319610596 5.70818328857422 5.82447385787964 5.9407639503479 6.05705404281616
3.35563278198242 3.39339089393616 3.43114924430847 3.48084759712219 3.53452587127686 3.58820414543152 3.64188265800476 3.69556093215942 3.74923920631409 3.80291771888733 3.85749411582947 3.91476488113403 3.97203588485718 4.02930688858032 4.08657741546631 4.14384841918945 4.2011194229126 4.25839042663574 4.30569934844971 4.3496880531311 4.39367628097534 4.43766498565674 4.48165321350098 4.52564191818237 4.56963062286377 4.61131954193115 4.64611053466797 4.68090105056763 4.71569204330444 4.7504825592041 4.78527355194092 4.82006454467773 4.85485506057739 4.9223895072937 5.00083780288696 5.07928657531738 5.1577353477478 5.23618412017822 5.31463241577148 5.3930811882019 5.48048734664917 5.59476613998413 5.70904541015625 5.82332420349121 5.93760299682617 6.05188179016113
