data/working_set_collections/6091692-Cassins_Sparrow-M2/2000/evpintr_avg.asc
NCOLS 265 
NROWS 230 
XLLCORNER -115.5625 
YLLCORNER 24.8333333333333 
CELLSIZE 0.0833333333333333 
NODATA_value -9999 
[rows 120 to 139 of 230, columns 0 to 45 of 265]
0.421800822019577 0.411189466714859 0.400578111410141 0.389966756105423 0.379355430603027 0.368744075298309 0.358132719993591 0.37413278222084 0.399003326892853 0.423873871564865 0.448744416236877 0.47361496090889 0.498485505580902 0.523356080055237 0.546481192111969 0.564370036125183 0.582258880138397 0.600147724151611 0.61803662776947 0.635925471782684 0.653814315795898 0.671703159809113 0.712251365184784 0.760352671146393 0.808453977108002 0.856555223464966 0.904656529426575 0.952757835388184 1.00085914134979 1.05935657024384 1.14904224872589 1.23872792720795 1.32841360569 1.41809928417206 1.50778496265411 1.59747064113617 1.68715643882751 1.86623203754425 2.07510423660278 2.28397655487061 2.49284863471985 2.70172095298767 2.91059327125549 3.11946535110474 3.31847023963928 3.487872838974
0.444632768630981 0.430768847465515 0.416904926300049 0.403041005134583 0.389177083969116 0.37531316280365 0.361449241638184 0.375708788633347 0.399342834949493 0.422976851463318 0.446610897779465 0.470244914293289 0.493878960609436 0.51751297712326 0.538956999778748 0.553830802440643 0.568704605102539 0.583578407764435 0.598452210426331 0.613326072692871 0.628199875354767 0.643073678016663 0.679075419902802 0.722119748592377 0.765164136886597 0.808208465576172 0.851252853870392 0.894297242164612 0.937341570854187 0.990109026432037 1.07204580307007 1.15398252010345 1.23591923713684 1.31785595417023 1.39979267120361 1.481729388237 1.56366610527039 1.73022615909576 1.92499399185181 2.11976170539856 2.31452941894531 2.50929713249207 2.7040650844574 2.89883279800415 3.08463406562805 3.24353575706482
0.467464715242386 0.450348228216171 0.433231741189957 0.41611522436142 0.398998737335205 0.38188225030899 0.364765763282776 0.377284795045853 0.399682313203812 0.422079831361771 0.44447734951973 0.466874867677689 0.48927241563797 0.511669933795929 0.531432747840881 0.543291568756104 0.555150330066681 0.567009091377258 0.578867852687836 0.590726613998413 0.602585434913635 0.614444196224213 0.645899474620819 0.683886885643005 0.721874296665192 0.759861707687378 0.797849178314209 0.835836589336395 0.873824000358582 0.920861542224884 0.995049297809601 1.06923711299896 1.14342486858368 1.2176126241684 1.29180037975311 1.36598813533783 1.44017589092255 1.59422039985657 1.77488362789154 1.9555469751358 2.13621020317078 2.31687355041504 2.4975368976593 2.67820000648499 2.85079789161682 2.99919867515564
0.49029666185379 0.469927608966827 0.449558526277542 0.429189473390579 0.408820390701294 0.388451337814331 0.368082284927368 0.378860771656036 0.40002179145813 0.421182811260223 0.442343831062317 0.46350485086441 0.484665870666504 0.505826890468597 0.52390855550766 0.532752275466919 0.541596055030823 0.550439774990082 0.559283494949341 0.5681272149086 0.576970934867859 0.585814714431763 0.612723469734192 0.645653963088989 0.678584456443787 0.711514949798584 0.744445502758026 0.777375996112823 0.810306489467621 0.851614058017731 0.918052852153778 0.984491646289825 1.05093050003052 1.11736929416656 1.18380808830261 1.25024688243866 1.31668567657471 1.45821452140808 1.62477338314056 1.79133224487305 1.95789098739624 2.12444972991943 2.29100871086121 2.4575674533844 2.61696171760559 2.75486159324646
0.513128638267517 0.489506959915161 0.46588534116745 0.442263692617416 0.418642073869705 0.395020425319672 0.37139880657196 0.380436778068542 0.400361269712448 0.420285791158676 0.440210282802582 0.46013480424881 0.480059295892715 0.499983817338943 0.516384363174438 0.522213041782379 0.52804172039032 0.533870458602905 0.539699137210846 0.545527815818787 0.551356494426727 0.557185173034668 0.57954752445221 0.607421100139618 0.635294675827026 0.66316819190979 0.691041767597198 0.718915343284607 0.746788918972015 0.782366514205933 0.841056406497955 0.899746239185333 0.958436071872711 1.01712596416473 1.07581579685211 1.13450562953949 1.19319546222687 1.32220876216888 1.4746630191803 1.627117395401 1.7795717716217 1.93202614784241 2.08448052406311 2.23693490028381 2.38312530517578 2.51052451133728
0.535960555076599 0.50908637046814 0.482212156057358 0.455337941646576 0.428463727235794 0.401589512825012 0.374715328216553 0.382012754678726 0.400700747966766 0.419388771057129 0.438076764345169 0.456764757633209 0.475452750921249 0.49414074420929 0.508860170841217 0.511673808097839 0.514487445354462 0.517301082611084 0.520114779472351 0.522928416728973 0.525742053985596 0.528555691242218 0.546371579170227 0.569188237190247 0.592004835605621 0.614821434020996 0.637638092041016 0.66045469045639 0.68327134847641 0.713119029998779 0.764059901237488 0.815000832080841 0.86594170331955 0.916882574558258 0.967823505401611 1.01876437664032 1.06970524787903 1.1862028837204 1.32455277442932 1.46290266513824 1.60125255584717 1.73960244655609 1.87795233726501 2.01630210876465 2.14928913116455 2.2661874294281
0.568705677986145 0.537745773792267 0.506785869598389 0.475825935602188 0.44486603140831 0.413906127214432 0.382946223020554 0.38772588968277 0.404418706893921 0.421111553907394 0.437804400920868 0.454497218132019 0.471190065145493 0.487882912158966 0.500631928443909 0.501549541950226 0.502467215061188 0.503384828567505 0.504302442073822 0.505220055580139 0.506137728691101 0.507055342197418 0.522467851638794 0.542711973190308 0.562956035137177 0.58320015668869 0.603444278240204 0.623688399791718 0.643932521343231 0.670677602291107 0.71692556142807 0.763173580169678 0.809421539306641 0.855669498443604 0.901917457580566 0.948165416717529 0.994413375854492 1.10158491134644 1.2290643453598 1.35654377937317 1.48402309417725 1.61150252819061 1.73898196220398 1.86646139621735 1.98928093910217 2.09812116622925
0.611363887786865 0.575485169887543 0.53960645198822 0.503727734088898 0.467849016189575 0.43197026848793 0.396091550588608 0.397576123476028 0.411515146493912 0.425454169511795 0.439393192529678 0.453332215547562 0.467271238565445 0.481210261583328 0.491699695587158 0.491840302944183 0.491980940103531 0.492121577262878 0.492262184619904 0.492402821779251 0.492543429136276 0.492684066295624 0.507836282253265 0.527992308139801 0.548148334026337 0.568304359912872 0.588460385799408 0.608616471290588 0.628772497177124 0.655042290687561 0.699653387069702 0.744264483451843 0.78887552022934 0.833486616611481 0.878097712993622 0.922708809375763 0.967319905757904 1.068354845047 1.18819773197174 1.30804061889648 1.42788350582123 1.54772651195526 1.66756939888 1.78741228580475 1.90310072898865 2.00632572174072
0.65402215719223 0.613224625587463 0.572427034378052 0.531629502773285 0.490831971168518 0.450034409761429 0.409236878156662 0.40742638707161 0.418611586093903 0.429796814918518 0.440982013940811 0.452167212963104 0.463352411985397 0.47453761100769 0.482767432928085 0.482131063938141 0.481494694948196 0.48085829615593 0.480221927165985 0.479585558176041 0.478949189186096 0.478312820196152 0.493204683065414 0.513272643089294 0.533340573310852 0.553408563137054 0.573476493358612 0.593544483184814 0.613612413406372 0.639406979084015 0.68238115310669 0.725355386734009 0.768329560756683 0.811303734779358 0.854277968406677 0.897252142429352 0.940226376056671 1.03512477874756 1.14733111858368 1.25953757762909 1.37174391746521 1.48395037651062 1.59615683555603 1.70836317539215 1.81692051887512 1.9145302772522
0.696680426597595 0.650964021682739 0.605247676372528 0.559531271457672 0.513814926147461 0.468098551034927 0.422382205724716 0.417276650667191 0.425708025693893 0.434139430522919 0.442570805549622 0.451002210378647 0.45943358540535 0.467864990234375 0.473835170269012 0.472421795129776 0.47100841999054 0.469595044851303 0.468181669712067 0.46676829457283 0.465354919433594 0.463941544294357 0.478573113679886 0.498552978038788 0.518532872200012 0.538512766361237 0.558492660522461 0.57847249507904 0.598452389240265 0.623771607875824 0.665108978748322 0.706446290016174 0.747783601284027 0.78912091255188 0.830458223819733 0.871795535087585 0.913132846355438 1.00189459323883 1.10646450519562 1.2110344171524 1.31560432910919 1.42017436027527 1.52474427223206 1.62931418418884 1.7307403087616 1.82273483276367
0.739338636398315 0.68870347738266 0.63806825876236 0.587433099746704 0.536797881126404 0.486162692308426 0.435527503490448 0.427126884460449 0.432804465293884 0.438482046127319 0.444159626960754 0.449837207794189 0.455514758825302 0.461192339658737 0.464902937412262 0.462712556123734 0.460522174835205 0.458331793546677 0.456141412258148 0.45395103096962 0.451760649681091 0.449570268392563 0.463941544294357 0.483833342790604 0.503725171089172 0.523616969585419 0.543508768081665 0.563400566577911 0.583292365074158 0.608136296272278 0.647836744785309 0.68753719329834 0.727237582206726 0.766938030719757 0.806638479232788 0.846338927745819 0.886039316654205 0.968664526939392 1.06559789180756 1.16253137588501 1.25946474075317 1.35639822483063 1.45333170890808 1.55026507377625 1.64455997943878 1.73093938827515
0.78199690580368 0.726442873477936 0.670888900756836 0.615334868431091 0.559780836105347 0.504226863384247 0.448672831058502 0.43697714805603 0.439900904893875 0.44282466173172 0.445748418569565 0.44867217540741 0.451595932245255 0.454519718885422 0.455970674753189 0.453003287315369 0.450035929679871 0.44706854224205 0.44410115480423 0.441133767366409 0.438166409730911 0.435199022293091 0.449309974908829 0.469113677740097 0.488917410373688 0.508721113204956 0.528524875640869 0.548328578472137 0.568132281303406 0.592500984668732 0.630564510822296 0.668628096580505 0.70669162273407 0.744755148887634 0.782818734645844 0.820882260799408 0.858945846557617 0.935434401035309 1.02473139762878 1.11402833461761 1.20332515239716 1.29262208938599 1.38191902637482 1.47121596336365 1.55837976932526 1.63914394378662
0.82248854637146 0.762626886367798 0.702765226364136 0.642903625965118 0.583041965961456 0.523180305957794 0.463318645954132 0.448407411575317 0.448479622602463 0.448551833629608 0.448624044656754 0.448696285486221 0.448768496513367 0.448840707540512 0.448053658008575 0.444688767194748 0.44132387638092 0.437958985567093 0.434594094753265 0.431229203939438 0.427864283323288 0.42449939250946 0.438386231660843 0.458023637533188 0.477661043405533 0.497298449277878 0.5169358253479 0.536573231220245 0.55621063709259 0.580153286457062 0.617011547088623 0.653869807720184 0.690728068351746 0.727586328983307 0.764444589614868 0.80130285024643 0.838161110877991 0.909690141677856 0.992776095867157 1.07586205005646 1.15894794464111 1.24203395843506 1.32511985301971 1.40820586681366 1.48964393138885 1.56613874435425
0.860813558101654 0.797255456447601 0.733697354793549 0.670139253139496 0.606581151485443 0.54302304983139 0.47946497797966 0.461417645215988 0.458540618419647 0.455663561820984 0.452786505222321 0.449909448623657 0.447032421827316 0.444155365228653 0.441151857376099 0.437768936157227 0.434386014938354 0.431003093719482 0.42762017250061 0.424237281084061 0.420854359865189 0.417471438646317 0.431170344352722 0.450563192367554 0.469956010580063 0.489348858594894 0.508741676807404 0.528134524822235 0.547527372837067 0.571093142032623 0.607177734375 0.643262326717377 0.679346919059753 0.715431451797485 0.751516044139862 0.787600636482239 0.823685228824615 0.89143168926239 0.969732165336609 1.04803264141083 1.12633311748505 1.20463359355927 1.28293406963348 1.3612345457077 1.43835270404816 1.51192367076874
0.899138629436493 0.83188408613205 0.764629483222961 0.697374939918518 0.630120396614075 0.562865853309631 0.495611280202866 0.474427908658981 0.468601584434509 0.46277529001236 0.456948965787888 0.451122641563416 0.445296347141266 0.439470022916794 0.434250056743622 0.430849105119705 0.427448183298111 0.424047231674194 0.420646280050278 0.417245358228683 0.413844406604767 0.41044345498085 0.423954457044601 0.443102717399597 0.462251007556915 0.481399267911911 0.500547528266907 0.519695818424225 0.538844108581543 0.56203305721283 0.597343921661377 0.632654845714569 0.667965710163116 0.703276634216309 0.738587498664856 0.773898422718048 0.80920934677124 0.873173296451569 0.946688294410706 1.0202032327652 1.09371829032898 1.16723322868347 1.24074828624725 1.31426322460175 1.38706135749817 1.45770847797394
0.937463641166687 0.866512656211853 0.795561611652374 0.72461062669754 0.653659641742706 0.582708597183228 0.511757612228394 0.487438142299652 0.478662580251694 0.469886988401413 0.461111426353455 0.452335834503174 0.443560242652893 0.434784680604935 0.427348256111145 0.423929274082184 0.420510321855545 0.417091369628906 0.413672387599945 0.410253435373306 0.406834453344345 0.403415501117706 0.416738539934158 0.435642272233963 0.454545974731445 0.47344970703125 0.492353409528732 0.511257112026215 0.530160844326019 0.552972912788391 0.587510168552399 0.622047364711761 0.656584560871124 0.691121757030487 0.725659012794495 0.760196208953857 0.79473340511322 0.854914844036102 0.923644363880157 0.992373883724213 1.06110346317291 1.12983298301697 1.19856250286102 1.26729202270508 1.33577001094818 1.40349340438843
0.975788712501526 0.901141226291656 0.826493740081787 0.751846313476562 0.677198827266693 0.602551400661469 0.527903914451599 0.500448405742645 0.488723576068878 0.476998716592789 0.465273857116699 0.453549027442932 0.441824167966843 0.430099338293076 0.420446455478668 0.417009472846985 0.413572460412979 0.410135477781296 0.406698495149612 0.403261512517929 0.399824529886246 0.396387547254562 0.409522652626038 0.428181797266006 0.446840971708298 0.465500116348267 0.484159260988235 0.502818405628204 0.521477580070496 0.543912827968597 0.577676355838776 0.611439883708954 0.645203411579132 0.67896693944931 0.712730467319489 0.746493995189667 0.780257523059845 0.836656451225281 0.900600492954254 0.964544534683228 1.02848851680756 1.09243261814117 1.1563766002655 1.22032070159912 1.28447866439819 1.34927833080292
1.01411378383636 0.93576979637146 0.8574258685112 0.779082000255585 0.700738072395325 0.622394144535065 0.544050216674805 0.513458669185638 0.49878454208374 0.484110444784164 0.469436317682266 0.45476222038269 0.440088093280792 0.425413995981216 0.413544654846191 0.410089641809464 0.406634628772736 0.403179615736008 0.39972460269928 0.396269589662552 0.392814576625824 0.389359563589096 0.402306765317917 0.420721352100372 0.439135938882828 0.457550525665283 0.475965142250061 0.494379729032516 0.512794315814972 0.534852743148804 0.567842543125153 0.600832402706146 0.63382226228714 0.666812121868134 0.699801921844482 0.732791781425476 0.76578164100647 0.818397998809814 0.877556562423706 0.936715126037598 0.995873689651489 1.05503225326538 1.11419081687927 1.17334938049316 1.23318731784821 1.29506325721741
1.02176117897034 0.944148421287537 0.866535604000092 0.788922846317291 0.711310029029846 0.633697211742401 0.556084454059601 0.523862719535828 0.506771326065063 0.489679992198944 0.472588628530502 0.455497264862061 0.438405901193619 0.421314567327499 0.407511323690414 0.403572529554367 0.399633705615997 0.39569491147995 0.39175608754158 0.387817293405533 0.383878469467163 0.379939675331116 0.393034368753433 0.41180694103241 0.430579483509064 0.44935205578804 0.468124598264694 0.486897170543671 0.505669713020325 0.528042078018188 0.561213850975037 0.59438568353653 0.627557456493378 0.660729289054871 0.693901062011719 0.727072834968567 0.76024466753006 0.812743604183197 0.871684968471527 0.930626273155212 0.989567637443542 1.04850900173187 1.1074503660202 1.16639161109924 1.22593724727631 1.28729546070099
0.998731195926666 0.926277041435242 0.853822946548462 0.781368851661682 0.708914756774902 0.636460661888123 0.564006567001343 0.531660556793213 0.512683987617493 0.49370738863945 0.47473081946373 0.455754220485687 0.436777621507645 0.417801052331924 0.402346521615982 0.397458136081696 0.392569750547409 0.387681365013123 0.382792979478836 0.37790459394455 0.373016238212585 0.368127852678299 0.381705522537231 0.401438564062119 0.421171605587006 0.440904647111893 0.46063768863678 0.480370730161667 0.500103771686554 0.523480892181396 0.557790279388428 0.592099666595459 0.62640905380249 0.660718441009521 0.695027828216553 0.729337215423584 0.763646602630615 0.819693207740784 0.882985591888428 0.946277976036072 1.00957036018372 1.07286274433136 1.136155128479 1.19944751262665 1.2627284526825 1.32597506046295
