data/working_set_collections/6091692-Cassins_Sparrow-M2/2000/evpsoil_avg.asc
NCOLS 265 
NROWS 230 
XLLCORNER -115.5625 
YLLCORNER 24.8333333333333 
CELLSIZE 0.0833333333333333 
NODATA_value -9999 
[rows 20 to 39 of 230, columns 0 to 45 of 265]
17.1547508239746 17.1697025299072 17.1846542358398 17.1996059417725 17.2145576477051 17.2295093536377 17.2444610595703 17.2498760223389 17.2521133422852 17.2543487548828 17.2565841674805 17.2588195800781 17.2610549926758 17.2632904052734 17.2412872314453 17.1465625762939 17.0518398284912 16.9571151733398 16.8623905181885 16.7676677703857 16.6729431152344 16.578218460083 16.5580520629883 16.5627384185791 16.5674247741699 16.5721111297607 16.5767974853516 16.5814838409424 16.5861701965332 16.6986179351807 17.1343441009521 17.5700721740723 18.0057983398438 18.4415264129639 18.8772525787354 19.3129806518555 19.7487087249756 20.2261142730713 20.7174110412598 21.2087097167969 21.700008392334 22.1913070678711 22.6826057434082 23.1739025115967 23.4789638519287 23.2253150939941
17.8881015777588 17.8606491088867 17.8331966400146 17.8057441711426 17.7782917022705 17.7508392333984 17.7233867645264 17.6772708892822 17.6249351501465 17.5725994110107 17.520263671875 17.4679260253906 17.4155902862549 17.3632545471191 17.2971572875977 17.1897811889648 17.0824031829834 16.9750270843506 16.8676490783691 16.7602729797363 16.6528949737549 16.5455169677734 16.5393486022949 16.566915512085 16.5944805145264 16.6220474243164 16.6496143341064 16.6771812438965 16.7047462463379 16.81884765625 17.192554473877 17.5662593841553 17.9399662017822 18.3136730194092 18.6873779296875 19.0610847473145 19.4347896575928 19.992883682251 20.6124420166016 21.2319984436035 21.8515548706055 22.4711112976074 23.0906677246094 23.71022605896 24.1223888397217 23.9123706817627
18.621452331543 18.5515956878662 18.4817390441895 18.4118824005127 18.3420257568359 18.2721691131592 18.2023124694824 18.1046657562256 17.9977588653564 17.8908500671387 17.7839412689209 17.6770343780518 17.570125579834 17.4632167816162 17.3530292510986 17.2329978942871 17.1129684448242 16.9929370880127 16.8729076385498 16.7528781890869 16.6328468322754 16.5128173828125 16.5206432342529 16.5710906982422 16.6215362548828 16.6719837188721 16.7224292755127 16.772876739502 16.8233222961426 16.939079284668 17.2507648468018 17.5624485015869 17.8741340637207 18.1858177185059 18.4975032806396 18.8091888427734 19.1208724975586 19.7596549987793 20.5074710845947 21.2552852630615 22.003101348877 22.7509174346924 23.4987316131592 24.2465476989746 24.765811920166 24.5994281768799
19.3548030853271 19.2425422668457 19.1302814483643 19.0180206298828 18.9057579040527 18.7934970855713 18.6812362670898 18.5320606231689 18.3705806732178 18.2091007232666 18.0476207733154 17.8861408233643 17.7246608734131 17.5631809234619 17.408899307251 17.276216506958 17.143533706665 17.0108489990234 16.8781661987305 16.7454833984375 16.6127986907959 16.4801158905029 16.5019397735596 16.5752658843994 16.6485919952393 16.7219200134277 16.7952461242676 16.8685722351074 16.9418983459473 17.0593109130859 17.3089733123779 17.5586376190186 17.8083019256592 18.0579643249512 18.3076286315918 18.5572929382324 18.8069553375244 19.5264263153076 20.4025001525879 21.2785739898682 22.1546478271484 23.0307216644287 23.906795501709 24.7828693389893 25.4092350006104 25.2864837646484
19.8364944458008 19.6898727416992 19.543249130249 19.3966255187988 19.2500038146973 19.1033802032471 18.9567565917969 18.7586116790771 18.5432910919189 18.3279705047607 18.1126499176025 17.8973293304443 17.6820087432861 17.4666881561279 17.2683582305908 17.121000289917 16.9736404418945 16.8262825012207 16.6789226531982 16.5315647125244 16.384204864502 16.2368469238281 16.2660903930664 16.3542041778564 16.4423160552979 16.5304279327393 16.6185417175293 16.7066535949707 16.7947654724121 16.9276828765869 17.1950168609619 17.4623508453369 17.7296829223633 17.9970169067383 18.2643508911133 18.5316848754883 18.7990169525146 19.5240459442139 20.4016418457031 21.2792358398438 22.1568298339844 23.034423828125 23.9120178222656 24.7896118164062 25.4247398376465 25.3324642181396
20.0665283203125 19.8935852050781 19.7206439971924 19.547700881958 19.3747596740723 19.2018165588379 19.0288753509521 18.7843170166016 18.5158882141113 18.2474575042725 17.9790287017822 17.7105979919434 17.4421691894531 17.1737403869629 16.9314041137695 16.7673473358154 16.6032905578613 16.4392356872559 16.2751789093018 16.1111221313477 15.9470663070679 15.7830104827881 15.813099861145 15.9079036712646 16.00270652771 16.0975112915039 16.1923141479492 16.2871189117432 16.3819217681885 16.5441989898682 16.9088935852051 17.273588180542 17.6382808685303 18.0029754638672 18.3676700592041 18.732364654541 19.0970592498779 19.7525157928467 20.5048923492432 21.2572689056396 22.0096454620361 22.7620220184326 23.5144004821777 24.2667770385742 24.8123207092285 24.7373695373535
20.2965602874756 20.0972995758057 19.8980369567871 19.6987762451172 19.4995155334473 19.3002529144287 19.1009922027588 18.810022354126 18.4884834289551 18.1669445037842 17.8454074859619 17.523868560791 17.2023296356201 16.8807907104492 16.5944480895996 16.4136943817139 16.2329406738281 16.052188873291 15.8714351654053 15.6906814575195 15.5099277496338 15.329174041748 15.360107421875 15.4616031646729 15.5630979537964 15.6645936965942 15.7660884857178 15.8675842285156 15.9690790176392 16.1607151031494 16.6227703094482 17.0848255157471 17.5468788146973 18.0089340209961 18.4709892272949 18.9330444335938 19.3950996398926 19.9809837341309 20.6081428527832 21.2353019714355 21.8624629974365 22.4896221160889 23.1167812347412 23.7439422607422 24.1999034881592 24.142276763916
20.5265922546387 20.3010120391846 20.0754318237305 19.8498516082764 19.6242713928223 19.3986892700195 19.1731090545654 18.8357276916504 18.4610805511475 18.0864334106445 17.711784362793 17.33713722229 16.9624900817871 16.5878429412842 16.2574939727783 16.0600433349609 15.8625917434692 15.6651411056519 15.4676904678345 15.2702398300171 15.0727891921997 14.8753385543823 14.9071159362793 15.0153026580811 15.1234893798828 15.2316761016846 15.3398628234863 15.4480495452881 15.5562362670898 15.7772302627563 16.3366470336914 16.8960628509521 17.4554786682129 18.0148944854736 18.5743103027344 19.1337261199951 19.6931419372559 20.209451675415 20.7113933563232 21.2133369445801 21.7152786254883 22.2172222137451 22.7191638946533 23.2211055755615 23.5874862670898 23.5471820831299
20.7566261291504 20.5047264099121 20.2528266906738 20.0009269714355 19.7490253448486 19.4971256256104 19.2452259063721 18.8614330291748 18.4336776733398 18.0059204101562 17.5781631469727 17.1504077911377 16.7226505279541 16.2948932647705 15.9205389022827 15.7063903808594 15.4922428131104 15.278094291687 15.063946723938 14.8497982025146 14.6356496810913 14.4215021133423 14.4541234970093 14.5690021514893 14.6838798522949 14.7987585067749 14.9136362075806 15.0285148620605 15.1433935165405 15.3937463760376 16.0505218505859 16.7072982788086 17.3640766143799 18.0208530426025 18.6776294708252 19.3344058990479 19.9911823272705 20.4379196166992 20.8146457672119 21.191370010376 21.5680961608887 21.9448204040527 22.3215465545654 22.6982707977295 22.9750690460205 22.9520874023438
20.9866580963135 20.708438873291 20.4302196502686 20.1520004272461 19.8737812042236 19.5955619812012 19.3173427581787 18.8871402740479 18.4062728881836 17.925407409668 17.4445419311523 16.9636764526367 16.4828109741211 16.0019454956055 15.5835838317871 15.3527383804321 15.1218929290771 14.8910474777222 14.6602020263672 14.4293565750122 14.1985111236572 13.9676656723022 14.0011320114136 14.1227016448975 14.2442712783813 14.3658409118652 14.4874105453491 14.608980178833 14.7305498123169 15.0102615356445 15.7643985748291 16.5185356140137 17.2726745605469 18.0268115997314 18.780948638916 19.5350856781006 20.2892227172852 20.666389465332 20.917896270752 21.1694049835205 21.4209117889404 21.672420501709 21.9239273071289 22.1754360198975 22.3626518249512 22.3569927215576
21.092830657959 20.8041362762451 20.5154418945312 20.2267456054688 19.9380512237549 19.649356842041 19.3606624603271 18.8817882537842 18.3395195007324 17.7972507476807 17.2549800872803 16.7127113342285 16.1704425811768 15.628173828125 15.1608819961548 14.9185218811035 14.6761617660522 14.4338026046753 14.191442489624 13.9490823745728 13.7067222595215 13.4643621444702 13.5121011734009 13.6565389633179 13.8009777069092 13.9454154968262 14.0898542404175 14.2342920303345 14.3787307739258 14.6918992996216 15.5112590789795 16.3306179046631 17.1499786376953 17.9693374633789 18.7886981964111 19.6080570220947 20.427417755127 20.790153503418 21.0006828308105 21.2112121582031 21.4217395782471 21.6322689056396 21.8427982330322 22.0533275604248 22.204891204834 22.1795597076416
21.0751399993896 20.7918128967285 20.508487701416 20.2251625061035 19.941837310791 19.6585102081299 19.3751850128174 18.8453788757324 18.2334117889404 17.6214466094971 17.0094795227051 16.3975143432617 15.7855472564697 15.173581123352 14.6524333953857 14.4037418365479 14.15505027771 13.9063577651978 13.6576662063599 13.408974647522 13.1602830886841 12.9115915298462 12.9870319366455 13.1705150604248 13.3539991378784 13.537483215332 13.7209672927856 13.9044504165649 14.0879344940186 14.4386587142944 15.2911024093628 16.1435451507568 16.9959907531738 17.8484344482422 18.7008781433105 19.5533218383789 20.4057655334473 20.8092174530029 21.0630054473877 21.3167934417725 21.5705795288086 21.8243675231934 22.0781555175781 22.3319435119629 22.5017852783203 22.4197883605957
21.0574493408203 20.7794914245605 20.5015354156494 20.2235774993896 19.9456214904785 19.6676635742188 19.3897075653076 18.8089694976807 18.1273059844971 17.4456424713135 16.7639789581299 16.0823154449463 15.4006519317627 14.7189874649048 14.1439838409424 13.8889608383179 13.6339378356934 13.3789138793945 13.12389087677 12.8688678741455 12.6138439178467 12.3588209152222 12.4619617462158 12.6844911575317 12.9070205688477 13.1295499801636 13.3520803451538 13.5746097564697 13.7971391677856 14.1854181289673 15.0709457397461 15.9564733505249 16.8420009613037 17.7275295257568 18.6130561828613 19.4985847473145 20.3841133117676 20.8282794952393 21.1253261566162 21.4223728179932 21.7194194793701 22.0164680480957 22.3135147094727 22.6105613708496 22.7986812591553 22.6600170135498
21.039758682251 20.7671699523926 20.4945812225342 20.2219944000244 19.949405670166 19.6768169403076 19.4042282104492 18.7725601196289 18.0212001800537 17.2698383331299 16.5184783935547 15.7671165466309 15.0157556533813 14.2643947601318 13.6355352401733 13.3741798400879 13.1128253936768 12.8514699935913 12.5901155471802 12.3287601470947 12.0674047470093 11.8060503005981 11.9368925094604 12.1984672546387 12.4600429534912 12.7216176986694 12.9831924438477 13.2447681427002 13.5063428878784 13.9321775436401 14.8507890701294 15.7694005966187 16.6880130767822 17.6066246032715 18.5252361297607 19.44384765625 20.3624591827393 20.8473415374756 21.1876487731934 21.5279541015625 21.8682594299316 22.2085666656494 22.5488719940186 22.8891792297363 23.0955753326416 22.9002456665039
21.0220680236816 20.7548484802246 20.4876289367676 20.2204093933105 19.9531898498535 19.6859703063965 19.4187507629395 18.7361526489258 17.9150943756104 17.0940361022949 16.2729778289795 15.4519186019897 14.6308603286743 13.8098020553589 13.1270866394043 12.8593997955322 12.5917129516602 12.3240261077881 12.056339263916 11.7886524200439 11.5209655761719 11.2532787322998 11.4118232727051 11.7124433517456 12.0130643844604 12.3136854171753 12.6143054962158 12.9149265289307 13.2155475616455 13.678936958313 14.6306324005127 15.5823278427124 16.5340232849121 17.4857196807861 18.4374160766602 19.3891105651855 20.3408069610596 20.8664054870605 21.2499694824219 21.6335353851318 22.0170993804932 22.4006652832031 22.7842311859131 23.1677951812744 23.3924713134766 23.140474319458
21.0043773651123 20.7425270080566 20.480676651001 20.2188243865967 19.956974029541 19.6951236724854 19.4332733154297 18.699743270874 17.8089866638184 16.9182319641113 16.0274753570557 15.1367206573486 14.2459650039673 13.3552093505859 12.6186370849609 12.3446187973022 12.0706005096436 11.7965822219849 11.5225639343262 11.2485456466675 10.9745264053345 10.7005081176758 10.8867530822754 11.2264194488525 11.5660858154297 11.9057521820068 12.245418548584 12.5850849151611 12.9247512817383 13.4256963729858 14.410475730896 15.3952550888062 16.3800354003906 17.3648147583008 18.3495941162109 19.3343753814697 20.3191547393799 20.8854675292969 21.312292098999 21.7391166687012 22.1659393310547 22.5927639007568 23.019588470459 23.4464130401611 23.6893653869629 23.3807010650635
20.8861637115479 20.6414051055908 20.3966464996338 20.1518898010254 19.9071311950684 19.66237449646 19.4176158905029 18.6611595153809 17.7341384887695 16.8071155548096 15.8800935745239 14.9530715942383 14.0260496139526 13.099027633667 12.3380947113037 12.0754280090332 11.8127603530884 11.5500936508179 11.287425994873 11.0247592926025 10.7620916366577 10.4994249343872 10.6972780227661 11.048638343811 11.3999977111816 11.7513580322266 12.1027173995972 12.4540777206421 12.8054370880127 13.3175191879272 14.3117685317993 15.3060169219971 16.3002662658691 17.2945156097412 18.2887649536133 19.2830123901367 20.2772617340088 20.8695526123047 21.3278579711914 21.7861633300781 22.2444686889648 22.7027740478516 23.1610794067383 23.619384765625 23.8749904632568 23.5224990844727
20.667423248291 20.4514827728271 20.2355422973633 20.0196018218994 19.8036613464355 19.5877208709717 19.3717803955078 18.6204013824463 17.690544128418 16.7606868743896 15.8308305740356 14.9009733200073 13.971116065979 13.0412588119507 12.285457611084 12.0518255233765 11.8181924819946 11.5845594406128 11.3509273529053 11.1172943115234 10.8836612701416 10.6500282287598 10.8433961868286 11.1790981292725 11.514799118042 11.8505010604858 12.1862020492554 12.5219039916992 12.8576049804688 13.3544073104858 14.3345108032227 15.3146133422852 16.2947177886963 17.2748203277588 18.2549228668213 19.2350273132324 20.2151298522949 20.8186626434326 21.2966709136963 21.77467918396 22.252685546875 22.7306938171387 23.2087020874023 23.686710357666 23.9493465423584 23.5658664703369
20.4486846923828 20.2615604400635 20.0744380950928 19.8873138427734 19.7001914978027 19.5130672454834 19.3259449005127 18.5796432495117 17.646951675415 16.7142601013184 15.781566619873 14.8488750457764 13.9161825180054 12.9834899902344 12.2328214645386 12.0282230377197 11.8236246109009 11.619026184082 11.4144277572632 11.2098293304443 11.0052309036255 10.8006324768066 10.9895153045654 11.3095579147339 11.6296014785767 11.9496440887451 12.2696876525879 12.5897302627563 12.9097728729248 13.3912954330444 14.357253074646 15.3232097625732 16.2891674041748 17.2551250457764 18.2210826873779 19.1870403289795 20.1529979705811 20.7677707672119 21.2654819488525 21.7631931304932 22.2609043121338 22.7586154937744 23.256326675415 23.7540378570557 24.02370262146 23.6092319488525
20.229944229126 20.0716400146484 19.9133338928223 19.7550277709961 19.5967216491699 19.4384155273438 19.2801094055176 18.5388870239258 17.6033592224121 16.6678314208984 15.7323036193848 14.7967758178711 13.8612489700317 12.9257211685181 12.1801843643188 12.004620552063 11.8290567398071 11.653491973877 11.4779281616211 11.3023643493652 11.1268005371094 10.9512357711792 11.1356334686279 11.4400186538696 11.744402885437 12.0487871170044 12.3531723022461 12.6575565338135 12.9619417190552 13.4281826019287 14.379994392395 15.3318061828613 16.283618927002 17.2354297637939 18.1872425079346 19.1390533447266 20.0908660888672 20.7168788909912 21.2342929840088 21.7517070770264 22.2691211700439 22.7865352630615 23.3039493560791 23.8213634490967 24.0980587005615 23.6525993347168
