data/working_set_collections/6091692-Cassins_Sparrow-M2/2000/evpsoil_avg.asc
NCOLS 265 
NROWS 230 
XLLCORNER -115.5625 
YLLCORNER 24.8333333333333 
CELLSIZE 0.0833333333333333 
NODATA_value -9999 
[rows 120 to 139 of 230, columns 92 to 137 of 265]
21.2713012695312 20.9466419219971 20.6219825744629 20.2973232269287 19.9726638793945 19.5613822937012 19.1212272644043 18.6810722351074 18.2409152984619 17.800760269165 17.3606052398682 16.9204483032227 16.6790256500244 17.0337963104248 17.3885688781738 17.7433414459229 18.0981121063232 18.4528846740723 18.8076572418213 19.1624279022217 19.4773712158203 19.7790393829346 20.0807075500488 20.3823738098145 20.6840419769287 20.9857082366943 21.2873764038086 21.5181694030762 21.5363445281982 21.5545177459717 21.5726909637451 21.5908641815186 21.6090393066406 21.6272125244141 21.6453857421875 21.6225509643555 21.5860481262207 21.5495452880859 21.5130405426025 21.4765377044678 21.4400329589844 21.4035301208496 21.4172306060791 21.5815410614014 21.7458515167236 21.9101619720459
21.2345886230469 20.8517951965332 20.4689998626709 20.0862064361572 19.7034130096436 19.2981147766113 18.8853168487549 18.4725170135498 18.0597190856934 17.6469192504883 17.2341213226318 16.8213233947754 16.5922718048096 16.9144611358643 17.2366523742676 17.5588436126709 17.8810329437256 18.2032241821289 18.5254154205322 18.8476066589355 19.1293926239014 19.3977108001709 19.6660270690918 19.9343452453613 20.2026634216309 20.4709815979004 20.7392997741699 20.953893661499 21.0073127746582 21.0607318878174 21.1141490936279 21.1675682067871 21.2209873199463 21.2744064331055 21.3278255462646 21.3203659057617 21.2926120758057 21.2648582458496 21.2371063232422 21.2093524932861 21.1815986633301 21.1538467407227 21.1702270507812 21.3190135955811 21.4677982330322 21.6165828704834
21.1978759765625 20.7569465637207 20.3160190582275 19.8750896453857 19.4341602325439 19.0348472595215 18.6494064331055 18.2639636993408 17.8785209655762 17.4930801391602 17.1076374053955 16.7221965789795 16.5055179595947 16.7951259613037 17.0847358703613 17.3743457794189 17.6639556884766 17.9535636901855 18.2431735992432 18.5327835083008 18.7814121246338 19.0163803100586 19.2513484954834 19.4863185882568 19.7212867736816 19.9562549591064 20.1912231445312 20.3896160125732 20.4782810211182 20.5669441223145 20.6556091308594 20.7442722320557 20.8329372406006 20.9216003417969 21.0102653503418 21.0181789398193 20.9991760253906 20.9801731109619 20.9611701965332 20.9421672821045 20.9231643676758 20.9041614532471 20.923225402832 21.0564842224121 21.1897449493408 21.3230056762695
21.1611633300781 20.6620998382568 20.1630363464355 19.6639728546143 19.164909362793 18.7715797424316 18.4134941101074 18.0554103851318 17.6973247528076 17.3392391204834 16.9811553955078 16.6230697631836 16.4187622070312 16.6757907867432 16.9328193664551 17.189847946167 17.4468765258789 17.7039051055908 17.9609317779541 18.217960357666 18.4334316253662 18.6350517272949 18.836669921875 19.0382900238037 19.2399082183838 19.4415283203125 19.6431465148926 19.8253383636475 19.9492492675781 20.0731582641602 20.1970672607422 20.3209762573242 20.4448852539062 20.5687961578369 20.6927051544189 20.715991973877 20.7057399749756 20.6954879760742 20.6852340698242 20.6749820709229 20.6647300720215 20.6544780731201 20.6762218475342 20.7939567565918 20.9116916656494 21.0294284820557
21.1244506835938 20.567253112793 20.0100555419922 19.4528560638428 18.895658493042 18.5083122253418 18.177583694458 17.8468551635742 17.5161285400391 17.1854000091553 16.8546714782715 16.5239429473877 16.3320083618164 16.5564556121826 16.7809028625488 17.005350112915 17.2297973632812 17.4542446136475 17.6786918640137 17.9031391143799 18.0854530334473 18.2537212371826 18.4219913482666 18.5902614593506 18.7585315704346 18.9268016815186 19.0950717926025 19.2610626220703 19.4202175140381 19.5793704986572 19.738525390625 19.8976802825928 20.0568351745605 20.2159900665283 20.3751449584961 20.4138069152832 20.4123039245605 20.4108009338379 20.4092998504639 20.4077968597412 20.4062957763672 20.4047927856445 20.4292182922363 20.5314292907715 20.6336402893066 20.7358493804932
21.087739944458 20.4724063873291 19.8570728302002 19.2417392730713 18.626407623291 18.245044708252 17.9416732788086 17.6383018493652 17.3349304199219 17.0315589904785 16.7281875610352 16.4248161315918 16.2452545166016 16.4371204376221 16.6289863586426 16.8208522796631 17.0127182006836 17.2045841217041 17.3964500427246 17.5883159637451 17.7374725341797 17.8723926544189 18.0073127746582 18.1422328948975 18.2771549224854 18.4120750427246 18.5469951629639 18.6967849731445 18.891185760498 19.0855846405029 19.2799835205078 19.4743843078613 19.6687831878662 19.8631839752197 20.0575828552246 20.1116199493408 20.1188678741455 20.1261157989502 20.1333637237549 20.1406116485596 20.1478614807129 20.1551094055176 20.1822166442871 20.2689018249512 20.3555870056152 20.4422721862793
20.9081478118896 20.2875461578369 19.6669464111328 19.0463447570801 18.4257431030273 18.0534324645996 17.7638854980469 17.4743385314941 17.1847896575928 16.89524269104 16.6056957244873 16.3161487579346 16.141040802002 16.3092575073242 16.4774723052979 16.6456871032715 16.8139038085938 16.9821186065674 17.150333404541 17.3185501098633 17.4515991210938 17.572925567627 17.6942501068115 17.8155765533447 17.9369029998779 18.0582294464111 18.1795558929443 18.3253803253174 18.5446949005127 18.7640113830566 18.9833278656006 19.2026424407959 19.4219589233398 19.6412734985352 19.8605899810791 19.9222755432129 19.9314193725586 19.9405612945557 19.9497051239014 19.9588489532471 19.9679908752441 19.9771347045898 20.0018215179443 20.0731353759766 20.1444511413574 20.2157649993896
20.5856781005859 20.012674331665 19.4396724700928 18.8666706085205 18.2936687469482 17.9334754943848 17.6442184448242 17.3549633026123 17.0657062530518 16.7764492034912 16.4871940612793 16.1979370117188 16.0193691253662 16.1728649139404 16.3263607025146 16.4798564910889 16.6333522796631 16.7868480682373 16.9403438568115 17.0938396453857 17.2278289794922 17.355318069458 17.4828052520752 17.6102924346924 17.7377815246582 17.8652687072754 17.9927558898926 18.1468467712402 18.3807487487793 18.6146507263184 18.8485527038574 19.0824546813965 19.3163566589355 19.5502586364746 19.7841606140137 19.8457736968994 19.8499565124512 19.8541393280029 19.8583221435547 19.8625049591064 19.8666877746582 19.87087059021 19.888032913208 19.9441318511963 20.0002307891846 20.0563316345215
20.2632064819336 19.7378044128418 19.2124004364014 18.6869964599609 18.1615924835205 17.8135185241699 17.5245532989502 17.2355880737305 16.9466228485107 16.657657623291 16.3686923980713 16.0797271728516 15.8976964950562 16.0364723205566 16.1752490997314 16.3140258789062 16.4528007507324 16.5915775299072 16.730354309082 16.8691310882568 17.0040607452393 17.1377105712891 17.2713603973389 17.40500831604 17.5386581420898 17.6723079681396 17.8059558868408 17.9683151245117 18.2168025970459 18.4652919769287 18.7137794494629 18.9622688293457 19.2107563018799 19.4592437744141 19.7077331542969 19.7692718505859 19.7684936523438 19.7677173614502 19.766939163208 19.7661609649658 19.7653846740723 19.7646064758301 19.7742443084717 19.815128326416 19.8560123443604 19.8968963623047
19.9407367706299 19.4629325866699 18.9851264953613 18.5073223114014 18.0295181274414 17.6935596466064 17.4048862457275 17.1162128448486 16.8275375366211 16.5388641357422 16.2501888275146 15.9615154266357 15.7760238647461 15.9000806808472 16.0241374969482 16.148193359375 16.2722511291504 16.3963069915771 16.5203647613525 16.6444206237793 16.7802925109863 16.9201030731201 17.0599136352539 17.1997241973877 17.3395347595215 17.4793453216553 17.6191558837891 17.7897834777832 18.0528564453125 18.3159313201904 18.5790061950684 18.8420810699463 19.1051559448242 19.3682308197021 19.6313056945801 19.6927700042725 19.687032699585 19.6812934875488 19.6755561828613 19.6698188781738 19.6640796661377 19.6583423614502 19.6604557037354 19.6861248016357 19.7117938995361 19.7374629974365
19.6182670593262 19.188060760498 18.7578544616699 18.3276481628418 17.8974418640137 17.5736026763916 17.2852191925049 16.9968376159668 16.7084541320801 16.4200706481934 16.1316871643066 15.8433046340942 15.654351234436 15.7636890411377 15.873025894165 15.9823627471924 16.0916996002197 16.2010364532471 16.310375213623 16.4197120666504 16.5565242767334 16.7024974822998 16.8484687805176 16.9944400787354 17.1404113769531 17.2863845825195 17.4323558807373 17.6112499237061 17.8889102935791 18.1665725708008 18.4442329406738 18.7218933105469 18.9995555877686 19.2772159576416 19.5548763275146 19.616268157959 19.6055698394775 19.5948715209961 19.5841732025146 19.5734748840332 19.5627765655518 19.5520782470703 19.546667098999 19.5571212768555 19.5675754547119 19.5780296325684
19.2957973480225 18.9131889343262 18.5305824279785 18.1479740142822 17.7653656005859 17.4536457061768 17.1655540466309 16.877462387085 16.5893688201904 16.3012771606445 16.0131855010986 15.7250938415527 15.5326795578003 15.6272964477539 15.7219142913818 15.8165321350098 15.9111490249634 16.0057678222656 16.1003837585449 16.1950016021729 16.3327560424805 16.4848899841309 16.6370220184326 16.789155960083 16.9412899017334 17.0934219360352 17.2455558776855 17.4327182769775 17.7249641418457 18.0172119140625 18.3094596862793 18.6017074584961 18.8939533233643 19.1862010955811 19.4784488677979 19.5397663116455 19.5241069793701 19.5084495544434 19.492790222168 19.4771308898926 19.4614734649658 19.4458141326904 19.4328804016113 19.4281177520752 19.4233570098877 19.4185943603516
19.0016975402832 18.6536808013916 18.3056621551514 17.9576435089111 17.6096267700195 17.3092212677002 17.0246849060059 16.7401504516602 16.4556159973145 16.1710815429688 15.886547088623 15.602011680603 15.4099264144897 15.4951906204224 15.5804538726807 15.665717124939 15.7509803771973 15.8362445831299 15.9215078353882 16.0067710876465 16.151294708252 16.3155708312988 16.4798488616943 16.6441249847412 16.8084011077881 16.972677230835 17.1369552612305 17.3362045288086 17.6403770446777 17.9445476531982 18.2487201690674 18.5528926849365 18.857063293457 19.1612358093262 19.4654064178467 19.5275955200195 19.5091228485107 19.490650177002 19.4721775054932 19.4537029266357 19.435230255127 19.4167575836182 19.3942241668701 19.3595104217529 19.3247966766357 19.2900810241699
18.7359714508057 18.4095344543457 18.0830955505371 17.7566585540771 17.4302215576172 17.1403274536133 16.8626155853271 16.5849056243896 16.3071937561035 16.0294818878174 15.7517700195312 15.4740591049194 15.2860946655273 15.3673696517944 15.4486446380615 15.5299196243286 15.6111946105957 15.6924695968628 15.7737445831299 15.855019569397 16.0121402740479 16.1945419311523 16.3769435882568 16.55934715271 16.7417488098145 16.9241504669189 17.1065521240234 17.3217124938965 17.6351470947266 17.9485816955566 18.2620162963867 18.5754508972168 18.8888835906982 19.2023181915283 19.5157527923584 19.5797557830811 19.5606155395508 19.5414733886719 19.5223331451416 19.5031909942627 19.4840507507324 19.4649105072021 19.4307022094727 19.3512992858887 19.2718944549561 19.1924896240234
18.4702453613281 18.1653881072998 17.8605308532715 17.5556735992432 17.2508163452148 16.971435546875 16.7005462646484 16.4296588897705 16.1587715148926 15.887882232666 15.6169939041138 15.3461065292358 15.1622619628906 15.2395486831665 15.3168344497681 15.3941211700439 15.4714078903198 15.5486946105957 15.6259813308716 15.7032680511475 15.8729848861694 16.0735130310059 16.274040222168 16.4745674133301 16.6750946044922 16.8756237030029 17.076150894165 17.3072204589844 17.6299171447754 17.9526138305664 18.2753105163574 18.5980072021484 18.9207038879395 19.2434024810791 19.5660991668701 19.6319160461426 19.6121063232422 19.5922985076904 19.57248878479 19.5526790618896 19.5328712463379 19.5130615234375 19.4671802520752 19.3430862426758 19.2189922332764 19.094898223877
18.2045192718506 17.9212417602539 17.6379642486572 17.3546867370605 17.0714092254639 16.8025417327881 16.5384769439697 16.2744121551514 16.010347366333 15.7462825775146 15.4822177886963 15.2181529998779 15.0384292602539 15.1117277145386 15.1850252151489 15.2583236694336 15.3316221237183 15.4049196243286 15.4782180786133 15.5515155792236 15.7338304519653 15.9524831771851 16.1711368560791 16.3897895812988 16.6084423065186 16.8270950317383 17.0457496643066 17.2927284240723 17.6246871948242 17.9566478729248 18.2886066436768 18.6205654144287 18.9525260925293 19.2844848632812 19.6164436340332 19.6840763092041 19.6635990142822 19.6431217193604 19.6226444244385 19.6021671295166 19.5816898345947 19.5612125396729 19.5036582946777 19.3348751068115 19.1660919189453 18.9973068237305
17.938793182373 17.6770973205566 17.4153995513916 17.1537017822266 16.8920040130615 16.6336498260498 16.376407623291 16.1191673278809 15.8619251251221 15.6046838760376 15.3474416732788 15.0902004241943 14.9145965576172 14.9839067459106 15.0532159805298 15.1225261688232 15.1918354034424 15.2611446380615 15.330454826355 15.3997640609741 15.5946750640869 15.8314542770386 16.0682334899902 16.3050117492676 16.5417900085449 16.7785682678223 17.0153465270996 17.2782363891602 17.619457244873 17.9606800079346 18.3019027709961 18.643123626709 18.9843463897705 19.3255672454834 19.6667900085449 19.7362365722656 19.7150917053223 19.6939449310303 19.6728000640869 19.6516551971436 19.6305103302002 19.6093654632568 19.5401382446289 19.3266639709473 19.1131896972656 18.899715423584
17.6730670928955 17.4329509735107 17.1928329467773 16.9527168273926 16.7125988006592 16.4647560119629 16.2143383026123 15.9639205932617 15.7135019302368 15.4630842208862 15.2126655578613 14.9622478485107 14.7907648086548 14.8560857772827 14.9214067459106 14.9867277145386 15.0520486831665 15.1173706054688 15.1826915740967 15.2480125427246 15.4555206298828 15.7104244232178 15.965329170227 16.2202320098877 16.4751377105713 16.7300415039062 16.9849452972412 17.263744354248 17.6142292022705 17.9647121429443 18.3151969909668 18.6656818389893 19.0161666870117 19.3666515350342 19.717134475708 19.7883968353271 19.7665824890137 19.7447700500488 19.7229557037354 19.7011432647705 19.679328918457 19.6575164794922 19.5766162872314 19.3184509277344 19.0602874755859 18.8021240234375
17.4208145141602 17.1990337371826 16.9772510528564 16.7554702758789 16.5336875915527 16.2947559356689 16.0501098632812 15.8054628372192 15.5608158111572 15.3161697387695 15.0715227127075 14.8268756866455 14.6612606048584 14.732741355896 14.8042221069336 14.8757028579712 14.9471836090088 15.0186634063721 15.0901441574097 15.1616249084473 15.3916006088257 15.6744079589844 15.9572153091431 16.2400226593018 16.5228290557861 16.8056373596191 17.0884437561035 17.3893566131592 17.7445831298828 18.0998096466064 18.4550380706787 18.8102645874023 19.165491104126 19.5207176208496 19.8759441375732 19.9432716369629 19.9146327972412 19.8859920501709 19.8573532104492 19.8287124633789 19.8000736236572 19.7714328765869 19.6788158416748 19.39426612854 19.1097164154053 18.8251667022705
17.1820373535156 16.9753456115723 16.7686519622803 16.5619602203369 16.3552684783936 16.123649597168 15.8837223052979 15.6437950134277 15.4038667678833 15.1639394760132 14.9240121841431 14.6840839385986 14.5260858535767 14.6138734817505 14.7016620635986 14.7894496917725 14.8772382736206 14.9650259017944 15.0528144836426 15.1406021118164 15.4029159545898 15.7234039306641 16.0438919067383 16.3643798828125 16.6848697662354 17.0053577423096 17.3258457183838 17.6550750732422 18.0105228424072 18.3659725189209 18.7214221954346 19.0768699645996 19.4323196411133 19.787769317627 20.143217086792 20.2008609771729 20.159236907959 20.1176128387451 20.0759887695312 20.0343647003174 19.9927406311035 19.9511165618896 19.8467407226562 19.5541076660156 19.2614765167236 18.968843460083
