data/working_set_collections/6091692-Cassins_Sparrow-M2/2000/evpsoil_avg.asc
NCOLS 265 
NROWS 230 
XLLCORNER -115.5625 
YLLCORNER 24.8333333333333 
CELLSIZE 0.0833333333333333 
NODATA_value -9999 
[rows 20 to 39 of 230, columns 184 to 229 of 265]
16.5358829498291 16.7312793731689 16.9266777038574 17.0602970123291 17.1733264923096 17.2863540649414 17.3993816375732 17.5124111175537 17.6254386901855 17.7384662628174 17.8165168762207 17.7896327972412 17.7627468109131 17.7358627319336 17.7089767456055 17.682092666626 17.6552066802979 17.6283226013184 17.9203014373779 18.3185710906982 18.7168407440186 19.1151084899902 19.5133781433105 19.9116477966309 20.3099174499512 20.8079395294189 21.6052207946777 22.4025020599365 23.1997833251953 23.9970645904541 24.7943458557129 25.5916271209717 26.3889083862305 26.7882061004639 27.0548439025879 27.3214817047119 27.5881175994873 27.8547554016113 28.1213932037354 28.3880310058594 28.6416721343994 28.8563327789307 29.0709934234619 29.2856521606445 29.5003128051758 29.7149715423584
16.2958469390869 16.4297256469727 16.5636043548584 16.6660861968994 16.7581005096436 16.8501167297363 16.9421310424805 17.0341472625732 17.1261615753174 17.2181758880615 17.2923107147217 17.3127975463867 17.3332862854004 17.3537750244141 17.3742637634277 17.3947505950928 17.4152393341064 17.4357280731201 17.7584857940674 18.1820011138916 18.6055164337158 19.02903175354 19.4525489807129 19.8760643005371 20.2995796203613 20.8190822601318 21.6265525817871 22.434024810791 23.2414951324463 24.0489654541016 24.8564357757568 25.6639060974121 26.4713764190674 26.8695030212402 27.1311817169189 27.3928604125977 27.6545372009277 27.9162158966064 28.1778945922852 28.4395732879639 28.7022018432617 28.967679977417 29.2331581115723 29.4986362457275 29.7641143798828 30.0295906066895
16.0558128356934 16.128173828125 16.200532913208 16.2718753814697 16.3428764343262 16.4138774871826 16.4848804473877 16.5558815002441 16.6268844604492 16.6978855133057 16.768102645874 16.8359642028809 16.9038257598877 16.9716873168945 17.0395488739014 17.1074104309082 17.175271987915 17.2431335449219 17.5966701507568 18.0454330444336 18.4941940307617 18.9429550170898 19.3917179107666 19.8404788970947 20.2892417907715 20.8302268981934 21.6478862762451 22.4655456542969 23.2832050323486 24.1008644104004 24.9185237884521 25.7361831665039 26.5538425445557 26.950798034668 27.2075176239014 27.4642372131348 27.7209568023682 27.9776782989502 28.2343978881836 28.491117477417 28.762731552124 29.0790271759033 29.3953227996826 29.7116184234619 30.0279140472412 30.3442096710205
15.8157777786255 15.8266201019287 15.8374614715576 15.8776626586914 15.9276514053345 15.9776401519775 16.0276298522949 16.0776176452637 16.1276073455811 16.1775951385498 16.2438945770264 16.359130859375 16.474365234375 16.589599609375 16.7048358917236 16.8200702667236 16.9353046417236 17.0505409240723 17.4348545074463 17.908863067627 18.3828716278076 18.8568782806396 19.3308868408203 19.804895401001 20.2789039611816 20.8413715362549 21.6692199707031 22.4970684051514 23.3249168395996 24.1527652740479 24.9806137084961 25.8084621429443 26.6363105773926 27.0320930480957 27.2838554382324 27.5356159210205 27.7873764038086 28.0391387939453 28.2908992767334 28.5426616668701 28.8232593536377 29.1903743743896 29.557487487793 29.9246025085449 30.2917156219482 30.6588306427002
15.9667100906372 15.984522819519 16.0023365020752 16.0493564605713 16.1061134338379 16.1628684997559 16.2196254730225 16.2763824462891 16.3331394195557 16.3898944854736 16.4663181304932 16.6017436981201 16.7371692657471 16.8725929260254 17.0080184936523 17.1434440612793 17.2788677215576 17.4142932891846 17.7962894439697 18.2604732513428 18.7246589660645 19.1888446807861 19.6530303955078 20.1172142028809 20.5813999176025 21.1282634735107 21.9231586456299 22.7180557250977 23.5129508972168 24.3078479766846 25.1027431488037 25.8976402282715 26.6925354003906 27.0965805053711 27.37034034729 27.6441020965576 27.9178619384766 28.1916236877441 28.4653835296631 28.7391452789307 29.0410766601562 29.4275207519531 29.81396484375 30.2004108428955 30.5868549346924 30.9732990264893
16.5086078643799 16.6018829345703 16.6951560974121 16.7869548797607 16.8782596588135 16.9695644378662 17.0608711242676 17.1521759033203 17.243480682373 17.3347854614258 17.4353733062744 17.5638046264648 17.6922359466553 17.8206672668457 17.9490985870361 18.0775299072266 18.2059631347656 18.3343944549561 18.6809711456299 19.1002655029297 19.5195579528809 19.9388523101807 20.3581447601318 20.7774391174316 21.1967315673828 21.6909027099609 22.409704208374 23.1285057067871 23.8473091125488 24.5661106109619 25.284912109375 26.0037155151367 26.7225170135498 27.1442565917969 27.4669761657715 27.7896938323975 28.1124134063721 28.435131072998 28.7578506469727 29.0805683135986 29.4161796569824 29.7904682159424 30.1647567749023 30.5390453338623 30.9133319854736 31.2876205444336
17.0505046844482 17.2192420959473 17.3879776000977 17.5245532989502 17.6504058837891 17.7762603759766 17.9021148681641 18.0279693603516 18.1538219451904 18.2796764373779 18.404426574707 18.5258655548096 18.6473026275635 18.768741607666 18.8901805877686 19.0116176605225 19.133056640625 19.2544937133789 19.5656547546387 19.940055847168 20.3144569396973 20.6888599395752 21.0632610321045 21.4376621246338 21.8120632171631 22.2535419464111 22.8962497711182 23.5389575958252 24.1816654205322 24.8243751525879 25.4670829772949 26.109790802002 26.752498626709 27.1919326782227 27.5636100769043 27.9352874755859 28.3069629669189 28.6786403656006 29.0503158569336 29.4219932556152 29.7912826538086 30.153413772583 30.5155467987061 30.8776779174805 31.2398109436035 31.6019420623779
17.5924034118652 17.8366012573242 18.0807991027832 18.262149810791 18.4225540161133 18.5829563140869 18.7433586120605 18.9037609100342 19.0641651153564 19.2245674133301 19.3734817504883 19.4879264831543 19.6023712158203 19.7168159484863 19.8312606811523 19.9457054138184 20.0601501464844 20.1745948791504 20.4503383636475 20.7798480987549 21.1093578338623 21.4388656616211 21.7683753967285 22.0978851318359 22.4273948669434 22.8161811828613 23.3827953338623 23.9494094848633 24.5160236358643 25.0826377868652 25.6492519378662 26.2158660888672 26.7824802398682 27.2396106719971 27.6602439880371 28.0808792114258 28.5015125274658 28.9221477508545 29.3427829742432 29.7634162902832 30.1663856506348 30.5163612365723 30.8663368225098 31.2163124084473 31.5662879943848 31.9162635803223
18.1343002319336 18.4539604187012 18.7736206054688 18.9997482299805 19.1947002410889 19.3896522521973 19.5846042633057 19.7795543670654 19.9745063781738 20.1694583892822 20.3425350189209 20.4499855041504 20.5574378967285 20.664888381958 20.7723407745361 20.8797931671143 20.9872436523438 21.0946960449219 21.3350219726562 21.6196384429932 21.9042568206787 22.1888732910156 22.4734916687012 22.7581081390381 23.0427265167236 23.3788185119629 23.8693389892578 24.3598594665527 24.8503799438477 25.3409004211426 25.8314208984375 26.3219413757324 26.8124618530273 27.2872867584229 27.7568798065186 28.2264709472656 28.6960639953613 29.1656551361084 29.6352481842041 30.1048412322998 30.5414886474609 30.8793087005615 31.2171268463135 31.5549468994141 31.892765045166 32.230583190918
18.6761989593506 19.0713195800781 19.4664402008057 19.7373466491699 19.9668464660645 20.1963481903076 20.4258480072021 20.6553478240967 20.8848476409912 21.1143493652344 21.3115882873535 21.4120464324951 21.5125045776367 21.6129627227783 21.7134208679199 21.8138790130615 21.9143371582031 22.0147953033447 22.2197036743164 22.4594306945801 22.6991558074951 22.9388809204102 23.1786060333252 23.4183330535889 23.6580581665039 23.9414577484131 24.355884552002 24.7703113555908 25.1847381591797 25.5991649627686 26.0135917663574 26.4280185699463 26.8424453735352 27.3349647521973 27.8535137176514 28.3720645904541 28.8906135559082 29.4091644287109 29.927713394165 30.4462642669678 30.9165916442871 31.2422542572021 31.5679168701172 31.8935794830322 32.2192420959473 32.5449066162109
19.164831161499 19.620885848999 20.0769424438477 20.3655052185059 20.5982398986816 20.8309726715088 21.0637073516846 21.2964401245117 21.5291728973389 21.7619075775146 21.9614200592041 22.0612697601318 22.1611194610596 22.2609691619873 22.360818862915 22.4606704711914 22.5605201721191 22.6603698730469 22.8337802886963 23.0317115783691 23.229642868042 23.4275741577148 23.6255054473877 23.8234367370605 24.0213680267334 24.2611083984375 24.6262741088867 24.9914398193359 25.3566074371338 25.721773147583 26.0869407653809 26.4521064758301 26.8172721862793 27.320520401001 27.8697967529297 28.4190731048584 28.9683494567871 29.5176258087158 30.0669002532959 30.6161766052246 31.1100997924805 31.4379692077637 31.7658367156982 32.0937042236328 32.421573638916 32.7494430541992
19.6001949310303 20.1026592254639 20.6051216125488 20.8842258453369 21.0888786315918 21.293529510498 21.4981803894043 21.7028312683105 21.9074821472168 22.112133026123 22.292028427124 22.3976554870605 22.5032825469971 22.6089096069336 22.7145366668701 22.8201637268066 22.9257888793945 23.0314159393311 23.1772499084473 23.336483001709 23.4957180023193 23.6549530029297 23.8141860961914 23.9734210968018 24.1326560974121 24.3377666473389 24.6805076599121 25.0232467651367 25.36598777771 25.7087268829346 26.0514678955078 26.3942070007324 26.7369480133057 27.2439594268799 27.8057289123535 28.3674983978271 28.9292678833008 29.4910373687744 30.052806854248 30.6145763397217 31.122013092041 31.4664497375488 31.810884475708 32.1553192138672 32.499755859375 32.8441925048828
20.0355606079102 20.5844326019287 21.1333026885986 21.402946472168 21.5795154571533 21.7560844421387 21.932653427124 22.1092224121094 22.2857913970947 22.4623603820801 22.6226367950439 22.7340412139893 22.8454456329346 22.9568481445312 23.0682525634766 23.1796569824219 23.2910594940186 23.4024639129639 23.5207176208496 23.6412563323975 23.7617931365967 23.8823318481445 24.0028686523438 24.1234073638916 24.2439441680908 24.4144268035889 24.7347393035889 25.0550537109375 25.3753662109375 25.6956806182861 26.0159950256348 26.3363075256348 26.6566219329834 27.1673984527588 27.7416610717773 28.3159236907959 28.8901882171631 29.4644508361816 30.0387153625488 30.6129779815674 31.1339263916016 31.4949283599854 31.8559322357178 32.2169342041016 32.577938079834 32.9389419555664
20.47092628479 21.0662059783936 21.6614837646484 21.921667098999 22.0701541900635 22.2186412811279 22.3671264648438 22.5156135559082 22.6641006469727 22.8125858306885 22.9532470703125 23.070426940918 23.1876068115234 23.3047885894775 23.421968460083 23.5391483306885 23.6563301086426 23.773509979248 23.8641872406006 23.9460277557373 24.027868270874 24.1097087860107 24.1915512084961 24.2733917236328 24.3552322387695 24.4910850524902 24.7889728546143 25.0868606567383 25.3847465515137 25.6826343536377 25.9805221557617 26.2784099578857 26.5762958526611 27.0908355712891 27.6775932312012 28.2643508911133 28.8511066436768 29.4378643035889 30.024621963501 30.6113777160645 31.1458377838135 31.5234088897705 31.9009799957275 32.2785491943359 32.656120300293 33.03369140625
20.9062919616699 21.5479774475098 22.1896648406982 22.4403896331787 22.5607929229736 22.6811962127686 22.8016014099121 22.922004699707 23.042407989502 23.1628131866455 23.2838554382324 23.4068126678467 23.5297698974609 23.6527271270752 23.7756843566895 23.8986415863037 24.0216007232666 24.1445579528809 24.2076549530029 24.2507991790771 24.2939434051514 24.3370876312256 24.3802318572998 24.423376083374 24.4665203094482 24.5677452087402 24.8432064056396 25.1186656951904 25.3941268920898 25.6695880889893 25.9450492858887 26.2205104827881 26.4959716796875 27.014274597168 27.613525390625 28.212776184082 28.8120269775391 29.4112777709961 30.0105285644531 30.6097793579102 31.157751083374 31.5518894195557 31.9460277557373 32.3401641845703 32.734302520752 33.1284408569336
21.3416576385498 22.0297508239746 22.7178440093994 22.9591102600098 23.0514316558838 23.1437530517578 23.2360744476318 23.3283958435059 23.4207172393799 23.5130386352539 23.6144638061523 23.7431983947754 23.8719329833984 24.0006675720215 24.1294021606445 24.2581348419189 24.386869430542 24.515604019165 24.5511245727539 24.555570602417 24.5600185394287 24.5644664764404 24.5689144134521 24.5733623504639 24.5778102874756 24.6444034576416 24.8974380493164 25.1504726409912 25.403507232666 25.6565418243408 25.9095764160156 26.1626110076904 26.4156455993652 26.9377117156982 27.5494575500488 28.1612014770508 28.7729454040527 29.3846912384033 29.9964351654053 30.6081790924072 31.1696643829346 31.5803699493408 31.9910755157471 32.4017791748047 32.8124847412109 33.2231903076172
21.7307777404785 22.4020233154297 23.0732688903809 23.2940616607666 23.3647041320801 23.4353466033936 23.505989074707 23.5766315460205 23.647274017334 23.7179164886475 23.8043918609619 23.938362121582 24.0723342895508 24.2063045501709 24.3402767181396 24.4742469787598 24.6082191467285 24.7421894073486 24.7804050445557 24.7867031097412 24.7930011749268 24.7992992401123 24.8055973052979 24.8118953704834 24.8181934356689 24.8794498443604 25.1055774688721 25.3317070007324 25.5578365325928 25.7839660644531 26.0100955963135 26.2362251281738 26.4623527526855 26.9716949462891 27.5754375457764 28.1791820526123 28.7829265594482 29.3866710662842 29.9904155731201 30.5941600799561 31.1527252197266 31.5757541656494 31.9987812042236 32.4218101501465 32.844841003418 33.2678680419922
22.0736541748047 22.6647968292236 23.2559375762939 23.4452476501465 23.5006141662598 23.555980682373 23.6113471984863 23.6667137145996 23.7220802307129 23.7774467468262 23.8536376953125 23.9923057556152 24.130973815918 24.2696418762207 24.4083099365234 24.5469779968262 24.6856460571289 24.8243141174316 24.8955020904541 24.9441967010498 24.9928913116455 25.0415878295898 25.0902824401855 25.1389770507812 25.187671661377 25.2728805541992 25.4676246643066 25.6623706817627 25.8571147918701 26.0518608093262 26.2466049194336 26.4413509368896 26.6360950469971 27.1162185668945 27.6914691925049 28.2667198181152 28.841968536377 29.4172191619873 29.992467880249 30.5677185058594 31.10693359375 31.5380401611328 31.9691486358643 32.4002571105957 32.8313636779785 33.2624740600586
22.4165306091309 22.9275684356689 23.438606262207 23.5964336395264 23.6365242004395 23.6766128540039 23.716703414917 23.7567939758301 23.7968845367432 23.8369750976562 23.9028854370117 24.0462493896484 24.1896133422852 24.3329792022705 24.4763431549072 24.6197071075439 24.7630729675293 24.906436920166 25.0105972290039 25.1016902923584 25.1927814483643 25.2838745117188 25.3749656677246 25.4660587310791 25.5571517944336 25.6663112640381 25.8296718597412 25.9930324554443 26.1563930511475 26.3197555541992 26.4831161499023 26.6464767456055 26.8098373413086 27.2607440948486 27.8075008392334 28.3542556762695 28.9010105133057 29.4477672576904 29.9945220947266 30.5412769317627 31.0611419677734 31.5003280639648 31.9395160675049 32.3787040710449 32.8178901672363 33.2570762634277
22.759407043457 23.1903400421143 23.6212730407715 23.7476177215576 23.7724323272705 23.7972469329834 23.8220615386963 23.8468761444092 23.8716907501221 23.896505355835 23.9521312713623 24.1001930236816 24.248254776001 24.3963146209717 24.544376373291 24.6924381256104 24.8404998779297 24.9885597229004 25.1256923675537 25.2591819763184 25.392671585083 25.5261611938477 25.6596508026123 25.793140411377 25.9266300201416 26.059741973877 26.1917190551758 26.3236961364746 26.4556732177734 26.5876483917236 26.7196254730225 26.8516025543213 26.9835796356201 27.4052696228027 27.9235305786133 28.4417915344238 28.960054397583 29.4783153533936 29.9965763092041 30.5148372650146 31.0153503417969 31.4626159667969 31.9098834991455 32.3571510314941 32.8044166564941 33.2516822814941
