data/working_set_collections/6091692-Cassins_Sparrow-M2/2000/evpsoil_avg.asc
NCOLS 265 
NROWS 230 
XLLCORNER -115.5625 
YLLCORNER 24.8333333333333 
CELLSIZE 0.0833333333333333 
NODATA_value -9999 
[rows 0 to 19 of 230, columns 46 to 91 of 265]
22.9285678863525 23.0342712402344 23.1399726867676 23.2456741333008 23.3513774871826 23.4570789337158 23.0790042877197 22.5396690368652 22.0003356933594 21.4610023498535 20.921667098999 20.3823337554932 19.8430004119873 19.4409446716309 19.4507274627686 19.4605083465576 19.4702911376953 19.4800720214844 19.4898548126221 19.4996356964111 19.5094184875488 19.5337982177734 19.5630435943604 19.5922889709473 19.6215343475342 19.6507797241211 19.6800270080566 19.7092723846436 19.6933040618896 19.5416946411133 19.3900852203369 19.2384757995605 19.0868663787842 18.9352569580078 18.7836475372314 18.6320381164551 18.372501373291 18.0769882202148 17.78147315979 17.4859600067139 17.1904468536377 16.8949317932129 16.5994186401367 16.5150203704834 17.0639667510986 17.6129131317139
22.7087593078613 22.7561378479004 22.8035144805908 22.8508911132812 22.8982677459717 22.9456462860107 22.5645389556885 22.0406036376953 21.5166683197021 20.992733001709 20.4687976837158 19.9448623657227 19.4209270477295 19.0320816040039 19.0484981536865 19.0649166107178 19.0813331604004 19.0977516174316 19.1141681671143 19.1305866241455 19.1470031738281 19.185920715332 19.2323360443115 19.2787532806396 19.3251686096191 19.3715839385986 19.4180011749268 19.4644165039062 19.4639015197754 19.3225936889648 19.1812839508057 19.0399761199951 18.8986682891846 18.7573585510254 18.6160507202148 18.4747428894043 18.2353610992432 17.9632892608643 17.691219329834 17.4191474914551 17.1470756530762 16.8750038146973 16.602933883667 16.5243797302246 17.0263767242432 17.5283756256104
22.4889507293701 22.4780044555664 22.4670562744141 22.4561080932617 22.4451599121094 22.434211730957 22.0500736236572 21.5415363311768 21.0330009460449 20.5244655609131 20.0159282684326 19.5073928833008 18.9988555908203 18.6232166290283 18.6462707519531 18.6693229675293 18.6923770904541 18.7154293060303 18.7384834289551 18.7615356445312 18.7845897674561 18.8380432128906 18.9016284942627 18.9652156829834 19.0288028717041 19.0923881530762 19.1559753417969 19.2195625305176 19.2344989776611 19.1034927368164 18.972484588623 18.8414764404297 18.7104682922363 18.579460144043 18.4484539031982 18.3174457550049 18.0982208251953 17.8495922088623 17.6009635925293 17.3523349761963 17.1037063598633 16.8550758361816 16.6064472198486 16.5337390899658 16.9887886047363 17.4438381195068
22.2691440582275 22.1998710632324 22.1305980682373 22.0613250732422 21.9920520782471 21.922779083252 21.535608291626 21.0424709320068 20.5493335723877 20.0561962127686 19.5630588531494 19.0699214935303 18.5767841339111 18.2143535614014 18.2440414428711 18.2737312316895 18.3034191131592 18.3331089019775 18.3627967834473 18.3924865722656 18.4221744537354 18.4901657104492 18.5709209442139 18.6516780853271 18.7324352264404 18.8131923675537 18.893949508667 18.9747066497803 19.0050983428955 18.884391784668 18.7636833190918 18.6429767608643 18.5222702026367 18.4015617370605 18.280855178833 18.1601486206055 17.9610824584961 17.7358951568604 17.5107078552246 17.2855224609375 17.0603351593018 16.835147857666 16.6099624633789 16.5430965423584 16.9511985778809 17.3592987060547
22.0493354797363 21.9217376708984 21.7941398620605 21.6665420532227 21.5389442443848 21.4113464355469 21.0211429595947 20.5434055328369 20.0656661987305 19.587926864624 19.1101894378662 18.6324501037598 18.154712677002 17.8054885864258 17.8418140411377 17.878137588501 17.9144630432129 17.9507865905762 17.9871120452881 18.0234355926514 18.0597610473633 18.1422863006592 18.2402153015137 18.3381423950195 18.4360694885254 18.5339965820312 18.6319236755371 18.7298526763916 18.7756958007812 18.6652889251709 18.5548839569092 18.4444770812988 18.3340702056885 18.2236652374268 18.1132583618164 18.0028514862061 17.8239421844482 17.6221981048584 17.4204540252686 17.2187099456787 17.0169658660889 16.8152198791504 16.6134757995605 16.5524559020996 16.9136085510254 17.2747611999512
21.8295269012451 21.6436042785645 21.4576816558838 21.2717590332031 21.0858364105225 20.8999137878418 20.5066776275635 20.0443382263184 19.5819988250732 19.1196594238281 18.657320022583 18.1949806213379 17.7326393127441 17.3966255187988 17.4395847320557 17.4825458526611 17.525505065918 17.5684661865234 17.6114253997803 17.6543865203857 17.6973457336426 17.7944087982178 17.9095077514648 18.0246047973633 18.1397037506104 18.2548007965088 18.3698997497559 18.4849967956543 18.546293258667 18.4461879730225 18.3460826873779 18.2459774017334 18.1458721160889 18.0457668304443 17.9456615447998 17.8455543518066 17.6868019104004 17.5085010528564 17.3301982879639 17.1518974304199 16.9735946655273 16.7952919006348 16.6169910430908 16.5618152618408 16.8760185241699 17.1902236938477
21.8425407409668 21.5891418457031 21.3357429504395 21.0823440551758 20.8289451599121 20.5755462646484 20.1930141448975 19.7674388885498 19.3418636322021 18.9162883758545 18.4907112121582 18.0651359558105 17.6395606994629 17.3291397094727 17.3641834259033 17.399227142334 17.434268951416 17.4693126678467 17.5043563842773 17.539400100708 17.57444190979 17.6641807556152 17.7721519470215 17.8801231384277 17.988094329834 18.0960655212402 18.2040367126465 18.3120079040527 18.370246887207 18.2792930603027 18.1883373260498 18.0973834991455 18.0064277648926 17.9154739379883 17.8245182037354 17.7335643768311 17.5935192108154 17.4371109008789 17.2807025909424 17.1242961883545 16.967887878418 16.8114795684814 16.6550712585449 16.6010227203369 16.8540534973145 17.1070823669434
22.0883750915527 21.7583484649658 21.4283218383789 21.0982971191406 20.7682704925537 20.4382438659668 20.0801525115967 19.7127056121826 19.3452587127686 18.9778137207031 18.6103668212891 18.242919921875 17.8754749298096 17.6030330657959 17.6156063079834 17.6281814575195 17.640754699707 17.6533298492432 17.6659030914307 17.6784763336182 17.6910514831543 17.7516040802002 17.8281497955322 17.9046974182129 17.9812431335449 18.0577907562256 18.1343364715576 18.2108821868896 18.2475547790527 18.1646003723145 18.0816459655762 17.9986934661865 17.9157390594482 17.8327865600586 17.7498321533203 17.666877746582 17.5440921783447 17.408031463623 17.2719688415527 17.1359062194824 16.9998435974121 16.8637828826904 16.7277202606201 16.6700801849365 16.8477096557617 17.0253391265869
22.3342113494873 21.9275569915771 21.520902633667 21.1142482757568 20.7075958251953 20.3009414672852 19.9672889709473 19.6579723358154 19.3486557006836 19.0393390655518 18.7300224304199 18.4207057952881 18.1113872528076 17.8769264221191 17.8670310974121 17.8571357727051 17.847240447998 17.837345123291 17.827449798584 17.817554473877 17.8076591491699 17.8390274047852 17.8841495513916 17.9292697906494 17.9743919372559 18.0195140838623 18.0646362304688 18.1097583770752 18.1248626708984 18.0499095916748 17.9749565124512 17.9000034332275 17.8250503540039 17.7500972747803 17.6751461029053 17.6001930236816 17.4946670532227 17.3789501190186 17.2632331848145 17.147518157959 17.0318012237549 16.9160842895508 16.8003673553467 16.7391376495361 16.8413677215576 16.9435977935791
22.5800457000732 22.0967655181885 21.6134834289551 21.1302013397217 20.6469211578369 20.1636390686035 19.8544273376465 19.6032390594482 19.3520526885986 19.1008644104004 18.8496761322021 18.5984897613525 18.3473014831543 18.1508197784424 18.1184558868408 18.0860900878906 18.0537261962891 18.0213603973389 17.9889965057373 17.9566326141357 17.9242668151855 17.9264488220215 17.9401473999023 17.9538440704346 17.9675426483154 17.9812393188477 17.9949378967285 18.0086345672607 18.0021705627441 17.9352169036865 17.8682651519775 17.8013134002686 17.7343616485596 17.6674098968506 17.6004581451416 17.5335063934326 17.445240020752 17.3498687744141 17.2544994354248 17.1591281890869 17.063756942749 16.9683856964111 16.8730163574219 16.8081951141357 16.8350238800049 16.8618545532227
22.8258819580078 22.2659721374512 21.7060642242432 21.1461544036865 20.5862464904785 20.0263366699219 19.7415657043457 19.5485076904297 19.355447769165 19.162389755249 18.969331741333 18.776273727417 18.583215713501 18.4247131347656 18.3698787689209 18.3150444030762 18.2602119445801 18.2053775787354 18.1505432128906 18.0957088470459 18.0408744812012 18.0138721466064 17.9961452484131 17.9784183502197 17.9606914520264 17.942964553833 17.9252376556396 17.9075107574463 17.8794765472412 17.8205261230469 17.7615756988525 17.7026252746582 17.6436729431152 17.5847225189209 17.5257720947266 17.4668216705322 17.3958148956299 17.3207893371582 17.2457637786865 17.1707382202148 17.0957145690918 17.0206890106201 16.9456634521484 16.8772525787354 16.8286819458008 16.7801113128662
23.0717182159424 22.4351806640625 21.7986450195312 21.1621074676514 20.5255718231201 19.8890342712402 19.6287040710449 19.4937744140625 19.3588447570801 19.2239151000977 19.0889873504639 18.9540576934814 18.819128036499 18.6986064910889 18.6213035583496 18.5439987182617 18.4666957855225 18.3893928527832 18.3120899200439 18.2347869873047 18.1574840545654 18.1012935638428 18.0521430969238 18.0029907226562 17.9538402557373 17.9046878814697 17.8555374145508 17.8063869476318 17.7567844390869 17.7058353424072 17.6548843383789 17.6039352416992 17.5529842376709 17.5020351409912 17.4510841369629 17.4001350402832 17.3463878631592 17.2917079925537 17.2370300292969 17.1823501586914 17.1276702880859 17.0729904174805 17.018310546875 16.946310043335 16.8223400115967 16.6983680725098
23.0238285064697 22.3749866485596 21.726146697998 21.0773067474365 20.4284648895264 19.7796249389648 19.5352821350098 19.4257717132568 19.3162612915039 19.206750869751 19.097240447998 18.9877281188965 18.8782176971436 18.7779026031494 18.7051696777344 18.6324367523193 18.5597038269043 18.4869709014893 18.4142379760742 18.3415050506592 18.2687721252441 18.1809883117676 18.0881881713867 17.9953880310059 17.902587890625 17.8097877502441 17.7169876098633 17.6241874694824 17.5391483306885 17.4773902893066 17.4156322479248 17.353874206543 17.2921180725098 17.2303600311279 17.1686019897461 17.1068458557129 17.0749435424805 17.0529937744141 17.0310440063477 17.0090942382812 16.9871444702148 16.9651947021484 16.943244934082 16.8857917785645 16.7218265533447 16.5578632354736
22.6822128295898 22.085391998291 21.4885711669922 20.8917503356934 20.2949295043945 19.6981086730957 19.4613018035889 19.3444995880127 19.2276954650879 19.1108932495117 18.9940910339355 18.8772869110107 18.7604846954346 18.6626014709473 18.6214790344238 18.5803565979004 18.5392322540283 18.4981098175049 18.4569873809814 18.415864944458 18.3747425079346 18.2529563903809 18.1042823791504 17.9556083679199 17.8069343566895 17.658260345459 17.5095882415771 17.3609142303467 17.2265644073486 17.1351909637451 17.0438175201416 16.9524440765381 16.8610706329346 16.7696971893311 16.6783237457275 16.586950302124 16.5814800262451 16.6046447753906 16.6278076171875 16.650972366333 16.6741352081299 16.6972999572754 16.7204627990723 16.6956977844238 16.5271453857422 16.3585948944092
22.34059715271 21.7957954406738 21.2509956359863 20.7061939239502 20.1613941192627 19.6165924072266 19.387321472168 19.2632255554199 19.1391315460205 19.0150356292725 18.890941619873 18.766845703125 18.6427516937256 18.5473022460938 18.5377883911133 18.5282764434814 18.518762588501 18.5092506408691 18.4997367858887 18.4902248382568 18.4807109832764 18.3249225616455 18.1203746795654 17.915828704834 17.7112808227539 17.5067348480225 17.3021869659424 17.0976409912109 16.9139823913574 16.7929935455322 16.672004699707 16.5510139465332 16.430025100708 16.3090362548828 16.1880474090576 16.0670566558838 16.0880184173584 16.1562957763672 16.224573135376 16.2928504943848 16.3611278533936 16.4294033050537 16.4976806640625 16.5056037902832 16.3324642181396 16.1593265533447
21.9989814758301 21.5062007904053 21.0134201049805 20.5206394195557 20.0278587341309 19.5350780487061 19.3133411407471 19.1819534301758 19.0505657196045 18.9191799163818 18.7877922058105 18.6564044952393 18.525016784668 18.4320011138916 18.4540977478027 18.4761943817139 18.4982929229736 18.5203895568848 18.5424861907959 18.564582824707 18.5866813659668 18.3968887329102 18.1364688873291 17.876049041748 17.6156272888184 17.3552074432373 17.0947875976562 16.8343677520752 16.6014003753662 16.4507942199707 16.3001899719238 16.1495838165283 15.9989795684814 15.8483734130859 15.6977682113647 15.5471630096436 15.594554901123 15.7079458236694 15.8213367462158 15.9347276687622 16.0481185913086 16.1615085601807 16.2749004364014 16.3155117034912 16.1377849578857 15.960057258606
21.6573657989502 21.2166042327881 20.7758445739746 20.3350830078125 19.8943214416504 19.4535617828369 19.2393608093262 19.1006813049316 18.9620018005371 18.8233222961426 18.684642791748 18.5459632873535 18.407283782959 18.3166999816895 18.3704071044922 18.4241142272949 18.4778213500977 18.5315284729004 18.5852355957031 18.6389427185059 18.6926498413086 18.4688568115234 18.1525630950928 17.8362693786621 17.5199756622314 17.2036819458008 16.8873863220215 16.5710926055908 16.288818359375 16.1085968017578 15.9283752441406 15.7481536865234 15.5679330825806 15.3877115249634 15.2074909210205 15.0272693634033 15.101092338562 15.259596824646 15.41810131073 15.5766048431396 15.7351093292236 15.8936138153076 16.0521183013916 16.1254177093506 15.9431028366089 15.7607879638672
21.3157501220703 20.9270095825195 20.5382690429688 20.1495265960693 19.7607860565186 19.3720455169678 19.1653804779053 19.0194091796875 18.8734378814697 18.7274646759033 18.5814933776855 18.4355220794678 18.2895488739014 18.2014007568359 18.2867164611816 18.372034072876 18.4573516845703 18.542667388916 18.6279850006104 18.7133026123047 18.7986183166504 18.5408229827881 18.1686553955078 17.7964878082275 17.4243221282959 17.0521545410156 16.6799869537354 16.3078193664551 15.9762353897095 15.7663984298706 15.5565605163574 15.3467235565186 15.1368865966797 14.9270496368408 14.717212677002 14.5073757171631 14.607629776001 14.8112468719482 15.0148649215698 15.2184829711914 15.422101020813 15.6257190704346 15.8293371200562 15.9353246688843 15.7484216690063 15.5615196228027
21.5102882385254 21.1693725585938 20.8284568786621 20.4875431060791 20.1466274261475 19.8057136535645 19.567174911499 19.3627605438232 19.1583480834961 18.9539337158203 18.7495212554932 18.5451068878174 18.3406944274902 18.2027969360352 18.2644443511963 18.3260936737061 18.3877429962158 18.4493923187256 18.5110397338867 18.5726890563965 18.6343383789062 18.3473949432373 17.9442558288574 17.5411148071289 17.1379737854004 16.7348346710205 16.331693649292 15.9285535812378 15.5715656280518 15.3530340194702 15.1345014572144 14.9159688949585 14.697437286377 14.4789047241211 14.2603731155396 14.0418405532837 14.1373558044434 14.337553024292 14.5377502441406 14.7379484176636 14.9381456375122 15.1383428573608 15.3385400772095 15.4555435180664 15.3229646682739 15.1903858184814
22.2409763336182 21.9436931610107 21.646411895752 21.3491287231445 21.0518474578857 20.7545642852783 20.4447402954102 20.1307373046875 19.8167324066162 19.5027294158936 19.1887245178223 18.874719619751 18.5607166290283 18.3208885192871 18.3035907745361 18.2862949371338 18.2689971923828 18.2516994476318 18.2344017028809 18.2171039581299 18.1998081207275 17.8885726928711 17.4793605804443 17.0701465606689 16.6609344482422 16.2517223358154 15.84250831604 15.433295249939 15.0748090744019 14.8685026168823 14.6621971130371 14.4558906555176 14.249584197998 14.0432786941528 13.8369722366333 13.6306657791138 13.6902713775635 13.8385143280029 13.9867572784424 14.1350002288818 14.2832431793213 14.4314861297607 14.5797290802002 14.6860752105713 14.6667308807373 14.6473865509033
