data/working_set_collections/6091692-Cassins_Sparrow-M2/2000/evptrns_avg.asc
NCOLS 265 
NROWS 230 
XLLCORNER -115.5625 
YLLCORNER 24.8333333333333 
CELLSIZE 0.0833333333333333 
NODATA_value -9999 
[rows 140 to 159 of 230, columns 180 to 224 of 265]
9.31930065155029 9.91596984863281 10.5126390457153 11.1093072891235 11.7059764862061 12.3026456832886 12.8993148803711 13.3019714355469 13.6399564743042 13.9779424667358 14.3159275054932 14.6539134979248 14.9918985366821 15.3298835754395 15.5055541992188 15.1942768096924 14.882999420166 14.5717220306396 14.2604446411133 13.9491672515869 13.6378898620605 13.3266134262085 13.2554225921631 13.2642612457275 13.273099899292 13.2819385528564 13.2907772064209 13.2996158599854 13.3084545135498 13.4417285919189 13.9483098983765 14.4548902511597 14.9614715576172 15.4680528640747 15.9746341705322 16.4812145233154 16.9877967834473 17.6143856048584 18.2809772491455 18.9475708007812 19.6141624450684 20.2807540893555 20.9473476409912 21.6139392852783 22.1933555603027
9.0879545211792 9.71593856811523 10.343921661377 10.971905708313 11.5998888015747 12.2278728485107 12.8558568954468 13.295129776001 13.6714992523193 14.047869682312 14.4242391586304 14.8006086349487 15.1769781112671 15.5533485412598 15.7710285186768 15.5126390457153 15.2542495727539 14.9958600997925 14.7374706268311 14.4790811538696 14.2206916809082 13.9623022079468 13.9114122390747 13.9296884536743 13.9479646682739 13.9662408828735 13.9845170974731 14.0027933120728 14.0210695266724 14.1595859527588 14.6588230133057 15.1580610275269 15.657299041748 16.1565361022949 16.6557731628418 17.1550121307373 17.6542491912842 18.2449932098389 18.8662395477295 19.4874839782715 20.1087303161621 20.7299747467041 21.3512210845947 21.9724674224854 22.5083751678467
8.85660934448242 9.51590728759766 10.1752052307129 10.8345031738281 11.4938011169434 12.1531000137329 12.8123979568481 13.2882881164551 13.7030420303345 14.1177959442139 14.5325498580933 14.947304725647 15.3620586395264 15.7768125534058 16.0365028381348 15.8310012817383 15.6254997253418 15.4199981689453 15.2144966125488 15.0089950561523 14.8034934997559 14.5979919433594 14.5674018859863 14.5951156616211 14.6228294372559 14.6505432128906 14.6782569885254 14.7059707641602 14.7336845397949 14.8774433135986 15.3693370819092 15.8612308502197 16.3531246185303 16.8450202941895 17.3369140625 17.8288078308105 18.3207015991211 18.8756008148193 19.4514999389648 20.0273990631104 20.6032981872559 21.1791973114014 21.7550964355469 22.3309955596924 22.8233966827393
8.62526321411133 9.31587600708008 10.0064888000488 10.6971015930176 11.3877143859863 12.0783262252808 12.7689390182495 13.2814464569092 13.7345848083496 14.18772315979 14.6408615112305 15.0939998626709 15.5471382141113 16.0002765655518 16.3019771575928 16.1493644714355 15.9967498779297 15.8441362380981 15.6915225982666 15.5389089584351 15.3862943649292 15.2336807250977 15.223391532898 15.2605428695679 15.2976942062378 15.3348455429077 15.3719968795776 15.4091482162476 15.4462995529175 15.5953006744385 16.0798511505127 16.5644016265869 17.0489521026611 17.5335025787354 18.0180530548096 18.5026035308838 18.9871559143066 19.5062065124512 20.0367603302002 20.5673122406006 21.0978660583496 21.62841796875 22.1589698791504 22.6895236968994 23.1384162902832
8.37155914306641 9.08365058898926 9.79574203491211 10.507833480835 11.2199249267578 11.9320154190063 12.6441068649292 13.1850786209106 13.6690111160278 14.1529426574707 14.6368751525879 15.1208066940308 15.604739189148 16.0886707305908 16.4325675964355 16.3563594818115 16.2801513671875 16.2039413452148 16.1277332305908 16.0515251159668 15.9753160476685 15.8991069793701 15.8974113464355 15.9205532073975 15.9436941146851 15.966835975647 15.9899778366089 16.0131187438965 16.0362606048584 16.1751594543457 16.6613235473633 17.1474895477295 17.6336555480957 18.1198215484619 18.6059875488281 19.0921535491943 19.5783176422119 20.064567565918 20.5508441925049 21.0371227264404 21.5233993530273 22.0096759796143 22.4959545135498 22.9822311401367 23.3908500671387
8.09549808502197 8.81923198699951 9.54296588897705 10.2666997909546 10.9904336929321 11.7141675949097 12.4379014968872 12.9991855621338 13.5063209533691 14.0134553909302 14.5205907821655 15.0277252197266 15.5348596572876 16.0419940948486 16.4282741546631 16.4519882202148 16.4757022857666 16.4994163513184 16.5231285095215 16.5468425750732 16.570556640625 16.5942707061768 16.5894622802734 16.5751476287842 16.5608310699463 16.546516418457 16.5322017669678 16.5178852081299 16.5035705566406 16.6170177459717 17.1137580871582 17.6104965209961 18.107234954834 18.6039752960205 19.1007137298584 19.5974540710449 20.0941925048828 20.5506820678711 20.9937553405762 21.4368286132812 21.8798999786377 22.3229732513428 22.7660465240479 23.2091197967529 23.580696105957
7.81943702697754 8.55481338500977 9.29018974304199 10.0255661010742 10.7609424591064 11.4963188171387 12.2316951751709 12.8132925033569 13.3436307907104 13.8739681243896 14.4043054580688 14.9346437454224 15.4649810791016 15.9953184127808 16.4239807128906 16.5476169586182 16.6712532043457 16.7948894500732 16.9185256958008 17.0421619415283 17.1657981872559 17.2894325256348 17.2815132141113 17.2297401428223 17.1779689788818 17.1261959075928 17.0744247436523 17.0226516723633 16.9708786010742 17.0588779449463 17.5661907196045 18.0735034942627 18.5808162689209 19.0881290435791 19.5954418182373 20.1027526855469 20.6100654602051 21.0367965698242 21.4366645812988 21.8365325927734 22.2364025115967 22.6362705230713 23.0361385345459 23.4360084533691 23.7705421447754
7.54337549209595 8.29039478302002 9.03741359710693 9.78443241119385 10.5314512252808 11.2784700393677 12.0254898071289 12.6273994445801 13.1809406280518 13.7344808578491 14.2880210876465 14.8415613174438 15.3951025009155 15.9486427307129 16.4196872711182 16.6432456970215 16.8668041229248 17.0903625488281 17.3139209747314 17.5374794006348 17.7610378265381 17.9845962524414 17.9735641479492 17.884334564209 17.7951049804688 17.7058753967285 17.6166477203369 17.5274181365967 17.4381885528564 17.5007381439209 18.0186233520508 18.5365104675293 19.0543956756592 19.5722827911377 20.0901679992676 20.6080532073975 21.125940322876 21.5229091644287 21.8795738220215 22.2362384796143 22.592903137207 22.9495677947998 23.3062324523926 23.6628952026367 23.9603900909424
7.26731395721436 8.02597522735596 8.78463745117188 9.54329872131348 10.3019599914551 11.060622215271 11.8192834854126 12.4415063858032 13.0182495117188 13.5949935913086 14.1717367172241 14.7484798431396 15.3252229690552 15.901967048645 16.4153938293457 16.7388744354248 17.0623550415039 17.385835647583 17.7093181610107 18.0327987670898 18.3562793731689 18.679759979248 18.6656150817871 18.5389289855957 18.4122428894043 18.2855567932129 18.1588706970215 18.0321826934814 17.90549659729 17.9425964355469 18.4710559844971 18.9995155334473 19.5279750823975 20.0564346313477 20.5848941802979 21.113353729248 21.6418132781982 22.0090236663818 22.3224830627441 22.6359443664551 22.9494037628174 23.2628631591797 23.5763244628906 23.8897838592529 24.1502361297607
6.99125289916992 7.76155710220337 8.53186130523682 9.3021650314331 10.0724697113037 10.8427734375 11.6130781173706 12.2556133270264 12.8555593490601 13.4555053710938 14.0554523468018 14.6553983688354 15.2553443908691 15.8552904129028 16.4111003875732 16.8345031738281 17.2579078674316 17.6813106536865 18.1047134399414 18.5281162261963 18.9515190124512 19.3749217987061 19.357666015625 19.1935234069824 19.0293788909912 18.8652362823486 18.7010936737061 18.5369491577148 18.3728065490723 18.3844566345215 18.923490524292 19.4625225067139 20.0015563964844 20.5405883789062 21.0796222686768 21.6186542510986 22.1576881408691 22.495138168335 22.7653942108154 23.0356483459473 23.3059043884277 23.5761604309082 23.8464164733887 24.1166725158691 24.3400821685791
6.80096960067749 7.5651068687439 8.32924461364746 9.09338188171387 9.85751914978027 10.6216564178467 11.3857946395874 12.0272397994995 12.6277875900269 13.2283363342285 13.8288841247559 14.4294319152832 15.0299806594849 15.6305284500122 16.1958522796631 16.6555042266846 17.1151542663574 17.5748062133789 18.0344581604004 18.4941082000732 18.9537601470947 19.4134120941162 19.4042530059814 19.2388229370117 19.073392868042 18.9079627990723 18.7425327301025 18.5771026611328 18.4116725921631 18.4263343811035 18.9812698364258 19.536205291748 20.0911426544189 20.6460781097412 21.2010135650635 21.7559509277344 22.3108863830566 22.6419792175293 22.898458480835 23.1549377441406 23.4114170074463 23.667896270752 23.924373626709 24.1808528900146 24.3929920196533
6.69646406173706 7.43662548065186 8.17678737640381 8.91694831848145 9.6571102142334 10.3972721099854 11.137433052063 11.7563858032227 12.3349342346191 12.9134836196899 13.4920330047607 14.0705814361572 14.649130821228 15.2276802062988 15.7696485519409 16.2018737792969 16.6340999603271 17.0663242340088 17.4985504150391 17.9307765960693 18.363000869751 18.7952270507812 18.8053741455078 18.6748275756836 18.5442810058594 18.4137344360352 18.2831878662109 18.1526412963867 18.0220947265625 18.0682277679443 18.6443958282471 19.2205638885498 19.7967338562012 20.3729019165039 20.9490718841553 21.525239944458 22.1014099121094 22.4495487213135 22.7216777801514 22.9938087463379 23.2659378051758 23.5380668640137 23.8101978302002 24.0823268890381 24.3089637756348
6.59195852279663 7.30814409255981 8.02433013916016 8.74051570892334 9.45670127868652 10.1728868484497 10.8890724182129 11.4855318069458 12.0420818328857 12.5986318588257 13.1551818847656 13.7117319107056 14.2682819366455 14.8248319625854 15.3434438705444 15.7482442855835 16.1530437469482 16.5578441619873 16.9626426696777 17.3674430847168 17.7722434997559 18.1770420074463 18.2064952850342 18.1108322143555 18.0151691436768 17.919506072998 17.8238430023193 17.7281799316406 17.6325168609619 17.7101211547852 18.3075218200684 18.9049243927002 19.5023250579834 20.0997276306152 20.6971282958984 21.2945308685303 21.8919315338135 22.2571182250977 22.5448989868164 22.8326797485352 23.1204605102539 23.408239364624 23.6960201263428 23.9838008880615 24.2249336242676
6.48745346069336 7.17966318130493 7.87187242507935 8.56408214569092 9.25629234313965 9.94850158691406 10.6407117843628 11.2146768569946 11.749228477478 12.2837791442871 12.8183298110962 13.3528814315796 13.8874320983887 14.4219837188721 14.9172401428223 15.2946138381958 15.6719884872437 16.0493621826172 16.426736831665 16.8041095733643 17.1814842224121 17.55885887146 17.6076164245605 17.5468368530273 17.4860572814941 17.4252777099609 17.3644981384277 17.3037185668945 17.2429389953613 17.352014541626 17.9706478118896 18.589282989502 19.2079181671143 19.8265514373779 20.4451866149902 21.0638217926025 21.6824550628662 22.0646877288818 22.3681182861328 22.6715507507324 22.9749813079834 23.2784118652344 23.581844329834 23.885274887085 24.140905380249
6.38294792175293 7.05118179321289 7.71941518783569 8.38764953613281 9.05588340759277 9.72411632537842 10.3923501968384 10.9438228607178 11.4563751220703 11.9689273834229 12.4814786911011 12.9940309524536 13.5065832138062 14.0191345214844 14.4910364151001 14.8409843444824 15.1909322738647 15.5408802032471 15.8908290863037 16.2407779693604 16.5907249450684 16.940673828125 17.0087394714355 16.9828433990479 16.9569473266602 16.9310512542725 16.9051551818848 16.8792591094971 16.8533630371094 16.9939079284668 17.6337738037109 18.2736415863037 18.9135093688965 19.5533771514893 20.193244934082 20.8331108093262 21.4729785919189 21.872257232666 22.1913394927979 22.5104217529297 22.8295021057129 23.1485843658447 23.4676666259766 23.7867488861084 24.0568771362305
6.2784423828125 6.92270040512085 7.56695795059204 8.21121597290039 8.85547351837158 9.49973201751709 10.1439895629883 10.6729688644409 11.1635217666626 11.6540746688843 12.144627571106 12.6351804733276 13.1257333755493 13.616286277771 14.0648317337036 14.387354850769 14.7098770141602 15.0323991775513 15.3549213409424 15.6774444580078 15.9999666213989 16.32248878479 16.4098606109619 16.4188480377197 16.4278354644775 16.4368228912354 16.4458103179932 16.454797744751 16.4637851715088 16.6358013153076 17.2969017028809 17.9580001831055 18.6191005706787 19.280200958252 19.9413013458252 20.6024017333984 21.2635021209717 21.6798267364502 22.0145587921143 22.3492908477783 22.684024810791 23.0187568664551 23.3534889221191 23.6882228851318 23.9728488922119
6.35643815994263 6.99105978012085 7.62568092346191 8.26030254364014 8.89492321014404 9.52954483032227 10.1641664505005 10.6757164001465 11.1462421417236 11.6167678833008 12.0872936248779 12.5578203201294 13.0283460617065 13.4988718032837 13.9189462661743 14.1876668930054 14.4563875198364 14.7251081466675 14.9938287734985 15.2625494003296 15.5312700271606 15.7999897003174 15.886342048645 15.911904335022 15.9374666213989 15.9630298614502 15.9885921478271 16.0141544342041 16.0397167205811 16.2277870178223 16.9033794403076 17.5789737701416 18.254566192627 18.9301586151123 19.6057510375977 20.2813453674316 20.956937789917 21.3843326568604 21.7289962768555 22.0736598968506 22.4183235168457 22.7629871368408 23.1076507568359 23.4523143768311 23.7522487640381
6.61693525314331 7.25625944137573 7.89558362960815 8.53490829467773 9.17423248291016 9.81355667114258 10.452880859375 10.9520645141602 11.4045362472534 11.8570070266724 12.3094778060913 12.7619495391846 13.2144203186035 13.6668910980225 14.0533800125122 14.24192237854 14.4304647445679 14.6190071105957 14.8075494766235 14.9960918426514 15.1846342086792 15.373176574707 15.4381847381592 15.4620132446289 15.4858417510986 15.5096712112427 15.5334997177124 15.5573291778564 15.5811576843262 15.7698659896851 16.4532108306885 17.1365566253662 17.8199024200439 18.5032482147217 19.1865940093994 19.8699398040771 20.5532855987549 20.9857788085938 21.3346519470215 21.6835269927979 22.0324001312256 22.381275177002 22.7301483154297 23.0790233612061 23.395076751709
6.87743234634399 7.52145957946777 8.1654863357544 8.80951404571533 9.45354080200195 10.0975675582886 10.7415952682495 11.2284135818481 11.6628303527832 12.0972461700439 12.5316619873047 12.9660787582397 13.4004945755005 13.8349103927612 14.1878137588501 14.2961778640747 14.4045419692993 14.5129070281982 14.6212711334229 14.7296352386475 14.8379993438721 14.946364402771 14.990026473999 15.0121221542358 15.0342168807983 15.0563125610352 15.078408241272 15.1005029678345 15.1225986480713 15.3119449615479 16.003044128418 16.6941413879395 17.3852405548096 18.0763397216797 18.7674388885498 19.4585361480713 20.1496353149414 20.5872230529785 20.9403076171875 21.2933940887451 21.6464786529541 21.9995632171631 22.3526477813721 22.7057323455811 23.0379028320312
7.13792943954468 7.78665924072266 8.43538951873779 9.08411979675293 9.73284912109375 10.3815793991089 11.030309677124 11.5047626495361 11.921124458313 12.3374853134155 12.7538461685181 13.1702079772949 13.5865688323975 14.0029296875 14.322247505188 14.3504333496094 14.3786201477051 14.4068059921265 14.4349918365479 14.4631786346436 14.4913644790649 14.5195512771606 14.5418691635132 14.5622310638428 14.582592010498 14.6029539108276 14.6233158111572 14.6436777114868 14.6640396118164 14.8540239334106 15.5528755187988 16.2517261505127 16.9505786895752 17.6494293212891 18.3482818603516 19.0471324920654 19.7459831237793 20.1886692047119 20.5459632873535 20.9032592773438 21.260555267334 21.6178512573242 21.9751453399658 22.3324413299561 22.6807308197021
