data/working_set_collections/6091692-Cassins_Sparrow-M2/2000/evptrns_avg.asc
NCOLS 265 
NROWS 230 
XLLCORNER -115.5625 
YLLCORNER 24.8333333333333 
CELLSIZE 0.0833333333333333 
NODATA_value -9999 
[rows 140 to 159 of 230, columns 90 to 134 of 265]
0.0878037139773369 0.084324799478054 0.0808458924293518 0.0773669853806496 0.0738880783319473 0.0704091638326645 0.0669302567839622 0.0718570128083229 0.0795856565237045 0.0873143002390862 0.0950429439544678 0.102771587669849 0.110500231385231 0.118228875100613 0.128457307815552 0.146185100078583 0.163912892341614 0.181640684604645 0.199368476867676 0.217096269130707 0.234824061393738 0.252551853656769 0.259082823991776 0.261881500482559 0.264680206775665 0.267478883266449 0.270277589559555 0.273076266050339 0.275874942541122 0.274455606937408 0.260382205247879 0.246308788657188 0.232235372066498 0.218161970376968 0.204088553786278 0.190015137195587 0.175941720604897 0.171717867255211 0.170777201652527 0.169836536049843 0.168895870447159 0.167955204844475 0.16701452434063 0.166073858737946 0.18425340950489
0.0849229991436005 0.0816562920808792 0.078389585018158 0.0751228705048561 0.0718561634421349 0.0685894563794136 0.0653227493166924 0.0720654353499413 0.0821445807814598 0.0922237187623978 0.102302864193916 0.112382009625435 0.122461155056953 0.132540300488472 0.142898201942444 0.154092356562614 0.165286511182785 0.176480665802956 0.187674820423126 0.198868975043297 0.210063129663467 0.221257284283638 0.224920630455017 0.226073697209358 0.227226763963699 0.22837983071804 0.229532897472382 0.230685964226723 0.231839030981064 0.230623632669449 0.222302824258804 0.21398201584816 0.205661222338676 0.197340413928032 0.189019605517387 0.180698812007904 0.17237800359726 0.169663831591606 0.168818533420563 0.167973235249519 0.167127937078476 0.166282638907433 0.165437340736389 0.164592027664185 0.180483624339104
0.0820422768592834 0.0789877772331238 0.0759332701563835 0.0728787630796432 0.069824256002903 0.0667697563767433 0.063715249300003 0.0722738578915596 0.0847034975886345 0.09713314473629 0.109562791883945 0.12199243158102 0.134422078728676 0.146851718425751 0.157339081168175 0.161999598145485 0.166660115122795 0.171320647001266 0.175981163978577 0.180641680955887 0.185302197933197 0.189962714910507 0.190758422017097 0.190265879034996 0.189773321151733 0.189280763268471 0.188788220286369 0.188295662403107 0.187803104519844 0.186791643500328 0.18422344326973 0.181655257940292 0.179087057709694 0.176518872380257 0.173950672149658 0.17138247191906 0.168814286589622 0.167609795928001 0.166859865188599 0.166109934449196 0.165360003709793 0.16461007297039 0.163860142230988 0.163110211491585 0.176713839173317
0.079161562025547 0.0763192623853683 0.0734769552946091 0.0706346556544304 0.0677923485636711 0.0649500489234924 0.0621077455580235 0.072482280433178 0.0872624218463898 0.102042570710182 0.116822712123394 0.131602853536606 0.146383002400398 0.161163151264191 0.171779975295067 0.169906854629517 0.168033733963966 0.166160613298416 0.164287492632866 0.162414371967316 0.160541251301765 0.158668130636215 0.156596228480339 0.154458060860634 0.152319878339767 0.150181710720062 0.148043528199196 0.145905360579491 0.143767192959785 0.142959654331207 0.146144077181816 0.149328485131264 0.152512907981873 0.15569731593132 0.158881738781929 0.162066146731377 0.165250569581985 0.165555745363235 0.164901182055473 0.164246618747711 0.16359207034111 0.162937507033348 0.162282943725586 0.161628380417824 0.172944039106369
0.0781446173787117 0.0751492530107498 0.0721538811922073 0.0691585168242455 0.0661631524562836 0.0631677806377411 0.0601724162697792 0.0718035697937012 0.0883102267980576 0.104816883802414 0.12132354080677 0.137830197811127 0.154336854815483 0.170843511819839 0.182044506072998 0.177328452467918 0.172612413764 0.167896375060081 0.163180336356163 0.158464297652245 0.153748244047165 0.149032205343246 0.145000770688057 0.14119753241539 0.137394279241562 0.133591040968895 0.129787802696228 0.125984564423561 0.122181326150894 0.120862148702145 0.126995146274567 0.133128151297569 0.139261156320572 0.145394146442413 0.151527151465416 0.157660156488419 0.163793161511421 0.164914473891258 0.164365217089653 0.163815960288048 0.163266703486443 0.162717461585999 0.162168204784393 0.161618947982788 0.170919850468636
0.0789914429187775 0.0754777416586876 0.0719640478491783 0.068450354039669 0.0649366527795792 0.0614229589700699 0.0579092614352703 0.0702377259731293 0.0878469124436378 0.105456091463566 0.123065277934074 0.140674456954002 0.158283650875092 0.17589282989502 0.188132658600807 0.184264406561852 0.180396154522896 0.176527917385101 0.172659665346146 0.16879141330719 0.164923161268234 0.161054909229279 0.15597203373909 0.150484293699265 0.144996538758278 0.139508783817291 0.134021028876305 0.128533273935318 0.123045526444912 0.120499104261398 0.126776665449142 0.133054241538048 0.139331802725792 0.145609363913536 0.151886940002441 0.158164501190186 0.16444206237793 0.165685951709747 0.165251955389977 0.164817944169044 0.164383932948112 0.163949936628342 0.16351592540741 0.163081914186478 0.170641243457794
0.0798382610082626 0.075806237757206 0.0717742145061493 0.067742183804512 0.0637101605534554 0.0596781335771084 0.0556461066007614 0.0686718821525574 0.0873835906386375 0.106095299124718 0.124807015061378 0.143518716096878 0.162230432033539 0.1809421479702 0.194220811128616 0.191200360655785 0.188179895281792 0.18515944480896 0.182138994336128 0.179118528962135 0.176098078489304 0.173077628016472 0.166943311691284 0.159771054983139 0.152598783373833 0.145426526665688 0.138254255056381 0.131081998348236 0.12390972673893 0.120136067271233 0.126558199524879 0.132980331778526 0.139402449131012 0.145824581384659 0.152246713638306 0.158668845891953 0.165090978145599 0.166457444429398 0.166138678789139 0.165819928050041 0.165501162409782 0.165182411670685 0.164863646030426 0.164544880390167 0.170362636446953
0.0806850865483284 0.0761347338557243 0.0715843737125397 0.0670340210199356 0.0624836646020412 0.0579333081841469 0.0533829517662525 0.0671060383319855 0.0869202762842178 0.10673451423645 0.126548752188683 0.146362975239754 0.166177213191986 0.185991451144218 0.200308963656425 0.198136299848557 0.195963636040688 0.19379098713398 0.191618323326111 0.189445659518242 0.187272995710373 0.185100331902504 0.177914589643478 0.169057816267014 0.160201042890549 0.151344254612923 0.142487481236458 0.133630707859993 0.124773934483528 0.119773022830486 0.126339718699455 0.132906407117844 0.139473110437393 0.146039798855782 0.152606502175331 0.159173190593719 0.165739893913269 0.167228922247887 0.167025417089462 0.166821897029877 0.166618391871452 0.166414871811867 0.166211366653442 0.166007846593857 0.170084029436111
0.0815319120883942 0.0764632225036621 0.0713945403695107 0.0663258507847786 0.0612571686506271 0.0561884827911854 0.0511197969317436 0.0655401945114136 0.0864569544792175 0.107373721897602 0.128290474414825 0.149207234382629 0.170124009251595 0.191040769219398 0.206397116184235 0.20507225394249 0.203747376799583 0.202422514557838 0.201097652316093 0.199772775173187 0.198447912931442 0.197123050689697 0.188885867595673 0.178344577550888 0.167803287506104 0.157261997461319 0.146720707416534 0.13617941737175 0.125638127326965 0.11940997838974 0.126121237874031 0.132832497358322 0.139543756842613 0.146255016326904 0.152966275811195 0.159677535295486 0.166388794779778 0.168000414967537 0.167912155389786 0.167823880910873 0.167735621333122 0.16764734685421 0.167559087276459 0.167470827698708 0.16980542242527
0.0823787301778793 0.0767917186021805 0.071204699575901 0.0656176880002022 0.060030672699213 0.0544436573982239 0.0488566420972347 0.0639743506908417 0.0859936401247978 0.108012929558754 0.13003221154213 0.152051508426666 0.174070790410042 0.196090072393417 0.212485268712044 0.212008193135262 0.211531117558479 0.211054056882858 0.210576981306076 0.210099905729294 0.209622830152512 0.209145754575729 0.199857130646706 0.187631338834763 0.175405532121658 0.163179740309715 0.150953933596611 0.138728141784668 0.126502335071564 0.119046941399574 0.125902771949768 0.132758587598801 0.139614418148994 0.146470233798027 0.153326064348221 0.160181879997253 0.167037710547447 0.168771907687187 0.168798878788948 0.16882586479187 0.168852850794792 0.168879821896553 0.168906807899475 0.168933793902397 0.169526815414429
0.0883359536528587 0.0819959565997124 0.0756559669971466 0.0693159699440002 0.0629759803414345 0.0566359870135784 0.0502959936857224 0.064371794462204 0.0852528586983681 0.106133930385113 0.127014994621277 0.147896066308022 0.168777123093605 0.18965819478035 0.206399902701378 0.210723534226418 0.215047150850296 0.219370782375336 0.223694413900375 0.228018030524254 0.232341662049294 0.236665293574333 0.228160321712494 0.215379148721695 0.202597975730896 0.189816817641258 0.177035644650459 0.16425447165966 0.151473313570023 0.142849966883659 0.146700128912926 0.150550276041031 0.154400438070297 0.158250585198402 0.162100732326508 0.165950894355774 0.169801041483879 0.170914977788925 0.171116828918457 0.17131869494915 0.171520546078682 0.171722397208214 0.171924263238907 0.172126114368439 0.172007992863655
0.0994035676121712 0.092075951397419 0.0847483277320862 0.077420711517334 0.0700930878520012 0.0627654641866684 0.0554378479719162 0.0667325183749199 0.0842346176505089 0.101736716926098 0.119238816201687 0.136740922927856 0.154243022203445 0.171745121479034 0.188141003251076 0.201218232512474 0.214295476675034 0.227372705936432 0.24044993519783 0.253527164459229 0.266604423522949 0.279681652784348 0.273795425891876 0.261588007211685 0.249380618333817 0.237173229455948 0.224965840578079 0.212758436799049 0.200551047921181 0.190819069743156 0.188513308763504 0.186207562685013 0.183901816606522 0.18159607052803 0.179290309548378 0.176984563469887 0.174678817391396 0.174429640173912 0.174866005778313 0.175302371382713 0.175738722085953 0.176175087690353 0.176611438393593 0.177047803997993 0.177248954772949
0.110471189022064 0.102155938744545 0.0938406884670258 0.0855254456400871 0.0772101953625679 0.0688949450850487 0.06057970225811 0.0690932422876358 0.0832163691520691 0.097339503467083 0.111462637782097 0.125585779547691 0.139708906412125 0.153832033276558 0.169882103800774 0.191712945699692 0.21354378759861 0.235374629497528 0.257205486297607 0.279036313295364 0.300867170095444 0.322697997093201 0.319430500268936 0.307796895503998 0.296163260936737 0.284529656171799 0.272896021604538 0.2612624168396 0.249628782272339 0.238788157701492 0.230326503515244 0.221864849328995 0.213403195142746 0.204941540956497 0.196479886770248 0.188018232584 0.179556578397751 0.17794431746006 0.178615182638168 0.179286047816277 0.179956898093224 0.180627763271332 0.18129862844944 0.181969493627548 0.182489916682243
0.121538802981377 0.112235926091671 0.102933056652546 0.0936301797628403 0.0843273028731346 0.075024425983429 0.0657215565443039 0.0714539587497711 0.0821981281042099 0.0929422974586487 0.103686459362507 0.114430628716946 0.125174790620804 0.135918959975243 0.151623204350471 0.18220765888691 0.212792113423347 0.243376553058624 0.273961007595062 0.3045454621315 0.335129916667938 0.365714371204376 0.365065604448318 0.354005753993988 0.342945903539658 0.331886053085327 0.320826232433319 0.309766381978989 0.298706531524658 0.286757260560989 0.272139698266983 0.257522135972977 0.242904588580132 0.228287026286125 0.213669463992119 0.199051901698112 0.184434354305267 0.181458979845047 0.182364344596863 0.183269709348679 0.184175089001656 0.185080453753471 0.185985818505287 0.186891183257103 0.187730878591537
0.132606416940689 0.122315920889378 0.112025417387486 0.101734913885593 0.0914444103837013 0.0811539143323898 0.0708634108304977 0.073814682662487 0.0811798870563507 0.0885450839996338 0.0959102883934975 0.103275485336781 0.110640689730644 0.118005886673927 0.133364304900169 0.172702357172966 0.212040424346924 0.25137847661972 0.29071655869484 0.330054610967636 0.369392663240433 0.408730715513229 0.410700678825378 0.400214612483978 0.389728546142578 0.379242479801178 0.368756413459778 0.358270347118378 0.347784280776978 0.334726363420486 0.313952893018723 0.293179422616959 0.272405952215195 0.251632511615753 0.230859041213989 0.210085585713387 0.189312115311623 0.184973657131195 0.186113521456718 0.187253385782242 0.188393265008926 0.18953312933445 0.190672993659973 0.191812872886658 0.192971840500832
0.143674030900002 0.132395908236504 0.121117778122425 0.109839648008347 0.098561517894268 0.0872833952307701 0.0760052651166916 0.0761754065752029 0.0801616385579109 0.0841478779911995 0.0881341099739075 0.0921203419566154 0.0961065739393234 0.100092813372612 0.115105405449867 0.163197070360184 0.2112887352705 0.259380400180817 0.307472079992294 0.355563759803772 0.403655409812927 0.451747089624405 0.456335783004761 0.446423470973969 0.436511188745499 0.426598906517029 0.416686594486237 0.406774312257767 0.396862000226974 0.382695436477661 0.355766087770462 0.328836709260941 0.301907360553741 0.27497798204422 0.24804861843586 0.221119254827499 0.194189891219139 0.188488319516182 0.189862698316574 0.191237062215805 0.192611441016197 0.193985804915428 0.19536018371582 0.196734562516212 0.198212802410126
0.198007747530937 0.180030703544617 0.162053644657135 0.144076600670815 0.126099556684494 0.108122512698174 0.090145468711853 0.0864846855401993 0.0875959917902946 0.0887072905898094 0.0898185968399048 0.0909298956394196 0.0920412018895149 0.0931525006890297 0.106811493635178 0.158113554120064 0.20941561460495 0.260717660188675 0.312019735574722 0.363321781158447 0.414623856544495 0.46592590212822 0.473235756158829 0.465881496667862 0.458527266979218 0.451173037290573 0.443818777799606 0.436464548110962 0.429110318422318 0.415740370750427 0.384323388338089 0.352906405925751 0.32148939371109 0.290072411298752 0.258655399084091 0.227238401770592 0.195821404457092 0.189550518989563 0.191661670804024 0.193772822618484 0.195883974432945 0.197995126247406 0.200106278061867 0.202217429876328 0.20426020026207
0.295607537031174 0.265220284461975 0.234833031892776 0.204445779323578 0.174058526754379 0.143671274185181 0.113284029066563 0.104742519557476 0.10348292440176 0.102223336696625 0.100963741540909 0.0997041463851929 0.0984445512294769 0.097184956073761 0.1084825694561 0.157451808452606 0.206421032547951 0.255390256643295 0.304359495639801 0.353328734636307 0.402297973632812 0.451267182826996 0.46140056848526 0.458588659763336 0.455776780843735 0.452964872121811 0.450152963399887 0.447341084480286 0.444529175758362 0.433861166238785 0.399624794721603 0.365388453006744 0.331152111291885 0.296915739774704 0.262679398059845 0.228443041443825 0.194206684827805 0.188160255551338 0.19151046872139 0.19486066699028 0.198210880160332 0.201561093330383 0.204911291599274 0.208261504769325 0.211114034056664
0.393207341432571 0.350409865379333 0.307612419128418 0.264814972877502 0.222017496824265 0.179220050573349 0.136422589421272 0.123000361025333 0.119369864463806 0.11573937535286 0.112108886241913 0.108478397130966 0.104847900569439 0.101217411458492 0.110153645277023 0.156790047883987 0.203426450490952 0.250062853097916 0.29669925570488 0.343335658311844 0.389972060918808 0.436608463525772 0.449565410614014 0.451295852661133 0.453026294708252 0.454756706953049 0.456487149000168 0.458217591047287 0.459948033094406 0.45198193192482 0.41492623090744 0.377870500087738 0.340814799070358 0.303759098052979 0.266703397035599 0.229647681117058 0.192591965198517 0.186769992113113 0.191359251737595 0.195948511362076 0.200537785887718 0.205127045512199 0.209716305136681 0.214305579662323 0.217967867851257
0.490807116031647 0.435599476099014 0.380391806364059 0.325184136629105 0.26997646689415 0.214768812060356 0.159561157226562 0.14125819504261 0.135256811976433 0.129255414009094 0.123254030942917 0.11725264787674 0.111251257359982 0.105249866843224 0.111824721097946 0.15612830221653 0.200431883335114 0.244735449552536 0.289039045572281 0.333342611789703 0.377646178007126 0.421949774026871 0.437730252742767 0.444003015756607 0.450275778770447 0.456548571586609 0.462821334600449 0.469094097614288 0.47536689043045 0.470102697610855 0.430227637290955 0.390352576971054 0.350477516651154 0.310602426528931 0.27072736620903 0.23085230588913 0.190977245569229 0.185379713773727 0.191208034753799 0.197036355733871 0.202864676713943 0.208692997694016 0.214521318674088 0.22034963965416 0.224821701645851
