data/working_set_collections/6091692-Cassins_Sparrow-M2/2000/evptrns_avg.asc
NCOLS 265 
NROWS 230 
XLLCORNER -115.5625 
YLLCORNER 24.8333333333333 
CELLSIZE 0.0833333333333333 
NODATA_value -9999 
[rows 100 to 119 of 230, columns 90 to 134 of 265]
0.11069817095995 0.109887503087521 0.109076842665672 0.108266182243824 0.107455521821976 0.106644853949547 0.105834193527699 0.122560143470764 0.1451316177845 0.167703106999397 0.190274596214294 0.21284607052803 0.235417559742928 0.257989048957825 0.281412452459335 0.307391703128815 0.333370953798294 0.359350174665451 0.38532942533493 0.411308646202087 0.437287896871567 0.463267147541046 0.486259162425995 0.508255481719971 0.530251741409302 0.552248060703278 0.574244379997253 0.596240639686584 0.61823695898056 0.637920379638672 0.65066522359848 0.663410007953644 0.676154792308807 0.688899636268616 0.701644420623779 0.714389264583588 0.727134048938751 0.705085873603821 0.671439945697784 0.637794077396393 0.604148209095001 0.57050234079361 0.536856472492218 0.503210544586182 0.488208055496216
0.113608367741108 0.111717537045479 0.10982670634985 0.107935875654221 0.106045037508011 0.104154206812382 0.102263376116753 0.110254563391209 0.121539756655693 0.132824942469597 0.144110143184662 0.155395328998566 0.166680529713631 0.177965715527534 0.192283824086189 0.215700656175613 0.239117488265038 0.262534320354462 0.285951167345047 0.30936798453331 0.332784831523895 0.356201648712158 0.373524248600006 0.388815402984619 0.404106557369232 0.419397711753845 0.434688866138458 0.449980020523071 0.465271174907684 0.478555411100388 0.485818773508072 0.493082135915756 0.500345528125763 0.507608890533447 0.514872252941132 0.522135615348816 0.5293989777565 0.514022946357727 0.491100370883942 0.468177825212479 0.445255249738693 0.42233270406723 0.399410158395767 0.376487582921982 0.37011045217514
0.115769118070602 0.113060832023621 0.110352545976639 0.107644259929657 0.104935966432095 0.102227680385113 0.099519394338131 0.102704882621765 0.107854962348938 0.113005042076111 0.118155121803284 0.123305201530457 0.128455281257629 0.133605360984802 0.14280016720295 0.164129167795181 0.185458153486252 0.206787154078484 0.228116154670715 0.249445140361786 0.270774155855179 0.292103141546249 0.306718051433563 0.319094955921173 0.331471860408783 0.343848764896393 0.356225669384003 0.368602573871613 0.380979478359222 0.391307860612869 0.395490556955338 0.399673283100128 0.403855979442596 0.408038705587387 0.412221401929855 0.416404128074646 0.420586824417114 0.409717440605164 0.393830686807632 0.377943933010101 0.36205717921257 0.346170425415039 0.330283641815186 0.314396888017654 0.313330948352814
0.117180421948433 0.113917395472527 0.11065436154604 0.107391335070133 0.104128308594227 0.10086528211832 0.0976022556424141 0.0999111011624336 0.104077242314816 0.108243383467197 0.112409524619579 0.116575665771961 0.120741806924343 0.124907948076725 0.132961481809616 0.152677208185196 0.172392934560776 0.192108660936356 0.211824387311935 0.231540113687515 0.251255840063095 0.270971566438675 0.285840660333633 0.299094200134277 0.312347710132599 0.325601249933243 0.338854789733887 0.352108329534531 0.365361869335175 0.376177728176117 0.379680573940277 0.383183389902115 0.386686235666275 0.390189051628113 0.393691897392273 0.397194713354111 0.400697559118271 0.392169386148453 0.379630923271179 0.367092430591583 0.354553937911987 0.342015475034714 0.329476982355118 0.316938489675522 0.317869544029236
0.118591718375683 0.114773951470852 0.110956184566021 0.10713841766119 0.103320650756359 0.0995028764009476 0.0956851094961166 0.0971173197031021 0.100299522280693 0.103481732308865 0.106663934886456 0.109846137464046 0.113028340041637 0.116210542619228 0.123122811317444 0.141225263476372 0.1593277156353 0.177430167794228 0.195532634854317 0.213635087013245 0.231737539172173 0.2498399913311 0.264963239431381 0.279093414545059 0.293223559856415 0.307353734970093 0.321483910083771 0.335614085197449 0.349744260311127 0.361047625541687 0.363870561122894 0.366693526506424 0.369516462087631 0.372339427471161 0.375162363052368 0.377985328435898 0.380808264017105 0.374621361494064 0.365431129932404 0.356240928173065 0.347050726413727 0.337860494852066 0.328670293092728 0.319480091333389 0.322408109903336
0.120003022253513 0.115630507469177 0.111258000135422 0.106885492801666 0.102512985467911 0.0981404781341553 0.0937679708003998 0.0943235456943512 0.0965218096971512 0.0987200736999512 0.100918337702751 0.103116601705551 0.105314873158932 0.107513137161732 0.113284133374691 0.129773318767548 0.146262496709824 0.162751689553261 0.179240867495537 0.195730060338974 0.21221923828125 0.228708416223526 0.244085818529129 0.259092628955841 0.274099409580231 0.289106220006943 0.304113030433655 0.319119840860367 0.334126621484756 0.345917493104935 0.348060578107834 0.350203633308411 0.35234671831131 0.354489773511887 0.356632858514786 0.358775913715363 0.360918998718262 0.357073307037354 0.35123136639595 0.345389425754547 0.339547485113144 0.333705544471741 0.327863603830338 0.322021692991257 0.326946675777435
0.121414318680763 0.116487070918083 0.111559823155403 0.106632575392723 0.101705327630043 0.096778079867363 0.0918508321046829 0.0915297642350197 0.0927440896630287 0.0939584150910378 0.0951727479696274 0.0963870733976364 0.0976013988256454 0.0988157317042351 0.103445455431938 0.118321366608143 0.133197277784348 0.148073196411133 0.162949115037918 0.177825018763542 0.192700937390327 0.207576856017113 0.223208397626877 0.239091843366623 0.254975259304047 0.270858705043793 0.286742150783539 0.302625566720963 0.318509012460709 0.330787390470505 0.332250565290451 0.33371376991272 0.335176944732666 0.336640149354935 0.338103324174881 0.33956652879715 0.341029703617096 0.339525252580643 0.337031602859497 0.334537923336029 0.332044273614883 0.329550594091415 0.32705694437027 0.324563264846802 0.331485271453857
0.122825615108013 0.117343626916409 0.111861638724804 0.106379650533199 0.100897662341595 0.0954156741499901 0.0899336859583855 0.0887359827756882 0.0889663696289062 0.0891967639327049 0.089427150785923 0.0896575450897217 0.0898879319429398 0.0901183262467384 0.0936067774891853 0.106869421899319 0.120132058858871 0.133394703269005 0.146657347679138 0.159919992089272 0.173182636499405 0.186445280909538 0.202330991625786 0.219091057777405 0.235851123929024 0.252611190080643 0.269371271133423 0.286131322383881 0.302891403436661 0.315657258033752 0.316440582275391 0.317223876714706 0.318007200956345 0.31879049539566 0.319573819637299 0.320357114076614 0.321140438318253 0.321977198123932 0.322831809520721 0.323686420917511 0.324541032314301 0.32539564371109 0.32625025510788 0.327104866504669 0.336023837327957
0.128497123718262 0.122469462454319 0.116441801190376 0.110414132475853 0.10438647121191 0.0983588024973869 0.0923311412334442 0.0903480723500252 0.0897132009267807 0.0890783295035362 0.0884434506297112 0.0878085792064667 0.0871737077832222 0.0865388363599777 0.0891968235373497 0.101733408868313 0.114269986748695 0.126806572079659 0.139343157410622 0.151879727840424 0.164416313171387 0.17695289850235 0.192335858941078 0.208667621016502 0.224999383091927 0.241331145167351 0.257662922143936 0.27399468421936 0.290326446294785 0.302745014429092 0.303424030542374 0.304103046655655 0.304782062768936 0.305461078882217 0.306140065193176 0.306819081306458 0.307498097419739 0.310325920581818 0.31386998295784 0.317414075136185 0.320958167314529 0.324502259492874 0.328046321868896 0.331590414047241 0.3426393866539
0.13842885196209 0.131864577531815 0.125300288200378 0.118736021220684 0.112171739339828 0.105607464909554 0.0990431904792786 0.0963660255074501 0.0949845686554909 0.093603104352951 0.0922216475009918 0.0908401906490326 0.0894587263464928 0.0880772694945335 0.0902156084775925 0.102913334965706 0.115611061453819 0.128308787941933 0.141006514430046 0.15370424091816 0.166401967406273 0.179099693894386 0.193223029375076 0.207821547985077 0.222420066595078 0.237018585205078 0.251617103815079 0.266215652227402 0.280814170837402 0.292050629854202 0.293200939893723 0.29435122013092 0.295501530170441 0.296651840209961 0.297802120447159 0.298952430486679 0.300102740526199 0.304571360349655 0.310146123170853 0.31572088599205 0.321295648813248 0.326870381832123 0.33244514465332 0.338019907474518 0.351331949234009
0.148360565304756 0.14125968515873 0.134158790111542 0.127057909965515 0.119957014918327 0.11285612732172 0.105755239725113 0.102383986115456 0.100255936384201 0.0981278866529465 0.0959998443722725 0.0938717946410179 0.0917437523603439 0.0896157026290894 0.0912343859672546 0.104093261063099 0.116952136158943 0.129811003804207 0.142669886350632 0.155528753995895 0.16838763654232 0.181246504187584 0.194110184907913 0.206975474953651 0.219840750098228 0.232706025242805 0.245571315288544 0.258436590433121 0.271301865577698 0.281356245279312 0.282977819442749 0.284599423408508 0.286220997571945 0.287842601537704 0.289464175701141 0.291085779666901 0.292707353830338 0.298816829919815 0.306422263383865 0.314027696847916 0.321633100509644 0.329238533973694 0.336843967437744 0.344449400901794 0.360024482011795
0.158292278647423 0.150654792785645 0.143017292022705 0.135379791259766 0.127742290496826 0.120104789733887 0.112467288970947 0.108401939272881 0.105527304112911 0.102652668952942 0.0997780412435532 0.0969034060835838 0.0940287709236145 0.0911541357636452 0.0922531634569168 0.105273187160492 0.118293210864067 0.131313234567642 0.144333258271217 0.157353267073631 0.170373290777206 0.183393314480782 0.194997355341911 0.206129387021065 0.217261433601379 0.228393465280533 0.239525511860847 0.250657558441162 0.261789590120316 0.2706618309021 0.272754728794098 0.274847596883774 0.27694046497345 0.279033362865448 0.281126230955124 0.2832190990448 0.285311996936798 0.293062269687653 0.302698373794556 0.312334477901459 0.321970582008362 0.331606686115265 0.341242790222168 0.350878894329071 0.368717014789581
0.168224006891251 0.16004990041256 0.151875779032707 0.143701672554016 0.135527566075325 0.127353444695473 0.119179338216782 0.114419892430305 0.110798671841621 0.107177451252937 0.103556230664253 0.0999350100755692 0.0963137894868851 0.092692568898201 0.0932719483971596 0.106453113257885 0.119634285569191 0.132815450429916 0.145996615290642 0.159177780151367 0.172358959913254 0.185540124773979 0.195884510874748 0.205283313989639 0.21468211710453 0.22408090531826 0.233479708433151 0.242878511548042 0.252277314662933 0.259967446327209 0.262531608343124 0.265095800161362 0.267659962177277 0.270224124193192 0.272788286209106 0.275352448225021 0.277916610240936 0.287307739257812 0.298974514007568 0.310641288757324 0.32230806350708 0.333974838256836 0.345641613006592 0.357308387756348 0.377409547567368
0.178155720233917 0.169445008039474 0.160734280943871 0.152023553848267 0.143312826752663 0.13460211455822 0.125891387462616 0.120437853038311 0.116070047020912 0.111702233552933 0.107334427535534 0.102966621518135 0.0985988155007362 0.0942310020327568 0.0942907258868217 0.107633039355278 0.120975352823734 0.134317666292191 0.147659987211227 0.161002293229103 0.17434461414814 0.187686920166016 0.196771681308746 0.204437240958214 0.212102800607681 0.219768345355988 0.227433905005455 0.235099464654922 0.24276502430439 0.249273061752319 0.252308517694473 0.255343973636627 0.258379429578781 0.261414885520935 0.264450341463089 0.267485797405243 0.270521253347397 0.281553208827972 0.295250654220581 0.30894809961319 0.322645545005798 0.336342990398407 0.350040435791016 0.363737881183624 0.386102110147476
0.194411486387253 0.184351444244385 0.174291387200356 0.164231345057487 0.154171288013458 0.14411124587059 0.134051203727722 0.127556666731834 0.122250638902187 0.116944618523121 0.111638590693474 0.106332562863827 0.10102654248476 0.0957205146551132 0.0950015038251877 0.108043543994427 0.121085584163666 0.134127616882324 0.147169664502144 0.160211697220802 0.173253744840622 0.18629577755928 0.195960476994514 0.204499393701553 0.213038310408592 0.22157721221447 0.230116128921509 0.238655045628548 0.247193962335587 0.254075556993484 0.255985170602798 0.25789475440979 0.259804368019104 0.261713981628418 0.263623595237732 0.265533179044724 0.267442792654037 0.280251175165176 0.296692460775375 0.313133776187897 0.329575061798096 0.346016347408295 0.362457662820816 0.378898948431015 0.40398433804512
0.216991305351257 0.20476920902729 0.192547127604485 0.180325031280518 0.168102949857712 0.155880853533745 0.143658757209778 0.135776340961456 0.129340469837189 0.122904591262341 0.116468720138073 0.110032849013805 0.103596977889538 0.0971611067652702 0.095404289662838 0.107684627175331 0.119964964687824 0.132245302200317 0.144525647163391 0.156805992126465 0.169086322188377 0.181366667151451 0.193450897932053 0.205469772219658 0.217488646507263 0.229507505893707 0.241526380181313 0.253545254468918 0.265564113855362 0.274374932050705 0.273561537265778 0.272748172283173 0.271934777498245 0.27112141251564 0.270308017730713 0.269494652748108 0.268681257963181 0.283401668071747 0.303299993276596 0.323198318481445 0.343096643686295 0.362994968891144 0.382893294095993 0.402791619300842 0.431056290864944
0.239571124315262 0.225186988711357 0.210802853107452 0.196418717503548 0.182034596800804 0.167650461196899 0.153266325592995 0.143996000289917 0.13643029332161 0.128864571452141 0.121298849582672 0.113733135163784 0.106167413294315 0.0986016914248466 0.0958070680499077 0.107325710356236 0.118844352662563 0.130362987518311 0.141881629824638 0.153400272130966 0.164918914437294 0.176437556743622 0.190941333770752 0.206440165638924 0.221938982605934 0.237437799572945 0.252936631441116 0.268435448408127 0.283934265375137 0.294674307107925 0.291137933731079 0.287601560354233 0.284065216779709 0.280528843402863 0.276992470026016 0.27345609664917 0.269919753074646 0.286552160978317 0.309907525777817 0.333262890577316 0.356618225574493 0.379973590373993 0.403328955173492 0.42668429017067 0.458128213882446
0.262150943279266 0.245604753494263 0.229058593511581 0.212512418627739 0.195966243743896 0.179420068860054 0.162873893976212 0.152215674519539 0.14352011680603 0.13482454419136 0.126128986477852 0.117433413863182 0.108737848699093 0.100042283535004 0.0962098464369774 0.106966786086559 0.117723733186722 0.128480672836304 0.139237627387047 0.149994567036629 0.160751506686211 0.171508446335793 0.188431769609451 0.207410544157028 0.226389318704605 0.245368093252182 0.264346867799759 0.283325642347336 0.302304416894913 0.314973682165146 0.308714330196381 0.302454978227615 0.29619562625885 0.289936274290085 0.28367692232132 0.277417570352554 0.271158218383789 0.289702653884888 0.316515058279037 0.343327432870865 0.370139807462692 0.396952211856842 0.423764586448669 0.450576961040497 0.48520016670227
0.284730762243271 0.266022533178329 0.247314319014549 0.228606104850769 0.209897890686989 0.191189676523209 0.172481462359428 0.160435348749161 0.150609940290451 0.14078451693058 0.13095910847187 0.121133700013161 0.11130828410387 0.101482875645161 0.0966126248240471 0.106607869267464 0.11660311371088 0.126598358154297 0.136593610048294 0.14658884704113 0.156584098935127 0.166579350829124 0.185922205448151 0.208380937576294 0.230839669704437 0.253298401832581 0.275757133960724 0.298215866088867 0.32067459821701 0.335273057222366 0.32629069685936 0.317308366298676 0.308326035737991 0.299343705177307 0.290361374616623 0.281379014253616 0.272396683692932 0.292853146791458 0.323122560977936 0.353391975164413 0.383661389350891 0.413930803537369 0.444200217723846 0.474469631910324 0.512272119522095
0.307310551404953 0.286440312862396 0.265570044517517 0.244699791073799 0.223829537630081 0.202959284186363 0.182089030742645 0.168655022978783 0.157699763774872 0.146744504570961 0.13578924536705 0.124833978712559 0.113878719508648 0.102923460304737 0.0970154032111168 0.106248952448368 0.115482501685619 0.12471604347229 0.133949592709541 0.143183141946793 0.152416691184044 0.161650240421295 0.18341264128685 0.209351316094398 0.235290005803108 0.261228680610657 0.287167370319366 0.313106060028076 0.339044749736786 0.355572432279587 0.343867093324661 0.332161784172058 0.320456445217133 0.308751136064529 0.297045797109604 0.285340487957001 0.273635149002075 0.296003669500351 0.329730093479156 0.363456547260284 0.39718297123909 0.430909425020218 0.464635878801346 0.498362302780151 0.539344012737274
