data/working_set_collections/6091692-Cassins_Sparrow-M2/2000/ghland_avg.asc
NCOLS 265 
NROWS 230 
XLLCORNER -115.5625 
YLLCORNER 24.8333333333333 
CELLSIZE 0.0833333333333333 
NODATA_value -9999 
[rows 209 to 227 of 230, columns 132 to 175 of 265]
0.131540209054947 0.139963194727898 0.147680044174194 0.153278484940529 0.158876910805702 0.164475351572037 0.17007377743721 0.175672218203545 0.181270644068718 0.186869084835052 0.171764999628067 0.149760097265244 0.12775519490242 0.105750285089016 0.0837453752756119 0.0617404691874981 0.039735559374094 0.0251235570758581 0.0326902717351913 0.0402569882571697 0.0478237010538578 0.0553904175758362 0.0629571303725243 0.0705238431692123 0.0780905559659004 0.0726142376661301 0.0627902373671532 0.0529662370681763 0.0431422367691994 0.0333182327449322 0.0234942343086004 0.013670233078301 0.0082481736317277 0.0160319395363331 0.023815706372261 0.031599473208189 0.0393832363188267 0.0471670031547546 0.0549507699906826 0.0627345368266106 0.0729880630970001 0.0840648412704468 0.095141626894474 0.106218405067921
0.138942554593086 0.14747166633606 0.155265718698502 0.160854607820511 0.16644349694252 0.172032386064529 0.177621275186539 0.183210164308548 0.188799053430557 0.194387942552567 0.178664922714233 0.155837938189507 0.13301095366478 0.110183961689472 0.0873569771647453 0.0645299851894379 0.041703000664711 0.0270210579037666 0.0367742478847504 0.0465274341404438 0.0562806241214275 0.066033810377121 0.0757870003581047 0.0855401828885078 0.0952933728694916 0.0890386700630188 0.0774480104446411 0.0658573433756828 0.0542666800320148 0.0426760166883469 0.0310853496193886 0.0194946862757206 0.012468695640564 0.0191367287188768 0.0258047636598349 0.0324727967381477 0.0391408316791058 0.0458088666200638 0.0524768978357315 0.0591449327766895 0.0697941780090332 0.0817704945802689 0.0937468111515045 0.10572312772274
0.135341092944145 0.143429532647133 0.151078760623932 0.157410383224487 0.163742020726204 0.170073643326759 0.176405280828476 0.182736903429031 0.189068540930748 0.195400178432465 0.180709928274155 0.159012392163277 0.137314856052399 0.11561731249094 0.0939197763800621 0.0722222402691841 0.0505247004330158 0.0362108387053013 0.0440480150282383 0.051885187625885 0.059722363948822 0.067559540271759 0.0753967091441154 0.0832338854670525 0.0910710617899895 0.085427775979042 0.0752910003066063 0.0651542320847511 0.0550174564123154 0.0448806844651699 0.0347439087927341 0.0246071368455887 0.0185864083468914 0.0249138120561838 0.0312412139028311 0.0375686176121235 0.0438960194587708 0.0502234250307083 0.0565508268773556 0.0628782287240028 0.0734564512968063 0.085451602935791 0.0974467545747757 0.109441913664341
0.131739646196365 0.139387384057045 0.146891787648201 0.153966158628464 0.161040544509888 0.16811491549015 0.175189286470413 0.182263657450676 0.189338028430939 0.196412414312363 0.182754933834076 0.162186846137047 0.141618758440018 0.121050663292408 0.100482575595379 0.0799144878983498 0.0593463964760303 0.0454006195068359 0.0513217821717262 0.0572429411113262 0.0631641000509262 0.0690852627158165 0.0750064253807068 0.0809275880455971 0.0868487432599068 0.0818168744444847 0.0731339976191521 0.0644511133432388 0.0557682327926159 0.047085352241993 0.0384024679660797 0.0297195874154568 0.0247041210532188 0.0306908935308456 0.0366776660084724 0.0426644384860992 0.048651210963726 0.0546379834413528 0.0606247559189796 0.0666115283966064 0.0771187171339989 0.0891327112913132 0.101146705448627 0.113160699605942
0.128138184547424 0.135345250368118 0.142704829573631 0.15052193403244 0.15833905339241 0.16615617275238 0.17397329211235 0.181790411472321 0.189607530832291 0.197424650192261 0.184799939393997 0.165361300110817 0.145922660827637 0.126484021544456 0.107045374810696 0.0876067355275154 0.0681680962443352 0.0545904003083706 0.0585955493152142 0.0626006945967674 0.066605843603611 0.0706109926104546 0.0746161341667175 0.0786212831735611 0.0826264321804047 0.0782059729099274 0.0709769874811172 0.0637479946017265 0.0565190091729164 0.049290020018816 0.0420610271394253 0.0348320379853249 0.0308218318969011 0.0364679731428623 0.0421141162514687 0.047760259360075 0.0534064024686813 0.0590525418519974 0.064698688685894 0.07034482806921 0.080780990421772 0.0928138196468353 0.104846648871899 0.116879485547543
0.124536730349064 0.131303116679192 0.1385178565979 0.147077724337578 0.155637577176094 0.164197444915771 0.172757297754288 0.181317165493965 0.189877018332481 0.198436886072159 0.186844944953918 0.168535754084587 0.150226563215256 0.131917372345924 0.113608181476593 0.0952989906072617 0.0769897922873497 0.0637801811099052 0.0658693164587021 0.0679584518074989 0.0700475871562958 0.072136715054512 0.0742258504033089 0.0763149857521057 0.0784041211009026 0.0745950788259506 0.0688199773430824 0.0630448833107948 0.0572697855532169 0.051494687795639 0.0457195900380611 0.039944488555193 0.0369395464658737 0.0422450564801693 0.0475505664944649 0.0528560802340508 0.0581615902483463 0.0634671002626419 0.0687726140022278 0.0740781277418137 0.0844432562589645 0.0964949280023575 0.10854659974575 0.120598271489143
0.120935276150703 0.127260968089104 0.134330898523331 0.143633499741554 0.152936100959778 0.162238702178001 0.171541303396225 0.180843904614449 0.190146505832672 0.199449121952057 0.188889965415001 0.171710208058357 0.154530465602875 0.137350723147392 0.12017098069191 0.102991238236427 0.0858114957809448 0.0729699656367302 0.0731430873274803 0.0733162015676498 0.0734893232584 0.0736624449491501 0.0738355666399002 0.0740086808800697 0.0741818025708199 0.0709841772913933 0.0666629746556282 0.0623417682945728 0.0580205619335175 0.0536993555724621 0.0493781492114067 0.0450569428503513 0.0430572554469109 0.0480221398174763 0.0529870204627514 0.0579519011080265 0.0629167780280113 0.067881666123867 0.0728465467691422 0.0778114274144173 0.0881055295467377 0.10017603635788 0.112246550619602 0.124317057430744
0.115436159074306 0.121394008398056 0.128313556313515 0.13811819255352 0.147922828793526 0.15772745013237 0.167532086372375 0.177336722612381 0.187141358852386 0.196945995092392 0.187362089753151 0.171315342187881 0.155268594622612 0.139221847057343 0.123175099492073 0.107128351926804 0.0910816043615341 0.0789128392934799 0.0783780366182327 0.0778432339429855 0.0773084238171577 0.0767736211419106 0.0762388184666634 0.0757040157914162 0.075169213116169 0.0721403583884239 0.0682801529765129 0.0644199550151825 0.0605597496032715 0.0566995479166508 0.0528393425047398 0.048979140818119 0.0473293103277683 0.0523105971515179 0.0572918877005577 0.0622731745243073 0.0672544613480568 0.0722357481718063 0.0772170349955559 0.0821983218193054 0.0907393991947174 0.100467078387737 0.110194750130177 0.119922421872616
0.108039394021034 0.113702222704887 0.120465829968452 0.130531787872314 0.140597745776176 0.150663703680038 0.1607296615839 0.170795619487762 0.180861577391624 0.190927535295486 0.182261362671852 0.16735115647316 0.152440950274467 0.137530744075775 0.122620537877083 0.10771033167839 0.0928001180291176 0.081608809530735 0.0815741717815399 0.0815395340323448 0.0815048962831497 0.0814702585339546 0.0814356207847595 0.0814009830355644 0.0813663452863693 0.078063614666462 0.0736715272068977 0.0692794397473335 0.0648873522877693 0.0604952648282051 0.0561031773686409 0.0517110899090767 0.0497557073831558 0.0551104359328747 0.0604651682078838 0.0658198967576027 0.0711746290326118 0.076529361307621 0.0818840935826302 0.0872388258576393 0.0923448801040649 0.0973680466413498 0.102391213178635 0.107414372265339
0.100642621517181 0.106010437011719 0.112618111073971 0.122945390641689 0.133272662758827 0.143599942326546 0.153927221894264 0.164254501461983 0.174581781029701 0.18490906059742 0.177160635590553 0.163386970758438 0.149613305926323 0.135839641094208 0.122065968811512 0.108292303979397 0.0945186391472816 0.0843047723174095 0.0847702994942665 0.0852358341217041 0.0857013612985611 0.0861668884754181 0.0866324156522751 0.0870979428291321 0.0875634774565697 0.0839868783950806 0.0790629014372826 0.0741389319300652 0.0692149549722672 0.0642909854650497 0.059367012232542 0.0544430390000343 0.052182100713253 0.0579102747142315 0.06363844871521 0.0693666264414787 0.0750947967171669 0.0808229744434357 0.0865511447191238 0.0922793224453926 0.0939503535628319 0.0942690148949623 0.0945876687765121 0.094906322658062
0.0932458490133286 0.0983186438679695 0.104770392179489 0.115358993411064 0.125947594642639 0.136536195874214 0.147124797105789 0.157713398337364 0.168301999568939 0.178890600800514 0.172059908509254 0.159422785043716 0.146785661578178 0.13414853811264 0.121511407196522 0.108874283730984 0.0962371602654457 0.0870007425546646 0.0879664346575737 0.0889321342110634 0.0898978263139725 0.0908635184168816 0.0918292179703712 0.0927949100732803 0.0937606021761894 0.0899101346731186 0.0844542756676674 0.0789984166622162 0.073542557656765 0.0680867061018944 0.0626308470964432 0.0571749843657017 0.0546084977686405 0.0607101134955883 0.0668117329478264 0.0729133486747742 0.079014964401722 0.0851165875792503 0.0912182033061981 0.0973198190331459 0.0955558344721794 0.0911699831485748 0.0867841318249702 0.0823982730507851
0.0858490765094757 0.0906268581748009 0.0969226732850075 0.107772596180439 0.118622519075871 0.129472434520721 0.140322357416153 0.151172280311584 0.162022203207016 0.172872126102448 0.166959166526794 0.155458584427834 0.143958002328873 0.132457420229912 0.120956845581532 0.109456263482571 0.0979556813836098 0.0896967053413391 0.0911625698208809 0.0926284343004227 0.0940942913293839 0.0955601558089256 0.0970260128378868 0.0984918773174286 0.0999577343463898 0.0958333984017372 0.0898456498980522 0.0838579088449478 0.0778701677918434 0.0718824192881584 0.065894678235054 0.0599069334566593 0.0570348910987377 0.0635099560022354 0.0699850171804428 0.0764600783586502 0.0829351395368576 0.089410200715065 0.0958852618932724 0.10236032307148 0.097161315381527 0.0880709514021873 0.0789805874228477 0.0698902234435081
0.0784523114562035 0.0829350724816322 0.0890749543905258 0.100186198949814 0.111297443509102 0.12240868806839 0.133519932627678 0.144631177186966 0.155742421746254 0.166853651404381 0.161858439445496 0.151494398713112 0.141130357980728 0.130766317248344 0.120402276515961 0.110038235783577 0.0996742025017738 0.0923926755785942 0.0943587049841881 0.096324734389782 0.0982907563447952 0.100256785750389 0.102222815155983 0.104188837110996 0.10615486651659 0.101756654679775 0.095237024128437 0.0887173935770988 0.0821977704763412 0.075678139925003 0.0691585093736649 0.0626388862729073 0.0594612881541252 0.0663097947835922 0.0731582939624786 0.0800068005919456 0.0868553072214127 0.0937038064002991 0.100552313029766 0.107400819659233 0.0987667888402939 0.0849719196557999 0.0711770504713058 0.0573821738362312
0.0685841515660286 0.0731661766767502 0.0793123245239258 0.0901508033275604 0.100989282131195 0.11182776093483 0.122666239738464 0.133504718542099 0.144343197345734 0.155181676149368 0.150805771350861 0.141358390450478 0.131911009550095 0.122463636100292 0.11301626265049 0.103568889200687 0.094121515750885 0.0876674577593803 0.0901933535933495 0.0927192568778992 0.0952451601624489 0.097771055996418 0.100296959280968 0.102822855114937 0.105348758399487 0.101046033203602 0.0944671034812927 0.087888166308403 0.0813092365860939 0.0747302994132042 0.0681513696908951 0.0615724362432957 0.0581911206245422 0.064402662217617 0.0706142038106918 0.0768257454037666 0.0830372869968414 0.0892488285899162 0.095460370182991 0.101671911776066 0.0916328728199005 0.0761769637465477 0.0607210583984852 0.0452651493251324
0.0562446005642414 0.0613201782107353 0.0676347687840462 0.0776664018630981 0.0876980349421501 0.0977296605706215 0.107761293649673 0.117792919278145 0.127824559807777 0.137856185436249 0.133801147341728 0.125050559639931 0.116299971938133 0.107549384236336 0.0987987965345383 0.0900482088327408 0.0812976211309433 0.0755210518836975 0.0786665305495262 0.0818120092153549 0.0849574878811836 0.0881029665470123 0.091248445212841 0.0943939238786697 0.0975394025444984 0.093701533973217 0.0875358730554581 0.0813702195882797 0.0752045661211014 0.0690389052033424 0.0628732517361641 0.0567075945436954 0.0532243959605694 0.0577885694801807 0.0623527429997921 0.0669169127941132 0.0714810863137245 0.0760452598333359 0.0806094333529472 0.0851736068725586 0.0757595524191856 0.0616860836744308 0.0476126186549664 0.0335391499102116
0.0439050495624542 0.0494741797447205 0.0559572204947472 0.0651820003986359 0.0744067803025246 0.0836315676569939 0.0928563475608826 0.102081127464771 0.11130590736866 0.120530687272549 0.116796530783176 0.108742736279964 0.100688934326172 0.0926351323723793 0.0845813304185867 0.0765275284647942 0.0684737265110016 0.0633746385574341 0.0671397000551224 0.0709047615528107 0.0746698155999184 0.0784348770976067 0.0821999311447144 0.0859649926424026 0.0897300541400909 0.0863570347428322 0.080604650080204 0.0748522728681564 0.0690998956561089 0.0633475109934807 0.0575951337814331 0.0518427528440952 0.0482576712965965 0.0511744730174541 0.0540912784636021 0.05700808390975 0.0599248893558979 0.0628416910767555 0.0657584965229034 0.0686753019690514 0.0598862320184708 0.0471952073276043 0.0345041789114475 0.0218131523579359
0.0315655022859573 0.0376281775534153 0.0442796684801579 0.0526976026594639 0.0611155331134796 0.0695334672927856 0.0779514014720917 0.0863693282008171 0.0947872623801231 0.103205196559429 0.0997919216752052 0.0924349054694176 0.0850778892636299 0.0777208805084229 0.0703638643026352 0.0630068480968475 0.0556498356163502 0.0512282364070415 0.0556128732860088 0.0599975101649761 0.0643821507692337 0.068766787648201 0.0731514245271683 0.0775360614061356 0.0819206982851028 0.0790125280618668 0.07367342710495 0.0683343261480331 0.0629952177405357 0.0576561167836189 0.0523170158267021 0.046977911144495 0.0432909429073334 0.0445603802800179 0.0458298176527023 0.0470992513000965 0.048368688672781 0.0496381260454655 0.0509075596928596 0.0521769970655441 0.0440129153430462 0.0327043272554874 0.0213957391679287 0.0100871520116925
0.0192259531468153 0.0257821790874004 0.0326021201908588 0.0402132011950016 0.0478242859244347 0.0554353706538677 0.0630464553833008 0.0706575363874435 0.0782686173915863 0.0858797058463097 0.0827873051166534 0.0761270746588707 0.0694668516516685 0.0628066211938858 0.0561463981866837 0.0494861714541912 0.0428259447216988 0.0390818268060684 0.044086042791605 0.0490902625024319 0.0540944784879684 0.059098694473505 0.0641029104590416 0.0691071301698685 0.0741113424301147 0.0716680288314819 0.0667422041296959 0.0618163757026196 0.0568905510008335 0.0519647225737572 0.0470388978719711 0.0421130694448948 0.0383242182433605 0.0379462838172913 0.0375683531165123 0.0371904224157333 0.0368124879896641 0.0364345572888851 0.0360566228628159 0.0356786921620369 0.0281395968049765 0.0182134490460157 0.00828730035573244 -0.00163884763605893
0.00688640354201198 0.0139361787587404 0.0209245681762695 0.0277288034558296 0.0345330387353897 0.0413372702896595 0.0481415055692196 0.0549457408487797 0.0617499761283398 0.0685542076826096 0.0657826885581017 0.0598192475736141 0.0538558103144169 0.0478923693299294 0.0419289283454418 0.0359654910862446 0.030002050101757 0.0269354209303856 0.0325592160224915 0.0381830111145973 0.0438068099319935 0.0494306050240993 0.0550544001162052 0.0606781952083111 0.0663019940257072 0.0643235296010971 0.0598109774291515 0.0552984289824963 0.050785880535841 0.0462733283638954 0.0417607799172401 0.0372482277452946 0.0333574935793877 0.031332191079855 0.0293068904429674 0.0272815898060799 0.0252562873065472 0.0232309866696596 0.0212056860327721 0.0191803853958845 0.0122662791982293 0.00372257013805211 -0.00482113845646381 -0.0133648468181491
