data/working_set_collections/6091692-Cassins_Sparrow-M2/2000/ghland_avg.asc
NCOLS 265 
NROWS 230 
XLLCORNER -115.5625 
YLLCORNER 24.8333333333333 
CELLSIZE 0.0833333333333333 
NODATA_value -9999 
[rows 19 to 37 of 230, columns 44 to 87 of 265]
0.0190871022641659 0.0153964813798666 0.0117058614268899 0.00801524147391319 0.0043246210552752 0.000634001102298498 -0.00305661885067821 -0.00674723880365491 -0.0142463129013777 -0.0230148714035749 -0.0317834317684174 -0.0405519902706146 -0.0493205487728119 -0.0580891072750092 -0.0668576657772064 -0.0653348565101624 -0.032937940210104 -0.000541025132406503 0.0318558886647224 0.0642528012394905 0.0966497212648392 0.129046633839607 0.161443546414375 0.157901450991631 0.142379686236382 0.126857906579971 0.111336141824722 0.0958143696188927 0.080292597413063 0.0647708252072334 0.052909828722477 0.0520311556756496 0.0511524826288223 0.050273809581995 0.0493951365351677 0.0485164634883404 0.0476377904415131 0.0467591173946857 0.0472358204424381 0.0481643192470074 0.0490928180515766 0.0500213131308556 0.0509498119354248 0.051878310739994
0.0323793925344944 0.0289732199162245 0.0255670472979546 0.0221608765423298 0.0187547039240599 0.0153485313057899 0.01194235868752 0.00853618700057268 0.000639448291622102 -0.00875414535403252 -0.0181477386504412 -0.027541333809495 -0.0369349271059036 -0.0463285222649574 -0.0557221136987209 -0.0547295212745667 -0.0225783605128527 0.00957280118018389 0.0417239628732204 0.0738751217722893 0.106026284396648 0.138177439570427 0.170328602194786 0.167983338236809 0.154139265418053 0.140295207500458 0.126451134681702 0.112607061862946 0.09876299649477 0.084918923676014 0.0737692564725876 0.0707028061151505 0.0676363557577133 0.0645698979496956 0.0615034475922585 0.058436993509531 0.0553705431520939 0.0523040890693665 0.0523112267255783 0.0533428974449635 0.0543745681643486 0.0554062351584435 0.0564379058778286 0.0574695765972137
0.0456716828048229 0.0425499603152275 0.0394282341003418 0.0363065116107464 0.0331847853958607 0.0300630610436201 0.0269413366913795 0.023819612339139 0.0155252097174525 0.00550658022984862 -0.00451204879209399 -0.0145306773483753 -0.0245493073016405 -0.0345679372549057 -0.0445865653455257 -0.044124186038971 -0.0122187789529562 0.0196866262704134 0.0515920333564281 0.083497442305088 0.115402847528458 0.147308245301247 0.179213657975197 0.178065240383148 0.165898859500885 0.153732493519783 0.141566127538681 0.129399761557579 0.117233395576477 0.105067022144794 0.0946286916732788 0.0893744602799416 0.0841202214360237 0.0788659900426865 0.0736117586493492 0.068357527256012 0.0631032958626747 0.0578490607440472 0.0573866330087185 0.0585214756429195 0.0596563145518303 0.0607911571860313 0.0619259998202324 0.0630608424544334
0.0589639768004417 0.0561266988515854 0.053289420902729 0.050452146679163 0.0476148687303066 0.0447775907814503 0.0419403165578842 0.0391030386090279 0.0304109714925289 0.0197673067450523 0.00912364199757576 -0.00152002228423953 -0.0121636865660548 -0.0228073503822088 -0.0334510169923306 -0.0335188508033752 -0.00185919879004359 0.0298004522919655 0.0614601038396358 0.0931197553873062 0.124779410660267 0.156439065933228 0.188098713755608 0.188147127628326 0.177658453583717 0.167169794440269 0.15668112039566 0.146192461252213 0.135703787207603 0.125215128064156 0.115488119423389 0.108046106994152 0.100604094564915 0.0931620821356773 0.08572006970644 0.0782780572772026 0.0708360448479652 0.0633940324187279 0.0624620392918587 0.0637000501155853 0.0649380683898926 0.0661760792136192 0.0674140900373459 0.0686521083116531
0.0722562670707703 0.0697034373879433 0.0671506077051163 0.0645977780222893 0.0620449520647526 0.0594921223819256 0.0569392926990986 0.0543864630162716 0.0452967323362827 0.0340280309319496 0.0227593332529068 0.0114906337112188 0.00022193361655809 -0.0110467663034797 -0.0223154649138451 -0.0229135155677795 0.00850038137286901 0.0399142801761627 0.0713281780481339 0.102742075920105 0.134155973792076 0.165569871664047 0.196983769536018 0.198229014873505 0.18941804766655 0.180607080459595 0.17179611325264 0.162985160946846 0.154174193739891 0.145363226532936 0.1363475471735 0.126717761158943 0.117087967693806 0.107458174228668 0.0978283807635307 0.0881985872983932 0.0785687938332558 0.0689390003681183 0.0675374418497086 0.0688786283135414 0.0702198147773743 0.0715610012412071 0.07290218770504 0.0742433741688728
0.0704779475927353 0.0691066756844521 0.0677354112267494 0.0663641393184662 0.064992867410183 0.0636216029524803 0.0622503310441971 0.0608790628612041 0.0530048795044422 0.042963057756424 0.0329212360084057 0.0228794123977423 0.0128375897184014 0.00279576750472188 -0.00724605470895767 -0.0073911752551794 0.0221538115292788 0.0516987964510918 0.0812437832355499 0.110788770020008 0.140333756804466 0.169878736138344 0.199423730373383 0.201142758131027 0.193586483597755 0.186030194163322 0.178473904728889 0.170917630195618 0.163361340761185 0.155805066227913 0.147540688514709 0.137152075767517 0.126763463020325 0.116374857723713 0.105986244976521 0.0955976322293282 0.0852090194821358 0.0748204067349434 0.0731591656804085 0.0744070410728455 0.0756549164652824 0.0769027993083 0.078150674700737 0.0793985575437546
0.0536290183663368 0.0543364211916924 0.0550438240170479 0.0557512268424034 0.0564586296677589 0.0571660287678242 0.0578734315931797 0.0585808344185352 0.0535354129970074 0.0465723797678947 0.0396093465387821 0.0326463133096695 0.025683281943202 0.0187202487140894 0.0117572164162993 0.0130481719970703 0.0391010902822018 0.0651540085673332 0.0912069231271744 0.117259845137596 0.143312752246857 0.169365674257278 0.1954185962677 0.196888357400894 0.190163731575012 0.183439120650291 0.17671449482441 0.169989883899689 0.163265258073807 0.156540632247925 0.149067550897598 0.139349088072777 0.129630610346794 0.119912132620811 0.110193662345409 0.100475184619427 0.0907567143440247 0.0810382440686226 0.0793271958827972 0.0802852883934975 0.0812433809041977 0.0822014734148979 0.0831595659255981 0.0841176584362984
0.0367800891399384 0.0395661629736423 0.0423522368073463 0.0451383106410503 0.0479243844747543 0.0507104583084583 0.0534965321421623 0.0562826059758663 0.0540659427642822 0.0501817017793655 0.0462974607944489 0.0424132160842419 0.0385289750993252 0.0346447303891182 0.0307604894042015 0.0334875173866749 0.0560483671724796 0.0786092132329941 0.101170063018799 0.123730912804604 0.146291762590408 0.168852612376213 0.191413462162018 0.192633956670761 0.18674099445343 0.18084804713726 0.17495508491993 0.169062122702599 0.163169175386429 0.157276213169098 0.150594413280487 0.141546085476875 0.132497742772102 0.123449414968491 0.114401079714298 0.105352744460106 0.0963044092059135 0.0872560739517212 0.085495226085186 0.0861635282635689 0.0868318378925323 0.0875001475214958 0.0881684571504593 0.0888367593288422
0.0199311580508947 0.0247959047555923 0.0296606495976448 0.0345253944396973 0.03939014300704 0.0442548878490925 0.0491196326911449 0.0539843812584877 0.0545964762568474 0.0537910237908363 0.0529855713248253 0.0521801188588142 0.0513746663928032 0.0505692139267921 0.0497637614607811 0.0539268665015697 0.0729956477880478 0.0920644253492355 0.111133202910423 0.130201980471611 0.14927077293396 0.168339550495148 0.187408328056335 0.188379555940628 0.183318257331848 0.178256973624229 0.17319567501545 0.16813437640667 0.163073092699051 0.158011794090271 0.152121275663376 0.143743082880974 0.135364890098572 0.12698669731617 0.118608497083187 0.110230304300785 0.101852104067802 0.0934739112854004 0.0916632562875748 0.0920417755842209 0.092420294880867 0.0927988216280937 0.0931773409247398 0.093555860221386
0.00308222882449627 0.0100256465375423 0.0169690642505884 0.0239124819636345 0.0308558996766806 0.0377993173897266 0.0447427332401276 0.0516861528158188 0.0551270097494125 0.0574003458023071 0.0596736818552017 0.0619470216333866 0.0642203614115715 0.0664936974644661 0.0687670335173607 0.0743662118911743 0.0899429246783257 0.105519637465477 0.121096350252628 0.13667306303978 0.15224976837635 0.167826473712921 0.183403193950653 0.184125155210495 0.179895520210266 0.175665885210037 0.17143626511097 0.167206630110741 0.162977010011673 0.158747375011444 0.153648138046265 0.145940080285072 0.13823202252388 0.130523964762688 0.122815914452076 0.115107856690884 0.107399798929691 0.0996917486190796 0.0978312864899635 0.0979200229048729 0.0980087593197823 0.0980974957346916 0.098186232149601 0.0982749685645103
-0.0137667004019022 -0.00474461168050766 0.00427747797220945 0.0132995676249266 0.0223216563463211 0.0313437469303608 0.0403658337891102 0.0493879243731499 0.0556575432419777 0.0610096678137779 0.0663617923855782 0.071713924407959 0.0770660489797592 0.0824181735515594 0.0877703055739403 0.0948055610060692 0.106890201568604 0.118974842131138 0.131059482693672 0.143144130706787 0.155228778719902 0.167313411831856 0.179398059844971 0.179870739579201 0.176472783088684 0.173074811697006 0.16967685520649 0.166278883814812 0.162880912423134 0.159482955932617 0.155175000429153 0.148137077689171 0.141099169850349 0.134061247110367 0.127023339271545 0.119985416531563 0.112947501242161 0.105909578502178 0.103999316692352 0.103798262774944 0.103597216308117 0.10339616984129 0.103195115923882 0.102994069457054
-0.0269046183675528 -0.0175368096679449 -0.00816899910569191 0.00119881064165384 0.0105666201561689 0.0199344307184219 0.0293022394180298 0.0386700481176376 0.0446169823408127 0.0494236201047897 0.0542302578687668 0.0590368956327438 0.0638435333967209 0.0686501711606979 0.073456808924675 0.0794498100876808 0.089001901447773 0.0985539928078651 0.108106084167957 0.117658175528049 0.127210259437561 0.136762350797653 0.146314442157745 0.148391515016556 0.147976920008659 0.147562310099602 0.147147700190544 0.146733105182648 0.14631849527359 0.145903885364532 0.144264817237854 0.138952359557152 0.133639886975288 0.128327414393425 0.123014949262142 0.117702484130859 0.112390011548996 0.107077546417713 0.106230944395065 0.106872960925102 0.107514977455139 0.108156993985176 0.108799010515213 0.109441034495831
-0.0363315232098103 -0.0283509455621243 -0.0203703660517931 -0.0123897874727845 -0.00440920889377594 0.00357136991806328 0.0115519482642412 0.0195325277745724 0.0220053251832724 0.022642195224762 0.0232790652662516 0.023915933445096 0.0245528034865856 0.0251896735280752 0.0258265435695648 0.0282989609986544 0.0362780168652534 0.0442570745944977 0.0522361323237419 0.0602151900529861 0.0681942477822304 0.0761733055114746 0.0841523632407188 0.0896874666213989 0.0944079235196114 0.0991283804178238 0.103848829865456 0.108569286763668 0.1132897362113 0.118010193109512 0.120917603373528 0.118385896086693 0.115854188799858 0.113322481513023 0.110790766775608 0.108259059488773 0.105727352201939 0.103195644915104 0.104526169598103 0.107144109904766 0.109762042760849 0.112379983067513 0.114997923374176 0.117615856230259
-0.0457584299147129 -0.0391650833189487 -0.0325717329978943 -0.0259783864021301 -0.0193850379437208 -0.0127916904166341 -0.00619834288954735 0.000395005248719826 -0.000606331275776029 -0.00413922918960452 -0.00767212733626366 -0.0112050250172615 -0.0147379236295819 -0.0182708222419024 -0.0218037199229002 -0.0228518862277269 -0.0164458621293306 -0.0100398389622569 -0.00363381509669125 0.00277220876887441 0.00917823240160942 0.0155842565000057 0.021990280598402 0.0309834200888872 0.040838934481144 0.0506944432854652 0.0605499558150768 0.0704054683446884 0.0802609771490097 0.0901164934039116 0.097570389509201 0.0978194400668144 0.0980684906244278 0.0983175411820412 0.0985665917396545 0.0988156422972679 0.0990646928548813 0.0993137434124947 0.10282139480114 0.107415251433849 0.112009108066559 0.116602964699268 0.121196828782558 0.125790685415268
-0.0551853366196156 -0.0499792173504829 -0.0447731018066406 -0.0395669862627983 -0.0343608669936657 -0.0291547514498234 -0.0239486340433359 -0.0187425166368484 -0.0232179872691631 -0.0309206526726484 -0.0386233180761337 -0.0463259853422642 -0.0540286526083946 -0.0617313161492348 -0.0694339796900749 -0.0740027353167534 -0.069169744849205 -0.0643367543816566 -0.0595037639141083 -0.0546707734465599 -0.0498377829790115 -0.0450047925114632 -0.0401718020439148 -0.0277206283062696 -0.0127300582826138 0.00226051197387278 0.017251081764698 0.0322416536509991 0.0472322218120098 0.0622227936983109 0.0742231756448746 0.077252984046936 0.0802827924489975 0.083312600851059 0.0863424092531204 0.0893722176551819 0.0924020260572433 0.0954318344593048 0.101116620004177 0.107686400413513 0.114256173372269 0.120825953781605 0.127395734190941 0.133965507149696
-0.0646122395992279 -0.0607933551073074 -0.056974470615387 -0.0531555823981762 -0.0493366979062557 -0.045517809689045 -0.0416989251971245 -0.037880040705204 -0.0458296425640583 -0.057702075690031 -0.0695745125412941 -0.0814469456672668 -0.0933193787932396 -0.105191811919212 -0.117064245045185 -0.125153586268425 -0.121893629431725 -0.118633672595024 -0.115373715758324 -0.112113758921623 -0.108853802084923 -0.105593845248222 -0.102333888411522 -0.0864246785640717 -0.0662990510463715 -0.046173419803381 -0.0260477922856808 -0.005922163836658 0.0142034646123648 0.0343290939927101 0.0508759580552578 0.0566865243017673 0.0624970942735672 0.0683076605200768 0.0741182267665863 0.0799287930130959 0.085739366710186 0.0915499329566956 0.0994118452072144 0.107957541942596 0.116503246128559 0.125048935413361 0.133594632148743 0.142140328884125
-0.0740391463041306 -0.0716074928641319 -0.0691758394241333 -0.0667441785335541 -0.0643125250935555 -0.0618808716535568 -0.0594492182135582 -0.0570175610482693 -0.0684413015842438 -0.0844835042953491 -0.100525699555874 -0.116567902266979 -0.132610112428665 -0.14865231513977 -0.164694502949715 -0.176304429769516 -0.174617514014244 -0.172930583357811 -0.171243667602539 -0.169556736946106 -0.167869821190834 -0.166182890534401 -0.164495974779129 -0.145128726959229 -0.119868040084839 -0.0946073532104492 -0.0693466663360596 -0.0440859794616699 -0.0188252925872803 0.00643539382144809 0.027528740465641 0.036120068281889 0.0447113960981369 0.0533027201890945 0.0618940480053425 0.0704853758215904 0.0790766999125481 0.0876680314540863 0.0977070704102516 0.10822869092226 0.118750311434269 0.129271924495697 0.139793545007706 0.150315165519714
-0.0687706395983696 -0.0673564299941063 -0.065942220389843 -0.0645280107855797 -0.0631138011813164 -0.0616995915770531 -0.0602853819727898 -0.0588711686432362 -0.0715911686420441 -0.0890225693583488 -0.106453970074654 -0.123885370790958 -0.141316771507263 -0.158748179674149 -0.176179572939873 -0.189225450158119 -0.18911474943161 -0.189004063606262 -0.188893362879753 -0.188782662153244 -0.188671961426735 -0.188561260700226 -0.188450559973717 -0.167290270328522 -0.139113426208496 -0.110936589539051 -0.0827597454190254 -0.0545829124748707 -0.0264060720801353 0.00177076586987823 0.0254249665886164 0.0355112552642822 0.0455975458025932 0.0556838326156139 0.0657701268792152 0.0758564099669456 0.0859427005052567 0.0960289910435677 0.106714740395546 0.117600314319134 0.128485888242722 0.139371454715729 0.150257021188736 0.161142602562904
-0.0488067269325256 -0.0480401776731014 -0.0472736246883869 -0.0465070717036724 -0.0457405224442482 -0.0449739694595337 -0.0442074164748192 -0.043440867215395 -0.0552792511880398 -0.0713192820549011 -0.0873593166470528 -0.103399343788624 -0.119439378380775 -0.135479405522346 -0.151519447565079 -0.163916647434235 -0.165385365486145 -0.166854083538055 -0.168322801589966 -0.169791519641876 -0.171260237693787 -0.172728955745697 -0.174197673797607 -0.15290929377079 -0.124035209417343 -0.0951611250638962 -0.0662870407104492 -0.0374129563570023 -0.00853887293487787 0.0203352104872465 0.0445646345615387 0.0548600889742374 0.0651555433869362 0.0754510015249252 0.0857464522123337 0.0960419103503227 0.106337361037731 0.11663281917572 0.126434847712517 0.136072412133217 0.145709976553917 0.155347526073456 0.164985090494156 0.174622654914856
