data/working_set_collections/6091692-Cassins_Sparrow-M2/2000/ghland_avg.asc
NCOLS 265 
NROWS 230 
XLLCORNER -115.5625 
YLLCORNER 24.8333333333333 
CELLSIZE 0.0833333333333333 
NODATA_value -9999 
[rows 76 to 94 of 230, columns 44 to 87 of 265]
0.194059073925018 0.17477323114872 0.155487403273582 0.136201575398445 0.116915732622147 0.0976299047470093 0.0783440694212914 0.0590582340955734 0.0654122307896614 0.0803128406405449 0.0952134430408478 0.110114052891731 0.125014662742615 0.139915272593498 0.154815867543221 0.163671791553497 0.15439361333847 0.145115450024605 0.135837271809578 0.126559108495712 0.117280937731266 0.1080027744174 0.0987246036529541 0.104163244366646 0.114507496356964 0.124851748347282 0.135196000337601 0.145540252327919 0.155884504318237 0.166228756308556 0.176899865269661 0.18855157494545 0.200203269720078 0.211854964494705 0.223506674170494 0.235158368945122 0.246810063719749 0.258461773395538 0.244343638420105 0.221635550260544 0.198927477002144 0.176219403743744 0.153511315584183 0.130803242325783
0.221700891852379 0.201887190341949 0.18207348883152 0.162259787321091 0.142446085810661 0.122632384300232 0.102818682789803 0.0830049812793732 0.0871168300509453 0.09920384734869 0.111290872097015 0.123377896845341 0.135464921593666 0.147551953792572 0.159638971090317 0.166642636060715 0.158396229147911 0.150149807333946 0.141903400421143 0.133656978607178 0.125410571694374 0.11716415733099 0.108917742967606 0.117474384605885 0.131632044911385 0.145789712667465 0.159947365522385 0.174105033278465 0.188262686133385 0.202420353889465 0.215661585330963 0.226153567433357 0.236645549535751 0.247137516736984 0.25762951374054 0.268121480941772 0.278613448143005 0.289105445146561 0.270721137523651 0.242711380124092 0.214701652526855 0.186691910028458 0.15868216753006 0.130672425031662
0.23945589363575 0.219361916184425 0.199267938733101 0.179173961281776 0.159079968929291 0.138985991477966 0.118892014026642 0.0987980365753174 0.100736387073994 0.110018849372864 0.119301311671734 0.128583773970604 0.137866243720055 0.147148698568344 0.156431153416634 0.161860525608063 0.155730560421944 0.149600610136986 0.143470659852028 0.13734070956707 0.131210759282112 0.125080808997154 0.118950858712196 0.129858881235123 0.146446242928505 0.163033589720726 0.179620951414108 0.196208298206329 0.21279564499855 0.229383006691933 0.244207412004471 0.253742963075638 0.263278543949127 0.272814095020294 0.282349646091461 0.291885226964951 0.301420778036118 0.310956329107285 0.290401101112366 0.259815603494644 0.229230105876923 0.198644608259201 0.16805911064148 0.137473613023758
0.247324079275131 0.227197408676147 0.207070738077164 0.18694406747818 0.166817411780357 0.146690741181374 0.12656407058239 0.106437392532825 0.106270916759968 0.112757839262486 0.119244761765003 0.12573167681694 0.132218599319458 0.138705521821976 0.145192444324493 0.149325430393219 0.146396651864052 0.143467858433723 0.140539079904556 0.137610301375389 0.134681507945061 0.131752729415894 0.128823935985565 0.141316741704941 0.158950075507164 0.176583409309387 0.194216728210449 0.211850062012672 0.229483395814896 0.247116714715958 0.262537330389023 0.271319776773453 0.280102223157883 0.288884669542313 0.297667115926743 0.306449562311172 0.315232008695602 0.324014455080032 0.303383558988571 0.272948205471039 0.242512851953506 0.212077513337135 0.181642159819603 0.151206806302071
0.255192279815674 0.235032916069031 0.214873552322388 0.194714188575745 0.174554839730263 0.15439547598362 0.134236112236977 0.114076755940914 0.111805446445942 0.115496829152107 0.119188204407692 0.122879587113857 0.126570969820023 0.130262345075607 0.133953720331192 0.136790350079536 0.137062728404999 0.137335121631622 0.137607499957085 0.137879878282547 0.138152256608009 0.138424649834633 0.138697028160095 0.152774602174759 0.171453908085823 0.190133213996887 0.208812519907951 0.227491825819016 0.24617113173008 0.264850437641144 0.280867248773575 0.288896590471268 0.296925932168961 0.304955244064331 0.312984585762024 0.321013927459717 0.32904326915741 0.33707258105278 0.316366016864777 0.286080807447433 0.25579559803009 0.225510403513908 0.195225194096565 0.164939999580383
0.263060480356216 0.242868408560753 0.222676366567612 0.202484309673309 0.182292267680168 0.162100210785866 0.141908168792725 0.121716111898422 0.117339976131916 0.118235811591148 0.119131654500961 0.120027489960194 0.120923325419426 0.121819160878658 0.122715003788471 0.124255269765854 0.127728819847107 0.13120236992836 0.134675920009613 0.138149470090866 0.141623005270958 0.145096555352211 0.148570105433464 0.164232462644577 0.183957740664482 0.203683018684387 0.223408311605453 0.243133589625359 0.262858867645264 0.28258416056633 0.299197167158127 0.306473404169083 0.313749611377716 0.321025848388672 0.328302055597305 0.335578262805939 0.342854499816895 0.350130707025528 0.329348474740982 0.299213409423828 0.269078373908997 0.238943293690681 0.208808243274689 0.178673177957535
0.270928651094437 0.250703930854797 0.230479180812836 0.210254430770874 0.190029695630074 0.169804945588112 0.149580210447311 0.129355475306511 0.12287450581789 0.12097480148077 0.11907509714365 0.11717539280653 0.11527568846941 0.11337598413229 0.11147627979517 0.111720182001591 0.118394896388054 0.125069618225098 0.13174432516098 0.138419046998024 0.145093768835068 0.15176847577095 0.158443197607994 0.175690323114395 0.196461573243141 0.217232838273048 0.238004088401794 0.258775353431702 0.279546618461609 0.300317883491516 0.317527085542679 0.324050188064575 0.330573320388794 0.33709642291069 0.343619525432587 0.350142627954483 0.356665730476379 0.363188832998276 0.342330932617188 0.312346011400223 0.28236111998558 0.252376198768616 0.222391277551651 0.192406371235847
0.278796851634979 0.258539408445358 0.238281980156898 0.218024551868439 0.197767123579979 0.177509695291519 0.157252252101898 0.136994823813438 0.128409028053284 0.123713791370392 0.119018547236919 0.114323295652866 0.109628051519394 0.104932807385921 0.100237563252449 0.0991851016879082 0.109060980379581 0.118936866521835 0.128812745213509 0.138688623905182 0.148564517498016 0.15844039618969 0.168316274881363 0.187148168683052 0.2089654058218 0.230782642960548 0.252599895000458 0.274417132139206 0.296234339475632 0.31805157661438 0.335857003927231 0.34162700176239 0.347396999597549 0.353166997432709 0.358936995267868 0.364706993103027 0.370476990938187 0.376246988773346 0.355313390493393 0.32547864317894 0.295643866062164 0.265809088945389 0.235974326729774 0.20613956451416
0.27017667889595 0.250074684619904 0.229972690343857 0.209870710968971 0.189768716692924 0.169666722416878 0.149564743041992 0.129462748765945 0.120028614997864 0.114150427281857 0.108272239565849 0.102394051849842 0.0965158641338348 0.0906376838684082 0.084759496152401 0.0834702625870705 0.0959478989243507 0.10842552781105 0.120903164148331 0.133380800485611 0.145858436822891 0.15833605825901 0.170813694596291 0.190116003155708 0.211693212389946 0.233270406723022 0.25484761595726 0.276424795389175 0.298002004623413 0.319579213857651 0.337168306112289 0.342793196439743 0.348418086767197 0.354042947292328 0.359667837619781 0.365292727947235 0.370917588472366 0.37654247879982 0.356891751289368 0.328815817832947 0.300739914178848 0.272663980722427 0.244588047266006 0.216512113809586
0.24506813287735 0.22530971467495 0.205551296472549 0.18579289317131 0.16603447496891 0.146276071667671 0.126517653465271 0.106759242713451 0.0977332442998886 0.0922847166657448 0.086836189031601 0.0813876613974571 0.0759391337633133 0.0704906061291695 0.0650420784950256 0.0645756721496582 0.0790556445717812 0.0935356169939041 0.108015581965446 0.122495554387569 0.136975526809692 0.151455491781235 0.165935456752777 0.184593811631203 0.204644963145256 0.224696114659309 0.244747251272202 0.264798402786255 0.284849554300308 0.304900705814362 0.321460992097855 0.327548772096634 0.333636522293091 0.33972430229187 0.345812082290649 0.351899832487106 0.357987612485886 0.364075362682343 0.347066015005112 0.322357624769211 0.29764923453331 0.272940844297409 0.248232439160347 0.223524048924446
0.219959586858749 0.200544744729996 0.181129917502403 0.16171507537365 0.142300233244896 0.122885406017303 0.10347057133913 0.0840557366609573 0.0754378736019135 0.070419006049633 0.0654001384973526 0.0603812672197819 0.0553623996675014 0.050343532115221 0.0453246645629406 0.0456810891628265 0.0621633939445019 0.0786456987261772 0.0951279997825623 0.111610308289528 0.128092616796494 0.144574910402298 0.161057218909264 0.179071620106697 0.197596713900566 0.216121807694435 0.234646916389465 0.253172010183334 0.271697103977203 0.290222197771072 0.30575367808342 0.312304347753525 0.318854987621307 0.325405657291412 0.331956297159195 0.338506937026978 0.345057606697083 0.351608246564865 0.337240278720856 0.315899401903152 0.294558554887772 0.273217707872391 0.251876831054688 0.230535984039307
0.194851040840149 0.175779774785042 0.156708523631096 0.137637257575989 0.118565998971462 0.0994947403669357 0.0804234817624092 0.0613522231578827 0.0531425029039383 0.0485532954335213 0.043964084237814 0.0393748767673969 0.0347856655716896 0.0301964562386274 0.0256072487682104 0.0267865005880594 0.0452711395919323 0.0637557804584503 0.082240417599678 0.100725062191486 0.119209699332714 0.137694343924522 0.15617898106575 0.173549428582191 0.190548464655876 0.207547515630722 0.224546566605568 0.241545617580414 0.258544653654099 0.275543689727783 0.290046364068985 0.297059923410416 0.304073452949524 0.311086982488632 0.31810051202774 0.325114071369171 0.332127600908279 0.339141130447388 0.327414512634277 0.309441208839417 0.291467875242233 0.27349454164505 0.255521237850189 0.237547904253006
0.169742494821548 0.151014804840088 0.132287129759789 0.113559447228909 0.0948317646980286 0.0761040821671486 0.0573763959109783 0.0386487133800983 0.0308471322059631 0.0266875829547644 0.0225280318409204 0.0183684825897217 0.0142089324072003 0.010049382224679 0.00588983250781894 0.00789191387593746 0.028378888964653 0.0488658659160137 0.0693528428673744 0.0898398160934448 0.110326789319515 0.130813762545586 0.151300743222237 0.168027237057686 0.183500230312347 0.198973223567009 0.214446216821671 0.229919210076332 0.245392203330994 0.260865211486816 0.27433905005455 0.281815469264984 0.28929191827774 0.296768337488174 0.304244756698608 0.311721175909042 0.319197595119476 0.32667401432991 0.317588776350021 0.302982985973358 0.288377195596695 0.273771405220032 0.259165614843369 0.244559839367867
0.144633948802948 0.126249834895134 0.107865735888481 0.0894816294312477 0.0710975229740143 0.0527134165167809 0.0343293137848377 0.0159452054649591 0.00855176150798798 0.00482187094166875 0.00109198014251888 -0.00263791065663099 -0.00636780122295022 -0.0100976917892694 -0.01382758282125 -0.0110026728361845 0.0114866374060512 0.0339759476482868 0.0564652569591999 0.0789545699954033 0.101443879306316 0.123933188617229 0.146422505378723 0.162505030632019 0.176451981067657 0.190398931503296 0.204345867037773 0.218292817473412 0.23223976790905 0.246186703443527 0.258631736040115 0.266571044921875 0.274510353803635 0.282449662685394 0.290388971567154 0.298328280448914 0.306267589330673 0.314206898212433 0.307763040065765 0.296524792909622 0.285286545753479 0.274048268795013 0.26281002163887 0.251571774482727
0.12861704826355 0.112003460526466 0.0953898653388023 0.0787762776017189 0.0621626861393452 0.0455490946769714 0.0289355032145977 0.012321911752224 0.00547053199261427 0.00187322264537215 -0.00172408693470061 -0.00532139651477337 -0.00891870632767677 -0.0125160152092576 -0.0161133259534836 -0.0131374467164278 0.00955799780786037 0.0322534441947937 0.0549488887190819 0.07764433324337 0.100339777767658 0.123035222291946 0.145730659365654 0.159923061728477 0.171281114220619 0.182639166712761 0.193997219204903 0.205355271697044 0.216713309288025 0.228071361780167 0.238494291901588 0.246111825108528 0.253729373216629 0.261346906423569 0.268964439630508 0.276581972837448 0.284199506044388 0.291817039251328 0.287611335515976 0.279464513063431 0.271317720413208 0.263170927762985 0.25502410531044 0.246877312660217
0.121691793203354 0.108275659382343 0.0948595181107521 0.0814433842897415 0.0680272430181503 0.0546111091971397 0.0411949716508389 0.0277788322418928 0.0216034445911646 0.017841637134552 0.0140798315405846 0.0103180250152946 0.00655621849000454 0.00279441196471453 -0.000967394444160163 0.00148759491275996 0.0225929711014032 0.0436983481049538 0.0648037269711494 0.0859090983867645 0.10701447725296 0.128119856119156 0.149225234985352 0.1602813154459 0.167987629771233 0.175693929195404 0.183400243520737 0.191106557846069 0.198812872171402 0.206519186496735 0.213926702737808 0.220437809824944 0.226948916912079 0.233460023999214 0.23997113108635 0.246482238173485 0.25299334526062 0.259504467248917 0.257133662700653 0.251802206039429 0.246470779180527 0.241139352321625 0.235807910561562 0.230476468801498
0.114766538143158 0.10454785823822 0.0943291708827019 0.0841104909777641 0.0738918036222458 0.063673123717308 0.0534544363617897 0.0432357527315617 0.0377363562583923 0.0338100530207157 0.0298837497830391 0.0259574465453625 0.0220311433076859 0.0181048400700092 0.01417853590101 0.0161126367747784 0.0356279462575912 0.0551432557404041 0.074658565223217 0.0941738709807396 0.113689184188843 0.133204489946365 0.152719795703888 0.160639554262161 0.164694130420685 0.168748706579208 0.172803282737732 0.176857858896255 0.180912420153618 0.184966996312141 0.189359098672867 0.194763779640198 0.200168460607529 0.20557314157486 0.210977822542191 0.216382503509521 0.221787184476852 0.227191850543022 0.226655974984169 0.224139913916588 0.221623837947845 0.219107776880264 0.216591700911522 0.214075639843941
0.107841283082962 0.100820057094097 0.0937988236546516 0.0867775976657867 0.0797563642263412 0.0727351382374763 0.0657139047980309 0.0586926750838757 0.0538692660629749 0.0497784689068794 0.0456876680254936 0.0415968671441078 0.037506066262722 0.0334152653813362 0.0293244663625956 0.0307376775890589 0.0486629195511341 0.0665881633758545 0.0845134034752846 0.102438643574715 0.120363883674145 0.138289123773575 0.156214371323586 0.160997807979584 0.161400645971298 0.161803469061852 0.162206307053566 0.16260914504528 0.163011983036995 0.163414821028709 0.164791509509087 0.169089764356613 0.173388004302979 0.177686259150505 0.181984513998032 0.186282753944397 0.190581008791924 0.19487926363945 0.196178302168846 0.196477591991425 0.196776896715164 0.197076201438904 0.197375491261482 0.197674795985222
0.100916028022766 0.0970922559499741 0.0932684764266014 0.0894447043538094 0.0856209248304367 0.0817971453070641 0.077973373234272 0.0741495937108994 0.0700021758675575 0.0657468810677528 0.0614915862679482 0.0572362877428532 0.0529809929430485 0.0487256944179535 0.0444703996181488 0.0453627184033394 0.061697892844677 0.0780330672860146 0.0943682417273521 0.110703408718109 0.127038583159447 0.143373757600784 0.159708932042122 0.161356046795845 0.15810714662075 0.154858246445656 0.151609346270561 0.148360446095467 0.145111531019211 0.141862630844116 0.140223920345306 0.143415734171867 0.14660756289959 0.14979937672615 0.152991205453873 0.156183019280434 0.159374848008156 0.162566661834717 0.165700614452362 0.168815284967422 0.171929955482483 0.175044625997543 0.178159281611443 0.181273952126503
