data/working_set_collections/6091692-Cassins_Sparrow-M2/2000/ghland_avg.asc
NCOLS 265 
NROWS 230 
XLLCORNER -115.5625 
YLLCORNER 24.8333333333333 
CELLSIZE 0.0833333333333333 
NODATA_value -9999 
[rows 190 to 208 of 230, columns 176 to 219 of 265]
0.127509281039238 0.130912616848946 0.134315967559814 0.13701106607914 0.137581437826157 0.138151824474335 0.138722196221352 0.13929258286953 0.139862954616547 0.140433341264725 0.141003713011742 0.139051482081413 0.136258378624916 0.133465275168419 0.130672171711922 0.127879053354263 0.125085949897766 0.122292846441269 0.119268618524075 0.115551024675369 0.111833423376083 0.108115829527378 0.104398228228092 0.100680634379387 0.0969630405306816 0.0932454392313957 0.0907382890582085 0.0886346101760864 0.086530938744545 0.0844272673130035 0.0823235958814621 0.0802199244499207 0.0781162455677986 0.0760702267289162 0.0741971805691719 0.072324126958847 0.0704510733485222 0.0685780197381973 0.0667049661278725 0.0648319199681282 0.0629588663578033 0.0606630109250546 0.0582262277603149 0.055789440870285
0.131651446223259 0.133307576179504 0.134963691234589 0.136271983385086 0.136536791920662 0.136801615357399 0.137066423892975 0.137331247329712 0.137596055865288 0.137860879302025 0.138125687837601 0.136689409613609 0.13468611240387 0.13268281519413 0.13067951798439 0.128676205873489 0.12667290866375 0.124669604003429 0.122253783047199 0.118600375950336 0.114946976304054 0.111293576657772 0.10764017701149 0.103986777365208 0.100333370268345 0.0966799706220627 0.094651460647583 0.0931645780801773 0.0916776955127716 0.0901908129453659 0.0887039303779602 0.0872170478105545 0.0857301652431488 0.0841771140694618 0.082425557076931 0.0806740075349808 0.07892245054245 0.0771708935499191 0.0754193365573883 0.0736677795648575 0.0719162300229073 0.0689742937684059 0.0656355619430542 0.0622968375682831
0.137879118323326 0.138979613780975 0.140080094337463 0.140800908207893 0.140382692217827 0.139964491128922 0.139546275138855 0.13912807404995 0.138709858059883 0.138291656970978 0.137873440980911 0.136507660150528 0.134826019406319 0.133144378662109 0.1314627379179 0.129781097173691 0.128099456429482 0.126417800784111 0.124279506504536 0.120771214365959 0.117262922227383 0.113754630088806 0.11024633795023 0.106738045811653 0.103229753673077 0.0997214615345001 0.0973709523677826 0.0954063758254051 0.0934417992830276 0.0914772152900696 0.0895126387476921 0.0875480622053146 0.0855834782123566 0.0839395374059677 0.0832575038075447 0.0825754776597023 0.0818934440612793 0.0812114104628563 0.0805293768644333 0.0798473507165909 0.0791653171181679 0.076302632689476 0.0727130547165871 0.0691234841942787
0.146192312240601 0.14792874455452 0.149665161967278 0.150597810745239 0.14911912381649 0.147640436887741 0.146161749958992 0.144683048129082 0.143204361200333 0.141725674271584 0.140246972441673 0.138506203889847 0.136678084731102 0.134849950671196 0.133021831512451 0.131193712353706 0.1293655782938 0.127537459135056 0.125345796346664 0.122063525021076 0.118781253695488 0.1154989823699 0.112216718494892 0.108934447169304 0.105652175843716 0.102369904518127 0.0988967716693878 0.0953600034117699 0.0918232426047325 0.0882864817976952 0.0847497209906578 0.0812129527330399 0.0776761919260025 0.0753574967384338 0.076693020761013 0.0780285373330116 0.0793640539050102 0.0806995704770088 0.082035094499588 0.0833706110715866 0.0847061276435852 0.0826480239629745 0.0794587060809135 0.0762693881988525
0.154505491256714 0.156877875328064 0.159250244498253 0.160394728183746 0.157855555415154 0.155316382646561 0.152777209877968 0.150238037109375 0.147698864340782 0.145159691572189 0.142620518803596 0.140504762530327 0.138530150055885 0.136555537581444 0.134580925107002 0.132606312632561 0.13063171505928 0.128657102584839 0.126412078738213 0.123355835676193 0.120299585163593 0.117243342101574 0.114187091588974 0.111130848526955 0.108074598014355 0.105018354952335 0.100422583520412 0.0953136384487152 0.090204693377018 0.0850957408547401 0.0799867957830429 0.0748778507113457 0.0697689056396484 0.0667754635214806 0.0701285302639008 0.073481597006321 0.0768346711993217 0.0801877379417419 0.0835408046841621 0.0868938714265823 0.0902469456195831 0.0889934152364731 0.0862043499946594 -9999
0.162818670272827 0.165827006101608 0.168835327029228 0.170191645622253 0.166591987013817 0.16299232840538 0.159392669796944 0.155793026089668 0.152193367481232 0.148593708872795 0.144994050264359 0.142503306269646 0.140382215380669 0.138261124491692 0.136140033602715 0.134018927812576 0.131897836923599 0.129776746034622 0.127478361129761 0.12464814633131 0.121817916631699 0.118987694382668 0.116157472133636 0.113327249884605 0.110497027635574 0.107666797935963 0.101948395371437 0.09526726603508 0.0885861366987228 0.0819050073623657 0.0752238780260086 0.0685427486896515 0.0618616156280041 0.0581934228539467 0.0635640397667885 0.0689346641302109 0.0743052810430527 0.0796758979558945 0.0850465148687363 0.0904171392321587 0.0957877561450005 0.0953388065099716 0.0929499939084053 -9999
0.171131864190102 0.174776121973991 0.178420394659042 0.17998856306076 0.17532841861248 0.170668289065361 0.166008144617081 0.1613480001688 0.156687870621681 0.152027726173401 0.147367581725121 0.144501864910126 0.142234280705452 0.139966711401939 0.137699127197266 0.135431542992592 0.133163973689079 0.130896389484406 0.12854465842247 0.125940456986427 0.123336255550385 0.120732054114342 0.118127852678299 0.115523651242256 0.112919449806213 0.110315248370171 0.103474207222462 0.0952208936214447 0.0869675800204277 0.0787142664194107 0.0704609528183937 0.062207642942667 0.05395432934165 0.0496113859117031 0.0569995529949665 0.0643877238035202 0.0717758908867836 0.0791640654206276 0.086552232503891 0.0939403995871544 0.101328566670418 0.10168419778347 0.0996956452727318 -9999
0.179445043206215 0.183725252747536 0.188005477190018 0.189785480499268 0.184064850211143 0.178344234824181 0.172623604536057 0.166902989149094 0.16118235886097 0.155461743474007 0.149741113185883 0.146500423550606 0.144086346030235 0.141672283411026 0.139258220791817 0.136844158172607 0.134430095553398 0.132016032934189 0.129610940814018 0.127232760190964 0.12485458701849 0.122476406395435 0.120098225772381 0.117720052599907 0.115341871976852 0.112963691353798 0.105000026524067 0.09517452865839 0.0853490307927132 0.0755235329270363 0.0656980350613594 0.0558725371956825 0.0460470393300056 0.0410293489694595 0.0504350662231445 0.0598407872021198 0.0692465081810951 0.0786522254347801 0.0880579426884651 0.0974636673927307 0.106869384646416 0.108029589056969 0.106441289186478 -9999
0.179418608546257 0.183740749955177 0.188062876462936 0.189887493848801 0.184219539165497 0.178551584482193 0.172883629798889 0.167215690016747 0.161547735333443 0.155879780650139 0.150211825966835 0.147265285253525 0.145225867629051 0.143186464905739 0.141147047281265 0.139107644557953 0.137068226933479 0.135028824210167 0.132977694272995 0.130891412496567 0.1288051456213 0.126718863844872 0.124632589519024 0.122546307742596 0.120460033416748 0.1183737590909 0.109632641077042 0.0986732393503189 0.0877138376235962 0.0767544358968735 0.0657950341701508 0.0548356287181377 0.043876226991415 0.0380244478583336 0.0474955327808857 0.0569666177034378 0.0664376989006996 0.075908787548542 0.0853798687458038 0.0948509573936462 0.104322038590908 0.106275536119938 0.105723172426224 0.10517080873251
0.171052575111389 0.174822598695755 0.178592622280121 0.18029460310936 0.175792470574379 0.171290352940559 0.166788220405579 0.162286087870598 0.157783970236778 0.153281837701797 0.148779705166817 0.146796464920044 0.1456528455019 0.144509226083755 0.143365606665611 0.142221972346306 0.141078352928162 0.139934733510017 0.138644903898239 0.136916399002075 0.135187909007072 0.13345941901207 0.131730929017067 0.130002439022064 0.1282739341259 0.126545444130898 0.117372050881386 0.105717025697231 0.0940620005130768 0.0824069753289223 0.0707519426941872 0.059096921235323 0.0474418923258781 0.0405966900289059 0.04818095266819 0.0557652190327644 0.0633494853973389 0.0709337443113327 0.0785180106759071 0.0861022770404816 0.0936865359544754 0.0964220464229584 0.0975412949919701 -9999
0.16268652677536 0.165904447436333 0.169122353196144 0.170701712369919 0.167365401983261 0.164029106497765 0.160692796111107 0.15735650062561 0.154020190238953 0.150683894753456 0.147347584366798 0.146327644586563 0.146079808473587 0.145831972360611 0.145584151148796 0.14533631503582 0.145088493824005 0.144840657711029 0.144312113523483 0.142941400408745 0.141570687294006 0.140199974179268 0.138829261064529 0.137458547949791 0.136087834835052 0.134717136621475 0.12511146068573 0.112760812044144 0.100410163402557 0.0880595147609711 0.0757088586688042 0.0633582100272179 0.0510075576603413 0.0431689284741879 0.0488663725554943 0.0545638166368008 0.0602612607181072 0.065958708524704 0.0716561526060104 0.0773535966873169 -9999 -9999 0.0893594175577164 -9999
0.154320493340492 0.156986281275749 0.159652084112167 0.161108821630478 0.158938333392143 0.15676786005497 0.154597386717796 0.152426898479462 0.150256425142288 0.148085951805115 0.14591546356678 0.145858824253082 0.146506771445274 0.147154733538628 0.147802695631981 0.148450657725334 0.149098619818687 0.149746581912041 0.149979323148727 0.148966386914253 0.14795346558094 0.146940529346466 0.145927608013153 0.144914671778679 0.143901750445366 0.142888814210892 0.132850885391235 0.119804605841637 0.106758326292038 0.0937120467424393 0.0806657746434212 0.0676194950938225 0.0545732229948044 0.0457411706447601 0.0495517961680889 0.0533624179661274 0.0571730434894562 0.0609836652874947 0.0647942870855331 0.0686049088835716 0.0724155381321907 -9999 -9999 -9999
0.145954445004463 0.148068130016327 0.150181829929352 0.151515930891037 0.150511264801025 0.149506613612175 0.148501962423325 0.147497311234474 0.146492660045624 0.145487993955612 0.144483342766762 0.14538998901844 0.146933749318123 0.148477494716644 0.150021255016327 0.151565000414848 0.15310874581337 0.154652506113052 0.15564651787281 0.154991373419762 0.154336228966713 0.153681084513664 0.153025940060616 0.152370795607567 0.151715651154518 0.151060506701469 0.14059029519558 0.126848384737968 0.113106489181519 0.0993645861744881 0.0856226906180382 0.0718807876110077 0.0581388883292675 0.0483134128153324 0.0502372160553932 0.052161019295454 0.0540848225355148 0.0560086257755756 0.0579324290156364 0.0598562322556973 0.0617800354957581 0.0668615624308586 -9999 -9999
0.137588396668434 0.139149978756905 0.140711560845375 0.141923040151596 0.142084211111069 0.142245382070541 0.142406553030014 0.142567709088326 0.142728880047798 0.142890051007271 0.143051221966743 0.144921168684959 0.14736071228981 0.149800255894661 0.152239799499512 0.154679343104362 0.157118871808052 0.159558415412903 0.161313727498055 0.161016374826431 0.160719007253647 0.160421639680862 0.160124287009239 0.159826919436455 0.15952955186367 0.159232184290886 0.148329704999924 0.133892178535461 0.119454652070999 0.105017125606537 0.0905795991420746 0.0761420801281929 0.0617045499384403 0.0508856512606144 0.0509226359426975 0.0509596168994904 0.0509966015815735 0.0510335862636566 0.0510705672204494 0.0511075519025326 0.0511445328593254 0.0570080652832985 0.0648137778043747 -9999
0.131940811872482 0.13411645591259 0.136292085051537 0.13814577460289 0.139033585786819 0.139921382069588 0.140809193253517 0.141697004437447 0.142584815621376 0.143472626805305 0.144360423088074 0.146607041358948 0.14930659532547 0.152006149291992 0.154705688357353 0.157405242323875 0.160104796290398 0.16280435025692 0.164653897285461 0.163953483104706 0.163253054022789 0.162552624940872 0.161852195858955 0.161151766777039 0.160451337695122 0.159750923514366 0.149070680141449 0.135063841938972 0.121056996285915 0.107050150632858 0.0930433124303818 0.0790364667773247 0.0650296285748482 0.0542899928987026 0.0533519834280014 0.0524139702320099 0.0514759607613087 0.0505379475653172 0.0495999380946159 0.0486619286239147 0.0477239154279232 0.0533057488501072 0.0612146481871605 -9999
0.129011690616608 0.132967561483383 0.136923417448997 0.140184134244919 0.141359403729439 0.142534658312798 0.143709912896156 0.144885167479515 0.146060436964035 0.147235691547394 0.148410946130753 0.150447592139244 0.152771383523941 0.155095160007477 0.157418936491013 0.15974272787571 0.162066504359245 0.164390280842781 0.165667042136192 0.163802698254585 0.161938369274139 0.160074025392532 0.158209696412086 0.156345352530479 0.154481023550034 0.152616679668427 0.142813205718994 0.13036336004734 0.117913514375687 0.105463668704033 0.0930138155817986 0.0805639699101448 0.0681141167879105 0.0585264377295971 0.0575252585113049 0.0565240792930126 0.0555229000747204 0.0545217208564281 0.0535205416381359 0.0525193624198437 0.0515181832015514 0.0558174028992653 0.0622591972351074 -9999
0.126082569360733 0.131818667054176 0.137554749846458 0.142222508788109 0.143685221672058 0.145147919654846 0.146610632538795 0.148073345422745 0.149536058306694 0.150998756289482 0.152461469173431 0.154288157820702 0.156236171722412 0.158184170722961 0.160132184624672 0.162080198526382 0.164028212428093 0.165976226329803 0.166680172085762 0.163651928305626 0.16062368452549 0.157595425844193 0.154567182064056 0.15153893828392 0.148510694503784 0.145482450723648 0.1365557461977 0.12566289305687 0.114770032465458 0.103877179324627 0.0929843187332153 0.0820914655923843 0.0711986050009727 0.0627628788352013 0.0616985335946083 0.060634184628725 0.0595698356628418 0.0585054904222488 0.0574411414563656 0.0563767962157726 0.0553124472498894 -9999 0.063393734395504 -9999
0.123153440654278 0.130669757723808 0.138186082243919 0.144260868430138 0.146011024713516 0.147761195898056 0.149511352181435 0.151261508464813 0.153011664748192 0.154761835932732 0.15651199221611 0.158128708600998 0.159700959920883 0.161273196339607 0.162845432758331 0.164417684078217 0.165989920496941 0.167562156915665 0.167693302035332 0.163501143455505 0.159308984875679 0.155116841197014 0.150924682617188 0.146732524037361 0.142540365457535 0.13834822177887 0.130298286676407 0.120962418615818 0.111626550555229 0.102290689945221 0.0929548293352127 0.0836189612746239 0.0742831006646156 0.0669993236660957 0.0658718049526215 0.0647442936897278 0.0636167749762535 0.0624892599880695 0.0613617449998856 0.0602342300117016 0.0591067112982273 0.0611074343323708 -9999 -9999
0.120224311947823 0.129520863294601 0.13881741464138 0.146299242973328 0.148336842656136 0.150374457240105 0.152412071824074 0.154449686408043 0.156487286090851 0.15852490067482 0.160562515258789 0.161969274282455 0.163165733218193 0.164362207055092 0.165558680891991 0.166755154728889 0.167951628565788 0.169148102402687 0.168706431984901 0.163350373506546 0.157994300127029 0.152638241648674 0.147282183170319 0.141926109790802 0.136570051312447 0.13121397793293 0.124040812253952 0.116261944174767 0.108483076095581 0.100704200565815 0.0929253324866295 0.0851464569568634 0.0773675888776779 0.0712357610464096 0.0700450837612152 0.0688543990254402 0.0676637142896652 0.0664730295538902 0.0652823448181152 0.0640916600823402 0.0629009753465652 0.0638954266905785 0.0659836903214455 -9999
