data/working_set_collections/6091692-Cassins_Sparrow-M2/2000/gwetroot_avg.asc
NCOLS 265 
NROWS 230 
XLLCORNER -115.5625 
YLLCORNER 24.8333333333333 
CELLSIZE 0.0833333333333333 
NODATA_value -9999 
[rows 0 to 19 of 230, columns 132 to 175 of 265]
0.417758107185364 0.416659027338028 0.415479332208633 0.414057791233063 0.41263622045517 0.411214649677277 0.409793078899384 0.40837150812149 0.406949937343597 0.405528366565704 0.413208335638046 0.423922121524811 0.434635907411575 0.44534969329834 0.456063479185104 0.466777265071869 0.477491050958633 0.486309498548508 0.489441931247711 0.492574363946915 0.495706796646118 0.498839199542999 0.501971662044525 0.505104064941406 0.508236527442932 0.507766127586365 0.506094872951508 0.50442361831665 0.502752304077148 0.501081049442291 0.499409794807434 0.497738510370255 0.496171027421951 0.49491485953331 0.493658721446991 0.49240255355835 0.491146415472031 0.489890247583389 0.48863410949707 0.487377941608429 0.488074272871017 0.489421457052231 0.490768611431122 0.492115765810013
0.417623311281204 0.416825503110886 0.415800452232361 0.414093792438507 0.412387102842331 0.410680443048477 0.408973753452301 0.407267093658447 0.405560404062271 0.403853744268417 0.411630690097809 0.422568827867508 0.433506965637207 0.444445103406906 0.455383241176605 0.466321378946304 0.477259546518326 0.486242353916168 0.489359170198441 0.492476016283035 0.495592832565308 0.498709678649902 0.501826524734497 0.504943311214447 0.508060157299042 0.505526661872864 0.501109719276428 0.496692806482315 0.49227586388588 0.487858921289444 0.483441978693008 0.479025065898895 0.475595623254776 0.475128680467606 0.474661737680435 0.474194794893265 0.473727852106094 0.473260909318924 0.472793966531754 0.472327023744583 0.474598348140717 0.477782428264618 0.480966508388519 0.484150588512421
0.417488515377045 0.416991949081421 0.416121572256088 0.414129793643951 0.412138015031815 0.410146236419678 0.408154457807541 0.406162679195404 0.404170900583267 0.402179092168808 0.410053044557571 0.421215534210205 0.432378023862839 0.443540543317795 0.454703032970428 0.465865522623062 0.477028042078018 0.486175209283829 0.489276438951492 0.492377668619156 0.495478898286819 0.498580127954483 0.501681327819824 0.504782557487488 0.507883787155151 0.503287196159363 0.496124595403671 0.48896199464798 0.481799393892288 0.474636793136597 0.467474192380905 0.460311591625214 0.455020219087601 0.455342501401901 0.455664753913879 0.45598703622818 0.45630931854248 0.456631571054459 0.456953853368759 0.45727613568306 0.461122423410416 0.466143429279327 0.471164405345917 0.476185381412506
0.417353719472885 0.417158424854279 0.416442692279816 0.414165824651718 0.411888927221298 0.409612029790878 0.407335132360458 0.405058234930038 0.402781367301941 0.400504469871521 0.408475399017334 0.419862240552902 0.43124908208847 0.442635953426361 0.454022794961929 0.46540966629982 0.476796507835388 0.486108064651489 0.489193707704544 0.492279320955276 0.495364964008331 0.498450577259064 0.501536190509796 0.504621863365173 0.507707476615906 0.501047670841217 0.491139441728592 0.481231182813644 0.471322923898697 0.461414664983749 0.451506406068802 0.441598147153854 0.434444814920425 0.435556292533875 0.436667799949646 0.437779277563095 0.438890755176544 0.440002262592316 0.441113740205765 0.442225217819214 0.447646498680115 0.454504400491714 0.461362302303314 0.468220204114914
0.417218953371048 0.417324870824814 0.416763812303543 0.414201825857162 0.411639839410782 0.409077823162079 0.406515836715698 0.403953820466995 0.401391834020615 0.398829817771912 0.406897723674774 0.418508946895599 0.430120170116425 0.441731363534927 0.453342586755753 0.464953809976578 0.476565003395081 0.48604092001915 0.489110946655273 0.492180973291397 0.495250999927521 0.498321056365967 0.501391053199768 0.504461109638214 0.507531106472015 0.498808205127716 0.486154288053513 0.473500370979309 0.460846453905106 0.448192536830902 0.435538619756699 0.422884702682495 0.41386941075325 0.41577011346817 0.41767081618309 0.41957151889801 0.42147222161293 0.42337292432785 0.425273597240448 0.427174299955368 0.434170573949814 0.442865401506424 0.451560199260712 0.460254997014999
0.417084157466888 0.417491346597672 0.41708493232727 0.414237827062607 0.411390721797943 0.408543616533279 0.405696511268616 0.402849406003952 0.400002300739288 0.397155195474625 0.405320078134537 0.417155653238297 0.428991228342056 0.440826803445816 0.452662378549576 0.464497923851013 0.476333498954773 0.48597377538681 0.489028215408325 0.49208265542984 0.495137065649033 0.498191505670547 0.50124591588974 0.504300355911255 0.50735479593277 0.496568709611893 0.481169134378433 0.465769559144974 0.450369983911514 0.434970378875732 0.419570803642273 0.404171228408813 0.393294036388397 0.395983934402466 0.398673862218857 0.401363760232925 0.404053658246994 0.406743586063385 0.409433484077454 0.412123411893845 0.420694649219513 0.431226372718811 0.441758096218109 0.452289819717407
0.417644292116165 0.418498873710632 0.41854977607727 0.416189730167389 0.413829684257507 0.411469608545303 0.409109562635422 0.40674951672554 0.404389470815659 0.402029424905777 0.4097760617733 0.420891582965851 0.432007074356079 0.44312259554863 0.45423811674118 0.465353637933731 0.476469159126282 0.485235422849655 0.486953914165497 0.488672375679016 0.490390837192535 0.492109328508377 0.493827790021896 0.495546251535416 0.497264742851257 0.485583275556564 0.469435155391693 0.453287065029144 0.437138944864273 0.420990854501724 0.404842734336853 0.388694614171982 0.37721598148346 0.379745781421661 0.382275581359863 0.384805381298065 0.387335181236267 0.389864951372147 0.392394751310349 0.39492455124855 0.403671771287918 0.414491474628448 0.425311148166656 0.436130851507187
0.418899357318878 0.420347452163696 0.421158313751221 0.420057475566864 0.41895666718483 0.417855829000473 0.416754990816116 0.415654182434082 0.414553344249725 0.413452506065369 0.42026561498642 0.429716676473618 0.439167737960815 0.448618799448013 0.458069890737534 0.467520952224731 0.476972013711929 0.483825862407684 0.482888013124466 0.481950163841248 0.481012344360352 0.480074495077133 0.479136675596237 0.478198826313019 0.4772609770298 0.465851902961731 0.450952380895615 0.436052888631821 0.421153366565704 0.40625387430191 0.391354382038116 0.376454859972 0.365635335445404 0.367055684328079 0.368476033210754 0.36989638209343 0.371316730976105 0.37273707985878 0.374157428741455 0.37557777762413 0.383101910352707 0.392660647630692 0.402219355106354 0.411778092384338
0.420154422521591 0.42219603061676 0.423766851425171 0.423925250768661 0.424083650112152 0.424242049455643 0.424400418996811 0.424558818340302 0.424717217683792 0.424875617027283 0.430755168199539 0.438541799783707 0.446328401565552 0.454115003347397 0.461901634931564 0.469688236713409 0.477474838495255 0.482416272163391 0.478822112083435 0.475227981805801 0.471633821725845 0.468039691448212 0.464445531368256 0.460851401090622 0.457257241010666 0.446120530366898 0.432469636201859 0.418818712234497 0.405167818069458 0.391516923904419 0.377865999937057 0.364215105772018 0.354054659605026 0.354365557432175 0.354676455259323 0.354987353086472 0.355298280715942 0.355609178543091 0.355920076370239 0.356230974197388 0.362532049417496 0.370829820632935 0.379127591848373 0.387425363063812
0.421409487724304 0.424044638872147 0.426375389099121 0.427793025970459 0.429210633039474 0.43062824010849 0.432045876979828 0.433463484048843 0.434881091117859 0.436298727989197 0.441244751214981 0.447366893291473 0.453489065170288 0.45961120724678 0.465733379125595 0.471855521202087 0.477977693080902 0.481006681919098 0.474756240844727 0.468505769968033 0.462255328893661 0.456004858016968 0.449754416942596 0.443503946065903 0.437253504991531 0.426389157772064 0.41398686170578 0.401584535837173 0.389182239770889 0.376779943704605 0.364377647638321 0.351975351572037 0.342473983764648 0.34167543053627 0.340876907110214 0.340078353881836 0.33927983045578 0.338481277227402 0.337682753801346 0.336884200572968 0.341962188482285 0.348998993635178 0.356035798788071 0.363072603940964
0.422664552927017 0.425893217325211 0.428983926773071 0.431660771369934 0.434337615966797 0.43701446056366 0.439691305160522 0.442368119955063 0.445044964551926 0.447721809148788 0.451734304428101 0.456192016601562 0.460649698972702 0.465107411146164 0.469565123319626 0.474022835493088 0.478480517864227 0.479597121477127 0.470690339803696 0.461783587932587 0.452876806259155 0.443970054388046 0.435063272714615 0.426156520843506 0.417249739170074 0.406657785177231 0.395504087209702 0.384350389242172 0.373196661472321 0.362042963504791 0.350889265537262 0.339735567569733 0.330893307924271 0.328985333442688 0.327077329158783 0.3251693546772 0.323261380195618 0.321353375911713 0.31944540143013 0.317537426948547 0.321392327547073 0.327168166637421 0.332944005727768 0.338719874620438
0.42391961812973 0.427741825580597 0.431592494249344 0.435528546571732 0.439464598894119 0.443400651216507 0.447336733341217 0.451272785663605 0.455208837985992 0.459144920110703 0.46222385764122 0.465017110109329 0.467810362577438 0.470603615045547 0.473396867513657 0.476190119981766 0.478983372449875 0.478187531232834 0.466624468564987 0.455061376094818 0.443498313426971 0.431935220956802 0.420372158288956 0.408809065818787 0.39724600315094 0.386926412582397 0.377021312713623 0.367116212844849 0.357211112976074 0.3473060131073 0.337400913238525 0.327495813369751 0.319312632083893 0.316295206546783 0.313277781009674 0.310260355472565 0.307242929935455 0.304225504398346 0.301208078861237 0.298190653324127 0.30082243680954 0.305337339639664 0.309852242469788 0.314367115497589
0.420150548219681 0.423852890729904 0.42769268155098 0.431944847106934 0.43619704246521 0.440449237823486 0.44470140337944 0.448953598737717 0.453205764293671 0.457457959651947 0.459957420825958 0.461872637271881 0.463787853717804 0.465703070163727 0.46761828660965 0.469533503055573 0.471448719501495 0.469758421182632 0.457251638174057 0.444744884967804 0.432238101959229 0.419731318950653 0.407224535942078 0.394717752933502 0.382210969924927 0.371578305959702 0.361570358276367 0.35156238079071 0.341554403305054 0.331546455621719 0.321538478136063 0.311530500650406 0.303186476230621 0.299834251403809 0.296482026576996 0.293129771947861 0.289777547121048 0.286425322294235 0.283073097467422 0.27972087264061 0.281492978334427 0.284973204135895 0.288453429937363 0.291933625936508
0.411357372999191 0.414226442575455 0.417284518480301 0.420909732580185 0.424534946680069 0.428160130977631 0.431785345077515 0.435410559177399 0.43903574347496 0.442660957574844 0.444934964179993 0.446758568286896 0.448582142591476 0.45040574669838 0.452229350805283 0.454052954912186 0.455876559019089 0.454309791326523 0.44257190823555 0.430834054946899 0.419096171855927 0.407358318567276 0.395620435476303 0.383882582187653 0.37214469909668 0.360613524913788 0.349151194095612 0.337688893079758 0.326226592063904 0.314764261245728 0.303301960229874 0.29183965921402 0.282514810562134 0.279602438211441 0.276690036058426 0.273777663707733 0.270865261554718 0.267952859401703 0.26504048705101 0.262128084897995 0.263403862714767 0.266075730323792 0.268747568130493 0.271419405937195
0.402564197778702 0.404599994421005 0.406876385211945 0.409874618053436 0.412872821092606 0.415871053934097 0.418869286775589 0.421867489814758 0.42486572265625 0.427863955497742 0.429912507534027 0.431644469499588 0.433376461267471 0.435108453035355 0.436840415000916 0.438572406768799 0.440304398536682 0.438861131668091 0.427892178297043 0.416923224925995 0.405954271554947 0.394985318183899 0.384016364812851 0.373047381639481 0.362078428268433 0.349648714065552 0.336732059717178 0.323815405368805 0.310898751020432 0.297982096672058 0.285065442323685 0.272148787975311 0.261843174695969 0.259370625019073 0.256898075342178 0.254425525665283 0.251952975988388 0.249480411410332 0.247007861733437 0.244535312056541 0.24531477689743 0.247178241610527 0.249041721224785 0.250905185937881
0.393771052360535 0.394973546266556 0.396468222141266 0.398839473724365 0.401210725307465 0.403581976890564 0.405953228473663 0.40832445025444 0.41069570183754 0.413066953420639 0.414890021085739 0.416530400514603 0.418170779943466 0.419811129570007 0.421451508998871 0.423091858625412 0.424732238054276 0.423412501811981 0.413212448358536 0.40301239490509 0.392812371253967 0.382612317800522 0.372412264347076 0.362212210893631 0.352012157440186 0.338683903217316 0.324312925338745 0.309941917657852 0.295570939779282 0.281199932098389 0.266828954219818 0.252457946538925 0.241171523928642 0.239138811826706 0.23710609972477 0.235073387622833 0.233040675520897 0.231007963418961 0.228975236415863 0.226942524313927 0.227225676178932 0.228280767798424 0.229335874319077 0.230390965938568
0.384977877140045 0.385347098112106 0.38606008887291 0.387804359197617 0.389548629522324 0.391292870044708 0.393037140369415 0.394781410694122 0.396525681018829 0.398269951343536 0.399867564439774 0.401416331529617 0.402965068817139 0.404513835906982 0.406062573194504 0.407611340284348 0.409160077571869 0.407963871955872 0.398532718420029 0.389101594686508 0.379670441150665 0.370239317417145 0.360808163881302 0.351377040147781 0.341945886611938 0.32771909236908 0.31189376115799 0.296068429946899 0.280243098735809 0.264417767524719 0.248592436313629 0.232767090201378 0.220499873161316 0.218906998634338 0.217314124107361 0.215721249580383 0.214128375053406 0.212535500526428 0.210942625999451 0.209349751472473 0.209136575460434 0.20938329398632 0.209630027413368 0.209876745939255
0.376184701919556 0.375720649957657 0.375651925802231 0.376769214868546 0.37788650393486 0.379003793001175 0.38012108206749 0.381238371133804 0.382355660200119 0.383472949266434 0.384845107793808 0.386302262544632 0.387759387493134 0.389216512441635 0.390673667192459 0.392130792140961 0.393587917089462 0.39251521229744 0.383852988481522 0.375190764665604 0.366528540849686 0.357866317033768 0.349204063415527 0.340541839599609 0.331879615783691 0.316754311323166 0.299474626779556 0.282194942235947 0.264915287494659 0.24763560295105 0.23035591840744 0.213076248764992 0.19982822239399 0.198675185441971 0.197522148489952 0.196369126439095 0.195216089487076 0.194063052535057 0.192910015583038 0.19175697863102 0.191047474741936 0.190485820174217 0.189924165606499 0.189362525939941
0.371521651744843 0.370564877986908 0.370030552148819 0.370763570070267 0.371496558189392 0.37222957611084 0.372962564229965 0.373695582151413 0.374428570270538 0.375161588191986 0.376343727111816 0.377675563097 0.379007428884506 0.38033926486969 0.381671130657196 0.383002996444702 0.384334832429886 0.383050233125687 0.373916208744049 0.364782154560089 0.355648130178452 0.346514105796814 0.337380081415176 0.328246027231216 0.319112002849579 0.304107874631882 0.287147045135498 0.270186185836792 0.253225356340408 0.236264526844025 0.219303697347641 0.202342852950096 0.189376696944237 0.188394591212273 0.187412470579147 0.186430364847183 0.185448244214058 0.184466123580933 0.183484017848969 0.182501897215843 0.181608363986015 0.180744364857674 0.179880350828171 0.179016351699829
0.370988696813583 0.36987978219986 0.369195967912674 0.369787365198135 0.370378792285919 0.370970189571381 0.371561616659164 0.372153013944626 0.37274444103241 0.373335838317871 0.374363362789154 0.375536292791367 0.376709192991257 0.377882093191147 0.379055023193359 0.38022792339325 0.38140082359314 0.379568874835968 0.368722349405289 0.357875794172287 0.347029238939285 0.336182683706284 0.325336158275604 0.314489603042603 0.303643047809601 0.289779812097549 0.274910986423492 0.260042190551758 0.245173364877701 0.230304554104805 0.215435743331909 0.200566932559013 0.189145296812057 0.188065186142921 0.186985075473785 0.185904964804649 0.184824854135513 0.183744743466377 0.182664632797241 0.181584522128105 0.180819243192673 0.180158913135529 0.179498583078384 0.178838238120079
