data/working_set_collections/6091692-Cassins_Sparrow-M2/2000/gwetprof_avg.asc
NCOLS 265 
NROWS 230 
XLLCORNER -115.5625 
YLLCORNER 24.8333333333333 
CELLSIZE 0.0833333333333333 
NODATA_value -9999 
[rows 20 to 39 of 230, columns 132 to 175 of 265]
0.382460385560989 0.380755841732025 0.379606038331985 0.380120366811752 0.380634695291519 0.381149053573608 0.381663382053375 0.382177710533142 0.382692039012909 0.383206397294998 0.384312987327576 0.385616987943649 0.386921018362045 0.388225018978119 0.389529049396515 0.390833050012589 0.392137080430984 0.390295594930649 0.379017561674118 0.36773955821991 0.356461524963379 0.345183521509171 0.33390548825264 0.322627484798431 0.311349451541901 0.299032300710678 0.286368757486343 0.273705214262009 0.261041671037674 0.248378127813339 0.235714599490166 0.223051056265831 0.213149532675743 0.211534082889557 0.209918618202209 0.208303168416023 0.206687718629837 0.20507225394249 0.203456804156303 0.201841354370117 0.200996339321136 0.200408130884171 0.199819937348366 0.1992317289114
0.382002919912338 0.38011109828949 0.37877893447876 0.379125654697418 0.379472345113754 0.379819065332413 0.380165755748749 0.380512446165085 0.380859166383743 0.381205856800079 0.382105469703674 0.383189380168915 0.384273320436478 0.385357230901718 0.386441141366959 0.387525051832199 0.38860896229744 0.38624894618988 0.3735571205616 0.360865294933319 0.348173469305038 0.335481643676758 0.322789818048477 0.310097992420197 0.297406196594238 0.286144942045212 0.275360524654388 0.264576137065887 0.253791749477386 0.243007346987724 0.232222959399223 0.221438556909561 0.212908774614334 0.211142838001251 0.209376886487007 0.207610949873924 0.20584499835968 0.204079061746597 0.202313110232353 0.20054717361927 0.199873715639114 0.199564427137375 0.199255123734474 0.198945835232735
0.381545424461365 0.379466354846954 0.377951830625534 0.378130912780762 0.378309994935989 0.378489047288895 0.378668129444122 0.37884721159935 0.379026293754578 0.379205346107483 0.379897981882095 0.380761802196503 0.381625592708588 0.382489413022995 0.383353233337402 0.384217023849487 0.385080844163895 0.382202297449112 0.368096679449081 0.353991031646729 0.339885413646698 0.325779795646667 0.311674177646637 0.297568529844284 0.283462911844254 0.273257583379745 0.264352321624756 0.255447059869766 0.246541827917099 0.237636566162109 0.228731319308281 0.219826072454453 0.212668031454086 0.210751593112946 0.208835154771805 0.206918731331825 0.205002292990685 0.203085869550705 0.201169431209564 0.199252992868423 0.198751106858253 0.198720708489418 0.198690325021744 0.19865994155407
0.381087929010391 0.378821611404419 0.377124726772308 0.377136170864105 0.377147614955902 0.377159059047699 0.377170503139496 0.377181947231293 0.37719339132309 0.377204835414886 0.377690494060516 0.378334194421768 0.37897789478302 0.379621595144272 0.380265325307846 0.380909025669098 0.38155272603035 0.378155648708344 0.362636208534241 0.34711679816246 0.331597357988358 0.316077947616577 0.300558507442474 0.285039067268372 0.269519656896591 0.260370194911957 0.253344088792801 0.246317997574806 0.23929189145565 0.232265785336494 0.225239679217339 0.218213573098183 0.212427273392677 0.21036034822464 0.208293423056602 0.206226512789726 0.204159587621689 0.202092662453651 0.200025752186775 0.197958827018738 0.197628483176231 0.197877004742622 0.198125526309013 0.198374047875404
0.380869537591934 0.378497272729874 0.376715987920761 0.376707702875137 0.376699417829514 0.37669113278389 0.376682877540588 0.376674592494965 0.376666307449341 0.376658022403717 0.377021700143814 0.377509325742722 0.377996981143951 0.378484606742859 0.378972262144089 0.379459887742996 0.379947543144226 0.376476943492889 0.361131638288498 0.345786333084106 0.330441057682037 0.315095752477646 0.299750447273254 0.284405142068863 0.269059836864471 0.260870724916458 0.255066990852356 0.249263256788254 0.243459522724152 0.237655788660049 0.231852054595947 0.226048320531845 0.220892131328583 0.217678621411324 0.214465111494064 0.211251586675644 0.208038076758385 0.204824551939964 0.201611042022705 0.198397517204285 0.198113098740578 0.198805034160614 0.19949696958065 0.200188905000687
0.380890250205994 0.378493309020996 0.37672558426857 0.376845479011536 0.376965403556824 0.377085298299789 0.377205193042755 0.377325117588043 0.377445012331009 0.377564936876297 0.377891629934311 0.378287225961685 0.378682851791382 0.379078447818756 0.379474073648453 0.379869669675827 0.380265295505524 0.37716618180275 0.363582938909531 0.349999696016312 0.336416453123093 0.322833240032196 0.309249997138977 0.295666754245758 0.282083511352539 0.274759083986282 0.269520968198776 0.264282822608948 0.259044677019119 0.253806561231613 0.248568415641785 0.243330284953117 0.238062635064125 0.232706412672997 0.227350190281868 0.221993967890739 0.216637745499611 0.211281538009644 0.205925315618515 0.200569093227386 0.200204938650131 0.201504796743393 0.202804654836655 0.204104527831078
0.380910933017731 0.378489345312119 0.376735150814056 0.376983255147934 0.377231359481812 0.377479463815689 0.377727538347244 0.377975642681122 0.378223747014999 0.378471821546555 0.378761529922485 0.379065126180649 0.379368722438812 0.379672288894653 0.379975885152817 0.380279451608658 0.380583047866821 0.37785542011261 0.366034239530563 0.354213058948517 0.34239187836647 0.330570697784424 0.318749517202377 0.306928336620331 0.295107156038284 0.288647472858429 0.283974945545197 0.279302388429642 0.274629861116409 0.269957333803177 0.265284776687622 0.26061224937439 0.255233108997345 0.247734189033508 0.240235269069672 0.232736349105835 0.225237429141998 0.217738509178162 0.210239589214325 0.202740669250488 0.202296778559685 0.204204559326172 0.20611235499382 0.208020135760307
0.38093164563179 0.378485381603241 0.376744747161865 0.377121031284332 0.377497315406799 0.377873599529266 0.378249883651733 0.3786261677742 0.379002451896667 0.379378736019135 0.379631459712982 0.379843026399612 0.38005456328392 0.380266129970551 0.380477666854858 0.380689233541489 0.380900800228119 0.37854465842247 0.368485540151596 0.358426421880722 0.348367303609848 0.338308185338974 0.3282490670681 0.318189948797226 0.308130830526352 0.302535831928253 0.298428893089294 0.294321984052658 0.290215045213699 0.286108106374741 0.282001167535782 0.277894228696823 0.272403597831726 0.262761980295181 0.253120362758636 0.24347873032093 0.233837112784386 0.22419548034668 0.214553862810135 0.204912230372429 0.204388618469238 0.206904321908951 0.209420040249825 0.211935758590698
0.380952328443527 0.378481417894363 0.376754343509674 0.377258807420731 0.377763271331787 0.378267765045166 0.378772228956223 0.379276692867279 0.379781156778336 0.380285620689392 0.380501389503479 0.380620926618576 0.380740433931351 0.380859971046448 0.380979478359222 0.381099015474319 0.381218522787094 0.37923389673233 0.370936840772629 0.362639784812927 0.354342728853226 0.346045672893524 0.337748616933823 0.329451560974121 0.32115450501442 0.3164242208004 0.312882870435715 0.309341549873352 0.305800199508667 0.302258849143982 0.298717528581619 0.295176178216934 0.289574086666107 0.277789771556854 0.266005456447601 0.254221111536026 0.242436781525612 0.230652451515198 0.218868136405945 0.207083806395531 0.206480443477631 0.20960408449173 0.212727725505829 0.215851366519928
0.380973011255264 0.378477454185486 0.376763939857483 0.377396583557129 0.378029257059097 0.378661900758743 0.379294574260712 0.379927217960358 0.380559891462326 0.381192535161972 0.381371319293976 0.38139882683754 0.381426304578781 0.381453812122345 0.381481289863586 0.38150879740715 0.381536275148392 0.379923164844513 0.373388141393661 0.366853147745132 0.360318154096603 0.353783160448074 0.347248166799545 0.340713143348694 0.334178149700165 0.330312609672546 0.327336847782135 0.324361115694046 0.321385383605957 0.318409621715546 0.315433889627457 0.312458157539368 0.306744575500488 0.292817562818527 0.278890520334244 0.264963507652283 0.251036465167999 0.237109437584877 0.223182410001755 0.209255367517471 0.208572283387184 0.21230386197567 0.216035425662994 0.219766989350319
0.381355732679367 0.378972232341766 0.377343744039536 0.377980262041092 0.378616750240326 0.379253268241882 0.379889786243439 0.380526274442673 0.381162792444229 0.381799280643463 0.381967931985855 0.381980657577515 0.381993353366852 0.382006078958511 0.382018804550171 0.382031500339508 0.382044225931168 0.380427211523056 0.373921006917953 0.367414832115173 0.360908657312393 0.354402482509613 0.347896307706833 0.341390132904053 0.33488392829895 0.332403987646103 0.331266105175018 0.330128222703934 0.328990340232849 0.327852457761765 0.32671457529068 0.325576692819595 0.321148157119751 0.30684757232666 0.292547017335892 0.278246462345123 0.263945877552032 0.249645322561264 0.235344752669334 0.221044197678566 0.219881758093834 0.22309872508049 0.226315677165985 0.22953262925148
0.382100462913513 0.37996581196785 0.378493815660477 0.379009813070297 0.37952584028244 0.380041837692261 0.380557864904404 0.381073862314224 0.381589889526367 0.382105886936188 0.382291287183762 0.382366448640823 0.382441639900208 0.382516801357269 0.382591962814331 0.382667154073715 0.382742315530777 0.380746066570282 0.372535467147827 0.364324867725372 0.356114268302917 0.34790363907814 0.339693039655685 0.331482440233231 0.323271840810776 0.322698384523392 0.324670612812042 0.326642870903015 0.328615099191666 0.330587327480316 0.332559585571289 0.33453181385994 0.33278477191925 0.319879829883575 0.306974917650223 0.294069975614548 0.281165033578873 0.26826012134552 0.255355179309845 0.242450267076492 0.240408882498741 0.24198867380619 0.243568480014801 0.24514827132225
0.382845193147659 0.380959361791611 0.379643857479095 0.380039364099503 0.380434900522232 0.380830407142639 0.381225943565369 0.381621450185776 0.382016986608505 0.382412493228912 0.382614612579346 0.382752239704132 0.382889896631241 0.383027523756027 0.383165150880814 0.383302807807922 0.383440434932709 0.381064921617508 0.371149897575378 0.361234873533249 0.351319849491119 0.34140482544899 0.33148980140686 0.321574777364731 0.311659753322601 0.312992781400681 0.318075120449066 0.323157489299774 0.328239858150482 0.333322197198868 0.338404566049576 0.343486934900284 0.34442138671875 0.332912087440491 0.321402788162231 0.309893488883972 0.298384219408035 0.286874920129776 0.275365620851517 0.263856321573257 0.260935992002487 0.260878622531891 0.260821282863617 0.260763913393021
0.383589923381805 0.381952911615372 0.380793899297714 0.38106894493103 0.381343960762024 0.381618976593018 0.381894022226334 0.382169038057327 0.382444083690643 0.382719099521637 0.38293793797493 0.383138030767441 0.383338153362274 0.383538246154785 0.383738338947296 0.38393846154213 0.38413855433464 0.381383776664734 0.36976432800293 0.358144879341125 0.346525430679321 0.33490601181984 0.323286563158035 0.311667114496231 0.300047665834427 0.303287178277969 0.311479657888412 0.319672137498856 0.327864617109299 0.336057096719742 0.344249576330185 0.352442055940628 0.35605800151825 0.345944344997406 0.335830688476562 0.325717031955719 0.315603375434875 0.305489718914032 0.295376062393188 0.285262405872345 0.281463116407394 0.279768586158752 0.278074085712433 0.276379585266113
0.384334653615952 0.382946461439133 0.381943941116333 0.382098495960236 0.382253021001816 0.382407546043396 0.382562100887299 0.382716625928879 0.382871180772781 0.383025705814362 0.383261263370514 0.38352382183075 0.383786410093307 0.384048968553543 0.384311527013779 0.384574115276337 0.384836673736572 0.38170263171196 0.368378758430481 0.355054914951324 0.341731041669846 0.328407168388367 0.315083295106888 0.301759451627731 0.288435578346252 0.293581575155258 0.304884165525436 0.316186755895615 0.327489376068115 0.338791966438293 0.350094556808472 0.361397176980972 0.367694616317749 0.358976602554321 0.350258558988571 0.341540545225143 0.332822531461716 0.324104517698288 0.315386474132538 0.30666846036911 0.301990211009979 0.298658549785614 0.295326888561249 0.291995227336884
0.385079383850098 0.383940011262894 0.383094012737274 0.383128046989441 0.383162081241608 0.383196145296097 0.383230179548264 0.38326421380043 0.383298277854919 0.383332312107086 0.383584588766098 0.383909612894058 0.384234666824341 0.384559690952301 0.384884715080261 0.385209769010544 0.385534793138504 0.382021486759186 0.366993218660355 0.351964920759201 0.336936622858047 0.321908354759216 0.306880056858063 0.291851758956909 0.276823490858078 0.283875942230225 0.29828867316246 0.312701404094696 0.327114135026932 0.341526836156845 0.355939567089081 0.370352298021317 0.379331231117249 0.372008860111237 0.364686459302902 0.35736408829689 0.350041687488556 0.342719316482544 0.33539691567421 0.328074544668198 0.322517335414886 0.317548513412476 0.312579691410065 0.307610869407654
0.382728070020676 0.381364405155182 0.380360335111618 0.380435079336166 0.380509853363037 0.380584597587585 0.380659371614456 0.380734115839005 0.380808889865875 0.380883634090424 0.380546182394028 0.380071341991425 0.379596501588821 0.379121631383896 0.378646790981293 0.378171920776367 0.377697080373764 0.373978585004807 0.360529154539108 0.34707972407341 0.333630293607712 0.320180892944336 0.306731462478638 0.293282032012939 0.279832601547241 0.287175476551056 0.301449120044708 0.315722763538361 0.329996377229691 0.344270020723343 0.358543664216995 0.372817307710648 0.382106244564056 0.376441180706024 0.370776116847992 0.36511105298996 0.359445989131927 0.353780925273895 0.348115831613541 0.342450767755508 0.337000161409378 0.331621050834656 0.326241910457611 0.320862799882889
0.377280712127686 0.375219583511353 0.373742938041687 0.374019622802734 0.374296307563782 0.374572992324829 0.374849677085876 0.375126361846924 0.375403046607971 0.375679731369019 0.374146074056625 0.372008979320526 0.369871884584427 0.367734789848328 0.365597695112228 0.363460600376129 0.36132350564003 0.357573866844177 0.348986595869064 0.340399324893951 0.331812053918839 0.323224782943726 0.314637511968613 0.306050211191177 0.297462940216064 0.30348014831543 0.314365476369858 0.325250834226608 0.336136162281036 0.347021490335464 0.357906848192215 0.368792176246643 0.376019686460495 0.372273594141006 0.36852753162384 0.364781469106674 0.361035406589508 0.35728931427002 0.353543251752853 0.349797189235687 0.345438718795776 0.340876162052155 0.33631357550621 0.331750988960266
0.371833354234695 0.369074791669846 0.367125540971756 0.36760413646698 0.368082761764526 0.36856135725975 0.369039982557297 0.369518578052521 0.369997203350067 0.370475798845291 0.367745965719223 0.363946616649628 0.360147297382355 0.356347948312759 0.352548629045486 0.348749279975891 0.344949960708618 0.34116917848587 0.33744403719902 0.333718925714493 0.329993784427643 0.326268672943115 0.322543531656265 0.318818420171738 0.315093278884888 0.319784790277481 0.327281832695007 0.334778875112534 0.342275947332382 0.349772989749908 0.357270032167435 0.364767074584961 0.369933098554611 0.368106037378311 0.366278946399689 0.364451885223389 0.362624824047089 0.360797733068466 0.358970671892166 0.357143580913544 0.353877305984497 0.350131273269653 0.34638524055481 0.342639207839966
0.366385996341705 0.362929999828339 0.360508143901825 0.361188679933548 0.361869215965271 0.362549751996994 0.363230288028717 0.363910794258118 0.364591330289841 0.365271866321564 0.361345827579498 0.355884253978729 0.35042268037796 0.344961106777191 0.339499533176422 0.334037959575653 0.328576385974884 0.324764490127563 0.325901508331299 0.327038526535034 0.32817554473877 0.329312562942505 0.33044958114624 0.331586599349976 0.332723617553711 0.336089462041855 0.340198189020157 0.344306945800781 0.348415702581406 0.35252445936203 0.356633216142654 0.360741972923279 0.363846510648727 0.363938450813293 0.364030361175537 0.364122301340103 0.364214241504669 0.364306151866913 0.364398092031479 0.364490002393723 0.362315863370895 0.359386384487152 0.356456875801086 0.353527396917343
