data/working_set_collections/6091692-Cassins_Sparrow-M2/2000/gwetroot_avg.asc
NCOLS 265 
NROWS 230 
XLLCORNER -115.5625 
YLLCORNER 24.8333333333333 
CELLSIZE 0.0833333333333333 
NODATA_value -9999 
[rows 200 to 219 of 230, columns 132 to 175 of 265]
0.465312987565994 0.467915147542953 0.469645380973816 0.468759775161743 0.467874139547348 0.466988503932953 0.46610289812088 0.465217262506485 0.464331656694412 0.463446021080017 0.457627773284912 0.450165331363678 0.442702889442444 0.435240417718887 0.427777975797653 0.420315533876419 0.412853091955185 0.408476948738098 0.413359701633453 0.418242484331131 0.423125237226486 0.428008019924164 0.432890772819519 0.437773555517197 0.442656308412552 0.450321793556213 0.45891484618187 0.467507869005203 0.476100921630859 0.484693974256516 0.493286997079849 0.501880049705505 0.507733643054962 0.505368888378143 0.503004133701324 0.500639319419861 0.498274564743042 0.495909810066223 0.493545055389404 0.491180270910263 0.484628051519394 0.476680010557175 0.468731969594955 0.460783928632736
0.467663586139679 0.471175700426102 0.473576754331589 0.472644656896591 0.471712529659271 0.470780402421951 0.469848275184631 0.468916147947311 0.467984020709991 0.467051893472672 0.462007611989975 0.455592602491379 0.449177592992783 0.442762583494186 0.43634757399559 0.429932564496994 0.423517554998398 0.419936418533325 0.424856930971146 0.429777443408966 0.434697955846786 0.439618468284607 0.444538980722427 0.449459493160248 0.454380005598068 0.460725694894791 0.467546463012695 0.4743672311306 0.481187999248505 0.488008767366409 0.494829535484314 0.501650273799896 0.50624406337738 0.504156827926636 0.502069592475891 0.499982357025146 0.497895121574402 0.495807886123657 0.493720680475235 0.49163344502449 0.485456138849258 0.477915465831757 0.470374822616577 0.462834149599075
0.470014154911041 0.47443625330925 0.477508157491684 0.476529538631439 0.475550889968872 0.474572271108627 0.473593652248383 0.472615033388138 0.471636414527893 0.470657795667648 0.466387450695038 0.46101987361908 0.455652296543121 0.450284749269485 0.444917172193527 0.439549595117569 0.434182018041611 0.431395918130875 0.436354160308838 0.441312432289124 0.446270674467087 0.45122891664505 0.456187188625336 0.461145430803299 0.466103702783585 0.47112962603569 0.476178109645844 0.481226593255997 0.48627507686615 0.491323560476303 0.496372073888779 0.501420557498932 0.504754483699799 0.502944767475128 0.501135110855103 0.499325394630432 0.497515678405762 0.495705991983414 0.493896275758743 0.492086589336395 0.486284196376801 0.479150921106339 0.472017675638199 0.464884400367737
0.472364753484726 0.477696776390076 0.481439530849457 0.480414420366287 0.479389280080795 0.478364169597626 0.477339029312134 0.476313918828964 0.475288778543472 0.474263668060303 0.470767289400101 0.46644714474678 0.462127029895782 0.457806885242462 0.453486770391464 0.449166625738144 0.444846510887146 0.442855387926102 0.44785138964653 0.452847391366959 0.457843393087387 0.462839394807816 0.467835396528244 0.472831398248672 0.477827370166779 0.481533527374268 0.484809756278992 0.488085955381393 0.491362154483795 0.494638383388519 0.497914582490921 0.501190781593323 0.503264904022217 0.501732766628265 0.500200569629669 0.498668402433395 0.497136235237122 0.495604068040848 0.494071900844574 0.4925397336483 0.487112283706665 0.480386406183243 0.473660498857498 0.466934621334076
0.468866884708405 0.474413245916367 0.478442192077637 0.477918982505798 0.477395743131638 0.476872533559799 0.476349323987961 0.4758260846138 0.475302875041962 0.474779665470123 0.472122579813004 0.468754231929779 0.465385854244232 0.462017506361008 0.458649158477783 0.455280780792236 0.451912432909012 0.450568199157715 0.455296337604523 0.460024476051331 0.464752584695816 0.469480723142624 0.474208861589432 0.47893700003624 0.483665138483047 0.486609190702438 0.488958537578583 0.491307884454727 0.493657231330872 0.496006608009338 0.498355954885483 0.500705301761627 0.502134144306183 0.500801563262939 0.499469012022018 0.498136430978775 0.496803849935532 0.495471268892288 0.494138658046722 0.492806077003479 0.487710922956467 0.481361567974091 0.475012212991714 0.468662858009338
0.459520518779755 0.464585572481155 0.468516141176224 0.469043225049973 0.469570308923721 0.47009739279747 0.470624476671219 0.47115159034729 0.471678674221039 0.472205758094788 0.470453351736069 0.467941075563431 0.465428829193115 0.4629165828228 0.460404306650162 0.457892060279846 0.455379813909531 0.454534292221069 0.458688944578171 0.462843626737595 0.466998279094696 0.47115296125412 0.475307643413544 0.479462295770645 0.483616977930069 0.486356556415558 0.488624483346939 0.49089241027832 0.493160307407379 0.49542823433876 0.497696161270142 0.4999640583992 0.501362264156342 0.500151336193085 0.498940378427505 0.497729420661926 0.496518492698669 0.49530753493309 0.494096577167511 0.492885649204254 0.488080143928528 0.482076466083527 0.476072788238525 0.470069110393524
0.450174182653427 0.454757928848267 0.458590060472488 0.460167467594147 0.461744874715805 0.463322252035141 0.464899659156799 0.466477066278458 0.468054473400116 0.469631850719452 0.468784093856812 0.467127948999405 0.465471804141998 0.463815659284592 0.462159484624863 0.460503339767456 0.458847194910049 0.458500385284424 0.462081581354141 0.465662777423859 0.469243973493576 0.472825199365616 0.476406395435333 0.479987591505051 0.483568787574768 0.486103951931 0.488290429115295 0.490476906299591 0.492663383483887 0.494849890470505 0.4970363676548 0.499222844839096 0.5005903840065 0.499501049518585 0.498411744832993 0.4973224401474 0.496233135461807 0.495143800973892 0.4940544962883 0.492965191602707 0.488449364900589 0.482791364192963 0.477133363485336 0.47147536277771
0.440827816724777 0.444930255413055 0.448664009571075 0.451291710138321 0.453919410705566 0.456547141075134 0.45917484164238 0.461802542209625 0.464430242776871 0.467057973146439 0.467114865779877 0.466314822435379 0.465514779090881 0.464714705944061 0.463914662599564 0.463114619255066 0.462314575910568 0.462466478347778 0.465474218130112 0.468481957912445 0.471489697694778 0.474497407674789 0.477505147457123 0.480512887239456 0.48352062702179 0.485851347446442 0.487956374883652 0.490061432123184 0.492166459560394 0.494271516799927 0.496376574039459 0.498481601476669 0.499818474054337 0.498850792646408 0.49788311123848 0.496915459632874 0.495947778224945 0.494980096817017 0.494012415409088 0.49304473400116 0.48881858587265 0.483506262302399 0.478193938732147 0.472881585359573
0.43148148059845 0.435102581977844 0.43873792886734 0.442415952682495 0.44609397649765 0.449772000312805 0.45345002412796 0.457128018140793 0.460806041955948 0.464484065771103 0.46544560790062 0.465501666069031 0.465557724237442 0.465613782405853 0.465669840574265 0.465725898742676 0.465781956911087 0.466432571411133 0.468866854906082 0.471301108598709 0.473735392093658 0.476169645786285 0.478603899478912 0.481038182973862 0.483472436666489 0.485598713159561 0.487622320652008 0.489645928144455 0.491669535636902 0.493693172931671 0.495716780424118 0.497740387916565 0.499046564102173 0.498200535774231 0.497354507446289 0.496508449316025 0.495662420988083 0.494816362857819 0.493970334529877 0.493124306201935 0.489187806844711 0.484221160411835 0.479254484176636 0.474287837743759
0.4221351146698 0.425274938344955 0.428811877965927 0.433540195226669 0.438268542289734 0.442996859550476 0.447725176811218 0.452453523874283 0.457181841135025 0.461910158395767 0.463776379823685 0.464688539505005 0.465600699186325 0.466512858867645 0.467425018548965 0.468337178230286 0.469249337911606 0.470398664474487 0.47225946187973 0.474120259284973 0.475981086492538 0.477841883897781 0.479702681303024 0.481563478708267 0.48342427611351 0.485346108675003 0.487288266420364 0.489230453968048 0.491172611713409 0.493114799261093 0.495056986808777 0.496999144554138 0.498274683952332 0.497550278902054 0.496825873851776 0.496101468801498 0.495377063751221 0.494652658700943 0.493928253650665 0.493203848600388 0.489557027816772 0.484936028718948 0.480315059423447 0.475694090127945
0.414513051509857 0.416970372200012 0.420126348733902 0.425378203392029 0.430630087852478 0.435881972312927 0.441133826971054 0.446385711431503 0.45163756608963 0.456889450550079 0.459536731243134 0.461315810680389 0.463094919919968 0.464873999357224 0.466653078794479 0.468432188034058 0.470211267471313 0.471951067447662 0.473572969436646 0.475194871425629 0.476816773414612 0.478438705205917 0.4800606071949 0.481682509183884 0.483304411172867 0.485106080770493 0.486967653036118 0.488829255104065 0.49069082736969 0.492552399635315 0.49441397190094 0.496275573968887 0.497458070516586 0.496603339910507 0.495748609304428 0.494893908500671 0.494039177894592 0.493184447288513 0.492329716682434 0.491475015878677 0.487640529870987 0.482812792062759 0.477985054254532 0.473157316446304
0.408615320920944 0.410188943147659 0.412681311368942 0.417929977178574 0.423178613185883 0.428427278995514 0.433675944805145 0.438924580812454 0.444173246622086 0.449421912431717 0.452726691961288 0.455383539199829 0.45804038643837 0.460697203874588 0.463354051113129 0.466010898351669 0.468667715787888 0.471089750528336 0.472807347774506 0.474524915218353 0.476242512464523 0.477960109710693 0.479677706956863 0.481395304203033 0.483112871646881 0.484878659248352 0.486660480499268 0.488442301750183 0.490224152803421 0.492005974054337 0.493787795305252 0.49556964635849 0.49659675359726 0.495359748601913 0.49412277340889 0.492885768413544 0.491648763418198 0.490411758422852 0.489174783229828 0.487937778234482 0.483438313007355 0.477851390838623 0.472264438867569 0.466677516698837
0.402717560529709 0.403407484292984 0.405236303806305 0.410481721162796 0.41572716832161 0.420972615480423 0.426218062639236 0.431463479995728 0.436708927154541 0.441954374313354 0.445916652679443 0.449451237916946 0.452985823154449 0.456520408391953 0.460054993629456 0.463589578866959 0.467124164104462 0.470228433609009 0.472041696310043 0.4738549888134 0.475668251514435 0.477481514215469 0.479294806718826 0.481108069419861 0.482921332120895 0.484651207923889 0.486353307962418 0.488055378198624 0.48975744843483 0.491459548473358 0.493161618709564 0.49486368894577 0.495735436677933 0.49411615729332 0.492496907711029 0.490877628326416 0.489258348941803 0.487639099359512 0.486019819974899 0.484400540590286 0.479236125946045 0.472889989614487 0.466543853282928 0.46019771695137
0.396819800138474 0.396626025438309 0.397791266441345 0.403033494949341 0.408275723457336 0.41351792216301 0.418760150671005 0.424002379179001 0.429244607686996 0.43448680639267 0.439106613397598 0.443518966436386 0.447931289672852 0.452343642711639 0.456755965948105 0.46116828918457 0.465580642223358 0.469367116689682 0.471276074647903 0.473185032606125 0.475093990564346 0.477002948522568 0.478911906480789 0.480820834636688 0.48272979259491 0.484423786401749 0.486046105623245 0.487668454647064 0.489290773868561 0.490913093090057 0.492535442113876 0.494157761335373 0.494874119758606 0.492872595787048 0.490871042013168 0.488869488239288 0.486867934465408 0.484866410493851 0.482864856719971 0.480863302946091 0.475033938884735 0.46792858839035 0.460823237895966 0.453717917203903
0.390922039747238 0.389844596385956 0.390346258878708 0.395585238933563 0.400824248790741 0.406063258647919 0.411302268505096 0.416541278362274 0.42178025841713 0.427019268274307 0.432296603918076 0.437586665153503 0.442876756191254 0.448166847229004 0.453456908464432 0.458746999502182 0.464037090539932 0.468505799770355 0.470510452985764 0.47251507639885 0.474519729614258 0.476524353027344 0.478529006242752 0.480533629655838 0.482538253068924 0.484196364879608 0.485738933086395 0.487281531095505 0.488824099302292 0.490366667509079 0.491909265518188 0.493451833724976 0.494012802839279 0.491629004478455 0.489245176315308 0.486861348152161 0.484477549791336 0.482093721628189 0.479709893465042 0.477326095104218 0.470831722021103 0.462967187166214 0.455102652311325 0.447238117456436
0.385024279356003 0.38306313753128 0.382901221513748 0.388137012720108 0.393372803926468 0.398608595132828 0.403844386339188 0.409080147743225 0.414315938949585 0.419551730155945 0.42548656463623 0.431654393672943 0.437822222709656 0.443990051746368 0.450157880783081 0.456325709819794 0.462493538856506 0.467644482851028 0.469744801521301 0.471845120191574 0.473945438861847 0.47604575753212 0.478146076202393 0.480246394872665 0.482346713542938 0.483968913555145 0.485431760549545 0.486894577741623 0.488357424736023 0.489820241928101 0.491283059120178 0.492745906114578 0.493151485919952 0.490385413169861 0.487619310617447 0.484853208065033 0.482087135314941 0.479321032762527 0.476554960012436 0.473788857460022 0.466629534959793 0.458005785942078 0.449382036924362 0.440758317708969
0.382068574428558 0.379527598619461 0.378782004117966 0.383422672748566 0.388063311576843 0.392703980207443 0.397344619035721 0.401985287666321 0.406625926494598 0.411266565322876 0.417763739824295 0.424879729747772 0.431995749473572 0.439111739397049 0.446227759122849 0.453343749046326 0.460459738969803 0.466361910104752 0.468622475862503 0.470883071422577 0.473143666982651 0.475404262542725 0.477664858102798 0.47992542386055 0.482186019420624 0.483801186084747 0.485201209783554 0.486601233482361 0.488001227378845 0.489401251077652 0.490801274776459 0.492201298475266 0.492578744888306 0.489888578653336 0.487198382616043 0.484508186578751 0.481817990541458 0.479127824306488 0.476437628269196 0.473747432231903 0.466970652341843 0.458831667900085 0.450692713260651 0.442553728818893
0.38205498456955 0.379237979650497 0.37798860669136 0.381442219018936 0.384895801544189 0.388349413871765 0.391802996397018 0.395256608724594 0.39871022105217 0.402163803577423 0.409128159284592 0.417262732982635 0.425397336483002 0.433531939983368 0.441666513681412 0.449801117181778 0.457935720682144 0.46465802192688 0.467143476009369 0.469628900289536 0.472114354372025 0.474599808454514 0.477085262537003 0.479570716619492 0.482056170701981 0.48369312286377 0.485047280788422 0.486401438713074 0.487755566835403 0.489109724760056 0.490463852882385 0.491818010807037 0.492294579744339 0.490138471126556 0.487982362508774 0.485826253890991 0.483670145273209 0.481514036655426 0.479357928037643 0.477201819419861 0.471855103969574 0.46544486284256 0.459034621715546 0.452624350786209
0.382041364908218 0.378948330879211 0.377195209264755 0.379461765289307 0.381728291511536 0.383994847536087 0.386261403560638 0.388527929782867 0.390794485807419 0.39306104183197 0.400492548942566 0.409645736217499 0.418798923492432 0.427952110767365 0.437105298042297 0.44625848531723 0.455411672592163 0.462954133749008 0.465664446353912 0.468374758958817 0.471085071563721 0.473795384168625 0.476505666971207 0.479215979576111 0.481926292181015 0.483585089445114 0.484893351793289 0.486201643943787 0.487509906291962 0.488818168640137 0.490126460790634 0.491434723138809 0.492010444402695 0.4903883934021 0.488766372203827 0.487144351005554 0.485522300004959 0.483900278806686 0.482278257608414 0.480656206607819 0.476739555597305 0.472058057785034 0.467376530170441 0.462695002555847
0.38202777504921 0.378658711910248 0.37640181183815 0.377481311559677 0.378560781478882 0.379640281200409 0.380719780921936 0.381799280643463 0.38287878036499 0.383958280086517 0.391856968402863 0.402028739452362 0.412200510501862 0.422372281551361 0.432544082403183 0.442715853452682 0.452887624502182 0.461250245571136 0.464185416698456 0.467120587825775 0.470055758953094 0.472990930080414 0.475926101207733 0.478861272335052 0.481796443462372 0.483477026224136 0.484739452600479 0.4860018491745 0.48726424574852 0.48852664232254 0.489789038896561 0.491051465272903 0.491726279258728 0.490638315677643 0.489550352096558 0.488462418317795 0.48737445473671 0.486286520957947 0.485198557376862 0.484110623598099 0.481624037027359 0.478671222925186 0.475718438625336 0.472765654325485
