data/working_set_collections/6091692-Cassins_Sparrow-M2/2000/gwetroot_avg.asc
NCOLS 265 
NROWS 230 
XLLCORNER -115.5625 
YLLCORNER 24.8333333333333 
CELLSIZE 0.0833333333333333 
NODATA_value -9999 
[rows 200 to 219 of 230, columns 44 to 87 of 265]
-9999 -9999 -9999 -9999 -9999 -9999 -9999 -9999 -9999 -9999 -9999 -9999 -9999 -9999 -9999 -9999 -9999 -9999 0.464939892292023 0.463008552789688 0.461077243089676 0.459145903587341 0.457214564085007 0.455479353666306 0.453809499740601 0.452139645814896 0.450469791889191 0.448799937963486 0.447130084037781 0.445460230112076 0.445578008890152 0.451058715581894 0.456539422273636 0.4620201587677 0.467500865459442 0.472981572151184 0.478462278842926 0.483942985534668 0.485537678003311 0.485837012529373 0.486136347055435 0.486435681581497 0.486734986305237 0.487034320831299
-9999 -9999 -9999 -9999 -9999 -9999 -9999 -9999 -9999 -9999 -9999 -9999 -9999 -9999 -9999 -9999 -9999 -9999 -9999 0.4664586186409 0.465321272611618 0.464183926582336 0.463046610355377 0.462169349193573 0.461378812789917 0.460588276386261 0.459797739982605 0.459007203578949 0.458216637372971 0.457426100969315 0.45766693353653 0.461001843214035 0.464336782693863 0.467671692371368 0.471006631851196 0.474341541528702 0.477676451206207 0.481011390686035 0.482497602701187 0.483367592096329 0.48423758149147 0.485107570886612 0.485977560281754 0.486847549676895
-9999 -9999 -9999 -9999 -9999 -9999 -9999 -9999 -9999 -9999 -9999 -9999 -9999 -9999 -9999 -9999 -9999 -9999 -9999 -9999 -9999 0.469221979379654 0.468878626823425 0.468859374523163 0.468948125839233 0.469036906957626 0.469125688076019 0.469214469194412 0.469303220510483 0.469392001628876 0.469755858182907 0.470945000648499 0.472134113311768 0.473323255777359 0.474512368440628 0.47570151090622 0.476890653371811 0.47807976603508 0.479457527399063 0.480898171663284 0.482338815927505 0.483779460191727 0.485220104455948 0.486660748720169
-9999 -9999 -9999 -9999 -9999 -9999 -9999 -9999 -9999 -9999 -9999 -9999 -9999 -9999 -9999 -9999 -9999 -9999 -9999 -9999 -9999 -9999 0.474710643291473 0.47554937005043 0.476517468690872 0.477485537528992 0.478453636169434 0.479421734809875 0.480389803647995 0.481357902288437 0.481844782829285 0.48088812828064 0.479931473731995 0.47897481918335 0.478018134832382 0.477061480283737 0.476104825735092 0.475148141384125 0.476417452096939 0.478428781032562 0.480440080165863 0.482451379299164 0.484462678432465 0.486473977565765
0.38293269276619 -9999 -9999 -9999 -9999 -9999 -9999 -9999 -9999 -9999 -9999 -9999 -9999 -9999 -9999 -9999 -9999 -9999 -9999 -9999 -9999 -9999 -9999 0.479256927967072 0.480597048997879 0.481937199831009 0.483277320861816 0.484617471694946 0.485957592725754 0.487297743558884 0.487780213356018 0.485689669847488 0.483599126338959 0.481508612632751 0.479418069124222 0.477327555418015 0.475237011909485 0.473146468400955 0.47431606054306 0.47657236456871 0.478828638792038 0.481084942817688 0.483341217041016 0.485597521066666
0.380605965852737 0.387247532606125 0.393889099359512 -9999 -9999 -9999 -9999 -9999 -9999 -9999 -9999 -9999 -9999 -9999 -9999 -9999 -9999 -9999 -9999 -9999 -9999 -9999 -9999 -9999 0.481186926364899 0.482391834259033 0.48359677195549 0.484801679849625 0.486006617546082 0.487211525440216 0.487562090158463 0.485349625349045 0.483137130737305 0.480924665927887 0.478712171316147 0.476499706506729 0.474287211894989 0.472074747085571 0.473153322935104 0.475328922271729 0.477504551410675 0.479680150747299 0.481855779886246 0.48403137922287
0.378279268741608 0.38351771235466 0.388756185770035 0.39399465918541 -9999 -9999 -9999 -9999 -9999 -9999 -9999 -9999 -9999 -9999 -9999 -9999 -9999 -9999 -9999 -9999 -9999 -9999 -9999 -9999 -9999 0.48284649848938 0.483916193246841 0.484985917806625 0.486055612564087 0.487125307321548 0.487343996763229 0.485009551048279 0.482675135135651 0.4803406894207 0.478006273508072 0.475671857595444 0.473337411880493 0.471002995967865 0.471990585327148 0.474085509777069 0.476180464029312 0.478275388479233 0.480370312929153 0.482465237379074
0.375952541828156 0.379787921905518 0.383623272180557 0.387458622455597 -9999 -9999 -9999 -9999 -9999 -9999 -9999 -9999 -9999 -9999 -9999 -9999 -9999 -9999 -9999 -9999 -9999 -9999 -9999 -9999 -9999 -9999 0.484235644340515 0.485170125961304 0.486104607582092 0.487039119005203 0.487125873565674 0.484669506549835 0.482213139533997 0.479756742715836 0.477300375699997 0.474844008684158 0.47238764166832 0.469931244850159 0.470827847719193 0.47284209728241 0.474856346845627 0.476870596408844 0.478884845972061 0.480899095535278
0.373625844717026 0.376058101654053 0.37849035859108 0.380922615528107 -9999 -9999 -9999 -9999 -9999 -9999 -9999 -9999 -9999 -9999 -9999 -9999 -9999 -9999 -9999 -9999 -9999 -9999 -9999 -9999 -9999 -9999 -9999 -9999 -9999 -9999 0.486907780170441 0.484329462051392 0.48175111413002 0.479172796010971 0.476594477891922 0.474016159772873 0.471437841653824 0.468859523534775 0.469665110111237 0.47159868478775 0.473532259464264 0.475465834140778 0.477399408817291 0.479332983493805
0.371299117803574 0.372328281402588 0.373357445001602 0.374386608600616 0.375415772199631 -9999 -9999 -9999 -9999 -9999 -9999 -9999 -9999 -9999 -9999 -9999 -9999 -9999 -9999 -9999 -9999 -9999 -9999 -9999 -9999 -9999 -9999 -9999 -9999 -9999 0.486689656972885 0.483989387750626 0.481289118528366 0.478588849306107 0.475888580083847 0.473188310861588 0.470488041639328 0.467787772417068 0.468502372503281 0.470355272293091 0.472208142280579 0.474061042070389 0.475913941860199 0.477766841650009
0.369119614362717 0.36975085735321 0.370382130146027 0.37101337313652 0.371644616127014 0.37227588891983 -9999 -9999 -9999 -9999 -9999 -9999 -9999 -9999 -9999 -9999 -9999 -9999 -9999 -9999 -9999 -9999 -9999 -9999 -9999 -9999 -9999 -9999 -9999 -9999 0.485191226005554 0.482937723398209 0.480684190988541 0.478430658578873 0.476177155971527 0.473923623561859 0.471670120954514 0.469416588544846 0.470075696706772 0.471705704927444 0.473335683345795 0.474965691566467 0.476595669984818 0.47822567820549
0.367087304592133 0.36832582950592 0.369564384222031 0.370802938938141 0.372041463851929 0.373280018568039 0.374518543481827 -9999 -9999 -9999 -9999 -9999 -9999 -9999 -9999 -9999 -9999 -9999 -9999 -9999 -9999 -9999 -9999 -9999 -9999 -9999 -9999 -9999 -9999 -9999 0.482412487268448 0.481174409389496 0.479936331510544 0.478698253631592 0.477460205554962 0.47622212767601 0.474984049797058 0.473746001720428 0.474385142326355 0.475650012493134 0.476914882659912 0.478179752826691 0.479444622993469 0.480709493160248
0.365054994821548 0.36690080165863 0.368746638298035 0.370592474937439 0.372438311576843 0.374284148216248 0.376129984855652 -9999 -9999 -9999 -9999 -9999 -9999 -9999 -9999 -9999 -9999 -9999 -9999 -9999 -9999 -9999 -9999 -9999 -9999 -9999 -9999 -9999 -9999 -9999 0.479633718729019 0.479411095380783 0.479188472032547 0.478965848684311 0.478743255138397 0.478520631790161 0.478298008441925 0.478075385093689 0.478694558143616 0.4795942902565 0.480494052171707 0.481393814086914 0.482293546199799 0.483193308115005
0.363022685050964 0.365475803613663 0.367928922176361 0.370382040739059 0.372835159301758 0.375288277864456 0.377741396427155 -9999 -9999 -9999 -9999 -9999 -9999 -9999 -9999 -9999 -9999 -9999 -9999 -9999 -9999 -9999 -9999 -9999 -9999 -9999 -9999 -9999 -9999 -9999 0.47685495018959 0.47764778137207 0.47844061255455 0.47923344373703 0.48002627491951 0.480819135904312 0.481611967086792 0.482404798269272 0.483003973960876 0.483538597822189 0.484073221683502 0.484607845544815 0.48514249920845 0.485677123069763
0.36099037528038 0.364050775766373 0.367111176252365 0.370171576738358 0.373232007026672 0.376292407512665 0.379352807998657 -9999 -9999 -9999 -9999 -9999 -9999 -9999 -9999 -9999 -9999 -9999 -9999 -9999 -9999 -9999 -9999 -9999 -9999 -9999 -9999 -9999 -9999 0.472865730524063 0.474076211452484 0.47588449716568 0.477692782878876 0.479501038789749 0.481309324502945 0.483117610216141 0.484925895929337 0.486734181642532 0.487313389778137 0.487482905387878 0.487652391195297 0.487821906805038 0.48799142241478 0.488160938024521
0.358958065509796 0.362625747919083 0.366293460130692 0.369961142539978 0.373628854751587 0.377296537160873 0.380964249372482 -9999 -9999 0.384327381849289 -9999 -9999 -9999 -9999 -9999 -9999 -9999 -9999 -9999 -9999 -9999 -9999 -9999 -9999 -9999 -9999 -9999 -9999 0.468660622835159 0.469763994216919 0.471297442913055 0.474121183156967 0.476944923400879 0.479768633842468 0.48259237408638 0.485416114330292 0.488239854574203 0.491063565015793 0.491622805595398 0.491427183151245 0.491231590509415 0.491035968065262 0.490840345621109 0.490644752979279
0.357825934886932 0.361615031957626 0.365404158830643 0.369193285703659 0.372982412576675 0.376771509647369 0.380560636520386 -9999 -9999 -9999 -9999 -9999 -9999 -9999 -9999 -9999 -9999 -9999 -9999 -9999 -9999 -9999 -9999 -9999 -9999 -9999 -9999 -9999 0.464463859796524 0.466126710176468 0.46827295422554 0.47186928987503 0.475465655326843 0.479061990976334 0.482658356428146 0.486254692077637 0.489851027727127 0.49344739317894 0.493727385997772 0.4929019510746 0.492076486349106 0.491251051425934 0.490425586700439 0.489600151777267
0.357593983411789 0.361018657684326 0.364443331956863 0.367868006229401 0.371292680501938 0.374717354774475 0.378142029047012 -9999 0.382242828607559 -9999 -9999 -9999 -9999 -9999 -9999 -9999 -9999 -9999 -9999 -9999 -9999 -9999 -9999 -9999 -9999 -9999 -9999 -9999 -9999 0.461953938007355 0.465002715587616 0.469128847122192 0.473254978656769 0.477381110191345 0.481507211923599 0.485633343458176 0.489759474992752 0.493885606527328 0.49362713098526 0.491907119750977 0.490187138319016 0.488467127084732 0.486747115850449 0.485027104616165
0.357362031936646 0.360422253608704 0.363482475280762 0.36654269695282 0.3696029484272 0.372663170099258 0.375723391771317 -9999 -9999 -9999 -9999 -9999 -9999 -9999 -9999 -9999 -9999 -9999 -9999 -9999 -9999 -9999 -9999 -9999 -9999 -9999 -9999 -9999 -9999 -9999 0.461732476949692 0.466388374567032 0.471044301986694 0.475700199604034 0.480356097221375 0.485012024641037 0.489667922258377 0.494323819875717 0.493526875972748 0.490912318229675 0.488297760486603 0.48568320274353 0.483068645000458 0.480454087257385
0.357130080461502 0.359825849533081 0.362521648406982 0.365217417478561 0.367913216352463 0.370608985424042 0.373304754495621 0.376000553369522 0.377159088850021 -9999 -9999 -9999 -9999 -9999 -9999 -9999 -9999 -9999 -9999 -9999 -9999 -9999 -9999 -9999 -9999 -9999 -9999 -9999 -9999 -9999 -9999 0.463647931814194 0.46883362531662 0.474019289016724 0.47920498251915 0.484390676021576 0.489576369524002 0.494762033224106 0.493426620960236 0.489917516708374 0.486408412456512 0.482899278402328 0.479390174150467 0.475881040096283
