data/working_set_collections/6091692-Cassins_Sparrow-M2/2000/gwetprof_avg.asc
NCOLS 265 
NROWS 230 
XLLCORNER -115.5625 
YLLCORNER 24.8333333333333 
CELLSIZE 0.0833333333333333 
NODATA_value -9999 
[rows 100 to 119 of 230, columns 176 to 219 of 265]
0.416122198104858 0.420721709728241 0.425321221351624 0.429319590330124 0.431514501571655 0.433709412813187 0.435904324054718 0.438099235296249 0.440294146537781 0.442489057779312 0.444683969020844 0.444461405277252 0.443433046340942 0.442404687404633 0.441376328468323 0.440347969532013 0.439319610595703 0.438291251659393 0.437822848558426 0.439034223556519 0.440245628356934 0.441457033157349 0.442668408155441 0.443879812955856 0.445091187953949 0.446302592754364 0.448073387145996 0.450030654668808 0.45198792219162 0.453945189714432 0.455902487039566 0.457859754562378 0.45981702208519 0.46134015917778 0.461560904979706 0.461781620979309 0.462002366781235 0.46222311258316 0.462443858385086 0.462664604187012 0.462885349988937 0.469824939966202 0.479004174470901 0.488183408975601
0.420228391885757 0.425560116767883 0.430891811847687 0.435396134853363 0.437418341636658 0.439440548419952 0.441462725400925 0.443484932184219 0.445507138967514 0.447529315948486 0.449551522731781 0.448552072048187 0.446545422077179 0.444538742303848 0.44253209233284 0.440525412559509 0.438518762588501 0.436512112617493 0.435329020023346 0.436616599559784 0.437904208898544 0.439191818237305 0.440479427576065 0.441767007112503 0.443054616451263 0.444342225790024 0.446385085582733 0.448679715394974 0.450974345207214 0.453268975019455 0.455563604831696 0.457858234643936 0.460152834653854 0.461903840303421 0.462023943662643 0.462144076824188 0.462264180183411 0.462384283542633 0.462504386901855 0.462624490261078 0.462744623422623 0.470960319042206 0.481874525547028 0.492788761854172
0.423756778240204 0.429586350917816 0.435415953397751 0.440257757902145 0.442136287689209 0.44401478767395 0.445893317461014 0.447771817445755 0.449650317430496 0.45152884721756 0.453407347202301 0.451990157365799 0.449474424123764 0.446958661079407 0.444442898035049 0.441927164793015 0.439411401748657 0.4368956387043 0.435320287942886 0.436566174030304 0.437812060117722 0.439057916402817 0.440303802490234 0.44154965877533 0.442795544862747 0.444041430950165 0.446052879095078 0.448319524526596 0.450586169958115 0.452852845191956 0.455119490623474 0.457386136054993 0.459652781486511 0.461400300264359 0.461590349674225 0.461780428886414 0.46197047829628 0.462160557508469 0.462350606918335 0.462540686130524 0.46273073554039 0.471723109483719 0.483649581670761 0.495576053857803
0.426707297563553 0.432800471782684 0.438893616199493 0.443904459476471 0.445668309926987 0.447432160377502 0.449196040630341 0.450959891080856 0.452723741531372 0.454487591981888 0.456251442432404 0.45477569103241 0.452220052480698 0.449664443731308 0.447108805179596 0.444553166627884 0.441997528076172 0.43944188952446 0.437796741724014 0.438882946968079 0.439969152212143 0.441055357456207 0.442141562700272 0.443227767944336 0.4443139731884 0.445400178432465 0.447076767683029 0.448950111865997 0.450823456048965 0.452696800231934 0.454570144414902 0.45644348859787 0.45831686258316 0.45982950925827 0.46026012301445 0.460690706968307 0.461121320724487 0.461551934480667 0.461982518434525 0.462413132190704 0.462843716144562 0.472113341093063 0.48432931303978 0.496545255184174
0.429657846689224 0.43601456284523 0.442371308803558 0.447551161050797 0.449200361967087 0.450849562883377 0.452498763799667 0.454147964715958 0.455797165632248 0.457446366548538 0.459095567464828 0.45756122469902 0.454965710639954 0.452370196580887 0.44977468252182 0.447179168462753 0.444583654403687 0.44198814034462 0.44027316570282 0.441199690103531 0.442126244306564 0.443052798509598 0.443979322910309 0.444905877113342 0.445832431316376 0.446758955717087 0.448100626468658 0.449580669403076 0.451060712337494 0.452540785074234 0.454020828008652 0.455500870943069 0.456980913877487 0.458258718252182 0.458929866552353 0.459601014852524 0.460272163152695 0.460943281650543 0.461614429950714 0.462285578250885 0.462956726551056 0.472503572702408 0.485009044408798 0.497514486312866
0.432608366012573 0.439228683710098 0.445848971605301 0.4511978328228 0.452732384204865 0.454266935586929 0.455801486968994 0.457336038351059 0.458870559930801 0.460405111312866 0.461939662694931 0.460346758365631 0.45771136879921 0.455075979232788 0.452440589666367 0.449805200099945 0.447169810533524 0.444534420967102 0.442749589681625 0.443516463041306 0.444283336400986 0.445050209760666 0.445817112922668 0.446583986282349 0.447350859642029 0.448117733001709 0.44912451505661 0.450211256742477 0.451297998428345 0.452384740114212 0.453471481800079 0.454558223485947 0.455644965171814 0.456687927246094 0.457599610090256 0.458511292934418 0.45942297577858 0.460334658622742 0.461246341466904 0.462158024311066 0.463069707155228 0.472893834114075 0.485688745975494 0.498483687639236
0.435558885335922 0.442442774772644 0.449326664209366 0.454844534397125 0.456264436244965 0.457684308290482 0.459104210138321 0.46052411198616 0.461943984031677 0.463363885879517 0.464783757925034 0.463132292032242 0.460457026958466 0.457781732082367 0.455106467008591 0.452431201934814 0.449755936861038 0.447080671787262 0.445226013660431 0.44583323597908 0.446440428495407 0.447047650814056 0.447654873132706 0.448262095451355 0.448869287967682 0.449476510286331 0.450148403644562 0.450841844081879 0.451535254716873 0.45222869515419 0.452922135591507 0.453615576028824 0.454309016466141 0.455117166042328 0.456269383430481 0.457421600818634 0.458573818206787 0.45972603559494 0.460878252983093 0.462030470371246 0.463182687759399 0.473284065723419 0.486368477344513 0.499452918767929
0.438509434461594 0.44565686583519 0.452804327011108 0.458491235971451 0.459796458482742 0.461101710796356 0.462406933307648 0.463712155818939 0.465017408132553 0.466322630643845 0.467627882957458 0.465917825698853 0.463202655315399 0.460487514734268 0.457772374153137 0.455057203769684 0.452342063188553 0.449626922607422 0.447702437639236 0.448149979114532 0.448597550392151 0.449045091867447 0.449492633342743 0.449940174818039 0.450387746095657 0.450835287570953 0.451172262430191 0.451472401618958 0.451772540807724 0.45207267999649 0.452372819185257 0.452672928571701 0.452973067760468 0.45354637503624 0.454939126968384 0.456331878900528 0.457724630832672 0.459117412567139 0.460510164499283 0.461902916431427 0.463295668363571 0.473674297332764 0.487048208713531 0.500422120094299
0.436555713415146 0.443278670310974 0.450001627206802 0.455369532108307 0.456672221422195 0.457974940538406 0.459277629852295 0.460580319166183 0.461883008480072 0.463185697793961 0.464488387107849 0.463055402040482 0.460710525512695 0.458365648984909 0.456020772457123 0.453675866127014 0.451330989599228 0.448986113071442 0.447369754314423 0.447938978672028 0.44850817322731 0.449077397584915 0.44964662194252 0.450215846300125 0.450785040855408 0.451354265213013 0.451583206653595 0.451698690652847 0.451814204454422 0.451929688453674 0.452045202255249 0.452160686254501 0.452276200056076 0.452778726816177 0.454442322254181 0.456105947494507 0.45776954293251 0.459433138370514 0.461096733808517 0.462760359048843 0.464423954486847 0.474616169929504 0.487651258707047 0.500686347484589
0.429697781801224 0.435308188199997 0.44091859459877 0.445479452610016 0.446891725063324 0.448303997516632 0.44971626996994 0.451128542423248 0.452540814876556 0.453953087329865 0.455365359783173 0.454545080661774 0.452980607748032 0.45141613483429 0.449851661920547 0.448287189006805 0.446722716093063 0.445158243179321 0.444227963685989 0.445200175046921 0.446172386407852 0.447144597768784 0.448116809129715 0.449089020490646 0.450061231851578 0.451033443212509 0.451381176710129 0.451520711183548 0.451660245656967 0.451799780130386 0.451939314603806 0.452078849077225 0.452218383550644 0.452814251184464 0.454778999090195 0.456743746995926 0.458708494901657 0.460673242807388 0.462638020515442 0.464602768421173 0.466567516326904 0.476109653711319 0.488177597522736 0.50024551153183
0.422839820384979 0.427337676286697 0.431835532188416 0.435589373111725 0.437111228704453 0.438633054494858 0.440154910087585 0.441676765680313 0.443198621273041 0.444720447063446 0.446242302656174 0.446034729480743 0.445250660181046 0.44446662068367 0.443682551383972 0.442898511886597 0.442114442586899 0.441330403089523 0.441086173057556 0.442461371421814 0.443836569786072 0.445211797952652 0.44658699631691 0.44796222448349 0.449337422847748 0.450712651014328 0.451179146766663 0.451342701911926 0.451506286859512 0.451669871807098 0.451833426952362 0.451997011899948 0.452160596847534 0.452849745750427 0.455115646123886 0.457381546497345 0.459647476673126 0.461913377046585 0.464179277420044 0.466445177793503 0.468711078166962 0.477603137493134 0.488703936338425 0.499804735183716
0.415981888771057 0.419367164373398 0.422752469778061 0.425699293613434 0.427330702543259 0.428962141275406 0.430593550205231 0.432224988937378 0.433856397867203 0.43548783659935 0.437119245529175 0.437524378299713 0.437520742416382 0.437517106533051 0.437513470649719 0.437509834766388 0.437506169080734 0.437502533197403 0.437944352626801 0.439722567796707 0.441500782966614 0.44327899813652 0.445057213306427 0.446835428476334 0.448613613843918 0.450391829013824 0.450977087020874 0.451164722442627 0.451352328062057 0.451539933681488 0.451727569103241 0.451915174722672 0.452102780342102 0.452885270118713 0.4554523229599 0.458019375801086 0.460586428642273 0.46315348148346 0.465720534324646 0.468287587165833 0.470854640007019 0.47909665107727 0.489230275154114 0.499363929033279
0.409123957157135 0.411396682262421 0.413669407367706 0.415809214115143 0.417550206184387 0.419291198253632 0.421032190322876 0.422773212194443 0.424514204263687 0.426255196332932 0.427996218204498 0.429014027118683 0.429790824651718 0.430567592382431 0.431344360113144 0.432121127843857 0.43289789557457 0.433674693107605 0.434802561998367 0.4369837641716 0.439164996147156 0.441346198320389 0.443527400493622 0.445708602666855 0.447889804840088 0.450071036815643 0.450775057077408 0.450986713171005 0.451198369264603 0.4514100253582 0.451621681451797 0.451833337545395 0.452044993638992 0.452920764684677 0.455788969993591 0.458657175302505 0.46152538061142 0.464393585920334 0.467261791229248 0.470129996538162 0.472998201847076 0.480590134859085 0.489756643772125 0.498923122882843
0.40226599574089 0.403426170349121 0.404586344957352 0.405919104814529 0.407769709825516 0.40962028503418 0.411470860242844 0.413321435451508 0.415172010660172 0.417022585868835 0.418873161077499 0.420503705739975 0.422060877084732 0.423618078231812 0.425175249576569 0.426732450723648 0.428289622068405 0.429846823215485 0.431660771369934 0.434244960546494 0.436829179525375 0.439413398504257 0.441997587680817 0.444581806659698 0.447165995836258 0.44975021481514 0.450573027133942 0.450808733701706 0.451044410467148 0.451280117034912 0.451515793800354 0.451751500368118 0.45198717713356 0.452956289052963 0.456125646829605 0.459295004606247 0.462464362382889 0.465633720159531 0.46880304813385 0.471972405910492 0.475141763687134 0.4820836186409 0.490282982587814 0.498482316732407
0.399122625589371 0.39970538020134 0.400288105010986 0.401190370321274 0.403051108121872 0.40491184592247 0.406772553920746 0.408633291721344 0.410494029521942 0.41235476732254 0.414215505123138 0.416143327951431 0.418093532323837 0.420043736696243 0.421993941068649 0.423944115638733 0.425894320011139 0.427844524383545 0.429997742176056 0.432760030031204 0.435522317886353 0.438284605741501 0.441046923398972 0.44380921125412 0.446571499109268 0.449333786964417 0.450182855129242 0.450394183397293 0.450605541467667 0.450816869735718 0.451028198003769 0.45123952627182 0.451450884342194 0.452612966299057 0.456627309322357 0.460641652345657 0.46465602517128 0.46867036819458 0.47268471121788 0.47669905424118 0.480713427066803 0.487234324216843 0.494590729475021 0.501947164535522
0.399693787097931 0.400234252214432 0.400774717330933 0.401622951030731 0.403394401073456 0.405165880918503 0.40693736076355 0.408708810806274 0.410480290651321 0.412251740694046 0.414023220539093 0.415932953357697 0.417888760566711 0.419844567775726 0.421800374984741 0.423756182193756 0.425711989402771 0.427667796611786 0.429813504219055 0.432528972625732 0.435244411230087 0.437959879636765 0.440675348043442 0.443390786647797 0.446106255054474 0.448821723461151 0.449604541063309 0.449743121862411 0.449881702661514 0.450020313262939 0.450158894062042 0.450297474861145 0.45043608546257 0.451890826225281 0.457294017076492 0.462697207927704 0.468100368976593 0.473503559827805 0.478906750679016 0.484309941530228 0.489713132381439 0.496042191982269 0.502679884433746 0.509317576885223
0.400264948606491 0.400763124227524 0.401261329650879 0.402055531740189 0.403737723827362 0.405419945716858 0.407102137804031 0.408784329891205 0.410466521978378 0.412148743867874 0.413830935955048 0.415722548961639 0.417683959007263 0.419645369052887 0.421606808900833 0.423568218946457 0.425529628992081 0.427491039037704 0.429629266262054 0.432297885417938 0.434966534376144 0.437635153532028 0.440303772687912 0.442972391843796 0.445641040802002 0.448309659957886 0.449026197195053 0.449092030525208 0.449157893657684 0.449223726987839 0.449289590120316 0.44935542345047 0.449421286582947 0.451168656349182 0.457960695028305 0.464752733707428 0.471544742584229 0.478336781263351 0.485128790140152 0.491920828819275 0.498712837696075 0.504850089550018 0.510769069194794 0.516687989234924
0.400836080312729 0.401292026042938 0.401747941970825 0.402488112449646 0.404081046581268 0.405673980712891 0.407266914844513 0.408859848976135 0.410452783107758 0.41204571723938 0.413638651371002 0.415512144565582 0.417479187250137 0.41944620013237 0.421413242816925 0.423380255699158 0.425347298383713 0.427314311265945 0.429445028305054 0.432066828012466 0.434688627719879 0.437310427427292 0.439932197332382 0.442553997039795 0.445175796747208 0.44779759645462 0.448447853326797 0.448440968990326 0.448434084653854 0.44842717051506 0.448420286178589 0.448413372039795 0.448406487703323 0.450446516275406 0.458627372980118 0.466808259487152 0.474989116191864 0.483169972896576 0.491350829601288 0.499531716108322 0.507712543010712 0.513657987117767 0.518858194351196 0.52405846118927
0.401407241821289 0.40182089805603 0.402234554290771 0.402920693159103 0.404424369335175 0.405928015708923 0.407431691884995 0.408935368061066 0.410439044237137 0.411942720413208 0.413446366786957 0.415301769971848 0.417274415493011 0.419247031211853 0.421219676733017 0.423192322254181 0.425164937973022 0.427137583494186 0.429260790348053 0.431835740804672 0.434410721063614 0.436985671520233 0.439560651779175 0.442135602235794 0.444710552692413 0.447285532951355 0.447869539260864 0.447789907455444 0.447710245847702 0.447630614042282 0.447550982236862 0.44747132062912 0.4473916888237 0.44972437620163 0.459294080734253 0.468863785266876 0.4784334897995 0.488003194332123 0.497572869062424 0.507142603397369 0.516712307929993 0.522465825080872 0.526947379112244 0.531428873538971
0.401978403329849 0.402349770069122 0.402721136808395 0.403353273868561 0.404767662286758 0.406182080507278 0.407596468925476 0.409010887145996 0.410425275564194 0.411839693784714 0.413254082202911 0.41509136557579 0.417069613933563 0.419047862291336 0.421026110649109 0.423004359006882 0.424982607364655 0.426960825920105 0.429076552391052 0.4316046833992 0.434132814407349 0.436660945415497 0.439189076423645 0.441717207431793 0.444245338439941 0.44677346944809 0.447291195392609 0.44713881611824 0.446986436843872 0.446834057569504 0.446681648492813 0.446529269218445 0.446376889944077 0.449002236127853 0.459960758686066 0.4709193110466 0.481877833604813 0.492836385965347 0.50379490852356 0.514753460884094 0.525712013244629 0.531273722648621 0.535036504268646 0.538799285888672
