data/working_set_collections/6091692-Cassins_Sparrow-M2/2000/gwetroot_avg.asc
NCOLS 265 
NROWS 230 
XLLCORNER -115.5625 
YLLCORNER 24.8333333333333 
CELLSIZE 0.0833333333333333 
NODATA_value -9999 
[rows 20 to 39 of 230, columns 0 to 43 of 265]
0.408734381198883 0.411219537258148 0.413704663515091 0.416189789772034 0.418674945831299 0.421160072088242 0.423645198345184 0.427961111068726 0.4328872859478 0.437813431024551 0.442739605903625 0.447665750980377 0.452591925859451 0.457518070936203 0.461241662502289 0.461357444524765 0.461473196744919 0.461588978767395 0.461704760789871 0.461820542812347 0.461936324834824 0.4620521068573 0.456069260835648 0.448053568601608 0.440037876367569 0.43202218413353 0.42400649189949 0.415990799665451 0.407975107431412 0.402590483427048 0.405099183320999 0.407607853412628 0.41011655330658 0.412625223398209 0.415133893489838 0.417642593383789 0.420151263475418 0.426453053951263 0.434019207954407 0.441585332155228 0.449151486158371 0.456717640161514 0.464283764362335 0.471849918365479
0.403397977352142 0.406163156032562 0.408928334712982 0.411693513393402 0.414458692073822 0.417223870754242 0.419989049434662 0.423489540815353 0.427235156297684 0.430980771780014 0.434726387262344 0.438472002744675 0.442217618227005 0.445963233709335 0.448819488286972 0.449007630348206 0.449195772409439 0.449383914470673 0.449572056531906 0.44976019859314 0.449948340654373 0.450136482715607 0.445034772157669 0.438169777393341 0.431304782629013 0.424439787864685 0.417574793100357 0.410709798336029 0.403844803571701 0.399281144142151 0.401621431112289 0.403961718082428 0.406302005052567 0.408642292022705 0.410982578992844 0.413322895765305 0.415663182735443 0.423913955688477 0.434134930372238 0.444355905056 0.454576879739761 0.464797824621201 0.475018799304962 0.485239773988724
0.398061543703079 0.401106774806976 0.404151976108551 0.407197207212448 0.410242438316345 0.41328763961792 0.416332870721817 0.419017970561981 0.42158305644989 0.424148112535477 0.426713168621063 0.429278254508972 0.431843310594559 0.434408396482468 0.436397314071655 0.436657816171646 0.436918318271637 0.437178820371628 0.437439322471619 0.43769982457161 0.4379603266716 0.438220828771591 0.434000253677368 0.428285956382751 0.422571688890457 0.41685739159584 0.411143094301224 0.405428826808929 0.399714529514313 0.395971775054932 0.39814367890358 0.400315582752228 0.402487486600876 0.404659390449524 0.40683126449585 0.409003168344498 0.411175072193146 0.421374887228012 0.434250682592392 0.447126448154449 0.460002243518829 0.472878038883209 0.485753834247589 0.498629599809647
0.392725110054016 0.396050363779068 0.399375647306442 0.402700901031494 0.406026184558868 0.40935143828392 0.412676692008972 0.414546400308609 0.415930926799774 0.417315453290939 0.418699979782104 0.42008450627327 0.421469002962112 0.422853529453278 0.423975139856339 0.424308001995087 0.424640893936157 0.424973756074905 0.425306618213654 0.425639480352402 0.42597234249115 0.426305204629898 0.422965735197067 0.418402165174484 0.413838565349579 0.409274995326996 0.404711425304413 0.400147825479507 0.395584255456924 0.392662435770035 0.394665956497192 0.396669447422028 0.398672968149185 0.40067645907402 0.402679949998856 0.404683470726013 0.406686961650848 0.418835818767548 0.434366405010223 0.449897021055222 0.46542763710022 0.480958223342896 0.496488839387894 0.512019455432892
0.391233384609222 0.394214808940887 0.397196263074875 0.40017768740654 0.403159111738205 0.40614053606987 0.409121960401535 0.410744369029999 0.411913722753525 0.413083106279373 0.414252460002899 0.415421843528748 0.416591227054596 0.417760580778122 0.418998628854752 0.42044273018837 0.421886801719666 0.423330903053284 0.424775004386902 0.426219075918198 0.427663177251816 0.429107248783112 0.425774574279785 0.420849651098251 0.415924727916718 0.410999804735184 0.40607488155365 0.401149958372116 0.396225035190582 0.392991781234741 0.394833564758301 0.396675318479538 0.398517072200775 0.400358825922012 0.402200609445572 0.404042363166809 0.405884116888046 0.418733388185501 0.435251832008362 0.451770275831223 0.468288689851761 0.484807133674622 0.50132554769516 0.517844021320343
0.393586367368698 0.395600080490112 0.397613793611526 0.399627506732941 0.401641249656677 0.403654962778091 0.405668675899506 0.407611817121506 0.409531444311142 0.411451071500778 0.413370668888092 0.415290296077728 0.417209923267365 0.419129520654678 0.421467781066895 0.425061970949173 0.428656131029129 0.432250291109085 0.435844480991364 0.43943864107132 0.443032801151276 0.446626961231232 0.442426770925522 0.435628473758698 0.428830146789551 0.422031849622726 0.41523352265358 0.408435225486755 0.401636898517609 0.396959841251373 0.398646503686905 0.400333195924759 0.40201985836029 0.403706520795822 0.405393183231354 0.407079875469208 0.408766537904739 0.421067655086517 0.436906933784485 0.452746212482452 0.468585461378098 0.484424740076065 0.50026398897171 0.516103267669678
0.395939350128174 0.396985352039337 0.3980313539505 0.399077355861664 0.400123357772827 0.40116935968399 0.402215391397476 0.404479265213013 0.407149136066437 0.409819006919861 0.412488877773285 0.415158748626709 0.417828619480133 0.420498490333557 0.423936933279037 0.429681181907654 0.43542543053627 0.441169679164886 0.446913927793503 0.452658206224442 0.458402454853058 0.464146703481674 0.459078967571259 0.450407266616821 0.441735565662384 0.433063864707947 0.42439216375351 0.415720492601395 0.407048791646957 0.400927901268005 0.402459472417831 0.403991043567657 0.405522644519806 0.407054215669632 0.408585786819458 0.410117357969284 0.41164892911911 0.423401921987534 0.438562035560608 0.45372211933136 0.468882232904434 0.484042346477509 0.499202460050583 0.514362573623657
0.39829233288765 0.398370623588562 0.398448914289474 0.398527204990387 0.398605495691299 0.398683786392212 0.398762077093124 0.401346743106842 0.404766857624054 0.408186972141266 0.411607086658478 0.41502720117569 0.418447315692902 0.421867430210114 0.42640608549118 0.434300422668457 0.442194759845734 0.45008909702301 0.457983404397964 0.465877741575241 0.473772078752518 0.481666415929794 0.475731164216995 0.465186089277267 0.454640984535217 0.44409590959549 0.433550834655762 0.423005729913712 0.412460654973984 0.404895961284637 0.406272441148758 0.407648921012878 0.409025400876999 0.410401880741119 0.411778390407562 0.413154870271683 0.414531350135803 0.42573618888855 0.440217107534409 0.45469805598259 0.469179004430771 0.483659952878952 0.498140901327133 0.512621819972992
0.400645315647125 0.399755895137787 0.398866474628448 0.39797705411911 0.397087633609772 0.396198213100433 0.395308792591095 0.398214191198349 0.402384549379349 0.406554937362671 0.410725295543671 0.41489565372467 0.41906601190567 0.42323637008667 0.428875237703323 0.43891966342926 0.448964059352875 0.459008485078812 0.469052881002426 0.479097306728363 0.489141702651978 0.499186128377914 0.492383360862732 0.479964882135391 0.467546433210373 0.455127954483032 0.442709475755692 0.430290997028351 0.41787251830101 0.40886402130127 0.410085409879684 0.411306798458099 0.412528187036514 0.413749575614929 0.414970964193344 0.416192352771759 0.417413741350174 0.428070425987244 0.441872209310532 0.45567399263382 0.469475775957108 0.483277559280396 0.497079342603683 0.510881125926971
0.402998268604279 0.401141136884689 0.3992840051651 0.397426873445511 0.395569741725922 0.393712610006332 0.391855478286743 0.395081669092178 0.400002270936966 0.404922872781754 0.409843504428864 0.414764106273651 0.419684708118439 0.424605309963226 0.431344389915466 0.443538904190063 0.455733388662338 0.467927873134613 0.480122357606888 0.492316871881485 0.50451135635376 0.516705870628357 0.509035587310791 0.494743704795837 0.480451852083206 0.466159969568253 0.451868116855621 0.437576234340668 0.423284381628036 0.412832051515579 0.413898348808289 0.41496467590332 0.41603097319603 0.417097270488739 0.418163567781448 0.419229865074158 0.420296162366867 0.43040469288826 0.443527311086655 0.456649929285049 0.469772547483444 0.482895165681839 0.496017783880234 0.509140372276306
0.403497338294983 0.401358485221863 0.399219632148743 0.397080779075623 0.394941926002502 0.392803072929382 0.390664219856262 0.393642425537109 0.398326337337494 0.403010249137878 0.407694131135941 0.412378042936325 0.417061924934387 0.421745836734772 0.428272575139999 0.440327852964401 0.452383130788803 0.464438408613205 0.476493686437607 0.488548964262009 0.500604271888733 0.512659549713135 0.505408465862274 0.491721898317337 0.478035360574722 0.464348793029785 0.45066225528717 0.436975717544556 0.423289179801941 0.413479775190353 0.41530179977417 0.417123824357986 0.418945848941803 0.42076787352562 0.422589898109436 0.424411952495575 0.426233977079391 0.435946673154831 0.448289632797241 0.460632592439651 0.472975522279739 0.48531848192215 0.49766144156456 0.51000440120697
0.402142494916916 0.400407910346985 0.398673325777054 0.396938741207123 0.395204156637192 0.393469572067261 0.39173498749733 0.393896520137787 0.397356748580933 0.400816977024078 0.404277205467224 0.40773743391037 0.411197662353516 0.414657890796661 0.4196597635746 0.429286539554596 0.438913315534592 0.448540091514587 0.458166867494583 0.467793643474579 0.477420419454575 0.48704719543457 0.481501996517181 0.47089946269989 0.460296958684921 0.44969442486763 0.439091920852661 0.42848938703537 0.417886883020401 0.410807132720947 0.414295703172684 0.41778427362442 0.421272873878479 0.424761444330215 0.428250014781952 0.431738585233688 0.435227155685425 0.444696396589279 0.456159174442291 0.467621952295303 0.479084730148315 0.490547508001328 0.50201028585434 0.513473033905029
0.400787651538849 0.399457335472107 0.398127019405365 0.396796703338623 0.395466417074203 0.394136101007462 0.39280578494072 0.394150614738464 0.396387189626694 0.398623734712601 0.40086030960083 0.403096854686737 0.405333429574966 0.407569974660873 0.411046952009201 0.418245226144791 0.42544350028038 0.43264177441597 0.439840048551559 0.447038322687149 0.454236567020416 0.461434841156006 0.457595556974411 0.450077056884766 0.44255855679512 0.435040056705475 0.427521586418152 0.420003086328506 0.412484586238861 0.408134490251541 0.41328963637352 0.418444752693176 0.423599869012833 0.428754985332489 0.433910131454468 0.439065247774124 0.44422036409378 0.453446120023727 0.464028716087341 0.474611312150955 0.485193908214569 0.495776534080505 0.506359159946442 0.516941726207733
0.399432808160782 0.398506760597229 0.397580713033676 0.396654695272446 0.395728647708893 0.39480260014534 0.393876552581787 0.394404709339142 0.395417600870132 0.396430492401123 0.397443383932114 0.398456275463104 0.399469166994095 0.400482058525085 0.402434170246124 0.407203912734985 0.411973685026169 0.416743457317352 0.421513229608536 0.426282972097397 0.43105274438858 0.435822516679764 0.433689087629318 0.429254621267319 0.424820154905319 0.42038568854332 0.41595122218132 0.411516755819321 0.407082289457321 0.405461847782135 0.412283539772034 0.41910520195961 0.425926893949509 0.432748556137085 0.439570218324661 0.44639191031456 0.453213572502136 0.462195813655853 0.471898257732391 0.481600672006607 0.491303116083145 0.501005530357361 0.510707974433899 0.520410418510437
0.398077964782715 0.397556185722351 0.39703443646431 0.396512657403946 0.395990878343582 0.395469099283218 0.394947320222855 0.394658803939819 0.394448012113571 0.394237250089645 0.394026458263397 0.393815696239471 0.393604904413223 0.393394112586975 0.393821358680725 0.39616259932518 0.398503869771957 0.400845140218735 0.40318638086319 0.405527651309967 0.407868891954422 0.410210162401199 0.409782648086548 0.408432215452194 0.407081753015518 0.405731320381165 0.404380887746811 0.403030455112457 0.401679992675781 0.402789235115051 0.411277443170547 0.419765681028366 0.428253889083862 0.436742097139359 0.445230334997177 0.453718543052673 0.462206780910492 0.470945537090302 0.479767799377441 0.488590061664581 0.497412323951721 0.506234586238861 0.515056848526001 0.523879110813141
0.396723121404648 0.396605610847473 0.396488130092621 0.396370619535446 0.396253108978271 0.396135598421097 0.396018087863922 0.394912898540497 0.393478453159332 0.392043977975845 0.390609532594681 0.389175087213516 0.387740641832352 0.386306196451187 0.385208547115326 0.385121315717697 0.385034054517746 0.384946823120117 0.384859561920166 0.384772330522537 0.384685069322586 0.384597837924957 0.385876208543777 0.387609779834747 0.38934338092804 0.391076952219009 0.392810523509979 0.394544124603271 0.396277695894241 0.400116592645645 0.410271346569061 0.4204261302948 0.430580884218216 0.440735667943954 0.450890451669693 0.461045205593109 0.471199989318848 0.479695230722427 0.487637341022491 0.495579421520233 0.503521502017975 0.511463582515717 0.519405663013458 0.527347803115845
0.396923810243607 0.397001326084137 0.397078841924667 0.397156357765198 0.397233873605728 0.397311389446259 0.397388905286789 0.395628869533539 0.393256306648254 0.39088374376297 0.388511180877686 0.386138617992401 0.383766055107117 0.381393522024155 0.379300683736801 0.378047049045563 0.376793384552002 0.375539749860764 0.374286115169525 0.373032480478287 0.371778815984726 0.370525181293488 0.372597604990005 0.37577873468399 0.378959834575653 0.382140964269638 0.385322064161301 0.388503193855286 0.391684293746948 0.396953195333481 0.408485472202301 0.420017719268799 0.431549966335297 0.443082213401794 0.454614460468292 0.466146737337112 0.47767898440361 0.485659509897232 0.492456138134003 0.499252736568451 0.506049394607544 0.512845993041992 0.51964259147644 0.526439249515533
0.398680031299591 0.398743331432343 0.398806601762772 0.398869901895523 0.398933172225952 0.398996472358704 0.399059742689133 0.396806746721268 0.393781632184982 0.390756517648697 0.387731403112411 0.384706288576126 0.381681174039841 0.378656059503555 0.376097738742828 0.374939799308777 0.373781889677048 0.372623950242996 0.371466010808945 0.370308101177216 0.369150161743164 0.367992252111435 0.369946867227554 0.372939020395279 0.375931173563004 0.378923326730728 0.381915509700775 0.3849076628685 0.387899816036224 0.393299102783203 0.405919760465622 0.418540418148041 0.431161105632782 0.443781763315201 0.456402450799942 0.469023108482361 0.48164376616478 0.488838344812393 0.494224190711975 0.499610036611557 0.504995882511139 0.510381758213043 0.515767574310303 0.521153450012207
0.400436252355576 0.400485306978226 0.400534361600876 0.400583416223526 0.400632470846176 0.400681525468826 0.400730580091476 0.397984594106674 0.394306927919388 0.390629261732101 0.386951595544815 0.383273929357529 0.379596263170242 0.375918596982956 0.372894793748856 0.371832579374313 0.370770364999771 0.369708150625229 0.368645936250687 0.367583721876144 0.366521507501602 0.36545929312706 0.367296129465103 0.37009933590889 0.372902542352676 0.375705718994141 0.378508925437927 0.381312102079391 0.384115308523178 0.389644980430603 0.403354048728943 0.417063146829605 0.430772244930267 0.444481313228607 0.458190411329269 0.471899479627609 0.485608577728271 0.492017149925232 0.495992243289948 0.499967336654663 0.503942430019379 0.507917523384094 0.51189261674881 0.515867650508881
0.40219247341156 0.402227312326431 0.40226212143898 0.402296960353851 0.4023317694664 0.402366608381271 0.40240141749382 0.399162471294403 0.394832253456116 0.390502035617828 0.386171787977219 0.381841570138931 0.377511352300644 0.373181134462357 0.369691848754883 0.36872535943985 0.367758840322495 0.366792351007462 0.365825861692429 0.364859342575073 0.36389285326004 0.362926363945007 0.364645421504974 0.367259651422501 0.369873881340027 0.372488111257553 0.375102341175079 0.377716571092606 0.380330801010132 0.385990858078003 0.400788366794586 0.415585845708847 0.43038335442543 0.445180863142014 0.459978371858597 0.47477588057518 0.489573359489441 0.495195984840393 0.49776029586792 0.500324606895447 0.502888917922974 0.505453288555145 0.508017599582672 0.510581910610199
