data/working_set_collections/6091692-Cassins_Sparrow-M2/2000/gwetprof_avg.asc
NCOLS 265 
NROWS 230 
XLLCORNER -115.5625 
YLLCORNER 24.8333333333333 
CELLSIZE 0.0833333333333333 
NODATA_value -9999 
[rows 160 to 179 of 230, columns 220 to 263 of 265]
0.645281791687012 0.633765041828156 0.622248232364655 0.610731422901154 0.603365898132324 0.608454048633575 0.613542199134827 0.618630349636078 0.623718500137329 0.62880665063858 0.633894801139832 0.638982951641083 0.645302295684814 0.652032017707825 0.65876179933548 0.66549152135849 0.6722212433815 0.678951025009155 0.685680747032166 0.691742837429047 0.695801973342896 0.699861109256744 0.703920245170593 0.707979440689087 0.712038576602936 0.716097712516785 0.720156848430634 0.720876157283783 0.720482230186462 0.720088243484497 0.719694316387177 0.719300389289856 0.718906402587891 0.71851247549057 0.720178067684174 0.728022217750549 0.73586642742157 0.743710577487946 0.751554787158966 0.759398937225342 0.767243087291718 0.775087296962738 0.777985453605652 0.779234945774078
0.644270777702332 0.632823288440704 0.621375739574432 0.609928250312805 0.602623343467712 0.607746243476868 0.612869143486023 0.617991983890533 0.623114883899689 0.628237783908844 0.633360683917999 0.638483583927155 0.64552503824234 0.653205990791321 0.660886943340302 0.668567895889282 0.676248848438263 0.683929860591888 0.691610813140869 0.698555111885071 0.70328962802887 0.708024084568024 0.712758541107178 0.717492997646332 0.722227454185486 0.72696191072464 0.731696367263794 0.732036530971527 0.73091197013855 0.729787349700928 0.728662729263306 0.727538108825684 0.726413547992706 0.725288927555084 0.726440966129303 0.734422981739044 0.74240505695343 0.750387072563171 0.758369088172913 0.766351103782654 0.77433317899704 0.782315194606781 0.785331904888153 0.786693572998047
0.64597874879837 0.635688483715057 0.6253981590271 0.615107893943787 0.608525693416595 0.613067805767059 0.617609977722168 0.622152090072632 0.626694202423096 0.631236374378204 0.635778486728668 0.640320599079132 0.647740364074707 0.656119287014008 0.664498269557953 0.672877192497253 0.681256115436554 0.689635097980499 0.6980140209198 0.705533683300018 0.710475444793701 0.715417206287384 0.720359027385712 0.725300788879395 0.730242550373077 0.73518431186676 0.740126132965088 0.739917039871216 0.737991034984589 0.736064970493317 0.73413896560669 0.732212960720062 0.73028689622879 0.728360891342163 0.728875875473022 0.736713886260986 0.744551956653595 0.752389967441559 0.760227978229523 0.768065989017487 0.77590399980545 0.783742010593414 0.786686718463898 0.788000285625458
0.650405704975128 0.64236056804657 0.634315431118011 0.626270294189453 0.621072947978973 0.624418795108795 0.627764701843262 0.631110548973083 0.63445645570755 0.637802302837372 0.641148149967194 0.64449405670166 0.651948273181915 0.66077196598053 0.669595658779144 0.678419351577759 0.687243044376373 0.696066737174988 0.704890429973602 0.7126784324646 0.71735954284668 0.72204065322876 0.726721704006195 0.731402814388275 0.73608386516571 0.74076497554779 0.745446026325226 0.744517683982849 0.741719484329224 0.738921225070953 0.736123025417328 0.733324825763702 0.730526626110077 0.727728426456451 0.727482795715332 0.734894931316376 0.742307126522064 0.749719262123108 0.757131397724152 0.764543533325195 0.771955668926239 0.779367864131927 0.782049834728241 0.783155143260956
0.654832661151886 0.649032711982727 0.643232762813568 0.637432754039764 0.633620202541351 0.635769784450531 0.637919425964355 0.640069007873535 0.64221864938736 0.644368231296539 0.646517872810364 0.648667454719543 0.656156182289124 0.665424644947052 0.674693048000336 0.683961510658264 0.693229973316193 0.702498376369476 0.711766839027405 0.719823241233826 0.724243640899658 0.728664040565491 0.733084440231323 0.737504780292511 0.741925179958344 0.746345579624176 0.750765979290009 0.749118268489838 0.745447874069214 0.741777539253235 0.738107144832611 0.734436750411987 0.730766355991364 0.72709596157074 0.726089715957642 0.73307603597641 0.740062296390533 0.747048556804657 0.75403481721878 0.761021077632904 0.768007397651672 0.774993658065796 0.777413010597229 0.778310000896454
0.659259676933289 0.655704855918884 0.65215003490448 0.648595213890076 0.646167457103729 0.647120773792267 0.648074150085449 0.649027526378632 0.649980843067169 0.650934219360352 0.651887536048889 0.652840912342072 0.660364151000977 0.670077323913574 0.679790496826172 0.68950366973877 0.699216842651367 0.708930015563965 0.718643188476562 0.726968050003052 0.731127738952637 0.735287427902222 0.739447116851807 0.743606805801392 0.747766494750977 0.751926183700562 0.756085932254791 0.753718912601471 0.749176323413849 0.744633793830872 0.74009120464325 0.735548615455627 0.73100608587265 0.726463496685028 0.724696636199951 0.731257081031799 0.737817466259003 0.744377851486206 0.750938236713409 0.757498681545258 0.764059066772461 0.770619451999664 0.772776126861572 0.773464858531952
0.663686633110046 0.662376940250397 0.661067306995392 0.659757673740387 0.658714711666107 0.658471822738647 0.658228874206543 0.657985985279083 0.657743036746979 0.657500147819519 0.657257258892059 0.657014310359955 0.664572060108185 0.674730002880096 0.684887886047363 0.695045828819275 0.705203771591187 0.715361654758453 0.725519597530365 0.734112799167633 0.738011837005615 0.741910815238953 0.74580979347229 0.749708831310272 0.75360780954361 0.757506847381592 0.761405825614929 0.75831949710846 0.752904772758484 0.747490048408508 0.742075264453888 0.736660540103912 0.731245756149292 0.725831031799316 0.723303616046906 0.729438126087189 0.735572636127472 0.741707146167755 0.747841715812683 0.753976225852966 0.76011073589325 0.766245245933533 0.768139243125916 0.76861971616745
0.668113589286804 0.669049084186554 0.669984579086304 0.670920133590698 0.671261966228485 0.669822812080383 0.668383598327637 0.666944444179535 0.665505290031433 0.664066076278687 0.662626922130585 0.661187767982483 0.668779969215393 0.679382622241974 0.6899853348732 0.70058798789978 0.711190640926361 0.721793353557587 0.732396006584167 0.741257607936859 0.744895875453949 0.748534202575684 0.752172529697418 0.755810856819153 0.759449124336243 0.763087451457977 0.766725778579712 0.762920141220093 0.756633222103119 0.750346302986145 0.744059324264526 0.737772405147552 0.731485486030579 0.725198566913605 0.721910536289215 0.727619171142578 0.733327805995941 0.739036500453949 0.744745135307312 0.750453770160675 0.756162405014038 0.761871099472046 0.763502418994904 0.763774633407593
0.670237720012665 0.671726524829865 0.673215329647064 0.674704134464264 0.675531387329102 0.674373984336853 0.673216581344604 0.672059178352356 0.670901775360107 0.669744372367859 0.66858696937561 0.667429566383362 0.674921274185181 0.685295939445496 0.695670664310455 0.706045389175415 0.71642005443573 0.72679477930069 0.737169444561005 0.745721220970154 0.748804092407227 0.751887023448944 0.754969894886017 0.75805276632309 0.761135697364807 0.76421856880188 0.767301440238953 0.763127863407135 0.756535470485687 0.74994307756424 0.743350684642792 0.736758291721344 0.730165898799896 0.723573446273804 0.719955205917358 0.725259244441986 0.730563342571259 0.735867440700531 0.741171538829803 0.746475577354431 0.751779675483704 0.757083773612976 0.758560836315155 0.758762240409851
0.670059025287628 0.670409262180328 0.670759439468384 0.671109676361084 0.671522915363312 0.672125339508057 0.672727763652802 0.673330128192902 0.673932552337646 0.674534976482391 0.675137400627136 0.675739824771881 0.682995915412903 0.692469954490662 0.701943933963776 0.711417973041534 0.720891952514648 0.730365991592407 0.739839971065521 0.747503697872162 0.749736428260803 0.751969158649445 0.754201948642731 0.756434679031372 0.758667409420013 0.7609001994133 0.763132929801941 0.758942723274231 0.752611577510834 0.746280431747437 0.739949285984039 0.733618080615997 0.7272869348526 0.720955789089203 0.717437624931335 0.722358405590057 0.727279245853424 0.732200086116791 0.737120866775513 0.742041707038879 0.746962547302246 0.751883327960968 0.753314554691315 0.75358259677887
0.669880330562592 0.669091939926147 0.668303608894348 0.667515218257904 0.667514443397522 0.66987669467926 0.672238886356354 0.674601137638092 0.67696338891983 0.679325580596924 0.681687831878662 0.684050023555756 0.691070556640625 0.699643909931183 0.708217203617096 0.716790556907654 0.725363850593567 0.733937203884125 0.742510497570038 0.749286115169525 0.75066876411438 0.75205135345459 0.7534339427948 0.754816591739655 0.756199181079865 0.757581770420074 0.758964419364929 0.754757583141327 0.74868768453598 0.742617785930634 0.736547827720642 0.730477929115295 0.724407970905304 0.718338072299957 0.714920043945312 0.719457566738129 0.72399514913559 0.728532671928406 0.733070254325867 0.737607836723328 0.742145359516144 0.746682941913605 0.748068273067474 0.748402953147888
0.6697016954422 0.667774677276611 0.665847718715668 0.663920760154724 0.663506031036377 0.667628049850464 0.671750068664551 0.675872147083282 0.679994165897369 0.684116184711456 0.688238203525543 0.692360281944275 0.699145257472992 0.706817865371704 0.714490473270416 0.722163140773773 0.729835748672485 0.737508356571198 0.745181024074554 0.751068592071533 0.751601040363312 0.752133548259735 0.752665996551514 0.753198444843292 0.753730952739716 0.754263401031494 0.754795849323273 0.750572443008423 0.744763791561127 0.738955080509186 0.73314642906189 0.727337718009949 0.721529066562653 0.715720355510712 0.71240246295929 0.7165567278862 0.720711052417755 0.724865317344666 0.729019641876221 0.733173906803131 -9999 -9999 -9999 -9999
0.669523000717163 0.666457414627075 0.663391828536987 0.660326302051544 0.659497559070587 0.665379405021667 0.671261250972748 0.677143096923828 0.683024942874908 0.688906788825989 0.694788634777069 0.700670480728149 0.707219898700714 0.713991820812225 0.720763802528381 0.727535724639893 0.734307646751404 0.741079568862915 0.747851550579071 0.752851068973541 0.752533376216888 0.752215683460236 0.751898050308228 0.751580357551575 0.751262664794922 0.750944972038269 0.750627338886261 -9999 -9999 0.735292434692383 0.729745030403137 0.724197566509247 0.718650102615356 0.713102698326111 0.709884881973267 0.713655889034271 -9999 -9999 -9999 -9999 -9999 -9999 -9999 -9999
0.669344305992126 0.665140151977539 0.660935997962952 0.656731843948364 0.655489087104797 0.663130760192871 0.670772433280945 0.678414106369019 0.686055719852448 0.693697392940521 0.701339066028595 0.708980739116669 0.715294599533081 0.721165835857391 0.727037072181702 0.732908308506012 0.738779544830322 0.744650781154633 0.750522017478943 0.754633545875549 0.753465712070465 0.752297878265381 0.751130044460297 0.749962270259857 0.748794436454773 0.747626602649689 0.746458768844604 0.742202162742615 -9999 -9999 0.72634357213974 0.7210573554039 -9999 0.710484981536865 -9999 -9999 -9999 -9999 -9999 -9999 -9999 -9999 -9999 -9999
0.671268224716187 0.66696447134018 0.662660717964172 0.658356964588165 0.657181262969971 0.665389716625214 0.673598110675812 0.681806564331055 0.690014958381653 0.698223352432251 0.706431806087494 0.714640200138092 0.720364511013031 0.725260734558105 0.730157017707825 0.735053241252899 0.739949524402618 0.744845747947693 0.749741971492767 0.75298935174942 0.751289963722229 0.749590575695038 0.747891247272491 0.7461918592453 0.744492471218109 0.742793142795563 0.741093754768372 0.737175762653351 0.732518315315247 -9999 -9999 0.718545794487 -9999 -9999 -9999 -9999 -9999 -9999 -9999 -9999 -9999 -9999 -9999 -9999
0.675294816493988 0.671930432319641 0.668566107749939 0.665201783180237 0.664574086666107 0.67215621471405 0.679738342761993 0.687320470809937 0.69490259885788 0.702484726905823 0.710066854953766 0.717648983001709 0.722429692745209 0.726276636123657 0.730123579502106 0.733970522880554 0.737817466259003 0.741664409637451 0.7455113530159 0.747918486595154 0.746006190776825 0.744093835353851 0.742181539535522 0.740269184112549 0.73835688829422 0.736444532871246 0.734532237052917 0.731308162212372 -9999 -9999 -9999 -9999 -9999 -9999 -9999 -9999 -9999 -9999 -9999 -9999 -9999 -9999 -9999 -9999
0.679321348667145 0.676896452903748 0.674471497535706 0.672046601772308 0.671966850757599 0.678922712802887 0.68587851524353 0.692834377288818 0.699790239334106 0.70674604177475 0.713701903820038 0.720657765865326 0.724494934082031 0.727292597293854 0.730090200901031 0.732887864112854 0.735685467720032 0.738483130931854 0.741280734539032 0.742847681045532 0.740722358226776 0.738597095012665 0.736471831798553 0.734346568584442 0.732221245765686 0.730095982551575 0.727970719337463 -9999 -9999 -9999 -9999 -9999 -9999 -9999 -9999 -9999 -9999 -9999 -9999 -9999 -9999 -9999 -9999 -9999
0.683347940444946 0.681862413883209 0.680376887321472 0.678891360759735 0.679359614849091 0.685689151287079 0.692018747329712 0.6983482837677 0.704677820205688 0.711007416248322 0.71733695268631 0.723666489124298 0.726560175418854 0.728308498859406 0.730056822299957 0.731805145740509 0.733553469181061 0.735301792621613 0.737050116062164 0.737776815891266 0.735438585281372 0.733100354671478 0.730762124061584 0.728423893451691 0.726085662841797 0.723747432231903 -9999 0.719572901725769 -9999 -9999 -9999 -9999 -9999 -9999 -9999 -9999 -9999 -9999 -9999 -9999 -9999 -9999 -9999 -9999
0.687374472618103 0.686828374862671 0.686282277107239 0.685736179351807 0.686752378940582 0.692455649375916 0.698158919811249 0.703862190246582 0.709565460681915 0.715268731117249 0.720972001552582 0.726675271987915 0.728625357151031 0.729324400424957 0.730023384094238 0.730722427368164 0.73142147064209 0.732120513916016 0.732819497585297 0.732706010341644 0.730154812335968 0.727603614330292 0.725052416324615 0.722501218318939 0.719950020313263 0.717398822307587 -9999 -9999 -9999 -9999 -9999 -9999 -9999 -9999 -9999 -9999 -9999 -9999 -9999 -9999 -9999 -9999 -9999 -9999
0.691401064395905 0.691794335842133 0.692187666893005 0.692580938339233 0.694145202636719 0.699222147464752 0.70429915189743 0.709376096725464 0.714453101158142 0.71953010559082 0.724607050418854 0.729684054851532 0.730690598487854 0.730340301990509 0.729990005493164 0.729639708995819 0.729289472103119 0.728939175605774 0.728588879108429 0.727635145187378 0.724870979785919 0.722106873989105 0.719342708587646 0.716578543186188 0.713814437389374 -9999 -9999 -9999 -9999 -9999 -9999 -9999 -9999 -9999 -9999 -9999 -9999 -9999 -9999 -9999 -9999 -9999 -9999 -9999
