data/working_set_collections/6091692-Cassins_Sparrow-M2/2000/lwgnt_avg.asc
NCOLS 265 
NROWS 230 
XLLCORNER -115.5625 
YLLCORNER 24.8333333333333 
CELLSIZE 0.0833333333333333 
NODATA_value -9999 
[rows 100 to 119 of 230, columns 0 to 43 of 265]
-114.19091796875 -114.402862548828 -114.614799499512 -114.82674407959 -115.038681030273 -115.250617980957 -115.462562561035 -115.284889221191 -114.977340698242 -114.669792175293 -114.362243652344 -114.054695129395 -113.747146606445 -113.439598083496 -113.13215637207 -112.82502746582 -112.51789855957 -112.210777282715 -111.903648376465 -111.596519470215 -111.289390563965 -110.982261657715 -110.847785949707 -110.770866394043 -110.693946838379 -110.617027282715 -110.540107727051 -110.463188171387 -110.386268615723 -110.288276672363 -110.127082824707 -109.965881347656 -109.804679870605 -109.643486022949 -109.482284545898 -109.321083068848 -109.159889221191 -108.985321044922 -108.806297302246 -108.62727355957 -108.448249816895 -108.269226074219 -108.090202331543 -107.911178588867
-114.149391174316 -114.294898986816 -114.440406799316 -114.585914611816 -114.731422424316 -114.876930236816 -115.022438049316 -114.864723205566 -114.605934143066 -114.347145080566 -114.088356018066 -113.829566955566 -113.570777893066 -113.311988830566 -113.043601989746 -112.746421813965 -112.449234008789 -112.152046203613 -111.854866027832 -111.557678222656 -111.26049041748 -110.963310241699 -110.845481872559 -110.787445068359 -110.729400634766 -110.671363830566 -110.613327026367 -110.555290222168 -110.497245788574 -110.415618896484 -110.263198852539 -110.110786437988 -109.958374023438 -109.805961608887 -109.653549194336 -109.501129150391 -109.34871673584 -109.134101867676 -108.898742675781 -108.663391113281 -108.428039550781 -108.192680358887 -107.957328796387 -107.721977233887
-114.186325073242 -114.293983459473 -114.401641845703 -114.509300231934 -114.616958618164 -114.724624633789 -114.83228302002 -114.690605163574 -114.4658203125 -114.241027832031 -114.016242980957 -113.791458129883 -113.566665649414 -113.34188079834 -113.099853515625 -112.806106567383 -112.512351989746 -112.218605041504 -111.924858093262 -111.631103515625 -111.337356567383 -111.043609619141 -110.928680419922 -110.873352050781 -110.818031311035 -110.762710571289 -110.707389831543 -110.652069091797 -110.596740722656 -110.518020629883 -110.369117736816 -110.220207214355 -110.071296691895 -109.922393798828 -109.773483276367 -109.624572753906 -109.475662231445 -109.17546081543 -108.824829101562 -108.474197387695 -108.123558044434 -107.772926330566 -107.422294616699 -107.071662902832
-114.301727294922 -114.400123596191 -114.498512268066 -114.596908569336 -114.695297241211 -114.79369354248 -114.892082214355 -114.76252746582 -114.556983947754 -114.351440429688 -114.145896911621 -113.940353393555 -113.734809875488 -113.529266357422 -113.300903320312 -113.004081726074 -112.70726776123 -112.410446166992 -112.113624572754 -111.816802978516 -111.519981384277 -111.223159790039 -111.097381591797 -111.028610229492 -110.959838867188 -110.891067504883 -110.822296142578 -110.753524780273 -110.684753417969 -110.595504760742 -110.44482421875 -110.294143676758 -110.143455505371 -109.992774963379 -109.842094421387 -109.691413879395 -109.540725708008 -109.109413146973 -108.584548950195 -108.059684753418 -107.534820556641 -107.009956359863 -106.485092163086 -105.960235595703
-114.417129516602 -114.506256103516 -114.59538269043 -114.684509277344 -114.773635864258 -114.862762451172 -114.951889038086 -114.834449768066 -114.648147583008 -114.461853027344 -114.275550842285 -114.089248657227 -113.902954101562 -113.716651916504 -113.501960754395 -113.20206451416 -112.90217590332 -112.60228729248 -112.302391052246 -112.002502441406 -111.702613830566 -111.402717590332 -111.266082763672 -111.183860778809 -111.10164642334 -111.019424438477 -110.937202453613 -110.854988098145 -110.772766113281 -110.672988891602 -110.520530700684 -110.368072509766 -110.215614318848 -110.063163757324 -109.910705566406 -109.758247375488 -109.60578918457 -109.043357849121 -108.344268798828 -107.645172119141 -106.946083068848 -106.24698638916 -105.547897338867 -104.848808288574
-114.532531738281 -114.612396240234 -114.692253112793 -114.772117614746 -114.851974487305 -114.931831359863 -115.011695861816 -114.906364440918 -114.739311218262 -114.572257995605 -114.405204772949 -114.238151550293 -114.071098327637 -113.90404510498 -113.703010559082 -113.400047302246 -113.09708404541 -112.794120788574 -112.491165161133 -112.188201904297 -111.885238647461 -111.582275390625 -111.434783935547 -111.33911895752 -111.243446350098 -111.14778137207 -111.052116394043 -110.956443786621 -110.860778808594 -110.750473022461 -110.596237182617 -110.442008972168 -110.287780761719 -110.133544921875 -109.979316711426 -109.825088500977 -109.670852661133 -108.97730255127 -108.103988647461 -107.230667114258 -106.357345581055 -105.484024047852 -104.610702514648 -103.737380981445
-114.647933959961 -114.718528747559 -114.789123535156 -114.859718322754 -114.930313110352 -115.000900268555 -115.071495056152 -114.978286743164 -114.830474853516 -114.682670593262 -114.534858703613 -114.387046813965 -114.239242553711 -114.091430664062 -113.90406036377 -113.598030090332 -113.291999816895 -112.985961914062 -112.679931640625 -112.373901367188 -112.067863464355 -111.761833190918 -111.603485107422 -111.494369506836 -111.38525390625 -111.276138305664 -111.167022705078 -111.057907104492 -110.948791503906 -110.827949523926 -110.671943664551 -110.51594543457 -110.359939575195 -110.20393371582 -110.047927856445 -109.89192199707 -109.735916137695 -108.911254882812 -107.863700866699 -106.81615447998 -105.768600463867 -104.721054077148 -103.673500061035 -102.625953674316
-114.763343811035 -114.824668884277 -114.88599395752 -114.947319030762 -115.008651733398 -115.069976806641 -115.131301879883 -115.05020904541 -114.921646118164 -114.793075561523 -114.664512634277 -114.535949707031 -114.407379150391 -114.278816223145 -114.105117797852 -113.796012878418 -113.486907958984 -113.177803039551 -112.868698120117 -112.559593200684 -112.250495910645 -111.941390991211 -111.772186279297 -111.649627685547 -111.527061462402 -111.404495239258 -111.281929016113 -111.159362792969 -111.036804199219 -110.905433654785 -110.747657775879 -110.589874267578 -110.432098388672 -110.274314880371 -110.116539001465 -109.958763122559 -109.800979614258 -108.845199584961 -107.623420715332 -106.401641845703 -105.179862976074 -103.958084106445 -102.736305236816 -101.514526367188
-115.036239624023 -115.071067810059 -115.105903625488 -115.140731811523 -115.175567626953 -115.210395812988 -115.245223999023 -115.170570373535 -115.059417724609 -114.948265075684 -114.837104797363 -114.725952148438 -114.614799499512 -114.503646850586 -114.343475341797 -114.036247253418 -113.729019165039 -113.42179107666 -113.114562988281 -112.807334899902 -112.500106811523 -112.192878723145 -112.016693115234 -111.884185791016 -111.751678466797 -111.619178771973 -111.486671447754 -111.354164123535 -111.221664428711 -111.06893157959 -110.855522155762 -110.642112731934 -110.428703308105 -110.215293884277 -110.001884460449 -109.788475036621 -109.575065612793 -108.63890838623 -107.46183013916 -106.28475189209 -105.10767364502 -103.930595397949 -102.753524780273 -101.576446533203
-115.46662902832 -115.457733154297 -115.448844909668 -115.439949035645 -115.431060791016 -115.422164916992 -115.413276672363 -115.339370727539 -115.243797302246 -115.148223876953 -115.052642822266 -114.957069396973 -114.86149597168 -114.765922546387 -114.619140625 -114.318733215332 -114.018325805664 -113.717918395996 -113.417518615723 -113.117111206055 -112.816703796387 -112.516304016113 -112.33699798584 -112.198059082031 -112.059120178223 -111.920181274414 -111.78125 -111.642311096191 -111.503372192383 -111.31844329834 -110.995544433594 -110.672653198242 -110.349754333496 -110.02685546875 -109.703964233398 -109.381065368652 -109.058166503906 -108.292366027832 -107.378921508789 -106.465476989746 -105.552040100098 -104.638595581055 -103.725151062012 -102.811714172363
-115.897018432617 -115.84440612793 -115.791786193848 -115.73917388916 -115.686553955078 -115.633941650391 -115.581321716309 -115.508171081543 -115.428176879883 -115.348182678223 -115.268180847168 -115.188186645508 -115.108192443848 -115.028190612793 -114.894798278809 -114.601219177246 -114.307632446289 -114.014053344727 -113.720474243164 -113.426887512207 -113.133308410645 -112.839721679688 -112.657302856445 -112.511932373047 -112.366561889648 -112.22119140625 -112.075820922852 -111.930450439453 -111.785079956055 -111.56795501709 -111.13557434082 -110.703186035156 -110.270805358887 -109.838424682617 -109.406036376953 -108.973655700684 -108.541275024414 -107.945823669434 -107.296012878418 -106.646209716797 -105.996398925781 -105.34659576416 -104.696784973145 -104.046981811523
-116.327407836914 -116.231071472168 -116.134727478027 -116.038391113281 -115.942054748535 -115.845710754395 -115.749374389648 -115.676971435547 -115.61255645752 -115.548141479492 -115.48371887207 -115.419303894043 -115.354881286621 -115.290466308594 -115.170463562012 -114.88370513916 -114.596946716309 -114.310188293457 -114.023429870605 -113.736663818359 -113.449905395508 -113.163146972656 -112.977607727051 -112.825805664062 -112.674003601074 -112.522201538086 -112.370391845703 -112.218589782715 -112.066787719727 -111.81746673584 -111.275596618652 -110.733726501465 -110.191856384277 -109.64998626709 -109.108116149902 -108.566246032715 -108.024375915527 -107.599281311035 -107.213104248047 -106.826934814453 -106.440757751465 -106.054588317871 -105.668418884277 -105.282241821289
-116.757797241211 -116.617736816406 -116.477676391602 -116.337608337402 -116.197547912598 -116.057479858398 -115.917419433594 -115.845771789551 -115.796936035156 -115.748100280762 -115.699256896973 -115.650421142578 -115.601577758789 -115.552742004395 -115.446128845215 -115.166191101074 -114.886253356934 -114.606315612793 -114.326377868652 -114.046447753906 -113.766510009766 -113.486572265625 -113.297912597656 -113.139678955078 -112.981437683105 -112.823204040527 -112.664970397949 -112.506736755371 -112.348495483398 -112.066986083984 -111.415626525879 -110.764266967773 -110.112907409668 -109.461547851562 -108.810195922852 -108.158836364746 -107.507476806641 -107.252738952637 -107.130195617676 -107.007659912109 -106.885124206543 -106.762588500977 -106.640045166016 -106.517509460449
-117.188186645508 -117.004402160645 -116.820617675781 -116.636825561523 -116.45304107666 -116.269256591797 -116.085464477539 -116.014579772949 -115.981315612793 -115.948059082031 -115.914794921875 -115.881538391113 -115.848274230957 -115.815017700195 -115.721794128418 -115.448677062988 -115.175559997559 -114.902450561523 -114.629333496094 -114.356224060059 -114.083106994629 -113.809997558594 -113.618217468262 -113.453544616699 -113.288879394531 -113.124214172363 -112.959541320801 -112.794876098633 -112.630210876465 -112.316497802734 -111.555648803711 -110.794807434082 -110.033958435059 -109.27311706543 -108.512268066406 -107.751426696777 -106.990585327148 -106.906196594238 -107.047286987305 -107.188385009766 -107.329483032227 -107.470581054688 -107.611679077148 -107.752777099609
-117.302764892578 -117.117729187012 -116.932693481445 -116.747657775879 -116.562622070312 -116.377586364746 -116.19255065918 -116.118209838867 -116.080764770508 -116.043327331543 -116.005882263184 -115.968437194824 -115.930999755859 -115.8935546875 -115.798599243164 -115.531105041504 -115.263610839844 -114.996124267578 -114.728630065918 -114.461135864258 -114.193641662598 -113.926147460938 -113.73380279541 -113.566505432129 -113.399208068848 -113.231910705566 -113.064613342285 -112.897315979004 -112.730018615723 -112.416694641113 -111.66529083252 -110.913887023926 -110.162490844727 -109.411087036133 -108.659683227539 -107.90828704834 -107.156883239746 -107.137420654297 -107.361938476562 -107.586456298828 -107.810974121094 -108.035484313965 -108.26000213623 -108.484519958496
-117.101524353027 -116.957717895508 -116.813903808594 -116.670097351074 -116.526290893555 -116.382476806641 -116.238670349121 -116.156677246094 -116.095291137695 -116.033905029297 -115.972518920898 -115.9111328125 -115.849746704102 -115.788360595703 -115.676551818848 -115.413482666016 -115.150405883789 -114.887329101562 -114.62425994873 -114.361183166504 -114.098114013672 -113.835037231445 -113.644676208496 -113.478553771973 -113.312423706055 -113.146301269531 -112.980178833008 -112.81404876709 -112.647926330566 -112.367576599121 -111.744552612305 -111.121520996094 -110.498497009277 -109.875465393066 -109.252433776855 -108.629409790039 -108.006378173828 -107.946418762207 -108.07413482666 -108.201858520508 -108.329582214355 -108.457298278809 -108.585021972656 -108.712745666504
-116.900283813477 -116.797698974609 -116.695114135742 -116.59253692627 -116.489952087402 -116.387367248535 -116.284790039062 -116.19514465332 -116.109817504883 -116.024482727051 -115.939155578613 -115.853828430176 -115.768501281738 -115.683166503906 -115.554512023926 -115.295852661133 -115.037200927734 -114.778541564941 -114.519889831543 -114.26123046875 -114.002578735352 -113.743919372559 -113.555541992188 -113.390594482422 -113.225639343262 -113.060691833496 -112.89574432373 -112.73078918457 -112.565841674805 -112.318458557129 -111.823806762695 -111.329154968262 -110.834495544434 -110.33984375 -109.845191955566 -109.350532531738 -108.855880737305 -108.755409240723 -108.786338806152 -108.817260742188 -108.848190307617 -108.879112243652 -108.910041809082 -108.940971374512
-116.699043273926 -116.637687683105 -116.576332092285 -116.51496887207 -116.45361328125 -116.39225769043 -116.330902099609 -116.233612060547 -116.124336242676 -116.015068054199 -115.905792236328 -115.796524047852 -115.68724822998 -115.577980041504 -115.432464599609 -115.178230285645 -114.923988342285 -114.66975402832 -114.415519714355 -114.161285400391 -113.907043457031 -113.652809143066 -113.466415405273 -113.302635192871 -113.138862609863 -112.975082397461 -112.811302185059 -112.647529602051 -112.483749389648 -112.269348144531 -111.903060913086 -111.536781311035 -111.170501708984 -110.804222106934 -110.437942504883 -110.071655273438 -109.705375671387 -109.564407348633 -109.49853515625 -109.432670593262 -109.366798400879 -109.300933837891 -109.235061645508 -109.169189453125
-116.49779510498 -116.477668762207 -116.457542419434 -116.437408447266 -116.417282104492 -116.397155761719 -116.377021789551 -116.272079467773 -116.138862609863 -116.005645751953 -115.872428894043 -115.739219665527 -115.606002807617 -115.472785949707 -115.310417175293 -115.060600280762 -114.81078338623 -114.560966491699 -114.311149597168 -114.061332702637 -113.811515808105 -113.561698913574 -113.377288818359 -113.214683532715 -113.05207824707 -112.889472961426 -112.726867675781 -112.564262390137 -112.401657104492 -112.220230102539 -111.982322692871 -111.744415283203 -111.506507873535 -111.268600463867 -111.030693054199 -110.792785644531 -110.554878234863 -110.373397827148 -110.210739135742 -110.048072814941 -109.885406494141 -109.722747802734 -109.560081481934 -109.397415161133
-116.29655456543 -116.317657470703 -116.338752746582 -116.359848022461 -116.38094329834 -116.402046203613 -116.423141479492 -116.310546875 -116.153388977051 -115.996231079102 -115.839065551758 -115.681907653809 -115.524749755859 -115.36759185791 -115.188377380371 -114.942977905273 -114.697578430176 -114.452178955078 -114.20677947998 -113.961380004883 -113.715980529785 -113.470581054688 -113.288154602051 -113.126724243164 -112.965293884277 -112.803863525391 -112.642433166504 -112.481002807617 -112.31957244873 -112.171112060547 -112.061576843262 -111.952041625977 -111.842506408691 -111.732978820801 -111.623443603516 -111.51390838623 -111.404373168945 -111.182395935059 -110.92293548584 -110.663475036621 -110.404014587402 -110.144561767578 -109.885101318359 -109.625640869141
