data/working_set_collections/6091692-Cassins_Sparrow-M2/2000/lwgnt_avg.asc
NCOLS 265 
NROWS 230 
XLLCORNER -115.5625 
YLLCORNER 24.8333333333333 
CELLSIZE 0.0833333333333333 
NODATA_value -9999 
[rows 100 to 119 of 230, columns 44 to 87 of 265]
-107.886993408203 -108.327339172363 -108.767677307129 -109.208023071289 -109.648368835449 -110.088706970215 -110.529052734375 -110.969398498535 -110.94677734375 -110.769828796387 -110.592887878418 -110.415939331055 -110.238998413086 -110.062049865723 -109.885108947754 -109.769508361816 -109.837951660156 -109.906402587891 -109.97484588623 -110.043296813965 -110.111740112305 -110.180183410645 -110.248634338379 -110.213150024414 -110.143020629883 -110.072891235352 -110.00276184082 -109.932632446289 -109.862503051758 -109.792373657227 -109.729354858398 -109.687644958496 -109.645942687988 -109.604232788086 -109.562530517578 -109.520820617676 -109.479118347168 -109.43741607666 -109.284683227539 -109.094947814941 -108.905212402344 -108.715476989746 -108.525741577148 -108.336006164551
-107.681350708008 -108.224937438965 -108.768516540527 -109.31209564209 -109.855674743652 -110.399253845215 -110.942840576172 -111.486419677734 -111.443504333496 -111.205093383789 -110.966682434082 -110.72826385498 -110.489852905273 -110.251441955566 -110.013031005859 -109.853134155273 -109.928802490234 -110.004463195801 -110.080131530762 -110.155799865723 -110.231460571289 -110.30712890625 -110.382797241211 -110.339851379395 -110.257362365723 -110.174880981445 -110.092399597168 -110.009918212891 -109.927429199219 -109.844947814941 -109.775100708008 -109.743141174316 -109.71118927002 -109.679237365723 -109.647277832031 -109.615325927734 -109.583366394043 -109.551414489746 -109.415283203125 -109.244430541992 -109.073570251465 -108.902717590332 -108.731857299805 -108.561004638672
-106.966323852539 -107.596900939941 -108.227470397949 -108.858039855957 -109.488609313965 -110.119178771973 -110.74974822998 -111.380325317383 -111.375091552734 -111.157928466797 -110.940765380859 -110.723602294922 -110.50643157959 -110.289268493652 -110.072105407715 -109.92512512207 -109.988700866699 -110.052268981934 -110.115844726562 -110.179420471191 -110.242988586426 -110.306564331055 -110.370132446289 -110.326278686523 -110.246620178223 -110.166954040527 -110.087295532227 -110.007629394531 -109.92797088623 -109.848304748535 -109.782646179199 -109.758987426758 -109.735328674316 -109.711669921875 -109.688003540039 -109.664344787598 -109.640686035156 -109.617027282715 -109.507926940918 -109.370346069336 -109.232772827148 -109.095191955566 -108.957611083984 -108.820030212402
-105.741912841797 -106.443229675293 -107.144538879395 -107.845855712891 -108.547164916992 -109.248481750488 -109.94979095459 -110.651107788086 -110.741539001465 -110.62833404541 -110.51513671875 -110.40193939209 -110.288734436035 -110.175537109375 -110.062339782715 -109.985481262207 -110.017646789551 -110.049819946289 -110.081985473633 -110.114151000977 -110.14631652832 -110.178482055664 -110.210655212402 -110.17244720459 -110.110778808594 -110.049110412598 -109.987449645996 -109.92578125 -109.864112854004 -109.802452087402 -109.751998901367 -109.735176086426 -109.718353271484 -109.701530456543 -109.684707641602 -109.667892456055 -109.651069641113 -109.634246826172 -109.562614440918 -109.472709655762 -109.382804870605 -109.292907714844 -109.203002929688 -109.113098144531
-104.517501831055 -105.289558410645 -106.061614990234 -106.833671569824 -107.60572052002 -108.377777099609 -109.149833679199 -109.921890258789 -110.107978820801 -110.098747253418 -110.089508056641 -110.080276489258 -110.071044921875 -110.061805725098 -110.052574157715 -110.045837402344 -110.046600341797 -110.04736328125 -110.048126220703 -110.048881530762 -110.049644470215 -110.050407409668 -110.051170349121 -110.018608093262 -109.974937438965 -109.931266784668 -109.887603759766 -109.843933105469 -109.800262451172 -109.756591796875 -109.721343994141 -109.711364746094 -109.701377868652 -109.691398620605 -109.681419372559 -109.671432495117 -109.66145324707 -109.651466369629 -109.617301940918 -109.575073242188 -109.532844543457 -109.490615844727 -109.448387145996 -109.406158447266
-103.293090820312 -104.135887145996 -104.97868347168 -105.821479797363 -106.664283752441 -107.507080078125 -108.349876403809 -109.192672729492 -109.474426269531 -109.569152832031 -109.663887023926 -109.758613586426 -109.85334777832 -109.94807434082 -110.042808532715 -110.10619354248 -110.075546264648 -110.044906616211 -110.014259338379 -109.983619689941 -109.952972412109 -109.922332763672 -109.89168548584 -109.864768981934 -109.839096069336 -109.813423156738 -109.787750244141 -109.762077331543 -109.736404418945 -109.710731506348 -109.690696716309 -109.687553405762 -109.684410095215 -109.681266784668 -109.678123474121 -109.674980163574 -109.671836853027 -109.66869354248 -109.671989440918 -109.677436828613 -109.682884216309 -109.688331604004 -109.693778991699 -109.699226379395
-102.068672180176 -102.982215881348 -103.89575958252 -104.809295654297 -105.722839355469 -106.636375427246 -107.549919128418 -108.46346282959 -108.840866088867 -109.039558410645 -109.238258361816 -109.436950683594 -109.635650634766 -109.834342956543 -110.03303527832 -110.166549682617 -110.104499816895 -110.042449951172 -109.980400085449 -109.918350219727 -109.856300354004 -109.794250488281 -109.732200622559 -109.7109375 -109.703262329102 -109.695579528809 -109.68790435791 -109.680229187012 -109.672554016113 -109.664878845215 -109.660041809082 -109.66374206543 -109.667434692383 -109.671127319336 -109.674827575684 -109.678520202637 -109.682220458984 -109.685913085938 -109.726676940918 -109.779800415039 -109.83292388916 -109.886047363281 -109.939163208008 -109.992286682129
-100.844261169434 -101.828544616699 -102.812828063965 -103.79711151123 -104.781394958496 -105.765678405762 -106.749961853027 -107.734245300293 -108.207313537598 -108.509971618652 -108.812629699707 -109.115287780762 -109.417953491211 -109.720611572266 -110.02326965332 -110.226905822754 -110.133445739746 -110.039993286133 -109.94654083252 -109.853088378906 -109.759628295898 -109.666175842285 -109.572723388672 -109.557098388672 -109.567420959473 -109.577735900879 -109.58805847168 -109.59838104248 -109.608703613281 -109.619018554688 -109.62939453125 -109.639930725098 -109.650459289551 -109.660995483398 -109.671531677246 -109.682067871094 -109.692596435547 -109.703132629395 -109.781364440918 -109.882164001465 -109.982955932617 -110.083755493164 -110.184555053711 -110.285354614258
-100.900177001953 -101.726341247559 -102.552505493164 -103.37866973877 -104.204833984375 -105.03099822998 -105.857162475586 -106.683326721191 -107.190010070801 -107.590202331543 -107.990394592285 -108.390586853027 -108.79077911377 -109.190971374512 -109.591163635254 -109.871864318848 -109.794105529785 -109.716346740723 -109.63858795166 -109.560829162598 -109.483070373535 -109.405311584473 -109.327545166016 -109.336975097656 -109.375473022461 -109.413963317871 -109.452461242676 -109.490951538086 -109.529441833496 -109.567939758301 -109.600410461426 -109.614807128906 -109.629203796387 -109.643608093262 -109.658004760742 -109.672401428223 -109.686805725098 -109.701202392578 -109.795715332031 -109.916931152344 -110.038146972656 -110.159370422363 -110.280586242676 -110.401802062988
-102.236427307129 -102.675605773926 -103.114791870117 -103.553970336914 -103.993156433105 -104.432334899902 -104.871520996094 -105.310699462891 -105.788963317871 -106.280258178711 -106.771545410156 -107.262832641602 -107.754127502441 -108.245414733887 -108.736709594727 -109.101432800293 -109.086471557617 -109.071510314941 -109.056541442871 -109.041580200195 -109.026611328125 -109.011650085449 -108.996688842773 -109.050575256348 -109.127418518066 -109.204261779785 -109.281105041504 -109.357948303223 -109.434791564941 -109.51163482666 -109.573089599609 -109.58837890625 -109.603668212891 -109.618957519531 -109.634246826172 -109.649536132812 -109.664825439453 -109.680114746094 -109.769729614258 -109.88410949707 -109.998489379883 -110.11287689209 -110.227256774902 -110.341644287109
-103.57266998291 -103.624870300293 -103.677070617676 -103.729270935059 -103.781478881836 -103.833679199219 -103.885879516602 -103.938079833984 -104.387916564941 -104.970306396484 -105.552696228027 -106.13508605957 -106.717475891113 -107.299865722656 -107.882255554199 -108.331008911133 -108.378837585449 -108.426666259766 -108.474502563477 -108.522331237793 -108.570159912109 -108.617988586426 -108.665824890137 -108.764175415039 -108.879364013672 -108.994560241699 -109.109748840332 -109.224945068359 -109.340133666992 -109.455322265625 -109.545761108398 -109.561943054199 -109.578125 -109.594306945801 -109.610488891602 -109.626670837402 -109.642852783203 -109.659034729004 -109.74373626709 -109.851287841797 -109.958831787109 -110.066383361816 -110.173934936523 -110.281478881836
-104.908920288086 -104.574142456055 -104.239356994629 -103.904579162598 -103.569793701172 -103.235015869141 -102.900230407715 -102.565452575684 -102.986869812012 -103.660362243652 -104.333847045898 -105.007339477539 -105.680824279785 -106.354316711426 -107.027801513672 -107.560577392578 -107.671203613281 -107.781829833984 -107.892456054688 -108.003082275391 -108.113708496094 -108.224334716797 -108.3349609375 -108.47777557373 -108.631317138672 -108.784851074219 -108.93839263916 -109.091934204102 -109.245475769043 -109.399017333984 -109.518440246582 -109.535514831543 -109.552589416504 -109.56965637207 -109.586730957031 -109.603805541992 -109.620872497559 -109.63794708252 -109.717750549316 -109.818466186523 -109.91918182373 -110.019889831543 -110.12060546875 -110.221321105957
-106.245170593262 -105.523406982422 -104.801643371582 -104.079879760742 -103.358116149902 -102.636352539062 -101.914588928223 -101.192825317383 -101.585830688477 -102.35041809082 -103.115005493164 -103.879585266113 -104.644172668457 -105.408760070801 -106.173347473145 -106.790145874023 -106.963569641113 -107.136985778809 -107.310409545898 -107.483833312988 -107.657257080078 -107.830673217773 -108.004096984863 -108.191368103027 -108.383262634277 -108.575149536133 -108.767044067383 -108.958930969238 -109.150817871094 -109.342712402344 -109.491119384766 -109.509086608887 -109.527046203613 -109.54500579834 -109.562973022461 -109.580932617188 -109.598899841309 -109.616859436035 -109.691764831543 -109.78564453125 -109.879524230957 -109.973403930664 -110.067283630371 -110.161163330078
-107.581413269043 -106.472671508789 -105.363922119141 -104.255180358887 -103.146438598633 -102.037696838379 -100.92894744873 -99.8202056884766 -100.184783935547 -101.040466308594 -101.896156311035 -102.751838684082 -103.607528686523 -104.46321105957 -105.318893432617 -106.019714355469 -106.255935668945 -106.492149353027 -106.728363037109 -106.964584350586 -107.200798034668 -107.437019348145 -107.673233032227 -107.904968261719 -108.135208129883 -108.365447998047 -108.595687866211 -108.825927734375 -109.056167602539 -109.286407470703 -109.463798522949 -109.482650756836 -109.501502990723 -109.520362854004 -109.539215087891 -109.558067321777 -109.576919555664 -109.595771789551 -109.665771484375 -109.752815246582 -109.839866638184 -109.926910400391 -110.013954162598 -110.100997924805
-108.331130981445 -107.044013977051 -105.756896972656 -104.469779968262 -103.182655334473 -101.895538330078 -100.608421325684 -99.3213043212891 -99.630729675293 -100.47233581543 -101.313941955566 -102.155548095703 -102.99715423584 -103.838752746582 -104.680358886719 -105.378684997559 -105.647178649902 -105.915664672852 -106.184158325195 -106.452644348145 -106.721138000488 -106.989624023438 -107.258110046387 -107.500350952148 -107.733833312988 -107.967323303223 -108.200805664062 -108.434295654297 -108.667778015137 -108.901268005371 -109.093032836914 -109.159629821777 -109.226219177246 -109.292816162109 -109.359413146973 -109.426010131836 -109.492607116699 -109.559204101562 -109.631988525391 -109.706832885742 -109.781684875488 -109.85652923584 -109.931381225586 -110.006225585938
-108.494316101074 -107.237434387207 -105.980545043945 -104.723663330078 -103.466781616211 -102.209899902344 -100.953018188477 -99.6961288452148 -99.9236679077148 -100.646011352539 -101.368362426758 -102.090705871582 -102.813049316406 -103.535400390625 -104.257743835449 -104.867057800293 -105.137298583984 -105.407539367676 -105.677780151367 -105.948020935059 -106.218254089355 -106.488494873047 -106.758735656738 -106.977516174316 -107.179145812988 -107.38077545166 -107.582405090332 -107.784034729004 -107.985664367676 -108.187294006348 -108.378814697266 -108.540008544922 -108.701194763184 -108.86238861084 -109.023574829102 -109.184768676758 -109.34595489502 -109.507148742676 -109.590408325195 -109.647689819336 -109.704978942871 -109.762260437012 -109.819549560547 -109.876831054688
-108.657501220703 -107.430854797363 -106.204200744629 -104.977554321289 -103.750907897949 -102.524253845215 -101.297607421875 -100.070953369141 -100.216606140137 -100.819694519043 -101.422782897949 -102.025863647461 -102.628952026367 -103.232040405273 -103.835121154785 -104.355438232422 -104.627426147461 -104.8994140625 -105.171401977539 -105.443389892578 -105.715377807617 -105.987365722656 -106.259353637695 -106.454681396484 -106.624458312988 -106.794227600098 -106.964004516602 -107.133773803711 -107.303550720215 -107.473327636719 -107.664604187012 -107.920387268066 -108.176170349121 -108.431953430176 -108.68773651123 -108.943519592285 -109.19930267334 -109.455085754395 -109.548828125 -109.58854675293 -109.628273010254 -109.667999267578 -109.707717895508 -109.747444152832
-108.820686340332 -107.62427520752 -106.427856445312 -105.2314453125 -104.035026550293 -102.83861541748 -101.642196655273 -100.445785522461 -100.509544372559 -100.993377685547 -101.477203369141 -101.961029052734 -102.444854736328 -102.928680419922 -103.412506103516 -103.843811035156 -104.117546081543 -104.391288757324 -104.665023803711 -104.938758850098 -105.212501525879 -105.486236572266 -105.759971618652 -105.931846618652 -106.069763183594 -106.207679748535 -106.345603942871 -106.483520507812 -106.621437072754 -106.759353637695 -106.950386047363 -107.300765991211 -107.651138305664 -108.001518249512 -108.351898193359 -108.702278137207 -109.05265045166 -109.403030395508 -109.507247924805 -109.529403686523 -109.551567077637 -109.57373046875 -109.595893859863 -109.618049621582
-108.983871459961 -107.817687988281 -106.651512145996 -105.485328674316 -104.319152832031 -103.152969360352 -101.986785888672 -100.820610046387 -100.802490234375 -101.167053222656 -101.531623840332 -101.896186828613 -102.260749816895 -102.62532043457 -102.989883422852 -103.332183837891 -103.60767364502 -103.883155822754 -104.158645629883 -104.434135437012 -104.709617614746 -104.985107421875 -105.260597229004 -105.40901184082 -105.515075683594 -105.621139526367 -105.727195739746 -105.83325958252 -105.939323425293 -106.045379638672 -106.236175537109 -106.681144714355 -107.126113891602 -107.571083068848 -108.016059875488 -108.461029052734 -108.90599822998 -109.350975036621 -109.465667724609 -109.470260620117 -109.47486114502 -109.479461669922 -109.484062194824 -109.488662719727
-109.14705657959 -108.011108398438 -106.87516784668 -105.739219665527 -104.603271484375 -103.467323303223 -102.331382751465 -101.195434570312 -101.095428466797 -101.34073638916 -101.586036682129 -101.831344604492 -102.076652526855 -102.321960449219 -102.567268371582 -102.820556640625 -103.097793579102 -103.375030517578 -103.652267456055 -103.929504394531 -104.206741333008 -104.483978271484 -104.761215209961 -104.886177062988 -104.960388183594 -105.034591674805 -105.108795166016 -105.182998657227 -105.257209777832 -105.331413269043 -105.521957397461 -106.0615234375 -106.601089477539 -107.140655517578 -107.680221557617 -108.219787597656 -108.759346008301 -109.29891204834 -109.424087524414 -109.411117553711 -109.398155212402 -109.385192871094 -109.372230529785 -109.359268188477
