data/working_set_collections/6091692-Cassins_Sparrow-M2/2000/lwgnt_avg.asc
NCOLS 265 
NROWS 230 
XLLCORNER -115.5625 
YLLCORNER 24.8333333333333 
CELLSIZE 0.0833333333333333 
NODATA_value -9999 
[rows 120 to 139 of 230, columns 220 to 263 of 265]
-72.6934661865234 -72.2569198608398 -71.8203735351562 -71.3838272094727 -70.9548263549805 -70.5484771728516 -70.1421203613281 -69.7357711791992 -69.3294219970703 -68.9230728149414 -68.516716003418 -68.1103668212891 -67.7722320556641 -67.4568405151367 -67.1414413452148 -66.8260498046875 -66.5106506347656 -66.1952590942383 -65.8798599243164 -65.6188201904297 -65.5208511352539 -65.4228820800781 -65.3249130249023 -65.2269439697266 -65.1289749145508 -65.031005859375 -64.9330368041992 -64.7987670898438 -64.6523895263672 -64.5060119628906 -64.3596343994141 -64.213264465332 -64.0668869018555 -63.9205093383789 -63.7660522460938 -63.5873489379883 -63.4086456298828 -63.2299461364746 -63.0512428283691 -62.8725433349609 -62.6938400268555 -62.51513671875 -62.4648017883301 -62.4572563171387
-72.6521453857422 -72.2226333618164 -71.7931289672852 -71.3636245727539 -70.9424591064453 -70.5463180541992 -70.1501846313477 -69.7540435791016 -69.3579025268555 -68.9617691040039 -68.5656280517578 -68.1694869995117 -67.8541030883789 -67.5656356811523 -67.2771682739258 -66.9887008666992 -66.7002334594727 -66.4117660522461 -66.1232986450195 -65.8840866088867 -65.7926483154297 -65.7012176513672 -65.6097869873047 -65.5183486938477 -65.4269180297852 -65.3354797363281 -65.2440490722656 -65.1121063232422 -64.9666595458984 -64.8212127685547 -64.6757659912109 -64.5303192138672 -64.3848724365234 -64.2394256591797 -64.0786666870117 -63.8719711303711 -63.6652755737305 -63.4585838317871 -63.2518920898438 -63.0451965332031 -62.8385047912598 -62.6318092346191 -62.5513496398926 -62.5129661560059
-72.6108245849609 -72.1883544921875 -71.7658920288086 -71.3434219360352 -70.9300918579102 -70.5441665649414 -70.1582412719727 -69.7723159790039 -69.3863830566406 -69.0004577636719 -68.6145324707031 -68.2286071777344 -67.9359741210938 -67.674430847168 -67.4128952026367 -67.1513519287109 -66.8898086547852 -66.6282730102539 -66.3667297363281 -66.1493530273438 -66.064453125 -65.9795532226562 -65.8946533203125 -65.8097534179688 -65.724853515625 -65.6399536132812 -65.5550537109375 -65.4254455566406 -65.2809219360352 -65.1364059448242 -64.9918899536133 -64.8473739624023 -64.7028579711914 -64.5583343505859 -64.3912811279297 -64.1565933227539 -63.9219055175781 -63.6872215270996 -63.4525375366211 -63.2178497314453 -62.9831657409668 -62.7484817504883 -62.6378974914551 -62.568675994873
-72.5694961547852 -72.1540756225586 -71.7386474609375 -71.3232192993164 -70.917724609375 -70.5420074462891 -70.1662979125977 -69.7905807495117 -69.4148712158203 -69.0391540527344 -68.663444519043 -68.287727355957 -68.0178375244141 -67.7832260131836 -67.5486145019531 -67.3140029907227 -67.0793914794922 -66.8447799682617 -66.6101684570312 -66.4146118164062 -66.3362503051758 -66.2578887939453 -66.1795196533203 -66.1011581420898 -66.0227890014648 -65.9444274902344 -65.8660659790039 -65.7387771606445 -65.5951919555664 -65.4516067504883 -65.3080139160156 -65.1644287109375 -65.0208358764648 -64.8772506713867 -64.7038879394531 -64.4412155151367 -64.1785354614258 -63.9158592224121 -63.6531829833984 -63.3905067443848 -63.1278305053711 -62.8651504516602 -62.7244415283203 -62.6243896484375
-72.5281753540039 -72.1197891235352 -71.7114028930664 -71.3030166625977 -70.9053573608398 -70.5398559570312 -70.1743545532227 -69.8088531494141 -69.4433517456055 -69.0778503417969 -68.7123489379883 -68.3468475341797 -68.0997085571289 -67.8920288085938 -67.6843414306641 -67.4766540527344 -67.2689743041992 -67.0612869262695 -66.8535995483398 -66.6798782348633 -66.6080474853516 -66.5362167358398 -66.4643936157227 -66.3925628662109 -66.3207321166992 -66.2489013671875 -66.1770706176758 -66.052116394043 -65.9094619750977 -65.7667999267578 -65.6241455078125 -65.4814834594727 -65.3388214111328 -65.1961669921875 -65.0165023803711 -64.7258377075195 -64.4351654052734 -64.1445007324219 -63.8538284301758 -63.563159942627 -63.2724914550781 -62.9818229675293 -62.8109893798828 -62.6800994873047
-72.4868545532227 -72.0855102539062 -71.6841659545898 -71.2828216552734 -70.8929901123047 -70.5376968383789 -70.1824111938477 -69.8271255493164 -69.4718322753906 -69.1165466308594 -68.7612609863281 -68.4059677124023 -68.1815795898438 -68.0008239746094 -67.820068359375 -67.6393051147461 -67.4585494995117 -67.2777938842773 -67.097038269043 -66.9451446533203 -66.8798522949219 -66.8145523071289 -66.7492599487305 -66.683967590332 -66.6186676025391 -66.5533752441406 -66.4880752563477 -66.3654556274414 -66.2237243652344 -66.0820007324219 -65.9402694702148 -65.7985382080078 -65.6568069458008 -65.5150833129883 -65.3291168212891 -65.0104598999023 -64.6917953491211 -64.3731384277344 -64.0544738769531 -63.7358169555664 -63.4171562194824 -63.0984954833984 -62.8975372314453 -62.7358093261719
-72.4690856933594 -72.0736083984375 -71.6781234741211 -71.2826385498047 -70.8989486694336 -70.5506057739258 -70.202262878418 -69.8539199829102 -69.5055770874023 -69.1572418212891 -68.8088989257812 -68.4605560302734 -68.2467803955078 -68.0778656005859 -67.9089431762695 -67.7400283813477 -67.5711059570312 -67.4021911621094 -67.233268737793 -67.0883178710938 -67.015266418457 -66.9422149658203 -66.8691635131836 -66.7961120605469 -66.7230606079102 -66.6500091552734 -66.5769577026367 -66.4453506469727 -66.2942199707031 -66.1430892944336 -65.9919586181641 -65.8408355712891 -65.6897048950195 -65.53857421875 -65.3451232910156 -65.0246887207031 -64.7042541503906 -64.3838195800781 -64.0633850097656 -63.7429504394531 -63.4225158691406 -63.1020812988281 -62.8940696716309 -62.7235336303711
-72.4748764038086 -72.0840835571289 -71.6932830810547 -71.302490234375 -70.923225402832 -70.5785675048828 -70.2339096069336 -69.8892440795898 -69.5445861816406 -69.1999282836914 -68.8552703857422 -68.5106048583984 -68.2953186035156 -68.1231460571289 -67.9509735107422 -67.77880859375 -67.6066360473633 -67.4344711303711 -67.2622985839844 -67.1093978881836 -67.0142974853516 -66.9192047119141 -66.824104309082 -66.72900390625 -66.6339111328125 -66.5388107299805 -66.443717956543 -66.2917938232422 -66.1209411621094 -65.950080871582 -65.7792205810547 -65.6083679199219 -65.4375076293945 -65.2666473388672 -65.0645141601562 -64.7685241699219 -64.4725341796875 -64.1765441894531 -63.8805541992188 -63.5845642089844 -63.28857421875 -62.9925842285156 -62.800594329834 -62.6432723999023
-72.4806671142578 -72.0945587158203 -71.7084426879883 -71.3223342895508 -70.947509765625 -70.6065292358398 -70.2655487060547 -69.9245758056641 -69.5835952758789 -69.2426147460938 -68.9016342163086 -68.560661315918 -68.3438491821289 -68.1684265136719 -67.9930114746094 -67.8175888061523 -67.6421661376953 -67.4667510986328 -67.2913284301758 -67.1304779052734 -67.0133361816406 -66.8961868286133 -66.7790451049805 -66.6619033813477 -66.5447616577148 -66.4276123046875 -66.3104705810547 -66.1382446289062 -65.9476623535156 -65.7570724487305 -65.5664825439453 -65.3759002685547 -65.1853103637695 -64.9947280883789 -64.7839050292969 -64.5123596191406 -64.2408142089844 -63.9692687988281 -63.6977233886719 -63.4261779785156 -63.1546325683594 -62.8830871582031 -62.7071189880371 -62.5630073547363
-72.486457824707 -72.1050338745117 -71.7236099243164 -71.3421859741211 -70.9717864990234 -70.6344909667969 -70.2971954345703 -69.9598999023438 -69.6226043701172 -69.2853012084961 -68.9480056762695 -68.610710144043 -68.3923797607422 -68.2137145996094 -68.035041809082 -67.8563690185547 -67.6776962280273 -67.4990310668945 -67.3203582763672 -67.1515579223633 -67.0123672485352 -66.873176574707 -66.7339859008789 -66.5947952270508 -66.4556045532227 -66.3164138793945 -66.1772232055664 -65.9846954345703 -65.7743759155273 -65.5640640258789 -65.3537445068359 -65.1434326171875 -64.9331207275391 -64.7228012084961 -64.5032958984375 -64.2561950683594 -64.0090942382812 -63.7619934082031 -63.514892578125 -63.2677917480469 -63.0206909179688 -62.7735939025879 -62.6136436462402 -62.4827423095703
-72.4922409057617 -72.1155090332031 -71.73876953125 -71.3620300292969 -70.9960708618164 -70.6624526977539 -70.3288421630859 -69.9952239990234 -69.6616058349609 -69.327995300293 -68.9943771362305 -68.660758972168 -68.44091796875 -68.2589950561523 -68.0770721435547 -67.895149230957 -67.7132263183594 -67.5313110351562 -67.3493881225586 -67.1726379394531 -67.0113983154297 -66.8501663208008 -66.6889266967773 -66.5276870727539 -66.366455078125 -66.2052154541016 -66.0439834594727 -65.8311386108398 -65.6010971069336 -65.3710556030273 -65.1410140991211 -64.9109649658203 -64.6809234619141 -64.4508819580078 -64.2226867675781 -64.0000305175781 -63.7773742675781 -63.5547180175781 -63.3320617675781 -63.1094055175781 -62.8867492675781 -62.6640968322754 -62.5201683044434 -62.4024810791016
-72.4980316162109 -72.1259765625 -71.7539291381836 -71.3818740844727 -71.0203552246094 -70.6904220581055 -70.360481262207 -70.0305480957031 -69.7006149291992 -69.3706817626953 -69.0407485961914 -68.7108154296875 -68.4894485473633 -68.3042755126953 -68.1191024780273 -67.9339294433594 -67.7487564086914 -67.563591003418 -67.37841796875 -67.193717956543 -67.0104293823242 -66.8271484375 -66.6438674926758 -66.4605865478516 -66.2773056030273 -66.0940170288086 -65.9107360839844 -65.6775894165039 -65.4278182983398 -65.1780471801758 -64.9282760620117 -64.6784973144531 -64.4287261962891 -64.178955078125 -63.9420738220215 -63.7438621520996 -63.545654296875 -63.3474426269531 -63.1492309570312 -62.9510192871094 -62.7528114318848 -62.5545997619629 -62.4266891479492 -62.3222160339355
-72.4373474121094 -72.0672760009766 -71.6972122192383 -71.3271484375 -70.9689712524414 -70.6464767456055 -70.3239822387695 -70.0014877319336 -69.6789932250977 -69.3564987182617 -69.0340042114258 -68.7115097045898 -68.4906921386719 -68.3037643432617 -68.116828918457 -67.9299011230469 -67.7429656982422 -67.556037902832 -67.3691101074219 -67.1809310913086 -66.9890289306641 -66.7971267700195 -66.605224609375 -66.4133148193359 -66.2214126586914 -66.0295104980469 -65.8376007080078 -65.5878601074219 -65.3188400268555 -65.0498199462891 -64.7807922363281 -64.5117721557617 -64.2427520751953 -63.9737281799316 -63.727783203125 -63.5510673522949 -63.3743515014648 -63.1976356506348 -63.020923614502 -62.8442077636719 -62.6674919128418 -62.4907760620117 -62.3696403503418 -62.267032623291
-72.3101806640625 -71.9393997192383 -71.5686264038086 -71.1978454589844 -70.8419342041016 -70.5306396484375 -70.2193450927734 -69.9080505371094 -69.5967483520508 -69.2854537963867 -68.9741592407227 -68.6628570556641 -68.4446411132812 -68.2574462890625 -68.0702438354492 -67.8830490112305 -67.6958541870117 -67.508659362793 -67.3214645385742 -67.1342926025391 -66.9471893310547 -66.7600860595703 -66.5729904174805 -66.3858871459961 -66.1987838745117 -66.0116806030273 -65.824577331543 -65.5619583129883 -65.2741622924805 -64.9863739013672 -64.6985778808594 -64.4107818603516 -64.1229934692383 -63.8351974487305 -63.5798072814941 -63.4216384887695 -63.2634696960449 -63.1053009033203 -62.9471321105957 -62.7889633178711 -62.6307945251465 -62.4726257324219 -62.3490142822266 -62.2369232177734
-72.1830139160156 -71.8115234375 -71.4400329589844 -71.0685424804688 -70.7148971557617 -70.4148025512695 -70.1147003173828 -69.8146057128906 -69.5145034790039 -69.2144012451172 -68.914306640625 -68.6142044067383 -68.3985824584961 -68.2111282348633 -68.0236663818359 -67.8362045288086 -67.6487426757812 -67.4612808227539 -67.2738189697266 -67.0876541137695 -66.9053497314453 -66.7230529785156 -66.5407562255859 -66.3584518432617 -66.176155090332 -65.9938583374023 -65.8115539550781 -65.5360565185547 -65.2294921875 -64.9229278564453 -64.6163635253906 -64.3097915649414 -64.0032272338867 -63.696662902832 -63.4318351745605 -63.2922134399414 -63.152587890625 -63.0129661560059 -62.8733444213867 -62.7337226867676 -62.5941009521484 -62.4544792175293 -62.3283920288086 -62.2068138122559
-72.0558471679688 -71.6836471557617 -71.3114395141602 -70.9392395019531 -70.5878601074219 -70.298957824707 -70.0100631713867 -69.7211608886719 -69.432258605957 -69.1433563232422 -68.8544540405273 -68.5655517578125 -68.3525314331055 -68.1648101806641 -67.9770812988281 -67.7893600463867 -67.6016311645508 -67.4139022827148 -67.2261810302734 -67.0410079956055 -66.8635177612305 -66.6860198974609 -66.5085220336914 -66.3310241699219 -66.1535263061523 -65.9760284423828 -65.7985305786133 -65.5101547241211 -65.1848220825195 -64.8594818115234 -64.5341415405273 -64.2088088989258 -63.8834686279297 -63.5581321716309 -63.2838592529297 -63.162784576416 -63.0417098999023 -62.9206314086914 -62.7995567321777 -62.6784820556641 -62.5574073791504 -62.4363288879395 -62.3077659606934 -62.1767044067383
-71.9286804199219 -71.5557708740234 -71.1828536987305 -70.8099365234375 -70.460823059082 -70.1831207275391 -69.9054183959961 -69.6277160644531 -69.3500137329102 -69.0723037719727 -68.7946014404297 -68.5168991088867 -68.3064804077148 -68.1184921264648 -67.9304962158203 -67.7425079345703 -67.5545196533203 -67.3665313720703 -67.1785354614258 -66.9943695068359 -66.8216781616211 -66.6489791870117 -66.4762878417969 -66.303596496582 -66.1308975219727 -65.9582061767578 -65.7855072021484 -65.4842529296875 -65.1401443481445 -64.7960357666016 -64.4519271850586 -64.1078186035156 -63.7637100219727 -63.4196014404297 -63.1358871459961 -63.0333557128906 -62.9308280944824 -62.828296661377 -62.7257690429688 -62.6232376098633 -62.5207099914551 -62.4181823730469 -62.2871398925781 -62.1465950012207
-71.801513671875 -71.4278869628906 -71.0542602539062 -70.6806335449219 -70.3337860107422 -70.0672836303711 -69.8007736206055 -69.5342712402344 -69.2677612304688 -69.0012588500977 -68.734748840332 -68.4682464599609 -68.2604293823242 -68.0721740722656 -67.883918762207 -67.6956634521484 -67.5074081420898 -67.3191528320312 -67.1308975219727 -66.9477310180664 -66.7798385620117 -66.611946105957 -66.4440536499023 -66.2761611938477 -66.108268737793 -65.9403762817383 -65.7724838256836 -65.4583511352539 -65.0954742431641 -64.7325897216797 -64.3697128295898 -64.0068283081055 -63.6439476013184 -63.2810668945312 -62.9879112243652 -62.9039306640625 -62.8199462890625 -62.7359619140625 -62.6519813537598 -62.5679969787598 -62.484016418457 -62.400032043457 -62.2665138244629 -62.1164855957031
-71.6597290039062 -71.2796325683594 -70.899528503418 -70.5194320678711 -70.1699371337891 -69.9122543334961 -69.6545715332031 -69.3968963623047 -69.1392135620117 -68.8815307617188 -68.6238555908203 -68.3661727905273 -68.1526870727539 -67.9539413452148 -67.7551956176758 -67.5564422607422 -67.3576965332031 -67.1589431762695 -66.9601974487305 -66.7698669433594 -66.6048126220703 -66.4397583007812 -66.2747039794922 -66.1096496582031 -65.9445877075195 -65.7795333862305 -65.6144790649414 -65.3010482788086 -64.9381561279297 -64.5752639770508 -64.2123718261719 -63.849479675293 -63.4865875244141 -63.1236953735352 -62.8341407775879 -62.7646064758301 -62.6950721740723 -62.6255378723145 -62.5559997558594 -62.4864654541016 -62.4169311523438 -62.3473930358887 -62.2125587463379 -62.0559577941895
-71.5033187866211 -71.1109848022461 -70.7186584472656 -70.3263244628906 -69.9692687988281 -69.7180404663086 -69.4668121337891 -69.2155838012695 -68.96435546875 -68.713134765625 -68.4619064331055 -68.2106781005859 -67.983268737793 -67.7637939453125 -67.5443267822266 -67.3248519897461 -67.1053848266602 -66.8859100341797 -66.6664428710938 -66.4607925415039 -66.2966079711914 -66.1324157714844 -65.9682312011719 -65.8040466308594 -65.6398620605469 -65.4756774902344 -65.3114852905273 -65.012336730957 -64.6681900024414 -64.3240509033203 -63.979907989502 -63.6357650756836 -63.2916221618652 -62.9474830627441 -62.6745796203613 -62.6153907775879 -62.5562057495117 -62.4970169067383 -62.4378280639648 -62.3786430358887 -62.3194541931152 -62.2602691650391 -62.1252708435059 -61.9650039672852
