data/working_set_collections/6091692-Cassins_Sparrow-M2/2000/prectotcorr_avg.asc
NCOLS 265 
NROWS 230 
XLLCORNER -115.5625 
YLLCORNER 24.8333333333333 
CELLSIZE 0.0833333333333333 
NODATA_value -9999 
[rows 18 to 35 of 230, columns 82 to 122 of 265]
8.08182630862575e-06 8.11344671092229e-06 8.14506620372413e-06 8.17668660602067e-06 8.20830700831721e-06 8.23992741061375e-06 8.27154781291028e-06 8.26259656605544e-06 8.13192855275702e-06 8.0012605394586e-06 7.87059343565488e-06 7.73992542235646e-06 7.6092578638054e-06 7.47859030525433e-06 7.34792274670326e-06 7.46109844840248e-06 7.6555561463465e-06 7.85001338954316e-06 8.04447063273983e-06 8.2389278759365e-06 8.43338511913316e-06 8.62784236232983e-06 8.87168243934866e-06 9.26366919884458e-06 9.6556568678352e-06 1.00476436273311e-05 1.04396312963217e-05 1.08316180558177e-05 1.12236057248083e-05 1.16155924843042e-05 1.18115103759919e-05 1.19420710689155e-05 1.20726317618391e-05 1.22031915452681e-05 1.23337522381917e-05 1.24643129311153e-05 1.25948736240389e-05 1.26496552184108e-05 1.24771004266222e-05 1.23045456348336e-05 1.21319899335504e-05
7.72059411247028e-06 7.73856663727202e-06 7.75653916207375e-06 7.77451168687548e-06 7.79248421167722e-06 7.81045764597366e-06 7.82843017077539e-06 7.82642746344209e-06 7.76449724071426e-06 7.70256792748114e-06 7.64063861424802e-06 7.5787093010149e-06 7.51677953303442e-06 7.4548502198013e-06 7.39292045182083e-06 7.53927633923013e-06 7.75506032368867e-06 7.97084430814721e-06 8.18662829260575e-06 8.40241227706429e-06 8.61819626152283e-06 8.83398024598137e-06 9.0920302682207e-06 9.4768774943077e-06 9.8617247203947e-06 1.02465719464817e-05 1.06314191725687e-05 1.1016265489161e-05 1.1401112715248e-05 1.1785959941335e-05 1.19698315756978e-05 1.20867107398226e-05 1.22035899039474e-05 1.23204690680723e-05 1.24373491416918e-05 1.25542283058167e-05 1.26711074699415e-05 1.27153462017304e-05 1.2541662727017e-05 1.23679792523035e-05 1.219429577759e-05
7.35936146156746e-06 7.36368656362174e-06 7.36801166567602e-06 7.3723367677303e-06 7.37666186978458e-06 7.38098697183887e-06 7.38531207389315e-06 7.39025790608139e-06 7.39706683816621e-06 7.40387531550368e-06 7.41068379284116e-06 7.41749272492598e-06 7.42430120226345e-06 7.43111013434827e-06 7.43791861168575e-06 7.61745377531042e-06 7.85456450103084e-06 8.09167522675125e-06 8.32878595247166e-06 8.56589667819208e-06 8.80300740391249e-06 9.0401181296329e-06 9.31237809709273e-06 9.69008578977082e-06 1.00677925729542e-05 1.04454993561376e-05 1.0823206139321e-05 1.12009138319991e-05 1.15786206151824e-05 1.19563273983658e-05 1.21281527754036e-05 1.22313504107296e-05 1.23345489555504e-05 1.24377465908765e-05 1.25409451356973e-05 1.26441427710233e-05 1.27473413158441e-05 1.27810362755554e-05 1.26062250274117e-05 1.24314128697733e-05 1.22566016216297e-05
6.99812881066464e-06 6.98880648997147e-06 6.97948416927829e-06 6.97016139383777e-06 6.9608390731446e-06 6.95151675245143e-06 6.9421939770109e-06 6.95408880346804e-06 7.02963552612346e-06 7.10518270352622e-06 7.18072942618164e-06 7.25627614883706e-06 7.33182287149248e-06 7.4073695941479e-06 7.48291677155066e-06 7.69563121139072e-06 7.954068678373e-06 8.21250614535529e-06 8.47094361233758e-06 8.72938198881457e-06 8.98781945579685e-06 9.24625692277914e-06 9.53272683545947e-06 9.90329317573924e-06 1.02738604255137e-05 1.06444267657935e-05 1.10149940155679e-05 1.13855612653424e-05 1.17561276056222e-05 1.21266948553966e-05 1.22864739751094e-05 1.23759909911314e-05 1.24655080071534e-05 1.25550241136807e-05 1.26445411297027e-05 1.27340581457247e-05 1.2823574252252e-05 1.2846727258875e-05 1.26707873278065e-05 1.24948473967379e-05 1.23189074656693e-05
6.63689661450917e-06 6.61392641632119e-06 6.59095621813321e-06 6.56798647469259e-06 6.54501627650461e-06 6.52204607831663e-06 6.49907633487601e-06 6.51791970085469e-06 6.66220466882805e-06 6.80648963680142e-06 6.95077460477478e-06 7.09505957274814e-06 7.2393445407215e-06 7.38362950869487e-06 7.52791447666823e-06 7.77380864747101e-06 8.05357376520988e-06 8.33333797345404e-06 8.6131021816982e-06 8.89286638994236e-06 9.17263059818652e-06 9.45239480643068e-06 9.75307466433151e-06 1.01165014712024e-05 1.04799282780732e-05 1.0843355084944e-05 1.12067818918149e-05 1.15702086986857e-05 1.19336355055566e-05 1.22970623124274e-05 1.24447951748152e-05 1.25206306620385e-05 1.25964661492617e-05 1.26723016364849e-05 1.27481371237081e-05 1.28239726109314e-05 1.28998080981546e-05 1.29124173327e-05 1.27353496282012e-05 1.25582810142078e-05 1.23812124002143e-05
6.2756644183537e-06 6.23904634267092e-06 6.20242872173549e-06 6.16581110080006e-06 6.12919347986463e-06 6.0925758589292e-06 6.05595823799376e-06 6.08175059824134e-06 6.29477381153265e-06 6.50779702482396e-06 6.72082023811527e-06 6.93384299665922e-06 7.14686620995053e-06 7.35988942324184e-06 7.57291263653315e-06 7.85198699304601e-06 8.15307794255204e-06 8.45416889205808e-06 8.75525984156411e-06 9.05635079107014e-06 9.35744174057618e-06 9.65853269008221e-06 9.97342249320354e-06 1.03297097666655e-05 1.06859961306327e-05 1.10422824945999e-05 1.13985697680619e-05 1.17548561320291e-05 1.21111424959963e-05 1.24674297694582e-05 1.2603116374521e-05 1.26652712424402e-05 1.27274252008647e-05 1.27895791592891e-05 1.28517331177136e-05 1.29138879856328e-05 1.29760419440572e-05 1.29781083160196e-05 1.2799911928596e-05 1.26217146316776e-05 1.24435182442539e-05
6.0505144574563e-06 6.01783267484279e-06 5.98515134697664e-06 5.95246956436313e-06 5.91978778174962e-06 5.88710645388346e-06 5.85442467126995e-06 5.89949331697426e-06 6.17781370237935e-06 6.45613408778445e-06 6.73445401844219e-06 7.01277440384729e-06 7.29109433450503e-06 7.56941471991013e-06 7.84773510531522e-06 8.16442661744077e-06 8.49390835355734e-06 8.82339099916862e-06 9.1528727352852e-06 9.48235538089648e-06 9.81183711701306e-06 1.01413197626243e-05 1.04718910733936e-05 1.08057311081211e-05 1.11395702333539e-05 1.14734102680814e-05 1.18072503028088e-05 1.21410903375363e-05 1.24749303722638e-05 1.28087694974965e-05 1.29119307530345e-05 1.29381996885058e-05 1.29644677144825e-05 1.29907357404591e-05 1.30170037664357e-05 1.3043272701907e-05 1.30695407278836e-05 1.30429161799839e-05 1.28576120914659e-05 1.26723080029478e-05 1.24870039144298e-05
5.96144718656433e-06 5.95028541283682e-06 5.93912363910931e-06 5.92796141063445e-06 5.91679963690694e-06 5.90563740843209e-06 5.89447563470458e-06 5.97114831180079e-06 6.31132434136816e-06 6.65150082568289e-06 6.99167685525026e-06 7.33185288481764e-06 7.67202891438501e-06 8.01220539869973e-06 8.35238188301446e-06 8.71112933964469e-06 9.07606681721518e-06 9.44100429478567e-06 9.80594177235616e-06 1.01708792499267e-05 1.05358167274971e-05 1.09007542050676e-05 1.12484794954071e-05 1.15445654955693e-05 1.18406514957314e-05 1.21367384053883e-05 1.24328244055505e-05 1.27289113152074e-05 1.30249973153695e-05 1.33210833155317e-05 1.33712383103557e-05 1.33394160002354e-05 1.3307593690115e-05 1.32757713799947e-05 1.32439490698744e-05 1.3212126759754e-05 1.31803044496337e-05 1.31068409245927e-05 1.29084501168109e-05 1.2710059309029e-05 1.25116694107419e-05
5.8723803704197e-06 5.88273815083085e-06 5.89309593124199e-06 5.90345325690578e-06 5.91381103731692e-06 5.92416881772806e-06 5.9345265981392e-06 6.04280285187997e-06 6.44483498035697e-06 6.84686756358133e-06 7.24889969205833e-06 7.65093227528268e-06 8.05296440375969e-06 8.45499653223669e-06 8.8570286607137e-06 9.2578311523539e-06 9.65822437137831e-06 1.00586175904027e-05 1.04590098999324e-05 1.08594031189568e-05 1.12597963379812e-05 1.16601895570057e-05 1.20250670079258e-05 1.22833998830174e-05 1.2541732758109e-05 1.28000656332006e-05 1.30583985082922e-05 1.33167313833837e-05 1.35750642584753e-05 1.38333971335669e-05 1.38305458676768e-05 1.37406332214596e-05 1.36507205752423e-05 1.3560807929025e-05 1.34708943733131e-05 1.33809817270958e-05 1.32910690808785e-05 1.31707656692015e-05 1.29592881421559e-05 1.27478115246049e-05 1.2536334907054e-05
5.78331309952773e-06 5.81519043407752e-06 5.84706776862731e-06 5.87894555792445e-06 5.91082289247424e-06 5.94270022702403e-06 5.97457756157382e-06 6.1144578467065e-06 6.57834607409313e-06 7.04223430147977e-06 7.5061225288664e-06 7.97001030150568e-06 8.43389898363966e-06 8.89778675627895e-06 9.36167543841293e-06 9.80453387455782e-06 1.02403819255414e-05 1.06762308860198e-05 1.11120789370034e-05 1.1547926987987e-05 1.19837759484653e-05 1.2419623999449e-05 1.28016554299393e-05 1.30222351799603e-05 1.32428140204865e-05 1.34633937705075e-05 1.36839726110338e-05 1.39045523610548e-05 1.41251321110758e-05 1.43457109516021e-05 1.4289853424998e-05 1.41418504426838e-05 1.39938465508749e-05 1.38458435685607e-05 1.36978396767518e-05 1.35498366944375e-05 1.34018337121233e-05 1.32346904138103e-05 1.30101270769956e-05 1.27855637401808e-05 1.25610004033661e-05
5.69424628338311e-06 5.74764317207155e-06 5.80104006075999e-06 5.85443740419578e-06 5.90783429288422e-06 5.96123163632001e-06 6.01462852500845e-06 6.18611238678568e-06 6.71185671308194e-06 7.2376010393782e-06 7.76334491092712e-06 8.28908923722338e-06 8.81483356351964e-06 9.3405778898159e-06 9.86632221611217e-06 1.0351235687267e-05 1.08225394797046e-05 1.12938441816368e-05 1.17651479740744e-05 1.22364517665119e-05 1.27077555589494e-05 1.3179059351387e-05 1.35782438519527e-05 1.37610695674084e-05 1.39438952828641e-05 1.41267209983198e-05 1.43095476232702e-05 1.44923733387259e-05 1.46751990541816e-05 1.48580247696373e-05 1.47491609823192e-05 1.45430667544133e-05 1.43369734360022e-05 1.41308792080963e-05 1.39247849801905e-05 1.37186916617793e-05 1.35125974338735e-05 1.32986151584191e-05 1.30609651023406e-05 1.2823315046262e-05 1.25856649901834e-05
5.60517901249113e-06 5.68009591006557e-06 5.75501235289266e-06 5.8299292504671e-06 5.90484614804154e-06 5.97976259086863e-06 6.05467948844307e-06 6.25776692686486e-06 6.84536735207075e-06 7.43296777727664e-06 8.02056820248254e-06 8.60816817294108e-06 9.19576814339962e-06 9.78336811385816e-06 1.03709689938114e-05 1.0897938409471e-05 1.14046979433624e-05 1.19114565677592e-05 1.24182161016506e-05 1.29249756355421e-05 1.34317351694335e-05 1.3938494703325e-05 1.43548322739662e-05 1.44999039548566e-05 1.46449765452417e-05 1.47900491356268e-05 1.49351217260119e-05 1.5080194316397e-05 1.52252659972874e-05 1.53703385876724e-05 1.52084685396403e-05 1.49442839756375e-05 1.46800994116347e-05 1.44159148476319e-05 1.41517311931239e-05 1.38875466291211e-05 1.36233620651183e-05 1.33625399030279e-05 1.31118031276856e-05 1.28610672618379e-05 1.26103304864955e-05
5.67001370654907e-06 5.75363537791418e-06 5.83725704927929e-06 5.9208787206444e-06 6.0045003920095e-06 6.08812206337461e-06 6.17174373473972e-06 6.390241196641e-06 7.01336648489814e-06 7.63649131840793e-06 8.25961706141243e-06 8.88274189492222e-06 9.50586672843201e-06 1.01289924714365e-05 1.07521173049463e-05 1.13229125418002e-05 1.18762645797688e-05 1.24296166177373e-05 1.29829686557059e-05 1.35363206936745e-05 1.40896727316431e-05 1.46430247696117e-05 1.50874175233184e-05 1.52049306052504e-05 1.53224427776877e-05 1.54399567691144e-05 1.55574689415516e-05 1.56749811139889e-05 1.57924951054156e-05 1.59100072778529e-05 1.57001413754188e-05 1.53811506606871e-05 1.50621590364608e-05 1.47431674122345e-05 1.44241757880081e-05 1.41051841637818e-05 1.37861934490502e-05 1.34808133225306e-05 1.32162676891312e-05 1.29517220557318e-05 1.26871773318271e-05
5.88874991080957e-06 5.96826157561736e-06 6.04777369517251e-06 6.12728581472766e-06 6.2067979342828e-06 6.2863095990906e-06 6.36582171864575e-06 6.5835351961141e-06 7.21585411156411e-06 7.84817348176148e-06 8.48049239721149e-06 9.11281131266151e-06 9.74513022811152e-06 1.03774491435615e-05 1.10097680590115e-05 1.16261589937494e-05 1.2237241207913e-05 1.28483234220766e-05 1.34594056362403e-05 1.40704878504039e-05 1.46815700645675e-05 1.52926513692364e-05 1.57760005095042e-05 1.58761486090953e-05 1.59762948896969e-05 1.60764429892879e-05 1.61765892698895e-05 1.62767373694805e-05 1.63768854690716e-05 1.64770317496732e-05 1.62241831276333e-05 1.58536677190568e-05 1.54831523104804e-05 1.51126369019039e-05 1.47421214933274e-05 1.4371606084751e-05 1.40010915856692e-05 1.36534354169271e-05 1.33743578771828e-05 1.30952812469332e-05 1.28162037071888e-05
6.10748611507006e-06 6.1828882280679e-06 6.25829034106573e-06 6.33369290881092e-06 6.40909502180875e-06 6.48449713480659e-06 6.55989970255177e-06 6.7768291955872e-06 7.41834219297743e-06 8.05985473562032e-06 8.70136773301056e-06 9.34287982090609e-06 9.98439281829633e-06 1.06259058156866e-05 1.12674179035821e-05 1.19294054456986e-05 1.25982178360573e-05 1.3267030226416e-05 1.39358417072799e-05 1.46046540976386e-05 1.52734664879972e-05 1.59422779688612e-05 1.64645825861953e-05 1.65473647939507e-05 1.66301470017061e-05 1.67129292094614e-05 1.67957114172168e-05 1.68784918059828e-05 1.69612740137381e-05 1.70440562214935e-05 1.67482230608584e-05 1.63261829584371e-05 1.59041446750052e-05 1.54821063915733e-05 1.50600671986467e-05 1.46380280057201e-05 1.42159897222882e-05 1.38260575113236e-05 1.3532448974729e-05 1.32388395286398e-05 1.29452300825506e-05
6.32622231933055e-06 6.39751488051843e-06 6.4688074417063e-06 6.54010000289418e-06 6.61139256408205e-06 6.68268512526993e-06 6.75397723171045e-06 6.9701231950603e-06 7.6208298196434e-06 8.27153598947916e-06 8.92224306880962e-06 9.57294923864538e-06 1.02236554084811e-05 1.08743624878116e-05 1.15250686576474e-05 1.22326518976479e-05 1.29591944642016e-05 1.36857361212606e-05 1.44122786878143e-05 1.51388212543679e-05 1.58653638209216e-05 1.65919045684859e-05 1.71531664818758e-05 1.72185827977955e-05 1.72839991137153e-05 1.7349415429635e-05 1.74148317455547e-05 1.74802480614744e-05 1.75456643773941e-05 1.76110806933139e-05 1.72722629940836e-05 1.67987000168068e-05 1.63251370395301e-05 1.58515758812428e-05 1.5378012903966e-05 1.49044499266893e-05 1.44308878589072e-05 1.39986805152148e-05 1.36905391627806e-05 1.33823978103464e-05 1.3074257367407e-05
6.54495852359105e-06 6.61214153296896e-06 6.67932408759953e-06 6.74650709697744e-06 6.813689651608e-06 6.88087266098591e-06 6.94805521561648e-06 7.1634171945334e-06 7.82331790105673e-06 8.4832181528327e-06 9.14311840460869e-06 9.80301865638467e-06 1.04629189081606e-05 1.11228191599366e-05 1.17827194117126e-05 1.25358983495971e-05 1.33201710923458e-05 1.41044429255999e-05 1.48887156683486e-05 1.56729875016026e-05 1.64572593348566e-05 1.72415329871001e-05 1.78417485585669e-05 1.78898008016404e-05 1.79378512257244e-05 1.79859016498085e-05 1.80339520738926e-05 1.80820024979766e-05 1.81300547410501e-05 1.81781051651342e-05 1.77963029273087e-05 1.72712170751765e-05 1.6746129404055e-05 1.62210435519228e-05 1.56959576997906e-05 1.51708718476584e-05 1.46457859955262e-05 1.41713026096113e-05 1.38486293508322e-05 1.35259570015478e-05 1.32032837427687e-05
6.76369472785154e-06 6.82676773067215e-06 6.88984073349275e-06 6.9529141910607e-06 7.0159871938813e-06 7.0790601967019e-06 7.1421331995225e-06 7.35671119400649e-06 8.02580507297534e-06 8.69489940669155e-06 9.36399374040775e-06 1.00330871646293e-05 1.07021814983455e-05 1.13712758320617e-05 1.20403692562832e-05 1.28391448015464e-05 1.36811468109954e-05 1.45231497299392e-05 1.53651526488829e-05 1.62071537488373e-05 1.70491566677811e-05 1.78911595867248e-05 1.85303324542474e-05 1.85610169864958e-05 1.85917033377336e-05 1.8622387869982e-05 1.86530724022305e-05 1.86837587534683e-05 1.87144432857167e-05 1.87451296369545e-05 1.83203428605339e-05 1.77437323145568e-05 1.71671235875692e-05 1.65905130415922e-05 1.60139024956152e-05 1.54372937686276e-05 1.48606841321453e-05 1.43439247040078e-05 1.40067204483785e-05 1.36695152832544e-05 1.33323101181304e-05
