data/working_set_collections/6091692-Cassins_Sparrow-M2/2000/prectotcorr_avg.asc
NCOLS 265 
NROWS 230 
XLLCORNER -115.5625 
YLLCORNER 24.8333333333333 
CELLSIZE 0.0833333333333333 
NODATA_value -9999 
[rows 180 to 197 of 230, columns 164 to 204 of 265]
1.46893535202253e-05 1.46326710819267e-05 1.45759895531228e-05 1.45193071148242e-05 1.44626246765256e-05 1.4405942238227e-05 1.43492597999284e-05 1.42925773616298e-05 1.45058265843545e-05 1.48090521179256e-05 1.51122776514967e-05 1.54155040945625e-05 1.57187296281336e-05 1.60219551617047e-05 1.63251806952758e-05 1.66723748407094e-05 1.71514748217305e-05 1.76305748027517e-05 1.81096729647834e-05 1.85887729458045e-05 1.90678729268257e-05 1.95469729078468e-05 2.00260710698785e-05 2.06045242521213e-05 2.12160939554451e-05 2.18276636587689e-05 2.24392333620926e-05 2.30508030654164e-05 2.36623727687402e-05 2.42739424720639e-05 2.48640990321292e-05 2.539001252444e-05 2.59159278357401e-05 2.64418431470403e-05 2.69677584583405e-05 2.74936719506513e-05 2.80195872619515e-05 2.85455025732517e-05 2.86227059405064e-05 2.85503392660758e-05 2.84779707726557e-05
1.48080989674781e-05 1.47530845424626e-05 1.46980701174471e-05 1.46430547829368e-05 1.45880403579213e-05 1.45330259329057e-05 1.44780115078902e-05 1.44229970828746e-05 1.46192869578954e-05 1.48993467519176e-05 1.51794056364452e-05 1.54594654304674e-05 1.57395243149949e-05 1.60195831995225e-05 1.629964208405e-05 1.66212539625121e-05 1.70675193658099e-05 1.75137847691076e-05 1.79600501724053e-05 1.8406315575703e-05 1.88525809790008e-05 1.92988482012879e-05 1.97451136045856e-05 2.03006238734815e-05 2.0892548491247e-05 2.14844731090125e-05 2.20763977267779e-05 2.26683223445434e-05 2.32602469623089e-05 2.38521715800744e-05 2.44249476963887e-05 2.49402746703709e-05 2.5455601644353e-05 2.59709304373246e-05 2.64862574113067e-05 2.70015843852889e-05 2.7516911359271e-05 2.80322383332532e-05 2.810897785821e-05 2.80395197478356e-05 2.79700616374612e-05
1.4926844414731e-05 1.48734980029985e-05 1.48201506817713e-05 1.47668033605441e-05 1.47134569488117e-05 1.46601096275845e-05 1.46067623063573e-05 1.45534158946248e-05 1.4732748240931e-05 1.49896404764149e-05 1.52465336213936e-05 1.55034267663723e-05 1.57603190018563e-05 1.60172112373402e-05 1.62741034728242e-05 1.65701312653255e-05 1.69835639098892e-05 1.73969947354635e-05 1.78104273800272e-05 1.82238582056016e-05 1.86372908501653e-05 1.90507216757396e-05 1.94641543203034e-05 1.99967216758523e-05 2.05690012080595e-05 2.11412825592561e-05 2.17135620914632e-05 2.22858416236704e-05 2.28581211558776e-05 2.34304006880848e-05 2.39857963606482e-05 2.44905368163018e-05 2.49952754529659e-05 2.55000159086194e-05 2.60047563642729e-05 2.65094968199264e-05 2.70142354565905e-05 2.75189759122441e-05 2.75952497759135e-05 2.75287020485848e-05 2.74621525022667e-05
1.50455898619839e-05 1.49939105540398e-05 1.49422312460956e-05 1.48905519381515e-05 1.48388726302073e-05 1.47871933222632e-05 1.4735514014319e-05 1.46838347063749e-05 1.48462095239665e-05 1.5079935110407e-05 1.53136606968474e-05 1.55473881022772e-05 1.57811136887176e-05 1.6014839275158e-05 1.62485648615984e-05 1.65190103871282e-05 1.68996084539685e-05 1.72802065208089e-05 1.76608027686598e-05 1.80414008355001e-05 1.84219989023404e-05 1.88025969691807e-05 1.91831950360211e-05 1.96928212972125e-05 2.02454557438614e-05 2.07980901905103e-05 2.13507264561485e-05 2.19033609027974e-05 2.24559953494463e-05 2.30086297960952e-05 2.35466450249078e-05 2.40407971432433e-05 2.45349510805681e-05 2.50291031989036e-05 2.55232553172391e-05 2.60174074355746e-05 2.65115613728995e-05 2.70057134912349e-05 2.70815216936171e-05 2.70178825303447e-05 2.69542433670722e-05
1.51643353092368e-05 1.51143240145757e-05 1.50643118104199e-05 1.50143005157588e-05 1.4964288311603e-05 1.49142770169419e-05 1.48642648127861e-05 1.4814253518125e-05 1.49596698975074e-05 1.5170229744399e-05 1.53807886817958e-05 1.55913494381821e-05 1.58019083755789e-05 1.60124673129758e-05 1.6223028069362e-05 1.64678876899416e-05 1.68156511790585e-05 1.71634164871648e-05 1.75111799762817e-05 1.7858945284388e-05 1.82067087735049e-05 1.85544722626219e-05 1.89022375707282e-05 1.93889209185727e-05 1.99219102796633e-05 2.04548996407539e-05 2.09878908208339e-05 2.15208801819244e-05 2.2053869543015e-05 2.2586860723095e-05 2.31074936891673e-05 2.35910592891742e-05 2.4074624889181e-05 2.45581886701984e-05 2.50417542702053e-05 2.55253198702121e-05 2.6008885470219e-05 2.64924510702258e-05 2.65677936113207e-05 2.65070648310939e-05 2.64463342318777e-05
1.52830816659844e-05 1.52347374751116e-05 1.51863932842389e-05 1.51380490933661e-05 1.50897049024934e-05 1.50413607116207e-05 1.49930165207479e-05 1.49446723298752e-05 1.5073131180543e-05 1.5260524378391e-05 1.54479166667443e-05 1.5635310774087e-05 1.58227030624403e-05 1.60100953507936e-05 1.61974894581363e-05 1.64167668117443e-05 1.67316957231378e-05 1.70466264535207e-05 1.73615571839036e-05 1.76764879142866e-05 1.79914168256801e-05 1.8306347556063e-05 1.86212782864459e-05 1.90850187209435e-05 1.95983648154652e-05 2.01117090909975e-05 2.06250551855192e-05 2.11383994610514e-05 2.16517437365837e-05 2.21650898311054e-05 2.26683423534269e-05 2.31413196161157e-05 2.36142986977939e-05 2.40872759604827e-05 2.45602532231715e-05 2.50332323048497e-05 2.55062095675385e-05 2.59791886492167e-05 2.60540673480136e-05 2.59962453128537e-05 2.59384250966832e-05
1.5396164599224e-05 1.53472719830461e-05 1.52983793668682e-05 1.5249487660185e-05 1.52005950440071e-05 1.51517024278292e-05 1.51028107211459e-05 1.5053918104968e-05 1.51693711814005e-05 1.53396067616995e-05 1.55098405230092e-05 1.56800761033082e-05 1.58503116836073e-05 1.60205454449169e-05 1.6190781025216e-05 1.63893564604223e-05 1.66729569173185e-05 1.69565573742148e-05 1.7240157831111e-05 1.75237582880072e-05 1.78073587449035e-05 1.80909592017997e-05 1.83745596586959e-05 1.8819442630047e-05 1.93180876522092e-05 1.98167326743715e-05 2.03153776965337e-05 2.08140227186959e-05 2.13126677408582e-05 2.18113127630204e-05 2.23013903450919e-05 2.27657692448702e-05 2.32301481446484e-05 2.36945270444266e-05 2.41589041252155e-05 2.46232830249937e-05 2.5087661924772e-05 2.55520390055608e-05 2.56280218309257e-05 2.55745380854933e-05 2.55210543400608e-05
1.55035850184504e-05 1.54519293573685e-05 1.54002736962866e-05 1.53486162162153e-05 1.52969605551334e-05 1.52453039845568e-05 1.51936474139802e-05 1.51419908434036e-05 1.52483908095746e-05 1.54074768943246e-05 1.556656206958e-05 1.57256472448353e-05 1.58847324200906e-05 1.60438175953459e-05 1.62029027706012e-05 1.63856602739543e-05 1.66394347616006e-05 1.68932092492469e-05 1.71469837368932e-05 1.74007582245395e-05 1.76545308931964e-05 1.79083053808426e-05 1.81620798684889e-05 1.85921908268938e-05 1.90810806088848e-05 1.95699703908758e-05 2.00588601728668e-05 2.05477499548579e-05 2.10366397368489e-05 2.15255295188399e-05 2.2006639483152e-05 2.24644063564483e-05 2.29221732297447e-05 2.3379940103041e-05 2.38377069763374e-05 2.42954738496337e-05 2.47532407229301e-05 2.52110075962264e-05 2.52896588790463e-05 2.52419413300231e-05 2.51942219620105e-05
1.56110072566662e-05 1.55565867316909e-05 1.55021662067156e-05 1.54477456817403e-05 1.53933251567651e-05 1.53389046317898e-05 1.52844841068145e-05 1.52300635818392e-05 1.53274104377488e-05 1.54753470269497e-05 1.56232817971613e-05 1.57712183863623e-05 1.59191549755633e-05 1.60670897457749e-05 1.62150263349758e-05 1.63819659064757e-05 1.66059126058826e-05 1.6829861124279e-05 1.70538096426753e-05 1.72777563420823e-05 1.75017048604786e-05 1.7725653378875e-05 1.79496000782819e-05 1.83649390237406e-05 1.88440735655604e-05 1.93232081073802e-05 1.98023426492e-05 2.02814771910198e-05 2.07606117328396e-05 2.12397480936488e-05 2.17118868022226e-05 2.2163041649037e-05 2.26141983148409e-05 2.30653531616554e-05 2.35165080084698e-05 2.39676628552843e-05 2.44188177020987e-05 2.48699743679026e-05 2.49512977461563e-05 2.49093427555636e-05 2.48673895839602e-05
1.57184276758926e-05 1.56612441060133e-05 1.56040587171447e-05 1.55468751472654e-05 1.54896897583967e-05 1.54325061885174e-05 1.53753207996488e-05 1.53181372297695e-05 1.54064309754176e-05 1.55432171595749e-05 1.56800033437321e-05 1.58167895278893e-05 1.59535757120466e-05 1.60903618962038e-05 1.62271480803611e-05 1.63782697200077e-05 1.65723904501647e-05 1.67665129993111e-05 1.69606337294681e-05 1.71547562786145e-05 1.73488770087715e-05 1.75429995579179e-05 1.77371221070644e-05 1.81376872205874e-05 1.8607066522236e-05 1.90764458238846e-05 1.95458251255332e-05 2.00152062461711e-05 2.04845855478197e-05 2.09539648494683e-05 2.14171359402826e-05 2.18616787606152e-05 2.23062233999372e-05 2.27507662202697e-05 2.31953090406023e-05 2.36398536799243e-05 2.40843965002568e-05 2.45289411395788e-05 2.4612934794277e-05 2.45767460000934e-05 2.45405572059099e-05
1.58258499141084e-05 1.57659014803357e-05 1.57059530465631e-05 1.56460046127904e-05 1.55860543600284e-05 1.55261059262557e-05 1.5466157492483e-05 1.54062090587104e-05 1.5485449694097e-05 1.56110872922e-05 1.57367230713135e-05 1.58623606694164e-05 1.59879982675193e-05 1.61136340466328e-05 1.62392716447357e-05 1.63745735335397e-05 1.65388682944467e-05 1.67031648743432e-05 1.68674596352503e-05 1.70317543961573e-05 1.71960509760538e-05 1.73603457369609e-05 1.75246423168574e-05 1.79104335984448e-05 1.83700594789116e-05 1.88296835403889e-05 1.92893076018663e-05 1.97489334823331e-05 2.02085575438105e-05 2.06681816052878e-05 2.11223832593532e-05 2.15603158721933e-05 2.1998246666044e-05 2.24361792788841e-05 2.28741118917242e-05 2.33120426855749e-05 2.37499752984149e-05 2.4187907911255e-05 2.42745718423976e-05 2.42441492446233e-05 2.42137248278596e-05
1.59332703333348e-05 1.58705588546582e-05 1.58078455569921e-05 1.57451322593261e-05 1.56824207806494e-05 1.56197074829834e-05 1.55569941853173e-05 1.54942827066407e-05 1.55644702317659e-05 1.56789574248251e-05 1.57934446178842e-05 1.59079318109434e-05 1.60224190040026e-05 1.61369061970618e-05 1.62513933901209e-05 1.63708773470717e-05 1.65053461387288e-05 1.66398149303859e-05 1.67742855410324e-05 1.69087543326896e-05 1.70432231243467e-05 1.71776937349932e-05 1.73121625266504e-05 1.76831817952916e-05 1.81330524355872e-05 1.85829212568933e-05 1.90327900781995e-05 1.9482660718495e-05 1.99325295398012e-05 2.03824001800967e-05 2.08276323974133e-05 2.1258951164782e-05 2.16902717511402e-05 2.21215923374984e-05 2.25529129238566e-05 2.29842335102148e-05 2.3415554096573e-05 2.38468746829312e-05 2.39362107095076e-05 2.39115524891531e-05 2.38868924498092e-05
1.58738785103196e-05 1.58102666318882e-05 1.57466547534568e-05 1.56830428750254e-05 1.56194291776046e-05 1.55558172991732e-05 1.54922054207418e-05 1.54285935423104e-05 1.54968693095725e-05 1.56091082317289e-05 1.57213453348959e-05 1.58335842570523e-05 1.59458231792087e-05 1.60580602823757e-05 1.61702992045321e-05 1.62865544552915e-05 1.64148641488282e-05 1.65431738423649e-05 1.66714835359016e-05 1.67997932294384e-05 1.69281029229751e-05 1.70564126165118e-05 1.71847223100485e-05 1.75642471731408e-05 1.80275110324146e-05 1.84907748916885e-05 1.8954036931973e-05 1.94173007912468e-05 1.98805646505207e-05 2.03438285097945e-05 2.07963257707888e-05 2.12165286939126e-05 2.16367316170363e-05 2.20569327211706e-05 2.24771356442943e-05 2.2897338567418e-05 2.33175414905418e-05 2.37377425946761e-05 2.38358534261351e-05 2.38265984080499e-05 2.38173433899647e-05
1.56476744450629e-05 1.55850266310154e-05 1.55223788169678e-05 1.54597328219097e-05 1.53970850078622e-05 1.53344371938147e-05 1.52717893797671e-05 1.52091424752143e-05 1.52826487465063e-05 1.54015378939221e-05 1.55204270413378e-05 1.5639318007743e-05 1.57582071551587e-05 1.58770963025745e-05 1.59959872689797e-05 1.61216084961779e-05 1.62674241437344e-05 1.64132397912908e-05 1.65590572578367e-05 1.67048729053931e-05 1.68506885529496e-05 1.6996504200506e-05 1.71423216670519e-05 1.75536297319923e-05 1.80534370883834e-05 1.85532426257851e-05 1.90530481631868e-05 1.95528555195779e-05 2.00526610569796e-05 2.05524684133707e-05 2.10284670174588e-05 2.1433044821606e-05 2.18376244447427e-05 2.224220224889e-05 2.26467800530372e-05 2.30513578571845e-05 2.34559356613318e-05 2.38605152844684e-05 2.39734999922803e-05 2.39892870013136e-05 2.4005074010347e-05
1.54214685608167e-05 1.53597866301425e-05 1.52981046994682e-05 1.52364218592993e-05 1.51747390191304e-05 1.51130561789614e-05 1.50513742482872e-05 1.49896914081182e-05 1.50684263644507e-05 1.51939684656099e-05 1.53195087477798e-05 1.54450499394443e-05 1.55705911311088e-05 1.56961323227733e-05 1.58216753334273e-05 1.5956660718075e-05 1.61199841386406e-05 1.62833057402167e-05 1.64466291607823e-05 1.66099525813479e-05 1.67732741829241e-05 1.69365976034896e-05 1.70999192050658e-05 1.75430122908438e-05 1.80793613253627e-05 1.86157103598816e-05 1.91520593944006e-05 1.96884102479089e-05 2.02247592824278e-05 2.07611083169468e-05 2.12606082641287e-05 2.16495627682889e-05 2.20385172724491e-05 2.24274699576199e-05 2.28164244617801e-05 2.32053789659403e-05 2.35943316511111e-05 2.39832861552713e-05 2.41111465584254e-05 2.41519755945774e-05 2.41928046307294e-05
1.519526449556e-05 1.51345466292696e-05 1.50738287629792e-05 1.50131118061836e-05 1.49523939398932e-05 1.48916760736029e-05 1.48309582073125e-05 1.47702403410221e-05 1.48542058013845e-05 1.49863981278031e-05 1.51185913637164e-05 1.5250783690135e-05 1.53829769260483e-05 1.55151701619616e-05 1.56473615788855e-05 1.57917147589615e-05 1.59725441335468e-05 1.61533716891427e-05 1.6334201063728e-05 1.65150304383133e-05 1.66958598128986e-05 1.68766891874839e-05 1.70575185620692e-05 1.75323948496953e-05 1.81052873813314e-05 1.86781799129676e-05 1.92510706256144e-05 1.98239631572505e-05 2.03968556888867e-05 2.09697482205229e-05 2.14927495107986e-05 2.18660788959824e-05 2.22394101001555e-05 2.26127394853393e-05 2.2986068870523e-05 2.33593982557068e-05 2.37327276408905e-05 2.41060570260743e-05 2.42487931245705e-05 2.43146641878411e-05 2.43805352511117e-05
1.49690595208085e-05 1.49093066283967e-05 1.4849553735985e-05 1.47898008435732e-05 1.47300479511614e-05 1.46702950587496e-05 1.46105421663378e-05 1.45507892739261e-05 1.46399843288236e-05 1.4778828699491e-05 1.49176730701583e-05 1.50565174408257e-05 1.51953618114931e-05 1.53342061821604e-05 1.54730496433331e-05 1.56267669808585e-05 1.58251023094635e-05 1.60234376380686e-05 1.6221774785663e-05 1.6420110114268e-05 1.66184454428731e-05 1.68167807714781e-05 1.70151161000831e-05 1.75217774085468e-05 1.81312116183108e-05 1.87406476470642e-05 1.93500818568282e-05 1.99595178855816e-05 2.0568953914335e-05 2.1178388124099e-05 2.17248907574685e-05 2.20825968426652e-05 2.24403011088725e-05 2.27980071940692e-05 2.31557132792659e-05 2.35134175454732e-05 2.38711236306699e-05 2.42288297158666e-05 2.43864396907156e-05 2.44773527811049e-05 2.45682658714941e-05
1.47428545460571e-05 1.46840666275239e-05 1.46252787089907e-05 1.45664907904575e-05 1.45077028719243e-05 1.44489149533911e-05 1.43901270348579e-05 1.433133820683e-05 1.44257637657574e-05 1.45712592711789e-05 1.47167547766003e-05 1.48622502820217e-05 1.50077457874431e-05 1.51532422023593e-05 1.52987377077807e-05 1.54618192027556e-05 1.56776623043697e-05 1.58935035869945e-05 1.61093466886086e-05 1.63251897902228e-05 1.65410310728475e-05 1.67568741744617e-05 1.69727154570865e-05 1.75111599673983e-05 1.81571376742795e-05 1.88031153811608e-05 1.9449093088042e-05 2.00950726139126e-05 2.07410503207939e-05 2.13870280276751e-05 2.19570320041385e-05 2.22991129703587e-05 2.26411939365789e-05 2.29832767217886e-05 2.33253576880088e-05 2.3667438654229e-05 2.40095196204493e-05 2.43516005866695e-05 2.45240880758502e-05 2.4640043193358e-05 2.47559983108658e-05
