data/working_set_collections/6091692-Cassins_Sparrow-M2/2000/prectotcorr_avg.asc
NCOLS 265 
NROWS 230 
XLLCORNER -115.5625 
YLLCORNER 24.8333333333333 
CELLSIZE 0.0833333333333333 
NODATA_value -9999 
[rows 0 to 17 of 230, columns 123 to 163 of 265]
1.06839861473418e-05 1.06334146039444e-05 1.05828421510523e-05 1.05322706076549e-05 1.05738090496743e-05 1.06460502138361e-05 1.0718291377998e-05 1.07905334516545e-05 1.08627746158163e-05 1.09350157799781e-05 1.100725694414e-05 1.11212812043959e-05 1.13606529339449e-05 1.1600024663494e-05 1.18393954835483e-05 1.20787672130973e-05 1.23181389426463e-05 1.25575106721953e-05 1.27968824017444e-05 1.28410583783989e-05 1.28201700135833e-05 1.27992807392729e-05 1.27783923744573e-05 1.2757503100147e-05 1.27366147353314e-05 1.27157254610211e-05 1.26810409710743e-05 1.26049699247233e-05 1.25288988783723e-05 1.24528278320213e-05 1.23767567856703e-05 1.23006848298246e-05 1.22246137834736e-05 1.21485427371226e-05 1.21282437248738e-05 1.21265356938238e-05 1.21248267532792e-05 1.21231187222293e-05 1.21214106911793e-05 1.21197026601294e-05 1.21179937195848e-05
1.06256702565588e-05 1.05712042568484e-05 1.05167382571381e-05 1.04622722574277e-05 1.04949476735783e-05 1.05566705315141e-05 1.06183933894499e-05 1.06801162473857e-05 1.07418391053216e-05 1.08035619632574e-05 1.08652848211932e-05 1.09680422610836e-05 1.11939043563325e-05 1.14197673610761e-05 1.1645629456325e-05 1.18714915515739e-05 1.20973536468227e-05 1.23232157420716e-05 1.25490778373205e-05 1.26113272926887e-05 1.26190379887703e-05 1.26267486848519e-05 1.26344593809335e-05 1.26421700770152e-05 1.26498807730968e-05 1.26575914691784e-05 1.26482900668634e-05 1.25879541883478e-05 1.25276183098322e-05 1.24672815218219e-05 1.24069456433062e-05 1.23466097647906e-05 1.2286273886275e-05 1.22259370982647e-05 1.22127730719512e-05 1.2215332390042e-05 1.22178917081328e-05 1.22204519357183e-05 1.22230112538091e-05 1.22255705718999e-05 1.22281298899907e-05
1.05673543657758e-05 1.05089939097525e-05 1.04506334537291e-05 1.03922729977057e-05 1.04160862974823e-05 1.04672899396974e-05 1.05184944914072e-05 1.0569699043117e-05 1.06209035948268e-05 1.06721081465366e-05 1.07233126982464e-05 1.0814804227266e-05 1.10271566882147e-05 1.12395100586582e-05 1.14518625196069e-05 1.16642158900504e-05 1.18765683509992e-05 1.20889217214426e-05 1.23012741823914e-05 1.23815952974837e-05 1.24179059639573e-05 1.24542157209362e-05 1.24905263874098e-05 1.25268361443887e-05 1.25631468108622e-05 1.25994565678411e-05 1.26155391626526e-05 1.25709384519723e-05 1.25263368317974e-05 1.24817361211171e-05 1.24371354104369e-05 1.2392533790262e-05 1.23479330795817e-05 1.23033323689015e-05 1.22973024190287e-05 1.23041299957549e-05 1.23109566629864e-05 1.23177842397126e-05 1.23246118164388e-05 1.23314393931651e-05 1.23382660603966e-05
1.05090384749928e-05 1.04467835626565e-05 1.03845286503201e-05 1.03222737379838e-05 1.03372240118915e-05 1.03779102573753e-05 1.04185965028591e-05 1.04592818388483e-05 1.04999680843321e-05 1.05406543298159e-05 1.0581339665805e-05 1.06615652839537e-05 1.0860409020097e-05 1.10592527562403e-05 1.12580964923836e-05 1.14569393190322e-05 1.16557830551756e-05 1.18546267913189e-05 1.20534705274622e-05 1.21518633022788e-05 1.22167739391443e-05 1.22816836665152e-05 1.2346593393886e-05 1.24115031212568e-05 1.24764128486277e-05 1.25413225759985e-05 1.25827882584417e-05 1.25539227155969e-05 1.25250562632573e-05 1.24961907204124e-05 1.24673242680728e-05 1.2438458725228e-05 1.24095922728884e-05 1.23807267300435e-05 1.23818317661062e-05 1.23929266919731e-05 1.240402161784e-05 1.2415116543707e-05 1.24262123790686e-05 1.24373073049355e-05 1.24484022308025e-05
1.04507234937046e-05 1.03845732155605e-05 1.03184238469112e-05 1.02522744782618e-05 1.02583626357955e-05 1.02885305750533e-05 1.03186976048164e-05 1.03488655440742e-05 1.03790325738373e-05 1.04092005130951e-05 1.04393675428582e-05 1.05083272501361e-05 1.06936613519792e-05 1.08789954538224e-05 1.10643295556656e-05 1.12496636575088e-05 1.1434997759352e-05 1.16203327706899e-05 1.1805666872533e-05 1.19221322165686e-05 1.20156419143314e-05 1.21091507025994e-05 1.22026604003622e-05 1.2296170098125e-05 1.23896788863931e-05 1.24831885841559e-05 1.25500373542309e-05 1.25369069792214e-05 1.25237756947172e-05 1.25106453197077e-05 1.24975140352035e-05 1.24843827506993e-05 1.24712523756898e-05 1.24581210911856e-05 1.24663611131837e-05 1.24817233881913e-05 1.24970865726937e-05 1.2512449757196e-05 1.25278129416984e-05 1.2543175216706e-05 1.25585384012084e-05
1.03924076029216e-05 1.03223637779593e-05 1.02523190435022e-05 1.01822752185399e-05 1.01795012596995e-05 1.01991499832366e-05 1.02187996162684e-05 1.02384483398055e-05 1.02580970633426e-05 1.02777466963744e-05 1.02973954199115e-05 1.03550883068237e-05 1.05269127743668e-05 1.06987381514045e-05 1.08705626189476e-05 1.10423879959853e-05 1.12142124635284e-05 1.13860378405661e-05 1.15578623081092e-05 1.16924002213636e-05 1.18145098895184e-05 1.19366186481784e-05 1.20587274068384e-05 1.21808361654985e-05 1.23029449241585e-05 1.24250536828185e-05 1.251728645002e-05 1.25198912428459e-05 1.25224951261771e-05 1.25250990095083e-05 1.25277038023341e-05 1.25303076856653e-05 1.25329115689965e-05 1.25355154523277e-05 1.25508895507664e-05 1.25705209939042e-05 1.25901515275473e-05 1.26097820611903e-05 1.26294135043281e-05 1.26490440379712e-05 1.26686745716142e-05
1.034967135638e-05 1.02740341390017e-05 1.01983969216235e-05 1.01227597042453e-05 1.01181549325702e-05 1.01372270364664e-05 1.01563000498572e-05 1.01753730632481e-05 1.01944451671443e-05 1.02135181805352e-05 1.02325902844314e-05 1.0288055818819e-05 1.04526998256915e-05 1.06173429230694e-05 1.07819869299419e-05 1.09466309368145e-05 1.11112740341923e-05 1.12759180410649e-05 1.14405620479374e-05 1.15828934212914e-05 1.17177878564689e-05 1.18526832011412e-05 1.19875776363187e-05 1.21224720714963e-05 1.22573665066739e-05 1.23922609418514e-05 1.24970156321069e-05 1.25113501781016e-05 1.25256856335909e-05 1.25400201795856e-05 1.25543547255802e-05 1.25686901810695e-05 1.25830247270642e-05 1.25973592730588e-05 1.26197501231218e-05 1.26448258015444e-05 1.26699023894616e-05 1.26949780678842e-05 1.27200537463068e-05 1.27451303342241e-05 1.27702060126467e-05
1.03225147540797e-05 1.02395852081827e-05 1.01566565717803e-05 1.00737270258833e-05 1.00743236544076e-05 1.01027617347427e-05 1.01311998150777e-05 1.01596388049074e-05 1.01880768852425e-05 1.02165149655775e-05 1.02449539554073e-05 1.03072297861218e-05 1.0471020686964e-05 1.06348106783116e-05 1.07986015791539e-05 1.09623924799962e-05 1.11261824713438e-05 1.12899733721861e-05 1.14537642730284e-05 1.15936109068571e-05 1.17254776341724e-05 1.18573434519931e-05 1.19892101793084e-05 1.21210769066238e-05 1.22529427244444e-05 1.23848094517598e-05 1.24892239909968e-05 1.25112856039777e-05 1.25333463074639e-05 1.25554079204448e-05 1.25774686239311e-05 1.2599530236912e-05 1.26215909403982e-05 1.26436525533791e-05 1.2672941920755e-05 1.27046396301012e-05 1.2736338248942e-05 1.27680368677829e-05 1.27997354866238e-05 1.28314341054647e-05 1.28631327243056e-05
1.02953581517795e-05 1.02051362773636e-05 1.01149153124425e-05 1.00246943475213e-05 1.00304923762451e-05 1.0068296433019e-05 1.01061004897929e-05 1.01439045465668e-05 1.01817086033407e-05 1.02195126601146e-05 1.02573167168885e-05 1.03264037534245e-05 1.04893415482366e-05 1.06522784335539e-05 1.08152162283659e-05 1.09781540231779e-05 1.11410909084952e-05 1.13040287033073e-05 1.14669655886246e-05 1.16043293019175e-05 1.17331665023812e-05 1.18620046123397e-05 1.19908427222981e-05 1.21196808322566e-05 1.2248518942215e-05 1.23773570521735e-05 1.24814323498867e-05 1.25112201203592e-05 1.25410078908317e-05 1.25707947518094e-05 1.26005825222819e-05 1.26303702927544e-05 1.26601580632268e-05 1.26899449242046e-05 1.27261328088935e-05 1.2764453458658e-05 1.28027750179172e-05 1.28410956676817e-05 1.28794172269409e-05 1.29177378767054e-05 1.29560585264699e-05
1.02682015494793e-05 1.01706882560393e-05 1.00731749625993e-05 9.97566166915931e-06 9.98666109808255e-06 1.00338302218006e-05 1.00810002550134e-05 1.01281702882261e-05 1.01753403214389e-05 1.02225094451569e-05 1.02696794783697e-05 1.03455777207273e-05 1.05076624095091e-05 1.06697461887961e-05 1.08318308775779e-05 1.09939155663596e-05 1.11559993456467e-05 1.13180840344285e-05 1.14801678137155e-05 1.16150467874832e-05 1.17408562800847e-05 1.18666657726862e-05 1.19924761747825e-05 1.2118285667384e-05 1.22440951599856e-05 1.23699055620818e-05 1.24736407087767e-05 1.25111546367407e-05 1.25486685647047e-05 1.25861824926687e-05 1.26236964206328e-05 1.26612103485968e-05 1.26987242765608e-05 1.27362382045249e-05 1.27793246065266e-05 1.28242672872148e-05 1.28692108773976e-05 1.29141544675804e-05 1.29590980577632e-05 1.3004041647946e-05 1.30489852381288e-05
1.0241044947179e-05 1.01362393252202e-05 1.00314346127561e-05 9.92662899079733e-06 9.94282981992001e-06 9.99936492007691e-06 1.00559000202338e-05 1.01124360298854e-05 1.01689711300423e-05 1.02255071396939e-05 1.02820422398509e-05 1.03647516880301e-05 1.05259832707816e-05 1.06872139440384e-05 1.08484455267899e-05 1.10096762000467e-05 1.11709077827982e-05 1.13321393655497e-05 1.14933700388065e-05 1.16257642730488e-05 1.17485460577882e-05 1.18713269330328e-05 1.19941087177722e-05 1.21168905025115e-05 1.22396713777562e-05 1.23624531624955e-05 1.24658499771613e-05 1.25110900626169e-05 1.25563301480724e-05 1.2601570233528e-05 1.26468103189836e-05 1.26920504044392e-05 1.27372904898948e-05 1.27825305753504e-05 1.28325154946651e-05 1.28840820252663e-05 1.29356476463727e-05 1.29872132674791e-05 1.30387797980802e-05 1.30903454191866e-05 1.31419119497878e-05
1.02138883448788e-05 1.01017903944012e-05 9.98969335341826e-06 9.87759631243534e-06 9.89899854175746e-06 9.96489961835323e-06 1.0030800694949e-05 1.00967017715448e-05 1.01626028481405e-05 1.02285039247363e-05 1.02944050013321e-05 1.03839256553329e-05 1.05443041320541e-05 1.07046816992806e-05 1.08650601760019e-05 1.10254377432284e-05 1.11858162199496e-05 1.13461937871762e-05 1.15065722638974e-05 1.16364817586145e-05 1.1756234925997e-05 1.18759880933794e-05 1.19957412607619e-05 1.21154944281443e-05 1.22352485050214e-05 1.23550016724039e-05 1.24580583360512e-05 1.25110245789983e-05 1.25639908219455e-05 1.26169579743873e-05 1.26699242173345e-05 1.27228904602816e-05 1.27758576127235e-05 1.28288238556706e-05 1.28857072922983e-05 1.29438958538231e-05 1.30020835058531e-05 1.30602720673778e-05 1.31184606289025e-05 1.31766491904273e-05 1.3234837751952e-05
1.03443544503534e-05 1.02239237094182e-05 1.01034938779776e-05 9.98306313704234e-06 9.99543226498645e-06 1.00520683190553e-05 1.01087043731241e-05 1.01653404271929e-05 1.02219764812617e-05 1.02786125353305e-05 1.03352485893993e-05 1.04160098999273e-05 1.05691460703383e-05 1.0722283150244e-05 1.08754202301498e-05 1.10285573100555e-05 1.11816943899612e-05 1.13348314698669e-05 1.14879685497726e-05 1.16152232294553e-05 1.17338504423969e-05 1.18524776553386e-05 1.19711048682802e-05 1.20897320812219e-05 1.22083592941635e-05 1.23269865071052e-05 1.24312191474019e-05 1.24922635222902e-05 1.25533088066732e-05 1.26143540910562e-05 1.26753993754392e-05 1.27364446598222e-05 1.27974890347105e-05 1.28585343190935e-05 1.292269462283e-05 1.29878926600213e-05 1.30530906972126e-05 1.31182896438986e-05 1.31834876810899e-05 1.32486857182812e-05 1.33138837554725e-05
1.06324441730976e-05 1.05026383607765e-05 1.037283345795e-05 1.02430285551236e-05 1.02321318991017e-05 1.02608719316777e-05 1.02896119642537e-05 1.03183519968297e-05 1.03470920294058e-05 1.03758311524871e-05 1.04045711850631e-05 1.04610035123187e-05 1.06005109046237e-05 1.07400192064233e-05 1.08795265987283e-05 1.10190339910332e-05 1.11585422928329e-05 1.12980496851378e-05 1.14375579869375e-05 1.15619877760764e-05 1.16813916974934e-05 1.18007947094156e-05 1.19201986308326e-05 1.20396025522496e-05 1.21590064736665e-05 1.22784094855888e-05 1.23853315017186e-05 1.2454807801987e-05 1.25242831927608e-05 1.25937594930292e-05 1.26632357932976e-05 1.27327111840714e-05 1.28021874843398e-05 1.28716628751135e-05 1.29434783957549e-05 1.30160733533558e-05 1.30886692204513e-05 1.31612641780521e-05 1.32338591356529e-05 1.33064550027484e-05 1.33790499603492e-05
1.09205329863471e-05 1.07813539216295e-05 1.06421739474172e-05 1.05029939732049e-05 1.04688324427116e-05 1.04696755443001e-05 1.04705195553834e-05 1.04713635664666e-05 1.04722066680552e-05 1.04730506791384e-05 1.04738946902216e-05 1.05059971247101e-05 1.0631875738909e-05 1.07577543531079e-05 1.08836329673068e-05 1.10095115815056e-05 1.11353901957045e-05 1.12612688099034e-05 1.13871474241023e-05 1.15087523226975e-05 1.16289320430951e-05 1.17491126729874e-05 1.1869292393385e-05 1.19894730232772e-05 1.21096527436748e-05 1.22298324640724e-05 1.23394447655301e-05 1.24173511721892e-05 1.24952584883431e-05 1.25731648950023e-05 1.26510713016614e-05 1.27289786178153e-05 1.28068850244745e-05 1.28847914311336e-05 1.29642621686799e-05 1.30442549561849e-05 1.31242468341952e-05 1.32042387122056e-05 1.32842314997106e-05 1.33642233777209e-05 1.34442152557313e-05
1.12086227090913e-05 1.10600685729878e-05 1.09115144368843e-05 1.07629593912861e-05 1.07055320768268e-05 1.06784791569225e-05 1.0651427146513e-05 1.06243742266088e-05 1.05973222161992e-05 1.0570269296295e-05 1.05432172858855e-05 1.05509907371015e-05 1.06632396636996e-05 1.07754894997925e-05 1.08877393358853e-05 1.09999882624834e-05 1.11122380985762e-05 1.1224487934669e-05 1.13367377707618e-05 1.14555168693187e-05 1.15764732981916e-05 1.16974297270644e-05 1.18183861559373e-05 1.19393425848102e-05 1.20602990136831e-05 1.2181255442556e-05 1.22935571198468e-05 1.23798954518861e-05 1.24662328744307e-05 1.25525702969753e-05 1.26389077195199e-05 1.27252451420645e-05 1.28115825646091e-05 1.28979199871537e-05 1.29850468510995e-05 1.30724356495193e-05 1.31598244479392e-05 1.32472141558537e-05 1.33346029542736e-05 1.34219917526934e-05 1.3509381460608e-05
1.14967124318355e-05 1.13387832243461e-05 1.11808540168568e-05 1.10229257188621e-05 1.0942231710942e-05 1.0887282769545e-05 1.08323347376427e-05 1.07773857962457e-05 1.07224377643433e-05 1.06674888229463e-05 1.06125398815493e-05 1.05959843494929e-05 1.0694604497985e-05 1.0793224646477e-05 1.08918457044638e-05 1.09904658529558e-05 1.10890860014479e-05 1.11877070594346e-05 1.12863272079267e-05 1.14022814159398e-05 1.1524014553288e-05 1.16457476906362e-05 1.17674799184897e-05 1.18892130558379e-05 1.20109461931861e-05 1.21326784210396e-05 1.22476703836583e-05 1.23424388220883e-05 1.24372072605183e-05 1.25319756989484e-05 1.26267441373784e-05 1.27215125758084e-05 1.28162810142385e-05 1.29110494526685e-05 1.30058306240244e-05 1.31006163428538e-05 1.31954029711778e-05 1.32901886900072e-05 1.33849744088366e-05 1.34797610371606e-05 1.357454675599e-05
1.17848021545797e-05 1.16174978757044e-05 1.14501945063239e-05 1.12828911369434e-05 1.11789313450572e-05 1.10960872916621e-05 1.10132423287723e-05 1.09303973658825e-05 1.08475524029927e-05 1.07647083495976e-05 1.06818633867078e-05 1.06409779618843e-05 1.07259693322703e-05 1.08109597931616e-05 1.08959511635476e-05 1.09809425339336e-05 1.10659339043195e-05 1.11509252747055e-05 1.12359166450915e-05 1.13490468720556e-05 1.14715558083844e-05 1.15940647447133e-05 1.17165736810421e-05 1.18390835268656e-05 1.19615924631944e-05 1.20841013995232e-05 1.22017836474697e-05 1.23049821922905e-05 1.2408181646606e-05 1.25113811009214e-05 1.26145796457422e-05 1.27177791000577e-05 1.28209785543731e-05 1.29241780086886e-05 1.30266143969493e-05 1.31287979456829e-05 1.32309805849218e-05 1.33331632241607e-05 1.34353467728943e-05 1.35375294121332e-05 1.3639712051372e-05
