data/working_set_collections/6091692-Cassins_Sparrow-M2/2000/prectotcorr_avg.asc
NCOLS 265 
NROWS 230 
XLLCORNER -115.5625 
YLLCORNER 24.8333333333333 
CELLSIZE 0.0833333333333333 
NODATA_value -9999 
[rows 36 to 53 of 230, columns 82 to 122 of 265]
6.98578787705628e-06 7.05331785866292e-06 7.12084784026956e-06 7.18837827662355e-06 7.25590825823019e-06 7.32343823983683e-06 7.39096867619082e-06 7.6080541475676e-06 8.27380608825479e-06 8.93955893843668e-06 9.60531087912386e-06 1.0271062819811e-05 1.09368147604982e-05 1.16025667011854e-05 1.22683195513673e-05 1.30847911350429e-05 1.39515022965497e-05 1.48182134580566e-05 1.56849255290581e-05 1.65516376000596e-05 1.74183478520717e-05 1.82850599230733e-05 1.89420261449413e-05 1.89697530004196e-05 1.89974798558978e-05 1.90252067113761e-05 1.90529335668543e-05 1.9080662241322e-05 1.91083890968002e-05 1.91361159522785e-05 1.86882916750619e-05 1.80819497472839e-05 1.7475607819506e-05 1.68692677107174e-05 1.62629257829394e-05 1.56565838551614e-05 1.50502419273835e-05 1.45095300467801e-05 1.41657083077007e-05 1.3821887478116e-05 1.34780657390365e-05
7.21123751645791e-06 7.29179146219394e-06 7.37234540792997e-06 7.452899353666e-06 7.53345375414938e-06 7.6140076998854e-06 7.69456164562143e-06 7.91744605521671e-06 8.56732003740035e-06 9.21719492907869e-06 9.86706982075702e-06 1.05169438029407e-05 1.1166818694619e-05 1.18166926768026e-05 1.2466567568481e-05 1.32728364405921e-05 1.41312357300194e-05 1.49896359289414e-05 1.58480361278635e-05 1.67064354172908e-05 1.75648347067181e-05 1.84232358151348e-05 1.90768296306487e-05 1.91160052054329e-05 1.91551825992065e-05 1.919435999298e-05 1.92335355677642e-05 1.92727129615378e-05 1.93118903553113e-05 1.93510677490849e-05 1.89001493708929e-05 1.82858675543685e-05 1.7671585737844e-05 1.70573057403089e-05 1.64430239237845e-05 1.582874210726e-05 1.52144593812409e-05 1.46681177284336e-05 1.43255947477883e-05 1.39830726766377e-05 1.36405496959924e-05
7.43668715585954e-06 7.53026506572496e-06 7.62384297559038e-06 7.7174208854558e-06 7.81099879532121e-06 7.90457670518663e-06 7.99815461505204e-06 8.22683705337113e-06 8.86083398654591e-06 9.4948318292154e-06 1.01288287623902e-05 1.0762825695565e-05 1.13968226287398e-05 1.20308195619145e-05 1.26648164950893e-05 1.34608817461412e-05 1.43109691634891e-05 1.51610574903316e-05 1.60111449076794e-05 1.68612332345219e-05 1.77113215613645e-05 1.8561409888207e-05 1.92116331163561e-05 1.92622592294356e-05 1.93128853425151e-05 1.93635114555946e-05 1.9414137568674e-05 1.94647655007429e-05 1.95153916138224e-05 1.95660177269019e-05 1.91120088857133e-05 1.84897871804424e-05 1.78675654751714e-05 1.72453437699005e-05 1.66231220646296e-05 1.60009003593586e-05 1.53786786540877e-05 1.4826705410087e-05 1.44854811878758e-05 1.41442578751594e-05 1.38030336529482e-05
7.66213634051383e-06 7.76873821450863e-06 7.87534008850344e-06 7.98194196249824e-06 8.08854383649305e-06 8.19514571048785e-06 8.30174758448265e-06 8.53622896102024e-06 9.15434884518618e-06 9.77246781985741e-06 1.03905867945286e-05 1.10087066786946e-05 1.16268256533658e-05 1.22449455375317e-05 1.2863064512203e-05 1.36489270516904e-05 1.44907035064534e-05 1.53324799612164e-05 1.61742555064848e-05 1.70160328707425e-05 1.78578084160108e-05 1.86995857802685e-05 1.93464366020635e-05 1.94085132534383e-05 1.94705880858237e-05 1.95326647371985e-05 1.95947395695839e-05 1.96568162209587e-05 1.97188928723335e-05 1.97809677047189e-05 1.93238665815443e-05 1.86937049875269e-05 1.80635433935095e-05 1.74333817994921e-05 1.68032183864852e-05 1.61730567924678e-05 1.55428951984504e-05 1.49852930917405e-05 1.46453685374581e-05 1.43054430736811e-05 1.39655176099041e-05
7.88758643466281e-06 8.007212272787e-06 8.12683811091119e-06 8.24646394903539e-06 8.36608978715958e-06 8.48571471578907e-06 8.60534055391327e-06 8.84562086866936e-06 9.44786279433174e-06 1.00501047199941e-05 1.06523457361618e-05 1.12545876618242e-05 1.18568295874866e-05 1.2459071513149e-05 1.30613134388113e-05 1.38369723572396e-05 1.46704369399231e-05 1.55039015226066e-05 1.63373661052901e-05 1.71708306879736e-05 1.80042952706572e-05 1.88377598533407e-05 1.94812400877709e-05 1.95547654584516e-05 1.96282908291323e-05 1.9701816199813e-05 1.97753415704938e-05 1.98488687601639e-05 1.99223941308446e-05 1.99959195015253e-05 1.95357242773753e-05 1.88976227946114e-05 1.82595213118475e-05 1.76214198290836e-05 1.69833165273303e-05 1.63452150445664e-05 1.57071135618025e-05 1.51438807733939e-05 1.48052549775457e-05 1.44666282722028e-05 1.41280024763546e-05
8.11303561931709e-06 8.24568542157067e-06 8.37833522382425e-06 8.51098502607783e-06 8.64363482833141e-06 8.776284630585e-06 8.90893443283858e-06 9.15501277631847e-06 9.7413767434773e-06 1.03277407106361e-05 1.0914104677795e-05 1.15004695544485e-05 1.20868335216073e-05 1.26731974887662e-05 1.3259561455925e-05 1.40250176627887e-05 1.48501703733928e-05 1.56753230839968e-05 1.65004767040955e-05 1.73256285052048e-05 1.81507821253035e-05 1.89759357454022e-05 1.96160435734782e-05 1.97010194824543e-05 1.97859935724409e-05 1.9870969481417e-05 1.99559435714036e-05 2.00409194803797e-05 2.01258953893557e-05 2.02108694793424e-05 1.97475819732063e-05 1.91015406016959e-05 1.84554992301855e-05 1.78094578586752e-05 1.71634146681754e-05 1.6517373296665e-05 1.58713319251547e-05 1.53024684550473e-05 1.49651414176333e-05 1.46278134707245e-05 1.42904864333104e-05
8.33687772683334e-06 8.47550745675107e-06 8.61413627717411e-06 8.75276600709185e-06 8.89139482751489e-06 9.03002455743263e-06 9.16865428735036e-06 9.41656253417023e-06 9.99230724119116e-06 1.05680519482121e-05 1.11437975647277e-05 1.17195422717487e-05 1.22952869787696e-05 1.28710316857905e-05 1.34467773023061e-05 1.4191105037753e-05 1.49916277223383e-05 1.57921494974289e-05 1.65926721820142e-05 1.73931948665995e-05 1.81937175511848e-05 1.89942402357701e-05 1.9615623386926e-05 1.96995861188043e-05 1.9783550669672e-05 1.98675152205396e-05 1.99514797714073e-05 2.00354425032856e-05 2.01194070541533e-05 2.02033716050209e-05 1.97481185750803e-05 1.91131257452071e-05 1.84781329153338e-05 1.78431400854606e-05 1.72081472555874e-05 1.65731544257142e-05 1.59381615958409e-05 1.5379653632408e-05 1.50506029967801e-05 1.47215514516574e-05 1.43924999065348e-05
8.55911184771685e-06 8.69667655933881e-06 8.83424127096077e-06 8.97180598258274e-06 9.1093706942047e-06 9.24693631532136e-06 9.38450102694333e-06 9.63027014222462e-06 1.02006542874733e-05 1.0771038432722e-05 1.13414225779707e-05 1.19118067232193e-05 1.2482190868468e-05 1.30525750137167e-05 1.36229591589654e-05 1.43352353916271e-05 1.5094808077265e-05 1.5854380762903e-05 1.66139543580357e-05 1.73735279531684e-05 1.81331015483011e-05 1.88926751434337e-05 1.94799777091248e-05 1.95504690054804e-05 1.96209621208254e-05 1.96914552361704e-05 1.97619465325261e-05 1.98324396478711e-05 1.99029309442267e-05 1.99734240595717e-05 1.9537332264008e-05 1.89323764061555e-05 1.83274223672925e-05 1.77224683284294e-05 1.71175124705769e-05 1.65125584317138e-05 1.59076043928508e-05 1.537543903396e-05 1.50616397149861e-05 1.47478422150016e-05 1.44340438055224e-05
8.78134596860036e-06 8.91784657142125e-06 9.05434626474744e-06 9.19084686756833e-06 9.32734747038921e-06 9.4638471637154e-06 9.60034776653629e-06 9.84397865977371e-06 1.04090013337554e-05 1.09740249172319e-05 1.15390485007083e-05 1.210407117469e-05 1.26690947581665e-05 1.32341183416429e-05 1.37991410156246e-05 1.44793648360064e-05 1.51979893416865e-05 1.59166138473665e-05 1.66352365340572e-05 1.73538610397372e-05 1.80724855454173e-05 1.87911082321079e-05 1.93443320313236e-05 1.94013518921565e-05 1.94583735719789e-05 1.95153934328118e-05 1.95724151126342e-05 1.96294349734671e-05 1.96864566532895e-05 1.97434765141224e-05 1.93265441339463e-05 1.87516288860934e-05 1.81767118192511e-05 1.76017947524088e-05 1.70268795045558e-05 1.64519624377135e-05 1.58770453708712e-05 1.53712226165226e-05 1.50726773426868e-05 1.4774132068851e-05 1.44755867950153e-05
9.00358008948388e-06 9.13901567400899e-06 9.2744512585341e-06 9.40988775255391e-06 9.54532333707903e-06 9.68075892160414e-06 9.81619450612925e-06 1.00576862678281e-05 1.06173492895323e-05 1.11770114017418e-05 1.17366735139512e-05 1.22963365356554e-05 1.28559986478649e-05 1.34156607600744e-05 1.39753237817786e-05 1.46234951898805e-05 1.53011696966132e-05 1.59788451128406e-05 1.66565187100787e-05 1.73341941263061e-05 1.80118677235441e-05 1.86895431397716e-05 1.92086863535224e-05 1.92522347788326e-05 1.92957850231323e-05 1.93393334484426e-05 1.93828818737529e-05 1.94264321180526e-05 1.94699805433629e-05 1.95135289686732e-05 1.9115757822874e-05 1.85708795470418e-05 1.80260012712097e-05 1.74811229953775e-05 1.69362447195454e-05 1.63913664437132e-05 1.5846488167881e-05 1.53670061990852e-05 1.50837149703875e-05 1.48004228321952e-05 1.45171306940028e-05
9.22581421036739e-06 9.36018568609143e-06 9.49455716181546e-06 9.6289277280448e-06 9.76329920376884e-06 9.89766976999817e-06 1.00320412457222e-05 1.02713947853772e-05 1.08256963358144e-05 1.13799978862517e-05 1.19342994366889e-05 1.24886009871261e-05 1.30429025375634e-05 1.35972040880006e-05 1.41515056384378e-05 1.47676246342598e-05 1.540435005154e-05 1.60410763783148e-05 1.66778008861002e-05 1.7314527212875e-05 1.79512517206604e-05 1.85879780474352e-05 1.90730406757211e-05 1.91031176655088e-05 1.91331964742858e-05 1.91632734640734e-05 1.91933504538611e-05 1.92234274436487e-05 1.92535044334363e-05 1.92835832422134e-05 1.89049715118017e-05 1.83901320269797e-05 1.78752907231683e-05 1.73604512383463e-05 1.68456099345349e-05 1.63307704497129e-05 1.58159309648909e-05 1.53627897816477e-05 1.50947516885935e-05 1.48267126860446e-05 1.45586745929904e-05
9.4480492407456e-06 9.58135569817387e-06 9.71466215560213e-06 9.84796861303039e-06 9.98127507045865e-06 1.01145815278869e-05 1.02478879853152e-05 1.04851033029263e-05 1.10340433820966e-05 1.15829843707616e-05 1.21319244499318e-05 1.26808654385968e-05 1.32298064272618e-05 1.37787465064321e-05 1.43276874950971e-05 1.49117549881339e-05 1.55075304064667e-05 1.61033076437889e-05 1.66990830621216e-05 1.72948602994438e-05 1.78906357177766e-05 1.84864129550988e-05 1.89373949979199e-05 1.89540005521849e-05 1.89706079254393e-05 1.89872134797042e-05 1.90038190339692e-05 1.90204245882342e-05 1.90370301424991e-05 1.90536356967641e-05 1.86941852007294e-05 1.82093826879282e-05 1.77245801751269e-05 1.72397794813151e-05 1.67549769685138e-05 1.62701744557125e-05 1.57853719429113e-05 1.53585751831997e-05 1.51057893162942e-05 1.48530034493888e-05 1.4600218491978e-05
9.63601996772923e-06 9.75762304733507e-06 9.87922612694092e-06 1.00008292065468e-05 1.01224322861526e-05 1.02440353657585e-05 1.03656375358696e-05 1.0592919352348e-05 1.11372373794438e-05 1.16815554065397e-05 1.22258725241409e-05 1.27701905512367e-05 1.33145085783326e-05 1.38588266054285e-05 1.44031437230296e-05 1.49634142871946e-05 1.55290035763755e-05 1.60945910465671e-05 1.66601785167586e-05 1.72257678059395e-05 1.77913552761311e-05 1.8356944565312e-05 1.8781885955832e-05 1.87848872883478e-05 1.87878886208637e-05 1.87908917723689e-05 1.87938931048848e-05 1.87968944374006e-05 1.87998975889059e-05 1.88028989214217e-05 1.84677810466383e-05 1.80199585884111e-05 1.75721343111945e-05 1.7124310033978e-05 1.66764875757508e-05 1.62286632985342e-05 1.57808390213177e-05 1.53819746628869e-05 1.51299827848561e-05 1.487799181632e-05 1.46260008477839e-05
9.78972911980236e-06 9.88898955256445e-06 9.98824998532655e-06 1.00875104180886e-05 1.01867708508507e-05 1.02860312836128e-05 1.03852917163749e-05 1.05948447526316e-05 1.11352774183615e-05 1.16757100840914e-05 1.2216143659316e-05 1.27565763250459e-05 1.32970089907758e-05 1.38374416565057e-05 1.43778743222356e-05 1.49226043504314e-05 1.54687659232877e-05 1.60149265866494e-05 1.65610890690004e-05 1.71072497323621e-05 1.76534103957238e-05 1.81995728780748e-05 1.86065099114785e-05 1.85957760550082e-05 1.85850421985378e-05 1.85743083420675e-05 1.85635744855972e-05 1.85528406291269e-05 1.85421067726566e-05 1.85313729161862e-05 1.82257608685177e-05 1.78218560904497e-05 1.74179513123818e-05 1.70140465343138e-05 1.66101417562459e-05 1.62062369781779e-05 1.580233220011e-05 1.54329900396988e-05 1.51673339132685e-05 1.49016777868383e-05 1.4636021660408e-05
9.94343827187549e-06 1.00203560577938e-05 1.00972738437122e-05 1.01741916296305e-05 1.02511094155489e-05 1.03280272014672e-05 1.04049449873855e-05 1.05967701529153e-05 1.11333183667739e-05 1.16698656711378e-05 1.22064138849964e-05 1.27429620988551e-05 1.3279509403219e-05 1.38160576170776e-05 1.43526058309362e-05 1.48817935041734e-05 1.54085282701999e-05 1.59352621267317e-05 1.64619978022529e-05 1.69887316587847e-05 1.75154673343059e-05 1.80422011908377e-05 1.84311356861144e-05 1.84066648216685e-05 1.8382195776212e-05 1.83577249117661e-05 1.83332558663096e-05 1.83087850018637e-05 1.82843159564072e-05 1.82598469109507e-05 1.79837388714077e-05 1.76237535924884e-05 1.7263768313569e-05 1.69037812156603e-05 1.65437959367409e-05 1.61838106578216e-05 1.58238253789023e-05 1.54840054165106e-05 1.52046841321862e-05 1.49253637573565e-05 1.46460424730321e-05
1.00971465144539e-05 1.01517216535285e-05 1.02062967926031e-05 1.02608719316777e-05 1.0315447980247e-05 1.03700231193216e-05 1.04245982583961e-05 1.05986955531989e-05 1.11313584056916e-05 1.16640212581842e-05 1.21966841106769e-05 1.27293469631695e-05 1.32620107251569e-05 1.37946735776495e-05 1.43273364301422e-05 1.48409826579154e-05 1.53482906171121e-05 1.58555994858034e-05 1.63629065355053e-05 1.68702154041966e-05 1.73775224538986e-05 1.78848313225899e-05 1.8255759641761e-05 1.82175535883289e-05 1.81793493538862e-05 1.81411433004541e-05 1.81029372470221e-05 1.806473119359e-05 1.80265251401579e-05 1.79883190867258e-05 1.77417186932871e-05 1.7425651094527e-05 1.71095853147563e-05 1.67935177159961e-05 1.6477450117236e-05 1.61613843374653e-05 1.58453167387052e-05 1.55350207933225e-05 1.52420352605986e-05 1.49490497278748e-05 1.4656064195151e-05
1.02508556665271e-05 1.02830881587579e-05 1.03153206509887e-05 1.03475531432196e-05 1.03797856354504e-05 1.04120190371759e-05 1.04442515294068e-05 1.06006200439879e-05 1.11293984446093e-05 1.16581768452306e-05 1.21869543363573e-05 1.27157327369787e-05 1.32445111376001e-05 1.37732886287267e-05 1.43020670293481e-05 1.48001727211522e-05 1.52880529640242e-05 1.57759350258857e-05 1.62638152687578e-05 1.67516973306192e-05 1.72395775734913e-05 1.77274596353527e-05 1.80803854163969e-05 1.80284423549892e-05 1.7976501112571e-05 1.79245598701527e-05 1.78726186277345e-05 1.78206773853162e-05 1.77687343239086e-05 1.77167930814903e-05 1.74996966961771e-05 1.72275485965656e-05 1.69554023159435e-05 1.6683254216332e-05 1.64111061167205e-05 1.6138958017109e-05 1.58668099174974e-05 1.55860361701343e-05 1.52793854795163e-05 1.49727356983931e-05 1.46660850077751e-05
1.04045639091055e-05 1.04144546639873e-05 1.04243445093744e-05 1.04342343547614e-05 1.04441242001485e-05 1.04540149550303e-05 1.04639048004174e-05 1.06025454442715e-05 1.11274384835269e-05 1.1652332432277e-05 1.21772254715324e-05 1.27021185107878e-05 1.32270115500432e-05 1.37519045892986e-05 1.4276797628554e-05 1.47593618748942e-05 1.52278162204311e-05 1.5696270565968e-05 1.61647258209996e-05 1.66331792570418e-05 1.71016345120734e-05 1.75700879481155e-05 1.79050093720434e-05 1.7839332940639e-05 1.77736546902452e-05 1.77079764398513e-05 1.76423000084469e-05 1.75766217580531e-05 1.75109453266487e-05 1.74452670762548e-05 1.72576765180565e-05 1.70294479175936e-05 1.68012174981413e-05 1.65729888976784e-05 1.63447602972155e-05 1.61165316967526e-05 1.58883030962897e-05 1.56370515469462e-05 1.53167366079288e-05 1.49964216689114e-05 1.46761067298939e-05
