data/working_set_collections/6091692-Cassins_Sparrow-M2/2000/prevtot_avg.asc
NCOLS 265 
NROWS 230 
XLLCORNER -115.5625 
YLLCORNER 24.8333333333333 
CELLSIZE 0.0833333333333333 
NODATA_value -9999 
[rows 162 to 179 of 230, columns 205 to 245 of 265]
2.36151936405804e-05 2.38221109611914e-05 2.40290282818023e-05 2.42359456024133e-05 2.44239290623227e-05 2.45551091211382e-05 2.46862891799537e-05 2.48174692387693e-05 2.49486492975848e-05 2.50798293564003e-05 2.52110094152158e-05 2.53421894740313e-05 2.55371451203246e-05 2.5753359295777e-05 2.59695752902189e-05 2.61857894656714e-05 2.64020036411239e-05 2.66182196355658e-05 2.68344338110182e-05 2.704092185013e-05 2.72182314802194e-05 2.73955392913194e-05 2.75728489214089e-05 2.77501585514983e-05 2.79274663625984e-05 2.81047759926878e-05 2.82820838037878e-05 2.84557536360808e-05 2.86282102024416e-05 2.88006667688023e-05 2.89731233351631e-05 2.91455799015239e-05 2.93180346488953e-05 2.9490491215256e-05 2.96681137115229e-05 2.98612285405397e-05 3.0054345188546e-05 3.02474600175628e-05 3.04405766655691e-05 3.06336914945859e-05 3.08268063236028e-05
2.39304754359182e-05 2.41309771809028e-05 2.43314789258875e-05 2.45319806708721e-05 2.47173047682736e-05 2.48570904659573e-05 2.49968779826304e-05 2.51366636803141e-05 2.52764493779978e-05 2.54162368946709e-05 2.55560225923546e-05 2.56958101090277e-05 2.58986910921521e-05 2.61226032307604e-05 2.63465171883581e-05 2.65704293269664e-05 2.67943414655747e-05 2.70182554231724e-05 2.72421675617807e-05 2.74564845312852e-05 2.76420159934787e-05 2.78275474556722e-05 2.80130789178656e-05 2.81986085610697e-05 2.83841400232632e-05 2.85696714854566e-05 2.87552029476501e-05 2.8940010452061e-05 2.912457966886e-05 2.93091488856589e-05 2.94937162834685e-05 2.96782855002675e-05 2.98628528980771e-05 3.00474221148761e-05 3.02366843243362e-05 3.04400291497586e-05 3.06433757941704e-05 3.08467206195928e-05 3.10500654450152e-05 3.12534102704376e-05 3.145675509586e-05
2.42457590502454e-05 2.44398452196037e-05 2.46339313889621e-05 2.48280175583204e-05 2.50106804742245e-05 2.51590718107764e-05 2.53074649663176e-05 2.54558581218589e-05 2.56042512774002e-05 2.57526444329415e-05 2.59010375884827e-05 2.6049430744024e-05 2.62602370639797e-05 2.64918471657438e-05 2.67234590864973e-05 2.69550691882614e-05 2.71866792900255e-05 2.7418291210779e-05 2.76499013125431e-05 2.78720490314299e-05 2.80658023257274e-05 2.82595538010355e-05 2.8453307095333e-05 2.86470603896305e-05 2.8840813683928e-05 2.90345669782255e-05 2.9228320272523e-05 2.94242690870306e-05 2.96209491352784e-05 2.98176291835262e-05 3.00143110507634e-05 3.02109910990112e-05 3.0407671147259e-05 3.06043511955068e-05 3.08052549371496e-05 3.10188297589775e-05 3.12324045808055e-05 3.14459794026334e-05 3.16595505864825e-05 3.18731254083104e-05 3.20867002301384e-05
2.45610426645726e-05 2.47487114393152e-05 2.49363820330473e-05 2.51240526267793e-05 2.5304054361186e-05 2.54610549745848e-05 2.56180537689943e-05 2.57750525634037e-05 2.59320531768026e-05 2.6089051971212e-05 2.62460507656215e-05 2.64030513790203e-05 2.66217830358073e-05 2.68610911007272e-05 2.71004009846365e-05 2.73397090495564e-05 2.75790171144763e-05 2.78183269983856e-05 2.80576350633055e-05 2.82876117125852e-05 2.84895868389867e-05 2.86915619653882e-05 2.88935370917898e-05 2.90955122181913e-05 2.92974873445928e-05 2.94994624709943e-05 2.97014375973959e-05 2.99085259030107e-05 3.01173186016968e-05 3.03261113003828e-05 3.05349058180582e-05 3.07436966977548e-05 3.09524912154302e-05 3.11612820951268e-05 3.13738273689523e-05 3.15976321871858e-05 3.18214333674405e-05 3.2045238185674e-05 3.22690393659286e-05 3.24928405461833e-05 3.27166453644168e-05
2.48763244599104e-05 2.50575794780161e-05 2.52388326771325e-05 2.54200876952382e-05 2.55974300671369e-05 2.57630363194039e-05 2.59286425716709e-05 2.60942470049486e-05 2.62598532572156e-05 2.64254595094826e-05 2.65910657617496e-05 2.67566720140167e-05 2.69833271886455e-05 2.72303350357106e-05 2.74773410637863e-05 2.77243489108514e-05 2.79713567579165e-05 2.82183627859922e-05 2.84653706330573e-05 2.87031743937405e-05 2.8913371352246e-05 2.91235683107516e-05 2.93337652692571e-05 2.95439640467521e-05 2.97541610052576e-05 2.99643579637632e-05 3.01745549222687e-05 3.03927827189909e-05 3.06136898871046e-05 3.083459159825e-05 3.10554969473742e-05 3.12764022964984e-05 3.14973076456226e-05 3.17182129947469e-05 3.19423998007551e-05 3.21764309774153e-05 3.24104621540755e-05 3.26444969687145e-05 3.28785281453747e-05 3.31125593220349e-05 3.33465904986952e-05
2.51916080742376e-05 2.53664456977276e-05 2.5541285140207e-05 2.57161227636971e-05 2.58908057730878e-05 2.6065017664223e-05 2.62392295553582e-05 2.64134414464934e-05 2.6587655156618e-05 2.67618670477532e-05 2.69360789388884e-05 2.7110292649013e-05 2.73448731604731e-05 2.7599578970694e-05 2.78542829619255e-05 2.81089887721464e-05 2.83636945823673e-05 2.86183985735988e-05 2.88731043838197e-05 2.91187370748958e-05 2.93371576844947e-05 2.95555764751043e-05 2.97739952657139e-05 2.99924140563235e-05 3.02108346659224e-05 3.0429253456532e-05 3.06476722471416e-05 3.08770395349711e-05 3.1110059353523e-05 3.1343075534096e-05 3.1576091714669e-05 3.1809107895242e-05 3.20421277137939e-05 3.22751438943669e-05 3.25109722325578e-05 3.27552334056236e-05 3.29994945786893e-05 3.32437557517551e-05 3.3488013286842e-05 3.37322744599078e-05 3.39765356329735e-05
2.54456772381673e-05 2.56180846918141e-05 2.5790492145461e-05 2.59629014180973e-05 2.61382774624508e-05 2.63225610979134e-05 2.65068429143867e-05 2.66911265498493e-05 2.68754101853119e-05 2.70596938207746e-05 2.72439774562372e-05 2.74282592727104e-05 2.76755836239317e-05 2.79439209407428e-05 2.82122582575539e-05 2.8480595574365e-05 2.87489328911761e-05 2.90172720269766e-05 2.92856093437877e-05 2.95425779768266e-05 2.97654441965278e-05 2.99883104162291e-05 3.02111766359303e-05 3.04340428556316e-05 3.06569090753328e-05 3.0879775295034e-05 3.11026415147353e-05 3.13370182993822e-05 3.15752295136917e-05 3.18134407280013e-05 3.2051648304332e-05 3.22898595186416e-05 3.25280707329512e-05 3.27662819472607e-05 3.30080547428224e-05 3.32605122821406e-05 3.35129661834799e-05 3.3765423722798e-05 3.40178776241373e-05 3.42703351634555e-05 3.45227927027736e-05
2.56385319516994e-05 2.58124946412863e-05 2.59864573308732e-05 2.61604200204602e-05 2.63398469542153e-05 2.65356648014858e-05 2.67314826487564e-05 2.69273023150163e-05 2.71231201622868e-05 2.73189380095573e-05 2.75147576758172e-05 2.77105755230878e-05 2.79754585790215e-05 2.82633627648465e-05 2.85512669506716e-05 2.88391711364966e-05 2.91270753223216e-05 2.94149795081466e-05 2.97028836939717e-05 2.99746970995329e-05 3.01982345263241e-05 3.04217737721046e-05 3.06453111988958e-05 3.08688504446764e-05 3.10923896904569e-05 3.13159252982587e-05 3.15394645440392e-05 3.17727135552559e-05 3.20092003676109e-05 3.22456871799659e-05 3.24821703543421e-05 3.27186571666971e-05 3.29551439790521e-05 3.31916271534283e-05 3.34336473315489e-05 3.36922639689874e-05 3.39508842444047e-05 3.42095008818433e-05 3.44681211572606e-05 3.47267377946991e-05 3.49853544321377e-05
2.5831388484221e-05 2.60069045907585e-05 2.61824225162854e-05 2.63579404418124e-05 2.65414164459798e-05 2.67487703240477e-05 2.69561223831261e-05 2.71634762611939e-05 2.73708301392617e-05 2.75781840173295e-05 2.77855378953973e-05 2.79928917734651e-05 2.82753335341113e-05 2.85828045889502e-05 2.88902756437892e-05 2.91977466986282e-05 2.95052177534672e-05 2.98126888083061e-05 3.01201598631451e-05 3.04068162222393e-05 3.06310248561203e-05 3.08552371279802e-05 3.10794457618613e-05 3.13036580337211e-05 3.15278666676022e-05 3.17520753014833e-05 3.19762875733431e-05 3.22084088111296e-05 3.24431712215301e-05 3.26779336319305e-05 3.29126924043521e-05 3.31474548147526e-05 3.33822135871742e-05 3.36169759975746e-05 3.38592399202753e-05 3.4124019293813e-05 3.43887986673508e-05 3.46535816788673e-05 3.49183610524051e-05 3.51831404259428e-05 3.54479197994806e-05
2.60242431977531e-05 2.62013145402307e-05 2.63783877016976e-05 2.65554590441752e-05 2.67429859377444e-05 2.69618740276201e-05 2.71807621174958e-05 2.73996520263609e-05 2.76185401162365e-05 2.78374282061122e-05 2.80563181149773e-05 2.8275206204853e-05 2.85752066702116e-05 2.89022445940645e-05 2.92292825179175e-05 2.95563204417704e-05 2.98833583656233e-05 3.02103962894762e-05 3.05374342133291e-05 3.08389353449456e-05 3.1063817004906e-05 3.12886986648664e-05 3.15135803248268e-05 3.17384619847871e-05 3.19633436447475e-05 3.21882289426867e-05 3.24131106026471e-05 3.26441077049822e-05 3.28771420754492e-05 3.31101800838951e-05 3.33432144543622e-05 3.35762488248292e-05 3.38092868332751e-05 3.40423212037422e-05 3.42848325090017e-05 3.45557746186387e-05 3.48267167282756e-05 3.50976588379126e-05 3.53686009475496e-05 3.56395430571865e-05 3.59104851668235e-05
2.62170979112852e-05 2.63957244897028e-05 2.65743510681204e-05 2.67529776465381e-05 2.69445536105195e-05 2.71749777311925e-05 2.74054018518655e-05 2.76358259725384e-05 2.78662500932114e-05 2.80966742138844e-05 2.83270983345574e-05 2.85575224552304e-05 2.88750816253014e-05 2.92216864181682e-05 2.95682912110351e-05 2.9914896003902e-05 3.02615007967688e-05 3.06081055896357e-05 3.09547103825025e-05 3.12710508296732e-05 3.14966055157129e-05 3.17221602017526e-05 3.19477148877922e-05 3.21732695738319e-05 3.23988242598716e-05 3.26243789459113e-05 3.2849933631951e-05 3.30798029608559e-05 3.33111129293684e-05 3.35424265358597e-05 3.37737365043722e-05 3.40050464728847e-05 3.42363564413972e-05 3.44676664099097e-05 3.47104250977281e-05 3.49875299434643e-05 3.52646347892005e-05 3.55417359969579e-05 3.5818840842694e-05 3.60959456884302e-05 3.63730468961876e-05
2.64099544438068e-05 2.65901362581644e-05 2.67703162535327e-05 2.69504980678903e-05 2.7146123102284e-05 2.73880832537543e-05 2.76300415862352e-05 2.78720017377054e-05 2.81139600701863e-05 2.83559202216566e-05 2.85978785541374e-05 2.88398368866183e-05 2.91749565803912e-05 2.9541128242272e-05 2.99072999041528e-05 3.02734715660335e-05 3.06396432279143e-05 3.10058130708057e-05 3.13719865516759e-05 3.17031699523795e-05 3.19293976644985e-05 3.21556217386387e-05 3.23818494507577e-05 3.26080771628767e-05 3.28343012370169e-05 3.30605289491359e-05 3.32867530232761e-05 3.35155018547084e-05 3.37450874212664e-05 3.39746729878243e-05 3.42042585543822e-05 3.44338441209402e-05 3.46634296874981e-05 3.48930152540561e-05 3.51360213244334e-05 3.541928526829e-05 3.57025492121466e-05 3.59858167939819e-05 3.62690807378385e-05 3.65523446816951e-05 3.68356122635305e-05
2.65304825006751e-05 2.67251562036108e-05 2.69198299065465e-05 2.71145036094822e-05 2.73266014119145e-05 2.75909715128364e-05 2.78553434327478e-05 2.81197135336697e-05 2.83840854535811e-05 2.8648455554503e-05 2.89128274744144e-05 2.91771975753363e-05 2.9527935112128e-05 2.99074617942097e-05 3.02869884762913e-05 3.06665169773623e-05 3.10460418404546e-05 3.14255703415256e-05 3.18050952046178e-05 3.21459447150119e-05 3.23707572533749e-05 3.25955734297168e-05 3.28203859680798e-05 3.30451985064428e-05 3.32700146827847e-05 3.34948272211477e-05 3.37196433974896e-05 3.39425787387881e-05 3.41648883477319e-05 3.43871979566757e-05 3.46095075656194e-05 3.48318171745632e-05 3.50541267835069e-05 3.52764363924507e-05 3.55145566572901e-05 3.58001016138587e-05 3.60856429324485e-05 3.63711878890172e-05 3.66567328455858e-05 3.69422741641756e-05 3.72278191207442e-05
2.65786839008797e-05 2.68007861450315e-05 2.70228902081726e-05 2.72449924523244e-05 2.74859849014319e-05 2.77836443274282e-05 2.80813037534244e-05 2.83789649984101e-05 2.86766244244063e-05 2.89742838504026e-05 2.92719432763988e-05 2.95696027023951e-05 2.99340208584908e-05 3.03206907119602e-05 3.07073605654296e-05 3.10940304188989e-05 3.14807002723683e-05 3.18673701258376e-05 3.2254039979307e-05 3.25993714795914e-05 3.28206915582996e-05 3.3042007999029e-05 3.32633244397584e-05 3.34846408804879e-05 3.37059609591961e-05 3.39272773999255e-05 3.41485938406549e-05 3.43610372510739e-05 3.45705193467438e-05 3.47800050803926e-05 3.49894871760625e-05 3.51989729097113e-05 3.54084550053813e-05 3.56179371010512e-05 3.58460347342771e-05 3.61299753421918e-05 3.64139159501065e-05 3.66978529200424e-05 3.6981793527957e-05 3.72657341358718e-05 3.75496711058076e-05
2.66268853010843e-05 2.68764179054415e-05 2.71259505097987e-05 2.73754831141559e-05 2.76453702099388e-05 2.797631714202e-05 2.83072658930905e-05 2.8638214644161e-05 2.89691633952316e-05 2.93001121463021e-05 2.96310608973727e-05 2.99620096484432e-05 3.03401066048536e-05 3.07339178107213e-05 3.11277326545678e-05 3.15215474984143e-05 3.1915358704282e-05 3.23091735481285e-05 3.27029847539961e-05 3.30528018821497e-05 3.32706222252455e-05 3.34884425683413e-05 3.37062629114371e-05 3.39240832545329e-05 3.41419035976287e-05 3.43597275787033e-05 3.45775479217991e-05 3.47794957633596e-05 3.49761539837345e-05 3.51728085661307e-05 3.53694667865057e-05 3.55661250068806e-05 3.57627832272556e-05 3.59594414476305e-05 3.61775164492428e-05 3.64598527085036e-05 3.67421853297856e-05 3.70245215890463e-05 3.73068542103283e-05 3.75891904695891e-05 3.7871523090871e-05
2.66750848822994e-05 2.69520478468621e-05 2.72290108114248e-05 2.75059719569981e-05 2.78047536994563e-05 2.81689917756012e-05 2.85332280327566e-05 2.88974661089014e-05 2.92617023660569e-05 2.96259404422017e-05 2.99901766993571e-05 3.03544147755019e-05 3.07461923512165e-05 3.11471485474613e-05 3.15481047437061e-05 3.19490609399509e-05 3.23500171361957e-05 3.27509733324405e-05 3.31519295286853e-05 3.35062286467291e-05 3.37205528921913e-05 3.39348771376535e-05 3.41492013831157e-05 3.43635256285779e-05 3.45778498740401e-05 3.47921741195023e-05 3.50064983649645e-05 3.51979542756453e-05 3.53817849827465e-05 3.55656156898476e-05 3.57494463969488e-05 3.59332771040499e-05 3.61171078111511e-05 3.6300942156231e-05 3.65089981642086e-05 3.67897264368366e-05 3.70704547094647e-05 3.73511866200715e-05 3.76319148926996e-05 3.79126468033064e-05 3.81933750759345e-05
2.6723286282504e-05 2.70276796072721e-05 2.73320711130509e-05 2.76364626188297e-05 2.79641390079632e-05 2.8361664590193e-05 2.87591901724227e-05 2.91567157546524e-05 2.95542413368821e-05 2.99517687381012e-05 3.0349294320331e-05 3.07468180835713e-05 3.11522744596004e-05 3.15603756462224e-05 3.19684768328443e-05 3.23765743814874e-05 3.27846755681094e-05 3.31927767547313e-05 3.36008743033744e-05 3.39596554113086e-05 3.41704835591372e-05 3.43813117069658e-05 3.45921398547944e-05 3.4802968002623e-05 3.50137961504515e-05 3.52246242982801e-05 3.54354524461087e-05 3.5616412787931e-05 3.57874196197372e-05 3.59584228135645e-05 3.61294260073919e-05 3.6300432839198e-05 3.64714360330254e-05 3.66424428648315e-05 3.68404762411956e-05 3.71196001651697e-05 3.73987277271226e-05 3.76778516510967e-05 3.79569792130496e-05 3.82361031370237e-05 3.85152270609979e-05
2.67714876827085e-05 2.71033095486928e-05 2.7435131414677e-05 2.77669532806613e-05 2.81235224974807e-05 2.85543374047847e-05 2.89851523120888e-05 2.94159672193928e-05 2.98467821266968e-05 3.02775952150114e-05 3.07084119413048e-05 3.11392250296194e-05 3.15583602059633e-05 3.19736027449835e-05 3.23888489219826e-05 3.28040914610028e-05 3.32193340000231e-05 3.36345765390433e-05 3.40498190780636e-05 3.44130858138669e-05 3.46204178640619e-05 3.48277499142569e-05 3.5035078326473e-05 3.5242410376668e-05 3.54497424268629e-05 3.56570744770579e-05 3.58644065272529e-05 3.60348713002168e-05 3.61930506187491e-05 3.63512299372815e-05 3.6509405617835e-05 3.66675849363673e-05 3.68257642548997e-05 3.6983943573432e-05 3.71719579561614e-05 3.74494775314815e-05 3.77269971068017e-05 3.80045166821219e-05 3.82820398954209e-05 3.85595594707411e-05 -9999
