data/working_set_collections/6091692-Cassins_Sparrow-M2/2000/prevtot_avg.asc
NCOLS 265 
NROWS 230 
XLLCORNER -115.5625 
YLLCORNER 24.8333333333333 
CELLSIZE 0.0833333333333333 
NODATA_value -9999 
[rows 126 to 143 of 230, columns 0 to 40 of 265]
5.32904095962294e-06 5.25775249116123e-06 5.18646402269951e-06 5.11517509949044e-06 5.04388663102873e-06 4.97259770781966e-06 4.90130923935794e-06 4.95872563988087e-06 5.05904381498112e-06 5.15936199008138e-06 5.25968016518163e-06 5.35999834028189e-06 5.46031651538215e-06 5.5606346904824e-06 5.66213520869496e-06 5.76718139200239e-06 5.87222757530981e-06 5.97727375861723e-06 6.08231994192465e-06 6.18736612523207e-06 6.2924123085395e-06 6.39745849184692e-06 6.4679575189075e-06 6.52694097880158e-06 6.5859239839483e-06 6.64490744384238e-06 6.70389090373646e-06 6.76287390888319e-06 6.82185736877727e-06 6.89297576172976e-06 7.00049986335216e-06 7.10802396497456e-06 7.21554806659697e-06 7.32307216821937e-06 7.43059626984177e-06 7.53812037146417e-06 7.64564447308658e-06 7.80748814577237e-06 7.98743803898105e-06 8.16738884168444e-06 8.34733873489313e-06
5.26196299688308e-06 5.21195215696935e-06 5.16194086230826e-06 5.11193002239452e-06 5.06191872773343e-06 5.01190788781969e-06 4.9618965931586e-06 5.01982140121982e-06 5.11372445544112e-06 5.20762750966242e-06 5.30153056388372e-06 5.39543407285237e-06 5.48933712707367e-06 5.58324018129497e-06 5.67970982956467e-06 5.78387744099018e-06 5.88804505241569e-06 5.9922126638412e-06 6.09638027526671e-06 6.20054788669222e-06 6.30471549811773e-06 6.40888310954324e-06 6.47924116492504e-06 6.53832967145718e-06 6.59741772324196e-06 6.65650577502674e-06 6.71559428155888e-06 6.77468233334366e-06 6.83377038512845e-06 6.90527440383448e-06 7.01402404956752e-06 7.12277415004792e-06 7.23152379578096e-06 7.34027389626135e-06 7.44902354199439e-06 7.55777364247479e-06 7.66652374295518e-06 7.82417100708699e-06 7.99811823526397e-06 8.17206546344096e-06 8.34601178212324e-06
5.19488503414323e-06 5.16615136803011e-06 5.13741815666435e-06 5.10868449055124e-06 5.07995127918548e-06 5.05121761307237e-06 5.02248394695926e-06 5.08091670781141e-06 5.16840509590111e-06 5.25589302924345e-06 5.34338141733315e-06 5.43086935067549e-06 5.51835773876519e-06 5.60584567210753e-06 5.69728399568703e-06 5.80057303523063e-06 5.90386252952158e-06 6.00715156906517e-06 6.11044060860877e-06 6.21372964815237e-06 6.31701868769596e-06 6.42030772723956e-06 6.49052481094259e-06 6.54971790936543e-06 6.60891146253562e-06 6.66810456095845e-06 6.72729765938129e-06 6.78649075780413e-06 6.84568385622697e-06 6.91757259119186e-06 7.02754823578289e-06 7.13752388037392e-06 7.2474999797123e-06 7.35747562430333e-06 7.46745126889437e-06 7.5774269134854e-06 7.68740301282378e-06 7.84085477789631e-06 8.00879843154689e-06 8.17674117570277e-06 8.34468482935335e-06
5.12780707140337e-06 5.12035103383823e-06 5.1128949962731e-06 5.10543941345531e-06 5.09798337589018e-06 5.09052733832505e-06 5.08307175550726e-06 5.14201246915036e-06 5.2230857363611e-06 5.30415854882449e-06 5.38523181603523e-06 5.46630508324597e-06 5.54737789570936e-06 5.6284511629201e-06 5.71485861655674e-06 5.81726908421842e-06 5.91967955188011e-06 6.02209047428914e-06 6.12450094195083e-06 6.22691140961251e-06 6.3293218772742e-06 6.43173234493588e-06 6.50180845696013e-06 6.56110660202103e-06 6.62040474708192e-06 6.67970289214281e-06 6.73900103720371e-06 6.7982991822646e-06 6.85759687257814e-06 6.92987077854923e-06 7.04107242199825e-06 7.15227406544727e-06 7.26347570889629e-06 7.37467735234532e-06 7.48587899579434e-06 7.59708018449601e-06 7.70828228269238e-06 7.85753763921093e-06 8.01947771833511e-06 8.18141779745929e-06 8.34335878607817e-06
5.06072865391616e-06 5.07455069964635e-06 5.0883722906292e-06 5.10219388161204e-06 5.11601592734223e-06 5.12983751832508e-06 5.14365910930792e-06 5.20310823048931e-06 5.27776637682109e-06 5.35242452315288e-06 5.42708221473731e-06 5.5017403610691e-06 5.57639850740088e-06 5.65105665373267e-06 5.73243323742645e-06 5.83396513320622e-06 5.93549702898599e-06 6.03702937951311e-06 6.13856127529289e-06 6.24009317107266e-06 6.34162506685243e-06 6.4431569626322e-06 6.51309210297768e-06 6.57249529467663e-06 6.63189848637558e-06 6.69130122332717e-06 6.75070441502612e-06 6.81010715197772e-06 6.86951034367667e-06 6.94216942065395e-06 7.05459660821361e-06 7.16702425052063e-06 7.27945143808029e-06 7.3918790803873e-06 7.50430626794696e-06 7.61673345550662e-06 7.72916064306628e-06 7.87422050052555e-06 8.03015791461803e-06 8.18609441921581e-06 8.34203183330828e-06
4.9936506911763e-06 5.02874991070712e-06 5.06384958498529e-06 5.09894880451611e-06 5.13404802404693e-06 5.16914724357775e-06 5.20424691785593e-06 5.26420399182825e-06 5.33244701728108e-06 5.40069004273391e-06 5.46893306818674e-06 5.53717609363957e-06 5.6054191190924e-06 5.67366214454523e-06 5.75000785829616e-06 5.85066118219402e-06 5.95131450609188e-06 6.05196782998974e-06 6.15262160863495e-06 6.2532749325328e-06 6.35392825643066e-06 6.45458158032852e-06 6.52437574899523e-06 6.58388398733223e-06 6.64339177092188e-06 6.70289955451153e-06 6.76240779284853e-06 6.82191557643819e-06 6.88142336002784e-06 6.95446760801133e-06 7.06812079442898e-06 7.18177398084663e-06 7.29542716726428e-06 7.40908035368193e-06 7.52273399484693e-06 7.63638672651723e-06 7.75003991293488e-06 7.89090336184017e-06 8.04083720140625e-06 8.19077104097232e-06 8.3407048805384e-06
4.97617793371319e-06 5.02519151268643e-06 5.07420554640703e-06 5.12321958012762e-06 5.17223361384822e-06 5.22124764756882e-06 5.27026122654206e-06 5.33136471858597e-06 5.39649772690609e-06 5.46163073522621e-06 5.52676374354633e-06 5.59189675186644e-06 5.65703021493391e-06 5.72216322325403e-06 5.79536890654708e-06 5.8927921600116e-06 5.99021586822346e-06 6.08763957643532e-06 6.18506282989983e-06 6.2824865381117e-06 6.37991024632356e-06 6.47733349978807e-06 6.54629911878146e-06 6.60577916278271e-06 6.66525875203661e-06 6.7247383412905e-06 6.78421838529175e-06 6.84369797454565e-06 6.90317756379955e-06 6.97844188835006e-06 7.10105905454839e-06 7.22367576599936e-06 7.34629293219768e-06 7.46891009839601e-06 7.59152726459433e-06 7.71414488554001e-06 7.83676205173833e-06 7.97294069343479e-06 8.11363952379907e-06 8.25433926365804e-06 8.39503809402231e-06
5.00830992677948e-06 5.06387550558429e-06 5.11944108438911e-06 5.17500666319393e-06 5.23057224199874e-06 5.28613782080356e-06 5.34170339960838e-06 5.40459086550982e-06 5.46991896044347e-06 5.53524705537711e-06 5.60057515031076e-06 5.66590324524441e-06 5.73123134017806e-06 5.7965594351117e-06 5.86851592743187e-06 5.96035852140631e-06 6.05220111538074e-06 6.14404325460782e-06 6.23588584858226e-06 6.32772798780934e-06 6.41957058178377e-06 6.51141317575821e-06 6.57886221233639e-06 6.63818082102807e-06 6.6974989749724e-06 6.75681758366409e-06 6.81613619235577e-06 6.8754543463001e-06 6.93477295499179e-06 7.01409135217546e-06 7.15341047907714e-06 7.29272960597882e-06 7.4320487328805e-06 7.57136785978219e-06 7.71068698668387e-06 7.85000611358555e-06 7.98932524048723e-06 8.12033067632001e-06 8.24856488179648e-06 8.37679817777826e-06 8.50503238325473e-06
5.04044191984576e-06 5.1025590437348e-06 5.16467616762384e-06 5.22679329151288e-06 5.28891041540192e-06 5.3510279940383e-06 5.41314511792734e-06 5.47781655768631e-06 5.54333973923349e-06 5.60886292078067e-06 5.67438610232784e-06 5.73990928387502e-06 5.8054324654222e-06 5.87095564696938e-06 5.94166340306401e-06 6.02792488280102e-06 6.11418590779067e-06 6.20044738752767e-06 6.28670841251733e-06 6.37296989225433e-06 6.45923091724399e-06 6.54549239698099e-06 6.61142530589132e-06 6.67058247927343e-06 6.72973965265555e-06 6.78889682603767e-06 6.84805354467244e-06 6.90721071805456e-06 6.96636789143668e-06 7.04974081600085e-06 7.20576190360589e-06 7.36178344595828e-06 7.51780453356332e-06 7.67382516642101e-06 7.82984625402605e-06 7.98586734163109e-06 8.14188842923613e-06 8.26772065920522e-06 8.3834893302992e-06 8.49925800139317e-06 8.61502667248715e-06
5.07257391291205e-06 5.14124258188531e-06 5.20991170560592e-06 5.27858037457918e-06 5.34724904355244e-06 5.41591816727305e-06 5.48458683624631e-06 5.55104270461015e-06 5.61676097277086e-06 5.68247924093157e-06 5.74819750909228e-06 5.81391577725299e-06 5.8796340454137e-06 5.9453523135744e-06 6.01481087869615e-06 6.09549078944838e-06 6.17617115494795e-06 6.25685106570018e-06 6.33753143119975e-06 6.41821134195197e-06 6.49889170745155e-06 6.57957161820377e-06 6.64398839944624e-06 6.7029841375188e-06 6.76197987559135e-06 6.8209756136639e-06 6.87997135173646e-06 6.93896708980901e-06 6.99796282788157e-06 7.08539073457359e-06 7.25811378288199e-06 7.43083683119039e-06 7.60355987949879e-06 7.77628338255454e-06 7.94900643086294e-06 8.12172947917134e-06 8.29445252747973e-06 8.41511064209044e-06 8.51841377880191e-06 8.62171691551339e-06 8.72502096171957e-06
5.10470590597834e-06 5.17992657478317e-06 5.25514678884065e-06 5.33036745764548e-06 5.40558767170296e-06 5.48080834050779e-06 5.55602855456527e-06 5.624268851534e-06 5.69018220630824e-06 5.75609510633512e-06 5.82200846110936e-06 5.8879218158836e-06 5.95383517065784e-06 6.01974852543208e-06 6.08795835432829e-06 6.16305715084309e-06 6.23815594735788e-06 6.31325519862003e-06 6.38835399513482e-06 6.46345324639697e-06 6.53855204291176e-06 6.61365083942655e-06 6.67655149300117e-06 6.73538579576416e-06 6.7942205532745e-06 6.85305485603749e-06 6.91188915880048e-06 6.97072391631082e-06 7.02955821907381e-06 7.12104019839899e-06 7.31046520741074e-06 7.49989067116985e-06 7.68931568018161e-06 7.87874068919336e-06 8.06816569820512e-06 8.25759070721688e-06 8.44701571622863e-06 8.56250062497566e-06 8.65333913679933e-06 8.74417673912831e-06 8.83501434145728e-06
5.13683789904462e-06 5.21861011293367e-06 5.30038232682273e-06 5.38215408596443e-06 5.46392629985348e-06 5.54569851374254e-06 5.62747027288424e-06 5.69749454371049e-06 5.76360298509826e-06 5.82971142648603e-06 5.8958198678738e-06 5.96192830926157e-06 6.02803629590198e-06 6.09414473728975e-06 6.16110537521308e-06 6.2306235122378e-06 6.30014119451516e-06 6.36965887679253e-06 6.43917701381724e-06 6.50869469609461e-06 6.57821237837197e-06 6.64773051539669e-06 6.7091145865561e-06 6.76778790875687e-06 6.8264607762103e-06 6.88513409841107e-06 6.9438069658645e-06 7.00248028806527e-06 7.0611531555187e-06 7.15668966222438e-06 7.36281708668685e-06 7.56894405640196e-06 7.77507102611708e-06 7.98119799583219e-06 8.18732587504201e-06 8.39345284475712e-06 8.59957981447224e-06 8.70989060786087e-06 8.78826358530205e-06 8.86663656274322e-06 8.9450086306897e-06
5.18126489623683e-06 5.25974382981076e-06 5.33822276338469e-06 5.41670124221127e-06 5.49518017578521e-06 5.57365910935914e-06 5.65213758818572e-06 5.7288189054816e-06 5.80490086576901e-06 5.88098282605642e-06 5.95706478634384e-06 6.03314674663125e-06 6.10922870691866e-06 6.18531066720607e-06 6.2600201999885e-06 6.33061063126661e-06 6.40120151729207e-06 6.47179240331752e-06 6.54238328934298e-06 6.61297417536844e-06 6.68356460664654e-06 6.754155492672e-06 6.81642131894478e-06 6.8759118221351e-06 6.93540232532541e-06 6.99489282851573e-06 7.05438333170605e-06 7.11387428964372e-06 7.17336479283404e-06 7.27001770428615e-06 7.47815920476569e-06 7.68630070524523e-06 7.89444220572477e-06 8.10258370620431e-06 8.31072520668386e-06 8.5188667071634e-06 8.72700820764294e-06 8.83822849573335e-06 8.91714171302738e-06 8.99605583981611e-06 9.07496905711014e-06
5.23798689755495e-06 5.30332727066707e-06 5.36866809852654e-06 5.43400892638601e-06 5.49934929949814e-06 5.56469012735761e-06 5.63003095521708e-06 5.71824148209998e-06 5.8140758483205e-06 5.90990975979366e-06 6.00574412601418e-06 6.10157803748734e-06 6.19741240370786e-06 6.29324631518102e-06 6.3847014644125e-06 6.46301941742422e-06 6.54133737043594e-06 6.61965532344766e-06 6.69797327645938e-06 6.7762912294711e-06 6.85460872773547e-06 6.93292668074719e-06 6.99847123541986e-06 7.05975799064618e-06 7.12104520061985e-06 7.18233195584617e-06 7.24361871107249e-06 7.3049054662988e-06 7.36619222152513e-06 7.46102432458429e-06 7.65649201639462e-06 7.85196061769966e-06 8.04742830951e-06 8.24289600132033e-06 8.43836460262537e-06 8.63383229443571e-06 8.82929998624604e-06 8.94751337909838e-06 9.03997442947002e-06 9.13243547984166e-06 9.2248965302133e-06
5.29470844412572e-06 5.34691116627073e-06 5.39911343366839e-06 5.4513161558134e-06 5.50351842321106e-06 5.55572114535607e-06 5.60792386750109e-06 5.70766405871836e-06 5.82325037612463e-06 5.9388366935309e-06 6.05442301093717e-06 6.17000932834344e-06 6.28559564574971e-06 6.40118196315598e-06 6.50938318358385e-06 6.59542820358183e-06 6.68147322357981e-06 6.7675182435778e-06 6.85356326357578e-06 6.93960782882641e-06 7.02565284882439e-06 7.11169786882238e-06 7.18052160664229e-06 7.24360461390461e-06 7.30668762116693e-06 7.36977062842925e-06 7.43285363569157e-06 7.49593709770124e-06 7.55902010496357e-06 7.65203094488243e-06 7.83482573751826e-06 8.01761962065939e-06 8.20041441329522e-06 8.38320920593105e-06 8.56600308907218e-06 8.74879788170801e-06 8.93159267434385e-06 9.05679735296872e-06 9.16280623641796e-06 9.26881511986721e-06 9.37482400331646e-06
5.35143044544384e-06 5.39049460712704e-06 5.42955922355759e-06 5.46862338524079e-06 5.50768800167134e-06 5.54675216335454e-06 5.58581677978509e-06 5.69708663533675e-06 5.83242535867612e-06 5.96776362726814e-06 6.10310235060751e-06 6.23844061919954e-06 6.37377934253891e-06 6.50911761113093e-06 6.6340649027552e-06 6.72783698973944e-06 6.82160862197634e-06 6.91538070896058e-06 7.00915279594483e-06 7.10292488292907e-06 7.19669696991332e-06 7.29046905689756e-06 7.36257152311737e-06 7.42745078241569e-06 7.49233049646136e-06 7.55720975575969e-06 7.62208901505801e-06 7.68696827435633e-06 7.751847988402e-06 7.84303756518057e-06 8.01315854914719e-06 8.18327953311382e-06 8.35340051708044e-06 8.52352150104707e-06 8.6936424850137e-06 8.86376346898032e-06 9.03388445294695e-06 9.16608223633375e-06 9.28563895286061e-06 9.40519566938747e-06 9.52475147641962e-06
5.40815199201461e-06 5.4340785027307e-06 5.46000455869944e-06 5.48593061466818e-06 5.51185712538427e-06 5.53778318135301e-06 5.5637096920691e-06 5.68650921195513e-06 5.84159988648025e-06 5.99669056100538e-06 6.15178123553051e-06 6.30687191005563e-06 6.46196258458076e-06 6.61705325910589e-06 6.7587461671792e-06 6.8602453211497e-06 6.96174447512021e-06 7.06324362909072e-06 7.16474278306123e-06 7.26624193703174e-06 7.36774109100224e-06 7.46924024497275e-06 7.5446218943398e-06 7.61129740567412e-06 7.6779733717558e-06 7.74464842834277e-06 7.81132439442445e-06 7.87799945101142e-06 7.9446754170931e-06 8.03404418547871e-06 8.19149136077613e-06 8.34893944556825e-06 8.50638662086567e-06 8.66383470565779e-06 8.82128188095521e-06 8.97872996574733e-06 9.13617714104475e-06 9.27536711969879e-06 9.40847075980855e-06 9.54157530941302e-06 9.67467894952279e-06
5.46487399333273e-06 5.47766194358701e-06 5.49044989384129e-06 5.50323829884292e-06 5.51602624909719e-06 5.52881465409882e-06 5.5416026043531e-06 5.67593178857351e-06 5.85077486903174e-06 6.02561749474262e-06 6.20046057520085e-06 6.37530320091173e-06 6.55014628136996e-06 6.72498890708084e-06 6.88342788635055e-06 6.99265410730732e-06 7.10188032826409e-06 7.21110654922086e-06 7.32033277017763e-06 7.4295589911344e-06 7.53878521209117e-06 7.64801188779529e-06 7.72667226556223e-06 7.7951435741852e-06 7.86361579230288e-06 7.93208710092586e-06 8.00055931904353e-06 8.06903153716121e-06 8.13750284578418e-06 8.22504989628214e-06 8.36982417240506e-06 8.51459844852798e-06 8.65937272465089e-06 8.80414700077381e-06 8.94892127689673e-06 9.09369555301964e-06 9.23846982914256e-06 9.38465200306382e-06 9.5313034762512e-06 9.67795494943857e-06 9.82460642262595e-06
