data/working_set_collections/6091692-Cassins_Sparrow-M2/2000/prevtot_avg.asc
NCOLS 265 
NROWS 230 
XLLCORNER -115.5625 
YLLCORNER 24.8333333333333 
CELLSIZE 0.0833333333333333 
NODATA_value -9999 
[rows 144 to 161 of 230, columns 41 to 81 of 265]
1.01314735729829e-05 1.02889143818174e-05 1.0446355190652e-05 1.06158913695253e-05 1.08217136585154e-05 1.10275368570001e-05 1.12333591459901e-05 1.14391814349801e-05 1.16450037239701e-05 1.18508260129602e-05 1.20566483019502e-05 1.22161191029591e-05 1.23601403174689e-05 1.2504160622484e-05 1.26481818369939e-05 1.2792202142009e-05 1.29362233565189e-05 1.3080243661534e-05 1.31957949633943e-05 1.32259374368005e-05 1.32560799102066e-05 1.32862223836128e-05 1.33163648570189e-05 1.33465073304251e-05 1.33766498038312e-05 1.34067922772374e-05 1.34018091557664e-05 1.33851171995047e-05 1.33684252432431e-05 1.33517332869815e-05 1.33350413307198e-05 1.33183502839529e-05 1.33016583276913e-05 1.32429604491335e-05 1.30582438941929e-05 1.28735273392522e-05 1.26888098748168e-05 1.25040933198761e-05 1.23193767649354e-05 1.21346602099948e-05 1.19499436550541e-05
1.02884305306361e-05 1.04539021776873e-05 1.06193738247384e-05 1.07977102743462e-05 1.10146384031395e-05 1.12315665319329e-05 1.1448495570221e-05 1.16654236990144e-05 1.18823518278077e-05 1.20992799566011e-05 1.23162080853945e-05 1.24778534882353e-05 1.26210707094287e-05 1.27642879306222e-05 1.29075051518157e-05 1.30507214635145e-05 1.3193938684708e-05 1.33371559059015e-05 1.34488536787103e-05 1.34659912873758e-05 1.34831288960413e-05 1.35002665047068e-05 1.35174041133723e-05 1.35345426315325e-05 1.3551680240198e-05 1.35688178488635e-05 1.35492309709662e-05 1.35174013848882e-05 1.34855717988103e-05 1.3453743122227e-05 1.34219135361491e-05 1.33900839500711e-05 1.33582552734879e-05 1.32939694594825e-05 1.31323158711893e-05 1.29706622828962e-05 1.28090077851084e-05 1.26473541968153e-05 1.24857006085222e-05 1.2324047020229e-05 1.21623934319359e-05
1.04453865787946e-05 1.06188899735571e-05 1.07923924588249e-05 1.09795282696723e-05 1.12075631477637e-05 1.14355971163604e-05 1.16636310849572e-05 1.18916659630486e-05 1.21196999316453e-05 1.2347733900242e-05 1.25757687783334e-05 1.27395869640168e-05 1.28820011013886e-05 1.30244143292657e-05 1.31668275571428e-05 1.33092407850199e-05 1.34516549223918e-05 1.35940681502689e-05 1.37019114845316e-05 1.37060451379512e-05 1.3710177881876e-05 1.37143115352956e-05 1.37184442792204e-05 1.372257793264e-05 1.37267106765648e-05 1.37308443299844e-05 1.36966518766712e-05 1.36496855702717e-05 1.36027183543774e-05 1.35557520479779e-05 1.35087857415783e-05 1.34618185256841e-05 1.34148522192845e-05 1.33449793793261e-05 1.32063878481858e-05 1.30677972265403e-05 1.29292066048947e-05 1.27906150737545e-05 1.26520244521089e-05 1.25134329209686e-05 1.23748422993231e-05
1.0602342626953e-05 1.07838768599322e-05 1.09654110929114e-05 1.11613471744931e-05 1.14004869828932e-05 1.1639627700788e-05 1.1878767509188e-05 1.21179082270828e-05 1.23570480354829e-05 1.25961887533776e-05 1.28353285617777e-05 1.3001321349293e-05 1.31429314933484e-05 1.32845407279092e-05 1.34261508719646e-05 1.35677610160201e-05 1.37093702505808e-05 1.38509803946363e-05 1.39549701998476e-05 1.39460980790318e-05 1.39372268677107e-05 1.39283556563896e-05 1.39194844450685e-05 1.39106123242527e-05 1.39017411129316e-05 1.38928699016105e-05 1.3844073691871e-05 1.37819697556552e-05 1.37198658194393e-05 1.36577609737287e-05 1.35956570375129e-05 1.3533553101297e-05 1.34714491650811e-05 1.3395988389675e-05 1.3280460734677e-05 1.31649321701843e-05 1.30494045151863e-05 1.29338759506936e-05 1.28183473862009e-05 1.27028197312029e-05 1.25872911667102e-05
1.07592995846062e-05 1.0948864655802e-05 1.11384297269979e-05 1.13431651698193e-05 1.15934117275174e-05 1.18436573757208e-05 1.20939039334189e-05 1.2344150491117e-05 1.25943961393205e-05 1.28446426970186e-05 1.30948892547167e-05 1.32630548250745e-05 1.34038609758136e-05 1.35446671265527e-05 1.36854741867865e-05 1.38262803375255e-05 1.39670864882646e-05 1.41078926390037e-05 1.42080280056689e-05 1.41861519296071e-05 1.41642758535454e-05 1.41423997774837e-05 1.41205237014219e-05 1.40986476253602e-05 1.40767715492984e-05 1.40548954732367e-05 1.39914955070708e-05 1.39142539410386e-05 1.38370123750065e-05 1.37597708089743e-05 1.36825292429421e-05 1.36052876769099e-05 1.35280461108778e-05 1.34469983095187e-05 1.33545327116735e-05 1.32620671138284e-05 1.31696024254779e-05 1.30771368276328e-05 1.29846712297876e-05 1.28922056319425e-05 1.27997400340973e-05
1.09162556327647e-05 1.11138524516718e-05 1.13114483610843e-05 1.15249840746401e-05 1.17863355626469e-05 1.20476879601483e-05 1.23090403576498e-05 1.25703927551513e-05 1.2831744243158e-05 1.30930966406595e-05 1.3354449038161e-05 1.35247892103507e-05 1.36647913677734e-05 1.38047944346908e-05 1.39447965921136e-05 1.4084799659031e-05 1.42248018164537e-05 1.43648048833711e-05 1.44610858114902e-05 1.44262057801825e-05 1.43913248393801e-05 1.43564438985777e-05 1.432156386727e-05 1.42866829264676e-05 1.42518019856652e-05 1.42169219543575e-05 1.41389173222706e-05 1.40465381264221e-05 1.39541589305736e-05 1.38617797347251e-05 1.37694005388767e-05 1.36770222525229e-05 1.35846430566744e-05 1.34980082293623e-05 1.34286055981647e-05 1.33592029669671e-05 1.32898003357695e-05 1.3220397704572e-05 1.31509941638797e-05 1.30815915326821e-05 1.30121889014845e-05
1.10442442746717e-05 1.12450543383602e-05 1.14458634925541e-05 1.16633746074513e-05 1.19309888759744e-05 1.21986022350029e-05 1.24662165035261e-05 1.27338307720493e-05 1.30014441310777e-05 1.32690583996009e-05 1.35366726681241e-05 1.3710558960156e-05 1.38532022901927e-05 1.39958456202294e-05 1.4138488950266e-05 1.42811322803027e-05 1.44237756103394e-05 1.4566418940376e-05 1.46640350067173e-05 1.46265711009619e-05 1.45891062857118e-05 1.45516423799563e-05 1.45141775647062e-05 1.44767136589508e-05 1.44392488437006e-05 1.44017840284505e-05 1.4316952729132e-05 1.42163316922961e-05 1.41157106554601e-05 1.40150905281189e-05 1.39144694912829e-05 1.3813848454447e-05 1.37132274176111e-05 1.36230974021601e-05 1.35644386318745e-05 1.3505779861589e-05 1.34471210913034e-05 1.33884623210179e-05 1.33298035507323e-05 1.32711456899415e-05 1.32124869196559e-05
1.11432646008325e-05 1.13424703158671e-05 1.1541675121407e-05 1.17583376777475e-05 1.2027368939016e-05 1.22964011097793e-05 1.25654323710478e-05 1.2834464541811e-05 1.31034958030796e-05 1.33725279738428e-05 1.3641560144606e-05 1.38203640744905e-05 1.39690928335767e-05 1.4117821592663e-05 1.42665494422545e-05 1.44152782013407e-05 1.45640069604269e-05 1.47127357195131e-05 1.48168755913503e-05 1.47872478919453e-05 1.4757621102035e-05 1.47279934026301e-05 1.46983657032251e-05 1.46687389133149e-05 1.46391112139099e-05 1.46094844239997e-05 1.45256026371499e-05 1.44236355481553e-05 1.43216684591607e-05 1.42197013701661e-05 1.41177342811716e-05 1.4015767192177e-05 1.39138001031824e-05 1.38222658279119e-05 1.37620327222976e-05 1.37017996166833e-05 1.36415656015743e-05 1.35813324959599e-05 1.35210993903456e-05 1.34608653752366e-05 1.34006322696223e-05
1.12422849269933e-05 1.1439886293374e-05 1.163748675026e-05 1.18533007480437e-05 1.21237499115523e-05 1.23941990750609e-05 1.26646491480642e-05 1.29350983115728e-05 1.32055474750814e-05 1.34759975480847e-05 1.37464467115933e-05 1.39301691888249e-05 1.40849833769607e-05 1.42397975650965e-05 1.43946108437376e-05 1.45494250318734e-05 1.47042383105145e-05 1.48590524986503e-05 1.49697152664885e-05 1.49479246829287e-05 1.49261350088636e-05 1.49043444253039e-05 1.48825547512388e-05 1.4860764167679e-05 1.48389744936139e-05 1.48171839100542e-05 1.4734251635673e-05 1.46309384945198e-05 1.45276253533666e-05 1.44243122122134e-05 1.43209990710602e-05 1.42176850204123e-05 1.41143718792591e-05 1.40214351631585e-05 1.39596268127207e-05 1.38978184622829e-05 1.38360101118451e-05 1.3774202670902e-05 1.37123943204642e-05 1.36505859700264e-05 1.35887776195887e-05
1.13413052531541e-05 1.15373022708809e-05 1.17332992886077e-05 1.19482629088452e-05 1.22201308840886e-05 1.24919979498372e-05 1.27638650155859e-05 1.30357320813346e-05 1.33075991470832e-05 1.35794671223266e-05 1.38513341880753e-05 1.40399752126541e-05 1.42008739203447e-05 1.43617735375301e-05 1.45226722452207e-05 1.46835709529114e-05 1.4844469660602e-05 1.50053692777874e-05 1.51225549416267e-05 1.51086023834068e-05 1.50946489156922e-05 1.50806963574723e-05 1.50667428897577e-05 1.50527903315378e-05 1.50388368638232e-05 1.50248843056033e-05 1.49429015436908e-05 1.48382414408843e-05 1.47335822475725e-05 1.46289230542607e-05 1.45242638609488e-05 1.44196037581423e-05 1.43149445648305e-05 1.4220604498405e-05 1.41572209031438e-05 1.40938382173772e-05 1.40304555316106e-05 1.39670719363494e-05 1.39036892505828e-05 1.38403065648163e-05 1.3776922969555e-05
1.1440325579315e-05 1.16347182483878e-05 1.18291109174606e-05 1.20432259791414e-05 1.23165109471302e-05 1.25897959151189e-05 1.28630808831076e-05 1.31363658510963e-05 1.34096508190851e-05 1.36829357870738e-05 1.39562207550625e-05 1.41497803269885e-05 1.43167644637288e-05 1.4483748600469e-05 1.46507327372092e-05 1.48177177834441e-05 1.49847019201843e-05 1.51516860569245e-05 1.5275394616765e-05 1.52692791743902e-05 1.52631637320155e-05 1.52570473801461e-05 1.52509319377714e-05 1.5244815585902e-05 1.52387001435272e-05 1.52325837916578e-05 1.5151550542214e-05 1.50455452967435e-05 1.49395391417784e-05 1.48335338963079e-05 1.47275277413428e-05 1.46215224958723e-05 1.45155172504019e-05 1.44197729241569e-05 1.43548149935668e-05 1.42898579724715e-05 1.42249000418815e-05 1.41599421112915e-05 1.40949841807014e-05 1.40300262501114e-05 1.39650683195214e-05
1.15393459054758e-05 1.17321342258947e-05 1.19249225463136e-05 1.21381890494376e-05 1.24128919196664e-05 1.26875947898952e-05 1.2962297660124e-05 1.32370005303528e-05 1.35117024910869e-05 1.37864053613157e-05 1.40611082315445e-05 1.42595863508177e-05 1.44326559166075e-05 1.46057245729025e-05 1.47787941386923e-05 1.49518637044821e-05 1.51249332702719e-05 1.52980028360616e-05 1.54282352013979e-05 1.54299559653737e-05 1.54316767293494e-05 1.54333993123146e-05 1.54351200762903e-05 1.54368408402661e-05 1.54385616042418e-05 1.5440284187207e-05 1.53601995407371e-05 1.5252848243108e-05 1.5145496945479e-05 1.50381447383552e-05 1.49307925312314e-05 1.48234412336024e-05 1.47160890264786e-05 1.46189422594034e-05 1.45524099934846e-05 1.44858768180711e-05 1.44193445521523e-05 1.43528122862335e-05 1.428627911082e-05 1.42197468449012e-05 1.41532145789824e-05
1.16133969640941e-05 1.18049911179696e-05 1.19965852718451e-05 1.22060018838965e-05 1.24688831419917e-05 1.27317644000868e-05 1.29946465676767e-05 1.32575278257718e-05 1.35204099933617e-05 1.37832912514568e-05 1.4046172509552e-05 1.42516737469123e-05 1.44380474011996e-05 1.46244210554869e-05 1.48107938002795e-05 1.49971674545668e-05 1.51835411088541e-05 1.53699147631414e-05 1.55106408783467e-05 1.55144225573167e-05 1.55182060552761e-05 1.55219877342461e-05 1.55257712322054e-05 1.55295529111754e-05 1.55333345901454e-05 1.55371180881048e-05 1.54721601575147e-05 1.53842884174082e-05 1.52964184962912e-05 1.52085476656794e-05 1.51206759255729e-05 1.50328050949611e-05 1.49449342643493e-05 1.48672388604609e-05 1.48200688272482e-05 1.47728987940354e-05 1.47257287608227e-05 1.46785587276099e-05 1.46313886943972e-05 1.45842186611844e-05 1.45370486279717e-05
1.166247875517e-05 1.18532889246126e-05 1.20441000035498e-05 1.22466635730234e-05 1.24844846141059e-05 1.27223065646831e-05 1.29601285152603e-05 1.31979495563428e-05 1.343577150692e-05 1.36735925480025e-05 1.39114144985797e-05 1.41260425152723e-05 1.43329398269998e-05 1.45398362292326e-05 1.47467326314654e-05 1.49536299431929e-05 1.51605263454258e-05 1.53674227476586e-05 1.55226134666009e-05 1.55226807692088e-05 1.55227480718167e-05 1.55228153744247e-05 1.55228826770326e-05 1.55229517986299e-05 1.55230191012379e-05 1.55230864038458e-05 1.54874305735575e-05 1.54398676386336e-05 1.53923047037097e-05 1.53447417687858e-05 1.52971788338618e-05 1.52496149894432e-05 1.52020520545193e-05 1.51646627273294e-05 1.51577924043522e-05 1.5150922081375e-05 1.51440517583978e-05 1.51371823449153e-05 1.51303120219382e-05 1.5123441698961e-05 1.51165722854785e-05
1.17115605462459e-05 1.19015876407502e-05 1.20916147352546e-05 1.22873252621503e-05 1.25000869957148e-05 1.27128487292794e-05 1.29256104628439e-05 1.31383712869138e-05 1.33511330204783e-05 1.35638947540428e-05 1.37766564876074e-05 1.4000412193127e-05 1.42278322528e-05 1.4455252312473e-05 1.46826714626513e-05 1.49100915223244e-05 1.51375115819974e-05 1.53649325511651e-05 1.5534586054855e-05 1.55309371621115e-05 1.55272900883574e-05 1.55236430146033e-05 1.55199959408492e-05 1.55163488670951e-05 1.5512701793341e-05 1.55090547195869e-05 1.55027009896003e-05 1.54954468598589e-05 1.54881909111282e-05 1.54809349623974e-05 1.54736808326561e-05 1.54664248839254e-05 1.5459170754184e-05 1.54620865941979e-05 1.54955159814563e-05 1.55289453687146e-05 1.55623765749624e-05 1.55958059622208e-05 1.56292353494791e-05 1.56626647367375e-05 1.56960959429853e-05
1.17606414278271e-05 1.19498854473932e-05 1.21391294669593e-05 1.23279869512771e-05 1.2515688467829e-05 1.27033899843809e-05 1.28910915009328e-05 1.30787939269794e-05 1.32664954435313e-05 1.34541969600832e-05 1.36418984766351e-05 1.3874780961487e-05 1.41227246786002e-05 1.43706674862187e-05 1.46186102938373e-05 1.48665540109505e-05 1.5114496818569e-05 1.53624405356823e-05 1.55465568241198e-05 1.55391953740036e-05 1.55318339238875e-05 1.55244706547819e-05 1.55171092046658e-05 1.55097477545496e-05 1.55023844854441e-05 1.54950230353279e-05 1.5517971405643e-05 1.55510242620949e-05 1.55840771185467e-05 1.56171299749985e-05 1.56501828314504e-05 1.56832356879022e-05 1.5716288544354e-05 1.57595095515717e-05 1.5833240468055e-05 1.59069695655489e-05 1.59806986630429e-05 1.60544295795262e-05 1.61281586770201e-05 1.62018895935034e-05 1.62756186909974e-05
1.18097232189029e-05 1.19981832540361e-05 1.21866432891693e-05 1.23686495498987e-05 1.25312908494379e-05 1.26939321489772e-05 1.28565734485164e-05 1.30192156575504e-05 1.31818569570896e-05 1.33444982566289e-05 1.35071395561681e-05 1.3749149729847e-05 1.40176161949057e-05 1.42860826599644e-05 1.45545491250232e-05 1.48230155900819e-05 1.50914820551407e-05 1.53599485201994e-05 1.55585294123739e-05 1.55474535858957e-05 1.55363759404281e-05 1.55252982949605e-05 1.55142224684823e-05 1.55031448230147e-05 1.54920689965365e-05 1.5480991351069e-05 1.55332436406752e-05 1.56066034833202e-05 1.56799633259652e-05 1.57533249875996e-05 1.58266848302446e-05 1.59000446728896e-05 1.5973406334524e-05 1.60569343279349e-05 1.61709631356644e-05 1.62849937623832e-05 1.63990225701127e-05 1.65130531968316e-05 1.66270820045611e-05 1.674111263128e-05 1.68551414390095e-05
1.18588050099788e-05 1.20464810606791e-05 1.2234158020874e-05 1.24093112390256e-05 1.25468923215521e-05 1.26844743135734e-05 1.28220553961e-05 1.29596373881213e-05 1.30972184706479e-05 1.32348004626692e-05 1.33723815451958e-05 1.36235194077017e-05 1.39125086207059e-05 1.42014987432049e-05 1.44904879562091e-05 1.47794780787081e-05 1.5068468201207e-05 1.53574583237059e-05 1.5570502000628e-05 1.55557099787984e-05 1.55409179569688e-05 1.55261259351391e-05 1.55113357322989e-05 1.54965437104693e-05 1.54817516886396e-05 1.546695966681e-05 1.5548514056718e-05 1.56621808855562e-05 1.57758495333837e-05 1.58895181812113e-05 1.60031868290389e-05 1.61168554768665e-05 1.62305241246941e-05 1.63543572853087e-05 1.65086876222631e-05 1.66630161402281e-05 1.68173464771826e-05 1.6971676814137e-05 1.71260053321021e-05 1.72803356690565e-05 1.7434666006011e-05
