data/working_set_collections/6091692-Cassins_Sparrow-M2/2000/prevtot_avg.asc
NCOLS 265 
NROWS 230 
XLLCORNER -115.5625 
YLLCORNER 24.8333333333333 
CELLSIZE 0.0833333333333333 
NODATA_value -9999 
[rows 18 to 35 of 230, columns 82 to 122 of 265]
9.97790448309388e-06 1.01408741102205e-05 1.03038428278523e-05 1.04668124549789e-05 1.06297811726108e-05 1.07927507997374e-05 1.09557195173693e-05 1.1065392754972e-05 1.10151786429924e-05 1.09649636215181e-05 1.09147486000438e-05 1.08645344880642e-05 1.081431946659e-05 1.07641053546104e-05 1.07138903331361e-05 1.07528503576759e-05 1.08215344880591e-05 1.0890219527937e-05 1.09589045678149e-05 1.10275886981981e-05 1.1096273738076e-05 1.11649587779539e-05 1.12664010885055e-05 1.14661152110784e-05 1.16658293336513e-05 1.18655434562243e-05 1.20652575787972e-05 1.22649717013701e-05 1.2464685823943e-05 1.26643999465159e-05 1.27409348351648e-05 1.27764105855022e-05 1.28118863358395e-05 1.28473620861769e-05 1.28828378365142e-05 1.29183135868516e-05 1.29537893371889e-05 1.30094458654639e-05 1.31256456370465e-05 1.32418444991345e-05 1.33580433612224e-05
9.93628509604605e-06 1.00740726338699e-05 1.02118601716938e-05 1.03496477095177e-05 1.04874352473416e-05 1.06252227851655e-05 1.07630103229894e-05 1.08598933366011e-05 1.08340609585866e-05 1.08082285805722e-05 1.07823962025577e-05 1.07565638245433e-05 1.07307323560235e-05 1.07048999780091e-05 1.06790675999946e-05 1.07348587334855e-05 1.08178583104745e-05 1.09008578874636e-05 1.09838574644527e-05 1.10668570414418e-05 1.11498566184309e-05 1.123285619542e-05 1.1338072908984e-05 1.15099410322728e-05 1.16818091555615e-05 1.18536772788502e-05 1.20255444926443e-05 1.2197412615933e-05 1.23692807392217e-05 1.25411479530158e-05 1.26296872622333e-05 1.26904506032588e-05 1.27512139442842e-05 1.28119772853097e-05 1.28727406263351e-05 1.29335030578659e-05 1.29942663988913e-05 1.30735625134548e-05 1.32084578581271e-05 1.33433532027993e-05 1.34782485474716e-05
9.89466570899822e-06 1.00072711575194e-05 1.01198775155353e-05 1.02324838735512e-05 1.03450893220725e-05 1.04576956800884e-05 1.05703020381043e-05 1.06543939182302e-05 1.06529441836756e-05 1.06514935396262e-05 1.06500438050716e-05 1.0648594070517e-05 1.06471443359624e-05 1.06456946014077e-05 1.06442448668531e-05 1.07168680187897e-05 1.081418213289e-05 1.0911497156485e-05 1.10088112705853e-05 1.11061253846856e-05 1.12034404082806e-05 1.13007545223809e-05 1.14097456389572e-05 1.15537677629618e-05 1.16977889774716e-05 1.18418101919815e-05 1.1985832315986e-05 1.21298535304959e-05 1.22738756545004e-05 1.24178968690103e-05 1.25184405987966e-05 1.26044906210154e-05 1.2690541552729e-05 1.27765915749478e-05 1.28626425066614e-05 1.29486925288802e-05 1.30347434605937e-05 1.31376791614457e-05 1.32912709887023e-05 1.34448628159589e-05 1.35984537337208e-05
9.85304541245569e-06 9.94047059066361e-06 1.00278948593768e-05 1.011531912809e-05 1.02027433968033e-05 1.02901676655165e-05 1.03775928437244e-05 1.04488935903646e-05 1.04718264992698e-05 1.0494759408175e-05 1.05176914075855e-05 1.05406243164907e-05 1.05635563159012e-05 1.05864892248064e-05 1.06094212242169e-05 1.06988763945992e-05 1.08105059553054e-05 1.09221355160116e-05 1.10337650767178e-05 1.11453937279293e-05 1.12570232886355e-05 1.13686528493417e-05 1.14814183689305e-05 1.15975935841561e-05 1.17137687993818e-05 1.18299440146075e-05 1.19461192298331e-05 1.20622944450588e-05 1.21784705697792e-05 1.22946457850048e-05 1.24071930258651e-05 1.25185306387721e-05 1.2629868251679e-05 1.27412067740806e-05 1.28525443869876e-05 1.29638819998945e-05 1.30752205222961e-05 1.32017958094366e-05 1.33740832097828e-05 1.35463715196238e-05 1.371865891997e-05
9.81142602540785e-06 9.87366911431309e-06 9.93591220321832e-06 9.99815438262885e-06 1.00603974715341e-05 1.01226405604393e-05 1.01848836493446e-05 1.02433941719937e-05 1.0290708814864e-05 1.03380243672291e-05 1.03853390100994e-05 1.04326536529697e-05 1.04799692053348e-05 1.05272838482051e-05 1.05745984910754e-05 1.06808856799034e-05 1.08068297777208e-05 1.09327738755383e-05 1.10587179733557e-05 1.11846620711731e-05 1.13106061689905e-05 1.14365502668079e-05 1.15530910989037e-05 1.16414203148452e-05 1.17297486212919e-05 1.18180778372334e-05 1.19064070531749e-05 1.19947362691164e-05 1.20830654850579e-05 1.21713937915047e-05 1.22959454529337e-05 1.24325706565287e-05 1.25691958601237e-05 1.27058210637188e-05 1.28424462673138e-05 1.29790723804035e-05 1.31156975839986e-05 1.32659124574275e-05 1.34568963403581e-05 1.36478802232887e-05 1.38388641062193e-05
9.76980663836002e-06 9.80686763796257e-06 9.84392863756511e-06 9.88099054666236e-06 9.9180515462649e-06 9.95511254586745e-06 9.9921744549647e-06 1.00378947536228e-05 1.0109592039953e-05 1.01812893262831e-05 1.02529866126133e-05 1.03246838989435e-05 1.03963811852736e-05 1.04680784716038e-05 1.0539775757934e-05 1.0662894055713e-05 1.08031536001363e-05 1.09434122350649e-05 1.10836717794882e-05 1.12239304144168e-05 1.13641899588401e-05 1.15044485937688e-05 1.16247638288769e-05 1.16852461360395e-05 1.17457293526968e-05 1.18062116598594e-05 1.18666948765167e-05 1.19271771836793e-05 1.19876604003366e-05 1.20481427074992e-05 1.21846978800022e-05 1.23466106742853e-05 1.25085234685685e-05 1.26704362628516e-05 1.28323490571347e-05 1.29942618514178e-05 1.31561737362063e-05 1.33300291054184e-05 1.35397085614386e-05 1.37493889269535e-05 1.39590692924685e-05
9.91485376289347e-06 9.93891262623947e-06 9.96297239908017e-06 9.98703126242617e-06 1.00110901257722e-05 1.00351489891182e-05 1.00592078524642e-05 1.00981760624563e-05 1.01818714028923e-05 1.02655658338335e-05 1.03492611742695e-05 1.04329565147054e-05 1.05166518551414e-05 1.06003462860826e-05 1.06840416265186e-05 1.07907944766339e-05 1.09052325569792e-05 1.10196706373245e-05 1.11341087176697e-05 1.1248546798015e-05 1.13629848783603e-05 1.14774229587056e-05 1.15801567517337e-05 1.16477758638212e-05 1.17153949759086e-05 1.1783014087996e-05 1.18506332000834e-05 1.19182523121708e-05 1.19858714242582e-05 1.20534905363456e-05 1.22015062515857e-05 1.23763202282134e-05 1.25511351143359e-05 1.27259490909637e-05 1.29007639770862e-05 1.30755779537139e-05 1.32503928398364e-05 1.34373440232594e-05 1.36607068270678e-05 1.38840696308762e-05 1.41074324346846e-05
1.02465683085029e-05 1.02698049886385e-05 1.02930407592794e-05 1.03162765299203e-05 1.03395123005612e-05 1.03627480712021e-05 1.03859847513377e-05 1.04242380984942e-05 1.05075469036819e-05 1.05908547993749e-05 1.06741636045626e-05 1.07574715002556e-05 1.08407793959486e-05 1.09240882011363e-05 1.10073960968293e-05 1.10645842141821e-05 1.11130657387548e-05 1.11615481728222e-05 1.12100296973949e-05 1.12585112219676e-05 1.13069927465403e-05 1.13554742711131e-05 1.14192698674742e-05 1.15290076792007e-05 1.1638746400422e-05 1.17484842121485e-05 1.18582229333697e-05 1.19679607450962e-05 1.20776985568227e-05 1.21874372780439e-05 1.23463696581894e-05 1.25217002278077e-05 1.26970298879314e-05 1.28723604575498e-05 1.30476910271682e-05 1.32230215967866e-05 1.33983521664049e-05 1.35878581204452e-05 1.38198902277509e-05 1.40519223350566e-05 1.42839544423623e-05
1.0578283763607e-05 1.06006964415428e-05 1.06231091194786e-05 1.06455217974144e-05 1.06679353848449e-05 1.06903480627807e-05 1.07127607407165e-05 1.07503010440269e-05 1.08332224044716e-05 1.09161437649163e-05 1.09990651253611e-05 1.10819864858058e-05 1.11649078462506e-05 1.12478292066953e-05 1.13307505671401e-05 1.1338374861225e-05 1.13208998300252e-05 1.13034247988253e-05 1.12859497676254e-05 1.12684747364256e-05 1.12510006147204e-05 1.12335255835205e-05 1.12583829832147e-05 1.1410240404075e-05 1.15620978249353e-05 1.17139552457957e-05 1.18658117571613e-05 1.20176691780216e-05 1.21695265988819e-05 1.23213840197423e-05 1.2491233064793e-05 1.26670793179073e-05 1.28429255710216e-05 1.30187727336306e-05 1.31946189867449e-05 1.33704652398592e-05 1.35463124024682e-05 1.3738372217631e-05 1.3979073628434e-05 1.4219775039237e-05 1.446047645004e-05
1.09099983092165e-05 1.09315878944471e-05 1.09531774796778e-05 1.09747679744032e-05 1.09963575596339e-05 1.10179471448646e-05 1.103953763959e-05 1.10763630800648e-05 1.11588979052613e-05 1.12414327304577e-05 1.13239675556542e-05 1.1406501471356e-05 1.14890362965525e-05 1.1571571121749e-05 1.16541050374508e-05 1.16121655082679e-05 1.15287339212955e-05 1.14453023343231e-05 1.13618707473506e-05 1.12784391603782e-05 1.11950075734057e-05 1.11115759864333e-05 1.10974970084499e-05 1.12914731289493e-05 1.14854492494487e-05 1.16794253699481e-05 1.18734014904476e-05 1.2067377610947e-05 1.22613537314464e-05 1.24553298519459e-05 1.26360964713967e-05 1.28124584080069e-05 1.29888212541118e-05 1.31651841002167e-05 1.33415469463216e-05 1.35179088829318e-05 1.36942717290367e-05 1.38888863148168e-05 1.41382570291171e-05 1.43876277434174e-05 1.46369984577177e-05
1.12417128548259e-05 1.12624793473515e-05 1.12832467493718e-05 1.13040132418973e-05 1.13247797344229e-05 1.13455471364432e-05 1.13663136289688e-05 1.14024260255974e-05 1.14845734060509e-05 1.15667216959991e-05 1.16488690764527e-05 1.17310164569062e-05 1.18131647468545e-05 1.1895312127308e-05 1.19774604172562e-05 1.18859561553109e-05 1.17365680125658e-05 1.15871798698208e-05 1.14377917270758e-05 1.12884035843308e-05 1.11390154415858e-05 1.09896272988408e-05 1.09366101241903e-05 1.11727049443289e-05 1.14088006739621e-05 1.16448954941006e-05 1.18809912237339e-05 1.21170860438724e-05 1.23531817735056e-05 1.25892765936442e-05 1.27809598780004e-05 1.29578384076012e-05 1.3134716937202e-05 1.33115954668028e-05 1.34884739964036e-05 1.36653525260044e-05 1.38422310556052e-05 1.40394004120026e-05 1.42974404298002e-05 1.45554804475978e-05 1.48135195559007e-05
1.15734274004353e-05 1.15933708002558e-05 1.1613315109571e-05 1.16332585093915e-05 1.16532028187066e-05 1.16731462185271e-05 1.16930905278423e-05 1.17284880616353e-05 1.18102489068406e-05 1.18920097520459e-05 1.19737715067458e-05 1.20555323519511e-05 1.21372931971564e-05 1.22190540423617e-05 1.2300814887567e-05 1.21597468023538e-05 1.19444021038362e-05 1.17290574053186e-05 1.1513712706801e-05 1.12983680082834e-05 1.10830233097658e-05 1.08676786112483e-05 1.07757232399308e-05 1.10539376692032e-05 1.13321520984755e-05 1.16103665277478e-05 1.18885809570202e-05 1.21667953862925e-05 1.24450089060701e-05 1.27232233353425e-05 1.29258232846041e-05 1.31032174977008e-05 1.32806126202922e-05 1.34580068333889e-05 1.36354019559803e-05 1.3812796169077e-05 1.39901912916685e-05 1.41899145091884e-05 1.44566238304833e-05 1.47233322422835e-05 1.49900415635784e-05
1.18174584713415e-05 1.18312600534409e-05 1.18450607260456e-05 1.18588613986503e-05 1.1872662071255e-05 1.18864627438597e-05 1.19002634164644e-05 1.19323067337973e-05 1.20190779853147e-05 1.21058501463267e-05 1.2192621397844e-05 1.22793926493614e-05 1.23661639008787e-05 1.24529351523961e-05 1.25397064039134e-05 1.237982269231e-05 1.21377215691609e-05 1.18956204460119e-05 1.16535193228628e-05 1.14114181997138e-05 1.11693170765648e-05 1.09272159534157e-05 1.08145741251064e-05 1.10903120003059e-05 1.1366050785e-05 1.16417886601994e-05 1.19175265353988e-05 1.21932653200929e-05 1.24690031952923e-05 1.27447410704917e-05 1.2964999768883e-05 1.31667648020084e-05 1.33685298351338e-05 1.35702948682592e-05 1.37720599013846e-05 1.397382493451e-05 1.41755899676355e-05 1.43944625961012e-05 1.46646561915986e-05 1.49348506965907e-05 1.52050452015828e-05
1.19738069770392e-05 1.19761452879175e-05 1.1978482689301e-05 1.19808210001793e-05 1.19831584015628e-05 1.19854958029464e-05 1.19878341138246e-05 1.20138820420834e-05 1.21110606414732e-05 1.22082401503576e-05 1.23054187497473e-05 1.24025973491371e-05 1.24997768580215e-05 1.25969554574112e-05 1.2694134056801e-05 1.25461856441689e-05 1.23165282275295e-05 1.20868699013954e-05 1.1857212484756e-05 1.16275550681166e-05 1.13978967419825e-05 1.11682393253432e-05 1.10531627797172e-05 1.12818297566264e-05 1.15104967335355e-05 1.173916280095e-05 1.19678297778592e-05 1.21964967547683e-05 1.24251637316775e-05 1.26538307085866e-05 1.2898489330837e-05 1.31484794110293e-05 1.33984694912215e-05 1.3648458661919e-05 1.38984487421112e-05 1.41484379128087e-05 1.4398427993001e-05 1.46530437632464e-05 1.49215393321356e-05 1.51900349010248e-05 1.5458530469914e-05
1.21301554827369e-05 1.2121030522394e-05 1.21119046525564e-05 1.21027796922135e-05 1.20936547318706e-05 1.20845297715277e-05 1.20754048111849e-05 1.20954573503695e-05 1.22030432976317e-05 1.23106301543885e-05 1.24182170111453e-05 1.25258029584074e-05 1.26333898151643e-05 1.27409757624264e-05 1.28485626191832e-05 1.27125485960278e-05 1.24953339764033e-05 1.22781202662736e-05 1.20609056466492e-05 1.18436910270248e-05 1.1626477316895e-05 1.14092626972706e-05 1.12917505248333e-05 1.14733466034522e-05 1.16549417725764e-05 1.18365378511953e-05 1.20181330203195e-05 1.21997290989384e-05 1.23813242680626e-05 1.25629203466815e-05 1.28319798022858e-05 1.31301940200501e-05 1.34284082378144e-05 1.37266224555788e-05 1.40248375828378e-05 1.43230518006021e-05 1.46212660183664e-05 1.49116258398863e-05 1.51784224726725e-05 1.54452191054588e-05 1.57120139192557e-05
1.22865039884346e-05 1.22659157568705e-05 1.22453275253065e-05 1.22247392937425e-05 1.22041510621784e-05 1.21835628306144e-05 1.21629745990504e-05 1.2177031749161e-05 1.22950259537902e-05 1.24130201584194e-05 1.25310143630486e-05 1.26490085676778e-05 1.2767002772307e-05 1.28849969769362e-05 1.30029911815654e-05 1.28789115478867e-05 1.26741406347719e-05 1.24693697216571e-05 1.22645988085424e-05 1.20598278954276e-05 1.18550569823128e-05 1.1650286069198e-05 1.15303391794441e-05 1.16648634502781e-05 1.1799387721112e-05 1.19339119919459e-05 1.20684362627799e-05 1.22029605336138e-05 1.23374848044477e-05 1.24720090752817e-05 1.27654693642398e-05 1.3111908629071e-05 1.34583478939021e-05 1.38047871587332e-05 1.41512255140697e-05 1.44976647789008e-05 1.48441040437319e-05 1.51702079165261e-05 1.54353056132095e-05 1.57004014909035e-05 1.59654991875868e-05
1.24428515846375e-05 1.24108009913471e-05 1.23787494885619e-05 1.23466988952714e-05 1.23146473924862e-05 1.2282595889701e-05 1.22505452964106e-05 1.22586070574471e-05 1.23870086099487e-05 1.25154101624503e-05 1.26438126244466e-05 1.27722141769482e-05 1.29006157294498e-05 1.30290172819514e-05 1.3157418834453e-05 1.30452744997456e-05 1.28529463836458e-05 1.26606191770406e-05 1.24682919704355e-05 1.22759647638304e-05 1.20836375572253e-05 1.18913094411255e-05 1.17689278340549e-05 1.18563802971039e-05 1.19438336696476e-05 1.20312861326966e-05 1.21187395052402e-05 1.22061919682892e-05 1.22936453408329e-05 1.23810987133766e-05 1.26989598356886e-05 1.30936232380918e-05 1.34882866404951e-05 1.3882950952393e-05 1.42776143547962e-05 1.46722786666942e-05 1.50669420690974e-05 1.5428789993166e-05 1.5692186934757e-05 1.59555856953375e-05 1.6218984455918e-05
1.25992000903352e-05 1.25556862258236e-05 1.25121714518173e-05 1.24686575873056e-05 1.2425143722794e-05 1.23816298582824e-05 1.23381150842761e-05 1.23401823657332e-05 1.24789912661072e-05 1.26178010759759e-05 1.27566099763499e-05 1.28954197862186e-05 1.30342286865925e-05 1.31730384964612e-05 1.33118473968352e-05 1.32116365421098e-05 1.30317530420143e-05 1.28518686324242e-05 1.26719851323287e-05 1.24921016322332e-05 1.23122172226431e-05 1.21323337225476e-05 1.2007515579171e-05 1.20478971439297e-05 1.20882796181832e-05 1.21286611829419e-05 1.21690427477006e-05 1.22094243124593e-05 1.2249805877218e-05 1.22901874419767e-05 1.26324493976426e-05 1.30753378471127e-05 1.35182262965827e-05 1.39611147460528e-05 1.44040031955228e-05 1.48468916449929e-05 1.52897791849682e-05 1.56873720698059e-05 1.5949070075294e-05 1.62107698997715e-05 1.64724697242491e-05
