data/working_set_collections/6091692-Cassins_Sparrow-M2/2000/prmc_avg.asc
NCOLS 265 
NROWS 230 
XLLCORNER -115.5625 
YLLCORNER 24.8333333333333 
CELLSIZE 0.0833333333333333 
NODATA_value -9999 
[rows 100 to 119 of 230, columns 220 to 263 of 265]
0.219192430377007 0.223647117614746 0.228101804852486 0.232556477189064 0.237063348293304 0.241726741194725 0.246390148997307 0.251053541898727 0.255716949701309 0.260380327701569 0.26504373550415 0.269707143306732 0.271420896053314 0.272151410579681 0.272881954908371 0.273612469434738 0.274343013763428 0.275073558092117 0.275804072618484 0.276695162057877 0.278067916631699 0.279440641403198 0.28081339597702 0.282186150550842 0.283558905124664 0.284931659698486 0.286304384469986 0.28771123290062 0.289129465818405 0.290547698736191 0.291965901851654 0.29338413476944 0.294802337884903 0.296220570802689 0.297048449516296 0.29610538482666 0.295162320137024 0.294219225645065 0.293276160955429 0.29233306646347 0.291390001773834 0.290446907281876 0.290535449981689 0.290967881679535
0.222255855798721 0.227545246481895 0.23283463716507 0.238124027848244 0.243071049451828 0.246990948915482 0.250910848379135 0.254830747842789 0.258750677108765 0.262670576572418 0.266590476036072 0.270510375499725 0.271988332271576 0.272652298212051 0.273316293954849 0.273980259895325 0.274644255638123 0.275308221578598 0.275972187519073 0.276651501655579 0.27737683057785 0.278102159500122 0.278827488422394 0.279552817344666 0.280278146266937 0.281003475189209 0.281728804111481 0.282743662595749 0.283855020999908 0.284966379404068 0.286077737808228 0.287189096212387 0.288300454616547 0.289411813020706 0.290184825658798 0.289942681789398 0.289700567722321 0.289458423852921 0.289216309785843 0.288974165916443 0.288732051849365 0.288489907979965 0.288965135812759 0.28967946767807
0.224063366651535 0.229836046695709 0.235608711838722 0.241381376981735 0.246579274535179 0.250052809715271 0.253526359796524 0.256999909877777 0.26047345995903 0.263947010040283 0.267420560121536 0.270894110202789 0.27227458357811 0.272957354784012 0.273640125989914 0.274322867393494 0.275005638599396 0.275688409805298 0.2763711810112 0.277065277099609 0.277793437242508 0.278521567583084 0.27924969792366 0.279977858066559 0.280705988407135 0.281434118747711 0.28216227889061 0.283021658658981 0.283924788236618 0.284827947616577 0.285731077194214 0.286634206771851 0.28753736615181 0.288440495729446 0.289091795682907 0.28898760676384 0.28888338804245 0.288779199123383 0.288674980401993 0.288570791482925 0.288466572761536 0.288362383842468 0.288924187421799 0.289707988500595
0.224614962935448 0.230519488453865 0.236424013972282 0.242328524589539 0.247588008642197 0.250912338495255 0.254236698150635 0.257561028003693 0.260885387659073 0.264209717512131 0.267534047365189 0.270858407020569 0.272279649972916 0.27306655049324 0.273853451013565 0.274640321731567 0.275427222251892 0.276214122772217 0.277001023292542 0.277936488389969 0.279317677021027 0.280698865652084 0.282080054283142 0.2834612429142 0.284842431545258 0.286223620176315 0.287604808807373 0.288545250892639 0.289338797330856 0.290132373571396 0.290925920009613 0.29171946644783 0.292513012886047 0.293306589126587 0.293769419193268 0.29324010014534 0.292710810899734 0.292181521654129 0.291652202606201 0.291122913360596 0.290593594312668 0.290064305067062 0.29041263461113 0.291053503751755
0.225166574120522 0.231202945113182 0.237239316105843 0.243275687098503 0.248596742749214 0.251771867275238 0.254947006702423 0.258122146129608 0.261297285556793 0.264472395181656 0.267647534608841 0.270822674036026 0.272284716367722 0.273175746202469 0.274066776037216 0.274957776069641 0.275848805904388 0.276739835739136 0.277630865573883 0.278807699680328 0.280841916799545 0.282876163721085 0.284910380840302 0.286944627761841 0.288978844881058 0.291013091802597 0.293047338724136 0.294068843126297 0.294752836227417 0.295436799526215 0.296120762825012 0.29680472612381 0.297488689422607 0.298172652721405 0.298447042703629 0.297492623329163 0.296538233757019 0.295583814382553 0.29462942481041 0.293675035238266 0.2927206158638 0.291766226291656 0.291901051998138 0.292398989200592
0.225718170404434 0.231886386871338 0.238054618239403 0.244222834706306 0.249605476856232 0.252631396055222 0.255657315254211 0.258683264255524 0.261709183454514 0.264735102653503 0.267761021852493 0.270786941051483 0.272289782762527 0.273284941911697 0.274280101060867 0.275275230407715 0.276270389556885 0.277265548706055 0.278260707855225 0.279678881168365 0.282366156578064 0.285053461790085 0.287740737199783 0.290428012609482 0.29311528801918 0.295802563428879 0.2984898686409 0.299592465162277 0.300166845321655 0.300741225481033 0.301315605640411 0.301889985799789 0.302464365959167 0.303038746118546 0.303124636411667 0.301745146512985 0.300365656614304 0.2989861369133 0.297606647014618 0.296227157115936 0.294847637414932 0.293468147516251 0.29338949918747 0.293744474649429
0.226269766688347 0.232569843530655 0.238869920372963 0.24516998231411 0.25061422586441 0.253490924835205 0.256367653608322 0.259244352579117 0.262121081352234 0.264997780323029 0.267874509096146 0.27075120806694 0.272294849157333 0.273394137620926 0.274493426084518 0.275592684745789 0.276691973209381 0.277791261672974 0.278890550136566 0.280550092458725 0.283890426158905 0.287230759859085 0.290571063756943 0.293911397457123 0.297251731157303 0.300592064857483 0.303932398557663 0.305116057395935 0.305580854415894 0.306045651435852 0.306510448455811 0.306975215673447 0.307440012693405 0.307904809713364 0.307802259922028 0.305997669696808 0.304193049669266 0.302388459444046 0.300583869218826 0.298779278993607 0.296974688768387 0.295170068740845 0.294877946376801 0.295089960098267
0.226821377873421 0.233253300189972 0.239685222506523 0.246117144823074 0.251622945070267 0.254350453615189 0.25707796216011 0.259805470705032 0.262532979249954 0.265260487794876 0.267987966537476 0.270715475082397 0.272299915552139 0.273503333330154 0.27470675110817 0.275910139083862 0.277113556861877 0.278316974639893 0.279520392417908 0.281421303749084 0.285414665937424 0.289408028125763 0.293401420116425 0.297394782304764 0.301388174295425 0.305381536483765 0.309374928474426 0.310639649629593 0.310994863510132 0.311350077390671 0.31170529127121 0.312060475349426 0.312415689229965 0.312770903110504 0.312479883432388 0.310250163078308 0.30802047252655 0.305790781974792 0.303561091423035 0.301331400871277 0.299101710319519 0.296871989965439 0.296366393566132 0.296435445547104
0.226689115166664 0.232948288321495 0.239207461476326 0.245466634631157 0.250860542058945 0.253658592700958 0.256456643342972 0.259254723787308 0.262052774429321 0.264850825071335 0.267648875713348 0.270446956157684 0.272120118141174 0.27341827750206 0.274716466665268 0.276014655828476 0.277312844991684 0.278611034154892 0.2799092233181 0.281903356313705 0.285985320806503 0.290067285299301 0.294149279594421 0.298231244087219 0.302313208580017 0.306395173072815 0.310477137565613 0.311785310506821 0.312168836593628 0.312552392482758 0.312935918569565 0.313319474458694 0.313703000545502 0.314086556434631 0.313814699649811 0.311576724052429 0.309338718652725 0.307100743055344 0.30486273765564 0.302624732255936 0.300386756658554 0.29814875125885 0.297607481479645 0.297631770372391
0.225872993469238 0.231654822826385 0.237436652183533 0.24321848154068 0.2483269572258 0.251415342092514 0.254503697156906 0.257592082023621 0.260680466890335 0.26376885175705 0.266857236623764 0.269945621490479 0.271755397319794 0.273139029741287 0.274522632360458 0.27590623497963 0.277289837598801 0.278673440217972 0.280057042837143 0.28199627995491 0.285602390766144 0.289208501577377 0.292814612388611 0.296420753002167 0.3000268638134 0.303632974624634 0.307239085435867 0.308552950620651 0.309102773666382 0.30965256690979 0.310202389955521 0.310752183198929 0.311301976442337 0.311851799488068 0.31180676817894 0.309977293014526 0.30814778804779 0.306318312883377 0.304488807916641 0.302659302949905 0.300829827785492 0.299000322818756 0.298601239919662 0.298678934574127
0.225056871771812 0.230361357331276 0.235665842890739 0.240970328450203 0.245793372392654 0.249172076582909 0.252550780773163 0.255929470062256 0.259308159351349 0.262686878442764 0.266065567731857 0.26944425702095 0.271390706300735 0.272859752178192 0.274328768253326 0.275797784328461 0.277266830205917 0.278735846281052 0.280204892158508 0.282089203596115 0.285219460725784 0.288349717855453 0.291479974985123 0.294610232114792 0.297740489244461 0.30087074637413 0.304001003503799 0.305320620536804 0.306036680936813 0.306752771139145 0.307468831539154 0.308184891939163 0.308900982141495 0.309617042541504 0.309798836708069 0.308377861976624 0.306956857442856 0.30553588271141 0.304114878177643 0.302693873643875 0.30127289891243 0.299851894378662 0.29959499835968 0.299726098775864
0.224240764975548 0.229067891836166 0.233895033597946 0.238722175359726 0.243259787559509 0.246928811073303 0.250597834587097 0.254266858100891 0.257935881614685 0.261604875326157 0.265273898839951 0.268942922353745 0.271026015281677 0.272580474615097 0.274134904146194 0.275689363479614 0.277243822813034 0.278798252344131 0.280352711677551 0.282182157039642 0.284836560487747 0.28749093413353 0.290145337581635 0.292799741029739 0.295454144477844 0.298108547925949 0.300762951374054 0.302088290452957 0.302970618009567 0.303852945566177 0.304735273122787 0.30561763048172 0.30649995803833 0.30738228559494 0.307790905237198 0.306778430938721 0.305765926837921 0.304753452539444 0.303740948438644 0.302728444337845 0.301715970039368 0.300703465938568 0.300588726997375 0.3007732629776
0.223424643278122 0.227774441242218 0.232124224305153 0.236474022269249 0.240726202726364 0.244685545563698 0.248644888401031 0.252604216337204 0.256563574075699 0.260522902011871 0.264482259750366 0.268441587686539 0.270661324262619 0.272301197052002 0.273941069841385 0.275580942630768 0.277220815420151 0.278860658407211 0.280500531196594 0.282275080680847 0.284453630447388 0.286632150411606 0.288810700178146 0.290989249944687 0.293167799711227 0.295346319675446 0.297524869441986 0.29885596036911 0.299904555082321 0.300953149795532 0.302001744508743 0.303050339221954 0.304098933935165 0.305147528648376 0.305782973766327 0.305178999900818 0.304574996232986 0.303971022367477 0.303367018699646 0.302763015031815 0.302159041166306 0.301555037498474 0.301582485437393 0.301820397377014
0.222608521580696 0.226480975747108 0.230353429913521 0.234225869178772 0.23819263279438 0.242442294955254 0.246691942214966 0.250941604375839 0.255191266536713 0.259440928697586 0.263690590858459 0.267940253019333 0.270296633243561 0.272021919488907 0.273747205734253 0.275472491979599 0.277197778224945 0.278923064470291 0.28064838051796 0.282368004322052 0.284070700407028 0.285773366689682 0.287476062774658 0.289178758859634 0.290881425142288 0.292584121227264 0.294286817312241 0.295623630285263 0.296838462352753 0.298053324222565 0.299268186092377 0.300483047962189 0.301697909832001 0.302912771701813 0.303775042295456 0.303579568862915 0.303384065628052 0.303188592195511 0.302993088960648 0.302797585725784 0.302602112293243 0.30240660905838 0.302576243877411 0.302867561578751
0.223825335502625 0.227290481328964 0.230755627155304 0.234220772981644 0.237858861684799 0.242015793919563 0.246172726154327 0.250329673290253 0.254486590623856 0.258643537759781 0.262800484895706 0.266957402229309 0.269420504570007 0.271318972110748 0.273217469453812 0.275115936994553 0.277014404535294 0.278912901878357 0.280811369419098 0.282577514648438 0.283946692943573 0.285315871238708 0.286685019731522 0.288054198026657 0.289423376321793 0.290792524814606 0.292161703109741 0.29345628619194 0.294725984334946 0.295995682477951 0.297265410423279 0.298535108566284 0.29980480670929 0.301074534654617 0.302064508199692 0.302215367555618 0.302366197109222 0.302517026662827 0.302667856216431 0.302818685770035 0.302969545125961 0.303120374679565 0.303577750921249 0.304137319326401
0.227075085043907 0.230202957987785 0.233330830931664 0.236458703875542 0.239724904298782 0.243406072258949 0.247087240219116 0.250768393278122 0.25444957613945 0.258130729198456 0.261811912059784 0.26549306511879 0.268032938241959 0.270192354917526 0.272351801395416 0.274511247873306 0.276670664548874 0.278830111026764 0.280989527702332 0.282903611660004 0.284081608057022 0.28525960445404 0.286437600851059 0.287615597248077 0.288793593645096 0.289971590042114 0.291149586439133 0.292353928089142 0.293567091226578 0.294780224561691 0.295993357896805 0.297206521034241 0.298419654369354 0.299632787704468 0.300651401281357 0.301086395978928 0.301521360874176 0.301956355571747 0.302391350269318 0.302826315164566 0.303261309862137 0.303696304559708 0.304587006568909 0.305629640817642
0.23032483458519 0.233115449547768 0.235906049609184 0.238696649670601 0.241590946912766 0.244796350598335 0.248001754283905 0.251207143068314 0.254412531852722 0.257617950439453 0.260823339223862 0.26402872800827 0.26664537191391 0.269065767526627 0.271486163139343 0.273906528949738 0.276326924562454 0.278747320175171 0.281167715787888 0.28322970867157 0.284216523170471 0.285203337669373 0.286190181970596 0.287176996469498 0.288163810968399 0.2891506254673 0.290137439966202 0.291251599788666 0.292408168315887 0.293564736843109 0.294721335172653 0.295877903699875 0.297034472227097 0.298191070556641 0.299238294363022 0.299957424402237 0.300676554441452 0.301395684480667 0.302114814519882 0.302833944559097 0.303553074598312 0.304272204637527 0.305596262216568 0.307121962308884
0.233574584126472 0.236027926206589 0.238481253385544 0.24093459546566 0.24345700442791 0.246186628937721 0.248916253447533 0.251645892858505 0.254375517368317 0.257105141878128 0.259834766387939 0.262564390897751 0.265257805585861 0.267939150333405 0.270620495080948 0.273301839828491 0.275983184576035 0.278664529323578 0.281345874071121 0.283555805683136 0.28435143828392 0.285147100687027 0.285942733287811 0.286738395690918 0.287534028291702 0.288329690694809 0.289125323295593 0.290149241685867 0.29124927520752 0.292349278926849 0.293449282646179 0.294549316167831 0.295649319887161 0.296749323606491 0.297825157642365 0.298828452825546 0.299831718206406 0.300835013389587 0.301838278770447 0.302841573953629 0.303844839334488 0.30484813451767 0.306605517864227 0.308614283800125
0.236824333667755 0.23894040286541 0.241056472063065 0.243172526359558 0.245323047041893 0.247576907277107 0.249830767512321 0.252084612846375 0.254338473081589 0.256592333316803 0.258846193552017 0.261100053787231 0.263870239257812 0.266812562942505 0.269754856824875 0.272697150707245 0.275639444589615 0.278581738471985 0.281524032354355 0.28388187289238 0.284486353397369 0.285090833902359 0.285695314407349 0.286299794912338 0.286904245615005 0.287508726119995 0.288113206624985 0.289046913385391 0.290090352296829 0.291133791208267 0.292177259922028 0.293220698833466 0.294264137744904 0.295307606458664 0.29641205072403 0.297699481248856 0.298986911773682 0.300274342298508 0.301561772823334 0.30284920334816 0.304136633872986 0.305424064397812 0.307614803314209 0.310106635093689
0.240074083209038 0.241852879524231 0.243631675839424 0.245410472154617 0.247189089655876 0.248967185616493 0.250745266675949 0.252523362636566 0.254301458597183 0.2560795545578 0.257857620716095 0.259635716676712 0.262482702732086 0.265685945749283 0.26888918876648 0.272092461585999 0.275295704603195 0.278498947620392 0.281702220439911 0.284207969903946 0.284621268510818 0.285034567117691 0.285447865724564 0.285861164331436 0.286274462938309 0.286687761545181 0.287101060152054 0.287944555282593 0.288931459188461 0.289918333292007 0.290905207395554 0.291892111301422 0.292878985404968 0.293865859508514 0.294998914003372 0.296570509672165 0.298142075538635 0.299713671207428 0.301285237073898 0.302856832742691 0.304428398609161 0.305999964475632 0.308624058961868 0.31159895658493
