data/working_set_collections/6091692-Cassins_Sparrow-M2/2000/prmc_avg.asc
NCOLS 265 
NROWS 230 
XLLCORNER -115.5625 
YLLCORNER 24.8333333333333 
CELLSIZE 0.0833333333333333 
NODATA_value -9999 
[rows 80 to 99 of 230, columns 220 to 263 of 265]
0.215491577982903 0.214728429913521 0.213965281844139 0.213202148675919 0.213052213191986 0.21474190056324 0.216431602835655 0.218121290206909 0.219810992479324 0.221500679850578 0.223190367221832 0.224880069494247 0.230027586221695 0.236327707767487 0.242627814412117 0.248927935957909 0.255228072404861 0.261528193950653 0.267828315496445 0.272744178771973 0.273507297039032 0.274270415306091 0.275033533573151 0.27579665184021 0.276559770107269 0.277322888374329 0.278086006641388 0.280505657196045 0.283477485179901 0.286449283361435 0.289421111345291 0.292392939329147 0.295364767313004 0.298336565494537 0.301712423563004 0.3063003718853 0.310888350009918 0.315476298332214 0.320064276456833 0.324652224779129 0.329240173101425 0.333828151226044 0.332478702068329 0.329150140285492
0.213573783636093 0.212942019104958 0.212310254573822 0.211678490042686 0.211669847369194 0.21353055536747 0.215391263365746 0.217251986265182 0.219112694263458 0.220973402261734 0.22283411026001 0.224694818258286 0.229954943060875 0.236348196864128 0.242741450667381 0.249134719371796 0.255527973175049 0.261921226978302 0.268314480781555 0.273390412330627 0.274514377117157 0.275638312101364 0.276762276887894 0.277886241674423 0.279010206460953 0.28013414144516 0.281258106231689 0.283809304237366 0.286836266517639 0.289863228797913 0.292890191078186 0.29591715335846 0.298944115638733 0.301971077919006 0.30529123544693 0.309490978717804 0.313690721988678 0.317890465259552 0.322090208530426 0.3262899518013 0.330489695072174 0.33468946814537 0.333049923181534 0.329463928937912
0.211656004190445 0.211155623197556 0.210655227303505 0.210154846310616 0.210287481546402 0.2123192101717 0.214350938796997 0.216382667422295 0.218414396047592 0.22044612467289 0.222477853298187 0.224509581923485 0.229882299900055 0.236368700861931 0.242855086922646 0.249341487884521 0.255827873945236 0.262314260005951 0.268800675868988 0.274036645889282 0.275521457195282 0.277006238698959 0.278491020202637 0.279975831508636 0.281460613012314 0.282945394515991 0.284430205821991 0.287112981081009 0.2901950776577 0.29327717423439 0.296359270811081 0.299441367387772 0.302523463964462 0.305605560541153 0.308870017528534 0.312681555747986 0.316493093967438 0.32030463218689 0.324116170406342 0.327927678823471 0.331739217042923 0.335550755262375 0.333621114492416 0.329777747392654
0.209738224744797 0.209369212388992 0.209000214934349 0.208631202578545 0.208905130624771 0.211107864975929 0.213310614228249 0.215513363480568 0.217716097831726 0.219918847084045 0.222121596336365 0.224324330687523 0.229809671640396 0.236389189958572 0.24296872317791 0.249548256397247 0.256127774715424 0.262707322835922 0.269286841154099 0.274682909250259 0.276528537273407 0.278374165296555 0.280219793319702 0.282065391540527 0.283911019563675 0.285756647586823 0.28760227560997 0.29041662812233 0.293553858995438 0.296691089868546 0.299828350543976 0.302965581417084 0.306102812290192 0.3092400431633 0.312448799610138 0.315872132778168 0.319295465946198 0.322718769311905 0.326142102479935 0.329565435647964 0.332988739013672 0.336412072181702 0.334192335605621 0.330091536045074
0.208381369709969 0.208144903182983 0.207908436655998 0.207671970129013 0.208164617419243 0.210844621062279 0.213524639606476 0.216204643249512 0.218884661793709 0.221564680337906 0.224244683980942 0.226924702525139 0.232299074530602 0.23857156932354 0.244844064116478 0.251116544008255 0.257389038801193 0.263661533594131 0.26993402838707 0.27519428730011 0.277417808771133 0.279641300439835 0.281864792108536 0.284088313579559 0.28631180524826 0.288535326719284 0.290758818387985 0.293674737215042 0.296821475028992 0.299968212842941 0.303114920854568 0.306261658668518 0.309408396482468 0.312555104494095 0.315633565187454 0.318507164716721 0.321380794048309 0.324254393577576 0.327128022909164 0.330001622438431 0.332875221967697 0.335748851299286 0.333318710327148 0.32912066578865
0.207585453987122 0.207482680678368 0.207379907369614 0.207277148962021 0.208065941929817 0.211529478430748 0.214993014931679 0.218456536531448 0.221920073032379 0.22538360953331 0.22884713113308 0.23231066763401 0.237350523471832 0.24291580915451 0.248481094837189 0.254046380519867 0.259611696004868 0.265176981687546 0.270742267370224 0.275570839643478 0.278189271688461 0.280807673931122 0.283426105976105 0.286044538021088 0.288662940263748 0.291281372308731 0.293899804353714 0.296887338161469 0.299997895956039 0.303108483552933 0.306219041347504 0.309329628944397 0.312440186738968 0.315550744533539 0.31842428445816 0.320586681365967 0.322749078273773 0.32491147518158 0.327073872089386 0.329236298799515 0.331398695707321 0.333561092615128 0.33100026845932 0.326865047216415
0.206789538264275 0.206820458173752 0.20685139298439 0.206882327795029 0.207967281341553 0.212214335799217 0.216461390256882 0.220708429813385 0.22495548427105 0.229202538728714 0.233449593186378 0.237696632742882 0.242401972413063 0.247260048985481 0.252118140459061 0.256976217031479 0.261834323406219 0.266692399978638 0.271550476551056 0.275947391986847 0.278960734605789 0.281974077224731 0.284987419843674 0.288000762462616 0.291014105081558 0.2940274477005 0.297040790319443 0.300099909305573 0.30317434668541 0.306248754262924 0.309323161840439 0.312397569417953 0.315471976995468 0.318546384572983 0.321215003728867 0.322666198015213 0.324117392301559 0.325568556785583 0.32701975107193 0.328470945358276 0.329922139644623 0.331373333930969 0.328681826591492 0.324609458446503
0.205993607640266 0.206158235669136 0.206322878599167 0.206487506628036 0.207868620753288 0.212899193167686 0.217929750680923 0.222960323095322 0.22799089550972 0.233021467924118 0.238052040338516 0.243082612752914 0.247453421354294 0.251604288816452 0.255755186080933 0.259906053543091 0.264056950807571 0.26820781826973 0.27235871553421 0.276323944330215 0.279732197523117 0.283140450716019 0.28654870390892 0.289956957101822 0.293365240097046 0.296773493289948 0.300181746482849 0.303312510251999 0.306350767612457 0.309389024972916 0.312427282333374 0.315465539693832 0.318503767251968 0.321542024612427 0.324005722999573 0.324745684862137 0.325485676527023 0.326225638389587 0.326965630054474 0.327705591917038 0.328445583581924 0.329185575246811 0.326363414525986 0.32235386967659
0.205197691917419 0.205496028065681 0.205794349312782 0.206092685461044 0.207769945263863 0.213584035634995 0.219398126006126 0.225212216377258 0.23102630674839 0.236840397119522 0.242654487490654 0.248468577861786 0.252504855394363 0.255948543548584 0.259392201900482 0.262835890054703 0.266279578208923 0.269723236560822 0.273166924715042 0.276700466871262 0.280503660440445 0.284306824207306 0.288110017776489 0.29191318154335 0.295716375112534 0.299519538879395 0.303322732448578 0.306525081396103 0.309527188539505 0.312529295682907 0.315531373023987 0.318533480167389 0.321535587310791 0.324537664651871 0.326796442270279 0.326825201511383 0.326853960752487 0.326882749795914 0.326911509037018 0.326940268278122 0.326969027519226 0.32699778676033 0.324044972658157 0.320098280906677
0.204401776194572 0.204833805561066 0.205265834927559 0.205697864294052 0.207671284675598 0.214268893003464 0.220866501331329 0.227464109659195 0.234061717987061 0.240659326314926 0.247256949543953 0.253854542970657 0.257556319236755 0.260292768478394 0.263029247522354 0.265765726566315 0.268502205610275 0.271238684654236 0.273975133895874 0.27707701921463 0.281275123357773 0.285473227500916 0.289671301841736 0.293869405984879 0.298067510128021 0.302265614271164 0.306463718414307 0.309737682342529 0.312703609466553 0.315669566392899 0.318635493516922 0.321601420640945 0.324567377567291 0.327533304691315 0.329587161540985 0.328904718160629 0.328222274780273 0.327539831399918 0.326857388019562 0.326174914836884 0.325492471456528 0.324810028076172 0.321726530790329 0.317842692136765
0.204120740294456 0.204636260867119 0.20515176653862 0.205667287111282 0.207822516560555 0.214896857738495 0.221971213817596 0.229045554995537 0.236119911074638 0.243194252252579 0.25026860833168 0.257342964410782 0.260814160108566 0.263084292411804 0.265354424715042 0.26762455701828 0.269894689321518 0.272164821624756 0.274434953927994 0.27723416686058 0.281620591878891 0.286007046699524 0.290393471717834 0.294779896736145 0.299166351556778 0.303552776575089 0.307939231395721 0.311237424612045 0.314172893762589 0.317108362913132 0.320043802261353 0.322979271411896 0.325914740562439 0.32885017991066 0.330728530883789 0.329435557126999 0.328142553567886 0.326849579811096 0.325556576251984 0.324263572692871 0.322970598936081 0.321677595376968 0.318653553724289 0.315052449703217
0.204354614019394 0.204903393983841 0.205452173948288 0.206000968813896 0.20822362601757 0.215467944741249 0.222712248563766 0.229956567287445 0.237200871109962 0.24444517493248 0.251689493656158 0.258933812379837 0.262278378009796 0.264323025941849 0.266367703676224 0.268412351608276 0.270456999540329 0.272501677274704 0.274546325206757 0.27717188000679 0.281540066003799 0.285908281803131 0.29027646780014 0.294644683599472 0.299012869596481 0.303381085395813 0.307749301195145 0.311024338006973 0.31393501162529 0.316845655441284 0.319756329059601 0.322667002677917 0.325577646493912 0.328488320112228 0.330220609903336 0.328417718410492 0.326614856719971 0.324811965227127 0.323009103536606 0.321206212043762 0.319403350353241 0.31760048866272 0.314825981855392 0.311727613210678
0.20458847284317 0.205170527100563 0.205752581357956 0.20633465051651 0.208624750375748 0.216039016842842 0.223453298211098 0.230867564678192 0.238281831145287 0.245696097612381 0.253110378980637 0.26052463054657 0.263742595911026 0.265561789274216 0.267380952835083 0.269200146198273 0.271019339561462 0.272838532924652 0.274657696485519 0.277109593153 0.281459540128708 0.285809516906738 0.290159493684769 0.294509440660477 0.298859417438507 0.303209394216537 0.307559341192245 0.310811251401901 0.313697099685669 0.316582977771759 0.319468855857849 0.322354704141617 0.325240582227707 0.328126460313797 0.32971265912056 0.327399909496307 0.325087130069733 0.32277438044548 0.320461630821228 0.318148881196976 0.315836101770401 0.313523352146149 0.310998409986496 0.308402746915817
0.204822346568108 0.205437675118446 0.206052988767624 0.206668317317963 0.209025874733925 0.216610103845596 0.224194332957268 0.231778562068939 0.239362791180611 0.246947020292282 0.254531264305115 0.262115478515625 0.265206813812256 0.26680052280426 0.268394231796265 0.269987940788269 0.271581649780273 0.273175358772278 0.274769067764282 0.27704730629921 0.281379014253616 0.285710752010345 0.290042489767075 0.294374227523804 0.298705965280533 0.30303767323494 0.307369410991669 0.310598164796829 0.31345921754837 0.316320300102234 0.319181352853775 0.322042435407639 0.32490348815918 0.327764570713043 0.329204708337784 0.3263820707798 0.323559433221817 0.320736795663834 0.31791415810585 0.315091520547867 0.312268882989883 0.3094462454319 0.307170867919922 0.305077910423279
0.205056205391884 0.205704808235168 0.206353396177292 0.207001999020576 0.209426999092102 0.217181190848351 0.224935367703438 0.232689559459686 0.240443751215935 0.248197942972183 0.25595211982727 0.26370632648468 0.266671061515808 0.268039286136627 0.269407510757446 0.270775765180588 0.272143989801407 0.273512214422226 0.274880468845367 0.276985019445419 0.281298518180847 0.285612016916275 0.28992548584938 0.294238984584808 0.298552483320236 0.302865982055664 0.307179480791092 0.310385048389435 0.313221335411072 0.316057592630386 0.318893879652023 0.32173016667366 0.324566423892975 0.327402710914612 0.32869678735733 0.325364261865616 0.322031736373901 0.318699210882187 0.315366685390472 0.312034159898758 0.308701634407043 0.305369108915329 0.303343296051025 0.301753044128418
0.205290079116821 0.205971941351891 0.20665380358696 0.20733568072319 0.209828123450279 0.217752262949944 0.225676417350769 0.233600571751595 0.241524711251259 0.249448865652084 0.257373005151749 0.265297174453735 0.268135279417038 0.269278019666672 0.270420789718628 0.271563559770584 0.27270632982254 0.273849070072174 0.27499184012413 0.276922732591629 0.281217992305756 0.285513252019882 0.289808511734009 0.294103771448135 0.298399031162262 0.302694290876389 0.306989550590515 0.310171961784363 0.312983453273773 0.315794914960861 0.318606406450272 0.32141786813736 0.32422935962677 0.327040821313858 0.328188836574554 0.324346423149109 0.320504009723663 0.31666162610054 0.312819212675095 0.308976799249649 0.305134385824203 0.30129200220108 0.299515753984451 0.29842820763588
0.206938728690147 0.208054572343826 0.209170430898666 0.210286289453506 0.213032528758049 0.220669910311699 0.228307291865349 0.235944673418999 0.243582054972649 0.25121945142746 0.25885683298111 0.26649421453476 0.269151121377945 0.270147860050201 0.271144598722458 0.272141337394714 0.273138105869293 0.27413484454155 0.275131583213806 0.276869744062424 0.280832201242447 0.284794628620148 0.288757055997849 0.292719483375549 0.29668191075325 0.300644338130951 0.304606765508652 0.307581633329391 0.310227274894714 0.312872916460037 0.31551855802536 0.318164229393005 0.320809870958328 0.323455512523651 0.324503034353256 0.320756167173386 0.317009299993515 0.313262432813644 0.309515535831451 0.305768668651581 0.30202180147171 0.29827493429184 0.296816796064377 0.296121567487717
0.210002154111862 0.211952716112137 0.213903278112411 0.215853840112686 0.219040229916573 0.225934118032455 0.232828006148338 0.239721894264221 0.246615782380104 0.253509670495987 0.260403543710709 0.267297446727753 0.269718557596207 0.270648747682571 0.271578937768936 0.272509127855301 0.273439317941666 0.27436950802803 0.275299698114395 0.276826113462448 0.280141115188599 0.283456116914749 0.286771148443222 0.290086150169373 0.293401151895523 0.296716183423996 0.300031185150146 0.302614033222198 0.304952830076218 0.307291626930237 0.309630393981934 0.311969190835953 0.314307987689972 0.316646784543991 0.317639380693436 0.314593464136124 0.311547547578812 0.3085016310215 0.305455714464188 0.302409768104553 0.299363851547241 0.296317934989929 0.295246452093124 0.294833153486252
0.213065579533577 0.215850844979286 0.218636110424995 0.221421390771866 0.225047931075096 0.231198325753212 0.237348720431328 0.243499115109444 0.249649494886398 0.255799889564514 0.26195028424263 0.268100678920746 0.270285993814468 0.271149635314941 0.272013276815414 0.272876918315887 0.27374055981636 0.274604201316833 0.275467842817307 0.27678245306015 0.279450058937073 0.282117635011673 0.284785240888596 0.287452816963196 0.290120393037796 0.292787998914719 0.295455574989319 0.297646433115005 0.299678355455399 0.301710307598114 0.303742229938507 0.305774182081223 0.307806104421616 0.309838056564331 0.310775756835938 0.308430761098862 0.306085795164108 0.303740829229355 0.301395863294601 0.299050867557526 0.296705901622772 0.294360935688019 0.293676137924194 0.293544709682465
0.216129004955292 0.219748973846436 0.223368957638741 0.226988941431046 0.231055647134781 0.236462533473969 0.241869434714317 0.247276321053505 0.252683222293854 0.258090108633041 0.263496994972229 0.268903911113739 0.27085343003273 0.271650522947311 0.272447615861893 0.273244708776474 0.274041771888733 0.274838864803314 0.275635957717896 0.276738822460175 0.278758972883224 0.280779153108597 0.282799303531647 0.284819483757019 0.286839663982391 0.288859814405441 0.290879994630814 0.292678833007812 0.294403910636902 0.296128988265991 0.297854065895081 0.29957914352417 0.301304221153259 0.303029298782349 0.303912103176117 0.302268087863922 0.300624042749405 0.29898002743721 0.297336012125015 0.295691967010498 0.294047951698303 0.292403936386108 0.292105793952942 0.292256295681
