data/working_set_collections/6091692-Cassins_Sparrow-M2/2000/prmc_avg.asc
NCOLS 265 
NROWS 230 
XLLCORNER -115.5625 
YLLCORNER 24.8333333333333 
CELLSIZE 0.0833333333333333 
NODATA_value -9999 
[rows 160 to 179 of 230, columns 176 to 219 of 265]
0.272460550069809 0.279440969228745 0.286421418190002 0.291822552680969 0.292485862970352 0.293149173259735 0.29381251335144 0.294475823640823 0.295139133930206 0.295802444219589 0.296465754508972 0.296248227357864 0.295737087726593 0.295225948095322 0.29471480846405 0.294203668832779 0.293692499399185 0.293181359767914 0.291962176561356 0.288618892431259 0.285275608301163 0.281932294368744 0.278589010238647 0.275245696306229 0.271902412176132 0.268559128046036 0.270914822816849 0.275170177221298 0.279425531625748 0.283680886030197 0.287936240434647 0.292191594839096 0.296446949243546 0.29997643828392 0.301328271627426 0.302680134773254 0.30403196811676 0.305383831262589 0.306735664606094 0.308087527751923 0.309439361095428 0.305721014738083 0.300312548875809 0.294904112815857
0.274785429239273 0.281809568405151 0.28883370757103 0.294353425502777 0.29535984992981 0.296366304159164 0.297372728586197 0.298379182815552 0.299385607242584 0.300392031669617 0.301398485898972 0.301326960325241 0.300896137952805 0.300465285778046 0.300034463405609 0.29960361123085 0.299172788858414 0.298741936683655 0.297415107488632 0.293400257825851 0.289385408163071 0.28537055850029 0.281355708837509 0.277340859174728 0.273326009511948 0.269311159849167 0.271397948265076 0.275518596172333 0.279639273881912 0.283759921789169 0.287880569696426 0.292001217603683 0.296121895313263 0.299545377492905 0.300877422094345 0.302209436893463 0.303541451692581 0.304873496294022 0.30620551109314 0.30753755569458 0.308869570493698 0.30516842007637 0.299789547920227 0.294410675764084
0.275947123765945 0.283020317554474 0.29009348154068 0.295702487230301 0.296918869018555 0.298135280609131 0.299351662397385 0.300568044185638 0.301784455776215 0.303000837564468 0.304217249155045 0.304271221160889 0.303937703371048 0.30360421538353 0.303270697593689 0.302937209606171 0.302603721618652 0.302270203828812 0.301009297370911 0.296966135501862 0.292922973632812 0.288879811763763 0.284836649894714 0.280793488025665 0.276750296354294 0.272707134485245 0.274519950151443 0.278284728527069 0.282049506902695 0.285814315080643 0.289579093456268 0.293343871831894 0.29710865020752 0.300200313329697 0.301272600889206 0.302344888448715 0.303417176008224 0.304489433765411 0.305561721324921 0.30663400888443 0.307706296443939 0.30434387922287 0.299503266811371 0.294662624597549
0.275945663452148 0.283073216676712 0.290200769901276 0.295869737863541 0.297162920236588 0.298456102609634 0.299749284982681 0.301042467355728 0.302335649728775 0.303628861904144 0.304922044277191 0.305080980062485 0.304861843585968 0.304642707109451 0.304423570632935 0.304204434156418 0.303985297679901 0.303766161203384 0.302744776010513 0.29931652545929 0.295888274908066 0.292460024356842 0.289031773805618 0.285603553056717 0.282175302505493 0.278747051954269 0.28028079867363 0.283468544483185 0.28665629029274 0.289844036102295 0.29303178191185 0.296219497919083 0.299407243728638 0.301941215991974 0.302513837814331 0.303086459636688 0.303659051656723 0.30423167347908 0.304804295301437 0.305376917123795 0.305949538946152 0.303247421979904 0.29945370554924 0.295659989118576
0.275944203138351 0.28312611579895 0.290308028459549 0.296036958694458 0.297406941652298 0.298776924610138 0.300146907567978 0.301516890525818 0.302886873483658 0.304256856441498 0.305626839399338 0.305890738964081 0.305785983800888 0.305681228637695 0.30557644367218 0.305471688508987 0.305366903543472 0.30526214838028 0.304480224847794 0.301666915416718 0.298853576183319 0.296040266752243 0.293226927518845 0.290413618087769 0.28760027885437 0.284786939620972 0.286041647195816 0.288652360439301 0.291263043880463 0.293873757123947 0.296484440565109 0.299095153808594 0.301705837249756 0.303682118654251 0.303755074739456 0.303828030824661 0.303900957107544 0.303973913192749 0.304046869277954 0.304119825363159 0.304192781448364 0.302150934934616 0.299404144287109 0.296657353639603
0.275942713022232 0.283179014921188 0.290415316820145 0.296204209327698 0.297650992870331 0.299097776412964 0.300544530153275 0.301991313695908 0.303438067436218 0.304884850978851 0.306331634521484 0.306700527667999 0.306710124015808 0.306719720363617 0.306729316711426 0.306738913059235 0.306748509407043 0.306758105754852 0.306215703487396 0.304017305374146 0.301818907260895 0.299620479345322 0.297422081232071 0.29522368311882 0.293025255203247 0.290826857089996 0.291802495718002 0.293836146593094 0.295869827270508 0.297903478145599 0.299937129020691 0.301970779895782 0.304004430770874 0.305423021316528 0.304996311664581 0.304569572210312 0.304142862558365 0.303716152906418 0.303289443254471 0.302862733602524 0.302436023950577 0.301054447889328 0.299354583024979 0.297654718160629
0.275941252708435 0.283231914043427 0.290522575378418 0.296371459960938 0.297895014286041 0.299418598413467 0.300942152738571 0.302465736865997 0.303989291191101 0.305512845516205 0.307036429643631 0.307510286569595 0.307634264230728 0.307758212089539 0.307882189750671 0.308006137609482 0.308130115270615 0.308254092931747 0.307951182126999 0.306367695331573 0.304784208536148 0.303200721740723 0.301617234945297 0.300033748149872 0.298450261354446 0.296866774559021 0.297563344240189 0.29901996254921 0.300476580858231 0.301933199167252 0.303389817476273 0.304846435785294 0.306303054094315 0.307163894176483 0.306237518787384 0.305311143398285 0.304384768009186 0.303458392620087 0.302532017230988 0.301605641841888 0.300679266452789 0.29995796084404 0.299305021762848 0.298652082681656
0.275939792394638 0.283284813165665 0.290629833936691 0.296538710594177 0.298139065504074 0.299739420413971 0.301339775323868 0.302940130233765 0.304540485143661 0.306140869855881 0.307741224765778 0.308320045471191 0.308558374643326 0.30879670381546 0.309035062789917 0.309273391962051 0.309511721134186 0.30975005030632 0.309686660766602 0.308718085289001 0.307749509811401 0.306780934333801 0.305812388658524 0.304843813180923 0.303875237703323 0.302906662225723 0.303324192762375 0.304203778505325 0.305083334445953 0.305962920188904 0.306842505931854 0.307722061872482 0.308601647615433 0.30890479683876 0.307478755712509 0.306052714586258 0.304626673460007 0.303200632333755 0.301774591207504 0.300348550081253 0.298922508955002 0.298861473798752 0.299255460500717 0.299649447202682
0.27594056725502 0.283171534538269 0.290402501821518 0.296230137348175 0.297847747802734 0.299465328454971 0.301082938909531 0.302700519561768 0.304318130016327 0.305935710668564 0.307553321123123 0.308204978704453 0.308534651994705 0.30886435508728 0.309194028377533 0.309523701667786 0.309853404760361 0.310183078050613 0.310296386480331 0.309760481119156 0.309224605560303 0.30868873000145 0.308152854442596 0.307616978883743 0.30708110332489 0.306545197963715 0.306641429662704 0.306948363780975 0.307255297899246 0.307562232017517 0.307869166135788 0.308176100254059 0.30848303437233 0.308375388383865 0.307024091482162 0.30567279458046 0.304321497678757 0.302970200777054 0.301618903875351 0.300267606973648 0.298916310071945 0.299066692590714 0.299717605113983 0.300368517637253
0.275943607091904 0.28289207816124 0.289840579032898 0.295445740222931 0.2970210313797 0.298596322536469 0.300171613693237 0.301746904850006 0.303322166204453 0.304897457361221 0.30647274851799 0.307165086269379 0.307563096284866 0.307961106300354 0.308359116315842 0.308757156133652 0.309155166149139 0.309553176164627 0.309780329465866 0.309494912624359 0.309209495782852 0.308924078941345 0.308638662099838 0.308353245258331 0.308067828416824 0.307782411575317 0.307515054941177 0.307253748178482 0.306992441415787 0.306731134653091 0.306469827890396 0.306208521127701 0.305947214365005 0.30557569861412 0.304873555898666 0.304171413183212 0.303469270467758 0.302767127752304 0.30206498503685 0.301362842321396 0.300660699605942 0.30057355761528 0.300691455602646 0.300809353590012
0.275946646928787 0.28261262178421 0.289278626441956 0.294661372900009 0.296194344758987 0.297727316617966 0.299260288476944 0.300793260335922 0.3023262321949 0.303859204053879 0.305392175912857 0.306125164031982 0.306591510772705 0.307057857513428 0.307524234056473 0.307990580797195 0.308456927537918 0.308923274278641 0.309264302253723 0.309229344129562 0.309194386005402 0.309159427881241 0.30912446975708 0.309089511632919 0.309054553508759 0.309019595384598 0.30838868021965 0.307559132575989 0.306729584932327 0.305900037288666 0.305070489645004 0.304240942001343 0.303411394357681 0.302775979042053 0.302722990512848 0.302670001983643 0.302617013454437 0.302564024925232 0.302511036396027 0.302458047866821 0.302405059337616 0.302080452442169 0.301665306091309 0.301250159740448
0.275949686765671 0.282333195209503 0.288716673851013 0.293876975774765 0.295367628335953 0.296858310699463 0.298348963260651 0.299839615821838 0.301330268383026 0.302820920944214 0.304311573505402 0.305085271596909 0.305619955062866 0.306154638528824 0.306689321994781 0.307224005460739 0.307758688926697 0.308293372392654 0.30874827504158 0.308963775634766 0.309179276227951 0.309394776821136 0.309610277414322 0.309825778007507 0.310041278600693 0.310256779193878 0.309262305498123 0.307864516973495 0.306466728448868 0.30506893992424 0.303671151399612 0.302273362874985 0.300875574350357 0.299976259469986 0.300572454929352 0.301168620586395 0.301764786243439 0.302360951900482 0.302957117557526 0.303553283214569 0.304149448871613 0.303587347269058 0.302639156579971 0.301690965890884
0.275952696800232 0.282053738832474 0.288154751062393 0.293092608451843 0.29454094171524 0.295989274978638 0.297437638044357 0.298885971307755 0.300334304571152 0.301782667636871 0.303231000900269 0.304045349359512 0.304648369550705 0.305251389741898 0.30585440993309 0.306457430124283 0.307060450315475 0.307663470506668 0.308232218027115 0.308698177337646 0.309164136648178 0.309630125761032 0.310096085071564 0.310562044382095 0.311028003692627 0.311493963003159 0.310135930776596 0.308169901371002 0.306203871965408 0.304237842559814 0.302271813154221 0.300305783748627 0.298339754343033 0.297176569700241 0.298421889543533 0.299667209386826 0.300912529230118 0.30215784907341 0.303403168916702 0.304648518562317 0.305893838405609 0.305094242095947 0.303613007068634 0.302131772041321
0.275955736637115 0.281774282455444 0.287592798471451 0.292308211326599 0.293714255094528 0.295120269060135 0.296526312828064 0.297932326793671 0.2993383705616 0.300744384527206 0.302150428295135 0.303005456924438 0.303676813840866 0.304348140954971 0.305019497871399 0.305690854787827 0.306362211704254 0.307033568620682 0.307716190814972 0.30843260884285 0.309149026870728 0.309865444898605 0.310581892728806 0.311298310756683 0.312014728784561 0.312731146812439 0.311009556055069 0.308475285768509 0.305941015481949 0.303406745195389 0.300872474908829 0.298338204622269 0.295803934335709 0.294376850128174 0.296271324157715 0.298165798187256 0.300060302019119 0.30195477604866 0.303849250078201 0.305743724107742 0.307638198137283 0.306601136922836 0.304586857557297 0.302572578191757
0.275375187397003 0.281102508306503 0.286829829216003 0.291455894708633 0.292778253555298 0.29410058259964 0.295422941446304 0.296745270490646 0.298067629337311 0.299389958381653 0.300712287425995 0.301591992378235 0.302324116230011 0.30305626988411 0.303788393735886 0.304520517587662 0.30525267124176 0.305984795093536 0.306653946638107 0.30713415145874 0.307614356279373 0.308094531297684 0.308574736118317 0.30905494093895 0.309535145759583 0.310015350580215 0.308393210172653 0.306070327758789 0.303747445344925 0.301424562931061 0.299101650714874 0.29677876830101 0.294455885887146 0.29326269030571 0.295458644628525 0.297654628753662 0.299850583076477 0.302046537399292 0.304242491722107 0.306438446044922 0.308634430170059 0.307638019323349 0.305577516555786 0.303517013788223
0.27421098947525 0.280038386583328 0.285865813493729 0.290535688400269 0.291732966899872 0.292930245399475 0.294127523899078 0.295324802398682 0.296522080898285 0.297719359397888 0.298916637897491 0.299804955720901 0.300590336322784 0.301375687122345 0.302161067724228 0.302946418523788 0.303731799125671 0.304517149925232 0.305045515298843 0.304802805185318 0.304560095071793 0.304317384958267 0.304074645042419 0.303831934928894 0.303589224815369 0.303346514701843 0.302286922931671 0.300955027341843 0.299623131752014 0.298291236162186 0.29695937037468 0.295627474784851 0.294295579195023 0.293834090232849 0.295983850955963 0.2981336414814 0.300283402204514 0.302433162927628 0.304582923650742 0.306732684373856 0.30888244509697 0.308204919099808 0.306584984064102 0.304965019226074
0.273046791553497 0.278974294662476 0.284901797771454 0.289615482091904 0.290687680244446 0.291759878396988 0.292832106351852 0.293904304504395 0.294976532459259 0.296048730611801 0.297120958566666 0.29801794886589 0.298856556415558 0.299695134162903 0.30053374171257 0.301372319459915 0.302210927009583 0.30304953455925 0.303437054157257 0.302471429109573 0.301505833864212 0.300540208816528 0.299574583768845 0.298608958721161 0.297643333673477 0.296677708625793 0.296180635690689 0.295839726924896 0.295498847961426 0.295157939195633 0.294817060232162 0.294476181268692 0.294135272502899 0.294405490159988 0.296509057283401 0.298612654209137 0.30071622133255 0.302819788455963 0.304923355579376 0.307026922702789 0.309130489826202 0.308771848678589 0.307592421770096 0.306413024663925
0.271882623434067 0.277910202741623 0.283937782049179 0.288695245981216 0.28964239358902 0.290589541196823 0.291536688804626 0.29248383641243 0.293430984020233 0.294378131628036 0.29532527923584 0.29623094201088 0.297122746706009 0.298014581203461 0.298906415700912 0.299798220396042 0.300690054893494 0.301581889390945 0.301828622817993 0.300140082836151 0.298451542854309 0.296763032674789 0.295074492692947 0.293385952711105 0.291697412729263 0.290008902549744 0.290074348449707 0.290724456310272 0.291374564170837 0.29202464222908 0.292674750089645 0.293324857950211 0.293974965810776 0.294976890087128 0.29703426361084 0.299091666936874 0.301149040460587 0.303206413984299 0.305263787508011 0.307321161031723 0.309378534555435 0.309338748455048 0.308599889278412 0.307861030101776
0.270718425512314 0.276846081018448 0.282973766326904 0.287775039672852 0.288597106933594 0.289419203996658 0.2902412712574 0.291063338518143 0.291885435581207 0.292707502841949 0.293529599905014 0.294443905353546 0.295388966798782 0.296334028244019 0.297279089689255 0.298224121332169 0.299169182777405 0.300114244222641 0.300220191478729 0.297808736562729 0.295397281646729 0.292985856533051 0.29057440161705 0.288162976503372 0.285751521587372 0.283340066671371 0.283968031406403 0.285609155893326 0.287250250577927 0.288891345262527 0.290532469749451 0.292173564434052 0.293814659118652 0.295548290014267 0.297559469938278 0.299570649862289 0.301581859588623 0.303593039512634 0.305604219436646 0.307615399360657 0.309626579284668 0.309905648231506 0.309607356786728 0.309309035539627
0.269554227590561 0.275781989097595 0.28200975060463 0.286854803562164 0.287551820278168 0.288248836994171 0.288945853710175 0.289642870426178 0.290339887142181 0.291036903858185 0.291733920574188 0.292656898498535 0.293655186891556 0.294653475284576 0.295651763677597 0.296650022268295 0.297648310661316 0.298646599054337 0.298611730337143 0.295477390289307 0.292343020439148 0.289208680391312 0.286074310541153 0.282939970493317 0.27980563044548 0.276671260595322 0.277861744165421 0.280493855476379 0.283125966787338 0.285758048295975 0.288390159606934 0.291022270917892 0.293654382228851 0.296119689941406 0.298084676265717 0.300049662590027 0.30201467871666 0.30397966504097 0.30594465136528 0.30790963768959 0.309874624013901 0.310472548007965 0.310614794492722 0.3107570707798
