data/working_set_collections/6091692-Cassins_Sparrow-M2/2000/rzmc_avg.asc
NCOLS 265 
NROWS 230 
XLLCORNER -115.5625 
YLLCORNER 24.8333333333333 
CELLSIZE 0.0833333333333333 
NODATA_value -9999 
[rows 20 to 39 of 230, columns 220 to 263 of 265]
0.185692235827446 0.186756148934364 0.187820047140121 0.188883945345879 0.190114423632622 0.191844597458839 0.193574771285057 0.195304960012436 0.197035133838654 0.198765322566032 0.20049549639225 0.202225670218468 0.201749041676521 0.200536787509918 0.199324548244476 0.198112294077873 0.19690003991127 0.195687800645828 0.194475546479225 0.19357393682003 0.193604201078415 0.1936344653368 0.193664729595184 0.193694993853569 0.193725258111954 0.1937555372715 0.193785801529884 0.194441720843315 0.195306181907654 0.196170657873154 0.197035133838654 0.197899609804153 0.198764070868492 0.199628546833992 0.20045480132103 0.201166421175003 0.201878026127815 0.202589645981789 0.203301250934601 0.204012870788574 0.204724475741386 0.20543609559536 0.208250716328621 0.211766332387924
0.186205267906189 0.18731190264225 0.188418537378311 0.189525172114372 0.190934494137764 0.193251848220825 0.195569217205048 0.197886571288109 0.200203940272331 0.202521294355392 0.204838663339615 0.207156017422676 0.207247331738472 0.206596612930298 0.205945909023285 0.205295190215111 0.204644486308098 0.203993782401085 0.203343063592911 0.202603355050087 0.201596662402153 0.200589954853058 0.199583262205124 0.19857656955719 0.197569862008095 0.196563169360161 0.195556461811066 0.195882633328438 0.196653097867966 0.197423547506332 0.19819401204586 0.198964476585388 0.199734926223755 0.200505390763283 0.201198741793633 0.201660796999931 0.202122837305069 0.202584877610207 0.203046932816505 0.203508973121643 0.203971013426781 0.20443306863308 0.207734867930412 0.211983263492584
0.186718299984932 0.187867671251297 0.189017027616501 0.190166398882866 0.191754564642906 0.194659098982811 0.197563648223877 0.200468182563782 0.203372731804848 0.206277281045914 0.209181815385818 0.212086364626884 0.212745621800423 0.212656438350677 0.212567269802094 0.21247810125351 0.212388932704926 0.21229974925518 0.212210580706596 0.211632788181305 0.209589123725891 0.207545459270477 0.205501794815063 0.20345813035965 0.201414465904236 0.199370801448822 0.197327136993408 0.19732354581356 0.197999998927116 0.198676452040672 0.199352890253067 0.200029343366623 0.200705781579018 0.201382234692574 0.201942697167397 0.20215517282486 0.202367648482323 0.202580124139786 0.202792599797249 0.203005075454712 0.203217551112175 0.203430026769638 0.207219019532204 0.212200194597244
0.187231332063675 0.188423424959183 0.189615532755852 0.19080762565136 0.192574635148048 0.196066364645958 0.199558079242706 0.203049808740616 0.206541523337364 0.210033252835274 0.213524982333183 0.217016696929932 0.218243911862373 0.218716263771057 0.219188630580902 0.219660997390747 0.220133364200592 0.220605731010437 0.221078097820282 0.220662221312523 0.217581585049629 0.214500948786736 0.211420327425003 0.208339691162109 0.205259069800377 0.202178433537483 0.19909779727459 0.198764473199844 0.199346899986267 0.199929341673851 0.200511768460274 0.201094210147858 0.20167663693428 0.202259078621864 0.202686637639999 0.202649548649788 0.202612444758415 0.202575355768204 0.202538266777992 0.202501177787781 0.202464088797569 0.202426999807358 0.206703186035156 0.212417125701904
0.188482969999313 0.190049409866333 0.191615849733353 0.193182289600372 0.195284828543663 0.198995620012283 0.202706426382065 0.206417217850685 0.210128024220467 0.213838830590248 0.217549622058868 0.22126042842865 0.222575560212135 0.223092153668404 0.223608732223511 0.224125325679779 0.224641919136047 0.225158497691154 0.225675091147423 0.225197821855545 0.22173897922039 0.218280136585236 0.214821293950081 0.211362451314926 0.207903608679771 0.204444766044617 0.200985923409462 0.200603321194649 0.201246127486229 0.201888933777809 0.202531740069389 0.203174561262131 0.203817367553711 0.204460173845291 0.204891443252563 0.204688131809235 0.204484820365906 0.204281494021416 0.204078182578087 0.203874871134758 0.203671544790268 0.203468233346939 0.207895368337631 0.213865995407104
0.190473228693008 0.192745625972748 0.195018008351326 0.197290405631065 0.199885129928589 0.203446909785271 0.207008674740791 0.210570439696312 0.214132219552994 0.217693984508514 0.221255764365196 0.224817529320717 0.225740596652031 0.225784078240395 0.225827574729919 0.225871071219444 0.225914567708969 0.225958064198494 0.226001545786858 0.225239589810371 0.222061291337013 0.218882992863655 0.215704694390297 0.212526395916939 0.209348097443581 0.206169798970222 0.202991500496864 0.202840104699135 0.203697681427002 0.204555243253708 0.205412805080414 0.206270381808281 0.207127943634987 0.207985520362854 0.208557143807411 0.208270937204361 0.207984745502472 0.207698538899422 0.207412332296371 0.207126140594482 0.206839933991432 0.206553742289543 0.210795596241951 0.216546788811684
0.192463487386703 0.195441827178001 0.198420166969299 0.201398506760597 0.204485446214676 0.207898184657097 0.211310923099518 0.214723661541939 0.218136414885521 0.221549153327942 0.224961891770363 0.228374630212784 0.228905618190765 0.228476017713547 0.228046417236328 0.22761681675911 0.227187216281891 0.226757615804672 0.226328015327454 0.225281372666359 0.222383618354797 0.219485864043236 0.216588109731674 0.213690355420113 0.210792601108551 0.207894831895828 0.204997077584267 0.205076888203621 0.206149220466614 0.207221552729607 0.208293870091438 0.209366202354431 0.210438534617424 0.211510851979256 0.212222829461098 0.211853742599487 0.211484670639038 0.211115583777428 0.210746496915817 0.210377410054207 0.210008323192596 0.209639236330986 0.21369580924511 0.219227582216263
0.194453746080399 0.198138028383255 0.201822325587273 0.205506607890129 0.209085747599602 0.212349459528923 0.215613171458244 0.218876883387566 0.222140595316887 0.225404307246208 0.228668019175529 0.231931731104851 0.2320706397295 0.231167957186699 0.230265259742737 0.229362562298775 0.228459864854813 0.227557167410851 0.22665448486805 0.225323155522346 0.222705945372581 0.220088735222816 0.21747151017189 0.214854300022125 0.21223708987236 0.209619879722595 0.207002654671669 0.207313671708107 0.208600759506226 0.209887847304344 0.211174935102463 0.212462022900581 0.2137491106987 0.215036198496819 0.215888530015945 0.215436562895775 0.214984580874443 0.214532613754272 0.214080646634102 0.213628679513931 0.213176712393761 0.21272474527359 0.216596022248268 0.221908390522003
0.196444004774094 0.20083424448967 0.205224484205246 0.209614709019661 0.213686063885689 0.21680074930191 0.219915434718132 0.223030105233192 0.226144790649414 0.229259476065636 0.232374161481857 0.235488846898079 0.235235676169395 0.23385988175869 0.232484102249146 0.23110830783844 0.229732513427734 0.22835673391819 0.226980939507484 0.225364938378334 0.223028257489204 0.220691591501236 0.218354925513268 0.216018244624138 0.213681578636169 0.211344912648201 0.209008246660233 0.209550455212593 0.211052313446999 0.212554156780243 0.214056000113487 0.215557843446732 0.217059701681137 0.218561545014381 0.219554215669632 0.219019368290901 0.218484506011009 0.217949658632278 0.217414811253548 0.216879948973656 0.216345101594925 0.215810239315033 0.219496235251427 0.224589183926582
0.198434263467789 0.203530445694923 0.208626627922058 0.213722825050354 0.218286365270615 0.221252024173737 0.224217683076859 0.227183327078819 0.230148985981941 0.233114644885063 0.236080288887024 0.239045947790146 0.23840069770813 0.236551821231842 0.234702929854393 0.232854053378105 0.231005176901817 0.229156285524368 0.22730740904808 0.22540670633316 0.223350584506989 0.221294462680817 0.219238325953484 0.217182204127312 0.215126067399979 0.213069945573807 0.211013823747635 0.211787238717079 0.21350385248661 0.21522045135498 0.216937065124512 0.218653678894043 0.220370277762413 0.222086891531944 0.22321991622448 0.222602173686028 0.221984431147575 0.221366703510284 0.220748960971832 0.22013121843338 0.219513490796089 0.218895748257637 0.222396448254585 0.227269977331161
0.199374690651894 0.204838454723358 0.210302203893661 0.215765953063965 0.220593497157097 0.223512426018715 0.226431339979172 0.229350253939629 0.232269182801247 0.235188096761703 0.238107025623322 0.241025939583778 0.240172281861305 0.238061100244522 0.235949918627739 0.233838737010956 0.231727555394173 0.22961637377739 0.227505192160606 0.225481197237968 0.223718732595444 0.22195628285408 0.220193818211555 0.218431353569031 0.216668903827667 0.214906439185143 0.213143989443779 0.214200019836426 0.216195538640022 0.21819107234478 0.220186606049538 0.222182139754295 0.224177658557892 0.22617319226265 0.227525323629379 0.226947262883186 0.226369217038155 0.225791156291962 0.225213095545769 0.224635049700737 0.224056988954544 0.223478928208351 0.226637735962868 0.2310421615839
0.19926530122757 0.204758241772652 0.210251182317734 0.215744122862816 0.220607444643974 0.223581925034523 0.226556405425072 0.22953088581562 0.232505366206169 0.235479846596718 0.238454341888428 0.241428822278976 0.240550428628922 0.238387733697891 0.236225053668022 0.234062373638153 0.231899678707123 0.229736998677254 0.227574318647385 0.225588381290436 0.224132716655731 0.222677052021027 0.221221387386322 0.219765722751617 0.218310058116913 0.216854393482208 0.215398728847504 0.216788783669472 0.219127386808395 0.22146600484848 0.223804622888565 0.226143226027489 0.228481844067574 0.230820447206497 0.232470452785492 0.232054650783539 0.231638848781586 0.231223031878471 0.230807229876518 0.230391427874565 0.229975610971451 0.229559808969498 0.232220083475113 0.235905706882477
0.199155896902084 0.204678028821945 0.210200160741806 0.215722277760506 0.220621377229691 0.223651424050331 0.226681470870972 0.229711517691612 0.232741564512253 0.235771611332893 0.238801658153534 0.241831690073013 0.240928560495377 0.238714382052422 0.236500188708305 0.234285995364189 0.232071816921234 0.229857623577118 0.227643430233002 0.225695580244064 0.224546700716019 0.223397836089134 0.22224897146225 0.221100091934204 0.21995122730732 0.218802362680435 0.21765348315239 0.219377547502518 0.222059234976768 0.22474093735218 0.227422624826431 0.230104327201843 0.232786014676094 0.235467717051506 0.237415596842766 0.237162038683891 0.236908480525017 0.236654922366142 0.236401364207268 0.236147806048393 0.235894247889519 0.235640689730644 0.237802430987358 0.240769267082214
0.19904650747776 0.204597815871239 0.210149124264717 0.215700447559357 0.220635324716568 0.2237209379673 0.226806536316872 0.229892149567604 0.232977747917175 0.236063361167908 0.239148959517479 0.242234572768211 0.241306707262993 0.239041015505791 0.236775323748589 0.234509631991386 0.232243940234184 0.229978248476982 0.22771255671978 0.225802764296532 0.224960684776306 0.224118620157242 0.223276540637016 0.222434461116791 0.221592396497726 0.220750316977501 0.219908237457275 0.221966311335564 0.224991083145142 0.22801585495472 0.231040641665459 0.234065413475037 0.237090200185776 0.240114971995354 0.242360725998878 0.242269426584244 0.242178112268448 0.242086797952652 0.241995483636856 0.241904184222221 0.241812869906425 0.24172155559063 0.243384778499603 0.245632827281952
0.198937118053436 0.204517602920532 0.210098102688789 0.215678602457047 0.220649272203445 0.223790436983109 0.226931601762772 0.230072781443596 0.233213946223259 0.236355111002922 0.239496275782585 0.242637455463409 0.241684839129448 0.23936764895916 0.237050458788872 0.234733253717422 0.232416063547134 0.230098858475685 0.227781668305397 0.225909948348999 0.225374668836594 0.224839389324188 0.224304109811783 0.223768830299377 0.223233550786972 0.222698271274567 0.222162991762161 0.224555060267448 0.227922931313515 0.23129078745842 0.234658643603325 0.238026514649391 0.241394370794296 0.244762241840363 0.247305870056152 0.247376799583435 0.247447744011879 0.247518673539162 0.247589617967606 0.24766056239605 0.247731491923332 0.247802436351776 0.248967126011848 0.250496387481689
0.198827713727951 0.204437404870987 0.210047081112862 0.215656772255898 0.220663204789162 0.223859935998917 0.227056667208672 0.230253398418427 0.233450129628181 0.236646860837936 0.239843592047691 0.243040323257446 0.242062985897064 0.239694282412529 0.237325593829155 0.23495689034462 0.232588186860085 0.230219483375549 0.227850779891014 0.226017147302628 0.225788652896881 0.225560173392296 0.225331678986549 0.225103199481964 0.224874719977379 0.224646225571632 0.224417746067047 0.227143824100494 0.230854779481888 0.23456571996212 0.238276660442352 0.241987600922585 0.245698556303978 0.24940949678421 0.252250999212265 0.252484172582626 0.25271737575531 0.252950549125671 0.253183752298355 0.253416925668716 0.2536501288414 0.253883302211761 0.254549473524094 0.255359947681427
0.198282212018967 0.203716561198235 0.209150910377502 0.21458525955677 0.219499543309212 0.222853660583496 0.22620777785778 0.229561880230904 0.232915997505188 0.236270099878311 0.239624217152596 0.242978319525719 0.242027759552002 0.239642307162285 0.237256854772568 0.234871402382851 0.232485949993134 0.230100497603416 0.227715045213699 0.225900709629059 0.225799724459648 0.225698724389076 0.225597724318504 0.225496739149094 0.225395739078522 0.22529473900795 0.225193753838539 0.228111267089844 0.232034966349602 0.23595866560936 0.239882349967957 0.243806049227715 0.247729748487473 0.251653432846069 0.254686057567596 0.255045473575592 0.255404889583588 0.255764305591583 0.256123721599579 0.256483167409897 0.256842583417892 0.257201999425888 0.257665276527405 0.258163213729858
0.197300583124161 0.202355086803436 0.207409590482712 0.212464079260826 0.217158287763596 0.220771595835686 0.224384903907776 0.227998211979866 0.231611520051956 0.235224828124046 0.238838136196136 0.242451444268227 0.241579174995422 0.239211723208427 0.236844271421432 0.234476819634438 0.232109367847443 0.229741916060448 0.227374464273453 0.225560680031776 0.225407868623734 0.225255057215691 0.225102245807648 0.224949434399605 0.224796622991562 0.224643811583519 0.224491000175476 0.227457389235497 0.231463491916656 0.235469609498978 0.239475727081299 0.243481829762459 0.24748794734478 0.25149405002594 0.254611045122147 0.25506067276001 0.255510330200195 0.255959957838058 0.256409585475922 0.256859213113785 0.257308840751648 0.257758468389511 0.258314579725266 0.258906215429306
0.196318969130516 0.200993612408638 0.20566825568676 0.210342898964882 0.214817017316818 0.218689516186714 0.222562029957771 0.226434528827667 0.230307042598724 0.23417954146862 0.238052055239677 0.241924569010735 0.241130605340004 0.23878113925457 0.236431688070297 0.234082236886024 0.231732785701752 0.229383334517479 0.227033883333206 0.225220635533333 0.225016012787819 0.224811375141144 0.22460675239563 0.224402129650116 0.224197506904602 0.223992884159088 0.223788261413574 0.226803496479988 0.230892032384872 0.234980568289757 0.23906908929348 0.243157625198364 0.247246161103249 0.251334697008133 0.254536032676697 0.25507590174675 0.255615741014481 0.256155580282211 0.256695419549942 0.257235258817673 0.257775127887726 0.258314967155457 0.258963912725449 0.259649187326431
0.195337355136871 0.19963213801384 0.203926935791969 0.208221718668938 0.212475746870041 0.216607451438904 0.220739156007767 0.22487086057663 0.229002565145493 0.233134269714355 0.237265974283218 0.241397678852081 0.240682020783424 0.238350555300713 0.236019104719162 0.233687654137611 0.231356203556061 0.229024738073349 0.226693287491798 0.224880591034889 0.224624156951904 0.224367707967758 0.224111273884773 0.223854839801788 0.223598390817642 0.223341956734657 0.223085522651672 0.226149618625641 0.230320572853088 0.234491512179375 0.238662466406822 0.242833405733109 0.247004359960556 0.251175314188004 0.254461020231247 0.255091100931168 0.255721151828766 0.256351202726364 0.256981283426285 0.257611334323883 0.258241385221481 0.25887143611908 0.259613215923309 0.260392189025879
