data/working_set_collections/6091692-Cassins_Sparrow-M2/2000/rzmc_avg.asc
NCOLS 265 
NROWS 230 
XLLCORNER -115.5625 
YLLCORNER 24.8333333333333 
CELLSIZE 0.0833333333333333 
NODATA_value -9999 
[rows 120 to 139 of 230, columns 0 to 43 of 265]
0.153052866458893 0.153041288256645 0.153029724955559 0.153018146753311 0.153006568551064 0.152995005249977 0.15298342704773 0.153200000524521 0.153492614626884 0.153785228729248 0.154077857732773 0.154370471835136 0.1546630859375 0.154955714941025 0.1552504748106 0.155551701784134 0.155852928757668 0.156154155731201 0.156455367803574 0.156756594777107 0.157057821750641 0.157359048724174 0.157621026039124 0.157869920134544 0.158118814229965 0.158367708325386 0.158616602420807 0.158865496516228 0.159114390611649 0.159404993057251 0.159820765256882 0.160236537456512 0.160652294754982 0.161068066954613 0.161483839154243 0.161899596452713 0.162315368652344 0.164869621396065 0.168136715888977 0.171403795480728 0.17467088997364 0.177937969565392 0.181205064058304 0.184472143650055
0.152718007564545 0.152742624282837 0.152767241001129 0.152791857719421 0.152816459536552 0.152841076254845 0.152865692973137 0.153088882565498 0.153378263115883 0.153667643666267 0.153957024216652 0.154246404767036 0.154535785317421 0.154825165867805 0.155113369226456 0.155397981405258 0.155682593584061 0.155967205762863 0.156251817941666 0.156536430120468 0.156821057200432 0.157105669379234 0.157336845993996 0.157550200819969 0.157763570547104 0.157976925373077 0.158190295100212 0.158403664827347 0.15861701965332 0.15887151658535 0.159249395132065 0.159627288579941 0.160005167126656 0.160383060574532 0.160760939121246 0.161138817667961 0.161516711115837 0.163647413253784 0.166362389922142 0.1690773665905 0.171792358160019 0.174507334828377 0.177222311496735 0.179937288165092
0.152383163571358 0.152443960309029 0.1525047570467 0.15256555378437 0.152626365423203 0.152687162160873 0.152747958898544 0.152977764606476 0.153263911604881 0.153550058603287 0.153836205601692 0.154122352600098 0.154408484697342 0.154694631695747 0.15497624874115 0.155244246125221 0.155512258410454 0.155780255794525 0.156048268079758 0.156316265463829 0.156584277749062 0.156852290034294 0.157052665948868 0.157230496406555 0.157408326864243 0.15758615732193 0.157763987779617 0.157941818237305 0.158119648694992 0.158338025212288 0.158678025007248 0.159018039703369 0.159358039498329 0.159698039293289 0.160038039088249 0.160378038883209 0.16071805357933 0.162425205111504 0.164588078856468 0.166750952601433 0.168913811445236 0.171076685190201 0.173239558935165 0.17540243268013
0.15204830467701 0.15214529633522 0.15224227309227 0.152339264750481 0.152436256408691 0.152533233165741 0.152630224823952 0.152866646647453 0.15314956009388 0.153432473540306 0.153715372085571 0.153998285531998 0.154281198978424 0.154564097523689 0.154839128255844 0.155090525746346 0.155341923236847 0.155593320727348 0.15584471821785 0.156096115708351 0.156347498297691 0.156598895788193 0.156768471002579 0.15691077709198 0.157053083181381 0.157195389270782 0.157337680459023 0.157479986548424 0.157622292637825 0.157804548740387 0.158106669783592 0.158408790826797 0.158710911870003 0.159013032913208 0.159315139055252 0.159617260098457 0.159919381141663 0.161202982068062 0.162813752889633 0.164424523711205 0.166035279631615 0.167646050453186 0.169256806373596 0.170867577195168
0.151713460683823 0.151846632361412 0.151979804039001 0.152112975716591 0.15224614739418 0.15237931907177 0.152512490749359 0.152755528688431 0.153035208582878 0.153314873576164 0.153594553470612 0.153874218463898 0.154153898358345 0.154433563351631 0.1547020226717 0.15493680536747 0.15517158806324 0.15540637075901 0.155641153454781 0.155875951051712 0.156110733747482 0.156345516443253 0.156484290957451 0.156591072678566 0.15669783949852 0.156804606318474 0.156911373138428 0.157018154859543 0.157124921679497 0.157271057367325 0.157535299658775 0.157799541950226 0.158063769340515 0.158328011631966 0.158592253923416 0.158856481313705 0.159120723605156 0.159980773925781 0.161039426922798 0.162098094820976 0.163156747817993 0.16421540081501 0.165274053812027 0.166332721710205
0.151378601789474 0.151547968387604 0.151717320084572 0.15188667178154 0.152056038379669 0.152225390076637 0.152394756674767 0.152644410729408 0.152920857071877 0.153197288513184 0.153473719954491 0.153750166296959 0.154026597738266 0.154303029179573 0.154564902186394 0.154783070087433 0.155001252889633 0.155219435691833 0.155437603592873 0.155655786395073 0.155873954296112 0.156092137098312 0.156200110912323 0.156271353363991 0.156342595815659 0.156413838267326 0.156485080718994 0.156556308269501 0.156627550721169 0.156737580895424 0.156963929533958 0.157190293073654 0.157416641712189 0.157642990350723 0.157869353890419 0.158095702528954 0.158322066068649 0.158758565783501 0.159265115857124 0.159771665930748 0.160278216004372 0.160784766077995 0.161291301250458 0.161797851324081
0.151399493217468 0.151930719614029 0.15246194601059 0.152993157505989 0.15352438390255 0.15405561029911 0.15458682179451 0.154685974121094 0.154641091823578 0.154596224427223 0.154551342129707 0.154506459832191 0.154461592435837 0.154416710138321 0.154433473944664 0.154635190963745 0.154836893081665 0.155038610100746 0.155240312218666 0.155442029237747 0.155643731355667 0.155845448374748 0.155934557318687 0.155986130237579 0.156037703156471 0.156089276075363 0.156140848994255 0.156192421913147 0.1562440097332 0.156334385275841 0.156541183590889 0.156747967004776 0.156954765319824 0.157161563634872 0.157368347048759 0.157575145363808 0.157781943678856 0.158011183142662 0.158247917890549 0.158484652638435 0.158721387386322 0.158958107233047 0.159194841980934 0.159431576728821
0.151776134967804 0.152994900941849 0.154213652014732 0.155432417988777 0.156651183962822 0.157869949936867 0.159088715910912 0.158880203962326 0.158195942640305 0.157511666417122 0.1568274050951 0.156143143773079 0.155458867549896 0.154774606227875 0.154307752847672 0.154493138194084 0.154678523540497 0.15486390888691 0.155049294233322 0.155234664678574 0.155420050024986 0.155605435371399 0.155687615275383 0.15573538839817 0.155783161520958 0.155830934643745 0.155878722667694 0.155926495790482 0.155974268913269 0.156061485409737 0.156267032027245 0.156472593545914 0.156678140163422 0.156883701682091 0.157089248299599 0.157294794917107 0.157500356435776 0.157738640904427 0.157987847924232 0.158237054944038 0.158486261963844 0.15873546898365 0.158984676003456 0.159233883023262
0.15215277671814 0.154059067368507 0.155965372920036 0.157871678471565 0.159777984023094 0.161684289574623 0.163590595126152 0.163074433803558 0.16175077855587 0.160427123308182 0.159103468060493 0.157779812812805 0.156456157565117 0.155132502317429 0.154182031750679 0.154351085424423 0.154520139098167 0.154689207673073 0.154858261346817 0.155027315020561 0.155196368694305 0.15536542236805 0.155440673232079 0.155484646558762 0.155528619885445 0.155572608113289 0.155616581439972 0.155660554766655 0.155704528093338 0.155788585543633 0.155992895364761 0.15619720518589 0.15640152990818 0.156605839729309 0.156810149550438 0.157014459371567 0.157218769192696 0.157466113567352 0.157727777957916 0.157989457249641 0.158251136541367 0.158512815833092 0.158774495124817 0.159036174416542
0.152529403567314 0.155123248696327 0.15771709382534 0.160310938954353 0.162904784083366 0.165498629212379 0.168092474341393 0.167268663644791 0.165305614471436 0.163342580199242 0.161379531025887 0.159416481852531 0.157453447580338 0.155490398406982 0.154056310653687 0.154209032654762 0.154361769556999 0.154514491558075 0.154667228460312 0.154819965362549 0.154972687363625 0.155125424265862 0.155193731188774 0.155233919620514 0.155274093151093 0.155314266681671 0.15535444021225 0.155394613742828 0.155434787273407 0.155515685677528 0.155718758702278 0.155921831727028 0.156124904751778 0.156327977776527 0.156531050801277 0.156734108924866 0.156937181949615 0.157193571329117 0.157467722892761 0.157741874456406 0.15801602602005 0.158290177583694 0.158564329147339 0.158838480710983
0.15290604531765 0.156187430024147 0.159468814730644 0.162750199437141 0.166031584143639 0.169312968850136 0.172594353556633 0.171462878584862 0.168860450387001 0.16625802218914 0.16365559399128 0.161053165793419 0.158450737595558 0.155848309397697 0.153930574655533 0.154066979885101 0.15420338511467 0.154339790344238 0.154476195573807 0.154612600803375 0.154749006032944 0.154885411262512 0.154946804046631 0.154983177781105 0.155019551515579 0.155055925250053 0.155092298984528 0.155128672719002 0.155165061354637 0.155242800712585 0.155444622039795 0.155646458268166 0.155848279595375 0.156050115823746 0.156251937150955 0.156453773379326 0.156655594706535 0.156921029090881 0.157207652926445 0.157494276762009 0.157780900597572 0.158067524433136 0.1583541482687 0.158640772104263
0.153282687067986 0.157251611351967 0.161220535635948 0.16518945991993 0.169158384203911 0.173127323389053 0.177096247673035 0.175657108426094 0.172415301203728 0.1691734790802 0.165931656956673 0.162689834833145 0.159448012709618 0.156206205487251 0.15380485355854 0.153924942016602 0.154045015573502 0.154165089130402 0.154285177588463 0.154405251145363 0.154525324702263 0.154645413160324 0.154699862003326 0.154732435941696 0.154765009880066 0.154797583818436 0.154830172657967 0.154862746596336 0.154895320534706 0.154969900846481 0.155170485377312 0.155371069908142 0.155571669340134 0.155772253870964 0.155972838401794 0.156173422932625 0.156374022364616 0.156648486852646 0.156947582960129 0.157246679067612 0.157545775175095 0.157844871282578 0.158143982291222 0.158443078398705
0.154019191861153 0.158545047044754 0.163070917129517 0.167596772313118 0.172122642397881 0.176648497581482 0.181174352765083 0.179695323109627 0.176214650273323 0.172733962535858 0.169253289699554 0.165772616863251 0.162291944026947 0.158811271190643 0.156146645545959 0.155930191278458 0.155713737010956 0.155497282743454 0.155280828475952 0.15506437420845 0.154847919940948 0.154631465673447 0.154599621891975 0.154629305005074 0.154659003019333 0.154688686132431 0.154718369245529 0.154748067259789 0.154777750372887 0.154849857091904 0.155049189925194 0.155248537659645 0.155447870492935 0.155647218227386 0.155846551060677 0.156045883893967 0.156245231628418 0.156523048877716 0.156827032566071 0.157131001353264 0.157434985041618 0.157738968729973 0.158042952418327 0.158346921205521
0.155115574598312 0.16006775200367 0.165019944310188 0.169972136616707 0.174924328923225 0.179876521229744 0.184828713536263 0.183577507734299 0.180258497595787 0.176939502358437 0.173620507121086 0.170301496982574 0.166982501745224 0.163663506507874 0.16095595061779 0.160082757472992 0.159209564328194 0.158336356282234 0.157463163137436 0.156589969992638 0.155716776847839 0.154843583703041 0.154646068811417 0.154673784971237 0.154701501131058 0.154729217290878 0.154756933450699 0.154784649610519 0.15481236577034 0.154882669448853 0.155080750584602 0.155278831720352 0.155476912856102 0.155674993991852 0.155873075127602 0.156071156263351 0.156269237399101 0.156544715166092 0.156845986843109 0.157147243618965 0.157448515295982 0.157749786973 0.158051058650017 0.158352330327034
0.156211942434311 0.161590471863747 0.166968986392021 0.172347500920296 0.17772601544857 0.183104529976845 0.188483059406281 0.187459692358971 0.184302359819412 0.181145042181015 0.177987709641457 0.174830377101898 0.171673059463501 0.168515726923943 0.165765255689621 0.164235323667526 0.16270537674427 0.161175444722176 0.159645512700081 0.158115565776825 0.15658563375473 0.155055701732635 0.154692515730858 0.154718264937401 0.154744014143944 0.154769748449326 0.154795497655869 0.15482123196125 0.154846981167793 0.154915496706963 0.155112311244011 0.15530914068222 0.155505955219269 0.155702784657478 0.155899599194527 0.156096428632736 0.156293243169785 0.156566366553307 0.156864941120148 0.157163500785828 0.157462060451508 0.157760620117188 0.158059179782867 0.158357739448547
0.157308325171471 0.163113176822662 0.168918013572693 0.174722865223885 0.180527716875076 0.186332553625107 0.192137405276299 0.191341876983643 0.188346222043037 0.185350567102432 0.182354912161827 0.179359272122383 0.176363617181778 0.173367962241173 0.170574560761452 0.168387874960899 0.166201204061508 0.164014518260956 0.161827847361565 0.159641176462173 0.157454490661621 0.15526781976223 0.15473897755146 0.154762744903564 0.154786512255669 0.154810279607773 0.154834046959877 0.154857829213142 0.154881596565247 0.154948309063911 0.15514387190342 0.155339434742928 0.155534997582436 0.155730560421944 0.155926123261452 0.156121701002121 0.156317263841629 0.156588032841682 0.156883880496025 0.157179743051529 0.157475590705872 0.157771438360214 0.158067286014557 0.158363148570061
0.15840470790863 0.164635881781578 0.170867055654526 0.177098229527473 0.183329403400421 0.189560577273369 0.195791751146317 0.195224061608315 0.192390084266663 0.189556106925011 0.186722129583359 0.183888152241707 0.181054174900055 0.178220197558403 0.175383865833282 0.172540441155434 0.169697016477585 0.166853606700897 0.164010182023048 0.161166772246361 0.158323347568512 0.155479937791824 0.154785424470901 0.154807224869728 0.154829025268555 0.15485081076622 0.154872611165047 0.154894411563873 0.1549162119627 0.154981136322021 0.155175432562828 0.155369743704796 0.155564039945602 0.15575835108757 0.155952662229538 0.156146958470345 0.156341269612312 0.156609699130058 0.156902834773064 0.15719598531723 0.157489120960236 0.157782256603241 0.158075407147408 0.158368542790413
0.15950109064579 0.166158586740494 0.172816082835197 0.179473593831062 0.186131089925766 0.19278858602047 0.199446097016335 0.199106246232986 0.196433946490288 0.193761631846428 0.191089332103729 0.188417032361031 0.185744732618332 0.183072432875633 0.180193156003952 0.176693007349968 0.173192843794823 0.169692680239677 0.166192531585693 0.162692368030548 0.159192204475403 0.155692055821419 0.154831871390343 0.154851704835892 0.15487152338028 0.154891341924667 0.154911175370216 0.154930993914604 0.154950812458992 0.15501394867897 0.155206993222237 0.155400037765503 0.15559309720993 0.155786141753197 0.155979186296463 0.156172230839729 0.156365275382996 0.156631365418434 0.156921789050102 0.157212227582932 0.1575026512146 0.157793089747429 0.158083513379097 0.158373951911926
0.161350190639496 0.168058976531029 0.174767762422562 0.181476548314095 0.188185319304466 0.194894105195999 0.201602891087532 0.201391443610191 0.198873266577721 0.196355074644089 0.193836882710457 0.191318690776825 0.188800498843193 0.186282321810722 0.183423012495041 0.179540395736694 0.175657778978348 0.171775162220001 0.167892545461655 0.164009928703308 0.160127311944962 0.156244695186615 0.155250489711761 0.155219092965126 0.155187681317329 0.155156284570694 0.155124872922897 0.155093476176262 0.155062064528465 0.155085518956184 0.15527355670929 0.155461579561234 0.155649617314339 0.155837640166283 0.156025677919388 0.156213700771332 0.156401738524437 0.156677737832069 0.156983062624931 0.157288372516632 0.157593697309494 0.157899022102356 0.158204331994057 0.158509656786919
0.163952007889748 0.170337036252022 0.176722064614296 0.183107078075409 0.189492106437683 0.195877119898796 0.20226214826107 0.202079683542252 0.199708044528961 0.197336405515671 0.19496476650238 0.19259312748909 0.1902214884758 0.187849849462509 0.185073420405388 0.181082636117935 0.177091836929321 0.173101052641869 0.169110253453255 0.165119469165802 0.161128669977188 0.157137885689735 0.156041264533997 0.15590937435627 0.155777499079704 0.155645608901978 0.155513718724251 0.155381828546524 0.155249938368797 0.155195847153664 0.155375093221664 0.155554354190826 0.155733615159988 0.15591287612915 0.156092137098312 0.156271383166313 0.156450644135475 0.156748816370964 0.157086625695229 0.157424435019493 0.157762244343758 0.158100053668022 0.158437862992287 0.158775672316551
