data/working_set_collections/6091692-Cassins_Sparrow-M2/2000/rzmc_avg.asc
NCOLS 265 
NROWS 230 
XLLCORNER -115.5625 
YLLCORNER 24.8333333333333 
CELLSIZE 0.0833333333333333 
NODATA_value -9999 
[rows 80 to 99 of 230, columns 44 to 87 of 265]
0.176139146089554 0.174925908446312 0.17371267080307 0.172499433159828 0.171286195516586 0.170072957873344 0.168859720230103 0.167646482586861 0.168317094445229 0.169615656137466 0.170914217829704 0.172212794423103 0.173511356115341 0.174809917807579 0.176108479499817 0.17663562297821 0.174848526716232 0.173061415553093 0.171274319291115 0.169487223029137 0.167700126767159 0.165913015604019 0.164125919342041 0.165037259459496 0.166848063468933 0.168658867478371 0.170469686388969 0.172280490398407 0.174091309309006 0.175902113318443 0.177207797765732 0.176998123526573 0.176788449287415 0.176578775048256 0.176369100809097 0.176159426569939 0.17594975233078 0.175740078091621 0.175938785076141 0.176273629069328 0.176608473062515 0.176943317055702 0.177278161048889 0.177613005042076
0.173505008220673 0.172943338751793 0.172381654381752 0.171819984912872 0.171258315443993 0.170696645975113 0.170134976506233 0.169573307037354 0.170192912220955 0.171206295490265 0.172219663858414 0.173233047127724 0.174246430397034 0.175259798765182 0.176273182034492 0.176576912403107 0.174751758575439 0.172926604747772 0.171101450920105 0.169276282191277 0.167451128363609 0.165625974535942 0.163800805807114 0.165203973650932 0.167683243751526 0.170162528753281 0.172641798853874 0.175121068954468 0.177600339055061 0.180079609155655 0.181836932897568 0.181428387761116 0.181019842624664 0.180611297488213 0.180202752351761 0.179794207215309 0.179385662078857 0.178977116942406 0.178833961486816 0.178779274225235 0.178724586963654 0.178669899702072 0.17861519753933 0.178560510277748
0.17087085545063 0.170960754156113 0.171050652861595 0.171140536665916 0.171230435371399 0.171320334076881 0.171410217881203 0.171500116586685 0.172068729996681 0.172796919941902 0.173525109887123 0.174253299832344 0.174981489777565 0.175709679722786 0.176437869668007 0.176518216729164 0.174655005335808 0.17279177904129 0.170928567647934 0.169065356254578 0.16720212996006 0.165338918566704 0.163475707173347 0.16537070274353 0.16851843893528 0.171666175127029 0.174813911318779 0.177961647510529 0.181109368801117 0.184257104992867 0.186466053128242 0.185858651995659 0.185251235961914 0.184643819928169 0.184036403894424 0.18342898786068 0.182821586728096 0.182214170694351 0.181729137897491 0.181284919381142 0.180840700864792 0.180396467447281 0.179952248930931 0.179508030414581
0.168236717581749 0.168978169560432 0.169719636440277 0.170461088418961 0.171202555298805 0.171944007277489 0.172685474157333 0.173426926136017 0.173944547772408 0.174387559294701 0.174830555915833 0.175273567438126 0.175716564059258 0.176159575581551 0.176602572202682 0.17645950615406 0.174558237195015 0.17265696823597 0.170755684375763 0.168854415416718 0.166953146457672 0.165051862597466 0.16315059363842 0.165537431836128 0.169353619217873 0.173169821500778 0.176986023783684 0.180802211165428 0.184618413448334 0.188434615731239 0.191095188260078 0.190288901329041 0.189482629299164 0.188676342368126 0.187870055437088 0.187063783407211 0.186257496476173 0.185451209545135 0.184624329209328 0.183790564537048 0.18295681476593 0.182123050093651 0.181289300322533 0.180455535650253
0.168187767267227 0.168942227959633 0.169696673750877 0.170451134443283 0.171205580234528 0.171960040926933 0.172714486718178 0.173468947410583 0.173849299550056 0.174104943871498 0.17436058819294 0.174616247415543 0.174871891736984 0.175127536058426 0.175383195281029 0.175153270363808 0.173466607928276 0.171779960393906 0.170093297958374 0.168406635522842 0.166719987988472 0.16503332555294 0.163346663117409 0.165956765413284 0.169999122619629 0.174041479825974 0.178083837032318 0.182126194238663 0.186168551445007 0.190210908651352 0.193091839551926 0.192488491535187 0.191885143518448 0.191281795501709 0.19067844748497 0.190075099468231 0.189471751451492 0.188868403434753 0.187909781932831 0.186832740902901 0.185755714774132 0.184678673744202 0.183601632714272 0.182524591684341
0.170724019408226 0.170852899551392 0.170981779694557 0.171110644936562 0.171239525079727 0.171368390321732 0.171497270464897 0.171626150608063 0.171782955527306 0.171949088573456 0.172115206718445 0.172281339764595 0.172447472810745 0.172613590955734 0.172779724001884 0.172599479556084 0.171380117535591 0.170160755515099 0.168941378593445 0.167722016572952 0.16650265455246 0.165283292531967 0.164063930511475 0.166628748178482 0.17045496404171 0.174281179904938 0.178107380867004 0.181933596730232 0.18575981259346 0.189586028456688 0.192456036806107 0.192457422614098 0.192458808422089 0.19246019423008 0.192461580038071 0.192462965846062 0.192464351654053 0.192465737462044 0.191585525870323 0.19041146337986 0.189237400889397 0.188063338398933 0.186889261007309 0.185715198516846
0.173260286450386 0.17276357114315 0.172266870737076 0.171770170331001 0.171273469924927 0.170776754617691 0.170280054211617 0.169783353805542 0.169716626405716 0.169793233275414 0.169869840145111 0.169946447014809 0.170023038983345 0.170099645853043 0.17017625272274 0.17004568874836 0.169293612241745 0.168541550636292 0.167789474129677 0.167037397623062 0.166285321116447 0.165533244609833 0.164781183004379 0.167300716042519 0.17091079056263 0.174520865082741 0.178130924701691 0.181740999221802 0.185351073741913 0.188961148262024 0.191820234060287 0.192426353693008 0.193032473325729 0.19363859295845 0.194244712591171 0.194850817322731 0.195456936955452 0.196063056588173 0.195261269807816 0.193990170955658 0.192719087004662 0.191447988152504 0.190176904201508 0.18890580534935
0.175796538591385 0.17467425763607 0.173551976680756 0.17242968082428 0.171307399868965 0.17018511891365 0.169062837958336 0.167940557003021 0.167650297284126 0.167637377977371 0.167624458670616 0.167611539363861 0.167598620057106 0.167585700750351 0.167572781443596 0.167491897940636 0.16720712184906 0.166922345757484 0.166637554764748 0.166352778673172 0.166068002581596 0.16578321158886 0.165498435497284 0.167972683906555 0.17136661708355 0.174760550260544 0.178154468536377 0.181548401713371 0.184942334890366 0.18833626806736 0.191184431314468 0.192395284771919 0.19360613822937 0.19481697678566 0.196027830243111 0.197238683700562 0.198449537158012 0.199660390615463 0.198937013745308 0.197568893432617 0.196200773119926 0.194832652807236 0.193464532494545 0.192096412181854
0.178332790732384 0.176584929227829 0.174837067723274 0.173089206218719 0.171341344714165 0.16959348320961 0.167845621705055 0.1660977602005 0.165583953261375 0.165481522679329 0.165379077196121 0.165276631712914 0.165174201130867 0.165071755647659 0.164969310164452 0.164938122034073 0.165120631456375 0.165303140878677 0.16548565030098 0.165668159723282 0.165850669145584 0.166033178567886 0.166215687990189 0.168644651770592 0.171822443604469 0.175000235438347 0.178178012371063 0.181355804204941 0.184533596038818 0.187711387872696 0.190548613667488 0.192364200949669 0.19417978823185 0.19599537551403 0.197810962796211 0.199626550078392 0.201442137360573 0.203257724642754 0.2026127576828 0.201147601008415 0.199682459235191 0.198217317461967 0.196752160787582 0.195287019014359
0.180869057774544 0.178495615720749 0.176122173666954 0.173748731613159 0.171375289559364 0.169001847505569 0.166628405451775 0.16425496339798 0.163517624139786 0.163325667381287 0.163133695721626 0.162941738963127 0.162749767303467 0.162557810544968 0.162365853786469 0.162384331226349 0.163034126162529 0.16368393599987 0.16433373093605 0.164983540773392 0.165633335709572 0.166283145546913 0.166932940483093 0.169316619634628 0.172278270125389 0.17523992061615 0.17820155620575 0.18116320669651 0.184124857187271 0.187086492776871 0.189912810921669 0.19233313202858 0.19475345313549 0.197173774242401 0.199594095349312 0.202014416456223 0.204434737563133 0.206855058670044 0.206288501620293 0.204726323485374 0.203164145350456 0.201601967215538 0.20003978908062 0.198477610945702
0.181265860795975 0.178603604435921 0.175941348075867 0.173279091715813 0.170616835355759 0.167954578995705 0.165292322635651 0.162630066275597 0.161905467510223 0.161826729774475 0.161748006939888 0.16166926920414 0.161590546369553 0.161511823534966 0.161433085799217 0.161633610725403 0.162671849131584 0.163710087537766 0.164748340845108 0.165786579251289 0.166824817657471 0.167863070964813 0.168901309370995 0.171086862683296 0.173654869198799 0.176222860813141 0.178790867328644 0.181358858942986 0.183926850557327 0.18649485707283 0.189128562808037 0.191959410905838 0.194790259003639 0.197621122002602 0.200451970100403 0.203282818198204 0.206113666296005 0.208944514393806 0.208248510956764 0.206376895308495 0.204505294561386 0.202633678913116 0.200762063264847 0.198890447616577
0.179523214697838 0.176908910274506 0.174294605851173 0.171680301427841 0.169065997004509 0.166451707482338 0.163837403059006 0.161223098635674 0.160747468471527 0.160984724760056 0.161221995949745 0.161459252238274 0.161696508526802 0.161933779716492 0.16217103600502 0.162685945630074 0.164033785462379 0.165381610393524 0.16672945022583 0.168077275156975 0.169425114989281 0.170772954821587 0.172120779752731 0.173955380916595 0.175952225923538 0.177949070930481 0.179945915937424 0.181942760944366 0.183939605951309 0.185936450958252 0.188195884227753 0.191243052482605 0.194290235638618 0.197337403893471 0.200384587049484 0.203431755304337 0.20647893846035 0.209526106715202 0.208492800593376 0.206099346280098 0.20370589196682 0.20131242275238 0.198918968439102 0.196525499224663
0.177780568599701 0.17521421611309 0.17264786362648 0.17008151113987 0.16751517355442 0.16494882106781 0.1623824685812 0.15981613099575 0.159589484333992 0.160142734646797 0.160695984959602 0.161249235272408 0.161802485585213 0.162355735898018 0.162908986210823 0.163738280534744 0.165395706892014 0.167053133249283 0.168710559606552 0.170367985963821 0.172025412321091 0.17368283867836 0.175340265035629 0.176823884248734 0.178249582648277 0.17967526614666 0.181100964546204 0.182526662945747 0.18395234644413 0.185378044843674 0.187263190746307 0.190526694059372 0.193790197372437 0.197053700685501 0.200317203998566 0.203580692410469 0.206844195723534 0.210107699036598 0.208737105131149 0.205821797251701 0.202906489372253 0.199991181492805 0.197075873613358 0.19416056573391
0.176037922501564 0.173519521951675 0.171001121401787 0.168482735753059 0.165964335203171 0.163445934653282 0.160927549004555 0.158409148454666 0.158431485295296 0.159300729632378 0.16016997396946 0.161039218306541 0.161908462643623 0.162777692079544 0.163646936416626 0.164790630340576 0.166757643222809 0.168724656105042 0.170691668987274 0.172658696770668 0.174625709652901 0.176592722535133 0.178559735417366 0.179692402482033 0.180546939373016 0.181401476264 0.182256013154984 0.183110564947128 0.183965101838112 0.184819638729095 0.186330497264862 0.189810335636139 0.193290159106255 0.19676998257637 0.200249820947647 0.203729644417763 0.207209467887878 0.210689291357994 0.208981394767761 0.205544233322144 0.202107086777687 0.198669925332069 0.195232763886452 0.191795617341995
0.174295261502266 0.17182482779026 0.169354379177094 0.166883945465088 0.164413496851921 0.161943063139915 0.159472614526749 0.157002180814743 0.157273486256599 0.158458724617958 0.159643962979317 0.160829186439514 0.162014424800873 0.163199663162231 0.164384886622429 0.165842965245247 0.168119579553604 0.1703961789608 0.172672793269157 0.174949392676353 0.177226006984711 0.179502606391907 0.181779220700264 0.182560905814171 0.182844296097755 0.18312768638134 0.183411076664925 0.183694452047348 0.183977842330933 0.184261232614517 0.185397818684578 0.189093962311745 0.192790120840073 0.196486279368401 0.200182422995567 0.203878581523895 0.207574740052223 0.211270898580551 0.209225684404373 0.205266684293747 0.20130766928196 0.197348669171333 0.193389669060707 0.189430668950081
0.172552615404129 0.170130133628845 0.1677076369524 0.165285155177116 0.162862673401833 0.160440176725388 0.158017694950104 0.15559521317482 0.156115502119064 0.157616719603539 0.159117951989174 0.160619169473648 0.162120401859283 0.163621619343758 0.165122836828232 0.166895315051079 0.169481500983238 0.172067701816559 0.174653902649879 0.1772401034832 0.17982628941536 0.18241249024868 0.184998691082001 0.18542942404747 0.185141652822495 0.184853881597519 0.184566125273705 0.184278354048729 0.183990597724915 0.183702826499939 0.184465125203133 0.188377603888512 0.192290082573891 0.19620256125927 0.200115039944649 0.204027533531189 0.207940012216568 0.211852490901947 0.209469974040985 0.204989120364189 0.200508266687393 0.196027427911758 0.191546574234962 0.187065720558167
0.171677559614182 0.169356673955917 0.167035803198814 0.16471491754055 0.162394031882286 0.160073146224022 0.157752260565758 0.155431374907494 0.155935287475586 0.157380789518356 0.158826306462288 0.160271808505058 0.161717310547829 0.16316282749176 0.164608329534531 0.16633203625679 0.168890357017517 0.171448662877083 0.17400698363781 0.176565289497375 0.179123610258102 0.181681916117668 0.184240236878395 0.184664905071259 0.184378355741501 0.184091806411743 0.183805257081985 0.183518707752228 0.18323215842247 0.182945594191551 0.183699250221252 0.187573462724686 0.19144769012928 0.195321917533875 0.199196130037308 0.203070357441902 0.206944584846497 0.210818812251091 0.208338022232056 0.203738912940025 0.199139788746834 0.194540679454803 0.189941570162773 0.185342445969582
0.171670109033585 0.169504478573799 0.167338848114014 0.165173217654228 0.163007587194443 0.160841956734657 0.158676326274872 0.156510695815086 0.156732857227325 0.157750934362411 0.158769011497498 0.159787103533745 0.160805180668831 0.161823272705078 0.162841349840164 0.164153143763542 0.166346102952957 0.168539062142372 0.170732021331787 0.172924980521202 0.175117939710617 0.177310898900032 0.179503858089447 0.180267363786697 0.180554389953613 0.18084143102169 0.181128457188606 0.181415483355522 0.181702524423599 0.181989550590515 0.183100163936615 0.186681553721428 0.190262943506241 0.193844318389893 0.197425708174706 0.201007083058357 0.20458847284317 0.208169847726822 0.205829843878746 0.201516047120094 0.197202235460281 0.19288843870163 0.188574641942978 0.184260830283165
0.171662643551826 0.16965226829052 0.167641893029213 0.165631517767906 0.163621142506599 0.161610767245293 0.159600391983986 0.157590016722679 0.157530412077904 0.158121079206467 0.158711731433868 0.159302398562431 0.159893050789833 0.160483717918396 0.161074370145798 0.161974266171455 0.163801863789558 0.165629461407661 0.167457059025764 0.169284671545029 0.171112269163132 0.172939866781235 0.174767464399338 0.175869822502136 0.176730439066887 0.177591055631638 0.178451657295227 0.179312273859978 0.180172890424728 0.181033506989479 0.182501092553139 0.18578964471817 0.18907818198204 0.192366719245911 0.195655271410942 0.198943808674812 0.202232360839844 0.205520898103714 0.203321665525436 0.199293181300163 0.195264682173729 0.191236197948456 0.187207713723183 0.183179214596748
0.171655178070068 0.16980005800724 0.167944937944412 0.166089817881584 0.164234697818756 0.162379577755928 0.1605244576931 0.158669337630272 0.158327981829643 0.158491209149361 0.158654451370239 0.158817678689957 0.158980920910835 0.159144163131714 0.159307390451431 0.159795373678207 0.16125762462616 0.162719860672951 0.164182111620903 0.165644347667694 0.167106598615646 0.168568834662437 0.17003108561039 0.171472281217575 0.172906473278999 0.174340680241585 0.175774872303009 0.177209064364433 0.178643256425858 0.180077448487282 0.181902021169662 0.184897720813751 0.18789342045784 0.19088913500309 0.193884834647179 0.196880534291267 0.199876248836517 0.202871948480606 0.200813487172127 0.197070315480232 0.193327128887177 0.189583957195282 0.185840785503387 0.182097598910332
