data/working_set_collections/6091692-Cassins_Sparrow-M2/2000/speed_avg.asc
NCOLS 265 
NROWS 230 
XLLCORNER -115.5625 
YLLCORNER 24.8333333333333 
CELLSIZE 0.0833333333333333 
NODATA_value -9999 
[rows 200 to 219 of 230, columns 92 to 137 of 265]
3.99845719337463 4.07232475280762 4.14619255065918 4.22006034851074 4.2939281463623 4.46469831466675 4.66776943206787 4.87084054946899 5.07391166687012 5.27698278427124 5.48005390167236 5.68312454223633 5.84024286270142 5.85950183868408 5.87876129150391 5.89802026748657 5.9172797203064 5.93653869628906 5.95579767227173 5.97505712509155 5.9531888961792 5.91761207580566 5.88203477859497 5.84645795822144 5.81088066101074 5.77530336380005 5.73972654342651 5.70836782455444 5.68966484069824 5.67096185684204 5.65225887298584 5.6335563659668 5.6148533821106 5.59615039825439 5.57744741439819 5.55494213104248 5.53116941452026 5.50739669799805 5.48362398147583 5.45985126495361 5.4360785484314 5.41230583190918 5.38283157348633 5.33625078201294 5.28967046737671 5.24309015274048
3.93233895301819 3.99348592758179 4.05463266372681 4.11577987670898 4.176926612854 4.3443922996521 4.54729700088501 4.75020170211792 4.95310688018799 5.1560115814209 5.35891628265381 5.56182146072388 5.72354030609131 5.76170206069946 5.79986381530762 5.83802556991577 5.87618732452393 5.91434907913208 5.95251083374023 5.99067258834839 5.97364711761475 5.93822622299194 5.90280532836914 5.86738395690918 5.83196306228638 5.79654216766357 5.76112127304077 5.72904300689697 5.70699453353882 5.68494558334351 5.66289710998535 5.64084815979004 5.61879968643188 5.59675073623657 5.57470226287842 5.54725074768066 5.51799774169922 5.48874521255493 5.45949268341064 5.43024015426636 5.40098714828491 5.37173461914062 5.33774900436401 5.28956317901611 5.24137735366821 5.19319152832031
3.86622071266174 3.91464686393738 3.96307301521301 4.01149940490723 4.05992555618286 4.22408580780029 4.42682456970215 4.629563331604 4.8323016166687 5.03504037857056 5.23777914047241 5.44051790237427 5.6068377494812 5.66390228271484 5.72096633911133 5.77803087234497 5.83509492874146 5.8921594619751 5.94922399520874 6.00628805160522 5.99410533905029 5.95884037017822 5.92357540130615 5.88831043243408 5.85304546356201 5.81778049468994 5.78251552581787 5.7497181892395 5.72432374954224 5.69892930984497 5.6735348701477 5.64814043045044 5.62274599075317 5.59735155105591 5.57195711135864 5.53955888748169 5.50482654571533 5.47009372711182 5.43536138534546 5.40062856674194 5.36589574813843 5.33116340637207 5.29266595840454 5.24287509918213 5.19308376312256 5.14329290390015
3.8001024723053 3.83580780029297 3.87151312828064 3.90721869468689 3.94292402267456 4.10377979278564 4.30635213851929 4.50892448425293 4.71149682998657 4.91406917572021 5.11664199829102 5.31921434402466 5.49013519287109 5.56610202789307 5.64206886291504 5.71803617477417 5.79400300979614 5.86996984481812 5.94593667984009 6.02190351486206 6.01456356048584 5.97945499420166 5.94434595108032 5.90923690795898 5.87412786483765 5.83901929855347 5.80391025543213 5.77039337158203 5.74165344238281 5.71291303634644 5.68417263031006 5.65543270111084 5.62669229507446 5.59795188903809 5.56921195983887 5.53186750411987 5.49165487289429 5.4514422416687 5.41122961044312 5.37101697921753 5.33080434799194 5.29059219360352 5.24758338928223 5.19618701934814 5.14479064941406 5.09339427947998
3.77204155921936 3.79561161994934 3.8191819190979 3.84275197982788 3.86632204055786 4.01854181289673 4.21364498138428 4.40874814987183 4.60385084152222 4.79895401000977 4.99405717849731 5.18916034698486 5.35777568817139 5.44692897796631 5.53608226776123 5.62523555755615 5.71438837051392 5.80354166030884 5.89269495010376 5.98184823989868 5.98108625411987 5.95035266876221 5.91961908340454 5.88888502120972 5.85815143585205 5.82741785049438 5.79668426513672 5.7664942741394 5.73793649673462 5.70937871932983 5.68082046508789 5.6522626876831 5.62370491027832 5.59514665603638 5.56658887863159 5.52748489379883 5.48486614227295 5.44224691390991 5.39962768554688 5.35700845718384 5.3143892288208 5.27177047729492 5.22670555114746 5.17430448532104 5.12190341949463 5.06950187683105
3.78203821182251 3.79405856132507 3.80607891082764 3.8180992603302 3.83011960983276 3.96837258338928 4.14870309829712 4.32903337478638 4.50936412811279 4.68969440460205 4.87002515792847 5.05035543441772 5.20975923538208 5.30638265609741 5.40300559997559 5.49962902069092 5.59625196456909 5.69287538528442 5.7894983291626 5.88612174987793 5.89367294311523 5.87153387069702 5.84939432144165 5.82725524902344 5.80511617660522 5.78297662734985 5.76083755493164 5.73802089691162 5.71317338943481 5.68832588195801 5.6634783744812 5.6386308670044 5.61378335952759 5.58893585205078 5.56408834457397 5.52641201019287 5.48445987701416 5.44250726699829 5.40055513381958 5.35860300064087 5.316650390625 5.27469825744629 5.23003244400024 5.17722702026367 5.1244215965271 5.07161569595337
3.79203510284424 3.79250550270081 3.79297614097595 3.79344654083252 3.79391717910767 3.91820311546326 4.08376121520996 4.24931907653809 4.41487693786621 4.58043527603149 4.74599313735962 4.91155099868774 5.06174278259277 5.16583585739136 5.2699294090271 5.37402248382568 5.47811555862427 5.58220863342285 5.68630218505859 5.79039525985718 5.80626010894775 5.79271507263184 5.77917003631592 5.76562547683716 5.75208044052124 5.73853540420532 5.72499084472656 5.709547996521 5.68841075897217 5.66727352142334 5.64613628387451 5.62499904632568 5.60386180877686 5.58272457122803 5.5615873336792 5.52533912658691 5.48405361175537 5.44276809692383 5.40148258209229 5.36019706726074 5.3189115524292 5.27762603759766 5.23335933685303 5.1801495552063 5.12693977355957 5.07372951507568
3.80203175544739 3.79095244407654 3.77987313270569 3.76879382133484 3.75771450996399 3.86803388595581 4.0188193321228 4.1696047782898 4.32039022445679 4.47117567062378 4.62196111679077 4.77274656295776 4.91372632980347 5.02528953552246 5.13685274124146 5.24841594696045 5.35997915267944 5.47154235839844 5.58310556411743 5.69466876983643 5.71884679794312 5.71389627456665 5.70894575119019 5.70399522781372 5.69904470443726 5.69409465789795 5.68914413452148 5.68107461929321 5.66364765167236 5.64622068405151 5.62879419326782 5.61136722564697 5.59394025802612 5.57651376724243 5.55908679962158 5.52426624298096 5.48364734649658 5.44302892684937 5.40241003036499 5.36179113388062 5.3211727142334 5.28055381774902 5.23668622970581 5.18307209014893 5.12945795059204 5.075843334198
3.81202840805054 3.78939938545227 3.766770362854 3.74414110183716 3.72151207923889 3.81786441802979 3.95387744903564 4.0898904800415 4.2259030342102 4.36191606521606 4.49792909622192 4.63394165039062 4.76570987701416 4.88474321365356 5.00377607345581 5.12280941009521 5.24184274673462 5.36087608337402 5.47990894317627 5.59894227981567 5.63143348693848 5.63507747650146 5.63872146606445 5.64236545562744 5.64600944519043 5.64965343475342 5.65329742431641 5.65260124206543 5.63888454437256 5.62516832351685 5.61145210266113 5.59773540496826 5.58401918411255 5.57030248641968 5.55658626556396 5.523193359375 5.48324108123779 5.44328927993774 5.4033374786377 5.36338567733765 5.3234338760376 5.28348159790039 5.24001312255859 5.18599462509155 5.13197612762451 5.07795715332031
3.82202529907227 3.787846326828 3.75366735458374 3.71948838233948 3.68530964851379 3.76769518852234 3.88893556594849 4.01017570495605 4.13141632080078 4.25265645980835 4.37389707565308 4.49513721466064 4.61769342422485 4.74419641494751 4.87069988250732 4.99720287322998 5.1237063407898 5.25020933151245 5.37671279907227 5.50321578979492 5.544020652771 5.55625867843628 5.56849718093872 5.58073568344116 5.59297370910645 5.60521221160889 5.61745071411133 5.62412786483765 5.61412191390991 5.60411596298218 5.59410953521729 5.58410358428955 5.57409763336182 5.56409168243408 5.55408573150635 5.52211999893188 5.48283529281616 5.44355010986328 5.4042649269104 5.36497974395752 5.32569456100464 5.28640985488892 5.24334001541138 5.18891716003418 5.13449430465698 5.08007097244263
3.84936666488647 3.80829524993896 3.76722383499146 3.72615242004395 3.68508100509644 3.75440669059753 3.86053133010864 3.96665573120117 4.0727801322937 4.17890501022339 4.28502941131592 4.39115381240845 4.50321006774902 4.63305950164795 4.76290941238403 4.89275932312012 5.0226092338562 5.15245866775513 5.28230857849121 5.4121584892273 5.46047401428223 5.48161125183105 5.50274848937988 5.52388620376587 5.5450234413147 5.56616067886353 5.58729839324951 5.60135078430176 5.59414911270142 5.58694791793823 5.57974624633789 5.57254457473755 5.56534337997437 5.55814170837402 5.55094003677368 5.5213041305542 5.48418951034546 5.44707489013672 5.40996074676514 5.3728461265564 5.33573198318481 5.29861736297607 5.25679874420166 5.20086812973022 5.14493703842163 5.0890064239502
3.89405274391174 3.85074615478516 3.80743980407715 3.76413321495056 3.72082662582397 3.77799916267395 3.86866450309753 3.9593300819397 4.04999542236328 4.14066123962402 4.23132658004761 4.32199192047119 4.42225933074951 4.55133247375488 4.6804051399231 4.80947828292847 4.93855094909668 5.06762409210205 5.19669675827026 5.32576990127563 5.38079404830933 5.41113471984863 5.4414758682251 5.47181701660156 5.50215768814087 5.53249883651733 5.5628399848938 5.58427000045776 5.57896709442139 5.57366418838501 5.56836128234863 5.56305885314941 5.55775594711304 5.55245304107666 5.54715013504028 5.52074432373047 5.4873046875 5.45386457443237 5.4204249382019 5.38698482513428 5.35354471206665 5.32010507583618 5.28038930892944 5.22184753417969 5.16330528259277 5.10476350784302
3.93873906135559 3.89319729804993 3.84765553474426 3.8021137714386 3.75657224655151 3.80159163475037 3.876797914505 3.95200443267822 4.02721071243286 4.10241746902466 4.1776237487793 4.25283002853394 4.34130907058716 4.46960496902466 4.59790134429932 4.72619724273682 4.85449314117432 4.98278903961182 5.11108541488647 5.23938131332397 5.30111360549927 5.34065866470337 5.38020324707031 5.41974782943726 5.4592924118042 5.49883699417114 5.53838157653809 5.56718921661377 5.56378507614136 5.56038093566895 5.55697679519653 5.55357265472412 5.55016851425171 5.5467643737793 5.54336023330688 5.5201849937439 5.49041938781738 5.46065425872803 5.43088865280151 5.40112352371216 5.37135791778564 5.34159231185913 5.30397987365723 5.24282693862915 5.18167352676392 5.12052011489868
3.98342514038086 3.93564820289612 3.88787150382996 3.84009456634521 3.79231762886047 3.8251838684082 3.88493132591248 3.94467878341675 4.00442600250244 4.06417369842529 4.12392091751099 4.18366813659668 4.2603588104248 4.38787794113159 4.51539707183838 4.64291620254517 4.77043533325195 4.89795446395874 5.02547359466553 5.15299272537231 5.22143363952637 5.27018213272095 5.31893062591553 5.36767864227295 5.41642713546753 5.46517515182495 5.51392364501953 5.55010843276978 5.54860305786133 5.54709720611572 5.54559183120728 5.54408645629883 5.54258108139038 5.54107570648193 5.53956985473633 5.51962566375732 5.49353456497192 5.46744346618652 5.44135284423828 5.41526174545288 5.38917112350464 5.36308002471924 5.32757091522217 5.26380634307861 5.20004177093506 5.1362771987915
4.02811145782471 3.97809934616089 3.92808723449707 3.87807512283325 3.82806324958801 3.84877634048462 3.89306473731995 3.93735313415527 3.9816415309906 4.02592992782593 4.07021808624268 4.11450624465942 4.17940807342529 4.30615043640137 4.43289279937744 4.55963516235352 4.68637752532959 4.81311988830566 4.93986177444458 5.06660413742065 5.14175367355347 5.19970560073853 5.25765752792358 5.31560945510864 5.3735613822937 5.43151330947876 5.48946523666382 5.53302764892578 5.53342056274414 5.53381395339966 5.53420734405518 5.53460025787354 5.53499364852905 5.53538656234741 5.53577995300293 5.51906585693359 5.49664974212646 5.47423315048218 5.45181703567505 5.42940044403076 5.40698385238647 5.38456773757935 5.35116147994995 5.28478574752808 5.21840953826904 5.15203380584717
4.0727972984314 4.02055025100708 3.96830320358276 3.91605591773987 3.86380863189697 3.87236881256104 3.90119814872742 3.9300274848938 3.95885682106018 3.98768591880798 4.01651525497437 4.04534435272217 4.09845781326294 4.2244234085083 4.3503885269165 4.47635412216187 4.60231971740723 4.72828483581543 4.85425043106079 4.98021554946899 5.06207370758057 5.12922954559326 5.1963849067688 5.26354026794434 5.33069610595703 5.39785146713257 5.46500730514526 5.51594686508179 5.51823854446411 5.52053070068359 5.52282238006592 5.5251145362854 5.52740621566772 5.52969789505005 5.53199005126953 5.51850652694702 5.49976444244385 5.48102283477783 5.46228075027466 5.44353914260864 5.42479705810547 5.4060549736023 5.37475204467773 5.30576515197754 5.23677778244019 5.16779088973999
4.1036958694458 4.04946565628052 3.99523520469666 3.94100499153137 3.88677477836609 3.88652515411377 3.90426898002625 3.92201280593872 3.9397566318512 3.95750045776367 3.97524452209473 3.9929883480072 4.03652381896973 4.15743350982666 4.27834320068359 4.39925289154053 4.52016258239746 4.64107227325439 4.76198196411133 4.88289165496826 4.96931028366089 5.04423141479492 5.11915302276611 5.19407415390015 5.26899576187134 5.34391689300537 5.41883850097656 5.47595834732056 5.47967576980591 5.4833927154541 5.48711013793945 5.49082708358765 5.494544506073 5.49826145172119 5.50197887420654 5.49061679840088 5.4742283821106 5.45784044265747 5.44145202636719 5.42506408691406 5.40867567062378 5.3922872543335 5.36301898956299 5.29511117935181 5.22720289230347 5.15929508209229
4.1208062171936 4.06484508514404 4.00888347625732 3.95292258262634 3.8969612121582 3.89124512672424 3.90227723121643 3.91330933570862 3.92434144020081 3.93537354469299 3.94640564918518 3.95743775367737 3.9936056137085 4.10518074035645 4.21675586700439 4.3283314704895 4.43990659713745 4.5514817237854 4.66305732727051 4.77463245391846 4.86346340179443 4.94471263885498 5.02596187591553 5.10721111297607 5.18846035003662 5.26970958709717 5.35095882415771 5.41306304931641 5.41773176193237 5.4224009513855 5.42707014083862 5.43173933029175 5.43640804290771 5.44107723236084 5.44574642181396 5.43539714813232 5.42004156112671 5.40468597412109 5.38933038711548 5.37397527694702 5.35861968994141 5.34326410293579 5.31596279144287 5.25282430648804 5.18968534469604 5.12654638290405
4.13791656494141 4.08022451400757 4.02253198623657 3.96483993530273 3.9071478843689 3.89596509933472 3.90028548240662 3.90460562705994 3.90892601013184 3.91324639320374 3.91756677627563 3.92188692092896 3.95068740844727 4.05292844772339 4.15516901016235 4.25741004943848 4.35965061187744 4.46189165115356 4.56413221359253 4.66637325286865 4.75761604309082 4.84519338607788 4.93277025222778 5.02034759521484 5.1079249382019 5.19550180435181 5.28307914733887 5.3501672744751 5.355788230896 5.36140918731689 5.36703014373779 5.37265110015869 5.37827205657959 5.38389301300049 5.38951396942139 5.38017702102661 5.36585426330566 5.35153198242188 5.33720922470093 5.32288646697998 5.30856370925903 5.29424095153809 5.26890659332275 5.21053743362427 5.15216779708862 5.09379816055298
4.15502691268921 4.09560346603394 4.03618049621582 3.9767575263977 3.91733431816101 3.90068507194519 3.89829349517822 3.89590215682983 3.89351058006287 3.89111924171448 3.88872790336609 3.88633632659912 3.90776944160461 4.00067567825317 4.09358215332031 4.18648815155029 4.27939462661743 4.37230110168457 4.46520709991455 4.55811357498169 4.65176916122437 4.74567413330078 4.8395791053772 4.93348407745361 5.02738952636719 5.1212944984436 5.21519947052002 5.28727149963379 5.29384422302246 5.30041742324829 5.30699014663696 5.31356287002563 5.32013559341431 5.32670879364014 5.33328151702881 5.32495737075806 5.31166744232178 5.2983775138855 5.28508758544922 5.27179765701294 5.25850772857666 5.24521780014038 5.22185039520264 5.16825008392334 5.11464977264404 5.06104946136475
