data/working_set_collections/6091692-Cassins_Sparrow-M2/2000/speed_avg.asc
NCOLS 265 
NROWS 230 
XLLCORNER -115.5625 
YLLCORNER 24.8333333333333 
CELLSIZE 0.0833333333333333 
NODATA_value -9999 
[rows 200 to 219 of 230, columns 184 to 229 of 265]
6.20323181152344 6.30432510375977 6.40541839599609 6.47870349884033 6.5427188873291 6.60673427581787 6.67074966430664 6.73476505279541 6.79878044128418 6.86279535293579 6.91364669799805 6.92500591278076 6.93636512756348 6.94772434234619 6.95908355712891 6.97044277191162 6.98180198669434 6.99316120147705 6.98380947113037 6.96755504608154 6.95130014419556 6.93504524230957 6.91879034042358 6.90253591537476 6.88628101348877 6.88313150405884 6.91929721832275 6.95546293258667 6.99162817001343 7.02779388427734 7.06395959854126 7.10012531280518 -9999 -9999 7.23135137557983 -9999 -9999 -9999 -9999 -9999 -9999 -9999 -9999 -9999 -9999 -9999
6.14382028579712 6.24909114837646 6.35436153411865 6.4340090751648 6.50511503219604 6.5762209892273 6.6473274230957 6.71843338012695 6.78953981399536 6.86064577102661 6.91703033447266 6.92925119400024 6.94147205352783 6.95369291305542 6.96591329574585 6.97813415527344 6.99035501480103 7.00257587432861 6.99433612823486 6.97927665710449 6.96421718597412 6.94915771484375 6.93409824371338 6.91903829574585 6.90397882461548 6.90212154388428 6.93987131118774 6.97762060165405 7.01536989212036 7.05311965942383 7.09086894989014 7.12861824035645 7.16636800765991 -9999 -9999 -9999 -9999 -9999 -9999 -9999 -9999 -9999 -9999 -9999 -9999 -9999
6.0844087600708 6.19385671615601 6.30330467224121 6.3893141746521 6.46751117706299 6.54570817947388 6.62390518188477 6.70210218429565 6.78029918670654 6.85849571228027 6.92041397094727 6.93349647521973 6.94657897949219 6.95966100692749 6.97274351119995 6.98582601547241 6.99890804290771 7.01199054718018 7.00486278533936 6.9909987449646 6.97713422775269 6.96327018737793 6.94940567016602 6.9355411529541 6.92167711257935 6.92111206054688 6.96044540405273 6.99977827072144 7.0391116142273 7.07844495773315 7.11777830123901 7.15711164474487 7.19644451141357 7.24107313156128 -9999 -9999 -9999 -9999 -9999 -9999 -9999 -9999 -9999 -9999 -9999 -9999
6.02499723434448 6.13862228393555 6.25224781036377 6.34461975097656 6.42990732192993 6.51519536972046 6.60048294067383 6.6857705116272 6.77105855941772 6.85634613037109 6.92379760742188 6.93774175643921 6.95168590545654 6.96562957763672 6.97957372665405 6.99351739883423 7.00746154785156 7.02140522003174 7.01538944244385 7.00272035598755 6.99005126953125 6.97738218307495 6.96471309661865 6.95204401016235 6.93937492370605 6.94010257720947 6.98101949691772 7.02193641662598 7.06285333633423 7.10377025604248 7.14468717575073 7.18560457229614 7.2265214920044 7.27051115036011 7.31552505493164 -9999 -9999 -9999 -9999 -9999 -9999 -9999 -9999 -9999 -9999 -9999
5.96524429321289 6.07975959777832 6.19427490234375 6.29233932495117 6.38492012023926 6.47750091552734 6.57008218765259 6.66266298294067 6.75524377822876 6.84782457351685 6.92112684249878 6.93659257888794 6.9520583152771 6.96752452850342 6.98299026489258 6.99845600128174 7.0139217376709 7.02938747406006 7.02488422393799 7.0137243270874 7.00256395339966 6.99140405654907 6.98024415969849 6.9690842628479 6.95792436599731 6.95983600616455 7.00096416473389 7.04209232330322 7.08322048187256 7.12434816360474 7.16547632217407 7.20660448074341 7.24773216247559 7.29101276397705 7.33501052856445 -9999 -9999 -9999 -9999 -9999 -9999 -9999 -9999 -9999 -9999 -9999
5.90515041351318 6.01726818084717 6.12938594818115 6.23247289657593 6.33254909515381 6.43262577056885 6.53270244598389 6.63277864456177 6.73285531997681 6.83293199539185 6.91240119934082 6.93004941940308 6.94769716262817 6.96534538269043 6.98299312591553 7.00064134597778 7.01828956604004 7.03593730926514 7.03334665298462 7.02400970458984 7.01467275619507 7.00533580780029 6.99599838256836 6.98666143417358 6.97732448577881 6.98031330108643 7.02027988433838 7.06024599075317 7.10021257400513 7.14017868041992 7.18014478683472 7.22011137008667 7.26007747650146 7.30257797241211 7.34592294692993 -9999 -9999 -9999 -9999 -9999 -9999 -9999 -9999 -9999 -9999 -9999
5.84505605697632 5.95477628707886 6.06449699401855 6.17260646820068 6.28017854690552 6.38775062561035 6.49532270431519 6.60289478302002 6.71046686172485 6.81803894042969 6.90367555618286 6.92350578308105 6.94333600997925 6.96316623687744 6.98299646377563 7.00282669067383 7.02265691757202 7.04248714447021 7.04180908203125 7.03429508209229 7.02678108215332 7.01926708221436 7.01175308227539 7.00423908233643 6.99672508239746 7.0007905960083 7.03959512710571 7.07839965820312 7.11720418930054 7.15600919723511 7.19481372833252 7.23361825942993 7.27242279052734 -9999 7.35683584213257 -9999 -9999 -9999 -9999 -9999 -9999 -9999 -9999 -9999 -9999 -9999
5.78496170043945 5.8922848701477 5.99960803985596 6.11274003982544 6.22780752182007 6.34287548065186 6.45794296264648 6.57301092147827 6.6880784034729 6.80314636230469 6.8949499130249 6.91696262359619 6.93897485733032 6.96098709106445 6.98299980163574 7.00501203536987 7.027024269104 7.04903697967529 7.05027151107788 7.04458045959473 7.03888940811157 7.03319835662842 7.02750730514526 7.02181625366211 7.01612520217896 7.02126789093018 7.0589108467102 7.09655380249023 7.1341962814331 7.17183923721313 7.20948219299316 7.24712514877319 7.28476810455322 7.32570886611938 -9999 -9999 -9999 -9999 -9999 -9999 -9999 -9999 -9999 -9999 -9999 -9999
5.72486734390259 5.82979345321655 5.93471956253052 6.05287313461304 6.17543649673462 6.2979998588562 6.42056322097778 6.54312658309937 6.66568994522095 6.78825330734253 6.88622426986694 6.91041898727417 6.9346137046814 6.95880842208862 6.98300266265869 7.00719738006592 7.03139209747314 7.05558633804321 7.05873394012451 7.05486583709717 7.05099773406982 7.04713010787964 7.0432620048523 7.03939390182495 7.03552579879761 7.04174470901489 7.07822608947754 7.11470746994019 7.15118837356567 7.18766975402832 7.22415113449097 7.26063203811646 7.2971134185791 7.33727407455444 7.37866163253784 -9999 -9999 -9999 -9999 -9999 -9999 -9999 -9999 -9999 -9999 -9999
5.66477298736572 5.7673020362854 5.86983060836792 5.99300670623779 6.12306594848633 6.2531247138977 6.38318347930908 6.51324272155762 6.64330148696899 6.77336025238037 6.87749910354614 6.90387582778931 6.93025255203247 6.95662927627563 6.9830060005188 7.00938272476196 7.03575944900513 7.06213617324829 7.06719636917114 7.06515169143677 7.06310653686523 7.0610613822937 7.05901622772217 7.05697107315063 7.0549259185791 7.06222200393677 7.09754180908203 7.13286113739014 7.16818046569824 7.20350027084351 7.23881959915161 7.27413940429688 7.30945873260498 7.34883975982666 7.38957405090332 7.43030881881714 -9999 -9999 -9999 -9999 -9999 -9999 -9999 -9999 -9999 -9999
5.64271783828735 5.73971796035767 5.83671760559082 5.9606466293335 6.09355163574219 6.22645664215088 6.35936164855957 6.49226665496826 6.62517166137695 6.75807666778564 6.86548137664795 6.89638566970825 6.9272894859314 6.9581937789917 6.98909759521484 7.02000188827515 7.05090570449829 7.08180999755859 7.08843374252319 7.08696460723877 7.08549547195435 7.08402633666992 7.08255672454834 7.08108758926392 7.07961845397949 7.08682203292847 7.12004470825195 7.15326690673828 7.18648958206177 7.2197117805481 7.25293445587158 7.28615665435791 7.3193793296814 7.35733509063721 7.39686918258667 7.43640327453613 -9999 -9999 -9999 -9999 -9999 -9999 -9999 -9999 -9999 -9999
5.65870141983032 5.74704122543335 5.83538103103638 5.95579242706299 6.08689403533936 6.21799564361572 6.34909725189209 6.48019886016846 6.61130046844482 6.74240207672119 6.85017251968384 6.88794898986816 6.92572546005249 6.96350193023682 7.00127792358398 7.03905439376831 7.07683086395264 7.11460733413696 7.12244606018066 7.12030553817749 7.11816501617432 7.11602449417114 7.11388397216797 7.1117434501648 7.10960292816162 7.11554479598999 7.1457347869873 7.17592477798462 7.20611476898193 7.23630475997925 7.26649475097656 7.29668474197388 7.32687473297119 7.36276149749756 7.40054702758789 7.43833255767822 7.47611808776855 -9999 -9999 -9999 -9999 -9999 -9999 -9999 -9999 -9999
5.67468547821045 5.75436496734619 5.83404445648193 5.95093822479248 6.08023643493652 6.20953464508057 6.33883285522461 6.46813106536865 6.5974292755127 6.72672748565674 6.83486318588257 6.87951231002808 6.92416095733643 6.96880960464478 7.01345872879028 7.05810737609863 7.10275602340698 7.14740514755249 7.15645837783813 7.15364646911621 7.15083456039429 7.14802312850952 7.1452112197876 7.14239931106567 7.13958740234375 7.14426803588867 7.17142534255981 7.19858312606812 7.22574043273926 7.2528977394104 7.2800555229187 7.30721282958984 7.33437013626099 7.36818742752075 7.40422439575195 7.44026136398315 7.47629833221436 7.51233530044556 -9999 -9999 -9999 -9999 -9999 -9999 -9999 -9999
5.69066905975342 5.76168870925903 5.83270788192749 5.94608402252197 6.07357883453369 6.20107364654541 6.32856845855713 6.45606327056885 6.58355808258057 6.71105289459229 6.81955432891846 6.87107515335083 6.92259645462036 6.97411775588989 7.02563905715942 7.07716035842896 7.12868165969849 7.18020248413086 7.1904706954956 7.18698740005493 7.18350458145142 7.18002128601074 7.17653799057007 7.17305517196655 7.16957187652588 7.1729907989502 7.19711589813232 7.22124099731445 7.24536609649658 7.26949071884155 7.29361581802368 7.31774091720581 7.34186601638794 7.37361335754395 7.40790176391602 7.44219064712524 7.47647905349731 -9999 -9999 -9999 -9999 -9999 -9999 -9999 -9999 -9999
5.70665264129639 5.76901197433472 5.83137130737305 5.94122982025146 6.06692123413086 6.19261264801025 6.31830406188965 6.44399547576904 6.56968688964844 6.69537830352783 6.80424499511719 6.86263847351074 6.92103242874146 6.97942590713501 7.03781938552856 7.09621286392212 7.15460681915283 7.21300029754639 7.22448301315308 7.22032833099365 7.21617412567139 7.21201944351196 7.2078652381897 7.20371103286743 7.19955635070801 7.20171356201172 7.22280645370483 7.24389886856079 7.26499128341675 7.2860836982727 7.30717658996582 7.32826900482178 7.34936141967773 7.3790397644043 7.41157960891724 7.44411945343018 7.47665929794312 -9999 -9999 -9999 -9999 -9999 -9999 -9999 -9999 -9999
5.72263622283936 5.77633571624756 5.8300347328186 5.93637561798096 6.06026363372803 6.1841516494751 6.30803966522217 6.43192720413208 6.55581521987915 6.67970323562622 6.78893613815308 6.85420179367065 6.91946792602539 6.98473405838013 7.0499997138977 7.11526584625244 7.18053197860718 7.24579763412476 7.25849485397339 7.25366926193237 7.24884366989136 7.24401807785034 7.23919248580933 7.23436641693115 7.22954082489014 7.2304368019104 7.24849653244019 7.26655673980713 7.28461694717407 7.30267667770386 7.3207368850708 7.33879709243774 7.35685729980469 7.38446569442749 7.4152569770813 7.44604825973511 7.47684001922607 7.50763130187988 -9999 -9999 -9999 -9999 -9999 -9999 -9999 -9999
5.70187425613403 5.74466466903687 5.78745555877686 5.89334535598755 6.02026844024658 6.14719152450562 6.27411460876465 6.40103721618652 6.52796030044556 6.65488338470459 6.76787281036377 6.83906126022339 6.91024971008301 6.98143815994263 7.0526270866394 7.12381553649902 7.19500398635864 7.26619243621826 7.28080558776855 7.27655935287476 7.27231359481812 7.26806783676147 7.26382207870483 7.25957632064819 7.25533056259155 7.256422996521 7.27353048324585 7.2906379699707 7.30774545669556 7.32485342025757 7.34196090698242 7.35906839370728 7.37617588043213 7.40080642700195 7.42794418334961 7.45508241653442 7.48222017288208 7.5093584060669 -9999 -9999 -9999 -9999 -9999 -9999 -9999 -9999
5.64436531066895 5.67399978637695 5.70363426208496 5.81213998794556 5.94693613052368 6.08173274993896 6.21652889251709 6.35132503509521 6.48612117767334 6.62091779708862 6.74105501174927 6.81721639633179 6.89337778091431 6.96953916549683 7.04570055007935 7.12186193466187 7.19802331924438 7.2741847038269 7.2914137840271 7.28899908065796 7.28658437728882 7.28416919708252 7.28175449371338 7.27933979034424 7.27692461013794 7.27967262268066 7.29790735244751 7.31614255905151 7.33437776565552 7.35261297225952 7.37084770202637 7.38908290863037 7.40731811523438 7.42806148529053 7.44964122772217 7.47122097015381 7.49280023574829 7.51437997817993 -9999 -9999 -9999 -9999 -9999 -9999 -9999 -9999
5.58685684204102 5.60333490371704 5.61981248855591 5.73093414306641 5.87360382080078 6.01627349853516 6.15894317626953 6.30161285400391 6.44428253173828 6.58695220947266 6.71423768997192 6.79537200927734 6.8765058517456 6.95764017105103 7.03877401351929 7.11990833282471 7.20104265213013 7.28217649459839 7.30202198028564 7.301438331604 7.30085468292236 7.30027055740356 7.29968690872192 7.29910326004028 7.29851913452148 7.30292224884033 7.32228469848633 7.34164714813232 7.36100959777832 7.38037252426147 7.39973497390747 7.41909742355347 7.43846035003662 7.4553165435791 7.47133779525757 7.48735904693604 7.5033802986145 7.51940155029297 -9999 -9999 -9999 -9999 -9999 -9999 -9999 -9999
5.52934837341309 5.53267002105713 5.53599119186401 5.64972877502441 5.80027151107788 5.95081472396851 6.10135746002197 6.2519006729126 6.40244340896606 6.55298662185669 6.68742036819458 6.77352714538574 6.85963439941406 6.94574117660522 7.03184795379639 7.11795473098755 7.20406150817871 7.29016828536987 7.31263065338135 7.31387758255005 7.31512498855591 7.31637239456177 7.31761932373047 7.31886672973633 7.32011365890503 7.326171875 7.34666156768799 7.36715173721313 7.38764190673828 7.40813207626343 7.42862224578857 7.44911193847656 7.46960210800171 7.48257207870483 7.49303483963013 7.50349760055542 7.51396083831787 -9999 -9999 -9999 -9999 -9999 -9999 -9999 -9999 -9999
