data/working_set_collections/6091692-Cassins_Sparrow-M2/2000/speed_avg.asc
NCOLS 265 
NROWS 230 
XLLCORNER -115.5625 
YLLCORNER 24.8333333333333 
CELLSIZE 0.0833333333333333 
NODATA_value -9999 
[rows 0 to 19 of 230, columns 46 to 91 of 265]
5.36878681182861 5.3318600654602 5.2949333190918 5.25800657272339 5.22107982635498 5.18415307998657 5.12775659561157 5.06486988067627 5.00198316574097 4.93909645080566 4.87621021270752 4.81332349777222 4.75043678283691 4.70930624008179 4.73344278335571 4.7575798034668 4.78171634674072 4.80585336685181 4.82998991012573 4.85412693023682 4.87826347351074 5.00976896286011 5.17706394195557 5.34435892105103 5.51165390014648 5.67894887924194 5.84624433517456 6.01353931427002 6.14890575408936 6.1884880065918 6.22807025909424 6.26765203475952 6.30723428726196 6.3468165397644 6.38639831542969 6.42598056793213 6.335618019104 6.20194101333618 6.0682635307312 5.93458652496338 5.8009090423584 5.66723155975342 5.5335545539856 5.42566967010498 5.3951621055603 5.36465501785278
5.42983055114746 5.37122440338135 5.31261825561523 5.25401210784912 5.19540596008301 5.13679981231689 5.07016515731812 5.00085401535034 4.93154335021973 4.86223220825195 4.79292154312134 4.72361087799072 4.65429973602295 4.61224746704102 4.65197086334229 4.69169425964355 4.73141765594482 4.77114105224609 4.81086444854736 4.85058784484863 4.8903112411499 5.02960395812988 5.20208644866943 5.37456893920898 5.54705142974854 5.71953392028809 5.89201641082764 6.06449890136719 6.20012664794922 6.22519016265869 6.25025320053101 6.27531671524048 6.30037975311279 6.32544326782227 6.35050630569458 6.37556982040405 6.28874397277832 6.16462135314941 6.04049873352051 5.9163761138916 5.7922534942627 5.66813087463379 5.54400825500488 5.44830942153931 5.43788194656372 5.42745399475098
5.49087476730347 5.41058921813965 5.33030319213867 5.25001764297485 5.16973209381104 5.08944606781006 5.0125732421875 4.93683815002441 4.86110305786133 4.7853684425354 4.70963335037231 4.63389825820923 4.55816316604614 4.5151891708374 4.57049894332886 4.62580919265747 4.68111944198608 4.73642921447754 4.79173946380615 4.84704923629761 4.90235948562622 5.04943943023682 5.2271089553833 5.40477895736694 5.58244895935059 5.76011896133423 5.93778896331787 6.11545896530151 6.25134754180908 6.26189184188843 6.27243661880493 6.28298091888428 6.29352569580078 6.30406999588013 6.31461477279663 6.32515907287598 6.24186944961548 6.12730121612549 6.01273345947266 5.89816570281982 5.78359794616699 5.669029712677 5.55446195602417 5.47094917297363 5.48060131072998 5.49025344848633
5.55191898345947 5.44995355606079 5.34798860549927 5.24602317810059 5.1440577507019 5.04209280014038 4.95498180389404 4.87282276153564 4.79066324234009 4.70850372314453 4.62634468078613 4.54418516159058 4.46202611923218 4.41813087463379 4.48902750015259 4.55992412567139 4.63082075119019 4.70171737670898 4.77261400222778 4.84351062774658 4.91440725326538 5.06927442550659 5.25213146209717 5.4349889755249 5.61784648895264 5.80070400238037 5.98356103897095 6.16641855239868 6.30256795883179 6.29859399795532 6.2946195602417 6.29064512252808 6.28667116165161 6.28269672393799 6.27872276306152 6.2747483253479 6.19499492645264 6.08998155593872 5.98496866226196 5.87995529174805 5.77494192123413 5.66992902755737 5.56491565704346 5.49358892440796 5.52332067489624 5.55305242538452
5.61296319961548 5.48931837081909 5.3656735420227 5.24202871322632 5.11838388442993 4.99473905563354 4.89739036560059 4.80880689620972 4.72022342681885 4.63163948059082 4.54305601119995 4.45447254180908 4.36588907241821 4.32107210159302 4.40755558013916 4.49403858184814 4.58052206039429 4.66700506210327 4.75348854064941 4.8399715423584 4.92645502090454 5.08910942077637 5.27715444564819 5.46519899368286 5.65324401855469 5.84128856658936 6.02933359146118 6.21737861633301 6.35378885269165 6.33529567718506 6.31680297851562 6.29830980300903 6.27981662750244 6.26132392883301 6.24283075332642 6.22433757781982 6.1481204032898 6.05266189575195 5.95720338821411 5.86174488067627 5.76628637313843 5.67082786560059 5.57536935806274 5.51622867584229 5.5660400390625 5.61585187911987
5.67400693893433 5.52868270874023 5.38335847854614 5.23803424835205 5.09271001815796 4.94738578796387 4.83979892730713 4.74479103088379 4.64978313446045 4.55477571487427 4.45976781845093 4.36475992202759 4.26975202560425 4.2240138053894 4.32608366012573 4.42815351486206 4.53022336959839 4.63229322433472 4.73436307907104 4.83643293380737 4.9385027885437 5.10894441604614 5.30217695236206 5.49540901184082 5.68864154815674 5.8818736076355 6.07510614395142 6.26833820343018 6.40500926971436 6.37199783325195 6.33898591995239 6.30597400665283 6.27296209335327 6.23995065689087 6.20693874359131 6.17392683029175 6.10124588012695 6.01534223556519 5.92943859100342 5.84353446960449 5.75763082504272 5.67172718048096 5.58582305908203 5.53886842727661 5.60875940322876 5.67865085601807
5.66439056396484 5.51109218597412 5.3577938079834 5.20449590682983 5.05119752883911 4.89789915084839 4.7900595664978 4.69737243652344 4.60468530654907 4.51199817657471 4.4193115234375 4.32662439346313 4.23393726348877 4.19167423248291 4.30068349838257 4.40969276428223 4.51870155334473 4.62771081924438 4.73672008514404 4.8457293510437 4.95473861694336 5.12965154647827 5.32653284072876 5.52341413497925 5.72029542922974 5.91717672348022 6.11405801773071 6.3109393119812 6.44950675964355 6.4131326675415 6.3767580986023 6.34038400650024 6.30400991439819 6.26763582229614 6.23126173019409 6.19488763809204 6.12511205673218 6.04420280456543 5.96329307556152 5.88238382339478 5.80147457122803 5.72056484222412 5.63965559005737 5.59997415542603 5.68397569656372 5.76797771453857
5.58411312103271 5.43654632568359 5.28897953033447 5.14141321182251 4.99384641647339 4.84628009796143 4.74817228317261 4.66655111312866 4.58492946624756 4.50330829620361 4.42168712615967 4.34006547927856 4.25844430923462 4.22405338287354 4.33135461807251 4.43865585327148 4.54595708847046 4.65325832366943 4.76055955886841 4.86786079406738 4.97516202926636 5.15123128890991 5.35022258758545 5.54921436309814 5.74820613861084 5.94719791412354 6.14618968963623 6.34518146514893 6.48727989196777 6.45870018005371 6.43011999130249 6.40153980255127 6.37296009063721 6.34437990188599 6.31580018997192 6.2872200012207 6.21971845626831 6.13924312591553 6.05876779556274 5.97829246520996 5.89781713485718 5.8173418045044 5.73686647415161 5.69954586029053 5.79168891906738 5.8838324546814
5.50383567810059 5.36200046539307 5.2201657295227 5.07833051681519 4.93649578094482 4.7946605682373 4.70628499984741 4.63572931289673 4.56517362594604 4.49461793899536 4.42406272888184 4.35350704193115 4.28295135498047 4.25643253326416 4.36202621459961 4.4676194190979 4.57321262359619 4.67880582809448 4.78439903259277 4.88999223709106 4.99558544158936 5.17281055450439 5.3739128112793 5.57501459121704 5.77611684799194 5.97721910476685 6.17832136154175 6.37942361831665 6.52505350112915 6.50426769256592 6.48348188400269 6.4626955986023 6.44190979003906 6.42112398147583 6.4003381729126 6.37955236434937 6.31432485580444 6.23428344726562 6.15424251556396 6.07420110702515 5.99415969848633 5.91411876678467 5.83407735824585 5.79911756515503 5.89940214157104 5.99968671798706
5.42355823516846 5.28745460510254 5.15135145187378 5.01524782180786 4.8791446685791 4.74304151535034 4.66439819335938 4.60490798950195 4.54541826248169 4.48592805862427 4.426438331604 4.36694812774658 4.30745792388916 4.28881216049194 4.39269733428955 4.49658250808716 4.60046768188477 4.70435333251953 4.80823850631714 4.91212368011475 5.01600933074951 5.19438982009888 5.39760255813599 5.6008152961731 5.80402755737305 6.00724029541016 6.21045303344727 6.41366529464722 6.56282711029053 6.54983520507812 6.53684329986572 6.52385139465332 6.51085996627808 6.49786806106567 6.48487615585327 6.47188472747803 6.40893125534058 6.32932424545288 6.24971675872803 6.17010974884033 6.09050273895264 6.01089525222778 5.93128824234009 5.89868927001953 6.00711536407471 6.11554145812988
5.34328079223633 5.21290874481201 5.08253717422485 4.9521656036377 4.82179355621338 4.69142198562622 4.62251091003418 4.57408666610718 4.52566242218018 4.47723817825317 4.42881393432617 4.38038921356201 4.33196496963501 4.32119131088257 4.42336845397949 4.52554607391357 4.6277232170105 4.72990083694458 4.8320779800415 4.93425512313843 5.03643274307251 5.21596908569336 5.42129230499268 5.62661552429199 5.83193826675415 6.03726148605347 6.24258470535278 6.44790744781494 6.60060024261475 6.59540271759033 6.59020519256592 6.5850076675415 6.57980966567993 6.57461214065552 6.5694146156311 6.56421661376953 6.50353765487671 6.42436456680298 6.34519147872925 6.26601839065552 6.18684530258179 6.10767221450806 6.02849912643433 5.99826145172119 6.11482858657837 6.23139572143555
5.2630033493042 5.13836336135864 5.01372289657593 4.88908290863037 4.76444292068481 4.63980293273926 4.58062362670898 4.5432653427124 4.50590658187866 4.46854782104492 4.43118953704834 4.3938307762146 4.35647201538086 4.35357046127319 4.45404005050659 4.55450916290283 4.65497875213623 4.75544786453247 4.85591745376587 4.95638704299927 5.05685615539551 5.237548828125 5.44498205184937 5.65241575241089 5.85984897613525 6.06728267669678 6.2747163772583 6.48214960098267 6.63837385177612 6.64097023010254 6.64356660842896 6.64616346359253 6.64875984191895 6.65135622024536 6.65395259857178 6.65654897689819 6.59814405441284 6.51940488815308 6.44066619873047 6.3619270324707 6.28318786621094 6.20444917678833 6.12571001052856 6.09783315658569 6.22254180908203 6.34725046157837
5.15715217590332 5.04641962051392 4.93568754196167 4.82495498657227 4.71422243118286 4.60349035263062 4.55913162231445 4.53689765930176 4.5146632194519 4.49242925643921 4.47019529342651 4.44796133041382 4.42572736740112 4.43394041061401 4.5334963798523 4.63305187225342 4.7326078414917 4.83216333389282 4.9317193031311 5.03127527236938 5.13083076477051 5.30388069152832 5.50142908096313 5.69897699356079 5.8965253829956 6.09407329559326 6.29162168502808 6.48916959762573 6.64177751541138 6.65956401824951 6.6773509979248 6.69513750076294 6.71292448043823 6.73071146011353 6.74849796295166 6.76628494262695 6.71550607681274 6.6418719291687 6.56823778152466 6.49460363388062 6.42096948623657 6.34733533859253 6.27370119094849 6.24829387664795 6.36756706237793 6.48684024810791
5.02572774887085 4.93707895278931 4.84843015670776 4.75978183746338 4.67113304138184 4.58248424530029 4.55803442001343 4.55498361587524 4.55193281173706 4.54888248443604 4.54583168029785 4.54278087615967 4.53973054885864 4.56230163574219 4.66173791885376 4.76117420196533 4.86061096191406 4.96004724502563 5.05948352813721 5.15891981124878 5.25835609436035 5.41496562957764 5.59063243865967 5.76629972457886 5.94196653366089 6.11763334274292 6.29330062866211 6.46896743774414 6.61081075668335 6.65118408203125 6.69155740737915 6.73193073272705 6.77230405807495 6.81267738342285 6.85305070877075 6.89342403411865 6.85562324523926 6.7917652130127 6.72790670394897 6.66404819488525 6.60018968582153 6.53633117675781 6.47247266769409 6.44964408874512 6.54990482330322 6.65016555786133
4.89430332183838 4.8277382850647 4.76117324829102 4.69460821151733 4.62804365158081 4.56147861480713 4.55693674087524 4.57306957244873 4.58920240402222 4.6053352355957 4.62146806716919 4.63760089874268 4.65373373031616 4.6906623840332 4.78997945785522 4.88929653167725 4.98861360549927 5.08793067932129 5.18724775314331 5.28656482696533 5.38588190078735 5.52605056762695 5.67983627319336 5.83362197875977 5.98740768432617 6.14119386672974 6.29497957229614 6.44876527786255 6.57984447479248 6.64280414581299 6.70576429367065 6.76872396469116 6.83168363571167 6.89464330673218 6.95760345458984 7.02056312561035 6.99574089050293 6.94165802001953 6.88757562637329 6.83349275588989 6.77940988540649 6.7253270149231 6.6712441444397 6.65099430084229 6.73224258422852 6.8134913444519
4.76287889480591 4.71839761734009 4.67391633987427 4.62943506240845 4.58495378494263 4.54047250747681 4.55583953857422 4.59115600585938 4.62647199630737 4.66178798675537 4.69710445404053 4.73242044448853 4.76773691177368 4.81902360916138 4.91822099685669 5.01741886138916 5.11661672592163 5.21581411361694 5.31501197814941 5.41420984268188 5.5134072303772 5.63713502883911 5.76904010772705 5.90094470977783 6.03284931182861 6.1647539138794 6.29665851593018 6.42856311798096 6.54887819290161 6.63442420959473 6.719970703125 6.80551719665527 6.89106321334839 6.97660970687866 7.06215572357178 7.14770221710205 7.1358585357666 7.09155130386353 7.04724407196045 7.00293731689453 6.95863008499146 6.91432285308838 6.8700156211853 6.85234451293945 6.91458082199097 6.97681665420532
4.63145399093628 4.60905694961548 4.58665943145752 4.56426191329956 4.5418643951416 4.51946687698364 4.55474233627319 4.60924196243286 4.66374158859253 4.7182412147522 4.77274084091187 4.82724046707153 4.8817400932312 4.94738435745239 5.04646253585815 5.14554119110107 5.24461936950684 5.34369802474976 5.44277620315552 5.54185438156128 5.6409330368042 5.74821996688843 5.85824346542358 5.96826696395874 6.0782904624939 6.18831396102905 6.29833745956421 6.40836095809937 6.51791143417358 6.62604427337646 6.73417711257935 6.84230995178223 6.95044279098511 7.05857563018799 7.16670846939087 7.27484130859375 7.27597618103027 7.24144458770752 7.20691299438477 7.17238187789917 7.13785028457642 7.10331869125366 7.06878757476807 7.05369472503662 7.09691858291626 7.14014196395874
4.50002956390381 4.49971580505371 4.49940204620361 4.49908828735352 4.49877500534058 4.49846124649048 4.55364513397217 4.62732791900635 4.70101118087769 4.77469396591187 4.8483772277832 4.92206001281738 4.99574327468872 5.07574558258057 5.17470455169678 5.27366352081299 5.3726224899292 5.47158145904541 5.57054042816162 5.66949939727783 5.76845836639404 5.85930490493774 5.94744729995728 6.03558969497681 6.12373161315918 6.21187400817871 6.30001640319824 6.38815879821777 6.48694515228271 6.6176643371582 6.74838399887085 6.87910318374634 7.00982236862183 7.14054203033447 7.27126121520996 7.40198040008545 7.41609382629395 7.39133787155151 7.36658191680908 7.34182643890381 7.31707048416138 7.29231452941895 7.26755905151367 7.25504493713379 7.27925634384155 7.30346775054932
4.44856214523315 4.46815156936646 4.4877405166626 4.5073299407959 4.5269193649292 4.54650831222534 4.61343955993652 4.69615077972412 4.77886247634888 4.86157417297363 4.94428586959839 5.02699756622314 5.1097092628479 5.19547414779663 5.29039812088013 5.38532257080078 5.48024702072144 5.57517099380493 5.67009544372559 5.76501941680908 5.85994386672974 5.9393801689148 6.01365327835083 6.08792686462402 6.16220045089722 6.23647356033325 6.31074714660645 6.38502073287964 6.47578859329224 6.6160397529602 6.75629091262817 6.89654159545898 7.03679275512695 7.17704391479492 7.31729507446289 7.45754623413086 7.48046636581421 7.4642767906189 7.44808673858643 7.43189668655396 7.41570711135864 7.39951705932617 7.3833270072937 7.37505388259888 7.39053106307983 7.40600872039795
4.47705221176147 4.51436328887939 4.55167484283447 4.58898591995239 4.62629747390747 4.66360902786255 4.73412561416626 4.81571102142334 4.89729642868042 4.9788818359375 5.06046676635742 5.1420521736145 5.22363758087158 5.30657005310059 5.39354419708252 5.48051834106445 5.56749248504639 5.65446710586548 5.74144124984741 5.82841539382935 5.91538953781128 5.98844575881958 6.05686235427856 6.12527942657471 6.19369602203369 6.26211309432983 6.33053016662598 6.39894676208496 6.48444128036499 6.62116956710815 6.75789785385132 6.89462566375732 7.03135395050049 7.16808223724365 7.30481004714966 7.44153833389282 7.46909475326538 7.46026086807251 7.4514274597168 7.44259357452393 7.43375968933105 7.42492580413818 7.41609191894531 7.41372203826904 7.43074369430542 7.44776487350464
