data/working_set_collections/6091692-Cassins_Sparrow-M2/2000/tautot_avg.asc
NCOLS 265 
NROWS 230 
XLLCORNER -115.5625 
YLLCORNER 24.8333333333333 
CELLSIZE 0.0833333333333333 
NODATA_value -9999 
[rows 40 to 59 of 230, columns 138 to 183 of 265]
8.61722183227539 8.57517433166504 8.53312587738037 8.49107837677002 8.45916938781738 8.43064022064209 8.4021110534668 8.37358093261719 8.3450517654419 8.3165225982666 8.28799343109131 8.27551174163818 8.31117534637451 8.34683895111084 8.38250255584717 8.4181661605835 8.45382976531982 8.48949337005615 8.52515697479248 8.53609752655029 8.53879833221436 8.5414981842041 8.54419898986816 8.54689884185791 8.54959964752197 8.55229949951172 8.56139469146729 8.58967399597168 8.61795330047607 8.64623165130615 8.67451095581055 8.70279026031494 8.73106956481934 8.75934886932373 8.78725719451904 8.81504344940186 8.84282970428467 8.87061500549316 8.89840126037598 8.92618656158447 8.95397281646729 8.98919486999512 9.04672622680664 9.10425853729248 9.161789894104 9.21932125091553
8.49749279022217 8.458740234375 8.41998767852783 8.38123512268066 8.35264587402344 8.32744407653809 8.30224132537842 8.27703952789307 8.25183773040771 8.22663593292236 8.2014331817627 8.19309043884277 8.23532199859619 8.27755355834961 8.31978511810303 8.36201667785645 8.40424823760986 8.44647979736328 8.4887113571167 8.50173664093018 8.50502681732178 8.50831699371338 8.51160717010498 8.51489734649658 8.51818752288818 8.52147769927979 8.53060817718506 8.55726051330566 8.58391284942627 8.61056518554688 8.6372184753418 8.6638708114624 8.69052314758301 8.71717548370361 8.74283027648926 8.76815223693848 8.79347515106201 8.81879711151123 8.84411907196045 8.86944103240967 8.89476299285889 8.92869567871094 8.98846054077148 9.04822540283203 9.10798931121826 9.16775417327881
8.39968681335449 8.36209487915039 8.32450294494629 8.28691101074219 8.26219081878662 8.24176216125488 8.22133255004883 8.20090389251709 8.18047428131104 8.1600456237793 8.13961601257324 8.13592529296875 8.18244743347168 8.22897052764893 8.27549362182617 8.3220157623291 8.36853885650635 8.41506195068359 8.46158504486084 8.47579479217529 8.47923469543457 8.48267364501953 8.48611259460449 8.48955249786377 8.49299144744873 8.49643135070801 8.50537967681885 8.53085517883301 8.55632972717285 8.58180522918701 8.60728073120117 8.63275623321533 8.65823173522949 8.68370628356934 8.70764255523682 8.73106479644775 8.75448703765869 8.77791023254395 8.80133247375488 8.82475471496582 8.84817790985107 8.88074207305908 8.94073295593262 9.00072383880615 9.06071472167969 9.12070560455322
8.323805809021 8.28523921966553 8.24667263031006 8.20810604095459 8.18780612945557 8.1735954284668 8.15938377380371 8.14517307281494 8.13096237182617 8.1167516708374 8.10254096984863 8.10401725769043 8.15255355834961 8.2010908126831 8.2496280670166 8.2981653213501 8.34670162200928 8.39523887634277 8.44377613067627 8.45827198028564 8.4614200592041 8.46456813812256 8.46771621704102 8.47086524963379 8.47401332855225 8.4771614074707 8.48570919036865 8.5104570388794 8.53520488739014 8.55995178222656 8.5846996307373 8.60944652557373 8.63419437408447 8.6589412689209 8.68169403076172 8.70378017425537 8.72586727142334 8.74795436859131 8.77004146575928 8.79212856292725 8.8142147064209 8.84533309936523 8.90354347229004 8.96175479888916 9.01996517181396 9.07817649841309
8.2479248046875 8.20838356018066 8.16884231567383 8.12930011749268 8.1134204864502 8.1054277420044 8.09743595123291 8.08944320678711 8.08145046234131 8.07345771789551 8.06546497344971 8.07210922241211 8.12265968322754 8.17321109771729 8.22376251220703 8.27431392669678 8.32486534118652 8.37541675567627 8.42596817016602 8.44074821472168 8.44360542297363 8.44646263122559 8.44931983947754 8.45217704772949 8.45503425598145 8.4578914642334 8.46603965759277 8.49005889892578 8.5140790939331 8.53809833526611 8.56211757659912 8.58613777160645 8.61015701293945 8.63417625427246 8.6557445526123 8.6764965057373 8.69724750518799 8.71799850463867 8.73875045776367 8.75950145721436 8.78025245666504 8.80992412567139 8.86635494232178 8.92278575897217 8.97921657562256 9.03564739227295
8.172043800354 8.1315279006958 8.09101104736328 8.05049514770508 8.03903579711914 8.03726100921631 8.03548717498779 8.03371238708496 8.03193855285645 8.03016376495361 8.0283899307251 8.04020023345947 8.09276580810547 8.14533138275146 8.19789695739746 8.25046253204346 8.30302810668945 8.35559368133545 8.40815925598145 8.42322540283203 8.42579174041748 8.42835712432861 8.43092346191406 8.43348979949951 8.43605613708496 8.43862247467041 8.44636917114258 8.46966171264648 8.49295330047607 8.51624488830566 8.53953647613525 8.56282806396484 8.58611965179443 8.60941123962402 8.62979602813721 8.64921188354492 8.66862773895264 8.68804359436035 8.70745849609375 8.72687435150146 8.74629020690918 8.77451515197754 8.8291654586792 8.88381671905518 8.93846702575684 8.99311828613281
8.09616279602051 8.05467224121094 8.01318073272705 7.97169017791748 7.96465015411377 7.96909427642822 7.97353839874268 7.97798252105713 7.98242664337158 7.98687076568604 7.99131441116333 8.00829219818115 8.0628719329834 8.11745166778564 8.17203140258789 8.22661113739014 8.28119087219238 8.33577060699463 8.39035034179688 8.40570163726807 8.40797710418701 8.41025257110596 8.41252708435059 8.41480255126953 8.41707706451416 8.4193525314331 8.4266996383667 8.44926357269287 8.47182750701904 8.49439144134521 8.51695537567139 8.53951835632324 8.56208229064941 8.58464622497559 8.60384750366211 8.62192726135254 8.64000797271729 8.65808773040771 8.67616748809814 8.69424819946289 8.71232795715332 8.73910617828369 8.79197692871094 8.84484767913818 8.89771842956543 8.95058917999268
8.02028179168701 7.97781610488892 7.93535041809082 7.89288473129272 7.89026498794556 7.90092754364014 7.91158962249756 7.92225217819214 7.93291473388672 7.94357681274414 7.95423936843872 7.97638463973999 8.03297805786133 8.08957290649414 8.14616680145264 8.20276069641113 8.25935459136963 8.31594848632812 8.37254238128662 8.38817882537842 8.39016246795654 8.39214706420898 8.39413070678711 8.39611434936523 8.39809894561768 8.4000825881958 8.40703010559082 8.42886543273926 8.45070171356201 8.47253799438477 8.4943733215332 8.51620960235596 8.53804588317871 8.55988121032715 8.57789897918701 8.59464359283447 8.61138725280762 8.62813186645508 8.64487648010254 8.66162109375 8.67836570739746 8.70369625091553 8.75478744506836 8.80587863922119 8.85696887969971 8.90806007385254
8.00030422210693 7.95826578140259 7.91622734069824 7.87418937683105 7.87365293502808 7.88695049285889 7.9002480506897 7.91354560852051 7.92684316635132 7.94014072418213 7.95343828201294 7.97736692428589 8.03318881988525 8.08901023864746 8.14483165740967 8.20065307617188 8.25647449493408 8.31229591369629 8.36811828613281 8.38441181182861 8.38752937316895 8.39064693450928 8.39376449584961 8.39688205718994 8.39999961853027 8.4031171798706 8.41067600250244 8.43155574798584 8.45243453979492 8.47331428527832 8.49419403076172 8.51507377624512 8.53595352172852 8.55683326721191 8.57408809661865 8.59013557434082 8.60618305206299 8.62222957611084 8.63827705383301 8.65432357788086 8.67037105560303 8.69505786895752 8.74566459655762 8.79627132415771 8.84687805175781 8.89748477935791
8.03622913360596 7.9960207939148 7.95581245422363 7.91560363769531 7.91481399536133 7.92716360092163 7.93951368331909 7.9518632888794 7.9642128944397 7.9765625 7.98891258239746 8.01124000549316 8.06350326538086 8.11576557159424 8.16802787780762 8.220290184021 8.27255249023438 8.32481479644775 8.37707710266113 8.39439964294434 8.40007591247559 8.40575218200684 8.41142845153809 8.41710472106934 8.42278099060059 8.42845726013184 8.43763828277588 8.45733261108398 8.47702789306641 8.49672222137451 8.51641750335693 8.53611183166504 8.55580711364746 8.57550144195557 8.59241580963135 8.6084041595459 8.62439250946045 8.64037990570068 8.65636825561523 8.67235660552979 8.68834400177002 8.71319007873535 8.76460838317871 8.81602668762207 8.86744499206543 8.91886329650879
8.0721549987793 8.03377628326416 7.99539709091187 7.95701837539673 7.95597505569458 7.96737670898438 7.97877883911133 7.99018049240112 8.00158309936523 8.01298427581787 8.02438640594482 8.0451135635376 8.09381675720215 8.1425199508667 8.19122314453125 8.23992729187012 8.28863048553467 8.33733367919922 8.38603687286377 8.40438842773438 8.41262340545654 8.42085838317871 8.42909240722656 8.43732738494873 8.4455623626709 8.45379638671875 8.46460056304932 8.48311042785645 8.50162029266357 8.5201301574707 8.53864002227783 8.55714988708496 8.57565975189209 8.59416961669922 8.61074447631836 8.62667274475098 8.64260196685791 8.65853118896484 8.67445945739746 8.6903886795044 8.70631790161133 8.73132133483887 8.7835521697998 8.83578205108643 8.88801193237305 8.94024181365967
8.10808086395264 8.07153129577637 8.0349817276001 7.99843263626099 7.99713611602783 8.00759029388428 8.01804447174072 8.02849864959717 8.0389518737793 8.04940605163574 8.05986022949219 8.07898712158203 8.12413120269775 8.16927528381348 8.2144193649292 8.25956344604492 8.30470752716064 8.34985160827637 8.39499664306641 8.41437721252441 8.42516994476318 8.43596363067627 8.44675636291504 8.45755004882812 8.4683427810669 8.47913646697998 8.49156188964844 8.50888729095459 8.52621269226074 8.5435380935669 8.56086254119873 8.57818794250488 8.59551334381104 8.61283874511719 8.62907218933105 8.64494228363037 8.66081142425537 8.67668151855469 8.692551612854 8.708420753479 8.72429084777832 8.7494535446167 8.80249500274658 8.85553741455078 8.90857887268066 8.96162128448486
8.14400672912598 8.10928726196289 8.07456684112549 8.0398473739624 8.03829669952393 8.04780292510986 8.0573091506958 8.06681537628174 8.07632160186768 8.08582782745361 8.09533405303955 8.11286067962646 8.15444564819336 8.19603061676025 8.23761558532715 8.27920055389404 8.32078552246094 8.36237049102783 8.40395545959473 8.42436599731445 8.43771743774414 8.45106887817383 8.46442031860352 8.47777271270752 8.49112415313721 8.5044755935669 8.51852416992188 8.53466510772705 8.55080509185791 8.56694507598877 8.58308601379395 8.5992259979248 8.61536693572998 8.63150691986084 8.64739990234375 8.66321086883545 8.67902088165283 8.69483184814453 8.71064281463623 8.72645378112793 8.74226379394531 8.76758575439453 8.82143878936768 8.87529277801514 8.92914581298828 8.98299980163574
8.17993259429932 8.1470422744751 8.11415195465088 8.08126163482666 8.07945823669434 8.08801651000977 8.0965747833252 8.10513305664062 8.11369132995605 8.12224960327148 8.13080883026123 8.14673328399658 8.18475914001465 8.22278594970703 8.2608118057251 8.29883766174316 8.33686351776123 8.3748893737793 8.41291522979736 8.43435382843018 8.45026397705078 8.46617412567139 8.48208427429199 8.4979944229126 8.5139045715332 8.52981472015381 8.54548645019531 8.5604419708252 8.57539749145508 8.59035301208496 8.60530853271484 8.62026405334473 8.63521957397461 8.65017509460449 8.66572761535645 8.68147945404053 8.69723129272461 8.71298217773438 8.72873401641846 8.74448585510254 8.76023769378662 8.78571701049805 8.84038257598877 8.89504814147949 8.9497127532959 9.00437831878662
8.22040271759033 8.18417453765869 8.14794731140137 8.11171913146973 8.1090784072876 8.11763286590576 8.12618732452393 8.13474178314209 8.14329624176025 8.15185070037842 8.16040515899658 8.17531776428223 8.20930480957031 8.2432918548584 8.2772798538208 8.31126689910889 8.34525489807129 8.37924194335938 8.41322898864746 8.43557453155518 8.45403861999512 8.47250175476074 8.49096584320068 8.50942993164062 8.52789402008057 8.54635810852051 8.56366348266602 8.57749176025391 8.5913200378418 8.605149269104 8.6189775466919 8.63280582427979 8.64663505554199 8.66046333312988 8.6770544052124 8.69456577301025 8.7120771408081 8.72958946228027 8.74710083007812 8.76461219787598 8.78212451934814 8.80896472930908 8.86379051208496 8.91861629486084 8.97344207763672 9.02826881408691
8.26541709899902 8.22068500518799 8.17595291137695 8.13122081756592 8.12715816497803 8.13665199279785 8.14614677429199 8.15564060211182 8.16513538360596 8.17462921142578 8.1841230392456 8.19861125946045 8.22808074951172 8.25755023956299 8.28701972961426 8.31648921966553 8.3459587097168 8.37542819976807 8.40489768981934 8.4280252456665 8.4490385055542 8.4700517654419 8.49106502532959 8.51207828521729 8.53309154510498 8.55410480499268 8.57305431365967 8.58581352233887 8.59857368469238 8.61133289337158 8.62409210205078 8.6368522644043 8.6496114730835 8.6623706817627 8.6813793182373 8.70246982574463 8.72356128692627 8.74465179443359 8.76574230194092 8.78683376312256 8.80792427062988 8.837327003479 8.89166259765625 8.9459981918335 9.00033473968506 9.0546703338623
8.31043148040771 8.25719451904297 8.20395851135254 8.15072154998779 8.14523792266846 8.15567207336426 8.16610622406006 8.17654037475586 8.18697452545166 8.19740772247314 8.20784187316895 8.22190570831299 8.24685764312744 8.27180862426758 8.29676055908203 8.32171249389648 8.34666347503662 8.37161540985107 8.39656734466553 8.42047691345215 8.4440393447876 8.46760177612305 8.4911642074585 8.51472663879395 8.5382890701294 8.56185150146484 8.58244514465332 8.59413623809814 8.60582637786865 8.61751651763916 8.62920761108398 8.64089775085449 8.652587890625 8.66427898406982 8.68570423126221 8.710373878479 8.73504447937012 8.75971412658691 8.78438472747803 8.80905437469482 8.83372497558594 8.86568927764893 8.91953468322754 8.97338008880615 9.02722644805908 9.0810718536377
8.35544586181641 8.29370498657227 8.23196411132812 8.17022323608398 8.16331768035889 8.17469215393066 8.18606567382812 8.19743919372559 8.20881366729736 8.22018718719482 8.23156070709229 8.24520015716553 8.26563358306885 8.28606700897217 8.3065013885498 8.32693481445312 8.34736824035645 8.36780261993408 8.3882360458374 8.41292762756348 8.43903923034668 8.46515083312988 8.49126243591309 8.51737403869629 8.54348564147949 8.5695972442627 8.59183692932129 8.6024580001831 8.61307907104492 8.62370109558105 8.63432216644287 8.64494323730469 8.65556526184082 8.66618633270264 8.69002914428711 8.71827793121338 8.74652767181396 8.77477741241455 8.80302619934082 8.83127593994141 8.85952568054199 8.89405155181885 8.94740676879883 9.00076293945312 9.0541181564331 9.1074743270874
8.4004602432251 8.33021450042725 8.25996971130371 8.18972396850586 8.18139743804932 8.19371128082275 8.20602512359619 8.21833896636963 8.23065280914307 8.24296569824219 8.25527954101562 8.26849365234375 8.28440952301025 8.30032539367676 8.31624126434326 8.33215713500977 8.34807300567627 8.36398887634277 8.37990474700928 8.40537929534912 8.43404006958008 8.46270084381104 8.49136161804199 8.52002239227295 8.54868316650391 8.57734394073486 8.60122776031494 8.61077976226807 8.62033271789551 8.62988471984863 8.63943672180176 8.6489896774292 8.65854167938232 8.66809463500977 8.69435405731201 8.72618293762207 8.75801086425781 8.78983974456787 8.82166862487793 8.85349655151367 8.88532543182373 8.92241382598877 8.97527885437012 9.02814483642578 9.08100986480713 9.13387584686279
8.44547462463379 8.36672496795654 8.2879753112793 8.20922470092773 8.19947719573975 8.21273136138916 8.22598457336426 8.23923778533936 8.25249195098877 8.26574516296387 8.27899837493896 8.29178810119629 8.30318641662598 8.31458377838135 8.32598209381104 8.33737945556641 8.34877777099609 8.36017608642578 8.37157344818115 8.39783096313477 8.42904090881348 8.46025085449219 8.4914608001709 8.52267074584961 8.55388069152832 8.58509063720703 8.61061859130859 8.61910247802734 8.62758541107178 8.63606834411621 8.64455223083496 8.6530351638794 8.66151905059814 8.67000198364258 8.69867897033691 8.73408699035645 8.76949405670166 8.80490207672119 8.84031009674072 8.87571811676025 8.91112613677979 8.95077610015869 9.00315093994141 9.05552673339844 9.10790252685547 9.16027736663818
