data/working_set_collections/6091692-Cassins_Sparrow-M2/2000/tautot_avg.asc
NCOLS 265 
NROWS 230 
XLLCORNER -115.5625 
YLLCORNER 24.8333333333333 
CELLSIZE 0.0833333333333333 
NODATA_value -9999 
[rows 100 to 119 of 230, columns 138 to 183 of 265]
8.92775821685791 8.86277198791504 8.79778575897217 8.73279857635498 8.69902610778809 8.67565822601318 8.6522912979126 8.6289234161377 8.60555553436279 8.58218765258789 8.55881977081299 8.54444885253906 8.55706882476807 8.56968879699707 8.58230876922607 8.59492778778076 8.60754776000977 8.62016773223877 8.63278770446777 8.71240329742432 8.81435108184814 8.91629791259766 9.01824569702148 9.12019348144531 9.22214031219482 9.32408809661865 9.4271650314331 9.53362941741943 9.64009380340576 9.74655818939209 9.85302257537842 9.95948600769043 10.0659503936768 10.1724147796631 10.2785272598267 10.384521484375 10.4905166625977 10.5965118408203 10.7025060653687 10.8085012435913 10.9144954681396 11.0064611434937 11.056339263916 11.1062164306641 11.1560945510864 11.2059717178345
8.77664661407471 8.71763038635254 8.65861511230469 8.59959888458252 8.57501316070557 8.56190490722656 8.54879570007324 8.53568649291992 8.52257823944092 8.5094690322876 8.49635982513428 8.4904842376709 8.50630760192871 8.52213096618652 8.53795433044434 8.55377769470215 8.56960105895996 8.58542346954346 8.60124683380127 8.68377780914307 8.78854560852051 8.89331245422363 8.99807929992676 9.10284614562988 9.20761299133301 9.31238079071045 9.42026424407959 9.53749847412109 9.65473365783691 9.77196788787842 9.88920211791992 10.0064363479614 10.1236715316772 10.2409057617188 10.356635093689 10.4718618392944 10.5870885848999 10.7023162841797 10.8175430297852 10.9327707290649 11.0479974746704 11.145619392395 11.1904258728027 11.2352323532104 11.2800388336182 11.3248453140259
8.69553661346436 8.64028739929199 8.58503913879395 8.52978992462158 8.5139627456665 8.5112771987915 8.5085916519165 8.5059061050415 8.50321960449219 8.50053405761719 8.49784851074219 8.50224876403809 8.52790451049805 8.55356121063232 8.5792179107666 8.60487365722656 8.63053035736084 8.6561861038208 8.68184280395508 8.7657356262207 8.86904048919678 8.97234630584717 9.07565116882324 9.17895603179932 9.28226089477539 9.38556671142578 9.4931526184082 9.61358165740967 9.73401069641113 9.8544397354126 9.97486877441406 10.0952978134155 10.215726852417 10.3361558914185 10.4519462585449 10.5661916732788 10.6804361343384 10.7946815490723 10.9089260101318 11.0231714248657 11.1374158859253 11.2331438064575 11.273323059082 11.3135023117065 11.3536815643311 11.3938608169556
8.68443012237549 8.6307430267334 8.57705688476562 8.52337074279785 8.51587581634521 8.52377700805664 8.53167915344238 8.53958034515381 8.54748249053955 8.55538368225098 8.56328582763672 8.57974147796631 8.62186050415039 8.66397953033447 8.70609855651855 8.74821758270264 8.79033660888672 8.8324556350708 8.87457466125488 8.95827579498291 9.05583763122559 9.15339946746826 9.25096130371094 9.3485221862793 9.44608402252197 9.54364585876465 9.64582920074463 9.76187705993652 9.87792491912842 9.99397277832031 10.1100206375122 10.2260694503784 10.3421173095703 10.4581651687622 10.5644626617432 10.6675109863281 10.7705583572388 10.8736066818237 10.9766550064087 11.0797023773193 11.1827507019043 11.2690353393555 11.3050308227539 11.3410272598267 11.3770227432251 11.4130182266235
8.6733226776123 8.6211986541748 8.56907558441162 8.51695156097412 8.51778793334961 8.53627681732178 8.55476570129395 8.57325553894043 8.5917444229126 8.61023330688477 8.62872219085693 8.65723419189453 8.71581649780273 8.77439785003662 8.83297920227051 8.89156150817871 8.9501428604126 9.0087251663208 9.06730651855469 9.15081596374512 9.24263381958008 9.33445262908936 9.42627048492432 9.51808929443359 9.60990715026855 9.70172595977783 9.79850578308105 9.9101734161377 10.02184009552 10.1335067749023 10.2451734542847 10.356840133667 10.4685068130493 10.580174446106 10.6769790649414 10.7688302993774 10.8606815338135 10.9525327682495 11.0443830490112 11.1362342834473 11.2280855178833 11.3049268722534 11.3367395401001 11.3685512542725 11.4003639221191 11.4321756362915
8.66221523284912 8.61165428161621 8.56109428405762 8.51053333282471 8.519700050354 8.54877662658691 8.57785320281982 8.60692977905273 8.63600635528564 8.66508293151855 8.69415950775146 8.73472785949707 8.80977249145508 8.88481616973877 8.95986080169678 9.03490543365479 9.10994911193848 9.18499374389648 9.26003837585449 9.34335517883301 9.42943096160889 9.51550579071045 9.60158061981201 9.68765544891357 9.77373027801514 9.8598051071167 9.9511833190918 10.0584688186646 10.1657543182373 10.2730398178101 10.3803262710571 10.4876117706299 10.5948972702026 10.7021827697754 10.7894954681396 10.8701496124268 10.9508037567139 11.031457901001 11.1121120452881 11.1927661895752 11.2734203338623 11.3408184051514 11.368447303772 11.3960752487183 11.4237041473389 11.4513330459595
8.65110874176025 8.60211086273193 8.5531120300293 8.50411415100098 8.5216121673584 8.56127643585205 8.6009407043457 8.64060401916504 8.68026828765869 8.71993255615234 8.75959587097168 8.81222057342529 8.9037275314331 8.99523448944092 9.08674144744873 9.17824935913086 9.26975631713867 9.36126327514648 9.4527702331543 9.53589534759521 9.61622714996338 9.69655895233154 9.77689075469971 9.85722160339355 9.93755340576172 10.0178852081299 10.1038599014282 10.2067642211914 10.3096694946289 10.4125738143921 10.5154781341553 10.6183834075928 10.721287727356 10.8241920471191 10.9020109176636 10.9714689254761 11.0409259796143 11.1103830337524 11.1798410415649 11.2492980957031 11.3187551498413 11.3767099380493 11.4001550674438 11.4236001968384 11.4470453262329 11.4704904556274
8.64000129699707 8.59256649017334 8.54513072967529 8.49769496917725 8.52352523803711 8.57377624511719 8.62402725219727 8.67427921295166 8.72453022003174 8.77478122711182 8.82503318786621 8.88971424102783 8.99768352508545 9.10565376281738 9.213623046875 9.32159233093262 9.42956256866455 9.53753185272217 9.6455020904541 9.72843551635742 9.80302333831787 9.87761211395264 9.95219993591309 10.0267887115479 10.1013765335083 10.1759653091431 10.2565364837646 10.3550605773926 10.4535837173462 10.5521078109741 10.6506309509277 10.7491540908813 10.8476781845093 10.9462013244629 11.0145273208618 11.0727882385254 11.1310482025146 11.1893091201782 11.2475690841675 11.3058300018311 11.3640899658203 11.4126014709473 11.4318628311157 11.4511241912842 11.470386505127 11.4896478652954
8.6722822189331 8.63266468048096 8.59304618835449 8.55342864990234 8.58625793457031 8.64323616027832 8.70021343231201 8.75719165802002 8.81416988372803 8.87114715576172 8.92812538146973 8.99873638153076 9.11024570465088 9.221755027771 9.33326435089111 9.44477367401123 9.55628299713135 9.66779232025146 9.77930164337158 9.86177444458008 9.93456840515137 10.0073623657227 10.0801572799683 10.1529512405396 10.2257452011108 10.2985391616821 10.3759565353394 10.4672403335571 10.5585241317749 10.6498079299927 10.7410917282104 10.8323755264282 10.923659324646 11.0149431228638 11.0746622085571 11.1238594055176 11.173056602478 11.2222528457642 11.2714500427246 11.3206472396851 11.3698444366455 11.41162109375 11.4311370849609 11.4506530761719 11.4701690673828 11.4896850585938
8.74795150756836 8.72240543365479 8.69686031341553 8.67131423950195 8.70981121063232 8.76965427398682 8.82949829101562 8.88934230804443 8.94918632507324 9.00903034210205 9.06887340545654 9.1392879486084 9.2414140701294 9.34353923797607 9.44566535949707 9.54779148101807 9.64991664886475 9.75204277038574 9.85416889190674 9.93591213226318 10.0108613967896 10.0858116149902 10.1607608795166 10.235710144043 10.3106594085693 10.38560962677 10.4621181488037 10.5433034896851 10.6244897842407 10.7056751251221 10.7868614196777 10.8680477142334 10.9492330551147 11.0304193496704 11.0824155807495 11.1246824264526 11.1669492721558 11.2092161178589 11.251482963562 11.2937498092651 11.3360166549683 11.3737688064575 11.3979778289795 11.4221858978271 11.4463939666748 11.4706029891968
8.8236198425293 8.81214618682861 8.80067348480225 8.78919982910156 8.83336353302002 8.89607334136963 8.95878314971924 9.02149295806885 9.08420276641846 9.14691257476807 9.20962238311768 9.27983951568604 9.37258243560791 9.46532440185547 9.55806636810303 9.6508092880249 9.74355125427246 9.83629322052002 9.9290361404419 10.0100498199463 10.0871543884277 10.1642599105835 10.2413644790649 10.3184690475464 10.3955745697021 10.4726791381836 10.5482797622681 10.6193675994873 10.6904554367065 10.7615432739258 10.832631111145 10.9037189483643 10.9748067855835 11.0458946228027 11.0901689529419 11.1255054473877 11.1608428955078 11.1961793899536 11.2315158843994 11.2668523788452 11.3021898269653 11.3359174728394 11.3648176193237 11.3937187194824 11.4226198196411 11.4515199661255
8.89928817749023 8.90188789367676 8.90448665618896 8.90708541870117 8.95691680908203 9.02249240875244 9.08806800842285 9.15364360809326 9.21921920776367 9.28479480743408 9.35037040710449 9.42039203643799 9.50375080108643 9.58710956573486 9.6704683303833 9.75382709503174 9.83718585968018 9.92054462432861 10.003903388977 10.0841875076294 10.1634483337402 10.2427082061768 10.3219680786133 10.4012289047241 10.4804887771606 10.5597486495972 10.6344413757324 10.6954317092896 10.7564210891724 10.8174104690552 10.8784008026123 10.9393901824951 11.0003805160522 11.0613698959351 11.0979223251343 11.1263284683228 11.1547355651855 11.1831426620483 11.2115488052368 11.2399559020996 11.2683620452881 11.2980651855469 11.3316583633423 11.3652515411377 11.3988447189331 11.4324378967285
8.97495746612549 8.99162864685059 9.00829982757568 9.02497100830078 9.08047008514404 9.14891147613525 9.21735286712646 9.28579425811768 9.35423564910889 9.4226770401001 9.49111843109131 9.56094360351562 9.63491821289062 9.70889377593994 9.78286933898926 9.85684394836426 9.93081951141357 10.0047950744629 10.0787706375122 10.1583261489868 10.2397413253784 10.32115650177 10.4025726318359 10.4839878082275 10.5654029846191 10.6468191146851 10.7206029891968 10.7714948654175 10.8223867416382 10.8732786178589 10.9241704940796 10.975061416626 11.0259532928467 11.0768451690674 11.1056756973267 11.1271524429321 11.1486291885376 11.1701049804688 11.1915817260742 11.2130584716797 11.2345352172852 11.2602138519287 11.2984991073608 11.336784362793 11.3750696182251 11.4133548736572
9.05062580108643 9.08136940002441 9.1121129989624 9.14285659790039 9.20402336120605 9.27533054351807 9.34663772583008 9.41794490814209 9.4892520904541 9.56055927276611 9.63186645507812 9.70149517059326 9.76608657836914 9.83067893981934 9.89527034759521 9.95986175537109 10.0244541168213 10.0890455245972 10.1536378860474 10.2324638366699 10.3160343170166 10.3996047973633 10.4831762313843 10.566746711731 10.650318145752 10.7338886260986 10.8067655563354 10.8475589752197 10.888352394104 10.9291458129883 10.9699401855469 11.0107336044312 11.0515270233154 11.0923204421997 11.113429069519 11.1279754638672 11.1425218582153 11.1570682525635 11.1716146469116 11.1861610412598 11.2007074356079 11.2223625183105 11.2653398513794 11.3083171844482 11.3512945175171 11.3942718505859
9.09048938751221 9.12819194793701 9.16589450836182 9.20359706878662 9.26855087280273 9.34258842468262 9.41662693023682 9.4906644821167 9.56470203399658 9.63874053955078 9.71277809143066 9.78373050689697 9.84542465209961 9.90711975097656 9.96881484985352 10.0305089950562 10.0922040939331 10.1538991928101 10.215594291687 10.2946653366089 10.3795280456543 10.4643907546997 10.5492544174194 10.6341171264648 10.7189798355103 10.80384349823 10.8776378631592 10.9182262420654 10.9588146209717 10.9994020462036 11.0399904251099 11.0805788040161 11.1211671829224 11.1617555618286 11.1790637969971 11.1886119842529 11.1981592178345 11.2077074050903 11.2172546386719 11.2268028259277 11.2363510131836 11.254397392273 11.2979402542114 11.3414831161499 11.3850269317627 11.4285697937012
9.09454822540283 9.13209533691406 9.16964340209961 9.20719051361084 9.27405261993408 9.35068607330322 9.42731952667236 9.5039529800415 9.58058643341064 9.65721893310547 9.73385238647461 9.80764865875244 9.87293338775635 9.93821716308594 10.0035018920898 10.0687866210938 10.1340703964233 10.1993551254272 10.2646398544312 10.3449296951294 10.4302215576172 10.5155143737793 10.6008062362671 10.6860980987549 10.7713899612427 10.8566827774048 10.9332208633423 10.9834966659546 11.0337724685669 11.0840473175049 11.1343231201172 11.1845989227295 11.2348747253418 11.2851505279541 11.3025798797607 11.3090600967407 11.315541267395 11.322021484375 11.3285026550293 11.3349828720093 11.3414630889893 11.3563194274902 11.3963012695312 11.4362831115723 11.4762649536133 11.5162467956543
9.09860610961914 9.13599872589111 9.17339134216309 9.21078491210938 9.27955436706543 9.35878372192383 9.43801212310791 9.51724052429199 9.59646987915039 9.67569828033447 9.75492763519287 9.83156776428223 9.90044116973877 9.96931552886963 10.0381889343262 10.107063293457 10.1759366989136 10.2448110580444 10.3136854171753 10.3951940536499 10.4809160232544 10.5666370391846 10.6523580551147 10.7380790710449 10.8238010406494 10.9095220565796 10.9888038635254 11.0487670898438 11.1087293624878 11.1686925888062 11.2286558151245 11.2886190414429 11.3485822677612 11.4085454940796 11.4260959625244 11.4295091629028 11.4329233169556 11.436336517334 11.4397497177124 11.4431629180908 11.4465761184692 11.4582414627075 11.4946622848511 11.5310831069946 11.5675039291382 11.6039237976074
9.10266399383545 9.13990211486816 9.17714023590088 9.21437835693359 9.28505611419678 9.36688041687012 9.44870471954346 9.5305290222168 9.61235332489014 9.69417762756348 9.77600193023682 9.8554859161377 9.92794990539551 10.000412940979 10.0728769302368 10.1453399658203 10.2178039550781 10.2902669906616 10.3627309799194 10.4454593658447 10.5316095352173 10.6177597045898 10.7039098739624 10.7900609970093 10.8762111663818 10.9623613357544 11.0443868637085 11.1140375137329 11.183687210083 11.2533378601074 11.3229885101318 11.3926391601562 11.4622898101807 11.5319404602051 11.5496120452881 11.5499582290649 11.5503044128418 11.5506505966187 11.5509967803955 11.5513429641724 11.5516891479492 11.5601634979248 11.5930233001709 11.625883102417 11.6587419509888 11.6916017532349
9.10672283172607 9.14380550384521 9.18088912963867 9.21797275543213 9.29055786132812 9.37497806549072 9.459397315979 9.5438175201416 9.62823677062988 9.71265697479248 9.79707622528076 9.87940502166748 9.95545768737793 10.0315103530884 10.1075639724731 10.1836166381836 10.2596702575684 10.3357229232788 10.4117765426636 10.4957237243652 10.5823030471802 10.6688833236694 10.7554626464844 10.8420419692993 10.9286212921143 11.0152006149292 11.0999698638916 11.1793079376221 11.2586450576782 11.3379831314087 11.4173212051392 11.4966592788696 11.5759973526001 11.6553354263306 11.6731290817261 11.670407295227 11.6676864624023 11.6649656295776 11.6622438430786 11.6595230102539 11.6568021774292 11.6620855331421 11.6913843154907 11.720682144165 11.7499809265137 11.779278755188
9.11078071594238 9.14770889282227 9.18463802337646 9.22156620025635 9.29606056213379 9.38307571411133 9.47009086608887 9.55710601806641 9.64412117004395 9.73113632202148 9.81815147399902 9.90332317352295 9.98296546936035 10.0626087188721 10.1422510147095 10.2218942642212 10.3015365600586 10.381178855896 10.4608221054077 10.5459890365601 10.6329975128174 10.7200059890747 10.807014465332 10.8940229415894 10.9810314178467 11.068039894104 11.1555528640747 11.2445783615112 11.3336029052734 11.42262840271 11.5116539001465 11.600679397583 11.6897048950195 11.7787294387817 11.7966451644897 11.7908563613892 11.7850685119629 11.7792797088623 11.773491859436 11.7677030563354 11.7619152069092 11.7640075683594 11.7897453308105 11.8154821395874 11.8412189483643 11.8669557571411
