data/working_set_collections/6091692-Cassins_Sparrow-M2/2000/tautot_avg.asc
NCOLS 265 
NROWS 230 
XLLCORNER -115.5625 
YLLCORNER 24.8333333333333 
CELLSIZE 0.0833333333333333 
NODATA_value -9999 
[rows 140 to 159 of 230, columns 184 to 229 of 265]
14.7523441314697 14.8724174499512 14.9924907684326 15.0870790481567 15.173171043396 15.2592630386353 15.3453550338745 15.4314470291138 15.5175399780273 15.6036319732666 15.687967300415 15.7670316696167 15.8460960388184 15.92516040802 16.0042247772217 16.083288192749 16.162353515625 16.2414169311523 16.3032703399658 16.3593845367432 16.4154987335205 16.4716129302979 16.5277271270752 16.5838413238525 16.6399555206299 16.6998252868652 16.7709579467773 16.8420906066895 16.9132232666016 16.9843578338623 17.0554904937744 17.1266231536865 17.1977558135986 17.2896747589111 17.3885250091553 17.4873733520508 17.5862216949463 17.6850700378418 17.7839183807373 17.8827667236328 17.9911231994629 18.128002166748 18.2648811340332 18.4017601013184 18.5386390686035 18.6755180358887
14.9381351470947 15.0602378845215 15.1823406219482 15.2784328460693 15.3658533096313 15.4532747268677 15.540696144104 15.628116607666 15.7155380249023 15.8029594421387 15.8882322311401 15.9670629501343 16.0458927154541 16.1247234344482 16.2035522460938 16.2823829650879 16.361213684082 16.4400424957275 16.5009632110596 16.5559120178223 16.6108627319336 16.6658115386963 16.720760345459 16.7757110595703 16.830659866333 16.8873805999756 16.9494113922119 17.0114440917969 17.0734748840332 17.1355056762695 17.1975364685059 17.2595691680908 17.3215999603271 17.4135589599609 17.515495300293 17.6174297332764 17.7193660736084 17.8213024139404 17.9232368469238 18.0251731872559 18.1356964111328 18.2719802856445 18.4082660675049 18.5445499420166 18.6808338165283 18.8171195983887
15.1239261627197 15.2480583190918 15.3721904754639 15.4697866439819 15.558536529541 15.6472864151001 15.7360363006592 15.8247861862183 15.9135370254517 16.0022869110107 16.0884971618652 16.1670932769775 16.2456893920898 16.3242855072021 16.4028816223145 16.4814758300781 16.5600719451904 16.6386680603027 16.6986560821533 16.75244140625 16.806224822998 16.8600101470947 16.9137954711914 16.9675788879395 17.0213642120361 17.0749359130859 17.1278648376465 17.1807956695557 17.2337245941162 17.2866554260254 17.3395843505859 17.3925132751465 17.4454441070557 17.5374431610107 17.6424655914307 17.7474880218506 17.8525104522705 17.9575328826904 18.0625553131104 18.1675777435303 18.2802677154541 18.415958404541 18.5516490936279 18.6873397827148 18.8230304718018 18.95871925354
15.3097171783447 15.4358787536621 15.5620403289795 15.6611404418945 15.7512197494507 15.8412981033325 15.9313774108887 16.0214557647705 16.1115341186523 16.2016143798828 16.2887630462646 16.3671245574951 16.4454860687256 16.5238475799561 16.6022090911865 16.680570602417 16.7589321136475 16.8372936248779 16.8963489532471 16.9489688873291 17.0015888214111 17.0542087554932 17.1068286895752 17.1594486236572 17.2120685577393 17.2624912261963 17.3063182830811 17.3501472473145 17.3939743041992 17.4378032684326 17.481632232666 17.5254592895508 17.5692882537842 17.6613273620605 17.7694358825684 17.8775463104248 17.9856548309326 18.0937652587891 18.2018737792969 18.3099842071533 18.424840927124 18.5599365234375 18.695032119751 18.8301277160645 18.9652252197266 19.10032081604
15.4284515380859 15.550910949707 15.6733703613281 15.7745199203491 15.8685655593872 15.9626121520996 16.0566577911377 16.1507034301758 16.2447509765625 16.3387966156006 16.4304294586182 16.514820098877 16.5992126464844 16.6836032867432 16.7679958343506 16.852388381958 16.9367790222168 17.0211715698242 17.0799999237061 17.1303062438965 17.1806125640869 17.230920791626 17.2812271118164 17.3315353393555 17.3818416595459 17.4305458068848 17.4744396209717 17.5183353424072 17.5622291564941 17.6061248779297 17.6500186920166 17.6939144134521 17.7378082275391 17.8291645050049 17.9363403320312 18.043514251709 18.1506900787354 18.2578659057617 18.3650417327881 18.4722175598145 18.5869522094727 18.724365234375 18.8617782592773 18.9991893768311 19.1366024017334 19.2740154266357
15.4801273345947 15.5931529998779 15.7061786651611 15.8099241256714 15.9105758666992 16.0112266540527 16.1118793487549 16.2125301361084 16.3131828308105 16.4138336181641 16.5134944915771 16.6101818084717 16.7068672180176 16.8035545349121 16.9002418518066 16.9969272613525 17.0936145782471 17.190299987793 17.2496070861816 17.2964534759521 17.3432998657227 17.3901462554932 17.436990737915 17.4838371276855 17.5306835174561 17.5790996551514 17.6322288513184 17.6853580474854 17.7384872436523 17.7916164398193 17.8447456359863 17.8978748321533 17.9510040283203 18.0409526824951 18.1431751251221 18.2453956604004 18.3476161956787 18.4498386383057 18.552059173584 18.6542816162109 18.7666072845459 18.9092464447021 19.0518856048584 19.1945247650146 19.3371620178223 19.4798011779785
15.5318040847778 15.6353960037231 15.7389869689941 15.8453283309937 15.9525852203369 16.0598430633545 16.1671009063721 16.274356842041 16.3816146850586 16.4888725280762 16.5965595245361 16.7055416107178 16.8145236968994 16.9235038757324 17.0324859619141 17.1414680480957 17.2504482269287 17.3594303131104 17.4192142486572 17.4626007080078 17.5059852600098 17.5493698120117 17.5927562713623 17.6361408233643 17.6795253753662 17.7276554107666 17.7900199890137 17.8523826599121 17.9147472381592 17.9771099090576 18.0394744873047 18.1018371582031 18.1642017364502 18.252742767334 18.3500080108643 18.4472751617432 18.5445423126221 18.641809463501 18.7390766143799 18.8363437652588 18.9462604522705 19.0941257476807 19.2419910430908 19.3898582458496 19.5377235412598 19.6855888366699
15.5834808349609 15.677638053894 15.7717952728271 15.8807325363159 15.9945955276489 16.1084575653076 16.2223205566406 16.3361835479736 16.4500465393066 16.5639095306396 16.6796264648438 16.8009033203125 16.9221782684326 17.0434551239014 17.1647319793701 17.2860069274902 17.407283782959 17.5285606384277 17.5888214111328 17.6287460327148 17.6686706542969 17.7085952758789 17.7485198974609 17.7884426116943 17.8283672332764 17.8762111663818 17.9478092193604 18.0194072723389 18.0910053253174 18.1626033782959 18.2342014312744 18.3057994842529 18.3773975372314 18.4645309448242 18.5568428039551 18.6491565704346 18.7414684295654 18.8337821960449 18.9260940551758 19.0184059143066 19.1259136199951 19.2790069580078 19.4320983886719 19.5851917266846 19.7382831573486 19.8913764953613
15.635157585144 15.7198810577393 15.8046045303345 15.9161367416382 16.0366058349609 16.1570739746094 16.2775421142578 16.3980102539062 16.5184783935547 16.6389484405518 16.7626914978027 16.8962631225586 17.0298347473145 17.1634044647217 17.2969760894775 17.4305477142334 17.5641193389893 17.6976890563965 17.758430480957 17.7948932647705 17.831356048584 17.8678207397461 17.9042835235596 17.940746307373 17.9772090911865 18.0247650146484 18.105598449707 18.186429977417 18.2672634124756 18.3480949401855 18.4289283752441 18.5097618103027 18.5905933380127 18.6763210296631 18.7636775970459 18.8510360717773 18.9383945465088 19.0257530212402 19.1131114959717 19.2004699707031 19.3055667877197 19.4638862609863 19.6222057342529 19.7805252075195 19.9388446807861 20.0971641540527
15.6868333816528 15.7621231079102 15.8374128341675 15.9515409469604 16.0786151885986 16.2056884765625 16.332763671875 16.4598369598389 16.5869121551514 16.7139854431152 16.8457584381104 16.9916229248047 17.1374893188477 17.2833557128906 17.4292221069336 17.5750865936279 17.7209529876709 17.8668193817139 17.9280376434326 17.9610404968262 17.9940414428711 18.0270442962646 18.0600471496582 18.0930500030518 18.1260509490967 18.1733207702637 18.2633876800537 18.3534545898438 18.4435214996338 18.5335884094238 18.6236553192139 18.7137222290039 18.8037891387939 18.8881092071533 18.9705123901367 19.0529174804688 19.1353206634521 19.2177238464355 19.3001289367676 19.382532119751 19.485221862793 19.6487674713135 19.812313079834 19.9758586883545 20.139404296875 20.3029518127441
15.845217704773 15.9168310165405 15.9884443283081 16.0999164581299 16.2246761322021 16.3494358062744 16.4741954803467 16.5989551544189 16.7237148284912 16.8484745025635 16.9786071777344 17.1248588562012 17.2711086273193 17.4173583984375 17.5636100769043 17.7098598480225 17.8561115264893 18.0023612976074 18.0698909759521 18.1111793518066 18.1524677276611 18.1937561035156 18.2350444793701 18.2763328552246 18.3176212310791 18.3713417053223 18.4623641967773 18.5533847808838 18.6444072723389 18.7354278564453 18.8264503479004 18.9174709320068 19.0084934234619 19.0901966094971 19.1687927246094 19.2473888397217 19.325984954834 19.4045829772949 19.4831790924072 19.5617752075195 19.6621398925781 19.827808380127 19.9934787750244 20.1591472625732 20.3248176574707 20.4904861450195
16.1103096008301 16.1840038299561 16.257698059082 16.3612651824951 16.4747905731201 16.5883159637451 16.7018413543701 16.8153667449951 16.9288902282715 17.0424156188965 17.1612415313721 17.2959671020508 17.4306907653809 17.5654163360596 17.7001419067383 17.834867477417 17.9695911407471 18.1043167114258 18.183988571167 18.2453098297119 18.3066310882568 18.3679523468018 18.4292736053467 18.4905948638916 18.5519161224365 18.6188316345215 18.7025279998779 18.7862243652344 18.8699207305908 18.9536151885986 19.0373115539551 19.1210079193115 19.204704284668 19.2825813293457 19.3585166931152 19.4344539642334 19.5103893280029 19.5863246917725 19.6622619628906 19.7381973266602 19.8363227844238 20.0010108947754 20.1657009124756 20.3303909301758 20.4950790405273 20.6597690582275
16.3754024505615 16.4511775970459 16.5269527435303 16.6226139068604 16.7249050140381 16.8271961212158 16.9294853210449 17.0317764282227 17.1340675354004 17.2363567352295 17.3438758850098 17.4670753479004 17.590274810791 17.7134742736816 17.8366737365723 17.9598731994629 18.0830726623535 18.2062721252441 18.2980880737305 18.3794422149658 18.4607963562012 18.5421504974365 18.6235046386719 18.7048587799072 18.7862129211426 18.8663215637207 18.9426918029785 19.0190620422363 19.0954322814941 19.171802520752 19.2481746673584 19.3245449066162 19.400915145874 19.4749641418457 19.5482406616211 19.6215171813965 19.6947937011719 19.7680683135986 19.841344833374 19.9146213531494 20.0105056762695 20.1742153167725 20.3379230499268 20.5016326904297 20.6653423309326 20.8290519714355
16.6404933929443 16.7183494567871 16.7962055206299 16.8839626312256 16.9750194549561 17.0660743713379 17.1571311950684 17.2481861114502 17.3392429351807 17.4302997589111 17.5265102386475 17.63818359375 17.7498569488525 17.8615322113037 17.9732055664062 18.0848789215088 18.1965522766113 18.3082275390625 18.4121856689453 18.5135726928711 18.6149597167969 18.7163467407227 18.8177337646484 18.9191207885742 19.0205078125 19.1138095855713 19.1828556060791 19.2518997192383 19.3209457397461 19.3899898529053 19.4590358734131 19.5280818939209 19.5971260070801 19.6673488616943 19.737964630127 19.8085803985596 19.8791961669922 19.9498119354248 20.0204277038574 20.09104347229 20.1846885681152 20.3474178314209 20.5101470947266 20.6728763580322 20.8356056213379 20.9983348846436
16.9055843353271 16.985523223877 17.0654602050781 17.1453113555908 17.2251319885254 17.3049545288086 17.3847751617432 17.4645977020264 17.5444183349609 17.6242408752441 17.7091426849365 17.8092918395996 17.9094409942627 18.0095882415771 18.1097373962402 18.2098846435547 18.3100337982178 18.4101829528809 18.5262851715088 18.647705078125 18.7691249847412 18.8905448913574 19.0119647979736 19.1333847045898 19.2548046112061 19.3612995147705 19.4230194091797 19.4847393035889 19.546459197998 19.6081771850586 19.6698970794678 19.731616973877 19.7933368682861 19.859733581543 19.9276885986328 19.9956455230713 20.0636005401611 20.131555557251 20.1995124816895 20.2674674987793 20.3588714599609 20.5206203460693 20.6823692321777 20.8441181182861 21.0058689117432 21.1676177978516
17.1706771850586 17.2526950836182 17.3347148895264 17.4066600799561 17.4752464294434 17.5438327789307 17.6124210357666 17.6810073852539 17.7495937347412 17.8181819915771 17.8917770385742 17.9804000854492 18.0690231323242 18.1576461791992 18.2462692260742 18.3348922729492 18.4235153198242 18.5121364593506 18.6403827667236 18.7818355560303 18.9232883453369 19.0647411346436 19.2061939239502 19.3476467132568 19.4891014099121 19.6087894439697 19.6631832122803 19.7175769805908 19.7719707489014 19.8263645172119 19.8807601928711 19.9351539611816 19.9895477294922 20.0521183013916 20.1174125671387 20.1827087402344 20.2480049133301 20.3132991790771 20.3785953521729 20.4438915252686 20.5330543518066 20.6938228607178 20.8545932769775 21.0153617858887 21.1761302947998 21.3369007110596
17.386869430542 17.4725341796875 17.558198928833 17.6314258575439 17.7005081176758 17.769588470459 17.8386707305908 17.907751083374 17.9768333435059 18.0459156036377 18.1183319091797 18.2007522583008 18.2831707000732 18.3655910491943 18.4480113983154 18.5304317474365 18.6128520965576 18.6952724456787 18.8284397125244 18.9785232543945 19.1286067962646 19.2786903381348 19.4287738800049 19.578857421875 19.7289409637451 19.8532638549805 19.9003028869629 19.9473419189453 19.9943790435791 20.0414180755615 20.0884571075439 20.1354942321777 20.1825332641602 20.2435855865479 20.3093070983887 20.3750305175781 20.4407539367676 20.5064754486084 20.5721988677979 20.6379222869873 20.7259387969971 20.8808403015137 21.0357418060303 21.1906433105469 21.3455448150635 21.5004482269287
17.554162979126 17.6450386047363 17.735912322998 17.8196105957031 17.900915145874 17.9822196960449 18.0635261535645 18.1448307037354 18.2261352539062 18.3074417114258 18.3888053894043 18.470344543457 18.5518856048584 18.6334247589111 18.7149658203125 18.7965049743652 18.8780460357666 18.959587097168 19.0904560089111 19.2377681732178 19.3850803375244 19.5323925018311 19.6797046661377 19.8270168304443 19.974328994751 20.0947265625 20.1343784332275 20.1740303039551 20.2136840820312 20.2533359527588 20.2929878234863 20.3326416015625 20.37229347229 20.4341354370117 20.5033721923828 20.5726089477539 20.6418476104736 20.7110843658447 20.7803230285645 20.8495597839355 20.9375247955322 21.0816707611084 21.2258186340332 21.3699645996094 21.5141124725342 21.658260345459
17.72145652771 17.8175411224365 17.9136257171631 18.0077934265137 18.1013221740723 18.1948509216309 18.2883796691895 18.381908416748 18.4754371643066 18.5689659118652 18.6592788696289 18.7399387359619 18.8205986022949 18.9012584686279 18.9819202423096 19.0625801086426 19.1432399749756 19.2238998413086 19.3524703979492 19.4970111846924 19.6415519714355 19.7860927581787 19.9306335449219 20.075174331665 20.2197151184082 20.3361873626709 20.3684539794922 20.4007205963135 20.4329872131348 20.4652538299561 20.4975204467773 20.5297870635986 20.5620536804199 20.624683380127 20.697437286377 20.7701892852783 20.8429412841797 20.9156932830811 20.9884452819824 21.0611972808838 21.1491107940674 21.2825031280518 21.4158954620361 21.5492877960205 21.6826801300049 21.8160724639893
17.8887500762939 17.9900455474854 18.0913410186768 18.1959781646729 18.3017311096191 18.4074821472168 18.5132350921631 18.6189880371094 18.724739074707 18.8304920196533 18.9297523498535 19.0095329284668 19.0893135070801 19.1690921783447 19.248872756958 19.3286533355713 19.4084339141846 19.4882144927979 19.6144866943359 19.7562561035156 19.8980255126953 20.039794921875 20.1815643310547 20.3233318328857 20.4651012420654 20.5776481628418 20.6025295257568 20.6274108886719 20.6522903442383 20.6771717071533 20.7020530700684 20.7269325256348 20.7518138885498 20.8152332305908 20.8915004730225 20.9677677154541 21.0440349578857 21.1203022003174 21.196569442749 21.2728366851807 21.3606967926025 21.4833335876465 21.6059703826904 21.728609085083 21.851245880127 21.9738826751709
