data/working_set_collections/6091692-Cassins_Sparrow-M2/2000/wchange_avg.asc
NCOLS 265 
NROWS 230 
XLLCORNER -115.5625 
YLLCORNER 24.8333333333333 
CELLSIZE 0.0833333333333333 
NODATA_value -9999 
[rows 180 to 197 of 230, columns 164 to 204 of 265]
4.57090067129684e-07 4.46567327117009e-07 4.36044587104334e-07 4.25521847091659e-07 4.14999135500693e-07 4.04476395488018e-07 3.93953655475343e-07 3.83430915462668e-07 3.77343042146094e-07 3.72733438780415e-07 3.68123806993026e-07 3.63514203627346e-07 3.58904600261667e-07 3.54294996895987e-07 3.49685393530308e-07 3.46702478282168e-07 3.48599712651776e-07 3.50496918599674e-07 3.52394124547573e-07 3.5429135891718e-07 3.56188564865079e-07 3.58085799234686e-07 3.59983005182585e-07 3.67536557632775e-07 3.76975577864869e-07 3.86414598096962e-07 3.95853618329056e-07 4.0529263856115e-07 4.14731658793244e-07 4.24170679025337e-07 4.33313829262261e-07 4.41569397935382e-07 4.49824995030212e-07 4.58080592125043e-07 4.66336160798164e-07 4.74591757892995e-07 4.82847326566116e-07 4.91102923660947e-07 4.89031776851334e-07 4.83518363125768e-07 4.78004892556783e-07
4.41124058170317e-07 4.32143821171849e-07 4.23163555751671e-07 4.14183318753203e-07 4.05203053333025e-07 3.96222816334557e-07 3.8724255091438e-07 3.78262313915911e-07 3.71682062905165e-07 3.65901826171466e-07 3.60121617859477e-07 3.54341381125778e-07 3.48561144392079e-07 3.4278090765838e-07 3.37000670924681e-07 3.32460388108302e-07 3.31639853357046e-07 3.30819318605791e-07 3.29998783854535e-07 3.29178277524989e-07 3.28357742773733e-07 3.27537208022477e-07 3.26716701692931e-07 3.32453652163167e-07 3.40376431040568e-07 3.48299209917968e-07 3.56221988795369e-07 3.64144767672769e-07 3.7206754655017e-07 3.7999032542757e-07 3.87900797704788e-07 3.95774350181455e-07 4.03647902658122e-07 4.11521455134789e-07 4.19394979189747e-07 4.27268531666414e-07 4.35142084143081e-07 4.43015636619748e-07 4.42636718389622e-07 4.39506976590565e-07 4.36377234791507e-07
4.25158077632659e-07 4.17720315226688e-07 4.10282524399008e-07 4.02844761993038e-07 3.95406999587067e-07 3.87969237181096e-07 3.80531446353416e-07 3.73093683947445e-07 3.66021083664236e-07 3.59070241984227e-07 3.52119400304218e-07 3.451685302025e-07 3.38217688522491e-07 3.31266818420772e-07 3.24315976740763e-07 3.18218269512727e-07 3.14679994062317e-07 3.11141718611907e-07 3.07603471583207e-07 3.04065196132797e-07 3.00526920682387e-07 2.96988645231977e-07 2.93450369781567e-07 2.9737071827185e-07 3.03777255794557e-07 3.10183821738974e-07 3.16590359261681e-07 3.22996896784389e-07 3.29403462728806e-07 3.35810000251513e-07 3.42487794569024e-07 3.49979302427528e-07 3.57470810286031e-07 3.64962318144535e-07 3.72453797581329e-07 3.79945305439833e-07 3.87436813298336e-07 3.9492832115684e-07 3.9624165992791e-07 3.95495618477071e-07 3.94749577026232e-07
4.09192097095001e-07 4.03296809281528e-07 3.97401521468055e-07 3.91506233654582e-07 3.85610917419399e-07 3.79715629605926e-07 3.73820341792452e-07 3.67925053978979e-07 3.60360132845017e-07 3.52238657796988e-07 3.4411718274896e-07 3.35995707700931e-07 3.27874232652903e-07 3.19752757604874e-07 3.11631282556846e-07 3.03976179338861e-07 2.97720163189297e-07 2.91464147039733e-07 2.85208130890169e-07 2.78952114740605e-07 2.72696098591041e-07 2.66440082441477e-07 2.60184066291913e-07 2.62287784380533e-07 2.67178108970256e-07 2.7206840513827e-07 2.76958729727994e-07 2.81849054317718e-07 2.86739350485732e-07 2.91629675075455e-07 2.97074763011551e-07 3.04184226251891e-07 3.11293689492231e-07 3.18403152732571e-07 3.25512644394621e-07 3.32622107634961e-07 3.39731570875301e-07 3.46841034115641e-07 3.49846629887907e-07 3.51484260363577e-07 3.53121919260957e-07
3.93226116557344e-07 3.88873303336368e-07 3.84520490115392e-07 3.80167676894416e-07 3.7581486367344e-07 3.71462050452465e-07 3.67109237231489e-07 3.62756424010513e-07 3.54699153604088e-07 3.4540704518804e-07 3.36114965193701e-07 3.26822856777653e-07 3.17530776783315e-07 3.08238668367267e-07 2.98946559951219e-07 2.89734060743285e-07 2.80760303894567e-07 2.71786547045849e-07 2.62812790197131e-07 2.53839033348413e-07 2.44865276499695e-07 2.35891505440122e-07 2.26917748591404e-07 2.2720486470007e-07 2.30578947935101e-07 2.33953016959276e-07 2.37327100194307e-07 2.40701183429337e-07 2.44075266664368e-07 2.47449321477688e-07 2.51661759875788e-07 2.58389178497964e-07 2.65116597120141e-07 2.71844015742317e-07 2.78571462786203e-07 2.8529888140838e-07 2.92026300030557e-07 2.98753718652733e-07 3.03451571426194e-07 3.07472902250083e-07 3.11494233073972e-07
3.77260136019686e-07 3.74449797391208e-07 3.71639458762729e-07 3.68829120134251e-07 3.66018809927482e-07 3.63208471299004e-07 3.60398132670525e-07 3.57587794042047e-07 3.49038174363159e-07 3.38575461000801e-07 3.28112747638443e-07 3.17650034276085e-07 3.07187320913727e-07 2.96724579129659e-07 2.86261865767301e-07 2.7549194214771e-07 2.63800444599838e-07 2.52108947051966e-07 2.40417449504093e-07 2.28725937745367e-07 2.17034440197494e-07 2.05342928438768e-07 1.93651430890895e-07 1.92121945019608e-07 1.93979786899945e-07 1.95837628780282e-07 1.97695470660619e-07 1.99553312540957e-07 2.01411154421294e-07 2.03268996301631e-07 2.06248728318315e-07 2.12594116533182e-07 2.1893950474805e-07 2.25284892962918e-07 2.31630266966931e-07 2.37975655181799e-07 2.44321029185812e-07 2.50666431611535e-07 2.57056541386191e-07 2.6346154413659e-07 2.69866575308697e-07
3.6430139971344e-07 3.62709926093885e-07 3.61118452474329e-07 3.59526978854774e-07 3.57935533656928e-07 3.56344060037372e-07 3.54752586417817e-07 3.53161112798261e-07 3.45963741210653e-07 3.36897755914833e-07 3.27831770619014e-07 3.18765756901485e-07 3.09699771605665e-07 3.00633757888136e-07 2.91567772592316e-07 2.80938451169277e-07 2.65619149786289e-07 2.50299848403301e-07 2.34980561231168e-07 2.19661274059035e-07 2.04341972676048e-07 1.89022685503915e-07 1.73703398331782e-07 1.70036628333037e-07 1.70254040199325e-07 1.70471452065613e-07 1.706888639319e-07 1.70906290009043e-07 1.71123701875331e-07 1.71341113741619e-07 1.73208135834102e-07 1.80023988605171e-07 1.86839855587095e-07 1.93655708358165e-07 2.00471575340089e-07 2.07287428111158e-07 2.14103295093082e-07 2.20919147864151e-07 2.27801379537595e-07 2.34705723300976e-07 2.41610081275212e-07
3.54349936060316e-07 3.53653717866109e-07 3.52957471250193e-07 3.52261253055985e-07 3.51565034861778e-07 3.50868816667571e-07 3.50172598473364e-07 3.49476380279157e-07 3.45475854146571e-07 3.40373929930138e-07 3.35272005713705e-07 3.30170053075562e-07 3.2506812885913e-07 3.19966176220987e-07 3.14864252004554e-07 3.06073502542858e-07 2.86216391032212e-07 2.66359251099857e-07 2.46502139589211e-07 2.2664501386771e-07 2.06787888146209e-07 1.86930762424709e-07 1.67073636703208e-07 1.60948943062067e-07 1.59401722044095e-07 1.57854515236977e-07 1.56307294219005e-07 1.54760087411887e-07 1.53212866393915e-07 1.51665659586797e-07 1.5253995400144e-07 1.60678808924786e-07 1.68817649637276e-07 1.76956504560621e-07 1.85095359483967e-07 1.93234200196457e-07 2.01373055119802e-07 2.09511895832293e-07 2.15686114302116e-07 2.21205439743244e-07 2.26724765184372e-07
3.44398472407192e-07 3.44597481216624e-07 3.44796518447765e-07 3.44995527257197e-07 3.45194564488338e-07 3.4539357329777e-07 3.45592610528911e-07 3.45791619338343e-07 3.44987967082488e-07 3.43850103945442e-07 3.42712240808396e-07 3.4157434924964e-07 3.40436486112594e-07 3.39298594553838e-07 3.38160731416792e-07 3.31208582338149e-07 3.06813632278136e-07 2.82418653796412e-07 2.58023703736399e-07 2.33628753676385e-07 2.09233789405516e-07 1.84838825134648e-07 1.60443860863779e-07 1.51861243580242e-07 1.48549403888865e-07 1.45237564197487e-07 1.41925724506109e-07 1.38613884814731e-07 1.35302045123353e-07 1.31990205431975e-07 1.31871786379634e-07 1.41333615033545e-07 1.50795457898312e-07 1.60257300763078e-07 1.6971912941699e-07 1.79180972281756e-07 1.88642800935668e-07 1.98104643800434e-07 2.03570834855782e-07 2.07705156185511e-07 2.11839463304386e-07
3.34446980332359e-07 3.35541272988849e-07 3.36635537223628e-07 3.37729801458408e-07 3.38824065693188e-07 3.39918329927968e-07 3.41012622584458e-07 3.42106886819238e-07 3.44500080018406e-07 3.47326277960747e-07 3.50152475903087e-07 3.52978645423718e-07 3.55804843366059e-07 3.58631041308399e-07 3.6145721082903e-07 3.5634366213344e-07 3.27410873524059e-07 2.98478084914677e-07 2.69545267883586e-07 2.40612479274205e-07 2.11679690664823e-07 1.82746902055442e-07 1.53814099235206e-07 1.42773558309273e-07 1.37697085733635e-07 1.32620627368851e-07 1.27544154793213e-07 1.22467682217575e-07 1.17391216747365e-07 1.12314751277154e-07 1.11203604546972e-07 1.2198843535316e-07 1.32773266159347e-07 1.4355808275468e-07 1.54342913560868e-07 1.65127744367055e-07 1.75912560962388e-07 1.86697391768575e-07 1.91455569620302e-07 1.94204858416924e-07 1.96954147213546e-07
3.24495516679235e-07 3.26485036339363e-07 3.28474555999492e-07 3.3046407565962e-07 3.32453595319748e-07 3.34443114979877e-07 3.36432606218295e-07 3.38422125878424e-07 3.44012192954324e-07 3.50802451976051e-07 3.57592710997778e-07 3.64382941597796e-07 3.71173200619523e-07 3.77963459641251e-07 3.84753690241268e-07 3.81478741928731e-07 3.48008114769982e-07 3.14537487611233e-07 2.81066860452484e-07 2.47596233293734e-07 2.1412559192413e-07 1.80654964765381e-07 1.47184337606632e-07 1.33685858827448e-07 1.26844767578405e-07 1.20003676329361e-07 1.1316257797489e-07 1.06321486725847e-07 9.94803954768031e-08 9.26392971223322e-08 9.0535429819738e-08 1.02643248567347e-07 1.14751060209528e-07 1.26858878957137e-07 1.38966697704745e-07 1.51074502241499e-07 1.63182320989108e-07 1.75290139736717e-07 1.79340290173968e-07 1.80704574859192e-07 1.82068845333561e-07
3.14544053026111e-07 3.17428828111588e-07 3.20313574775355e-07 3.23198349860832e-07 3.26083096524599e-07 3.28967871610075e-07 3.31852618273842e-07 3.34737393359319e-07 3.43524305890242e-07 3.54278625991356e-07 3.6503294609247e-07 3.75787237771874e-07 3.86541557872988e-07 3.97295877974102e-07 4.08050198075216e-07 4.06613821724022e-07 3.68605356015905e-07 3.30596890307788e-07 2.92588424599671e-07 2.54579958891554e-07 2.16571507394292e-07 1.78563041686175e-07 1.40554575978058e-07 1.24598173556478e-07 1.15992449423175e-07 1.07386732395298e-07 9.87810082619944e-08 9.0175291234118e-08 8.15695671008143e-08 7.29638429675106e-08 6.98672550925039e-08 8.32980617815338e-08 9.67288613651363e-08 1.10159668054166e-07 1.23590467637769e-07 1.37021274326798e-07 1.50452081015828e-07 1.63882887704858e-07 1.67225024938489e-07 1.67204277090605e-07 1.67183543453575e-07
3.0622661029156e-07 3.09655689534338e-07 3.13084740355407e-07 3.16513819598185e-07 3.19942898840964e-07 3.23371949662032e-07 3.26801028904811e-07 3.3023007972588e-07 3.41161495498454e-07 3.54593709062101e-07 3.68025894204038e-07 3.81458079345975e-07 3.94890292909622e-07 4.08322478051559e-07 4.21754663193497e-07 4.22136537281403e-07 3.83367421363801e-07 3.44598333867907e-07 3.05829217950304e-07 2.67060102032701e-07 2.28291000325953e-07 1.8952188440835e-07 1.50752782701602e-07 1.32800423102708e-07 1.21787010698426e-07 1.10773576977863e-07 9.97601503627266e-08 8.87467308530177e-08 7.77333042378814e-08 6.67198776227451e-08 6.16637265693498e-08 7.44793879903227e-08 8.7295056516723e-08 1.00110717937696e-07 1.12926386464096e-07 1.25742047885069e-07 1.38557709306042e-07 1.5137338493787e-07 1.54016149167546e-07 1.53267947666791e-07 1.5251976037689e-07
2.99543216897291e-07 3.03165649029324e-07 3.06788081161358e-07 3.10410513293391e-07 3.14032945425424e-07 3.17655377557458e-07 3.21277809689491e-07 3.24900241821524e-07 3.36923790200672e-07 3.51747672766578e-07 3.66571583754194e-07 3.813954663201e-07 3.96219348886007e-07 4.11043259873622e-07 4.25867142439529e-07 4.28046945444294e-07 3.92294367657087e-07 3.5654178986988e-07 3.20789212082673e-07 2.85036634295466e-07 2.49284084929968e-07 2.13531507142761e-07 1.77778929355554e-07 1.58292635887847e-07 1.44228422982451e-07 1.3016422428791e-07 1.16100011382514e-07 1.02035805582545e-07 8.7971599782577e-08 7.39073868771811e-08 6.59248300394211e-08 7.61872271937136e-08 8.64496314534335e-08 9.67120286077261e-08 1.06974425762019e-07 1.17236822916311e-07 1.27499220070604e-07 1.37761617224896e-07 1.39713662861141e-07 1.38895586587751e-07 1.38077496103506e-07
2.92859795081313e-07 2.96675580102601e-07 3.00491393545599e-07 3.04307206988597e-07 3.08122992009885e-07 3.11938805452883e-07 3.15754590474171e-07 3.19570403917169e-07 3.3268605648118e-07 3.48901636471055e-07 3.6511724488264e-07 3.81332853294225e-07 3.97548433284101e-07 4.13764041695686e-07 4.29979621685561e-07 4.33957325185474e-07 4.01221285528663e-07 3.68485245871852e-07 3.35749234636751e-07 3.0301319497994e-07 2.70277155323129e-07 2.37541129877172e-07 2.04805090220361e-07 1.83784848672985e-07 1.6666984947733e-07 1.49554864492529e-07 1.32439865296874e-07 1.15324880312073e-07 9.82098882218452e-08 8.10949032370445e-08 7.01859406149197e-08 7.78950735025319e-08 8.56042063901441e-08 9.33133392777563e-08 1.01022472165369e-07 1.08731597947553e-07 1.16440730835166e-07 1.24149863722778e-07 1.25411176554735e-07 1.24523211297856e-07 1.23635246040976e-07
2.86176373265334e-07 2.90185539597587e-07 2.9419470592984e-07 2.98203900683802e-07 3.02213067016055e-07 3.06222233348308e-07 3.10231399680561e-07 3.14240566012813e-07 3.28448322761687e-07 3.46055628597242e-07 3.63662934432796e-07 3.8127021184664e-07 3.98877517682195e-07 4.16484823517749e-07 4.34092129353303e-07 4.39867704926655e-07 4.1014823182195e-07 3.80428730295534e-07 3.50709228769119e-07 3.20989727242704e-07 2.91270254137999e-07 2.61550752611583e-07 2.31831251085168e-07 2.09277047247269e-07 1.89111275972209e-07 1.68945504697149e-07 1.48779733422089e-07 1.28613962147028e-07 1.08448183766541e-07 8.82824124914805e-08 7.44470511904183e-08 7.96029127059228e-08 8.47587813268547e-08 8.99146499477865e-08 9.5070511463291e-08 1.00226380084223e-07 1.05382241599727e-07 1.10538110220659e-07 1.11108690248329e-07 1.10150843113388e-07 1.09192995978447e-07
2.79492979871065e-07 2.83695499092573e-07 2.87898046735791e-07 2.92100565957298e-07 2.96303113600516e-07 3.00505632822023e-07 3.04708180465241e-07 3.08910728108458e-07 3.24210589042195e-07 3.43209592301719e-07 3.62208595561242e-07 3.81207598820765e-07 4.00206602080289e-07 4.19205605339812e-07 4.38204608599335e-07 4.45778113089546e-07 4.19075149693526e-07 3.92372186297507e-07 3.65669251323197e-07 3.38966287927178e-07 3.12263324531159e-07 2.8556036113514e-07 2.58857397739121e-07 2.34769260032408e-07 2.11552702467088e-07 1.88336144901768e-07 1.65119587336449e-07 1.41903029771129e-07 1.18686479311236e-07 9.54699217459165e-08 7.87081617659169e-08 8.1310759014741e-08 8.39133562635652e-08 8.65159535123894e-08 8.91185578666409e-08 9.17211551154651e-08 9.43237523642892e-08 9.69263496131134e-08 9.68062039419237e-08 9.57784749289203e-08 9.47507388104896e-08
2.72809558055087e-07 2.77205458587559e-07 2.81601359120032e-07 2.85997259652504e-07 2.90393160184976e-07 2.94789060717449e-07 2.99184961249921e-07 3.03580861782393e-07 3.19972883744413e-07 3.40363584427905e-07 3.60754285111398e-07 3.8114498579489e-07 4.01535686478383e-07 4.21926387161875e-07 4.42317087845367e-07 4.51688492830726e-07 4.28002067565103e-07 4.04315670721189e-07 3.80629245455566e-07 3.56942820189943e-07 3.33256394924319e-07 3.09569998080406e-07 2.85883572814782e-07 2.60261458606692e-07 2.33994128961967e-07 2.07726785106388e-07 1.81459455461663e-07 1.55192111606084e-07 1.28924767750505e-07 1.0265743810578e-07 8.29692652359881e-08 8.3018598218132e-08 8.30679312002758e-08 8.31172641824196e-08 8.31665971645634e-08 8.32159301467073e-08 8.32652631288511e-08 8.33145961109949e-08 8.25037176355181e-08 8.14060996390253e-08 8.03084887479599e-08
