data/working_set_collections/6091692-Cassins_Sparrow-M2/2000/wchange_avg.asc
NCOLS 265 
NROWS 230 
XLLCORNER -115.5625 
YLLCORNER 24.8333333333333 
CELLSIZE 0.0833333333333333 
NODATA_value -9999 
[rows 162 to 179 of 230, columns 0 to 40 of 265]
5.22640618783043e-07 5.01570696087583e-07 4.80500830235542e-07 4.59430935961791e-07 4.3836104168804e-07 4.17291147414289e-07 3.96221253140538e-07 3.74539865788392e-07 3.52654666357921e-07 3.3076946692745e-07 3.08884267496978e-07 2.86999068066507e-07 -9999 -9999 -9999 -9999 -9999 -9999 -9999 -9999 -9999 -9999 -9999 -9999 -9999 -9999 -9999 -9999 -9999 -9999 -9999 -9999 1.03102955506529e-07 1.01725717627232e-07 1.00348472642509e-07 9.89712347632121e-08 9.75939968839157e-08 9.51201997168027e-08 9.22808851555601e-08 8.94415705943175e-08 8.66022560330748e-08
5.12000895014353e-07 4.90543072828586e-07 4.6908525064282e-07 4.47627428457054e-07 4.26169634692997e-07 4.0471181250723e-07 3.83254018743173e-07 3.61638910817419e-07 3.39971421681184e-07 3.1830390412324e-07 2.96636386565297e-07 2.74968869007353e-07 -9999 -9999 -9999 -9999 -9999 -9999 -9999 -9999 -9999 -9999 -9999 -9999 -9999 -9999 -9999 -9999 -9999 -9999 -9999 -9999 9.91505544334359e-08 9.72917604258328e-08 9.54329664182296e-08 9.35741724106265e-08 9.17153784030234e-08 8.88385045527684e-08 8.56222754919145e-08 8.24060464310605e-08 7.91898173702066e-08
5.01361114402243e-07 4.79515392726171e-07 4.57669671050098e-07 4.35823949374026e-07 4.13978227697953e-07 3.92132506021881e-07 3.70286784345808e-07 3.48737984268155e-07 3.27288148582738e-07 3.05838312897322e-07 2.84388505633615e-07 2.62938669948198e-07 -9999 -9999 -9999 -9999 -9999 -9999 -9999 -9999 -9999 -9999 -9999 -9999 -9999 -9999 -9999 -9999 -9999 -9999 -9999 -9999 9.5198153360343e-08 9.28578032244332e-08 9.05174530885233e-08 8.81771100580409e-08 8.5836759922131e-08 8.25568164941615e-08 7.89636658282689e-08 7.53705222678036e-08 7.1777371601911e-08
4.90721390633553e-07 4.68487741045465e-07 4.46254091457376e-07 4.24020441869288e-07 4.0178682070291e-07 3.79553171114821e-07 3.57319549948443e-07 3.35837029297181e-07 3.14604875484292e-07 2.93372750093113e-07 2.72140624701933e-07 2.50908470889044e-07 -9999 -9999 -9999 -9999 -9999 -9999 -9999 -9999 -9999 -9999 -9999 -9999 -9999 -9999 -9999 -9999 -9999 -9999 -9999 -9999 9.12457522872501e-08 8.84238460230335e-08 8.56019468642444e-08 8.27800477054552e-08 7.99581414412387e-08 7.62751213301271e-08 7.23050561646232e-08 6.83349981045467e-08 6.43649329390428e-08
4.80081610021443e-07 4.57460060943049e-07 4.34838511864655e-07 4.1221696278626e-07 3.89595413707866e-07 3.66973864629472e-07 3.44352315551077e-07 3.22936074326208e-07 3.01921630807556e-07 2.80907187288904e-07 2.59892715348542e-07 2.3887827182989e-07 -9999 -9999 -9999 -9999 -9999 -9999 -9999 -9999 -9999 -9999 -9999 -9999 -9999 -9999 -9999 -9999 -9999 -9999 -9999 -9999 8.72933512141572e-08 8.39898959270613e-08 8.06864406399654e-08 7.73829853528696e-08 7.40795300657737e-08 6.99934261660928e-08 6.56464465009776e-08 6.12994739412898e-08 5.69524907234609e-08
4.69441857831043e-07 4.46432409262343e-07 4.23422932271933e-07 4.00413455281523e-07 3.77404006712823e-07 3.54394529722413e-07 3.31385052732003e-07 3.10035119355234e-07 2.8923835770911e-07 2.68441596062985e-07 2.4764483441686e-07 2.26848072770736e-07 -9999 -9999 -9999 -9999 -9999 -9999 -9999 -9999 -9999 -9999 -9999 -9999 -9999 -9999 -9999 -9999 -9999 -9999 -9999 -9999 -9999 7.95559387256617e-08 7.57709273102591e-08 7.19859158948566e-08 6.82009115848814e-08 6.37117381074859e-08 5.89878403900457e-08 5.42639462253192e-08 4.9540048507879e-08
4.40942358181928e-07 4.20524202127126e-07 4.00106017650614e-07 3.79687833174103e-07 3.592696771193e-07 3.38851492642789e-07 3.18433336587987e-07 2.98279218213793e-07 2.78213150295414e-07 2.58147053955327e-07 2.38080971826093e-07 2.1801488969686e-07 1.97948821778482e-07 1.77882739649249e-07 -9999 -9999 -9999 -9999 -9999 -9999 -9999 -9999 -9999 -9999 -9999 -9999 -9999 -9999 -9999 -9999 -9999 -9999 -9999 -9999 7.18546360189976e-08 6.75637252811612e-08 6.32728145433248e-08 5.85383403972628e-08 5.36560094133165e-08 4.87736819820839e-08 4.38913509981376e-08
3.94583139495808e-07 3.79735467959108e-07 3.64887768000699e-07 3.50040096463999e-07 3.351924249273e-07 3.203447533906e-07 3.054970818539e-07 2.87668342480174e-07 2.68845951723051e-07 2.50023560965928e-07 2.31201141787096e-07 2.12378736819119e-07 1.93556331851141e-07 1.74733926883164e-07 1.58947301542867e-07 -9999 -9999 -9999 -9999 -9999 -9999 -9999 -9999 -9999 -9999 -9999 -9999 -9999 -9999 -9999 -9999 -9999 -9999 -9999 -9999 6.41163993009286e-08 5.92952495992449e-08 5.44732472462783e-08 4.96509606762174e-08 4.48286776588702e-08 4.00063910888093e-08
3.48223892387978e-07 3.3894673379109e-07 3.29669546772493e-07 3.20392359753896e-07 3.11115172735299e-07 3.01838014138411e-07 2.92560827119814e-07 2.77057495168265e-07 2.59478753150688e-07 2.41900039554821e-07 2.24321311748099e-07 2.06742583941377e-07 1.89163856134655e-07 1.71585128327933e-07 1.56908640747133e-07 1.50938831211533e-07 1.44969035886788e-07 -9999 -9999 -9999 -9999 -9999 -9999 -9999 -9999 -9999 -9999 -9999 -9999 -9999 -9999 -9999 -9999 -9999 -9999 6.06690804261234e-08 5.53176811024514e-08 5.04081540952939e-08 4.56459119391184e-08 4.08836733356566e-08 3.61214311794811e-08
3.01864673701857e-07 2.98157971201363e-07 2.94451297122578e-07 2.90744623043793e-07 2.87037948965008e-07 2.83331246464513e-07 2.79624572385728e-07 2.66446619434646e-07 2.50111583000034e-07 2.33776518143713e-07 2.17441481709102e-07 2.01106431063636e-07 1.84771380418169e-07 1.68436329772703e-07 1.548699799514e-07 1.49609704180875e-07 1.44349442621206e-07 1.39089181061536e-07 -9999 -9999 -9999 -9999 -9999 -9999 -9999 -9999 -9999 -9999 -9999 -9999 -9999 -9999 -9999 -9999 -9999 -9999 5.13401126056579e-08 4.63430573915957e-08 4.16408632020193e-08 3.69386690124429e-08 3.22364748228665e-08
-9999 2.57369237033345e-07 2.59233075894372e-07 2.61096886333689e-07 2.62960696773007e-07 2.64824507212325e-07 2.66688317651642e-07 2.55835743701027e-07 2.40744384427671e-07 2.25653010943461e-07 2.1056163745925e-07 1.95470278185894e-07 1.80378904701683e-07 1.65287531217473e-07 1.52831319155666e-07 1.48280577150217e-07 1.43729849355623e-07 1.39179107350174e-07 1.34628379555579e-07 1.3007763755013e-07 -9999 -9999 -9999 -9999 -9999 -9999 -9999 -9999 -9999 -9999 -9999 -9999 -9999 -9999 -9999 -9999 4.7362547661578e-08 4.22779642406113e-08 3.76358144649203e-08 3.29936646892293e-08 2.83515149135383e-08
-9999 -9999 -9999 2.31449135412731e-07 2.38883444581006e-07 2.46317767960136e-07 2.53752091339265e-07 2.45224896389118e-07 2.31377200066163e-07 2.17529503743208e-07 2.03681807420253e-07 1.89834111097298e-07 1.75986428985198e-07 1.62138732662243e-07 1.50792658359933e-07 1.46951450119559e-07 1.4311025609004e-07 1.39269047849666e-07 1.35427853820147e-07 1.31586645579773e-07 1.27745437339399e-07 -9999 -9999 1.16123949567282e-07 1.12226807402749e-07 1.08329665238216e-07 -9999 -9999 -9999 -9999 -9999 -9999 -9999 -9999 -9999 -9999 4.33849791647845e-08 3.82128675369131e-08 3.36307657278212e-08 2.90486603660156e-08 2.446655500421e-08
-9999 -9999 -9999 -9999 2.23523571207807e-07 2.33507037705749e-07 2.43490518414546e-07 2.36570357969867e-07 2.2401565047403e-07 2.11460942978192e-07 1.98906235482355e-07 1.86351527986517e-07 1.73796820490679e-07 1.61242112994842e-07 1.51009260207502e-07 1.47741943123947e-07 1.44474640251246e-07 1.41207323167691e-07 1.37940006084136e-07 1.34672703211436e-07 1.31405386127881e-07 -9999 -9999 1.19955458899312e-07 1.157464453172e-07 1.1153742462966e-07 1.0732840394212e-07 -9999 -9999 -9999 -9999 -9999 -9999 -9999 -9999 -9999 -9999 3.66694585807181e-08 3.21401749658889e-08 2.76108913510598e-08 2.30816077362306e-08
-9999 -9999 -9999 -9999 -9999 -9999 -9999 2.29872142654131e-07 2.18659735651272e-07 2.07447328648414e-07 1.96234921645555e-07 1.85022514642696e-07 1.73810107639838e-07 1.62597700636979e-07 1.53481138909228e-07 1.50652070374235e-07 1.47823001839242e-07 1.44993933304249e-07 1.42164864769256e-07 1.39335796234263e-07 1.3650672769927e-07 1.33677659164277e-07 1.29669686543821e-07 1.25268741157925e-07 1.20867809982883e-07 1.16466864596987e-07 1.12065919211091e-07 1.07664980930622e-07 1.03264035544726e-07 -9999 -9999 -9999 -9999 -9999 -9999 -9999 -9999 -9999 3.31640492845509e-08 2.86803594207186e-08 2.41966713332431e-08
-9999 -9999 -9999 -9999 -9999 -9999 -9999 -9999 2.13303835039369e-07 2.0343372852949e-07 1.9356362201961e-07 1.83693501298876e-07 1.73823394788997e-07 1.63953288279117e-07 1.559530034001e-07 1.53562183413669e-07 1.51171363427238e-07 1.48780543440807e-07 1.46389723454377e-07 1.43998903467946e-07 1.4160806927066e-07 1.39217249284229e-07 1.35174900606216e-07 1.30582037627391e-07 -9999 1.21396297458887e-07 1.16803434480062e-07 1.12210571501237e-07 1.07617708522412e-07 1.02099107834874e-07 -9999 -9999 -9999 -9999 -9999 -9999 -9999 3.86260126106208e-08 3.41879200504991e-08 2.97498274903774e-08 2.53117331538988e-08
-9999 -9999 -9999 -9999 -9999 -9999 -9999 -9999 -9999 1.99420114199711e-07 1.90892308182811e-07 1.8236450216591e-07 1.73836681938155e-07 1.65308875921255e-07 1.58424867890972e-07 1.56472296453103e-07 1.54519725015234e-07 1.52567153577365e-07 1.50614567928642e-07 1.48661996490773e-07 1.46709425052904e-07 1.44756839404181e-07 1.40680114668612e-07 1.35895319886004e-07 -9999 -9999 1.21540949749033e-07 1.16756162071852e-07 1.1197137439467e-07 1.06199976812604e-07 -9999 -9999 -9999 -9999 -9999 -9999 4.50814674479716e-08 3.9604291401929e-08 3.52117908164473e-08 3.08192937836793e-08 2.64267967509113e-08
-9999 -9999 -9999 -9999 -9999 -9999 -9999 -9999 -9999 -9999 -9999 1.8103548882209e-07 1.73849969087314e-07 1.66664463563393e-07 1.60896746592698e-07 1.59382409492537e-07 1.5786808660323e-07 1.56353749503069e-07 1.54839426613762e-07 1.53325089513601e-07 1.51810766624294e-07 1.50296443734987e-07 1.46185314520153e-07 1.41208602144616e-07 -9999 -9999 -9999 1.21301752642466e-07 1.16325040266929e-07 -9999 -9999 -9999 -9999 -9999 -9999 5.53010401915799e-08 4.61344029645261e-08 4.05825666405235e-08 3.62356651351092e-08 3.18887600769813e-08 2.7541858571567e-08
-9999 -9999 -9999 -9999 -9999 -9999 -9999 -9999 -9999 -9999 -9999 -9999 1.73863256236473e-07 1.68020036994676e-07 1.6336861108357e-07 1.6229252253197e-07 1.61216448191226e-07 1.60140359639627e-07 1.59064285298882e-07 1.57988196747283e-07 1.56912108195684e-07 1.55836033854939e-07 1.51690528582549e-07 1.46521898614083e-07 1.41353254434762e-07 1.36184624466296e-07 -9999 -9999 -9999 -9999 -9999 -9999 -9999 -9999 -9999 5.67893927438945e-08 4.71873384810806e-08 4.15608454318317e-08 3.72595359010575e-08 3.29582299229969e-08 -9999
