data/working_set_collections/6091692-Cassins_Sparrow-M2/2000/wchange_avg.asc
NCOLS 265 
NROWS 230 
XLLCORNER -115.5625 
YLLCORNER 24.8333333333333 
CELLSIZE 0.0833333333333333 
NODATA_value -9999 
[rows 108 to 125 of 230, columns 164 to 204 of 265]
1.00437750916171e-06 9.92666741694848e-07 9.80955974227982e-07 9.69245206761116e-07 9.5753443929425e-07 9.45823614983965e-07 9.34112847517099e-07 9.22402080050233e-07 9.06631782982004e-07 8.89508328327793e-07 8.72384873673582e-07 8.55261419019371e-07 8.3813796436516e-07 8.21014509710949e-07 8.03891055056738e-07 7.92175512742688e-07 7.96683536918863e-07 8.01191561095038e-07 8.05699585271213e-07 8.10207609447389e-07 8.14715633623564e-07 8.19223657799739e-07 8.23731681975914e-07 8.19939771190548e-07 8.13381177522388e-07 8.06822640697646e-07 8.00264047029486e-07 7.93705510204745e-07 7.87146916536585e-07 7.80588379711844e-07 7.70816484418901e-07 7.51404627408192e-07 7.31992770397483e-07 7.12580970230192e-07 6.93169113219483e-07 6.73757256208773e-07 6.54345456041483e-07 6.34933599030774e-07 6.36848142221424e-07 6.4587140968797e-07 6.54894733997935e-07
1.0296373602614e-06 1.0183324548052e-06 1.007027549349e-06 9.95722643892805e-07 9.84417738436605e-07 9.73112832980405e-07 9.61807927524205e-07 9.50502965224587e-07 9.35956222747336e-07 9.20328886877542e-07 9.04701494164328e-07 8.89074158294534e-07 8.73446822424739e-07 8.57819429711526e-07 8.42192093841732e-07 8.30950000363373e-07 8.3286374774616e-07 8.34777495128947e-07 8.36691242511733e-07 8.3860498989452e-07 8.40518680433888e-07 8.42432427816675e-07 8.44346175199462e-07 8.37989716728771e-07 8.28876579817006e-07 8.19763386061823e-07 8.10650192306639e-07 8.01537055394874e-07 7.92423861639691e-07 7.83310667884507e-07 7.72915313973499e-07 7.5867336590818e-07 7.44431417842861e-07 7.30189469777542e-07 7.15947464868805e-07 7.01705516803486e-07 6.87463568738167e-07 6.73221620672848e-07 6.76978686442453e-07 6.8673540454256e-07 6.96492179486086e-07
1.05489732504793e-06 1.0439982816024e-06 1.03309912447003e-06 1.02220008102449e-06 1.01130103757896e-06 1.00040199413343e-06 9.89502950687893e-07 9.78603907242359e-07 9.6528060566925e-07 9.51149388583872e-07 9.37018114655075e-07 9.22886840726278e-07 9.087556236409e-07 8.94624349712103e-07 8.80493075783306e-07 8.69724487984058e-07 8.69043958573457e-07 8.68363429162855e-07 8.67682899752253e-07 8.67002313498233e-07 8.66321784087631e-07 8.6564125467703e-07 8.64960725266428e-07 8.56039719110413e-07 8.44371925268206e-07 8.32704188269418e-07 8.2103639442721e-07 8.09368600585003e-07 7.97700806742796e-07 7.86033012900589e-07 7.75014143528097e-07 7.65942104408168e-07 7.56870008444821e-07 7.47797912481474e-07 7.38725873361545e-07 7.29653777398198e-07 7.2058173827827e-07 7.11509642314923e-07 7.17109230663482e-07 7.2759939939715e-07 7.38089568130817e-07
1.08015717614762e-06 1.06966399471276e-06 1.05917081327789e-06 1.04867751815618e-06 1.03818433672132e-06 1.02769115528645e-06 1.01719797385158e-06 1.00670479241671e-06 9.94605102278001e-07 9.81969947133621e-07 9.6933479198924e-07 9.5669963684486e-07 9.44064424857061e-07 9.3142926971268e-07 9.187941145683e-07 9.08499032448162e-07 9.05224169400753e-07 9.01949363196763e-07 8.98674556992773e-07 8.95399693945365e-07 8.92124887741375e-07 8.88850081537385e-07 8.85575218489976e-07 8.74089721492055e-07 8.59867327562824e-07 8.45644933633594e-07 8.31422539704363e-07 8.17200145775132e-07 8.02977751845901e-07 7.88755357916671e-07 7.77112973082694e-07 7.73210786064737e-07 7.69308599046781e-07 7.65406412028824e-07 7.61504225010867e-07 7.5760203799291e-07 7.53699850974954e-07 7.49797663956997e-07 7.57239831727929e-07 7.68463394251739e-07 7.79687013618968e-07
1.10541714093415e-06 1.09532970782311e-06 1.08524238839891e-06 1.07515506897471e-06 1.06506763586367e-06 1.05498031643947e-06 1.04489299701527e-06 1.03480567759107e-06 1.02392948519991e-06 1.01279044883995e-06 1.00165141247999e-06 9.90512262433185e-07 9.79373226073221e-07 9.68234189713257e-07 9.57095153353293e-07 9.47273520068848e-07 9.41404437071469e-07 9.35535297230672e-07 9.29666214233293e-07 9.23797074392496e-07 9.17927991395118e-07 9.1205885155432e-07 9.06189768556942e-07 8.92139723873697e-07 8.75362729857443e-07 8.5858567899777e-07 8.41808684981515e-07 8.25031690965261e-07 8.08254696949007e-07 7.91477646089334e-07 7.79211859480711e-07 7.80479524564726e-07 7.81747246492159e-07 7.83014911576174e-07 7.84282633503608e-07 7.85550298587623e-07 7.86818020515057e-07 7.88085685599071e-07 7.97370375948958e-07 8.09327389106329e-07 8.212844022637e-07
1.13067699203384e-06 1.12099553462031e-06 1.11131396351993e-06 1.1016325061064e-06 1.09195104869286e-06 1.08226947759249e-06 1.07258802017896e-06 1.06290656276542e-06 1.05325386812183e-06 1.04361095054628e-06 1.03396803297073e-06 1.02432500170835e-06 1.0146820841328e-06 1.00503905287042e-06 9.95396135294868e-07 9.86048007689533e-07 9.77584591055347e-07 9.69121288107999e-07 9.60657871473813e-07 9.52194454839628e-07 9.43731038205442e-07 9.35267678414675e-07 9.2680426178049e-07 9.10189726255339e-07 8.90858075308643e-07 8.71526481205365e-07 8.52194830258668e-07 8.3286323615539e-07 8.13531642052112e-07 7.94199991105415e-07 7.81310689035308e-07 7.87748263064714e-07 7.94185837094119e-07 8.00623411123524e-07 8.0706098515293e-07 8.13498559182335e-07 8.1993613321174e-07 8.26373707241146e-07 8.37500977013406e-07 8.50191383960919e-07 8.62881847751851e-07
1.1552001524251e-06 1.14636020498438e-06 1.13752025754366e-06 1.1286801964161e-06 1.11984024897538e-06 1.11100030153466e-06 1.10216035409394e-06 1.09332040665322e-06 1.08484778138518e-06 1.07649759684136e-06 1.06814741229755e-06 1.05979722775373e-06 1.05144704320992e-06 1.0430968586661e-06 1.03474667412229e-06 1.02603530649503e-06 1.01624038961745e-06 1.00644535905303e-06 9.96650442175451e-07 9.8685552529787e-07 9.7706049473345e-07 9.67265577855869e-07 9.5747054729145e-07 9.39782808018208e-07 9.19464127946412e-07 8.99145447874616e-07 8.7882676780282e-07 8.58508087731025e-07 8.38189407659229e-07 8.17870727587433e-07 8.05207719167811e-07 8.15511668861291e-07 8.2581561855477e-07 8.36119511404831e-07 8.46423461098311e-07 8.56727410791791e-07 8.67031360485271e-07 8.77335253335332e-07 8.87947010141943e-07 8.98661312476179e-07 9.09375671653834e-07
1.17898662210791e-06 1.17142383260216e-06 1.1638610430964e-06 1.15629825359065e-06 1.14873546408489e-06 1.14117267457914e-06 1.13360988507338e-06 1.12604709556763e-06 1.11871099761629e-06 1.11145027403836e-06 1.10418955046043e-06 1.09692894056934e-06 1.08966821699141e-06 1.08240760710032e-06 1.07514688352239e-06 1.06723541648535e-06 1.05737160538411e-06 1.04750779428286e-06 1.03764398318162e-06 1.02778017208038e-06 1.01791624729231e-06 1.00805243619106e-06 9.98188625089824e-07 9.80919026005722e-07 9.61180830927333e-07 9.41442692692362e-07 9.21704497613973e-07 9.01966302535584e-07 8.82228107457195e-07 8.62489912378805e-07 8.50902949878218e-07 8.63769741954457e-07 8.76636477187276e-07 8.89503269263514e-07 9.02370061339752e-07 9.15236796572572e-07 9.2810358864881e-07 9.40970323881629e-07 9.48708532177989e-07 9.54737288338947e-07 9.60765987656487e-07
1.20277297810389e-06 1.1964873465331e-06 1.19020182864915e-06 1.18391619707836e-06 1.17763067919441e-06 1.17134504762362e-06 1.16505952973966e-06 1.15877389816887e-06 1.1525742138474e-06 1.14640295123536e-06 1.14023180231015e-06 1.13406065338495e-06 1.12788950445974e-06 1.1217182418477e-06 1.1155470929225e-06 1.10843552647566e-06 1.09850282115076e-06 1.08857011582586e-06 1.0786375241878e-06 1.0687048188629e-06 1.058772113538e-06 1.0488394082131e-06 1.0389067028882e-06 1.02205524399324e-06 1.00289753390825e-06 9.83739937510109e-07 9.64582227425126e-07 9.45424460496724e-07 9.2626680725516e-07 9.07109097170178e-07 8.96598237432045e-07 9.12027815047622e-07 9.274573926632e-07 9.42887027122197e-07 9.58316604737774e-07 9.73746182353352e-07 9.8917575996893e-07 1.00460533758451e-06 1.00947011105745e-06 1.0108132073583e-06 1.0121561899723e-06
1.22655933409987e-06 1.22155097415089e-06 1.2165426142019e-06 1.21153425425291e-06 1.20652589430392e-06 1.20151753435493e-06 1.19650906071911e-06 1.19150070077012e-06 1.18643743007851e-06 1.18135574211919e-06 1.17627405415988e-06 1.17119236620056e-06 1.16611067824124e-06 1.16102899028192e-06 1.1559473023226e-06 1.14963563646597e-06 1.13963403691741e-06 1.12963255105569e-06 1.11963095150713e-06 1.10962946564541e-06 1.09962786609685e-06 1.08962638023513e-06 1.07962478068657e-06 1.06319146198075e-06 1.04461435057601e-06 1.02603712548444e-06 1.00745990039286e-06 9.88882675301284e-07 9.70305450209707e-07 9.5172828196155e-07 9.42293468142452e-07 9.60285888140788e-07 9.78278308139124e-07 9.9627072813746e-07 1.0142631481358e-06 1.03225556813413e-06 1.05024798813247e-06 1.0682404081308e-06 1.0702316330935e-06 1.06688912637765e-06 1.06354650597495e-06
1.25034580378269e-06 1.24661460176867e-06 1.24288339975465e-06 1.23915219774062e-06 1.23542110941344e-06 1.23168990739941e-06 1.22795870538539e-06 1.22422750337137e-06 1.22030064630962e-06 1.21630841931619e-06 1.21231619232276e-06 1.20832407901617e-06 1.20433185202273e-06 1.2003396250293e-06 1.19634751172271e-06 1.19083574645629e-06 1.18076536637091e-06 1.17069487259869e-06 1.16062449251331e-06 1.15055411242793e-06 1.14048373234255e-06 1.13041323857033e-06 1.12034285848495e-06 1.1043277936551e-06 1.08633105355693e-06 1.06833431345876e-06 1.05033757336059e-06 1.03234083326242e-06 1.01434420685109e-06 9.96347466752923e-07 9.87988755696279e-07 1.00854401807737e-06 1.02909916677163e-06 1.04965442915272e-06 1.07020969153382e-06 1.09076495391491e-06 1.11132021629601e-06 1.1318754786771e-06 1.13099315512954e-06 1.122965045397e-06 1.11493682197761e-06
1.27413215977867e-06 1.27167822938645e-06 1.26922418530739e-06 1.26677025491517e-06 1.26431621083611e-06 1.26186228044389e-06 1.25940835005167e-06 1.25695430597261e-06 1.25416386254074e-06 1.25126109651319e-06 1.24835844417248e-06 1.24545579183177e-06 1.24255302580423e-06 1.23965037346352e-06 1.23674772112281e-06 1.2320358564466e-06 1.22189658213756e-06 1.21175730782852e-06 1.20161803351948e-06 1.19147875921044e-06 1.1813394849014e-06 1.17120021059236e-06 1.16106093628332e-06 1.14546401164262e-06 1.12804775653785e-06 1.11063150143309e-06 1.09321524632833e-06 1.0757991049104e-06 1.05838284980564e-06 1.04096659470088e-06 1.03368392956327e-06 1.05680203432712e-06 1.07992013909097e-06 1.10303824385483e-06 1.12615634861868e-06 1.14927433969569e-06 1.17239244445955e-06 1.1955105492234e-06 1.19175467716559e-06 1.17904085072951e-06 1.16632713798026e-06
1.31455863083829e-06 1.31157753457956e-06 1.30859655200766e-06 1.30561545574892e-06 1.30263447317702e-06 1.29965337691829e-06 1.29667239434639e-06 1.29369129808765e-06 1.29096588352695e-06 1.2883256204077e-06 1.28568524360162e-06 1.28304498048237e-06 1.28040471736313e-06 1.27776445424388e-06 1.27512419112463e-06 1.27071780298138e-06 1.26101349451346e-06 1.25130907235871e-06 1.24160465020395e-06 1.23190034173604e-06 1.22219591958128e-06 1.21249149742653e-06 1.20278718895861e-06 1.1882176522704e-06 1.17202637284208e-06 1.15583520710061e-06 1.1396439276723e-06 1.12345276193082e-06 1.10726148250251e-06 1.09107031676103e-06 1.08455139979924e-06 1.10704945655016e-06 1.12954751330108e-06 1.152045570052e-06 1.17454351311608e-06 1.197041569867e-06 1.21953962661792e-06 1.24203768336884e-06 1.23483255265455e-06 1.21772654892993e-06 1.20062043151847e-06
1.37162510327471e-06 1.36631274472165e-06 1.3610003861686e-06 1.35568802761554e-06 1.35037566906249e-06 1.34506331050943e-06 1.33975095195638e-06 1.33443859340332e-06 1.33070670926827e-06 1.32750176362606e-06 1.32429681798385e-06 1.32109187234164e-06 1.31788681301259e-06 1.31468186737038e-06 1.31147692172817e-06 1.30688169974746e-06 1.29811598981178e-06 1.28935027987609e-06 1.28058445625356e-06 1.27181874631788e-06 1.26305292269535e-06 1.25428721275966e-06 1.24552138913714e-06 1.23258871553844e-06 1.21826701615646e-06 1.20394531677448e-06 1.1896236173925e-06 1.17530191801052e-06 1.16098021862854e-06 1.14665851924656e-06 1.14059105271735e-06 1.15928617105965e-06 1.17798128940194e-06 1.19667640774423e-06 1.21537152608653e-06 1.23406664442882e-06 1.25276176277112e-06 1.27145688111341e-06 1.26022678159643e-06 1.23902179893776e-06 1.21781670259224e-06
1.42869157571113e-06 1.42104784117691e-06 1.41340422032954e-06 1.40576048579533e-06 1.39811686494795e-06 1.39047313041374e-06 1.38282950956636e-06 1.37518577503215e-06 1.37044764869643e-06 1.36667802053125e-06 1.36290827867924e-06 1.35913865051407e-06 1.3553690223489e-06 1.35159928049688e-06 1.34782965233171e-06 1.34304559651355e-06 1.33521848511009e-06 1.32739137370663e-06 1.31956426230317e-06 1.31173715089972e-06 1.30391003949626e-06 1.29608281440596e-06 1.28825570300251e-06 1.27695977880649e-06 1.26450765947084e-06 1.25205542644835e-06 1.2396033071127e-06 1.22715107409022e-06 1.21469895475457e-06 1.20224683541892e-06 1.19663070563547e-06 1.21152288556914e-06 1.22641506550281e-06 1.24130724543647e-06 1.25619942537014e-06 1.27109160530381e-06 1.28598378523748e-06 1.30087596517114e-06 1.28562101053831e-06 1.26031704894558e-06 1.23501308735285e-06
1.48575804814755e-06 1.47578305131901e-06 1.46580805449048e-06 1.45583305766195e-06 1.44585806083342e-06 1.43588306400488e-06 1.42590806717635e-06 1.41593307034782e-06 1.41018847443775e-06 1.40585416374961e-06 1.40151985306147e-06 1.3971854286865e-06 1.39285111799836e-06 1.38851680731022e-06 1.38418238293525e-06 1.37920960696647e-06 1.37232109409524e-06 1.36543258122401e-06 1.35854406835278e-06 1.35165555548156e-06 1.34476704261033e-06 1.3378785297391e-06 1.33099001686787e-06 1.32133084207453e-06 1.31074830278521e-06 1.30016564980906e-06 1.28958299683291e-06 1.27900034385675e-06 1.2684176908806e-06 1.25783503790444e-06 1.25267035855359e-06 1.26375960007863e-06 1.27484884160367e-06 1.28593808312871e-06 1.29702732465375e-06 1.30811667986563e-06 1.31920592139068e-06 1.33029516291572e-06 1.31101523948018e-06 1.28161229895341e-06 1.25220935842663e-06
1.54282452058396e-06 1.53051826146111e-06 1.51821188865142e-06 1.50590551584173e-06 1.49359925671888e-06 1.48129288390919e-06 1.46898662478634e-06 1.45668025197665e-06 1.4499294138659e-06 1.4450304206548e-06 1.44013131375686e-06 1.43523232054577e-06 1.43033332733467e-06 1.42543422043673e-06 1.42053522722563e-06 1.41537350373255e-06 1.40942358939355e-06 1.40347367505456e-06 1.39752376071556e-06 1.3915739600634e-06 1.3856240457244e-06 1.3796741313854e-06 1.37372433073324e-06 1.36570201902941e-06 1.35698883241275e-06 1.34827575948293e-06 1.33956257286627e-06 1.33084949993645e-06 1.32213642700663e-06 1.31342324038997e-06 1.3087100114717e-06 1.31599631458812e-06 1.32328261770454e-06 1.33056903450779e-06 1.33785533762421e-06 1.34514164074062e-06 1.35242794385704e-06 1.35971436066029e-06 1.33640946842206e-06 1.30290766264807e-06 1.26940574318724e-06
1.59989099302038e-06 1.58525335791637e-06 1.57061572281236e-06 1.55597808770835e-06 1.54134045260435e-06 1.52670281750034e-06 1.51206518239633e-06 1.49742754729232e-06 1.48967035329406e-06 1.48420656387316e-06 1.4787428881391e-06 1.47327909871819e-06 1.46781542298413e-06 1.46235163356323e-06 1.45688795782917e-06 1.45153740049864e-06 1.44652608469187e-06 1.44151488257194e-06 1.43650356676517e-06 1.43149236464524e-06 1.42648104883847e-06 1.42146984671854e-06 1.41645853091177e-06 1.41007308229746e-06 1.40322947572713e-06 1.3963858691568e-06 1.38954226258647e-06 1.38269865601615e-06 1.37585504944582e-06 1.36901144287549e-06 1.36474966438982e-06 1.36823302909761e-06 1.37171650749224e-06 1.37519987220003e-06 1.37868323690782e-06 1.38216671530245e-06 1.38565008001024e-06 1.38913344471803e-06 1.36180369736394e-06 1.32420291265589e-06 1.28660201426101e-06
