data/working_set_collections/6091692-Cassins_Sparrow-M2/2000/wchange_avg.asc
NCOLS 265 
NROWS 230 
XLLCORNER -115.5625 
YLLCORNER 24.8333333333333 
CELLSIZE 0.0833333333333333 
NODATA_value -9999 
[rows 72 to 89 of 230, columns 41 to 81 of 265]
8.29408463687287e-07 8.15849887203512e-07 8.02291253876319e-07 7.82407539645646e-07 7.4354829848744e-07 7.04689114172652e-07 6.65829873014445e-07 6.26970631856238e-07 5.88111447541451e-07 5.49252206383244e-07 5.10392965225037e-07 5.00242663292738e-07 4.99661950925656e-07 4.99081238558574e-07 4.98500583034911e-07 4.97919870667829e-07 4.97339158300747e-07 4.96758445933665e-07 4.95710139603034e-07 4.93258937694918e-07 4.90807735786802e-07 4.88356477035268e-07 4.85905275127152e-07 4.83454073219036e-07 4.8100287131092e-07 4.78551669402805e-07 4.85477528400224e-07 4.95529093313962e-07 5.055806582277e-07 5.15632166298019e-07 5.25683731211757e-07 5.35735296125495e-07 5.45786861039232e-07 5.51333755538508e-07 5.43366752481234e-07 5.35399749423959e-07 5.27432746366685e-07 5.19465743309411e-07 5.11498740252136e-07 5.03531737194862e-07 4.95564734137588e-07
8.36232288747851e-07 8.20204547835601e-07 8.0417686376677e-07 7.82417146183434e-07 7.43461555430258e-07 7.04506021520501e-07 6.65550430767325e-07 6.2659484001415e-07 5.87639249260974e-07 5.48683715351217e-07 5.09728124598041e-07 4.99793713970575e-07 4.99533086895099e-07 4.99272402976203e-07 4.99011775900726e-07 4.98751091981831e-07 4.98490408062935e-07 4.98229780987458e-07 4.97708981583855e-07 4.96407949412969e-07 4.95106917242083e-07 4.93805885071197e-07 4.92504852900311e-07 4.91203820729424e-07 4.89902731715119e-07 4.88601699544233e-07 4.96566315177915e-07 5.07619404288562e-07 5.18672550242627e-07 5.29725696196692e-07 5.40778842150758e-07 5.51831931261404e-07 5.62885077215469e-07 5.69458848076465e-07 5.6259460734509e-07 5.55730366613716e-07 5.48866125882341e-07 5.42001885150967e-07 5.35137587576173e-07 5.28273346844799e-07 5.21409106113424e-07
8.43056113808416e-07 8.24559265311109e-07 8.06062416813802e-07 7.82426752721221e-07 7.43374812373077e-07 7.04322928868351e-07 6.65270988520206e-07 6.26219048172061e-07 5.87167107823916e-07 5.48115167475771e-07 5.09063227127626e-07 4.99344821491832e-07 4.99404166021122e-07 4.99463567393832e-07 4.99522968766541e-07 4.99582313295832e-07 4.99641714668542e-07 4.99701059197832e-07 4.99707880408096e-07 4.99557017974439e-07 4.99406155540782e-07 4.99255236263707e-07 4.9910437383005e-07 4.98953511396394e-07 4.98802592119318e-07 4.98651729685662e-07 5.07655045112188e-07 5.1970977210658e-07 5.31764499100973e-07 5.43819169251947e-07 5.55873896246339e-07 5.67928623240732e-07 5.79983350235125e-07 5.87583997457841e-07 5.81822462208947e-07 5.76060983803472e-07 5.70299505397998e-07 5.64537970149104e-07 5.58776491743629e-07 5.53014956494735e-07 5.4725347808926e-07
8.49879995712399e-07 8.28913982786617e-07 8.07947969860834e-07 7.82436416102428e-07 7.43288126159314e-07 7.041398362162e-07 6.64991546273086e-07 6.25843256329972e-07 5.86694966386858e-07 5.47546676443744e-07 5.0839838650063e-07 4.98895872169669e-07 4.99275301990565e-07 4.99654731811461e-07 5.00034161632357e-07 5.00413534609834e-07 5.0079296443073e-07 5.01172394251626e-07 5.01706779232336e-07 5.02706086535909e-07 5.03705336996063e-07 5.04704644299636e-07 5.0570389475979e-07 5.06703202063363e-07 5.07702452523517e-07 5.0870175982709e-07 5.18743831889878e-07 5.3180008308118e-07 5.448563911159e-07 5.5791269915062e-07 5.7096900718534e-07 5.84025258376641e-07 5.97081566411362e-07 6.05709089995798e-07 6.01050373916223e-07 5.96391600993229e-07 5.91732828070235e-07 5.8707411199066e-07 5.82415339067666e-07 5.7775662298809e-07 5.73097850065096e-07
8.56703820772964e-07 8.33268700262124e-07 8.09833522907866e-07 7.82446022640215e-07 7.43201383102132e-07 7.03956743564049e-07 6.64712104025966e-07 6.25467407644464e-07 5.86222768106381e-07 5.46978128568298e-07 5.07733489030215e-07 4.98446922847506e-07 4.99146381116589e-07 4.99845839385671e-07 5.00545297654753e-07 5.01244812767254e-07 5.01944271036336e-07 5.02643729305419e-07 5.03705678056576e-07 5.0585509825396e-07 5.08004575294763e-07 5.10153995492146e-07 5.12303472532949e-07 5.14452892730333e-07 5.16602369771135e-07 5.18751789968519e-07 5.29832561824151e-07 5.43890450899198e-07 5.57948339974246e-07 5.72006172205874e-07 5.86064061280922e-07 6.0012195035597e-07 6.14179839431017e-07 6.23834239377175e-07 6.2027822878008e-07 6.16722218182986e-07 6.13166207585891e-07 6.09610196988797e-07 6.06054243235121e-07 6.02498232638027e-07 5.98942222040932e-07
8.63527645833528e-07 8.37623360894213e-07 8.11719075954898e-07 7.82455629178003e-07 7.43114640044951e-07 7.03773650911899e-07 6.64432604935428e-07 6.25091615802376e-07 5.85750626669324e-07 5.46409637536271e-07 5.07068648403219e-07 4.97998030368763e-07 4.99017517086031e-07 5.000370038033e-07 5.01056490520568e-07 5.02076034081256e-07 5.03095520798524e-07 5.04115007515793e-07 5.05704576880817e-07 5.0900416681543e-07 5.12303756750043e-07 5.15603403528075e-07 5.18902993462689e-07 5.22202583397302e-07 5.25502230175334e-07 5.28801820109948e-07 5.40921291758423e-07 5.55980761873798e-07 5.71040231989173e-07 5.86099702104548e-07 6.01159172219923e-07 6.16218585491879e-07 6.31278055607254e-07 6.41959331915132e-07 6.39506083643937e-07 6.37052835372742e-07 6.34599587101548e-07 6.32146338830353e-07 6.29693090559158e-07 6.27239842287963e-07 6.24786594016769e-07
8.66448658598529e-07 8.39549159081798e-07 8.12649602721649e-07 7.82770484875073e-07 7.4395245519554e-07 7.05134425516007e-07 6.66316395836475e-07 6.27498366156942e-07 5.8868033647741e-07 5.49862306797877e-07 5.11044277118344e-07 5.02278339808981e-07 5.0352986136204e-07 5.04781326071679e-07 5.06032847624738e-07 5.07284312334377e-07 5.08535833887436e-07 5.09787298597075e-07 5.11535915848071e-07 5.14776047566556e-07 5.18016122441622e-07 5.21256197316688e-07 5.24496329035173e-07 5.27736403910239e-07 5.30976478785306e-07 5.3421661050379e-07 5.45137652352423e-07 5.58619035473384e-07 5.72100361750927e-07 5.85581744871888e-07 5.99063127992849e-07 6.12544511113811e-07 6.26025837391353e-07 6.35694789252739e-07 6.33926504178817e-07 6.32158219104895e-07 6.30389934030973e-07 6.28621648957051e-07 6.2685330703971e-07 6.25085021965788e-07 6.23316736891866e-07
8.65466859067965e-07 8.39045981138042e-07 8.12625160051539e-07 7.83390532888006e-07 7.45714828553901e-07 7.08039067376376e-07 6.70363306198851e-07 6.32687601864745e-07 5.95011840687221e-07 5.57336079509696e-07 5.1966037517559e-07 5.11287964855001e-07 5.12683413944615e-07 5.1407880619081e-07 5.15474255280424e-07 5.16869704370038e-07 5.18265096616233e-07 5.19660545705847e-07 5.21199808645179e-07 5.23170740507339e-07 5.25141615526081e-07 5.27112490544823e-07 5.29083422406984e-07 5.31054297425726e-07 5.33025229287887e-07 5.34996104306629e-07 5.42481529919314e-07 5.5180515801112e-07 5.61128786102927e-07 5.70452357351314e-07 5.79775985443121e-07 5.89099613534927e-07 5.98423184783314e-07 6.05040611389995e-07 6.03539490384719e-07 6.02038312536024e-07 6.00537191530748e-07 5.99036070525472e-07 5.97534892676777e-07 5.960337716715e-07 5.94532593822805e-07
8.64485059537401e-07 8.38542860037705e-07 8.1260066053801e-07 7.84010637744359e-07 7.47477201912261e-07 7.10943709236744e-07 6.74410273404646e-07 6.37876837572549e-07 6.01343344897032e-07 5.64809909064934e-07 5.28276473232836e-07 5.2029758990102e-07 5.21836966527189e-07 5.23376343153359e-07 5.2491566293611e-07 5.26455039562279e-07 5.27994416188449e-07 5.29533735971199e-07 5.30863701442286e-07 5.31565376604703e-07 5.3226710861054e-07 5.32968783772958e-07 5.33670515778795e-07 5.34372247784631e-07 5.35073922947049e-07 5.35775654952886e-07 5.39825464329624e-07 5.44991280548857e-07 5.50157153611508e-07 5.55323026674159e-07 5.60488842893392e-07 5.65654715956043e-07 5.70820532175276e-07 5.74386433527252e-07 5.73152476590622e-07 5.71918462810572e-07 5.70684449030523e-07 5.69450492093893e-07 5.68216478313843e-07 5.66982521377213e-07 5.65748507597164e-07
8.63503260006837e-07 8.3803968209395e-07 8.12576161024481e-07 7.84630685757293e-07 7.49239518427203e-07 7.13848407940532e-07 6.78457240610442e-07 6.43066073280352e-07 6.07674905950262e-07 5.72283738620172e-07 5.36892571290082e-07 5.29307271790458e-07 5.30990519109764e-07 5.32673823272489e-07 5.34357127435214e-07 5.36040374754521e-07 5.37723678917246e-07 5.39406983079971e-07 5.40527537395974e-07 5.39960069545486e-07 5.39392601694999e-07 5.38825077001093e-07 5.38257609150605e-07 5.37690141300118e-07 5.37122616606212e-07 5.36555148755724e-07 5.37169341896515e-07 5.38177459930012e-07 5.39185521120089e-07 5.40193639153586e-07 5.41201700343663e-07 5.4220981837716e-07 5.43217879567237e-07 5.43732255664509e-07 5.42765405953105e-07 5.4179861308512e-07 5.40831763373717e-07 5.39864913662313e-07 5.3889806395091e-07 5.37931214239507e-07 5.36964421371522e-07
8.62521403632854e-07 8.37536560993613e-07 8.12551661510952e-07 7.85250790613645e-07 7.51001891785563e-07 7.167530498009e-07 6.82504150972818e-07 6.48255308988155e-07 6.14006410160073e-07 5.7975756817541e-07 5.45508669347328e-07 5.38316896836477e-07 5.40144071692339e-07 5.4197130339162e-07 5.437985350909e-07 5.45625766790181e-07 5.47452998489462e-07 5.49280173345323e-07 5.50191430193081e-07 5.48354762486269e-07 5.46518094779458e-07 5.44681370229227e-07 5.42844702522416e-07 5.41008034815604e-07 5.39171367108793e-07 5.37334699401981e-07 5.34513276306825e-07 5.31363582467748e-07 5.2821388862867e-07 5.25064251633012e-07 5.21914557793934e-07 5.18764920798276e-07 5.15615226959198e-07 5.13078077801765e-07 5.12378392159007e-07 5.1167870651625e-07 5.10979020873492e-07 5.10279335230734e-07 5.09579649587977e-07 5.08879963945219e-07 5.08180278302461e-07
8.6153960410229e-07 8.37033383049857e-07 8.12527161997423e-07 7.85870838626579e-07 7.52764265143924e-07 7.19657691661268e-07 6.86551118178613e-07 6.53444544695958e-07 6.20337971213303e-07 5.87231340887229e-07 5.54124767404574e-07 5.47326521882496e-07 5.49297681118333e-07 5.5126878351075e-07 5.53239942746586e-07 5.55211101982422e-07 5.57182261218259e-07 5.59153420454095e-07 5.59855322990188e-07 5.56749455427052e-07 5.53643587863917e-07 5.50537720300781e-07 5.47431795894227e-07 5.44325928331091e-07 5.41220060767955e-07 5.38114193204819e-07 5.31857153873716e-07 5.24549705005484e-07 5.1724231298067e-07 5.09934864112438e-07 5.02627472087624e-07 4.95320023219392e-07 4.8801257435116e-07 4.82423899939022e-07 4.8199137836491e-07 4.81558856790798e-07 4.81126278373267e-07 4.80693756799155e-07 4.80261235225043e-07 4.79828713650932e-07 4.7939619207682e-07
8.67548010319297e-07 8.43472207634477e-07 8.19396348106238e-07 7.93651054209477e-07 7.6289722983347e-07 7.32143462300883e-07 7.01389694768295e-07 6.70635927235708e-07 6.39882102859701e-07 6.09128335327114e-07 5.78374567794526e-07 5.71718885566952e-07 5.73095917388855e-07 5.74472949210758e-07 5.75849981032661e-07 5.77227012854564e-07 5.78604044676467e-07 5.7998107649837e-07 5.79783431930991e-07 5.74861815039185e-07 5.6994014130396e-07 5.65018467568734e-07 5.60096793833509e-07 5.55175120098284e-07 5.50253446363058e-07 5.45331772627833e-07 5.36116033345024e-07 5.25468919931882e-07 5.14821806518739e-07 5.04174693105597e-07 4.93527579692454e-07 4.82880466279312e-07 4.72233352866169e-07 4.6394973196584e-07 4.62756560182243e-07 4.61563416820354e-07 4.60370273458466e-07 4.59177130096577e-07 4.57983986734689e-07 4.56790814951091e-07 4.55597671589203e-07
8.80546679127292e-07 8.56852921060636e-07 8.33159219837398e-07 8.085913236755e-07 7.81400842697622e-07 7.54210361719743e-07 7.27019880741864e-07 6.99829399763985e-07 6.72638975629525e-07 6.45448494651646e-07 6.18258013673767e-07 6.11494044733263e-07 6.11538894190744e-07 6.11583800491644e-07 6.11628649949125e-07 6.11673499406606e-07 6.11718348864088e-07 6.11763255164988e-07 6.09975870702328e-07 6.02691784479248e-07 5.95407755099586e-07 5.88123668876506e-07 5.80839582653425e-07 5.73555553273764e-07 5.66271467050683e-07 5.58987380827602e-07 5.47289857877331e-07 5.34121113560104e-07 5.20952369242877e-07 5.0778368176907e-07 4.94614937451843e-07 4.81446249978035e-07 4.68277505660808e-07 4.57655573882221e-07 4.54674022876134e-07 4.51692500291756e-07 4.48710949285669e-07 4.45729398279582e-07 4.42747847273495e-07 4.39766296267408e-07 4.3678474526132e-07
8.93545347935287e-07 8.70233691330213e-07 8.46922091568558e-07 8.23531593141524e-07 7.99904398718354e-07 7.76277261138603e-07 7.52650123558851e-07 7.29022929135681e-07 7.0539579155593e-07 6.81768653976178e-07 6.58141459553008e-07 6.51269203899574e-07 6.49981927836052e-07 6.48694594929111e-07 6.4740726202217e-07 6.46119985958649e-07 6.44832653051708e-07 6.43545376988186e-07 6.40168252630247e-07 6.3052181076273e-07 6.20875312051794e-07 6.11228870184277e-07 6.0158242831676e-07 5.91935929605825e-07 5.82289487738308e-07 5.72642989027372e-07 5.58463625566219e-07 5.42773307188327e-07 5.27082988810434e-07 5.11392670432542e-07 4.9570235205465e-07 4.80011976833339e-07 4.64321686877156e-07 4.51361444220311e-07 4.46591485570025e-07 4.41821555341448e-07 4.37051625112872e-07 4.32281666462586e-07 4.2751173623401e-07 4.22741777583724e-07 4.17971847355147e-07
9.06543959899864e-07 8.83614461599791e-07 8.60684963299718e-07 8.38471805764129e-07 8.18408011582505e-07 7.98344160557463e-07 7.7828030953242e-07 7.58216458507377e-07 7.38152607482334e-07 7.18088756457291e-07 6.98024962275667e-07 6.91044363065885e-07 6.88424904637941e-07 6.85805389366578e-07 6.83185930938635e-07 6.80566472510691e-07 6.77946957239328e-07 6.75327498811384e-07 6.70360691401584e-07 6.58351837046212e-07 6.46342925847421e-07 6.34334071492049e-07 6.22325217136677e-07 6.10316362781305e-07 5.98307508425933e-07 5.86298654070561e-07 5.69637450098526e-07 5.51425557659968e-07 5.33213608377991e-07 5.15001659096015e-07 4.96789709814038e-07 4.78577760532062e-07 4.60365839671795e-07 4.45067286136691e-07 4.38508948263916e-07 4.31950610391141e-07 4.25392272518366e-07 4.1883393464559e-07 4.12275596772815e-07 4.0571725890004e-07 3.99158921027265e-07
9.19542628707859e-07 8.96995231869369e-07 8.74447778187459e-07 8.53412075230153e-07 8.36911567603238e-07 8.20411059976323e-07 8.03910495505988e-07 7.87409987879073e-07 7.70909480252158e-07 7.54408915781823e-07 7.37908408154908e-07 7.30819522232196e-07 7.2686788143983e-07 7.22916240647464e-07 7.18964599855099e-07 7.15012902219314e-07 7.11061261426948e-07 7.07109620634583e-07 7.00553073329502e-07 6.86181806486275e-07 6.71810539643047e-07 6.5743927279982e-07 6.43068062800012e-07 6.28696795956785e-07 6.14325529113557e-07 5.9995426227033e-07 5.80811274630832e-07 5.6007775128819e-07 5.3934417110213e-07 5.18610647759488e-07 4.97877124416846e-07 4.77143544230785e-07 4.56409992466433e-07 4.38773156474781e-07 4.30426410957807e-07 4.22079693862543e-07 4.13732948345569e-07 4.05386202828595e-07 3.9703948573333e-07 3.88692740216356e-07 3.80345994699383e-07
9.32541297515854e-07 9.10375945295527e-07 8.88210649918619e-07 8.68352344696177e-07 8.5541512362397e-07 8.42477959395183e-07 8.29540738322976e-07 8.16603517250769e-07 8.03666296178562e-07 7.90729075106356e-07 7.77791854034149e-07 7.70594681398507e-07 7.65310858241719e-07 7.60027035084931e-07 7.54743211928144e-07 7.49459388771356e-07 7.44175565614569e-07 7.38891742457781e-07 7.3074545525742e-07 7.14011832769756e-07 6.97278153438674e-07 6.8054453095101e-07 6.63810851619928e-07 6.47077172288846e-07 6.30343549801182e-07 6.136098704701e-07 5.91985099163139e-07 5.68729944916413e-07 5.45474790669687e-07 5.2221963642296e-07 4.98964482176234e-07 4.75709327929508e-07 4.52454173682781e-07 4.32479026812871e-07 4.22343873651698e-07 4.12208748912235e-07 4.02073624172772e-07 3.91938471011599e-07 3.81803346272136e-07 3.71668221532673e-07 3.615330683715e-07
