data/working_set_collections/6091692-Cassins_Sparrow-M2/1980/albedo_avg.asc
NCOLS 265 
NROWS 230 
XLLCORNER -115.5625 
YLLCORNER 24.8333333333333 
CELLSIZE 0.0833333333333333 
NODATA_value -9999 
[rows 120 to 139 of 230, columns 176 to 219 of 265]
0.193906679749489 0.191517502069473 0.189128324389458 0.187297761440277 0.187143057584763 0.186988353729248 0.186833634972572 0.186678931117058 0.186524227261543 0.186369508504868 0.186214804649353 0.187028273940086 0.188164457678795 0.189300641417503 0.190436825156212 0.191573023796082 0.19270920753479 0.193845391273499 0.194801583886147 0.195217803120613 0.19563402235508 0.196050226688385 0.196466445922852 0.196882665157318 0.197298869490623 0.19771508872509 0.197211191058159 0.196400597691536 0.195590004324913 0.194779396057129 0.193968802690506 0.193158209323883 0.192347601056099 0.19135607779026 0.189821794629097 0.188287511467934 0.186753213405609 0.185218930244446 0.183684632182121 0.182150349020958 0.180616065859795 0.179001450538635 0.177360072731972 0.175718694925308
0.193142771720886 0.190694317221642 0.188245862722397 0.186411485075951 0.186419293284416 0.186427101492882 0.186434909701347 0.186442717909813 0.186450526118279 0.186458334326744 0.18646614253521 0.18718971312046 0.188151881098747 0.189114049077034 0.190076217055321 0.191038399934769 0.192000567913055 0.192962735891342 0.193729534745216 0.193910241127014 0.194090932607651 0.194271638989449 0.194452345371246 0.194633051753044 0.194813743233681 0.194994449615479 0.194470584392548 0.193711847066879 0.192953124642372 0.192194402217865 0.191435664892197 0.19067694246769 0.189918220043182 0.189057558774948 0.187891095876694 0.186724632978439 0.185558170080185 0.184391707181931 0.183225244283676 0.182058781385422 0.180892318487167 0.179371014237404 0.177731409668922 0.176091820001602
0.192378863692284 0.18987113237381 0.187363415956497 0.185525193810463 0.185695514082909 0.185865849256516 0.186036169528961 0.186206489801407 0.186376824975014 0.186547145247459 0.186717465519905 0.187351167201996 0.188139319419861 0.188927471637726 0.18971560895443 0.190503761172295 0.19129191339016 0.192080065608025 0.192657485604286 0.192602664232254 0.192547857761383 0.192493051290512 0.192438244819641 0.19238343834877 0.192328616976738 0.192273810505867 0.191729962825775 0.191023111343384 0.190316244959831 0.18960939347744 0.188902541995049 0.188195675611496 0.187488824129105 0.186759024858475 0.185960382223129 0.185161754488945 0.1843631118536 0.183564484119415 0.182765856385231 0.181967213749886 0.181168586015701 0.179740563035011 0.178102746605873 0.176464945077896
0.191614955663681 0.189047947525978 0.186480954289436 0.184638917446136 0.184971749782562 0.185304597020149 0.185637429356575 0.185970276594162 0.186303123831749 0.186635956168175 0.186968803405762 0.18751260638237 0.188126742839813 0.188740879297256 0.189355000853539 0.189969137310982 0.190583273768425 0.191197410225868 0.191585421562195 0.191295102238655 0.191004782915115 0.190714463591576 0.190424144268036 0.190133810043335 0.189843490719795 0.189553171396255 0.188989356160164 0.188334360718727 0.187679380178452 0.187024384737015 0.186369404196739 0.185714423656464 0.185059428215027 0.184460490942001 0.184029683470726 0.183598875999451 0.183168068528175 0.1827372610569 0.182306453585625 0.181875661015511 0.181444853544235 0.18011012673378 0.178474098443985 0.176838055253029
0.190851032733917 0.188224762678146 0.185598492622375 0.183752626180649 0.184247985482216 0.184743344783783 0.18523870408535 0.185734063386917 0.186229422688484 0.186724781990051 0.187220141291618 0.187674060463905 0.188114166259766 0.188554286956787 0.188994392752647 0.189434513449669 0.18987463414669 0.190314739942551 0.190513372421265 0.189987540245056 0.189461708068848 0.188935875892639 0.188410028815269 0.187884196639061 0.187358364462852 0.186832532286644 0.186248734593391 0.185645624995232 0.185042500495911 0.184439390897751 0.18383626639843 0.18323315680027 0.182630032300949 0.182161957025528 0.182098984718323 0.182035997509956 0.181973025202751 0.181910037994385 0.18184706568718 0.181784093379974 0.181721106171608 0.180479675531387 0.178845435380936 0.177211180329323
0.190087124705315 0.187401577830315 0.184716030955315 0.182866334915161 0.18352422118187 0.184182092547417 0.184839963912964 0.185497835278511 0.186155721545219 0.186813592910767 0.187471464276314 0.187835499644279 0.188101604580879 0.188367694616318 0.188633784651756 0.188899889588356 0.189165979623795 0.189432084560394 0.189441308379173 0.188679963350296 0.187918618321419 0.187157273292542 0.186395928263664 0.185634583234787 0.18487323820591 0.184111893177032 0.18350812792778 0.182956874370575 0.182405635714531 0.181854382157326 0.181303143501282 0.180751889944077 0.180200651288033 0.179863423109055 0.180168271064758 0.180473119020462 0.180777966976166 0.181082829833031 0.181387677788734 0.181692525744438 0.181997373700142 0.180849239230156 0.179216772317886 0.177584305405617
0.189703926444054 0.187106043100357 0.184508144855499 0.18274612724781 0.18349178135395 0.184237420558929 0.184983059763908 0.185728713870049 0.186474353075027 0.187219992280006 0.187965646386147 0.188217788934708 0.18830543756485 0.188393086194992 0.188480749726295 0.188568398356438 0.18865604698658 0.188743695616722 0.188553228974342 0.187528431415558 0.186503633856773 0.185478821396828 0.184454023838043 0.183429226279259 0.182404428720474 0.181379616260529 0.180773377418518 0.180306658148766 0.179839938879013 0.179373204708099 0.178906485438347 0.178439766168594 0.177973046898842 0.177772879600525 0.178372383117676 0.178971901535988 0.179571405053139 0.180170923471451 0.180770441889763 0.181369945406914 0.181969463825226 0.180913999676704 0.179306879639626 0.177699759602547
0.189701452851295 0.187338128685951 0.184974819421768 0.183391988277435 0.184150665998459 0.184909328818321 0.185667991638184 0.186426669359207 0.18718533217907 0.187943994998932 0.188702657818794 0.188820913434029 0.188725695014 0.188630476593971 0.188535258173943 0.188440039753914 0.188344806432724 0.188249588012695 0.187849134206772 0.18653292953968 0.185216724872589 0.183900520205498 0.182584315538406 0.181268110871315 0.179951906204224 0.178635701537132 0.178044497966766 0.177694946527481 0.177345409989357 0.176995858550072 0.176646307110786 0.176296770572662 0.175947219133377 0.175890311598778 0.176711320877075 0.177532330155373 0.17835333943367 0.179174348711967 0.179995343089104 0.180816352367401 0.181637361645699 0.180673956871033 0.179115727543831 0.17755751311779
0.189698979258537 0.187570229172707 0.185441493988037 0.18403784930706 0.184809550642967 0.185581237077713 0.186352923512459 0.187124609947205 0.187896311283112 0.188667997717857 0.189439684152603 0.18942403793335 0.18914595246315 0.188867852091789 0.18858976662159 0.18831168115139 0.188033580780029 0.18775549530983 0.18714502453804 0.185537412762642 0.183929815888405 0.182322204113007 0.18071460723877 0.179106995463371 0.177499398589134 0.175891801714897 0.175315618515015 0.175083249807358 0.174850881099701 0.174618512392044 0.174386143684387 0.17415377497673 0.173921391367912 0.174007743597031 0.175050243735313 0.176092758774757 0.17713525891304 0.178177759051323 0.179220259189606 0.18026277422905 0.181305274367332 0.180433914065361 0.178924590349197 0.177415281534195
0.189696505665779 0.187802329659462 0.185908168554306 0.184683725237846 0.185468435287476 0.186253145337105 0.187037855386734 0.187822565436363 0.188607275485992 0.189392000436783 0.190176710486412 0.190027162432671 0.189566195011139 0.189105242490768 0.188644275069237 0.188183307647705 0.187722355127335 0.187261387705803 0.186440914869308 0.184541910886765 0.182642906904221 0.180743902921677 0.178844898939133 0.176945894956589 0.175046890974045 0.173147886991501 0.172586739063263 0.172471538186073 0.172356352210045 0.172241151332855 0.172125965356827 0.172010764479637 0.171895578503609 0.172125175595284 0.173389181494713 0.174653187394142 0.17591717839241 0.17718118429184 0.178445175290108 0.179709181189537 0.180973172187805 0.180193871259689 0.178733453154564 0.177273035049438
0.18969401717186 0.188034430146217 0.186374843120575 0.185329586267471 0.186127319931984 0.186925053596497 0.187722787261009 0.188520520925522 0.189318254590034 0.190115988254547 0.19091372191906 0.190630286931992 0.189986452460289 0.189342617988586 0.188698783516884 0.188054949045181 0.187411114573479 0.186767280101776 0.185736805200577 0.183546409010887 0.181355997920036 0.179165586829185 0.176975190639496 0.174784779548645 0.172594368457794 0.170403972268105 0.169857859611511 0.16985984146595 0.169861823320389 0.169863805174828 0.169865787029266 0.169867768883705 0.169869750738144 0.170242622494698 0.171728119254112 0.173213616013527 0.17469909787178 0.176184594631195 0.17767009139061 0.179155588150024 0.180641084909439 0.179953828454018 0.17854231595993 0.177130803465843
0.189691543579102 0.188266530632973 0.186841517686844 0.185975447297096 0.186786204576492 0.187596961855888 0.188407719135284 0.18921847641468 0.190029233694077 0.190839990973473 0.191650748252869 0.191233411431313 0.190406709909439 0.189580008387566 0.188753291964531 0.187926590442657 0.187099888920784 0.186273187398911 0.185032710433006 0.182550892233849 0.180069088935852 0.177587285637856 0.175105482339859 0.172623664140701 0.170141860842705 0.167660057544708 0.167128965258598 0.167248129844666 0.167367294430733 0.1674864590168 0.167605608701706 0.167724773287773 0.16784393787384 0.16836005449295 0.17006704211235 0.17177402973175 0.173481032252312 0.175188019871712 0.176895007491112 0.178601995110512 0.180308997631073 0.179713785648346 0.178351163864136 0.176988556981087
0.189967855811119 0.188664942979813 0.187362030148506 0.186553835868835 0.187229782342911 0.187905713915825 0.188581645488739 0.189257591962814 0.189933523535728 0.190609470009804 0.191285401582718 0.190773993730545 0.189866811037064 0.188959613442421 0.18805243074894 0.187145233154297 0.186238050460815 0.185330852866173 0.184019535779953 0.181495845317841 0.178972139954567 0.176448434591293 0.173924744129181 0.171401038765907 0.168877333402634 0.166353642940521 0.165857762098312 0.166037827730179 0.166217878460884 0.166397944092751 0.166578009724617 0.166758075356483 0.16693814098835 0.167506366968155 0.16923913359642 0.170971885323524 0.172704637050629 0.174437388777733 0.176170155405998 0.177902907133102 0.179635658860207 0.179138764739037 0.177898645401001 0.176658540964127
0.190522938966751 0.189229667186737 0.187936395406723 0.18706476688385 0.187458038330078 0.187851309776306 0.188244581222534 0.188637852668762 0.189031139016151 0.189424410462379 0.189817681908607 0.189252033829689 0.188366740942001 0.187481448054314 0.186596170067787 0.1857108771801 0.184825584292412 0.183940306305885 0.182697311043739 0.18038122355938 0.17806513607502 0.175749063491821 0.173432976007462 0.171116888523102 0.168800801038742 0.166484713554382 0.166044220328331 0.166228905320168 0.166413605213165 0.166598290205002 0.166782975196838 0.166967675089836 0.167152360081673 0.167681574821472 0.169244363903999 0.170807152986526 0.172369942069054 0.173932731151581 0.175495505332947 0.177058294415474 0.178621083498001 0.178228765726089 0.177184745669365 0.176140740513802
0.191078022122383 0.189794391393661 0.188510745763779 0.187575682997704 0.187686294317245 0.187796905636787 0.187907516956329 0.188018128275871 0.188128739595413 0.188239350914955 0.188349962234497 0.187730073928833 0.1868666857481 0.186003297567368 0.185139909386635 0.184276521205902 0.183413133025169 0.182549744844437 0.181375086307526 0.17926661670208 0.177158147096634 0.175049677491188 0.172941207885742 0.170832738280296 0.16872426867485 0.166615799069405 0.16623067855835 0.166419997811317 0.166609317064285 0.166798621416092 0.16698794066906 0.167177259922028 0.167366579174995 0.167856782674789 0.169249594211578 0.170642420649529 0.172035232186317 0.173428058624268 0.174820870161057 0.176213696599007 0.177606523036957 0.177318781614304 0.17647086083889 0.175622925162315
0.191633105278015 0.190359100699425 0.189085111021996 0.188086599111557 0.187914550304413 0.187742501497269 0.187570452690125 0.187398388981819 0.187226340174675 0.187054291367531 0.186882242560387 0.186208114027977 0.185366630554199 0.18452513217926 0.183683648705482 0.182842165231705 0.182000681757927 0.181159183382988 0.180052861571312 0.17815200984478 0.176251158118248 0.174350291490555 0.172449439764023 0.170548588037491 0.168647736310959 0.166746884584427 0.166417136788368 0.166611075401306 0.166805028915405 0.166998967528343 0.167192921042442 0.16738685965538 0.167580798268318 0.168031975626945 0.169254824519157 0.170477688312531 0.171700537204742 0.172923386096954 0.174146234989166 0.175369098782539 0.176591947674751 0.176408782601357 0.175756961107254 0.17510512471199
0.192188188433647 0.190923824906349 0.189659476280212 0.188597530126572 0.18814280629158 0.18768809735775 0.187233373522758 0.186778664588928 0.186323955655098 0.185869231820107 0.185414522886276 0.184686154127121 0.183866560459137 0.183046981692314 0.18222738802433 0.181407809257507 0.180588215589523 0.1797686368227 0.178730636835098 0.177037388086319 0.175344154238701 0.173650920391083 0.171957686543465 0.170264437794685 0.168571203947067 0.166877970099449 0.166603595018387 0.166802167892456 0.167000740766525 0.167199313640594 0.167397886514664 0.167596459388733 0.167795032262802 0.168207183480263 0.169260069727898 0.170312955975533 0.171365827322006 0.172418713569641 0.173471599817276 0.174524486064911 0.175577372312546 0.175498798489571 0.175043061375618 0.174587324261665
0.192743271589279 0.191488549113274 0.190233826637268 0.189108446240425 0.188371062278748 0.187633693218231 0.186896309256554 0.186158940196037 0.18542155623436 0.184684172272682 0.183946803212166 0.183164194226265 0.182366505265236 0.181568816304207 0.180771127343178 0.17997345328331 0.179175764322281 0.178378075361252 0.177408412098885 0.175922781229019 0.174437165260315 0.17295153439045 0.171465918421745 0.16998028755188 0.168494671583176 0.167009055614471 0.166790038347244 0.166993245482445 0.167196452617645 0.167399644851685 0.167602851986885 0.167806044220924 0.168009251356125 0.168382376432419 0.169265300035477 0.170148208737373 0.171031132340431 0.171914055943489 0.172796964645386 0.173679888248444 0.17456279695034 0.174588799476624 0.174329161643982 0.17406952381134
0.192817747592926 0.191472619771957 0.190127491950989 0.188904285430908 0.188046827912331 0.187189355492592 0.186331883072853 0.185474410653114 0.184616953134537 0.183759480714798 0.182902008295059 0.182115450501442 0.181352511048317 0.180589571595192 0.179826647043228 0.179063707590103 0.178300783038139 0.177537843585014 0.176654472947121 0.175409764051437 0.174165040254593 0.17292033135891 0.171675622463226 0.170430913567543 0.16918620467186 0.167941480875015 0.167726576328278 0.16785492002964 0.167983263731003 0.168111622333527 0.168239966034889 0.168368309736252 0.168496668338776 0.168759182095528 0.169424206018448 0.170089244842529 0.17075426876545 0.17141929268837 0.17208431661129 0.172749355435371 0.173414379358292 0.173550218343735 0.173509672284126 0.173469111323357
0.192411601543427 0.1908760368824 0.189340472221375 0.187985062599182 0.187170073390007 0.186355084180832 0.185540094971657 0.184725105762482 0.183910131454468 0.183095142245293 0.182280153036118 0.181539908051491 0.18082457780838 0.180109262466431 0.17939393222332 0.178678601980209 0.177963271737099 0.177247941493988 0.176468819379807 0.175498321652412 0.174527809023857 0.173557311296463 0.172586798667908 0.171616300940514 0.170645788311958 0.169675275683403 0.169413164258003 0.169387191534042 0.16936120390892 0.169335216283798 0.169309243559837 0.169283255934715 0.169257268309593 0.169337585568428 0.169736802577972 0.170136019587517 0.170535236597061 0.170934453606606 0.17133367061615 0.171732887625694 0.172132104635239 0.172383055090904 0.17258457839489 0.172786101698875
