data/working_set_collections/6091692-Cassins_Sparrow-M2/1980/albedo_avg.asc
NCOLS 265 
NROWS 230 
XLLCORNER -115.5625 
YLLCORNER 24.8333333333333 
CELLSIZE 0.0833333333333333 
NODATA_value -9999 
[rows 200 to 219 of 230, columns 44 to 87 of 265]
-9999 -9999 -9999 -9999 -9999 -9999 -9999 -9999 -9999 -9999 -9999 -9999 -9999 -9999 -9999 -9999 -9999 -9999 0.118276014924049 0.1240249350667 0.129773855209351 0.135522782802582 0.141271695494652 0.143241077661514 0.143950596451759 0.144660130143166 0.145369648933411 0.146079167723656 0.146788701415062 0.147498220205307 0.14751985669136 0.145477786660194 0.143435716629028 0.141393661499023 0.139351591467857 0.137309536337852 0.135267466306686 0.13322539627552 0.132070139050484 0.131210491061211 0.130350843071938 0.129491180181503 0.12863153219223 0.127771884202957
-9999 -9999 -9999 -9999 -9999 -9999 -9999 -9999 -9999 -9999 -9999 -9999 -9999 -9999 -9999 -9999 -9999 -9999 -9999 0.119698010385036 0.125349625945091 0.131001248955727 0.136652857065201 0.139198705554008 0.140709280967712 0.142219871282578 0.143730446696281 0.145241037011147 0.146751627326012 0.148262202739716 0.148889139294624 0.146865129470825 0.144841104745865 0.142817094922066 0.140793085098267 0.138769075274467 0.136745050549507 0.134721040725708 0.133459776639938 0.132452741265297 0.131445720791817 0.130438700318336 0.129431664943695 0.128424644470215
-9999 -9999 -9999 -9999 -9999 -9999 -9999 -9999 -9999 -9999 -9999 -9999 -9999 -9999 -9999 -9999 -9999 -9999 -9999 -9999 -9999 0.126479715108871 0.13203401863575 0.135156333446503 0.137467980384827 0.139779612421989 0.142091259360313 0.144402906298637 0.1467145383358 0.149026185274124 0.150258421897888 0.148252457380295 0.146246492862701 0.144240528345108 0.142234578728676 0.140228614211082 0.138222649693489 0.136216685175896 0.134849399328232 0.133694991469383 0.132540598511696 0.131386205554008 0.13023179769516 0.129077404737473
-9999 -9999 -9999 -9999 -9999 -9999 -9999 -9999 -9999 -9999 -9999 -9999 -9999 -9999 -9999 -9999 -9999 -9999 -9999 -9999 -9999 -9999 0.127415180206299 0.131113961338997 0.13422666490078 0.137339368462563 0.140452057123184 0.143564760684967 0.14667746424675 0.149790167808533 0.151627704501152 0.149639800190926 0.147651880979538 0.145663976669312 0.143676057457924 0.141688153147697 0.13970023393631 0.137712329626083 0.136239022016525 0.134937256574631 0.133635476231575 0.13233371078968 0.131031945347786 0.12973016500473
0.097741611301899 -9999 -9999 -9999 -9999 -9999 -9999 -9999 -9999 -9999 -9999 -9999 -9999 -9999 -9999 -9999 -9999 -9999 -9999 -9999 -9999 -9999 -9999 0.125891238451004 0.129575550556183 0.133259862661362 0.136944174766541 0.140628486871719 0.144312798976898 0.147997111082077 0.150362491607666 0.148771092295647 0.147179692983627 0.145588308572769 0.14399690926075 0.14240550994873 0.140814110636711 0.139222711324692 0.137749522924423 0.136315748095512 0.13488195836544 0.13344818353653 0.132014393806458 0.130580618977547
0.102013453841209 0.0991191938519478 0.0962249338626862 -9999 -9999 -9999 -9999 -9999 -9999 -9999 -9999 -9999 -9999 -9999 -9999 -9999 -9999 -9999 -9999 -9999 -9999 -9999 -9999 -9999 0.123514644801617 0.127541124820709 0.131567597389221 0.135594069957733 0.139620542526245 0.143647015094757 0.146462768316269 0.145646348595619 0.144829943776131 0.144013524055481 0.143197104334831 0.142380684614182 0.141564264893532 0.140747845172882 0.139380916953087 0.137830480933189 0.136280044913292 0.134729608893394 0.133179172873497 0.1316287368536
0.10628529638052 0.102922171354294 0.0995590463280678 0.0961959287524223 -9999 -9999 -9999 -9999 -9999 -9999 -9999 -9999 -9999 -9999 -9999 -9999 -9999 -9999 -9999 -9999 -9999 -9999 -9999 -9999 -9999 0.121822379529476 0.126191020011902 0.130559653043747 0.134928300976753 0.139296934008598 0.142563059926033 0.142521619796753 0.142480179667473 0.142438739538193 0.142397299408913 0.142355859279633 0.142314419150352 0.142272993922234 0.14101231098175 0.139345213770866 0.137678131461143 0.136011034250259 0.134343951940536 0.132676854729652
0.11055713891983 0.10672514885664 0.102893158793449 0.0990611687302589 -9999 -9999 -9999 -9999 -9999 -9999 -9999 -9999 -9999 -9999 -9999 -9999 -9999 -9999 -9999 -9999 -9999 -9999 -9999 -9999 -9999 -9999 0.120814442634583 0.125525236129761 0.1302360445261 0.13494685292244 0.138663336634636 0.139396876096725 0.140130415558815 0.140863955020905 0.141597494482994 0.142331048846245 0.143064588308334 0.143798127770424 0.142643705010414 0.140859961509705 0.139076218008995 0.137292474508286 0.135508731007576 0.133724987506866
0.114828981459141 0.110528126358986 0.106227271258831 0.101926416158676 -9999 -9999 -9999 -9999 -9999 -9999 -9999 -9999 -9999 -9999 -9999 -9999 -9999 -9999 -9999 -9999 -9999 -9999 -9999 -9999 -9999 -9999 -9999 -9999 -9999 -9999 0.134763613343239 0.136272132396698 0.137780651450157 0.139289185404778 0.140797704458237 0.142306223511696 0.143814742565155 0.145323261618614 0.144275099039078 0.142374694347382 0.140474304556847 0.13857389986515 0.136673495173454 0.134773105382919
0.119100823998451 0.114331103861332 0.109561383724213 0.104791663587093 0.100021943449974 -9999 -9999 -9999 -9999 -9999 -9999 -9999 -9999 -9999 -9999 -9999 -9999 -9999 -9999 -9999 -9999 -9999 -9999 -9999 -9999 -9999 -9999 -9999 -9999 -9999 0.130863904953003 0.133147403597832 0.135430902242661 0.137714400887489 0.139997899532318 0.142281398177147 0.144564896821976 0.146848395466805 0.14590647816658 0.143889427185059 0.141872376203537 0.139855325222015 0.137838274240494 0.135821223258972
0.122322246432304 0.11729508638382 0.112267933785915 0.107240781188011 0.102213628590107 0.0971864759922028 -9999 -9999 -9999 -9999 -9999 -9999 -9999 -9999 -9999 -9999 -9999 -9999 -9999 -9999 -9999 -9999 -9999 -9999 -9999 -9999 -9999 -9999 -9999 -9999 0.127830475568771 0.130728170275688 0.133625864982605 0.136523544788361 0.139421239495277 0.142318934202194 0.145216628909111 0.148114308714867 0.147341787815094 0.145345851778984 0.143349930644035 0.141353994607925 0.139358073472977 0.137362137436867
0.12449324131012 0.119420081377029 0.11434692889452 0.10927376896143 0.10420061647892 0.0991274639964104 0.0940543040633202 -9999 -9999 -9999 -9999 -9999 -9999 -9999 -9999 -9999 -9999 -9999 -9999 -9999 -9999 -9999 -9999 -9999 -9999 -9999 -9999 -9999 -9999 -9999 0.125663354992867 0.129014447331429 0.132365539669991 0.135716632008553 0.139067724347115 0.142418816685677 0.145769909024239 0.149121001362801 0.148581013083458 0.146743968129158 0.144906938076019 0.143069908022881 0.141232863068581 0.139395833015442
0.126664236187935 0.121545076370239 0.116425916552544 0.111306764185429 0.106187604367733 0.101068444550037 0.0959492921829224 -9999 -9999 -9999 -9999 -9999 -9999 -9999 -9999 -9999 -9999 -9999 -9999 -9999 -9999 -9999 -9999 -9999 -9999 -9999 -9999 -9999 -9999 -9999 0.1234962195158 0.127300724387169 0.131105214357376 0.134909719228745 0.138714209198952 0.14251871407032 0.146323204040527 0.150127708911896 0.149820223450661 0.148142084479332 0.146463945508003 0.144785806536674 0.143107667565346 0.141429528594017
0.12883523106575 0.123670071363449 0.118504911661148 0.113339751958847 0.108174592256546 0.103009432554245 0.097844272851944 -9999 -9999 -9999 -9999 -9999 -9999 -9999 -9999 -9999 -9999 -9999 -9999 -9999 -9999 -9999 -9999 -9999 -9999 -9999 -9999 -9999 -9999 -9999 0.121329098939896 0.125587001442909 0.129844903945923 0.134102791547775 0.138360694050789 0.142618596553802 0.146876499056816 0.15113440155983 0.151059433817863 0.149540200829506 0.148020952939987 0.146501705050468 0.144982472062111 0.143463224172592
0.131006225943565 0.125795066356659 0.120583906769753 0.115372739732265 0.110161580145359 0.104950420558453 0.0997392609715462 -9999 -9999 -9999 -9999 -9999 -9999 -9999 -9999 -9999 -9999 -9999 -9999 -9999 -9999 -9999 -9999 -9999 -9999 -9999 -9999 -9999 -9999 0.114297822117805 0.11916197091341 0.123873271048069 0.128584578633308 0.133295878767967 0.138007178902626 0.142718493938446 0.147429794073105 0.152141094207764 0.152298659086227 0.15093831717968 0.149577960371971 0.148217618465424 0.146857276558876 0.145496919751167
0.133177220821381 0.127920061349869 0.122662894427776 0.117405734956264 0.112148568034172 0.10689140856266 0.101634241640568 -9999 -9999 0.0913142561912537 -9999 -9999 -9999 -9999 -9999 -9999 -9999 -9999 -9999 -9999 -9999 -9999 -9999 -9999 -9999 -9999 -9999 -9999 0.10735546797514 0.112125866115093 0.116994842886925 0.122159548103809 0.127324253320694 0.132488965988159 0.137653663754463 0.142818376421928 0.147983089089394 0.153147786855698 0.15353786945343 0.152336418628693 0.151134967803955 0.149933516979218 0.14873206615448 0.147530615329742
0.136790826916695 0.1313596367836 0.125928446650505 0.12049725651741 0.115066073834896 0.109634883701801 0.104203693568707 -9999 -9999 -9999 -9999 -9999 -9999 -9999 -9999 -9999 -9999 -9999 -9999 -9999 -9999 -9999 -9999 -9999 -9999 -9999 -9999 -9999 0.105173952877522 0.109676845371723 0.114392004907131 0.119743965566158 0.125095918774605 0.130447879433632 0.135799840092659 0.141151800751686 0.146503761410713 0.15185572206974 0.152539774775505 0.151667863130569 0.150795936584473 0.149924024939537 0.149052113294601 0.148180201649666
0.141847029328346 0.136113792657852 0.130380555987358 0.124647319316864 0.11891408264637 0.113180853426456 0.107447616755962 -9999 0.0981896072626114 -9999 -9999 -9999 -9999 -9999 -9999 -9999 -9999 -9999 -9999 -9999 -9999 -9999 -9999 -9999 -9999 -9999 -9999 -9999 -9999 0.106950759887695 0.11135346442461 0.116626523435116 0.121899582445621 0.127172648906708 0.132445707917213 0.137718766927719 0.142991825938225 0.14826488494873 0.14930434525013 0.148932605981827 0.148560881614685 0.148189142346382 0.147817403078079 0.147445663809776
0.146903231739998 0.140867948532104 0.134832665324211 0.128797382116318 0.122762098908424 0.116726815700531 0.110691539943218 -9999 -9999 -9999 -9999 -9999 -9999 -9999 -9999 -9999 -9999 -9999 -9999 -9999 -9999 -9999 -9999 -9999 -9999 -9999 -9999 -9999 -9999 -9999 0.108314916491508 0.113509081304073 0.118703238666058 0.123897403478622 0.129091560840607 0.134285733103752 0.139479890465736 0.144674062728882 0.146068930625916 0.146197363734245 0.146325811743736 0.146454244852066 0.146582677960396 0.146711125969887
0.151959434151649 0.145622104406357 0.139284774661064 0.132947444915771 0.126610115170479 0.120272785425186 0.113935455679893 0.107598125934601 0.103402890264988 -9999 -9999 -9999 -9999 -9999 -9999 -9999 -9999 -9999 -9999 -9999 -9999 -9999 -9999 -9999 -9999 -9999 -9999 -9999 -9999 -9999 -9999 0.11039163172245 0.115506902337074 0.120622165501118 0.125737428665161 0.130852699279785 0.135967954993248 0.141083225607872 0.14283350110054 0.143462121486664 0.144090741872787 0.14471934735775 0.145347967743874 0.145976588129997
