data/working_set_collections/6091692-Cassins_Sparrow-M2/1980/albedo_avg.asc
NCOLS 265 
NROWS 230 
XLLCORNER -115.5625 
YLLCORNER 24.8333333333333 
CELLSIZE 0.0833333333333333 
NODATA_value -9999 
[rows 100 to 119 of 230, columns 0 to 43 of 265]
0.212332591414452 0.210099563002586 0.207866534590721 0.205633491277695 0.203400462865829 0.201167434453964 0.198934406042099 0.197898626327515 0.197261929512024 0.196625232696533 0.195988550782204 0.195351853966713 0.194715157151222 0.194078475236893 0.193357229232788 0.192382380366325 0.191407516598701 0.190432667732239 0.189457803964615 0.188482940196991 0.187508091330528 0.186533227562904 0.185094475746155 0.183501094579697 0.181907698512077 0.180314317345619 0.178720936179161 0.177127555012703 0.175534158945084 0.174505740404129 0.175172224640846 0.175838708877563 0.176505193114281 0.177171677350998 0.177838161587715 0.178504645824432 0.17917113006115 0.177500605583191 0.17505107820034 0.172601535916328 0.170152008533478 0.167702481150627 0.165252938866615 0.162803411483765
0.212555944919586 0.210029006004333 0.207502067089081 0.204975143074989 0.202448204159737 0.199921265244484 0.197394326329231 0.196698114275932 0.196612149477005 0.196526184678078 0.19644021987915 0.196354255080223 0.196268290281296 0.196182325482368 0.195829376578331 0.194675490260124 0.193521589040756 0.192367702722549 0.191213816404343 0.190059930086136 0.188906028866768 0.187752142548561 0.186130315065384 0.184352517127991 0.182574719190598 0.180796906352043 0.17901910841465 0.177241310477257 0.175463512539864 0.174261838197708 0.174788549542427 0.175315275788307 0.175841987133026 0.176368713378906 0.176895424723625 0.177422150969505 0.177948862314224 0.175839722156525 0.172851949930191 0.169864192605019 0.166876420378685 0.163888663053513 0.160900890827179 0.157913133502007
0.213754281401634 0.21129222214222 0.208830162882805 0.20636810362339 0.203906044363976 0.201443985104561 0.198981925845146 0.198306038975716 0.198225557804108 0.1981450766325 0.198064595460892 0.197984114289284 0.197903633117676 0.197823151946068 0.197439685463905 0.196147307753563 0.194854915142059 0.193562537431717 0.192270144820213 0.190977767109871 0.189685374498367 0.188392996788025 0.186574533581734 0.184580713510513 0.182586893439293 0.180593058466911 0.178599238395691 0.176605418324471 0.17461159825325 0.173209875822067 0.173584461212158 0.173959031701088 0.174333617091179 0.17470820248127 0.1750827729702 0.175457358360291 0.175831943750381 0.173477903008461 0.17021432518959 0.16695074737072 0.163687169551849 0.160423591732979 0.157160013914108 0.153896450996399
0.215927615761757 0.213889211416245 0.211850807070732 0.20981240272522 0.207773998379707 0.205735594034195 0.203697189688683 0.202722415328026 0.202102169394493 0.20148192346096 0.200861692428589 0.200241446495056 0.199621200561523 0.199000954627991 0.198188185691833 0.196797847747803 0.195407509803772 0.19401715695858 0.192626819014549 0.191236481070518 0.189846128225327 0.188455790281296 0.186427116394043 0.184185668826103 0.181944221258163 0.179702773690224 0.177461326122284 0.175219878554344 0.172978430986404 0.171349868178368 0.171559944748878 0.171770006418228 0.171980082988739 0.172190144658089 0.172400206327438 0.172610282897949 0.172820344567299 0.170415148139 0.167138174176216 0.163861215114594 0.160584256052971 0.157307282090187 0.154030323028564 0.150753349065781
0.218100935220718 0.216486185789108 0.214871451258659 0.213256701827049 0.211641952395439 0.21002721786499 0.20841246843338 0.207138776779175 0.205978780984879 0.204818770289421 0.203658774495125 0.202498763799667 0.201338768005371 0.200178757309914 0.198936685919762 0.197448387742043 0.195960089564323 0.194471791386604 0.192983478307724 0.191495180130005 0.190006881952286 0.188518583774567 0.186279714107513 0.183790639042854 0.181301563978195 0.178812488913536 0.176323428750038 0.173834353685379 0.17134527862072 0.169489860534668 0.169535428285599 0.169580981135368 0.169626533985138 0.169672086834908 0.169717654585838 0.169763207435608 0.169808760285378 0.167352393269539 0.164062038064003 0.160771682858467 0.157481327652931 0.154190972447395 0.150900617241859 0.147610262036324
0.22027425467968 0.219083175063133 0.217892080545425 0.216701000928879 0.215509921312332 0.214318826794624 0.213127747178078 0.211555153131485 0.209855392575264 0.208155617117882 0.206455856561661 0.20475609600544 0.203056335449219 0.201356574892998 0.19968518614769 0.198098927736282 0.196512669324875 0.194926410913467 0.19334015250206 0.191753894090652 0.190167635679245 0.188581377267838 0.186132296919823 0.183395594358444 0.180658906698227 0.177922204136848 0.175185516476631 0.172448813915253 0.169712126255035 0.167629852890968 0.167510896921158 0.167391955852509 0.167272999882698 0.167154043912888 0.167035087943077 0.166916131973267 0.166797176003456 0.164289638400078 0.160985887050629 0.157682150602341 0.154378399252892 0.151074662804604 0.147770911455154 0.144467175006866
0.222447574138641 0.221680149435997 0.220912724733353 0.220145300030708 0.219377875328064 0.21861045062542 0.217843025922775 0.215971514582634 0.213731989264488 0.211492463946342 0.209252953529358 0.207013428211212 0.204773902893066 0.202534377574921 0.200433671474457 0.198749467730522 0.197065249085426 0.19538103044033 0.193696826696396 0.1920126080513 0.190328389406204 0.188644170761108 0.185984879732132 0.183000564575195 0.180016234517097 0.177031919360161 0.174047604203224 0.171063274145126 0.16807895898819 0.165769845247269 0.165486380457878 0.165202915668488 0.164919450879097 0.164635986089706 0.164352521300316 0.164069056510925 0.163785591721535 0.161226883530617 0.157909750938416 0.154592603445053 0.151275485754013 0.147958353161812 0.144641205668449 0.141324073076248
0.224620908498764 0.224277138710022 0.22393336892128 0.223589599132538 0.223245829343796 0.222902059555054 0.222558289766312 0.220387890934944 0.217608600854874 0.214829310774803 0.212050035595894 0.209270745515823 0.206491470336914 0.203712180256844 0.201182171702385 0.199400007724762 0.197617828845978 0.195835664868355 0.194053485989571 0.192271322011948 0.190489143133163 0.18870697915554 0.185837477445602 0.182605519890785 0.179373577237129 0.176141634583473 0.172909691929817 0.169677749276161 0.166445806622505 0.16390985250473 0.163461863994598 0.163013890385628 0.162565916776657 0.162117943167686 0.161669954657555 0.161221981048584 0.160774007439613 0.158164113759995 0.154833599925041 0.151503071188927 0.148172557353973 0.144842028617859 0.141511514782906 0.138180986046791
0.227788671851158 0.227621495723724 0.227454319596291 0.227287143468857 0.227119967341423 0.226952791213989 0.226785615086555 0.224271580576897 0.220975250005722 0.217678919434547 0.214382588863373 0.211086258292198 0.207789942622185 0.20449361205101 0.201554641127586 0.199687764048576 0.197820872068405 0.195953994989395 0.194087103009224 0.192220211029053 0.190353333950043 0.188486441969872 0.185590997338295 0.182352676987648 0.179114356637001 0.175876051187515 0.172637730836868 0.169399410486221 0.166161105036736 0.163564145565033 0.162891253829002 0.162218376994133 0.161545485258102 0.160872593522072 0.160199716687202 0.159526824951172 0.158853948116302 0.156352609395981 0.153241783380508 0.150130957365036 0.147020131349564 0.143909320235252 0.14079849421978 0.137687668204308
0.231950893998146 0.231713235378265 0.231475591659546 0.231237933039665 0.231000289320946 0.230762630701065 0.230524972081184 0.227622583508492 0.223831921815872 0.220041275024414 0.216250628232956 0.212459966540337 0.208669319748878 0.20487867295742 0.201551094651222 0.199612736701965 0.197674378752708 0.195736020803452 0.193797662854195 0.191859319806099 0.189920961856842 0.187982603907585 0.18524543941021 0.182242006063461 0.179238572716713 0.176235154271126 0.173231720924377 0.170228287577629 0.167224854230881 0.164732739329338 0.16377454996109 0.162816360592842 0.161858156323433 0.160899966955185 0.159941777586937 0.158983588218689 0.158025398850441 0.155792325735092 0.153134286403656 0.150476261973381 0.147818222641945 0.14516019821167 0.142502158880234 0.139844119548798
0.236113116145134 0.235804975032806 0.23549684882164 0.235188722610474 0.234880596399307 0.234572470188141 0.234264343976974 0.230973586440086 0.226688608527184 0.222403630614281 0.218118652701378 0.213833674788475 0.209548696875572 0.205263718962669 0.201547533273697 0.199537709355354 0.197527885437012 0.195518061518669 0.193508237600327 0.191498413681984 0.189488589763641 0.187478765845299 0.184899896383286 0.182131350040436 0.179362803697586 0.176594257354736 0.173825711011887 0.171057164669037 0.168288618326187 0.165901333093643 0.164657831192017 0.163414344191551 0.162170842289925 0.160927340388298 0.159683853387833 0.158440351486206 0.157196849584579 0.155232042074203 0.153026804327965 0.150821566581726 0.148616313934326 0.146411076188087 0.144205823540688 0.142000585794449
0.240275323390961 0.239896729588509 0.239518120884895 0.239139512181282 0.23876091837883 0.238382309675217 0.238003700971603 0.234324589371681 0.229545280337334 0.224765986204147 0.2199866771698 0.215207383036613 0.210428074002266 0.20564877986908 0.201543971896172 0.199462682008743 0.197381392121315 0.195300087332726 0.193218797445297 0.191137507557869 0.189056202769279 0.186974912881851 0.1845543384552 0.182020679116249 0.179487019777298 0.176953360438347 0.174419701099396 0.171886026859283 0.169352367520332 0.167069926857948 0.165541127324104 0.16401232779026 0.162483513355255 0.160954713821411 0.159425914287567 0.157897114753723 0.156368315219879 0.154671773314476 0.152919322252274 0.15116685628891 0.149414405226707 0.147661954164505 0.145909488201141 0.144157037138939
0.244437545537949 0.24398846924305 0.243539392948151 0.243090316653252 0.242641225457191 0.242192149162292 0.241743072867393 0.237675592303276 0.232401967048645 0.227128341794014 0.221854716539383 0.216581091284752 0.211307466030121 0.20603384077549 0.201540425419807 0.199387654662132 0.197234898805618 0.195082128047943 0.192929357290268 0.190776601433754 0.188623830676079 0.186471074819565 0.184208795428276 0.181910023093224 0.17961123585701 0.177312463521957 0.175013691186905 0.172714903950691 0.170416131615639 0.168238520622253 0.166424408555031 0.164610311388969 0.162796199321747 0.160982087254524 0.159167990088463 0.15735387802124 0.155539765954018 0.154111489653587 0.152811825275421 0.151512160897255 0.150212496519089 0.148912832140923 0.147613152861595 0.146313488483429
0.248599767684937 0.248080208897591 0.247560650110245 0.24704110622406 0.246521547436714 0.246001988649368 0.245482444763184 0.241026595234871 0.235258638858795 0.229490682482719 0.223722741007805 0.217954784631729 0.212186843156815 0.206418886780739 0.201536864042282 0.199312627315521 0.197088405489922 0.194864168763161 0.1926399320364 0.190415695309639 0.188191458582878 0.185967221856117 0.183863252401352 0.181799352169037 0.179735466837883 0.177671566605568 0.175607666373253 0.173543781042099 0.171479880809784 0.169407114386559 0.167307704687119 0.165208294987679 0.163108870387077 0.161009460687637 0.158910050988197 0.156810641288757 0.154711231589317 0.15355122089386 0.15270434319973 0.1518574655056 0.15101058781147 0.15016371011734 0.149316817522049 0.148469939827919
0.251454889774323 0.250898450613022 0.250341981649399 0.249785527586937 0.249229073524475 0.248672619462013 0.248116165399551 0.243574142456055 0.237703591585159 0.231833040714264 0.225962489843369 0.220091938972473 0.214221403002739 0.208350852131844 0.203410997986794 0.201263263821602 0.19911552965641 0.196967780590057 0.194820046424866 0.192672312259674 0.190524578094482 0.18837682902813 0.186436757445335 0.184565886855125 0.182695016264915 0.180824160575867 0.178953289985657 0.177082419395447 0.175211563706398 0.173190861940384 0.170720636844635 0.168250411748886 0.165780201554298 0.16330997645855 0.160839751362801 0.158369541168213 0.155899316072464 0.154710754752159 0.153949424624443 0.153188079595566 0.152426734566689 0.151665404438972 0.150904059410095 0.150142714381218
0.253002941608429 0.252443164587021 0.251883387565613 0.251323610544205 0.250763833522797 0.250204026699066 0.249644249677658 0.245318233966827 0.239736810326576 0.234155401587486 0.228573977947235 0.222992554306984 0.217411130666733 0.211829707026482 0.207162827253342 0.205239549279213 0.203316271305084 0.201392993330956 0.199469730257988 0.197546452283859 0.195623174309731 0.193699896335602 0.191929310560226 0.190209612250328 0.188489928841591 0.186770230531693 0.185050532221794 0.183330848813057 0.181611150503159 0.179589748382568 0.176663219928741 0.173736691474915 0.170810163021088 0.167883634567261 0.164957106113434 0.162030577659607 0.15910404920578 0.157590121030807 0.156547069549561 0.155504018068314 0.154460966587067 0.15341791510582 0.152374848723412 0.151331797242165
0.254551023244858 0.253987908363342 0.253424793481827 0.252861678600311 0.252298563718796 0.25173544883728 0.251172333955765 0.247062340378761 0.241770043969154 0.236477747559547 0.23118545114994 0.225893154740334 0.220600858330727 0.215308576822281 0.210914641618729 0.209215834736824 0.207517027854919 0.205818206071854 0.204119399189949 0.202420592308044 0.200721770524979 0.199022963643074 0.197421863675117 0.195853352546692 0.194284826517105 0.192716300487518 0.191147789359093 0.189579263329506 0.188010737299919 0.185988634824753 0.182605803012848 0.179222956299782 0.175840124487877 0.172457277774811 0.169074445962906 0.16569159924984 0.162308767437935 0.160469487309456 0.159144714474678 0.157819956541061 0.156495183706284 0.155170425772667 0.153845652937889 0.152520895004272
0.256099075078964 0.255532622337341 0.254966169595718 0.254399746656418 0.253833293914795 0.253266870975494 0.252700418233871 0.248806431889534 0.243803277611732 0.23880010843277 0.233796939253807 0.228793770074844 0.223790600895882 0.218787431716919 0.214666470885277 0.213192120194435 0.211717769503593 0.210243418812752 0.20876906812191 0.20729473233223 0.205820381641388 0.204346030950546 0.20291443169117 0.201497077941895 0.200079724192619 0.198662385344505 0.19724503159523 0.195827677845955 0.194410338997841 0.192387536168098 0.188548386096954 0.18470923602581 0.180870085954666 0.177030935883522 0.173191785812378 0.169352635741234 0.16551348567009 0.163348838686943 0.161742359399796 0.160135880112648 0.1585294008255 0.156922936439514 0.155316457152367 0.153709977865219
0.257647126913071 0.25707733631134 0.256507575511932 0.255937814712524 0.255368053913116 0.254798293113708 0.254228502511978 0.250550538301468 0.245836496353149 0.241122454404831 0.236408412456512 0.231694370508194 0.226980328559875 0.222266286611557 0.218418285250664 0.217168405652046 0.215918526053429 0.21466863155365 0.213418751955032 0.212168857455254 0.210918977856636 0.209669098258018 0.208406984806061 0.207140803337097 0.205874636769295 0.204608455300331 0.203342273831367 0.202076107263565 0.200809925794601 0.198786422610283 0.194490969181061 0.190195500850677 0.185900047421455 0.181604593992233 0.17730912566185 0.173013672232628 0.168718203902245 0.166228204965591 0.164340004324913 0.162451818585396 0.160563632845879 0.158675447106361 0.156787246465683 0.154899060726166
0.259195178747177 0.258622080087662 0.258048981428146 0.257475882768631 0.256902784109116 0.2563296854496 0.255756586790085 0.252294629812241 0.247869729995728 0.243444815278053 0.239019900560379 0.234594985842705 0.230170071125031 0.225745156407356 0.222170114517212 0.221144691109657 0.220119267702103 0.219093844294548 0.218068420886993 0.217042997479439 0.216017574071884 0.21499215066433 0.213899552822113 0.212784543633461 0.211669534444809 0.210554525256157 0.209439530968666 0.208324521780014 0.207209512591362 0.205185323953629 0.200433552265167 0.195681780576706 0.190930008888245 0.186178237199783 0.181426465511322 0.176674693822861 0.171922937035561 0.169107556343079 0.166937664151192 0.164767757058144 0.162597849965096 0.160427957773209 0.158258050680161 0.156088143587112
