data/working_set_collections/6091692-Cassins_Sparrow-M2/1980/echange_avg.asc
NCOLS 265 
NROWS 230 
XLLCORNER -115.5625 
YLLCORNER 24.8333333333333 
CELLSIZE 0.0833333333333333 
NODATA_value -9999 
[rows 190 to 208 of 230, columns 0 to 43 of 265]
-9999 -9999 -9999 0.0507454760372639 0.0507454760372639 -9999 -9999 -9999 -9999 -9999 -9999 -9999 -9999 -9999 -9999 0.0053812456317246 0.00158109865151346 -0.00221904809586704 -0.00601919507607818 -0.00981934182345867 -0.0136194881051779 -0.0174196343868971 -0.0139523614197969 -0.00806261505931616 -0.0021728677675128 0.00371687905862927 0.00960662588477135 0.0154963731765747 0.0213861204683781 0.0294102821499109 0.0438376888632774 0.0582650937139988 0.0726924985647202 -9999 -9999 -9999 -9999 -9999 -9999 -9999 -9999 -9999 -9999 -9999
-9999 -9999 -9999 -9999 -9999 -9999 -9999 -9999 -9999 -9999 -9999 -9999 -9999 -9999 -9999 0.0261380486190319 0.0243478585034609 0.022557670250535 0.020767480134964 0.0189772918820381 0.0171871017664671 0.0153969125822186 0.0188195090740919 0.0239797029644251 0.0291398949921131 0.0343000888824463 0.0394602790474892 0.0446204729378223 0.0497806668281555 0.0565903894603252 0.0683487057685852 0.0801070258021355 0.0918653458356857 0.103623658418655 -9999 -9999 -9999 -9999 -9999 -9999 -9999 -9999 -9999 -9999
-9999 -9999 -9999 -9999 -9999 -9999 -9999 0.0533084683120251 0.0511683560907841 0.0490282401442528 0.0468881279230118 -9999 -9999 0.0404677875339985 -9999 0.0378490462899208 0.0370381213724613 0.0362272001802921 0.0354162752628326 0.0346053503453732 0.0337944254279137 0.0329835042357445 0.0359927676618099 0.0402754247188568 0.044558085501194 0.0488407462835312 0.0531234070658684 0.0574060678482056 0.0616887249052525 0.0672885775566101 0.0768399983644485 0.086391419172287 0.095942847430706 0.105494268238544 -9999 -9999 -9999 -9999 -9999 -9999 -9999 -9999 -9999 -9999
-9999 -9999 -9999 -9999 -9999 -9999 0.0489712432026863 0.048233337700367 0.0472494624555111 0.0462655872106552 0.0452817119657993 0.0442978367209435 0.0433139614760876 0.0423300862312317 0.0413765907287598 -9999 0.0396518893539906 0.0387895405292511 0.0379271879792213 0.0370648391544819 0.0362024866044521 0.0353401340544224 0.0375674106180668 0.0408245585858822 0.0440817065536976 0.047338854521513 0.0505960024893284 0.0538531504571438 0.0571103021502495 0.0615048408508301 0.0693115592002869 0.0771182850003242 0.084925003349781 0.0927317216992378 0.100538440048695 -9999 -9999 -9999 -9999 -9999 -9999 -9999 -9999 -9999
-9999 -9999 -9999 -9999 -9999 -9999 -9999 0.0431582033634186 0.0433305688202381 0.0435029305517673 0.0436752960085869 0.0438476577401161 0.0440200231969357 0.0441923849284649 0.0440932139754295 0.0431794337928295 0.0422656573355198 0.0413518808782101 0.04043810069561 0.0395243242383003 0.0386105477809906 0.0376967675983906 0.0391420535743237 0.0413736887276173 0.0436053276062012 0.0458369627594948 0.0480686016380787 0.0503002367913723 0.0525318756699562 0.0557211078703403 0.0617831237614155 0.0678451433777809 0.073907159268856 0.0799691751599312 0.0860311910510063 0.092093214392662 -9999 -9999 -9999 -9999 -9999 -9999 -9999 -9999
-9999 -9999 -9999 -9999 -9999 -9999 -9999 -9999 0.0394116751849651 0.0407402776181698 0.0420688800513744 0.0433974787592888 0.0447260811924934 0.0460546836256981 0.046809833496809 0.045844629406929 0.044879425317049 0.043914221227169 0.0429490134119987 0.0419838093221188 0.0410186052322388 0.0400534011423588 0.0407166965305805 0.0419228188693523 0.0431289449334145 0.0443350709974766 0.0455411970615387 0.0467473231256008 0.0479534491896629 0.0499373711645603 0.0542546883225441 0.0585720017552376 0.0628893151879311 0.0672066286206245 0.0715239495038986 0.0758412629365921 0.0801585763692856 0.0673051998019218 -9999 -9999 -9999 -9999 -9999 -9999
-9999 -9999 -9999 -9999 -9999 -9999 -9999 -9999 -9999 0.0379776209592819 0.0404624603688717 0.0429473035037518 0.0454321429133415 0.0479169823229313 0.0495264530181885 0.0485098212957382 0.047493189573288 0.046476561576128 0.0454599298536777 0.0444432981312275 0.0434266664087772 0.042410034686327 0.0422913357615471 0.0424719527363777 0.042652565985918 0.0428331792354584 0.043013796210289 0.0431944094598293 0.0433750227093697 0.0441536381840706 0.0467262491583824 0.0492988638579845 0.0518714748322964 0.0544440858066082 0.0570167005062103 0.0595893114805222 0.0621619261801243 0.0497009046375751 0.0322286747395992 -9999 -9999 -9999 -9999 -9999
-9999 -9999 -9999 -9999 -9999 -9999 -9999 -9999 -9999 -9999 0.0388560444116592 0.0424971245229244 0.0461382009088993 0.0497792810201645 0.0522430762648582 0.0511750169098377 0.0501069575548172 0.049038901925087 0.0479708425700665 0.0469027832150459 0.0458347275853157 0.0447666682302952 0.043865978717804 0.0430210828781128 0.0421761870384216 0.0413312874734402 0.040486391633749 0.0396414957940578 0.0387965962290764 0.0383699014782906 0.039197813719511 0.0400257222354412 0.0408536344766617 0.0416815429925919 0.042509451508522 0.0433373637497425 0.0441652722656727 0.0320966094732285 0.0157290864735842 -9999 -9999 -9999 -9999 -9999
-9999 -9999 -9999 -9999 -9999 -9999 -9999 -9999 -9999 -9999 -9999 0.0417239256203175 0.045056089758873 0.0483882538974285 0.0505264922976494 0.0490829534828663 0.0476394146680832 0.0461958758533001 0.044752337038517 0.0433087982237339 0.0418652594089508 0.0404217205941677 0.0395239926874638 0.0388081967830658 0.0380924008786678 0.0373766086995602 0.0366608127951622 0.0359450206160545 0.0352292247116566 0.0342844799160957 0.0326528735458851 0.0310212709009647 0.0293896663933992 0.0277580618858337 0.0261264592409134 0.0244948547333479 0.0228632502257824 0.0127738853916526 -0.00013473309809342 -9999 -9999 -9999 -9999 -9999
-9999 -9999 -9999 -9999 -9999 -9999 -9999 -9999 -9999 -9999 -9999 -9999 0.0421858057379723 0.0437439009547234 0.0443767011165619 0.0422336310148239 0.0400905571877956 0.0379474870860577 0.0358044132590294 0.0336613394320011 0.0315182693302631 0.02937519736588 0.0292653702199459 0.0298332925885916 0.0304012149572372 0.0309691391885281 0.0315370596945286 0.0321049839258194 0.0326729081571102 0.0318973660469055 0.0270914360880852 0.0222855061292648 0.0174795761704445 0.0126736471429467 0.00786771718412638 0.00306178699247539 -0.00174414273351431 -0.00826726295053959 -0.0153627805411816 -0.0224582981318235 -9999 -9999 -9999 -9999
-9999 -9999 -9999 -9999 -9999 -9999 -9999 -9999 -9999 -9999 -9999 -9999 -9999 0.0390995480120182 0.0382269136607647 0.0353843085467815 0.0325417034327984 0.0296990964561701 0.0268564894795418 0.0240138843655586 0.0211712773889303 0.0183286722749472 0.0190067496150732 0.0208583883941174 0.0227100290358067 0.0245616678148508 0.0264133084565401 0.0282649472355843 0.0301165878772736 0.0295102540403605 0.0215299967676401 0.0135497422888875 0.00556948641315103 -0.00241076899692416 -0.0103910248726606 -0.0183712802827358 -0.026351535692811 -0.0293084122240543 -0.0305908285081387 -0.031873244792223 -0.0331556610763073 -9999 -9999 -9999
-9999 -9999 -9999 -9999 -9999 -9999 -9999 -9999 -9999 -9999 -9999 -9999 -9999 -9999 0.0320771262049675 0.0285349860787392 0.0249928459525108 0.0214507058262825 0.0179085657000542 0.0143664265051484 0.0108242863789201 0.00728214625269175 0.0087481290102005 0.0118834851309657 0.0150188421830535 0.0181541983038187 0.0212895553559065 0.0244249124079943 0.0275602675974369 0.0271231401711702 0.0159685593098402 0.0048139775171876 -0.00634060380980372 -0.017495185136795 -0.0286497659981251 -0.0398043468594551 -0.0509589277207851 -0.0503495596349239 -0.0458188764750957 -0.0412881895899773 -0.0367575027048588 -0.0322268195450306 -9999 -9999
-9999 -9999 -9999 -9999 -9999 -9999 -9999 -9999 -9999 -9999 -9999 -9999 -9999 -9999 -9999 -9999 -9999 0.0132023161277175 0.00896064285188913 0.0047189686447382 0.00047729499056004 -0.0037643788382411 -0.00151049206033349 0.00290858140215278 0.00732765486463904 0.0117467287927866 0.0161658022552729 0.0205848757177591 0.0250039491802454 0.0247360281646252 0.0104071209207177 -0.00392178678885102 -0.0182506944984198 -0.0325796008110046 -0.0469085089862347 -0.0612374134361744 -0.0755663216114044 -0.0713907107710838 -0.0610469207167625 -0.0507031343877316 -0.0403593480587006 -0.0300155617296696 -9999 -9999
-9999 -9999 -9999 -9999 -9999 -9999 -9999 -9999 -9999 -9999 -9999 -9999 -9999 -9999 -9999 -9999 -9999 -9999 1.27187568068621e-05 -0.00492848875001073 -0.00986969657242298 -0.0148109039291739 -0.0117691131308675 -0.00606632232666016 -0.000363531900802627 0.00533925835043192 0.0110420491546392 0.016744839027524 0.0224476307630539 0.022348914295435 0.00484568206593394 -0.0126575510948896 -0.0301607828587294 -0.0476640164852142 -0.065167248249054 -0.0826704800128937 -0.100173711776733 -0.0924318581819534 -0.0762749686837196 -0.0601180829107761 -0.0439611934125423 -0.0278043057769537 -0.0116474181413651 -9999
-9999 -9999 -9999 -9999 -9999 -9999 -9999 -9999 -9999 -9999 -9999 -9999 -9999 -9999 -9999 -9999 -9999 -9999 -9999 -9999 -9999 -0.0211636871099472 -0.0179055035114288 -0.0121685769408941 -0.00643165037035942 -0.000694724265486002 0.00504220183938742 0.0107791284099221 0.0165160540491343 0.0163316391408443 -0.00161680101882666 -0.0195652414113283 -0.0375136807560921 -0.055462121963501 -0.0734105631709099 -0.0913589969277382 -0.109307438135147 -0.0996425896883011 -0.080773301422596 -0.0619040206074715 -0.0430347360670567 -0.024165453389287 -0.00529617024585605 0.0135731128975749
-9999 -9999 -9999 -9999 -9999 -9999 -9999 -9999 -9999 -9999 -9999 -9999 -9999 -9999 -9999 -9999 -9999 -9999 -9999 -9999 -9999 -9999 -0.0199196618050337 -0.0153981810435653 -0.0108767002820969 -0.00635521998628974 -0.00183373945765197 0.00268774107098579 0.0072092218324542 0.00668419990688562 -0.00898032821714878 -0.0246448572725058 -0.0403093844652176 -0.0559739135205746 -0.0716384425759315 -0.0873029679059982 -0.102967500686646 -0.0930228978395462 -0.0745419263839722 -0.0560609549283981 -0.0375799797475338 -0.0190990064293146 -0.000618032878264785 0.0178629402071238
-9999 -9999 -9999 -9999 -9999 -9999 -9999 -9999 -9999 -9999 -9999 -9999 -9999 -9999 -9999 -9999 -9999 -9999 -9999 -9999 -9999 -9999 -9999 -0.0186277851462364 -0.0153217511251569 -0.0120157161727548 -9999 -0.00540364580228925 -9999 -0.00296323862858117 -0.0163438562303782 -0.0297244712710381 -0.0431050881743431 -0.0564857050776482 -0.0698663219809532 -0.0832469388842583 -0.0966275557875633 -0.0864032134413719 -0.0683105513453484 -0.0502178855240345 -0.0321252234280109 -0.0140325585380197 0.00406010448932648 0.0221527684479952
-9999 -9999 -9999 -9999 -9999 -9999 -9999 -9999 -9999 -9999 -9999 -9999 -9999 -9999 -9999 -9999 -9999 -9999 -9999 -9999 -9999 -9999 -9999 -9999 -9999 -9999 -9999 -9999 -9999 -0.0126106776297092 -0.0237073823809624 -0.0348040871322155 -0.0459007918834686 -0.0569974966347218 -0.0680942013859749 -0.0791909098625183 -0.0902876108884811 -0.079783521592617 -0.0620791725814342 -0.0443748198449612 -0.0266704652458429 -0.00896611157804728 0.00873824208974838 0.0264425948262215
-9999 -9999 -9999 -9999 -9999 -9999 -9999 -9999 -9999 -9999 -9999 -9999 -9999 -9999 -9999 -9999 -9999 -9999 -9999 -9999 -9999 -9999 -9999 -9999 -9999 -9999 -9999 -9999 -9999 -9999 -0.0310709103941917 -0.0398837029933929 -0.0486964955925941 -0.0575092919170856 -0.0663220807909966 -0.0751348808407784 -0.0839476734399796 -0.0731638371944427 -0.0558477938175201 -0.0385317504405975 -0.0212157070636749 -0.00389966368675232 0.0134163796901703 0.0307324230670929
