data/working_set_collections/6091692-Cassins_Sparrow-M2/1980/echange_avg.asc
NCOLS 265 
NROWS 230 
XLLCORNER -115.5625 
YLLCORNER 24.8333333333333 
CELLSIZE 0.0833333333333333 
NODATA_value -9999 
[rows 38 to 56 of 230, columns 88 to 131 of 265]
0.112690150737762 0.11841157078743 0.120663203299046 0.122914835810661 0.125166475772858 0.127418100833893 0.129669740796089 0.131921365857124 0.134173005819321 0.123465180397034 0.108437545597553 0.0934099033474922 0.0783822610974312 0.0633546188473701 0.0483269803225994 0.0332993417978287 0.0260231997817755 0.0420015566051006 0.0579799152910709 0.0739582777023315 0.0899366363883018 0.105914995074272 0.121893353760242 0.137871712446213 0.131366118788719 0.117365874350071 0.103365629911423 0.0893653854727745 0.0753651410341263 0.0613649003207684 0.0473646558821201 0.0381412506103516 0.0432483665645123 0.0483554825186729 0.0534625984728336 0.0585697144269943 0.0636768341064453 0.0687839463353157 0.0738910660147667 0.0793096274137497 0.0848320126533508 0.0903544053435326 0.0958767905831337 0.101399175822735
0.121952466666698 0.127222135663033 0.129268690943718 0.131315261125565 0.13336181640625 0.135408386588097 0.137454956769943 0.139501512050629 0.141548082232475 0.131746888160706 0.117996461689472 0.104246020317078 0.0904955863952637 0.0767451524734497 0.0629947185516357 0.0492442846298218 0.0418927371501923 0.0537378489971161 0.0655829608440399 0.0774280726909637 0.0892731845378876 0.101118296384811 0.112963408231735 0.124808520078659 0.116119489073753 0.100585743784904 0.0850519984960556 0.0695182532072067 0.0539845079183578 0.038450762629509 0.0229170173406601 0.0130378883332014 0.020122604444623 0.0272073205560446 0.034292034804821 0.0413767509162426 0.0484614670276642 0.0555461831390858 0.0626308992505074 0.0707317590713501 0.0791713297367096 0.0876109004020691 0.0960504710674286 0.104490041732788
0.131214782595634 0.136032685637474 0.137874186038971 0.139715686440468 0.141557171940804 0.1433986723423 0.145240157842636 0.147081658244133 0.148923143744469 0.140028595924377 0.127555370330811 0.115082144737244 0.102608919143677 0.0901356860995293 0.0776624605059624 0.0651892274618149 0.0577622726559639 0.0654741376638412 0.0731860026717186 0.080897867679596 0.0886097326874733 0.0963215976953506 0.104033462703228 0.111745327711105 0.100872859358788 0.083805613219738 0.0667383670806885 0.0496711209416389 0.0326038748025894 0.0155366268008947 -0.00153061933815479 -0.0120654748752713 -0.00300315930508077 0.00605915626510978 0.015121472068131 0.0241837874054909 0.0332461036741734 0.0423084199428558 0.0513707362115383 0.0621538795530796 0.0735106393694878 0.0848673954606056 0.0962241515517235 0.107580907642841
0.14047709107399 0.144843250513077 0.146479681134224 0.14811609685421 0.149752527475357 0.151388943195343 0.15302537381649 0.154661804437637 0.156298220157623 0.14831031858921 0.13711428642273 0.12591826915741 0.114722244441509 0.103526219725609 0.0923301950097084 0.0811341777443886 0.0736318081617355 0.0772104263305664 0.0807890444993973 0.0843676626682281 0.087946280837059 0.0915248990058899 0.0951035171747208 0.0986821353435516 0.0856262296438217 0.0670254826545715 0.048424731940031 0.0298239849507809 0.0112232379615307 -0.00737750949338078 -0.0259782560169697 -0.037168838083744 -0.0261289235204458 -0.0150890070945024 -0.00404909206554294 0.00699082342907786 0.0180307384580374 0.0290706548839808 0.040110569447279 0.0535760074853897 0.0678499490022659 0.0821238905191422 0.0963978320360184 0.110671773552895
0.142325341701508 0.146356046199799 0.147108748555183 0.147861450910568 0.148614153265953 0.149366855621338 0.150119557976723 0.150872275233269 0.151624977588654 0.145107224583626 0.136165991425514 0.127224773168564 0.118283540010452 0.109342314302921 0.10040108859539 0.0914598554372787 0.0848722457885742 0.0853455066680908 0.0858187600970268 0.0862920135259628 0.0867652669548988 0.0872385203838348 0.0877117812633514 0.0881850346922874 0.074174627661705 0.0553363412618637 0.0364980511367321 0.0176597610116005 -0.0011785285314545 -0.0200168173760176 -0.038855105638504 -0.050241582095623 -0.0392726175487041 -0.0283036530017853 -0.0173346865922213 -0.0063657215796411 0.00460324389860034 0.0155722089111805 0.0265411753207445 0.0416104048490524 0.0580463893711567 0.074482373893261 0.0909183546900749 0.107354342937469
0.136759504675865 0.140571087598801 0.139761418104172 0.138951748609543 0.138142079114914 0.137332409620285 0.136522740125656 0.135713070631027 0.134903401136398 0.130419343709946 0.124710500240326 0.119001656770706 0.113292813301086 0.107583962380886 0.101875118911266 0.0961662754416466 0.09148358553648 0.0898793637752533 0.0882751420140266 0.0866709128022194 0.0850666910409927 0.0834624692797661 0.0818582475185394 0.0802540183067322 0.066518060863018 0.0487381890416145 0.030958317220211 0.0131784453988075 -0.00460142688825727 -0.0223812982439995 -0.040161170065403 -0.0512837097048759 -0.0424342416226864 -0.0335847772657871 -0.0247353129088879 -0.0158858485519886 -0.00703638233244419 0.00181308283936232 0.0106625482439995 0.0262570772320032 0.04409996047616 0.0619428418576717 0.0797857269644737 0.0976286083459854
0.131193682551384 0.134786114096642 0.132414072751999 0.130042031407356 0.127669990062714 0.125297948718071 0.122925907373428 0.120553858578205 0.118181817233562 0.115731462836266 0.113255001604557 0.110778540372849 0.10830207914114 0.105825617909431 0.103349156677723 0.100872695446014 0.0980949252843857 0.0944132208824158 0.0907315164804459 0.0870498195290565 0.0833681151270866 0.0796864107251167 0.0760047137737274 0.0723230093717575 0.058861494064331 0.0421400368213654 0.02541858330369 0.00869712885469198 -0.00802432559430599 -0.0247457791119814 -0.0414672344923019 -0.0523258335888386 -0.0455958694219589 -0.0388659052550793 -0.0321359373629093 -0.0254059731960297 -0.01867600902915 -0.0119460439309478 -0.00521607883274555 0.0109037486836314 0.0301535297185183 0.0494033135473728 0.0686530917882919 0.0879028737545013
0.125627860426903 0.129001155495644 0.125066727399826 0.12113232165575 0.117197901010513 0.113263487815857 0.109329074621201 0.105394661426544 0.101460240781307 0.101043581962585 0.101799502968788 0.102555423974991 0.103311344981194 0.104067273437977 0.10482319444418 0.105579115450382 0.104706265032291 0.0989470779895782 0.0931878983974457 0.0874287188053131 0.0816695392131805 0.075910359621048 0.0701511800289154 0.0643920004367828 0.0512049235403538 0.0355418883264065 0.0198788493871689 0.00421581324189901 -0.0114472238346934 -0.0271102599799633 -0.0427732989192009 -0.0533679611980915 -0.0487574934959412 -0.0441470295190811 -0.0395365655422211 -0.034926101565361 -0.0303156357258558 -0.0257051698863506 -0.0210947059094906 -0.0044495789334178 0.0162071008235216 0.0368637815117836 0.0575204603374004 0.0781771391630173
0.120062030851841 0.123216181993484 0.117719396948814 0.112222604453564 0.106725819408894 0.101229034364223 0.0957322418689728 0.0902354568243027 0.084738664329052 0.0863557010889053 0.0903440043330193 0.0943323150277138 0.0983206182718277 0.102308921515942 0.106297232210636 0.11028553545475 0.111317597329617 0.103480942547321 0.0956442803144455 0.0878076255321503 0.0799709632992744 0.0721343010663986 0.0642976462841034 0.0564609840512276 0.0435483567416668 0.0289437361061573 0.0143391164019704 -0.000265502836555243 -0.0148701220750809 -0.0294747427105904 -0.0440793596208096 -0.0544100850820541 -0.0519191212952137 -0.049428153783083 -0.0469371899962425 -0.0444462262094021 -0.0419552624225616 -0.0394642986357212 -0.0369733311235905 -0.0198029074817896 0.00226067192852497 0.0243242513388395 0.0463878288865089 0.0684514120221138
0.11449620872736 0.117431215941906 0.110372059047222 0.103312894701958 0.0962537378072739 0.0891945734620094 0.082135409116745 0.0750762522220612 0.0680170878767967 0.0716678202152252 0.0788885056972504 0.0861091986298561 0.0933298841118813 0.100550577044487 0.107771262526512 0.114991955459118 0.117928937077522 0.108014799654484 0.0981006622314453 0.0881865248084068 0.0782723873853683 0.0683582499623299 0.0584441125392914 0.0485299751162529 0.0358917862176895 0.0223455857485533 0.00879938341677189 -0.0047468189150095 -0.0182930212467909 -0.0318392217159271 -0.0453854240477085 -0.0554522089660168 -0.0550807453691959 -0.0547092817723751 -0.0543378181755543 -0.0539663508534431 -0.0535948872566223 -0.0532234236598015 -0.0528519600629807 -0.0351562350988388 -0.0116857569664717 0.0117847202345729 0.0352551974356174 0.0587256737053394
0.110905513167381 0.113411389291286 0.105879537761211 0.0983476862311363 0.0908158347010612 0.0832839831709862 0.0757521316409111 0.068220280110836 0.060688428580761 0.0658640041947365 0.0752753838896751 0.0846867635846138 0.0940981507301331 0.103509530425072 0.11292091012001 0.12233229726553 0.125891819596291 0.111895799636841 0.0978997722268105 0.0839037522673607 0.0699077248573303 0.0559117011725903 0.0419156774878502 0.0279196538031101 0.0157105438411236 0.00409707240760326 -0.00751639902591705 -0.0191298704594374 -0.0307433418929577 -0.0423568114638329 -0.0539702847599983 -0.062713548541069 -0.0628461763262749 -0.0629788115620613 -0.0631114467978477 -0.0632440745830536 -0.06337670981884 -0.0635093450546265 -0.0636419802904129 -0.0453947596251965 -0.0210209283977747 0.00335290539078414 0.0277267377823591 0.0521005727350712
0.109289959073067 0.111156694591045 0.104241840541363 0.0973269790410995 0.0904121175408363 0.0834972634911537 0.0765824019908905 0.0696675404906273 0.0627526789903641 0.0689442530274391 0.0795046389102936 0.0900650173425674 0.100625403225422 0.111185789108276 0.12174616754055 0.132306545972824 0.135206252336502 0.115123942494392 0.0950416177511215 0.0749593004584312 0.054876983165741 0.0347946658730507 0.0147123448550701 -0.00536997383460402 -0.0169953741133213 -0.0258018020540476 -0.0346082299947739 -0.043414656072855 -0.0522210858762264 -0.0610275119543076 -0.069833941757679 -0.07619409263134 -0.0752154216170311 -0.0742367506027222 -0.0732580721378326 -0.0722794011235237 -0.0713007301092148 -0.0703220590949059 -0.0693433880805969 -0.0505184829235077 -0.0257448386400938 -0.000971193716395646 0.0238024517893791 0.0485760979354382
0.107674397528172 0.108902007341385 0.102604135870934 0.0963062718510628 0.090008407831192 0.0837105363607407 0.0774126723408699 0.0711148008704185 0.0648169368505478 0.0720245093107224 0.083733893930912 0.0954432711005211 0.107152655720711 0.1188620403409 0.13057142496109 0.14228081703186 0.144520699977875 0.118352077901363 0.0921834707260132 0.0660148561000824 0.0398462414741516 0.0136776259168983 -0.01249098777771 -0.0386596024036407 -0.0497012920677662 -0.0557006783783436 -0.0617000609636307 -0.0676994472742081 -0.0736988261342049 -0.0796982124447823 -0.0856975987553596 -0.089674636721611 -0.0875846594572067 -0.0854946821928024 -0.0834047049283981 -0.0813147276639938 -0.0792247503995895 -0.0771347731351852 -0.075044795870781 -0.0556422062218189 -0.0304687507450581 -0.00529529293999076 0.019878163933754 0.0450516231358051
0.106058835983276 0.106647312641144 0.100966438651085 0.095285564661026 0.0896046906709671 0.0839238166809082 0.0782429352402687 0.0725620612502098 0.0668811872601509 0.075104758143425 0.0879631415009499 0.100821524858475 0.11367991566658 0.126538291573524 0.13939668238163 0.152255073189735 0.153835132718086 0.121580220758915 0.0893253162503242 0.057070404291153 0.024815496057272 -0.00743941217660904 -0.03969432041049 -0.071949228644371 -0.0824072137475014 -0.0855995491147041 -0.0887918919324875 -0.0919842347502708 -0.0951765701174736 -0.098368912935257 -0.10156125575304 -0.103155188262463 -0.099953904747963 -0.0967526212334633 -0.0935513377189636 -0.090350054204464 -0.0871487706899643 -0.0839474871754646 -0.080746203660965 -0.0607659295201302 -0.0351926609873772 -0.0096193915233016 0.015953877940774 0.0415271483361721
0.104443274438381 0.104392625391483 0.0993287414312363 0.0942648574709892 0.0892009735107422 0.0841370895504951 0.0790732055902481 0.0740093216300011 0.068945437669754 0.0781850069761276 0.0921923965215683 0.106199778616428 0.120207168161869 0.134214550256729 0.14822193980217 0.16222932934761 0.163149565458298 0.124808363616467 0.0864671617746353 0.0481259562075138 0.00978475250303745 -0.0285564493387938 -0.0668976530432701 -0.105238854885101 -0.115113131701946 -0.115498423576355 -0.115883722901344 -0.116269022226334 -0.116654314100742 -0.117039613425732 -0.11742490530014 -0.116635732352734 -0.112323142588139 -0.108010552823544 -0.103697970509529 -0.0993853807449341 -0.095072790980339 -0.090760201215744 -0.086447611451149 -0.0658896565437317 -0.0399165712296963 -0.0139434905722737 0.0120295900851488 0.0380026735365391
0.102827720344067 0.102137930691242 0.0976910442113876 0.0932441502809525 0.0887972563505173 0.0843503698706627 0.0799034759402275 0.0754565820097923 0.0710096955299377 0.0812652632594109 0.0964216515421867 0.111578032374382 0.126734420657158 0.141890808939934 0.15704719722271 0.172203585505486 0.172463998198509 0.128036499023438 0.0836090072989464 0.0391815081238747 -0.00524599058553576 -0.0496734902262688 -0.0941009894013405 -0.138528481125832 -0.147819042205811 -0.145397305488586 -0.142975553870201 -0.140553802251816 -0.138132065534592 -0.135710313916206 -0.133288562297821 -0.130116283893585 -0.124692387878895 -0.119268491864204 -0.113844595849514 -0.108420699834824 -0.102996811270714 -0.0975729152560234 -0.092149019241333 -0.0710133761167526 -0.0446404851973057 -0.0182675905525684 0.00810530316084623 0.034478198736906
0.0979606881737709 0.0966263115406036 0.0950410887598991 0.093455858528614 0.0918706357479095 0.090285412967205 0.08870018273592 0.0871149599552155 0.085529737174511 0.0929345637559891 0.103336080908775 0.113737598061562 0.124139115214348 0.134540632367134 0.14494214951992 0.155343666672707 0.152796104550362 0.11140126734972 0.070006437599659 0.0286116041243076 -0.012783226557076 -0.0541780591011047 -0.0955728888511658 -0.136967718601227 -0.142581343650818 -0.136267885565758 -0.129954427480698 -0.123640976846218 -0.117327526211739 -0.111014068126678 -0.104700617492199 -0.0989748761057854 -0.095012292265892 -0.0910497084259987 -0.0870871245861053 -0.083124540746212 -0.0791619569063187 -0.0751993730664253 -0.071236789226532 -0.0516447275876999 -0.0268428400158882 -0.00204095290973783 0.02276093326509 0.0475628189742565
0.089842177927494 0.087857760488987 0.0913788750767708 0.0948999896645546 0.0984211042523384 0.101942218840122 0.105463333427906 0.10898444801569 0.112505562603474 0.113192923367023 0.112935699522495 0.112678475677967 0.112421251833439 0.112164027988911 0.111906804144382 0.111649580299854 0.104145862162113 0.0749026611447334 0.0456594526767731 0.0164162497967482 -0.0128269558772445 -0.0420701615512371 -0.0713133662939072 -0.100556574761868 -0.0994000062346458 -0.0881101787090302 -0.076820358633995 -0.0655305311083794 -0.0542407110333443 -0.0429508872330189 -0.0316610634326935 -0.0232115294784307 -0.0232828706502914 -0.023354209959507 -0.0234255511313677 -0.0234968923032284 -0.0235682316124439 -0.0236395727843046 -0.0237109139561653 -0.00778370257467031 0.0134763587266207 0.0347364209592342 0.0559964813292027 0.0772565454244614
0.0817236751317978 0.0790892094373703 0.0877166613936424 0.0963441133499146 0.104971572756767 0.113599024713039 0.122226476669312 0.130853936076164 0.139481380581856 0.133451282978058 0.122535310685635 0.111619345843792 0.10070338845253 0.0897874236106873 0.0788714587688446 0.067955493927002 0.0554956309497356 0.0384040512144566 0.0213124714791775 0.00422089360654354 -0.012870685197413 -0.0299622640013695 -0.0470538437366486 -0.0641454234719276 -0.0562186725437641 -0.0399524755775928 -0.023686284199357 -0.00742009002715349 0.00884610321372747 0.025112297385931 0.041378490626812 0.0525518208742142 0.0484465546905994 0.0443412885069847 0.04023602232337 0.0361307561397552 0.0320254936814308 0.0279202256351709 0.0238149613142014 0.0360773205757141 0.0537955574691296 0.071513794362545 0.0892320275306702 0.106950268149376
