data/working_set_collections/6091692-Cassins_Sparrow-M2/1980/echange_avg.asc
NCOLS 265 
NROWS 230 
XLLCORNER -115.5625 
YLLCORNER 24.8333333333333 
CELLSIZE 0.0833333333333333 
NODATA_value -9999 
[rows 0 to 18 of 230, columns 88 to 131 of 265]
0.12768292427063 0.10396171361208 0.126975446939468 0.149989172816277 0.173002898693085 0.196016624569893 0.219030350446701 0.242044076323509 0.265057802200317 0.258800655603409 0.242786541581154 0.226772427558899 0.210758313536644 0.194744184613228 0.178730070590973 0.162715956568718 0.147246643900871 0.133411765098572 0.119576871395111 0.105741985142231 0.0919070988893509 0.0780722051858902 0.0642373189330101 0.0504024289548397 0.0387572832405567 0.027842054143548 0.0169268231838942 0.00601159362122416 -0.00490363640710711 -0.0158188659697771 -0.026734096929431 -0.0342988036572933 -0.0318119488656521 -0.0293250903487206 -0.0268382336944342 -0.0243513770401478 -0.0218645185232162 -0.0193776618689299 -0.0168908052146435 -0.0275346841663122 -0.0425554774701595 -0.0575762689113617 -0.0725970640778542 -0.087617851793766
0.125178307294846 0.103415861725807 0.123582556843758 0.143749251961708 0.163915932178497 0.184082627296448 0.204249322414398 0.224416002631187 0.244582697749138 0.240101188421249 0.227403596043587 0.214706003665924 0.202008426189423 0.18931083381176 0.176613241434097 0.163915663957596 0.150848656892776 0.136673420667648 0.12249817699194 0.108322933316231 0.094147689640522 0.0799724459648132 0.0657972097396851 0.0516219660639763 0.0401646643877029 0.0296133384108543 0.019062016159296 0.00851069204509258 -0.00204063137061894 -0.0125919552519917 -0.0231432784348726 -0.0302596502006054 -0.0270711667835712 -0.0238826833665371 -0.0206942018121481 -0.0175057183951139 -0.0143172349780798 -0.0111287515610456 -0.00794026907533407 -0.0166992470622063 -0.0294407103210688 -0.0421821735799313 -0.0549236387014389 -0.0676651000976562
0.122673682868481 0.102870009839535 0.120189666748047 0.137509316205978 0.154828980565071 0.172148630023003 0.189468279480934 0.206787928938866 0.224107593297958 0.221401706337929 0.21202065050602 0.20263959467411 0.193258538842201 0.183877483010292 0.174496412277222 0.165115356445312 0.154450669884682 0.139935076236725 0.125419482588768 0.110903881490231 0.0963882878422737 0.0818726941943169 0.06735710054636 0.0528415031731129 0.0415720418095589 0.0313846245408058 0.0211972072720528 0.0110097909346223 0.000822373665869236 -0.00936504360288382 -0.0195524599403143 -0.0262204948812723 -0.0223303865641356 -0.0184402782469988 -0.0145501689985394 -0.0106600597500801 -0.00676995096728206 -0.00287984195165336 0.00101026694756001 -0.00586380762979388 -0.016325943171978 -0.0267880782485008 -0.0372502133250237 -0.0477123484015465
0.120169065892696 0.102324157953262 0.116796776652336 0.13126939535141 0.145742014050484 0.160214632749557 0.174687251448631 0.189159870147705 0.203632473945618 0.202702239155769 0.196637704968452 0.190573170781136 0.18450865149498 0.178444117307663 0.172379583120346 0.16631506383419 0.158052667975426 0.143196731805801 0.128340780735016 0.11348482966423 0.0986288860440254 0.0837729349732399 0.068916991353035 0.0540610402822495 0.0429794192314148 0.0331559106707573 0.0233324002474546 0.0135088888928294 0.00368537893518806 -0.0061381314881146 -0.015961641445756 -0.0221813414245844 -0.0175896063446999 -0.0129978712648153 -0.0084061361849308 -0.0038144018035382 0.000777333159931004 0.00536906812340021 0.00996080320328474 0.00497163087129593 -0.00321117625571787 -0.011393983848393 -0.0195767916738987 -0.0277595985680819
0.117664448916912 0.10177830606699 0.113403886556625 0.125029474496841 0.136655047535896 0.148280635476112 0.159906208515167 0.171531796455383 0.183157369494438 0.18400277197361 0.181254759430885 0.178506761789322 0.175758764147758 0.173010766506195 0.17026275396347 0.167514756321907 0.161654680967331 0.146458387374878 0.131262078881264 0.11606577783823 0.100869476795197 0.0856731757521629 0.0704768747091293 0.055280577391386 0.044386800378561 0.0349271968007088 0.0254675913602114 0.0160079877823591 0.00654838373884559 -0.00291121983900666 -0.0123708238825202 -0.0181421861052513 -0.0128488261252642 -0.00755546474829316 -0.00226210430264473 0.00303125660866499 0.00832461751997471 0.0136179784312844 0.0189113393425941 0.015807069838047 0.00990359019488096 0.00400011148303747 -0.00190336757805198 -0.0078068464063108
0.115159831941128 0.101232454180717 0.110010996460915 0.118789546191692 0.127568081021309 0.136346638202667 0.145125180482864 0.153903722763062 0.162682265043259 0.165303289890289 0.165871813893318 0.166440352797508 0.167008876800537 0.167577400803566 0.168145924806595 0.168714463710785 0.165256693959236 0.149720042943954 0.134183377027512 0.11864672601223 0.103110074996948 0.0875734239816666 0.0720367655158043 0.0565001145005226 0.0457941778004169 0.03669847920537 0.0276027843356133 0.0185070857405663 0.00941138900816441 0.000315691810101271 -0.00878000538796186 -0.0141030317172408 -0.0081080449745059 -0.00211305846460164 0.00388192804530263 0.00987691432237625 0.0158719010651112 0.0218668878078461 0.027861874550581 0.0266425088047981 0.0230183582752943 0.0193942058831453 0.0157700553536415 0.0121459048241377
0.116532169282436 0.104140341281891 0.109612613916397 0.115084894001484 0.12055716663599 0.126029446721077 0.131501719355583 0.136973991990089 0.142446264624596 0.146198555827141 0.14937749505043 0.152556449174881 0.15573538839817 0.158914342522621 0.162093296647072 0.165272235870361 0.163694366812706 0.147846013307571 0.131997674703598 0.116149336099625 0.100300990045071 0.0844526439905167 0.0686043053865433 0.0527559593319893 0.0425244197249413 0.0341651476919651 0.0258058737963438 0.0174465999007225 0.00908732786774635 0.000728055136278272 -0.00763121759518981 -0.0123642198741436 -0.00621841102838516 -7.26017096894793e-05 0.00607320759445429 0.0122190164402127 0.0183648262172937 0.0245106350630522 0.0306564439088106 0.0304572619497776 0.0281430836766958 0.0258289072662592 0.0235147289931774 0.0212005507200956
0.121781460940838 0.11050195991993 0.112208738923073 0.113915510475636 0.115622289478779 0.117329068481922 0.119035840034485 0.120742619037628 0.122449398040771 0.126688539981842 0.131771802902222 0.13685505092144 0.14193831384182 0.147021576762199 0.152104839682579 0.157188102602959 0.15696769952774 0.140836328268051 0.124704957008362 0.108573593199253 0.0924422219395638 0.0763108506798744 0.0601794831454754 0.0440481118857861 0.0345775224268436 0.0273271910846233 0.0200768616050482 0.0128265302628279 0.00557620031759143 -0.00167412997689098 -0.00892446003854275 -0.0129257505759597 -0.00717992288991809 -0.00143409450538456 0.00431173387914896 0.0100575620308518 0.0158033911138773 0.0215492192655802 0.0272950474172831 0.0272513329982758 0.0252777729183435 0.0233042109757662 0.021330650895834 0.0193570889532566
0.12703076004982 0.116863578557968 0.114804856479168 0.112746134400368 0.110687412321568 0.108628690242767 0.106569968163967 0.104511246085167 0.102452524006367 0.107178524136543 0.114166095852852 0.12115366756916 0.128141239285469 0.135128811001778 0.142116382718086 0.149103954434395 0.150241032242775 0.133826643228531 0.117412246763706 0.100997850298882 0.0845834538340569 0.0681690573692322 0.0517546609044075 0.0353402644395828 0.026630625128746 0.0204892363399267 0.01434784848243 0.00820646062493324 0.0020650727674365 -0.00407631509006023 -0.010217702947557 -0.0134872822090983 -0.00814143475145102 -0.00279558729380369 0.00255025993101299 0.00789610762149096 0.0132419550791383 0.018587801605463 0.0239336490631104 0.0240454040467739 0.0224124602973461 0.0207795165479183 0.0191465709358454 0.0175136271864176
0.13228003680706 0.123225204646587 0.117400981485844 0.1115767583251 0.105752535164356 0.0999283120036125 0.0941040962934494 0.0882798731327057 0.082455649971962 0.0876685082912445 0.096560388803482 0.1054522767663 0.114344164729118 0.123236045241356 0.132127925753593 0.141019821166992 0.143514379858971 0.126816958189011 0.11011952906847 0.09342210739851 0.07672468572855 0.0600272603332996 0.0433298386633396 0.0266324169933796 0.0186837278306484 0.0136512815952301 0.00861883629113436 0.00358639075420797 -0.00144605478271842 -0.00647850008681417 -0.0115109458565712 -0.0140488129109144 -0.00910294707864523 -0.00415708031505346 0.000788786332122982 0.00573465274646878 0.0106805190443993 0.015626385807991 0.0205722525715828 0.0208394732326269 0.0195471476763487 0.0182548202574253 0.0169624928385019 0.0156701672822237
0.137529328465462 0.129586830735207 0.119997106492519 0.110407382249832 0.100817658007145 0.0912279412150383 0.0816382169723511 0.0720484927296638 0.0624587759375572 0.0681584924459457 0.0789546892046928 0.0897508859634399 0.100547082722187 0.111343279480934 0.122139476239681 0.132935672998428 0.136787712574005 0.119807258248329 0.102826811373234 0.0858463644981384 0.0688659176230431 0.0518854670226574 0.0349050164222717 0.0179245695471764 0.0107368296012282 0.00681332685053349 0.00288982386700809 -0.00103367923293263 -0.00495718233287334 -0.0088806850835681 -0.0128041887655854 -0.0146103445440531 -0.0100644584745169 -0.00551857287064195 -0.000972687383182347 0.00357319810427725 0.00811908394098282 0.0126649690791965 0.0172108542174101 0.0176335442811251 0.0166818350553513 0.0157301239669323 0.0147784147411585 0.0138267055153847
0.142778620123863 0.135948449373245 0.122593224048615 0.109238006174564 0.0958827808499336 0.0825275629758835 0.0691723451018333 0.0558171235024929 0.0424619019031525 0.048648476600647 0.0613489858806133 0.0740494951605797 0.0867500081658363 0.0994505137205124 0.112151026725769 0.124851532280445 0.13006104528904 0.112797573208809 0.0955340936779976 0.0782706215977669 0.0610071457922459 0.0437436699867249 0.026480196043849 0.00921672210097313 0.00278993253596127 -2.46280469582416e-05 -0.00283918855711818 -0.00565374922007322 -0.00846830941736698 -0.0112828705459833 -0.0140974307432771 -0.0151718752458692 -0.0110259708017111 -0.00688006589189172 -0.00273416098207235 0.00141174369491637 0.00555764837190509 0.00970355328172445 0.0138494577258825 0.0144276143983006 0.0138165215030313 0.0132054295390844 0.012594336643815 0.0119832437485456
0.137987807393074 0.132558509707451 0.118697293102741 0.104836083948612 0.0909748673439026 0.077113650739193 0.0632524415850639 0.0493912249803543 0.035530012100935 0.0419758297502995 0.0551906637847424 0.068405494093895 0.0816203206777573 0.0948351547122002 0.108049988746643 0.121264815330505 0.126680001616478 0.10869624465704 0.0907124876976013 0.072728730738163 0.054744977504015 0.0367612242698669 0.0187774673104286 0.000793711689766496 -0.00565216038376093 -0.00825207121670246 -0.0108519829809666 -0.0134518938139081 -0.0160518046468496 -0.0186517164111137 -0.0212516263127327 -0.0220920983701944 -0.0176542550325394 -0.0132164089009166 -0.00877856463193893 -0.00434071943163872 9.71254994510673e-05 0.00453497050330043 0.00897281523793936 0.00966854952275753 0.00911691412329674 0.00856527872383595 0.00801364332437515 0.00746200745925307
0.123156897723675 0.119417019188404 0.10830932110548 0.0972016155719757 0.0860939174890518 0.0749862119555473 0.0638785138726234 0.052770808339119 0.0416631065309048 0.0481405518949032 0.0604797154664993 0.0728188753128052 0.085158035159111 0.0974971950054169 0.109836362302303 0.122175522148609 0.126644566655159 0.107503280043602 0.0883619859814644 0.0692206993699074 0.0500794090330601 0.0309381186962128 0.011796829290688 -0.00734446104615927 -0.014589449390769 -0.0178690031170845 -0.0211485587060452 -0.0244281124323606 -0.0277076680213213 -0.0309872217476368 -0.0342667773365974 -0.0353710167109966 -0.0299493093043566 -0.0245276037603617 -0.0191058982163668 -0.0136841908097267 -0.00826248433440924 -0.00284077855758369 0.00258092768490314 0.00335635035298765 0.00258301151916385 0.00180967280175537 0.00103633408434689 0.000262995366938412
0.108325980603695 0.106275528669357 0.0979213416576385 0.0895671471953392 0.0812129601836205 0.0728587731719017 0.0645045787096024 0.0561503916978836 0.0477962046861649 0.0543052740395069 0.065768763422966 0.0772322565317154 0.0886957496404648 0.100159242749214 0.111622735857964 0.123086228966713 0.12660913169384 0.106310315430164 0.086011491715908 0.0657126680016518 0.0454138405621052 0.0251150149852037 0.00481619127094746 -0.0154826333746314 -0.0235267374664545 -0.0274859368801117 -0.0314451344311237 -0.0354043319821358 -0.0393635295331478 -0.0433227270841599 -0.0472819246351719 -0.0486499331891537 -0.0422443635761738 -0.0358387976884842 -0.0294332299381495 -0.0230276621878147 -0.01662209443748 -0.0102165276184678 -0.00381095986813307 -0.00295584928244352 -0.00395089108496904 -0.00494593288749456 -0.00594097515568137 -0.00693601695820689
0.0934950709342957 0.0931340381503105 0.0875333622097969 0.0819326862692833 0.0763320103287697 0.0707313269376755 0.0651306509971619 0.0595299750566483 0.0539292991161346 0.0604699961841106 0.0710578188300133 0.0816456377506256 0.0922334641218185 0.102821283042431 0.113409109413624 0.123996928334236 0.126573711633682 0.105117350816727 0.0836609899997711 0.0622046291828156 0.0407482720911503 0.0192919131368399 -0.00216444698162377 -0.0236208066344261 -0.0324640274047852 -0.0371028669178486 -0.0417417101562023 -0.0463805496692657 -0.0510193929076195 -0.0556582361459732 -0.0602970756590366 -0.0619288496673107 -0.0545394197106361 -0.0471499934792519 -0.0397605635225773 -0.0323711335659027 -0.0249817054718733 -0.0175922755151987 -0.0102028474211693 -0.00926804915070534 -0.0104847941547632 -0.0117015391588211 -0.012918284162879 -0.0141350291669369
0.0786641538143158 0.0799925476312637 0.0771453827619553 0.0742982178926468 0.0714510530233383 0.0686038881540298 0.0657567232847214 0.0629095584154129 0.0600623935461044 0.0666347146034241 0.07634686678648 0.0860590264201164 0.0957711786031723 0.105483330786228 0.115195482969284 0.12490763515234 0.126538276672363 0.103924386203289 0.0813104882836342 0.0586965978145599 0.0360827036201954 0.0134688084945083 -0.00914508476853371 -0.0317589789628983 -0.0414013154804707 -0.0467198006808758 -0.0520382858812809 -0.057356771081686 -0.0626752525568008 -0.067993737757206 -0.0733122229576111 -0.0752077698707581 -0.0668344795703888 -0.0584611855447292 -0.05008789524436 -0.0417146049439907 -0.0333413146436214 -0.0249680262058973 -0.0165947359055281 -0.0155802490189672 -0.0170186962932348 -0.0184571444988251 -0.0198955927044153 -0.0213340409100056
0.0638332366943359 0.066851057112217 0.0667574033141136 0.0666637569665909 0.0665701031684875 0.0664764493703842 0.0663827955722809 0.0662891417741776 0.0661954879760742 0.0727994367480278 0.0816359221935272 0.0904724076390266 0.0993088930845261 0.108145371079445 0.116981856524944 0.125818341970444 0.126502841711044 0.102731421589851 0.0789599940180779 0.055188562721014 0.0314171351492405 0.00764570524916053 -0.0161257237195969 -0.0398971512913704 -0.0503386035561562 -0.056336734443903 -0.0623348616063595 -0.0683329924941063 -0.0743311196565628 -0.0803292468190193 -0.0863273739814758 -0.0884866863489151 -0.0791295319795609 -0.0697723776102066 -0.060415230691433 -0.0510580763220787 -0.0417009256780148 -0.0323437750339508 -0.0229866225272417 -0.021892448887229 -0.0235526002943516 -0.025212749838829 -0.0268729012459517 -0.0285330526530743
0.0557466372847557 0.0596628375351429 0.0611909702420235 0.0627191066741943 0.0642472356557846 0.0657753720879555 0.0673035085201263 0.0688316375017166 0.0703597739338875 0.0767925381660461 0.0848601832985878 0.0929278209805489 0.100995466113091 0.109063103795052 0.117130748927593 0.125198394060135 0.125494658946991 0.102476857602596 0.079459048807621 0.0564412362873554 0.0334234237670898 0.0104056149721146 -0.0126121947541833 -0.0356300063431263 -0.0461862273514271 -0.0525885857641697 -0.0589909441769123 -0.0653932988643646 -0.0717956572771072 -0.0781980156898499 -0.0846003741025925 -0.0872408673167229 -0.0785957649350166 -0.0699506551027298 -0.0613055489957333 -0.0526604428887367 -0.0440153367817402 -0.0353702306747437 -0.0267251245677471 -0.0253272391855717 -0.0263450928032398 -0.027362946420908 -0.0283808019012213 -0.0293986555188894
