data/working_set_collections/6091692-Cassins_Sparrow-M2/1980/eflux_avg.asc
NCOLS 265 
NROWS 230 
XLLCORNER -115.5625 
YLLCORNER 24.8333333333333 
CELLSIZE 0.0833333333333333 
NODATA_value -9999 
[rows 200 to 219 of 230, columns 92 to 137 of 265]
68.6451416015625 68.4181747436523 68.1912078857422 67.964241027832 67.7372665405273 66.7962646484375 65.6172561645508 64.4382400512695 63.2592277526855 62.0802154541016 60.9012031555176 59.7221908569336 58.4780921936035 57.0387496948242 55.5994071960449 54.1600646972656 52.7207221984863 51.281379699707 49.8420333862305 48.4026908874512 46.8459510803223 45.2500801086426 43.6542091369629 42.0583343505859 40.4624633789062 38.8665924072266 37.2707176208496 35.9240951538086 35.3252182006836 34.7263412475586 34.1274642944336 33.5285873413086 32.9297103881836 32.3308334350586 31.7319564819336 31.3825702667236 31.1163482666016 30.8501243591309 30.5839023590088 30.3176784515381 30.051456451416 29.7852344512939 29.5331954956055 29.323709487915 29.1142253875732 28.9047393798828
68.2092208862305 68.0599212646484 67.9106216430664 67.7613220214844 67.6120147705078 66.7851181030273 65.7323532104492 64.6795883178711 63.626823425293 62.5740585327148 61.5212936401367 60.4685287475586 59.3358116149902 57.9632339477539 56.5906600952148 55.2180824279785 53.8455047607422 52.4729309082031 51.1003532409668 49.7277793884277 48.098991394043 46.3848037719727 44.6706161499023 42.956428527832 41.2422370910645 39.5280494689941 37.8138618469238 36.3692436218262 35.7333374023438 35.0974311828613 34.4615249633789 33.8256187438965 33.1897125244141 32.5538063049316 31.9179000854492 31.5657653808594 31.3082218170166 31.0506782531738 30.7931327819824 30.5355892181396 30.2780437469482 30.0205001831055 29.767183303833 29.5265483856201 29.2859115600586 29.0452766418457
67.773307800293 67.7016677856445 67.6300354003906 67.5584030151367 67.4867630004883 66.7739715576172 65.8474502563477 64.9209365844727 63.9944190979004 63.0679016113281 62.1413841247559 61.2148666381836 60.1935272216797 58.8877182006836 57.5819091796875 56.2761001586914 54.9702911376953 53.6644821166992 52.3586730957031 51.052864074707 49.3520317077637 47.5195274353027 45.6870231628418 43.8545188903809 42.0220146179199 40.189510345459 38.357006072998 36.8143920898438 36.1414566040039 35.4685211181641 34.7955856323242 34.1226501464844 33.4497146606445 32.7767791748047 32.1038436889648 31.7489624023438 31.5000953674316 31.2512302398682 31.0023651123047 30.7534980773926 30.5046329498291 30.255765914917 30.0011711120605 29.7293853759766 29.4575996398926 29.1858139038086
67.3373870849609 67.3434143066406 67.3494491577148 67.3554840087891 67.3615112304688 66.7628173828125 65.9625549316406 65.1622848510742 64.3620147705078 63.5617446899414 62.761474609375 61.9612045288086 61.0512428283691 59.8122024536133 58.5731582641602 57.3341178894043 56.0950775146484 54.8560333251953 53.6169929504395 52.3779487609863 50.6050720214844 48.6542510986328 46.7034301757812 44.7526092529297 42.8017883300781 40.8509674072266 38.900146484375 37.2595405578613 36.5495758056641 35.8396110534668 35.1296463012695 34.4196815490723 33.709716796875 32.9997520446777 32.2897911071777 31.9321575164795 31.6919708251953 31.4517822265625 31.2115955352783 30.9714069366455 30.7312202453613 30.4910335540771 30.2351589202881 29.932222366333 29.6292858123779 29.3263492584229
66.7748107910156 66.8561630249023 66.9375228881836 67.0188751220703 67.100227355957 66.6189956665039 65.9502334594727 65.2814712524414 64.6127090454102 63.9439506530762 63.2751884460449 62.6064262390137 61.8058815002441 60.6099853515625 59.4140892028809 58.2181930541992 57.0222969055176 55.8264007568359 54.6305046081543 53.4346084594727 51.6041870117188 49.5622634887695 47.520336151123 45.4784088134766 43.4364814758301 41.3945541381836 39.3526268005371 37.6393623352051 36.9120864868164 36.1848068237305 35.4575271606445 34.7302513122559 34.0029716491699 33.2756958007812 32.5484161376953 32.1921081542969 31.9594612121582 31.7268123626709 31.4941635131836 31.2615146636963 31.028865814209 30.7962169647217 30.5373020172119 30.1995830535889 29.8618640899658 29.5241432189941
66.085578918457 66.2399139404297 66.3942489624023 66.5485763549805 66.7029113769531 66.3424987792969 65.8105087280273 65.2785110473633 64.7465133666992 64.2145233154297 63.6825256347656 63.1505317687988 62.4574432373047 61.2810707092285 60.1046981811523 58.9283256530762 57.751953125 56.5755805969238 55.3992080688477 54.2228355407715 52.3493766784668 50.2435569763184 48.1377334594727 46.0319137573242 43.9260902404785 41.8202667236328 39.7144470214844 37.9538612365723 37.2289848327637 36.5041084289551 35.7792320251465 35.0543556213379 34.3294792175293 33.6046028137207 32.8797264099121 32.5288200378418 32.3025703430176 32.0763206481934 31.8500709533691 31.6238212585449 31.3975715637207 31.1713218688965 30.907600402832 30.5314655303955 30.155330657959 29.7791957855225
65.3963470458984 65.6236572265625 65.8509750366211 66.0782852172852 66.3055953979492 66.0660018920898 65.6707763671875 65.2755508422852 64.8803176879883 64.4850921630859 64.0898666381836 63.694637298584 63.109001159668 61.9521560668945 60.7953071594238 59.6384582519531 58.4816093444824 57.324764251709 56.1679153442383 55.0110664367676 53.0945663452148 50.9248504638672 48.7551345825195 46.5854148864746 44.415699005127 42.2459831237793 40.0762672424316 38.2683601379395 37.5458831787109 36.8234100341797 36.1009330749512 35.3784599304199 34.6559829711914 33.9335098266602 33.2110366821289 32.8655281066895 32.645679473877 32.4258270263672 32.2059783935547 31.9861259460449 31.7662754058838 31.5464248657227 31.2778987884521 30.8633480072021 30.4487972259521 30.0342464447021
64.7071151733398 65.0074081420898 65.3077011108398 65.6079864501953 65.9082794189453 65.7895050048828 65.5310440063477 65.2725830078125 65.0141220092773 64.7556610107422 64.497200012207 64.2387390136719 63.7605628967285 62.6232376098633 61.4859161376953 60.3485908508301 59.2112655639648 58.0739440917969 56.9366188049316 55.7992973327637 53.8397560119629 51.606143951416 49.3725318908691 47.1389198303223 44.9053077697754 42.6716957092285 40.4380836486816 38.5828552246094 37.8627853393555 37.1427116394043 36.4226379394531 35.702564239502 34.9824905395508 34.2624168395996 33.5423431396484 33.2022361755371 32.9887847900391 32.775333404541 32.561882019043 32.3484306335449 32.1349792480469 31.9215278625488 31.6481971740723 31.1952304840088 30.7422637939453 30.2892971038818
64.0178833007812 64.3911514282227 64.7644271850586 65.1376953125 65.5109634399414 65.5130081176758 65.3913192749023 65.2696228027344 65.1479263305664 65.0262298583984 64.904541015625 64.782844543457 64.4121246337891 63.2943229675293 62.1765251159668 61.058723449707 59.9409255981445 58.8231239318848 57.7053260803223 56.5875244140625 54.5849456787109 52.2874374389648 49.989933013916 47.6924247741699 45.3949165344238 43.0974082946777 40.7999038696289 38.8973541259766 38.1796836853027 37.4620132446289 36.7443389892578 36.026668548584 35.3089981079102 34.5913238525391 33.8736534118652 33.538948059082 33.3318939208984 33.1248397827148 32.9177894592285 32.7107353210449 32.5036849975586 32.296630859375 32.018497467041 31.5271148681641 31.0357303619385 30.5443477630615
63.3286514282227 63.77490234375 64.2211532592773 64.6673965454102 65.1136474609375 65.2365112304688 65.2515869140625 65.2666625976562 65.2817306518555 65.2968063354492 65.3118743896484 65.3269500732422 65.0636825561523 63.9654083251953 62.867130279541 61.768856048584 60.670581817627 59.5723075866699 58.4740295410156 57.3757553100586 55.330135345459 52.9687309265137 50.6073303222656 48.2459297180176 45.8845252990723 43.5231246948242 41.1617202758789 39.2118530273438 38.49658203125 37.7813110351562 37.0660438537598 36.350772857666 35.6355018615723 34.9202346801758 34.204963684082 33.8756561279297 33.6750030517578 33.4743499755859 33.2736968994141 33.0730438232422 32.8723907470703 32.6717338562012 32.3887939453125 31.8589973449707 31.3291988372803 30.7993984222412
62.7606468200684 63.2366371154785 63.7126274108887 64.1886215209961 64.6646118164062 64.8757019042969 64.9984893798828 65.1212768554688 65.2440643310547 65.3668518066406 65.4896392822266 65.6124267578125 65.4260559082031 64.3121871948242 63.1983222961426 62.0844573974609 60.9705924987793 59.8567276000977 58.742862701416 57.6289978027344 55.5701675415039 53.1963424682617 50.8225212097168 48.4486999511719 46.074878692627 43.7010536193848 41.3272323608398 39.3733291625977 38.6791763305664 37.9850234985352 37.2908706665039 36.5967178344727 35.9025688171387 35.2084159851074 34.5142631530762 34.1855087280273 33.9785575866699 33.7716026306152 33.5646476745605 33.3576927185059 33.1507415771484 32.9437866210938 32.6479301452637 32.0853576660156 31.5227832794189 30.9602108001709
62.3138694763184 62.7763671875 63.2388610839844 63.7013549804688 64.1638488769531 64.4305648803711 64.6320190429688 64.8334732055664 65.0349273681641 65.2363815307617 65.4378356933594 65.639289855957 65.4992370605469 64.3346633911133 63.1700973510742 62.0055313110352 60.8409614562988 59.6763954162598 58.5118255615234 57.3472557067871 55.3050384521484 52.970272064209 50.6355056762695 48.3007354736328 45.9659690856934 43.6312026977539 41.2964324951172 39.381778717041 38.7274627685547 38.0731430053711 37.4188270568848 36.7645072937012 36.1101875305176 35.4558715820312 34.8015518188477 34.4685096740723 34.2425537109375 34.0166015625 33.7906494140625 33.5646934509277 33.3387413024902 33.1127853393555 32.7958946228027 32.2061920166016 31.6164855957031 31.0267810821533
61.8670959472656 62.3160934448242 62.7650947570801 63.2140922546387 63.6630935668945 63.9854316711426 64.2655487060547 64.5456695556641 64.8257904052734 65.1059112548828 65.3860244750977 65.666145324707 65.5724182128906 64.3571472167969 63.1418724060059 61.9266014099121 60.7113304138184 59.4960594177246 58.2807884216309 57.0655136108398 55.0399131774902 52.7442016601562 50.448486328125 48.152774810791 45.857063293457 43.5613479614258 41.2656364440918 39.3902320861816 38.7757453918457 38.161262512207 37.5467796325684 36.9322967529297 36.3178100585938 35.7033271789551 35.0888442993164 34.7515068054199 34.5065536499023 34.2616004943848 34.0166473388672 33.7716941833496 33.526741027832 33.2817878723145 32.9438629150391 32.3270263671875 31.7101898193359 31.0933532714844
61.4203186035156 61.8558235168457 62.2913246154785 62.7268295288086 63.1623344421387 63.5402984619141 63.8990821838379 64.2578659057617 64.6166534423828 64.9754333496094 65.3342208862305 65.693000793457 65.6455993652344 64.3796234130859 63.1136474609375 61.8476715087891 60.5816993713379 59.3157234191895 58.049747467041 56.7837753295898 54.774787902832 52.5181274414062 50.2614707946777 48.0048141479492 45.7481536865234 43.4914970397949 41.2348403930664 39.398681640625 38.824031829834 38.249382019043 37.674732208252 37.1000823974609 36.5254325866699 35.9507827758789 35.3761329650879 35.0345077514648 34.7705535888672 34.5065994262695 34.2426452636719 33.9786911010742 33.7147407531738 33.4507865905762 33.0918273925781 32.4478607177734 31.8038921356201 31.1599254608154
60.9735412597656 61.3955497741699 61.8175582885742 62.2395668029785 62.6615753173828 63.0951652526855 63.5326156616211 63.9700660705566 64.4075164794922 64.8449630737305 65.2824096679688 65.7198638916016 65.7187805175781 64.402099609375 63.0854225158691 61.7687454223633 60.4520645141602 59.1353874206543 57.8187103271484 56.5020332336426 54.5096588134766 52.2920570373535 50.0744514465332 47.8568496704102 45.6392478942871 43.4216423034668 41.2040405273438 39.4071350097656 38.8723182678223 38.3375015258789 37.8026885986328 37.2678718566895 36.7330551147461 36.1982383728027 35.6634254455566 35.3175048828125 35.034553527832 34.7515983581543 34.4686470031738 34.1856918334961 33.9027366638184 33.6197853088379 33.2397956848145 32.5686950683594 31.8975963592529 31.2264976501465
60.5267639160156 60.9352760314941 61.3437919616699 61.7523040771484 62.160816192627 62.650032043457 63.166145324707 63.6822624206543 64.1983795166016 64.7144927978516 65.2306060791016 65.7467193603516 65.7919616699219 64.4245758056641 63.0571975708008 61.6898155212402 60.3224334716797 58.9550514221191 57.5876731872559 56.2202911376953 54.2445335388184 52.0659828186035 49.8874359130859 47.7088890075684 45.5303382873535 43.3517913818359 41.1732444763184 39.415584564209 38.9206047058105 38.4256210327148 37.9306411743164 37.435661315918 36.9406776428223 36.4456977844238 35.9507141113281 35.6005058288574 35.2985496520996 34.9965972900391 34.6946449279785 34.392692565918 34.0907363891602 33.7887840270996 33.3877601623535 32.6895294189453 31.9913005828857 31.2930679321289
60.5188789367676 60.914608001709 61.3103370666504 61.7060661315918 62.1017951965332 62.5991249084473 63.1303253173828 63.6615219116211 64.1927185058594 64.7239151000977 65.2551116943359 65.7863082885742 65.8284149169922 64.4032440185547 62.9780693054199 61.5528945922852 60.1277236938477 58.7025489807129 57.2773780822754 55.8522033691406 53.8991966247559 51.7702407836914 49.6412887573242 47.5123329162598 45.3833808898926 43.2544288635254 41.1254730224609 39.4099578857422 38.9347534179688 38.4595489501953 37.9843444824219 37.5091438293457 37.0339393615723 36.5587348937988 36.0835304260254 35.7308959960938 35.419116973877 35.1073379516602 34.7955589294434 34.4837799072266 34.1720008850098 33.860221862793 33.452579498291 32.7573356628418 32.0620956420898 31.3668556213379
60.9498863220215 61.3335418701172 61.7171974182129 62.1008529663086 62.4845123291016 62.9424476623535 63.4251441955566 63.907844543457 64.3905410766602 64.8732376098633 65.3559341430664 65.8386306762695 65.8281402587891 64.3380889892578 62.8480377197266 61.357982635498 59.8679313659668 58.3778762817383 56.887825012207 55.3977737426758 53.4736442565918 51.4048271179199 49.336009979248 47.2671890258789 45.198371887207 43.1295547485352 41.060733795166 39.390251159668 38.9147682189941 38.4392852783203 37.9638023376465 37.4883193969727 37.0128364562988 36.537353515625 36.0618705749512 35.7086791992188 35.3962478637695 35.0838203430176 34.7713890075684 34.4589614868164 34.1465301513672 33.8341026306152 33.4342460632324 32.7721176147461 32.1099853515625 31.4478549957275
61.3808937072754 61.7524757385254 62.1240577697754 62.4956436157227 62.8672256469727 63.2857704162598 63.7199668884277 64.154167175293 64.5883636474609 65.0225601196289 65.4567565917969 65.8909530639648 65.8278656005859 64.2729339599609 62.7180023193359 61.1630706787109 59.6081390380859 58.0532073974609 56.4982719421387 54.9433403015137 53.048095703125 51.0394134521484 49.0307273864746 47.022045135498 45.0133628845215 43.0046806335449 40.9959945678711 39.3705406188965 38.8947792053223 38.419017791748 37.9432563781738 37.4674949645996 36.9917335510254 36.5159721374512 36.040210723877 35.6864624023438 35.3733787536621 35.0602989196777 34.7472190856934 34.434139251709 34.1210594177246 33.8079795837402 33.4159126281738 32.7868957519531 32.1578750610352 31.5288562774658
61.811897277832 62.1714096069336 62.5309219360352 62.8904304504395 63.249942779541 63.629093170166 64.0147933959961 64.4004898071289 64.7861862182617 65.1718826293945 65.5575790405273 65.9432754516602 65.8275985717773 64.2077865600586 62.5879707336426 60.9681587219238 59.3483467102051 57.7285346984863 56.1087226867676 54.4889106750488 52.6225471496582 50.6739959716797 48.7254486083984 46.7769012451172 44.8283538818359 42.8798027038574 40.9312553405762 39.3508338928223 38.8747940063477 38.398754119873 37.9227142333984 37.4466743469238 36.970630645752 36.4945907592773 36.0185508728027 35.6642417907715 35.350513458252 35.0367813110352 34.7230491638184 34.4093208312988 34.095588684082 33.7818565368652 33.3975830078125 32.8016738891602 32.2057647705078 31.6098575592041
