data/working_set_collections/6091692-Cassins_Sparrow-M2/1980/eflux_avg.asc
NCOLS 265 
NROWS 230 
XLLCORNER -115.5625 
YLLCORNER 24.8333333333333 
CELLSIZE 0.0833333333333333 
NODATA_value -9999 
[rows 120 to 139 of 230, columns 0 to 45 of 265]
14.7034912109375 14.2007083892822 13.697925567627 13.1951427459717 12.6923599243164 12.1895771026611 11.6867942810059 11.9355125427246 12.4347314834595 12.9339504241943 13.4331693649292 13.9323883056641 14.4316082000732 14.9308271408081 15.4079208374023 15.8186416625977 16.229362487793 16.6400814056396 17.050802230835 17.4615230560303 17.8722438812256 18.2829627990723 18.5713748931885 18.8190155029297 19.0666561126709 19.3142967224121 19.5619373321533 19.8095779418945 20.0572185516357 20.4823799133301 21.4401054382324 22.3978309631348 23.3555564880371 24.3132820129395 25.2710075378418 26.2287330627441 27.1864585876465 28.1856517791748 29.1986694335938 30.2116870880127 31.2247047424316 32.2377243041992 33.2507400512695 34.2637596130371 35.2954406738281 36.383113861084
16.0139045715332 15.2605590820312 14.507212638855 13.753867149353 13.0005207061768 12.2471752166748 11.4938287734985 11.6657762527466 12.1461544036865 12.6265316009521 13.1069097518921 13.587287902832 14.0676651000977 14.5480432510376 15.0039663314819 15.3865232467651 15.769079208374 16.1516361236572 16.5341930389404 16.9167499542236 17.2993068695068 17.68186378479 17.9568367004395 18.1959476470947 18.43505859375 18.6741714477539 18.9132823944092 19.1523933410645 19.3915061950684 19.7941036224365 20.687162399292 21.5802192687988 22.4732780456543 23.3663368225098 24.2593955993652 25.1524543762207 26.0455112457275 27.0060214996338 27.989013671875 28.9720058441162 29.9549980163574 30.9379901885986 31.9209842681885 32.9039764404297 33.9303092956543 35.0866584777832
17.3243179321289 16.3204097747803 15.3165006637573 14.3125915527344 13.3086824417114 12.3047733306885 11.3008642196655 11.3960399627686 11.8575763702393 12.31911277771 12.780650138855 13.2421865463257 13.7037229537964 14.1652603149414 14.6000108718872 14.9544038772583 15.3087968826294 15.6631898880005 16.0175838470459 16.371976852417 16.7263698577881 17.0807628631592 17.3422985076904 17.5728797912598 17.8034629821777 18.0340442657471 18.264627456665 18.4952087402344 18.7257919311523 19.105827331543 19.9342174530029 20.7626094818115 21.5909996032715 22.4193916320801 23.2477836608887 24.0761737823486 24.9045658111572 25.8263893127441 26.7793560028076 27.7323246002197 28.6852912902832 29.6382598876953 30.5912265777588 31.5441932678223 32.5651779174805 33.7902030944824
18.6347332000732 17.3802604675293 16.1257877349854 14.8713159561157 13.6168441772461 12.3623714447021 11.1078996658325 11.1263036727905 11.568998336792 12.0116939544678 12.4543895721436 12.8970851898193 13.3397808074951 13.7824764251709 14.1960554122925 14.5222854614258 14.8485145568848 15.1747446060181 15.500973701477 15.8272037506104 16.1534328460693 16.4796619415283 16.7277603149414 16.9498138427734 17.1718654632568 17.3939189910889 17.6159725189209 17.8380260467529 18.0600776672363 18.4175491333008 19.1812744140625 19.9449977874756 20.7087230682373 21.4724464416504 22.2361698150635 22.9998950958252 23.7636184692383 24.6467571258545 25.5697002410889 26.4926414489746 27.415584564209 28.3385276794434 29.2614688873291 30.1844120025635 31.200044631958 32.4937477111816
19.9451465606689 18.4401111602783 16.9350757598877 15.4300403594971 13.9250059127808 12.4199705123901 10.9149351119995 10.8565664291382 11.280421257019 11.7042751312256 12.1281299591064 12.5519847869873 12.9758386611938 13.3996934890747 13.7920999526978 14.0901660919189 14.3882322311401 14.6862983703613 14.9843645095825 15.2824306488037 15.5804958343506 15.8785619735718 16.1132221221924 16.3267459869385 16.5402698516846 16.7537937164307 16.9673175811768 17.1808414459229 17.3943653106689 17.7292728424072 18.4283294677734 19.1273860931396 19.8264446258545 20.5255012512207 21.2245578765869 21.9236164093018 22.622673034668 23.4671249389648 24.3600425720215 25.2529602050781 26.1458778381348 27.0387954711914 27.9317111968994 28.8246288299561 29.8349132537842 31.1972923278809
21.2555599212646 19.4999618530273 17.74436378479 15.9887657165527 14.2331666946411 12.4775686264038 10.7219705581665 10.5868301391602 10.9918432235718 11.3968572616577 11.8018703460693 12.206883430481 12.6118965148926 13.0169095993042 13.3881454467773 13.6580476760864 13.9279499053955 14.1978521347046 14.4677543640137 14.7376575469971 15.0075597763062 15.2774620056152 15.4986839294434 15.7036781311035 15.908673286438 16.1136684417725 16.3186626434326 16.5236568450928 16.7286510467529 17.040994644165 17.675386428833 18.3097763061523 18.9441661834717 19.578556060791 20.2129459381104 20.8473358154297 21.481725692749 22.2874927520752 23.1503849029541 24.013277053833 24.8761711120605 25.7390632629395 26.6019554138184 27.4648475646973 28.4697799682617 29.9008369445801
22.3654842376709 20.4052677154541 18.4450511932373 16.4848346710205 14.5246181488037 12.5644016265869 10.6041851043701 10.4026756286621 10.7874031066895 11.1721305847168 11.5568580627441 11.9415855407715 12.3263130187988 12.7110404968262 13.0619945526123 13.3116302490234 13.5612649917603 13.8108997344971 14.0605354309082 14.310170173645 14.5598049163818 14.809440612793 15.0253849029541 15.2300987243652 15.4348134994507 15.6395273208618 15.8442420959473 16.0489559173584 16.2536697387695 16.557186126709 17.1571102142334 17.7570323944092 18.356954574585 18.9568786621094 19.5568008422852 20.1567230224609 20.7566471099854 21.5395946502686 22.3835525512695 23.2275104522705 24.0714664459229 24.9154243469238 25.7593822479248 26.6033382415771 27.5969181060791 29.039363861084
23.2749176025391 21.15602684021 19.0371379852295 16.9182472229004 14.7993583679199 12.6804685592651 10.5615787506104 10.3041038513184 10.6671009063721 11.0300979614258 11.3930950164795 11.7560920715332 12.1190891265869 12.4820861816406 12.8136501312256 13.05091381073 13.2881774902344 13.5254411697388 13.7627058029175 13.9999694824219 14.2372331619263 14.474497795105 14.6933250427246 14.9060077667236 15.1186904907227 15.3313732147217 15.5440559387207 15.7567386627197 15.9694213867188 16.2778472900391 16.8735027313232 17.4691581726074 18.064811706543 18.6604671478271 19.2561225891113 19.8517780303955 20.4474334716797 21.2234306335449 22.0595436096191 22.8956546783447 23.7317676544189 24.5678806304932 25.4039916992188 26.240104675293 27.2163257598877 28.6128711700439
24.1843509674072 21.9067878723145 19.6292247772217 17.3516616821289 15.0740985870361 12.7965354919434 10.5189723968506 10.2055311203003 10.5467977523804 10.8880643844604 11.2293310165405 11.5705976486206 11.9118642807007 12.2531309127808 12.5653047561646 12.7901973724365 13.0150899887085 13.2399835586548 13.4648761749268 13.6897687911987 13.9146614074707 14.139554977417 14.3612661361694 14.581916809082 14.8025684356689 15.0232191085815 15.2438697814941 15.4645214080811 15.6851720809937 15.9985074996948 16.5898952484131 17.181282043457 17.772668838501 18.3640575408936 18.9554443359375 19.5468311309814 20.138219833374 20.9072666168213 21.7355346679688 22.5638008117676 23.392068862915 24.2203350067139 25.0486030578613 25.8768692016602 26.8357315063477 28.1863784790039
25.0937843322754 22.6575469970703 20.2213115692139 17.7850742340088 15.3488388061523 12.9126024246216 10.4763660430908 10.1069593429565 10.426495552063 10.7460317611694 11.0655679702759 11.3851041793823 11.7046403884888 12.0241765975952 12.3169593811035 12.5294809341431 12.7420024871826 12.9545249938965 13.167046546936 13.3795680999756 13.5920896530151 13.804612159729 14.0292072296143 14.2578258514404 14.4864454269409 14.7150650024414 14.9436845779419 15.1723031997681 15.4009227752686 15.7191677093506 16.3062877655029 16.8934078216553 17.480525970459 18.0676460266113 18.6547660827637 19.241886138916 19.8290061950684 20.5911026000977 21.4115238189697 22.2319469451904 23.0523681640625 23.8727912902832 24.6932125091553 25.513635635376 26.4551391601562 27.7598857879639
26.0032176971436 23.4083080291748 20.8133983612061 18.2184886932373 15.6235790252686 13.0286693572998 10.4337596893311 10.0083875656128 10.3061933517456 10.6039991378784 10.9018049240112 11.199610710144 11.4974164962769 11.7952222824097 12.0686140060425 12.2687644958496 12.4689159393311 12.6690664291382 12.8692169189453 13.0693674087524 13.2695178985596 13.469669342041 13.6971473693848 13.9337348937988 14.1703233718872 14.4069108963013 14.6434984207153 14.8800859451294 15.1166734695435 15.4398279190063 16.0226802825928 16.6055316925049 17.188383102417 17.7712364196777 18.3540878295898 18.9369411468506 19.5197925567627 20.274938583374 21.0875148773193 21.9000930786133 22.7126693725586 23.5252456665039 24.3378238677979 25.1504001617432 26.0745449066162 27.3333930969238
26.9126510620117 24.1590671539307 21.4054851531982 18.6519012451172 15.8983192443848 13.144736289978 10.3911542892456 9.90981483459473 10.1858901977539 10.4619655609131 10.7380409240723 11.0141162872314 11.2901916503906 11.5662670135498 11.8202686309814 12.0080480575562 12.1958284378052 12.3836078643799 12.5713872909546 12.7591667175293 12.946946144104 13.134726524353 13.3650884628296 13.6096439361572 13.8542003631592 14.0987567901611 14.3433122634888 14.5878686904907 14.8324241638184 15.1604881286621 15.7390718460083 16.3176574707031 16.896240234375 17.4748249053955 18.053409576416 18.6319942474365 19.210578918457 19.9587745666504 20.7635059356689 21.5682373046875 22.3729705810547 23.1777019500732 23.9824333190918 24.787166595459 25.6939525604248 26.9069004058838
26.4121360778809 23.7303466796875 21.0485572814941 18.3667678833008 15.6849784851074 13.0031890869141 10.3213987350464 9.84656143188477 10.1073751449585 10.3681888580322 10.629002571106 10.8898162841797 11.1506290435791 11.4114427566528 11.6569623947144 11.8566007614136 12.0562381744385 12.2558765411377 12.4555149078369 12.6551523208618 12.854790687561 13.0544290542603 13.2956686019897 13.5507745742798 13.8058805465698 14.0609874725342 14.3160934448242 14.5711994171143 14.8263063430786 15.1660642623901 15.7597780227661 16.3534908294678 16.9472045898438 17.5409183502197 18.1346321105957 18.7283458709717 19.3220596313477 20.080379486084 20.8935680389404 21.7067565917969 22.519947052002 23.3331356048584 24.1463241577148 24.9595127105713 25.8581790924072 27.0132713317871
24.5016765594482 22.1221466064453 19.7426166534424 17.3630867004395 14.9835557937622 12.6040258407593 10.2244958877563 9.81862831115723 10.0706481933594 10.3226680755615 10.5746879577637 10.8267087936401 11.0787286758423 11.3307485580444 11.5786952972412 11.8144207000732 12.0501470565796 12.2858734130859 12.521598815918 12.7573251724243 12.9930505752563 13.2287769317627 13.4888877868652 13.7571258544922 14.0253639221191 14.2936029434204 14.5618410110474 14.8300800323486 15.0983180999756 15.4565572738647 16.0847969055176 16.7130355834961 17.3412761688232 17.9695167541504 18.5977554321289 19.2259960174561 19.8542346954346 20.6397552490234 21.4777030944824 22.3156509399414 23.1535987854004 23.9915466308594 24.8294944763184 25.6674423217773 26.5672225952148 27.6525058746338
22.591215133667 20.5139446258545 18.436674118042 16.3594036102295 14.282133102417 12.2048625946045 10.127592086792 9.79069423675537 10.0339212417603 10.2771482467651 10.5203742980957 10.7636013031006 11.0068273544312 11.250054359436 11.5004281997681 11.7722415924072 12.0440559387207 12.3158693313599 12.5876836776733 12.8594970703125 13.131311416626 13.4031248092651 13.6821069717407 13.9634771347046 14.2448482513428 14.5262184143066 14.8075895309448 15.0889596939087 15.3703308105469 15.7470502853394 16.4098148345947 17.072582244873 17.7353477478027 18.3981132507324 19.0608787536621 19.7236442565918 20.3864097595215 21.1991310119629 22.0618381500244 22.9245452880859 23.7872505187988 24.6499576568604 25.5126647949219 26.3753700256348 27.2762680053711 28.2917404174805
20.6807556152344 18.9057445526123 17.1307334899902 15.3557224273682 13.5807113647461 11.805700302124 10.0306882858276 9.76276111602783 9.99719429016113 10.2316274642944 10.4660606384277 10.700493812561 10.9349269866943 11.1693601608276 11.4221601486206 11.7300624847412 12.0379638671875 12.3458662033081 12.6537675857544 12.961669921875 13.2695713043213 13.5774736404419 13.8753261566162 14.169828414917 14.4643316268921 14.7588338851929 15.053337097168 15.3478403091431 15.6423425674438 16.0375423431396 16.7348346710205 17.4321269989014 18.1294174194336 18.8267097473145 19.5240020751953 20.2212944030762 20.9185848236084 21.7585067749023 22.6459732055664 23.5334377288818 24.4209041595459 25.3083686828613 26.1958351135254 27.0832996368408 27.9853134155273 28.9309730529785
18.7702960968018 17.2975444793701 15.8247919082642 14.3520402908325 12.8792886734009 11.4065370559692 9.9337854385376 9.73482704162598 9.96046733856201 10.1861066818237 10.4117460250854 10.6373863220215 10.8630256652832 11.0886659622192 11.3438930511475 11.6878824234009 12.0318727493286 12.375862121582 12.7198524475098 13.0638418197632 13.4078311920166 13.7518215179443 14.0685453414917 14.3761796951294 14.6838150024414 14.9914503097534 15.2990846633911 15.6067199707031 15.9143552780151 16.3280353546143 17.0598526000977 17.7916717529297 18.5234889984131 19.2553062438965 19.9871253967285 20.7189426422119 21.4507598876953 22.3178825378418 23.2301082611084 24.1423320770264 25.0545558929443 25.9667797088623 26.8790035247803 27.7912292480469 28.6943588256836 29.5702075958252
16.8598346710205 15.6893424987793 14.5188503265381 13.3483581542969 12.1778659820557 11.0073738098145 9.83688163757324 9.70689296722412 9.92373943328857 10.140585899353 10.3574323654175 10.5742788314819 10.7911252975464 11.0079717636108 11.2656259536743 11.6457033157349 12.0257806777954 12.4058589935303 12.7859363555908 13.1660137176514 13.5460920333862 13.9261693954468 14.2617645263672 14.5825309753418 14.9032983779907 15.2240657806396 15.5448331832886 15.8655996322632 16.1863670349121 16.6185283660889 17.3848724365234 18.151216506958 18.9175605773926 19.6839046478271 20.4502487182617 21.2165927886963 21.9829368591309 22.8772583007812 23.8142414093018 24.7512245178223 25.6882076263428 26.6251907348633 27.5621738433838 28.4991569519043 29.4034042358398 30.2094421386719
15.8819379806519 14.9025220870972 13.9231061935425 12.9436893463135 11.9642734527588 10.9848575592041 10.0054407119751 9.92555332183838 10.1455087661743 10.3654642105103 10.5854196548462 10.8053750991821 11.0253305435181 11.245285987854 11.5052585601807 11.8852825164795 12.2653064727783 12.6453304290771 13.0253553390503 13.4053792953491 13.785403251648 14.1654281616211 14.5150184631348 14.8544645309448 15.1939105987549 15.5333576202393 15.8728036880493 16.2122497558594 16.5516967773438 17.0057144165039 17.8034515380859 18.601188659668 19.39892578125 20.196662902832 20.9944000244141 21.7921371459961 22.5898742675781 23.5036640167236 24.4561405181885 25.4086170196533 26.3610916137695 27.3135681152344 28.2660427093506 29.2185192108154 30.1139888763428 30.8384418487549
15.8366050720215 14.9370813369751 14.0375576019287 13.1380338668823 12.2385110855103 11.3389873504639 10.4394636154175 10.3908081054688 10.6257743835449 10.8607416152954 11.0957078933716 11.3306741714478 11.5656414031982 11.8006076812744 12.0627908706665 12.4066200256348 12.750449180603 13.0942783355713 13.4381074905396 13.7819375991821 14.1257667541504 14.4695959091187 14.8283071517944 15.1919803619385 15.5556526184082 15.9193248748779 16.2829971313477 16.6466693878174 17.0103416442871 17.489595413208 18.3155918121338 19.1415901184082 19.967586517334 20.7935829162598 21.6195812225342 22.44557762146 23.2715740203857 24.1970996856689 25.1558017730713 26.1145038604736 27.073205947876 28.0319080352783 28.9906101226807 29.949312210083 30.8261127471924 31.4572086334229
