data/working_set_collections/6091692-Cassins_Sparrow-M2/1980/eflux_avg.asc
NCOLS 265 
NROWS 230 
XLLCORNER -115.5625 
YLLCORNER 24.8333333333333 
CELLSIZE 0.0833333333333333 
NODATA_value -9999 
[rows 140 to 159 of 230, columns 138 to 183 of 265]
28.0159873962402 27.8600959777832 27.7042026519775 27.5483112335205 27.6065692901611 27.7362117767334 27.8658542633057 27.9954967498779 28.1251373291016 28.2547798156738 28.3844223022461 28.564826965332 28.8975219726562 29.2302169799805 29.5629119873047 29.8956069946289 30.2283020019531 30.560998916626 30.8936939239502 31.2220306396484 31.5489177703857 31.875804901123 32.2026901245117 32.5295753479004 32.8564643859863 33.183349609375 33.4771118164062 33.6715087890625 33.8659057617188 34.060302734375 34.2546997070312 34.4490966796875 34.6434898376465 34.8378868103027 35.4347877502441 36.1658554077148 36.8969230651855 37.627986907959 38.3590545654297 39.0901222229004 39.8211898803711 40.5273056030273 41.158561706543 41.7898178100586 42.4210739135742 43.0523300170898
27.715295791626 27.5986347198486 27.4819755554199 27.3653144836426 27.4082889556885 27.5044746398926 27.6006603240967 27.6968460083008 27.7930316925049 27.889217376709 27.9854030609131 28.143482208252 28.4872455596924 28.8310070037842 29.174768447876 29.5185298919678 29.8622913360596 30.2060546875 30.5498161315918 30.8701000213623 31.182559967041 31.4950180053711 31.8074779510498 32.1199378967285 32.4323959350586 32.7448539733887 33.0262222290039 33.2143211364746 33.4024200439453 33.5905227661133 33.778621673584 33.9667205810547 34.1548194885254 34.3429183959961 34.9693450927734 35.741886138916 36.5144271850586 37.2869682312012 38.0595092773438 38.8320503234863 39.6045913696289 40.3488464355469 41.008243560791 41.6676445007324 42.3270454406738 42.986442565918
27.4146022796631 27.3371753692627 27.2597465515137 27.1823177337646 27.2100067138672 27.2727375030518 27.3354663848877 27.3981952667236 27.4609260559082 27.5236549377441 27.5863838195801 27.7221393585205 28.0769672393799 28.4317951202393 28.7866249084473 29.1414527893066 29.496280670166 29.851110458374 30.2059383392334 30.5181694030762 30.8162021636963 31.1142330169678 31.4122657775879 31.7102966308594 32.0083274841309 32.3063621520996 32.5753364562988 32.757137298584 32.9389381408691 33.1207389831543 33.3025398254395 33.4843444824219 33.666145324707 33.8479461669922 34.50390625 35.3179206848145 36.1319351196289 36.9459495544434 37.7599639892578 38.5739784240723 39.3879928588867 40.1703872680664 40.8579292297363 41.5454711914062 42.2330131530762 42.9205551147461
27.1139106750488 27.0757141113281 27.0375175476074 26.9993209838867 27.0117263793945 27.0410003662109 27.0702724456787 27.0995464324951 27.1288185119629 27.1580924987793 27.1873645782471 27.3007946014404 27.6666889190674 28.032585144043 28.3984794616699 28.7643756866455 29.1302700042725 29.496166229248 29.862060546875 30.16623878479 30.4498443603516 30.7334480285645 31.017053604126 31.3006572723389 31.5842628479004 31.8678665161133 32.1244468688965 32.2999496459961 32.475456237793 32.6509590148926 32.8264617919922 33.0019683837891 33.1774711608887 33.3529739379883 34.0384674072266 34.8939552307129 35.7494430541992 36.6049308776855 37.4604187011719 38.3159027099609 39.1713905334473 39.9919281005859 40.7076148986816 41.4232978820801 42.1389846801758 42.8546676635742
26.8924694061279 26.8910598754883 26.8896522521973 26.8882427215576 26.8971347808838 26.9094581604004 26.921781539917 26.9341049194336 26.9464282989502 26.9587516784668 26.9710750579834 27.0690898895264 27.4241771697998 27.7792644500732 28.1343517303467 28.4894390106201 28.8445262908936 29.1996154785156 29.5547027587891 29.8514595031738 30.1287727355957 30.4060859680176 30.6833992004395 30.9607124328613 31.2380256652832 31.5153388977051 31.7653846740723 31.9336357116699 32.1018867492676 32.2701377868652 32.4383888244629 32.6066360473633 32.7748870849609 32.9431381225586 33.649730682373 34.5357704162598 35.4218139648438 36.3078536987305 37.1938934326172 38.0799331665039 38.9659767150879 39.817928314209 40.5676116943359 41.3172950744629 42.0669822692871 42.8166656494141
26.7502765655518 26.7832126617432 26.8161487579346 26.849084854126 26.8662300109863 26.8781108856201 26.8899917602539 26.9018726348877 26.9137535095215 26.9256343841553 26.9375152587891 27.027027130127 27.3494319915771 27.6718368530273 27.9942417144775 28.3166465759277 28.6390514373779 28.9614562988281 29.2838611602783 29.5738296508789 29.8529872894287 30.1321449279785 30.4113025665283 30.6904602050781 30.9696159362793 31.2487735748291 31.4981517791748 31.6581935882568 31.8182334899902 31.9782733917236 32.138313293457 32.2983551025391 32.4583930969238 32.6184349060059 33.3376998901367 34.2433738708496 35.1490478515625 36.0547218322754 36.9603958129883 37.8660659790039 38.7717399597168 39.648380279541 40.4379234313965 41.2274627685547 42.0170059204102 42.8065490722656
26.6080837249756 26.6753635406494 26.7426452636719 26.8099269866943 26.8353252410889 26.8467636108398 26.8582019805908 26.8696384429932 26.8810768127441 26.8925151824951 26.9039535522461 26.9849624633789 27.2746849060059 27.5644073486328 27.8541297912598 28.1438522338867 28.4335746765137 28.7232971191406 29.0130195617676 29.2962017059326 29.5772018432617 29.8582038879395 30.1392059326172 30.4202079772949 30.701208114624 30.9822101593018 31.2309188842773 31.3827495574951 31.5345802307129 31.6864109039307 31.8382396697998 31.9900703430176 32.141902923584 32.2937316894531 33.0256690979004 33.9509735107422 34.8762817382812 35.801586151123 36.7268943786621 37.6522026062012 38.577507019043 39.4788360595703 40.308235168457 41.1376342773438 41.9670295715332 42.7964286804199
26.4658908843994 26.5675163269043 26.6691417694092 26.7707672119141 26.8044204711914 26.8154163360596 26.8264102935791 26.8374061584473 26.8484020233154 26.859395980835 26.8703918457031 26.9428977966309 27.1999378204346 27.4569778442383 27.714017868042 27.9710578918457 28.2280979156494 28.4851379394531 28.7421779632568 29.0185718536377 29.3014183044434 29.5842628479004 29.8671092987061 30.1499557495117 30.4328002929688 30.7156467437744 30.9636859893799 31.1073055267334 31.2509269714355 31.3945465087891 31.5381679534912 31.6817874908447 31.8254070281982 31.9690284729004 32.7136383056641 33.658576965332 34.603515625 35.548454284668 36.4933929443359 37.4383354187012 38.3832740783691 39.3092918395996 40.1785469055176 41.0478019714355 41.9170570373535 42.7863121032715
26.3236980438232 26.4596691131592 26.5956382751465 26.7316093444824 26.7735157012939 26.7840690612793 26.794620513916 26.8051738739014 26.8157253265381 26.8262786865234 26.8368301391602 26.9008350372314 27.1251926422119 27.3495502471924 27.5739059448242 27.7982635498047 28.0226211547852 28.2469787597656 28.4713363647461 28.7409439086914 29.0256328582764 29.31032371521 29.5950126647949 29.8797035217285 30.1643924713135 30.4490833282471 30.6964530944824 30.8318634033203 30.9672737121582 31.1026840209961 31.238094329834 31.3735046386719 31.5089149475098 31.6443252563477 32.4016075134277 33.3661766052246 34.3307495117188 35.2953224182129 36.259895324707 37.2244682312012 38.189037322998 39.1397476196289 40.0488586425781 40.9579696655273 41.8670806884766 42.7761917114258
26.1815052032471 26.3518199920654 26.5221366882324 26.6924514770508 26.7426128387451 26.752721786499 26.7628307342529 26.7729415893555 26.7830505371094 26.7931594848633 26.8032703399658 26.8587703704834 27.0504455566406 27.2421207427979 27.4337959289551 27.6254711151123 27.8171443939209 28.0088195800781 28.2004947662354 28.4633140563965 28.749849319458 29.0363826751709 29.3229160308838 29.6094512939453 29.8959846496582 30.1825199127197 30.429220199585 30.5564193725586 30.6836204528809 30.8108215332031 30.9380207061768 31.065221786499 31.1924209594727 31.3196220397949 32.0895767211914 33.0737800598145 34.0579833984375 35.0421905517578 36.0263938903809 37.0106010437012 37.9948043823242 38.9701995849609 39.9191703796387 40.8681373596191 41.8171081542969 42.7660751342773
26.2101287841797 26.4042949676514 26.5984592437744 26.7926235198975 26.8491706848145 26.8598461151123 26.8705215454102 26.8811950683594 26.8918704986572 26.9025459289551 26.9132213592529 26.9612598419189 27.1213855743408 27.2815113067627 27.4416370391846 27.6017627716064 27.7618885040283 27.9220142364502 28.0821399688721 28.3413047790527 28.6334819793701 28.9256610870361 29.2178382873535 29.5100173950195 29.8021965026855 30.0943737030029 30.341911315918 30.4555282592773 30.5691452026367 30.6827621459961 30.7963790893555 30.9099960327148 31.0236129760742 31.1372299194336 31.9022178649902 32.8843269348145 33.8664398193359 34.8485488891602 35.8306617736816 36.8127708435059 37.7948837280273 38.7719230651855 39.733757019043 40.6955909729004 41.6574211120605 42.619255065918
26.4095706939697 26.6170883178711 26.8246078491211 27.0321254730225 27.0931911468506 27.1054401397705 27.1176891326904 27.1299381256104 27.1421871185303 27.1544361114502 27.1666851043701 27.2082996368408 27.3380088806152 27.4677200317383 27.5974292755127 27.7271385192871 27.8568496704102 27.9865589141846 28.116268157959 28.3749122619629 28.67653465271 28.978157043457 29.2797794342041 29.5814018249512 29.8830242156982 30.1846466064453 30.4345283508301 30.5291881561279 30.6238498687744 30.7185096740723 30.8131694793701 30.907829284668 31.0024890899658 31.0971488952637 31.8395328521729 32.7978210449219 33.7561111450195 34.7144012451172 35.6726913452148 36.6309814453125 37.5892715454102 38.5449180603027 39.4926223754883 40.4403266906738 41.3880310058594 42.3357353210449
26.6090106964111 26.8298835754395 27.0507564544678 27.2716274261475 27.3372135162354 27.3510360717773 27.3648586273193 27.3786811828613 27.3925037384033 27.4063262939453 27.4201507568359 27.4553413391113 27.5546340942383 27.6539287567139 27.7532234191895 27.8525161743164 27.951810836792 28.0511054992676 28.1503982543945 28.4085216522217 28.7195892333984 29.0306549072266 29.3417205810547 29.6527881622314 29.9638538360596 30.2749195098877 30.5271453857422 30.6028499603271 30.6785526275635 30.7542552947998 30.8299598693848 30.9056625366211 30.9813671112061 31.0570697784424 31.7768478393555 32.7113151550293 33.6457862854004 34.5802574157715 35.5147247314453 36.4491958618164 37.3836631774902 38.3179092407227 39.2514877319336 40.1850624084473 41.1186370849609 42.0522155761719
26.8084526062012 27.0426788330078 27.2769050598145 27.5111312866211 27.5812358856201 27.5966320037842 27.6120281219482 27.6274242401123 27.6428203582764 27.6582183837891 27.6736145019531 27.7023811340332 27.7712593078613 27.8401374816895 27.9090156555176 27.9778938293457 28.0467720031738 28.115650177002 28.1845283508301 28.4421310424805 28.7626419067383 29.0831508636475 29.4036617279053 29.7241725921631 30.0446834564209 30.3651943206787 30.6197624206543 30.6765098571777 30.7332553863525 30.790002822876 30.8467502593994 30.9034957885742 30.9602432250977 31.0169906616211 31.7141628265381 32.624813079834 33.5354614257812 34.4461097717285 35.3567581176758 36.267406463623 37.1780548095703 38.0909042358398 39.0103492736816 39.9297981262207 40.8492469787598 41.7686958312988
27.0078926086426 27.2554740905762 27.5030536651611 27.7506332397461 27.8252563476562 27.8422260284424 27.8591976165771 27.8761672973633 27.8931369781494 27.9101085662842 27.9270782470703 27.9494228363037 27.9878845214844 28.026346206665 28.0648097991943 28.103271484375 28.1417331695557 28.180196762085 28.2186584472656 28.4757404327393 28.8056945800781 29.135648727417 29.4656028747559 29.7955570220947 30.1255111694336 30.4554672241211 30.7123794555664 30.7501697540283 30.7879600524902 30.8257503509521 30.8635406494141 30.9013290405273 30.9391193389893 30.9769096374512 31.6514778137207 32.5383071899414 33.4251327514648 34.3119621276855 35.198787689209 36.0856170654297 36.9724464416504 37.8638954162598 38.769214630127 39.6745338439941 40.5798530578613 41.4851760864258
27.2073345184326 27.4682674407959 27.7292022705078 27.9901371002197 28.069278717041 28.0878219604492 28.1063671112061 28.1249103546143 28.1434555053711 28.1619987487793 28.1805438995361 28.1964626312256 28.2045097351074 28.2125549316406 28.2206020355225 28.2286491394043 28.2366943359375 28.2447414398193 28.2527885437012 28.5093479156494 28.848747253418 29.1881446838379 29.5275440216064 29.866943359375 30.2063407897949 30.5457401275635 30.8049964904785 30.8238296508789 30.8426628112793 30.8614959716797 30.8803291320801 30.8991622924805 30.9179973602295 30.9368305206299 31.5887928009033 32.4518013000488 33.3148078918457 34.1778144836426 35.0408210754395 35.9038276672363 36.7668342590332 37.6368865966797 38.5280799865723 39.4192695617676 40.3104629516602 41.2016525268555
27.3923244476318 27.6594543457031 27.9265842437744 28.1937141418457 28.2733764648438 28.2905464172363 28.3077182769775 28.3248882293701 28.3420600891113 28.3592300415039 28.3764019012451 28.3862113952637 28.3739376068115 28.3616619110107 28.3493881225586 28.3371143341064 28.3248405456543 28.3125648498535 28.3002910614014 28.556526184082 28.9022636413574 29.2480010986328 29.5937385559082 29.9394760131836 30.285213470459 30.6309509277344 30.8918952941895 30.8984642028809 30.9050312042236 30.9115982055664 30.9181652069092 30.924732208252 30.9313011169434 30.9378681182861 31.5748729705811 32.4220237731934 33.2691764831543 34.1163291931152 34.9634819030762 35.8106346130371 36.6577835083008 37.514347076416 38.3991432189941 39.2839393615723 40.1687355041504 41.0535316467285
27.5628662109375 27.8290348052979 28.0952014923096 28.3613700866699 28.4375495910645 28.4504013061523 28.4632511138916 28.4761028289795 28.4889545440674 28.5018043518066 28.5146560668945 28.518669128418 28.4961681365967 28.4736671447754 28.4511680603027 28.4286670684814 28.4061679840088 28.3836669921875 28.3611660003662 28.6172714233398 28.9662418365479 29.3152141571045 29.6641864776611 30.0131568908691 30.3621292114258 30.7111015319824 30.9730777740479 30.9740695953369 30.9750633239746 30.9760551452637 30.9770469665527 30.9780387878418 30.9790325164795 30.9800243377686 31.6097183227539 32.4489822387695 33.2882423400879 34.1275062561035 34.9667701721191 35.8060302734375 36.6452941894531 37.4962730407715 38.3824081420898 39.2685432434082 40.1546783447266 41.0408134460449
27.7334060668945 27.9986133575439 28.2638187408447 28.5290260314941 28.6017246246338 28.6102561950684 28.6187858581543 28.6273174285889 28.6358470916748 28.6443786621094 28.6529083251953 28.6511249542236 28.6183986663818 28.58567237854 28.5529460906982 28.5202217102051 28.4874954223633 28.4547691345215 28.4220428466797 28.678014755249 29.0302219390869 29.3824272155762 29.7346324920654 30.0868396759033 30.4390449523926 30.7912502288818 31.0542602539062 31.0496768951416 31.045093536377 31.0405120849609 31.0359287261963 31.0313453674316 31.0267639160156 31.022180557251 31.6445636749268 32.4759368896484 33.3073120117188 34.1386833190918 34.9700546264648 35.8014297485352 36.6328010559082 37.478199005127 38.3656730651855 39.2531471252441 40.1406173706055 41.0280914306641
27.9039478302002 28.16819190979 28.4324359893799 28.6966800689697 28.7658996582031 28.7701091766357 28.774320602417 28.7785301208496 28.7827415466309 28.7869510650635 28.7911624908447 28.7835826873779 28.740629196167 28.6976776123047 28.6547260284424 28.6117744445801 28.5688228607178 28.5258712768555 28.4829177856445 28.7387599945068 29.0942001342773 29.4496402740479 29.8050804138184 30.1605205535889 30.5159606933594 30.8714008331299 31.135440826416 31.1252841949463 31.1151256561279 31.1049671173096 31.0948104858398 31.0846519470215 31.0744953155518 31.0643367767334 31.6794109344482 32.5028953552246 33.3263778686523 34.1498603820801 34.9733428955078 35.7968254089355 36.6203117370605 37.4601249694824 38.3489379882812 39.2377471923828 40.1265602111816 41.0153694152832
