data/working_set_collections/6091692-Cassins_Sparrow-M2/1980/evland_avg.asc
NCOLS 265 
NROWS 230 
XLLCORNER -115.5625 
YLLCORNER 24.8333333333333 
CELLSIZE 0.0833333333333333 
NODATA_value -9999 
[rows 0 to 17 of 230, columns 123 to 163 of 265]
1.1422451279941e-05 1.14389413283789e-05 1.14554322863114e-05 1.1471923244244e-05 1.15448419819586e-05 1.16365690701059e-05 1.17282970677479e-05 1.18200250653899e-05 1.19117521535372e-05 1.20034801511792e-05 1.20952081488213e-05 1.22359460874577e-05 1.25237147585722e-05 1.28114843391813e-05 1.30992530102958e-05 1.33870216814103e-05 1.36747912620194e-05 1.39625599331339e-05 1.42503286042484e-05 1.42964263432077e-05 1.42619674079469e-05 1.42275075631915e-05 1.4193047718436e-05 1.41585887831752e-05 1.41241289384197e-05 1.40896690936643e-05 1.40522124638665e-05 1.40057636599522e-05 1.3959314856038e-05 1.39128660521237e-05 1.38664172482095e-05 1.38199684442952e-05 1.37735187308863e-05 1.3727069926972e-05 1.37681681735558e-05 1.38384493766353e-05 1.39087296702201e-05 1.39790108732996e-05 1.40492911668844e-05 1.41195714604692e-05 1.41898526635487e-05
1.1334730515955e-05 1.13517353383941e-05 1.13687401608331e-05 1.13857440737775e-05 1.14531703729881e-05 1.15374050437822e-05 1.16216388050816e-05 1.1705872566381e-05 1.17901072371751e-05 1.18743409984745e-05 1.19585747597739e-05 1.20899185276357e-05 1.23625886772061e-05 1.26352579172817e-05 1.2907928066852e-05 1.31805982164224e-05 1.34532683659927e-05 1.3725938515563e-05 1.39986086651334e-05 1.40577385536744e-05 1.40456895678653e-05 1.40336396725615e-05 1.40215906867525e-05 1.40095407914487e-05 1.39974918056396e-05 1.39854419103358e-05 1.39680360007333e-05 1.39345584102557e-05 1.39010817292728e-05 1.386760504829e-05 1.38341274578124e-05 1.38006507768296e-05 1.3767173186352e-05 1.37336965053692e-05 1.37779252327164e-05 1.38480554596754e-05 1.39181856866344e-05 1.39883159135934e-05 1.40584461405524e-05 1.41285763675114e-05 1.41987065944704e-05
1.12470106614637e-05 1.12645284389146e-05 1.12820471258601e-05 1.1299564903311e-05 1.13614996735123e-05 1.14382401079638e-05 1.15149805424153e-05 1.15917209768668e-05 1.16684614113183e-05 1.17452018457698e-05 1.18219422802213e-05 1.19438900583191e-05 1.22014616863453e-05 1.24590324048768e-05 1.27166031234083e-05 1.29741747514345e-05 1.3231745469966e-05 1.34893161884975e-05 1.37468878165237e-05 1.38190507641411e-05 1.38294117277837e-05 1.38397717819316e-05 1.38501327455742e-05 1.38604937092168e-05 1.38708546728594e-05 1.3881215636502e-05 1.38838595376001e-05 1.38633540700539e-05 1.38428486025077e-05 1.38223440444563e-05 1.38018385769101e-05 1.37813331093639e-05 1.37608276418177e-05 1.37403221742716e-05 1.37876813823823e-05 1.38576615427155e-05 1.3927640793554e-05 1.39976209538872e-05 1.40676011142205e-05 1.41375812745537e-05 1.42075605253922e-05
1.11592908069724e-05 1.11773224489298e-05 1.11953540908871e-05 1.12133857328445e-05 1.12698289740365e-05 1.13390751721454e-05 1.1408322279749e-05 1.14775693873526e-05 1.15468155854614e-05 1.1616062693065e-05 1.16853098006686e-05 1.17978624984971e-05 1.20403346954845e-05 1.22828068924719e-05 1.25252790894592e-05 1.27677503769519e-05 1.30102225739392e-05 1.32526947709266e-05 1.3495166967914e-05 1.35803629746079e-05 1.36131338877021e-05 1.36459048007964e-05 1.36786757138907e-05 1.3711446626985e-05 1.37442175400793e-05 1.37769884531735e-05 1.37996830744669e-05 1.37921497298521e-05 1.37846163852373e-05 1.37770821311278e-05 1.3769548786513e-05 1.37620154418983e-05 1.37544820972835e-05 1.37469487526687e-05 1.37974375320482e-05 1.38672667162609e-05 1.39370968099684e-05 1.40069259941811e-05 1.40767560878885e-05 1.41465852721012e-05 1.42164153658086e-05
1.10715709524811e-05 1.1090116458945e-05 1.11086610559141e-05 1.1127206562378e-05 1.1178157365066e-05 1.12399111458217e-05 1.13016640170827e-05 1.13634168883436e-05 1.14251706690993e-05 1.14869235403603e-05 1.15486764116213e-05 1.16518349386752e-05 1.18792077046237e-05 1.21065813800669e-05 1.23339541460155e-05 1.2561326911964e-05 1.27886996779125e-05 1.3016072443861e-05 1.32434461193043e-05 1.33416751850746e-05 1.33968560476205e-05 1.34520369101665e-05 1.35072177727125e-05 1.35623986352584e-05 1.36175804072991e-05 1.36727612698451e-05 1.37155066113337e-05 1.37209444801556e-05 1.37263832584722e-05 1.37318211272941e-05 1.37372599056107e-05 1.37426977744326e-05 1.37481365527492e-05 1.37535744215711e-05 1.38071936817141e-05 1.38768727993011e-05 1.3946551916888e-05 1.40162319439696e-05 1.40859110615565e-05 1.41555901791435e-05 1.42252692967304e-05
1.09838510979898e-05 1.10029095594655e-05 1.10219689304358e-05 1.10410273919115e-05 1.10864866655902e-05 1.11407462100033e-05 1.11950057544163e-05 1.12492652988294e-05 1.13035248432425e-05 1.13577843876556e-05 1.14120439320686e-05 1.15058073788532e-05 1.17180816232576e-05 1.19303549581673e-05 1.21426292025717e-05 1.23549034469761e-05 1.25671767818858e-05 1.27794510262902e-05 1.29917252706946e-05 1.31029864860466e-05 1.31805782075389e-05 1.32581690195366e-05 1.33357607410289e-05 1.34133515530266e-05 1.34909432745189e-05 1.35685340865166e-05 1.36313301482005e-05 1.36497401399538e-05 1.36681501317071e-05 1.36865601234604e-05 1.37049701152137e-05 1.37233810164616e-05 1.37417910082149e-05 1.37602009999682e-05 1.381694983138e-05 1.38864788823412e-05 1.39560079333023e-05 1.40255369842635e-05 1.40950660352246e-05 1.41645950861857e-05 1.42341232276522e-05
1.09837328636786e-05 1.10088058136171e-05 1.10338787635555e-05 1.10589508039993e-05 1.11039662442636e-05 1.11556300907978e-05 1.12072930278373e-05 1.12589568743715e-05 1.1310619811411e-05 1.13622836579452e-05 1.14139465949847e-05 1.15017992357025e-05 1.1698220987455e-05 1.18946418297128e-05 1.20910635814653e-05 1.22874853332178e-05 1.24839061754756e-05 1.26803279272281e-05 1.28767487694859e-05 1.29927839225275e-05 1.30820226331707e-05 1.31712622533087e-05 1.32605009639519e-05 1.33497396745952e-05 1.34389792947331e-05 1.35282180053764e-05 1.36031949296012e-05 1.36353837660863e-05 1.36675726025715e-05 1.36997614390566e-05 1.37319511850365e-05 1.37641400215216e-05 1.37963288580067e-05 1.38285176944919e-05 1.38853056341759e-05 1.39502926685964e-05 1.40152797030169e-05 1.40802667374373e-05 1.41452546813525e-05 1.4210241715773e-05 1.42752287501935e-05
1.10712180685368e-05 1.11078043119051e-05 1.11443905552733e-05 1.11809767986415e-05 1.12305970105808e-05 1.12845618787105e-05 1.13385258373455e-05 1.13924907054752e-05 1.14464555736049e-05 1.15004195322399e-05 1.15543844003696e-05 1.16398114187177e-05 1.18196267067106e-05 1.19994419947034e-05 1.21792572826962e-05 1.2359072570689e-05 1.25388878586818e-05 1.27187031466747e-05 1.28985184346675e-05 1.30110656755278e-05 1.31011902340106e-05 1.31913147924934e-05 1.32814393509761e-05 1.33715639094589e-05 1.34616884679417e-05 1.35518130264245e-05 1.3631100046041e-05 1.36778753585531e-05 1.37246506710653e-05 1.37714259835775e-05 1.3818200386595e-05 1.38649756991072e-05 1.39117510116193e-05 1.39585254146368e-05 1.4012260180607e-05 1.40683141580666e-05 1.41243681355263e-05 1.4180422112986e-05 1.42364760904456e-05 1.42925309774e-05 1.43485849548597e-05
1.11587032733951e-05 1.12068037196877e-05 1.12549032564857e-05 1.13030027932837e-05 1.13572277768981e-05 1.14134936666233e-05 1.14697586468537e-05 1.15260245365789e-05 1.15822904263041e-05 1.16385563160293e-05 1.16948222057545e-05 1.1777823601733e-05 1.19410324259661e-05 1.2104242159694e-05 1.22674509839271e-05 1.24306598081603e-05 1.25938695418881e-05 1.27570783661213e-05 1.29202871903544e-05 1.30293474285281e-05 1.31203569253557e-05 1.3211367331678e-05 1.33023777380004e-05 1.33933881443227e-05 1.3484398550645e-05 1.35754080474726e-05 1.36590060719755e-05 1.372036695102e-05 1.37817287395592e-05 1.38430896186037e-05 1.39044504976482e-05 1.39658113766927e-05 1.40271722557372e-05 1.40885331347818e-05 1.41392147270381e-05 1.41863356475369e-05 1.42334565680358e-05 1.42805774885346e-05 1.43276984090335e-05 1.43748193295323e-05 1.44219402500312e-05
1.12461884782533e-05 1.13058022179757e-05 1.13654159576981e-05 1.14250296974205e-05 1.14838576337206e-05 1.15424245450413e-05 1.16009923658567e-05 1.16595592771773e-05 1.1718126188498e-05 1.17766930998187e-05 1.18352600111393e-05 1.19158357847482e-05 1.20624390547164e-05 1.22090414151899e-05 1.2355644685158e-05 1.25022479551262e-05 1.26488503155997e-05 1.27954535855679e-05 1.29420559460414e-05 1.30476291815285e-05 1.31395245261956e-05 1.32314207803574e-05 1.33233161250246e-05 1.34152114696917e-05 1.35071077238536e-05 1.35990030685207e-05 1.368691209791e-05 1.37628594529815e-05 1.38388058985583e-05 1.39147532536299e-05 1.39907006087014e-05 1.40666470542783e-05 1.41425944093498e-05 1.42185417644214e-05 1.42661692734691e-05 1.43043571370072e-05 1.43425450005452e-05 1.43807328640833e-05 1.44189207276213e-05 1.44571085911593e-05 1.44952964546974e-05
1.13336736831116e-05 1.14048007162637e-05 1.14759286589106e-05 1.15470556920627e-05 1.16104884000379e-05 1.1671356332954e-05 1.17322251753649e-05 1.1793093108281e-05 1.18539610411972e-05 1.1914829883608e-05 1.19756978165242e-05 1.20538479677634e-05 1.21838447739719e-05 1.23138415801805e-05 1.2443838386389e-05 1.25738351925975e-05 1.2703831998806e-05 1.28338288050145e-05 1.2963825611223e-05 1.30659109345288e-05 1.31586921270355e-05 1.32514733195421e-05 1.33442545120488e-05 1.34370357045555e-05 1.35298168970621e-05 1.36225980895688e-05 1.37148181238445e-05 1.38053510454483e-05 1.38958839670522e-05 1.39864168886561e-05 1.407694981026e-05 1.41674827318639e-05 1.42580165629624e-05 1.43485494845663e-05 1.43931238199002e-05 1.44223786264774e-05 1.44516334330547e-05 1.44808882396319e-05 1.45101430462091e-05 1.45393978527864e-05 1.45686526593636e-05
1.14211588879698e-05 1.15038001240464e-05 1.15864404506283e-05 1.16690816867049e-05 1.17371191663551e-05 1.18002881208668e-05 1.18634579848731e-05 1.19266269393847e-05 1.19897968033911e-05 1.20529657579027e-05 1.21161356219091e-05 1.21918601507787e-05 1.23052504932275e-05 1.2418641745171e-05 1.25320320876199e-05 1.26454224300687e-05 1.27588136820123e-05 1.28722040244611e-05 1.29855943669099e-05 1.30841926875291e-05 1.31778588183806e-05 1.32715258587268e-05 1.3365192899073e-05 1.34588599394192e-05 1.35525269797654e-05 1.36461931106169e-05 1.37427232402842e-05 1.38478426379152e-05 1.39529620355461e-05 1.40580805236823e-05 1.41631999213132e-05 1.42683193189441e-05 1.43734378070803e-05 1.44785572047113e-05 1.45200783663313e-05 1.45404001159477e-05 1.45607218655641e-05 1.45810436151805e-05 1.46013653647969e-05 1.46216862049187e-05 1.46420079545351e-05
1.14622998808045e-05 1.1550406270544e-05 1.16385126602836e-05 1.17266181405284e-05 1.17954241432017e-05 1.18577963803546e-05 1.19201695270021e-05 1.1982541764155e-05 1.20449140013079e-05 1.21072862384608e-05 1.21696593851084e-05 1.22418969112914e-05 1.23437312140595e-05 1.24455664263223e-05 1.25474007290904e-05 1.26492350318586e-05 1.27510693346267e-05 1.28529036373948e-05 1.29547388496576e-05 1.30511871248018e-05 1.31458400574047e-05 1.32404929900076e-05 1.33351459226105e-05 1.34297988552134e-05 1.35244517878164e-05 1.36191047204193e-05 1.37188017106382e-05 1.38336299642106e-05 1.39484582177829e-05 1.40632864713552e-05 1.41781147249276e-05 1.42929429784999e-05 1.44077712320723e-05 1.45225994856446e-05 1.45628964673961e-05 1.45783496918739e-05 1.45938029163517e-05 1.46092570503242e-05 1.46247102748021e-05 1.46401634992799e-05 1.46556176332524e-05
1.14570975711104e-05 1.15446200652514e-05 1.16321425593924e-05 1.17196650535334e-05 1.17854042400722e-05 1.18438811114174e-05 1.19023588922573e-05 1.19608366730972e-05 1.20193135444424e-05 1.20777913252823e-05 1.21362681966275e-05 1.22039582493016e-05 1.2299286936468e-05 1.23946156236343e-05 1.24899434013059e-05 1.25852720884723e-05 1.26806007756386e-05 1.27759285533102e-05 1.28712572404766e-05 1.29668942463468e-05 1.30626340251183e-05 1.31583728943951e-05 1.32541126731667e-05 1.33498524519382e-05 1.34455922307097e-05 1.35413310999866e-05 1.3643051715917e-05 1.37627121148398e-05 1.38823725137627e-05 1.40020329126855e-05 1.41216933116084e-05 1.4241354620026e-05 1.43610150189488e-05 1.44806754178717e-05 1.45215781230945e-05 1.45362282637507e-05 1.45508784044068e-05 1.4565528545063e-05 1.45801786857191e-05 1.45948288263753e-05 1.46094789670315e-05
1.14518952614162e-05 1.15388347694534e-05 1.16257733679959e-05 1.1712712876033e-05 1.17753843369428e-05 1.1829966751975e-05 1.18845491670072e-05 1.19391306725447e-05 1.19937130875769e-05 1.20482955026091e-05 1.21028779176413e-05 1.21660204968066e-05 1.22548426588764e-05 1.23436648209463e-05 1.24324869830161e-05 1.2521309145086e-05 1.26101313071558e-05 1.26989534692257e-05 1.27877765407902e-05 1.28826013678918e-05 1.29794279928319e-05 1.30762537082774e-05 1.31730803332175e-05 1.3269906048663e-05 1.33667326736031e-05 1.34635583890486e-05 1.35673017211957e-05 1.36917942654691e-05 1.38162868097425e-05 1.39407802635105e-05 1.40652728077839e-05 1.4189766261552e-05 1.43142588058254e-05 1.44387513500988e-05 1.4480259778793e-05 1.44941068356275e-05 1.4507953892462e-05 1.45218000398017e-05 1.45356470966362e-05 1.45494941534707e-05 1.45633403008105e-05
1.14466929517221e-05 1.15330485641607e-05 1.16194041765993e-05 1.1705759789038e-05 1.17653644338134e-05 1.18160514830379e-05 1.18667385322624e-05 1.19174255814869e-05 1.19681126307114e-05 1.20187996799359e-05 1.20694867291604e-05 1.21280818348168e-05 1.22103974717902e-05 1.22927140182583e-05 1.23750305647263e-05 1.24573462016997e-05 1.25396627481678e-05 1.26219792946358e-05 1.27042949316092e-05 1.27983084894367e-05 1.28962210510508e-05 1.29941345221596e-05 1.30920470837737e-05 1.31899596453877e-05 1.32878722070018e-05 1.33857856781106e-05 1.34915508169797e-05 1.36208764160983e-05 1.37502020152169e-05 1.38795267048408e-05 1.40088523039594e-05 1.41381769935833e-05 1.42675025927019e-05 1.43968281918205e-05 1.44389414344914e-05 1.44519854075043e-05 1.44650284710224e-05 1.44780724440352e-05 1.44911155075533e-05 1.45041594805662e-05 1.45172025440843e-05
1.14414897325332e-05 1.1527262358868e-05 1.16130349852028e-05 1.16988076115376e-05 1.17553445306839e-05 1.18021362141008e-05 1.18489288070123e-05 1.18957204904291e-05 1.19425121738459e-05 1.19893047667574e-05 1.20360964501742e-05 1.20901431728271e-05 1.21659531941987e-05 1.22417632155702e-05 1.23175732369418e-05 1.23933832583134e-05 1.2469193279685e-05 1.25450042105513e-05 1.26208142319229e-05 1.27140156109817e-05 1.28130150187644e-05 1.29120144265471e-05 1.30110138343298e-05 1.31100132421125e-05 1.32090126498952e-05 1.33080120576778e-05 1.34158008222585e-05 1.35499585667276e-05 1.36841163111967e-05 1.38182740556658e-05 1.39524318001349e-05 1.40865886351094e-05 1.42207463795785e-05 1.43549041240476e-05 1.43976239996846e-05 1.4409863979381e-05 1.44221039590775e-05 1.4434343938774e-05 1.44465839184704e-05 1.44588238981669e-05 1.44710638778633e-05
1.14362874228391e-05 1.15214761535753e-05 1.16066657938063e-05 1.16918545245426e-05 1.17453246275545e-05 1.17882209451636e-05 1.18311181722675e-05 1.18740153993713e-05 1.19169117169804e-05 1.19598089440842e-05 1.2002706171188e-05 1.20522045108373e-05 1.21215089166071e-05 1.21908124128822e-05 1.2260116818652e-05 1.23294203149271e-05 1.23987247206969e-05 1.24680291264667e-05 1.25373326227418e-05 1.26297236420214e-05 1.2729808986478e-05 1.28298952404293e-05 1.29299814943806e-05 1.30300668388372e-05 1.31301530927885e-05 1.32302393467398e-05 1.33400508275372e-05 1.34790407173568e-05 1.36180306071765e-05 1.37570204969961e-05 1.38960103868158e-05 1.40350002766354e-05 1.4173990166455e-05 1.43129800562747e-05 1.4356305655383e-05 1.43677425512578e-05 1.43791785376379e-05 1.43906154335127e-05 1.44020523293875e-05 1.44134892252623e-05 1.44249261211371e-05
