data/working_set_collections/6091692-Cassins_Sparrow-M2/1980/evland_avg.asc
NCOLS 265 
NROWS 230 
XLLCORNER -115.5625 
YLLCORNER 24.8333333333333 
CELLSIZE 0.0833333333333333 
NODATA_value -9999 
[rows 162 to 179 of 230, columns 82 to 122 of 265]
1.41055206768215e-05 1.41640011861455e-05 1.42224816954695e-05 1.42809612952988e-05 1.43394418046228e-05 1.43979223139468e-05 1.44564028232708e-05 1.44284240377601e-05 1.41410682772403e-05 1.38537125167204e-05 1.35663567562005e-05 1.32790009956807e-05 1.29916452351608e-05 1.2704289474641e-05 1.24169337141211e-05 1.21265438792761e-05 1.18351426863228e-05 1.15437414933695e-05 1.12523393909214e-05 1.09609381979681e-05 1.06695370050147e-05 1.03781358120614e-05 1.01367977549671e-05 1.00456518339342e-05 9.95450591290137e-06 9.86335999186849e-06 9.77221407083562e-06 9.68106814980274e-06 9.58992222876986e-06 9.49877630773699e-06 9.53938251768705e-06 9.62390549830161e-06 9.70842938841088e-06 9.79295327852014e-06 9.87747625913471e-06 9.96200014924398e-06 1.00465231298585e-05 1.01347886811709e-05 1.02342792160925e-05 1.03337706605089e-05 1.04332611954305e-05
1.47477257996798e-05 1.48289482240216e-05 1.49101706483634e-05 1.49913930727053e-05 1.50726154970471e-05 1.51538379213889e-05 1.52350603457307e-05 1.52189440996153e-05 1.49108127516229e-05 1.46026814036304e-05 1.4294550055638e-05 1.39864177981508e-05 1.36782864501583e-05 1.33701551021659e-05 1.30620237541734e-05 1.27435696413158e-05 1.24216749100015e-05 1.20997801786871e-05 1.1777884537878e-05 1.14559898065636e-05 1.11340950752492e-05 1.08121994344401e-05 1.05425915535307e-05 1.04298433143413e-05 1.03170950751519e-05 1.02043468359625e-05 1.00915985967731e-05 9.97885035758372e-06 9.86610211839434e-06 9.75335387920495e-06 9.77195850282442e-06 9.83434620138723e-06 9.89673480944475e-06 9.95912341750227e-06 1.00215111160651e-05 1.00838997241226e-05 1.01462883321801e-05 1.02146759672905e-05 1.03010643215384e-05 1.03874526757863e-05 1.04738410300342e-05
1.5389930922538e-05 1.54938952618977e-05 1.55978596012574e-05 1.5701823940617e-05 1.58057882799767e-05 1.59097526193364e-05 1.6013716958696e-05 1.60094641614705e-05 1.56805563165108e-05 1.53516502905404e-05 1.50227424455807e-05 1.46938355101156e-05 1.43649285746505e-05 1.40360207296908e-05 1.37071137942257e-05 1.33605954033555e-05 1.30082071336801e-05 1.26558188640047e-05 1.23034296848346e-05 1.19510414151591e-05 1.1598652235989e-05 1.12462639663136e-05 1.09483844425995e-05 1.08140338852536e-05 1.06796842374024e-05 1.05453336800565e-05 1.04109831227106e-05 1.02766325653647e-05 1.01422820080188e-05 1.00079314506729e-05 1.00045335784671e-05 1.00447869044729e-05 1.00850402304786e-05 1.01252935564844e-05 1.01655459729955e-05 1.02057992990012e-05 1.0246052625007e-05 1.02945641629049e-05 1.0367850336479e-05 1.04411356005585e-05 1.05144217741326e-05
1.60321360453963e-05 1.61588432092685e-05 1.62855485541513e-05 1.64122557180235e-05 1.65389628818957e-05 1.66656682267785e-05 1.67923753906507e-05 1.67999842233257e-05 1.64503017003881e-05 1.61006191774504e-05 1.57509348355234e-05 1.54012523125857e-05 1.50515697896481e-05 1.47018872667104e-05 1.4352203834278e-05 1.39776211653952e-05 1.35947393573588e-05 1.32118566398276e-05 1.28289748317911e-05 1.244609211426e-05 1.20632103062235e-05 1.16803275886923e-05 1.1354178241163e-05 1.11982253656606e-05 1.10422724901582e-05 1.08863205241505e-05 1.07303676486481e-05 1.05744147731457e-05 1.04184618976433e-05 1.02625099316356e-05 1.02371095636045e-05 1.02552276075585e-05 1.02733456515125e-05 1.02914636954665e-05 1.03095817394205e-05 1.03276988738799e-05 1.03458169178339e-05 1.03744514490245e-05 1.04346354419249e-05 1.04948185253306e-05 1.0555002518231e-05
1.66743411682546e-05 1.68237911566393e-05 1.69732393260347e-05 1.712268749543e-05 1.72721356648253e-05 1.74215838342207e-05 1.7571032003616e-05 1.75905042851809e-05 1.7220045265276e-05 1.6849586245371e-05 1.64791290444555e-05 1.61086700245505e-05 1.57382110046456e-05 1.53677519847406e-05 1.49972938743304e-05 1.45946478369297e-05 1.41812715810374e-05 1.37678953251452e-05 1.33545199787477e-05 1.29411437228555e-05 1.2527768376458e-05 1.21143921205658e-05 1.17599711302319e-05 1.15824168460676e-05 1.14048616524087e-05 1.12273064587498e-05 1.10497521745856e-05 1.08721969809267e-05 1.06946426967625e-05 1.05170875031035e-05 1.04696855487418e-05 1.04656683106441e-05 1.04616510725464e-05 1.04576338344486e-05 1.04536165963509e-05 1.04495993582532e-05 1.04455821201554e-05 1.04543387351441e-05 1.05014205473708e-05 1.05485014501028e-05 1.05955823528348e-05
1.73165462911129e-05 1.74887372850208e-05 1.76609282789286e-05 1.78331192728365e-05 1.80053084477549e-05 1.81774994416628e-05 1.83496904355707e-05 1.83810243470361e-05 1.79897906491533e-05 1.7598555132281e-05 1.72073214343982e-05 1.68160877365153e-05 1.64248522196431e-05 1.60336185217602e-05 1.56423848238774e-05 1.52116735989694e-05 1.47678038047161e-05 1.43239340104628e-05 1.38800651257043e-05 1.3436195331451e-05 1.29923255371978e-05 1.25484566524392e-05 1.21657649287954e-05 1.196660741698e-05 1.17674508146592e-05 1.15682933028438e-05 1.13691367005231e-05 1.11699791887077e-05 1.09708225863869e-05 1.07716650745715e-05 1.07022615338792e-05 1.06761090137297e-05 1.06499564935802e-05 1.06238039734308e-05 1.05976514532813e-05 1.05714989331318e-05 1.05453464129823e-05 1.05342269307585e-05 1.05682056528167e-05 1.06021843748749e-05 1.06361630969332e-05
1.78559221239993e-05 1.80367824214045e-05 1.82176427188097e-05 1.83985030162148e-05 1.857936331362e-05 1.87602236110251e-05 1.89410839084303e-05 1.89767579286126e-05 1.85768785740947e-05 1.81769992195768e-05 1.77771198650589e-05 1.7377240510541e-05 1.69773611560231e-05 1.65774818015052e-05 1.61776006279979e-05 1.57286758621922e-05 1.52634020196274e-05 1.47981290865573e-05 1.43328552439925e-05 1.38675814014277e-05 1.3402307558863e-05 1.29370337162982e-05 1.2533864719444e-05 1.23170093502267e-05 1.21001530715148e-05 1.18832977022976e-05 1.16664414235856e-05 1.14495860543684e-05 1.12327306851512e-05 1.10158744064393e-05 1.0925952665275e-05 1.08783415271319e-05 1.08307303889887e-05 1.07831192508456e-05 1.07355081127025e-05 1.06878969745594e-05 1.06402858364163e-05 1.06091956695309e-05 1.06276656879345e-05 1.06461357063381e-05 1.06646057247417e-05
1.82924650289351e-05 1.84679229278117e-05 1.86433808266884e-05 1.8818838725565e-05 1.89942966244416e-05 1.91697545233183e-05 1.93452124221949e-05 1.93777068488998e-05 1.89813126780791e-05 1.85849185072584e-05 1.81885243364377e-05 1.77921283466276e-05 1.73957341758069e-05 1.69993400049862e-05 1.66029458341654e-05 1.61456555360928e-05 1.5668067135266e-05 1.51904787344392e-05 1.47128903336124e-05 1.42353019327857e-05 1.37577135319589e-05 1.32801251311321e-05 1.28642705021775e-05 1.26336199173238e-05 1.24029693324701e-05 1.21723187476164e-05 1.19416681627627e-05 1.17110175779089e-05 1.14803660835605e-05 1.12497154987068e-05 1.11407580334344e-05 1.10723658508505e-05 1.10039727587719e-05 1.09355796666932e-05 1.08671865746146e-05 1.0798793482536e-05 1.07304012999521e-05 1.06792449514614e-05 1.06797997432295e-05 1.06803554444923e-05 1.06809102362604e-05
1.87290079338709e-05 1.8899063434219e-05 1.90691189345671e-05 1.92391744349152e-05 1.94092299352633e-05 1.95792854356114e-05 1.97493409359595e-05 1.9778655769187e-05 1.93857467820635e-05 1.89928359759506e-05 1.85999269888271e-05 1.82070180017035e-05 1.781410901458e-05 1.74212000274565e-05 1.7028291040333e-05 1.65626352099935e-05 1.60727322509047e-05 1.55828292918159e-05 1.50929263327271e-05 1.46030224641436e-05 1.41131195050548e-05 1.3623216545966e-05 1.31946771944058e-05 1.29502313939156e-05 1.27057855934254e-05 1.24613397929352e-05 1.2216893992445e-05 1.19724481919548e-05 1.17280023914645e-05 1.14835565909743e-05 1.13555643110885e-05 1.12663892650744e-05 1.1177215128555e-05 1.10880400825408e-05 1.09988650365267e-05 1.09096909000073e-05 1.08205158539931e-05 1.07492951428867e-05 1.07319347080193e-05 1.07145742731518e-05 1.06972147477791e-05
1.91655508388067e-05 1.93302039406262e-05 1.94948570424458e-05 1.96595101442654e-05 1.98241632460849e-05 1.99888163479045e-05 2.01534694497241e-05 2.01796028704848e-05 1.97901790670585e-05 1.94007552636322e-05 1.90113314602058e-05 1.86219076567795e-05 1.82324838533532e-05 1.78430600499269e-05 1.74536344275111e-05 1.69796148838941e-05 1.64773973665433e-05 1.59751798491925e-05 1.54729605128523e-05 1.49707429955015e-05 1.44685254781507e-05 1.39663070513052e-05 1.35250838866341e-05 1.32668428705074e-05 1.30086018543807e-05 1.2750360838254e-05 1.24921198221273e-05 1.22338797154953e-05 1.19756386993686e-05 1.17173976832419e-05 1.15703705887427e-05 1.1460413588793e-05 1.13504574983381e-05 1.12405004983884e-05 1.11305434984388e-05 1.10205874079838e-05 1.09106304080342e-05 1.08193444248172e-05 1.0784069672809e-05 1.0748794011306e-05 1.07135183498031e-05
1.96020937437424e-05 1.97613444470335e-05 1.99205951503245e-05 2.00798458536156e-05 2.02390965569066e-05 2.03983472601976e-05 2.05575979634887e-05 2.0580551790772e-05 2.01946131710429e-05 1.98086745513137e-05 1.94227359315846e-05 1.90367954928661e-05 1.86508568731369e-05 1.82649182534078e-05 1.78789796336787e-05 1.73965945577947e-05 1.68820624821819e-05 1.63675304065691e-05 1.58529965119669e-05 1.53384644363541e-05 1.48239314512466e-05 1.43093984661391e-05 1.38554896693677e-05 1.35834543470992e-05 1.3311418115336e-05 1.30393818835728e-05 1.27673465613043e-05 1.24953103295411e-05 1.22232750072726e-05 1.19512387755094e-05 1.17851759569021e-05 1.16544379125116e-05 1.15236989586265e-05 1.1392960914236e-05 1.12622228698456e-05 1.11314839159604e-05 1.100074587157e-05 1.08893946162425e-05 1.0836203728104e-05 1.07830137494602e-05 1.07298228613217e-05
2.00386366486782e-05 2.01924849534407e-05 2.03463332582032e-05 2.05001815629657e-05 2.06540298677282e-05 2.08078781724907e-05 2.09617264772533e-05 2.09815007110592e-05 2.05990472750273e-05 2.02165920200059e-05 1.9834138583974e-05 1.9451685147942e-05 1.90692317119101e-05 1.86867782758782e-05 1.83043248398462e-05 1.78135760506848e-05 1.72867275978206e-05 1.67598791449564e-05 1.62330325110815e-05 1.57061840582173e-05 1.51793374243425e-05 1.4652489880973e-05 1.4185896361596e-05 1.39000649141963e-05 1.36142343762913e-05 1.33284038383863e-05 1.30425723909866e-05 1.27567418530816e-05 1.24709104056819e-05 1.21850798677769e-05 1.19999822345562e-05 1.18484622362303e-05 1.16969413284096e-05 1.15454213300836e-05 1.13939013317577e-05 1.1242380423937e-05 1.1090860425611e-05 1.0959443898173e-05 1.08883386928937e-05 1.08172334876144e-05 1.07461273728404e-05
2.04006391868461e-05 2.05342075787485e-05 2.06677777896402e-05 2.08013461815426e-05 2.0934914573445e-05 2.10684847843368e-05 2.12020531762391e-05 2.12077084142948e-05 2.08296241908101e-05 2.04515399673255e-05 2.00734557438409e-05 1.96953697013669e-05 1.93172854778823e-05 1.89392012543976e-05 1.8561117030913e-05 1.80698771146126e-05 1.75409186340403e-05 1.7011960153468e-05 1.64830016728956e-05 1.59540431923233e-05 1.54250865307404e-05 1.48961271406733e-05 1.44259629450971e-05 1.41321788760251e-05 1.38383957164478e-05 1.35446116473759e-05 1.32508275783039e-05 1.29570435092319e-05 1.26632603496546e-05 1.23694762805826e-05 1.21702933029155e-05 1.20026443255483e-05 1.18349953481811e-05 1.16673454613192e-05 1.1499696483952e-05 1.13320475065848e-05 1.11643985292176e-05 1.10178862087196e-05 1.09347865873133e-05 1.0851686965907e-05 1.07685873445007e-05
2.06881031772355e-05 2.07865159609355e-05 2.08849287446355e-05 2.09833397093462e-05 2.10817524930462e-05 2.11801652767463e-05 2.12785780604463e-05 2.12591785384575e-05 2.08863475563703e-05 2.05135147552937e-05 2.01406837732065e-05 1.976785097213e-05 1.93950199900428e-05 1.90221871889662e-05 1.8649356206879e-05 1.81654995685676e-05 1.76446355908411e-05 1.71237697941251e-05 1.66029058163986e-05 1.6082041838672e-05 1.55611760419561e-05 1.50403120642295e-05 1.45756903293659e-05 1.42797953230911e-05 1.3983901226311e-05 1.36880062200362e-05 1.33921121232561e-05 1.30962171169813e-05 1.28003230202012e-05 1.25044280139264e-05 1.22961100714747e-05 1.21169850899605e-05 1.19378601084463e-05 1.17587342174374e-05 1.15796092359233e-05 1.14004833449144e-05 1.12213583634002e-05 1.10647206383874e-05 1.09755474113626e-05 1.08863741843379e-05 1.07972009573132e-05
2.09755671676248e-05 2.10388225241331e-05 2.11020778806414e-05 2.11653350561392e-05 2.12285904126475e-05 2.12918457691558e-05 2.13551011256641e-05 2.13106486626202e-05 2.09430691029411e-05 2.05754913622513e-05 2.02079118025722e-05 1.98403322428931e-05 1.94727526832139e-05 1.91051749425242e-05 1.8737595382845e-05 1.82611220225226e-05 1.77483525476418e-05 1.72355812537717e-05 1.67228099599015e-05 1.62100386660313e-05 1.56972673721611e-05 1.51844969877857e-05 1.47254177136347e-05 1.4427411770157e-05 1.41294067361741e-05 1.38314017021912e-05 1.35333957587136e-05 1.32353907247307e-05 1.29373856907478e-05 1.26393797472701e-05 1.24219277495285e-05 1.22313258543727e-05 1.20407248687115e-05 1.18501229735557e-05 1.16595219878945e-05 1.14689200927387e-05 1.12783181975828e-05 1.11115559775499e-05 1.10163091449067e-05 1.09210623122635e-05 1.08258154796204e-05
2.12630311580142e-05 2.12911309063202e-05 2.13192288356367e-05 2.13473285839427e-05 2.13754265132593e-05 2.14035262615653e-05 2.14316260098713e-05 2.1362118786783e-05 2.09997924685013e-05 2.06374661502196e-05 2.02751398319378e-05 1.99128135136561e-05 1.95504871953744e-05 1.91881608770927e-05 1.8825834558811e-05 1.8356746295467e-05 1.78520676854532e-05 1.73473908944288e-05 1.68427141034044e-05 1.633803731238e-05 1.58333587023662e-05 1.53286819113418e-05 1.48751450979034e-05 1.45750291267177e-05 1.42749122460373e-05 1.39747962748515e-05 1.36746803036658e-05 1.33745643324801e-05 1.30744474517996e-05 1.27743314806139e-05 1.25477445180877e-05 1.23456666187849e-05 1.21435896289768e-05 1.19415117296739e-05 1.17394338303711e-05 1.1537356840563e-05 1.13352789412602e-05 1.11583904072177e-05 1.10570699689561e-05 1.09557504401891e-05 1.08544300019275e-05
2.15504951484036e-05 2.15434374695178e-05 2.15363797906321e-05 2.15293221117463e-05 2.15222644328605e-05 2.15152067539748e-05 2.1508149075089e-05 2.14135870919563e-05 2.1056514015072e-05 2.06994409381878e-05 2.03423678613035e-05 1.99852947844192e-05 1.9628221707535e-05 1.92711486306507e-05 1.89140755537665e-05 1.8452368749422e-05 1.7955784642254e-05 1.7459200535086e-05 1.69626182469074e-05 1.64660341397393e-05 1.59694500325713e-05 1.54728659254033e-05 1.50248724821722e-05 1.47226455737837e-05 1.44204186653951e-05 1.41181917570066e-05 1.38159639391233e-05 1.35137370307348e-05 1.32115101223462e-05 1.29092832139577e-05 1.26735612866469e-05 1.24600073831971e-05 1.2246454389242e-05 1.20329004857922e-05 1.18193465823424e-05 1.16057926788926e-05 1.13922387754428e-05 1.12052257463802e-05 1.10978317025001e-05 1.09904376586201e-05 1.08830445242347e-05
2.18379591387929e-05 2.17957440327154e-05 2.17535307456274e-05 2.17113156395499e-05 2.16691023524618e-05 2.16268872463843e-05 2.15846739592962e-05 2.1465057216119e-05 2.11132373806322e-05 2.07614175451454e-05 2.04095958906692e-05 2.00577760551823e-05 1.97059544007061e-05 1.93541345652193e-05 1.90023147297325e-05 1.8547991203377e-05 1.80595015990548e-05 1.75710119947325e-05 1.70825223904103e-05 1.65940309670987e-05 1.61055413627764e-05 1.56170517584542e-05 1.5174599866441e-05 1.48702620208496e-05 1.45659241752583e-05 1.42615863296669e-05 1.39572484840755e-05 1.36529106384842e-05 1.33485727928928e-05 1.30442349473014e-05 1.2799378055206e-05 1.25743481476093e-05 1.23493191495072e-05 1.21242892419104e-05 1.18992593343137e-05 1.16742294267169e-05 1.14491995191202e-05 1.1252060176048e-05 1.11385925265495e-05 1.10251257865457e-05 1.09116581370472e-05
