data/working_set_collections/6091692-Cassins_Sparrow-M2/1980/evland_avg.asc
NCOLS 265 
NROWS 230 
XLLCORNER -115.5625 
YLLCORNER 24.8333333333333 
CELLSIZE 0.0833333333333333 
NODATA_value -9999 
[rows 162 to 179 of 230, columns 205 to 245 of 265]
2.17260585486656e-05 2.16771386476466e-05 2.16282169276383e-05 2.15792970266193e-05 2.16033313336084e-05 2.18462300836109e-05 2.2089127014624e-05 2.23320257646265e-05 2.25749226956395e-05 2.2817821445642e-05 2.30607183766551e-05 2.33036171266576e-05 2.36203359236242e-05 2.3961662009242e-05 2.43029899138492e-05 2.46443159994669e-05 2.49856420850847e-05 2.53269681707025e-05 2.56682942563202e-05 2.60512224485865e-05 2.655895150383e-05 2.7066682378063e-05 2.75744132522959e-05 2.80821441265289e-05 2.85898731817724e-05 2.90976040560054e-05 2.96053349302383e-05 3.01351519738091e-05 3.06723304674961e-05 3.12095107801724e-05 3.17466910928488e-05 3.22838677675463e-05 3.28210480802227e-05 3.3358228392899e-05 3.37802048306912e-05 3.38565732818097e-05 3.39329417329282e-05 3.40093138220254e-05 3.40856822731439e-05 3.41620507242624e-05 3.42384191753808e-05
2.17659380723489e-05 2.17188207898289e-05 2.16717035073088e-05 2.16245862247888e-05 2.16498774534557e-05 2.18923960346729e-05 2.213491461589e-05 2.23774350160966e-05 2.26199535973137e-05 2.28624721785309e-05 2.31049925787374e-05 2.33475111599546e-05 2.36632895393996e-05 2.40034878515871e-05 2.43436861637747e-05 2.46838844759623e-05 2.50240827881498e-05 2.53642811003374e-05 2.5704479412525e-05 2.60876731772441e-05 2.65998551185476e-05 2.71120352408616e-05 2.7624217182165e-05 2.81363991234684e-05 2.86485792457825e-05 2.91607611870859e-05 2.96729431283893e-05 3.01992677123053e-05 3.07303052977659e-05 3.12613447022159e-05 3.17923841066658e-05 3.23234235111158e-05 3.28544629155658e-05 3.33855023200158e-05 3.38029931299388e-05 3.38798236043658e-05 3.39566540787928e-05 3.40334845532198e-05 3.41103150276467e-05 3.41871455020737e-05 3.42639759765007e-05
2.18058175960323e-05 2.17605029320111e-05 2.171518826799e-05 2.16698736039689e-05 2.1696423573303e-05 2.19385638047243e-05 2.21807040361455e-05 2.24228442675667e-05 2.26649844989879e-05 2.29071247304091e-05 2.31492649618303e-05 2.33914051932516e-05 2.37062431551749e-05 2.40453136939323e-05 2.43843842326896e-05 2.47234529524576e-05 2.5062523491215e-05 2.54015940299723e-05 2.57406627497403e-05 2.61241239059018e-05 2.66407569142757e-05 2.71573881036602e-05 2.76740211120341e-05 2.8190654120408e-05 2.87072853097925e-05 2.92239183181664e-05 2.97405513265403e-05 3.02633834508015e-05 3.07882837660145e-05 3.13131822622381e-05 3.18380807584617e-05 3.23629828926641e-05 3.28878813888878e-05 3.34127798851114e-05 3.38257777912077e-05 3.39030702889431e-05 3.39803627866786e-05 3.40576552844141e-05 3.41349477821495e-05 3.4212240279885e-05 3.42895327776205e-05
2.18456971197156e-05 2.18021850741934e-05 2.17586730286712e-05 2.17151628021384e-05 2.1742967874161e-05 2.19847297557862e-05 2.22264916374115e-05 2.24682535190368e-05 2.27100154006621e-05 2.29517772822874e-05 2.31935391639126e-05 2.34353010455379e-05 2.37491967709502e-05 2.40871395362774e-05 2.44250804826152e-05 2.47630232479423e-05 2.51009641942801e-05 2.54389069596073e-05 2.5776847905945e-05 2.61605746345595e-05 2.66816587100038e-05 2.72027427854482e-05 2.77238250419032e-05 2.82449091173476e-05 2.87659913738025e-05 2.92870754492469e-05 2.98081595246913e-05 3.03274991892977e-05 3.08462585962843e-05 3.13650198222604e-05 3.18837774102576e-05 3.24025386362337e-05 3.29212962242309e-05 3.3440057450207e-05 3.38485660904553e-05 3.39263169735204e-05 3.40040714945644e-05 3.40818260156084e-05 3.41595805366524e-05 3.42373314197175e-05 3.43150859407615e-05
2.1885576643399e-05 2.18438672163757e-05 2.18021596083418e-05 2.17604501813184e-05 2.17895139940083e-05 2.20308975258376e-05 2.22722792386776e-05 2.25136627705069e-05 2.27550463023363e-05 2.29964280151762e-05 2.32378115470055e-05 2.34791950788349e-05 2.37921503867256e-05 2.41289635596331e-05 2.44657785515301e-05 2.48025917244377e-05 2.51394048973452e-05 2.54762198892422e-05 2.58130330621498e-05 2.61970271822065e-05 2.6722560505732e-05 2.72480956482468e-05 2.77736289717723e-05 2.82991641142871e-05 2.88246974378126e-05 2.93502325803274e-05 2.98757677228423e-05 3.03916149277939e-05 3.09042334265541e-05 3.14168537443038e-05 3.19294740620535e-05 3.24420943798032e-05 3.29547146975528e-05 3.34673313773237e-05 3.38713507517241e-05 3.39495672960766e-05 3.40277802024502e-05 3.41059967468027e-05 3.41842132911552e-05 3.42624261975288e-05 3.43406427418813e-05
2.19254561670823e-05 2.18855493585579e-05 2.18456443690229e-05 2.18057375604985e-05 2.18360601138556e-05 2.20770634768996e-05 2.2318068658933e-05 2.2559072021977e-05 2.28000772040104e-05 2.30410805670545e-05 2.32820857490879e-05 2.35230891121319e-05 2.38351040025009e-05 2.41707894019783e-05 2.45064748014556e-05 2.4842160200933e-05 2.51778456004104e-05 2.55135309998877e-05 2.58492163993651e-05 2.62334779108642e-05 2.67634623014601e-05 2.72934485110454e-05 2.78234329016414e-05 2.83534191112267e-05 2.88834035018226e-05 2.94133897114079e-05 2.99433759209933e-05 3.045573066629e-05 3.09622118948027e-05 3.14686913043261e-05 3.19751707138494e-05 3.24816501233727e-05 3.2988129532896e-05 3.34946089424193e-05 3.38941390509717e-05 3.39728139806539e-05 3.40514925483149e-05 3.4130167477997e-05 3.42088424076792e-05 3.42875209753402e-05 3.43661959050223e-05
2.19204248423921e-05 2.18889308598591e-05 2.18574368773261e-05 2.18259428947931e-05 2.18597651837626e-05 2.20895381062292e-05 2.23193092097063e-05 2.25490821321728e-05 2.27788532356499e-05 2.30086261581164e-05 2.32383972615935e-05 2.346817018406e-05 2.3791169951437e-05 2.41452471527737e-05 2.44993225351209e-05 2.48533997364575e-05 2.52074751188047e-05 2.55615523201413e-05 2.59156277024886e-05 2.63116307905875e-05 2.68334079009946e-05 2.73551850114018e-05 2.78769639407983e-05 2.83987410512054e-05 2.89205181616126e-05 2.94422970910091e-05 2.99640742014162e-05 3.04684563161572e-05 3.09670394926798e-05 3.14656208502129e-05 3.19642058457248e-05 3.24627872032579e-05 3.29613721987698e-05 3.34599535563029e-05 3.38538811774924e-05 3.39338330377359e-05 3.40137848979793e-05 3.40937367582228e-05 3.41736849804875e-05 3.42536368407309e-05 3.43335887009744e-05
2.18704826693283e-05 2.18540099012898e-05 2.18375371332513e-05 2.18210643652128e-05 2.18606310227187e-05 2.20683177758474e-05 2.2276004528976e-05 2.24836912821047e-05 2.26913780352334e-05 2.28990629693726e-05 2.31067497225013e-05 2.33144364756299e-05 2.3660348233534e-05 2.40523349930299e-05 2.44443217525259e-05 2.48363066930324e-05 2.52282934525283e-05 2.56202802120242e-05 2.60122669715201e-05 2.64314840023872e-05 2.69323954853462e-05 2.74333069683053e-05 2.79342184512643e-05 2.84351299342234e-05 2.89360414171824e-05 2.94369529001415e-05 2.99378643831005e-05 3.04297900584061e-05 3.0918719858164e-05 3.14076496579219e-05 3.18965794576798e-05 3.23855092574377e-05 3.28744390571956e-05 3.33633688569535e-05 3.37505771312863e-05 3.3832617191365e-05 3.39146572514437e-05 3.39966973115224e-05 3.407874100958e-05 3.41607810696587e-05 3.42428211297374e-05
2.18205404962646e-05 2.18190889427206e-05 2.18176373891765e-05 2.18161858356325e-05 2.18614968616748e-05 2.20470974454656e-05 2.22326980292564e-05 2.24183004320366e-05 2.26039010158274e-05 2.27895015996182e-05 2.2975102183409e-05 2.31607045861892e-05 2.3529526515631e-05 2.39594228332862e-05 2.43893191509414e-05 2.48192154685967e-05 2.52491117862519e-05 2.56790081039071e-05 2.61089044215623e-05 2.65513390331762e-05 2.70313830696978e-05 2.75114289252087e-05 2.79914747807197e-05 2.84715188172413e-05 2.89515646727523e-05 2.94316105282633e-05 2.99116545647848e-05 3.03911238006549e-05 3.08704002236482e-05 3.13496784656309e-05 3.18289567076135e-05 3.23082313116174e-05 3.27875095536001e-05 3.32667877955828e-05 3.36472767230589e-05 3.37314049829729e-05 3.38155332428869e-05 3.38996615028009e-05 3.39837934006937e-05 3.40679216606077e-05 3.41520499205217e-05
2.17706001421902e-05 2.17841679841513e-05 2.17977376451017e-05 2.18113054870628e-05 2.18623608816415e-05 2.20258771150839e-05 2.21893933485262e-05 2.23529077629792e-05 2.25164239964215e-05 2.26799402298639e-05 2.28434546443168e-05 2.30069708777592e-05 2.3398704797728e-05 2.38665106735425e-05 2.43343183683464e-05 2.4802124244161e-05 2.52699301199755e-05 2.573773599579e-05 2.62055436905939e-05 2.66711922449758e-05 2.71303724730387e-05 2.75895508821122e-05 2.80487292911857e-05 2.85079095192486e-05 2.89670879283221e-05 2.94262663373956e-05 2.98854465654586e-05 3.03524575429037e-05 3.08220805891324e-05 3.12917072733399e-05 3.17613303195685e-05 3.22309533657972e-05 3.27005764120258e-05 3.31702030962333e-05 3.35439726768527e-05 3.36301927745808e-05 3.37164092343301e-05 3.38026256940793e-05 3.38888457918074e-05 3.39750622515567e-05 3.40612787113059e-05
2.17206579691265e-05 2.1749247025582e-05 2.17778379010269e-05 2.18064269574825e-05 2.18632267205976e-05 2.20046567847021e-05 2.21460868488066e-05 2.22875169129111e-05 2.24289469770156e-05 2.25703770411201e-05 2.27118071052246e-05 2.28532371693291e-05 2.3267883079825e-05 2.37735985137988e-05 2.4279315766762e-05 2.47850312007358e-05 2.52907484536991e-05 2.57964657066623e-05 2.63021811406361e-05 2.67910472757649e-05 2.72293600573903e-05 2.76676728390157e-05 2.81059856206411e-05 2.85442984022666e-05 2.8982611183892e-05 2.94209239655174e-05 2.98592367471429e-05 3.0313793104142e-05 3.07737645925954e-05 3.123373244307e-05 3.16937039315235e-05 3.21536754199769e-05 3.26136469084304e-05 3.30736183968838e-05 3.34406722686253e-05 3.35289769282099e-05 3.36172852257732e-05 3.37055898853578e-05 3.37938981829211e-05 3.38822028425056e-05 3.3970511140069e-05
2.16707157960627e-05 2.17143260670127e-05 2.17579381569522e-05 2.18015484279022e-05 2.18640925595537e-05 2.19834364543203e-05 2.21027821680764e-05 2.2222126062843e-05 2.23414717765991e-05 2.24608156713657e-05 2.25801595661324e-05 2.26995052798884e-05 2.3137061361922e-05 2.36806881730445e-05 2.42243131651776e-05 2.47679399763001e-05 2.53115667874226e-05 2.58551935985452e-05 2.63988185906783e-05 2.69109004875645e-05 2.73283476417419e-05 2.77457947959192e-05 2.81632401311072e-05 2.85806872852845e-05 2.89981344394619e-05 2.94155797746498e-05 2.98330269288272e-05 3.02751268463908e-05 3.07254449580796e-05 3.1175761250779e-05 3.16260811814573e-05 3.20763974741567e-05 3.25267137668561e-05 3.29770336975344e-05 3.33373682224192e-05 3.34277647198178e-05 3.35181612172164e-05 3.36085540766362e-05 3.36989505740348e-05 3.37893434334546e-05 3.38797399308532e-05
2.15375930565642e-05 2.15790587390075e-05 2.16205226024613e-05 2.16619864659151e-05 2.17246688407613e-05 2.18510031118058e-05 2.19773392018396e-05 2.21036734728841e-05 2.22300077439286e-05 2.23563420149731e-05 2.24826762860175e-05 2.2609010557062e-05 2.30658097279957e-05 2.36327614402398e-05 2.41997149714734e-05 2.47666666837176e-05 2.53336202149512e-05 2.59005719271954e-05 2.6467525458429e-05 2.69953379756771e-05 2.74057292699581e-05 2.78161205642391e-05 2.82265118585201e-05 2.86369049717905e-05 2.90472962660715e-05 2.94576875603525e-05 2.98680788546335e-05 3.0313085517264e-05 3.07696282106917e-05 3.12261727231089e-05 3.16827172355261e-05 3.21392617479432e-05 3.25958062603604e-05 3.30523507727776e-05 3.3422424166929e-05 3.35330914822407e-05 3.36437551595736e-05 3.37544224748854e-05 3.38650861522183e-05 3.397575346753e-05 3.40864171448629e-05
2.1321289750631e-05 2.13434414035873e-05 2.13655930565437e-05 2.13877447095001e-05 2.14449573832098e-05 2.16073567571584e-05 2.17697579500964e-05 2.1932157324045e-05 2.20945566979935e-05 2.22569560719421e-05 2.24193554458907e-05 2.25817566388287e-05 2.30541281780461e-05 2.36298219533637e-05 2.42055175476708e-05 2.47812131419778e-05 2.53569087362848e-05 2.59326025116025e-05 2.65082981059095e-05 2.70443561021239e-05 2.7461504942039e-05 2.78786537819542e-05 2.829580080288e-05 2.87129496427951e-05 2.91300984827103e-05 2.95472455036361e-05 2.99643943435512e-05 3.04276691167615e-05 3.09063179884106e-05 3.13849704980385e-05 3.18636193696875e-05 3.23422718793154e-05 3.28209207509644e-05 3.32995696226135e-05 3.36958401021548e-05 3.38449572154786e-05 3.39940743288025e-05 3.41431914421264e-05 3.42923085554503e-05 3.4441429306753e-05 3.45905464200769e-05
2.11049864446977e-05 2.11078258871567e-05 2.11106635106262e-05 2.11135011340957e-05 2.11652459256584e-05 2.13637104025111e-05 2.15621766983531e-05 2.17606411752058e-05 2.19591056520585e-05 2.21575719479006e-05 2.23560364247533e-05 2.25545009016059e-05 2.30424448091071e-05 2.36268824664876e-05 2.42113201238681e-05 2.47957577812485e-05 2.5380195438629e-05 2.59646330960095e-05 2.654907075339e-05 2.709337604756e-05 2.751728061412e-05 2.79411851806799e-05 2.83650897472398e-05 2.87889943137998e-05 2.92129006993491e-05 2.96368052659091e-05 3.0060709832469e-05 3.05422545352485e-05 3.10430077661294e-05 3.15437646349892e-05 3.2044521503849e-05 3.25452783727087e-05 3.30460352415685e-05 3.35467921104282e-05 3.39692523994017e-05 3.41568229487166e-05 3.43443934980314e-05 3.45319640473463e-05 3.47195345966611e-05 3.4907105145976e-05 3.5094672057312e-05
2.08886831387645e-05 2.08722085517365e-05 2.08557339647086e-05 2.08392593776807e-05 2.08855344681069e-05 2.11200640478637e-05 2.13545954466099e-05 2.15891250263667e-05 2.18236546061235e-05 2.20581860048696e-05 2.22927155846264e-05 2.25272451643832e-05 2.30307632591575e-05 2.36239447986009e-05 2.42171245190548e-05 2.48103042395087e-05 2.54034839599626e-05 2.59966654994059e-05 2.65898452198599e-05 2.71423959929962e-05 2.75730562862009e-05 2.8003718398395e-05 2.84343786915997e-05 2.88650408037938e-05 2.92957010969985e-05 2.97263632091926e-05 3.01570253213868e-05 3.06568363157567e-05 3.11796975438483e-05 3.17025624099188e-05 3.22254236380104e-05 3.27482885040808e-05 3.32711497321725e-05 3.37940109602641e-05 3.42426646966487e-05 3.44686886819545e-05 3.46947090292815e-05 3.49207330145873e-05 3.51467569998931e-05 3.53727773472201e-05 3.55988013325259e-05
2.06723798328312e-05 2.06365930353059e-05 2.06008044187911e-05 2.05650158022763e-05 2.06058230105555e-05 2.08764176932164e-05 2.11470141948666e-05 2.14176088775275e-05 2.16882053791778e-05 2.19588000618387e-05 2.22293947444996e-05 2.24999912461499e-05 2.3019081709208e-05 2.36210053117247e-05 2.42229270952521e-05 2.48248506977689e-05 2.54267724812962e-05 2.6028696083813e-05 2.66306178673403e-05 2.71914141194429e-05 2.76288319582818e-05 2.80662497971207e-05 2.85036676359596e-05 2.89410854747985e-05 2.93785033136373e-05 2.98159211524762e-05 3.02533389913151e-05 3.07714217342436e-05 3.1316390959546e-05 3.18613565468695e-05 3.24063257721718e-05 3.29512949974742e-05 3.34962642227765e-05 3.40412334480789e-05 3.45160769938957e-05 3.47805544151925e-05 3.50450281985104e-05 3.53095019818284e-05 3.55739794031251e-05 3.58384531864431e-05 3.61029306077398e-05
2.0456076526898e-05 2.04009756998857e-05 2.03458748728735e-05 2.02907722268719e-05 2.0326111553004e-05 2.0632771338569e-05 2.09394329431234e-05 2.12460927286884e-05 2.15527543332428e-05 2.18594141188078e-05 2.21660757233622e-05 2.24727355089271e-05 2.30074001592584e-05 2.36180658248486e-05 2.42287296714494e-05 2.48393953370396e-05 2.54500610026298e-05 2.606072666822e-05 2.66713905148208e-05 2.72404340648791e-05 2.76846076303627e-05 2.81287830148358e-05 2.85729565803194e-05 2.90171319647925e-05 2.94613055302761e-05 2.99054809147492e-05 3.03496544802329e-05 3.08860035147518e-05 3.14530807372648e-05 3.20201543217991e-05 3.25872279063333e-05 3.31543051288463e-05 3.37213787133805e-05 3.42884522979148e-05 3.47894929291215e-05 3.50924201484304e-05 3.53953473677393e-05 3.56982745870482e-05 3.60012018063571e-05 3.6304129025666e-05 -9999
