data/working_set_collections/6091692-Cassins_Sparrow-M2/1980/evland_avg.asc
NCOLS 265 
NROWS 230 
XLLCORNER -115.5625 
YLLCORNER 24.8333333333333 
CELLSIZE 0.0833333333333333 
NODATA_value -9999 
[rows 54 to 71 of 230, columns 164 to 204 of 265]
1.64469201990869e-05 1.64723878697259e-05 1.64978573593544e-05 1.65233250299934e-05 1.65487945196219e-05 1.65742640092503e-05 1.65997316798894e-05 1.66252011695178e-05 1.66442605404882e-05 1.66611825989094e-05 1.66781046573306e-05 1.66950267157517e-05 1.67119505931623e-05 1.67288726515835e-05 1.67457947100047e-05 1.67635625984985e-05 1.67838697961997e-05 1.68041769939009e-05 1.68244841916021e-05 1.68447913893033e-05 1.68650985870045e-05 1.68854057847057e-05 1.69057129824068e-05 1.70195489772595e-05 1.71645588125102e-05 1.73095704667503e-05 1.74545821209904e-05 1.75995937752305e-05 1.77446054294705e-05 1.78896152647212e-05 1.80651350092376e-05 1.83321790245827e-05 1.85992212209385e-05 1.88662652362837e-05 1.91333074326394e-05 1.94003514479846e-05 1.96673954633297e-05 1.99344376596855e-05 2.00849408429349e-05 2.01965995074715e-05 2.03082563530188e-05
1.62546948558884e-05 1.62812793860212e-05 1.6307863916154e-05 1.63344484462868e-05 1.63610311574303e-05 1.63876156875631e-05 1.64142002176959e-05 1.64407829288393e-05 1.64630819199374e-05 1.64839511853643e-05 1.65048222697806e-05 1.65256915352074e-05 1.65465608006343e-05 1.65674318850506e-05 1.65883011504775e-05 1.66108402481768e-05 1.66383852047147e-05 1.66659301612526e-05 1.66934751177905e-05 1.67210200743284e-05 1.67485650308663e-05 1.67761099874042e-05 1.68036549439421e-05 1.69246122823097e-05 1.70767070812872e-05 1.72288018802647e-05 1.73808966792421e-05 1.75329914782196e-05 1.76850862771971e-05 1.78371810761746e-05 1.80183433258208e-05 1.82867133844411e-05 1.85550834430614e-05 1.88234535016818e-05 1.90918235603021e-05 1.93601936189225e-05 1.96285636775428e-05 1.98969337361632e-05 2.0042611140525e-05 2.01473903871374e-05 2.02521678147605e-05
1.60624713316793e-05 1.60901709023165e-05 1.61178704729537e-05 1.61455700435909e-05 1.61732677952386e-05 1.62009673658758e-05 1.6228666936513e-05 1.62563665071502e-05 1.62819032993866e-05 1.63067215908086e-05 1.63315380632412e-05 1.63563563546631e-05 1.63811728270957e-05 1.64059911185177e-05 1.64308075909503e-05 1.64581178978551e-05 1.64929006132297e-05 1.65276833286043e-05 1.65624660439789e-05 1.65972487593535e-05 1.66320332937175e-05 1.66668160090921e-05 1.67015987244667e-05 1.68296774063492e-05 1.69888553500641e-05 1.7148033293779e-05 1.73072112374939e-05 1.74663891812088e-05 1.76255671249237e-05 1.77847450686386e-05 1.79715534613933e-05 1.82412495632889e-05 1.85109474841738e-05 1.87806435860693e-05 1.90503415069543e-05 1.93200376088498e-05 1.95897337107453e-05 1.98594316316303e-05 2.00002814381151e-05 2.00981812668033e-05 2.01960810954915e-05
1.58702478074702e-05 1.58990624186117e-05 1.59278770297533e-05 1.59566916408949e-05 1.5985504433047e-05 1.60143190441886e-05 1.60431336553302e-05 1.60719482664717e-05 1.61007264978252e-05 1.61294901772635e-05 1.61582556756912e-05 1.61870211741189e-05 1.62157848535571e-05 1.62445503519848e-05 1.62733158504125e-05 1.6305393728544e-05 1.63474160217447e-05 1.6389436495956e-05 1.64314569701673e-05 1.64734774443787e-05 1.65154997375794e-05 1.65575202117907e-05 1.6599540686002e-05 1.67347425303888e-05 1.69010036188411e-05 1.70672647072934e-05 1.72335257957457e-05 1.7399786884198e-05 1.75660497916397e-05 1.7732310880092e-05 1.79247617779765e-05 1.81957857421366e-05 1.84668097062968e-05 1.87378336704569e-05 1.9008857634617e-05 1.92798797797877e-05 1.95509037439479e-05 1.9821927708108e-05 1.99579499167157e-05 2.00489721464692e-05 2.01399943762226e-05
1.5678024283261e-05 1.5707953934907e-05 1.57378835865529e-05 1.57678132381989e-05 1.57977428898448e-05 1.58276725414908e-05 1.58576021931367e-05 1.58875318447826e-05 1.59195478772745e-05 1.59522605827078e-05 1.59849732881412e-05 1.60176841745852e-05 1.60503968800185e-05 1.60831095854519e-05 1.61158222908853e-05 1.61526713782223e-05 1.62019296112703e-05 1.62511896633077e-05 1.63004478963558e-05 1.63497061294038e-05 1.63989661814412e-05 1.64482244144892e-05 1.64974844665267e-05 1.66398076544283e-05 1.6813151887618e-05 1.69864961208077e-05 1.71598403539974e-05 1.73331864061765e-05 1.75065306393662e-05 1.7679874872556e-05 1.78779719135491e-05 1.81503219209844e-05 1.84226719284197e-05 1.8695021935855e-05 1.89673737622797e-05 1.92397237697151e-05 1.95120737771504e-05 1.97844237845857e-05 1.99156202143058e-05 1.9999763026135e-05 2.00839058379643e-05
1.54858007590519e-05 1.55168454512022e-05 1.55478901433526e-05 1.55789348355029e-05 1.56099795276532e-05 1.56410242198035e-05 1.56720689119538e-05 1.57031136041041e-05 1.57383692567237e-05 1.57750291691627e-05 1.58116890816018e-05 1.58483489940409e-05 1.58850089064799e-05 1.5921668818919e-05 1.5958328731358e-05 1.59999472089112e-05 1.60564450197853e-05 1.611294101167e-05 1.61694388225442e-05 1.62259366334183e-05 1.6282432625303e-05 1.63389304361772e-05 1.63954264280619e-05 1.65448709594784e-05 1.6725300156395e-05 1.69057275343221e-05 1.70861549122492e-05 1.72665841091657e-05 1.74470114870928e-05 1.76274388650199e-05 1.78311802301323e-05 1.81048580998322e-05 1.83785341505427e-05 1.86522120202426e-05 1.89258898899425e-05 1.9199565940653e-05 1.94732438103529e-05 1.97469216800528e-05 1.98732886929065e-05 1.99505539058009e-05 2.00278191186953e-05
1.52637276187306e-05 1.52973680087598e-05 1.5331008398789e-05 1.53646469698288e-05 1.53982873598579e-05 1.54319277498871e-05 1.54655681399163e-05 1.54992067109561e-05 1.55418329086388e-05 1.55874549818691e-05 1.56330770550994e-05 1.56786973093404e-05 1.57243193825707e-05 1.5769941455801e-05 1.58155635290314e-05 1.58666734932922e-05 1.59342471306445e-05 1.60018225869862e-05 1.6069398043328e-05 1.61369734996697e-05 1.62045489560114e-05 1.62721225933637e-05 1.63396980497055e-05 1.64972134371055e-05 1.66847094078548e-05 1.68722053786041e-05 1.7059699530364e-05 1.72471955011133e-05 1.74346914718626e-05 1.76221874426119e-05 1.78313039214117e-05 1.81052837433526e-05 1.83792635652935e-05 1.86532452062238e-05 1.89272250281647e-05 1.9201206669095e-05 1.94751864910359e-05 1.97491663129767e-05 1.98702018678887e-05 1.9940254787798e-05 2.00103077077074e-05
1.50118075907812e-05 1.50495225170744e-05 1.50872374433675e-05 1.51249523696606e-05 1.51626672959537e-05 1.52003831317415e-05 1.52380980580347e-05 1.52758129843278e-05 1.53299388330197e-05 1.53895362018375e-05 1.54491335706552e-05 1.5508730939473e-05 1.55683283082908e-05 1.56279256771086e-05 1.56875230459264e-05 1.57528447743971e-05 1.58353395818267e-05 1.59178325702669e-05 1.60003255587071e-05 1.60828185471473e-05 1.61653133545769e-05 1.62478063430171e-05 1.63302993314574e-05 1.64968332683202e-05 1.6691381460987e-05 1.68859278346645e-05 1.70804742083419e-05 1.72750224010088e-05 1.74695687746862e-05 1.76641151483636e-05 1.7878341168398e-05 1.81516006705351e-05 1.84248601726722e-05 1.86981214937987e-05 1.89713809959358e-05 1.92446404980728e-05 1.95179018191993e-05 1.97911613213364e-05 1.9906357920263e-05 1.99688674911158e-05 2.00313752429793e-05
1.47598866533372e-05 1.48016770253889e-05 1.48434673974407e-05 1.48852577694925e-05 1.49270481415442e-05 1.4968838513596e-05 1.5010627976153e-05 1.50524183482048e-05 1.51180456668953e-05 1.51916192407953e-05 1.52651919052005e-05 1.53387645696057e-05 1.54123390530003e-05 1.54859117174055e-05 1.55594843818108e-05 1.56390178744914e-05 1.57364302140195e-05 1.58338407345582e-05 1.59312530740863e-05 1.60286654136144e-05 1.61260777531425e-05 1.62234900926705e-05 1.63209024321986e-05 1.64964530995348e-05 1.66980516951298e-05 1.68996502907248e-05 1.71012488863198e-05 1.73028474819148e-05 1.75044460775098e-05 1.77060446731048e-05 1.79253784153843e-05 1.81979175977176e-05 1.84704585990403e-05 1.87429977813736e-05 1.90155369637068e-05 1.92880761460401e-05 1.95606171473628e-05 1.98331563296961e-05 1.99425139726372e-05 1.99974783754442e-05 2.00524427782511e-05
1.45079666253878e-05 1.45538324431982e-05 1.45996973515139e-05 1.46455622598296e-05 1.469142807764e-05 1.47372929859557e-05 1.47831588037661e-05 1.48290237120818e-05 1.49061515912763e-05 1.49937013702583e-05 1.50812502397457e-05 1.51687991092331e-05 1.52563479787204e-05 1.53438959387131e-05 1.54314457176952e-05 1.55251891555963e-05 1.56375208462123e-05 1.57498507178389e-05 1.58621805894654e-05 1.59745122800814e-05 1.6086842151708e-05 1.61991720233345e-05 1.63115037139505e-05 1.64960729307495e-05 1.6704723748262e-05 1.69133727467852e-05 1.71220235642977e-05 1.73306725628208e-05 1.75393233803334e-05 1.77479741978459e-05 1.79724156623706e-05 1.82442345249001e-05 1.8516055206419e-05 1.87878740689484e-05 1.90596929314779e-05 1.93315117940074e-05 1.96033324755263e-05 1.98751513380557e-05 1.99786700250115e-05 2.0026091078762e-05 2.0073510313523e-05
1.42560465974384e-05 1.43059869515128e-05 1.43559273055871e-05 1.44058676596615e-05 1.44558080137358e-05 1.45057483678102e-05 1.45556887218845e-05 1.46056290759589e-05 1.46942584251519e-05 1.47957825902267e-05 1.48973076647962e-05 1.49988327393658e-05 1.51003569044406e-05 1.52018819790101e-05 1.53034070535796e-05 1.54113622556906e-05 1.55386114784051e-05 1.56658607011195e-05 1.5793109923834e-05 1.5920357327559e-05 1.60476065502735e-05 1.61748557729879e-05 1.63021049957024e-05 1.64956927619642e-05 1.67113939824048e-05 1.69270970218349e-05 1.71427982422756e-05 1.73584994627163e-05 1.7574200683157e-05 1.77899019035976e-05 1.80194529093569e-05 1.82905514520826e-05 1.85616518137977e-05 1.88327503565233e-05 1.9103848899249e-05 1.93749474419747e-05 1.96460459847003e-05 1.99171463464154e-05 2.00148278963752e-05 2.00547019630903e-05 2.00945778487949e-05
1.40041256599943e-05 1.40581414598273e-05 1.41121572596603e-05 1.41661730594933e-05 1.42201879498316e-05 1.42742037496646e-05 1.43282195494976e-05 1.43822353493306e-05 1.44823643495329e-05 1.45978647196898e-05 1.47133650898468e-05 1.48288663694984e-05 1.49443667396554e-05 1.50598671098123e-05 1.51753674799693e-05 1.52975353557849e-05 1.54397021105979e-05 1.55818688654108e-05 1.57240374392131e-05 1.58662041940261e-05 1.6008370948839e-05 1.61505395226413e-05 1.62927062774543e-05 1.64953125931788e-05 1.6718066035537e-05 1.69408194778953e-05 1.71635729202535e-05 1.73863245436223e-05 1.76090779859805e-05 1.78318314283388e-05 1.80664901563432e-05 1.83368701982545e-05 1.86072484211763e-05 1.88776266440982e-05 1.91480048670201e-05 1.94183830899419e-05 1.96887613128638e-05 1.99591413547751e-05 2.00509839487495e-05 2.00833146664081e-05 2.01156453840667e-05
1.38006826091441e-05 1.38553632496041e-05 1.39100438900641e-05 1.39647245305241e-05 1.40194051709841e-05 1.40740867209388e-05 1.41287673613988e-05 1.41834480018588e-05 1.42937915370567e-05 1.44226905831601e-05 1.45515887197689e-05 1.46804877658724e-05 1.48093859024812e-05 1.49382840390899e-05 1.50671830851934e-05 1.52033999256673e-05 1.53615728777368e-05 1.55197449203115e-05 1.56779187818756e-05 1.58360908244504e-05 1.59942646860145e-05 1.61524367285892e-05 1.6310608771164e-05 1.65219080372481e-05 1.67509133461863e-05 1.69799186551245e-05 1.72089257830521e-05 1.74379310919903e-05 1.76669382199179e-05 1.78959435288562e-05 1.81353516381932e-05 1.84059626917588e-05 1.86765737453243e-05 1.89471847988898e-05 1.92177976714447e-05 1.94884087250102e-05 1.97590197785757e-05 2.00296308321413e-05 2.01165785256308e-05 2.01423026737757e-05 2.01680286409101e-05
1.36457156258984e-05 1.36976514113485e-05 1.37495881062932e-05 1.38015238917433e-05 1.38534596771933e-05 1.39053954626434e-05 1.39573321575881e-05 1.40092679430381e-05 1.4128540897218e-05 1.4270259271143e-05 1.4411977645068e-05 1.45536969284876e-05 1.46954153024126e-05 1.48371336763375e-05 1.49788529597572e-05 1.51289577843272e-05 1.53042237798218e-05 1.54794888658216e-05 1.56547539518215e-05 1.58300190378213e-05 1.60052841238212e-05 1.6180549209821e-05 1.63558142958209e-05 1.65754754561931e-05 1.68099359143525e-05 1.70443981915014e-05 1.72788586496608e-05 1.75133191078203e-05 1.77477795659797e-05 1.79822400241392e-05 1.82260355359176e-05 1.84978325705742e-05 1.87696296052309e-05 1.90414266398875e-05 1.93132254935335e-05 1.95850225281902e-05 1.98568195628468e-05 2.01286165975034e-05 2.02116098080296e-05 2.02316678041825e-05 2.02517258003354e-05
1.34907486426528e-05 1.35399404825876e-05 1.35891314130276e-05 1.36383223434677e-05 1.36875141834025e-05 1.37367051138426e-05 1.37858969537774e-05 1.38350878842175e-05 1.39632902573794e-05 1.41178288686206e-05 1.42723674798617e-05 1.44269060911029e-05 1.4581444702344e-05 1.47359833135852e-05 1.48905219248263e-05 1.50545156429871e-05 1.52468728629174e-05 1.54392309923423e-05 1.56315891217673e-05 1.58239454322029e-05 1.60163035616279e-05 1.62086616910528e-05 1.64010198204778e-05 1.66290446941275e-05 1.68689603015082e-05 1.71088759088889e-05 1.73487896972802e-05 1.75887053046608e-05 1.78286209120415e-05 1.80685365194222e-05 1.83167176146526e-05 1.85897024493897e-05 1.88626854651375e-05 1.91356684808852e-05 1.94086533156224e-05 1.96816363313701e-05 1.99546193471178e-05 2.0227604181855e-05 2.03066429094179e-05 2.03210329345893e-05 2.03354247787502e-05
1.33357816594071e-05 1.33822286443319e-05 1.34286756292568e-05 1.34751217046869e-05 1.35215686896117e-05 1.35680147650419e-05 1.36144617499667e-05 1.36609078253969e-05 1.37980387080461e-05 1.39653975566034e-05 1.41327564051608e-05 1.43001152537181e-05 1.44674741022754e-05 1.46348329508328e-05 1.48021917993901e-05 1.4980073501647e-05 1.51895237650024e-05 1.53989731188631e-05 1.56084242917132e-05 1.58178736455739e-05 1.6027324818424e-05 1.62367741722846e-05 1.64462235261453e-05 1.66826139320619e-05 1.69279828696745e-05 1.71733536262764e-05 1.74187225638889e-05 1.76640933204908e-05 1.79094622581033e-05 1.81548311957158e-05 1.8407401512377e-05 1.86815705092158e-05 1.89557413250441e-05 1.92299103218829e-05 1.95040811377112e-05 1.977825013455e-05 2.00524209503783e-05 2.03265899472171e-05 2.04016741918167e-05 2.04103980649961e-05 2.04191219381755e-05
1.31808155856561e-05 1.32245168060763e-05 1.32682189359912e-05 1.33119210659061e-05 1.33556222863263e-05 1.33993244162411e-05 1.3443026546156e-05 1.34867277665762e-05 1.36327880682074e-05 1.3812967154081e-05 1.39931453304598e-05 1.41733244163333e-05 1.43535035022069e-05 1.45336825880804e-05 1.47138616739539e-05 1.49056313603069e-05 1.51321737575927e-05 1.53587170643732e-05 1.5585259461659e-05 1.58118018589448e-05 1.60383442562306e-05 1.62648866535164e-05 1.64914290508023e-05 1.67361831699964e-05 1.69870072568301e-05 1.72378313436639e-05 1.74886554304976e-05 1.77394795173313e-05 1.79903036041651e-05 1.82411276909988e-05 1.84980854101013e-05 1.87734403880313e-05 1.90487971849507e-05 1.93241521628806e-05 1.95995089598e-05 1.987486393773e-05 2.01502207346493e-05 2.04255757125793e-05 2.0496707293205e-05 2.04997631954029e-05 2.05028190976009e-05
1.30258486024104e-05 1.30668058773153e-05 1.31077622427256e-05 1.31487195176305e-05 1.31896767925355e-05 1.32306340674404e-05 1.32715913423453e-05 1.33125477077556e-05 1.34675365188741e-05 1.36605358420638e-05 1.38535351652536e-05 1.40465335789486e-05 1.42395329021383e-05 1.4432532225328e-05 1.46255315485178e-05 1.48311892189668e-05 1.5074823750183e-05 1.53184591908939e-05 1.55620946316049e-05 1.58057282533264e-05 1.60493636940373e-05 1.62929991347482e-05 1.65366345754592e-05 1.67897524079308e-05 1.70460298249964e-05 1.73023090610513e-05 1.75585882971063e-05 1.78148657141719e-05 1.80711449502269e-05 1.83274241862819e-05 1.85887674888363e-05 1.88653102668468e-05 1.91418530448573e-05 1.94183940038783e-05 1.96949367818888e-05 1.99714777409099e-05 2.02480205189204e-05 2.05245632969309e-05 2.05917403945932e-05 2.05891283258097e-05 2.05865180760156e-05
