data/working_set_collections/6091692-Cassins_Sparrow-M2/1980/evpintr_avg.asc
NCOLS 265 
NROWS 230 
XLLCORNER -115.5625 
YLLCORNER 24.8333333333333 
CELLSIZE 0.0833333333333333 
NODATA_value -9999 
[rows 80 to 99 of 230, columns 0 to 45 of 265]
1.15869808197021 1.20535111427307 1.25200426578522 1.29865741729736 1.34531044960022 1.39196360111237 1.43861675262451 1.51562857627869 1.60275995731354 1.68989133834839 1.77702271938324 1.86415410041809 1.95128548145294 2.03841686248779 2.12392473220825 2.20456194877625 2.28519940376282 2.36583662033081 2.4464738368988 2.52711129188538 2.60774850845337 2.68838596343994 2.81222009658813 2.95045328140259 3.08868646621704 3.22691965103149 3.36515283584595 3.50338578224182 3.64161896705627 3.77300953865051 3.88387227058411 3.9947350025177 4.10559749603271 4.21646022796631 4.3273229598999 4.4381856918335 4.54904842376709 4.40562868118286 4.17744827270508 3.94926810264587 3.72108769416809 3.49290752410889 3.2647271156311 3.0365469455719 2.832026720047 2.69848680496216
1.11298334598541 1.15282022953033 1.19265711307526 1.23249399662018 1.2723308801651 1.31216788291931 1.35200476646423 1.42014491558075 1.49771964550018 1.57529437541962 1.65286898612976 1.73044371604919 1.80801832675934 1.88559305667877 1.96516835689545 2.05074524879456 2.13632225990295 2.22189927101135 2.30747628211975 2.39305329322815 2.47863030433655 2.56420731544495 2.69218158721924 2.83428859710693 2.97639536857605 3.11850214004517 3.26060891151428 3.4027156829834 3.54482245445251 3.67896556854248 3.78921723365784 3.89946913719177 4.00972080230713 4.11997270584106 4.23022413253784 4.34047603607178 4.45072793960571 4.30652236938477 4.07749843597412 3.84847402572632 3.6194498538971 3.39042544364929 3.16140127182007 2.93237709999084 2.72883057594299 2.60171747207642
1.0672687292099 1.1002893447876 1.13331007957458 1.16633069515228 1.19935142993927 1.23237204551697 1.26539278030396 1.3246613740921 1.39267933368683 1.46069741249084 1.52871537208557 1.5967333316803 1.66475129127502 1.73276925086975 1.80641198158264 1.89692866802216 1.98744535446167 2.07796192169189 2.1684787273407 2.2589955329895 2.34951210021973 2.44002890586853 2.57214331626892 2.7181236743927 2.86410427093506 3.01008462905884 3.15606498718262 3.30204558372498 3.44802594184875 3.58492159843445 3.69456243515015 3.80420327186584 3.91384410858154 4.02348470687866 4.13312578201294 4.24276638031006 4.35240745544434 4.20741653442383 3.97754812240601 3.74767994880676 3.51781177520752 3.28794360160828 3.05807518959045 2.82820701599121 2.62563443183899 2.50494790077209
1.0215539932251 1.04775846004486 1.07396292686462 1.10016739368439 1.12637186050415 1.15257632732391 1.17878079414368 1.22917783260345 1.28763914108276 1.34610033035278 1.40456163883209 1.4630229473114 1.52148425579071 1.57994556427002 1.64765560626984 1.74311196804047 1.8385683298111 1.93402469158173 2.02948117256165 2.12493753433228 2.22039389610291 2.31585025787354 2.4521050453186 2.60195899009705 2.75181317329407 2.90166711807251 3.05152130126953 3.20137548446655 3.351229429245 3.49087738990784 3.59990739822388 3.70893740653992 3.81796717643738 3.92699718475342 4.03602695465088 4.14505672454834 4.25408697128296 4.10831022262573 3.87759804725647 3.64688587188721 3.41617369651794 3.18546152114868 2.95474934577942 2.72403717041016 2.52243804931641 2.40817832946777
0.982851266860962 1.00377535820007 1.02469956874847 1.04562366008759 1.0665477514267 1.0874719619751 1.10839605331421 1.15204012393951 1.20325744152069 1.25447475910187 1.30569207668304 1.35690939426422 1.4081267118454 1.45934402942657 1.5223982334137 1.62096333503723 1.71952843666077 1.81809341907501 1.91665852069855 2.01522350311279 2.11378860473633 2.21235370635986 2.34983801841736 2.50029540061951 2.65075278282166 2.8012101650238 2.95166778564453 3.10212516784668 3.25258255004883 3.39274406433105 3.50201749801636 3.61129117012024 3.72056460380554 3.82983827590942 3.93911194801331 4.04838562011719 4.15765905380249 4.01340389251709 3.78463888168335 3.55587410926819 3.32710933685303 3.09834432601929 2.86957955360413 2.64081478118896 2.44218492507935 2.33395957946777
0.951160550117493 0.968340218067169 0.985519886016846 1.00269961357117 1.01987934112549 1.03705894947052 1.05423867702484 1.09324812889099 1.13953423500061 1.18582034111023 1.23210644721985 1.27839255332947 1.32467877864838 1.370964884758 1.4306401014328 1.53048276901245 1.63032555580139 1.73016822338104 1.83001089096069 1.92985367774963 2.02969646453857 2.12953901290894 2.26534247398376 2.41313290596008 2.5609233379364 2.70871376991272 2.85650420188904 3.00429463386536 3.15208506584167 3.29052090644836 3.40089273452759 3.51126456260681 3.62163639068604 3.73200821876526 3.84238028526306 3.95275211334229 4.06312370300293 3.92269706726074 3.69867086410522 3.47464466094971 3.25061845779419 3.02659225463867 2.80256605148315 2.57853984832764 2.38487434387207 2.28229141235352
0.919469833374023 0.932905077934265 0.946340322494507 0.959775567054749 0.973210752010345 0.986645996570587 1.00008130073547 1.03445625305176 1.07581114768982 1.11716604232788 1.15852093696594 1.199875831604 1.24123072624207 1.28258562088013 1.33888185024261 1.44000232219696 1.54112267494202 1.64224302768707 1.74336338043213 1.84448373317719 1.94560408592224 2.04672431945801 2.18084716796875 2.32597064971924 2.47109389305115 2.61621737480164 2.76134085655212 2.90646433830261 3.0515878200531 3.18829774856567 3.29976797103882 3.41123819351196 3.52270817756653 3.63417840003967 3.74564862251282 3.85711860656738 3.96858882904053 3.83199048042297 3.6127028465271 3.39341521263123 3.17412757873535 2.95483994483948 2.7355523109436 2.51626467704773 2.3275637626648 2.23062324523926
0.887779057025909 0.897469878196716 0.907160699367523 0.916851460933685 0.926542282104492 0.936233043670654 0.945923864841461 0.97566431760788 1.01208806037903 1.04851174354553 1.08493542671204 1.12135910987854 1.15778279304504 1.19420647621155 1.24712371826172 1.34952175617218 1.45191967487335 1.55431771278381 1.65671575069427 1.75911378860474 1.86151170730591 1.96390974521637 2.09635162353516 2.23880815505981 2.38126444816589 2.52372097969055 2.66617751121521 2.80863380432129 2.95109033584595 3.08607482910156 3.19864320755005 3.31121158599854 3.42377996444702 3.53634834289551 3.64891695976257 3.76148533821106 3.87405371665955 3.7412838935852 3.52673482894897 3.31218600273132 3.09763693809509 2.88308787345886 2.66853880882263 2.4539897441864 2.2702534198761 2.178955078125
0.85608834028244 0.862034738063812 0.86798107624054 0.873927414417267 0.879873752593994 0.885820090770721 0.891766488552094 0.916872441768646 0.948364913463593 0.979857385158539 1.01134979724884 1.04284226894379 1.07433474063873 1.10582721233368 1.15536546707153 1.2590411901474 1.36271679401398 1.46639251708984 1.57006812095642 1.67374384403229 1.77741944789886 1.88109517097473 2.01185607910156 2.15164566040039 2.29143500328064 2.43122458457947 2.57101392745972 2.71080350875854 2.85059309005737 2.98385167121887 3.09751844406128 3.21118521690369 3.32485175132751 3.43851852416992 3.55218529701233 3.66585183143616 3.77951860427856 3.65057730674744 3.44076704978943 3.23095655441284 3.02114605903625 2.81133556365967 2.60152506828308 2.39171481132507 2.21294283866882 2.12728691101074
0.824397623538971 0.826599538326263 0.828801453113556 0.831003367900848 0.833205282688141 0.835407137870789 0.837609052658081 0.858080506324768 0.884641766548157 0.911203026771545 0.937764286994934 0.964325547218323 0.990886807441711 1.0174480676651 1.06360733509064 1.16856062412262 1.2735139131546 1.37846720218658 1.48342061042786 1.58837389945984 1.69332718849182 1.7982804775238 1.92736065387726 2.06448316574097 2.20160555839539 2.33872818946838 2.4758505821228 2.6129732131958 2.75009560585022 2.88162875175476 2.99639368057251 3.11115860939026 3.22592353820801 3.34068846702576 3.45545363426208 3.57021856307983 3.68498349189758 3.55987071990967 3.3547990322113 3.14972710609436 2.94465517997742 2.73958349227905 2.53451156616211 2.32943964004517 2.15563249588013 2.07561874389648
0.798257350921631 0.799421012401581 0.800584673881531 0.801748275756836 0.802911937236786 0.804075598716736 0.805239200592041 0.824483811855316 0.849755346775055 0.875026941299438 0.900298535823822 0.925570070743561 0.950841665267944 0.976113259792328 1.02124536037445 1.12595915794373 1.230672955513 1.33538663387299 1.44010043144226 1.54481422901154 1.64952790737152 1.7542417049408 1.88097071647644 2.01503825187683 2.14910578727722 2.28317332267761 2.41724061965942 2.55130815505981 2.6853756904602 2.81445002555847 2.9285454750061 3.04264092445374 3.15673637390137 3.270831823349 3.38492727279663 3.49902272224426 3.61311817169189 3.49774765968323 3.30588865280151 3.11402988433838 2.92217087745667 2.73031187057495 2.53845286369324 2.34659385681152 2.1835458278656 2.10693001747131
0.777667582035065 0.780499160289764 0.783330678939819 0.786162257194519 0.788993775844574 0.791825354099274 0.794656872749329 0.816082298755646 0.843705713748932 0.871329128742218 0.898952543735504 0.92657595872879 0.954199373722076 0.981822788715363 1.02827966213226 1.13123667240143 1.23419368267059 1.33715069293976 1.44010770320892 1.54306483268738 1.64602184295654 1.74897885322571 1.8726863861084 2.00331091880798 2.13393521308899 2.26455974578857 2.39518427848816 2.52580857276917 2.65643310546875 2.78231596946716 2.89397406578064 3.00563216209412 3.11729025840759 3.22894835472107 3.34060645103455 3.45226454734802 3.5639226436615 3.46420812606812 3.29403638839722 3.12386465072632 2.95369267463684 2.78352093696594 2.61334919929504 2.44317722320557 2.29668283462524 2.22122049331665
0.757077813148499 0.761577308177948 0.766076743602753 0.770576179027557 0.775075614452362 0.779575109481812 0.784074544906616 0.80768084526062 0.837656080722809 0.867631375789642 0.897606611251831 0.92758184671402 0.957557141780853 0.987532377243042 1.03531384468079 1.13651418685913 1.23771452903748 1.33891475200653 1.44011509418488 1.54131531715393 1.64251565933228 1.74371600151062 1.86440205574036 1.99158346652985 2.11876487731934 2.24594640731812 2.37312769889832 2.50030922889709 2.6274905204773 2.75018191337585 2.85940265655518 2.96862316131592 3.07784390449524 3.18706464767456 3.29628539085388 3.4055061340332 3.51472687721252 3.430668592453 3.28218388557434 3.13369941711426 2.9852147102356 2.83673000335693 2.68824529647827 2.53976058959961 2.40981984138489 2.33551073074341
0.736488044261932 0.742655396461487 0.748822748661041 0.75499016046524 0.761157512664795 0.767324864864349 0.773492217063904 0.799279391765594 0.831606447696686 0.863933563232422 0.896260678768158 0.928587734699249 0.960914850234985 0.993241906166077 1.0423481464386 1.14179170131683 1.24123525619507 1.3406788110733 1.44012236595154 1.53956592082977 1.63900947570801 1.73845314979553 1.85611772537231 1.979856133461 2.10359454154968 2.22733283042908 2.35107135772705 2.47480964660645 2.59854793548584 2.71804761886597 2.82483100891113 2.9316143989563 3.03839778900146 3.14518117904663 3.2519645690918 3.35874795913696 3.46553134918213 3.39712905883789 3.27033162117004 3.1435341835022 3.01673650741577 2.88993906974792 2.76314163208008 2.63634395599365 2.52295708656311 2.44980120658875
0.715898275375366 0.72373354434967 0.731568813323975 0.739404082298279 0.747239351272583 0.755074620246887 0.762909889221191 0.790877878665924 0.825556814670563 0.860235750675201 0.89491468667984 0.929593622684479 0.964272558689117 0.998951494693756 1.04938244819641 1.14706921577454 1.24475610256195 1.34244287014008 1.44012975692749 1.53781652450562 1.63550341129303 1.73319017887115 1.84783339500427 1.96812880039215 2.08842420578003 2.20871949195862 2.32901477813721 2.4493100643158 2.56960558891296 2.68591356277466 2.79025959968567 2.89460563659668 2.99895167350769 3.1032977104187 3.20764374732971 3.31198978424072 3.41633582115173 3.36358952522278 3.25847911834717 3.15336871147156 3.04825854301453 2.94314813613892 2.83803772926331 2.73292756080627 2.63609409332275 2.56409168243408
0.6953085064888 0.704811692237854 0.714314877986908 0.723818004131317 0.733321189880371 0.742824375629425 0.752327561378479 0.782476425170898 0.81950718164444 0.856537938117981 0.893568754196167 0.930599510669708 0.96763026714325 1.00466108322144 1.05641663074493 1.15234673023224 1.24827682971954 1.34420692920685 1.44013702869415 1.53606712818146 1.63199722766876 1.72792732715607 1.83954906463623 1.9564014673233 2.0732536315918 2.19010591506958 2.30695843696594 2.42381072044373 2.54066300392151 2.65377926826477 2.75568795204163 2.85759663581848 2.95950531959534 3.06141400337219 3.16332268714905 3.2652313709259 3.36714005470276 3.33004999160767 3.24662685394287 3.1632034778595 3.0797803401947 2.99635720252991 2.91293406486511 2.82951092720032 2.7492311000824 2.67838215827942
0.679945111274719 0.69111704826355 0.70228898525238 0.713460981845856 0.724632918834686 0.735804855823517 0.746976792812347 0.778994858264923 0.817961633205414 0.856928408145905 0.895895183086395 0.934861898422241 0.973828673362732 1.01279544830322 1.06577396392822 1.16078782081604 1.25580167770386 1.35081553459167 1.4458292722702 1.54084312915802 1.63585698604584 1.73087084293365 1.83961951732635 1.95294654369354 2.06627345085144 2.17960047721863 2.29292750358582 2.406254529953 2.51958155632019 2.62973022460938 2.73034381866455 2.83095741271973 2.9315710067749 3.03218483924866 3.13279843330383 3.23341202735901 3.33402562141418 3.31193065643311 3.24893236160278 3.18593430519104 3.1229362487793 3.05993819236755 2.99694013595581 2.93394184112549 2.86956357955933 2.80104446411133
0.669808089733124 0.682649672031403 0.695491254329681 0.708332896232605 0.721174478530884 0.734016060829163 0.746857643127441 0.780433237552643 0.820920169353485 0.861407041549683 0.901893973350525 0.942380845546722 0.982867777347565 1.02335464954376 1.07745432853699 1.17239236831665 1.26733040809631 1.36226844787598 1.45720648765564 1.5521445274353 1.64708256721497 1.74202060699463 1.84804475307465 1.95776414871216 2.06748342514038 2.17720293998718 2.28692245483398 2.39664173126221 2.50636124610901 2.61376595497131 2.71422696113586 2.81468772888184 2.91514873504639 3.01560974121094 3.11607050895691 3.21653151512146 3.31699252128601 3.30923128128052 3.26539635658264 3.22156119346619 3.17772603034973 3.13389086723328 3.0900559425354 3.04622077941895 2.99709129333496 2.93207859992981
0.659671008586884 0.674182295799255 0.688693523406982 0.70320475101471 0.717716038227081 0.732227265834808 0.746738493442535 0.781871616840363 0.823878645896912 0.865885734558105 0.907892763614655 0.949899792671204 0.991906881332397 1.0339138507843 1.08913469314575 1.18399703502655 1.27885925769806 1.37372148036957 1.46858370304108 1.56344604492188 1.65830826759338 1.75317049026489 1.85646986961365 1.96258175373077 2.0686936378479 2.17480540275574 2.28091716766357 2.38702893257141 2.49314069747925 2.59780168533325 2.6981098651886 2.79841804504395 2.89872622489929 2.99903440475464 3.09934282302856 3.19965100288391 3.29995918273926 3.30653214454651 3.28186011314392 3.25718784332275 3.23251581192017 3.20784378051758 3.18317174911499 3.1584997177124 3.1246190071106 3.06311297416687
0.649533987045288 0.665714919567108 0.681895792484283 0.698076665401459 0.714257597923279 0.730438470840454 0.746619343757629 0.783309996128082 0.826837182044983 0.870364367961884 0.913891553878784 0.957418739795685 1.00094592571259 1.04447317123413 1.10081517696381 1.19560158252716 1.2903881072998 1.38517451286316 1.47996091842651 1.57474744319916 1.66953384876251 1.76432037353516 1.86489510536194 1.96739935874939 2.06990361213684 2.17240786552429 2.27491211891174 2.37741613388062 2.47992038726807 2.58183741569519 2.68199300765991 2.78214836120605 2.88230395317078 2.98245930671692 3.08261489868164 3.18277025222778 3.2829258441925 3.30383276939392 3.2983238697052 3.2928147315979 3.2873055934906 3.28179669380188 3.27628755569458 3.27077841758728 3.25214672088623 3.19414710998535
