data/working_set_collections/6091692-Cassins_Sparrow-M2/1980/evpintr_avg.asc
NCOLS 265 
NROWS 230 
XLLCORNER -115.5625 
YLLCORNER 24.8333333333333 
CELLSIZE 0.0833333333333333 
NODATA_value -9999 
[rows 60 to 79 of 230, columns 92 to 137 of 265]
5.62777042388916 5.8131537437439 5.99853754043579 6.18392086029053 6.36930465698242 6.3498945236206 6.26221990585327 6.1745457649231 6.08687114715576 5.99919652938843 5.91152191162109 5.82384729385376 5.75775718688965 5.75641918182373 5.75508117675781 5.7537431716919 5.75240516662598 5.75106716156006 5.74972915649414 5.74839115142822 5.77821207046509 5.81841850280762 5.85862493515015 5.89883184432983 5.93903827667236 5.97924518585205 6.01945161819458 6.01367807388306 5.86996459960938 5.72625064849854 5.58253717422485 5.43882322311401 5.29510974884033 5.15139579772949 5.00768232345581 4.84549951553345 4.67716026306152 4.50882148742676 4.34048223495483 4.17214298248291 4.00380420684814 3.83546495437622 3.6864070892334 3.59519290924072 3.50397896766663 3.41276478767395
5.73327302932739 5.91251420974731 6.0917558670044 6.27099704742432 6.4502387046814 6.42334890365601 6.32774829864502 6.23214817047119 6.1365475654602 6.04094743728638 5.94534683227539 5.84974670410156 5.77377080917358 5.75666952133179 5.73956823348999 5.72246646881104 5.70536518096924 5.68826389312744 5.67116212844849 5.65406084060669 5.67765712738037 5.71481895446777 5.75198125839233 5.78914308547974 5.8263053894043 5.8634672164917 5.90062952041626 5.89384460449219 5.75521898269653 5.61659336090088 5.47796773910522 5.33934164047241 5.20071601867676 5.0620903968811 4.92346477508545 4.76484537124634 4.59956073760986 4.43427658081055 4.26899242401123 4.10370779037476 3.93842363357544 3.77313947677612 3.62626457214355 3.53461861610413 3.44297242164612 3.35132646560669
5.83877515792847 6.01187467575073 6.184974193573 6.3580732345581 6.53117275238037 6.49680280685425 6.39327669143677 6.28975057601929 6.18622446060181 6.08269834518433 5.97917175292969 5.87564563751221 5.78978490829468 5.75691986083984 5.72405481338501 5.69119024276733 5.6583251953125 5.62546014785767 5.59259510040283 5.55973052978516 5.57710218429565 5.61121988296509 5.64533710479736 5.6794548034668 5.71357202529907 5.74768972396851 5.78180694580078 5.77401065826416 5.64047336578369 5.50693559646606 5.37339782714844 5.23986053466797 5.10632276535034 4.97278499603271 4.83924770355225 4.68419122695923 4.52196168899536 4.35973215103149 4.19750261306763 4.03527307510376 3.87304329872131 3.71081376075745 3.56612205505371 3.47404408454895 3.38196587562561 3.28988790512085
5.9442777633667 6.11123514175415 6.2781925201416 6.4451494216919 6.61210680007935 6.57025718688965 6.45880508422852 6.34735298156738 6.23590087890625 6.12444877624512 6.01299667358398 5.90154504776001 5.80579853057861 5.7571702003479 5.70854187011719 5.65991353988647 5.61128520965576 5.56265687942505 5.51402807235718 5.46539974212646 5.47654724121094 5.50762033462524 5.53869342803955 5.5697660446167 5.60083913803101 5.63191175460815 5.66298484802246 5.65417718887329 5.52572774887085 5.39727783203125 5.26882839202881 5.14037895202637 5.01192951202393 4.88347959518433 4.75503015518188 4.60353660583496 4.4443621635437 4.28518724441528 4.12601232528687 3.96683788299561 3.80766296386719 3.64848828315735 3.50597977638245 3.41346955299377 3.32095956802368 3.22844934463501
6.04978036880493 6.21059560775757 6.3714108467102 6.53222560882568 6.69304084777832 6.64371156692505 6.52433347702026 6.40495538711548 6.28557777404785 6.16619968414307 6.04682207107544 5.92744398117065 5.82181262969971 5.75742053985596 5.69302892684937 5.62863683700562 5.56424522399902 5.49985313415527 5.43546104431152 5.37106943130493 5.37599277496338 5.4040207862854 5.43204927444458 5.46007776260376 5.48810577392578 5.51613426208496 5.54416275024414 5.53434371948242 5.41098213195801 5.28762054443359 5.16425895690918 5.04089736938477 4.91753578186035 4.79417419433594 4.67081260681152 4.52288246154785 4.36676263809204 4.21064281463623 4.05452251434326 3.89840269088745 3.74228262901306 3.58616280555725 3.4458372592926 3.35289525985718 3.25995302200317 3.16701078414917
6.15528297424316 6.30995607376099 6.46462917327881 6.61930179595947 6.7739748954773 6.71716547012329 6.58986186981201 6.46255826950073 6.3352541923523 6.20795059204102 6.08064699172974 5.9533429145813 5.83782625198364 5.75767087936401 5.67751550674438 5.59736013412476 5.51720476150513 5.4370493888855 5.35689401626587 5.27673864364624 5.27543783187866 5.30042171478271 5.32540559768677 5.35038900375366 5.37537288665771 5.40035676956177 5.42534017562866 5.41450977325439 5.29623651504517 5.17796277999878 5.05968952178955 4.94141578674316 4.82314252853394 4.70486879348755 4.58659553527832 4.44222831726074 4.28916311264038 4.13609790802002 3.98303270339966 3.8299674987793 3.67690253257751 3.52383732795715 3.38569474220276 3.292320728302 3.19894647598267 3.10557246208191
6.27921915054321 6.42188739776611 6.56455612182617 6.70722436904907 6.84989309310913 6.7855863571167 6.65228796005249 6.51898956298828 6.38569116592407 6.25239276885986 6.11909437179565 5.98579597473145 5.86439323425293 5.77867841720581 5.69296360015869 5.60724830627441 5.5215334892273 5.43581867218018 5.35010385513306 5.26438856124878 5.25635814666748 5.2742223739624 5.29208660125732 5.30995035171509 5.32781457901001 5.34567880630493 5.36354303359985 5.3486819267273 5.23564386367798 5.12260627746582 5.00956869125366 4.8965311050415 4.78349351882935 4.67045545578003 4.55741786956787 4.41651010513306 4.26631212234497 4.11611461639404 3.96591663360596 3.81571865081787 3.66552090644836 3.51532292366028 3.37848734855652 3.28173804283142 3.1849889755249 3.08823990821838
6.42158889770508 6.54639053344727 6.67119216918945 6.79599332809448 6.92079496383667 6.84897422790527 6.71161222457886 6.57425022125244 6.43688821792603 6.29952621459961 6.16216421127319 6.02480220794678 5.90151309967041 5.82044267654419 5.73937177658081 5.65830135345459 5.57723093032837 5.49616003036499 5.41508960723877 5.33401870727539 5.31875324249268 5.32542276382446 5.33209228515625 5.33876180648804 5.34543132781982 5.35210084915161 5.3587703704834 5.33685922622681 5.22920513153076 5.12155103683472 5.01389694213867 4.90624284744263 4.79858875274658 4.69093465805054 4.58328056335449 4.44572830200195 4.29821014404297 4.15069198608398 4.00317430496216 3.85565614700317 3.70813798904419 3.5606198310852 3.42421460151672 3.32114744186401 3.21808052062988 3.11501336097717
6.56395864486694 6.67089319229126 6.77782773971558 6.88476228713989 6.99169731140137 6.91236162185669 6.77093601226807 6.6295108795166 6.48808526992798 6.34665966033936 6.20523452758789 6.06380891799927 5.93863344192505 5.86220693588257 5.78578042984009 5.70935440063477 5.63292789459229 5.5565013885498 5.48007535934448 5.403648853302 5.38114833831787 5.37662315368652 5.37209844589233 5.36757326126099 5.36304807662964 5.35852289199829 5.3539981842041 5.32503652572632 5.22276592254639 5.12049531936646 5.01822471618652 4.91595411300659 4.81368398666382 4.71141338348389 4.60914278030396 4.47494649887085 4.33010816574097 4.18526983261108 4.0404314994812 3.8955934047699 3.75075507164001 3.60591697692871 3.46994185447693 3.36055684089661 3.25117182731628 3.14178681373596
6.70632839202881 6.79539585113525 6.88446378707886 6.9735312461853 7.06259918212891 6.97574949264526 6.83026027679443 6.68477153778076 6.53928232192993 6.3937931060791 6.24830436706543 6.1028151512146 5.97575330734253 5.90397119522095 5.83218908309937 5.76040697097778 5.6886248588562 5.61684322357178 5.5450611114502 5.47327899932861 5.44354343414307 5.42782402038574 5.41210412979126 5.39638471603394 5.38066482543945 5.36494493484497 5.34922552108765 5.31321382522583 5.21632671356201 5.11944007873535 5.02255296707153 4.92566585540771 4.82877922058105 4.73189210891724 4.63500499725342 4.50416469573975 4.36200618743896 4.21984767913818 4.0776891708374 3.93553066253662 3.79337239265442 3.65121388435364 3.51566934585571 3.3999662399292 3.28426337242126 3.16856026649475
6.84869813919067 6.91989898681641 6.99109935760498 7.06230020523071 7.13350105285645 7.03913688659668 6.8895845413208 6.74003171920776 6.59047937393188 6.44092702865601 6.29137420654297 6.14182186126709 6.01287317276001 5.94573545455933 5.87859773635864 5.81146001815796 5.74432229995728 5.67718458175659 5.61004686355591 5.54290914535522 5.50593900680542 5.4790244102478 5.45211029052734 5.42519569396973 5.39828157424927 5.37136745452881 5.34445285797119 5.30139112472534 5.2098879814148 5.11838436126709 5.02688121795654 4.93537759780884 4.84387445449829 4.75237083435059 4.66086721420288 4.53338241577148 4.3939037322998 4.25442552566528 4.1149468421936 3.97546815872192 3.83598947525024 3.69651079177856 3.56139659881592 3.43937563896179 3.31735467910767 3.19533371925354
6.99106788635254 7.0444016456604 7.09773540496826 7.15106916427612 7.20440292358398 7.1025242805481 6.94890832901001 6.79529237747192 6.64167642593384 6.48806047439575 6.33444452285767 6.18082857131958 6.04999303817749 5.9874997138977 5.92500638961792 5.86251258850098 5.80001926422119 5.73752593994141 5.67503261566162 5.61253929138184 5.56833410263062 5.53022527694702 5.49211597442627 5.45400714874268 5.41589832305908 5.37778949737549 5.33968019485474 5.28956890106201 5.20344877243042 5.11732912063599 5.03120899200439 4.94508934020996 4.85896968841553 4.77284955978394 4.6867299079895 4.56260061264038 4.4258017539978 4.28900289535522 4.15220403671265 4.01540517807007 3.87860655784607 3.74180769920349 3.60712385177612 3.47878503799438 3.35044622421265 3.22210717201233
7.02326059341431 7.07107400894165 7.11888742446899 7.16670083999634 7.21451425552368 7.11567306518555 6.96794700622559 6.82022142410278 6.67249536514282 6.52476930618286 6.3770432472229 6.22931718826294 6.10401964187622 6.04600763320923 5.98799562454224 5.92998313903809 5.87197113037109 5.81395864486694 5.75594663619995 5.69793462753296 5.64961814880371 5.60453414916992 5.55945014953613 5.51436614990234 5.4692816734314 5.42419767379761 5.37911367416382 5.32486724853516 5.24313449859619 5.16140174865723 5.07966899871826 4.9979362487793 4.91620349884033 4.83447074890137 4.75273752212524 4.63101816177368 4.49596977233887 4.36092138290405 4.22587299346924 4.09082412719727 3.95577573776245 3.82072734832764 3.68548941612244 3.54968309402466 3.41387677192688 3.2780704498291
6.94527626037598 6.999915599823 7.05455541610718 7.10919523239136 7.16383457183838 7.07858276367188 6.94670057296753 6.81481838226318 6.68293571472168 6.55105352401733 6.41917133331299 6.28728866577148 6.17495346069336 6.12125968933105 6.06756544113159 6.01387119293213 5.96017742156982 5.90648317337036 5.85278940200806 5.79909515380859 5.74979162216187 5.70195198059082 5.65411186218262 5.60627222061157 5.55843210220337 5.51059246063232 5.46275234222412 5.40728712081909 5.32894468307495 5.25060224533081 5.17226028442383 5.09391784667969 5.0155758857727 4.93723344802856 4.85889148712158 4.73863506317139 4.60440731048584 4.47018003463745 4.3359522819519 4.20172452926636 4.06749725341797 3.93326950073242 3.79649305343628 3.65206980705261 3.50764656066895 3.36322331428528
6.86729192733765 6.9287576675415 6.99022340774536 7.05168914794922 7.11315488815308 7.0414924621582 6.92545366287231 6.80941486358643 6.6933765411377 6.57733774185181 6.46129894256592 6.34526062011719 6.2458872795105 6.19651126861572 6.1471357345581 6.09775972366333 6.04838371276855 5.99900770187378 5.949631690979 5.90025568008423 5.84996509552002 5.79936933517456 5.7487735748291 5.6981782913208 5.64758253097534 5.59698677062988 5.54639148712158 5.48970651626587 5.41475486755371 5.33980321884155 5.26485157012939 5.18989992141724 5.11494827270508 5.03999662399292 4.96504497528076 4.84625196456909 4.71284532546997 4.57943868637085 4.44603204727173 4.31262493133545 4.17921829223633 4.04581165313721 3.90749669075012 3.75445652008057 3.60141634941101 3.44837617874146
6.78930759429932 6.85759925842285 6.92589139938354 6.99418354034424 7.06247520446777 7.00440216064453 6.90420722961426 6.80401182174683 6.70381689071655 6.60362195968628 6.50342702865601 6.40323209762573 6.31682109832764 6.27176332473755 6.22670555114746 6.18164777755737 6.13659000396729 6.0915322303772 6.04647397994995 6.00141620635986 5.95013856887817 5.89678716659546 5.84343576431274 5.79008436203003 5.73673295974731 5.6833815574646 5.63003015518188 5.5721263885498 5.50056505203247 5.4290041923523 5.35744285583496 5.28588199615479 5.21432065963745 5.14275979995728 5.07119846343994 4.9538688659668 4.82128286361694 4.68869733810425 4.55611133575439 4.4235258102417 4.29093980789185 4.15835380554199 4.01850032806396 3.85684323310852 3.69518613815308 3.53352880477905
6.71132326126099 6.78644132614136 6.86155939102173 6.9366774559021 7.01179552078247 6.96731185913086 6.88296031951904 6.79860877990723 6.71425771713257 6.62990617752075 6.54555463790894 6.46120357513428 6.38775491714478 6.34701538085938 6.30627536773682 6.26553583145142 6.22479629516602 6.18405628204346 6.14331674575806 6.10257720947266 6.05031156539917 5.9942045211792 5.93809747695923 5.88199043273926 5.82588338851929 5.76977634429932 5.71366882324219 5.65454578399658 5.58637523651123 5.51820468902588 5.45003414154053 5.38186359405518 5.31369304656982 5.24552249908447 5.17735195159912 5.0614857673645 4.92972087860107 4.79795598983765 4.66619110107422 4.53442621231079 4.40266132354736 4.27089595794678 4.12950372695923 3.95922994613647 3.78895592689514 3.61868166923523
6.63333892822266 6.7152829170227 6.79722738265991 6.87917184829712 6.96111631393433 6.93022155761719 6.86171388626099 6.79320573806763 6.72469806671143 6.65619039535522 6.58768272399902 6.51917505264282 6.45868873596191 6.42226696014404 6.38584566116333 6.34942388534546 6.31300258636475 6.27658081054688 6.240159034729 6.20373773574829 6.15048503875732 6.0916223526001 6.03275918960571 5.97389650344849 5.91503381729126 5.85617065429688 5.79730796813965 5.73696565628052 5.67218589782715 5.60740566253662 5.54262590408325 5.47784566879272 5.41306591033936 5.34828567504883 5.2835054397583 5.16910266876221 5.03815841674805 4.90721464157104 4.77627038955688 4.64532661437988 4.51438236236572 4.38343858718872 4.24050760269165 4.06161642074585 3.88272547721863 3.70383453369141
6.45980644226074 6.55376291275024 6.64771938323975 6.74167633056641 6.83563280105591 6.82298946380615 6.77481269836426 6.7266354560852 6.67845869064331 6.63028192520142 6.58210468292236 6.53392791748047 6.49069738388062 6.46230697631836 6.4339165687561 6.40552568435669 6.37713527679443 6.34874439239502 6.32035398483276 6.29196357727051 6.24406576156616 6.18966627120972 6.13526678085327 6.08086681365967 6.02646732330322 5.97206735610962 5.91766786575317 5.8605751991272 5.79540395736694 5.73023271560669 5.66506147384644 5.59989023208618 5.53471899032593 5.46954774856567 5.40437602996826 5.28848791122437 5.15569400787354 5.0229001045227 4.89010620117188 4.75731229782104 4.62451839447021 4.49172449111938 4.34583330154419 4.16065073013306 3.97546792030334 3.79028534889221
6.19072532653809 6.30188083648682 6.41303586959839 6.52419090270996 6.63534641265869 6.64561605453491 6.62225675582886 6.59889793395996 6.57553911209106 6.55218029022217 6.52882146835327 6.50546216964722 6.48378133773804 6.46713495254517 6.45048809051514 6.43384122848511 6.41719436645508 6.40054750442505 6.38390111923218 6.36725425720215 6.33105421066284 6.28833675384521 6.24561929702759 6.20290184020996 6.16018390655518 6.11746644973755 6.07474899291992 6.02537488937378 5.95603036880493 5.88668584823608 5.81734132766724 5.74799728393555 5.6786527633667 5.60930824279785 5.539963722229 5.41964197158813 5.28232717514038 5.14501285552979 5.00769853591919 4.87038373947144 4.73306941986084 4.59575510025024 4.44548177719116 4.25633239746094 4.06718301773071 3.87803363800049
