data/working_set_collections/6091692-Cassins_Sparrow-M2/1980/evpintr_avg.asc
NCOLS 265 
NROWS 230 
XLLCORNER -115.5625 
YLLCORNER 24.8333333333333 
CELLSIZE 0.0833333333333333 
NODATA_value -9999 
[rows 160 to 179 of 230, columns 0 to 45 of 265]
0.728923082351685 0.687065899372101 0.645208716392517 0.603351593017578 0.561494410037994 0.519637227058411 0.477780073881149 0.425154745578766 0.368940025568008 0.312725275754929 0.256510555744171 0.200295835733414 -9999 -9999 -9999 -9999 -9999 -9999 -9999 -9999 -9999 -9999 -9999 -9999 -9999 -9999 -9999 -9999 -9999 -9999 0.841718852519989 0.850388884544373 0.859058916568756 0.86772894859314 0.876398980617523 0.885068953037262 0.893738985061646 0.951543867588043 1.02572703361511 1.09991025924683 1.17409348487854 1.24827671051025 1.32245981693268 1.39664304256439 1.47262918949127 1.55402445793152
0.712063431739807 0.668525576591492 0.624987721443176 0.581449866294861 0.537912011146545 0.494374126195908 0.450836271047592 0.401545166969299 0.350336313247681 0.299127459526062 0.247918590903282 0.196709737181664 -9999 -9999 -9999 -9999 -9999 -9999 -9999 -9999 -9999 -9999 -9999 -9999 -9999 -9999 -9999 -9999 -9999 -9999 -9999 0.870914816856384 0.874246835708618 0.877578854560852 0.880910813808441 0.884242832660675 0.887574791908264 0.940244197845459 1.00935935974121 1.07847452163696 1.14758968353271 1.21670484542847 1.28582000732422 1.35493516921997 1.42673289775848 1.50657832622528
0.703624129295349 0.659978568553925 0.6163330078125 0.572687447071075 0.529041945934296 0.485396385192871 0.441750854253769 0.397485882043839 0.353014469146729 0.308543056249619 0.264071613550186 0.219600200653076 -9999 -9999 -9999 -9999 -9999 -9999 -9999 -9999 -9999 -9999 -9999 -9999 -9999 -9999 -9999 -9999 -9999 -9999 -9999 -9999 0.863823890686035 0.864724814891815 0.86562567949295 0.86652660369873 0.86742752790451 0.917303144931793 0.983503699302673 1.0497043132782 1.11590480804443 1.18210542201996 1.24830603599548 1.31450653076172 1.38333380222321 1.46004116535187
0.703605055809021 0.661424815654755 0.619244635105133 0.577064454555511 0.534884214401245 0.492704033851624 0.45052382349968 0.412976950407028 0.376974523067474 0.340972095727921 0.304969638586044 0.26896721124649 -9999 -9999 -9999 -9999 -9999 -9999 -9999 -9999 -9999 -9999 -9999 -9999 -9999 -9999 -9999 -9999 -9999 -9999 -9999 -9999 0.827790141105652 0.829166889190674 0.830543637275696 0.831920325756073 0.833297073841095 0.882720828056335 0.948160231113434 1.01359963417053 1.07903897762299 1.14447844028473 1.20991778373718 1.27535724639893 1.34243202209473 1.41441309452057
0.703585982322693 0.66287112236023 0.622156262397766 0.581441402435303 0.540726542472839 0.500011682510376 0.459296822547913 0.428468018770218 0.40093457698822 0.373401135206223 0.345867663621902 0.318334221839905 -9999 -9999 -9999 -9999 -9999 -9999 -9999 -9999 -9999 -9999 -9999 -9999 -9999 -9999 -9999 -9999 -9999 -9999 -9999 -9999 0.791756391525269 0.793608963489532 0.795461535453796 0.79731410741806 0.799166679382324 0.848138451576233 0.91281670331955 0.977494955062866 1.04217314720154 1.1068514585495 1.17152965068817 1.23620784282684 1.30153024196625 1.36878502368927
0.703566908836365 0.664317429065704 0.625067889690399 0.585818350315094 0.546568810939789 0.507319331169128 0.468069791793823 0.443959087133408 0.424894630908966 0.405830144882202 0.386765688657761 0.367701232433319 -9999 -9999 -9999 -9999 -9999 -9999 -9999 -9999 -9999 -9999 -9999 -9999 -9999 -9999 -9999 -9999 -9999 -9999 -9999 -9999 0.755722641944885 0.758051037788391 0.760379433631897 0.762707829475403 0.765036225318909 0.813556134700775 0.877473175525665 0.9413902759552 1.00530731678009 1.06922435760498 1.13314151763916 1.19705855846405 1.26062846183777 1.32315695285797
0.703547894954681 0.665763676166534 0.627979516983032 0.590195298194885 0.552411139011383 0.514626979827881 0.476842790842056 0.459450125694275 0.44885465502739 0.438259184360504 0.427663713693619 0.417068272829056 -9999 -9999 -9999 -9999 -9999 -9999 -9999 -9999 -9999 -9999 -9999 -9999 -9999 -9999 -9999 -9999 -9999 -9999 -9999 -9999 0.719688892364502 0.72249311208725 0.725297331809998 0.728101551532745 0.730905830860138 0.778973817825317 0.842129707336426 0.905285596847534 0.968441486358643 1.03159737586975 1.09475326538086 1.15790915489197 1.21972668170929 1.27752888202667
0.703528821468353 0.667209982872009 0.630891144275665 0.594572305679321 0.558253467082977 0.521934628486633 0.485615760087967 0.474941194057465 0.472814708948135 0.470688223838806 0.468561738729477 0.46643528342247 -9999 -9999 -9999 -9999 -9999 -9999 -9999 -9999 -9999 -9999 -9999 -9999 -9999 -9999 -9999 -9999 -9999 -9999 -9999 -9999 -9999 0.686935186386108 0.690215229988098 0.693495333194733 0.696775376796722 0.744391441345215 0.806786179542542 0.869180917739868 0.931575655937195 0.993970394134521 1.05636513233185 1.11875987052917 1.17882490158081 1.23190081119537
0.653759002685547 0.624734938144684 0.595710933208466 0.566686868667603 0.53766280412674 0.508638739585876 0.479614675045013 0.474222809076309 0.476708352565765 0.479193896055222 0.481679439544678 0.484164983034134 0.48665052652359 0.489136040210724 -9999 -9999 -9999 -9999 -9999 -9999 -9999 -9999 -9999 -9999 -9999 -9999 -9999 -9999 -9999 -9999 -9999 -9999 -9999 -9999 0.636843740940094 0.638659179210663 0.640474557876587 0.689895987510681 0.755186021327972 0.820476055145264 0.8857661485672 0.951056182384491 1.01634621620178 1.08163630962372 1.14300405979156 1.19260466098785
0.554238498210907 0.538338661193848 0.522438824176788 0.506538987159729 0.490639179944992 0.474739342927933 0.458839505910873 0.457295000553131 0.46053558588028 0.463776171207428 0.467016756534576 0.470257371664047 0.473497956991196 0.476738542318344 0.473046958446503 -9999 -9999 -9999 -9999 -9999 -9999 -9999 -9999 -9999 -9999 -9999 -9999 -9999 -9999 -9999 -9999 -9999 -9999 -9999 -9999 0.563593089580536 0.562003374099731 0.615487337112427 0.687329232692719 0.759171068668365 0.831012904644012 0.902854800224304 0.974696636199951 1.0465384721756 1.11226403713226 1.15964043140411
0.45471802353859 0.451942414045334 0.449166774749756 0.4463911652565 0.443615555763245 0.440839946269989 0.438064336776733 0.440367162227631 0.444362819194794 0.448358476161957 0.452354103326797 0.456349760293961 0.460345387458801 0.464341044425964 0.461839526891708 0.43984654545784 0.417853534221649 -9999 -9999 -9999 -9999 -9999 -9999 -9999 -9999 -9999 -9999 -9999 -9999 -9999 -9999 -9999 -9999 -9999 -9999 0.488526999950409 0.483532190322876 0.541078746318817 0.61947238445282 0.697866082191467 0.77625972032547 0.854653418064117 0.93304705619812 1.01144075393677 1.08152401447296 1.12667620182037
0.35519751906395 0.365546107292175 0.375894725322723 0.386243343353271 0.39659196138382 0.406940549612045 0.417289167642593 0.423439353704453 0.428190052509308 0.432940751314163 0.437691450119019 0.442442148923874 0.447192847728729 0.451943546533585 0.450632095336914 0.431134283542633 0.41163644194603 0.392138600349426 -9999 -9999 -9999 -9999 -9999 -9999 -9999 -9999 -9999 -9999 -9999 -9999 -9999 -9999 -9999 -9999 -9999 -9999 0.405060976743698 0.466670095920563 0.551615595817566 0.636561036109924 0.721506536006927 0.806451976299286 0.891397476196289 0.976342916488647 1.05078399181366 1.09371197223663
-9999 0.279149830341339 0.302622675895691 0.32609549164772 0.349568337202072 0.373041152954102 0.396513998508453 0.406511515378952 0.412017285823822 0.41752302646637 0.423028767108917 0.428534537553787 0.434040278196335 0.439546048641205 0.439424693584442 0.422422021627426 0.40541934967041 0.388416677713394 0.371414005756378 0.354411333799362 -9999 -9999 -9999 -9999 -9999 -9999 -9999 -9999 -9999 -9999 -9999 -9999 -9999 -9999 -9999 -9999 0.32658976316452 0.392261475324631 0.483758747577667 0.575256049633026 0.66675329208374 0.758250594139099 0.849747896194458 0.941245138645172 1.02004408836365 1.06074774265289
-9999 -9999 -9999 0.265947669744492 0.302544713020325 0.33914178609848 0.375738829374313 0.389583706855774 0.395844519138336 0.402105301618576 0.408366113901138 0.414626926183701 0.420887738466263 0.427148520946503 0.428217262029648 0.413709759712219 0.399202257394791 0.384694755077362 0.370187252759933 0.355679720640182 0.341172218322754 -9999 -9999 0.331287294626236 0.336001247167587 0.340715199708939 -9999 -9999 -9999 -9999 -9999 -9999 -9999 -9999 -9999 -9999 0.248118579387665 0.317852854728699 0.415901929140091 0.513951003551483 0.612000107765198 0.710049211978912 0.808098256587982 0.906147360801697 0.989304065704346 1.02778351306915
-9999 -9999 -9999 -9999 0.276821136474609 0.320436596870422 0.364052087068558 0.378728985786438 0.383759677410126 0.388790398836136 0.393821120262146 0.398851811885834 0.403882533311844 0.408913254737854 0.409975051879883 0.39913010597229 0.388285160064697 0.377440214157104 0.366595268249512 0.355750322341919 0.344905406236649 -9999 -9999 0.331520855426788 0.331618934869766 0.331717044115067 0.331815123558044 -9999 -9999 -9999 -9999 -9999 -9999 -9999 -9999 -9999 -9999 0.270456939935684 0.371327847242355 0.472198754549026 0.57306969165802 0.673940598964691 0.774811506271362 0.875682413578033 0.960719048976898 0.998252928256989
-9999 -9999 -9999 -9999 -9999 -9999 -9999 0.373947352170944 0.375762820243835 0.377578288316727 0.379393756389618 0.381209224462509 0.3830246925354 0.384840160608292 0.384698033332825 0.378683030605316 0.37266805768013 0.366653084754944 0.360638111829758 0.354623138904572 0.348608165979385 0.342593163251877 0.340305835008621 0.339261025190353 0.338216245174408 0.33717143535614 0.336126625537872 0.335081845521927 0.334037035703659 -9999 -9999 -9999 -9999 -9999 -9999 -9999 -9999 -9999 0.35003650188446 0.449999272823334 0.549962043762207 0.64992481470108 0.749887526035309 0.849850296974182 0.93428909778595 0.97215610742569
-9999 -9999 -9999 -9999 -9999 -9999 -9999 -9999 0.367765963077545 0.366366177797318 0.364966422319412 0.363566637039185 0.362166851758957 0.360767096281052 0.359421014785767 0.358235985040665 0.357050985097885 0.355865955352783 0.354680955410004 0.353495925664902 0.352310925722122 0.35112589597702 0.34918886423111 0.347001194953918 -9999 0.342625826597214 0.340438157320023 0.338250458240509 0.336062788963318 0.328454613685608 -9999 -9999 -9999 -9999 -9999 -9999 -9999 0.229690566658974 0.328745156526566 0.427799761295319 0.526854395866394 0.625908970832825 0.7249636054039 0.824018180370331 0.907859146595001 0.946059286594391
-9999 -9999 -9999 -9999 -9999 -9999 -9999 -9999 -9999 0.355154097080231 0.350539058446884 0.34592404961586 0.341309040784836 0.336694002151489 0.334143996238708 0.337788939476013 0.341433882713318 0.345078825950623 0.348723769187927 0.352368712425232 0.356013655662537 0.359658628702164 0.35807192325592 0.354741364717484 -9999 -9999 0.34474965929985 0.341419100761414 0.338088542222977 0.328927487134933 -9999 -9999 -9999 -9999 -9999 -9999 0.142360642552376 0.209307372570038 0.307453811168671 0.405600279569626 0.503746747970581 0.601893186569214 0.700039625167847 0.79818606376648 0.881429195404053 0.919962465763092
-9999 -9999 -9999 -9999 -9999 -9999 -9999 -9999 -9999 -9999 -9999 0.328281462192535 0.320451200008392 0.312620937824249 0.30886697769165 0.317341864109039 0.325816780328751 0.334291696548462 0.342766612768173 0.351241528987885 0.359716415405273 0.368191331624985 0.366954982280731 0.362481534481049 -9999 -9999 -9999 0.344587713479996 0.340114265680313 -9999 -9999 -9999 -9999 -9999 -9999 0.152789413928986 0.123354256153107 0.188924193382263 0.286162495613098 0.383400768041611 0.480639070272446 0.577877402305603 0.675115644931793 0.772353947162628 0.854999244213104 0.893865585327148
-9999 -9999 -9999 -9999 -9999 -9999 -9999 -9999 -9999 -9999 -9999 -9999 0.299593359231949 0.288547873497009 0.283589959144592 0.296894818544388 0.310199707746506 0.323504567146301 0.336809456348419 0.350114315748215 0.36341917514801 0.376724064350128 0.375838041305542 0.370221704244614 0.364605367183685 0.358989030122757 -9999 -9999 -9999 -9999 -9999 -9999 -9999 -9999 -9999 0.136565789580345 0.104347869753838 0.168540999293327 0.264871150255203 0.361201286315918 -9999 0.553861558437347 0.650191724300385 0.746521830558777 0.8285693526268 0.86776876449585
