data/working_set_collections/6091692-Cassins_Sparrow-M2/1980/evpintr_avg.asc
NCOLS 265 
NROWS 230 
XLLCORNER -115.5625 
YLLCORNER 24.8333333333333 
CELLSIZE 0.0833333333333333 
NODATA_value -9999 
[rows 40 to 59 of 230, columns 138 to 183 of 265]
3.48815059661865 3.40056586265564 3.31298112869263 3.22539639472961 3.19484400749207 3.18330216407776 3.17176032066345 3.16021847724915 3.14867663383484 3.13713479042053 3.12559294700623 3.11763310432434 3.12041974067688 3.12320613861084 3.12599277496338 3.12877941131592 3.13156580924988 3.13435244560242 3.13713908195496 3.12871503829956 3.11655426025391 3.10439348220825 3.09223246574402 3.08007168769836 3.06791090965271 3.05574989318848 3.04862880706787 3.05662631988525 3.06462383270264 3.07262134552002 3.08061861991882 3.08861613273621 3.09661364555359 3.10461115837097 3.12908935546875 3.15906095504761 3.18903255462646 3.21900415420532 3.24897575378418 3.27894735336304 3.30891895294189 3.34009146690369 3.3748664855957 3.40964150428772 3.44441676139832 3.47919178009033
3.48467946052551 3.38761973381042 3.29056000709534 3.19350051879883 3.16072463989258 3.14937686920166 3.13802909851074 3.12668132781982 3.11533331871033 3.10398554801941 3.09263777732849 3.08551096916199 3.09104752540588 3.09658432006836 3.10212087631226 3.10765743255615 3.11319398880005 3.11873054504395 3.12426733970642 3.1172833442688 3.106125831604 3.09496855735779 3.08381104469299 3.0726535320282 3.06149625778198 3.05033874511719 3.0440616607666 3.0524251461029 3.06078886985779 3.06915259361267 3.07751607894897 3.08587980270386 3.09424352645874 3.10260701179504 3.12845492362976 3.16013073921204 3.19180655479431 3.22348237037659 3.25515842437744 3.28683423995972 3.31851005554199 3.35051727294922 3.38351917266846 3.41652083396912 3.44952249526978 3.48252415657043
3.47305011749268 3.37122082710266 3.26939153671265 3.16756224632263 3.13487601280212 3.12523746490479 3.11559915542603 3.10596060752869 3.09632205963135 3.08668375015259 3.07704520225525 3.07188200950623 3.08014464378357 3.08840727806091 3.09666991233826 3.1049325466156 3.11319494247437 3.12145757675171 3.12972021102905 3.12391972541809 3.11343145370483 3.10294342041016 3.0924551486969 3.08196687698364 3.07147884368896 3.06099057197571 3.05530428886414 3.06402373313904 3.07274293899536 3.08146238327026 3.09018182754517 3.09890103340149 3.10762047767639 3.11633968353271 3.14209151268005 3.17352056503296 3.20494985580444 3.23637914657593 3.26780819892883 3.29923748970032 3.33066654205322 3.36199617385864 3.39302659034729 3.42405700683594 3.45508718490601 3.48611760139465
3.45326232910156 3.35136866569519 3.2494752407074 3.1475818157196 3.11729788780212 3.11088418960571 3.1044704914093 3.09805655479431 3.0916428565979 3.08522915840149 3.0788152217865 3.07674598693848 3.08771061897278 3.09867525100708 3.1096396446228 3.1206042766571 3.13156890869141 3.14253330230713 3.15349793434143 3.14862418174744 3.1384711265564 3.12831807136536 3.11816477775574 3.1080117225647 3.09785866737366 3.08770537376404 3.08235669136047 3.09142136573792 3.10048604011536 3.1095507144928 3.11861538887024 3.12768006324768 3.13674473762512 3.14580941200256 3.16999912261963 3.19923090934753 3.22846245765686 3.25769400596619 3.28692555427551 3.31615710258484 3.34538865089417 3.3745276927948 3.4033887386322 3.4322497844696 3.46111106872559 3.48997211456299
3.43347454071045 3.3315167427063 3.22955894470215 3.127601146698 3.0997200012207 3.09653091430664 3.09334182739258 3.09015274047852 3.08696365356445 3.08377456665039 3.08058524131775 3.08161020278931 3.09527659416199 3.10894322395325 3.12260961532593 3.13627624511719 3.14994263648987 3.16360926628113 3.17727565765381 3.17332863807678 3.16351079940796 3.15369272232056 3.14387464523315 3.13405656814575 3.12423849105835 3.11442041397095 3.10940933227539 3.11881923675537 3.12822914123535 3.13763904571533 3.14704918861389 3.15645909309387 3.16586899757385 3.17527890205383 3.19790697097778 3.22494101524353 3.2519748210907 3.27900886535645 3.30604290962219 3.33307695388794 3.36011075973511 3.38705921173096 3.41375112533569 3.44044280052185 3.46713471412659 3.49382638931274
3.41368699073792 3.31166481971741 3.20964288711548 3.10762071609497 3.0821418762207 3.08217740058899 3.08221316337585 3.08224868774414 3.08228421211243 3.08231973648071 3.08235549926758 3.08647418022156 3.1028425693512 3.11921119689941 3.13557958602905 3.15194797515869 3.16831636428833 3.18468499183655 3.20105338096619 3.19803333282471 3.18855023384094 3.17906713485718 3.16958427429199 3.16010117530823 3.15061831474304 3.14113521575928 3.13646173477173 3.14621710777283 3.15597224235535 3.16572761535645 3.17548274993896 3.18523812294006 3.19499325752258 3.20474863052368 3.22581458091736 3.25065112113953 3.27548742294312 3.3003237247467 3.32516026496887 3.34999656677246 3.37483286857605 3.39959096908569 3.42411327362061 3.4486358165741 3.47315835952759 3.49768090248108
3.3938992023468 3.29181289672852 3.18972659111023 3.08764028549194 3.0645637512207 3.06782412528992 3.07108449935913 3.07434463500977 3.07760500907898 3.08086514472961 3.08412551879883 3.09133839607239 3.11040878295898 3.12947916984558 3.14854955673218 3.16761994361877 3.18669033050537 3.20576071739197 3.22483110427856 3.22273778915405 3.2135899066925 3.20444178581238 3.19529390335083 3.18614602088928 3.17699813842773 3.16785001754761 3.16351437568665 3.1736147403717 3.18371534347534 3.19381594657898 3.20391654968262 3.21401715278625 3.22411751747131 3.23421812057495 3.25372242927551 3.27636122703552 3.29900002479553 3.32163882255554 3.34427762031555 3.36691641807556 3.38955521583557 3.41212248802185 3.4344756603241 3.45682883262634 3.47918200492859 3.50153517723083
3.37411141395569 3.27196097373962 3.16981029510498 3.06765961647034 3.04698586463928 3.05347084999084 3.05995559692383 3.06644058227539 3.07292556762695 3.07941055297852 3.08589553833008 3.09620237350464 3.11797475814819 3.13974714279175 3.16151928901672 3.18329167366028 3.20506405830383 3.22683644294739 3.24860882759094 3.2474422454834 3.23862934112549 3.22981643676758 3.22100353240967 3.21219062805176 3.20337796211243 3.19456505775452 3.19056677818298 3.20101261138916 3.21145844459534 3.22190427780151 3.23235011100769 3.24279594421387 3.25324177742004 3.26368761062622 3.28163003921509 3.30207133293152 3.32251238822937 3.3429536819458 3.36339473724365 3.38383603096008 3.40427732467651 3.42465400695801 3.44483804702759 3.46502184867859 3.48520565032959 3.50538969039917
3.37176418304443 3.27150344848633 3.17124247550964 3.07098150253296 3.05105328559875 3.05790257453918 3.06475186347961 3.07160115242004 3.07845044136047 3.0852997303009 3.09214901924133 3.10295152664185 3.12561368942261 3.14827561378479 3.17093753814697 3.19359970092773 3.21626162528992 3.23892378807068 3.26158571243286 3.26136708259583 3.25352168083191 3.24567604064941 3.2378306388855 3.22998523712158 3.22213959693909 3.21429419517517 3.21113038063049 3.22201156616211 3.23289275169373 3.24377393722534 3.25465536117554 3.26553654670715 3.27641773223877 3.28729891777039 3.30390930175781 3.32242941856384 3.34094953536987 3.3594696521759 3.37798976898193 3.39650988578796 3.41503000259399 3.43334031105042 3.45102071762085 3.46870112419128 3.48638153076172 3.50406193733215
3.38685750961304 3.29044032096863 3.19402313232422 3.09760594367981 3.07676649093628 3.0811197757721 3.08547306060791 3.08982634544373 3.09417963027954 3.09853291511536 3.10288619995117 3.11158609390259 3.13332533836365 3.15506482124329 3.17680430412292 3.19854354858398 3.22028303146362 3.24202227592468 3.26376175880432 3.26451230049133 3.25826668739319 3.25202083587646 3.24577498435974 3.2395293712616 3.23328351974487 3.22703790664673 3.22520518302917 3.23661184310913 3.24801850318909 3.25942516326904 3.27083158493042 3.28223824501038 3.29364490509033 3.30505156517029 3.32055997848511 3.3374354839325 3.35431122779846 3.37118673324585 3.38806247711182 3.40493822097778 3.42181372642517 3.43818116188049 3.45302391052246 3.46786642074585 3.48270916938782 3.49755191802979
3.40195083618164 3.30937719345093 3.21680378913879 3.12423014640808 3.1024796962738 3.104336977005 3.10619425773621 3.10805153846741 3.10990881919861 3.11176609992981 3.11362338066101 3.12022042274475 3.14103722572327 3.16185402870178 3.1826708316803 3.20348763465881 3.22430443763733 3.24512100219727 3.26593780517578 3.26765751838684 3.26301145553589 3.25836539268494 3.25371956825256 3.24907350540161 3.24442744255066 3.23978137969971 3.23927998542786 3.25121188163757 3.26314401626587 3.27507615089417 3.28700804710388 3.29894018173218 3.31087231636047 3.32280421257019 3.3372106552124 3.35244178771973 3.36767292022705 3.38290405273438 3.3981351852417 3.41336631774902 3.42859745025635 3.44302201271057 3.45502686500549 3.46703195571899 3.47903680801392 3.49104189872742
3.41704392433167 3.32831406593323 3.23958420753479 3.15085434913635 3.12819290161133 3.12755417823792 3.1269154548645 3.12627673149109 3.12563800811768 3.12499928474426 3.12436056137085 3.12885499000549 3.14874911308289 3.16864323616028 3.18853735923767 3.20843148231506 3.22832560539246 3.24821972846985 3.26811385154724 3.27080273628235 3.26775646209717 3.26471018791199 3.26166391372681 3.25861763954163 3.25557136535645 3.25252509117126 3.25335478782654 3.2658121585846 3.27826952934265 3.29072713851929 3.30318450927734 3.31564211845398 3.32809948921204 3.34055685997009 3.3538613319397 3.36744785308838 3.38103461265564 3.39462113380432 3.40820789337158 3.42179441452026 3.43538093566895 3.44786286354065 3.4570300579071 3.46619725227356 3.47536468505859 3.48453187942505
3.43213725090027 3.34725093841553 3.26236486434937 3.1774787902832 3.15390610694885 3.15077137947083 3.1476366519928 3.14450192451477 3.14136719703674 3.13823246955872 3.13509774208069 3.13748955726624 3.1564610004425 3.17543244361877 3.19440388679504 3.21337556838989 3.23234701156616 3.25131845474243 3.2702898979187 3.27394795417786 3.27250146865845 3.27105474472046 3.26960825920105 3.26816177368164 3.26671528816223 3.26526856422424 3.26742935180664 3.28041219711304 3.29339528083801 3.30637812614441 3.31936097145081 3.3323438167572 3.3453266620636 3.35830974578857 3.37051200866699 3.38245415687561 3.39439630508423 3.40633821487427 3.41828036308289 3.4302225112915 3.44216465950012 3.45270371437073 3.45903325080872 3.4653627872467 3.47169232368469 3.47802186012268
3.44723057746887 3.36618804931641 3.28514552116394 3.20410299301147 3.17961931228638 3.17398858070374 3.16835784912109 3.16272711753845 3.15709614753723 3.15146541595459 3.14583468437195 3.1461238861084 3.16417288780212 3.18222165107727 3.200270652771 3.21831941604614 3.23636841773987 3.25441718101501 3.27246618270874 3.27709317207336 3.27724623680115 3.27739953994751 3.27755260467529 3.27770590782166 3.27785897254944 3.2780122756958 3.28150415420532 3.29501247406006 3.3085207939148 3.32202911376953 3.33553743362427 3.349045753479 3.36255407333374 3.37606239318848 3.38716268539429 3.39746022224426 3.40775799751282 3.41805553436279 3.42835307121277 3.43865060806274 3.4489483833313 3.45754456520081 3.46103644371033 3.46452832221985 3.46801996231079 3.47151184082031
3.44625282287598 3.3661425113678 3.28603196144104 3.20592141151428 3.18042778968811 3.17313981056213 3.16585183143616 3.15856385231018 3.15127563476562 3.14398765563965 3.13669967651367 3.13574528694153 3.15379166603088 3.17183804512024 3.18988466262817 3.20793104171753 3.22597742080688 3.24402379989624 3.26207041740417 3.26734852790833 3.26837086677551 3.26939296722412 3.27041506767273 3.27143740653992 3.27245950698853 3.27348184585571 3.27770185470581 3.29151582717896 3.3053297996521 3.31914377212524 3.33295750617981 3.34677147865295 3.3605854511261 3.37439942359924 3.3849527835846 3.3944194316864 3.40388607978821 3.41335272789001 3.42281913757324 3.43228578567505 3.44175243377686 3.44957613945007 3.45247054100037 3.45536494255066 3.45825934410095 3.46115374565125
3.42920446395874 3.3471143245697 3.26502442359924 3.1829342842102 3.15633177757263 3.1482253074646 3.14011859893799 3.13201212882996 3.12390542030334 3.11579895019531 3.1076922416687 3.10635352134705 3.12531757354736 3.14428186416626 3.16324591636658 3.18221020698547 3.20117425918579 3.22013854980469 3.239102602005 3.24471402168274 3.24587464332581 3.24703526496887 3.24819564819336 3.24935626983643 3.25051689147949 3.25167727470398 3.25602269172668 3.26992249488831 3.28382205963135 3.29772186279297 3.31162142753601 3.32552123069763 3.33942103385925 3.3533205986023 3.36388230323792 3.37333154678345 3.3827805519104 3.39222979545593 3.40167880058289 3.41112804412842 3.42057704925537 3.42879819869995 3.43333554267883 3.43787264823914 3.44240999221802 3.44694709777832
3.41215586662292 3.32808637619019 3.24401664733887 3.15994715690613 3.13223576545715 3.12331080436707 3.1143856048584 3.10546040534973 3.09653520584106 3.08761024475098 3.07868504524231 3.07696151733398 3.09684348106384 3.1167254447937 3.13660740852356 3.15648937225342 3.17637133598328 3.19625306129456 3.21613502502441 3.22207975387573 3.22337865829468 3.22467756271362 3.22597622871399 3.22727513313293 3.22857403755188 3.22987294197083 3.23434352874756 3.24832892417908 3.26231455802917 3.27629995346069 3.29028534889221 3.30427098274231 3.31825637817383 3.33224177360535 3.34281206130981 3.35224366188049 3.36167526245117 3.37110686302185 3.38053846359253 3.38997006416321 3.39940190315247 3.40802049636841 3.4142005443573 3.42038059234619 3.42656064033508 3.43274068832397
3.39510726928711 3.30905818939209 3.22300910949707 3.13696002960205 3.10813975334167 3.09839606285095 3.08865237236023 3.07890868186951 3.06916499137878 3.05942130088806 3.04967761039734 3.0475697517395 3.06836938858032 3.08916902542114 3.10996890068054 3.13076853752136 3.15156817436218 3.172367811203 3.19316744804382 3.19944524765015 3.20088243484497 3.2023196220398 3.20375680923462 3.20519423484802 3.20663142204285 3.20806860923767 3.21266436576843 3.22673559188843 3.24080681800842 3.25487804412842 3.26894927024841 3.28302073478699 3.29709196090698 3.31116318702698 3.32174158096313 3.33115577697754 3.34056997299194 3.34998393058777 3.35939812660217 3.36881232261658 3.37822651863098 3.38724279403687 3.39506554603577 3.40288853645325 3.41071128845215 3.41853427886963
3.37805891036987 3.29003024101257 3.20200133323669 3.11397266387939 3.08404397964478 3.07348155975342 3.06291937828064 3.05235719680786 3.0417947769165 3.03123259544373 3.02067041397095 3.01817798614502 3.0398952960968 3.06161284446716 3.08333015441895 3.10504770278931 3.12676501274109 3.14848232269287 3.17019987106323 3.17681074142456 3.17838644981384 3.17996191978455 3.18153738975525 3.18311309814453 3.18468856811523 3.18626403808594 3.19098496437073 3.2051420211792 3.21929907798767 3.23345613479614 3.24761319160461 3.26177024841309 3.27592730522156 3.29008436203003 3.30067110061646 3.31006789207458 3.31946444511414 3.32886123657227 3.33825778961182 3.34765434265137 3.3570511341095 3.36646509170532 3.37593078613281 3.3853964805603 3.39486193656921 3.4043276309967
3.36101031303406 3.27100205421448 3.1809937953949 3.09098553657532 3.0599479675293 3.04856705665588 3.03718614578247 3.02580547332764 3.01442456245422 3.00304388999939 2.99166297912598 2.98878622055054 3.01142144203186 3.0340564250946 3.05669164657593 3.07932686805725 3.10196185112 3.12459707260132 3.14723229408264 3.15417647361755 3.15589022636414 3.1576042175293 3.15931797027588 3.16103196144104 3.1627459526062 3.16445970535278 3.1693058013916 3.18354868888855 3.1977915763855 3.21203446388245 3.22627711296082 3.24052000045776 3.25476288795471 3.26900577545166 3.27960085868835 3.28898000717163 3.29835915565491 3.30773830413818 3.31711745262146 3.32649660110474 3.33587574958801 3.34568738937378 3.35679578781128 3.36790418624878 3.37901282310486 3.39012122154236
