data/working_set_collections/6091692-Cassins_Sparrow-M2/1980/evpsoil_avg.asc
NCOLS 265 
NROWS 230 
XLLCORNER -115.5625 
YLLCORNER 24.8333333333333 
CELLSIZE 0.0833333333333333 
NODATA_value -9999 
[rows 180 to 199 of 230, columns 138 to 183 of 265]
23.188404083252 23.0992774963379 23.0101509094238 22.9210243225098 22.9090099334717 22.9226989746094 22.9363880157471 22.9500770568848 22.9637660980225 22.9774551391602 22.9911441802979 22.9439296722412 22.7140045166016 22.4840793609619 22.2541542053223 22.0242309570312 21.7943058013916 21.564380645752 21.3344554901123 21.4860820770264 21.764892578125 22.0437030792236 22.3225116729736 22.6013221740723 22.8801326751709 23.1589431762695 23.3279037475586 23.1673183441162 23.0067329406738 22.8461456298828 22.6855602264404 22.524974822998 22.3643894195557 22.2038040161133 22.6030616760254 23.1889324188232 23.7748031616211 24.3606758117676 24.9465465545654 25.5324172973633 26.1182899475098 26.6698760986328 27.1186084747314 27.5673408508301 28.0160732269287 28.4648056030273
23.3363704681396 23.2318248748779 23.1272792816162 23.0227336883545 22.9886569976807 22.9780731201172 22.9674873352051 22.956901550293 22.9463176727295 22.9357318878174 22.9251461029053 22.8592510223389 22.6274242401123 22.3955974578857 22.1637706756592 21.9319438934326 21.7001171112061 21.4682903289795 21.2364635467529 21.3810234069824 21.6510448455811 21.9210681915283 22.191089630127 22.4611110687256 22.7311325073242 23.0011558532715 23.1638813018799 23.0047168731689 22.8455543518066 22.6863899230957 22.5272274017334 22.3680648803711 22.2089004516602 22.0497379302979 22.4495429992676 23.0356693267822 23.6217975616455 24.2079238891602 24.7940521240234 25.3801784515381 25.9663066864014 26.5142841339111 26.9478130340576 27.3813419342041 27.8148708343506 28.2483997344971
23.484338760376 23.3643741607666 23.2444076538086 23.1244411468506 23.0683059692383 23.033447265625 22.9985866546631 22.9637279510498 22.9288673400879 22.8940086364746 22.8591499328613 22.7745723724365 22.540843963623 22.3071155548096 22.0733871459961 21.8396587371826 21.6059303283691 21.372200012207 21.1384716033936 21.2759647369385 21.5371990203857 21.798433303833 22.0596656799316 22.3208999633789 22.5821342468262 22.8433685302734 22.9998569488525 22.8421173095703 22.6843757629395 22.5266342163086 22.3688945770264 22.2111530303955 22.0534114837646 21.8956718444824 22.2960243225098 22.8824062347412 23.4687900543213 24.0551738739014 24.6415557861328 25.2279396057129 25.814323425293 26.3586921691895 26.7770175933838 27.1953411102295 27.6136665344238 28.0319919586182
23.6323070526123 23.4969215393066 23.361536026001 23.2261505126953 23.1479549407959 23.0888195037842 23.0296859741211 22.970552444458 22.9114189147949 22.8522853851318 22.7931518554688 22.6898937225342 22.4542636871338 22.2186336517334 21.9830017089844 21.747371673584 21.5117416381836 21.2761116027832 21.0404796600342 21.1709079742432 21.4233531951904 21.6757984161377 21.928243637085 22.1806888580322 22.4331340789795 22.6855812072754 22.8358345031738 22.679515838623 22.5231971740723 22.3668785095215 22.2105598449707 22.0542430877686 21.8979244232178 21.741605758667 22.142505645752 22.7291431427002 23.3157825469971 23.9024219512939 24.4890613555908 25.0757007598877 25.6623401641846 26.2031002044678 26.6062202453613 27.0093421936035 27.4124641418457 27.8155841827393
23.7802753448486 23.6294708251953 23.4786643981934 23.32785987854 23.2276020050049 23.144193649292 23.0607872009277 22.9773788452148 22.893970489502 22.8105621337891 22.7271537780762 22.6052150726318 22.3676834106445 22.1301498413086 21.8926181793213 21.655086517334 21.417552947998 21.1800212860107 20.9424896240234 21.0658493041992 21.3095054626465 21.5531635284424 21.7968215942383 22.0404777526855 22.2841358184814 22.5277938842773 22.6718120574951 22.5169162750244 22.3620204925537 22.2071228027344 22.0522270202637 21.897331237793 21.7424354553223 21.5875396728516 21.9889869689941 22.5758819580078 23.1627769470215 23.7496719360352 24.3365669250488 24.9234619140625 25.5103569030762 26.0475082397461 26.4354248046875 26.8233432769775 27.2112598419189 27.5991764068604
23.928243637085 23.7620182037354 23.5957927703857 23.4295692443848 23.3072509765625 23.1995677947998 23.0918865203857 22.984203338623 22.876522064209 22.7688388824463 22.6611576080322 22.5205364227295 22.2811031341553 22.0416679382324 21.8022346496582 21.5627994537354 21.3233661651611 21.0839309692383 20.8444976806641 20.9607906341553 21.1956596374512 21.4305286407471 21.665397644043 21.9002666473389 22.1351356506348 22.3700065612793 22.5077896118164 22.3543148040771 22.2008419036865 22.0473670959473 21.8938941955566 21.7404193878174 21.5869464874268 21.4334716796875 21.8354682922363 22.4226188659668 23.0097694396973 23.5969200134277 24.1840705871582 24.7712230682373 25.3583736419678 25.8919143676758 26.2646293640137 26.6373424530029 27.0100555419922 27.3827705383301
24.1437110900879 23.9740085601807 23.8043060302734 23.6346035003662 23.4931888580322 23.3612041473389 23.2292194366455 23.0972347259521 22.9652500152588 22.8332653045654 22.7012805938721 22.5420227050781 22.3009433746338 22.0598659515381 21.8187866210938 21.5777072906494 21.3366279602051 21.0955486297607 20.8544692993164 20.9595241546631 21.1799545288086 21.4003868103027 21.6208171844482 21.8412494659424 22.0616798400879 22.282112121582 22.4114761352539 22.2676410675049 22.1238079071045 21.9799728393555 21.8361377716064 21.6923027038574 21.5484676361084 21.4046325683594 21.8072452545166 22.3920078277588 22.976770401001 23.5615329742432 24.1462955474854 24.7310581207275 25.3158206939697 25.8438816070557 26.2018394470215 26.5597972869873 26.9177570343018 27.2757148742676
24.4266757965088 24.265438079834 24.1042022705078 23.942964553833 23.7854194641113 23.6291046142578 23.4727897644043 23.3164730072021 23.1601581573486 23.0038433074951 22.847526550293 22.6696739196777 22.4272079467773 22.1847400665283 21.9422740936279 21.6998081207275 21.4573402404785 21.2148742675781 20.9724082946777 21.062047958374 21.2623920440674 21.4627361297607 21.6630802154541 21.8634243011475 22.0637683868408 22.2641124725342 22.3828754425049 22.2568950653076 22.130916595459 22.0049362182617 21.8789577484131 21.7529773712158 21.6269989013672 21.5010185241699 21.9043216705322 22.4840507507324 23.0637798309326 23.6435089111328 24.223237991333 24.8029670715332 25.3826961517334 25.9034042358398 26.2470569610596 26.5907096862793 26.9343605041504 27.2780132293701
24.7096405029297 24.5568695068359 24.4040985107422 24.2513275146484 24.0776500701904 23.8970031738281 23.7163581848145 23.5357112884521 23.3550662994385 23.1744194030762 22.9937725067139 22.7973251342773 22.5534706115723 22.3096160888672 22.0657615661621 21.8219089508057 21.5780544281006 21.3341999053955 21.0903453826904 21.1645736694336 21.3448295593262 21.5250854492188 21.70534324646 21.8855991363525 22.0658550262451 22.2461109161377 22.3542728424072 22.2461490631104 22.1380252838135 22.0299015045166 21.9217777252197 21.8136539459229 21.705530166626 21.5974063873291 22.0013961791992 22.5760917663574 23.1507873535156 23.7254829406738 24.300178527832 24.8748741149902 25.4495716094971 25.9629287719727 26.2922744750977 26.6216201782227 26.9509658813477 27.2803115844727
24.9926052093506 24.8482990264893 24.7039928436279 24.5596885681152 24.3698787689209 24.1649036407471 23.9599266052246 23.7549495697021 23.5499725341797 23.3449954986572 23.1400203704834 22.924976348877 22.6797351837158 22.4344921112061 22.1892509460449 21.9440078735352 21.698766708374 21.4535236358643 21.2082824707031 21.2670993804932 21.427267074585 21.5874366760254 21.7476043701172 21.9077739715576 22.0679416656494 22.2281112670898 22.3256702423096 22.2354030609131 22.145133972168 22.0548648834229 21.9645977020264 21.8743286132812 21.7840614318848 21.6937923431396 22.0984725952148 22.6681346893311 23.2377967834473 23.8074588775635 24.3771209716797 24.9467830657959 25.5164470672607 26.0224533081055 26.3374919891357 26.652530670166 26.9675693511963 27.2826080322266
25.2755699157715 25.1397285461426 25.0038890838623 24.868049621582 24.662109375 24.4328022003174 24.2034950256348 23.9741878509521 23.7448806762695 23.5155735015869 23.2862663269043 23.0526275634766 22.8059978485107 22.5593681335449 22.3127384185791 22.0661087036133 21.8194789886475 21.5728492736816 21.3262195587158 21.3696231842041 21.5097045898438 21.6497859954834 21.789867401123 21.9299488067627 22.0700302124023 22.210111618042 22.2970695495605 22.2246570587158 22.1522426605225 22.0798301696777 22.007417678833 21.9350051879883 21.8625926971436 21.7901782989502 22.1955471038818 22.7601757049561 23.3248062133789 23.8894348144531 24.4540634155273 25.0186920166016 25.5833225250244 26.0819759368896 26.3827095031738 26.6834411621094 26.9841747283936 27.2849063873291
25.5585346221924 25.4311599731445 25.3037853240967 25.1764106750488 24.9543399810791 24.7007007598877 24.4470634460449 24.1934261322021 23.9397869110107 23.686149597168 23.4325122833252 23.1802787780762 22.9322605133057 22.6842441558838 22.4362258911133 22.1882095336914 21.9401912689209 21.692174911499 21.4441566467285 21.4721488952637 21.5921421051025 21.7121353149414 21.8321304321289 21.9521236419678 22.0721168518066 22.1921119689941 22.2684669494629 22.2139091491699 22.1593532562256 22.1047954559326 22.0502376556396 21.9956798553467 21.9411220550537 21.8865661621094 22.2926235198975 22.8522186279297 23.4118137359619 23.9714107513428 24.531005859375 25.0906009674072 25.6501979827881 26.1415004730225 26.4279270172119 26.7143516540527 27.0007781982422 27.2872047424316
25.8058471679688 25.687068939209 25.5682907104492 25.4495124816895 25.2150764465332 24.9420871734619 24.6690979003906 24.3961086273193 24.123119354248 23.8501300811768 23.5771408081055 23.3072700500488 23.0467548370361 22.7862377166748 22.5257225036621 22.2652053833008 22.0046901702881 21.7441730499268 21.4836578369141 21.5074863433838 21.6260967254639 21.7447071075439 21.8633193969727 21.9819297790527 22.1005401611328 22.2191505432129 22.2976379394531 22.2557487487793 22.2138614654541 22.1719741821289 22.1300868988037 22.0881996154785 22.0463123321533 22.0044250488281 22.4090461730957 22.9625053405762 23.5159645080566 24.0694236755371 24.6228828430176 25.176342010498 25.7297992706299 26.2113666534424 26.4772567749023 26.7431468963623 27.0090370178223 27.2749271392822
26.0175075531006 25.9074573516846 25.7974071502686 25.6873569488525 25.4443225860596 25.15696144104 24.8696002960205 24.582239151001 24.2948780059814 24.0075168609619 23.7201557159424 23.4336032867432 23.1494770050049 22.8653507232666 22.5812244415283 22.29709815979 22.0129718780518 21.7288455963135 21.4447193145752 21.4756355285645 21.6115684509277 21.747501373291 21.8834342956543 22.0193653106689 22.1552982330322 22.2912311553955 22.384578704834 22.3501758575439 22.3157730102539 22.2813701629639 22.2469654083252 22.2125625610352 22.1781597137451 22.1437549591064 22.5448188781738 23.0910377502441 23.6372566223145 24.1834735870361 24.7296924591064 25.2759113311768 25.8221302032471 26.291576385498 26.5307006835938 26.7698249816895 27.0089511871338 27.2480754852295
26.2291679382324 26.1278457641602 26.0265216827393 25.925199508667 25.6735687255859 25.3718357086182 25.0701026916504 24.7683696746826 24.4666366577148 24.1649036407471 23.8631706237793 23.5599365234375 23.2521991729736 22.9444637298584 22.6367263793945 22.3289890289307 22.0212535858154 21.7135162353516 21.4057788848877 21.4437866210938 21.5970401763916 21.7502937316895 21.9035491943359 22.0568027496338 22.2100563049316 22.3633117675781 22.4715213775635 22.4446029663086 22.4176826477051 22.3907642364502 22.3638439178467 22.3369255065918 22.3100051879883 22.2830867767334 22.680591583252 23.2195682525635 23.7585468292236 24.2975254058838 24.8365039825439 25.3754825592041 25.9144611358643 26.3717842102051 26.5841445922852 26.7965049743652 27.0088634490967 27.2212238311768
26.4408302307129 26.3482341766357 26.2556381225586 26.1630420684814 25.9028148651123 25.5867099761963 25.2706050872803 24.9545001983643 24.6383953094482 24.3222904205322 24.0061855316162 23.6862697601318 23.354923248291 23.0235767364502 22.6922283172607 22.3608818054199 22.0295352935791 21.6981887817383 21.3668403625488 21.4119358062744 21.5825119018555 21.7530879974365 21.9236640930176 22.0942401885986 22.2648143768311 22.4353904724121 22.558464050293 22.5390281677246 22.5195941925049 22.5001583099365 22.4807243347168 22.4612884521484 22.4418525695801 22.4224185943604 22.8163623809814 23.3481006622314 23.8798389434814 24.4115772247314 24.9433155059814 25.4750537872314 26.0067901611328 26.4519939422607 26.6375885009766 26.8231830596924 27.0087776184082 27.194372177124
26.6524906158447 26.5686225891113 26.4847526550293 26.4008846282959 26.13205909729 25.8015823364258 25.4711055755615 25.1406288146973 24.810152053833 24.4796752929688 24.1491985321045 23.8126029968262 23.4576454162598 23.1026878356934 22.7477321624756 22.3927745819092 22.0378170013428 21.6828594207764 21.32790184021 21.3800868988037 21.5679836273193 21.7558822631836 21.9437789916992 22.1316757202148 22.3195743560791 22.5074710845947 22.6454067230225 22.6334552764893 22.6215038299561 22.6095542907715 22.5976028442383 22.5856513977051 22.5736999511719 22.5617485046387 22.9521350860596 23.4766330718994 24.0011310577393 24.5256271362305 25.0501251220703 25.5746231079102 26.09912109375 26.5322017669678 26.691032409668 26.8498611450195 27.0086898803711 27.1675205230713
26.8641510009766 26.7890110015869 26.7138690948486 26.6387271881104 26.3613052368164 26.0164566040039 25.6716079711914 25.3267593383789 24.9819107055664 24.6370620727539 24.2922134399414 23.9389362335205 23.5603675842285 23.1818008422852 22.8032341003418 22.4246654510498 22.0460987091064 21.6675319671631 21.2889633178711 21.3482360839844 21.5534553527832 21.758674621582 21.9638938903809 22.1691131591797 22.3743324279785 22.5795516967773 22.732349395752 22.7278823852539 22.7234153747559 22.7189483642578 22.7144813537598 22.7100143432617 22.7055473327637 22.7010803222656 23.0879077911377 23.6051635742188 24.1224212646484 24.6396789550781 25.1569366455078 25.6741943359375 26.1914520263672 26.6124114990234 26.7444744110107 26.8765392303467 27.0086040496826 27.1406688690186
27.0250110626221 26.9399681091309 26.8549251556396 26.7698822021484 26.4827289581299 26.1282043457031 25.7736797332764 25.4191551208496 25.0646305084229 24.7101058959961 24.3555812835693 23.9933528900146 23.6080131530762 23.2226734161377 22.8373336791992 22.4519939422607 22.0666542053223 21.6813144683838 21.2959747314453 21.3885345458984 21.6403923034668 21.8922519683838 22.1441116333008 22.3959693908691 22.6478290557861 22.8996887207031 23.0825881958008 23.0586128234863 23.0346374511719 23.0106601715088 22.9866847991943 22.9627094268799 22.9387340545654 22.9147567749023 23.3103942871094 23.8458995819092 24.3814067840576 24.9169139862061 25.4524211883545 25.9879264831543 26.5234336853027 26.951286315918 27.0561771392822 27.1610660552979 27.2659568786621 27.3708457946777
27.1350688934326 27.0214958190918 26.907922744751 26.7943496704102 26.4963283538818 26.1368236541748 25.7773189544678 25.4178142547607 25.0583095550537 24.6988048553467 24.3393001556396 23.9758529663086 23.6005783081055 23.2253036499023 22.8500289916992 22.4747562408447 22.0994815826416 21.7242069244385 21.3489322662354 21.5009784698486 21.8287944793701 22.1566123962402 22.4844303131104 22.8122463226318 23.140064239502 23.4678821563721 23.6961250305176 23.6256484985352 23.5551700592041 23.484691619873 23.414213180542 23.3437366485596 23.2732582092285 23.2027797698975 23.6195945739746 24.1988410949707 24.7780857086182 25.3573303222656 25.9365768432617 26.5158214569092 27.0950679779053 27.548828125 27.6261348724365 27.703441619873 27.7807483673096 27.8580551147461
