data/working_set_collections/6091692-Cassins_Sparrow-M2/1980/evpsoil_avg.asc
NCOLS 265 
NROWS 230 
XLLCORNER -115.5625 
YLLCORNER 24.8333333333333 
CELLSIZE 0.0833333333333333 
NODATA_value -9999 
[rows 60 to 79 of 230, columns 92 to 137 of 265]
19.1087894439697 18.7802791595459 18.4517688751221 18.1232585906982 17.794750213623 17.4749202728271 17.1579837799072 16.8410491943359 16.524112701416 16.2071781158447 15.8902416229248 15.5733060836792 15.4357061386108 15.8361129760742 16.2365207672119 16.636926651001 17.0373344421387 17.4377422332764 17.8381481170654 18.2385559082031 18.5881500244141 18.920804977417 19.2534618377686 19.5861167907715 19.918773651123 20.2514305114746 20.5840854644775 20.9271087646484 21.3012313842773 21.6753520965576 22.0494747161865 22.4235973358154 22.7977199554443 23.1718425750732 23.5459651947021 23.8160266876221 24.0514011383057 24.2867736816406 24.5221481323242 24.7575225830078 24.9928970336914 25.228271484375 25.3784236907959 25.272912979126 25.1674022674561 25.0618934631348
19.3467216491699 18.9704418182373 18.5941619873047 18.2178840637207 17.8416042327881 17.5974311828613 17.3972930908203 17.1971549987793 16.9970169067383 16.7968788146973 16.5967407226562 16.3966026306152 16.3105449676514 16.5667304992676 16.8229141235352 17.0790977478027 17.3352813720703 17.5914669036865 17.8476505279541 18.1038341522217 18.3939552307129 18.6953887939453 18.9968223571777 19.2982559204102 19.5996894836426 19.901123046875 20.2025566101074 20.5339641571045 20.9552974700928 21.3766307830811 21.7979640960693 22.2192974090576 22.6406307220459 23.0619640350342 23.4832973480225 23.7660274505615 24.0025596618652 24.2390899658203 24.4756202697754 24.7121524810791 24.9486827850342 25.1852130889893 25.3270969390869 25.1850357055664 25.0429744720459 24.900915145874
19.5846538543701 19.1606044769287 18.7365570068359 18.3125076293945 17.8884601593018 17.7199420928955 17.6366024017334 17.5532608032227 17.4699211120605 17.3865814208984 17.3032398223877 17.2199001312256 17.1853847503662 17.2973461151123 17.4093074798584 17.5212688446045 17.6332302093506 17.7451915740967 17.8571529388428 17.9691143035889 18.1997623443604 18.4699726104736 18.7401847839355 19.0103950500488 19.2806053161621 19.5508155822754 19.8210277557373 20.1408214569092 20.6093654632568 21.0779094696045 21.5464515686035 22.0149955749512 22.4835395812988 22.9520835876465 23.4206275939941 23.7160301208496 23.9537181854248 24.19140625 24.4290943145752 24.6667823791504 24.904468536377 25.1421566009521 25.2757701873779 25.0971584320068 24.9185466766357 24.7399368286133
19.8225860595703 19.3507671356201 18.8789501190186 18.407133102417 17.9353141784668 17.8424530029297 17.8759098052979 17.9093685150146 17.9428253173828 17.976282119751 18.0097389221191 18.0431976318359 18.0602245330811 18.0279636383057 17.9957008361816 17.9634399414062 17.9311790466309 17.8989162445068 17.8666553497314 17.8343944549561 18.0055694580078 18.244556427002 18.4835453033447 18.7225341796875 18.9615211486816 19.2005100250244 19.4394969940186 19.7476768493652 20.2634315490723 20.7791862487793 21.2949409484863 21.8106956481934 22.3264503479004 22.8422050476074 23.3579597473145 23.6660308837891 23.9048767089844 24.1437206268311 24.3825664520264 24.621410369873 24.8602561950684 25.099100112915 25.2244434356689 25.0092811584473 24.7941207885742 24.5789585113525
20.0605182647705 19.5409317016602 19.0213432312012 18.5017566680908 17.9821701049805 17.9649639129639 18.1152191162109 18.265474319458 18.4157295227051 18.5659847259521 18.7162380218506 18.8664932250977 18.9350643157959 18.7585792541504 18.5820941925049 18.405611038208 18.2291259765625 18.052640914917 17.8761577606201 17.6996726989746 17.8113765716553 18.0191421508789 18.2269058227539 18.4346714019775 18.6424369812012 18.8502025604248 19.0579681396484 19.3545341491699 19.9174995422363 20.4804649353027 21.0434303283691 21.6063957214355 22.169361114502 22.7323265075684 23.2952919006348 23.6160335540771 23.8560352325439 24.0960369110107 24.3360385894775 24.5760402679443 24.8160419464111 25.0560436248779 25.17311668396 24.9214038848877 24.6696929931641 24.4179801940918
20.2984504699707 19.7310943603516 19.1637382507324 18.5963802337646 18.0290241241455 18.087474822998 18.354528427124 18.6215801239014 18.8886337280273 19.1556854248047 19.422737121582 19.689790725708 19.8099040985107 19.4891967773438 19.1684894561768 18.8477821350098 18.5270748138428 18.2063674926758 17.8856601715088 17.5649528503418 17.6171817779541 17.7937259674072 17.9702682495117 18.1468105316162 18.3233528137207 18.4998970031738 18.6764392852783 18.961389541626 19.5715656280518 20.1817417144775 20.7919178009033 21.4020938873291 22.0122699737549 22.6224460601807 23.2326221466064 23.5660362243652 23.8071937561035 24.0483531951904 24.2895107269287 24.5306701660156 24.7718296051025 25.0129871368408 25.121789932251 24.8335266113281 24.5452651977539 24.2570018768311
20.2236366271973 19.6163864135742 19.0091381072998 18.4018878936768 17.7946376800537 17.9009132385254 18.2450313568115 18.5891494750977 18.9332675933838 19.2773857116699 19.6215019226074 19.9656200408936 20.1334667205811 19.7725028991699 19.4115371704102 19.0505714416504 18.6896076202393 18.3286418914795 17.9676761627197 17.60671043396 17.6320095062256 17.7860641479492 17.9401168823242 18.0941715240479 18.2482261657715 18.4022789001465 18.5563335418701 18.8284397125244 19.4547023773193 20.0809650421143 20.7072296142578 21.3334922790527 21.9597549438477 22.5860195159912 23.2122821807861 23.5524082183838 23.797155380249 24.0419025421143 24.2866497039795 24.5313968658447 24.77614402771 25.0208911895752 25.1292285919189 24.8283367156982 24.5274467468262 24.2265548706055
19.8360786437988 19.1968116760254 18.5575428009033 17.9182758331299 17.2790069580078 17.4052791595459 17.7867298126221 18.1681804656982 18.5496311187744 18.9310817718506 19.3125324249268 19.6939830780029 19.9057579040527 19.6084995269775 19.3112411499023 19.0139827728271 18.716724395752 18.4194660186768 18.1222076416016 17.8249492645264 17.8558578491211 17.9961566925049 18.1364555358887 18.2767543792725 18.4170532226562 18.55735206604 18.6976509094238 18.955680847168 19.5669078826904 20.1781349182129 20.7893619537354 21.4005889892578 22.0118160247803 22.6230430603027 23.2342700958252 23.5751533508301 23.8259201049805 24.0766868591309 24.3274536132812 24.5782203674316 24.828987121582 25.0797538757324 25.1954307556152 24.905834197998 24.6162376403809 24.3266410827637
19.4485206604004 18.7772350311279 18.1059494018555 17.434663772583 16.7633781433105 16.9096450805664 17.3284282684326 17.7472114562988 18.165994644165 18.5847797393799 19.0035629272461 19.4223461151123 19.6780471801758 19.4444942474365 19.2109432220459 18.9773921966553 18.7438411712646 18.510290145874 18.2767391204834 18.0431880950928 18.0797061920166 18.2062511444092 18.3327941894531 18.4593372344971 18.585880279541 18.712423324585 18.8389682769775 19.0829219818115 19.6791133880615 20.2753047943115 20.8714962005615 21.4676856994629 22.0638771057129 22.6600685119629 23.2562580108643 23.5978965759277 23.8546829223633 24.1114692687988 24.368257522583 24.6250438690186 24.8818302154541 25.1386165618896 25.2616310119629 24.9833297729492 24.7050285339355 24.4267272949219
19.0609607696533 18.3576583862305 17.654354095459 16.9510517120361 16.2477493286133 16.4140110015869 16.8701267242432 17.3262424468994 17.7823600769043 18.2384757995605 18.6945934295654 19.1507091522217 19.4503364562988 19.2804908752441 19.1106472015381 18.940803527832 18.7709579467773 18.6011142730713 18.4312705993652 18.2614250183105 18.3035564422607 18.4163436889648 18.5291328430176 18.6419200897217 18.7547073364258 18.8674964904785 18.9802837371826 19.2101650238037 19.7913188934326 20.3724746704102 20.9536285400391 21.534782409668 22.1159381866455 22.6970920562744 23.278247833252 23.6206398010254 23.8834476470947 24.1462535858154 24.4090595245361 24.6718673706055 24.9346733093262 25.1974792480469 25.3278331756592 25.060827255249 24.7938194274902 24.5268135070801
18.6734027862549 17.938081741333 17.2027606964111 16.4674396514893 15.7321186065674 15.9183759689331 16.4118251800537 16.9052753448486 17.3987236022949 17.8921737670898 18.3856220245361 18.8790721893311 19.2226257324219 19.1164875030518 19.0103511810303 18.9042129516602 18.79807472229 18.6919384002686 18.5858001708984 18.479663848877 18.5274047851562 18.6264362335205 18.7254695892334 18.8245029449463 18.9235363006592 19.0225696563721 19.1216011047363 19.3374061584473 19.9035243988037 20.4696426391602 21.0357608795166 21.601879119873 22.1679992675781 22.7341175079346 23.300235748291 23.6433849334717 23.9122104644775 24.181037902832 24.4498634338379 24.7186908721924 24.9875164031982 25.2563438415527 25.3940353393555 25.1383228302002 24.8826122283936 24.6268997192383
18.2858448028564 17.5185050964355 16.7511672973633 15.9838275909424 15.2164888381958 15.4227409362793 15.9535236358643 16.4843063354492 17.0150890350342 17.5458698272705 18.0766525268555 18.6074352264404 18.9949150085449 18.9524841308594 18.9100532531738 18.8676223754883 18.8251934051514 18.7827625274658 18.7403316497803 18.6979026794434 18.7512531280518 18.8365306854248 18.9218082427979 19.0070858001709 19.0923633575439 19.177640914917 19.26291847229 19.4646472930908 20.0157299041748 20.5668125152588 21.1178951263428 21.6689777374268 22.2200584411621 22.7711410522461 23.3222236633301 23.6661281585693 23.940975189209 24.2158203125 24.4906673431396 24.7655143737793 25.0403594970703 25.31520652771 25.4602375030518 25.2158203125 24.9714031219482 24.7269859313965
18.1869449615479 17.440845489502 16.6947460174561 15.9486465454102 15.2025470733643 15.444938659668 16.0168285369873 16.588716506958 17.1606063842773 17.7324962615967 18.3043842315674 18.8762741088867 19.2940864562988 19.2496662139893 19.2052459716797 19.1608276367188 19.1164073944092 19.0719871520996 19.02756690979 18.9831485748291 19.0285110473633 19.1037998199463 19.1790904998779 19.2543811798096 19.3296718597412 19.4049606323242 19.4802513122559 19.6664180755615 20.1852149963379 20.7040100097656 21.222806930542 21.7416038513184 22.2603988647461 22.7791957855225 23.2979927062988 23.6558074951172 23.9599647521973 24.2641201019287 24.5682773590088 24.8724327087402 25.1765880584717 25.4807453155518 25.6528034210205 25.4285640716553 25.2043266296387 24.9800891876221
18.3767070770264 17.7051029205322 17.0334987640381 16.3618946075439 15.6902914047241 15.9849681854248 16.6017379760742 17.2185096740723 17.8352794647217 18.4520492553711 19.0688190460205 19.6855907440186 20.1201419830322 20.00803565979 19.8959293365479 19.7838249206543 19.6717185974121 19.5596141815186 19.4475078582764 19.3354015350342 19.3591785430908 19.4282493591309 19.4973182678223 19.5663890838623 19.6354579925537 19.7045288085938 19.7735996246338 19.9427165985107 20.4119777679443 20.8812370300293 21.3504981994629 21.8197593688965 22.2890186309814 22.758279800415 23.2275409698486 23.6124229431152 23.9691791534424 24.3259353637695 24.6826915740967 25.0394477844238 25.396203994751 25.7529602050781 25.9717330932617 25.7765579223633 25.5813827514648 25.3862075805664
18.5664691925049 17.9693603515625 17.3722515106201 16.7751445770264 16.178035736084 16.5249977111816 17.1866493225098 17.8483009338379 18.509952545166 19.1716022491455 19.8332538604736 20.4949054718018 20.946195602417 20.7664051055908 20.586612701416 20.4068222045898 20.227029800415 20.0472393035889 19.8674488067627 19.6876564025879 19.6898460388184 19.7526969909668 19.8155460357666 19.878396987915 19.9412460327148 20.0040969848633 20.0669460296631 20.21901512146 20.6387405395508 21.058464050293 21.4781894683838 21.8979148864746 22.3176403045654 22.7373638153076 23.1570892333984 23.5690383911133 23.9783935546875 24.3877506256104 24.7971057891846 25.2064628601074 25.6158180236816 26.0251750946045 26.2906627655029 26.1245517730713 25.958438873291 25.7923278808594
18.7562294006348 18.2336177825928 17.7110061645508 17.1883926391602 16.6657810211182 17.0650272369385 17.7715587615967 18.4780921936035 19.1846237182617 19.8911571502686 20.5976886749268 21.304220199585 21.7722511291504 21.5247745513916 21.2772960662842 21.0298194885254 20.7823429107666 20.5348644256592 20.2873878479004 20.0399112701416 20.0205135345459 20.0771446228027 20.1337738037109 20.1904029846191 20.247034072876 20.3036632537842 20.360294342041 20.4953136444092 20.8655033111572 21.2356910705566 21.6058807373047 21.9760704040527 22.3462600708008 22.7164497375488 23.0866374969482 23.5256519317627 23.9876079559326 24.4495639801025 24.9115200042725 25.3734760284424 25.8354320526123 26.2973880767822 26.6095943450928 26.4725456237793 26.3354969024658 26.1984462738037
18.9459915161133 18.497875213623 18.0497589111328 17.6016426086426 17.1535263061523 17.6050567626953 18.3564701080322 19.1078834533691 19.8592967987061 20.610710144043 21.3621234893799 22.1135368347168 22.5983047485352 22.2831420898438 21.9679794311523 21.6528167724609 21.3376541137695 21.0224914550781 20.7073287963867 20.3921661376953 20.3511810302734 20.4015922546387 20.4520015716553 20.5024108886719 20.5528221130371 20.6032314300537 20.6536407470703 20.7716121673584 21.0922660827637 21.4129180908203 21.7335720062256 22.0542259216309 22.3748798370361 22.6955337524414 23.0161876678467 23.4822673797607 23.9968223571777 24.5113792419434 25.025936126709 25.540491104126 26.0550479888916 26.5696029663086 26.928524017334 26.8205375671387 26.712553024292 26.6045665740967
19.1357517242432 18.7621326446533 18.3885116577148 18.0148906707764 17.6412715911865 18.1450862884521 18.9413814544678 19.7376747131348 20.5339698791504 21.3302631378174 22.126558303833 22.9228515625 23.4243602752686 23.0415115356445 22.6586627960205 22.2758140563965 21.8929653167725 21.5101165771484 21.1272678375244 20.7444190979004 20.6818504333496 20.7260398864746 20.7702293395996 20.8144187927246 20.8586082458496 20.9027976989746 20.9469890594482 21.0479106903076 21.3190288543701 21.590145111084 21.8612632751465 22.132381439209 22.4034996032715 22.674617767334 22.9457359313965 23.4388828277588 24.0060386657715 24.5731945037842 25.1403503417969 25.7075061798096 26.2746620178223 26.841817855835 27.2474536895752 27.1685314178467 27.0896091461182 27.0106868743896
19.5638046264648 19.2596549987793 18.9555072784424 18.6513576507568 18.3472080230713 18.8543548583984 19.6319332122803 20.4095115661621 21.1870899200439 21.9646663665771 22.742244720459 23.5198230743408 23.9891128540039 23.533540725708 23.0779666900635 22.6223945617676 22.1668224334717 21.7112483978271 21.2556762695312 20.8001022338867 20.7371692657471 20.8051147460938 20.8730602264404 20.9410057067871 21.0089511871338 21.0768966674805 21.1448421478271 21.2555484771729 21.4945316314697 21.7335166931152 21.9724998474121 22.211483001709 22.4504680633545 22.6894512176514 22.9284343719482 23.4199905395508 23.9957389831543 24.5714855194092 25.1472320556641 25.7229785919189 26.2987251281738 26.8744716644287 27.2942180633545 27.245964050293 27.1977081298828 27.1494541168213
20.2301464080811 19.9904460906982 19.7507438659668 19.5110416412354 19.2713394165039 19.7328624725342 20.4281272888184 21.1233921051025 21.8186569213867 22.5139217376709 23.2091865539551 23.9044494628906 24.2925643920898 23.7592296600342 23.2258930206299 22.6925582885742 22.1592216491699 21.6258869171143 21.09255027771 20.5592155456543 20.5171394348145 20.6388168334961 20.7604942321777 20.8821716308594 21.003849029541 21.1255264282227 21.2472038269043 21.3945255279541 21.6187763214111 21.8430290222168 22.0672798156738 22.2915325164795 22.5157833099365 22.7400341033936 22.9642868041992 23.4255962371826 23.9659233093262 24.5062522888184 25.0465812683105 25.5869083404541 26.1272373199463 26.6675662994385 27.0688171386719 27.0528335571289 27.0368518829346 27.0208702087402
