data/working_set_collections/6091692-Cassins_Sparrow-M2/1980/evpsoil_avg.asc
NCOLS 265 
NROWS 230 
XLLCORNER -115.5625 
YLLCORNER 24.8333333333333 
CELLSIZE 0.0833333333333333 
NODATA_value -9999 
[rows 40 to 59 of 230, columns 184 to 229 of 265]
24.1687831878662 24.5315074920654 24.8942317962646 25.014684677124 25.0543804168701 25.0940761566162 25.1337738037109 25.173469543457 25.2131652832031 25.2528610229492 25.3413925170898 25.5764274597168 25.8114624023438 26.0464992523193 26.2815341949463 26.5165691375732 26.7516059875488 26.9866409301758 27.1494274139404 27.2881336212158 27.4268379211426 27.565544128418 27.7042484283447 27.8429527282715 27.9816589355469 28.1209201812744 28.2618579864502 28.4027938842773 28.5437297821045 28.6846656799316 28.8256015777588 28.9665393829346 29.1074752807617 29.5204658508301 30.0241432189941 30.5278186798096 31.0314960479736 31.5351715087891 32.0388488769531 32.5425262451172 33.0217247009277 33.4274864196777 33.8332481384277 34.239013671875 34.644775390625 35.050537109375
24.5718593597412 24.8377094268799 25.1035594940186 25.1853828430176 25.2058639526367 25.2263450622559 25.246826171875 25.2673072814941 25.2877883911133 25.3082695007324 25.3827323913574 25.619140625 25.8555507659912 26.0919609069824 26.3283710479736 26.5647792816162 26.8011894226074 27.0375995635986 27.2337970733643 27.4165916442871 27.5993843078613 27.7821788787842 27.964973449707 28.1477680206299 28.3305606842041 28.488712310791 28.5729293823242 28.6571483612061 28.7413673400879 28.8255863189697 28.9098033905029 28.9940223693848 29.0782413482666 29.462215423584 29.9461097717285 30.430004119873 30.9138984680176 31.3977928161621 31.8816871643066 32.3655815124512 32.8376770019531 33.2743797302246 33.7110862731934 34.1477890014648 34.5844917297363 35.0211982727051
24.8279361724854 25.0255908966064 25.2232437133789 25.2832183837891 25.2973003387451 25.3113803863525 25.3254623413086 25.339542388916 25.3536243438721 25.3677043914795 25.4353008270264 25.6634387969971 25.8915767669678 26.1197166442871 26.3478546142578 26.5759925842285 26.8041324615479 27.0322704315186 27.240140914917 27.441255569458 27.6423721313477 27.8434867858887 28.0446014404297 28.2457160949707 28.4468307495117 28.6154747009277 28.6867008209229 28.7579250335693 28.8291511535645 28.9003772735596 28.9716033935547 29.0428276062012 29.1140537261963 29.4805221557617 29.9454040527344 30.410285949707 30.8751678466797 31.3400497436523 31.804931640625 32.2698135375977 32.7315330505371 33.183765411377 33.6359977722168 34.0882301330566 34.5404624938965 34.9926948547363
24.93701171875 25.0951480865479 25.2532863616943 25.3081912994385 25.3286876678467 25.3491840362549 25.3696804046631 25.3901767730713 25.4106731414795 25.4311695098877 25.4990978240967 25.7093200683594 25.9195423126221 26.1297645568848 26.3399868011475 26.5502090454102 26.7604312896729 26.9706535339355 27.1684608459473 27.3621292114258 27.5557975769043 27.7494640350342 27.9431324005127 28.1368007659912 28.3304691314697 28.5012092590332 28.6031665802002 28.7051258087158 28.8070831298828 28.9090404510498 29.0109977722168 29.1129550933838 29.2149143218994 29.5753841400146 30.0220241546631 30.4686641693115 30.91530418396 31.3619441986084 31.8085861206055 32.2552261352539 32.7032928466797 33.1556396484375 33.6079902648926 34.0603370666504 34.5126876831055 34.9650344848633
25.0460872650146 25.1647071838379 25.2833271026611 25.3331661224365 25.3600769042969 25.3869876861572 25.4139003753662 25.4408111572266 25.4677219390869 25.4946346282959 25.562894821167 25.7552013397217 25.9475059509277 26.1398124694824 26.3321189880371 26.5244255065918 26.7167320251465 26.9090385437012 27.0967807769775 27.2830009460449 27.4692230224609 27.6554431915283 27.8416633605957 28.0278854370117 28.2141056060791 28.3869438171387 28.5196342468262 28.6523246765137 28.7850131988525 28.91770362854 29.0503940582275 29.183084487915 29.3157730102539 29.6702442169189 30.0986442565918 30.527042388916 30.9554405212402 31.3838405609131 31.8122386932373 32.2406387329102 32.6750526428223 33.1275177001953 33.5799827575684 34.0324440002441 34.4849090576172 34.9373741149902
25.1551628112793 25.2342662811279 25.3133678436279 25.3581390380859 25.3914661407471 25.4247913360596 25.4581184387207 25.4914455413818 25.524772644043 25.5580997467041 25.6266918182373 25.8010807037354 25.975471496582 26.1498622894287 26.3242511749268 26.4986419677734 26.6730308532715 26.8474216461182 27.0250988006592 27.2038726806641 27.3826465606689 27.5614223480225 27.7401962280273 27.9189701080322 28.0977439880371 28.2726802825928 28.4361019134521 28.5995235443115 28.7629451751709 28.9263668060303 29.0897884368896 29.2532119750977 29.416633605957 29.7651062011719 30.1752643585205 30.5854206085205 30.9955787658691 31.4057350158691 31.8158931732178 32.2260475158691 32.6468124389648 33.0993919372559 33.5519714355469 34.0045547485352 34.4571342468262 34.9097137451172
25.2642383575439 25.3038234710693 25.3434085845947 25.3831119537354 25.4228534698486 25.4625968933105 25.5023384094238 25.5420799255371 25.5818214416504 25.6215629577637 25.6904888153076 25.8469619750977 26.0034351348877 26.1599102020264 26.3163833618164 26.4728565216064 26.6293315887451 26.7858047485352 26.9534187316895 27.1247463226318 27.2960720062256 27.467399597168 27.6387271881104 27.8100547790527 27.9813804626465 28.1584148406982 28.3525695800781 28.5467224121094 28.7408771514893 28.9350299835205 29.1291847229004 29.3233394622803 29.5174922943115 29.8599681854248 30.2518844604492 30.643798828125 31.0357151031494 31.4276294708252 31.8195457458496 32.2114601135254 32.6185722351074 33.0712661743164 33.5239639282227 33.9766616821289 34.4293556213379 34.8820533752441
25.3733158111572 25.3733825683594 25.3734512329102 25.4080848693848 25.4542427062988 25.5004005432129 25.5465564727783 25.5927143096924 25.6388702392578 25.6850280761719 25.7542858123779 25.89284324646 26.031400680542 26.169958114624 26.3085155487061 26.4470729827881 26.5856304168701 26.7241878509521 26.8817386627197 27.045618057251 27.2094974517822 27.3733787536621 27.5372581481934 27.7011375427246 27.8650188446045 28.0441493988037 28.2690353393555 28.4939212799072 28.718807220459 28.9436950683594 29.1685810089111 29.3934669494629 29.6183528900146 29.9548301696777 30.3285026550293 30.7021770477295 31.0758514404297 31.4495258331299 31.8231983184814 32.1968727111816 32.59033203125 33.0431442260742 33.4959564208984 33.9487686157227 34.4015808105469 34.8543930053711
25.4199542999268 25.4024353027344 25.384916305542 25.4206829071045 25.4742107391357 25.527738571167 25.5812664031982 25.6347923278809 25.6883201599121 25.7418479919434 25.814208984375 25.9430694580078 26.071928024292 26.2007865905762 26.329647064209 26.4585056304932 26.587366104126 26.7162246704102 26.8630695343018 27.0159111022949 27.1687507629395 27.3215923309326 27.4744319915771 27.6272735595703 27.7801132202148 27.9577121734619 28.2095813751221 28.4614505767822 28.713321685791 28.9651908874512 29.2170600891113 29.4689311981201 29.7208003997803 30.0588321685791 30.4255867004395 30.7923393249512 31.1590938568115 31.5258464813232 31.8926010131836 32.2593536376953 32.6446723937988 33.0856819152832 33.5266876220703 33.9676971435547 34.4087066650391 34.8497161865234
25.4041576385498 25.3909816741943 25.3778057098389 25.4209022521973 25.4827556610107 25.5446109771729 25.6064643859863 25.6683177947998 25.7301712036133 25.7920246124268 25.8702602386475 25.9976387023926 26.1250171661377 26.2523956298828 26.3797760009766 26.5071544647217 26.6345329284668 26.7619132995605 26.8974132537842 27.035623550415 27.1738319396973 27.3120403289795 27.4502506256104 27.5884590148926 27.7266674041748 27.8991012573242 28.1742057800293 28.4493103027344 28.7244167327881 28.9995212554932 29.2746257781982 29.5497303009033 29.8248348236084 30.1719779968262 30.5431327819824 30.91428565979 31.2854404449463 31.6565952301025 32.0277481079102 32.3989028930664 32.7815933227539 33.1988792419434 33.6161651611328 34.0334510803223 34.4507369995117 34.8680229187012
25.3883609771729 25.3795280456543 25.3706970214844 25.4211235046387 25.4913024902344 25.5614814758301 25.6316623687744 25.7018413543701 25.7720203399658 25.8422012329102 25.9263095855713 26.0522079467773 26.1781063079834 26.3040065765381 26.4299049377441 26.5558032989502 26.6817016601562 26.8076000213623 26.9317588806152 27.0553359985352 27.1789131164551 27.302490234375 27.4260673522949 27.5496444702148 27.6732234954834 27.8404903411865 28.1388301849365 28.4371700286865 28.7355117797852 29.0338516235352 29.3321914672852 29.6305313110352 29.9288711547852 30.2851219177246 30.6606769561768 31.0362339019775 31.4117889404297 31.7873439788818 32.162899017334 32.5384559631348 32.9185104370117 33.3120765686035 33.705638885498 34.0992012023926 34.4927673339844 34.8863296508789
25.3725643157959 25.3680744171143 25.3635864257812 25.4213428497314 25.499849319458 25.5783538818359 25.6568603515625 25.7353649139404 25.813871383667 25.8923759460449 25.9823608398438 26.1067790985107 26.2311973571777 26.3556156158447 26.4800338745117 26.6044521331787 26.7288703918457 26.8532886505127 26.9661026000977 27.0750484466553 27.1839942932129 27.2929401397705 27.4018859863281 27.5108318328857 27.6197776794434 27.7818794250488 28.1034545898438 28.4250297546387 28.7466049194336 29.0681800842285 29.3897552490234 29.7113304138184 30.0329055786133 30.3982677459717 30.7782230377197 31.1581802368164 31.5381355285645 31.9180927276611 32.2980499267578 32.6780052185059 33.0554313659668 33.4252738952637 33.7951126098633 34.1649551391602 34.5347938537598 34.9046363830566
25.3567676544189 25.3566226959229 25.3564777374268 25.4215641021729 25.5083961486816 25.5952262878418 25.6820583343506 25.7688903808594 25.8557205200195 25.9425525665283 26.0384101867676 26.1613483428955 26.2842864990234 26.4072246551514 26.5301628112793 26.6531009674072 26.7760391235352 26.8989772796631 27.0004463195801 27.0947608947754 27.1890754699707 27.2833881378174 27.3777027130127 27.472017288208 27.5663318634033 27.7232685089111 28.068078994751 28.4128894805908 28.7576999664307 29.1025104522705 29.4473209381104 29.7921314239502 30.13694190979 30.5114116668701 30.8957691192627 31.2801265716553 31.6644840240479 32.0488395690918 32.4331970214844 32.817554473877 33.1923522949219 33.5384712219238 33.8845901489258 34.2307052612305 34.5768241882324 34.9229431152344
25.340970993042 25.3451690673828 25.3493671417236 25.4217853546143 25.5169410705566 25.6120986938477 25.7072563171387 25.8024139404297 25.8975715637207 25.9927272796631 26.0944595336914 26.2159175872803 26.3373756408691 26.458833694458 26.5802917480469 26.7017498016357 26.8232078552246 26.9446640014648 27.0347919464111 27.1144733428955 27.1941566467285 27.2738380432129 27.3535213470459 27.4332027435303 27.5128860473633 27.6646595001221 28.0327033996582 28.400749206543 28.7687950134277 29.1368408203125 29.5048866271973 29.872932434082 30.2409782409668 30.6245574951172 31.0133152008057 31.4020729064941 31.7908306121826 32.1795883178711 32.5683479309082 32.957103729248 33.329273223877 33.651668548584 33.974063873291 34.296459197998 34.6188545227051 34.9412498474121
25.3206958770752 25.3270454406738 25.3333930969238 25.4101009368896 25.5102615356445 25.6104221343994 25.7105827331543 25.8107433319092 25.9109039306641 26.0110645294189 26.1161136627197 26.2358283996582 26.3555431365967 26.4752597808838 26.5949745178223 26.7146892547607 26.8344039916992 26.9541206359863 27.0364093780518 27.1062240600586 27.1760387420654 27.2458534240723 27.3156681060791 27.3854827880859 27.4552974700928 27.6048049926758 27.9933948516846 28.3819847106934 28.7705726623535 29.1591625213623 29.5477523803711 29.9363403320312 30.32493019104 30.7136287689209 31.1023654937744 31.4911022186279 31.8798389434814 32.2685737609863 32.6573104858398 33.0460472106934 33.4139823913574 33.7195091247559 34.0250396728516 34.33056640625 34.6360969543457 34.9416236877441
25.2959461212158 25.3022518157959 25.308557510376 25.3865146636963 25.4883556365967 25.5901966094971 25.6920375823975 25.7938785552979 25.8957195281982 25.9975605010986 26.1033687591553 26.2210788726807 26.3387889862061 26.4565010070801 26.5742111206055 26.6919212341309 26.8096313476562 26.9273414611816 27.0053024291992 27.0700130462646 27.1347236633301 27.1994342803955 27.2641448974609 27.3288555145264 27.3935661315918 27.5437107086182 27.9501514434814 28.3565921783447 28.7630348205566 29.1694755554199 29.5759162902832 29.9823589324951 30.3887996673584 30.7786293029785 31.1629219055176 31.547212600708 31.9315052032471 32.3157958984375 32.7000885009766 33.0843811035156 33.4464797973633 33.7419967651367 34.0375137329102 34.3330307006836 34.628547668457 34.9240646362305
25.2711944580078 25.277458190918 25.2837200164795 25.3629264831543 25.4664497375488 25.5699710845947 25.6734924316406 25.7770137786865 25.8805351257324 25.9840564727783 26.0906238555908 26.2063293457031 26.3220348358154 26.4377422332764 26.5534477233887 26.669153213501 26.7848587036133 26.9005641937256 26.9741954803467 27.0338020324707 27.0934085845947 27.1530151367188 27.2126216888428 27.2722282409668 27.3318367004395 27.4826145172119 27.9069080352783 28.3312015533447 28.7554950714111 29.1797885894775 29.6040821075439 30.0283756256104 30.4526691436768 30.8436298370361 31.2234764099121 31.6033248901367 31.9831714630127 32.3630180358887 32.7428665161133 33.1227149963379 33.4789772033691 33.7644844055176 34.0499877929688 34.3354949951172 34.6210021972656 34.9065093994141
25.2464427947998 25.25266456604 25.2588844299316 25.3393402099609 25.4445419311523 25.5497436523438 25.6549472808838 25.7601490020752 25.8653507232666 25.970552444458 26.0778789520264 26.1915798187256 26.3052806854248 26.418981552124 26.5326824188232 26.6463832855225 26.7600841522217 26.8737850189209 26.9430885314941 26.9975910186768 27.0520935058594 27.106595993042 27.1610984802246 27.2156028747559 27.2701053619385 27.4215183258057 27.8636646270752 28.3058109283447 28.7479553222656 29.1901016235352 29.6322479248047 30.0743942260742 30.5165405273438 30.9086284637451 31.2840328216553 31.6594352722168 32.034839630127 32.4102401733398 32.78564453125 33.1610488891602 33.511474609375 33.7869682312012 34.0624656677246 34.3379592895508 34.6134567260742 34.8889503479004
25.2216930389404 25.2278690338135 25.2340469360352 25.3157539367676 25.4226360321045 25.5295181274414 25.636402130127 25.7432842254639 25.8501663208008 25.9570503234863 26.0651359558105 26.1768321990967 26.2885284423828 26.4002227783203 26.5119190216064 26.6236152648926 26.7353115081787 26.8470077514648 26.9119815826416 26.9613800048828 27.010778427124 27.0601768493652 27.1095771789551 27.1589756011963 27.2083740234375 27.3604221343994 27.8204212188721 28.2804183959961 28.7404174804688 29.2004146575928 29.6604137420654 30.1204109191895 30.5804100036621 30.9736289978027 31.3445873260498 31.7155456542969 32.0865058898926 32.457462310791 32.8284225463867 33.1993827819824 33.5439720153809 33.809455871582 34.0749397277832 34.3404235839844 34.6059074401855 34.8713912963867
25.1969413757324 25.2030754089355 25.2092113494873 25.2921657562256 25.4007301330566 25.5092926025391 25.6178569793701 25.7264194488525 25.834981918335 25.943546295166 26.0523910522461 26.1620826721191 26.2717742919922 26.3814640045166 26.4911556243896 26.6008472442627 26.7105388641357 26.8202304840088 26.8808746337891 26.9251689910889 26.9694633483887 27.0137577056885 27.0580539703369 27.1023483276367 27.1466426849365 27.2993278503418 27.7771778106689 28.2550277709961 28.7328777313232 29.2107276916504 29.6885795593262 30.1664295196533 30.6442794799805 31.0386276245117 31.4051418304443 31.7716579437256 32.1381721496582 32.5046882629395 32.8712005615234 33.2377166748047 33.5764694213867 33.8319435119629 34.0874176025391 34.342887878418 34.5983619689941 34.8538360595703
