data/working_set_collections/6091692-Cassins_Sparrow-M2/1980/evptrns_avg.asc
NCOLS 265 
NROWS 230 
XLLCORNER -115.5625 
YLLCORNER 24.8333333333333 
CELLSIZE 0.0833333333333333 
NODATA_value -9999 
[rows 200 to 219 of 230, columns 45 to 89 of 265]
-9999 -9999 -9999 -9999 -9999 -9999 -9999 -9999 -9999 -9999 -9999 -9999 -9999 -9999 -9999 -9999 -9999 2.09310293197632 2.65569686889648 3.21829056739807 3.78088450431824 4.34347820281982 5.25508213043213 6.28302335739136 7.31096410751343 8.33890438079834 9.36684513092041 10.3947858810425 11.4227266311646 12.5191078186035 13.8208074569702 15.1225070953369 16.4242076873779 17.7259063720703 19.0276069641113 20.3293056488037 21.6310062408447 22.9355144500732 24.2409572601318 25.5464019775391 26.8518447875977 28.1572895050049 29.4627323150635 30.7681770324707 31.7882595062256
-9999 -9999 -9999 -9999 -9999 -9999 -9999 -9999 -9999 -9999 -9999 -9999 -9999 -9999 -9999 -9999 -9999 -9999 2.41824817657471 2.92803573608398 3.43782305717468 3.94761061668396 4.82550716400146 5.82610702514648 6.82670640945435 7.82730627059937 8.82790565490723 9.82850551605225 10.829104423523 11.9201574325562 13.282567024231 14.6449775695801 16.0073871612549 17.3697967529297 18.7322063446045 20.0946178436279 21.4570274353027 22.7266788482666 23.9654083251953 25.2041397094727 26.44287109375 27.6816005706787 28.9203319549561 30.1590633392334 31.1485767364502
-9999 -9999 -9999 -9999 -9999 -9999 -9999 -9999 -9999 -9999 -9999 -9999 -9999 -9999 -9999 -9999 -9999 -9999 -9999 -9999 3.09476184844971 3.5517430305481 4.3959321975708 5.36919069290161 6.34244918823242 7.31570720672607 8.28896617889404 9.2622241973877 10.2354822158813 11.3212060928345 12.7443265914917 14.1674470901489 15.5905675888062 17.0136871337891 18.4368076324463 19.8599281311035 21.2830486297607 22.5178413391113 23.6898593902588 24.8618774414062 26.0338954925537 27.2059135437012 28.3779315948486 29.5499496459961 30.5088958740234
-9999 -9999 -9999 -9999 -9999 -9999 -9999 -9999 -9999 -9999 -9999 -9999 -9999 -9999 -9999 -9999 -9999 -9999 -9999 -9999 -9999 3.15587544441223 3.96635723114014 4.91227436065674 5.85819149017334 6.80410861968994 7.75002574920654 8.69594287872314 9.64186000823975 10.7222557067871 12.2060861587524 13.6899175643921 15.1737480163574 16.6575775146484 18.1414089202881 19.6252403259277 21.1090698242188 22.3090057373047 23.4143104553223 24.5196170806885 25.6249217987061 26.7302265167236 27.8355312347412 28.9408359527588 29.869213104248
-9999 -9999 -9999 -9999 -9999 -9999 -9999 -9999 -9999 -9999 -9999 -9999 -9999 -9999 -9999 -9999 -9999 -9999 -9999 -9999 -9999 -9999 3.49929571151733 4.43217754364014 5.36505937576294 6.2979416847229 7.2308235168457 8.16370582580566 9.09658718109131 10.17458152771 11.6879100799561 13.2012395858765 14.7145681381226 16.227897644043 17.7412261962891 19.2545566558838 20.7678852081299 21.9305858612061 22.9764137268066 24.0222396850586 25.0680656433105 26.1138916015625 27.1597175598145 28.2055435180664 29.1069583892822
0.0586631782352924 0.051194254308939 -9999 -9999 -9999 -9999 -9999 -9999 -9999 -9999 -9999 -9999 -9999 -9999 -9999 -9999 -9999 -9999 -9999 -9999 -9999 -9999 -9999 3.92890024185181 4.86305284500122 5.79720592498779 6.73135852813721 7.66551113128662 8.59966373443604 9.67818260192871 11.1897983551025 12.7014141082764 14.2130298614502 15.724645614624 17.2362613677979 18.7478771209717 20.2594928741455 21.3825836181641 22.3761653900146 23.3697452545166 24.3633270263672 25.3569087982178 26.3504905700684 27.3440723419189 28.222131729126
0.0548063591122627 0.0482567511498928 0.0417071431875229 -9999 -9999 -9999 -9999 -9999 -9999 -9999 -9999 -9999 -9999 -9999 -9999 -9999 -9999 -9999 -9999 -9999 -9999 -9999 -9999 -9999 4.3610463142395 5.29646968841553 6.23189353942871 7.16731691360474 8.10274028778076 9.18178367614746 10.6916856765747 12.2015886306763 13.7114915847778 15.2213935852051 16.7312965393066 18.2411994934082 19.7511024475098 20.8345794677734 21.7759170532227 22.7172527313232 23.6585903167725 24.599925994873 25.5412635803223 26.4825992584229 27.3373050689697
0.050949539989233 0.0453192517161369 0.0396889597177505 -9999 -9999 -9999 -9999 -9999 -9999 -9999 -9999 -9999 -9999 -9999 -9999 -9999 -9999 -9999 -9999 -9999 -9999 -9999 -9999 -9999 -9999 4.79573392868042 5.73242807388306 6.66912221908569 7.60581636428833 8.68538475036621 10.1935739517212 11.7017631530762 13.2099523544312 14.7181415557861 16.2263317108154 17.7345199584961 19.2427101135254 20.2865772247314 21.1756687164307 22.0647602081299 22.9538516998291 23.8429431915283 24.7320365905762 25.6211280822754 26.4524765014648
0.0470927245914936 0.0423817485570908 0.0376707725226879 -9999 -9999 -9999 -9999 -9999 -9999 -9999 -9999 -9999 -9999 -9999 -9999 -9999 -9999 -9999 -9999 -9999 -9999 -9999 -9999 -9999 -9999 -9999 -9999 -9999 -9999 8.18898582458496 9.69546127319336 11.2019376754761 12.7084140777588 14.2148904800415 15.7213659286499 17.2278423309326 18.734317779541 19.7385730743408 20.5754203796387 21.4122676849365 22.2491149902344 23.0859622955322 23.9228096008301 24.7596569061279 25.5676498413086
0.0432359054684639 0.0394442453980446 0.0356525890529156 0.0318609327077866 -9999 -9999 -9999 -9999 -9999 -9999 -9999 -9999 -9999 -9999 -9999 -9999 -9999 -9999 -9999 -9999 -9999 -9999 -9999 -9999 -9999 -9999 -9999 -9999 -9999 7.69258642196655 9.19734954833984 10.702112197876 12.2068748474121 13.7116384506226 15.2164011001587 16.7211647033691 18.2259273529053 19.1905689239502 19.9751720428467 20.7597751617432 21.544376373291 22.3289794921875 23.113582611084 23.8981838226318 24.6828231811523
0.052334863692522 0.0493323914706707 0.0463299192488194 0.0433274507522583 0.040324978530407 -9999 -9999 -9999 -9999 -9999 -9999 -9999 -9999 -9999 -9999 -9999 -9999 -9999 -9999 -9999 -9999 -9999 -9999 -9999 -9999 -9999 -9999 -9999 -9999 7.2700605392456 8.75881099700928 10.247561454773 11.7363119125366 13.2250623703003 14.713812828064 16.2025623321533 17.691312789917 18.6260719299316 19.3761672973633 20.1262607574463 20.8763561248779 21.6264495849609 22.3765449523926 23.1266403198242 23.8911266326904
0.0743895992636681 0.0720461830496788 0.0697027668356895 0.0673593506217003 0.0650159418582916 0.0626725256443024 -9999 -9999 -9999 -9999 -9999 -9999 -9999 -9999 -9999 -9999 -9999 -9999 -9999 -9999 -9999 -9999 -9999 -9999 -9999 -9999 -9999 -9999 -9999 6.92140769958496 8.37984657287598 9.83828449249268 11.2967233657837 12.7551622390747 14.2136011123657 15.6720390319824 17.1304779052734 18.0450801849365 18.7784042358398 19.5117282867432 20.2450523376465 20.9783744812012 21.7116985321045 22.4450225830078 23.1925621032715
0.0964443311095238 0.0947599709033966 0.09307561814785 0.0913912579417229 0.0897068977355957 0.0880225449800491 -9999 -9999 -9999 -9999 -9999 -9999 -9999 -9999 -9999 -9999 -9999 -9999 -9999 -9999 -9999 -9999 -9999 -9999 -9999 -9999 -9999 -9999 -9999 6.57275485992432 8.00088119506836 9.42900848388672 10.8571348190308 12.2852621078491 13.7133884429932 15.1415157318115 16.5696430206299 17.4640884399414 18.1806411743164 18.8971939086914 19.6137466430664 20.3302993774414 21.0468521118164 21.76340675354 22.4939994812012
0.118499062955379 0.117473766207695 0.11644846200943 0.115423165261745 0.11439786106348 0.113372564315796 -9999 -9999 -9999 -9999 -9999 -9999 -9999 -9999 -9999 -9999 -9999 -9999 -9999 -9999 -9999 -9999 -9999 -9999 -9999 -9999 -9999 -9999 -9999 6.22410202026367 7.62191677093506 9.01973152160645 10.4175472259521 11.8153619766235 13.2131767272949 14.6109924316406 16.0088062286377 16.8830966949463 17.5828800201416 18.2826614379883 18.982442855835 19.6822242736816 20.382007598877 21.0817890167236 21.7954349517822
0.140553802251816 0.140187546610832 0.13982130587101 0.139455065131187 0.139088824391365 0.138722583651543 -9999 -9999 -9999 -9999 -9999 -9999 -9999 -9999 -9999 -9999 -9999 -9999 -9999 -9999 -9999 -9999 -9999 -9999 -9999 -9999 -9999 -9999 4.98452758789062 5.87544918060303 7.24295234680176 8.61045551300049 9.97795867919922 11.345461845398 12.7129650115967 14.0804681777954 15.4479713439941 16.3021049499512 16.9851169586182 17.6681270599365 18.3511390686035 19.0341491699219 19.7171611785889 20.4001712799072 21.0968704223633
0.162608534097672 0.162901341915131 0.163194164633751 0.16348697245121 0.163779780268669 0.164072602987289 -9999 -9999 0.136314302682877 -9999 -9999 -9999 -9999 -9999 -9999 -9999 -9999 -9999 -9999 -9999 -9999 -9999 -9999 -9999 -9999 -9999 -9999 3.99220633506775 4.67808723449707 5.52679586410522 6.8639874458313 8.20117855072021 9.53837013244629 10.8755617141724 12.2127532958984 13.5499448776245 14.8871364593506 15.7211141586304 16.3873538970947 17.0535945892334 17.7198352813721 18.3860740661621 19.0523147583008 19.7185554504395 20.3983058929443
0.179679617285728 0.180221572518349 0.180763527750969 0.181305468082428 0.181847423315048 0.182389378547668 -9999 -9999 -9999 -9999 -9999 -9999 -9999 -9999 -9999 -9999 -9999 -9999 -9999 -9999 -9999 -9999 -9999 -9999 -9999 -9999 -9999 3.7136504650116 4.34926319122314 5.1524863243103 6.45853853225708 7.76459074020386 9.07064342498779 10.3766956329346 11.6827478408813 12.9888000488281 14.2948522567749 15.1169586181641 15.7777500152588 16.4385414123535 17.0993309020996 17.7601222991943 18.4209136962891 19.0817050933838 19.7600288391113
0.191767051815987 0.192148223519325 0.192529395222664 0.192910566926003 0.193291738629341 0.19367291033268 -9999 0.179256498813629 -9999 -9999 -9999 -9999 -9999 -9999 -9999 -9999 -9999 -9999 -9999 -9999 -9999 -9999 -9999 -9999 -9999 -9999 -9999 -9999 3.99805521965027 4.75251913070679 6.02660512924194 7.3006911277771 8.5747766494751 9.84886264801025 11.1229486465454 12.3970346450806 13.6711206436157 14.4896392822266 15.1563034057617 15.8229665756226 16.4896297454834 17.1562938690186 17.8229579925537 18.4896202087402 19.1820392608643
0.203854501247406 0.204074889421463 0.20429527759552 0.204515665769577 0.204736068844795 0.204956457018852 -9999 -9999 -9999 -9999 -9999 -9999 -9999 -9999 -9999 -9999 -9999 -9999 -9999 -9999 -9999 -9999 -9999 -9999 -9999 -9999 -9999 -9999 -9999 4.35255241394043 5.59467172622681 6.83679151535034 8.07891082763672 9.32103061676025 10.5631494522095 11.805269241333 13.0473890304565 13.8623208999634 14.5348567962646 15.2073926925659 15.8799285888672 16.5524654388428 17.2250003814697 17.8975372314453 18.6040477752686
0.215941935777664 0.216001555323601 0.216061159968376 0.216120764613152 0.216180384159088 0.216239988803864 0.216299593448639 0.200500518083572 -9999 -9999 -9999 -9999 -9999 -9999 -9999 -9999 -9999 -9999 -9999 -9999 -9999 -9999 -9999 -9999 -9999 -9999 -9999 -9999 -9999 -9999 5.16273880004883 6.37289190292358 7.58304452896118 8.79319763183594 10.0033512115479 11.2135038375854 12.4236574172974 13.2350015640259 13.9134101867676 14.5918188095093 15.270227432251 15.9486360549927 16.6270446777344 17.3054523468018 18.0260581970215
