data/working_set_collections/6091692-Cassins_Sparrow-M2/1980/evptrns_avg.asc
NCOLS 265 
NROWS 230 
XLLCORNER -115.5625 
YLLCORNER 24.8333333333333 
CELLSIZE 0.0833333333333333 
NODATA_value -9999 
[rows 120 to 139 of 230, columns 135 to 179 of 265]
0.901885867118835 0.991089522838593 1.08029317855835 1.16949689388275 1.25870060920715 1.34790432453156 1.43710792064667 1.86332309246063 2.40187525749207 2.94042754173279 3.47897958755493 4.01753187179565 4.55608415603638 5.0946364402771 5.5177059173584 5.59432792663574 5.67095041275024 5.74757242202759 5.82419443130493 5.90081644058228 5.97743892669678 6.05406093597412 6.1238203048706 6.19129180908203 6.25876331329346 6.32623481750488 6.39370679855347 6.46117830276489 6.52864980697632 6.60645580291748 6.71526527404785 6.82407474517822 6.93288421630859 7.04169368743896 7.15050315856934 7.25931262969971 7.36812210083008 7.54020547866821 7.73338079452515 7.92655563354492 8.11972999572754 8.31290531158447 8.50608062744141 8.69925498962402 8.90700817108154
0.913721859455109 1.00931537151337 1.10490894317627 1.20050251483917 1.29609608650208 1.39168965816498 1.48728311061859 1.91697001457214 2.45802140235901 2.9990725517273 3.54012393951416 4.08117532730103 4.62222671508789 5.1632776260376 5.59914684295654 5.71946954727173 5.83979225158691 5.9601149559021 6.08043718338013 6.20075988769531 6.3210825920105 6.44140529632568 6.46135473251343 6.44784641265869 6.43433856964111 6.42083024978638 6.40732192993164 6.39381408691406 6.38030576705933 6.40528249740601 6.54571437835693 6.6861457824707 6.82657766342163 6.96700954437256 7.10744094848633 7.24787282943726 7.38830471038818 7.57895994186401 7.7863564491272 7.99375247955322 8.20114898681641 8.40854549407959 8.61594200134277 8.82333850860596 9.04140758514404
0.925557851791382 1.02754127979279 1.12952470779419 1.23150813579559 1.33349144458771 1.43547487258911 1.53745830059052 1.97061693668365 2.51416730880737 3.05771780014038 3.60126805305481 4.14481830596924 4.68836879730225 5.23191928863525 5.68058776855469 5.84461116790771 6.00863409042358 6.17265701293945 6.33668041229248 6.50070333480835 6.66472625732422 6.82874965667725 6.79888916015625 6.70440149307251 6.60991334915161 6.51542568206787 6.42093753814697 6.32644939422607 6.23196172714233 6.20410919189453 6.37616300582886 6.54821729660034 6.72027111053467 6.89232540130615 7.06437921524048 7.2364330291748 7.40848731994629 7.61771392822266 7.83933162689209 8.06094932556152 8.28256702423096 8.50418567657471 8.72580337524414 8.94742107391357 9.17580699920654
0.9373939037323 1.0457671880722 1.15414047241211 1.26251363754272 1.37088692188263 1.47926020622253 1.58763349056244 2.02426385879517 2.57031345367432 3.11636281013489 3.66241240501404 4.20846176147461 4.75451135635376 5.30056095123291 5.76202869415283 5.96975231170654 6.17747592926025 6.38519954681396 6.59292316436768 6.80064678192139 7.0083703994751 7.21609401702881 7.13642406463623 6.96095609664917 6.78548860549927 6.61002063751221 6.4345531463623 6.25908517837524 6.08361768722534 6.00293588638306 6.20661211013794 6.41028833389282 6.6139645576477 6.81764078140259 7.02131700515747 7.22499322891235 7.42866945266724 7.65646839141846 7.89230728149414 8.12814712524414 8.36398601531982 8.59982490539551 8.83566474914551 9.07150363922119 9.31020641326904
0.949229896068573 1.06399297714233 1.17875611782074 1.29351925849915 1.40828239917755 1.52304553985596 1.63780868053436 2.07791090011597 2.62645936012268 3.17500805854797 3.72355651855469 4.27210521697998 4.82065343856812 5.36920213699341 5.84346961975098 6.09489393234253 6.34631776809692 6.59774208068848 6.84916591644287 7.10059022903442 7.35201406478882 7.60343837738037 7.47395849227905 7.21751117706299 6.96106338500977 6.7046160697937 6.44816875457764 6.19172096252441 5.93527364730835 5.80176258087158 6.03706073760986 6.2723593711853 6.50765800476074 6.74295663833618 6.97825527191162 7.2135534286499 7.44885206222534 7.6952223777771 7.94528293609619 8.19534397125244 8.44540405273438 8.69546508789062 8.94552612304688 9.19558620452881 9.44460582733154
0.961065888404846 1.08221888542175 1.20337188243866 1.32452487945557 1.44567787647247 1.56683087348938 1.68798387050629 2.13155770301819 2.68260550498962 3.23365306854248 3.78470087051392 4.33574819564819 4.88679599761963 5.43784379959106 5.92491054534912 6.22003507614136 6.51515960693359 6.81028413772583 7.10540914535522 7.40053367614746 7.6956582069397 7.99078273773193 7.81149339675903 7.47406578063965 7.13663864135742 6.7992115020752 6.46178388595581 6.12435674667358 5.7869291305542 5.60058927536011 5.86750984191895 6.13443088531494 6.40135145187378 6.66827249526978 6.93519306182861 7.20211410522461 7.46903467178345 7.73397636413574 7.99825859069824 8.26254081726074 8.52682304382324 8.79110527038574 9.05538749694824 9.31966972351074 9.57900524139404
0.958106100559235 1.08046686649323 1.20282757282257 1.32518839836121 1.44754910469055 1.5699098110199 1.69227051734924 2.14051103591919 2.69737839698792 3.25424551963806 3.81111264228821 4.36798000335693 4.92484712600708 5.48171424865723 5.98205184936523 6.31280040740967 6.6435489654541 6.97429800033569 7.30504655838013 7.63579511642456 7.96654367446899 8.29729270935059 8.06197929382324 7.63797855377197 7.21397829055786 6.78997755050659 6.36597681045532 5.94197654724121 5.51797580718994 5.27732992172241 5.58674812316895 5.89616632461548 6.20558452606201 6.51500272750854 6.82442092895508 7.13383913040161 7.44325733184814 7.7266149520874 8.00128650665283 8.27595710754395 8.55062866210938 8.82529926300049 9.09997081756592 9.37464237213135 9.64284896850586
0.940350532531738 1.05873692035675 1.17712330818176 1.29550969600677 1.41389608383179 1.5322824716568 1.65066885948181 2.10477089881897 2.67077803611755 3.23678517341614 3.80279231071472 4.36879968643188 4.93480682373047 5.50081396102905 6.01489305496216 6.3731894493103 6.73148584365845 7.08978223800659 7.44807863235474 7.80637502670288 8.16467094421387 8.52296733856201 8.22541618347168 7.7092490196228 7.19308185577393 6.67691469192505 6.16074752807617 5.6445803642273 5.12841272354126 4.83198499679565 5.19477558135986 5.55756664276123 5.92035722732544 6.28314781188965 6.64593839645386 7.00872898101807 7.37151956558228 7.67313814163208 7.95436573028564 8.23559284210205 8.51682090759277 8.7980489730835 9.0792760848999 9.36050415039062 9.63613605499268
0.922594964504242 1.03700697422028 1.15141904354095 1.26583111286163 1.38024306297302 1.4946551322937 1.60906720161438 2.06903052330017 2.64417767524719 3.21932482719421 3.79447197914124 4.36961889266968 4.9447660446167 5.51991319656372 6.04773473739624 6.4335789680481 6.81942272186279 7.20526695251465 7.59111070632935 7.9769549369812 8.3627986907959 8.74864292144775 8.38885307312012 7.78051948547363 7.17218542098999 6.56385183334351 5.95551776885986 5.34718370437622 4.73885011672974 4.38664054870605 4.80280351638794 5.21896648406982 5.63512945175171 6.05129289627075 6.46745586395264 6.88361883163452 7.29978179931641 7.6196608543396 7.90744495391846 8.19522953033447 8.48301315307617 8.77079772949219 9.05858135223389 9.3463659286499 9.62942314147949
0.90483945608139 1.01527714729309 1.12571477890015 1.2361524105072 1.34659016132355 1.4570277929306 1.56746542453766 2.03329014778137 2.61757731437683 3.20186448097229 3.78615164756775 4.37043857574463 4.95472574234009 5.53901290893555 6.08057641983032 6.49396800994873 6.90735960006714 7.32075119018555 7.73414278030396 8.14753437042236 8.56092643737793 8.97431755065918 8.55228996276855 7.85178995132446 7.15128946304321 6.45078897476196 5.75028800964355 5.0497875213623 4.34928703308105 3.9412956237793 4.41083097457886 4.88036680221558 5.34990215301514 5.8194375038147 6.28897333145142 6.75850868225098 7.2280445098877 7.56618356704712 7.86052465438843 8.15486526489258 8.44920539855957 8.74354648590088 9.03788757324219 9.33222770690918 9.62271118164062
0.887083888053894 0.993547201156616 1.10001051425934 1.20647382736206 1.31293714046478 1.4194004535675 1.52586376667023 1.99754989147186 2.59097695350647 3.18440413475037 3.77783131599426 4.37125825881958 4.96468544006348 5.55811262130737 6.11341762542725 6.55435705184937 6.99529647827148 7.4362359046936 7.87717485427856 8.31811428070068 8.75905323028564 9.19999313354492 8.71572780609131 7.92306041717529 7.13039302825928 6.33772563934326 5.5450587272644 4.75239133834839 3.95972418785095 3.49595093727112 4.01885890960693 4.54176664352417 5.06467485427856 5.5875825881958 6.1104907989502 6.63339853286743 7.15630674362183 7.5127067565918 7.81360387802124 8.11450099945068 8.41539859771729 8.71629524230957 9.01719284057617 9.31809043884277 9.61599826812744
0.869328320026398 0.971817255020142 1.07430624961853 1.17679512500763 1.27928411960602 1.38177311420441 1.4842621088028 1.96180963516235 2.56437659263611 3.16694378852844 3.76951098442078 4.37207794189453 4.97464513778687 5.5772123336792 6.14625930786133 6.61474609375 7.08323335647583 7.5517201423645 8.02020740509033 8.488694190979 8.95718097686768 9.42566776275635 8.87916469573975 7.99433088302612 7.10949659347534 6.22466278076172 5.3398289680481 4.45499515533447 3.57016134262085 3.05060601234436 3.62688636779785 4.20316696166992 4.77944755554199 5.3557276725769 5.93200826644897 6.50828886032104 7.08456897735596 7.45922946929932 7.76668310165405 8.07413673400879 8.38159084320068 8.68904495239258 8.99649810791016 9.30395221710205 9.60928535461426
0.854798972606659 0.961932122707367 1.06906533241272 1.17619848251343 1.28333175182343 1.39046490192413 1.49759805202484 1.96944296360016 2.56285858154297 3.15627408027649 3.74968957901001 4.34310483932495 4.93652057647705 5.52993583679199 6.08564233779907 6.52822113037109 6.97079992294312 7.41337871551514 7.85595750808716 8.29853630065918 8.74111461639404 9.18369388580322 8.63274002075195 7.75060987472534 6.86847925186157 5.9863486289978 5.10421800613403 4.22208738327026 3.33995652198792 2.82512903213501 3.41221022605896 3.99929165840149 4.5863733291626 5.17345428466797 5.7605357170105 6.34761714935303 6.93469858169556 7.32246971130371 7.64380407333374 7.96513795852661 8.28647232055664 8.60780620574951 8.9291410446167 9.25047492980957 9.56876564025879
0.843495786190033 0.963891804218292 1.08428776264191 1.20468378067017 1.32507979869843 1.44547581672668 1.56587183475494 2.02045011520386 2.58642244338989 3.15239477157593 3.71836709976196 4.284339427948 4.85031175613403 5.41628408432007 5.93156719207764 6.29478168487549 6.6579966545105 7.02121114730835 7.3844256401062 7.74764013290405 8.11085510253906 8.47406959533691 7.9764552116394 7.19189739227295 6.40734004974365 5.62278270721436 4.8382248878479 4.0536675453186 3.26910996437073 2.81951951980591 3.37483048439026 3.93014121055603 4.48545217514038 5.04076290130615 5.59607362747192 6.1513843536377 6.70669555664062 7.10242700576782 7.44496583938599 7.78750467300415 8.13004302978516 8.47258186340332 8.81512069702148 9.15765953063965 9.49443817138672
0.832192659378052 0.965851485729218 1.09951031208038 1.2331690788269 1.36682784557343 1.50048673152924 1.63414549827576 2.07145714759827 2.60998630523682 3.14851570129395 3.6870448589325 4.22557401657104 4.76410341262817 5.30263233184814 5.7774920463562 6.06134271621704 6.34519290924072 6.62904357910156 6.91289377212524 7.19674444198608 7.48059463500977 7.7644453048706 7.32016944885254 6.63318538665771 5.94620084762573 5.25921630859375 4.57223224639893 3.88524770736694 3.19826340675354 2.81391024589539 3.33745050430298 3.86099076271057 4.38453102111816 4.90807151794434 5.43161153793335 5.95515203475952 6.47869205474854 6.88238477706909 7.24612760543823 7.60987091064453 7.97361373901367 8.33735752105713 8.70110034942627 9.06484317779541 9.42011070251465
0.82088953256607 0.967811107635498 1.11473274230957 1.26165437698364 1.40857601165771 1.5554975271225 1.70241916179657 2.12246417999268 2.63355016708374 3.14463639259338 3.65572237968445 4.16680860519409 4.67789459228516 5.18898057937622 5.62341690063477 5.82790327072144 6.0323896408081 6.23687601089478 6.44136190414429 6.64584827423096 6.85033464431763 7.0548210144043 6.66388416290283 6.07447290420532 5.48506164550781 4.8956503868103 4.30623912811279 3.71682810783386 3.12741684913635 2.80830097198486 3.3000705242157 3.79184031486511 4.28360986709595 4.77537965774536 5.26714944839478 5.75891923904419 6.2506890296936 6.6623420715332 7.04728984832764 7.43223714828491 7.81718492507935 8.20213222503662 8.58708000183105 8.97202777862549 9.34578323364258
0.809586405754089 0.969770789146423 1.12995517253876 1.29013967514038 1.45032405853271 1.61050844192505 1.77069294452667 2.17347121238708 2.65711426734924 3.14075708389282 3.62440013885498 4.10804319381714 4.5916862487793 5.0753288269043 5.46934175491333 5.59446382522583 5.71958589553833 5.84470844268799 5.96983051300049 6.09495258331299 6.22007465362549 6.34519672393799 6.00759887695312 5.51576089859009 5.02392244338989 4.53208446502686 4.04024648666382 3.54840850830078 3.05657029151917 2.80269145965576 3.262690782547 3.72268986701965 4.18268918991089 4.64268827438354 5.1026873588562 5.56268644332886 6.02268552780151 6.44229936599731 6.84845161437988 7.25460338592529 7.66075563430786 8.06690788269043 8.47305965423584 8.87921142578125 9.27145576477051
0.798283219337463 0.971730470657349 1.14517772197723 1.31862497329712 1.49207210540771 1.6655193567276 1.83896660804749 2.22447824478149 2.68067812919617 3.13687801361084 3.59307765960693 4.04927778244019 4.50547742843628 4.96167707443237 5.31526660919189 5.36102485656738 5.40678262710571 5.45254039764404 5.49829864501953 5.54405641555786 5.58981466293335 5.63557243347168 5.35131359100342 4.9570484161377 4.56278371810913 4.16851854324341 3.77425360679626 3.37998867034912 2.98572373390198 2.79708218574524 3.22531080245972 3.65353941917419 4.08176803588867 4.50999689102173 4.93822526931763 5.36645412445068 5.79468250274658 6.22225713729858 6.64961338043213 7.07697010040283 7.50432634353638 7.93168258666992 8.35903930664062 8.78639602661133 9.19712829589844
0.766251146793365 0.939326405525208 1.1124016046524 1.28547692298889 1.45855212211609 1.63162744045258 1.80470263957977 2.16145014762878 2.57942175865173 2.99739336967468 3.41536474227905 3.833336353302 4.25130796432495 4.6692795753479 4.98594951629639 4.99871587753296 5.01148271560669 5.02424907684326 5.03701543807983 5.04978179931641 5.06254816055298 5.07531452178955 4.84546899795532 4.53475332260132 4.22403764724731 3.91332197189331 3.60260629653931 3.2918906211853 2.98117470741272 2.84407234191895 3.2278094291687 3.61154675483704 3.99528408050537 4.37902116775513 4.76275825500488 5.1464958190918 5.53023290634155 5.95860195159912 6.40184783935547 6.84509372711182 7.28833961486816 7.73158550262451 8.17483139038086 8.61807727813721 9.04714202880859
0.713490009307861 0.872558534145355 1.03162705898285 1.1906955242157 1.34976398944855 1.50883257389069 1.66790103912354 1.98438680171967 2.35334491729736 2.72230315208435 3.09126114845276 3.46021938323975 3.82917761802673 4.19813585281372 4.48139095306396 4.50753831863403 4.5336856842041 4.55983304977417 4.58598041534424 4.61212730407715 4.63827466964722 4.66442203521729 4.49006605148315 4.24887561798096 4.00768518447876 3.76649475097656 3.52530431747437 3.28411388397217 3.04292345046997 2.94366192817688 3.27018690109253 3.59671187400818 3.92323684692383 4.24976205825806 4.57628679275513 4.90281200408936 5.22933721542358 5.65133380889893 6.10515451431274 6.5589747428894 7.01279544830322 7.46661615371704 7.92043685913086 8.37425708770752 8.82149600982666
