data/working_set_collections/6091692-Cassins_Sparrow-M2/1980/evptrns_avg.asc
NCOLS 265 
NROWS 230 
XLLCORNER -115.5625 
YLLCORNER 24.8333333333333 
CELLSIZE 0.0833333333333333 
NODATA_value -9999 
[rows 160 to 179 of 230, columns 45 to 89 of 265]
0.72125381231308 0.728460013866425 0.735666215419769 0.742872416973114 0.750078558921814 0.757284760475159 0.764490962028503 0.832623064517975 0.921063780784607 1.00950455665588 1.09794533252716 1.18638598918915 1.27482676506042 1.3632675409317 1.42544960975647 1.40885579586029 1.39226198196411 1.37566816806793 1.35907435417175 1.34248054027557 1.32588672637939 1.30929291248322 1.31149363517761 1.31995916366577 1.32842469215393 1.33689022064209 1.34535574913025 1.35382127761841 1.36228692531586 1.40609526634216 1.55593204498291 1.70576870441437 1.85560548305511 2.00544238090515 2.1552791595459 2.30511593818665 2.45495271682739 2.45190000534058 2.39788436889648 2.34386849403381 2.28985285758972 2.23583722114563 2.18182134628296 2.12780570983887 2.03448796272278
0.71146148443222 0.716175138950348 0.720888793468475 0.725602388381958 0.730316042900085 0.735029697418213 0.73974335193634 0.813146591186523 0.90944629907608 1.00574600696564 1.10204577445984 1.19834554195404 1.29464530944824 1.39094507694244 1.45952606201172 1.44495069980621 1.43037545681 1.41580009460449 1.40122485160828 1.38664948940277 1.37207412719727 1.35749888420105 1.36707067489624 1.38469159603119 1.40231239795685 1.4199333190918 1.43755424022675 1.4551750421524 1.47279596328735 1.53287267684937 1.72031700611115 1.90776133537292 2.09520578384399 2.28264999389648 2.47009444236755 2.65753865242004 2.84498310089111 2.84824299812317 2.79010820388794 2.73197317123413 2.6738383769989 2.61570334434509 2.55756855010986 2.49943351745605 2.39302778244019
0.699505269527435 0.70452207326889 0.709538877010345 0.7145556807518 0.7195725440979 0.724589347839355 0.72960615158081 0.829945743083954 0.962059617042542 1.09417355060577 1.22628736495972 1.35840117931366 1.49051511287689 1.62262892723083 1.7192085981369 1.70918583869934 1.69916296005249 1.68914008140564 1.67911720275879 1.66909432411194 1.65907144546509 1.64904856681824 1.65680515766144 1.67048835754395 1.68417143821716 1.69785451889038 1.7115375995636 1.72522068023682 1.73890376091003 1.81649613380432 2.08581638336182 2.35513663291931 2.62445712089539 2.89377737045288 3.16309762001038 3.43241786956787 3.70173811912537 3.71184039115906 3.63553643226624 3.55923271179199 3.48292875289917 3.40662503242493 3.33032131195068 3.25401735305786 3.11413860321045
0.68538510799408 0.693500816822052 0.701616525650024 0.709732234477997 0.717847943305969 0.725963711738586 0.734079420566559 0.883020639419556 1.07890379428864 1.27478682994843 1.4706699848175 1.6665530204773 1.86243605613708 2.05831909179688 2.20449733734131 2.20156097412109 2.1986243724823 2.19568800926208 2.19275164604187 2.18981504440308 2.18687868118286 2.18394207954407 2.1806972026825 2.17734932899475 2.17400145530701 2.17065382003784 2.1673059463501 2.16395807266235 2.16061019897461 2.25696563720703 2.65243005752563 3.04789471626282 3.443359375 3.83882403373718 4.23428869247437 4.62975311279297 5.02521800994873 5.04269218444824 4.93416976928711 4.82564687728882 4.71712446212769 4.60860204696655 4.50007963180542 4.39155721664429 4.19782066345215
0.671264946460724 0.682479560375214 0.693694174289703 0.704908788204193 0.716123402118683 0.727338075637817 0.738552689552307 0.936095535755157 1.19574785232544 1.45540022850037 1.715052485466 1.97470486164093 2.23435711860657 2.49400949478149 2.689786195755 2.69393610954285 2.69808602333069 2.70223593711853 2.70638585090637 2.71053576469421 2.71468567848206 2.71883583068848 2.70458912849426 2.68421053886414 2.66383171081543 2.64345288276672 2.6230742931366 2.60269546508789 2.58231687545776 2.69743490219116 3.21904397010803 3.74065279960632 4.26226186752319 4.78387069702148 5.30547952651978 5.82708835601807 6.34869766235352 6.37354373931885 6.2328028678894 6.0920615196228 5.9513201713562 5.8105788230896 5.66983795166016 5.52909660339355 5.28150272369385
0.657144784927368 0.671458303928375 0.685771822929382 0.700085341930389 0.714398860931396 0.728712379932404 0.743025898933411 0.989170432090759 1.31259202957153 1.63601350784302 1.95943510532379 2.28285670280457 2.60627818107605 2.92969965934753 3.17507481575012 3.1863112449646 3.19754767417908 3.20878386497498 3.22002029418945 3.23125672340393 3.24249291419983 3.25372934341431 3.22848105430603 3.19107151031494 3.15366196632385 3.11625218391418 3.0788426399231 3.04143285751343 3.00402331352234 3.13790440559387 3.78565764427185 4.43341112136841 5.08116436004639 5.72891759872437 6.37667083740234 7.02442407608032 7.6721773147583 7.70439577102661 7.53143548965454 7.35847568511963 7.18551588058472 7.0125560760498 6.83959627151489 6.66663646697998 6.36518430709839
0.643024623394012 0.660437047481537 0.677849471569061 0.695261895656586 0.71267431974411 0.730086743831635 0.747499167919159 1.04224538803101 1.42943608760834 1.81662690639496 2.20381760597229 2.59100842475891 2.97819924354553 3.36538982391357 3.66036367416382 3.67868638038635 3.69700908660889 3.71533179283142 3.73365473747253 3.75197744369507 3.7703001499176 3.78862285614014 3.75237321853638 3.69793248176575 3.6434919834137 3.58905148506165 3.5346109867096 3.48017024993896 3.42572975158691 3.578373670578 4.35227155685425 5.12616872787476 5.90006637573242 6.67396402359009 7.44786167144775 8.22175884246826 8.99565696716309 9.03524780273438 8.83006858825684 8.62489032745361 8.41971206665039 8.21453285217285 8.00935459136963 7.80417585372925 7.44886636734009
0.628904461860657 0.649415791034698 0.66992712020874 0.690438449382782 0.710949778556824 0.731461107730865 0.751972436904907 1.09532022476196 1.54628026485443 1.99724018573761 2.44820022583008 2.89916014671326 3.35012006759644 3.80108022689819 4.14565229415894 4.17106151580811 4.19647073745728 4.22187995910645 4.24728918075562 4.27269792556763 4.2981071472168 4.32351636886597 4.27626514434814 4.20479345321655 4.13332223892212 4.06185054779053 3.99037933349609 3.91890788078308 3.84743618965149 4.01884317398071 4.91888523101807 5.81892681121826 6.71896886825562 7.61901092529297 8.51905250549316 9.41909503936768 10.3191366195679 10.366099357605 10.1287021636963 9.8913049697876 9.65390777587891 9.4165096282959 9.17911243438721 8.94171524047852 8.53254890441895
0.606731832027435 0.629032492637634 0.651333093643188 0.673633694648743 0.695934295654297 0.718234896659851 0.74053555727005 1.08845996856689 1.54492580890656 2.00139141082764 2.45785737037659 2.91432309150696 3.37078881263733 3.8272545337677 4.18621110916138 4.25264024734497 4.31906890869141 4.385498046875 4.45192718505859 4.51835632324219 4.58478498458862 4.65121412277222 4.64284515380859 4.609543800354 4.57624244689941 4.54294061660767 4.50963926315308 4.47633743286133 4.44303607940674 4.65661668777466 5.61084508895874 6.56507301330566 7.51930093765259 8.47352886199951 9.42775726318359 10.3819847106934 11.3362131118774 11.3989486694336 11.1645212173462 10.9300928115845 10.6956644058228 10.4612369537354 10.2268085479736 9.99238109588623 9.56007671356201
0.576506853103638 0.5992870926857 0.622067391872406 0.644847631454468 0.667627930641174 0.690408229827881 0.713188469409943 1.0216646194458 1.42537271976471 1.82908070087433 2.23278880119324 2.63649678230286 3.04020500183105 3.44391298294067 3.78203964233398 3.92342209815979 4.0648045539856 4.20618677139282 4.34756898880005 4.48895168304443 4.63033390045166 4.77171611785889 4.85211372375488 4.91218280792236 4.972252368927 5.03232145309448 5.09239053726196 5.1524600982666 5.21252918243408 5.49169492721558 6.42815065383911 7.3646068572998 8.30106258392334 9.23751831054688 10.1739740371704 11.1104297637939 12.0468854904175 12.1337966918945 11.9375257492065 11.7412548065186 11.5449838638306 11.3487129211426 11.1524429321289 10.9561719894409 10.5314502716064
0.546281814575195 0.569541752338409 0.592801690101624 0.616061627864838 0.639321565628052 0.662581503391266 0.68584144115448 0.954869210720062 1.30581963062286 1.65676999092102 2.00772047042847 2.35867071151733 2.70962119102478 3.06057143211365 3.37786817550659 3.59420394897461 3.81053972244263 4.02687549591064 4.24321126937866 4.45954704284668 4.6758828163147 4.89221858978271 5.06138229370117 5.21482229232788 5.36826229095459 5.5217022895813 5.67514228820801 5.82858228683472 5.98202228546143 6.32677316665649 7.24545669555664 8.16414070129395 9.08282375335693 10.0015077590942 10.9201917648315 11.8388748168945 12.7575588226318 12.8686447143555 12.7105312347412 12.552417755127 12.3943033218384 12.2361898422241 12.0780763626099 11.9199628829956 11.5028238296509
0.516056776046753 0.539796352386475 0.563535988330841 0.587275564670563 0.611015200614929 0.634754776954651 0.658494412899017 0.888073801994324 1.18626654148102 1.48445916175842 1.78265190124512 2.08084464073181 2.37903738021851 2.6772301197052 2.9736967086792 3.26498579978943 3.55627489089966 3.84756422042847 4.13885307312012 4.43014240264893 4.72143125534058 5.01272058486938 5.27065086364746 5.5174617767334 5.76427221298218 6.01108312606812 6.2578935623169 6.50470447540283 6.75151538848877 7.16185140609741 8.06276321411133 8.96367454528809 9.86458587646484 10.7654972076416 11.6664085388184 12.5673208236694 13.4682321548462 13.6034927368164 13.4835357666016 13.363579750061 13.2436227798462 13.1236667633057 13.0037097930908 12.8837537765503 12.4741973876953
0.485831767320633 0.510051012039185 0.534270286560059 0.558489561080933 0.582708835601807 0.606928050518036 0.63114732503891 0.821278393268585 1.06671345233917 1.31214845180511 1.55758345127106 1.803018450737 2.04845356941223 2.29388856887817 2.56952548027039 2.93576788902283 3.30201029777527 3.66825270652771 4.03449535369873 4.40073776245117 4.76698017120361 5.13322257995605 5.47991943359375 5.82010078430176 6.16028213500977 6.50046396255493 6.84064531326294 7.18082666397095 7.52100849151611 7.99692916870117 8.8800687789917 9.76320838928223 10.6463470458984 11.529486656189 12.4126262664795 13.29576587677 14.1789054870605 14.3383407592773 14.2565412521362 14.1747417449951 14.092942237854 14.0111427307129 13.9293432235718 13.847544670105 13.4455709457397
0.455606728792191 0.480305671691895 0.505004584789276 0.529703497886658 0.554402410984039 0.579101383686066 0.603800296783447 0.754483044147491 0.947160363197327 1.13983774185181 1.332515001297 1.52519237995148 1.71786963939667 1.91054701805115 2.16535401344299 2.60654973983765 3.04774570465088 3.48894143104553 3.93013715744019 4.37133312225342 4.81252861022949 5.25372457504272 5.68918800354004 6.12274026870728 6.55629253387451 6.98984479904175 7.42339706420898 7.85694932937622 8.29050159454346 8.83200740814209 9.69737434387207 10.5627422332764 11.4281091690063 12.2934761047363 13.1588439941406 14.0242109298706 14.8895778656006 15.073187828064 15.0295457839966 14.9859037399292 14.9422616958618 14.8986196517944 14.854977607727 14.8113355636597 14.4169454574585
0.422440201044083 0.449180722236633 0.475921213626862 0.50266170501709 0.529402256011963 0.556142747402191 0.582883238792419 0.712841391563416 0.87720537185669 1.04156935214996 1.20593333244324 1.3702974319458 1.53466141223907 1.69902539253235 1.94697391986847 2.44567584991455 2.94437789916992 3.44307994842529 3.94178199768066 4.44048404693604 4.93918609619141 5.43788814544678 5.9467568397522 6.45901441574097 6.9712724685669 7.48353004455566 7.99578762054443 8.5080451965332 9.02030277252197 9.61425971984863 10.4533157348633 11.2923707962036 12.1314268112183 12.9704818725586 13.8095369338989 14.6485929489136 15.4876480102539 15.6761569976807 15.6478157043457 15.6194753646851 15.5911340713501 15.5627937316895 15.5344533920288 15.5061120986938 15.1078643798828
0.386332154273987 0.416676163673401 0.447020173072815 0.477364182472229 0.507708191871643 0.538052201271057 0.568396210670471 0.696353495121002 0.856848478317261 1.01734352111816 1.17783856391907 1.33833360671997 1.49882864952087 1.65932357311249 1.91438519954681 2.45314621925354 2.99190735816956 3.53066849708557 4.06942987442017 4.60819101333618 5.1469521522522 5.68571329116821 6.25262689590454 6.82892417907715 7.40522193908691 7.98151969909668 8.55781745910645 9.13411521911621 9.71041297912598 10.3436870574951 11.1478910446167 11.9520950317383 12.7562990188599 13.5605039596558 14.3647079467773 15.1689119338989 15.9731159210205 16.1472454071045 16.1113510131836 16.0754547119141 16.0395603179932 16.0036659240723 15.967770576477 15.9318752288818 15.518328666687
0.350224107503891 0.384171634912491 0.418119132518768 0.452066630125046 0.486014127731323 0.519961655139923 0.553909122943878 0.679865539073944 0.836491584777832 0.99311763048172 1.14974367618561 1.30636978149414 1.46299576759338 1.61962187290192 1.88179647922516 2.46061658859253 3.03943681716919 3.61825728416443 4.19707727432251 4.77589750289917 5.35471773147583 5.93353796005249 6.55849647521973 7.19883441925049 7.83917188644409 8.4795093536377 9.11984729766846 9.76018524169922 10.40052318573 11.0731143951416 11.8424673080444 12.611819267273 13.3811721801758 14.1505250930786 14.9198780059814 15.6892309188843 16.4585838317871 16.6183338165283 16.5748844146729 16.5314350128174 16.4879875183105 16.4445381164551 16.4010887145996 16.3576393127441 15.9287929534912
0.314116090536118 0.351667076349258 0.389218091964722 0.426769077777863 0.464320093393326 0.501871109008789 0.53942209482193 0.663377642631531 0.816134691238403 0.968891799449921 1.12164890766144 1.27440595626831 1.42716300487518 1.57992005348206 1.84920763969421 2.46808695793152 3.08696627616882 3.70584583282471 4.32472515106201 4.94360446929932 5.56248378753662 6.18136310577393 6.86436605453491 7.56874418258667 8.27312183380127 8.97749900817871 9.68187713623047 10.3862552642822 11.0906324386597 11.8025417327881 12.5370426177979 13.2715444564819 14.0060453414917 14.7405471801758 15.4750480651855 16.2095489501953 16.9440517425537 17.0894241333008 17.0384197235107 16.9874172210693 16.9364128112793 16.8854084014893 16.8344058990479 16.7834014892578 16.3392581939697
0.278008043766022 0.319162547588348 0.360317051410675 0.401471555233002 0.442626059055328 0.483780562877655 0.524935066699982 0.646889746189117 0.795777857303619 0.944665908813477 1.09355401992798 1.24244213104248 1.39133024215698 1.54021823406219 1.81661891937256 2.47555732727051 3.13449597358704 3.79343438148499 4.45237255096436 5.11131143569946 5.77024984359741 6.42918825149536 7.17023611068726 7.93865394592285 8.70707130432129 9.47548961639404 10.2439069747925 11.0123252868652 11.7807426452637 12.5319681167603 13.2316179275513 13.9312686920166 14.6309185028076 15.3305683135986 16.0302181243896 16.7298679351807 17.4295177459717 17.5605125427246 17.5019550323486 17.4433975219727 17.384838104248 17.3262805938721 17.2677230834961 17.2091655731201 16.7497215270996
0.241900011897087 0.286658018827438 0.331416010856628 0.376174002885818 0.420931994915009 0.465690016746521 0.510447978973389 0.630401849746704 0.775420963764191 0.920440077781677 1.06545913219452 1.21047830581665 1.35549736022949 1.50051653385162 1.7840301990509 2.4830276966095 3.18202543258667 3.88102293014526 4.58002042770386 5.27901792526245 5.97801542282104 6.67701292037964 7.47610569000244 8.30856323242188 9.14102172851562 9.97347927093506 10.8059368133545 11.6383943557739 12.4708528518677 13.2613954544067 13.926194190979 14.5909929275513 15.2557916641235 15.9205904006958 16.5853881835938 17.250186920166 17.9149856567383 18.0316009521484 17.9654884338379 17.899377822876 17.8332653045654 17.7671527862549 17.7010402679443 17.6349277496338 17.1601867675781
