data/working_set_collections/6091692-Cassins_Sparrow-M2/1980/frwlt_avg.asc
NCOLS 265 
NROWS 230 
XLLCORNER -115.5625 
YLLCORNER 24.8333333333333 
CELLSIZE 0.0833333333333333 
NODATA_value -9999 
[rows 140 to 159 of 230, columns 88 to 131 of 265]
0.808962464332581 0.813825249671936 0.819711923599243 0.82559859752655 0.831485271453857 0.837371945381165 0.843258619308472 0.849145293235779 0.855031967163086 0.851440370082855 0.844689309597015 0.83793830871582 0.83118724822998 0.824436247348785 0.817685186862946 0.81093418598175 0.802179932594299 0.787416219711304 0.772652447223663 0.757888734340668 0.743125021457672 0.728361248970032 0.713597536087036 0.698833763599396 0.694878697395325 0.694526433944702 0.69417417049408 0.693821966648102 0.693469703197479 0.693117499351501 0.692765235900879 0.690461218357086 0.682301878929138 0.67414253950119 0.665983200073242 0.657823860645294 0.649664521217346 0.641505181789398 0.63334584236145 0.623616516590118 0.613363921642303 0.603111386299133 0.592858791351318 0.582606196403503
0.815012753009796 0.820346832275391 0.82616001367569 0.831973195075989 0.837786376476288 0.843599617481232 0.849412798881531 0.85522598028183 0.861039161682129 0.855357706546783 0.845844686031342 0.8363316655159 0.826818645000458 0.817305624485016 0.807792603969574 0.798279643058777 0.788312017917633 0.776980578899384 0.765649139881134 0.754317700862885 0.742986261844635 0.731654822826385 0.720323383808136 0.708991944789886 0.707836389541626 0.710072755813599 0.712309181690216 0.714545607566833 0.716781973838806 0.719018399715424 0.721254825592041 0.720937311649323 0.712958037853241 0.704978764057159 0.696999549865723 0.689020276069641 0.681041061878204 0.673061788082123 0.665082573890686 0.655147671699524 0.644560873508453 0.633974075317383 0.623387277126312 0.612800478935242
0.821062982082367 0.826868414878845 0.832608103752136 0.838347792625427 0.844087541103363 0.849827229976654 0.855566918849945 0.861306667327881 0.867046356201172 0.859275043010712 0.847000062465668 0.834725081920624 0.822450041770935 0.810175061225891 0.797900080680847 0.785625100135803 0.774444043636322 0.766544938087463 0.75864577293396 0.750746607780457 0.742847502231598 0.734948337078094 0.727049231529236 0.719150066375732 0.720794081687927 0.72561913728714 0.730444192886353 0.73526918888092 0.740094244480133 0.744919300079346 0.749744355678558 0.751413345336914 0.743614196777344 0.735815048217773 0.728015899658203 0.720216751098633 0.712417602539062 0.704618453979492 0.696819305419922 0.686678767204285 0.675757765769958 0.664836764335632 0.653915762901306 0.64299476146698
0.827113270759583 0.8333899974823 0.839056193828583 0.84472244977951 0.850388646125793 0.856054902076721 0.861721098423004 0.867387354373932 0.873053550720215 0.86319237947464 0.848155438899994 0.833118438720703 0.818081438541412 0.803044497966766 0.788007497787476 0.77297055721283 0.760576128959656 0.756109237670898 0.751642405986786 0.747175574302673 0.742708742618561 0.738241910934448 0.733775079250336 0.729308247566223 0.733751773834229 0.741165459156036 0.748579144477844 0.755992829799652 0.76340651512146 0.770820200443268 0.778233885765076 0.781889379024506 0.774270355701447 0.766651272773743 0.759032249450684 0.75141316652298 0.743794143199921 0.736175060272217 0.728556036949158 0.718209862709045 0.706954658031464 0.695699453353882 0.6844442486763 0.673188984394073
0.828742265701294 0.835626780986786 0.841461181640625 0.847295582294464 0.853130042552948 0.858964443206787 0.864798843860626 0.870633244514465 0.876467645168304 0.864759147167206 0.847202956676483 0.82964676618576 0.812090635299683 0.79453444480896 0.776978313922882 0.759422123432159 0.745553612709045 0.742748141288757 0.739942669868469 0.737137198448181 0.734331727027893 0.731526255607605 0.728720724582672 0.725915253162384 0.732780456542969 0.742869138717651 0.752957880496979 0.763046562671661 0.773135304450989 0.783223986625671 0.793312728404999 0.799216330051422 0.792564511299133 0.785912692546844 0.779260873794556 0.772609114646912 0.765957295894623 0.759305477142334 0.752653658390045 0.742896020412445 0.732103109359741 0.721310198307037 0.710517287254333 0.69972437620163
0.825950026512146 0.833578824996948 0.839823067188263 0.846067309379578 0.852311611175537 0.858555853366852 0.864800095558167 0.871044397354126 0.877288639545441 0.863975286483765 0.84414267539978 0.824310123920441 0.804477572441101 0.784644961357117 0.764812409877777 0.744979858398438 0.72937661409378 0.726461589336395 0.723546504974365 0.72063148021698 0.71771639585495 0.71480131149292 0.711886286735535 0.708971202373505 0.717880070209503 0.730730175971985 0.743580281734467 0.756430447101593 0.769280552864075 0.782130718231201 0.794980823993683 0.803394079208374 0.798496663570404 0.793599247932434 0.788701891899109 0.783804476261139 0.778907060623169 0.774009644985199 0.769112229347229 0.760737299919128 0.751203179359436 0.741669058799744 0.732134997844696 0.722600877285004
0.823157846927643 0.831530869007111 0.838184952735901 0.844839036464691 0.851493179798126 0.858147263526917 0.864801406860352 0.871455490589142 0.878109633922577 0.863191425800323 0.841082453727722 0.818973422050476 0.796864449977875 0.774755477905273 0.752646505832672 0.730537533760071 0.713199615478516 0.710174977779388 0.707150340080261 0.704125702381134 0.701101064682007 0.69807642698288 0.695051789283752 0.692027151584625 0.702979683876038 0.718591213226318 0.734202742576599 0.74981427192688 0.765425860881805 0.781037390232086 0.796648919582367 0.807571828365326 0.804428815841675 0.801285862922668 0.798142850399017 0.794999837875366 0.791856825351715 0.788713812828064 0.785570800304413 0.778578579425812 0.770303249359131 0.762027978897095 0.753752648830414 0.745477318763733
0.820365607738495 0.829482853412628 0.836546838283539 0.843610763549805 0.850674748420715 0.857738733291626 0.864802658557892 0.871866643428802 0.878930628299713 0.862407565116882 0.838022172451019 0.813636779785156 0.789251387119293 0.76486599445343 0.740480601787567 0.716095209121704 0.697022616863251 0.693888425827026 0.690754175186157 0.687619984149933 0.684485793113708 0.681351542472839 0.678217351436615 0.675083100795746 0.688079297542572 0.706452250480652 0.724825203418732 0.743198156356812 0.761571109294891 0.779944062232971 0.798317074775696 0.811749637126923 0.81036102771759 0.808972418308258 0.807583808898926 0.806195199489594 0.804806590080261 0.803417980670929 0.802029371261597 0.796419858932495 0.789403319358826 0.782386839389801 0.775370299816132 0.768353819847107
0.817573368549347 0.82743489742279 0.834908723831177 0.842382490634918 0.849856317043304 0.857330143451691 0.864803969860077 0.872277796268463 0.879751563072205 0.861623704433441 0.834961891174316 0.808300137519836 0.781638324260712 0.754976511001587 0.728314757347107 0.701652944087982 0.680845677852631 0.677601873874664 0.674358069896698 0.671114265918732 0.667870461940765 0.664626657962799 0.661382853984833 0.658139050006866 0.673178911209106 0.694313287734985 0.715447664260864 0.736582040786743 0.757716417312622 0.778850793838501 0.79998517036438 0.815927386283875 0.816293179988861 0.816658973693848 0.817024767398834 0.817390561103821 0.817756354808807 0.818122148513794 0.81848794221878 0.814261078834534 0.80850338935852 0.802745699882507 0.796988010406494 0.791230320930481
0.814781129360199 0.825386941432953 0.833270609378815 0.841154217720032 0.849037885665894 0.856921553611755 0.864805221557617 0.872688889503479 0.880572557449341 0.86083984375 0.831901609897614 0.802963435649872 0.77402526140213 0.745087027549744 0.716148853302002 0.687210619449615 0.664668679237366 0.661315262317657 0.657961905002594 0.654608488082886 0.651255130767822 0.647901773452759 0.64454835653305 0.641194999217987 0.658278524875641 0.682174265384674 0.706070065498352 0.72996586561203 0.753861665725708 0.777757465839386 0.801653265953064 0.820105135440826 0.822225332260132 0.824345529079437 0.826465725898743 0.828585922718048 0.830706119537354 0.832826316356659 0.834946513175964 0.832102358341217 0.827603459358215 0.823104560375214 0.818605661392212 0.81410676240921
0.80792111158371 0.819036781787872 0.827674090862274 0.836311399936676 0.844948709011078 0.85358601808548 0.862223327159882 0.870860636234283 0.879497945308685 0.860374808311462 0.831998229026794 0.803621590137482 0.775245010852814 0.746868371963501 0.718491792678833 0.69011515378952 0.667042970657349 0.659883916378021 0.652724802494049 0.645565748214722 0.638406693935394 0.631247639656067 0.62408858537674 0.616929471492767 0.634491086006165 0.66029292345047 0.686094760894775 0.711896598339081 0.737698435783386 0.763500273227692 0.789302110671997 0.809861361980438 0.814692914485931 0.81952440738678 0.824355900287628 0.829187393188477 0.834018886089325 0.838850438594818 0.843681931495667 0.84218031167984 0.838567674160004 0.834955036640167 0.831342399120331 0.827729761600494
0.796993255615234 0.808384537696838 0.818119287490845 0.827854037284851 0.837588787078857 0.847323536872864 0.85705828666687 0.866793036460876 0.876527786254883 0.860228717327118 0.835251688957214 0.810274660587311 0.785297632217407 0.760320603847504 0.7353435754776 0.710366547107697 0.687968552112579 0.673307716846466 0.658646821975708 0.643985986709595 0.629325091838837 0.614664256572723 0.60000342130661 0.585342526435852 0.601816713809967 0.628669202327728 0.655521750450134 0.682374238967896 0.709226727485657 0.736079216003418 0.762931764125824 0.78519606590271 0.79369580745697 0.80219554901123 0.810695290565491 0.819195032119751 0.827694714069366 0.836194455623627 0.844694197177887 0.844494938850403 0.841395974159241 0.838297069072723 0.835198104381561 0.832099139690399
0.786065399646759 0.79773223400116 0.80856442451477 0.819396615028381 0.830228805541992 0.841060996055603 0.851893186569214 0.862725377082825 0.873557567596436 0.860082566738129 0.83850508928299 0.816927671432495 0.795350193977356 0.773772776126862 0.752195358276367 0.730617880821228 0.70889413356781 0.686731517314911 0.664568841457367 0.642406165599823 0.620243549346924 0.59808087348938 0.575918257236481 0.553755581378937 0.56914234161377 0.597045481204987 0.624948680400848 0.652851819992065 0.680755019187927 0.708658218383789 0.736561357975006 0.760530769824982 0.772698700428009 0.784866690635681 0.797034621238708 0.809202611446381 0.821370601654053 0.83353853225708 0.845706522464752 0.846809566020966 0.844224333763123 0.841639041900635 0.839053809642792 0.836468577384949
0.775137543678284 0.787079989910126 0.799009621143341 0.810939252376556 0.822868883609772 0.834798514842987 0.846728146076202 0.858657777309418 0.870587408542633 0.859936416149139 0.841758549213409 0.82358068227768 0.80540281534195 0.78722494840622 0.76904708147049 0.75086921453476 0.729819715023041 0.700155317783356 0.670490860939026 0.640826404094696 0.611161947250366 0.581497550010681 0.551833093166351 0.522168636322021 0.536467909812927 0.565421760082245 0.594375610351562 0.62332946062088 0.652283310890198 0.681237161159515 0.710191011428833 0.735865414142609 0.751701653003693 0.767537832260132 0.783374011516571 0.79921019077301 0.815046429634094 0.830882608890533 0.846718788146973 0.849124193191528 0.84705263376236 0.844981074333191 0.842909514904022 0.840838015079498
0.764209687709808 0.776427686214447 0.789454758167267 0.802481830120087 0.815508902072906 0.828535974025726 0.841563045978546 0.854590117931366 0.867617189884186 0.85979026556015 0.845012009143829 0.830233693122864 0.815455436706543 0.800677180290222 0.785898864269257 0.771120607852936 0.750745356082916 0.7135791182518 0.676412880420685 0.639246642589569 0.602080404758453 0.564914166927338 0.527747929096222 0.490581691265106 0.50379353761673 0.533798038959503 0.563802540302277 0.593807101249695 0.623811602592468 0.653816103935242 0.683820605278015 0.71120011806488 0.730704545974731 0.750208973884583 0.769713401794434 0.789217829704285 0.808722257614136 0.828226685523987 0.847731113433838 0.851438820362091 0.849880933761597 0.848323106765747 0.846765279769897 0.845207393169403
0.753281831741333 0.765775442123413 0.779899954795837 0.794024467468262 0.808148980140686 0.82227349281311 0.836398005485535 0.850522518157959 0.864647030830383 0.859644114971161 0.848265409469604 0.836886703968048 0.825508058071136 0.81412935256958 0.802750647068024 0.791371941566467 0.771670937538147 0.727002918720245 0.682334899902344 0.637666821479797 0.592998802661896 0.548330783843994 0.503662765026093 0.458994746208191 0.47111913561821 0.502174317836761 0.533229529857635 0.564284682273865 0.595339894294739 0.626395046710968 0.657450258731842 0.686534821987152 0.70970743894577 0.732880115509033 0.756052792072296 0.779225409030914 0.802398085594177 0.82557076215744 0.848743379116058 0.853753447532654 0.852709293365479 0.851665139198303 0.850620985031128 0.849576830863953
0.731247901916504 0.744188129901886 0.759904742240906 0.775621294975281 0.7913379073143 0.807054460048676 0.822771072387695 0.83848762512207 0.85420423746109 0.851585924625397 0.842855989933014 0.834126114845276 0.825396180152893 0.81666624546051 0.807936370372772 0.799206435680389 0.780830144882202 0.733514726161957 0.686199367046356 0.638883948326111 0.591568529605865 0.544253170490265 0.49693775177002 0.449622362852097 0.460159510374069 0.48998087644577 0.519802212715149 0.549623548984528 0.579444944858551 0.60926628112793 0.639087617397308 0.667846381664276 0.693417310714722 0.718988239765167 0.744559228420258 0.770130157470703 0.795701086521149 0.821272015571594 0.846843004226685 0.852640151977539 0.851846039295197 0.851051867008209 0.850257754325867 0.849463641643524
0.698107898235321 0.711665868759155 0.729469180107117 0.747272431850433 0.765075743198395 0.782878994941711 0.800682306289673 0.81848555803299 0.836288809776306 0.835615694522858 0.828783750534058 0.821951806545258 0.815119862556458 0.808287918567657 0.801456034183502 0.794624090194702 0.778223037719727 0.733114659786224 0.688006281852722 0.642897963523865 0.597789585590363 0.55268120765686 0.507572829723358 0.462464481592178 0.470914661884308 0.497217684984207 0.523520708084106 0.549823701381683 0.57612669467926 0.602429747581482 0.628732740879059 0.655134797096252 0.681834101676941 0.708533406257629 0.735232710838318 0.761932015419006 0.78863126039505 0.815330564975739 0.842029869556427 0.848098874092102 0.847291111946106 0.846483409404755 0.845675647258759 0.844867885112762
0.664967894554138 0.679143607616425 0.699033617973328 0.718923568725586 0.738813519477844 0.758703529834747 0.778593480587006 0.798483490943909 0.818373441696167 0.819645464420319 0.814711511135101 0.809777557849884 0.804843604564667 0.79990965127945 0.794975638389587 0.79004168510437 0.775615870952606 0.732714593410492 0.689813256263733 0.646911919116974 0.604010581970215 0.561109304428101 0.518207967281342 0.475306630134583 0.481669813394547 0.504454493522644 0.527239143848419 0.550023853778839 0.572808504104614 0.595593214035034 0.618377864360809 0.642423272132874 0.67025089263916 0.698078572750092 0.725906193256378 0.753733813762665 0.781561493873596 0.809389114379883 0.837216734886169 0.84355765581131 0.84273624420166 0.841914892196655 0.84109354019165 0.840272128582001
0.631827890872955 0.646621346473694 0.668598055839539 0.690574705600739 0.712551355361938 0.734528064727783 0.756504714488983 0.778481364250183 0.800458073616028 0.80367523431778 0.800639271736145 0.797603249549866 0.794567286968231 0.791531324386597 0.788495302200317 0.785459339618683 0.773008763790131 0.732314467430115 0.691620171070099 0.650925934314728 0.610231637954712 0.569537341594696 0.52884304523468 0.488148778676987 0.492424964904785 0.511691272258759 0.530957639217377 0.55022394657135 0.569490313529968 0.588756620883942 0.60802298784256 0.629711747169495 0.658667743206024 0.687623679637909 0.716579675674438 0.745535671710968 0.774491667747498 0.803447663784027 0.832403659820557 0.839016377925873 0.838181376457214 0.837346374988556 0.836511373519897 0.835676372051239
