data/working_set_collections/6091692-Cassins_Sparrow-M2/1980/frwlt_avg.asc
NCOLS 265 
NROWS 230 
XLLCORNER -115.5625 
YLLCORNER 24.8333333333333 
CELLSIZE 0.0833333333333333 
NODATA_value -9999 
[rows 80 to 99 of 230, columns 44 to 87 of 265]
0.651750206947327 0.677003979682922 0.702257752418518 0.727511525154114 0.75276529788971 0.77801901102066 0.803272783756256 0.828526556491852 0.835354149341583 0.83603972196579 0.836725234985352 0.837410807609558 0.83809632062912 0.838781893253326 0.839467406272888 0.839260458946228 0.836375892162323 0.833491384983063 0.830606818199158 0.827722311019897 0.824837744235992 0.821953237056732 0.819068670272827 0.812240719795227 0.80409824848175 0.795955777168274 0.787813365459442 0.779670894145966 0.771528482437134 0.763386011123657 0.748244047164917 0.712103545665741 0.67596298456192 0.639822483062744 0.603681981563568 0.567541420459747 0.531400918960571 0.495260387659073 0.467828959226608 0.443300575017929 0.418772161006927 0.394243776798248 0.369715392589569 0.345186978578568
0.659341752529144 0.684179306030273 0.709016919136047 0.733854532241821 0.758692145347595 0.783529758453369 0.808367311954498 0.833204925060272 0.838877975940704 0.838162839412689 0.837447643280029 0.836732506752014 0.836017310619354 0.835302174091339 0.834586977958679 0.833603799343109 0.831816494464874 0.830029249191284 0.828241944313049 0.826454639434814 0.824667394161224 0.82288008928299 0.821092784404755 0.8167764544487 0.811617136001587 0.806457817554474 0.801298439502716 0.796139121055603 0.79097980260849 0.785820424556732 0.77351713180542 0.739781856536865 0.70604658126831 0.672311305999756 0.638576030731201 0.604840755462646 0.571105539798737 0.537370264530182 0.510650277137756 0.486268728971481 0.461887210607529 0.437505662441254 0.413124144077301 0.388742595911026
0.666933238506317 0.691354691982269 0.715776145458221 0.740197598934174 0.764618992805481 0.789040446281433 0.813461899757385 0.837883293628693 0.842401802539825 0.840285897254944 0.838170051574707 0.83605420589447 0.833938300609589 0.831822454929352 0.829706609249115 0.827947199344635 0.82725715637207 0.826567113399506 0.825877070426941 0.825187027454376 0.824496984481812 0.823806941509247 0.823116898536682 0.821312248706818 0.819136023521423 0.816959798336029 0.814783573150635 0.81260734796524 0.810431122779846 0.808254897594452 0.798790216445923 0.76746016740799 0.736130177974701 0.704800188541412 0.673470139503479 0.64214015007019 0.610810101032257 0.579480111598969 0.553471565246582 0.529236912727356 0.50500226020813 0.480767577886581 0.456532895565033 0.432298213243484
0.674524784088135 0.698530077934265 0.722535312175751 0.746540606021881 0.770545899868011 0.794551134109497 0.818556427955627 0.842561662197113 0.845925569534302 0.842409014701843 0.838892459869385 0.835375905036926 0.831859290599823 0.828342735767365 0.824826180934906 0.822290539741516 0.822697758674622 0.823104977607727 0.823512196540833 0.823919415473938 0.824326634407043 0.824733853340149 0.82514101266861 0.82584798336029 0.82665491104126 0.827461779117584 0.828268647193909 0.829075574874878 0.829882442951202 0.830689311027527 0.824063301086426 0.795138537883759 0.766213774681091 0.737289011478424 0.708364248275757 0.67943948507309 0.650514721870422 0.621589958667755 0.596292912960052 0.572205066680908 0.548117280006409 0.524029433727264 0.499941647052765 0.475853830575943
0.678513765335083 0.701391041278839 0.72426825761795 0.747145533561707 0.770022749900818 0.792899966239929 0.815777242183685 0.838654458522797 0.841580033302307 0.837854981422424 0.834129929542542 0.830404937267303 0.826679885387421 0.822954893112183 0.8192298412323 0.81659722328186 0.817241728305817 0.817886233329773 0.818530797958374 0.81917530298233 0.819819808006287 0.820464313030243 0.821108877658844 0.823026359081268 0.825368225574493 0.827710092067719 0.830051958560944 0.832393825054169 0.834735631942749 0.837077498435974 0.832503199577332 0.807180464267731 0.78185772895813 0.756534993648529 0.731212258338928 0.705889523029327 0.680566787719727 0.655244052410126 0.631994187831879 0.609435319900513 0.586876392364502 0.564317524433136 0.541758596897125 0.519199728965759
0.678900241851807 0.699937582015991 0.720974922180176 0.74201226234436 0.763049602508545 0.784087002277374 0.805124342441559 0.826161682605743 0.829365074634552 0.826623857021332 0.823882579803467 0.821141362190247 0.818400084972382 0.815658867359161 0.812917649745941 0.810867190361023 0.810889065265656 0.810910940170288 0.810932815074921 0.810954749584198 0.810976624488831 0.810998499393463 0.811020374298096 0.812847375869751 0.815276026725769 0.817704737186432 0.82013338804245 0.822562098503113 0.824990749359131 0.827419400215149 0.824109971523285 0.803586006164551 0.783062100410461 0.762538135051727 0.742014229297638 0.721490323543549 0.700966358184814 0.680442452430725 0.66057550907135 0.64092755317688 0.621279656887054 0.601631700992584 0.581983745098114 0.562335848808289
0.67928671836853 0.698484122753143 0.717681586742401 0.736879050731659 0.756076514720917 0.775273978710175 0.794471383094788 0.813668847084045 0.817150115966797 0.815392673015594 0.813635230064392 0.81187778711319 0.810120284557343 0.80836284160614 0.806605398654938 0.805137097835541 0.80453634262085 0.803935647010803 0.803334891796112 0.802734136581421 0.802133440971375 0.801532685756683 0.800931930541992 0.802668392658234 0.80518388748169 0.807699382305145 0.810214877128601 0.812730371952057 0.815245866775513 0.817761361598969 0.815716683864594 0.799991548061371 0.784266412258148 0.76854133605957 0.752816200256348 0.737091064453125 0.721365928649902 0.70564079284668 0.689156830310822 0.672419846057892 0.655682861804962 0.638945877552032 0.622208952903748 0.605471968650818
0.679673135280609 0.69703072309494 0.714388251304626 0.731745839118958 0.749103367328644 0.766460955142975 0.783818483352661 0.801176071166992 0.804935216903687 0.804161548614502 0.803387880325317 0.802614152431488 0.801840484142303 0.801066815853119 0.800293147563934 0.799407064914703 0.798183679580688 0.796960294246674 0.795736968517303 0.794513583183289 0.793290197849274 0.792066812515259 0.790843486785889 0.792489349842072 0.795091688632965 0.797694027423859 0.800296306610107 0.802898645401001 0.805500984191895 0.808103263378143 0.807323455810547 0.796397089958191 0.78547078371048 0.774544477462769 0.763618171215057 0.752691805362701 0.74176549911499 0.730839192867279 0.717738091945648 0.703912079334259 0.690086126327515 0.676260113716125 0.662434101104736 0.648608088493347
0.680059611797333 0.695577263832092 0.711094915866852 0.726612627506256 0.742130279541016 0.757647931575775 0.773165583610535 0.788683235645294 0.792720258235931 0.792930364608765 0.793140470981598 0.793350577354431 0.793560683727264 0.793770790100098 0.793980896472931 0.793677031993866 0.791831016540527 0.789985001087189 0.78813898563385 0.786293029785156 0.784447014331818 0.782600998878479 0.78075498342514 0.782310366630554 0.784999489784241 0.787688612937927 0.790377795696259 0.793066918849945 0.795756042003632 0.798445224761963 0.798930168151855 0.792802631855011 0.786675155162811 0.780547618865967 0.774420082569122 0.768292605876923 0.762165069580078 0.756037533283234 0.74631941318512 0.735404372215271 0.724489331245422 0.713574290275574 0.702659249305725 0.691744208335876
0.680446028709412 0.694123804569244 0.707801580429077 0.72147935628891 0.735157132148743 0.748834908008575 0.762512683868408 0.776190459728241 0.780505299568176 0.781699240207672 0.782893121242523 0.784087002277374 0.785280883312225 0.786474823951721 0.787668704986572 0.787946939468384 0.785478293895721 0.783009707927704 0.780541062355042 0.778072416782379 0.775603830814362 0.773135185241699 0.770666539669037 0.772131383419037 0.774907290935516 0.777683258056641 0.780459225177765 0.783235192298889 0.786011159420013 0.788787126541138 0.790536940097809 0.789208173751831 0.787879467010498 0.786550760269165 0.785222053527832 0.783893346786499 0.782564640045166 0.781235933303833 0.774900674819946 0.766896605491638 0.75889253616333 0.750888466835022 0.742884397506714 0.734880328178406
0.679303407669067 0.693162858486176 0.707022368907928 0.720881819725037 0.734741270542145 0.748600780963898 0.762460231781006 0.776319742202759 0.78073251247406 0.781996428966522 0.783260345458984 0.784524261951447 0.785788178443909 0.787052094936371 0.788316011428833 0.788481414318085 0.785351455211639 0.782221436500549 0.779091477394104 0.775961458683014 0.772831499576569 0.769701480865479 0.766571521759033 0.767353773117065 0.769440114498138 0.771526515483856 0.773612856864929 0.775699198246002 0.77778559923172 0.779871940612793 0.781865894794464 0.783582627773285 0.78529942035675 0.787016153335571 0.788732886314392 0.790449678897858 0.792166411876678 0.793883144855499 0.789251387119293 0.782503366470337 0.775755405426025 0.769007444381714 0.762259483337402 0.755511522293091
0.676631689071655 0.692694425582886 0.708757221698761 0.724819958209991 0.740882754325867 0.756945490837097 0.773008286952972 0.789071023464203 0.793401837348938 0.79382199048996 0.794242203235626 0.794662356376648 0.79508250951767 0.795502662658691 0.795922815799713 0.795280456542969 0.791450381278992 0.78762024641037 0.783790171146393 0.779960095882416 0.776130020618439 0.772299945354462 0.768469870090485 0.767977595329285 0.768597960472107 0.769218266010284 0.769838631153107 0.770458996295929 0.771079301834106 0.771699666976929 0.772917151451111 0.775925993919373 0.778934895992279 0.781943738460541 0.784952640533447 0.787961483001709 0.790970385074615 0.793979227542877 0.789371430873871 0.782224655151367 0.775077939033508 0.767931163311005 0.760784447193146 0.753637671470642
0.673959910869598 0.692225992679596 0.710492074489594 0.728758096694946 0.747024178504944 0.765290200710297 0.783556282520294 0.801822364330292 0.806071162223816 0.805647611618042 0.805224001407623 0.804800450801849 0.804376840591431 0.803953289985657 0.803529679775238 0.802079439163208 0.797549247741699 0.793019115924835 0.788488924503326 0.783958733081818 0.779428541660309 0.774898409843445 0.770368218421936 0.768601417541504 0.767755746841431 0.766910076141357 0.766064405441284 0.765218734741211 0.764373064041138 0.763527393341064 0.763968348503113 0.76826936006546 0.772570371627808 0.77687132358551 0.781172335147858 0.785473346710205 0.789774358272552 0.794075310230255 0.789491474628448 0.781945943832397 0.774400413036346 0.766854882240295 0.759309411048889 0.751763880252838
0.671288192272186 0.691757559776306 0.712226867675781 0.732696235179901 0.753165602684021 0.773634970188141 0.794104278087616 0.814573645591736 0.818740487098694 0.81747317314148 0.816205859184265 0.814938485622406 0.813671171665192 0.812403857707977 0.811136543750763 0.808878481388092 0.803648173809052 0.798417925834656 0.79318767786026 0.78795737028122 0.782727122306824 0.777496874332428 0.772266566753387 0.769225239753723 0.766913533210754 0.764601826667786 0.762290179729462 0.759978473186493 0.757666766643524 0.755355060100555 0.75501960515976 0.760612726211548 0.766205847263336 0.771798968315125 0.777392089366913 0.782985210418701 0.78857833147049 0.794171452522278 0.789611518383026 0.781667232513428 0.773722946643829 0.765778660774231 0.757834374904633 0.749890089035034
0.668616414070129 0.691289067268372 0.713961720466614 0.736634373664856 0.759307026863098 0.78197968006134 0.804652333259583 0.827324986457825 0.831409811973572 0.829298734664917 0.827187657356262 0.825076580047607 0.822965502738953 0.820854425430298 0.818743348121643 0.815677464008331 0.809747099876404 0.803816735744476 0.797886371612549 0.791956007480621 0.786025643348694 0.780095279216766 0.774164915084839 0.769849061965942 0.766071379184723 0.762293636798859 0.758515954017639 0.754738211631775 0.750960528850555 0.747182786464691 0.746070802211761 0.752956032752991 0.759841322898865 0.766726553440094 0.773611783981323 0.780497014522552 0.787382245063782 0.794267535209656 0.789731562137604 0.781388461589813 0.773045420646667 0.764702379703522 0.756359279155731 0.748016238212585
0.665944695472717 0.690820634365082 0.715696573257446 0.740572512149811 0.765448451042175 0.79032438993454 0.815200328826904 0.840076267719269 0.84407913684845 0.841124355792999 0.838169515132904 0.835214674472809 0.832259833812714 0.829305052757263 0.826350212097168 0.82247644662857 0.815846025943756 0.809215545654297 0.802585124969482 0.795954644680023 0.789324223995209 0.78269374370575 0.776063323020935 0.770472884178162 0.765229165554047 0.759985446929932 0.754741728305817 0.749497950077057 0.744254231452942 0.739010512828827 0.737122058868408 0.745299398899078 0.753476798534393 0.761654138565063 0.769831538200378 0.778008878231049 0.786186218261719 0.794363617897034 0.789851605892181 0.781109750270844 0.772367894649506 0.763626098632812 0.754884243011475 0.746142446994781
0.642900705337524 0.669982969760895 0.697065234184265 0.724147498607635 0.751229763031006 0.778312027454376 0.805394291877747 0.832476556301117 0.837807953357697 0.835889160633087 0.833970308303833 0.832051455974579 0.830132603645325 0.82821375131607 0.826294958591461 0.823169946670532 0.816426455974579 0.80968302488327 0.802939534187317 0.796196103096008 0.789452612400055 0.782709181308746 0.775965690612793 0.769861102104187 0.763969540596008 0.758077919483185 0.752186357975006 0.746294736862183 0.740403175354004 0.73451155424118 0.732168316841125 0.740470170974731 0.748772025108337 0.757073879241943 0.765375733375549 0.773677587509155 0.781979441642761 0.790281295776367 0.785748183727264 0.776936709880829 0.768125176429749 0.759313702583313 0.750502228736877 0.741690754890442
0.599484443664551 0.628776013851166 0.658067643642426 0.687359273433685 0.716650903224945 0.74594247341156 0.77523410320282 0.80452573299408 0.812596321105957 0.813593149185181 0.814590036869049 0.815586924552917 0.816583812236786 0.81758064031601 0.818577527999878 0.817757844924927 0.811488449573517 0.805219054222107 0.798949658870697 0.792680263519287 0.786410868167877 0.780141472816467 0.773872077465057 0.768013775348663 0.762292444705963 0.756571173667908 0.750849902629852 0.745128571987152 0.739407300949097 0.733685970306396 0.731209695339203 0.738468408584595 0.745727121829987 0.752985775470734 0.760244488716125 0.767503201961517 0.774761915206909 0.782020628452301 0.777421295642853 0.768869280815125 0.760317265987396 0.751765251159668 0.743213295936584 0.734661281108856
0.556068122386932 0.587569117546082 0.619070053100586 0.650571048259735 0.682072043418884 0.713572978973389 0.745073974132538 0.776574909687042 0.787384629249573 0.791297197341919 0.795209765434265 0.799122393131256 0.803034961223602 0.806947529315948 0.81086015701294 0.812345743179321 0.806550443172455 0.800755083560944 0.794959783554077 0.789164483547211 0.7833691239357 0.777573823928833 0.771778523921967 0.766166388988495 0.760615408420563 0.755064427852631 0.749513387680054 0.743962407112122 0.73841142654419 0.732860386371613 0.730251014232635 0.736466586589813 0.742682158946991 0.748897671699524 0.755113244056702 0.761328816413879 0.767544329166412 0.77375990152359 0.769094407558441 0.76080185174942 0.752509355545044 0.744216799736023 0.735924303531647 0.727631747722626
0.512651860713959 0.546362161636353 0.580072522163391 0.613782823085785 0.647493183612823 0.681203484535217 0.714913785457611 0.74862414598465 0.762172937393188 0.769001245498657 0.775829553604126 0.782657861709595 0.789486169815063 0.796314477920532 0.803142726421356 0.806933641433716 0.801612436771393 0.796291172504425 0.790969908237457 0.78564864397049 0.780327379703522 0.775006175041199 0.769684910774231 0.764319062232971 0.758938372135162 0.753557622432709 0.7481769323349 0.742796242237091 0.737415552139282 0.732034802436829 0.729292392730713 0.734464824199677 0.739637196063995 0.744809627532959 0.749981999397278 0.755154371261597 0.76032680273056 0.765499174594879 0.76076751947403 0.752734482288361 0.744701385498047 0.736668348312378 0.728635311126709 0.72060227394104
