data/working_set_collections/6091692-Cassins_Sparrow-M2/1980/frwlt_avg.asc
NCOLS 265 
NROWS 230 
XLLCORNER -115.5625 
YLLCORNER 24.8333333333333 
CELLSIZE 0.0833333333333333 
NODATA_value -9999 
[rows 200 to 219 of 230, columns 88 to 131 of 265]
0.341197103261948 0.312516868114471 0.292634516954422 0.272752165794373 0.252869814634323 0.232987448573112 0.213105097413063 0.193222731351852 0.173340380191803 0.156116753816605 0.139779359102249 0.123441971838474 0.107104584574699 0.0907671973109245 0.0744298100471497 0.0580924190580845 0.0515483841300011 0.0743843987584114 0.0972204208374023 0.120056442916393 0.142892464995384 0.165728479623795 0.188564494252205 0.211400523781776 0.255406677722931 0.306469559669495 0.357532441616058 0.408595323562622 0.459658205509186 0.51072108745575 0.561783969402313 0.605602741241455 0.627689123153687 0.649775445461273 0.671861827373505 0.693948149681091 0.716034531593323 0.738120913505554 0.760207235813141 0.771252036094666 0.778616309165955 0.785980582237244 0.793344855308533 0.800709128379822
0.363553166389465 0.336507678031921 0.31654953956604 0.296591430902481 0.276633322238922 0.256675183773041 0.236717075109482 0.216758951544762 0.196800827980042 0.177652835845947 0.158774867653847 0.139896914362907 0.121018946170807 0.102140985429287 0.083263024687767 0.0643850639462471 0.0550627149641514 0.0744072124361992 0.0937517061829567 0.113096207380295 0.132440701127052 0.15178519487381 0.171129688620567 0.190474197268486 0.234860062599182 0.28759303689003 0.3403260409832 0.393059015274048 0.445792019367218 0.498524993658066 0.551257967948914 0.596452951431274 0.619033813476562 0.641614675521851 0.664195537567139 0.686776399612427 0.70935732126236 0.731938183307648 0.754519045352936 0.76621675491333 0.774286806583405 0.782356858253479 0.790426850318909 0.798496901988983
0.385909229516983 0.360498487949371 0.34046459197998 0.32043069601059 0.300396829843521 0.28036293387413 0.260329067707062 0.240295171737671 0.220261290669441 0.19918891787529 0.177770376205444 0.15635184943676 0.134933307766914 0.113514773547649 0.0920962393283844 0.0706777051091194 0.058577049523592 0.0744300186634064 0.090282991528511 0.106135971844196 0.121988944709301 0.137841910123825 0.15369488298893 0.169547855854034 0.214313432574272 0.268716514110565 0.323119610548019 0.377522706985474 0.431925803422928 0.486328899860382 0.540732026100159 0.587303161621094 0.610378563404083 0.633453905582428 0.656529307365417 0.679604709148407 0.702680051326752 0.725755453109741 0.748830795288086 0.761181533336639 0.769957304000854 0.77873307466507 0.78750890493393 0.796284675598145
0.408265322446823 0.384489268064499 0.364379644393921 0.34426999092102 0.32416033744812 0.30405068397522 0.283941030502319 0.263831377029419 0.24372173845768 0.220724999904633 0.196765884757042 0.172806784510612 0.148847669363022 0.124888569116592 0.100929453969002 0.0769703462719917 0.0620913803577423 0.0744528323411942 0.086814284324646 0.0991757288575172 0.111537180840969 0.123898632824421 0.136260077357292 0.148621529340744 0.193766802549362 0.249840006232262 0.305913209915161 0.361986398696899 0.41805961728096 0.474132806062698 0.530206024646759 0.578153371810913 0.601723253726959 0.625293135643005 0.648863077163696 0.672432959079742 0.696002840995789 0.719572722911835 0.743142604827881 0.756146252155304 0.765627801418304 0.775109350681305 0.784590899944305 0.794072449207306
0.430642306804657 0.408170998096466 0.388163238763809 0.368155509233475 0.348147749900818 0.328140020370483 0.308132290840149 0.288124531507492 0.268116801977158 0.243768006563187 0.217972189188004 0.19217637181282 0.166380554437637 0.140584737062454 0.114788919687271 0.088993102312088 0.0721177980303764 0.0820040255784988 0.0918902605772018 0.101776488125324 0.111662715673447 0.121548943221569 0.131435170769691 0.141321405768394 0.185959786176682 0.242182210087776 0.298404633998871 0.354627072811127 0.410849511623383 0.467071920633316 0.523294389247894 0.571289420127869 0.594602227210999 0.617915034294128 0.641227900981903 0.664540708065033 0.687853515148163 0.711166381835938 0.734479188919067 0.747559726238251 0.757229447364807 0.766899168491364 0.77656888961792 0.786238610744476
0.453040182590485 0.431543588638306 0.41181543469429 0.392087280750275 0.372359097003937 0.352630943059921 0.332902789115906 0.31317463517189 0.293446451425552 0.268317937850952 0.241389259696007 0.214460611343384 0.1875319480896 0.160603284835815 0.133674636483192 0.106745973229408 0.0886563062667847 0.0970836132764816 0.105510920286179 0.113938227295876 0.122365541756153 0.130792841315269 0.139220163226128 0.147647470235825 0.19089238345623 0.245743155479431 0.300593942403793 0.355444729328156 0.410295486450195 0.465146273374557 0.51999706029892 0.566711187362671 0.589015424251556 0.611319601535797 0.633623778820038 0.655928015708923 0.678232192993164 0.70053642988205 0.72284060716629 0.735421895980835 0.744762182235718 0.754102528095245 0.763442814350128 0.772783160209656
0.475438058376312 0.454916208982468 0.435467630624771 0.416019022464752 0.396570444107056 0.377121865749359 0.357673287391663 0.338224709033966 0.31877613067627 0.292867839336395 0.264806360006332 0.236744850873947 0.208683341741562 0.180621847510338 0.152560338377953 0.124498836696148 0.105194807052612 0.112163200974464 0.119131587445736 0.126099973917007 0.13306836783886 0.14003674685955 0.147005140781403 0.153973534703255 0.195824980735779 0.249304100871086 0.302783221006393 0.356262356042862 0.40974149107933 0.463220626115799 0.516699731349945 0.562133014202118 0.58342856168747 0.604724168777466 0.626019716262817 0.647315323352814 0.668610870838165 0.689906477928162 0.711202025413513 0.723284125328064 0.732294976711273 0.741305887699127 0.750316798686981 0.75932765007019
0.497835963964462 0.478288799524307 0.45911979675293 0.439950793981552 0.420781791210175 0.401612788438797 0.382443785667419 0.363274782896042 0.344105780124664 0.317417770624161 0.288223415613174 0.25902909040451 0.229834735393524 0.200640395283699 0.171446055173874 0.142251700162888 0.121733315289021 0.127242788672447 0.132752254605293 0.138261720538139 0.143771186470985 0.149280652403831 0.154790118336678 0.160299599170685 0.200757563114166 0.252865046262741 0.304972529411316 0.357080012559891 0.409187495708466 0.46129497885704 0.513402462005615 0.55755478143692 0.577841758728027 0.59812867641449 0.618415653705597 0.638702571392059 0.658989548683167 0.679276525974274 0.699563443660736 0.711146295070648 0.719827771186829 0.728509247303009 0.73719072341919 0.74587219953537
0.520233869552612 0.501661419868469 0.482771992683411 0.463882565498352 0.444993138313293 0.426103711128235 0.407214283943176 0.388324856758118 0.369435429573059 0.341967701911926 0.311640501022339 0.281313329935074 0.250986129045486 0.22065894305706 0.190331757068634 0.160004571080208 0.138271823525429 0.142322361469269 0.14637291431427 0.150423467159271 0.154474005103111 0.158524557948112 0.162575110793114 0.166625663638115 0.205690160393715 0.256426006555557 0.307161808013916 0.357897639274597 0.408633470535278 0.45936930179596 0.510105133056641 0.552976608276367 0.57225489616394 0.591533243656158 0.610811591148376 0.63008987903595 0.649368226528168 0.668646514415741 0.687924861907959 0.699008524417877 0.707360565662384 0.715712606906891 0.724064707756042 0.732416749000549
0.54263174533844 0.525034010410309 0.506424188613892 0.487814337015152 0.469204485416412 0.450594633817673 0.431984812021255 0.413374960422516 0.394765108823776 0.366517633199692 0.335057586431503 0.303597569465637 0.272137522697449 0.240677505731583 0.209217473864555 0.177757441997528 0.154810324311256 0.157401949167252 0.159993574023247 0.162585213780403 0.165176838636398 0.167768463492393 0.170360088348389 0.172951728105545 0.210622757673264 0.259986937046051 0.309351116418839 0.358715295791626 0.408079475164413 0.457443654537201 0.506807804107666 0.548398375511169 0.566668093204498 0.584937810897827 0.603207468986511 0.62147718667984 0.639746904373169 0.658016562461853 0.676286280155182 0.686870694160461 0.69489336013794 0.702916026115417 0.710938632488251 0.718961298465729
0.559819638729095 0.54331248998642 0.52536153793335 0.50741058588028 0.489459663629532 0.471508741378784 0.453557789325714 0.435606867074966 0.417655915021896 0.38902759552002 0.356840163469315 0.32465273141861 0.292465299367905 0.260277837514877 0.228090405464172 0.195902973413467 0.172264397144318 0.174272447824478 0.176280498504639 0.178288549184799 0.18029659986496 0.18230465054512 0.184312701225281 0.18632073700428 0.222256302833557 0.269501030445099 0.316745758056641 0.36399045586586 0.411235183477402 0.458479911088943 0.505724668502808 0.54536372423172 0.562185823917389 0.579007923603058 0.595830023288727 0.612652122974396 0.62947428226471 0.646296381950378 0.663118481636047 0.672828376293182 0.680167555809021 0.68750673532486 0.694845855236053 0.702185034751892
0.571797609329224 0.556496739387512 0.539584040641785 0.522671341896057 0.50575864315033 0.488845974206924 0.471933275461197 0.455020576715469 0.438107877969742 0.409497648477554 0.376988232135773 0.344478815793991 0.31196939945221 0.279459983110428 0.246950581669807 0.214441165328026 0.190634056925774 0.192933857440948 0.195233672857285 0.197533488273621 0.199833288788795 0.202133104205132 0.204432919621468 0.206732720136642 0.240590780973434 0.284968256950378 0.329345703125 0.373723179101944 0.418100655078888 0.46247810125351 0.506855547428131 0.543872594833374 0.558808147907257 0.57374370098114 0.588679254055023 0.603614807128906 0.618550360202789 0.633485913276672 0.648421466350555 0.65688157081604 0.663183152675629 0.669484734535217 0.675786375999451 0.682087957859039
0.583775639533997 0.56968104839325 0.553806602954865 0.53793215751648 0.52205765247345 0.506183207035065 0.49030876159668 0.474434316158295 0.45855987071991 0.429967701435089 0.397136300802231 0.364304929971695 0.331473529338837 0.298642128705978 0.265810757875443 0.232979357242584 0.209003701806068 0.21159528195858 0.21418684720993 0.216778412461281 0.219369992613792 0.221961557865143 0.224553138017654 0.227144703269005 0.258925259113312 0.300435453653336 0.341945677995682 0.383455872535706 0.424966096878052 0.466476291418076 0.507986485958099 0.542381405830383 0.55543041229248 0.568479418754578 0.581528425216675 0.594577431678772 0.607626438140869 0.620675444602966 0.633724451065063 0.640934705734253 0.646198749542236 0.65146279335022 0.656726837158203 0.661990880966187
0.595753610134125 0.582865297794342 0.5680291056633 0.553192913532257 0.53835666179657 0.523520469665527 0.508684277534485 0.49384805560112 0.479011833667755 0.450437754392624 0.417284399271011 0.384131014347076 0.350977659225464 0.317824274301529 0.284670919179916 0.251517534255981 0.227373361587524 0.23025669157505 0.233140021562576 0.236023351550102 0.238906681537628 0.241790026426315 0.244673356413841 0.247556686401367 0.277259737253189 0.315902680158615 0.354545652866364 0.39318859577179 0.431831538677216 0.470474481582642 0.509117424488068 0.540890276432037 0.552052736282349 0.563215136528015 0.574377596378326 0.585540056228638 0.596702516078949 0.60786497592926 0.619027376174927 0.624987900257111 0.629214346408844 0.633440852165222 0.6376673579216 0.641893804073334
0.607731580734253 0.596049606800079 0.582251608371735 0.568453669548035 0.55465567111969 0.54085773229599 0.527059733867645 0.513261795043945 0.499463796615601 0.470907807350159 0.43743246793747 0.40395712852478 0.370481759309769 0.337006419897079 0.30353108048439 0.270055741071701 0.245743006467819 0.248918101191521 0.252093195915222 0.255268305540085 0.258443385362625 0.261618494987488 0.264793574810028 0.267968684434891 0.295594215393066 0.331369906663895 0.367145597934723 0.402921289205551 0.438696980476379 0.47447270154953 0.510248363018036 0.539399147033691 0.548675000667572 0.557950913906097 0.567226827144623 0.576502680778503 0.585778594017029 0.595054447650909 0.604330360889435 0.609041035175323 0.612229943275452 0.615418910980225 0.618607819080353 0.621796786785126
0.619709551334381 0.609233856201172 0.596474170684814 0.583714425563812 0.57095468044281 0.558194935321808 0.54543524980545 0.532675504684448 0.519915759563446 0.491377860307693 0.457580536603928 0.423783212900162 0.389985889196396 0.35618856549263 0.322391241788864 0.288593947887421 0.264112651348114 0.267579525709152 0.271046370267868 0.274513214826584 0.277980089187622 0.281446933746338 0.284913808107376 0.288380652666092 0.313928693532944 0.346837133169174 0.379745572805405 0.412654012441635 0.445562452077866 0.478470891714096 0.511379301548004 0.537907958030701 0.54529732465744 0.552686631679535 0.560075998306274 0.567465305328369 0.574854671955109 0.582243978977203 0.589633345603943 0.593094229698181 0.595245599746704 0.597396969795227 0.59954833984375 0.601699709892273
0.627212107181549 0.617981314659119 0.60591983795166 0.593858420848846 0.581797003746033 0.569735527038574 0.55767410993576 0.545612633228302 0.533551216125488 0.505626142024994 0.472413271665573 0.439200401306152 0.405987501144409 0.372774630784988 0.339561760425568 0.306348860263824 0.282529085874557 0.286888688802719 0.291248321533203 0.295607924461365 0.299967527389526 0.304327130317688 0.30868673324585 0.313046336174011 0.336928188800812 0.36731743812561 0.397706717252731 0.42809596657753 0.458485245704651 0.488874524831772 0.519263803958893 0.543396532535553 0.548759639263153 0.554122805595398 0.559485971927643 0.564849138259888 0.570212244987488 0.575575411319733 0.580938577651978 0.583215773105621 0.584464430809021 0.585713028907776 0.586961627006531 0.588210225105286
0.630239307880402 0.622291922569275 0.610588788986206 0.598885655403137 0.587182521820068 0.575479388237 0.563776314258575 0.552073180675507 0.540370047092438 0.513652741909027 0.481930702924728 0.45020866394043 0.418486624956131 0.386764585971832 0.355042546987534 0.323320508003235 0.300992339849472 0.306845664978027 0.312699019908905 0.31855234503746 0.324405699968338 0.330259025096893 0.336112380027771 0.341965705156326 0.364592671394348 0.392810851335526 0.421029031276703 0.44924721121788 0.477465391159058 0.505683600902557 0.533901751041412 0.555864751338959 0.559062063694 0.562259376049042 0.565456688404083 0.56865406036377 0.571851372718811 0.575048685073853 0.578246057033539 0.579405844211578 0.579886436462402 0.580367088317871 0.580847680568695 0.581328332424164
0.633266448974609 0.626602470874786 0.615257680416107 0.603912889957428 0.592568099498749 0.58122330904007 0.56987851858139 0.558533728122711 0.547188937664032 0.52167934179306 0.491448134183884 0.461216956377029 0.430985748767853 0.400754570960999 0.370523363351822 0.340292185544968 0.319455564022064 0.326802641153336 0.334149718284607 0.341496795415878 0.34884387254715 0.356190949678421 0.36353799700737 0.370885074138641 0.392257183790207 0.418304264545441 0.444351375102997 0.470398455858231 0.496445566415787 0.52249264717102 0.548539757728577 0.56833291053772 0.569364428520203 0.570395946502686 0.571427464485168 0.572458982467651 0.573490500450134 0.574522018432617 0.5755535364151 0.575595855712891 0.575308501720428 0.575021147727966 0.574733793735504 0.574446380138397
0.636293649673462 0.630913078784943 0.619926571846008 0.608940124511719 0.597953677177429 0.586967170238495 0.575980722904205 0.564994275569916 0.554007768630981 0.529705941677094 0.500965595245361 0.472225219011307 0.443484872579575 0.414744526147842 0.38600417971611 0.357263833284378 0.337918788194656 0.346759587526321 0.355600416660309 0.364441215991974 0.373282045125961 0.382122844457626 0.390963643789291 0.399804472923279 0.419921666383743 0.443797677755356 0.467673689126968 0.491549700498581 0.515425682067871 0.539301693439484 0.563177704811096 0.580801129341125 0.57966685295105 0.578532516956329 0.577398240566254 0.576263904571533 0.575129628181458 0.573995292186737 0.572861015796661 0.571785926818848 0.570730566978455 0.569675207138062 0.568619847297668 0.567564487457275
