data/working_set_collections/6091692-Cassins_Sparrow-M2/1980/ghland_avg.asc
NCOLS 265 
NROWS 230 
XLLCORNER -115.5625 
YLLCORNER 24.8333333333333 
CELLSIZE 0.0833333333333333 
NODATA_value -9999 
[rows 19 to 37 of 230, columns 88 to 131 of 265]
-0.0553532242774963 -0.0507065802812576 -0.0456911958754063 -0.0406758077442646 -0.0356604196131229 -0.0306450333446264 -0.0256296470761299 -0.0206142608076334 -0.0155988726764917 -0.00805168598890305 0.000339435267960653 0.00873055588454008 0.0171216763556004 0.0255127977579832 0.0339039191603661 0.0422950387001038 0.0428084395825863 0.0196886789053679 -0.00343108386732638 -0.0265508461743593 -0.0496706068515778 -0.0727903693914413 -0.0959101319313049 -0.119029894471169 -0.127928793430328 -0.132087424397469 -0.136246040463448 -0.140404656529427 -0.144563287496567 -0.148721903562546 -0.152880519628525 -0.152679398655891 -0.13939905166626 -0.126118689775467 -0.112838342785835 -0.099557988345623 -0.0862776339054108 -0.0729972794651985 -0.059716921299696 -0.0551760978996754 -0.0535484440624714 -0.0519207939505577 -0.050293143838644 -0.0486654937267303
-0.0548349283635616 -0.0501670986413956 -0.0447264350950718 -0.039285771548748 -0.0338451042771339 -0.0284044407308102 -0.0229637771844864 -0.0175231136381626 -0.0120824482291937 -0.00512554217129946 0.00233677844516933 0.00979909859597683 0.0172614194452763 0.0247237402945757 0.0321860611438751 0.0396483801305294 0.0402135103940964 0.0200870614498854 -3.93866866943426e-05 -0.0201658345758915 -0.0402922816574574 -0.0604187287390232 -0.0805451795458794 -0.100671626627445 -0.109032459557056 -0.113471411168575 -0.117910370230675 -0.122349329292774 -0.126788288354874 -0.131227254867554 -0.135666206479073 -0.136376649141312 -0.125901520252228 -0.115426398813725 -0.104951277375221 -0.0944761484861374 -0.0840010270476341 -0.0735259056091309 -0.063050776720047 -0.0579620376229286 -0.0546687580645084 -0.0513754785060883 -0.0480821989476681 -0.0447889193892479
-0.0543166287243366 -0.0496276170015335 -0.0437616743147373 -0.0378957316279411 -0.0320297889411449 -0.0261638481169939 -0.0202979072928429 -0.0144319655373693 -0.00856602378189564 -0.00219939858652651 0.00433412147685885 0.0108676413074136 0.017401160672307 0.023934680968523 0.030468201264739 0.037001721560955 0.0376185774803162 0.0204854439944029 0.00335231050848961 -0.0137808229774237 -0.0309139564633369 -0.0480470918118954 -0.0651802271604538 -0.0823133587837219 -0.0901361107826233 -0.0948554128408432 -0.0995747074484825 -0.104294002056122 -0.109013296663761 -0.1137325912714 -0.11845188587904 -0.120073884725571 -0.112403988838196 -0.104734100401402 -0.0970642045140266 -0.0893943160772324 -0.0817244201898575 -0.0740545317530632 -0.0663846358656883 -0.0607479810714722 -0.0557890720665455 -0.0508301630616188 -0.0458712540566921 -0.0409123413264751
-0.0537983328104019 -0.0490881316363811 -0.0427969135344028 -0.0365056954324245 -0.0302144754678011 -0.0239232555031776 -0.0176320374011993 -0.0113408183678985 -0.00504959933459759 0.000726744998246431 0.00633146474137902 0.0119361840188503 0.0175409037619829 0.0231456235051155 0.0287503432482481 0.0343550629913807 0.0350236482918262 0.0208838284015656 0.00674400757998228 -0.00739581231027842 -0.0215356312692165 -0.0356754511594772 -0.0498152710497379 -0.0639550909399986 -0.0712397694587708 -0.0762394070625305 -0.0812390372157097 -0.0862386673688889 -0.0912383049726486 -0.0962379351258278 -0.101237565279007 -0.10377112776041 -0.0989064648747444 -0.0940418019890785 -0.0891771391034126 -0.0843124762177467 -0.0794478207826614 -0.0745831578969955 -0.0697184950113297 -0.0635339245200157 -0.0569093860685825 -0.0502848476171494 -0.0436603054404259 -0.0370357669889927
-0.0532800331711769 -0.0485486499965191 -0.0418321527540684 -0.0351156555116177 -0.0283991601318121 -0.0216826647520065 -0.0149661675095558 -0.00824967119842768 -0.00153317488729954 0.00365288858301938 0.0083288075402379 0.0130047267302871 0.0176806468516588 0.022356566041708 0.0270324852317572 0.0317084044218063 0.032428715378046 0.0212822109460831 0.010135704651475 -0.00101080117747188 -0.0121573070064187 -0.0233038123697042 -0.0344503186643124 -0.0455968230962753 -0.0523434281349182 -0.0576233975589275 -0.0629033669829369 -0.0681833401322365 -0.0734633058309555 -0.0787432789802551 -0.0840232446789742 -0.0874683707952499 -0.0854089334607124 -0.0833495035767555 -0.0812900736927986 -0.0792306438088417 -0.0771712139248848 -0.0751117840409279 -0.073052354156971 -0.0663198679685593 -0.0580297000706196 -0.0497395284473896 -0.0414493605494499 -0.0331591926515102
-0.050078958272934 -0.0457020364701748 -0.0391634330153465 -0.0326248332858086 -0.0260862316936255 -0.0195476319640875 -0.0130090303719044 -0.00647042877972126 6.8172208557371e-05 0.00442729936912656 0.00805993564426899 0.0116925714537501 0.0153252072632313 0.0189578421413898 0.0225904788821936 0.0262231137603521 0.0266492497175932 0.0174558833241463 0.0082625187933445 -0.000930847134441137 -0.0101242130622268 -0.0193175785243511 -0.028510944917798 -0.037704311311245 -0.0435200333595276 -0.048209872096777 -0.0528997145593166 -0.0575895570218563 -0.0622793957591057 -0.0669692382216454 -0.071659080684185 -0.0751707628369331 -0.0751479640603065 -0.0751251727342606 -0.075102373957634 -0.0750795751810074 -0.0750567838549614 -0.0750339850783348 -0.0750111937522888 -0.0679920315742493 -0.0586407445371151 -0.0492894574999809 -0.0399381741881371 -0.030586889013648
-0.0441951006650925 -0.0405482910573483 -0.0347907580435276 -0.029033225029707 -0.0232756920158863 -0.0175181571394205 -0.0117606250569224 -0.0060030915774405 -0.000245558010647073 0.00304997758939862 0.00552484719082713 0.00799971632659435 0.0104745859280229 0.0129494555294514 0.0154243251308799 0.0178991947323084 0.0176852475851774 0.00940484832972288 0.00112444907426834 -0.0071559501811862 -0.0154363494366407 -0.0237167477607727 -0.0319971479475498 -0.0402775481343269 -0.0447695814073086 -0.0479988269507885 -0.0512280724942684 -0.0544573217630386 -0.0576865673065186 -0.0609158128499985 -0.0641450583934784 -0.0668783038854599 -0.0681235492229462 -0.0693687945604324 -0.0706140398979187 -0.0718592777848244 -0.0731045231223106 -0.0743497684597969 -0.0755950137972832 -0.0685504078865051 -0.0587425194680691 -0.048934631049633 -0.0391267463564873 -0.0293188579380512
-0.0383112467825413 -0.0353945456445217 -0.0304180812090635 -0.0254416167736053 -0.020465150475502 -0.0154886851087213 -0.0105122197419405 -0.00553575390949845 -0.000559288251679391 0.00167265569325536 0.00298975897021592 0.00430686213076115 0.00562396552413702 0.00694106891751289 0.00825817231088877 0.00957527570426464 0.00872124452143908 0.0013538122875616 -0.00601362017914653 -0.01338105276227 -0.0207484848797321 -0.0281159188598394 -0.0354833491146564 -0.0428507849574089 -0.0460191294550896 -0.0477877818048 -0.0495564341545105 -0.051325086504221 -0.0530937388539314 -0.0548623874783516 -0.0566310398280621 -0.058585848659277 -0.0610991343855858 -0.0636124163866043 -0.0661256983876228 -0.0686389803886414 -0.0711522698402405 -0.073665551841259 -0.0761788338422775 -0.069108784198761 -0.0588442981243134 -0.0485798083245754 -0.0383153185248375 -0.0280508268624544
-0.0324273891746998 -0.0302408020943403 -0.0260454043745995 -0.0218500066548586 -0.0176546089351177 -0.0134592121466994 -0.00926381442695856 -0.00506841624155641 -0.000873018463607877 0.000295333797112107 0.000454670836916193 0.00061400787672028 0.000773344945628196 0.000932681956328452 0.00109201902523637 0.00125135609414428 -0.000242757640080526 -0.00669722352176905 -0.0131516894325614 -0.0196061562746763 -0.0260606221854687 -0.0325150862336159 -0.0389695540070534 -0.0454240217804909 -0.0472686775028706 -0.0475767366588116 -0.0478847920894623 -0.0481928512454033 -0.048500906676054 -0.048808965831995 -0.0491170212626457 -0.050293393433094 -0.0540747195482254 -0.0578560419380665 -0.0616373643279076 -0.0654186829924583 -0.0692000091075897 -0.0729813352227211 -0.0767626538872719 -0.0696671679615974 -0.0589460730552673 -0.0482249818742275 -0.0375038906931877 -0.0267827976495028
-0.0265435334295034 -0.0250870585441589 -0.0216727294027805 -0.018258398398757 -0.014844068326056 -0.011429738253355 -0.00801540911197662 -0.00460107857361436 -0.0011867486173287 -0.00108198809903115 -0.00208041723817587 -0.00307884649373591 -0.00407727574929595 -0.00507570477202535 -0.00607413426041603 -0.00707256328314543 -0.00920675974339247 -0.014748259447515 -0.0202897600829601 -0.0258312579244375 -0.0313727594912052 -0.0369142591953278 -0.0424557588994503 -0.0479972586035728 -0.0485182292759418 -0.0473656915128231 -0.0462131537497044 -0.0450606159865856 -0.0439080782234669 -0.0427555404603481 -0.0416030026972294 -0.0420009382069111 -0.0470503009855747 -0.0520996637642384 -0.057149026542902 -0.0621983893215656 -0.067247748374939 -0.0722971111536026 -0.0773464739322662 -0.0702255442738533 -0.0590478517115116 -0.0478701554238796 -0.0366924628615379 -0.0255147665739059
-0.0206596776843071 -0.0199333149939775 -0.0173000525683165 -0.0146667901426554 -0.0120335277169943 -0.0094002652913332 -0.0067670033313334 -0.00413374090567231 -0.00150047882925719 -0.00245930999517441 -0.00461550522595644 -0.00677170092239976 -0.00892789661884308 -0.0110840918496251 -0.0132402870804071 -0.0153964832425117 -0.0181707628071308 -0.0227992963045835 -0.0274278279393911 -0.0320563614368439 -0.0366848930716515 -0.0413134284317493 -0.0459419600665569 -0.0505704917013645 -0.0497677773237228 -0.0471546463668346 -0.0445415116846561 -0.0419283807277679 -0.0393152497708797 -0.0367021150887012 -0.034088984131813 -0.0337084829807281 -0.0400258861482143 -0.0463432893157005 -0.0526606887578964 -0.0589780919253826 -0.0652954950928688 -0.0716128945350647 -0.0779302939772606 -0.0707839280366898 -0.0591496266424656 -0.0475153289735317 -0.0358810350298882 -0.0242467354983091
-0.0130345607176423 -0.0121475541964173 -0.00988149922341108 -0.00761544378474355 -0.0053493888117373 -0.00308333337306976 -0.000817278050817549 0.00144877715501934 0.00371483247727156 0.000191276296391152 -0.0052621504291892 -0.0107155768200755 -0.0161690041422844 -0.0216224305331707 -0.027075856924057 -0.0325292833149433 -0.0370455496013165 -0.0387503281235695 -0.0404551066458225 -0.0421598851680756 -0.0438646636903286 -0.0455694422125816 -0.047274224460125 -0.048979002982378 -0.047296978533268 -0.0444860234856606 -0.0416750647127628 -0.0388641096651554 -0.0360531508922577 -0.0332421958446503 -0.0304312370717525 -0.0297114513814449 -0.0352651737630367 -0.0408188998699188 -0.0463726222515106 -0.0519263483583927 -0.0574800707399845 -0.0630337968468666 -0.0685875192284584 -0.0618038102984428 -0.0509076230227947 -0.0400114357471466 -0.0291152484714985 -0.0182190611958504
-0.00366818299517035 -0.00172977836336941 0.000582930748350918 0.00289563974365592 0.00520834885537624 0.00752105796709657 0.00983376707881689 0.0121464766561985 0.0144591853022575 0.00686977058649063 -0.00402035191655159 -0.0149104744195938 -0.025800596922636 -0.0366907194256783 -0.0475808419287205 -0.0584709644317627 -0.0658311173319817 -0.0626013576984406 -0.0593715943396091 -0.0561418309807777 -0.0529120676219463 -0.0496823079884052 -0.0464525446295738 -0.0432227812707424 -0.0411058329045773 -0.0393598228693008 -0.0376138091087341 -0.0358677990734577 -0.0341217890381813 -0.0323757752776146 -0.0306297652423382 -0.030009837821126 -0.0327681675553322 -0.0355264954268932 -0.0382848270237446 -0.0410431548953056 -0.043801486492157 -0.046559814363718 -0.0493181459605694 -0.0432852022349834 -0.0343218371272087 -0.0253584738820791 -0.0163951087743044 -0.00743174459785223
0.0056981947273016 0.00868799723684788 0.0110473604872823 0.0134067237377167 0.0157660860568285 0.0181254502385855 0.0204848125576973 0.0228441748768091 0.0252035390585661 0.0135482652112842 -0.00277855386957526 -0.0191053729504347 -0.0354321897029877 -0.0517590120434761 -0.0680858269333839 -0.0844126492738724 -0.0946166887879372 -0.086452379822731 -0.0782880783081055 -0.0701237767934799 -0.0619594715535641 -0.0537951700389385 -0.0456308647990227 -0.0374665632843971 -0.0349146872758865 -0.0342336222529411 -0.0335525535047054 -0.03287148848176 -0.0321904234588146 -0.0315093584358692 -0.0308282915502787 -0.0303082261234522 -0.0302711594849825 -0.0302340947091579 -0.0301970299333334 -0.0301599651575089 -0.0301229003816843 -0.0300858337432146 -0.0300487689673901 -0.0247665960341692 -0.0177360530942678 -0.0107055110856891 -0.00367496930994093 0.00335557316429913
0.0150645729154348 0.0191057734191418 0.0215117912739515 0.0239178072661161 0.0263238232582808 0.0287298411130905 0.0311358571052551 0.0335418730974197 0.0359478928148746 0.0202267598360777 -0.00153675558976829 -0.0233002696186304 -0.0450637862086296 -0.0668272972106934 -0.0885908156633377 -0.110354326665401 -0.123402252793312 -0.110303409397602 -0.0972045660018921 -0.0841057226061821 -0.0710068792104721 -0.0579080320894718 -0.0448091849684715 -0.0317103415727615 -0.0287235397845507 -0.0291074197739363 -0.0294912997633219 -0.0298751797527075 -0.0302590597420931 -0.0306429378688335 -0.0310268178582191 -0.0306066125631332 -0.0277741532772779 -0.0249416939914227 -0.0221092328429222 -0.0192767735570669 -0.0164443142712116 -0.0136118540540338 -0.0107793938368559 -0.00624798890203238 -0.00115026906132698 0.00394745077937841 0.00904517062008381 0.0141428904607892
0.0244309511035681 0.0295235496014357 0.0319762192666531 0.0344288907945156 0.0368815623223782 0.0393342338502407 0.041786901652813 0.0442395731806755 0.0466922447085381 0.0269052535295486 -0.00029495736816898 -0.0274951681494713 -0.0546953789889812 -0.0818955898284912 -0.109095804393291 -0.136296018958092 -0.152187824249268 -0.134154438972473 -0.116121053695679 -0.0980876684188843 -0.0800542831420898 -0.0620208941400051 -0.0439875088632107 -0.0259541217237711 -0.0225323941558599 -0.0239812191575766 -0.0254300441592932 -0.0268788691610098 -0.0283276941627264 -0.029776519164443 -0.0312253441661596 -0.0309050008654594 -0.0252771452069283 -0.0196492914110422 -0.0140214366838336 -0.00839358195662498 -0.00276572746224701 0.00286212703213096 0.00848998129367828 0.0122706182301044 0.0154355159029365 0.0186004135757685 0.0217653103172779 0.0249302089214325
0.0337973274290562 0.0399413257837296 0.0424406491219997 0.0449399761855602 0.0474392995238304 0.0499386228621006 0.0524379499256611 0.0549372732639313 0.0574365966022015 0.0335837490856647 0.000946840853430331 -0.031690064817667 -0.0643269717693329 -0.0969638824462891 -0.129600793123245 -0.16223768889904 -0.180973395705223 -0.158005461096764 -0.135037541389465 -0.112069614231586 -0.0891016870737076 -0.0661337599158287 -0.0431658290326595 -0.0201979018747807 -0.0163412485271692 -0.0188550185412169 -0.0213687885552645 -0.0238825604319572 -0.0263963304460049 -0.0289101004600525 -0.0314238704741001 -0.0312033873051405 -0.0227801389992237 -0.0143568888306618 -0.0059336400590837 0.0024896094109863 0.0109128588810563 0.0193361081182957 0.0277593564242125 0.0307892262935638 0.0320212990045547 0.033253375440836 0.0344854518771172 0.0357175245881081
0.0438639037311077 0.0501189827919006 0.0524113066494465 0.0547036305069923 0.0569959543645382 0.059288278222084 0.0615806020796299 0.0638729259371758 0.0661652460694313 0.0405247956514359 0.00557341752573848 -0.0293779615312815 -0.0643293410539627 -0.0992807224392891 -0.134232103824615 -0.169183477759361 -0.189589485526085 -0.166359379887581 -0.143129274249077 -0.119899168610573 -0.0966690704226494 -0.0734389647841454 -0.0502088591456413 -0.0269787553697824 -0.0241606961935759 -0.0281466525048018 -0.0321326069533825 -0.0361185632646084 -0.0401045195758343 -0.0440904758870602 -0.0480764321982861 -0.0481568388640881 -0.0365205928683281 -0.024884345009923 -0.013248099014163 -0.00161185255274177 0.0100243939086795 0.021660640835762 0.033296886831522 0.0374082997441292 0.0390114299952984 0.0406145639717579 0.0422176979482174 0.0438208319246769
0.0546306781470776 0.060056522488594 0.0618881918489933 0.0637198612093925 0.0655515268445015 0.0673831924796104 0.0692148655653 0.0710465312004089 0.0728782042860985 0.0477284006774426 0.0135847721248865 -0.0205588545650244 -0.0547024793922901 -0.0888461098074913 -0.122989736497402 -0.157133355736732 -0.178036093711853 -0.159216180443764 -0.140396267175674 -0.121576346457005 -0.102756433188915 -0.0839365124702454 -0.0651165992021561 -0.0462966822087765 -0.045990739017725 -0.0518561191856861 -0.0577215030789375 -0.0635868832468987 -0.0694522634148598 -0.0753176435828209 -0.0811830312013626 -0.081765353679657 -0.0664985105395317 -0.0512316599488258 -0.0359648130834103 -0.0206979680806398 -0.00543112121522427 0.00983572565019131 0.0251025725156069 0.0321278385818005 0.0364059098064899 0.0406839810311794 0.0449620522558689 0.0492401234805584
