data/working_set_collections/6091692-Cassins_Sparrow-M2/1980/ghland_avg.asc
NCOLS 265 
NROWS 230 
XLLCORNER -115.5625 
YLLCORNER 24.8333333333333 
CELLSIZE 0.0833333333333333 
NODATA_value -9999 
[rows 152 to 170 of 230, columns 0 to 43 of 265]
0.043519876897335 0.0984338074922562 0.153347730636597 0.208261653780937 0.263175576925278 0.318089514970779 0.373003453016281 0.385907143354416 0.38480743765831 -9999 -9999 -9999 -9999 -9999 -9999 -9999 -9999 -9999 -9999 -9999 -9999 -9999 -9999 -9999 -9999 0.126564279198647 0.128481969237328 0.130399644374847 0.132317319512367 0.132542461156845 0.127689942717552 0.12283743172884 0.117984920740128 0.113132409751415 0.108279891312122 0.10342738032341 0.0985748693346977 0.0851482152938843 0.0688635185360909 0.0525788180530071 0.0362941175699234 0.0200094170868397 0.00372471776790917 -0.0125599820166826
0.0297677963972092 0.0896239653229713 0.149480134248734 0.209336295723915 0.269192457199097 0.329048633575439 0.388904809951782 0.410792142152786 0.420023202896118 -9999 -9999 -9999 -9999 -9999 -9999 -9999 -9999 -9999 -9999 -9999 -9999 -9999 -9999 -9999 -9999 -9999 -9999 -9999 -9999 0.13688237965107 0.132319509983063 0.127756640315056 0.123193770647049 0.118630900979042 0.114068038761616 0.109505169093609 0.104942299425602 0.0926771983504295 0.0778446942567825 0.0630121901631355 0.0481796823441982 0.0333471745252609 0.0185146685689688 0.00368216098286211
0.0160157158970833 0.0808141231536865 0.14561253786087 0.210410937666893 0.275209337472916 0.3400077521801 0.404806166887283 0.435677140951157 0.455238968133926 -9999 -9999 -9999 -9999 -9999 -9999 -9999 -9999 -9999 -9999 -9999 -9999 -9999 -9999 -9999 -9999 -9999 -9999 -9999 -9999 0.141222298145294 0.136949077248573 0.132675856351852 0.12840262055397 0.124129399657249 0.119856178760529 0.115582950413227 0.111309729516506 0.100206188857555 0.0868258699774742 0.0734455585479736 0.0600652433931828 0.0466849319636822 0.0333046168088913 0.0199243035167456
0.00226363516412675 0.0720042809844017 0.141744926571846 0.211485579609871 0.281226217746735 0.35096687078476 0.420707523822784 0.460562139749527 0.490454763174057 -9999 -9999 -9999 -9999 -9999 -9999 -9999 -9999 -9999 -9999 -9999 -9999 -9999 -9999 -9999 -9999 -9999 -9999 -9999 -9999 0.14556223154068 0.141578644514084 0.137595057487488 0.133611485362053 0.129627898335457 0.125644311308861 0.121660739183426 0.11767715215683 0.107735171914101 0.0958070531487465 0.0838789269328117 0.0719508081674576 0.0600226894021034 0.048094566911459 0.0361664481461048
-0.00652766274288297 0.0592540837824345 0.125035837292671 0.190817579627037 0.256599336862564 0.32238107919693 0.388162821531296 0.435200184583664 0.475989431142807 0.516778647899628 -9999 -9999 -9999 -9999 -9999 -9999 -9999 -9999 -9999 -9999 -9999 -9999 -9999 -9999 -9999 -9999 -9999 -9999 -9999 0.144842550158501 0.141292229294777 0.137741908431053 0.134191602468491 0.130641281604767 0.127090960741043 0.1235406473279 0.119990326464176 0.110957197844982 0.100096464157104 0.0892357230186462 0.0783749893307686 0.0675142556428909 0.0566535219550133 0.0457927845418453
-0.0103581780567765 0.0425635278224945 0.095485232770443 0.148406937718391 0.20132865011692 0.254250347614288 0.307172060012817 0.359591275453568 0.411842972040176 0.464094668626785 -9999 -9999 -9999 -9999 -9999 -9999 -9999 -9999 -9999 -9999 -9999 -9999 -9999 -9999 -9999 -9999 -9999 -9999 -9999 0.139063268899918 0.136089831590652 0.133116394281387 0.130142971873283 0.127169534564018 0.124196104705334 0.121222674846649 0.118249244987965 0.1098722666502 0.0996941104531288 0.0895159468054771 0.0793377906084061 0.069159634411335 0.0589814744889736 0.0488033182919025
-0.0141886938363314 0.0258729699999094 0.0659346356987953 0.105996295809746 0.146057963371277 0.186119616031647 0.226181283593178 0.283982336521149 0.347696512937546 0.411410719156265 0.475124895572662 -9999 -9999 -9999 -9999 -9999 -9999 -9999 -9999 -9999 -9999 -9999 -9999 -9999 -9999 -9999 -9999 -9999 -9999 0.133283972740173 0.130887433886528 0.128490880131721 0.126094341278076 0.12369779497385 0.121301248669624 0.118904702365398 0.116508156061172 0.108787335455418 0.0992917567491531 0.089796170592308 0.0803005918860435 0.070805013179779 0.0613094307482243 0.0518138483166695
-0.0180192105472088 0.00918241124600172 0.0363840311765671 0.0635856539011002 0.0907872766256332 0.117988899350166 0.145190522074699 0.208373412489891 0.283550083637238 0.358726739883423 0.433903396129608 0.509080052375793 -9999 -9999 -9999 -9999 -9999 -9999 -9999 -9999 -9999 -9999 -9999 -9999 -9999 -9999 -9999 -9999 -9999 0.12750469148159 0.125685036182404 0.123865373432636 0.122045710682869 0.120226055383682 0.118406392633915 0.116586729884148 0.11476706713438 0.107702404260635 0.0988893955945969 0.090076394379139 0.081263393163681 0.0724503844976425 0.0636373832821846 0.0548243820667267
-0.0218497253954411 -0.00750814704224467 0.006833431776613 0.0211750101298094 0.0355165898799896 0.0498581677675247 0.0641997456550598 0.132764488458633 0.219403624534607 0.30604276061058 0.392681896686554 0.479321032762527 -9999 -9999 -9999 -9999 -9999 -9999 -9999 -9999 -9999 -9999 -9999 -9999 -9999 -9999 -9999 -9999 -9999 -9999 0.120482638478279 0.11923985928297 0.117997087538242 0.116754308342934 0.115511536598206 0.114268757402897 0.113025985658169 0.106617473065853 0.0984870418906212 0.0903566181659698 0.0822261944413185 0.0740957632660866 0.0659653395414352 0.0578349120914936
-0.0256802421063185 -0.0241987053304911 -0.0227171685546637 -0.0212356317788363 -0.0197540950030088 -0.0182725582271814 -0.016791021451354 0.0571555681526661 0.155257180333138 0.253358781337738 0.3514603972435 0.449562013149261 -9999 -9999 -9999 -9999 -9999 -9999 -9999 -9999 -9999 -9999 -9999 -9999 -9999 -9999 -9999 -9999 -9999 -9999 -9999 0.114614352583885 0.113948456943035 0.113282568752766 0.112616680562496 0.111950792372227 0.111284896731377 0.105532541871071 0.0980846881866455 0.0906368419528008 0.083188995718956 0.0757411420345306 0.0682932958006859 0.0608454458415508
-0.0295441634953022 -0.0403245538473129 -0.0511049441993237 -0.0618853345513344 -0.0726657286286354 -0.0834461152553558 -0.0942265093326569 -0.0234493315219879 0.074513703584671 0.17247673869133 0.270439773797989 0.368402808904648 -9999 -9999 -9999 -9999 -9999 -9999 -9999 -9999 -9999 -9999 -9999 -9999 -9999 -9999 -9999 -9999 -9999 -9999 -9999 -9999 0.109186455607414 0.109184496104717 0.10918252915144 0.109180569648743 0.109178610146046 0.103473328053951 0.0958669409155846 0.0882605612277985 0.0806541740894318 0.0730477869510651 0.0654413998126984 0.0578350126743317
-0.0334414951503277 -0.055885698646307 -0.078329898416996 -0.100774101912975 -0.123218305408955 -0.145662501454353 -0.168106704950333 -0.109050206840038 -0.0228268038481474 0.0633966028690338 0.149619996547699 0.235843405127525 -9999 -9999 -9999 -9999 -9999 -9999 -9999 -9999 -9999 -9999 -9999 -9999 -9999 -9999 -9999 -9999 -9999 -9999 -9999 -9999 0.103711068630219 0.104460082948208 0.105209097266197 0.105958104133606 0.106707118451595 0.100439846515656 0.091833807528019 0.0832277685403824 0.0746217295527458 0.0660156980156898 0.0574096590280533 0.0488036200404167
-0.0373388230800629 -0.0714468359947205 -0.105554856359959 -0.139662861824036 -0.173770889639854 -0.207878902554512 -0.24198691546917 -0.194651082158089 -0.120167315006256 -0.0456835366785526 0.0288002379238605 0.103284008800983 -9999 -9999 -9999 -9999 -9999 -9999 -9999 -9999 -9999 -9999 -9999 -9999 -9999 -9999 -9999 -9999 -9999 -9999 -9999 -9999 0.0982356816530228 0.0997356697916985 0.101235657930374 0.102735638618469 0.104235626757145 0.0974063575267792 0.0878006666898727 0.0781949833035469 0.0685892924666405 0.058983601629734 0.0493779145181179 0.0397722236812115
-0.0412361547350883 -0.0870079845190048 -0.132779806852341 -0.178551629185677 -0.224323466420174 -0.27009528875351 -0.315867125988007 -0.280251950025558 -0.21750782430172 -0.154763668775558 -0.0920195281505585 -0.029275381937623 -9999 -9999 -9999 -9999 -9999 -9999 -9999 -9999 -9999 -9999 -9999 -9999 -9999 -9999 -9999 -9999 -9999 -9999 -9999 -9999 0.0927603021264076 0.0950112566351891 0.0972622185945511 0.0995131731033325 0.101764135062695 0.0943728685379028 0.0837675333023071 0.0731621906161308 0.0625568479299545 0.0519515126943588 0.0413461700081825 0.0307408310472965
-0.0451334863901138 -0.102569125592709 -0.160004764795303 -0.217440396547318 -0.274876028299332 -0.332311689853668 -0.389747321605682 -0.365852832794189 -0.314848333597183 -0.263843804597855 -0.212839290499687 -0.16183477640152 -9999 -9999 -9999 -9999 -9999 -9999 -9999 -9999 -9999 -9999 -9999 -9999 -9999 -9999 -9999 -9999 -9999 -9999 -9999 -9999 0.0872849151492119 0.0902868434786797 0.093288779258728 0.0962907150387764 0.0992926433682442 0.0913393869996071 0.0797343924641609 0.0681293979287148 0.0565244108438492 0.0449194200336933 0.0333144292235374 0.0217094365507364
-0.049030814319849 -0.118130266666412 -0.187229722738266 -0.25632917881012 -0.325428605079651 -0.394528061151505 -0.463627517223358 -0.45145371556282 -0.412188827991486 -0.372923940420151 -0.333659052848816 -0.294394165277481 -9999 -9999 -9999 -9999 -9999 -9999 -9999 -9999 -9999 -9999 -9999 -9999 -9999 -9999 -9999 -9999 -9999 -9999 -9999 -9999 -9999 0.0855624377727509 0.089315339922905 0.0930682495236397 0.0968211516737938 0.0883058980107307 0.0757012516260147 0.0630966126918793 0.0504919700324535 0.0378873273730278 0.0252826847136021 0.0126780429854989
-0.0812853872776031 -0.15048360824585 -0.219681814312935 -0.28888002038002 -0.358078241348267 -0.427276462316513 -0.496474653482437 -0.489365696907043 -0.456820994615555 -0.424276262521744 -0.391731560230255 -0.359186857938766 -0.326642155647278 -0.294097453355789 -9999 -9999 -9999 -9999 -9999 -9999 -9999 -9999 -9999 -9999 -9999 -9999 -9999 -9999 -9999 -9999 -9999 -9999 -9999 -9999 0.0849697068333626 0.090279258787632 0.0955888107419014 0.0865688845515251 0.0727724581956863 0.0589760355651379 0.0451796129345894 0.0313831865787506 0.0175867658108473 0.00379034178331494
-0.141897216439247 -0.199629127979279 -0.257361054420471 -0.315092980861664 -0.372824907302856 -0.430556803941727 -0.488288730382919 -0.479588747024536 -0.448744773864746 -0.417900800704956 -0.387056827545166 -0.356212854385376 -0.325368911027908 -0.294524937868118 -0.259687900543213 -9999 -9999 -9999 -9999 -9999 -9999 -9999 -9999 -9999 -9999 -9999 -9999 -9999 -9999 -9999 -9999 -9999 -9999 -9999 -9999 0.0879237502813339 0.095595620572567 0.0861283391714096 0.0709480047225952 0.0557676702737808 0.0405873358249664 0.025407001376152 0.0102266678586602 -0.00495366612449288
-0.20250903069973 -0.248774662613869 -0.295040279626846 -0.341305911540985 -0.387571543455124 -0.433837175369263 -0.480102807283401 -0.469811797142029 -0.440668553113937 -0.411525338888168 -0.382382094860077 -0.353238850831985 -0.324095636606216 -0.294952392578125 -0.262024164199829 -0.217740908265114 -0.173457652330399 -9999 -9999 -9999 -9999 -9999 -9999 -9999 -9999 -9999 -9999 -9999 -9999 -9999 -9999 -9999 -9999 -9999 -9999 0.0855682417750359 0.0956024304032326 0.0856877937912941 0.0691235437989235 0.0525593012571335 0.0359950587153435 0.0194308143109083 0.00286657037213445 -0.0136976735666394
