data/working_set_collections/6091692-Cassins_Sparrow-M2/1980/ghland_avg.asc
NCOLS 265 
NROWS 230 
XLLCORNER -115.5625 
YLLCORNER 24.8333333333333 
CELLSIZE 0.0833333333333333 
NODATA_value -9999 
[rows 95 to 113 of 230, columns 220 to 263 of 265]
0.172270610928535 0.173857748508453 0.17544487118721 0.177032008767128 0.177716597914696 0.175693526864052 0.173670470714569 0.171647399663925 0.169624328613281 0.167601272463799 0.165578201413155 0.163555145263672 0.165207713842392 0.168085485696793 0.170963257551193 0.173841029405594 0.176718801259995 0.179596588015556 0.182474359869957 0.185035228729248 0.186645373702049 0.188255503773689 0.18986564874649 0.191475793719292 0.193085938692093 0.194696083664894 0.196306228637695 0.193075314164162 0.188230708241463 0.183386117219925 0.178541511297226 0.173696905374527 0.168852299451828 0.16400770843029 0.159327164292336 0.155138790607452 0.150950416922569 0.146762058138847 0.142573684453964 0.138385310769081 0.134196937084198 0.130008563399315 0.13336592912674 0.13923853635788
0.171915009617805 0.173622265458107 0.175329506397247 0.177036762237549 0.177902474999428 0.176243588328362 0.174584716558456 0.172925844788551 0.171266958117485 0.16960808634758 0.167949214577675 0.166290327906609 0.168090119957924 0.171042799949646 0.173995479941368 0.17694815993309 0.179900854825974 0.182853534817696 0.185806214809418 0.18836635351181 0.189748898148537 0.191131442785263 0.192513972520828 0.193896517157555 0.195279061794281 0.196661606431007 0.198044136166573 0.194642916321754 0.189647078514099 0.184651255607605 0.179655432701111 0.174659609794617 0.169663786888123 0.164667963981628 0.159799411892891 0.155312657356262 0.150825902819633 0.146339148283005 0.141852393746376 0.137365639209747 0.132878884673119 0.12839213013649 0.131893873214722 0.138058468699455
0.170856237411499 0.172274172306061 0.173692092299461 0.175110012292862 0.175871834158897 0.174665361642838 0.173458889126778 0.172252416610718 0.171045944094658 0.169839471578598 0.168632999062538 0.167426526546478 0.169292852282524 0.172183468937874 0.175074085593224 0.177964687347412 0.180855304002762 0.183745920658112 0.1866365224123 0.18901789188385 0.189871519804001 0.19072513282299 0.191578760743141 0.192432373762131 0.19328598678112 0.194139614701271 0.194993227720261 0.1917814463377 0.187214523553848 0.182647615671158 0.178080692887306 0.173513770103455 0.168946847319603 0.164379924535751 0.159854799509048 0.155455023050308 0.151055246591568 0.146655485033989 0.142255708575249 0.137855932116508 0.133456155657768 0.129056379199028 0.132849186658859 0.139372855424881
0.169797465205193 0.170926064252853 0.172054663300514 0.173183262348175 0.173841193318367 0.173087120056152 0.172333061695099 0.171578988432884 0.17082491517067 0.170070841908455 0.16931676864624 0.168562710285187 0.170495599508286 0.173324137926102 0.176152676343918 0.178981214761734 0.181809768080711 0.184638306498528 0.187466844916344 0.18966943025589 0.189994126558304 0.190318822860718 0.190643534064293 0.190968230366707 0.191292926669121 0.191617622971535 0.191942319273949 0.188919991254807 0.184781968593597 0.18064396083355 0.17650593817234 0.172367930412292 0.168229907751083 0.164091899991035 0.159910187125206 0.155597388744354 0.151284605264664 0.146971806883812 0.142659023404121 0.13834622502327 0.134033441543579 0.129720643162727 0.133804500102997 0.140687242150307
0.168738692998886 0.169577971100807 0.170417249202728 0.171256527304649 0.171810552477837 0.171508893370628 0.171207219362259 0.170905560255051 0.170603886246681 0.170302227139473 0.170000553131104 0.169698894023895 0.171698331832886 0.17446480691433 0.177231281995773 0.179997742176056 0.1827642172575 0.185530692338943 0.188297167420387 0.19032096862793 0.190116748213768 0.189912527799606 0.189708307385445 0.189504086971283 0.189299866557121 0.189095631241798 0.188891410827637 0.186058521270752 0.182349413633347 0.178640305995941 0.174931198358536 0.17122209072113 0.167512968182564 0.163803860545158 0.159965574741364 0.155739769339561 0.151513949036598 0.147288143634796 0.143062338232994 0.138836517930031 0.134610712528229 0.130384907126427 0.134759813547134 0.142001628875732
0.16767992079258 0.168229877948761 0.168779820203781 0.169329777359962 0.169779926538467 0.169930651783943 0.17008139193058 0.170232132077217 0.170382872223854 0.17053359746933 0.170684337615967 0.170835077762604 0.172901064157486 0.175605461001396 0.178309872746468 0.181014269590378 0.183718681335449 0.186423093080521 0.189127489924431 0.190972506999969 0.190239369869232 0.189506217837334 0.188773080706596 0.188039943575859 0.187306791543961 0.186573654413223 0.185840502381325 0.183197066187859 0.179916858673096 0.176636651158333 0.17335644364357 0.170076236128807 0.166796028614044 0.163515821099281 0.160020962357521 0.155882135033607 0.151743307709694 0.14760448038578 0.143465653061867 0.139326825737953 0.13518799841404 0.131049171090126 0.135715126991272 0.143316015601158
0.166621148586273 0.166881784796715 0.167142406105995 0.167403027415276 0.167749285697937 0.168352425098419 0.168955564498901 0.169558703899384 0.170161843299866 0.170764982700348 0.17136812210083 0.171971261501312 0.174103796482086 0.176746129989624 0.179388463497162 0.1820307970047 0.184673145413399 0.187315478920937 0.189957812428474 0.191624045372009 0.190361976623535 0.189099922776222 0.187837854027748 0.186575785279274 0.185313731431961 0.184051662683487 0.182789593935013 0.180335611104965 0.177484303712845 0.174632996320724 0.171781703829765 0.168930396437645 0.166079089045525 0.163227796554565 0.160076349973679 0.156024500727654 0.15197266638279 0.147920817136765 0.143868967890739 0.139817118644714 0.135765269398689 0.131713420152664 0.13667044043541 0.144630402326584
0.16470830142498 0.164658531546593 0.164608761668205 0.164558976888657 0.164760574698448 0.165716260671616 0.166671961545944 0.167627647519112 0.168583333492279 0.169539034366608 0.170494720339775 0.171450421214104 0.17342634499073 0.175742357969284 0.178058356046677 0.18037436902523 0.182690382003784 0.185006380081177 0.187322393059731 0.188699290156364 0.1872588545084 0.185818403959274 0.18437796831131 0.182937517762184 0.18149708211422 0.180056646466255 0.17861619591713 0.176484376192093 0.174122080206871 0.17175979912281 0.169397503137589 0.167035207152367 0.164672926068306 0.162310630083084 0.159582227468491 0.15575547516346 0.151928722858429 0.148101970553398 0.144275218248367 0.140448465943336 0.136621713638306 0.132794961333275 0.137943714857101 0.146084308624268
0.161941379308701 0.161560133099556 0.16117887198925 0.160797625780106 0.16081377863884 0.162022173404694 0.163230568170547 0.164438962936401 0.165647357702255 0.166855752468109 0.168064147233963 0.169272541999817 0.170868709683418 0.172594130039215 0.174319550395012 0.176044970750809 0.177770391106606 0.179495811462402 0.181221231818199 0.182198226451874 0.180929958820343 0.179661676287651 0.17839340865612 0.17712514102459 0.175856858491898 0.174588590860367 0.173320308327675 0.171643361449242 0.169830188155174 0.168017029762268 0.166203856468201 0.164390683174133 0.162577509880066 0.16076435148716 0.158538579940796 0.155075043439865 0.151611492037773 0.148147940635681 0.14468440413475 0.141220852732658 0.137757316231728 0.134293764829636 0.139534950256348 0.147677719593048
0.159174457192421 0.158461734652519 0.157748997211456 0.157036259770393 0.156866982579231 0.158328086137772 0.159789189696312 0.161250278353691 0.162711381912231 0.164172485470772 0.165633574128151 0.167094677686691 0.168311074376106 0.169445917010307 0.170580744743347 0.171715572476387 0.172850415110588 0.173985242843628 0.175120070576668 0.175697177648544 0.174601063132286 0.173504963517189 0.172408849000931 0.171312749385834 0.170216634869576 0.169120535254478 0.16802442073822 0.166802361607552 0.165538311004639 0.164274260401726 0.163010209798813 0.1617461591959 0.160482108592987 0.159218057990074 0.157494932413101 0.154394596815109 0.151294261217117 0.148193925619125 0.145093590021133 0.141993254423141 0.13889291882515 0.135792583227158 0.141126200556755 0.14927114546299
0.156407535076141 0.155363321304321 0.154319122433662 0.153274908661842 0.152920201420784 0.15463399887085 0.156347796320915 0.158061608672142 0.159775406122208 0.161489203572273 0.1632030159235 0.164916813373566 0.165753439068794 0.166297689080238 0.166841939091682 0.167386189103127 0.167930424213409 0.168474674224854 0.169018924236298 0.169196113944054 0.16827218234539 0.167348235845566 0.166424289345741 0.165500357747078 0.164576411247253 0.163652464747429 0.162728533148766 0.1619613468647 0.161246418952942 0.160531491041183 0.159816563129425 0.159101635217667 0.158386692404747 0.157671764492989 0.156451284885406 0.153714165091515 0.150977030396461 0.148239895701408 0.145502775907516 0.142765641212463 0.140028521418571 0.137291386723518 0.142717435956001 0.15086455643177
0.153640612959862 0.152264922857285 0.150889232754707 0.14951354265213 0.148973405361176 0.150939911603928 0.15290641784668 0.154872924089432 0.156839430332184 0.158805936574936 0.160772442817688 0.16273894906044 0.163195818662643 0.163149476051331 0.163103133440018 0.163056790828705 0.163010448217392 0.162964105606079 0.162917762994766 0.162695065140724 0.161943286657333 0.161191508173943 0.160439744591713 0.159687966108322 0.158936187624931 0.158184409141541 0.157432645559311 0.15712034702301 0.156954526901245 0.156788721680641 0.156622916460037 0.156457096338272 0.156291291117668 0.156125485897064 0.155407637357712 0.153033718466759 0.150659799575806 0.148285880684853 0.1459119617939 0.143538042902946 0.141164109110832 0.138790190219879 0.144308686256409 0.152457982301712
0.150873690843582 0.149166524410248 0.147459357976913 0.145752191543579 0.145026609301567 0.147245824337006 0.149465024471283 0.151684239506721 0.15390345454216 0.156122654676437 0.158341869711876 0.160561069846153 0.160638183355331 0.160001248121262 0.159364312887192 0.158727392554283 0.158090457320213 0.157453536987305 0.156816601753235 0.156194001436234 0.155614390969276 0.155034795403481 0.154455184936523 0.153875574469566 0.153295964002609 0.152716353535652 0.152136757969856 0.152279332280159 0.152662634849548 0.153045952320099 0.153429269790649 0.153812572360039 0.154195889830589 0.154579192399979 0.154364004731178 0.152353286743164 0.15034256875515 0.148331850767136 0.146321147680283 0.144310429692268 0.142299711704254 0.140289008617401 0.145899921655655 0.154051393270493
0.149979159235954 0.148122906684875 0.146266639232635 0.144410386681557 0.143608629703522 0.145970404148102 0.148332163691521 0.150693938136101 0.15305569767952 0.155417457222939 0.157779231667519 0.160140991210938 0.159797593951225 0.158552467823029 0.157307356595993 0.156062230467796 0.154817119240761 0.153571993112564 0.152326866984367 0.151158109307289 0.150218397378922 0.149278685450554 0.148338973522186 0.147399261593819 0.146459549665451 0.145519837737083 0.144580125808716 0.144263759255409 0.14415517449379 0.144046574831009 0.143937990069389 0.14382940530777 0.143720805644989 0.143612220883369 0.143303394317627 0.142393842339516 0.141484305262566 0.140574753284454 0.139665201306343 0.138755649328232 0.137846112251282 0.13693656027317 0.142714083194733 0.15072064101696
0.150957018136978 0.149134054780006 0.147311106324196 0.145488142967224 0.14471946656704 0.147113651037216 0.149507820606232 0.151902005076408 0.154296174645424 0.156690359115601 0.159084528684616 0.161478713154793 0.160674065351486 0.158803150057793 0.156932234764099 0.155061319470406 0.153190389275551 0.151319473981857 0.149448558688164 0.147587344050407 0.145755261182785 0.143923178315163 0.14209109544754 0.140259012579918 0.138426929712296 0.136594846844673 0.134762763977051 0.1330736130476 0.131432101130486 0.129790604114532 0.128149092197418 0.126507580280304 0.12486607581377 0.123224571347237 0.12222583591938 0.123155407607555 0.124084986746311 0.125014558434486 0.125944137573242 0.126873701810837 0.127803280949593 0.128732860088348 0.134751170873642 0.142465725541115
0.151934877038002 0.150145217776299 0.148355558514595 0.146565899252892 0.145830303430557 0.148256897926331 0.150683477520943 0.153110072016716 0.155536651611328 0.157963246107101 0.160389825701714 0.162816420197487 0.161550536751747 0.159053817391396 0.156557098031044 0.154060393571854 0.151563674211502 0.149066969752312 0.14657025039196 0.144016593694687 0.14129213988781 0.138567686080933 0.135843232274055 0.133118778467178 0.130394324660301 0.127669855952263 0.124945409595966 0.121883474290371 0.118709050118923 0.115534618496895 0.112360194325447 0.109185770153999 0.106011345982552 0.102836921811104 0.101148270070553 0.103916972875595 0.106685668230057 0.109454363584518 0.112223066389561 0.114991761744022 0.117760457098484 0.120529159903526 0.12678824365139 0.134210810065269
0.152912735939026 0.151156380772591 0.149400025606155 0.147643655538559 0.146941140294075 0.149400144815445 0.151859134435654 0.154318138957024 0.156777143478394 0.159236133098602 0.161695137619972 0.164154127240181 0.162427008152008 0.159304484724998 0.15618197619915 0.153059467673302 0.149936959147453 0.146814450621605 0.143691942095757 0.140445843338966 0.136829018592834 0.133212193846703 0.129595369100571 0.125978529453278 0.122361704707146 0.118744872510433 0.115128047764301 0.110693328082561 0.1059859842062 0.101278640329838 0.096571296453476 0.0918639525771141 0.0871566087007523 0.0824492648243904 0.0800707116723061 0.0846785306930542 0.0892863571643829 0.0938941761851311 0.0985019952058792 0.103109814226627 0.107717633247375 0.112325459718704 0.118825331330299 0.125955879688263
0.15389059484005 0.152167528867722 0.150444477796555 0.148721426725388 0.148051977157593 0.150543391704559 0.153034791350365 0.155526205897331 0.158017620444298 0.160509020090103 0.16300043463707 0.165491849184036 0.163303464651108 0.159555166959763 0.155806854367256 0.152058556675911 0.148310244083405 0.144561931490898 0.140813633799553 0.136875092983246 0.132365897297859 0.127856701612473 0.123347491025925 0.118838287889957 0.114329092204571 0.109819889068604 0.105310685932636 0.0995031893253326 0.0932629257440567 0.0870226621627808 0.0807823985815048 0.0745421350002289 0.0683018788695335 0.0620616115629673 0.0589931532740593 0.0654400959610939 0.0718870386481285 0.0783339813351631 0.0847809240221977 0.0912278667092323 0.0976748093962669 0.104121752083302 0.110862404108047 0.117700964212418
0.154868453741074 0.153178691864014 0.151488929986954 0.149799183011055 0.149162814021111 0.151686638593674 0.154210463166237 0.156734272837639 0.159258097410202 0.161781921982765 0.164305731654167 0.16682955622673 0.164179936051369 0.159805834293365 0.155431732535362 0.151057630777359 0.146683529019356 0.142309427261353 0.137935325503349 0.133304342627525 0.127902776002884 0.122501201927662 0.117099620401859 0.111698046326637 0.106296472251415 0.100894898176193 0.0954933241009712 0.0883130431175232 0.0805398672819138 0.0727666839957237 0.0649935007095337 0.057220321148634 0.0494471415877342 0.0416739620268345 0.0379155911505222 0.0462016575038433 0.0544877238571644 0.0627737864851952 0.0710598528385162 0.0793459191918373 0.0876319855451584 0.0959180518984795 0.102899484336376 0.109446041285992
