data/working_set_collections/6091692-Cassins_Sparrow-M2/1980/grn_avg.asc
NCOLS 265 
NROWS 230 
XLLCORNER -115.5625 
YLLCORNER 24.8333333333333 
CELLSIZE 0.0833333333333333 
NODATA_value -9999 
[rows 100 to 119 of 230, columns 0 to 43 of 265]
0.817051827907562 0.817705869674683 0.818359971046448 0.819014012813568 0.819668114185333 0.820322155952454 0.820976257324219 0.823034405708313 0.825560688972473 0.828086912631989 0.830613136291504 0.833139419555664 0.83566564321518 0.838191866874695 0.841802418231964 0.84866601228714 0.855529606342316 0.862393200397491 0.869256794452667 0.876120328903198 0.882983922958374 0.88984751701355 0.89385998249054 0.89692211151123 0.899984180927277 0.903046250343323 0.906108379364014 0.90917044878006 0.912232577800751 0.914685249328613 0.91530978679657 0.915934324264526 0.916558861732483 0.91718339920044 0.917807877063751 0.918432414531708 0.919056951999664 0.919146060943604 0.91905665397644 0.918967306613922 0.918877899646759 0.918788552284241 0.918699145317078 0.918609738349915
0.814825654029846 0.815641045570374 0.816456437110901 0.817271888256073 0.8180872797966 0.818902671337128 0.8197181224823 0.822049260139465 0.824885725975037 0.827722191810608 0.830558598041534 0.833395063877106 0.836231470108032 0.839067935943604 0.842912018299103 0.84977912902832 0.856646239757538 0.863513350486755 0.870380461215973 0.87724757194519 0.884114623069763 0.890981733798981 0.894925534725189 0.89789491891861 0.90086430311203 0.903833627700806 0.906803011894226 0.909772396087646 0.912741780281067 0.915105938911438 0.915654540061951 0.916203141212463 0.916751801967621 0.917300403118134 0.917849004268646 0.918397665023804 0.918946266174316 0.919356763362885 0.919721305370331 0.920085847377777 0.920450329780579 0.920814871788025 0.921179354190826 0.921543896198273
0.80932354927063 0.81046587228775 0.811608195304871 0.812750518321991 0.813892841339111 0.815035164356232 0.816177487373352 0.818895041942596 0.822137713432312 0.825380384922028 0.828622996807098 0.831865668296814 0.83510833978653 0.838351011276245 0.842496752738953 0.84935188293457 0.856207013130188 0.863062143325806 0.869917273521423 0.876772403717041 0.883627533912659 0.890482664108276 0.894461631774902 0.897481858730316 0.900502145290375 0.903522372245789 0.906542599201202 0.909562885761261 0.912583112716675 0.915008783340454 0.915650606155396 0.916292488574982 0.916934311389923 0.917576134204865 0.918218016624451 0.918859839439392 0.919501662254333 0.920163750648499 0.920832633972168 0.921501457691193 0.922170281410217 0.922839164733887 0.923507988452911 0.924176812171936
0.800545454025269 0.802180290222168 0.803815126419067 0.805449903011322 0.807084739208221 0.808719575405121 0.81035441160202 0.813571751117706 0.817316651344299 0.821061551570892 0.824806392192841 0.828551292419434 0.832296192646027 0.83604109287262 0.840556681156158 0.847384333610535 0.854211986064911 0.861039638519287 0.867867290973663 0.87469494342804 0.881522595882416 0.888350248336792 0.892468214035034 0.89568293094635 0.898897707462311 0.902112424373627 0.905327200889587 0.908541917800903 0.911756694316864 0.914393782615662 0.915297985076904 0.916202187538147 0.91710638999939 0.918010592460632 0.91891485452652 0.919819056987762 0.920723259449005 0.921567022800446 0.922390639781952 0.923214197158813 0.92403781414032 0.924861431121826 0.925685048103333 0.926508665084839
0.791767418384552 0.79389476776123 0.796022057533264 0.798149347305298 0.800276696681976 0.80240398645401 0.804531276226044 0.808248460292816 0.812495589256287 0.816742718219757 0.820989787578583 0.825236916542053 0.829484045505524 0.833731174468994 0.83861654996872 0.845416724681854 0.852216899394989 0.859017074108124 0.865817248821259 0.872617483139038 0.879417657852173 0.886217832565308 0.890474796295166 0.893884003162384 0.897293269634247 0.900702476501465 0.904111742973328 0.907520949840546 0.910930216312408 0.913778781890869 0.914945363998413 0.916111946105957 0.917278528213501 0.918445110321045 0.919611632823944 0.920778214931488 0.921944797039032 0.922970235347748 0.923948585987091 0.924926996231079 0.925905346870422 0.92688375711441 0.927862107753754 0.928840517997742
0.782989382743835 0.785609185695648 0.788228988647461 0.790848791599274 0.793468594551086 0.796088397502899 0.798708200454712 0.802925169467926 0.807674527168274 0.812423884868622 0.817173182964325 0.821922540664673 0.826671898365021 0.831421256065369 0.836676478385925 0.843449175357819 0.850221872329712 0.856994569301605 0.863767266273499 0.870539963245392 0.877312660217285 0.884085416793823 0.888481378555298 0.892085075378418 0.895688831806183 0.899292588233948 0.902896285057068 0.906500041484833 0.910103738307953 0.913163781166077 0.914592742919922 0.916021645069122 0.917450606822968 0.918879568576813 0.920308470726013 0.921737432479858 0.923166394233704 0.92437344789505 0.925506591796875 0.9266397356987 0.927772879600525 0.92890602350235 0.930039167404175 0.931172311306
0.774211347103119 0.777323603630066 0.780435919761658 0.78354823589325 0.786660492420197 0.789772808551788 0.79288512468338 0.797601878643036 0.802853465080261 0.808105051517487 0.813356578350067 0.818608164787292 0.823859751224518 0.829111337661743 0.834736347198486 0.841481566429138 0.84822678565979 0.854972064495087 0.861717283725739 0.86846250295639 0.875207722187042 0.881952941417694 0.88648796081543 0.890286147594452 0.894084393978119 0.897882640361786 0.901680827140808 0.905479073524475 0.909277319908142 0.912548780441284 0.914240121841431 0.915931403636932 0.917622685432434 0.919314026832581 0.921005308628082 0.922696650028229 0.92438793182373 0.925776660442352 0.927064597606659 0.928352534770966 0.929640412330627 0.930928349494934 0.932216227054596 0.933504164218903
0.765433311462402 0.769038081169128 0.772642850875854 0.776247620582581 0.779852449893951 0.783457219600677 0.787061989307404 0.792278587818146 0.798032402992249 0.803786218166351 0.809539973735809 0.815293788909912 0.821047604084015 0.826801419258118 0.832796216011047 0.839514017105103 0.846231758594513 0.852949500083923 0.859667301177979 0.866385042667389 0.873102784156799 0.87982052564621 0.884494543075562 0.888487219810486 0.892479956150055 0.896472692489624 0.900465428829193 0.904458105564117 0.908450841903687 0.911933779716492 0.91388750076294 0.915841162204742 0.917794823646545 0.919748485088348 0.921702146530151 0.923655807971954 0.925609469413757 0.927179932594299 0.928622603416443 0.930065274238586 0.93150794506073 0.932950615882874 0.934393286705017 0.935835957527161
0.755784809589386 0.759871959686279 0.763959050178528 0.768046140670776 0.77213329076767 0.776220381259918 0.780307531356812 0.786090552806854 0.792438924312592 0.798787236213684 0.805135607719421 0.811483979225159 0.817832291126251 0.824180662631989 0.830628514289856 0.837374806404114 0.844121098518372 0.850867390632629 0.857613682746887 0.864359974861145 0.871106266975403 0.877852618694305 0.882675111293793 0.886856317520142 0.89103752374649 0.895218789577484 0.899399995803833 0.903581261634827 0.907762467861176 0.911442399024963 0.913618564605713 0.915794670581818 0.917970836162567 0.920147001743317 0.922323107719421 0.924499273300171 0.926675379276276 0.928390264511108 0.929951369762421 0.931512475013733 0.933073580265045 0.934634685516357 0.93619579076767 0.937756896018982
0.745265901088715 0.749825179576874 0.754384458065033 0.758943736553192 0.763503015041351 0.76806229352951 0.77262157201767 0.779037833213806 0.78607302904129 0.793108224868774 0.800143420696259 0.807178616523743 0.814213812351227 0.821249008178711 0.828233122825623 0.835063934326172 0.841894805431366 0.84872567653656 0.855556547641754 0.862387418746948 0.869218230247498 0.876049101352692 0.881029605865479 0.885393381118774 0.88975715637207 0.894120872020721 0.898484647274017 0.902848362922668 0.907212138175964 0.911074638366699 0.913433372974396 0.915792047977448 0.918150782585144 0.920509517192841 0.922868251800537 0.925226926803589 0.927585661411285 0.929407715797424 0.931050956249237 0.932694137096405 0.934337317943573 0.935980498790741 0.937623739242554 0.939266920089722
0.734747052192688 0.739778459072113 0.744809925556183 0.749841392040253 0.754872798919678 0.759904265403748 0.764935672283173 0.771985113620758 0.779707133769989 0.78742915391922 0.795151233673096 0.802873253822327 0.810595273971558 0.818317353725433 0.825837731361389 0.832753121852875 0.839668571949005 0.846583962440491 0.853499352931976 0.860414803028107 0.867330193519592 0.874245643615723 0.879384160041809 0.883930444717407 0.888476729393005 0.893023014068604 0.897569298744202 0.902115523815155 0.906661808490753 0.910706877708435 0.913248121738434 0.915789425373077 0.918330729007721 0.920872032642365 0.923413336277008 0.925954639911652 0.928495943546295 0.930425226688385 0.932150483131409 0.933875799179077 0.935601055622101 0.937326371669769 0.939051628112793 0.940776944160461
0.724228143692017 0.729731738567352 0.735235393047333 0.740738987922668 0.746242582798004 0.75174617767334 0.757249772548676 0.764932334423065 0.773341238498688 0.78175014257431 0.790158987045288 0.798567891120911 0.806976795196533 0.815385639667511 0.823442339897156 0.830442309379578 0.837442278862 0.844442248344421 0.851442217826843 0.858442187309265 0.865442156791687 0.872442126274109 0.87773871421814 0.88246750831604 0.88719630241394 0.891925096511841 0.896653890609741 0.901382684707642 0.906111478805542 0.910339057445526 0.913062930107117 0.915786802768707 0.918510675430298 0.921234548091888 0.923958420753479 0.92668229341507 0.92940616607666 0.931442677974701 0.933250069618225 0.935057461261749 0.936864793300629 0.938672184944153 0.940479576587677 0.942286908626556
0.713709235191345 0.719685018062592 0.725660800933838 0.731636583805084 0.737612366676331 0.743588089942932 0.749563872814178 0.757879614830017 0.766975343227386 0.776071071624756 0.785166800022125 0.794262528419495 0.803358256816864 0.812453985214233 0.821046948432922 0.828131437301636 0.835215985774994 0.842300534248352 0.849385023117065 0.856469571590424 0.863554120063782 0.87063866853714 0.87609326839447 0.881004571914673 0.885915875434875 0.890827238559723 0.895738542079926 0.900649845600128 0.905561208724976 0.909971296787262 0.9128777384758 0.915784180164337 0.918690621852875 0.921597123146057 0.924503564834595 0.927410006523132 0.93031644821167 0.932460188865662 0.934349656105042 0.936239063739777 0.938128530979156 0.940017998218536 0.941907465457916 0.943796932697296
0.703190386295319 0.709638297557831 0.716086268424988 0.7225341796875 0.728982090950012 0.735430061817169 0.741877973079681 0.750826895236969 0.760609447956085 0.770392060279846 0.780174612998962 0.789957165718079 0.79973977804184 0.809522330760956 0.818651556968689 0.825820624828339 0.832989692687988 0.840158820152283 0.847327888011932 0.854496955871582 0.861666083335876 0.868835151195526 0.874447822570801 0.879541635513306 0.884635508060455 0.88972932100296 0.89482319355011 0.899917006492615 0.905010879039764 0.909603476524353 0.912692546844482 0.915781557559967 0.918870568275452 0.921959638595581 0.925048649311066 0.928137719631195 0.93122673034668 0.933477640151978 0.935449182987213 0.937420725822449 0.939392268657684 0.941363871097565 0.9433354139328 0.945306956768036
0.701617538928986 0.708179652690887 0.714741706848145 0.721303820610046 0.727865874767303 0.734427988529205 0.740990042686462 0.750089228153229 0.760034143924713 0.769979000091553 0.779923915863037 0.789868831634521 0.799813687801361 0.809758603572845 0.8188915848732 0.825588762760162 0.83228600025177 0.838983178138733 0.845680415630341 0.852377593517303 0.859074831008911 0.865772008895874 0.87122631072998 0.876266360282898 0.881306350231171 0.886346340179443 0.891386330127716 0.896426379680634 0.901466369628906 0.906068086624146 0.909354984760284 0.912641823291779 0.915928721427917 0.919215559959412 0.92250245809555 0.92578935623169 0.929076194763184 0.93154388666153 0.933738470077515 0.935933113098145 0.93812769651413 0.94032233953476 0.942516922950745 0.944711565971375
0.708990752696991 0.715308964252472 0.721627175807953 0.727945387363434 0.73426365852356 0.74058187007904 0.746900081634521 0.755666673183441 0.765249311923981 0.774832010269165 0.784414708614349 0.793997406959534 0.803580105304718 0.813162803649902 0.821767032146454 0.827435910701752 0.83310478925705 0.838773727416992 0.84444260597229 0.850111484527588 0.855780363082886 0.861449241638184 0.866428852081299 0.87117862701416 0.875928461551666 0.880678296089172 0.885428071022034 0.89017790555954 0.894927680492401 0.899365067481995 0.902865052223206 0.906365036964417 0.909864962100983 0.913364946842194 0.916864931583405 0.920364916324615 0.923864901065826 0.926658868789673 0.929217517375946 0.931776165962219 0.934334814548492 0.936893463134766 0.939452111721039 0.942010760307312
0.716363966464996 0.722438335418701 0.728512704372406 0.734587013721466 0.740661382675171 0.746735751628876 0.752810120582581 0.761244058609009 0.770464539527893 0.779685020446777 0.788905501365662 0.798125982284546 0.80734646320343 0.816566944122314 0.824642479419708 0.829283058643341 0.833923637866974 0.838564217090607 0.84320479631424 0.847845375537872 0.852485954761505 0.857126533985138 0.861631333827972 0.866090953350067 0.870550572872162 0.875010192394257 0.879469811916351 0.883929431438446 0.888389050960541 0.892661988735199 0.896375119686127 0.90008819103241 0.903801262378693 0.907514333724976 0.911227405071259 0.914940536022186 0.918653607368469 0.921773850917816 0.924696564674377 0.927619218826294 0.930541932582855 0.933464586734772 0.936387240886688 0.93930995464325
0.723737180233002 0.729567646980286 0.735398173332214 0.741228640079498 0.747059166431427 0.752889633178711 0.75872015953064 0.766821444034576 0.775679767131805 0.78453803062439 0.793396294116974 0.802254617214203 0.811112880706787 0.819971144199371 0.827517926692963 0.83113020658493 0.834742426872253 0.838354706764221 0.841966986656189 0.845579206943512 0.84919148683548 0.852803766727448 0.856833875179291 0.861003279685974 0.865172684192657 0.869342088699341 0.873511552810669 0.877680957317352 0.881850361824036 0.885958969593048 0.889885187149048 0.893811345100403 0.897737562656403 0.901663720607758 0.905589938163757 0.909516096115112 0.913442313671112 0.916888892650604 0.920175611972809 0.923462271690369 0.926748991012573 0.930035710334778 0.933322429656982 0.936609148979187
0.731110394001007 0.736697018146515 0.742283642292023 0.74787026643753 0.753456890583038 0.759043514728546 0.764630138874054 0.772398889064789 0.780894935131073 0.789391040802002 0.797887086868286 0.806383192539215 0.814879238605499 0.823375344276428 0.830393373966217 0.832977294921875 0.835561275482178 0.838145196437836 0.840729176998138 0.843313097953796 0.845897018909454 0.848480999469757 0.852036356925964 0.855915606021881 0.859794795513153 0.86367404460907 0.867553234100342 0.871432483196259 0.87531167268753 0.879255950450897 0.883395254611969 0.887534499168396 0.891673803329468 0.89581310749054 0.899952411651611 0.904091715812683 0.908231019973755 0.912003874778748 0.915654599666595 0.919305384159088 0.922956109046936 0.926606833934784 0.930257618427277 0.933908343315125
0.738483607769012 0.743826389312744 0.749169111251831 0.754511892795563 0.759854674339294 0.765197455883026 0.770540177822113 0.777976274490356 0.786110162734985 0.794244050979614 0.802377879619598 0.810511767864227 0.818645656108856 0.826779544353485 0.833268821239471 0.834824442863464 0.836380064487457 0.83793568611145 0.839491307735443 0.841046988964081 0.842602610588074 0.844158232212067 0.847238898277283 0.850827932357788 0.854416906833649 0.858005940914154 0.861594974994659 0.865184009075165 0.86877304315567 0.872552871704102 0.87690532207489 0.881257712841034 0.885610103607178 0.889962494373322 0.894314885139465 0.898667275905609 0.903019666671753 0.907118856906891 0.911133646965027 0.915148437023163 0.919163227081299 0.92317795753479 0.927192747592926 0.931207537651062
