data/working_set_collections/6091692-Cassins_Sparrow-M2/1980/grn_avg.asc
NCOLS 265 
NROWS 230 
XLLCORNER -115.5625 
YLLCORNER 24.8333333333333 
CELLSIZE 0.0833333333333333 
NODATA_value -9999 
[rows 140 to 159 of 230, columns 44 to 87 of 265]
0.859511077404022 0.861120998859406 0.862730920314789 0.864340841770172 0.865950763225555 0.867560684680939 0.869170606136322 0.870780527591705 0.875980019569397 0.882376074790955 0.888772070407867 0.895168125629425 0.901564180850983 0.907960176467896 0.914356231689453 0.918904066085815 0.917907416820526 0.916910707950592 0.915913999080658 0.914917349815369 0.913920640945435 0.9129239320755 0.911927282810211 0.910683155059814 0.909356594085693 0.908029973506927 0.906703412532806 0.905376851558685 0.904050290584564 0.902723670005798 0.901682376861572 0.901496887207031 0.90131139755249 0.901125907897949 0.900940418243408 0.900754988193512 0.900569498538971 0.90038400888443 0.898876667022705 0.896928668022156 0.894980728626251 0.893032789230347 0.891084790229797 0.889136850833893
0.861364960670471 0.86304634809494 0.864727675914764 0.866409063339233 0.868090450763702 0.869771838188171 0.87145322561264 0.873134553432465 0.878036379814148 0.884011626243591 0.889986872673035 0.895962119102478 0.901937365531921 0.907912611961365 0.913887858390808 0.91814136505127 0.917229652404785 0.916317939758301 0.915406227111816 0.914494454860687 0.913582742214203 0.912671029567719 0.911759316921234 0.910600662231445 0.909359693527222 0.908118665218353 0.90687769651413 0.905636727809906 0.904395759105682 0.903154790401459 0.902134776115417 0.901777565479279 0.90142035484314 0.901063144207001 0.900705933570862 0.900348722934723 0.899991512298584 0.89963436126709 0.897935092449188 0.895788490772247 0.893641948699951 0.89149534702301 0.889348745346069 0.887202143669128
0.86321884393692 0.86497163772583 0.866724491119385 0.86847734451294 0.870230138301849 0.871982991695404 0.873735785484314 0.875488638877869 0.880092680454254 0.885647177696228 0.891201615333557 0.896756112575531 0.902310609817505 0.907865047454834 0.913419544696808 0.917378723621368 0.916551947593689 0.91572517156601 0.91489839553833 0.914071619510651 0.913244903087616 0.912418127059937 0.911591351032257 0.910518109798431 0.909362733364105 0.908207356929779 0.907051980495453 0.905896604061127 0.9047412276268 0.903585851192474 0.902587115764618 0.902058184146881 0.901529252529144 0.901000380516052 0.900471448898315 0.899942517280579 0.899413585662842 0.898884654045105 0.896993517875671 0.894648313522339 0.892303109169006 0.889957904815674 0.887612700462341 0.885267496109009
0.865072727203369 0.866896986961365 0.868721306324005 0.870545566082001 0.872369825839996 0.874194145202637 0.876018404960632 0.877842664718628 0.882149040699005 0.887282729148865 0.892416417598724 0.897550106048584 0.902683794498444 0.907817482948303 0.912951171398163 0.916616022586823 0.915874183177948 0.915132403373718 0.914390623569489 0.913648784160614 0.912907004356384 0.91216516494751 0.91142338514328 0.910435616970062 0.909365832805634 0.908296048641205 0.907226264476776 0.906156539916992 0.905086755752563 0.904016971588135 0.903039455413818 0.902338862419128 0.901638209819794 0.900937557220459 0.900236964225769 0.899536311626434 0.8988356590271 0.898135006427765 0.896052002906799 0.89350813627243 0.890964329242706 0.888420462608337 0.885876595973969 0.883332788944244
0.867026507854462 0.868873238563538 0.870719909667969 0.872566640377045 0.874413371086121 0.876260101795197 0.878106772899628 0.879953503608704 0.883992314338684 0.888761758804321 0.893531203269958 0.898300647735596 0.903070092201233 0.90783953666687 0.912608981132507 0.916022181510925 0.915366470813751 0.914710760116577 0.914055049419403 0.913399338722229 0.912743628025055 0.912087917327881 0.911432206630707 0.910527050495148 0.909538805484772 0.908550560474396 0.90756231546402 0.906574070453644 0.905585825443268 0.904597520828247 0.903635561466217 0.902752339839935 0.901869058609009 0.900985836982727 0.900102615356445 0.899219393730164 0.898336172103882 0.8974529504776 0.895161807537079 0.892401337623596 0.889640867710114 0.886880397796631 0.884119927883148 0.881359457969666
0.869080126285553 0.870900273323059 0.872720420360565 0.874540567398071 0.876360714435577 0.878180861473083 0.88000100851059 0.881821155548096 0.885622501373291 0.890084207057953 0.89454597234726 0.899007737636566 0.903469502925873 0.907931208610535 0.912392973899841 0.915597200393677 0.915028691291809 0.914460182189941 0.913891673088074 0.913323223590851 0.912754714488983 0.912186205387115 0.911617755889893 0.910792529582977 0.909881711006165 0.908970892429352 0.908060073852539 0.907149255275726 0.906238436698914 0.905327618122101 0.904375314712524 0.903298616409302 0.902221918106079 0.901145219802856 0.900068521499634 0.898991823196411 0.897915124893188 0.896838426589966 0.89432293176651 0.891327857971191 0.888332784175873 0.885337710380554 0.882342576980591 0.879347503185272
0.871133804321289 0.872927367687225 0.874720931053162 0.876514494419098 0.878308057785034 0.88010162115097 0.881895184516907 0.883688747882843 0.887252688407898 0.891406714916229 0.89556074142456 0.899714827537537 0.903868854045868 0.908022940158844 0.912176966667175 0.915172159671783 0.914690911769867 0.91420966386795 0.913728356361389 0.913247108459473 0.912765800952911 0.912284553050995 0.911803305149078 0.911057949066162 0.910224556922913 0.909391164779663 0.908557772636414 0.907724380493164 0.906890988349915 0.90605765581131 0.905115067958832 0.903844892978668 0.902574717998505 0.901304543018341 0.900034368038177 0.898764193058014 0.89749401807785 0.896223843097687 0.893484055995941 0.890254378318787 0.887024641036987 0.883794963359833 0.880565285682678 0.877335608005524
0.873187482357025 0.874954462051392 0.876721441745758 0.878488421440125 0.880255401134491 0.882022380828857 0.883789360523224 0.88555634021759 0.888882875442505 0.892729222774506 0.896575570106506 0.900421917438507 0.904268264770508 0.908114612102509 0.911960959434509 0.914747178554535 0.914353132247925 0.913959085941315 0.913565039634705 0.913170993328094 0.912776947021484 0.912382900714874 0.911988854408264 0.911323368549347 0.910567402839661 0.909811496734619 0.909055531024933 0.908299565315247 0.90754359960556 0.906787693500519 0.905854821205139 0.904391169548035 0.90292751789093 0.901463866233826 0.900000274181366 0.898536622524261 0.897072970867157 0.895609319210052 0.892645180225372 0.889180898666382 0.885716557502747 0.882252275943756 0.878787934780121 0.87532365322113
0.875241160392761 0.876981556415558 0.878721952438354 0.880462348461151 0.882202744483948 0.883943140506744 0.885683536529541 0.887423932552338 0.890513062477112 0.894051671028137 0.897590339183807 0.901129007339478 0.904667615890503 0.908206284046173 0.911744952201843 0.914322197437286 0.914015352725983 0.913708567619324 0.91340172290802 0.913094878196716 0.912788033485413 0.912481188774109 0.91217440366745 0.911588788032532 0.910910308361053 0.91023176908493 0.909553289413452 0.908874750137329 0.908196210861206 0.907517731189728 0.906594574451447 0.904937446117401 0.903280317783356 0.901623249053955 0.89996612071991 0.898308992385864 0.896651923656464 0.894994795322418 0.891806304454803 0.888107419013977 0.884408473968506 0.88070958852768 0.877010643482208 0.873311698436737
0.877294778823853 0.879008591175079 0.880722463130951 0.882436275482178 0.884150087833405 0.885863900184631 0.887577772140503 0.88929158449173 0.892143249511719 0.895374178886414 0.898605108261108 0.901836097240448 0.905067026615143 0.908297955989838 0.911528885364532 0.913897216320038 0.91367757320404 0.913457989692688 0.913238406181335 0.913018763065338 0.912799179553986 0.912579536437988 0.912359952926636 0.911854207515717 0.911253154277802 0.910652101039886 0.910050988197327 0.909449934959412 0.908848822116852 0.908247768878937 0.907334327697754 0.905483722686768 0.903633177280426 0.90178257226944 0.899931967258453 0.898081421852112 0.896230816841125 0.894380271434784 0.890967488288879 0.887033939361572 0.883100390434265 0.879166841506958 0.875233292579651 0.871299803256989
0.877884805202484 0.879569292068481 0.881253719329834 0.882938146591187 0.884622633457184 0.886307060718536 0.887991547584534 0.889675974845886 0.892488956451416 0.895678102970123 0.898867249488831 0.902056396007538 0.9052454829216 0.908434629440308 0.911623775959015 0.913976669311523 0.913820743560791 0.913664758205414 0.913508832454681 0.913352906703949 0.913196980953217 0.913041055202484 0.912885129451752 0.912450790405273 0.911923706531525 0.911396622657776 0.910869479179382 0.910342395305634 0.909815311431885 0.909288227558136 0.90842741727829 0.906565606594086 0.904703795909882 0.902841985225677 0.900980174541473 0.899118304252625 0.89725649356842 0.895394682884216 0.89189863204956 0.887857794761658 0.8838170170784 0.879776179790497 0.875735342502594 0.871694564819336
0.877011179924011 0.87866348028183 0.880315780639648 0.881968080997467 0.883620381355286 0.88527262210846 0.886924922466278 0.888577222824097 0.891550242900848 0.894963443279266 0.898376703262329 0.901789903640747 0.905203104019165 0.908616364002228 0.912029564380646 0.914560556411743 0.914444744586945 0.914328932762146 0.914213120937347 0.914097309112549 0.91398149728775 0.913865685462952 0.913749873638153 0.913378477096558 0.912921905517578 0.912465333938599 0.912008762359619 0.91155219078064 0.91109561920166 0.910639047622681 0.909873902797699 0.908183038234711 0.906492233276367 0.904801428318024 0.903110563755035 0.901419758796692 0.899728894233704 0.89803808927536 0.894599795341492 0.890579044818878 0.886558294296265 0.882537543773651 0.878516793251038 0.874495983123779
0.876137554645538 0.877757668495178 0.879377841949463 0.880997955799103 0.882618069648743 0.884238243103027 0.885858356952667 0.887478470802307 0.890611469745636 0.894248783588409 0.897886097431183 0.901523411273956 0.90516072511673 0.908798038959503 0.912435352802277 0.915144383907318 0.915068745613098 0.914993047714233 0.914917349815369 0.914841711521149 0.914766013622284 0.914690375328064 0.914614677429199 0.914306223392487 0.913920164108276 0.913534104824066 0.913148045539856 0.912761986255646 0.912375926971436 0.911989867687225 0.911320328712463 0.90980052947998 0.908280670642853 0.906760811805725 0.905241012573242 0.903721153736115 0.902201354503632 0.900681495666504 0.897301018238068 0.893300294876099 0.88929957151413 0.885298907756805 0.881298184394836 0.877297461032867
0.875263929367065 0.876851916313171 0.878439843654633 0.880027830600739 0.881615817546844 0.88320380449295 0.884791731834412 0.886379718780518 0.889672756195068 0.893534183502197 0.897395551204681 0.901256918907166 0.905118346214294 0.908979713916779 0.912841141223907 0.915728271007538 0.915692746639252 0.915657162666321 0.915621638298035 0.915586113929749 0.915550529956818 0.915515005588531 0.915479481220245 0.915233910083771 0.91491836309433 0.914602816104889 0.914287269115448 0.913971722126007 0.913656234741211 0.91334068775177 0.912766814231873 0.911417961120605 0.910069108009338 0.908720254898071 0.907371401786804 0.906022608280182 0.904673755168915 0.903324902057648 0.900002181529999 0.896021544933319 0.892040908336639 0.888060212135315 0.884079575538635 0.880098938941956
0.874390304088593 0.87594610452652 0.877501904964447 0.879057705402374 0.880613505840302 0.882169365882874 0.883725166320801 0.885280966758728 0.888734042644501 0.89281952381134 0.89690500497818 0.90099048614502 0.905075967311859 0.909161448478699 0.913246929645538 0.916312158107758 0.916316747665405 0.916321337223053 0.916325926780701 0.916330516338348 0.916335046291351 0.916339635848999 0.916344225406647 0.916161596775055 0.915916621685028 0.915671586990356 0.915426552295685 0.915181517601013 0.914936482906342 0.914691507816315 0.914213240146637 0.91303539276123 0.911857545375824 0.910679697990417 0.909501850605011 0.908324003219604 0.907146155834198 0.905968308448792 0.902703404426575 0.89874279499054 0.894782185554504 0.890821576118469 0.886860966682434 0.882900416851044
0.87351667881012 0.875040292739868 0.876563966274261 0.87808758020401 0.879611253738403 0.881134927272797 0.882658541202545 0.884182214736938 0.887795269489288 0.892104864120483 0.896414399147034 0.900723993778229 0.905033528804779 0.909343123435974 0.913652658462524 0.916896045207977 0.916940748691559 0.91698545217514 0.917030155658722 0.917074859142303 0.91711962223053 0.917164325714111 0.917209029197693 0.917089343070984 0.916914820671082 0.916740298271179 0.916565835475922 0.916391313076019 0.916216790676117 0.916042327880859 0.915659725666046 0.9146528840065 0.91364598274231 0.912639141082764 0.911632299423218 0.910625398159027 0.909618556499481 0.908611714839935 0.905404567718506 0.90146404504776 0.897523522377014 0.893582940101624 0.889642417430878 0.885701835155487
0.872673690319061 0.874177932739258 0.87568211555481 0.877186298370361 0.878690481185913 0.880194664001465 0.881698846817017 0.883203029632568 0.886960566043854 0.891469240188599 0.895977854728699 0.900486528873444 0.904995143413544 0.909503817558289 0.914012491703033 0.917415022850037 0.917499423027039 0.917583763599396 0.917668104171753 0.91775244474411 0.917836844921112 0.917921185493469 0.918005526065826 0.917958438396454 0.917867600917816 0.917776703834534 0.917685806751251 0.917594969272614 0.917504072189331 0.917413175106049 0.91714757680893 0.9163578748703 0.915568113327026 0.914778351783752 0.913988649845123 0.913198888301849 0.912409126758575 0.911619424819946 0.908521056175232 0.904653191566467 0.900785267353058 0.896917402744293 0.893049538135529 0.889181613922119
0.871861457824707 0.873358905315399 0.874856293201447 0.876353740692139 0.877851188182831 0.879348576068878 0.88084602355957 0.882343471050262 0.886229872703552 0.890912592411041 0.89559531211853 0.900278031826019 0.904960811138153 0.909643530845642 0.914326250553131 0.917869210243225 0.9179927110672 0.918116211891174 0.918239712715149 0.918363213539124 0.918486714363098 0.918610274791718 0.918733775615692 0.918769001960754 0.918774902820587 0.918780744075775 0.918786585330963 0.918792426586151 0.918798267841339 0.918804109096527 0.918676912784576 0.918150424957275 0.91762387752533 0.917097389698029 0.916570901870728 0.916044414043427 0.915517926216125 0.914991438388824 0.912052810192108 0.908310234546661 0.90456759929657 0.900824964046478 0.897082388401031 0.89333975315094
0.871049165725708 0.87253987789154 0.874030530452728 0.875521183013916 0.877011895179749 0.878502547740936 0.879993200302124 0.881483912467957 0.885499179363251 0.890356004238129 0.895212769508362 0.90006959438324 0.904926419258118 0.909783244132996 0.914640069007874 0.918323338031769 0.918485999107361 0.918648660182953 0.918811321258545 0.918973982334137 0.919136643409729 0.919299304485321 0.919461965560913 0.919579565525055 0.919682145118713 0.919784724712372 0.91988730430603 0.919989883899689 0.920092523097992 0.92019510269165 0.920206189155579 0.919942915439606 0.919679701328278 0.919416427612305 0.919153153896332 0.918889939785004 0.918626666069031 0.918363392353058 0.915584564208984 0.911967217922211 0.908349871635437 0.904732525348663 0.90111517906189 0.897497832775116
0.870236933231354 0.871720850467682 0.87320476770401 0.874688684940338 0.876172542572021 0.87765645980835 0.879140377044678 0.880624294281006 0.884768426418304 0.889799356460571 0.894830226898193 0.89986115694046 0.904892027378082 0.909922957420349 0.914953827857971 0.918777465820312 0.918979287147522 0.919181108474731 0.919382929801941 0.91958475112915 0.91978657245636 0.919988393783569 0.920190215110779 0.920390129089355 0.920589447021484 0.920788764953613 0.920988082885742 0.921187400817871 0.92138671875 0.921586036682129 0.921735525131226 0.921735465526581 0.921735465526581 0.921735465526581 0.921735465526581 0.921735405921936 0.921735405921936 0.921735405921936 0.919116318225861 0.915624260902405 0.912132203578949 0.908640146255493 0.905148029327393 0.901655972003937
