data/working_set_collections/6091692-Cassins_Sparrow-M2/1980/grn_avg.asc
NCOLS 265 
NROWS 230 
XLLCORNER -115.5625 
YLLCORNER 24.8333333333333 
CELLSIZE 0.0833333333333333 
NODATA_value -9999 
[rows 140 to 159 of 230, columns 88 to 131 of 265]
0.887188911437988 0.884822487831116 0.881200790405273 0.877579092979431 0.873957395553589 0.870335698127747 0.86671394109726 0.863092243671417 0.859470546245575 0.85725063085556 0.85549795627594 0.85374528169632 0.851992607116699 0.850239932537079 0.848487257957458 0.846734583377838 0.845593690872192 0.846288204193115 0.846982657909393 0.847677111625671 0.84837156534195 0.849066078662872 0.84976053237915 0.850454986095428 0.855023086071014 0.860882461071014 0.86674177646637 0.872601091861725 0.87846040725708 0.884319722652435 0.890179097652435 0.89406031370163 0.892007172107697 0.889954030513763 0.887900948524475 0.885847806930542 0.883794665336609 0.88174158334732 0.879688441753387 0.876929819583893 0.873936057090759 0.870942294597626 0.867948532104492 0.864954769611359
0.885055601596832 0.882441878318787 0.878426909446716 0.874411940574646 0.870396971702576 0.866382002830505 0.862367033958435 0.85835200548172 0.85433703660965 0.852222800254822 0.850742101669312 0.849261403083801 0.847780704498291 0.846300065517426 0.844819366931915 0.843338668346405 0.842406809329987 0.843121469020844 0.8438361287117 0.844550728797913 0.84526538848877 0.845980048179626 0.846694707870483 0.847409307956696 0.851597785949707 0.85694420337677 0.862290561199188 0.867636978626251 0.872983396053314 0.878329753875732 0.883676171302795 0.887224793434143 0.88538008928299 0.883535385131836 0.881690680980682 0.879845976829529 0.878001272678375 0.876156568527222 0.874311923980713 0.871908485889435 0.869318842887878 0.866729199886322 0.864139556884766 0.861549913883209
0.882922232151031 0.880061268806458 0.875653028488159 0.871244788169861 0.866836547851562 0.862428307533264 0.858020067214966 0.853611826896667 0.849203586578369 0.847194969654083 0.845986247062683 0.844777584075928 0.843568861484528 0.842360138893127 0.841151416301727 0.839942753314972 0.839219927787781 0.839954733848572 0.840689539909363 0.841424405574799 0.84215921163559 0.842894017696381 0.843628823757172 0.844363689422607 0.8481724858284 0.853005945682526 0.857839405536652 0.862672865390778 0.867506325244904 0.87233978509903 0.877173244953156 0.880389273166656 0.878753006458282 0.877116739749908 0.87548041343689 0.873844146728516 0.872207880020142 0.870571613311768 0.868935346603394 0.866887152194977 0.864701628684998 0.862516105175018 0.860330581665039 0.85814505815506
0.880788922309875 0.877680659294128 0.872879147529602 0.868077635765076 0.863276124000549 0.858474612236023 0.853673100471497 0.84887158870697 0.844070076942444 0.842167139053345 0.841230392456055 0.840293705463409 0.839356958866119 0.838420271873474 0.837483525276184 0.836546838283539 0.836033046245575 0.8367879986763 0.83754301071167 0.83829802274704 0.83905303478241 0.839807987213135 0.840562999248505 0.841318011283875 0.844747126102448 0.849067687988281 0.85338819026947 0.857708752155304 0.862029254436493 0.866349756717682 0.870670318603516 0.87355375289917 0.872125864028931 0.870698034763336 0.869270205497742 0.867842316627502 0.866414487361908 0.864986658096313 0.863558769226074 0.861865758895874 0.860084354877472 0.858303010463715 0.856521606445312 0.85474020242691
0.878598988056183 0.875200510025024 0.869887888431549 0.864575326442719 0.859262704849243 0.853950142860413 0.848637521266937 0.843324899673462 0.838012337684631 0.836212575435638 0.835583746433258 0.834954977035522 0.834326148033142 0.833697319030762 0.833068549633026 0.832439720630646 0.832160651683807 0.832930862903595 0.833701133728027 0.834471344947815 0.835241556167603 0.83601176738739 0.836781978607178 0.83755224943161 0.840566158294678 0.844327926635742 0.848089694976807 0.851851522922516 0.85561329126358 0.859375059604645 0.863136887550354 0.865680515766144 0.864569544792175 0.863458633422852 0.862347722053528 0.861236751079559 0.860125839710236 0.859014928340912 0.857903957366943 0.856619119644165 0.85527628660202 0.853933453559875 0.852590680122375 0.851247847080231
0.876352429389954 0.872620761394501 0.866679310798645 0.860737800598145 0.854796290397644 0.848854839801788 0.842913329601288 0.836971879005432 0.831030368804932 0.829331278800964 0.829046308994293 0.828761339187622 0.828476369380951 0.82819139957428 0.827906429767609 0.827621459960938 0.827602863311768 0.828383326530457 0.82916384935379 0.829944372177124 0.830724835395813 0.831505358219147 0.832285821437836 0.833066344261169 0.835629403591156 0.838786661624908 0.841943919658661 0.845101177692413 0.848258435726166 0.851415693759918 0.854572951793671 0.856769502162933 0.856083989143372 0.85539847612381 0.854712963104248 0.854027450084686 0.853341937065125 0.852656424045563 0.851970911026001 0.851147174835205 0.850277364253998 0.849407613277435 0.848537802696228 0.847667992115021
0.874105870723724 0.870041012763977 0.863470673561096 0.85690027475357 0.850329875946045 0.843759536743164 0.837189137935638 0.830618798732758 0.824048399925232 0.82244998216629 0.822508811950684 0.822567701339722 0.82262659072876 0.822685420513153 0.822744309902191 0.822803199291229 0.823045015335083 0.823835790157318 0.824626564979553 0.825417339801788 0.826208114624023 0.826998889446259 0.827789664268494 0.828580439090729 0.830692708492279 0.833245396614075 0.835798144340515 0.838350892066956 0.840903580188751 0.843456327915192 0.846009016036987 0.847858548164368 0.847598433494568 0.847338318824768 0.847078204154968 0.846818149089813 0.846558034420013 0.846297919750214 0.846037805080414 0.845675230026245 0.845278441905975 0.84488171339035 0.844484925270081 0.844088196754456
0.87185937166214 0.867461323738098 0.860262036323547 0.853062748908997 0.845863521099091 0.83866423368454 0.831464946269989 0.824265718460083 0.817066431045532 0.815568625926971 0.815971374511719 0.816374063491821 0.816776752471924 0.817179501056671 0.817582190036774 0.817984879016876 0.818487226963043 0.81928825378418 0.820089280605316 0.820890367031097 0.821691393852234 0.822492480278015 0.823293507099152 0.824094593524933 0.825756013393402 0.827704191207886 0.829652369022369 0.831600546836853 0.833548724651337 0.83549690246582 0.837445080280304 0.838947594165802 0.839112877845764 0.839278161525726 0.839443504810333 0.839608788490295 0.839774131774902 0.839939415454865 0.840104699134827 0.840203285217285 0.840279519557953 0.840355813503265 0.840432047843933 0.840508341789246
0.869612812995911 0.864881575107574 0.857053399085999 0.849225282669067 0.841397106647491 0.833568930625916 0.825740814208984 0.817912638187408 0.810084462165833 0.808687329292297 0.809433877468109 0.810180425643921 0.810926973819733 0.811673521995544 0.812420070171356 0.813166618347168 0.813929378986359 0.814740717411041 0.815552055835724 0.816363394260406 0.817174732685089 0.817986011505127 0.81879734992981 0.819608688354492 0.82081925868988 0.822162926197052 0.823506593704224 0.82485020160675 0.826193869113922 0.827537536621094 0.828881144523621 0.830036580562592 0.83062732219696 0.831218004226685 0.831808745861053 0.832399487495422 0.832990169525146 0.833580911159515 0.834171652793884 0.83473128080368 0.83528059720993 0.83582991361618 0.83637923002243 0.836928486824036
0.867366254329681 0.862301826477051 0.85384476184845 0.845387756824493 0.836930692195892 0.828473627567291 0.820016622543335 0.811559557914734 0.803102493286133 0.801806032657623 0.802896440029144 0.80398678779602 0.805077195167542 0.806167602539062 0.807257950305939 0.80834835767746 0.809371531009674 0.810193181037903 0.811014771461487 0.811836361885071 0.8126580119133 0.813479602336884 0.814301192760468 0.815122842788696 0.815882563591003 0.816621661186218 0.817360818386078 0.818099915981293 0.818839013576508 0.819578111171722 0.820317268371582 0.821125626564026 0.822141766548157 0.823157906532288 0.824174046516418 0.825190126895905 0.826206266880035 0.827222406864166 0.828238546848297 0.82925933599472 0.830281674861908 0.831304013729095 0.832326352596283 0.83334869146347
0.867653727531433 0.862435579299927 0.853685319423676 0.844935059547424 0.836184799671173 0.827434599399567 0.818684339523315 0.809934079647064 0.801183879375458 0.79983252286911 0.800947487354279 0.802062451839447 0.803177416324615 0.804292380809784 0.805407345294952 0.806522309780121 0.807549834251404 0.808315098285675 0.809080362319946 0.809845566749573 0.810610830783844 0.811376094818115 0.812141299247742 0.812906563282013 0.813428282737732 0.813868880271912 0.814309418201447 0.814749956130981 0.815190553665161 0.815631091594696 0.816071689128876 0.816722631454468 0.818004727363586 0.819286823272705 0.820568919181824 0.821851074695587 0.823133170604706 0.824415266513824 0.825697362422943 0.827024340629578 0.828366339206696 0.829708278179169 0.831050217151642 0.83239221572876
0.870475232601166 0.865282714366913 0.856575012207031 0.847867250442505 0.839159488677979 0.830451786518097 0.82174402475357 0.813036262989044 0.804328501224518 0.802766799926758 0.803587079048157 0.804407358169556 0.805227696895599 0.806047976016998 0.806868255138397 0.807688534259796 0.808464288711548 0.809106528759003 0.809748768806458 0.810391008853912 0.811033248901367 0.811675429344177 0.812317669391632 0.812959909439087 0.813456475734711 0.813904464244843 0.814352452754974 0.814800441265106 0.815248489379883 0.815696477890015 0.816144466400146 0.816827654838562 0.818216264247894 0.819604873657227 0.820993542671204 0.822382152080536 0.823770761489868 0.825159430503845 0.826548039913177 0.828026354312897 0.829534530639648 0.8310427069664 0.832550883293152 0.834059059619904
0.873296737670898 0.868129909038544 0.859464645385742 0.850799441337585 0.842134177684784 0.833468914031982 0.824803709983826 0.816138446331024 0.807473182678223 0.805701076984406 0.806226670742035 0.806752324104309 0.807277917861938 0.807803511619568 0.808329105377197 0.808854758739471 0.809378743171692 0.80989795923233 0.810417175292969 0.810936391353607 0.811455607414246 0.811974823474884 0.812494039535522 0.813013255596161 0.81348466873169 0.813940107822418 0.814395546913147 0.814850926399231 0.81530636548996 0.815761804580688 0.816217243671417 0.816932618618011 0.818427801132202 0.819922924041748 0.821418106555939 0.822913289070129 0.824408411979675 0.825903594493866 0.827398717403412 0.829028308391571 0.830702722072601 0.832377135753632 0.834051489830017 0.835725903511047
0.876118242740631 0.870977103710175 0.862354338169098 0.853731572628021 0.845108866691589 0.836486101150513 0.827863335609436 0.819240629673004 0.810617864131927 0.808635354042053 0.808866322040558 0.809097230434418 0.809328138828278 0.809559047222137 0.809790015220642 0.810020923614502 0.810293197631836 0.810689389705658 0.81108558177948 0.811481773853302 0.811878025531769 0.812274217605591 0.812670409679413 0.813066601753235 0.813512802124023 0.813975691795349 0.814438581466675 0.814901411533356 0.815364301204681 0.815827190876007 0.816290080547333 0.817037642002106 0.81863933801651 0.82024097442627 0.821842670440674 0.823444366455078 0.825046062469482 0.826647758483887 0.828249454498291 0.83003032207489 0.831870913505554 0.833711504936218 0.835552155971527 0.837392747402191
0.878939807415009 0.873824298381805 0.865244030952454 0.856663763523102 0.84808349609375 0.839503288269043 0.830923020839691 0.822342753410339 0.813762545585632 0.811569631099701 0.811505913734436 0.811442136764526 0.811378419399261 0.811314642429352 0.811250865459442 0.811187148094177 0.811207592487335 0.811480820178986 0.811753988265991 0.812027215957642 0.812300384044647 0.812573611736298 0.812846779823303 0.813119947910309 0.813540995121002 0.814011335372925 0.814481616020203 0.81495189666748 0.815422236919403 0.815892517566681 0.816362857818604 0.8171426653862 0.818850874900818 0.820559084415436 0.822267293930054 0.823975503444672 0.82568371295929 0.827391922473907 0.829100131988525 0.831032276153564 0.833039104938507 0.83504593372345 0.837052762508392 0.839059591293335
0.881761312484741 0.876671433448792 0.868133723735809 0.859595954418182 0.851058185100555 0.842520475387573 0.833982706069946 0.825444936752319 0.816907167434692 0.814503908157349 0.814145505428314 0.813787043094635 0.813428640365601 0.813070178031921 0.812711775302887 0.812353312969208 0.812122046947479 0.812272250652313 0.812422394752502 0.812572598457336 0.81272280216217 0.81287294626236 0.813023149967194 0.813173353672028 0.813569188117981 0.814046919345856 0.81452465057373 0.815002381801605 0.815480172634125 0.815957903862 0.816435635089874 0.817247629165649 0.819062352180481 0.820877134799957 0.822691857814789 0.82450658082962 0.826321303844452 0.828136086463928 0.82995080947876 0.832034289836884 0.83420729637146 0.836380362510681 0.838553428649902 0.840726435184479
0.885313749313354 0.880293786525726 0.871817588806152 0.863341391086578 0.85486513376236 0.846388936042786 0.837912738323212 0.829436540603638 0.820960283279419 0.818293571472168 0.81756329536438 0.816833019256592 0.816102743148804 0.815372467041016 0.814642190933228 0.81391191482544 0.81335985660553 0.8133425116539 0.813325226306915 0.813307881355286 0.813290536403656 0.813273251056671 0.813255906105042 0.813238561153412 0.813597977161407 0.814082980155945 0.814567923545837 0.81505286693573 0.815537869930267 0.81602281332016 0.816507816314697 0.817350625991821 0.81926691532135 0.821183264255524 0.823099553585052 0.825015902519226 0.826932191848755 0.828848540782928 0.830764830112457 0.832979202270508 0.835292875766754 0.837606608867645 0.839920282363892 0.842233955860138
0.889597117900848 0.88469123840332 0.876295626163483 0.867900013923645 0.859504401683807 0.85110878944397 0.842713117599487 0.83431750535965 0.825921893119812 0.822938501834869 0.821759223937988 0.820579946041107 0.819400668144226 0.818221390247345 0.817042112350464 0.815862834453583 0.814921021461487 0.814691722393036 0.81446236371994 0.814233064651489 0.814003765583038 0.813774406909943 0.813545107841492 0.813315749168396 0.813627421855927 0.814119398593903 0.814611375331879 0.815103352069855 0.815595328807831 0.816087365150452 0.816579341888428 0.817451536655426 0.81946450471878 0.821477472782135 0.823490381240845 0.825503349304199 0.827516317367554 0.829529285430908 0.831542253494263 0.833867073059082 0.83629584312439 0.838724613189697 0.841153383255005 0.843582153320312
0.893880486488342 0.889088749885559 0.880773723125458 0.872458636760712 0.86414361000061 0.855828583240509 0.847513556480408 0.839198470115662 0.83088344335556 0.827583491802216 0.825955212116241 0.824326872825623 0.822698593139648 0.821070313453674 0.8194420337677 0.817813754081726 0.816482186317444 0.816040873527527 0.81559956073761 0.815158247947693 0.814716935157776 0.814275622367859 0.813834249973297 0.81339293718338 0.813656866550446 0.814155876636505 0.814654886722565 0.81515383720398 0.815652847290039 0.816151857376099 0.816650867462158 0.817552506923676 0.819662094116211 0.821771681308746 0.823881268501282 0.825990855693817 0.828100442886353 0.830210030078888 0.832319617271423 0.834754884243011 0.83729875087738 0.839842617511749 0.842386484146118 0.844930350780487
0.898163914680481 0.893486201763153 0.885251760482788 0.877017319202423 0.868782877922058 0.860548377037048 0.852313935756683 0.844079494476318 0.835844993591309 0.832228422164917 0.83015114068985 0.828073859214783 0.825996577739716 0.823919236660004 0.821841955184937 0.819764673709869 0.818043351173401 0.817390084266663 0.81673675775528 0.816083431243896 0.815430104732513 0.81477677822113 0.814123451709747 0.813470125198364 0.813686311244965 0.814192295074463 0.814698338508606 0.815204322338104 0.815710365772247 0.816216349601746 0.816722393035889 0.81765341758728 0.819859623908997 0.822065889835358 0.824272096157074 0.82647830247879 0.828684568405151 0.830890774726868 0.833096981048584 0.835642755031586 0.838301718235016 0.840960621833801 0.843619585037231 0.846278548240662
