data/working_set_collections/6091692-Cassins_Sparrow-M2/1980/gwetroot_avg.asc
NCOLS 265 
NROWS 230 
XLLCORNER -115.5625 
YLLCORNER 24.8333333333333 
CELLSIZE 0.0833333333333333 
NODATA_value -9999 
[rows 40 to 59 of 230, columns 0 to 43 of 265]
0.491825312376022 0.491355866193771 0.49088642001152 0.490416973829269 0.489947527647018 0.489478081464767 0.489008635282516 0.482993245124817 0.475129216909409 0.467265158891678 0.45940113067627 0.451537072658539 0.44367304444313 0.4358089864254 0.429409563541412 0.427403956651688 0.425398349761963 0.423392742872238 0.421387135982513 0.419381529092789 0.417375922203064 0.415370315313339 0.417201966047287 0.420312702655792 0.423423439264297 0.426534205675125 0.42964494228363 0.432755678892136 0.435866445302963 0.442484706640244 0.459625601768494 0.476766496896744 0.493907362222672 0.511048257350922 0.528189122676849 0.545330047607422 0.56247091293335 0.569473385810852 0.573096454143524 0.576719462871552 0.580342471599579 0.583965480327606 0.587588548660278 0.591211557388306
0.493647634983063 0.493758589029312 0.493869572877884 0.493980526924133 0.494091510772705 0.494202464818954 0.494313448667526 0.487737387418747 0.478932291269302 0.470127195119858 0.461322128772736 0.452517032623291 0.443711966276169 0.434906870126724 0.427822113037109 0.425898343324661 0.423974573612213 0.422050803899765 0.420127034187317 0.418203264474869 0.416279494762421 0.414355725049973 0.416124612092972 0.419124364852905 0.422124117612839 0.425123900175095 0.428123652935028 0.431123405694962 0.434123158454895 0.440924435853958 0.459130197763443 0.477335959672928 0.495541721582413 0.51374751329422 0.531953275203705 0.55015903711319 0.568364799022675 0.574721574783325 0.577128648757935 0.579535782337189 0.581942856311798 0.584349989891052 0.586757063865662 0.589164197444916
0.493065804243088 0.493619084358215 0.49417233467102 0.494725584983826 0.495278865098953 0.495832115411758 0.496385365724564 0.48983371257782 0.480913728475571 0.471993744373322 0.463073760271072 0.454153805971146 0.445233821868896 0.436313837766647 0.429097026586533 0.426989734172821 0.424882411956787 0.422775119543076 0.420667827129364 0.41856050491333 0.416453212499619 0.414345920085907 0.416012912988663 0.418938010931015 0.421863108873367 0.424788177013397 0.42771327495575 0.430638372898102 0.433563470840454 0.44022798538208 0.458110690116882 0.475993394851685 0.493876099586487 0.511758804321289 0.529641509056091 0.547524213790894 0.565406978130341 0.57151335477829 0.573694288730621 0.575875222682953 0.578056156635284 0.580237090587616 0.582418024539948 0.584598958492279
0.490079879760742 0.490937322378159 0.491794735193253 0.492652148008347 0.493509590625763 0.494367003440857 0.495224446058273 0.489282250404358 0.481073528528214 0.472864776849747 0.464656054973602 0.456447333097458 0.448238611221313 0.440029889345169 0.43323427438736 0.430678069591522 0.428121864795685 0.425565659999847 0.42300945520401 0.420453250408173 0.417897045612335 0.415340840816498 0.41686686873436 0.419753611087799 0.422640353441238 0.425527095794678 0.428413867950439 0.431300610303879 0.434187352657318 0.440395355224609 0.456567078828812 0.472738802433014 0.488910526037216 0.505082249641418 0.521253943443298 0.537425696849823 0.553597390651703 0.559848725795746 0.562793254852295 0.565737783908844 0.568682253360748 0.571626782417297 0.574571311473846 0.577515840530396
0.487093955278397 0.488255560398102 0.489417135715485 0.49057874083519 0.491740316152573 0.492901921272278 0.494063496589661 0.488730788230896 0.481233298778534 0.473735839128494 0.466238349676132 0.45874086022377 0.45124340057373 0.443745911121368 0.437371522188187 0.434366434812546 0.431361317634583 0.428356200456619 0.425351113080978 0.422345995903015 0.419340878725052 0.416335791349411 0.417720824480057 0.420569211244583 0.423417627811432 0.426266014575958 0.429114431142807 0.431962817907333 0.434811234474182 0.440562725067139 0.455023467540741 0.469484180212021 0.483944922685623 0.498405635356903 0.512866377830505 0.527327120304108 0.54178786277771 0.548184096813202 0.551892220973969 0.55560028553009 0.559308409690857 0.563016533851624 0.566724598407745 0.570432722568512
0.484108030796051 0.485573798418045 0.487039536237717 0.488505303859711 0.489971041679382 0.491436809301376 0.492902547121048 0.488179326057434 0.481393098831177 0.474606871604919 0.467820644378662 0.461034417152405 0.454248189926147 0.44746196269989 0.441508799791336 0.438054770231247 0.43460077047348 0.431146770715714 0.427692741155624 0.424238741397858 0.420784741640091 0.417330712080002 0.418574750423431 0.421384811401367 0.424194872379303 0.427004933357239 0.429814994335175 0.43262505531311 0.435435116291046 0.440730094909668 0.453479826450348 0.46622958779335 0.47897931933403 0.491729080677032 0.504478812217712 0.517228543758392 0.529978275299072 0.536519467830658 0.540991187095642 0.545462846755981 0.549934566020966 0.554406225681305 0.558877944946289 0.563349604606628
0.481122106313705 0.482892036437988 0.484661936759949 0.486431866884232 0.488201797008514 0.489971697330475 0.491741627454758 0.487627863883972 0.48155289888382 0.475477904081345 0.469402939081192 0.463327944278717 0.457252979278564 0.451178014278412 0.445646047592163 0.44174313545227 0.437840223312378 0.433937311172485 0.430034399032593 0.4261314868927 0.422228574752808 0.418325662612915 0.419428706169128 0.422200441360474 0.424972146749496 0.427743852138519 0.430515557527542 0.433287292718887 0.43605899810791 0.440897464752197 0.451936215162277 0.462974965572357 0.474013715982437 0.48505249619484 0.496091246604919 0.507129967212677 0.518168747425079 0.524854898452759 0.530090153217316 0.535325407981873 0.540560662746429 0.545795977115631 0.551031231880188 0.556266486644745
0.47813618183136 0.480210274457932 0.482284367084503 0.484358429908752 0.486432522535324 0.488506585359573 0.490580677986145 0.48707640171051 0.48171266913414 0.47634893655777 0.470985233783722 0.465621501207352 0.460257768630981 0.454894036054611 0.44978329539299 0.445431470870972 0.441079676151276 0.436727851629257 0.432376027107239 0.428024232387543 0.423672407865524 0.419320583343506 0.420282661914825 0.423016041517258 0.425749391317368 0.4284827709198 0.431216150522232 0.433949500322342 0.436682879924774 0.441064834594727 0.450392603874207 0.459720373153687 0.469048142433167 0.478375911712646 0.487703651189804 0.497031420469284 0.506359159946442 0.513190269470215 0.519189119338989 0.525187969207764 0.531186819076538 0.537185668945312 0.543184518814087 0.549183368682861
0.473509639501572 0.475722312927246 0.477934986352921 0.480147689580917 0.482360363006592 0.484573066234589 0.486785739660263 0.483846008777618 0.479188829660416 0.47453162074089 0.469874411821365 0.465217232704163 0.460560023784637 0.455902814865112 0.451281785964966 0.446769148111343 0.442256510257721 0.437743902206421 0.433231264352798 0.428718626499176 0.424206018447876 0.419693380594254 0.421037286520004 0.424333363771439 0.427629470825195 0.43092554807663 0.434221625328064 0.437517732381821 0.440813809633255 0.445253431797028 0.453123718500137 0.460993975400925 0.468864262104034 0.476734519004822 0.484604775905609 0.492475062608719 0.500345349311829 0.506728768348694 0.512616574764252 0.51850438117981 0.524392187595367 0.53028005361557 0.536167860031128 0.542055666446686
0.467242419719696 0.469428151845932 0.471613883972168 0.473799616098404 0.47598534822464 0.478171080350876 0.480356812477112 0.477936714887619 0.473981320858002 0.470025926828384 0.466070532798767 0.46211513876915 0.458159744739532 0.454204350709915 0.450141489505768 0.445756137371063 0.441370785236359 0.436985433101654 0.432600080966949 0.428214728832245 0.42382937669754 0.419444024562836 0.421692579984665 0.426152467727661 0.430612325668335 0.435072183609009 0.439532041549683 0.443991899490356 0.44845175743103 0.453463226556778 0.460129499435425 0.466795802116394 0.473462074995041 0.480128347873688 0.486794620752335 0.493460893630981 0.500127196311951 0.505470335483551 0.510372519493103 0.515274703502655 0.520176827907562 0.525079011917114 0.529981195926666 0.534883320331573
0.46097519993782 0.463133990764618 0.465292751789093 0.46745154261589 0.469610333442688 0.471769094467163 0.473927885293961 0.472027391195297 0.468773812055588 0.465520232915878 0.462266623973846 0.459013044834137 0.455759465694427 0.452505886554718 0.44900119304657 0.444743096828461 0.440485030412674 0.436226963996887 0.4319688975811 0.427710831165314 0.423452764749527 0.419194668531418 0.422347903251648 0.427971541881561 0.433595180511475 0.439218819141388 0.444842457771301 0.450466096401215 0.456089735031128 0.461673021316528 0.467135310173035 0.472597599029541 0.478059887886047 0.483522176742554 0.488984435796738 0.494446724653244 0.49990901350975 0.504211962223053 0.508128464221954 0.512044966220856 0.515961468219757 0.519878029823303 0.523794531822205 0.527711033821106
0.454707980155945 0.456839799880981 0.45897164940834 0.461103469133377 0.463235288858414 0.465367138385773 0.467498958110809 0.466118067502975 0.463566303253174 0.46101450920105 0.458462744951248 0.455910980701447 0.453359186649323 0.450807422399521 0.447860896587372 0.443730086088181 0.439599305391312 0.43546849489212 0.431337714195251 0.42720690369606 0.423076122999191 0.418945342302322 0.423003196716309 0.429790616035461 0.436578035354614 0.443365454673767 0.45015287399292 0.456940293312073 0.463727712631226 0.469882845878601 0.474141120910645 0.47839942574501 0.482657700777054 0.486915975809097 0.491174280643463 0.495432555675507 0.499690860509872 0.502953588962555 0.505884408950806 0.508815288543701 0.511746108531952 0.514676988124847 0.517607867717743 0.520538687705994
0.448440760374069 0.450545638799667 0.452650517225266 0.454755395650864 0.456860274076462 0.45896515250206 0.461070030927658 0.460208773612976 0.45835879445076 0.456508815288544 0.45465886592865 0.452808886766434 0.450958907604218 0.449108958244324 0.446720600128174 0.4427170753479 0.438713550567627 0.434710025787354 0.430706530809402 0.426703006029129 0.422699481248856 0.418695986270905 0.423658490180969 0.431609690189362 0.439560890197754 0.447512090206146 0.455463260412216 0.463414460420609 0.471365660429001 0.478092640638351 0.481146931648254 0.484201222658157 0.48725551366806 0.490309804677963 0.493364095687866 0.496418416500092 0.499472707509995 0.501695156097412 0.503640353679657 0.505585551261902 0.507530748844147 0.509476006031036 0.511421203613281 0.513366401195526
0.442173570394516 0.444251477718353 0.446329414844513 0.44840732216835 0.45048525929451 0.452563166618347 0.454641103744507 0.454299449920654 0.453151285648346 0.452003121376038 0.450854957103729 0.449706792831421 0.448558628559113 0.447410464286804 0.445580303668976 0.44170406460762 0.437827825546265 0.433951586484909 0.430075347423553 0.426199108362198 0.422322869300842 0.418446630239487 0.42431378364563 0.433428764343262 0.442543745040894 0.451658725738525 0.460773676633835 0.469888657331467 0.479003638029099 0.486302435398102 0.488152742385864 0.490003049373627 0.491853326559067 0.493703633546829 0.495553940534592 0.497404247522354 0.499254554510117 0.500436782836914 0.501396298408508 0.502355873584747 0.503315389156342 0.504274964332581 0.50523453950882 0.506194055080414
0.437105745077133 0.439162731170654 0.441219717264175 0.443276703357697 0.44533371925354 0.447390705347061 0.449447691440582 0.449463605880737 0.448799192905426 0.448134750127792 0.447470337152481 0.446805894374847 0.446141481399536 0.445477038621902 0.444025754928589 0.440213829278946 0.436401903629303 0.43258997797966 0.428778052330017 0.424966126680374 0.421154201030731 0.417342275381088 0.423650503158569 0.433332115411758 0.443013727664948 0.452695339918137 0.462376952171326 0.472058594226837 0.481740206480026 0.489206552505493 0.490027129650116 0.490847706794739 0.491668283939362 0.492488861083984 0.493309438228607 0.49413001537323 0.494950592517853 0.495506882667542 0.495975077152252 0.49644324183464 0.496911436319351 0.497379630804062 0.497847825288773 0.498315989971161
0.433237344026566 0.435279428958893 0.43732151389122 0.439363569021225 0.441405653953552 0.443447709083557 0.445489794015884 0.445701241493225 0.445302456617355 0.444903701543808 0.444504946470261 0.444106191396713 0.443707406520844 0.443308651447296 0.442056924104691 0.438246369361877 0.434435784816742 0.430625230073929 0.426814645528793 0.423004060983658 0.419193506240845 0.415382921695709 0.421668618917465 0.431319743394852 0.440970867872238 0.450621992349625 0.460273116827011 0.469924241304398 0.479575365781784 0.486804991960526 0.48677009344101 0.486735224723816 0.486700356006622 0.486665487289429 0.486630618572235 0.486595720052719 0.486560851335526 0.486905485391617 0.487376600503922 0.487847715616226 0.488318830728531 0.488789945840836 0.489261090755463 0.489732205867767
0.42936897277832 0.431396126747131 0.433423280715942 0.435450434684753 0.437477588653564 0.439504742622375 0.441531896591187 0.44193884730339 0.441805750131607 0.441672652959824 0.44153955578804 0.441406458616257 0.441273361444473 0.44114026427269 0.440088123083115 0.436278909444809 0.432469695806503 0.428660452365875 0.42485123872757 0.421042025089264 0.417232811450958 0.41342356801033 0.419686734676361 0.429307371377945 0.438928008079529 0.448548644781113 0.458169251680374 0.467789888381958 0.477410525083542 0.484403401613235 0.483513087034225 0.482622772455215 0.481732428073883 0.480842113494873 0.479951769113541 0.479061454534531 0.478171139955521 0.478304088115692 0.478778123855591 0.479252189397812 0.479726225137711 0.480200290679932 0.48067432641983 0.481148391962051
0.425500571727753 0.427512794733047 0.429525047540665 0.43153727054596 0.433549523353577 0.435561776161194 0.437573999166489 0.438176482915878 0.438309043645859 0.438441604375839 0.43857416510582 0.4387067258358 0.438839316368103 0.438971877098083 0.438119322061539 0.43431144952774 0.430503576993942 0.426695704460144 0.422887831926346 0.419079959392548 0.415272086858749 0.411464214324951 0.417704850435257 0.427294999361038 0.436885148286819 0.446475267410278 0.45606541633606 0.465655565261841 0.4752456843853 0.482001841068268 0.480256080627441 0.478510290384293 0.476764500141144 0.475018739700317 0.473272949457169 0.47152715921402 0.469781398773193 0.469702690839767 0.470179677009583 0.470656663179398 0.471133649349213 0.471610635519028 0.47208759188652 0.472564578056335
0.421632170677185 0.423629492521286 0.425626814365387 0.427624136209488 0.429621458053589 0.43161877989769 0.433616101741791 0.434414118528366 0.43481233716011 0.435210555791855 0.435608804225922 0.436007022857666 0.43640524148941 0.436803489923477 0.436150521039963 0.432343989610672 0.428537487983704 0.424730956554413 0.420924425125122 0.417117923498154 0.413311392068863 0.409504890441895 0.415722995996475 0.425282627344131 0.43484228849411 0.444401919841766 0.453961551189423 0.463521212339401 0.473080843687057 0.4796002805233 0.476999044418335 0.47439780831337 0.471796572208405 0.469195365905762 0.466594129800797 0.463992893695831 0.461391657590866 0.461101293563843 0.461581200361252 0.462061107158661 0.462541043758392 0.463020950555801 0.46350085735321 0.463980793952942
0.417763769626617 0.419746190309525 0.421728581190109 0.423711001873016 0.425693392753601 0.427675813436508 0.429658204317093 0.430651724338531 0.431315630674362 0.43197950720787 0.432643413543701 0.43330729007721 0.43397119641304 0.434635072946548 0.434181720018387 0.430376529693604 0.426571369171143 0.422766208648682 0.418961048126221 0.415155857801437 0.411350697278976 0.407545536756516 0.413741111755371 0.423270255327225 0.432799398899078 0.442328572273254 0.451857715845108 0.461386859416962 0.470916032791138 0.477198719978333 0.473742038011551 0.470285356044769 0.466828674077988 0.463371962308884 0.459915280342102 0.45645859837532 0.453001916408539 0.452499896287918 0.452982723712921 0.453465580940247 0.453948438167572 0.454431295394897 0.4549141228199 0.455396980047226
