data/working_set_collections/6091692-Cassins_Sparrow-M2/1980/gwetroot_avg.asc
NCOLS 265 
NROWS 230 
XLLCORNER -115.5625 
YLLCORNER 24.8333333333333 
CELLSIZE 0.0833333333333333 
NODATA_value -9999 
[rows 180 to 199 of 230, columns 44 to 87 of 265]
0.466260075569153 0.45944344997406 0.452626824378967 0.445810198783875 0.438993573188782 0.432176947593689 0.425360321998596 0.418543696403503 0.41649204492569 0.416028738021851 0.415565431118011 0.415102124214172 0.414638817310333 0.414175510406494 0.413712203502655 0.413093239068985 0.4120072722435 0.410921305418015 0.409835338592529 0.408749341964722 0.407663375139236 0.406577408313751 0.405491441488266 0.405748903751373 0.406454205513 0.407159477472305 0.407864779233932 0.40857008099556 0.409275352954865 0.409980654716492 0.411336123943329 0.414642155170441 0.41794815659523 0.421254187822342 0.424560189247131 0.427866220474243 0.431172221899033 0.434478223323822 0.437293767929077 0.439945787191391 0.442597836256027 0.445249855518341 0.447901874780655 0.450553923845291
0.468187689781189 0.461331725120544 0.454475730657578 0.447619765996933 0.440763801336288 0.433907806873322 0.427051842212677 0.420195877552032 0.419231951236725 0.420232057571411 0.421232163906097 0.422232270240784 0.42323237657547 0.424232482910156 0.425232589244843 0.425345838069916 0.422798454761505 0.420251071453094 0.417703717947006 0.415156334638596 0.412608951330185 0.410061568021774 0.407514214515686 0.407594501972198 0.408550679683685 0.40950682759285 0.410463005304337 0.411419183015823 0.41237536072731 0.413331538438797 0.415060251951218 0.41910657286644 0.423152923583984 0.427199274301529 0.431245595216751 0.435291945934296 0.439338266849518 0.443384617567062 0.446079611778259 0.448324143886566 0.450568675994873 0.45281320810318 0.455057740211487 0.457302272319794
0.470115303993225 0.463220000267029 0.45632466673851 0.449429333209991 0.442533999681473 0.435638695955276 0.428743362426758 0.421848028898239 0.42197185754776 0.424435377120972 0.426898896694183 0.429362416267395 0.431825935840607 0.434289455413818 0.43675297498703 0.437598437070847 0.43358963727951 0.429580867290497 0.425572097301483 0.421563297510147 0.417554527521133 0.41354575753212 0.409536987543106 0.409440070390701 0.410647124052048 0.411854177713394 0.413061231374741 0.414268314838409 0.415475368499756 0.416682422161102 0.418784379959106 0.423571020364761 0.428357690572739 0.433144360780716 0.437931001186371 0.442717671394348 0.447504341602325 0.45229098200798 0.454865425825119 0.456702470779419 0.458539515733719 0.460376560688019 0.462213605642319 0.464050650596619
0.472042918205261 0.465108245611191 0.45817357301712 0.45123890042305 0.44430422782898 0.437369555234909 0.430434882640839 0.423500210046768 0.424711734056473 0.42863866686821 0.432565629482269 0.436492562294006 0.440419495105743 0.44434642791748 0.448273360729218 0.449851006269455 0.444380819797516 0.438910663127899 0.43344047665596 0.427970290184021 0.422500103712082 0.417029917240143 0.411559760570526 0.411285668611526 0.412743598222733 0.414201527833939 0.415659487247467 0.417117416858673 0.418575346469879 0.420033305883408 0.422508478164673 0.428035467863083 0.433562457561493 0.439089447259903 0.444616407155991 0.450143396854401 0.455670386552811 0.461197376251221 0.463651269674301 0.465080827474594 0.466510385274887 0.467939913272858 0.469369471073151 0.470799028873444
-9999 0.466996520757675 0.460022509098053 0.453048467636108 0.446074455976486 0.439100444316864 0.432126402854919 0.425152391195297 0.427451640367508 0.43284198641777 0.438232332468033 0.443622678518295 0.449013024568558 0.454403400421143 0.459793746471405 0.462103605270386 0.455172032117844 0.448240429162979 0.441308856010437 0.434377282857895 0.42744567990303 0.420514106750488 0.413582533597946 0.413131237030029 0.414840072393417 0.416548877954483 0.418257713317871 0.419966518878937 0.421675354242325 0.42338415980339 0.426232606172562 0.432499915361404 0.438767224550247 0.44503453373909 0.451301842927933 0.457569122314453 0.463836431503296 0.470103740692139 0.472437113523483 0.473459154367447 0.474481225013733 0.475503265857697 0.476525336503983 0.477547377347946
-9999 -9999 0.461871415376663 0.454858034849167 0.447844684123993 0.440831303596497 0.433817923069 0.426804572343826 0.430191546678543 0.437045305967331 0.443899065256119 0.450752824544907 0.457606583833694 0.464460343122482 0.47131410241127 0.474356204271317 0.465963214635849 0.457570225000381 0.449177235364914 0.440784245729446 0.432391256093979 0.423998266458511 0.415605306625366 0.414976835250854 0.41693651676178 0.418896228075027 0.420855939388275 0.422815650701523 0.424775332212448 0.426735043525696 0.42995673418045 0.436964362859726 0.443971991539001 0.450979620218277 0.457987248897552 0.464994877576828 0.472002506256104 0.479010105133057 0.481222957372665 0.481837511062622 0.482452064752579 0.483066618442535 0.483681201934814 0.484295755624771
-9999 -9999 -9999 0.456602573394775 0.450757622718811 0.444912642240524 0.43906769156456 0.433222711086273 0.436956882476807 0.443884074687958 0.450811296701431 0.457738488912582 0.464665710926056 0.471592932939529 0.478520125150681 0.481579273939133 0.473034173250198 0.464489102363586 0.455944031476974 0.447398960590363 0.438853889703751 0.430308818817139 0.421763747930527 0.42084327340126 0.422464370727539 0.424085438251495 0.425706535577774 0.427327632904053 0.428948700428009 0.430569797754288 0.433769017457962 0.441702634096146 0.449636220932007 0.45756983757019 0.465503454208374 0.473437070846558 0.481370687484741 0.489304274320602 0.491301685571671 0.491320312023163 0.491338968276978 0.491357624530792 0.491376250982285 0.491394907236099
-9999 -9999 -9999 -9999 -9999 0.45134449005127 0.447875678539276 0.444406867027283 0.447747677564621 0.453358352184296 0.45896902680397 0.464579701423645 0.470190405845642 0.475801080465317 0.481411755084991 0.483772814273834 0.476384967565536 0.468997120857239 0.461609244346619 0.454221397638321 0.446833550930023 0.439445704221725 0.432057857513428 0.430730611085892 0.43142357468605 0.432116538286209 0.432809501886368 0.433502465486526 0.434195429086685 0.434888392686844 0.437669456005096 0.446714699268341 0.455759972333908 0.464805215597153 0.473850458860397 0.482895731925964 0.491940975189209 0.500986218452454 0.502673268318176 0.501907587051392 0.501141905784607 0.500376224517822 0.499610513448715 0.498844832181931
-9999 -9999 -9999 -9999 -9999 -9999 0.45668363571167 0.45559099316597 0.458538442850113 0.462832599878311 0.467126756906509 0.47142094373703 0.475715100765228 0.480009257793427 0.484303414821625 0.485966354608536 0.479735732078552 0.473505109548569 0.467274487018585 0.461043834686279 0.454813212156296 0.448582589626312 0.442351967096329 0.440617918968201 0.440382778644562 0.440147638320923 0.439912468194962 0.439677327871323 0.439442157745361 0.439207017421722 0.441569864749908 0.451726794242859 0.461883693933487 0.472040593624115 0.482197493314743 0.492354393005371 0.502511322498322 0.512668192386627 0.514044880867004 0.51249486207962 0.510944843292236 0.509394824504852 0.507844805717468 0.506294727325439
-9999 -9999 -9999 -9999 -9999 -9999 -9999 0.466775149106979 0.469329237937927 0.472306877374649 0.475284516811371 0.478262156248093 0.481239765882492 0.484217405319214 0.487195044755936 0.48815992474556 0.483086496591568 0.478013098239899 0.472939699888229 0.467866271734238 0.462792873382568 0.457719475030899 0.45264607667923 0.450505256652832 0.449341982603073 0.448178708553314 0.447015434503555 0.445852160453796 0.444688886404037 0.443525642156601 0.445470303297043 0.456738859415054 0.468007415533066 0.479275971651077 0.490544497966766 0.501813054084778 0.513081610202789 0.524350166320801 0.525416553020477 0.523082137107849 0.520747780799866 0.518413424491882 0.516079068183899 0.513744652271271
-9999 -9999 -9999 -9999 -9999 -9999 -9999 -9999 0.480120033025742 0.481781125068665 0.48344224691391 0.485103368759155 0.486764460802078 0.488425582647324 0.490086674690247 0.490353465080261 0.486437290906906 0.482521086931229 0.478604912757874 0.474688738584518 0.470772534608841 0.466856360435486 0.462940186262131 0.460392594337463 0.458301186561584 0.456209808588028 0.454118400812149 0.452027022838593 0.449935644865036 0.447844237089157 0.449370741844177 0.461750954389572 0.474131137132645 0.48651134967804 0.498891532421112 0.511271715164185 0.523651897907257 0.536032140254974 0.536788165569305 0.533669412136078 0.530550718307495 0.527432024478912 0.52431333065033 0.521194636821747
-9999 -9999 -9999 -9999 -9999 -9999 -9999 -9999 -9999 0.491255402565002 0.491599977016449 0.491944581270218 0.492289155721664 0.492633730173111 0.492978304624557 0.492547005414963 0.489788055419922 0.487029075622559 0.484270125627518 0.481511175632477 0.478752195835114 0.475993245840073 0.473234295845032 0.470279902219772 0.467260390520096 0.464240878820419 0.461221367120743 0.458201885223389 0.455182373523712 0.452162861824036 0.453271180391312 0.466763019561768 0.480254858732224 0.493746697902679 0.507238566875458 0.520730376243591 0.53422224521637 0.547714054584503 0.548159778118134 0.544256687164307 0.540353655815125 0.536450624465942 0.53254759311676 0.528644561767578
-9999 -9999 -9999 -9999 -9999 -9999 -9999 -9999 -9999 -9999 0.494436740875244 0.494209438562393 0.49398210644722 0.493754804134369 0.493527501821518 0.49284765124321 0.49081015586853 0.488772660493851 0.486735194921494 0.484697699546814 0.482660204172134 0.480622738599777 0.478585243225098 0.475603520870209 0.472307056188583 0.469010591506958 0.465714126825333 0.462417662143707 0.459121197462082 0.455824732780457 0.456807464361191 0.470627814531326 0.484448164701462 0.498268485069275 0.51208883523941 0.525909185409546 0.539729535579681 0.553549826145172 0.553991794586182 0.549974262714386 0.54595673084259 0.541939198970795 0.537921667098999 0.533904135227203
-9999 -9999 -9999 -9999 -9999 -9999 -9999 -9999 -9999 -9999 -9999 -9999 -9999 -9999 -9999 0.491255342960358 0.489503592252731 0.487751841545105 0.486000090837479 0.484248340129852 0.482496589422226 0.4807448387146 0.478993088006973 0.476363450288773 0.473441183567047 0.470518916845322 0.467596679925919 0.464674413204193 0.461752146482468 0.458829909563065 0.459979623556137 0.473345309495926 0.486710995435715 0.500076651573181 0.51344233751297 0.526808023452759 0.540173709392548 0.553539395332336 0.55428421497345 0.550822019577026 0.547359883785248 0.543897688388824 0.540435552597046 0.536973357200623
-9999 -9999 -9999 -9999 -9999 -9999 -9999 -9999 -9999 -9999 -9999 -9999 -9999 -9999 -9999 0.489663034677505 0.488197028636932 0.486730992794037 0.485264986753464 0.483798950910568 0.482332944869995 0.4808669090271 0.479400902986526 0.477123349905014 0.474575310945511 0.472027242183685 0.469479203224182 0.466931164264679 0.464383095502853 0.46183505654335 0.463151782751083 0.476062804460526 0.488973826169968 0.501884877681732 0.514795899391174 0.527706921100616 0.540617942810059 0.553529024124146 0.554576635360718 0.551669836044312 0.548763036727905 0.545856237411499 0.542949438095093 0.540042579174042
-9999 -9999 -9999 -9999 -9999 -9999 -9999 -9999 -9999 -9999 -9999 -9999 -9999 -9999 -9999 0.488070726394653 0.486890435218811 0.485710144042969 0.484529882669449 0.483349591493607 0.482169300317764 0.480989009141922 0.47980871796608 0.477883279323578 0.475709438323975 0.473535567522049 0.471361726522446 0.469187885522842 0.467014044523239 0.464840203523636 0.46632394194603 0.478780299425125 0.491236686706543 0.503693044185638 0.516149461269379 0.528605818748474 0.54106217622757 0.55351859331131 0.554869115352631 0.552517652511597 0.550166189670563 0.547814726829529 0.545463263988495 0.543111860752106
-9999 -9999 -9999 -9999 -9999 -9999 -9999 -9999 -9999 -9999 -9999 -9999 -9999 -9999 -9999 0.486478418111801 0.485583871603012 0.484689325094223 0.483794778585434 0.482900202274323 0.482005655765533 0.481111109256744 0.480216532945633 0.478643178939819 0.476843535900116 0.475043922662735 0.473244279623032 0.471444636583328 0.469644993543625 0.467845380306244 0.469496071338654 0.481497794389725 0.493499517440796 0.505501270294189 0.517502963542938 0.529504716396332 0.541506409645081 0.553508162498474 0.555161535739899 0.553365409374237 0.55156934261322 0.549773275852203 0.547977149486542 0.546181082725525
-9999 -9999 -9999 -9999 -9999 -9999 -9999 -9999 -9999 -9999 -9999 -9999 -9999 -9999 -9999 0.484886139631271 0.484277307987213 0.483668476343155 0.483059644699097 0.482450842857361 0.481842011213303 0.481233179569244 0.480624377727509 0.479403078556061 0.47797766327858 0.476552248001099 0.475126802921295 0.473701387643814 0.472275972366333 0.47085052728653 0.4726682305336 0.484215289354324 0.495762377977371 0.507309436798096 0.518856525421143 0.530403614044189 0.541950643062592 0.553497731685638 0.555453956127167 0.554213225841522 0.552972495555878 0.551731765270233 0.550491034984589 0.549250304698944
-9999 -9999 -9999 -9999 -9999 -9999 -9999 -9999 -9999 -9999 -9999 -9999 -9999 -9999 -9999 -9999 0.483599364757538 0.483403354883194 0.483207374811172 0.483011394739151 0.48281541466713 0.482619404792786 0.482423424720764 0.481853812932968 0.481159657239914 0.480465471744537 0.479771316051483 0.479077160358429 0.478383004665375 0.477688848972321 0.479741424322128 0.490034312009811 0.500327169895172 0.510620057582855 0.520912945270538 0.531205832958221 0.541498720645905 0.551791608333588 0.553813874721527 0.55307924747467 0.552344620227814 0.551610052585602 0.550875425338745 0.550140798091888
-9999 -9999 -9999 -9999 -9999 -9999 -9999 -9999 -9999 -9999 -9999 -9999 -9999 -9999 -9999 -9999 -9999 0.48389396071434 0.484237909317017 0.484581857919693 0.484925806522369 0.485269755125046 0.485613703727722 0.485995322465897 0.486389487981796 0.486783653497696 0.487177819013596 0.487571954727173 0.487966120243073 0.488360285758972 0.490715682506561 0.498954832553864 0.507193982601166 0.515433132648468 0.52367228269577 0.531911432743073 0.540150582790375 0.548389732837677 0.550241231918335 0.549963474273682 0.549685776233673 0.54940801858902 0.549130260944366 0.548852562904358
