data/working_set_collections/6091692-Cassins_Sparrow-M2/1980/gwetprof_avg.asc
NCOLS 265 
NROWS 230 
XLLCORNER -115.5625 
YLLCORNER 24.8333333333333 
CELLSIZE 0.0833333333333333 
NODATA_value -9999 
[rows 100 to 119 of 230, columns 220 to 263 of 265]
0.503286004066467 0.5123690366745 0.521452069282532 0.530535101890564 0.539818346500397 0.549702346324921 0.559586346149445 0.569470286369324 0.579354286193848 0.589238226413727 0.599122226238251 0.609006226062775 0.61219722032547 0.613157331943512 0.614117383956909 0.615077435970306 0.616037547588348 0.616997599601746 0.617957651615143 0.619417786598206 0.622378051280975 0.625338315963745 0.62829864025116 0.63125890493393 0.634219169616699 0.637179434299469 0.640139758586884 0.643064379692078 0.645977199077606 0.648890018463135 0.651802778244019 0.654715597629547 0.657628417015076 0.66054117679596 0.662305593490601 0.660624742507935 0.658943891525269 0.657263040542603 0.655582189559937 0.65390133857727 0.652220487594604 0.650539636611938 0.651959717273712 0.654413402080536
0.510013222694397 0.520714998245239 0.531416773796082 0.542118549346924 0.552235722541809 0.560599386692047 0.56896299123764 0.577326595783234 0.585690200328827 0.59405380487442 0.602417409420013 0.610781013965607 0.613516986370087 0.61437714099884 0.615237236022949 0.616097331047058 0.616957485675812 0.617817580699921 0.618677735328674 0.619721531867981 0.621316313743591 0.622911095619202 0.624505877494812 0.626100718975067 0.627695500850677 0.629290282726288 0.630885064601898 0.632971704006195 0.635222315788269 0.637472867965698 0.639723420143127 0.641974031925201 0.644224584102631 0.646475195884705 0.648121893405914 0.647956907749176 0.647791922092438 0.647626996040344 0.647462010383606 0.647297084331512 0.647132098674774 0.646967113018036 0.649214625358582 0.652266204357147
0.51403284072876 0.525730967521667 0.53742903470993 0.549127101898193 0.559769988059998 0.567247152328491 0.574724316596985 0.582201480865479 0.589678645133972 0.597155809402466 0.60463297367096 0.612110137939453 0.614752769470215 0.615783929824829 0.616815090179443 0.617846250534058 0.618877351284027 0.619908511638641 0.620939671993256 0.622105538845062 0.623675584793091 0.625245630741119 0.626815736293793 0.628385782241821 0.62995582818985 0.631525874137878 0.633095920085907 0.63481467962265 0.636582970619202 0.638351321220398 0.64011961221695 0.641887903213501 0.643656253814697 0.645424544811249 0.646789908409119 0.646946370601654 0.64710283279419 0.647259294986725 0.64741575717926 0.647572219371796 0.647728681564331 0.647885143756866 0.650278866291046 0.653418362140656
0.5153449177742 0.527416884899139 0.539488911628723 0.551560938358307 0.562421083450317 0.569645702838898 0.576870322227478 0.584095001220703 0.591319620609283 0.598544239997864 0.605768918991089 0.612993538379669 0.615904569625854 0.617377758026123 0.618850886821747 0.620324075222015 0.621797204017639 0.623270332813263 0.624743521213531 0.626569867134094 0.629455924034119 0.632341980934143 0.635228037834167 0.638114094734192 0.641000151634216 0.643886208534241 0.646772265434265 0.648593306541443 0.650059282779694 0.651525318622589 0.65299129486084 0.654457271099091 0.655923306941986 0.657389283180237 0.658309638500214 0.657593071460724 0.656876504421234 0.656159937381744 0.65544331073761 0.65472674369812 0.65401017665863 0.653293609619141 0.655152440071106 0.657869696617126
0.516656935214996 0.529102861881256 0.541548788547516 0.553994715213776 0.565072178840637 0.572044253349304 0.579016387462616 0.585988521575928 0.59296065568924 0.599932730197906 0.606904864311218 0.61387699842453 0.617056369781494 0.618971526622772 0.62088668346405 0.622801899909973 0.624717056751251 0.626632213592529 0.628547370433807 0.631034255027771 0.635236322879791 0.639438331127167 0.643640398979187 0.647842466831207 0.652044534683228 0.656246602535248 0.660448610782623 0.662371933460236 0.663535594940186 0.664699256420135 0.66586297750473 0.66702663898468 0.668190360069275 0.669354021549225 0.669829368591309 0.668239772319794 0.666650176048279 0.665060520172119 0.663470923900604 0.661881327629089 0.660291731357574 0.658702075481415 0.660026013851166 0.662321031093597
0.517968952655792 0.530788838863373 0.543608665466309 0.556428492069244 0.567723274230957 0.574442863464355 0.581162452697754 0.587882041931152 0.594601631164551 0.601321220397949 0.608040809631348 0.614760398864746 0.618208169937134 0.620565354824066 0.622922539710999 0.625279724597931 0.627636849880219 0.629994034767151 0.632351219654083 0.635498583316803 0.641016662120819 0.64653468132019 0.652052760124207 0.657570838928223 0.663088858127594 0.66860693693161 0.674125015735626 0.676150500774384 0.677011907100677 0.677873253822327 0.678734660148621 0.67959600687027 0.680457413196564 0.681318759918213 0.681349098682404 0.678886473178864 0.676423847675323 0.673961162567139 0.671498537063599 0.669035911560059 0.666573226451874 0.664110600948334 0.664899587631226 0.666772425174713
0.519281029701233 0.532474756240845 0.545668482780457 0.558862268924713 0.570374310016632 0.576841413974762 0.583308458328247 0.589775562286377 0.596242606639862 0.602709710597992 0.609176754951477 0.615643858909607 0.619359970092773 0.62215918302536 0.624958336353302 0.627757489681244 0.630556702613831 0.633355855941772 0.636155068874359 0.63996297121048 0.646797001361847 0.653631031513214 0.660465121269226 0.667299151420593 0.674133241176605 0.680967271327972 0.687801361083984 0.689929127693176 0.690488219261169 0.691047251224518 0.691606342792511 0.692165374755859 0.692724406719208 0.693283498287201 0.692868888378143 0.689533174037933 0.686197519302368 0.682861804962158 0.679526150226593 0.676190435886383 0.672854781150818 0.669519066810608 0.669773161411285 0.671223759651184
0.520593047142029 0.534160733222961 0.547728359699249 0.561296045780182 0.573025405406952 0.579239964485168 0.585454523563385 0.591669082641602 0.597883641719818 0.60409814119339 0.610312700271606 0.616527259349823 0.620511770248413 0.623752951622009 0.626994132995605 0.630235314369202 0.633476555347443 0.636717736721039 0.639958918094635 0.644427299499512 0.652577340602875 0.660727381706238 0.668877482414246 0.677027523517609 0.685177564620972 0.69332766532898 0.701477706432343 0.703707754611969 0.703964531421661 0.704221248626709 0.704478025436401 0.704734742641449 0.704991459846497 0.705248236656189 0.704388618469238 0.700179874897003 0.695971190929413 0.691762447357178 0.687553763389587 0.683345019817352 0.679136276245117 0.674927592277527 0.674646735191345 0.6756751537323
0.520354688167572 0.533682286739349 0.547009885311127 0.560337543487549 0.571926414966583 0.578299045562744 0.58467173576355 0.591044366359711 0.597417056560516 0.603789687156677 0.610162377357483 0.616535007953644 0.620779454708099 0.624314486980438 0.627849578857422 0.631384611129761 0.6349196434021 0.638454675674438 0.641989707946777 0.646732807159424 0.655099809169769 0.66346687078476 0.67183393239975 0.680200934410095 0.688567996025085 0.696935057640076 0.705302119255066 0.707675814628601 0.708051800727844 0.708427786827087 0.708803713321686 0.709179699420929 0.709555685520172 0.70993161201477 0.709150850772858 0.704899847507477 0.700648903846741 0.69639790058136 0.692146897315979 0.687895894050598 0.683644890785217 0.679393887519836 0.678918242454529 0.679701030254364
0.518565833568573 0.531039476394653 0.543513119220734 0.555986762046814 0.567077338695526 0.574018716812134 0.580960094928741 0.587901532649994 0.594842910766602 0.601784288883209 0.608725726604462 0.615667104721069 0.620163023471832 0.623843789100647 0.627524554729462 0.631205260753632 0.634886026382446 0.638566792011261 0.642247557640076 0.646879374980927 0.65436440706253 0.661849439144135 0.669334471225739 0.676819503307343 0.684304535388947 0.691789507865906 0.69927453994751 0.701833367347717 0.702750086784363 0.703666806221008 0.704583525657654 0.705500245094299 0.706416964530945 0.70733368396759 0.707155644893646 0.703693151473999 0.700230598449707 0.69676810503006 0.693305611610413 0.689843118190765 0.686380624771118 0.682918071746826 0.682587742805481 0.683301389217377
0.516776978969574 0.528396606445312 0.540016293525696 0.551635921001434 0.562228202819824 0.569738328456879 0.577248513698578 0.584758639335632 0.592268764972687 0.599778890609741 0.607289016246796 0.614799201488495 0.619546592235565 0.623373031616211 0.627199530601501 0.631025969982147 0.634852468967438 0.638678908348083 0.642505407333374 0.647026002407074 0.653629004955292 0.66023200750351 0.666835010051727 0.673438012599945 0.680041015148163 0.686644017696381 0.693247020244598 0.695990860462189 0.697448372840881 0.698905825614929 0.700363337993622 0.70182079076767 0.703278303146362 0.70473575592041 0.70516037940979 0.702486395835876 0.699812352657318 0.69713830947876 0.694464325904846 0.691790282726288 0.689116299152374 0.686442255973816 0.686257183551788 0.686901807785034
0.514988124370575 0.525753796100616 0.536519467830658 0.547285139560699 0.557379126548767 0.565457999706268 0.57353687286377 0.581615746021271 0.589694619178772 0.597773492336273 0.605852365493774 0.613931238651276 0.618930101394653 0.622902274131775 0.626874506473541 0.630846679210663 0.634818851947784 0.638791024684906 0.642763197422028 0.647172629833221 0.652893602848053 0.658614575862885 0.664335548877716 0.670056521892548 0.675777494907379 0.681498467922211 0.687219500541687 0.690148413181305 0.6921466588974 0.694144904613495 0.69614315032959 0.698141396045685 0.70013964176178 0.70213782787323 0.703165173530579 0.701279640197754 0.699394106864929 0.697508573532104 0.69562304019928 0.693737506866455 0.69185197353363 0.689966440200806 0.68992668390274 0.690502166748047
0.513199269771576 0.52311098575592 0.53302264213562 0.542934358119965 0.552529990673065 0.561177611351013 0.569825232028961 0.578472852706909 0.587120473384857 0.595768094062805 0.604415714740753 0.613063335418701 0.618313670158386 0.622431576251984 0.626549482345581 0.630667328834534 0.634785234928131 0.638903141021729 0.643021047115326 0.647319197654724 0.652158200740814 0.65699714422226 0.661836087703705 0.66667503118515 0.67151403427124 0.676352977752686 0.681191921234131 0.684305906295776 0.686844944953918 0.689383924007416 0.691922903060913 0.694461941719055 0.697000920772552 0.69953989982605 0.701169908046722 0.700072884559631 0.69897586107254 0.697878777980804 0.696781754493713 0.695684731006622 0.694587647914886 0.693490624427795 0.693596124649048 0.69410252571106
0.511410474777222 0.520468175411224 0.529525876045227 0.53858357667923 0.547680914402008 0.556897282600403 0.566113650798798 0.575330018997192 0.584546327590942 0.593762695789337 0.602979063987732 0.612195432186127 0.617697238922119 0.621960818767548 0.626224458217621 0.630488038063049 0.634751677513123 0.639015257358551 0.643278896808624 0.647465825080872 0.651422739028931 0.655379712581635 0.659336626529694 0.663293600082397 0.667250514030457 0.671207427978516 0.67516440153122 0.678463459014893 0.681543231010437 0.684622943401337 0.687702715396881 0.690782487392426 0.69386225938797 0.69694197177887 0.699174702167511 0.698866128921509 0.698557555675507 0.698249042034149 0.697940468788147 0.697631895542145 0.697323322296143 0.697014808654785 0.697265625 0.697702944278717
0.513895750045776 0.522210896015167 0.530526101589203 0.538841247558594 0.547325730323792 0.556318283081055 0.565310835838318 0.574303388595581 0.583295941352844 0.592288494110107 0.601281046867371 0.610273599624634 0.615934610366821 0.620485126972198 0.625035583972931 0.629586100578308 0.634136617183685 0.638687074184418 0.643237590789795 0.64747941493988 0.65079540014267 0.654111325740814 0.657427251338959 0.660743176937103 0.664059162139893 0.667375087738037 0.670691013336182 0.673968136310577 0.677232265472412 0.680496394634247 0.683760583400726 0.687024712562561 0.690288841724396 0.693553030490875 0.696096301078796 0.696477115154266 0.696857929229736 0.697238743305206 0.697619557380676 0.698000371456146 0.698381185531616 0.698761999607086 0.699535429477692 0.700439691543579
0.520655274391174 0.528339266777039 0.536023318767548 0.543707370758057 0.551464438438416 0.559440612792969 0.567416846752167 0.57539302110672 0.583369255065918 0.591345489025116 0.599321663379669 0.607297897338867 0.613025844097137 0.618004381656647 0.622982919216156 0.62796151638031 0.632940053939819 0.637918591499329 0.642897129058838 0.647360026836395 0.650276005268097 0.653191983699799 0.6561079621315 0.659023940563202 0.661939859390259 0.66485583782196 0.667771816253662 0.670819938182831 0.673912107944489 0.677004277706146 0.680096447467804 0.683188617229462 0.686280786991119 0.689372956752777 0.691934823989868 0.692905902862549 0.69387698173523 0.69484806060791 0.695819139480591 0.696790218353271 0.697761237621307 0.698732316493988 0.700405538082123 0.70231282711029
0.527414739131927 0.53446763753891 0.541520535945892 0.54857349395752 0.555603086948395 0.562563002109528 0.569522857666016 0.576482713222504 0.583442568778992 0.59040242433548 0.597362339496613 0.604322195053101 0.610117077827454 0.61552369594574 0.620930314064026 0.626336872577667 0.631743490695953 0.63715010881424 0.642556667327881 0.64724063873291 0.649756669998169 0.652272641658783 0.654788613319397 0.657304644584656 0.65982061624527 0.662336647510529 0.664852619171143 0.667671740055084 0.670591950416565 0.673512160778046 0.676432311534882 0.679352521896362 0.682272672653198 0.685192883014679 0.68777334690094 0.689334690570831 0.690896034240723 0.692457318305969 0.694018661975861 0.695580005645752 0.697141289710999 0.69870263338089 0.701275646686554 0.704185903072357
0.534174263477325 0.540596008300781 0.547017812728882 0.553439617156982 0.559741795063019 0.565685331821442 0.571628868579865 0.577572405338287 0.583515882492065 0.589459419250488 0.595402956008911 0.601346492767334 0.60720831155777 0.613043010234833 0.618877649307251 0.624712288379669 0.630546927452087 0.63638162612915 0.642216265201569 0.647121250629425 0.649237275123596 0.651353299617767 0.653469324111938 0.65558534860611 0.657701373100281 0.659817397594452 0.661933422088623 0.664523601531982 0.667271792888641 0.6700199842453 0.672768175601959 0.675516426563263 0.678264617919922 0.681012809276581 0.683611869812012 0.685763478279114 0.687915027141571 0.690066635608673 0.69221818447113 0.694369792938232 0.69652134180069 0.698672950267792 0.702145755290985 0.706059038639069
0.540933728218079 0.546724379062653 0.552515029907227 0.558305740356445 0.563880503177643 0.568807661533356 0.573734879493713 0.578662037849426 0.583589196205139 0.588516414165497 0.59344357252121 0.598370730876923 0.604299604892731 0.610562264919281 0.616824984550476 0.623087704181671 0.629350423812866 0.635613083839417 0.641875803470612 0.64700186252594 0.648717880249023 0.650433957576752 0.65215003490448 0.653866052627563 0.655582129955292 0.657298147678375 0.659014225006104 0.661375403404236 0.663951635360718 0.6665278673172 0.669104099273682 0.671680331230164 0.674256503582001 0.676832735538483 0.679450392723083 0.682192206382751 0.684934079647064 0.687675893306732 0.6904177069664 0.693159580230713 0.695901393890381 0.698643267154694 0.703015923500061 0.70793217420578
0.547693192958832 0.552852749824524 0.558012306690216 0.563171863555908 0.568019211292267 0.571930050849915 0.575840890407562 0.57975172996521 0.583662569522858 0.587573349475861 0.591484189033508 0.595395028591156 0.601390838623047 0.608081579208374 0.614772319793701 0.621463119983673 0.628153860569 0.634844601154327 0.641535401344299 0.646882474422455 0.648198544979095 0.649514615535736 0.650830686092377 0.652146756649017 0.653462886810303 0.654778957366943 0.656095027923584 0.658227205276489 0.660631477832794 0.663035690784454 0.665439963340759 0.667844176292419 0.670248448848724 0.672652721405029 0.675288915634155 0.678620994091034 0.681953072547913 0.685285151004791 0.688617289066315 0.691949367523193 0.695281445980072 0.698613524436951 0.703886032104492 0.709805309772491
