data/working_set_collections/6091692-Cassins_Sparrow-M2/1980/gwetprof_avg.asc
NCOLS 265 
NROWS 230 
XLLCORNER -115.5625 
YLLCORNER 24.8333333333333 
CELLSIZE 0.0833333333333333 
NODATA_value -9999 
[rows 40 to 59 of 230, columns 0 to 43 of 265]
0.492739319801331 0.490874111652374 0.489008903503418 0.487143695354462 0.485278487205505 0.483413279056549 0.481548070907593 0.475271254777908 0.467523902654648 0.459776550531387 0.452029198408127 0.444281846284866 0.436534494161606 0.428787142038345 0.422479391098022 0.42049041390419 0.41850146651268 0.416512489318848 0.414523512125015 0.412534534931183 0.41054555773735 0.408556580543518 0.410431742668152 0.413594901561737 0.416758090257645 0.419921278953552 0.42308446764946 0.426247626543045 0.429410815238953 0.435970216989517 0.452718257904053 0.469466269016266 0.486214309930801 0.502962350845337 0.519710421562195 0.536458432674408 0.553206443786621 0.559942245483398 0.563340663909912 0.566739022731781 0.570137441158295 0.573535859584808 0.576934218406677 0.580332636833191
0.490704149007797 0.489645183086395 0.488586246967316 0.487527281045914 0.486468315124512 0.485409379005432 0.48435041308403 0.477800130844116 0.46941938996315 0.461038649082184 0.452657908201218 0.444277197122574 0.435896456241608 0.427515715360641 0.420761466026306 0.418886661529541 0.417011886835098 0.415137082338333 0.41326230764389 0.411387503147125 0.40951269865036 0.407637923955917 0.409265279769897 0.412060052156448 0.414854794740677 0.417649537324905 0.420444309711456 0.423239052295685 0.426033794879913 0.432527035474777 0.450115740299225 0.467704445123672 0.48529314994812 0.50288188457489 0.520470559597015 0.538059234619141 0.555647969245911 0.561950266361237 0.564490437507629 0.567030608654022 0.569570779800415 0.572110950946808 0.574651122093201 0.577191293239594
0.487717747688293 0.487294018268585 0.486870288848877 0.486446589231491 0.486022859811783 0.485599160194397 0.485175430774689 0.478811740875244 0.470468074083328 0.46212437748909 0.453780710697174 0.445437014102936 0.43709334731102 0.428749650716782 0.421984821557999 0.419956564903259 0.41792830824852 0.41590005159378 0.413871794939041 0.411843538284302 0.409815281629562 0.407787024974823 0.409199267625809 0.411758363246918 0.414317458868027 0.416876554489136 0.419435650110245 0.421994745731354 0.424553841352463 0.430756360292435 0.447889238595963 0.465022146701813 0.482155025005341 0.499287903308868 0.516420781612396 0.533553659915924 0.550686538219452 0.556831061840057 0.559312760829926 0.561794459819794 0.564276158809662 0.566757917404175 0.569239616394043 0.571721315383911
0.483780086040497 0.483820587396622 0.483861088752747 0.483901590108871 0.483942121267319 0.483982622623444 0.484023123979568 0.478306114673615 0.47066992521286 0.463033735752106 0.455397546291351 0.447761356830597 0.440125167369843 0.432488977909088 0.426149487495422 0.423700124025345 0.421250760555267 0.41880139708519 0.416352033615112 0.413902640342712 0.411453276872635 0.409003913402557 0.410233706235886 0.412689924240112 0.415146112442017 0.417602300643921 0.420058488845825 0.42251467704773 0.424970895051956 0.430658161640167 0.446038752794266 0.461419343948364 0.47679990530014 0.492180496454239 0.507561087608337 0.522941648960114 0.53832221031189 0.544584631919861 0.547807633876801 0.55103063583374 0.55425363779068 0.55747663974762 0.560699641704559 0.563922643661499
0.4798424243927 0.480347156524658 0.480851888656616 0.481356620788574 0.481861352920532 0.48236608505249 0.482870817184448 0.477800488471985 0.470871776342392 0.463943094015121 0.457014381885529 0.450085699558258 0.443156987428665 0.436228305101395 0.430314153432846 0.42744368314743 0.424573183059692 0.421702712774277 0.418832242488861 0.415961772203445 0.413091272115707 0.410220801830292 0.411268144845963 0.413621455430984 0.415974736213684 0.418328046798706 0.420681357383728 0.423034638166428 0.42538794875145 0.4305599629879 0.444188237190247 0.457816511392593 0.47144478559494 0.485073059797287 0.498701333999634 0.512329638004303 0.525957882404327 0.532338201999664 0.536302506923676 0.540266811847687 0.544231116771698 0.548195421695709 0.55215972661972 0.556124031543732
0.475904792547226 0.476873725652695 0.477842688560486 0.478811651468277 0.479780584573746 0.480749547481537 0.481718510389328 0.477294832468033 0.471073627471924 0.464852422475815 0.458631217479706 0.452410012483597 0.446188807487488 0.439967602491379 0.43447881937027 0.431187212467194 0.42789563536644 0.424604058265686 0.42131245136261 0.418020874261856 0.41472926735878 0.411437690258026 0.412302583456039 0.414552986621857 0.416803389787674 0.419053792953491 0.421304196119308 0.423554599285126 0.425805002450943 0.430461794137955 0.44233775138855 0.454213708639145 0.466089695692062 0.477965652942657 0.489841639995575 0.501717627048492 0.513593554496765 0.520091772079468 0.524797379970551 0.529502928256989 0.534208536148071 0.538914144039154 0.543619751930237 0.54832535982132
0.471967130899429 0.473400294780731 0.474833488464355 0.476266652345657 0.477699846029282 0.479133009910583 0.480566203594208 0.476789206266403 0.471275508403778 0.465761780738831 0.460248082876205 0.454734355211258 0.449220657348633 0.443706929683685 0.438643485307693 0.434930771589279 0.431218087673187 0.427505373954773 0.423792690038681 0.420079976320267 0.416367292404175 0.41265457868576 0.413337022066116 0.415484547615051 0.417632043361664 0.419779539108276 0.421927034854889 0.424074530601501 0.426222056150436 0.430363595485687 0.440487265586853 0.450610905885696 0.460734575986862 0.470858246088028 0.480981916189194 0.49110558629036 0.501229226589203 0.507845342159271 0.513292253017426 0.518739104270935 0.524186015129089 0.529632925987244 0.535079777240753 0.540526688098907
0.468029469251633 0.469926863908768 0.471824288368225 0.47372168302536 0.475619077682495 0.477516502141953 0.479413896799088 0.476283580064774 0.47147735953331 0.466671139001846 0.461864918470383 0.457058697938919 0.452252477407455 0.447446256875992 0.442808121442795 0.438674330711365 0.434540510177612 0.430406719446182 0.42627289891243 0.422139078378677 0.418005287647247 0.413871467113495 0.414371460676193 0.416416078805923 0.418460667133331 0.420505285263062 0.422549903392792 0.4245944917202 0.42663910984993 0.43026539683342 0.438636749982834 0.447008103132248 0.455379486083984 0.463750839233398 0.472122192382812 0.480493545532227 0.488864928483963 0.495598912239075 0.501787066459656 0.507975280284882 0.514163494110107 0.520351648330688 0.526539862155914 0.53272807598114
0.463292568922043 0.465424120426178 0.467555671930313 0.469687253236771 0.471818804740906 0.473950386047363 0.476081937551498 0.473507344722748 0.469364017248154 0.46522068977356 0.461077362298965 0.456934034824371 0.452790707349777 0.448647379875183 0.444468051195145 0.440180629491806 0.435893207788467 0.431605786085129 0.42731836438179 0.423030942678452 0.418743520975113 0.414456099271774 0.415332674980164 0.417930603027344 0.420528501272202 0.423126429319382 0.42572432756424 0.428322225809097 0.430920153856277 0.434596627950668 0.441508740186691 0.448420882225037 0.455333024263382 0.462245166301727 0.46915727853775 0.476069420576096 0.482981562614441 0.489272981882095 0.495357483625412 0.501442015171051 0.507526516914368 0.513611018657684 0.519695520401001 0.525780022144318
0.457756370306015 0.45989203453064 0.462027698755264 0.464163362979889 0.466298997402191 0.468434661626816 0.47057032585144 0.468460470438004 0.464935451745987 0.46141043305397 0.457885414361954 0.454360395669937 0.450835376977921 0.447310358285904 0.443623214960098 0.439449667930603 0.43527615070343 0.431102603673935 0.426929086446762 0.422755569219589 0.418582022190094 0.414408504962921 0.416220664978027 0.42002809047699 0.423835515975952 0.427642941474915 0.431450366973877 0.435257792472839 0.439065188169479 0.44335725903511 0.449103236198425 0.454849243164062 0.460595220327377 0.466341197490692 0.472087204456329 0.477833181619644 0.483579158782959 0.488867551088333 0.494003415107727 0.499139249324799 0.50427508354187 0.509410977363586 0.514546811580658 0.51968264579773
0.45222020149231 0.454359948635101 0.456499695777893 0.458639442920685 0.460779219865799 0.462918967008591 0.465058714151382 0.463413625955582 0.460506916046143 0.457600176334381 0.454693466424942 0.451786756515503 0.448880046606064 0.445973336696625 0.442778378725052 0.438718736171722 0.434659093618393 0.430599451065063 0.426539808511734 0.422480165958405 0.418420523405075 0.414360880851746 0.417108654975891 0.422125607728958 0.427142530679703 0.432159453630447 0.437176376581192 0.442193329334259 0.447210252285004 0.452117919921875 0.456697732210159 0.461277574300766 0.465857416391373 0.470437258481979 0.475017100572586 0.479596942663193 0.484176784753799 0.488462120294571 0.49264931678772 0.496836513280869 0.501023709774017 0.505210936069489 0.509398102760315 0.513585329055786
0.446684002876282 0.448827862739563 0.450971692800522 0.453115552663803 0.455259412527084 0.457403272390366 0.459547102451324 0.458366751670837 0.456078350543976 0.453789949417114 0.45150151848793 0.449213117361069 0.446924716234207 0.444636285305023 0.441933542490005 0.437987774610519 0.434042036533356 0.43009626865387 0.426150530576706 0.42220476269722 0.418259024620056 0.41431325674057 0.417996644973755 0.424223095178604 0.430449545383453 0.43667596578598 0.442902415990829 0.449128866195679 0.455355286598206 0.460878551006317 0.464292228221893 0.467705935239792 0.471119612455368 0.474533319473267 0.477946996688843 0.481360673904419 0.484774380922318 0.488056689500809 0.491295248270035 0.494533777236938 0.497772306203842 0.501010835170746 0.504249393939972 0.507487952709198
0.441147804260254 0.443295776844025 0.445443719625473 0.447591662406921 0.44973960518837 0.451887547969818 0.454035490751266 0.453319907188416 0.451649814844131 0.449979692697525 0.448309570550919 0.446639478206635 0.444969356060028 0.443299263715744 0.441088706254959 0.437256842851639 0.433424979448318 0.429593116044998 0.425761252641678 0.421929389238358 0.418097525835037 0.414265662431717 0.418884634971619 0.42632058262825 0.433756560087204 0.441192507743835 0.448628455400467 0.456064403057098 0.46350035071373 0.469639182090759 0.471886724233627 0.474134266376495 0.476381808519363 0.478629350662231 0.4808768928051 0.483124434947968 0.485371977090836 0.487651288509369 0.489941149950027 0.492231041193008 0.494520932435989 0.496810793876648 0.499100685119629 0.50139057636261
0.435611635446548 0.437763690948486 0.439915716648102 0.44206777215004 0.444219797849655 0.446371853351593 0.448523908853531 0.448273062705994 0.447221249341965 0.446169435977936 0.445117622613907 0.4440658390522 0.443014025688171 0.441962212324142 0.440243870019913 0.436525881290436 0.432807922363281 0.429089933633804 0.42537197470665 0.421653985977173 0.417935997247696 0.414218038320541 0.419772624969482 0.428418099880219 0.437063544988632 0.445709019899368 0.454354465007782 0.462999939918518 0.471645385026932 0.478399842977524 0.479481220245361 0.480562627315521 0.481644034385681 0.482725411653519 0.483806818723679 0.484888195991516 0.485969603061676 0.487245857715607 0.488587081432343 0.489928305149078 0.491269528865814 0.49261075258255 0.493951976299286 0.495293200016022
0.43103352189064 0.433194130659103 0.435354709625244 0.437515318393707 0.43967592716217 0.441836506128311 0.443997114896774 0.444064617156982 0.443434447050095 0.442804276943207 0.442174077033997 0.441543906927109 0.440913707017899 0.440283536911011 0.438894212245941 0.435227483510971 0.431560754776001 0.427894055843353 0.424227327108383 0.420560598373413 0.416893869638443 0.413227170705795 0.419288247823715 0.428591936826706 0.437895655632019 0.44719934463501 0.456503033638 0.465806722640991 0.475110411643982 0.482132762670517 0.482310980558395 0.482489228248596 0.482667446136475 0.482845693826675 0.483023911714554 0.483202159404755 0.483380377292633 0.484046041965485 0.484874159097672 0.485702276229858 0.486530393362045 0.487358510494232 0.488186627626419 0.489014744758606
0.427413463592529 0.429587095975876 0.4317606985569 0.433934330940247 0.436107933521271 0.438281565904617 0.440455168485641 0.440694630146027 0.440289407968521 0.439884155988693 0.439478904008865 0.43907368183136 0.438668429851532 0.438263177871704 0.437039732933044 0.433361619710922 0.429683536291122 0.426005423069 0.4223273396492 0.418649226427078 0.414971143007278 0.411293029785156 0.417431503534317 0.426842153072357 0.436252802610397 0.445663452148438 0.4550741314888 0.46448478102684 0.47389543056488 0.480837941169739 0.48037600517273 0.47991406917572 0.479452103376389 0.478990167379379 0.47852823138237 0.478066295385361 0.477604359388351 0.47805181145668 0.478802382946014 0.479552954435349 0.480303525924683 0.481054097414017 0.481804668903351 0.482555240392685
0.423793405294418 0.425980061292648 0.428166687488556 0.430353313684464 0.432539969682693 0.434726595878601 0.436913222074509 0.437324643135071 0.437144368886948 0.436964064836502 0.436783760786057 0.436603456735611 0.436423152685165 0.43624284863472 0.435185253620148 0.431495755910873 0.427806288003922 0.42411682009697 0.420427352190018 0.416737854480743 0.413048386573792 0.40935891866684 0.415574759244919 0.425092369318008 0.434609979391098 0.444127589464188 0.453645199537277 0.463162839412689 0.472680449485779 0.479543119668961 0.478440999984741 0.477338910102844 0.476236790418625 0.475134670734406 0.474032551050186 0.472930431365967 0.471828311681747 0.472057580947876 0.472730606794357 0.473403632640839 0.47407665848732 0.474749684333801 0.475422710180283 0.476095736026764
0.42017337679863 0.422373026609421 0.424572676420212 0.426772326231003 0.428971976041794 0.431171625852585 0.433371275663376 0.433954656124115 0.433999300003052 0.434043943881989 0.434088587760925 0.434133231639862 0.434177845716476 0.434222489595413 0.433330774307251 0.429629921913147 0.425929039716721 0.422228187322617 0.418527334928513 0.414826482534409 0.411125630140305 0.407424777746201 0.413717985153198 0.42334258556366 0.432967156171799 0.442591726779938 0.452216297388077 0.461840867996216 0.471465438604355 0.478248298168182 0.476506024599075 0.474763721227646 0.473021447658539 0.471279144287109 0.469536870718002 0.467794597148895 0.466052293777466 0.466063350439072 0.4666588306427 0.467254310846329 0.467849791049957 0.468445271253586 0.469040751457214 0.469636231660843
0.416553318500519 0.418765991926193 0.420978665351868 0.423191338777542 0.425403982400894 0.427616655826569 0.429829329252243 0.430584669113159 0.430854260921478 0.431123852729797 0.431393414735794 0.431663006544113 0.43193256855011 0.432202160358429 0.431476294994354 0.427764058113098 0.424051821231842 0.420339584350586 0.41662734746933 0.412915110588074 0.409202873706818 0.405490636825562 0.4118612408638 0.421592772006989 0.431324303150177 0.441055834293365 0.450787395238876 0.460518926382065 0.470250457525253 0.476953476667404 0.474571019411087 0.47218856215477 0.469806104898453 0.467423647642136 0.465041190385818 0.462658733129501 0.460276275873184 0.460069119930267 0.460587054491043 0.461104989051819 0.461622923612595 0.46214085817337 0.462658792734146 0.463176727294922
0.412933260202408 0.415158957242966 0.417384654283524 0.419610321521759 0.421836018562317 0.424061685800552 0.42628738284111 0.427214682102203 0.427709221839905 0.428203731775284 0.428698241710663 0.429192781448364 0.429687291383743 0.430181801319122 0.429621785879135 0.425898194313049 0.422174572944641 0.418450951576233 0.414727360010147 0.411003738641739 0.407280147075653 0.403556525707245 0.410004496574402 0.41984298825264 0.429681479930878 0.439519971609116 0.449358463287354 0.459196954965591 0.469035446643829 0.475658684968948 0.472636044025421 0.469613403081894 0.466590762138367 0.463568150997162 0.460545510053635 0.457522869110107 0.45450022816658 0.454074889421463 0.454515278339386 0.454955667257309 0.455396056175232 0.455836445093155 0.456276834011078 0.456717222929001
