data/working_set_collections/6091692-Cassins_Sparrow-M2/1980/gwetprof_avg.asc
NCOLS 265 
NROWS 230 
XLLCORNER -115.5625 
YLLCORNER 24.8333333333333 
CELLSIZE 0.0833333333333333 
NODATA_value -9999 
[rows 20 to 39 of 230, columns 88 to 131 of 265]
0.443219393491745 0.443735867738724 0.442231327295303 0.440726786851883 0.439222246408463 0.437717705965042 0.436213195323944 0.434708654880524 0.433204114437103 0.432355672121048 0.431725919246674 0.431096166372299 0.430466443300247 0.429836690425873 0.429206937551498 0.428577214479446 0.428593665361404 0.43054872751236 0.432503789663315 0.434458881616592 0.436413943767548 0.438369005918503 0.440324068069458 0.442279130220413 0.440832406282425 0.438251703977585 0.435671031475067 0.433090329170227 0.430509656667709 0.427928954362869 0.425348252058029 0.423133015632629 0.422014027833939 0.42089506983757 0.419776111841202 0.418657153844833 0.417538166046143 0.416419208049774 0.415300250053406 0.413629233837128 0.41177424788475 0.409919232130051 0.408064246177673 0.406209230422974
0.441147655248642 0.441623091697693 0.440496504306793 0.439369946718216 0.438243359327316 0.437116801738739 0.435990214347839 0.434863656759262 0.433737099170685 0.433126658201218 0.432688266038895 0.432249873876572 0.431811511516571 0.431373119354248 0.430934727191925 0.430496364831924 0.430658996105194 0.432624697685242 0.434590399265289 0.436556100845337 0.438521802425385 0.440487504005432 0.44245320558548 0.444418907165527 0.443046629428864 0.440561711788177 0.438076794147491 0.435591846704483 0.433106929063797 0.430622011423111 0.428137093782425 0.425918757915497 0.424500197172165 0.423081636428833 0.421663045883179 0.420244485139847 0.418825924396515 0.417407363653183 0.415988802909851 0.414082407951355 0.412013411521912 0.409944385290146 0.407875388860703 0.405806392431259
0.439075917005539 0.439510315656662 0.438761711120605 0.438013106584549 0.437264502048492 0.436515867710114 0.435767263174057 0.435018658638 0.434270054101944 0.433897644281387 0.433650612831116 0.433403581380844 0.433156579732895 0.432909548282623 0.432662516832352 0.43241548538208 0.432724297046661 0.434700638055801 0.436676979064941 0.438653320074081 0.440629661083221 0.442605972290039 0.444582313299179 0.446558654308319 0.445260882377625 0.44287171959877 0.440482556819916 0.438093394041061 0.435704231262207 0.433315068483353 0.430925905704498 0.428704500198364 0.426986336708069 0.425268173217773 0.423550009727478 0.421831846237183 0.420113682746887 0.418395519256592 0.416677355766296 0.41453555226326 0.41225254535675 0.409969568252563 0.407686561346054 0.405403554439545
0.437004178762436 0.437397539615631 0.437026888132095 0.43665623664856 0.436285614967346 0.43591496348381 0.435544312000275 0.435173690319061 0.434803038835526 0.434668630361557 0.434612959623337 0.434557288885117 0.434501647949219 0.434445977210999 0.434390306472778 0.434334635734558 0.434789627790451 0.436776608228683 0.438763558864594 0.440750539302826 0.442737519741058 0.444724470376968 0.446711450815201 0.448698401451111 0.447475105524063 0.44518169760704 0.44288831949234 0.440594911575317 0.438301533460617 0.436008125543594 0.433714747428894 0.431490242481232 0.429472476243973 0.427454710006714 0.425436943769455 0.423419207334518 0.42140144109726 0.419383674860001 0.417365908622742 0.414988726377487 0.412491708993912 0.409994721412659 0.407497733831406 0.40500071644783
0.435910135507584 0.436485350131989 0.436938971281052 0.437392592430115 0.4378462433815 0.438299864530563 0.438753485679626 0.43920710682869 0.439660757780075 0.439490765333176 0.439112901687622 0.438735038042068 0.438357204198837 0.437979340553284 0.43760147690773 0.437223613262177 0.43744096159935 0.439443856477737 0.441446781158447 0.443449676036835 0.445452570915222 0.447455495595932 0.449458390474319 0.451461315155029 0.450291067361832 0.448063105344772 0.445835143327713 0.443607181310654 0.441379219293594 0.439151287078857 0.436923325061798 0.434687584638596 0.432428538799286 0.430169492959976 0.427910447120667 0.425651431083679 0.42339238524437 0.42113333940506 0.41887429356575 0.416287481784821 0.413591414690018 0.410895347595215 0.40819925069809 0.405503183603287
0.43579375743866 0.436773747205734 0.438497960567474 0.440222144126892 0.441946357488632 0.443670570850372 0.445394784212112 0.447118997573853 0.44884318113327 0.448364049196243 0.447150439023972 0.4459368288517 0.44472324848175 0.443509638309479 0.442296028137207 0.441082417964935 0.440678268671036 0.442702412605286 0.444726586341858 0.446750730276108 0.448774874210358 0.45079904794693 0.45282319188118 0.454847365617752 0.45370876789093 0.451515913009644 0.449323058128357 0.44713020324707 0.444937348365784 0.442744493484497 0.440551668405533 0.438296526670456 0.435854524374008 0.43341252207756 0.430970519781113 0.428528517484665 0.426086515188217 0.423644512891769 0.421202510595322 0.418431848287582 0.415551632642746 0.412671387195587 0.409791171550751 0.406910955905914
0.435677409172058 0.43706214427948 0.440056920051575 0.443051725625992 0.446046501398087 0.449041277170181 0.452036052942276 0.455030858516693 0.458025634288788 0.457237333059311 0.455187976360321 0.453138619661331 0.451089292764664 0.449039936065674 0.446990579366684 0.444941252470016 0.443915575742722 0.445960968732834 0.448006391525269 0.450051784515381 0.452097177505493 0.454142600297928 0.45618799328804 0.458233386278152 0.457126438617706 0.454968690872192 0.452810972929001 0.450653225183487 0.448495477437973 0.446337729692459 0.444180011749268 0.441905468702316 0.43928050994873 0.436655551195145 0.434030592441559 0.431405633687973 0.428780674934387 0.426155716180801 0.423530757427216 0.420576214790344 0.417511850595474 0.414447456598282 0.411383092403412 0.40831869840622
0.435561060905457 0.437350541353226 0.441615909337997 0.445881277322769 0.450146645307541 0.45441198348999 0.458677351474762 0.462942719459534 0.467208087444305 0.466110587120056 0.463225513696671 0.460340410470963 0.457455337047577 0.454570233821869 0.451685130596161 0.448800057172775 0.447152882814407 0.449219554662704 0.451286196708679 0.453352838754654 0.455419480800629 0.457486152648926 0.4595527946949 0.461619436740875 0.460544139146805 0.458421498537064 0.456298857927322 0.454176247119904 0.452053606510162 0.449930965900421 0.447808355093002 0.445514380931854 0.44270646572113 0.439898550510406 0.437090635299683 0.434282720088959 0.431474804878235 0.428666889667511 0.425858974456787 0.422720581293106 0.419472068548203 0.416223526000977 0.412974983453751 0.409726470708847
0.435444682836533 0.437638968229294 0.44317489862442 0.448710829019547 0.454246759414673 0.459782689809799 0.465318650007248 0.470854580402374 0.476390510797501 0.474983870983124 0.47126305103302 0.467542201280594 0.46382138133049 0.460100531578064 0.456379681825638 0.452658861875534 0.450390219688416 0.452478110790253 0.45456600189209 0.456653892993927 0.458741784095764 0.460829704999924 0.462917596101761 0.465005487203598 0.463961809873581 0.461874306201935 0.459786772727966 0.457699239253998 0.455611735582352 0.453524202108383 0.451436668634415 0.449123322963715 0.446132451295853 0.443141579627991 0.440150707960129 0.437159806489944 0.434168934822083 0.431178063154221 0.428187191486359 0.424864947795868 0.421432286500931 0.417999595403671 0.414566904306412 0.411134213209152
0.435328334569931 0.43792736530304 0.44473385810852 0.451540380716324 0.458346903324127 0.465153425931931 0.471959918737411 0.478766441345215 0.485572963953018 0.483857154846191 0.479300558567047 0.474743992090225 0.470187425613403 0.465630829334259 0.461074262857437 0.456517666578293 0.453627526760101 0.455736666917801 0.4578458070755 0.4599549472332 0.4620640873909 0.464173227548599 0.466282397508621 0.468391537666321 0.467379510402679 0.465327084064484 0.46327468752861 0.461222261190414 0.459169864654541 0.457117438316345 0.455065011978149 0.452732264995575 0.449558436870575 0.446384578943253 0.443210750818253 0.440036922693253 0.436863094568253 0.433689266443253 0.43051540851593 0.427009344100952 0.423392504453659 0.419775664806366 0.416158825159073 0.41254198551178
0.436950206756592 0.43958905339241 0.447147637605667 0.454706251621246 0.462264835834503 0.46982342004776 0.477382004261017 0.484940618276596 0.492499202489853 0.490411847829819 0.485109180212021 0.479806512594223 0.474503844976425 0.469201177358627 0.463898509740829 0.458595842123032 0.455112129449844 0.457085311412811 0.459058523178101 0.461031705141068 0.463004887104034 0.464978098869324 0.466951280832291 0.468924462795258 0.467981427907944 0.466066300868988 0.46415114402771 0.462236016988754 0.460320889949799 0.458405762910843 0.456490635871887 0.454252690076828 0.451046288013458 0.447839915752411 0.444633543491364 0.441427171230316 0.438220769166946 0.435014396905899 0.431808024644852 0.42831027507782 0.424715429544449 0.421120584011078 0.417525738477707 0.413930892944336
0.440310329198837 0.442624062299728 0.45041623711586 0.458208382129669 0.466000556945801 0.473792731761932 0.481584906578064 0.489377081394196 0.497169256210327 0.494647979736328 0.488688856363297 0.482729762792587 0.476770669221878 0.470811545848846 0.464852452278137 0.458893358707428 0.454844027757645 0.456524074077606 0.458204120397568 0.459884136915207 0.461564183235168 0.46324422955513 0.464924275875092 0.466604322195053 0.465767562389374 0.464091897010803 0.46241620182991 0.46074053645134 0.459064841270447 0.457389175891876 0.455713480710983 0.453684598207474 0.45059609413147 0.447507560253143 0.444419056177139 0.441330522298813 0.438242018222809 0.435153514146805 0.432064980268478 0.428767830133438 0.425401121377945 0.422034412622452 0.418667703866959 0.415300995111465
0.443670451641083 0.445659041404724 0.45368480682373 0.461710542440414 0.469736307859421 0.477762043476105 0.485787808895111 0.493813544511795 0.501839280128479 0.498884081840515 0.492268532514572 0.485653012990952 0.479037463665009 0.472421944141388 0.465806394815445 0.459190845489502 0.454575926065445 0.455962806940079 0.457349717617035 0.458736598491669 0.460123479366302 0.461510390043259 0.462897270917892 0.464284151792526 0.463553726673126 0.462117493152618 0.460681259632111 0.459245026111603 0.457808792591095 0.45637258887291 0.454936355352402 0.453116536140442 0.450145870447159 0.447175204753876 0.444204568862915 0.441233903169632 0.438263267278671 0.435292601585388 0.432321965694427 0.429225355386734 0.426086783409119 0.422948211431503 0.419809639453888 0.416671067476273
0.447030603885651 0.448694050312042 0.456953376531601 0.46521270275116 0.473472028970718 0.481731355190277 0.489990681409836 0.498250007629395 0.506509363651276 0.503120183944702 0.49584823846817 0.488576263189316 0.481304287910461 0.474032312631607 0.466760337352753 0.459488362073898 0.454307824373245 0.455401569604874 0.456495314836502 0.457589030265808 0.458682775497437 0.459776520729065 0.460870265960693 0.461964011192322 0.461339861154556 0.460143089294434 0.458946317434311 0.457749545574188 0.456552773714066 0.455356001853943 0.45415922999382 0.452548444271088 0.449695646762848 0.446842879056931 0.443990081548691 0.441137284040451 0.438284486532211 0.435431718826294 0.432578921318054 0.429682910442352 0.426772475242615 0.423862010240555 0.420951575040817 0.41804113984108
0.450390726327896 0.451729029417038 0.460221946239471 0.468714863061905 0.477207750082016 0.485700666904449 0.494193583726883 0.502686500549316 0.511179387569427 0.507356286048889 0.499427914619446 0.49149951338768 0.483571112155914 0.475642681121826 0.46771427989006 0.459785878658295 0.454039722681046 0.454840302467346 0.455640912055969 0.45644149184227 0.457242071628571 0.458042681217194 0.458843261003494 0.459643840789795 0.459125995635986 0.458168685436249 0.457211375236511 0.456254035234451 0.455296725034714 0.454339414834976 0.453382074832916 0.451980352401733 0.449245423078537 0.446510523557663 0.443775594234467 0.44104066491127 0.438305735588074 0.435570806264877 0.432835876941681 0.430140435695648 0.427458137273788 0.424775838851929 0.422093540430069 0.419411242008209
0.453750848770142 0.454764038324356 0.463490515947342 0.47221702337265 0.480943500995636 0.489669978618622 0.498396456241608 0.507122933864594 0.515849411487579 0.511592447757721 0.503007590770721 0.494422763586044 0.485837906599045 0.477253079414368 0.468668222427368 0.460083395242691 0.453771620988846 0.454279065132141 0.454786509275436 0.455293923616409 0.455801367759705 0.456308811903 0.456816256046295 0.45732370018959 0.456912159919739 0.456194281578064 0.455476403236389 0.454758554697037 0.454040676355362 0.45332282781601 0.452604949474335 0.451412290334702 0.448795229196548 0.446178168058395 0.443561106920242 0.440944045782089 0.438326984643936 0.435709923505783 0.43309286236763 0.430597960948944 0.428143799304962 0.42568963766098 0.423235476016998 0.420781314373016
0.455811321735382 0.456493198871613 0.464769750833511 0.47304630279541 0.481322854757309 0.489599406719208 0.497875958681107 0.506152510643005 0.514429092407227 0.510233402252197 0.501880347728729 0.493527293205261 0.485174238681793 0.476821154356003 0.468468099832535 0.460115045309067 0.453937858343124 0.454288303852081 0.454638719558716 0.454989165067673 0.45533961057663 0.455690026283264 0.456040471792221 0.456390887498856 0.455880224704742 0.455082505941391 0.45428478717804 0.453487038612366 0.452689319849014 0.451891601085663 0.451093882322311 0.449852734804153 0.447281360626221 0.444709956645966 0.44213855266571 0.439567178487778 0.436995774507523 0.434424370527267 0.431852966547012 0.429311871528625 0.426780879497528 0.424249887466431 0.421718865633011 0.419187873601913
0.456572115421295 0.456916481256485 0.464059591293335 0.471202701330185 0.478345811367035 0.485488921403885 0.492632061243057 0.499775171279907 0.506918251514435 0.503279268741608 0.496046185493469 0.488813102245331 0.481580048799515 0.474346965551376 0.46711391210556 0.459880828857422 0.454538434743881 0.454868018627167 0.45519757270813 0.455527156591415 0.455856740474701 0.456186324357986 0.456515908241272 0.456845492124557 0.45603021979332 0.454833328723907 0.453636437654495 0.452439576387405 0.451242685317993 0.450045794248581 0.448848903179169 0.447301775217056 0.444703847169876 0.442105889320374 0.439507961273193 0.436910033226013 0.434312105178833 0.431714177131653 0.429116249084473 0.42628213763237 0.423369318246841 0.420456528663635 0.417543709278107 0.414630889892578
0.457332938909531 0.45733979344368 0.463349461555481 0.469359129667282 0.475368797779083 0.481378465890884 0.487388134002686 0.493397802114487 0.499407470226288 0.496325105428696 0.490212023258209 0.484098941087723 0.477985858917236 0.47187277674675 0.465759694576263 0.459646612405777 0.455138981342316 0.45544770359993 0.455756425857544 0.45606517791748 0.456373900175095 0.456682622432709 0.456991344690323 0.457300066947937 0.456180214881897 0.454584151506424 0.452988117933273 0.451392084360123 0.44979602098465 0.448199987411499 0.446603924036026 0.444750785827637 0.442126303911209 0.439501851797104 0.436877369880676 0.434252917766571 0.431628435850143 0.429003983736038 0.426379501819611 0.423252403736115 0.419957786798477 0.41666316986084 0.41336852312088 0.410073906183243
0.458093732595444 0.457763075828552 0.462639302015305 0.467515528202057 0.472391754388809 0.477268010377884 0.482144236564636 0.487020462751389 0.491896688938141 0.489370942115784 0.484377831220627 0.479384750127792 0.474391669034958 0.469398587942123 0.464405506849289 0.459412395954132 0.455739557743073 0.456027418375015 0.45631530880928 0.456603169441223 0.456891030073166 0.457178890705109 0.457466781139374 0.457754641771317 0.456330209970474 0.454335004091263 0.452339798212051 0.45034459233284 0.448349356651306 0.446354150772095 0.444358944892883 0.442199796438217 0.439548790454865 0.436897784471512 0.434246778488159 0.431595772504807 0.428944796323776 0.426293790340424 0.423642784357071 0.420222699642181 0.416546255350113 0.412869811058044 0.409193336963654 0.405516892671585
