data/working_set_collections/6091692-Cassins_Sparrow-M2/1980/gwetroot_avg.asc
NCOLS 265 
NROWS 230 
XLLCORNER -115.5625 
YLLCORNER 24.8333333333333 
CELLSIZE 0.0833333333333333 
NODATA_value -9999 
[rows 0 to 19 of 230, columns 88 to 131 of 265]
0.47868150472641 0.476728409528732 0.472344666719437 0.467960894107819 0.463577121496201 0.459193378686905 0.454809606075287 0.450425863265991 0.446042090654373 0.445278763771057 0.445722252130508 0.44616574048996 0.446609199047089 0.44705268740654 0.447496175765991 0.447939664125443 0.449257522821426 0.45319852232933 0.457139492034912 0.461080491542816 0.465021461248398 0.468962460756302 0.472903430461884 0.476844429969788 0.474703967571259 0.470536351203918 0.466368764638901 0.462201148271561 0.458033561706543 0.453865945339203 0.449698358774185 0.446596473455429 0.446691691875458 0.446786940097809 0.44688218832016 0.446977406740189 0.44707265496254 0.447167873382568 0.447263121604919 0.447405636310577 0.447563916444778 0.44772219657898 0.447880476713181 0.448038756847382
0.467515051364899 0.46561923623085 0.462266623973846 0.458914041519165 0.455561429262161 0.45220884680748 0.448856234550476 0.445503652095795 0.442151069641113 0.441896945238113 0.442675679922104 0.443454414606094 0.444233149290085 0.445011883974075 0.445790618658066 0.446569353342056 0.448046505451202 0.451618820428848 0.455191135406494 0.45876345038414 0.462335765361786 0.465908110141754 0.4694804251194 0.473052740097046 0.471050918102264 0.467191070318222 0.46333122253418 0.459471374750137 0.455611526966095 0.451751679182053 0.44789183139801 0.444976598024368 0.444895207881927 0.444813817739487 0.444732427597046 0.444651037454605 0.444569647312164 0.444488257169724 0.444406867027283 0.444699317216873 0.445116370916367 0.44553342461586 0.445950478315353 0.446367532014847
0.456348598003387 0.454510033130646 0.452188611030579 0.449867188930511 0.447545737028122 0.445224314928055 0.442902892827988 0.440581470727921 0.438260018825531 0.438515156507492 0.439629137516022 0.440743118524551 0.441857099533081 0.442971110343933 0.444085091352463 0.445199072360992 0.446835488080978 0.450039118528366 0.453242778778076 0.456446439027786 0.459650099277496 0.462853759527206 0.466057419776917 0.469261050224304 0.467397898435593 0.463845789432526 0.460293680429459 0.456741601228714 0.453189492225647 0.44963738322258 0.446085274219513 0.443356692790985 0.443098694086075 0.442840665578842 0.442582666873932 0.442324638366699 0.442066639661789 0.441808611154556 0.441550582647324 0.441992968320847 0.442668795585632 0.443344622850418 0.444020479917526 0.444696307182312
0.445182144641876 0.443400859832764 0.442110598087311 0.440820306539536 0.439530044794083 0.43823978304863 0.436949521303177 0.435659259557724 0.434368997812271 0.435133367776871 0.43658259510994 0.438031822443008 0.439481049776077 0.440930306911469 0.442379534244537 0.443828761577606 0.445624440908432 0.448459446430206 0.451294422149658 0.454129427671432 0.456964403390884 0.459799408912659 0.462634384632111 0.465469390153885 0.463744878768921 0.460500508546829 0.45725616812706 0.454011797904968 0.450767457485199 0.447523087263107 0.444278746843338 0.441736817359924 0.441302180290222 0.44086754322052 0.440432906150818 0.439998269081116 0.439563602209091 0.439128965139389 0.438694328069687 0.43928661942482 0.44022125005722 0.441155850887299 0.442090451717377 0.443025082349777
0.434015691280365 0.432291656732559 0.432032555341721 0.431773453950882 0.431514352560043 0.431255251169205 0.430996149778366 0.430737048387527 0.430477946996689 0.431751549243927 0.433536052703857 0.435320526361465 0.437105000019073 0.438889503479004 0.440673977136612 0.442458480596542 0.444413423538208 0.446879744529724 0.44934606552124 0.451812416315079 0.454278737306595 0.456745058298111 0.459211379289627 0.461677700281143 0.460091829299927 0.457155227661133 0.454218626022339 0.451282024383545 0.448345422744751 0.445408821105957 0.442472219467163 0.440116941928864 0.43950566649437 0.438894420862198 0.438283145427704 0.43767186999321 0.437060594558716 0.436449319124222 0.43583807349205 0.436580300331116 0.437773674726486 0.438967078924179 0.44016045331955 0.441353857517242
0.422849237918854 0.421182483434677 0.421954542398453 0.422726601362228 0.423498660326004 0.424270749092102 0.425042808055878 0.425814867019653 0.426586925983429 0.428369760513306 0.430489480495453 0.432609230279922 0.43472895026207 0.436848700046539 0.438968449831009 0.441088169813156 0.443202406167984 0.445300072431564 0.447397708892822 0.449495375156403 0.451593041419983 0.453690707683563 0.455788373947144 0.457886040210724 0.456438809633255 0.453809946775436 0.451181083917618 0.448552250862122 0.445923388004303 0.443294525146484 0.440665692090988 0.438497066497803 0.437709182500839 0.436921268701553 0.43613338470459 0.435345470905304 0.43455758690834 0.433769702911377 0.432981789112091 0.433873951435089 0.435326129198074 0.436778277158737 0.438230454921722 0.439682632684708
0.419095784425735 0.417326807975769 0.418315708637238 0.419304639101028 0.420293539762497 0.421282440423965 0.422271341085434 0.423260271549225 0.424249172210693 0.426243782043457 0.428573608398438 0.430903434753418 0.433233290910721 0.435563117265701 0.437892943620682 0.440222799777985 0.442396402359009 0.444101274013519 0.445806175470352 0.447511076927185 0.449215948581696 0.450920850038528 0.452625751495361 0.454330652952194 0.452937066555023 0.450510650873184 0.448084235191345 0.445657819509506 0.443231403827667 0.440804988145828 0.438378572463989 0.436370134353638 0.435615718364716 0.434861302375793 0.434106886386871 0.433352470397949 0.432598024606705 0.431843608617783 0.43108919262886 0.432241141796112 0.434028506278992 0.435815900564194 0.437603294849396 0.439390659332275
0.422755300998688 0.42072468996048 0.42111611366272 0.42150753736496 0.4218989610672 0.42229038476944 0.42268180847168 0.423073261976242 0.423464685678482 0.425373613834381 0.427788406610489 0.430203169584274 0.432617962360382 0.435032725334167 0.437447518110275 0.439862310886383 0.44199538230896 0.443283408880234 0.444571435451508 0.445859462022781 0.447147488594055 0.448435515165329 0.449723541736603 0.451011568307877 0.449586600065231 0.447257310152054 0.444928020238876 0.442598730325699 0.440269440412521 0.437940150499344 0.435610860586166 0.433736205101013 0.433225333690643 0.432714492082596 0.432203650474548 0.431692808866501 0.431181937456131 0.430671095848083 0.430160254240036 0.43168181180954 0.433880865573883 0.436079889535904 0.438278943300247 0.44047799706459
0.42641481757164 0.424122542142868 0.42391648888588 0.423710435628891 0.423504382371902 0.423298329114914 0.423092275857925 0.422886222600937 0.422680199146271 0.424503475427628 0.42700320482254 0.429502904415131 0.432002633810043 0.434502363204956 0.437002092599869 0.439501821994781 0.441594392061234 0.442465543746948 0.443336695432663 0.444207847118378 0.445078998804092 0.445950150489807 0.446821302175522 0.447692453861237 0.446236133575439 0.444003969430923 0.441771805286407 0.439539670944214 0.437307506799698 0.435075342655182 0.432843178510666 0.431102246046066 0.430834978818893 0.430567681789398 0.430300414562225 0.430033147335052 0.429765850305557 0.429498583078384 0.429231315851212 0.43112251162529 0.433733195066452 0.436343908309937 0.438954591751099 0.441565304994583
0.430074334144592 0.427520394325256 0.426716864109039 0.425913333892822 0.425109803676605 0.424306273460388 0.423502743244171 0.422699213027954 0.421895682811737 0.423633307218552 0.426217973232269 0.428802639245987 0.431387305259705 0.433971971273422 0.43655663728714 0.43914133310318 0.441193401813507 0.441647678613663 0.442101955413818 0.442556232213974 0.44301050901413 0.443464815616608 0.443919092416763 0.444373369216919 0.442885667085648 0.440750628709793 0.438615620136261 0.436480581760406 0.434345543384552 0.43221053481102 0.430075496435165 0.428468286991119 0.428444594144821 0.428420871496201 0.428397178649902 0.428373485803604 0.428349763154984 0.428326070308685 0.428302347660065 0.43056321144104 0.433585554361343 0.436607897281647 0.439630270004272 0.442652612924576
0.433733850717545 0.430918246507645 0.429517239332199 0.428116232156754 0.426715224981308 0.425314217805862 0.423913210630417 0.422512203454971 0.421111196279526 0.422763168811798 0.425432771444321 0.428102374076843 0.430772006511688 0.433441609144211 0.436111211776733 0.438780844211578 0.440792381763458 0.440829813480377 0.440867215394974 0.44090461730957 0.440942049026489 0.440979450941086 0.441016882658005 0.441054284572601 0.439535200595856 0.437497317790985 0.435459405183792 0.433421492576599 0.431383609771729 0.429345697164536 0.427307784557343 0.425834327936172 0.426054209470749 0.426274061203003 0.426493942737579 0.426713824272156 0.42693367600441 0.427153557538986 0.42737340927124 0.430003881454468 0.433437883853912 0.436871916055679 0.440305918455124 0.443739920854568
0.437393367290497 0.434316128492355 0.432317644357681 0.430319160223007 0.428320676088333 0.426322162151337 0.424323678016663 0.422325193881989 0.420326709747314 0.421893000602722 0.424647569656372 0.4274021089077 0.43015667796135 0.432911217212677 0.435665786266327 0.438420355319977 0.440391391515732 0.440011948347092 0.439632475376129 0.439253032207489 0.438873559236526 0.438494116067886 0.438114643096924 0.437735199928284 0.436184734106064 0.434243977069855 0.432303190231323 0.430362433195114 0.428421646356583 0.426480889320374 0.424540102481842 0.423200398683548 0.423663824796677 0.424127280712128 0.424590706825256 0.425054132938385 0.425517588853836 0.425981014966965 0.426444470882416 0.429444581270218 0.433290243148804 0.43713590502739 0.440981566905975 0.444827228784561
0.440461128950119 0.43754717707634 0.435215502977371 0.432883828878403 0.430552184581757 0.428220510482788 0.42588883638382 0.423557192087173 0.421225517988205 0.422488182783127 0.424948930740356 0.427409678697586 0.429870456457138 0.432331204414368 0.43479198217392 0.437252730131149 0.438995540142059 0.438584536314011 0.438173532485962 0.437762528657913 0.437351524829865 0.436940521001816 0.436529517173767 0.436118513345718 0.434418141841888 0.432288020849228 0.430157870054245 0.428027749061584 0.425897598266602 0.423767477273941 0.421637326478958 0.420156031847 0.42062121629715 0.421086430549622 0.421551614999771 0.422016829252243 0.422482013702393 0.422947198152542 0.423412412405014 0.426255077123642 0.429890275001526 0.433525443077087 0.437160611152649 0.440795809030533
0.442937195301056 0.440611392259598 0.438210844993591 0.435810297727585 0.433409780263901 0.431009232997894 0.428608685731888 0.426208168268204 0.423807621002197 0.424548655748367 0.426336884498596 0.428125113248825 0.429913312196732 0.43170154094696 0.433489769697189 0.435277998447418 0.436604857444763 0.436547636985779 0.436490386724472 0.436433166265488 0.436375916004181 0.436318695545197 0.43626144528389 0.436204224824905 0.434235423803329 0.431629419326782 0.429023444652557 0.426417469978333 0.423811465501785 0.42120549082756 0.418599486351013 0.416701287031174 0.41692641377449 0.417151540517807 0.417376697063446 0.417601823806763 0.417826950550079 0.418052107095718 0.418277233839035 0.420435428619385 0.423237979412079 0.426040500402451 0.428843051195145 0.431645601987839
0.44541323184967 0.443675607442856 0.441206187009811 0.438736766576767 0.436267375946045 0.433797955513 0.431328535079956 0.428859144449234 0.42638972401619 0.426609128713608 0.427724808454514 0.428840517997742 0.429956197738647 0.431071877479553 0.432187587022781 0.433303266763687 0.434214174747467 0.434510707855225 0.434807240962982 0.43510377407074 0.43540033698082 0.435696870088577 0.435993403196335 0.436289936304092 0.43405270576477 0.430970847606659 0.42788901925087 0.424807161092758 0.421725332736969 0.418643474578857 0.415561646223068 0.413246542215347 0.413231611251831 0.413216680288315 0.413201749324799 0.413186848163605 0.413171917200089 0.413156986236572 0.413142055273056 0.414615780115128 0.416585683822632 0.418555587530136 0.42052549123764 0.422495394945145
0.447889268398285 0.446739822626114 0.444201529026031 0.441663235425949 0.439124971628189 0.436586678028107 0.434048384428024 0.431510090827942 0.428971827030182 0.428669601678848 0.429112762212753 0.429555922746658 0.429999083280563 0.430442243814468 0.430885374546051 0.431328535079956 0.431823492050171 0.432473808526993 0.433124095201492 0.433774411678314 0.434424728155136 0.435075044631958 0.435725331306458 0.436375647783279 0.433869957923889 0.430312275886536 0.42675456404686 0.423196882009506 0.41963917016983 0.416081488132477 0.412523806095123 0.409791767597198 0.409536778926849 0.409281820058823 0.409026831388474 0.408771842718124 0.408516854047775 0.408261865377426 0.408006906509399 0.408796101808548 0.409933358430862 0.411070644855499 0.412207901477814 0.413345187902451
0.450365304946899 0.449804037809372 0.447196871042252 0.444589704275131 0.441982567310333 0.439375400543213 0.436768233776093 0.434161067008972 0.431553930044174 0.430730104446411 0.430500715970993 0.430271327495575 0.430041968822479 0.429812580347061 0.429583191871643 0.429353803396225 0.429432809352875 0.430436879396439 0.431440949440002 0.432445049285889 0.433449119329453 0.434453219175339 0.435457289218903 0.436461359262466 0.43368723988533 0.42965367436409 0.425620138645172 0.421586602926254 0.417553037405014 0.413519501686096 0.409485936164856 0.406337022781372 0.40584197640419 0.405346930027008 0.404851883649826 0.404356867074966 0.403861820697784 0.403366774320602 0.40287172794342 0.402976453304291 0.403281062841415 0.403585702180862 0.403890341520309 0.404194980859756
0.452841341495514 0.45286825299263 0.450192213058472 0.447516173124313 0.444840162992477 0.442164123058319 0.439488083124161 0.436812043190002 0.434136033058167 0.432790577411652 0.431888669729233 0.430986732244492 0.430084824562073 0.429182916879654 0.428281009197235 0.427379071712494 0.427042096853256 0.428399950265884 0.429757803678513 0.431115657091141 0.432473540306091 0.43383139371872 0.435189247131348 0.436547100543976 0.433504492044449 0.428995102643967 0.424485713243484 0.41997629404068 0.415466904640198 0.410957485437393 0.406448096036911 0.402882277965546 0.402147173881531 0.401412069797516 0.400676965713501 0.399941861629486 0.399206757545471 0.398471653461456 0.397736549377441 0.397156774997711 0.396628767251968 0.396100759506226 0.395572781562805 0.395044773817062
0.453097730875015 0.453424781560898 0.450923204421997 0.448421657085419 0.445920079946518 0.443418502807617 0.440916925668716 0.438415348529816 0.435913771390915 0.434417247772217 0.433255702257156 0.432094186544418 0.430932641029358 0.42977112531662 0.428609579801559 0.427448064088821 0.426966309547424 0.428523927927017 0.43008154630661 0.431639164686203 0.433196783065796 0.434754401445389 0.436312019824982 0.437869638204575 0.43470823764801 0.429973810911179 0.425239384174347 0.420504987239838 0.415770560503006 0.411036133766174 0.406301707029343 0.402496576309204 0.4014792740345 0.400461971759796 0.39944463968277 0.398427337408066 0.397410035133362 0.396392732858658 0.395375430583954 0.39434203505516 0.39330330491066 0.392264574766159 0.391225844621658 0.390187114477158
0.451134473085403 0.451473653316498 0.44938987493515 0.447306096553802 0.445222318172455 0.443138539791107 0.44105476140976 0.438970983028412 0.436887204647064 0.435610085725784 0.434601843357086 0.43359363079071 0.432585418224335 0.431577175855637 0.430568963289261 0.429560720920563 0.429205387830734 0.430808782577515 0.432412147521973 0.434015512466431 0.435618907213211 0.437222272157669 0.438825637102127 0.440429031848907 0.43729841709137 0.432589799165726 0.427881211042404 0.423172622919083 0.418464004993439 0.413755416870117 0.409046798944473 0.40517994761467 0.403838276863098 0.402496606111526 0.401154965162277 0.399813294410706 0.398471623659134 0.397129982709885 0.395788311958313 0.394532233476639 0.39330467581749 0.392077147960663 0.390849590301514 0.389622032642365
