data/working_set_collections/6091692-Cassins_Sparrow-M2/1980/gwetroot_avg.asc
NCOLS 265 
NROWS 230 
XLLCORNER -115.5625 
YLLCORNER 24.8333333333333 
CELLSIZE 0.0833333333333333 
NODATA_value -9999 
[rows 60 to 79 of 230, columns 220 to 263 of 265]
0.448851555585861 0.451893001794815 0.454934448003769 0.457975894212723 0.4618339240551 0.468141704797745 0.47444948554039 0.480757236480713 0.487065017223358 0.493372768163681 0.499680548906326 0.505988299846649 0.517791271209717 0.531425952911377 0.545060634613037 0.558695316314697 0.572329998016357 0.585964679718018 0.599599361419678 0.610229730606079 0.611847102642059 0.613464534282684 0.615081906318665 0.616699278354645 0.618316650390625 0.619934022426605 0.621551394462585 0.623184084892273 0.624821901321411 0.626459658145905 0.628097474575043 0.629735231399536 0.63137298822403 0.633010804653168 0.634911596775055 0.637601494789124 0.640291333198547 0.642981231212616 0.645671129226685 0.648360967636108 0.651050865650177 0.653740763664246 0.65808916091919 0.66299045085907
0.448051601648331 0.451223790645599 0.454395979642868 0.457568198442459 0.461549997329712 0.46796065568924 0.474371284246445 0.480781942605972 0.4871926009655 0.493603259325027 0.500013887882233 0.50642454624176 0.518237888813019 0.531852185726166 0.545466423034668 0.559080719947815 0.572694957256317 0.586309254169464 0.599923491477966 0.610588312149048 0.612404763698578 0.614221215248108 0.616037607192993 0.617854058742523 0.619670510292053 0.621486961841583 0.623303413391113 0.625110328197479 0.626914143562317 0.62871789932251 0.630521655082703 0.63232547044754 0.634129226207733 0.635933041572571 0.63796728849411 0.640693068504333 0.643418848514557 0.64614462852478 0.648870468139648 0.651596248149872 0.654322028160095 0.657047808170319 0.661107420921326 0.665611743927002
0.447251617908478 0.450554579496384 0.453857511281967 0.457160472869873 0.461266070604324 0.467779576778412 0.474293112754822 0.480806648731232 0.487320184707642 0.493833720684052 0.500347256660461 0.506860792636871 0.518684566020966 0.53227835893631 0.545872211456299 0.559466063976288 0.573059916496277 0.586653769016266 0.600247621536255 0.610946893692017 0.612962365150452 0.614977896213531 0.616993367671967 0.619008898735046 0.621024370193481 0.623039901256561 0.625055372714996 0.627036571502686 0.629006385803223 0.630976140499115 0.632945954799652 0.634915709495544 0.636885464191437 0.638855278491974 0.64102303981781 0.643784701824188 0.646546363830566 0.649308085441589 0.652069747447968 0.65483146905899 0.657593131065369 0.660354852676392 0.664125740528107 0.668233036994934
0.446451634168625 0.449885338544846 0.453319042921066 0.456752747297287 0.460982114076614 0.467598527669907 0.474214941263199 0.480831354856491 0.487447768449783 0.494064182043076 0.500680565834045 0.507296979427338 0.519131183624268 0.532704591751099 0.54627799987793 0.559851467609406 0.573424875736237 0.586998283863068 0.600571751594543 0.611305415630341 0.61352002620697 0.615734577178955 0.61794912815094 0.620163679122925 0.62237823009491 0.624592781066895 0.626807391643524 0.628962814807892 0.631098628044128 0.63323438167572 0.635370194911957 0.637505948543549 0.63964170217514 0.641777515411377 0.644078731536865 0.646876335144043 0.649673938751221 0.652471482753754 0.655269086360931 0.658066689968109 0.660864293575287 0.663661897182465 0.667144000530243 0.670854330062866
0.445651680231094 0.44921612739563 0.452780574560165 0.456345021724701 0.460698187351227 0.467417478561401 0.474136769771576 0.48085606098175 0.487575352191925 0.4942946434021 0.501013934612274 0.507733225822449 0.51957780122757 0.533130824565887 0.546683847904205 0.560236811637878 0.573789834976196 0.587342858314514 0.600895822048187 0.611663997173309 0.614077627658844 0.616491258144379 0.618904888629913 0.621318519115448 0.623732089996338 0.626145720481873 0.628559350967407 0.630889058113098 0.633190870285034 0.635492622852325 0.637794375419617 0.640096187591553 0.642397940158844 0.644699692726135 0.64713442325592 0.649967908859253 0.65280145406723 0.655634939670563 0.658468425273895 0.661301910877228 0.664135456085205 0.666968941688538 0.670162320137024 0.673475623130798
0.444851696491241 0.448546916246414 0.452242106199265 0.455937296152115 0.460414260625839 0.467236429452896 0.474058598279953 0.48088076710701 0.487702935934067 0.494525104761124 0.501347303390503 0.50816947221756 0.520024418830872 0.533556997776031 0.547089636325836 0.560622215270996 0.574154794216156 0.587687373161316 0.601219952106476 0.612022578716278 0.614635229110718 0.617247939109802 0.619860589504242 0.622473299503326 0.625085949897766 0.627698659896851 0.63031131029129 0.632815361022949 0.63528311252594 0.637750864028931 0.640218615531921 0.642686426639557 0.645154178142548 0.647621929645538 0.650190114974976 0.653059542179108 0.65592896938324 0.658798336982727 0.661667764186859 0.664537191390991 0.667406558990479 0.670275986194611 0.67318058013916 0.67609691619873
0.446380734443665 0.449370324611664 0.452359914779663 0.455349504947662 0.459329515695572 0.466280788183212 0.47323203086853 0.480183303356171 0.487134546041489 0.494085818529129 0.501037061214447 0.507988333702087 0.519927144050598 0.533528387546539 0.547129690647125 0.560730993747711 0.574332296848297 0.587933540344238 0.601534843444824 0.612416744232178 0.615140497684479 0.617864191532135 0.620587944984436 0.623311638832092 0.626035332679749 0.62875908613205 0.631482779979706 0.634241580963135 0.637012124061584 0.639782607555389 0.642553091049194 0.645323574542999 0.648094117641449 0.650864601135254 0.653766393661499 0.657062113285065 0.660357892513275 0.663653612136841 0.666949331760406 0.670245051383972 0.673540771007538 0.676836550235748 0.679780006408691 0.682606041431427
0.450238794088364 0.451686412096024 0.453134030103683 0.454581648111343 0.45744401216507 0.46455055475235 0.47165709733963 0.478763669729233 0.485870212316513 0.492976784706116 0.500083327293396 0.507189869880676 0.51928585767746 0.533044993877411 0.546804070472717 0.560563206672668 0.574322283267975 0.588081419467926 0.601840555667877 0.612846553325653 0.615593314170837 0.618340015411377 0.621086776256561 0.623833537101746 0.626580238342285 0.62932699918747 0.632073760032654 0.635167896747589 0.638377845287323 0.641587793827057 0.644797801971436 0.648007750511169 0.651217699050903 0.654427647590637 0.657863259315491 0.661975741386414 0.666088223457336 0.670200645923615 0.674313127994537 0.67842561006546 0.682538092136383 0.686650574207306 0.689960539340973 0.693002998828888
0.454096853733063 0.454002499580383 0.453908145427704 0.453813791275024 0.455558478832245 0.462820321321487 0.47008216381073 0.477344036102295 0.484605878591537 0.49186772108078 0.499129563570023 0.506391406059265 0.518644571304321 0.532561540603638 0.546478450298309 0.560395419597626 0.574312329292297 0.588229238986969 0.602146208286285 0.613276362419128 0.616046130657196 0.618815898895264 0.621585607528687 0.624355375766754 0.627125144004822 0.629894912242889 0.632664680480957 0.636094212532043 0.639743626117706 0.643393039703369 0.647042453289032 0.650691866874695 0.654341280460358 0.65799069404602 0.661960065364838 0.666889309883118 0.671818494796753 0.676747739315033 0.681676983833313 0.686606168746948 0.691535413265228 0.696464598178864 0.700141072273254 0.703399896621704
0.457954913377762 0.456318587064743 0.454682260751724 0.453045904636383 0.45367294549942 0.461090087890625 0.468507260084152 0.475924402475357 0.483341544866562 0.490758687257767 0.498175829648972 0.505592942237854 0.518003344535828 0.532078087329865 0.546152830123901 0.560227572917938 0.57430237531662 0.588377118110657 0.602451860904694 0.613706111907959 0.616498947143555 0.619291722774506 0.622084498405457 0.624877274036407 0.627670049667358 0.630462884902954 0.633255660533905 0.637020468711853 0.641109347343445 0.645198225975037 0.649287104606628 0.65337598323822 0.657464861869812 0.661553740501404 0.666056931018829 0.671802878379822 0.677548825740814 0.683294832706451 0.689040780067444 0.694786727428436 0.700532674789429 0.706278681755066 0.710321605205536 0.713796854019165
0.461812973022461 0.458634674549103 0.455456346273422 0.452278047800064 0.451787441968918 0.459359884262085 0.466932326555252 0.474504768848419 0.482077181339264 0.489649623632431 0.497222065925598 0.504794538021088 0.517362058162689 0.531594634056091 0.545827209949493 0.560059785842896 0.574292361736298 0.5885249376297 0.602757513523102 0.614135921001434 0.616951763629913 0.619767546653748 0.622583329677582 0.625399172306061 0.628214955329895 0.631030797958374 0.633846580982208 0.637946784496307 0.642475128173828 0.647003471851349 0.65153181552887 0.65606015920639 0.660588502883911 0.665116846561432 0.670153737068176 0.676716446876526 0.683279156684875 0.689841866493225 0.696404576301575 0.702967286109924 0.709529995918274 0.716092705726624 0.720502138137817 0.724193811416626
0.46567103266716 0.46095073223114 0.456230461597443 0.451510190963745 0.449901908636093 0.457629650831223 0.465357393026352 0.473085105419159 0.480812847614288 0.488540589809418 0.496268332004547 0.503996074199677 0.516720771789551 0.531111180782318 0.545501589775085 0.559891998767853 0.57428240776062 0.588672816753387 0.603063225746155 0.61456573009491 0.617404580116272 0.62024337053299 0.623082220554352 0.625921070575714 0.628759860992432 0.631598711013794 0.634437561035156 0.638873100280762 0.643840909004211 0.648808658123016 0.653776466846466 0.658744275569916 0.663712084293365 0.668679893016815 0.674250602722168 0.68163001537323 0.689009487628937 0.696388959884644 0.703768372535706 0.711147844791412 0.718527317047119 0.725906729698181 0.730682671070099 0.734590768814087
0.467019200325012 0.461918592453003 0.456817984580994 0.451717376708984 0.44981586933136 0.457511812448502 0.465207725763321 0.47290363907814 0.480599582195282 0.488295495510101 0.495991408824921 0.50368732213974 0.516495645046234 0.531008064746857 0.545520544052124 0.560032963752747 0.574545383453369 0.589057862758636 0.603570282459259 0.615112006664276 0.617741703987122 0.620371401309967 0.623001098632812 0.625630736351013 0.628260433673859 0.630890130996704 0.63351982831955 0.638229727745056 0.643633008003235 0.649036347866058 0.654439628124237 0.659842908382416 0.665246248245239 0.670649528503418 0.676744639873505 0.684915125370026 0.693085610866547 0.701256155967712 0.709426641464233 0.717597126960754 0.725767612457275 0.733938097953796 0.738392770290375 0.741608738899231
0.46585750579834 0.461538195610046 0.457218885421753 0.45289957523346 0.45152935385704 0.4590063393116 0.466483354568481 0.473960340023041 0.481437355279922 0.488914340734482 0.496391326189041 0.503868341445923 0.516686618328094 0.531285285949707 0.545884013175964 0.560482680797577 0.57508134841919 0.589680075645447 0.604278743267059 0.615774869918823 0.617963254451752 0.620151579380035 0.622339963912964 0.624528348445892 0.626716673374176 0.628905057907104 0.631093442440033 0.636016666889191 0.641851544380188 0.64768636226654 0.653521239757538 0.659356117248535 0.665190935134888 0.671025812625885 0.677635908126831 0.686571776866913 0.69550758600235 0.704443454742432 0.713379263877869 0.72231513261795 0.731250941753387 0.740186810493469 0.743632376194 0.745247781276703
0.464695811271667 0.46115779876709 0.457619816064835 0.454081803560257 0.453242808580399 0.46050089597702 0.46775895357132 0.475017040967941 0.482275128364563 0.489533185958862 0.496791273355484 0.504049360752106 0.516877591609955 0.531562507152557 0.546247482299805 0.560932397842407 0.57561731338501 0.590302288532257 0.60498720407486 0.616437673568726 0.618184745311737 0.619931817054749 0.621678829193115 0.623425900936127 0.625172913074493 0.626919984817505 0.628666996955872 0.633803606033325 0.640070021152496 0.646336436271667 0.652602851390839 0.65886926651001 0.665135681629181 0.671402096748352 0.678527235984802 0.688228368759155 0.697929561138153 0.707630753517151 0.717331945896149 0.727033138275146 0.736734330654144 0.746435463428497 0.748871982097626 0.748886823654175
0.463534116744995 0.460777431726456 0.458020716905594 0.455264031887054 0.454956293106079 0.461995422840118 0.46903458237648 0.476073741912842 0.483112901449203 0.490152031183243 0.497191190719604 0.504230320453644 0.51706850528717 0.531839728355408 0.546610891819 0.561382114887238 0.576153337955475 0.590924501419067 0.605695724487305 0.617100536823273 0.618406236171722 0.619711995124817 0.621017694473267 0.622323453426361 0.623629152774811 0.624934911727905 0.626240611076355 0.63159054517746 0.638288497924805 0.644986510276794 0.651684463024139 0.658382415771484 0.665080428123474 0.671778380870819 0.679418504238129 0.689885020256042 0.700351536273956 0.71081805229187 0.721284627914429 0.731751143932343 0.742217659950256 0.75268417596817 0.754111588001251 0.752525866031647
0.462372422218323 0.460397034883499 0.458421647548676 0.45644623041153 0.456669747829437 0.463489979505539 0.470310211181641 0.477130442857742 0.483950674533844 0.490770876407623 0.497591108083725 0.504411339759827 0.517259478569031 0.532116949558258 0.546974360942841 0.561831831932068 0.576689302921295 0.591546714305878 0.606404185295105 0.617763340473175 0.618627786636353 0.619492173194885 0.620356619358063 0.621221005916595 0.622085392475128 0.622949838638306 0.623814225196838 0.629377484321594 0.636507034301758 0.643636524677277 0.65076607465744 0.657895624637604 0.665025115013123 0.672154664993286 0.680309772491455 0.69154167175293 0.70277351140976 0.714005410671234 0.725237250328064 0.736469149589539 0.747700989246368 0.758932888507843 0.759351193904877 0.756164968013763
0.46121072769165 0.460016638040543 0.458822548389435 0.457628458738327 0.458383202552795 0.464984506368637 0.471585810184479 0.478187143802643 0.484788447618484 0.491389751434326 0.497991055250168 0.50459235906601 0.517450451850891 0.532394170761108 0.547337830066681 0.562281548976898 0.577225267887115 0.592168927192688 0.607112646102905 0.618426203727722 0.618849277496338 0.619272351264954 0.619695484638214 0.62011855840683 0.620541632175446 0.620964765548706 0.621387839317322 0.627164423465729 0.634725511074066 0.642286598682404 0.649847686290741 0.657408773899078 0.664969861507416 0.672530949115753 0.681201040744781 0.693198263645172 0.705195486545563 0.717192709445953 0.729189932346344 0.741187155246735 0.75318431854248 0.765181541442871 0.764590799808502 0.759804010391235
0.458832681179047 0.458230674266815 0.457628667354584 0.457026660442352 0.458240061998367 0.464899718761444 0.471559375524521 0.478219032287598 0.484878689050674 0.491538345813751 0.498198002576828 0.504857659339905 0.517760694026947 0.532744944095612 0.547729134559631 0.562713325023651 0.577697575092316 0.592681765556335 0.607666015625 0.619058430194855 0.61967545747757 0.620292484760284 0.620909571647644 0.621526598930359 0.622143626213074 0.622760713100433 0.623377740383148 0.62936532497406 0.637143135070801 0.644920945167542 0.652698695659637 0.660476505756378 0.668254256248474 0.676032066345215 0.684850811958313 0.696792304515839 0.708733856678009 0.72067540884018 0.73261696100235 0.74455851316452 0.756500005722046 0.768441557884216 0.767035126686096 0.761179447174072
0.455238282680511 0.455039143562317 0.4548399746418 0.454640835523605 0.456240296363831 0.463235586881638 0.470230847597122 0.477226138114929 0.484221398830414 0.491216689348221 0.498211950063705 0.505207240581512 0.518190264701843 0.533169269561768 0.548148274421692 0.563127219676971 0.578106224536896 0.59308522939682 0.6080641746521 0.619660019874573 0.621106266975403 0.622552573680878 0.623998820781708 0.625445127487183 0.626891374588013 0.628337681293488 0.629783928394318 0.635980248451233 0.643759846687317 0.651539504528046 0.65931910276413 0.667098760604858 0.674878418445587 0.682658016681671 0.69125896692276 0.702323794364929 0.713388681411743 0.724453508853912 0.735518336296082 0.746583223342896 0.757648050785065 0.768712878227234 0.766684293746948 0.760291278362274
