data/working_set_collections/6091692-Cassins_Sparrow-M2/1980/gwetprof_avg.asc
NCOLS 265 
NROWS 230 
XLLCORNER -115.5625 
YLLCORNER 24.8333333333333 
CELLSIZE 0.0833333333333333 
NODATA_value -9999 
[rows 40 to 59 of 230, columns 44 to 87 of 265]
0.583053886890411 0.583743810653687 0.584433794021606 0.585123717784882 0.585813641548157 0.586503624916077 0.587193548679352 0.587883472442627 0.58391410112381 0.578391551971436 0.572869062423706 0.567346572875977 0.561824023723602 0.556301534175873 0.550778985023499 0.543121576309204 0.52905923128128 0.514996945858002 0.500934600830078 0.486872285604477 0.472809970378876 0.458747655153275 0.444685339927673 0.444545656442642 0.449046850204468 0.453548043966293 0.458049237728119 0.462550431489944 0.46705162525177 0.471552819013596 0.474874049425125 0.474655479192734 0.474436908960342 0.474218338727951 0.473999738693237 0.473781168460846 0.473562598228455 0.473344027996063 0.471685498952866 0.469547003507614 0.467408508062363 0.465270012617111 0.46313151717186 0.460993051528931
0.57942795753479 0.580754220485687 0.582080483436584 0.583406746387482 0.584733009338379 0.586059272289276 0.587385535240173 0.58871179819107 0.585870802402496 0.581640720367432 0.577410638332367 0.573180556297302 0.568950474262238 0.564720392227173 0.560490310192108 0.553371787071228 0.537587881088257 0.521803915500641 0.50602000951767 0.490236073732376 0.474452167749405 0.458668231964111 0.442884296178818 0.442645013332367 0.447587251663208 0.452529489994049 0.45747172832489 0.462413966655731 0.467356204986572 0.472298443317413 0.475956201553345 0.475760519504547 0.47556483745575 0.475369155406952 0.475173503160477 0.474977821111679 0.474782139062881 0.474586457014084 0.472879499197006 0.470668822526932 0.468458116054535 0.46624743938446 0.464036732912064 0.461826056241989
0.574033617973328 0.575837790966034 0.577641904354095 0.579446077346802 0.581250250339508 0.58305436372757 0.584858536720276 0.586662709712982 0.584492087364197 0.580996572971344 0.577500998973846 0.574005484580994 0.570509970188141 0.567014455795288 0.56351888179779 0.55672299861908 0.540025889873505 0.523328840732574 0.506631731987 0.489934653043747 0.473237574100494 0.456540495157242 0.439843416213989 0.439249038696289 0.444022238254547 0.448795437812805 0.453568637371063 0.458341836929321 0.463115036487579 0.467888236045837 0.471524447202682 0.471749633550644 0.471974849700928 0.472200065851212 0.472425252199173 0.472650468349457 0.472875654697418 0.473100870847702 0.471580326557159 0.469477862119675 0.467375427484512 0.465272963047028 0.463170498609543 0.461068034172058
0.566870808601379 0.568994462490082 0.571118056774139 0.573241710662842 0.575365364551544 0.577488958835602 0.579612612724304 0.581736207008362 0.579778015613556 0.576459109783173 0.573140263557434 0.569821417331696 0.566502511501312 0.563183665275574 0.55986475944519 0.553175210952759 0.536373436450958 0.519571602344513 0.502769827842712 0.485968053340912 0.469166249036789 0.452364474534988 0.435562700033188 0.434357792139053 0.43835186958313 0.442345917224884 0.446339994668961 0.450334072113037 0.454328119754791 0.458322197198868 0.461578756570816 0.462622821331024 0.463666915893555 0.464710980653763 0.465755045413971 0.466799139976501 0.46784320473671 0.468887269496918 0.467787951231003 0.465974181890488 0.46416038274765 0.462346613407135 0.460532814264297 0.458719044923782
0.559707999229431 0.56215113401413 0.564594209194183 0.567037343978882 0.569480419158936 0.571923553943634 0.574366629123688 0.576809763908386 0.57506388425827 0.571921706199646 0.568779468536377 0.565637290477753 0.562495052814484 0.559352874755859 0.556210696697235 0.549627423286438 0.532720923423767 0.515814423561096 0.498907923698425 0.482001423835754 0.465094923973083 0.448188453912735 0.431281954050064 0.429466515779495 0.43268147110939 0.435896396636963 0.439111322164536 0.442326277494431 0.445541203022003 0.448756128549576 0.45163306593895 0.453496009111404 0.455358982086182 0.457221925258636 0.459084868431091 0.460947811603546 0.462810754776001 0.464673697948456 0.463995605707169 0.462470471858978 0.46094536781311 0.459420263767242 0.457895129919052 0.456370025873184
0.552545189857483 0.555307805538177 0.558070361614227 0.560832977294922 0.563595533370972 0.566358149051666 0.569120705127716 0.571883320808411 0.570349812507629 0.567384243011475 0.564418733119965 0.56145316362381 0.5584876537323 0.555522084236145 0.552556574344635 0.546079576015472 0.529068410396576 0.512057185173035 0.495046019554138 0.478034794330597 0.461023598909378 0.444012403488159 0.42700120806694 0.42457526922226 0.427011072635651 0.429446876049042 0.431882679462433 0.434318482875824 0.436754286289215 0.439190089702606 0.441687405109406 0.444369226694107 0.447051018476486 0.449732840061188 0.452414661645889 0.455096483230591 0.45777827501297 0.460460096597672 0.460203230381012 0.458966791629791 0.457730352878571 0.456493884325027 0.455257445573807 0.454021006822586
0.545382380485535 0.548464477062225 0.551546514034271 0.554628610610962 0.557710647583008 0.560792684555054 0.563874781131744 0.56695681810379 0.565635681152344 0.562846839427948 0.560057938098907 0.557269036769867 0.554480195045471 0.551691293716431 0.548902451992035 0.542531788349152 0.525415897369385 0.508300006389618 0.491184085607529 0.474068194627762 0.456952273845673 0.439836382865906 0.422720491886139 0.419684022665024 0.421340674161911 0.422997355461121 0.42465403676033 0.426310688257217 0.427967369556427 0.429624050855637 0.431741714477539 0.435242414474487 0.438743084669113 0.442243784666061 0.445744454860687 0.449245125055313 0.452745825052261 0.456246495246887 0.456410855054855 0.455463081598282 0.454515308141708 0.453567534685135 0.452619761228561 0.45167201757431
0.538219571113586 0.541621148586273 0.545022666454315 0.548424184322357 0.551825761795044 0.555227279663086 0.558628857135773 0.562030375003815 0.560921609401703 0.558309376239777 0.555697202682495 0.553084969520569 0.550472736358643 0.547860503196716 0.545248329639435 0.538984000682831 0.521763384342194 0.504542768001556 0.487322181463242 0.470101565122604 0.452880948781967 0.435660362243652 0.418439745903015 0.414792746305466 0.415670275688171 0.416547834873199 0.417425364255905 0.418302923440933 0.419180452823639 0.420057982206345 0.421796023845673 0.426115602254868 0.43043515086174 0.434754699468613 0.439074248075485 0.443393796682358 0.447713375091553 0.452032923698425 0.452618479728699 0.451959371566772 0.451300293207169 0.450641185045242 0.449982076883316 0.449322998523712
0.531432509422302 0.535788953304291 0.540145397186279 0.544501841068268 0.548858284950256 0.5532146692276 0.557571113109589 0.561927556991577 0.560136675834656 0.556296646595001 0.552456676959991 0.548616707324982 0.544776678085327 0.540936708450317 0.537096679210663 0.5301753282547 0.514009833335876 0.497844308614731 0.481678813695908 0.465513318777084 0.449347794055939 0.433182299137115 0.417016804218292 0.413725942373276 0.414726674556732 0.415727406740189 0.416728138923645 0.417728841304779 0.418729573488235 0.419730305671692 0.42167741060257 0.426463723182678 0.431250065565109 0.436036378145218 0.440822690725327 0.445609003305435 0.450395345687866 0.455181658267975 0.45550063252449 0.454330503940582 0.453160405158997 0.451990276575089 0.45082014799118 0.449650019407272
0.525021255016327 0.530967950820923 0.536914706230164 0.542861461639404 0.548808157444 0.554754912853241 0.560701608657837 0.566648364067078 0.563280880451202 0.556808650493622 0.550336480140686 0.543864250183105 0.537392020225525 0.530919790267944 0.524447560310364 0.516105771064758 0.502155184745789 0.488204598426819 0.474253982305527 0.460303395986557 0.446352809667587 0.432402223348618 0.418451607227325 0.416483640670776 0.418509840965271 0.420536071062088 0.422562301158905 0.4245885014534 0.426614731550217 0.428640931844711 0.431385844945908 0.436286836862564 0.441187828779221 0.446088790893555 0.450989782810211 0.455890774726868 0.460791736841202 0.465692728757858 0.465057343244553 0.462576478719711 0.460095643997192 0.457614779472351 0.455133944749832 0.452653110027313
0.518609941005707 0.5261470079422 0.533684015274048 0.541221082210541 0.548758089542389 0.556295096874237 0.56383216381073 0.571369171142578 0.566425085067749 0.557320654392242 0.548216223716736 0.539111793041229 0.530007362365723 0.520902931690216 0.51179850101471 0.502036213874817 0.490300536155701 0.478564858436584 0.466829180717468 0.455093502998352 0.443357795476913 0.431622117757797 0.419886440038681 0.419241309165955 0.42229300737381 0.425344735383987 0.428396463394165 0.43144816160202 0.434499889612198 0.437551587820053 0.441094279289246 0.446109920740128 0.45112556219101 0.456141203641891 0.461156874895096 0.466172516345978 0.47118815779686 0.476203799247742 0.474614024162292 0.47082245349884 0.467030882835388 0.463239312171936 0.459447741508484 0.455656170845032
0.512198686599731 0.521326005458832 0.530453324317932 0.539580643177032 0.548708021640778 0.557835340499878 0.566962659358978 0.576089978218079 0.56956934928894 0.557832658290863 0.54609602689743 0.534359335899353 0.52262270450592 0.510886013507843 0.499149352312088 0.487966686487198 0.478445887565613 0.46892511844635 0.459404349327087 0.449883580207825 0.440362811088562 0.430842041969299 0.421321272850037 0.421998977661133 0.426076203584671 0.430153399705887 0.434230625629425 0.438307821750641 0.442385017871857 0.446462243795395 0.450802713632584 0.455933034420013 0.461063325405121 0.466193646192551 0.471323937177658 0.476454257965088 0.481584548950195 0.486714869737625 0.484170705080032 0.479068428277969 0.473966121673584 0.468863844871521 0.463761538267136 0.45865923166275
0.505787372589111 0.516505002975464 0.527222633361816 0.537940263748169 0.548657894134521 0.559375524520874 0.570093154907227 0.580810785293579 0.572713553905487 0.558344662189484 0.54397577047348 0.529606878757477 0.515238046646118 0.500869154930115 0.486500263214111 0.473897129297256 0.466591268777847 0.459285408258438 0.451979547739029 0.44467368721962 0.437367826700211 0.430061966180801 0.422756105661392 0.424756646156311 0.42985936999321 0.434962064027786 0.440064758062363 0.445167481899261 0.450270175933838 0.455372899770737 0.460511147975922 0.465756118297577 0.471001088619232 0.476246058940887 0.481491029262543 0.486735999584198 0.491980969905853 0.497225940227509 0.493727415800095 0.487314403057098 0.48090136051178 0.474488347768784 0.468075335025787 0.461662322282791
0.499376088380814 0.511684000492096 0.523991942405701 0.536299884319305 0.54860782623291 0.560915768146515 0.57322371006012 0.585531651973724 0.575857758522034 0.558856666088104 0.541855573654175 0.524854481220245 0.507853329181671 0.490852236747742 0.473851144313812 0.459827572107315 0.454736620187759 0.449645668268204 0.444554716348648 0.439463764429092 0.434372812509537 0.429281860589981 0.424190938472748 0.427514344453812 0.433642536401749 0.439770728349686 0.445898920297623 0.452027142047882 0.458155333995819 0.464283525943756 0.47021958231926 0.475579231977463 0.480938851833344 0.486298471689224 0.491658121347427 0.497017741203308 0.502377390861511 0.50773698091507 0.503284096717834 0.495560348033905 0.487836629152298 0.480112880468369 0.472389131784439 0.46466538310051
0.49270960688591 0.505004644393921 0.517299711704254 0.529594779014587 0.541889846324921 0.554184854030609 0.566479921340942 0.578774988651276 0.56883704662323 0.551488101482391 0.534139215946198 0.516790270805359 0.499441355466843 0.482092410326004 0.464743494987488 0.450796127319336 0.447053372859955 0.443310618400574 0.439567863941193 0.435825139284134 0.432082384824753 0.428339630365372 0.424596905708313 0.428671568632126 0.435352027416229 0.442032516002655 0.448712974786758 0.455393463373184 0.462073922157288 0.468754410743713 0.475145608186722 0.480668962001801 0.486192345619202 0.491715729236603 0.497239083051682 0.50276243686676 0.508285820484161 0.513809204101562 0.509149670600891 0.50109589099884 0.493042051792145 0.484988212585449 0.476934403181076 0.46888056397438
0.485787928104401 0.496466904878616 0.507145881652832 0.51782488822937 0.528503894805908 0.539182901382446 0.54986184835434 0.560540854930878 0.551651358604431 0.53623902797699 0.520826697349548 0.505414366722107 0.490002006292343 0.474589675664902 0.459177315235138 0.446802765130997 0.443541496992111 0.440280258655548 0.437018990516663 0.4337577521801 0.430496513843536 0.427235245704651 0.423974007368088 0.428228348493576 0.434987872838974 0.441747397184372 0.44850692152977 0.455266445875168 0.462025970220566 0.468785494565964 0.475289195775986 0.481025367975235 0.486761569976807 0.492497771978378 0.49823397397995 0.503970146179199 0.509706377983093 0.515442550182343 0.511324167251587 0.503920912742615 0.496517658233643 0.48911440372467 0.481711149215698 0.474307894706726
0.478866249322891 0.487929165363312 0.496992111206055 0.506055057048798 0.515117943286896 0.524180889129639 0.533243834972382 0.542306780815125 0.534465670585632 0.520989894866943 0.507514178752899 0.49403840303421 0.480562657117844 0.467086911201477 0.453611135482788 0.442809402942657 0.44002965092659 0.437249898910522 0.434470117092133 0.431690365076065 0.428910613059998 0.42613086104393 0.423351109027863 0.427785098552704 0.434623688459396 0.441462278366089 0.448300838470459 0.455139428377151 0.461978018283844 0.468816578388214 0.47543278336525 0.481381803750992 0.487330824136734 0.493279844522476 0.499228835105896 0.505177855491638 0.51112687587738 0.517075896263123 0.513498663902283 0.506745934486389 0.49999326467514 0.493240565061569 0.48648789525032 0.479735195636749
0.471944570541382 0.479391425848007 0.486838281154633 0.49428516626358 0.501732051372528 0.509178876876831 0.516625761985779 0.524072647094727 0.517279982566833 0.505740821361542 0.49420166015625 0.482662469148636 0.471123307943344 0.459584146738052 0.448044985532761 0.438816040754318 0.436517775058746 0.434219509363174 0.431921243667603 0.429623007774353 0.427324742078781 0.425026476383209 0.422728210687637 0.427341878414154 0.434259504079819 0.441177159547806 0.44809478521347 0.455012410879135 0.4619300365448 0.468847662210464 0.475576370954514 0.481738209724426 0.487900048494339 0.494061887264252 0.500223755836487 0.506385564804077 0.512547433376312 0.518709242343903 0.515673100948334 0.509571015834808 0.503468871116638 0.49736675620079 0.49126461148262 0.485162496566772
0.46502286195755 0.470853686332703 0.476684480905533 0.482515305280685 0.488346099853516 0.494176924228668 0.500007688999176 0.505838513374329 0.500094294548035 0.490491718053818 0.480889141559601 0.471286535263062 0.461683958768845 0.452081382274628 0.442478805780411 0.434822678565979 0.433005899190903 0.431189149618149 0.429372370243073 0.427555620670319 0.425738871097565 0.423922091722488 0.422105342149734 0.426898658275604 0.433895349502563 0.4408920109272 0.44788870215416 0.454885393381119 0.461882084608078 0.468878775835037 0.475719958543777 0.482094615697861 0.488469272851944 0.494843930006027 0.501218616962433 0.507593274116516 0.513967931270599 0.520342588424683 0.51784759759903 0.512396037578583 0.506944477558136 0.501492917537689 0.496041357517242 0.490589797496796
0.458101183176041 0.462315946817398 0.466530680656433 0.470745414495468 0.474960178136826 0.479174911975861 0.483389675617218 0.487604409456253 0.482908606529236 0.475242614746094 0.467576622962952 0.459910601377487 0.452244609594345 0.444578617811203 0.436912626028061 0.43082931637764 0.429494053125381 0.428158789873123 0.426823496818542 0.425488233566284 0.424152970314026 0.422817707061768 0.421482443809509 0.426455438137054 0.433531165122986 0.440606892108917 0.447682648897171 0.454758375883102 0.461834132671356 0.468909859657288 0.475863546133041 0.482451021671295 0.489038497209549 0.495626002550125 0.502213478088379 0.508800983428955 0.515388488769531 0.521975934505463 0.520022094249725 0.515221059322357 0.510420083999634 0.50561910867691 0.500818133354187 0.496017128229141
