data/working_set_collections/6091692-Cassins_Sparrow-M2/1980/hflux_avg.asc
NCOLS 265 
NROWS 230 
XLLCORNER -115.5625 
YLLCORNER 24.8333333333333 
CELLSIZE 0.0833333333333333 
NODATA_value -9999 
[rows 160 to 179 of 230, columns 92 to 137 of 265]
64.836555480957 64.6966323852539 64.5567092895508 64.4167861938477 64.2768630981445 63.8502960205078 63.328182220459 62.8060646057129 62.2839508056641 61.761833190918 61.2397193908691 60.717601776123 60.5194664001465 61.293270111084 62.0670738220215 62.840877532959 63.6146812438965 64.3884887695312 65.1622924804688 65.9360961914062 66.1370086669922 66.1469650268555 66.1569137573242 66.1668701171875 66.1768188476562 66.1867752075195 66.1967239379883 66.2677917480469 66.5222091674805 66.7766265869141 67.0310440063477 67.2854537963867 67.5398712158203 67.7942886352539 68.0487060546875 68.3345336914062 68.6308441162109 68.9271469116211 69.2234573364258 69.5197601318359 69.8160629272461 70.1123733520508 70.2729110717773 70.0261535644531 69.7793960571289 69.5326309204102
64.5860748291016 64.3589324951172 64.1317977905273 63.9046516418457 63.6775093078613 63.4167823791504 63.1448593139648 62.872932434082 62.6010093688965 62.3290863037109 62.0571632385254 61.7852363586426 61.7495193481445 62.422420501709 63.0953216552734 63.7682228088379 64.4411239624023 65.1140213012695 65.7869262695312 66.4598236083984 66.5539627075195 66.4551773071289 66.3563919067383 66.2576065063477 66.158821105957 66.0600357055664 65.9612503051758 65.9644927978516 66.2738037109375 66.583122253418 66.8924407958984 67.2017593383789 67.5110778808594 67.8203964233398 68.1297149658203 68.4857940673828 68.8574676513672 69.2291412353516 69.6008148193359 69.9724884033203 70.3441619873047 70.7158355712891 70.9458847045898 70.7510757446289 70.5562591552734 70.361442565918
64.3342132568359 64.0185699462891 63.7029266357422 63.3872871398926 63.0716438293457 62.9330863952637 62.8535499572754 62.7740173339844 62.6944847106934 62.6149520874023 62.5354194641113 62.4558868408203 62.5476989746094 63.1535530090332 63.7594032287598 64.3652572631836 64.9711074829102 65.5769653320312 66.1828155517578 66.7886657714844 66.8094863891602 66.6352844238281 66.4610900878906 66.2868957519531 66.1127014160156 65.9385070800781 65.7643051147461 65.7243118286133 66.0869293212891 66.4495468139648 66.8121566772461 67.1747741699219 67.5373916625977 67.9000015258789 68.2626190185547 68.6650695800781 69.0807952880859 69.4965209960938 69.9122543334961 70.3279800415039 70.7437057495117 71.1594390869141 71.4303588867188 71.2668838500977 71.1034088134766 70.9399337768555
64.0809555053711 63.6755294799805 63.2701110839844 62.864688873291 62.4592666625977 62.3992042541504 62.4542617797852 62.5093193054199 62.5643768310547 62.6194343566895 62.6744918823242 62.729549407959 62.914005279541 63.4866638183594 64.059326171875 64.6319808959961 65.2046432495117 65.7772979736328 66.3499603271484 66.9226226806641 66.9035720825195 66.6872940063477 66.4710159301758 66.2547378540039 66.038459777832 65.8221817016602 65.6059036254883 65.5472717285156 65.9615783691406 66.3758850097656 66.7901916503906 67.2044982910156 67.6188049316406 68.0331115722656 68.4474182128906 68.8723526000977 69.3008193969727 69.7292938232422 70.1577606201172 70.5862350463867 71.0147018432617 71.4431686401367 71.7263412475586 71.5735931396484 71.4208450317383 71.2681045532227
63.827693939209 63.3324928283691 62.8372917175293 62.3420906066895 61.8468894958496 61.8653221130371 62.0549697875977 62.2446174621582 62.4342651367188 62.6239128112793 62.8135604858398 63.0032081604004 63.2803115844727 63.8197784423828 64.359245300293 64.8987121582031 65.4381713867188 65.9776382446289 66.5171051025391 67.0565719604492 66.9976654052734 66.7393035888672 66.4809417724609 66.2225799560547 65.9642181396484 65.7058563232422 65.4474945068359 65.3702239990234 65.8362274169922 66.3022232055664 66.7682266235352 67.2342224121094 67.7002258300781 68.1662216186523 68.6322250366211 69.0796356201172 69.5208435058594 69.9620590209961 70.4032745361328 70.844482421875 71.2856979370117 71.7269058227539 72.0223159790039 71.8803024291992 71.7382888793945 71.5962753295898
63.5744361877441 62.9894561767578 62.4044723510742 61.8194923400879 61.2345085144043 61.3314437866211 61.6556816101074 61.9799194335938 62.3041572570801 62.6283950805664 62.9526329040527 63.2768707275391 63.6466178894043 64.1528854370117 64.6591644287109 65.1654357910156 65.6717071533203 66.177978515625 66.6842498779297 67.1905212402344 67.0917587280273 66.7913131713867 66.4908676147461 66.1904220581055 65.8899765014648 65.5895385742188 65.2890930175781 65.1931762695312 65.7108688354492 66.2285614013672 66.7462539672852 67.2639465332031 67.7816390991211 68.2993316650391 68.817024230957 69.2869186401367 69.7408676147461 70.19482421875 70.6487808227539 71.1027374267578 71.5566864013672 72.0106430053711 72.3182907104492 72.1870040893555 72.0557250976562 71.924446105957
63.3211784362793 62.6464157104492 61.9716529846191 61.2968940734863 60.6221313476562 60.7975616455078 61.2563896179199 61.715217590332 62.1740455627441 62.6328735351562 63.0917015075684 63.5505294799805 64.0129241943359 64.4860000610352 64.9590835571289 65.4321594238281 65.9052352905273 66.3783187866211 66.8513946533203 67.3244781494141 67.1858520507812 66.8433227539062 66.5007934570312 66.1582641601562 65.8157424926758 65.4732131958008 65.1306838989258 65.0161361694336 65.5855178833008 66.1549072265625 66.7242889404297 67.2936782836914 67.8630599975586 68.4324417114258 69.0018310546875 69.4942016601562 69.9608993530273 70.4275894165039 70.894287109375 71.3609848022461 71.8276824951172 72.2943801879883 72.6142654418945 72.4937133789062 72.373161315918 72.2526092529297
63.0679206848145 62.3033790588379 61.5388374328613 60.7742958068848 60.0097541809082 60.2636795043945 60.8571014404297 61.4505195617676 62.0439376831055 62.6373558044434 63.2307739257812 63.8241920471191 64.3792266845703 64.8191146850586 65.2590026855469 65.6988830566406 66.1387710571289 66.5786590576172 67.0185394287109 67.4584274291992 67.2799377441406 66.8953323364258 66.5107192993164 66.126106262207 65.7415008544922 65.3568878173828 64.9722747802734 64.8390884399414 65.4601669311523 66.0812454223633 66.7023239135742 67.3234024047852 67.9444808959961 68.5655517578125 69.1866302490234 69.7014846801758 70.1809234619141 70.6603622436523 71.1398010253906 71.6192398071289 72.0986785888672 72.5781173706055 72.9102401733398 72.800422668457 72.6905975341797 72.5807800292969
63.1083641052246 62.3023567199707 61.4963493347168 60.6903419494629 59.884334564209 60.1607780456543 60.7980422973633 61.4353065490723 62.072566986084 62.709831237793 63.347095489502 63.9843597412109 64.5622329711914 64.9619522094727 65.3616638183594 65.7613754272461 66.1610946655273 66.5608062744141 66.9605255126953 67.360237121582 67.1704406738281 66.7841415405273 66.3978424072266 66.0115432739258 65.625244140625 65.2389450073242 64.8526458740234 64.7254104614258 65.3753662109375 66.0253295898438 66.6752853393555 67.3252410888672 67.9751968383789 68.6251525878906 69.2751159667969 69.8023147583008 70.2886047363281 70.7748870849609 71.2611770629883 71.7474594116211 72.2337417602539 72.7200317382812 73.0608978271484 72.9655303955078 72.8701629638672 72.774787902832
63.4425086975098 62.6433486938477 61.8441886901855 61.0450325012207 60.2458724975586 60.4888534545898 61.079216003418 61.6695785522461 62.2599411010742 62.8503036499023 63.4406661987305 64.0310287475586 64.5619430541992 64.9145050048828 65.2670745849609 65.6196441650391 65.9722061157227 66.3247756958008 66.6773376464844 67.0299072265625 66.8573532104492 66.5097579956055 66.1621627807617 65.814567565918 65.4669799804688 65.119384765625 64.7717895507812 64.6751022338867 65.3311233520508 65.9871520996094 66.6431732177734 67.2991943359375 67.9552230834961 68.6112442016602 69.2672729492188 69.7967071533203 70.2839431762695 70.7711791992188 71.258415222168 71.7456512451172 72.2328872680664 72.7201232910156 73.0662460327148 72.9890441894531 72.9118423461914 72.8346405029297
63.7766532897949 62.9843444824219 62.1920318603516 61.3997230529785 60.6074104309082 60.8169288635254 61.3603897094727 61.9038543701172 62.4473152160645 62.9907760620117 63.534236907959 64.0776977539062 64.561653137207 64.8670654296875 65.1724853515625 65.4779052734375 65.783317565918 66.088737487793 66.394157409668 66.699577331543 66.5442657470703 66.2353744506836 65.9264831542969 65.6175994873047 65.308708190918 64.9998168945312 64.6909332275391 64.6247863769531 65.2868804931641 65.948974609375 66.6110610961914 67.2731552124023 67.9352493286133 68.5973358154297 69.2594299316406 69.7910919189453 70.2792816162109 70.767463684082 71.2556533813477 71.7438354492188 72.2320251464844 72.7202072143555 73.0715942382812 73.0125579833984 72.9535217285156 72.8944931030273
64.1108016967773 63.3253364562988 62.5398750305176 61.7544136047363 60.9689521789551 61.1450042724609 61.6415672302246 62.138126373291 62.6346893310547 63.1312484741211 63.6278076171875 64.1243667602539 64.5613555908203 64.8196258544922 65.0778961181641 65.3361663818359 65.5944366455078 65.8527069091797 66.1109771728516 66.3692398071289 66.2311706542969 65.9609909057617 65.690803527832 65.4206237792969 65.1504364013672 64.880256652832 64.6100692749023 64.5744781494141 65.2426376342773 65.9107894897461 66.5789489746094 67.2471084594727 67.9152679443359 68.5834274291992 69.2515869140625 69.7854843139648 70.2746200561523 70.7637557983398 71.2528915405273 71.7420272827148 72.2311630249023 72.7202987670898 73.0769348144531 73.0360717773438 72.9952087402344 72.9543380737305
64.4449462890625 63.6663284301758 62.8877182006836 62.1091041564941 61.3304901123047 61.4730796813965 61.9227409362793 62.3724021911621 62.8220596313477 63.2717208862305 63.7213821411133 64.1710433959961 64.5610656738281 64.7721862792969 64.9833068847656 65.1944274902344 65.4055480957031 65.6166687011719 65.8277893066406 66.0389099121094 65.918083190918 65.6866073608398 65.4551239013672 65.2236480712891 64.9921722412109 64.7606964111328 64.5292129516602 64.5241622924805 65.1983871459961 65.8726119995117 66.5468444824219 67.2210693359375 67.8952941894531 68.5695190429688 69.2437438964844 69.7798690795898 70.2699584960938 70.7600402832031 71.250129699707 71.7402191162109 72.2303009033203 72.7203903198242 73.0822830200195 73.0595855712891 73.0368881225586 73.0141906738281
64.7790908813477 64.00732421875 63.2355575561523 62.463794708252 61.6920280456543 61.8011589050293 62.203914642334 62.6066741943359 63.0094337463379 63.4121932983398 63.8149528503418 64.2177124023438 64.5607757568359 64.7247467041016 64.8887176513672 65.0526885986328 65.2166595458984 65.3806381225586 65.5446090698242 65.7085800170898 65.6049957275391 65.412223815918 65.2194442749023 65.0266723632812 64.8339004516602 64.6411285400391 64.448356628418 64.4738540649414 65.1541442871094 65.8344345092773 66.5147323608398 67.1950225830078 67.8753204345703 68.5556106567383 69.2359085083008 69.7742538452148 70.2652969360352 70.7563323974609 71.2473678588867 71.7384033203125 72.2294387817383 72.7204818725586 73.0876235961914 73.0830993652344 73.0785675048828 73.0740432739258
65.0476837158203 64.2921981811523 63.5367126464844 62.7812309265137 62.0257453918457 62.0994682312012 62.4495964050293 62.7997207641602 63.1498489379883 63.4999732971191 63.8501014709473 64.2002258300781 64.5040588378906 64.6690063476562 64.8339538574219 64.9989013671875 65.1638412475586 65.3287887573242 65.4937362670898 65.6586837768555 65.5703430175781 65.397575378418 65.2248077392578 65.0520401000977 64.8792724609375 64.7065048217773 64.5337295532227 64.5685806274414 65.2262954711914 65.8840026855469 66.5417175292969 67.1994247436523 67.8571395874023 68.5148468017578 69.1725616455078 69.7040100097656 70.1933746337891 70.6827392578125 71.1721115112305 71.6614761352539 72.1508407592773 72.6402053833008 73.0163955688477 73.0530700683594 73.0897445678711 73.1264190673828
65.2507247924805 64.5209503173828 63.7911834716797 63.061408996582 62.3316383361816 62.3680191040039 62.6597785949707 62.9515419006348 63.2433052062988 63.5350646972656 63.8268280029297 64.1185913085938 64.3909225463867 64.6049652099609 64.8190078735352 65.0330505371094 65.2470932006836 65.4611358642578 65.675178527832 65.8892211914062 65.8141326904297 65.6426696777344 65.4712066650391 65.2997360229492 65.1282730102539 64.9568099975586 64.7853393554688 64.8083648681641 65.4148406982422 66.0213165283203 66.627799987793 67.2342758178711 67.8407516479492 68.4472274780273 69.0537109375 69.5691299438477 70.0542068481445 70.5392761230469 71.0243530273438 71.5094223022461 71.994499206543 72.4795684814453 72.8685989379883 72.9695053100586 73.0704116821289 73.1713180541992
65.4537658691406 64.7497100830078 64.0456466674805 63.3415908813477 62.6375312805176 62.6365661621094 62.8699645996094 63.1033630371094 63.3367614746094 63.5701560974121 63.8035545349121 64.0369567871094 64.2777862548828 64.5409240722656 64.804069519043 65.0672073364258 65.3303451538086 65.5934829711914 65.8566207885742 66.119758605957 66.0579223632812 65.8877639770508 65.7175979614258 65.5474395751953 65.3772735595703 65.2071151733398 65.0369567871094 65.0481414794922 65.603385925293 66.1586303710938 66.7138748168945 67.2691192626953 67.8243713378906 68.3796157836914 68.9348602294922 69.4342575073242 69.9150314331055 70.3958129882812 70.876594543457 71.3573760986328 71.8381576538086 72.3189392089844 72.7208099365234 72.8859481811523 73.0510864257812 73.2162246704102
65.6568145751953 64.9784622192383 64.3001174926758 63.6217727661133 62.9434242248535 62.9051132202148 63.0801467895508 63.2551803588867 63.4302139282227 63.6052513122559 63.7802848815918 63.9553184509277 64.1646499633789 64.4768905639648 64.7891235351562 65.1013565063477 65.4135971069336 65.725830078125 66.0380630493164 66.3503036499023 66.3017196655273 66.1328582763672 65.963996887207 65.7951431274414 65.6262817382812 65.4574203491211 65.2885665893555 65.2879257202148 65.7919311523438 66.2959442138672 66.7999572753906 67.3039703369141 67.8079833984375 68.3119964599609 68.8160095214844 69.2993774414062 69.7758636474609 70.2523498535156 70.7288360595703 71.2053298950195 71.6818161010742 72.1583023071289 72.5730133056641 72.8023834228516 73.0317535400391 73.2611236572266
65.8598556518555 65.2072219848633 64.5545883178711 63.9019508361816 63.2493171691895 63.1736602783203 63.2903327941895 63.4070014953613 63.5236701965332 63.6403427124023 63.7570114135742 63.8736801147461 64.051513671875 64.4128494262695 64.7741775512695 65.1355133056641 65.4968414306641 65.8581771850586 66.2195053100586 66.5808410644531 66.5455093383789 66.3779525756836 66.2103958129883 66.042839050293 65.8752822875977 65.7077255249023 65.5401763916016 65.527702331543 65.9804840087891 66.4332580566406 66.8860397338867 67.3388214111328 67.7915954589844 68.2443771362305 68.6971588134766 69.1644973754883 69.6366882324219 70.10888671875 70.5810852050781 71.0532760620117 71.5254745483398 71.9976654052734 72.4252166748047 72.7188186645508 73.0124282836914 73.3060302734375
66.0628967285156 65.4359741210938 64.8090515136719 64.1821365356445 63.5552101135254 63.442211151123 63.5005149841309 63.5588226318359 63.6171264648438 63.6754341125488 63.7337379455566 63.7920417785645 63.9383811950684 64.3488082885742 64.7592391967773 65.1696624755859 65.5800933837891 65.9905242919922 66.4009475708008 66.8113784790039 66.7892990112305 66.623046875 66.4567947387695 66.2905426025391 66.1242904663086 65.9580383300781 65.7917861938477 65.7674789428711 66.1690292358398 66.5705718994141 66.9721221923828 67.373664855957 67.7752151489258 68.1767578125 68.5783081054688 69.0296173095703 69.4975204467773 69.9654235839844 70.4333267211914 70.9012298583984 71.3691329956055 71.8370361328125 72.2774200439453 72.6352615356445 72.9930953979492 73.3509368896484
