data/working_set_collections/6091692-Cassins_Sparrow-M2/1980/hflux_avg.asc
NCOLS 265 
NROWS 230 
XLLCORNER -115.5625 
YLLCORNER 24.8333333333333 
CELLSIZE 0.0833333333333333 
NODATA_value -9999 
[rows 0 to 19 of 230, columns 138 to 183 of 265]
50.3431205749512 50.525634765625 50.7081451416016 50.8906555175781 49.9613342285156 48.6613998413086 47.3614654541016 46.0615310668945 44.7615966796875 43.4616622924805 42.1617279052734 41.1684761047363 41.0952758789062 41.0220718383789 40.9488677978516 40.8756675720215 40.8024635314941 40.7292633056641 40.6560592651367 40.639102935791 40.6408958435059 40.6426887512207 40.6444778442383 40.6462707519531 40.648063659668 40.6498565673828 40.6553497314453 40.6719589233398 40.6885643005371 40.7051734924316 40.7217788696289 40.7383842468262 40.7549934387207 40.771598815918 40.6605491638184 40.5069465637207 40.3533477783203 40.1997451782227 40.046142578125 39.8925399780273 39.738941192627 39.5692176818848 39.3511238098145 39.1330337524414 38.9149436950684 38.6968536376953
49.717887878418 49.9037284851074 50.0895729064941 50.2754135131836 49.4108695983887 48.1961975097656 46.9815254211426 45.7668533325195 44.5521812438965 43.3375129699707 42.1228408813477 41.1874504089355 41.089900970459 40.9923515319824 40.8948020935059 40.7972526550293 40.6997032165527 40.6021537780762 40.5046043395996 40.4921035766602 40.5079498291016 40.5237998962402 40.5396461486816 40.5554962158203 40.5713424682617 40.5871887207031 40.5885314941406 40.5463562011719 40.5041770935059 40.4620018005371 40.4198226928711 40.3776473999023 40.3354721069336 40.2932929992676 40.1708526611328 40.0216598510742 39.8724632263184 39.7232666015625 39.5740737915039 39.424877166748 39.2756843566895 39.1080284118652 38.8849983215332 38.6619682312012 38.4389343261719 38.2159042358398
49.0926551818848 49.2818260192871 49.4709968566895 49.6601715087891 48.860408782959 47.7309989929199 46.6015892028809 45.4721794128418 44.3427696228027 43.2133598327637 42.0839500427246 41.2064208984375 41.0845260620117 40.9626274108887 40.8407325744629 40.7188377380371 40.5969429016113 40.4750480651855 40.3531494140625 40.3451042175293 40.3750076293945 40.4049110412598 40.434814453125 40.4647178649902 40.4946212768555 40.5245246887207 40.5217132568359 40.4207534790039 40.3197898864746 40.2188301086426 40.1178703308105 40.0169105529785 39.9159469604492 39.8149871826172 39.6811561584473 39.5363693237305 39.3915786743164 39.2467918395996 39.1020050048828 38.9572143554688 38.812427520752 38.646842956543 38.418872833252 38.1908988952637 37.9629249572754 37.7349548339844
48.4674224853516 48.6599235534668 48.852424621582 49.0449295043945 48.309944152832 47.265796661377 46.2216491699219 45.1775054931641 44.133358001709 43.0892105102539 42.0450630187988 41.2253913879395 41.0791511535645 40.9329071044922 40.7866668701172 40.6404228210449 40.4941825866699 40.3479385375977 40.2016944885254 40.1981048583984 40.2420654296875 40.2860221862793 40.3299827575684 40.3739433288574 40.4179000854492 40.4618606567383 40.4548950195312 40.2951507568359 40.1354064941406 39.975658416748 39.8159141540527 39.6561698913574 39.4964256286621 39.3366813659668 39.1914596557617 39.0510787963867 38.9106979370117 38.7703170776367 38.6299362182617 38.4895553588867 38.3491706848145 38.1856575012207 37.9527435302734 37.7198333740234 37.4869194030762 37.2540054321289
47.8421859741211 48.0380210876465 48.2338523864746 48.4296875 47.7594795227051 46.8005981445312 45.8417129516602 44.8828277587891 43.923942565918 42.9650611877441 42.006175994873 41.2443656921387 41.0737762451172 40.9031867980957 40.7325973510742 40.5620079040527 40.3914184570312 40.2208290100098 40.0502395629883 40.0511054992676 40.1091194152832 40.1671333312988 40.2251510620117 40.2831649780273 40.341178894043 40.3991966247559 40.3880729675293 40.1695442199707 39.9510192871094 39.7324905395508 39.5139617919922 39.2954330444336 39.076904296875 38.8583755493164 38.7017631530762 38.565788269043 38.4298133850098 38.2938385009766 38.1578674316406 38.0218925476074 37.8859176635742 37.7244720458984 37.4866180419922 37.2487640380859 37.0109100341797 36.7730560302734
47.2169532775879 47.4161186218262 47.6152801513672 47.8144454956055 47.2090187072754 46.3353958129883 45.4617729187012 44.5881538391113 43.7145309448242 42.8409080505371 41.9672889709473 41.2633361816406 41.0684013366699 40.8734664916992 40.6785278320312 40.4835929870605 40.2886581420898 40.0937232971191 39.8987884521484 39.9041061401367 39.9761772155762 40.0482482910156 40.1203193664551 40.1923866271973 40.2644577026367 40.3365287780762 40.3212547302246 40.0439414978027 39.7666320800781 39.4893188476562 39.2120056152344 38.9346961975098 38.6573829650879 38.3800735473633 38.2120666503906 38.0805015563965 37.9489326477051 37.8173637390137 37.6857948303223 37.5542297363281 37.4226608276367 37.2632865905762 37.0204925537109 36.7776947021484 36.5349006652832 36.292106628418
46.5688514709473 46.7480621337891 46.9272766113281 47.1064910888672 46.5755882263184 45.8079795837402 45.0403709411621 44.2727661132812 43.5051574707031 42.737548828125 41.9699401855469 41.3461875915527 41.1540069580078 40.9618263244629 40.769645690918 40.577465057373 40.3852844238281 40.1931037902832 40.0009231567383 39.987174987793 40.0329093933105 40.0786437988281 40.1243782043457 40.1701126098633 40.2158470153809 40.2615814208984 40.2238273620605 39.9356231689453 39.6474189758301 39.3592147827148 39.0710105895996 38.7828063964844 38.4945983886719 38.2063941955566 38.0302772521973 37.8915252685547 37.7527694702148 37.6140174865723 37.4752616882324 37.3365097045898 37.1977577209473 37.0289497375488 36.7699890136719 36.5110282897949 36.252067565918 35.9931030273438
45.897876739502 46.0338592529297 46.1698455810547 46.3058280944824 45.8591918945312 45.2183494567871 44.577507019043 43.9366645812988 43.2958221435547 42.6549797058105 42.0141372680664 41.4929237365723 41.3305969238281 41.168270111084 41.0059471130371 40.843620300293 40.6812973022461 40.518970489502 40.3566474914551 40.3003196716309 40.2793235778809 40.2583274841309 40.2373313903809 40.2163352966309 40.1953392028809 40.1743431091309 40.0957946777344 39.8445892333984 39.5933837890625 39.3421745300293 39.0909690856934 38.8397598266602 38.5885543823242 38.337345123291 38.1563949584961 37.9988632202148 37.8413314819336 37.6837997436523 37.5262680053711 37.3687324523926 37.2112007141113 37.0214653015137 36.7351112365723 36.4487571716309 36.1624031066895 35.876049041748
45.2269020080566 45.3196563720703 45.412410736084 45.5051651000977 45.1427955627441 44.628719329834 44.1146392822266 43.6005630493164 43.0864868164062 42.5724067687988 42.0583305358887 41.6396560668945 41.5071868896484 41.3747177124023 41.2422485351562 41.1097793579102 40.9773101806641 40.844841003418 40.7123718261719 40.6134605407715 40.5257339477539 40.4380111694336 40.350284576416 40.2625579833984 40.1748352050781 40.0871086120605 39.9677619934082 39.7535552978516 39.5393447875977 39.3251342773438 39.1109275817871 38.8967170715332 38.6825065612793 38.4682998657227 38.2825126647949 38.106201171875 37.9298896789551 37.7535820007324 37.5772705078125 37.4009590148926 37.2246475219727 37.0139770507812 36.7002334594727 36.3864860534668 36.0727386474609 35.7589950561523
44.5559272766113 44.6054534912109 44.6549797058105 44.7045021057129 44.426399230957 44.0390892028809 43.6517753601074 43.264461517334 42.8771514892578 42.4898376464844 42.1025238037109 41.7863883972168 41.6837730407715 41.5811614990234 41.4785499572754 41.3759346008301 41.273323059082 41.1707077026367 41.0680961608887 40.9266014099121 40.7721481323242 40.6176910400391 40.4632377624512 40.3087844848633 40.1543273925781 39.9998741149902 39.839729309082 39.6625175476074 39.4853057861328 39.3080978393555 39.1308860778809 38.9536743164062 38.7764625549316 38.599250793457 38.4086303710938 38.2135391235352 38.0184516906738 37.8233604431152 37.6282730102539 37.4331817626953 37.238094329834 37.0064926147461 36.665355682373 36.3242149353027 35.9830780029297 35.6419372558594
43.8849563598633 43.8912506103516 43.8975448608398 43.9038391113281 43.7100028991699 43.4494552612305 43.1889114379883 42.9283638000488 42.6678161621094 42.4072685241699 42.1467208862305 41.9331207275391 41.8603630065918 41.7876052856445 41.7148475646973 41.64208984375 41.5693359375 41.4965782165527 41.4238204956055 41.2397422790527 41.0185585021973 40.7973747253418 40.5761909484863 40.3550071716309 40.1338233947754 39.9126396179199 39.7116966247559 39.5714836120605 39.4312705993652 39.2910575866699 39.1508445739746 39.010627746582 38.8704147338867 38.7302017211914 38.5347480773926 38.3208808898926 38.1070098876953 37.8931427001953 37.6792755126953 37.4654083251953 37.2515411376953 36.9990081787109 36.6304779052734 36.2619438171387 35.8934135437012 35.5248832702637
43.213981628418 43.1770477294922 43.1401138305664 43.1031799316406 42.9936065673828 42.8598251342773 42.7260437011719 42.5922622680664 42.4584808349609 42.3246994018555 42.1909141540527 42.0798530578613 42.0369529724121 41.9940490722656 41.9511489868164 41.9082489013672 41.8653450012207 41.8224449157715 41.7795448303223 41.5528831481934 41.2649688720703 40.9770584106445 40.6891441345215 40.4012298583984 40.1133193969727 39.8254051208496 39.5836639404297 39.4804496765137 39.3772315979004 39.2740173339844 39.1707992553711 39.0675849914551 38.9643669128418 38.8611526489258 38.6608619689941 38.4282188415527 38.1955718994141 37.9629249572754 37.7302780151367 37.497631072998 37.2649879455566 36.9915199279785 36.5955963134766 36.1996726989746 35.8037490844727 35.407829284668
42.9985733032227 42.9531745910645 42.9077796936035 42.8623809814453 42.7962493896484 42.7232055664062 42.6501617431641 42.5771179199219 42.5040740966797 42.4310302734375 42.3579864501953 42.2902870178223 42.2386131286621 42.186939239502 42.1352653503418 42.0835876464844 42.0319137573242 41.9802398681641 41.9285659790039 41.6879730224609 41.3844032287598 41.0808334350586 40.7772674560547 40.4736976623535 40.1701278686523 39.8665618896484 39.6189651489258 39.5392913818359 39.4596138000488 39.379940032959 39.3002624511719 39.220588684082 39.1409111022949 39.0612373352051 38.8636779785156 38.6268272399902 38.3899765014648 38.1531257629395 37.9162712097168 37.6794204711914 37.442569732666 37.1624221801758 36.7523880004883 36.342357635498 35.9323234558105 35.5222930908203
43.2387313842773 43.2196388244629 43.2005462646484 43.181453704834 43.1179313659668 43.0396003723145 42.9612655639648 42.8829345703125 42.8046035766602 42.7262687683105 42.6479377746582 42.5644187927246 42.4653434753418 42.366268157959 42.2671890258789 42.1681137084961 42.0690383911133 41.9699630737305 41.8708877563477 41.6450042724609 41.3768577575684 41.1087074279785 40.8405570983887 40.5724067687988 40.3042602539062 40.0361099243164 39.8176002502441 39.7480087280273 39.6784133911133 39.6088218688965 39.5392303466797 39.4696350097656 39.4000434875488 39.330451965332 39.1431922912598 38.9167060852051 38.6902236938477 38.4637413024902 38.2372550964355 38.0107727050781 37.7842903137207 37.5117111206055 37.1008529663086 36.6899909973145 36.2791328430176 35.8682746887207
43.478889465332 43.4861030578613 43.4933128356934 43.5005264282227 43.4396133422852 43.3559913635254 43.2723731994629 43.1887512207031 43.1051292419434 43.0215072631836 42.9378890991211 42.838550567627 42.6920738220215 42.545597076416 42.3991165161133 42.2526397705078 42.1061630249023 41.9596824645996 41.8132057189941 41.6020393371582 41.3693084716797 41.1365776062012 40.9038505554199 40.6711196899414 40.4383888244629 40.2056579589844 40.0162353515625 39.9567222595215 39.8972129821777 39.837703704834 39.7781944274902 39.7186851501465 39.6591758728027 39.599666595459 39.4227027893066 39.2065849304199 38.9904708862305 38.774356842041 38.5582389831543 38.3421249389648 38.1260070800781 37.8610000610352 37.4493141174316 37.0376281738281 36.6259422302246 36.2142562866211
43.7190475463867 43.7525634765625 43.7860832214355 43.8195991516113 43.7612953186035 43.6723861694336 43.5834770202637 43.4945678710938 43.4056587219238 43.3167457580566 43.2278366088867 43.1126861572266 42.9188041687012 42.724925994873 42.5310440063477 42.3371658325195 42.1432876586914 41.949405670166 41.7555274963379 41.5590744018555 41.3617630004883 41.1644515991211 40.9671401977539 40.7698287963867 40.5725173950195 40.3752059936523 40.2148666381836 40.1654396057129 40.1160125732422 40.0665893554688 40.017162322998 39.9677352905273 39.9183082580566 39.8688812255859 39.7022132873535 39.496467590332 39.2907180786133 39.0849723815918 38.879222869873 38.6734733581543 38.4677276611328 38.2102890014648 37.7977752685547 37.3852653503418 36.9727516174316 36.5602416992188
43.9592056274414 44.0190277099609 44.0788497924805 44.138671875 44.0829772949219 43.9887771606445 43.8945808410645 43.8003807067871 43.706184387207 43.6119842529297 43.5177879333496 43.3868179321289 43.1455383300781 42.9042549133301 42.662971496582 42.4216918945312 42.1804084777832 41.9391288757324 41.6978454589844 41.5161056518555 41.3542137145996 41.1923217773438 41.0304298400879 40.868537902832 40.7066459655762 40.5447540283203 40.413501739502 40.3741569519043 40.3348159790039 40.2954711914062 40.2561264038086 40.2167854309082 40.1774406433105 40.1380958557129 39.9817276000977 39.7863464355469 39.5909652709961 39.3955879211426 39.2002067565918 39.004825592041 38.8094444274902 38.5595741271973 38.1462364196777 37.7328987121582 37.3195610046387 36.9062232971191
44.1993637084961 44.2854881286621 44.3716163635254 44.4577407836914 44.4046592712402 44.3051719665527 44.2056846618652 44.1061973571777 44.0067100524902 43.9072227478027 43.8077354431152 43.6609497070312 43.3722686767578 43.0835838317871 42.7948989868164 42.506217956543 42.2175331115723 41.9288482666016 41.6401672363281 41.4731407165527 41.3466682434082 41.2201957702637 41.0937232971191 40.9672508239746 40.8407783508301 40.7143058776855 40.612133026123 40.5828742980957 40.5536155700684 40.5243530273438 40.4950942993164 40.4658317565918 40.4365730285645 40.4073143005371 40.2612380981445 40.0762252807617 39.8912124633789 39.7062034606934 39.5211906433105 39.3361778259277 39.1511650085449 38.908863067627 38.494701385498 38.0805358886719 37.6663703918457 37.2522087097168
44.1159629821777 44.2312278747559 44.3464889526367 44.4617538452148 44.4243545532227 44.3360710144043 44.2477836608887 44.1595001220703 44.0712127685547 43.9829292297363 43.8946418762207 43.7530937194824 43.4517517089844 43.1504096984863 42.8490676879883 42.5477294921875 42.2463874816895 41.9450454711914 41.6437034606934 41.5004806518555 41.4099578857422 41.3194389343262 41.2289161682129 41.1383972167969 41.0478782653809 40.9573554992676 40.8865737915039 40.8750152587891 40.863452911377 40.8518943786621 40.84033203125 40.8287696838379 40.817211151123 40.8056488037109 40.6569290161133 40.4624862670898 40.2680473327637 40.0736045837402 39.8791618347168 39.6847229003906 39.4902801513672 39.2401733398438 38.8230743408203 38.4059715270996 37.9888687133789 37.5717658996582
43.7090034484863 43.8562393188477 44.0034713745117 44.150707244873 44.1420707702637 44.0814743041992 44.020881652832 43.9602851867676 43.8996925354004 43.8390960693359 43.7785034179688 43.6632423400879 43.3839874267578 43.1047325134277 42.8254776000977 42.5462265014648 42.2669715881348 41.9877166748047 41.7084617614746 41.5981216430664 41.5440864562988 41.4900512695312 41.4360160827637 41.3819808959961 41.3279457092285 41.2739105224609 41.2368240356445 41.2505760192871 41.264331817627 41.2780876159668 41.2918434143066 41.3055953979492 41.3193511962891 41.3331069946289 41.1687965393066 40.9451293945312 40.7214622497559 40.4977951049805 40.2741279602051 40.0504608154297 39.8267936706543 39.5535049438477 39.1313552856445 38.7092018127441 38.287052154541 37.8648986816406
