data/working_set_collections/6091692-Cassins_Sparrow-M2/1980/hflux_avg.asc
NCOLS 265 
NROWS 230 
XLLCORNER -115.5625 
YLLCORNER 24.8333333333333 
CELLSIZE 0.0833333333333333 
NODATA_value -9999 
[rows 200 to 219 of 230, columns 138 to 183 of 265]
69.8836212158203 69.6487197875977 69.4138259887695 69.1789245605469 69.2122497558594 69.3349838256836 69.4577178955078 69.580451965332 69.7031860351562 69.8259201049805 69.9486541748047 70.4338607788086 72.0065155029297 73.5791625976562 75.1518173217773 76.7244644165039 78.297119140625 79.8697662353516 81.4424209594727 81.8262023925781 81.8137054443359 81.8012008666992 81.7886962890625 81.7761993408203 81.7636947631836 81.7511978149414 81.6639022827148 81.3522186279297 81.0405426025391 80.7288665771484 80.4171905517578 80.1055145263672 79.7938385009766 79.4821548461914 79.1230239868164 78.7480697631836 78.3731231689453 77.9981689453125 77.6232223510742 77.2482681274414 76.8733139038086 76.573616027832 76.4996566772461 76.4257049560547 76.3517532348633 76.2777938842773
68.8813400268555 68.5798492431641 68.2783584594727 67.9768676757812 68.1572113037109 68.498161315918 68.8391189575195 69.1800689697266 69.5210189819336 69.8619766235352 70.2029266357422 70.8496475219727 72.4136505126953 73.977653503418 75.5416641235352 77.1056671142578 78.669677734375 80.2336807250977 81.7976837158203 82.0375900268555 81.8361358642578 81.6346740722656 81.4332122802734 81.2317504882812 81.0302886962891 80.8288345336914 80.6347198486328 80.4626617431641 80.2906036376953 80.118537902832 79.9464797973633 79.7744140625 79.6023559570312 79.4302978515625 79.1552734375 78.8459320068359 78.5365905761719 78.2272491455078 77.9179077148438 77.6085662841797 77.2992248535156 77.0298461914062 76.8803863525391 76.7309265136719 76.5814666748047 76.4320068359375
67.8790588378906 67.5109786987305 67.1428909301758 66.7748031616211 67.102165222168 67.6613388061523 68.2205123901367 68.7796859741211 69.3388595581055 69.8980331420898 70.4572067260742 71.2654266357422 72.8207855224609 74.3761520385742 75.931510925293 77.4868698120117 79.042236328125 80.5975952148438 82.1529541015625 82.2489852905273 81.8585662841797 81.468147277832 81.0777282714844 80.6873092651367 80.2968902587891 79.9064712524414 79.6055450439453 79.5730972290039 79.540657043457 79.5082092285156 79.4757690429688 79.4433212280273 79.4108810424805 79.3784332275391 79.1875228881836 78.9437942504883 78.7000579833984 78.4563293457031 78.2125930786133 77.9688568115234 77.7251281738281 77.486083984375 77.2611236572266 77.0361557006836 76.8111877441406 76.5862197875977
66.8767852783203 66.4421005249023 66.0074234008789 65.5727462768555 66.047119140625 66.8245162963867 67.6019058227539 68.3793029785156 69.1567001342773 69.9340896606445 70.7114868164062 71.6812057495117 73.2279281616211 74.7746429443359 76.3213577270508 77.8680725097656 79.414794921875 80.9615097045898 82.5082244873047 82.4603729248047 81.880989074707 81.3016128540039 80.7222366333008 80.1428604125977 79.5634841918945 78.9841079711914 78.5763626098633 78.6835403442383 78.7907104492188 78.8978805541992 79.0050582885742 79.1122283935547 79.2193984985352 79.3265762329102 79.2197723388672 79.0416488647461 78.863525390625 78.6854019165039 78.5072784423828 78.3291549682617 78.1510314941406 77.9423217773438 77.6418533325195 77.3413772583008 77.0409088134766 76.7404327392578
65.9713134765625 65.5264053344727 65.0815048217773 64.6365966796875 65.2345123291016 66.1800384521484 67.1255569458008 68.0710830688477 69.0166015625 69.9621276855469 70.9076538085938 71.9795684814453 73.4306640625 74.8817520141602 76.3328475952148 77.7839431762695 79.2350387573242 80.6861343383789 82.1372299194336 82.0245971679688 81.3907318115234 80.7568588256836 80.1229934692383 79.4891204833984 78.8552551269531 78.2213821411133 77.8000640869141 78.0164108276367 78.2327499389648 78.449089050293 78.6654357910156 78.8817749023438 79.0981140136719 79.3144607543945 79.2076568603516 78.9931335449219 78.7786178588867 78.564094543457 78.3495788574219 78.1350555419922 77.920539855957 77.6911163330078 77.4169921875 77.1428604125977 76.8687362670898 76.5946044921875
65.1626586914062 64.7638931274414 64.3651275634766 63.9663581848145 64.6643371582031 65.727897644043 66.7914581298828 67.8550186157227 68.9185791015625 69.9821395874023 71.0457000732422 72.1604995727539 73.4289932250977 74.6974868774414 75.9659881591797 77.2344818115234 78.5029754638672 79.7714767456055 81.0399703979492 80.9416732788086 80.3877792358398 79.8338851928711 79.2799835205078 78.7260894775391 78.1721954345703 77.618293762207 77.2766418457031 77.5717086791992 77.8667678833008 78.1618347167969 78.4568939208984 78.7519607543945 79.0470275878906 79.3420867919922 79.1511688232422 78.7982482910156 78.4453277587891 78.0924072265625 77.7394866943359 77.3865661621094 77.0336456298828 76.7324752807617 76.586540222168 76.4406051635742 76.2946701049805 76.1487350463867
64.35400390625 64.0013732910156 63.6487464904785 63.2961235046387 64.0941619873047 65.275764465332 66.4573593139648 67.6389617919922 68.820556640625 70.0021591186523 71.1837539672852 72.3414306640625 73.4273300170898 74.5132217407227 75.59912109375 76.6850204467773 77.7709197998047 78.856819152832 79.9427108764648 79.8587493896484 79.3848266601562 78.9109039306641 78.4369812011719 77.9630584716797 77.4891357421875 77.0152130126953 76.7532196044922 77.1270065307617 77.5007858276367 77.8745727539062 78.2483596801758 78.6221466064453 78.9959335327148 79.3697204589844 79.0946807861328 78.6033554077148 78.1120376586914 77.620719909668 77.12939453125 76.6380767822266 76.1467590332031 75.7738342285156 75.7560882568359 75.7383499145508 75.7206115722656 75.7028656005859
63.5453453063965 63.2388572692871 62.932373046875 62.6258850097656 63.5239906311035 64.8236236572266 66.1232604980469 67.4228973388672 68.7225341796875 70.0221710205078 71.3218078613281 72.5223617553711 73.4256591796875 74.3289566040039 75.2322616577148 76.1355590820312 77.0388565063477 77.9421539306641 78.845458984375 78.7758178710938 78.3818740844727 77.987922668457 77.5939712524414 77.2000274658203 76.8060760498047 76.4121246337891 76.2297897338867 76.6823043823242 77.1348114013672 77.5873184204102 78.0398254394531 78.4923324584961 78.9448471069336 79.3973541259766 79.0381927490234 78.4084701538086 77.7787475585938 77.1490249633789 76.5193099975586 75.8895874023438 75.2598648071289 74.815185546875 74.9256439208984 75.0360946655273 75.1465454101562 75.2569961547852
62.736686706543 62.4763412475586 62.2159957885742 61.9556465148926 62.9538154602051 64.3714904785156 65.7891693115234 67.2068405151367 68.62451171875 70.0421905517578 71.4598617553711 72.7032928466797 73.4239959716797 74.1446914672852 74.8653945922852 75.5860977172852 76.3067932128906 77.0274963378906 77.7481994628906 77.6928939819336 77.3789138793945 77.06494140625 76.7509689331055 76.4369888305664 76.1230163574219 75.8090438842773 75.7063674926758 76.2376022338867 76.7688293457031 77.3000640869141 77.8312911987305 78.3625259399414 78.8937530517578 79.4249877929688 78.9817047119141 78.2135772705078 77.4454574584961 76.6773376464844 75.9092178344727 75.1410980224609 74.3729705810547 73.8565444946289 74.0951919555664 74.3338394165039 74.5724792480469 74.8111267089844
61.9280319213867 61.7138252258301 61.4996185302734 61.2854118347168 62.3836441040039 63.9193534851074 65.4550704956055 66.9907760620117 68.5264892578125 70.0622024536133 71.5979156494141 72.8842239379883 73.4223251342773 73.9604263305664 74.49853515625 75.0366363525391 75.5747375488281 76.1128387451172 76.6509399414062 76.6099624633789 76.3759613037109 76.141960144043 75.907958984375 75.673957824707 75.4399566650391 75.2059555053711 75.1829452514648 75.7929000854492 76.4028472900391 77.0128021240234 77.6227569580078 78.2327117919922 78.8426666259766 79.4526138305664 78.9252166748047 78.0186920166016 77.1121673583984 76.2056503295898 75.2991256713867 74.3926010131836 73.486083984375 72.8979034423828 73.2647399902344 73.6315765380859 73.998420715332 74.3652572631836
61.9787788391113 61.7804527282715 61.5821266174316 61.3838005065918 62.4144096374512 63.8546676635742 65.294921875 66.7351837158203 68.1754379272461 69.6156997680664 71.0559539794922 72.2248001098633 72.5794219970703 72.9340438842773 73.2886657714844 73.6432800292969 73.9979019165039 74.3525238037109 74.707145690918 74.7451095581055 74.6775283813477 74.6099395751953 74.542350769043 74.4747695922852 74.4071807861328 74.339599609375 74.4644470214844 75.1665954589844 75.8687438964844 76.5708923339844 77.2730331420898 77.9751815795898 78.6773300170898 79.3794784545898 78.8639450073242 77.9425048828125 77.0210647583008 76.0996322631836 75.1781921386719 74.2567596435547 73.335319519043 72.7458877563477 73.152458190918 73.5590286254883 73.9655990600586 74.3721618652344
62.8889312744141 62.6762237548828 62.4635200500488 62.2508125305176 63.0461196899414 64.1774291992188 65.3087387084961 66.4400482177734 67.5713577270508 68.7026672363281 69.8339767456055 70.7250213623047 70.8952789306641 71.0655364990234 71.2357864379883 71.4060440063477 71.576301574707 71.7465515136719 71.9168090820312 72.0983276367188 72.2835998535156 72.4688720703125 72.6541442871094 72.8394165039062 73.0246887207031 73.2099609375 73.5508651733398 74.3586807250977 75.1664962768555 75.9743118286133 76.7821350097656 77.5899505615234 78.3977661132812 79.2055816650391 78.7978820800781 77.9850234985352 77.1721572875977 76.3592910766602 75.5464248657227 74.7335586547852 73.9206924438477 73.400505065918 73.7583389282227 74.1161727905273 74.4740142822266 74.8318481445312
63.7990798950195 63.5719947814941 63.344913482666 63.1178283691406 63.6778259277344 64.5001907348633 65.3225479125977 66.1449127197266 66.9672775268555 67.7896347045898 68.6119995117188 69.2252426147461 69.2111358642578 69.197021484375 69.1829147338867 69.1688079833984 69.1546936035156 69.1405868530273 69.1264801025391 69.451545715332 69.8896789550781 70.3278045654297 70.7659378051758 71.2040634155273 71.6421966552734 72.080322265625 72.6372909545898 73.5507736206055 74.4642562866211 75.3777389526367 76.2912292480469 77.2047119140625 78.1181945800781 79.0316772460938 78.7318267822266 78.0275344848633 77.3232421875 76.6189498901367 75.9146575927734 75.2103652954102 74.5060653686523 74.0551223754883 74.3642272949219 74.6733245849609 74.982421875 75.2915267944336
64.7092361450195 64.4677658081055 64.2263031005859 63.9848403930664 64.3095321655273 64.8229522705078 65.3363647460938 65.8497772216797 66.3631896972656 66.8766098022461 67.390022277832 67.7254638671875 67.5269927978516 67.3285140991211 67.1300430297852 66.9315643310547 66.7330932617188 66.5346145629883 66.3361434936523 66.8047637939453 67.4957504272461 68.1867370605469 68.8777236938477 69.5687103271484 70.2596969604492 70.95068359375 71.7237167358398 72.7428665161133 73.7620162963867 74.7811660766602 75.8003234863281 76.8194732666016 77.838623046875 78.8577728271484 78.665771484375 78.0700531005859 77.4743270874023 76.8786087036133 76.2828826904297 75.6871643066406 75.091438293457 74.7097396850586 74.9701080322266 75.2304763793945 75.490837097168 75.7512054443359
65.619384765625 65.3635406494141 65.1076965332031 64.8518524169922 64.9412460327148 65.1457138061523 65.3501739501953 65.5546417236328 65.7591094970703 65.9635772705078 66.1680450439453 66.2256851196289 65.8428421020508 65.4600067138672 65.0771636962891 64.6943283081055 64.3114852905273 63.9286499023438 63.5458106994629 64.1579818725586 65.1018295288086 66.0456695556641 66.9895172119141 67.9333572387695 68.8772048950195 69.8210525512695 70.8101348876953 71.9349594116211 73.0597763061523 74.1845932006836 75.3094177246094 76.4342346191406 77.5590515136719 78.6838760375977 78.5997161865234 78.1125640869141 77.6254119873047 77.1382675170898 76.6511154174805 76.1639633178711 75.6768112182617 75.3643569946289 75.5759887695312 75.7876205444336 75.9992523193359 76.2108840942383
66.5295333862305 66.2593154907227 65.9890899658203 65.7188720703125 65.5729522705078 65.4684753417969 65.3639907836914 65.2595062255859 65.155029296875 65.0505447387695 64.9460678100586 64.7259063720703 64.1586990356445 63.591495513916 63.0242919921875 62.457088470459 61.8898849487305 61.3226776123047 60.7554740905762 61.5111999511719 62.7079010009766 63.9046058654785 65.1013031005859 66.2980117797852 67.4947128295898 68.6914138793945 69.8965606689453 71.1270446777344 72.357536315918 73.588020324707 74.8185119628906 76.0489959716797 77.2794876098633 78.5099716186523 78.5336608886719 78.1550827026367 77.7765045166016 77.3979263305664 77.0193405151367 76.6407623291016 76.2621841430664 76.0189743041992 76.1818771362305 76.3447723388672 76.5076675415039 76.6705703735352
67.4764251708984 67.2194213867188 66.9624252319336 66.7054214477539 66.4179840087891 66.1203994750977 65.8228225708008 65.5252380371094 65.2276611328125 64.9300765991211 64.6324996948242 64.2529449462891 63.6274948120117 63.0020446777344 62.3765907287598 61.7511405944824 61.1256866455078 60.5002365112305 59.8747825622559 60.6851234436035 61.9740600585938 63.2630004882812 64.5519409179688 65.8408737182617 67.1298141479492 68.4187545776367 69.6968231201172 70.9422836303711 72.187744140625 73.4332122802734 74.6786727905273 75.9241333007812 77.1696014404297 78.4150619506836 78.5519790649414 78.3193740844727 78.0867691040039 77.8541717529297 77.6215667724609 77.3889617919922 77.1563568115234 76.9987869262695 77.066291809082 77.1338043212891 77.2013092041016 77.2688217163086
68.4600524902344 68.2438735961914 68.0276870727539 67.8115081787109 67.4763412475586 67.1015014648438 66.7266693115234 66.3518371582031 65.9770050048828 65.602165222168 65.2273330688477 64.8068084716797 64.2492294311523 63.6916465759277 63.1340637207031 62.5764808654785 62.0188980102539 61.4613151550293 60.9037322998047 61.6797523498535 62.9003067016602 64.1208572387695 65.3414077758789 66.5619659423828 67.7825164794922 69.0030670166016 70.2109222412109 71.3806686401367 72.5504150390625 73.7201614379883 74.8899078369141 76.0596542358398 77.2294006347656 78.3991470336914 78.654670715332 78.6054458618164 78.5562210083008 78.5070037841797 78.4577789306641 78.4085540771484 78.3593368530273 78.3037796020508 78.229248046875 78.1547164916992 78.0801773071289 78.0056457519531
69.4436798095703 69.2683181762695 69.0929565429688 68.9176025390625 68.5346908569336 68.0826034545898 67.6305160522461 67.1784286499023 66.7263412475586 66.2742538452148 65.8221664428711 65.3606796264648 64.870964050293 64.3812484741211 63.8915367126465 63.4018249511719 62.912109375 62.4223976135254 61.9326858520508 62.6743812561035 63.8265495300293 64.9787139892578 66.1308822631836 67.2830505371094 68.4352188110352 69.5873794555664 70.7250137329102 71.8190460205078 72.9130783081055 74.0071105957031 75.1011428833008 76.1951751708984 77.2891998291016 78.3832321166992 78.7573623657227 78.8915176391602 79.0256729125977 79.1598358154297 79.2939910888672 79.4281463623047 79.5623092651367 79.6087799072266 79.392204284668 79.1756210327148 78.9590454101562 78.7424697875977
70.4272994995117 70.2927627563477 70.1582260131836 70.0236892700195 69.5930480957031 69.0637054443359 68.5343704223633 68.0050277709961 67.4756851196289 66.9463500976562 66.4170074462891 65.9145431518555 65.4926986694336 65.0708541870117 64.6490097045898 64.227165222168 63.8053245544434 63.3834800720215 62.9616355895996 63.6690101623535 64.7527923583984 65.8365707397461 66.9203567504883 68.0041351318359 69.0879135131836 70.1716995239258 71.2391128540039 72.2574310302734 73.2757415771484 74.294059753418 75.3123779296875 76.3306884765625 77.349006652832 78.367317199707 78.8600540161133 79.1775894165039 79.4951248168945 79.8126678466797 80.1302032470703 80.4477386474609 80.7652816772461 80.9137802124023 80.5551528930664 80.196533203125 79.8379135131836 79.4792938232422
