data/working_set_collections/6091692-Cassins_Sparrow-M2/1980/lai_avg.asc
NCOLS 265 
NROWS 230 
XLLCORNER -115.5625 
YLLCORNER 24.8333333333333 
CELLSIZE 0.0833333333333333 
NODATA_value -9999 
[rows 200 to 219 of 230, columns 135 to 179 of 265]
0.429762989282608 0.420286297798157 0.410809606313705 0.401332914829254 0.39185619354248 0.382379502058029 0.372902810573578 0.37881338596344 0.389853060245514 0.400892734527588 0.411932408809662 0.422972083091736 0.43401175737381 0.445051431655884 0.459493815898895 0.484144419431686 0.508795022964478 0.533445596694946 0.55809623003006 0.582746803760529 0.607397377490997 0.632048010826111 0.652201116085052 0.670855104923248 0.689509093761444 0.70816308259964 0.726817071437836 0.745471060276031 0.764125049114227 0.779866397380829 0.786869645118713 0.793872892856598 0.800876140594482 0.807879388332367 0.814882636070251 0.821885883808136 0.82888913154602 0.824467480182648 0.81623762845993 0.808007717132568 0.799777805805206 0.791547954082489 0.783318042755127 0.775088131427765 0.769378066062927
0.423326164484024 0.414593458175659 0.405860751867294 0.397128075361252 0.388395369052887 0.379662662744522 0.370929956436157 0.376679390668869 0.387256175279617 0.397832959890366 0.408409744501114 0.418986558914185 0.429563343524933 0.440140128135681 0.453986257314682 0.477640360593796 0.501294434070587 0.524948537349701 0.548602640628815 0.572256743907928 0.595910847187042 0.619564950466156 0.639192879199982 0.65747880935669 0.675764799118042 0.69405072927475 0.712336659431458 0.730622589588165 0.748908519744873 0.764572381973267 0.772370100021362 0.780167877674103 0.787965595722198 0.795763313770294 0.80356103181839 0.811358749866486 0.819156527519226 0.817512571811676 0.812721431255341 0.807930290699005 0.80313915014267 0.798348009586334 0.793556869029999 0.788765728473663 0.785496652126312
0.41688933968544 0.408900618553162 0.400911927223206 0.39292323589325 0.384934514760971 0.376945823431015 0.368957102298737 0.374545365571976 0.384659290313721 0.394773185253143 0.404887109994888 0.415001004934311 0.425114929676056 0.435228854417801 0.448478668928146 0.471136271953583 0.493793874979019 0.516451478004456 0.53910905122757 0.561766684055328 0.584424257278442 0.607081830501556 0.626184642314911 0.644102513790131 0.662020444869995 0.679938316345215 0.697856187820435 0.715774059295654 0.733691930770874 0.749278426170349 0.757870614528656 0.766462862491608 0.775055050849915 0.783647239208221 0.792239487171173 0.80083167552948 0.809423923492432 0.810557663440704 0.809205293655396 0.807852923870087 0.806500494480133 0.805148124694824 0.803795754909515 0.802443325519562 0.801615178585052
0.410452514886856 0.403207808732986 0.395963102579117 0.388718396425247 0.381473690271378 0.374228954315186 0.366984248161316 0.372411370277405 0.382062375545502 0.391713410615921 0.40136444568634 0.41101548075676 0.420666515827179 0.430317550897598 0.442971110343933 0.46463218331337 0.486293286085129 0.50795441865921 0.529615461826324 0.551276564598083 0.572937667369843 0.594598770141602 0.61317640542984 0.630726277828217 0.648276090621948 0.66582590341568 0.683375716209412 0.700925529003143 0.71847540140152 0.733984410762787 0.74337112903595 0.752757847309113 0.762144505977631 0.771531224250793 0.780917942523956 0.790304601192474 0.799691319465637 0.803602755069733 0.80568915605545 0.807775497436523 0.809861838817596 0.811948239803314 0.814034581184387 0.816120982170105 0.817733764648438
0.404963463544846 0.398371428251266 0.391779363155365 0.385187327861786 0.378595292568207 0.372003257274628 0.365411221981049 0.370742291212082 0.380047708749771 0.389353156089783 0.398658573627472 0.407964020967484 0.417269438505173 0.426574885845184 0.438732981681824 0.459449082612991 0.480165183544159 0.500881314277649 0.521597385406494 0.542313516139984 0.563029587268829 0.583745718002319 0.601849019527435 0.619081377983093 0.636313796043396 0.653546154499054 0.670778512954712 0.688010931015015 0.705243289470673 0.720693707466125 0.730798304080963 0.740902900695801 0.751007437705994 0.761112034320831 0.771216630935669 0.781321227550507 0.791425824165344 0.797817766666412 0.802972197532654 0.80812668800354 0.813281118869781 0.818435549736023 0.823589980602264 0.828744411468506 0.83253288269043
0.400422185659409 0.394391477108002 0.388360768556595 0.38233008980751 0.376299381256104 0.370268702507019 0.364237993955612 0.369538158178329 0.378615260124207 0.387692391872406 0.396769493818283 0.405846625566483 0.41492372751236 0.424000859260559 0.435764342546463 0.455586940050125 0.47540956735611 0.495232164859772 0.515054762363434 0.534877419471741 0.554700016975403 0.574522614479065 0.592202425003052 0.609167993068695 0.626133501529694 0.643099069595337 0.660064578056335 0.677030146121979 0.693995654582977 0.709406316280365 0.720152139663696 0.730898022651672 0.741643905639648 0.75238972902298 0.763135612010956 0.773881494998932 0.784627377986908 0.793202698230743 0.801054537296295 0.808906376361847 0.816758215427399 0.82461005449295 0.832461893558502 0.840313732624054 0.846012532711029
0.395880907773972 0.390411555767059 0.384942173957825 0.379472821950912 0.374003469944 0.368534117937088 0.363064765930176 0.368334025144577 0.377182811498642 0.386031627655029 0.394880414009094 0.403729200363159 0.412578016519547 0.421426802873611 0.432795703411102 0.451724827289581 0.470653921365738 0.489583045244217 0.508512198925018 0.527441322803497 0.546370446681976 0.565299570560455 0.582555830478668 0.599254548549652 0.615953266620636 0.63265198469162 0.649350643157959 0.666049361228943 0.682748079299927 0.69811886548996 0.709506034851074 0.720893144607544 0.732280313968658 0.743667483329773 0.755054593086243 0.766441762447357 0.777828931808472 0.788587629795074 0.799136877059937 0.809686124324799 0.820235371589661 0.830784618854523 0.841333866119385 0.851883113384247 0.859492182731628
0.391339629888535 0.386431604623795 0.381523579359055 0.376615583896637 0.371707558631897 0.366799533367157 0.361891537904739 0.367129892110825 0.375750362873077 0.384370863437653 0.392991334199905 0.401611804962158 0.410232305526733 0.418852776288986 0.429827034473419 0.447862684726715 0.465898305177689 0.483933925628662 0.501969575881958 0.520005226135254 0.538040816783905 0.556076467037201 0.57290929555893 0.589341163635254 0.605772972106934 0.622204840183258 0.638636708259583 0.655068576335907 0.671500444412231 0.686831474304199 0.698859870433807 0.71088832616806 0.722916722297668 0.734945178031921 0.74697357416153 0.759002029895782 0.771030426025391 0.783972561359406 0.797219216823578 0.810465812683105 0.823712468147278 0.83695912361145 0.850205779075623 0.863452434539795 0.872971832752228
0.386798352003098 0.382451683282852 0.378104984760284 0.373758316040039 0.369411647319794 0.365064978599548 0.360718309879303 0.365925759077072 0.374317914247513 0.382710069417953 0.391102254390717 0.399494409561157 0.407886564731598 0.416278749704361 0.426858395338058 0.444000542163849 0.461142688989639 0.478284806013107 0.495426952838898 0.51256912946701 0.529711246490479 0.546853363513947 0.563262701034546 0.579427719116211 0.595592737197876 0.611757755279541 0.627922773361206 0.644087851047516 0.660252869129181 0.675544023513794 0.688213765621185 0.700883448123932 0.713553190231323 0.72622287273407 0.738892614841461 0.751562297344208 0.764231979846954 0.779357492923737 0.795301496982574 0.811245560646057 0.82718962430954 0.843133628368378 0.85907769203186 0.875021755695343 0.886451482772827
0.38225707411766 0.378471732139587 0.374686390161514 0.370901077985764 0.36711573600769 0.363330394029617 0.359545081853867 0.36472162604332 0.372885465621948 0.381049305200577 0.389213174581528 0.397377014160156 0.405540853738785 0.413704693317413 0.423889756202698 0.440138399600983 0.456387042999268 0.472635686397552 0.48888435959816 0.505133032798767 0.521381676197052 0.537630319595337 0.553616106510162 0.569514274597168 0.585412502288818 0.601310670375824 0.61720883846283 0.63310706615448 0.649005234241486 0.664256632328033 0.677567601203918 0.690878629684448 0.704189598560333 0.717500567436218 0.730811595916748 0.744122564792633 0.757433533668518 0.774742364883423 0.793383836746216 0.812025308609009 0.830666720867157 0.84930819272995 0.867949604988098 0.886591076850891 0.899931192398071
0.392198741436005 0.38882452249527 0.385450273752213 0.382076054811478 0.37870180606842 0.375327557325363 0.371953338384628 0.376519441604614 0.383732318878174 0.390945225954056 0.398158103227615 0.405370980501175 0.412583857774734 0.419796764850616 0.428770750761032 0.443028032779694 0.457285344600677 0.471542626619339 0.485799938440323 0.500057220458984 0.514314532279968 0.528571844100952 0.543976545333862 0.559763729572296 0.575550973415375 0.591338157653809 0.607125341892242 0.622912526130676 0.63869971036911 0.654108285903931 0.668380916118622 0.682653546333313 0.696926176548004 0.711198806762695 0.725471436977386 0.739744067192078 0.754016697406769 0.774110317230225 0.796144247055054 0.818178176879883 0.840212106704712 0.862246036529541 0.88427996635437 0.906313896179199 0.922059118747711
0.416623383760452 0.413509994745255 0.410396605730057 0.407283246517181 0.404169857501984 0.401056468486786 0.397943079471588 0.401319205760956 0.406858503818512 0.412397772073746 0.41793704032898 0.423476338386536 0.429015606641769 0.434554904699326 0.441501379013062 0.452669471502304 0.463837534189224 0.475005626678467 0.486173719167709 0.49734178185463 0.508509874343872 0.519677937030792 0.534344017505646 0.550176084041595 0.5660080909729 0.58184015750885 0.5976722240448 0.61350429058075 0.629336297512054 0.64509904384613 0.660653650760651 0.676208317279816 0.691762924194336 0.707317531108856 0.722872197628021 0.738426804542542 0.753981471061707 0.777461230754852 0.803582727909088 0.829704225063324 0.855825662612915 0.881947159767151 0.908068656921387 0.934190154075623 0.952835440635681
0.441047996282578 0.438195466995239 0.435342937707901 0.432490438222885 0.429637908935547 0.426785379648209 0.42393285036087 0.426118969917297 0.429984658956528 0.433850318193436 0.437716007232666 0.441581696271896 0.445447355508804 0.449313044548035 0.454232007265091 0.462310880422592 0.470389753580093 0.478468626737595 0.486547470092773 0.494626343250275 0.502705216407776 0.510784089565277 0.524711489677429 0.54058837890625 0.556465268135071 0.572342216968536 0.588219106197357 0.604095995426178 0.619972944259644 0.636089742183685 0.65292638540268 0.669763028621674 0.686599671840668 0.703436315059662 0.720272958278656 0.73710960149765 0.753946244716644 0.78081214427948 0.811021208763123 0.841230273246765 0.871439278125763 0.901648342609406 0.931857347488403 0.962066411972046 0.983611702919006
0.465472638607025 0.462880969047546 0.460289299488068 0.457697629928589 0.455105930566788 0.452514261007309 0.44992259144783 0.450918734073639 0.453110814094543 0.455302894115448 0.457494974136353 0.459687024354935 0.461879104375839 0.464071184396744 0.46696263551712 0.47195228934288 0.47694194316864 0.4819315969944 0.48692125082016 0.49191090464592 0.49690055847168 0.501890182495117 0.515078961849213 0.531000673770905 0.546922445297241 0.562844216823578 0.578765988349915 0.594687759876251 0.610609531402588 0.627080500125885 0.645199120044708 0.663317799568176 0.681436419487 0.699555039405823 0.717673718929291 0.735792338848114 0.753910958766937 0.784163057804108 0.818459689617157 0.852756261825562 0.887052893638611 0.921349465847015 0.955646097660065 0.989942669868469 1.01438796520233
0.48989725112915 0.487566441297531 0.485235631465912 0.482904821634293 0.480573982000351 0.478243172168732 0.475912362337112 0.47571849822998 0.476236969232559 0.476755440235138 0.477273911237717 0.477792382240295 0.478310853242874 0.478829324245453 0.479693293571472 0.481593728065491 0.483494162559509 0.485394597053528 0.487295031547546 0.489195466041565 0.491095900535583 0.492996335029602 0.505446374416351 0.521413028240204 0.537379622459412 0.553346276283264 0.569312870502472 0.58527946472168 0.601246118545532 0.61807119846344 0.637471854686737 0.656872510910034 0.676273167133331 0.695673823356628 0.715074419975281 0.734475076198578 0.753875732421875 0.78751403093338 0.825898170471191 0.864282310009003 0.902666449546814 0.94105064868927 0.979434788227081 1.01781892776489 1.04516422748566
0.514321863651276 0.512251913547516 0.510181963443756 0.508112013339996 0.506042063236237 0.503972053527832 0.501902103424072 0.500518262386322 0.499363124370575 0.49820801615715 0.497052878141403 0.495897740125656 0.494742602109909 0.493587464094162 0.492423921823502 0.491235136985779 0.490046352148056 0.488857567310333 0.48766878247261 0.48648002743721 0.485291242599487 0.484102457761765 0.495813846588135 0.511825323104858 0.527836799621582 0.543848276138306 0.559859752655029 0.575871229171753 0.591882705688477 0.60906195640564 0.629744589328766 0.650427281856537 0.671109914779663 0.691792547702789 0.712475180625916 0.733157873153687 0.753840506076813 0.790864944458008 0.833336651325226 0.875808358192444 0.918280065059662 0.96075177192688 1.00322353839874 1.04569518566132 1.07594048976898
0.535201489925385 0.533319532871246 0.531437575817108 0.52955561876297 0.527673661708832 0.525791704654694 0.523909687995911 0.521441459655762 0.51877772808075 0.516113996505737 0.513450264930725 0.510786533355713 0.508122801780701 0.505459129810333 0.502494275569916 0.498626053333282 0.494757831096649 0.490889638662338 0.487021416425705 0.483153223991394 0.479285001754761 0.47541680932045 0.486590176820755 0.502777397632599 0.51896458864212 0.535151839256287 0.551339030265808 0.567526280879974 0.583713471889496 0.601307392120361 0.62312126159668 0.644935131072998 0.666749000549316 0.688562870025635 0.710376739501953 0.732190608978271 0.75400447845459 0.793989479541779 0.840031504631042 0.886073589324951 0.932115614414215 0.978157699108124 1.02419972419739 1.0702418088913 1.10301911830902
0.552536129951477 0.550769329071045 0.549002468585968 0.547235667705536 0.545468807220459 0.543702006340027 0.54193514585495 0.53848797082901 0.534480690956116 0.530473411083221 0.526466131210327 0.522458791732788 0.518451511859894 0.514444231987 0.509904265403748 0.503766417503357 0.497628599405289 0.491490751504898 0.485352903604507 0.479215055704117 0.473077207803726 0.466939359903336 0.477775305509567 0.49426919221878 0.510763049125671 0.527256906032562 0.543750762939453 0.560244619846344 0.57673853635788 0.594807505607605 0.617601811885834 0.640396118164062 0.663190424442291 0.68598473072052 0.708779036998749 0.731573343276978 0.754367649555206 0.796887576580048 0.845982789993286 0.89507794380188 0.944173097610474 0.993268311023712 1.04236340522766 1.09145867824554 1.12639987468719
0.56987076997757 0.568219065666199 0.566567361354828 0.564915716648102 0.563264012336731 0.56161230802536 0.559960603713989 0.555534541606903 0.550183653831482 0.544832825660706 0.539481937885284 0.534131050109863 0.528780221939087 0.523429334163666 0.517314314842224 0.508906841278076 0.500499367713928 0.492091864347458 0.48368439078331 0.475276917219162 0.466869443655014 0.458461940288544 0.468960464000702 0.485760986804962 0.502561509609222 0.519361972808838 0.536162495613098 0.552963018417358 0.569763541221619 0.588307619094849 0.612082362174988 0.635857105255127 0.659631848335266 0.683406591415405 0.707181334495544 0.730956077575684 0.754730820655823 0.799785733222961 0.851934015750885 0.904082298278809 0.956230580806732 1.00837886333466 1.06052720546722 1.11267554759979 1.14978063106537
0.587205410003662 0.585668861865997 0.584132313728333 0.582595705986023 0.581059157848358 0.579522609710693 0.577986061573029 0.572581112384796 0.565886676311493 0.55919224023819 0.552497804164886 0.545803368091583 0.53910893201828 0.532414436340332 0.524724364280701 0.514047205448151 0.503370106220245 0.49269300699234 0.482015877962112 0.471338748931885 0.46066164970398 0.449984520673752 0.460145622491837 0.477252751588821 0.494359910488129 0.511467099189758 0.528574228286743 0.545681416988373 0.562788546085358 0.581807732582092 0.606562912464142 0.631318092346191 0.656073272228241 0.68082845211029 0.70558363199234 0.73033881187439 0.755093991756439 0.80268383026123 0.857885241508484 0.913086652755737 0.968288123607635 1.02348947525024 1.0786908864975 1.13389229774475 1.17316138744354
