data/working_set_collections/6091692-Cassins_Sparrow-M2/1980/lai_avg.asc
NCOLS 265 
NROWS 230 
XLLCORNER -115.5625 
YLLCORNER 24.8333333333333 
CELLSIZE 0.0833333333333333 
NODATA_value -9999 
[rows 20 to 39 of 230, columns 0 to 44 of 265]
0.619915008544922 0.635961830615997 0.652008652687073 0.668055474758148 0.684102296829224 0.700149118900299 0.716195940971375 0.732378959655762 0.748607456684113 0.764835953712463 0.781064450740814 0.79729288816452 0.813521385192871 0.829749882221222 0.839508950710297 0.829859852790833 0.820210754871368 0.810561656951904 0.80091255903244 0.791263461112976 0.781614363193512 0.771965265274048 0.772571444511414 0.776596128940582 0.780620753765106 0.78464537858963 0.788670063018799 0.792694687843323 0.796719372272491 0.802496314048767 0.813530206680298 0.824564039707184 0.835597932338715 0.846631824970245 0.857665717601776 0.868699550628662 0.879733443260193 0.905057907104492 0.935145974159241 0.965233981609344 0.995321989059448 1.0254100561142 1.05549812316895 1.0855860710144 1.1100994348526
0.619887709617615 0.634465575218201 0.649043440818787 0.663621306419373 0.678199231624603 0.692777097225189 0.707354962825775 0.720860600471497 0.7340087890625 0.747156977653503 0.760305166244507 0.77345335483551 0.786601543426514 0.799749732017517 0.806900203227997 0.796057641506195 0.785215020179749 0.774372458457947 0.7635298371315 0.752687275409698 0.741844654083252 0.73100209236145 0.731932938098907 0.736788272857666 0.741643607616425 0.746498942375183 0.751354277133942 0.756209552288055 0.761064887046814 0.767950654029846 0.780927777290344 0.793904840946198 0.806881904602051 0.819859027862549 0.832836091518402 0.845813155174255 0.858790278434753 0.885927200317383 0.917784094810486 0.949640929698944 0.981497824192047 1.01335465908051 1.04521155357361 1.07706844806671 1.102952003479
0.619860410690308 0.632969319820404 0.646078288555145 0.659187197685242 0.672296166419983 0.685405075550079 0.69851404428482 0.709342181682587 0.719410061836243 0.729478001594543 0.7395458817482 0.749613761901855 0.759681642055511 0.769749581813812 0.774291455745697 0.762255370616913 0.750219285488129 0.738183200359344 0.726147174835205 0.714111089706421 0.702075004577637 0.690038919448853 0.691294372081757 0.69698041677475 0.702666401863098 0.708352446556091 0.71403843164444 0.719724476337433 0.725410461425781 0.73340505361557 0.748325347900391 0.763245642185211 0.778165936470032 0.793086230754852 0.808006525039673 0.822926819324493 0.837847113609314 0.866796433925629 0.900422155857086 0.934047937393188 0.967673659324646 1.0012993812561 1.03492510318756 1.06855082511902 1.09580457210541
0.619833111763 0.631473124027252 0.643113136291504 0.654753088951111 0.666393101215363 0.678033113479614 0.689673066139221 0.697823762893677 0.70481139421463 0.711798965930939 0.718786597251892 0.725774228572845 0.732761800289154 0.739749431610107 0.741682708263397 0.728453159332275 0.715223610401154 0.701994001865387 0.688764452934265 0.675534844398499 0.662305295467377 0.649075746536255 0.65065586566925 0.657172560691833 0.663689255714417 0.670205950737 0.676722645759583 0.683239340782166 0.689756035804749 0.698859453201294 0.715722918510437 0.732586443424225 0.749449908733368 0.766313433647156 0.783176898956299 0.800040423870087 0.81690388917923 0.847665727138519 0.883060276508331 0.918454885482788 0.9538494348526 0.989244043827057 1.02463865280151 1.06003320217133 1.08865714073181
0.620775580406189 0.630282461643219 0.639789342880249 0.649296224117279 0.658803045749664 0.668309926986694 0.677816808223724 0.683312654495239 0.687471449375153 0.691630244255066 0.695789039134979 0.699947834014893 0.704106628894806 0.708265423774719 0.707977712154388 0.69435054063797 0.680723369121552 0.667096138000488 0.65346896648407 0.639841794967651 0.626214563846588 0.61258739233017 0.61434018611908 0.621219635009766 0.628099024295807 0.634978473186493 0.641857922077179 0.648737370967865 0.655616760253906 0.665395081043243 0.683870077133179 0.702345013618469 0.72081995010376 0.739294946193695 0.757769882678986 0.776244819164276 0.794719815254211 0.827313721179962 0.864614009857178 0.901914298534393 0.939214646816254 0.976514935493469 1.01381516456604 1.0511155128479 1.08116209506989
0.622687757015228 0.629397332668304 0.636106908321381 0.642816483974457 0.649526119232178 0.656235694885254 0.66294527053833 0.665808796882629 0.66739022731781 0.668971717357635 0.670553207397461 0.672134697437286 0.673716187477112 0.675297617912292 0.673176527023315 0.659947574138641 0.646718621253967 0.633489668369293 0.620260715484619 0.607031762599945 0.593802809715271 0.580573916435242 0.582347333431244 0.589121580123901 0.595895826816559 0.602670013904572 0.609444260597229 0.616218507289886 0.622992753982544 0.633012115955353 0.652766764163971 0.672521412372589 0.692276060581207 0.712030708789825 0.731785416603088 0.751540064811707 0.771294713020325 0.805740535259247 0.84508341550827 0.884426295757294 0.923769176006317 0.963111996650696 1.00245487689972 1.04179775714874 1.07331943511963
0.624599933624268 0.62851220369339 0.632424533367157 0.636336803436279 0.640249133110046 0.644161403179169 0.648073732852936 0.648304879665375 0.647309064865112 0.646313190460205 0.645317375659943 0.64432156085968 0.643325686454773 0.64232987165451 0.638375282287598 0.625544607639313 0.612713873386383 0.599883198738098 0.587052464485168 0.574221789836884 0.561391115188599 0.548560380935669 0.550354480743408 0.557023525238037 0.563692569732666 0.570361614227295 0.577030658721924 0.583699643611908 0.590368688106537 0.600629091262817 0.621663451194763 0.642697811126709 0.663732171058655 0.684766530990601 0.705800950527191 0.726835310459137 0.747869670391083 0.784167349338531 0.825552761554718 0.866938233375549 0.908323705196381 0.949709117412567 0.991094589233398 1.03248000144958 1.06547689437866
0.626512110233307 0.627627074718475 0.628742098808289 0.629857122898102 0.630972146987915 0.632087171077728 0.633202135562897 0.630801022052765 0.62722784280777 0.623654723167419 0.620081543922424 0.616508364677429 0.612935245037079 0.609362065792084 0.603574097156525 0.591141641139984 0.578709185123444 0.566276729106903 0.553844273090363 0.541411817073822 0.528979361057281 0.516546905040741 0.518361628055573 0.524925470352173 0.531489312648773 0.538053154945374 0.544616997241974 0.551180839538574 0.557744681835175 0.568246066570282 0.590560138225555 0.612874209880829 0.635188281536102 0.657502353191376 0.679816424846649 0.702130496501923 0.724444627761841 0.762594163417816 0.80602216720581 0.849450170993805 0.892878234386444 0.936306238174438 0.979734301567078 1.02316224575043 1.05763423442841
0.628424286842346 0.626742005348206 0.625059723854065 0.623377442359924 0.621695160865784 0.620012879371643 0.618330597877502 0.613297164440155 0.607146680355072 0.600996196269989 0.594845712184906 0.588695228099823 0.58254474401474 0.576394259929657 0.568772852420807 0.556738615036011 0.544704437255859 0.532670199871063 0.520636022090912 0.508601784706116 0.496567606925964 0.484533399343491 0.486368805170059 0.492827445268631 0.499286085367203 0.505744695663452 0.512203335762024 0.518661975860596 0.525120615959167 0.535863041877747 0.559456825256348 0.583050608634949 0.60664439201355 0.630238175392151 0.653831958770752 0.677425742149353 0.701019525527954 0.741020917892456 0.786491572856903 0.831962168216705 0.877432763576508 0.92290335893631 0.968373954296112 1.01384460926056 1.04979157447815
0.630336463451385 0.625856876373291 0.621377289295197 0.616897761821747 0.612418174743652 0.607938587665558 0.603459060192108 0.595793306827545 0.587065517902374 0.578337669372559 0.569609880447388 0.560882091522217 0.552154242992401 0.54342645406723 0.533971607685089 0.522335648536682 0.510699689388275 0.499063730239868 0.487427771091461 0.475791811943054 0.464155852794647 0.45251989364624 0.454375982284546 0.460729390382767 0.46708282828331 0.473436266183853 0.479789704084396 0.48614314198494 0.492496579885483 0.503480017185211 0.52835351228714 0.553227007389069 0.578100502490997 0.602973997592926 0.627847492694855 0.652720987796783 0.677594482898712 0.719447731971741 0.766960918903351 0.814474105834961 0.861987292766571 0.909500479698181 0.957013666629791 1.0045268535614 1.04194891452789
0.631396651268005 0.625340163707733 0.619283735752106 0.613227248191833 0.607170760631561 0.601114332675934 0.595057845115662 0.585705697536469 0.575254917144775 0.564804196357727 0.554353475570679 0.543902695178986 0.533451974391937 0.523001253604889 0.51218169927597 0.500255823135376 0.488329917192459 0.476404011249542 0.464478105306625 0.452552199363708 0.440626293420792 0.428700417280197 0.430719196796417 0.437386214733124 0.44405323266983 0.450720250606537 0.457387268543243 0.46405428647995 0.470721304416656 0.482188493013382 0.508056223392487 0.533923983573914 0.559791743755341 0.585659444332123 0.61152720451355 0.637394964694977 0.663262665271759 0.707261025905609 0.757302820682526 0.807344675064087 0.857386469841003 0.907428324222565 0.957470178604126 1.00751197338104 1.04697465896606
0.631604909896851 0.625191926956177 0.618778944015503 0.612365961074829 0.605952978134155 0.599539995193481 0.593127012252808 0.58303427696228 0.571714997291565 0.56039571762085 0.549076437950134 0.537757158279419 0.526437878608704 0.515118598937988 0.503403127193451 0.490499079227448 0.477595061063766 0.464691042900085 0.451787024736404 0.438883006572723 0.425978988409042 0.413074970245361 0.415398478507996 0.422797858715057 0.430197268724442 0.437596648931503 0.444996029138565 0.452395409345627 0.459794789552689 0.471988469362259 0.49856498837471 0.525141537189484 0.551718056201935 0.578294575214386 0.604871094226837 0.631447672843933 0.658024191856384 0.704460740089417 0.757517278194427 0.810573816299438 0.86363035440445 0.916686952114105 0.969743490219116 1.02280008792877 1.06486892700195
0.631813168525696 0.62504369020462 0.6182741522789 0.611504673957825 0.604735195636749 0.597965657711029 0.591196179389954 0.580362915992737 0.568175077438354 0.555987238883972 0.54379940032959 0.531611561775208 0.519423723220825 0.507235884666443 0.494624495506287 0.480742365121841 0.466860204935074 0.452978074550629 0.439095944166183 0.425213783979416 0.411331653594971 0.397449493408203 0.400077790021896 0.408209532499313 0.41634127497673 0.424473017454147 0.432604789733887 0.440736532211304 0.448868274688721 0.461788415908813 0.489073753356934 0.516359090805054 0.543644368648529 0.570929706096649 0.598215043544769 0.625500380992889 0.652785658836365 0.701660454273224 0.757731735706329 0.813803017139435 0.869874238967896 0.925945520401001 0.982016801834106 1.03808808326721 1.08276319503784
0.632021427154541 0.624895453453064 0.617769420146942 0.61064338684082 0.603517353534698 0.596391320228577 0.589265286922455 0.577691495418549 0.564635157585144 0.551578760147095 0.538522362709045 0.525466024875641 0.512409627437592 0.499353259801865 0.485845893621445 0.470985621213913 0.456125378608704 0.441265106201172 0.42640483379364 0.411544591188431 0.396684318780899 0.381824046373367 0.384757071733475 0.393621176481247 0.402485311031342 0.411349415779114 0.420213520526886 0.429077655076981 0.437941759824753 0.451588362455368 0.479582488536835 0.507576584815979 0.535570740699768 0.563564836978912 0.591558933258057 0.619553089141846 0.64754718542099 0.698860168457031 0.757946193218231 0.817032158374786 0.876118123531342 0.935204148292542 0.994290113449097 1.05337607860565 1.10065734386444
0.632229745388031 0.624747157096863 0.617264628410339 0.609782099723816 0.602299571037292 0.594817042350769 0.587334454059601 0.575020134449005 0.561095237731934 0.547170281410217 0.533245384693146 0.519320428371429 0.505395531654358 0.491470575332642 0.477067291736603 0.461228907108307 0.445390522480011 0.429552137851715 0.413713753223419 0.397875368595123 0.382036983966827 0.366198599338531 0.369436383247375 0.379032850265503 0.38862931728363 0.39822581410408 0.407822281122208 0.417418777942657 0.427015244960785 0.441388338804245 0.470091253519058 0.498794138431549 0.527497053146362 0.556199967861176 0.584902882575989 0.613605737686157 0.64230865240097 0.696059942245483 0.758160650730133 0.820261359214783 0.882362008094788 0.944462716579437 1.00656342506409 1.06866419315338 1.11855161190033
0.632438004016876 0.624598920345306 0.616759836673737 0.608920812606812 0.601081728935242 0.593242704868317 0.585403621196747 0.572348773479462 0.557555258274078 0.54276180267334 0.527968347072601 0.513174891471863 0.498381406068802 0.483587920665741 0.468288689851761 0.451472193002701 0.434655666351318 0.417839169502258 0.401022672653198 0.384206175804138 0.367389649152756 0.350573152303696 0.354115664958954 0.364444524049759 0.374773353338242 0.385102212429047 0.395431041717529 0.405759900808334 0.416088730096817 0.4311882853508 0.460599988698959 0.490011692047119 0.519423365592957 0.548835098743439 0.578246772289276 0.607658445835114 0.637070178985596 0.693259656429291 0.75837504863739 0.823490500450134 0.888605892658234 0.953721344470978 1.01883673667908 1.08395218849182 1.13644587993622
0.632772862911224 0.624583899974823 0.616394877433777 0.608205854892731 0.600016832351685 0.591827809810638 0.583638846874237 0.569912075996399 0.554339408874512 0.53876668214798 0.523194015026093 0.507621347904205 0.492048680782318 0.476475983858109 0.460337996482849 0.442503988742828 0.424669981002808 0.406836003065109 0.389001995325089 0.371167987585068 0.353334009647369 0.335500001907349 0.339339017868042 0.350402384996414 0.361465752124786 0.372529089450836 0.383592456579208 0.394655823707581 0.40571916103363 0.421496450901031 0.451415568590164 0.481334656476974 0.511253774166107 0.541172862052917 0.571091949939728 0.601011037826538 0.630930125713348 0.689455449581146 0.757516205310822 0.825576961040497 0.893637716770172 0.961698472499847 1.02975916862488 1.09781992435455 1.15282237529755
0.633234441280365 0.624702036380768 0.616169631481171 0.607637226581573 0.599104821681976 0.590572416782379 0.582040011882782 0.567710041999817 0.551447510719299 0.535184979438782 0.518922388553619 0.502659857273102 0.486397325992584 0.470134794712067 0.453215181827545 0.434324324131012 0.415433466434479 0.396542608737946 0.377651751041412 0.358760893344879 0.339870035648346 0.320979177951813 0.325106471776962 0.336906462907791 0.348706483840942 0.360506504774094 0.372306525707245 0.384106546640396 0.395906567573547 0.412312835454941 0.44253796339035 0.472763061523438 0.502988159656525 0.533213257789612 0.563438355922699 0.593663513660431 0.623888611793518 0.684647381305695 0.755584061145782 0.82652074098587 0.897457420825958 0.968394100666046 1.03933084011078 1.11026751995087 1.1676812171936
0.633696019649506 0.624820232391357 0.615944445133209 0.607068657875061 0.598192870616913 0.58931702375412 0.580441236495972 0.565508008003235 0.548555612564087 0.531603217124939 0.514650821685791 0.497698396444321 0.480746001005173 0.463793605566025 0.446092367172241 0.426144659519196 0.406196922063828 0.386249214410782 0.366301476955414 0.346353769302368 0.326406031847 0.306458324193954 0.31087389588356 0.32341057062149 0.335947245359421 0.348483920097351 0.361020594835281 0.373557269573212 0.386093944311142 0.40312922000885 0.433660328388214 0.4641914665699 0.494722574949265 0.525253713130951 0.555784821510315 0.586315929889679 0.616847038269043 0.679839313030243 0.753651916980743 0.827464520931244 0.901277124881744 0.97508978843689 1.04890239238739 1.12271499633789 1.18254005908966
0.634157538414001 0.624938368797302 0.615719199180603 0.606500029563904 0.597280859947205 0.588061690330505 0.578842461109161 0.563305974006653 0.545663714408875 0.528021454811096 0.510379195213318 0.49273693561554 0.475094676017761 0.457452416419983 0.438969552516937 0.417964965105057 0.396960377693176 0.375955820083618 0.354951232671738 0.333946645259857 0.312942057847977 0.291937470436096 0.296641319990158 0.309914648532867 0.323187977075577 0.336461335420609 0.349734663963318 0.363007992506027 0.376281321048737 0.393945604562759 0.4247827231884 0.455619871616364 0.486456990242004 0.517294108867645 0.548131227493286 0.578968405723572 0.609805524349213 0.675031185150146 0.751719772815704 0.828408300876617 0.905096888542175 0.981785416603088 1.058473944664 1.13516247272491 1.19739890098572
