data/working_set_collections/6091692-Cassins_Sparrow-M2/1980/lai_avg.asc
NCOLS 265 
NROWS 230 
XLLCORNER -115.5625 
YLLCORNER 24.8333333333333 
CELLSIZE 0.0833333333333333 
NODATA_value -9999 
[rows 120 to 139 of 230, columns 90 to 134 of 265]
1.07853043079376 1.03070402145386 0.982877552509308 0.935051143169403 0.887224674224854 0.839398264884949 0.791571795940399 0.771196722984314 0.759972155094147 0.748747527599335 0.737522900104523 0.726298332214355 0.715073704719543 0.703849136829376 0.695967853069305 0.698116660118103 0.700265407562256 0.702414214611053 0.704562962055206 0.706711769104004 0.708860516548157 0.711009323596954 0.732846558094025 0.761246562004089 0.789646625518799 0.818046629428864 0.846446633338928 0.874846696853638 0.903246700763702 0.919033050537109 0.896978139877319 0.874923229217529 0.852868378162384 0.830813467502594 0.808758616447449 0.786703705787659 0.764648854732513 0.738276302814484 0.710464537143707 0.682652831077576 0.654841065406799 0.627029299736023 0.599217593669891 0.571405827999115 0.554833292961121
1.1289769411087 1.07759666442871 1.02621626853943 0.974835932254791 0.923455595970154 0.872075259685516 0.820694923400879 0.79475462436676 0.777294397354126 0.759834170341492 0.742373883724213 0.724913656711578 0.707453370094299 0.689993143081665 0.67748099565506 0.679813325405121 0.682145595550537 0.684477925300598 0.686810255050659 0.689142525196075 0.691474854946136 0.693807125091553 0.722399711608887 0.759745657444 0.797091662883759 0.834437668323517 0.871783673763275 0.909129619598389 0.946475625038147 0.968293011188507 0.943524658679962 0.918756306171417 0.893987953662872 0.869219660758972 0.844451308250427 0.819682955741882 0.794914603233337 0.764412522315979 0.731999218463898 0.699585974216461 0.66717267036438 0.634759366512299 0.602346062660217 0.569932818412781 0.549630582332611
1.17942345142365 1.12448918819427 1.06955504417419 1.01462078094482 0.959686517715454 0.904752314090729 0.849818050861359 0.818312585353851 0.794616639614105 0.770920753479004 0.747224867343903 0.723528981208801 0.699833035469055 0.676137149333954 0.658994197845459 0.661509990692139 0.664025843143463 0.666541635990143 0.669057488441467 0.671573281288147 0.674089133739471 0.676604926586151 0.711952865123749 0.758244812488556 0.804536759853363 0.85082870721817 0.897120654582977 0.943412601947784 0.989704549312592 1.01755309104919 0.99007123708725 0.962589383125305 0.935107588768005 0.907625794410706 0.880143940448761 0.852662146091461 0.825180351734161 0.790548741817474 0.753533899784088 0.716519117355347 0.67950427532196 0.642489433288574 0.605474591255188 0.568459749221802 0.544427812099457
1.22986996173859 1.17138183116913 1.11289370059967 1.05440557003021 0.995917439460754 0.937429308891296 0.878941178321838 0.841870486736298 0.811938941478729 0.782007396221161 0.752075850963593 0.722144305706024 0.692212700843811 0.662281155586243 0.640507340431213 0.643206715583801 0.645906031131744 0.648605406284332 0.651304721832275 0.654004096984863 0.656703412532806 0.659402787685394 0.701506018638611 0.756743907928467 0.811981856822968 0.867219746112823 0.92245763540268 0.977695524692535 1.03293347358704 1.06681299209595 1.03661775588989 1.00642251968384 0.976227223873138 0.946031928062439 0.91583663225174 0.88564133644104 0.855446100234985 0.81668496131897 0.775068581104279 0.733452260494232 0.691835880279541 0.65021950006485 0.608603119850159 0.566986739635468 0.539225101470947
1.28031647205353 1.21827447414398 1.15623247623444 1.0941903591156 1.03214836120605 0.970106303691864 0.908064305782318 0.865428388118744 0.829261183738708 0.793093979358673 0.756926774978638 0.720759570598602 0.684592425823212 0.648425221443176 0.622020542621613 0.624903380870819 0.62778627872467 0.630669116973877 0.633551955223083 0.636434853076935 0.639317691326141 0.642200589179993 0.691059172153473 0.755243062973022 0.819426894187927 0.883610785007477 0.947794616222382 1.01197850704193 1.07616233825684 1.11607301235199 1.08316433429718 1.05025553703308 1.01734685897827 0.984438061714172 0.951529324054718 0.918620586395264 0.885711848735809 0.842821180820465 0.796603262424469 0.750385403633118 0.704167485237122 0.657949566841125 0.611731648445129 0.565513730049133 0.534022390842438
1.33076298236847 1.26516711711884 1.19957113265991 1.13397526741028 1.06837928295135 1.00278329849243 0.937187433242798 0.88898628950119 0.846583485603333 0.80418062210083 0.761777758598328 0.719374895095825 0.676972091197968 0.634569227695465 0.603533685207367 0.606600046157837 0.609666466712952 0.612732827663422 0.615799248218536 0.618865609169006 0.621932029724121 0.624998390674591 0.68061238527298 0.753742158412933 0.826871991157532 0.90000182390213 0.973131597042084 1.04626142978668 1.11939120292664 1.16533303260803 1.12971079349518 1.09408867359161 1.05846643447876 1.02284419536591 0.987222015857697 0.951599776744843 0.915977537631989 0.86895740032196 0.818137943744659 0.767318487167358 0.716499090194702 0.665679633617401 0.6148601770401 0.564040720462799 0.528819680213928
1.32623064517975 1.26124978065491 1.19626903533936 1.13128817081451 1.06630730628967 1.00132644176483 0.93634557723999 0.886995196342468 0.842854917049408 0.798714637756348 0.754574418067932 0.710434138774872 0.666293919086456 0.622153639793396 0.589913249015808 0.593372464179993 0.596831679344177 0.600290894508362 0.603750109672546 0.607209324836731 0.610668540000916 0.6141277551651 0.67259669303894 0.749402105808258 0.82620757818222 0.903013050556183 0.979818522930145 1.05662393569946 1.13342940807343 1.18190407752991 1.14538609981537 1.10886812210083 1.07235014438629 1.03583216667175 0.999314188957214 0.962796211242676 0.926278233528137 0.877878844738007 0.825519025325775 0.773159265518188 0.720799446105957 0.668439626693726 0.616079807281494 0.563719987869263 0.527139127254486
1.26671957969666 1.20652270317078 1.14632594585419 1.0861291885376 1.02593231201172 0.965735554695129 0.905538737773895 0.859454989433289 0.81807553768158 0.776696145534515 0.735316753387451 0.693937361240387 0.652557909488678 0.611178517341614 0.581159293651581 0.585220634937286 0.589281976222992 0.593343317508698 0.597404658794403 0.601466000080109 0.605527341365814 0.60958868265152 0.667012155056 0.742222964763641 0.817433774471283 0.892644584178925 0.967855393886566 1.04306614398956 1.1182769536972 1.16578602790833 1.13019001483917 1.09459400177002 1.05899798870087 1.02340185642242 0.987805843353271 0.952209830284119 0.916613757610321 0.869585514068604 0.818746507167816 0.767907559871674 0.717068552970886 0.666229546070099 0.615390539169312 0.564551591873169 0.528980851173401
1.20720839500427 1.15179562568665 1.09638285636902 1.04097008705139 0.985557377338409 0.930144667625427 0.8747318983078 0.831914782524109 0.793296217918396 0.754677653312683 0.71605908870697 0.677440524101257 0.638821959495544 0.600203394889832 0.572405338287354 0.57706880569458 0.581732273101807 0.586395740509033 0.59105920791626 0.595722675323486 0.600386142730713 0.60504961013794 0.661427617073059 0.73504376411438 0.808659911155701 0.882276058197021 0.955892205238342 1.02950835227966 1.10312449932098 1.14966809749603 1.11499404907227 1.08031988143921 1.04564571380615 1.01097166538239 0.976297557353973 0.941623449325562 0.90694934129715 0.8612921833992 0.811973989009857 0.762655854225159 0.713337659835815 0.664019525051117 0.614701330661774 0.565383195877075 0.530822575092316
1.14769721031189 1.09706854820251 1.04643988609314 0.99581116437912 0.9451824426651 0.894553780555725 0.843925058841705 0.804374575614929 0.768516838550568 0.732659161090851 0.696801424026489 0.660943686962128 0.625085949897766 0.589228212833405 0.563651323318481 0.568916916847229 0.574182510375977 0.579448163509369 0.584713757038116 0.589979350566864 0.595244944095612 0.600510537624359 0.655843079090118 0.727864563465118 0.799886047840118 0.871907532215118 0.943929076194763 1.01595056056976 1.08797204494476 1.13355016708374 1.09979796409607 1.0660457611084 1.03229355812073 0.998541414737701 0.96478921175003 0.931037068367004 0.897284865379333 0.852998793125153 0.805201470851898 0.757404148578644 0.709606766700745 0.66180944442749 0.614012122154236 0.566214740276337 0.53266429901123
1.08818602561951 1.04234147071838 0.996496796607971 0.950652122497559 0.904807507991791 0.858962893486023 0.81311821937561 0.776834428310394 0.743737518787384 0.710640609264374 0.677543759346008 0.644446849822998 0.611349940299988 0.578253090381622 0.554897367954254 0.560765087604523 0.566632807254791 0.57250052690506 0.578368246555328 0.584236025810242 0.59010374546051 0.595971465110779 0.650258541107178 0.720685362815857 0.791112244129181 0.86153906583786 0.931965887546539 1.00239276885986 1.07281959056854 1.11743211746216 1.08460187911987 1.05177164077759 1.0189414024353 0.986111164093018 0.953280925750732 0.920450687408447 0.887620449066162 0.84470546245575 0.798428952693939 0.752152442932129 0.705875933170319 0.659599363803864 0.613322854042053 0.567046344280243 0.534506022930145
1.02867496013641 0.987614333629608 0.946553766727448 0.905493140220642 0.864432573318481 0.823372006416321 0.782311379909515 0.749294221401215 0.718958139419556 0.688622117042542 0.658286094665527 0.627950012683868 0.597613990306854 0.567277908325195 0.546143352985382 0.552613198757172 0.559083104133606 0.565552949905396 0.572022795677185 0.578492701053619 0.584962546825409 0.591432392597198 0.644674003124237 0.713506162166595 0.782338380813599 0.851170539855957 0.92000275850296 0.988834917545319 1.05766713619232 1.10131418704987 1.06940591335297 1.03749752044678 1.00558924674988 0.973680913448334 0.94177258014679 0.90986430644989 0.877955973148346 0.836412131786346 0.79165643453598 0.746900737285614 0.702145040035248 0.657389342784882 0.612633645534515 0.567877948284149 0.53634774684906
0.969627380371094 0.932923138141632 0.896218955516815 0.859514772891998 0.822810530662537 0.78610634803772 0.749402105808258 0.719685196876526 0.692297458648682 0.664909660816193 0.637521862983704 0.610134065151215 0.58274632692337 0.555358529090881 0.536543667316437 0.543447554111481 0.550351440906525 0.557255327701569 0.564159274101257 0.571063160896301 0.577967047691345 0.584870934486389 0.636625707149506 0.703330755233765 0.770035743713379 0.836740791797638 0.903445839881897 0.970150887966156 1.03685593605042 1.07926094532013 1.04876577854156 1.018270611763 0.987775385379791 0.957280218601227 0.926785051822662 0.896289885044098 0.865794718265533 0.826016306877136 0.78314346075058 0.740270614624023 0.697397768497467 0.654524922370911 0.611652076244354 0.568779230117798 0.538514614105225
0.911043465137482 0.8782679438591 0.845492422580719 0.812716901302338 0.779941439628601 0.74716591835022 0.714390397071838 0.688007473945618 0.663755357265472 0.639503240585327 0.615251123905182 0.590999066829681 0.566746950149536 0.542494833469391 0.526098191738129 0.53326803445816 0.540437877178192 0.547607719898224 0.554777562618256 0.561947405338287 0.569117248058319 0.576287090778351 0.626113593578339 0.690159022808075 0.754204392433167 0.818249762058258 0.882295191287994 0.946340560913086 1.01038599014282 1.05127227306366 1.02268147468567 0.994090735912323 0.965499877929688 0.936909079551697 0.908318281173706 0.879727482795715 0.851136684417725 0.813517987728119 0.772890031337738 0.732262074947357 0.691634118556976 0.651006162166595 0.610378205776215 0.569750189781189 0.541006624698639
0.85245954990387 0.823612749576569 0.794765889644623 0.765919089317322 0.737072288990021 0.70822548866272 0.679378688335419 0.656329691410065 0.635213255882263 0.614096820354462 0.592980444431305 0.571864008903503 0.550747573375702 0.5296311378479 0.515652775764465 0.523088574409485 0.530524373054504 0.537960112094879 0.545395910739899 0.552831709384918 0.560267508029938 0.567703247070312 0.615601539611816 0.676987290382385 0.738373041152954 0.799758791923523 0.861144542694092 0.922530293464661 0.98391604423523 1.02328372001648 0.996597290039062 0.969910860061646 0.943224430084229 0.916538000106812 0.88985151052475 0.863165080547333 0.836478650569916 0.801019728183746 0.762636601924896 0.724253535270691 0.685870468616486 0.647487342357635 0.60910427570343 0.570721209049225 0.543498635292053
0.793875634670258 0.768957495689392 0.744039416313171 0.719121277332306 0.694203197956085 0.669285118579865 0.644366979598999 0.624651908874512 0.606671154499054 0.588690459728241 0.570709705352783 0.552728950977325 0.534748196601868 0.516767501831055 0.505207359790802 0.512909114360809 0.520610809326172 0.528312504291534 0.536014258861542 0.543715953826904 0.551417708396912 0.559119403362274 0.605089426040649 0.663815557956696 0.722541689872742 0.781267762184143 0.839993894100189 0.898719966411591 0.957446098327637 0.995295166969299 0.970513105392456 0.945730984210968 0.920948922634125 0.896166861057281 0.871384739875793 0.84660267829895 0.821820616722107 0.788521409034729 0.752383232116699 0.716244995594025 0.680106818675995 0.64396858215332 0.60783040523529 0.571692168712616 0.545990645885468
0.735291659832001 0.71430230140686 0.693312883377075 0.67232346534729 0.65133410692215 0.630344688892365 0.609355270862579 0.592974126338959 0.57812911272049 0.563284039497375 0.548438966274261 0.533593893051147 0.518748879432678 0.503903806209564 0.494761943817139 0.502729594707489 0.510697245597839 0.518664956092834 0.526632606983185 0.534600257873535 0.542567908763885 0.550535559654236 0.594577372074127 0.650643825531006 0.706710278987885 0.762776732444763 0.818843245506287 0.874909698963165 0.930976152420044 0.967306613922119 0.944428861141205 0.921551167964935 0.898673415184021 0.875795722007751 0.852917969226837 0.830040276050568 0.807162582874298 0.776023149490356 0.742129802703857 0.708236455917358 0.674343168735504 0.640449821949005 0.606556475162506 0.572663187980652 0.548482656478882
0.676707744598389 0.659647047519684 0.642586350440979 0.625525653362274 0.608464956283569 0.591404259204865 0.57434356212616 0.561296343803406 0.54958701133728 0.53787761926651 0.52616822719574 0.514458894729614 0.502749502658844 0.491040140390396 0.484316498041153 0.492550104856491 0.500783741474152 0.50901734828949 0.517250955104828 0.525484561920166 0.533718168735504 0.541951775550842 0.58406525850296 0.637472093105316 0.690878927707672 0.744285762310028 0.797692596912384 0.85109943151474 0.904506206512451 0.939318001270294 0.918344676494598 0.897371292114258 0.876397967338562 0.855424582958221 0.834451258182526 0.813477873802185 0.792504489421844 0.763524830341339 0.731876373291016 0.700227916240692 0.668579518795013 0.63693106174469 0.605282604694366 0.573634147644043 0.550974667072296
0.641811549663544 0.626429557800293 0.611047625541687 0.595665693283081 0.58028370141983 0.564901769161224 0.549519836902618 0.538373231887817 0.528638482093811 0.51890367269516 0.509168922901154 0.499434143304825 0.489699363708496 0.479964584112167 0.474703729152679 0.482864737510681 0.491025745868683 0.499186724424362 0.507347702980042 0.515508711338043 0.523669719696045 0.531830728054047 0.571482539176941 0.621631324291229 0.671780109405518 0.721928894519806 0.772077679634094 0.822226464748383 0.872375249862671 0.90514999628067 0.885802626609802 0.866455316543579 0.847107946872711 0.827760577201843 0.80841326713562 0.789065897464752 0.769718587398529 0.742956459522247 0.713722705841064 0.684489011764526 0.655255258083344 0.626021564006805 0.596787810325623 0.567554116249084 0.546573042869568
0.630603015422821 0.614649832248688 0.598696708679199 0.582743525505066 0.566790342330933 0.550837218761444 0.534884035587311 0.524204790592194 0.515283524990082 0.50636225938797 0.497440963983536 0.488519698381424 0.479598432779312 0.470677137374878 0.465923637151718 0.473673492670059 0.481423318386078 0.489173144102097 0.496922969818115 0.504672825336456 0.512422621250153 0.520172476768494 0.556829154491425 0.603121519088745 0.649413824081421 0.695706188678741 0.741998493671417 0.788290858268738 0.834583163261414 0.864802479743958 0.846802830696106 0.82880312204361 0.810803472995758 0.792803764343262 0.77480411529541 0.756804406642914 0.738804697990417 0.714317917823792 0.687668800354004 0.661019623279572 0.634370446205139 0.607721328735352 0.581072151660919 0.554423034191132 0.535277664661407
