data/working_set_collections/6091692-Cassins_Sparrow-M2/1980/lai_avg.asc
NCOLS 265 
NROWS 230 
XLLCORNER -115.5625 
YLLCORNER 24.8333333333333 
CELLSIZE 0.0833333333333333 
NODATA_value -9999 
[rows 80 to 99 of 230, columns 135 to 179 of 265]
0.845594108104706 0.815777719020844 0.785961329936981 0.756144881248474 0.726328492164612 0.696512043476105 0.666695654392242 0.655180633068085 0.649766087532043 0.644351541996002 0.638936936855316 0.633522391319275 0.628107845783234 0.622693300247192 0.620453834533691 0.62773984670639 0.635025799274445 0.642311751842499 0.649597704410553 0.656883656978607 0.664169609546661 0.671455562114716 0.689629375934601 0.71143251657486 0.733235597610474 0.755038738250732 0.776841819286346 0.798644959926605 0.820448040962219 0.839847981929779 0.852038323879242 0.86422872543335 0.876419067382812 0.88860946893692 0.900799810886383 0.912990212440491 0.925180554389954 0.931058764457703 0.934832870960236 0.938606977462769 0.942381083965302 0.946155250072479 0.949929356575012 0.953703463077545 0.957764685153961
0.860144734382629 0.829964637756348 0.799784600734711 0.769604504108429 0.739424407482147 0.709244310855865 0.679064273834229 0.667405903339386 0.661921501159668 0.656437039375305 0.650952637195587 0.645468175411224 0.639983773231506 0.634499311447144 0.632219552993774 0.639553904533386 0.646888196468353 0.65422248840332 0.661556780338287 0.668891131877899 0.676225423812866 0.683559715747833 0.700960278511047 0.721716284751892 0.742472290992737 0.763228237628937 0.783984243869781 0.804740250110626 0.825496196746826 0.843905031681061 0.85527229309082 0.86663955450058 0.878006815910339 0.889374017715454 0.900741279125214 0.912108540534973 0.923475801944733 0.928471028804779 0.93134218454361 0.934213399887085 0.93708461523056 0.939955770969391 0.942826986312866 0.945698142051697 0.949221193790436
0.874695360660553 0.844151616096497 0.81360787153244 0.783064067363739 0.752520322799683 0.721976578235626 0.69143283367157 0.679631173610687 0.674076855182648 0.668522536754608 0.662968277931213 0.657413959503174 0.651859641075134 0.64630538225174 0.643985271453857 0.651367962360382 0.658750593662262 0.666133224964142 0.673515915870667 0.680898547172546 0.688281238079071 0.695663869380951 0.712291181087494 0.732000052928925 0.751708924770355 0.771417796611786 0.791126668453217 0.810835540294647 0.830544412136078 0.847962081432343 0.858506202697754 0.869050323963165 0.879594504833221 0.890138626098633 0.900682747364044 0.9112269282341 0.921771049499512 0.925883293151855 0.927851557731628 0.929819822311401 0.931788086891174 0.933756351470947 0.93572461605072 0.937692880630493 0.94067770242691
0.889245986938477 0.858338534832001 0.82743114233017 0.796523690223694 0.765616297721863 0.734708845615387 0.703801453113556 0.691856443881989 0.686232268810272 0.680608093738556 0.67498391866684 0.669359743595123 0.663735568523407 0.658111393451691 0.65575098991394 0.663182020187378 0.670612990856171 0.678044021129608 0.685474991798401 0.692906022071838 0.700336992740631 0.707768023014069 0.72362208366394 0.742283821105957 0.760945558547974 0.77960729598999 0.798269033432007 0.816930830478668 0.835592567920685 0.852019131183624 0.861740112304688 0.871461153030396 0.881182193756104 0.890903234481812 0.900624215602875 0.910345256328583 0.920066297054291 0.923295557498932 0.924360871315002 0.925426244735718 0.926491558551788 0.927556872367859 0.928622245788574 0.929687559604645 0.932134211063385
0.901713013648987 0.870488822460175 0.839264690876007 0.808040499687195 0.776816368103027 0.745592176914215 0.714368045330048 0.702333629131317 0.696695744991302 0.691057920455933 0.685420036315918 0.679782211780548 0.674144327640533 0.668506503105164 0.666164577007294 0.673710465431213 0.681256353855133 0.688802242279053 0.696348190307617 0.703894078731537 0.711439967155457 0.718985855579376 0.734110474586487 0.751761317253113 0.769412219524384 0.78706306219101 0.80471396446228 0.822364807128906 0.840015649795532 0.855492830276489 0.86444890499115 0.87340497970581 0.882361054420471 0.891317129135132 0.900273203849792 0.909229338169098 0.918185412883759 0.920600712299347 0.920835793018341 0.92107093334198 0.921306014060974 0.921541094779968 0.921776175498962 0.922011315822601 0.923962473869324
0.912096500396729 0.880602538585663 0.849108576774597 0.817614555358887 0.786120593547821 0.754626631736755 0.72313266992569 0.711062669754028 0.705467343330383 0.699872016906738 0.694276690483093 0.688681304454803 0.683085978031158 0.677490651607513 0.675225973129272 0.682953357696533 0.690680682659149 0.698408007621765 0.706135392189026 0.713862717151642 0.721590042114258 0.729317367076874 0.743756413459778 0.760432600975037 0.77710884809494 0.793785095214844 0.810461282730103 0.827137529850006 0.84381377696991 0.858383238315582 0.866632521152496 0.874881863594055 0.883131146430969 0.891380429267883 0.899629771709442 0.907879054546356 0.91612833738327 0.917798817157745 0.917276382446289 0.916753888130188 0.916231453418732 0.915708959102631 0.915186524391174 0.914664030075073 0.916162490844727
0.92247998714447 0.890716195106506 0.858952403068542 0.827188611030579 0.79542487859726 0.763661086559296 0.731897294521332 0.719791769981384 0.714238941669464 0.708686113357544 0.703133285045624 0.697580456733704 0.692027628421783 0.686474800109863 0.684287428855896 0.692196190357208 0.700105011463165 0.708013772964478 0.715922594070435 0.723831355571747 0.731740117073059 0.739648938179016 0.753402292728424 0.76910388469696 0.784805476665497 0.800507068634033 0.81620866060257 0.831910252571106 0.847611844539642 0.861273646354675 0.868816196918488 0.876358687877655 0.883901238441467 0.891443729400635 0.898986279964447 0.906528770923615 0.914071321487427 0.914996922016144 0.913716912269592 0.912436902523041 0.911156833171844 0.909876823425293 0.908596813678741 0.90731680393219 0.908362507820129
0.932863473892212 0.90082985162735 0.868796288967133 0.83676266670227 0.804729104042053 0.772695541381836 0.740661919116974 0.728520810604095 0.723010540008545 0.71750020980835 0.711989879608154 0.706479609012604 0.700969278812408 0.695459008216858 0.693348824977875 0.701439082622528 0.709529280662537 0.71761953830719 0.725709795951843 0.733799993991852 0.741890251636505 0.749980449676514 0.763048231601715 0.777775168418884 0.792502105236053 0.807229042053223 0.821956038475037 0.836682975292206 0.851409912109375 0.864164054393768 0.870999813079834 0.877835512161255 0.88467127084732 0.891507029533386 0.898342788219452 0.905178546905518 0.912014245986938 0.912195026874542 0.910157442092896 0.908119857311249 0.906082272529602 0.904044687747955 0.902007102966309 0.899969518184662 0.900562465190887
0.943246960639954 0.910943567752838 0.878640174865723 0.846336781978607 0.814033389091492 0.781729996204376 0.749426603317261 0.737249910831451 0.731782078742981 0.726314306259155 0.72084653377533 0.715378761291504 0.709910929203033 0.704443156719208 0.702410221099854 0.710681915283203 0.718953609466553 0.727225303649902 0.735496997833252 0.743768632411957 0.752040326595306 0.760312020778656 0.772694170475006 0.786446452140808 0.800198793411255 0.813951075077057 0.827703356742859 0.841455698013306 0.855207979679108 0.867054462432861 0.87318342924118 0.8793123960495 0.885441362857819 0.891570329666138 0.897699296474457 0.903828263282776 0.909957230091095 0.909393131732941 0.906597971916199 0.903802871704102 0.90100771188736 0.898212552070618 0.89541745185852 0.892622292041779 0.89276248216629
0.95363038778305 0.921057224273682 0.888484001159668 0.855910837650299 0.823337614536285 0.790764391422272 0.758191227912903 0.745978951454163 0.740553677082062 0.735128402709961 0.72970312833786 0.724277853965759 0.718852579593658 0.713427364826202 0.711471676826477 0.719924807548523 0.728377938270569 0.736831068992615 0.745284199714661 0.753737270832062 0.762190401554108 0.770643532276154 0.782340049743652 0.795117735862732 0.807895421981812 0.820673048496246 0.833450734615326 0.846228420734406 0.85900604724884 0.869944870471954 0.875367045402527 0.880789220333099 0.886211395263672 0.891633629798889 0.897055804729462 0.902477979660034 0.907900214195251 0.906591236591339 0.903038501739502 0.89948582649231 0.895933151245117 0.89238041639328 0.888827741146088 0.885275065898895 0.884962439537048
0.945647120475769 0.914162993431091 0.882678866386414 0.851194679737091 0.819710552692413 0.788226425647736 0.756742238998413 0.745189785957336 0.740281105041504 0.735372483730316 0.730463862419128 0.725555241107941 0.720646619796753 0.71573793888092 0.714223146438599 0.722889840602875 0.731556475162506 0.740223169326782 0.748889803886414 0.75755649805069 0.766223132610321 0.774889826774597 0.785995841026306 0.797915041446686 0.809834182262421 0.821753323078156 0.833672523498535 0.84559166431427 0.85751086473465 0.867698788642883 0.872693181037903 0.877687513828278 0.882681846618652 0.887676239013672 0.892670571804047 0.897664904594421 0.902659296989441 0.901267111301422 0.89774614572525 0.894225180149078 0.890704214572906 0.887183248996735 0.883662283420563 0.880141317844391 0.879968106746674
0.919297099113464 0.890260875225067 0.86122465133667 0.832188427448273 0.803152203559875 0.774115979671478 0.745079755783081 0.734882295131683 0.730964422225952 0.727046549320221 0.72312867641449 0.719210803508759 0.715292930603027 0.711375057697296 0.710664689540863 0.719577014446259 0.728489339351654 0.737401604652405 0.7463139295578 0.755226194858551 0.764138519763947 0.773050785064697 0.783661484718323 0.794838309288025 0.806015133857727 0.817191898822784 0.828368723392487 0.839545547962189 0.850722372531891 0.860316336154938 0.865161776542664 0.870007216930389 0.874852657318115 0.879698157310486 0.884543597698212 0.889389038085938 0.894234478473663 0.893420875072479 0.890720903873444 0.888020932674408 0.885320961475372 0.882620990276337 0.879921019077301 0.877221047878265 0.877779304981232
0.892947018146515 0.866358757019043 0.839770436286926 0.81318211555481 0.786593854427338 0.760005533695221 0.733417212963104 0.72457480430603 0.7216477394104 0.718720614910126 0.715793490409851 0.712866365909576 0.709939241409302 0.707012116909027 0.707106292247772 0.716264188289642 0.725422143936157 0.734580039978027 0.743737995624542 0.752895951271057 0.762053847312927 0.771211802959442 0.781327128410339 0.791761577129364 0.802196025848389 0.812630474567413 0.823064982891083 0.833499431610107 0.843933880329132 0.852933883666992 0.857630431652069 0.862326979637146 0.867023527622223 0.871720016002655 0.876416563987732 0.881113111972809 0.885809659957886 0.885574579238892 0.883695662021637 0.881816685199738 0.879937708377838 0.878058731555939 0.876179754734039 0.874300837516785 0.875590562820435
0.86659699678421 0.842456638813019 0.818316221237183 0.794175863265991 0.7700355052948 0.745895087718964 0.721754729747772 0.714267373085022 0.712330996990204 0.710394620895386 0.708458304405212 0.706521928310394 0.704585552215576 0.702649235725403 0.703547835350037 0.712951421737671 0.72235494852066 0.731758534908295 0.741162121295929 0.750565648078918 0.759969234466553 0.769372820854187 0.778992772102356 0.788684844970703 0.798376977443695 0.808069050312042 0.817761182785034 0.827453315258026 0.837145388126373 0.845551371574402 0.85009902715683 0.854646682739258 0.859194338321686 0.863741934299469 0.868289589881897 0.872837245464325 0.877384901046753 0.877728343009949 0.876670360565186 0.875612437725067 0.874554455280304 0.873496472835541 0.872438549995422 0.871380567550659 0.873401820659637
0.840246975421906 0.818554520606995 0.796862065792084 0.775169610977173 0.753477156162262 0.731784701347351 0.71009224653244 0.703959882259369 0.703014314174652 0.70206868648529 0.701123118400574 0.700177490711212 0.699231863021851 0.698286294937134 0.699989378452301 0.709638595581055 0.719287812709808 0.728936970233917 0.738586187362671 0.748235404491425 0.757884562015533 0.767533779144287 0.776658415794373 0.785608172416687 0.794557929039001 0.803507626056671 0.812457382678986 0.8214071393013 0.830356895923615 0.838168919086456 0.842567622661591 0.84696638584137 0.851365149021149 0.855763852596283 0.860162615776062 0.864561319351196 0.868960082530975 0.869882047176361 0.869645118713379 0.869408130645752 0.86917120218277 0.868934273719788 0.868697285652161 0.868460357189178 0.87121307849884
0.813896894454956 0.79465240240097 0.77540785074234 0.75616329908371 0.736918747425079 0.717674255371094 0.698429703712463 0.693652451038361 0.693697571754456 0.693742752075195 0.693787932395935 0.69383305311203 0.69387823343277 0.693923354148865 0.696430921554565 0.706325769424438 0.716220617294312 0.726115465164185 0.736010253429413 0.745905101299286 0.755799949169159 0.765694797039032 0.774324059486389 0.782531440258026 0.790738821029663 0.7989462018013 0.807153642177582 0.815361022949219 0.823568403720856 0.830786466598511 0.835036277770996 0.839286088943481 0.843535959720612 0.847785770893097 0.852035641670227 0.856285452842712 0.860535264015198 0.862035810947418 0.862619817256927 0.863203883171082 0.863787949085236 0.86437201499939 0.864956080913544 0.865540087223053 0.869024336338043
0.788642168045044 0.771754741668701 0.754867374897003 0.73797994852066 0.721092522144318 0.704205095767975 0.687317728996277 0.683825790882111 0.684799015522003 0.685772240161896 0.686745464801788 0.687718749046326 0.688691973686218 0.689665198326111 0.692942023277283 0.703129529953003 0.713317096233368 0.723504602909088 0.733692109584808 0.743879675865173 0.754067182540894 0.764254748821259 0.772394001483917 0.779850602149963 0.787307143211365 0.794763743877411 0.802220284938812 0.809676885604858 0.81713342666626 0.82374495267868 0.827821254730225 0.831897616386414 0.835973918437958 0.840050220489502 0.844126582145691 0.848202884197235 0.852279186248779 0.854297578334808 0.855629980564117 0.856962323188782 0.858294725418091 0.8596271276474 0.860959529876709 0.862291872501373 0.866470515727997
0.764482736587524 0.749861657619476 0.735240578651428 0.72061949968338 0.705998420715332 0.691377341747284 0.676756262779236 0.674479961395264 0.67631858587265 0.678157210350037 0.679995834827423 0.681834518909454 0.683673143386841 0.685511767864227 0.689522564411163 0.700049877166748 0.710577130317688 0.721104443073273 0.731631755828857 0.742159008979797 0.752686321735382 0.763213634490967 0.770868360996246 0.777565658092499 0.784262895584106 0.790960133075714 0.797657430171967 0.804354667663574 0.811051905155182 0.81704443693161 0.820922613143921 0.824800848960876 0.828679025173187 0.832557260990143 0.836435437202454 0.840313673019409 0.84419184923172 0.846667408943176 0.848675489425659 0.850683510303497 0.852691531181335 0.854699611663818 0.856707632541656 0.858715653419495 0.863551676273346
0.74032324552536 0.727968513965607 0.715613782405853 0.703258991241455 0.690904259681702 0.678549528121948 0.666194796562195 0.665134131908417 0.667838156223297 0.670542180538177 0.673246204853058 0.675950288772583 0.678654313087463 0.681358337402344 0.686103165149689 0.696970164775848 0.707837224006653 0.718704283237457 0.729571342468262 0.740438401699066 0.751305460929871 0.762172520160675 0.769342720508575 0.775280714035034 0.781218647956848 0.787156581878662 0.793094515800476 0.799032509326935 0.804970443248749 0.81034392118454 0.814023971557617 0.817704081535339 0.821384191513062 0.825064241886139 0.828744351863861 0.832424402236938 0.836104512214661 0.839037299156189 0.841720998287201 0.844404697418213 0.847088396549225 0.849772095680237 0.852455794811249 0.855139493942261 0.860632836818695
0.716163814067841 0.706075370311737 0.695986986160278 0.685898542404175 0.675810158252716 0.665721714496613 0.655633330345154 0.65578830242157 0.659357726573944 0.662927150726318 0.666496574878693 0.670066058635712 0.673635482788086 0.67720490694046 0.682683706283569 0.693890511989594 0.705097317695618 0.716304183006287 0.727510988712311 0.738717794418335 0.749924600124359 0.761131405830383 0.767817080020905 0.77299576997757 0.77817440032959 0.78335303068161 0.78853166103363 0.793710291385651 0.798888921737671 0.80364340543747 0.807125389575958 0.810607314109802 0.814089298248291 0.817571222782135 0.821053206920624 0.824535191059113 0.828017115592957 0.831407129764557 0.834766507148743 0.838125884532928 0.84148520231247 0.844844579696655 0.848203897476196 0.851563274860382 0.857713997364044
