data/working_set_collections/6091692-Cassins_Sparrow-M2/1980/lwgnt_avg.asc
NCOLS 265 
NROWS 230 
XLLCORNER -115.5625 
YLLCORNER 24.8333333333333 
CELLSIZE 0.0833333333333333 
NODATA_value -9999 
[rows 180 to 199 of 230, columns 176 to 219 of 265]
-85.7758483886719 -85.0272369384766 -84.2786178588867 -83.6260757446289 -83.2617492675781 -82.8974151611328 -82.533088684082 -82.1687622070312 -81.8044281005859 -81.4401016235352 -81.0757751464844 -80.698616027832 -80.3171844482422 -79.9357528686523 -79.5543212890625 -79.1728973388672 -78.7914657592773 -78.4100341796875 -78.0202484130859 -77.6054000854492 -77.190559387207 -76.7757186889648 -76.3608703613281 -75.9460296630859 -75.5311813354492 -75.116340637207 -74.8428497314453 -74.6164779663086 -74.3901062011719 -74.1637344360352 -73.9373626708984 -73.7109909057617 -73.4846267700195 -73.2011566162109 -72.7464218139648 -72.2916793823242 -71.8369369506836 -71.382194519043 -70.9274520874023 -70.4727172851562 -70.0179748535156 -69.5510025024414 -69.079963684082 -68.6089172363281
-85.7785339355469 -85.0593643188477 -84.3401947021484 -83.7096939086914 -83.3452224731445 -82.9807510375977 -82.6162796020508 -82.2518081665039 -81.887336730957 -81.5228652954102 -81.1583938598633 -80.7837677001953 -80.40576171875 -80.0277481079102 -79.6497344970703 -79.271728515625 -78.8937149047852 -78.5157012939453 -78.1276245117188 -77.7093276977539 -77.2910308837891 -76.8727340698242 -76.4544448852539 -76.0361480712891 -75.6178512573242 -75.1995544433594 -74.9168167114258 -74.6792526245117 -74.4416961669922 -74.2041397094727 -73.9665832519531 -73.7290191650391 -73.4914627075195 -73.1916809082031 -72.7052230834961 -72.2187652587891 -71.732307434082 -71.245849609375 -70.759391784668 -70.2729339599609 -69.7864761352539 -69.3320007324219 -68.8881912231445 -68.4443817138672
-85.7812118530273 -85.0914916992188 -84.4017639160156 -83.7933120727539 -83.4287033081055 -83.0640869140625 -82.6994705200195 -82.3348617553711 -81.9702453613281 -81.6056289672852 -81.2410202026367 -80.8689193725586 -80.4943313598633 -80.119743347168 -79.7451477050781 -79.3705596923828 -78.9959716796875 -78.6213760375977 -78.2350006103516 -77.8132553100586 -77.3915023803711 -76.9697570800781 -76.5480117797852 -76.1262664794922 -75.7045211791992 -75.2827758789062 -74.9907760620117 -74.7420349121094 -74.4932861328125 -74.2445373535156 -73.9957962036133 -73.7470474243164 -73.4983062744141 -73.1822052001953 -72.6640243530273 -72.1458511352539 -71.6276779174805 -71.1094970703125 -70.5913238525391 -70.0731506347656 -69.5549774169922 -69.1129989624023 -68.696418762207 -68.2798385620117
-85.7838973999023 -85.1236114501953 -84.4633331298828 -83.8769378662109 -83.5121765136719 -83.1474227905273 -82.7826690673828 -82.4179077148438 -82.0531539916992 -81.6884002685547 -81.3236389160156 -80.9540710449219 -80.5829010009766 -80.2117309570312 -79.8405609130859 -79.4693908691406 -79.0982208251953 -78.72705078125 -78.3423767089844 -77.9171752929688 -77.4919815063477 -77.066780090332 -76.6415863037109 -76.2163848876953 -75.7911911010742 -75.3659896850586 -75.0647430419922 -74.8048095703125 -74.5448760986328 -74.2849426269531 -74.0250091552734 -73.7650756835938 -73.5051422119141 -73.172721862793 -72.6228332519531 -72.0729370117188 -71.5230484008789 -70.9731521606445 -70.4232635498047 -69.8733673095703 -69.3234786987305 -68.8939895629883 -68.5046463012695 -68.1152954101562
-85.7865753173828 -85.1557388305664 -84.52490234375 -83.9605560302734 -83.5956573486328 -83.2307586669922 -82.8658599853516 -82.5009613037109 -82.1360626220703 -81.7711639404297 -81.4062652587891 -81.0392227172852 -80.6714782714844 -80.3037261962891 -79.9359741210938 -79.5682220458984 -79.2004776000977 -78.8327255249023 -78.4497528076172 -78.0211029052734 -77.5924530029297 -77.1638031005859 -76.7351531982422 -76.3065032958984 -75.8778533935547 -75.4492034912109 -75.1387023925781 -74.8675842285156 -74.5964660644531 -74.3253479003906 -74.0542221069336 -73.7831039428711 -73.5119857788086 -73.1632461547852 -72.5816345214844 -72.0000228881836 -71.4184112548828 -70.8368072509766 -70.2551956176758 -69.673583984375 -69.0919799804688 -68.6749877929688 -68.312873840332 -67.9507598876953
-85.7892608642578 -85.1878662109375 -84.5864791870117 -84.0441741943359 -83.6791305541992 -83.314094543457 -82.9490509033203 -82.5840072631836 -82.2189712524414 -81.8539276123047 -81.488883972168 -81.1243743896484 -80.7600479125977 -80.3957214355469 -80.0313873291016 -79.6670608520508 -79.3027267456055 -78.9384002685547 -78.5571212768555 -78.1250228881836 -77.6929244995117 -77.2608261108398 -76.828727722168 -76.3966217041016 -75.9645233154297 -75.5324249267578 -75.2126693725586 -74.9303588867188 -74.6480560302734 -74.3657455444336 -74.0834426879883 -73.8011322021484 -73.5188293457031 -73.1537628173828 -72.5404357910156 -71.9271087646484 -71.3137817382812 -70.7004547119141 -70.0871276855469 -69.4738082885742 -68.860481262207 -68.4559860229492 -68.1211013793945 -67.7862167358398
-85.8738021850586 -85.2858123779297 -84.6978149414062 -84.1648559570312 -83.7969970703125 -83.4291305541992 -83.0612716674805 -82.6934127807617 -82.325553894043 -81.9576873779297 -81.5898284912109 -81.2290878295898 -80.8707275390625 -80.5123596191406 -80.1539916992188 -79.7956314086914 -79.4372634887695 -79.0788955688477 -78.6987915039062 -78.2534713745117 -77.8081436157227 -77.3628158569336 -76.9174957275391 -76.47216796875 -76.0268402099609 -75.5815200805664 -75.2516250610352 -74.9602127075195 -74.6688003540039 -74.3773880004883 -74.0859756469727 -73.7945556640625 -73.5031433105469 -73.1262893676758 -72.4931106567383 -71.8599319458008 -71.2267532348633 -70.5935745239258 -69.9603958129883 -69.3272171020508 -68.6940383911133 -68.3157424926758 -68.0224075317383 -67.7290725708008
-86.0402069091797 -85.4495620727539 -84.8589248657227 -84.3226013183594 -83.9492416381836 -83.5758819580078 -83.2025299072266 -82.8291702270508 -82.455810546875 -82.0824508666992 -81.7090911865234 -81.3533630371094 -81.0035095214844 -80.6536560058594 -80.3037948608398 -79.9539413452148 -79.6040878295898 -79.2542266845703 -78.874755859375 -78.4064331054688 -77.9381103515625 -77.4697875976562 -77.00146484375 -76.5331344604492 -76.064811706543 -75.5964889526367 -75.2555770874023 -74.9571380615234 -74.6586990356445 -74.3602600097656 -74.0618209838867 -73.7633819580078 -73.4649429321289 -73.0808258056641 -72.4396591186523 -71.7984924316406 -71.1573257446289 -70.5161666870117 -69.875 -69.2338333129883 -68.5926666259766 -68.2542724609375 -68.0167999267578 -67.7793273925781
-86.2066116333008 -85.6133193969727 -85.0200271606445 -84.4803466796875 -84.1014938354492 -83.7226333618164 -83.3437805175781 -82.9649276733398 -82.586067199707 -82.2072143554688 -81.8283615112305 -81.4776382446289 -81.1362915039062 -80.7949447631836 -80.4535980224609 -80.1122512817383 -79.7709045410156 -79.429557800293 -79.0507202148438 -78.5593948364258 -78.0680770874023 -77.5767517089844 -77.0854263305664 -76.594108581543 -76.102783203125 -75.611457824707 -75.2595291137695 -74.9540634155273 -74.6486053466797 -74.3431396484375 -74.0376739501953 -73.7322082519531 -73.4267425537109 -73.0353546142578 -72.3862075805664 -71.7370529174805 -71.0878982543945 -70.4387512207031 -69.7895965576172 -69.1404495239258 -68.4912948608398 -68.1927947998047 -68.0111846923828 -67.8295745849609
-86.3730087280273 -85.7770767211914 -85.1811370849609 -84.6380920410156 -84.2537384033203 -83.869384765625 -83.4850387573242 -83.1006851196289 -82.7163314819336 -82.3319778442383 -81.947624206543 -81.6019058227539 -81.2690734863281 -80.9362335205078 -80.603401184082 -80.2705612182617 -79.9377288818359 -79.6048889160156 -79.2266845703125 -78.7123641967773 -78.1980438232422 -77.6837158203125 -77.1693954467773 -76.6550750732422 -76.140754699707 -75.6264343261719 -75.2634811401367 -74.9509963989258 -74.6385040283203 -74.3260116577148 -74.0135269165039 -73.7010345458984 -73.388542175293 -72.9898910522461 -72.3327560424805 -71.6756134033203 -71.0184783935547 -70.3613357543945 -69.7042007446289 -69.0470581054688 -68.3899230957031 -68.1313247680664 -68.0055770874023 -67.8798217773438
-86.5394134521484 -85.9408264160156 -85.3422393798828 -84.7958374023438 -84.4059906005859 -84.0161361694336 -83.6262893676758 -83.236442565918 -82.8465881347656 -82.4567413330078 -82.0668869018555 -81.7261810302734 -81.40185546875 -81.0775299072266 -80.7532043457031 -80.4288787841797 -80.1045455932617 -79.7802200317383 -79.4026489257812 -78.8653259277344 -78.3280029296875 -77.7906875610352 -77.2533645629883 -76.7160415649414 -76.1787261962891 -75.6414031982422 -75.2674331665039 -74.9479217529297 -74.6284027099609 -74.3088912963867 -73.989372253418 -73.6698608398438 -73.350341796875 -72.9444274902344 -72.279296875 -71.6141738891602 -70.9490509033203 -70.2839202880859 -69.6187973022461 -68.9536743164062 -68.2885437011719 -68.0698471069336 -67.9999618530273 -67.9300765991211
-86.7058181762695 -86.1045837402344 -85.5033493041992 -84.9535827636719 -84.558235168457 -84.1628875732422 -83.7675399780273 -83.3721923828125 -82.9768524169922 -82.5815048217773 -82.1861572265625 -81.850456237793 -81.5346374511719 -81.2188186645508 -80.9030075073242 -80.5871887207031 -80.271369934082 -79.9555511474609 -79.57861328125 -79.0182876586914 -78.4579696655273 -77.8976516723633 -77.3373336791992 -76.7770156860352 -76.2166900634766 -75.6563720703125 -75.2713851928711 -74.9448471069336 -74.6183090209961 -74.2917633056641 -73.9652252197266 -73.6386795043945 -73.312141418457 -72.8989562988281 -72.2258453369141 -71.552734375 -70.8796234130859 -70.2065124511719 -69.5333938598633 -68.8602828979492 -68.1871719360352 -68.0083770751953 -67.9943466186523 -67.9803237915039
-86.8447799682617 -86.2550811767578 -85.6653823852539 -85.1215209960938 -84.7151489257812 -84.3087844848633 -83.9024200439453 -83.4960556030273 -83.0896835327148 -82.6833190917969 -82.2769546508789 -81.9378509521484 -81.6211624145508 -81.3044815063477 -80.98779296875 -80.6711044311523 -80.3544235229492 -80.0377349853516 -79.6572265625 -79.0852355957031 -78.5132369995117 -77.9412460327148 -77.369255065918 -76.7972640991211 -76.2252731323242 -75.6532821655273 -75.2599487304688 -74.9261627197266 -74.5923767089844 -74.2585906982422 -73.9248046875 -73.5910186767578 -73.2572402954102 -72.838508605957 -72.1649627685547 -71.4914169311523 -70.81787109375 -70.1443252563477 -69.4707794189453 -68.797233581543 -68.1236801147461 -67.9689407348633 -67.9871292114258 -68.0053253173828
-86.9562911987305 -86.3923187255859 -85.8283462524414 -85.2996368408203 -84.8767318725586 -84.4538269042969 -84.0309143066406 -83.6080093383789 -83.1851043701172 -82.7621994018555 -82.3392944335938 -81.9883651733398 -81.6614303588867 -81.3345031738281 -81.007568359375 -80.6806335449219 -80.3536987304688 -80.0267715454102 -79.6384887695312 -79.0661468505859 -78.4938125610352 -77.9214782714844 -77.3491363525391 -76.7768020629883 -76.204460144043 -75.6321258544922 -75.2331085205078 -74.8918609619141 -74.5506134033203 -74.2093658447266 -73.8681182861328 -73.5268707275391 -73.1856231689453 -72.7630844116211 -72.0966567993164 -71.4302291870117 -70.7637939453125 -70.0973663330078 -69.4309387207031 -68.7645111083984 -68.0980834960938 -67.951545715332 -67.9783096313477 -68.0050735473633
-87.0678024291992 -86.5295562744141 -85.9913101196289 -85.4777603149414 -85.0383148193359 -84.5988616943359 -84.1594161987305 -83.719970703125 -83.2805252075195 -82.8410720825195 -82.4016265869141 -82.0388793945312 -81.7016983032227 -81.3645248413086 -81.02734375 -80.6901626586914 -80.3529815673828 -80.0158004760742 -79.6197509765625 -79.0470657348633 -78.4743804931641 -77.9017028808594 -77.3290176391602 -76.7563400268555 -76.1836547851562 -75.610969543457 -75.2062683105469 -74.8575592041016 -74.5088500976562 -74.1601409912109 -73.8114318847656 -73.4627227783203 -73.114013671875 -72.6876602172852 -72.0283432006836 -71.3690338134766 -70.7097244262695 -70.050407409668 -69.3910980224609 -68.7317886352539 -68.0724792480469 -67.9341506958008 -67.969482421875 -9999
-87.1793212890625 -86.6667938232422 -86.1542663574219 -85.6558837890625 -85.1998901367188 -84.7439041137695 -84.2879180908203 -83.8319244384766 -83.3759384155273 -82.9199523925781 -82.4639663696289 -82.0893936157227 -81.7419662475586 -81.3945465087891 -81.047119140625 -80.6996917724609 -80.3522644042969 -80.0048370361328 -79.6010131835938 -79.0279846191406 -78.4549560546875 -77.8819274902344 -77.3088989257812 -76.7358703613281 -76.162841796875 -75.5898132324219 -75.1794281005859 -74.8232574462891 -74.4670867919922 -74.1109161376953 -73.7547454833984 -73.3985748291016 -73.0424041748047 -72.6122283935547 -71.9600372314453 -71.3078384399414 -70.655647277832 -70.0034561157227 -69.3512573242188 -68.6990661621094 -68.046875 -67.9167556762695 -67.9606628417969 -9999
-87.2908325195312 -86.8040313720703 -86.3172302246094 -85.8339996337891 -85.3614730834961 -84.8889465332031 -84.4164123535156 -83.9438858032227 -83.4713592529297 -82.9988250732422 -82.5262985229492 -82.1399154663086 -81.7822418212891 -81.4245681762695 -81.06689453125 -80.7092208862305 -80.3515472412109 -79.9938735961914 -79.582275390625 -79.008903503418 -78.4355239868164 -77.8621520996094 -77.2887802124023 -76.7154083251953 -76.1420364379883 -75.5686645507812 -75.1525955200195 -74.7889633178711 -74.4253234863281 -74.0616912841797 -73.6980590820312 -73.3344268798828 -72.9707946777344 -72.5368041992188 -71.8917236328125 -71.2466506958008 -70.6015701293945 -69.9564971923828 -69.3114242553711 -68.6663436889648 -68.0212707519531 -67.8993606567383 -67.9518356323242 -9999
-87.40234375 -86.9412689208984 -86.4801940917969 -86.0121231079102 -85.5230560302734 -85.0339813232422 -84.5449142456055 -84.0558471679688 -83.5667724609375 -83.0777053833008 -82.5886383056641 -82.1904296875 -81.822509765625 -81.45458984375 -81.086669921875 -80.7187423706055 -80.3508224487305 -79.9829025268555 -79.5635375976562 -78.9898147583008 -78.4160995483398 -77.8423767089844 -77.2686614990234 -76.6949462890625 -76.121223449707 -75.5475082397461 -75.1257553100586 -74.7546615600586 -74.3835678100586 -74.0124664306641 -73.6413726806641 -73.2702789306641 -72.8991851806641 -72.4613723754883 -71.8234176635742 -71.1854553222656 -70.5475006103516 -69.909538269043 -69.2715835571289 -68.6336212158203 -67.9956665039062 -67.881965637207 -67.9430160522461 -9999
-87.5212173461914 -87.0531997680664 -86.5851898193359 -86.1084213256836 -85.6054000854492 -85.1023864746094 -84.599365234375 -84.0963439941406 -83.5933303833008 -83.0903091430664 -82.587287902832 -82.1789245605469 -81.802116394043 -81.4253005981445 -81.0484924316406 -80.6716766357422 -80.2948684692383 -79.9180526733398 -79.4944229125977 -78.9303207397461 -78.3662185668945 -77.802116394043 -77.2380142211914 -76.6739120483398 -76.1098098754883 -75.5457077026367 -75.1316833496094 -74.767692565918 -74.4037017822266 -74.0397033691406 -73.6757125854492 -73.3117218017578 -72.9477233886719 -72.5094833374023 -71.8484954833984 -71.1875076293945 -70.5265197753906 -69.8655319213867 -69.2045440673828 -68.5435562133789 -67.882568359375 -67.7714309692383 -67.8435821533203 -67.9157333374023
-87.6474456787109 -87.1398315429688 -86.632209777832 -86.1228942871094 -85.6085205078125 -85.0941467285156 -84.5797729492188 -84.0653991699219 -83.5510177612305 -83.0366439819336 -82.5222702026367 -82.1054153442383 -81.721061706543 -81.3367156982422 -80.9523696899414 -80.5680160522461 -80.1836700439453 -79.7993240356445 -79.3749313354492 -78.8304061889648 -78.2858810424805 -77.7413558959961 -77.1968307495117 -76.6523056030273 -76.107780456543 -75.5632553100586 -75.1703796386719 -74.8280563354492 -74.485725402832 -74.1434020996094 -73.8010711669922 -73.4587478637695 -73.1164169311523 -72.6811294555664 -71.9669647216797 -71.252799987793 -70.5386352539062 -69.8244705200195 -69.1102981567383 -68.3961334228516 -67.6819686889648 -67.567756652832 -67.6535339355469 -9999
