data/working_set_collections/6091692-Cassins_Sparrow-M2/1980/lwgnt_avg.asc
NCOLS 265 
NROWS 230 
XLLCORNER -115.5625 
YLLCORNER 24.8333333333333 
CELLSIZE 0.0833333333333333 
NODATA_value -9999 
[rows 160 to 179 of 230, columns 0 to 43 of 265]
-108.883110046387 -109.768348693848 -110.653594970703 -111.538833618164 -112.42407989502 -113.30931854248 -114.194557189941 -113.031272888184 -111.185150146484 -109.339019775391 -107.492897033691 -105.646766662598 -9999 -9999 -9999 -9999 -9999 -9999 -9999 -9999 -9999 -9999 -9999 -9999 -9999 -9999 -9999 -9999 -9999 -9999 -96.4065933227539 -96.9896697998047 -97.5727462768555 -98.1558227539062 -98.738899230957 -99.3219757080078 -99.9050521850586 -100.25617980957 -100.529991149902 -100.803802490234 -101.077606201172 -101.351417541504 -101.625228881836 -101.899040222168
-108.982841491699 -109.943229675293 -110.903610229492 -111.863998413086 -112.824378967285 -113.784767150879 -114.745147705078 -113.578834533691 -111.70361328125 -109.828399658203 -107.953178405762 -106.077964782715 -9999 -9999 -9999 -9999 -9999 -9999 -9999 -9999 -9999 -9999 -9999 -9999 -9999 -9999 -9999 -9999 -9999 -9999 -9999 -96.6419296264648 -97.2279205322266 -97.8139038085938 -98.3998947143555 -98.9858856201172 -99.5718688964844 -99.9560928344727 -100.273056030273 -100.590019226074 -100.90697479248 -101.223937988281 -101.540901184082 -101.857864379883
-108.2724609375 -109.350517272949 -110.428573608398 -111.506629943848 -112.584686279297 -113.662742614746 -114.740798950195 -113.643516540527 -111.82112121582 -109.998725891113 -108.176330566406 -106.353942871094 -9999 -9999 -9999 -9999 -9999 -9999 -9999 -9999 -9999 -9999 -9999 -9999 -9999 -9999 -9999 -9999 -9999 -9999 -9999 -9999 -96.9756164550781 -97.5894317626953 -98.203254699707 -98.8170700073242 -99.4308853149414 -99.8338241577148 -100.166473388672 -100.499122619629 -100.831771850586 -101.164413452148 -101.497062683105 -101.829711914062
-106.751960754395 -107.990219116211 -109.228469848633 -110.466728210449 -111.704986572266 -112.943237304688 -114.181495666504 -113.225318908691 -111.537658691406 -109.850006103516 -108.162353515625 -106.474700927734 -9999 -9999 -9999 -9999 -9999 -9999 -9999 -9999 -9999 -9999 -9999 -9999 -9999 -9999 -9999 -9999 -9999 -9999 -9999 -9999 -96.8158493041992 -97.4824142456055 -98.1489715576172 -98.8155364990234 -99.4820938110352 -99.8893890380859 -100.210250854492 -100.531112670898 -100.851982116699 -101.172843933105 -101.493713378906 -101.814575195312
-105.231468200684 -106.629920959473 -108.028373718262 -109.426826477051 -110.82527923584 -112.223739624023 -113.622192382812 -112.807121276855 -111.254203796387 -109.701286315918 -108.148376464844 -106.595458984375 -9999 -9999 -9999 -9999 -9999 -9999 -9999 -9999 -9999 -9999 -9999 -9999 -9999 -9999 -9999 -9999 -9999 -9999 -9999 -9999 -96.6560821533203 -97.3753890991211 -98.0946960449219 -98.8140029907227 -99.5333099365234 -99.9449462890625 -100.254028320312 -100.563110351562 -100.872192382812 -101.181274414062 -101.490356445312 -101.799438476562
-103.710968017578 -105.269622802734 -106.828277587891 -108.386932373047 -109.945579528809 -111.504234313965 -113.062889099121 -112.388916015625 -110.970741271973 -109.55256652832 -108.134391784668 -106.716217041016 -9999 -9999 -9999 -9999 -9999 -9999 -9999 -9999 -9999 -9999 -9999 -9999 -9999 -9999 -9999 -9999 -9999 -9999 -9999 -9999 -96.4963150024414 -97.2683639526367 -98.0404205322266 -98.8124694824219 -99.5845184326172 -100.000511169434 -100.297805786133 -100.595108032227 -100.892402648926 -101.18970489502 -101.486999511719 -101.784301757812
-102.190475463867 -103.909324645996 -105.62818145752 -107.347030639648 -109.065879821777 -110.784736633301 -112.50358581543 -111.970718383789 -110.687286376953 -109.403846740723 -108.120414733887 -106.836982727051 -9999 -9999 -9999 -9999 -9999 -9999 -9999 -9999 -9999 -9999 -9999 -9999 -9999 -9999 -9999 -9999 -9999 -9999 -9999 -9999 -96.3365478515625 -97.1613464355469 -97.9861373901367 -98.8109359741211 -99.6357345581055 -100.05606842041 -100.341583251953 -100.627098083496 -100.912612915039 -101.198127746582 -101.483642578125 -101.769157409668
-100.669975280762 -102.549026489258 -104.428077697754 -106.30712890625 -108.186180114746 -110.065231323242 -111.944282531738 -111.552520751953 -110.403823852539 -109.25513458252 -108.106437683105 -106.957740783691 -9999 -9999 -9999 -9999 -9999 -9999 -9999 -9999 -9999 -9999 -9999 -9999 -9999 -9999 -9999 -9999 -9999 -9999 -9999 -9999 -9999 -97.0543212890625 -97.9318618774414 -98.8094024658203 -99.6869430541992 -100.111633300781 -100.385360717773 -100.65909576416 -100.932823181152 -101.206558227539 -101.480293273926 -101.754020690918
-98.970344543457 -100.932891845703 -102.895439147949 -104.85799407959 -106.820541381836 -108.783096313477 -110.745643615723 -110.536254882812 -109.602890014648 -108.669525146484 -107.73616027832 -106.802795410156 -105.869430541992 -104.936065673828 -9999 -9999 -9999 -9999 -9999 -9999 -9999 -9999 -9999 -9999 -9999 -9999 -9999 -9999 -9999 -9999 -9999 -9999 -9999 -9999 -97.8576126098633 -98.7471618652344 -99.6367034912109 -100.059524536133 -100.326759338379 -100.593994140625 -100.861228942871 -101.128463745117 -101.395698547363 -101.662933349609
-97.0915679931641 -99.0609130859375 -101.030265808105 -102.999618530273 -104.968963623047 -106.938316345215 -108.907669067383 -108.921920776367 -108.284484863281 -107.647041320801 -107.00959777832 -106.37215423584 -105.734710693359 -105.097274780273 -104.360252380371 -9999 -9999 -9999 -9999 -9999 -9999 -9999 -9999 -9999 -9999 -9999 -9999 -9999 -9999 -9999 -9999 -9999 -9999 -9999 -9999 -98.6241989135742 -99.4850158691406 -99.8997421264648 -100.165771484375 -100.431793212891 -100.697822570801 -100.963851928711 -101.229873657227 -101.495903015137
-95.2127914428711 -97.1889419555664 -99.1650924682617 -101.141242980957 -103.117393493652 -105.093544006348 -107.069694519043 -107.307586669922 -106.96607208252 -106.624549865723 -106.28303527832 -105.941513061523 -105.599990844727 -105.258476257324 -104.756904602051 -103.775192260742 -102.793479919434 -9999 -9999 -9999 -9999 -9999 -9999 -9999 -9999 -9999 -9999 -9999 -9999 -9999 -9999 -9999 -9999 -9999 -9999 -98.5012435913086 -99.3333282470703 -99.7399597167969 -100.004783630371 -100.269599914551 -100.53441619873 -100.79923248291 -101.06404876709 -101.32886505127
-93.3340148925781 -95.3169631958008 -97.2999114990234 -99.2828674316406 -101.265815734863 -103.248764038086 -105.231719970703 -105.693260192871 -105.647659301758 -105.602066040039 -105.556465148926 -105.510871887207 -105.465278625488 -105.419677734375 -105.15355682373 -104.225875854492 -103.298187255859 -102.370506286621 -9999 -9999 -9999 -9999 -9999 -9999 -9999 -9999 -9999 -9999 -9999 -9999 -9999 -9999 -9999 -9999 -9999 -9999 -99.181640625 -99.5801849365234 -99.8437881469727 -100.107398986816 -100.37100982666 -100.634613037109 -100.898223876953 -101.161834716797
-9999 -93.4449844360352 -95.4347381591797 -97.4244842529297 -99.4142379760742 -101.403991699219 -103.393737792969 -104.078926086426 -104.329246520996 -104.579574584961 -104.829902648926 -105.080230712891 -105.330558776855 -105.580879211426 -105.55020904541 -104.676551818848 -103.802894592285 -102.929237365723 -102.05558013916 -101.181922912598 -9999 -9999 -9999 -9999 -9999 -9999 -9999 -9999 -9999 -9999 -9999 -9999 -9999 -9999 -9999 -9999 -99.0299530029297 -99.4204025268555 -99.6828002929688 -99.9452056884766 -100.20760345459 -100.470001220703 -100.732398986816 -100.99479675293
-9999 -9999 -9999 -95.5661087036133 -97.5626602172852 -99.559211730957 -101.555763244629 -102.46459197998 -103.010841369629 -103.557090759277 -104.103340148926 -104.649589538574 -105.195838928223 -105.742088317871 -105.94686126709 -105.127235412598 -104.307601928711 -103.487968444824 -102.668342590332 -101.848709106445 -101.029075622559 -9999 -9999 -98.4799423217773 -97.6087417602539 -96.737548828125 -9999 -9999 -9999 -9999 -9999 -9999 -9999 -9999 -9999 -9999 -98.8782577514648 -99.260627746582 -99.5218124389648 -99.7830047607422 -100.04419708252 -100.305381774902 -100.56657409668 -100.827758789062
-9999 -9999 -9999 -9999 -95.5978622436523 -97.4454345703125 -99.2929992675781 -100.355850219727 -101.157119750977 -101.958389282227 -102.759666442871 -103.560935974121 -104.362213134766 -105.163482666016 -105.597961425781 -104.932060241699 -104.266151428223 -103.600250244141 -102.934341430664 -102.268440246582 -101.602531433105 -9999 -9999 -99.1016082763672 -98.1481475830078 -97.194694519043 -96.2412414550781 -9999 -9999 -9999 -9999 -9999 -9999 -9999 -9999 -9999 -9999 -98.9830932617188 -99.2207717895508 -99.4584503173828 -99.6961288452148 -99.9338073730469 -100.171485900879 -100.409164428711
-9999 -9999 -9999 -9999 -9999 -9999 -9999 -97.7526931762695 -98.7680892944336 -99.7834930419922 -100.798889160156 -101.81428527832 -102.829681396484 -103.845085144043 -104.503509521484 -104.091033935547 -103.678550720215 -103.266075134277 -102.853591918945 -102.441108703613 -102.028633117676 -101.616149902344 -100.74772644043 -99.7273254394531 -98.706916809082 -97.6865158081055 -96.6661071777344 -95.6456985473633 -94.6252975463867 -9999 -9999 -9999 -9999 -9999 -9999 -9999 -9999 -9999 -98.7796783447266 -98.9715423583984 -99.1634063720703 -99.3552780151367 -99.5471420288086 -99.7390060424805
-9999 -9999 -9999 -9999 -9999 -9999 -9999 -9999 -96.3790664672852 -97.6085891723633 -98.8381118774414 -100.06763458252 -101.297157287598 -102.526679992676 -103.409057617188 -103.25 -103.090950012207 -102.93189239502 -102.772842407227 -102.613784790039 -102.454734802246 -102.295677185059 -101.440399169922 -100.353042602539 -9999 -98.1783294677734 -97.0909729003906 -96.0036163330078 -94.916259765625 -94.2334823608398 -9999 -9999 -9999 -9999 -9999 -9999 -9999 -98.1925277709961 -98.3385772705078 -98.4846343994141 -98.6306838989258 -98.776741027832 -98.9227981567383 -99.06884765625
-9999 -9999 -9999 -9999 -9999 -9999 -9999 -9999 -9999 -95.4336853027344 -96.8773345947266 -98.3209762573242 -99.7646255493164 -101.208274841309 -102.314605712891 -102.408973693848 -102.503341674805 -102.597717285156 -102.692085266113 -102.786460876465 -102.880828857422 -102.975204467773 -102.13306427002 -100.978759765625 -9999 -9999 -97.5158386230469 -96.3615341186523 -95.2072219848633 -94.4541778564453 -9999 -9999 -9999 -9999 -9999 -9999 -97.609375 -97.7972412109375 -97.8974838256836 -97.9977264404297 -98.0979690551758 -98.1982040405273 -98.2984466552734 -98.3986892700195
-9999 -9999 -9999 -9999 -9999 -9999 -9999 -9999 -9999 -9999 -9999 -96.5743255615234 -98.2321014404297 -99.8898696899414 -101.220146179199 -101.567947387695 -101.915740966797 -102.263542175293 -102.611335754395 -102.959129333496 -103.306930541992 -103.654724121094 -102.825729370117 -101.604476928711 -9999 -9999 -9999 -96.7194442749023 -95.4981918334961 -9999 -9999 -9999 -9999 -9999 -9999 -96.8979873657227 -97.2685089111328 -97.4019546508789 -97.4563827514648 -97.5108184814453 -97.5652465820312 -97.6196746826172 -97.6741027832031 -97.7285308837891
-9999 -9999 -9999 -9999 -9999 -9999 -9999 -9999 -9999 -9999 -9999 -9999 -96.6995697021484 -98.5714645385742 -100.125694274902 -100.726913452148 -101.328140258789 -101.929359436035 -102.530586242676 -103.131805419922 -103.733024597168 -104.334251403809 -103.518402099609 -102.230194091797 -100.941986083984 -99.6537780761719 -9999 -9999 -9999 -9999 -9999 -9999 -9999 -9999 -9999 -96.6373443603516 -96.9276351928711 -97.0066757202148 -97.0152893066406 -97.0239028930664 -9999 -97.0411376953125 -97.0497589111328 -97.0583724975586
