data/working_set_collections/6091692-Cassins_Sparrow-M2/1980/lwgnt_avg.asc
NCOLS 265 
NROWS 230 
XLLCORNER -115.5625 
YLLCORNER 24.8333333333333 
CELLSIZE 0.0833333333333333 
NODATA_value -9999 
[rows 140 to 159 of 230, columns 176 to 219 of 265]
-87.3842010498047 -87.0555648803711 -86.7269287109375 -86.4024353027344 -86.0903472900391 -85.7782592773438 -85.4661712646484 -85.1540908813477 -84.8420028686523 -84.529914855957 -84.2178268432617 -83.9464416503906 -83.6886215209961 -83.4308013916016 -83.1729736328125 -82.915153503418 -82.6573333740234 -82.3995132446289 -82.1457748413086 -81.9043045043945 -81.6628341674805 -81.4213638305664 -81.1798934936523 -80.9384155273438 -80.6969451904297 -80.4554748535156 -80.1926422119141 -79.9226989746094 -79.6527481079102 -79.3827972412109 -79.1128540039062 -78.842903137207 -78.5729522705078 -78.2802658081055 -77.9193572998047 -77.5584487915039 -77.1975402832031 -76.8366317749023 -76.4757232666016 -76.1148147583008 -75.75390625 -75.3585968017578 -74.9518203735352 -74.5450439453125
-87.3630981445312 -87.0302963256836 -86.6974945068359 -86.3678970336914 -86.0479202270508 -85.7279357910156 -85.407958984375 -85.0879745483398 -84.7679977416992 -84.4480209350586 -84.1280364990234 -83.8563385009766 -83.6007385253906 -83.3451385498047 -83.0895385742188 -82.8339385986328 -82.5783386230469 -82.3227386474609 -82.0671615600586 -81.8116683959961 -81.5561828613281 -81.3006896972656 -81.0451965332031 -80.7897033691406 -80.5342102050781 -80.2787170410156 -80.0192031860352 -79.7583465576172 -79.4974822998047 -79.2366256713867 -78.9757614135742 -78.7149047851562 -78.4540481567383 -78.1726379394531 -77.8295745849609 -77.4865112304688 -77.1434478759766 -76.8003845214844 -76.4573211669922 -76.1142578125 -75.7711944580078 -75.3745727539062 -74.9600982666016 -74.5456161499023
-87.3419952392578 -87.0050277709961 -86.6680526733398 -86.3333587646484 -86.005485534668 -85.6776123046875 -85.349739074707 -85.0218658447266 -84.6939926147461 -84.3661193847656 -84.0382461547852 -83.766242980957 -83.5128631591797 -83.2594833374023 -83.006103515625 -82.7527236938477 -82.4993438720703 -82.245964050293 -81.9885482788086 -81.7190322875977 -81.4495239257812 -81.1800155639648 -80.9104995727539 -80.6409912109375 -80.3714752197266 -80.1019668579102 -79.8457565307617 -79.5939865112305 -79.3422164916992 -79.090446472168 -78.8386764526367 -78.5869064331055 -78.3351364135742 -78.0650024414062 -77.7397918701172 -77.4145736694336 -77.08935546875 -76.7641372680664 -76.4389190673828 -76.1137084960938 -75.7884902954102 -75.3905487060547 -74.968376159668 -74.5461959838867
-87.3208923339844 -86.9797592163086 -86.6386184692383 -86.298828125 -85.9630584716797 -85.6272888183594 -85.2915191650391 -84.9557571411133 -84.619987487793 -84.2842178344727 -83.9484481811523 -83.676139831543 -83.4249801635742 -83.1738204956055 -82.9226608276367 -82.671501159668 -82.4203414916992 -82.1691818237305 -81.9099349975586 -81.6264038085938 -81.3428726196289 -81.0593338012695 -80.7758026123047 -80.4922714233398 -80.208740234375 -79.9252090454102 -79.6723175048828 -79.4296340942383 -79.1869506835938 -78.9442749023438 -78.7015914916992 -78.4589080810547 -78.2162322998047 -77.9573745727539 -77.6500015258789 -77.3426361083984 -77.0352630615234 -76.7278900146484 -76.420524597168 -76.113151550293 -75.805778503418 -75.4065322875977 -74.9766464233398 -74.5467681884766
-87.3085632324219 -86.9651031494141 -86.6216506958008 -86.2796630859375 -85.9420776367188 -85.6044921875 -85.2668991088867 -84.929313659668 -84.5917282104492 -84.2541351318359 -83.9165496826172 -83.6430740356445 -83.3909606933594 -83.1388549804688 -82.8867492675781 -82.6346435546875 -82.3825302124023 -82.1304244995117 -81.8672256469727 -81.5707550048828 -81.274284362793 -80.9778137207031 -80.6813507080078 -80.384880065918 -80.0884094238281 -79.7919387817383 -79.5402755737305 -79.3035430908203 -79.0668182373047 -78.8300857543945 -78.5933609008789 -78.3566284179688 -78.1199035644531 -77.8665771484375 -77.5634384155273 -77.2603073120117 -76.9571762084961 -76.6540451049805 -76.3509140014648 -76.0477828979492 -75.7446441650391 -75.3464813232422 -74.916633605957 -74.4867935180664
-87.3050003051758 -86.9610748291016 -86.6171569824219 -86.27587890625 -85.9425430297852 -85.6092071533203 -85.27587890625 -84.9425430297852 -84.6092071533203 -84.2758712768555 -83.9425354003906 -83.6670379638672 -83.4108123779297 -83.1545867919922 -82.8983612060547 -82.6421356201172 -82.3859100341797 -82.1296844482422 -81.8604354858398 -81.5521087646484 -81.243782043457 -80.9354553222656 -80.6271209716797 -80.3187942504883 -80.0104675292969 -79.7021408081055 -79.4496307373047 -79.2157135009766 -78.981803894043 -78.7478942871094 -78.5139846801758 -78.2800674438477 -78.0461578369141 -77.7926025390625 -77.4801025390625 -77.167594909668 -76.855094909668 -76.542594909668 -76.230094909668 -75.917594909668 -75.6050872802734 -75.2104034423828 -74.788330078125 -74.3662490844727
-87.3014297485352 -86.9570465087891 -86.6126556396484 -86.2720947265625 -85.9430160522461 -85.6139297485352 -85.2848510742188 -84.9557723999023 -84.6266860961914 -84.297607421875 -83.9685287475586 -83.6909942626953 -83.4306564331055 -83.1703109741211 -82.9099731445312 -82.6496276855469 -82.3892822265625 -82.1289443969727 -81.8536376953125 -81.5334548950195 -81.2132720947266 -80.8930892944336 -80.5728988647461 -80.2527160644531 -79.9325332641602 -79.6123504638672 -79.3589782714844 -79.1278839111328 -78.8967895507812 -78.6656951904297 -78.4346008300781 -78.2035064697266 -77.972412109375 -77.7186279296875 -77.3967590332031 -77.0748825073242 -76.7530136108398 -76.4311447143555 -76.1092758178711 -75.7873992919922 -75.4655303955078 -75.074333190918 -74.6600189208984 -74.2457122802734
-87.2978668212891 -86.953010559082 -86.608154296875 -86.268310546875 -85.9434814453125 -85.61865234375 -85.2938232421875 -84.968994140625 -84.644172668457 -84.3193435668945 -83.994514465332 -83.714958190918 -83.4505004882812 -83.1860427856445 -82.9215774536133 -82.6571197509766 -82.3926620483398 -82.1281967163086 -81.8468475341797 -81.5148010253906 -81.1827621459961 -80.8507232666016 -80.5186767578125 -80.186637878418 -79.8545989990234 -79.5225524902344 -79.2683334350586 -79.0400619506836 -78.8117828369141 -78.5835037231445 -78.355224609375 -78.1269454956055 -77.8986740112305 -77.6446533203125 -77.3134155273438 -76.9821701049805 -76.6509323120117 -76.319694519043 -75.9884567260742 -75.6572113037109 -75.3259735107422 -74.9382553100586 -74.5317153930664 -74.1251754760742
-87.294303894043 -86.9489822387695 -86.6036605834961 -86.2645263671875 -85.9439468383789 -85.6233749389648 -85.3028030395508 -84.9822235107422 -84.6616516113281 -84.3410720825195 -84.0205001831055 -83.7389221191406 -83.470344543457 -83.2017669677734 -82.9331893920898 -82.6646118164062 -82.3960342407227 -82.1274566650391 -81.8400497436523 -81.4961547851562 -81.1522521972656 -80.8083572387695 -80.4644546508789 -80.1205596923828 -79.7766571044922 -79.4327621459961 -79.1776885986328 -78.9522323608398 -78.7267684936523 -78.5013122558594 -78.2758483886719 -78.0503845214844 -77.8249282836914 -77.5706787109375 -77.2300720214844 -76.8894653320312 -76.5488510131836 -76.2082443237305 -75.8676376342773 -75.5270233154297 -75.1864166259766 -74.8021850585938 -74.4034118652344 -74.0046310424805
-87.2907409667969 -86.944953918457 -86.5991592407227 -86.2607421875 -85.9444198608398 -85.6280975341797 -85.3117752075195 -84.9954528808594 -84.6791305541992 -84.3628082275391 -84.0464859008789 -83.7628860473633 -83.4901885986328 -83.2174987792969 -82.9448013305664 -82.6721038818359 -82.3994140625 -82.1267166137695 -81.8332595825195 -81.4775009155273 -81.1217422485352 -80.7659912109375 -80.4102325439453 -80.0544815063477 -79.6987228393555 -79.3429641723633 -79.087043762207 -78.8644027709961 -78.6417617797852 -78.4191131591797 -78.1964721679688 -77.9738311767578 -77.7511825561523 -77.4967041015625 -77.146728515625 -76.7967529296875 -76.4467697143555 -76.096794128418 -75.7468109130859 -75.3968353271484 -75.0468597412109 -74.6661071777344 -74.2751007080078 -73.8840942382812
-87.2120819091797 -86.8671951293945 -86.5223083496094 -86.186149597168 -85.8761596679688 -85.566162109375 -85.2561721801758 -84.9461822509766 -84.6361923217773 -84.3262023925781 -84.0162048339844 -83.732795715332 -83.4582366943359 -83.1836853027344 -82.9091262817383 -82.6345748901367 -82.3600158691406 -82.0854644775391 -81.7900466918945 -81.4320526123047 -81.0740509033203 -80.7160568237305 -80.3580551147461 -80.0000610351562 -79.6420593261719 -79.284065246582 -79.0232162475586 -78.7947540283203 -78.5662841796875 -78.3378219604492 -78.1093597412109 -77.8808975219727 -77.6524353027344 -77.3920440673828 -77.035888671875 -76.6797332763672 -76.3235702514648 -75.967414855957 -75.6112594604492 -75.2551040649414 -74.8989410400391 -74.5210342407227 -74.135871887207 -73.7507171630859
-87.0583267211914 -86.7157211303711 -86.3731079101562 -86.0407562255859 -85.7391662597656 -85.4375839233398 -85.1360015869141 -84.8344116210938 -84.532829284668 -84.2312469482422 -83.9296569824219 -83.6486434936523 -83.3744888305664 -83.1003265380859 -82.826171875 -82.5520172119141 -82.2778549194336 -82.0037002563477 -81.7104263305664 -81.3598022460938 -81.0091781616211 -80.6585540771484 -80.3079223632812 -79.9572982788086 -79.6066741943359 -79.2560501098633 -78.9862060546875 -78.743278503418 -78.500358581543 -78.257438659668 -78.0145111083984 -77.7715911865234 -77.5286712646484 -77.2566909790039 -76.8975448608398 -76.5383987426758 -76.1792602539062 -75.8201141357422 -75.4609680175781 -75.1018218994141 -74.74267578125 -74.3669662475586 -73.985725402832 -73.6044921875
-86.9045715332031 -86.5642395019531 -86.2239074707031 -85.8953552246094 -85.602180480957 -85.3090057373047 -85.0158233642578 -84.7226486206055 -84.4294662475586 -84.1362915039062 -83.8431091308594 -83.5644989013672 -83.2907333374023 -83.016975402832 -82.7432174682617 -82.4694595336914 -82.1956939697266 -81.9219360351562 -81.6308059692383 -81.2875518798828 -80.9442977905273 -80.6010437011719 -80.2577972412109 -79.9145431518555 -79.5712890625 -79.2280349731445 -78.9491882324219 -78.6918106079102 -78.4344329833984 -78.1770477294922 -77.9196701049805 -77.6622924804688 -77.4049072265625 -77.1213455200195 -76.7592086791992 -76.3970718383789 -76.0349426269531 -75.6728057861328 -75.310676574707 -74.9485397338867 -74.5864105224609 -74.212890625 -73.835578918457 -73.4582672119141
-86.7508239746094 -86.4127578735352 -86.0746994018555 -85.7499618530273 -85.4651947021484 -85.180419921875 -84.8956451416016 -84.6108779907227 -84.3261032104492 -84.0413360595703 -83.7565612792969 -83.4803466796875 -83.2069854736328 -82.9336242675781 -82.6602630615234 -82.3868942260742 -82.1135330200195 -81.8401718139648 -81.5511779785156 -81.2153015136719 -80.8794250488281 -80.5435409545898 -80.2076644897461 -79.8717803955078 -79.5359039306641 -79.2000274658203 -78.9121780395508 -78.6403350830078 -78.3684997558594 -78.0966644287109 -77.824821472168 -77.5529861450195 -77.2811508178711 -76.9859924316406 -76.6208724975586 -76.255744934082 -75.890625 -75.525505065918 -75.1603851318359 -74.7952575683594 -74.4301376342773 -74.0588150024414 -73.685432434082 -73.3120422363281
-86.5970687866211 -86.2612838745117 -85.9254989624023 -85.6045684814453 -85.3282012939453 -85.0518417358398 -84.7754745483398 -84.4991073608398 -84.2227401733398 -83.9463806152344 -83.6700134277344 -83.3961944580078 -83.1232299804688 -82.8502655029297 -82.5773010253906 -82.3043365478516 -82.0313720703125 -81.7584075927734 -81.4715576171875 -81.1430511474609 -80.8145446777344 -80.4860382080078 -80.1575317382812 -79.8290252685547 -79.5005187988281 -79.1720123291016 -78.8751602172852 -78.5888671875 -78.3025741577148 -78.0162734985352 -77.72998046875 -77.4436874389648 -77.1573867797852 -76.8506393432617 -76.4825286865234 -76.1144180297852 -75.7463073730469 -75.3781967163086 -75.0100936889648 -74.6419830322266 -74.2738723754883 -73.9047470092773 -73.535285949707 -73.1658248901367
-86.4433135986328 -86.1098022460938 -85.7762985229492 -85.4591751098633 -85.1912155151367 -84.9232559204102 -84.6552963256836 -84.387336730957 -84.119384765625 -83.8514251708984 -83.5834655761719 -83.3120498657227 -83.0394821166992 -82.7669143676758 -82.4943466186523 -82.2217788696289 -81.9492111206055 -81.676643371582 -81.3919372558594 -81.07080078125 -80.7496719360352 -80.4285354614258 -80.1073989868164 -79.786262512207 -79.4651336669922 -79.1439971923828 -78.8381500244141 -78.5373916625977 -78.2366409301758 -77.9358901977539 -77.6351318359375 -77.3343811035156 -77.0336303710938 -76.7152862548828 -76.3441925048828 -75.9730911254883 -75.6019973754883 -75.2308959960938 -74.8597946166992 -74.4887008666992 -74.1175994873047 -73.7506713867188 -73.385139465332 -73.0195999145508
-86.3156433105469 -85.9804534912109 -85.6452560424805 -85.3278350830078 -85.0637130737305 -84.7995834350586 -84.5354614257812 -84.2713317871094 -84.007209777832 -83.7430801391602 -83.4789581298828 -83.2047958374023 -82.9272842407227 -82.649772644043 -82.3722686767578 -82.0947570800781 -81.8172454833984 -81.5397338867188 -81.2520751953125 -80.933967590332 -80.615852355957 -80.2977447509766 -79.9796295166016 -79.6615219116211 -79.3434066772461 -79.0252990722656 -78.7213516235352 -78.4221343994141 -78.1229095458984 -77.8236923217773 -77.5244674682617 -77.2252426147461 -76.926025390625 -76.6075668334961 -76.2313995361328 -75.8552322387695 -75.4790649414062 -75.102897644043 -74.7267379760742 -74.3505706787109 -73.9744033813477 -73.607421875 -73.2434997558594 -72.8795852661133
-86.2140502929688 -85.8732223510742 -85.5323944091797 -85.2105560302734 -84.945686340332 -84.6808242797852 -84.4159545898438 -84.1510925292969 -83.8862228393555 -83.6213607788086 -83.3564910888672 -83.0744323730469 -82.7866439819336 -82.4988479614258 -82.2110595703125 -81.9232635498047 -81.6354751586914 -81.3476867675781 -81.0519790649414 -80.7325439453125 -80.4131011962891 -80.0936660766602 -79.7742309570312 -79.4547882080078 -79.1353530883789 -78.81591796875 -78.5247802734375 -78.2430801391602 -77.9613800048828 -77.6796798706055 -77.3979797363281 -77.1162719726562 -76.8345718383789 -76.527473449707 -76.144157409668 -75.7608413696289 -75.3775253295898 -74.9942169189453 -74.6109008789062 -74.2275848388672 -73.8442764282227 -73.4749908447266 -73.1103820800781 -72.7457733154297
-86.1124572753906 -85.7659912109375 -85.4195251464844 -85.0932693481445 -84.8276672363281 -84.5620574951172 -84.2964553833008 -84.0308456420898 -83.7652435302734 -83.4996337890625 -83.2340316772461 -82.9440765380859 -82.64599609375 -82.3479232788086 -82.0498504638672 -81.7517776489258 -81.4537048339844 -81.155632019043 -80.8518829345703 -80.531120300293 -80.2103576660156 -79.8895874023438 -79.5688247680664 -79.2480621337891 -78.9272918701172 -78.6065292358398 -78.3282012939453 -78.0640258789062 -77.7998428344727 -77.5356674194336 -77.271484375 -77.0073089599609 -76.7431259155273 -76.4473724365234 -76.0569152832031 -75.6664505004883 -75.275993347168 -74.8855285644531 -74.4950714111328 -74.104606628418 -73.7141418457031 -73.3425598144531 -72.9772567749023 -72.6119613647461
-86.0108642578125 -85.6587600708008 -85.3066558837891 -84.9759902954102 -84.7096405029297 -84.4432983398438 -84.1769485473633 -83.9106063842773 -83.6442565917969 -83.3779144287109 -83.1115646362305 -82.8137130737305 -82.5053558349609 -82.1969985961914 -81.8886413574219 -81.5802917480469 -81.2719345092773 -80.9635772705078 -80.6517868041992 -80.3296966552734 -80.0076065063477 -79.6855087280273 -79.3634185791016 -79.0413284301758 -78.71923828125 -78.3971481323242 -78.1316299438477 -77.8849716186523 -77.638313293457 -77.3916549682617 -77.1449966430664 -76.8983383178711 -76.6516799926758 -76.3672790527344 -75.9696731567383 -75.5720596313477 -75.1744537353516 -74.7768402099609 -74.3792343139648 -73.9816284179688 -73.5840148925781 -73.2101211547852 -72.8441390991211 -72.4781494140625
