data/working_set_collections/6091692-Cassins_Sparrow-M2/1980/lwgnt_avg.asc
NCOLS 265 
NROWS 230 
XLLCORNER -115.5625 
YLLCORNER 24.8333333333333 
CELLSIZE 0.0833333333333333 
NODATA_value -9999 
[rows 160 to 179 of 230, columns 132 to 175 of 265]
-99.4449768066406 -99.3333129882812 -99.2517700195312 -99.2605590820312 -99.2693557739258 -99.2781524658203 -99.2869415283203 -99.2957382202148 -99.3045349121094 -99.3133316040039 -99.0492782592773 -98.6942749023438 -98.3392715454102 -97.9842681884766 -97.629264831543 -97.2742691040039 -96.9192657470703 -96.5601577758789 -96.1887435913086 -95.8173217773438 -95.4459075927734 -95.0744934082031 -94.7030715942383 -94.331657409668 -93.9602355957031 -93.4390106201172 -92.8678512573242 -92.2966842651367 -91.7255249023438 -91.1543579101562 -90.5831985473633 -90.0120391845703 -89.5178298950195 -89.2544784545898 -88.9911346435547 -88.7277908325195 -88.4644393920898 -88.2010955810547 -87.937744140625 -87.6744003295898 -87.3402557373047 -86.9825134277344 -86.6247634887695 -86.2670211791992
-99.4325485229492 -99.3082504272461 -99.2119064331055 -99.1994171142578 -99.1869277954102 -99.174430847168 -99.1619415283203 -99.1494522094727 -99.136962890625 -99.1244659423828 -98.8538055419922 -98.4970855712891 -98.1403732299805 -97.7836532592773 -97.4269332885742 -97.0702133178711 -96.713493347168 -96.3566589355469 -95.9994506835938 -95.6422424316406 -95.2850341796875 -94.9278259277344 -94.5706253051758 -94.2134170532227 -93.8562088012695 -93.3518829345703 -92.7985153198242 -92.2451477050781 -91.691780090332 -91.1384124755859 -90.5850448608398 -90.0316772460938 -89.5472259521484 -89.2695007324219 -88.9917831420898 -88.7140655517578 -88.4363479614258 -88.1586227416992 -87.8809051513672 -87.6031875610352 -87.2612228393555 -86.897834777832 -86.5344543457031 -86.1710662841797
-99.4914474487305 -99.364372253418 -99.2600326538086 -99.223876953125 -99.1877212524414 -99.1515655517578 -99.1154098510742 -99.0792541503906 -99.043098449707 -99.0069427490234 -98.7376251220703 -98.3905944824219 -98.0435562133789 -97.6965255737305 -97.349494934082 -97.0024566650391 -96.6554260253906 -96.3091430664062 -95.9651107788086 -95.6210861206055 -95.2770538330078 -94.9330215454102 -94.5889892578125 -94.2449569702148 -93.9009323120117 -93.4011993408203 -92.8495635986328 -92.2979278564453 -91.7462921142578 -91.1946640014648 -90.6430282592773 -90.0913925170898 -89.6050643920898 -89.3146591186523 -89.0242462158203 -88.7338409423828 -88.4434356689453 -88.1530227661133 -87.8626174926758 -87.5722045898438 -87.2181549072266 -86.842887878418 -86.4676208496094 -86.0923461914062
-99.6216506958008 -99.5016784667969 -99.3961486816406 -99.3339462280273 -99.2717514038086 -99.2095489501953 -99.147346496582 -99.0851440429688 -99.02294921875 -98.9607467651367 -98.7007369995117 -98.3747863769531 -98.0488433837891 -97.7228927612305 -97.3969497680664 -97.0709991455078 -96.7450561523438 -96.4176177978516 -96.0857315063477 -95.7538452148438 -95.4219589233398 -95.0900726318359 -94.7581787109375 -94.4262924194336 -94.0944061279297 -93.5869598388672 -93.02099609375 -92.4550323486328 -91.8890686035156 -91.3231048583984 -90.7571411132812 -90.1911773681641 -89.6913528442383 -89.3899383544922 -89.0885314941406 -88.7871170043945 -88.4857025146484 -88.1842880249023 -87.8828735351562 -87.5814666748047 -87.2110595703125 -86.8176651000977 -86.4242630004883 -86.0308609008789
-99.7518615722656 -99.6389846801758 -99.5322647094727 -99.4440155029297 -99.3557739257812 -99.2675323486328 -99.1792831420898 -99.0910415649414 -99.002799987793 -98.91455078125 -98.6638488769531 -98.3589859008789 -98.0541229248047 -97.7492599487305 -97.4444046020508 -97.1395416259766 -96.8346786499023 -96.5261001586914 -96.2063522338867 -95.886604309082 -95.5668640136719 -95.2471160888672 -94.9273681640625 -94.6076278686523 -94.2878799438477 -93.7727203369141 -93.1924285888672 -92.6121368408203 -92.0318450927734 -91.4515533447266 -90.8712615966797 -90.2909622192383 -89.7776412963867 -89.4652252197266 -89.1528091430664 -88.8403930664062 -88.5279693603516 -88.2155532836914 -87.9031372070312 -87.5907211303711 -87.203971862793 -86.7924346923828 -86.3809051513672 -85.9693756103516
-99.8820724487305 -99.7762832641602 -99.6683807373047 -99.5540924072266 -99.4398040771484 -99.3255157470703 -99.2112197875977 -99.0969314575195 -98.9826431274414 -98.8683547973633 -98.626953125 -98.3431777954102 -98.0594024658203 -97.775634765625 -97.4918594360352 -97.2080841064453 -96.9243087768555 -96.6345748901367 -96.3269729614258 -96.0193710327148 -95.7117691040039 -95.404167175293 -95.0965576171875 -94.7889556884766 -94.4813537597656 -93.9584884643555 -93.3638610839844 -92.7692413330078 -92.1746215820312 -91.5799942016602 -90.9853744506836 -90.390754699707 -89.8639297485352 -89.5405044555664 -89.2170867919922 -88.8936614990234 -88.5702438354492 -88.2468185424805 -87.9234008789062 -87.5999755859375 -87.1968765258789 -86.7672119140625 -86.3375473022461 -85.9078903198242
-100.012275695801 -99.9135894775391 -99.8044891357422 -99.6641616821289 -99.5238265991211 -99.3834915161133 -99.2431640625 -99.1028289794922 -98.9624938964844 -98.8221664428711 -98.5900650024414 -98.3273773193359 -98.0646896362305 -97.802001953125 -97.5393142700195 -97.2766265869141 -97.0139389038086 -96.7430572509766 -96.4475936889648 -96.1521301269531 -95.8566741943359 -95.5612106323242 -95.2657470703125 -94.9702911376953 -94.6748275756836 -94.1442489624023 -93.5353012084961 -92.9263458251953 -92.3173904418945 -91.7084426879883 -91.0994873046875 -90.4905395507812 -89.9502182006836 -89.6157913208008 -89.281364440918 -88.9469375610352 -88.6125106811523 -88.2780838012695 -87.9436569213867 -87.6092300415039 -87.1897811889648 -86.7419891357422 -86.2941970825195 -85.8463973999023
-100.142486572266 -100.050895690918 -99.9406051635742 -99.7742309570312 -99.6078491210938 -99.4414749145508 -99.2751007080078 -99.1087265014648 -98.9423446655273 -98.7759704589844 -98.5531768798828 -98.3115692138672 -98.0699691772461 -97.828369140625 -97.5867691040039 -97.3451614379883 -97.1035614013672 -96.8515319824219 -96.5682144165039 -96.2848968505859 -96.001579284668 -95.71826171875 -95.4349365234375 -95.1516189575195 -94.8683013916016 -94.3300094604492 -93.7067337036133 -93.0834503173828 -92.4601669311523 -91.8368835449219 -91.2136077880859 -90.5903244018555 -90.036506652832 -89.6910705566406 -89.3456420898438 -89.0002136230469 -88.65478515625 -88.3093490600586 -87.9639205932617 -87.6184921264648 -87.1826858520508 -86.7167663574219 -86.2508392333984 -85.784912109375
-100.345237731934 -100.26538848877 -100.16064453125 -99.9812469482422 -99.8018493652344 -99.6224517822266 -99.4430465698242 -99.2636489868164 -99.0842514038086 -98.9048538208008 -98.6884231567383 -98.4596481323242 -98.2308731079102 -98.0020980834961 -97.773323059082 -97.544548034668 -97.3157730102539 -97.0790176391602 -96.8183212280273 -96.5576171875 -96.2969131469727 -96.0362167358398 -95.7755126953125 -95.5148086547852 -95.2541122436523 -94.7207870483398 -94.0965805053711 -93.4723815917969 -92.8481826782227 -92.2239761352539 -91.5997772216797 -90.9755783081055 -90.4088973999023 -90.0148086547852 -89.6207122802734 -89.2266159057617 -88.8325271606445 -88.4384307861328 -88.0443344116211 -87.6502456665039 -87.1887664794922 -86.704833984375 -86.2209014892578 -85.7369689941406
-100.62052154541 -100.557060241699 -100.464614868164 -100.285217285156 -100.105812072754 -99.9264144897461 -99.7470169067383 -99.5676116943359 -99.3882141113281 -99.2088165283203 -98.9958114624023 -98.7716064453125 -98.5474014282227 -98.3231964111328 -98.0989837646484 -97.8747787475586 -97.6505737304688 -97.4255218505859 -97.1979064941406 -96.9702987670898 -96.7426910400391 -96.5150756835938 -96.287467956543 -96.0598602294922 -95.8322448730469 -95.3165588378906 -94.7048492431641 -94.0931396484375 -93.4814300537109 -92.8697128295898 -92.2580032348633 -91.6462936401367 -91.0674057006836 -90.5869903564453 -90.106575012207 -89.6261596679688 -89.1457443237305 -88.6653289794922 -88.1849136352539 -87.7044982910156 -87.2080230712891 -86.7062072753906 -86.2043838500977 -85.7025680541992
-100.895812988281 -100.848739624023 -100.768585205078 -100.589179992676 -100.409782409668 -100.230377197266 -100.050979614258 -99.8715744018555 -99.6921768188477 -99.5127716064453 -99.3031997680664 -99.0835571289062 -98.8639221191406 -98.644287109375 -98.4246520996094 -98.2050094604492 -97.9853744506836 -97.7720184326172 -97.5774993896484 -97.3829803466797 -97.1884613037109 -96.9939422607422 -96.7994232177734 -96.6049041748047 -96.4103851318359 -95.9123382568359 -95.313117980957 -94.7138977050781 -94.1146774291992 -93.5154495239258 -92.9162292480469 -92.317008972168 -91.7259063720703 -91.1591720581055 -90.5924301147461 -90.0256958007812 -89.4589614868164 -88.892219543457 -88.3254852294922 -87.7587432861328 -87.2272796630859 -86.7075729370117 -86.1878662109375 -85.6681594848633
-101.171104431152 -101.140411376953 -101.072547912598 -100.89315032959 -100.713745117188 -100.534339904785 -100.354942321777 -100.175537109375 -99.9961395263672 -99.8167343139648 -99.6105804443359 -99.3955154418945 -99.1804504394531 -98.9653778076172 -98.7503128051758 -98.5352401733398 -98.3201751708984 -98.1185150146484 -97.9570922851562 -97.7956619262695 -97.6342315673828 -97.4728088378906 -97.3113784790039 -97.1499481201172 -96.988525390625 -96.5081176757812 -95.92138671875 -95.3346557617188 -94.7479248046875 -94.1611862182617 -93.5744552612305 -92.9877243041992 -92.3844146728516 -91.7313537597656 -91.0782928466797 -90.4252319335938 -89.7721710205078 -89.1191177368164 -88.4660568237305 -87.8129959106445 -87.2465362548828 -86.7089462280273 -86.1713485717773 -85.6337585449219
-101.446388244629 -101.432090759277 -101.376518249512 -101.197113037109 -101.017707824707 -100.838310241699 -100.658905029297 -100.479499816895 -100.300094604492 -100.120697021484 -99.91796875 -99.7074737548828 -99.4969711303711 -99.2864761352539 -99.0759735107422 -98.8654708862305 -98.6549758911133 -98.4650192260742 -98.3366775512695 -98.2083435058594 -98.0800094604492 -97.9516677856445 -97.8233337402344 -97.6949996948242 -97.5666580200195 -97.1038970947266 -96.529655456543 -95.9554138183594 -95.3811721801758 -94.8069229125977 -94.2326812744141 -93.6584396362305 -93.0429153442383 -92.3035354614258 -91.5641555786133 -90.8247680664062 -90.0853881835938 -89.3460083007812 -88.6066284179688 -87.8672485351562 -87.2657928466797 -86.7103118896484 -86.1548385620117 -85.5993576049805
-101.7216796875 -101.723770141602 -101.680480957031 -101.501083374023 -101.321678161621 -101.142272949219 -100.962867736816 -100.783462524414 -100.604057312012 -100.424652099609 -100.225357055664 -100.019424438477 -99.8134994506836 -99.6075668334961 -99.4016342163086 -99.1957015991211 -98.9897766113281 -98.8115158081055 -98.7162704467773 -98.6210250854492 -98.5257797241211 -98.430534362793 -98.3352890014648 -98.2400436401367 -98.1447982788086 -97.6996765136719 -97.1379241943359 -96.576171875 -96.0144195556641 -95.4526672363281 -94.8909149169922 -94.3291625976562 -93.701416015625 -92.8757171630859 -92.0500106811523 -91.2243118286133 -90.3986053466797 -89.5729064941406 -88.747200012207 -87.921501159668 -87.2850494384766 -86.7116851806641 -86.1383209228516 -85.5649566650391
-101.934112548828 -101.942291259766 -101.90852355957 -101.748893737793 -101.589263916016 -101.429634094238 -101.270011901855 -101.110382080078 -100.950752258301 -100.791122436523 -100.594749450684 -100.386123657227 -100.17749786377 -99.9688720703125 -99.7602462768555 -99.551628112793 -99.3430023193359 -99.1606903076172 -99.0573196411133 -98.9539489746094 -98.8505783081055 -98.7472076416016 -98.6438369750977 -98.5404663085938 -98.4370956420898 -97.9835433959961 -97.4132690429688 -96.8429870605469 -96.272705078125 -95.7024230957031 -95.1321411132812 -94.5618667602539 -93.9253616333008 -93.0902099609375 -92.2550506591797 -91.4198989868164 -90.5847396850586 -89.7495880126953 -88.9144287109375 -88.0792770385742 -87.4224395751953 -86.8250503540039 -86.227653503418 -85.630256652832
-102.083702087402 -102.087669372559 -102.060623168945 -101.940551757812 -101.820472717285 -101.700401306152 -101.58032989502 -101.460250854492 -101.340179443359 -101.220108032227 -101.026145935059 -100.807563781738 -100.588981628418 -100.370399475098 -100.151817321777 -99.933235168457 -99.7146530151367 -99.5125350952148 -99.3598251342773 -99.2071151733398 -99.0544052124023 -98.9016952514648 -98.7489852905273 -98.5962753295898 -98.4435653686523 -97.9555130004883 -97.3556900024414 -96.755859375 -96.1560363769531 -95.5562057495117 -94.9563827514648 -94.3565521240234 -93.7147521972656 -92.9470138549805 -92.1792755126953 -91.4115371704102 -90.643798828125 -89.8760604858398 -89.1083221435547 -88.3405838012695 -87.6779708862305 -87.050407409668 -86.4228439331055 -85.7952728271484
-102.233283996582 -102.233039855957 -102.212730407715 -102.132209777832 -102.051689147949 -101.971168518066 -101.890647888184 -101.810127258301 -101.729606628418 -101.649085998535 -101.457550048828 -101.229011535645 -101.000465393066 -100.771926879883 -100.543388366699 -100.314842224121 -100.086303710938 -99.864387512207 -99.6623306274414 -99.4602813720703 -99.2582321166992 -99.0561752319336 -98.8541259765625 -98.6520767211914 -98.4500274658203 -97.9274826049805 -97.2981109619141 -96.6687393188477 -96.0393676757812 -95.4099884033203 -94.7806167602539 -94.1512451171875 -93.5041351318359 -92.8038177490234 -92.1034927368164 -91.4031677246094 -90.7028503417969 -90.0025253295898 -89.3022079467773 -88.6018829345703 -87.9335021972656 -87.275764465332 -86.6180267333984 -85.9602890014648
-102.382865905762 -102.37841796875 -102.36483001709 -102.323867797852 -102.282897949219 -102.24193572998 -102.200965881348 -102.159996032715 -102.119033813477 -102.078063964844 -101.888946533203 -101.650451660156 -101.411949157715 -101.173454284668 -100.934951782227 -100.69645690918 -100.457954406738 -100.216232299805 -99.96484375 -99.7134475708008 -99.4620590209961 -99.2106628417969 -98.9592742919922 -98.707878112793 -98.4564895629883 -97.8994522094727 -97.2405319213867 -96.5816116333008 -95.9226913452148 -95.2637786865234 -94.6048583984375 -93.9459381103516 -93.2935256958008 -92.6606216430664 -92.0277099609375 -91.3948059082031 -90.7619018554688 -90.1289978027344 -89.49609375 -88.8631896972656 -88.1890335083008 -87.5011215209961 -86.8132171630859 -86.1253051757812
-102.532455444336 -102.523788452148 -102.516937255859 -102.515525817871 -102.514106750488 -102.5126953125 -102.511283874512 -102.509872436523 -102.508460998535 -102.507041931152 -102.320350646973 -102.071891784668 -101.823432922363 -101.574974060059 -101.326522827148 -101.078063964844 -100.829605102539 -100.568077087402 -100.267349243164 -99.9666137695312 -99.6658782958984 -99.3651504516602 -99.0644149780273 -98.7636871337891 -98.4629516601562 -97.8714218139648 -97.1829528808594 -96.4944915771484 -95.806022644043 -95.117561340332 -94.4290924072266 -93.7406311035156 -93.0829086303711 -92.5174179077148 -91.9519348144531 -91.3864440917969 -90.8209609985352 -90.2554702758789 -89.6899795532227 -89.1244964599609 -88.4445648193359 -87.7264785766602 -87.0083999633789 -86.2903213500977
-102.682037353516 -102.669158935547 -102.669044494629 -102.707183837891 -102.745323181152 -102.783462524414 -102.821601867676 -102.859741210938 -102.897880554199 -102.936027526855 -102.751747131348 -102.49333190918 -102.234916687012 -101.976501464844 -101.718086242676 -101.459671020508 -101.20125579834 -100.919929504395 -100.569854736328 -100.219779968262 -99.8697052001953 -99.5196304321289 -99.169563293457 -98.8194885253906 -98.4694137573242 -97.8433837890625 -97.125373840332 -96.4073638916016 -95.6893539428711 -94.9713439941406 -94.2533340454102 -93.5353240966797 -92.8722991943359 -92.3742218017578 -91.8761520385742 -91.3780822753906 -90.880012512207 -90.3819427490234 -89.8838729858398 -89.3857955932617 -88.7000885009766 -87.9518432617188 -87.2035903930664 -86.4553375244141
