data/working_set_collections/6091692-Cassins_Sparrow-M2/1980/prectotcorr_avg.asc
NCOLS 265 
NROWS 230 
XLLCORNER -115.5625 
YLLCORNER 24.8333333333333 
CELLSIZE 0.0833333333333333 
NODATA_value -9999 
[rows 144 to 161 of 230, columns 205 to 245 of 265]
2.23465522140032e-05 2.23543484025868e-05 2.23621445911704e-05 2.23699425987434e-05 2.24333016376477e-05 2.26633528654929e-05 2.28934022743488e-05 2.3123453502194e-05 2.33535029110499e-05 2.35835541388951e-05 2.3813603547751e-05 2.40436547755962e-05 2.43905597017147e-05 2.47764164669206e-05 2.51622732321266e-05 2.55481299973326e-05 2.59339867625386e-05 2.63198435277445e-05 2.67057002929505e-05 2.71047047135653e-05 2.75431575573748e-05 2.79816104011843e-05 2.84200614260044e-05 2.88585142698139e-05 2.9296965294634e-05 2.97354181384435e-05 3.0173870982253e-05 3.05784124066122e-05 3.09716488118283e-05 3.13648888550233e-05 3.17581288982183e-05 3.21513653034344e-05 3.25446053466294e-05 3.29378417518456e-05 3.32949748553801e-05 3.35437871399336e-05 3.3792599424487e-05 3.40414153470192e-05 3.42902276315726e-05 3.45390399161261e-05 3.47878522006795e-05
2.23083570745075e-05 2.23159113375004e-05 2.23234656004934e-05 2.23310198634863e-05 2.2394917323254e-05 2.26278389163781e-05 2.28607623284915e-05 2.3093685740605e-05 2.33266091527184e-05 2.35595325648319e-05 2.37924541579559e-05 2.40253775700694e-05 2.43767281062901e-05 2.47675543505466e-05 2.51583787758136e-05 2.55492050200701e-05 2.59400312643265e-05 2.6330857508583e-05 2.67216837528395e-05 2.71278240688844e-05 2.75799138762522e-05 2.80320036836201e-05 2.84840916719986e-05 2.89361814793665e-05 2.93882712867344e-05 2.98403592751129e-05 3.02924490824807e-05 3.07156988128554e-05 3.11293297272641e-05 3.15429642796516e-05 3.19565988320392e-05 3.23702333844267e-05 3.27838679368142e-05 3.31975024892017e-05 3.35701515723485e-05 3.38198551617097e-05 3.40695587510709e-05 3.4319262340432e-05 3.45689659297932e-05 3.48186658811755e-05 3.50683694705367e-05
2.22701619350119e-05 2.22774742724141e-05 2.22847866098164e-05 2.22920989472186e-05 2.2356531189871e-05 2.25923267862527e-05 2.28281223826343e-05 2.3063917979016e-05 2.32997135753976e-05 2.35355091717793e-05 2.37713047681609e-05 2.40071003645426e-05 2.43628965108655e-05 2.47586922341725e-05 2.515448613849e-05 2.5550281861797e-05 2.59460757661145e-05 2.63418714894215e-05 2.67376672127284e-05 2.71509452431928e-05 2.76166701951297e-05 2.8082396966056e-05 2.85481237369822e-05 2.90138486889191e-05 2.94795754598454e-05 2.99453022307716e-05 3.04110290016979e-05 3.08529815811198e-05 3.12870106426999e-05 3.17210433422588e-05 3.21550724038389e-05 3.25891014654189e-05 3.3023130526999e-05 3.34571595885791e-05 3.38453319272958e-05 3.40959231834859e-05 3.43465180776548e-05 3.45971093338449e-05 3.48477005900349e-05 3.50982954842038e-05 3.53488867403939e-05
2.22319667955162e-05 2.22390372073278e-05 2.22461076191394e-05 2.22531762119615e-05 2.23181468754774e-05 2.25568146561272e-05 2.27954824367771e-05 2.30341520364163e-05 2.32728198170662e-05 2.3511487597716e-05 2.37501553783659e-05 2.39888249780051e-05 2.4349064915441e-05 2.4749828298809e-05 2.51505935011664e-05 2.55513568845345e-05 2.59521220868919e-05 2.63528854702599e-05 2.67536506726174e-05 2.71740645985119e-05 2.76534265140072e-05 2.81327902484918e-05 2.86121539829765e-05 2.90915177174611e-05 2.95708814519458e-05 3.0050243367441e-05 3.0529608920915e-05 3.0990267987363e-05 3.14446915581357e-05 3.18991187668871e-05 3.23535423376597e-05 3.28079695464112e-05 3.32623931171838e-05 3.37168203259353e-05 3.41205086442642e-05 3.4371991205262e-05 3.46234737662598e-05 3.48749563272577e-05 3.51264388882555e-05 3.53779214492533e-05 3.56294040102512e-05
2.21937734750099e-05 2.22006001422415e-05 2.2207426809473e-05 2.22142552956939e-05 2.22797607420944e-05 2.25213025260018e-05 2.27628424909199e-05 2.30043842748273e-05 2.32459242397454e-05 2.34874660236528e-05 2.37290078075603e-05 2.39705477724783e-05 2.43352333200164e-05 2.47409661824349e-05 2.51466990448534e-05 2.55524337262614e-05 2.59581665886799e-05 2.63638994510984e-05 2.67696341325063e-05 2.7197183953831e-05 2.7690184651874e-05 2.81831835309276e-05 2.86761842289707e-05 2.91691849270137e-05 2.96621856250567e-05 3.01551863230998e-05 3.06481852021534e-05 3.11275543936063e-05 3.16023724735714e-05 3.20771941915154e-05 3.25520159094594e-05 3.30268376274034e-05 3.35016593453474e-05 3.39764810632914e-05 3.43956889992114e-05 3.46480592270382e-05 3.49004330928437e-05 3.51528033206705e-05 3.54051771864761e-05 3.56575474143028e-05 3.59099176421296e-05
2.21555783355143e-05 2.21621630771551e-05 2.2168747818796e-05 2.21753343794262e-05 2.22413764277007e-05 2.2485788576887e-05 2.27302025450626e-05 2.29746165132383e-05 2.32190304814139e-05 2.34634444495896e-05 2.37078584177652e-05 2.39522705669515e-05 2.43214017245919e-05 2.47321040660609e-05 2.51428064075299e-05 2.55535087489989e-05 2.59642110904679e-05 2.63749134319369e-05 2.67856175923953e-05 2.722030330915e-05 2.77269409707515e-05 2.82335786323529e-05 2.87402162939543e-05 2.92468539555557e-05 2.97534897981677e-05 3.02601274597691e-05 3.07667651213706e-05 3.12648371618707e-05 3.17600533890072e-05 3.22552732541226e-05 3.27504894812591e-05 3.32457057083957e-05 3.37409219355322e-05 3.42361381626688e-05 3.46708657161798e-05 3.49241272488143e-05 3.51773887814488e-05 3.54306503140833e-05 3.56839118467178e-05 3.59371733793523e-05 3.61904349119868e-05
2.21986429096432e-05 2.22017915803008e-05 2.22049420699477e-05 2.22080925595947e-05 2.22725630010245e-05 2.25209951167926e-05 2.27694290515501e-05 2.30178611673182e-05 2.32662951020757e-05 2.35147272178438e-05 2.37631611526012e-05 2.40115932683693e-05 2.43839858740102e-05 2.47976968239527e-05 2.52114077738952e-05 2.56251187238377e-05 2.60388296737801e-05 2.6452542442712e-05 2.68662533926545e-05 2.7306658012094e-05 2.78271472780034e-05 2.83476365439128e-05 2.88681258098222e-05 2.93886132567422e-05 2.99091025226517e-05 3.04295917885611e-05 3.09500792354811e-05 3.14643657475244e-05 3.19765858876053e-05 3.24888060276862e-05 3.30010261677671e-05 3.35132426698692e-05 3.40254628099501e-05 3.4537682950031e-05 3.49856236425694e-05 3.52407296304591e-05 3.549583198037e-05 3.57509379682597e-05 3.60060439561494e-05 3.62611499440391e-05 3.65162522939499e-05
2.23229653784074e-05 2.23194874706678e-05 2.23160095629282e-05 2.23125316551886e-05 2.23733222810552e-05 2.26269203267293e-05 2.28805201913929e-05 2.3134118237067e-05 2.33877181017306e-05 2.36413161474047e-05 2.38949160120683e-05 2.41485140577424e-05 2.45229839492822e-05 2.49377444561105e-05 2.53525031439494e-05 2.57672636507777e-05 2.61820223386167e-05 2.6596782845445e-05 2.70115415332839e-05 2.74562498816522e-05 2.79908035736298e-05 2.85253590845969e-05 2.90599127765745e-05 2.95944664685521e-05 3.01290219795192e-05 3.06635774904862e-05 3.11981311824638e-05 3.17261401505675e-05 3.22519699693657e-05 3.27777961501852e-05 3.33036259689834e-05 3.38294557877816e-05 3.4355281968601e-05 3.48811117873993e-05 3.53399591404013e-05 3.55978590960149e-05 3.58557626896072e-05 3.61136662831996e-05 3.63715662388131e-05 3.66294698324054e-05 3.6887369788019e-05
2.24472896661609e-05 2.24371833610348e-05 2.24270770559087e-05 2.24169707507826e-05 2.24740815610858e-05 2.2732845536666e-05 2.29916113312356e-05 2.32503753068158e-05 2.35091411013855e-05 2.37679050769657e-05 2.40266708715353e-05 2.42854366661049e-05 2.46619838435436e-05 2.50777902692789e-05 2.54935985140037e-05 2.59094067587284e-05 2.63252150034532e-05 2.6741023248178e-05 2.71568314929027e-05 2.76058417512104e-05 2.81544616882456e-05 2.87030816252809e-05 2.92517015623162e-05 2.98003214993514e-05 3.03489396173973e-05 3.08975613734219e-05 3.14461794914678e-05 3.19879145536106e-05 3.25273504131474e-05 3.30667899106629e-05 3.36062257701997e-05 3.41456652677152e-05 3.4685101127252e-05 3.52245406247675e-05 3.56942946382333e-05 3.59549921995495e-05 3.62156933988445e-05 3.64763909601606e-05 3.67370921594556e-05 3.69977897207718e-05 3.72584909200668e-05
2.25716139539145e-05 2.25548792514019e-05 2.25381445488892e-05 2.25214098463766e-05 2.25748408411164e-05 2.28387707466027e-05 2.31027024710784e-05 2.33666341955541e-05 2.36305641010404e-05 2.38944958255161e-05 2.41584257310024e-05 2.4422357455478e-05 2.48009819188155e-05 2.52178379014367e-05 2.56346938840579e-05 2.60515498666791e-05 2.64684076682897e-05 2.68852636509109e-05 2.73021196335321e-05 2.77554336207686e-05 2.83181179838721e-05 2.88808041659649e-05 2.94434885290684e-05 3.00061747111613e-05 3.05688590742648e-05 3.11315452563576e-05 3.16942314384505e-05 3.22496853186749e-05 3.28027344949078e-05 3.33557800331619e-05 3.39088292093948e-05 3.44618747476488e-05 3.50149239238817e-05 3.55679694621358e-05 3.60486301360652e-05 3.6312125303084e-05 3.65756204701029e-05 3.68391192751005e-05 3.71026144421194e-05 3.7366113247117e-05 3.76296084141359e-05
2.26959364226786e-05 2.26725733227795e-05 2.26492102228804e-05 2.26258471229812e-05 2.2675600121147e-05 2.29446959565394e-05 2.32137936109211e-05 2.34828912653029e-05 2.37519871006953e-05 2.4021084755077e-05 2.42901805904694e-05 2.45592782448512e-05 2.49399799940875e-05 2.53578855335945e-05 2.57757892541122e-05 2.61936947936192e-05 2.66115985141369e-05 2.70295040536439e-05 2.74474077741615e-05 2.79050254903268e-05 2.84817760984879e-05 2.9058526706649e-05 2.96352773148101e-05 3.02120279229712e-05 3.07887785311323e-05 3.13655291392934e-05 3.19422797474544e-05 3.2511459721718e-05 3.30781149386894e-05 3.36447737936396e-05 3.4211429010611e-05 3.47780842275824e-05 3.53447430825327e-05 3.59113982995041e-05 3.64029656338971e-05 3.66692584066186e-05 3.69355511793401e-05 3.72018439520616e-05 3.74681403627619e-05 3.77344331354834e-05 3.80007259082049e-05
2.28202607104322e-05 2.27902692131465e-05 2.27602777158609e-05 2.27302862185752e-05 2.27763594011776e-05 2.3050621166476e-05 2.33248847507639e-05 2.35991483350517e-05 2.38734101003502e-05 2.4147673684638e-05 2.44219354499364e-05 2.46961990342243e-05 2.50789798883488e-05 2.54979331657523e-05 2.59168846241664e-05 2.63358379015699e-05 2.67547911789734e-05 2.71737444563769e-05 2.75926977337804e-05 2.80546155408956e-05 2.86454323941143e-05 2.9236249247333e-05 2.98270642815623e-05 3.04178811347811e-05 3.10086979879998e-05 3.15995130222291e-05 3.21903280564584e-05 3.27732341247611e-05 3.33534990204498e-05 3.39337639161386e-05 3.45140288118273e-05 3.50942973454949e-05 3.56745622411836e-05 3.62548271368723e-05 3.67572974937502e-05 3.70263915101532e-05 3.72954818885773e-05 3.75645722670015e-05 3.78336626454256e-05 3.81027530238498e-05 3.8371843402274e-05
2.29746765398886e-05 2.2939591872273e-05 2.29045072046574e-05 2.28694207180524e-05 2.29119086725404e-05 2.31871072173817e-05 2.34623075812124e-05 2.3737507945043e-05 2.40127083088737e-05 2.42879086727044e-05 2.45631072175456e-05 2.48383075813763e-05 2.52218796958914e-05 2.56415751209715e-05 2.60612705460517e-05 2.64809677901212e-05 2.69006632152013e-05 2.73203586402815e-05 2.77400540653616e-05 2.82056771538919e-05 2.88090832327725e-05 2.94124874926638e-05 3.0015891752555e-05 3.06192960124463e-05 3.12227020913269e-05 3.18261081702076e-05 3.24295106111094e-05 3.30269140249584e-05 3.36223165504634e-05 3.42177190759685e-05 3.48131252394523e-05 3.54085277649574e-05 3.60039302904624e-05 3.65993328159675e-05 3.7114143196959e-05 3.73871771444101e-05 3.76602147298399e-05 3.7933248677291e-05 3.8206282624742e-05 3.84793202101719e-05 3.87523541576229e-05
2.31591839110479e-05 2.31205394811695e-05 2.30818968702806e-05 2.30432524404023e-05 2.30822461162461e-05 2.33541541092563e-05 2.36260621022666e-05 2.38979700952768e-05 2.41698799072765e-05 2.44417879002867e-05 2.4713695893297e-05 2.49856038863072e-05 2.53686812357046e-05 2.5788815037231e-05 2.62089470197679e-05 2.66290808212943e-05 2.70492146228207e-05 2.74693484243471e-05 2.78894804068841e-05 2.83582103293156e-05 2.89727267954731e-05 2.95872432616306e-05 3.02017597277882e-05 3.08162743749563e-05 3.14307908411138e-05 3.20453073072713e-05 3.26598237734288e-05 3.32725066982675e-05 3.38845748046879e-05 3.44966429111082e-05 3.51087110175285e-05 3.57207791239489e-05 3.63328472303692e-05 3.69449153367896e-05 3.7473495467566e-05 3.77516225853469e-05 3.80297497031279e-05 3.830787318293e-05 3.8586000300711e-05 3.8864127418492e-05 3.91422508982942e-05
2.33436931011965e-05 2.33014889090555e-05 2.32592865359038e-05 2.32170823437627e-05 2.32525835599517e-05 2.3521201001131e-05 2.37898166233208e-05 2.40584340645e-05 2.43270496866899e-05 2.45956671278691e-05 2.48642845690483e-05 2.51329001912382e-05 2.55154827755177e-05 2.5936053134501e-05 2.63566234934842e-05 2.67771956714569e-05 2.71977660304401e-05 2.76183363894233e-05 2.80389067484066e-05 2.851074168575e-05 2.91363703581737e-05 2.97619990305975e-05 3.03876258840319e-05 3.1013256375445e-05 3.16388832288794e-05 3.22645100823138e-05 3.2890140573727e-05 3.35180957335979e-05 3.41468294209335e-05 3.47755631082691e-05 3.54042967956048e-05 3.60330304829404e-05 3.6661764170276e-05 3.72904978576116e-05 3.78328513761517e-05 3.81160680262838e-05 3.83992846764158e-05 3.86825013265479e-05 3.896571797668e-05 3.92489346268121e-05 3.95321512769442e-05
2.35282022913452e-05 2.34824383369414e-05 2.3436676201527e-05 2.33909122471232e-05 2.34229210036574e-05 2.36882460740162e-05 2.3953571144375e-05 2.42188962147338e-05 2.44842212850926e-05 2.47495463554515e-05 2.50148714258103e-05 2.52801964961691e-05 2.56622843153309e-05 2.60832930507604e-05 2.65042999672005e-05 2.692530870263e-05 2.73463174380595e-05 2.77673243544996e-05 2.81883330899291e-05 2.86632730421843e-05 2.93000139208743e-05 2.9936752980575e-05 3.0573493859265e-05 3.1210234737955e-05 3.18469719786663e-05 3.24837128573563e-05 3.31204537360463e-05 3.3763688406907e-05 3.44090876751579e-05 3.505448330543e-05 3.5699882573681e-05 3.63452818419319e-05 3.69906811101828e-05 3.76360767404549e-05 3.81922036467586e-05 3.84805134672206e-05 3.87688196497038e-05 3.9057125832187e-05 3.9345435652649e-05 3.96337418351322e-05 3.99220516555943e-05
2.37127096625045e-05 2.36633877648273e-05 2.36140658671502e-05 2.35647421504837e-05 2.35932602663524e-05 2.38552929658908e-05 2.41173256654292e-05 2.4379360183957e-05 2.46413928834954e-05 2.49034274020232e-05 2.51654601015616e-05 2.54274928011e-05 2.58090858551441e-05 2.62305311480304e-05 2.66519764409168e-05 2.70734217338031e-05 2.74948670266895e-05 2.79163141385652e-05 2.83377594314516e-05 2.8815806217608e-05 2.94636574835749e-05 3.01115087495418e-05 3.07593618344981e-05 3.1407213100465e-05 3.20550643664319e-05 3.27029156323988e-05 3.33507668983657e-05 3.40092774422374e-05 3.46713422914036e-05 3.53334071405698e-05 3.59954683517572e-05 3.66575332009234e-05 3.73195980500896e-05 3.79816592612769e-05 3.85515559173655e-05 3.88449552701786e-05 3.91383546229918e-05 3.94317539758049e-05 3.9725153328618e-05 4.00185490434524e-05 4.03119483962655e-05
2.38972188526532e-05 2.38443371927133e-05 2.37914555327734e-05 2.37385738728335e-05 2.37635977100581e-05 2.40223398577655e-05 2.42810801864835e-05 2.45398223341908e-05 2.47985644818982e-05 2.50573066296056e-05 2.5316048777313e-05 2.5574789106031e-05 2.59558873949572e-05 2.63777710642898e-05 2.6799652914633e-05 2.72215365839656e-05 2.76434184343088e-05 2.80653021036414e-05 2.84871839539846e-05 2.89683375740424e-05 2.96273010462755e-05 3.02862645185087e-05 3.09452298097312e-05 3.1604191462975e-05 3.22631531162187e-05 3.29221184074413e-05 3.35810800606851e-05 3.42548701155465e-05 3.49335969076492e-05 3.56123273377307e-05 3.62910541298334e-05 3.69697845599148e-05 3.76485149899963e-05 3.8327241782099e-05 3.89109118259512e-05 3.92094007111154e-05 3.95078895962797e-05 3.9806378481444e-05 4.0104871004587e-05 4.04033598897513e-05 4.07018487749156e-05
