data/working_set_collections/6091692-Cassins_Sparrow-M2/1980/prectotcorr_avg.asc
NCOLS 265 
NROWS 230 
XLLCORNER -115.5625 
YLLCORNER 24.8333333333333 
CELLSIZE 0.0833333333333333 
NODATA_value -9999 
[rows 162 to 179 of 230, columns 0 to 40 of 265]
6.4357709561591e-06 6.31563671049662e-06 6.19550201008678e-06 6.07536730967695e-06 5.95523306401446e-06 5.83509836360463e-06 5.71496366319479e-06 5.62482728128089e-06 5.54468988411827e-06 5.464552941703e-06 5.38441554454039e-06 5.30427814737777e-06 -9999 -9999 -9999 -9999 -9999 -9999 -9999 -9999 -9999 -9999 -9999 -9999 -9999 -9999 -9999 -9999 -9999 -9999 -9999 -9999 9.84398775472073e-06 1.05108611023752e-05 1.11777353595244e-05 1.18446087071788e-05 1.25114820548333e-05 1.287361010327e-05 1.3134155778971e-05 1.33947005451773e-05 1.36552462208783e-05
6.4351543187513e-06 6.3354541453009e-06 6.23575442659785e-06 6.13605425314745e-06 6.03635407969705e-06 5.936654360994e-06 5.8369541875436e-06 5.74183695789543e-06 5.64824767934624e-06 5.5546579460497e-06 5.46106866750051e-06 5.36747938895132e-06 -9999 -9999 -9999 -9999 -9999 -9999 -9999 -9999 -9999 -9999 -9999 -9999 -9999 -9999 -9999 -9999 -9999 -9999 -9999 -9999 9.68263339018449e-06 1.03367592600989e-05 1.0990886039508e-05 1.16450119094225e-05 1.22991386888316e-05 1.26579107018188e-05 1.29182326418231e-05 1.31785536723328e-05 1.34388747028424e-05
6.43453722659615e-06 6.35527203485253e-06 6.27600638836157e-06 6.1967407418706e-06 6.11747555012698e-06 6.03820990363602e-06 5.95894425714505e-06 5.85884663450997e-06 5.75180501982686e-06 5.64476340514375e-06 5.53772179046064e-06 5.43068017577752e-06 -9999 -9999 -9999 -9999 -9999 -9999 -9999 -9999 -9999 -9999 -9999 -9999 -9999 -9999 -9999 -9999 -9999 -9999 -9999 -9999 9.52127902564825e-06 1.01626583273173e-05 1.08040367194917e-05 1.14454160211608e-05 1.20867953228299e-05 1.24422122098622e-05 1.27023095046752e-05 1.29624058899935e-05 1.32225031848066e-05
6.43392058918835e-06 6.37508946965681e-06 6.31625880487263e-06 6.2574276853411e-06 6.19859656580957e-06 6.13976590102538e-06 6.08093478149385e-06 5.97585676587187e-06 5.85536281505483e-06 5.7348688642378e-06 5.61437491342076e-06 5.49388141735108e-06 -9999 -9999 -9999 -9999 -9999 -9999 -9999 -9999 -9999 -9999 -9999 -9999 -9999 -9999 -9999 -9999 -9999 -9999 -9999 -9999 9.35992466111202e-06 9.98855648504104e-06 1.06171883089701e-05 1.12458201328991e-05 1.18744510473334e-05 1.22265137179056e-05 1.24863863675273e-05 1.2746259017149e-05 1.3006130757276e-05
6.43330349703319e-06 6.39490735920845e-06 6.35651076663635e-06 6.31811417406425e-06 6.2797180362395e-06 6.2413214436674e-06 6.2029248510953e-06 6.09286644248641e-06 5.95892015553545e-06 5.82497432333184e-06 5.69102803638089e-06 5.55708220417728e-06 -9999 -9999 -9999 -9999 -9999 -9999 -9999 -9999 -9999 -9999 -9999 -9999 -9999 -9999 -9999 -9999 -9999 -9999 -9999 -9999 9.19857029657578e-06 9.81445464276476e-06 1.04303389889537e-05 1.10462233351427e-05 1.16621076813317e-05 1.2010815225949e-05 1.22704632303794e-05 1.25301112348097e-05 1.27897592392401e-05
6.43268685962539e-06 6.41472479401273e-06 6.39676318314741e-06 6.37880111753475e-06 6.36083905192208e-06 6.34287744105677e-06 6.32491537544411e-06 6.20987611910095e-06 6.06247795076342e-06 5.91507978242589e-06 5.76768115934101e-06 5.62028299100348e-06 -9999 -9999 -9999 -9999 -9999 -9999 -9999 -9999 -9999 -9999 -9999 -9999 -9999 -9999 -9999 -9999 -9999 -9999 -9999 -9999 -9999 9.64035280048847e-06 1.02434905784321e-05 1.0846627446881e-05 1.144976431533e-05 1.17951167339925e-05 1.20545400932315e-05 1.23139634524705e-05 1.25733877212042e-05
6.28750331088668e-06 6.30171007287572e-06 6.31591683486477e-06 6.33012314210646e-06 6.3443299040955e-06 6.3585362113372e-06 6.37274297332624e-06 6.26819837634685e-06 6.12406984146219e-06 5.97994130657753e-06 5.83581277169287e-06 5.69168423680821e-06 5.54755570192356e-06 5.4034271670389e-06 -9999 -9999 -9999 -9999 -9999 -9999 -9999 -9999 -9999 -9999 -9999 -9999 -9999 -9999 -9999 -9999 -9999 -9999 -9999 -9999 1.00045672297711e-05 1.05815788629116e-05 1.11585904960521e-05 1.15014327093377e-05 1.17662175398436e-05 1.20310023703496e-05 1.22957872008556e-05
5.99775376031175e-06 6.05586274105008e-06 6.1139717217884e-06 6.17208070252673e-06 6.23018968326505e-06 6.28829911875073e-06 6.34640809948905e-06 6.26783275947673e-06 6.14369582763175e-06 6.01955889578676e-06 5.89542196394177e-06 5.77128503209678e-06 5.6471481002518e-06 5.52301116840681e-06 5.4152528718987e-06 -9999 -9999 -9999 -9999 -9999 -9999 -9999 -9999 -9999 -9999 -9999 -9999 -9999 -9999 -9999 -9999 -9999 -9999 -9999 -9999 1.0251078492729e-05 1.07885871329927e-05 1.11297631519847e-05 1.14054946607212e-05 1.16812261694577e-05 1.19569576781942e-05
5.70800375498948e-06 5.81001540922443e-06 5.91202660871204e-06 6.014038262947e-06 6.11604991718195e-06 6.21806157141691e-06 6.32007322565187e-06 6.26746714260662e-06 6.1633218138013e-06 6.05917648499599e-06 5.95503115619067e-06 5.85088582738535e-06 5.74674095332739e-06 5.64259562452207e-06 5.55192673346028e-06 5.50168761037639e-06 5.45144803254516e-06 -9999 -9999 -9999 -9999 -9999 -9999 -9999 -9999 -9999 -9999 -9999 -9999 -9999 -9999 -9999 -9999 -9999 -9999 9.92057812254643e-06 1.04185837699333e-05 1.07580935946316e-05 1.10447717815987e-05 1.13314508780604e-05 1.16181290650275e-05
5.4182537496672e-06 5.56416762265144e-06 5.71008195038303e-06 5.85599582336727e-06 6.00191015109885e-06 6.14782402408309e-06 6.29373835181468e-06 6.26710152573651e-06 6.18294779997086e-06 6.09879407420522e-06 6.01464080318692e-06 5.93048707742128e-06 5.84633335165563e-06 5.76217962588998e-06 5.68860059502185e-06 5.64674428460421e-06 5.60488751943922e-06 5.56303120902157e-06 -9999 -9999 -9999 -9999 -9999 -9999 -9999 -9999 -9999 -9999 -9999 -9999 -9999 -9999 -9999 -9999 -9999 -9999 1.0048580406874e-05 1.03864240372786e-05 1.06840498119709e-05 1.09816746771685e-05 1.12793004518608e-05
-9999 5.3183202908258e-06 5.50813683730667e-06 5.69795338378754e-06 5.8877699302684e-06 6.07758647674927e-06 6.26740302323014e-06 6.26673590886639e-06 6.20257378614042e-06 6.1384121181618e-06 6.07424999543582e-06 6.01008787270985e-06 5.94592620473122e-06 5.88176408200525e-06 5.82527445658343e-06 5.79180095883203e-06 5.75832746108063e-06 5.72485396332922e-06 5.69138046557782e-06 5.65790696782642e-06 -9999 -9999 -9999 -9999 -9999 -9999 -9999 -9999 -9999 -9999 -9999 -9999 -9999 -9999 -9999 -9999 9.67857613431988e-06 1.00147553894203e-05 1.03233269328484e-05 1.06318993857712e-05 1.09404709291994e-05
-9999 -9999 -9999 5.5399109442078e-06 5.77363016418531e-06 6.00734938416281e-06 6.24106814939296e-06 6.26637029199628e-06 6.22219977230998e-06 6.17802970737102e-06 6.13385918768472e-06 6.08968912274577e-06 6.04551860305946e-06 6.00134853812051e-06 5.96194786339765e-06 5.93685717831249e-06 5.91176694797468e-06 5.88667626288952e-06 5.86158557780436e-06 5.8364948927192e-06 5.81140420763404e-06 -9999 -9999 5.96138579567196e-06 6.06501134825521e-06 6.16863690083846e-06 -9999 -9999 -9999 -9999 -9999 -9999 -9999 -9999 -9999 -9999 9.30857277126051e-06 9.6430858320673e-06 9.96260405372595e-06 1.02821231848793e-05 1.06016423160327e-05
-9999 -9999 -9999 -9999 5.55607630303712e-06 5.81146878175787e-06 6.06686126047862e-06 6.121871592768e-06 6.11008772466448e-06 6.09830431130831e-06 6.08652044320479e-06 6.07473702984862e-06 6.0629531617451e-06 6.05116974838893e-06 6.03752687311498e-06 6.01830697632977e-06 5.99908707954455e-06 5.97986718275934e-06 5.96064728597412e-06 5.9414273891889e-06 5.92220749240369e-06 -9999 -9999 6.02899854129646e-06 6.10374991083518e-06 6.17850173512124e-06 6.25325355940731e-06 -9999 -9999 -9999 -9999 -9999 -9999 -9999 -9999 -9999 -9999 9.25678341445746e-06 9.58869804890128e-06 9.9206117738504e-06 1.02525264082942e-05
-9999 -9999 -9999 -9999 -9999 -9999 -9999 5.8332393564342e-06 5.86623718845658e-06 5.8992354752263e-06 5.93223376199603e-06 5.9652315940184e-06 5.99822988078813e-06 6.03122816755786e-06 6.05201148573542e-06 6.0361498981365e-06 6.02028876528493e-06 6.00442717768601e-06 5.98856559008709e-06 5.97270445723552e-06 5.9568428696366e-06 5.94098173678503e-06 5.9778749346151e-06 6.0323527577566e-06 6.08683103564545e-06 6.14130885878694e-06 6.19578668192844e-06 6.25026495981729e-06 6.30474278295878e-06 -9999 -9999 -9999 -9999 -9999 -9999 -9999 -9999 -9999 9.201607099385e-06 9.54736515268451e-06 9.89312320598401e-06
-9999 -9999 -9999 -9999 -9999 -9999 -9999 -9999 5.62238710699603e-06 5.7001666391443e-06 5.77794662603992e-06 5.85572661293554e-06 5.93350659983116e-06 6.01128658672678e-06 6.0664956436085e-06 6.05399281994323e-06 6.04148999627796e-06 6.02898717261269e-06 6.01648434894742e-06 6.00398152528214e-06 5.99147870161687e-06 5.9789758779516e-06 6.00150315221981e-06 6.03570742896409e-06 -9999 6.10411552770529e-06 6.13831980444957e-06 6.17252408119384e-06 6.20672835793812e-06 6.29747592029162e-06 -9999 -9999 -9999 -9999 -9999 -9999 -9999 8.45491467771353e-06 8.81451705936342e-06 9.17411853151862e-06 9.53372091316851e-06
-9999 -9999 -9999 -9999 -9999 -9999 -9999 -9999 -9999 5.50109825780964e-06 5.62365994483116e-06 5.74622163185268e-06 5.86878331887419e-06 5.99134500589571e-06 6.08097980148159e-06 6.07183574174996e-06 6.06269122727099e-06 6.05354716753936e-06 6.04440265306039e-06 6.03525813858141e-06 6.02611407884979e-06 6.01696956437081e-06 6.02513136982452e-06 6.03906164542423e-06 -9999 -9999 6.08085292697069e-06 6.09478365731775e-06 6.10871393291745e-06 6.17431942373514e-06 -9999 -9999 -9999 -9999 -9999 -9999 7.71873783378396e-06 8.05398030934157e-06 8.42742610984715e-06 8.80087191035273e-06 9.17431862035301e-06
-9999 -9999 -9999 -9999 -9999 -9999 -9999 -9999 -9999 -9999 -9999 5.63671619602246e-06 5.80405958316987e-06 5.97140297031729e-06 6.09546441410203e-06 6.0896786635567e-06 6.08389245826402e-06 6.07810670771869e-06 6.07232095717336e-06 6.06653520662803e-06 6.0607494560827e-06 6.05496370553738e-06 6.04875958742923e-06 6.04241631663172e-06 -9999 -9999 -9999 6.0170427786943e-06 6.01069950789679e-06 -9999 -9999 -9999 -9999 -9999 -9999 7.13647159500397e-06 7.31735644876608e-06 7.6530450314749e-06 8.04033516033087e-06 8.42762528918684e-06 8.8149154180428e-06
-9999 -9999 -9999 -9999 -9999 -9999 -9999 -9999 -9999 -9999 -9999 -9999 5.7393363022129e-06 5.95146138948621e-06 6.10994857197511e-06 6.10752113061608e-06 6.1050941440044e-06 6.10266670264537e-06 6.10023926128633e-06 6.09781227467465e-06 6.09538483331562e-06 6.09295739195659e-06 6.07238780503394e-06 6.0457709878392e-06 6.01915371589712e-06 5.99253644395503e-06 -9999 -9999 -9999 -9999 -9999 -9999 -9999 -9999 -9999 6.77483694744296e-06 6.91597551849554e-06 7.25211066310294e-06 7.65324512030929e-06 8.05437866802095e-06 -9999
