data/working_set_collections/6091692-Cassins_Sparrow-M2/1980/prectotcorr_avg.asc
NCOLS 265 
NROWS 230 
XLLCORNER -115.5625 
YLLCORNER 24.8333333333333 
CELLSIZE 0.0833333333333333 
NODATA_value -9999 
[rows 54 to 71 of 230, columns 164 to 204 of 265]
1.68516162375454e-05 1.68846690939972e-05 1.6917721950449e-05 1.69507766258903e-05 1.69838294823421e-05 1.70168841577834e-05 1.70499370142352e-05 1.7082989870687e-05 1.71095198311377e-05 1.71338760992512e-05 1.71582305483753e-05 1.71825849974994e-05 1.72069412656128e-05 1.72312957147369e-05 1.72556519828504e-05 1.72756481333636e-05 1.72825730260229e-05 1.72894979186822e-05 1.72964209923521e-05 1.73033458850114e-05 1.73102689586813e-05 1.73171938513406e-05 1.73241187439999e-05 1.7433336324757e-05 1.75766544998623e-05 1.77199708559783e-05 1.78632890310837e-05 1.80066053871997e-05 1.8149923562305e-05 1.8293239918421e-05 1.84732944035204e-05 1.87635650945595e-05 1.90538339666091e-05 1.93441046576481e-05 1.96343735296978e-05 1.99246442207368e-05 2.02149130927864e-05 2.05051837838255e-05 2.06804124900373e-05 2.08172950806329e-05 2.09541776712285e-05
1.66748068295419e-05 1.67067137226695e-05 1.67386206157971e-05 1.67705293279141e-05 1.68024362210417e-05 1.68343431141693e-05 1.68662518262863e-05 1.68981587194139e-05 1.69264712894801e-05 1.69535869645188e-05 1.69807026395574e-05 1.70078164956067e-05 1.70349321706453e-05 1.7062047845684e-05 1.70891617017332e-05 1.71133287949488e-05 1.71286501426948e-05 1.71439714904409e-05 1.7159292838187e-05 1.7174614185933e-05 1.71899355336791e-05 1.72052568814252e-05 1.72205782291712e-05 1.73387797985924e-05 1.74912729562493e-05 1.76437661139062e-05 1.7796259271563e-05 1.79487524292199e-05 1.81012455868768e-05 1.8253740563523e-05 1.84409254870843e-05 1.87321857083589e-05 1.90234459296335e-05 1.93147079698974e-05 1.9605968191172e-05 1.98972284124466e-05 2.01884904527105e-05 2.04797506739851e-05 2.06478816835443e-05 2.07749690162018e-05 2.09020545298699e-05
1.64979974215385e-05 1.65287583513418e-05 1.65595211001346e-05 1.6590282029938e-05 1.66210429597413e-05 1.66518038895447e-05 1.66825666383374e-05 1.67133275681408e-05 1.67434245668119e-05 1.67732996487757e-05 1.68031747307396e-05 1.6833047993714e-05 1.68629230756778e-05 1.68927981576417e-05 1.69226732396055e-05 1.69510094565339e-05 1.69747272593668e-05 1.6998446881189e-05 1.70221646840218e-05 1.70458843058441e-05 1.70696021086769e-05 1.70933199115098e-05 1.7117039533332e-05 1.72442214534385e-05 1.74058914126363e-05 1.7567561371834e-05 1.77292313310318e-05 1.78908994712401e-05 1.80525694304379e-05 1.82142393896356e-05 1.84085547516588e-05 1.87008063221583e-05 1.89930597116472e-05 1.92853112821467e-05 1.95775628526462e-05 1.98698144231457e-05 2.01620659936452e-05 2.04543175641447e-05 2.06153490580618e-05 2.07326411327813e-05 2.08499332075007e-05
1.6321188013535e-05 1.63508029800141e-05 1.63804197654827e-05 1.64100347319618e-05 1.64396496984409e-05 1.646926466492e-05 1.64988814503886e-05 1.65284964168677e-05 1.65603760251543e-05 1.65930105140433e-05 1.66256450029323e-05 1.66582794918213e-05 1.66909157996997e-05 1.67235502885887e-05 1.67561847774778e-05 1.67886901181191e-05 1.68208061950281e-05 1.68529204529477e-05 1.68850365298567e-05 1.69171526067657e-05 1.69492686836747e-05 1.69813847605838e-05 1.70134990185034e-05 1.71496631082846e-05 1.73205098690232e-05 1.74913548107725e-05 1.76622015715111e-05 1.78330483322497e-05 1.8003893273999e-05 1.81747400347376e-05 1.83761858352227e-05 1.86694287549471e-05 1.89626716746716e-05 1.9255914594396e-05 1.95491575141205e-05 1.98424004338449e-05 2.01356433535693e-05 2.04288862732938e-05 2.05828182515688e-05 2.06903132493608e-05 2.07978100661421e-05
1.61443786055315e-05 1.61728476086864e-05 1.62013184308307e-05 1.62297874339856e-05 1.62582564371405e-05 1.62867254402954e-05 1.63151944434503e-05 1.63436652655946e-05 1.63773274834966e-05 1.64127231983002e-05 1.64481170941144e-05 1.64835109899286e-05 1.65189067047322e-05 1.65543006005464e-05 1.658969631535e-05 1.66263707797043e-05 1.66668833117001e-05 1.67073958436958e-05 1.67479083756916e-05 1.67884209076874e-05 1.68289352586726e-05 1.68694477906683e-05 1.69099603226641e-05 1.70551047631307e-05 1.72351283254102e-05 1.74151500687003e-05 1.75951718119904e-05 1.777519537427e-05 1.79552171175601e-05 1.81352388608502e-05 1.83438150997972e-05 1.86380493687466e-05 1.89322836376959e-05 1.92265179066453e-05 1.95207503566053e-05 1.98149846255546e-05 2.0109218894504e-05 2.04034531634534e-05 2.05502874450758e-05 2.06479871849297e-05 2.07456869247835e-05
1.59675691975281e-05 1.59948940563481e-05 1.60222170961788e-05 1.60495401360095e-05 1.60768631758401e-05 1.61041862156708e-05 1.61315092555014e-05 1.61588341143215e-05 1.61942807608284e-05 1.62324340635678e-05 1.62705891852966e-05 1.63087424880359e-05 1.63468976097647e-05 1.63850527314935e-05 1.64232060342329e-05 1.64640496223001e-05 1.6512960428372e-05 1.6561871234444e-05 1.66107802215265e-05 1.66596910275985e-05 1.6708600014681e-05 1.67575108207529e-05 1.68064216268249e-05 1.69605464179767e-05 1.71497467817971e-05 1.73389453266282e-05 1.75281438714592e-05 1.77173424162902e-05 1.79065409611212e-05 1.80957395059522e-05 1.83114443643717e-05 1.8606669982546e-05 1.89018956007203e-05 1.91971193999052e-05 1.94923450180795e-05 1.97875706362538e-05 2.00827962544281e-05 2.0378020053613e-05 2.05177548195934e-05 2.06056593015091e-05 2.06935637834249e-05
1.57675949594704e-05 1.57941303768894e-05 1.58206657943083e-05 1.58472012117272e-05 1.58737348101567e-05 1.59002702275757e-05 1.59268056449946e-05 1.59533410624135e-05 1.59944393089972e-05 1.60403942572884e-05 1.60863492055796e-05 1.61323023348814e-05 1.61782572831726e-05 1.62242104124743e-05 1.62701653607655e-05 1.63198474183446e-05 1.63807126227766e-05 1.64415778272087e-05 1.65024412126513e-05 1.65633064170834e-05 1.66241716215154e-05 1.66850368259475e-05 1.67459020303795e-05 1.69096856552642e-05 1.71077772392891e-05 1.73058688233141e-05 1.7503960407339e-05 1.77020501723746e-05 1.79001417563995e-05 1.80982333404245e-05 1.83204829227179e-05 1.86152101377957e-05 1.89099391718628e-05 1.92046663869405e-05 1.94993936020182e-05 1.9794120817096e-05 2.00888480321737e-05 2.03835752472514e-05 2.05173273570836e-05 2.05974192795111e-05 2.0677513020928e-05
1.55444540723693e-05 1.55705583892995e-05 1.55966645252192e-05 1.56227688421495e-05 1.56488731590798e-05 1.56749774760101e-05 1.57010817929404e-05 1.57271879288601e-05 1.57778085849714e-05 1.58366019604728e-05 1.58953971549636e-05 1.5954190530465e-05 1.60129839059664e-05 1.60717772814678e-05 1.61305724759586e-05 1.6193760529859e-05 1.62701380759245e-05 1.634651562199e-05 1.64228931680555e-05 1.64992707141209e-05 1.65756482601864e-05 1.66520258062519e-05 1.67284033523174e-05 1.6902522474993e-05 1.71092215168756e-05 1.73159223777475e-05 1.752262141963e-05 1.77293204615125e-05 1.79360213223845e-05 1.8142720364267e-05 1.83709307748359e-05 1.86636716534849e-05 1.8956412532134e-05 1.9249153410783e-05 1.95418942894321e-05 1.98346351680811e-05 2.01273760467302e-05 2.04201169253793e-05 2.05490014195675e-05 2.06232671189355e-05 2.06975328183034e-05
1.53213131852681e-05 1.53469882206991e-05 1.53726632561302e-05 1.53983364725718e-05 1.54240115080029e-05 1.54496847244445e-05 1.54753597598756e-05 1.55010329763172e-05 1.55611778609455e-05 1.56328114826465e-05 1.57044432853581e-05 1.57760769070592e-05 1.58477105287602e-05 1.59193441504613e-05 1.59909777721623e-05 1.60676754603628e-05 1.61595653480617e-05 1.62514552357607e-05 1.63433451234596e-05 1.64352350111585e-05 1.65271248988574e-05 1.66190147865564e-05 1.67109046742553e-05 1.68953592947219e-05 1.71106676134514e-05 1.73259759321809e-05 1.75412842509104e-05 1.77565925696399e-05 1.797189906938e-05 1.81872073881095e-05 1.84213786269538e-05 1.87121331691742e-05 1.90028877113946e-05 1.9293642253615e-05 1.95843967958353e-05 1.98751513380557e-05 2.01659058802761e-05 2.04566604224965e-05 2.05806773010409e-05 2.06491149583599e-05 2.07175526156789e-05
1.50981732076616e-05 1.5123417142604e-05 1.51486610775464e-05 1.51739050124888e-05 1.51991489474312e-05 1.52243919728789e-05 1.52496359078214e-05 1.52748798427638e-05 1.53445453179302e-05 1.54290191858308e-05 1.55134912347421e-05 1.55979651026428e-05 1.5682437151554e-05 1.57669110194547e-05 1.58513848873554e-05 1.59415903908666e-05 1.6048992620199e-05 1.61563948495314e-05 1.62637970788637e-05 1.63711993081961e-05 1.64786015375284e-05 1.65860037668608e-05 1.66934059961932e-05 1.68881942954613e-05 1.71121118910378e-05 1.73360276676249e-05 1.75599452632014e-05 1.77838628587779e-05 1.8007778635365e-05 1.82316962309415e-05 1.84718246600823e-05 1.87605928658741e-05 1.90493610716658e-05 1.93381292774575e-05 1.96268974832492e-05 1.99156656890409e-05 2.02044338948326e-05 2.04932021006243e-05 2.06123531825142e-05 2.06749627977842e-05 2.07375724130543e-05
1.48750332300551e-05 1.48998460645089e-05 1.49246598084574e-05 1.49494726429111e-05 1.49742863868596e-05 1.49990992213134e-05 1.50239129652618e-05 1.50487267092103e-05 1.51279145939043e-05 1.52252268890152e-05 1.53225391841261e-05 1.5419851479237e-05 1.55171655933373e-05 1.56144778884482e-05 1.57117901835591e-05 1.5815503502381e-05 1.59384180733468e-05 1.60613326443126e-05 1.61842490342679e-05 1.63071636052337e-05 1.64300781761995e-05 1.65529927471653e-05 1.66759073181311e-05 1.68810311151901e-05 1.71135561686242e-05 1.73460812220583e-05 1.75786062754923e-05 1.78111331479158e-05 1.80436582013499e-05 1.8276183254784e-05 1.85222725122003e-05 1.88090543815633e-05 1.90958362509264e-05 1.93826181202894e-05 1.96693999896524e-05 1.99561818590155e-05 2.02429637283785e-05 2.05297455977416e-05 2.06440272449981e-05 2.07008106372086e-05 2.07575940294191e-05
1.46518923429539e-05 1.46762749864138e-05 1.47006585393683e-05 1.47250411828281e-05 1.4749423826288e-05 1.47738064697478e-05 1.47981900227023e-05 1.48225726661622e-05 1.49112829603837e-05 1.50214345921995e-05 1.513158713351e-05 1.52417396748206e-05 1.53518922161311e-05 1.54620447574416e-05 1.55721972987521e-05 1.56894184328848e-05 1.58278453454841e-05 1.59662722580833e-05 1.61046991706826e-05 1.62431279022712e-05 1.63815548148705e-05 1.65199817274697e-05 1.66584104590584e-05 1.68738661159296e-05 1.71150004462106e-05 1.73561347764917e-05 1.75972691067727e-05 1.78384034370538e-05 1.80795359483454e-05 1.83206702786265e-05 1.85727203643182e-05 1.88575158972526e-05 1.91423096111976e-05 1.94271051441319e-05 1.97119006770663e-05 1.99966962100007e-05 2.0281491742935e-05 2.05662872758694e-05 2.06757031264715e-05 2.0726658476633e-05 2.07776138267945e-05
1.44793075378402e-05 1.45009062180179e-05 1.45225048981956e-05 1.45441035783733e-05 1.4565702258551e-05 1.45873009387287e-05 1.46088996189064e-05 1.46304982990841e-05 1.47286364153842e-05 1.48522894960479e-05 1.49759416672168e-05 1.50995938383858e-05 1.52232460095547e-05 1.53468990902184e-05 1.54705503518926e-05 1.56018031702843e-05 1.57558570208494e-05 1.59099108714145e-05 1.60639629029902e-05 1.62180167535553e-05 1.63720706041204e-05 1.65261226356961e-05 1.66801764862612e-05 1.69050235854229e-05 1.71534666151274e-05 1.74019114638213e-05 1.76503544935258e-05 1.78987993422197e-05 1.81472423719242e-05 1.83956854016287e-05 1.86531960935099e-05 1.89379024959635e-05 1.92226107174065e-05 1.95073189388495e-05 1.97920253413031e-05 2.00767335627461e-05 2.03614399651997e-05 2.06461481866427e-05 2.07504090212751e-05 2.07945213333005e-05 2.08386318263365e-05
1.43572788147139e-05 1.43737388498266e-05 1.4390199794434e-05 1.44066598295467e-05 1.44231207741541e-05 1.44395808092668e-05 1.44560417538742e-05 1.44725017889868e-05 1.45799767778954e-05 1.47177888720762e-05 1.48556018757517e-05 1.49934148794273e-05 1.51312278831028e-05 1.52690408867784e-05 1.54068529809592e-05 1.55526613525581e-05 1.57224530994426e-05 1.58922466653166e-05 1.60620384122012e-05 1.62318319780752e-05 1.64016237249598e-05 1.65714172908338e-05 1.67412090377184e-05 1.69744998856913e-05 1.72289546753746e-05 1.74834094650578e-05 1.7737864254741e-05 1.79923190444242e-05 1.82467756530968e-05 1.85012304427801e-05 1.87637015187647e-05 1.90502196346642e-05 1.93367377505638e-05 1.96232558664633e-05 1.99097739823628e-05 2.01962920982623e-05 2.04828102141619e-05 2.07693283300614e-05 2.08681467483984e-05 2.09043992072111e-05 2.09406516660238e-05
1.42352500915877e-05 1.424657239113e-05 1.42578946906724e-05 1.42692169902148e-05 1.42805392897571e-05 1.42918615892995e-05 1.43031838888419e-05 1.43145061883843e-05 1.44313162309118e-05 1.45832891575992e-05 1.47352629937814e-05 1.48872359204688e-05 1.50392088471563e-05 1.51911817738437e-05 1.53431556100259e-05 1.55035177158425e-05 1.56890491780359e-05 1.58745824592188e-05 1.60601139214123e-05 1.62456453836057e-05 1.64311786647886e-05 1.66167101269821e-05 1.68022415891755e-05 1.70439761859598e-05 1.73044427356217e-05 1.75649074662942e-05 1.78253740159562e-05 1.80858405656181e-05 1.83463071152801e-05 1.8606773664942e-05 1.88742069440195e-05 1.91625349543756e-05 1.94508629647316e-05 1.97391927940771e-05 2.00275208044332e-05 2.03158506337786e-05 2.06041786441347e-05 2.08925084734801e-05 2.09858844755217e-05 2.10142770811217e-05 2.10426696867216e-05
1.41132204589667e-05 1.41194050229387e-05 1.41255895869108e-05 1.41317732413881e-05 1.41379578053602e-05 1.41441414598376e-05 1.41503260238096e-05 1.4156509678287e-05 1.42826556839282e-05 1.44487894431222e-05 1.46149232023163e-05 1.47810569615103e-05 1.49471898112097e-05 1.51133235704037e-05 1.52794582390925e-05 1.54543758981163e-05 1.56556470756186e-05 1.5856918253121e-05 1.60581894306233e-05 1.62594606081257e-05 1.6460731785628e-05 1.66620029631304e-05 1.68632759596221e-05 1.71134506672388e-05 1.73799289768795e-05 1.76464072865201e-05 1.79128855961608e-05 1.8179362086812e-05 1.84458403964527e-05 1.87123187060934e-05 1.89847105502849e-05 1.92748502740869e-05 1.95649899978889e-05 1.98551297216909e-05 2.01452694454929e-05 2.04354091692949e-05 2.07255488930969e-05 2.10156867979094e-05 2.11036222026451e-05 2.11241549550323e-05 2.11446895264089e-05
1.39911917358404e-05 1.39922376547474e-05 1.39932835736545e-05 1.39943294925615e-05 1.39953763209633e-05 1.39964222398703e-05 1.39974681587773e-05 1.39985140776844e-05 1.41339960464393e-05 1.43142897286452e-05 1.44945834108512e-05 1.46748780025518e-05 1.48551716847578e-05 1.50354653669638e-05 1.52157599586644e-05 1.54052322614007e-05 1.56222431542119e-05 1.58392540470231e-05 1.60562649398344e-05 1.62732758326456e-05 1.64902867254568e-05 1.67072976182681e-05 1.69243085110793e-05 1.71829269675072e-05 1.74554170371266e-05 1.77279052877566e-05 1.8000395357376e-05 1.82728836080059e-05 1.85453736776253e-05 1.88178619282553e-05 1.90952159755398e-05 1.93871674127877e-05 1.96791170310462e-05 1.99710666493047e-05 2.02630162675632e-05 2.05549677048111e-05 2.08469173230696e-05 2.11388669413282e-05 2.12213599297684e-05 2.12340328289429e-05 2.12467075471068e-05
1.38691630127141e-05 1.38650711960508e-05 1.38609784698929e-05 1.38568866532296e-05 1.38527939270716e-05 1.38487021104083e-05 1.38446102937451e-05 1.38405175675871e-05 1.39853354994557e-05 1.41797900141682e-05 1.43742445288808e-05 1.45686990435934e-05 1.47631526488112e-05 1.49576071635238e-05 1.51520616782364e-05 1.53560904436745e-05 1.55888392328052e-05 1.58215898409253e-05 1.60543404490454e-05 1.62870910571655e-05 1.65198398462962e-05 1.67525904544163e-05 1.69853410625365e-05 1.72524032677757e-05 1.75309032783844e-05 1.78094051079825e-05 1.80879051185912e-05 1.83664051291998e-05 1.86449051398085e-05 1.89234069694066e-05 1.92057214007946e-05 1.9499482732499e-05 1.97932440642035e-05 2.00870035769185e-05 2.0380764908623e-05 2.06745262403274e-05 2.09682857530424e-05 2.12620470847469e-05 2.13390976568917e-05 2.13439125218429e-05 2.13487255678046e-05
