data/working_set_collections/6091692-Cassins_Sparrow-M2/1980/prectotcorr_avg.asc
NCOLS 265 
NROWS 230 
XLLCORNER -115.5625 
YLLCORNER 24.8333333333333 
CELLSIZE 0.0833333333333333 
NODATA_value -9999 
[rows 144 to 161 of 230, columns 123 to 163 of 265]
1.11041863419814e-05 1.11467379610986e-05 1.1189288670721e-05 1.12318393803434e-05 1.12721472760313e-05 1.13117066575796e-05 1.13512669486227e-05 1.13908272396657e-05 1.14303875307087e-05 1.1469946912257e-05 1.15095072033e-05 1.15481616376201e-05 1.15841012302553e-05 1.16200408228906e-05 1.16559804155258e-05 1.16919190986664e-05 1.17278586913017e-05 1.17637982839369e-05 1.17997378765722e-05 1.18738389573991e-05 1.19606620501145e-05 1.20474842333351e-05 1.21343073260505e-05 1.22211295092711e-05 1.23079526019865e-05 1.23947747852071e-05 1.24833795780432e-05 1.25773312902311e-05 1.26712830024189e-05 1.27652347146068e-05 1.28591864267946e-05 1.29531381389825e-05 1.30470898511703e-05 1.31410415633582e-05 1.32400564325508e-05 1.33407584144152e-05 1.34414603962796e-05 1.35421632876387e-05 1.36428652695031e-05 1.37435672513675e-05 1.38442701427266e-05
1.09110433186288e-05 1.09569582491531e-05 1.10028731796774e-05 1.10487890196964e-05 1.10951023089001e-05 1.11415492938249e-05 1.11879962787498e-05 1.12344432636746e-05 1.12808893391048e-05 1.13273363240296e-05 1.13737833089544e-05 1.14205631689401e-05 1.14683425636031e-05 1.15161228677607e-05 1.15639022624237e-05 1.16116825665813e-05 1.16594619612442e-05 1.17072413559072e-05 1.17550216600648e-05 1.18284187919926e-05 1.19103551696753e-05 1.1992291547358e-05 1.20742270155461e-05 1.21561633932288e-05 1.22380997709115e-05 1.23200361485942e-05 1.24032221719972e-05 1.24901589515503e-05 1.25770957311033e-05 1.26640325106564e-05 1.27509692902095e-05 1.28379060697625e-05 1.29248419398209e-05 1.3011778719374e-05 1.31111100927228e-05 1.32145733005018e-05 1.33180355987861e-05 1.34214988065651e-05 1.35249611048494e-05 1.36284243126283e-05 1.37318866109126e-05
1.07178993857815e-05 1.07671794467024e-05 1.08164585981285e-05 1.08657377495547e-05 1.09180582512636e-05 1.09713919300702e-05 1.10247256088769e-05 1.10780583781889e-05 1.11313920569955e-05 1.11847257358022e-05 1.12380594146089e-05 1.12929647002602e-05 1.13525848064455e-05 1.14122049126308e-05 1.14718250188162e-05 1.15314451250015e-05 1.15910652311868e-05 1.16506853373721e-05 1.17103054435574e-05 1.17829977170913e-05 1.18600482892361e-05 1.19370979518862e-05 1.20141476145363e-05 1.20911972771864e-05 1.21682478493312e-05 1.22452975119813e-05 1.23230656754458e-05 1.24029866128694e-05 1.24829084597877e-05 1.2562830306706e-05 1.26427512441296e-05 1.27226730910479e-05 1.28025949379662e-05 1.28825167848845e-05 1.29821646623896e-05 1.30883872770937e-05 1.31946108012926e-05 1.33008343254915e-05 1.34070578496903e-05 1.35132804643945e-05 1.36195039885934e-05
1.05247554529342e-05 1.05773997347569e-05 1.06300440165796e-05 1.06826873889077e-05 1.07410132841324e-05 1.08012336568208e-05 1.08614540295093e-05 1.09216744021978e-05 1.09818947748863e-05 1.10421151475748e-05 1.11023355202633e-05 1.11653653220856e-05 1.12368261397933e-05 1.1308286957501e-05 1.13797477752087e-05 1.14512076834217e-05 1.15226685011294e-05 1.15941293188371e-05 1.16655901365448e-05 1.17375775516848e-05 1.1809741408797e-05 1.18819043564145e-05 1.19540682135266e-05 1.20262311611441e-05 1.20983950182563e-05 1.21705588753684e-05 1.22429082693998e-05 1.23158142741886e-05 1.23887211884721e-05 1.24616281027556e-05 1.25345341075445e-05 1.2607441021828e-05 1.26803479361115e-05 1.27532539409003e-05 1.28532183225616e-05 1.29622021631803e-05 1.30711860037991e-05 1.31801698444178e-05 1.32891536850366e-05 1.33981375256553e-05 1.35071213662741e-05
1.03316124295816e-05 1.03876200228115e-05 1.0443628525536e-05 1.04996370282606e-05 1.05639692264958e-05 1.06310762930661e-05 1.06981833596365e-05 1.07652904262068e-05 1.08323974927771e-05 1.08995045593474e-05 1.09666116259177e-05 1.10377668534056e-05 1.1121067473141e-05 1.12043690023711e-05 1.12876696221065e-05 1.13709711513366e-05 1.14542717710719e-05 1.15375723908073e-05 1.16208739200374e-05 1.16921564767836e-05 1.17594336188631e-05 1.18267107609427e-05 1.18939879030222e-05 1.19612650451018e-05 1.20285421871813e-05 1.20958193292608e-05 1.21627508633537e-05 1.22286419355078e-05 1.22945339171565e-05 1.23604249893106e-05 1.24263169709593e-05 1.24922080431134e-05 1.25581000247621e-05 1.26239920064108e-05 1.27242728922283e-05 1.2836017049267e-05 1.29477612063056e-05 1.30595053633442e-05 1.31712495203828e-05 1.32829945869162e-05 1.33947387439548e-05
1.01384684967343e-05 1.01978412203607e-05 1.02572139439872e-05 1.03165866676136e-05 1.03869251688593e-05 1.04609189293114e-05 1.05349126897636e-05 1.06089064502157e-05 1.06829002106679e-05 1.075689397112e-05 1.08308877315721e-05 1.09101683847257e-05 1.10053097159835e-05 1.11004510472412e-05 1.1195592378499e-05 1.12907337097568e-05 1.13858750410145e-05 1.14810163722723e-05 1.157615770353e-05 1.1646736311377e-05 1.17091267384239e-05 1.17715180749656e-05 1.18339085020125e-05 1.18962998385541e-05 1.1958690265601e-05 1.2021080692648e-05 1.20825934573077e-05 1.21414695968269e-05 1.22003466458409e-05 1.22592227853602e-05 1.23180998343742e-05 1.23769759738934e-05 1.24358530229074e-05 1.24947291624267e-05 1.25953265524004e-05 1.27098319353536e-05 1.28243364088121e-05 1.29388408822706e-05 1.30533462652238e-05 1.31678507386823e-05 1.32823552121408e-05
1.00801298685838e-05 1.01435416581808e-05 1.02069543572725e-05 1.02703661468695e-05 1.0344956535846e-05 1.04232740341104e-05 1.05015915323747e-05 1.05799081211444e-05 1.06582256194088e-05 1.07365431176731e-05 1.08148597064428e-05 1.08994918264216e-05 1.10030659925542e-05 1.11066401586868e-05 1.12102143248194e-05 1.1313788490952e-05 1.14173626570846e-05 1.15209368232172e-05 1.16245109893498e-05 1.16919954962214e-05 1.17474510261673e-05 1.18029065561132e-05 1.18583620860591e-05 1.1913817616005e-05 1.19692722364562e-05 1.20247277664021e-05 1.20785907711252e-05 1.21276743811904e-05 1.21767589007504e-05 1.22258425108157e-05 1.2274926120881e-05 1.2324010640441e-05 1.23730942505063e-05 1.24221787700662e-05 1.25229280456551e-05 1.26408986034221e-05 1.27588700706838e-05 1.28768415379454e-05 1.29948120957124e-05 1.31127835629741e-05 1.32307550302357e-05
1.015659654513e-05 1.0224723155261e-05 1.0292849765392e-05 1.0360976375523e-05 1.043806605594e-05 1.05181434264523e-05 1.05982198874699e-05 1.06782972579822e-05 1.07583746284945e-05 1.08384519990068e-05 1.09185293695191e-05 1.10057371784933e-05 1.11143363028532e-05 1.12229354272131e-05 1.13315354610677e-05 1.14401345854276e-05 1.15487337097875e-05 1.16573328341474e-05 1.17659319585073e-05 1.18279349408112e-05 1.1874406482093e-05 1.19208771138801e-05 1.19673477456672e-05 1.2013819286949e-05 1.20602899187361e-05 1.21067605505232e-05 1.21507428048062e-05 1.21872562885983e-05 1.22237697723904e-05 1.22602841656771e-05 1.22967976494692e-05 1.2333312042756e-05 1.23698255265481e-05 1.24063399198349e-05 1.25070755530032e-05 1.26292188724619e-05 1.27513621919206e-05 1.28735055113793e-05 1.2995648830838e-05 1.31177921502967e-05 1.32399354697554e-05
1.02330623121816e-05 1.03059037428466e-05 1.03787451735116e-05 1.04515866041766e-05 1.05311746665393e-05 1.06130119092995e-05 1.06948491520598e-05 1.077668639482e-05 1.08585236375802e-05 1.09403617898352e-05 1.10221990325954e-05 1.1111982530565e-05 1.12256075226469e-05 1.13392316052341e-05 1.14528556878213e-05 1.15664806799032e-05 1.16801047624904e-05 1.17937288450776e-05 1.19073538371595e-05 1.19638743854011e-05 1.20013610285241e-05 1.20388476716471e-05 1.20763343147701e-05 1.2113820957893e-05 1.21513066915213e-05 1.21887933346443e-05 1.22228948384873e-05 1.22468381960061e-05 1.2270781553525e-05 1.22947258205386e-05 1.23186691780575e-05 1.2342613445071e-05 1.23665568025899e-05 1.23905010696035e-05 1.24912230603513e-05 1.26175391415018e-05 1.27438543131575e-05 1.28701703943079e-05 1.29964855659637e-05 1.31228007376194e-05 1.32491168187698e-05
1.03095289887278e-05 1.03870843304321e-05 1.04646405816311e-05 1.05421968328301e-05 1.06242832771386e-05 1.07078813016415e-05 1.07914784166496e-05 1.08750755316578e-05 1.09586735561606e-05 1.10422706711688e-05 1.1125867786177e-05 1.12182287921314e-05 1.13368778329459e-05 1.14555277832551e-05 1.15741768240696e-05 1.16928267743788e-05 1.18114758151933e-05 1.19301257655025e-05 1.20487748063169e-05 1.2099813829991e-05 1.21283164844499e-05 1.21568182294141e-05 1.21853199743782e-05 1.22138226288371e-05 1.22423243738012e-05 1.22708261187654e-05 1.22950459626736e-05 1.2306420103414e-05 1.23177933346597e-05 1.23291674754e-05 1.23405407066457e-05 1.23519148473861e-05 1.23632880786317e-05 1.23746613098774e-05 1.24753705676994e-05 1.26058585010469e-05 1.27363464343944e-05 1.28668343677418e-05 1.29973223010893e-05 1.31278102344368e-05 1.32582972582895e-05
1.03859956652741e-05 1.04682658275124e-05 1.05505359897506e-05 1.06328061519889e-05 1.07173918877379e-05 1.08027497844887e-05 1.08881076812395e-05 1.09734646684956e-05 1.10588225652464e-05 1.11441795525025e-05 1.12295374492533e-05 1.13244741442031e-05 1.14481490527396e-05 1.15718230517814e-05 1.16954979603179e-05 1.18191728688544e-05 1.19428468678962e-05 1.20665217764326e-05 1.21901966849691e-05 1.22357532745809e-05 1.2255271030881e-05 1.2274788787181e-05 1.22943065434811e-05 1.23138242997811e-05 1.23333411465865e-05 1.23528589028865e-05 1.23671979963547e-05 1.23660020108218e-05 1.23648051157943e-05 1.23636091302615e-05 1.23624122352339e-05 1.23612162497011e-05 1.23600193546736e-05 1.2358822459646e-05 1.24595189845422e-05 1.25941787700867e-05 1.27288385556312e-05 1.28634983411757e-05 1.29981590362149e-05 1.31328188217594e-05 1.32674786073039e-05
1.04624614323257e-05 1.05494464150979e-05 1.06364313978702e-05 1.07234163806424e-05 1.08105014078319e-05 1.08976182673359e-05 1.09847360363347e-05 1.10718538053334e-05 1.11589715743321e-05 1.12460893433308e-05 1.13332062028348e-05 1.14307194962748e-05 1.15594193630386e-05 1.16881192298024e-05 1.18168190965662e-05 1.194551896333e-05 1.20742188300937e-05 1.22029177873628e-05 1.23316176541266e-05 1.23716927191708e-05 1.23822255773121e-05 1.2392759344948e-05 1.24032922030892e-05 1.24138259707252e-05 1.24243588288664e-05 1.24348916870076e-05 1.24393500300357e-05 1.24255839182297e-05 1.24118168969289e-05 1.23980507851229e-05 1.23842837638222e-05 1.23705167425214e-05 1.23567506307154e-05 1.23429836094147e-05 1.24436664918903e-05 1.25824990391266e-05 1.27213306768681e-05 1.28601632241043e-05 1.29989948618459e-05 1.31378274090821e-05 1.32766599563183e-05
1.05652607089723e-05 1.06530142147676e-05 1.07407677205629e-05 1.08285212263581e-05 1.09141719804029e-05 1.09991224235273e-05 1.1084071957157e-05 1.11690214907867e-05 1.12539710244164e-05 1.13389205580461e-05 1.14238700916758e-05 1.15202401502756e-05 1.16508681458072e-05 1.17814970508334e-05 1.19121259558597e-05 1.20427548608859e-05 1.21733828564174e-05 1.23040117614437e-05 1.24346406664699e-05 1.24704592963099e-05 1.24746757137473e-05 1.24788921311847e-05 1.24831085486221e-05 1.24873249660595e-05 1.2491541383497e-05 1.24957578009344e-05 1.2493633221311e-05 1.24724865600001e-05 1.24513389891945e-05 1.24301923278836e-05 1.24090456665726e-05 1.23878990052617e-05 1.23667523439508e-05 1.23456056826399e-05 1.24475964184967e-05 1.25906344692339e-05 1.27336716104764e-05 1.2876708751719e-05 1.30197458929615e-05 1.31627839436987e-05 1.33058210849413e-05
1.06943934952142e-05 1.07789692265214e-05 1.08635458673234e-05 1.09481215986307e-05 1.1028406333935e-05 1.11072595245787e-05 1.11861136247171e-05 1.12649677248555e-05 1.13438209154992e-05 1.14226750156377e-05 1.15015291157761e-05 1.15930342872161e-05 1.17224954010453e-05 1.18519574243692e-05 1.19814185381983e-05 1.21108796520275e-05 1.22403407658567e-05 1.23698018796858e-05 1.24992639030097e-05 1.25320539154927e-05 1.25326214401866e-05 1.25331880553858e-05 1.2533754670585e-05 1.25343221952789e-05 1.25348888104782e-05 1.25354554256774e-05 1.25300466606859e-05 1.25067099361331e-05 1.24833723020856e-05 1.24600355775328e-05 1.24366979434853e-05 1.24133612189326e-05 1.23900244943798e-05 1.23666868603323e-05 1.2471309673856e-05 1.26185850604088e-05 1.27658604469616e-05 1.29131358335144e-05 1.30604112200672e-05 1.32076875161147e-05 1.33549629026675e-05
1.0823526281456e-05 1.09049242382753e-05 1.09863231045892e-05 1.10677210614085e-05 1.11426397779724e-05 1.12153975351248e-05 1.12881552922772e-05 1.13609130494297e-05 1.14336717160768e-05 1.15064294732292e-05 1.15791872303816e-05 1.16658293336513e-05 1.17941235657781e-05 1.19224168884102e-05 1.2050711120537e-05 1.21790053526638e-05 1.23072986752959e-05 1.24355929074227e-05 1.25638871395495e-05 1.25936485346756e-05 1.25905662571313e-05 1.2587483979587e-05 1.2584400792548e-05 1.25813185150037e-05 1.25782362374594e-05 1.2575153959915e-05 1.25664601000608e-05 1.25409324027714e-05 1.25154056149768e-05 1.24898779176874e-05 1.24643511298927e-05 1.24388234326034e-05 1.2413295735314e-05 1.23877689475194e-05 1.24950220197206e-05 1.26465356515837e-05 1.27980492834467e-05 1.29495629153098e-05 1.31010774566676e-05 1.32525910885306e-05 1.34041047203937e-05
1.09526590676978e-05 1.10308792500291e-05 1.11091003418551e-05 1.11873214336811e-05 1.12568732220097e-05 1.13235355456709e-05 1.13901969598373e-05 1.14568592834985e-05 1.15235216071596e-05 1.15901839308208e-05 1.16568453449872e-05 1.17386243800865e-05 1.18657508210163e-05 1.1992877261946e-05 1.21200037028757e-05 1.22471301438054e-05 1.23742565847351e-05 1.25013839351595e-05 1.26285103760893e-05 1.26552431538585e-05 1.26485110740759e-05 1.26417789942934e-05 1.26350478240056e-05 1.26283157442231e-05 1.26215836644405e-05 1.2614851584658e-05 1.26028735394357e-05 1.25751557789044e-05 1.25474380183732e-05 1.25197211673367e-05 1.24920034068055e-05 1.24642856462742e-05 1.2436567885743e-05 1.24088501252118e-05 1.251873527508e-05 1.26744871522533e-05 1.28302390294266e-05 1.29859909065999e-05 1.31417427837732e-05 1.32974946609465e-05 1.34532465381199e-05
1.10817909444449e-05 1.11568342617829e-05 1.12318775791209e-05 1.13069208964589e-05 1.13711066660471e-05 1.14316726467223e-05 1.14922395368922e-05 1.15528055175673e-05 1.16133714982425e-05 1.16739374789177e-05 1.17345043690875e-05 1.1811418517027e-05 1.19373780762544e-05 1.2063336725987e-05 1.21892962852144e-05 1.23152558444417e-05 1.24412144941743e-05 1.25671740534017e-05 1.2693133612629e-05 1.27168377730413e-05 1.27064558910206e-05 1.26960749184946e-05 1.26856939459685e-05 1.26753120639478e-05 1.26649310914217e-05 1.26545501188957e-05 1.26392869788106e-05 1.26093791550375e-05 1.25794713312644e-05 1.25495635074913e-05 1.25196556837182e-05 1.24897478599451e-05 1.2459840036172e-05 1.24299322123989e-05 1.25424476209446e-05 1.27024377434282e-05 1.28624278659117e-05 1.30224179883953e-05 1.31824081108789e-05 1.33423982333625e-05 1.35023883558461e-05
1.12109237306868e-05 1.12827892735368e-05 1.13546557258815e-05 1.14265212687314e-05 1.14853401100845e-05 1.15398106572684e-05 1.15942812044523e-05 1.16487517516362e-05 1.17032213893253e-05 1.17576919365092e-05 1.18121624836931e-05 1.18842135634623e-05 1.20090053314925e-05 1.21337970995228e-05 1.2258588867553e-05 1.23833806355833e-05 1.25081733131083e-05 1.26329650811385e-05 1.27577568491688e-05 1.27784314827295e-05 1.276440161746e-05 1.27503708426957e-05 1.27363400679315e-05 1.27223092931672e-05 1.27082785184029e-05 1.26942486531334e-05 1.26757004181854e-05 1.26436025311705e-05 1.26115046441555e-05 1.25794058476458e-05 1.25473079606309e-05 1.25152100736159e-05 1.24831121866009e-05 1.24510133900912e-05 1.25661599668092e-05 1.2730388334603e-05 1.28946167023969e-05 1.30588450701907e-05 1.32230734379846e-05 1.33873018057784e-05 1.35515292640775e-05
