data/working_set_collections/6091692-Cassins_Sparrow-M2/1980/prevtot_avg.asc
NCOLS 265 
NROWS 230 
XLLCORNER -115.5625 
YLLCORNER 24.8333333333333 
CELLSIZE 0.0833333333333333 
NODATA_value -9999 
[rows 126 to 143 of 230, columns 82 to 122 of 265]
1.91847284440883e-05 1.91031795111485e-05 1.90216305782087e-05 1.89400816452689e-05 1.88585327123292e-05 1.87769837793894e-05 1.86954348464496e-05 1.85604494618019e-05 1.82651547220303e-05 1.79698581632692e-05 1.76745616045082e-05 1.73792668647366e-05 1.70839703059755e-05 1.67886755662039e-05 1.64933790074429e-05 1.60165309353033e-05 1.54791669046972e-05 1.49418019645964e-05 1.44044370244956e-05 1.38670720843947e-05 1.33297071442939e-05 1.27923422041931e-05 1.24400039567263e-05 1.26427466966561e-05 1.28454894365859e-05 1.30482321765157e-05 1.32509749164456e-05 1.34537176563754e-05 1.36564603963052e-05 1.38592040457297e-05 1.40143147291383e-05 1.4153548363538e-05 1.42927829074324e-05 1.44320165418321e-05 1.45712501762318e-05 1.47104838106316e-05 1.4849718354526e-05 1.49095667438814e-05 1.47312612170936e-05 1.45529556903057e-05 1.43746492540231e-05
1.87784171430394e-05 1.87572095455835e-05 1.87360019481275e-05 1.87147943506716e-05 1.8693588572205e-05 1.86723809747491e-05 1.86511733772932e-05 1.85408443940105e-05 1.81631548912264e-05 1.77854653884424e-05 1.74077758856583e-05 1.70300863828743e-05 1.66523968800902e-05 1.62747055583168e-05 1.58970160555327e-05 1.54965036927024e-05 1.50883815877023e-05 1.46802603921969e-05 1.42721391966916e-05 1.38640180011862e-05 1.34558968056808e-05 1.30477756101754e-05 1.27708044601604e-05 1.28872861751006e-05 1.30037669805461e-05 1.31202486954862e-05 1.32367295009317e-05 1.33532103063772e-05 1.34696920213173e-05 1.35861728267628e-05 1.37674614961725e-05 1.39703524837387e-05 1.41732443807996e-05 1.43761353683658e-05 1.4579026355932e-05 1.47819173434982e-05 1.49848083310644e-05 1.50861114889267e-05 1.48826511576772e-05 1.4679189916933e-05 1.44757295856834e-05
1.83721058419906e-05 1.84112395800184e-05 1.84503733180463e-05 1.84895088750636e-05 1.85286426130915e-05 1.85677763511194e-05 1.86069119081367e-05 1.85212411452085e-05 1.8061156879412e-05 1.76010726136155e-05 1.71409883478191e-05 1.6680905901012e-05 1.62208216352155e-05 1.57607373694191e-05 1.53006531036226e-05 1.49764746311121e-05 1.46975971802021e-05 1.44187188197975e-05 1.41398413688876e-05 1.38609639179776e-05 1.35820864670677e-05 1.33032090161578e-05 1.31016058730893e-05 1.31318247440504e-05 1.31620445245062e-05 1.3192264304962e-05 1.32224840854178e-05 1.32527029563789e-05 1.32829227368347e-05 1.33131425172905e-05 1.35206082632067e-05 1.37871566039394e-05 1.40537049446721e-05 1.43202541948995e-05 1.45868025356322e-05 1.48533508763649e-05 1.51198992170976e-05 1.52626562339719e-05 1.50340410982608e-05 1.48054250530549e-05 1.45768099173438e-05
1.79657945409417e-05 1.80652696144534e-05 1.81647446879651e-05 1.82642215804663e-05 1.8363696653978e-05 1.84631735464791e-05 1.85626486199908e-05 1.85016360774171e-05 1.79591588675976e-05 1.74166798387887e-05 1.68742026289692e-05 1.63317254191497e-05 1.57892463903408e-05 1.52467682710267e-05 1.47042910612072e-05 1.44564455695217e-05 1.43068118632073e-05 1.41571781568928e-05 1.40075444505783e-05 1.38579098347691e-05 1.37082761284546e-05 1.35586424221401e-05 1.34324063765234e-05 1.33763642224949e-05 1.33203220684663e-05 1.32642799144378e-05 1.32082377604092e-05 1.31521956063807e-05 1.30961534523522e-05 1.30401112983236e-05 1.32737550302409e-05 1.36039607241401e-05 1.39341664180392e-05 1.42643721119384e-05 1.45945778058376e-05 1.49247834997368e-05 1.5254989193636e-05 1.54392018885119e-05 1.51854310388444e-05 1.49316601891769e-05 1.46778902490041e-05
1.75594814209035e-05 1.77192996488884e-05 1.78791178768734e-05 1.80389342858689e-05 1.81987525138538e-05 1.83585689228494e-05 1.85183871508343e-05 1.84820310096256e-05 1.78571590367937e-05 1.72322870639618e-05 1.660741509113e-05 1.59825431182981e-05 1.53576711454662e-05 1.4732800082129e-05 1.41079281092971e-05 1.39364174174261e-05 1.39160274557071e-05 1.38956365844933e-05 1.38752466227743e-05 1.38548566610552e-05 1.38344657898415e-05 1.38140758281224e-05 1.37632077894523e-05 1.36209037009394e-05 1.34785996124265e-05 1.33362964334083e-05 1.31939923448954e-05 1.30516882563825e-05 1.29093850773643e-05 1.27670809888514e-05 1.30269017972751e-05 1.34207648443407e-05 1.38146278914064e-05 1.42084909384721e-05 1.46023539855378e-05 1.49962170326035e-05 1.53900800796691e-05 1.56157457240624e-05 1.53368200699333e-05 1.50578953252989e-05 1.47789705806645e-05
1.71531701198546e-05 1.73733296833234e-05 1.75934892467922e-05 1.78136469912715e-05 1.80338065547403e-05 1.82539661182091e-05 1.84741238626884e-05 1.84624277608236e-05 1.77551610249793e-05 1.70478961081244e-05 1.63406293722801e-05 1.56333626364358e-05 1.49260968100862e-05 1.42188309837366e-05 1.35115651573869e-05 1.34163883558358e-05 1.35252421387122e-05 1.36340959215886e-05 1.37429487949703e-05 1.38518025778467e-05 1.39606563607231e-05 1.40695092341048e-05 1.40940082928864e-05 1.38654431793839e-05 1.36368771563866e-05 1.34083120428841e-05 1.31797469293815e-05 1.29511809063843e-05 1.27226157928817e-05 1.24940506793791e-05 1.2780049473804e-05 1.32375689645414e-05 1.36950893647736e-05 1.41526097650058e-05 1.46101301652379e-05 1.50676505654701e-05 1.55251709657023e-05 1.57922913786024e-05 1.54882109200116e-05 1.51841304614209e-05 1.48800500028301e-05
1.67483030963922e-05 1.69749637279892e-05 1.72016243595863e-05 1.74282849911833e-05 1.76549456227804e-05 1.78816062543774e-05 1.81082687049638e-05 1.81024242920103e-05 1.73990665643942e-05 1.66957088367781e-05 1.59923529281514e-05 1.52889952005353e-05 1.45856383824139e-05 1.38822806547978e-05 1.31789238366764e-05 1.31208344100742e-05 1.3277835023473e-05 1.34348356368719e-05 1.3591835340776e-05 1.37488359541749e-05 1.39058365675737e-05 1.40628362714779e-05 1.41184700623853e-05 1.38700042953133e-05 1.36215376187465e-05 1.33730718516745e-05 1.31246051751077e-05 1.28761394080357e-05 1.26276727314689e-05 1.23792060549022e-05 1.26680170069449e-05 1.31359201986925e-05 1.36038233904401e-05 1.40717265821877e-05 1.45396297739353e-05 1.50075329656829e-05 1.54754361574305e-05 1.57510985445697e-05 1.54500376083888e-05 1.51489766722079e-05 1.48479157360271e-05
1.63448803505162e-05 1.65242036018753e-05 1.67035268532345e-05 1.68828482856043e-05 1.70621715369634e-05 1.72414929693332e-05 1.74208162206924e-05 1.74020224221749e-05 1.67888756550383e-05 1.6175730706891e-05 1.55625857587438e-05 1.49494399011019e-05 1.43362940434599e-05 1.37231490953127e-05 1.31100032376708e-05 1.30497546706465e-05 1.31738052004948e-05 1.32978557303431e-05 1.34219062601915e-05 1.35459567900398e-05 1.36700073198881e-05 1.37940569402417e-05 1.38365930979489e-05 1.36345870487276e-05 1.34325809995062e-05 1.32305749502848e-05 1.30285679915687e-05 1.28265619423473e-05 1.26245558931259e-05 1.24225498439046e-05 1.26908062156872e-05 1.31158185467939e-05 1.35408299684059e-05 1.39658413900179e-05 1.43908528116299e-05 1.48158651427366e-05 1.52408765643486e-05 1.54921690409537e-05 1.52223010445596e-05 1.49524330481654e-05 1.46825659612659e-05
1.59414594236296e-05 1.60734434757615e-05 1.62054275278933e-05 1.63374115800252e-05 1.64693956321571e-05 1.6601379684289e-05 1.67333637364209e-05 1.67016187333502e-05 1.61786847456824e-05 1.5655752577004e-05 1.51328185893362e-05 1.46098846016685e-05 1.40869506140007e-05 1.35640175358276e-05 1.30410835481598e-05 1.29786758407135e-05 1.30697762870113e-05 1.31608758238144e-05 1.32519762701122e-05 1.334307671641e-05 1.34341771627078e-05 1.35252776090056e-05 1.35547170430073e-05 1.33991707116365e-05 1.32436243802658e-05 1.30880780488951e-05 1.29325317175244e-05 1.27769853861537e-05 1.2621439054783e-05 1.24658927234123e-05 1.27135963339242e-05 1.30957159854006e-05 1.34778365463717e-05 1.38599561978481e-05 1.42420767588192e-05 1.46241964102956e-05 1.50063169712666e-05 1.52332386278431e-05 1.49945644807303e-05 1.47558903336176e-05 1.45172161865048e-05
1.55380366777536e-05 1.56226815306582e-05 1.57073282025522e-05 1.57919748744462e-05 1.58766197273508e-05 1.59612663992448e-05 1.60459130711388e-05 1.60012168635149e-05 1.55684956553159e-05 1.51357726281276e-05 1.47030514199287e-05 1.4270329302235e-05 1.38376071845414e-05 1.34048850668478e-05 1.29721638586489e-05 1.29075961012859e-05 1.29657464640331e-05 1.30238968267804e-05 1.30820471895277e-05 1.31401975522749e-05 1.31983479150222e-05 1.32564982777694e-05 1.32728400785709e-05 1.31637534650508e-05 1.30546668515308e-05 1.29455811475054e-05 1.28364945339854e-05 1.27274079204653e-05 1.261832221644e-05 1.25092356029199e-05 1.27363855426665e-05 1.3075614333502e-05 1.34148422148428e-05 1.37540710056783e-05 1.40932997965137e-05 1.44325285873492e-05 1.47717573781847e-05 1.49743082147324e-05 1.47668279169011e-05 1.4559346709575e-05 1.43518664117437e-05
1.51346139318775e-05 1.51719214045443e-05 1.52092297867057e-05 1.52465372593724e-05 1.52838456415338e-05 1.53211531142006e-05 1.53584605868673e-05 1.53008149936795e-05 1.49583038364653e-05 1.46157944982406e-05 1.42732842505211e-05 1.39307740028016e-05 1.35882637550822e-05 1.32457535073627e-05 1.29032432596432e-05 1.28365163618582e-05 1.2861716641055e-05 1.28869169202517e-05 1.29121181089431e-05 1.29373183881398e-05 1.29625186673366e-05 1.29877189465333e-05 1.29909631141345e-05 1.29283362184651e-05 1.28657102322904e-05 1.28030842461158e-05 1.27404573504464e-05 1.26778313642717e-05 1.2615205378097e-05 1.25525784824276e-05 1.27591747514089e-05 1.30555117721087e-05 1.33518487928086e-05 1.36481858135085e-05 1.39445228342083e-05 1.42408607644029e-05 1.45371977851028e-05 1.47153787111165e-05 1.45390913530719e-05 1.43628039950272e-05 1.41865166369826e-05
1.47311911860015e-05 1.47211612784304e-05 1.47111304613645e-05 1.47011005537934e-05 1.46910697367275e-05 1.46810398291564e-05 1.46710090120905e-05 1.46004122143495e-05 1.43481138366042e-05 1.40958154588589e-05 1.38435170811135e-05 1.35912187033682e-05 1.33389203256229e-05 1.30866219478776e-05 1.28343235701323e-05 1.27654366224306e-05 1.27576868180768e-05 1.27499379232177e-05 1.27421881188639e-05 1.27344392240047e-05 1.27266894196509e-05 1.27189396152971e-05 1.27090861496981e-05 1.26929198813741e-05 1.26767536130501e-05 1.26605873447261e-05 1.26444210764021e-05 1.26282538985834e-05 1.26120876302593e-05 1.25959213619353e-05 1.27819639601512e-05 1.30354101202101e-05 1.32888553707744e-05 1.35423006213387e-05 1.37957467813976e-05 1.40491920319619e-05 1.43026381920208e-05 1.44564482980059e-05 1.43113547892426e-05 1.41662603709847e-05 1.40211659527267e-05
1.44590203490225e-05 1.44237601489294e-05 1.43884999488364e-05 1.43532397487434e-05 1.43179795486503e-05 1.42827193485573e-05 1.42474591484643e-05 1.416988834535e-05 1.39653884616564e-05 1.37608885779628e-05 1.35563877847744e-05 1.33518879010808e-05 1.31473880173871e-05 1.29428872241988e-05 1.27383873405051e-05 1.26765853565303e-05 1.26623490359634e-05 1.26481127153966e-05 1.26338763948297e-05 1.26196400742629e-05 1.2605403753696e-05 1.25911683426239e-05 1.25806909636594e-05 1.25814940474811e-05 1.25822962218081e-05 1.2583098396135e-05 1.25839014799567e-05 1.25847036542837e-05 1.25855058286106e-05 1.25863089124323e-05 1.27542689369875e-05 1.29779482449521e-05 1.32016275529168e-05 1.34253068608814e-05 1.3648986168846e-05 1.38726654768107e-05 1.40963447847753e-05 1.42340868478641e-05 1.4114015357336e-05 1.3993943866808e-05 1.38738714667852e-05
1.43181014209404e-05 1.42797198350308e-05 1.42413373396266e-05 1.42029557537171e-05 1.41645732583129e-05 1.41261916724034e-05 1.40878100864938e-05 1.40092442961759e-05 1.38101286211167e-05 1.36110129460576e-05 1.34118972709985e-05 1.3212782505434e-05 1.30136668303749e-05 1.28145511553157e-05 1.26154354802566e-05 1.25699616546626e-05 1.25757023852202e-05 1.25814422062831e-05 1.2587182027346e-05 1.25929227579036e-05 1.25986625789665e-05 1.26044033095241e-05 1.26057784655131e-05 1.25940587167861e-05 1.2582338968059e-05 1.2570619219332e-05 1.2558899470605e-05 1.25471788123832e-05 1.25354590636562e-05 1.25237393149291e-05 1.26760887724231e-05 1.28831270558294e-05 1.30901653392357e-05 1.3297203622642e-05 1.35042419060483e-05 1.37112801894546e-05 1.39183184728608e-05 1.40482925417018e-05 1.39470730573521e-05 1.38458526635077e-05 1.3744633179158e-05
1.41771824928583e-05 1.41356786116376e-05 1.40941747304169e-05 1.40526717586908e-05 1.40111678774701e-05 1.39696639962494e-05 1.39281601150287e-05 1.38486002470017e-05 1.36548687805771e-05 1.34611382236471e-05 1.32674076667172e-05 1.30736762002925e-05 1.28799456433626e-05 1.26862141769379e-05 1.2492483620008e-05 1.2463337952795e-05 1.24890548249823e-05 1.25147716971696e-05 1.2540488569357e-05 1.25662054415443e-05 1.25919214042369e-05 1.26176382764243e-05 1.26308659673668e-05 1.26066233860911e-05 1.25823808048153e-05 1.25581391330343e-05 1.25338965517585e-05 1.25096548799775e-05 1.24854122987017e-05 1.24611706269206e-05 1.2597907698364e-05 1.27883058667067e-05 1.29787031255546e-05 1.31691003844026e-05 1.33594976432505e-05 1.35498949020985e-05 1.37402930704411e-05 1.38624991450342e-05 1.37801307573682e-05 1.36977623697021e-05 1.3615393982036e-05
1.40362626552815e-05 1.39916373882443e-05 1.39470121212071e-05 1.39023868541699e-05 1.38577615871327e-05 1.38131363200955e-05 1.37685110530583e-05 1.36879561978276e-05 1.34996098495321e-05 1.33112635012367e-05 1.31229171529412e-05 1.29345708046458e-05 1.27462244563503e-05 1.25578781080549e-05 1.23695317597594e-05 1.2356715160422e-05 1.24024081742391e-05 1.24481011880562e-05 1.24937942018732e-05 1.25394872156903e-05 1.25851811390021e-05 1.26308741528192e-05 1.26559525597258e-05 1.26191880553961e-05 1.25824235510663e-05 1.25456590467365e-05 1.25088945424068e-05 1.2472130038077e-05 1.24353655337472e-05 1.23986010294175e-05 1.25197275337996e-05 1.26934837680892e-05 1.28672409118735e-05 1.30409971461631e-05 1.32147533804527e-05 1.33885105242371e-05 1.35622667585267e-05 1.3676704838872e-05 1.36131884573842e-05 1.35496711664018e-05 1.34861547849141e-05
1.38953437271994e-05 1.38475970743457e-05 1.3799850421492e-05 1.37521028591436e-05 1.370435620629e-05 1.36566095534363e-05 1.36088619910879e-05 1.35273112391587e-05 1.33443500089925e-05 1.31613878693315e-05 1.29784266391653e-05 1.27954644995043e-05 1.2612503269338e-05 1.24295411296771e-05 1.22465798995108e-05 1.22500914585544e-05 1.23157606140012e-05 1.23814306789427e-05 1.24470998343895e-05 1.2512769899331e-05 1.25784399642725e-05 1.26441091197194e-05 1.26810400615796e-05 1.26317527247011e-05 1.25824662973173e-05 1.25331798699335e-05 1.2483892533055e-05 1.24346061056713e-05 1.23853187687928e-05 1.2336032341409e-05 1.24415473692352e-05 1.25986625789665e-05 1.27557786981924e-05 1.29128939079237e-05 1.3070009117655e-05 1.3227125236881e-05 1.33842404466122e-05 1.34909105327097e-05 1.34462461574003e-05 1.34015808725962e-05 1.33569155877922e-05
1.37544247991173e-05 1.37035558509524e-05 1.36526878122822e-05 1.36018188641174e-05 1.35509499159525e-05 1.35000818772824e-05 1.34492129291175e-05 1.33666671899846e-05 1.31890901684528e-05 1.30115131469211e-05 1.28339361253893e-05 1.26563591038575e-05 1.24787820823258e-05 1.2301205060794e-05 1.21236280392623e-05 1.21434677566867e-05 1.2229113963258e-05 1.23147601698292e-05 1.24004063764005e-05 1.24860525829718e-05 1.2571698789543e-05 1.26573440866196e-05 1.27061266539386e-05 1.26443173940061e-05 1.25825090435683e-05 1.25206997836358e-05 1.24588905237033e-05 1.23970812637708e-05 1.23352720038383e-05 1.22734636534005e-05 1.23633672046708e-05 1.25038413898437e-05 1.26443164845114e-05 1.27847906696843e-05 1.29252648548572e-05 1.30657399495249e-05 1.32062141346978e-05 1.33051171360421e-05 1.32793038574164e-05 1.3253489669296e-05 1.32276763906702e-05
