data/working_set_collections/6091692-Cassins_Sparrow-M2/1980/prevtot_avg.asc
NCOLS 265 
NROWS 230 
XLLCORNER -115.5625 
YLLCORNER 24.8333333333333 
CELLSIZE 0.0833333333333333 
NODATA_value -9999 
[rows 198 to 215 of 230, columns 123 to 163 of 265]
1.7787811884773e-05 1.76345092768315e-05 1.74812084878795e-05 1.7327905879938e-05 1.72433647094294e-05 1.71817446243949e-05 1.71201245393604e-05 1.70585044543259e-05 1.69968843692914e-05 1.69352642842568e-05 1.68736441992223e-05 1.68407186720287e-05 1.6893876818358e-05 1.69470349646872e-05 1.70001931110164e-05 1.70533512573456e-05 1.71065094036749e-05 1.71596675500041e-05 1.72128256963333e-05 1.70858675119234e-05 1.68988699442707e-05 1.67118705576286e-05 1.65248729899758e-05 1.63378754223231e-05 1.6150876035681e-05 1.59638784680283e-05 1.58603743329877e-05 1.60073504957836e-05 1.61543266585795e-05 1.63013028213754e-05 1.64482789841713e-05 1.65952569659567e-05 1.67422331287526e-05 1.68892092915485e-05 1.70355633599684e-05 1.71817118825857e-05 1.7327860405203e-05 1.74740071088308e-05 1.76201556314481e-05 1.77663041540654e-05 1.79124508576933e-05
1.80923034349689e-05 1.79094677150715e-05 1.77266319951741e-05 1.75437980942661e-05 1.74367905856343e-05 1.73550597537542e-05 1.72733289218741e-05 1.71915980899939e-05 1.71098672581138e-05 1.70281364262337e-05 1.69464055943536e-05 1.6886218872969e-05 1.68906717590289e-05 1.68951228260994e-05 1.68995738931699e-05 1.69040249602403e-05 1.69084778463002e-05 1.69129289133707e-05 1.69173799804412e-05 1.67835751199163e-05 1.66036843438633e-05 1.64237935678102e-05 1.62439027917571e-05 1.60640120157041e-05 1.5884121239651e-05 1.57042304635979e-05 1.56172682181932e-05 1.58090933837229e-05 1.60009185492527e-05 1.6192741895793e-05 1.63845670613227e-05 1.65763922268525e-05 1.67682173923822e-05 1.69600407389225e-05 1.70667990460061e-05 1.71452029462671e-05 1.72236050275387e-05 1.73020089277998e-05 1.73804128280608e-05 1.74588149093324e-05 1.75372188095935e-05
1.83967949851649e-05 1.81844261533115e-05 1.79720573214581e-05 1.77596884896047e-05 1.76302164618392e-05 1.75283748831134e-05 1.74265333043877e-05 1.7324691725662e-05 1.72228501469363e-05 1.71210085682105e-05 1.70191669894848e-05 1.69317208928987e-05 1.68874666996999e-05 1.68432106875116e-05 1.67989546753233e-05 1.67547004821245e-05 1.67104444699362e-05 1.66661902767373e-05 1.66219342645491e-05 1.64812827279093e-05 1.63084987434559e-05 1.61357165779918e-05 1.59629325935384e-05 1.5790148609085e-05 1.5617366443621e-05 1.54445824591676e-05 1.53741621033987e-05 1.56108362716623e-05 1.58475086209364e-05 1.60841809702106e-05 1.63208551384741e-05 1.65575274877483e-05 1.67941998370225e-05 1.7030874005286e-05 1.70980347320437e-05 1.71086940099485e-05 1.71193514688639e-05 1.71300107467687e-05 1.7140668205684e-05 1.71513274835888e-05 1.71619849425042e-05
1.87012865353609e-05 1.84593845915515e-05 1.82174826477421e-05 1.79755807039328e-05 1.78236405190546e-05 1.77016881934833e-05 1.7579735867912e-05 1.74577835423406e-05 1.73358312167693e-05 1.7213878891198e-05 1.70919265656266e-05 1.69772229128284e-05 1.68842598213814e-05 1.67912985489238e-05 1.66983372764662e-05 1.66053741850192e-05 1.65124129125616e-05 1.64194498211145e-05 1.63264885486569e-05 1.61789903359022e-05 1.60133149620378e-05 1.58476377691841e-05 1.56819623953197e-05 1.55162870214554e-05 1.53506098286016e-05 1.51849335452425e-05 1.51310568980989e-05 1.54125791596016e-05 1.56941005116096e-05 1.59756200446282e-05 1.62571413966361e-05 1.65386627486441e-05 1.68201841006521e-05 1.71017054526601e-05 1.71292704180814e-05 1.707218507363e-05 1.70150979101891e-05 1.69580107467482e-05 1.69009254022967e-05 1.68438382388558e-05 1.67867510754149e-05
1.90057780855568e-05 1.87343430297915e-05 1.84629079740262e-05 1.81914729182608e-05 1.80170663952595e-05 1.78750033228425e-05 1.77329402504256e-05 1.75908771780087e-05 1.74488141055917e-05 1.73067510331748e-05 1.71646879607579e-05 1.70227249327581e-05 1.68810547620524e-05 1.6739386410336e-05 1.65977180586196e-05 1.64560497069033e-05 1.63143795361975e-05 1.61727111844812e-05 1.60310428327648e-05 1.58766979438951e-05 1.57181293616304e-05 1.55595607793657e-05 1.5400992197101e-05 1.52424236148363e-05 1.50838541230769e-05 1.49252855408122e-05 1.48879516927991e-05 1.52143211380462e-05 1.55406905832933e-05 1.58670591190457e-05 1.61934294737875e-05 1.65197998285294e-05 1.68461683642818e-05 1.71725387190236e-05 1.71605061041191e-05 1.70356761373114e-05 1.69108443515142e-05 1.67860125657171e-05 1.666118077992e-05 1.65363489941228e-05 1.64115190273151e-05
1.93102696357528e-05 1.90093014680315e-05 1.87083333003102e-05 1.84073633135995e-05 1.82104922714643e-05 1.80483184522018e-05 1.78861446329392e-05 1.77239708136767e-05 1.75617969944142e-05 1.73996231751516e-05 1.72374493558891e-05 1.70682251336984e-05 1.68778497027233e-05 1.66874742717482e-05 1.64970988407731e-05 1.6306723409798e-05 1.61163479788229e-05 1.59259725478478e-05 1.57355971168727e-05 1.55744073708775e-05 1.54229455802124e-05 1.52714837895473e-05 1.51200219988823e-05 1.49685602082172e-05 1.48170993270469e-05 1.46656375363818e-05 1.46448455780046e-05 1.50160631164908e-05 1.53872806549771e-05 1.57585000124527e-05 1.6129717550939e-05 1.65009350894252e-05 1.68721526279114e-05 1.72433701663977e-05 1.71917417901568e-05 1.69991653820034e-05 1.68065907928394e-05 1.6614014384686e-05 1.64214379765326e-05 1.62288615683792e-05 1.60362851602258e-05
1.95838692889083e-05 1.92648603842827e-05 1.89458532986464e-05 1.86268462130101e-05 1.84039017767645e-05 1.8212978829979e-05 1.80220558831934e-05 1.78311347553972e-05 1.76402118086116e-05 1.74492888618261e-05 1.72583659150405e-05 1.70605599123519e-05 1.68420974659966e-05 1.66236368386308e-05 1.64051743922755e-05 1.61867137649097e-05 1.59682513185544e-05 1.57497906911885e-05 1.55313282448333e-05 1.5377823729068e-05 1.52459715536679e-05 1.51141193782678e-05 1.49822672028677e-05 1.48504141179728e-05 1.47185619425727e-05 1.45867088576779e-05 1.45735502883326e-05 1.49164716276573e-05 1.5259392966982e-05 1.56023143063067e-05 1.59452356456313e-05 1.6288156984956e-05 1.66310783242807e-05 1.69740014825948e-05 1.69168397405883e-05 1.67263187904609e-05 1.65357978403335e-05 1.63452768902062e-05 1.61547559400788e-05 1.59642349899514e-05 1.5773714039824e-05
1.9826575226034e-05 1.95010215975344e-05 1.91754679690348e-05 1.88499161595246e-05 1.85972949111601e-05 1.83689862751635e-05 1.81406758201774e-05 1.79123671841808e-05 1.76840585481841e-05 1.74557480931981e-05 1.72274394572014e-05 1.69997256307397e-05 1.67737980518723e-05 1.65478722919943e-05 1.63219465321163e-05 1.60960189532489e-05 1.58700931933708e-05 1.56441674334928e-05 1.54182398546254e-05 1.52869524754351e-05 1.51872100104811e-05 1.50874684550217e-05 1.49877268995624e-05 1.48879844346084e-05 1.4788242879149e-05 1.46885013236897e-05 1.46740649142885e-05 1.49155448525562e-05 1.51570257003186e-05 1.53985056385864e-05 1.56399873958435e-05 1.58814673341112e-05 1.61229490913684e-05 1.63644290296361e-05 1.63357999554137e-05 1.62171345436946e-05 1.6098467312986e-05 1.59798019012669e-05 1.58611364895478e-05 1.57424692588393e-05 1.56238038471201e-05
2.00692793441704e-05 1.97371828107862e-05 1.94050844584126e-05 1.9072986106039e-05 1.87906898645451e-05 1.8524993720348e-05 1.82592975761509e-05 1.79935996129643e-05 1.77279034687672e-05 1.746220732457e-05 1.71965111803729e-05 1.69388913491275e-05 1.6705498637748e-05 1.64721077453578e-05 1.62387168529676e-05 1.60053259605775e-05 1.57719332491979e-05 1.55385423568077e-05 1.53051514644176e-05 1.51960803123075e-05 1.51284484672942e-05 1.50608175317757e-05 1.49931865962571e-05 1.49255547512439e-05 1.48579238157254e-05 1.47902928802068e-05 1.47745795402443e-05 1.49146189869498e-05 1.50546584336553e-05 1.51946987898555e-05 1.53347373270663e-05 1.54747776832664e-05 1.56148180394666e-05 1.57548583956668e-05 1.5754760170239e-05 1.57079484779388e-05 1.56611367856385e-05 1.56143269123277e-05 1.55675152200274e-05 1.55207053467166e-05 1.54738936544163e-05
2.03119852812961e-05 1.99733422050485e-05 1.96347009477904e-05 1.92960578715429e-05 1.89840829989407e-05 1.86810011655325e-05 1.83779175131349e-05 1.80748338607373e-05 1.77717502083397e-05 1.7468666555942e-05 1.71655829035444e-05 1.68780552485259e-05 1.66371992236236e-05 1.63963431987213e-05 1.6155487173819e-05 1.59146311489167e-05 1.56737751240144e-05 1.5432919099112e-05 1.5192062164715e-05 1.51052081491798e-05 1.50696869241074e-05 1.50341666085296e-05 1.49986462929519e-05 1.49631250678794e-05 1.49276047523017e-05 1.4892084436724e-05 1.48750932567054e-05 1.49136922118487e-05 1.49522911669919e-05 1.49908901221352e-05 1.50294890772784e-05 1.50680880324217e-05 1.51066869875649e-05 1.51452859427081e-05 1.5173718566075e-05 1.51987633216777e-05 1.52238071677857e-05 1.52488519233884e-05 1.52738957694964e-05 1.52989396156045e-05 1.53239852807019e-05
2.05546912184218e-05 2.02095034183003e-05 1.98643156181788e-05 1.95191278180573e-05 1.91774779523257e-05 1.88370067917276e-05 1.84965374501189e-05 1.81560662895208e-05 1.78155951289227e-05 1.7475125787314e-05 1.71346546267159e-05 1.68172209669137e-05 1.65688998094993e-05 1.63205786520848e-05 1.60722574946703e-05 1.58239363372559e-05 1.55756151798414e-05 1.53272940224269e-05 1.50789737745072e-05 1.50143359860522e-05 1.50109253809205e-05 1.50075156852836e-05 1.50041059896466e-05 1.50006962940097e-05 1.4997285688878e-05 1.49938759932411e-05 1.49756078826613e-05 1.49127663462423e-05 1.48499239003286e-05 1.47870823639096e-05 1.47242399179959e-05 1.46613983815769e-05 1.45985568451579e-05 1.45357143992442e-05 1.45926787809003e-05 1.46895781654166e-05 1.47864775499329e-05 1.48833769344492e-05 1.49802763189655e-05 1.50771757034818e-05 1.51740750879981e-05
2.07973971555475e-05 2.04456646315521e-05 2.00939321075566e-05 1.97421977645718e-05 1.93708729057107e-05 1.89930142369121e-05 1.8615157387103e-05 1.82372987183044e-05 1.78594418684952e-05 1.7481585018686e-05 1.71037263498874e-05 1.67563866853015e-05 1.65006003953749e-05 1.62448141054483e-05 1.59890296345111e-05 1.57332433445845e-05 1.54774570546579e-05 1.52216707647312e-05 1.49658844748046e-05 1.49234638229245e-05 1.49521647472284e-05 1.49808647620375e-05 1.50095656863414e-05 1.50382666106452e-05 1.50669666254544e-05 1.50956675497582e-05 1.50761225086171e-05 1.49118395711412e-05 1.47475566336652e-05 1.45832736961893e-05 1.4418991668208e-05 1.42547087307321e-05 1.40904257932561e-05 1.39261428557802e-05 1.4011638086231e-05 1.41803930091555e-05 1.43491470225854e-05 1.45179019455099e-05 1.46866559589398e-05 1.48554108818644e-05 1.50241648952942e-05
2.09548834391171e-05 2.05970318347681e-05 2.02391802304192e-05 1.98813268070808e-05 1.9499455447658e-05 1.91095750778913e-05 1.87196947081247e-05 1.83298143383581e-05 1.79399357875809e-05 1.75500554178143e-05 1.71601750480477e-05 1.68005608429667e-05 1.6531743312953e-05 1.626292396395e-05 1.59941064339364e-05 1.57252870849334e-05 1.54564695549197e-05 1.51876511154114e-05 1.49188335853978e-05 1.48731687659165e-05 1.49018878801144e-05 1.4930607903807e-05 1.49593270180048e-05 1.49880470416974e-05 1.501676706539e-05 1.50454861795879e-05 1.50157648022287e-05 1.48107219501981e-05 1.46056781886728e-05 1.44006344271475e-05 1.41955906656221e-05 1.39905469040968e-05 1.37855031425715e-05 1.35804593810462e-05 1.36807220769697e-05 1.38827535920427e-05 1.4084784197621e-05 1.42868157126941e-05 1.44888463182724e-05 1.46908778333454e-05 1.48929084389238e-05
2.10271537071094e-05 2.06636068469379e-05 2.03000618057558e-05 1.99365149455843e-05 1.95632255781675e-05 1.91866893146653e-05 1.88101512321737e-05 1.84336131496821e-05 1.80570768861799e-05 1.76805388036883e-05 1.73040007211966e-05 1.69497434399091e-05 1.66623267432442e-05 1.63749082275899e-05 1.60874897119356e-05 1.58000730152708e-05 1.55126544996165e-05 1.52252368934569e-05 1.49378192872973e-05 1.48634499055333e-05 1.48600975080626e-05 1.48567442010972e-05 1.48533908941317e-05 1.48500375871663e-05 1.48466851896956e-05 1.48433318827301e-05 1.47945356729906e-05 1.46094116644235e-05 1.44242867463618e-05 1.42391627377947e-05 1.40540387292276e-05 1.38689138111658e-05 1.36837898025988e-05 1.3498664884537e-05 1.35999307531165e-05 1.37966599140782e-05 1.39933890750399e-05 1.41901182360016e-05 1.43868473969633e-05 1.4583576557925e-05 1.47803057188867e-05
2.10994221561123e-05 2.07301818591077e-05 2.03609433810925e-05 1.99917030840879e-05 1.96269975276664e-05 1.92638017324498e-05 1.89006077562226e-05 1.8537411961006e-05 1.81742161657894e-05 1.78110221895622e-05 1.74478263943456e-05 1.70989260368515e-05 1.67929083545459e-05 1.64868924912298e-05 1.61808748089243e-05 1.58748571266187e-05 1.55688394443132e-05 1.52628235809971e-05 1.49568049891968e-05 1.48537319546449e-05 1.48183062265161e-05 1.47828804983874e-05 1.47474547702586e-05 1.47120290421299e-05 1.46766033140011e-05 1.46411775858724e-05 1.45733065437526e-05 1.4408101378649e-05 1.42428962135455e-05 1.40776910484419e-05 1.39124858833384e-05 1.37472807182348e-05 1.35820755531313e-05 1.34168703880277e-05 1.35191394292633e-05 1.37105671456084e-05 1.39019939524587e-05 1.40934216688038e-05 1.42848484756541e-05 1.44762761919992e-05 1.46677039083443e-05
2.11716906051151e-05 2.07967568712775e-05 2.04218249564292e-05 2.00468912225915e-05 1.96907694771653e-05 1.93409159692237e-05 1.89910624612821e-05 1.86412107723299e-05 1.82913572643884e-05 1.79415055754362e-05 1.75916520674946e-05 1.72481086337939e-05 1.69234917848371e-05 1.65988749358803e-05 1.62742580869235e-05 1.59496412379667e-05 1.56250243890099e-05 1.53004075400531e-05 1.4975791600591e-05 1.48440130942618e-05 1.47765149449697e-05 1.47090167956776e-05 1.46415186463855e-05 1.45740195875987e-05 1.45065214383067e-05 1.44390232890146e-05 1.43520774145145e-05 1.42067920023692e-05 1.40615056807292e-05 1.39162193590892e-05 1.37709339469438e-05 1.36256476253038e-05 1.34803613036638e-05 1.33350749820238e-05 1.34383481054101e-05 1.36244734676438e-05 1.38105988298776e-05 1.39967241921113e-05 1.4182849554345e-05 1.43689758260734e-05 1.45551011883072e-05
2.1243959054118e-05 2.08633318834472e-05 2.04827065317659e-05 2.01020793610951e-05 1.97545396076748e-05 1.94180302059976e-05 1.90815189853311e-05 1.87450095836539e-05 1.84084983629873e-05 1.80719889613101e-05 1.77354777406435e-05 1.73972912307363e-05 1.70540752151283e-05 1.67108591995202e-05 1.63676431839122e-05 1.60244271683041e-05 1.56812093337066e-05 1.53379933180986e-05 1.49947773024905e-05 1.48342951433733e-05 1.47347245729179e-05 1.46351530929678e-05 1.45355816130177e-05 1.44360110425623e-05 1.43364395626122e-05 1.42368689921568e-05 1.41308482852764e-05 1.40054817165947e-05 1.38801151479129e-05 1.37547476697364e-05 1.36293811010546e-05 1.35040145323728e-05 1.33786470541963e-05 1.32532804855146e-05 1.33575567815569e-05 1.35383797896793e-05 1.37192037072964e-05 1.39000276249135e-05 1.40808506330359e-05 1.4261674550653e-05 1.44424984682701e-05
2.13162275031209e-05 2.0929906895617e-05 2.05435881071026e-05 2.01572674995987e-05 1.98183115571737e-05 1.94951426237822e-05 1.917197550938e-05 1.88488083949778e-05 1.85256394615863e-05 1.82024723471841e-05 1.78793034137925e-05 1.75464738276787e-05 1.71846586454194e-05 1.68228434631601e-05 1.64610264619114e-05 1.60992112796521e-05 1.57373960973928e-05 1.53755790961441e-05 1.50137639138848e-05 1.48245771924849e-05 1.46929332913714e-05 1.4561289390258e-05 1.44296454891446e-05 1.42980015880312e-05 1.41663576869178e-05 1.4034714695299e-05 1.39096191560384e-05 1.38041714308201e-05 1.36987246150966e-05 1.35932768898783e-05 1.34878291646601e-05 1.33823814394418e-05 1.32769337142236e-05 1.31714859890053e-05 1.32767654577037e-05 1.34522870212095e-05 1.36278085847152e-05 1.3803330148221e-05 1.39788517117267e-05 1.41543741847272e-05 1.4329895748233e-05
