data/working_set_collections/6091692-Cassins_Sparrow-M2/1980/prevtot_avg.asc
NCOLS 265 
NROWS 230 
XLLCORNER -115.5625 
YLLCORNER 24.8333333333333 
CELLSIZE 0.0833333333333333 
NODATA_value -9999 
[rows 144 to 161 of 230, columns 123 to 163 of 265]
1.31978904391872e-05 1.31851002151961e-05 1.31723109006998e-05 1.31595206767088e-05 1.31748574858648e-05 1.31995693664066e-05 1.32242821564432e-05 1.32489940369851e-05 1.3273705917527e-05 1.32984177980688e-05 1.33231305881054e-05 1.33653138618683e-05 1.34599122247892e-05 1.355451058771e-05 1.36491089506308e-05 1.37437064040569e-05 1.38383047669777e-05 1.39329031298985e-05 1.40275014928193e-05 1.39804651553277e-05 1.38862178573618e-05 1.37919696499011e-05 1.36977223519352e-05 1.36034750539693e-05 1.35092277560034e-05 1.34149795485428e-05 1.3382740689849e-05 1.35365253299824e-05 1.36903108796105e-05 1.38440955197439e-05 1.39978810693719e-05 1.41516657095053e-05 1.43054512591334e-05 1.44592358992668e-05 1.45231360875187e-05 1.45570738823153e-05 1.45910125866067e-05 1.46249503814033e-05 1.46588881762e-05 1.46928268804913e-05 1.4726764675288e-05
1.33003331939108e-05 1.32947388920002e-05 1.32891436805949e-05 1.32835493786843e-05 1.32988134282641e-05 1.33210296553443e-05 1.33432458824245e-05 1.33654630189994e-05 1.33876792460796e-05 1.34098954731598e-05 1.34321117002401e-05 1.34695337692392e-05 1.35525697260164e-05 1.36356056827935e-05 1.37186425490654e-05 1.38016785058426e-05 1.38847144626197e-05 1.39677513288916e-05 1.40507872856688e-05 1.40132597152842e-05 1.39355433930177e-05 1.38578270707512e-05 1.37801107484847e-05 1.37023944262182e-05 1.36246790134464e-05 1.35469626911799e-05 1.35203117679339e-05 1.36468588607386e-05 1.37734059535433e-05 1.38999530463479e-05 1.40265001391526e-05 1.41530472319573e-05 1.4279594324762e-05 1.44061414175667e-05 1.44857822306221e-05 1.45497870107647e-05 1.46137917909073e-05 1.46777974805445e-05 1.47418022606871e-05 1.48058079503244e-05 1.48698127304669e-05
1.34027759486344e-05 1.34043766593095e-05 1.34059773699846e-05 1.34075780806597e-05 1.34227693706634e-05 1.3442489944282e-05 1.34622105179005e-05 1.34819310915191e-05 1.35016516651376e-05 1.35213731482509e-05 1.35410937218694e-05 1.35737527671154e-05 1.36452272272436e-05 1.37167016873718e-05 1.37881761475001e-05 1.38596506076283e-05 1.39311250677565e-05 1.40025995278847e-05 1.4074073988013e-05 1.4046053365746e-05 1.39848689286737e-05 1.39236844916013e-05 1.38624991450342e-05 1.38013147079619e-05 1.37401302708895e-05 1.36789449243224e-05 1.36578837555135e-05 1.37571933009895e-05 1.38565019369707e-05 1.3955810572952e-05 1.4055120118428e-05 1.41544287544093e-05 1.42537373903906e-05 1.43530460263719e-05 1.44484274642309e-05 1.45425001392141e-05 1.46365719047026e-05 1.47306445796858e-05 1.48247163451742e-05 1.49187881106627e-05 1.50128607856459e-05
1.35052177938633e-05 1.35140144266188e-05 1.35228101498797e-05 1.35316067826352e-05 1.35467244035681e-05 1.3563949323725e-05 1.35811751533765e-05 1.35984000735334e-05 1.36156249936903e-05 1.36328499138472e-05 1.3650074834004e-05 1.36779717649915e-05 1.37378847284708e-05 1.37977967824554e-05 1.38577097459347e-05 1.39176217999193e-05 1.39775347633986e-05 1.40374477268779e-05 1.40973597808625e-05 1.40788479257026e-05 1.40341944643296e-05 1.39895410029567e-05 1.39448884510784e-05 1.39002349897055e-05 1.38555815283326e-05 1.38109280669596e-05 1.3795455743093e-05 1.38675268317456e-05 1.39395979203982e-05 1.40116680995561e-05 1.40837391882087e-05 1.41558102768613e-05 1.42278804560192e-05 1.42999515446718e-05 1.44110736073344e-05 1.45352132676635e-05 1.46593520184979e-05 1.47834907693323e-05 1.49076304296614e-05 1.50317691804958e-05 1.51559088408248e-05
1.36076605485869e-05 1.36236521939281e-05 1.36396438392694e-05 1.36556354846107e-05 1.36706803459674e-05 1.36854096126626e-05 1.37001388793578e-05 1.37148690555478e-05 1.3729598322243e-05 1.37443275889382e-05 1.37590568556334e-05 1.37821916723624e-05 1.3830542229698e-05 1.38788927870337e-05 1.39272433443693e-05 1.3975593901705e-05 1.40239444590406e-05 1.40722950163763e-05 1.4120645573712e-05 1.41116424856591e-05 1.40835199999856e-05 1.40553984238068e-05 1.40272768476279e-05 1.39991543619544e-05 1.39710327857756e-05 1.39429112095968e-05 1.39330277306726e-05 1.39778603625018e-05 1.4022692994331e-05 1.40675256261602e-05 1.41123582579894e-05 1.41571917993133e-05 1.42020244311425e-05 1.42468570629717e-05 1.43737197504379e-05 1.45279254866182e-05 1.46821321322932e-05 1.48363378684735e-05 1.49905445141485e-05 1.51447502503288e-05 1.52989559865091e-05
1.37101033033105e-05 1.37332899612375e-05 1.37564775286592e-05 1.37796641865862e-05 1.37946362883667e-05 1.38068699016003e-05 1.38191035148338e-05 1.38313371280674e-05 1.38435707413009e-05 1.38558043545345e-05 1.3868037967768e-05 1.38864106702385e-05 1.39231997309253e-05 1.3959988791612e-05 1.3996776942804e-05 1.40335660034907e-05 1.40703550641774e-05 1.41071432153694e-05 1.41439322760561e-05 1.41444361361209e-05 1.41328464451362e-05 1.41212558446568e-05 1.41096652441774e-05 1.40980746436981e-05 1.40864840432187e-05 1.40748934427393e-05 1.40705997182522e-05 1.4088193893258e-05 1.41057889777585e-05 1.41233831527643e-05 1.41409782372648e-05 1.41585724122706e-05 1.41761674967711e-05 1.41937616717769e-05 1.43363658935414e-05 1.45206386150676e-05 1.47049122460885e-05 1.48891849676147e-05 1.50734585986356e-05 1.52577313201618e-05 1.54420049511828e-05
1.38835648613167e-05 1.39159965328872e-05 1.39484291139524e-05 1.39808616950177e-05 1.40001138788648e-05 1.40149722938077e-05 1.40298316182452e-05 1.40446909426828e-05 1.40595502671204e-05 1.40744086820632e-05 1.40892680065008e-05 1.41043547046138e-05 1.41201244332478e-05 1.41358941618819e-05 1.41516638905159e-05 1.416743361915e-05 1.4183203347784e-05 1.4198973076418e-05 1.42147428050521e-05 1.42117023642641e-05 1.4202391867002e-05 1.41930804602453e-05 1.41837699629832e-05 1.41744594657212e-05 1.41651489684591e-05 1.41558384711971e-05 1.41497002914548e-05 1.41530799737666e-05 1.41564596560784e-05 1.41598393383902e-05 1.41632190207019e-05 1.41665987030137e-05 1.41699792948202e-05 1.4173358977132e-05 1.43304923767573e-05 1.45388776218169e-05 1.47472628668766e-05 1.49556481119362e-05 1.51640324475011e-05 1.53724176925607e-05 1.55808029376203e-05
1.41280452226056e-05 1.41717728183721e-05 1.4215499504644e-05 1.42592271004105e-05 1.42871131174616e-05 1.43097186082741e-05 1.43323240990867e-05 1.43549295898993e-05 1.43775350807118e-05 1.44001405715244e-05 1.4422746062337e-05 1.44360237754881e-05 1.44213172461605e-05 1.44066107168328e-05 1.43919041875051e-05 1.43771976581775e-05 1.43624911288498e-05 1.43477845995221e-05 1.43330780701945e-05 1.43134393510991e-05 1.42921562655829e-05 1.42708740895614e-05 1.42495919135399e-05 1.42283088280237e-05 1.42070266520022e-05 1.41857435664861e-05 1.41703294502804e-05 1.41725176945329e-05 1.41747059387853e-05 1.41768941830378e-05 1.41790824272903e-05 1.41812706715427e-05 1.41834589157952e-05 1.41856471600477e-05 1.43561010190751e-05 1.45826425068663e-05 1.48091839946574e-05 1.50357263919432e-05 1.5262268789229e-05 1.54888093675254e-05 1.57153517648112e-05
1.43725264933892e-05 1.44275481943623e-05 1.44825698953355e-05 1.45375925058033e-05 1.45741114465636e-05 1.46044640132459e-05 1.46348156704335e-05 1.4665167327621e-05 1.46955198943033e-05 1.47258715514909e-05 1.47562232086784e-05 1.47676919368678e-05 1.47225091495784e-05 1.4677326362289e-05 1.46321435749996e-05 1.45869607877103e-05 1.45417780004209e-05 1.44965952131315e-05 1.44514124258421e-05 1.44151763379341e-05 1.43819215736585e-05 1.43486668093828e-05 1.43154129546019e-05 1.42821581903263e-05 1.42489043355454e-05 1.42156495712698e-05 1.41909576996113e-05 1.41919545058045e-05 1.41929513119976e-05 1.41939481181907e-05 1.41949449243839e-05 1.4195941730577e-05 1.41969385367702e-05 1.41979353429633e-05 1.43817087518983e-05 1.46264073919156e-05 1.48711060319329e-05 1.51158046719502e-05 1.53605033119675e-05 1.56052010424901e-05 1.58499005920021e-05
1.4617006854678e-05 1.46833244798472e-05 1.47496411955217e-05 1.48159579111962e-05 1.48611106851604e-05 1.48992094182177e-05 1.49373072417802e-05 1.49754059748375e-05 1.50135047078948e-05 1.50516025314573e-05 1.50897012645146e-05 1.50993600982474e-05 1.50237010529963e-05 1.49480420077452e-05 1.48723829624942e-05 1.47967248267378e-05 1.47210657814867e-05 1.46454067362356e-05 1.45697476909845e-05 1.45169133247691e-05 1.44716868817341e-05 1.4426460438699e-05 1.43812339956639e-05 1.43360075526289e-05 1.42907820190885e-05 1.42455555760534e-05 1.42115868584369e-05 1.42113922265708e-05 1.42111975947046e-05 1.42110029628384e-05 1.42108083309722e-05 1.4210613699106e-05 1.42104181577452e-05 1.4210223525879e-05 1.44073164847214e-05 1.46701722769649e-05 1.49330271597137e-05 1.51958829519572e-05 1.5458737834706e-05 1.57215945364442e-05 1.5984449419193e-05
1.48614881254616e-05 1.49390998558374e-05 1.50167115862132e-05 1.5094323316589e-05 1.51481099237571e-05 1.51939548231894e-05 1.52397997226217e-05 1.5285644622054e-05 1.53314886119915e-05 1.53773344209185e-05 1.54231784108561e-05 1.54310291691218e-05 1.53248929564143e-05 1.52187585626962e-05 1.51126232594834e-05 1.50064879562706e-05 1.49003526530578e-05 1.4794217349845e-05 1.46880820466322e-05 1.46186503116041e-05 1.45614521898096e-05 1.45042540680151e-05 1.44470559462206e-05 1.43898578244261e-05 1.43326597026316e-05 1.42754615808371e-05 1.42322160172625e-05 1.4230829947337e-05 1.42294438774115e-05 1.42280568979913e-05 1.42266708280658e-05 1.42252847581403e-05 1.42238986882148e-05 1.42225126182893e-05 1.44329251270392e-05 1.47139371620142e-05 1.49949491969892e-05 1.52759621414589e-05 1.55569741764339e-05 1.58379862114089e-05 1.61189982463839e-05
1.51059684867505e-05 1.51948752318276e-05 1.52837819769047e-05 1.53726887219818e-05 1.54351091623539e-05 1.54887002281612e-05 1.55422912939684e-05 1.55958823597757e-05 1.5649473425583e-05 1.57030663103797e-05 1.57566573761869e-05 1.57626982399961e-05 1.56260866788216e-05 1.54894751176471e-05 1.53528635564726e-05 1.52162519952981e-05 1.50796404341236e-05 1.49430288729491e-05 1.48064173117746e-05 1.47203863889445e-05 1.46512165883905e-05 1.45820467878366e-05 1.45128769872827e-05 1.44437071867287e-05 1.43745364766801e-05 1.43053666761261e-05 1.42528451760882e-05 1.42502667586086e-05 1.42476892506238e-05 1.4245111742639e-05 1.42425342346542e-05 1.42399558171746e-05 1.42373783091898e-05 1.4234800801205e-05 1.44585328598623e-05 1.47577020470635e-05 1.50568712342647e-05 1.53560395119712e-05 1.56552086991724e-05 1.59543778863735e-05 1.62535470735747e-05
1.53072451212211e-05 1.53950204548892e-05 1.54827976075467e-05 1.55705747602042e-05 1.56369897013064e-05 1.56962832988938e-05 1.57555768964812e-05 1.58148704940686e-05 1.5874164091656e-05 1.59334576892434e-05 1.59927512868308e-05 1.60000017785933e-05 1.58511211338919e-05 1.57022423081798e-05 1.55533616634784e-05 1.5404481018777e-05 1.52556012835703e-05 1.51067206388689e-05 1.49578409036621e-05 1.48711769725196e-05 1.48052513395669e-05 1.47393266161089e-05 1.46734009831562e-05 1.46074753502035e-05 1.45415506267454e-05 1.44756249937927e-05 1.44244595503551e-05 1.44175719469786e-05 1.4410684343602e-05 1.44037976497202e-05 1.43969100463437e-05 1.43900233524619e-05 1.43831357490853e-05 1.43762481457088e-05 1.45921849252773e-05 1.4882395589666e-05 1.51726062540547e-05 1.54628160089487e-05 1.57530266733374e-05 1.60432373377262e-05 1.63334480021149e-05
1.54653134813998e-05 1.55395355250221e-05 1.56137575686444e-05 1.56879796122666e-05 1.57537506311201e-05 1.5816702216398e-05 1.58796556206653e-05 1.59426072059432e-05 1.60055587912211e-05 1.60685121954884e-05 1.61314637807664e-05 1.61429434228921e-05 1.60000017785933e-05 1.58570601342944e-05 1.57141184899956e-05 1.55711768456968e-05 1.54282370203873e-05 1.52852953760885e-05 1.51423537317896e-05 1.50710202433402e-05 1.5023555533844e-05 1.49760917338426e-05 1.49286279338412e-05 1.48811641338398e-05 1.48336994243436e-05 1.47862356243422e-05 1.47470591400634e-05 1.47327446029522e-05 1.47184291563462e-05 1.4704114619235e-05 1.46898000821238e-05 1.46754855450126e-05 1.46611710079014e-05 1.46468555612955e-05 1.48338804137893e-05 1.50880168803269e-05 1.53421551658539e-05 1.55962916323915e-05 1.58504280989291e-05 1.61045663844561e-05 1.63587028509937e-05
1.56233836605679e-05 1.56840524141444e-05 1.57447193487315e-05 1.58053862833185e-05 1.58705115609337e-05 1.59371229528915e-05 1.600373252586e-05 1.60703439178178e-05 1.61369553097757e-05 1.62035648827441e-05 1.6270176274702e-05 1.62858832482016e-05 1.61488806043053e-05 1.6011877960409e-05 1.58748753165128e-05 1.57378744916059e-05 1.56008718477096e-05 1.54638692038134e-05 1.53268665599171e-05 1.52708635141607e-05 1.52418606376159e-05 1.52128577610711e-05 1.51838548845262e-05 1.51548520079814e-05 1.51258491314366e-05 1.50968462548917e-05 1.50696587297716e-05 1.5047916349431e-05 1.50261739690905e-05 1.50044315887499e-05 1.4982690117904e-05 1.49609477375634e-05 1.49392053572228e-05 1.49174629768822e-05 1.50755749928067e-05 1.52936390804825e-05 1.55117031681584e-05 1.57297654368449e-05 1.59478295245208e-05 1.61658936121967e-05 1.63839576998726e-05
1.57814538397361e-05 1.58285674842773e-05 1.58756793098291e-05 1.59227929543704e-05 1.59872724907473e-05 1.60575418703957e-05 1.6127811250044e-05 1.61980806296924e-05 1.62683500093408e-05 1.63386193889892e-05 1.64088887686376e-05 1.64288248925004e-05 1.62977612490067e-05 1.6166697605513e-05 1.60356339620193e-05 1.59045703185257e-05 1.5773506675032e-05 1.56424430315383e-05 1.55113793880446e-05 1.54707067849813e-05 1.54601639223984e-05 1.54496228788048e-05 1.54390818352113e-05 1.54285407916177e-05 1.54179979290348e-05 1.54074568854412e-05 1.53922574099852e-05 1.53630880959099e-05 1.53339187818347e-05 1.53047494677594e-05 1.52755801536841e-05 1.52464099301142e-05 1.52172406160389e-05 1.51880703924689e-05 1.53172713908134e-05 1.54992612806382e-05 1.56812511704629e-05 1.58632410602877e-05 1.60452309501125e-05 1.62272208399372e-05 1.6409210729762e-05
1.59395240189042e-05 1.59730825544102e-05 1.60066410899162e-05 1.60401978064328e-05 1.61040334205609e-05 1.61779607878998e-05 1.62518899742281e-05 1.6325817341567e-05 1.63997447089059e-05 1.64736738952342e-05 1.65476012625732e-05 1.65717647178099e-05 1.64466400747187e-05 1.63215154316276e-05 1.61963907885365e-05 1.60712661454454e-05 1.59461415023543e-05 1.58210168592632e-05 1.56958903971827e-05 1.56705500558019e-05 1.56784699356649e-05 1.56863879965385e-05 1.56943078764016e-05 1.57022277562646e-05 1.57101476361277e-05 1.57180675159907e-05 1.57148569996934e-05 1.56782607518835e-05 1.56416626850842e-05 1.56050664372742e-05 1.55684701894643e-05 1.55318721226649e-05 1.5495275874855e-05 1.54586778080557e-05 1.55589659698308e-05 1.57048834807938e-05 1.58507991727674e-05 1.59967166837305e-05 1.61426323757041e-05 1.62885498866672e-05 1.64344655786408e-05
1.60975941980723e-05 1.61175976245431e-05 1.61376010510139e-05 1.61576044774847e-05 1.62207943503745e-05 1.62983815243933e-05 1.63759668794228e-05 1.64535540534416e-05 1.65311412274605e-05 1.66087265824899e-05 1.66863137565088e-05 1.67147063621087e-05 1.65955207194202e-05 1.64763350767316e-05 1.63571476150537e-05 1.62379619723652e-05 1.61187763296766e-05 1.59995906869881e-05 1.58804032253101e-05 1.58703933266224e-05 1.58967741299421e-05 1.59231549332617e-05 1.59495357365813e-05 1.59759165399009e-05 1.60022973432206e-05 1.60286781465402e-05 1.60374565894017e-05 1.59934334078571e-05 1.59494084073231e-05 1.5905383406789e-05 1.5861358406255e-05 1.58173352247104e-05 1.57733102241764e-05 1.57292852236424e-05 1.58006623678375e-05 1.591050386196e-05 1.60203471750719e-05 1.61301904881839e-05 1.62400338012958e-05 1.63498771144077e-05 1.64597204275196e-05
