data/working_set_collections/6091692-Cassins_Sparrow-M2/1980/prmc_avg.asc
NCOLS 265 
NROWS 230 
XLLCORNER -115.5625 
YLLCORNER 24.8333333333333 
CELLSIZE 0.0833333333333333 
NODATA_value -9999 
[rows 80 to 99 of 230, columns 0 to 43 of 265]
0.160810396075249 0.161389037966728 0.161967664957047 0.162546306848526 0.163124948740005 0.163703590631485 0.164282232522964 0.165076732635498 0.165943190455437 0.166809648275375 0.167676106095314 0.168542563915253 0.16940900683403 0.170275464653969 0.171125009655952 0.171923786401749 0.172722563147545 0.173521339893341 0.174320116639137 0.175118893384933 0.17591767013073 0.176716446876526 0.178319558501244 0.180190786719322 0.182062014937401 0.183933258056641 0.185804486274719 0.187675714492798 0.189546942710876 0.190884411334991 0.190620586276054 0.190356761217117 0.19009293615818 0.189829111099243 0.189565286040306 0.189301446080208 0.189037621021271 0.188839063048363 0.188662245869637 0.18848542869091 0.188308611512184 0.188131794333458 0.187954977154732 0.187778159976006
0.160487309098244 0.161014467477798 0.161541610956192 0.162068769335747 0.162595927715302 0.163123086094856 0.16365022957325 0.164395719766617 0.165214002132416 0.166032269597054 0.166850537061691 0.16766881942749 0.168487086892128 0.169305354356766 0.170079976320267 0.170723631978035 0.171367287635803 0.172010958194733 0.172654613852501 0.173298269510269 0.173941925168037 0.174585580825806 0.175894647836685 0.177425503730774 0.178956374526024 0.180487230420113 0.182018086314201 0.183548957109451 0.18507981300354 0.1862513422966 0.186344906687737 0.186438456177711 0.186532005667686 0.186625570058823 0.186719119548798 0.186812669038773 0.186906218528748 0.186759248375893 0.186532080173492 0.186304926872253 0.186077758669853 0.185850605368614 0.185623452067375 0.185396283864975
0.160164222121239 0.160639896988869 0.161115556955338 0.161591231822968 0.162066906690598 0.162542566657066 0.163018241524696 0.163714721798897 0.164484813809395 0.165254905819893 0.16602498292923 0.166795074939728 0.167565166950226 0.168335244059563 0.169034957885742 0.169523492455482 0.170012027025223 0.170500561594963 0.170989111065865 0.171477645635605 0.171966180205345 0.172454729676247 0.173469722270966 0.174660220742226 0.175850719213486 0.177041202783585 0.178231701254845 0.179422199726105 0.180612683296204 0.18161828815937 0.182069227099419 0.182520151138306 0.182971090078354 0.183422014117241 0.183872953057289 0.184323891997337 0.184774816036224 0.184679418802261 0.18440192937851 0.184124425053596 0.183846920728683 0.183569431304932 0.183291926980019 0.183014422655106
0.159841150045395 0.160265326499939 0.160689517855644 0.161113694310188 0.161537870764732 0.161962062120438 0.162386238574982 0.163033723831177 0.163755625486374 0.164477527141571 0.165199428796768 0.165921330451965 0.166643232107162 0.16736513376236 0.167989924550056 0.168323338031769 0.168656766414642 0.168990179896355 0.169323608279228 0.169657021760941 0.169990450143814 0.170323863625526 0.171044811606407 0.171894937753677 0.172745063900948 0.173595190048218 0.174445316195488 0.175295442342758 0.176145553588867 0.17698523402214 0.177793547511101 0.178601861000061 0.17941015958786 0.18021847307682 0.181026786565781 0.181835100054741 0.182643413543701 0.182599604129791 0.182271763682365 0.18194392323494 0.181616082787514 0.181288242340088 0.180960401892662 0.180632561445236
0.159816205501556 0.160173609852791 0.160531014204025 0.16088841855526 0.161245808005333 0.161603212356567 0.161960616707802 0.162655010819435 0.163461744785309 0.164268478751183 0.165075212717056 0.16588194668293 0.166688680648804 0.167495414614677 0.168190985918045 0.168553099036217 0.168915212154388 0.16927732527256 0.169639438390732 0.170001536607742 0.170363649725914 0.170725762844086 0.171155676245689 0.171608179807663 0.172060698270798 0.172513201832771 0.172965720295906 0.17341822385788 0.173870742321014 0.17446132004261 0.175466164946556 0.176470994949341 0.177475839853287 0.178480684757233 0.179485514760017 0.180490359663963 0.181495189666748 0.181608751416206 0.181425228714943 0.18124170601368 0.181058168411255 0.180874645709991 0.180691123008728 0.180507600307465
0.160089433193207 0.160364747047424 0.160640060901642 0.160915389657021 0.161190703511238 0.161466017365456 0.161741346120834 0.162578612565994 0.163603186607361 0.164627760648727 0.165652334690094 0.166676908731461 0.167701482772827 0.168726056814194 0.169638141989708 0.170212760567665 0.170787364244461 0.171361982822418 0.171936586499214 0.172511205077171 0.173085808753967 0.173660427331924 0.173802316188812 0.173799961805344 0.173797607421875 0.173795267939568 0.173792913556099 0.17379055917263 0.173788219690323 0.174046576023102 0.175087094306946 0.176127597689629 0.177168115973473 0.178208619356155 0.179249122738838 0.180289641022682 0.181330144405365 0.181706860661507 0.181862309575081 0.182017758488655 0.182173192501068 0.182328641414642 0.182484090328217 0.182639539241791
0.160362645983696 0.160555884242058 0.16074912250042 0.160942360758781 0.161135599017143 0.161328837275505 0.161522075533867 0.162502199411392 0.163744613528252 0.164987042546272 0.166229456663132 0.167471870779991 0.168714284896851 0.169956713914871 0.171085298061371 0.171872407197952 0.172659516334534 0.173446640372276 0.174233749508858 0.175020858645439 0.175807967782021 0.176595076918602 0.176448956131935 0.175991743803024 0.175534531474113 0.175077319145203 0.174620106816292 0.174162894487381 0.173705697059631 0.173631832003593 0.174708008766174 0.175784200429916 0.176860377192497 0.177936553955078 0.17901274561882 0.180088922381401 0.181165114045143 0.181804969906807 0.182299390435219 0.182793810963631 0.183288216590881 0.183782637119293 0.184277057647705 0.184771478176117
0.160635858774185 0.160747021436691 0.160858169198036 0.160969331860542 0.161080494523048 0.161191642284393 0.161302804946899 0.16242578625679 0.163886055350304 0.165346309542656 0.166806578636169 0.168266832828522 0.169727101922035 0.171187356114388 0.172532454133034 0.173532068729401 0.174531683325768 0.175531283020973 0.17653089761734 0.177530512213707 0.178530126810074 0.179529741406441 0.179095581173897 0.178183510899544 0.177271440625191 0.176359370350838 0.175447300076485 0.174535244703293 0.17362317442894 0.173217073082924 0.174328938126564 0.175440788269043 0.176552653312683 0.177664503455162 0.178776353597641 0.179888218641281 0.18100006878376 0.181903079152107 0.182736471295357 0.183569848537445 0.184403240680695 0.185236632823944 0.186070024967194 0.186903417110443
0.160909071564674 0.160938143730164 0.160967230796814 0.160996302962303 0.161025375127792 0.161054462194443 0.161083534359932 0.162349388003349 0.164027482271194 0.165705591440201 0.167383700609207 0.169061794877052 0.170739904046059 0.172418013215065 0.173979610204697 0.175191730260849 0.17640383541584 0.177615940570831 0.178828060626984 0.180040165781975 0.181252285838127 0.182464390993118 0.18174222111702 0.180375292897224 0.179008364677429 0.177641436457634 0.176274508237839 0.174907580018044 0.173540651798248 0.172802329063416 0.173949852585793 0.175097391009331 0.176244914531708 0.177392438054085 0.178539976477623 0.1796875 0.180835023522377 0.182001188397408 0.183173537254333 0.184345901012421 0.185518264770508 0.186690628528595 0.187862992286682 0.189035356044769
0.161182284355164 0.161129280924797 0.161076277494431 0.161023274064064 0.160970270633698 0.160917267203331 0.160864263772964 0.162272974848747 0.164168924093246 0.166064873337746 0.167960822582245 0.169856756925583 0.171752706170082 0.173648655414581 0.17542676627636 0.176851376891136 0.178275987505913 0.179700598120689 0.181125208735466 0.182549819350243 0.18397444486618 0.185399055480957 0.184388861060143 0.182567074894905 0.180745288729668 0.178923487663269 0.177101701498032 0.175279915332794 0.173458129167557 0.172387585043907 0.173570781946182 0.174753978848457 0.175937190651894 0.177120387554169 0.178303584456444 0.179486781358719 0.180669993162155 0.182099282741547 0.183610618114471 0.185121953487396 0.186633288860321 0.188144624233246 0.189655959606171 0.191167294979095
0.161455035209656 0.161412999033928 0.161370977759361 0.161328956484795 0.161286935210228 0.161244913935661 0.161202892661095 0.162914842367172 0.16521143913269 0.167508035898209 0.169804632663727 0.172101244330406 0.174397841095924 0.176694437861443 0.178742840886116 0.180046632885933 0.18135042488575 0.182654216885567 0.183958008885384 0.1852618008852 0.186565592885017 0.187869384884834 0.18660669028759 0.184488490223885 0.182370290160179 0.180252090096474 0.178133890032768 0.176015689969063 0.173897489905357 0.17258608341217 0.173695012927055 0.174803957343102 0.175912886857986 0.177021816372871 0.178130760788918 0.179239690303802 0.180348634719849 0.18180850148201 0.183385342359543 0.184962183237076 0.186539024114609 0.188115879893303 0.189692720770836 0.191269561648369
0.161727294325829 0.161789312958717 0.161851331591606 0.161913350224495 0.161975368857384 0.162037387490273 0.162099406123161 0.164274960756302 0.167155027389526 0.170035094022751 0.172915160655975 0.1757952272892 0.178675293922424 0.181555360555649 0.183927834033966 0.184777483344078 0.18562713265419 0.186476796865463 0.187326446175575 0.188176095485687 0.18902575969696 0.189875409007072 0.188395708799362 0.186139538884163 0.183883383870125 0.181627228856087 0.179371073842049 0.177114918828011 0.174858763813972 0.173397824168205 0.174322560429573 0.175247296690941 0.176172018051147 0.177096754312515 0.178021490573883 0.178946226835251 0.179870963096619 0.181128814816475 0.182497709989548 0.183866605162621 0.185235485434532 0.186604380607605 0.187973275780678 0.189342170953751
0.161999553442001 0.162165611982346 0.16233167052269 0.162497743964195 0.16266380250454 0.162829861044884 0.162995934486389 0.165635094046593 0.169098630547523 0.172562152147293 0.176025688648224 0.179489225149155 0.182952761650085 0.186416283249855 0.189112812280655 0.189508333802223 0.18990384042263 0.190299361944199 0.190694883465767 0.191090390086174 0.191485911607742 0.191881433129311 0.190184712409973 0.187790602445602 0.185396492481232 0.1830023676157 0.180608257651329 0.178214132785797 0.175820022821426 0.17420956492424 0.17495009303093 0.17569063603878 0.17643116414547 0.177171692252159 0.177912220358849 0.178652748465538 0.179393276572227 0.18044912815094 0.181610062718391 0.182771012187004 0.183931946754456 0.185092896223068 0.186253845691681 0.187414780259132
0.162271812558174 0.162541911005974 0.162812024354935 0.163082122802734 0.163352236151695 0.163622334599495 0.163892447948456 0.166995227336884 0.171042218804359 0.175089210271835 0.179136216640472 0.183183208107948 0.187230214476585 0.191277205944061 0.194297805428505 0.194239184260368 0.194180563092232 0.194121941924095 0.194063320755959 0.194004684686661 0.193946063518524 0.193887442350388 0.191973730921745 0.189441666007042 0.186909586191177 0.184377506375313 0.181845441460609 0.179313361644745 0.17678128182888 0.175021305680275 0.175577640533447 0.176133960485458 0.176690295338631 0.177246630191803 0.177802950143814 0.178359284996986 0.178915604948997 0.179769426584244 0.180722430348396 0.181675419211388 0.182628408074379 0.183581411838531 0.184534400701523 0.185487404465675
0.162544071674347 0.162918224930763 0.163292363286018 0.163666516542435 0.164040669798851 0.164414808154106 0.164788961410522 0.168355345726013 0.172985807061195 0.177616283297539 0.182246744632721 0.186877205967903 0.191507667303085 0.196138128638268 0.199482798576355 0.198970034718513 0.198457270860672 0.19794450700283 0.197431743144989 0.196918994188309 0.196406230330467 0.195893466472626 0.193762749433517 0.19109271466732 0.188422679901123 0.185752645134926 0.183082610368729 0.180412590503693 0.177742555737495 0.175833061337471 0.176205188035965 0.176577299833298 0.176949426531792 0.177321553230286 0.17769367992878 0.178065806627274 0.178437933325768 0.179089739918709 0.17983478307724 0.180579826235771 0.181324869394302 0.182069927453995 0.182814970612526 0.183560013771057
0.16281633079052 0.163294523954391 0.163772717118263 0.164250910282135 0.164729103446007 0.165207281708717 0.165685474872589 0.169715479016304 0.174929410219193 0.180143341422081 0.185357272624969 0.190571203827858 0.195785120129585 0.200999051332474 0.204667776823044 0.203700885176659 0.202733978629112 0.201767086982727 0.200800180435181 0.199833288788795 0.198866382241249 0.197899490594864 0.19555176794529 0.19274377822876 0.18993578851223 0.187127783894539 0.184319794178009 0.181511804461479 0.178703814744949 0.176644802093506 0.176832720637321 0.177020639181137 0.177208572626114 0.17739649116993 0.177584409713745 0.177772328257561 0.177960261702538 0.178410053253174 0.178947150707245 0.179484248161316 0.180021330714226 0.180558428168297 0.181095525622368 0.181632623076439
0.163045406341553 0.163596346974373 0.164147287607193 0.164698243141174 0.165249183773994 0.165800124406815 0.166351079940796 0.170456677675247 0.175747185945511 0.181037679314613 0.186328187584877 0.19161868095398 0.196909189224243 0.202199682593346 0.205910578370094 0.204882681369781 0.20385479927063 0.202826902270317 0.201799005270004 0.200771108269691 0.199743211269379 0.198715314269066 0.196290358901024 0.193399697542191 0.190509051084518 0.187618389725685 0.184727743268013 0.18183708190918 0.178946435451508 0.176809817552567 0.176935344934464 0.177060857415199 0.177186384797096 0.177311912178993 0.177437424659729 0.177562952041626 0.177688464522362 0.178144574165344 0.178710877895355 0.179277181625366 0.179843485355377 0.180409789085388 0.18097610771656 0.181542411446571
0.163231283426285 0.163823693990707 0.16441610455513 0.165008515119553 0.165600925683975 0.166193336248398 0.16678574681282 0.170578971505165 0.175439149141312 0.180299311876297 0.185159489512444 0.19001966714859 0.194879829883575 0.199740007519722 0.203211203217506 0.202515453100204 0.201819702982903 0.201123952865601 0.200428202748299 0.199732452630997 0.199036702513695 0.198340952396393 0.195978507399559 0.193060487508774 0.19014248251915 0.187224462628365 0.184306442737579 0.181388422846794 0.178470402956009 0.176328122615814 0.17651304602623 0.176697969436646 0.1768828779459 0.177067801356316 0.177252724766731 0.177437648177147 0.177622556686401 0.17829330265522 0.179125979542732 0.179958656430244 0.180791333317757 0.181624010205269 0.182456687092781 0.183289363980293
0.163417175412178 0.164051041007042 0.164684921503067 0.165318787097931 0.165952667593956 0.16658653318882 0.167220413684845 0.170701265335083 0.175131112337112 0.179560959339142 0.183990806341171 0.18842063844204 0.192850485444069 0.197280332446098 0.200511813163757 0.200148209929466 0.199784606695175 0.199421018362045 0.199057415127754 0.198693811893463 0.198330208659172 0.197966605424881 0.195666670799255 0.192721292376518 0.18977589905262 0.186830520629883 0.183885142207146 0.180939763784409 0.177994385361671 0.175846427679062 0.176090747117996 0.176335066556931 0.176579385995865 0.176823705434799 0.177068024873734 0.177312344312668 0.177556663751602 0.178442031145096 0.179541081190109 0.180640131235123 0.181739181280136 0.18283823132515 0.183937281370163 0.185036331415176
0.16360305249691 0.164278388023376 0.164953723549843 0.16562907397747 0.166304409503937 0.166979745030403 0.16765508055687 0.170823559165001 0.174823075532913 0.178822591900826 0.182822108268738 0.18682162463665 0.190821141004562 0.194820657372475 0.197812438011169 0.197780981659889 0.197749525308609 0.197718068957329 0.197686612606049 0.197655156254768 0.197623699903488 0.197592243552208 0.195354819297791 0.192382082343102 0.189409330487251 0.186436593532562 0.183463841676712 0.180491104722023 0.177518352866173 0.17536473274231 0.175668448209763 0.175972163677216 0.176275879144669 0.176579594612122 0.176883324980736 0.177187040448189 0.177490755915642 0.17859074473381 0.179956167936325 0.18132159113884 0.182687014341354 0.184052437543869 0.185417860746384 0.186783283948898
