data/working_set_collections/6091692-Cassins_Sparrow-M2/1980/prmc_avg.asc
NCOLS 265 
NROWS 230 
XLLCORNER -115.5625 
YLLCORNER 24.8333333333333 
CELLSIZE 0.0833333333333333 
NODATA_value -9999 
[rows 60 to 79 of 230, columns 176 to 219 of 265]
0.177062124013901 0.177287608385086 0.177513092756271 0.177759066224098 0.178066447377205 0.178373843431473 0.178681239485741 0.178988620638847 0.179296016693115 0.179603412747383 0.17991079390049 0.180563360452652 0.181330978870392 0.182098612189293 0.182866230607033 0.183633849024773 0.184401482343674 0.185169100761414 0.186013877391815 0.187090083956718 0.188166290521622 0.189242497086525 0.190318703651428 0.191394910216331 0.192471116781235 0.193547323346138 0.193389281630516 0.192819818854332 0.192250370979309 0.191680908203125 0.191111445426941 0.190541982650757 0.189972519874573 0.189740285277367 0.190519660711288 0.191299051046371 0.192078441381454 0.192857831716537 0.193637207150459 0.194416597485542 0.195195987820625 0.196393102407455 0.197729483246803 0.19906584918499
0.176354438066483 0.176641151309013 0.176927864551544 0.177232563495636 0.17759120464325 0.177949845790863 0.178308486938477 0.17866712808609 0.179025769233704 0.179384410381317 0.179743051528931 0.180506363511086 0.181404560804367 0.182302758097649 0.18320095539093 0.184099167585373 0.184997364878654 0.185895562171936 0.186935260891914 0.188399478793144 0.189863696694374 0.191327914595604 0.192792132496834 0.194256350398064 0.195720568299294 0.197184786200523 0.196783810853958 0.195761114358902 0.194738402962685 0.193715691566467 0.192692995071411 0.191670283675194 0.190647572278976 0.190051898360252 0.190737277269363 0.191422656178474 0.192108035087585 0.192793399095535 0.193478778004646 0.194164156913757 0.194849535822868 0.196064442396164 0.197455838322639 0.198847249150276
0.175646752119064 0.175994694232941 0.176342621445656 0.176706045866013 0.177115947008133 0.177525833249092 0.177935734391212 0.178345620632172 0.178755521774292 0.179165408015251 0.179575309157372 0.180449366569519 0.181478142738342 0.182506918907166 0.183535695075989 0.184564471244812 0.185593247413635 0.186622023582458 0.187856659293175 0.189708888530731 0.191561117768288 0.193413347005844 0.195265576243401 0.197117790579796 0.198970019817352 0.200822249054909 0.2001783400774 0.198702394962311 0.19722643494606 0.195750489830971 0.19427452981472 0.192798584699631 0.19132262468338 0.190363511443138 0.190954878926277 0.191546246409416 0.192137613892555 0.192728981375694 0.193320363759995 0.193911731243134 0.194503098726273 0.195735767483711 0.197182208299637 0.198628649115562
0.174939051270485 0.175348222255707 0.175757393240929 0.17617954313755 0.176640689373016 0.177101835608482 0.177562981843948 0.178024128079414 0.17848527431488 0.178946420550346 0.179407566785812 0.180392354726791 0.181551709771156 0.182711064815521 0.183870419859886 0.185029774904251 0.186189115047455 0.18734847009182 0.188778042793274 0.191018283367157 0.19325852394104 0.195498764514923 0.197739005088806 0.199979245662689 0.202219486236572 0.204459711909294 0.203572884202003 0.20164367556572 0.199714481830597 0.197785288095474 0.19585607945919 0.193926885724068 0.191997677087784 0.190675124526024 0.191172480583191 0.191669851541519 0.192167207598686 0.192664563655853 0.193161934614182 0.193659290671349 0.194156646728516 0.195407092571259 0.196908578276634 0.198410049080849
0.174231365323067 0.174701765179634 0.17517215013504 0.175653040409088 0.1761654317379 0.176677837967873 0.177190229296684 0.177702620625496 0.178215026855469 0.17872741818428 0.179239809513092 0.180335357785225 0.181625291705132 0.182915210723877 0.184205144643784 0.18549507856369 0.186784997582436 0.188074931502342 0.189699441194534 0.192327693104744 0.194955945014954 0.197584182024002 0.200212433934212 0.202840685844421 0.205468937754631 0.208097189664841 0.206967413425446 0.20458497107029 0.202202513813972 0.199820071458817 0.197437629103661 0.195055186748505 0.192672729492188 0.19098673760891 0.191390097141266 0.191793441772461 0.192196801304817 0.192600145936012 0.193003505468369 0.193406850099564 0.19381020963192 0.195078432559967 0.19663493335247 0.198191449046135
0.173523679375648 0.1740552932024 0.174586907029152 0.175126537680626 0.175690189003944 0.176253825426102 0.17681747674942 0.177381128072739 0.177944779396057 0.178508415818214 0.179072067141533 0.180278360843658 0.181698858737946 0.183119371533394 0.184539869427681 0.185960382223129 0.187380880117416 0.188801392912865 0.190620839595795 0.19363708794117 0.196653351187706 0.199669614434242 0.202685862779617 0.205702126026154 0.20871838927269 0.211734652519226 0.210361942648888 0.207526251673698 0.204690560698509 0.20185486972332 0.199019178748131 0.196183487772942 0.193347781896591 0.191298350691795 0.19160769879818 0.191917046904564 0.192226380109787 0.192535728216171 0.192845076322556 0.19315442442894 0.193463757634163 0.194749757647514 0.196361303329468 0.197972849011421
0.169300451874733 0.169887438416481 0.170474424958229 0.171152278780937 0.172102734446526 0.173053175210953 0.17400361597538 0.174954056739807 0.175904497504234 0.176854938268661 0.17780539393425 0.179402157664299 0.181214362382889 0.183026567101479 0.184838771820068 0.186650976538658 0.188463181257248 0.190275385975838 0.192458346486092 0.195753589272499 0.199048832058907 0.202344059944153 0.20563930273056 0.208934545516968 0.212229773402214 0.215525016188622 0.214137494564056 0.211189061403275 0.208240628242493 0.205292195081711 0.202343761920929 0.199395328760147 0.196446895599365 0.194292798638344 0.194521680474281 0.194750562310219 0.194979444146156 0.195208325982094 0.195437207818031 0.195666089653969 0.195894971489906 0.196903735399246 0.198172464966774 0.199441194534302
0.16156168282032 0.162198200821877 0.162834703922272 0.163730293512344 0.165403068065643 0.167075857520103 0.168748632073402 0.170421421527863 0.172094196081161 0.173766985535622 0.175439760088921 0.177706733345985 0.180171772837639 0.182636797428131 0.185101822018623 0.187566861510277 0.190031886100769 0.192496925592422 0.195211991667747 0.198677182197571 0.202142357826233 0.205607548356056 0.209072723984718 0.212537914514542 0.216003105044365 0.219468280673027 0.218294084072113 0.215573415160179 0.212852746248245 0.210132077336311 0.207411408424377 0.204690739512444 0.20197007060051 0.199970066547394 0.20013202726841 0.200294002890587 0.200455963611603 0.200617924332619 0.200779899954796 0.200941860675812 0.201103836297989 0.201540365815163 0.202068418264389 0.202596485614777
0.153822928667068 0.154508963227272 0.155194982886314 0.15630829334259 0.158703416585922 0.161098539829254 0.163493663072586 0.165888771414757 0.168283894658089 0.170679017901421 0.173074141144753 0.176011323928833 0.179129168391228 0.182247027754784 0.18536488711834 0.188482746481895 0.191600605845451 0.194718465209007 0.197965636849403 0.201600775122643 0.20523589849472 0.208871021866798 0.212506160140038 0.216141283512115 0.219776421785355 0.223411545157433 0.222450658679008 0.219957754015923 0.217464849352837 0.214971944689751 0.212479054927826 0.20998615026474 0.207493245601654 0.205647334456444 0.205742388963699 0.205837428569794 0.205932483077049 0.206027537584305 0.20612259209156 0.206217646598816 0.20631268620491 0.206176996231079 0.205964386463165 0.20575176179409
0.146084159612656 0.146819710731506 0.147555261850357 0.148886293172836 0.15200375020504 0.155121222138405 0.158238679170609 0.161356136202812 0.164473593235016 0.167591065168381 0.170708522200584 0.174315899610519 0.178086578845978 0.181857272982597 0.185627952218056 0.189398631453514 0.193169310688972 0.196940004825592 0.200719282031059 0.204524353146553 0.208329439163208 0.212134510278702 0.215939581394196 0.219744667410851 0.223549738526344 0.227354824542999 0.226607233285904 0.224342092871666 0.222076967358589 0.219811826944351 0.217546686530113 0.215281561017036 0.213016420602798 0.211324602365494 0.211352735757828 0.211380869150162 0.211409002542496 0.21143713593483 0.211465284228325 0.211493417620659 0.211521551012993 0.210813626646996 0.20986033976078 0.208907052874565
0.138345405459404 0.139130473136902 0.1399155408144 0.141464293003082 0.145304098725319 0.149143889546394 0.152983695268631 0.156823500990868 0.160663291811943 0.16450309753418 0.168342903256416 0.172620475292206 0.177043989300728 0.18146750330925 0.185891002416611 0.190314516425133 0.194738030433655 0.199161529541016 0.203472927212715 0.207447946071625 0.211422964930534 0.215397998690605 0.219373017549515 0.223348036408424 0.227323070168495 0.231298089027405 0.230763822793961 0.228726446628571 0.226689070463181 0.224651709198952 0.222614333033562 0.220576956868172 0.218539595603943 0.217001870274544 0.216963082551956 0.21692430973053 0.216885522007942 0.216846749186516 0.216807976365089 0.216769188642502 0.216730415821075 0.215450257062912 0.213756293058395 0.21206234395504
0.130606636404991 0.131441235542297 0.132275819778442 0.134042292833328 0.138604432344437 0.143166571855545 0.147728711366653 0.152290865778923 0.156853005290031 0.16141514480114 0.165977284312248 0.170925065875053 0.176001399755478 0.181077733635902 0.186154067516327 0.191230401396751 0.196306735277176 0.2013830691576 0.206226572394371 0.210371538996696 0.214516505599022 0.218661472201347 0.222806453704834 0.226951420307159 0.231096386909485 0.23524135351181 0.234920397400856 0.233110785484314 0.231301188468933 0.229491576552391 0.22768197953701 0.225872367620468 0.224062770605087 0.222679138183594 0.222573444247246 0.222467750310898 0.22236205637455 0.222256362438202 0.222150653600693 0.222044959664345 0.221939265727997 0.220086872577667 0.217652261257172 0.215217635035515
0.129184201359749 0.13003858923912 0.130892977118492 0.132707729935646 0.137403547763824 0.142099380493164 0.146795198321342 0.151491016149521 0.15618684887886 0.160882666707039 0.165578484535217 0.170607686042786 0.175747990608215 0.180888310074806 0.186028629541397 0.191168934106827 0.196309253573418 0.201449573040009 0.206320151686668 0.210381537675858 0.214442923665047 0.218504309654236 0.222565695643425 0.226627081632614 0.230688467621803 0.234749853610992 0.234554305672646 0.232939764857292 0.231325224041939 0.229710683226585 0.228096142411232 0.226481601595879 0.224867060780525 0.223664581775665 0.223698258399963 0.223731935024261 0.22376561164856 0.223799288272858 0.223832964897156 0.223866641521454 0.223900318145752 0.221922114491463 0.219273269176483 0.216624438762665
0.134078070521355 0.134922549128532 0.13576702773571 0.137460589408875 0.141701430082321 0.145942285656929 0.150183126330376 0.154423981904984 0.15866482257843 0.162905678153038 0.167146518826485 0.171668320894241 0.176283776760101 0.1808992177248 0.18551467359066 0.19013012945652 0.194745570421219 0.199361026287079 0.203753679990768 0.207477957010269 0.21120223402977 0.214926496148109 0.21865077316761 0.222375050187111 0.226099327206612 0.229823589324951 0.229665532708168 0.228213354945183 0.226761192083359 0.225309014320374 0.223856836557388 0.222404673695564 0.220952495932579 0.219958201050758 0.22033753991127 0.220716878771782 0.221096217632294 0.221475556492805 0.221854880452156 0.222234219312668 0.22261355817318 0.220955953001976 0.218619346618652 0.21628275513649
0.138971954584122 0.139806509017944 0.140641063451767 0.142213448882103 0.145999327301979 0.149785190820694 0.15357106924057 0.157356947660446 0.161142811179161 0.164928689599037 0.168714568018913 0.172728970646858 0.176819548010826 0.180910140275955 0.185000732541084 0.189091309905052 0.193181902170181 0.197272479534149 0.201187208294868 0.204574376344681 0.207961529493332 0.211348697543144 0.214735850691795 0.218123003840446 0.221510171890259 0.22489732503891 0.22477675974369 0.223486959934235 0.222197145223618 0.220907345414162 0.219617545604706 0.218327730894089 0.217037931084633 0.216251820325851 0.216976821422577 0.217701822519302 0.218426808714867 0.219151809811592 0.219876810908318 0.220601812005043 0.221326798200607 0.219989791512489 0.217965438961983 0.215941071510315
0.143865823745728 0.144690468907356 0.145515099167824 0.146966308355331 0.150297209620476 0.15362811088562 0.156958997249603 0.160289898514748 0.163620799779892 0.166951701045036 0.170282602310181 0.173789620399475 0.177355334162712 0.18092106282711 0.184486776590347 0.188052490353584 0.191618219017982 0.195183932781219 0.198620736598969 0.201670780777931 0.204720839858055 0.207770884037018 0.210820928215981 0.213870972394943 0.216921016573906 0.219971060752869 0.219888001680374 0.218760550022125 0.217633113265038 0.21650567650795 0.215378239750862 0.214250802993774 0.213123351335526 0.212545439600945 0.213616102933884 0.214686751365662 0.215757414698601 0.21682807803154 0.217898726463318 0.218969389796257 0.220040053129196 0.219023630023003 0.217311516404152 0.215599402785301
0.148759707808495 0.149574428796768 0.150389149785042 0.15171916782856 0.154595091938972 0.157471016049385 0.160346940159798 0.16322286427021 0.166098788380623 0.168974712491035 0.171850636601448 0.174850255250931 0.177891120314598 0.180931970477104 0.18397282063961 0.187013685703278 0.190054535865784 0.19309538602829 0.196054264903069 0.198767200112343 0.201480135321617 0.204193070530891 0.206906005740166 0.20961894094944 0.212331861257553 0.215044796466827 0.214999228715897 0.214034155011177 0.213069081306458 0.212104007601738 0.211138933897018 0.210173860192299 0.209208786487579 0.208839058876038 0.21025538444519 0.211671695113182 0.213088020682335 0.214504331350327 0.215920656919479 0.217336967587471 0.218753293156624 0.218057468533516 0.216657593846321 0.215257719159126
0.153653591871262 0.15445838868618 0.155263185501099 0.156472027301788 0.158892974257469 0.16131392121315 0.163734868168831 0.166155830025673 0.168576776981354 0.170997723937035 0.173418670892715 0.175910905003548 0.178426891565323 0.180942893028259 0.183458879590034 0.18597486615181 0.188490852713585 0.191006854176521 0.193487793207169 0.195863619446754 0.198239430785179 0.200615257024765 0.202991083264351 0.205366894602776 0.207742720842361 0.210118532180786 0.210110455751419 0.209307760000229 0.208505049347878 0.207702338695526 0.206899628043175 0.206096917390823 0.205294221639633 0.205132678151131 0.206894665956497 0.208656638860703 0.210418611764908 0.212180599570274 0.21394257247448 0.215704545378685 0.217466533184052 0.217091307044029 0.21600367128849 0.214916035532951
0.157065883278847 0.157854676246643 0.158643484115601 0.159762099385262 0.161870181560516 0.163978278636932 0.166086360812187 0.168194457888603 0.170302540063858 0.172410637140274 0.174518719315529 0.176667436957359 0.178829699754715 0.180991947650909 0.183154210448265 0.18531645834446 0.187478721141815 0.18964096903801 0.191783860325813 0.193868696689606 0.195953518152237 0.198038354516029 0.200123175978661 0.202208012342453 0.204292833805084 0.206377670168877 0.206404894590378 0.20574626326561 0.20508761703968 0.204428970813751 0.203770339488983 0.203111693263054 0.202453061938286 0.202434659004211 0.204337000846863 0.206239342689514 0.208141684532166 0.210044011473656 0.211946353316307 0.213848695158958 0.215751022100449 0.215585201978683 0.214729979634285 0.213874757289886
0.158996596932411 0.159763306379318 0.160530015826225 0.16158938407898 0.163526728749275 0.165464073419571 0.167401418089867 0.169338762760162 0.171276107430458 0.173213452100754 0.17515079677105 0.177119866013527 0.179099515080452 0.181079164147377 0.183058813214302 0.185038462281227 0.187018111348152 0.188997760415077 0.190942481160164 0.192782431840897 0.194622397422791 0.196462363004684 0.198302313685417 0.200142279267311 0.201982229948044 0.203822195529938 0.203882530331612 0.20334966480732 0.202816799283028 0.202283918857574 0.201751053333282 0.20121818780899 0.200685322284698 0.200745016336441 0.202582404017448 0.204419806599617 0.206257194280624 0.208094596862793 0.2099319845438 0.211769387125969 0.213606774806976 0.213539153337479 0.212836503982544 0.212133854627609
