data/working_set_collections/6091692-Cassins_Sparrow-M2/1980/prmc_avg.asc
NCOLS 265 
NROWS 230 
XLLCORNER -115.5625 
YLLCORNER 24.8333333333333 
CELLSIZE 0.0833333333333333 
NODATA_value -9999 
[rows 160 to 179 of 230, columns 88 to 131 of 265]
0.179916679859161 0.179865196347237 0.180068507790565 0.180271834135056 0.180475145578384 0.180678457021713 0.180881768465042 0.181085079908371 0.1812883913517 0.179377868771553 0.176762729883194 0.174147590994835 0.171532452106476 0.168917313218117 0.166302159428596 0.163687020540237 0.161052286624908 0.15835876762867 0.155665248632431 0.152971729636192 0.150278210639954 0.147584691643715 0.144891172647476 0.142197653651237 0.144515678286552 0.148504197597504 0.152492731809616 0.156481266021729 0.16046978533268 0.164458319544792 0.168446838855743 0.172804653644562 0.178270310163498 0.183735951781273 0.189201608300209 0.194667264819145 0.20013290643692 0.205598562955856 0.211064219474792 0.211511433124542 0.210285842418671 0.209060251712799 0.207834661006927 0.206609070301056
0.181662783026695 0.18146288394928 0.180984407663345 0.180505931377411 0.180027440190315 0.179548963904381 0.179070472717285 0.178591996431351 0.178113505244255 0.176540076732635 0.174601659178734 0.172663256525993 0.170724838972092 0.16878642141819 0.166848003864288 0.164909601211548 0.162830546498299 0.160329610109329 0.157828658819199 0.155327722430229 0.152826771140099 0.150325834751129 0.147824883460999 0.145323947072029 0.147395983338356 0.150992348790169 0.15458869934082 0.158185064792633 0.161781430244446 0.165377795696259 0.168974161148071 0.173129484057426 0.178961679339409 0.184793874621391 0.190626084804535 0.196458280086517 0.2022904753685 0.208122685551643 0.213954880833626 0.214393272995949 0.213033720850945 0.21167416870594 0.210314601659775 0.20895504951477
0.183851301670074 0.183629855513573 0.182778462767601 0.181927070021629 0.181075677275658 0.180224269628525 0.179372876882553 0.178521484136581 0.17767009139061 0.176239743828773 0.174616411328316 0.172993063926697 0.171369731426239 0.169746398925781 0.168123066425323 0.166499719023705 0.164726838469505 0.162505313754082 0.160283789038658 0.158062279224396 0.155840754508972 0.153619229793549 0.151397705078125 0.149176180362701 0.150929018855095 0.154006630182266 0.157084241509438 0.160161852836609 0.16323946416378 0.166317075490952 0.169394686818123 0.173166245222092 0.179019629955292 0.184872999787331 0.190726384520531 0.196579769253731 0.20243313908577 0.20828652381897 0.21413990855217 0.214725539088249 0.213555261492729 0.212384983897209 0.211214691400528 0.210044413805008
0.186482220888138 0.186366081237793 0.185450658202171 0.184535250067711 0.183619827032089 0.182704403996468 0.181788995862007 0.180873572826385 0.179958149790764 0.178476870059967 0.176806956529617 0.175137042999268 0.173467144370079 0.171797230839729 0.17012731730938 0.16845740377903 0.166741162538528 0.16488590836525 0.163030654191971 0.161175400018692 0.159320145845413 0.157464891672134 0.155609637498856 0.153754383325577 0.155114769935608 0.157547056674957 0.159979328513145 0.162411615252495 0.164843887090683 0.167276173830032 0.169708445668221 0.172914952039719 0.178444147109985 0.183973327279091 0.189502522349358 0.195031702518463 0.20056089758873 0.206090077757835 0.211619272828102 0.212508246302605 0.211850479245186 0.211192697286606 0.210534930229187 0.209877163171768
0.189113140106201 0.189102306962013 0.188122868537903 0.187143415212631 0.186163976788521 0.18518453836441 0.1842050999403 0.183225646615028 0.182246208190918 0.180713981389999 0.178997501730919 0.177281022071838 0.175564542412758 0.173848062753677 0.172131583094597 0.170415088534355 0.168755486607552 0.167266502976418 0.165777504444122 0.164288520812988 0.162799537181854 0.161310538649559 0.159821555018425 0.158332571387291 0.159300535917282 0.161087483167648 0.162874430418015 0.164661377668381 0.166448324918747 0.168235257267952 0.170022204518318 0.172663673758507 0.177868664264679 0.183073654770851 0.188278660178185 0.193483650684357 0.198688641190529 0.203893646597862 0.209098637104034 0.210290938615799 0.210145682096481 0.210000425577164 0.209855169057846 0.209709912538528
0.191744059324265 0.191838532686234 0.190795063972473 0.189751595258713 0.188708126544952 0.187664672732353 0.186621204018593 0.185577735304832 0.184534266591072 0.182951107621193 0.18118804693222 0.179425001144409 0.177661940455437 0.175898894667625 0.174135833978653 0.17237277328968 0.170769810676575 0.169647082686424 0.168524369597435 0.167401641607285 0.166278928518295 0.165156200528145 0.164033487439156 0.162910759449005 0.163486286997795 0.164627909660339 0.165769517421722 0.166911125183105 0.16805274784565 0.169194355607033 0.170335963368416 0.172412380576134 0.177293181419373 0.182173982262611 0.187054798007011 0.19193559885025 0.196816399693489 0.201697200536728 0.206578001379967 0.208073645830154 0.208440899848938 0.208808153867722 0.209175407886505 0.209542661905289
0.194374993443489 0.194574758410454 0.193467274308205 0.192359775304794 0.191252291202545 0.190144792199135 0.189037308096886 0.187929809093475 0.186822324991226 0.185188233852386 0.183378607034683 0.18156898021698 0.179759353399277 0.177949726581573 0.17614009976387 0.174330472946167 0.172784134745598 0.172027677297592 0.171271219849586 0.170514777302742 0.169758319854736 0.169001862406731 0.168245404958725 0.16748896241188 0.167672052979469 0.16816833615303 0.168664619326591 0.169160887598991 0.169657170772552 0.170153453946114 0.170649722218513 0.172161087393761 0.176717698574066 0.181274309754372 0.185830920934677 0.190387532114983 0.194944143295288 0.199500754475594 0.204057365655899 0.20585635304451 0.206736117601395 0.207615882158279 0.208495646715164 0.209375411272049
0.197005912661552 0.197310999035835 0.196139469742775 0.194967955350876 0.193796440958977 0.192624926567078 0.191453412175179 0.190281897783279 0.189110368490219 0.187425345182419 0.185569152235985 0.18371294438839 0.181856751441956 0.18000054359436 0.178144350647926 0.176288157701492 0.174798458814621 0.17440827190876 0.174018085002899 0.173627898097038 0.173237711191177 0.172847524285316 0.172457337379456 0.172067150473595 0.171857818961143 0.171708762645721 0.171559706330299 0.171410650014877 0.171261593699455 0.171112537384033 0.170963481068611 0.171909809112549 0.17614221572876 0.180374637246132 0.184607058763504 0.188839480280876 0.193071901798248 0.19730432331562 0.201536744832993 0.203639045357704 0.20503132045269 0.206423610448837 0.207815885543823 0.209208160638809
0.198840469121933 0.199367731809616 0.198273077607155 0.197178438305855 0.196083784103394 0.194989129900932 0.193894490599632 0.192799836397171 0.191705197095871 0.189967051148415 0.188014417886734 0.186061784625053 0.184109151363373 0.182156518101692 0.18020386993885 0.17825123667717 0.1767897605896 0.176801756024361 0.176813751459122 0.176825731992722 0.176837727427483 0.176849722862244 0.176861703395844 0.176873698830605 0.176270440220833 0.175462111830711 0.174653768539429 0.173845425248146 0.173037096858025 0.172228753566742 0.17142042517662 0.171763747930527 0.175562053918839 0.17936035990715 0.183158680796623 0.186956986784935 0.190755292773247 0.19455361366272 0.198351919651031 0.200654789805412 0.202459201216698 0.204263597726822 0.206068009138107 0.207872405648232
0.199878662824631 0.200744971632957 0.199868083000183 0.19899120926857 0.198114320635796 0.197237432003021 0.196360543370247 0.195483654737473 0.194606766104698 0.192813351750374 0.190714418888092 0.188615471124649 0.186516538262367 0.184417605400085 0.182318672537804 0.180219739675522 0.178758054971695 0.179208129644394 0.179658219218254 0.180108293890953 0.180558368563652 0.181008443236351 0.18145851790905 0.18190860748291 0.18090994656086 0.179428368806839 0.17794680595398 0.176465228199959 0.174983665347099 0.173502087593079 0.172020524740219 0.171722918748856 0.174977198243141 0.178231477737427 0.181485772132874 0.184740051627159 0.187994331121445 0.191248625516891 0.194502905011177 0.196903586387634 0.199019730091095 0.201135873794556 0.203252017498016 0.205368161201477
0.20091687142849 0.20212222635746 0.201463103294373 0.200803965330124 0.200144842267036 0.199485719203949 0.198826596140862 0.198167473077774 0.197508350014687 0.195659637451172 0.193414404988289 0.191169172525406 0.188923940062523 0.18667870759964 0.184433460235596 0.182188227772713 0.18072634935379 0.181614518165588 0.182502672076225 0.183390840888023 0.184279009699821 0.18516717851162 0.186055347323418 0.186943501234055 0.185549437999725 0.183394640684128 0.18123984336853 0.179085031151772 0.176930233836174 0.174775421619415 0.172620624303818 0.171682089567184 0.174392342567444 0.177102595567703 0.179812863469124 0.182523116469383 0.185233369469643 0.187943637371063 0.190653890371323 0.193152368068695 0.195580258965492 0.198008134961128 0.200436025857925 0.202863901853561
0.201955065131187 0.203499466180801 0.203058108687401 0.202616736292839 0.202175378799438 0.201734021306038 0.201292648911476 0.200851291418076 0.200409919023514 0.198505938053131 0.196114405989647 0.193722859025002 0.191331326961517 0.188939794898033 0.186548262834549 0.184156730771065 0.182694643735886 0.184020891785622 0.185347139835358 0.186673402786255 0.187999650835991 0.189325898885727 0.190652161836624 0.19197840988636 0.190188944339752 0.187360912561417 0.18453286588192 0.181704834103584 0.178876802325249 0.176048755645752 0.173220723867416 0.171641245484352 0.173807486891747 0.17597371339798 0.178139954805374 0.180306181311607 0.182472407817841 0.184638649225235 0.186804875731468 0.189401149749756 0.192140772938728 0.194880411028862 0.197620034217834 0.200359657406807
0.202993258833885 0.204876720905304 0.204653114080429 0.204429507255554 0.20420591533184 0.203982308506966 0.203758701682091 0.203535109758377 0.203311502933502 0.201352223753929 0.198814392089844 0.196276560425758 0.193738728761673 0.191200897097588 0.188663050532341 0.186125218868256 0.184662938117981 0.186427280306816 0.18819160759449 0.189955949783325 0.19172029197216 0.193484634160995 0.195248976349831 0.197013318538666 0.194828450679779 0.191327169537544 0.187825903296471 0.184324637055397 0.180823355913162 0.177322089672089 0.173820823431015 0.171600416302681 0.173222631216049 0.174844831228256 0.176467046141624 0.178089246153831 0.179711446166039 0.181333661079407 0.182955861091614 0.185649946331978 0.188701301813126 0.191752672195435 0.194804042577744 0.197855412960052
0.204031467437744 0.206253960728645 0.206248119473457 0.206242278218269 0.206236436963081 0.206230595707893 0.206224754452705 0.206218913197517 0.206213071942329 0.204198524355888 0.201514393091202 0.198830246925354 0.196146115660667 0.193461984395981 0.190777853131294 0.188093721866608 0.186631232500076 0.188833653926849 0.191036075353622 0.193238511681557 0.19544093310833 0.197643354535103 0.199845790863037 0.20204821228981 0.199467942118645 0.195293441414833 0.191118940711021 0.18694444000721 0.182769924402237 0.178595423698425 0.174420922994614 0.17155958712101 0.172637775540352 0.173715949058533 0.174794137477875 0.175872310996056 0.176950484514236 0.178028672933578 0.179106846451759 0.181898728013039 0.185261830687523 0.188624948263168 0.191988050937653 0.195351153612137
0.204124227166176 0.206469520926476 0.206704765558243 0.206939995288849 0.207175239920616 0.207410484552383 0.20764571428299 0.207880958914757 0.208116203546524 0.206188261508942 0.20353926718235 0.200890272855759 0.198241278529167 0.195592284202576 0.192943274974823 0.190294280648232 0.188943594694138 0.191487848758698 0.194032087922096 0.196576327085495 0.199120581150055 0.201664820313454 0.204209059476852 0.206753313541412 0.203971013426781 0.19941321015358 0.194855406880379 0.190297603607178 0.185739800333977 0.181181997060776 0.176624193787575 0.173315688967705 0.173755094408989 0.174194499850273 0.174633920192719 0.175073325634003 0.175512731075287 0.175952136516571 0.176391556859016 0.179112359881401 0.182593628764153 0.186074912548065 0.189556181430817 0.193037465214729
0.203271552920341 0.205523401498795 0.206023037433624 0.206522673368454 0.207022309303284 0.207521960139275 0.208021596074104 0.208521232008934 0.209020867943764 0.207321465015411 0.20488902926445 0.20245660841465 0.20002418756485 0.19759176671505 0.19515934586525 0.19272692501545 0.191600054502487 0.194389835000038 0.19717963039875 0.199969425797462 0.202759221196175 0.205549016594887 0.208338797092438 0.21112859249115 0.208337664604187 0.203686490654945 0.199035316705704 0.194384142756462 0.18973296880722 0.185081794857979 0.180430620908737 0.176868721842766 0.176574602723122 0.176280498504639 0.175986394286156 0.175692290067673 0.17539818584919 0.175104066729546 0.174809962511063 0.177290841937065 0.180696710944176 0.184102579951286 0.187508448958397 0.190914317965508
0.202418878674507 0.204577282071114 0.205341309309006 0.206105351448059 0.206869393587112 0.207633420825005 0.208397462964058 0.20916149020195 0.209925532341003 0.20845465362072 0.206238806247711 0.204022958874702 0.201807111501694 0.199591249227524 0.197375401854515 0.195159554481506 0.194256499409676 0.19729183614254 0.200327187776566 0.20336252450943 0.206397861242294 0.209433197975159 0.212468534708023 0.215503871440887 0.212704300880432 0.207959771156311 0.203215226531029 0.198470681905746 0.193726137280464 0.188981592655182 0.184237062931061 0.180421739816666 0.179394125938416 0.178366497159004 0.177338868379593 0.176311254501343 0.175283625721931 0.17425599694252 0.17322838306427 0.175469323992729 0.178799793124199 0.182130247354507 0.185460716485977 0.188791185617447
0.201566219329834 0.203631162643433 0.204659596085548 0.205688029527664 0.20671646296978 0.207744896411896 0.208773329854012 0.209801763296127 0.210830196738243 0.20958785712719 0.207588568329811 0.205589294433594 0.203590020537376 0.201590746641159 0.199591472744942 0.197592183947563 0.196912959218025 0.200193837285042 0.20347473025322 0.206755608320236 0.210036501288414 0.213317394256592 0.216598272323608 0.219879165291786 0.217070952057838 0.212233036756516 0.207395136356354 0.202557221055031 0.197719305753708 0.192881405353546 0.188043490052223 0.183974772691727 0.182213634252548 0.18045249581337 0.178691357374191 0.176930204033852 0.175169065594673 0.173407927155495 0.171646788716316 0.173647806048393 0.176902860403061 0.180157914757729 0.183412984013557 0.186668038368225
0.200713545084 0.202685043215752 0.20397786796093 0.205270707607269 0.206563532352448 0.207856371998787 0.209149196743965 0.210442036390305 0.211734861135483 0.210721045732498 0.208938345313072 0.207155644893646 0.205372929573059 0.203590229153633 0.201807528734207 0.200024828314781 0.199569404125214 0.203095838427544 0.206622272729874 0.210148707032204 0.213675141334534 0.217201575636864 0.220728009939194 0.224254444241524 0.221437603235245 0.216506317257881 0.211575046181679 0.206643760204315 0.201712474226952 0.196781203150749 0.191849917173386 0.187527805566788 0.185033142566681 0.182538479566574 0.180043831467628 0.177549168467522 0.175054520368576 0.172559857368469 0.170065209269524 0.171826288104057 0.175005942583084 0.178185597062111 0.181365251541138 0.184544906020164
0.199860870838165 0.20173890888691 0.203296139836311 0.204853370785713 0.206410601735115 0.207967832684517 0.209525063633919 0.211082294583321 0.212639525532722 0.211854249238968 0.210288107395172 0.208721980452538 0.207155853509903 0.205589726567268 0.204023584723473 0.202457457780838 0.202225849032402 0.205997839570045 0.209769815206528 0.213541805744171 0.217313781380653 0.221085771918297 0.224857747554779 0.228629738092422 0.22580423951149 0.220779597759247 0.215754941105843 0.2107302993536 0.205705657601357 0.200681000947952 0.195656359195709 0.191080823540688 0.187852650880814 0.18462447822094 0.181396305561066 0.178168132901192 0.174939960241318 0.171711787581444 0.16848361492157 0.17000475525856 0.173109009861946 0.176213264465332 0.179317519068718 0.182421758770943
