data/working_set_collections/6091692-Cassins_Sparrow-M2/1980/prmc_avg.asc
NCOLS 265 
NROWS 230 
XLLCORNER -115.5625 
YLLCORNER 24.8333333333333 
CELLSIZE 0.0833333333333333 
NODATA_value -9999 
[rows 180 to 199 of 230, columns 44 to 87 of 265]
0.206783547997475 0.202025189995766 0.197266831994057 0.192508473992348 0.187750101089478 0.182991743087769 0.17823338508606 0.173475027084351 0.172362297773361 0.17246475815773 0.17256723344326 0.17266970872879 0.17277218401432 0.17287465929985 0.172977134585381 0.173131868243217 0.173443377017975 0.173754900693893 0.174066409468651 0.174377933144569 0.174689456820488 0.175000965595245 0.175312489271164 0.175668329000473 0.176038935780525 0.176409557461739 0.176780164241791 0.177150771021843 0.177521392703056 0.177891999483109 0.178520664572716 0.179923459887505 0.181326270103455 0.182729065418243 0.184131860733032 0.185534656047821 0.186937466263771 0.18834026157856 0.190054446458817 0.191872417926788 0.19369038939476 0.195508375763893 0.197326347231865 0.199144318699837
0.2080397605896 0.203227207064629 0.198414653539658 0.193602114915848 0.188789561390877 0.183977007865906 0.179164469242096 0.174351915717125 0.173877224326134 0.174848482012749 0.175819724798203 0.176790982484818 0.177762240171432 0.178733497858047 0.179704755544662 0.18029111623764 0.179722830653191 0.179154545068741 0.178586259484291 0.178017973899841 0.177449688315392 0.176881402730942 0.176313117146492 0.176512807607651 0.17696850001812 0.17742420732975 0.177879899740219 0.178335592150688 0.178791299462318 0.179246991872787 0.180021300911903 0.181751474738121 0.1834816634655 0.185211837291718 0.186942011117935 0.188672184944153 0.19040235877037 0.192132532596588 0.193837612867355 0.195534318685532 0.197231009602547 0.198927715420723 0.200624421238899 0.202321112155914
0.209295958280563 0.204429224133492 0.19956248998642 0.194695755839348 0.189829021692276 0.184962287545204 0.180095538496971 0.175228804349899 0.175392150878906 0.177232190966606 0.179072231054306 0.180912256240845 0.182752296328545 0.184592336416245 0.186432376503944 0.187450379133224 0.186002284288406 0.184554189443588 0.183106109499931 0.181658014655113 0.180209919810295 0.178761824965477 0.177313730120659 0.17735730111599 0.177898079156876 0.178438857197762 0.178979635238647 0.179520413279533 0.180061191320419 0.180601969361305 0.181521952152252 0.183579504489899 0.185637056827545 0.187694609165192 0.189752161502838 0.191809713840485 0.193867266178131 0.195924818515778 0.197620779275894 0.199196204543114 0.200771629810333 0.202347055077553 0.203922480344772 0.205497920513153
0.210552170872688 0.205631241202354 0.200710326433182 0.195789396762848 0.190868467092514 0.185947552323341 0.181026622653008 0.176105692982674 0.176907077431679 0.179615899920464 0.182324722409248 0.185033544898033 0.187742352485657 0.190451174974442 0.193159997463226 0.194609642028809 0.192281737923622 0.189953848719597 0.18762594461441 0.185298055410385 0.182970151305199 0.180642262101173 0.178314357995987 0.178201779723167 0.17882764339447 0.179453507065773 0.180079370737076 0.180705234408379 0.181331098079681 0.181956961750984 0.18302258849144 0.185407519340515 0.18779245018959 0.190177381038666 0.192562311887741 0.194947242736816 0.197332173585892 0.199717104434967 0.201403945684433 0.202858105301857 0.20431225001812 0.205766409635544 0.207220554351807 0.208674713969231
-9999 0.206833273172379 0.201858147978783 0.196883037686348 0.191907927393913 0.186932817101479 0.181957706809044 0.176982596516609 0.178422018885612 0.181999608874321 0.185577213764191 0.18915481865406 0.192732408642769 0.196310013532639 0.199887618422508 0.201768890023232 0.198561191558838 0.195353493094444 0.192145794630051 0.188938096165657 0.185730382800102 0.182522684335709 0.179314985871315 0.179046273231506 0.179757222533226 0.180468156933784 0.181179106235504 0.181890055537224 0.182600989937782 0.183311939239502 0.184523224830627 0.187235534191132 0.189947843551636 0.19266015291214 0.195372462272644 0.198084756731987 0.200797066092491 0.203509375452995 0.205187112092972 0.206519991159439 0.207852870225906 0.209185749292374 0.210518628358841 0.211851507425308
-9999 -9999 0.203005984425545 0.197976678609848 0.192947387695312 0.187918081879616 0.182888776063919 0.177859485149384 0.179936945438385 0.184383317828178 0.188829705119133 0.193276092410088 0.197722479701042 0.202168852090836 0.20661523938179 0.208928152918816 0.204840645194054 0.200753137469292 0.19666562974453 0.192578122019768 0.188490629196167 0.184403121471405 0.180315613746643 0.179890751838684 0.180686786770821 0.181482806801796 0.182278841733932 0.183074876666069 0.183870896697044 0.184666931629181 0.186023876070976 0.189063549041748 0.192103236913681 0.195142924785614 0.198182597756386 0.201222285628319 0.204261973500252 0.207301661372185 0.208970278501511 0.210181877017021 0.211393490433693 0.212605088949203 0.213816702365875 0.215028300881386
-9999 -9999 -9999 0.199103266000748 0.194769725203514 0.190436199307442 0.186102658510208 0.181769117712975 0.184039324522018 0.18851076066494 0.192982211709023 0.197453662753105 0.201925113797188 0.206396549940109 0.210868000984192 0.213157996535301 0.208903610706329 0.204649239778519 0.200394853949547 0.196140483021736 0.191886097192764 0.187631711363792 0.183377340435982 0.182750284671783 0.183332353830338 0.18391440808773 0.184496462345123 0.185078516602516 0.18566058576107 0.186242640018463 0.187544882297516 0.191007688641548 0.19447049498558 0.197933301329613 0.201396107673645 0.204858914017677 0.20832172036171 0.211784526705742 0.213400706648827 0.214401319622993 0.215401947498322 0.21640257537365 0.217403188347816 0.218403816223145
-9999 -9999 -9999 -9999 -9999 0.194487154483795 0.191599324345589 0.188711494207382 0.190729141235352 0.194381937384605 0.198034733533859 0.201687514781952 0.205340310931206 0.20899310708046 0.212645903229713 0.214458420872688 0.210750102996826 0.207041770219803 0.203333452343941 0.199625134468079 0.195916816592216 0.192208483815193 0.188500165939331 0.187624856829643 0.187693893909454 0.187762930989265 0.187831968069077 0.187901005148888 0.187970042228699 0.18803907930851 0.189086273312569 0.193067952990532 0.197049632668495 0.201031297445297 0.20501297712326 0.208994656801224 0.212976336479187 0.216958001255989 0.218478381633759 0.219178304076195 0.219878241419792 0.22057817876339 0.221278116106987 0.221978038549423
-9999 -9999 -9999 -9999 -9999 -9999 0.197095990180969 0.195653885602951 0.197418957948685 0.20025309920311 0.203087240457535 0.20592138171196 0.208755522966385 0.21158966422081 0.214423805475235 0.215758845210075 0.212596580386162 0.209434315562248 0.206272050738335 0.203109785914421 0.199947521090508 0.196785256266594 0.19362299144268 0.192499443888664 0.192055448889732 0.191611468791962 0.19116747379303 0.190723493695259 0.190279513597488 0.189835518598557 0.190627664327621 0.195128217339516 0.199628755450249 0.204129308462143 0.208629846572876 0.213130384683609 0.217630937695503 0.222131475806236 0.22355605661869 0.223955288529396 0.224354535341263 0.22475378215313 0.225153028964996 0.225552275776863
-9999 -9999 -9999 -9999 -9999 -9999 -9999 0.202596262097359 0.204108789563179 0.206124275922775 0.208139762282372 0.210155248641968 0.212170735001564 0.21418622136116 0.216201707720757 0.217059269547462 0.214443072676659 0.211826860904694 0.209210649132729 0.206594437360764 0.20397824048996 0.201362028717995 0.19874581694603 0.197374016046524 0.19641700387001 0.195459991693497 0.194502994418144 0.193545982241631 0.192588970065117 0.191631957888603 0.192169055342674 0.197188466787338 0.202207893133163 0.207227304577827 0.212246716022491 0.217266127467155 0.222285538911819 0.227304950356483 0.228633731603622 0.228732272982597 0.228830829262733 0.22892938554287 0.229027941823006 0.229126498103142
-9999 -9999 -9999 -9999 -9999 -9999 -9999 -9999 0.210798606276512 0.21199543774128 0.213192269206047 0.214389115571976 0.215585947036743 0.216782778501511 0.217979609966278 0.21835969388485 0.216289550065994 0.214219406247139 0.212149247527122 0.210079103708267 0.208008944988251 0.205938801169395 0.20386865735054 0.202248588204384 0.200778558850288 0.199308529496193 0.197838500142097 0.196368470788002 0.194898426532745 0.19342839717865 0.193710446357727 0.199248731136322 0.204787015914917 0.210325300693512 0.215863585472107 0.221401870250702 0.226940140128136 0.232478424906731 0.233711406588554 0.23350927233696 0.233307138085365 0.233105003833771 0.232902869582176 0.232700735330582
-9999 -9999 -9999 -9999 -9999 -9999 -9999 -9999 -9999 0.217866614460945 0.218244791030884 0.218622967600822 0.219001144170761 0.219379335641861 0.2197575122118 0.219660133123398 0.21813602745533 0.216611936688423 0.215087845921516 0.21356375515461 0.212039664387703 0.210515573620796 0.208991482853889 0.207123160362244 0.205140113830566 0.203157052397728 0.201174005866051 0.199190944433212 0.197207897901535 0.195224836468697 0.19525183737278 0.201308995485306 0.207366138696671 0.213423296809196 0.219480454921722 0.225537598133087 0.231594756245613 0.237651899456978 0.238789081573486 0.238286256790161 0.237783432006836 0.237280607223511 0.236777782440186 0.23627495765686
-9999 -9999 -9999 -9999 -9999 -9999 -9999 -9999 -9999 -9999 0.22036200761795 0.220360219478607 0.220358431339264 0.220356628298759 0.220354840159416 0.220054551959038 0.218858778476715 0.217663004994392 0.21646723151207 0.215271458029747 0.214075684547424 0.212879911065102 0.211684137582779 0.209763735532761 0.207601800560951 0.205439865589142 0.203277915716171 0.201115980744362 0.198954045772552 0.196792095899582 0.196727201342583 0.202953398227692 0.209179610013962 0.215405806899071 0.221632018685341 0.227858230471611 0.23408442735672 0.24031063914299 0.241476371884346 0.24095530807972 0.240434229373932 0.239913150668144 0.239392071962357 0.238870993256569
-9999 -9999 -9999 -9999 -9999 -9999 -9999 -9999 -9999 -9999 -9999 -9999 -9999 -9999 -9999 0.219542980194092 0.218457788228989 0.217372596263885 0.216287404298782 0.215202212333679 0.214117020368576 0.213031828403473 0.21194663643837 0.210170313715935 0.208163619041443 0.206156924366951 0.20415024459362 0.202143549919128 0.200136855244637 0.198130175471306 0.198136508464813 0.204181954264641 0.210227400064468 0.216272845864296 0.222318291664124 0.228363737463951 0.234409183263779 0.240454629063606 0.241773307323456 0.241516426205635 0.241259530186653 0.241002634167671 0.240745738148689 0.240488857030869
-9999 -9999 -9999 -9999 -9999 -9999 -9999 -9999 -9999 -9999 -9999 -9999 -9999 -9999 -9999 0.219031393527985 0.218056783080101 0.217082172632217 0.216107562184334 0.21513295173645 0.214158341288567 0.213183730840683 0.212209120392799 0.210576891899109 0.208725437521935 0.206873998045921 0.205022558569908 0.203171119093895 0.201319679617882 0.199468240141869 0.199545830488205 0.20541051030159 0.211275190114975 0.217139884829521 0.223004564642906 0.228869244456291 0.234733924269676 0.240598604083061 0.242070242762566 0.242077544331551 0.242084830999374 0.242092117667198 0.242099404335022 0.242106705904007
-9999 -9999 -9999 -9999 -9999 -9999 -9999 -9999 -9999 -9999 -9999 -9999 -9999 -9999 -9999 0.218519821763039 0.217655792832375 0.21679176390171 0.215927734971046 0.215063691139221 0.214199662208557 0.213335633277893 0.212471604347229 0.210983455181122 0.209287270903587 0.207591071724892 0.205894887447357 0.204198688268661 0.202502503991127 0.200806304812431 0.200955152511597 0.206639066338539 0.212322995066643 0.218006908893585 0.223690837621689 0.229374751448631 0.235058680176735 0.240742594003677 0.242367178201675 0.242638662457466 0.242910131812096 0.243181601166725 0.243453085422516 0.243724554777145
-9999 -9999 -9999 -9999 -9999 -9999 -9999 -9999 -9999 -9999 -9999 -9999 -9999 -9999 -9999 0.218008235096931 0.217254787683487 0.216501340270042 0.215747892856598 0.214994445443153 0.214240998029709 0.213487550616264 0.21273410320282 0.211390033364296 0.209849089384079 0.208308145403862 0.206767201423645 0.205226257443428 0.203685328364372 0.202144384384155 0.202364459633827 0.207867622375488 0.213370785117149 0.21887394785881 0.224377110600471 0.229880258440971 0.235383421182632 0.240886583924294 0.242664113640785 0.243199780583382 0.243735432624817 0.244271084666252 0.244806751608849 0.245342403650284
-9999 -9999 -9999 -9999 -9999 -9999 -9999 -9999 -9999 -9999 -9999 -9999 -9999 -9999 -9999 0.217496663331985 0.21685379743576 0.216210931539536 0.215568065643311 0.214925184845924 0.214282318949699 0.213639453053474 0.212996587157249 0.211796596646309 0.210410907864571 0.209025219082832 0.207639530301094 0.206253841519356 0.204868137836456 0.203482449054718 0.203773781657219 0.209096178412437 0.214418575167656 0.219740971922874 0.225063368678093 0.230385780334473 0.235708177089691 0.24103057384491 0.242961049079895 0.243760898709297 0.244560733437538 0.245360568165779 0.246160417795181 0.246960252523422
-9999 -9999 -9999 -9999 -9999 -9999 -9999 -9999 -9999 -9999 -9999 -9999 -9999 -9999 -9999 -9999 0.216668456792831 0.216214776039124 0.215761095285416 0.215307414531708 0.214853733778 0.214400067925453 0.213946387171745 0.213058844208717 0.212026670575142 0.210994496941566 0.209962323307991 0.208930164575577 0.207897990942001 0.206865817308426 0.207276716828346 0.21201679110527 0.216756865382195 0.221496939659119 0.226237013936043 0.230977088212967 0.235717162489891 0.240457236766815 0.242375060915947 0.243352130055428 0.244329199194908 0.245306268334389 0.246283337473869 0.24726040661335
-9999 -9999 -9999 -9999 -9999 -9999 -9999 -9999 -9999 -9999 -9999 -9999 -9999 -9999 -9999 -9999 -9999 0.216512888669968 0.216326996684074 0.216141119599342 0.21595524251461 0.215769365429878 0.215583488345146 0.215176731348038 0.214696362614632 0.214215978980064 0.213735610246658 0.213255241513252 0.212774872779846 0.212294489145279 0.212873265147209 0.216629445552826 0.220385640859604 0.224141821265221 0.227898016571999 0.231654196977615 0.235410392284393 0.23916657269001 0.24090613424778 0.241973489522934 0.243040829896927 0.244108185172081 0.245175525546074 0.246242880821228
