data/working_set_collections/6091692-Cassins_Sparrow-M2/1980/qinfil_avg.asc
NCOLS 265 
NROWS 230 
XLLCORNER -115.5625 
YLLCORNER 24.8333333333333 
CELLSIZE 0.0833333333333333 
NODATA_value -9999 
[rows 180 to 197 of 230, columns 41 to 81 of 265]
-9999 8.39008043840295e-06 8.71165775606642e-06 9.028471140482e-06 9.33099090616452e-06 9.63350976235233e-06 9.93602952803485e-06 1.02385492937174e-05 1.05410681499052e-05 1.08435879155877e-05 1.11461076812702e-05 1.11685340016265e-05 1.10975961433724e-05 1.10266582851182e-05 1.0955720426864e-05 1.08847825686098e-05 1.08138447103556e-05 1.07429068521014e-05 1.0849960744963e-05 1.14909935291507e-05 1.21320263133384e-05 1.27730590975261e-05 1.34140909722191e-05 1.40551237564068e-05 1.46961565405945e-05 1.53371893247822e-05 1.58007514983183e-05 1.62051564984722e-05 1.66095614986261e-05 1.70139664987801e-05 1.74183733179234e-05 1.78227783180773e-05 1.82271833182313e-05 1.85876269824803e-05 1.88161848200252e-05 1.90447444765596e-05 1.92733023141045e-05 1.95018601516495e-05 1.97304179891944e-05 1.99589776457287e-05 2.01875354832737e-05
-9999 8.13071892480366e-06 8.43480120238382e-06 8.75013665790902e-06 9.09923255676404e-06 9.44832845561905e-06 9.79742344497936e-06 1.01465193438344e-05 1.04956143331947e-05 1.08447102320497e-05 1.11938061309047e-05 1.12555035229889e-05 1.12214011096512e-05 1.11872996058082e-05 1.11531971924705e-05 1.11190956886276e-05 1.10849932752899e-05 1.10508917714469e-05 1.11869858301361e-05 1.18336702144006e-05 1.24803536891704e-05 1.31270371639403e-05 1.37737206387101e-05 1.44204041134799e-05 1.50670884977444e-05 1.57137710630195e-05 1.61799798661377e-05 1.65860292327125e-05 1.69920767802978e-05 1.73981261468725e-05 1.78041755134473e-05 1.8210224880022e-05 1.86162724276073e-05 1.89720631169621e-05 1.91770723176887e-05 1.93820815184154e-05 1.95870925381314e-05 1.9792101738858e-05 1.99971109395847e-05 2.02021219593007e-05 2.04071311600273e-05
-9999 -9999 8.15794464870123e-06 8.47180308483075e-06 8.86747420736356e-06 9.26314623939106e-06 9.65881736192387e-06 1.00544893939514e-05 1.04501605164842e-05 1.08458325485117e-05 1.12415036710445e-05 1.13424721348565e-05 1.134520607593e-05 1.13479409264983e-05 1.13506748675718e-05 1.13534088086453e-05 1.13561427497189e-05 1.13588766907924e-05 1.15240109153092e-05 1.21763459901558e-05 1.28286810650025e-05 1.34810152303544e-05 1.4133350305201e-05 1.47856853800477e-05 1.54380195453996e-05 1.60903546202462e-05 1.65592082339572e-05 1.69669001479633e-05 1.73745938809589e-05 1.7782285794965e-05 1.81899777089711e-05 1.85976714419667e-05 1.90053633559728e-05 1.93564974324545e-05 1.95379598153522e-05 1.97194203792606e-05 1.99008827621583e-05 2.00823433260666e-05 2.0263803889975e-05 2.04452662728727e-05 2.0626726836781e-05
-9999 -9999 -9999 8.19346951175248e-06 8.63571676745778e-06 9.07796402316308e-06 9.52021218836308e-06 9.96245944406837e-06 1.04047066997737e-05 1.08469548649737e-05 1.1289202120679e-05 1.14294416562188e-05 1.14690119517036e-05 1.15085822471883e-05 1.15481516331783e-05 1.15877219286631e-05 1.16272922241478e-05 1.16668616101379e-05 1.18610360004823e-05 1.2519021765911e-05 1.31770075313398e-05 1.38349942062632e-05 1.4492979971692e-05 1.51509657371207e-05 1.58089515025495e-05 1.64669381774729e-05 1.69384366017766e-05 1.73477728822036e-05 1.77571091626305e-05 1.81664454430575e-05 1.85757817234844e-05 1.89851161849219e-05 1.93944524653489e-05 1.97409335669363e-05 1.98988454940263e-05 2.00567592401057e-05 2.02146711671958e-05 2.03725849132752e-05 2.05304968403652e-05 2.06884105864447e-05 2.08463225135347e-05
-9999 -9999 -9999 -9999 8.4039584180573e-06 8.89278271642979e-06 9.38160610530758e-06 9.87042949418537e-06 1.03592528830632e-05 1.08480771814357e-05 1.13369005703134e-05 1.15164111775812e-05 1.15928169179824e-05 1.16692226583837e-05 1.17456293082796e-05 1.18220350486808e-05 1.18984407890821e-05 1.1974847438978e-05 1.21980610856554e-05 1.28616984511609e-05 1.35253349071718e-05 1.41889722726773e-05 1.48526096381829e-05 1.55162470036885e-05 1.61798834596993e-05 1.68435199157102e-05 1.73176649695961e-05 1.77286437974544e-05 1.81396244443022e-05 1.85506032721605e-05 1.89615839190083e-05 1.93725627468666e-05 1.97835433937144e-05 2.01253697014181e-05 2.02597329916898e-05 2.03940981009509e-05 2.05284613912227e-05 2.06628265004838e-05 2.07971897907555e-05 2.09315549000166e-05 2.10659200092778e-05
-9999 -9999 -9999 -9999 -9999 8.70760050020181e-06 9.24300002225209e-06 9.77839954430237e-06 1.03137990663527e-05 1.08491994978976e-05 1.13845990199479e-05 1.16033797894488e-05 1.17166218842613e-05 1.18298639790737e-05 1.19431060738862e-05 1.20563481686986e-05 1.21695902635111e-05 1.22828323583235e-05 1.25350861708284e-05 1.32043742269161e-05 1.38736622830038e-05 1.45429503390915e-05 1.52122393046739e-05 1.58815273607615e-05 1.65508154168492e-05 1.72201034729369e-05 1.76968933374155e-05 1.81095165316947e-05 1.85221397259738e-05 1.8934762920253e-05 1.93473861145321e-05 1.97600093088113e-05 2.01726325030904e-05 2.05098040169105e-05 2.06206204893533e-05 2.07314369617961e-05 2.08422516152496e-05 2.09530680876924e-05 2.10638827411458e-05 2.11746992135886e-05 2.12855156860314e-05
-9999 -9999 -9999 -9999 -9999 -9999 9.09501341084251e-06 9.66350944509031e-06 1.02320045698434e-05 1.08004996945965e-05 1.13689948193496e-05 1.16078736027703e-05 1.17368808787432e-05 1.18658872452215e-05 1.19948945211945e-05 1.21239017971675e-05 1.22529081636458e-05 1.23819154396188e-05 1.26499789985246e-05 1.33352159537026e-05 1.40204529088805e-05 1.47056898640585e-05 1.53909259097418e-05 1.60761628649198e-05 1.67613998200977e-05 1.74466367752757e-05 1.79305734491209e-05 1.83474076038692e-05 1.8764243577607e-05 1.91810795513447e-05 1.95979137060931e-05 2.00147496798309e-05 2.04315856535686e-05 2.07709308597259e-05 2.08778055821313e-05 2.09846784855472e-05 2.10915532079525e-05 2.11984279303579e-05 2.13053026527632e-05 2.14121773751685e-05 2.15190520975739e-05
-9999 -9999 -9999 -9999 -9999 -9999 -9999 -9999 1.01138684840407e-05 1.0701978681027e-05 1.12900897875079e-05 1.15298926175456e-05 1.16535929919337e-05 1.17772933663218e-05 1.190099374071e-05 1.20246941150981e-05 1.21483944894862e-05 1.22720948638744e-05 1.25427413877333e-05 1.32542236315203e-05 1.3965706784802e-05 1.46771899380838e-05 1.53886721818708e-05 1.61001553351525e-05 1.68116384884343e-05 1.7523121641716e-05 1.80187034857227e-05 1.84423206519568e-05 1.88659359992016e-05 1.92895513464464e-05 1.97131685126806e-05 2.01367838599253e-05 2.05603992071701e-05 2.09087465918856e-05 2.10312864510342e-05 2.11538263101829e-05 2.12763661693316e-05 2.13989060284803e-05 2.15214477066183e-05 2.1643987565767e-05 2.17665274249157e-05
-9999 -9999 -9999 -9999 -9999 -9999 -9999 -9999 -9999 1.06034576674574e-05 1.12111838461715e-05 1.14519107228261e-05 1.15703051051241e-05 1.16886985779274e-05 1.18070929602254e-05 1.19254873425234e-05 1.20438808153267e-05 1.21622751976247e-05 1.24355028674472e-05 1.31732322188327e-05 1.39109606607235e-05 1.4648690012109e-05 1.53864184539998e-05 1.61241478053853e-05 1.68618771567708e-05 1.75996065081563e-05 1.81068353413139e-05 1.8537231881055e-05 1.89676284207962e-05 1.93980249605374e-05 1.98284215002786e-05 2.02588162210304e-05 2.06892127607716e-05 2.10465623240452e-05 2.11847673199372e-05 2.13229741348187e-05 2.14611791307107e-05 2.15993859455921e-05 2.17375909414841e-05 2.18757977563655e-05 2.20140027522575e-05
-9999 -9999 -9999 -9999 -9999 -9999 -9999 -9999 -9999 -9999 1.11322779048351e-05 1.13739288281067e-05 1.14870172183146e-05 1.16001046990277e-05 1.17131921797409e-05 1.1826279660454e-05 1.19393671411672e-05 1.2052455531375e-05 1.23282643471612e-05 1.30922398966504e-05 1.3856214536645e-05 1.46201900861342e-05 1.53841647261288e-05 1.61481402756181e-05 1.69121158251073e-05 1.76760913745966e-05 1.81949671969051e-05 1.86321431101533e-05 1.90693208423909e-05 1.95064967556391e-05 1.99436744878767e-05 2.03808504011249e-05 2.08180281333625e-05 2.11843780562049e-05 2.13382500078296e-05 2.14921219594544e-05 2.16459920920897e-05 2.17998640437145e-05 2.19537359953392e-05 2.2107607946964e-05 2.22614798985887e-05
-9999 -9999 -9999 -9999 -9999 -9999 -9999 -9999 -9999 -9999 -9999 1.1295947842882e-05 1.1403729331505e-05 1.15115099106333e-05 1.16192913992563e-05 1.17270728878793e-05 1.18348534670076e-05 1.19426349556306e-05 1.22210267363698e-05 1.30112475744681e-05 1.38014684125665e-05 1.45916901601595e-05 1.53819109982578e-05 1.61721327458508e-05 1.69623544934439e-05 1.77525744220475e-05 1.82830990524963e-05 1.87270561582409e-05 1.91710132639855e-05 1.96149703697301e-05 2.00589274754748e-05 2.05028845812194e-05 2.0946841686964e-05 2.13221937883645e-05 2.14917308767326e-05 2.16612679651007e-05 2.18308068724582e-05 2.20003439608263e-05 2.21698810491944e-05 2.23394181375625e-05 2.25089552259305e-05
-9999 -9999 -9999 -9999 -9999 -9999 -9999 -9999 -9999 -9999 -9999 -9999 1.13204405352008e-05 1.14229160317336e-05 1.15253906187718e-05 1.16278652058099e-05 1.17303407023428e-05 1.1832815289381e-05 1.21137882160838e-05 1.29302552522859e-05 1.37467231979826e-05 1.45631902341847e-05 1.53796572703868e-05 1.61961252160836e-05 1.7012591342791e-05 1.78290592884878e-05 1.8371229089098e-05 1.88219673873391e-05 1.92727056855801e-05 1.97234421648318e-05 2.01741804630728e-05 2.06249187613139e-05 2.10756552405655e-05 2.14600095205242e-05 2.1645213564625e-05 2.18304157897364e-05 2.20156198338373e-05 2.22008220589487e-05 2.23860261030495e-05 2.25712283281609e-05 2.27564323722618e-05
-9999 -9999 -9999 -9999 -9999 -9999 -9999 -9999 -9999 -9999 -9999 -9999 -9999 1.1289592293906e-05 1.1392259693821e-05 1.14949270937359e-05 1.15975944936508e-05 1.17002618935658e-05 1.19829837785801e-05 1.28058691188926e-05 1.36287544592051e-05 1.44516397995176e-05 1.52745251398301e-05 1.60974104801426e-05 1.69202958204551e-05 1.77431811607676e-05 1.82958847290138e-05 1.87585264939116e-05 1.92211682588095e-05 1.96838118426967e-05 2.01464536075946e-05 2.06090953724924e-05 2.10717371373903e-05 2.14725332625676e-05 2.16877851926256e-05 2.19030371226836e-05 2.21182890527416e-05 2.2333542801789e-05 2.2548794731847e-05 2.2764046661905e-05 2.2979298591963e-05
-9999 -9999 -9999 -9999 -9999 -9999 -9999 -9999 -9999 -9999 -9999 -9999 -9999 -9999 -9999 -9999 -9999 -9999 1.18286125143641e-05 1.26380882647936e-05 1.34475631057285e-05 1.4257038856158e-05 1.50665146065876e-05 1.58759903570171e-05 1.66854642884573e-05 1.74949400388869e-05 1.80570623342646e-05 1.85367334779585e-05 1.90164046216523e-05 1.94960757653462e-05 1.997574690904e-05 2.04554180527339e-05 2.09350891964277e-05 2.13597631955054e-05 2.16194475797238e-05 2.18791319639422e-05 2.213881816715e-05 2.23985025513684e-05 2.26581869355869e-05 2.29178713198053e-05 2.31775575230131e-05
-9999 -9999 -9999 -9999 -9999 -9999 -9999 -9999 -9999 -9999 -9999 -9999 -9999 -9999 -9999 -9999 -9999 -9999 1.1674241250148e-05 1.24703065012e-05 1.32663726617466e-05 1.40624379127985e-05 1.48585031638504e-05 1.56545684149023e-05 1.64506345754489e-05 1.72467007359955e-05 1.78182417585049e-05 1.83149404620053e-05 1.88116409844952e-05 1.93083396879956e-05 1.98050402104855e-05 2.03017389139859e-05 2.07984394364757e-05 2.12469931284431e-05 2.1551109966822e-05 2.18552286241902e-05 2.2159345462569e-05 2.24634623009479e-05 2.27675809583161e-05 2.30716977966949e-05 2.33758146350738e-05
-9999 -9999 -9999 -9999 -9999 -9999 -9999 -9999 -9999 -9999 -9999 -9999 -9999 -9999 -9999 -9999 -9999 -9999 1.1519869985932e-05 1.2302525647101e-05 1.308518130827e-05 1.38678369694389e-05 1.46504926306079e-05 1.54331482917769e-05 1.62158030434512e-05 1.69984596141148e-05 1.75794193637557e-05 1.80931474460522e-05 1.86068755283486e-05 1.9120603610645e-05 1.96343335119309e-05 2.01480615942273e-05 2.06617896765238e-05 2.11342230613809e-05 2.14827723539202e-05 2.18313234654488e-05 2.2179872757988e-05 2.25284238695167e-05 2.28769731620559e-05 2.32255224545952e-05 2.35740735661238e-05
-9999 -9999 -9999 -9999 -9999 -9999 -9999 -9999 -9999 -9999 -9999 -9999 -9999 -9999 -9999 -9999 -9999 -9999 1.13654996312107e-05 1.2134744793002e-05 1.29039908642881e-05 1.36732360260794e-05 1.44424811878707e-05 1.52117272591568e-05 1.59809733304428e-05 1.67502184922341e-05 1.73405969690066e-05 1.7871354430099e-05 1.84021118911915e-05 1.89328693522839e-05 1.94636249943869e-05 1.99943824554794e-05 2.05251399165718e-05 2.10214529943187e-05 2.14144365600077e-05 2.18074183067074e-05 2.22004018723965e-05 2.25933836190961e-05 2.29863653657958e-05 2.33793489314849e-05 2.37723306781845e-05
-9999 -9999 -9999 -9999 -9999 -9999 -9999 -9999 -9999 -9999 -9999 -9999 -9999 -9999 -9999 -9999 -9999 -9999 1.12111283669947e-05 1.19669639389031e-05 1.27227995108115e-05 1.34786350827198e-05 1.42344706546282e-05 1.49903062265366e-05 1.5746141798445e-05 1.65019773703534e-05 1.71017763932468e-05 1.76495614141459e-05 1.81973464350449e-05 1.87451332749333e-05 1.92929182958324e-05 1.98407051357208e-05 2.03884901566198e-05 2.09086829272565e-05 2.13460989471059e-05 2.1783513147966e-05 2.22209291678155e-05 2.26583433686756e-05 2.3095759388525e-05 2.35331735893851e-05 2.39705896092346e-05
