data/working_set_collections/6091692-Cassins_Sparrow-M2/1980/qinfil_avg.asc
NCOLS 265 
NROWS 230 
XLLCORNER -115.5625 
YLLCORNER 24.8333333333333 
CELLSIZE 0.0833333333333333 
NODATA_value -9999 
[rows 198 to 215 of 230, columns 123 to 163 of 265]
1.22071505757049e-05 1.20188597065862e-05 1.18305679279729e-05 1.16422770588542e-05 1.15750572149409e-05 1.1548195288924e-05 1.15213333629072e-05 1.14944714368903e-05 1.14676095108734e-05 1.14407475848566e-05 1.14138856588397e-05 1.13824125946849e-05 1.13371070256107e-05 1.12918014565366e-05 1.12464958874625e-05 1.12011903183884e-05 1.11558847493143e-05 1.11105791802402e-05 1.1065273611166e-05 1.09614729808527e-05 1.08381746031228e-05 1.07148753158981e-05 1.05915769381681e-05 1.04682776509435e-05 1.03449783637188e-05 1.02216799859889e-05 1.00952483990113e-05 9.95942173176445e-06 9.82359415502287e-06 9.6877665782813e-06 9.55193900153972e-06 9.41611142479815e-06 9.28028475755127e-06 9.1444571808097e-06 9.19523517950438e-06 9.30821624933742e-06 9.42119640967576e-06 9.5341774795088e-06 9.64715763984714e-06 9.76013870968018e-06 9.87311887001852e-06
1.23533491205308e-05 1.21538250823505e-05 1.1954301953665e-05 1.17547788249794e-05 1.16827659439878e-05 1.1653256478894e-05 1.16237470138003e-05 1.15942375487066e-05 1.15647280836129e-05 1.15352186185191e-05 1.15057091534254e-05 1.14692538772942e-05 1.14119629870402e-05 1.13546711872914e-05 1.12973793875426e-05 1.12400884972885e-05 1.11827966975397e-05 1.11255058072857e-05 1.10682140075369e-05 1.09594038804062e-05 1.08334215838113e-05 1.07074383777217e-05 1.05814560811268e-05 1.04554728750372e-05 1.03294905784423e-05 1.02035082818475e-05 1.00756833489868e-05 9.94233323581284e-06 9.80898403213359e-06 9.67563391895965e-06 9.5422838057857e-06 9.40893460210646e-06 9.27558448893251e-06 9.14223437575856e-06 9.21570335776778e-06 9.35811112867668e-06 9.50051889958559e-06 9.64292667049449e-06 9.78533444140339e-06 9.927743121807e-06 1.00701508927159e-05
1.2499546755862e-05 1.22887913676095e-05 1.20780359793571e-05 1.18672796816099e-05 1.17904737635399e-05 1.17583167593693e-05 1.17261597551988e-05 1.16940027510282e-05 1.16618457468576e-05 1.1629688742687e-05 1.15975317385164e-05 1.15560951599036e-05 1.14868180389749e-05 1.14175409180461e-05 1.13482628876227e-05 1.1278985766694e-05 1.12097086457652e-05 1.11404315248365e-05 1.1071153494413e-05 1.09573347799596e-05 1.08286685644998e-05 1.07000014395453e-05 1.05713352240855e-05 1.04426690086257e-05 1.03140027931659e-05 1.01853356682113e-05 1.00561182989622e-05 9.92524564935593e-06 9.79437390924431e-06 9.663501259638e-06 9.53262951952638e-06 9.40175686992006e-06 9.27088512980845e-06 9.14001248020213e-06 9.23617062653648e-06 9.40800600801595e-06 9.57984138949541e-06 9.75167677097488e-06 9.92351215245435e-06 1.00953466244391e-05 1.02671820059186e-05
1.26457443911931e-05 1.24237567433738e-05 1.22017690955545e-05 1.19797814477351e-05 1.18981815830921e-05 1.18633770398446e-05 1.18285724965972e-05 1.17937679533497e-05 1.1758964319597e-05 1.17241597763496e-05 1.16893552331021e-05 1.1642936442513e-05 1.15616730909096e-05 1.14804097393062e-05 1.13991463877028e-05 1.13178830360994e-05 1.12366205939907e-05 1.11553572423873e-05 1.10740938907838e-05 1.09552656795131e-05 1.08239155451884e-05 1.06925645013689e-05 1.05612143670442e-05 1.04298642327194e-05 1.02985140983947e-05 1.01671639640699e-05 1.0036552339443e-05 9.90815806289902e-06 9.77976378635503e-06 9.65136860031635e-06 9.52297432377236e-06 9.39457913773367e-06 9.26618486118969e-06 9.1377905846457e-06 9.25663880479988e-06 9.45790088735521e-06 9.65916387940524e-06 9.86042596196057e-06 1.00616889540106e-05 1.02629510365659e-05 1.0464214028616e-05
1.27919420265243e-05 1.25587230286328e-05 1.23255031212466e-05 1.20922832138604e-05 1.20058894026442e-05 1.19684373203199e-05 1.19309861474903e-05 1.1893534065166e-05 1.18560819828417e-05 1.18186299005174e-05 1.17811787276878e-05 1.17297777251224e-05 1.16365281428443e-05 1.1543279470061e-05 1.14500298877829e-05 1.13567812149995e-05 1.12635316327214e-05 1.1170282959938e-05 1.107703337766e-05 1.09531956695719e-05 1.08191616163822e-05 1.06851284726872e-05 1.05510944194975e-05 1.04170603663079e-05 1.02830263131182e-05 1.01489922599285e-05 1.00169872894185e-05 9.89107047644211e-06 9.76515366346575e-06 9.6392359409947e-06 9.51331912801834e-06 9.38740231504198e-06 9.26148550206563e-06 9.13556777959457e-06 9.27710607356858e-06 9.50779576669447e-06 9.73848636931507e-06 9.96917606244097e-06 1.01998657555669e-05 1.04305554486928e-05 1.06612451418187e-05
1.29381405713502e-05 1.26936884043971e-05 1.2449236237444e-05 1.22047849799856e-05 1.21135972221964e-05 1.20734985102899e-05 1.20333988888888e-05 1.19932992674876e-05 1.19532005555811e-05 1.191310093418e-05 1.18730013127788e-05 1.18166180982371e-05 1.1711383194779e-05 1.1606148291321e-05 1.1500913387863e-05 1.13956784844049e-05 1.12904435809469e-05 1.11852086774888e-05 1.10799737740308e-05 1.09511265691253e-05 1.08144085970707e-05 1.06776915345108e-05 1.05409735624562e-05 1.04042555904016e-05 1.0267537618347e-05 1.01308205557871e-05 9.99742223939393e-06 9.8739828899852e-06 9.75054354057647e-06 9.62710328167304e-06 9.50366393226432e-06 9.38022458285559e-06 9.25678523344686e-06 9.13334588403814e-06 9.29757425183197e-06 9.55769064603373e-06 9.8178079497302e-06 1.00779252534267e-05 1.03380425571231e-05 1.05981598608196e-05 1.0858277164516e-05
1.30807784444187e-05 1.28330029838253e-05 1.25852275232319e-05 1.23374520626385e-05 1.22451401693979e-05 1.2204649465275e-05 1.21641587611521e-05 1.21236689665238e-05 1.20831782624009e-05 1.2042687558278e-05 1.20021977636497e-05 1.19418209578726e-05 1.18217849376379e-05 1.17017489174032e-05 1.15817138066632e-05 1.14616777864285e-05 1.13416417661938e-05 1.12216066554538e-05 1.11015706352191e-05 1.09671473182971e-05 1.08279282358126e-05 1.06887082438334e-05 1.05494891613489e-05 1.04102700788644e-05 1.02710509963799e-05 1.01318319138954e-05 9.99926578515442e-06 9.88666124612791e-06 9.77405579760671e-06 9.6614512585802e-06 9.54884581005899e-06 9.43624036153778e-06 9.32363582251128e-06 9.21103037399007e-06 9.39880646910751e-06 9.68670792644843e-06 9.97461029328406e-06 1.02625126601197e-05 1.05504141174606e-05 1.08383164842962e-05 1.11262188511319e-05
1.32198583742138e-05 1.29766667669173e-05 1.27334760691156e-05 1.24902844618191e-05 1.24005173347541e-05 1.23618920042645e-05 1.23232666737749e-05 1.22846413432853e-05 1.22460160127957e-05 1.22073906823061e-05 1.21687653518165e-05 1.21053835755447e-05 1.19677324619261e-05 1.18300804388127e-05 1.16924293251941e-05 1.15547782115755e-05 1.14171270979568e-05 1.12794759843382e-05 1.11418239612249e-05 1.10012579170871e-05 1.08597187136183e-05 1.07181804196443e-05 1.05766421256703e-05 1.04351029222016e-05 1.02935646282276e-05 1.01520263342536e-05 1.00225188361946e-05 9.92910463537555e-06 9.83569134405116e-06 9.74227714323206e-06 9.64886385190766e-06 9.55545056058327e-06 9.46203635976417e-06 9.36862306843977e-06 9.58080272539519e-06 9.89484760793857e-06 1.02088915809873e-05 1.05229364635306e-05 1.0836981346074e-05 1.11510253191227e-05 1.14650702016661e-05
1.33589373945142e-05 1.31203305500094e-05 1.28817237055046e-05 1.26431168609997e-05 1.2555895409605e-05 1.2519134543254e-05 1.24823745863978e-05 1.24456146295415e-05 1.24088537631906e-05 1.23720938063343e-05 1.2335333849478e-05 1.22689461932168e-05 1.21136799862143e-05 1.1958412869717e-05 1.18031457532197e-05 1.16478786367225e-05 1.14926115202252e-05 1.13373453132226e-05 1.11820781967253e-05 1.10353676063824e-05 1.08915101009188e-05 1.07476516859606e-05 1.06037941804971e-05 1.04599357655388e-05 1.03160782600753e-05 1.01722198451171e-05 1.00457709777402e-05 9.97154893411789e-06 9.89732689049561e-06 9.82310393737862e-06 9.74888189375633e-06 9.67465985013405e-06 9.60043780651176e-06 9.52621485339478e-06 9.76279989117756e-06 1.0102986379934e-05 1.04431737781852e-05 1.07833611764363e-05 1.11235476651927e-05 1.14637350634439e-05 1.18039215522003e-05
1.34980173243093e-05 1.32639943331014e-05 1.30299722513882e-05 1.27959492601804e-05 1.27112725749612e-05 1.26763770822436e-05 1.26414824990206e-05 1.2606587006303e-05 1.25716915135854e-05 1.25367969303625e-05 1.25019014376448e-05 1.24325097203837e-05 1.22596266010078e-05 1.20867443911266e-05 1.19138621812453e-05 1.17409790618694e-05 1.15680968519882e-05 1.1395214642107e-05 1.12223315227311e-05 1.10694782051723e-05 1.09233005787246e-05 1.07771238617715e-05 1.06309462353238e-05 1.04847695183707e-05 1.0338591891923e-05 1.01924142654752e-05 1.00690240287804e-05 1.00139932328602e-05 9.95896243694006e-06 9.90393073152518e-06 9.848899935605e-06 9.79386913968483e-06 9.73883834376466e-06 9.68380754784448e-06 9.94479614746524e-06 1.03111260614241e-05 1.06774550658884e-05 1.10437849798473e-05 1.14101139843115e-05 1.17764438982704e-05 1.21427729027346e-05
1.36370963446097e-05 1.34076581161935e-05 1.31782198877772e-05 1.2948781659361e-05 1.28666497403174e-05 1.28336196212331e-05 1.28005895021488e-05 1.27675593830645e-05 1.27345292639802e-05 1.27014991448959e-05 1.26684690258116e-05 1.25960723380558e-05 1.2405574125296e-05 1.22150759125361e-05 1.20245776997763e-05 1.18340794870164e-05 1.16435821837513e-05 1.14530839709914e-05 1.12625857582316e-05 1.11035888039623e-05 1.09550919660251e-05 1.08065951280878e-05 1.06580991996452e-05 1.05096023617079e-05 1.03611055237707e-05 1.02126086858334e-05 1.00922761703259e-05 1.00564366221079e-05 1.00205970738898e-05 9.98475752567174e-06 9.94891797745368e-06 9.91307842923561e-06 9.87723888101755e-06 9.84139933279948e-06 1.01267933132476e-05 1.05192657429143e-05 1.09117372630863e-05 1.13042087832582e-05 1.16966812129249e-05 1.20891527330969e-05 1.24816251627635e-05
1.37761762744049e-05 1.35513218992855e-05 1.33264684336609e-05 1.31016149680363e-05 1.30220278151683e-05 1.29908621602226e-05 1.29596974147717e-05 1.29285326693207e-05 1.28973679238698e-05 1.28662022689241e-05 1.28350375234731e-05 1.2759634955728e-05 1.25515216495842e-05 1.23434074339457e-05 1.21352941278019e-05 1.19271808216581e-05 1.17190666060196e-05 1.15109532998758e-05 1.13028390842373e-05 1.11376984932576e-05 1.09868833533255e-05 1.08360673038987e-05 1.0685251254472e-05 1.05344352050452e-05 1.03836191556184e-05 1.02328031061916e-05 1.01155292213662e-05 1.00988809208502e-05 1.00822326203343e-05 1.00655843198183e-05 1.00489360193023e-05 1.00322877187864e-05 1.00156394182704e-05 9.99899111775449e-06 1.030879047903e-05 1.07274045149097e-05 1.11460185507894e-05 1.15646334961639e-05 1.19832475320436e-05 1.2401862477418e-05 1.28204765132978e-05
1.38408177008387e-05 1.36262515297858e-05 1.34116844492382e-05 1.31971182781854e-05 1.31212309497641e-05 1.30915686895605e-05 1.30619064293569e-05 1.3032245078648e-05 1.30025828184444e-05 1.29729205582407e-05 1.29432592075318e-05 1.28652491184766e-05 1.26421973618562e-05 1.24191446957411e-05 1.21960929391207e-05 1.19730402730056e-05 1.17499885163852e-05 1.15269358502701e-05 1.13038840936497e-05 1.11389972516918e-05 1.09934999272809e-05 1.08480026028701e-05 1.07025043689646e-05 1.05570070445538e-05 1.04115088106482e-05 1.02660114862374e-05 1.01560235634679e-05 1.01525656646118e-05 1.01491077657556e-05 1.01456489574048e-05 1.01421910585486e-05 1.01387331596925e-05 1.01352743513416e-05 1.01318164524855e-05 1.04476566775702e-05 1.08699305201299e-05 1.12922034531948e-05 1.17144772957545e-05 1.21367502288194e-05 1.25590240713791e-05 1.29812979139388e-05
1.38310206239112e-05 1.36324451887049e-05 1.34338697534986e-05 1.32352943182923e-05 1.3164259144105e-05 1.31357382997521e-05 1.31072174553992e-05 1.30786966110463e-05 1.30501757666934e-05 1.30216549223405e-05 1.29931340779876e-05 1.29129148263019e-05 1.26776012621121e-05 1.24422876979224e-05 1.22069741337327e-05 1.1971660569543e-05 1.17363470053533e-05 1.15010334411636e-05 1.12657198769739e-05 1.11074850792647e-05 1.0974942597386e-05 1.08424010250019e-05 1.07098594526178e-05 1.0577316970739e-05 1.0444775398355e-05 1.03122338259709e-05 1.02137601061258e-05 1.02174908533925e-05 1.02212206911645e-05 1.02249514384312e-05 1.02286821856978e-05 1.02324129329645e-05 1.02361436802312e-05 1.02398735180032e-05 1.05433937278576e-05 1.094684284908e-05 1.13502919703024e-05 1.17537410915247e-05 1.21571902127471e-05 1.25606393339694e-05 1.29640884551918e-05
1.38212244564784e-05 1.3638638847624e-05 1.34560541482642e-05 1.32734694489045e-05 1.32072882479406e-05 1.31799079099437e-05 1.31525284814415e-05 1.31251490529394e-05 1.30977687149425e-05 1.30703892864403e-05 1.30430089484435e-05 1.29605805341271e-05 1.27130051623681e-05 1.24654307001038e-05 1.22178553283447e-05 1.19702799565857e-05 1.17227054943214e-05 1.14751301225624e-05 1.12275547508034e-05 1.1075971997343e-05 1.0956385267491e-05 1.08367994471337e-05 1.07172136267764e-05 1.0597627806419e-05 1.04780419860617e-05 1.03584552562097e-05 1.02714957392891e-05 1.02824151326786e-05 1.02933345260681e-05 1.03042539194576e-05 1.0315173312847e-05 1.03260927062365e-05 1.0337012099626e-05 1.03479314930155e-05 1.06391298686503e-05 1.10237542685354e-05 1.14083795779152e-05 1.17930039778003e-05 1.217762928718e-05 1.25622536870651e-05 1.29468789964449e-05
1.38114273795509e-05 1.36448334160377e-05 1.34782385430299e-05 1.33116445795167e-05 1.32503164422815e-05 1.322407842963e-05 1.31978395074839e-05 1.31716005853377e-05 1.31453616631916e-05 1.31191227410454e-05 1.30928838188993e-05 1.30082462419523e-05 1.27484099721187e-05 1.24885727927904e-05 1.22287365229568e-05 1.19689002531231e-05 1.17090630737948e-05 1.14492268039612e-05 1.11893905341276e-05 1.10444589154213e-05 1.09378288470907e-05 1.08311987787602e-05 1.07245678009349e-05 1.06179377326043e-05 1.05113076642738e-05 1.04046775959432e-05 1.0329232281947e-05 1.03473403214593e-05 1.03654483609716e-05 1.03835564004839e-05 1.04016644399962e-05 1.04197724795085e-05 1.04378805190208e-05 1.04559885585331e-05 1.07348660094431e-05 1.11006665974855e-05 1.1466467185528e-05 1.18322677735705e-05 1.2198068361613e-05 1.25638689496554e-05 1.29296695376979e-05
1.38016312121181e-05 1.36510270749568e-05 1.35004238472902e-05 1.33498197101289e-05 1.32933455461171e-05 1.32682480398216e-05 1.32431505335262e-05 1.32180521177361e-05 1.31929546114407e-05 1.31678571051452e-05 1.31427595988498e-05 1.30559119497775e-05 1.27838138723746e-05 1.25117157949717e-05 1.22396177175688e-05 1.19675196401658e-05 1.16954215627629e-05 1.14233243948547e-05 1.11512263174518e-05 1.10129458334995e-05 1.09192715171957e-05 1.08255972008919e-05 1.07319228845881e-05 1.06382485682843e-05 1.05445742519805e-05 1.04508999356767e-05 1.03869679151103e-05 1.04122655102401e-05 1.04375621958752e-05 1.04628588815103e-05 1.04881555671454e-05 1.05134522527806e-05 1.05387498479104e-05 1.05640465335455e-05 1.08306030597305e-05 1.11775789264357e-05 1.15245547931409e-05 1.18715315693407e-05 1.22185074360459e-05 1.25654842122458e-05 1.2912460078951e-05
1.37918341351906e-05 1.36572207338759e-05 1.35226082420559e-05 1.33879948407412e-05 1.33363746499526e-05 1.33124176500132e-05 1.32884606500738e-05 1.32645045596291e-05 1.32405475596897e-05 1.3216591469245e-05 1.31926344693056e-05 1.3103576748108e-05 1.28192177726305e-05 1.25348578876583e-05 1.22504989121808e-05 1.19661399367033e-05 1.1681780051731e-05 1.13974210762535e-05 1.11130611912813e-05 1.09814327515778e-05 1.09007141873008e-05 1.08199956230237e-05 1.07392770587467e-05 1.06585584944696e-05 1.05778399301926e-05 1.04971213659155e-05 1.04447044577682e-05 1.04771897895262e-05 1.05096751212841e-05 1.05421613625367e-05 1.05746466942946e-05 1.06071329355473e-05 1.06396182673052e-05 1.06721035990631e-05 1.09263392005232e-05 1.12544912553858e-05 1.15826433102484e-05 1.1910795365111e-05 1.22389474199736e-05 1.25670985653414e-05 1.2895250620204e-05
