data/working_set_collections/6091692-Cassins_Sparrow-M2/1980/qinfil_avg.asc
NCOLS 265 
NROWS 230 
XLLCORNER -115.5625 
YLLCORNER 24.8333333333333 
CELLSIZE 0.0833333333333333 
NODATA_value -9999 
[rows 36 to 53 of 230, columns 123 to 163 of 265]
1.11954350359156e-05 1.13659607450245e-05 1.15364864541334e-05 1.17070121632423e-05 1.17336776384036e-05 1.17123890959192e-05 1.16911005534348e-05 1.16698120109504e-05 1.16485243779607e-05 1.16272358354763e-05 1.16059472929919e-05 1.15818020276492e-05 1.15490875032265e-05 1.15163729788037e-05 1.14836575448862e-05 1.14509430204635e-05 1.14182284960407e-05 1.13855130621232e-05 1.13527985377004e-05 1.14361455416656e-05 1.15581788122654e-05 1.16802129923599e-05 1.18022471724544e-05 1.19242804430542e-05 1.20463146231486e-05 1.21683488032431e-05 1.2290393897274e-05 1.24124735521036e-05 1.25345541164279e-05 1.26566337712575e-05 1.27787143355818e-05 1.29007939904113e-05 1.30228736452409e-05 1.31449542095652e-05 1.32179138745414e-05 1.32744999064016e-05 1.33310859382618e-05 1.3387671970122e-05 1.34442580019822e-05 1.35008449433371e-05 1.35574309751973e-05
1.11786157503957e-05 1.13783626147779e-05 1.157810947916e-05 1.17778554340475e-05 1.18121752166189e-05 1.17913523354218e-05 1.17705303637194e-05 1.17497074825224e-05 1.17288846013253e-05 1.17080617201282e-05 1.16872397484258e-05 1.16579894893221e-05 1.16034598249826e-05 1.15489301606431e-05 1.14944004963036e-05 1.14398708319641e-05 1.13853411676246e-05 1.13308115032851e-05 1.12762818389456e-05 1.13617988972692e-05 1.14939975901507e-05 1.16261962830322e-05 1.17583949759137e-05 1.18905936687952e-05 1.20227923616767e-05 1.21549910545582e-05 1.22875344459317e-05 1.24211146612652e-05 1.2554693967104e-05 1.26882732729428e-05 1.28218525787815e-05 1.29554318846203e-05 1.30890120999538e-05 1.32225914057926e-05 1.32995473904884e-05 1.33576295411331e-05 1.34157116917777e-05 1.34737938424223e-05 1.35318759930669e-05 1.35899581437116e-05 1.36480393848615e-05
1.11617973743705e-05 1.13907644845312e-05 1.1619731594692e-05 1.18486996143474e-05 1.18906737043289e-05 1.18703164844192e-05 1.18499592645094e-05 1.18296020445996e-05 1.18092457341845e-05 1.17888885142747e-05 1.17685312943649e-05 1.17341778604896e-05 1.16578330562334e-05 1.15814882519771e-05 1.15051434477209e-05 1.14287995529594e-05 1.13524547487032e-05 1.12761099444469e-05 1.11997651401907e-05 1.12874513433781e-05 1.14298154585413e-05 1.15721786642098e-05 1.1714542779373e-05 1.18569059850415e-05 1.19992701002047e-05 1.21416333058733e-05 1.2284675904084e-05 1.2429754860932e-05 1.257483381778e-05 1.2719912774628e-05 1.2864991731476e-05 1.3010070688324e-05 1.31551496451721e-05 1.33002286020201e-05 1.33811818159302e-05 1.34407591758645e-05 1.35003374452936e-05 1.35599148052279e-05 1.36194930746569e-05 1.3679071344086e-05 1.37386487040203e-05
1.11449780888506e-05 1.14031663542846e-05 1.16613546197186e-05 1.19195428851526e-05 1.19691712825443e-05 1.19492797239218e-05 1.1929389074794e-05 1.19094975161715e-05 1.18896059575491e-05 1.18697153084213e-05 1.18498237497988e-05 1.18103653221624e-05 1.17122053779894e-05 1.16140463433112e-05 1.15158863991383e-05 1.141772736446e-05 1.13195674202871e-05 1.12214083856088e-05 1.11232484414359e-05 1.12131046989816e-05 1.13656333269319e-05 1.15181619548821e-05 1.16706905828323e-05 1.18232192107826e-05 1.19757469292381e-05 1.21282755571883e-05 1.22818164527416e-05 1.24383950605989e-05 1.25949736684561e-05 1.27515522763133e-05 1.29081308841705e-05 1.30647085825331e-05 1.32212871903903e-05 1.33778657982475e-05 1.34628153318772e-05 1.35238897200907e-05 1.35849631988094e-05 1.36460366775282e-05 1.37071101562469e-05 1.37681836349657e-05 1.38292580231791e-05
1.11281588033307e-05 1.1415568224038e-05 1.17029776447453e-05 1.19903861559578e-05 1.20476697702543e-05 1.20282438729191e-05 1.2008817975584e-05 1.19893929877435e-05 1.19699670904083e-05 1.19505411930731e-05 1.19311162052327e-05 1.18865527838352e-05 1.17665786092402e-05 1.16466044346453e-05 1.15266293505556e-05 1.14066551759606e-05 1.12866810013657e-05 1.11667068267707e-05 1.1046731742681e-05 1.11387580545852e-05 1.13014521048171e-05 1.14641452455544e-05 1.16268383862916e-05 1.17895315270289e-05 1.19522246677661e-05 1.21149178085034e-05 1.2278957910894e-05 1.24470352602657e-05 1.26151135191321e-05 1.27831917779986e-05 1.29512691273703e-05 1.31193473862368e-05 1.32874247356085e-05 1.3455502994475e-05 1.35444497573189e-05 1.36070193548221e-05 1.36695889523253e-05 1.37321585498285e-05 1.37947281473316e-05 1.38572968353401e-05 1.39198664328433e-05
1.11113404273055e-05 1.14279700937914e-05 1.17445997602772e-05 1.20612303362577e-05 1.21261673484696e-05 1.21072080219164e-05 1.20882477858686e-05 1.20692875498207e-05 1.20503282232676e-05 1.20313679872197e-05 1.20124077511718e-05 1.1962740245508e-05 1.18209509309963e-05 1.16791616164846e-05 1.15373723019729e-05 1.13955829874612e-05 1.12537936729495e-05 1.11120043584378e-05 1.09702150439261e-05 1.10644114101888e-05 1.12372699732077e-05 1.1410127626732e-05 1.1582986189751e-05 1.17558447527699e-05 1.19287024062942e-05 1.21015609693131e-05 1.22760984595516e-05 1.24556763694272e-05 1.26352533698082e-05 1.28148303701892e-05 1.29944082800648e-05 1.31739852804458e-05 1.33535631903214e-05 1.35331401907024e-05 1.3626083273266e-05 1.36901489895536e-05 1.37542147058412e-05 1.3818279512634e-05 1.38823452289216e-05 1.39464100357145e-05 1.40104757520021e-05
1.11320796349901e-05 1.14670137918438e-05 1.18019470392028e-05 1.21368811960565e-05 1.22079300126643e-05 1.21910179586848e-05 1.21741049952107e-05 1.21571929412312e-05 1.2140279977757e-05 1.21233679237776e-05 1.21064549603034e-05 1.20555332614458e-05 1.1902582627954e-05 1.17496319944621e-05 1.15966813609703e-05 1.14437307274784e-05 1.12907800939865e-05 1.11378294604947e-05 1.09848788270028e-05 1.10784203570802e-05 1.1254124729021e-05 1.14298300104565e-05 1.1605535291892e-05 1.17812405733275e-05 1.19569449452683e-05 1.21326502267038e-05 1.23110903587076e-05 1.24977359519107e-05 1.26843806356192e-05 1.28710262288223e-05 1.30576718220254e-05 1.32443165057339e-05 1.3430962098937e-05 1.36176076921402e-05 1.37142969833803e-05 1.37810020532925e-05 1.38477062137099e-05 1.3914411283622e-05 1.39811163535342e-05 1.40478205139516e-05 1.41145255838637e-05
1.11903782453737e-05 1.15326984087005e-05 1.18750185720273e-05 1.22173387353541e-05 1.22929568533436e-05 1.22796736832242e-05 1.22663905131049e-05 1.22531073429855e-05 1.22398241728661e-05 1.22265410027467e-05 1.22132578326273e-05 1.21649309221539e-05 1.20114727906184e-05 1.1858014659083e-05 1.17045556180528e-05 1.15510974865174e-05 1.13976393549819e-05 1.12441812234465e-05 1.10907230919111e-05 1.11807839857647e-05 1.13520172817516e-05 1.15232514872332e-05 1.16944856927148e-05 1.18657198981964e-05 1.20369531941833e-05 1.22081873996649e-05 1.2383933608362e-05 1.25732149172109e-05 1.27624962260597e-05 1.29517775349086e-05 1.31410597532522e-05 1.33303410621011e-05 1.35196223709499e-05 1.37089036797988e-05 1.38090899781673e-05 1.38795776365441e-05 1.39500652949209e-05 1.40205529532977e-05 1.40910406116745e-05 1.41615282700513e-05 1.42320159284282e-05
1.12486768557574e-05 1.15983830255573e-05 1.19480901048519e-05 1.22977971841465e-05 1.2377983694023e-05 1.23683294077637e-05 1.2358676030999e-05 1.23490217447397e-05 1.23393683679751e-05 1.23297140817158e-05 1.23200607049512e-05 1.22743285828619e-05 1.21203620437882e-05 1.19663964142092e-05 1.18124307846301e-05 1.16584642455564e-05 1.15044986159774e-05 1.13505320769036e-05 1.11965664473246e-05 1.12831467049546e-05 1.14499098344822e-05 1.16166729640099e-05 1.17834360935376e-05 1.19501992230653e-05 1.21169614430983e-05 1.22837245726259e-05 1.24567759485217e-05 1.2648693882511e-05 1.28406118165003e-05 1.30325297504896e-05 1.32244476844789e-05 1.34163647089736e-05 1.36082826429629e-05 1.38002005769522e-05 1.39038829729543e-05 1.39781532197958e-05 1.40524234666373e-05 1.41266946229734e-05 1.42009648698149e-05 1.42752351166564e-05 1.43495053634979e-05
1.13069745566463e-05 1.16640685519087e-05 1.20211616376764e-05 1.23782556329388e-05 1.24630105347023e-05 1.24569860417978e-05 1.24509615488932e-05 1.24449370559887e-05 1.24389125630842e-05 1.24328871606849e-05 1.24268626677804e-05 1.238372624357e-05 1.22292522064527e-05 1.207477907883e-05 1.19203050417127e-05 1.17658310045954e-05 1.16113578769728e-05 1.14568838398554e-05 1.13024098027381e-05 1.13855103336391e-05 1.15478023872129e-05 1.17100944407866e-05 1.18723864943604e-05 1.20346785479342e-05 1.21969696920132e-05 1.2359261745587e-05 1.25296191981761e-05 1.27241728478111e-05 1.29187274069409e-05 1.31132810565759e-05 1.33078356157057e-05 1.35023892653408e-05 1.36969429149758e-05 1.38914974741056e-05 1.39986759677413e-05 1.40767288030474e-05 1.41547825478483e-05 1.42328353831545e-05 1.43108891279553e-05 1.43889428727562e-05 1.44669957080623e-05
1.136527316703e-05 1.17297531687655e-05 1.2094233170501e-05 1.24587140817312e-05 1.25480373753817e-05 1.25456417663372e-05 1.25432470667874e-05 1.2540851457743e-05 1.25384558486985e-05 1.25360611491487e-05 1.25336655401043e-05 1.2493123904278e-05 1.23381423691171e-05 1.21831608339562e-05 1.20281792987953e-05 1.18731977636344e-05 1.17182162284735e-05 1.15632356028073e-05 1.14082540676463e-05 1.14878739623236e-05 1.16456949399435e-05 1.18035159175633e-05 1.19613368951832e-05 1.21191569633083e-05 1.22769779409282e-05 1.2434798918548e-05 1.26024624478305e-05 1.2799652722606e-05 1.29968429973815e-05 1.3194033272157e-05 1.33912226374377e-05 1.35884129122132e-05 1.37856031869887e-05 1.39827934617642e-05 1.40934680530336e-05 1.41753043862991e-05 1.42571407195646e-05 1.43389770528302e-05 1.44208133860957e-05 1.45026497193612e-05 1.45844860526267e-05
1.14235717774136e-05 1.17954386951169e-05 1.21673047033255e-05 1.25391716210288e-05 1.2633064216061e-05 1.26342984003713e-05 1.26355325846816e-05 1.26367658594972e-05 1.26380000438076e-05 1.26392342281179e-05 1.26404684124282e-05 1.26025215649861e-05 1.24470325317816e-05 1.22915434985771e-05 1.21360535558779e-05 1.19805645226734e-05 1.18250754894689e-05 1.16695864562644e-05 1.15140974230599e-05 1.15902375910082e-05 1.17435874926741e-05 1.18969373943401e-05 1.2050287296006e-05 1.22036362881772e-05 1.23569861898432e-05 1.25103360915091e-05 1.26753047879902e-05 1.28751316879061e-05 1.30749576783273e-05 1.32747845782433e-05 1.34746105686645e-05 1.36744374685804e-05 1.38742634590017e-05 1.40740903589176e-05 1.41882610478206e-05 1.42738808790455e-05 1.43594998007757e-05 1.44451187225059e-05 1.45307376442361e-05 1.4616357475461e-05 1.47019763971912e-05
1.14067079266533e-05 1.17812960525043e-05 1.21558841783553e-05 1.25304723042063e-05 1.26255781651707e-05 1.26275226648431e-05 1.26294662550208e-05 1.26314107546932e-05 1.26333552543656e-05 1.2635299754038e-05 1.26372442537104e-05 1.26021177493385e-05 1.24557791423285e-05 1.23094414448133e-05 1.21631028378033e-05 1.20167642307933e-05 1.18704256237834e-05 1.17240879262681e-05 1.15777493192581e-05 1.16533246909967e-05 1.18028719953145e-05 1.19524192996323e-05 1.21019666039501e-05 1.22515129987733e-05 1.24010603030911e-05 1.25506076074089e-05 1.27130451801349e-05 1.29141553770751e-05 1.31152646645205e-05 1.33163748614606e-05 1.35174850584008e-05 1.37185943458462e-05 1.39197045427863e-05 1.41208138302318e-05 1.42389644679497e-05 1.43294610097655e-05 1.44199575515813e-05 1.45104540933971e-05 1.46009515447076e-05 1.46914480865235e-05 1.47819446283393e-05
1.13146834337385e-05 1.16873270599172e-05 1.20599715955905e-05 1.24326152217691e-05 1.25255783132161e-05 1.25253145597526e-05 1.25250498967944e-05 1.25247861433309e-05 1.25245214803726e-05 1.25242577269091e-05 1.25239930639509e-05 1.249191336683e-05 1.23643840197474e-05 1.22368546726648e-05 1.21093253255822e-05 1.19817959784996e-05 1.18542675409117e-05 1.17267381938291e-05 1.15992088467465e-05 1.16771361717838e-05 1.18235493573593e-05 1.19699616334401e-05 1.21163748190156e-05 1.22627880045911e-05 1.24092002806719e-05 1.25556134662475e-05 1.27156827147701e-05 1.29167228806182e-05 1.3117763955961e-05 1.33188041218091e-05 1.35198442876572e-05 1.37208844535053e-05 1.39219246193534e-05 1.41229647852015e-05 1.42455764944316e-05 1.43420456879539e-05 1.44385148814763e-05 1.45349840749986e-05 1.4631453268521e-05 1.47279224620434e-05 1.48243916555657e-05
1.1222658031329e-05 1.159335806733e-05 1.19640581033309e-05 1.23347581393318e-05 1.24255793707562e-05 1.2423106454662e-05 1.24206335385679e-05 1.24181606224738e-05 1.24156877063797e-05 1.24132156997803e-05 1.24107427836861e-05 1.23817080748267e-05 1.22729879876715e-05 1.2164268810011e-05 1.20555487228557e-05 1.19468286357005e-05 1.18381085485453e-05 1.172938846139e-05 1.16206683742348e-05 1.17009476525709e-05 1.18442258099094e-05 1.19875048767426e-05 1.21307830340811e-05 1.22740621009143e-05 1.24173402582528e-05 1.2560619325086e-05 1.27183202494052e-05 1.2919291293656e-05 1.31202623379068e-05 1.33212324726628e-05 1.35222035169136e-05 1.37231745611643e-05 1.39241446959204e-05 1.41251157401712e-05 1.42521894304082e-05 1.43546312756371e-05 1.4457073120866e-05 1.45595140566002e-05 1.46619559018291e-05 1.4764397747058e-05 1.48668386827921e-05
1.11306326289196e-05 1.14993890747428e-05 1.1868145520566e-05 1.22369010568946e-05 1.23255795188015e-05 1.23208983495715e-05 1.23162171803415e-05 1.23115360111115e-05 1.23068548418814e-05 1.23021736726514e-05 1.22974915939267e-05 1.22715036923182e-05 1.21815928650904e-05 1.20916820378625e-05 1.20017712106346e-05 1.19118603834067e-05 1.18219495561789e-05 1.17320396384457e-05 1.16421288112178e-05 1.1724759133358e-05 1.18649031719542e-05 1.20050472105504e-05 1.21451921586413e-05 1.22853361972375e-05 1.24254802358337e-05 1.25656242744299e-05 1.27209577840404e-05 1.29218597066938e-05 1.31227607198525e-05 1.33236617330112e-05 1.352456274617e-05 1.37254646688234e-05 1.39263656819821e-05 1.41272666951409e-05 1.42588023663848e-05 1.43672168633202e-05 1.44756304507609e-05 1.45840440382017e-05 1.46924585351371e-05 1.48008721225779e-05 1.49092857100186e-05
1.10386081360048e-05 1.14054200821556e-05 1.17722320283065e-05 1.21390439744573e-05 1.22255796668469e-05 1.2218690244481e-05 1.2211800822115e-05 1.22049104902544e-05 1.21980210678885e-05 1.21911307360278e-05 1.21842413136619e-05 1.2161298400315e-05 1.20901968330145e-05 1.2019095265714e-05 1.19479946079082e-05 1.18768930406077e-05 1.18057914733072e-05 1.17346899060067e-05 1.16635883387062e-05 1.17485706141451e-05 1.1885580533999e-05 1.20225904538529e-05 1.21596003737068e-05 1.22966102935607e-05 1.24336202134145e-05 1.25706301332684e-05 1.27235953186755e-05 1.29244272102369e-05 1.31252591017983e-05 1.33260909933597e-05 1.35269228849211e-05 1.37277538669878e-05 1.39285857585492e-05 1.41294176501106e-05 1.42654153023614e-05 1.43798015415086e-05 1.44941877806559e-05 1.46085740198032e-05 1.47229602589505e-05 1.48373464980978e-05 1.4951732737245e-05
1.09465827335953e-05 1.13114510895684e-05 1.16763194455416e-05 1.204118689202e-05 1.2125580724387e-05 1.21164821393904e-05 1.21073835543939e-05 1.20982858788921e-05 1.20891872938955e-05 1.2080088708899e-05 1.20709910333971e-05 1.20510940178065e-05 1.19988017104333e-05 1.19465094030602e-05 1.18942170956871e-05 1.18419247883139e-05 1.17896324809408e-05 1.17373401735676e-05 1.16850478661945e-05 1.17723820949323e-05 1.19062578960438e-05 1.20401327876607e-05 1.21740085887723e-05 1.23078843898838e-05 1.24417601909954e-05 1.2575635992107e-05 1.27262337628054e-05 1.29269956232747e-05 1.31277574837441e-05 1.33285202537081e-05 1.35292821141775e-05 1.37300439746468e-05 1.39308067446109e-05 1.41315686050802e-05 1.4272028238338e-05 1.43923871291918e-05 1.45127451105509e-05 1.46331040014047e-05 1.47534628922585e-05 1.48738208736177e-05 1.49941797644715e-05
