data/working_set_collections/6091692-Cassins_Sparrow-M2/1980/rzmc_avg.asc
NCOLS 265 
NROWS 230 
XLLCORNER -115.5625 
YLLCORNER 24.8333333333333 
CELLSIZE 0.0833333333333333 
NODATA_value -9999 
[rows 100 to 119 of 230, columns 88 to 131 of 265]
0.187056377530098 0.183732196688652 0.181402608752251 0.179073020815849 0.176743417978287 0.174413830041885 0.172084242105484 0.169754654169083 0.16742505133152 0.16674716770649 0.166619852185249 0.166492521762848 0.166365206241608 0.166237890720367 0.166110560297966 0.165983244776726 0.166142866015434 0.167163342237473 0.168183818459511 0.169204294681549 0.170224770903587 0.171245232224464 0.172265708446503 0.173286184668541 0.176549658179283 0.180560812354088 0.184571966528893 0.188583105802536 0.192594259977341 0.196605399250984 0.200616553425789 0.202653229236603 0.198766484856606 0.194879755377769 0.190993010997772 0.187106266617775 0.183219537138939 0.179332792758942 0.175446063280106 0.173638597130775 0.172524228692055 0.171409875154495 0.170295506715775 0.169181138277054
0.186988919973373 0.18393711745739 0.181675463914871 0.179413825273514 0.177152171730995 0.174890518188477 0.172628879547119 0.170367226004601 0.168105587363243 0.167233005166054 0.166823446750641 0.166413903236389 0.166004344820976 0.165594801306725 0.165185242891312 0.16477569937706 0.164712488651276 0.165688291192055 0.166664108633995 0.167639926075935 0.168615728616714 0.169591546058655 0.170567363500595 0.171543166041374 0.17528261244297 0.179943263530731 0.184603899717331 0.189264550805092 0.193925201892853 0.198585852980614 0.203246504068375 0.20563468337059 0.201205417513847 0.196776151657104 0.192346900701523 0.18791763484478 0.183488368988037 0.179059118032455 0.174629852175713 0.172667428851128 0.171527281403542 0.170387148857117 0.169247001409531 0.168106868863106
0.186514168977737 0.183808133006096 0.181633204221725 0.179458260536194 0.177283331751823 0.175108402967453 0.172933474183083 0.170758545398712 0.168583601713181 0.167600184679031 0.167013928294182 0.166427657008171 0.165841400623322 0.165255144238472 0.164668887853622 0.164082631468773 0.163887023925781 0.164863377809525 0.165839716792107 0.16681607067585 0.167792424559593 0.168768763542175 0.169745117425919 0.170721456408501 0.174421235918999 0.179028809070587 0.183636397123337 0.188243970274925 0.192851558327675 0.197459131479263 0.202066719532013 0.204417377710342 0.199997290968895 0.195577189326286 0.191157087683678 0.18673700094223 0.182316899299622 0.177896797657013 0.173476710915565 0.17156246304512 0.170483499765396 0.169404536485672 0.168325573205948 0.167246624827385
0.185632109642029 0.18334524333477 0.181275799870491 0.179206356406212 0.177136912941933 0.175067469477654 0.172998026013374 0.170928582549095 0.168859139084816 0.167848691344261 0.167191252112389 0.166533812880516 0.165876373648643 0.165218934416771 0.164561495184898 0.163904055953026 0.163666501641273 0.164688587188721 0.165710657835007 0.166732743382454 0.16775481402874 0.168776899576187 0.169798985123634 0.17082105576992 0.17396554350853 0.177817478775978 0.181669428944588 0.185521364212036 0.189373314380646 0.193225249648094 0.197077199816704 0.199001342058182 0.195142090320587 0.191282853484154 0.187423601746559 0.183564350008965 0.179705113172531 0.175845861434937 0.171986609697342 0.170323684811592 0.169392868876457 0.168462052941322 0.167531222105026 0.166600406169891
0.184750065207481 0.182882368564606 0.180918410420418 0.17895445227623 0.176990494132042 0.175026535987854 0.173062577843666 0.171098619699478 0.16913466155529 0.168097198009491 0.167368590831757 0.166639968752861 0.165911346673965 0.16518272459507 0.164454102516174 0.163725480437279 0.163445979356766 0.164513781666756 0.165581598877907 0.166649416089058 0.167717218399048 0.168785035610199 0.16985285282135 0.17092065513134 0.173509836196899 0.176606148481369 0.179702460765839 0.182798758149147 0.185895070433617 0.188991367816925 0.192087680101395 0.193585306406021 0.190286904573441 0.186988517642021 0.183690115809441 0.18039171397686 0.177093327045441 0.17379492521286 0.17049652338028 0.169084921479225 0.168302237987518 0.167519554495811 0.166736871004105 0.165954187512398
0.183868020772934 0.18241947889328 0.180561006069183 0.178702533245087 0.17684406042099 0.174985587596893 0.173127129673958 0.171268656849861 0.169410184025764 0.168345719575882 0.167545914649963 0.166746109724045 0.165946319699287 0.165146514773369 0.16434670984745 0.163546919822693 0.163225442171097 0.164338991045952 0.165452539920807 0.166566088795662 0.167679622769356 0.168793171644211 0.169906720519066 0.17102025449276 0.17305414378643 0.17539481818676 0.177735477685928 0.180076152086258 0.182416811585426 0.184757485985756 0.187098160386086 0.18816927075386 0.185431718826294 0.182694166898727 0.179956629872322 0.177219077944756 0.174481526017189 0.171743988990784 0.169006437063217 0.167846143245697 0.167211607098579 0.166577070951462 0.165942519903183 0.165307983756065
0.182985976338387 0.181956589221954 0.180203601717949 0.178450629115105 0.176697641611099 0.174944654107094 0.17319168150425 0.171438694000244 0.169685706496239 0.168594226241112 0.167723253369331 0.16685226559639 0.165981277823448 0.165110304951668 0.164239317178726 0.163368344306946 0.163004919886589 0.164164200425148 0.165323480963707 0.166482746601105 0.167642027139664 0.168801307678223 0.169960588216782 0.171119868755341 0.172598451375961 0.174183487892151 0.175768509507179 0.177353546023369 0.178938567638397 0.180523604154587 0.182108625769615 0.1827532351017 0.180576533079147 0.178399831056595 0.176223143935204 0.174046441912651 0.171869739890099 0.169693052768707 0.167516350746155 0.16660737991333 0.16612097620964 0.165634572505951 0.165148168802261 0.164661765098572
0.182103931903839 0.181493699550629 0.179846212267876 0.178198710083961 0.176551222801208 0.174903720617294 0.173256233334541 0.171608731150627 0.169961228966713 0.168842732906342 0.167900577187538 0.166958421468735 0.16601625084877 0.165074095129967 0.164131924510002 0.163189768791199 0.162784397602081 0.163989409804344 0.165194422006607 0.166399419307709 0.167604431509972 0.168809443712234 0.170014455914497 0.17121946811676 0.172142758965492 0.172972157597542 0.17380154132843 0.17463093996048 0.175460323691368 0.176289722323418 0.177119106054306 0.177337184548378 0.175721347332001 0.174105495214462 0.172489643096924 0.170873805880547 0.169257953763008 0.16764210164547 0.166026264429092 0.165368601679802 0.165030345320702 0.16469207406044 0.16435381770134 0.164015561342239
0.181444153189659 0.181085407733917 0.17952398955822 0.177962571382523 0.176401153206825 0.174839749932289 0.173278331756592 0.171716913580894 0.170155495405197 0.169042199850082 0.168078288435936 0.16711437702179 0.166150450706482 0.165186539292336 0.164222627878189 0.163258701562881 0.162851646542549 0.164115116000175 0.165378600358963 0.166642084717751 0.167905569076538 0.169169038534164 0.170432522892952 0.17169600725174 0.172274991869926 0.172625824809074 0.172976657748222 0.17332749068737 0.173678323626518 0.174029141664505 0.174379974603653 0.174310475587845 0.172979965806007 0.171649470925331 0.170318961143494 0.168988451361656 0.16765795648098 0.166327446699142 0.164996936917305 0.164462223649025 0.164192780852318 0.163923323154449 0.163653865456581 0.163384422659874
0.18100668489933 0.180731683969498 0.179236948490143 0.177742198109627 0.176247462630272 0.174752727150917 0.173257976770401 0.171763241291046 0.17026849091053 0.169192627072334 0.168256387114525 0.167320132255554 0.166383892297745 0.165447652339935 0.164511412382126 0.163575157523155 0.163206651806831 0.164541348814964 0.165876030921936 0.167210727930069 0.168545410037041 0.169880107045174 0.171214789152145 0.172549486160278 0.172995164990425 0.17314450442791 0.173293858766556 0.173443198204041 0.173592552542686 0.173741891980171 0.173891231417656 0.173673078417778 0.172352403402328 0.17103174328804 0.169711068272591 0.168390408158302 0.167069733142853 0.165749058127403 0.164428398013115 0.163888245820999 0.163608267903328 0.163328304886818 0.163048326969147 0.162768363952637
0.18056920170784 0.180377975106239 0.178949907422066 0.177521839737892 0.176093772053719 0.174665704369545 0.17323762178421 0.171809554100037 0.170381486415863 0.169343039393425 0.168434470891953 0.16752590239048 0.166617333889008 0.165708765387535 0.164800196886063 0.163891613483429 0.163561671972275 0.164967566728592 0.166373461484909 0.167779371142387 0.169185265898705 0.170591160655022 0.1719970703125 0.173402965068817 0.173715338110924 0.173663198947906 0.173611059784889 0.173558920621872 0.173506781458855 0.173454642295837 0.17340250313282 0.173035681247711 0.171724855899811 0.170414015650749 0.169103175401688 0.167792350053787 0.166481509804726 0.165170684456825 0.163859844207764 0.163314267992973 0.163023769855499 0.162733286619186 0.162442788481712 0.162152290344238
0.18013171851635 0.180024266242981 0.178662866353989 0.177301466464996 0.175940066576004 0.174578681588173 0.173217281699181 0.171855881810188 0.170494481921196 0.169493466615677 0.168612569570541 0.167731672525406 0.16685077548027 0.165969878435135 0.165088981389999 0.164208069443703 0.163916677236557 0.16539378464222 0.166870892047882 0.168348014354706 0.169825121760368 0.171302229166031 0.172779336571693 0.174256443977356 0.174435511231422 0.174181878566742 0.173928260803223 0.173674628138542 0.173421010375023 0.173167377710342 0.172913759946823 0.172398284077644 0.171097293496132 0.169796288013458 0.168495297431946 0.167194291949272 0.165893286466599 0.164592295885086 0.163291290402412 0.162740290164948 0.162439271807671 0.162138268351555 0.161837249994278 0.161536231637001
0.17969423532486 0.179670542478561 0.178375825285912 0.177081093192101 0.175786375999451 0.174491658806801 0.17319692671299 0.17190220952034 0.170607477426529 0.169643878936768 0.168790653347969 0.167937427759171 0.167084202170372 0.166230976581573 0.165377750992775 0.164524525403976 0.164271697402 0.165820017457008 0.167368337512016 0.168916657567024 0.170464962720871 0.172013282775879 0.173561602830887 0.175109922885895 0.17515566945076 0.174700558185577 0.174245461821556 0.173790350556374 0.173335239291191 0.172880128026009 0.172425016760826 0.171760901808739 0.170469731092453 0.169178560376167 0.167887404561043 0.166596233844757 0.165305078029633 0.164013907313347 0.162722751498222 0.162166312336922 0.161854773759842 0.161543235182762 0.161231711506844 0.160920172929764
0.179256752133369 0.179316833615303 0.178088784217834 0.176860734820366 0.175632685422897 0.174404636025429 0.17317658662796 0.17194852232933 0.170720472931862 0.169794306159019 0.168968752026558 0.168143197894096 0.167317643761635 0.166492089629173 0.165666535496712 0.16484098136425 0.164626702666283 0.166246235370636 0.167865768074989 0.169485285878181 0.171104818582535 0.172724351286888 0.174343883991241 0.175963401794434 0.175875842571259 0.175219252705574 0.17456266283989 0.173906058073044 0.173249468207359 0.172592878341675 0.171936273574829 0.171123504638672 0.169842168688774 0.168560847640038 0.16727951169014 0.165998190641403 0.164716854691505 0.163435533642769 0.162154197692871 0.161592319607735 0.161270275712013 0.160948216915131 0.160626173019409 0.160304114222527
0.180352285504341 0.180242270231247 0.179024025797844 0.177805781364441 0.176587522029877 0.175369277596474 0.174151033163071 0.172932788729668 0.171714544296265 0.170685961842537 0.169720619916916 0.168755263090134 0.167789921164513 0.16682456433773 0.165859222412109 0.164893880486488 0.16458061337471 0.166223600506783 0.167866587638855 0.169509574770927 0.171152561903 0.172795549035072 0.174438536167145 0.176081523299217 0.17597196996212 0.17527824640274 0.174584522843361 0.17389078438282 0.173197060823441 0.1725033223629 0.17180959880352 0.170968189835548 0.169683769345284 0.168399333953857 0.167114898562431 0.165830478072166 0.16454604268074 0.163261607289314 0.161977186799049 0.161350339651108 0.160942703485489 0.16053506731987 0.160127431154251 0.159719794988632
0.182980835437775 0.182446867227554 0.18118155002594 0.179916232824326 0.178650915622711 0.177385598421097 0.176120281219482 0.174854978919029 0.173589661717415 0.172318875789642 0.171046257019043 0.169773638248444 0.168501034379005 0.167228415608406 0.165955811738968 0.164683192968369 0.16413339972496 0.165752097964287 0.167370796203613 0.16898949444294 0.170608192682266 0.172226890921593 0.173845589160919 0.175464287400246 0.175444066524506 0.174877554178238 0.17431104183197 0.173744529485703 0.173178017139435 0.172611489892006 0.172044977545738 0.171294972300529 0.169994503259659 0.168694034218788 0.167393565177917 0.166093096137047 0.164792627096176 0.163492158055305 0.162191689014435 0.16144035756588 0.160872086882591 0.160303801298141 0.159735515713692 0.159167230129242
0.185609385371208 0.184651464223862 0.183339074254036 0.182026699185371 0.180714309215546 0.17940191924572 0.178089544177055 0.17677715420723 0.175464779138565 0.173951774835587 0.17237189412117 0.170792013406754 0.169212147593498 0.167632266879082 0.166052386164665 0.164472505450249 0.163686200976372 0.165280610322952 0.166875019669533 0.168469414114952 0.170063823461533 0.171658232808113 0.173252642154694 0.174847036600113 0.174916163086891 0.174476861953735 0.17403756082058 0.173598259687424 0.173158958554268 0.172719657421112 0.172280356287956 0.171621754765511 0.170305252075195 0.16898874938488 0.167672231793404 0.166355729103088 0.165039226412773 0.163722708821297 0.162406206130981 0.161530375480652 0.160801455378532 0.160072520375252 0.159343585371971 0.158614665269852
0.188237935304642 0.186856046319008 0.185496598482132 0.184137150645256 0.18277770280838 0.181418254971504 0.180058792233467 0.178699344396591 0.177339896559715 0.175584673881531 0.173697531223297 0.171810388565063 0.16992324590683 0.168036103248596 0.166148975491524 0.16426183283329 0.163239002227783 0.164809107780457 0.166379228234291 0.167949333786964 0.169519454240799 0.171089574694633 0.172659680247307 0.174229800701141 0.174388259649277 0.174076169729233 0.17376409471035 0.173452004790306 0.173139914870262 0.172827824950218 0.172515735030174 0.171948537230492 0.170615985989571 0.169283449649811 0.16795089840889 0.16661836206913 0.165285810828209 0.163953259587288 0.162620723247528 0.161620393395424 0.160730823874474 0.159841254353523 0.158951669931412 0.158062100410461
0.190866485238075 0.189060643315315 0.187654122710228 0.186247617006302 0.184841096401215 0.183434575796127 0.18202805519104 0.180621534585953 0.179215013980865 0.177217587828636 0.175023183226585 0.172828763723373 0.170634359121323 0.168439954519272 0.166245549917221 0.16405114531517 0.162791788578033 0.164337620139122 0.165883436799049 0.167429268360138 0.168975085020065 0.170520916581154 0.172066733241081 0.173612549901009 0.173860356211662 0.17367547750473 0.173490613698959 0.173305734992027 0.173120871186256 0.172935992479324 0.172751113772392 0.172275319695473 0.170926734805107 0.169578149914742 0.168229565024376 0.16688098013401 0.165532395243645 0.164183810353279 0.162835225462914 0.161710426211357 0.160660192370415 0.159609973430634 0.158559754490852 0.15750952064991
0.193495020270348 0.191265240311623 0.189811661839485 0.188358068466187 0.186904489994049 0.18545089662075 0.183997303247452 0.182543724775314 0.181090131402016 0.17885048687458 0.176348820328712 0.173847138881683 0.171345472335815 0.168843805789948 0.166342124342918 0.16384045779705 0.162344589829445 0.163866117596626 0.165387660264969 0.16690918803215 0.168430715799332 0.169952243566513 0.171473786234856 0.172995314002037 0.173332452774048 0.173274800181389 0.173217132687569 0.17315948009491 0.173101812601089 0.17304416000843 0.172986507415771 0.172602102160454 0.171237483620644 0.169872850179672 0.168508231639862 0.167143613100052 0.165778994560242 0.16441436111927 0.16304974257946 0.161800444126129 0.160589560866356 0.159378692507744 0.158167824149132 0.15695695579052
