data/working_set_collections/6091692-Cassins_Sparrow-M2/1980/rzmc_avg.asc
NCOLS 265 
NROWS 230 
XLLCORNER -115.5625 
YLLCORNER 24.8333333333333 
CELLSIZE 0.0833333333333333 
NODATA_value -9999 
[rows 140 to 159 of 230, columns 0 to 43 of 265]
0.174451425671577 0.17948742210865 0.184523418545723 0.189559414982796 0.194595411419868 0.199631407856941 0.204667404294014 0.204232662916183 0.201974332332611 0.199715986847878 0.197457656264305 0.195199325680733 0.19294099509716 0.190682649612427 0.187998399138451 0.184036418795586 0.180074423551559 0.176112428307533 0.172150433063507 0.168188437819481 0.164226442575455 0.160264447331429 0.159295707941055 0.159324735403061 0.159353747963905 0.15938276052475 0.159411787986755 0.1594408005476 0.159469813108444 0.15971228480339 0.160595133900642 0.161477968096733 0.162360817193985 0.163243666291237 0.164126500487328 0.165009349584579 0.16589218378067 0.166933998465538 0.16802878677845 0.169123589992523 0.170218378305435 0.171313166618347 0.17240796983242 0.173502758145332
0.176561668515205 0.181317657232285 0.186073645949364 0.190829634666443 0.195585623383522 0.200341612100601 0.20509760081768 0.204717695713043 0.202625826001167 0.200533956289291 0.198442071676254 0.196350201964378 0.194258332252502 0.192166462540627 0.189579769968987 0.185508638620377 0.181437492370605 0.177366361021996 0.173295214772224 0.169224083423615 0.165152937173843 0.161081805825233 0.160044923424721 0.160019472241402 0.159994021058083 0.159968569874763 0.159943118691444 0.159917667508125 0.159892201423645 0.16010245680809 0.161019802093506 0.16193713247776 0.162854477763176 0.163771823048592 0.164689168334007 0.165606513619423 0.166523844003677 0.167606920003891 0.16874523460865 0.169883564114571 0.17102187871933 0.172160193324089 0.173298507928848 0.174436822533607
0.178671911358833 0.183147892355919 0.187623873353004 0.19209985435009 0.196575835347176 0.201051816344261 0.205527797341347 0.205202743411064 0.203277319669724 0.201351910829544 0.199426501989365 0.197501093149185 0.195575669407845 0.193650260567665 0.191161140799522 0.186980858445168 0.182800576090813 0.178620293736458 0.174440011382103 0.170259729027748 0.166079446673393 0.161899164319038 0.160794138908386 0.160714223980904 0.16063429415226 0.160554379224777 0.160474449396133 0.16039451956749 0.160314604640007 0.160492613911629 0.161444455385208 0.162396296858788 0.163348138332367 0.164299979805946 0.165251821279526 0.166203662753105 0.167155504226685 0.168279856443405 0.169461697340012 0.170643523335457 0.171825364232063 0.17300720512867 0.174189046025276 0.175370886921883
0.180782154202461 0.184978127479553 0.189174100756645 0.193370074033737 0.197566047310829 0.201762020587921 0.205957993865013 0.205687776207924 0.203928828239441 0.202169880270958 0.200410917401314 0.198651969432831 0.196893021464348 0.195134073495865 0.192742496728897 0.188453078269958 0.184163644909859 0.179874211549759 0.17558479309082 0.171295359730721 0.167005941271782 0.162716507911682 0.161543354392052 0.161408960819244 0.161274567246437 0.16114017367363 0.161005780100822 0.160871386528015 0.160736992955208 0.160882785916328 0.161869123578072 0.162855461239815 0.163841798901558 0.164828151464462 0.165814489126205 0.166800826787949 0.167787179350853 0.168952777981758 0.170178145170212 0.171403497457504 0.172628864645958 0.173854231834412 0.175079584121704 0.176304951310158
0.183015391230583 0.186856657266617 0.190697938203812 0.194539219141006 0.198380500078201 0.202221781015396 0.206063061952591 0.205874651670456 0.204343006014824 0.202811360359192 0.20127971470356 0.199748069047928 0.198216423392296 0.196684777736664 0.19448584318161 0.190285012125969 0.186084181070328 0.181883364915848 0.177682533860207 0.173481717705727 0.169280886650085 0.165080055594444 0.163808107376099 0.163512453436852 0.163216799497604 0.162921160459518 0.162625506520271 0.162329852581024 0.162034198641777 0.162038639187813 0.16294339299202 0.163848161697388 0.164752915501595 0.165657669305801 0.166562423110008 0.167467191815376 0.168371945619583 0.16952820122242 0.170768305659294 0.172008395195007 0.173248499631882 0.174488589167595 0.175728678703308 0.176968783140182
0.185371622443199 0.188783511519432 0.192195415496826 0.195607304573059 0.199019193649292 0.202431097626686 0.205842986702919 0.205763339996338 0.204519852995872 0.203276365995407 0.202032878994942 0.200789377093315 0.19954589009285 0.198302403092384 0.1963911652565 0.19247667491436 0.188562199473381 0.184647724032402 0.180733233690262 0.176818758249283 0.172904282808304 0.168989807367325 0.167588412761688 0.167024701833725 0.166461005806923 0.165897309780121 0.165333598852158 0.164769902825356 0.164206206798553 0.163960203528404 0.164667293429375 0.165374383330345 0.166081473231316 0.166788563132286 0.167495653033257 0.168202742934227 0.168909832835197 0.17000612616539 0.171232178807259 0.172458216547966 0.173684254288673 0.174910292029381 0.176136329770088 0.177362367510796
0.187727853655815 0.190710365772247 0.19369287788868 0.196675390005112 0.199657902121544 0.202640414237976 0.205622926354408 0.205652043223381 0.204696699976921 0.203741371631622 0.202786028385162 0.201830700039864 0.200875356793404 0.199920013546944 0.19829648733139 0.194668352603912 0.191040217876434 0.187412083148956 0.183783948421478 0.180155813694 0.176527678966522 0.172899544239044 0.171368703246117 0.170536950230598 0.16970519721508 0.168873459100723 0.168041706085205 0.167209953069687 0.166378200054169 0.165881752967834 0.166391178965569 0.166900590062141 0.167410016059875 0.16791944205761 0.168428868055344 0.168938294053078 0.169447720050812 0.17048405110836 0.171696037054062 0.172908022999763 0.174120008945465 0.175331994891167 0.176543980836868 0.17775596678257
0.190084084868431 0.192637220025063 0.195190340280533 0.197743460536003 0.200296595692635 0.202849715948105 0.205402851104736 0.205540746450424 0.204873561859131 -9999 0.203539192676544 -9999 -9999 0.201537638902664 0.200201809406281 0.196860015392303 0.193518221378326 0.190176442265511 0.186834648251534 0.183492854237556 0.180151075124741 0.176809281110764 0.175148993730545 0.174049198627472 0.172949403524399 0.171849608421326 0.170749798417091 0.169650003314018 0.168550208210945 0.167803302407265 0.168115064501762 0.168426811695099 0.168738573789597 0.169050335884094 0.169362083077431 0.169673845171928 0.169985592365265 0.170961976051331 0.172159910202026 0.173357844352722 0.174555763602257 0.175753697752953 0.176951631903648 0.178149551153183
0.192440316081047 0.194564059376717 0.196687802672386 0.198811545968056 0.200935289263725 0.203059032559395 0.205182775855064 0.205429449677467 0.205050408840179 -9999 -9999 -9999 -9999 -9999 0.202107116580009 0.199051678180695 0.19599623978138 0.192940801382065 0.189885348081589 0.186829909682274 0.183774471282959 0.180719017982483 0.178929284214973 0.177561432123184 0.176193594932556 0.174825757741928 0.173457905650139 0.172090068459511 0.170722216367722 0.169724866747856 0.169838950037956 0.169953033328056 0.170067131519318 0.170181214809418 0.170295298099518 0.170409396290779 0.170523479580879 0.171439915895462 0.172623783349991 0.17380765080452 0.17499153316021 0.176175400614738 0.177359268069267 0.178543150424957
0.194796547293663 0.196490913629532 0.19818526506424 0.199879631400108 0.201573997735977 0.203268349170685 0.204962715506554 0.205318138003349 0.205227270722389 -9999 -9999 -9999 -9999 -9999 -9999 -9999 0.198474243283272 0.195705145597458 0.192936047911644 -9999 -9999 0.184628769755363 0.182709574699402 0.181073680520058 0.179437786340714 0.177801907062531 0.176166012883186 0.174530118703842 0.172894224524498 0.171646416187286 0.17156283557415 0.171479254961014 0.171395674347878 0.171312108635902 0.171228528022766 0.17114494740963 0.171061366796494 0.171917840838432 0.173087656497955 0.174257472157478 0.175427287817001 0.176597103476524 0.177766919136047 0.17893673479557
0.193894386291504 0.195101365447044 0.196308344602585 0.197515338659286 0.198722317814827 0.199929296970367 0.201136291027069 0.201450973749161 0.201468214392662 -9999 -9999 -9999 -9999 -9999 -9999 -9999 -9999 -9999 -9999 -9999 -9999 -9999 0.186804935336113 0.185011744499207 0.183218538761139 0.181425347924232 0.179632142186165 0.177838951349258 0.176045745611191 0.174605339765549 0.174223333597183 0.173841312527657 0.173459306359291 0.173077285289764 0.172695279121399 0.172313258051872 0.171931251883507 0.172634184360504 0.173698782920837 0.174763366580009 0.175827965140343 0.176892563700676 0.177957147359848 0.179021745920181
0.189733803272247 0.190395429730415 0.191057041287422 0.191718652844429 0.192380279302597 0.193041890859604 0.193703517317772 0.193827927112579 0.193773254752159 -9999 -9999 -9999 -9999 -9999 -9999 -9999 -9999 -9999 -9999 -9999 -9999 -9999 -9999 0.18937560915947 0.187535852193832 0.185696080327034 0.183856308460236 0.182016536593437 0.1801767796278 0.178601652383804 0.177820429205894 0.177039206027985 0.176257997751236 0.175476774573326 0.174695551395416 0.173914343118668 0.173133119940758 0.173588961362839 0.174457162618637 0.175325363874435 0.176193565130234 0.177061766386032 0.17792996764183 0.178798168897629
0.185573220252991 0.185689479112625 0.18580573797226 0.185921981930733 0.186038240790367 0.18615448474884 0.186270743608475 0.186204880475998 0.186078295111656 -9999 -9999 -9999 -9999 -9999 -9999 -9999 -9999 -9999 -9999 -9999 -9999 -9999 -9999 -9999 -9999 0.189966812729836 0.188080474734306 0.186194136738777 0.184307798743248 0.182597950100899 0.181417524814606 0.180237099528313 0.17905667424202 0.177876263856888 0.176695838570595 0.175515413284302 0.174334987998009 0.174543738365173 0.175215542316437 0.175887361168861 0.176559165120125 0.177230969071388 0.177902773022652 0.178574576973915
0.181412652134895 0.180983543395996 0.180554419755936 0.180125311017036 0.179696202278137 0.179267078638077 0.178837969899178 0.178581833839417 0.178383350372314 -9999 -9999 -9999 -9999 -9999 -9999 -9999 -9999 -9999 -9999 -9999 -9999 -9999 -9999 -9999 -9999 -9999 -9999 -9999 -9999 0.186594247817993 0.185014620423317 0.183434993028641 0.181855365633965 0.180275738239288 0.178696125745773 0.177116498351097 0.175536870956421 0.175498515367508 0.175973936915398 0.176449343562126 0.176924765110016 0.177400171756744 0.177875593304634 0.178350999951363
0.177252069115639 0.176277592778206 0.175303116440773 0.17432864010334 0.173354148864746 0.172379672527313 0.17140519618988 0.170958787202835 0.170688390731812 -9999 -9999 -9999 -9999 -9999 -9999 -9999 -9999 -9999 -9999 -9999 -9999 -9999 -9999 -9999 -9999 -9999 -9999 -9999 -9999 0.190590545535088 0.188611716032028 0.186632886528969 0.184654057025909 0.18267522752285 0.180696398019791 0.178717568516731 0.176738739013672 0.176453292369843 0.176732316613197 0.177011340856552 0.177290365099907 0.177569374442101 0.177848398685455 0.17812742292881
0.173091500997543 0.171571657061577 0.170051798224449 0.168531954288483 0.167012110352516 0.16549226641655 0.163972422480583 0.163335740566254 0.162993431091309 -9999 -9999 -9999 -9999 -9999 -9999 -9999 -9999 -9999 -9999 -9999 -9999 -9999 -9999 -9999 -9999 -9999 -9999 -9999 -9999 0.194586858153343 0.192208826541901 0.189830780029297 0.187452748417854 0.185074716806412 0.182696685194969 0.180318653583527 0.177940607070923 0.177408069372177 0.177490696310997 0.177573323249817 0.177655965089798 0.177738592028618 0.177821218967438 0.177903845906258
0.170693323016167 0.169307768344879 0.167922228574753 0.166536673903465 0.165151134133339 0.163765579462051 0.162380024790764 0.161539599299431 0.160880878567696 0.160222142934799 -9999 -9999 -9999 -9999 -9999 -9999 -9999 -9999 -9999 -9999 -9999 -9999 -9999 -9999 -9999 -9999 -9999 -9999 -9999 0.198032364249229 0.195311471819878 0.192590594291687 0.189869701862335 0.187148809432983 0.184427917003632 0.18170702457428 0.178986132144928 0.178238749504089 0.178149193525314 0.1780596524477 0.177970096468925 0.17788054049015 0.177790999412537 0.177701443433762
0.170057564973831 0.169485971331596 0.168914377689362 0.168342784047127 0.167771190404892 0.167199596762657 0.166628003120422 0.165570378303528 0.164350718259811 0.163131058216095 -9999 -9999 -9999 -9999 -9999 -9999 -9999 -9999 -9999 -9999 -9999 -9999 -9999 -9999 -9999 -9999 -9999 -9999 -9999 0.200927093625069 0.197919696569443 0.194912299513817 0.191904902458191 0.188897505402565 0.185890108346939 0.182882711291313 0.179875314235687 0.178945332765579 0.178707808256149 0.178470298647881 0.178232774138451 0.177995264530182 0.177757740020752 0.177520215511322
0.169421792030334 0.169664159417152 0.16990652680397 0.170148894190788 0.170391261577606 0.170633628964424 0.170875996351242 0.169601142406464 0.167820557951927 0.166039973497391 0.164259389042854 -9999 -9999 -9999 -9999 -9999 -9999 -9999 -9999 -9999 -9999 -9999 -9999 -9999 -9999 -9999 -9999 -9999 -9999 0.203821808099747 0.200527906417847 0.197234004735947 0.193940103054047 0.190646201372147 0.187352299690247 0.184058398008347 0.180764496326447 0.179651901125908 0.179266422986984 0.178880944848061 0.178495451807976 0.178109973669052 0.177724480628967 0.177339002490044
0.168786033987999 0.169842347502708 0.170898675918579 0.17195500433445 0.17301133275032 0.17406764626503 0.175123974680901 0.173631921410561 0.171290397644043 0.168948888778687 0.16660737991333 0.164265856146812 -9999 -9999 -9999 -9999 -9999 -9999 -9999 -9999 -9999 -9999 -9999 -9999 -9999 -9999 -9999 -9999 -9999 0.206716522574425 0.203136116266251 0.199555709958076 0.195975303649902 0.192394897341728 0.188814491033554 0.18523408472538 0.181653678417206 0.180358484387398 0.179825037717819 0.179291591048241 0.178758129477501 0.178224682807922 0.177691236138344 0.177157789468765
