data/working_set_collections/6091692-Cassins_Sparrow-M2/1980/rzmc_avg.asc
NCOLS 265 
NROWS 230 
XLLCORNER -115.5625 
YLLCORNER 24.8333333333333 
CELLSIZE 0.0833333333333333 
NODATA_value -9999 
[rows 140 to 159 of 230, columns 176 to 219 of 265]
0.18342699110508 0.185393631458282 0.187360256910324 0.188259392976761 0.185956001281738 0.183652624487877 0.181349232792854 0.179045855998993 0.176742479205132 0.174439087510109 0.172135710716248 0.171988412737846 0.172559812664986 0.173131197690964 0.173702597618103 0.174273997545242 0.174845397472382 0.175416797399521 0.176821291446686 0.180725067853928 0.184628844261169 0.18853260576725 0.192436382174492 0.196340158581734 0.200243934988976 0.204147696495056 0.208183988928795 0.212264433503151 0.216344878077507 0.220425337553024 0.22450578212738 0.228586226701736 0.232666686177254 0.237631514668465 0.245249480009079 0.252867430448532 0.260485410690308 0.268103361129761 0.275721341371536 0.283339321613312 0.290957272052765 0.293513566255569 0.294382661581039 0.295251727104187
0.189574062824249 0.19214928150177 0.194724515080452 0.195813685655594 0.192444756627083 0.189075812697411 0.185706868767738 0.182337924838066 0.178968995809555 0.175600051879883 0.172231107950211 0.171782582998276 0.172307506203651 0.172832444310188 0.173357382416725 0.173882305622101 0.174407243728638 0.174932181835175 0.176598280668259 0.181687891483307 0.186777502298355 0.191867098212242 0.19695670902729 0.202046319842339 0.207135930657387 0.212225541472435 0.216626107692719 0.220797002315521 0.224967896938324 0.229138791561127 0.233309686183929 0.237480580806732 0.241651475429535 0.246351391077042 0.25263836979866 0.258925378322601 0.26521235704422 0.271499335765839 0.27778634428978 0.284073323011398 0.290360331535339 0.292590141296387 0.293467581272125 0.294345021247864
0.19572114944458 0.198904946446419 0.202088758349419 0.203367993235588 0.198933497071266 0.194499000906944 0.190064504742622 0.1856300085783 0.181195512413979 0.176761016249657 0.172326520085335 0.171576753258705 0.172055214643478 0.172533690929413 0.173012152314186 0.173490613698959 0.173969089984894 0.174447551369667 0.176375269889832 0.182650715112686 0.188926160335541 0.195201590657234 0.201477035880089 0.207752481102943 0.214027926325798 0.220303371548653 0.225068226456642 0.229329571127892 0.233590915799141 0.237852245569229 0.242113590240479 0.246374920010567 0.250636249780655 0.25507128238678 0.260027289390564 0.264983296394348 0.269939303398132 0.274895310401917 0.279851347208023 0.284807354211807 0.289763361215591 0.291666716337204 0.292552530765533 0.293438345193863
0.20186822116375 0.205660611391068 0.209453001618385 0.210922285914421 0.20542223751545 0.199922174215317 0.194422125816345 0.188922077417374 0.183422029018402 0.177921980619431 0.172421932220459 0.171370923519135 0.171802923083305 0.172234922647476 0.172666922211647 0.173098936676979 0.17353093624115 0.173962935805321 0.176152259111404 0.183613538742065 0.191074818372726 0.198536098003387 0.205997362732887 0.213458642363548 0.220919921994209 0.22838120162487 0.233510360121727 0.237862139940262 0.242213919758797 0.246565699577332 0.250917494297028 0.255269259214401 0.259621053934097 0.263791143894196 0.267416179180145 0.271041214466095 0.274666249752045 0.278291285037994 0.281916350126266 0.285541385412216 0.289166420698166 0.290743291378021 0.291637480258942 0.29253163933754
0.206605479121208 0.210833951830864 0.21506242454052 0.216688171029091 0.210505723953247 0.204323276877403 0.198140844702721 0.191958397626877 0.185775950551033 0.17959351837635 0.173411071300507 0.172252967953682 0.172769650816917 0.173286333680153 0.173803016543388 0.174319699406624 0.17483639717102 0.175353080034256 0.177683144807816 0.185453400015831 0.193223655223846 0.200993910431862 0.208764165639877 0.216534420847893 0.224304676055908 0.232074916362762 0.237504899501801 0.242154777050018 0.246804654598236 0.251454532146454 0.256104409694672 0.260754287242889 0.265404164791107 0.269589692354202 0.272382140159607 0.275174617767334 0.277967065572739 0.280759543180466 0.283552020788193 0.286344468593597 0.289136946201324 0.290219873189926 0.290732979774475 0.291246086359024
0.209932908415794 0.214424967765808 0.218917012214661 0.220665633678436 0.214183956384659 0.207702293992043 0.201220616698265 0.194738954305649 0.188257277011871 0.181775614619255 0.175293952226639 0.17422291636467 0.174955427646637 0.175687924027443 0.17642043530941 0.177152946591377 0.177885457873344 0.178617969155312 0.180967941880226 0.188170313835144 0.195372685790062 0.20257505774498 0.209777429699898 0.216979786753654 0.224182158708572 0.23138453066349 0.237051844596863 0.242207467556 0.247363090515137 0.252518713474274 0.257674336433411 0.262829959392548 0.267985582351685 0.272466868162155 0.274925172328949 0.277383476495743 0.279841750860214 0.282300055027008 0.284758359193802 0.287216663360596 0.289674937725067 0.290096461772919 0.289839088916779 0.289581686258316
0.213260337710381 0.218015968799591 0.222771599888802 0.224643096327782 0.217862203717232 0.211081296205521 0.204300403594971 0.197519510984421 0.190738618373871 0.183957725763321 0.17717681825161 0.176192849874496 0.177141189575195 0.178089514374733 0.179037854075432 0.179986193776131 0.180934518575668 0.181882858276367 0.184252738952637 0.190887227654457 0.197521701455116 0.204156190156937 0.210790678858757 0.217425167560577 0.224059656262398 0.230694144964218 0.236598789691925 0.242260158061981 0.247921526432037 0.253582894802094 0.25924426317215 0.264905631542206 0.270566999912262 0.27534407377243 0.277468204498291 0.279592305421829 0.28171643614769 0.28384056687355 0.285964697599411 0.288088828325272 0.290212959051132 0.289973050355911 0.28894516825676 0.287917256355286
0.216587767004967 0.221606984734535 0.226626187562943 0.228620558977127 0.221540436148643 0.21446031332016 0.207380190491676 0.200300067663193 0.193219944834709 0.186139822006226 0.179059699177742 0.178162783384323 0.179326951503754 0.180491104722023 0.181655272841454 0.182819426059723 0.183983594179153 0.185147747397423 0.187537521123886 0.193604126572609 0.199670732021332 0.205737337470055 0.211803942918777 0.2178705483675 0.223937153816223 0.230003759264946 0.236145749688148 0.242312863469124 0.248479977250099 0.254647076129913 0.260814189910889 0.266981303691864 0.273148417472839 0.278221249580383 0.280011206865311 0.281801164150238 0.283591121435165 0.285381078720093 0.28717103600502 0.288960993289948 0.290750950574875 0.289849638938904 0.288051247596741 0.286252856254578
0.219915211200714 0.225197985768318 0.230480775237083 0.232598021626472 0.225218668580055 0.217839330434799 0.210459977388382 0.203080624341965 0.195701271295547 0.18832191824913 0.180942580103874 0.180132731795311 0.181512713432312 0.182892695069313 0.184272691607475 0.185652673244476 0.187032654881477 0.18841265141964 0.190822318196297 0.196321040391922 0.201819762587547 0.207318484783173 0.212817206978798 0.218315929174423 0.223814651370049 0.229313373565674 0.235692694783211 0.242365553975105 0.249038413167 0.255711257457733 0.262384116649628 0.269056975841522 0.275729835033417 0.281098455190659 0.282554239034653 0.284010022878647 0.285465806722641 0.286921590566635 0.288377404212952 0.289833188056946 0.29128897190094 0.289726227521896 0.287157326936722 0.284588426351547
0.2232426404953 0.228789001703262 0.234335362911224 0.236575484275818 0.228896915912628 0.221218332648277 0.213539764285088 0.205861181020737 0.198182597756386 0.190504029393196 0.182825446128845 0.182102665305138 0.18369847536087 0.185294285416603 0.186890110373497 0.18848592042923 0.190081730484962 0.191677540540695 0.194107115268707 0.199037954211235 0.203968793153763 0.208899632096291 0.213830471038818 0.218761309981346 0.223692148923874 0.228622987866402 0.235239639878273 0.242418244481087 0.2495968490839 0.256775468587875 0.263954073190689 0.271132677793503 0.278311282396317 0.283975630998611 0.285097241401672 0.286218881607056 0.287340492010117 0.288462102413177 0.289583742618561 0.290705353021622 0.291826963424683 0.289602816104889 0.286263436079025 0.282924026250839
0.227529361844063 0.23322793841362 0.238926514983177 0.241374865174294 0.234072610735893 0.226770341396332 0.21946807205677 0.212165802717209 0.204863548278809 0.197561278939247 0.190259009599686 0.189529895782471 0.190991818904877 0.192453742027283 0.193915665149689 0.195377603173256 0.196839526295662 0.198301449418068 0.200456410646439 0.204690456390381 0.208924517035484 0.213158562779427 0.21739262342453 0.221626669168472 0.225860729813576 0.230094775557518 0.236568406224251 0.243788570165634 0.251008719205856 0.258228898048401 0.265449047088623 0.272669196128845 0.27988937497139 0.285540223121643 0.286483228206635 0.287426203489304 0.288369178771973 0.289312183856964 0.290255159139633 0.291198164224625 0.292141139507294 0.289460986852646 0.285573124885559 0.281685292720795
0.232775375247002 0.238514795899391 0.244254216551781 0.246996179223061 0.24074575304985 0.234495341777802 0.228244930505753 0.221994504332542 0.215744093060493 0.209493666887283 0.203243255615234 0.202414393424988 0.20339272916317 0.204371064901352 0.205349385738373 0.206327721476555 0.207306057214737 0.208284378051758 0.209870219230652 0.213278576731682 0.216686949133873 0.220095306634903 0.223503664135933 0.226912021636963 0.230320394039154 0.233728751540184 0.239678978919983 0.246476501226425 0.253274023532867 0.26007154583931 0.266869068145752 0.273666590452194 0.280464112758636 0.285792231559753 0.286712139844894 0.287632018327713 0.288551896810532 0.289471805095673 0.290391683578491 0.29131156206131 0.292231440544128 0.289300739765167 0.28508648276329 0.280872195959091
0.238021403551102 0.243801668286324 0.249581918120384 0.252617478370667 0.247418910264969 0.242220342159271 0.237021774053574 0.231823205947876 0.226624637842178 0.221426069736481 0.216227501630783 0.215298905968666 0.215793639421463 0.21628837287426 0.216783106327057 0.217277839779854 0.217772573232651 0.218267306685448 0.219284027814865 0.221866697072983 0.2244493663311 0.227032035589218 0.229614719748497 0.232197389006615 0.234780058264732 0.23736272752285 0.242789566516876 0.249164447188377 0.255539327859879 0.261914223432541 0.268289119005203 0.274664014577866 0.281038880348206 0.286044239997864 0.286941051483154 0.287837833166122 0.288734614849091 0.289631396532059 0.290528178215027 0.291424989700317 0.292321771383286 0.289140462875366 0.284599810838699 0.28005912899971
0.243267416954041 0.249088525772095 0.254909634590149 0.258238792419434 0.254092067480087 0.249945342540741 0.245798617601395 0.24165190756321 0.237505182623863 0.233358472585678 0.229211747646332 0.228183418512344 0.228194549679756 0.228205695748329 0.228216826915741 0.228227972984314 0.228239104151726 0.228250235319138 0.228697836399078 0.230454817414284 0.232211798429489 0.233968779444695 0.2357257604599 0.237482741475105 0.239239722490311 0.240996703505516 0.245900139212608 0.25185239315033 0.25780463218689 0.263756901025772 0.269709140062332 0.275661408901215 0.281613647937775 0.286296248435974 0.287169963121414 0.288043648004532 0.28891733288765 0.289791017770767 0.290664702653885 0.291538387537003 0.29241207242012 0.288980215787888 0.284113138914108 0.279246062040329
0.248513445258141 0.254375398159027 0.260237336158752 0.263860076665878 0.260765224695206 0.257670342922211 0.254575461149216 0.251480609178543 0.248385727405548 0.245290860533714 0.24219599366188 0.241067931056023 0.24059547483921 0.240123003721237 0.239650547504425 0.239178091287613 0.238705635070801 0.238233163952827 0.238111644983292 0.239042937755585 0.239974230527878 0.240905523300171 0.241836801171303 0.242768093943596 0.243699386715889 0.244630679488182 0.24901071190834 0.254540324211121 0.260069936513901 0.265599548816681 0.271129190921783 0.276658803224564 0.282188415527344 0.286548286676407 0.287398874759674 0.288249462842941 0.289100050926208 0.289950639009476 0.290801227092743 0.29165181517601 0.292502403259277 0.288819938898087 0.283626466989517 0.278432995080948
0.253759473562241 0.259662240743637 0.265565037727356 0.269481390714645 0.267438352108002 0.26539534330368 0.263352334499359 0.261309295892715 0.259266287088394 0.25722324848175 0.255180239677429 0.253952443599701 0.252996385097504 0.252040326595306 0.251084268093109 0.250128209590912 0.249172151088715 0.248216092586517 0.247525453567505 0.247631058096886 0.247736662626266 0.247842252254486 0.247947856783867 0.248053446412086 0.248159050941467 0.248264655470848 0.252121299505234 0.257228255271912 0.262335240840912 0.267442226409912 0.272549211978912 0.277656197547913 0.282763183116913 0.286800295114517 0.287627786397934 0.288455247879028 0.289282739162445 0.290110230445862 0.290937721729279 0.291765213012695 0.292592704296112 0.288659662008286 0.283139795064926 0.277619928121567
0.257293671369553 0.263205468654633 0.269117265939713 0.273212343454361 0.27185732126236 0.270502328872681 0.269147306680679 0.267792284488678 0.266437292098999 0.265082269906998 0.263727247714996 0.262554496526718 0.261442482471466 0.260330468416214 0.25921842455864 0.258106410503387 0.256994396448135 0.255882382392883 0.2548987865448 0.2543004155159 0.253702044487 0.253103673458099 0.252505302429199 0.251906931400299 0.251308560371399 0.250710189342499 0.254201829433441 0.259056806564331 0.263911783695221 0.268766731023788 0.273621708154678 0.278476685285568 0.283331662416458 0.287171214818954 0.28796449303627 0.288757771253586 0.289551049470901 0.290344327688217 0.291137605905533 0.291930913925171 0.292724192142487 0.288660228252411 0.282977163791656 0.277294129133224
0.25911608338356 0.265005022287369 0.270893961191177 0.275052934885025 0.274022102355957 0.272991269826889 0.271960437297821 0.270929574966431 0.269898742437363 0.268867909908295 0.267837077379227 0.266874104738235 0.265933752059937 0.264993399381638 0.264053046703339 0.26311269402504 0.262172341346741 0.261232018470764 0.260231584310532 0.259050965309143 0.257870376110077 0.256689757108688 0.2555091381073 0.254328519105911 0.253147900104523 0.251967281103134 0.255252331495285 0.260025918483734 0.264799505472183 0.269573092460632 0.274346709251404 0.279120296239853 0.283893883228302 0.287661075592041 0.288409024477005 0.289157003164291 0.289904952049255 0.290652930736542 0.291400879621506 0.292148858308792 0.292896807193756 0.288821578025818 0.283138602972031 0.277455627918243
0.260938465595245 0.266804575920105 0.272670656442642 0.276893556118011 0.276186883449554 0.275480210781097 0.27477353811264 0.274066865444183 0.273360222578049 0.272653549909592 0.271946877241135 0.27119368314743 0.270425021648407 0.269656330347061 0.268887668848038 0.268118977546692 0.267350316047668 0.266581624746323 0.265564411878586 0.263801544904709 0.262038677930832 0.260275840759277 0.2585129737854 0.256750106811523 0.254987239837646 0.25322437286377 0.256302833557129 0.260995030403137 0.265687257051468 0.270379453897476 0.275071680545807 0.279763877391815 0.284456104040146 0.288150906562805 0.28885355591774 0.289556205272675 0.290258854627609 0.290961503982544 0.291664153337479 0.292366802692413 0.293069452047348 0.288982927799225 0.283300012350082 0.27761709690094
0.262760877609253 0.268604129552841 0.274447351694107 0.278734147548676 0.278351664543152 0.277969151735306 0.277586668729782 0.277204155921936 0.276821672916412 0.276439160108566 0.276056677103043 0.275513291358948 0.274916291236877 0.274319291114807 0.273722290992737 0.273125261068344 0.272528260946274 0.271931260824203 0.27089723944664 0.268552124500275 0.266207009553909 0.263861924409866 0.261516809463501 0.259171694517136 0.25682657957077 0.254481494426727 0.257353335618973 0.261964172124863 0.26657497882843 0.27118581533432 0.27579665184021 0.2804074883461 0.28501832485199 0.288640767335892 0.289298087358475 0.28995543718338 0.290612757205963 0.291270107030869 0.291927427053452 0.292584747076035 0.29324209690094 0.289144277572632 0.283461421728134 0.277778595685959
