data/working_set_collections/6091692-Cassins_Sparrow-M2/1980/rzmc_avg.asc
NCOLS 265 
NROWS 230 
XLLCORNER -115.5625 
YLLCORNER 24.8333333333333 
CELLSIZE 0.0833333333333333 
NODATA_value -9999 
[rows 200 to 219 of 230, columns 44 to 87 of 265]
-9999 -9999 -9999 -9999 -9999 -9999 -9999 -9999 -9999 -9999 -9999 -9999 -9999 -9999 -9999 -9999 -9999 -9999 0.216605797410011 0.216905757784843 0.217205718159676 0.217505678534508 0.21780563890934 0.21826334297657 0.218773618340492 0.219283908605576 0.219794198870659 0.220304489135742 0.220814764499664 0.221325054764748 0.222409620881081 0.225217044353485 0.228024452924728 0.230831876397133 0.233639284968376 0.236446708440781 0.239254117012024 0.242061540484428 0.242787957191467 0.242820724844933 0.242853492498398 0.242886260151863 0.242919012904167 0.242951780557632
-9999 -9999 -9999 -9999 -9999 -9999 -9999 -9999 -9999 -9999 -9999 -9999 -9999 -9999 -9999 -9999 -9999 -9999 -9999 0.217723295092583 0.218291774392128 0.218860268592834 0.219428762793541 0.220351114869118 0.221391424536705 0.222431719303131 0.223472028970718 0.224512323737144 0.225552633404732 0.226592928171158 0.227827832102776 0.229646503925323 0.231465175747871 0.233283847570419 0.235102519392967 0.236921191215515 0.238739863038063 0.240558534860611 0.241208150982857 0.241468086838722 0.241728022694588 0.241987958550453 0.242247894406319 0.242507815361023
-9999 -9999 -9999 -9999 -9999 -9999 -9999 -9999 -9999 -9999 -9999 -9999 -9999 -9999 -9999 -9999 -9999 -9999 -9999 -9999 -9999 0.220214873552322 0.221051901578903 0.222438901662827 0.224009215831757 0.225579530000687 0.227149859070778 0.228720173239708 0.230290487408638 0.231860816478729 0.233246028423309 0.234075963497162 0.234905898571014 0.235735818743706 0.236565753817558 0.237395688891411 0.238225609064102 0.239055544137955 0.239628359675407 0.240115448832512 0.240602552890778 0.241089656949043 0.241576761007309 0.242063850164413
-9999 -9999 -9999 -9999 -9999 -9999 -9999 -9999 -9999 -9999 -9999 -9999 -9999 -9999 -9999 -9999 -9999 -9999 -9999 -9999 -9999 -9999 0.222675040364265 0.224526673555374 0.226627007126808 0.228727340698242 0.230827689170837 0.232928022742271 0.235028356313705 0.237128689885139 0.238664239645004 0.238505423069 0.238346606492996 0.238187804818153 0.238028988242149 0.237870171666145 0.237711355090141 0.237552553415298 0.238048553466797 0.238762810826302 0.239477083086967 0.240191355347633 0.240905627608299 0.241619884967804
0.161273136734962 -9999 -9999 -9999 -9999 -9999 -9999 -9999 -9999 -9999 -9999 -9999 -9999 -9999 -9999 -9999 -9999 -9999 -9999 -9999 -9999 -9999 -9999 0.226360946893692 0.228591650724411 0.23082235455513 0.233053058385849 0.235283762216568 0.237514466047287 0.239745169878006 0.241241663694382 0.240535572171211 0.23982946574688 0.239123359322548 0.238417252898216 0.237711146473885 0.237005054950714 0.236298948526382 0.236760541796684 0.237611383199692 0.238462209701538 0.239313051104546 0.240163892507553 0.241014719009399
0.159897610545158 0.163870066404343 0.167842522263527 -9999 -9999 -9999 -9999 -9999 -9999 -9999 -9999 -9999 -9999 -9999 -9999 -9999 -9999 -9999 -9999 -9999 -9999 -9999 -9999 -9999 0.229903116822243 0.231864541769028 0.233825966715813 0.235787406563759 0.237748831510544 0.239710256457329 0.240978345274925 0.240166395902634 0.239354446530342 0.238542512059212 0.23773056268692 0.236918613314629 0.236106678843498 0.235294729471207 0.235764339566231 0.236661151051521 0.237557947635651 0.23845474421978 0.239351540803909 0.240248337388039
0.158522099256516 0.161631807684898 0.16474150121212 0.167851209640503 -9999 -9999 -9999 -9999 -9999 -9999 -9999 -9999 -9999 -9999 -9999 -9999 -9999 -9999 -9999 -9999 -9999 -9999 -9999 -9999 -9999 0.232906743884087 0.234598889946938 0.236291036009789 0.237983196973801 0.239675343036652 0.240715011954308 0.239797219634056 0.238879442214966 0.237961649894714 0.237043872475624 0.236126080155373 0.235208302736282 0.234290525317192 0.234768137335777 0.23571090400219 0.236653670668602 0.237596437335014 0.238539204001427 0.239481955766678
0.157146573066711 0.159393534064293 0.161640495061874 0.163887456059456 -9999 -9999 -9999 -9999 -9999 -9999 -9999 -9999 -9999 -9999 -9999 -9999 -9999 -9999 -9999 -9999 -9999 -9999 -9999 -9999 -9999 -9999 0.235371813178062 0.236794680356979 0.238217547535896 0.239640429615974 0.24045167863369 0.23942805826664 0.238404422998428 0.237380802631378 0.236357182264328 0.235333546996117 0.234309926629066 0.233286306262016 0.233771950006485 0.234760671854019 0.235749393701553 0.236738130450249 0.237726852297783 0.238715574145317
0.155771061778069 0.157155275344849 0.158539488911629 0.159923702478409 -9999 -9999 -9999 -9999 -9999 -9999 -9999 -9999 -9999 -9999 -9999 -9999 -9999 -9999 -9999 -9999 -9999 -9999 -9999 -9999 -9999 -9999 -9999 -9999 -9999 -9999 0.240188345313072 0.239058881998062 0.237929418683052 0.236799955368042 0.235670492053032 0.234541013836861 0.233411550521851 0.23228208720684 0.232775747776031 0.233810439705849 0.234845131635666 0.235879823565483 0.2369145154953 0.237949207425117
0.154395535588264 0.154917016625404 0.155438482761383 0.155959948897362 0.15648141503334 -9999 -9999 -9999 -9999 -9999 -9999 -9999 -9999 -9999 -9999 -9999 -9999 -9999 -9999 -9999 -9999 -9999 -9999 -9999 -9999 -9999 -9999 -9999 -9999 -9999 0.239925011992455 0.238689705729485 0.237454399466515 0.236219093203545 0.234983786940575 0.233748480677605 0.232513189315796 0.231277883052826 0.231779545545578 0.232860192656517 0.233940854668617 0.235021516680717 0.236102163791656 0.237182825803757
0.153659611940384 0.153803676366806 0.153947740793228 0.154091820120811 0.154235884547234 0.154379948973656 -9999 -9999 -9999 -9999 -9999 -9999 -9999 -9999 -9999 -9999 -9999 -9999 -9999 -9999 -9999 -9999 -9999 -9999 -9999 -9999 -9999 -9999 -9999 -9999 0.238848850131035 0.237869203090668 0.236889570951462 0.235909938812256 0.234930291771889 0.233950659632683 0.232971012592316 0.23199138045311 0.232497364282608 0.233498558402061 0.234499752521515 0.235500946640968 0.236502140760422 0.237503319978714
0.153563275933266 0.153815284371376 0.154067292809486 0.154319301247597 0.154571309685707 0.154823318123817 0.155075341463089 -9999 -9999 -9999 -9999 -9999 -9999 -9999 -9999 -9999 -9999 -9999 -9999 -9999 -9999 -9999 -9999 -9999 -9999 -9999 -9999 -9999 -9999 -9999 0.236959844827652 0.236597388982773 0.236234918236732 0.235872447490692 0.235509991645813 0.235147520899773 0.234785065054893 0.234422594308853 0.234929203987122 0.23572550714016 0.236521810293198 0.237318113446236 0.238114416599274 0.238910719752312
0.153466939926147 0.153826892375946 0.154186844825745 0.154546797275543 0.154906749725342 0.15526670217514 0.155626654624939 -9999 -9999 -9999 -9999 -9999 -9999 -9999 -9999 -9999 -9999 -9999 -9999 -9999 -9999 -9999 -9999 -9999 -9999 -9999 -9999 -9999 -9999 -9999 0.235070839524269 0.235325559973717 0.235580265522003 0.23583497107029 0.236089691519737 0.236344397068024 0.23659910261631 0.236853808164597 0.237361043691635 0.237952455878258 0.23854386806488 0.239135280251503 0.239726692438126 0.240318104624748
0.153370589017868 0.153838485479355 0.154306381940842 0.154774278402328 0.155242174863815 0.155710071325302 0.156177967786789 -9999 -9999 -9999 -9999 -9999 -9999 -9999 -9999 -9999 -9999 -9999 -9999 -9999 -9999 -9999 -9999 -9999 -9999 -9999 -9999 -9999 -9999 -9999 0.233181849122047 0.234053730964661 0.234925612807274 0.235797494649887 0.2366693764925 0.237541258335114 0.238413140177727 0.239285036921501 0.23979289829731 0.240179404616356 0.240565925836563 0.24095244705677 0.241338968276978 0.241725489497185
0.15327425301075 0.153850093483925 0.1544259339571 0.155001774430275 0.15557761490345 0.156153455376625 0.156729280948639 -9999 -9999 -9999 -9999 -9999 -9999 -9999 -9999 -9999 -9999 -9999 -9999 -9999 -9999 -9999 -9999 -9999 -9999 -9999 -9999 -9999 -9999 0.230049893260002 0.231292843818665 0.232781901955605 0.234270960092545 0.235760018229485 0.237249076366425 0.238738134503365 0.240227192640305 0.241716250777245 0.242224738001823 0.242406368255615 0.242587998509407 0.242769628763199 0.242951259016991 0.243132889270782
0.153177917003632 0.153861701488495 0.154545485973358 0.15522925555706 0.155913040041924 0.156596824526787 0.15728060901165 -9999 -9999 0.158098950982094 -9999 -9999 -9999 -9999 -9999 -9999 -9999 -9999 -9999 -9999 -9999 -9999 -9999 -9999 -9999 -9999 -9999 -9999 0.226685777306557 0.227938070893288 0.229403838515282 0.231510072946548 0.233616307377815 0.235722541809082 0.237828776240349 0.239934995770454 0.242041230201721 0.244147464632988 0.244656577706337 0.244633316993713 0.24461005628109 0.244586795568466 0.244563534855843 0.244540274143219
0.153275325894356 0.153978630900383 0.154681950807571 0.15538527071476 0.156088575720787 0.156791895627975 0.157495200634003 -9999 -9999 -9999 -9999 -9999 -9999 -9999 -9999 -9999 -9999 -9999 -9999 -9999 -9999 -9999 -9999 -9999 -9999 -9999 -9999 -9999 0.224172160029411 0.225837796926498 0.227738872170448 0.230346262454987 0.232953652739525 0.235561057925224 0.238168448209763 0.240775838494301 0.24338324368 0.245990633964539 0.246314764022827 0.245877802371979 0.24544084072113 0.245003864169121 0.244566902518272 0.244129940867424
0.153566464781761 0.15420089662075 0.154835343360901 0.15546977519989 0.156104221940041 0.15673865377903 0.157373085618019 -9999 0.158191859722137 -9999 -9999 -9999 -9999 -9999 -9999 -9999 -9999 -9999 -9999 -9999 -9999 -9999 -9999 -9999 -9999 -9999 -9999 -9999 -9999 0.223749086260796 0.226297914981842 0.229290470480919 0.232283011078835 0.235275566577911 0.238268107175827 0.241260662674904 0.24425320327282 0.247245758771896 0.247199282050133 0.24613980948925 0.245080336928368 0.244020849466324 0.242961376905441 0.241901904344559
0.153857618570328 0.154423177242279 0.15498873591423 0.155554294586182 0.156119853258133 0.156685411930084 0.157250985503197 -9999 -9999 -9999 -9999 -9999 -9999 -9999 -9999 -9999 -9999 -9999 -9999 -9999 -9999 -9999 -9999 -9999 -9999 -9999 -9999 -9999 -9999 -9999 0.224856972694397 0.228234678506851 0.231612369418144 0.234990075230598 0.238367766141891 0.241745471954346 0.2451231777668 0.248500868678093 0.248083800077438 0.246401816606522 0.244719833135605 0.243037834763527 0.24135585129261 0.239673867821693
0.154148757457733 0.154645442962646 0.15514212846756 0.155638813972473 0.156135499477386 0.1566321849823 0.157128870487213 0.157625555992126 0.157877713441849 -9999 -9999 -9999 -9999 -9999 -9999 -9999 -9999 -9999 -9999 -9999 -9999 -9999 -9999 -9999 -9999 -9999 -9999 -9999 -9999 -9999 -9999 0.227178871631622 0.230941727757454 0.234704583883286 0.238467440009117 0.242230281233788 0.245993137359619 0.249755993485451 0.248968333005905 0.246663823723793 0.244359329342842 0.24205482006073 0.239750325679779 0.237445816397667
