data/working_set_collections/6091692-Cassins_Sparrow-M2/1980/speed_avg.asc
NCOLS 265 
NROWS 230 
XLLCORNER -115.5625 
YLLCORNER 24.8333333333333 
CELLSIZE 0.0833333333333333 
NODATA_value -9999 
[rows 0 to 19 of 230, columns 0 to 45 of 265]
4.065027713775630 4.09580135345459 4.12657451629639 4.15734767913818 4.18812131881714 4.21889448165894 4.24966812133789 4.28245782852173 4.31591987609863 4.34938192367554 4.38284397125244 4.41630601882935 4.44976806640625 4.48323011398315 4.50757694244385 4.50457715988159 4.50157785415649 4.49857807159424 4.49557828903198 4.49257898330688 4.48957920074463 4.48657941818237 4.46906852722168 4.44672012329102 4.42437171936035 4.40202379226685 4.37967538833618 4.35732698440552 4.33497858047485 4.33379077911377 4.39608335494995 4.45837593078613 4.52066850662231 4.5829610824585 4.64525365829468 4.70754671096802 4.7698392868042 4.84375476837158 4.92154502868652 4.99933528900146 5.07712554931641 5.15491580963135 5.23270606994629 5.31049585342407 5.36090707778931 5.32918167114258
4.23196077346802 4.25921297073364 4.28646469116211 4.31371688842773 4.34096908569336 4.36822080612183 4.39547300338745 4.42036390304565 4.44446802139282 4.46857166290283 4.49267578125 4.51677989959717 4.54088354110718 4.56498765945435 4.58246326446533 4.58005285263062 4.57764291763306 4.5752329826355 4.57282304763794 4.57041263580322 4.56800270080566 4.56559276580811 4.55354928970337 4.53829479217529 4.52304029464722 4.50778579711914 4.49253129959106 4.47727680206299 4.46202230453491 4.46537828445435 4.52456569671631 4.58375310897827 4.64294052124023 4.7021279335022 4.76131534576416 4.82050275802612 4.87969017028809 4.95320749282837 5.03150129318237 5.10979509353638 5.18808889389038 5.26638269424438 5.34467649459839 5.42297029495239 5.46828317642212 5.41465330123901
4.3988938331604 4.4226245880127 4.44635534286499 4.47008609771729 4.49381685256958 4.51754760742188 4.54127836227417 4.55827045440674 4.57301616668701 4.58776187896729 4.60250759124756 4.61725330352783 4.63199949264526 4.64674520492554 4.65734958648682 4.6555290222168 4.65370845794678 4.65188789367676 4.65006732940674 4.64824676513672 4.6464262008667 4.64460563659668 4.63803005218506 4.62986946105957 4.62170886993408 4.61354780197144 4.60538721084595 4.59722661972046 4.58906602859497 4.59696578979492 4.65304803848267 4.70913028717041 4.76521253585815 4.82129430770874 4.87737655639648 4.93345880508423 4.98954105377197 5.062659740448 5.14145708084106 5.22025442123413 5.29905223846436 5.37784957885742 5.45664691925049 5.53544425964355 5.57565927505493 5.50012493133545
4.56582689285278 4.58603620529175 4.60624551773071 4.62645483016968 4.6466646194458 4.66687393188477 4.68708324432373 4.69617652893066 4.7015643119812 4.70695161819458 4.71233940124512 4.71772718429565 4.72311496734619 4.72850275039673 4.7322359085083 4.73100471496582 4.72977352142334 4.72854280471802 4.72731161117554 4.72608089447021 4.72484970092773 4.72361898422241 4.72251081466675 4.72144412994385 4.72037696838379 4.71931028366089 4.71824312210083 4.71717643737793 4.71610927581787 4.7285532951355 4.78153038024902 4.83450746536255 4.88748407363892 4.94046115875244 4.99343824386597 5.04641485214233 5.09939193725586 5.17211198806763 5.25141286849976 5.33071422576904 5.41001510620117 5.48931646347046 5.56861734390259 5.64791870117188 5.68303489685059 5.58559703826904
4.73275995254517 4.7494478225708 4.76613616943359 4.78282403945923 4.79951238632202 4.81620025634766 4.83288860321045 4.83408260345459 4.83011245727539 4.82614183425903 4.82217121124268 4.81820106506348 4.81423044204712 4.81026029586792 4.80712175369263 4.80648040771484 4.80583906173706 4.80519771575928 4.80455636978149 4.80391454696655 4.80327320098877 4.80263185501099 4.80699157714844 4.81301832199097 4.81904554367065 4.82507228851318 4.83109903335571 4.8371262550354 4.84315299987793 4.86014080047607 4.91001272201538 4.95988416671753 5.00975608825684 5.05962753295898 5.10949945449829 5.15937089920044 5.20924282073975 5.28156423568726 5.36136913299561 5.44117403030396 5.52097845077515 5.6007833480835 5.68058824539185 5.76039266586304 5.7904109954834 5.67106866836548
4.89969301223755 4.91285943984985 4.92602634429932 4.93919324874878 4.95236015319824 4.96552658081055 4.97869348526001 4.97198867797852 4.95866012573242 4.94533157348633 4.93200302124023 4.91867446899414 4.9053463935852 4.89201784133911 4.88200807571411 4.88195657730103 4.88190460205078 4.88185262680054 4.88180065155029 4.88174867630005 4.8816967010498 4.88164472579956 4.89147233963013 4.90459299087524 4.91771364212036 4.93083429336548 4.9439549446106 4.95707559585571 4.97019624710083 4.99172878265381 5.03849506378174 5.08526134490967 5.13202810287476 5.17879438400269 5.22556066513062 5.2723274230957 5.31909370422363 5.39101648330688 5.4713249206543 5.55163335800171 5.63194179534912 5.71225023269653 5.79255867004395 5.87286710739136 5.89778661727905 5.75654029846191
5.04409122467041 5.05650949478149 5.06892776489258 5.0813455581665 5.09376382827759 5.10618209838867 5.1185998916626 5.10989999771118 5.09416055679321 5.07842111587524 5.06268167495728 5.04694223403931 5.03120279312134 5.01546287536621 5.00363159179688 5.00352382659912 5.00341606140137 5.00330781936646 5.0032000541687 5.00309228897095 5.00298452377319 5.00287675857544 5.01388311386108 5.02859449386597 5.04330587387085 5.05801725387573 5.07272863388062 5.08743953704834 5.10215091705322 5.12293338775635 5.1619291305542 5.20092487335205 5.2399206161499 5.27891635894775 5.31791210174561 5.35690784454346 5.39590358734131 5.46014022827148 5.53279066085815 5.60544109344482 5.67809152603149 5.75074195861816 5.82339239120483 5.8960428237915 5.91317653656006 5.76375961303711
5.16595554351807 5.18039751052856 5.19483947753906 5.20928144454956 5.22372388839722 5.23816585540771 5.25260782241821 5.24781608581543 5.23661279678345 5.22540950775146 5.21420621871948 5.2030029296875 5.19179964065552 5.18059635162354 5.17199182510376 5.17118263244629 5.17037343978882 5.16956377029419 5.16875457763672 5.16794538497925 5.16713619232178 5.16632699966431 5.17422389984131 5.18502235412598 5.1958212852478 5.20662021636963 5.21741914749146 5.22821807861328 5.23901653289795 5.25375556945801 5.28031539916992 5.30687475204468 5.33343458175659 5.35999393463135 5.38655376434326 5.41311311721802 5.43967247009277 5.48893547058105 5.54576635360718 5.60259675979614 5.65942764282227 5.71625804901123 5.77308893203735 5.82991981506348 5.83657932281494 5.69272708892822
5.28781938552856 5.30428552627563 5.3207516670227 5.33721780776978 5.35368347167969 5.37014961242676 5.38661575317383 5.38573217391968 5.37906503677368 5.37239789962769 5.36573123931885 5.35906410217285 5.35239696502686 5.34572982788086 5.34035205841064 5.33884143829346 5.33733081817627 5.33582019805908 5.33430910110474 5.33279848098755 5.33128786087036 5.32977724075317 5.33456420898438 5.34145069122314 5.34833717346191 5.35522317886353 5.3621096611023 5.36899614334106 5.37588262557983 5.38457822799683 5.39870119094849 5.4128246307373 5.42694807052612 5.44107151031494 5.45519495010376 5.46931838989258 5.4834418296814 5.51773071289062 5.55874156951904 5.59975290298462 5.64076375961304 5.68177461624146 5.72278547286987 5.76379632949829 5.75998258590698 5.62169456481934
5.40968322753906 5.4281735420227 5.44666337966919 5.46515369415283 5.48364353179932 5.5021333694458 5.52062368392944 5.52364826202393 5.52151727676392 5.51938676834106 5.51725578308105 5.51512479782104 5.51299428939819 5.51086330413818 5.50871229171753 5.50650024414062 5.50428819656372 5.50207614898682 5.49986362457275 5.49765157699585 5.49543952941895 5.49322748184204 5.4949049949646 5.49787855148315 5.50085258483887 5.50382661819458 5.50680017471313 5.50977420806885 5.51274824142456 5.51540040969849 5.51708745956421 5.51877450942993 5.52046203613281 5.52214908599854 5.52383613586426 5.52552366256714 5.52721071243286 5.5465259552002 5.57171726226807 5.59690856933594 5.62209987640381 5.64729118347168 5.67248249053955 5.69767332077026 5.68338584899902 5.55066156387329
5.53154754638672 5.55206155776978 5.57257556915283 5.59308958053589 5.61360359191895 5.634117603302 5.65463161468506 5.66156387329102 5.66396951675415 5.66637516021729 5.66878032684326 5.6711859703064 5.67359161376953 5.67599678039551 5.67707252502441 5.67415904998779 5.67124557495117 5.66833209991455 5.66541862487793 5.66250467300415 5.65959119796753 5.65667772293091 5.65524530410767 5.65430688858032 5.65336799621582 5.65242958068848 5.65149116516113 5.65055227279663 5.64961385726929 5.64622259140015 5.63547372817993 5.62472438812256 5.61397552490234 5.60322666168213 5.59247779846191 5.5817289352417 5.57097959518433 5.57532119750977 5.58469247817993 5.59406423568726 5.60343599319458 5.61280727386475 5.62217903137207 5.63155031204224 5.60678911209106 5.4796290397644
5.65341138839722 5.67594957351685 5.69848728179932 5.72102546691895 5.74356317520142 5.76610136032104 5.78863954544067 5.79947996139526 5.80642175674438 5.81336355209351 5.82030534744263 5.82724714279175 5.83418846130371 5.84113025665283 5.8454327583313 5.84181785583496 5.83820295333862 5.83458805084229 5.83097314834595 5.82735776901245 5.82374286651611 5.82012796401978 5.81558609008789 5.81073474884033 5.80588388442993 5.80103254318237 5.79618167877197 5.79133033752441 5.78647947311401 5.77704477310181 5.7538595199585 5.73067474365234 5.70748949050903 5.68430423736572 5.66111898422241 5.6379337310791 5.61474895477295 5.60411643981934 5.59766817092896 5.59121990203857 5.58477210998535 5.57832384109497 5.57187557220459 5.56542730331421 5.53019237518311 5.40859651565552
5.76779985427856 5.78840208053589 5.80900478363037 5.8296070098877 5.85020971298218 5.8708119392395 5.89141416549683 5.90285491943359 5.91124153137207 5.91962814331055 5.92801475524902 5.9364013671875 5.94478797912598 5.95317459106445 5.95749855041504 5.94963455200195 5.94177055358887 5.93390655517578 5.92604207992554 5.91817808151245 5.91031408309937 5.90245008468628 5.89351654052734 5.88422679901123 5.87493658065796 5.86564683914185 5.85635662078857 5.84706687927246 5.83777666091919 5.82245635986328 5.78904390335083 5.75563144683838 5.72221851348877 5.68880605697632 5.65539360046387 5.62198114395142 5.58856868743896 5.56551218032837 5.54590797424316 5.5263032913208 5.5066990852356 5.48709440231323 5.46749019622803 5.44788551330566 5.40618324279785 5.2981858253479
5.8747124671936 5.88942003250122 5.90412712097168 5.9188346862793 5.93354177474976 5.94824886322021 5.96295642852783 5.97168827056885 5.97842836380005 5.98516893386841 5.99190902709961 5.99864912033081 6.00538969039917 6.01212978363037 6.01326990127563 5.99760913848877 5.9819483757019 5.96628713607788 5.95062637329102 5.93496561050415 5.91930484771729 5.90364408493042 5.88903713226318 5.8747820854187 5.86052703857422 5.84627151489258 5.8320164680481 5.81776142120361 5.80350589752197 5.78245687484741 5.74102592468262 5.69959449768066 5.65816354751587 5.61673259735107 5.57530117034912 5.53387022018433 5.49243927001953 5.45950841903687 5.4294114112854 5.39931392669678 5.36921691894531 5.33911991119385 5.30902242660522 5.27892541885376 5.23476123809814 5.14839696884155
5.9816255569458 5.9904375076294 5.99924993515015 6.00806188583374 6.01687383651733 6.02568626403809 6.03449821472168 6.0405216217041 6.04561567306519 6.05070972442627 6.0558032989502 6.06089735031128 6.06599140167236 6.07108497619629 6.06904125213623 6.04558324813843 6.02212572097778 5.99866819381714 5.97521066665649 5.95175313949585 5.92829513549805 5.9048376083374 5.88455772399902 5.86533737182617 5.84611701965332 5.82689666748047 5.80767631530762 5.78845548629761 5.76923513412476 5.74245738983154 5.6930079460144 5.64355802536011 5.59410858154297 5.54465866088867 5.49520921707153 5.44575929641724 5.3963098526001 5.35350513458252 5.31291484832764 5.27232503890991 5.23173522949219 5.1911449432373 5.15055513381958 5.10996532440186 5.0633397102356 4.9986081123352
6.08853816986084 6.09145545959473 6.09437227249146 6.09728908538818 6.10020637512207 6.1031231880188 6.10604000091553 6.10935497283936 6.11280250549316 6.11625003814697 6.11969757080078 6.12314510345459 6.1265926361084 6.13004016876221 6.12481212615967 6.09355783462524 6.06230354309082 6.0310492515564 5.99979448318481 5.96854019165039 5.93728590011597 5.90603160858154 5.88007879257202 5.85589265823364 5.83170700073242 5.8075213432312 5.78333568572998 5.75915002822876 5.73496437072754 5.70245790481567 5.64498996734619 5.58752155303955 5.53005313873291 5.47258520126343 5.41511678695679 5.3576488494873 5.30018043518066 5.24750137329102 5.19641876220703 5.14533567428589 5.0942530632019 5.04317045211792 4.99208736419678 4.94100475311279 4.89191818237305 4.84881973266602
6.19545125961304 6.1924729347229 6.18949460983276 6.18651676177979 6.18353843688965 6.18056058883667 6.17758226394653 6.17818832397461 6.1799898147583 6.18179082870483 6.18359184265137 6.18539333343506 6.18719434738159 6.18899536132812 6.18058347702026 6.14153242111206 6.10248136520386 6.0634298324585 6.02437877655029 5.98532772064209 5.94627666473389 5.90722513198853 5.87559938430786 5.84644842147827 5.81729745864868 5.78814649581909 5.7589955329895 5.72984457015991 5.70069360733032 5.6624584197998 5.59697198867798 5.53148508071899 5.46599817276001 5.40051126480103 5.33502435684204 5.26953792572021 5.20405101776123 5.14149761199951 5.07992219924927 5.01834678649902 4.95677089691162 4.89519548416138 4.83362007141113 4.77204465866089 4.7204966545105 4.69903087615967
6.30236387252808 6.29349040985107 6.28461742401123 6.27574396133423 6.26687097549438 6.25799751281738 6.24912405014038 6.24702215194702 6.24717664718628 6.2473316192627 6.24748611450195 6.24764108657837 6.24779605865479 6.24795055389404 6.23635482788086 6.18950700759888 6.14265871047974 6.09581089019775 6.04896306991577 6.00211477279663 5.95526695251465 5.90841913223267 5.8711199760437 5.83700370788574 5.80288743972778 5.76877117156982 5.73465490341187 5.70053863525391 5.6664228439331 5.62245893478394 5.54895401000977 5.47544860839844 5.40194320678711 5.32843780517578 5.25493240356445 5.18142700195312 5.1079216003418 5.03549385070801 4.9634256362915 4.891357421875 4.8192892074585 4.74722099304199 4.67515230178833 4.60308408737183 4.54907464981079 4.54924201965332
6.35312843322754 6.34341049194336 6.33369255065918 6.32397508621216 6.31425714492798 6.3045392036438 6.29482126235962 6.29012966156006 6.28711318969727 6.28409671783447 6.28108024597168 6.27806377410889 6.27504730224609 6.2720308303833 6.25656032562256 6.20372819900513 6.15089559555054 6.09806299209595 6.04523086547852 5.99239826202393 5.93956613540649 5.8867335319519 5.84389305114746 5.80438327789307 5.76487302780151 5.72536325454712 5.68585348129272 5.64634370803833 5.60683345794678 5.55786800384521 5.48053646087646 5.40320444107056 5.32587289810181 5.2485408782959 5.17120933532715 5.09387731552124 5.01654577255249 4.94322633743286 4.87124443054199 4.79926252365112 4.72728061676025 4.65529870986938 4.58331680297852 4.51133489608765 4.46219205856323 4.48156547546387
6.34774494171143 6.34223318099976 6.33672094345093 6.33120918273926 6.32569742202759 6.32018518447876 6.31467342376709 6.30751085281372 6.29979848861694 6.29208612442017 6.28437328338623 6.27666091918945 6.26894855499268 6.26123571395874 6.24120044708252 6.18419599533081 6.1271915435791 6.07018709182739 6.01318216323853 5.95617771148682 5.89917325973511 5.8421688079834 5.79391860961914 5.74858665466309 5.70325469970703 5.65792226791382 5.61259031295776 5.56725835800171 5.52192640304565 5.46868562698364 5.39171934127808 5.31475353240967 5.2377872467041 5.16082143783569 5.08385515213013 5.00688886642456 4.92992305755615 4.86469411849976 4.80337810516357 4.74206161499023 4.68074560165405 4.61942958831787 4.55811309814453 4.49679708480835 4.45984792709351 4.49600124359131
