data/working_set_collections/6091692-Cassins_Sparrow-M2/1980/speed_avg.asc
NCOLS 265 
NROWS 230 
XLLCORNER -115.5625 
YLLCORNER 24.8333333333333 
CELLSIZE 0.0833333333333333 
NODATA_value -9999 
[rows 0 to 19 of 230, columns 138 to 183 of 265]
6.20992136001587 6.16303586959839 6.11615037918091 6.06926536560059 6.12098932266235 6.20558309555054 6.29017686843872 6.37477111816406 6.45936489105225 6.54395866394043 6.62855243682861 6.69474983215332 6.7057580947876 6.71676635742188 6.72777462005615 6.73878288269043 6.74979114532471 6.76079893112183 6.7718071937561 6.8094539642334 6.85598039627075 6.9025068283081 6.94903326034546 6.99555969238281 7.04208612442017 7.08861255645752 7.1226601600647 7.11927318572998 7.1158857345581 7.11249828338623 7.10911083221436 7.10572385787964 7.10233640670776 7.09894895553589 7.10390329360962 7.11163806915283 7.11937284469604 7.12710762023926 7.13484239578247 7.14257764816284 7.15031242370605 7.15696668624878 7.16037940979004 7.16379165649414 7.1672043800354 7.17061710357666
6.25377511978149 6.20879364013672 6.16381216049194 6.11883068084717 6.16041994094849 6.23086547851562 6.30131101608276 6.37175703048706 6.4422025680542 6.5126485824585 6.58309412002563 6.64000225067139 6.6562967300415 6.67259120941162 6.68888568878174 6.7051796913147 6.72147417068481 6.73776865005493 6.75406312942505 6.79743719100952 6.84983730316162 6.90223789215088 6.95463800430298 7.00703859329224 7.05943870544434 7.11183929443359 7.15085315704346 7.14970874786377 7.14856481552124 7.14742040634155 7.14627599716187 7.14513158798218 7.14398717880249 7.1428427696228 7.14819002151489 7.15570116043091 7.16321182250977 7.17072296142578 7.1782341003418 7.18574476242065 7.19325590133667 7.19932985305786 7.20109367370605 7.20285749435425 7.20462131500244 7.20638513565063
6.29762887954712 6.25455141067505 6.21147394180298 6.16839647293091 6.19985008239746 6.25614786148071 6.31244516372681 6.36874294281006 6.42504072189331 6.4813380241394 6.53763580322266 6.5852541923523 6.60683488845825 6.62841558456421 6.64999628067017 6.67157697677612 6.69315767288208 6.71473836898804 6.73631906509399 6.78541994094849 6.84369421005249 6.90196847915649 6.9602427482605 7.0185170173645 7.07679176330566 7.13506603240967 7.17904615402222 7.18014478683472 7.18124341964722 7.18234205245972 7.18344068527222 7.18453931808472 7.18563795089722 7.18673658370972 7.19247674942017 7.19976377487183 7.20705080032349 7.21433782577515 7.22162532806396 7.22891235351562 7.23619937896729 7.2416934967041 7.24180841445923 7.24192333221436 7.24203777313232 7.24215269088745
6.34148263931274 6.30030918121338 6.25913572311401 6.21796178817749 6.23928070068359 6.2814302444458 6.32357931137085 6.36572885513306 6.40787839889526 6.45002794265747 6.49217748641968 6.5305061340332 6.55737352371216 6.58424043655396 6.61110734939575 6.63797426223755 6.66484117507935 6.69170808792114 6.71857500076294 6.77340316772461 6.83755111694336 6.90169954299927 6.96584796905518 7.02999591827393 7.09414434432983 7.15829229354858 7.20723915100098 7.21058082580566 7.21392250061035 7.21726417541504 7.22060585021973 7.22394752502441 7.2272891998291 7.23063087463379 7.23676347732544 7.2438268661499 7.25088977813721 7.25795316696167 7.26501655578613 7.27207946777344 7.2791428565979 7.28405666351318 7.28252267837524 7.2809886932373 7.27945470809937 7.27792072296143
6.38533639907837 6.34606695175171 6.30679702758789 6.26752758026123 6.27871084213257 6.30671215057373 6.33471393585205 6.36271524429321 6.39071655273438 6.41871786117554 6.4467191696167 6.47575855255127 6.50791168212891 6.54006481170654 6.57221794128418 6.60437154769897 6.63652467727661 6.66867780685425 6.70083093643188 6.76138591766357 6.83140802383423 6.90143060684204 6.9714527130127 7.04147481918335 7.111496925354 7.18151903152466 7.23543214797974 7.24101686477661 7.24660110473633 7.2521858215332 7.25777053833008 7.26335525512695 7.26893997192383 7.2745246887207 7.28105020523071 7.28788948059082 7.29472875595093 7.30156850814819 7.3084077835083 7.31524705886841 7.32208633422852 7.32642030715942 7.32323741912842 7.32005453109741 7.31687164306641 7.3136887550354
6.42919063568115 6.39182472229004 6.35445880889893 6.31709289550781 6.3181414604187 6.33199453353882 6.34584808349609 6.35970115661621 6.37355422973633 6.3874077796936 6.40126085281372 6.42101049423218 6.45844984054565 6.49588966369629 6.53332901000977 6.57076835632324 6.60820817947388 6.64564752578735 6.68308687210083 6.7493691444397 6.8252649307251 6.90116119384766 6.97705745697021 7.05295372009277 7.12884950637817 7.20474576950073 7.2636251449585 7.2714524269104 7.27928018569946 7.28710794448853 7.29493570327759 7.30276298522949 7.31059074401855 7.31841850280762 7.32533693313599 7.3319525718689 7.33856821060181 7.34518337249756 7.35179901123047 7.35841464996338 7.36502981185913 7.36878347396851 7.36395168304443 7.35911989212036 7.35428810119629 7.34945631027222
6.50398111343384 6.46717834472656 6.43037509918213 6.39357233047485 6.38792133331299 6.39265394210815 6.39738655090332 6.40211915969849 6.40685176849365 6.41158485412598 6.41631746292114 6.4300127029419 6.47059535980225 6.5111780166626 6.55176115036011 6.59234380722046 6.63292646408081 6.67350912094116 6.71409225463867 6.7814736366272 6.8577880859375 6.93410301208496 7.01041746139526 7.08673191070557 7.16304636001587 7.23936128616333 7.29888677597046 7.30804538726807 7.31720399856567 7.32636260986328 7.33552074432373 7.34467935562134 7.35383796691895 7.36299657821655 7.36987924575806 7.3760027885437 7.38212633132935 7.38825035095215 7.39437389373779 7.40049743652344 7.40662145614624 7.40988492965698 7.40456914901733 7.39925336837769 7.39393758773804 7.38862180709839
6.60970830917358 6.57212734222412 6.53454637527466 6.49696588516235 6.48805046081543 6.48868989944458 6.48932981491089 6.4899697303772 6.49060964584351 6.49124908447266 6.49188899993896 6.50276470184326 6.54434776306152 6.58593082427979 6.62751388549805 6.66909694671631 6.71068000793457 6.75226306915283 6.79384613037109 6.85770034790039 6.92897748947144 7.00025510787964 7.07153224945068 7.14280986785889 7.21408748626709 7.28536462783813 7.34121751785278 7.35079479217529 7.3603720664978 7.36994934082031 7.37952661514282 7.38910436630249 7.398681640625 7.40825891494751 7.41467618942261 7.42004013061523 7.42540454864502 7.43076848983765 7.43613243103027 7.4414963722229 7.44686031341553 7.44972467422485 7.44508981704712 7.44045448303223 7.43581962585449 7.43118476867676
6.71543550491333 6.67707633972168 6.63871765136719 6.6003589630127 6.58817958831787 6.58472633361816 6.58127307891846 6.57781982421875 6.5743670463562 6.57091379165649 6.56746053695679 6.57551670074463 6.6181001663208 6.66068315505981 6.70326662063599 6.74585008621216 6.78843355178833 6.8310170173645 6.87360048294067 6.93392658233643 7.00016689300537 7.06640720367432 7.13264751434326 7.19888782501221 7.26512813568115 7.3313684463501 7.38354778289795 7.39354419708252 7.40354013442993 7.4135365486145 7.42353296279907 7.43352890014648 7.44352531433105 7.45352125167847 7.45947360992432 7.46407794952393 7.46868228912354 7.47328662872314 7.47789096832275 7.48249530792236 7.48709964752197 7.48956441879272 7.48561000823975 7.48165559768677 7.47770166397095 7.47374725341797
6.82116270065308 6.7820258140564 6.74288892745972 6.7037525177002 6.68830871582031 6.68076276779175 6.67321634292603 6.66567039489746 6.6581244468689 6.65057802200317 6.64303207397461 6.648268699646 6.69185209274292 6.735435962677 6.77901983261108 6.82260370254517 6.86618709564209 6.90977096557617 6.95335483551025 7.01015281677246 7.07135629653931 7.13255929946899 7.19376277923584 7.25496578216553 7.31616926193237 7.37737226486206 7.42587852478027 7.43629360198975 7.44670867919922 7.45712375640869 7.46753883361816 7.47795391082764 7.48836851119995 7.49878358840942 7.50427103042603 7.50811576843262 7.51196002960205 7.51580476760864 7.51964950561523 7.52349424362183 7.52733850479126 7.52940368652344 7.52613019943237 7.52285718917847 7.5195837020874 7.51631021499634
6.92688941955566 6.88697481155396 6.84706020355225 6.80714559555054 6.78843784332275 6.77679872512817 6.76515960693359 6.75352096557617 6.74188184738159 6.73024272918701 6.71860361099243 6.72102069854736 6.7656044960022 6.81018877029419 6.85477256774902 6.89935684204102 6.94394063949585 6.98852491378784 7.03310871124268 7.08637952804565 7.14254570007324 7.19871187210083 7.25487804412842 7.31104373931885 7.36720991134644 7.42337608337402 7.4682092666626 7.47904300689697 7.48987674713135 7.50071096420288 7.51154470443726 7.52237844467163 7.53321218490601 7.54404592514038 7.54906845092773 7.55215311050415 7.55523824691772 7.55832290649414 7.56140804290771 7.56449270248413 7.5675778388977 7.56924343109131 7.56665086746216 7.56405830383301 7.56146574020386 7.55887317657471
7.03261661529541 6.99192428588867 6.95123147964478 6.91053915023804 6.8885669708252 6.87283515930176 6.85710287094116 6.84137105941772 6.82563924789429 6.80990743637085 6.79417514801025 6.79377269744873 6.83935689926147 6.88494110107422 6.93052577972412 6.97610998153687 7.02169418334961 7.06727886199951 7.11286306381226 7.16260576248169 7.21373510360718 7.26486396789551 7.31599283218384 7.36712169647217 7.41825103759766 7.46937990188599 7.51054000854492 7.5217924118042 7.53304529190063 7.54429769515991 7.55555057525635 7.56680297851562 7.57805585861206 7.5893087387085 7.59386539459229 7.59619092941284 7.59851598739624 7.60084104537964 7.6031665802002 7.60549163818359 7.60781669616699 7.60908269882202 7.60717105865479 7.60525941848755 7.60334777832031 7.60143566131592
7.0995020866394 7.06183052062988 7.02415895462036 6.98648691177368 6.96554946899414 6.9501895904541 6.93482971191406 6.91946983337402 6.90410995483398 6.88875007629395 6.87339019775391 6.8724775314331 6.91490697860718 6.95733690261841 6.99976634979248 7.04219627380371 7.08462572097778 7.12705516815186 7.16948509216309 7.21523523330688 7.26209259033203 7.30894994735718 7.35580730438232 7.40266418457031 7.44952154159546 7.4963788986206 7.53433275222778 7.54557657241821 7.55682039260864 7.56806421279907 7.5793080329895 7.59055185317993 7.60179567337036 7.61303949356079 7.61716794967651 7.61892414093018 7.62068033218384 7.6224365234375 7.62419271469116 7.62594890594482 7.62770509719849 7.62866830825806 7.62725353240967 7.62583827972412 7.62442350387573 7.62300825119019
7.12754583358765 7.09669399261475 7.06584215164185 7.03498983383179 7.01938486099243 7.0088620185852 6.99833917617798 6.98781633377075 6.97729349136353 6.9667706489563 6.95624780654907 6.95713567733765 6.99225568771362 7.02737522125244 7.06249523162842 7.0976152420044 7.13273477554321 7.16785478591919 7.20297479629517 7.24426794052124 7.28761863708496 7.33096933364868 7.37432050704956 7.41767120361328 7.46102237701416 7.50437307357788 7.53958797454834 7.55039548873901 7.56120300292969 7.5720100402832 7.58281755447388 7.59362506866455 7.60443210601807 7.61523962020874 7.61897468566895 7.62035274505615 7.6217303276062 7.62310838699341 7.62448644638062 7.62586402893066 7.62724208831787 7.62799978256226 7.62689733505249 7.62579488754272 7.62469244003296 7.62359046936035
7.15558958053589 7.13155746459961 7.10752487182617 7.08349275588989 7.07322025299072 7.06753444671631 7.0618486404419 7.05616283416748 7.05047702789307 7.04479169845581 7.0391058921814 7.04179382324219 7.06960391998291 7.09741401672363 7.12522411346436 7.15303421020508 7.1808443069458 7.20865392684937 7.23646402359009 7.27330017089844 7.31314468383789 7.35298919677734 7.3928337097168 7.43267822265625 7.4725227355957 7.51236724853516 7.54484367370605 7.55521440505981 7.56558513641357 7.57595586776733 7.58632707595825 7.59669780731201 7.60706853866577 7.61743927001953 7.62078189849854 7.62178134918213 7.62278079986572 7.62378072738647 7.62478017807007 7.62577962875366 7.62677907943726 7.62733125686646 7.62654161453247 7.62575197219849 7.62496185302734 7.62417221069336
7.18363332748413 7.16642093658447 7.14920806884766 7.13199520111084 7.12705564498901 7.12620687484741 7.12535858154297 7.12450981140137 7.12366104125977 7.12281227111816 7.12196350097656 7.12645196914673 7.1469521522522 7.16745281219482 7.18795299530029 7.20845317840576 7.22895336151123 7.2494535446167 7.26995372772217 7.30233240127563 7.33867073059082 7.37500905990601 7.41134691238403 7.44768524169922 7.4840235710144 7.52036190032959 7.55009889602661 7.56003332138062 7.56996774673462 7.57990217208862 7.58983612060547 7.59977054595947 7.60970497131348 7.61963939666748 7.62258863449097 7.6232099533081 7.62383127212524 7.62445259094238 7.62507390975952 7.62569522857666 7.62631607055664 7.62666273117065 7.62618589401245 7.62570858001709 7.62523126602173 7.62475395202637
7.21167707443237 7.20128440856934 7.19089126586914 7.18049812316895 7.1808910369873 7.18487977981567 7.18886804580688 7.1928563117981 7.19684457778931 7.20083284378052 7.20482158660889 7.21111011505127 7.22430086135864 7.23749113082886 7.25068140029907 7.26387214660645 7.27706241607666 7.29025316238403 7.30344343185425 7.33136510848999 7.36419677734375 7.39702844619751 7.42986059188843 7.46269226074219 7.49552392959595 7.52835607528687 7.55535411834717 7.56485223770142 7.57434988021851 7.58384799957275 7.59334564208984 7.60284376144409 7.61234140396118 7.62183904647827 7.62439584732056 7.62463903427124 7.62488174438477 7.62512445449829 7.62536764144897 7.6256103515625 7.62585353851318 7.62599420547485 7.62582969665527 7.62566518783569 7.62550067901611 7.62533617019653
7.23972082138062 7.23614740371704 7.23257446289062 7.22900104522705 7.23472690582275 7.24355220794678 7.2523775100708 7.26120281219482 7.27002859115601 7.27885389328003 7.28767919540405 7.29576826095581 7.30164909362793 7.30752992630005 7.31341028213501 7.31929111480713 7.32517147064209 7.33105230331421 7.33693313598633 7.36039733886719 7.38972282409668 7.41904830932617 7.44837379455566 7.47769927978516 7.50702476501465 7.53635025024414 7.56060981750488 7.56967115402222 7.57873249053955 7.58779382705688 7.59685516357422 7.60591650009155 7.61497783660889 7.62403917312622 7.62620306015015 7.62606763839722 7.62593221664429 7.62579679489136 7.62566137313843 7.6255259513855 7.62539052963257 7.62532615661621 7.62547397613525 7.6256217956543 7.6257700920105 7.62591791152954
7.23897123336792 7.23690176010132 7.23483228683472 7.23276233673096 7.24100971221924 7.25269556045532 7.26438140869141 7.27606725692749 7.28775310516357 7.29943943023682 7.3111252784729 7.32065153121948 7.32369995117188 7.32674789428711 7.3297963142395 7.3328447341919 7.33589267730713 7.33894109725952 7.34198904037476 7.3639178276062 7.39214038848877 7.42036247253418 7.44858503341675 7.47680759429932 7.50502967834473 7.5332522392273 7.55677938461304 7.56622219085693 7.57566499710083 7.58510732650757 7.59455013275146 7.60399293899536 7.61343574523926 7.622878074646 7.6248517036438 7.62433528900146 7.62381839752197 7.62330198287964 7.6227855682373 7.62226915359497 7.62175273895264 7.62140274047852 7.62155199050903 7.62170171737671 7.62185144424438 7.62200117111206
7.20942831039429 7.20354652404785 7.19766473770142 7.19178295135498 7.19973993301392 7.21230983734131 7.2248797416687 7.23744964599609 7.25001955032349 7.26258945465088 7.27515935897827 7.28575992584229 7.29045295715332 7.29514646530151 7.29983949661255 7.30453252792358 7.30922555923462 7.31391859054565 7.31861209869385 7.34192705154419 7.37144947052002 7.40097188949585 7.43049430847168 7.46001672744751 7.48953914642334 7.51906156539917 7.54386377334595 7.55450534820557 7.56514739990234 7.57578945159912 7.58643102645874 7.59707307815552 7.60771465301514 7.61835670471191 7.62034177780151 7.61944150924683 7.61854124069214 7.61764049530029 7.6167402267456 7.61583995819092 7.61493968963623 7.61422443389893 7.61406469345093 7.61390495300293 7.61374521255493 7.61358547210693
