data/working_set_collections/6091692-Cassins_Sparrow-M2/1980/speed_avg.asc
NCOLS 265 
NROWS 230 
XLLCORNER -115.5625 
YLLCORNER 24.8333333333333 
CELLSIZE 0.0833333333333333 
NODATA_value -9999 
[rows 20 to 39 of 230, columns 46 to 91 of 265]
4.56336879730225 4.6163010597229 4.66923379898071 4.72216606140137 4.77509832382202 4.82803058624268 4.88623476028442 4.94619560241699 5.00615692138672 5.06611824035645 5.12607908248901 5.18604040145874 5.24600124359131 5.30701303482056 5.37117576599121 5.43533897399902 5.49950218200684 5.56366491317749 5.6278281211853 5.69199132919312 5.75615406036377 5.81485271453857 5.87172985076904 5.92860698699951 5.98548412322998 6.04236125946045 6.09923839569092 6.15611505508423 6.23283195495605 6.36906623840332 6.50530099868774 6.64153575897217 6.77777004241943 6.91400480270386 7.05023956298828 7.1864743232727 7.22167110443115 7.22318887710571 7.22470664978027 7.22622442245483 7.22774171829224 7.2292594909668 7.23077726364136 7.23531293869019 7.24890184402466 7.26249074935913
4.5945839881897 4.66429567337036 4.73400735855103 4.80371904373169 4.87343072891235 4.94314289093018 5.00439834594727 5.06283473968506 5.12127161026001 5.1797080039978 5.2381443977356 5.29658126831055 5.35501766204834 5.41314029693604 5.4703197479248 5.52749919891357 5.58467817306519 5.64185762405396 5.69903707504272 5.75621652603149 5.81339597702026 5.86503648757935 5.91483068466187 5.96462440490723 6.01441860198975 6.06421279907227 6.11400699615479 6.16380071640015 6.23375415802002 6.36418390274048 6.49461364746094 6.62504386901855 6.75547361373901 6.88590335845947 7.01633358001709 7.14676332473755 7.18520784378052 7.19298982620239 7.20077228546143 7.20855474472046 7.21633720397949 7.22411918640137 7.2319016456604 7.24225091934204 7.26030158996582 7.2783522605896
4.62579870223999 4.71228981018066 4.79878091812134 4.88527250289917 4.97176361083984 5.05825471878052 5.12256145477295 5.17947387695312 5.23638582229614 5.29329776763916 5.35021018981934 5.40712213516235 5.46403408050537 5.51926755905151 5.56946325302124 5.61965894699097 5.66985464096069 5.72005033493042 5.7702465057373 5.82044219970703 5.87063789367676 5.91522026062012 5.95793104171753 6.0006422996521 6.04335308074951 6.08606433868408 6.12877559661865 6.17148637771606 6.23467636108398 6.35930156707764 6.48392677307129 6.60855197906494 6.73317718505859 6.85780239105225 6.9824275970459 7.10705280303955 7.14874410629272 7.16279125213623 7.17683839797974 7.19088506698608 7.20493221282959 7.2189793586731 7.23302602767944 7.24918937683105 7.27170181274414 7.29421377182007
4.65701341629028 4.76028394699097 4.86355495452881 4.96682548522949 5.07009601593018 5.17336654663086 5.24072504043579 5.29611253738403 5.35150051116943 5.40688800811768 5.46227550506592 5.51766300201416 5.57305097579956 5.62539434432983 5.66860675811768 5.71181869506836 5.7550311088562 5.79824304580688 5.84145545959473 5.88466739654541 5.92787981033325 5.96540355682373 6.00103187561035 6.03665971755981 6.07228803634644 6.1079158782959 6.14354419708252 6.17917203903198 6.23559856414795 6.35441875457764 6.47323942184448 6.59206008911133 6.71088027954102 6.82970094680786 6.94852161407471 7.0673418045044 7.11228084564209 7.13259267807007 7.15290403366089 7.17321586608887 7.19352722167969 7.21383905410767 7.23415088653564 7.25612783432007 7.2831015586853 7.31007528305054
4.65648698806763 4.77512788772583 4.89376926422119 5.01241016387939 5.1310510635376 5.2496919631958 5.328209400177 5.39335155487061 5.45849370956421 5.52363634109497 5.58877849578857 5.65392112731934 5.71906328201294 5.77646923065186 5.81066608428955 5.84486246109009 5.87905883789062 5.91325569152832 5.94745206832886 5.98164892196655 6.01584529876709 6.04264640808105 6.06698226928711 6.09131813049316 6.11565399169922 6.13998985290527 6.16432619094849 6.18866205215454 6.23535060882568 6.34909868240356 6.46284675598145 6.57659435272217 6.69034242630005 6.80409049987793 6.91783809661865 7.03158617019653 7.075523853302 7.09619140625 7.11685943603516 7.13752698898315 7.15819501876831 7.17886257171631 7.19953060150146 7.22294902801514 7.25461959838867 7.28629064559937
4.62421941757202 4.75682163238525 4.88942384719849 5.02202653884888 5.15462875366211 5.28723096847534 5.38501405715942 5.47119045257568 5.55736684799194 5.6435432434082 5.72971963882446 5.81589603424072 5.90207242965698 5.97249174118042 5.99564075469971 6.01878976821899 6.04193878173828 6.06508779525757 6.08823680877686 6.11138582229614 6.13453483581543 6.14694786071777 6.15578269958496 6.16461706161499 6.17345190048218 6.18228673934937 6.1911211013794 6.19995594024658 6.2339334487915 6.34334087371826 6.45274829864502 6.56215572357178 6.67156314849854 6.78097057342529 6.89037752151489 6.99978494644165 7.03847360610962 7.0535888671875 7.06870412826538 7.08381938934326 7.09893465042114 7.11404991149902 7.1291651725769 7.1496524810791 7.18625593185425 7.22285890579224
4.59195137023926 4.73851537704468 4.88507890701294 5.03164291381836 5.17820644378662 5.32476997375488 5.44181871414185 5.54902935028076 5.65623950958252 5.76345014572144 5.87066030502319 5.97787046432495 6.08508110046387 6.16851425170898 6.18061542510986 6.1927170753479 6.20481872558594 6.21691989898682 6.22902154922485 6.24112272262573 6.25322437286377 6.25124979019165 6.24458312988281 6.23791646957397 6.23124980926514 6.2245831489563 6.21791648864746 6.21124982833862 6.23251628875732 6.33758306503296 6.44264984130859 6.54771661758423 6.65278339385986 6.75785064697266 6.86291742324829 6.96798419952393 7.00142288208008 7.01098585128784 7.0205488204956 7.03011131286621 7.03967428207397 7.04923725128174 7.0588002204895 7.07635641098022 7.11789178848267 7.15942764282227
4.55968379974365 4.72020864486694 4.88073396682739 5.04125881195068 5.20178413391113 5.36230945587158 5.49862384796143 5.62686824798584 5.75511264801025 5.88335657119751 6.01160097122192 6.13984537124634 6.26808977127075 6.36453628540039 6.36559057235718 6.36664438247681 6.36769819259644 6.36875200271606 6.36980581283569 6.37086009979248 6.37191390991211 6.35555124282837 6.33338356018066 6.3112154006958 6.28904724121094 6.26687955856323 6.24471139907837 6.22254323959351 6.23109912872314 6.33182525634766 6.43255186080933 6.53327798843384 6.63400411605835 6.73473072052002 6.83545684814453 6.93618297576904 6.9643726348877 6.96838283538818 6.97239351272583 6.97640371322632 6.98041391372681 6.98442459106445 6.98843479156494 7.00305986404419 7.04952812194824 7.0959963798523
4.52741575241089 4.70190238952637 4.87638902664185 5.05087518692017 5.22536182403564 5.39984846115112 5.55542850494385 5.70470714569092 5.85398530960083 6.00326347351074 6.15254211425781 6.30182027816772 6.45109844207764 6.56055879592896 6.55056524276733 6.54057168960571 6.53057813644409 6.52058410644531 6.51059055328369 6.50059700012207 6.49060344696045 6.45985317230225 6.42218351364136 6.38451433181763 6.3468451499939 6.30917596817017 6.27150678634644 6.23383712768555 6.22968196868896 6.32606744766235 6.4224534034729 6.51883888244629 6.61522483825684 6.71161079406738 6.80799627304077 6.90438222885132 6.92732191085815 6.92577981948853 6.92423820495605 6.92269611358643 6.9211540222168 6.91961193084717 6.91806983947754 6.92976331710815 6.98116445541382 7.03256511688232
4.49514818191528 4.68359613418579 4.87204360961914 5.06049156188965 5.24893951416016 5.43738746643066 5.61223363876343 5.78254556655884 5.95285797119141 6.12317037582397 6.29348278045654 6.46379518508911 6.63410711288452 6.75658130645752 6.73553991317749 6.71449899673462 6.69345760345459 6.67241668701172 6.65137529373169 6.63033390045166 6.60929298400879 6.56415462493896 6.51098394393921 6.45781326293945 6.40464305877686 6.3514723777771 6.29830169677734 6.24513101577759 6.22826433181763 6.32030963897705 6.41235494613647 6.5044002532959 6.59644556045532 6.68849086761475 6.78053617477417 6.87258100509644 6.89027166366577 6.88317728042603 6.87608242034912 6.86898803710938 6.86189365386963 6.85479927062988 6.84770488739014 6.85646724700928 6.91280031204224 6.96913385391235
4.46985816955566 4.65906000137329 4.84826135635376 5.03746271133423 5.2266640663147 5.41586542129517 5.59591293334961 5.77290916442871 5.94990491867065 6.12690114974976 6.3038969039917 6.4808931350708 6.65788888931274 6.78536081314087 6.76425838470459 6.74315643310547 6.72205448150635 6.70095205307007 6.67985010147095 6.65874814987183 6.63764572143555 6.58768033981323 6.52809381484985 6.46850728988647 6.40892028808594 6.34933376312256 6.28974723815918 6.23016023635864 6.20609998703003 6.28861808776855 6.37113618850708 6.4536542892456 6.53617238998413 6.61869049072266 6.70120859146118 6.78372669219971 6.79806137084961 6.78966808319092 6.78127479553223 6.77288198471069 6.764488697052 6.75609540939331 6.74770259857178 6.75564622879028 6.81260013580322 6.86955404281616
4.45154666900635 4.62829399108887 4.80504131317139 4.98178863525391 5.15853595733643 5.33528327941895 5.50646686553955 5.67579650878906 5.84512615203857 6.01445531845093 6.18378496170044 6.35311460494995 6.5224437713623 6.64689683914185 6.63672065734863 6.62654399871826 6.61636781692505 6.60619163513184 6.59601497650146 6.58583879470825 6.57566261291504 6.53043031692505 6.47351264953613 6.41659498214722 6.35967779159546 6.30276012420654 6.24584245681763 6.18892526626587 6.16318798065186 6.23099231719971 6.29879665374756 6.36660099029541 6.43440532684326 6.50220966339111 6.57001399993896 6.63781833648682 6.65069055557251 6.64525270462036 6.63981485366821 6.63437700271606 6.62893915176392 6.62350082397461 6.61806297302246 6.62730026245117 6.68056297302246 6.73382616043091
4.43323516845703 4.59752798080444 4.76182126998901 4.92611455917358 5.090407371521 5.25470066070557 5.41702127456665 5.57868432998657 5.74034690856934 5.90200996398926 6.06367301940918 6.22533559799194 6.38699865341187 6.50843334197998 6.50918245315552 6.50993204116821 6.51068162918091 6.51143074035645 6.51218032836914 6.51292991638184 6.51367902755737 6.47318029403687 6.41893196105957 6.36468315124512 6.31043481826782 6.25618648529053 6.20193815231323 6.14768981933594 6.12027597427368 6.17336654663086 6.22645711898804 6.27954769134521 6.33263826370239 6.38572883605957 6.43881940841675 6.49190950393677 6.50332021713257 6.5008373260498 6.4983549118042 6.49587202072144 6.49338912963867 6.49090623855591 6.4884238243103 6.49895477294922 6.54852628707886 6.5980978012085
4.41492366790771 4.56676244735718 4.71860122680664 4.87044048309326 5.02227926254272 5.17411851882935 5.32757520675659 5.48157167434692 5.63556814193726 5.78956460952759 5.94356060028076 6.09755706787109 6.25155353546143 6.36996936798096 6.38164472579956 6.39332008361816 6.40499496459961 6.41667032241821 6.42834520339966 6.44002056121826 6.45169591903687 6.41593027114868 6.36435079574585 6.31277132034302 6.26119232177734 6.20961284637451 6.15803384780884 6.10645437240601 6.07736396789551 6.11574077606201 6.15411758422852 6.19249439239502 6.23087120056152 6.26924800872803 6.30762434005737 6.34600114822388 6.35594987869263 6.35642242431641 6.35689449310303 6.35736703872681 6.35783958435059 6.35831212997437 6.35878419876099 6.37060880661011 6.4164891242981 6.46236991882324
4.39661169052124 4.53599643707275 4.67538166046143 4.81476640701294 4.95415115356445 5.09353590011597 5.23812961578369 5.38445901870728 5.53078889846802 5.67711877822876 5.8234486579895 5.96977853775024 6.11610841751099 6.23150587081909 6.25410652160645 6.27670764923096 6.29930877685547 6.32190942764282 6.34451055526733 6.36711120605469 6.3897123336792 6.35867977142334 6.30976963043213 6.26085948944092 6.21194934844971 6.1630392074585 6.11412906646729 6.06521892547607 6.03445196151733 6.05811500549316 6.08177804946899 6.10544109344482 6.12910413742065 6.15276718139648 6.17642974853516 6.20009279251099 6.20857954025269 6.21200704574585 6.21543455123901 6.21886205673218 6.22228956222534 6.22571754455566 6.22914505004883 6.242262840271 6.28445243835449 6.32664203643799
4.37830018997192 4.50523090362549 4.63216161727905 4.75909233093262 4.88602256774902 5.01295328140259 5.14868354797363 5.28734683990479 5.42601013183594 5.56467342376709 5.70333671569824 5.8420000076294 5.98066282272339 6.09304189682007 6.12656879425049 6.16009569168091 6.19362211227417 6.22714900970459 6.26067543029785 6.29420232772827 6.32772922515869 6.30142974853516 6.25518894195557 6.20894765853882 6.16270685195923 6.11646556854248 6.07022476196289 6.02398347854614 5.99153995513916 6.00048923492432 6.00943851470947 6.01838779449463 6.02733707427979 6.03628635406494 6.04523515701294 6.0541844367981 6.06120872497559 6.06759166717529 6.073974609375 6.08035707473755 6.08674001693726 6.09312295913696 6.09950542449951 6.11391735076904 6.15241575241089 6.19091367721558
4.35240459442139 4.46475887298584 4.57711267471313 4.68946695327759 4.80182123184204 4.91417551040649 5.04050159454346 5.17148494720459 5.30246829986572 5.43345212936401 5.56443548202515 5.69541883468628 5.82640218734741 5.93328905105591 5.96788597106934 6.00248289108276 6.03707981109619 6.07167673110962 6.10627365112305 6.14087057113647 6.17546796798706 6.15399932861328 6.11384201049805 6.07368469238281 6.03352737426758 5.9933705329895 5.95321321487427 5.91305589675903 5.88440847396851 5.8902907371521 5.89617300033569 5.90205526351929 5.90793752670288 5.91381978988647 5.91970205307007 5.92558431625366 5.93654584884644 5.94920063018799 5.96185493469238 5.97450971603394 5.98716449737549 5.99981927871704 6.01247406005859 6.03024435043335 6.06336164474487 6.09647846221924
4.31892442703247 4.41457986831665 4.51023578643799 4.60589122772217 4.70154666900635 4.79720211029053 4.91358375549316 5.03687381744385 5.16016435623169 5.28345489501953 5.40674495697021 5.53003549575806 5.6533260345459 5.7522463798523 5.77805805206299 5.80387020111084 5.82968187332153 5.85549354553223 5.88130521774292 5.90711688995361 5.93292856216431 5.9163875579834 5.88572883605957 5.8550705909729 5.82441186904907 5.79375314712524 5.76309490203857 5.73243618011475 5.71305751800537 5.72751951217651 5.74198150634766 5.7564435005188 5.77090549468994 5.78536748886108 5.79982948303223 5.81429147720337 5.83458995819092 5.85683298110962 5.87907648086548 5.90131998062134 5.9235634803772 5.9458065032959 5.96805000305176 5.99124431610107 6.01729011535645 6.04333639144897
4.28544473648071 4.36440134048462 4.44335842132568 4.52231502532959 4.6012716293335 4.68022871017456 4.78666543960571 4.90226316452026 5.01786041259766 5.13345766067505 5.24905490875244 5.36465215682983 5.48024940490723 5.57120418548584 5.5882306098938 5.60525703430176 5.62228345870972 5.63930988311768 5.65633678436279 5.67336320877075 5.69038963317871 5.67877626419067 5.65761613845825 5.63645601272583 5.61529636383057 5.59413623809814 5.57297611236572 5.5518159866333 5.54170656204224 5.56474828720093 5.58779048919678 5.61083221435547 5.63387393951416 5.65691566467285 5.67995738983154 5.70299911499023 5.73263359069824 5.76446580886841 5.79629802703857 5.82812976837158 5.85996198654175 5.89179420471191 5.92362594604492 5.95224380493164 5.97121906280518 5.99019432067871
4.25196504592896 4.31422281265259 4.37648105621338 4.43873882293701 4.5009970664978 4.56325483322144 4.65974760055542 4.76765203475952 4.87555599212646 4.98346042633057 5.09136438369751 5.19926881790161 5.30717277526855 5.39016151428223 5.39840269088745 5.40664386749268 5.41488552093506 5.42312669754028 5.43136787414551 5.43960905075073 5.44785070419312 5.44116497039795 5.42950344085693 5.41784191131592 5.4061803817749 5.39451932907104 5.38285779953003 5.37119626998901 5.3703556060791 5.40197706222534 5.43359899520874 5.46522045135498 5.49684190750122 5.52846384048462 5.56008529663086 5.5917067527771 5.63067770004272 5.6720986366272 5.71351909637451 5.75494003295898 5.79636096954346 5.83778142929077 5.87920236587524 5.91324377059937 5.92514801025391 5.93705224990845
