data/working_set_collections/6091692-Cassins_Sparrow-M2/1980/speed_avg.asc
NCOLS 265 
NROWS 230 
XLLCORNER -115.5625 
YLLCORNER 24.8333333333333 
CELLSIZE 0.0833333333333333 
NODATA_value -9999 
[rows 120 to 139 of 230, columns 92 to 137 of 265]
6.52267980575562 6.56791877746582 6.61315822601318 6.65839767456055 6.70363712310791 6.64149856567383 6.5435676574707 6.44563627243042 6.3477053642273 6.24977397918701 6.15184307098389 6.05391216278076 5.98111820220947 5.98373699188232 5.98635530471802 5.98897409439087 5.99159288406372 5.99421119689941 5.99682998657227 5.99944877624512 6.10150098800659 6.23669767379761 6.37189483642578 6.5070915222168 6.64228868484497 6.77748537063599 6.912682056427 7.02196025848389 7.05348205566406 7.08500385284424 7.11652565002441 7.14804744720459 7.17956924438477 7.21109104156494 7.24261283874512 7.20840835571289 7.15229511260986 7.09618186950684 7.04006862640381 6.98395490646362 6.9278416633606 6.87172842025757 6.8384108543396 6.87347984313965 6.90854930877686 6.9436182975769
6.4775915145874 6.51796007156372 6.55832862854004 6.59869718551636 6.63906574249268 6.57561588287354 6.4775595664978 6.37950372695923 6.2814474105835 6.18339157104492 6.08533525466919 5.98727941513062 5.91279935836792 5.90904808044434 5.90529632568359 5.90154457092285 5.89779329299927 5.89404153823853 5.89029026031494 5.8865385055542 5.98730850219727 6.12291860580444 6.25852870941162 6.3941388130188 6.52974891662598 6.66535949707031 6.80096960067749 6.91296434402466 6.95411205291748 6.9952597618103 7.03640747070312 7.0775556564331 7.11870336532593 7.15985107421875 7.20099925994873 7.16901922225952 7.11266279220581 7.05630683898926 6.9999508857727 6.94359445571899 6.88723850250244 6.83088254928589 6.79831171035767 6.83709764480591 6.87588357925415 6.91466951370239
6.43250370025635 6.46800136566162 6.5034990310669 6.53899669647217 6.57449436187744 6.50973272323608 6.41155195236206 6.31337070465088 6.21518993377686 6.11700868606567 6.01882791519165 5.92064666748047 5.84448051452637 5.83435869216919 5.82423686981201 5.81411552429199 5.80399370193481 5.79387187957764 5.78375053405762 5.77362871170044 5.87311601638794 6.00913953781128 6.14516258239746 6.2811861038208 6.41720962524414 6.55323314666748 6.68925666809082 6.80396795272827 6.8547420501709 6.90551567077637 6.95628976821899 7.00706386566162 7.05783748626709 7.10861158370972 7.15938568115234 7.12962961196899 7.07303094863892 7.01643180847168 6.9598331451416 6.90323400497437 6.84663486480713 6.79003620147705 6.75821256637573 6.80071544647217 6.8432183265686 6.88572072982788
6.38741588592529 6.41804265975952 6.44866943359375 6.47929620742798 6.50992298126221 6.44385004043579 6.34554433822632 6.24723815917969 6.14893198013306 6.05062627792358 5.95232009887695 5.85401391983032 5.77616167068481 5.7596697807312 5.74317789077759 5.72668600082397 5.71019411087036 5.69370222091675 5.67721033096313 5.66071844100952 5.75892305374146 5.89535999298096 6.03179693222046 6.16823387145996 6.3046703338623 6.44110727310181 6.57754421234131 6.69497156143188 6.75537157058716 6.81577157974243 6.8761715888977 6.93657159805298 6.99697160720825 7.05737161636353 7.1177716255188 7.09024047851562 7.03339862823486 6.9765567779541 6.9197154045105 6.86287355422974 6.80603170394897 6.74918985366821 6.7181134223938 6.76433324813843 6.8105525970459 6.85677242279053
6.34232759475708 6.36808347702026 6.3938398361206 6.41959571838379 6.44535160064697 6.3779673576355 6.27953624725342 6.18110513687134 6.08267450332642 5.98424339294434 5.88581228256226 5.78738164901733 5.70784282684326 5.68498086929321 5.66211891174316 5.63925647735596 5.61639451980591 5.59353256225586 5.57067060470581 5.54780864715576 5.64473056793213 5.78158092498779 5.9184308052063 6.05528116226196 6.19213104248047 6.32898139953613 6.46583127975464 6.58597564697266 6.65600156784058 6.7260274887085 6.79605388641357 6.86607980728149 6.93610572814941 7.00613212585449 7.07615804672241 7.05085134506226 6.99376678466797 6.93668222427368 6.8795976638794 6.82251262664795 6.76542806625366 6.70834350585938 6.67801427841187 6.72795057296753 6.77788686752319 6.82782363891602
6.29723978042603 6.31812477111816 6.3390097618103 6.3598952293396 6.38078022003174 6.3120846748352 6.21352863311768 6.11497259140015 6.01641654968262 5.91786050796509 5.81930494308472 5.72074890136719 5.63952398300171 5.61029148101807 5.58105945587158 5.5518274307251 5.52259492874146 5.49336290359497 5.46413087844849 5.434898853302 5.5305380821228 5.66780138015747 5.8050651550293 5.94232845306396 6.07959175109863 6.2168550491333 6.35411882400513 6.47697925567627 6.55663156509399 6.63628339767456 6.71593570709229 6.79558801651001 6.87524032592773 6.9548921585083 7.03454446792603 7.01146173477173 6.95413446426392 6.8968071937561 6.83947992324829 6.78215217590332 6.72482490539551 6.6674976348877 6.63791513442993 6.69156837463379 6.74522161483765 6.7988748550415
6.24790525436401 6.26598024368286 6.28405523300171 6.30213022232056 6.3202052116394 6.25397491455078 6.15964365005493 6.06531238555908 5.97098064422607 5.87664937973022 5.78231763839722 5.68798637390137 5.60878276824951 5.5749626159668 5.54114246368408 5.50732231140137 5.47350215911865 5.43968200683594 5.40586185455322 5.37204170227051 5.46744155883789 5.60591459274292 5.74438810348511 5.88286113739014 6.02133464813232 6.15980815887451 6.29828119277954 6.4237470626831 6.5101900100708 6.59663248062134 6.68307542800903 6.76951837539673 6.85596132278442 6.94240427017212 7.02884721755981 7.00584506988525 6.94636154174805 6.88687801361084 6.82739400863647 6.76791048049927 6.70842695236206 6.6489429473877 6.61771059036255 6.67123222351074 6.72475385665894 6.77827501296997
6.19432497024536 6.21164989471436 6.22897529602051 6.24630069732666 6.26362609863281 6.20363903045654 6.11788177490234 6.03212404251099 5.94636678695679 5.86060905456543 5.77485132217407 5.68909406661987 5.61561918258667 5.57899332046509 5.54236745834351 5.50574159622192 5.46911525726318 5.4324893951416 5.39586353302002 5.35923767089844 5.45544052124023 5.59592056274414 5.73640012741089 5.87687969207764 6.01735973358154 6.15783929824829 6.29831886291504 6.42627859115601 6.516676902771 6.60707473754883 6.69747304916382 6.78787136077881 6.8782696723938 6.96866798400879 7.05906629562378 7.03400087356567 6.9704475402832 6.90689420700073 6.84334087371826 6.77978754043579 6.71623420715332 6.65268087387085 6.61740112304688 6.66694211959839 6.71648359298706 6.76602458953857
6.14074420928955 6.15732002258301 6.17389535903931 6.19047117233276 6.20704698562622 6.1533031463623 6.0761194229126 5.99893569946289 5.92175245285034 5.84456872940063 5.76738548278809 5.69020175933838 5.62245607376099 5.58302450180054 5.54359245300293 5.50416040420532 5.46472883224487 5.42529678344727 5.38586521148682 5.34643316268921 5.44343996047974 5.5859260559082 5.72841215133667 5.87089824676514 6.01338481903076 6.15587091445923 6.2983570098877 6.42881011962891 6.52316379547119 6.61751699447632 6.7118706703186 6.80622434616089 6.90057802200317 6.99493169784546 7.08928537368774 7.06215620040894 6.99453353881836 6.92691040039062 6.85928726196289 6.79166460037231 6.72404146194458 6.65641832351685 6.6170916557312 6.66265249252319 6.70821285247803 6.75377368927002
6.08716344833374 6.1029896736145 6.1188154220581 6.13464164733887 6.15046787261963 6.10296678543091 6.03435754776001 5.96574783325195 5.8971381187439 5.82852840423584 5.75991916656494 5.69130945205688 5.6292929649353 5.58705520629883 5.54481744766235 5.50257968902588 5.4603419303894 5.41810464859009 5.37586688995361 5.33362913131714 5.43143939971924 5.57593202590942 5.72042465209961 5.86491680145264 6.00940942764282 6.15390205383301 6.29839468002319 6.43134164810181 6.52965068817139 6.62795972824097 6.72626829147339 6.82457733154297 6.92288637161255 7.02119541168213 7.11950445175171 7.09031200408936 7.01861953735352 6.94692659378052 6.87523412704468 6.80354166030884 6.73184871673584 6.66015625 6.61678171157837 6.65836238861084 6.69994258880615 6.74152326583862
6.03358316421509 6.048659324646 6.06373596191406 6.07881212234497 6.09388875961304 6.05263090133667 5.99259519577026 5.93255949020386 5.87252426147461 5.8124885559082 5.7524528503418 5.69241714477539 5.63612937927246 5.59108591079712 5.54604244232178 5.50099897384644 5.45595550537109 5.41091203689575 5.36586856842041 5.32082509994507 5.41943836212158 5.56593751907349 5.71243667602539 5.85893535614014 6.00543451309204 6.15193367004395 6.29843282699585 6.43387317657471 6.53613758087158 6.63840198516846 6.74066591262817 6.84293031692505 6.94519472122192 7.0474591255188 7.14972352981567 7.11846780776978 7.04270553588867 6.96694326400757 6.89118099212646 6.81541872024536 6.73965644836426 6.66389417648315 6.6164722442627 6.65407228469849 6.69167232513428 6.72927284240723
5.98000240325928 5.99432945251465 6.00865602493286 6.02298259735107 6.03730964660645 6.00229501724243 5.95083332061768 5.89937162399292 5.84790992736816 5.79644823074341 5.74498653411865 5.6935248374939 5.64296627044678 5.59511709213257 5.5472674369812 5.49941825866699 5.45156908035278 5.40371942520142 5.35587024688721 5.308021068573 5.40743780136108 5.55594301223755 5.70444869995117 5.85295391082764 6.00145959854126 6.14996528625488 6.29847049713135 6.43640470504761 6.54262447357178 6.64884424209595 6.75506353378296 6.86128330230713 6.9675030708313 7.07372283935547 7.17994213104248 7.14662313461304 7.06679153442383 6.98695945739746 6.90712738037109 6.82729530334473 6.74746370315552 6.66763162612915 6.61616277694702 6.64978265762329 6.6834020614624 6.71702194213867
5.99763536453247 6.00761365890503 6.01759195327759 6.0275707244873 6.03754901885986 6.00388431549072 5.95567178726196 5.9074592590332 5.85924673080444 5.81103420257568 5.76282167434692 5.71460914611816 5.66636991500854 5.61805057525635 5.56973171234131 5.52141237258911 5.47309303283691 5.42477416992188 5.37645483016968 5.32813549041748 5.42508840560913 5.57046556472778 5.71584272384644 5.86121940612793 6.00659656524658 6.15197324752808 6.29735040664673 6.43260955810547 6.53751564025879 6.64242172241211 6.74732780456543 6.85223388671875 6.95713949203491 7.06204557418823 7.16695165634155 7.13547992706299 7.05854940414429 6.98161840438843 6.90468788146973 6.82775688171387 6.75082588195801 6.67389535903931 6.62329435348511 6.6516842842102 6.68007469177246 6.70846462249756
6.08648109436035 6.08851289749146 6.0905442237854 6.0925760269165 6.09460735321045 6.0573992729187 6.00711107254028 5.95682287216187 5.90653467178345 5.85624647140503 5.80595827102661 5.75567007064819 5.70634031295776 5.65988731384277 5.61343431472778 5.56698131561279 5.5205283164978 5.47407531738281 5.42762231826782 5.38116931915283 5.4723916053772 5.60950469970703 5.74661827087402 5.88373184204102 6.02084493637085 6.15795850753784 6.29507207870483 6.42248773574829 6.52081108093262 6.61913442611694 6.71745777130127 6.8157811164856 6.91410446166992 7.01242780685425 7.11075115203857 7.08503818511963 7.01797914505005 6.95092010498047 6.88386154174805 6.81680250167847 6.74974346160889 6.68268442153931 6.63786792755127 6.6597785949707 6.68168926239014 6.70359992980957
6.17532730102539 6.16941213607788 6.16349649429321 6.15758085250854 6.15166568756104 6.11091375350952 6.05854988098145 6.00618600845337 5.95382213592529 5.90145826339722 5.84909439086914 5.79673051834106 5.74631118774414 5.7017240524292 5.65713739395142 5.61255073547363 5.56796360015869 5.52337694168091 5.47879028320312 5.43420362472534 5.51969432830811 5.64854431152344 5.77739381790161 5.90624380111694 6.03509378433228 6.16394376754761 6.29279375076294 6.41236639022827 6.5041069984436 6.59584760665894 6.68758821487427 6.7793288230896 6.87106990814209 6.96281051635742 7.05455112457275 7.03459596633911 6.97740888595581 6.92022180557251 6.86303520202637 6.80584812164307 6.74866104125977 6.69147396087646 6.65244150161743 6.6678729057312 6.68330430984497 6.69873523712158
6.26417350769043 6.25031089782715 6.23644876480103 6.22258615493774 6.20872402191162 6.1644287109375 6.10998916625977 6.05554962158203 6.0011100769043 5.94667053222656 5.89223098754883 5.83779144287109 5.78628158569336 5.74356079101562 5.70084047317505 5.65811967849731 5.61539936065674 5.572678565979 5.52995777130127 5.48723745346069 5.56699705123901 5.68758344650269 5.80816984176636 5.92875623703003 6.0493426322937 6.16992902755737 6.29051542282104 6.40224456787109 6.48740243911743 6.57256078720093 6.65771865844727 6.7428765296936 6.8280348777771 6.91319274902344 6.99835062026978 6.98415374755859 6.93683862686157 6.88952350616455 6.84220886230469 6.79489374160767 6.74757862091064 6.70026350021362 6.66701507568359 6.67596673965454 6.68491888046265 6.69387102127075
6.35301971435547 6.33121013641357 6.30940103530884 6.28759145736694 6.26578187942505 6.21794319152832 6.16142797470093 6.10491275787354 6.0483980178833 5.99188280105591 5.93536758422852 5.87885236740112 5.82625246047974 5.78539800643921 5.74454355239868 5.70368909835815 5.66283464431763 5.6219801902771 5.58112573623657 5.54027128219604 5.61429977416992 5.72662258148193 5.83894538879395 5.95126819610596 6.06359100341797 6.17591428756714 6.28823709487915 6.39212274551392 6.47069835662842 6.54927349090576 6.62784910202026 6.70642423629761 6.78499984741211 6.86357498168945 6.94215059280396 6.93371200561523 6.89626884460449 6.85882568359375 6.82138252258301 6.78393888473511 6.74649572372437 6.70905256271362 6.68158864974976 6.68406105041504 6.68653345108032 6.68900632858276
6.44186544418335 6.412109375 6.38235282897949 6.35259675979614 6.32284021377563 6.2714581489563 6.21286725997925 6.1542763710022 6.09568548202515 6.0370945930481 5.97850370407104 5.91991281509399 5.86622285842896 5.82723474502563 5.78824615478516 5.74925804138184 5.71026992797852 5.67128133773804 5.63229322433472 5.5933051109314 5.66160249710083 5.76566171646118 5.86972093582153 5.97378063201904 6.0778398513794 6.18189907073975 6.28595876693726 6.3820013999939 6.45399379730225 6.52598667144775 6.59797954559326 6.66997194290161 6.74196481704712 6.81395721435547 6.88595008850098 6.88326978683472 6.85569858551025 6.82812738418579 6.80055618286133 6.77298450469971 6.74541330337524 6.71784210205078 6.69616174697876 6.69215536117554 6.68814849853516 6.68414163589478
6.47946405410767 6.44602394104004 6.41258335113525 6.37914276123047 6.34570264816284 6.29443073272705 6.23721551895142 6.18000030517578 6.12278509140015 6.06556987762451 6.00835466384888 5.95113945007324 5.89937114715576 5.86394357681274 5.82851648330688 5.79308891296387 5.75766181945801 5.72223424911499 5.68680715560913 5.65137958526611 5.71468114852905 5.8108925819397 5.90710401535034 6.00331544876099 6.09952688217163 6.19573879241943 6.29195022583008 6.38008451461792 6.44398736953735 6.50789070129395 6.57179355621338 6.63569641113281 6.6995997428894 6.76350259780884 6.82740592956543 6.82917499542236 6.81023359298706 6.7912917137146 6.77234983444214 6.75340843200684 6.73446655273438 6.71552467346191 6.69910478591919 6.69025039672852 6.68139600753784 6.67254209518433
6.46581506729126 6.43295335769653 6.40009164810181 6.36723041534424 6.33436870574951 6.28686189651489 6.23447322845459 6.18208503723145 6.12969636917114 6.077308177948 6.0249195098877 5.97253084182739 5.925696849823 5.8955249786377 5.86535358428955 5.83518171310425 5.80500984191895 5.7748384475708 5.7446665763855 5.7144947052002 5.77353620529175 5.86231565475464 5.95109462738037 6.0398736000061 6.12865304946899 6.21743202209473 6.30621147155762 6.38637208938599 6.44067859649658 6.49498510360718 6.54929161071777 6.60359811782837 6.65790462493896 6.71221113204956 6.76651763916016 6.77142810821533 6.75987339019775 6.74831867218018 6.73676443099976 6.72520971298218 6.7136549949646 6.70210075378418 6.69041728973389 6.67834711074829 6.6662769317627 6.6542067527771
