data/working_set_collections/6091692-Cassins_Sparrow-M2/1980/t2m_avg.asc
NCOLS 265 
NROWS 230 
XLLCORNER -115.5625 
YLLCORNER 24.8333333333333 
CELLSIZE 0.0833333333333333 
NODATA_value -9999 
[rows 80 to 99 of 230, columns 46 to 91 of 265]
283.653869628906 283.903656005859 284.153442382812 284.403228759766 284.653015136719 284.902801513672 284.986633300781 285.01513671875 285.043640136719 285.072143554688 285.100646972656 285.129150390625 285.157623291016 285.15673828125 285.067687988281 284.978607177734 284.889556884766 284.800476074219 284.71142578125 284.622375488281 284.533294677734 284.499053955078 284.483093261719 284.467102050781 284.451141357422 284.435180664062 284.419189453125 284.403228759766 284.331878662109 284.094360351562 283.856842041016 283.619323730469 283.381805419922 283.144317626953 282.906799316406 282.669281005859 282.278869628906 281.837463378906 281.396087646484 280.954711914062 280.513305664062 280.071929931641 279.630523681641 279.238311767578 278.993530273438 278.748779296875
283.948059082031 284.180755615234 284.413452148438 284.646118164062 284.878814697266 285.111480712891 285.153137207031 285.131134033203 285.109100341797 285.087066650391 285.065063476562 285.043029785156 285.02099609375 284.992797851562 284.946105957031 284.8994140625 284.852691650391 284.805999755859 284.75927734375 284.712585449219 284.665863037109 284.645904541016 284.634826660156 284.623748779297 284.612701416016 284.601623535156 284.590545654297 284.579498291016 284.516326904297 284.296875 284.077423095703 283.857971191406 283.638519287109 283.419067382812 283.199615478516 282.980194091797 282.654571533203 282.293548583984 281.932525634766 281.571533203125 281.210510253906 280.849487304688 280.488464355469 280.162811279297 279.943237304688 279.7236328125
284.242248535156 284.457855224609 284.673431396484 284.889007568359 285.104583740234 285.320190429688 285.319671630859 285.247131347656 285.174560546875 285.102020263672 285.029479980469 284.956909179688 284.884368896484 284.828887939453 284.824523925781 284.820190429688 284.815826416016 284.811492919922 284.80712890625 284.802795410156 284.798431396484 284.792724609375 284.786560058594 284.780395507812 284.774230957031 284.76806640625 284.761901855469 284.755737304688 284.700775146484 284.499389648438 284.298004150391 284.096618652344 283.895233154297 283.69384765625 283.492462158203 283.291076660156 283.0302734375 282.749633789062 282.468994140625 282.188354492188 281.90771484375 281.627075195312 281.346435546875 281.087341308594 280.892913818359 280.698516845703
284.536437988281 284.734924316406 284.933410644531 285.131896972656 285.330383300781 285.528869628906 285.486175537109 285.363098144531 285.240051269531 285.116973876953 284.993896484375 284.870819091797 284.747741699219 284.664947509766 284.702941894531 284.740966796875 284.778961181641 284.816986083984 284.85498046875 284.893005371094 284.930999755859 284.939575195312 284.938293457031 284.937042236328 284.935791015625 284.934509277344 284.933258056641 284.932006835938 284.885223388672 284.701904296875 284.518585205078 284.335266113281 284.151947021484 283.968627929688 283.785308837891 283.601989746094 283.405944824219 283.205688476562 283.005432128906 282.80517578125 282.604888916016 282.404632568359 282.204376220703 282.011840820312 281.842620849609 281.673370361328
284.631317138672 284.808319091797 284.985321044922 285.162322998047 285.339324951172 285.516296386719 285.451629638672 285.306365966797 285.161102294922 285.015838623047 284.870574951172 284.725311279297 284.580047607422 284.485229492188 284.541625976562 284.598052978516 284.654479980469 284.710906982422 284.767333984375 284.823760986328 284.880187988281 284.895324707031 284.896697998047 284.898071289062 284.899444580078 284.900817871094 284.902191162109 284.903564453125 284.865570068359 284.70947265625 284.553375244141 284.397277832031 284.241180419922 284.085052490234 283.928955078125 283.772857666016 283.622711181641 283.474517822266 283.326354980469 283.178192138672 283.030029296875 282.8818359375 282.733673095703 282.583221435547 282.425903320312 282.268585205078
284.526885986328 284.678009033203 284.829132080078 284.980255126953 285.131378173828 285.282501220703 285.215972900391 285.076843261719 284.937744140625 284.798645019531 284.659515380859 284.520416259766 284.381317138672 284.289703369141 284.340606689453 284.391479492188 284.4423828125 284.493286132812 284.544158935547 284.595062255859 284.645965576172 284.659973144531 284.661743164062 284.663482666016 284.665222167969 284.666961669922 284.668701171875 284.670440673828 284.641815185547 284.522094726562 284.402374267578 284.282623291016 284.162902832031 284.043151855469 283.923431396484 283.803680419922 283.680480957031 283.556121826172 283.431793212891 283.307434082031 283.183074951172 283.058715820312 282.934356689453 282.801422119141 282.642761230469 282.484100341797
284.422424316406 284.547698974609 284.672943115234 284.798187255859 284.923461914062 285.048706054688 284.980316162109 284.847351074219 284.714385986328 284.581420898438 284.448486328125 284.315521240234 284.182556152344 284.094177246094 284.139556884766 284.184906005859 284.230285644531 284.275634765625 284.321014404297 284.366363525391 284.411743164062 284.424652099609 284.4267578125 284.428894042969 284.430999755859 284.43310546875 284.435211181641 284.437316894531 284.418060302734 284.334716796875 284.251342773438 284.16796875 284.084625244141 284.001251220703 283.917877197266 283.834533691406 283.73828125 283.637756347656 283.537200927734 283.436676025391 283.336120605469 283.235595703125 283.135040283203 283.019653320312 282.859619140625 282.699615478516
284.317993164062 284.417358398438 284.516754150391 284.616149902344 284.715515136719 284.814910888672 284.744659423828 284.617828369141 284.491027832031 284.364227294922 284.237426757812 284.110626220703 283.983825683594 283.898681640625 283.938507080078 283.978332519531 284.018157958984 284.058013916016 284.097839355469 284.137664794922 284.177520751953 284.189331054688 284.191802978516 284.194274902344 284.19677734375 284.199249267578 284.201721191406 284.204223632812 284.1943359375 284.147338867188 284.100341796875 284.053344726562 284.00634765625 283.959350585938 283.912353515625 283.865356445312 283.796081542969 283.719360351562 283.642608642578 283.565887451172 283.489166259766 283.412445068359 283.335723876953 283.237854003906 283.076507568359 282.915161132812
284.213531494141 284.287048339844 284.360565185547 284.43408203125 284.507598876953 284.581115722656 284.509002685547 284.388336181641 284.267669677734 284.147033691406 284.0263671875 283.905731201172 283.785064697266 283.703155517578 283.737457275391 283.771759033203 283.806060791016 283.840362548828 283.874664306641 283.908966064453 283.943267822266 283.954010009766 283.956848144531 283.959686279297 283.962554931641 283.965393066406 283.968231201172 283.971099853516 283.970581054688 283.9599609375 283.949310302734 283.938690185547 283.928070068359 283.917449951172 283.906829833984 283.896209716797 283.853851318359 283.800964355469 283.748046875 283.695129394531 283.642242431641 283.589324951172 283.536407470703 283.4560546875 283.293365478516 283.130676269531
284.109100341797 284.15673828125 284.204376220703 284.252014160156 284.299652099609 284.347290039062 284.273345947266 284.158843994141 284.044342041016 283.929840087891 283.815338134766 283.700836181641 283.586334228516 283.507629394531 283.536407470703 283.565185546875 283.593963623047 283.622741699219 283.651519775391 283.680297851562 283.709045410156 283.718658447266 283.721893310547 283.72509765625 283.728332519531 283.731536865234 283.734741210938 283.737976074219 283.746826171875 283.772552490234 283.798309326172 283.824066162109 283.849792480469 283.875549316406 283.901275634766 283.927032470703 283.911651611328 283.882568359375 283.853454589844 283.824371337891 283.795288085938 283.766204833984 283.737091064453 283.674285888672 283.510223388672 283.34619140625
284.100463867188 284.152435302734 284.204376220703 284.25634765625 284.308288574219 284.360260009766 284.28369140625 284.164276123047 284.044860839844 283.925445556641 283.806060791016 283.686645507812 283.567230224609 283.481475830078 283.496704101562 283.511932373047 283.527160644531 283.542388916016 283.5576171875 283.572845458984 283.588073730469 283.586822509766 283.580078125 283.573333740234 283.566558837891 283.559814453125 283.553070068359 283.546325683594 283.552856445312 283.599243164062 283.645629882812 283.692016601562 283.738403320312 283.784759521484 283.831146240234 283.877532958984 283.878356933594 283.863952636719 283.849578857422 283.835205078125 283.82080078125 283.806427001953 283.792022705078 283.742004394531 283.585083007812 283.428161621094
284.187652587891 284.274108886719 284.360565185547 284.447021484375 284.533477783203 284.619934082031 284.5400390625 284.404663085938 284.269287109375 284.133911132812 283.99853515625 283.863189697266 283.727813720703 283.624694824219 283.618347167969 283.612030029297 283.605682373047 283.599334716797 283.593017578125 283.586669921875 283.580322265625 283.558471679688 283.531402587891 283.504364013672 283.477294921875 283.450256347656 283.423217773438 283.396148681641 283.388671875 283.439971923828 283.491271972656 283.542572021484 283.593841552734 283.645141601562 283.696441650391 283.747741699219 283.753967285156 283.745178222656 283.736389160156 283.727600097656 283.718811035156 283.710021972656 283.701232910156 283.659271240234 283.517913818359 283.376525878906
284.274841308594 284.395812988281 284.516754150391 284.637725830078 284.758697509766 284.879638671875 284.79638671875 284.645050048828 284.493713378906 284.342376708984 284.191040039062 284.039703369141 283.888366699219 283.767883300781 283.739990234375 283.712097167969 283.684204101562 283.656280517578 283.628387451172 283.600494384766 283.572601318359 283.530090332031 283.482757568359 283.435394287109 283.388031005859 283.340698242188 283.293334960938 283.245971679688 283.224517822266 283.280700683594 283.3369140625 283.393127441406 283.449310302734 283.505523681641 283.561706542969 283.617919921875 283.629577636719 283.626373291016 283.623168945312 283.619995117188 283.616790771484 283.613586425781 283.610412597656 283.576538085938 283.450744628906 283.324920654297
284.362030029297 284.517486572266 284.672973632812 284.828430175781 284.98388671875 285.139343261719 285.052734375 284.885437011719 284.718139648438 284.550842285156 284.383544921875 284.216247558594 284.048950195312 283.911102294922 283.861633300781 283.812164306641 283.7626953125 283.713256835938 283.663787841797 283.614318847656 283.564849853516 283.501739501953 283.43408203125 283.366424560547 283.298767089844 283.231109619141 283.163452148438 283.095794677734 283.060333251953 283.121459960938 283.182556152344 283.24365234375 283.304779052734 283.365875244141 283.427001953125 283.488098144531 283.505187988281 283.507568359375 283.509979248047 283.512390136719 283.514770507812 283.517181396484 283.519592285156 283.493835449219 283.383544921875 283.273284912109
284.44921875 284.639190673828 284.829162597656 285.019104003906 285.209075927734 285.399047851562 285.30908203125 285.125823974609 284.942565917969 284.759307861328 284.576049804688 284.392761230469 284.209503173828 284.054290771484 283.983276367188 283.912261962891 283.841217041016 283.770202636719 283.699157714844 283.628143310547 283.557098388672 283.473388671875 283.385437011719 283.297454833984 283.209503173828 283.121551513672 283.033599853516 282.945617675781 282.896179199219 282.962188720703 283.028198242188 283.094207763672 283.160247802734 283.226257324219 283.292266845703 283.358276367188 283.380798339844 283.388793945312 283.396789550781 283.40478515625 283.412780761719 283.420776367188 283.428771972656 283.411102294922 283.316375732422 283.2216796875
284.536407470703 284.760864257812 284.9853515625 285.209808349609 285.434295654297 285.658752441406 285.565460205078 285.3662109375 285.1669921875 284.9677734375 284.768524169922 284.569305419922 284.370086669922 284.197509765625 284.104919433594 284.012329101562 283.919738769531 283.8271484375 283.734558105469 283.641967773438 283.549377441406 283.445037841797 283.336761474609 283.228515625 283.120239257812 283.011993408203 282.903717041016 282.795471191406 282.731994628906 282.802917480469 282.873840332031 282.944763183594 283.015686035156 283.086608886719 283.157562255859 283.228485107422 283.256408691406 283.269989013672 283.283599853516 283.297180175781 283.310760498047 283.324371337891 283.337951660156 283.328369140625 283.249206542969 283.170043945312
284.484313964844 284.746124267578 285.007934570312 285.269744873047 285.531555175781 285.793334960938 285.712127685547 285.516571044922 285.321014404297 285.125457763672 284.929901123047 284.734344482422 284.538787841797 284.365081787109 284.256988525391 284.148864746094 284.040771484375 283.932647705078 283.824554443359 283.716461181641 283.608337402344 283.491851806641 283.372589111328 283.253295898438 283.134002685547 283.014739990234 282.895446777344 282.776184082031 282.702117919922 282.763702392578 282.825256347656 282.886840820312 282.948394775391 283.009979248047 283.071563720703 283.133117675781 283.156890869141 283.168060302734 283.179260253906 283.1904296875 283.201599121094 283.212768554688 283.223937988281 283.215179443359 283.146728515625 283.078247070312
284.29296875 284.594940185547 284.896911621094 285.198883056641 285.500854492188 285.802825927734 285.749145507812 285.576904296875 285.404632568359 285.232391357422 285.060150146484 284.887878417969 284.715637207031 284.557067871094 284.439483642578 284.321899414062 284.204315185547 284.086761474609 283.969177246094 283.851593017578 283.734008789062 283.613861083984 283.492858886719 283.371856689453 283.250823974609 283.129821777344 283.008819580078 282.887786865234 282.806518554688 282.844482421875 282.882446289062 282.92041015625 282.958374023438 282.996337890625 283.034301757812 283.072265625 283.082305908203 283.083038330078 283.083770751953 283.084503173828 283.085235595703 283.085968017578 283.086700439453 283.071594238281 283.008911132812 282.946228027344
284.101623535156 284.443756103516 284.785919189453 285.128051757812 285.470184326172 285.812347412109 285.786163330078 285.63720703125 285.48828125 285.339324951172 285.190368652344 285.041442871094 284.892486572266 284.7490234375 284.621978759766 284.494934082031 284.367889404297 284.240844726562 284.113800048828 283.986755371094 283.859710693359 283.735900878906 283.613128662109 283.490386962891 283.367645263672 283.244903564453 283.122161865234 282.999420166016 282.910949707031 282.92529296875 282.939636230469 282.953979492188 282.968322753906 282.982666015625 282.997039794922 283.011383056641 283.007690429688 282.997985839844 282.98828125 282.978576660156 282.968872070312 282.959167480469 282.949462890625 282.927978515625 282.87109375 282.814208984375
283.910278320312 284.292602539062 284.674896240234 285.057220458984 285.439514160156 285.821838378906 285.823181152344 285.697540283203 285.571899414062 285.446258544922 285.320617675781 285.194976806641 285.0693359375 284.940979003906 284.804473876953 284.66796875 284.531433105469 284.394927978516 284.258422851562 284.121917724609 283.985382080078 283.85791015625 283.733428955078 283.608947753906 283.484466552734 283.359985351562 283.235504150391 283.111053466797 283.015380859375 283.006103515625 282.996826171875 282.987579345703 282.978302001953 282.969024658203 282.959747314453 282.950500488281 282.933074951172 282.912933349609 282.892791748047 282.872650146484 282.8525390625 282.832397460938 282.812255859375 282.784362792969 282.733276367188 282.682220458984
