data/working_set_collections/6091692-Cassins_Sparrow-M2/1980/t2m_avg.asc
NCOLS 265 
NROWS 230 
XLLCORNER -115.5625 
YLLCORNER 24.8333333333333 
CELLSIZE 0.0833333333333333 
NODATA_value -9999 
[rows 200 to 219 of 230, columns 184 to 229 of 265]
295.871063232422 295.938385009766 296.005706787109 296.015686035156 296.006591796875 295.997467041016 295.988372802734 295.979278564453 295.970153808594 295.961059570312 295.938262939453 295.874481201172 295.810699462891 295.746887207031 295.68310546875 295.619323730469 295.555511474609 295.491729736328 295.522613525391 295.585021972656 295.6474609375 295.709869384766 295.772308349609 295.834716796875 295.897155761719 295.940490722656 295.926666259766 295.912811279297 295.898986816406 295.885131835938 295.871276855469 295.857452392578 -9999 -9999 295.907836914062 -9999 -9999 -9999 -9999 -9999 -9999 -9999 -9999 -9999 -9999 -9999
295.828216552734 295.920532226562 296.012847900391 296.036468505859 296.037200927734 296.037933349609 296.038665771484 296.039398193359 296.040130615234 296.040863037109 296.025939941406 295.964019775391 295.902099609375 295.840148925781 295.778228759766 295.71630859375 295.654388427734 295.592468261719 295.624572753906 295.68798828125 295.751434326172 295.814849853516 295.878295898438 295.941741943359 296.005157470703 296.048248291016 296.030242919922 296.012237548828 295.994262695312 295.976257324219 295.958251953125 295.940246582031 295.922271728516 -9999 -9999 -9999 -9999 -9999 -9999 -9999 -9999 -9999 -9999 -9999 -9999 -9999
295.785339355469 295.902648925781 296.019989013672 296.057250976562 296.067810058594 296.078399658203 296.088958740234 296.099517822266 296.110107421875 296.120666503906 296.113586425781 296.053527832031 295.993469238281 295.933410644531 295.873382568359 295.813323974609 295.753265380859 295.693206787109 295.726531982422 295.790954589844 295.855407714844 295.919860839844 295.984313964844 296.048736572266 296.113189697266 296.156005859375 296.133850097656 296.111694335938 296.089538574219 296.0673828125 296.045227050781 296.023071289062 296.000915527344 296.023376464844 -9999 -9999 -9999 -9999 -9999 -9999 -9999 -9999 -9999 -9999 -9999 -9999
295.742462158203 295.884796142578 296.027130126953 296.078002929688 296.098419189453 296.118835449219 296.139251708984 296.15966796875 296.180084228516 296.200500488281 296.201263427734 296.14306640625 296.084869384766 296.026702880859 295.968505859375 295.910308837891 295.852111816406 295.7939453125 295.828491210938 295.893920898438 295.959381103516 296.024841308594 296.090301513672 296.15576171875 296.221221923828 296.263732910156 296.237426757812 296.211120605469 296.184814453125 296.158508300781 296.132202148438 296.105895996094 296.07958984375 296.100494384766 296.137115478516 -9999 -9999 -9999 -9999 -9999 -9999 -9999 -9999 -9999 -9999 -9999
295.655364990234 295.812835693359 295.970336914062 296.036346435547 296.071899414062 296.107452392578 296.143005371094 296.178527832031 296.214080810547 296.249633789062 296.263000488281 296.209838867188 296.156707763672 296.103546142578 296.050384521484 295.997253417969 295.944091796875 295.890930175781 295.924987792969 295.988128662109 296.051239013672 296.114379882812 296.177490234375 296.240600585938 296.303741455078 296.344329833984 296.317413330078 296.290496826172 296.263549804688 296.236633300781 296.209716796875 296.182800292969 296.155853271484 296.1748046875 296.209075927734 -9999 -9999 -9999 -9999 -9999 -9999 -9999 -9999 -9999 -9999 -9999
295.524078369141 295.686859130859 295.849609375 295.932281494141 295.988250732422 296.044219970703 296.100189208984 296.156158447266 296.212127685547 296.268096923828 296.298828125 296.253875732422 296.208923339844 296.164001464844 296.119049072266 296.074096679688 296.029174804688 295.984222412109 296.016052246094 296.073516845703 296.130950927734 296.188415527344 296.245849609375 296.303283691406 296.360748291016 296.397827148438 296.373809814453 296.349792480469 296.325775146484 296.301788330078 296.277770996094 296.253753662109 296.229736328125 296.246368408203 296.276550292969 -9999 -9999 -9999 -9999 -9999 -9999 -9999 -9999 -9999 -9999 -9999
295.392791748047 295.560852050781 295.728912353516 295.828216552734 295.904602050781 295.980987548828 296.057373046875 296.133758544922 296.210144042969 296.286529541016 296.334655761719 296.297912597656 296.261169433594 296.224426269531 296.187713623047 296.150970458984 296.114227294922 296.077514648438 296.107147216797 296.158905029297 296.210662841797 296.262451171875 296.314208984375 296.365966796875 296.417724609375 296.451293945312 296.430206298828 296.409088134766 296.388000488281 296.366912841797 296.345825195312 296.324737548828 296.303649902344 -9999 296.344024658203 -9999 -9999 -9999 -9999 -9999 -9999 -9999 -9999 -9999 -9999 -9999
295.261505126953 295.434844970703 295.608184814453 295.724151611328 295.820953369141 295.917755126953 296.014556884766 296.111389160156 296.208190917969 296.304992675781 296.370483398438 296.341949462891 296.313415527344 296.284881591797 296.25634765625 296.227844238281 296.199310302734 296.170776367188 296.198211669922 296.244293212891 296.290374755859 296.336486816406 296.382568359375 296.428649902344 296.474731445312 296.504760742188 296.486572265625 296.468414306641 296.450225830078 296.432067871094 296.413879394531 296.395690917969 296.377532958984 296.389495849609 -9999 -9999 -9999 -9999 -9999 -9999 -9999 -9999 -9999 -9999 -9999 -9999
295.130218505859 295.308837890625 295.487487792969 295.620056152344 295.7373046875 295.854522705078 295.971771240234 296.088989257812 296.206207275391 296.323455810547 296.406311035156 296.385986328125 296.365661621094 296.345336914062 296.325012207031 296.3046875 296.284393310547 296.264068603516 296.289276123047 296.329681396484 296.370086669922 296.410522460938 296.450927734375 296.491333007812 296.53173828125 296.558227539062 296.54296875 296.527709960938 296.512451171875 296.497192382812 296.48193359375 296.466674804688 296.451416015625 296.461059570312 296.478973388672 -9999 -9999 -9999 -9999 -9999 -9999 -9999 -9999 -9999 -9999 -9999
294.998901367188 295.182830810547 295.366760253906 295.515991210938 295.653656005859 295.791290283203 295.928955078125 296.066589355469 296.204254150391 296.341918945312 296.442108154297 296.430023193359 296.417907714844 296.405792236328 296.393676757812 296.381561279297 296.369445800781 296.357330322266 296.38037109375 296.415100097656 296.449829101562 296.484558105469 296.519256591797 296.553985595703 296.588714599609 296.611694335938 296.599365234375 296.587005615234 296.574676513672 296.562316894531 296.549987792969 296.537658691406 296.525329589844 296.532623291016 296.546478271484 296.560302734375 -9999 -9999 -9999 -9999 -9999 -9999 -9999 -9999 -9999 -9999
294.926391601562 295.107421875 295.288452148438 295.444763183594 295.592803955078 295.740844726562 295.888885498047 296.036926269531 296.184967041016 296.3330078125 296.443115234375 296.439361572266 296.435607910156 296.431884765625 296.428131103516 296.424377441406 296.420623779297 296.416900634766 296.439849853516 296.471710205078 296.503540039062 296.535400390625 296.567260742188 296.59912109375 296.630981445312 296.652740478516 296.644256591797 296.635772705078 296.627288818359 296.618804931641 296.610321044922 296.601837158203 296.593353271484 296.598876953125 296.609039306641 296.619201660156 -9999 -9999 -9999 -9999 -9999 -9999 -9999 -9999 -9999 -9999
294.912628173828 295.082580566406 295.252563476562 295.406341552734 295.554748535156 295.703155517578 295.8515625 295.999969482422 296.148345947266 296.296752929688 296.409240722656 296.414031982422 296.418823242188 296.423583984375 296.428375244141 296.433135986328 296.437927246094 296.442718505859 296.467742919922 296.49951171875 296.531311035156 296.563110351562 296.594879150391 296.626678466797 296.658447265625 296.681365966797 296.677703857422 296.674011230469 296.670318603516 296.666625976562 296.662933349609 296.659271240234 296.655578613281 296.659820556641 296.666717529297 296.673614501953 296.680511474609 -9999 -9999 -9999 -9999 -9999 -9999 -9999 -9999 -9999
294.898864746094 295.057769775391 295.216644287109 295.367950439453 295.516723632812 295.665466308594 295.814239501953 295.962982177734 296.111755371094 296.260498046875 296.375396728516 296.388702392578 296.402008056641 296.415313720703 296.428619384766 296.441925048828 296.455230712891 296.468536376953 296.495635986328 296.52734375 296.55908203125 296.590789794922 296.622497558594 296.654235839844 296.685943603516 296.710021972656 296.711120605469 296.712219238281 296.713348388672 296.714447021484 296.715576171875 296.716674804688 296.7177734375 296.720794677734 296.724395751953 296.72802734375 296.731658935547 296.735260009766 -9999 -9999 -9999 -9999 -9999 -9999 -9999 -9999
294.885101318359 295.032928466797 295.180755615234 295.329559326172 295.478668212891 295.627777099609 295.776885986328 295.926025390625 296.075134277344 296.224243164062 296.341552734375 296.363372802734 296.385192871094 296.407043457031 296.428863525391 296.45068359375 296.472503662109 296.494354248047 296.523529052734 296.55517578125 296.586822509766 296.618469238281 296.650146484375 296.681793212891 296.713439941406 296.738647460938 296.744537353516 296.750457763672 296.756378173828 296.762268066406 296.768188476562 296.774078369141 296.779998779297 296.78173828125 296.782073974609 296.782440185547 296.782775878906 -9999 -9999 -9999 -9999 -9999 -9999 -9999 -9999 -9999
294.871337890625 295.008087158203 295.144836425781 295.291137695312 295.440612792969 295.590087890625 295.739562988281 295.889038085938 296.038513183594 296.18798828125 296.307678222656 296.338043212891 296.368408203125 296.398742675781 296.429107666016 296.459442138672 296.489807128906 296.520172119141 296.551422119141 296.5830078125 296.614593505859 296.646179199219 296.677764892578 296.709350585938 296.740905761719 296.767272949219 296.777984619141 296.788696289062 296.799377441406 296.810089111328 296.82080078125 296.831512451172 296.842224121094 296.842681884766 296.839752197266 296.836853027344 296.833923339844 -9999 -9999 -9999 -9999 -9999 -9999 -9999 -9999 -9999
294.857574462891 294.983245849609 295.108947753906 295.252746582031 295.402587890625 295.552398681641 295.702239990234 295.852081298828 296.001922607422 296.151733398438 296.273834228516 296.312713623047 296.351593017578 296.390472412109 296.429351806641 296.468231201172 296.507110595703 296.545989990234 296.579345703125 296.61083984375 296.642364501953 296.673858642578 296.705383300781 296.736877441406 296.768402099609 296.7958984375 296.811401367188 296.826904296875 296.842407226562 296.85791015625 296.873413085938 296.888916015625 296.904418945312 296.903656005859 296.8974609375 296.891235351562 296.885040283203 296.878845214844 -9999 -9999 -9999 -9999 -9999 -9999 -9999 -9999
294.681396484375 294.835479736328 294.989562988281 295.154022216797 295.321960449219 295.489898681641 295.657836914062 295.825775146484 295.993713378906 296.161651611328 296.297149658203 296.335327148438 296.37353515625 296.411712646484 296.449890136719 296.488067626953 296.526245117188 296.564422607422 296.596801757812 296.627197265625 296.657623291016 296.688018798828 296.718444824219 296.748840332031 296.779235839844 296.806518554688 296.824371337891 296.842193603516 296.860046386719 296.877899169922 296.895721435547 296.91357421875 296.931427001953 296.932586669922 296.928161621094 296.923767089844 296.919342041016 296.914947509766 -9999 -9999 -9999 -9999 -9999 -9999 -9999 -9999
294.342803955078 294.564758300781 294.786682128906 294.995025634766 295.198791503906 295.402587890625 295.606384277344 295.810150146484 296.013946533203 296.217742919922 296.377655029297 296.405914306641 296.434204101562 296.462463378906 296.49072265625 296.518981933594 296.547271728516 296.575531005859 296.603820800781 296.632080078125 296.660369873047 296.688629150391 296.716918945312 296.745178222656 296.773468017578 296.799102783203 296.816833496094 296.834564208984 296.852294921875 296.870025634766 296.887756347656 296.905487060547 296.923217773438 296.929473876953 296.931915283203 296.934356689453 296.936798095703 296.939239501953 -9999 -9999 -9999 -9999 -9999 -9999 -9999 -9999
294.004241943359 294.294006347656 294.583801269531 294.835998535156 295.075622558594 295.315277099609 295.554901123047 295.794555664062 296.0341796875 296.273834228516 296.458129882812 296.476501464844 296.494842529297 296.513214111328 296.531555175781 296.549926757812 296.568267822266 296.586639404297 296.61083984375 296.636962890625 296.663116455078 296.689239501953 296.715393066406 296.741516113281 296.767669677734 296.791656494141 296.809295654297 296.826904296875 296.844512939453 296.862152099609 296.879760742188 296.897369384766 296.915008544922 296.926391601562 296.935668945312 296.944976806641 296.954284667969 296.963562011719 -9999 -9999 -9999 -9999 -9999 -9999 -9999 -9999
293.665649414062 294.023284912109 294.380950927734 294.676971435547 294.952453613281 295.227966308594 295.503448486328 295.778930664062 296.054412841797 296.329895019531 296.538635253906 296.547088623047 296.555511474609 296.56396484375 296.572418212891 296.580841064453 296.589294433594 296.597747802734 296.617858886719 296.641845703125 296.665863037109 296.689849853516 296.7138671875 296.737854003906 296.761871337891 296.784240722656 296.8017578125 296.819244384766 296.836761474609 296.854278564453 296.871765136719 296.889282226562 296.906799316406 296.923278808594 296.939422607422 296.955596923828 296.971740722656 -9999 -9999 -9999 -9999 -9999 -9999 -9999 -9999 -9999
