data/working_set_collections/6091692-Cassins_Sparrow-M2/1980/t2m_avg.asc
NCOLS 265 
NROWS 230 
XLLCORNER -115.5625 
YLLCORNER 24.8333333333333 
CELLSIZE 0.0833333333333333 
NODATA_value -9999 
[rows 120 to 139 of 230, columns 138 to 183 of 265]
288.103332519531 288.035614013672 287.967895507812 287.900207519531 287.890014648438 287.899017333984 287.907989501953 287.9169921875 287.925994873047 287.934997558594 287.944000244141 287.959136962891 287.992797851562 288.026458740234 288.060089111328 288.09375 288.127410888672 288.161071777344 288.194702148438 288.220092773438 288.242736816406 288.265350341797 288.287963867188 288.310607910156 288.333221435547 288.355834960938 288.390228271484 288.459808349609 288.529388427734 288.598999023438 288.668579101562 288.738159179688 288.807739257812 288.877349853516 289.00390625 289.149475097656 289.295043945312 289.440643310547 289.586212158203 289.731781005859 289.877349853516 290.002471923828 290.066345214844 290.130218505859 290.194091796875 290.257965087891
288.190734863281 288.114166259766 288.037567138672 287.960998535156 287.950103759766 287.961120605469 287.972137451172 287.983154296875 287.994140625 288.005157470703 288.016174316406 288.033416748047 288.069305419922 288.105194091797 288.141082763672 288.177001953125 288.212890625 288.248779296875 288.28466796875 288.310302734375 288.33251953125 288.354736328125 288.376953125 288.399169921875 288.42138671875 288.443603515625 288.478179931641 288.549865722656 288.621551513672 288.693237304688 288.764953613281 288.836639404297 288.908325195312 288.980010986328 289.101318359375 289.239135742188 289.376983642578 289.514831542969 289.652648925781 289.790496826172 289.928314208984 290.047729492188 290.11181640625 290.175933837891 290.240020751953 290.304138183594
288.278137207031 288.192687988281 288.107238769531 288.021789550781 288.010192871094 288.023223876953 288.036254882812 288.049285888672 288.062316894531 288.075347900391 288.08837890625 288.107666015625 288.145812988281 288.183959960938 288.222076416016 288.260223388672 288.298370361328 288.336486816406 288.374633789062 288.400512695312 288.422332763672 288.444122314453 288.465911865234 288.487731933594 288.509521484375 288.531341552734 288.566131591797 288.639923095703 288.713714599609 288.787506103516 288.861297607422 288.935089111328 289.008911132812 289.082702636719 289.198699951172 289.328826904297 289.458923339844 289.589019775391 289.719116210938 289.849212646484 289.979309082031 290.092956542969 290.157318115234 290.221649169922 290.285980224609 290.350311279297
288.365539550781 288.271209716797 288.176910400391 288.082580566406 288.0703125 288.085357666016 288.100372314453 288.115417480469 288.130462646484 288.1455078125 288.160552978516 288.181945800781 288.222320556641 288.2626953125 288.303070068359 288.343444824219 288.383850097656 288.424224853516 288.464599609375 288.49072265625 288.512115478516 288.533508300781 288.554901123047 288.576293945312 288.597686767578 288.619079589844 288.654083251953 288.72998046875 288.805877685547 288.881774902344 288.957672119141 289.033569335938 289.109466552734 289.185363769531 289.296112060547 289.418487548828 289.540832519531 289.663208007812 289.785552978516 289.907928466797 290.030303955078 290.138214111328 290.202789306641 290.267364501953 290.331909179688 290.396484375
288.452941894531 288.349761962891 288.24658203125 288.143402099609 288.130401611328 288.1474609375 288.164520263672 288.181579589844 288.198638916016 288.215698242188 288.232757568359 288.256195068359 288.298828125 288.341461181641 288.384063720703 288.426696777344 288.469299316406 288.511932373047 288.554565429688 288.580932617188 288.601928710938 288.622894287109 288.643890380859 288.664855957031 288.685821533203 288.706817626953 288.742034912109 288.820037841797 288.898040771484 288.976043701172 289.054046630859 289.132049560547 289.210052490234 289.288055419922 289.393524169922 289.508148193359 289.622772216797 289.737396240234 289.852020263672 289.966644287109 290.081268310547 290.183441162109 290.248260498047 290.313049316406 290.377868652344 290.442687988281
288.540344238281 288.428283691406 288.316253662109 288.204193115234 288.190490722656 288.209564208984 288.228637695312 288.247711181641 288.266784667969 288.285858154297 288.304962158203 288.330474853516 288.375335693359 288.420196533203 288.465057373047 288.509918212891 288.554779052734 288.599639892578 288.644500732422 288.671142578125 288.691711425781 288.712280273438 288.732849121094 288.75341796875 288.773986816406 288.794555664062 288.830017089844 288.910095214844 288.990203857422 289.0703125 289.150421142578 289.230499267578 289.310607910156 289.390716552734 289.490905761719 289.597808837891 289.704681396484 289.811584472656 289.918487548828 290.025360107422 290.132263183594 290.228698730469 290.293731689453 290.358764648438 290.423828125 290.488861083984
288.632446289062 288.516937255859 288.401428222656 288.285919189453 288.271697998047 288.291229248047 288.310729980469 288.330261230469 288.349792480469 288.369323730469 288.388854980469 288.415130615234 288.461639404297 288.508148193359 288.554656982422 288.601165771484 288.647674560547 288.694183349609 288.740692138672 288.767395019531 288.787506103516 288.8076171875 288.827697753906 288.847808837891 288.867919921875 288.888000488281 288.923858642578 289.006896972656 289.089904785156 289.172943115234 289.255981445312 289.339019775391 289.422058105469 289.505096435547 289.599761962891 289.698333740234 289.796905517578 289.895477294922 289.994049072266 290.092620849609 290.191192626953 290.280944824219 290.344146728516 290.407348632812 290.470550537109 290.533752441406
288.729278564453 288.61572265625 288.502136230469 288.388580322266 288.373992919922 288.392395019531 288.410827636719 288.429229736328 288.447631835938 288.466064453125 288.484466552734 288.510162353516 288.557739257812 288.605316162109 288.652862548828 288.700439453125 288.747985839844 288.795562744141 288.843139648438 288.869689941406 288.889282226562 288.908874511719 288.928436279297 288.948028564453 288.967590332031 288.987182617188 289.023559570312 289.110382080078 289.197174072266 289.283966064453 289.370758056641 289.457550048828 289.544372558594 289.631164550781 289.720123291016 289.809783935547 289.899444580078 289.989105224609 290.078765869141 290.16845703125 290.258117675781 290.340179443359 290.399475097656 290.458770751953 290.51806640625 290.577362060547
288.826110839844 288.714477539062 288.602844238281 288.4912109375 288.476287841797 288.493591308594 288.510894775391 288.528198242188 288.545501708984 288.562774658203 288.580078125 288.605224609375 288.653839111328 288.702453613281 288.751068115234 288.799682617188 288.848327636719 288.896942138672 288.945556640625 288.971984863281 288.991058349609 289.010131835938 289.029174804688 289.048248291016 289.067291259766 289.086364746094 289.123291015625 289.2138671875 289.304412841797 289.394989013672 289.485534667969 289.576110839844 289.666687011719 289.757232666016 289.840454101562 289.921203613281 290.001983642578 290.082733154297 290.163513183594 290.244262695312 290.325012207031 290.399444580078 290.454833984375 290.510192871094 290.565582275391 290.620971679688
288.922943115234 288.813232421875 288.703552246094 288.593872070312 288.578582763672 288.594757080078 288.610961914062 288.627136230469 288.643341064453 288.659515380859 288.675720214844 288.700256347656 288.749938964844 288.799621582031 288.849273681641 288.898956298828 288.948638916016 288.998291015625 289.047973632812 289.074310302734 289.092834472656 289.111358642578 289.129913330078 289.1484375 289.1669921875 289.185516357422 289.223022460938 289.317352294922 289.411682128906 289.505981445312 289.600311279297 289.694641113281 289.788970947266 289.88330078125 289.960784912109 290.032653808594 290.1044921875 290.176361083984 290.248229980469 290.320068359375 290.391937255859 290.458679199219 290.510162353516 290.561645507812 290.613098144531 290.664581298828
289.019744873047 288.912017822266 288.804260253906 288.696502685547 288.680877685547 288.695953369141 288.711029052734 288.726104736328 288.741180419922 288.756256103516 288.771331787109 288.795318603516 288.846038818359 288.896759033203 288.947479248047 288.998229980469 289.048950195312 289.099670410156 289.150390625 289.176605224609 289.194610595703 289.212615966797 289.230651855469 289.248657226562 289.266693115234 289.284698486328 289.322723388672 289.420837402344 289.518920898438 289.617004394531 289.715118408203 289.813201904297 289.911285400391 290.009368896484 290.081115722656 290.144073486328 290.20703125 290.269989013672 290.332946777344 290.395874023438 290.458831787109 290.517944335938 290.565521240234 290.613067626953 290.66064453125 290.708190917969
289.116577148438 289.010772705078 288.904968261719 288.799163818359 288.783172607422 288.797149658203 288.811096191406 288.825073242188 288.839019775391 288.852996826172 288.866943359375 288.890350341797 288.942138671875 288.993927001953 289.045684814453 289.097473144531 289.149261474609 289.201049804688 289.252807617188 289.278900146484 289.29638671875 289.313873291016 289.331390380859 289.348876953125 289.366363525391 289.383880615234 289.422454833984 289.524322509766 289.626159667969 289.72802734375 289.829895019531 289.931732177734 290.033599853516 290.135467529297 290.201446533203 290.255493164062 290.309539794922 290.363616943359 290.417663574219 290.471710205078 290.525756835938 290.577209472656 290.620849609375 290.664489746094 290.708160400391 290.751800537109
289.215789794922 289.120269775391 289.024780273438 288.929290771484 288.913848876953 288.925109863281 288.936401367188 288.947662353516 288.958923339844 288.970184326172 288.9814453125 289.002502441406 289.052917480469 289.103363037109 289.153778076172 289.204193115234 289.254608154297 289.305053710938 289.35546875 289.381744384766 289.399993896484 289.418243408203 289.436492919922 289.454742431641 289.472991943359 289.491241455078 289.530090332031 289.630706787109 289.731353759766 289.831970214844 289.932586669922 290.033233642578 290.133850097656 290.234497070312 290.293792724609 290.339294433594 290.384796142578 290.430297851562 290.475830078125 290.521331787109 290.566833496094 290.610656738281 290.649353027344 290.688079833984 290.726776123047 290.765502929688
289.317352294922 289.240509033203 289.163696289062 289.086883544922 289.072906494141 289.079895019531 289.086883544922 289.093872070312 289.100860595703 289.107849121094 289.114837646484 289.131744384766 289.178405761719 289.225067138672 289.271697998047 289.318359375 289.365020751953 289.411682128906 289.458343505859 289.485198974609 289.505462646484 289.525726318359 289.546020507812 289.566284179688 289.586547851562 289.606811523438 289.645629882812 289.740020751953 289.834442138672 289.928833007812 290.023254394531 290.11767578125 290.212066650391 290.306488037109 290.358093261719 290.395416259766 290.432769775391 290.470092773438 290.507446289062 290.544799804688 290.582122802734 290.618316650391 290.651062011719 290.683776855469 290.716522216797 290.749267578125
289.418914794922 289.360778808594 289.302612304688 289.244445800781 289.231964111328 289.234680175781 289.237396240234 289.240112304688 289.242797851562 289.245513916016 289.248229980469 289.260986328125 289.303894042969 289.346771240234 289.3896484375 289.432525634766 289.475433349609 289.518310546875 289.561187744141 289.588623046875 289.610931396484 289.633209228516 289.655517578125 289.677795410156 289.700103759766 289.722381591797 289.761169433594 289.849334716797 289.937530517578 290.025726318359 290.113922119141 290.202087402344 290.290283203125 290.378479003906 290.422393798828 290.451568603516 290.480743408203 290.509887695312 290.5390625 290.568237304688 290.597412109375 290.6259765625 290.652740478516 290.679504394531 290.706268310547 290.733032226562
289.520477294922 289.481018066406 289.441528320312 289.402038574219 289.391021728516 289.389434814453 289.387878417969 289.386322021484 289.384765625 289.383209228516 289.381622314453 289.390228271484 289.429351806641 289.468475341797 289.507598876953 289.546722412109 289.585815429688 289.624938964844 289.6640625 289.692077636719 289.716400146484 289.740692138672 289.765014648438 289.789337158203 289.813659667969 289.837951660156 289.876678466797 289.958648681641 290.040618896484 290.122589111328 290.204559326172 290.286529541016 290.368499755859 290.450469970703 290.486724853516 290.507720947266 290.528717041016 290.549682617188 290.570678710938 290.591674804688 290.612670898438 290.633636474609 290.654418945312 290.675201416016 290.695983886719 290.716796875
289.6220703125 289.601257324219 289.580444335938 289.559631347656 289.550048828125 289.544219970703 289.538391113281 289.532531738281 289.526702880859 289.520874023438 289.515014648438 289.519500732422 289.554840087891 289.590179443359 289.625518798828 289.660888671875 289.696228027344 289.731567382812 289.766937255859 289.795532226562 289.821838378906 289.848205566406 289.874542236328 289.90087890625 289.927185058594 289.953552246094 289.992218017578 290.067962646484 290.143737792969 290.219482421875 290.295227050781 290.370971679688 290.446716308594 290.5224609375 290.551025390625 290.563842773438 290.57666015625 290.589477539062 290.602325439453 290.615142822266 290.627960205078 290.641296386719 290.656097412109 290.670928955078 290.685729980469 290.700531005859
289.7236328125 289.721496582031 289.719360351562 289.717224121094 289.709106445312 289.699005126953 289.688873291016 289.678771972656 289.668640136719 289.658538818359 289.6484375 289.648742675781 289.680328369141 289.711883544922 289.743469238281 289.775054931641 289.806640625 289.838226318359 289.869781494141 289.898956298828 289.927307128906 289.955688476562 289.984039306641 290.012390136719 290.040740966797 290.069122314453 290.107757568359 290.177276611328 290.246826171875 290.316345214844 290.385864257812 290.455413818359 290.524932861328 290.594451904297 290.615325927734 290.619995117188 290.624633789062 290.629272460938 290.633941650391 290.638580322266 290.643249511719 290.648956298828 290.657775878906 290.666625976562 290.675476074219 290.684295654297
289.829345703125 289.846588134766 289.863800048828 289.881011962891 289.8759765625 289.863555908203 289.851104736328 289.838653564453 289.826232910156 289.813781738281 289.801330566406 289.797882080078 289.821411132812 289.844909667969 289.868438720703 289.891967773438 289.915466308594 289.938995361328 289.962493896484 289.990264892578 290.019439697266 290.048645019531 290.077819824219 290.107025146484 290.136199951172 290.165374755859 290.203033447266 290.266021728516 290.329010009766 290.391998291016 290.454986572266 290.517974853516 290.580963134766 290.643951416016 290.660919189453 290.662567138672 290.664184570312 290.665832519531 290.667449951172 290.669067382812 290.670715332031 290.673370361328 290.679168701172 290.684967041016 290.690765380859 290.696563720703
289.939239501953 289.976501464844 290.013732910156 290.050964355469 290.050689697266 290.037872314453 290.025054931641 290.012237548828 289.999420166016 289.986602783203 289.973785400391 289.966979980469 289.978118896484 289.989288330078 290.000427246094 290.011596679688 290.022735595703 290.033905029297 290.045043945312 290.069458007812 290.098266601562 290.127075195312 290.155914306641 290.184722900391 290.213531494141 290.242370605469 290.278015136719 290.334136962891 290.390289306641 290.446411132812 290.502563476562 290.558685302734 290.614837646484 290.670959472656 290.687835693359 290.691589355469 290.695343017578 290.699096679688 290.702850341797 290.706604003906 290.710357666016 290.714599609375 290.720275878906 290.725952148438 290.731628417969 290.7373046875
