data/working_set_collections/6091692-Cassins_Sparrow-M2/1980/t2m_avg.asc
NCOLS 265 
NROWS 230 
XLLCORNER -115.5625 
YLLCORNER 24.8333333333333 
CELLSIZE 0.0833333333333333 
NODATA_value -9999 
[rows 0 to 19 of 230, columns 92 to 137 of 265]
280.473205566406 280.152862548828 279.83251953125 279.512176513672 279.191864013672 278.896881103516 278.6103515625 278.323822021484 278.037292480469 277.750762939453 277.464233398438 277.177703857422 277.112426757812 277.710876464844 278.309356689453 278.907806396484 279.506286621094 280.104736328125 280.703216552734 281.301666259766 281.354034423828 281.224365234375 281.094696044922 280.965026855469 280.835357666016 280.705688476562 280.576019287109 280.483276367188 280.501403808594 280.519500732422 280.537628173828 280.555725097656 280.573852539062 280.591949462891 280.610076904297 280.525146484375 280.405883789062 280.28662109375 280.167388916016 280.048126220703 279.928863525391 279.809600830078 279.697540283203 279.607025146484 279.516510009766 279.426025390625
280.398834228516 280.099639892578 279.800476074219 279.501281738281 279.202087402344 278.945922851562 278.7041015625 278.462249755859 278.220428466797 277.978576660156 277.736755371094 277.494903564453 277.446838378906 277.980102539062 278.513336181641 279.046600341797 279.579833984375 280.113098144531 280.646362304688 281.179595947266 281.227386474609 281.113372802734 280.999359130859 280.885345458984 280.771301269531 280.657287597656 280.543273925781 280.466522216797 280.501647949219 280.536743164062 280.571838378906 280.606964111328 280.642059326172 280.677154541016 280.712249755859 280.652496337891 280.561096191406 280.469696044922 280.378326416016 280.286926269531 280.195526123047 280.104156494141 280.015075683594 279.932922363281 279.850799560547 279.768676757812
280.324462890625 280.046447753906 279.768402099609 279.490386962891 279.212341308594 278.994964599609 278.797821044922 278.600677490234 278.403533935547 278.206390380859 278.009246826172 277.812103271484 277.78125 278.249298095703 278.717346191406 279.185363769531 279.653411865234 280.121459960938 280.589477539062 281.057525634766 281.100769042969 281.002380371094 280.904022216797 280.805633544922 280.707275390625 280.608917236328 280.510528564453 280.449768066406 280.501861572266 280.553985595703 280.606079101562 280.658172607422 280.710266113281 280.762359619141 280.814453125 280.779846191406 280.71630859375 280.652801513672 280.589263916016 280.525726318359 280.462219238281 280.398681640625 280.332611083984 280.258850097656 280.185089111328 280.111328125
280.250122070312 279.993225097656 279.736358642578 279.479461669922 279.222595214844 279.044036865234 278.891571044922 278.739135742188 278.586669921875 278.434234619141 278.281768798828 278.129302978516 278.115692138672 278.518493652344 278.921325683594 279.324157714844 279.726989746094 280.129791259766 280.532623291016 280.935455322266 280.97412109375 280.891387939453 280.808685302734 280.725952148438 280.643249511719 280.560516357422 280.477783203125 280.433013916016 280.502105712891 280.571197509766 280.640289306641 280.709381103516 280.778472900391 280.847564697266 280.916656494141 280.907196044922 280.871520996094 280.835876464844 280.800201416016 280.764556884766 280.728881835938 280.693237304688 280.650146484375 280.584747314453 280.519378662109 280.454010009766
280.175750732422 279.940032958984 279.704284667969 279.468566894531 279.232849121094 279.093078613281 278.985321044922 278.877563476562 278.769805908203 278.662048339844 278.554290771484 278.446533203125 278.450103759766 278.787719726562 279.125335693359 279.462921142578 279.800537109375 280.138153076172 280.475769042969 280.813385009766 280.847473144531 280.780395507812 280.713348388672 280.646270751953 280.579193115234 280.512115478516 280.445068359375 280.416259765625 280.502349853516 280.588439941406 280.674530029297 280.760620117188 280.8466796875 280.932769775391 281.018859863281 281.034515380859 281.026733398438 281.018951416016 281.011138916016 281.003356933594 280.995544433594 280.987762451172 280.967681884766 280.910675048828 280.853668212891 280.796661376953
280.101379394531 279.886810302734 279.672241210938 279.457672119141 279.243072509766 279.142150878906 279.079071044922 279.015991210938 278.952941894531 278.889862060547 278.826782226562 278.763732910156 278.784515380859 279.056915283203 279.329315185547 279.601715087891 279.874114990234 280.146514892578 280.418914794922 280.691314697266 280.720825195312 280.66943359375 280.618011474609 280.566589355469 280.515167236328 280.463745117188 280.412322998047 280.399505615234 280.502593994141 280.605682373047 280.708740234375 280.811828613281 280.914886474609 281.017974853516 281.121063232422 281.161865234375 281.181945800781 281.202026367188 281.222076416016 281.242156982422 281.262237548828 281.282318115234 281.285186767578 281.236572265625 281.187957763672 281.139312744141
280.024444580078 279.818176269531 279.611938476562 279.405700683594 279.199462890625 279.12744140625 279.100158691406 279.072875976562 279.045623779297 279.018341064453 278.991058349609 278.963806152344 279.000915527344 279.231292724609 279.461639404297 279.691986083984 279.922332763672 280.152679443359 280.383056640625 280.613403320312 280.645263671875 280.610931396484 280.576629638672 280.542297363281 280.507965087891 280.473663330078 280.439331054688 280.440338134766 280.547241210938 280.654113769531 280.761016845703 280.867919921875 280.974822998047 281.081726074219 281.188629150391 281.240844726562 281.274810791016 281.308776855469 281.342742919922 281.376739501953 281.410705566406 281.444671630859 281.461639404297 281.427581787109 281.3935546875 281.359497070312
279.944915771484 279.734161376953 279.5234375 279.312683105469 279.101959228516 279.048980712891 279.048614501953 279.048217773438 279.0478515625 279.047485351562 279.047088623047 279.046722412109 279.099304199219 279.310791015625 279.522277832031 279.733734130859 279.945220947266 280.156707763672 280.368194580078 280.579681396484 280.620727539062 280.604949951172 280.589172363281 280.573425292969 280.557647705078 280.541900634766 280.526123046875 280.538696289062 280.636260986328 280.733795166016 280.831359863281 280.928924560547 281.026458740234 281.1240234375 281.221588134766 281.271392822266 281.305328369141 281.339233398438 281.373138427734 281.407073974609 281.440979003906 281.474884033203 281.497009277344 281.483734130859 281.470428466797 281.457153320312
279.865356445312 279.650146484375 279.434906005859 279.219665527344 279.004455566406 278.970520019531 278.997039794922 279.023559570312 279.050079345703 279.076599121094 279.103118896484 279.129638671875 279.197692871094 279.390289306641 279.582916259766 279.775512695312 279.968109130859 280.160736083984 280.353332519531 280.545928955078 280.59619140625 280.598968505859 280.601745605469 280.604553222656 280.607330322266 280.610137939453 280.612915039062 280.637054443359 280.725280761719 280.8134765625 280.901702880859 280.989898681641 281.078094482422 281.166320800781 281.254516601562 281.301971435547 281.335815429688 281.369689941406 281.403533935547 281.437408447266 281.471252441406 281.505126953125 281.532379150391 281.539855957031 281.547332763672 281.554809570312
279.785827636719 279.566101074219 279.346374511719 279.126678466797 278.906951904297 278.892059326172 278.945495605469 278.998901367188 279.052337646484 279.105743408203 279.1591796875 279.212585449219 279.296081542969 279.469818115234 279.6435546875 279.817260742188 279.990997314453 280.164733886719 280.338470458984 280.51220703125 280.571655273438 280.592987060547 280.614318847656 280.635681152344 280.657012939453 280.678344726562 280.69970703125 280.735412597656 280.814300537109 280.893157958984 280.972015380859 281.050872802734 281.129760742188 281.208618164062 281.287475585938 281.332550048828 281.366333007812 281.400146484375 281.433929443359 281.467742919922 281.501525878906 281.535339355469 281.567749023438 281.595977783203 281.624206542969 281.652465820312
279.706298828125 279.482086181641 279.257873535156 279.033660888672 278.809448242188 278.813629150391 278.893920898438 278.974243164062 279.054565429688 279.134887695312 279.215209960938 279.295501708984 279.394470214844 279.54931640625 279.704193115234 279.859039306641 280.013885498047 280.168762207031 280.323608398438 280.478454589844 280.547119140625 280.587005615234 280.626892089844 280.666809082031 280.706695556641 280.74658203125 280.786499023438 280.833801269531 280.9033203125 280.972839355469 281.042358398438 281.111877441406 281.181396484375 281.250915527344 281.320434570312 281.363098144531 281.396850585938 281.430603027344 281.464324951172 281.498077392578 281.531799316406 281.565551757812 281.603088378906 281.652099609375 281.701110839844 281.750122070312
279.626770019531 279.398071289062 279.169342041016 278.940643310547 278.711944580078 278.735168457031 278.842376708984 278.949584960938 279.056793212891 279.164031982422 279.271240234375 279.378448486328 279.492858886719 279.628845214844 279.764831542969 279.900787353516 280.036773681641 280.172760009766 280.308746337891 280.444732666016 280.522583007812 280.581024169922 280.639465332031 280.697937011719 280.756378173828 280.814819335938 280.873291015625 280.932159423828 280.992340087891 281.052520751953 281.112670898438 281.1728515625 281.233032226562 281.293212890625 281.353363037109 281.393676757812 281.427368164062 281.461029052734 281.494720458984 281.528411865234 281.562072753906 281.595764160156 281.638458251953 281.708221435547 281.778015136719 281.847778320312
279.461242675781 279.249694824219 279.038116455078 278.826538085938 278.614990234375 278.653076171875 278.774383544922 278.895721435547 279.017028808594 279.138366699219 279.259674072266 279.380981445312 279.497650146484 279.600402832031 279.703125 279.805877685547 279.908599853516 280.011352539062 280.114074707031 280.216827392578 280.297027587891 280.369750976562 280.442443847656 280.515167236328 280.587860107422 280.660583496094 280.733276367188 280.807556152344 280.886505126953 280.965484619141 281.04443359375 281.123382568359 281.202331542969 281.281280517578 281.360260009766 281.403594970703 281.435089111328 281.466583251953 281.498077392578 281.529571533203 281.561065673828 281.592559814453 281.635375976562 281.712097167969 281.788818359375 281.865509033203
279.209747314453 279.036956787109 278.864166259766 278.691375732422 278.518585205078 278.5673828125 278.690002441406 278.812622070312 278.935272216797 279.057891845703 279.180511474609 279.303161621094 279.408905029297 279.464019775391 279.519134521484 279.574249267578 279.629364013672 279.684478759766 279.739593505859 279.794708251953 279.870513916016 279.953186035156 280.035858154297 280.118499755859 280.201171875 280.283843994141 280.366516113281 280.459991455078 280.585845947266 280.711730957031 280.837585449219 280.963439941406 281.089324951172 281.215179443359 281.341033935547 281.392883300781 281.420074462891 281.447265625 281.474426269531 281.501617431641 281.52880859375 281.555969238281 281.593841552734 281.663665771484 281.733520507812 281.803344726562
278.958221435547 278.82421875 278.690216064453 278.556213378906 278.422210693359 278.481658935547 278.605590820312 278.729553222656 278.853485107422 278.977416992188 279.101379394531 279.225311279297 279.320159912109 279.32763671875 279.335144042969 279.342651367188 279.350128173828 279.357635498047 279.365142822266 279.372619628906 279.443969726562 279.536590576172 279.629241943359 279.721862792969 279.814483642578 279.907135009766 279.999755859375 280.112426757812 280.285186767578 280.457977294922 280.630737304688 280.803527832031 280.976287841797 281.149047851562 281.321838378906 281.382171630859 281.405059814453 281.427917480469 281.450775146484 281.473663330078 281.496520996094 281.519378662109 281.552276611328 281.615264892578 281.67822265625 281.7412109375
278.706726074219 278.611480712891 278.516265869141 278.421051025391 278.325805664062 278.395935058594 278.521209716797 278.646453857422 278.771697998047 278.89697265625 279.022216796875 279.147491455078 279.231384277344 279.191253662109 279.151153564453 279.111022949219 279.070892333984 279.03076171875 278.990661621094 278.950531005859 279.017456054688 279.120025634766 279.222625732422 279.325225830078 279.427825927734 279.530395507812 279.632995605469 279.764862060547 279.984527587891 280.204223632812 280.423889160156 280.643585205078 280.863250732422 281.082946777344 281.302612304688 281.371459960938 281.390014648438 281.408569335938 281.427124023438 281.445678710938 281.464233398438 281.482788085938 281.5107421875 281.566833496094 281.622924804688 281.679046630859
278.455200195312 278.398742675781 278.342315673828 278.285858154297 278.229431152344 278.310241699219 278.436798095703 278.563385009766 278.68994140625 278.816497802734 278.943084716797 279.069641113281 279.142639160156 279.054901123047 278.967132568359 278.87939453125 278.791656494141 278.703918457031 278.616180419922 278.528442382812 278.590911865234 278.703460693359 278.816009521484 278.928558349609 279.041137695312 279.153686523438 279.266235351562 279.417297363281 279.683868408203 279.950469970703 280.217071533203 280.483642578125 280.750244140625 281.016815185547 281.283416748047 281.360748291016 281.375 281.389221191406 281.403472900391 281.417724609375 281.431976318359 281.446197509766 281.469207763672 281.518432617188 281.567657470703 281.616882324219
278.203704833984 278.18603515625 278.168365478516 278.150695800781 278.133026123047 278.224517822266 278.352416992188 278.480285644531 278.608154296875 278.736053466797 278.863922119141 278.991790771484 279.053863525391 278.918518066406 278.783142089844 278.647796630859 278.512420654297 278.377075195312 278.24169921875 278.106353759766 278.164398193359 278.286895751953 278.409423828125 278.531921386719 278.654449462891 278.776947021484 278.899475097656 279.069732666016 279.383209228516 279.696716308594 280.010223388672 280.323699951172 280.63720703125 280.950714111328 281.264190673828 281.350036621094 281.359954833984 281.369903564453 281.379821777344 281.389739990234 281.399688720703 281.409606933594 281.427642822266 281.470001220703 281.512359619141 281.554718017578
278.080474853516 278.082244873047 278.084014892578 278.085784912109 278.087554931641 278.177337646484 278.296478271484 278.415588378906 278.534698486328 278.653839111328 278.77294921875 278.892059326172 278.94287109375 278.788726806641 278.634613037109 278.48046875 278.326324462891 278.172210693359 278.01806640625 277.863922119141 277.922302246094 278.051513671875 278.180725097656 278.309936523438 278.439147949219 278.568359375 278.697570800781 278.878997802734 279.217041015625 279.555084228516 279.893096923828 280.231140136719 280.569183349609 280.907196044922 281.245239257812 281.345458984375 281.366394042969 281.387329101562 281.408264160156 281.42919921875 281.450134277344 281.471069335938 281.495208740234 281.528900146484 281.562591552734 281.596282958984
278.085510253906 278.08740234375 278.089263916016 278.091125488281 278.093017578125 278.168701171875 278.268981933594 278.369262695312 278.469573974609 278.569854736328 278.670135498047 278.770446777344 278.809631347656 278.665588378906 278.521514892578 278.377471923828 278.2333984375 278.08935546875 277.945281982422 277.801208496094 277.864685058594 277.997344970703 278.129974365234 278.262634277344 278.395294189453 278.527923583984 278.660583496094 278.845123291016 279.185302734375 279.525512695312 279.86572265625 280.205932617188 280.546112060547 280.886322021484 281.226531982422 281.347015380859 281.394287109375 281.441528320312 281.488800048828 281.536041259766 281.583312988281 281.630554199219 281.671813964844 281.695068359375 281.718322753906 281.741607666016
