data/working_set_collections/6091692-Cassins_Sparrow-M2/1980/tautot_avg.asc
NCOLS 265 
NROWS 230 
XLLCORNER -115.5625 
YLLCORNER 24.8333333333333 
CELLSIZE 0.0833333333333333 
NODATA_value -9999 
[rows 40 to 59 of 230, columns 138 to 183 of 265]
10.9939765930176 10.9595880508423 10.925199508667 10.8908109664917 10.8567838668823 10.8228769302368 10.7889699935913 10.7550630569458 10.7211561203003 10.6872501373291 10.6533432006836 10.6342067718506 10.6593818664551 10.6845579147339 10.7097330093384 10.7349090576172 10.7600841522217 10.7852592468262 10.810435295105 10.8030071258545 10.7847118377686 10.7664165496826 10.7481203079224 10.7298250198364 10.7115297317505 10.6932334899902 10.6875286102295 10.7195959091187 10.7516632080078 10.7837295532227 10.8157968521118 10.847864151001 10.8799304962158 10.911997795105 10.9452419281006 10.9788789749146 11.0125160217285 11.0461530685425 11.0797901153564 11.1134271621704 11.1470642089844 11.1861972808838 11.2418155670166 11.2974348068237 11.3530530929565 11.4086713790894
10.8939199447632 10.8615169525146 10.8291139602661 10.7967109680176 10.7650909423828 10.7337322235107 10.7023735046387 10.6710138320923 10.6396551132202 10.6082963943481 10.5769376754761 10.5614366531372 10.5935125350952 10.6255874633789 10.6576633453369 10.6897382736206 10.7218141555786 10.7538890838623 10.7859649658203 10.7775468826294 10.7556314468384 10.7337160110474 10.7118005752563 10.6898860931396 10.6679706573486 10.6460552215576 10.6374397277832 10.6687250137329 10.7000112533569 10.7312965393066 10.7625827789307 10.7938680648804 10.8251533508301 10.8564395904541 10.8892698287964 10.9226160049438 10.9559621810913 10.9893074035645 11.0226535797119 11.0559997558594 11.0893459320068 11.1288623809814 11.1868906021118 11.2449197769165 11.3029479980469 11.3609762191772
10.8273839950562 10.7947006225586 10.762017250061 10.7293338775635 10.7011985778809 10.6745805740356 10.6479625701904 10.6213436126709 10.5947256088257 10.5681076049805 10.5414896011353 10.5301513671875 10.5646533966064 10.5991554260254 10.6336574554443 10.6681594848633 10.7026615142822 10.7371635437012 10.7716665267944 10.7607088088989 10.73459815979 10.7084875106812 10.6823768615723 10.6562662124634 10.6301555633545 10.6040439605713 10.5921335220337 10.62282371521 10.6535139083862 10.6842031478882 10.7148933410645 10.7455835342407 10.7762727737427 10.8069629669189 10.8391017913818 10.8717231750488 10.9043445587158 10.9369659423828 10.9695882797241 11.0022096633911 11.0348310470581 11.0740919113159 11.1332693099976 11.1924467086792 11.2516241073608 11.3108015060425
10.7943668365479 10.7591371536255 10.7239074707031 10.6886777877808 10.6651067733765 10.6454219818115 10.6257371902466 10.6060523986816 10.5863676071167 10.5666837692261 10.5469989776611 10.5403490066528 10.5728054046631 10.605260848999 10.637716293335 10.6701717376709 10.7026281356812 10.7350835800171 10.767539024353 10.7524919509888 10.7216100692749 10.6907291412354 10.6598472595215 10.6289653778076 10.5980834960938 10.5672025680542 10.5516109466553 10.5818910598755 10.6121702194214 10.6424503326416 10.6727304458618 10.7030096054077 10.7332897186279 10.7635688781738 10.7947368621826 10.8262014389038 10.8576650619507 10.8891286849976 10.9205932617188 10.9520568847656 10.9835205078125 11.0218849182129 11.0809507369995 11.1400165557861 11.1990823745728 11.2581472396851
10.7613506317139 10.7235746383667 10.6857976913452 10.648021697998 10.6290140151978 10.6162633895874 10.6035118103027 10.5907611846924 10.578010559082 10.5652589797974 10.552508354187 10.5505475997925 10.5809564590454 10.6113662719727 10.6417751312256 10.6721849441528 10.7025938034058 10.7330026626587 10.7634124755859 10.7442750930786 10.7086229324341 10.6729698181152 10.6373176574707 10.6016654968262 10.5660123825073 10.5303602218628 10.5110883712769 10.5409574508667 10.5708274841309 10.6006965637207 10.6305665969849 10.660436630249 10.6903057098389 10.720175743103 10.7503728866577 10.7806787490845 10.8109855651855 10.8412914276123 10.8715982437134 10.9019041061401 10.9322109222412 10.9696788787842 11.0286321640015 11.0875864028931 11.1465396881104 11.2054929733276
10.7283344268799 10.6880111694336 10.6476888656616 10.6073656082153 10.592921257019 10.5871047973633 10.5812873840332 10.5754699707031 10.569652557373 10.563835144043 10.5580177307129 10.5607461929321 10.589108467102 10.6174716949463 10.6458339691162 10.6741971969604 10.7025594711304 10.7309226989746 10.7592849731445 10.7360582351685 10.6956348419189 10.6552114486694 10.6147880554199 10.5743646621704 10.5339412689209 10.4935178756714 10.4705657958984 10.5000247955322 10.5294847488403 10.5589437484741 10.5884027481079 10.617862701416 10.6473217010498 10.6767816543579 10.7060079574585 10.7351570129395 10.7643051147461 10.793454170227 10.822603225708 10.851752281189 10.8809013366699 10.9174728393555 10.9763145446777 11.03515625 11.093997001648 11.1528387069702
10.6953182220459 10.6524486541748 10.6095790863037 10.5667095184326 10.5568294525146 10.5579452514648 10.5590620040894 10.5601787567139 10.5612945556641 10.5624113082886 10.5635280609131 10.5709438323975 10.5972604751587 10.6235771179199 10.6498928070068 10.6762094497681 10.7025260925293 10.7288417816162 10.7551584243774 10.7278423309326 10.6826477050781 10.6374530792236 10.5922594070435 10.547064781189 10.5018701553345 10.4566764831543 10.43004322052 10.4590921401978 10.4881410598755 10.5171909332275 10.5462398529053 10.575288772583 10.6043386459351 10.6333875656128 10.6616430282593 10.6896343231201 10.717625617981 10.7456169128418 10.7736082077026 10.8015995025635 10.8295907974243 10.8652667999268 10.9239959716797 10.9827251434326 11.0414552688599 11.1001844406128
10.6623020172119 10.616886138916 10.5714693069458 10.5260534286499 10.5207366943359 10.5287866592407 10.5368366241455 10.5448875427246 10.5529375076294 10.5609874725342 10.569037437439 10.5811424255371 10.6054124832153 10.6296825408936 10.6539525985718 10.6782217025757 10.7024917602539 10.7267618179321 10.7510318756104 10.7196254730225 10.669659614563 10.6196947097778 10.5697298049927 10.5197649002075 10.469799041748 10.4198341369629 10.3895196914673 10.4181594848633 10.446798324585 10.4754371643066 10.5040760040283 10.5327157974243 10.561354637146 10.5899934768677 10.6172790527344 10.6441125869751 10.6709461212158 10.6977796554565 10.7246131896973 10.751446723938 10.778281211853 10.813060760498 10.8716773986816 10.9302949905396 10.9889125823975 11.0475301742554
10.6747255325317 10.6273012161255 10.5798778533936 10.5324544906616 10.5278062820435 10.5374174118042 10.5470285415649 10.5566396713257 10.5662498474121 10.5758609771729 10.5854721069336 10.5979290008545 10.6189260482788 10.6399221420288 10.6609182357788 10.6819152832031 10.7029113769531 10.7239074707031 10.7449045181274 10.7121114730835 10.6613893508911 10.6106662750244 10.5599431991577 10.5092210769653 10.4584980010986 10.4077758789062 10.3765182495117 10.4036550521851 10.4307918548584 10.4579286575317 10.4850664138794 10.5122032165527 10.5393400192261 10.5664768218994 10.5928173065186 10.6188926696777 10.6449670791626 10.6710424423218 10.697117805481 10.7231922149658 10.749267578125 10.7833557128906 10.8414859771729 10.8996162414551 10.957745552063 11.0158758163452
10.7325878143311 10.6836957931519 10.6348037719727 10.5859117507935 10.5780382156372 10.5838375091553 10.589635848999 10.5954351425171 10.6012334823608 10.6070327758789 10.612832069397 10.6213045120239 10.6378011703491 10.654296875 10.6707925796509 10.6872892379761 10.703784942627 10.7202806472778 10.7367763519287 10.7053003311157 10.6578340530396 10.6103677749634 10.5629005432129 10.5154342651367 10.4679679870605 10.4205007553101 10.3910369873047 10.4155797958374 10.4401226043701 10.4646654129028 10.4892082214355 10.5137510299683 10.5382947921753 10.562837600708 10.5882596969604 10.613974571228 10.6396894454956 10.6654052734375 10.6911201477051 10.7168350219727 10.7425508499146 10.7761535644531 10.833420753479 10.8906869888306 10.9479541778564 11.005220413208
10.7904500961304 10.7400894165039 10.6897296905518 10.6393699645996 10.628270149231 10.630256652832 10.6322441101074 10.6342306137085 10.6362171173096 10.638204574585 10.640191078186 10.6446800231934 10.6566753387451 10.6686716079712 10.680666923523 10.6926622390747 10.7046585083008 10.7166538238525 10.7286491394043 10.6984901428223 10.6542797088623 10.6100692749023 10.5658578872681 10.5216474533081 10.4774370193481 10.4332265853882 10.4055557250977 10.4275045394897 10.4494533538818 10.4714021682739 10.493350982666 10.5152997970581 10.5372486114502 10.5591974258423 10.583701133728 10.6090564727783 10.6344127655029 10.6597681045532 10.6851234436035 10.7104787826538 10.7358341217041 10.7689514160156 10.8253545761108 10.8817586898804 10.9381618499756 10.9945659637451
10.8483123779297 10.7964839935303 10.7446556091309 10.6928272247314 10.6785011291504 10.6766767501831 10.6748514175415 10.6730260848999 10.6712007522583 10.6693754196167 10.6675510406494 10.6680555343628 10.6755504608154 10.6830463409424 10.690541267395 10.6980361938477 10.7055311203003 10.7130260467529 10.7205219268799 10.6916790008545 10.6507244110107 10.609769821167 10.5688152313232 10.5278606414795 10.4869060516357 10.445951461792 10.4200744628906 10.4394292831421 10.4587841033936 10.478138923645 10.4974937438965 10.516848564148 10.5362033843994 10.5555582046509 10.5791435241699 10.6041393280029 10.6291351318359 10.6541299819946 10.6791257858276 10.7041215896606 10.7291173934937 10.7617492675781 10.817289352417 10.8728294372559 10.928370475769 10.9839105606079
10.906174659729 10.8528776168823 10.79958152771 10.7462854385376 10.7287330627441 10.7230958938599 10.7174587249756 10.7118215560913 10.706184387207 10.7005472183228 10.6949100494385 10.6914310455322 10.6944255828857 10.6974201202393 10.7004156112671 10.7034101486206 10.7064046859741 10.7093992233276 10.7123937606812 10.684868812561 10.6471700668335 10.609471321106 10.5717725753784 10.5340738296509 10.4963750839233 10.4586763381958 10.4345932006836 10.4513540267944 10.4681148529053 10.4848756790161 10.501636505127 10.5183973312378 10.5351581573486 10.5519189834595 10.5745859146118 10.5992212295532 10.6238574981689 10.6484928131104 10.6731290817261 10.6977643966675 10.7224006652832 10.7545461654663 10.8092241287231 10.8639011383057 10.9185781478882 10.973256111145
10.9640369415283 10.9092721939087 10.8545074462891 10.7997426986694 10.7789649963379 10.7695159912109 10.760066986084 10.7506170272827 10.7411680221558 10.7317190170288 10.7222700119019 10.7148065567017 10.7133007049561 10.7117948532104 10.7102890014648 10.7087831497192 10.707278251648 10.7057723999023 10.7042665481567 10.6780576705933 10.6436157226562 10.6091728210449 10.5747299194336 10.5402870178223 10.5058450698853 10.4714021682739 10.4491119384766 10.4632787704468 10.477445602417 10.4916124343872 10.5057792663574 10.5199460983276 10.5341119766235 10.5482788085938 10.5700283050537 10.5943040847778 10.618579864502 10.6428556442261 10.6671314239502 10.6914072036743 10.7156839370728 10.7473440170288 10.801157951355 10.8549728393555 10.9087867736816 10.9626007080078
11.0120067596436 10.9506711959839 10.8893346786499 10.8279991149902 10.8035278320312 10.7913455963135 10.7791633605957 10.7669811248779 10.7547988891602 10.7426166534424 10.7304344177246 10.7202339172363 10.7159786224365 10.711724281311 10.7074689865112 10.7032136917114 10.6989593505859 10.6947040557861 10.6904487609863 10.6656541824341 10.63401222229 10.602370262146 10.570728302002 10.5390863418579 10.5074443817139 10.4758024215698 10.4546566009521 10.4649991989136 10.4753408432007 10.4856824874878 10.4960241317749 10.506365776062 10.5167083740234 10.5270500183105 10.54811668396 10.5727586746216 10.5973997116089 10.6220417022705 10.6466836929321 10.6713247299194 10.6959667205811 10.7276382446289 10.7803974151611 10.8331575393677 10.8859176635742 10.9386768341064
11.0500860214233 10.9770746231079 10.9040641784668 10.8310527801514 10.8024225234985 10.7885866165161 10.7747497558594 10.760913848877 10.7470769882202 10.7332410812378 10.7194042205811 10.7077140808105 10.7024602890015 10.6972074508667 10.6919546127319 10.6867008209229 10.6814479827881 10.6761951446533 10.6709423065186 10.6476564407349 10.6183605194092 10.5890636444092 10.5597677230835 10.5304718017578 10.5011758804321 10.4718790054321 10.4512281417847 10.4565143585205 10.4618005752563 10.4670867919922 10.472373008728 10.4776592254639 10.4829444885254 10.4882307052612 10.5088520050049 10.5345849990845 10.5603179931641 10.5860509872437 10.6117839813232 10.6375169754028 10.6632499694824 10.6954278945923 10.7469425201416 10.7984561920166 10.8499698638916 10.9014844894409
11.0881643295288 11.0034780502319 10.9187927246094 10.8341064453125 10.8013172149658 10.7858266830444 10.770336151123 10.7548456192017 10.7393550872803 10.7238645553589 10.7083740234375 10.6951932907104 10.6889419555664 10.6826906204224 10.6764392852783 10.6701889038086 10.6639375686646 10.6576862335205 10.6514348983765 10.6296586990356 10.6027088165283 10.5757579803467 10.548807144165 10.5218563079834 10.4949064254761 10.4679555892944 10.4478006362915 10.4480304718018 10.448260307312 10.4484910964966 10.4487209320068 10.4489517211914 10.4491815567017 10.4494123458862 10.4695873260498 10.4964122772217 10.5232362747192 10.5500602722168 10.5768842697144 10.6037092208862 10.6305332183838 10.66321849823 10.7134866714478 10.7637548446655 10.8140230178833 10.8642911911011
11.1262426376343 11.0298824310303 10.933521270752 10.837161064148 10.8002119064331 10.7830677032471 10.7659225463867 10.7487783432007 10.7316331863403 10.7144889831543 10.6973438262939 10.6826734542847 10.6754236221313 10.6681747436523 10.660924911499 10.65367603302 10.6464262008667 10.6391773223877 10.6319274902344 10.6116619110107 10.5870571136475 10.5624513626099 10.5378465652466 10.5132417678833 10.48863697052 10.4640321731567 10.444372177124 10.439546585083 10.434720993042 10.429895401001 10.42506980896 10.4202442169189 10.4154186248779 10.4105930328369 10.430323600769 10.4582386016846 10.4861545562744 10.5140695571899 10.5419855117798 10.5699005126953 10.5978164672852 10.6310091018677 10.6800308227539 10.7290534973145 10.778076171875 10.8270988464355
11.1643209457397 11.0562858581543 10.9482498168945 10.8402147293091 10.7991065979004 10.7803077697754 10.7615089416504 10.7427101135254 10.7239112854004 10.7051124572754 10.6863136291504 10.6701526641846 10.6619052886963 10.653657913208 10.6454105377197 10.6371631622314 10.6289157867432 10.6206684112549 10.6124210357666 10.5936641693115 10.5714054107666 10.5491456985474 10.5268859863281 10.5046272277832 10.482367515564 10.460108757019 10.4409437179565 10.4310626983643 10.4211807250977 10.4112997055054 10.4014177322388 10.3915367126465 10.3816556930542 10.3717737197876 10.391058921814 10.4200658798218 10.4490728378296 10.4780788421631 10.5070858001709 10.5360927581787 10.5650997161865 10.5987987518311 10.6465759277344 10.6943521499634 10.7421293258667 10.78990650177
11.2023992538452 11.0826892852783 10.9629793167114 10.8432683944702 10.7980012893677 10.777548789978 10.7570953369141 10.7366428375244 10.7161893844604 10.6957368850708 10.6752834320068 10.6576328277588 10.6483869552612 10.6391410827637 10.6298961639404 10.6206502914429 10.6114044189453 10.6021595001221 10.5929136276245 10.5756664276123 10.5557527542114 10.5358390808105 10.5159254074097 10.4960117340088 10.4760980606079 10.456184387207 10.4375152587891 10.4225778579712 10.4076414108276 10.3927040100098 10.3777666091919 10.362829208374 10.3478918075562 10.3329553604126 10.3517942428589 10.3818922042847 10.4119901657104 10.4420881271362 10.4721870422363 10.5022850036621 10.5323829650879 10.5665893554688 10.6131200790405 10.6596517562866 10.7061824798584 10.7527132034302
