data/working_set_collections/6091692-Cassins_Sparrow-M2/1980/tautot_avg.asc
NCOLS 265 
NROWS 230 
XLLCORNER -115.5625 
YLLCORNER 24.8333333333333 
CELLSIZE 0.0833333333333333 
NODATA_value -9999 
[rows 20 to 39 of 230, columns 0 to 45 of 265]
12.4260835647583 12.4515514373779 12.4770202636719 12.5024881362915 12.5279560089111 12.5534238815308 12.5788917541504 12.5448913574219 12.4910688400269 12.4372453689575 12.3834218978882 12.3295993804932 12.2757759094238 12.2219524383545 12.1808433532715 12.1778755187988 12.1749067306519 12.1719388961792 12.1689710617065 12.1660032272339 12.1630344390869 12.1600666046143 12.1494693756104 12.1363286972046 12.1231880187988 12.1100482940674 12.0969076156616 12.0837669372559 12.0706262588501 12.0622520446777 12.0681743621826 12.0740966796875 12.0800189971924 12.0859413146973 12.0918636322021 12.097785949707 12.1037082672119 12.1287660598755 12.1602029800415 12.1916399002075 12.2230758666992 12.2545127868652 12.2859497070312 12.3173866271973 12.360294342041 12.4376163482666
12.3429164886475 12.3710641860962 12.3992118835449 12.4273595809937 12.4555072784424 12.4836549758911 12.5118026733398 12.4816837310791 12.4321432113647 12.3826026916504 12.333062171936 12.2835206985474 12.233980178833 12.1844396591187 12.1472005844116 12.1468677520752 12.1465339660645 12.1462001800537 12.145866394043 12.1455326080322 12.1451988220215 12.1448659896851 12.1265325546265 12.1022005081177 12.0778684616089 12.0535354614258 12.029203414917 12.0048713684082 11.9805383682251 11.9661226272583 11.9814558029175 11.996789932251 12.0121231079102 12.0274562835693 12.0427894592285 12.058123588562 12.0734567642212 12.0974550247192 12.1243419647217 12.1512289047241 12.1781148910522 12.2050018310547 12.2318887710571 12.2587757110596 12.3005857467651 12.387167930603
12.2597494125366 12.2905759811401 12.321403503418 12.3522310256958 12.3830575942993 12.4138851165771 12.444712638855 12.418475151062 12.3732175827026 12.3279590606689 12.2827014923096 12.2374429702759 12.1921854019165 12.1469268798828 12.1135587692261 12.1158590316772 12.1181602478027 12.1204614639282 12.1227617263794 12.1250629425049 12.1273632049561 12.1296644210815 12.1035966873169 12.0680723190308 12.0325479507446 11.9970235824585 11.9614992141724 11.9259748458862 11.8904504776001 11.8699932098389 11.8947381973267 11.9194822311401 11.9442272186279 11.9689722061157 11.9937162399292 12.018461227417 12.0432052612305 12.066143989563 12.0884809494019 12.1108179092407 12.1331539154053 12.1554908752441 12.177827835083 12.2001647949219 12.2408781051636 12.3367204666138
12.1765823364258 12.2100887298584 12.243595123291 12.277102470398 12.3106088638306 12.3441152572632 12.3776226043701 12.3552675247192 12.3142919540405 12.2733163833618 12.2323408126831 12.1913652420044 12.1503896713257 12.109414100647 12.0799160003662 12.0848512649536 12.089786529541 12.0947217941284 12.0996580123901 12.1045932769775 12.1095285415649 12.1144638061523 12.080659866333 12.0339441299438 11.9872274398804 11.9405117034912 11.8937950134277 11.8470792770386 11.8003625869751 11.7738647460938 11.8080196380615 11.8421754837036 11.8763313293457 11.9104871749878 11.9446430206299 11.9787979125977 12.0129537582397 12.0348329544067 12.052619934082 12.0704069137573 12.0881929397583 12.1059799194336 12.1237668991089 12.1415538787842 12.1811695098877 12.2862730026245
12.0939683914185 12.1193418502808 12.1447153091431 12.1700887680054 12.1954622268677 12.2208366394043 12.2462100982666 12.2253227233887 12.1890163421631 12.1527099609375 12.1164026260376 12.080096244812 12.0437889099121 12.0074825286865 11.9809551239014 11.9837656021118 11.9865770339966 11.9893884658813 11.9921998977661 11.9950103759766 11.9978218078613 12.0006332397461 11.9624681472778 11.9106435775757 11.8588199615479 11.8069953918457 11.7551717758179 11.7033472061157 11.6515235900879 11.622654914856 11.6626529693604 11.7026519775391 11.7426509857178 11.7826490402222 11.8226480484009 11.8626461029053 11.902645111084 11.9315919876099 11.9568548202515 11.9821186065674 12.007381439209 12.0326442718506 12.0579080581665 12.0831708908081 12.1297388076782 12.2402229309082
12.0119075775146 12.0183353424072 12.0247631072998 12.0311908721924 12.0376195907593 12.0440473556519 12.0504751205444 12.0286426544189 11.9973907470703 11.9661388397217 11.934886932373 11.9036350250244 11.8723831176758 11.8411312103271 11.8166742324829 11.8126029968262 11.8085308074951 11.8044595718384 11.8003873825073 11.7963161468506 11.7922449111938 11.7881727218628 11.7490196228027 11.6981716156006 11.6473236083984 11.5964756011963 11.5456285476685 11.4947805404663 11.4439325332642 11.4163646697998 11.4586381912231 11.5009117126465 11.5431852340698 11.5854578018188 11.6277313232422 11.6700048446655 11.7122783660889 11.7564210891724 11.8011865615845 11.8459520339966 11.890718460083 11.9354839324951 11.9802494049072 12.0250158309937 12.0865859985352 12.1985702514648
11.9298467636108 11.9173288345337 11.9048109054565 11.8922939300537 11.8797760009766 11.8672580718994 11.8547401428223 11.8319625854492 11.8057661056519 11.7795686721802 11.7533712387085 11.7271738052368 11.7009773254395 11.6747798919678 11.6523933410645 11.6414394378662 11.6304845809937 11.6195306777954 11.6085758209229 11.5976219177246 11.586667060852 11.5757131576538 11.5355710983276 11.4856996536255 11.4358282089233 11.3859567642212 11.336085319519 11.2862138748169 11.2363414764404 11.210075378418 11.2546234130859 11.2991714477539 11.3437194824219 11.3882675170898 11.4328155517578 11.4773626327515 11.5219106674194 11.5812492370605 11.6455183029175 11.7097864151001 11.7740545272827 11.8383235931396 11.9025917053223 11.9668607711792 12.0434331893921 12.1569185256958
11.847785949707 11.8163223266602 11.7848587036133 11.7533960342407 11.7219324111938 11.690468788147 11.6590051651001 11.6352825164795 11.6141405105591 11.5929985046387 11.5718555450439 11.5507135391235 11.5295715332031 11.5084285736084 11.488112449646 11.4702758789062 11.4524383544922 11.4346017837524 11.4167642593384 11.3989276885986 11.3810901641846 11.3632535934448 11.3221225738525 11.2732276916504 11.2243318557739 11.1754369735718 11.1265420913696 11.0776462554932 11.028751373291 11.0037851333618 11.0506076812744 11.0974311828613 11.1442537307739 11.1910762786865 11.2378988265991 11.2847213745117 11.3315439224243 11.406078338623 11.4898490905762 11.5736207962036 11.6573915481567 11.7411632537842 11.8249340057373 11.9087047576904 12.0002794265747 12.1152658462524
11.7657251358032 11.7153158187866 11.6649074554443 11.6144981384277 11.5640888214111 11.5136795043945 11.4632701873779 11.4386024475098 11.4225149154663 11.4064273834229 11.3903398513794 11.3742523193359 11.3581647872925 11.342077255249 11.3238325119019 11.2991123199463 11.2743921279907 11.2496728897095 11.2249526977539 11.2002325057983 11.1755132675171 11.1507930755615 11.1086740493774 11.060754776001 11.0128364562988 10.9649171829224 10.9169979095459 10.8690795898438 10.8211603164673 10.79749584198 10.8465929031372 10.8956899642944 10.944787979126 10.9938850402832 11.0429821014404 11.092080116272 11.1411771774292 11.2309074401855 11.3341808319092 11.4374542236328 11.5407285690308 11.6440019607544 11.7472763061523 11.850549697876 11.9571266174316 12.0736131668091
11.6836643218994 11.6143102645874 11.5449552536011 11.4756002426147 11.4062452316284 11.3368902206421 11.2675361633301 11.24192237854 11.2308902740479 11.2198572158813 11.2088241577148 11.1977920532227 11.1867589950562 11.175726890564 11.1595516204834 11.1279487609863 11.0963459014893 11.0647439956665 11.0331411361694 11.0015382766724 10.9699354171753 10.9383335113525 10.8952255249023 10.8482828140259 10.8013401031494 10.754397392273 10.7074546813965 10.6605129241943 10.6135702133179 10.5912055969238 10.642578125 10.6939496994019 10.745322227478 10.7966938018799 10.8480663299561 10.8994379043579 10.9508104324341 11.0557355880737 11.1785125732422 11.3012886047363 11.4240655899048 11.5468416213989 11.6696186065674 11.7923946380615 11.9139738082886 12.0319604873657
11.5649833679199 11.4963712692261 11.4277591705322 11.3591470718384 11.2905340194702 11.2219219207764 11.1533098220825 11.1265649795532 11.1137762069702 11.1009874343872 11.0881986618042 11.0754098892212 11.0626211166382 11.0498323440552 11.0307931900024 10.9930009841919 10.9552097320557 10.9174175262451 10.8796262741089 10.8418350219727 10.8040428161621 10.7662515640259 10.7224950790405 10.6767511367798 10.631007194519 10.585262298584 10.5395183563232 10.4937744140625 10.4480295181274 10.4281377792358 10.485803604126 10.5434694290161 10.6011343002319 10.6588001251221 10.7164659500122 10.7741317749023 10.8317966461182 10.9518585205078 11.0927181243896 11.2335777282715 11.3744373321533 11.5152969360352 11.656156539917 11.7970161437988 11.9311838150024 12.0452747344971
11.4096822738647 11.3615007400513 11.3133192062378 11.2651376724243 11.2169561386108 11.1687746047974 11.1205930709839 11.0925302505493 11.071174621582 11.0498189926147 11.0284624099731 11.0071067810059 10.9857511520386 10.9643955230713 10.9375562667847 10.8942699432373 10.8509826660156 10.8076953887939 10.7644081115723 10.7211217880249 10.6778345108032 10.6345472335815 10.590482711792 10.5461587905884 10.5018358230591 10.4575119018555 10.4131879806519 10.3688640594482 10.3245410919189 10.308292388916 10.3762702941895 10.4442481994629 10.5122261047363 10.5802030563354 10.6481809616089 10.7161588668823 10.7841367721558 10.9192733764648 11.0767974853516 11.234320640564 11.3918437957764 11.5493679046631 11.7068910598755 11.8644142150879 12.0087566375732 12.1135559082031
11.2543802261353 11.2266292572021 11.1988792419434 11.1711282730103 11.1433773040771 11.115626335144 11.0878753662109 11.0584955215454 11.0285730361938 10.998649597168 10.9687271118164 10.9388036727905 10.908881187439 10.8789577484131 10.8443202972412 10.7955379486084 10.7467555999756 10.6979732513428 10.64919090271 10.6004085540771 10.5516262054443 10.5028438568115 10.4584703445435 10.4155673980713 10.3726644515991 10.3297605514526 10.2868576049805 10.2439546585083 10.2010517120361 10.1884469985962 10.2667369842529 10.3450269699097 10.4233169555664 10.5016069412231 10.5798969268799 10.6581869125366 10.7364768981934 10.8866891860962 11.0608768463135 11.2350645065308 11.4092512130737 11.583438873291 11.757625579834 11.9318132400513 12.0863304138184 12.1818370819092
11.0990791320801 11.0917587280273 11.0844392776489 11.0771188735962 11.0697984695435 11.062479019165 11.0551586151123 11.0244607925415 10.9859714508057 10.9474811553955 10.9089908599854 10.8705005645752 10.8320112228394 10.7935209274292 10.7510833740234 10.6968059539795 10.6425285339355 10.5882501602173 10.5339727401733 10.4796953201294 10.4254169464111 10.3711395263672 10.3264579772949 10.2849750518799 10.2434930801392 10.2020101547241 10.1605272293091 10.1190452575684 10.0775623321533 10.068600654602 10.1572027206421 10.2458057403564 10.3344078063965 10.4230098724365 10.5116119384766 10.6002140045166 10.6888160705566 10.8541049957275 11.0449562072754 11.2358074188232 11.4266586303711 11.6175098419189 11.8083600997925 11.9992113113403 12.1639032363892 12.2501182556152
10.9437770843506 10.9568881988525 10.9699983596802 10.9831094741821 10.9962205886841 11.0093307495117 11.0224418640137 10.9904270172119 10.9433698654175 10.8963117599487 10.8492546081543 10.8021984100342 10.7551403045654 10.708083152771 10.65784740448 10.5980739593506 10.5383014678955 10.4785280227661 10.4187545776367 10.3589820861816 10.2992086410522 10.2394351959229 10.1944456100464 10.1543836593628 10.1143217086792 10.0742597579956 10.0341968536377 9.9941349029541 9.95407295227051 9.94875526428223 10.0476694107056 10.1465835571289 10.2454986572266 10.3444128036499 10.4433269500732 10.5422420501709 10.6411561965942 10.8215208053589 11.0290355682373 11.2365503311157 11.4440650939941 11.6515808105469 11.8590955734253 12.0666103363037 12.2414770126343 12.3183994293213
10.7884759902954 10.8220176696777 10.8555583953857 10.8891000747681 10.9226417541504 10.9561834335327 10.989725112915 10.956392288208 10.900767326355 10.8451433181763 10.7895193099976 10.7338953018188 10.6782703399658 10.6226463317871 10.5646114349365 10.499342918396 10.4340744018555 10.3688058853149 10.3035373687744 10.2382688522339 10.1730003356934 10.1077318191528 10.0624332427979 10.0237913131714 9.98515033721924 9.94650840759277 9.90786743164062 9.86922550201416 9.8305835723877 9.82890892028809 9.93813610076904 10.0473623275757 10.1565895080566 10.2658157348633 10.3750429153442 10.4842691421509 10.5934963226318 10.7889366149902 11.0131158828735 11.2372941970825 11.4614725112915 11.6856508255005 11.9098300933838 12.1340084075928 12.3190498352051 12.3866806030273
10.7087640762329 10.7439002990723 10.7790374755859 10.8141746520996 10.8493118286133 10.884449005127 10.9195861816406 10.8863697052002 10.8303689956665 10.7743682861328 10.7183675765991 10.6623668670654 10.6063671112061 10.5503664016724 10.490969657898 10.42138671875 10.351803779602 10.2822208404541 10.2126369476318 10.1430540084839 10.0734710693359 10.003888130188 9.960524559021 9.92590141296387 9.89127826690674 9.85665512084961 9.8220329284668 9.78740978240967 9.75278663635254 9.75674057006836 9.87642478942871 9.99610996246338 10.115795135498 10.2354803085327 10.3551654815674 10.474850654602 10.5945348739624 10.7910556793213 11.0131883621216 11.2353210449219 11.4574537277222 11.6795864105225 11.9017190933228 12.123851776123 12.308741569519 12.3819017410278
10.7046413421631 10.7225389480591 10.7404356002808 10.7583332061768 10.7762308120728 10.7941274642944 10.8120250701904 10.7803602218628 10.7321739196777 10.6839876174927 10.6358013153076 10.5876150131226 10.5394287109375 10.4912424087524 10.4369239807129 10.3642072677612 10.2914896011353 10.2187728881836 10.1460561752319 10.073338508606 10.0006217956543 9.92790508270264 9.88872051239014 9.86071395874023 9.83270740509033 9.80469989776611 9.77669334411621 9.74868679046631 9.72068023681641 9.7322473526001 9.8625373840332 9.99282646179199 10.1231155395508 10.2534055709839 10.3836946487427 10.5139846801758 10.6442737579346 10.8278789520264 11.0292558670044 11.2306327819824 11.4320096969604 11.6333866119385 11.8347635269165 12.0361404418945 12.2105503082275 12.3040628433228
10.7005186080933 10.7011766433716 10.7018337249756 10.7024917602539 10.7031488418579 10.7038068771362 10.7044649124146 10.6743497848511 10.6339778900146 10.5936069488525 10.5532350540161 10.5128631591797 10.4724912643433 10.4321193695068 10.3828783035278 10.3070268630981 10.2311763763428 10.1553249359131 10.0794744491577 10.003623008728 9.92777252197266 9.85192108154297 9.81691551208496 9.79552555084229 9.77413558959961 9.75274467468262 9.73135471343994 9.70996475219727 9.68857479095459 9.70775508880615 9.84864902496338 9.9895429611206 10.1304368972778 10.2713308334351 10.4122247695923 10.5531177520752 10.6940116882324 10.8647012710571 11.0453224182129 11.2259435653687 11.4065647125244 11.5871858596802 11.7678070068359 11.9484281539917 12.1123600006104 12.2262239456177
10.6963958740234 10.6798143386841 10.6632318496704 10.6466503143311 10.6300678253174 10.613486289978 10.5969038009644 10.5683403015137 10.5357828140259 10.5032253265381 10.4706678390503 10.4381103515625 10.405553817749 10.3729963302612 10.3288316726685 10.2498474121094 10.170862197876 10.0918769836426 10.0128927230835 9.9339075088501 9.85492324829102 9.77593803405762 9.7451114654541 9.73033714294434 9.71556377410889 9.70078945159912 9.68601608276367 9.67124271392822 9.65646839141846 9.68326282501221 9.83476066589355 9.98625946044922 10.1377573013306 10.2892560958862 10.4407539367676 10.5922517776489 10.7437505722046 10.9015235900879 11.0613889694214 11.2212543487549 11.3811197280884 11.5409851074219 11.7008504867554 11.8607158660889 12.0141696929932 12.1483860015869
