data/working_set_collections/6091692-Cassins_Sparrow-M2/1980/tautot_avg.asc
NCOLS 265 
NROWS 230 
XLLCORNER -115.5625 
YLLCORNER 24.8333333333333 
CELLSIZE 0.0833333333333333 
NODATA_value -9999 
[rows 160 to 179 of 230, columns 46 to 91 of 265]
10.6120643615723 10.8026285171509 10.9931926727295 11.1837577819824 11.374321937561 11.5648860931396 11.8210334777832 12.0990419387817 12.377049446106 12.6550579071045 12.933066368103 13.2110738754272 13.4890823364258 13.7058219909668 13.7387580871582 13.7716932296753 13.8046283721924 13.8375635147095 13.8704986572266 13.903434753418 13.9363698959351 13.9333658218384 13.9183826446533 13.9033994674683 13.8884162902832 13.8734331130981 13.8584499359131 13.843466758728 13.8592863082886 13.9675159454346 14.0757446289062 14.1839742660522 14.2922039031982 14.4004325866699 14.5086622238159 14.6168918609619 14.5900497436523 14.5181846618652 14.4463195800781 14.374454498291 14.3025894165039 14.2307233810425 14.1588582992554 14.0708560943604 13.9344396591187 13.7980241775513
10.5258407592773 10.7057065963745 10.8855724334717 11.0654382705688 11.245304107666 11.4251689910889 11.6912565231323 11.9860830307007 12.2809104919434 12.575737953186 12.8705654144287 13.1653928756714 13.4602193832397 13.6897163391113 13.7232217788696 13.7567272186279 13.7902326583862 13.8237380981445 13.8572435379028 13.8907499313354 13.9242553710938 13.9370946884155 13.9430465698242 13.9489984512329 13.9549493789673 13.960901260376 13.9668531417847 13.972804069519 14.010256767273 14.1422128677368 14.2741680145264 14.4061241149902 14.5380792617798 14.6700353622437 14.8019905090332 14.9339466094971 14.9140844345093 14.84361743927 14.7731494903564 14.7026824951172 14.6322145462036 14.5617475509644 14.4912805557251 14.4004354476929 14.2484588623047 14.0964813232422
10.5070352554321 10.6809320449829 10.8548278808594 11.0287237167358 11.2026205062866 11.3765163421631 11.6403722763062 11.93421459198 12.2280578613281 12.521900177002 12.8157434463501 13.1095857620239 13.4034290313721 13.6335287094116 13.672399520874 13.7112703323364 13.7501411437988 13.7890119552612 13.8278827667236 13.866753578186 13.9056243896484 13.9304456710815 13.9505844116211 13.9707231521606 13.9908618927002 14.0110006332397 14.0311393737793 14.0512781143188 14.1042032241821 14.2554912567139 14.4067792892456 14.5580673217773 14.7093553543091 14.8606433868408 15.0119314193726 15.16321849823 15.156063079834 15.0960931777954 15.0361232757568 14.9761524200439 14.9161825180054 14.8562126159668 14.7962427139282 14.7099609375 14.5447435379028 14.3795261383057
10.5556478500366 10.7283039093018 10.9009590148926 11.0736150741577 11.2462711334229 11.4189262390137 11.668381690979 11.9434366226196 12.2184906005859 12.4935455322266 12.7686004638672 13.0436544418335 13.3187093734741 13.5372581481934 13.5862894058228 13.6353206634521 13.6843519210815 13.7333831787109 13.7824144363403 13.8314456939697 13.8804769515991 13.9134187698364 13.9409971237183 13.9685745239258 13.9961528778076 14.0237302780151 14.051308631897 14.0788869857788 14.1411266326904 14.3073530197144 14.473578453064 14.6398048400879 14.8060312271118 14.9722566604614 15.1384830474854 15.3047094345093 15.3159856796265 15.2756128311157 15.2352390289307 15.1948652267456 15.1544923782349 15.1141185760498 15.0737457275391 14.9994316101074 14.8232946395874 14.6471586227417
10.6042604446411 10.7756757736206 10.9470911026001 11.1185064315796 11.2899217605591 11.4613370895386 11.6963911056519 11.952657699585 12.2089242935181 12.4651908874512 12.7214574813843 12.9777240753174 13.2339906692505 13.4409885406494 13.5001802444458 13.5593719482422 13.6185636520386 13.677755355835 13.7369470596313 13.7961387634277 13.8553304672241 13.8963918685913 13.9314088821411 13.9664258956909 14.001443862915 14.0364608764648 14.0714778900146 14.1064958572388 14.1780490875244 14.3592138290405 14.5403776168823 14.7215423583984 14.9027070999146 15.0838708877563 15.2650356292725 15.4461994171143 15.4759082794189 15.4551315307617 15.4343547821045 15.4135780334473 15.39280128479 15.3720254898071 15.3512487411499 15.2889022827148 15.101845741272 14.9147901535034
10.6528720855713 10.8230476379395 10.9932222366333 11.1633968353271 11.3335723876953 11.5037469863892 11.7243995666504 11.9618787765503 12.1993570327759 12.4368352890015 12.6743144989014 12.911792755127 13.1492710113525 13.3447179794312 13.4140701293945 13.4834222793579 13.5527753829956 13.622127532959 13.6914796829224 13.7608318328857 13.8301839828491 13.8793640136719 13.921820640564 13.9642772674561 14.0067338943481 14.0491905212402 14.0916471481323 14.1341037750244 14.2149724960327 14.4110746383667 14.607177734375 14.803279876709 14.999382019043 15.1954851150513 15.3915872573853 15.5876903533936 15.6358308792114 15.634651184082 15.6334705352783 15.6322908401489 15.6311111450195 15.6299314498901 15.6287517547607 15.5783729553223 15.3803977966309 15.1824226379395
10.7014846801758 10.8704195022583 11.0393533706665 11.208288192749 11.3772230148315 11.5461578369141 11.7524089813232 11.9710998535156 12.1897897720337 12.4084806442261 12.6271715164185 12.8458614349365 13.0645523071289 13.2484483718872 13.3279609680176 13.407473564148 13.4869861602783 13.5664987564087 13.6460113525391 13.7255239486694 13.8050365447998 13.8623371124268 13.9122333526611 13.9621295928955 14.0120248794556 14.0619211196899 14.1118173599243 14.1617126464844 14.2518949508667 14.4629364013672 14.6739768981934 14.8850173950195 15.0960578918457 15.3070983886719 15.5181398391724 15.7291803359985 15.7957534790039 15.814169883728 15.8325872421265 15.8510036468506 15.869421005249 15.8878374099731 15.9062547683716 15.8678436279297 15.6589488983154 15.4500541687012
10.750096321106 10.9177913665771 11.085485458374 11.2531795501709 11.4208736419678 11.5885677337646 11.7804183959961 11.980320930481 12.1802234649658 12.3801259994507 12.5800285339355 12.7799301147461 12.979832649231 13.1521778106689 13.2418508529663 13.331524848938 13.4211978912354 13.5108709335327 13.6005439758301 13.6902170181274 13.7798900604248 13.8453102111816 13.902645111084 13.9599809646606 14.017315864563 14.0746517181396 14.131986618042 14.1893215179443 14.288818359375 14.5147972106934 14.7407760620117 14.9667549133301 15.1927337646484 15.4187126159668 15.6446914672852 15.8706703186035 15.9556751251221 15.9936895370483 16.031702041626 16.0697174072266 16.1077308654785 16.1457443237305 16.1837577819824 16.1573143005371 15.9375 15.7176856994629
10.6726522445679 10.8420686721802 11.0114860534668 11.1809024810791 11.3503189086914 11.519736289978 11.7006196975708 11.885326385498 12.0700330734253 12.2547397613525 12.4394464492798 12.624153137207 12.8088598251343 12.9726505279541 13.073694229126 13.1747379302979 13.2757816314697 13.3768243789673 13.4778680801392 13.578911781311 13.6799554824829 13.7527723312378 13.816180229187 13.8795881271362 13.9429960250854 14.0064039230347 14.0698118209839 14.1332197189331 14.240797996521 14.4808912277222 14.720983505249 14.9610757827759 15.2011680603027 15.4412603378296 15.6813526153564 15.9214448928833 16.0262985229492 16.0860729217529 16.1458473205566 16.2056217193604 16.2653942108154 16.3251686096191 16.3849430084229 16.3760814666748 16.1613101959229 15.9465398788452
10.4691505432129 10.643253326416 10.8173551559448 10.9914569854736 11.1655588150024 11.3396615982056 11.5130138397217 11.6861171722412 11.8592205047607 12.0323238372803 12.2054271697998 12.3785305023193 12.5516328811646 12.7098665237427 12.8234901428223 12.9371137619019 13.0507373809814 13.164361000061 13.2779846191406 13.3916082382202 13.5052318572998 13.5847234725952 13.6528367996216 13.720950126648 13.7890644073486 13.857177734375 13.9252920150757 13.993405342102 14.1078357696533 14.3612174987793 14.614598274231 14.8679790496826 15.1213607788086 15.3747415542603 15.6281223297119 15.8815031051636 16.0076217651367 16.0913200378418 16.1750183105469 16.258716583252 16.342414855957 16.4261131286621 16.5098114013672 16.5241432189941 16.330379486084 16.1366157531738
10.2656497955322 10.4444370269775 10.6232242584229 10.8020114898682 10.9807996749878 11.1595869064331 11.3254079818726 11.4869079589844 11.6484079360962 11.8099069595337 11.9714069366455 12.1329069137573 12.2944068908691 12.4470825195312 12.5732860565186 12.6994895935059 12.8256931304932 12.9518976211548 13.0781011581421 13.2043046951294 13.3305082321167 13.4166746139526 13.4894933700562 13.562313079834 13.6351327896118 13.7079524993896 13.7807722091675 13.8535919189453 13.9748735427856 14.2415437698364 14.5082130432129 14.7748832702637 15.0415525436401 15.3082227706909 15.5748920440674 15.8415622711182 15.9889459609985 16.0965690612793 16.2041912078857 16.3118133544922 16.4194355010986 16.5270576477051 16.6346797943115 16.6722068786621 16.4994487762451 16.3266925811768
10.0621480941772 10.2456207275391 10.4290933609009 10.612566947937 10.7960395812988 10.9795122146606 11.1378021240234 11.2876987457275 11.4375944137573 11.5874910354614 11.7373876571655 11.8872833251953 12.0371799468994 12.1842975616455 12.3230819702148 12.4618654251099 12.6006498336792 12.7394332885742 12.8782176971436 13.0170011520386 13.1557855606079 13.2486257553101 13.326150894165 13.40367603302 13.481201171875 13.5587272644043 13.6362524032593 13.7137775421143 13.841911315918 14.1218700408936 14.4018278121948 14.6817865371704 14.961745262146 15.2417039871216 15.5216617584229 15.8016204833984 15.9702701568604 16.1018161773682 16.233362197876 16.3649082183838 16.4964561462402 16.628002166748 16.7595481872559 16.8202705383301 16.6685180664062 16.5167675018311
9.85864734649658 10.0468053817749 10.2349634170532 10.4231214523315 10.6112794876099 10.7994375228882 10.9501962661743 11.0884895324707 11.2267818450928 11.3650751113892 11.5033674240112 11.6416597366333 11.7799530029297 11.9215135574341 12.0728778839111 12.2242412567139 12.3756055831909 12.526969909668 12.678334236145 12.8296976089478 12.9810619354248 13.0805768966675 13.1628074645996 13.2450389862061 13.3272705078125 13.4095010757446 13.4917325973511 13.5739641189575 13.7089490890503 14.0021963119507 14.2954435348511 14.5886907577515 14.8819379806519 15.1751842498779 15.4684314727783 15.7616786956787 15.9515933990479 16.107063293457 16.2625350952148 16.418004989624 16.5734748840332 16.728946685791 16.8844165802002 16.968334197998 16.837589263916 16.706844329834
9.6551456451416 9.84798908233643 10.0408325195312 10.2336759567261 10.4265193939209 10.6193628311157 10.7625904083252 10.8892803192139 11.0159692764282 11.1426582336426 11.2693481445312 11.3960371017456 11.52272605896 11.6587295532227 11.8226737976074 11.9866180419922 12.150562286377 12.3145055770874 12.4784498214722 12.6423940658569 12.8063383102417 12.9125280380249 12.9994649887085 13.0864019393921 13.1733388900757 13.2602758407593 13.3472127914429 13.4341497421265 13.5759868621826 13.8825225830078 14.189058303833 14.4955940246582 14.8021297454834 15.1086654663086 15.4152011871338 15.7217378616333 15.9329175949097 16.1123123168945 16.2917060852051 16.4711017608643 16.6504955291748 16.829891204834 17.0092849731445 17.1163959503174 17.0066585540771 16.8969192504883
9.48128795623779 9.67271327972412 9.86413764953613 10.0555620193481 10.2469863891602 10.4384107589722 10.5797576904297 10.7044115066528 10.829065322876 10.9537200927734 11.0783739089966 11.2030277252197 11.3276815414429 11.4642372131348 11.6364974975586 11.8087568283081 11.9810171127319 12.1532764434814 12.325535774231 12.4977960586548 12.6700553894043 12.7861633300781 12.8835544586182 12.9809455871582 13.0783357620239 13.175726890564 13.273118019104 13.3705081939697 13.5209045410156 13.8303136825562 14.139723777771 14.4491338729858 14.7585430145264 15.0679531097412 15.3773632049561 15.6867723464966 15.9082517623901 16.1004219055176 16.2925910949707 16.4847602844238 16.676929473877 16.8690986633301 17.0612678527832 17.1811542510986 17.0841903686523 16.9872245788574
9.33707523345947 9.52097606658936 9.70487785339355 9.88877868652344 10.0726804733276 10.2565813064575 10.4016971588135 10.5338840484619 10.6660718917847 10.7982587814331 10.9304456710815 11.0626335144043 11.1948204040527 11.338038444519 11.5143489837646 11.6906595230103 11.8669700622559 12.0432806015015 12.2195911407471 12.3959016799927 12.5722122192383 12.7014846801758 12.8150768280029 12.9286699295044 13.0422620773315 13.155855178833 13.2694473266602 13.3830394744873 13.543701171875 13.84557056427 14.147439956665 14.4493083953857 14.7511777877808 15.0530471801758 15.3549156188965 15.6567850112915 15.8775978088379 16.0713939666748 16.2651882171631 16.4589824676514 16.6527786254883 16.8465728759766 17.0403671264648 17.1626071929932 17.070182800293 16.9777584075928
9.19286155700684 9.36923980712891 9.54561805725098 9.72199535369873 9.8983736038208 10.0747518539429 10.2236366271973 10.3633575439453 10.503077507019 10.6427974700928 10.7825183868408 10.9222383499146 11.0619592666626 11.2118396759033 11.3922004699707 11.5725622177124 11.7529239654541 11.9332857131958 12.1136465072632 12.2940082550049 12.4743700027466 12.6168060302734 12.746600151062 12.8763942718506 13.0061883926392 13.1359825134277 13.2657766342163 13.3955707550049 13.5664987564087 13.8608274459839 14.1551551818848 14.44948387146 14.7438125610352 15.038140296936 15.3324689865112 15.6267967224121 15.8469438552856 16.0423641204834 16.2377853393555 16.4332046508789 16.628625869751 16.824047088623 17.0194664001465 17.1440601348877 17.0561771392822 16.9682941436768
9.0486478805542 9.21750259399414 9.38635730743408 9.55521297454834 9.72406768798828 9.89292240142822 10.0455760955811 10.1928300857544 10.3400831222534 10.4873371124268 10.6345901489258 10.7818441390991 10.9290971755981 11.0856409072876 11.2700529098511 11.4544649124146 11.6388778686523 11.8232898712158 12.0077018737793 12.1921148300171 12.3765268325806 12.5321264266968 12.6781225204468 12.8241186141968 12.9701147079468 13.1161108016968 13.2621068954468 13.4081020355225 13.5892963409424 13.8760833740234 14.1628713607788 14.4496593475342 14.7364463806152 15.0232343673706 15.3100214004517 15.596809387207 15.8162899017334 16.0133361816406 16.2103824615479 16.4074287414551 16.6044731140137 16.8015193939209 16.9985656738281 17.1255149841309 17.0421714782715 16.9588279724121
8.90443420410156 9.06576633453369 9.2270975112915 9.38842964172363 9.54976177215576 9.71109294891357 9.86751556396484 10.0223026275635 10.1770887374878 10.3318758010864 10.4866628646851 10.6414489746094 10.796236038208 10.9594411849976 11.1479043960571 11.3363676071167 11.5248308181763 11.7132940292358 11.9017572402954 12.090220451355 12.2786836624146 12.4474477767944 12.6096458435059 12.771842956543 12.9340410232544 13.0962381362915 13.2584362030029 13.42063331604 13.6120939254761 13.8913402557373 14.1705875396729 14.4498338699341 14.7290811538696 15.0083274841309 15.2875747680664 15.5668210983276 15.7856359481812 15.9843072891235 16.1829795837402 16.3816509246826 16.580322265625 16.7789936065674 16.9776649475098 17.1069679260254 17.0281658172607 16.9493637084961
8.76022052764893 8.91402912139893 9.06783771514893 9.22164630889893 9.37545490264893 9.52926349639893 9.68945598602295 9.85177516937256 10.0140953063965 10.1764144897461 10.33873462677 10.5010547637939 10.6633739471436 10.8332424163818 11.0257568359375 11.2182703018188 11.4107847213745 11.6032991409302 11.7958126068115 11.9883270263672 12.1808414459229 12.3627691268921 12.5411682128906 12.7195672988892 12.897967338562 13.0763664245605 13.2547655105591 13.4331645965576 13.6348905563354 13.9065971374512 14.1783027648926 14.4500093460083 14.7217149734497 14.9934215545654 15.2651271820068 15.5368337631226 15.7549819946289 15.9552793502808 16.1555767059326 16.3558731079102 16.5561695098877 16.7564659118652 16.9567642211914 17.0884208679199 17.01416015625 16.9398975372314
