data/working_set_collections/6091692-Cassins_Sparrow-M2/1980/tsat_avg.asc
NCOLS 265 
NROWS 230 
XLLCORNER -115.5625 
YLLCORNER 24.8333333333333 
CELLSIZE 0.0833333333333333 
NODATA_value -9999 
[rows 0 to 19 of 230, columns 46 to 91 of 265]
279.773590087891 279.746612548828 279.719635009766 279.692687988281 279.665710449219 279.638763427734 279.520904541016 279.372741699219 279.224609375 279.076446533203 278.928314208984 278.780151367188 278.632019042969 278.433319091797 278.082977294922 277.732635498047 277.382263183594 277.031921386719 276.681579589844 276.331237792969 275.980895996094 275.718780517578 275.486083984375 275.253387451172 275.020690917969 274.787994384766 274.555297851562 274.322631835938 274.288940429688 274.852355957031 275.415771484375 275.979187011719 276.542572021484 277.105987548828 277.669403076172 278.232818603516 278.625152587891 278.96044921875 279.295776367188 279.631072998047 279.966400146484 280.301696777344 280.637023925781 280.827331542969 280.582672119141 280.338012695312
279.765747070312 279.724914550781 279.684051513672 279.643218994141 279.602355957031 279.5615234375 279.432861328125 279.274963378906 279.117065429688 278.959167480469 278.80126953125 278.643371582031 278.485473632812 278.283111572266 277.947418212891 277.611755371094 277.276062011719 276.940368652344 276.604675292969 276.268981933594 275.933288574219 275.689727783203 275.476837158203 275.263977050781 275.051116943359 274.838226318359 274.625366210938 274.412475585938 274.390472412109 274.941009521484 275.491546630859 276.042083740234 276.592620849609 277.143188476562 277.693725585938 278.244262695312 278.622467041016 278.943237304688 279.263977050781 279.584747314453 279.905487060547 280.226257324219 280.547027587891 280.729431152344 280.496856689453 280.264282226562
279.757934570312 279.703216552734 279.648468017578 279.59375 279.539001464844 279.484283447266 279.344848632812 279.177185058594 279.009552001953 278.841888427734 278.674224853516 278.506561279297 278.338928222656 278.132934570312 277.811889648438 277.490875244141 277.169830322266 276.848815917969 276.527770996094 276.206756591797 275.885711669922 275.660675048828 275.467620849609 275.274566650391 275.081512451172 274.888458251953 274.695404052734 274.502349853516 274.491973876953 275.029632568359 275.567321777344 276.105010986328 276.642669677734 277.180358886719 277.718048095703 278.255706787109 278.619781494141 278.925994873047 279.232208251953 279.538391113281 279.844604492188 280.150817871094 280.457000732422 280.631530761719 280.411041259766 280.190551757812
279.750122070312 279.681488037109 279.612884521484 279.544281005859 279.475646972656 279.407043457031 279.2568359375 279.079406738281 278.902008056641 278.724609375 278.547180175781 278.369781494141 278.1923828125 277.982727050781 277.676361083984 277.369995117188 277.063629150391 276.757263183594 276.450866699219 276.144500732422 275.838134765625 275.631622314453 275.458374023438 275.28515625 275.111907958984 274.938690185547 274.765441894531 274.592193603516 274.593475341797 275.118286132812 275.643096923828 276.167907714844 276.692718505859 277.217559814453 277.742370605469 278.267181396484 278.617126464844 278.908752441406 279.200408935547 279.492065429688 279.78369140625 280.075347900391 280.367004394531 280.533630371094 280.325225830078 280.116821289062
279.742309570312 279.659790039062 279.577301025391 279.494812011719 279.412292480469 279.329803466797 279.168792724609 278.981628417969 278.794464111328 278.607299804688 278.420135498047 278.232971191406 278.045806884766 277.83251953125 277.540802001953 277.249114990234 276.957397460938 276.665679931641 276.373992919922 276.082275390625 275.790557861328 275.602569580078 275.449157714844 275.295745849609 275.142333984375 274.988891601562 274.835479736328 274.682067871094 274.694976806641 275.206939697266 275.718872070312 276.230834960938 276.742797851562 277.254730224609 277.766693115234 278.278625488281 278.614440917969 278.891540527344 279.168609619141 279.445709228516 279.722808837891 279.999908447266 280.277008056641 280.435729980469 280.239410400391 280.043090820312
279.734466552734 279.638092041016 279.541717529297 279.4453125 279.348937988281 279.252563476562 279.080780029297 278.883850097656 278.686950683594 278.490020751953 278.293121337891 278.09619140625 277.899261474609 277.682312011719 277.4052734375 277.128234863281 276.851165771484 276.574127197266 276.297088623047 276.02001953125 275.742980957031 275.573516845703 275.439910888672 275.306335449219 275.172729492188 275.039123535156 274.905517578125 274.771942138672 274.796508789062 275.295593261719 275.794677734375 276.293762207031 276.792846679688 277.291931152344 277.791015625 278.290100097656 278.611755371094 278.874298095703 279.136840820312 279.399383544922 279.661926269531 279.924438476562 280.186981201172 280.337829589844 280.153594970703 279.969360351562
279.689971923828 279.590118408203 279.490264892578 279.390411376953 279.290557861328 279.190704345703 279.011871337891 278.806701660156 278.601531982422 278.396362304688 278.191192626953 277.986022949219 277.780853271484 277.562744140625 277.305847167969 277.048919677734 276.7919921875 276.535095214844 276.278167724609 276.021240234375 275.764343261719 275.608001708984 275.485198974609 275.362365722656 275.239562988281 275.116760253906 274.993957519531 274.871124267578 274.901794433594 275.392883300781 275.883972167969 276.375061035156 276.866149902344 277.357238769531 277.848327636719 278.339416503906 278.646057128906 278.891204833984 279.136352539062 279.381500244141 279.626647949219 279.871795654297 280.116943359375 280.255584716797 280.07470703125 279.893829345703
279.608764648438 279.515869140625 279.422973632812 279.330078125 279.237152099609 279.144256591797 278.962097167969 278.750183105469 278.538269042969 278.326324462891 278.114410400391 277.902496337891 277.690582275391 277.473815917969 277.242492675781 277.011169433594 276.779876708984 276.548553466797 276.317230224609 276.0859375 275.854614257812 275.705993652344 275.5849609375 275.463897705078 275.342834472656 275.221801757812 275.100738525391 274.979705810547 275.010894775391 275.498870849609 275.98681640625 276.474792480469 276.962768554688 277.450714111328 277.938690185547 278.426635742188 278.717315673828 278.942230224609 279.167144775391 279.392059326172 279.616973876953 279.841888427734 280.066802978516 280.188934326172 280.002685546875 279.816436767578
279.527587890625 279.441619873047 279.355682373047 279.269714355469 279.183746337891 279.097808837891 278.912322998047 278.693634033203 278.474975585938 278.256317138672 278.037628173828 277.818969726562 277.600311279297 277.384857177734 277.179168701172 276.973449707031 276.767730712891 276.56201171875 276.356323242188 276.150604248047 275.944885253906 275.803985595703 275.684692382812 275.5654296875 275.446136474609 275.326843261719 275.207550048828 275.088256835938 275.119995117188 275.604827880859 276.089660644531 276.574523925781 277.059356689453 277.544189453125 278.029022216797 278.513854980469 278.788604736328 278.993286132812 279.197967529297 279.402648925781 279.607330322266 279.81201171875 280.016693115234 280.122283935547 279.9306640625 279.739044189453
279.446380615234 279.367370605469 279.288360595703 279.209350585938 279.130340576172 279.051361083984 278.862518310547 278.637115478516 278.411682128906 278.186279296875 277.960845947266 277.735443115234 277.510009765625 277.295928955078 277.115814208984 276.935699462891 276.755615234375 276.575500488281 276.395385742188 276.215270996094 276.03515625 275.902008056641 275.784454345703 275.666931152344 275.549407958984 275.431884765625 275.314331054688 275.196807861328 275.229095458984 275.710815429688 276.192535400391 276.674224853516 277.155944824219 277.637664794922 278.119384765625 278.601104736328 278.85986328125 279.044311523438 279.228759765625 279.413208007812 279.59765625 279.782135009766 279.966583251953 280.0556640625 279.858673095703 279.661682128906
279.365173339844 279.293121337891 279.221069335938 279.149017333984 279.076965332031 279.0048828125 278.812744140625 278.580596923828 278.348419189453 278.116241455078 277.884063720703 277.651916503906 277.419738769531 277.207000732422 277.052490234375 276.897979736328 276.743469238281 276.588958740234 276.434448242188 276.279968261719 276.125457763672 276 275.884216308594 275.768463134766 275.652679443359 275.536926269531 275.421142578125 275.305358886719 275.338195800781 275.816772460938 276.295379638672 276.773956298828 277.252532958984 277.731140136719 278.209716796875 278.688323974609 278.931121826172 279.095336914062 279.259582519531 279.423797607422 279.588012695312 279.752227783203 279.916442871094 279.989013671875 279.786651611328 279.584289550781
279.283996582031 279.218872070312 279.153778076172 279.088653564453 279.023559570312 278.958435058594 278.762969970703 278.524047851562 278.285125732422 278.046203613281 277.807281494141 277.568389892578 277.329467773438 277.118041992188 276.989135742188 276.860229492188 276.731323242188 276.602447509766 276.473541259766 276.344635009766 276.215728759766 276.097991943359 275.983978271484 275.869964599609 275.755950927734 275.641937255859 275.527954101562 275.413940429688 275.447296142578 275.922760009766 276.398223876953 276.873687744141 277.349151611328 277.824615478516 278.300079345703 278.775543212891 279.002380371094 279.146392822266 279.290374755859 279.434356689453 279.578369140625 279.722351074219 279.866333007812 279.922393798828 279.714660644531 279.506896972656
279.2119140625 279.144165039062 279.076416015625 279.008666992188 278.94091796875 278.873168945312 278.673645019531 278.430206298828 278.186767578125 277.943328857422 277.699890136719 277.456420898438 277.212982177734 277.00927734375 276.924835205078 276.840362548828 276.755920410156 276.671447753906 276.586975097656 276.502532958984 276.418060302734 276.312866210938 276.200744628906 276.088653564453 275.976531982422 275.864410400391 275.752319335938 275.640197753906 275.664733886719 276.09912109375 276.533538818359 276.967956542969 277.40234375 277.836761474609 278.271179199219 278.70556640625 278.912078857422 279.042572021484 279.173095703125 279.303588867188 279.434112548828 279.564636230469 279.695129394531 279.745147705078 279.553619384766 279.362121582031
279.148895263672 279.068939208984 278.988983154297 278.909027099609 278.829040527344 278.749084472656 278.544799804688 278.299041748047 278.053314208984 277.807556152344 277.561798095703 277.316070556641 277.0703125 276.880706787109 276.859527587891 276.838348388672 276.817169189453 276.795989990234 276.774810791016 276.753631591797 276.732452392578 276.644592285156 276.534545898438 276.424468994141 276.314392089844 276.204315185547 276.09423828125 275.984191894531 275.990478515625 276.345916748047 276.701324462891 277.056762695312 277.412170410156 277.767608642578 278.123016357422 278.478454589844 278.66015625 278.783935546875 278.90771484375 279.031494140625 279.1552734375 279.279052734375 279.402862548828 279.457275390625 279.303588867188 279.14990234375
279.085906982422 278.993743896484 278.901550292969 278.809356689453 278.717193603516 278.625 278.415924072266 278.167877197266 277.919830322266 277.671783447266 277.423736572266 277.175720214844 276.927673339844 276.752166748047 276.794250488281 276.836364746094 276.878448486328 276.920532226562 276.962646484375 277.004730224609 277.046844482422 276.976348876953 276.868316650391 276.760284423828 276.652252197266 276.544219970703 276.436187744141 276.328155517578 276.316253662109 276.592681884766 276.869110107422 277.145568847656 277.421997070312 277.698455810547 277.974884033203 278.251312255859 278.408233642578 278.525268554688 278.642333984375 278.759399414062 278.87646484375 278.993499755859 279.110565185547 279.169403076172 279.053527832031 278.937683105469
279.022918701172 278.918518066406 278.814117431641 278.709716796875 278.605316162109 278.500915527344 278.287078857422 278.036712646484 277.786376953125 277.536041259766 277.285675048828 277.035339355469 276.785003662109 276.623596191406 276.728973388672 276.834350585938 276.939727783203 277.045104980469 277.150482177734 277.255859375 277.361236572266 277.308074951172 277.202087402344 277.096099853516 276.990112304688 276.884124755859 276.778137207031 276.672149658203 276.641998291016 276.839477539062 277.036926269531 277.234375 277.431823730469 277.629272460938 277.826721191406 278.024200439453 278.156311035156 278.266632080078 278.376953125 278.4873046875 278.597625732422 278.707946777344 278.818298339844 278.881530761719 278.803497314453 278.725463867188
278.959930419922 278.843322753906 278.726684570312 278.610076904297 278.493469238281 278.376831054688 278.158203125 277.905548095703 277.652923583984 277.400268554688 277.147613525391 276.894989013672 276.642333984375 276.495025634766 276.663665771484 276.832336425781 277.0009765625 277.169647216797 277.338317871094 277.506958007812 277.675628662109 277.639831542969 277.535888671875 277.431915283203 277.327972412109 277.224029541016 277.120056152344 277.01611328125 276.9677734375 277.086242675781 277.204711914062 277.323181152344 277.441650390625 277.560119628906 277.678588867188 277.797058105469 277.904388427734 278.007995605469 278.111572265625 278.215179443359 278.318786621094 278.422393798828 278.526000976562 278.593658447266 278.553436279297 278.513244628906
278.896942138672 278.768096923828 278.639251708984 278.510437011719 278.381591796875 278.252746582031 278.029327392578 277.774383544922 277.519439697266 277.264495849609 277.009552001953 276.754608154297 276.499664306641 276.366455078125 276.598388671875 276.830322265625 277.062255859375 277.294189453125 277.526123046875 277.758087158203 277.990020751953 277.971557617188 277.869659423828 277.767730712891 277.665832519531 277.563934326172 277.462005615234 277.360107421875 277.293548583984 277.3330078125 277.372497558594 277.411987304688 277.451477050781 277.490966796875 277.530456542969 277.569915771484 277.652465820312 277.749328613281 277.846221923828 277.943084716797 278.039978027344 278.136840820312 278.233734130859 278.305786132812 278.303405761719 278.301025390625
278.964141845703 278.828002929688 278.69189453125 278.555786132812 278.419647216797 278.283538818359 278.055084228516 277.795837402344 277.536590576172 277.277374267578 277.018127441406 276.758880615234 276.499664306641 276.368774414062 276.622985839844 276.877197265625 277.131439208984 277.385650634766 277.639862060547 277.894073486328 278.148284912109 278.141571044922 278.047882080078 277.954193115234 277.860504150391 277.766815185547 277.673126220703 277.579437255859 277.508758544922 277.507110595703 277.505493164062 277.503845214844 277.502227783203 277.500579833984 277.498962402344 277.497344970703 277.564514160156 277.654632568359 277.744750976562 277.834869384766 277.924957275391 278.015075683594 278.105194091797 278.175933837891 278.188568115234 278.201202392578
279.161499023438 279.023040771484 278.884552001953 278.74609375 278.607635498047 278.469177246094 278.235412597656 277.969879150391 277.704376220703 277.438842773438 277.173309326172 276.907806396484 276.642272949219 276.502014160156 276.737518310547 276.972991943359 277.20849609375 277.444000244141 277.679473876953 277.914978027344 278.150482177734 278.149871826172 278.070587158203 277.991271972656 277.911987304688 277.832702636719 277.753387451172 277.674102783203 277.613403320312 277.608520507812 277.603668212891 277.598785400391 277.593902587891 277.589019775391 277.584136962891 277.579254150391 277.640533447266 277.723846435547 277.807159423828 277.890502929688 277.973815917969 278.05712890625 278.140441894531 278.204132080078 278.208984375 278.213806152344
