data/working_set_collections/6091692-Cassins_Sparrow-M2/1980/tsat_avg.asc
NCOLS 265 
NROWS 230 
XLLCORNER -115.5625 
YLLCORNER 24.8333333333333 
CELLSIZE 0.0833333333333333 
NODATA_value -9999 
[rows 140 to 159 of 230, columns 184 to 229 of 265]
289.161956787109 289.174774169922 289.187591552734 289.219177246094 289.257049560547 289.294891357422 289.332763671875 289.370635986328 289.408508300781 289.446350097656 289.481536865234 289.508605957031 289.535705566406 289.562774658203 289.589874267578 289.616973876953 289.64404296875 289.671142578125 289.707550048828 289.7470703125 289.786590576172 289.826110839844 289.865631103516 289.905181884766 289.944702148438 289.984832763672 290.026885986328 290.068939208984 290.110992431641 290.153045654297 290.195098876953 290.237152099609 290.279205322266 290.303497314453 290.321868896484 290.340240478516 290.358612060547 290.376983642578 290.395355224609 290.413726806641 290.431274414062 290.446411132812 290.461517333984 290.476654052734 290.491760253906 290.506866455078
289.213714599609 289.227416992188 289.241119384766 289.271087646484 289.306488037109 289.341857910156 289.377227783203 289.412628173828 289.447998046875 289.4833984375 289.515838623047 289.539489746094 289.563110351562 289.586761474609 289.610412597656 289.634033203125 289.657684326172 289.681335449219 289.717926025391 289.758880615234 289.7998046875 289.840759277344 289.881683349609 289.922637939453 289.963562011719 290.006378173828 290.054870605469 290.103363037109 290.151824951172 290.200317382812 290.248809814453 290.297271728516 290.345764160156 290.370391845703 290.387054443359 290.403747558594 290.42041015625 290.437103271484 290.453765869141 290.470458984375 290.486999511719 290.503112792969 290.519226074219 290.535339355469 290.551452636719 290.567565917969
289.265441894531 289.280059814453 289.294677734375 289.322998046875 289.355895996094 289.388824462891 289.421722412109 289.454620361328 289.487518310547 289.520416259766 289.550140380859 289.570343017578 289.590515136719 289.610717773438 289.630920410156 289.651123046875 289.671325683594 289.691497802734 289.728332519531 289.770660400391 289.813018798828 289.855377197266 289.897735595703 289.940093994141 289.982421875 290.027923583984 290.082824707031 290.137756347656 290.192657470703 290.24755859375 290.302490234375 290.357391357422 290.412292480469 290.437255859375 290.452239990234 290.467224121094 290.482208251953 290.497192382812 290.512176513672 290.527160644531 290.542694091797 290.559814453125 290.576934814453 290.594055175781 290.611175537109 290.628295898438
289.317169189453 289.332702636719 289.348236083984 289.374938964844 289.405334472656 289.435760498047 289.466186523438 289.496612548828 289.527008056641 289.557434082031 289.584442138672 289.601196289062 289.617950439453 289.634704589844 289.651428222656 289.668182373047 289.684936523438 289.701690673828 289.738708496094 289.782470703125 289.826232910156 289.869995117188 289.913757324219 289.957550048828 290.001312255859 290.049468994141 290.110809326172 290.172149658203 290.233489990234 290.294830322266 290.356170654297 290.417510986328 290.478851318359 290.504150390625 290.517456054688 290.530731201172 290.544006347656 290.557312011719 290.570587158203 290.583892822266 290.598388671875 290.616516113281 290.634613037109 290.652740478516 290.670867919922 290.688995361328
289.381713867188 289.39990234375 289.418090820312 289.444244384766 289.473022460938 289.501800537109 289.530578613281 289.559356689453 289.588134765625 289.616912841797 289.642028808594 289.656097412109 289.670166015625 289.684204101562 289.698272705078 289.712341308594 289.726409912109 289.740478515625 289.776611328125 289.820098876953 289.863555908203 289.907043457031 289.950531005859 289.994018554688 290.037475585938 290.086120605469 290.150299072266 290.214447021484 290.278625488281 290.3427734375 290.406951904297 290.471099853516 290.535278320312 290.561614990234 290.575347900391 290.589080810547 290.602813720703 290.616546630859 290.630279541016 290.644012451172 290.658538818359 290.675506591797 290.692504882812 290.70947265625 290.726440429688 290.743408203125
289.459075927734 289.481689453125 289.504302978516 289.530944824219 289.558929443359 289.5869140625 289.614898681641 289.642883300781 289.670867919922 289.698852539062 289.722869873047 289.735015869141 289.747161865234 289.759307861328 289.771453857422 289.783599853516 289.795715332031 289.807861328125 289.842010498047 289.883514404297 289.925018310547 289.966491699219 290.007995605469 290.049468994141 290.090972900391 290.137939453125 290.201293945312 290.264678955078 290.328063964844 290.391448974609 290.454833984375 290.518188476562 290.581573486328 290.609649658203 290.625946044922 290.642272949219 290.658569335938 290.674896240234 290.691192626953 290.707489013672 290.72314453125 290.736846923828 290.750518798828 290.764190673828 290.777893066406 290.791564941406
289.536437988281 289.5634765625 289.590515136719 289.617645263672 289.644836425781 289.672027587891 289.69921875 289.726409912109 289.753601074219 289.780792236328 289.803741455078 289.813934326172 289.824157714844 289.834381103516 289.844604492188 289.854827880859 289.865051269531 289.875274658203 289.907440185547 289.946929931641 289.986450195312 290.025939941406 290.065460205078 290.104949951172 290.144439697266 290.189727783203 290.252319335938 290.314910888672 290.377502441406 290.440093994141 290.502685546875 290.565277099609 290.627868652344 290.657684326172 290.676574707031 290.695465087891 290.71435546875 290.733245849609 290.752105712891 290.77099609375 290.787780761719 290.798156738281 290.808563232422 290.818939208984 290.829345703125 290.839721679688
289.613800048828 289.645263671875 289.676696777344 289.704376220703 289.730743408203 289.757141113281 289.783538818359 289.809936523438 289.836334228516 289.862701416016 289.884582519531 289.892883300781 289.901184082031 289.909484863281 289.917755126953 289.926055908203 289.934356689453 289.942657470703 289.972869873047 290.010375976562 290.047882080078 290.085388183594 290.122924804688 290.160430908203 290.197937011719 290.241516113281 290.303344726562 290.365142822266 290.426940917969 290.48876953125 290.550567626953 290.612365722656 290.674194335938 290.705718994141 290.727203369141 290.748657226562 290.770111083984 290.791595458984 290.813049316406 290.834503173828 290.852386474609 290.859466552734 290.866577148438 290.873687744141 290.880767822266 290.887878417969
289.691192626953 289.72705078125 289.762908935547 289.791076660156 289.816680908203 289.842254638672 289.867858886719 289.893463134766 289.919036865234 289.944641113281 289.965423583984 289.971801757812 289.978179931641 289.984558105469 289.990936279297 289.997283935547 290.003662109375 290.010040283203 290.038269042969 290.073791503906 290.109313964844 290.144836425781 290.180358886719 290.215881347656 290.251403808594 290.293304443359 290.354339599609 290.415374755859 290.476379394531 290.537414550781 290.598449707031 290.659454345703 290.720489501953 290.753784179688 290.777801513672 290.801849365234 290.825897216797 290.849914550781 290.873962402344 290.898010253906 290.9169921875 290.920806884766 290.924621582031 290.928405761719 290.932220458984 290.93603515625
289.7685546875 289.808837890625 289.84912109375 289.877777099609 289.902587890625 289.927368164062 289.952178955078 289.976989746094 290.001770019531 290.026580810547 290.046295166016 290.050750732422 290.05517578125 290.059631347656 290.064086914062 290.068542480469 290.072998046875 290.077423095703 290.103698730469 290.137237548828 290.170776367188 290.204284667969 290.237823486328 290.271362304688 290.304901123047 290.345123291016 290.405364990234 290.465576171875 290.525817871094 290.586059570312 290.646301269531 290.70654296875 290.766784667969 290.801818847656 290.828430175781 290.855041503906 290.881652832031 290.908264160156 290.934906005859 290.961517333984 290.981597900391 290.982116699219 290.982635498047 290.983154296875 290.983673095703 290.984191894531
289.794494628906 289.836303710938 289.878112792969 289.908966064453 289.936187744141 289.963409423828 289.990631103516 290.017822265625 290.045043945312 290.072265625 290.094482421875 290.101654052734 290.108856201172 290.116058349609 290.123229980469 290.130432128906 290.137634277344 290.144805908203 290.169952392578 290.201049804688 290.232177734375 290.263275146484 290.294403076172 290.325500488281 290.356628417969 290.395080566406 290.455596923828 290.51611328125 290.576629638672 290.637176513672 290.697692871094 290.758209228516 290.818725585938 290.855010986328 290.883178710938 290.911376953125 290.939575195312 290.9677734375 290.995971679688 291.024169921875 291.044860839844 291.043121337891 291.041381835938 291.039642333984 291.037902832031 291.0361328125
289.76904296875 289.809478759766 289.849914550781 289.884643554688 289.91748046875 289.950347900391 289.983184814453 290.016021728516 290.048858642578 290.081695556641 290.109985351562 290.124603271484 290.139190673828 290.15380859375 290.168395996094 290.183013916016 290.197601318359 290.212219238281 290.237060546875 290.265289306641 290.293548583984 290.321807861328 290.350067138672 290.378326416016 290.406585693359 290.443237304688 290.505096435547 290.566955566406 290.628845214844 290.690704345703 290.752563476562 290.814422607422 290.876281738281 290.913330078125 290.942108154297 290.970886230469 290.999664306641 291.028411865234 291.057189941406 291.085968017578 291.106811523438 291.103820800781 291.100830078125 291.097839355469 291.094879150391 291.091888427734
289.743560791016 289.782623291016 289.821716308594 289.860321044922 289.898803710938 289.937255859375 289.975738525391 290.014221191406 290.052673339844 290.091156005859 290.12548828125 290.147521972656 290.169525146484 290.191528320312 290.213562011719 290.235565185547 290.257568359375 290.279602050781 290.304138183594 290.329528808594 290.354949951172 290.380340576172 290.405731201172 290.431121826172 290.45654296875 290.491394042969 290.554595947266 290.617797851562 290.681030273438 290.744232177734 290.807434082031 290.870666503906 290.933868408203 290.9716796875 291.001037597656 291.030364990234 291.059722900391 291.089080810547 291.118408203125 291.147766113281 291.168731689453 291.164520263672 291.160278320312 291.156066894531 291.15185546875 291.147644042969
289.718109130859 289.755798339844 289.793487548828 289.835998535156 289.880096435547 289.924194335938 289.968292236328 290.012390136719 290.056488037109 290.1005859375 290.141021728516 290.170440673828 290.199859619141 290.229278564453 290.258697509766 290.288146972656 290.317565917969 290.346984863281 290.371246337891 290.393768310547 290.416320800781 290.438873291016 290.461395263672 290.483947753906 290.506469726562 290.539520263672 290.604095458984 290.668640136719 290.733215332031 290.797760009766 290.8623046875 290.926879882812 290.991424560547 291.030029296875 291.059936523438 291.089874267578 291.119781494141 291.149719238281 291.179656982422 291.209564208984 291.230651855469 291.225189208984 291.219757080078 291.214294433594 291.208831787109 291.203369140625
289.692626953125 289.728973388672 289.765289306641 289.811676025391 289.861389160156 289.9111328125 289.960845947266 290.010589599609 290.060302734375 290.110015869141 290.156524658203 290.193359375 290.230194091797 290.267028808594 290.303863525391 290.340698242188 290.377532958984 290.414367675781 290.438323974609 290.4580078125 290.477691650391 290.497375488281 290.517059326172 290.536743164062 290.556427001953 290.587677001953 290.653564453125 290.719482421875 290.785400390625 290.851287841797 290.917205810547 290.983093261719 291.049011230469 291.088348388672 291.118865966797 291.149353027344 291.179870605469 291.210357666016 291.240875244141 291.271362304688 291.292572021484 291.285888671875 291.279205322266 291.272491455078 291.265808105469 291.259124755859
289.667144775391 289.702117919922 289.737091064453 289.787353515625 289.842712402344 289.898071289062 289.953399658203 290.008758544922 290.064117431641 290.119476318359 290.172058105469 290.216278076172 290.260528564453 290.304779052734 290.349029541016 290.393280029297 290.4375 290.481750488281 290.505432128906 290.522247314453 290.539093017578 290.555908203125 290.572723388672 290.589569091797 290.606384277344 290.635833740234 290.703063964844 290.770324707031 290.837585449219 290.904815673828 290.972076416016 291.039337158203 291.106567382812 291.146697998047 291.177764892578 291.208862304688 291.239929199219 291.271026611328 291.302093505859 291.333190917969 291.3544921875 291.346588134766 291.338653564453 291.330718994141 291.322784423828 291.314880371094
289.668975830078 289.699981689453 289.730987548828 289.780395507812 289.835906982422 289.891448974609 289.946990966797 290.002532958984 290.058074951172 290.113586425781 290.167449951172 290.216278076172 290.265106201172 290.313934326172 290.362762451172 290.411590576172 290.460418701172 290.509246826172 290.537261962891 290.558349609375 290.579437255859 290.600494384766 290.62158203125 290.642669677734 290.663757324219 290.696441650391 290.764038085938 290.831604003906 290.899169921875 290.966766357422 291.034332275391 291.101928710938 291.169494628906 291.208587646484 291.238220214844 291.267822265625 291.297454833984 291.327056884766 291.356689453125 291.386291503906 291.406646728516 291.399139404297 291.391662597656 291.384185791016 291.376678466797 291.369201660156
289.698089599609 289.722503662109 289.746948242188 289.790771484375 289.841033935547 289.891326904297 289.941589355469 289.991851806641 290.042144775391 290.092407226562 290.142761230469 290.193359375 290.243927001953 290.294525146484 290.345123291016 290.395690917969 290.4462890625 290.496856689453 290.533843994141 290.566284179688 290.598724365234 290.631164550781 290.663604736328 290.696075439453 290.728515625 290.769561767578 290.836456298828 290.9033203125 290.97021484375 291.037109375 291.103973388672 291.170867919922 291.237762451172 291.274047851562 291.300170898438 291.326293945312 291.352416992188 291.378509521484 291.404632568359 291.430755615234 291.449005126953 291.443603515625 291.438232421875 291.432861328125 291.427459716797 291.422088623047
289.727172851562 289.745056152344 289.762908935547 289.801147460938 289.846160888672 289.891174316406 289.936187744141 289.981201171875 290.026214599609 290.071228027344 290.118072509766 290.170440673828 290.222778320312 290.275115966797 290.327453613281 290.379791259766 290.43212890625 290.484466552734 290.530395507812 290.57421875 290.618041992188 290.661834716797 290.705657958984 290.749450683594 290.793273925781 290.842681884766 290.908874511719 290.975036621094 291.041229248047 291.107421875 291.173614501953 291.239807128906 291.305999755859 291.339508056641 291.362121582031 291.384735107422 291.407348632812 291.429962158203 291.452575683594 291.475189208984 291.491333007812 291.488067626953 291.484802246094 291.481536865234 291.478240966797 291.474975585938
289.756286621094 289.767578125 289.778869628906 289.8115234375 289.851257324219 289.891021728516 289.930786132812 289.970550537109 290.010314941406 290.050048828125 290.093383789062 290.147491455078 290.201599121094 290.255676269531 290.309783935547 290.363891601562 290.41796875 290.472076416016 290.526977539062 290.582153320312 290.637329101562 290.692504882812 290.747680664062 290.802856445312 290.858032226562 290.915771484375 290.981262207031 291.046783447266 291.112274169922 291.177764892578 291.243255615234 291.308776855469 291.374267578125 291.404968261719 291.424102783203 291.443206787109 291.462310791016 291.481414794922 291.500549316406 291.519653320312 291.53369140625 291.532531738281 291.531372070312 291.530212402344 291.529022216797 291.527862548828
