data/working_set_collections/6091692-Cassins_Sparrow-M2/1980/tsat_avg.asc
NCOLS 265 
NROWS 230 
XLLCORNER -115.5625 
YLLCORNER 24.8333333333333 
CELLSIZE 0.0833333333333333 
NODATA_value -9999 
[rows 200 to 219 of 230, columns 92 to 137 of 265]
286.831665039062 286.321380615234 285.811096191406 285.300811767578 284.790557861328 284.728210449219 284.815185546875 284.902160644531 284.989135742188 285.076141357422 285.163116455078 285.250091552734 285.408325195312 285.780364990234 286.152374267578 286.5244140625 286.896423339844 287.268432617188 287.640472412109 288.012481689453 288.251922607422 288.447174072266 288.642425537109 288.837677001953 289.032928466797 289.228179931641 289.423400878906 289.591033935547 289.67578125 289.760528564453 289.845275878906 289.930023193359 290.014770507812 290.099517822266 290.184265136719 290.189453125 290.168090820312 290.146697998047 290.125335693359 290.103973388672 290.082611083984 290.061248779297 290.066741943359 290.152709960938 290.238677978516 290.324645996094
287.325439453125 286.785522460938 286.24560546875 285.705688476562 285.165771484375 285.040618896484 285.0537109375 285.066833496094 285.079956054688 285.093048095703 285.106170654297 285.119262695312 285.222473144531 285.596008300781 285.969543457031 286.343048095703 286.716583251953 287.090118408203 287.463623046875 287.837158203125 288.072692871094 288.26220703125 288.451721191406 288.641235351562 288.830749511719 289.020263671875 289.209808349609 289.378936767578 289.486968994141 289.595001220703 289.703033447266 289.811065673828 289.919097900391 290.027130126953 290.135162353516 290.162872314453 290.163757324219 290.164672851562 290.165557861328 290.166473388672 290.167358398438 290.168273925781 290.193054199219 290.28955078125 290.386016845703 290.482513427734
287.819213867188 287.249664306641 286.680084228516 286.110534667969 285.540985107422 285.35302734375 285.292266845703 285.231506347656 285.170715332031 285.109985351562 285.049194335938 284.988464355469 285.03662109375 285.411651611328 285.786682128906 286.161712646484 286.536743164062 286.911773681641 287.286804199219 287.661834716797 287.893432617188 288.077239990234 288.261016845703 288.444793701172 288.628601074219 288.812377929688 288.996185302734 289.166839599609 289.298156738281 289.429473876953 289.560791015625 289.692108154297 289.823425292969 289.954742431641 290.086059570312 290.136291503906 290.159454345703 290.1826171875 290.205780029297 290.228942871094 290.252105712891 290.275268554688 290.319366455078 290.426361083984 290.533355712891 290.640350341797
288.31298828125 287.713775634766 287.114593505859 286.515380859375 285.916198730469 285.665405273438 285.530792236328 285.396148681641 285.261535644531 285.126892089844 284.992248535156 284.857635498047 284.850799560547 285.227325439453 285.603851318359 285.980377197266 286.356903076172 286.733459472656 287.109985351562 287.486511230469 287.714172363281 287.892242431641 288.0703125 288.248382568359 288.426452636719 288.6044921875 288.782562255859 288.954772949219 289.109375 289.263977050781 289.418579101562 289.573181152344 289.727783203125 289.882385253906 290.036987304688 290.109710693359 290.155120849609 290.200561523438 290.245971679688 290.291412353516 290.336822509766 290.382263183594 290.445709228516 290.563201904297 290.680725097656 290.798217773438
288.771209716797 288.151947021484 287.532653808594 286.913360595703 286.294097900391 285.987182617188 285.784362792969 285.58154296875 285.378753662109 285.175933837891 284.97314453125 284.770324707031 284.705627441406 285.055145263672 285.404693603516 285.754241943359 286.103790283203 286.453308105469 286.802856445312 287.152404785156 287.385925292969 287.580749511719 287.775573730469 287.970428466797 288.165252685547 288.360107421875 288.554931640625 288.744476318359 288.918121337891 289.091766357422 289.265411376953 289.439056396484 289.612701416016 289.786346435547 289.959991455078 290.054412841797 290.122406005859 290.1904296875 290.258422851562 290.326416015625 290.394439697266 290.462432861328 290.543579101562 290.664184570312 290.784790039062 290.905395507812
289.193878173828 288.564086914062 287.934295654297 287.304504394531 286.674682617188 286.318267822266 286.052978515625 285.787719726562 285.522430419922 285.257141113281 284.991851806641 284.7265625 284.601104736328 284.895172119141 285.189208984375 285.483276367188 285.77734375 286.071380615234 286.365447998047 286.659515380859 286.908599853516 287.142730712891 287.376831054688 287.610961914062 287.845062255859 288.079193115234 288.313293457031 288.536010742188 288.724456787109 288.912902832031 289.101348876953 289.289794921875 289.478271484375 289.666717529297 289.855163574219 289.970428466797 290.061340332031 290.152221679688 290.243103027344 290.333984375 290.424896240234 290.515777587891 290.613006591797 290.729309082031 290.845581054688 290.961853027344
289.616577148438 288.976257324219 288.3359375 287.695617675781 287.055297851562 286.649383544922 286.321624755859 285.993865966797 285.666076660156 285.338317871094 285.010559082031 284.682800292969 284.496612548828 284.735168457031 284.973754882812 285.212341308594 285.450897216797 285.689483642578 285.928039550781 286.166625976562 286.431304931641 286.704711914062 286.978088378906 287.251495361328 287.524871826172 287.798278808594 288.071655273438 288.327514648438 288.53076171875 288.734039306641 288.937286376953 289.140533447266 289.343811035156 289.547058105469 289.750305175781 289.886474609375 290.000244140625 290.114013671875 290.227783203125 290.341552734375 290.455352783203 290.569122314453 290.682434082031 290.794403076172 290.906372070312 291.018341064453
290.039245605469 289.388397216797 288.737579345703 288.086730957031 287.435882568359 286.980499267578 286.590240478516 286.200012207031 285.809753417969 285.419525146484 285.029266357422 284.639007568359 284.39208984375 284.5751953125 284.758270263672 284.941375732422 285.124450683594 285.307556152344 285.490631103516 285.673736572266 285.954010009766 286.266662597656 286.579345703125 286.891998291016 287.204681396484 287.517333984375 287.830017089844 288.119018554688 288.337097167969 288.555145263672 288.773223876953 288.991302490234 289.209350585938 289.427429199219 289.645477294922 289.802490234375 289.939147949219 290.075805664062 290.212463378906 290.34912109375 290.485778808594 290.622467041016 290.751861572266 290.859527587891 290.967163085938 291.074829101562
290.4619140625 289.800567626953 289.139190673828 288.477844238281 287.816497802734 287.311614990234 286.85888671875 286.406158447266 285.953430175781 285.500701904297 285.047973632812 284.595245361328 284.28759765625 284.415191650391 284.542816162109 284.67041015625 284.798034667969 284.925628662109 285.05322265625 285.180847167969 285.476715087891 285.828643798828 286.180603027344 286.532531738281 286.884490966797 287.236419677734 287.58837890625 287.910552978516 288.143432617188 288.376281738281 288.609161376953 288.842041015625 289.074890136719 289.307769775391 289.540649414062 289.718505859375 289.878051757812 290.03759765625 290.197143554688 290.356689453125 290.516235351562 290.67578125 290.8212890625 290.924621582031 291.027984619141 291.131317138672
290.884582519531 290.212707519531 289.540832519531 288.868957519531 288.197082519531 287.642730712891 287.127502441406 286.6123046875 286.097106933594 285.581878662109 285.066680908203 284.551483154297 284.18310546875 284.255218505859 284.327331542969 284.399475097656 284.471588134766 284.543701171875 284.615844726562 284.687957763672 284.999389648438 285.390625 285.781860351562 286.173065185547 286.564300537109 286.955505371094 287.346740722656 287.702056884766 287.949737548828 288.197418212891 288.445098876953 288.692779541016 288.9404296875 289.188110351562 289.435791015625 289.634552001953 289.816986083984 289.999389648438 290.181823730469 290.3642578125 290.546691894531 290.729125976562 290.890716552734 290.98974609375 291.088775634766 291.187805175781
291.286987304688 290.616119384766 289.945281982422 289.274444580078 288.603607177734 288.007659912109 287.436645507812 286.865631103516 286.294616699219 285.723602294922 285.152587890625 284.581573486328 284.160247802734 284.187927246094 284.215606689453 284.243255615234 284.270935058594 284.298614501953 284.326293945312 284.353973388672 284.675964355469 285.096038818359 285.516143798828 285.936248779297 286.356323242188 286.776428222656 287.196533203125 287.574676513672 287.826995849609 288.079315185547 288.331634521484 288.583953857422 288.836273193359 289.088592529297 289.340911865234 289.544982910156 289.732971191406 289.920989990234 290.108978271484 290.296966552734 290.484954833984 290.672943115234 290.840972900391 290.949066162109 291.057189941406 291.165283203125
291.669097900391 291.010833740234 290.352569580078 289.694305419922 289.036041259766 288.406402587891 287.786254882812 287.166107177734 286.545989990234 285.925842285156 285.305725097656 284.685577392578 284.219055175781 284.213317871094 284.207580566406 284.201843261719 284.196105957031 284.190368652344 284.184631347656 284.178894042969 284.506378173828 284.944915771484 285.383483886719 285.822052001953 286.260620117188 286.699157714844 287.137725830078 287.528350830078 287.775146484375 288.02197265625 288.268768310547 288.515594482422 288.762390136719 289.009185791016 289.256011962891 289.449859619141 289.626098632812 289.802337646484 289.978546142578 290.15478515625 290.331024169922 290.507232666016 290.672058105469 290.802642822266 290.933227539062 291.063812255859
292.051177978516 291.405517578125 290.759857177734 290.114166259766 289.468505859375 288.805145263672 288.135864257812 287.466613769531 286.79736328125 286.128112792969 285.458831787109 284.789581298828 284.277862548828 284.238708496094 284.199554443359 284.160400390625 284.121246337891 284.082092285156 284.042938232422 284.003784179688 284.336761474609 284.793792724609 285.250823974609 285.707855224609 286.164886474609 286.621917724609 287.078948974609 287.482025146484 287.723327636719 287.964630126953 288.205902099609 288.447204589844 288.688507080078 288.929779052734 289.171081542969 289.354766845703 289.519226074219 289.683685302734 289.84814453125 290.012603759766 290.177062988281 290.341522216797 290.503143310547 290.656219482422 290.809295654297 290.962341308594
292.433288574219 291.800201416016 291.167114257812 290.534027099609 289.900939941406 289.203887939453 288.485504150391 287.767120361328 287.048736572266 286.330352783203 285.611968994141 284.893585205078 284.336639404297 284.264099121094 284.191528320312 284.118957519531 284.04638671875 283.973815917969 283.901275634766 283.828704833984 284.167175292969 284.642669677734 285.1181640625 285.593658447266 286.069152832031 286.544647216797 287.020141601562 287.435729980469 287.671508789062 287.907287597656 288.14306640625 288.378845214844 288.614624023438 288.850402832031 289.086181640625 289.259643554688 289.412322998047 289.565032958984 289.717742919922 289.870422363281 290.023132324219 290.175811767578 290.334228515625 290.509765625 290.685333251953 290.860870361328
292.815399169922 292.194885253906 291.574401855469 290.953887939453 290.333374023438 289.602630615234 288.835113525391 288.067596435547 287.300109863281 286.532592773438 285.765075683594 284.997589111328 284.395446777344 284.289459228516 284.183502197266 284.077514648438 283.971557617188 283.865570068359 283.759582519531 283.653625488281 283.997589111328 284.491546630859 284.985504150391 285.4794921875 285.973449707031 286.467407226562 286.961364746094 287.389404296875 287.619659423828 287.849945068359 288.080200195312 288.310455322266 288.540740966797 288.77099609375 289.001251220703 289.164520263672 289.305450439453 289.446380615234 289.587310791016 289.728240966797 289.869171142578 290.010101318359 290.165313720703 290.363342285156 290.561370849609 290.759399414062
293.197509765625 292.589599609375 291.981658935547 291.373748779297 290.765808105469 290.001373291016 289.184722900391 288.368103027344 287.551483154297 286.734832763672 285.918212890625 285.1015625 284.454254150391 284.314849853516 284.175476074219 284.036071777344 283.896697998047 283.757293701172 283.617919921875 283.478515625 283.828002929688 284.340423583984 284.852874755859 285.365295410156 285.877716064453 286.39013671875 286.902587890625 287.343078613281 287.567840576172 287.792602539062 288.017333984375 288.242095947266 288.466827392578 288.691589355469 288.916351318359 289.069396972656 289.198577880859 289.327728271484 289.456909179688 289.586059570312 289.715240478516 289.844390869141 289.996398925781 290.216918945312 290.437408447266 290.657928466797
293.588226318359 293.008026123047 292.427795410156 291.847595214844 291.267364501953 290.491180419922 289.649627685547 288.80810546875 287.966583251953 287.125061035156 286.283508300781 285.441986083984 284.764953613281 284.581420898438 284.397857666016 284.214324951172 284.03076171875 283.847229003906 283.663665771484 283.480133056641 283.809814453125 284.310546875 284.811279296875 285.31201171875 285.812774658203 286.313507080078 286.814239501953 287.248046875 287.481079101562 287.714080810547 287.947082519531 288.180084228516 288.4130859375 288.646087646484 288.879089355469 289.029449462891 289.152221679688 289.274993896484 289.397766113281 289.520538330078 289.643310546875 289.766082763672 289.915832519531 290.146453857422 290.377105712891 290.607757568359
293.987548828125 293.450164794922 292.912780761719 292.375396728516 291.838012695312 291.072021484375 290.229827880859 289.387634277344 288.545440673828 287.703216552734 286.861022949219 286.018829345703 285.327545166016 285.089111328125 284.850677490234 284.612213134766 284.373779296875 284.135314941406 283.896881103516 283.658416748047 283.942993164062 284.401885986328 284.860778808594 285.319671630859 285.778594970703 286.237487792969 286.696380615234 287.104309082031 287.359344482422 287.614379882812 287.869415283203 288.124450683594 288.379486083984 288.634521484375 288.889556884766 289.044616699219 289.166381835938 289.288116455078 289.409881591797 289.531646728516 289.653411865234 289.775146484375 289.923583984375 290.152008056641 290.380462646484 290.60888671875
294.386871337891 293.892303466797 293.397766113281 292.903228759766 292.40869140625 291.652893066406 290.810028076172 289.967132568359 289.124267578125 288.281402587891 287.438537597656 286.595642089844 285.890167236328 285.596801757812 285.303466796875 285.010131835938 284.716766357422 284.423431396484 284.130065917969 283.836730957031 284.076171875 284.493225097656 284.910278320312 285.327331542969 285.744415283203 286.161468505859 286.578521728516 286.960571289062 287.237640380859 287.514678955078 287.791748046875 288.068817138672 288.345855712891 288.622924804688 288.899993896484 289.059814453125 289.180541992188 289.30126953125 289.422027587891 289.542755126953 289.663482666016 289.784240722656 289.931335449219 290.157562255859 290.3837890625 290.610015869141
294.786163330078 294.33447265625 293.882751464844 293.431060791016 292.979339599609 292.233764648438 291.390197753906 290.546661376953 289.703125 288.859588623047 288.016021728516 287.172485351562 286.452758789062 286.104522705078 285.756256103516 285.408020019531 285.059753417969 284.711517333984 284.36328125 284.015014648438 284.209381103516 284.584594726562 284.959808349609 285.334991455078 285.710205078125 286.085418701172 286.460632324219 286.816833496094 287.115905761719 287.415008544922 287.714080810547 288.013153076172 288.312255859375 288.611328125 288.910430908203 289.074981689453 289.194702148438 289.314422607422 289.434143066406 289.553863525391 289.673583984375 289.793304443359 289.939086914062 290.163116455078 290.387115478516 290.611145019531
