data/working_set_collections/6091692-Cassins_Sparrow-M2/1980/tsurf_avg.asc
NCOLS 265 
NROWS 230 
XLLCORNER -115.5625 
YLLCORNER 24.8333333333333 
CELLSIZE 0.0833333333333333 
NODATA_value -9999 
[rows 160 to 179 of 230, columns 184 to 229 of 265]
292.103759765625 292.079772949219 292.055786132812 292.056732177734 292.065979003906 292.075225830078 292.084503173828 292.09375 292.10302734375 292.112274169922 292.128448486328 292.165283203125 292.202117919922 292.238952636719 292.275787353516 292.312622070312 292.349456787109 292.386291503906 292.441986083984 292.503967285156 292.565948486328 292.6279296875 292.68994140625 292.751922607422 292.813903808594 292.869934082031 292.908142089844 292.946380615234 292.984588623047 293.022796630859 293.061004638672 293.099212646484 293.137451171875 293.138488769531 293.127166748047 293.115844726562 293.1044921875 293.093170166016 293.081848144531 293.070495605469 293.050048828125 293.002136230469 292.954223632812 292.906311035156 292.8583984375 292.810485839844
292.132507324219 292.101379394531 292.070251464844 292.064880371094 292.068084716797 292.071258544922 292.074462890625 292.077667236328 292.080871582031 292.084075927734 292.096099853516 292.134552001953 292.173004150391 292.211486816406 292.249938964844 292.288391113281 292.326873779297 292.365325927734 292.430877685547 292.505462646484 292.580047607422 292.654632568359 292.729217529297 292.803802490234 292.878387451172 292.943450927734 292.97998046875 293.016540527344 293.053070068359 293.089630126953 293.126159667969 293.162689208984 293.199249267578 293.197357177734 293.182678222656 293.167999267578 293.153289794922 293.138610839844 293.123931884766 293.109252929688 293.086120605469 293.037719726562 292.989318847656 292.94091796875 292.892486572266 292.844085693359
292.171875 292.131195068359 292.090545654297 292.079803466797 292.078979492188 292.078186035156 292.077392578125 292.076599121094 292.075805664062 292.074981689453 292.084289550781 292.123840332031 292.163421630859 292.203002929688 292.242553710938 292.282135009766 292.321716308594 292.361267089844 292.433715820312 292.51708984375 292.600463867188 292.683837890625 292.767211914062 292.8505859375 292.933959960938 293.005645751953 293.042266845703 293.078857421875 293.115478515625 293.152069091797 293.188690185547 293.225280761719 293.261901855469 293.257690429688 293.239898681641 293.222106933594 293.204284667969 293.186492919922 293.168670654297 293.15087890625 293.125518798828 293.077392578125 293.029296875 292.981201171875 292.933074951172 292.884979248047
292.221801757812 292.169219970703 292.116668701172 292.101470947266 292.098724365234 292.096008300781 292.09326171875 292.090515136719 292.087768554688 292.085021972656 292.093017578125 292.133178710938 292.17333984375 292.213500976562 292.253692626953 292.293853759766 292.334014892578 292.374176025391 292.450500488281 292.538848876953 292.627197265625 292.715576171875 292.803924560547 292.892303466797 292.980651855469 293.056518554688 293.094940185547 293.133331298828 293.171752929688 293.210174560547 293.248565673828 293.286987304688 293.325408935547 293.319488525391 293.298828125 293.278137207031 293.257476806641 293.236785888672 293.216094970703 293.195434570312 293.168182373047 293.121154785156 293.074157714844 293.027130126953 292.980133056641 292.93310546875
292.271728515625 292.207244873047 292.142791748047 292.123168945312 292.118469238281 292.113800048828 292.109130859375 292.104431152344 292.099761962891 292.095062255859 292.101745605469 292.142517089844 292.183258056641 292.224029541016 292.264801025391 292.305541992188 292.346313476562 292.387054443359 292.467254638672 292.560607910156 292.653961181641 292.747314453125 292.840637207031 292.933990478516 293.02734375 293.107391357422 293.147613525391 293.187835693359 293.22802734375 293.268249511719 293.308471679688 293.348693847656 293.388885498047 293.381286621094 293.357727050781 293.334197998047 293.310638427734 293.287078857422 293.263519287109 293.239990234375 293.210845947266 293.164916992188 293.119018554688 293.073089599609 293.027191162109 292.981262207031
292.321655273438 292.245300292969 292.168914794922 292.144836425781 292.138214111328 292.131591796875 292.124969482422 292.118347167969 292.111724853516 292.105102539062 292.110473632812 292.15185546875 292.193206787109 292.234558105469 292.275909423828 292.317260742188 292.358612060547 292.399963378906 292.484039306641 292.582366943359 292.680694580078 292.779022216797 292.877349853516 292.975708007812 293.074035644531 293.158264160156 293.200286865234 293.242309570312 293.284332275391 293.326354980469 293.368347167969 293.410369873047 293.452392578125 293.443084716797 293.416656494141 293.390228271484 293.363800048828 293.337371826172 293.310943603516 293.284545898438 293.253509521484 293.208679199219 293.163879394531 293.119049072266 293.07421875 293.029418945312
292.37158203125 292.283325195312 292.195037841797 292.166534423828 292.157958984375 292.1494140625 292.140838623047 292.132293701172 292.123718261719 292.115142822266 292.119232177734 292.161163330078 292.203125 292.245056152344 292.287017822266 292.328948974609 292.370910644531 292.412841796875 292.500823974609 292.604125976562 292.707458496094 292.810760498047 292.914093017578 293.017395019531 293.120697021484 293.209136962891 293.252960205078 293.296783447266 293.340606689453 293.384429931641 293.428253173828 293.472076416016 293.515899658203 293.5048828125 293.4755859375 293.4462890625 293.4169921875 293.387664794922 293.358367919922 293.329071044922 293.296173095703 293.25244140625 293.208740234375 293.165008544922 293.121276855469 293.077545166016
292.421539306641 292.321350097656 292.221160888672 292.188232421875 292.177703857422 292.167205810547 292.156707763672 292.146209716797 292.135711669922 292.125183105469 292.127960205078 292.170501708984 292.213043212891 292.255584716797 292.298126220703 292.340667724609 292.383209228516 292.425750732422 292.517608642578 292.625915527344 292.734191894531 292.842498779297 292.950805664062 293.059112548828 293.167388916016 293.260040283203 293.3056640625 293.351287841797 293.396911621094 293.442535400391 293.488159179688 293.533782958984 293.579406738281 293.566680908203 293.534484863281 293.502319335938 293.470153808594 293.43798828125 293.405792236328 293.373626708984 293.338836669922 293.296203613281 293.253570556641 293.210968017578 293.168334960938 293.125701904297
292.575714111328 292.470062255859 292.364410400391 292.328857421875 292.316680908203 292.304504394531 292.292327880859 292.280151367188 292.267974853516 292.255767822266 292.256774902344 292.297210693359 292.337646484375 292.378112792969 292.418548583984 292.459014892578 292.499450683594 292.539886474609 292.628479003906 292.733123779297 292.837768554688 292.9423828125 293.047027587891 293.151672363281 293.256286621094 293.345825195312 293.390106201172 293.434387207031 293.478637695312 293.522918701172 293.567169189453 293.611450195312 293.655731201172 293.639984130859 293.604278564453 293.568542480469 293.532836914062 293.497100830078 293.461395263672 293.425659179688 293.388702392578 293.348052978516 293.307403564453 293.266754150391 293.22607421875 293.185424804688
292.834167480469 292.729461669922 292.624786376953 292.588409423828 292.574829101562 292.561248779297 292.547668457031 292.534088134766 292.5205078125 292.506896972656 292.505645751953 292.541290283203 292.576965332031 292.612640380859 292.648315429688 292.683990478516 292.719635009766 292.755310058594 292.833465576172 292.92578125 293.018127441406 293.110443115234 293.202758789062 293.295074462891 293.387390136719 293.466583251953 293.50634765625 293.546081542969 293.585845947266 293.625610351562 293.665374755859 293.705139160156 293.744873046875 293.724853515625 293.684906005859 293.644958496094 293.605010986328 293.565063476562 293.525115966797 293.485168457031 293.445770263672 293.407958984375 293.370178222656 293.332366943359 293.294555664062 293.256774902344
293.092590332031 292.988891601562 292.885162353516 292.847991943359 292.8330078125 292.817993164062 292.803009033203 292.788024902344 292.773040771484 292.758026123047 292.754516601562 292.785400390625 292.816284179688 292.84716796875 292.878051757812 292.908935546875 292.939849853516 292.970733642578 293.038452148438 293.118469238281 293.198486328125 293.278472900391 293.358489990234 293.438507080078 293.518493652344 293.587310791016 293.62255859375 293.657806396484 293.693054199219 293.728302001953 293.763549804688 293.798797607422 293.834045410156 293.809722900391 293.765563964844 293.721374511719 293.677215576172 293.633056640625 293.5888671875 293.544708251953 293.502838134766 293.467895507812 293.432952880859 293.397979736328 293.363037109375 293.328094482422
293.351043701172 293.248291015625 293.145538330078 293.107574462891 293.091156005859 293.074768066406 293.058349609375 293.041961669922 293.025573730469 293.009155273438 293.003387451172 293.029510498047 293.055603027344 293.081695556641 293.107818603516 293.133911132812 293.160034179688 293.186126708984 293.243438720703 293.311126708984 293.378814697266 293.446533203125 293.514221191406 293.581909179688 293.649627685547 293.708068847656 293.738800048828 293.76953125 293.800262451172 293.830993652344 293.861724853516 293.892456054688 293.923217773438 293.894592285156 293.84619140625 293.797790527344 293.749420166016 293.701019287109 293.652618408203 293.604217529297 293.559906005859 293.527801513672 293.495727539062 293.463623046875 293.431518554688 293.399444580078
293.609466552734 293.507690429688 293.405914306641 293.367126464844 293.349334716797 293.331512451172 293.313720703125 293.2958984375 293.278106689453 293.260284423828 293.252258300781 293.273590087891 293.294921875 293.316253662109 293.337585449219 293.35888671875 293.380218505859 293.401550292969 293.448425292969 293.503814697266 293.559173583984 293.614562988281 293.669952392578 293.725341796875 293.780731201172 293.828826904297 293.855041503906 293.881256103516 293.907470703125 293.933685302734 293.959930419922 293.986145019531 294.012359619141 293.979461669922 293.926849365234 293.874206542969 293.821594238281 293.768981933594 293.716369628906 293.663726806641 293.616973876953 293.587738037109 293.558471679688 293.529235839844 293.5 293.470764160156
293.867919921875 293.767120361328 293.666320800781 293.626708984375 293.607482910156 293.588256835938 293.569061279297 293.549835205078 293.530639648438 293.511413574219 293.501129150391 293.517700195312 293.534240722656 293.55078125 293.567321777344 293.583862304688 293.600433349609 293.616973876953 293.653411865234 293.696472167969 293.739532470703 293.782623291016 293.82568359375 293.868743896484 293.911834716797 293.949554443359 293.971252441406 293.992980957031 294.014678955078 294.036407470703 294.05810546875 294.079803466797 294.101531982422 294.064331054688 294.007476806641 293.950622558594 293.893798828125 293.836944580078 293.780090332031 293.723266601562 293.674041748047 293.647644042969 293.621246337891 293.594879150391 293.568481445312 293.542083740234
294.123443603516 294.029449462891 293.935455322266 293.895629882812 293.873840332031 293.852081298828 293.830291748047 293.808532714844 293.786743164062 293.764984130859 293.751159667969 293.761260986328 293.771392822266 293.781494140625 293.791595458984 293.801696777344 293.811798095703 293.821899414062 293.849578857422 293.883117675781 293.916656494141 293.9501953125 293.983764648438 294.017303466797 294.050842285156 294.079437255859 294.093231201172 294.107025146484 294.120849609375 294.134643554688 294.1484375 294.162231445312 294.176025390625 294.13671875 294.079681396484 294.022674560547 293.965637207031 293.908630371094 293.851593017578 293.794555664062 293.745452880859 293.720031738281 293.694641113281 293.669250488281 293.643829345703 293.618438720703
294.376037597656 294.294677734375 294.213348388672 294.173889160156 294.148406982422 294.122924804688 294.097442626953 294.071960449219 294.046447753906 294.020965576172 294.002349853516 294.004364013672 294.00634765625 294.008361816406 294.010345458984 294.012359619141 294.014373779297 294.016357421875 294.036956787109 294.063751220703 294.090545654297 294.117340087891 294.144134521484 294.170959472656 294.19775390625 294.218475341797 294.220947265625 294.223449707031 294.225921630859 294.228424072266 294.230926513672 294.2333984375 294.235900878906 294.196655273438 294.143493652344 294.09033203125 294.037170410156 293.983978271484 293.930816650391 293.877655029297 293.831207275391 293.804931640625 293.778625488281 293.752349853516 293.726043701172 293.699768066406
294.628631591797 294.559936523438 294.491241455078 294.452178955078 294.422973632812 294.393768310547 294.364562988281 294.335357666016 294.30615234375 294.276977539062 294.253540039062 294.247436523438 294.241333007812 294.235229492188 294.229125976562 294.223022460938 294.216918945312 294.210815429688 294.224334716797 294.244384765625 294.264434814453 294.284484863281 294.304534912109 294.324584960938 294.344665527344 294.357482910156 294.348663330078 294.33984375 294.331024169922 294.322204589844 294.313385009766 294.304565429688 294.295745849609 294.256561279297 294.207275390625 294.157958984375 294.108673095703 294.059356689453 294.010070800781 293.960754394531 293.9169921875 293.889801025391 293.862640380859 293.83544921875 293.808258056641 293.781097412109
294.881225585938 294.8251953125 294.769165039062 294.730438232422 294.697540283203 294.664611816406 294.631713867188 294.598785400391 294.565887451172 294.532958984375 294.504730224609 294.490509033203 294.476318359375 294.462097167969 294.447906494141 294.433685302734 294.419494628906 294.4052734375 294.411712646484 294.425018310547 294.438323974609 294.451629638672 294.464935302734 294.478240966797 294.491577148438 294.496520996094 294.476379394531 294.456268310547 294.436126708984 294.415985107422 294.395874023438 294.375732421875 294.355621337891 294.316497802734 294.271057128906 294.225616455078 294.18017578125 294.134735107422 294.089294433594 294.043853759766 294.002746582031 293.974700927734 293.946624755859 293.918548583984 293.890472412109 293.862426757812
295.133819580078 295.090454101562 295.047058105469 295.008728027344 294.972106933594 294.935485839844 294.898834228516 294.862213134766 294.825592041016 294.788940429688 294.755889892578 294.733581542969 294.711273193359 294.68896484375 294.666656494141 294.644348144531 294.622039794922 294.599731445312 294.599090576172 294.605651855469 294.612213134766 294.618774414062 294.625335693359 294.631896972656 294.638458251953 294.635528564453 294.604095458984 294.572662353516 294.541229248047 294.509796142578 294.478363037109 294.446899414062 294.415466308594 294.376434326172 294.334838867188 294.293273925781 294.251708984375 294.210113525391 294.168548583984 294.126953125 294.088531494141 294.0595703125 294.030609130859 294.001647949219 293.972717285156 293.943756103516
295.386444091797 295.355682373047 295.324951171875 295.287017822266 295.246673583984 295.206329345703 295.165985107422 295.125640869141 295.085296630859 295.044952392578 295.007080078125 294.976684570312 294.946258544922 294.915863037109 294.885437011719 294.855010986328 294.824615478516 294.794189453125 294.786468505859 294.786285400391 294.786102294922 294.785919189453 294.785736083984 294.785552978516 294.785369873047 294.774566650391 294.731811523438 294.689056396484 294.646331787109 294.603576660156 294.560821533203 294.51806640625 294.475341796875 294.436370849609 294.398651123047 294.360931396484 294.323211669922 294.285491943359 294.247772216797 294.210052490234 294.17431640625 294.144470214844 294.114624023438 294.084777832031 294.054931640625 294.025085449219
