data/working_set_collections/6091692-Cassins_Sparrow-M2/1980/tsurf_avg.asc
NCOLS 265 
NROWS 230 
XLLCORNER -115.5625 
YLLCORNER 24.8333333333333 
CELLSIZE 0.0833333333333333 
NODATA_value -9999 
[rows 180 to 199 of 230, columns 46 to 91 of 265]
297.975402832031 297.958618164062 297.941802978516 297.925018310547 297.908203125 297.891418457031 297.81982421875 297.729949951172 297.640075683594 297.550231933594 297.460357666016 297.370483398438 297.280609130859 297.160949707031 296.951843261719 296.742767333984 296.533660888672 296.324554443359 296.115478515625 295.906372070312 295.697265625 295.506927490234 295.322814941406 295.138702392578 294.95458984375 294.770446777344 294.586334228516 294.402221679688 294.123474121094 293.560729980469 292.997985839844 292.435272216797 291.872528076172 291.309814453125 290.7470703125 290.184326171875 289.579223632812 288.959991455078 288.340728759766 287.721496582031 287.102233886719 286.483001708984 285.86376953125 285.416381835938 285.484680175781 285.552947998047
297.850769042969 297.854156494141 297.857543945312 297.860931396484 297.864318847656 297.867706298828 297.802337646484 297.714019775391 297.625732421875 297.537445068359 297.449127197266 297.36083984375 297.272552490234 297.159759521484 296.973541259766 296.787322998047 296.601104736328 296.414886474609 296.228668212891 296.042419433594 295.856201171875 295.646423339844 295.428771972656 295.211120605469 294.993499755859 294.775848388672 294.558197021484 294.340545654297 294.033264160156 293.45703125 292.880828857422 292.304626464844 291.728393554688 291.152191162109 290.575958251953 289.999755859375 289.407836914062 288.810729980469 288.213592529297 287.616455078125 287.019348144531 286.422210693359 285.825073242188 285.389709472656 285.439636230469 285.489532470703
297.726135253906 297.749694824219 297.773284912109 297.796844482422 297.820404052734 297.843994140625 297.784820556641 297.698120117188 297.611389160156 297.524658203125 297.437927246094 297.351196289062 297.264465332031 297.158569335938 296.995239257812 296.831878662109 296.668548583984 296.505187988281 296.341827392578 296.178497314453 296.01513671875 295.785919189453 295.534759521484 295.283569335938 295.032409667969 294.781219482422 294.530029296875 294.278869628906 293.943054199219 293.353363037109 292.763671875 292.173950195312 291.584259033203 290.994567871094 290.404876708984 289.815155029297 289.236480712891 288.661468505859 288.086456298828 287.511444091797 286.936431884766 286.361419677734 285.786407470703 285.363037109375 285.394592285156 285.426116943359
297.601501464844 297.645263671875 297.688995361328 297.732757568359 297.776519775391 297.820281982422 297.767333984375 297.682189941406 297.597015380859 297.511871337891 297.426696777344 297.341552734375 297.256378173828 297.157409667969 297.016937255859 296.876434326172 296.735961914062 296.595489501953 296.455017089844 296.314544677734 296.174072265625 295.925415039062 295.640716552734 295.356018066406 295.071319580078 294.786590576172 294.501892089844 294.217193603516 293.852874755859 293.249694824219 292.646484375 292.043304443359 291.440124511719 290.836944580078 290.233764648438 289.630584716797 289.065124511719 288.51220703125 287.959320068359 287.406433105469 286.853515625 286.300628662109 285.747741699219 285.336364746094 285.349548339844 285.362731933594
297.476867675781 297.540802001953 297.604736328125 297.668670654297 297.732604980469 297.796569824219 297.749847412109 297.666259765625 297.582672119141 297.499084472656 297.415496826172 297.331909179688 297.248321533203 297.156219482422 297.038604736328 296.921020507812 296.803405761719 296.685791015625 296.568206787109 296.450592041016 296.3330078125 296.064910888672 295.746673583984 295.428436279297 295.110229492188 294.7919921875 294.473754882812 294.155517578125 293.762664794922 293.14599609375 292.529327392578 291.912658691406 291.295989990234 290.679321289062 290.062652587891 289.445983886719 288.893737792969 288.362945556641 287.832183837891 287.301391601562 286.770599365234 286.239837646484 285.709045410156 285.309661865234 285.304504394531 285.29931640625
297.352233886719 297.436340332031 297.520477294922 297.604583740234 297.688720703125 297.772857666016 297.732360839844 297.650329589844 297.568328857422 297.486297607422 297.404266357422 297.322265625 297.240234375 297.155029296875 297.060302734375 296.965576171875 296.870849609375 296.776123046875 296.681396484375 296.586669921875 296.491912841797 296.204406738281 295.852661132812 295.500885009766 295.149139404297 294.79736328125 294.445587158203 294.093841552734 293.672454833984 293.042327880859 292.412170410156 291.782012939453 291.15185546875 290.521697998047 289.891571044922 289.261413574219 288.722381591797 288.213714599609 287.705047607422 287.196380615234 286.687713623047 286.179046630859 285.670379638672 285.282989501953 285.259460449219 285.235931396484
-9999 297.385406494141 297.471313476562 297.557189941406 297.643096923828 297.72900390625 297.701385498047 297.635955810547 297.570526123047 297.505096435547 297.439666748047 297.374237060547 297.308807373047 297.238891601562 297.155426025391 297.071960449219 296.988525390625 296.905059814453 296.821594238281 296.738128662109 296.654693603516 296.358123779297 295.990539550781 295.622955322266 295.25537109375 294.887786865234 294.520202636719 294.152618408203 293.71875 293.085968017578 292.453186035156 291.820404052734 291.187622070312 290.554840087891 289.922058105469 289.289306640625 288.742736816406 288.224945068359 287.707122802734 287.189300537109 286.671508789062 286.153686523438 285.635894775391 285.235931396484 285.189575195312 285.143188476562
-9999 -9999 -9999 297.526489257812 297.595733642578 297.664978027344 297.656951904297 297.623138427734 297.589324951172 297.555511474609 297.521697998047 297.487884521484 297.454071044922 297.407775878906 297.324005126953 297.240203857422 297.156402587891 297.072631835938 296.988830566406 296.905059814453 296.821258544922 296.526031494141 296.160339355469 295.794647216797 295.428955078125 295.063262939453 294.697570800781 294.331878662109 293.901489257812 293.276947021484 292.652404785156 292.02783203125 291.403289794922 290.778747558594 290.154205322266 289.529663085938 288.954864501953 288.396636962891 287.838439941406 287.280212402344 286.722015380859 286.163787841797 285.605590820312 285.168487548828 285.094818115234 285.021148681641
-9999 -9999 -9999 -9999 297.548400878906 297.600982666016 297.612487792969 297.610290527344 297.608093261719 297.605926513672 297.603729248047 297.601531982422 297.599334716797 297.57666015625 297.492553710938 297.408447265625 297.324310302734 297.240203857422 297.156066894531 297.071960449219 296.987823486328 296.693939208984 296.330169677734 295.966369628906 295.602569580078 295.23876953125 294.874969482422 294.511169433594 294.084228515625 293.467926025391 292.851593017578 292.235290527344 291.618957519531 291.002655029297 290.386322021484 289.77001953125 289.1669921875 288.568359375 287.969757080078 287.371124267578 286.772521972656 286.173889160156 285.575286865234 285.10107421875 285.000091552734 284.899139404297
-9999 -9999 -9999 -9999 -9999 297.536987304688 297.568023681641 297.597473144531 297.626892089844 297.656311035156 297.685760498047 297.715179443359 297.744598388672 297.745574951172 297.661102294922 297.57666015625 297.492218017578 297.407775878906 297.323303222656 297.238861083984 297.154418945312 296.861877441406 296.499969482422 296.138061523438 295.776153564453 295.414245605469 295.052337646484 294.6904296875 294.266967773438 293.658905029297 293.050811767578 292.442718505859 291.834655761719 291.2265625 290.618469238281 290.010375976562 289.379089355469 288.740081787109 288.101043701172 287.462036132812 286.822998046875 286.183990478516 285.544982910156 285.033630371094 284.905364990234 284.777099609375
-9999 -9999 -9999 -9999 -9999 -9999 297.523590087891 297.584625244141 297.645690917969 297.706726074219 297.767761230469 297.828826904297 297.889862060547 297.914459228516 297.829681396484 297.744903564453 297.660125732422 297.575317382812 297.490539550781 297.40576171875 297.320983886719 297.02978515625 296.669769287109 296.309753417969 295.949737548828 295.589721679688 295.229705810547 294.869689941406 294.449737548828 293.849884033203 293.250030517578 292.650177001953 292.050323486328 291.450469970703 290.850616455078 290.250762939453 289.591217041016 288.911804199219 288.232360839844 287.552947998047 286.873504638672 286.194091796875 285.514678955078 284.966217041016 284.810638427734 284.655059814453
-9999 -9999 -9999 -9999 -9999 -9999 -9999 297.571807861328 297.664459228516 297.757141113281 297.849792480469 297.942474365234 298.035125732422 298.083343505859 297.998229980469 297.913116455078 297.828002929688 297.742889404297 297.657775878906 297.572662353516 297.487548828125 297.197692871094 296.839569091797 296.4814453125 296.123321533203 295.765197753906 295.407104492188 295.048980712891 294.632476806641 294.040863037109 293.44921875 292.857604980469 292.265991210938 291.674346923828 291.082733154297 290.491119384766 289.803344726562 289.08349609375 288.363677978516 287.643859863281 286.924011230469 286.204193115234 285.484375 284.898773193359 284.715881347656 284.533020019531
-9999 -9999 -9999 -9999 -9999 -9999 -9999 -9999 297.874938964844 297.975372314453 298.075775146484 298.176177978516 298.276611328125 298.329010009766 298.237396240234 298.145782470703 298.054168701172 297.962554931641 297.870971679688 297.779357910156 297.687744140625 297.400848388672 297.048858642578 296.696868896484 296.344879150391 295.992858886719 295.640869140625 295.288879394531 294.879058837891 294.295745849609 293.712463378906 293.129150390625 292.545837402344 291.962524414062 291.379211425781 290.795928955078 290.093536376953 289.351440429688 288.609344482422 287.867248535156 287.125152587891 286.383087158203 285.640991210938 285.03076171875 284.816070556641 284.601379394531
-9999 -9999 -9999 -9999 -9999 -9999 -9999 -9999 -9999 -9999 -9999 -9999 -9999 298.651428222656 298.547149658203 298.44287109375 298.338623046875 298.234344482422 298.130065917969 298.025787353516 297.921508789062 297.639221191406 297.297607421875 296.955963134766 296.614349365234 296.272705078125 295.931091308594 295.589447021484 295.189514160156 294.614593505859 294.039703369141 293.464782714844 292.889892578125 292.314971923828 291.740081787109 291.165161132812 290.461791992188 289.715576171875 288.969360351562 288.223175048828 287.476959228516 286.730743408203 285.984558105469 285.362152099609 285.111145019531 284.860168457031
-9999 -9999 -9999 -9999 -9999 -9999 -9999 -9999 -9999 -9999 -9999 -9999 -9999 298.973846435547 298.856903076172 298.739990234375 298.623046875 298.506103515625 298.38916015625 298.272247314453 298.155303955078 297.877624511719 297.546356201172 297.215087890625 296.883819580078 296.552551269531 296.221282958984 295.890014648438 295.499938964844 294.933441162109 294.366943359375 293.800415039062 293.233917236328 292.667419433594 292.100921630859 291.534423828125 290.830047607422 290.079711914062 289.329406738281 288.579071044922 287.828765869141 287.078430175781 286.328125 285.693542480469 285.40625 285.118927001953
-9999 -9999 -9999 -9999 -9999 -9999 -9999 -9999 -9999 -9999 -9999 -9999 -9999 299.296264648438 299.166687011719 299.037078857422 298.907470703125 298.777893066406 298.648284912109 298.518676757812 298.389099121094 298.115997314453 297.795104980469 297.474212646484 297.153289794922 296.832397460938 296.511474609375 296.190582275391 295.810363769531 295.252258300781 294.694183349609 294.136077880859 293.577972412109 293.019866943359 292.461761474609 291.903656005859 291.198303222656 290.443878173828 289.689422607422 288.934997558594 288.180541992188 287.426116943359 286.671661376953 286.024932861328 285.701324462891 285.377716064453
-9999 -9999 -9999 -9999 -9999 -9999 -9999 -9999 -9999 -9999 -9999 -9999 -9999 299.618682861328 299.476440429688 299.334167480469 299.191925048828 299.049652099609 298.907379150391 298.76513671875 298.622863769531 298.354400634766 298.043853759766 297.733306884766 297.422760009766 297.112213134766 296.801696777344 296.491149902344 296.120819091797 295.571105957031 295.021392822266 294.471710205078 293.921997070312 293.372314453125 292.822601318359 292.272918701172 291.566558837891 290.808013916016 290.049468994141 289.290893554688 288.532348632812 287.773803710938 287.015228271484 286.356323242188 285.996398925781 285.636474609375
-9999 -9999 -9999 -9999 -9999 -9999 -9999 -9999 -9999 -9999 -9999 -9999 -9999 299.941101074219 299.786193847656 299.631256103516 299.476348876953 299.321411132812 299.16650390625 299.011566162109 298.856658935547 298.5927734375 298.292602539062 297.992431640625 297.692230224609 297.392059326172 297.091888427734 296.791687011719 296.431243896484 295.889953613281 295.3486328125 294.807342529297 294.266052246094 293.724761962891 293.183441162109 292.642150878906 291.934814453125 291.172149658203 290.409484863281 289.646820068359 288.884155273438 288.121459960938 287.358795166016 286.687744140625 286.29150390625 285.895263671875
-9999 -9999 -9999 -9999 -9999 -9999 -9999 -9999 -9999 -9999 -9999 -9999 -9999 -9999 299.987579345703 299.821929931641 299.656280517578 299.490631103516 299.324981689453 299.159332275391 298.993682861328 298.738800048828 298.454132080078 298.169464111328 297.884796142578 297.600128173828 297.315460205078 297.030792236328 296.686798095703 296.164855957031 295.642913818359 295.120971679688 294.598999023438 294.077056884766 293.555114746094 293.033142089844 292.339385986328 291.588317871094 290.837249755859 290.086212158203 289.335144042969 288.584075927734 287.833038330078 287.161437988281 286.728332519531 286.295227050781
-9999 -9999 -9999 -9999 -9999 -9999 -9999 -9999 -9999 -9999 -9999 -9999 -9999 -9999 -9999 299.906188964844 299.731750488281 299.557312011719 299.382873535156 299.208435058594 299.033996582031 298.792388916016 298.528411865234 298.264404296875 298.000396728516 297.736419677734 297.472412109375 297.208404541016 296.887512207031 296.395843505859 295.904174804688 295.412536621094 294.920867919922 294.429229736328 293.937561035156 293.445922851562 292.780212402344 292.056488037109 291.332763671875 290.609069824219 289.885345458984 289.16162109375 288.437927246094 287.777496337891 287.306945800781 286.836395263672
