data/working_set_collections/6091692-Cassins_Sparrow-M2/1980/tsurf_avg.asc
NCOLS 265 
NROWS 230 
XLLCORNER -115.5625 
YLLCORNER 24.8333333333333 
CELLSIZE 0.0833333333333333 
NODATA_value -9999 
[rows 0 to 19 of 230, columns 46 to 91 of 265]
277.180328369141 276.782745361328 276.385192871094 275.987609863281 275.590026855469 275.192474365234 274.7197265625 274.221923828125 273.72412109375 273.226318359375 272.728546142578 272.230743408203 271.732940673828 271.293029785156 271.026794433594 270.760559082031 270.494354248047 270.228118896484 269.961883544922 269.695648193359 269.429412841797 269.603637695312 269.924652099609 270.245666503906 270.566711425781 270.887725830078 271.208740234375 271.52978515625 272.004302978516 272.939392089844 273.874450683594 274.809539794922 275.74462890625 276.6796875 277.614776611328 278.549835205078 279.071075439453 279.454406738281 279.837707519531 280.221008300781 280.604309082031 280.987609863281 281.370910644531 281.568634033203 281.209655761719 280.850646972656
277.250244140625 276.826080322266 276.401916503906 275.977752685547 275.553558349609 275.12939453125 274.665893554688 274.189270019531 273.712646484375 273.236022949219 272.759429931641 272.282806396484 271.806182861328 271.385894775391 271.134643554688 270.883361816406 270.632110595703 270.380828857422 270.129547119141 269.878295898438 269.627014160156 269.814727783203 270.148742675781 270.482788085938 270.816802978516 271.150817871094 271.484832763672 271.818878173828 272.293304443359 273.188995361328 274.084655761719 274.980346679688 275.876037597656 276.771697998047 277.667388916016 278.563079833984 279.063751220703 279.432739257812 279.8017578125 280.170745849609 280.539764404297 280.908752441406 281.277740478516 281.471649169922 281.140197753906 280.808776855469
277.320190429688 276.869415283203 276.418640136719 275.967864990234 275.51708984375 275.066314697266 274.612060546875 274.156616210938 273.701171875 273.245727539062 272.790283203125 272.334869384766 271.879425048828 271.478759765625 271.242462158203 271.006164550781 270.769866943359 270.533538818359 270.297241210938 270.060943603516 269.824645996094 270.025817871094 270.372863769531 270.719879150391 271.06689453125 271.413909912109 271.760955810547 272.107971191406 272.582305908203 273.438598632812 274.294860839844 275.151153564453 276.007446289062 276.863739013672 277.720031738281 278.576293945312 279.056396484375 279.411102294922 279.765808105469 280.120513916016 280.475189208984 280.829895019531 281.184600830078 281.374664306641 281.070770263672 280.766876220703
277.390106201172 276.912719726562 276.435363769531 275.9580078125 275.480621337891 275.003265380859 274.558227539062 274.123962402344 273.689697265625 273.255432128906 272.821166992188 272.386901855469 271.952667236328 271.571624755859 271.350280761719 271.128936767578 270.907592773438 270.686279296875 270.464935302734 270.243591308594 270.022247314453 270.236938476562 270.596954345703 270.956970214844 271.316986083984 271.677032470703 272.037048339844 272.397064208984 272.871307373047 273.688201904297 274.505065917969 275.321960449219 276.138854980469 276.955749511719 277.772644042969 278.589538574219 279.049072265625 279.389465332031 279.729858398438 280.070251464844 280.41064453125 280.751037597656 281.091430664062 281.277648925781 281.001342773438 280.725006103516
277.460021972656 276.9560546875 276.452087402344 275.948120117188 275.444152832031 274.940185546875 274.50439453125 274.09130859375 273.67822265625 273.26513671875 272.85205078125 272.43896484375 272.02587890625 271.664489746094 271.458099365234 271.251739501953 271.045349121094 270.838989257812 270.632629394531 270.426239013672 270.219879150391 270.448028564453 270.821044921875 271.194091796875 271.567108154297 271.940124511719 272.313140869141 272.686157226562 273.160278320312 273.937774658203 274.715270996094 275.492767333984 276.270263671875 277.047760009766 277.825256347656 278.602752685547 279.041717529297 279.367797851562 279.693908691406 280.019989013672 280.346099853516 280.672180175781 280.998291015625 281.1806640625 280.931884765625 280.68310546875
277.529937744141 276.999389648438 276.468811035156 275.938262939453 275.407684326172 274.877136230469 274.450561523438 274.058654785156 273.666748046875 273.274841308594 272.882934570312 272.491027832031 272.09912109375 271.757354736328 271.565948486328 271.374542236328 271.18310546875 270.99169921875 270.80029296875 270.60888671875 270.41748046875 270.659149169922 271.045166015625 271.431182861328 271.817199707031 272.203216552734 272.589233398438 272.975250244141 273.449279785156 274.187377929688 274.925476074219 275.663604736328 276.401702880859 277.139801025391 277.877899169922 278.615997314453 279.034362792969 279.346160888672 279.657958984375 279.969757080078 280.281555175781 280.593353271484 280.905120849609 281.083679199219 280.862457275391 280.641235351562
277.505889892578 276.976043701172 276.446166992188 275.916320800781 275.386474609375 274.856597900391 274.441497802734 274.064666748047 273.687805175781 273.310943603516 272.934112548828 272.557250976562 272.180389404297 271.854309082031 271.680480957031 271.506652832031 271.332855224609 271.159027099609 270.985198974609 270.811370849609 270.637542724609 270.876068115234 271.251983642578 271.6279296875 272.003875732422 272.379821777344 272.755737304688 273.131683349609 273.594390869141 274.317321777344 275.040283203125 275.763244628906 276.486175537109 277.209136962891 277.932098388672 278.655029296875 279.057739257812 279.353668212891 279.649597167969 279.945526123047 280.241455078125 280.537384033203 280.833312988281 281.003326416016 280.795593261719 280.587860107422
277.387847900391 276.885986328125 276.384155273438 275.88232421875 275.380493164062 274.878631591797 274.477233886719 274.109313964844 273.741394042969 273.373474121094 273.005554199219 272.637634277344 272.269714355469 271.955352783203 271.8017578125 271.648132324219 271.494537353516 271.340911865234 271.187316894531 271.03369140625 270.880096435547 271.098785400391 271.441558837891 271.784332275391 272.127136230469 272.469909667969 272.812683105469 273.155487060547 273.595581054688 274.327606201172 275.059661865234 275.791717529297 276.523773193359 277.255798339844 277.987854003906 278.719909667969 279.111785888672 279.390289306641 279.668792724609 279.947296142578 280.225799560547 280.504302978516 280.782806396484 280.939605712891 280.731292724609 280.522979736328
277.269775390625 276.795959472656 276.322143554688 275.848327636719 275.37451171875 274.900665283203 274.512969970703 274.153991699219 273.794982910156 273.436004638672 273.076995849609 272.718017578125 272.359008789062 272.056427001953 271.923034667969 271.789611816406 271.656219482422 271.522827148438 271.389434814453 271.256042480469 271.122619628906 271.321502685547 271.631134033203 271.940765380859 272.250366210938 272.559997558594 272.86962890625 273.179260253906 273.596771240234 274.337890625 275.079040527344 275.820190429688 276.561340332031 277.302490234375 278.043609619141 278.784759521484 279.165863037109 279.426940917969 279.688018798828 279.949096679688 280.210174560547 280.471252441406 280.732330322266 280.875915527344 280.667022705078 280.458129882812
277.151733398438 276.705932617188 276.260131835938 275.814331054688 275.368499755859 274.922698974609 274.548706054688 274.198638916016 273.848571777344 273.498504638672 273.1484375 272.798400878906 272.448333740234 272.157470703125 272.044281005859 271.931091308594 271.817901611328 271.704711914062 271.591552734375 271.478363037109 271.365173339844 271.544219970703 271.820678710938 272.09716796875 272.373626708984 272.650085449219 272.926574707031 273.203033447266 273.597961425781 274.348205566406 275.098419189453 275.848663330078 276.598907470703 277.349151611328 278.099395751953 278.849609375 279.219909667969 279.463562011719 279.707214355469 279.950866699219 280.194519042969 280.438171386719 280.681823730469 280.812194824219 280.602722167969 280.393249511719
277.03369140625 276.615905761719 276.198120117188 275.780334472656 275.362518310547 274.944732666016 274.584442138672 274.243316650391 273.902160644531 273.56103515625 273.219909667969 272.878753662109 272.537628173828 272.258544921875 272.165557861328 272.072570800781 271.979614257812 271.886627197266 271.793640136719 271.70068359375 271.607696533203 271.766937255859 272.01025390625 272.253570556641 272.496887207031 272.740203857422 272.983520507812 273.226837158203 273.599151611328 274.358489990234 275.117797851562 275.877136230469 276.636474609375 277.395812988281 278.155151367188 278.914489746094 279.273986816406 279.500213623047 279.726440429688 279.952667236328 280.178894042969 280.405120849609 280.63134765625 280.748504638672 280.538452148438 280.328399658203
276.915649414062 276.52587890625 276.136108398438 275.746307373047 275.356536865234 274.966766357422 274.620178222656 274.287963867188 273.955749511719 273.623565673828 273.291351318359 272.959136962891 272.626922607422 272.359588623047 272.286834716797 272.214050292969 272.141296386719 272.068542480469 271.995758056641 271.923004150391 271.850250244141 271.989654541016 272.199829101562 272.409973144531 272.620147705078 272.830291748047 273.040435791016 273.250610351562 273.600341796875 274.368774414062 275.13720703125 275.905609130859 276.674041748047 277.442474365234 278.210906982422 278.979339599609 279.328063964844 279.536834716797 279.745635986328 279.954437255859 280.163238525391 280.372039794922 280.580841064453 280.684783935547 280.474151611328 280.263519287109
276.826141357422 276.453155517578 276.080169677734 275.707183837891 275.334197998047 274.961212158203 274.627777099609 274.307525634766 273.987274169922 273.667022705078 273.346771240234 273.026519775391 272.706268310547 272.459136962891 272.431304931641 272.403503417969 272.375701904297 272.347869873047 272.320068359375 272.292236328125 272.264434814453 272.387145996094 272.56005859375 272.732971191406 272.905883789062 273.078796386719 273.251678466797 273.424591064453 273.737701416016 274.471374511719 275.205047607422 275.938720703125 276.672393798828 277.406066894531 278.139739990234 278.873443603516 279.202545166016 279.396820068359 279.591094970703 279.785369873047 279.979644775391 280.173919677734 280.368194580078 280.466186523438 280.275360107422 280.084564208984
276.765228271484 276.397796630859 276.030334472656 275.662902832031 275.295471191406 274.928009033203 274.607208251953 274.301940917969 273.996673583984 273.691436767578 273.386169433594 273.080902099609 272.775634765625 272.557159423828 272.599029541016 272.640899658203 272.682800292969 272.724670410156 272.766540527344 272.808410644531 272.850280761719 272.959442138672 273.091003417969 273.222534179688 273.354095458984 273.485656738281 273.617218017578 273.748779296875 274.011199951172 274.666290283203 275.321380615234 275.976440429688 276.631530761719 277.286590576172 277.941680908203 278.596740722656 278.897491455078 279.080139160156 279.262786865234 279.445434570312 279.628082275391 279.810729980469 279.993377685547 280.092712402344 279.942108154297 279.791473388672
276.704315185547 276.342407226562 275.980529785156 275.618621826172 275.256744384766 274.894836425781 274.586669921875 274.29638671875 274.006103515625 273.7158203125 273.425537109375 273.135284423828 272.845001220703 272.655181884766 272.766754150391 272.878326416016 272.989868164062 273.101440429688 273.213012695312 273.324584960938 273.436157226562 273.531707763672 273.621917724609 273.712127685547 273.802337646484 273.892547607422 273.982757568359 274.072967529297 274.284729003906 274.861206054688 275.437683105469 276.01416015625 276.590637207031 277.167114257812 277.743591308594 278.320068359375 278.592468261719 278.763458251953 278.934478759766 279.105499267578 279.276519775391 279.447540283203 279.618560791016 279.719207763672 279.608825683594 279.498413085938
276.643371582031 276.287048339844 275.930694580078 275.574340820312 275.217987060547 274.861663818359 274.566101074219 274.290802001953 274.015533447266 273.740234375 273.464935302734 273.189636230469 272.914367675781 272.753204345703 272.934448242188 273.11572265625 273.296966552734 273.478240966797 273.659484863281 273.840759277344 274.022003173828 274.103973388672 274.15283203125 274.201690673828 274.250549316406 274.299407958984 274.348266601562 274.397155761719 274.558258056641 275.056121826172 275.554016113281 276.051879882812 276.549774169922 277.047637939453 277.545501708984 278.043395996094 278.287414550781 278.44677734375 278.606170654297 278.765563964844 278.924957275391 279.084350585938 279.243743896484 279.345733642578 279.275543212891 279.205352783203
276.582458496094 276.231658935547 275.880859375 275.530059814453 275.179260253906 274.828460693359 274.545562744141 274.285247802734 274.024932861328 273.7646484375 273.504333496094 273.244018554688 272.983734130859 272.851226806641 273.102172851562 273.353118896484 273.604064941406 273.855010986328 274.105987548828 274.35693359375 274.607879638672 274.676239013672 274.683746337891 274.691284179688 274.698791503906 274.706298828125 274.713806152344 274.721313476562 274.831787109375 275.251068115234 275.670318603516 276.089599609375 276.508880615234 276.928161621094 277.347442626953 277.766723632812 277.982360839844 278.130126953125 278.277862548828 278.425628662109 278.573394775391 278.721160888672 278.868927001953 278.972259521484 278.942260742188 278.912292480469
276.521514892578 276.17626953125 275.831024169922 275.485778808594 275.140533447266 274.795288085938 274.524993896484 274.279663085938 274.034362792969 273.789031982422 273.543731689453 273.298400878906 273.053070068359 272.949249267578 273.269897460938 273.590545654297 273.911163330078 274.231811523438 274.552459716797 274.873077392578 275.193725585938 275.248504638672 275.214691162109 275.180847167969 275.147003173828 275.113189697266 275.079345703125 275.045501708984 275.105285644531 275.445983886719 275.786651611328 276.127319335938 276.468017578125 276.808685302734 277.149353027344 277.490020751953 277.677307128906 277.813446044922 277.949584960938 278.085693359375 278.221832275391 278.357971191406 278.494110107422 278.598785400391 278.609008789062 278.619232177734
276.620819091797 276.284973144531 275.949127197266 275.61328125 275.277435302734 274.941589355469 274.684204101562 274.452941894531 274.2216796875 273.990447998047 273.759185791016 273.527923583984 273.296691894531 273.210571289062 273.559844970703 273.909149169922 274.258422851562 274.607727050781 274.957000732422 275.306304931641 275.655578613281 275.708404541016 275.662384033203 275.616394042969 275.570373535156 275.524353027344 275.478363037109 275.432342529297 275.467437744141 275.745758056641 276.024078369141 276.302429199219 276.580749511719 276.859069824219 277.137420654297 277.415740966797 277.57861328125 277.703033447266 277.827453613281 277.951873779297 278.076263427734 278.20068359375 278.325103759766 278.425537109375 278.453979492188 278.482421875
276.88037109375 276.557769775391 276.235168457031 275.912567138672 275.589965820312 275.267364501953 275.023132324219 274.805053710938 274.586944580078 274.368835449219 274.150726318359 273.9326171875 273.714508056641 273.635162353516 273.972045898438 274.308959960938 274.645843505859 274.982727050781 275.319641113281 275.656524658203 275.993408203125 276.055877685547 276.026885986328 275.997894287109 275.968872070312 275.939880371094 275.910858154297 275.881866455078 275.918151855469 276.150390625 276.382629394531 276.614868164062 276.847106933594 277.079345703125 277.311584472656 277.543823242188 277.686340332031 277.798919677734 277.911529541016 278.024108886719 278.13671875 278.249298095703 278.361877441406 278.452514648438 278.477203369141 278.501922607422
