data/working_set_collections/6091692-Cassins_Sparrow-M2/1980/tsurf_avg.asc
NCOLS 265 
NROWS 230 
XLLCORNER -115.5625 
YLLCORNER 24.8333333333333 
CELLSIZE 0.0833333333333333 
NODATA_value -9999 
[rows 180 to 199 of 230, columns 92 to 137 of 265]
285.621215820312 285.689483642578 285.757751464844 285.826019287109 285.894287109375 286.023223876953 286.17236328125 286.321472167969 286.470611572266 286.619750976562 286.768859863281 286.917999267578 287.129638671875 287.528839111328 287.928039550781 288.327239990234 288.726440429688 289.125640869141 289.524841308594 289.924041748047 290.311065673828 290.694061279297 291.077056884766 291.460021972656 291.843017578125 292.226013183594 292.608978271484 292.910308837891 292.966735839844 293.023162841797 293.079559326172 293.135986328125 293.1923828125 293.248809814453 293.305236816406 293.270477294922 293.205322265625 293.140167236328 293.075012207031 293.009857177734 292.944702148438 292.879547119141 292.864654541016 293.00048828125 293.136291503906 293.272125244141
285.539459228516 285.58935546875 285.639251708984 285.689178466797 285.739074707031 285.878753662109 286.04833984375 286.217956542969 286.387542724609 286.55712890625 286.726745605469 286.896331787109 287.124542236328 287.528656005859 287.932739257812 288.336853027344 288.740936279297 289.14501953125 289.549133300781 289.953216552734 290.338287353516 290.716979980469 291.095672607422 291.474365234375 291.853057861328 292.231750488281 292.610443115234 292.907562255859 292.959869384766 293.012176513672 293.064514160156 293.116821289062 293.169128417969 293.221466064453 293.273773193359 293.233215332031 293.161682128906 293.090179443359 293.018646240234 292.947143554688 292.875610351562 292.804077148438 292.781280517578 292.904571533203 293.027893066406 293.151184082031
285.457672119141 285.489227294922 285.520782470703 285.552337646484 285.583862304688 285.734313964844 285.924346923828 286.114410400391 286.304473876953 286.494537353516 286.684600830078 286.874633789062 287.119445800781 287.528442382812 287.937438964844 288.346435546875 288.755432128906 289.164428710938 289.573425292969 289.982421875 290.365478515625 290.739868164062 291.114288330078 291.488677978516 291.863098144531 292.237518310547 292.611907958984 292.90478515625 292.953002929688 293.001220703125 293.049438476562 293.09765625 293.145874023438 293.194091796875 293.242309570312 293.195953369141 293.118072509766 293.040161132812 292.962280273438 292.884399414062 292.806518554688 292.728607177734 292.697906494141 292.808685302734 292.919494628906 293.0302734375
285.375915527344 285.389099121094 285.402282714844 285.415466308594 285.428649902344 285.58984375 285.800354003906 286.010894775391 286.221405029297 286.431915283203 286.642456054688 286.852966308594 287.114318847656 287.528228759766 287.942108154297 288.356018066406 288.769927978516 289.183807373047 289.597717285156 290.011596679688 290.392669677734 290.762786865234 291.132904052734 291.503021240234 291.873138427734 292.243255615234 292.613372802734 292.902008056641 292.946136474609 292.990234375 293.034362792969 293.078491210938 293.122619628906 293.166748046875 293.210845947266 293.15869140625 293.074432373047 292.990173339844 292.905914306641 292.821655273438 292.737396240234 292.653137207031 292.614532470703 292.712799072266 292.811065673828 292.909332275391
285.294158935547 285.288970947266 285.283782958984 285.278625488281 285.2734375 285.445373535156 285.676361083984 285.907348632812 286.138336181641 286.369323730469 286.600311279297 286.831298828125 287.109222412109 287.528015136719 287.946807861328 288.365600585938 288.784393310547 289.203186035156 289.621978759766 290.040771484375 290.419860839844 290.785675048828 291.151519775391 291.517364501953 291.883178710938 292.2490234375 292.614837646484 292.899230957031 292.939239501953 292.979278564453 293.019287109375 293.059326171875 293.099365234375 293.139373779297 293.179412841797 293.121429443359 293.030822753906 292.940185546875 292.849548339844 292.758941650391 292.668304443359 292.577667236328 292.531158447266 292.616912841797 292.702667236328 292.788421630859
285.212371826172 285.188842773438 285.165313720703 285.141754150391 285.118225097656 285.300933837891 285.552368164062 285.803833007812 286.055267333984 286.306701660156 286.558166503906 286.809600830078 287.104125976562 287.527801513672 287.951507568359 288.375183105469 288.798889160156 289.222595214844 289.646270751953 290.069976806641 290.447052001953 290.80859375 291.170135498047 291.531677246094 291.893218994141 292.254760742188 292.616302490234 292.896453857422 292.932373046875 292.968322753906 293.004241943359 293.040161132812 293.076080322266 293.112030029297 293.14794921875 293.084167480469 292.987182617188 292.890197753906 292.793182373047 292.696197509766 292.599212646484 292.502197265625 292.447784423828 292.521026611328 292.59423828125 292.66748046875
285.096832275391 285.050445556641 285.004089355469 284.957733154297 284.911346435547 285.111236572266 285.393218994141 285.675170898438 285.957153320312 286.239105224609 286.521087646484 286.803070068359 287.121795654297 287.550872802734 287.979919433594 288.408996582031 288.838043212891 289.267120361328 289.696166992188 290.125244140625 290.497863769531 290.851654052734 291.205474853516 291.559295654297 291.9130859375 292.266906738281 292.620697021484 292.894744873047 292.929443359375 292.964141845703 292.998840332031 293.033538818359 293.068237304688 293.102935791016 293.137664794922 293.072998046875 292.975219726562 292.877410888672 292.779632568359 292.681854248047 292.584075927734 292.486297607422 292.429229736328 292.494354248047 292.559509277344 292.624633789062
284.947479248047 284.873809814453 284.800140380859 284.726470947266 284.652801513672 284.876312255859 285.198852539062 285.521423339844 285.843963623047 286.166534423828 286.489105224609 286.811645507812 287.162292480469 287.597198486328 288.032073974609 288.466979980469 288.901885986328 289.336791992188 289.771667480469 290.206573486328 290.572265625 290.914886474609 291.257507324219 291.600158691406 291.942779541016 292.285400390625 292.628021240234 292.894073486328 292.930419921875 292.966766357422 293.003112792969 293.039489746094 293.075836181641 293.112182617188 293.148529052734 293.087860107422 292.994873046875 292.901885986328 292.808898925781 292.715911865234 292.622894287109 292.529907226562 292.475524902344 292.536956787109 292.598388671875 292.659820556641
284.798156738281 284.697174072266 284.596221923828 284.495239257812 284.394256591797 284.641387939453 285.004516601562 285.36767578125 285.730804443359 286.093963623047 286.457092285156 286.820220947266 287.202789306641 287.643524169922 288.084259033203 288.524993896484 288.965698242188 289.406433105469 289.84716796875 290.287902832031 290.646667480469 290.978118896484 291.3095703125 291.641021728516 291.972442626953 292.303894042969 292.635345458984 292.893432617188 292.931427001953 292.969421386719 293.007415771484 293.04541015625 293.083404541016 293.121398925781 293.159393310547 293.102752685547 293.014526367188 292.926330566406 292.838134765625 292.749938964844 292.661743164062 292.573547363281 292.521820068359 292.579559326172 292.637298583984 292.695037841797
284.648803710938 284.520538330078 284.392272949219 284.264007568359 284.1357421875 284.406463623047 284.810180664062 285.213897705078 285.617645263672 286.021362304688 286.425109863281 286.828826904297 287.243255615234 287.689819335938 288.136413574219 288.582977294922 289.029541015625 289.476104736328 289.922698974609 290.369262695312 290.721099853516 291.041351318359 291.361602783203 291.681884765625 292.002136230469 292.322387695312 292.642669677734 292.892761230469 292.932403564453 292.972045898438 293.011688232422 293.051330566406 293.090972900391 293.130615234375 293.170257568359 293.117614746094 293.034210205078 292.950805664062 292.867401123047 292.783996582031 292.700592041016 292.617156982422 292.568115234375 292.622161865234 292.676208496094 292.730255126953
284.499481201172 284.343902587891 284.188323974609 284.032775878906 283.877197265625 284.171539306641 284.615844726562 285.060150146484 285.504455566406 285.948791503906 286.393096923828 286.83740234375 287.283752441406 287.736145019531 288.188568115234 288.640960693359 289.093383789062 289.545776367188 289.998199462891 290.450592041016 290.795501708984 291.104583740234 291.413665771484 291.722747802734 292.031829833984 292.340911865234 292.649993896484 292.892120361328 292.933410644531 292.974700927734 293.015991210938 293.057250976562 293.098541259766 293.139831542969 293.181121826172 293.132476806641 293.053863525391 292.975250244141 292.896636962891 292.818023681641 292.739410400391 292.660797119141 292.614410400391 292.664764404297 292.715118408203 292.765441894531
284.350158691406 284.167266845703 283.984405517578 283.801513671875 283.61865234375 283.936614990234 284.421508789062 284.906402587891 285.391296386719 285.876190185547 286.361114501953 286.846008300781 287.324249267578 287.782470703125 288.24072265625 288.698974609375 289.157196044922 289.615447998047 290.073699951172 290.531921386719 290.869934082031 291.167816162109 291.465698242188 291.763610839844 292.061492919922 292.359405517578 292.657287597656 292.891448974609 292.934387207031 292.977325439453 293.020263671875 293.063201904297 293.106140136719 293.149078369141 293.191986083984 293.147369384766 293.073547363281 292.999725341797 292.925903320312 292.852081298828 292.778259277344 292.704437255859 292.660705566406 292.707366943359 292.753997802734 292.800659179688
284.38671875 284.172027587891 283.957336425781 283.74267578125 283.527984619141 283.845977783203 284.341522216797 284.837097167969 285.332641601562 285.828186035156 286.323760986328 286.819305419922 287.306732177734 287.769836425781 288.23291015625 288.696014404297 289.159088134766 289.622192382812 290.085266113281 290.54833984375 290.8837890625 291.176696777344 291.469573974609 291.762481689453 292.055389404297 292.348266601562 292.641174316406 292.871826171875 292.915802001953 292.959777832031 293.003753662109 293.047729492188 293.091705322266 293.135681152344 293.179656982422 293.136657714844 293.064666748047 292.99267578125 292.920654296875 292.848663330078 292.776672363281 292.704681396484 292.662506103516 292.709655761719 292.7568359375 292.804016113281
284.609161376953 284.358184814453 284.107177734375 283.856201171875 283.605194091797 283.899658203125 284.375946044922 284.852203369141 285.328491210938 285.804779052734 286.281036376953 286.75732421875 287.231262207031 287.698211669922 288.165161132812 288.632080078125 289.099029541016 289.565979003906 290.032897949219 290.499847412109 290.837127685547 291.131225585938 291.42529296875 291.719360351562 292.013427734375 292.307495117188 292.6015625 292.833221435547 292.877624511719 292.922027587891 292.966430664062 293.010864257812 293.055267333984 293.099670410156 293.144073486328 293.100341796875 293.027221679688 292.9541015625 292.880981445312 292.807861328125 292.734741210938 292.66162109375 292.619750976562 292.671661376953 292.723571777344 292.775512695312
284.831634521484 284.544311523438 284.257019042969 283.9697265625 283.682403564453 283.953338623047 284.410339355469 284.867340087891 285.324340820312 285.781341552734 286.238342285156 286.695343017578 287.155792236328 287.626586914062 288.097381591797 288.568176269531 289.038970947266 289.509765625 289.980560302734 290.451354980469 290.790466308594 291.085723876953 291.380981445312 291.676239013672 291.971496582031 292.266723632812 292.561981201172 292.794616699219 292.839477539062 292.884307861328 292.929138183594 292.973968505859 293.018798828125 293.063659667969 293.108489990234 293.063995361328 292.98974609375 292.915496826172 292.841278076172 292.767028808594 292.692779541016 292.618530273438 292.576995849609 292.633666992188 292.690338134766 292.747009277344
285.054077148438 284.73046875 284.406860351562 284.083251953125 283.759613037109 284.007019042969 284.444732666016 284.882476806641 285.320190429688 285.757904052734 286.195648193359 286.633361816406 287.080322265625 287.554962158203 288.029602050781 288.504272460938 288.978912353516 289.453552246094 289.928192138672 290.40283203125 290.743835449219 291.040252685547 291.336669921875 291.633117675781 291.929534912109 292.225952148438 292.522399902344 292.756042480469 292.801300048828 292.846557617188 292.891845703125 292.937103271484 292.982360839844 293.027648925781 293.072906494141 293.027679443359 292.952301025391 292.876922607422 292.801574707031 292.726196289062 292.650817871094 292.575439453125 292.534240722656 292.595672607422 292.657073974609 292.718505859375
285.276550292969 284.916625976562 284.556701660156 284.19677734375 283.836853027344 284.060699462891 284.479156494141 284.897583007812 285.316040039062 285.734497070312 286.152923583984 286.571380615234 287.004852294922 287.483337402344 287.961853027344 288.440338134766 288.918853759766 289.397338867188 289.875823974609 290.354339599609 290.697174072266 290.994781494141 291.292388916016 291.589996337891 291.887603759766 292.185211181641 292.482818603516 292.717437744141 292.763122558594 292.808837890625 292.854522705078 292.900238037109 292.945922851562 292.991638183594 293.037322998047 292.991363525391 292.914855957031 292.838348388672 292.761840820312 292.685363769531 292.608856201172 292.532348632812 292.491516113281 292.557678222656 292.623840332031 292.690002441406
285.4990234375 285.102783203125 284.70654296875 284.310302734375 283.9140625 284.114379882812 284.513549804688 284.912719726562 285.311889648438 285.711059570312 286.110229492188 286.509399414062 286.929382324219 287.411712646484 287.894073486328 288.376434326172 288.858764648438 289.341125488281 289.823486328125 290.305816650391 290.650512695312 290.949279785156 291.248077392578 291.546875 291.845642089844 292.144439697266 292.443206787109 292.678833007812 292.724975585938 292.771087646484 292.817230224609 292.863342285156 292.909484863281 292.955627441406 293.001739501953 292.955047607422 292.877410888672 292.799774169922 292.72216796875 292.64453125 292.56689453125 292.4892578125 292.448760986328 292.519653320312 292.590576171875 292.661499023438
285.862121582031 285.428985595703 284.995880126953 284.562774658203 284.129669189453 284.282928466797 284.631683349609 284.980438232422 285.329193115234 285.677917480469 286.026672363281 286.375427246094 286.757690429688 287.240539550781 287.723388671875 288.206237792969 288.689056396484 289.171905517578 289.654754638672 290.137603759766 290.482482910156 290.781341552734 291.080230712891 291.379119873047 291.678009033203 291.976867675781 292.275756835938 292.515197753906 292.576293945312 292.637390136719 292.698455810547 292.759552001953 292.820648193359 292.881744384766 292.942840576172 292.9091796875 292.843963623047 292.778717041016 292.713500976562 292.648284912109 292.583038330078 292.517822265625 292.488372802734 292.566223144531 292.64404296875 292.721893310547
286.365844726562 285.895294189453 285.424743652344 284.954223632812 284.483673095703 284.56640625 284.833587646484 285.100738525391 285.367919921875 285.635101318359 285.902252197266 286.16943359375 286.489807128906 286.969787597656 287.449737548828 287.929718017578 288.409698486328 288.889678955078 289.369659423828 289.849639892578 290.193054199219 290.490966796875 290.788848876953 291.086761474609 291.384643554688 291.682556152344 291.98046875 292.226531982422 292.317108154297 292.407684326172 292.498260498047 292.588836669922 292.679412841797 292.769989013672 292.860565185547 292.853759765625 292.814483642578 292.775207519531 292.735900878906 292.696624755859 292.657348632812 292.618072509766 292.6103515625 292.697296142578 292.784240722656 292.871185302734
