data/working_set_collections/6091692-Cassins_Sparrow-M2/1980/wchange_avg.asc
NCOLS 265 
NROWS 230 
XLLCORNER -115.5625 
YLLCORNER 24.8333333333333 
CELLSIZE 0.0833333333333333 
NODATA_value -9999 
[rows 90 to 107 of 230, columns 123 to 163 of 265]
3.44323836998228e-07 3.36901791797573e-07 3.29479718175207e-07 3.22057644552842e-07 3.22697758292634e-07 3.26025229924198e-07 3.29352729977472e-07 3.32680230030746e-07 3.36007701662311e-07 3.39335201715585e-07 3.42662701768859e-07 3.43030478688888e-07 3.34519171474312e-07 3.26007864259736e-07 3.1749655704516e-07 3.08985249830585e-07 3.00473942616009e-07 2.91962635401433e-07 2.83451328186857e-07 2.85007160982786e-07 2.89918716589455e-07 2.94830272196123e-07 2.99741827802791e-07 3.04653383409459e-07 3.09564967437836e-07 3.14476523044505e-07 3.14192391215329e-07 2.9832128234375e-07 2.82450145050461e-07 2.66579036178882e-07 2.50707927307303e-07 2.34836790014015e-07 2.18965666931581e-07 2.03094543849147e-07 1.8740146856544e-07 1.71767737811024e-07 1.56134021267462e-07 1.40500290513046e-07 1.2486655975863e-07 1.09232829004213e-07 9.3599098249797e-08
3.53292193722154e-07 3.46385348848344e-07 3.39478503974533e-07 3.32571630679013e-07 3.3375286534465e-07 3.37630098101727e-07 3.41507359280513e-07 3.4538459203759e-07 3.49261853216376e-07 3.53139085973453e-07 3.57016347152239e-07 3.57905662440317e-07 3.49831196899686e-07 3.41756731359055e-07 3.33682265818425e-07 3.25607800277794e-07 3.17533334737163e-07 3.09458869196533e-07 3.01384403655902e-07 3.03761225950439e-07 3.09621782434988e-07 3.15482367341247e-07 3.21342923825796e-07 3.27203508732055e-07 3.33064065216604e-07 3.38924621701153e-07 3.39612199695694e-07 3.24780728533369e-07 3.09949257371045e-07 2.95117786208721e-07 2.80286343468106e-07 2.65454872305781e-07 2.50623401143457e-07 2.35791929981133e-07 2.18805894292018e-07 2.01101656216451e-07 1.8339743235174e-07 1.65693194276173e-07 1.47988956200606e-07 1.30284732335895e-07 1.12580494260328e-07
3.62260550446081e-07 3.55868905899115e-07 3.49477261352149e-07 3.43085616805183e-07 3.44807972396666e-07 3.49234966279255e-07 3.53661988583553e-07 3.58088982466143e-07 3.62515976348732e-07 3.6694299865303e-07 3.7136999253562e-07 3.72780846191745e-07 3.6514322232506e-07 3.57505598458374e-07 3.49867974591689e-07 3.42230350725004e-07 3.34592726858318e-07 3.26955131413342e-07 3.19317507546657e-07 3.22515290918091e-07 3.29324848280521e-07 3.36134434064661e-07 3.42944019848801e-07 3.49753605632941e-07 3.56563162995371e-07 3.63372748779511e-07 3.65031979754349e-07 3.51240174722989e-07 3.37448369691629e-07 3.23656564660268e-07 3.09864731207199e-07 2.96072926175839e-07 2.82281121144479e-07 2.68489316113119e-07 2.50210320018596e-07 2.30435574621879e-07 2.10660843436017e-07 1.908860980393e-07 1.71111366853438e-07 1.51336635667576e-07 1.31561890270859e-07
3.71228907170007e-07 3.65352491371596e-07 3.59476047151475e-07 3.53599631353063e-07 3.55863079448682e-07 3.60839834456783e-07 3.65816589464885e-07 3.70793372894695e-07 3.75770127902797e-07 3.80746882910898e-07 3.85723637919e-07 3.87656001521464e-07 3.80455247750433e-07 3.73254465557693e-07 3.66053683364953e-07 3.58852901172213e-07 3.51652147401182e-07 3.44451365208442e-07 3.37250583015702e-07 3.41269327464033e-07 3.49027914126054e-07 3.56786529209785e-07 3.64545115871806e-07 3.72303702533827e-07 3.80062289195848e-07 3.87820875857869e-07 3.90451788234714e-07 3.77699620912608e-07 3.64947482012212e-07 3.52195314690107e-07 3.39443147368002e-07 3.26691008467606e-07 3.139388411455e-07 3.01186702245104e-07 2.81614717323464e-07 2.59769478816452e-07 2.37924254520294e-07 2.16079016013282e-07 1.9423377750627e-07 1.72388538999257e-07 1.50543300492245e-07
3.80197263893933e-07 3.74836048422367e-07 3.694748329508e-07 3.64113617479234e-07 3.66918186500698e-07 3.72444702634311e-07 3.77971218767925e-07 3.83497734901539e-07 3.89024251035153e-07 3.94550767168766e-07 4.0007728330238e-07 4.02531185272892e-07 3.95767244754097e-07 3.89003332657012e-07 3.82239392138217e-07 3.75475480041132e-07 3.68711539522337e-07 3.61947599003543e-07 3.55183686906457e-07 3.60023392431685e-07 3.68731008393297e-07 3.77438595933199e-07 3.86146183473102e-07 3.94853799434713e-07 4.03561386974616e-07 4.12269002936227e-07 4.15871568293369e-07 4.04159067102228e-07 3.92446565911087e-07 3.80734064719945e-07 3.69021563528804e-07 3.57309062337663e-07 3.45596589568231e-07 3.3388408837709e-07 3.13019143050042e-07 2.89103411432734e-07 2.65187651393717e-07 2.41271919776409e-07 2.17356173948247e-07 1.93440442330939e-07 1.69524696502776e-07
3.8916562061786e-07 3.84319633894847e-07 3.79473618750126e-07 3.74627603605404e-07 3.77973293552714e-07 3.8404957081184e-07 3.90125848070966e-07 3.96202125330092e-07 4.02278374167508e-07 4.08354651426635e-07 4.14430928685761e-07 4.1740636902432e-07 4.11079270179471e-07 4.04752199756331e-07 3.98425100911481e-07 3.92098030488341e-07 3.85770931643492e-07 3.79443861220352e-07 3.73116762375503e-07 3.78777457399337e-07 3.8843407423883e-07 3.98090662656614e-07 4.07747279496107e-07 4.174038963356e-07 4.27060513175093e-07 4.36717101592876e-07 4.41291348352024e-07 4.30618513291847e-07 4.1994567823167e-07 4.09272843171493e-07 3.98599979689607e-07 3.8792714462943e-07 3.77254309569253e-07 3.66581446087366e-07 3.4442356877662e-07 3.18437315627307e-07 2.92451062477994e-07 2.66464837750391e-07 2.40478584601078e-07 2.14492331451765e-07 1.88506092513308e-07
4.01104756519999e-07 3.96551428138991e-07 3.91998128179694e-07 3.87444799798686e-07 3.90547342021819e-07 3.96201841112997e-07 4.01856340204176e-07 4.07510867717065e-07 4.13165366808244e-07 4.18819865899422e-07 4.24474393412311e-07 4.27374828859683e-07 4.22013016532219e-07 4.16651232626464e-07 4.11289448720709e-07 4.05927664814953e-07 4.00565852487489e-07 3.95204068581734e-07 3.89842284675979e-07 3.97003276475516e-07 4.08338564739097e-07 4.19673824580968e-07 4.3100908442284e-07 4.42344344264711e-07 4.53679632528292e-07 4.65014892370164e-07 4.70715121991816e-07 4.59510175687683e-07 4.48305257805259e-07 4.37100311501126e-07 4.25895365196993e-07 4.1469044731457e-07 4.03485501010437e-07 3.92280583128013e-07 3.69035632274972e-07 3.41777337098392e-07 3.14519041921812e-07 2.87260746745233e-07 2.60002423146943e-07 2.32744142181218e-07 2.05485847004638e-07
4.16014671600351e-07 4.11531516419927e-07 4.07048332817794e-07 4.02565177637371e-07 4.04640303486303e-07 4.08901513537785e-07 4.13162752010976e-07 4.17423962062458e-07 4.21685200535649e-07 4.2594643900884e-07 4.30207649060321e-07 4.32436564778982e-07 4.28568512234051e-07 4.2470045968912e-07 4.20832407144189e-07 4.16964354599259e-07 4.13096302054328e-07 4.09228277931106e-07 4.05360225386175e-07 4.14700878081931e-07 4.28444451472387e-07 4.42188024862844e-07 4.55931598253301e-07 4.69675171643757e-07 4.83418773455924e-07 4.97162318424671e-07 5.04142803947616e-07 4.90834054289735e-07 4.77525304631854e-07 4.64216526552264e-07 4.50907748472673e-07 4.37598970393083e-07 4.24290220735202e-07 4.10981442655611e-07 3.868553335451e-07 3.59123419002572e-07 3.31391532881753e-07 3.03659646760934e-07 2.75927732218406e-07 2.48195846097587e-07 2.20463945765914e-07
4.30924586680703e-07 4.26511576279154e-07 4.22098565877604e-07 4.17685555476055e-07 4.18733264950788e-07 4.21601185962572e-07 4.24469135396066e-07 4.2733708482956e-07 4.30205034263054e-07 4.33072983696547e-07 4.35940904708332e-07 4.3749830069828e-07 4.35123979514174e-07 4.32749686751777e-07 4.3037536556767e-07 4.28001072805273e-07 4.25626780042876e-07 4.23252458858769e-07 4.20878166096372e-07 4.32398479688345e-07 4.48550366627387e-07 4.64702253566429e-07 4.80854112083762e-07 4.97005999022804e-07 5.13157885961846e-07 5.29309772900888e-07 5.37570542746835e-07 5.22157904470077e-07 5.06745323036739e-07 4.91332741603401e-07 4.75920103326644e-07 4.60507521893305e-07 4.45094912038257e-07 4.2968230218321e-07 4.04675034815227e-07 3.7646952932846e-07 3.48264023841693e-07 3.20058546776636e-07 2.91853041289869e-07 2.63647535803102e-07 2.3544204452719e-07
4.45834501761055e-07 4.4149163613838e-07 4.37148798937415e-07 4.32805933314739e-07 4.32826197993563e-07 4.3430085838736e-07 4.35775518781156e-07 4.37250207596662e-07 4.38724867990459e-07 4.40199528384255e-07 4.41674188778052e-07 4.42560036617579e-07 4.41679475216006e-07 4.40798913814433e-07 4.3991835241286e-07 4.39037791011287e-07 4.38157229609715e-07 4.37276668208142e-07 4.36396106806569e-07 4.5009608129476e-07 4.68656281782387e-07 4.87216482270014e-07 5.05776654335932e-07 5.2433682640185e-07 5.42896998467768e-07 5.61457170533686e-07 5.70998224702635e-07 5.53481811493839e-07 5.35965341441624e-07 5.18448928232829e-07 5.00932458180614e-07 4.83416044971818e-07 4.65899603341313e-07 4.48383190132517e-07 4.22494736085355e-07 3.93815639654349e-07 3.65136543223343e-07 3.36457446792338e-07 3.07778350361332e-07 2.79099253930326e-07 2.50420129077611e-07
4.60744416841408e-07 4.56471724419316e-07 4.52199003575515e-07 4.47926311153424e-07 4.46919159458048e-07 4.47000559233857e-07 4.47081930587956e-07 4.47163301942055e-07 4.47244673296154e-07 4.47326073071963e-07 4.47407444426062e-07 4.47621772536877e-07 4.48234942496128e-07 4.48848140877089e-07 4.49461310836341e-07 4.50074480795593e-07 4.50687679176554e-07 4.51300849135805e-07 4.51914019095057e-07 4.67793682901174e-07 4.88762168515677e-07 5.0973068255189e-07 5.30699139744684e-07 5.51667653780896e-07 5.72636167817109e-07 5.93604625009903e-07 6.04425906658435e-07 5.84805661674181e-07 5.65185416689928e-07 5.45565114862256e-07 5.25944869878003e-07 5.06324568050331e-07 4.86704323066078e-07 4.67084049660116e-07 4.40314437355482e-07 4.11161749980238e-07 3.82009034183284e-07 3.52856346808039e-07 3.23703631011085e-07 2.94550943635841e-07 2.65398227838887e-07
4.7565433192176e-07 4.71451784278543e-07 4.67249236635325e-07 4.63046688992108e-07 4.61012120922533e-07 4.59700231658644e-07 4.58388313973046e-07 4.57076424709157e-07 4.55764507023559e-07 4.54452617759671e-07 4.53140700074073e-07 4.52683508456175e-07 4.54790438197961e-07 4.56897367939746e-07 4.59004269259822e-07 4.61111199001607e-07 4.63218128743392e-07 4.65325058485178e-07 4.67431959805253e-07 4.85491284507589e-07 5.08868083670677e-07 5.32244882833766e-07 5.55621681996854e-07 5.78998481159942e-07 6.02375280323031e-07 6.25752079486119e-07 6.37853645457653e-07 6.16129511854524e-07 5.94405435094814e-07 5.72681301491684e-07 5.50957224731974e-07 5.29233091128845e-07 5.07509014369134e-07 4.85784880766005e-07 4.58134167047319e-07 4.28507860306127e-07 3.98881553564934e-07 3.69255246823741e-07 3.39628940082548e-07 3.10002633341355e-07 2.80376326600162e-07
4.87905879253958e-07 4.84835481984192e-07 4.81765027871006e-07 4.7869463060124e-07 4.7663030500189e-07 4.7490135557382e-07 4.7317240614575e-07 4.7144342829597e-07 4.697144788679e-07 4.67985529439829e-07 4.6625655159005e-07 4.65545383576682e-07 4.67887559807423e-07 4.70229707616454e-07 4.72571883847195e-07 4.74914060077936e-07 4.77256207886967e-07 4.79598384117708e-07 4.81940560348448e-07 4.99707880408096e-07 5.22616971920797e-07 5.4552600659008e-07 5.68435098102782e-07 5.91344189615484e-07 6.14253224284766e-07 6.37162315797468e-07 6.48839943551138e-07 6.26823236871132e-07 6.04806587034545e-07 5.8278988035454e-07 5.60773230517952e-07 5.38756523837947e-07 5.1673987400136e-07 4.94723224164773e-07 4.6743613779654e-07 4.38392305568414e-07 4.09348473340287e-07 3.80304612690452e-07 3.51260780462326e-07 3.222169482342e-07 2.93173087584364e-07
4.97499058838002e-07 4.96622760692844e-07 4.95746462547686e-07 4.94870164402528e-07 4.93773711696122e-07 4.92603930979385e-07 4.91434150262648e-07 4.90264369545912e-07 4.89094588829175e-07 4.87924808112439e-07 4.86754970552283e-07 4.86207397898397e-07 4.87526278902806e-07 4.88845216750633e-07 4.9016415459846e-07 4.91483035602869e-07 4.92801973450696e-07 4.94120911298523e-07 4.95439792302932e-07 5.10443499024404e-07 5.30008833266038e-07 5.49574110664253e-07 5.69139444905886e-07 5.88704722304101e-07 6.08269999702316e-07 6.27835333943949e-07 6.37384800938889e-07 6.16886836724007e-07 5.96388815665705e-07 5.75890851450822e-07 5.55392887235939e-07 5.34894866177638e-07 5.14396901962755e-07 4.93898937747872e-07 4.68220434868272e-07 4.40815114188808e-07 4.13409793509345e-07 3.86004472829882e-07 3.58599152150418e-07 3.31193831470955e-07 3.03788510791492e-07
5.07092238422047e-07 5.08410039401497e-07 5.09727840380947e-07 5.11045641360397e-07 5.10917175233772e-07 5.1030650638495e-07 5.09695894379547e-07 5.09085282374144e-07 5.08474670368741e-07 5.07864058363339e-07 5.07253446357936e-07 5.06869355376693e-07 5.07165054841607e-07 5.07460697463102e-07 5.07756396928016e-07 5.08052039549511e-07 5.08347739014425e-07 5.0864338163592e-07 5.08939081100834e-07 5.21179117640713e-07 5.37400694611279e-07 5.53622214738425e-07 5.69843734865572e-07 5.86065254992718e-07 6.02286831963283e-07 6.1850835209043e-07 6.2592965832664e-07 6.06950379733462e-07 5.87971101140283e-07 5.68991822547105e-07 5.50012487110507e-07 5.31033208517329e-07 5.1205392992415e-07 4.93074651330971e-07 4.69004703518294e-07 4.43237922809203e-07 4.17471113678403e-07 3.91704332969312e-07 3.65937523838511e-07 3.4017074312942e-07 3.14403933998619e-07
5.16685361162672e-07 5.20197318110149e-07 5.23709275057627e-07 5.27221175161685e-07 5.28060581928003e-07 5.28009138633934e-07 5.27957695339865e-07 5.27906195202377e-07 5.27854751908308e-07 5.27803308614239e-07 5.2775186532017e-07 5.27531369698409e-07 5.2680377393699e-07 5.26076235018991e-07 5.25348639257572e-07 5.24621043496154e-07 5.23893504578155e-07 5.23165908816736e-07 5.22438313055318e-07 5.31914736257022e-07 5.447924991131e-07 5.57670318812598e-07 5.70548081668676e-07 5.83425844524754e-07 5.96303607380833e-07 6.09181370236911e-07 6.14474515714392e-07 5.97013922742917e-07 5.79553329771443e-07 5.62092736799968e-07 5.44632143828494e-07 5.2717155085702e-07 5.09710957885545e-07 4.92250364914071e-07 4.69789000590026e-07 4.45660731429598e-07 4.2153246226917e-07 3.97404193108741e-07 3.73275923948313e-07 3.49147654787885e-07 3.25019357205747e-07
5.26278540746716e-07 5.31984596818802e-07 5.37690652890888e-07 5.43396708962973e-07 5.45203988622234e-07 5.45711714039498e-07 5.46219439456763e-07 5.46727164874028e-07 5.47234833447874e-07 5.47742558865139e-07 5.48250284282403e-07 5.48193384020124e-07 5.46442549875792e-07 5.4469171573146e-07 5.42940881587128e-07 5.41190047442797e-07 5.39439213298465e-07 5.37688379154133e-07 5.3593760185322e-07 5.42650354873331e-07 5.52184360458341e-07 5.61718366043351e-07 5.71252371628361e-07 5.80786377213371e-07 5.90320382798382e-07 5.99854388383392e-07 6.03019429945562e-07 5.87077522595791e-07 5.71135615246021e-07 5.55193707896251e-07 5.39251800546481e-07 5.23309893196711e-07 5.0736798584694e-07 4.9142607849717e-07 4.70573269240049e-07 4.48083540049993e-07 4.25593782438227e-07 4.03104024826462e-07 3.80614295636406e-07 3.5812453802464e-07 3.35634780412875e-07
5.35871720330761e-07 5.43771875527455e-07 5.51672030724148e-07 5.59572185920842e-07 5.62347395316465e-07 5.63414289445063e-07 5.64481183573662e-07 5.6554807770226e-07 5.66614971830859e-07 5.67681865959457e-07 5.68748703244637e-07 5.6885534149842e-07 5.66081268971175e-07 5.6330719644393e-07 5.60533123916684e-07 5.57759051389439e-07 5.54984978862194e-07 5.52210906334949e-07 5.49436833807704e-07 5.5338597348964e-07 5.59576221803582e-07 5.65766470117524e-07 5.71956718431466e-07 5.78146966745408e-07 5.84337158215931e-07 5.90527406529873e-07 5.91564287333313e-07 5.77141065605247e-07 5.62717843877181e-07 5.48294622149115e-07 5.33871400421049e-07 5.19448235536402e-07 5.05025013808336e-07 4.9060179208027e-07 4.71357566311781e-07 4.50506348670388e-07 4.29655102607285e-07 4.08803884965891e-07 3.87952667324498e-07 3.67101449683105e-07 3.46250203620002e-07
