data/working_set_collections/6091692-Cassins_Sparrow-M2/1980/wchange_avg.asc
NCOLS 265 
NROWS 230 
XLLCORNER -115.5625 
YLLCORNER 24.8333333333333 
CELLSIZE 0.0833333333333333 
NODATA_value -9999 
[rows 108 to 125 of 230, columns 82 to 122 of 265]
3.81566877649675e-07 3.72945009985415e-07 3.64323170742864e-07 3.55701303078604e-07 3.47079435414344e-07 3.38457596171793e-07 3.29835728507533e-07 3.23952178860054e-07 3.26283497997792e-07 3.2861484555724e-07 3.30946164694979e-07 3.33277483832717e-07 3.35608802970455e-07 3.37940122108193e-07 3.40271469667641e-07 3.47515111798202e-07 3.56396185452468e-07 3.65277259106733e-07 3.74158361182708e-07 3.83039434836974e-07 3.91920508491239e-07 4.00801582145505e-07 4.0861087313715e-07 4.13204787719224e-07 4.17798702301297e-07 4.22392616883371e-07 4.26986531465445e-07 4.31580446047519e-07 4.36174360629593e-07 4.40768275211667e-07 4.47651530066651e-07 4.5529790781984e-07 4.6294428557303e-07 4.7059066332622e-07 4.7823704107941e-07 4.85883447254309e-07 4.9352979658579e-07 5.01589397572388e-07 5.10888639837503e-07 5.20187882102618e-07 5.29487124367733e-07
4.26337550152311e-07 4.16478059150904e-07 4.06618596571207e-07 3.96759105569799e-07 3.86899614568392e-07 3.77040151988695e-07 3.67180660987287e-07 3.59947222250412e-07 3.60591855042003e-07 3.61236487833594e-07 3.61881120625185e-07 3.62525753416776e-07 3.63170386208367e-07 3.63815018999958e-07 3.64459651791549e-07 3.69955387213849e-07 3.77068118950774e-07 3.84180850687699e-07 3.91293610846333e-07 3.98406342583257e-07 4.05519074320182e-07 4.12631834478816e-07 4.1869571987263e-07 4.21613094658824e-07 4.24530469445017e-07 4.2744787265292e-07 4.30365247439113e-07 4.33282622225306e-07 4.36199997011499e-07 4.39117371797693e-07 4.45155421857635e-07 4.52233649639311e-07 4.59311877420987e-07 4.66390133624373e-07 4.73468361406049e-07 4.80546589187725e-07 4.8762484539111e-07 4.95409381073841e-07 5.05312641507771e-07 5.1521595878512e-07 5.25119276062469e-07
4.71108222654948e-07 4.60011136738103e-07 4.48914022399549e-07 4.37816908060995e-07 4.26719793722441e-07 4.15622707805596e-07 4.04525593467042e-07 3.9594223721906e-07 3.94900183664504e-07 3.93858130109948e-07 3.92816076555391e-07 3.91774023000835e-07 3.90731969446279e-07 3.89689915891722e-07 3.88647862337166e-07 3.92395662629497e-07 3.9774005244908e-07 4.03084442268664e-07 4.08428860509957e-07 4.13773250329541e-07 4.19117640149125e-07 4.24462058390418e-07 4.28780566608111e-07 4.30021401598424e-07 4.31262265010446e-07 4.32503100000758e-07 4.3374396341278e-07 4.34984798403093e-07 4.36225661815115e-07 4.37466496805428e-07 4.4265928522691e-07 4.49169391458781e-07 4.55679497690653e-07 4.62189603922525e-07 4.68699710154397e-07 4.75209787964559e-07 4.81719894196431e-07 4.89229307731875e-07 4.99736700021458e-07 5.10244035467622e-07 5.20751427757205e-07
5.15878923579294e-07 5.03544185903593e-07 4.91209448227892e-07 4.78874710552191e-07 4.6653997287649e-07 4.54205263622498e-07 4.41870525946797e-07 4.31937280609418e-07 4.29208540708714e-07 4.26479800808011e-07 4.23751060907307e-07 4.21022321006603e-07 4.1829355268419e-07 4.15564812783487e-07 4.12836072882783e-07 4.14835938045144e-07 4.18411985947387e-07 4.2198803384963e-07 4.25564110173582e-07 4.29140158075825e-07 4.32716205978068e-07 4.3629228230202e-07 4.38865413343592e-07 4.38429708538024e-07 4.37994032154165e-07 4.37558355770307e-07 4.37122679386448e-07 4.36687003002589e-07 4.36251298197021e-07 4.35815621813163e-07 4.40163177017894e-07 4.46105133278252e-07 4.52047117960319e-07 4.57989074220677e-07 4.63931030481035e-07 4.69872986741393e-07 4.75814943001751e-07 4.83049291233328e-07 4.94160701691726e-07 5.05272112150124e-07 5.1638357945194e-07
5.6064959608193e-07 5.47077263490792e-07 5.33504874056234e-07 5.19932541465096e-07 5.06360152030538e-07 4.927878194394e-07 4.79215430004842e-07 4.67932323999776e-07 4.63516897752925e-07 4.59101443084364e-07 4.54686016837513e-07 4.50270590590662e-07 4.45855135922102e-07 4.41439709675251e-07 4.370242834284e-07 4.37276213460791e-07 4.39083919445693e-07 4.40891653852304e-07 4.42699359837206e-07 4.44507065822108e-07 4.4631480022872e-07 4.48122506213622e-07 4.48950231657363e-07 4.46838015477624e-07 4.44725827719594e-07 4.42613611539855e-07 4.40501395360116e-07 4.38389179180376e-07 4.36276963000637e-07 4.34164746820898e-07 4.37667068808878e-07 4.43040875097722e-07 4.48414709808276e-07 4.53788544518829e-07 4.59162350807674e-07 4.64536185518227e-07 4.69909991807071e-07 4.76869217891362e-07 4.88584703361994e-07 5.00300188832625e-07 5.12015731146676e-07
6.05420268584567e-07 5.90610284234572e-07 5.75800299884577e-07 5.60990315534582e-07 5.46180331184587e-07 5.31370346834592e-07 5.16560362484597e-07 5.03927367390133e-07 4.97825226375426e-07 4.91723085360718e-07 4.85621001189429e-07 4.79518860174721e-07 4.73416719160014e-07 4.67314606567015e-07 4.61212493974017e-07 4.59716488876438e-07 4.59755852943999e-07 4.5979524543327e-07 4.59834609500831e-07 4.59873973568392e-07 4.59913366057663e-07 4.59952730125224e-07 4.59035078392844e-07 4.55246322417224e-07 4.51457594863314e-07 4.47668838887694e-07 4.43880111333783e-07 4.40091355358163e-07 4.36302627804253e-07 4.32513871828633e-07 4.35170960599862e-07 4.39976645338902e-07 4.44782330077942e-07 4.49588014816982e-07 4.54393671134312e-07 4.59199355873352e-07 4.64005040612392e-07 4.70689201392815e-07 4.83008761875681e-07 4.95328322358546e-07 5.07647825997992e-07
6.65064874283416e-07 6.4873904648266e-07 6.32413161838485e-07 6.1608727719431e-07 5.99761449393554e-07 5.83435564749379e-07 5.67109736948623e-07 5.52617336779804e-07 5.43625276350213e-07 5.3463327276404e-07 5.25641269177868e-07 5.16649208748277e-07 5.07657205162104e-07 4.98665201575932e-07 4.89673141146341e-07 4.85383679915685e-07 4.82661732803535e-07 4.79939728847967e-07 4.77217781735817e-07 4.74495777780248e-07 4.71773830668099e-07 4.69051855134239e-07 4.65946754957258e-07 4.6169236611604e-07 4.57437948853112e-07 4.53183531590184e-07 4.48929142748966e-07 4.44674725486038e-07 4.4042033664482e-07 4.36165919381892e-07 4.38737657759702e-07 4.43584752929382e-07 4.48431876520772e-07 4.53278971690452e-07 4.58126066860132e-07 4.62973190451521e-07 4.67820285621201e-07 4.74663551131016e-07 4.87495242396108e-07 5.0032690523949e-07 5.13158568082872e-07
7.3958341317848e-07 7.2146343654822e-07 7.0334345991796e-07 6.85223426444281e-07 6.67103449814022e-07 6.48983473183762e-07 6.30863496553502e-07 6.14002203747077e-07 6.00917076098995e-07 5.87831948450912e-07 5.7474682080283e-07 5.61661693154747e-07 5.48576565506664e-07 5.35491437858582e-07 5.22406310210499e-07 5.14277758156823e-07 5.07801473759173e-07 5.01325132518105e-07 4.94848791277036e-07 4.88372506879386e-07 4.81896165638318e-07 4.75419852818959e-07 4.69685289772315e-07 4.66176089730652e-07 4.6266688968899e-07 4.59157689647327e-07 4.55648489605665e-07 4.52139289564002e-07 4.48630089522339e-07 4.45120889480677e-07 4.48367160288399e-07 4.53865254712582e-07 4.59363349136765e-07 4.64861443560949e-07 4.70359537985132e-07 4.75857632409316e-07 4.81355755255208e-07 4.88792295527674e-07 5.02044144923275e-07 5.15296051162295e-07 5.28547900557896e-07
8.14101952073543e-07 7.94187826613779e-07 7.74273701154016e-07 7.54359575694252e-07 7.34445450234489e-07 7.14531381618144e-07 6.94617256158381e-07 6.7538707071435e-07 6.58208875847777e-07 6.41030624137784e-07 6.23852372427791e-07 6.06674177561217e-07 5.89495925851224e-07 5.72317674141232e-07 5.55139479274658e-07 5.43171893241379e-07 5.3294121471481e-07 5.22710536188242e-07 5.12479857661674e-07 5.02249179135106e-07 4.92018500608538e-07 4.81787822081969e-07 4.73423853009081e-07 4.70659841766974e-07 4.67895830524867e-07 4.6513184770447e-07 4.62367836462363e-07 4.59603825220256e-07 4.56839842399859e-07 4.54075831157752e-07 4.57996662817095e-07 4.64145728074072e-07 4.70294821752759e-07 4.76443915431446e-07 4.82593009110133e-07 4.88742102788819e-07 4.94891196467506e-07 5.02921011502622e-07 5.16593104293861e-07 5.302651970851e-07 5.43937233032921e-07
8.88620490968606e-07 8.66912216679339e-07 8.4520399923349e-07 8.23495724944223e-07 8.01787507498375e-07 7.80079233209108e-07 7.5837101576326e-07 7.36771994525043e-07 7.1550061875314e-07 6.94229299824656e-07 6.72957980896172e-07 6.51686605124269e-07 6.30415286195785e-07 6.091439672673e-07 5.87872591495398e-07 5.72066028325935e-07 5.58080955670448e-07 5.4409593985838e-07 5.30110924046312e-07 5.16125908234244e-07 5.02140892422176e-07 4.88155819766689e-07 4.77162359402428e-07 4.75143565381586e-07 4.73124771360744e-07 4.71105977339903e-07 4.69087183319061e-07 4.6706838929822e-07 4.65049595277378e-07 4.63030801256537e-07 4.67626165345791e-07 4.74426229857272e-07 4.81226322790462e-07 4.88026387301943e-07 4.94826451813424e-07 5.01626516324905e-07 5.08426637679804e-07 5.1704972747757e-07 5.31142006821028e-07 5.45234286164487e-07 5.59326565507945e-07
9.6313897302025e-07 9.39636606744898e-07 9.16134240469546e-07 8.92631874194194e-07 8.69129507918842e-07 8.4562714164349e-07 8.22124775368138e-07 7.98156861492316e-07 7.72792418501922e-07 7.47427975511528e-07 7.22063532521133e-07 6.96699089530739e-07 6.71334646540345e-07 6.4597020354995e-07 6.20605760559556e-07 6.00960106567072e-07 5.83220753469504e-07 5.65481343528518e-07 5.4774199043095e-07 5.30002580489963e-07 5.12263227392395e-07 4.94523817451409e-07 4.80900894217484e-07 4.79627317417908e-07 4.78353740618331e-07 4.77080106975336e-07 4.7580653017576e-07 4.74532953376183e-07 4.73259348154897e-07 4.71985742933612e-07 4.77255639452778e-07 4.84706731640472e-07 4.92157766984747e-07 4.9960885917244e-07 5.07059951360134e-07 5.14510986704408e-07 5.21962078892102e-07 5.31178500295937e-07 5.45690966191614e-07 5.60203432087292e-07 5.74715954826388e-07
1.03765751191531e-06 1.01236105365388e-06 9.87064481705602e-07 9.61768023444165e-07 9.36471508339309e-07 9.11174993234454e-07 8.85878534973017e-07 8.5954172845959e-07 8.30084218250704e-07 8.006266511984e-07 7.71169084146095e-07 7.41711573937209e-07 7.12254006884905e-07 6.827964398326e-07 6.53338929623715e-07 6.29854241651628e-07 6.08360494425142e-07 5.86866747198656e-07 5.65373056815588e-07 5.43879309589101e-07 5.22385562362615e-07 5.00891815136129e-07 4.84639429032541e-07 4.84111069454229e-07 4.83582653032499e-07 4.83054293454188e-07 4.82525877032458e-07 4.81997517454147e-07 4.81469101032417e-07 4.80940741454106e-07 4.86885141981475e-07 4.94987205001962e-07 5.0308926802245e-07 5.11191331042937e-07 5.19293394063425e-07 5.27395457083912e-07 5.354975201044e-07 5.45307216270885e-07 5.602399255622e-07 5.75172578010097e-07 5.90105287301412e-07
1.06810091438092e-06 1.04490379726485e-06 1.02170656646194e-06 9.98509335659037e-07 9.75312218542967e-07 9.5211498774006e-07 9.28917813780572e-07 9.03254999684577e-07 8.70195322022482e-07 8.37135644360387e-07 8.04075966698292e-07 7.71016289036197e-07 7.37956611374102e-07 7.04896933712007e-07 6.71837256049912e-07 6.46604064513667e-07 6.23979758529458e-07 6.01355452545249e-07 5.78731089717621e-07 5.56106783733412e-07 5.33482477749203e-07 5.10858114921575e-07 4.93917809762934e-07 4.94029563924414e-07 4.94141261242476e-07 4.94252958560537e-07 4.94364712722017e-07 4.94476410040079e-07 4.9458810735814e-07 4.94699861519621e-07 5.02681928082893e-07 5.13287488956848e-07 5.23893049830804e-07 5.34498610704759e-07 5.45104228422133e-07 5.55709789296088e-07 5.66315350170044e-07 5.78056472022581e-07 5.93204219967447e-07 6.08352024755732e-07 6.23499829544016e-07
1.05446918041707e-06 1.03726472389098e-06 1.02006038105174e-06 1.00285592452565e-06 9.8565146799956e-07 9.68447011473472e-07 9.51242611790803e-07 9.2929661832386e-07 8.93125786660676e-07 8.56954954997491e-07 8.20784123334306e-07 7.84613291671121e-07 7.48442460007936e-07 7.12271628344752e-07 6.76100796681567e-07 6.51209688840027e-07 6.30078545782453e-07 6.0894740272488e-07 5.87816202823888e-07 5.66685059766314e-07 5.45553916708741e-07 5.24422716807749e-07 5.08736036408663e-07 5.09382743985043e-07 5.10029508404841e-07 5.10676215981221e-07 5.113229235576e-07 5.11969687977398e-07 5.12616395553778e-07 5.13263103130157e-07 5.24645997757034e-07 5.39607583505131e-07 5.54569169253227e-07 5.69530755001324e-07 5.8449239759284e-07 5.99453983340936e-07 6.14415569089033e-07 6.29426210707607e-07 6.44583963094192e-07 6.59741772324196e-07 6.74899524710781e-07
1.04083744645322e-06 1.02962576420396e-06 1.01841408195469e-06 1.00720239970542e-06 9.9599083114299e-07 9.84779148893722e-07 9.73567466644454e-07 9.55338236963144e-07 9.1605619445545e-07 8.76774208791176e-07 8.3749227997032e-07 7.98210294306045e-07 7.58928308641771e-07 7.19646322977496e-07 6.80364337313222e-07 6.55815313166386e-07 6.36177333035448e-07 6.1653935290451e-07 5.96901315930154e-07 5.77263335799216e-07 5.57625355668279e-07 5.37987318693922e-07 5.23554263054393e-07 5.24735980889091e-07 5.25917698723788e-07 5.27099473401904e-07 5.28281191236601e-07 5.29462909071299e-07 5.30644683749415e-07 5.31826401584112e-07 5.46610067431175e-07 5.65927678053413e-07 5.85245288675651e-07 6.04562899297889e-07 6.23880566763546e-07 6.43198177385784e-07 6.62515788008022e-07 6.80795949392632e-07 6.95963706220937e-07 7.1113151989266e-07 7.26299276720965e-07
1.02720571248938e-06 1.02198680451693e-06 1.01676789654448e-06 1.01154898857203e-06 1.00633008059958e-06 1.00111117262713e-06 9.95892264654685e-07 9.81379798759008e-07 9.38986659093644e-07 8.96593519428279e-07 8.54200379762915e-07 8.11807240097551e-07 7.69414157275605e-07 7.27021017610241e-07 6.84627877944877e-07 6.60420937492745e-07 6.42276120288443e-07 6.24131303084141e-07 6.0598642903642e-07 5.87841611832118e-07 5.69696737784398e-07 5.51551920580096e-07 5.38372489700123e-07 5.40089217793138e-07 5.41805945886153e-07 5.43522673979169e-07 5.45239458915603e-07 5.46956187008618e-07 5.48672915101633e-07 5.50389700038068e-07 5.68574080261897e-07 5.92247772601695e-07 6.15921408098075e-07 6.39595043594454e-07 6.63268735934253e-07 6.86942371430632e-07 7.10616006927012e-07 7.32165688077657e-07 7.473435061911e-07 7.62521267461125e-07 7.77699028731149e-07
1.01357397852553e-06 1.0143478448299e-06 1.01512171113427e-06 1.01589557743864e-06 1.01666933005617e-06 1.01744319636055e-06 1.01821706266492e-06 1.00742136055487e-06 9.61917066888418e-07 9.16412830065383e-07 8.70908536398929e-07 8.25404242732475e-07 7.7990000590944e-07 7.34395712242986e-07 6.88891418576532e-07 6.65026561819104e-07 6.48374907541438e-07 6.31723253263772e-07 6.15071542142687e-07 5.9841988786502e-07 5.81768176743935e-07 5.65116522466269e-07 5.53190716345853e-07 5.55442454697186e-07 5.57694193048519e-07 5.59945931399852e-07 5.62197669751185e-07 5.64449464945938e-07 5.66701203297271e-07 5.68952941648604e-07 5.90538149936037e-07 6.18567810306558e-07 6.46597527520498e-07 6.74627187891019e-07 7.0265684826154e-07 7.3068656547548e-07 7.58716225846001e-07 7.83535426762683e-07 7.98723249317845e-07 8.13911015029589e-07 8.29098780741333e-07
9.9994224456168e-07 1.00670888514287e-06 1.01347552572406e-06 1.02024205261841e-06 1.0270086931996e-06 1.0337753337808e-06 1.04054186067515e-06 1.03346303603757e-06 9.8484758837003e-07 9.36232140702487e-07 8.87616693034943e-07 8.39001245367399e-07 7.90385797699855e-07 7.4177040687573e-07 6.93154959208186e-07 6.69632186145463e-07 6.54473694794433e-07 6.39315146599984e-07 6.24156655248953e-07 6.08998163897922e-07 5.93839615703473e-07 5.78681124352443e-07 5.68008886148164e-07 5.70795691601234e-07 5.73582440210885e-07 5.76369188820536e-07 5.79155937430187e-07 5.81942686039838e-07 5.84729491492908e-07 5.87516240102559e-07 6.12502219610178e-07 6.44887904854841e-07 6.77273646942922e-07 7.09659332187584e-07 7.42045017432247e-07 7.74430759520328e-07 8.06816444764991e-07 8.34905165447708e-07 8.5010299244459e-07 8.65300762598054e-07 8.80498532751517e-07
