data/working_set_collections/6091692-Cassins_Sparrow-M2/1980/wchange_avg.asc
NCOLS 265 
NROWS 230 
XLLCORNER -115.5625 
YLLCORNER 24.8333333333333 
CELLSIZE 0.0833333333333333 
NODATA_value -9999 
[rows 198 to 215 of 230, columns 82 to 122 of 265]
9.93519847725111e-07 1.08182337044127e-06 1.17012677947059e-06 1.25843018849991e-06 1.34673359752924e-06 1.43503700655856e-06 1.52334041558788e-06 1.59436592639395e-06 1.61355762884341e-06 1.63274944497971e-06 1.65194114742917e-06 1.67113284987863e-06 1.69032466601493e-06 1.70951636846439e-06 1.72870818460069e-06 1.6796260524643e-06 1.60778597546596e-06 1.53594589846762e-06 1.46410582146927e-06 1.39226574447093e-06 1.32042566747259e-06 1.24858559047425e-06 1.1830700259452e-06 1.13652833988453e-06 1.08998665382387e-06 1.04344496776321e-06 9.96903281702544e-07 9.50361538798461e-07 9.03819852737797e-07 8.57278109833715e-07 8.02886688688886e-07 7.45878594443639e-07 6.8887055704181e-07 6.31862519639981e-07 5.74854425394733e-07 5.17846387992904e-07 4.60838350591075e-07 4.10669230177518e-07 3.81016917572197e-07 3.51364633388584e-07 3.21712320783263e-07
9.6486542133789e-07 1.04474338513683e-06 1.1246214626226e-06 1.20449942642153e-06 1.28437739022047e-06 1.36425546770624e-06 1.44413343150518e-06 1.51042831930681e-06 1.5359738654297e-06 1.56151941155258e-06 1.58706484398863e-06 1.61261039011151e-06 1.6381559362344e-06 1.66370148235728e-06 1.68924691479333e-06 1.6522061514479e-06 1.5943033986332e-06 1.53640053213167e-06 1.47849766563013e-06 1.42059479912859e-06 1.36269193262706e-06 1.30478917981236e-06 1.24969619719195e-06 1.2030330935886e-06 1.15637010367209e-06 1.10970700006874e-06 1.06304389646539e-06 1.01638079286204e-06 9.69717689258687e-07 9.23054585655336e-07 8.63924810801109e-07 8.00639497811062e-07 7.37354184821015e-07 6.7406881498755e-07 6.10783501997503e-07 5.47498189007456e-07 4.8421281917399e-07 4.29048554906331e-07 3.98247323118994e-07 3.67446091331658e-07 3.36644859544322e-07
9.36210881263833e-07 1.00766351351922e-06 1.07911603208777e-06 1.15056866434315e-06 1.22202129659854e-06 1.29347392885393e-06 1.36492656110931e-06 1.42649082590651e-06 1.45839010201598e-06 1.49028937812545e-06 1.52218865423492e-06 1.55408793034439e-06 1.58598720645386e-06 1.61788648256334e-06 1.64978575867281e-06 1.62478636411834e-06 1.58082070811361e-06 1.53685516579571e-06 1.49288950979098e-06 1.44892396747309e-06 1.40495831146836e-06 1.36099276915047e-06 1.3163223684387e-06 1.26953796097951e-06 1.22275343983347e-06 1.17596891868743e-06 1.12918451122823e-06 1.08239999008219e-06 1.035615582623e-06 9.88831061476958e-07 9.2496298975675e-07 8.55400401178485e-07 7.85837755756802e-07 7.16275167178537e-07 6.46712578600273e-07 5.77149933178589e-07 5.07587344600324e-07 4.47427851213433e-07 4.15477700244082e-07 3.83527549274731e-07 3.51577369883671e-07
9.07556341189775e-07 9.70583528214775e-07 1.03361071523977e-06 1.09663801595161e-06 1.15966520297661e-06 1.22269239000161e-06 1.28571957702661e-06 1.34255321881938e-06 1.38080622491543e-06 1.41905934469833e-06 1.45731235079438e-06 1.49556535689044e-06 1.53381847667333e-06 1.57207148276939e-06 1.61032448886544e-06 1.59736657678877e-06 1.56733813128085e-06 1.53730979945976e-06 1.50728146763868e-06 1.47725302213075e-06 1.44722469030967e-06 1.41719635848858e-06 1.38294853968546e-06 1.33604271468357e-06 1.28913688968169e-06 1.24223095099296e-06 1.19532512599108e-06 1.14841930098919e-06 1.10151336230047e-06 1.05460753729858e-06 9.86001168712392e-07 9.1016124770249e-07 8.34321383536007e-07 7.58481519369525e-07 6.82641598359623e-07 6.06801734193141e-07 5.30961870026658e-07 4.65807175942246e-07 4.3270807736917e-07 3.99609007217805e-07 3.6650990864473e-07
8.78901857959136e-07 9.33503656597168e-07 9.88105398391781e-07 1.04270725387323e-06 1.09730899566785e-06 1.1519108511493e-06 1.20651259294391e-06 1.25861561173224e-06 1.30322246150172e-06 1.3478293112712e-06 1.39243604735384e-06 1.43704289712332e-06 1.4816497468928e-06 1.52625648297544e-06 1.57086333274492e-06 1.56994667577237e-06 1.55385555444809e-06 1.53776443312381e-06 1.52167331179953e-06 1.50558219047525e-06 1.48949106915097e-06 1.47339994782669e-06 1.44957471093221e-06 1.40254746838764e-06 1.35552022584307e-06 1.30849298329849e-06 1.26146574075392e-06 1.21443849820935e-06 1.16741125566477e-06 1.1203840131202e-06 1.04703929082461e-06 9.64922151069914e-07 8.82804954471794e-07 8.00687814717094e-07 7.18570674962393e-07 6.36453535207693e-07 5.54336338609573e-07 4.84186500671058e-07 4.49938454494259e-07 4.15690465160878e-07 3.81442447405789e-07
8.50247317885078e-07 8.96423728136142e-07 9.42600138387206e-07 9.88776491794852e-07 1.03495290204592e-06 1.08112931229698e-06 1.12730560886121e-06 1.17467811833194e-06 1.22563869808801e-06 1.27659927784407e-06 1.32755985760014e-06 1.3785204373562e-06 1.42948101711227e-06 1.48044159686833e-06 1.5314021766244e-06 1.54252688844281e-06 1.54037297761533e-06 1.53821906678786e-06 1.53606515596039e-06 1.53391135881975e-06 1.53175744799228e-06 1.5296035371648e-06 1.5162009958658e-06 1.46905233577854e-06 1.42190367569128e-06 1.37475501560402e-06 1.32760635551676e-06 1.2804576954295e-06 1.23330903534224e-06 1.18616048894182e-06 1.10807741293684e-06 1.01968305443734e-06 9.31288582251e-07 8.42894166908081e-07 7.54499694721744e-07 6.66105279378826e-07 5.77710864035907e-07 5.0256579697816e-07 4.67168860041056e-07 4.31771923103952e-07 3.96374957745138e-07
8.16900751487992e-07 8.56634414958535e-07 8.96368021585658e-07 9.36101685056201e-07 9.75835291683325e-07 1.01556895515387e-06 1.05530261862441e-06 1.09842324036435e-06 1.15170496428618e-06 1.20498668820801e-06 1.25826841212984e-06 1.3115502497385e-06 1.36483197366033e-06 1.41811369758216e-06 1.47139542150398e-06 1.49380048242165e-06 1.5059132465467e-06 1.51802601067175e-06 1.53013888848363e-06 1.54225165260868e-06 1.55436441673373e-06 1.56647729454562e-06 1.56335352130554e-06 1.51452024965693e-06 1.46568709169514e-06 1.41685382004653e-06 1.36802054839791e-06 1.31918727674929e-06 1.27035411878751e-06 1.22152084713889e-06 1.14032491183025e-06 1.04834157355072e-06 9.56358121584344e-07 8.64374669617973e-07 7.72391217651602e-07 6.80407765685231e-07 5.8842431371886e-07 5.10675079112843e-07 4.75628525009597e-07 4.40581970906351e-07 4.05535388381395e-07
7.78862158767879e-07 8.14135717064346e-07 8.49409218517394e-07 8.84682776813861e-07 9.19956278266909e-07 9.55229779719957e-07 9.90503394859843e-07 1.02985109151632e-06 1.08142137378309e-06 1.13299165604985e-06 1.18456193831662e-06 1.23613222058339e-06 1.28770261653699e-06 1.33927289880376e-06 1.39084318107052e-06 1.42376745770889e-06 1.45047636124218e-06 1.47718537846231e-06 1.5038942819956e-06 1.53060318552889e-06 1.55731220274902e-06 1.58402110628231e-06 1.59103251462511e-06 1.5389515510833e-06 1.48687047385465e-06 1.434789396626e-06 1.38270831939735e-06 1.33062735585554e-06 1.27854627862689e-06 1.22646520139824e-06 1.14378178750485e-06 1.05089759472321e-06 9.58013515628409e-07 8.65129322846769e-07 7.7224513006513e-07 6.79360937283491e-07 5.86476744501851e-07 5.08514403918525e-07 4.753175062433e-07 4.42120636989785e-07 4.0892373931456e-07
7.40823509204347e-07 7.71636962326738e-07 8.0245041544913e-07 8.33263868571521e-07 8.64077264850494e-07 8.94890717972885e-07 9.25704171095276e-07 9.61278942668287e-07 1.01113778327999e-06 1.0609966238917e-06 1.1108554645034e-06 1.16071430511511e-06 1.21057314572681e-06 1.26043198633852e-06 1.31029094063706e-06 1.35373443299613e-06 1.39503947593766e-06 1.43634463256603e-06 1.47764967550756e-06 1.51895483213593e-06 1.56025987507746e-06 1.60156491801899e-06 1.61871150794468e-06 1.56338273882284e-06 1.50805385601416e-06 1.45272497320548e-06 1.39739620408363e-06 1.34206732127495e-06 1.28673843846627e-06 1.23140955565759e-06 1.14723866317945e-06 1.05345372958254e-06 9.59668909672473e-07 8.65883976075565e-07 7.72099042478658e-07 6.7831410888175e-07 5.84529175284842e-07 5.06353728724207e-07 4.75006487477003e-07 4.43659274651509e-07 4.12312090247724e-07
7.02784916484234e-07 7.2913826443255e-07 7.55491612380865e-07 7.81844903485762e-07 8.08198251434078e-07 8.34551599382394e-07 8.6090494733071e-07 8.92706793820253e-07 9.40854192776897e-07 9.8900159173354e-07 1.03714899069018e-06 1.08529638964683e-06 1.13344378860347e-06 1.18159118756012e-06 1.22973858651676e-06 1.28370140828338e-06 1.33960259063315e-06 1.39550388666976e-06 1.45140506901953e-06 1.50730636505614e-06 1.56320754740591e-06 1.61910884344252e-06 1.64639061495109e-06 1.58781392656238e-06 1.52923723817366e-06 1.47066054978495e-06 1.41208397508308e-06 1.35350728669437e-06 1.29493059830565e-06 1.23635402360378e-06 1.15069553885405e-06 1.05600986444188e-06 9.61324303716538e-07 8.66638629304362e-07 7.71952954892186e-07 6.7726728048001e-07 5.82581662911252e-07 5.0419299668647e-07 4.74695468710706e-07 4.45197940734943e-07 4.15700412759179e-07
6.64746266920702e-07 6.86639509694942e-07 7.08532752469182e-07 7.30425995243422e-07 7.52319238017662e-07 7.74212480791903e-07 7.96105723566143e-07 8.24134644972219e-07 8.70570602273801e-07 9.17006559575384e-07 9.63442516876967e-07 1.00987847417855e-06 1.05631443148013e-06 1.10275038878171e-06 1.1491863460833e-06 1.21366838357062e-06 1.28416581901547e-06 1.35466314077348e-06 1.42516057621833e-06 1.49565789797634e-06 1.56615533342119e-06 1.6366526551792e-06 1.67406960827066e-06 1.61224511430191e-06 1.55042062033317e-06 1.48859624005127e-06 1.42677174608252e-06 1.36494725211378e-06 1.30312275814504e-06 1.24129837786313e-06 1.15415241452865e-06 1.05856599930121e-06 9.62979697760602e-07 8.67393282533158e-07 7.71806867305713e-07 6.76220452078269e-07 5.80634093694243e-07 5.02032321492152e-07 4.74384449944409e-07 4.46736606818376e-07 4.19088763692343e-07
6.26707674200588e-07 6.44140811800753e-07 6.61573949400918e-07 6.79007087001082e-07 6.96440224601247e-07 7.13873362201412e-07 7.31306499801576e-07 7.55562496124185e-07 8.00287011770706e-07 8.45011527417228e-07 8.89736043063749e-07 9.3446055871027e-07 9.79185074356792e-07 1.02390959000331e-06 1.06863410564983e-06 1.14363535885786e-06 1.22872893371095e-06 1.31382239487721e-06 1.3989159697303e-06 1.48400943089655e-06 1.56910300574964e-06 1.65419658060273e-06 1.70174860159023e-06 1.63667630204145e-06 1.57160411617951e-06 1.50653181663074e-06 1.44145951708197e-06 1.37638721753319e-06 1.31131503167126e-06 1.24624273212248e-06 1.15760929020325e-06 1.06112213416054e-06 9.64635091804666e-07 8.68147935761954e-07 7.71660779719241e-07 6.75173623676528e-07 5.78686524477234e-07 4.99871646297834e-07 4.74073431178113e-07 4.4827527290181e-07 4.22477086203799e-07
5.97926089085377e-07 6.11759446655924e-07 6.2559286106989e-07 6.39426218640438e-07 6.53259633054404e-07 6.6709304746837e-07 6.80926405038917e-07 7.01434260008682e-07 7.41965322959004e-07 7.82496385909326e-07 8.23027448859648e-07 8.6355851180997e-07 9.04089574760292e-07 9.44620694554033e-07 9.85151700660936e-07 1.06552238321456e-06 1.15917282528244e-06 1.25282338103716e-06 1.34647382310504e-06 1.44012426517293e-06 1.53377470724081e-06 1.62742526299553e-06 1.68131930422533e-06 1.61594402925402e-06 1.55056886796956e-06 1.4851937066851e-06 1.41981843171379e-06 1.35444327042933e-06 1.28906799545803e-06 1.22369283417356e-06 1.13675139346014e-06 1.04262130662391e-06 9.48491219787684e-07 8.54361132951453e-07 7.60231046115223e-07 6.66100902435574e-07 5.71970815599343e-07 4.95344238515827e-07 4.71228162268744e-07 4.47112114443371e-07 4.22996038196288e-07
5.78401454731647e-07 5.89495471103874e-07 6.005894874761e-07 6.11683447004907e-07 6.22777463377133e-07 6.33871479749359e-07 6.44965439278167e-07 6.61749879782292e-07 6.95605478995276e-07 7.29461135051679e-07 7.63316734264663e-07 7.97172390321066e-07 8.3102798953405e-07 8.64883645590453e-07 8.98739244803437e-07 9.79329342953861e-07 1.07549760741676e-06 1.17166587187967e-06 1.26783402265573e-06 1.36400228711864e-06 1.46017055158154e-06 1.55633881604444e-06 1.61278171617596e-06 1.55004840962647e-06 1.48731510307698e-06 1.42458179652749e-06 1.361848489978e-06 1.29911529711535e-06 1.23638199056586e-06 1.17364868401637e-06 1.09157883798616e-06 1.00306351669133e-06 9.14548252239911e-07 8.26032930945075e-07 7.3751760965024e-07 6.49002288355405e-07 5.60486967060569e-07 4.88450098146131e-07 4.65848614794595e-07 4.43247103021349e-07 4.20645619669813e-07
5.58876877221337e-07 5.67231495551823e-07 5.75586113882309e-07 5.83940675369377e-07 5.92295293699863e-07 6.00649912030349e-07 6.09004473517416e-07 6.22065499555902e-07 6.49245691874967e-07 6.76425827350613e-07 7.03606019669678e-07 7.30786211988743e-07 7.57966404307808e-07 7.85146596626873e-07 8.12326788945938e-07 8.93136359536584e-07 9.91822389551089e-07 1.09050836272218e-06 1.18919433589326e-06 1.28788030906435e-06 1.38656639592227e-06 1.48525236909336e-06 1.54424401443976e-06 1.48415267631208e-06 1.4240613381844e-06 1.36397000005672e-06 1.30387854824221e-06 1.24378721011453e-06 1.18369587198686e-06 1.12360453385918e-06 1.04640628251218e-06 9.6350572675874e-07 8.80605227848719e-07 7.97704728938697e-07 7.14804173185257e-07 6.31903674275236e-07 5.49003118521796e-07 4.81556014619855e-07 4.60469067320446e-07 4.39382120021037e-07 4.18295172721628e-07
5.39352299711027e-07 5.44967519999773e-07 5.50582740288519e-07 5.56197903733846e-07 5.61813124022592e-07 5.67428344311338e-07 5.73043507756665e-07 5.82381119329511e-07 6.02885847911239e-07 6.23390576492966e-07 6.43895361918112e-07 6.64400090499839e-07 6.84904819081567e-07 7.05409547663294e-07 7.2591433308844e-07 8.06943319275888e-07 9.08147114841995e-07 1.00935085356468e-06 1.11055464913079e-06 1.2117584446969e-06 1.31296212657617e-06 1.41416592214227e-06 1.47570642639039e-06 1.41825694299769e-06 1.36080757329182e-06 1.30335808989912e-06 1.24590872019326e-06 1.18845923680055e-06 1.13100986709469e-06 1.07356038370199e-06 1.0012337270382e-06 9.23947993669572e-07 8.46662260300945e-07 7.693764700889e-07 6.92090736720274e-07 6.14805003351648e-07 5.37519269983022e-07 4.7466187425016e-07 4.55089491424587e-07 4.35517137020724e-07 4.15944754195152e-07
5.19827722200716e-07 5.22703544447722e-07 5.2557930985131e-07 5.28455132098316e-07 5.31330954345322e-07 5.34206776592328e-07 5.37082541995915e-07 5.42696739103121e-07 5.56526003947511e-07 5.70355325635319e-07 5.84184647323127e-07 5.98013912167517e-07 6.11843233855325e-07 6.25672498699714e-07 6.39501820387522e-07 7.20750279015192e-07 8.24471840132901e-07 9.28193344407191e-07 1.03191484868148e-06 1.13563646664261e-06 1.2393579709169e-06 1.34307947519119e-06 1.40716883834102e-06 1.35236132337013e-06 1.29755380839924e-06 1.24274629342835e-06 1.18793877845746e-06 1.13313126348658e-06 1.07832374851569e-06 1.0235162335448e-06 9.56061171564215e-07 8.84390203736984e-07 8.12719235909753e-07 7.41048268082523e-07 6.6937735709871e-07 5.9770638927148e-07 5.26035421444249e-07 4.67767762302174e-07 4.49709943950438e-07 4.31652125598703e-07 4.13594335668677e-07
5.00303144690406e-07 5.00439568895672e-07 5.00575936257519e-07 5.00712360462785e-07 5.00848784668051e-07 5.00985152029898e-07 5.01121576235164e-07 5.03012358876731e-07 5.10166216827201e-07 5.17320074777672e-07 5.24473932728142e-07 5.31627790678613e-07 5.38781648629083e-07 5.45935506579553e-07 5.53089364530024e-07 6.34557295597915e-07 7.40796565423807e-07 8.47035892093118e-07 9.53275161919009e-07 1.05951448858832e-06 1.16575381525763e-06 1.2719930282401e-06 1.33863113660482e-06 1.28646559005574e-06 1.23430004350666e-06 1.18213438327075e-06 1.12996883672167e-06 1.0778032901726e-06 1.02563762993668e-06 9.73472083387605e-07 9.10888559246814e-07 8.44832413804397e-07 7.78776211518561e-07 7.12720066076145e-07 6.46663920633728e-07 5.80607718347892e-07 5.14551572905475e-07 4.60873650354188e-07 4.44330396476289e-07 4.2778714259839e-07 4.11243888720492e-07
