data/working_set_collections/6091692-Cassins_Sparrow-MC/1980/bio17.asc
NCOLS 265 
NROWS 230 
XLLCORNER -115.5625 
YLLCORNER 24.8333333333333 
CELLSIZE 0.0833333333333333 
NODATA_value -9999 
[rows 160 to 179 of 230, columns 184 to 229 of 265]
87.8444156646725 90.3747959136957 92.905176162719 95.0014446258542 96.9530091603593 98.9045736948644 100.85613822937 102.807702763875 104.75926729838 106.710831832885 108.456896972656 109.586463928222 110.716030883789 111.845597839355 112.975164794922 114.104731750488 115.234298706054 116.363865661621 116.452487754822 116.194128227234 115.935768699646 115.677409172058 115.41904964447 115.160690116882 114.902330589294 115.232404454549 117.327778498331 119.423152542114 121.518526585896 123.613900629679 125.709274673462 127.804648717244 129.900022761026 133.566176986694 137.755924606322 141.945672225951 146.13541984558 150.325167465209 154.514915084838 158.704662704467 163.051683171589 167.870522181191 172.689361190795 177.508200200398 182.32703921 187.145878219604
87.6817536671952 90.1571975284147 92.6326413896342 94.7500853220619 96.7481959448916 98.7463065677213 100.744417190551 102.742527813381 104.740638436211 106.738749059041 108.518656243218 109.643953111436 110.769249979655 111.894546847873 113.019843716091 114.14514058431 115.270437452528 116.395734320746 116.478375943502 116.213465817769 115.948555692037 115.683645566305 115.418735440572 115.15382531484 114.888915189107 115.212159686618 117.29986805386 119.387576421102 121.475284788343 123.562993155585 125.650701522827 127.738409890068 129.82611825731 133.61084276835 137.961239327324 142.311635886297 146.662032445271 151.012429004244 155.362825563218 159.713222122192 164.178778966267 168.989816665648 173.80085436503 178.611892064411 183.422929763792 188.233967463174
87.5609113693233 90.0375509262079 92.5141904830925 94.6493028640744 96.6705728530879 98.6918428421015 100.713112831115 102.734382820129 104.755652809143 106.776922798156 108.574549547831 109.701246579488 110.827943611145 111.954640642802 113.081337674458 114.208034706116 115.334731737772 116.461428769429 116.538012313843 116.264558029175 115.991103744507 115.717649459839 115.444195175171 115.170740890503 114.897286605835 115.216496361626 117.313698238796 119.410900115966 121.508101993136 123.605303870306 125.702505747477 127.799707624647 129.896909501817 133.764646784464 138.222562535603 142.680478286742 147.138394037882 151.596309789021 156.05422554016 160.5121412913 165.045545238918 169.805413775972 174.565282313028 179.325150850083 184.085019387138 188.844887924194
87.4818887710567 90.0158561070754 92.5498234430942 94.6990972518917 96.7201398849483 98.7411825180048 100.762225151062 102.783267784118 104.804310417175 106.825353050232 108.624576886495 109.758344332377 110.892111778259 112.025879224141 113.159646670023 114.293414115906 115.427181561788 116.56094900767 116.631396865845 116.34740486145 116.063412857056 115.779420852661 115.495428848267 115.211436843872 114.927444839478 115.245414479573 117.369269053141 119.493123626709 121.616978200276 123.740832773844 125.864687347412 127.988541920979 130.112396494547 134.027589035033 138.539894231159 143.052199427285 147.564504623412 152.076809819538 156.589115015664 161.101420211791 165.651981989541 170.317313512165 174.982645034789 179.647976557413 184.313308080036 188.97863960266
87.4028661727901 89.994161287943 92.5854564030958 94.7488916397091 96.7697069168086 98.7905221939081 100.811337471008 102.832152748107 104.852968025207 106.873783302307 108.674604225158 109.815442085266 110.956279945373 112.097117805481 113.237955665588 114.378793525696 115.519631385803 116.66046924591 116.724781417847 116.430251693726 116.135721969605 115.841192245483 115.546662521362 115.252132797241 114.95760307312 115.27433259752 117.424839867485 119.575347137451 121.725854407416 123.876361677381 126.026868947347 128.177376217312 130.327883487277 134.290531285603 138.857225926716 143.423920567829 147.990615208943 152.557309850056 157.124004491169 161.690699132283 166.258418740165 170.829213248357 175.40000775655 179.970802264742 184.541596772934 189.112391281127
87.3238435745235 89.9724664688104 92.6210893630974 94.7986860275265 96.819273948669 98.8398618698114 100.860449790954 102.881037712097 104.901625633239 106.922213554382 108.724631563822 109.872539838155 111.020448112488 112.16835638682 113.316264661153 114.464172935486 115.612081209818 116.759989484151 116.818165969849 116.513098526001 116.208031082153 115.902963638306 115.597896194458 115.29282875061 114.987761306763 115.303250715467 117.48041068183 119.657570648193 121.834730614556 124.011890580918 126.189050547282 128.366210513644 130.543370480007 134.553473536173 139.174557622273 143.795641708373 148.416725794473 153.037809880573 157.658893966673 162.279978052774 166.864855490789 171.34111298455 175.817370478311 180.293627972072 184.769885465833 189.246142959594
87.2448209762569 89.950771649678 92.656722323099 94.8484804153439 96.8688409805293 98.8892015457147 100.909562110901 102.929922676086 104.950283241271 106.970643806457 108.774658902486 109.929637591044 111.084616279602 112.23959496816 113.394573656718 114.549552345276 115.704531033834 116.859509722391 116.911550521851 116.595945358276 116.280340194702 115.964735031128 115.649129867554 115.33352470398 115.017919540405 115.332168833414 117.535981496174 119.739794158935 121.943606821695 124.147419484456 126.351232147216 128.555044809977 130.758857472737 134.816415786742 139.491889317829 144.167362848916 148.842836380004 153.518309911091 158.193783442178 162.869256973266 167.471292241413 171.853012720742 176.234733200072 180.616453679402 184.998174158731 189.379894638061
87.1657983779903 89.9290768305454 92.6923552831006 94.8982748031613 96.9184080123896 98.9385412216181 100.958674430847 102.978807640075 104.998940849304 107.019074058532 108.82468624115 109.986735343933 111.148784446716 112.310833549499 113.472882652282 114.634931755066 115.796980857849 116.959029960632 117.004935073853 116.678792190552 116.352649307251 116.02650642395 115.700363540649 115.374220657349 115.048077774048 115.361086951361 117.591552310519 119.822017669677 122.052483028835 124.282948387993 126.513413747151 128.743879106309 130.974344465467 135.079358037312 139.809221013386 144.53908398946 149.268946965535 153.998809941609 158.728672917683 163.458535893757 168.077728992037 172.364912456935 176.652095921834 180.939279386731 185.226462851629 189.513646316528
86.5213218688963 89.3154801262746 92.1096383836529 94.3419382095336 96.386951891581 98.4319655736284 100.476979255676 102.521992937724 104.567006619771 106.612020301819 108.443326441447 109.633509953817 110.823693466186 112.013876978556 113.204060490926 114.394244003296 115.584427515666 116.774611028035 116.823808670044 116.492677688599 116.161546707153 115.830415725708 115.499284744263 115.168153762818 114.837022781372 115.156137318081 117.425988409254 119.695839500427 121.9656905916 124.235541682773 126.505392773946 128.775243865119 131.045094956291 135.141592915852 139.846973164875 144.552353413898 149.257733662922 153.963113911946 158.668494160969 163.373874409993 167.93118472629 172.044285244411 176.157385762532 180.270486280653 184.383586798773 188.496687316894
85.3113914489743 88.1099815368648 90.9085716247553 93.1794706344603 95.2744726181027 97.3694746017452 99.464476585388 101.55947856903 103.654480552673 105.749482536316 107.630579503377 108.869961420695 110.109343338013 111.34872525533 112.588107172648 113.827489089966 115.066871007283 116.306252924601 116.368171310425 116.037601852417 115.707032394409 115.376462936401 115.045893478394 114.715324020386 114.384754562378 114.717319933573 117.039289792378 119.361259651184 121.683229509989 124.005199368794 126.3271692276 128.649139086405 130.97110894521 135.003120422363 139.605145772297 144.207171122232 148.809196472167 153.411221822102 158.013247172037 162.615272521972 167.031659444172 170.89113108317 174.750602722168 178.610074361165 182.469546000162 186.32901763916
84.1014610290524 86.904482947455 89.7075048658577 92.017003059387 94.1619933446245 96.306983629862 98.4519739150999 100.596964200337 102.741954485575 104.886944770813 106.817832565307 108.106412887573 109.394993209839 110.683573532104 111.97215385437 113.260734176636 114.549314498901 115.837894821167 115.912533950806 115.582526016236 115.252518081665 114.922510147095 114.592502212525 114.262494277954 113.932486343384 114.278502549065 116.652591175503 119.026679801941 121.400768428378 123.774857054816 126.148945681254 128.523034307691 130.897122934129 134.864647928873 139.363318379719 143.861988830565 148.360659281412 152.859329732258 157.358000183104 161.856670633951 166.132134162054 169.737976921928 173.343819681803 176.949662441677 180.555505201551 184.161347961425
82.8915306091306 85.6989843580454 88.5064381069602 90.8545354843138 93.0495140711464 95.2444926579789 97.4394712448118 99.6344498316444 101.829428418477 104.02440700531 106.005085627238 107.342864354451 108.680643081665 110.018421808878 111.356200536092 112.693979263306 114.031757990519 115.369536717732 115.456896591187 115.127450180054 114.798003768921 114.468557357788 114.139110946655 113.809664535523 113.48021812439 113.839685164557 116.265892558627 118.692099952697 121.118307346767 123.544514740837 125.970722134908 128.396929528978 130.823136923048 134.726175435383 139.121490987141 143.516806538899 147.912122090657 152.307437642414 156.702753194172 161.09806874593 165.232608879936 168.584822760687 171.937036641438 175.289250522189 178.64146440294 181.993678283691
81.6816001892087 84.4934857686356 87.3053713480626 89.6920679092405 91.9370347976681 94.1820016860957 96.4269685745237 98.6719354629513 100.916902351379 103.161869239807 105.192338689168 106.579315821329 107.966292953491 109.353270085652 110.740247217814 112.127224349975 113.514201482137 114.901178614298 115.001259231568 114.672374343872 114.343489456177 114.014604568482 113.685719680786 113.356834793091 113.027949905396 113.400867780049 115.879193941751 118.357520103454 120.835846265157 123.314172426859 125.792498588562 128.270824750264 130.749150911966 134.587702941894 138.879663594563 143.171624247232 147.463584899902 151.755545552571 156.04750620524 160.33946685791 164.333083597818 167.431668599446 170.530253601074 173.628838602701 176.727423604329 179.826008605957
80.4716697692868 83.2879871792259 86.104304589165 88.5296003341673 90.8245555241899 93.1195107142126 95.4144659042356 97.7094210942582 100.004376284281 102.299331474304 104.379591751098 105.815767288208 107.251942825317 108.688118362427 110.124293899536 111.560469436645 112.996644973755 114.432820510864 114.545621871948 114.217298507691 113.888975143433 113.560651779175 113.232328414917 112.904005050659 112.575681686401 112.962050395541 115.492495324876 118.022940254211 120.553385183546 123.08383011288 125.614275042216 128.14471997155 130.675164900885 134.449230448404 138.637836201985 142.826441955565 147.015047709147 151.203653462727 155.392259216307 159.580864969889 163.4335583157 166.278514438205 169.123470560709 171.968426683214 174.813382805718 177.658338928222
79.0130840619404 81.7898351351417 84.5665862083431 87.0270593007405 89.3821063995359 91.7371534983314 94.0922005971272 96.4472476959226 98.802294794718 101.157341893514 103.30251912011 104.818086730109 106.333654340108 107.849221950107 109.364789560106 110.880357170105 112.395924780104 113.911492390103 114.038377888998 113.702369350857 113.366360812717 113.030352274577 112.694343736437 112.358335198297 112.022326660156 112.409199396769 114.964715957641 117.520232518514 120.075749079386 122.631265640258 125.186782201131 127.742298762003 130.297815322875 134.012412198384 138.113369178771 142.214326159158 146.315283139546 150.416240119933 154.517197100321 158.618154080708 162.371752590603 165.083275689019 167.794798787435 170.50632188585 173.217844984266 175.929368082682
77.305843067169 79.9990296363827 82.6922162055965 85.1844448089599 87.6096874237058 90.0349300384517 92.4601726531981 94.885415267944 97.31065788269 99.7359004974363 101.961120796203 103.586274147033 105.211427497864 106.836580848694 108.461734199524 110.086887550354 111.712040901184 113.337194252014 113.479527282715 113.127586873373 112.77564646403 112.423706054688 112.071765645345 111.719825236003 111.36788482666 111.742314783732 114.295855840047 116.849396896362 119.402937952677 121.956479008992 124.510020065307 127.063561121622 129.617102177937 133.277248191833 137.306262524922 141.335276858011 145.364291191101 149.39330552419 153.422319857278 157.451334190368 161.147666422526 163.845952351887 166.54423828125 169.242524210612 171.940810139973 174.639096069336
75.5986020723977 78.2082241376238 80.8178462028499 83.3418303171792 85.8372684478757 88.3327065785721 90.828144709269 93.3235828399655 95.8190209706619 98.3144591013588 100.619722472297 102.354461563958 104.089200655619 105.82393974728 107.558678838941 109.293417930603 111.028157022264 112.762896113925 112.920676676432 112.552804395888 112.184932115343 111.817059834798 111.449187554254 111.081315273709 110.713442993164 111.075430170695 113.626995722452 116.17856127421 118.730126825968 121.281692377726 123.833257929484 126.384823481241 128.936389032999 132.542084185282 136.499155871073 140.456227556863 144.413299242655 148.370370928446 152.327442614237 156.284514300028 159.923580254448 162.608629014756 165.293677775065 167.978726535373 170.663775295681 173.348824055989
73.8913610776265 76.417418638865 78.9434762001034 81.4992158253987 84.0648494720457 86.6304831186926 89.19611676534 91.761750411987 94.327384058634 96.8930177052814 99.2783241483899 101.122648980882 102.966973813375 104.811298645867 106.655623478359 108.499948310852 110.344273143344 112.188597975836 112.36182607015 111.978021918403 111.594217766656 111.210413614909 110.826609463162 110.442805311415 110.059001159668 110.408545557657 112.958135604858 115.507725652059 118.057315699259 120.606905746459 123.15649579366 125.706085840861 128.255675888061 131.806920178731 135.692049217223 139.577178255716 143.462307294209 147.347436332702 151.232565371195 155.117694409688 158.699494086371 161.371305677625 164.04311726888 166.714928860134 169.386740451388 172.058552042643
72.1841200828551 74.626613140106 77.0691061973568 79.656601333618 82.2924304962155 84.928259658813 87.564088821411 90.1999179840085 92.835747146606 95.4715763092039 97.936925824483 99.8908363978065 101.84474697113 103.798657544454 105.752568117777 107.706478691101 109.660389264424 111.614299837748 111.802975463867 111.403239440918 111.003503417969 110.60376739502 110.204031372071 109.804295349121 109.404559326172 109.74166094462 112.289275487263 114.836890029907 117.38450457255 119.932119115193 122.479733657837 125.02734820048 127.574962743123 131.07175617218 134.884942563374 138.698128954569 142.511315345764 146.324501736958 150.137688128153 153.950874519348 157.475407918294 160.133982340494 162.792556762695 165.451131184895 168.109705607096 170.768280029297
70.4768790880837 72.835807641347 75.1947361946102 77.8139868418374 80.5200115203854 83.2260361989334 85.9320608774819 88.6380855560299 91.3441102345779 94.0501349131264 96.5955275005762 98.6590238147307 100.722520128886 102.78601644304 104.849512757195 106.91300907135 108.976505385504 111.040001699659 111.244124857585 110.828456963433 110.412789069282 109.99712117513 109.581453280979 109.165785386827 108.750117492676 109.074776331583 111.620415369669 114.166054407755 116.711693445841 119.257332483927 121.802971522013 124.348610560099 126.894249598185 130.336592165629 134.077835909525 137.819079653421 141.560323397318 145.301567141214 149.042810885111 152.784054629008 156.251321750217 158.896659003363 161.54199625651 164.187333509657 166.832670762803 169.47800801595
