data/working_set_collections/6091692-Cassins_Sparrow-MC/1980/bio11.asc
NCOLS 265 
NROWS 230 
XLLCORNER -115.5625 
YLLCORNER 24.8333333333333 
CELLSIZE 0.0833333333333333 
NODATA_value -9999 
[rows 100 to 119 of 230, columns 92 to 137 of 265]
0.874578268826032 0.821696056425589 0.768813844025155 0.715931631624721 0.663049419224277 0.739403671026209 0.85883674422896 0.97826981743173 1.09770289063448 1.21713596383723 1.33656903704 1.45600211024275 1.53284799208237 1.48193229983243 1.4310166075825 1.38010091533256 1.32918522308262 1.27826953083269 1.22735383858276 1.17643814633282 1.12341724932186 1.06969461739056 1.01597198545925 0.962249353527952 0.908526721596651 0.854804089665341 0.80108145773404 0.828873774409157 1.1012109369038 1.3735480993985 1.64588526189314 1.91822242438779 2.19055958688248 2.46289674937713 2.73523391187178 2.98312779664984 3.22287392218897 3.4626200477281 3.70236617326727 3.9421122988064 4.18185842434553 4.4216045498847 4.61609102288876 4.67479853828742 4.73350605368609 4.79221356908475
0.802211085789755 0.75401637471386 0.705821663637973 0.657626952562087 0.609432241486191 0.739519045750268 0.929033021794372 1.11854699783851 1.30806097388261 1.49757494992672 1.68708892597085 1.87660290201496 2.00668743169964 1.95848362230586 1.91027981291209 1.86207600351831 1.81387219412453 1.76566838473075 1.71746457533698 1.6692607659432 1.61225789089992 1.55232199397347 1.492386097047 1.43245020012055 1.3725143031941 1.31257840626764 1.25264250934119 1.27148721383665 1.52667372259815 1.7818602313597 2.0370467401212 2.2922332488827 2.54741975764424 2.80260626640574 3.05779277516724 3.29961134990048 3.53697394662423 3.77433654334799 4.01169914007178 4.24906173679554 4.48642433351929 4.72378693024309 4.91266125374365 4.95607075757445 4.99948026140526 5.04288976523607
0.84970318343903 0.821628937456323 0.793554691473621 0.765480445490918 0.737406199508211 0.896036109328197 1.11690073774912 1.33776536617008 1.55862999459101 1.77949462301193 2.00035925143289 2.22122387985382 2.37123158474762 2.3086685190598 2.24610545337199 2.18354238768418 2.12097932199636 2.05841625630856 1.99585319062075 1.93329012493293 1.8783476382494 1.8259453445673 1.7735430508852 1.7211407572031 1.668738463521 1.61633616983889 1.5639338761568 1.58641980820224 1.83357041743057 2.08072102665895 2.32787163588728 2.57502224511561 2.82217285434399 3.06932346357232 3.31647407280065 3.54561854203536 3.76876096460548 3.99190338717559 4.21504580974574 4.43818823231585 4.66133065488597 4.88447307745612 5.06008858680724 5.09312335650125 5.12615812619527 5.15919289588928
1.01705456177391 1.02453374465303 1.03201292753215 1.03949211041128 1.0469712932904 1.20895486176005 1.42243989209324 1.63592492242647 1.84940995275966 2.06289498309285 2.27638001342607 2.48986504375926 2.62648045122621 2.53248699009416 2.43849352896212 2.34450006783008 2.25050660669802 2.15651314556599 2.06251968443395 1.96852622330189 1.9216864913702 1.89056466917197 1.85944284697373 1.82832102477549 1.79719920257726 1.76607738037902 1.73495555818079 1.77367155750584 2.02190102140098 2.27013048529617 2.51835994919132 2.76658941308647 3.01481887698166 3.26304834087681 3.51127780477196 3.72114937305444 3.91823497613264 4.11532057921084 4.31240618228907 4.50949178536727 4.70657738844547 4.90366299152371 5.05837302207946 5.08595633506774 5.11353964805603 5.14112296104431
1.1844059401088 1.22743855184976 1.27047116359071 1.31350377533166 1.35653638707262 1.52187361419193 1.72797904643739 1.93408447868288 2.14018991092833 2.34629534317379 2.55240077541928 2.75850620766473 2.88172931770483 2.75630546112854 2.63088160455226 2.50545774797599 2.3800338913997 2.25461003482343 2.12918617824715 2.00376232167086 1.965025344491 1.95518399377663 1.94534264306226 1.93550129234789 1.92565994163353 1.91581859091916 1.90597724020479 1.96092330680945 2.21023162537141 2.45953994393342 2.70884826249538 2.95815658105734 3.20746489961935 3.45677321818131 3.70608153674328 3.89668020407353 4.06770898765982 4.2387377712461 4.40976655483241 4.5807953384187 4.75182412200498 4.9228529055913 5.05665745735168 5.07878931363423 5.10092116991679 5.12305302619934
1.35175731844369 1.43034335904648 1.50892939964926 1.58751544025204 1.66610148085484 1.83479236662381 2.03351820078153 2.23224403493929 2.43096986909701 2.62969570325473 2.82842153741248 3.0271473715702 3.13697818418344 2.98012393216291 2.82326968014241 2.6664154281219 2.50956117610137 2.35270692408086 2.19585267206036 2.03899842003983 2.0083641976118 2.0198033183813 2.0312424391508 2.0426815599203 2.05412068068979 2.06555980145929 2.07699892222879 2.14817505611306 2.39856222934184 2.64894940257066 2.89933657579944 3.14972374902822 3.40011092225704 3.65049809548582 3.9008852687146 4.07221103509263 4.217182999187 4.36215496328136 4.50712692737576 4.65209889147013 4.7970708555645 4.94204281965889 5.0549418926239 5.07162229220072 5.08830269177755 5.10498309135437
1.51910869677856 1.63324816624319 1.7473876357078 1.8615271051724 1.97566657463703 2.14771111905566 2.33905735512565 2.53040359119567 2.72174982726566 2.91309606333564 3.10444229940566 3.29578853547565 3.39222705066204 3.20394240319727 3.01565775573254 2.8273731082678 2.63908846080303 2.4508038133383 2.26251916587356 2.07423451840879 2.0517030507326 2.08442264298596 2.11714223523933 2.14986182749269 2.18258141974605 2.21530101199942 2.24802060425278 2.33542680541665 2.58689283331225 2.83835886120789 3.08982488910348 3.34129091699908 3.59275694489471 3.84422297279031 4.0956890006859 4.24774186611171 4.36665701071416 4.48557215531662 4.60448729991909 4.72340244452155 4.842317589124 4.96123273372648 5.05322632789612 5.06445527076721 5.07568421363831 5.0869131565094
1.68646007511345 1.83615297343991 1.98584587176635 2.13553877009279 2.28523166841925 2.46062987148754 2.64459650946979 2.82856314745208 3.01252978543433 3.19649642341659 3.38046306139887 3.56442969938112 3.64747591714066 3.42776087423165 3.20804583132268 2.98833078841371 2.7686157455047 2.54890070259573 2.32918565968676 2.10947061677776 2.0950419038534 2.14904196759063 2.20304203132787 2.25704209506509 2.31104215880232 2.36504222253956 2.41904228627678 2.52267855472027 2.77522343728268 3.02776831984513 3.28031320240754 3.53285808496995 3.7854029675324 4.03794785009482 4.29049273265723 4.4232726971308 4.51613102224134 4.60898934735188 4.70184767246243 4.79470599757297 4.88756432268351 4.98042264779407 5.05151076316833 5.0572882493337 5.06306573549906 5.06884322166443
1.80589669379918 1.97501629160507 2.14413588941093 2.3132554872168 2.48237508502269 2.66153429945306 2.84404005275827 3.02654580606351 3.20905155936873 3.39155731267394 3.57406306597918 3.7565688192844 3.83420877920261 3.59725135895942 3.36029393871628 3.12333651847314 2.88637909822995 2.64942167798681 2.41246425774367 2.17550683750048 2.16552730401355 2.23120706611207 2.2968868282106 2.36256659030912 2.42824635240764 2.49392611450617 2.55960587660469 2.67099645005325 2.91951945755209 3.16804246505096 3.4165654725498 3.66508848004863 3.91361148754751 4.16213449504634 4.41065750254517 4.53426510890323 4.61623424821427 4.69820338752532 4.78017252683637 4.86214166614742 4.94411080545846 5.02607994476952 5.08672241237428 5.0833848648601 5.08004731734593 5.07670976983176
1.87741855283573 2.04983812073863 2.22225768864151 2.39467725654438 2.56709682444728 2.75042440295215 2.93738798499102 3.12435156702991 3.31131514906878 3.49827873110765 3.68524231314655 3.87220589518542 3.95242563684785 3.71241385738056 3.47240207791331 3.23239029844606 2.99237851897876 2.75236673951151 2.51235496004426 2.27234318057697 2.26315925121305 2.33091793855028 2.39867662588753 2.46643531322476 2.534194000562 2.60195268789925 2.66971137523648 2.78038049141559 3.01978089412045 3.25918129682535 3.49858169953021 3.73798210223508 3.97738250493998 4.21678290764484 4.45618331034971 4.58071910142896 4.66696668863294 4.75321427583691 4.8394618630409 4.92570945024487 5.01195703744885 5.09820462465284 5.15886127551396 5.14274511734644 5.12662895917892 5.1105128010114
1.94894041187228 2.1246599498722 2.30037948787208 2.47609902587197 2.65181856387188 2.83931450645124 3.03073591722377 3.22215732799632 3.41357873876885 3.60500014954137 3.79642156031393 3.98784297108645 4.0706424944931 3.8275763558017 3.58451021711034 3.34144407841898 3.09837793972758 2.85531180103623 2.61224566234487 2.36917952365347 2.36079119841255 2.4306288109885 2.50046642356446 2.57030403614042 2.64014164871637 2.70997926129233 2.77981687386828 2.88976453277793 3.12004233068882 3.35032012859975 3.58059792651064 3.81087572442153 4.04115352233246 4.27143132024335 4.50170911815424 4.6271730939547 4.7176991290516 4.80822516414851 4.89875119924543 4.98927723434233 5.07980326943924 5.17032930453616 5.23100013865364 5.20210536983278 5.17321060101191 5.14431583219104
2.02046227090884 2.19948177900576 2.37850128710266 2.55752079519956 2.73654030329648 2.92820460995034 3.12408384945652 3.31996308896273 3.51584232846891 3.71172156797509 3.90760080748131 4.10348004698749 4.18885935213835 3.94273885422284 3.69661835630738 3.45049785839191 3.2043773604764 2.95825686256094 2.71213636464547 2.46601586672997 2.45842314561206 2.53033968342672 2.6022562212414 2.67417275905607 2.74608929687073 2.81800583468541 2.88992237250008 2.99914857414027 3.22030376725719 3.44145896037415 3.66261415349107 3.88376934660798 4.10492453972494 4.32607973284186 4.54723492595878 4.67362708648044 4.76843156947027 4.86323605246011 4.95804053544996 5.05284501843979 5.14764950142963 5.24245398441948 5.30313900179333 5.26146562231912 5.2197922428449 5.17811886337069
2.09198412994538 2.27430360813932 2.45662308633323 2.63894256452714 2.82126204272108 3.01709471344943 3.21743178168926 3.41776884992913 3.61810591816897 3.81844298640881 4.01878005464868 4.21911712288851 4.30707620978359 4.05790135264398 3.8087264955044 3.55955163836483 3.31037678122521 3.06120192408564 2.81202706694607 2.56285220980645 2.55605509281156 2.63005055586494 2.70404601891833 2.77804148197171 2.85203694502509 2.92603240807848 3.00002787113187 3.10853261550261 3.32056520382556 3.53259779214854 3.74463038047149 3.95666296879443 4.16869555711741 4.38072814544036 4.59276073376331 4.72008107900617 4.81916400988894 4.9182469407717 5.01732987165448 5.11641280253725 5.21549573342001 5.3145786643028 5.37527786493301 5.32082587480546 5.26637388467789 5.21192189455033
2.16350598898194 2.34912543727289 2.53474488556381 2.72036433385473 2.90598378214568 3.10598481694852 3.31077971392202 3.51557461089554 3.72036950786904 3.92516440484253 4.12995930181605 4.33475419878955 4.42529306742884 4.17306385106512 3.92083463470144 3.66860541833776 3.41637620197403 3.16414698561035 2.91191776924667 2.65968855288295 2.65368704001106 2.72976142830316 2.80583581659527 2.88191020488736 2.95798459317946 3.03405898147157 3.11013336976366 3.21791665686495 3.42082664039393 3.62373662392294 3.82664660745191 4.02955659098089 4.23246657450989 4.43537655803887 4.63828654156784 4.76653507153191 4.8698964503076 4.9732578290833 5.07661920785901 5.17998058663471 5.2833419654104 5.38670334418612 5.4474167280727 5.3801861272918 5.31295552651088 5.24572492572997
2.20709012879261 2.38367479112411 2.56025945345558 2.73684411578705 2.91342877811855 3.11940314968424 3.33517409099468 3.55094503230517 3.76671597361561 3.98248691492605 4.19825785623654 4.41402879754698 4.51450174649561 4.26908071835838 4.02365969022118 3.77823866208399 3.53281763394675 3.28739660580956 3.04197557767236 2.79655454953512 2.78695816397664 2.85596999261111 2.92498182124559 2.99399364988007 3.06300547851454 3.13201730714902 3.20102913578349 3.30382833679512 3.50798965493831 3.71215097308154 3.91631229122474 4.12047360936794 4.32463492751117 4.52879624565436 4.73295756379756 4.86280846595761 4.96788922945654 5.07296999295548 5.17805075645443 5.28313151995337 5.38821228345231 5.49329304695126 5.55290818081962 5.47612642579609 5.39934467077255 5.32256291574902
2.2227365493774 2.37795166969298 2.53316679000852 2.68838191032407 2.84359703063964 3.05734971165654 3.29061491290724 3.52388011415797 3.75714531540867 3.99041051665936 4.2236757179101 4.4569409191608 4.57470224698389 4.34595195452374 4.11720166206362 3.88845136960351 3.65970107714336 3.43095078468324 3.20220049222313 2.97345019976298 2.95586846470829 3.0086762487888 3.06148403286931 3.11429181694982 3.16709960103032 3.21990738511083 3.27271516919134 3.36626765529309 3.5820542474587 3.79784083962435 4.01362743178997 4.22941402395558 4.44520061612123 4.66098720828685 4.87677380045246 5.00890126228328 5.11314234733577 5.21738343238825 5.32162451744075 5.42586560249324 5.53010668754572 5.63434777259822 5.69175222317377 5.60864677031835 5.52554131746291 5.44243586460749
2.23838296996219 2.37222854826184 2.50607412656146 2.63991970486109 2.77376528316073 2.99529627362884 3.24605573481979 3.49681519601078 3.74757465720173 3.99833411839267 4.24909357958367 4.49985304077461 4.63490274747217 4.4228231906891 4.21074363390607 3.99866407712304 3.78658452033997 3.57450496355694 3.36242540677391 3.15034584999084 3.12477876543996 3.16138250496649 3.19798624449304 3.23458998401957 3.27119372354611 3.30779746307265 3.34440120259919 3.42870697379106 3.6561188399791 3.88353070616717 4.1109425723552 4.33835443854324 4.56576630473131 4.79317817091935 5.02059003710738 5.15499405860897 5.258395465215 5.36179687182104 5.46519827842709 5.56859968503312 5.67200109163915 5.7754024982452 5.83059626552794 5.74116711484062 5.65173796415329 5.56230881346597
2.25402939054698 2.3665054268307 2.4789814631144 2.59145749939811 2.70393353568183 2.93324283560113 3.20149655673233 3.46975027786358 3.73800399899478 4.00625772012598 4.27451144125723 4.54276516238843 4.69510324796045 4.49969442685447 4.30428560574852 4.10887678464257 3.91346796353659 3.71805914243064 3.52265032132469 3.32724150021871 3.29368906617162 3.31408876114419 3.33448845611676 3.35488815108933 3.3752878460619 3.39568754103447 3.41608723600704 3.49114629228904 3.73018343249949 3.96922057270999 4.20825771292044 4.4472948531309 4.68633199334139 4.92536913355185 5.1644062737623 5.30108685493466 5.40364858309424 5.50621031125382 5.60877203941342 5.711333767573 5.81389549573258 5.91645722389218 5.9694403078821 5.87368745936289 5.77793461084366 5.68218176232445
2.26967581113177 2.36078230539957 2.45188879966735 2.54299529393513 2.63410178820292 2.87118939757343 3.15693737864489 3.44268535971639 3.72843334078784 4.01418132185929 4.2999293029308 4.58567728400225 4.75530374844872 4.57656566301982 4.39782757759096 4.21908949216209 4.04035140673319 3.86161332130433 3.68287523587546 3.50413715044656 3.46259936690328 3.46679501732188 3.47099066774048 3.47518631815908 3.47938196857768 3.48357761899629 3.48777326941489 3.55358561078701 3.80424802501988 4.0549104392528 4.30557285348567 4.55623526771854 4.80689768195146 5.05756009618433 5.30822251041721 5.44717965126033 5.54890170097346 5.65062375068659 5.75234580039974 5.85406785011287 5.955789899826 6.05751194953914 6.10828435023626 6.00620780388515 5.90413125753402 5.80205471118292
2.28532223171656 2.35505918396843 2.42479613622029 2.49453308847215 2.56427004072401 2.80913595954573 3.11237820055743 3.41562044156919 3.7188626825809 4.0221049235926 4.32534716460436 4.62858940561607 4.815504248937 4.65343689918519 4.4913695494334 4.32930219968162 4.16723484992981 4.00516750017803 3.84310015042624 3.68103280067443 3.63150966763494 3.61950127349958 3.60749287936421 3.59548448522884 3.58347609109347 3.57146769695811 3.55945930282274 3.61602492928498 3.87831261754027 4.14060030579561 4.40288799405091 4.6651756823062 4.92746337056154 5.18975105881683 5.45203874707212 5.59327244758602 5.6941548188527 5.79503719011938 5.89591956138607 5.99680193265275 6.09768430391942 6.19856667518612 6.24712839259042 6.13872814840742 6.0303279042244 5.92192766004139
