data/working_set_collections/6091692-Cassins_Sparrow-MC/1980/bio19.asc
NCOLS 265 
NROWS 230 
XLLCORNER -115.5625 
YLLCORNER 24.8333333333333 
CELLSIZE 0.0833333333333333 
NODATA_value -9999 
[rows 80 to 99 of 230, columns 184 to 229 of 265]
59.7322798411048 61.4010177188445 63.0697555965842 64.5887583096819 66.0578493012318 67.5269402927817 68.9960312843319 70.4651222758818 71.9342132674318 73.403304258982 74.9030972586733 76.4949962827888 78.0868953069047 79.6787943310203 81.2706933551359 82.8625923792517 84.4544914033673 86.0463904274829 86.1877467473347 85.8455888324313 85.5034309175279 85.1612730026245 84.819115087721 84.4769571728176 84.1347992579142 84.2319674385914 85.6471139060121 87.0622603734331 88.4774068408538 89.8925533082745 91.3076997756955 92.7228462431162 94.1379927105369 95.8505575815833 97.6622619205046 99.4739662594259 101.285670598348 103.097374937269 104.90907927619 106.720783615112 108.595406723022 110.658786137898 112.722165552775 114.785544967651 116.848924382527 118.912303797403
60.365799840291 62.0844114091657 63.8030229780403 65.3535913149512 66.8481452412071 68.342699167463 69.8372530937191 71.331807019975 72.8263609462309 74.320914872487 75.8422271940438 77.4438147015036 79.0454022089637 80.6469897164234 82.2485772238832 83.8501647313432 85.451752238803 87.0533397462627 87.1668591181437 86.7843557781643 86.401852438185 86.0193490982055 85.6368457582262 85.2543424182468 84.8718390782674 84.937182087368 86.3460641437102 87.7549462000526 89.1638282563947 90.5727103127369 91.9815923690793 93.3904744254214 94.7993564817636 96.53261197408 98.3739919450543 100.215371916029 102.056751887003 103.898131857977 105.739511828952 107.580891799926 109.516892878214 111.736757278442 113.95662167867 116.176486078897 118.396350479125 120.616214879353
60.9993198394771 62.7678050994868 64.5362903594964 66.1184243202206 67.6384411811824 69.1584580421442 70.6784749031063 72.1984917640681 73.7185086250299 75.238525485992 76.7813571294143 78.3926331202183 80.0039091110225 81.6151851018264 83.2264610926304 84.8377370834346 86.4490130742386 88.0602890650425 88.1459714889525 87.7231227238972 87.3002739588419 86.8774251937866 86.4545764287312 86.0317276636759 85.6088788986205 85.6423967361446 87.0450143814082 88.447632026672 89.8502496719356 91.2528673171992 92.655484962463 94.0581026077266 95.4607202529902 97.2146663665767 99.0857219696039 100.956777572631 102.827833175659 104.698888778686 106.569944381713 108.440999984741 110.438379033406 112.814728418985 115.191077804565 117.567427190144 119.943776575723 122.320125961303
61.6328398386633 63.451198789808 65.2695577409526 66.88325732549 68.4287371211577 69.9742169168255 71.5196967124935 73.0651765081613 74.610656303829 76.1561360994971 77.7204870647849 79.3414515389331 80.9624160130815 82.5833804872296 84.2043449613777 85.8253094355261 87.4462739096742 89.0672383838224 89.1250838597615 88.6618896696302 88.198695479499 87.7355012893676 87.2723070992364 86.8091129091051 86.3459187189738 86.3476113849212 87.7439646191062 89.1403178532915 90.5366710874765 91.9330243216616 93.3293775558468 94.7257307900319 96.1220840242169 97.8967207590735 99.7974519941537 101.698183229234 103.598914464314 105.499645699395 107.400376934475 109.301108169555 111.359865188598 113.892699559529 116.42553393046 118.958368301391 121.491202672322 124.024037043253
62.2499429702755 64.06528102027 65.8806190702645 67.4964286804196 69.0457288106278 70.5950289408361 72.1443290710446 73.6936292012529 75.2429293314611 76.7922294616696 78.3671873940358 80.0191187328757 81.671050071716 83.3229814105559 84.9749127493959 86.6268440882361 88.2787754270761 89.9307067659161 89.9753141403198 89.4841468599108 88.9929795795017 88.5018122990926 88.0106450186836 87.5194777382745 87.0283104578654 87.0118542989091 88.4195315043127 89.8272087097165 91.23488591512 92.6425631205236 94.0502403259274 95.457917531331 96.8655947367345 98.7163004557287 100.71468234592 102.71306423611 104.711446126302 106.709828016492 108.708209906683 110.706591796874 112.873960367838 115.548288981119 118.2226175944 120.896946207681 123.571274820962 126.245603434244
62.8506292343136 64.6100517908727 66.3694743474319 67.9579383850094 69.4894162495927 71.0208941141759 72.5523719787594 74.0838498433427 75.6153277079259 77.1468055725094 78.7214581171667 80.4256347020462 82.1298112869259 83.8339878718053 85.5381644566848 87.2423410415645 88.946517626444 90.6506942113234 90.6966623306274 90.1898942947387 89.6831262588501 89.1763582229614 88.6695901870728 88.1628221511841 87.6560541152954 87.6351254781083 89.0717150370275 90.5083045959469 91.9448941548661 93.3814837137853 94.8180732727047 96.2546628316239 97.6912523905431 99.6734054565424 101.837413024902 104.001420593261 106.16542816162 108.32943572998 110.493443298339 112.657450866699 114.980664571125 117.781496683755 120.582328796386 123.383160909016 126.183993021646 128.984825134276
63.4513154983517 65.1548225614755 66.8583296245993 68.4194480895993 69.9331036885575 71.4467592875158 72.9604148864743 74.4740704854325 75.9877260843908 77.5013816833493 79.0757288402977 80.8321506712166 82.5885725021359 84.3449943330548 86.1014161639738 87.857837994893 89.614259825812 91.3706816567309 91.418010520935 90.8956417295668 90.3732729381986 89.8509041468302 89.328535355462 88.8061665640938 88.2837977727254 88.2583966573075 89.7238985697423 91.1894004821774 92.6549023946122 94.120404307047 95.585906219482 97.0514081319169 98.5169100443517 100.630510457356 102.960143703884 105.289776950411 107.61941019694 109.949043443467 112.278676689995 114.608309936523 117.087368774413 120.014704386392 122.942039998372 125.869375610351 128.79671122233 131.724046834309
64.0520017623898 65.6995933320783 67.3471849017668 68.8809577941892 70.3767911275224 71.8726244608556 73.3684577941892 74.8642911275224 76.3601244608556 77.8559577941892 79.4299995634287 81.2386666403871 83.0473337173458 84.8560007943043 86.6646678712627 88.4733349482215 90.2820020251799 92.0906691021383 92.1393587112427 91.6013891643948 91.063419617547 90.5254500706991 89.9874805238512 89.4495109770034 88.9115414301555 88.8816678365068 90.3760821024572 91.8704963684079 93.3649106343583 94.8593249003087 96.3537391662594 97.8481534322099 99.3425676981603 101.58761545817 104.082874382866 106.578133307562 109.073392232259 111.568651156955 114.063910081651 116.559169006347 119.194072977701 122.247912089029 125.301751200357 128.355590311685 131.409429423013 134.463268534342
64.6526880264278 66.244364102681 67.8360401789342 69.342467498779 70.8204785664872 72.2984896341955 73.776500701904 75.2545117696122 76.7325228373205 78.210533905029 79.7842702865596 81.6451826095575 83.5060949325558 85.3670072555537 87.2279195785516 89.0888319015499 90.9497442245478 92.8106565475457 92.8607069015503 92.3071365992228 91.7535662968954 91.1999959945678 90.6464256922404 90.092855389913 89.5392850875854 89.5049390157059 91.028265635172 92.5515922546383 94.0749188741043 95.5982454935704 97.1215721130367 98.6448987325028 100.168225351969 102.544720458984 105.205605061848 107.866489664713 110.527374267577 113.188258870442 115.849143473306 118.510028076171 121.300777180989 124.481119791665 127.661462402343 130.84180501302 134.022147623697 137.202490234374
65.253374290466 66.7891348732838 68.3248954561017 69.8039772033688 71.2641660054521 72.7243548075353 74.1845436096189 75.6447324117021 77.1049212137853 78.5651100158688 80.1385410096905 82.051698578728 83.9648561477657 85.8780137168031 87.7911712858406 89.7043288548783 91.6174864239158 93.5306439929532 93.5820550918579 93.0128840340509 92.4437129762438 91.8745419184367 91.3053708606297 90.7361998028226 90.1670287450155 90.1282101949052 91.6804491678868 93.2326881408688 94.7849271138505 96.3371660868321 97.8894050598141 99.4416440327958 100.993883005777 103.501825459798 106.32833574083 109.154846021863 111.981356302896 114.807866583929 117.634376864962 120.460887145995 123.407481384276 126.714327494302 130.021173604329 133.328019714354 136.63486582438 139.941711934407
65.4706806818642 66.9584457609385 68.4462108400129 69.911729621887 71.3698329713606 72.8279363208343 74.2860396703082 75.7441430197819 77.2022463692555 78.6603497187294 80.2317311816741 82.1429469850323 84.0541627883908 85.965378591749 87.8765943951072 89.7878101984657 91.6990260018239 93.6102418051821 93.7686424255372 93.3427713182238 92.9169002109105 92.491029103597 92.0651579962836 91.6392868889702 91.2134157816568 91.2992558797195 92.9202295939121 94.541203308105 96.1621770222976 97.7831507364902 99.404124450683 101.025098164876 102.646071879068 105.288396644591 108.271171760558 111.253946876525 114.236721992492 117.219497108458 120.202272224425 123.185047340392 126.249777581955 129.560373200309 132.870968818664 136.181564437017 139.492160055371 142.802755673725
65.3046072006223 66.752296765645 68.1999863306678 69.6657247543333 71.1374794642128 72.6092341740922 74.080988883972 75.5527435938514 77.0244983037309 78.4962530136106 80.0638408025102 81.9189278284704 83.7740148544309 85.6291018803911 87.4841889063513 89.3392759323118 91.194362958272 93.0494499842322 93.420468902588 93.2967984517416 93.1731280008952 93.0494575500487 92.9257870992024 92.802116648356 92.6784461975095 93.018076070149 94.7476069132479 96.477137756347 98.2066685994459 99.9361994425447 101.665730285644 103.395261128743 105.124791971842 107.904434013366 111.034113121032 114.163792228697 117.293471336364 120.42315044403 123.552829551695 126.682508659362 129.827665774026 133.019256909687 136.210848045348 139.402439181009 142.594030316669 145.78562145233
65.1385337193805 66.5461477703516 67.9537618213226 69.4197198867796 70.9051259570649 72.3905320273501 73.8759380976357 75.361344167921 76.8467502382063 78.3321563084918 79.8959504233462 81.6949086719084 83.4938669204709 85.2928251690331 87.0917834175953 88.8907416661578 90.68969991472 92.4886581632822 93.0722953796387 93.2508255852593 93.4293557908799 93.6078859965006 93.7864162021211 93.9649464077417 94.1434766133624 94.7368962605788 96.5749842325839 98.4130722045893 100.251160176594 102.089248148599 103.927336120605 105.76542409261 107.603512064615 110.52047138214 113.797054481505 117.07363758087 120.350220680236 123.626803779601 126.903386878966 130.179969978331 133.405553966097 136.478140619065 139.550727272033 142.623313925 145.695900577968 148.768487230936
64.9724602381386 66.339998775058 67.7075373119774 69.1737150192259 70.672772449917 72.171829880608 73.6708873112994 75.1699447419905 76.6690021726816 78.168059603373 79.7280600441823 81.4708895153465 83.213718986511 84.9565484576752 86.6993779288393 88.4422074000038 90.185036871168 91.9278663423322 92.7241218566894 93.204852718777 93.6855835808646 94.1663144429523 94.6470453050399 95.1277761671275 95.6085070292152 96.4557164510085 98.4023615519198 100.349006652831 102.295651753743 104.242296854654 106.188941955566 108.135587056477 110.082232157389 113.136508750915 116.559995841979 119.983482933043 123.406970024108 126.830457115172 130.253944206236 133.677431297301 136.983442158168 139.937024328443 142.890606498717 145.844188668992 148.797770839266 151.751353009541
64.8063867568968 66.1338497797645 67.4613128026323 68.9277101516721 70.4404189427691 71.953127733866 73.4658365249632 74.9785453160601 76.491254107157 78.0039628982542 79.5601696650183 81.2468703587845 82.933571052551 84.6202717463172 86.3069724400834 87.9936731338499 89.6803738276161 91.3670745213823 92.3759483337402 93.1588798522947 93.9418113708494 94.7247428894041 95.5076744079587 96.2906059265133 97.073537445068 98.174536641438 100.229738871256 102.284941101074 104.340143330891 106.395345560709 108.450547790527 110.505750020344 112.560952250162 115.752546119689 119.322937202452 122.893328285216 126.46371936798 130.034110450743 133.604501533507 137.174892616271 140.561330350239 143.39590803782 146.230485725402 149.065063412983 151.899641100564 154.734218788146
64.6403132756549 65.927700784471 67.2150882932872 68.6817052841184 70.2080654356212 71.7344255871239 73.2607857386269 74.7871458901296 76.3135060416324 77.8398661931353 79.3922792858544 81.0228512022226 82.6534231185911 84.2839950349593 85.9145669513274 87.5451388676959 89.1757107840641 90.8062827004323 92.0277748107909 93.1129069858125 94.1980391608341 95.2831713358559 96.3683035108775 97.453435685899 98.5385678609208 99.8933568318678 102.057116190592 104.220875549316 106.38463490804 108.548394266763 110.712153625488 112.875912984211 115.039672342935 118.368583488463 122.085878562926 125.803173637389 129.520468711852 133.237763786315 136.955058860777 140.672353935241 144.13921854231 146.854791747198 149.570364952086 152.285938156975 155.001511361863 157.717084566751
64.5501303672789 65.8042648633318 67.0583993593848 68.5426268895465 70.1035520977441 71.6644773059417 73.2254025141395 74.7863277223371 76.3472529305347 77.9081781387326 79.4940298292368 81.1546609666607 82.8152921040849 84.4759232415089 86.1365543789328 87.797185516357 89.457816653781 91.1184477912049 92.4941703796383 93.7749234517411 95.0556765238439 96.3364295959469 97.6171826680497 98.8979357401524 100.178688812255 101.708384768167 103.984909375508 106.261433982849 108.537958590189 110.814483197529 113.09100780487 115.36753241221 117.644057019551 121.028448359171 124.78212860955 128.53580885993 132.28948911031 136.04316936069 139.796849611069 143.550529861449 147.016546291774 149.619571261935 152.222596232096 154.825621202256 157.428646172417 160.031671142577
64.5358380317686 65.763542016347 66.9912460009254 68.5104749679563 70.1268789291378 71.7432828903193 73.3596868515012 74.9760908126827 76.5924947738642 78.2088987350461 79.8654212951655 81.642299652099 83.4191780090328 85.1960563659663 86.9729347228997 88.7498130798335 90.526691436767 92.3035697937005 93.7751350402827 95.1449292500808 96.5147234598789 97.8845176696772 99.2543118794753 100.624106089273 101.993900299072 103.619620450337 106.013118426004 108.406616401672 110.800114377339 113.193612353006 115.587110328673 117.980608304341 120.374106280008 123.73214073181 127.411687342325 131.091233952839 134.770780563353 138.450327173868 142.129873784382 145.809420394896 149.193313598632 151.69024658203 154.187179565429 156.684112548827 159.181045532226 161.677978515624
64.5215456962583 65.7228191693621 66.9240926424659 68.4783230463661 70.1502057605316 71.822088474697 73.4939711888628 75.1658539030283 76.8377366171938 78.5096193313595 80.2368127610944 82.1299383375374 84.0230639139807 85.9161894904237 87.8093150668667 89.7024406433101 91.5955662197531 93.4886917961961 95.0560997009273 96.5149350484207 97.9737703959141 99.4326057434077 100.891441090901 102.350276438395 103.809111785888 105.530856132506 108.0413274765 110.551798820495 113.062270164489 115.572741508483 118.083212852477 120.593684196471 123.104155540465 126.435833104451 130.041246075099 133.646659045748 137.252072016397 140.857484987046 144.462897957695 148.068310928344 151.37008090549 153.760921902126 156.151762898762 158.542603895398 160.933444892035 163.324285888671
64.5072533607481 65.6820963223772 66.8569392840064 68.4461711247759 70.1735325919253 71.9008940590747 73.6282555262245 75.3556169933739 77.0829784605233 78.810339927673 80.6082042270232 82.6175770229757 84.6269498189286 86.6363226148812 88.6456954108338 90.6550682067867 92.6644410027392 94.6738137986918 96.3370643615718 97.8849408467606 99.4328173319493 100.980693817138 102.528570302327 104.076446787516 105.624323272705 107.442091814676 110.069536526997 112.696981239318 115.324425951639 117.95187066396 120.579315376281 123.206760088602 125.834204800923 129.139525477091 132.670804807874 136.202084138657 139.733363469441 143.264642800224 146.795922131007 150.327201461791 153.546848212347 155.831597222221 158.116346232096 160.40109524197 162.685844251844 164.970593261718
