data/working_set_collections/6091692-Cassins_Sparrow-MC/1980/bio1.asc
NCOLS 265 
NROWS 230 
XLLCORNER -115.5625 
YLLCORNER 24.8333333333333 
CELLSIZE 0.0833333333333333 
NODATA_value -9999 
[rows 120 to 139 of 230, columns 184 to 229 of 265]
18.009553082784 18.0669334199693 18.1243137571547 18.1398018360138 18.1413258287642 18.1428498215145 18.1443738142649 18.1458978070153 18.1474217997657 18.1489457925161 18.1456835163964 18.1280624336667 18.1104413509369 18.0928202682071 18.0751991854774 18.0575781027476 18.0399570200178 18.0223359372881 18.0115584373474 18.0030621316698 17.9945658259922 17.9860695203145 17.9775732146369 17.9690769089593 17.9605806032817 17.9436093118456 17.9012130631341 17.8588168144226 17.8164205657111 17.7740243169997 17.7316280682882 17.6892318195767 17.6468355708652 17.6114905675252 17.5784959793091 17.5455013910929 17.5125068028768 17.4795122146606 17.4465176264445 17.4135230382283 17.3839996125963 17.3648896747165 17.3457797368367 17.326669798957 17.3075598610772 17.2884499231974
18.0536455154419 18.1113710403442 18.1690965652466 18.1852155208588 18.1874656200409 18.189715719223 18.1919658184051 18.1942159175873 18.1964660167694 18.1987161159515 18.1964261849721 18.1805161635081 18.1646061420441 18.14869612058 18.132786099116 18.116876077652 18.1009660561879 18.0850560347239 18.0744183540344 18.0655381202698 18.0566578865051 18.0477776527405 18.0388974189758 18.0300171852112 18.0211369514465 18.0043057441711 17.9636216163635 17.9229374885559 17.8822533607483 17.8415692329407 17.800885105133 17.7602009773254 17.7195168495178 17.6862268447876 17.6554015477498 17.6245762507121 17.5937509536743 17.5629256566365 17.5321003595988 17.501275062561 17.4730333328247 17.4525423049927 17.4320512771606 17.4115602493286 17.3910692214966 17.3705781936645
18.0977379480998 18.1558086607191 18.2138793733385 18.2306292057037 18.2336054113176 18.2365816169315 18.2395578225454 18.2425340281592 18.2455102337731 18.248486439387 18.2471688535478 18.2329698933495 18.2187709331512 18.2045719729529 18.1903730127546 18.1761740525563 18.1619750923581 18.1477761321598 18.1372782707214 18.1280141088698 18.1187499470181 18.1094857851664 18.1002216233147 18.0909574614631 18.0816932996114 18.0650021764967 18.026030169593 17.9870581626892 17.9480861557855 17.9091141488817 17.8701421419779 17.8311701350742 17.7921981281704 17.76096312205 17.7323071161906 17.7036511103312 17.6749951044718 17.6463390986125 17.6176830927531 17.5890270868937 17.5620670530531 17.5401949352688 17.5183228174845 17.4964506997002 17.474578581916 17.4527064641317
18.1418303807576 18.200246281094 18.2586621814304 18.2760428905487 18.2797452025943 18.28344751464 18.2871498266856 18.2908521387312 18.2945544507768 18.2982567628225 18.2979115221235 18.285423623191 18.2729357242584 18.2604478253259 18.2479599263933 18.2354720274607 18.2229841285282 18.2104962295956 18.2001381874084 18.1904900974697 18.1808420075311 18.1711939175924 18.1615458276537 18.151897737715 18.1422496477763 18.1256986088223 18.0884387228224 18.0511788368225 18.0139189508226 17.9766590648227 17.9393991788228 17.9021392928229 17.8648794068231 17.8356993993123 17.8092126846313 17.7827259699504 17.7562392552694 17.7297525405884 17.7032658259074 17.6767791112264 17.6511007732815 17.627847565545 17.6045943578084 17.5813411500719 17.5580879423353 17.5348347345988
18.1859228134155 18.2446839014689 18.3034449895223 18.3214565753937 18.325884993871 18.3303134123484 18.3347418308258 18.3391702493032 18.3435986677805 18.3480270862579 18.3486541906993 18.3378773530324 18.3271005153656 18.3163236776988 18.3055468400319 18.2947700023651 18.2839931646983 18.2732163270314 18.2629981040954 18.2529660860697 18.242934068044 18.2329020500183 18.2228700319926 18.2128380139669 18.2028059959412 18.1863950411479 18.1508472760518 18.1152995109558 18.0797517458598 18.0442039807638 18.0086562156677 17.9731084505717 17.9375606854757 17.9104356765747 17.8861182530721 17.8618008295695 17.8374834060669 17.8131659825643 17.7888485590617 17.7645311355591 17.7401344935099 17.7155001958211 17.6908658981323 17.6662316004435 17.6415973027547 17.6169630050659
18.2300152460734 18.2891215218438 18.3482277976142 18.3668702602386 18.3720247851478 18.3771793100569 18.382333834966 18.3874883598751 18.3926428847843 18.3977974096934 18.399396859275 18.3903310828739 18.3812653064728 18.3721995300717 18.3631337536706 18.3540679772695 18.3450022008684 18.3359364244673 18.3258580207825 18.3154420746697 18.305026128557 18.2946101824442 18.2841942363315 18.2737782902188 18.263362344106 18.2470914734734 18.2132558292813 18.1794201850891 18.1455845408969 18.1117488967048 18.0779132525126 18.0440776083204 18.0102419641283 17.9851719538371 17.9630238215129 17.9408756891886 17.9187275568644 17.8965794245402 17.874431292216 17.8522831598918 17.8291682137383 17.8031528260973 17.7771374384562 17.7511220508152 17.7251066631741 17.699091275533
18.2705827713013 18.3280958599514 18.3856089486016 18.4045323689779 18.4105925665961 18.4166527642144 18.4227129618327 18.4287731594509 18.4348333570692 18.4408935546875 18.4435195816888 18.4358430968391 18.4281666119893 18.4204901271396 18.4128136422899 18.4051371574402 18.3974606725905 18.3897841877407 18.3809316476186 18.3716870890723 18.3624425305261 18.3531979719798 18.3439534134335 18.3347088548872 18.3254642963409 18.3106974919637 18.2793639500936 18.2480304082235 18.2166968663534 18.1853633244832 18.1540297826131 18.122696240743 18.0913626988729 18.0683523495992 18.0481163978577 18.0278804461161 18.0076444943746 17.987408542633 17.9671725908915 17.94693663915 17.924983241823 17.8978775077396 17.8707717736562 17.8436660395728 17.8165603054894 17.789454571406
18.3076253890991 18.3616069157918 18.4155884424845 18.4344429016113 18.4415883382161 18.448733774821 18.4558792114258 18.4630246480306 18.4701700846354 18.4773155212402 18.4810223579407 18.474413394928 18.4678044319153 18.4611954689026 18.4545865058899 18.4479775428772 18.4413685798645 18.4347596168518 18.4282189846039 18.4217011292775 18.4151832739512 18.4086654186249 18.4021475632985 18.3956297079722 18.3891118526459 18.3772130966187 18.3491716384888 18.3211301803589 18.293088722229 18.2650472640991 18.2370058059692 18.2089643478393 18.1809228897095 18.1599768638611 18.1413959821065 18.122815100352 18.1042342185974 18.0856533368428 18.0670724550883 18.0484915733337 18.0275795777639 17.9996742407481 17.9717689037323 17.9438635667165 17.9159582297007 17.8880528926849
18.344668006897 18.3951179716322 18.4455679363674 18.4643534342448 18.4725841098361 18.4808147854275 18.4890454610189 18.4972761366102 18.5055068122016 18.513737487793 18.5185251341926 18.5129836930169 18.5074422518412 18.5019008106655 18.4963593694899 18.4908179283142 18.4852764871385 18.4797350459629 18.4755063215891 18.4717151694828 18.4679240173764 18.46413286527 18.4603417131636 18.4565505610572 18.4527594089508 18.4437287012736 18.4189793268839 18.3942299524943 18.3694805781046 18.344731203715 18.3199818293254 18.2952324549357 18.2704830805461 18.251601378123 18.2346755663554 18.2177497545878 18.2008239428202 18.1838981310526 18.1669723192851 18.1500465075175 18.1301759137048 18.1014709737566 18.0727660338084 18.0440610938602 18.015356153912 17.9866512139638
18.3817106246948 18.4286290274726 18.4755474302504 18.4942639668783 18.5035798814562 18.5128957960341 18.522211710612 18.5315276251899 18.5408435397678 18.5501594543457 18.5560279104445 18.5515539911058 18.5470800717672 18.5426061524285 18.5381322330899 18.5336583137512 18.5291843944126 18.5247104750739 18.5227936585744 18.521729209688 18.5206647608015 18.5196003119151 18.5185358630286 18.5174714141422 18.5164069652557 18.5102443059285 18.4887870152791 18.4673297246297 18.4458724339803 18.4244151433309 18.4029578526815 18.3815005620321 18.3600432713826 18.3432258923848 18.3279551506042 18.3126844088236 18.297413667043 18.2821429252624 18.2668721834818 18.2516014417012 18.2327722496457 18.2032677067651 18.1737631638845 18.1442586210039 18.1147540781233 18.0852495352427
18.4187532424927 18.462140083313 18.5055269241333 18.5241744995117 18.5345756530762 18.5449768066406 18.5553779602051 18.5657791137695 18.576180267334 18.5865814208984 18.5935306866964 18.5901242891947 18.5867178916931 18.5833114941915 18.5799050966899 18.5764986991882 18.5730923016866 18.569685904185 18.5700809955597 18.5717432498932 18.5734055042267 18.5750677585602 18.5767300128937 18.5783922672272 18.5800545215607 18.5767599105835 18.5585947036743 18.5404294967651 18.5222642898559 18.5040990829468 18.4859338760376 18.4677686691284 18.4496034622192 18.4348504066467 18.4212347348531 18.4076190630595 18.3940033912659 18.3803877194722 18.3667720476786 18.353156375885 18.3353685855865 18.3050644397735 18.2747602939606 18.2444561481476 18.2141520023346 18.1838478565216
18.4557958602905 18.4956511391534 18.5355064180162 18.5540850321452 18.5655714246962 18.5770578172472 18.5885442097982 18.6000306023492 18.6115169949002 18.6230033874512 18.6310334629483 18.6286945872837 18.6263557116191 18.6240168359544 18.6216779602898 18.6193390846252 18.6170002089606 18.614661333296 18.617368332545 18.6217572900984 18.6261462476518 18.6305352052053 18.6349241627587 18.6393131203122 18.6437020778656 18.6432755152384 18.6284023920695 18.6135292689005 18.5986561457316 18.5837830225627 18.5689098993937 18.5540367762248 18.5391636530558 18.5264749209086 18.514514319102 18.5025537172953 18.4905931154887 18.478632513682 18.4666719118754 18.4547113100688 18.4379649215274 18.406861172782 18.3757574240367 18.3446536752913 18.3135499265459 18.2824461778005
18.462947511673 18.4982963403066 18.5336451689402 18.5528098106384 18.5665797233582 18.5803496360779 18.5941195487976 18.6078894615173 18.6216593742371 18.6354292869568 18.6458462503221 18.6462043656243 18.6465624809265 18.6469205962287 18.6472787115309 18.6476368268331 18.6479949421353 18.6483530574375 18.6536858240763 18.6606768078274 18.6676677915785 18.6746587753296 18.6816497590807 18.6886407428318 18.6956317265828 18.6979184998406 18.6860926416185 18.6742667833964 18.6624409251743 18.6506150669522 18.6387892087301 18.6269633505079 18.6151374922858 18.6042315006256 18.5936321311527 18.5830327616798 18.5724333922068 18.5618340227339 18.551234653261 18.540635283788 18.5251924620734 18.4952192836338 18.4652461051941 18.4352729267544 18.4052997483148 18.3753265698751
18.44020819664 18.4700756867727 18.4999431769053 18.5203488349915 18.5376005490621 18.5548522631327 18.5721039772034 18.589355691274 18.6066074053446 18.6238591194153 18.637969048818 18.6426536242167 18.6473381996155 18.6520227750142 18.656707350413 18.6613919258118 18.6660765012105 18.6707610766093 18.6790334701538 18.6885018030802 18.6979701360067 18.7074384689331 18.7169068018595 18.726375134786 18.7358434677124 18.74068886439 18.7316654523214 18.7226420402527 18.713618628184 18.7045952161153 18.6955718040466 18.6865483919779 18.6775249799093 18.6681201457977 18.6585881710052 18.6490561962128 18.6395242214203 18.6299922466278 18.6204602718353 18.6109282970428 18.5970512072245 18.5701387723287 18.5432263374329 18.516313902537 18.4894014676412 18.4624890327454
18.4174688816071 18.4418550332387 18.4662411848704 18.4878878593445 18.508621374766 18.5293548901876 18.5500884056091 18.5708219210307 18.5915554364522 18.6122889518738 18.6300918473138 18.6391028828091 18.6481139183044 18.6571249537998 18.6661359892951 18.6751470247904 18.6841580602858 18.6931690957811 18.7043811162313 18.7163267983331 18.7282724804348 18.7402181625366 18.7521638446384 18.7641095267402 18.776055208842 18.7834592289395 18.7772382630242 18.771017297109 18.7647963311937 18.7585753652784 18.7523543993632 18.7461334334479 18.7399124675327 18.7320087909698 18.7235442108578 18.7150796307458 18.7066150506337 18.6981504705217 18.6896858904097 18.6812213102976 18.6689099523756 18.6450582610236 18.6212065696716 18.5973548783196 18.5735031869676 18.5496514956156
18.3947295665741 18.4136343797048 18.4325391928355 18.4554268836975 18.47964220047 18.5038575172424 18.5280728340149 18.5522881507874 18.5765034675598 18.6007187843323 18.6222146458096 18.6355521414015 18.6488896369934 18.6622271325853 18.6755646281772 18.6889021237691 18.702239619361 18.7155771149529 18.7297287623088 18.7441517935859 18.758574824863 18.7729978561401 18.7874208874173 18.8018439186944 18.8162669499715 18.8262295934889 18.8228110737271 18.8193925539652 18.8159740342034 18.8125555144416 18.8091369946798 18.8057184749179 18.8022999551561 18.795897436142 18.7885002507104 18.7811030652788 18.7737058798472 18.7663086944156 18.758911508984 18.7515143235524 18.7407686975267 18.7199777497186 18.6991868019104 18.6783958541022 18.6576049062941 18.6368139584859
18.3719902515411 18.3854137261709 18.3988372008006 18.4229659080505 18.4506630261739 18.4783601442973 18.5060572624207 18.533754380544 18.5614514986674 18.5891486167908 18.6143374443054 18.6320013999939 18.6496653556824 18.6673293113708 18.6849932670593 18.7026572227478 18.7203211784363 18.7379851341247 18.7550764083862 18.7719767888387 18.7888771692912 18.8057775497436 18.8226779301961 18.8395783106486 18.8564786911011 18.8689999580383 18.8683838844299 18.8677678108215 18.8671517372131 18.8665356636047 18.8659195899963 18.8653035163879 18.8646874427795 18.8597860813141 18.8534562905629 18.8471264998118 18.8407967090607 18.8344669183095 18.8281371275584 18.8218073368072 18.8126274426778 18.7948972384135 18.7771670341492 18.7594368298848 18.7417066256205 18.7239764213562
18.3492509365082 18.3571930726369 18.3651352087657 18.3905049324036 18.4216838518778 18.4528627713521 18.4840416908264 18.5152206103007 18.546399529775 18.5775784492493 18.6064602428012 18.6284506585863 18.6504410743713 18.6724314901564 18.6944219059414 18.7164123217265 18.7384027375115 18.7603931532966 18.7804240544637 18.7998017840915 18.8191795137193 18.8385572433472 18.857934972975 18.8773127026028 18.8966904322306 18.9117703225877 18.9139566951328 18.9161430676778 18.9183294402228 18.9205158127679 18.9227021853129 18.9248885578579 18.927074930403 18.9236747264862 18.9184123304155 18.9131499343448 18.9078875382741 18.9026251422034 18.8973627461327 18.892100350062 18.8844861878289 18.8698167271084 18.8551472663879 18.8404778056674 18.825808344947 18.8111388842265
18.3573600769043 18.362242380778 18.3671246846517 18.3922803878784 18.4241938908895 18.4561073939005 18.4880208969116 18.5199343999227 18.5518479029337 18.5837614059448 18.6133684052361 18.6360558933682 18.6587433815002 18.6814308696323 18.7041183577643 18.7268058458964 18.7494933340285 18.7721808221605 18.7940496603648 18.8156456152598 18.8372415701548 18.8588375250498 18.8804334799449 18.9020294348399 18.9236253897349 18.9415305084652 18.9483631187015 18.9551957289378 18.9620283391741 18.9688609494103 18.9756935596466 18.9825261698829 18.9893587801191 18.9869965235392 18.9815693113539 18.9761420991686 18.9707148869832 18.9652876747979 18.9598604626126 18.9544332504272 18.9471783796946 18.9344405333201 18.9217026869456 18.9089648405711 18.8962269941966 18.8834891478221
18.3963176727295 18.4005616505941 18.4048056284587 18.4282922744751 18.4581931432088 18.4880940119425 18.5179948806763 18.54789574941 18.5777966181437 18.6076974868774 18.6350619316101 18.6548171043396 18.6745722770691 18.6943274497986 18.7140826225281 18.7338377952576 18.7535929679871 18.7733481407165 18.7959532260895 18.8195082823435 18.8430633385976 18.8666183948517 18.8901734511057 18.9137285073598 18.9372835636139 18.9582805156708 18.9716031551361 18.9849257946014 18.9982484340668 19.0115710735321 19.0248937129974 19.0382163524628 19.0515389919281 19.0497514724731 19.0429272333781 19.036102994283 19.029278755188 19.0224545160929 19.0156302769979 19.0088060379028 19.0007040182749 18.9887686570485 18.9768332958221 18.9648979345957 18.9529625733693 18.9410272121429
