data/working_set_collections/6091692-Cassins_Sparrow-MC/1980/bio13.asc
NCOLS 265 
NROWS 230 
XLLCORNER -115.5625 
YLLCORNER 24.8333333333333 
CELLSIZE 0.0833333333333333 
NODATA_value -9999 
[rows 40 to 59 of 230, columns 0 to 45 of 265]
66.7489514350896 65.8768876075749 65.0048237800602 64.1327599525454 63.2606961250307 62.388632297516 61.5165684700012 59.4299923896793 56.9385788917546 54.4471653938295 51.9557518959049 49.4643383979802 46.9729249000551 44.4815114021305 42.530045859019 42.1984241803487 41.8668025016784 41.5351808230082 41.2035591443379 40.8719374656677 40.5403157869974 40.2086941083271 40.4589015960691 40.903052139282 41.347202682495 41.7913532257078 42.2355037689207 42.6796543121337 43.1238048553465 43.9506669680272 45.9256637891131 47.9006606101986 49.8756574312841 51.85065425237 53.8256510734555 55.800647894541 57.7756447156269 59.9432378768918 62.1750298182165 64.4068217595416 66.6386137008664 68.8704056421911 71.1021975835162 73.333989524841 74.8821063995363 74.3791980743409
64.7551767031355 64.2937876701358 63.8323986371361 63.3710096041363 62.9096205711366 62.4482315381369 61.9868425051371 60.0006824811303 57.5062654601208 55.0118484391108 52.5174314181013 50.0230143970918 47.5285973760819 45.0341803550724 43.0864584287008 42.7788217862447 42.4711851437886 42.1635485013326 41.8559118588765 41.5482752164204 41.2406385739644 40.9330019315083 41.1540317535399 41.5512837304008 41.9485357072617 42.3457876841226 42.7430396609835 43.1402916378444 43.5375436147053 44.3051898214547 46.1840187178715 48.062847614288 49.9416765107045 51.8205054071212 53.6993343035377 55.5781631999542 57.4569920963709 59.5967650731401 61.8235194100269 64.0502737469141 66.2770280838009 68.5037824206877 70.730536757575 72.9572910944617 74.526286951701 74.1220073699952
63.0242252349855 62.8927527109784 62.7612801869712 62.629807662964 62.4983351389568 62.3668626149496 62.2353900909424 60.4110081354781 58.0223230361943 55.6336379369102 53.2449528376264 50.8562677383427 48.4675826390585 46.0788975397748 44.2001982159084 43.8514562182955 43.5027142206827 43.1539722230699 42.805230225457 42.4564882278442 42.1077462302314 41.7590042326185 41.9266032218932 42.2663158734638 42.6060285250345 42.9457411766051 43.2854538281757 43.6251664797464 43.964879131317 44.6687618679466 46.4651548597545 48.2615478515622 50.0579408433698 51.8543338351777 53.6507268269854 55.447119818793 57.2435128106009 59.3337995529171 61.5220508787362 63.7103022045557 65.8985535303748 68.0868048561939 70.2750561820134 72.4633075078325 74.003247218662 73.5982520845203
61.5560970306399 61.6737827301027 61.7914684295656 61.9091541290284 62.0268398284913 62.1445255279541 62.262211227417 60.6609693527225 58.4867516199752 56.3125338872275 54.1383161544802 51.9640984217329 49.7898806889852 47.6156629562379 45.8712652206419 45.4163274765013 44.9613897323607 44.5064519882201 44.0515142440794 43.5965764999388 43.1416387557983 42.6867010116576 42.776616001129 43.0481485684711 43.3196811358132 43.5912137031554 43.8627462704975 44.1342788378396 44.4058114051818 45.0413831075028 46.7690722147621 48.4967613220212 50.2244504292802 51.9521395365395 53.6798286437985 55.4075177510576 57.1352068583169 59.1543413162228 61.2706242243445 63.3869071324664 65.5031900405881 67.6194729487097 69.7357558568317 71.8520387649533 73.3129872004193 72.807932217916
60.0879688262941 60.454812749227 60.8216566721599 61.1885005950928 61.5553445180257 61.9221884409586 62.2890323638916 60.9109305699669 58.9511802037561 56.9914298375449 55.031679471334 53.0719291051232 51.112178738912 49.1524283727011 47.5423322253756 46.9811987347071 46.4200652440388 45.8589317533704 45.297798262702 44.7366647720336 44.1755312813653 43.6143977906968 43.6266287803648 43.8299812634784 44.0333337465921 44.2366862297057 44.4400387128193 44.6433911959329 44.8467436790465 45.414004347059 47.0729895697697 48.7319747924802 50.3909600151906 52.0499452379013 53.7089304606117 55.3679156833221 57.0269009060328 58.9748830795285 61.0191975699526 63.0635120603771 65.1078265508013 67.1521410412255 69.19645553165 71.2407700220741 72.6227271821766 72.0176123513118
58.6198406219483 59.2358427683513 59.8518449147542 60.4678470611572 61.0838492075602 61.6998513539631 62.3158535003661 61.1608917872114 59.415608787537 57.6703257878623 55.9250427881879 54.1797597885135 52.4344767888388 50.6891937891643 49.2133992301093 48.546069992913 47.8787407557169 47.2114115185208 46.5440822813245 45.8767530441284 45.2094238069323 44.542094569736 44.4766415596007 44.6118139584858 44.7469863573709 44.882158756256 45.0173311551411 45.1525035540262 45.2876759529113 45.7866255866153 47.3769069247773 48.9671882629392 50.557469601101 52.147750939263 53.7380322774249 55.3283136155867 56.9185949537487 58.7954248428342 60.7677709155608 62.7401169882879 64.7124630610145 66.6848091337412 68.6571552064682 70.6295012791949 71.9324671639339 71.2272924847075
57.1517124176027 58.0168727874756 58.8820331573486 59.7471935272217 60.6123538970947 61.4775142669676 62.3426746368407 61.4108530044558 59.8800373713178 58.3492217381796 56.8184061050416 55.2875904719036 53.7567748387654 52.2259592056274 50.8844662348428 50.1109412511188 49.3374162673949 48.563891283671 47.790366299947 47.0168413162231 46.2433163324992 45.4697913487751 45.3266543388365 45.3936466534931 45.4606389681497 45.5276312828063 45.5946235974629 45.6616159121195 45.728608226776 46.1592468261715 47.6808242797849 49.2024017333981 50.7239791870113 52.2455566406248 53.767134094238 55.2887115478512 56.8102890014647 58.6159666061398 60.516344261169 62.4167219161986 64.3170995712278 66.217477226257 68.1178548812865 70.0182325363157 71.2422071456912 70.4369726181033
55.6835842132569 56.7979028065999 57.9122213999429 59.0265399932861 60.1408585866291 61.2551771799721 62.3694957733153 61.6608142217002 60.3444659550987 59.028117688497 57.7117694218954 56.3954211552939 55.0790728886922 53.7627246220907 52.5555332395765 51.6758125093247 50.796091779073 49.9163710488214 49.0366503185695 48.1569295883179 47.2772088580662 46.3974881278144 46.1766671180724 46.1754793485005 46.1742915789285 46.1731038093566 46.1719160397847 46.1707282702127 46.1695405006408 46.5318680657277 47.9847416347925 49.4376152038571 50.8904887729217 52.3433623419866 53.7962359110512 55.2491094801158 56.7019830491806 58.4365083694455 60.2649176067772 62.0933268441093 63.921736081441 65.7501453187727 67.5785545561047 69.4069637934365 70.5519471274485 69.646652751499
54.1681243578593 55.4132317543029 56.6583391507466 57.9034465471904 59.148553943634 60.3936613400776 61.6387687365214 61.1460067431135 60.0739549530881 59.0019031630624 57.9298513730369 56.8577995830115 55.7857477929858 54.7136960029604 53.6759985605877 52.7413641611735 51.8067297617595 50.8720953623455 49.9374609629314 49.0028265635174 48.0681921641033 47.1335577646892 46.8586585998535 46.8036711798773 46.7486837599012 46.6936963399251 46.638708919949 46.5837214999729 46.5287340799967 46.8293269687225 48.1966607835556 49.5639945983884 50.9313284132213 52.2986622280543 53.6659960428872 55.03332985772 56.4006636725531 58.0893770853676 59.8852170308427 61.6810569763182 63.4768969217934 65.2727368672685 67.068576812744 68.8644167582191 69.9926546096804 69.1180861790976
52.60533285141 53.8628596305848 55.1203864097595 56.3779131889344 57.6354399681092 58.8929667472839 60.1504935264588 59.8664305686954 59.0685043652856 58.2705781618756 57.4726519584658 56.674725755056 55.876799551646 55.0788733482362 54.2458621978761 53.307596206665 52.3693302154542 51.4310642242433 50.4927982330322 49.5545322418214 48.6162662506105 47.6780002593994 47.3726287841796 47.2782221476236 47.1838155110676 47.0894088745117 46.9950022379557 46.9005956013997 46.8061889648437 47.0516235351559 48.3165817260741 49.581539916992 50.8464981079099 52.111456298828 53.3764144897459 54.6413726806638 55.906330871582 57.574572753906 59.3772425333656 61.1799123128254 62.9825820922849 64.7852518717445 66.5879216512043 68.3905914306638 69.5643295923871 68.8512729008994
51.0425413449606 52.3124875068665 53.5824336687723 54.8523798306784 56.1223259925842 57.3922721544901 58.6622183163961 58.5868543942772 58.063053777483 57.5392531606888 57.0154525438946 56.4916519271004 55.9678513103062 55.444050693512 54.8157258351645 53.8738282521566 52.9319306691488 51.9900330861411 51.0481355031332 50.1062379201254 49.1643403371177 48.2224427541097 47.8865989685058 47.75277311537 47.6189472622341 47.4851214090983 47.3512955559624 47.2174697028266 47.0836438496907 47.2739201015893 48.4365026685925 49.5990852355955 50.7616678025985 51.9242503696017 53.0868329366047 54.2494155036077 55.4119980706108 57.0597684224444 58.8692680358883 60.6787676493325 62.4882672627764 64.2977668762204 66.1072664896646 67.9167661031085 69.1360045750938 68.5844596227011
49.4797498385112 50.7621153831481 52.0444809277851 53.3268464724223 54.6092120170593 55.8915775616962 57.1739431063334 57.307278219859 57.0576031896805 56.8079281595019 56.5582531293234 56.3085780991449 56.0589030689664 55.8092280387879 55.3855894724529 54.4400602976482 53.4945311228435 52.5490019480389 51.6034727732341 50.6579435984295 49.7124144236248 48.76688524882 48.400569152832 48.2273240831163 48.0540790134006 47.8808339436849 47.7075888739692 47.5343438042535 47.3610987345378 47.4962166680227 48.556423611111 49.616630554199 50.6768374972871 51.7370444403753 52.7972513834634 53.8574583265515 54.9176652696397 56.5449640909828 58.3612935384111 60.1776229858397 61.993952433268 63.8102818806963 65.6266113281249 67.4429407755531 68.7076795578004 68.3176463445028
47.9169583320619 49.21174325943 50.5065281867981 51.8013131141664 53.0960980415345 54.3908829689025 55.6856678962709 56.0277020454409 56.052152601878 56.0766031583151 56.1010537147523 56.1255042711894 56.1499548276265 56.1744053840637 55.9554531097413 55.0062923431397 54.0571315765382 53.1079708099366 52.158810043335 51.2096492767335 50.260488510132 49.3113277435303 48.9145393371582 48.7018750508626 48.489210764567 48.2765464782715 48.0638821919759 47.8512179056803 47.6385536193848 47.7185132344561 48.6763445536294 49.6341758728026 50.5920071919757 51.549838511149 52.5076698303222 53.4655011494953 54.4233324686686 56.0301597595213 57.8533190409339 59.6764783223469 61.4996376037595 63.3227968851722 65.1459561665852 66.9691154479978 68.2793545405071 68.0508330663046
46.3541668256125 47.6613711357117 48.9685754458109 50.2757797559103 51.5829840660095 52.8901883761087 54.1973926862082 54.7481258710227 55.0467020140755 55.3452781571283 55.6438543001811 55.9424304432339 56.2410065862867 56.5395827293395 56.5253167470298 55.5725243886312 54.6197320302328 53.6669396718345 52.7141473134359 51.7613549550375 50.8085625966391 49.8557702382406 49.4285095214844 49.1764260186089 48.9243425157335 48.6722590128581 48.4201755099826 48.1680920071072 47.9160085042318 47.9408098008895 48.7962654961479 49.6517211914061 50.5071768866643 51.3626325819227 52.2180882771809 53.0735439724391 53.9289996676975 55.5153554280596 57.3453445434567 59.175333658854 61.005322774251 62.8353118896481 64.6653010050454 66.4952901204425 67.8510295232138 67.7840197881063
45.286985291375 46.6372639338174 47.9875425762598 49.3378212187024 50.6880998611448 52.0383785035872 53.3886571460299 54.0586193084716 54.501809310913 54.9449993133545 55.3881893157958 55.8313793182372 56.2745693206787 56.71775932312 56.8149347517228 55.8740664588081 54.9331981658937 53.9923298729793 53.0514615800647 52.1105932871502 51.1697249942358 50.2288567013212 49.7896536191305 49.5176722738478 49.2456909285651 48.9737095832825 48.7017282379999 48.4297468927172 48.1577655474345 48.1426947911578 48.8983558019001 49.6540168126423 50.4096778233844 51.1653388341267 51.9209998448689 52.676660855611 53.4323218663533 54.9576042493182 56.7394270896908 58.5212499300638 60.3030727704364 62.084895610809 63.866718451182 65.6485412915546 66.9883183797202 67.0019582112632
44.7154137293497 46.1394216537474 47.5634295781451 48.987437502543 50.4114454269407 51.8354533513384 53.2594612757363 53.959182357788 54.4174744923909 54.8757666269938 55.3340587615966 55.7923508961995 56.2506430308024 56.7089351654052 56.8243071238202 55.9109185536703 54.9975299835206 54.084141413371 53.1707528432211 52.2573642730714 51.3439757029217 50.4305871327719 49.9979716300965 49.7256138165792 49.4532560030619 49.1808981895447 48.9085403760275 48.6361825625102 48.3638247489929 48.324168205261 48.9826154708861 49.6410627365111 50.2995100021361 50.9579572677612 51.6164045333862 52.2748517990111 52.9332990646362 54.3569062232969 56.0355666796364 57.7142271359761 59.3928875923155 61.071548048655 62.7502085049947 64.4288689613341 65.6912211100263 65.704648335775
44.1438421673244 45.6415793736774 47.1393165800304 48.6370537863836 50.1347909927366 51.6325281990896 53.1302654054428 53.8597454071044 54.3331396738687 54.8065339406331 55.2799282073974 55.7533224741617 56.2267167409261 56.7001110076904 56.8336794959176 55.9477706485325 55.0618618011476 54.1759529537627 53.2900441063776 52.4041352589926 51.5182264116077 50.6323175642226 50.2062896410624 49.9335553593106 49.6608210775587 49.3880867958069 49.1153525140551 48.8426182323032 48.5698839505514 48.5056416193643 49.0668751398722 49.62810866038 50.1893421808877 50.7505757013956 51.3118092219034 51.8730427424112 52.4342762629191 53.7562081972756 55.3317062695819 56.9072043418884 58.4827024141946 60.0582004865008 61.6336985588074 63.2091966311136 64.3941238403322 64.4073384602866
43.5722706052991 45.1437370936074 46.7152035819157 48.2866700702242 49.8581365585325 51.4296030468408 53.0010695351493 53.7603084564208 54.2488048553466 54.7373012542724 55.2257976531982 55.7142940521239 56.2027904510498 56.6912868499755 56.8430518680151 55.9846227433947 55.1261936187746 54.2677644941544 53.409335369534 52.5509062449139 51.6924771202937 50.8340479956734 50.4146076520284 50.141496902042 49.8683861520555 49.5952754020691 49.3221646520827 49.0490539020962 48.7759431521098 48.6871150334675 49.1511348088582 49.6151545842488 50.0791743596394 50.5431941350301 51.0072139104207 51.4712336858113 51.935253461202 53.1555101712543 54.6278458595273 56.1001815478006 57.5725172360737 59.0448529243467 60.51718861262 61.989524300893 63.0970265706382 63.1100285847983
43.0006990432738 44.6458948135374 46.291090583801 47.9362863540648 49.5814821243284 51.2266778945919 52.8718736648558 53.6608715057372 54.1644700368244 54.6680685679117 55.171667098999 55.6752656300861 56.1788641611734 56.6824626922607 56.8524242401125 56.0214748382569 55.1905254364015 54.3595760345461 53.5286266326905 52.6976772308351 51.8667278289797 51.0357784271241 50.6229256629944 50.3494384447734 50.0759512265523 49.8024640083313 49.5289767901103 49.2554895718892 48.9820023536682 48.8685884475707 49.2353944778442 49.6022005081176 49.969006538391 50.3358125686646 50.702618598938 51.0694246292114 51.4362306594849 52.554812145233 53.9239854494729 55.293158753713 56.6623320579528 58.0315053621927 59.4006786664327 60.7698519706726 61.7999293009442 61.8127187093101
42.4291274812485 44.1480525334674 45.8669775856862 47.5859026379054 49.3048276901243 51.0237527423431 52.7426777945623 53.5614345550536 54.0801352183023 54.5988358815511 55.1175365447997 55.6362372080484 56.1549378712972 56.6736385345458 56.8617966122099 56.0583269331191 55.2548572540285 54.4513875749378 53.647917895847 52.8444482167563 52.0409785376656 51.2375088585748 50.8312436739604 50.5573799875048 50.2835163010491 50.0096526145935 49.7357889281379 49.4619252416823 49.1880615552267 49.0500618616739 49.3196541468302 49.5892464319864 49.8588387171427 50.128431002299 50.3980232874552 50.6676155726115 50.9372078577678 51.9541141192117 53.2201250394183 54.4861359596252 55.7521468798319 57.0181578000385 58.2841687202454 59.550179640452 60.5028320312502 60.5154088338218
