data/working_set_collections/6091692-Cassins_Sparrow-MC/1980/bio12.asc
NCOLS 265 
NROWS 230 
XLLCORNER -115.5625 
YLLCORNER 24.8333333333333 
CELLSIZE 0.0833333333333333 
NODATA_value -9999 
[rows 20 to 39 of 230, columns 184 to 229 of 265]
590.173356628417 595.675146314832 601.176936001246 604.43600209554 606.947493659125 609.45898522271 611.970476786295 614.48196834988 616.993459913465 619.50495147705 622.097611490885 624.933776855468 627.769942220051 630.606107584634 633.442272949218 636.278438313801 639.114603678384 641.950769042967 643.872210184732 645.488743252223 647.105276319715 648.721809387206 650.338342454697 651.954875522189 653.57140858968 656.237423366969 662.051883273652 667.866343180337 673.68080308702 679.495262993704 685.309722900389 691.124182807072 696.938642713756 702.91992848714 708.956822882756 714.993717278372 721.030611673989 727.067506069605 733.104400465221 739.141294860838 744.727761671276 748.96294572618 753.198129781086 757.43331383599 761.668497890894 765.903681945799
589.417054748534 595.216038174098 601.015021599662 604.497927347819 607.208807203504 609.91968705919 612.630566914876 615.341446770561 618.052326626247 620.763206481933 623.600508626301 626.817077636718 630.033646647135 633.250215657551 636.466784667967 639.683353678384 642.899922688801 646.116491699217 648.022693379719 649.492105950249 650.961518520778 652.430931091308 653.900343661837 655.369756232367 656.839168802897 659.514957004121 665.809872097437 672.104787190754 678.399702284069 684.694617377385 690.989532470701 697.284447564017 703.579362657332 709.773241678872 715.933442009818 722.093642340763 728.25384267171 734.414043002656 740.574243333602 746.734443664549 752.321845669215 756.190852695039 760.059859720864 763.928866746689 767.797873772513 771.666880798339
588.660752868651 594.756930033365 600.853107198078 604.559852600097 607.470120747883 610.38038889567 613.290657043456 616.200925191243 619.111193339029 622.021461486816 625.103405761718 628.700378417967 632.297351074218 635.894323730467 639.491296386717 643.088269042968 646.685241699217 650.282214355467 652.173176574706 653.495468648274 654.817760721842 656.140052795409 657.462344868977 658.784636942545 660.106929016112 662.792490641274 669.567860921221 676.34323120117 683.118601481117 689.893971761065 696.669342041013 703.444712320961 710.220082600908 716.626554870603 722.910061136879 729.193567403154 735.477073669431 741.760579935707 748.044086201983 754.327592468259 759.915929667153 763.418759663897 766.921589660643 770.424419657387 773.927249654132 777.430079650877
587.904450988769 594.297821892631 600.691192796493 604.621777852376 607.731434292263 610.84109073215 613.950747172037 617.060403611924 620.170060051811 623.279716491698 626.606302897134 630.583679199217 634.561055501301 638.538431803384 642.515808105467 646.493184407551 650.470560709634 654.447937011717 656.323659769693 657.498831346299 658.674002922905 659.849174499511 661.024346076117 662.199517652723 663.374689229329 666.070024278427 673.325849745006 680.581675211587 687.837500678166 695.093326144745 702.349151611326 709.604977077905 716.860802544485 723.479868062335 729.886680263941 736.293492465546 742.700304667153 749.107116868758 755.513929070364 761.92074127197 767.510013665091 770.646666632756 773.783319600422 776.919972568086 780.056625535751 783.193278503417
586.328958638508 593.016476949055 599.703995259601 603.92914276123 607.333499993218 610.737857225205 614.142214457194 617.546571689181 620.950928921169 624.355286153157 628.008840094671 632.409984164766 636.811128234862 641.212272304957 645.613416375053 650.014560445149 654.415704515244 658.816848585339 660.627679951985 661.575073750813 662.522467549641 663.46986134847 664.417255147298 665.364648946126 666.312042744954 668.930181715221 676.560556199813 684.190930684406 691.821305168997 699.451679653589 707.082054138182 714.712428622773 722.342803107365 729.177803548175 735.747679307724 742.317555067272 748.887430826821 755.45730658637 762.027182345918 768.597058105467 774.226870218911 777.036491394042 779.846112569172 782.655733744302 785.465354919432 788.274976094563
583.93427581787 590.912895202635 597.891514587401 602.48194732666 606.276317850748 610.070688374836 613.865058898925 617.659429423014 621.453799947102 625.248170471191 629.311017354328 634.179293314614 639.047569274901 643.915845235187 648.784121195473 653.65239715576 658.520673116046 663.388949076333 665.085237121581 665.724195861816 666.36315460205 667.002113342284 667.641072082519 668.280030822753 668.918989562988 671.372962951658 679.271980285642 687.170997619627 695.070014953611 702.969032287595 710.86804962158 718.767066955564 726.666084289548 733.720361328123 740.493058268227 747.265755208331 754.038452148435 760.811149088539 767.583846028643 774.356542968748 780.066499328612 782.588233947752 785.109968566893 787.631703186034 790.153437805174 792.675172424315
581.539592997232 588.809313456216 596.0790339152 601.034751892089 605.219135708278 609.403519524467 613.587903340657 617.772287156846 621.956670973035 626.141054789224 630.613194613985 635.948602464462 641.28401031494 646.619418165417 651.954826015894 657.290233866372 662.625641716849 667.961049567326 669.542794291178 669.873317972818 670.203841654459 670.5343653361 670.86488901774 671.195412699381 671.525936381022 673.815744188095 681.983404371471 690.151064554849 698.318724738225 706.486384921601 714.654045104978 722.821705288355 730.989365471731 738.262919108071 745.23843722873 752.21395534939 759.18947347005 766.164991590709 773.140509711369 780.116027832029 785.906128438312 788.139976501463 790.373824564615 792.607672627766 794.841520690917 797.075368754068
579.144910176594 586.705731709797 594.266553242999 599.587556457519 604.161953565809 608.736350674098 613.310747782389 617.885144890678 622.459541998968 627.033939107258 631.915371873642 637.71791161431 643.520451354979 649.322991095647 655.125530836315 660.928070576984 666.730610317652 672.53315005832 674.000351460774 674.022440083821 674.044528706868 674.066617329915 674.088705952962 674.110794576009 674.132883199056 676.258525424531 684.6948284573 693.13113149007 701.567434522838 710.003737555607 718.440040588377 726.876343621146 735.312646653914 742.805476888019 749.983816189234 757.162155490449 764.340494791665 771.51883409288 778.697173394095 785.875512695311 791.745757548013 793.691719055175 795.637680562336 797.583642069498 799.529603576659 801.475565083821
576.750227355956 584.602149963378 592.454072570799 598.140361022949 603.104771423339 608.069181823729 613.03359222412 617.998002624511 622.962413024901 627.926823425292 633.217549133299 639.487220764158 645.756892395018 652.026564025877 658.296235656736 664.565907287596 670.835578918455 677.105250549314 678.45790863037 678.171562194824 677.885215759277 677.59886932373 677.312522888183 677.026176452636 676.73983001709 678.701306660968 687.406252543129 696.111198425291 704.816144307452 713.521090189613 722.226036071775 730.930981953936 739.635927836097 747.348034667967 754.729195149737 762.110355631507 769.491516113279 776.87267659505 784.25383707682 791.634997558592 797.585386657714 799.243461608885 800.901536560057 802.559611511229 804.217686462401 805.875761413573
574.355544535318 582.498568216958 590.641591898598 596.693165588378 602.047589280869 607.40201297336 612.756436665852 618.110860358343 623.465284050834 628.819707743326 634.519726392956 641.256529914006 647.993333435057 654.730136956107 661.466940477157 668.203743998208 674.940547519258 681.677351040308 682.915465799967 682.320684305826 681.725902811686 681.131121317545 680.536339823405 679.941558329264 679.346776835124 681.144087897404 690.117676628957 699.091265360512 708.064854092066 717.038442823619 726.012031555174 734.985620286727 743.95920901828 751.890592447915 759.474574110241 767.058555772567 774.642537434894 782.22651909722 789.810500759546 797.394482421873 803.425015767414 804.795204162596 806.165392557779 807.535580952961 808.905769348143 810.275957743326
572.646910095214 580.895059373642 589.14320865207 595.481524149576 601.183228386772 606.884932623968 612.586636861164 618.28834109836 623.990045335556 629.691749572753 635.77116648356 642.9837214152 650.196276346841 657.408831278481 664.621386210121 671.833941141763 679.046496073403 686.259051005043 687.364181009928 686.433502705892 685.502824401855 684.572146097819 683.641467793782 682.710789489746 681.78011118571 683.366356235078 692.50337134467 701.640386454263 710.777401563854 719.914416673445 729.051431783039 738.18844689263 747.325462002222 755.31811014811 762.92930263943 770.540495130748 778.151687622069 785.762880113388 793.374072604707 800.985265096027 807.016085476345 808.305789523654 809.595493570963 810.885197618272 812.174901665581 813.46460571289
571.624324035643 579.791623433429 587.958922831215 594.505436706542 600.511688741047 606.517940775552 612.524192810058 618.530444844562 624.536696879067 630.542948913573 636.971869405109 644.668795267738 652.36572113037 660.062646992999 667.759572855629 675.45649871826 683.15342458089 690.850350443519 691.804054260253 690.510017395019 689.215980529785 687.92194366455 686.627906799316 685.333869934082 684.039833068847 685.368111673988 694.563336690264 703.758561706541 712.953786722817 722.149011739092 731.344236755369 740.539461771645 749.73468678792 757.630587768553 765.093380737303 772.556173706052 780.018966674803 787.481759643553 794.944552612302 802.407345581053 808.358595784505 809.775217692057 811.191839599609 812.608461507161 814.025083414713 815.441705322265
570.601737976073 578.688187493217 586.77463701036 593.529349263508 599.840149095322 606.150948927136 612.461748758951 618.772548590765 625.083348422578 631.394148254393 638.172572326658 646.353869120277 654.535165913898 662.716462707517 670.897759501137 679.079056294757 687.260353088376 695.441649881996 696.243927510579 694.586532084147 692.929136657715 691.271741231282 689.61434580485 687.956950378418 686.299554951986 687.369867112899 696.623302035859 705.87673695882 715.130171881779 724.383606804739 733.6370417277 742.890476650659 752.143911573619 759.943065388996 767.257458835176 774.571852281356 781.886245727538 789.200639173718 796.515032619898 803.829426066079 809.701106092665 811.244645860459 812.788185628255 814.33172539605 815.875265163845 817.41880493164
569.579151916503 577.584751553004 585.590351189505 592.553261820474 599.168609449597 605.78395707872 612.399304707844 619.014652336967 625.62999996609 632.245347595214 639.373275248208 648.038942972816 656.704610697427 665.370278422036 674.035946146644 682.701613871255 691.367281595863 700.032949320472 700.683800760905 698.663046773275 696.642292785645 694.621538798014 692.600784810384 690.580030822754 688.559276835124 689.37162255181 698.683267381453 707.994912211098 717.306557040742 726.618201870386 735.929846700031 745.241491529674 754.553136359318 762.255543009439 769.421536933049 776.58753085666 783.753524780272 790.919518703883 798.085512627493 805.251506551105 811.043616400824 812.714074028862 814.384531656901 816.054989284939 817.725446912977 819.395904541015
568.556565856932 576.481315612791 584.40606536865 591.57717437744 598.497069803872 605.416965230304 612.336860656737 619.256756083169 626.176651509601 633.096546936034 640.573978169757 649.724016825355 658.874055480955 668.024094136553 677.174132792152 686.324171447752 695.47421010335 704.624248758948 705.12367401123 702.739561462402 700.355448913574 697.971336364746 695.587223815918 693.20311126709 690.818998718262 691.37337799072 700.743232727048 710.113087463377 719.482942199705 728.852796936032 738.222651672361 747.592506408689 756.962361145016 764.568020629881 771.585615030923 778.603209431964 785.620803833006 792.638398234048 799.655992635089 806.673587036131 812.386126708984 814.183502197265 815.980877685546 817.778253173827 819.575628662109 821.37300415039
567.533979797362 575.377879672579 583.221779547795 590.601086934406 597.825530158147 605.049973381888 612.27441660563 619.498859829371 626.723303053112 633.947746276854 641.774681091306 651.409090677894 661.043500264484 670.677909851072 680.31231943766 689.946729024249 699.581138610837 709.215548197425 709.563547261556 706.81607615153 704.068605041504 701.321133931478 698.573662821452 695.826191711426 693.0787206014 693.375133429631 702.803198072643 712.231262715655 721.659327358667 731.087392001679 740.515456644692 749.943521287704 759.371585930715 766.880498250324 773.749693128796 780.618888007268 787.488082885741 794.357277764213 801.226472642685 808.095667521158 813.728637017143 815.652930365668 817.577223714192 819.501517062716 821.42581041124 823.350103759765
568.326013692218 575.790570576984 583.255127461749 590.476405843098 597.616591389972 604.756776936847 611.896962483723 619.037148030597 626.177333577472 633.317519124348 641.091225518119 650.76549445258 660.439763387043 670.114032321504 679.788301255966 689.462570190429 699.13683912489 708.811108059351 709.708948262533 707.681312221952 705.65367618137 703.626040140788 701.598404100206 699.570768059625 697.543132019043 698.261455790199 707.217658996579 716.17386220296 725.13006540934 734.08626861572 743.042471822101 751.998675028481 760.954878234861 768.214927673339 774.909592522514 781.604257371689 788.298922220865 794.99358707004 801.688251919215 808.382916768391 813.927556525336 816.022121005588 818.11668548584 820.211249966091 822.305814446343 824.400378926595
570.932667541502 577.719388326007 584.506109110512 591.203131103514 597.870253499347 604.53737589518 611.204498291015 617.871620686848 624.538743082681 631.205865478515 638.523611450194 647.793228149412 657.062844848632 666.33246154785 675.602078247068 684.871694946288 694.141311645507 703.410928344725 705.559877014161 705.335269673666 705.110662333171 704.886054992676 704.66144765218 704.436840311686 704.21223297119 706.032345072425 713.986615498857 721.940885925291 729.895156351723 737.849426778155 745.803697204588 753.75796763102 761.712238057452 768.571308898925 775.065313212075 781.559317525226 788.053321838378 794.547326151529 801.041330464679 807.535334777831 812.982885233561 815.291074117024 817.599263000488 819.907451883951 822.215640767415 824.523829650878
573.539321390786 579.648206075031 585.757090759275 591.929856363931 598.123915608723 604.317974853514 610.512034098306 616.706093343098 622.900152587889 629.094211832682 635.955997382268 644.820961846244 653.68592631022 662.550890774196 671.415855238171 680.280819702148 689.145784166123 698.010748630098 701.410805765788 702.98922712538 704.567648484971 706.146069844563 707.724491204155 709.302912563747 710.881333923339 713.803234354652 720.755572001136 727.707909647622 734.660247294106 741.61258494059 748.564922587075 755.517260233559 762.469597880043 768.92769012451 775.221033901637 781.514377678763 787.807721455891 794.101065233017 800.394409010144 806.687752787271 812.038213941786 814.560027228461 817.081840515136 819.603653801812 822.125467088487 824.647280375162
576.14597524007 581.577023824055 587.008072408039 592.656581624348 598.377577718098 604.098573811847 609.819569905598 615.540565999348 621.261562093097 626.982558186848 633.388383314343 641.848695543075 650.309007771809 658.769320000541 667.229632229273 675.689944458007 684.150256686739 692.610568915471 697.261734517415 700.643184577094 704.024634636772 707.406084696451 710.78753475613 714.168984815808 717.550434875487 721.574123636879 727.524528503416 733.474933369953 739.425338236489 745.375743103025 751.326147969562 757.276552836099 763.226957702635 769.284071350096 775.376754591199 781.469437832301 787.562121073404 793.654804314506 799.747487555608 805.840170796711 811.09354265001 813.828980339897 816.564418029785 819.299855719672 822.035293409559 824.770731099446
