data/working_set_collections/6091692-Cassins_Sparrow-MC/1980/bio14.asc
NCOLS 265 
NROWS 230 
XLLCORNER -115.5625 
YLLCORNER 24.8333333333333 
CELLSIZE 0.0833333333333333 
NODATA_value -9999 
[rows 60 to 79 of 230, columns 0 to 45 of 265]
11.4704066448742 11.8535800735156 12.236753502157 12.6199269307984 13.0031003594398 13.3862737880813 13.7694472167227 13.9354406833649 14.0290408293407 14.1226409753164 14.2162411212922 14.3098412672679 14.4034414132437 14.4970415592194 14.5050661775802 14.2563642130958 14.0076622486115 13.7589602841272 13.5102583196429 13.2615563551586 13.0128543906742 12.7641524261899 12.7730286518733 12.8677642742793 12.9624998966853 13.0572355190913 13.1519711414973 13.2467067639033 13.3414423863093 13.5883430666392 14.2917389207415 14.9951347748437 15.6985306289459 16.4019264830483 17.1053223371505 17.8087181912527 18.512114045355 19.0839700539906 19.6119794474707 20.1399888409508 20.6679982344309 21.196007627911 21.7240170213911 22.2520264148712 22.5576795048185 22.1962636841669
10.8982496460279 11.280940759182 11.6636318723361 12.0463229854902 12.4290140986443 12.8117052117984 13.1943963249525 13.3725806713105 13.4825960954031 13.5926115194957 13.7026269435883 13.8126423676809 13.9226577917735 14.0326732158661 14.0632352352144 13.8554370403291 13.6476388454438 13.4398406505586 13.2320424556733 13.024244260788 12.8164460659028 12.6086478710175 12.6428938627243 12.7578212499618 12.8727486371994 12.9876760244369 13.1026034116745 13.217530798912 13.3324581861496 13.5916386206943 14.2835781971613 14.9755177736281 15.667457350095 16.3593969265619 17.0513365030288 17.7432760794956 18.4352156559626 18.9501237392425 19.4060213247934 19.8619189103444 20.3178164958954 20.7737140814463 21.2296116669973 21.6855092525482 21.9332989056907 21.556764761607
10.3260926471817 10.7083014448484 11.0905102425151 11.4727190401819 11.8549278378487 12.2371366355154 12.6193454331822 12.809720659256 12.9361513614655 13.062582063675 13.1890127658845 13.3154434680939 13.4418741703034 13.5683048725129 13.6214042928485 13.4545098675623 13.2876154422761 13.1207210169899 12.9538265917037 12.7869321664175 12.6200377411313 12.4531433158451 12.5127590735753 12.6478782256444 12.7829973777135 12.9181165297826 13.0532356818517 13.1883548339208 13.3234739859899 13.5949341747494 14.275417473581 14.9559007724125 15.636384071244 16.3168673700756 16.9973506689071 17.6778339677385 18.3583172665701 18.8162774244944 19.2000632021162 19.583848979738 19.9676347573598 20.3514205349816 20.7352063126034 21.1189920902252 21.3089183065628 20.917265839047
9.75393564833537 10.1356621305148 10.5173886126942 10.8991150948737 11.2808415770531 11.6625680592325 12.044294541412 12.2468606472016 12.3897066275279 12.5325526078543 12.6753985881806 12.8182445685069 12.9610905488332 13.1039365291596 13.1795733504826 13.0535826947955 12.9275920391083 12.8016013834212 12.6756107277341 12.549620072047 12.4236294163598 12.2976387606727 12.3826242844264 12.537935201327 12.6932461182276 12.8485570351283 13.0038679520289 13.1591788689295 13.3144897858302 13.5982297288045 14.2672567500008 14.9362837711969 15.605310792393 16.2743378135892 16.9433648347854 17.6123918559815 18.2814188771777 18.6824311097463 18.9941050794389 19.3057790491316 19.6174530188242 19.9291269885169 20.2408009582096 20.5524749279022 20.6845377074349 20.2777669164871
9.18177864948914 9.56302281618122 9.94426698287329 10.3255111495654 10.7067553162575 11.0879994829496 11.4692436496417 11.6840006351472 11.8432618935903 12.0025231520336 12.1617844104767 12.3210456689199 12.4803069273631 12.6395681858063 12.7377424081168 12.6526555220287 12.5675686359406 12.4824817498526 12.3973948637645 12.3123079776764 12.2272210915884 12.1421342055003 12.2524894952774 12.4279921770096 12.6034948587418 12.7789975404739 12.9545002222061 13.1300029039383 13.3055055856704 13.6015252828597 14.2590960264205 14.9166667699813 15.574237513542 16.2318082571029 16.8893790006637 17.5469497442244 18.2045204877853 18.5485847949982 18.7881469567617 19.0277091185252 19.2672712802887 19.5068334420522 19.7463956038158 19.9859577655793 20.0601571083071 19.6382679939272
8.60962165064286 8.9903835018476 9.37114535305234 9.75190720425716 10.1326690554619 10.5134309066666 10.8941927578715 11.1211406230927 11.2968171596527 11.4724936962128 11.6481702327729 11.8238467693329 11.999523305893 12.175199842453 12.2959114657509 12.2517283492619 12.2075452327729 12.1633621162839 12.1191789997949 12.0749958833059 12.0308127668169 11.9866296503279 12.1223547061284 12.3180491526921 12.5137435992559 12.7094380458196 12.9051324923833 13.100826938947 13.2965213855107 13.6048208369148 14.2509353028403 14.8970497687657 15.543164234691 16.1892787006166 16.835393166542 17.4815076324673 18.1276220983928 18.41473848025 18.5821888340844 18.7496391879188 18.9170895417532 19.0845398955875 19.2519902494219 19.4194406032563 19.4357765091792 18.9987690713672
8.18158318599064 8.55867387851076 8.93576457103088 9.31285526355107 9.68994595607119 10.0670366485913 10.4441273411115 10.6890030066172 10.8898069964515 11.0906109862857 11.29141497612 11.4922189659542 11.6930229557885 11.8938269456227 12.0440589454439 12.0425749752257 12.0410910050074 12.0396070347892 12.0381230645709 12.0366390943527 12.0351551241345 12.0336711539162 12.1900756994883 12.3991097503237 12.6081438011593 12.8171778519948 13.0262119028303 13.2352459536658 13.4442800045013 13.7517503552965 14.3545296059713 14.9573088566461 15.5600881073209 16.1628673579957 16.7656466086705 17.3684258593452 17.9712051100201 18.190291484197 18.2814802328746 18.3726689815522 18.4638577302297 18.5550464789073 18.6462352275849 18.7374239762625 18.6965182065966 18.2593288818997
7.89766325553259 8.26789394617079 8.638124636809 9.00835532744727 9.37858601808547 9.74881670872367 10.1190473993619 10.3875877857208 10.6222314039866 10.8568750222524 11.0915186405182 11.326162258784 11.5608058770498 11.7954494953155 11.9821848471959 12.0251953999201 12.0682059526443 12.1112165053685 12.1542270580927 12.1972376108169 12.2402481635411 12.2832587162653 12.455652475357 12.6711739699045 12.886695464452 13.1022169589995 13.3177384535471 13.5332599480946 13.7487814426421 14.0423138380049 14.5698789358138 15.0974440336226 15.6250091314315 16.1525742292404 16.6801393270492 17.207704424858 17.7352695226669 17.875243806839 17.8860211531322 17.8967984994253 17.9075758457185 17.9183531920116 17.9291305383048 17.9399078845979 17.8423822005592 17.4199474255246
7.61374332507451 7.9771140138308 8.34048470258709 8.70385539134344 9.06722608009972 9.43059676885601 9.79396745761236 10.0861725648244 10.3546558115217 10.6231390582191 10.8916223049164 11.1601055516137 11.428588798311 11.6970720450083 11.920310748948 12.0078158246146 12.0953209002813 12.1828259759479 12.2703310516145 12.3578361272812 12.4453412029478 12.5328462786144 12.7212292512257 12.9432381894852 13.1652471277448 13.3872560660044 13.6092650042639 13.8312739425235 14.053282880783 14.3328773207133 14.7852282656563 15.2375792105992 15.689930155542 16.142281100485 16.5946320454279 17.0469829903708 17.4993339353137 17.5601961294811 17.4905620733898 17.4209280172985 17.3512939612072 17.2816599051159 17.2120258490246 17.1423917929333 16.9882461945218 16.5805659691494
7.32982339461644 7.68633408149081 8.04284476836518 8.39935545523961 8.75586614211398 9.11237682898835 9.46888751586278 9.784757343928 10.0870802190568 10.3894030941857 10.6917259693145 10.9940488444434 11.2963717195723 11.5986945947011 11.8584366507 11.9904362493091 12.1224358479182 12.2544354465272 12.3864350451363 12.5184346437454 12.6504342423544 12.7824338409635 12.9868060270945 13.215302409066 13.4437987910376 13.6722951730092 13.9007915549807 14.1292879369523 14.3577843189239 14.6234408034217 15.0005775954988 15.3777143875757 15.7548511796527 16.1319879717297 16.5091247638066 16.8862615558836 17.2633983479606 17.2451484521231 17.0951029936473 16.9450575351716 16.7950120766959 16.6449666182201 16.4949211597444 16.3448757012686 16.1341101884844 15.7411845127743
7.04590346415839 7.39555414915084 7.74520483414329 8.0948555191358 8.44450620412826 8.79415688912071 9.14380757411323 9.48334212303161 9.81950462659197 10.1556671301524 10.4918296337127 10.8279921372731 11.1641546408335 11.5003171443939 11.7965625524521 11.9730566740036 12.1495507955551 12.3260449171066 12.5025390386581 12.6790331602096 12.8555272817611 13.0320214033126 13.2523828029632 13.4873666286468 13.7223504543304 13.957334280014 14.1923181056975 14.4273019313811 14.6622857570647 14.9140042861301 15.2159269253412 15.5178495645522 15.8197722037632 16.1216948429743 16.4236174821853 16.7255401213963 17.0274627606074 16.9301007747651 16.6996439139049 16.4691870530447 16.2387301921846 16.0082733313244 15.7778164704642 15.5473596096041 15.279974182447 14.9018030563992
6.76198353370031 7.10477421681085 7.44756489992138 7.79035558303198 8.13314626614251 8.47593694925305 8.81872763236364 9.18192690213519 9.55192903412708 9.92193116611904 10.2919332981109 10.6619354301028 11.0319375620948 11.4019396940867 11.7346884542041 11.9556770986981 12.176665743192 12.3976543876859 12.6186430321799 12.8396316766738 13.0606203211678 13.2816089656617 13.5179595788319 13.7594308482275 14.0009021176232 14.2423733870188 14.4838446564144 14.72531592581 14.9667871952056 15.2045677688386 15.4312762551837 15.6579847415288 15.8846932278738 16.111401714219 16.338110200564 16.5648186869091 16.7915271732542 16.6150530974071 16.3041848341625 15.9933165709179 15.6824483076733 15.3715800444287 15.060711781184 14.7498435179394 14.4258381764096 14.0624216000241
6.5134229130215 6.84243857065834 7.17145422829517 7.50046988593207 7.8294855435689 8.15850120120574 8.48751685884264 8.8591752250989 9.24504782756165 9.63092043002446 10.0167930324872 10.40266563495 10.7885382374128 11.1744108398755 11.5252003325356 11.7707404957877 12.0162806590398 12.2618208222919 12.507360985544 12.7529011487961 12.9984413120482 13.2439814753003 13.4821982304255 13.7179738495085 13.9537494685915 14.1895250876745 14.4253007067574 14.6610763258404 14.8968519449234 15.1189733425776 15.3001320759456 15.4812908093135 15.6624495426814 15.8436082760493 16.0247670094172 16.2059257427852 16.3870844761531 16.1648456335069 15.8081409321892 15.4514362308715 15.0947315295539 14.7380268282362 14.3813221269185 14.0246174256008 13.6681752787698 13.3125207953984
6.30022160212199 6.60854721069335 6.9168728192647 7.22519842783611 7.53352403640747 7.84184964497882 8.15017525355023 8.51508709192275 8.89886100689567 9.28263492186866 9.66640883684158 10.0501827518145 10.4339566667875 10.8177305817604 11.1680981874466 11.4182468652726 11.6683955430985 11.9185442209244 12.1686928987503 12.4188415765762 12.6689902544022 12.9191389322281 13.1450987577439 13.3629956324895 13.5808925072352 13.7987893819809 14.0166862567266 14.2345831314723 14.452480006218 14.6572210073471 14.8224943876267 14.9877677679062 15.1530411481858 15.3183145284653 15.4835879087449 15.6488612890244 15.814134669304 15.5794783830644 15.2115122079851 14.8435460329057 14.4755798578264 14.1076136827471 13.7396475076677 13.3716813325884 13.0069854895276 12.6521006425223
6.08702029122246 6.37465585072834 6.66229141023421 6.94992696974013 7.237562529246 7.52519808875188 7.8128336482578 8.17099895874658 8.55267418622967 8.93434941371282 9.31602464119592 9.69769986867901 10.0793750961622 10.4610503236453 10.8109960423575 11.0657532347573 11.3205104271571 11.5752676195568 11.8300248119566 12.0847820043564 12.3395391967561 12.5942963891559 12.8079992850622 13.0080174154706 13.208035545879 13.4080536762874 13.6080718066957 13.8080899371042 14.0081080675125 14.1954686721166 14.3448566993078 14.494244726499 14.6436327536901 14.7930207808813 14.9424088080725 15.0917968352636 15.2411848624548 14.9941111326219 14.6148834837809 14.2356558349399 13.8564281860989 13.4772005372579 13.0979728884168 12.7187452395759 12.3457957002853 11.9916804896462
5.87381898032294 6.14076449076333 6.40771000120372 6.67465551164415 6.94160102208454 7.20854653252493 7.47549204296537 7.8269108255704 8.20648736556366 8.58606390555699 8.96564044555026 9.34521698554352 9.72479352553685 10.1043700655301 10.4538938972685 10.7132596042421 10.9726253112157 11.2319910181893 11.4913567251629 11.7507224321365 12.0100881391101 12.2694538460838 12.4708998123805 12.6530391984516 12.8351785845227 13.0173179705938 13.1994573566649 13.381596742736 13.5637361288071 13.7337163368861 13.8672190109889 14.0007216850917 14.1342243591945 14.2677270332973 14.4012297074 14.5347323815028 14.6682350556056 14.4087438821794 14.0182547595767 13.627765636974 13.2372765143714 12.8467873917687 12.456298269166 12.0658091465634 11.6846059110431 11.3312603367701
5.66061766942343 5.90687313079834 6.15312859217325 6.3993840535482 6.6456395149231 6.89189497629801 7.13815043767296 7.48282269239425 7.86030054489769 8.23777839740119 8.61525624990463 8.99273410240807 9.37021195491157 9.747689807415 10.0967917521795 10.3607659737269 10.6247401952744 10.8887144168218 11.1526886383693 11.4166628599167 11.6806370814641 11.9446113030116 12.1338003396988 12.2980609814326 12.4623216231664 12.6265822649002 12.790842906634 12.9551035483679 13.1193641901017 13.2719640016556 13.38958132267 13.5071986436845 13.6248159646989 13.7424332857133 13.8600506067277 13.9776679277421 14.0952852487565 13.8233766317369 13.4216260353726 13.0198754390082 12.6181248426439 12.2163742462796 11.8146236499152 11.4128730535509 11.0234161218009 10.670840183894
5.4474163585239 5.67298177083333 5.89854718314275 6.12411259545222 6.34967800776164 6.57524342007106 6.80080883238053 7.13873455921807 7.51411372423168 7.88949288924536 8.26487205425897 8.64025121927258 9.01563038428625 9.39100954929986 9.73968960709041 10.0082723432117 10.276855079333 10.5454378154543 10.8140205515756 11.0826032876968 11.3511860238181 11.6197687599394 11.7967008670171 11.9430827644136 12.0894646618102 12.2358465592067 12.3822284566032 12.5286103539997 12.6749922513962 12.8102116664251 12.9119436343512 13.0136756022772 13.1154075702032 13.2171395381292 13.3188715060553 13.4206034739813 13.5223354419073 13.2380093812944 12.8249973111684 12.4119852410424 11.9989731709164 11.5859611007904 11.1729490306644 10.7599369605384 10.3622263325587 10.0104200310179
5.20239631666078 5.40602611502011 5.60965591337945 5.81328571173881 6.01691551009815 6.22054530845748 6.42417510681685 6.74203880627949 7.0979804727766 7.45392213927377 7.80986380577088 8.16580547226799 8.52174713876515 8.87768880526226 9.2095210419761 9.46902498934009 9.72852893670404 9.98803288406799 10.247536831432 10.5070407787959 10.7665447261599 11.0260486735239 11.2081566095353 11.3644658750958 11.5207751406564 11.677084406217 11.8333936717776 11.9897029373381 12.1460122028987 12.290059264501 12.3973197142284 12.5045801639557 12.6118406136831 12.7191010634105 12.8263615131379 12.9336219628652 13.0408824125926 12.7520441412927 12.3311729629836 11.9103017846744 11.4894306063653 11.0685594280562 10.6476882497471 10.226817071438 9.82277780506359 9.46923427449341
4.92555754383408 5.10600616335871 5.28645478288334 5.466903402408 5.64735202193263 5.82780064145727 6.00824926098193 6.29273543357851 6.61190079053244 6.93106614748642 7.25023150444035 7.56939686139428 7.88856221834826 8.20772757530218 8.50628605683651 8.74302391211202 8.97976176738748 9.21649962266294 9.45323747793844 9.6899753332139 9.92671318848937 10.1634510437649 10.3681675672532 10.5622103134792 10.7562530597052 10.9502958059312 11.1443385521572 11.3383812983832 11.5324240446091 11.7115067958832 11.8457095623017 11.9799123287202 12.1141150951386 12.2483178615571 12.3825206279755 12.516723394394 12.6509261608124 12.3654809117319 11.9401529908182 11.5148250699044 11.0894971489908 10.6641692280771 10.2388413071634 9.81351338624969 9.4050705393157 9.04728291432074
