data/working_set_collections/6091692-Cassins_Sparrow-MC/1980/bio10.asc
NCOLS 265 
NROWS 230 
XLLCORNER -115.5625 
YLLCORNER 24.8333333333333 
CELLSIZE 0.0833333333333333 
NODATA_value -9999 
[rows 40 to 59 of 230, columns 92 to 137 of 265]
18.7818285465241 18.5093315601349 18.2368345737458 17.9643375873566 17.6918406009674 17.2915103435517 16.8485689957938 16.4056276480357 15.9626863002778 15.5197449525198 15.0768036047618 14.6338622570039 14.2922760486603 14.2547552585602 14.2172344684601 14.17971367836 14.1421928882599 14.1046720981598 14.0671513080597 14.0296305179596 14.1445009708404 14.310168504715 14.4758360385895 14.641503572464 14.8071711063385 14.972838640213 15.1385061740875 15.4578673998513 16.2383097012836 17.018752002716 17.7991943041482 18.5796366055804 19.3600789070128 20.140521208445 20.9209635098773 21.2991090297698 21.5431556224822 21.7872022151946 22.031248807907 22.2752954006194 22.5193419933318 22.7633885860442 22.9629133701324 23.0288727283477 23.0948320865631 23.1607914447784
18.8175300969019 18.5210915194618 18.2246529420217 17.9282143645817 17.6317757871416 17.233968337377 16.8023712635041 16.3707741896312 15.9391771157583 15.5075800418855 15.0759829680125 14.6443858941397 14.3071787251367 14.2531412707435 14.1991038163503 14.1450663619571 14.091028907564 14.0369914531708 13.9829539987776 13.9289165443844 14.0239118734995 14.1685847971174 14.3132577207353 14.4579306443532 14.6026035679711 14.747276491589 14.8919494152069 15.2132560624015 16.0644638803268 16.9156716982522 17.7668795161775 18.6180873341028 19.4692951520282 20.3205029699535 21.1717107878788 21.5692286650339 21.8155165619319 22.06180445883 22.3080923557281 22.5543802526261 22.8006681495242 23.0469560464222 23.2457271946801 23.301948097017 23.358168999354 23.414389901691
18.686850473616 18.3597387419807 18.0326270103456 17.7055152787104 17.3784035470751 17.004252990087 16.6144228246478 16.2245926592086 15.8347624937694 15.4449323283302 15.055102162891 14.6652719974518 14.3564928319719 14.29086666637 14.225240500768 14.1596143351661 14.0939881695641 14.0283620039622 13.9627358383603 13.8971096727583 13.9800958315531 14.1126194318135 14.245143032074 14.3776666323344 14.5101902325948 14.6427138328552 14.7752374331156 15.0967945416766 15.9854521751401 16.8741098086038 17.7627674420673 18.6514250755307 19.5400827089944 20.4287403424579 21.3173979759214 21.7231502532959 21.9679340786403 22.2127179039848 22.4575017293294 22.7022855546739 22.9470693800184 23.1918532053629 23.3886907524533 23.441689464781 23.4946881771088 23.5476868894365
18.3897896766664 18.0252732276917 17.6607567787172 17.2962403297426 16.9317238807679 16.6023643016816 16.2847236792248 15.9670830567679 15.649442434311 15.3318018118541 15.0141611893972 14.6965205669404 14.4402183691661 14.3679314454397 14.2956445217133 14.2233575979869 14.1510706742605 14.0787837505341 14.0064968268077 13.9342099030813 14.0130528450012 14.1422724088033 14.2714919726054 14.4007115364074 14.5299311002095 14.6591506640116 14.7883702278137 15.1084828376768 16.0012745857236 16.8940663337706 17.7868580818174 18.6796498298642 19.5724415779112 20.465233325958 21.3580250740049 21.7608737945556 22.0004081726074 22.2399425506591 22.4794769287109 22.7190113067626 22.9585456848144 23.1980800628662 23.3918040434519 23.4480968316396 23.5043896198273 23.5606824080149
18.0927288797168 17.6908077134027 17.2888865470887 16.8869653807748 16.4850442144607 16.2004756132763 15.9550245338017 15.7095734543271 15.4641223748526 15.218671295378 14.9732202159034 14.7277691364289 14.5239439063602 14.4449962245093 14.3660485426585 14.2871008608076 14.2081531789568 14.1292054971059 14.0502578152551 13.9713101334042 14.0460098584493 14.171925385793 14.2978409131368 14.4237564404805 14.5496719678243 14.675587495168 14.8015030225118 15.120171133677 16.0170969963071 16.9140228589374 17.8109487215676 18.7078745841977 19.604800446828 20.5017263094582 21.3986521720884 21.7985973358154 22.0328822665744 22.2671671973334 22.5014521280924 22.7357370588514 22.9700219896104 23.2043069203694 23.3949173344506 23.4545041984982 23.5140910625458 23.5736779265933
17.7956680827672 17.3563421991137 16.9170163154603 16.4776904318069 16.0383645481534 15.7985869248709 15.6253253883786 15.4520638518864 15.2788023153941 15.1055407789019 14.9322792424096 14.7590177059174 14.6076694435544 14.522061003579 14.4364525636037 14.3508441236284 14.2652356836531 14.1796272436778 14.0940188037025 14.0084103637272 14.0789668718974 14.2015783627828 14.3241898536682 14.4468013445536 14.569412835439 14.6920243263244 14.8146358172099 15.1318594296771 16.0329194068906 16.9339793841043 17.8350393613177 18.7360993385312 19.6371593157449 20.5382192929584 21.4392792701719 21.8363208770751 22.0653563605414 22.2943918440076 22.5234273274739 22.7524628109402 22.9814982944064 23.2105337778727 23.3980306254493 23.4609115653568 23.5237925052643 23.5866734451718
17.4986072858176 17.0218766848247 16.5451460838319 16.0684154828391 15.5916848818462 15.3966982364655 15.2956262429556 15.1945542494457 15.0934822559357 14.9924102624258 14.8913382689158 14.7902662754059 14.6913949807485 14.5991257826487 14.506856584549 14.4145873864492 14.3223181883494 14.2300489902496 14.1377797921499 14.0455105940501 14.1119238853454 14.2312313397725 14.3505387941996 14.4698462486267 14.5891537030538 14.7084611574809 14.8277686119079 15.1435477256773 16.0487418174741 16.9539359092711 17.8591300010679 18.7643240928647 19.6695181846617 20.5747122764585 21.4799063682554 21.8740444183349 22.0978304545084 22.3216164906819 22.5454025268554 22.7691885630289 22.9929745992024 23.2167606353759 23.4011439164479 23.4673189322154 23.5334939479828 23.5996689637502
17.201546488868 16.6874111705357 16.1732758522035 15.6591405338713 15.145005215539 14.9948095480602 14.9659270975325 14.9370446470049 14.9081621964773 14.8792797459497 14.850397295422 14.8215148448944 14.7751205179426 14.6761905617184 14.5772606054942 14.47833064927 14.3794006930457 14.2804707368215 14.1815407805973 14.082610824373 14.1448808987935 14.2608843167623 14.376887734731 14.4928911526998 14.6088945706685 14.7248979886373 14.840901406606 15.1552360216774 16.0645642280576 16.9738924344379 17.8832206408181 18.7925488471982 19.7018770535785 20.6112052599587 21.5205334663388 21.9117679595947 22.1303045484754 22.3488411373562 22.5673777262369 22.7859143151177 23.0044509039984 23.2229874928792 23.4042572074466 23.473726299074 23.5431953907013 23.6126644823286
17.1481229040359 16.6286279784309 16.109133052826 15.5896381272211 15.0701432016161 14.9318903605143 14.9207182142469 14.9095460679796 14.8983739217122 14.8872017754449 14.8760296291775 14.8648574829102 14.8223554134369 14.6858635743459 14.549371735255 14.412879896164 14.276388057073 14.139896217982 14.0034043788911 13.8669125398001 13.9319964170456 14.0642721997367 14.1965479824278 14.3288237651189 14.46109954781 14.5933753305011 14.7256511131922 15.0518926541009 15.9600314696628 16.8681702852248 17.7763091007867 18.6844479163485 19.5925867319106 20.5007255474725 21.4088643630343 21.8004574775696 22.0198686917623 22.239279905955 22.4586911201477 22.6781023343404 22.8975135485331 23.1169247627258 23.3000119050344 23.3741268316905 23.4482417583466 23.5223566850026
17.3383365313213 16.8455271085104 16.3527176856995 15.8599082628887 15.3670988400777 15.2079406738281 15.1599995930989 15.1120585123698 15.0641174316406 15.0161763509114 14.9682352701823 14.9202941894531 14.8330996672313 14.6281448205312 14.4231899738312 14.2182351271312 14.0132802804312 13.8083254337312 13.6033705870312 13.3984157403311 13.4732704401017 13.6413949886958 13.80951953729 13.9776440858841 14.1457686344783 14.3138931830724 14.4820177316666 14.8335176229475 15.7351435422895 16.6367694616317 17.5383953809737 18.4400213003156 19.3416472196578 20.2432731389998 21.1448990583418 21.5401129722595 21.7665228843689 21.9929327964783 22.2193427085876 22.445752620697 22.6721625328064 22.8985724449158 23.0884080092112 23.1685205300649 23.2486330509186 23.3287455717723
17.5285501586067 17.0624262385898 16.596302318573 16.1301783985563 15.6640544785394 15.4839909871419 15.3992809719509 15.31457095676 15.229860941569 15.145150926378 15.0604409111871 14.9757308959961 14.8438439210257 14.5704260667166 14.2970082124075 14.0235903580984 13.7501725037893 13.4767546494803 13.2033367951712 12.9299189408621 13.0145444631577 13.2185177776549 13.4224910921521 13.6264644066493 13.8304377211465 14.0344110356437 14.2383843501409 14.6151425917942 15.5102556149163 16.4053686380385 17.3004816611606 18.1955946842827 19.090707707405 19.9858207305271 20.8809337536492 21.2797684669495 21.5131770769755 21.7465856870015 21.9799942970276 22.2134029070536 22.4468115170796 22.6802201271057 22.8768041133881 22.9629142284393 23.0490243434906 23.1351344585419
17.7187637858921 17.2793253686693 16.8398869514466 16.4004485342238 15.961010117001 15.7600413004557 15.638562350803 15.5170834011502 15.3956044514974 15.2741255018446 15.1526465521918 15.0311676025391 14.85458817482 14.5127073129019 14.1708264509838 13.8289455890657 13.4870647271475 13.1451838652294 12.8033030033113 12.4614221413931 12.5558184862137 12.7956405666139 13.0354626470142 13.2752847274144 13.5151068078147 13.754928888215 13.9947509686152 14.3967675606408 15.285367687543 16.1739678144454 17.0625679413476 17.9511680682498 18.8397681951522 19.7283683220544 20.6169684489566 21.0194239616394 21.2598312695821 21.5002385775248 21.7406458854675 21.9810531934102 22.2214605013529 22.4618678092956 22.6652002175649 22.7573079268138 22.8494156360626 22.9415233453115
17.9089774131776 17.4962244987488 17.0834715843201 16.6707186698914 16.2579657554626 16.0360916137695 15.8778437296549 15.7195958455403 15.5613479614258 15.4031000773112 15.2448521931966 15.086604309082 14.8653324286144 14.4549885590872 14.04464468956 13.6343008200329 13.2239569505057 12.8136130809785 12.4032692114514 11.9929253419242 12.0970925092697 12.372763355573 12.6484342018764 12.9241050481796 13.1997758944829 13.4754467407862 13.7511175870895 14.1783925294874 15.0604797601698 15.9425669908522 16.8246542215346 17.7067414522169 18.5888286828994 19.4709159135817 20.353003144264 20.7590794563293 21.0064854621887 21.2538914680481 21.5012974739075 21.7487034797668 21.9961094856262 22.2435154914856 22.4535963217418 22.5517016251882 22.6498069286347 22.7479122320811
18.099191040463 17.7131236288283 17.3270562171936 16.940988805559 16.5549213939243 16.3121419270833 16.117125108507 15.9221082899306 15.7270914713542 15.5320746527778 15.3370578342014 15.142041015625 14.8760766824088 14.3972698052725 13.9184629281363 13.4396560510001 12.9608491738638 12.4820422967276 12.0032354195914 11.5244285424552 11.6383665323258 11.9498861445321 12.2614057567385 12.5729253689448 12.8844449811511 13.1959645933575 13.5074842055638 13.9600174983341 14.8355918327965 15.7111661672591 16.5867405017215 17.462314836184 18.3378891706466 19.213463505109 20.0890378395714 20.4987349510193 20.7531396547953 21.0075443585713 21.2619490623474 21.5163537661234 21.7707584698995 22.0251631736755 22.2419924259186 22.3460953235626 22.4501982212067 22.5543011188507
18.1588865386116 17.7877804968093 17.416674455007 17.0455684132047 16.6744623714024 16.3903222878775 16.1351708571117 15.8800194263459 15.6248679955801 15.3697165648144 15.1145651340486 14.8594137032828 14.5530365890929 14.0929824246302 13.6329282601676 13.172874095705 12.7128199312423 12.2527657667797 11.7927116023171 11.3326574378544 11.4735983133315 11.8148708687887 12.156143424246 12.4974159797032 12.8386885351604 13.1799610906176 13.5212336460748 13.9851602686774 14.8170490927164 15.6489379167555 16.4808267407945 17.3127155648335 18.1446043888727 18.9764932129117 19.8083820369507 20.2188924471537 20.4889433860779 20.758994325002 21.0290452639262 21.2990962028503 21.5691471417744 21.8391980806986 22.0711121771071 22.1886157459683 22.3061193148295 22.4236228836907
18.0880639076234 17.7201951026917 17.3523262977601 16.9844574928285 16.6165886878968 16.2706326961518 15.9319809754691 15.5933292547863 15.2546775341035 14.9160258134208 14.577374092738 14.2387223720552 13.8962121486666 13.5421264171602 13.1880406856538 12.8339549541475 12.4798692226411 12.1257834911347 11.7716977596284 11.417612028122 11.6027878522872 11.9677175283431 12.332647204399 12.6975768804549 13.0625065565108 13.4274362325667 13.7923659086226 14.2538208405175 15.0048515399295 15.7558822393416 16.5069129387536 17.2579436381656 18.0089743375777 18.7600050369897 19.5110357364017 19.9195519447327 20.2138966560364 20.50824136734 20.8025860786438 21.0969307899475 21.3912755012512 21.6856202125549 21.9409555753072 22.0792628924052 22.2175702095032 22.3558775266011
18.0172412766352 17.6526097085741 17.2879781405132 16.9233465724522 16.5587150043912 16.1509431044262 15.7287910938264 15.3066390832266 14.8844870726269 14.4623350620271 14.0401830514273 13.6180310408276 13.2393877082402 12.9912704096901 12.74315311114 12.49503581259 12.2469185140398 11.9988012154898 11.7506839169397 11.5025666183896 11.7319773912429 12.1205641878975 12.5091509845521 12.8977377812067 13.2863245778612 13.6749113745159 14.0634981711704 14.5224814123576 15.1926539871426 15.8628265619277 16.5329991367127 17.2031717114977 17.8733442862828 18.5435168610678 19.2136894358527 19.6202114423116 19.9388499259948 20.2574884096781 20.5761268933614 20.8947653770446 21.2134038607279 21.5320423444112 21.8107989735073 21.9699100388421 22.1290211041768 22.2881321695116
17.9464186456469 17.5850243144566 17.2236299832663 16.862235652076 16.5008413208856 16.0312535127005 15.5256012121838 15.019948911667 14.5142966111502 14.0086443106335 13.5029920101167 12.9973397096 12.5825632678139 12.4404144022201 12.2982655366263 12.1561166710324 12.0139678054386 11.8718189398448 11.729670074251 11.5875212086572 11.8611669301986 12.2734108474518 12.6856547647052 13.0978986819584 13.5101425992117 13.922386516465 14.3346304337183 14.7911419841977 15.3804564343557 15.9697708845137 16.5590853346717 17.1483997848297 17.7377142349878 18.3270286851458 18.9163431353038 19.3208709398905 19.6638031959533 20.0067354520161 20.349667708079 20.6925999641418 21.0355322202046 21.3784644762675 21.6806423717075 21.860557185279 22.0404719988505 22.220386812422
17.8755960146587 17.517438920339 17.1592818260194 16.8011247316997 16.44296763738 15.9115639209749 15.3224113305411 14.7332587401073 14.1441061496736 13.5549535592399 12.9658009688061 12.3766483783724 11.9257388273876 11.8895583947501 11.8533779621125 11.817197529475 11.7810170968374 11.7448366641999 11.7086562315623 11.6724757989248 11.9903564691543 12.4262575070062 12.8621585448582 13.2980595827102 13.7339606205621 14.1698616584141 14.6057626962661 15.0598025560377 15.5682588815687 16.0767152070998 16.5851715326308 17.0936278581618 17.6020841836929 18.1105405092239 18.6189968347548 19.0215304374695 19.3887564659118 19.7559824943542 20.1232085227966 20.490434551239 20.8576605796813 21.2248866081237 21.5504857699076 21.7512043317159 21.9519228935242 22.1526414553324
17.8047733836705 17.4498535262214 17.0949336687724 16.7400138113235 16.3850939538744 15.7918743292492 15.1192214488985 14.4465685685477 13.773915688197 13.1012628078463 12.4286099274955 11.7559570471448 11.2689143869613 11.33870238728 11.4084903875987 11.4782783879174 11.5480663882362 11.6178543885549 11.6876423888736 11.7574303891924 12.11954600811 12.5791041665606 13.0386623250113 13.4982204834619 13.9577786419125 14.4173368003632 14.8768949588139 15.3284631278778 15.7560613287818 16.1836595296859 16.6112577305899 17.0388559314939 17.4664541323979 17.8940523333019 18.3216505342059 18.7221899350484 19.1137097358703 19.5052295366922 19.8967493375142 20.2882691383361 20.679788939158 21.07130873998 21.4203291681077 21.6418514781528 21.8633737881978 22.0848960982428
