data/working_set_collections/6091692-Cassins_Sparrow-MC/1980/bio11.asc
NCOLS 265 
NROWS 230 
XLLCORNER -115.5625 
YLLCORNER 24.8333333333333 
CELLSIZE 0.0833333333333333 
NODATA_value -9999 
[rows 180 to 199 of 230, columns 92 to 137 of 265]
7.34279414945181 7.24706156121361 7.15132897297544 7.05559638473726 6.95986379649906 6.96764620939891 7.00993362267812 7.05222103595734 7.09450844923655 7.13679586251576 7.17908327579498 7.22137068907419 7.32930241160915 7.63416706191165 7.93903171221409 8.24389636251654 8.54876101281904 8.85362566312148 9.15849031342393 9.46335496372642 9.72720732688899 9.97738892767158 10.2275705284542 10.4777521292368 10.7279337300194 10.978115330802 11.2282969315846 11.4106880002552 11.3897074725893 11.3687269449234 11.3477464172575 11.3267658895916 11.3057853619258 11.2848048342599 11.263824306594 11.2076694806417 11.1397898885939 11.0719102965461 11.0040307044983 10.9361511124505 10.8682715204027 10.8003919283549 10.7776942650477 10.8905423879623 11.003390510877 11.1162386337916
7.32757204771045 7.22353404760362 7.11949604749682 7.01545804739001 6.91142004728319 6.9247710943222 6.97725182374318 7.02973255316416 7.08221328258514 7.13469401200611 7.1871747414271 7.23965547084807 7.35616339047742 7.66475288073218 7.97334237098688 8.28193186124158 8.59052135149634 8.89911084175104 9.20770033200574 9.5162898222605 9.77760624885554 10.023164987564 10.2687237262725 10.514282464981 10.7598412036895 11.005399942398 11.2509586811065 11.429630668958 11.4076424042384 11.3856541395187 11.3636658747991 11.3416776100795 11.3196893453598 11.2977010806402 11.2757128159205 11.2162150382996 11.1442140897115 11.0722131411235 11.0002121925354 10.9282112439474 10.8562102953593 10.7842093467713 10.7558389902115 10.8583604097366 10.9608818292618 11.0634032487869
7.31234994596908 7.20000653399363 7.0876631220182 6.97531971004277 6.86297629806732 6.8818959792455 6.94457002480824 7.00724407037099 7.06991811593373 7.13259216149647 7.19526620705922 7.25794025262195 7.3830243693457 7.69533869955271 8.00765302975967 8.31996735996663 8.63228169017364 8.9445960203806 9.25691035058756 9.56922468079457 9.8280051708221 10.0689410474565 10.3098769240909 10.5508128007253 10.7917486773596 11.032684553994 11.2736204306284 11.4485733376609 11.4255773358875 11.4025813341141 11.3795853323407 11.3565893305673 11.3335933287938 11.3105973270204 11.287601325247 11.2247605959574 11.1486382908291 11.0725159857008 10.9963936805725 10.9202713754442 10.8441490703159 10.7680267651876 10.7339837153752 10.8261784315109 10.9183731476466 11.0105678637822
7.29712784422772 7.17647902038364 7.05583019653959 6.93518137269553 6.81453254885146 6.8390208641688 6.9118882258733 6.98475558757782 7.05762294928232 7.13049031098682 7.20335767269134 7.27622503439584 7.40988534821397 7.72592451837324 8.04196368853245 8.35800285869167 8.67404202885093 8.99008119901015 9.30612036916937 9.62215953932863 9.87840409278865 10.1147171073489 10.3510301219092 10.5873431364695 10.8236561510297 11.05996916559 11.2962821801503 11.4675160063638 11.4435122675366 11.4195085287094 11.3955047898822 11.3715010510551 11.3474973122279 11.3234935734007 11.2994898345735 11.2333061536153 11.1530624919468 11.0728188302782 10.9925751686096 10.9123315069411 10.8320878452725 10.7518441836039 10.712128440539 10.7939964532852 10.8758644660314 10.9577324787776
7.28190574248635 7.15295150677365 7.02399727106097 6.89504303534829 6.76608879963559 6.7961457490921 6.87920642693836 6.96226710478464 7.04532778263091 7.12838846047717 7.21144913832345 7.29450981616972 7.43674632708224 7.75651033719376 8.07627434730524 8.39603835741671 8.71580236752824 9.03556637763971 9.35533038775118 9.67509439786271 9.9288030147552 10.1604931672414 10.3921833197275 10.6238734722137 10.8555636246999 11.087253777186 11.3189439296722 11.4864586750666 11.4614471991857 11.4364357233047 11.4114242474238 11.3864127715429 11.3614012956619 11.336389819781 11.3113783439001 11.2418517112732 11.1574866930644 11.0731216748556 10.9887566566467 10.9043916384379 10.8200266202291 10.7356616020203 10.6902731657028 10.7618144750595 10.8333557844162 10.9048970937729
7.26668364074498 7.12942399316366 6.99216434558235 6.85490469800105 6.71764505041972 6.75327063401539 6.84652462800342 6.93977862199147 7.0330326159795 7.12628660996753 7.21954060395557 7.3127945979436 7.46360730595051 7.7870961560143 8.11058500607802 8.43407385614175 8.75756270620554 9.08105155626927 9.404540406333 9.72802925639678 9.97920193672176 10.2062692271338 10.4333365175459 10.6604038079579 10.88747109837 11.114538388782 11.3416056791941 11.5054013437695 11.4793821308348 11.4533629179001 11.4273437049654 11.4013244920307 11.375305279096 11.3492860661613 11.3232668532266 11.2503972689311 11.161910894182 11.0734245194329 10.9849381446839 10.8964517699348 10.8079653951857 10.7194790204366 10.6684178908666 10.7296324968338 10.790847102801 10.8520617087682
7.25361467732327 7.0984717872408 6.94332889715835 6.78818600707589 6.63304311699342 6.67905473709107 6.79211786058213 6.90518098407321 7.01824410756427 7.13130723105534 7.24437035454642 7.35743347803748 7.52354507313825 7.84880208306837 8.17405909299843 8.49931610292849 8.82457311285861 9.14983012278867 9.47508713271874 9.80034414264885 10.0462501207987 10.2657057550218 10.4851613892449 10.704617023468 10.924072657691 11.1435282919142 11.3629839261372 11.5213121917513 11.4962583515379 11.4712045113246 11.4461506711112 11.4210968308979 11.3960429906845 11.3709891504712 11.3459353102578 11.2732802788417 11.1847581836912 11.0962360885408 11.0077139933904 10.91919189824 10.8306698030896 10.7421477079392 10.6894901249144 10.7444260782665 10.7993620316187 10.8542979849709
7.24269885222121 7.06009488900505 6.87749092578892 6.69488696257279 6.51228299935663 6.57349805831908 6.71598612467446 6.85847419102986 7.00096225738523 7.14345032374061 7.285938390096 7.42842645645138 7.61655962864549 7.94162811835602 8.26669660806649 8.59176509777696 8.91683358748749 9.24190207719796 9.56697056690843 9.89203905661896 10.129947566986 10.3388027509053 10.5476579348246 10.7565131187439 10.9653683026631 11.1742234865824 11.3830786705017 11.5341912190119 11.5120758612951 11.4899605035782 11.4678451458613 11.4457297881444 11.4236144304276 11.4014990727107 11.3793837149938 11.310500741005 11.2260285615921 11.1415563821793 11.0570842027664 10.9726120233536 10.8881398439407 10.8036676645279 10.7534898678461 10.8061952193578 10.8589005708694 10.9116059223811
7.23178302711916 7.02171799076931 6.8116529544195 6.60158791806969 6.39152288171984 6.4679413795471 6.63985438876679 6.81176739798651 6.98368040720619 7.15559341642588 7.32750642564559 7.49941943486528 7.70957418415273 8.03445415364366 8.35933412313454 8.68421409262542 9.00909406211636 9.33397403160724 9.65885400109812 9.98373397058906 10.2136450131734 10.4118997467888 10.6101544804043 10.8084092140197 11.0066639476352 11.2049186812507 11.4031734148661 11.5470702462726 11.5278933710522 11.5087164958318 11.4895396206114 11.470362745391 11.4511858701706 11.4320089949502 11.4128321197298 11.3477212031682 11.267298939493 11.1868766758177 11.1064544121424 11.0260321484672 10.9456098847919 10.8651876211166 10.8174896107779 10.867964360449 10.9184391101201 10.9689138597912
7.2208672020171 6.98334109253357 6.74581498305008 6.5082888735666 6.27076276408307 6.36238470077513 6.56372265285913 6.76506060494316 6.96639855702715 7.16773650911114 7.36907446119517 7.57041241327917 7.80258873965996 8.1272801889313 8.45197163820259 8.77666308747388 9.10135453674523 9.42604598601652 9.75073743528781 10.0754288845592 10.2973424593607 10.4849967426723 10.672651025984 10.8603053092956 11.0479595926072 11.2356138759189 11.4232681592305 11.5599492735333 11.5437108808094 11.5274724880854 11.5112340953615 11.4949957026376 11.4787573099136 11.4625189171897 11.4462805244658 11.3849416653315 11.3085693173938 11.2321969694562 11.1558246215185 11.0794522735808 11.0030799256431 10.9267075777054 10.8814893537097 10.9297335015403 10.9779776493708 11.0262217972013
7.20995137691504 6.94496419429783 6.67997701168066 6.41498982906349 6.15000264644628 6.25682802200315 6.48759091695146 6.7183538118998 6.94911670684811 7.17987960179641 7.41064249674476 7.64140539169306 7.8956032951672 8.22010622421895 8.54460915327065 8.86911208232235 9.1936150113741 9.5181179404258 9.8426208694775 10.1671237985293 10.3810399055481 10.5580937385559 10.7351475715637 10.9122014045715 11.0892552375793 11.2663090705871 11.4433629035949 11.572828300794 11.5595283905665 11.546228480339 11.5329285701116 11.5196286598841 11.5063287496567 11.4930288394292 11.4797289292018 11.4221621274948 11.3498396952947 11.2775172630946 11.2051948308945 11.1328723986944 11.0605499664943 10.9882275342941 10.9454890966415 10.9915026426315 11.0375161886215 11.0835297346115
7.19903555181298 6.90658729606208 6.61413904031124 6.32169078456039 6.02924252880949 6.15127134323117 6.41145918104379 6.67164701885645 6.93183485666907 7.19202269448168 7.45221053229434 7.71239837010696 7.98861785067444 8.3129322595066 8.63724666833871 8.96156107717082 9.28587548600298 9.61018989483508 9.93450430366719 10.2588187124994 10.4647373517354 10.6311907344394 10.7976441171434 10.9640974998474 11.1305508825514 11.2970042652554 11.4634576479594 11.5857073280546 11.5753459003237 11.5649844725927 11.5546230448617 11.5442616171307 11.5339001893997 11.5235387616687 11.5131773339377 11.4593825896581 11.3911100731956 11.322837556733 11.2545650402705 11.186292523808 11.1180200073454 11.0497474908829 11.0094888395733 11.0532717837227 11.0970547278722 11.1408376720216
7.33871584071055 7.01634747849569 6.69397911628088 6.37161075406608 6.04924239185122 6.1677931348482 6.43331691291589 6.69884069098362 6.9643644690513 7.22988824711898 7.49541202518671 7.7609358032544 8.04139387872476 8.36665484640329 8.69191581408177 9.01717678176024 9.34243774943877 9.66769871711725 9.99295968479572 10.3182206524743 10.520869119962 10.6826467540529 10.8444243881437 11.0062020222346 11.1679796563254 11.3297572904163 11.4915349245071 11.6105500777562 11.6012777884801 11.592005499204 11.5827332099279 11.5734609206517 11.5641886313756 11.5549163420995 11.5456440528234 11.492771657308 11.4253658930461 11.3579601287842 11.2905543645223 11.2231486002604 11.1557428359986 11.0883370717367 11.0483538972007 11.0906384918425 11.1329230864843 11.1752076811261
7.62899224360787 7.27424474159876 6.91949723958971 6.56474973758067 6.21000223557156 6.30639339685433 6.55316411256783 6.79993482828136 7.04670554399485 7.29347625970834 7.54024697542187 7.78701769113536 8.05393137931816 8.38127398490902 8.70861659049982 9.03595919609062 9.36330180168148 9.69064440727228 10.0179870128631 10.3453296184539 10.5494352102279 10.7124617973963 10.8754883845647 11.0385149717331 11.2015415589014 11.3645681460698 11.5275947332382 11.6473565498988 11.6373240550359 11.627291560173 11.6172590653102 11.6072265704473 11.5971940755844 11.5871615807215 11.5771290858587 11.5223293304443 11.4526071548462 11.3828849792481 11.3131628036499 11.2434406280518 11.1737184524536 11.1039962768555 11.0620842695236 11.1036027669906 11.1451212644577 11.1866397619247
7.91926864650519 7.53214200470183 7.14501536289854 6.75788872109525 6.3707620792919 6.44499365886047 6.67301131221976 6.9010289655791 7.1290466189384 7.35706427229769 7.58508192565703 7.81309957901632 8.06646887991156 8.39589312341474 8.72531736691787 9.054741610421 9.38416585392418 9.71359009742731 10.0430143409304 10.3724385844336 10.5780013004938 10.7422768407397 10.9065523809857 11.0708279212316 11.2351034614775 11.3993790017234 11.5636545419693 11.6841630220413 11.6733703215917 11.6625776211421 11.6517849206924 11.6409922202428 11.6301995197932 11.6194068193436 11.6086141188939 11.5518870035807 11.4798484166463 11.4078098297119 11.3357712427775 11.2637326558431 11.1916940689087 11.1196554819743 11.0758146418465 11.1165670421388 11.1573194424311 11.1980718427234
8.20954504940249 7.79003926780488 7.37053348620735 6.95102770460982 6.53152192301222 6.58359392086659 6.79285851187169 7.00212310287683 7.21138769388194 7.42065228488704 7.62991687589218 7.83918146689729 8.07900638050495 8.41051226192046 8.74201814333592 9.07352402475137 9.40502990616688 9.73653578758234 10.0680416689978 10.3995475504133 10.6065673907598 10.7720918840832 10.9376163774066 11.10314087073 11.2686653640535 11.4341898573769 11.5997143507003 11.7209694941839 11.7094165881475 11.6978636821111 11.6863107760747 11.6747578700383 11.663204964002 11.6516520579656 11.6400991519292 11.5814446767171 11.5070896784465 11.4327346801758 11.3583796819051 11.2840246836345 11.2096696853638 11.1353146870931 11.0895450141695 11.129531317287 11.1695176204045 11.2095039235221
8.49982145229981 8.04793653090796 7.59605160951618 7.14416668812441 6.69228176673256 6.72219418287272 6.91270571152363 7.10321724017457 7.29372876882548 7.4842402974764 7.67475182612734 7.86526335477825 8.09154388109835 8.42513140042619 8.75871891975397 9.09230643908175 9.42589395840958 9.75948147773737 10.0930689970651 10.426656516393 10.6351334810257 10.8019069274266 10.9686803738276 11.1354538202285 11.3022272666295 11.4690007130305 11.6357741594314 11.7577759663264 11.7454628547033 11.7331497430801 11.720836631457 11.7085235198339 11.6962104082107 11.6838972965876 11.6715841849645 11.6110023498535 11.5343309402466 11.4576595306397 11.3809881210327 11.3043167114258 11.2276453018189 11.1509738922119 11.1032753864924 11.1424955924352 11.181715798378 11.2209360043208
8.79009785519713 8.30583379401103 7.82156973282501 7.337305671639 6.8530416104529 6.86079444487885 7.03255291117557 7.20431137747231 7.37606984376903 7.54782831006575 7.7195867763625 7.89134524265922 8.10408138169175 8.43975053893191 8.77541969617202 9.11108885341213 9.44675801065229 9.7824271678924 10.1180963251325 10.4537654823727 10.6636995712916 10.8317219707701 10.9997443702486 11.167766769727 11.3357891692055 11.503811568684 11.6718339681625 11.7945824384689 11.7815091212591 11.7684358040492 11.7553624868393 11.7422891696294 11.7292158524195 11.7161425352097 11.7030692179998 11.6405600229899 11.5615722020467 11.4825843811035 11.4035965601603 11.3246087392171 11.2456209182739 11.1666330973307 11.1170057588153 11.1554598675834 11.1939139763514 11.2323680851194
9.20513018104766 8.69428010649147 8.18343003193536 7.67257995737926 7.16172988282306 7.12801180283218 7.25333772102982 7.37866363922749 7.50398955742512 7.62931547562276 7.75464139382043 7.87996731201806 8.05803491804329 8.39432758755152 8.7306202570597 9.06691292656787 9.4032055960761 9.73949826558427 10.0757909350924 10.4120836046007 10.6220270077387 10.7898539887534 10.9576809697681 11.1255079507828 11.2933349317974 11.4611619128121 11.6289888938268 11.7541286892361 11.7512069278293 11.7482851664225 11.7453634050157 11.7424416436089 11.7395198822022 11.7365981207954 11.7336763593886 11.6778673966726 11.6044293668535 11.5309913370344 11.4575533072154 11.3841152773963 11.3106772475772 11.2372392177582 11.1924522082011 11.2336182594299 11.2747843106587 11.3159503618876
9.74491842985156 9.21327546834943 8.68163250684739 8.14998954534535 7.61834658384321 7.52384625673286 7.57506014108651 7.62627402544017 7.67748790979381 7.72870179414746 7.77991567850112 7.83112956285477 7.95340449015294 8.28886254628497 8.62432060241695 8.95977865854893 9.29523671468097 9.63069477081295 9.96615282694493 10.301610883077 10.5101157903671 10.6763029813766 10.8424901723862 11.0086773633957 11.1748645544052 11.3410517454147 11.5072389364242 11.6364147186279 11.6545562744141 11.6726978302002 11.6908393859863 11.7089809417725 11.7271224975586 11.7452640533447 11.7634056091308 11.7229244709015 11.662902434667 11.6028803984324 11.5428583621979 11.4828363259633 11.4228142897288 11.3627922534943 11.3296147346496 11.3769707679748 11.4243268013 11.4716828346252
