data/working_set_collections/6091692-Cassins_Sparrow-MC/1980/bio11.asc
NCOLS 265 
NROWS 230 
XLLCORNER -115.5625 
YLLCORNER 24.8333333333333 
CELLSIZE 0.0833333333333333 
NODATA_value -9999 
[rows 40 to 59 of 230, columns 138 to 183 of 265]
0.512601043345996 0.524209588579805 0.535818133813612 0.547426679047419 0.539735528267901 0.525611145483934 0.511486762699968 0.497362379915998 0.483237997132031 0.469113614348065 0.454989231564095 0.436077489176141 0.40280366797621 0.369529846776272 0.336256025576341 0.302982204376409 0.269708383176472 0.23643456197654 0.203160740776608 0.178500121738755 0.156710570088271 0.134921018437787 0.113131466787299 0.0913419151368146 0.0695523634863304 0.0477628118358425 0.0205425299704002 -0.0229699425399351 -0.0664824150502778 -0.109994887560613 -0.153507360070948 -0.197019832581291 -0.240532305091626 -0.284044777601961 -0.326340486854324 -0.368230608354019 -0.410120729853714 -0.452010851353416 -0.493900972853112 -0.535791094352807 -0.577681215852509 -0.625253626207513 -0.689872903128464 -0.754492180049425 -0.819111456970376 -0.883730733891327
0.678081591116862 0.679400287009753 0.680718982902645 0.682037678795537 0.664595737867044 0.640900251331418 0.617204764795792 0.593509278260162 0.569813791724536 0.54611830518891 0.52242281865328 0.496183127733981 0.462310823663656 0.428438519593326 0.394566215523001 0.360693911452676 0.326821607382345 0.29294930331202 0.259076999241695 0.238791159757718 0.223034141802534 0.20727712384735 0.191520105892163 0.175763087936979 0.160006069981795 0.144249052026609 0.121401910566617 0.077284398592179 0.0331668866177334 -0.0109506253567047 -0.0550681373311428 -0.0991856493055884 -0.143303161280027 -0.187420673254465 -0.229469727228092 -0.270829295201439 -0.312188863174785 -0.353548431148139 -0.394907999121485 -0.436267567094832 -0.477627135068185 -0.524833051529195 -0.589578013453215 -0.654322975377245 -0.719067937301264 -0.783812899225284
0.795449365675443 0.789946817855034 0.784444270034625 0.778941722214217 0.754081495602925 0.722768709394668 0.691455923186412 0.66014313697815 0.628830350769894 0.597517564561638 0.566204778353376 0.535797192239103 0.508105206406783 0.480413220574458 0.452721234742138 0.425029248909818 0.397337263077493 0.369645277245172 0.341953291412852 0.325169343998024 0.312021409389036 0.298873474780047 0.285725540171057 0.272577605562068 0.25942967095308 0.246281736344089 0.22529766468538 0.180805181877481 0.136312699069575 0.0918202162616763 0.0473277334537777 0.00283525064587144 -0.0416572321620272 -0.0861497149699258 -0.127679150924092 -0.168220904593669 -0.208762658263247 -0.249304411932832 -0.289846165602409 -0.330387919271987 -0.370929672941571 -0.41726232042743 -0.480967649362149 -0.544672978296879 -0.608378307231598 -0.672083636166317
0.86470436702171 0.855849181115617 0.846993995209526 0.838138809303435 0.808192801475522 0.771216519673666 0.734240237871809 0.697263956069946 0.66028767426809 0.623311392466233 0.586335110664371 0.554919682691495 0.54018681620558 0.525453949719662 0.510721083233747 0.495988216747832 0.481255350261915 0.466522483776 0.451789617290085 0.437634674459679 0.42367237284778 0.40971007123588 0.395747769623978 0.381785468012079 0.36782316640018 0.353860864788278 0.332229792326681 0.287592407315964 0.24295502230524 0.198317637294523 0.153680252283806 0.109042867273082 0.064405482262365 0.0197680972516483 -0.0209687579423304 -0.0604054365307187 -0.099842115119107 -0.139278793707502 -0.17871547229589 -0.218152150884279 -0.257588829472674 -0.302541432902222 -0.364041810855272 -0.425542188808332 -0.487042566761381 -0.548542944714431
0.933959368367983 0.921751544376207 0.909543720384433 0.897335896392658 0.862304107348124 0.819664329952667 0.77702455255721 0.734384775161745 0.691744997766288 0.649105220370831 0.606465442975367 0.574042173143888 0.572268426004379 0.57049467886487 0.568720931725362 0.566947184585853 0.565173437446344 0.563399690306836 0.561625943167327 0.550100004921343 0.535323336306533 0.520546667691723 0.50576999907691 0.490993330462099 0.476216661847289 0.461439993232476 0.439161919967991 0.394379632754456 0.349597345540913 0.304815058327379 0.260032771113844 0.215250483900301 0.170468196686766 0.125685909473231 0.0857416350394401 0.0474100315322412 0.00907842802504243 -0.029253175482163 -0.0675847789893619 -0.105916382496561 -0.144247986003766 -0.187820545377006 -0.247115972348385 -0.306411399319775 -0.365706826291154 -0.425002253262534
1.00321436971426 0.987653907636797 0.972093445559339 0.956532983481882 0.916415413220726 0.868112140231668 0.81980886724261 0.771505594253544 0.723202321264486 0.674899048275429 0.626595775286363 0.593164663596281 0.604350035803179 0.615535408010078 0.626720780216976 0.637906152423874 0.649091524630774 0.660276896837671 0.671462269044569 0.662565335383008 0.646974299765286 0.631383264147565 0.615792228529841 0.600201192912119 0.584610157294398 0.569019121676674 0.546094047609301 0.501166858192948 0.456239668776587 0.411312479360234 0.366385289943881 0.321458100527521 0.276530911111168 0.231603721694815 0.192452028021211 0.155225499595201 0.117998971169192 0.0807724427431761 0.0435459143171666 0.00631938589115719 -0.0309071425348586 -0.0730996578517888 -0.130190133841498 -0.187280609831218 -0.244371085820927 -0.301461561810637
1.07246937106052 1.05355627089738 1.03464317073424 1.0157300705711 0.970526719093323 0.916559950510665 0.862593181928007 0.80862641334534 0.754659644762682 0.700692876180024 0.646726107597357 0.612287154048673 0.636431645601976 0.660576137155283 0.684720628708586 0.708865120261889 0.733009611815196 0.757154103368499 0.781298594921802 0.775030665844663 0.75862526322403 0.742219860603398 0.725814457982763 0.70940905536213 0.693003652741498 0.676598250120863 0.653026175250602 0.60795408363143 0.562881992012252 0.517809900393081 0.47273780877391 0.427665717154731 0.38259362553556 0.337521533916389 0.299162421002972 0.263040967658152 0.226919514313332 0.190798060968506 0.154676607623686 0.118555154278866 0.0824337009340393 0.0416212296734183 -0.0132642953346216 -0.0681498203426709 -0.123035345350711 -0.177920870358751
1.1417243724068 1.11945863415797 1.09719289590915 1.07492715766032 1.02463802496592 0.965007760789666 0.905377496613407 0.845747232437139 0.78611696826088 0.726486704084622 0.666856439908353 0.631409644501066 0.668513255400775 0.705616866300491 0.7427204772002 0.77982408809991 0.816927698999625 0.854031309899334 0.891134920799044 0.887495996306327 0.870276226682783 0.85305645705924 0.835836687435694 0.81861691781215 0.801397148188607 0.784177378565061 0.759958302891912 0.714741309069923 0.669524315247926 0.624307321425936 0.579090327603947 0.53387333378195 0.488656339959961 0.443439346137972 0.405872813984743 0.370856435721112 0.335840057457481 0.300823679193845 0.265807300930214 0.230790922666583 0.195774544402947 0.156342117198635 0.103661543172265 0.0509809691458861 -0.00169960488048389 -0.0543801789068539
1.14687436934976 1.1244194790721 1.10196458879445 1.0795096985168 1.03087018231552 0.97350245747303 0.916134732630537 0.858767007788033 0.80139928294554 0.744031558103047 0.686663833260544 0.65456977503166 0.698296716643689 0.742023658255725 0.785750599867755 0.829477541479784 0.87320448309182 0.91693142470385 0.960658366315879 0.958246757586797 0.940455632077324 0.922664506567851 0.904873381058375 0.887082255548902 0.869291130039429 0.851500004529953 0.827187511821595 0.783310917516558 0.739434323211515 0.695557728906478 0.651681134601442 0.607804540296398 0.563927945991362 0.520051351686326 0.483906938508153 0.450339919038947 0.41677289956974 0.383205880100528 0.349638860631321 0.316071841162115 0.282504821692903 0.244927933770754 0.195321440489762 0.145714947208763 0.0961084539277715 0.0465019606467803
1.08791936188938 1.06843880563976 1.04895824939014 1.02947769314052 0.989223191142097 0.942044040560739 0.89486488997938 0.847685739398013 0.800506588816654 0.753327438235295 0.706148287653928 0.681767545640454 0.725782029330713 0.76979651302098 0.81381099671124 0.857825480401499 0.901839964091765 0.945854447782025 0.989868931472284 0.987282949686049 0.969163479407628 0.951044009129207 0.932924538850783 0.914805068572362 0.896685598293941 0.878566128015517 0.854713802039628 0.813662908971316 0.772612015902997 0.731561122834686 0.690510229766374 0.649459336698055 0.608408443629743 0.567357550561432 0.533264794573185 0.501491417611637 0.46971804065009 0.437944663688537 0.406171286726989 0.374397909765441 0.342624532803888 0.307378679389755 0.261715396617851 0.21605211384594 0.170388831074037 0.124725548302134
1.02896435442899 1.0124581322074 0.995951909985819 0.979445687764233 0.947576199968668 0.910585623648445 0.873595047328221 0.836604471007991 0.799613894687767 0.762623318367543 0.725632742047313 0.708965316249251 0.75326734201774 0.797569367786237 0.841871393554727 0.886173419323216 0.930475445091713 0.974777470860202 1.01907949662869 1.0163191417853 0.997871326737934 0.979423511690565 0.960975696643193 0.942527881595824 0.924080066548455 0.905632251501083 0.882240092257663 0.844014900426077 0.805789708594483 0.767564516762896 0.729339324931309 0.691114133099716 0.652888941268129 0.614663749436542 0.582622650638221 0.552642916184332 0.522663181730444 0.49268344727655 0.462703712822661 0.432723978368773 0.402744243914879 0.369829425008761 0.328109352745946 0.286389280483124 0.244669208220309 0.202949135957493
0.970009346968608 0.956477458775052 0.942945570581498 0.929413682387944 0.905929208795239 0.87912720673615 0.852325204677062 0.825523202617969 0.798721200558881 0.771919198499792 0.745117196440699 0.736163086858047 0.780752654704767 0.825342222551494 0.869931790398214 0.914521358244933 0.95911092609166 1.00370049393838 1.0482900617851 1.04535533388456 1.02657917406824 1.00780301425192 0.989026854435603 0.970250694619286 0.951474534802969 0.932698374986649 0.909766382475699 0.874366891880837 0.838967401285968 0.803567910691106 0.768168420096244 0.732768929501376 0.697369438906514 0.661969948311651 0.631980506703257 0.603794414757027 0.575608322810798 0.547422230864563 0.519236138918334 0.491050046972104 0.46286395502587 0.432280170627768 0.394503308874041 0.356726447120307 0.31894958536658 0.281172723612853
0.911054339508229 0.900496785342705 0.889939231177182 0.87938167701166 0.864282217621813 0.847668789823859 0.831055362025905 0.814441934227948 0.797828506429994 0.78121507863204 0.764601650834083 0.763360857466842 0.808237967391791 0.853115077316749 0.897992187241698 0.942869297166648 0.987746407091605 1.03262351701655 1.0775006269415 1.07439152598381 1.05528702139854 1.03618251681328 1.01707801222801 0.997973507642746 0.97886900305748 0.959764498472212 0.937292672693732 0.904718883335594 0.872145093977451 0.839571304619314 0.806997515261176 0.774423725903033 0.741849936544895 0.709276147186757 0.681338362768289 0.654945913329718 0.628553463891147 0.602161014452572 0.575768565014001 0.54937611557543 0.522983666136855 0.494730916246769 0.46089726500213 0.427063613757485 0.393229962512846 0.359396311268207
0.852099332047844 0.844516111910353 0.836932891772862 0.829349671635372 0.822635226448384 0.816210372911565 0.809785519374746 0.803360665837926 0.796935812301108 0.790510958764289 0.784086105227469 0.790558628075638 0.835723280078818 0.880887932082006 0.926052584085185 0.971217236088365 1.01638188809155 1.06154654009473 1.10671119209791 1.10342771808306 1.08399486872885 1.06456201937464 1.04512917002042 1.02569632066621 1.00626347131199 0.986830621957778 0.964818962911767 0.935070874790355 0.905322786668937 0.875574698547524 0.845826610426111 0.816078522304693 0.78633043418328 0.756582346061867 0.730696218833325 0.706097411902413 0.681498604971501 0.656899798040585 0.632300991109673 0.607702184178762 0.583103377247846 0.557181661865775 0.527291221130224 0.497400780394668 0.467510339659117 0.437619898923567
0.825791910290717 0.828350697954493 0.830909485618268 0.833468273282044 0.834153959155075 0.834215277764525 0.834276596373974 0.834337914983423 0.834399233592872 0.834460552202322 0.834521870811771 0.844964815345057 0.886552637649887 0.928140459954724 0.969728282259554 1.01131610456438 1.05290392686922 1.09449174917405 1.13607957147888 1.13343158364296 1.1160383257601 1.09864506787724 1.08125180999438 1.06385855211152 1.04646529422866 1.0290720363458 1.00956233839194 0.98370332022508 0.957844302058216 0.931985283891357 0.906126265724498 0.880267247557635 0.854408229390776 0.828549211223916 0.803802223006878 0.779425911439784 0.755049599872691 0.730673288305594 0.706296976738501 0.681920665171408 0.657544353604311 0.632177181955837 0.603837430063219 0.575497678170596 0.547157926277979 0.518818174385361
0.832132074236863 0.852000543475144 0.871869012713421 0.891737481951698 0.898838415741909 0.901683504382757 0.904528593023605 0.907373681664454 0.910218770305302 0.91306385894615 0.915908947586999 0.926579419275103 0.960726040105003 0.994872660934908 1.02901928176481 1.06316590259471 1.09731252342461 1.13145914425451 1.16560576508441 1.1644031226635 1.15141739249229 1.13843166232109 1.12544593214988 1.11246020197868 1.09947447180747 1.08648874163627 1.07152279913425 1.05061621963977 1.02970964014529 1.00880306065082 0.987896481156341 0.966989901661862 0.946083322167386 0.92517674267291 0.900656375288951 0.874931411941836 0.84920644859472 0.823481485247601 0.797756521900485 0.77203155855337 0.74630659520625 0.719717476516954 0.690535891801112 0.661354307085266 0.632172722369424 0.602991137653583
0.83847223818301 0.875650388995797 0.912828539808577 0.950006690621357 0.963522872328748 0.969151731000995 0.974780589673243 0.980409448345491 0.986038307017738 0.991667165689985 0.997296024362234 1.00819402320516 1.03489944256012 1.0616048619151 1.08831028127007 1.11501570062503 1.14172111998001 1.16842653933497 1.19513195868994 1.19537466168403 1.18679645922449 1.17821825676494 1.16964005430539 1.16106185184584 1.15248364938629 1.14390544692675 1.13348325987656 1.11752911905447 1.10157497823238 1.08562083741028 1.06966669658819 1.0537125557661 1.037758414944 1.02180427412191 0.997510527571033 0.970436912443895 0.943363297316757 0.916289682189615 0.889216067062477 0.862142451935339 0.835068836808197 0.807257771078078 0.777234353539013 0.747210935999943 0.717187518460878 0.687164100921813
0.844812402129157 0.89930023451645 0.953788066903733 1.00827589929102 1.02820732891559 1.03661995761923 1.04503258632288 1.05344521502653 1.06185784373017 1.07027047243382 1.07868310113747 1.08980862713521 1.10907284501525 1.12833706289529 1.14760128077532 1.16686549865536 1.1861297165354 1.20539393441544 1.22465815229547 1.22634620070457 1.22217552595668 1.21800485120879 1.2138341764609 1.20966350171301 1.20549282696512 1.20132215221722 1.19544372061888 1.18444201846917 1.17344031631946 1.16243861416975 1.15143691202004 1.14043520987033 1.12943350772062 1.11843180557091 1.09436467985312 1.06594241294595 1.03752014603879 1.00909787913163 0.980675612224469 0.952253345317309 0.923831078410143 0.894798065639202 0.863932815276913 0.833067564914619 0.802202314552331 0.771337064190042
0.851152566075304 0.922950080037101 0.994747593998886 1.06654510796067 1.09289178550242 1.10408818423747 1.11528458297251 1.12648098170756 1.1376773804426 1.14887377917765 1.1600701779127 1.17142323106526 1.18324624747036 1.19506926387547 1.20689228028058 1.21871529668568 1.23053831309079 1.2423613294959 1.254184345901 1.25731773972511 1.25755459268887 1.25779144565264 1.2580282986164 1.25826515158017 1.25850200454393 1.2587388575077 1.25740418136119 1.25135491788386 1.24530565440654 1.23925639092921 1.23320712745188 1.22715786397456 1.22110860049723 1.21505933701991 1.19121883213519 1.16144791344801 1.13167699476082 1.10190607607364 1.07213515738645 1.04236423869927 1.01259332001208 0.982338360200318 0.950631277014806 0.918924193829289 0.887217110643777 0.855510027458265
0.85749273002145 0.946599925557754 1.03570712109404 1.12481431663033 1.15757624208926 1.1715564108557 1.18553657962215 1.1995167483886 1.21349691715504 1.22747708592148 1.24145725468793 1.25303783499531 1.25741964992549 1.26180146485566 1.26618327978584 1.27056509471601 1.27494690964619 1.27932872457636 1.28371053950654 1.28828927874565 1.29293365942107 1.29757804009649 1.30222242077191 1.30686680144733 1.31151118212275 1.31615556279817 1.3193646421035 1.31826781729856 1.31717099249362 1.31607416768868 1.31497734288373 1.31388051807879 1.31278369327385 1.31168686846891 1.28807298441727 1.25695341395007 1.22583384348286 1.19471427301565 1.16359470254844 1.13247513208124 1.10135556161403 1.06987865476144 1.03732973875271 1.00478082274397 0.97223190673523 0.939682990726495
