data/working_set_collections/6091692-Cassins_Sparrow-MC/1980/bio12.asc
NCOLS 265 
NROWS 230 
XLLCORNER -115.5625 
YLLCORNER 24.8333333333333 
CELLSIZE 0.0833333333333333 
NODATA_value -9999 
[rows 140 to 159 of 230, columns 0 to 45 of 265]
221.578362358943 207.070629882815 192.562897406687 178.055164930557 163.54743245443 149.039699978302 134.531967502172 132.477223587036 134.5734758589 136.669728130764 138.765980402628 140.862232674492 142.958484946357 145.054737218221 147.865395228067 152.819270451863 157.773145675659 162.727020899454 167.68089612325 172.634771347046 177.588646570841 182.542521794637 188.971633275349 195.892490175034 202.81334707472 209.734203974405 216.65506087409 223.575917773775 230.49677467346 239.100551308522 252.753087149724 266.405622990923 280.058158832122 293.710694673324 307.363230514523 321.015766355722 334.668302196924 349.320858510331 364.306754981142 379.292651451955 394.278547922766 409.264444393577 424.25034086439 439.236237335201 452.500557115339 460.600146823457
220.006491767037 205.809109497073 191.611727227108 177.414344957141 163.216962687177 149.019580417212 134.822198147246 132.554327011108 134.262959586249 135.97159216139 137.680224736531 139.388857311672 141.097489886814 142.806122461955 145.283394749959 150.066586176554 154.849777603149 159.632969029744 164.416160456339 169.199351882934 173.982543309529 178.765734736125 185.960182825723 193.958383136324 201.956583446926 209.954783757526 217.952984068127 225.951184378729 233.949384689329 243.562331687076 258.019518746268 272.476705805457 286.933892864647 301.391079923839 315.848266983029 330.305454042218 344.76264110141 359.754571787513 374.924750349252 390.094928910994 405.265107472734 420.435286034473 435.605464596215 450.775643157955 463.831500583222 470.544394599065
218.434621175132 204.547589111331 190.660557047529 176.773524983726 162.886492919924 148.999460856123 135.112428792319 132.63143043518 133.952443313598 135.273456192017 136.594469070435 137.915481948852 139.236494827271 140.557507705689 142.70139427185 147.313901901245 151.926409530639 156.538917160034 161.151424789429 165.763932418823 170.376440048217 174.988947677612 182.948732376098 192.024276097614 201.099819819132 210.175363540648 219.250907262164 228.326450983682 237.401994705198 248.024112065629 263.285950342811 278.547788619991 293.809626897171 309.071465174354 324.333303451534 339.595141728714 354.856980005897 370.188285064693 385.542745717361 400.897206370032 416.2516670227 431.606127675369 446.96058832804 462.315048980708 475.162444051104 480.488642374672
216.862750583227 203.286068725588 189.70938686795 176.13270501031 162.556023152672 148.979341295033 135.402659437393 132.708533859253 133.641927040948 134.575320222643 135.508713404338 136.442106586032 137.375499767727 138.308892949422 140.119393793741 144.561217625936 149.00304145813 153.444865290323 157.886689122518 162.328512954712 166.770336786905 171.2121606191 179.937281926472 190.090169058904 200.243056191337 210.395943323769 220.548830456201 230.701717588635 240.854604721067 252.485892444182 268.552381939356 284.618871434526 300.685360929696 316.75185042487 332.81833992004 348.88482941521 364.951318910384 380.621998341874 396.160741085471 411.699483829071 427.238226572668 442.776969316266 458.315712059865 473.854454803462 486.493387518986 490.43289015028
214.86323229472 201.706205622358 188.549178949995 175.39215227763 162.235125605268 149.078098932905 135.92107226054 133.163955688476 133.873475816515 134.582995944553 135.292516072591 136.002036200629 136.711556328667 137.421076456706 139.045641793144 143.415342754787 147.78504371643 152.154744678072 156.524445639716 160.894146601358 165.263847563001 169.633548524644 178.85056470235 189.683352618745 200.516140535141 211.348928451536 222.181716367931 233.014504284327 243.847292200722 256.137822469071 272.801579793292 289.46533711751 306.129094441727 322.792851765948 339.456609090166 356.120366414384 372.784123738604 388.47996699015 403.853172217471 419.226377444795 434.599582672116 449.972787899437 465.345993126761 480.719198354082 493.012930976019 496.068245781792
212.436066309613 199.807999801638 187.179933293664 174.551866785687 161.923800277712 149.295733769738 136.667667261761 133.997695922851 134.647089640299 135.296483357747 135.945877075195 136.595270792643 137.244664510091 137.894058227539 139.480138270059 143.876277287801 148.272416305541 152.668555323282 157.064694341023 161.460833358764 165.856972376504 170.253111394246 179.688580703733 190.803826777138 201.919072850544 213.034318923948 224.149564997352 235.264811070758 246.380057144163 258.979902140295 276.03354390462 293.087185668942 310.140827433264 327.194469197588 344.24811096191 361.301752726232 378.355394490557 393.762191009518 408.620039113358 423.477887217201 438.335735321042 453.193583424882 468.051431528725 482.909279632565 494.7210744222 497.394709269205
210.008900324505 197.909793980919 185.810687637332 173.711581293743 161.612474950157 149.51336860657 137.414262262981 134.831436157226 135.420703464084 136.009970770942 136.599238077799 137.188505384657 137.777772691515 138.367039998372 139.914634746974 144.337211820814 148.759788894652 153.182365968491 157.604943042331 162.027520116169 166.450097190008 170.872674263848 180.526596705117 191.924300935531 203.322005165946 214.71970939636 226.117413626774 237.51511785719 248.912822087604 261.821981811519 279.265508015948 296.709034220374 314.1525604248 331.596086629229 349.039612833655 366.483139038081 383.92666524251 399.044415028887 413.386906009246 427.729396989608 442.071887969968 456.414378950327 470.756869930689 485.099360911049 496.42921786838 498.721172756618
207.581734339398 196.011588160199 184.441441981 172.8712958018 161.301149622601 149.731003443403 138.160857264202 135.665176391601 136.194317287869 136.723458184136 137.252599080403 137.781739976671 138.310880872938 138.840021769206 140.349131223889 144.798146353827 149.247161483764 153.696176613701 158.145191743638 162.594206873575 167.043222003512 171.492237133449 181.3646127065 193.044775093924 204.724937481349 216.405099868772 228.085262256196 239.765424643621 251.445587031044 264.664061482743 282.497472127276 300.330882771806 318.164293416337 335.99770406087 353.8311147054 371.66452534993 389.497935994464 404.326639048256 418.153772905134 431.980906762015 445.808040618894 459.635174475772 473.462308332653 487.289442189532 498.137361314561 500.047636244032
205.15456835429 194.11338233948 183.072196324669 172.031010309857 160.989824295046 149.948638280235 138.907452265423 136.498916625976 136.967931111653 -9999 -9999 -9999 -9999 139.313003540039 140.783627700805 145.25908088684 149.734534072875 154.20998725891 158.685440444946 163.160893630981 167.636346817015 172.111800003051 182.202628707884 194.165249252316 206.127869796751 218.090490341184 230.053110885617 242.015731430052 253.978351974485 267.506141153967 285.729436238604 303.952731323238 322.176026407873 340.39932149251 358.622616577145 376.845911661779 395.069206746416 409.608863067624 422.920639801022 436.232416534422 449.544193267819 462.855970001217 476.167746734617 489.479523468015 499.845504760742 501.374099731445
202.727402369183 192.21517651876 181.702950668338 171.190724817913 160.67849896749 150.166273117068 139.654047266643 137.332656860351 137.741544935438 -9999 -9999 -9999 -9999 -9999 141.21812417772 145.720015419853 150.221906661986 154.723797904119 159.225689146253 163.727580388386 168.229471630519 172.731362872653 183.040644709267 195.285723410709 207.530802112154 219.775880813596 232.020959515039 244.266038216483 256.511116917926 270.348220825191 288.961400349932 307.574579874671 326.187759399409 344.800938924151 363.414118448889 382.027297973628 400.64047749837 414.891087086993 427.687506696909 440.483926306828 453.280345916745 466.076765526662 478.873185136581 491.669604746498 501.553648206922 502.700563218858
201.231558905709 191.20872192383 181.185884941951 171.16304796007 161.140210978192 151.117373996313 141.094537014432 138.78205795288 139.039698198106 -9999 -9999 -9999 -9999 -9999 -9999 -9999 150.639862060546 155.137076483831 -9999 -9999 -9999 173.125934176974 183.546374893186 195.941224373709 208.336073854233 220.730923334755 233.125772815278 245.520622295802 257.915471776324 271.935702006018 290.832074483233 309.728446960446 328.624819437658 347.521191914874 366.417564392086 385.313936869299 404.210309346514 418.122010040281 430.372153472897 442.622296905516 454.872440338133 467.122583770749 479.372727203368 491.622870635985 501.089723544651 502.206704881456
200.667037963868 191.094018554689 181.52099914551 171.947979736329 162.37496032715 152.801940917971 143.22892150879 140.847119903564 140.862390899658 -9999 -9999 -9999 -9999 -9999 -9999 -9999 -9999 -9999 -9999 -9999 -9999 -9999 183.719819259641 196.131752141314 208.543685022988 220.955617904661 233.367550786333 245.779483668008 258.19141654968 272.268584696447 291.341458638507 310.414332580563 329.487206522619 348.560080464679 367.632954406735 386.705828348791 405.77870229085 419.301631927488 430.974580128985 442.647528330484 454.320476531981 465.993424733477 477.666372934976 489.339321136473 498.453730773926 499.892524719239
200.102517022028 190.979315185548 181.856113349069 172.732911512588 163.609709676108 154.486507839629 145.363306003147 142.912181854248 142.68508360121 -9999 -9999 -9999 -9999 -9999 -9999 -9999 -9999 -9999 -9999 -9999 -9999 -9999 -9999 196.322279908919 208.751296191744 221.180312474567 233.609328757389 246.038345040214 258.467361323037 272.601467386877 291.85084279378 311.10021820068 330.34959360758 349.598969014483 368.848344421383 388.097719828283 407.347095235186 420.481253814695 431.577006785072 442.672759755451 453.768512725828 464.864265696205 475.960018666584 487.055771636961 495.817738003201 497.578344557021
199.537996080188 190.864611816408 182.191227552628 173.517843288846 164.844459025066 156.171074761286 147.497690497505 144.977243804931 144.507776302761 -9999 -9999 -9999 -9999 -9999 -9999 -9999 -9999 -9999 -9999 -9999 -9999 -9999 -9999 -9999 -9999 221.405007044472 233.851106728445 246.29720641242 258.743306096393 272.934350077307 292.360226949054 311.786103820797 331.211980692541 350.637857564288 370.063734436032 389.489611307775 408.915488179522 421.660875701902 432.17943344116 442.697991180419 453.216548919676 463.735106658933 474.253664398192 484.77222213745 493.181745232476 495.264164394803
198.973475138347 190.749908447267 182.526341756187 174.302775065105 166.079208374025 157.855641682944 149.632074991863 147.042305755615 146.330469004313 -9999 -9999 -9999 -9999 -9999 -9999 -9999 -9999 -9999 -9999 -9999 -9999 -9999 -9999 -9999 -9999 -9999 -9999 -9999 -9999 273.267232767736 292.869611104327 312.471989440915 332.074367777502 351.676746114093 371.27912445068 390.881502787267 410.483881123858 422.840497589109 432.781860097247 442.723222605386 452.664585113524 462.605947621661 472.547310129801 482.488672637938 490.545752461751 492.949984232585
198.408954196507 190.635205078126 182.861455959746 175.087706841364 167.313957722983 159.540208604602 151.76645948622 149.107367706299 148.153161705865 -9999 -9999 -9999 -9999 -9999 -9999 -9999 -9999 -9999 -9999 -9999 -9999 -9999 -9999 -9999 -9999 -9999 -9999 -9999 -9999 273.600115458166 293.3789952596 313.157875061032 332.936754862463 352.715634663897 372.494514465328 392.27339426676 412.052274068194 424.020119476317 433.384286753334 442.748454030354 452.112621307371 461.476788584389 470.840955861409 480.205123138426 487.909759691026 490.635804070367
198.530152850682 191.267817815146 184.00548277961 176.743147744073 169.480812708537 162.218477673002 154.956142637465 152.256534576415 151.077835506863 149.89913643731 -9999 -9999 -9999 -9999 -9999 -9999 -9999 -9999 -9999 -9999 -9999 -9999 -9999 -9999 -9999 -9999 -9999 -9999 -9999 271.726815626353 291.707645840114 311.688476053871 331.669306267629 351.650136481389 371.630966695147 391.611796908904 411.592627122665 423.341045125324 432.345325724282 441.349606323242 450.3538869222 459.358167521157 468.362448120117 477.366728719075 484.840300665961 487.72174665663
199.337071100871 192.647746658326 185.958422215781 179.269097773234 172.579773330689 165.890448888144 159.201124445597 156.489806365966 155.104490407308 153.719174448649 -9999 -9999 -9999 -9999 -9999 -9999 -9999 -9999 -9999 -9999 -9999 -9999 -9999 -9999 -9999 -9999 -9999 -9999 -9999 267.647333272294 287.855562845864 308.063792419431 328.272021992997 348.480251566567 368.688481140134 388.8967107137 409.10494028727 420.803274536132 429.66497701009 438.526679484049 447.388381958007 456.250084431965 465.111786905924 473.973489379882 481.337375386556 484.207811991374
200.143989351061 194.027675501506 187.911361651951 181.795047802396 175.678733952841 169.562420103286 163.44610625373 160.723078155517 159.131145307753 157.539212459988 -9999 -9999 -9999 -9999 -9999 -9999 -9999 -9999 -9999 -9999 -9999 -9999 -9999 -9999 -9999 -9999 -9999 -9999 -9999 263.567850918236 284.003479851615 304.439108784991 324.874737718366 345.310366651745 365.745995585121 386.181624518496 406.617253451875 418.265503946939 426.984628295897 435.703752644856 444.422876993814 453.142001342772 461.861125691731 470.580250040689 477.83445010715 480.693877326118
200.950907601251 195.407604344687 189.864301088122 184.320997831557 178.777694574992 173.234391318428 167.691088061862 164.956349945068 163.157800208197 161.359250471327 159.560700734456 157.762150997585 -9999 -9999 -9999 -9999 -9999 -9999 -9999 -9999 -9999 -9999 -9999 -9999 -9999 -9999 -9999 -9999 -9999 259.488368564178 280.151396857366 300.814425150551 321.477453443735 342.140481736923 362.803510030108 383.466538323292 404.12956661648 415.727733357746 424.304279581704 432.880825805664 441.457372029622 450.033918253579 458.610464477539 467.187010701497 474.331524827745 477.179942660862
