data/working_set_collections/6091692-Cassins_Sparrow-MC/1980/bio18.asc
NCOLS 265 
NROWS 230 
XLLCORNER -115.5625 
YLLCORNER 24.8333333333333 
CELLSIZE 0.0833333333333333 
NODATA_value -9999 
[rows 0 to 19 of 230, columns 184 to 229 of 265]
221.773408635457 223.322450213962 224.871491792466 226.354214350382 227.814830568101 229.27544678582 230.73606300354 232.196679221259 233.657295438978 235.117911656697 236.539498562282 237.843997531466 239.148496500651 240.452995469835 241.757494439019 243.061993408203 244.366492377387 245.670991346571 245.529193496704 244.905296707153 244.281399917603 243.657503128052 243.033606338501 242.40970954895 241.785812759399 242.025332429673 244.855101479423 247.684870529174 250.514639578925 253.344408628675 256.174177678426 259.003946728176 261.833715777926 264.596011352539 267.335815768771 270.075620185004 272.815424601236 275.555229017469 278.295033433702 281.034837849934 283.473846605089 285.010468377007 286.547090148925 288.083711920844 289.620333692762 291.156955464681
224.053679275512 225.647760391235 227.241841506957 228.719561386108 230.158494186401 231.597426986694 233.036359786987 234.47529258728 235.914225387573 237.353158187866 238.67546895345 239.647913614908 240.620358276367 241.592802937825 242.565247599284 243.537692260742 244.5101369222 245.482581583659 245.395923995972 244.956232325236 244.5165406545 244.076848983765 243.637157313029 243.197465642293 242.757773971558 243.111394627888 245.844952265421 248.578509902954 251.312067540486 254.045625178018 256.779182815551 259.512740453084 262.246298090616 264.928561401367 267.59372660319 270.258891805012 272.924057006835 275.589222208658 278.254387410481 280.919552612304 283.366382344563 285.158205668131 286.950028991699 288.741852315266 290.533675638834 292.325498962402
226.333949915567 227.973070568508 229.612191221448 231.084908421834 232.5021578047 233.919407187567 235.336656570434 236.753905953301 238.171155336167 239.588404719034 240.811439344618 241.45182969835 242.092220052083 242.732610405816 243.373000759548 244.013391113281 244.653781467014 245.294171820746 245.262654495239 245.007167943319 244.751681391398 244.496194839478 244.240708287557 243.985221735636 243.729735183716 244.197456826103 246.834803051418 249.472149276733 252.109495502047 254.746841727362 257.384187952677 260.021534177991 262.658880403306 265.261111450195 267.851637437608 270.442163425021 273.032689412434 275.623215399847 278.213741387261 280.804267374674 283.258918084038 285.305942959255 287.352967834472 289.399992709689 291.447017584906 293.494042460123
228.614220555623 230.298380745781 231.982540935939 233.45025545756 234.845821423 236.241387388441 237.636953353881 239.032519319322 240.428085284762 241.823651250203 242.947409735785 243.255745781792 243.564081827799 243.872417873806 244.180753919813 244.48908996582 244.797426011827 245.105762057834 245.129384994507 245.058103561401 244.986822128296 244.91554069519 244.844259262085 244.772977828979 244.701696395874 245.283519024318 247.824653837415 250.365788650512 252.906923463609 255.448058276705 257.989193089803 260.530327902899 263.071462715996 265.593661499023 268.109548272026 270.62543504503 273.141321818033 275.657208591037 278.17309536404 280.688982137044 283.151453823513 285.453680250379 287.755906677246 290.058133104112 292.360359530978 294.662585957845
230.894491195678 232.623690923054 234.352890650431 235.815602493286 237.1894850413 238.563367589314 239.937250137329 241.311132685343 242.685015233357 244.058897781372 245.083380126953 245.059661865234 245.035943603516 245.012225341797 244.988507080078 244.964788818359 244.941070556641 244.917352294922 244.996115493774 245.109039179484 245.221962865194 245.334886550903 245.447810236613 245.560733922322 245.673657608032 246.369581222534 248.814504623412 251.259428024291 253.70435142517 256.149274826049 258.594198226928 261.039121627807 263.484045028686 265.926211547851 268.367459106445 270.808706665038 273.249954223632 275.691201782226 278.13244934082 280.573696899414 283.043989562988 285.601417541503 288.158845520019 290.716273498535 293.27370147705 295.831129455566
233.174761835733 234.949001100327 236.723240364922 238.180949529011 239.533148659599 240.885347790188 242.237546920776 243.589746051364 244.941945181952 246.29414431254 247.21935051812 246.863577948676 246.507805379232 246.152032809787 245.796260240343 245.440487670898 245.084715101454 244.72894253201 244.862845993042 245.159974797567 245.457103602091 245.754232406616 246.051361211141 246.348490015666 246.64561882019 247.455643420749 249.804355409409 252.153067398071 254.501779386732 256.850491375393 259.199203364054 261.547915352715 263.896627341376 266.258761596679 268.625369940863 270.991978285047 273.358586629231 275.725194973415 278.091803317599 280.458411661783 282.936525302462 285.749154832627 288.561784362792 291.374413892957 294.187043423122 296.999672953287
236.165048090616 237.889902114867 239.614756139119 240.92744954427 242.102756076388 243.278062608506 244.453369140625 245.628675672743 246.803982204861 247.979288736979 248.704478539361 248.079318152534 247.454157765706 246.828997378879 246.203836992052 245.578676605225 244.953516218398 244.32835583157 244.43652305603 244.789132817586 245.141742579142 245.494352340698 245.846962102254 246.19957186381 246.552181625366 247.384428829617 249.655588361952 251.926747894287 254.197907426622 256.469066958957 258.740226491292 261.011386023627 263.282545555962 265.5946559906 267.920416726006 270.246177461412 272.571938196818 274.897698932224 277.223459667629 279.549220403035 282.022214592827 284.936909145778 287.85160369873 290.766298251681 293.680992804633 296.595687357584
239.865349960327 241.446393966674 243.027437973022 244.055102539062 244.898307291666 245.74151204427 246.584716796875 247.427921549479 248.271126302083 249.114331054687 249.538764190674 248.706882476807 247.87500076294 247.043119049072 246.211237335205 245.379355621338 244.547473907471 243.715592193604 243.717146682739 243.996513239543 244.275879796346 244.555246353149 244.834612909953 245.113979466756 245.39334602356 246.155937449137 248.368203481038 250.580469512939 252.79273554484 255.005001576741 257.217267608642 259.429533640543 261.641799672444 263.933894729614 266.252599461873 268.571304194132 270.890008926391 273.20871365865 275.527418390909 277.846123123169 280.301057434081 283.164680480956 286.028303527832 288.891926574707 291.755549621581 294.619172668457
243.565651830037 245.002885818481 246.440119806925 247.182755533854 247.693858506944 248.204961480034 248.716064453125 249.227167426215 249.738270399305 250.249373372396 250.373049841987 249.33444680108 248.295843760173 247.257240719266 246.218637678359 245.180034637451 244.141431596544 243.102828555637 242.997770309448 243.203893661499 243.41001701355 243.616140365601 243.822263717651 244.028387069702 244.234510421753 244.927446068657 247.080818600124 249.234191131592 251.387563663059 253.540936194525 255.694308725993 257.84768125746 260.001053788926 262.273133468628 264.58478219774 266.896430926852 269.208079655965 271.519728385077 273.83137711419 276.143025843302 278.579900275336 281.392451816134 284.205003356933 287.017554897732 289.83010643853 292.642657979329
247.265953699747 248.559377670287 249.852801640828 250.310408528645 250.489409722222 250.668410915798 250.847412109375 251.026413302951 251.205414496528 251.384415690104 251.2073354933 249.962011125353 248.716686757406 247.471362389459 246.226038021512 244.980713653565 243.735389285618 242.490064917671 242.278393936157 242.411274083456 242.544154230754 242.677034378052 242.80991452535 242.942794672648 243.075674819946 243.698954688178 245.793433719211 247.887912750244 249.982391781277 252.07687081231 254.171349843343 256.265828874376 258.360307905409 260.612372207641 262.916964933607 265.221557659573 267.526150385539 269.830743111504 272.13533583747 274.439928563436 276.85874311659 279.620223151312 282.381703186035 285.143183220757 287.904663255479 290.666143290202
250.966255569457 252.115869522094 253.265483474731 253.438061523437 253.2849609375 253.131860351562 252.978759765625 252.825659179687 252.67255859375 252.519458007812 252.041621144613 250.589575449626 249.137529754639 247.685484059652 246.233438364665 244.781392669678 243.329346974691 241.877301279704 241.559017562866 241.618654505412 241.678291447957 241.737928390503 241.797565333049 241.857202275594 241.91683921814 242.470463307698 244.506048838297 246.541634368896 248.577219899495 250.612805430094 252.648390960693 254.683976491292 256.719562021891 258.951610946655 261.249147669474 263.546684392293 265.844221115112 268.141757837931 270.43929456075 272.736831283569 275.137585957845 277.84799448649 280.558403015136 283.268811543782 285.979220072428 288.689628601074
254.666557439168 255.672361373901 256.678165308634 256.565714518229 256.080512152777 255.595309787326 255.110107421875 254.624905056423 254.139702690972 253.654500325521 252.875906795926 251.217139773899 249.558372751872 247.899605729845 246.240838707818 244.582071685791 242.923304663765 241.264537641738 240.839641189575 240.826034927368 240.812428665161 240.798822402954 240.785216140747 240.77160987854 240.758003616333 241.241971927219 243.218663957384 245.195355987549 247.172048017714 249.148740047878 251.125432078044 253.102124108208 255.078816138373 257.290849685669 259.581330405341 261.871811125013 264.162291844686 266.452772564358 268.74325328403 271.033734003703 273.416428799099 276.075765821668 278.735102844238 281.394439866807 284.053776889377 286.713113911946
256.63120358785 257.570197423299 258.509191258748 258.206216176351 257.489251454671 256.772286732992 256.055322011312 255.338357289632 254.621392567953 253.904427846273 252.932985305787 251.198109308879 249.463233311971 247.728357315064 245.993481318156 244.258605321249 242.523729324341 240.788853327434 240.332076263428 240.301332177056 240.270588090685 240.239844004313 240.209099917942 240.17835583157 240.147611745199 240.607075330946 242.537161933051 244.467248535156 246.397335137261 248.327421739366 250.257508341471 252.187594943576 254.117681545681 256.267020289103 258.48944307963 260.711865870157 262.934288660685 265.156711451212 267.379134241739 269.601557032267 271.916647508409 274.509741041395 277.102834574381 279.695928107367 282.289021640353 284.88211517334
256.860194015503 257.809377670288 258.758561325073 258.359566497803 257.511178843181 256.662791188558 255.814403533936 254.966015879313 254.117628224691 253.269240570069 252.212856674195 250.532484054566 248.852111434937 247.171738815308 245.491366195679 243.81099357605 242.130620956421 240.450248336793 240.036322784424 240.044546254476 240.052769724528 240.06099319458 240.069216664632 240.077440134684 240.085663604736 240.56577351888 242.461542765299 244.357312011718 246.253081258138 248.148850504557 250.044619750976 251.940388997395 253.836158243815 255.880122756958 257.973485692342 260.066848627726 262.16021156311 264.253574498494 266.346937433878 268.440300369262 270.638242085774 273.14992014567 275.661598205566 278.173276265462 280.684954325357 283.196632385254
257.089184443156 258.048557917277 259.007931391398 258.512916819255 257.53310623169 256.553295644125 255.573485056559 254.593674468994 253.613863881429 252.634053293864 251.492728042603 249.866858800253 248.240989557902 246.615120315552 244.989251073202 243.363381830852 241.737512588501 240.111643346151 239.74056930542 239.787760331896 239.834951358371 239.882142384847 239.929333411323 239.976524437798 240.023715464274 240.524471706814 242.385923597547 244.247375488281 246.108827379014 247.970279269748 249.831731160481 251.693183051215 253.554634941948 255.493225224813 257.457528305053 259.421831385294 261.386134465535 263.350437545776 265.314740626017 267.279043706258 269.35983666314 271.790099249945 274.220361836751 276.650624423557 279.080887010362 281.511149597168
257.318174870809 258.287738164266 259.257301457723 258.666267140707 257.555033620199 256.443800099691 255.332566579183 254.221333058675 253.110099538168 251.99886601766 250.772599411011 249.20123354594 247.629867680868 246.058501815796 244.487135950725 242.915770085653 241.344404220581 239.77303835551 239.444815826416 239.530974409315 239.617132992215 239.703291575114 239.789450158013 239.875608740913 239.961767323812 240.483169894748 242.310304429795 244.137438964843 245.964573499891 247.791708034939 249.618842569987 251.445977105034 253.273111640082 255.106327692667 256.941570917765 258.776814142862 260.61205736796 262.447300593058 264.282543818156 266.117787043253 268.081431240505 270.43027835422 272.779125467936 275.127972581651 277.476819695366 279.825666809082
257.547165298462 258.526918411255 259.506671524048 258.819617462158 257.576961008708 256.334304555258 255.091648101807 253.848991648356 252.606335194906 251.363678741455 250.052470779419 248.535608291626 247.018745803833 245.50188331604 243.985020828248 242.468158340454 240.951295852662 239.434433364869 239.149062347412 239.274188486735 239.399314626058 239.524440765381 239.649566904704 239.774693044027 239.89981918335 240.441868082682 242.234685262044 244.027502441406 245.820319620768 247.61313680013 249.405953979492 251.198771158854 252.991588338216 254.719430160522 256.425613530477 258.131796900431 259.837980270386 261.54416364034 263.250347010294 264.956530380249 266.803025817871 269.070457458496 271.337889099121 273.605320739746 275.872752380371 278.140184020996
257.776155726115 258.766098658244 259.756041590372 258.97296778361 257.598888397217 256.224809010824 254.850729624431 253.476650238037 252.102570851644 250.728491465251 249.332342147828 247.869983037313 246.407623926799 244.945264816285 243.48290570577 242.020546595256 240.558187484742 239.095828374227 238.853308868408 239.017402564155 239.181496259901 239.345589955648 239.509683651394 239.673777347141 239.837871042887 240.400566270616 242.159066094292 243.917565917968 245.676065741645 247.434565565321 249.193065388997 250.951565212673 252.710065036349 254.332532628377 255.909656143188 257.486779657999 259.063903172811 260.641026687622 262.218150202433 263.795273717244 265.524620395236 267.710636562771 269.896652730306 272.08266889784 274.268685065375 276.45470123291
256.455403137207 257.539366828071 258.623330518934 257.897834904989 256.56918618944 255.240537473891 253.911888758342 252.583240042793 251.254591327244 249.925942611695 248.602528423734 247.294817818536 245.987107213338 244.679396608141 243.371686002944 242.063975397746 240.756264792549 239.448554187351 239.265365473429 239.457017389933 239.648669306437 239.840321222941 240.031973139445 240.223625055949 240.415276972453 241.022737121581 242.877621968587 244.732506815592 246.587391662597 248.442276509602 250.297161356607 252.152046203613 254.006931050618 255.605998484293 257.119793446858 258.633588409423 260.147383371988 261.661178334553 263.174973297118 264.688768259684 266.327457767062 268.34083090888 270.354204050699 272.367577192518 274.380950334336 276.394323476155
253.584907531738 254.846722920736 256.108538309733 255.594218826294 254.487854385376 253.381489944458 252.27512550354 251.168761062622 250.062396621705 248.956032180786 247.863029607137 246.810112635295 245.757195663452 244.70427869161 243.651361719768 242.598444747925 241.545527776083 240.49261080424 240.385232162475 240.593032964071 240.800833765666 241.008634567261 241.216435368856 241.424236170451 241.632036972046 242.308380635579 244.390352884928 246.472325134277 248.554297383626 250.636269632974 252.718241882324 254.800214131672 256.882186381021 258.539827728271 260.056025441487 261.572223154703 263.088420867919 264.604618581135 266.120816294352 267.637014007568 269.211537933349 270.961040496825 272.710543060302 274.460045623779 276.209548187255 277.959050750732
