data/working_set_collections/6091692-Cassins_Sparrow-MC/1980/bio14.asc
NCOLS 265 
NROWS 230 
XLLCORNER -115.5625 
YLLCORNER 24.8333333333333 
CELLSIZE 0.0833333333333333 
NODATA_value -9999 
[rows 40 to 59 of 230, columns 138 to 183 of 265]
8.21536010901151 7.58046729564678 6.94557448228217 6.31068166891755 6.27502827644348 6.43912135759988 6.60321443875628 6.76730751991271 6.93140060106911 7.09549368222551 7.25958676338194 7.4785475810368 7.86211160818725 8.24567563533776 8.62923966248821 9.01280368963866 9.39636771678917 9.77993174393961 10.1634957710901 10.3208841800689 10.4028807163238 10.4848772525787 10.5668737888336 10.6488703250885 10.7308668613433 10.8128633975982 10.8541477680206 10.7732956409454 10.6924435138702 10.611591386795 10.5307392597199 10.4498871326447 10.3690350055695 10.2881828784943 10.1648691654205 10.0274015903473 9.88993401527408 9.75246644020082 9.61499886512759 9.47753129005436 9.3400637149811 9.22043296496075 9.15431269009909 9.08819241523743 9.02207214037578 8.95595186551413
8.23600611421817 7.53379086653404 6.83157561885004 6.12936037116603 6.09287765820821 6.27830579015942 6.46373392211063 6.64916205406188 6.83459018601309 7.0200183179643 7.20544644991554 7.44599464469477 7.85190302795823 8.25781141122175 8.66371979448521 9.06962817774866 9.47553656101219 9.88144494427564 10.2873533275391 10.4568728288014 10.5475960360633 10.6383192433251 10.7290424505869 10.8197656578487 10.9104888651106 11.0012120723724 11.0441585699717 10.9437749385834 10.843391307195 10.7430076758067 10.6426240444183 10.54224041303 10.4418567816417 10.3414731502533 10.2099112351736 10.0679565588633 9.92600188255314 9.7840472062429 9.64209252993269 9.50013785362247 9.35818317731224 9.23668985896642 9.17658061451383 9.11647137006125 9.05636212560866 8.99625288115609
8.35874663326494 7.61180468002966 6.8648627267945 6.11792077355934 6.07051026423767 6.2562769028875 6.44204354153733 6.62781018018719 6.81357681883701 6.99934345748684 7.1851100961367 7.4274171087476 7.83934524324194 8.25127337773634 8.66320151223068 9.07512964672501 9.48705778121942 9.89898591571375 10.3109140502081 10.4966332038244 10.6069493638144 10.7172655238045 10.8275816837946 10.9378978437847 11.0482140037748 11.1585301637649 11.2174608813392 11.1222352716658 11.0270096619924 10.931784052319 10.8365584426456 10.7413328329722 10.6461072232988 10.5508816136254 10.4146832545598 10.2648273123635 10.1149713701672 9.96511542797088 9.81525948577457 9.66540354357826 9.51554760138193 9.38656746546426 9.32021474838256 9.25386203130084 9.18750931421915 9.12115659713745
8.58358166615186 7.81450873613367 7.04543580611561 6.27636287609755 6.20792609453196 6.37303469578419 6.53814329703643 6.70325189828869 6.86836049954092 7.03346910079315 7.19857770204541 7.4228149731953 7.82443825403838 8.22606153488153 8.62768481572461 9.02930809656768 9.43093137741083 9.83255465825391 10.234177939097 10.4401653051376 10.5809406995773 10.721716094017 10.8624914884567 11.0032668828964 11.1440422773361 11.2848176717758 11.374054702123 11.3086766401927 11.2432985782623 11.177920516332 11.1125424544016 11.0471643924713 10.9817863305409 10.9164082686106 10.7791852235794 10.6180138508479 10.4568424781163 10.2956711053848 10.1344997326533 9.97332835992177 9.81215698719022 9.67006578445432 9.5852150917053 9.50036439895627 9.41551370620726 9.33066301345824
8.8084166990388 8.0172127922377 7.22600888543674 6.43480497863578 6.34534192482626 6.4897924886809 6.63424305253553 6.77869361639019 6.92314418024483 7.06759474409947 7.21204530795413 7.418212837643 7.80953126483482 8.20084969202671 8.59216811921853 8.98348654641035 9.37480497360223 9.76612340079405 10.1574418279859 10.3836974064509 10.5549320353402 10.7261666642294 10.8974012931188 11.068635922008 11.2398705508973 11.4111051797866 11.5306485229068 11.4951180087195 11.4595874945322 11.424056980345 11.3885264661577 11.3529959519704 11.3174654377831 11.2819349235958 11.143687192599 10.9712003893322 10.7987135860655 10.6262267827987 10.453739979532 10.2812531762653 10.1087663729985 9.9535641034444 9.85021543502807 9.74686676661172 9.64351809819539 9.54016942977905
9.03325173192575 8.21991684834174 7.40658196475787 6.593247081174 6.48275775512056 6.6065502815776 6.73034280803464 6.8541353344917 6.97792786094874 7.10172038740578 7.22551291386284 7.41361070209071 7.79462427563127 8.17563784917189 8.55665142271246 8.93766499625302 9.31867856979364 9.6996921433342 10.0807057168748 10.3272295077642 10.528923371103 10.7306172344419 10.9323110977808 11.1340049611197 11.3356988244586 11.5373926877975 11.6872423436906 11.6815593772464 11.6758764108022 11.670193444358 11.6645104779137 11.6588275114695 11.6531445450253 11.647461578581 11.5081891616185 11.3243869278166 11.1405846940147 10.9567824602127 10.7729802264108 10.5891779926088 10.4053757588069 10.2370624224345 10.1152157783508 9.99336913426716 9.87152249018352 9.74967584609987
9.25808676481267 8.42262090444576 7.58715504407899 6.75168918371222 6.62017358541485 6.72330807447429 6.82644256353374 6.9295770525932 7.03271154165265 7.13584603071209 7.23898051977156 7.40900856653841 7.77971728642771 8.15042600631708 8.52113472620638 8.89184344609569 9.26255216598505 9.63326088587436 10.0039696057637 10.2707616090774 10.5029147068659 10.7350678046544 10.9672209024429 11.1993740002314 11.4315270980198 11.6636801958083 11.8438361644745 11.8680007457733 11.8921653270721 11.9163299083709 11.9404944896697 11.9646590709686 11.9888236522674 12.0129882335662 11.8726911306381 11.677573466301 11.4824558019638 11.2873381376266 11.0922204732895 10.8971028089523 10.7019851446152 10.5205607414245 10.3802161216736 10.2398715019226 10.0995268821716 9.95918226242066
9.48292179769961 8.62532496054979 7.76772812340012 6.91013128625044 6.75758941570914 6.840065867371 6.92254231903284 7.00501877069471 7.08749522235656 7.16997167401841 7.25244812568027 7.40440643098611 7.76481029722416 8.12521416346226 8.48561802970031 8.84602189593835 9.20642576217646 9.56682962841451 9.92723349465255 10.2142937103907 10.4769060426288 10.7395183748668 11.002130707105 11.264743039343 11.5273553715811 11.7899677038192 12.0004299852583 12.0544421143002 12.108454243342 12.1624663723839 12.2164785014258 12.2704906304677 12.3245027595096 12.3785148885514 12.2371930996577 12.0307600047853 11.824326909913 11.6178938150406 11.4114607201682 11.2050276252959 10.9985945304235 10.8040590604146 10.6452164649963 10.486373869578 10.3275312741598 10.1686886787415
9.41859680811591 8.59971399307268 7.78083117802958 6.96194836298649 6.8151832183202 6.89245729711319 6.96973137590618 7.04700545469918 7.12427953349217 7.20155361228517 7.27882769107817 7.42613871097556 7.7835605541864 8.14098239739729 8.49840424060813 8.85582608381896 9.21324792702986 9.57066977024069 9.92809161345153 10.2241902271906 10.499847764439 10.7755053016874 11.0511628389358 11.3268203761842 11.6024779134326 11.878135450681 12.1011295451058 12.1661333110597 12.2311370770136 12.2961408429675 12.3611446089215 12.4261483748754 12.4911521408293 12.5561559067832 12.4199379603068 12.216646109687 12.0133542590672 11.8100624084473 11.6067705578275 11.4034787072076 11.2001868565878 11.0060048500697 10.8391523758571 10.6722999016444 10.5054474274318 10.3385949532191
9.06511179606146 8.34578800201433 7.62646420796731 6.9071404139203 6.79295499324797 6.88048236370085 6.96800973415372 7.05553710460661 7.14306447505949 7.23059184551236 7.31811921596525 7.47420540650677 7.83596805731444 8.19773070812218 8.55949335892986 8.92125600973754 9.28301866054528 9.64478131135295 10.0065439621606 10.3004511594772 10.5717398722966 10.843028585116 11.1143172979354 11.3856060107548 11.6568947235742 11.9281834363937 12.145934844017 12.2030743360519 12.2602138280868 12.3173533201217 12.3744928121567 12.4316323041916 12.4887717962265 12.5459112882614 12.4209257125855 12.2352317810059 12.0495378494263 11.8638439178467 11.6781499862671 11.4924560546875 11.3067621231079 11.1263981103897 10.9620238542557 10.7976495981216 10.6332753419876 10.4689010858536
8.71162678400698 8.09186201095595 7.47209723790503 6.85233246485411 6.77072676817575 6.86850743028851 6.96628809240126 7.06406875451404 7.1618494166268 7.25963007873956 7.35741074085233 7.52227210203798 7.8883755604425 8.25447901884708 8.6205824772516 8.98668593565612 9.3527893940607 9.71889285246522 10.0849963108697 10.3767120917638 10.6436319801542 10.9105518685446 11.1774717569351 11.4443916453255 11.7113115337159 11.9782314221064 12.1907401429282 12.2400153610441 12.28929057916 12.338565797276 12.3878410153919 12.4371162335078 12.4863914516237 12.5356666697396 12.4219134648641 12.2538174523248 12.0857214397855 11.9176254272461 11.7495294147068 11.5814334021675 11.4133373896281 11.2467913707098 11.0848953326543 10.9229992945989 10.7611032565435 10.5992072184881
8.3581417719525 7.83793601989758 7.31773026784275 6.79752451578791 6.74849854310352 6.85653249687616 6.96456645064881 7.07260040442147 7.18063435819411 7.28866831196676 7.39670226573942 7.57033879756918 7.94078306357055 8.31122732957197 8.68167159557333 9.0521158615747 9.42256012757612 9.79300439357748 10.1634486595788 10.4529730240503 10.7155240880118 10.9780751519732 11.2406262159347 11.5031772798961 11.7657283438576 12.0282794078191 12.2355454418394 12.2769563860363 12.3183673302332 12.3597782744302 12.4011892186271 12.442600162824 12.4840111070209 12.5254220512178 12.4229012171428 12.2724031236437 12.1219050301446 11.9714069366455 11.8209088431465 11.6704107496474 11.5199126561483 11.3671846310298 11.207766811053 11.0483489910762 10.8889311710994 10.7295133511226
8.00465675989805 7.58401002883923 7.16336329778048 6.74271656672173 6.72627031803129 6.84455756346382 6.96284480889635 7.0811320543289 7.19941929976142 7.31770654519395 7.4359937906265 7.61840549310039 7.99319056669859 8.36797564029686 8.74276071389507 9.11754578749327 9.49233086109154 9.86711593468974 10.2419010082879 10.5292339563369 10.7874161958694 11.0455984354018 11.3037806749343 11.5619629144668 11.8201451539992 12.0783273935317 12.2803507407506 12.3138974110285 12.3474440813064 12.3809907515844 12.4145374218623 12.4480840921402 12.4816307624181 12.515177432696 12.4238889694214 12.2909887949626 12.1580886205038 12.0251884460449 11.8922882715861 11.7593880971273 11.6264879226685 11.4875778913498 11.3306382894516 11.1736986875534 11.0167590856552 10.859819483757
7.65117174784357 7.33008403778085 7.00899632771819 6.68790861765553 6.70404209295907 6.83258263005148 6.96112316714389 7.08966370423633 7.21820424132874 7.34674477842115 7.47528531551358 7.6664721886316 8.04559806982665 8.42472395102176 8.8038498322168 9.18297571341185 9.56210159460696 9.94122747580201 10.3203533569971 10.6054948886235 10.859308303727 11.1131217188305 11.366935133934 11.6207485490374 11.8745619641409 12.1283753792444 12.3251560396618 12.3508384360207 12.3765208323797 12.4022032287386 12.4278856250975 12.4535680214564 12.4792504178153 12.5049328141742 12.4248767217001 12.3095744662815 12.1942722108629 12.0789699554443 11.9636677000258 11.8483654446072 11.7330631891886 11.6079711516698 11.4535097678503 11.2990483840307 11.1445870002111 10.9901256163915
7.45662298864797 7.18668605089193 6.91674911313593 6.64681217537994 6.6797585805257 6.81366609997217 6.94757361941864 7.08148113886513 7.2153886583116 7.34929617775808 7.48320369720457 7.67734983099823 8.05221180783368 8.42707378466918 8.80193576150463 9.17679773834007 9.55165971517557 9.92652169201102 10.3013836688465 10.5787261247635 10.8235620737075 11.0683980226516 11.3132339715957 11.5580699205398 11.8029058694839 12.047741818428 12.2370916631487 12.2599831951989 12.2828747272492 12.3057662592994 12.3286577913496 12.3515493233999 12.3744408554501 12.3973323875004 12.3340657393138 12.242079697715 12.1500936561161 12.0581076145172 11.9661215729184 11.8741355313195 11.7821494897207 11.6777851131228 11.5362857315276 11.3947863499324 11.2532869683372 11.111787586742
7.42101048231133 7.15381606817251 6.88662165403373 6.61942723989495 6.65341978073118 6.78780797322588 6.92219616572059 7.05658435821531 7.19097255071002 7.32536074320472 7.45974893569944 7.65103842020027 8.01303178071966 8.37502514123911 8.7370185017585 9.0990118622779 9.46100522279735 9.82299858331674 10.1849919438361 10.4489276647568 10.680177505811 10.9114273468653 11.1426771879196 11.3739270289739 11.6051768700281 11.8364267110825 12.0161576112112 12.0413316885631 12.066505765915 12.0916798432668 12.1168539206187 12.1420279979706 12.1672020753225 12.1923761526744 12.1514560222626 12.0885044892629 12.0255529562633 11.9626014232636 11.8996498902639 11.8366983572642 11.7737468242645 11.6970197757085 11.5789661804835 11.4609125852585 11.3428589900335 11.2248053948085
7.38539797597469 7.12094608545308 6.85649419493152 6.59204230440995 6.62708098093667 6.7619498464796 6.89681871202253 7.03168757756549 7.16655644310843 7.30142530865136 7.43629417419432 7.6247270094023 7.97385175360564 8.32297649780904 8.67210124201238 9.02122598621571 9.37035073041911 9.71947547462245 10.0686002188258 10.31912920475 10.5367929379145 10.754456671079 10.9721204042435 11.1897841374079 11.4074478705724 11.6251116037369 11.7952235592736 11.8226801819272 11.8501368045807 11.8775934272342 11.9050500498878 11.9325066725413 11.9599632951949 11.9874199178484 11.9688463052114 11.9349292808109 11.9010122564104 11.8670952320099 11.8331782076094 11.7992611832089 11.7653441588084 11.7162544382943 11.6216466294395 11.5270388205846 11.4324310117298 11.3378232028749
7.34978546963806 7.08807610273366 6.82636673582931 6.56465736892496 6.60074218114215 6.73609171973332 6.87144125832448 7.00679079691567 7.14214033550683 7.277489874098 7.41283941268919 7.59841559860434 7.93467172649163 8.27092785437897 8.60718398226625 8.94344011015354 9.27969623804088 9.61595236592816 9.95220849381545 10.1893307447433 10.393408370018 10.5974859952926 10.8015636205673 11.005641245842 11.2097188711166 11.4137964963913 11.5742895073361 11.6040286752913 11.6337678432465 11.6635070112017 11.6932461791568 11.722985347112 11.7527245150672 11.7824636830224 11.7862365881602 11.7813540723589 11.7764715565576 11.7715890407562 11.7667065249549 11.7618240091536 11.7569414933523 11.7354891008801 11.6643270783954 11.5931650559107 11.5220030334261 11.4508410109414
7.31417296330142 7.05520612001424 6.7962392767271 6.53727243343997 6.57440338134764 6.71023359298703 6.84606380462643 6.98189401626585 7.11772422790525 7.25355443954464 7.38938465118406 7.57210418780638 7.89549169937761 8.2188792109489 8.54226672252013 8.86565423409136 9.18904174566265 9.51242925723388 9.83581676880511 10.0595322847366 10.2500238021215 10.4405153195063 10.6310068368912 10.821498354276 11.0119898716608 11.2024813890457 11.3533554553986 11.3853771686554 11.4173988819123 11.4494205951691 11.4814423084259 11.5134640216828 11.5454857349396 11.5775074481964 11.603626871109 11.6277788639069 11.6519308567047 11.6760828495026 11.7002348423004 11.7243868350983 11.7485388278961 11.7547237634659 11.7070075273514 11.6592912912369 11.6115750551224 11.5638588190079
7.27856045696478 7.02233613729482 6.7661118176249 6.50988749795498 6.54806458155312 6.68437546624075 6.82068635092838 6.95699723561603 7.09330812030366 7.22961900499128 7.36592988967893 7.54579277700841 7.85631167226359 8.16683056751882 8.477349462774 8.78786835802918 9.09838725328441 9.40890614853959 9.71942504379477 9.92973382472991 10.1066392342249 10.28354464372 10.460450053215 10.63735546271 10.8142608722051 10.9911662817001 11.1324214034611 11.1667256620195 11.201029920578 11.2353341791365 11.269638437695 11.3039426962535 11.338246954812 11.3725512133704 11.4210171540578 11.4742036554549 11.5273901568519 11.5805766582489 11.6337631596459 11.6869496610429 11.74013616244 11.7739584260517 11.7496879763073 11.725417526563 11.7011470768187 11.6768766270743
