data/working_set_collections/6091692-Cassins_Sparrow-MC/1980/bio16.asc
NCOLS 265 
NROWS 230 
XLLCORNER -115.5625 
YLLCORNER 24.8333333333333 
CELLSIZE 0.0833333333333333 
NODATA_value -9999 
[rows 180 to 199 of 230, columns 138 to 183 of 265]
157.145724402534 153.687602996826 150.229481591119 146.771360185412 144.68587176005 143.057927661472 141.429983562894 139.802039464315 138.174095365736 136.546151267158 134.918207168579 133.238869327969 131.405350261265 129.57183119456 127.738312127856 125.904793061151 124.071273994446 122.237754927742 120.404235861037 121.458305040995 123.474903636508 125.491502232021 127.508100827535 129.524699423048 131.541298018561 133.557896614074 134.758928426107 133.513259887695 132.267591349284 131.021922810872 129.776254272461 128.530585734049 127.284917195638 126.039248657227 130.639936447142 137.189409679835 143.738882912528 150.288356145222 156.837829377914 163.387302610607 169.936775843301 175.799060567219 179.59977976481 183.400498962402 187.201218159993 191.001937357584
159.618990834555 155.837326812744 152.055662790935 148.273998769125 146.012958908081 144.258793767293 142.504628626506 140.750463485718 138.99629834493 137.242133204143 135.487968063355 133.657040723165 131.59582678477 129.534612846375 127.47339890798 125.412184969585 123.350971031189 121.289757092794 119.228543154399 120.480997276306 122.838007418314 125.195017560322 127.552027702331 129.909037844339 132.266047986348 134.623058128356 136.067451985677 134.773996988932 133.480541992188 132.187086995443 130.893631998698 129.600177001953 128.306722005208 127.013267008464 131.584579849242 138.110815302529 144.637050755817 151.163286209105 157.689521662393 164.21575711568 170.741992568968 176.532880147297 180.117724100748 183.702568054199 187.287412007649 190.872255961099
162.092257266575 157.987050628663 153.88184399075 149.776637352838 147.340046056112 145.459659873115 143.579273690118 141.698887507121 139.818501324124 137.938115141127 136.05772895813 134.075212118361 131.786303308276 129.49739449819 127.208485688104 124.919576878019 122.630668067933 120.341759257847 118.052850447762 119.503689511617 122.20111120012 124.898532888624 127.595954577128 130.293376265631 132.990797954135 135.688219642639 137.375975545248 136.034734090169 134.693492635091 133.352251180013 132.011009724935 130.669768269857 129.328526814779 127.987285359701 132.529223251342 139.032220925224 145.535218599106 152.038216272989 158.541213946871 165.044211620753 171.547209294636 177.266699727375 180.635668436685 184.004637145995 187.373605855305 190.742574564615
164.565523698596 160.13677444458 155.708025190566 151.279275936552 148.667133204142 146.660525978936 144.65391875373 142.647311528524 140.640704303318 138.634097078112 136.627489852906 134.493383513557 131.976779831781 129.460176150005 126.943572468228 124.426968786452 121.910365104676 119.3937614229 116.877157741124 118.526381746928 121.564214981926 124.602048216925 127.639881451924 130.677714686923 133.715547921921 136.753381156921 138.684499104818 137.295471191406 135.906443277995 134.517415364583 133.128387451172 131.73935953776 130.350331624349 128.961303710938 133.473866653441 139.953626547918 146.433386442394 152.913146336872 159.392906231349 165.872666125825 172.352426020303 178.000519307454 181.153612772623 184.306706237792 187.459799702962 190.612893168131
167.038790130616 162.286498260499 157.534206390382 152.781914520265 149.994220352173 147.861392084758 145.728563817343 143.595735549927 141.462907282512 139.330079015097 137.197250747681 134.911554908753 132.167256355286 129.422957801819 126.678659248353 123.934360694886 121.190062141419 118.445763587952 115.701465034486 117.549073982238 120.927318763732 124.305563545226 127.683808326721 131.062053108214 134.440297889708 137.818542671203 139.993022664388 138.556208292643 137.119393920898 135.682579549154 134.245765177409 132.808950805664 131.372136433919 129.935322062175 134.418510055541 140.875032170612 147.331554285683 153.788076400756 160.244598515827 166.701120630898 173.15764274597 178.734338887532 181.67155710856 184.608775329589 187.545993550618 190.483211771646
169.512056562637 164.436222076417 159.360387590197 154.284553103978 151.321307500204 149.062258190579 146.803208880955 144.54415957133 142.285110261706 140.026060952081 137.767011642456 135.329726303949 132.357732878792 129.385739453634 126.413746028477 123.44175260332 120.469759178162 117.497765753005 114.525772327848 116.571766217549 120.290422545538 124.009078873527 127.727735201517 131.446391529506 135.165047857495 138.883704185485 141.301546223958 139.81694539388 138.332344563802 136.847743733724 135.363142903646 133.878542073568 132.39394124349 130.909340413412 135.36315345764 141.796437793306 148.229722128972 154.663006464639 161.096290800305 167.529575135971 173.962859471638 179.46815846761 182.189501444498 184.910844421386 187.632187398274 190.353530375162
172.185939958361 166.910412343343 161.634884728326 156.359357113309 153.170985158284 150.678331756592 148.185678354899 145.693024953207 143.200371551514 140.707718149822 138.215064748129 135.601777776083 132.626590092978 129.651402409872 126.676214726766 123.701027043661 120.725839360555 117.75065167745 114.775463994345 116.853777694701 120.616591856214 124.379406017726 128.142220179239 131.905034340752 135.667848502264 139.430662663777 141.895935821534 140.468585968018 139.041236114502 137.613886260987 136.186536407471 134.759186553955 133.33183670044 131.904486846924 136.318733215331 142.68017832438 149.041623433429 155.403068542479 161.764513651528 168.125958760578 174.487403869628 179.910079362657 182.516446007622 185.122812652587 187.729179297553 190.335545942518
175.060440317791 169.70906906128 164.35769780477 159.00632654826 155.543253326416 152.709612782797 149.875972239177 147.042331695557 144.208691151937 141.375050608318 138.541410064698 135.727709325155 132.973827997844 130.219946670533 127.466065343222 124.71218401591 121.958302688599 119.204421361288 116.450540033977 118.395108413695 121.905826695759 125.416544977823 128.927263259887 132.437981541951 135.948699824014 139.459418106078 141.776191457113 140.511130015056 139.246068572998 137.981007130941 136.715945688884 135.450884246826 134.185822804769 132.920761362712 137.285249328612 143.526253763833 149.767258199054 156.008262634276 162.249267069497 168.490271504718 174.73127593994 180.060101572672 182.652390797932 185.244680023193 187.836969248453 190.429258473713
177.93494067722 172.507725779216 167.080510881213 161.65329598321 157.915521494548 154.740893809001 151.566266123454 148.391638437907 145.217010752361 142.042383066814 138.867755381267 135.853640874227 133.321065902711 130.788490931193 128.255915959677 125.72334098816 123.190766016642 120.658191045126 118.125616073609 119.93643913269 123.195061535305 126.453683937919 129.712306340535 132.97092874315 136.229551145765 139.48817354838 141.656447092692 140.553674062093 139.450901031494 138.348128000895 137.245354970296 136.142581939697 135.039808909098 133.9370358785 138.251765441893 144.372329203286 150.492892964679 156.613456726073 162.734020487466 168.854584248859 174.975148010253 180.210123782687 182.788335588243 185.366547393798 187.944759199354 190.522971004909
180.809441036649 175.306382497152 169.803323957656 164.30026541816 160.287789662679 156.772174835205 153.256560007732 149.740945180257 146.225330352784 142.70971552531 139.194100697836 135.9795724233 133.668303807577 131.357035191854 129.045766576132 126.734497960409 124.423229344686 122.111960728963 119.800692113241 121.477769851684 124.48429637485 127.490822898016 130.497349421183 133.503875944349 136.510402467515 139.516928990681 141.536702728272 140.596218109131 139.65573348999 138.71524887085 137.774764251709 136.834279632568 135.893795013428 134.953310394287 139.218281555175 145.218404642739 151.218527730304 157.21865081787 163.218773905435 169.218896993 175.219020080565 180.360145992702 182.924280378553 185.488414764404 188.052549150254 190.616683536105
183.683941396079 178.105039215088 172.526137034099 166.94723485311 162.660057830811 158.80345586141 154.946853892009 151.090251922608 147.233649953207 143.377047983806 139.520446014405 136.105503972372 134.015541712444 131.925579452515 129.835617192587 127.745654932658 125.65569267273 123.565730412801 121.475768152873 123.019100570678 125.773531214395 128.527961858113 131.28239250183 134.036823145548 136.791253789265 139.545684432983 141.416958363851 140.638762156169 139.860565948486 139.082369740804 138.304173533122 137.525977325439 136.747781117757 135.969584910075 140.184797668456 146.064480082193 151.944162495929 157.823844909667 163.703527323404 169.58320973714 175.462892150878 180.510168202717 183.060225168863 185.610282135009 188.160339101155 190.710396067301
186.558441755508 180.903695933025 175.248950110542 169.59420428806 165.032325998942 160.834736887615 156.637147776287 152.439558664958 148.24196955363 144.044380442303 139.846791330974 136.231435521444 134.36277961731 132.494123713176 130.625467809042 128.756811904908 126.888156000773 125.019500096639 123.150844192505 124.560431289672 127.062766053941 129.565100818209 132.067435582478 134.569770346747 137.072105111015 139.574439875284 141.29721399943 140.681306203207 140.065398406982 139.449490610759 138.833582814535 138.217675018311 137.601767222087 136.985859425863 141.151313781737 146.910555521646 152.669797261554 158.429039001464 164.188280741372 169.947522481281 175.70676422119 180.660190412733 183.196169959173 185.732149505615 188.268129052056 190.804108598496
188.471716393366 182.777303822836 177.082891252307 171.388478681778 166.629006576539 162.181181293065 157.73335600959 153.285530726116 148.837705442641 144.389880159167 139.942054875693 136.144611803691 134.29831536611 132.452018928528 130.605722490947 128.759426053366 126.913129615784 125.066833178203 123.220536740622 124.499554252624 126.820343081156 129.141131909688 131.46192073822 133.782709566752 136.103498395284 138.424287223816 140.038784493341 139.534407085843 139.030029678345 138.525652270847 138.02127486335 137.516897455852 137.012520048354 136.508142640856 140.704066085815 146.466756481594 152.229446877372 157.992137273152 163.754827668931 169.517518064709 175.280208460489 180.25453622606 182.863776101006 185.473015975952 188.082255850897 190.691495725843
189.423765309653 183.725862884522 178.027960459392 172.330058034263 167.450099563599 162.84278907776 158.23547859192 153.62816810608 149.02085762024 144.413547134401 139.80623664856 135.845032819113 133.822148958843 131.799265098572 129.776381238302 127.753497378032 125.730613517762 123.707729657492 121.684845797222 122.836469459534 125.046262296041 127.256055132548 129.465847969055 131.675640805562 133.885433642069 136.095226478577 137.641669845582 137.198064804078 136.754459762574 136.31085472107 135.867249679566 135.423644638062 134.980039596558 134.536434555054 138.843054580688 144.733082962035 150.623111343382 156.513139724731 162.403168106078 168.293196487425 174.183224868774 179.2932056427 182.06304359436 184.83288154602 187.60271949768 190.37255744934
190.37581422594 184.674421946209 178.973029666478 173.271637386747 168.27119255066 163.504396862455 158.73760117425 153.970805486044 149.204009797839 144.437214109634 139.670418421428 135.545453834534 133.345982551575 131.146511268616 128.947039985657 126.747568702699 124.548097419739 122.34862613678 120.149154853822 121.173384666443 123.272181510925 125.370978355407 127.46977519989 129.568572044372 131.667368888855 133.766165733337 135.244555197822 134.861722522312 134.478889846802 134.096057171292 133.713224495782 133.330391820272 132.947559144762 132.564726469252 136.982043075561 142.999409442477 149.016775809392 155.034142176309 161.051508543225 167.068874910141 173.086241277058 178.331875059339 181.262311087714 184.192747116088 187.123183144463 190.053619172837
191.327863142227 185.622981007895 179.918098873563 174.213216739232 169.09228553772 164.16600464715 159.23972375658 154.313442866008 149.387161975438 144.460881084867 139.534600194296 135.245874849956 132.869816144308 130.49375743866 128.117698733013 125.741640027365 123.365581321717 120.989522616069 118.613463910422 119.510299873352 121.49810072581 123.485901578267 125.473702430725 127.461503283183 129.44930413564 131.437104988098 132.847440550063 132.525380240547 132.203319931031 131.881259621515 131.559199311999 131.237139002483 130.915078692967 130.59301838345 135.121031570434 141.265735922918 147.410440275403 153.555144627888 159.699848980373 165.844553332857 171.989257685343 177.370544475979 180.461578581068 183.552612686157 186.643646791246 189.734680896334
192.279912058514 186.571540069581 180.863168080649 175.154796091717 169.913378524781 164.827612431845 159.741846338909 154.656080245973 149.570314153037 144.484548060101 139.398781967164 134.946295865377 132.393649737041 129.841003608704 127.288357480368 124.735711352031 122.183065223694 119.630419095358 117.077772967022 117.847215080261 119.724019940694 121.600824801127 123.47762966156 125.354434521993 127.231239382426 129.108044242859 130.450325902304 130.189037958781 129.927750015259 129.666462071737 129.405174128215 129.143886184693 128.882598241171 128.621310297649 133.260020065307 139.53206240336 145.804104741413 152.076147079467 158.34818941752 164.620231755573 170.892274093627 176.409213892618 179.660846074421 182.912478256225 186.164110438028 189.415742619831
193.231960974801 187.520099131267 181.808237287734 176.096375444202 170.734471511842 165.48922021654 160.243968921239 154.998717625937 149.753466330635 144.508215035334 139.262963740032 134.646716880799 131.917483329774 129.188249778748 126.459016227723 123.729782676698 121.000549125672 118.271315574647 115.542082023622 116.18413028717 117.949939155578 119.715748023987 121.481556892395 123.247365760803 125.013174629211 126.77898349762 128.053211254544 127.852695677016 127.652180099488 127.451664521959 127.251148944431 127.050633366903 126.850117789375 126.649602211847 131.39900856018 137.798388883801 144.197769207423 150.597149531046 156.996529854667 163.395910178289 169.795290501911 175.447883309258 178.860113567775 182.272343826293 185.684574084811 189.096804343329
194.292761145699 188.447922007244 182.603082868789 176.758243730335 171.255577087403 165.866967942981 160.478358798558 155.089749654135 149.701140509713 144.31253136529 138.923922220867 134.165429115296 131.297284126283 128.429139137269 125.560994148255 122.692849159242 119.824704170228 116.956559181214 114.088414192201 114.742765871684 116.571283107333 118.399800342983 120.228317578633 122.056834814283 123.885352049933 125.713869285583 127.014432589213 126.731134096781 126.44783560435 126.164537111918 125.881238619487 125.597940127055 125.314641634623 125.031343142192 129.803895378112 136.26173119015 142.719567002189 149.177402814228 155.635238626267 162.093074438305 168.550910250345 174.266130362616 177.753503375583 181.24087638855 184.728249401516 188.215622414482
195.462312571209 189.355008697511 183.247704823813 177.140400950116 171.476695251466 165.960855611167 160.445015970867 154.929176330567 149.413336690268 143.897497049969 138.381657409669 133.502432568869 130.533052126568 127.563671684266 124.594291241965 121.624910799663 118.655530357362 115.68614991506 112.716769472759 113.523121833801 115.588051795959 117.652981758117 119.717911720276 121.782841682434 123.847771644592 125.91270160675 127.333989906311 126.824353218079 126.314716529846 125.805079841614 125.295443153382 124.785806465149 124.276169776917 123.766533088684 128.474680519103 134.922089322407 141.36949812571 147.816906929015 154.264315732319 160.711724535623 167.159133338927 172.863955052693 176.341015497843 179.818075942993 183.295136388142 186.772196833292
