data/working_set_collections/6091692-Cassins_Sparrow-MC/1980/bio17.asc
NCOLS 265 
NROWS 230 
XLLCORNER -115.5625 
YLLCORNER 24.8333333333333 
CELLSIZE 0.0833333333333333 
NODATA_value -9999 
[rows 140 to 159 of 230, columns 184 to 229 of 265]
79.463840611775 82.5926583607982 85.7214761098215 88.5453996658318 91.2676918241705 93.9899839825091 96.7122761408482 99.4345682991868 102.156860457525 104.879152615864 107.360554737514 109.119286749097 110.878018760681 112.636750772264 114.395482783847 116.15421479543 117.912946807013 119.671678818596 120.201991526286 120.322831132677 120.443670739068 120.564510345459 120.68534995185 120.806189558241 120.927029164632 121.398890580071 122.923817422654 124.448744265238 125.973671107822 127.498597950405 129.023524792989 130.548451635572 132.073378478156 133.263505172729 134.342031817966 135.420558463202 136.499085108439 137.577611753676 138.656138398912 139.734665044149 140.62073779636 140.929448869493 141.238159942627 141.546871015761 141.855582088894 142.164293162028
80.8534277598056 84.1123663584382 87.3713049570708 90.1327886581415 92.7284540600239 95.3241194619064 97.9197848637893 100.515450265672 103.111115667554 105.706781069437 108.069796774122 109.734863387213 111.399930000305 113.064996613396 114.730063226487 116.395129839579 118.06019645267 119.725263065762 120.238752492269 120.368382856581 120.498013220893 120.627643585205 120.757273949517 120.886904313829 121.016534678141 121.471445571051 122.902198049757 124.332950528462 125.763703007168 127.194455485873 128.625207964579 130.055960443285 131.48671292199 132.593405532837 133.59207818773 134.590750842624 135.589423497518 136.588096152411 137.586768807305 138.585441462199 139.456858232286 139.946507347955 140.436156463623 140.925805579291 141.41545469496 141.905103810628
82.2430149078361 85.6320743560781 89.02113380432 91.720177650451 94.1892162958773 96.6582549413036 99.1272935867303 101.596332232157 104.065370877583 106.53440952301 108.77903881073 110.350440025329 111.921841239929 113.493242454528 115.064643669128 116.636044883728 118.207446098327 119.778847312927 120.275513458252 120.413934580485 120.552355702718 120.690776824951 120.829197947184 120.967619069417 121.10604019165 121.544000562032 122.880578676859 124.217156791687 125.553734906514 126.890313021342 128.226891136169 129.563469250997 130.900047365824 131.923305892944 132.842124557495 133.760943222046 134.679761886597 135.598580551147 136.517399215698 137.436217880249 138.292978668213 138.963565826416 139.634152984619 140.304740142822 140.975327301025 141.645914459228
83.6326020558667 87.1517823537181 90.6709626515694 93.3075666427606 95.6499785317308 97.9923904207009 100.334802309671 102.677214198642 105.019626087612 107.362037976582 109.488280847337 110.966016663445 112.443752479553 113.921488295661 115.399224111768 116.876959927877 118.354695743984 119.832431560092 120.312274424235 120.459486304389 120.606698184543 120.753910064697 120.901121944851 121.048333825005 121.195545705159 121.616555553012 122.858959303962 124.101363054911 125.34376680586 126.58617055681 127.828574307759 129.070978058709 130.313381809658 131.253206253052 132.09217092726 132.931135601467 133.770100275675 134.609064949883 135.448029624091 136.286994298299 137.12909910414 137.980624304877 138.832149505615 139.683674706353 140.535199907091 141.386725107829
84.7428415934238 88.3213619656024 91.899882337781 94.4659647623693 96.6945678710932 98.923170979817 101.151774088541 103.380377197265 105.608980305989 107.837583414713 109.860890049404 111.268307261996 112.675724474589 114.083141687181 115.490558899773 116.897976112366 118.305393324958 119.71281053755 120.169062487284 120.308259349399 120.447456211514 120.586653073629 120.725849935744 120.865046797858 121.004243659973 121.419077004326 122.660819795396 123.902562586466 125.144305377536 126.386048168606 127.627790959676 128.869533750746 130.111276541815 131.062841924031 131.917681503296 132.77252108256 133.627360661824 134.482200241089 135.337039820353 136.191879399617 137.109633636474 138.21613184611 139.322630055745 140.42912826538 141.535626475016 142.642124684651
85.5737335205071 89.1408131917308 92.7078928629546 95.1953720092769 97.3229843139642 99.4505966186516 101.578208923339 103.705821228027 105.833433532714 107.961045837402 109.896866416931 111.257311820984 112.617757225036 113.978202629089 115.338648033142 116.699093437195 118.059538841247 119.4199842453 119.8458776474 119.960253715515 120.07462978363 120.189005851746 120.303381919861 120.417757987976 120.532134056091 120.951564915975 122.286160151163 123.620755386352 124.955350621541 126.28994585673 127.624541091919 128.959136327107 130.293731562296 131.352212905884 132.318656285604 133.285099665324 134.251543045044 135.217986424764 136.184429804484 137.150873184204 138.234582265218 139.670088450113 141.105594635009 142.541100819905 143.976607004801 145.412113189697
86.4046254475904 89.9602644178593 93.5159033881282 95.9247792561845 97.9514007568354 99.9780222574863 102.004643758138 104.031265258789 106.05788675944 108.084508260091 109.932842784457 111.246316379971 112.559789975484 113.873263570997 115.18673716651 116.500210762024 117.813684357537 119.12715795305 119.522692807516 119.612248081631 119.701803355747 119.791358629863 119.880913903978 119.970469178094 120.06002445221 120.484052827623 121.911500506931 123.338948186238 124.766395865546 126.193843544854 127.621291224162 129.048738903469 130.476186582777 131.641583887736 132.719631067911 133.797678248087 134.875725428263 135.953772608439 137.031819788614 138.10986696879 139.359530893961 141.124045054117 142.888559214274 144.65307337443 146.417587534586 148.182101694742
87.2355173746738 90.7797156439878 94.3239139133019 96.654186503092 98.5798171997065 100.505447896321 102.431078592936 104.35670928955 106.282339986165 108.20797068278 109.968819151984 111.235320938958 112.501822725932 113.768324512905 115.034826299879 116.301328086853 117.567829873827 118.8343316608 119.199507967631 119.264242447747 119.328976927863 119.393711407979 119.458445888095 119.523180368212 119.587914848328 120.016540739271 121.536840862698 123.057140986124 124.577441109551 126.097741232978 127.618041356404 129.138341479831 130.658641603257 131.930954869588 133.120605850219 134.310256830851 135.499907811482 136.689558792114 137.879209772745 139.068860753377 140.484479522704 142.578001658121 144.671523793538 146.765045928954 148.858568064371 150.952090199788
88.0664093017571 91.5991668701162 95.1319244384754 97.3835937499996 99.2082336425776 101.032873535156 102.857513427734 104.682153320312 106.50679321289 108.331433105468 110.004795519511 111.224325497945 112.443855476379 113.663385454813 114.882915433248 116.102445411682 117.321975390116 118.54150536855 118.876323127747 118.916236813863 118.95615049998 118.996064186096 119.035977872213 119.075891558329 119.115805244446 119.549028650919 121.162181218465 122.775333786011 124.388486353556 126.001638921101 127.614791488647 129.227944056193 130.841096623738 132.22032585144 133.521580632527 134.822835413614 136.124090194702 137.425344975789 138.726599756876 140.027854537963 141.609428151448 144.031958262125 146.454488372802 148.877018483479 151.299548594156 153.722078704833
88.8973012288404 92.4186180962448 95.9399349636491 98.1130009969071 99.8366500854487 101.56029917399 103.283948262532 105.007597351074 106.731246439615 108.454895528157 110.040771887037 111.213330056932 112.385888226827 113.558446396721 114.731004566616 115.903562736511 117.076120906406 118.2486790763 118.553138287862 118.568231179979 118.583324072096 118.598416964213 118.61350985633 118.628602748447 118.643695640564 119.081516562567 120.787521574232 122.493526585897 124.199531597561 125.905536609225 127.61154162089 129.317546632554 131.023551644219 132.509696833292 133.922555414835 135.335413996378 136.748272577921 138.161131159464 139.573989741007 140.98684832255 142.734376780191 145.485914866129 148.237452952066 150.988991038004 153.740529123941 156.492067209879
89.2513844807937 92.7054807874884 96.1595770941831 98.2822760264077 99.9611758338077 101.640075641208 103.318975448608 104.997875256008 106.676775063408 108.355674870809 109.902111752828 111.051159858703 112.200207964579 113.349256070455 114.49830417633 115.647352282206 116.796400388082 117.945448493957 118.220249621073 118.203635088603 118.187020556132 118.170406023661 118.153791491191 118.13717695872 118.120562426249 118.554072634379 120.33795706431 122.121841494242 123.905725924174 125.689610354105 127.473494784037 129.257379213969 131.0412636439 132.713615544637 134.348789935641 135.983964326646 137.619138717651 139.254313108655 140.88948749966 142.524661890665 144.520426177977 147.597960154214 150.675494130451 153.753028106688 156.830562082925 159.908096059162
89.1286590576166 92.459754943847 95.7908508300772 97.8914188385008 99.5818108876543 101.272202936808 102.962594985962 104.652987035115 106.343379084269 108.033771133423 109.588815116882 110.737814903259 111.886814689636 113.035814476013 114.18481426239 115.333814048767 116.482813835144 117.631813621521 117.87765712738 117.822448539734 117.767239952087 117.712031364441 117.656822776795 117.601614189148 117.546405601502 117.966696866353 119.8134876887 121.660278511047 123.507069333394 125.353860155741 127.200650978088 129.047441800435 130.894232622782 132.832081985473 134.800284194946 136.768486404418 138.736688613891 140.704890823364 142.673093032836 144.641295242309 146.967576344807 150.368094126382 153.768611907958 157.169129689533 160.569647471108 163.970165252684
89.0059336344396 92.2140291002055 95.4221245659714 97.5005616505938 99.2024459415009 100.904330232408 102.606214523315 104.308098814222 106.009983105129 107.711867396037 109.275518480936 110.424469947815 111.573421414693 112.722372881571 113.871324348449 115.020275815328 116.169227282206 117.318178749084 117.535064633687 117.441261990865 117.347459348043 117.253656705221 117.159854062398 117.066051419576 116.972248776754 117.379321098327 119.28901831309 121.198715527852 123.108412742614 125.018109957377 126.927807172139 128.837504386901 130.747201601664 132.95054842631 135.25177845425 137.553008482191 139.854238510131 142.155468538072 144.456698566012 146.757928593953 149.414726511636 153.13822809855 156.861729685464 160.585231272378 164.308732859292 168.032234446206
88.8832082112625 91.968303256564 95.0533983018655 97.109704462687 98.8230809953474 100.536457528008 102.249834060669 103.963210593329 105.67658712599 107.38996365865 108.962221844991 110.11112499237 111.26002813975 112.40893128713 113.557834434509 114.706737581889 115.855640729268 117.004543876648 117.192472139994 117.060075441996 116.927678743998 116.795282046 116.662885348002 116.530488650004 116.398091952006 116.791945330302 118.764548937479 120.737152544657 122.709756151835 124.682359759012 126.65496336619 128.627566973368 130.600170580546 133.069014867146 135.703272713555 138.337530559963 140.971788406371 143.60604625278 146.240304099188 148.874561945596 151.861876678465 155.908362070718 159.954847462971 164.001332855223 168.047818247475 172.094303639728
88.7604827880855 91.7225774129225 94.6846720377596 96.71884727478 98.443716049194 100.168584823608 101.893453598022 103.618322372436 105.34319114685 107.068059921264 108.648925209045 109.797780036926 110.946634864807 112.095489692688 113.244344520569 114.39319934845 115.54205417633 116.690909004211 116.849879646301 116.678888893128 116.507898139954 116.33690738678 116.165916633606 115.994925880432 115.823935127258 116.204569562276 118.240079561869 120.275589561462 122.311099561055 124.346609560648 126.382119560241 128.417629559834 130.453139559427 133.187481307983 136.154766972859 139.122052637735 142.089338302612 145.056623967488 148.023909632364 150.99119529724 154.309026845295 158.678496042886 163.047965240477 167.417434438068 171.786903635659 176.15637283325
88.6377573649084 91.4768515692811 94.3159457736538 96.3279900868731 98.0643511030406 99.800712119208 101.537073135376 103.273434151543 105.009795167711 106.746156183878 108.3356285731 109.484435081482 110.633241589864 111.782048098246 112.930854606628 114.07966111501 115.228467623393 116.377274131775 116.507287152608 116.297702344259 116.088117535909 115.87853272756 115.66894791921 115.45936311086 115.249778302511 115.61719379425 117.715610186258 119.814026578267 121.912442970275 124.010859362284 126.109275754292 128.207692146301 130.306108538309 133.305947748819 136.606261232163 139.906574715507 143.206888198852 146.507201682196 149.80751516554 153.107828648884 156.756177012124 161.448630015054 166.141083017984 170.833536020913 175.525989023843 180.218442026773
88.4950636545813 91.2451894548198 93.9953152550584 96.0068818410235 97.77226202223 99.5376422034365 101.303022384643 103.06840256585 104.833782747056 106.599162928263 108.209859890408 109.356507195366 110.503154500325 111.649801805284 112.796449110243 113.943096415202 115.08974372016 116.236391025119 116.348935000102 116.116777865092 115.884620730082 115.652463595072 115.420306460063 115.188149325053 114.955992190043 115.313383526272 117.439420276217 119.565457026163 121.691493776109 123.817530526055 125.943567276001 128.069604025946 130.195640775892 133.387513860066 136.934665722316 140.481817584567 144.028969446817 147.576121309068 151.123273171318 154.670425033569 158.543299992878 163.393344243366 168.243388493855 173.093432744343 177.943476994831 182.79352124532
88.3324016571041 91.0275910695388 93.7227804819736 95.7555225372312 97.5674488067623 99.3793750762935 101.191301345825 103.003227615356 104.815153884887 106.627080154419 108.27161916097 109.41399637858 110.556373596191 111.698750813802 112.841128031412 113.983505249023 115.125882466634 116.268259684244 116.374823188782 116.136115455628 115.897407722473 115.658699989319 115.419992256165 115.18128452301 114.942576789856 115.293138758341 117.411509831746 119.529880905151 121.648251978556 123.766623051961 125.884994125366 128.003365198771 130.121736272176 133.432179641723 137.139980443318 140.847781244913 144.555582046508 148.263382848103 151.971183649698 155.678984451293 159.670395787556 164.512638727822 169.35488166809 174.197124608356 179.039367548623 183.881610488891
88.1697396596269 90.8099926842578 93.4502457088887 95.5041632334389 97.3626355912946 99.2211079491504 101.079580307007 102.938052664862 104.796525022718 106.654997380574 108.333378431532 109.471485561794 110.609592692057 111.74769982232 112.885806952582 114.023914082845 115.162021213107 116.30012834337 116.400711377462 116.155453046163 115.910194714864 115.664936383565 115.419678052267 115.174419720968 114.929161389669 115.27289399041 117.383599387274 119.494304784139 121.605010181003 123.715715577867 125.826420974731 127.937126371595 130.047831768459 133.47684542338 137.345295164319 141.213744905259 145.082194646199 148.950644387138 152.819094128078 156.687543869018 160.797491582233 165.631933212279 170.466374842325 175.30081647237 180.135258102415 184.969699732462
88.0070776621497 90.5923942989768 93.1777109358039 95.2528039296465 97.157822375827 99.0628408220074 100.967859268188 102.872877714369 104.777896160549 106.68291460673 108.395137702094 109.528974745008 110.662811787923 111.796648830837 112.930485873752 114.064322916666 115.198159959581 116.331997002495 116.426599566142 116.174790636698 115.922981707255 115.671172777812 115.419363848368 115.167554918925 114.915745989482 115.252649222479 117.355688942803 119.458728663126 121.56176838345 123.664808103773 125.767847824096 127.87088754442 129.973927264743 133.521511205037 137.550609885321 141.579708565605 145.60880724589 149.637905926174 153.667004606458 157.696103286742 161.924587376911 166.751227696735 171.57786801656 176.404508336384 181.231148656208 186.057788976032
