data/working_set_collections/6091692-Cassins_Sparrow-MC/1980/bio15.asc
NCOLS 265 
NROWS 230 
XLLCORNER -115.5625 
YLLCORNER 24.8333333333333 
CELLSIZE 0.0833333333333333 
NODATA_value -9999 
[rows 80 to 99 of 230, columns 138 to 183 of 265]
54.8715055041841 55.3132425308226 55.754979557461 56.1967165840994 56.4410248120624 56.6195234404668 56.7980220688712 56.9765206972757 57.1550193256801 57.3335179540845 57.5120165824889 57.6808175934684 57.8205257521734 57.9602339108784 58.0999420695834 58.2396502282884 58.3793583869934 58.5190665456984 58.6587747044033 58.3978781382244 58.0034466637507 57.609015189277 57.2145837148032 56.8201522403294 56.4257207658557 56.0312892913819 55.7418274349637 55.7672744327122 55.7927214304606 55.8181684282091 55.8436154259576 55.8690624237061 55.8945094214546 55.919956419203 55.8276191075644 55.6960203594632 55.5644216113621 55.432822863261 55.3012241151598 55.1696253670587 55.0380266189576 54.9229191038344 54.8572852876452 54.7916514714559 54.7260176552667 54.6603838390775
55.325424173143 55.8577085494994 56.3899929258557 56.922277302212 57.1797313372293 57.3455752584668 57.5114191797043 57.6772631009419 57.8431070221794 58.0089509434169 58.1747948646544 58.3037223286098 58.3219004207187 58.3400785128275 58.3582566049364 58.3764346970452 58.394612789154 58.4127908812629 58.4309689733717 58.1413842519125 57.7492119259306 57.3570395999486 56.9648672739666 56.5726949479846 56.1805226220026 55.7883502960206 55.4987337324355 55.5167844560411 55.5348351796468 55.5528859032525 55.5709366268582 55.5889873504639 55.6070380740696 55.6250887976753 55.5425209681194 55.4264136208429 55.3103062735664 55.1941989262899 55.0780915790135 54.961984231737 54.8458768844605 54.7418422487047 54.6740257475112 54.6062092463176 54.538392745124 54.4705762439304
55.7793428421018 56.4021745681761 57.0250062942502 57.6478380203244 57.9184378623961 58.0716270764667 58.2248162905374 58.378005504608 58.5311947186786 58.6843839327493 58.8375731468199 58.9266270637511 58.8232750892639 58.7199231147766 58.6165711402893 58.513219165802 58.4098671913147 58.3065152168274 58.2031632423402 57.8848903656007 57.4949771881105 57.1050640106203 56.71515083313 56.3252376556398 55.9353244781496 55.5454113006593 55.2556400299073 55.2662944793702 55.2769489288331 55.2876033782959 55.2982578277588 55.3089122772217 55.3195667266846 55.3302211761475 55.2574228286744 55.1568068822226 55.0561909357707 54.9555749893189 54.8549590428671 54.7543430964153 54.6537271499634 54.5607653935751 54.4907662073772 54.4207670211792 54.3507678349813 54.2807686487834
56.2332615110607 56.9466405868528 57.6600196626449 58.3733987384369 58.657144387563 58.7976788944667 58.9382134013704 59.0787479082742 59.219282415178 59.3598169220817 59.5003514289855 59.5495317988925 59.3246497578091 59.0997677167257 58.8748856756422 58.6500036345588 58.4251215934754 58.200239552392 57.9753575113086 57.6283964792888 57.2407424502904 56.8530884212919 56.4654343922934 56.0777803632949 55.6901263342965 55.3024723052979 55.012546327379 55.0158045026991 55.0190626780192 55.0223208533393 55.0255790286594 55.0288372039795 55.0320953792996 55.0353535546197 54.9723246892294 54.8872001436022 54.802075597975 54.7169510523479 54.6318265067207 54.5467019610935 54.4615774154664 54.3796885384454 54.3075066672432 54.2353247960409 54.1631429248386 54.0909610536364
57.0643729845679 57.8544625282285 58.6445520718889 59.4346416155493 59.7028295516966 59.7970502853392 59.8912710189818 59.9854917526244 60.079712486267 60.1739332199095 60.2681539535521 60.2471794340346 59.8806191550361 59.5140588760376 59.1474985970392 58.7809383180407 58.4143780390422 58.0478177600438 57.6812574810453 57.2866720199586 56.8827448315092 56.4788176430598 56.0748904546103 55.6709632661609 55.2670360777115 54.863108889262 54.5620766427783 54.5697292221918 54.5773818016053 54.5850343810188 54.5926869604323 54.6003395398458 54.6079921192594 54.6156446986729 54.5739092191061 54.5157110532125 54.457512887319 54.3993147214254 54.3411165555319 54.2829183896383 54.2247202237448 54.1696522924636 54.1239750650194 54.0782978375753 54.0326206101312 53.9869433826871
58.2726772626237 59.1256403923031 59.9786035219824 60.8315666516617 61.0554933547971 61.0697412490843 61.0839891433714 61.0982370376585 61.1124849319456 61.1267328262327 61.1409807205199 61.0195699691772 60.4911832809449 59.9627965927124 59.43440990448 58.9060232162477 58.3776365280152 57.8492498397829 57.3208631515505 56.85971698761 56.420984331767 55.9822516759239 55.5435190200807 55.1047863642377 54.6660537083946 54.2273210525515 53.9042309761048 53.928068637848 53.9519062995912 53.9757439613343 53.9995816230775 54.0234192848206 54.0472569465638 54.071094608307 54.0621764183045 54.0423396110535 54.0225028038026 54.0026659965516 53.9828291893006 53.9629923820496 53.9431555747986 53.9306566556295 53.940171400706 53.9496861457825 53.959200890859 53.9687156359355
59.4809815406795 60.3968182563778 61.312654972076 62.2284916877742 62.4081571578978 62.3424322128294 62.2767072677611 62.2109823226927 62.1452573776244 62.079532432556 62.0138074874877 61.79196050432 61.1017474068537 60.4115343093873 59.721321211921 59.0311081144547 58.3408950169882 57.6506819195219 56.9604688220556 56.4327619552614 55.9592238320246 55.4856857087879 55.0121475855511 54.5386094623144 54.0650713390776 53.5915332158408 53.2463853094314 53.2864080535042 53.326430797577 53.3664535416498 53.4064762857226 53.4464990297954 53.4865217738682 53.526544517941 53.5504436175029 53.5689681688945 53.5874927202861 53.6060172716777 53.6245418230693 53.6430663744609 53.6615909258525 53.6916610187955 53.7563677363926 53.8210744539897 53.8857811715868 53.9504878891839
60.6892858187353 61.6679961204526 62.6467064221696 63.6254167238867 63.7608209609984 63.6151231765746 63.4694253921508 63.323727607727 63.1780298233031 63.0323320388793 62.8866342544555 62.5643510394627 61.7123115327625 60.8602720260621 60.0082325193619 59.1561930126616 58.3041535059613 57.452113999261 56.6000744925608 56.0058069229127 55.4974633322823 54.9891197416519 54.4807761510215 53.9724325603911 53.4640889697607 52.9557453791302 52.5885396427579 52.6447474691603 52.7009552955628 52.7571631219652 52.8133709483677 52.8695787747702 52.9257866011726 52.981994427575 53.0387108167013 53.0955967267355 53.1524826367696 53.2093685468038 53.266254456838 53.3231403668722 53.3800262769063 53.4526653819614 53.5725640720791 53.6924627621968 53.8123614523146 53.9322601424323
61.8975900967911 62.9391739845272 63.9807578722631 65.022341759999 65.1134847640989 64.8878141403196 64.6621435165404 64.4364728927611 64.2108022689818 63.9851316452025 63.7594610214232 63.3367415746054 62.3228756586712 61.3090097427369 60.2951438268028 59.2812779108686 58.2674119949343 57.2535460790001 56.2396801630659 55.5788518905641 55.0357028325401 54.492553774516 53.9494047164919 53.4062556584678 52.8631066004438 52.3199575424196 51.9306939760845 52.0030868848166 52.0754797935487 52.1478727022808 52.2202656110129 52.292658519745 52.365051428477 52.4374443372091 52.5269780158997 52.6222252845765 52.7174725532532 52.81271982193 52.9079670906067 53.0032143592835 53.0984616279602 53.2136697451274 53.3887604077657 53.563851070404 53.7389417330424 53.9140323956807
63.1058943748469 64.2103518486019 65.3148093223567 66.4192667961115 66.4661485671996 66.1605051040648 65.8548616409301 65.5492181777953 65.2435747146606 64.9379312515258 64.632287788391 64.1091321097482 62.93343978458 61.7577474594118 60.5820551342437 59.4063628090756 58.2306704839073 57.0549781587392 55.8792858335711 55.1518968582155 54.5739423327978 53.9959878073801 53.4180332819623 52.8400787565445 52.2621242311268 51.684169705709 51.272848309411 51.3614263004728 51.4500042915345 51.5385822825962 51.627160273658 51.7157382647197 51.8043162557815 51.8928942468432 52.0152452150981 52.1488538424174 52.2824624697368 52.4160710970561 52.5496797243754 52.6832883516947 52.8168969790141 52.9746741082933 53.2049567434522 53.4352393786112 53.6655220137702 53.8958046489291
63.811996025509 64.9653424898781 66.1186889542471 67.272035418616 67.3153569539388 66.988670179579 66.6619834052192 66.3352966308594 66.0086098564996 65.6819230821398 65.3552363077799 64.800249248081 63.5603613323638 62.3204734166465 61.0805855009293 59.8406975852121 58.6008096694948 57.3609217537776 56.1210338380604 55.3313936869304 54.6918361239964 54.0522785610624 53.4127209981283 52.7731634351943 52.1336058722603 51.4940483093262 51.0287566290961 51.0862625969781 51.14376856486 51.201274532742 51.2587805006239 51.3162864685059 51.3737924363878 51.4312984042698 51.5881996790568 51.7782327228122 51.9682657665676 52.1582988103231 52.3483318540785 52.5383648978339 52.7283979415893 52.9456989818148 53.2448040114508 53.5439090410867 53.8430140707227 54.1421191003586
64.0158950487769 65.2041459083555 66.3923967679338 67.5806476275122 67.6611099243164 67.372309366862 67.0835088094076 66.7947082519531 66.5059076944987 66.2171071370443 65.9283065795898 65.4100929896039 64.2036403020225 62.997187614441 61.7907349268597 60.5842822392784 59.3778295516968 58.1713768641155 56.9649241765342 56.117342376709 55.3893842061361 54.6614260355633 53.9334678649903 53.2055096944174 52.4775515238445 51.7495933532716 51.19841893514 51.1775957743327 51.1567726135254 51.1359494527181 51.1151262919108 51.0943031311036 51.0734799702963 51.052656809489 51.2458414077759 51.5103619257609 51.7748824437459 52.0394029617309 52.3039234797159 52.5684439977009 52.832964515686 53.126744365692 53.5083022117613 53.8898600578307 54.2714179039 54.6529757499693
64.2197940720448 65.4429493268328 66.6661045816206 67.8892598364084 68.006862894694 67.755948554145 67.5050342135959 67.2541198730469 67.0032055324978 66.7522911919488 66.5013768513997 66.0199367311267 64.8469192716813 63.6739018122356 62.5008843527902 61.3278668933447 60.154849433899 58.9818319744535 57.8088145150081 56.9032910664877 56.0869322882759 55.2705735100642 54.4542147318523 53.6378559536405 52.8214971754288 52.0051383972169 51.3680812411838 51.2689289516873 51.1697766621908 51.0706243726943 50.9714720831977 50.8723197937012 50.7731675042047 50.6740152147082 50.9034831364949 51.2424911287095 51.5814991209241 51.9205071131388 52.2595151053534 52.598523097568 52.9375310897826 53.3077897495692 53.7718004120719 54.2358110745747 54.6998217370773 55.16383239958
64.4236930953128 65.6817527453102 66.9398123953074 68.1978720453046 68.3526158650716 68.139587741428 67.9265596177843 67.7135314941406 67.5005033704969 67.2874752468533 67.0744471232096 66.6297804726497 65.49019824134 64.3506160100302 63.2110337787206 62.071451547411 60.9318693161012 59.7922870847916 58.6527048534819 57.6892397562663 56.7844803704157 55.8797209845651 54.9749615987143 54.0702022128637 53.165442827013 52.2606834411622 51.5377435472277 51.3602621290419 51.1827807108562 51.0052992926704 50.8278178744847 50.6503364562989 50.4728550381131 50.2953736199274 50.561124865214 50.9746203316582 51.3881157981024 51.8016112645467 52.2151067309909 52.628602197435 53.0420976638793 53.4888351334464 54.0352986123825 54.5817620913186 55.1282255702547 55.6746890491907
64.6275921185807 65.9205561637876 67.2135202089942 68.5064842542008 68.6983688354492 68.5232269287109 68.3480850219726 68.1729431152343 67.9978012084961 67.8226593017578 67.6475173950194 67.2396242141725 66.1334772109987 65.0273302078248 63.921183204651 62.8150362014772 61.7088891983033 60.6027421951295 59.4965951919557 58.475188446045 57.4820284525554 56.4888684590659 55.4957084655763 54.5025484720867 53.5093884785972 52.5162284851075 51.7074058532715 51.4515953063965 51.1957847595215 50.9399742126466 50.6841636657716 50.4283531188966 50.1725425720216 49.9167320251466 50.2187665939331 50.7067495346069 51.1947324752807 51.6827154159545 52.1706983566283 52.6586812973021 53.146664237976 53.6698805173236 54.2987968126931 54.9277131080626 55.556629403432 56.1855456988014
64.8314911418487 66.159359582265 67.487228022681 68.815096463097 69.0441218058268 68.9068661159939 68.769610426161 68.6323547363281 68.4950990464952 68.3578433566623 68.2205876668294 67.8494679556954 66.7767561806575 65.7040444056194 64.6313326305815 63.5586208555436 62.4859090805055 61.4131973054675 60.3404855304296 59.2611371358236 58.1795765346952 57.0980159335668 56.0164553324383 54.9348947313099 53.8533341301815 52.7717735290529 51.8770681593154 51.5429284837512 51.2087888081869 50.8746491326227 50.5405094570585 50.2063697814942 49.87223010593 49.5380904303658 49.8764083226521 50.4388787375555 51.0013491524589 51.5638195673624 52.1262899822658 52.6887603971692 53.2512308120726 53.8509259012008 54.5622950130036 55.2736641248066 55.9850332366093 56.6964023484121
64.7216060532461 66.0236517906187 67.3256975279912 68.6277432653636 68.8708696365357 68.7610228856406 68.6511761347454 68.5413293838502 68.431482632955 68.3216358820598 68.2117891311646 67.870538594988 66.835076702966 65.7996148109438 64.7641529189219 63.7286910268999 62.6932291348777 61.6577672428558 60.6223053508338 59.5326439539594 58.4249160554677 57.317188156976 56.2094602584841 55.1017323599924 53.9940044615007 52.8862765630088 51.9654304716323 51.6052298016019 51.2450291315715 50.8848284615411 50.5246277915108 50.1644271214804 49.80422645145 49.4440257814196 49.7899987538654 50.3713629404702 50.952727127075 51.5340913136799 52.1154555002847 52.6968196868895 53.2781838734944 53.908292282952 54.6846333609685 55.4609744389851 56.2373155170015 57.0136565950179
64.2979368527728 65.5134327888487 66.7289287249245 67.9444246610003 68.1786123275758 68.0856972376507 67.9927821477256 67.8998670578004 67.8069519678753 67.7140368779502 67.621121788025 67.3028361320499 66.308438777924 65.3140414237979 64.3196440696719 63.325246715546 62.3308493614199 61.336452007294 60.342054653168 59.2897089004519 58.2180470148725 57.1463851292931 56.0747232437136 55.0030613581342 53.9313994725548 52.8597375869753 51.9724927902222 51.6384992599488 51.3045057296753 50.9705121994019 50.6365186691285 50.302525138855 49.9685316085816 49.6345380783082 49.9595378875731 50.5042021433511 51.0488663991291 51.5935306549071 52.1381949106851 52.6828591664631 53.2275234222411 53.8419796625771 54.6658118565875 55.489644050598 56.3134762446084 57.1373084386187
63.8742676522994 65.0032137870787 66.1321599218579 67.261106056637 67.4863550186158 67.4103715896608 67.3343881607057 67.2584047317506 67.1824213027955 67.1064378738404 67.0304544448854 66.7351336691118 65.7818008528819 64.8284680366518 63.875135220422 62.9218024041921 61.968469587962 61.0151367717322 60.0618039555023 59.0467738469444 58.0111779742773 56.9755821016103 55.9399862289431 54.904390356276 53.868794483609 52.8331986109417 51.9795551088122 51.6717687182957 51.3639823277792 51.0561959372627 50.7484095467462 50.4406231562297 50.1328367657132 49.8250503751967 50.1290770212808 50.637041346232 51.1450056711831 51.6529699961343 52.1609343210855 52.6688986460366 53.1768629709879 53.7756670422022 54.6469903522065 55.518313662211 56.3896369722152 57.2609602822195
63.450598451826 64.4929947853087 65.5353911187912 66.5777874522737 66.7940977096559 66.7350459416708 66.6759941736858 66.6169424057008 66.5578906377157 66.4988388697307 66.4397871017457 66.1674312061736 65.2551629278398 64.3428946495058 63.430626371172 62.5183580928382 61.6060898145042 60.6938215361704 59.7815532578365 58.8038387934369 57.8043089336822 56.8047790739274 55.8052492141726 54.8057193544178 53.8061894946631 52.8066596349082 51.9866174274021 51.7050381766426 51.423458925883 51.1418796751235 50.8603004243639 50.5787211736044 50.2971419228448 50.0155626720853 50.2986161549885 50.7698805491128 51.2411449432372 51.7124093373616 52.1836737314859 52.6549381256102 53.1262025197346 53.7093544218273 54.6281688478255 55.5469832738239 56.4657976998221 57.3846121258203
