data/working_set_collections/6091692-Cassins_Sparrow-MC/1980/bio16.asc
NCOLS 265 
NROWS 230 
XLLCORNER -115.5625 
YLLCORNER 24.8333333333333 
CELLSIZE 0.0833333333333333 
NODATA_value -9999 
[rows 140 to 159 of 230, columns 0 to 45 of 265]
113.36383257972 103.81241614024 94.2609997007604 84.7095832612791 75.1581668217994 65.6067503823197 56.0553339428383 54.9449492136635 56.6482417212589 58.3515342288546 60.05482673645 61.7581192440453 63.461411751641 65.1647042592364 67.0413075129186 69.4378430048622 71.8343784968055 74.2309139887487 76.6274494806924 79.0239849726356 81.4205204645788 83.8170559565225 86.8849257151281 90.1765735626213 93.4682214101151 96.7598692576083 100.051517105102 103.343164952595 106.634812800089 110.696048778956 117.066049151949 123.436049524941 129.806049897934 136.176050270927 142.546050643919 148.916051016911 155.286051389905 162.105899175006 169.075696097477 176.04549301995 183.015289942421 189.985086864893 196.954883787365 203.924680709836 210.137019093829 214.076981862384
112.740020010208 103.243097623191 93.7461752361744 84.2492528491561 74.7523304621395 65.2554080751229 55.7584856881047 54.6654877980548 56.3737980736623 58.0821083492701 59.7904186248777 61.4987289004852 63.207039176093 64.9153494517006 66.7729541142777 69.0784419377643 71.3839297612505 73.6894175847367 75.9949054082233 78.3003932317095 80.6058810551957 82.9113688786823 86.3394822438552 90.141804122924 93.9441260019933 97.7464478810621 101.548769760131 105.3510916392 109.153413518269 113.707756254406 120.518161561753 127.328566869098 134.138972176444 140.94937748379 147.759782791136 154.570188098481 161.380593405828 168.544499079384 175.826238208344 183.107977337306 190.389716466266 197.671455595226 204.953194724187 212.234933853147 218.568918609617 222.059640248615
112.116207440695 102.673779106142 93.2313507715883 83.7889224370332 74.3464941024797 64.9040657679262 55.4616374333711 54.386026382446 56.0993544260657 57.8126824696857 59.5260105133054 61.2393385569251 62.9526666005451 64.6659946441648 66.5046007156368 68.7190408706663 70.9334810256955 73.1479211807247 75.3623613357543 77.5768014907834 79.7912416458126 82.0056818008422 85.7940387725824 90.1070346832266 94.4200305938715 98.7330265045157 103.04602241516 107.359018325805 111.672014236449 116.719463729856 123.970273971556 131.221084213255 138.471894454954 145.722704696654 152.973514938352 160.224325180051 167.475135421751 174.983098983762 182.576780319211 190.170461654661 197.76414299011 205.357824325558 212.951505661009 220.545186996457 227.000818125405 230.042298634845
111.492394871183 102.104460589093 92.7165263070023 83.3285920249103 73.9406577428199 64.5527234607295 55.1647891786374 54.1065649668373 55.8249107784692 57.5432565901013 59.2616024017331 60.979948213365 62.6982940249971 64.416639836629 66.2362473169958 68.3596398035683 70.4830322901405 72.6064247767127 74.7298172632852 76.8532097498573 78.9766022364295 81.099994723002 85.2485953013095 90.0722652435292 94.8959351857497 99.7196051279694 104.543275070189 109.36694501241 114.190614954629 119.731171205307 127.42238638136 135.113601557412 142.804816733464 150.496031909517 158.187247085569 165.878462261621 173.569677437675 181.421698888141 189.327322430078 197.232945972017 205.138569513954 213.044193055892 220.949816597831 228.855440139768 235.432717641193 238.024957021076
110.739879078336 101.47987397512 92.2198688719029 82.9598637686846 73.6998586654679 64.4398535622512 55.1798484590329 54.1942640304562 55.9668198267614 57.7393756230669 59.5119314193722 61.2844872156774 63.0570430119829 64.8295988082882 66.6721636242331 68.7247554990977 70.777347373962 72.8299392488262 74.8825311236908 76.9351229985551 78.9877148734193 81.0403067482839 85.4308819452912 90.6007849163466 95.770687887403 100.940590858458 106.110493829514 111.28039680057 116.450299771626 122.340313169689 130.390657848781 138.441002527871 146.491347206961 154.541691886053 162.592036565143 170.642381244233 178.692725923325 186.706156412759 194.707282172307 202.708407931856 210.709533691404 218.710659450953 226.711785210502 234.71291097005 241.28393842909 243.564670986599
109.858660062155 100.800019264223 91.7413784662904 82.6827376683564 73.6240968704239 64.5654560724915 55.5068152745575 54.6491235733028 56.5250815709427 58.4010395685828 60.2769975662227 62.1529555638625 64.0289135615027 65.9048715591426 67.8123496373488 69.8143879572546 71.8164262771601 73.8184645970656 75.8205029169715 77.822541236877 79.8245795567825 81.8266178766883 86.3408987045277 91.6925937016791 97.0442886988314 102.395983695983 107.747678693134 113.099373690286 118.451068687438 124.546889623004 132.875088373819 141.203287124632 149.531485875445 157.85968462626 166.187883377073 174.516082127886 182.844280878701 190.836471557615 198.716659545896 206.596847534178 214.477035522459 222.35722351074 230.237411499022 238.117599487303 244.554480489094 246.661440531412
108.977441045974 100.120164553326 91.2628880606778 82.4056115680281 73.5483350753799 64.6910585827318 55.8337820900821 55.1039831161495 57.083343315124 59.0627035140988 61.0420637130733 63.0214239120478 65.0007841110226 66.9801443099971 68.9525356504646 70.9040204154117 72.8555051803584 74.8069899453051 76.7584747102522 78.7099594751989 80.6614442401457 82.6129290050927 87.2509154637644 92.7844024870117 98.3178895102599 103.851376533507 109.384863556754 114.918350580003 120.45183760325 126.753466076319 135.359518898857 143.965571721393 152.571624543929 161.177677366467 169.783730189004 178.38978301154 186.995835834078 194.966786702472 202.726036919486 210.4852871365 218.244537353514 226.003787570527 233.763037787542 241.522288004555 247.825022549099 249.758210076225
108.096222029793 99.4403098424291 90.7843976550652 82.1284854676999 73.472573280336 64.816661092972 56.1607489056067 55.5588426589962 57.6416050593053 59.7243674596148 61.8071298599239 63.889892260233 65.9726546605425 68.0554170608516 70.0927216635804 71.9936528735687 73.8945840835567 75.7955152935447 77.6964465035329 79.5973777135209 81.4983089235089 83.3992401334971 88.160932223001 93.8762112723442 99.5914903216884 105.306769371032 111.022048420375 116.737327469719 122.452606519062 128.960042529634 137.843949423895 146.727856318154 155.611763212414 164.495670106675 173.379577000934 182.263483895193 191.147390789454 199.097101847329 206.735414293075 214.373726738822 222.012039184569 229.650351630315 237.288664076062 244.926976521808 251.095564609103 252.854979621039
107.215003013612 98.7604551315323 90.3059072494527 81.8513593673716 73.396811485292 64.9422636032124 56.4877157211313 56.0137022018428 58.1998668034866 -9999 -9999 -9999 -9999 69.130689811706 71.2329076766962 73.0832853317257 74.9336629867549 76.7840406417841 78.6344182968136 80.4847959518428 82.335173606872 84.1855512619015 89.0709489822376 94.9680200576767 100.865091133117 106.762162208556 112.659233283995 118.556304359435 124.453375434874 131.166618982948 140.328379948932 149.490140914915 158.651901880897 167.813662846882 176.975423812864 186.137184778847 195.298945744831 203.227416992185 210.744791666664 218.262166341144 225.779541015623 233.296915690102 240.814290364582 248.331665039061 254.366106669107 255.951749165852
106.333783997431 98.0806004206355 89.8274168438401 81.5742332670434 73.321049690248 65.0678661134527 56.8146825366559 56.4685617446895 58.7581285476679 -9999 -9999 -9999 -9999 -9999 72.373093689812 74.1729177898827 75.9727418899532 77.7725659900236 79.5723900900943 81.3722141901648 83.1720382902352 84.971862390306 89.9809657414743 96.0598288430093 102.138691944545 108.21755504608 114.296418147615 120.375281249151 126.454144350686 133.373195436263 142.81281047397 152.252425511676 161.692040549382 171.131655587089 180.571270624794 190.0108856625 199.450500700207 207.357732137042 214.754169040254 222.150605943467 229.547042846678 236.943479749889 244.339916653102 251.736353556313 257.636648729112 259.048518710666
106.137390772502 98.0611537933362 89.98491681417 81.9086798350024 73.8324428558361 65.7562058766699 57.6799688975023 57.1945462862645 59.2393951310046 -9999 -9999 -9999 -9999 -9999 -9999 -9999 75.0292386690778 76.821222082774 -9999 -9999 -9999 83.9891557375593 89.1699680328363 95.4803899553077 101.79081187778 108.101233800252 114.411655722723 120.722077645195 127.032499567667 134.203792360092 143.957697762382 153.711603164671 163.46550856696 173.219413969251 182.973319371539 192.727224773828 202.481130176119 210.338147226968 217.56286816067 224.787589094373 232.012310028075 239.237030961777 246.46175189548 253.686472829182 259.447249603271 260.816193898519
106.625823338827 98.702115249635 90.7784071604428 82.8546990712491 74.9309909820568 67.0072828928645 59.0835748036709 58.1916558265682 59.6436665534969 -9999 -9999 -9999 -9999 -9999 -9999 -9999 -9999 -9999 -9999 -9999 -9999 -9999 86.6379558563225 93.2297033945708 99.8214509328202 106.413198471069 113.004946009317 119.596693547566 126.188441085814 133.658409754433 143.763041814167 153.8676738739 163.972305933632 174.076937993366 184.181570053099 194.286202112831 204.390834172565 212.168662261961 219.170889027912 226.173115793863 233.175342559813 240.177569325763 247.179796091715 254.182022857665 259.797909291585 261.254774729411
107.114255905152 99.3430767059339 91.5718975067155 83.8007183074959 76.0295391082775 68.2583599090592 60.4871807098395 59.1887653668719 60.0479379759892 -9999 -9999 -9999 -9999 -9999 -9999 -9999 -9999 -9999 -9999 -9999 -9999 -9999 -9999 90.9790168338339 97.8520899878603 104.725163141885 111.598236295911 118.471309449937 125.344382603962 133.113027148774 143.568385865952 154.023744583128 164.479103300304 174.934462017482 185.389820734658 195.845179451834 206.300538169012 213.999177296955 220.778909895153 227.558642493353 234.338375091551 241.11810768975 247.897840287949 254.677572886148 260.148568979899 261.693355560303
107.602688471477 99.9840381622326 92.3653878529882 84.7467375437425 77.1280872344982 69.5094369252538 61.8907866160081 60.1858749071754 60.4522093984814 -9999 -9999 -9999 -9999 -9999 -9999 -9999 -9999 -9999 -9999 -9999 -9999 -9999 -9999 -9999 -9999 103.037127812703 110.191526582505 117.345925352308 124.50032412211 132.567644543116 143.373729917737 154.179815292357 164.985900666976 175.791986041597 186.598071416217 197.404156790837 208.210242165458 215.829692331948 222.386930762395 228.944169192843 235.50140762329 242.058646053736 248.615884484184 255.173122914631 260.499228668212 262.131936391194
108.091121037802 100.624999618531 93.158878199261 85.6927567799893 78.2266353607189 70.7605139414484 63.2943925221767 61.1829844474791 60.8564808209737 -9999 -9999 -9999 -9999 -9999 -9999 -9999 -9999 -9999 -9999 -9999 -9999 -9999 -9999 -9999 -9999 -9999 -9999 -9999 -9999 132.022261937457 143.179073969522 154.335886001585 165.492698033648 176.649510065713 187.806322097776 198.963134129839 210.119946161904 217.660207366942 223.994951629637 230.329695892333 236.664440155028 242.999184417723 249.333928680419 255.668672943114 260.849888356526 262.570517222086
108.579553604127 101.26596107483 93.9523685455338 86.6387760162361 79.3251834869396 72.0115909576431 64.6979984283454 62.1800939877828 61.260752243466 -9999 -9999 -9999 -9999 -9999 -9999 -9999 -9999 -9999 -9999 -9999 -9999 -9999 -9999 -9999 -9999 -9999 -9999 -9999 -9999 131.476879331798 142.984418021307 154.491956710813 165.99949540032 177.507034089829 189.014572779335 200.522111468842 212.029650158351 219.490722401936 225.602972496879 231.715222591823 237.827472686766 243.93972278171 250.051972876654 256.164222971597 261.20054804484 263.009098052978
109.305217530993 102.236535517376 95.1678535037583 88.0991714901398 81.0304894765226 73.9618074629053 66.8931254492868 64.1459769248959 62.8393395635814 61.5327022022667 -9999 -9999 -9999 -9999 -9999 -9999 -9999 -9999 -9999 -9999 -9999 -9999 -9999 -9999 -9999 -9999 -9999 -9999 -9999 129.107969050935 140.999452696906 152.890936342874 164.782419988842 176.673903634812 188.56538728078 200.456870926749 212.348354572719 219.851745096842 225.892437913682 231.933130730522 237.973823547362 244.014516364202 250.055209181043 256.095901997883 261.097255791558 262.980592515733
110.268112818401 103.536722946168 96.8053330739352 90.0739432017013 83.3425533294685 76.6111634572358 69.8797735850019 67.0806332588193 65.5922427813211 64.1038523038226 -9999 -9999 -9999 -9999 -9999 -9999 -9999 -9999 -9999 -9999 -9999 -9999 -9999 -9999 -9999 -9999 -9999 -9999 -9999 124.915531094867 137.224177996317 149.532824897765 161.841471799212 174.150118700662 186.45876560211 198.767412503558 211.076059405008 218.743275451659 224.863347880044 230.98342030843 237.103492736815 243.223565165201 249.343637593587 255.463710021972 260.540011596679 262.485000610351
111.231008105808 104.83691037496 98.442812644112 92.0487149132627 85.6546171824145 79.2605194515663 72.866421720717 70.0152895927428 68.3451459990607 66.6750024053784 -9999 -9999 -9999 -9999 -9999 -9999 -9999 -9999 -9999 -9999 -9999 -9999 -9999 -9999 -9999 -9999 -9999 -9999 -9999 120.723093138798 133.448903295728 146.174713452655 158.900523609583 171.626333766512 184.35214392344 197.077954080367 209.803764237297 217.634805806477 223.834257846407 230.033709886338 236.233161926269 242.432613966199 248.63206600613 254.83151804606 259.982767401801 261.98940870497
112.193903393216 106.137097803752 100.080292214289 94.023486624824 87.9666810353603 81.9098754458966 75.8530698564318 72.949945926666 71.0980492168001 69.246152506934 67.3942557970681 65.5423590872023 -9999 -9999 -9999 -9999 -9999 -9999 -9999 -9999 -9999 -9999 -9999 -9999 -9999 -9999 -9999 -9999 -9999 116.53065518273 129.673628595139 142.816602007546 155.959575419953 169.102548832363 182.24552224477 195.388495657176 208.531469069586 216.526336161295 222.80516781277 229.083999464246 235.362831115722 241.641662767197 247.920494418673 254.199326070149 259.425523206922 261.493816799588
