data/working_set_collections/6091692-Cassins_Sparrow-MC/1980/bio16.asc
NCOLS 265 
NROWS 230 
XLLCORNER -115.5625 
YLLCORNER 24.8333333333333 
CELLSIZE 0.0833333333333333 
NODATA_value -9999 
[rows 140 to 159 of 230, columns 138 to 183 of 265]
178.859526443482 177.700638198853 176.541749954224 175.382861709596 174.825866699219 174.469502766928 174.113138834636 173.756774902344 173.400410970053 173.044047037761 172.687683105469 172.682249238756 173.72960556878 174.776961898804 175.824318228828 176.871674558851 177.919030888875 178.966387218899 180.013743548923 181.049671173096 182.081789228651 183.113907284207 184.146025339762 185.178143395318 186.210261450873 187.242379506429 188.026802020603 188.068137910631 188.109473800659 188.150809690688 188.192145580716 188.233481470744 188.274817360772 188.3161532508 189.687403106689 191.501957617865 193.316512129042 195.131066640218 196.945621151394 198.76017566257 200.574730173747 202.388847944471 204.201655493842 206.014463043213 207.827270592583 209.640078141954
174.630386988323 173.701154708863 172.771922429403 171.842690149944 171.470263671875 171.283439127605 171.096614583334 170.909790039063 170.722965494792 170.536140950521 170.34931640625 170.516345426771 171.744935141669 172.973524856567 174.202114571465 175.430704286363 176.659294001261 177.887883716159 179.116473431057 180.091954803467 180.98306672838 181.874178653293 182.765290578206 183.65640250312 184.547514428033 185.438626352946 186.131201214261 186.228164884779 186.325128555298 186.422092225817 186.519055896335 186.616019566854 186.712983237373 186.809946907891 188.237255096435 190.108011457655 191.978767818874 193.849524180094 195.720280541314 197.591036902533 199.461793263753 201.324110836453 203.161112043592 204.998113250732 206.835114457872 208.672115665012
170.401247533163 169.701671218873 169.002094904582 168.302518590292 168.114660644532 168.097375488282 168.080090332032 168.062805175782 168.045520019532 168.028234863282 168.010949707032 168.350441614787 169.760264714559 171.170087814331 172.579910914103 173.989734013875 175.399557113647 176.809380213419 178.219203313192 179.134238433838 179.884344228109 180.63445002238 181.38455581665 182.134661610921 182.884767405192 183.634873199463 184.235600407919 184.388191858928 184.540783309937 184.693374760946 184.845966211955 184.998557662964 185.151149113973 185.303740564982 186.787107086182 188.714065297444 190.641023508707 192.567981719971 194.494939931233 196.421898142496 198.34885635376 200.259373728434 202.120568593343 203.981763458252 205.842958323161 207.704153188069
166.172108078004 165.702187728883 165.232267379761 164.76234703064 164.759057617188 164.911311848959 165.06356608073 165.2158203125 165.368074544271 165.520328776042 165.672583007813 166.184537802802 167.775594287448 169.366650772095 170.957707256741 172.548763741387 174.139820226033 175.73087671068 177.321933195326 178.176522064209 178.785621727837 179.394721391466 180.003821055094 180.612920718723 181.222020382351 181.83112004598 182.339999601576 182.548218833076 182.756438064575 182.964657296075 183.172876527574 183.381095759074 183.589314990574 183.797534222073 185.336959075928 187.320119137234 189.30327919854 191.286439259847 193.269599321153 195.252759382459 197.235919443766 199.194636620415 201.080025143093 202.965413665771 204.850802188449 206.736190711127
163.204674657186 162.917809931437 162.630945205689 162.34408047994 162.488220214844 162.776028103299 163.063835991754 163.351643880208 163.639451768663 163.927259657118 164.215067545573 164.840074327257 166.476677788628 168.11328125 169.749884711371 171.386488172743 173.023091634114 174.659695095486 176.296298556857 177.043289438884 177.493742794461 177.944196150038 178.394649505615 178.845102861193 179.29555621677 179.746009572347 180.150814522637 180.418674257067 180.686533991496 180.954393725925 181.222253460354 181.490113194784 181.757972929213 182.025832663642 183.6057665507 185.623058488634 187.640350426568 189.657642364502 191.674934302436 193.69222624037 195.709518178304 197.723787901136 199.728990978664 201.734194056193 203.739397133721 205.744600211249
161.498947270712 161.348537826538 161.198128382365 161.047718938192 161.3021484375 161.691524251302 162.080900065104 162.470275878906 162.859651692708 163.24902750651 163.638403320313 164.317051188151 165.863515218099 167.409979248047 168.956443277995 170.502907307942 172.049371337891 173.595835367838 175.142299397786 175.734540557862 176.008707427979 176.282874298096 176.557041168213 176.83120803833 177.105374908448 177.379541778565 177.668045171102 177.9995581309 178.331071090699 178.662584050497 178.994097010295 179.325609970093 179.657122929891 179.988635889689 181.593529510498 183.622883351644 185.652237192789 187.681591033936 189.710944875081 191.740298716227 193.769652557373 195.846827570597 198.067466100057 200.288104629516 202.508743158976 204.729381688435
159.793219884237 159.779265721639 159.765311559042 159.751357396444 160.116076660156 160.607020399306 161.097964138455 161.588907877604 162.079851616753 162.570795355903 163.061739095052 163.794028049045 165.250352647569 166.706677246094 168.163001844618 169.619326443142 171.075651041667 172.531975640191 173.988300238715 174.425791676839 174.523672061497 174.621552446154 174.719432830811 174.817313215468 174.915193600125 175.013073984782 175.185275819567 175.580442004734 175.975608189901 176.370774375068 176.765940560235 177.161106745402 177.556272930569 177.951439115736 179.581292470296 181.622708214654 183.664123959011 185.705539703369 187.746955447727 189.788371192084 191.829786936442 193.969867240058 196.405941221449 198.84201520284 201.278089184231 203.714163165622
158.087492497762 158.20999361674 158.332494735718 158.454995854696 158.930004882813 159.522516547309 160.115028211805 160.707539876302 161.300051540799 161.892563205295 162.485074869792 163.271004909939 164.63719007704 166.00337524414 167.369560411241 168.735745578342 170.101930745443 171.468115912543 172.834301079644 173.117042795817 173.038636695014 172.960230594211 172.881824493408 172.803418392605 172.725012291803 172.646606191 172.702506468031 173.161325878567 173.620145289103 174.078964699639 174.537784110175 174.996603520711 175.455422931247 175.914242341783 177.569055430094 179.622533077664 181.676010725233 183.729488372803 185.782966020372 187.836443667941 189.889921315511 192.092906909518 194.744416342841 197.395925776163 200.047435209486 202.698944642808
156.381765111288 156.640721511841 156.899677912394 157.158634312948 157.743933105469 158.438012695313 159.132092285156 159.826171875 160.520251464844 161.214331054687 161.908410644531 162.747981770833 164.02402750651 165.300073242187 166.576118977864 167.852164713541 169.128210449219 170.404256184896 171.680301920573 171.808293914795 171.553601328532 171.298908742269 171.044216156006 170.789523569743 170.53483098348 170.280138397217 170.219737116496 170.742209752401 171.264682388306 171.787155024211 172.309627660116 172.832100296021 173.354572931926 173.877045567831 175.556818389893 177.622357940674 179.687897491455 181.753437042236 183.818976593017 185.884516143799 187.95005569458 190.215946578979 193.082891464233 195.949836349487 198.816781234741 201.683726119995
154.676037724813 155.071449406942 155.466861089071 155.8622727712 156.557861328125 157.353508843316 158.149156358507 158.944803873698 159.740451388889 160.53609890408 161.331746419271 162.224958631727 163.410864935981 164.596771240234 165.782677544488 166.968583848741 168.154490152995 169.340396457248 170.526302761502 170.499545033773 170.06856596205 169.637586890327 169.206607818604 168.775628746881 168.344649675158 167.913670603435 167.736967764961 168.323093626234 168.909219487508 169.495345348782 170.081471210056 170.66759707133 171.253722932604 171.839848793878 173.544581349691 175.622182803684 177.699784257677 179.77738571167 181.854987165663 183.932588619656 186.010190073649 188.33898624844 191.421366585625 194.503746922811 197.586127259996 200.668507597181
154.910476769341 155.409162139892 155.907847510443 156.406532880994 157.133122253417 157.935679626464 158.738236999511 159.540794372558 160.343351745605 161.145909118652 161.948466491699 162.791912206013 163.758022944132 164.724133682251 165.690244420369 166.656355158488 167.622465896606 168.588576634725 169.554687372843 169.388024902344 168.843771362305 168.299517822266 167.755264282227 167.211010742188 166.666757202149 166.12250366211 165.866557227241 166.475532107883 167.084506988526 167.693481869168 168.30245674981 168.911431630453 169.520406511095 170.129381391737 171.844188181559 173.927605607774 176.01102303399 178.094440460205 180.17785788642 182.261275312635 184.344692738851 186.717483901977 189.958396275838 193.199308649699 196.440221023559 199.68113339742
157.085082244873 157.653859710693 158.222637176513 158.791414642333 159.469715881347 160.184525044759 160.89933420817 161.614143371582 162.328952534993 163.043761698404 163.758570861816 164.448842493693 165.065501530965 165.682160568237 166.298819605509 166.915478642781 167.532137680054 168.148796717326 168.765455754598 168.473733520508 167.879217529297 167.284701538086 166.690185546875 166.095669555664 165.501153564453 164.906637573243 164.608505503337 165.199525197347 165.790544891358 166.381564585368 166.972584279378 167.563603973389 168.154623667399 168.74564336141 170.455638885498 172.538626352946 174.621613820394 176.704601287842 178.78758875529 180.870576222737 182.953563690185 185.351439539591 188.693980534871 192.036521530151 195.379062525431 198.72160352071
159.259687720404 159.898557281494 160.537426842583 161.176296403672 161.806309509277 162.433370463053 163.060431416829 163.687492370605 164.314553324381 164.941614278157 165.568675231933 166.105772781372 166.372980117798 166.640187454223 166.907394790649 167.174602127075 167.441809463501 167.709016799927 167.976224136353 167.559442138672 166.914663696289 166.269885253907 165.625106811524 164.980328369141 164.335549926758 163.690771484375 163.350453779433 163.923518286811 164.49658279419 165.069647301568 165.642711808946 166.215776316325 166.788840823703 167.361905331082 169.067089589437 171.149647098117 173.232204606798 175.314762115478 177.397319624159 179.479877132839 181.56243464152 183.985395177205 187.429564793904 190.873734410603 194.317904027302 197.762073644001
161.434293195936 162.143254852294 162.852216508653 163.561178165011 164.142903137207 164.682215881347 165.221528625488 165.760841369628 166.300154113769 166.83946685791 167.37877960205 167.762703069051 167.68045870463 167.59821434021 167.515969975789 167.433725611369 167.351481246948 167.269236882528 167.186992518107 166.645150756836 165.950109863282 165.255068969727 164.560028076172 163.864987182618 163.169946289063 162.474905395508 162.092402055529 162.647511376275 163.202620697022 163.757730017768 164.312839338515 164.867948659261 165.423057980008 165.978167300754 167.678540293376 169.760667843289 171.842795393202 173.924922943115 176.007050493028 178.089178042941 180.171305592855 182.619350814819 186.165149052937 189.710947291056 193.256745529174 196.802543767292
163.608898671468 164.387952423095 165.167006174723 165.94605992635 166.479496765136 166.931061299641 167.382625834147 167.834190368652 168.285754903157 168.737319437662 169.188883972168 169.41963335673 168.987937291463 168.556241226196 168.124545160929 167.692849095662 167.261153030396 166.829456965129 166.397760899862 165.730859375 164.985556030274 164.240252685547 163.494949340821 162.749645996094 162.004342651368 161.259039306641 160.834350331624 161.371504465739 161.908658599854 162.445812733968 162.982966868083 163.520121002197 164.057275136312 164.594429270427 166.289990997314 168.37168858846 170.453386179606 172.535083770752 174.616781361898 176.698478953043 178.780176544189 181.253306452433 184.90073331197 188.548160171508 192.195587031046 195.843013890583
165.783504146999 166.632649993896 167.481795840793 168.330941687689 168.816090393066 169.179906717936 169.543723042806 169.907539367675 170.271355692545 170.635172017415 170.998988342285 171.076563644409 170.295415878296 169.514268112183 168.733120346069 167.951972579956 167.170824813843 166.38967704773 165.608529281617 164.816567993164 164.021002197266 163.225436401368 162.429870605469 161.634304809571 160.838739013672 160.043173217774 159.57629860772 160.095497555203 160.614696502686 161.133895450168 161.653094397651 162.172293345134 162.691492292616 163.210691240099 164.901441701253 166.982709333631 169.06397696601 171.145244598389 173.226512230767 175.307779863145 177.389047495524 179.887262090047 183.636317571003 187.385373051961 191.134428532918 194.883484013874
167.681148274739 168.556979370117 169.432810465494 170.308641560872 170.7321463267 171.004875649346 171.277604971991 171.550334294637 171.823063617282 172.095792939928 172.368522262573 172.314220343696 171.27882470025 170.243429056803 169.208033413357 168.172637769911 167.137242126465 166.101846483019 165.066450839573 164.234586842855 163.47056672838 162.706546613905 161.94252649943 161.178506384956 160.414486270481 159.650466156006 159.199543507894 159.68791325887 160.176283009847 160.664652760823 161.1530225118 161.641392262777 162.129762013753 162.61813176473 164.318296305338 166.422392442491 168.526488579643 170.630584716796 172.734680853949 174.838776991102 176.942873128255 179.457004631889 183.201242234971 186.945479838053 190.689717441134 194.433955044216
169.301831054687 170.160940551757 171.020050048828 171.879159545898 172.22766456604 172.405968093872 172.584271621704 172.762575149536 172.940878677368 173.1191822052 173.297485733032 173.13260345459 171.938163757324 170.743724060059 169.549284362793 168.354844665528 167.160404968262 165.965965270996 164.771525573731 163.984915924072 163.334249623617 162.683583323161 162.032917022705 161.382250722249 160.731584421794 160.080918121338 159.704085032145 160.148751576741 160.593418121338 161.038084665934 161.48275121053 161.927417755127 162.372084299723 162.81675084432 164.54055480957 166.690737915039 168.840921020507 170.991104125976 173.141287231445 175.291470336913 177.441653442382 179.962534077961 183.595507303873 187.228480529784 190.861453755696 194.494426981607
170.922513834635 171.764901733398 172.607289632161 173.449677530924 173.723182805379 173.807060538398 173.890938271416 173.974816004435 174.058693737454 174.142571470472 174.226449203491 173.950986565484 172.597502814399 171.244019063314 169.890535312229 168.537051561144 167.183567810059 165.830084058974 164.476600307889 163.73524500529 163.197932518853 162.660620032417 162.12330754598 161.585995059543 161.048682573107 160.51137008667 160.208626556396 160.609589894612 161.010553232829 161.411516571045 161.812479909261 162.213443247477 162.614406585693 163.015369923909 164.762813313802 166.959083387586 169.155353461371 171.351623535156 173.54789360894 175.744163682725 177.94043375651 180.468063524033 183.989772372775 187.511481221516 191.033190070257 194.554898918999
172.543196614583 173.368862915039 174.194529215494 175.02019551595 175.218701044718 175.208152982923 175.197604921129 175.187056859334 175.176508797539 175.165960735745 175.15541267395 174.769369676378 173.256841871474 171.744314066569 170.231786261665 168.71925845676 167.206730651856 165.694202846951 164.181675042047 163.485574086507 163.06161541409 162.637656741672 162.213698069255 161.789739396837 161.36578072442 160.941822052002 160.713168080648 161.070428212484 161.42768834432 161.784948476155 162.142208607991 162.499468739827 162.856728871663 163.213989003499 164.985071818033 167.227428860134 169.469785902235 171.712142944335 173.954499986436 176.196857028537 178.439214070638 180.973592970105 184.384037441676 187.794481913248 191.204926384819 194.61537085639
