data/working_set_collections/6091692-Cassins_Sparrow-MC/1980/bio10.asc
NCOLS 265 
NROWS 230 
XLLCORNER -115.5625 
YLLCORNER 24.8333333333333 
CELLSIZE 0.0833333333333333 
NODATA_value -9999 
[rows 80 to 99 of 230, columns 138 to 183 of 265]
23.2771423551771 23.4832310358683 23.6893197165595 23.8954083972507 24.0492676575979 24.1857171111637 24.3221665647295 24.4586160182953 24.5950654718611 24.7315149254269 24.8679643789927 25.0072735362582 25.155161804623 25.3030500729879 25.4509383413526 25.5988266097174 25.7467148780823 25.894603146447 26.0424914148118 26.1661318143209 26.2816895908779 26.397247367435 26.5128051439921 26.6283629205492 26.7439206971062 26.8594784736633 26.9634231196509 27.0325283739302 27.1016336282094 27.1707388824887 27.2398441367679 27.3089493910472 27.3780546453264 27.4471598996056 27.4688342571258 27.4746983157264 27.4805623743269 27.4864264329274 27.492290491528 27.4981545501285 27.504018608729 27.5091816001468 27.5122413900163 27.5153011798858 27.5183609697554 27.5214207596249
22.9197650697496 23.1334655125936 23.3471659554375 23.5608663982815 23.7429402510325 23.9144719070858 24.0860035631392 24.2575352191925 24.4290668752458 24.6005985312991 24.7721301873525 24.9402018970913 25.0978937678867 25.255585638682 25.4132775094774 25.5709693802727 25.7286612510681 25.8863531218634 26.0440449926588 26.1686246554057 26.2821669154697 26.3957091755337 26.5092514355977 26.6227936956617 26.7363359557257 26.8498782157898 26.953542555703 27.027573135164 27.101603714625 27.175634294086 27.249664873547 27.323695453008 27.397726032469 27.47175661193 27.5010653018951 27.5154666953617 27.5298680888282 27.5442694822947 27.5586708757612 27.5730722692278 27.5874736626943 27.6009644137488 27.6117232375675 27.6224820613861 27.6332408852047 27.6439997090234
22.5623877843221 22.7836999893189 23.0050121943156 23.2263243993123 23.4366128444672 23.643226703008 23.8498405615488 24.0564544200897 24.2630682786306 24.4696821371714 24.6762959957123 24.8731302579244 25.0406257311503 25.2081212043762 25.3756166776021 25.543112150828 25.7106076240539 25.8781030972798 26.0455985705057 26.1711174964905 26.2826442400614 26.3941709836324 26.5056977272034 26.6172244707743 26.7287512143453 26.8402779579162 26.9436619917551 27.0226178963979 27.1015738010406 27.1805297056834 27.2594856103261 27.3384415149689 27.4173974196116 27.4963533242543 27.5332963466644 27.5562350749969 27.5791738033295 27.602112531662 27.6250512599945 27.647989988327 27.6709287166595 27.6927472273508 27.7112050851186 27.7296629428863 27.7481208006541 27.7665786584218
22.2050104988946 22.4339344660441 22.6628584331936 22.8917824003431 23.1302854379018 23.3719814989302 23.6136775599585 23.8553736209869 24.0970696820153 24.3387657430436 24.580461804072 24.8060586187574 24.9833576944139 25.1606567700704 25.3379558457268 25.5152549213833 25.6925539970398 25.8698530726962 26.0471521483527 26.1736103375753 26.2831215646532 26.3926327917311 26.502144018809 26.6116552458869 26.7211664729648 26.8306777000427 26.9337814278073 27.0176626576317 27.1015438874562 27.1854251172807 27.2693063471052 27.3531875769297 27.4370688067542 27.5209500365787 27.5655273914337 27.5970034546322 27.6284795178307 27.6599555810292 27.6914316442278 27.7229077074263 27.7543837706248 27.7845300409529 27.8106869326697 27.8368438243866 27.8630007161034 27.8891576078203
22.0252013577355 22.2478870868682 22.470572816001 22.6932585451337 22.9449228604634 23.2062467045254 23.4675705485873 23.7288943926493 23.9902182367112 24.2515420807732 24.5128659248352 24.7545769850413 24.9374496936798 25.1203224023183 25.3031951109568 25.4860678195953 25.6689405282338 25.8518132368723 26.0346859455108 26.1629838148753 26.2730900711483 26.3831963274214 26.4933025836944 26.6034088399675 26.7135150962405 26.8236213525136 26.9277242024739 27.0138168334961 27.0999094645182 27.1860020955403 27.2720947265625 27.3581873575846 27.4442799886068 27.5303726196289 27.5758757750193 27.6078491051992 27.639822435379 27.6717957655589 27.7037690957387 27.7357424259186 27.7677157560984 27.7991934829288 27.8291843997108 27.8591753164927 27.8891662332747 27.9191571500566
22.0229603608449 22.2255578517914 22.4281553427378 22.6307528336842 22.8805251121521 23.1460223197937 23.4115195274352 23.6770167350769 23.9425139427185 24.20801115036 24.4735083580017 24.7186853567759 24.9029017289479 25.08711810112 25.271334473292 25.455550845464 25.6397672176361 25.8239835898081 26.0081999619801 26.1392379283905 26.2525497595469 26.3658615907033 26.4791734218597 26.5924852530161 26.7057970841725 26.819108915329 26.9254903157552 27.0110804239909 27.0966705322266 27.1822606404622 27.2678507486979 27.3534408569336 27.4390309651693 27.5246210734049 27.5643414974213 27.5887720266978 27.6132025559743 27.6376330852509 27.6620636145274 27.6864941438039 27.7109246730804 27.7367375532786 27.7666974862417 27.7966574192047 27.8266173521678 27.8565772851308
22.0207193639543 22.2032286167144 22.3857378694746 22.5682471222347 22.8161273638407 23.0857979350619 23.3554685062832 23.6251390775044 23.8948096487257 24.1644802199469 24.4341507911682 24.6827937285105 24.8683537642161 25.0539137999216 25.2394738356272 25.4250338713328 25.6105939070383 25.7961539427439 25.9817139784495 26.1154920419057 26.2320094479455 26.3485268539852 26.465044260025 26.5815616660648 26.6980790721045 26.8145964781443 26.9232564290364 27.0083440144857 27.0934315999349 27.1785191853841 27.2636067708333 27.3486943562825 27.4337819417318 27.518869527181 27.5528072198232 27.5696949481964 27.5865826765696 27.6034704049428 27.620358133316 27.6372458616893 27.6541335900625 27.6742816236284 27.7042105727726 27.7341395219167 27.7640684710609 27.793997420205
22.0184783670637 22.1808993816375 22.3433203962114 22.5057414107852 22.7517296155293 23.0255735503302 23.2994174851311 23.573261419932 23.8471053547329 24.1209492895338 24.3947932243347 24.6469021002451 24.8338057994842 25.0207094987233 25.2076131979624 25.3945168972015 25.5814205964406 25.7683242956797 25.9552279949188 26.0917461554209 26.211469136344 26.3311921172672 26.4509150981903 26.5706380791134 26.6903610600365 26.8100840409597 26.9210225423177 27.0056076049804 27.0901926676432 27.174777730306 27.2593627929687 27.3439478556315 27.4285329182943 27.513117980957 27.5412729422251 27.550617869695 27.5599627971649 27.5693077246348 27.5786526521047 27.5879975795746 27.5973425070445 27.6118256939782 27.6417236593035 27.6716216246287 27.701519589954 27.7314175552792
22.0162373701731 22.1585701465606 22.3009029229482 22.4432356993357 22.687331867218 22.9653491655985 23.243366463979 23.5213837623596 23.7994010607401 24.0774183591206 24.3554356575012 24.6110104719797 24.7992578347523 24.987505197525 25.1757525602976 25.3639999230702 25.5522472858429 25.7404946486155 25.9287420113881 26.0680002689361 26.1909288247426 26.3138573805491 26.4367859363556 26.559714492162 26.6826430479685 26.805571603775 26.9187886555989 27.0028711954752 27.0869537353515 27.1710362752278 27.2551188151041 27.3392013549805 27.4232838948568 27.507366434733 27.5297386646271 27.5315407911936 27.5333429177602 27.5351450443268 27.5369471708934 27.5387492974599 27.5405514240265 27.549369764328 27.5792367458344 27.6091037273407 27.638970708847 27.6688376903534
22.0139963732825 22.1362409114837 22.258485449685 22.3807299878862 22.6229341189066 22.9051247808668 23.1873154428269 23.4695061047871 23.7516967667473 24.0338874287075 24.3160780906677 24.5751188437144 24.7647098700205 24.9543008963267 25.1438919226328 25.333482948939 25.5230739752451 25.7126650015513 25.9022560278574 26.0442543824514 26.1703885131412 26.296522643831 26.4226567745209 26.5487909052107 26.6749250359005 26.8010591665903 26.9165547688802 27.00013478597 27.0837148030599 27.1672948201497 27.2508748372396 27.3344548543294 27.4180348714193 27.5016148885091 27.518204387029 27.5124637126923 27.5067230383555 27.5009823640188 27.495241689682 27.4895010153453 27.4837603410085 27.4869138346778 27.5167498323652 27.5465858300527 27.5764218277401 27.6062578254276
22.1275176578097 22.2462449391682 22.3649722205267 22.4836995018852 22.7179003715514 22.9905924373202 23.263284503089 23.5359765688578 23.8086686346265 24.0813607003953 24.3540527661641 24.6047261079152 24.7893432776133 24.9739604473114 25.1585776170094 25.3431947867075 25.5278119564056 25.7124291261037 25.8970462958017 26.0362097899119 26.160222058826 26.2842343277401 26.4082465966542 26.5322588655683 26.6562711344825 26.7802834033966 26.8940895504421 26.977277331882 27.0604651133219 27.1436528947618 27.2268406762017 27.3100284576416 27.3932162390815 27.4764040205214 27.4933399359385 27.4881918960147 27.483043856091 27.4778958161672 27.4727477762434 27.4675997363196 27.4624516963959 27.4656403276655 27.4938389725155 27.5220376173655 27.5502362622155 27.5784349070655
22.3568012237548 22.4885822296142 22.6203632354736 22.7521442413329 22.9722306251525 23.2217521349588 23.4712736447651 23.7207951545715 23.9703166643778 24.2198381741841 24.4693596839904 24.6998322645823 24.8731580575307 25.0464838504791 25.2198096434275 25.3931354363759 25.5664612293243 25.7397870222727 25.9131128152211 26.0438664913177 26.160429461797 26.2769924322764 26.3935554027557 26.510118373235 26.6266813437144 26.7432443141937 26.8513930002848 26.9342988332112 27.0172046661377 27.1001104990641 27.1830163319905 27.265922164917 27.3488279978434 27.4317338307698 27.4551453113556 27.4587253411611 27.4623053709666 27.4658854007721 27.4694654305776 27.4730454603831 27.4766254901886 27.4855492432912 27.5105041662852 27.5354590892792 27.5604140122731 27.5853689352671
22.5860847896999 22.7309195200602 22.8757542504204 23.0205889807806 23.2265608787536 23.4529118325974 23.6792627864413 23.9056137402852 24.131964694129 24.3583156479729 24.5846666018168 24.7949384212493 24.9569728374481 25.1190072536468 25.2810416698455 25.4430760860443 25.605110502243 25.7671449184417 25.9291793346405 26.0515231927236 26.1606368647681 26.2697505368126 26.3788642088572 26.4879778809017 26.5970915529463 26.7062052249908 26.8086964501275 26.8913203345405 26.9739442189534 27.0565681033664 27.1391919877794 27.2218158721924 27.3044397566053 27.3870636410183 27.4169506867727 27.4292587863074 27.4415668858422 27.453874985377 27.4661830849118 27.4784911844465 27.4907992839813 27.5054581589169 27.5271693600549 27.5488805611928 27.5705917623308 27.5923029634688
22.815368355645 22.9732568105061 23.1311452653672 23.2890337202283 23.4808911323547 23.6840715302361 23.8872519281175 24.0904323259989 24.2936127238803 24.4967931217617 24.6999735196431 24.8900445779164 25.0407876173655 25.1915306568145 25.3422736962636 25.4930167357126 25.6437597751617 25.7945028146108 25.9452458540598 26.0591798941294 26.1608442677392 26.2625086413489 26.3641730149587 26.4658373885684 26.5675017621782 26.6691661357879 26.7659998999701 26.8483418358697 26.9306837717692 27.0130257076687 27.0953676435682 27.1777095794678 27.2600515153673 27.3423934512668 27.3787560621897 27.3997922314538 27.4208284007178 27.4418645699819 27.4629007392459 27.48393690851 27.504973077774 27.5253670745426 27.5438345538245 27.5623020331065 27.5807695123884 27.5992369916704
23.0446519215901 23.2155941009521 23.386536280314 23.557478459676 23.7352213859557 23.9152312278747 24.0952410697936 24.2752509117126 24.4552607536315 24.6352705955505 24.8152804374694 24.9851507345835 25.1246023972829 25.2640540599823 25.4035057226816 25.542957385381 25.6824090480804 25.8218607107798 25.9613123734792 26.0668365955353 26.1610516707102 26.2552667458852 26.3494818210602 26.4436968962351 26.5379119714101 26.6321270465851 26.7233033498128 26.8053633371989 26.887423324585 26.969483311971 27.0515432993571 27.1336032867432 27.2156632741292 27.2977232615153 27.3405614376068 27.3703256766001 27.4000899155935 27.4298541545868 27.4596183935801 27.4893826325734 27.5191468715668 27.5452759901682 27.5604997475942 27.5757235050201 27.5909472624461 27.606171019872
23.2739354875352 23.457931391398 23.6419272952609 23.8259231991237 23.9895516395568 24.1463909255133 24.3032302114698 24.4600694974263 24.6169087833828 24.7737480693393 24.9305873552958 25.0802568912506 25.2084171772003 25.33657746315 25.4647377490997 25.5928980350494 25.7210583209991 25.8492186069488 25.9773788928985 26.0744932969411 26.1612590736813 26.2480248504215 26.3347906271616 26.4215564039018 26.508322180642 26.5950879573822 26.6806067996555 26.7623848385281 26.8441628774007 26.9259409162733 27.0077189551459 27.0894969940185 27.1712750328912 27.2530530717638 27.3023668130239 27.3408591217465 27.3793514304691 27.4178437391917 27.4563360479143 27.4948283566369 27.5333206653595 27.5651849057939 27.5771649413639 27.5891449769338 27.6011250125037 27.6131050480737
23.5573797067006 23.7427738030751 23.9281678994496 24.1135619958241 24.2627968629201 24.3999786535898 24.5371604442596 24.6743422349293 24.8115240255991 24.9487058162689 25.0858876069386 25.2182863447401 25.3363359239366 25.4543855031331 25.5724350823296 25.6904846615261 25.8085342407226 25.9265838199191 26.0446333991156 26.1335084756215 26.2126587178972 26.2918089601728 26.3709592024485 26.4501094447242 26.5292596869998 26.6084099292755 26.6866596327887 26.7622077200148 26.8377558072408 26.9133038944668 26.9888519816928 27.0644000689189 27.1399481561449 27.2154962433709 27.2658198833466 27.3077353742387 27.3496508651309 27.3915663560231 27.4334818469153 27.4753973378075 27.5173128286997 27.552534617318 27.5676752991147 27.5828159809113 27.5979566627079 27.6130973445045
23.8949845790862 24.0701213359832 24.2452580928802 24.4203948497771 24.5549570560455 24.6759944121042 24.797031768163 24.9180691242217 25.0391064802805 25.1601438363392 25.281181192398 25.399239095052 25.5083586374918 25.6174781799316 25.7265977223714 25.8357172648111 25.9448368072509 26.0539563496907 26.1630758921305 26.2438821315765 26.3152506033579 26.3866190751393 26.4579875469207 26.5293560187022 26.6007244904836 26.672092962265 26.7414618492126 26.8048319816589 26.8682021141052 26.9315722465515 26.9949423789978 27.0583125114441 27.1216826438904 27.1850527763367 27.2309206485748 27.2709544340769 27.3109882195791 27.3510220050812 27.3910557905833 27.4310895760854 27.4711233615875 27.5073251247406 27.5320308208466 27.5567365169525 27.5814422130585 27.6061479091644
24.2325894514719 24.3974688688913 24.5623482863108 24.7272277037302 24.8471172491709 24.9520101706186 25.0569030920664 25.1617960135141 25.2666889349619 25.3715818564096 25.4764747778574 25.580191845364 25.680381351047 25.7805708567301 25.8807603624131 25.9809498680962 26.0811393737793 26.1813288794623 26.2815183851454 26.3542557875315 26.4178424888187 26.4814291901058 26.545015891393 26.6086025926802 26.6721892939673 26.7357759952545 26.7962640656365 26.8474562433031 26.8986484209696 26.9498405986362 27.0010327763027 27.0522249539693 27.1034171316359 27.1546093093024 27.1960214138031 27.2341734939151 27.2723255740272 27.3104776541392 27.3486297342512 27.3867818143633 27.4249338944753 27.4621156321632 27.4963863425785 27.5306570529938 27.5649277634091 27.5991984738244
24.5701943238575 24.7248164017995 24.8794384797413 25.0340605576832 25.1392774422963 25.228025929133 25.3167744159698 25.4055229028066 25.4942713896433 25.58301987648 25.6717683633168 25.761144595676 25.8524040646023 25.9436635335286 26.0349230024549 26.1261824713813 26.2174419403076 26.3087014092339 26.3999608781602 26.4646294434865 26.5204343742794 26.5762393050723 26.6320442358653 26.6878491666582 26.7436540974511 26.799459028244 26.8510662820604 26.8900805049472 26.9290947278341 26.9681089507209 27.0071231736077 27.0461373964945 27.0851516193814 27.1241658422682 27.1611221790314 27.1973925537533 27.2336629284753 27.2699333031972 27.3062036779192 27.3424740526411 27.3787444273631 27.4169061395857 27.4607418643104 27.504577589035 27.5484133137597 27.5922490384843
