data/working_set_collections/6091692-Cassins_Sparrow-MC/1980/bio1.asc
NCOLS 265 
NROWS 230 
XLLCORNER -115.5625 
YLLCORNER 24.8333333333333 
CELLSIZE 0.0833333333333333 
NODATA_value -9999 
[rows 180 to 199 of 230, columns 46 to 91 of 265]
24.3462984879812 24.3890107843611 24.431723080741 24.474435377121 24.5171476735009 24.5598599698809 24.5125403404236 24.4352100690206 24.3578797976176 24.2805495262146 24.2032192548116 24.1258889834086 24.0485587120056 23.9491040547689 23.7832762400309 23.617448425293 23.451620610555 23.2857927958171 23.1199649810791 22.9541371663411 22.7883093516032 22.6370610396067 22.4906725618574 22.3442840841081 22.1978956063589 22.0515071286096 21.9051186508603 21.758730173111 21.5341219213275 21.074854347441 20.6155867735546 20.1563191996682 19.6970516257817 19.2377840518952 18.7785164780088 18.3192489041223 17.7719298124315 17.1952602148058 16.61859061718 16.0419210195543 15.4652514219285 14.8885818243027 14.311912226677 13.8600875483619 13.7827976279789 13.7055077075958
24.2119003772736 24.2736127058665 24.3353250344594 24.3970373630524 24.4587496916453 24.5204620202382 24.4822228431702 24.4106664975484 24.3391101519267 24.2675538063049 24.1959974606832 24.1244411150615 24.0528847694397 23.9636301676433 23.8212807973226 23.678931427002 23.5365820566813 23.3942326863607 23.25188331604 23.1095339457194 22.9671845753987 22.7991008281708 22.622438955307 22.4457770824432 22.2691152095795 22.0924533367157 21.9157914638519 21.7391295909882 21.4889763037365 21.0183487733206 20.5477212429048 20.0770937124889 19.606466182073 19.1358386516572 18.6652111212414 18.1945835908255 17.6542309045793 17.0906364997229 16.5270420948665 15.9634476900102 15.3998532851538 14.8362588802974 14.2726644754411 13.8284099737803 13.7421751817068 13.6559403896332
24.077502266566 24.1582146273719 24.2389269881778 24.3196393489838 24.4003517097897 24.4810640705956 24.4519053459168 24.3861229260763 24.3203405062358 24.2545580863953 24.1887756665548 24.1229932467143 24.0572108268738 23.9781562805176 23.8592853546143 23.740414428711 23.6215435028076 23.5026725769043 23.383801651001 23.2649307250977 23.1460597991943 22.9611406167348 22.7542053487566 22.5472700807783 22.3403348128001 22.1333995448219 21.9264642768436 21.7195290088654 21.4438306861455 20.9618431992002 20.4798557122549 19.9978682253097 19.5158807383644 19.0338932514192 18.5519057644739 18.0699182775286 17.5365319967271 16.9860127846401 16.4354935725531 15.8849743604661 15.3344551483791 14.7839359362921 14.2334167242051 13.7967323991988 13.7015527354347 13.6063730716706
23.9431041558584 24.0428165488773 24.1425289418962 24.2422413349152 24.3419537279341 24.441666120953 24.4215878486633 24.3615793546041 24.3015708605449 24.2415623664856 24.1815538724264 24.1215453783671 24.0615368843079 23.9926823933919 23.8972899119059 23.8018974304199 23.7065049489339 23.6111124674479 23.5157199859619 23.4203275044759 23.3249350229899 23.1231804052989 22.8859717422062 22.6487630791134 22.4115544160207 22.174345752928 21.9371370898353 21.6999284267426 21.3986850685545 20.9053376250798 20.4119901816051 19.9186427381305 19.4252952946558 18.9319478511811 18.4386004077065 17.9452529642318 17.4188330888749 16.8813890695573 16.3439450502396 15.806501030922 15.2690570116044 14.7316129922868 14.1941689729692 13.7650548246172 13.6609302891625 13.5568057537079
23.8087060451508 23.9274184703827 24.0461308956146 24.1648433208465 24.2835557460785 24.4022681713104 24.3912703514099 24.3370357831319 24.2828012148539 24.2285666465759 24.1743320782979 24.1200975100199 24.065862941742 24.0072085062663 23.9352944691976 23.8633804321289 23.7914663950602 23.7195523579915 23.6476383209228 23.5757242838542 23.5038102467855 23.2852201938629 23.0177381356558 22.7502560774485 22.4827740192414 22.2152919610342 21.947809902827 21.6803278446198 21.3535394509635 20.8488320509593 20.3441246509553 19.8394172509513 19.3347098509471 18.8300024509431 18.3252950509391 17.8205876509349 17.3011341810228 16.7767653544745 16.2523965279262 15.728027701378 15.2036588748297 14.6792900482814 14.1549212217332 13.7333772500356 13.6203078428904 13.5072384357453
23.6743079344431 23.8120203918881 23.949732849333 24.0874453067779 24.2251577642229 24.3628702216678 24.3609528541565 24.3124922116598 24.264031569163 24.2155709266663 24.1671102841695 24.1186496416728 24.070188999176 24.0217346191406 23.9732990264893 23.9248634338379 23.8764278411865 23.8279922485351 23.7795566558838 23.7311210632324 23.682685470581 23.447259982427 23.1495045291053 22.8517490757836 22.553993622462 22.2562381691403 21.9584827158186 21.660727262497 21.3083938333725 20.7923264768389 20.2762591203055 19.760191763772 19.2441244072385 18.7280570507051 18.2119896941716 17.6959223376381 17.1834352731706 16.6721416393917 16.1608480056128 15.6495543718339 15.138260738055 14.6269671042761 14.1156734704972 13.7016996754541 13.5796853966183 13.4576711177826
23.5660546779633 23.70720583068 23.8483569833967 23.9895081361135 24.1306592888302 24.271810441547 24.2848704655965 24.255233446757 24.2255964279175 24.195959409078 24.1663223902384 24.1366853713989 24.1070483525594 24.0765673319499 24.0435543060303 24.0105412801107 23.9775282541911 23.9445152282715 23.9115022023519 23.8784891764323 23.8454761505127 23.6051537354787 23.29572819074 22.9863026460012 22.6768771012624 22.3674515565237 22.0580260117849 21.7486004670461 21.3874699380663 20.8712244563633 20.3549789746603 19.8387334929573 19.3224880112542 18.8062425295512 18.2899970478482 17.7737515661452 17.2541136026383 16.7333448118634 16.2125760210885 15.6918072303137 15.1710384395388 14.6502696487639 14.1295008579891 13.7039164384206 13.5638851324717 13.4238538265229
-9999 23.6129747867584 23.7420032978058 23.8710318088531 24.0000603199005 24.1290888309479 24.16302318573 24.1652594884237 24.1674957911174 24.169732093811 24.1719683965047 24.1742046991984 24.1764410018921 24.171706644694 24.1460603078206 24.1204139709473 24.0947676340739 24.0691212972005 24.0434749603271 24.0178286234538 23.9921822865804 23.7589014530182 23.4564091205597 23.1539167881012 22.8514244556427 22.5489321231842 22.2464397907257 21.9439474582672 21.5907677650452 21.0855259895325 20.5802842140198 20.0750424385072 19.5698006629944 19.0645588874817 18.5593171119691 18.0540753364563 17.513169169426 16.9603748718898 16.4075805743536 15.8547862768174 15.3019919792812 14.7491976817449 14.1964033842088 13.7400275389354 13.5729070504507 13.405786561966
-9999 -9999 -9999 23.7525554815928 23.8694613509708 23.9863672203488 24.0411759058635 24.0752855300903 24.1093951543172 24.1435047785441 24.177614402771 24.2117240269979 24.2458336512248 24.2668459574381 24.248566309611 24.2302866617838 24.2120070139567 24.1937273661295 24.1754477183024 24.1571680704752 24.1388884226481 23.9126491705577 23.6170900503795 23.3215309302012 23.025971810023 22.7304126898448 22.4348535696666 22.1392944494883 21.7940655920241 21.2998275227017 20.8055894533794 20.311351384057 19.8171133147346 19.3228752454122 18.8286371760899 18.3343991067675 17.7722247362137 17.1874049319162 16.6025851276186 16.0177653233211 15.4329455190236 14.848125714726 14.2633059104285 13.7761386394501 13.5819289684296 13.3877192974091
-9999 -9999 -9999 -9999 23.7388623820411 23.8436456097497 23.9193286259969 23.985311571757 24.0512945175171 24.1172774632772 24.1832604090373 24.2492433547973 24.3152263005574 24.3619852701823 24.3510723114013 24.3401593526204 24.3292463938395 24.3183334350586 24.3074204762776 24.2965075174967 24.2855945587158 24.0663968880971 23.7777709801992 23.4891450723012 23.2005191644033 22.9118932565054 22.6232673486074 22.3346414407094 21.997363419003 21.5141290558709 21.0308946927389 20.5476603296069 20.0644259664748 19.5811916033427 19.0979572402107 18.6147228770786 18.0312803030015 17.4144349919426 16.7975896808837 16.1807443698248 15.563899058766 14.947053747707 14.3302084366481 13.8122497399648 13.5909508864085 13.3696520328522
-9999 -9999 -9999 -9999 -9999 23.7009239991506 23.7974813461304 23.8953376134237 23.993193880717 24.0910501480102 24.1889064153035 24.2867626825968 24.3846189498901 24.4571245829264 24.4535783131917 24.450032043457 24.4464857737223 24.4429395039876 24.4393932342529 24.4358469645182 24.4323006947835 24.2201446056366 23.938451910019 23.6567592144012 23.3750665187836 23.0933738231659 22.8116811275482 22.5299884319306 22.2006612459819 21.7284305890401 21.2561999320984 20.7839692751567 20.3117386182149 19.8395079612732 19.3672773043315 18.8950466473897 18.2903358697892 17.641465051969 16.9925942341487 16.3437234163285 15.6948525985083 15.045981780688 14.3971109628678 13.8483608404796 13.5999728043874 13.3515847682953
-9999 -9999 -9999 -9999 -9999 -9999 23.6756340662638 23.8053636550903 23.9350932439168 24.0648228327433 24.1945524215698 24.3242820103963 24.4540115992228 24.5522638956706 24.5560843149821 24.5599047342936 24.5637251536051 24.5675455729167 24.5713659922282 24.5751864115397 24.5790068308512 24.3738923231761 24.0991328398387 23.8243733565013 23.5496138731639 23.2748543898265 23.0000949064891 22.7253354231517 22.4039590729608 21.9427321222094 21.481505171458 21.0202782207066 20.5590512699551 20.0978243192037 19.6365973684524 19.1753704177009 18.5493914365769 17.8684951119954 17.1875987874138 16.5067024628322 15.8258061382507 15.1449098136691 14.4640134890875 13.8844719409943 13.6089947223664 13.3335175037385
-9999 -9999 -9999 -9999 -9999 -9999 -9999 23.7257651752896 23.867199950748 24.0086347262065 24.1500695016649 24.2915042771233 24.4329390525818 24.5436576313443 24.5622276200189 24.5807976086935 24.599367597368 24.6179375860426 24.6365075747172 24.6550775633918 24.6736475520664 24.486691236496 24.2312261528439 23.9757610691918 23.7202959855398 23.4648309018877 23.2093658182356 22.9539007345835 22.6492970413632 22.197277519438 21.7452579975128 21.2932384755877 20.8412189536624 20.3891994317373 19.9371799098121 19.4851603878869 18.8515528361003 18.1574159410266 17.4632790459527 16.769142150879 16.0750052558052 15.3808683607313 14.6867314656576 14.0900108575821 13.7855391105016 13.4810673634211
-9999 -9999 -9999 -9999 -9999 -9999 -9999 -9999 23.7895140012105 23.9224858283997 24.0554576555888 24.1884294827779 24.321401309967 24.4313057899475 24.472008228302 24.5127106666565 24.553413105011 24.5941155433655 24.63481798172 24.6755204200745 24.7162228584289 24.5585413455963 24.3347318490347 24.1109223524729 23.8871128559113 23.6633033593496 23.4394938627879 23.2156843662262 22.9366751511892 22.4920667807261 22.0474584102631 21.6028500398001 21.158241669337 20.7136332988739 20.2690249284109 19.8244165579478 19.1968200683594 18.5082275390626 17.8196350097656 17.1310424804688 16.442449951172 15.753857421875 15.0652648925782 14.464977590243 14.1296059687932 13.7942343473434
-9999 -9999 -9999 -9999 -9999 -9999 -9999 -9999 -9999 -9999 -9999 -9999 -9999 24.3189539485508 24.3817888365852 24.4446237246195 24.5074586126539 24.5702935006883 24.6331283887227 24.6959632767571 24.7587981647915 24.6303914546967 24.4382375452254 24.2460836357541 24.0539297262828 23.8617758168115 23.6696219073401 23.4774679978689 23.2240532610152 22.7868560420142 22.3496588230133 21.9124616040124 21.4752643850115 21.0380671660106 20.6008699470097 20.1636727280087 19.5420873006186 18.8590391370986 18.1759909735786 17.4929428100587 16.8098946465387 16.1268464830187 15.4437983194988 14.839944322904 14.4736728270849 14.1074013312658
-9999 -9999 -9999 -9999 -9999 -9999 -9999 -9999 -9999 -9999 -9999 -9999 -9999 24.206602107154 24.2915694448683 24.3765367825826 24.4615041202969 24.5464714580112 24.6314387957255 24.7164061334398 24.8013734711541 24.702241563797 24.5417432414161 24.3812449190352 24.2207465966543 24.0602482742733 23.8997499518924 23.7392516295115 23.5114313708412 23.0816453033023 22.6518592357636 22.2220731682248 21.792287100686 21.3625010331472 20.9327149656084 20.5029288980696 19.8873545328777 19.2098507351346 18.5323469373915 17.8548431396485 17.1773393419055 16.4998355441623 15.8223317464193 15.2149110555649 14.8177396853765 14.4205683151881
-9999 -9999 -9999 -9999 -9999 -9999 -9999 -9999 -9999 -9999 -9999 -9999 -9999 24.0942502657572 24.2013500531515 24.3084498405456 24.4155496279398 24.5226494153341 24.6297492027283 24.7368489901224 24.8439487775167 24.7740916728973 24.6452489376068 24.5164062023163 24.3875634670257 24.2587207317352 24.1298779964447 24.0010352611542 23.7988094806672 23.3764345645905 22.9540596485138 22.5316847324372 22.1093098163605 21.6869349002838 21.2645599842072 20.8421850681305 20.2326217651368 19.5606623331707 18.8887029012044 18.2167434692383 17.5447840372722 16.872824605306 16.2008651733399 15.5898777882258 15.1618065436681 14.7337352991104
-9999 -9999 -9999 -9999 -9999 -9999 -9999 -9999 -9999 -9999 -9999 -9999 -9999 23.9818984243605 24.1111306614346 24.2403628985087 24.3695951355828 24.4988273726569 24.628059609731 24.7572918468051 24.8865240838792 24.8459417819977 24.7487546337975 24.6515674855974 24.5543803373972 24.4571931891971 24.360006040997 24.2628188927968 24.0861875904932 23.6712238258786 23.2562600612641 22.8412962966496 22.426332532035 22.0113687674205 21.596405002806 21.1814412381914 20.5778889973959 19.9114739312067 19.2450588650174 18.5786437988282 17.912228732639 17.2458136664497 16.5793986002605 15.9648445208868 15.5058734019597 15.0469022830328
-9999 -9999 -9999 -9999 -9999 -9999 -9999 -9999 -9999 -9999 -9999 -9999 -9999 23.8888117631276 24.0282421906789 24.1676726182302 24.3071030457814 24.4465334733327 24.585963900884 24.7253943284353 24.8648247559865 24.8486092408498 24.7805117448171 24.7124142487844 24.6443167527517 24.576219256719 24.5081217606862 24.4400242646535 24.2898336145614 23.8933635022905 23.4968933900198 23.100423277749 22.7039531654782 22.3074830532074 21.9110129409367 21.5145428286658 20.9287533760071 20.2798574765524 19.6309615770976 18.9820656776428 18.3331697781881 17.6842738787333 17.0353779792786 16.4279203441408 15.9447775019539 15.4616346597671
-9999 -9999 -9999 -9999 -9999 -9999 -9999 -9999 -9999 -9999 -9999 -9999 -9999 -9999 23.9526846408844 24.0903789997101 24.2280733585357 24.3657677173615 24.5034620761871 24.6411564350128 24.7788507938385 24.7820940494538 24.7405202706655 24.6989464918772 24.657372713089 24.6157989343007 24.5742251555125 24.5326513767242 24.4097475528718 24.0428535938263 23.6759596347809 23.3090656757355 22.9421717166901 22.5752777576447 22.2083837985993 21.8414898395538 21.2852149009705 20.6658129692078 20.0464110374451 19.4270091056824 18.8076071739197 18.188205242157 17.5688033103943 16.979105257988 16.4785188436508 15.9779324293137
