data/working_set_collections/6091692-Cassins_Sparrow-MC/1980/bio1.asc
NCOLS 265 
NROWS 230 
XLLCORNER -115.5625 
YLLCORNER 24.8333333333333 
CELLSIZE 0.0833333333333333 
NODATA_value -9999 
[rows 200 to 219 of 230, columns 92 to 137 of 265]
15.9762002123727 15.4581702258852 14.9401402393977 14.4221102529102 13.9040802664227 13.7589258829752 13.7380633672078 13.7172008514404 13.696338335673 13.6754758199056 13.6546133041382 13.6337507883708 13.714450735516 14.0998380713992 14.4852254072825 14.8706127431657 15.256000079049 15.6413874149322 16.0267747508154 16.4121620866987 16.67015589873 16.8856852028105 17.101214506891 17.3167438109716 17.5322731150521 17.7478024191327 17.9633317232132 18.1480662769742 18.2404165797763 18.3327668825785 18.4251171853807 18.5174674881829 18.6098177909851 18.7021680937873 18.7945183965895 18.8064450581869 18.7915638393826 18.7766826205783 18.7618014017741 18.7469201829698 18.7320389641656 18.7171577453613 18.7298380798763 18.8252030743492 18.9205680688222 19.0159330632951
16.4750544097689 15.939580851131 15.4041072924932 14.8686337338554 14.3331601752175 14.1259894688924 14.0282530466715 13.9305166244507 13.8327802022298 13.735043780009 13.6373073577881 13.5395709355673 13.560543987486 13.9376454618242 14.3147469361623 14.6918484105004 15.0689498848385 15.4460513591766 15.8231528335147 16.2002543078528 16.4541764338811 16.6670387771394 16.8799011203978 17.0927634636561 17.3056258069144 17.5184881501728 17.7313504934311 17.9205322795444 18.0386723942227 18.156812508901 18.2749526235792 18.3930927382575 18.5112328529358 18.6293729676141 18.7475130822923 18.782701365153 18.7902390374078 18.7977767096625 18.8053143819173 18.8128520541721 18.8203897264268 18.8279273986816 18.8601815912458 18.9665853447384 19.072989098231 19.1793928517235
16.9739086071651 16.4209914763768 15.8680743455887 15.3151572148006 14.7622400840123 14.4930530548095 14.3184427261352 14.1438323974609 13.9692220687866 13.7946117401123 13.620001411438 13.4453910827637 13.4066372394561 13.7754528522491 14.1442684650421 14.513084077835 14.881899690628 15.250715303421 15.6195309162139 15.988346529007 16.2381969690323 16.4483923514684 16.6585877339045 16.8687831163406 17.0789784987767 17.2891738812129 17.499369263649 17.6929982821147 17.836928208669 17.9808581352234 18.1247880617777 18.2687179883321 18.4126479148865 18.5565778414408 18.7005077679952 18.7589576721191 18.7889142354329 18.8188707987467 18.8488273620605 18.8787839253743 18.9087404886881 18.9386970520019 18.9905251026153 19.1079676151275 19.2254101276397 19.3428526401519
17.4727628045612 16.9024021016227 16.3320413986842 15.7616806957457 15.1913199928072 14.8601166407267 14.608632405599 14.3571481704712 14.1056639353434 13.8541797002157 13.6026954650879 13.3512112299602 13.2527304914262 13.6132602426741 13.9737899939219 14.3343197451697 14.6948494964176 15.0553792476654 15.4159089989132 15.7764387501611 16.0222175041834 16.2297459257973 16.4372743474113 16.6448027690252 16.8523311906391 17.059859612253 17.2673880338669 17.4654642846849 17.6351840231154 17.8049037615458 17.9746234999762 18.1443432384067 18.3140629768371 18.4837827152676 18.653502453698 18.7352139790853 18.7875894334581 18.8399648878309 18.8923403422038 18.9447157965766 18.9970912509494 19.0494667053222 19.1208686139848 19.2493498855166 19.3778311570485 19.5063124285803
17.9216254075369 17.3398541291555 16.7580828507742 16.1763115723928 15.5945402940114 15.2128334760666 14.8978148116006 14.5827961471346 14.2677774826686 13.9527588182026 13.6377401537366 13.3227214892706 13.1678840160369 13.4935901165008 13.8192962169647 14.1450023174286 14.4707084178925 14.7964145183563 15.1221206188202 15.4478267192841 15.6956772486369 15.9175759209527 16.1394745932685 16.3613732655843 16.5832719379001 16.805170610216 17.0270692825317 17.2411714580324 17.4318841430876 17.6225968281428 17.813309513198 18.0040221982532 18.1947348833084 18.3854475683636 18.5761602534188 18.6808671315511 18.7569054073758 18.8329436832004 18.9089819590251 18.9850202348497 19.0610585106743 19.137096786499 19.2268345514933 19.3576707839965 19.4885070164998 19.619343249003
18.320496416092 17.7333475589752 17.1461987018586 16.5590498447419 15.9719009876251 15.5512035608292 15.1859899441402 14.8207763274511 14.4555627107621 14.090349094073 13.725135477384 13.3599218606949 13.1520978132883 13.4164424737294 13.6807871341705 13.9451317946116 14.2094764550527 14.4738211154938 14.7381657759349 15.002510436376 15.2585762023926 15.5118823369344 15.7651884714763 16.0184946060181 16.2718007405599 16.5251068751017 16.7784130096436 17.0201198021571 17.2270285685857 17.4339373350143 17.640846101443 17.8477548678716 18.0546636343002 18.2615724007288 18.4684811671574 18.5959171295166 18.6968621571859 18.7978071848551 18.8987522125244 18.9996972401937 19.1006422678629 19.2015872955322 19.3084229151407 19.4329303105672 19.5574377059936 19.68194510142
18.7193674246471 18.126840988795 17.534314552943 16.9417881170909 16.3492616812388 15.8895736455918 15.4741650766797 15.0587565077676 14.6433479388555 14.2279393699435 13.8125308010314 13.3971222321193 13.1363116105397 13.339294830958 13.5422780513763 13.7452612717946 13.9482444922129 14.1512277126312 14.3542109330495 14.5571941534679 14.8214751561483 15.1061887529161 15.390902349684 15.6756159464518 15.9603295432197 16.2450431399875 16.5297567367554 16.7990681462818 17.0221729940838 17.2452778418859 17.4683826896879 17.69148753749 17.914592385292 18.1376972330941 18.3608020808961 18.5109671274821 18.636818906996 18.7626706865098 18.8885224660237 19.0143742455376 19.1402260250515 19.2660778045654 19.3900112787882 19.5081898371378 19.6263683954874 19.744546953837
19.1182384332022 18.5203344186147 17.9224304040273 17.32452638944 16.7266223748525 16.2279437303543 15.7623402092192 15.2967366880841 14.831133166949 14.3655296458139 13.8999261246788 13.4343226035437 13.1205254077911 13.2621471881866 13.4037689685822 13.5453907489777 13.6870125293732 13.8286343097687 13.9702560901642 14.1118778705598 14.384374109904 14.7004951688978 15.0166162278917 15.3327372868856 15.6488583458794 15.9649794048733 16.2811004638672 16.5780164904065 16.8173174195819 17.0566183487574 17.2959192779329 17.5352202071084 17.7745211362839 18.0138220654593 18.2531229946348 18.4260171254476 18.5767756568061 18.7275341881646 18.8782927195231 19.0290512508816 19.1798097822401 19.3305683135986 19.4715996424357 19.5834493637084 19.6952990849813 19.807148806254
19.5171094417573 18.9138278484345 18.3105462551117 17.707264661789 17.1039830684662 16.5663138151169 16.0505153417588 15.5347168684006 15.0189183950425 14.5031199216844 13.9873214483262 13.471522974968 13.1047392050425 13.1849995454152 13.265259885788 13.3455202261607 13.4257805665334 13.5060409069062 13.5863012472789 13.6665615876516 13.9472730636597 14.2948015848795 14.6423301060995 14.9898586273193 15.3373871485392 15.6849156697591 16.032444190979 16.3569648345311 16.61246184508 16.867958855629 17.1234558661778 17.3789528767267 17.6344498872757 17.8899468978246 18.1454439083735 18.3410671234131 18.5167324066162 18.6923976898193 18.8680629730224 19.0437282562255 19.2193935394287 19.3950588226318 19.5531880060831 19.6587088902791 19.7642297744751 19.869750658671
19.9159804503124 19.3073212782542 18.6986621061961 18.0900029341381 17.4813437620799 16.9046838998795 16.3386904742984 15.7726970487171 15.206703623136 14.6407101975548 14.0747167719736 13.5087233463924 13.0889530022939 13.1078519026438 13.1267508029938 13.1456497033437 13.1645486036937 13.1834475040436 13.2023464043936 13.2212453047435 13.5101720174154 13.8891080008612 14.2680439843072 14.6469799677531 15.025915951199 15.4048519346449 15.7837879180908 16.1359131786558 16.4076062705781 16.6792993625005 16.9509924544228 17.2226855463451 17.4943786382675 17.7660717301898 18.0377648221121 18.2561171213786 18.4566891564263 18.657261191474 18.8578332265218 19.0584052615695 19.2589772966172 19.459549331665 19.6347763697306 19.7339684168497 19.8331604639689 19.932352511088
20.2977708604601 19.6918773227268 19.0859837849935 18.4800902472603 17.8741967095269 17.2664096593857 16.6579914384419 16.0495732174979 15.4411549965541 14.8327367756103 14.2243185546663 13.6159003337225 13.1517286274168 13.120296465026 13.0888643026352 13.0574321402444 13.0259999778536 12.9945678154628 12.963135653072 12.9317034906811 13.2238186756769 13.6237829764683 14.0237472772598 14.4237115780512 14.8236758788426 15.2236401796341 15.6236044804255 15.9927354733149 16.2693665424982 16.5459976116816 16.8226286808649 17.0992597500483 17.3758908192316 17.652521888415 17.9291529575983 18.153550752004 18.360537454817 18.56752415763 18.7745108604431 18.9814975632561 19.1884842660692 19.3954709688822 19.577784591251 19.6860789722867 19.7943733533224 19.902667734358
20.6624806722006 20.0674959818522 19.4725112915039 18.8775266011557 18.2825419108073 17.6514910936356 17.0084182341894 16.3653453747432 15.722272515297 15.0791996558508 14.4361267964046 13.7930539369584 13.2930660804113 13.2223332325617 13.1516003847122 13.0808675368627 13.0101346890132 12.9394018411637 12.8686689933141 12.7979361454646 13.0882130384445 13.4988265117009 13.9094399849573 14.3200534582138 14.7306669314702 15.1412804047266 15.551893877983 15.9274317185084 16.1977426608403 16.4680536031723 16.7383645455042 17.0086754878361 17.2789864301681 17.5492973725001 17.819608314832 18.0333680152893 18.2282773017883 18.4231865882873 18.6180958747864 18.8130051612854 19.0079144477844 19.2028237342834 19.3822126706441 19.5150405565898 19.6478684425354 19.780696328481
21.0271904839411 20.4431146409777 19.8590387980144 19.2749629550511 18.6908871120877 18.0365725278855 17.358845029937 16.6811175319884 16.0033900340399 15.3256625360914 14.6479350381428 13.9702075401943 13.4344035334057 13.3243700000975 13.2143364667893 13.104302933481 12.9942694001728 12.8842358668645 12.7742023335563 12.6641688002481 12.952607401212 13.3738700469334 13.7951326926549 14.2163953383763 14.6376579840977 15.0589206298192 15.4801832755406 15.8621279637018 16.1261187791824 16.390109594663 16.6541004101435 16.918091225624 17.1820820411046 17.4460728565851 17.7100636720657 17.9131852785746 18.0960171487596 18.2788490189446 18.4616808891296 18.6445127593146 18.8273446294996 19.0101764996846 19.1866407500373 19.3440021408929 19.5013635317484 19.658724922604
21.3919002956815 20.8187333001031 20.2455663045248 19.6723993089465 19.0992323133681 18.4216539621354 17.7092718256846 16.9968896892336 16.2845075527828 15.572125416332 14.859743279881 14.1473611434302 13.5757409864002 13.4264067676332 13.2770725488663 13.1277383300993 12.9784041113324 12.8290698925654 12.6797356737985 12.5304014550315 12.8170017639795 13.248913582166 13.6808254003524 14.1127372185389 14.5446490367253 14.9765608549118 15.4084726730982 15.7968242088953 16.0544948975244 16.3121655861536 16.5698362747828 16.8275069634119 17.0851776520411 17.3428483406702 17.6005190292994 17.7930025418599 17.9637569957309 18.1345114496019 18.3052659034729 18.4760203573439 18.6467748112148 18.8175292650858 18.9910688294305 19.172963725196 19.3548586209615 19.536753516727
21.7566101074219 21.1943519592285 20.6320938110352 20.0698356628419 19.5075775146484 18.8067353963853 18.0596986214321 17.3126618464788 16.5656250715257 15.8185882965725 15.0715515216192 14.324514746666 13.7170784393947 13.528443535169 13.3398086309433 13.1511737267177 12.962538822492 12.7739039182663 12.5852690140407 12.396634109815 12.6813961267471 13.1239571173985 13.56651810805 14.0090790987014 14.4516400893528 14.8942010800043 15.3367620706558 15.7315204540888 15.9828710158665 16.2342215776443 16.4855721394221 16.7369227011998 16.9882732629776 17.2396238247553 17.490974386533 17.6728198051453 17.8314968427022 17.9901738802592 18.1488509178162 18.3075279553731 18.4662049929301 18.6248820304871 18.7954969088236 19.0019253094991 19.2083537101745 19.41478211085
22.1213199191624 21.5699706183539 21.0186213175456 20.4672720167372 19.9159227159288 19.1918168306351 18.4101254171796 17.628434003724 16.8467425902685 16.065051176813 15.2833597633574 14.5016683499019 13.8584158923891 13.6304803027047 13.4025447130203 13.174609123336 12.9466735336516 12.7187379439672 12.4908023542829 12.2628667645985 12.5457904895146 12.999000652631 13.4522108157476 13.905420978864 14.3586311419804 14.8118413050969 15.2650514682133 15.6662166992823 15.9112471342086 16.156277569135 16.4013080040613 16.6463384389877 16.8913688739141 17.1363993088404 17.3814297437667 17.5526370684306 17.6992366896735 17.8458363109165 17.9924359321594 18.1390355534024 18.2856351746453 18.4322347958883 18.5999249882168 18.8308868938022 19.0618487993876 19.292810704973
22.4969086700016 21.9690202024248 21.4411317348481 20.9132432672713 20.3853547996945 19.6569743553798 18.8617632521525 18.066552148925 17.2713410456976 16.4761299424702 15.6809188392427 14.8857077360154 14.2214763535394 13.9501841333177 13.6788919130961 13.4075996928745 13.1363074726528 12.8650152524312 12.5937230322096 12.322430811988 12.5817409992217 13.0179186556073 13.454096311993 13.8902739683786 14.3264516247642 14.7626292811499 15.1988069375355 15.5879518906275 15.8359987338383 16.0840455770492 16.3320924202601 16.5801392634709 16.8281861066818 17.0762329498926 17.3242797931035 17.490999730428 17.6306106991238 17.7702216678195 17.9098326365153 18.049443605211 18.1890545739068 18.3286655426025 18.4937753889295 18.7353818681504 18.9769883473714 19.2185948265923
22.8833763599396 22.391500711441 21.8996250629425 21.407749414444 20.9158737659454 20.2022079706192 19.4146121263505 18.6270162820816 17.8394204378128 17.0518245935441 16.2642287492752 15.4766329050064 14.8062598228454 14.487555027008 14.1688502311706 13.8501454353332 13.5314406394958 13.2127358436584 12.8940310478211 12.5753262519836 12.7892476558684 13.1807111263274 13.5721745967864 13.9636380672454 14.3551015377044 14.7465650081634 15.1380284786224 15.4967260281244 15.7571258147557 16.017525601387 16.2779253880182 16.5383251746495 16.7987249612808 17.059124747912 17.3195245345433 17.4879077911377 17.625618871053 17.7633299509684 17.9010410308838 18.0387521107991 18.1764631907145 18.3141742706299 18.4770481109619 18.7154102325439 18.9537723541259 19.192134475708
23.2698440498776 22.8139812204572 22.358118391037 21.9022555616167 21.4463927321963 20.7474415858587 19.9674610005485 19.1874804152382 18.4074998299281 17.6275192446179 16.8475386593076 16.0675580739975 15.3910432921515 15.0249259206983 14.6588085492451 14.292691177792 13.9265738063388 13.5604564348856 13.1943390634325 12.8282216919793 12.9967543125152 13.3435035970475 13.6902528815799 14.0370021661122 14.3837514506445 14.7305007351769 15.0772500197092 15.4055001656214 15.6782528956731 15.9510056257248 16.2237583557764 16.4965110858281 16.7692638158798 17.0420165459314 17.3147692759831 17.4848158518473 17.6206270429823 17.7564382341173 17.8922494252523 18.0280606163872 18.1638718075222 18.2996829986572 18.4603208329942 18.6954385969373 18.9305563608805 19.1656741248236
23.6563117398157 23.2364617294735 22.8166117191315 22.3967617087894 21.9769116984473 21.2926752010982 20.5203098747467 19.747944548395 18.9755792220434 18.2032138956919 17.4308485693402 16.6584832429887 15.9758267614577 15.5622968143887 15.1487668673198 14.7352369202508 14.3217069731818 13.9081770261129 13.494647079044 13.081117131975 13.2042609691619 13.5062960677676 13.8083311663733 14.110366264979 14.4124013635847 14.7144364621904 15.0164715607961 15.3142743031183 15.5993799765904 15.8844856500625 16.1695913235346 16.4546969970067 16.7398026704788 17.0249083439508 17.3100140174229 17.4817239125569 17.6156352149115 17.7495465172661 17.8834578196207 18.0173691219753 18.1512804243299 18.2851917266845 18.4435935550265 18.6754669613308 18.907340367635 19.1392137739393
