data/working_set_collections/6091692-Cassins_Sparrow-MC/1980/bio13.asc
NCOLS 265 
NROWS 230 
XLLCORNER -115.5625 
YLLCORNER 24.8333333333333 
CELLSIZE 0.0833333333333333 
NODATA_value -9999 
[rows 100 to 119 of 230, columns 138 to 183 of 265]
81.7935027440389 82.1070650100708 82.4206272761026 82.7341895421345 83.1405464172362 83.5778348286945 84.0151232401528 84.4524116516111 84.8897000630694 85.3269884745277 85.764276885986 85.9042627334594 85.152340888977 84.4004190444945 83.6484972000122 82.8965753555298 82.1446535110473 81.3927316665649 80.6408098220825 79.401222038269 77.9990789413453 76.5969358444215 75.1947927474975 73.7926496505738 72.39050655365 70.988363456726 70.2817228317255 71.6615896224969 73.0414564132685 74.4213232040399 75.8011899948113 77.181056785583 78.5609235763544 79.9407903671258 81.2334136962886 82.4969558715815 83.7604980468745 85.0240402221676 86.2875823974605 87.5511245727535 88.8146667480466 90.5186309814446 93.5438613891593 96.5690917968745 99.5943222045892 102.619552612304
81.3877551396687 81.9075923283894 82.4274295171101 82.9472667058307 83.5058977762857 84.0774601406519 84.6490225050182 85.2205848693846 85.7921472337508 86.3637095981171 86.9352719624835 87.1807966232299 86.4482081731161 85.715619723002 84.9830312728882 84.2504428227743 83.5178543726602 82.7852659225464 82.0526774724325 80.8462437311809 79.4818615595501 78.1174793879193 76.7530972162883 75.3887150446575 74.0243328730267 72.6599507013957 71.9765495512215 73.3360914654196 74.6956333796179 76.0551752938159 77.414717208014 78.7742591222123 80.1338010364103 81.4933429506084 82.6378484090165 83.7106750488277 84.7835016886389 85.8563283284502 86.9291549682614 88.0019816080726 89.0748082478839 90.6314005533847 93.6392898559562 96.6471791585281 99.6550684610996 102.662957763671
80.9175120035806 81.5951009114583 82.2726898193358 82.9502787272134 83.6047252019246 84.2514575322468 84.898189862569 85.5449221928913 86.1916545232136 86.8383868535358 87.4851191838581 87.7817259894479 87.027956220839 86.27418645223 85.5204166836211 84.7666469150122 84.0128771464032 83.2591073777943 82.5053376091854 81.3797127405805 80.130136171977 78.8805596033736 77.6309830347699 76.3814064661664 75.131829897563 73.8822533289593 73.2639799965749 74.5396163728497 75.8152527491249 77.0908891253998 78.3665255016747 79.6421618779498 80.9177982542247 82.1934346304996 83.2389923731484 84.2078572379216 85.1767221026948 86.1455869674681 87.1144518322413 88.0833166970145 89.0521815617878 90.5224693298334 93.4970258076978 96.4715822855627 99.4461387634271 102.420695241292
80.3827733357746 81.1695907592773 81.9564081827798 82.7432256062824 83.4370286941528 84.0998270034789 84.762625312805 85.4254236221312 86.0882219314574 86.7510202407835 87.4138185501098 87.7070508321128 86.8915850321454 86.0761192321779 85.2606534322105 84.4451876322431 83.6297218322756 82.8142560323082 81.9987902323408 81.0016290664675 79.9439027786258 78.886176490784 77.828450202942 76.7707239151003 75.7129976272585 74.6552713394165 74.1440141677852 75.2721643447871 76.4003145217893 77.5284646987912 78.6566148757931 79.7847650527952 80.9129152297971 82.041065406799 83.036845588684 83.988502438863 84.9401592890419 85.8918161392211 86.8434729894 87.795129839579 88.7467866897582 90.1918373107904 93.117069244384 96.0423011779781 98.9675331115717 101.892765045165
79.8480346679686 80.7440806070963 81.6401265462238 82.5361724853513 83.2693321863809 83.948196474711 84.627060763041 85.3059250513711 85.9847893397012 86.6636536280312 87.3425179163614 87.6323756747778 86.7552138434519 85.8780520121258 85.0008901807999 84.123728349474 83.246566518148 82.3694046868221 81.4922428554962 80.6235453923545 79.7576693852745 78.8917933781944 78.0259173711142 77.1600413640342 76.2941653569541 75.4282893498739 75.0240483389957 76.0047123167246 76.9853762944537 77.9660402721826 78.9467042499115 79.9273682276406 80.9080322053695 81.8886961830984 82.8346988042194 83.7691476398042 84.703596475389 85.638045310974 86.5724941465588 87.5069429821436 88.4413918177286 89.8612052917474 92.7371126810702 95.6130200703934 98.4889274597162 101.364834849039
79.3132960001625 80.3185704549152 81.3238449096678 82.3291193644203 83.1016356786091 83.7965659459431 84.491496213277 85.186426480611 85.881356747945 86.576287015279 87.271217282613 87.5577005174427 86.6188426547583 85.6799847920738 84.7411269293893 83.802269066705 82.8634112040204 81.924553341336 80.9856954786516 80.2454617182415 79.5714359919232 78.8974102656048 78.2233845392864 77.549358812968 76.8753330866497 76.2013073603312 75.9040825102062 76.7372602886621 77.5704380671181 78.403615845574 79.2367936240299 80.069971402486 80.9031491809419 81.7363269593978 82.6325520197549 83.5497928407455 84.4670336617361 85.3842744827269 86.3015153037175 87.2187561247082 88.1359969456989 89.5305732727045 92.3571561177564 95.1837389628088 98.0103218078607 100.836904652913
78.7785573323565 79.8930603027343 81.0075632731118 82.1220662434893 82.9339391708373 83.6449354171751 84.355931663513 85.066927909851 85.7779241561888 86.4889204025267 87.1999166488646 87.4830253601077 86.4824714660648 85.4819175720217 84.4813636779788 83.4808097839359 82.4802558898928 81.4797019958499 80.479148101807 79.8673780441286 79.3852025985719 78.9030271530153 78.4208517074586 77.9386762619019 77.4565008163453 76.9743253707885 76.7841166814165 77.4698082605995 78.1554998397825 78.8411914189654 79.5268829981484 80.2125745773314 80.8982661565143 81.5839577356973 82.4304052352904 83.3304380416868 84.2304708480833 85.1305036544799 86.0305364608763 86.9305692672727 87.8306020736693 89.1999412536615 91.9771995544426 94.7544578552242 97.5317161560053 100.308974456786
78.2438186645505 79.4675501505532 80.6912816365558 81.9150131225583 82.7662426630655 83.4933048884072 84.220367113749 84.9474293390909 85.6744915644326 86.4015537897744 87.1286160151162 87.4083502027726 86.3461002773712 85.2838503519696 84.2216004265682 83.1593505011668 82.0971005757652 81.0348506503638 79.9726007249624 79.4892943700156 79.1989692052206 78.9086440404257 78.6183188756307 78.3279937108358 78.0376685460409 77.7473433812459 77.664150852627 78.2023562325369 78.7405616124469 79.2787669923569 79.8169723722668 80.3551777521768 80.8933831320867 81.4315885119967 82.2282584508259 83.1110832426282 83.9939080344304 84.8767328262328 85.759557618035 86.6423824098373 87.5252072016397 88.8693092346186 91.5972429911288 94.3251767476396 97.0531105041498 99.7810442606601
77.4566950056285 78.7170508066812 79.9774066077337 81.2377624087861 82.1036219278971 82.8379826863606 83.5723434448241 84.3067042032878 85.0410649617513 85.7754257202148 86.5097864786784 86.7902180989587 85.7088623046879 84.627506510417 83.5461507161462 82.4647949218754 81.3834391276045 80.3020833333337 79.2207275390629 78.8199226379396 78.6459680345325 78.4720134311254 78.2980588277182 78.1241042243111 77.950149620904 77.7761950174969 77.7623117658827 78.2286425696478 78.6949733734131 79.1613041771782 79.6276349809434 80.0939657847086 80.5602965884738 81.026627392239 81.7951306025186 82.6643579483031 83.5335852940876 84.4028126398722 85.2720399856566 86.1412673314411 87.0104946772257 88.3427487267383 91.0640828874369 93.785417048136 96.5067512088346 99.2280853695333
76.4171863555906 77.6415622711181 78.8659381866454 80.0903141021727 80.9460769653321 81.6789688110352 82.4118606567383 83.1447525024415 83.8776443481446 84.6105361938477 85.3434280395508 85.6286290486658 84.5707575480148 83.5128860473637 82.4550145467127 81.3971430460617 80.3392715454105 79.2814000447595 78.2235285441085 77.8592628479006 77.7261990865074 77.5931353251141 77.4600715637209 77.3270078023276 77.1939440409344 77.0608802795412 77.0785994211833 77.548667271932 78.0187351226807 78.4888029734294 78.958870824178 79.4289386749268 79.8990065256755 80.3690743764241 81.1310216903686 81.9902621587117 82.8495026270547 83.7087430953979 84.567983563741 85.427224032084 86.2864645004272 87.6202597300206 90.3777192433668 93.1351787567135 95.8926382700597 98.6500977834059
75.3776777055526 76.566073735555 77.7544697655571 78.9428657955592 79.788532002767 80.5199549357096 81.2513778686523 81.9828008015951 82.7142237345378 83.4456466674804 84.1770696004232 84.4670399983728 83.4326527913416 82.3982655843102 81.363878377279 80.3294911702478 79.2951039632165 78.2607167561853 77.2263295491541 76.8986030578615 76.8064301384821 76.7142572191028 76.6220842997234 76.5299113803441 76.4377384609648 76.3455655415854 76.3948870764838 76.868691974216 77.3424968719483 77.8163017696804 78.2901066674126 78.7639115651449 79.237716462877 79.7115213606092 80.4669127782185 81.3161663691202 82.1654199600218 83.0146735509236 83.8639271418253 84.7131807327269 85.5624343236287 86.897770733303 89.6913555992967 92.484940465291 95.2785253312847 98.0721101972785
74.3381690555147 75.4905851999918 76.6430013444687 77.7954174889456 78.6309870402018 79.3609410603841 80.0908950805663 80.8208491007487 81.550803120931 82.2807571411132 83.0107111612956 83.3054509480798 82.2945480346684 81.2836451212568 80.2727422078454 79.261839294434 78.2509363810224 77.240033467611 76.2291305541996 75.9379432678224 75.8866611904569 75.8353791130915 75.784097035726 75.7328149583606 75.6815328809951 75.6302508036297 75.7111747317844 76.1887166765001 76.6662586212158 77.1438005659315 77.6213425106472 78.098884455363 78.5764264000786 79.0539683447943 79.8028038660685 80.6420705795287 81.4813372929889 82.3206040064493 83.1598707199096 83.9991374333698 84.8384041468302 86.1752817365853 89.0049919552266 91.8347021738684 94.6644123925097 97.494122611151
73.2986604054768 74.4150966644287 75.5315329233805 76.6479691823322 77.4734420776368 78.2019271850586 78.9304122924805 79.6588973999024 80.3873825073242 81.1158676147461 81.844352722168 82.1438618977869 81.1564432779953 80.1690246582035 79.1816060384119 78.1941874186203 77.2067687988285 76.2193501790369 75.2319315592452 74.9772834777834 74.9668922424318 74.9565010070802 74.9461097717287 74.9357185363771 74.9253273010255 74.914936065674 75.027462387085 75.5087413787842 75.9900203704834 76.4712993621826 76.9525783538818 77.4338573455811 77.9151363372803 78.3964153289795 79.1386949539184 79.9679747899373 80.7972546259561 81.6265344619751 82.4558142979939 83.2850941340128 84.1143739700317 85.4527927398676 88.3186283111565 91.1844638824459 94.0502994537348 96.9161350250237
72.2591517554388 73.3396081288655 74.4200645022921 75.5005208757187 76.3158971150716 77.0429133097331 77.7699295043945 78.496945699056 79.2239618937175 79.9509780883789 80.6779942830404 80.9822728474939 80.018338521322 79.0544041951501 78.0904698689782 77.1265355428064 76.1626012166344 75.1986668904626 74.2347325642908 74.0166236877443 74.0471232944066 74.0776229010689 74.1081225077312 74.1386221143935 74.1691217210559 74.1996213277182 74.3437500423855 74.8287660810682 75.313782119751 75.7987981584337 76.2838141971164 76.7688302357992 77.2538462744819 77.7388623131646 78.4745860417683 79.2938790003458 80.1131719589232 80.9324649175008 81.7517578760782 82.5710508346556 83.3903437932332 84.7303037431499 87.6322646670864 90.5342255910234 93.4361865149598 96.3381474388963
71.6951870812307 72.6642749786376 73.6333628760442 74.6024507734509 75.3577997843424 76.0419024997287 76.7260052151149 77.4101079305013 78.0942106458876 78.7783133612738 79.4624160766602 79.7391071743439 78.7935634189186 77.8480196634931 76.9024759080679 75.9569321526426 75.0113883972171 74.0658446417918 73.1203008863665 72.9770432154339 73.1012142393325 73.2253852632311 73.3495562871298 73.4737273110284 73.597898334927 73.7220693588257 73.9285424974229 74.381921980116 74.8353014628092 75.2886809455023 75.7420604281955 76.1954399108886 76.6488193935818 77.1021988762749 77.9378131866454 78.9008391062417 79.8638650258379 80.8268909454344 81.7899168650306 82.7529427846269 83.7159687042233 85.15720907847 88.0330928166698 90.90897655487 93.7848602930697 96.6607440312694
71.606766382853 72.389097213745 73.1714280446369 73.9537588755289 74.5991500854492 75.1988947550456 75.7986394246419 76.3983840942383 76.9981287638347 77.597873433431 78.1976181030275 78.414364878337 77.482117970785 76.5498710632328 75.6176241556808 74.6853772481287 73.7531303405765 72.8208834330245 71.8886365254725 71.8585420608522 72.1291650772096 72.399788093567 72.6704111099244 72.9410341262817 73.2116571426392 73.4822801589966 73.7818397521972 74.1682090759277 74.5545783996582 74.9409477233886 75.3273170471191 75.7136863708496 76.1000556945801 76.4864250183105 77.5283763885497 78.788855107625 80.0493338267005 81.3098125457761 82.5702912648515 83.8307699839269 85.0912487030025 86.7335087458284 89.521112759907 92.3087167739861 95.0963207880647 97.8839248021434
71.5183456844752 72.1139194488525 72.7094932132296 73.3050669776068 73.840500386556 74.3558870103624 74.8712736341688 75.3866602579753 75.9020468817817 76.4174335055881 76.9328201293946 77.08962258233 76.1706725226513 75.2517224629723 74.3327724032936 73.4138223436148 72.4948722839359 71.5759222242571 70.6569721645783 70.7400409062704 71.1571159150866 71.5741909239027 71.9912659327189 72.4083409415351 72.8254159503512 73.2424909591674 73.6351370069715 73.9544961717393 74.2738553365072 74.5932145012749 74.9125736660427 75.2319328308106 75.5512919955784 75.8706511603461 77.1189395904539 78.6768711090084 80.234802627563 81.7927341461178 83.3506656646724 84.908597183227 86.4665287017818 88.3098084131868 91.0091327031444 93.7084569931024 96.4077812830599 99.1071055730174
71.4299249860974 71.8387416839599 72.2475583818223 72.6563750796848 73.0818506876628 73.5128792656793 73.9439078436957 74.3749364217123 74.8059649997288 75.2369935777452 75.6680221557618 75.7648802863231 74.8592270745176 73.9535738627119 73.0479206509064 72.1422674391009 71.2366142272952 70.3309610154897 69.4253078036842 69.6215397516887 70.1850667529636 70.7485937542385 71.3121207555135 71.8756477567884 72.4391747580633 73.0027017593383 73.4884342617458 73.740783267551 73.9931322733561 74.2454812791612 74.4978302849663 74.7501792907715 75.0025282965766 75.2548773023817 76.7095027923581 78.5648871103919 80.4202714284256 82.2756557464596 84.1310400644933 85.986424382527 87.841808700561 89.8861080805453 92.4971526463817 95.1081972122186 97.7192417780551 100.330286343892
71.3415042877197 71.5635639190674 71.7856235504151 72.0076831817627 72.3232009887696 72.6698715209962 73.0165420532227 73.3632125854493 73.7098831176759 74.0565536499024 74.4032241821291 74.4401379903162 73.547781626384 72.6554252624515 71.7630688985193 70.8707125345871 69.9783561706546 69.0859998067224 68.1936434427902 68.503038597107 69.2130175908407 69.9229965845743 70.6329755783081 71.3429545720418 72.0529335657754 72.7629125595092 73.3417315165202 73.5270703633626 73.7124092102051 73.8977480570476 74.08308690389 74.2684257507325 74.4537645975749 74.6391034444174 76.3000659942624 78.4529031117752 80.6057402292881 82.7585773468013 84.9114144643142 87.064251581827 89.2170886993402 91.4624077479036 93.985172589619 96.5079374313348 99.0307022730501 101.553467114766
71.2530835893419 71.2883861541748 71.3236887190078 71.3589912838407 71.5645512898764 71.826863776313 72.0891762627496 72.3514887491863 72.6138012356229 72.8761137220596 73.1384262084962 73.1153956943092 72.2363361782502 71.3572766621911 70.4782171461321 69.5991576300731 68.720098114014 67.841038597955 66.961979081896 67.3845374425252 68.2409684287177 69.0973994149101 69.9538304011026 70.8102613872951 71.6666923734875 72.5231233596801 73.1950287712945 73.3133574591743 73.431686147054 73.5500148349338 73.6683435228136 73.7866722106934 73.9050008985732 74.023329586453 75.8906291961666 78.3409191131586 80.7912090301506 83.2414989471431 85.6917888641351 88.1420787811271 90.5923686981195 93.0387074152621 95.4731925328564 97.907677650451 100.342162768045 102.77664788564
