data/working_set_collections/6091692-Cassins_Sparrow-MC/1980/bio18.asc
NCOLS 265 
NROWS 230 
XLLCORNER -115.5625 
YLLCORNER 24.8333333333333 
CELLSIZE 0.0833333333333333 
NODATA_value -9999 
[rows 140 to 159 of 230, columns 0 to 45 of 265]
41.9193286365932 42.653505484263 43.3876823319327 44.1218591796026 44.8560360272723 45.5902128749421 46.324389722612 48.5013579050694 51.1592565324565 53.8171551598439 56.475053787231 59.132952414618 61.7908510420055 64.4487496693925 67.0413075129186 69.4378430048622 71.8343784968055 74.2309139887487 76.6274494806924 79.0239849726356 81.4205204645788 83.8170559565225 86.8849257151281 90.1765735626213 93.4682214101151 96.7598692576083 100.051517105102 103.343164952595 106.634812800089 109.533867941962 111.255144966973 112.976421991983 114.697699016994 116.418976042005 118.140253067016 119.861530092026 121.582807117037 125.951209004718 131.201985846623 136.452762688529 141.703539530434 146.954316372339 152.205093214245 157.45587005615 162.068903944226 164.76870897081
42.0451101197136 42.8934126218158 43.7417151239181 44.5900176260205 45.4383201281228 46.286622630225 47.1349251323274 49.231958897908 51.7452364179817 54.2585139380558 56.7717914581294 59.2850689782031 61.7983464982772 64.3116240183508 66.7729541142777 69.0784419377643 71.3839297612505 73.6894175847367 75.9949054082233 78.3003932317095 80.6058810551957 82.9113688786823 86.3394822438552 90.141804122924 93.9441260019933 97.7464478810621 101.548769760131 105.3510916392 109.153413518269 112.527099566989 114.61487812466 116.702656682332 118.790435240003 120.878213797675 122.965992355346 125.053770913017 127.141549470689 131.790877787271 137.29405602349 142.79723425971 148.300412495929 153.803590732149 159.306768968369 164.809947204588 169.510683865016 171.804095798067
42.1708916028339 43.1333197593687 44.0957479159034 45.0581760724384 46.0206042289731 46.9830323855079 47.9454605420428 49.9625598907465 52.3312163035068 54.6998727162676 57.0685291290279 59.4371855417882 61.8058419545489 64.1744983673092 66.5046007156368 68.7190408706663 70.9334810256955 73.1479211807247 75.3623613357543 77.5768014907834 79.7912416458126 82.0056818008422 85.7940387725824 90.1070346832266 94.4200305938715 98.7330265045157 103.04602241516 107.359018325805 111.672014236449 115.520331192016 117.974611282348 120.42889137268 122.883171463011 125.337451553344 127.791731643676 130.246011734007 132.70029182434 137.630546569822 143.386126200356 149.14170583089 154.897285461424 160.652865091957 166.408444722492 172.164024353025 176.952463785806 178.839482625324
42.2966730859543 43.3732268969216 44.4497807078888 45.5263345188563 46.6028883298235 47.6794421407908 48.7559959517583 50.6931608835851 52.9171961890321 55.1412314944794 57.3652667999263 59.5893021053733 61.8133374108206 64.0373727162675 66.2362473169958 68.3596398035683 70.4830322901405 72.6064247767127 74.7298172632852 76.8532097498573 78.9766022364295 81.099994723002 85.2485953013095 90.0722652435292 94.8959351857497 99.7196051279694 104.543275070189 109.36694501241 114.190614954629 118.513562817043 121.334344440036 124.155126063028 126.97590768602 129.796689309013 132.617470932006 135.438252554998 138.259034177991 143.470215352374 149.478196377222 155.486177402071 161.494158426919 167.502139451766 173.510120476615 179.518101501463 184.394243706596 185.874869452581
42.4118937386405 43.6104092280068 44.808924717373 46.0074402067394 47.2059556961057 48.4044711854719 49.6029866748384 51.5282555580134 53.6957755724583 55.8632955869035 58.0308156013484 60.1983356157933 62.3658556302385 64.5333756446833 66.6721636242331 68.7247554990977 70.777347373962 72.8299392488262 74.8825311236908 76.9351229985551 78.9877148734193 81.0403067482839 85.4308819452912 90.6007849163466 95.770687887403 100.940590858458 106.110493829514 111.28039680057 116.450299771626 121.107714631821 124.227665159437 127.347615687052 130.467566214666 133.587516742282 136.707467269897 139.827417797511 142.947368325127 148.299852498371 154.396514553492 160.493176608614 166.589838663736 172.686500718857 178.783162773979 184.8798248291 189.755552546183 190.968477249145
42.5165535608926 43.8448667526242 45.1731799443559 46.5014931360878 47.8298063278195 49.1581195195512 50.4864327112831 52.4678439140314 54.6669544537856 56.86606499354 59.0651755332941 61.2642860730482 63.4633966128027 65.6625071525568 67.8123496373488 69.8143879572546 71.8164262771601 73.8184645970656 75.8205029169715 77.822541236877 79.8245795567825 81.8266178766883 86.3408987045277 91.6925937016791 97.0442886988314 102.395983695983 107.747678693134 113.099373690286 118.451068687438 123.302786636351 126.654573440551 130.00636024475 133.358147048949 136.709933853148 140.061720657348 143.413507461546 146.765294265746 152.119458007811 158.141080729165 164.16270345052 170.184326171873 176.205948893227 182.227571614582 188.249194335936 193.036390304565 194.120306015014
42.6212133831446 44.0793242772417 45.5374351713389 46.9955460654362 48.4536569595334 49.9117678536305 51.3698787477279 53.4074322700495 55.6381333351129 57.8688344001766 60.09953546524 62.3302365303033 64.560937595367 66.7916386604304 68.9525356504646 70.9040204154117 72.8555051803584 74.8069899453051 76.7584747102522 78.7099594751989 80.6614442401457 82.6129290050927 87.2509154637644 92.7844024870117 98.3178895102599 103.851376533507 109.384863556754 114.918350580003 120.45183760325 125.497858640882 129.081481721665 132.665104802449 136.248727883232 139.832350964016 143.415974044799 146.999597125582 150.583220206366 155.939063517251 161.885646904838 167.832230292425 173.778813680011 179.725397067598 185.671980455185 191.618563842772 196.317228062947 197.272134780883
42.7258732053967 44.3137818018592 45.9016903983218 47.4895989947847 49.0775075912472 50.6654161877098 52.2533247841726 54.3470206260676 56.6093122164402 58.8716038068132 61.1338953971858 63.3961869875584 65.6584785779313 67.9207701683039 70.0927216635804 71.9936528735687 73.8945840835567 75.7955152935447 77.6964465035329 79.5973777135209 81.4983089235089 83.3992401334971 88.160932223001 93.8762112723442 99.5914903216884 105.306769371032 111.022048420375 116.737327469719 122.452606519062 127.692930645412 131.50839000278 135.323849360147 139.139308717515 142.954768074883 146.77022743225 150.585686789617 154.401146146985 159.758669026691 165.63021308051 171.501757134331 177.37330118815 183.244845241969 189.116389295789 194.987933349608 199.598065821329 200.423963546752
42.8305330276487 44.5482393264767 46.2659456253047 47.983651924133 49.701358222961 51.419064521789 53.1367708206173 55.2866089820856 57.5804910977675 -9999 -9999 -9999 -9999 69.0499016761774 71.2329076766962 73.0832853317257 74.9336629867549 76.7840406417841 78.6344182968136 80.4847959518428 82.335173606872 84.1855512619015 89.0709489822376 94.9680200576767 100.865091133117 106.762162208556 112.659233283995 118.556304359435 124.453375434874 129.888002649942 133.935298283894 137.982593917846 142.029889551797 146.077185185749 150.124480819701 154.171776453652 158.219072087605 163.578274536131 169.374779256183 175.171283976236 180.967788696287 186.764293416339 192.560798136392 198.357302856444 202.878903579711 203.575792312621
42.9351928499008 44.7826968510942 46.6302008522877 48.4777048534814 50.3252088546749 52.1727128558683 54.0202168570621 56.2261973381037 58.5516699790948 -9999 -9999 -9999 -9999 -9999 72.373093689812 74.1729177898827 75.9727418899532 77.7725659900236 79.5723900900943 81.3722141901648 83.1720382902352 84.971862390306 89.9809657414743 96.0598288430093 102.138691944545 108.21755504608 114.296418147615 120.375281249151 126.454144350686 132.083074654472 136.362206565008 140.641338475544 144.92047038608 149.199602296616 153.478734207152 157.757866117688 162.036998028224 167.397880045571 173.119345431856 178.840810818141 184.562276204426 190.28374159071 196.005206976995 201.72667236328 206.159741338093 206.727621078491
42.6566901206969 44.5648058891294 46.472921657562 48.3810374259948 50.2891531944273 52.1972689628598 54.1053847312926 56.2238999048867 58.4125482135346 -9999 -9999 -9999 -9999 -9999 -9999 -9999 75.0292386690778 76.821222082774 -9999 -9999 -9999 83.9891557375593 89.1699680328363 95.4803899553077 101.79081187778 108.101233800252 114.411655722723 120.722077645195 127.032499567667 133.01590877109 138.018279817368 143.020650863646 148.023021909924 153.025392956202 158.02776400248 163.030135048758 168.032506095036 173.152266311643 178.311156251693 183.470046191744 188.628936131793 193.787826071843 198.946716011894 204.105605951944 208.115643692016 208.679124832153
41.9950248400369 43.8945664405821 45.7941080411272 47.6936496416727 49.5931912422178 51.492732842763 53.3922744433084 55.2797166824339 57.1631258010862 -9999 -9999 -9999 -9999 -9999 -9999 -9999 -9999 -9999 -9999 -9999 -9999 -9999 86.6379558563225 93.2297033945708 99.8214509328202 106.413198471069 113.004946009317 119.596693547566 126.188441085814 132.686504999795 138.903518040974 145.120531082152 151.33754412333 157.554557164509 163.771570205686 169.988583246864 176.205596288043 180.841433334349 184.950211715696 189.058990097044 193.167768478392 197.27654685974 201.385325241088 205.494103622436 208.746610641479 209.430303573608
41.3333595593769 43.2243269920347 45.1152944246925 47.0062618573506 48.8972292900083 50.7881967226661 52.6791641553242 54.3355334599811 55.9137033886378 -9999 -9999 -9999 -9999 -9999 -9999 -9999 -9999 -9999 -9999 -9999 -9999 -9999 -9999 90.9790168338339 97.8520899878603 104.725163141885 111.598236295911 118.471309449937 125.344382603962 132.3571012285 139.78875626458 147.220411300658 154.652066336736 162.083721372815 169.515376408893 176.947031444971 184.37868648105 188.530600357054 191.589267179699 194.647934002345 197.706600824991 200.765267647636 203.823934470282 206.882601292927 209.377577590942 210.181482315063
40.671694278717 42.5540875434874 44.4364808082578 46.3188740730285 48.2012673377989 50.0836606025693 51.96605386734 53.3913502375285 54.6642809761895 -9999 -9999 -9999 -9999 -9999 -9999 -9999 -9999 -9999 -9999 -9999 -9999 -9999 -9999 -9999 -9999 103.037127812703 110.191526582505 117.345925352308 124.50032412211 132.027697457206 140.673994488185 149.320291519163 157.966588550141 166.612885581121 175.259182612099 183.905479643077 192.551776674056 196.219767379759 198.228322643702 200.236877907646 202.245433171589 204.253988435532 206.262543699476 208.271098963419 210.008544540405 210.932661056518
40.0100289980569 41.88384809494 43.757667191823 45.6314862887064 47.5053053855894 49.3791244824724 51.2529435793558 52.4471670150757 53.414858563741 -9999 -9999 -9999 -9999 -9999 -9999 -9999 -9999 -9999 -9999 -9999 -9999 -9999 -9999 -9999 -9999 -9999 -9999 -9999 -9999 131.698293685911 141.559232711791 151.420171737669 161.281110763547 171.142049789427 181.002988815305 190.863927841183 200.724866867063 203.908934402464 204.867378107705 205.825821812947 206.784265518188 207.742709223429 208.70115292867 209.659596633911 210.639511489868 211.683839797973
39.3483637173969 41.2136086463926 43.0788535753883 44.9440985043842 46.8093434333799 48.6745883623756 50.5398332913716 51.5029837926229 52.1654361512926 -9999 -9999 -9999 -9999 -9999 -9999 -9999 -9999 -9999 -9999 -9999 -9999 -9999 -9999 -9999 -9999 -9999 -9999 -9999 -9999 131.368889914616 142.444470935396 153.520051956175 164.595632976953 175.671213997733 186.746795018511 197.82237603929 208.89795706007 211.59810142517 211.506433571709 211.414765718247 211.323097864786 211.231430011325 211.139762157864 211.048094304402 211.270478439331 212.435018539428
38.4138290352292 40.1046380519867 41.7954470687442 43.486256085502 45.1770651022595 46.867874119017 48.5586831357748 49.4659392515823 50.112011067073 50.7580828825637 -9999 -9999 -9999 -9999 -9999 -9999 -9999 -9999 -9999 -9999 -9999 -9999 -9999 -9999 -9999 -9999 -9999 -9999 -9999 129.107969050935 140.999452696906 152.890936342874 164.782419988842 176.673903634812 188.56538728078 200.456870926749 212.348354572719 214.901932017009 214.342874060737 213.783816104465 213.224758148194 212.665700191922 212.10664223565 211.547584279378 211.455806181166 212.765867657132
37.2064249515534 38.5569363117218 39.9074476718903 41.257959032059 42.6084703922274 43.9589817523958 45.3094931125645 46.3360333919529 47.2545833110812 48.1731332302097 -9999 -9999 -9999 -9999 -9999 -9999 -9999 -9999 -9999 -9999 -9999 -9999 -9999 -9999 -9999 -9999 -9999 -9999 -9999 124.915531094867 137.224177996317 149.532824897765 161.841471799212 174.150118700662 186.45876560211 198.767412503558 211.076059405008 213.820426177979 213.376699574789 212.932972971598 212.489246368408 212.045519765218 211.601793162028 211.158066558838 211.195494715372 212.676387151082
35.9990208678776 37.009234571457 38.0194482750363 39.0296619786159 40.0398756821952 41.0500893857746 42.0603030893541 43.2061275323234 44.3971555550895 45.5881835778557 -9999 -9999 -9999 -9999 -9999 -9999 -9999 -9999 -9999 -9999 -9999 -9999 -9999 -9999 -9999 -9999 -9999 -9999 -9999 120.723093138798 133.448903295728 146.174713452655 158.900523609583 171.626333766512 184.35214392344 197.077954080367 209.803764237297 212.738920338949 212.41052508884 212.082129838732 211.753734588623 211.425339338515 211.096944088406 210.768548838298 210.935183249579 212.586906645033
34.7916167842019 35.4615328311922 36.1314488781825 36.801364925173 37.4712809721633 38.1411970191536 38.811113066144 40.0762216726943 41.5397277990979 43.0032339255019 44.4667400519055 45.9302461783092 -9999 -9999 -9999 -9999 -9999 -9999 -9999 -9999 -9999 -9999 -9999 -9999 -9999 -9999 -9999 -9999 -9999 116.53065518273 129.673628595139 142.816602007546 155.959575419953 169.102548832363 182.24552224477 195.388495657176 208.531469069586 211.657414499919 211.444350602892 211.231286705865 211.018222808838 210.805158911811 210.592095014784 210.379031117757 210.674871783786 212.497426138984
