data/working_set_collections/6091692-Cassins_Sparrow-MC/1980/bio17.asc
NCOLS 265 
NROWS 230 
XLLCORNER -115.5625 
YLLCORNER 24.8333333333333 
CELLSIZE 0.0833333333333333 
NODATA_value -9999 
[rows 160 to 179 of 230, columns 138 to 183 of 265]
28.7241556326547 28.9483396053314 29.1725235780079 29.3967075506845 29.6560564994811 29.9271271069843 30.1981977144876 30.4692683219909 30.7403389294941 31.0114095369973 31.2824801445006 31.7413007577257 32.7633713881171 33.7854420185086 34.8075126489 35.8295832792914 36.8516539096829 37.8737245400743 38.8957951704657 40.7783423423762 42.9477150281264 45.1170877138766 47.2864603996271 49.4558330853773 51.6252057711276 53.7945784568781 55.3491340637206 55.0592384338378 54.769342803955 54.4794471740722 54.1895515441894 53.8996559143065 53.6097602844237 53.319864654541 55.3786436080927 58.2203140894564 61.0619845708202 63.9036550521845 66.7453255335483 69.5869960149121 72.4286664962763 75.1925144195551 77.7228946685784 80.2532749176021 82.7836551666254 85.3140354156487
28.846147860421 29.1138542652129 29.3815606700049 29.6492670747968 29.9310266812642 30.21747068829 30.5039146953158 30.7903587023416 31.0768027093674 31.3632467163932 31.6496907234191 32.1382421864401 33.2331160174472 34.3279898484545 35.4228636794617 36.5177375104688 37.6126113414761 38.7074851724833 39.8023590034904 41.7132616360977 43.8961738692383 46.0790861023789 48.2619983355199 50.4449105686605 52.6278228018011 54.8107350349421 56.3673006693521 56.0448265075683 55.7223523457844 55.3998781840006 55.0774040222168 54.7549298604329 54.432455698649 54.1099815368652 56.094994036356 58.8491687562723 61.6033434761887 64.3575181961054 67.1116929160217 69.865867635938 72.6200423558548 75.304534361097 77.7799782223164 80.2554220835364 82.7308659447558 85.2063098059753
28.8255800406138 29.1235444545746 29.4215088685353 29.7194732824961 30.0270429611206 30.3378143946329 30.6485858281453 30.9593572616577 31.27012869517 31.5809001286823 31.8916715621947 32.4144057061934 33.5730279816518 34.7316502571103 35.8902725325687 37.0488948080271 38.2075170834856 39.366139358944 40.5247616344024 42.4389224688207 44.604929489559 46.7709365102973 48.9369435310359 51.1029505517742 53.2689575725125 55.4349645932511 56.9743403116862 56.6338221232097 56.2933039347331 55.9527857462566 55.61226755778 55.2717493693034 54.9312311808269 54.5907129923503 56.5108804702754 59.1846098370016 61.8583392037278 64.5320685704545 67.2057979371807 69.8795273039069 72.5532566706336 75.1777135848994 77.654353141784 80.130992698669 82.6076322555537 85.0842718124383
28.662452173233 28.9774101734161 29.2923681735992 29.6073261737823 29.9441053390502 30.2881582260131 30.632211112976 30.9762639999389 31.3203168869018 31.6643697738646 32.0084226608276 32.5697913169858 33.7831072807308 34.9964232444761 36.2097392082211 37.4230551719661 38.6363711357114 39.8496870994564 41.0630030632015 42.9553248405452 45.0739818890884 47.1926389376316 49.3112959861751 51.4299530347183 53.5486100832615 55.667267131805 57.1702529907227 56.8262252807618 56.4821975708008 56.1381698608399 55.794142150879 55.450114440918 55.1060867309571 54.7620590209962 56.6263029098506 59.2266373316441 61.8269717534376 64.4273061752315 67.027640597025 69.6279750188185 72.2283094406124 74.8120520909622 77.346019426981 79.8799867630001 82.4139540990188 84.9479214350376
28.4993243058522 28.8312758922577 29.1632274786631 29.4951790650685 29.8611677169799 30.2385020573933 30.6158363978067 30.9931707382202 31.3705050786335 31.7478394190469 32.1251737594604 32.7251769277782 33.9931865798099 35.2611962318418 36.5292058838735 37.7972155359052 39.0652251879371 40.3332348399689 41.6012444920006 43.4717272122697 45.5430342886178 47.6143413649658 49.6856484413143 51.7569555176624 53.8282625940105 55.8995696703589 57.3661656697592 57.0186284383139 56.6710912068685 56.3235539754232 55.9760167439779 55.6284795125326 55.2809422810873 54.933405049642 56.7417253494258 59.2686648262866 61.7956043031473 64.3225437800085 66.8494832568693 69.3764227337301 71.9033622105913 74.446390597025 77.0376857121778 79.6289808273311 82.220275942484 84.8115710576368
28.3361964384714 28.6851416110992 29.034086783727 29.3830319563547 29.7782300949096 30.1888458887735 30.5994616826374 31.0100774765014 31.4206932703653 31.8313090642292 32.2419248580932 32.8805625385705 34.2032658788889 35.5259692192075 36.8486725595259 38.1713758998443 39.4940792401629 40.8167825804812 42.1394859207996 43.9881295839941 46.0120866881471 48.0360437923001 50.0600008964534 52.0839580006064 54.1079151047594 56.1318722089128 57.5620783487956 57.211031595866 56.8599848429362 56.5089380900066 56.1578913370769 55.8068445841472 55.4557978312175 55.1047510782878 56.857147789001 59.3106923209291 61.7642368528571 64.2177813847856 66.6713259167136 69.1248704486417 71.5784149805701 74.0807291030878 76.7293519973748 79.3779748916622 82.0265977859491 84.6752206802361
28.1730685710906 28.5390073299408 28.9049460887908 29.2708848476409 29.6952924728393 30.1391897201537 30.5830869674681 31.0269842147826 31.4708814620971 31.9147787094115 32.358675956726 33.0359481493629 34.4133451779679 35.7907422065732 37.1681392351783 38.5455362637833 39.9229332923886 41.3003303209937 42.6777273495987 44.5045319557186 46.4811390876765 48.4577462196344 50.4343533515926 52.4109604835505 54.3875676155084 56.3641747474667 57.7579910278321 57.403434753418 57.0488784790039 56.6943222045899 56.3397659301758 55.9852096557618 55.6306533813477 55.2760971069337 56.9725702285762 59.3527198155716 61.7328694025669 64.1130189895626 66.4931685765579 68.8733181635532 71.253467750549 73.7150676091507 76.4210182825717 79.1269689559932 81.8329196294143 84.5388703028353
28.0099407037098 28.3928730487823 28.7758053938547 29.1587377389271 29.612354850769 30.0895335515339 30.5667122522989 31.0438909530639 31.5210696538288 31.9982483545938 32.4754270553588 33.1913337601552 34.623424477047 36.0555151939389 37.4876059108307 38.9196966277224 40.3517873446144 41.7838780615061 43.2159687783978 45.020934327443 46.9501914872059 48.8794486469687 50.8087058067318 52.7379629664946 54.6672201262574 56.5964772860206 57.9539037068685 57.5958379109701 57.2377721150716 56.8797063191732 56.5216405232748 56.1635747273763 55.8055089314779 55.4474431355795 57.0879926681514 59.394747310214 61.7015019522766 64.0082565943396 66.3150112364022 68.6217658784648 70.9285205205278 73.3494061152135 76.1126845677686 78.8759630203243 81.6392414728794 84.4025199254346
27.7103090339237 28.0911485513052 28.4719880686866 28.852827586068 29.3389380137126 29.8601387447781 30.3813394758436 30.9025402069091 31.4237409379746 31.9449416690401 32.4661424001057 33.2202557563779 34.6731069882707 36.1259582201638 37.5788094520566 39.0316606839494 40.4845119158425 41.9373631477353 43.3902143796281 45.1574628829953 47.0295104768538 48.9015580707122 50.7736056645709 52.6456532584293 54.5177008522877 56.3897484461465 57.7039526621503 57.3446267445885 56.9853008270266 56.6259749094647 56.2666489919029 55.907323074341 55.5479971567792 55.1886712392174 56.7741548856097 59.007908386654 61.2416618876982 63.4754153887429 65.7091688897872 67.9429223908314 70.1766758918761 72.5505305820037 75.344688839382 78.1388470967608 80.9330053541391 83.7271636115175
27.2741735617319 27.6338338375092 27.9934941132863 28.3531543890635 28.8750419616699 29.451005299886 30.0269686381021 30.6029319763183 31.1788953145344 31.7548586527505 32.3308219909667 33.1227141380307 34.562392711639 36.0020712852476 37.4417498588559 38.8814284324642 40.3211070060728 41.7607855796811 43.2004641532894 44.9141176223752 46.7190960566199 48.5240744908646 50.3290529251096 52.1340313593543 53.939009793599 55.743988227844 57.008137893677 56.6498012542727 56.2914646148683 55.9331279754641 55.5747913360598 55.2164546966554 54.8581180572512 54.4997814178469 56.0310568809507 58.192203044891 60.3533492088313 62.514495372772 64.6756415367123 66.8367877006526 68.9979338645933 71.3184410095211 74.1170310974115 76.9156211853025 79.7142112731929 82.5128013610834
26.8380380895402 27.1765191237132 27.5150001578861 27.853481192059 28.4111459096272 29.0418718549939 29.6725978003607 30.3033237457275 30.9340496910942 31.5647756364609 32.1955015818277 33.0251725196835 34.4516784350073 35.8781843503314 37.3046902656552 38.731196180979 40.1577020963031 41.5842080116269 43.0107139269507 44.6707723617551 46.4086816363861 48.1465909110171 49.8845001856484 51.6224094602794 53.3603187349103 55.0982280095416 56.3123231252036 55.9549757639569 55.5976284027101 55.2402810414634 54.8829336802167 54.5255863189699 54.1682389577232 53.8108915964764 55.2879588762917 57.376497703128 59.4650365299644 61.5535753568011 63.6421141836375 65.7306530104739 67.8191918373106 70.0863514370384 72.889373355441 75.6923952738441 78.4954171922467 81.2984391106493
26.4019026173486 26.7192044099172 27.0365062024858 27.3538079950545 27.9472498575846 28.6327384101019 29.3182269626192 30.0037155151367 30.689204067654 31.3746926201713 32.0601811726887 32.9276309013364 34.3409641583757 35.7542974154152 37.1676306724545 38.5809639294938 39.9942971865334 41.4076304435727 42.820963700612 44.427427101135 46.0982672161523 47.7691073311696 49.4399474461871 51.1107875612044 52.7816276762217 54.4524677912393 55.6165083567304 55.2601502736412 54.903792190552 54.5474341074628 54.1910760243736 53.8347179412844 53.4783598581952 53.122001775106 54.5448608716327 56.5607923613651 58.5767238510976 60.5926553408303 62.6085868305628 64.6245183202952 66.640449810028 68.8542618645558 71.6617156134706 74.4691693623858 77.2766231113006 80.0840768602154
25.9657671451568 26.2618896961212 26.5580122470856 26.8541347980499 27.483353805542 28.2236049652099 28.9638561248778 29.7041072845458 30.4443584442137 31.1846096038817 31.9248607635497 32.8300892829892 34.230249881744 35.630410480499 37.0305710792539 38.4307316780087 39.8308922767637 41.2310528755185 42.6312134742733 44.1840818405149 45.7878527959185 47.391623751322 48.9953947067259 50.5991656621294 52.202936617533 53.8067075729368 54.920693588257 54.5653247833254 54.2099559783937 53.8545871734621 53.4992183685305 53.1438495635988 52.7884807586672 52.4331119537356 53.8017628669737 55.7450870196022 57.6884111722306 59.6317353248595 61.5750594774879 63.5183836301164 65.4617077827452 67.6221722920731 70.4340578715001 73.2459434509275 76.0578290303544 78.8697146097813
25.5296316729651 25.8045749823253 26.0795182916853 26.3544616010454 27.0194577534993 27.8144715203178 28.6094852871363 29.404499053955 30.1995128207735 30.994526587592 31.7895403544107 32.732547664642 34.1195356051123 35.5065235455829 36.8935114860532 38.2804994265235 39.667487366994 41.0544753074643 42.4414632479346 43.9407365798948 45.4774383756846 47.0141401714745 48.5508419672646 50.0875437630545 51.6242455588443 53.1609473546344 54.2248788197837 53.8704992930096 53.5161197662355 53.1617402394614 52.8073607126874 52.4529811859133 52.0986016591392 51.7442221323651 53.0586648623146 54.9293816778392 56.8000984933637 58.6708153088886 60.5415321244131 62.4122489399376 64.2829657554625 66.3900827195905 69.2064001295295 72.0227175394691 74.8390349494082 77.6553523593472
25.1161290433672 25.3755231380463 25.6349172327254 25.8943113274045 26.5877549171447 27.4258816719054 28.2640084266661 29.1021351814269 29.9402619361876 30.7783886909483 31.6165154457091 32.5814067946537 33.9265919261505 35.2717770576475 36.6169621891443 37.9621473206411 39.3073324521381 40.6525175836349 41.9977027151317 43.4421829223632 44.9197614881726 46.397340053982 47.8749186197916 49.352497185601 50.8300757514104 52.30765431722 53.327780331506 52.9755486912201 52.6233170509341 52.2710854106482 51.9188537703623 51.5666221300764 51.2143904897905 50.8621588495046 52.1402049382527 53.9616769366792 55.7831489351058 57.6046209335326 59.4260929319592 61.2475649303857 63.0690369288126 65.1293286959326 67.906079769134 70.6828308423358 73.4595819155372 76.2363329887386
24.7252592563629 24.9747341632843 25.2242090702057 25.4736839771271 26.1882452964782 27.0578354199726 27.927425543467 28.7970156669616 29.666605790456 30.5361959139504 31.405786037445 32.3766666730242 33.6514188448585 34.926171016693 36.2009231885272 37.4756753603615 38.7504275321959 40.0251797040302 41.2999318758644 42.6884208679198 44.114822133382 45.5412233988441 46.9676246643066 48.3940259297687 49.8204271952309 51.2468284606933 52.2293981234235 51.8804729779564 51.5315478324893 51.1826226870222 50.8336975415551 50.4847723960879 50.1358472506208 49.7869221051537 51.0463830947875 52.841972796122 54.6375624974566 56.4331521987914 58.2287419001259 60.0243316014605 61.8199213027953 63.8399102210995 66.5330967903132 69.2262833595274 71.9194699287411 74.6126564979548
24.3343894693586 24.5739451885224 24.813500907686 25.0530566268497 25.7887356758117 26.6897891680398 27.5908426602679 28.4918961524962 29.3929496447244 30.2940031369525 31.1950566291808 32.1719265513947 33.3762457635665 34.5805649757384 35.7848841879101 36.9892034000818 38.1935226122537 39.3978418244254 40.6021610365971 41.9346588134764 43.3098827785914 44.6851067437063 46.0603307088215 47.4355546739365 48.8107786390514 50.1860026041666 51.1310159153411 50.7853972646928 50.4397786140444 50.0941599633961 49.7485413127478 49.4029226620994 49.0573040114511 48.7116853608028 49.9525612513223 51.7222686555648 53.4919760598073 55.2616834640502 57.0313908682927 58.8010982725352 60.570805676778 62.5504917462663 65.1601138114924 67.7697358767189 70.379357941945 72.9889800071711
23.9435196823544 24.1731562137604 24.4027927451664 24.6324292765724 25.3892260551452 26.321742916107 27.2542597770689 28.1867766380309 29.1192934989928 30.0518103599546 30.9843272209166 31.9671864297653 33.1010726822744 34.2349589347838 35.368845187293 36.5027314398022 37.6366176923115 38.7705039448207 39.9043901973299 41.1808967590331 42.5049434238009 43.8289900885686 45.1530367533366 46.4770834181043 47.801130082872 49.12517674764 50.0326337072587 49.6903215514292 49.3480093955996 49.0056972397701 48.6633850839406 48.321072928111 47.9787607722815 47.636448616452 48.8587394078572 50.6025645150077 52.3463896221582 54.090214729309 55.8340398364595 57.57786494361 59.3216900507609 61.2610732714332 63.7871308326717 66.3131883939106 68.8392459551491 71.3653035163876
23.5526498953501 23.7723672389984 23.9920845826467 24.211801926295 24.9897164344787 25.9536966641742 26.9176768938698 27.8816571235656 28.8456373532611 29.8096175829567 30.7735978126525 31.7624463081358 32.8258996009824 33.8893528938292 34.9528061866759 36.0162594795225 37.0797127723693 38.1431660652159 39.2066193580626 40.4271347045898 41.7000040690103 42.9728734334308 44.2457427978515 45.518612162272 46.7914815266925 48.0643508911132 48.9342514991763 48.5952458381656 48.2562401771548 47.9172345161441 47.5782288551333 47.2392231941226 46.9002175331118 46.5612118721011 47.764917564392 49.4828603744505 51.200803184509 52.9187459945678 54.6366888046263 56.3546316146848 58.0725744247436 59.9716547966 62.4141478538509 64.8566409111021 67.299133968353 69.7416270256038
23.1617801083459 23.3715782642365 23.581376420127 23.7911745760176 24.5902068138121 25.5856504122414 26.5810940106707 27.5765376091002 28.5719812075295 29.5674248059588 30.5628684043883 31.5577061865063 32.5507265196904 33.5437468528746 34.5367671860587 35.5297875192428 36.5228078524271 37.5158281856112 38.5088485187953 39.6733726501464 40.8950647142197 42.116756778293 43.3384488423665 44.5601409064397 45.781832970513 47.0035250345865 47.8358692910939 47.5001701249019 47.1644709587099 46.828771792518 46.4930726263261 46.1573734601341 45.8216742939422 45.4859751277502 46.6710957209268 48.3631562338933 50.0552167468598 51.7472772598265 53.439337772793 55.1313982857595 56.8234587987263 58.6822363217668 61.04116487503 63.4000934282937 65.7590219815569 68.1179505348201
