data/working_set_collections/6091692-Cassins_Sparrow-MC/1980/bio18.asc
NCOLS 265 
NROWS 230 
XLLCORNER -115.5625 
YLLCORNER 24.8333333333333 
CELLSIZE 0.0833333333333333 
NODATA_value -9999 
[rows 140 to 159 of 230, columns 138 to 183 of 265]
138.118397521973 136.696913146973 135.275428771973 133.853944396973 133.363083012899 133.182429292467 133.001775572035 132.821121851604 132.640468131172 132.45981441074 132.279160690308 131.959148089092 131.221058845521 130.48296960195 129.744880358379 129.006791114808 128.268701871237 127.530612627666 126.792523384095 126.17513071696 125.597970241971 125.020809766982 124.443649291993 123.866488817004 123.289328342015 122.712167867025 122.407896211413 122.92229101393 123.436685816447 123.951080618965 124.465475421482 124.979870223999 125.494265026517 126.008659829034 126.780697695415 127.638616583083 128.496535470751 129.354454358419 130.212373246087 131.070292133755 131.928211021423 132.920151646932 134.314157485962 135.708163324992 137.102169164022 138.496175003051
135.704851786296 134.393348693848 133.0818456014 131.770342508952 131.103587214152 130.651747851902 130.199908489652 129.748069127401 129.296229765151 128.8443904029 128.39255104065 127.843048413595 127.000555992127 126.158063570659 125.315571149191 124.473078727723 123.630586306255 122.788093884787 121.945601463319 121.447339375814 121.063820732965 120.680302090116 120.296783447266 119.913264804417 119.529746161567 119.146227518718 118.98942688836 119.512780295478 120.036133702596 120.559487109714 121.082840516832 121.60619392395 122.129547331068 122.652900738187 123.663895352682 124.837437036302 126.010978719923 127.184520403544 128.358062087165 129.531603770786 130.705145454407 131.994088363647 133.629234949747 135.264381535848 136.899528121948 138.534674708048
133.291306050619 132.089784240723 130.888262430827 129.686740620932 128.844091415406 128.121066411337 127.398041407268 126.675016403199 125.95199139913 125.228966395061 124.505941390992 123.726948738099 122.780053138734 121.833157539369 120.886261940003 119.939366340638 118.992470741273 118.045575141908 117.098679542543 116.719548034669 116.529671223959 116.33979441325 116.14991760254 115.96004079183 115.77016398112 115.580287170411 115.570957565308 116.103269577027 116.635581588746 117.167893600464 117.700205612183 118.232517623902 118.764829635621 119.297141647339 120.547093009949 122.036257489522 123.525421969096 125.01458644867 126.503750928243 127.992915407816 129.48207988739 131.068025080363 132.944312413533 134.820599746704 136.696887079874 138.573174413045
130.877760314942 129.786219787598 128.694679260254 127.603138732911 126.584595616659 125.590384970772 124.596174324884 123.601963678996 122.607753033109 121.613542387221 120.619331741334 119.610849062603 118.55955028534 117.508251508078 116.456952730815 115.405653953553 114.354355176291 113.303056399028 112.251757621766 111.991756693523 111.995521714953 111.999286736383 112.003051757813 112.006816779243 112.010581800673 112.014346822103 112.152488242256 112.693758858575 113.235029474895 113.776300091214 114.317570707533 114.858841323853 115.400111940172 115.941382556492 117.430290667216 119.235077942742 121.039865218268 122.844652493795 124.649439769321 126.454227044847 128.259014320373 130.141961797078 132.259389877319 134.37681795756 136.494246037801 138.611674118041
129.5411421246 128.5295129776 127.517883830601 126.506254683601 125.311774190267 124.056343248156 122.800912306044 121.545481363933 120.290050421821 119.03461947971 117.779188537598 116.54775950114 115.388336181641 114.228912862142 113.069489542644 111.910066223145 110.750642903646 109.591219584148 108.431796264649 108.262558619182 108.423382865058 108.584207110935 108.745031356812 108.905855602688 109.066679848565 109.227504094442 109.478134155274 109.99818166097 110.518229166667 111.038276672363 111.55832417806 112.078371683757 112.598419189453 113.11846669515 114.791132990519 116.848005549113 118.904878107706 120.9617506663 123.018623224894 125.075495783487 127.132368342081 129.255585331387 131.577835612826 133.900085894266 136.222336175706 138.544586457146
129.281451479594 128.31966381073 127.357876141866 126.396088473002 125.025627136231 123.51894124349 122.012255350749 120.505569458008 118.998883565267 117.492197672527 115.985511779786 114.537680053712 113.266410827637 111.995141601563 110.723872375489 109.452603149415 108.18133392334 106.910064697266 105.638795471192 105.531953811646 105.813254674276 106.094555536906 106.375856399536 106.657157262167 106.938458124797 107.219758987427 107.547895304362 108.016537984212 108.485180664063 108.953823343913 109.422466023763 109.891108703614 110.359751383464 110.828394063314 112.629619979858 114.875040308634 117.12046063741 119.365880966186 121.611301294962 123.856721623738 126.102141952514 128.408895683288 130.899649620056 133.390403556823 135.881157493591 138.371911430358
129.021760834588 128.10981464386 127.197868453132 126.285922262404 124.739480082194 122.981539238824 121.223598395454 119.465657552084 117.707716708714 115.949775865344 114.191835021973 112.527600606283 111.144485473633 109.761370340984 108.378255208334 106.995140075684 105.612024943034 104.228909810385 102.845794677735 102.80134900411 103.203126483494 103.604903962877 104.006681442261 104.408458921645 104.810236401028 105.212013880412 105.617656453451 106.034894307455 106.452132161459 106.869370015462 107.286607869466 107.70384572347 108.121083577474 108.538321431478 110.468106969197 112.902075068156 115.336043167114 117.770011266072 120.203979365031 122.637947463989 125.071915562947 127.56220603519 130.221463627285 132.88072121938 135.539978811475 138.19923640357
128.762070189582 127.89996547699 127.037860764398 126.175756051806 124.453333028158 122.444137234158 120.434941440159 118.425745646159 116.41654985216 114.40735405816 112.398158264161 110.517521158855 109.02256011963 107.527599080404 106.032638041179 104.537677001954 103.042715962728 101.547754923503 100.052793884278 100.070744196574 100.592998292711 101.115252388848 101.637506484986 102.159760581123 102.68201467726 103.204268773397 103.687417602539 104.053250630697 104.419083658854 104.784916687012 105.150749715169 105.516582743327 105.882415771485 106.248248799642 108.306593958537 110.929109827677 113.551625696817 116.174141565958 118.796657435099 121.419173304239 124.04168917338 126.715516387091 129.543277634514 132.371038881937 135.19880012936 138.026561376783
128.502379544576 127.69011631012 126.877853075663 126.065589841207 124.167185974122 121.906735229493 119.646284484864 117.385833740235 115.125382995606 112.864932250977 110.604481506348 108.507441711426 106.900634765626 105.293827819825 103.687020874024 102.080213928224 100.473406982423 98.8666000366219 97.2597930908212 97.3401393890384 97.982870101929 98.6256008148196 99.2683315277102 99.9110622406008 100.553792953491 101.196523666382 101.757178751628 102.071606953939 102.38603515625 102.700463358561 103.014891560873 103.329319763184 103.643747965495 103.958176167806 106.145080947876 108.956144587199 111.767208226521 114.578271865845 117.389335505167 120.20039914449 123.011462783813 125.868826738993 128.865091641743 131.861356544494 134.857621447245 137.853886349995
128.24268889957 127.48026714325 126.717845386929 125.955423630609 123.881038920085 121.369333224827 118.857627529569 116.34592183431 113.834216139052 111.322510443794 108.810804748536 106.497362263998 104.778709411622 103.060056559245 101.341403706869 99.622750854493 97.9040980021166 96.1854451497403 94.4667922973642 94.6095345815025 95.3727419111466 96.1359492407906 96.8991565704348 97.6623639000788 98.4255712297229 99.188778559367 99.8269399007164 100.089963277181 100.352986653646 100.616010030111 100.879033406576 101.142056783041 101.405080159505 101.66810353597 103.983567937215 106.98317934672 109.982790756225 112.98240216573 115.982013575236 118.981624984741 121.981236394246 125.022137090894 128.186905648972 131.351674207051 134.516442765129 137.681211323207
129.432579188876 128.710239219665 127.987899250454 127.265559281243 125.035768826803 122.303494877286 119.571220927769 116.838946978251 114.106673028734 111.374399079217 108.6421251297 106.125590896607 104.256275812785 102.386960728963 100.517645645142 98.6483305613204 96.7790154774986 94.9097003936772 93.0403853098557 93.1893619537352 94.0111025068493 94.8328430599634 95.6545836130777 96.4763241661918 97.2980647193059 98.1198052724201 98.7912069532606 99.0115920172797 99.2319770812988 99.4523621453179 99.672747209337 99.8931322733561 100.113517337375 100.333902401394 102.710849634806 105.806650924682 108.902452214558 111.998253504435 115.094054794311 118.189856084187 121.285657374064 124.424314922756 127.691541247897 130.958767573038 134.225993898179 137.49322022332
132.072050412496 131.380032539367 130.688014666239 129.995996793111 127.631375694275 124.70922018687 121.787064679464 118.864909172058 115.942753664653 113.020598157247 110.098442649842 107.392127609253 105.333333969117 103.27454032898 101.215746688843 99.1569530487066 97.0981594085696 95.0393657684331 92.9805721282965 93.0796215057372 93.8979518890379 94.7162822723387 95.5346126556395 96.3529430389403 97.171273422241 97.9896038055419 98.649979909261 98.836493174235 99.023006439209 99.2095197041829 99.3960329691569 99.5825462341309 99.7690594991048 99.9555727640788 102.326926040649 105.426559321085 108.526192601521 111.625825881958 114.725459162394 117.82509244283 120.924725723266 124.075360234578 127.378998438516 130.682636642456 133.986274846394 137.289913050333
134.711521636115 134.04982585907 133.388130082024 132.726434304979 130.226982561747 127.114945496454 124.00290843116 120.890871365865 117.778834300571 114.666797235278 111.554760169983 108.6586643219 106.410392125448 104.162119928996 101.913847732544 99.6655755360927 97.4173033396406 95.169031143189 92.9207589467373 92.9698810577391 93.7848012712265 94.5997214847139 95.4146416982014 96.2295619116887 97.0444821251761 97.8594023386636 98.5087528652615 98.6613943311903 98.8140357971191 98.966677263048 99.1193187289768 99.2719601949056 99.4246016608344 99.5772431267632 101.943002446492 105.046467717488 108.149932988484 111.25339825948 114.356863530476 117.460328801472 120.563794072469 123.7264055464 127.066455629136 130.406505711873 133.746555794609 137.086605877346
137.350992859734 136.719619178772 136.088245497809 135.456871816847 132.82258942922 129.520670806037 126.218752182855 122.916833559672 119.61491493649 116.312996313308 113.011077690125 109.925201034546 107.487450281779 105.049699529012 102.611948776246 100.174198023479 97.7364472707116 95.2986965179449 92.8609457651781 92.8601406097411 93.6716506534151 94.4831606970891 95.2946707407632 96.1061807844372 96.9176908281112 97.7292008717854 98.367525821262 98.4862954881456 98.6050651550293 98.723834821913 98.8426044887967 98.9613741556804 99.080143822564 99.1989134894477 101.559078852335 104.666376113891 107.773673375447 110.880970637003 113.988267898559 117.095565160115 120.202862421671 123.377450858221 126.753912819755 130.13037478129 133.506836742824 136.883298704358
139.990464083353 139.389412498474 138.788360913594 138.187309328715 135.418196296692 131.926396115621 128.434595934551 124.942795753479 121.450995572409 117.959195391338 114.467395210266 111.191737747193 108.564508438111 105.937279129029 103.310049819947 100.682820510865 98.0555912017826 95.4283618927008 92.8011325836189 92.750400161743 93.5585000356037 94.3665999094643 95.1746997833251 95.9827996571857 96.7908995310463 97.5989994049071 98.2262987772624 98.3111966451009 98.3960945129395 98.480992380778 98.5658902486166 98.6507881164551 98.7356859842937 98.8205838521322 101.175155258178 104.286284510294 107.39741376241 110.508543014526 113.619672266642 116.730801518757 119.841930770874 123.028496170043 126.441370010375 129.854243850707 133.267117691039 136.679991531371
142.629935306973 142.059205818176 141.488476329379 140.917746840583 138.013803164165 134.332121425205 130.650439686246 126.968757947286 123.287076208327 119.605394469368 115.923712730408 112.458274459839 109.641566594442 106.824858729045 104.008150863648 101.191442998251 98.3747351328536 95.5580272674567 92.7413194020597 92.640659713745 93.4453494177923 94.2500391218395 95.0547288258869 95.8594185299342 96.6641082339815 97.4687979380288 98.0850717332628 98.1360978020562 98.1871238708496 98.238149939643 98.2891760084364 98.3402020772299 98.3912281460233 98.4422542148167 100.791231664021 103.906192906697 107.021154149373 110.136115392049 113.251076634724 116.3660378774 119.480999120076 122.679541481865 126.128827200995 129.578112920125 133.027398639254 136.476684358384
144.860121112399 144.325842920939 143.791564729478 143.257286538018 140.300400543213 136.53597861396 132.771556684707 129.007134755453 125.242712826199 121.478290896946 117.713868967692 114.150402726068 111.18980354733 108.229204368591 105.268605189854 102.308006011116 99.3474068323773 96.3868076536394 93.4262084749015 93.2999245961503 94.1184124840626 94.9369003719748 95.7553882598873 96.5738761477995 97.3923640357118 98.2108519236242 98.8308505588104 98.8553814358178 98.8799123128252 98.9044431898326 98.92897406684 98.9535049438473 98.9780358208547 99.0025666978621 101.353988520304 104.48104065789 107.608092795477 110.735144933064 113.862197070651 116.989249208237 120.116301345824 123.319593959383 126.75160800086 130.183622042337 133.615636083814 137.04765012529
146.681021499634 146.189323806762 145.697626113891 145.20592842102 142.277988433838 138.537967681885 134.797946929932 131.057926177979 127.317905426026 123.577884674073 119.837863922119 116.268122545878 113.209219296774 110.150316047669 107.091412798564 104.032509549459 100.973606300354 97.9147030512496 94.855799802145 94.7281948089596 95.5776892344152 96.4271836598709 97.2766780853268 98.1261725107824 98.9756669362381 99.8251613616939 100.463635253906 100.469047546386 100.474459838867 100.479872131347 100.485284423828 100.490696716308 100.496109008789 100.501521301269 102.863425827026 106.010827763874 109.158229700723 112.305631637572 115.453033574421 118.60043551127 121.747837448119 124.948653602599 128.309712409972 131.670771217345 135.031830024718 138.392888832091
148.501921886868 148.052804692586 147.603687498304 147.154570304023 144.255576324463 140.539956749811 136.824337175158 133.108717600505 129.393098025852 125.6774784512 121.961858876547 118.385842365689 115.228635046218 112.071427726746 108.914220407274 105.757013087803 102.599805768331 99.4425984488598 96.2853911293884 96.1564650217689 97.0369659847679 97.917466947767 98.7979679107662 99.6784688737653 100.558969836764 101.439470799764 102.096419949002 102.082713656955 102.069007364909 102.055301072862 102.041594780816 102.027888488769 102.014182196723 102.000475904676 104.372863133748 107.540614869859 110.708366605969 113.876118342081 117.043870078192 120.211621814303 123.379373550414 126.577713245815 129.867816819084 133.157920392354 136.448023965623 139.738127538892
150.322822274102 149.91628557841 149.509748882717 149.103212187025 146.233164215088 142.541945817736 138.850727420384 135.159509023031 131.468290625679 127.777072228326 124.085853830974 120.5035621855 117.248050795662 113.992539405823 110.737028015985 107.481516626147 104.226005236308 100.97049384647 97.7149824566318 97.584735234578 98.4962427351205 99.407750235663 100.319257736206 101.230765236748 102.142272737291 103.053780237833 103.729204644097 103.696379767524 103.66355489095 103.630730014377 103.597905137804 103.56508026123 103.532255384657 103.499430508083 105.88230044047 109.070401975843 112.258503511216 115.446605046589 118.634706581962 121.822808117335 125.010909652709 128.20677288903 131.425921228196 134.645069567362 137.864217906527 141.083366245692
