data/working_set_collections/6091692-Cassins_Sparrow-MC/1980/bio15.asc
NCOLS 265 
NROWS 230 
XLLCORNER -115.5625 
YLLCORNER 24.8333333333333 
CELLSIZE 0.0833333333333333 
NODATA_value -9999 
[rows 60 to 79 of 230, columns 0 to 45 of 265]
32.3888528611924 32.4035921732584 32.4183314853244 32.4330707973903 32.4478101094563 32.4625494215223 32.4772887335882 32.730970541636 33.0642998483444 33.3976291550529 33.7309584617613 34.0642877684698 34.3976170751782 34.7309463818867 35.0933031611971 35.5427423583135 35.99218155543 36.4416207525464 36.8910599496628 37.3404991467793 37.7899383438957 38.2393775410121 38.107998085022 37.7830124113295 37.458026737637 37.1330410639445 36.808055390252 36.4830697165595 36.158084042867 35.6684499316747 34.6848705079821 33.7012910842897 32.7177116605973 31.7341322369047 30.7505528132122 29.7669733895198 28.7833939658272 28.3112341245016 28.0095474772984 27.7078608300951 27.4061741828919 27.1044875356887 26.8028008884854 26.5011142412822 26.3248537699381 26.5248718261718
33.1186587015787 33.1327415466307 33.1468243916828 33.1609072367349 33.174990081787 33.1890729268391 33.2031557718912 33.4516533851622 33.7782892545062 34.1049251238504 34.4315609931944 34.7581968625385 35.0848327318826 35.4114686012266 35.7587763150531 36.1680995623269 36.5774228096007 36.9867460568744 37.3960693041482 37.805392551422 38.2147157986957 38.6240390459695 38.4667646408081 38.1206243515015 37.7744840621948 37.4283437728882 37.0822034835816 36.7360631942749 36.3899229049683 35.8792584101361 34.8750212987265 33.870784187317 32.8665470759076 31.862309964498 30.8580728530885 29.8538357416791 28.8495986302695 28.4010043144226 28.1376242637635 27.8742442131043 27.6108641624451 27.3474841117859 27.0841040611267 26.8207240104675 26.6957874298094 26.9861812591552
33.848464541965 33.8618909200031 33.8753172980413 33.8887436760795 33.9021700541177 33.9155964321559 33.9290228101941 34.1723362286884 34.4922786606681 34.8122210926478 35.1321635246275 35.4521059566072 35.772048388587 36.0919908205667 36.4242494689092 36.7934567663403 37.1626640637714 37.5318713612025 37.9010786586337 38.2702859560647 38.6394932534958 39.008700550927 38.8255311965942 38.4582362916735 38.0909413867527 37.7236464818319 37.3563515769111 36.9890566719903 36.6217617670695 36.0900668885975 35.0651720894708 34.0402772903444 33.0153824912179 31.9904876920913 30.9655928929648 29.9406980938384 28.9158032947118 28.4907745043437 28.2657010502286 28.0406275961134 27.8155541419983 27.5904806878832 27.365407233768 27.1403337796529 27.0667210896809 27.4474906921386
34.5782703823513 34.5910402933756 34.6038102043999 34.6165801154242 34.6293500264485 34.6421199374728 34.6548898484971 34.8930190722146 35.20626806683 35.5195170614453 35.8327660560607 36.146015050676 36.4592640452914 36.7725130399067 37.0897226227653 37.4188139703538 37.7479053179422 38.0769966655306 38.4060880131191 38.7351793607075 39.0642707082959 39.3933620558844 39.1842977523804 38.7958482318455 38.4073987113105 38.0189491907756 37.6304996702407 37.2420501497057 36.8536006291708 36.3008753670589 35.2553228802152 34.2097703933717 33.1642179065283 32.1186654196846 31.0731129328412 30.0275604459977 28.982007959154 28.5805446942648 28.3937778366937 28.2070109791226 28.0202441215515 27.8334772639805 27.6467104064094 27.4599435488383 27.4376547495523 27.908800125122
35.3080762227375 35.3201896667479 35.3323031107583 35.3444165547688 35.3565299987792 35.3686434427896 35.3807568868 35.6137019157408 35.9202574729918 36.2268130302428 36.5333685874937 36.8399241447447 37.1464797019957 37.4530352592467 37.7551957766213 38.0441711743671 38.3331465721129 38.6221219698586 38.9110973676045 39.2000727653502 39.489048163096 39.7780235608418 39.5430643081665 39.1334601720175 38.7238560358683 38.3142518997193 37.9046477635702 37.4950436274211 37.085439491272 36.5116838455202 35.4454736709596 34.3792634963991 33.3130533218386 32.2468431472779 31.1806329727174 30.114422798157 29.0482126235963 28.6703148841858 28.5218546231588 28.3733943621317 28.2249341011047 28.0764738400777 27.9280135790507 27.7795533180237 27.8085884094236 28.3701095581053
36.0378820631238 36.0493390401203 36.0607960171169 36.0722529941134 36.0837099711099 36.0951669481064 36.106623925103 36.334384759267 36.6342468791536 36.9341089990403 37.2339711189269 37.5338332388135 37.8336953587001 38.1335574785867 38.4206689304774 38.6695283783806 38.9183878262836 39.1672472741867 39.4161067220899 39.664966169993 39.9138256178961 40.1626850657992 39.9018308639527 39.4710721121894 39.0403133604262 38.609554608663 38.1787958568997 37.7480371051365 37.3172783533733 36.7224923239816 35.6356244617039 34.5487565994264 33.4618887371489 32.3750208748713 31.2881530125938 30.2012851503163 29.1144172880386 28.7600850741069 28.6499314096239 28.5397777451409 28.429624080658 28.319470416175 28.209316751692 28.099163087209 28.179522069295 28.8314189910887
36.7325461175706 36.737326145172 36.7421061727735 36.746886200375 36.7516662279764 36.7564462555779 36.7612262831793 36.9497507095336 37.1995232688055 37.4492958280775 37.6990683873494 37.9488409466213 38.1986135058932 38.4483860651652 38.6834074020385 38.8741750717163 39.064942741394 39.2557104110718 39.4464780807495 39.6372457504273 39.828013420105 40.0187810897828 39.7373657544455 39.2985560841032 38.8597464137608 38.4209367434185 37.9821270730762 37.5433174027338 37.1045077323915 36.5189755280816 35.493275721868 34.4675759156547 33.4418761094414 32.4161763032279 31.3904764970145 30.3647766908012 29.3390768845877 29.0580519358317 29.0252519395616 28.9924519432915 28.9596519470214 28.9268519507513 28.8940519544812 28.8612519582111 29.0058322747545 29.6825535297392
37.3920683860778 37.384150981903 37.3762335777282 37.3683161735534 37.3603987693786 37.3524813652038 37.344563961029 37.4597997665404 37.6160866419473 37.7723735173543 37.9286603927612 38.0849472681681 38.241234143575 38.3975210189819 38.5434111913045 38.6581112543742 38.7728113174439 38.8875113805135 39.0022114435832 39.1169115066529 39.2316115697226 39.3463116327923 39.049668979645 38.6159120877586 38.1821551958722 37.7483983039858 37.3146414120994 36.880884520213 36.4471276283266 35.9011334578199 35.0184274514518 34.1357214450838 33.2530154387158 32.3703094323477 31.4876034259797 30.6048974196118 29.7221914132436 29.5642154693602 29.6478162129719 29.7314169565835 29.8150177001952 29.8986184438068 29.9822191874184 30.0658199310301 30.2875190258022 30.9235131740567
38.051590654585 38.030975818634 38.0103609826829 37.9897461467318 37.9691313107808 37.9485164748297 37.9279016388786 37.9698488235473 38.0326500150892 38.0954512066311 38.158252398173 38.2210535897149 38.2838547812568 38.3466559727987 38.4034149805705 38.4420474370321 38.4806798934937 38.5193123499553 38.5579448064169 38.5965772628785 38.6352097193401 38.6738421758017 38.3619722048443 37.9332680914139 37.5045639779834 37.075859864553 36.6471557511226 36.2184516376921 35.7897475242616 35.2832913875582 34.5435791810355 33.8038669745129 33.0641547679903 32.3244425614676 31.584730354945 30.8450181484224 30.1053059418996 30.0703790028889 30.2703804863822 30.4703819698756 30.670383453369 30.8703849368623 31.0703864203557 31.2703879038491 31.5692057768501 32.1644728183744
38.7111129230922 38.6778006553649 38.6444883876376 38.6111761199103 38.577863852183 38.5445515844556 38.5112393167283 38.4798978805541 38.449213388231 38.4185288959079 38.3878444035848 38.3571599112617 38.3264754189385 38.2957909266154 38.2634187698364 38.22598361969 38.1885484695435 38.151113319397 38.1136781692505 38.0762430191041 38.0388078689576 38.0013727188111 37.6742754300437 37.2506240950692 36.8269727600947 36.4033214251202 35.9796700901457 35.5560187551712 35.1323674201967 34.6654493172966 34.0687309106192 33.472012503942 32.8752940972648 32.2785756905874 31.6818572839102 31.085138877233 30.4884204705556 30.5765425364175 30.8929447597926 31.2093469831677 31.5257492065428 31.8421514299179 32.158553653293 32.4749558766681 32.8508925278979 33.4054324626921
39.3706351915994 39.3246254920958 39.2786157925923 39.2326060930887 39.1865963935851 39.1405866940815 39.094576994578 38.989946937561 38.8657767613728 38.7416065851847 38.6174364089966 38.4932662328084 38.3690960566203 38.2449258804322 38.1234225591024 38.0099198023479 37.8964170455933 37.7829142888388 37.6694115320842 37.5559087753297 37.4424060185752 37.3289032618206 36.9865786552431 36.5679800987246 36.149381542206 35.7307829856874 35.3121844291689 34.8935858726503 34.4749873161318 34.0476072470349 33.593882640203 33.1401580333711 32.6864334265392 32.2327088197073 31.7789842128754 31.3252596060436 30.8715349992116 31.0827060699461 31.5155090332029 31.9483119964598 32.3811149597166 32.8139179229734 33.2467208862302 33.679523849487 34.1325792789456 34.6463921070096
40.0301574601067 39.9714503288268 39.912743197547 39.8540360662671 39.7953289349873 39.7366218037075 39.6779146724276 39.4999959945678 39.2823401345147 39.0646842744615 38.8470284144084 38.6293725543552 38.4117166943021 38.1940608342489 37.9834263483684 37.7938559850058 37.6042856216431 37.4147152582805 37.2251448949179 37.0355745315553 36.8460041681927 36.65643380483 36.2988818804425 35.8853361023799 35.4717903243172 35.0582445462546 34.6446987681921 34.2311529901294 33.8176072120668 33.4297651767732 33.1190343697867 32.8083035628002 32.4975727558137 32.1868419488272 31.8761111418407 31.5653803348542 31.2546495278676 31.5888696034748 32.1380733066133 32.6872770097519 33.2364807128904 33.7856844160289 34.3348881191675 34.8840918223061 35.4142660299934 35.8873517513273
40.7219142913818 40.6497511545816 40.5775880177815 40.5054248809814 40.4332617441813 40.3610986073811 40.288935470581 40.0739033699035 39.8112482812669 39.5485931926303 39.2859381039937 39.0232830153571 38.7606279267205 38.4979728380839 38.2491649945577 38.0418988863627 37.8346327781677 37.6273666699727 37.4201005617777 37.2128344535827 37.0055683453877 36.7983022371927 36.4331428845723 36.0153524504767 35.5975620163811 35.1797715822855 34.76198114819 34.3441907140943 33.9264002799988 33.5506964577568 33.301252471076 33.0518084843953 32.8023644977145 32.5529205110337 32.303476524353 32.0540325376722 31.8045885509914 32.1943458239236 32.7971701833935 33.3999945428635 34.0028189023334 34.6056432618033 35.2084676212733 35.8112919807432 36.3613402260673 36.7530601289536
41.4459056854247 41.3595279693603 41.2731502532958 41.1867725372313 41.1003948211669 41.0140171051024 40.927639389038 40.711669063568 40.4525012016296 40.1933333396911 39.9341654777526 39.6749976158142 39.4158297538757 39.1566618919372 38.9206384976704 38.7540485064188 38.5874585151671 38.4208685239155 38.2542785326639 38.0876885414122 37.9210985501606 37.754508558909 37.389361667633 36.9580291430155 36.5266966183979 36.0953640937804 35.6640315691629 35.2326990445454 34.8013665199279 34.4104010899861 34.1405369440713 33.8706727981566 33.600808652242 33.3309445063272 33.0610803604125 32.7912162144978 32.5213520685831 32.8991347312925 33.4927996635435 34.0864645957945 34.6801295280454 35.2737944602964 35.8674593925474 36.4611243247984 36.973801867167 37.2435172398884
42.1698970794677 42.0693047841389 41.9687124888101 41.8681201934814 41.7675278981526 41.6669356028238 41.566343307495 41.3494347572326 41.0937541219923 40.8380734867519 40.5823928515116 40.3267122162713 40.0710315810309 39.8153509457906 39.5921120007832 39.4661981264749 39.3402842521667 39.2143703778584 39.0884565035501 38.9625426292418 38.8366287549336 38.7107148806253 38.3455804506937 37.9007058355543 37.4558312204148 37.0109566052754 36.566081990136 36.1212073749965 35.6763327598571 35.2701057222154 34.9798214170667 34.6895371119181 34.3992528067694 34.1089685016207 33.8186841964721 33.5283998913235 33.2381155861748 33.6039236386615 34.1884291436935 34.7729346487256 35.3574401537575 35.9419456587895 36.5264511638216 37.1109566688536 37.5862635082668 37.7339743508232
42.8938884735107 42.7790815989176 42.6642747243245 42.5494678497314 42.4346609751383 42.3198541005452 42.2050472259521 41.9872004508972 41.735007042355 41.4828136338128 41.2306202252706 40.9784268167284 40.7262334081861 40.4740399996439 40.263585503896 40.1783477465311 40.0931099891662 40.0078722318013 39.9226344744364 39.8373967170714 39.7521589597065 39.6669212023416 39.3017992337544 38.8433825280931 38.3849658224317 37.9265491167704 37.4681324111091 37.0097157054477 36.5512989997864 36.1298103544447 35.8191058900621 35.5084014256795 35.1976969612969 34.8869924969143 34.5762880325317 34.2655835681491 33.9548791037665 34.3087125460305 34.8840586238435 35.4594047016566 36.0347507794696 36.6100968572826 37.1854429350958 37.7607890129088 38.1987251493665 38.224431461758
43.6178798675536 43.4888584136962 43.3598369598388 43.2308155059813 43.1017940521239 42.9727725982665 42.8437511444091 42.6249661445617 42.3762599627176 42.1275537808735 41.8788475990295 41.6301414171854 41.3814352353413 41.1327290534972 40.9350590070088 40.8904973665872 40.8459357261657 40.8013740857441 40.7568124453225 40.712250804901 40.6676891644794 40.6231275240579 40.2580180168151 39.7860592206319 39.3141004244485 38.8421416282653 38.3701828320821 37.8982240358987 37.4262652397155 36.9895149866739 36.6583903630574 36.3272657394408 35.9961411158243 35.6650164922078 35.3338918685912 35.0027672449747 34.6716426213582 35.0135014533994 35.5796881039935 36.1458747545876 36.7120614051817 37.2782480557757 37.8444347063699 38.4106213569639 38.8111867904662 38.7148885726928
44.3418712615966 44.1986352284749 44.0553991953531 43.9121631622314 43.7689271291096 43.6256910959879 43.4824550628661 43.2627318382263 43.0175128830804 42.7722939279344 42.5270749727884 42.2818560176425 42.0366370624966 41.7914181073506 41.6065325101216 41.6026469866434 41.5987614631652 41.594875939687 41.5909904162088 41.5871048927306 41.5832193692524 41.5793338457742 41.2142367998758 40.7287359131707 40.2432350264654 39.7577341397603 39.2722332530551 38.7867323663499 38.3012314796447 37.8492196189032 37.4976748360527 37.1461300532023 36.7945852703518 36.4430404875013 36.0914957046508 35.7399509218004 35.3884061389499 35.7182903607684 36.2753175841435 36.8323448075187 37.3893720308938 37.9463992542688 38.503426477644 39.0604537010191 39.423648431566 39.2053456836276
45.1279465357462 44.9688205083211 44.8096944808959 44.6505684534708 44.4914424260457 44.3323163986205 44.1731903711954 43.9705995559692 43.7535204781426 43.536441400316 43.3193623224894 43.1022832446628 42.8852041668361 42.6681250890095 42.5035358640881 42.4964161978826 42.4892965316771 42.4821768654716 42.4750571992661 42.4679375330606 42.4608178668551 42.4536982006496 42.0749089558919 41.5722298516168 41.0695507473416 40.5668716430664 40.0641925387913 39.561513434516 39.0588343302409 38.5914425743951 38.2299128638373 37.8683831532796 37.5068534427219 37.1453237321641 36.7837940216064 36.4222643110487 36.060734600491 36.3551766077676 36.8682758543225 37.3813751008774 37.8944743474323 38.4075735939872 38.9206728405422 39.4337720870971 39.7438980632359 39.4451042281257
45.9761056900023 45.7994142532348 45.6227228164672 45.4460313796996 45.269339942932 45.0926485061645 44.9159570693969 44.7485692977904 44.5842827479044 44.4199961980183 44.2557096481322 44.0914230982461 43.92713654836 43.762849998474 43.6260690689085 43.571805000305 43.5175409317015 43.463276863098 43.4090127944945 43.354748725891 43.3004846572875 43.246220588684 42.8400344848632 42.31654103597 41.7930475870768 41.2695541381836 40.7460606892904 40.2225672403971 39.6990737915039 39.2161838531494 38.8551044464111 38.4940250396728 38.1329456329345 37.7718662261962 37.410786819458 37.0497074127197 36.6886280059814 36.9241601943968 37.3585629145303 37.7929656346638 38.2273683547972 38.6617710749307 39.0961737950642 39.5305765151977 39.7719356854757 39.434164206187
