data/working_set_collections/6091692-Cassins_Sparrow-MC/1980/bio14.asc
NCOLS 265 
NROWS 230 
XLLCORNER -115.5625 
YLLCORNER 24.8333333333333 
CELLSIZE 0.0833333333333333 
NODATA_value -9999 
[rows 120 to 139 of 230, columns 0 to 45 of 265]
0.46606735636791 0.450214048723385 0.43436074107886 0.418507433434331 0.402654125789806 0.38680081814528 0.370947510500752 0.433046492437508 0.521129570901376 0.609212649365259 0.697295727829127 0.785378806292995 0.873461884756878 0.961544963220746 1.04393672910001 1.10925455722544 1.17457238535086 1.23989021347628 1.30520804160171 1.37052586972713 1.43584369785255 1.50116152597798 1.59317353665828 1.69408360819021 1.79499367972215 1.89590375125408 1.99681382278601 2.09772389431795 2.19863396584988 2.35286437637271 2.6670558038685 2.98124723136423 3.29543865885996 3.60963008635574 3.92382151385147 4.2380129413472 4.55220436884299 4.74888818661374 4.90640280114282 5.06391741567191 5.22143203020098 5.37894664473005 5.53646125925915 5.69397587378822 5.85188365048834 6.01097091370161
0.442270147303746 0.428336478769785 0.414402810235825 0.400469141701862 0.386535473167901 0.372601804633941 0.358668136099978 0.417010690271843 0.499445318679 0.581879947086171 0.664314575493327 0.746749203900484 0.829183832307655 0.911618460714811 0.988662901520725 1.0495367795229 1.11041065752506 1.17128453552723 1.2321584135294 1.29303229153157 1.35390616953373 1.4147800475359 1.49473231136799 1.58104403714339 1.6673557629188 1.7536674886942 1.8399792144696 1.92629094024501 2.01260266602041 2.14680431584514 2.42467573781809 2.70254715979099 2.98041858176389 3.25829000373684 3.53616142570974 3.81403284768264 4.09190426965559 4.28341649770742 4.44614232778553 4.60886815786368 4.77159398794179 4.93431981801991 5.09704564809805 5.25977147817616 5.4293398400148 5.61943579713508
0.418472938239579 0.406458908816184 0.394444879392788 0.382430849969391 0.370416820545996 0.3584027911226 0.346388761699203 0.400974888106176 0.477761066456621 0.55454724480708 0.631333423157525 0.70811960150797 0.784905779858428 0.861691958208873 0.933389073941438 0.989819001820354 1.04624892969926 1.10267885757817 1.15910878545709 1.21553871333599 1.2719686412149 1.32839856909382 1.39629108607769 1.46800446609656 1.53971784611544 1.61143122613431 1.68314460615318 1.75485798617206 1.82657136619092 1.94074425531756 2.18229567176767 2.42384708821773 2.6653985046678 2.90694992111791 3.14850133756798 3.39005275401805 3.63160417046816 3.81794480880105 3.98588185442821 4.1538189000554 4.32175594568256 4.48969299130972 4.65763003693691 4.82556708256407 5.00679602954124 5.22790068056851
0.394675729175413 0.384581338862582 0.374486948549752 0.36439255823692 0.35429816792409 0.34420377761126 0.334109387298428 0.38493908594051 0.456076814234243 0.527214542527988 0.598352270821722 0.669489999115455 0.740627727409201 0.811765455702934 0.878115246362151 0.93010122411781 0.98208720187346 1.03407317962911 1.08605915738477 1.13804513514042 1.19003111289607 1.24201709065173 1.29784986078739 1.35496489504973 1.41207992931208 1.46919496357442 1.52630999783675 1.5834250320991 1.64054006636144 1.73468419478997 1.93991560571724 2.14514701664447 2.35037842757171 2.55560983849898 2.76084124942621 2.96607266035345 3.17130407128072 3.35247311989469 3.52562138107089 3.69876964224713 3.87191790342333 4.04506616459954 4.21821442577577 4.39136268695198 4.58425221906767 4.83636556400195
0.370878520111248 0.362703768908983 0.354529017706717 0.346354266504451 0.338179515302185 0.33000476409992 0.321830012897653 0.368903283774844 0.434392562011867 0.4998818402489 0.565371118485922 0.630860396722944 0.696349674959978 0.761838953197 0.822841418782869 0.87038344641527 0.917925474047664 0.965467501680057 1.01300952931246 1.06055155694485 1.10809358457725 1.15563561220965 1.1994086354971 1.24192532400291 1.28444201250873 1.32695870101454 1.36947538952034 1.41199207802616 1.45450876653197 1.5286241342624 1.69753553966683 1.86644694507124 2.03535835047564 2.20426975588008 2.37318116128448 2.54209256668889 2.71100397209332 2.88700143098836 3.06536090771361 3.24372038443889 3.42207986116414 3.60043933788939 3.77879881461467 3.95715829133992 4.16170840859414 4.44483044743541
0.347081311047081 0.340826198955381 0.334571086863681 0.32831597477198 0.32206086268028 0.315805750588579 0.309550638496878 0.352867481609178 0.412708309789488 0.472549137969809 0.532389966150119 0.59223079433043 0.65207162251075 0.711912450691061 0.767567591203582 0.810665668712725 0.853763746221862 0.896861823730999 0.939959901240142 0.983057978749279 1.02615605625842 1.06925413376756 1.1009674102068 1.12888575295608 1.15680409570537 1.18472243845464 1.21264078120392 1.2405591239532 1.26847746670248 1.32256407373481 1.45515547361641 1.58774687349798 1.72033827337955 1.85292967326115 1.98552107314272 2.11811247302429 2.25070387290589 2.42152974208199 2.60510043435629 2.78867112663062 2.97224181890491 3.1558125111792 3.33938320345353 3.52295389572782 3.73916459812057 4.05329533086885
0.337433259106345 0.331776186575493 0.326119114044641 0.320462041513788 0.314804968982936 0.309147896452084 0.303490823921231 0.341156251728527 0.393262512981882 0.445368774235246 0.497475035488601 0.549581296741956 0.60168755799532 0.653793819248675 0.702090390895804 0.738957893724248 0.775825396552686 0.812692899381124 0.849560402209568 0.886427905038006 0.923295407866444 0.960162910694888 0.985743930563342 1.00756278944513 1.02938164832693 1.05120050720872 1.07301936609051 1.0948382249723 1.11665708385409 1.16239157824051 1.27987297914094 1.39735438004135 1.51483578094176 1.63231718184219 1.7497985827426 1.86727998364301 1.98476138454344 2.16188766062257 2.35889556176129 2.55590346290003 2.75291136403875 2.94991926517747 3.14692716631622 3.34393506745493 3.57651385333794 3.91580529345401
0.341934364289045 0.335553731769324 0.329173099249602 0.32279246672988 0.316411834210158 0.310031201690437 0.303650569170714 0.333769594132894 0.37605517158905 0.418340749045213 0.460626326501369 0.502911903957524 0.545197481413687 0.587483058869843 0.626409817859537 0.655260121449839 0.684110425040137 0.712960728630434 0.741811032220736 0.770661335811034 0.799511639401331 0.828361942991634 0.853738196566719 0.877956433470067 0.902174670373419 0.926392907276767 0.950611144180115 0.974829381083466 0.999047617986814 1.04810664777954 1.17168805624048 1.29526946470141 1.41885087316234 1.54243228162329 1.66601369008421 1.78959509854514 1.91317650700609 2.10807518661019 2.32674628992871 2.54541739324726 2.76408849656578 2.9827595998843 3.20143070320285 3.42010180652137 3.67375617424637 4.03236033519103
0.346435469471746 0.339331276963155 0.332227084454564 0.325122891945972 0.318018699437381 0.31091450692879 0.303810314420198 0.326382936537261 0.358847830196217 0.391312723855178 0.423777617514133 0.456242511173089 0.48870740483205 0.521172298491005 0.550729244823263 0.571562349175423 0.592395453527579 0.613228557879736 0.634061662231895 0.654894766584052 0.675727870936208 0.696560975288368 0.721732462570085 0.748350077494991 0.774967692419902 0.801585307344807 0.828202922269713 0.854820537194624 0.88143815211953 0.933821717318548 1.06350313334001 1.19318454936146 1.3228659653829 1.45254738140437 1.58222879742582 1.71191021344726 1.84159162946873 2.05426271259781 2.29459701809613 2.53493132359449 2.77526562909281 3.01559993459113 3.25593424008949 3.49626854558781 3.77099849515481 4.14891537692806
0.350936574654447 0.343108822156987 0.335281069659526 0.327453317162064 0.319625564664603 0.311797812167143 0.303970059669681 0.318996278941628 0.341640488803383 0.364284698665143 0.386928908526898 0.409573118388653 0.432217328250412 0.454861538112167 0.47504867178699 0.487864576901007 0.500680482015022 0.513496387129037 0.526312292243054 0.539128197357069 0.551944102471085 0.564760007585102 0.589726728573452 0.618743721519915 0.647760714466384 0.676777707412848 0.705794700359312 0.734811693305781 0.763828686252245 0.819536786857561 0.955318210439546 1.09109963402151 1.22688105760347 1.36266248118546 1.49844390476742 1.63422532834938 1.77000675193137 2.00045023858543 2.26244774626355 2.52444525394172 2.78644276161984 3.04844026929796 3.31043777697613 3.57243528465425 3.86824081606325 4.26547041866509
0.355437679837148 0.346886367350818 0.338335054864488 0.329783742378156 0.321232429891826 0.312681117405496 0.304129804919164 0.311609621345996 0.324433147410552 0.33725667347511 0.350080199539665 0.362903725604221 0.375727251668779 0.388550777733335 0.399368098750722 0.404166804626598 0.408965510502472 0.413764216378347 0.418562922254223 0.423361628130097 0.428160334005972 0.432959039881847 0.457720994576829 0.489137365544851 0.520553736512878 0.5519701074809 0.583386478448921 0.614802849416948 0.64621922038497 0.705251856396583 0.847133287539087 0.989014718681567 1.13089614982405 1.27277758096655 1.41465901210903 1.55654044325151 1.69842187439402 1.94663776457306 2.23029847443098 2.51395918428895 2.79761989414687 3.08128060400479 3.36494131386276 3.64860202372068 3.96548313697168 4.3820254604021
0.359938785019848 0.350663912544649 0.341389040069449 0.332114167594248 0.322839295119049 0.313564422643849 0.304289550168648 0.304222963750363 0.307225806017718 0.310228648285075 0.31323149055243 0.316234332819786 0.319237175087142 0.322240017354497 0.323687525714449 0.320469032352182 0.317250538989915 0.314032045627649 0.310813552265382 0.307595058903115 0.304376565540849 0.301158072178582 0.325715260580195 0.359531009569775 0.39334675855936 0.42716250754894 0.46097825653852 0.494794005528106 0.528609754517685 0.590966925935595 0.738948364638619 0.886929803341616 1.03491124204461 1.18289268074764 1.33087411945064 1.47885555815363 1.62683699685666 1.89282529056068 2.1981492025984 2.50347311463618 2.8087970266739 3.11412093871162 3.4194448507494 3.72476876278712 4.06272545788012 4.49858050213913
0.374622393813397 0.362314888338248 0.350007382863099 0.337699877387948 0.325392371912799 0.31308486643765 0.300777360962499 0.295729318385324 0.293101096774143 0.290472875162961 0.287844653551779 0.285216431940598 0.282588210329416 0.279959988718234 0.276605164011323 0.271070530017219 0.265535896023117 0.260001262029014 0.254466628034911 0.248931994040808 0.243397360046706 0.237862726052602 0.266457938278706 0.306429765911554 0.346401593544409 0.386373421177256 0.426345248810104 0.466317076442958 0.506288904075806 0.579579924792001 0.752828524758383 0.926077124724735 1.09932572469109 1.27257432465747 1.44582292462382 1.61907152459017 1.79232012455656 2.09442657728979 2.43948564761201 2.78454471793429 3.12960378825651 3.47466285857874 3.81972192890102 4.16478099922324 4.52688048217013 4.94010120299114
0.399488506217795 0.381839294731617 0.364190083245438 0.346540871759256 0.328891660273078 0.311242448786899 0.293593237300717 0.286128685250881 0.282059019679827 0.277989354108773 0.27391968853772 0.269850022966667 0.265780357395613 0.261710691824559 0.258121013641361 0.25597129762173 0.253821581602099 0.251671865582468 0.249522149562837 0.247372433543206 0.245222717523575 0.243073001503944 0.279949027672399 0.329833634570226 0.379718241468061 0.429602848365887 0.479487455263713 0.529372062161548 0.579256669059375 0.671090852965846 0.888773767898432 1.10645668283098 1.32413959776353 1.54182251269612 1.75950542762866 1.97718834256121 2.1948712574938 2.55144162476048 2.9543078094719 3.3571739941834 3.76004017889482 4.16290636360624 4.56577254831774 4.96863873302916 5.35794820984183 5.70658756295823
0.424354618622196 0.401363701124987 0.378372783627778 0.355381866130565 0.332390948633356 0.309400031136147 0.286409113638935 0.276528052116436 0.271016942585511 0.265505833054585 0.259994723523659 0.254483613992734 0.248972504461808 0.243461394930883 0.239636863271398 0.240872065226239 0.24210726718108 0.243342469135921 0.244577671090762 0.245812873045603 0.247048075000444 0.248283276955286 0.293440117066093 0.353237503228899 0.413034889391715 0.472832275554521 0.532629661717328 0.592427047880144 0.65222443404295 0.762601781139699 1.02471901103849 1.28683624093724 1.54895347083599 1.81107070073479 2.07318793063354 2.33530516053228 2.59742239043108 3.00845667223121 3.46912997133184 3.92980327043255 4.39047656953318 4.85114986863381 5.31182316773452 5.77249646683515 6.18901593751359 6.47307392292538
0.449220731026597 0.420888107518358 0.392555484010118 0.364222860501874 0.335890236993635 0.307557613485396 0.279224989977152 0.266927418981992 0.259974865491194 0.253022312000396 0.246069758509599 0.239117205018802 0.232164651528004 0.225212098037206 0.221152712901434 0.225772832830748 0.230392952760061 0.235013072689374 0.239633192618688 0.244253312548001 0.248873432477314 0.253493552406628 0.306931206459787 0.376641371887573 0.44635153731537 0.516061702743156 0.585771868170942 0.655482033598739 0.725192199026525 0.854112709313551 1.16066425417855 1.4672157990435 1.77376734390845 2.08031888877346 2.38687043363841 2.69342197850336 2.99997352336836 3.46547171970194 3.98395213319178 4.5024325466817 5.02091296017154 5.53939337366138 6.0578737871513 6.57635420064114 7.02008366518536 7.23956028289254
0.474086843430995 0.440412513911726 0.406738184392458 0.373063854873183 0.339389525353914 0.305715195834645 0.27204086631537 0.257326785847548 0.248932788396879 0.240538790946209 0.23214479349554 0.223750796044871 0.2153567985942 0.206962801143532 0.202668562531473 0.210673600435259 0.218678638339043 0.226683676242828 0.234688714146614 0.242693752050399 0.250698789954183 0.258703827857969 0.32042229585348 0.400045240546244 0.479668185239022 0.559291129931787 0.638914074624551 0.718537019317329 0.798159964010093 0.945623637487396 1.2966094973186 1.64759535714975 1.9985812169809 2.3495670768121 2.70055293664325 3.0515387964744 3.4025246563056 3.92248676717264 4.49877429505167 5.07506182293081 5.65134935080984 6.22763687868888 6.80392440656802 7.38021193444705 7.85115139285706 8.00604664285963
0.498952955835396 0.459936920305097 0.420920884774798 0.381904849244492 0.342888813714193 0.303872778183893 0.264856742653587 0.247726152713103 0.237890711302562 0.22805526989202 0.218219828481479 0.208384387070938 0.198548945660396 0.188713504249855 0.184184412161509 0.195574368039768 0.206964323918024 0.218354279796281 0.22974423567454 0.241134191552796 0.252524147431053 0.263914103309311 0.333913385247174 0.423449109204918 0.512984833162677 0.602520557120421 0.692056281078165 0.781592005035924 0.871127728993668 1.03713456566125 1.43255474045866 1.82797491525601 2.22339509005336 2.61881526485077 3.01423543964812 3.40965561444547 3.80507578924288 4.37950181464337 5.01359645691161 5.64769109917996 6.2817857414482 6.91588038371645 7.5499750259848 8.18406966825304 8.68221912052882 8.77253300282678
0.525427655420371 0.48147454746068 0.437521439500989 0.39356833154129 0.349615223581599 0.305662115621907 0.261709007662208 0.242910344898703 0.232496497200597 0.22208264950249 0.211668801804385 0.20125495410628 0.190841106408173 0.180427258710068 0.176083909182081 0.189952054164474 0.203820199146864 0.217688344129254 0.231556489111646 0.245424634094036 0.259292779076426 0.273160924058818 0.355429122100253 0.46049733782805 0.565565553555866 0.670633769283663 0.775701985011461 0.880770200739277 0.985838416467075 1.17012232310231 1.59205330246018 2.01398428181798 2.43591526117578 2.85784624053365 3.27977721989145 3.70170819924925 4.12363917860712 4.70763430595385 5.34565081596358 5.98366732597343 6.62168383598316 7.2597003459929 7.89771685600274 8.53573336601248 9.0268639670478 9.07733684115941
0.553510942185919 0.505025395378475 0.45653984857103 0.408054301763577 0.359568754956133 0.311083208148688 0.262597661341235 0.242879362404348 0.232750146090987 0.222620929777623 0.212491713464262 0.2023624971509 0.192233280837537 0.182104064524175 0.178367053593195 0.193806658809381 0.209246264025565 0.22468586924175 0.240125474457936 0.25556507967412 0.271004684890304 0.286444290106491 0.384969506412718 0.511189926415644 0.637410346418593 0.763630766421519 0.889851186424446 1.01607160642739 1.14229202643032 1.34458690981057 1.77510518332314 2.20562345683564 2.63614173034814 3.06666000386071 3.4971782773732 3.9276965508857 4.35821482439827 4.90688424110399 5.49493737220748 6.08299050331107 6.67104363441456 7.25909676551806 7.84714989662165 8.43520302772514 8.88508593241375 8.92045815785728
