data/working_set_collections/6091692-Cassins_Sparrow-MC/1980/bio19.asc
NCOLS 265 
NROWS 230 
XLLCORNER -115.5625 
YLLCORNER 24.8333333333333 
CELLSIZE 0.0833333333333333 
NODATA_value -9999 
[rows 0 to 19 of 230, columns 0 to 45 of 265]
306.075493706600014 299.29961242676 292.523731146921 285.747849867081 278.971968587242 272.196087307403 265.420206027562 252.588318252567 237.737761645851 222.887205039132 208.036648432417 193.186091825701 178.335535218982 163.484978612266 151.014512125652 145.684315999349 140.354119873048 135.023923746746 129.693727620443 124.363531494141 119.033335367839 113.703139241537 111.029217529297 109.240720621745 107.452223714193 105.663726806641 103.875229899089 102.086732991537 100.298236083985 98.6056286282013 97.2006895277237 95.7957504272464 94.390811326769 92.9858722262914 91.5809331258141 90.1759940253367 88.7710549248591 93.8910675048816 101.186063978406 108.481060451931 115.776056925455 123.071053398979 130.366049872504 137.661046346028 145.238242085773 153.662035624186
291.883392333986 286.254959106447 280.626525878909 274.998092651369 269.36965942383 263.741226196291 258.112792968751 246.434452438357 232.739476140344 219.044499842328 205.349523544314 191.6545472463 177.959570948284 164.264594650271 152.741452026368 147.733810424805 142.726168823243 137.718527221681 132.710885620117 127.703244018555 122.695602416993 117.68796081543 114.636013793945 112.235964965821 109.835916137695 107.435867309571 105.035818481446 102.635769653321 100.235720825196 98.0989089965824 96.7518081665041 95.404707336426 94.057606506348 92.7105056762697 91.3634048461917 90.0163040161136 88.6692031860353 93.5086761474598 100.41034037272 107.312004597981 114.213668823241 121.115333048501 128.016997273762 134.918661499023 142.172985331216 150.485287984212
277.691290961374 273.210305786135 268.729320610897 264.248335435657 259.767350260419 255.28636508518 250.805379909941 240.280586624149 227.741190634837 215.201794645523 202.662398656212 190.1230026669 177.583606677587 165.044210688275 154.468391927084 149.783304850261 145.098217773438 140.413130696615 135.728043619792 131.042956542969 126.357869466146 121.672782389323 118.242810058594 115.231209309896 112.219608561198 109.2080078125 106.196407063803 103.184806315104 100.173205566407 97.5921893649635 96.3029268052845 95.0136642456058 93.724401685927 92.435139126248 91.1458765665693 89.8566140068905 88.5673514472115 93.126284790038 99.6346167670342 106.142948744032 112.651280721028 119.159612698024 125.667944675021 132.176276652018 139.107728576659 147.308540344238
263.499189588761 260.165652465822 256.832115342884 253.498578219945 250.165041097007 246.831503974069 243.49796685113 234.126720809939 222.74290512933 211.359089448719 199.975273768109 188.5914580875 177.207642406889 165.82382672628 156.1953318278 151.832799275716 147.470266723633 143.10773417155 138.745201619466 134.382669067383 130.0201365153 125.657603963216 121.849606323242 118.226453653972 114.603300984701 110.98014831543 107.35699564616 103.733842976888 100.110690307618 97.0854697333445 95.8540454440649 94.6226211547854 93.391196865506 92.1597725762263 90.9283482869469 89.6969239976674 88.4654997083877 92.7438934326162 98.8588931613485 104.973892890082 111.088892618814 117.203892347547 123.31889207628 129.433891805012 136.042471822101 144.131792704264
249.307088216147 247.120999145509 244.934910074871 242.748821004233 240.562731933595 238.376642862957 236.190553792319 227.97285499573 217.744619623823 207.516384251914 197.288148880007 187.0599135081 176.831678136191 166.603442764284 157.922271728516 153.882293701172 149.842315673829 145.802337646485 141.762359619141 137.722381591797 133.682403564454 129.642425537109 125.456402587891 121.221697998048 116.986993408203 112.75228881836 108.517584228516 104.282879638672 100.048175048829 96.5787501017256 95.4051640828452 94.2315780639651 93.0579920450849 91.8844060262046 90.7108200073244 89.5372339884443 88.3636479695639 92.3615020751944 98.0831695556628 103.804837036132 109.526504516601 115.248171997069 120.969839477539 126.691506958007 132.977215067544 140.95504506429
235.114986843535 234.076345825197 233.03770480686 231.999063788522 230.960422770184 229.921781751846 228.883140733508 221.818989181521 212.746334118316 203.67367905511 194.601023991905 185.5283689287 176.455713865493 167.383058802288 159.649211629232 155.931788126628 152.214364624024 148.49694112142 144.779517618815 141.062094116211 137.344670613607 133.627247111002 129.063198852539 124.216942342123 119.370685831706 114.52442932129 109.678172810873 104.831916300456 99.9856597900399 96.0720304701067 94.9562827216256 93.8405349731448 92.7247872246639 91.6090394761829 90.493291727702 89.3775439792212 88.2617962307401 91.9791107177726 97.3074459499772 102.635781182183 107.964116414387 113.292451646592 118.620786878797 123.949122111002 129.911958312987 137.778297424316
220.376482009889 220.069934463503 219.763386917116 219.456839370729 219.150291824342 218.843744277956 218.537196731569 212.525882085167 204.612978405426 196.700074725683 188.787171045941 180.8742673662 172.961363686457 165.048460006716 158.250251282587 154.796127425301 151.342003568015 147.887879710728 144.433755853442 140.979631996156 137.52550813887 134.071384281583 129.559972699484 124.696131875781 119.832291052077 114.968450228374 110.104609404671 105.240768580967 100.376927757264 96.4799635569255 95.4836292266845 94.4872948964437 93.4909605662028 92.4946262359618 91.498291905721 90.5019575754801 89.5056232452391 93.0544595082589 98.1183526357001 103.182245763142 108.246138890583 113.310032018024 118.373925145466 123.437818272907 129.085679414535 136.485444598727
205.091573715211 205.101765060426 205.111956405641 205.122147750856 205.13233909607 205.142530441285 205.1527217865 200.093533706667 193.344552485151 186.595571263633 179.846590042116 173.0976088206 166.348627599082 159.599646377565 153.725390688579 150.475311597189 147.225232505799 143.975153414409 140.725074323019 137.474995231629 134.224916140239 130.974837048849 126.946724128724 122.65926659902 118.371809069316 114.084351539613 109.796894009909 105.509436480205 101.221978950501 97.8025493621827 96.9872035980224 96.1718578338623 95.3565120697022 94.5411663055419 93.7258205413818 92.9104747772217 92.0951290130614 95.5875484466542 100.515889612832 105.444230779011 110.372571945189 115.300913111368 120.229254277546 125.157595443725 130.498378372191 137.076486587524
189.806665420534 190.133595657351 190.460525894167 190.787456130983 191.1143863678 191.441316604616 191.768246841433 187.661185328168 182.076126564876 176.491067801584 170.906009038292 165.320950275 159.735891511707 154.150832748415 149.200530094572 146.154495769078 143.108461443584 140.062427118091 137.016392792597 133.970358467103 130.92432414161 127.878289816115 124.333475557964 120.62240132226 116.911327086555 113.200252850851 109.489178615147 105.778104379442 102.067030143738 99.1251351674397 98.4907779693602 97.8564207712808 97.2220635732014 96.5877063751219 95.9533491770424 95.318991978963 94.6846347808835 98.1206373850493 102.913426589964 107.70621579488 112.499004999795 117.291794204711 122.084583409626 126.877372614542 131.911077329846 137.66752857632
174.521757125856 175.165426254274 175.809095382692 176.45276451111 177.096433639528 177.740102767946 178.383771896364 175.228836949669 170.807700644601 166.386564339533 161.965428034466 157.544291729399 153.123155424331 148.702019119264 144.675669500564 141.833679940966 138.991690381369 136.149700821772 133.307711262174 130.465721702577 127.623732142979 124.781742583381 121.720226987204 118.585536045499 115.450845103794 112.31615416209 109.181463220385 106.04677227868 102.912081336976 100.447720972697 99.9943523406981 99.5409837086994 99.0876150767007 98.634246444702 98.1808778127033 97.7275091807046 97.2741405487058 100.653726323445 105.310963567097 109.96820081075 114.625438054402 119.282675298054 123.939912541707 128.597149785359 133.323776287501 138.258570565117
159.236848831178 160.197256851197 161.157664871217 162.118072891236 163.078480911256 164.038888931275 164.999296951295 162.796488571169 159.539274724326 156.282060877483 153.024847030641 149.767633183799 146.510419336956 143.253205490113 140.150808906556 137.512864112855 134.874919319154 132.236974525453 129.599029731751 126.96108493805 124.323140144349 121.685195350648 119.106978416444 116.548670768739 113.990363121033 111.432055473328 108.873747825623 106.315440177918 103.757132530213 101.770306777954 101.497926712036 101.225546646118 100.9531665802 100.680786514282 100.408406448364 100.136026382446 99.8636463165281 103.18681526184 107.708500544229 112.230185826619 116.751871109008 121.273556391397 125.795241673787 130.316926956176 134.736475245157 138.849612553914
143.951940536501 145.229087448122 146.506234359743 147.783381271364 149.060528182985 150.337675094606 151.614822006227 150.36414019267 148.270848804052 146.177557415434 144.084266026816 141.990974638199 139.897683249581 137.804391860963 135.625948312549 133.192048284743 130.758148256939 128.324248229134 125.890348201329 123.456448173524 121.022548145719 118.588648117914 116.493729845683 114.511805491978 112.529881138272 110.547956784567 108.566032430861 106.584108077155 104.60218372345 103.092892583211 103.001501083374 102.910109583537 102.818718083699 102.727326583862 102.635935084025 102.544543584188 102.45315208435 105.719904200235 110.106037521361 114.492170842488 118.878304163614 123.26443748474 127.650570805867 132.036704126993 136.149174202812 139.440654542711
133.825999789768 135.101015726726 136.376031663683 137.651047600641 138.926063537598 140.201079474556 141.476095411513 140.750251642864 139.357454639012 137.96465763516 136.571860631308 135.179063627456 133.786266623604 132.393469619752 130.80687099033 128.638867484199 126.470863978069 124.302860471938 122.134856965807 119.966853459677 117.798849953546 115.630846447415 113.932408396404 112.390492163765 110.848575931126 109.306659698487 107.764743465848 106.222827233209 104.68091100057 103.581130663554 103.807758013407 104.034385363261 104.261012713114 104.487640062968 104.714267412821 104.940894762675 105.167522112528 108.38910516103 112.609006775749 116.828908390468 121.048810005187 125.268711619906 129.488613234625 133.708514849344 137.546293682521 140.237704171074
128.859026590983 129.813041687012 130.767056783041 131.721071879069 132.675086975098 133.629102071127 134.583117167155 133.954822921754 132.799092229208 131.643361536662 130.487630844117 129.331900151571 128.176169459026 127.02043876648 125.693576939902 123.853321711223 122.013066482545 120.172811253866 118.332556025188 116.492300796509 114.652045567831 112.811790339152 111.423014068604 110.184730784099 108.946447499593 107.708164215088 106.469880930583 105.231597646078 103.993314361573 103.235021018982 103.916697502136 104.59837398529 105.280050468445 105.961726951599 106.643403434753 107.325079917907 108.006756401062 111.194418144225 115.217408307392 119.24039847056 123.263388633727 127.286378796894 131.309368960062 135.332359123229 138.927833684285 141.240761439005
123.892053392199 124.525067647299 125.158081902399 125.791096157499 126.424110412598 127.057124667698 127.690138922798 127.159394200644 126.240729819405 125.322065438166 124.403401056926 123.484736675687 122.566072294448 121.647407913209 120.580282889473 119.067775938247 117.555268987021 116.042762035795 114.530255084568 113.017748133342 111.505241182116 109.99273423089 108.913619740805 107.978969404433 107.044319068061 106.10966873169 105.175018395318 104.240368058947 103.305717722575 102.88891137441 104.025636990865 105.16236260732 106.299088223775 107.43581384023 108.572539456685 109.70926507314 110.845990689595 113.99973112742 117.825809839035 121.651888550652 125.477967262267 129.304045973883 133.130124685499 136.956203397114 140.309373686048 142.243818706936
118.925080193414 119.237093607585 119.549107021756 119.861120435927 120.173133850098 120.485147264269 120.79716067844 120.363965479534 119.682367409601 119.000769339668 118.319171269736 117.637573199803 116.95597512987 116.274377059937 115.466988839044 114.28223016527 113.097471491496 111.912712817723 110.727954143949 109.543195470175 108.358436796401 107.173678122627 106.404225413005 105.773208024767 105.142190636529 104.511173248291 103.880155860053 103.249138471815 102.618121083578 102.542801729838 104.134576479594 105.726351229349 107.318125979105 108.909900728861 110.501675478617 112.093450228373 113.685224978129 116.805044110615 120.434211370679 124.063378630743 127.692545890807 131.321713150871 134.950880410936 138.580047670999 141.690913687811 143.246875974867
113.958106994629 113.949119567872 113.940132141114 113.931144714356 113.922157287598 113.91316986084 113.904182434083 113.568536758424 113.124004999797 112.679473241171 112.234941482545 111.790409723918 111.345877965292 110.901346206666 110.353694788616 109.496684392294 108.639673995972 107.782663599651 106.925653203329 106.068642807007 105.211632410686 104.354622014364 103.894831085205 103.567446645101 103.240062204997 102.912677764893 102.585293324789 102.257908884684 101.93052444458 102.196692085266 104.243515968323 106.290339851379 108.337163734435 110.383987617492 112.430811500549 114.477635383605 116.524459266662 119.61035709381 123.042612902322 126.474868710835 129.907124519347 133.33938032786 136.771636136372 140.203891944885 143.072453689575 144.249933242798
108.991133795845 108.661145528158 108.331157260472 108.001168992785 107.671180725099 107.341192457412 107.011204189725 106.773108037314 106.565642589994 106.358177142674 106.150711695354 105.943246248034 105.735780800714 105.528315353394 105.240400738187 104.711138619318 104.181876500448 103.652614381579 103.123352262709 102.59409014384 102.064828024971 101.535565906101 101.385436757406 101.361685265435 101.337933773465 101.314182281494 101.290430789524 101.266679297553 101.242927805583 101.850582440694 104.352455457051 106.854328473409 109.356201489766 111.858074506123 114.359947522481 116.861820538838 119.363693555195 122.415670077005 125.651014433966 128.886358790927 132.121703147887 135.357047504848 138.592391861809 141.82773621877 144.453993691338 145.252990510728
109.238151868184 108.354733339945 107.471314811706 106.587896283467 105.704477755229 104.82105922699 103.937640698751 103.522694778442 103.263906394111 103.005118009779 102.746329625448 102.487541241116 102.228752856785 101.969964472453 101.688661575318 101.339815139771 100.990968704224 100.642122268677 100.29327583313 99.9444293975833 99.5955829620364 99.2467365264895 99.2909472783408 99.4661770926583 99.6414069069758 99.8166367212933 99.9918665356107 100.167096349928 100.342326164246 101.178477689954 103.99739434984 106.816311009725 109.635227669609 112.454144329495 115.273060989379 118.091977649264 120.91089430915 124.006622441609 127.194621064927 130.382619688246 133.570618311564 136.758616934881 139.9466155582 143.134614181518 145.645076158311 146.122928195529
114.699161211649 113.029883003235 111.36060479482 109.691326586405 108.022048377991 106.352770169576 104.683491961161 103.817296981812 103.21879641215 102.620295842489 102.021795272827 101.423294703166 100.824794133504 100.226293563843 99.6984773000084 99.3827139536542 99.0669506073 98.7511872609459 98.4354239145917 98.1196605682375 97.8038972218834 97.4881338755292 97.6113626480103 97.8809221267701 98.1504816055299 98.4200410842896 98.6896005630494 98.9591600418092 99.2287195205689 100.180377833048 103.178332646688 106.176287460327 109.174242273966 112.172197087605 115.170151901245 118.168106714884 121.166061528523 124.383214187621 127.673432795206 130.963651402791 134.253870010375 137.54408861796 140.834307225545 144.124525833129 146.645701090495 146.8597462972
