data/working_set_collections/6091692-Cassins_Sparrow-MC/1980/bio13.asc
NCOLS 265 
NROWS 230 
XLLCORNER -115.5625 
YLLCORNER 24.8333333333333 
CELLSIZE 0.0833333333333333 
NODATA_value -9999 
[rows 0 to 19 of 230, columns 184 to 229 of 265]
88.3622381210326 88.0527753829955 87.7433126449584 88.5207139333086 89.6604032304548 90.800092527601 91.9397818247474 93.0794711218936 94.2191604190398 95.3588497161863 96.6942157533429 98.6166120105314 100.53900826772 102.461404524909 104.383800782097 106.306197039286 108.228593296474 110.150989553663 110.317096328735 109.897773276435 109.478450224135 109.059127171834 108.639804119534 108.220481067234 107.801158014933 107.979601457383 109.951344384087 111.92308731079 113.894830237494 115.866573164197 117.838316090901 119.810059017605 121.781801944308 123.049180793762 124.081771617465 125.114362441168 126.146953264872 127.179544088575 128.212134912279 129.244725735982 129.982472017076 129.835684670342 129.688897323608 129.542109976874 129.39532263014 129.248535283407
89.7152666091918 89.5228281021117 89.3303895950317 90.0162601470944 90.9949003855384 91.9735406239824 92.9521808624265 93.9308211008705 94.9094613393144 95.8881015777586 97.070358339945 98.8634646733597 100.656571006775 102.449677340189 104.242783673604 106.035890007019 107.828996340433 109.622102673848 110.015641403198 109.94265759786 109.869673792521 109.796689987183 109.723706181844 109.650722376505 109.577738571167 109.992807261148 111.872033437092 113.751259613037 115.630485788981 117.509711964924 119.388938140869 121.268164316813 123.147390492757 124.305496788025 125.223229789734 126.140962791443 127.058695793152 127.976428794861 128.89416179657 129.811894798279 130.480963007609 130.404036839803 130.327110671997 130.250184504191 130.173258336385 130.096332168579
91.0682950973509 90.9928808212278 90.9174665451048 91.5118063608802 92.3293975406219 93.1469887203636 93.9645799001055 94.7821710798472 95.599762259589 96.4173534393308 97.4465009265471 99.1103173361879 100.774133745829 102.43795015547 104.10176656511 105.765582974752 107.429399384392 109.093215794033 109.714186477661 109.987541919284 110.260897360908 110.534252802531 110.807608244154 111.080963685777 111.3543191274 112.006013064914 113.792722490098 115.579431915283 117.366141340467 119.152850765651 120.939560190836 122.72626961602 124.512979041205 125.561812782287 126.364687962002 127.167563141716 127.970438321431 128.773313501146 129.57618868086 130.379063860575 130.979453998142 130.972389009264 130.965324020386 130.958259031508 130.95119404263 130.944129053752
92.4213235855101 92.4629335403441 92.504543495178 93.0073525746661 93.6638946957055 94.320436816745 94.9769789377846 95.6335210588241 96.2900631798636 96.9466053009031 97.8226435131493 99.3571699990162 100.891696484883 102.42622297075 103.960749456617 105.495275942484 107.029802428351 108.564328914218 109.412731552124 110.032426240709 110.652120929294 111.271815617879 111.891510306464 112.511204995049 113.130899683634 114.019218868679 115.713411543104 117.407604217529 119.101796891954 120.795989566378 122.490182240804 124.184374915228 125.878567589653 126.81812877655 127.50614613427 128.194163491991 128.882180849711 129.570198207431 130.258215565151 130.946232922872 131.477944988675 131.540741178724 131.603537368774 131.666333558824 131.729129748874 131.791925938924
93.7743520736693 93.9329862594603 94.0916204452513 94.502898788452 94.9983918507891 95.4938849131264 95.9893779754637 96.4848710378009 96.9803641001381 97.4758571624754 98.1987860997514 99.6040226618445 101.009259223938 102.414495786031 103.819732348124 105.224968910217 106.63020547231 108.035442034403 109.111276626587 110.077310562134 111.04334449768 112.009378433227 112.975412368774 113.941446304321 114.907480239868 116.032424672444 117.634100596109 119.235776519775 120.83745244344 122.439128367106 124.040804290771 125.642480214436 127.244156138102 128.074444770813 128.647604306539 129.220763842265 129.793923377991 130.367082913716 130.940242449442 131.513401985168 131.976435979207 132.109093348185 132.241750717163 132.374408086141 132.507065455119 132.639722824097
95.1273805618284 95.4030389785764 95.6786973953244 95.9984450022377 96.3328890058727 96.6673330095076 97.0017770131427 97.3362210167777 97.6706650204127 98.0051090240477 98.5749286863535 99.8508753246727 101.126821962992 102.402768601311 103.67871523963 104.95466187795 106.230608516269 107.506555154588 108.80982170105 110.122194883558 111.434568066067 112.746941248576 114.059314431084 115.371687613593 116.684060796101 118.045630476209 119.554789649115 121.063948822021 122.573107994927 124.082267167832 125.591426340738 127.100585513644 128.60974468655 129.330760765075 129.789062478807 130.247364192539 130.70566590627 131.163967620002 131.622269333733 132.080571047465 132.47492696974 132.677445517646 132.879964065552 133.082482613457 133.285001161363 133.487519709269
96.3272869110106 96.6536651187471 96.9800433264836 97.234089787801 97.4640256669785 97.693961546156 97.9238974253335 98.153833304511 98.3837691836885 98.6137050628661 99.0599120246036 100.154932234022 101.249952443441 102.344972652859 103.439992862277 104.535013071696 105.630033281114 106.725053490533 108.052745946248 109.457995817396 110.863245688544 112.268495559692 113.67374543084 115.078995301988 116.484245173136 117.918520885044 119.439874119229 120.961227353414 122.482580587599 124.003933821784 125.525287055969 127.046640290154 128.567993524339 129.29909585317 129.766781213548 130.234466573927 130.702151934306 131.169837294684 131.637522655063 132.105208015442 132.523327848646 132.792751100328 133.06217435201 133.331597603692 133.601020855374 133.870444107056
97.3740711212157 97.6848646799722 97.9956582387287 98.2098331451415 98.3918018341063 98.5737705230712 98.755739212036 98.9377079010009 99.1196765899657 99.3016452789306 99.6537361145017 100.516193389892 101.378650665283 102.241107940674 103.103565216064 103.966022491455 104.828479766846 105.690937042236 106.840049362183 108.084713363647 109.329377365112 110.574041366577 111.818705368042 113.063369369507 114.308033370972 115.651095898946 117.289354006449 118.927612113953 120.565870221456 122.204128328959 123.842386436462 125.480644543965 127.118902651469 127.979450035095 128.580760510763 129.18207098643 129.783381462097 130.384691937764 130.986002413432 131.587312889099 132.121638615926 132.455010096232 132.788381576538 133.121753056844 133.45512453715 133.788496017456
98.4208553314207 98.7160642411972 99.0112731509736 99.1855765024819 99.3195780012341 99.4535794999863 99.5875809987385 99.7215824974906 99.8555839962428 99.989585494995 100.2475602044 100.877454545763 101.507348887126 102.137243228488 102.767137569851 103.397031911214 104.026926252577 104.65682059394 105.627352778117 106.711430909898 107.79550904168 108.879587173462 109.963665305244 111.047743437025 112.131821568807 113.383670912849 115.13883389367 116.893996874491 118.649159855313 120.404322836134 122.159485816956 123.914648797777 125.669811778598 126.659804217021 127.394739807977 128.129675398933 128.864610989889 129.599546580844 130.3344821718 131.069417762756 131.719949383206 132.117269092136 132.514588801066 132.911908509996 133.309228218926 133.706547927856
99.4676395416258 99.7472638024222 100.026888063219 100.161319859822 100.247354168362 100.333388476901 100.419422785441 100.50545709398 100.59149140252 100.677525711059 100.841384294298 101.238715701633 101.636047108968 102.033378516303 102.430709923638 102.828041330973 103.225372738308 103.622704145643 104.414656194051 105.33814845615 106.261640718248 107.185132980347 108.108625242445 109.032117504544 109.955609766642 111.116245926751 112.98831378089 114.86038163503 116.732449489169 118.604517343309 120.476585197449 122.348653051588 124.220720905727 125.340158398946 126.208719105191 127.077279811435 127.94584051768 128.814401223924 129.682961930169 130.551522636413 131.318260150485 131.77952808804 132.240796025594 132.702063963148 133.163331900702 133.624599838257
100.514423751831 100.778463363647 101.042502975464 101.137063217163 101.17513033549 101.213197453817 101.251264572143 101.28933169047 101.327398808797 101.365465927124 101.435208384196 101.599976857503 101.76474533081 101.929513804118 102.094282277425 102.259050750732 102.42381922404 102.588587697347 103.201959609985 103.964866002401 104.727772394816 105.490678787231 106.253585179647 107.016491572062 107.779397964478 108.848820940653 110.837793668111 112.826766395569 114.815739123026 116.804711850484 118.793684577942 120.782657305399 122.771630032857 124.020512580872 125.022698402405 126.024884223938 127.027070045471 128.029255867004 129.031441688537 130.033627510071 130.916570917765 131.441787083944 131.967003250122 132.4922194163 133.017435582479 133.542651748657
101.561207962036 101.809662924872 102.058117887709 102.112806574503 102.102906502618 102.093006430732 102.083106358846 102.07320628696 102.063306215074 102.053406143188 102.029032474094 101.961238013373 101.893443552653 101.825649091933 101.757854631212 101.690060170492 101.622265709771 101.554471249051 101.98926302592 102.591583548652 103.193904071384 103.796224594116 104.398545116849 105.000865639581 105.603186162313 106.581395954556 108.687273555331 110.793151156108 112.899028756883 115.004906357659 117.110783958435 119.216661559211 121.322539159986 122.700866762797 123.836677699619 124.972488636441 126.108299573262 127.244110510084 128.379921446906 129.515732383728 130.514881685045 131.104046079847 131.69321047465 132.282374869452 132.871539264255 133.460703659058
102.151714897156 102.374320877923 102.59692685869 102.604545338949 102.540501319038 102.476457299127 102.412413279216 102.348369259305 102.284325239393 102.220281219482 102.130746417575 101.964739269681 101.798732121786 101.632724973891 101.466717825996 101.300710678101 101.134703530206 100.968696382311 101.315359369914 101.832912402683 102.350465435452 102.868018468221 103.38557150099 103.903124533759 104.420677566528 105.329764790005 107.413454585605 109.497144381205 111.580834176805 113.664523972405 115.748213768005 117.831903563605 119.915593359205 121.360806465149 122.593194007873 123.825581550598 125.057969093323 126.290356636047 127.522744178772 128.755131721496 129.836617385017 130.465397410923 131.094177436829 131.722957462735 132.351737488641 132.980517514547
102.28594455719 102.472437222799 102.658929888407 102.612279510498 102.487914784749 102.363550059001 102.239185333252 102.114820607503 101.990455881755 101.866091156006 101.74035021464 101.610480626424 101.480611038208 101.350741449992 101.220871861776 101.09100227356 100.961132685343 100.831263097127 101.180248641968 101.688852564494 102.19745648702 102.706060409546 103.214664332072 103.723268254598 104.231872177124 105.093927447001 107.016336758931 108.938746070862 110.861155382792 112.783564694722 114.705974006653 116.628383318583 118.550792630513 120.000331687927 121.292247327169 122.58416296641 123.876078605652 125.167994244893 126.459909884135 127.751825523376 128.88177801768 129.525841077169 130.169904136658 130.813967196147 131.458030255635 132.102093315124
102.420174217224 102.570553567674 102.720932918125 102.620013682048 102.435328250461 102.250642818875 102.065957387288 101.881271955702 101.696586524116 101.511901092529 101.349954011705 101.256221983168 101.162489954631 101.068757926093 100.975025897556 100.881293869019 100.787561840481 100.693829811944 101.045137914022 101.544792726305 102.044447538588 102.544102350871 103.043757163154 103.543411975437 104.04306678772 104.858090103997 106.619218932257 108.380347760518 110.141476588779 111.902605417039 113.6637342453 115.424863073561 117.185991901821 118.639856910706 119.991300646464 121.342744382222 122.694188117981 124.045631853739 125.397075589498 126.748519325256 127.926938650343 128.586284743415 129.245630836487 129.904976929559 130.56432302263 131.223669115702
102.554403877258 102.66866991255 102.782935947842 102.627747853597 102.382741716173 102.137735578749 101.892729441325 101.647723303901 101.402717166477 101.157711029053 100.95955780877 100.901963339912 100.844368871053 100.786774402195 100.729179933336 100.671585464478 100.613990995619 100.556396526761 100.910027186076 101.400732888116 101.891438590156 102.382144292196 102.872849994235 103.363555696275 103.854261398315 104.622252760993 106.222101105584 107.821949450175 109.421797794766 111.021646139356 112.621494483948 114.221342828538 115.821191173129 117.279382133484 118.690353965759 120.101325798034 121.51229763031 122.923269462585 124.334241294861 125.745213127136 126.972099283006 127.646728409661 128.321357536316 128.995986662971 129.670615789625 130.34524491628
102.688633537292 102.766786257426 102.844938977559 102.635482025147 102.330155181885 102.024828338623 101.719501495361 101.4141746521 101.108847808838 100.803520965576 100.569161605835 100.547704696655 100.526247787476 100.504790878296 100.483333969116 100.461877059937 100.440420150757 100.418963241577 100.77491645813 101.256673049927 101.738429641724 102.22018623352 102.701942825317 103.183699417114 103.665456008911 104.386415417989 105.82498327891 107.263551139831 108.702119000752 110.140686861674 111.579254722595 113.017822583516 114.456390444437 115.918907356262 117.389407285054 118.859907213847 120.330407142639 121.800907071431 123.271407000223 124.741906929016 126.01725991567 126.707172075907 127.397084236145 128.086996396383 128.77690855662 129.466820716858
102.822863197327 102.864902602302 102.906942007277 102.643216196696 102.277568647597 101.911921098497 101.546273549398 101.180626000299 100.814978451199 100.4493309021 100.1787654029 100.193446053399 100.208126703898 100.222807354397 100.237488004896 100.252168655396 100.266849305895 100.281529956394 100.639805730184 101.112613211738 101.585420693291 102.058228174845 102.531035656399 103.003843137953 103.476650619507 104.150578074985 105.427865452236 106.705152829488 107.982440206739 109.259727583991 110.537014961243 111.814302338494 113.091589715746 114.55843257904 116.08846060435 117.618488629659 119.148516654968 120.678544680277 122.208572705586 123.738600730896 125.062420548333 125.767615742154 126.472810935974 127.178006129795 127.883201323615 128.588396517436
102.790087763468 102.807135899862 102.824184036255 102.530572191874 102.133407020569 101.736241849264 101.339076677958 100.941911506653 100.544746335348 100.147581164042 99.8668606228299 99.9354739718967 100.004087320964 100.07270067003 100.141314019097 100.209927368164 100.278540717231 100.347154066298 100.699943351746 101.14745794932 101.594972546895 102.04248714447 102.490001742045 102.93751633962 103.385030937195 104.023046196831 105.232563442654 106.442080688476 107.651597934299 108.861115180121 110.070632425944 111.280149671766 112.489666917589 113.979136721293 115.561924044291 117.144711367289 118.727498690287 120.310286013285 121.893073336283 123.475860659281 124.83386739095 125.517532348633 126.201197306315 126.884862263997 127.568527221679 128.252192179362
102.590307235718 102.593486150106 102.596665064494 102.297550010681 101.897670300802 101.497790590922 101.097910881043 100.698031171163 100.298151461284 99.8982717514039 99.633447265625 99.7737884521484 99.9141296386719 100.054470825195 100.194812011719 100.335153198242 100.475494384766 100.615835571289 100.955329322815 101.361207262675 101.767085202535 102.172963142395 102.578841082255 102.984719022115 103.390596961975 104.003819783528 105.239077250162 106.474334716797 107.709592183431 108.944849650065 110.180107116699 111.415364583333 112.650622049967 114.18101978302 115.809797604878 117.438575426737 119.067353248596 120.696131070455 122.324908892313 123.953686714172 125.331600443522 125.956921895345 126.582243347168 127.207564798991 127.832886250814 128.458207702637
