data/working_set_collections/6091692-Cassins_Sparrow-MC/1980/bio19.asc
NCOLS 265 
NROWS 230 
XLLCORNER -115.5625 
YLLCORNER 24.8333333333333 
CELLSIZE 0.0833333333333333 
NODATA_value -9999 
[rows 200 to 219 of 230, columns 92 to 137 of 265]
155.814468383789 155.11799621582 154.421524047852 153.725051879883 153.028579711914 151.224922180176 149.052202860515 146.879483540853 144.706764221192 142.53404490153 140.361325581869 138.188606262207 135.444168408712 130.984574953715 126.524981498719 122.065388043722 117.605794588725 113.146201133728 108.686607678732 104.227014223735 98.9217340469365 93.3345582962045 87.7473825454714 82.1602067947394 76.5730310440073 70.9858552932743 65.3986795425422 60.7482805146113 58.9082116550872 57.0681427955629 55.2280739360388 53.3880050765147 51.5479362169903 49.7078673574662 47.8677984979421 47.4173725763955 47.4301609675088 47.4429493586221 47.4557377497354 47.4685261408487 47.481314531962 47.4941029230753 47.7220094150964 48.5952702098419 49.4685310045876 50.3417917993331
155.140818277995 154.587636311849 154.034454345703 153.481272379557 152.928090413412 151.379243469239 149.498508199056 147.617772928874 145.737037658692 143.856302388509 141.975567118327 140.094831848144 137.609519894918 133.310477892558 129.011435890198 124.712393887838 120.413351885478 116.114309883118 111.815267880758 107.516225878397 102.089175224305 96.2861216863004 90.4830681482952 84.680014610291 78.8769610722868 73.0739075342817 67.2708539962775 62.4328844176399 60.4901667171057 58.5474490165711 56.6047313160368 54.6620136155026 52.719295914968 50.7765782144337 48.8338605138994 48.3231387456256 48.2897489547728 48.2563591639199 48.2229693730671 48.1895795822142 48.1561897913614 48.1228000005085 48.3017827245921 49.1178829934858 49.9339832623797 50.7500835312735
154.467168172201 154.057276407878 153.647384643555 153.237492879232 152.827601114909 151.533564758301 149.944813537598 148.356062316895 146.767311096191 145.178559875488 143.589808654785 142.001057434082 139.774871381124 135.636380831401 131.497890281678 127.359399731954 123.220909182231 119.082418632508 114.943928082784 110.805437533061 105.256616401673 99.2376850763965 93.2187537511192 87.1998224258429 81.1808911005666 75.1619597752892 69.1430284500129 64.1174883206687 62.0721217791243 60.0267552375794 57.981388696035 55.9360221544905 53.8906556129457 51.8452890714012 49.7999225298568 49.2289049148558 49.1493369420368 49.0697689692178 48.9902009963988 48.9106330235798 48.8310650507608 48.7514970779418 48.8815560340879 49.6404957771298 50.3994355201719 51.1583752632139
153.793518066406 153.526916503906 153.260314941406 152.993713378906 152.727111816406 151.687886047363 150.39111887614 149.094351704915 147.797584533691 146.500817362468 145.204050191243 143.90728302002 141.94022286733 137.962283770243 133.984344673157 130.006405576071 126.028466478984 122.050527381897 118.072588284811 114.094649187724 108.424057579041 102.189248466493 95.9544393539432 89.7196302413948 83.4848211288463 77.2500120162968 71.0152029037483 65.8020922236975 63.6540768411428 61.5060614585878 59.3580460760331 57.2100306934785 55.0620153109235 52.9139999283688 50.7659845458141 50.134671084086 50.0089249293009 49.8831787745157 49.7574326197305 49.6316864649454 49.5059403101603 49.3801941553751 49.4613293435836 50.1631085607738 50.8648877779641 51.5666669951543
152.160218175253 152.035410944621 151.91060371399 151.785796483358 151.660989252727 150.866150029501 149.847966808743 148.829783587986 147.811600367229 146.793417146471 145.775233925714 144.757050704956 143.033105066088 139.191872172886 135.350639279684 131.509406386482 127.66817349328 123.826940600078 119.985707706876 116.144474813674 110.419379806519 104.066330761381 97.7132817162413 91.3602326711028 85.0071836259643 78.6541345808247 72.3010855356862 66.9873168521461 64.7913892534049 62.5954616546633 60.3995340559221 58.2036064571809 56.0076788584394 53.8117512596982 51.615823660957 50.9434868494668 50.7790136337279 50.614540417989 50.4500672022501 50.2855939865112 50.1211207707722 49.9566475550333 49.9859375953672 50.5965174039202 51.2070972124734 51.8176770210265
149.567268498739 149.582759730022 149.598250961304 149.613742192587 149.629233423869 149.068356704712 148.315357335409 147.562357966105 146.809358596802 146.056359227499 145.303359858195 144.550360488892 143.053517977397 139.325146039327 135.596774101258 131.868402163188 128.140030225118 124.411658287049 120.683286348979 116.954914410909 111.242583084107 104.868931961061 98.4952808380133 92.1216297149668 85.7479785919203 79.3743274688727 73.0006763458262 67.6731622060144 65.4840590159103 63.2949558258059 61.1058526357019 58.9167494455978 56.7276462554934 54.5385430653894 52.3494398752853 51.6553522109984 51.4596030553181 51.2638538996378 51.0681047439574 50.8723555882771 50.6766064325968 50.4808572769164 50.4553807894387 50.9407223065692 51.4260638236998 51.9114053408304
146.974318822225 147.130108515422 147.285898208618 147.441687901815 147.597477595012 147.270563379924 146.782747862074 146.294932344225 145.807116826376 145.319301308526 144.831485790677 144.343670272827 143.073930888707 139.458419905769 135.842908922832 132.227397939895 128.611886956957 124.99637597402 121.380864991083 117.765354008145 112.065786361695 105.671533160741 99.2772799597852 92.8830267588307 86.4887735578762 80.0945203569206 73.7002671559662 68.3590075598827 66.1767287784158 63.9944499969485 61.8121712154816 59.6298924340147 57.4476136525475 55.2653348710806 53.0830560896137 52.36721757253 52.1401924769083 51.9131673812866 51.6861422856648 51.4591171900431 51.2320920944214 51.0050669987996 50.9248239835102 51.2849272092182 51.6450304349263 52.0051336606343
144.381369145712 144.677457300822 144.973545455933 145.269633611044 145.565721766154 145.472770055135 145.25013838874 145.027506722345 144.804875055949 144.582243389554 144.359611723158 144.136980056763 143.094343800016 139.59169377221 136.089043744406 132.586393716601 129.083743688796 125.581093660991 122.078443633186 118.575793605381 112.888989639283 106.474134360421 100.059279081557 93.6444238026946 87.2295685238321 80.8147132449686 74.3998579661061 69.0448529137509 66.8693985409212 64.693944168091 62.5184897952613 60.3430354224316 58.1675810496015 55.9921266767717 53.816672303942 53.0790829340616 52.8207818984985 52.5624808629353 52.3041798273722 52.045878791809 51.7875777562459 51.5292767206827 51.3942671775816 51.6291321118671 51.8639970461527 52.0988619804382
141.788419469198 142.224806086223 142.661192703247 143.097579320272 143.533965937297 143.674976730347 143.717528915406 143.760081100464 143.802633285523 143.845185470581 143.88773765564 143.930289840698 143.114756711325 139.724967638652 136.33517856598 132.945389493307 129.555600420634 126.165811347962 122.77602227529 119.386233202617 113.712192916871 107.276735560101 100.841278203329 94.4058208465586 87.9703634897881 81.5349061330165 75.0994487762461 69.7306982676192 67.5620683034266 65.3934383392336 63.2248083750411 61.0561784108485 58.8875484466555 56.7189184824629 54.5502885182703 53.7909482955932 53.5013713200887 53.2117943445841 52.9222173690795 52.632640393575 52.3430634180705 52.0534864425659 51.8637103716531 51.9733370145161 52.0829636573791 52.1925903002421
139.195469792684 139.772154871623 140.348839950562 140.9255250295 141.502210108439 141.877183405558 142.184919442071 142.492655478584 142.800391515096 143.108127551609 143.415863588121 143.723599624634 143.135169622634 139.858241505093 136.581313387553 133.304385270013 130.027457152473 126.750529034933 123.473600917393 120.196672799852 114.535396194459 108.079336759781 101.623277325101 95.1672178904225 88.7111584557441 82.2550990210645 75.7990395863861 70.4165436214875 68.254738065932 66.0929325103763 63.9311269548208 61.7693213992654 59.6075158437096 57.4457102881541 55.2839047325987 54.5028136571248 54.1819607416789 53.8611078262329 53.5402549107869 53.219401995341 52.898549079895 52.577696164449 52.3331535657246 52.3175419171651 52.3019302686055 52.286318620046
136.970564524333 137.691028594971 138.411492665609 139.131956736247 139.852420806885 140.383946482341 140.852492692736 141.321038903131 141.789585113526 142.25813132392 142.726677534315 143.19522374471 142.72863053216 139.456619050768 136.184607569377 132.912596087987 129.640584606595 126.368573125204 123.096561643813 119.824550162422 114.198271179201 107.787236362035 101.376201544869 94.9651667277031 88.5541319105377 82.1430970933712 75.7320622762057 70.3938457806911 68.274084250133 66.1543227195745 64.0345611890163 61.9147996584581 59.7950381278996 57.6752765973414 55.5555150667833 54.7736939430238 54.4378529548646 54.1020119667055 53.7661709785462 53.4303299903871 53.0944890022279 52.7586480140687 52.4799010912578 52.3724363644919 52.2649716377259 52.15750691096
135.113703664144 135.981427256266 136.849150848389 137.716874440511 138.584598032634 139.195265960693 139.720248667399 140.245231374105 140.770214080811 141.295196787516 141.820179494222 142.345162200928 141.895139439902 138.520100275676 135.145061111451 131.770021947226 128.394982783 125.019943618775 121.64490445455 118.269865290325 112.700817871095 106.400434366864 100.100050862631 93.7996673583997 87.4992838541683 81.1989003499358 74.8985168457043 69.6626047452297 67.6201068560289 65.5776089668278 63.5351110776271 61.4926131884264 59.4501152992253 57.4076174100245 55.3651195208238 54.6035891532899 54.2690479596457 53.9345067660015 53.5999655723573 53.2654243787131 52.9308831850689 52.5963419914246 52.3039529482524 52.1380203564963 51.9720877647401 51.8061551729839
133.256842803955 134.271825917562 135.286809031169 136.301792144775 137.316775258382 138.006585439046 138.588004642063 139.169423845079 139.750843048096 140.332262251112 140.913681454129 141.495100657145 141.061648347644 137.583581500584 134.105514653524 130.627447806465 127.149380959405 123.671314112346 120.193247265287 116.715180418227 111.20336456299 105.013632371692 98.8239001803937 92.6341679890963 86.4444357977989 80.2547036065004 74.064971415203 68.9313637097682 66.9661294619249 65.0008952140812 63.0356609662379 61.0704267183946 59.1051924705509 57.1399582227076 55.1747239748643 54.433484363556 54.1002429644268 53.7670015652976 53.4337601661683 53.1005187670391 52.7672773679099 52.4340359687806 52.1280048052471 51.9036043485007 51.6792038917542 51.4548034350078
131.399981943766 132.562224578857 133.724467213949 134.88670984904 136.048952484131 136.817904917399 137.455760616726 138.093616316054 138.731472015381 139.369327714708 140.007183414035 140.645039113363 140.228157255386 136.647062725492 133.065968195598 129.484873665705 125.903779135811 122.322684605917 118.741590076024 115.16049554613 109.705911254884 103.626830376521 97.5477494981562 91.4686686197928 85.3895877414295 79.310506863065 73.2314259847017 68.2001226743068 66.3121520678208 64.4241814613346 62.5362108548487 60.6482402483628 58.7602696418766 56.8722990353907 54.9843284289048 54.2633795738221 53.9314379692079 53.5994963645936 53.2675547599793 52.9356131553651 52.6036715507508 52.2717299461365 51.9520566622417 51.6691883405051 51.3863200187684 51.1034516970318
129.543121083577 130.852623240153 132.162125396729 133.471627553304 134.78112970988 135.629224395752 136.32351659139 137.017808787028 137.712100982666 138.406393178304 139.100685373942 139.79497756958 139.394666163128 135.710543950399 132.026421737672 128.342299524944 124.658177312216 120.974055099488 117.289932886761 113.605810674032 108.208457946779 102.240028381349 96.2715988159189 90.3031692504895 84.3347396850601 78.3663101196298 72.3978805542004 67.4688816388453 65.6581746737169 63.847467708588 62.0367607434596 60.2260537783311 58.4153468132023 56.6046398480738 54.7939328829453 54.0932747840882 53.762632973989 53.4319911638897 53.1013493537904 52.7707075436911 52.4400657335918 52.1094239234925 51.7761085192364 51.4347723325095 51.0934361457826 50.7520999590557
127.686260223389 129.143021901449 130.599783579509 132.056545257568 133.513306935628 134.440543874105 135.191272566054 135.942001258003 136.692729949951 137.4434586419 138.194187333849 138.944916025798 138.56117507087 134.774025175307 130.986875279745 127.199725384184 123.412575488621 119.625425593059 115.838275697497 112.051125801935 106.711004638673 100.853226386178 94.9954481336815 89.1376698811862 83.2798916286908 77.4221133761945 71.5643351236991 66.7376406033839 65.0041972796129 63.2707539558415 61.5373106320704 59.8038673082993 58.070423984528 56.3369806607569 54.6035373369858 53.9231699943544 53.5938279787701 53.2644859631858 52.9351439476014 52.6058019320171 52.2764599164328 51.9471179008485 51.600160376231 51.2003563245139 50.8005522727968 50.4007482210797
127.311321025424 128.955510054694 130.599699083964 132.243888113233 133.888077142503 134.873951721191 135.640388149685 136.406824578179 137.173261006673 137.939697435167 138.706133863661 139.472570292155 139.050373310514 135.062276098464 131.074178886414 127.086081674365 123.097984462315 119.109887250265 115.121790038216 111.133692826166 105.775514443716 99.9606423378005 94.1457702318834 88.3308981259674 82.5160260200514 76.7011539141344 70.8862818082184 66.1030048582293 64.4145133760246 62.7260218938195 61.0375304116148 59.34903892941 57.6605474472049 55.9720559650002 54.2835644827954 53.6146045366924 53.2854884359573 52.9563723352222 52.627256234487 52.2981401337519 51.9690240330168 51.6399079322816 51.2871426582338 50.8634298642478 50.4397170702618 50.0160042762758
128.418303489684 130.29008769989 132.161871910095 134.0336561203 135.905440330505 136.929447937011 137.670863342285 138.412278747558 139.153694152832 139.895109558105 140.636524963378 141.377940368652 140.86226088206 136.575296719869 132.288332557679 128.001368395488 123.714404233297 119.427440071107 115.140475908916 110.853511746725 105.401987361909 99.5622762362176 93.7225651105252 87.8828539848338 82.0431428591424 76.2034317334501 70.3637206077587 65.5649744033818 63.8891229629522 62.2132715225223 60.5374200820928 58.8615686416632 57.1857172012333 55.5098657608037 53.8340143203741 53.1675784111024 52.8376143455507 52.507650279999 52.1776862144472 51.8477221488954 51.5177580833437 51.1877940177919 50.8370553652447 50.4239929517112 50.0109305381776 49.5978681246441
129.525285953945 131.624665345085 133.724044736226 135.823424127366 137.922803518507 138.984944152831 139.701338534884 140.417732916937 141.13412729899 141.850521681043 142.566916063096 143.283310445149 142.674148453607 138.088317341275 133.502486228943 128.916655116612 124.33082400428 119.744992891948 115.159161779617 110.573330667284 105.028460280102 99.1639101346348 93.299359989167 87.4348098437002 81.5702596982335 75.7057095527657 69.8411594072989 65.0269439485343 63.3637325498799 61.7005211512252 60.0373097525708 58.3740983539163 56.7108869552616 55.0476755566072 53.3844641579528 52.7205522855124 52.3897402551441 52.0589282247757 51.7281161944073 51.3973041640389 51.0664921336706 50.7356801033022 50.3869680722556 49.9845560391746 49.5821440060935 49.1797319730125
130.632268418205 132.959242990281 135.286217562357 137.613192134433 139.940166706509 141.040440368652 141.731813727484 142.423187086317 143.114560445149 143.805933803982 144.497307162814 145.188680521647 144.486036025154 139.601337962681 134.716639900208 129.831941837736 124.947243775262 120.06254571279 115.177847650317 110.293149587844 104.654933198294 98.7655440330519 92.8761548678087 86.9867657025666 81.0973765373244 75.2079873720812 69.318598206839 64.4889134936867 62.8383421368074 61.1877707799279 59.5371994230487 57.8866280661694 56.2360567092899 54.5854853524106 52.9349139955314 52.2735261599224 51.9418661647374 51.6102061695524 51.2785461743674 50.9468861791824 50.6152261839974 50.2835661888124 49.9368807792665 49.5451191266379 49.1533574740093 48.7615958213808
