data/working_set_collections/6091692-Cassins_Sparrow-MC/1980/bio17.asc
NCOLS 265 
NROWS 230 
XLLCORNER -115.5625 
YLLCORNER 24.8333333333333 
CELLSIZE 0.0833333333333333 
NODATA_value -9999 
[rows 20 to 39 of 230, columns 138 to 183 of 265]
29.0802358468374 28.7703100681305 28.4603842894237 28.1504585107169 28.004005765915 27.9120440324148 27.8200822989147 27.7281205654145 27.6361588319143 27.5441970984142 27.452235364914 27.363553624683 27.2847118642596 27.2058701038361 27.1270283434127 27.0481865829892 26.9693448225658 26.8905030621423 26.8116613017189 26.9500634511312 27.1608802371555 27.3716970231797 27.5825138092041 27.7933305952284 28.0041473812526 28.214964167277 28.4347566922505 28.6814764340718 28.9281961758931 29.1749159177144 29.4216356595357 29.668355401357 29.9150751431783 30.1617948849995 30.8990798314411 31.7998865127561 32.7006931940712 33.6014998753864 34.5023065567014 35.4031132380165 36.3039199193317 37.2127267095775 38.1455338266158 39.0783409436542 40.0111480606924 40.9439551777307
29.0820877234142 28.7170325756074 28.3519774278006 27.9869222799938 27.800344324112 27.6732587655386 27.5461732069652 27.4190876483918 27.2920020898184 27.164916531245 27.0378309726716 26.9301493909624 26.8806797398462 26.8312100887299 26.7817404376136 26.7322707864974 26.6828011353811 26.6333314842648 26.5838618331486 26.7654944101969 27.0241610633002 27.2828277164035 27.5414943695068 27.8001610226101 28.0588276757134 28.3174943288167 28.5654761314391 28.7814033826191 28.9973306337992 29.2132578849792 29.4291851361592 29.6451123873392 29.8610396385192 30.0769668896993 30.8455616633096 31.7983789443968 32.7511962254839 33.7040135065713 34.6568307876585 35.6096480687456 36.562465349833 37.5217132674321 38.5002530945669 39.4787929217019 40.4573327488367 41.4358725759715
29.083939599991 28.6637550830842 28.2435705661775 27.8233860492708 27.596682882309 27.4344734986624 27.2722641150158 27.1100547313691 26.9478453477225 26.7856359640758 26.6234265804292 26.4967451572419 26.4766476154328 26.4565500736237 26.4364525318146 26.4163549900056 26.3962574481965 26.3761599063874 26.3560623645783 26.5809253692627 26.8874418894449 27.1939584096272 27.5004749298095 27.8069914499918 28.1135079701741 28.4200244903564 28.6961955706278 28.8813303311665 29.0664650917053 29.251599852244 29.4367346127827 29.6218693733215 29.8070041338602 29.992138894399 30.7920434951781 31.7968713760374 32.8016992568967 33.8065271377562 34.8113550186155 35.8161828994748 36.8210107803343 37.8306998252866 38.854972362518 39.8792448997495 40.9035174369809 41.9277899742123
29.0857914765677 28.610477590561 28.1351637045544 27.6598498185477 27.393021440506 27.1956882317862 26.9983550230663 26.8010218143464 26.6036886056265 26.4063553969066 26.2090221881867 26.0633409235213 26.0726154910194 26.0818900585175 26.0911646260156 26.1004391935137 26.1097137610118 26.1189883285099 26.128262896008 26.3963563283284 26.7507227155897 27.1050891028509 27.4594554901122 27.8138218773735 28.1681882646348 28.5225546518961 28.8269150098164 28.9812572797139 29.1355995496114 29.2899418195088 29.4442840894063 29.5986263593038 29.7529686292012 29.9073108990987 30.7385253270465 31.795363807678 32.8522022883094 33.909040768941 34.9658792495725 36.0227177302039 37.0795562108356 38.1396863831411 39.2096916304691 40.2796968777972 41.3497021251252 42.4197073724531
29.1430894480813 28.6274137338003 28.1117380195195 27.5960623052387 27.306578874588 27.0924928718143 26.8784068690407 26.6643208662669 26.4502348634932 26.2361488607195 26.0220628579458 25.872710969713 25.9175614251031 25.9624118804931 26.0072623358832 26.0521127912733 26.0969632466634 26.1418137020534 26.1866641574435 26.4795047283172 26.8550086710187 27.2305126137202 27.6060165564218 27.9815204991233 28.3570244418249 28.7325283845265 29.0449035485585 29.1678923765818 29.290881204605 29.4138700326283 29.5368588606516 29.6598476886749 29.7828365166982 29.9058253447214 30.7276027520496 31.7823096858128 32.8370166195761 33.8917235533395 34.9464304871027 36.001137420866 37.0558443546294 38.1151558346216 39.1882809533011 40.2614060719807 41.3345311906601 42.4076563093395
29.2558335145316 28.7145635128022 28.1732935110729 27.6320235093436 27.3373551845551 27.124887418747 26.9124196529389 26.6999518871308 26.4874841213227 26.2750163555146 26.0625485897065 25.924855295817 26.0114854176839 26.0981155395507 26.1847456614176 26.2713757832844 26.3580059051513 26.4446360270182 26.531266148885 26.830370569229 27.2002997557321 27.5702289422351 27.9401581287383 28.3100873152414 28.6800165017444 29.0499456882476 29.350161186854 29.4412356217702 29.5323100566863 29.6233844916025 29.7144589265187 29.8055333614349 29.8966077963511 29.9876822312673 30.7592757701872 31.7577090104419 32.7561422506965 33.7545754909514 34.7530087312061 35.7514419714607 36.7498752117156 37.757108179728 38.7907403310138 39.8243724822997 40.8580046335855 41.8916367848712
29.3685775809819 28.8017132918041 28.2348490026263 27.6679847134486 27.3681314945221 27.1572819656796 26.9464324368371 26.7355829079946 26.5247333791521 26.3138838503096 26.1030343214671 25.9769996219211 26.1054094102647 26.2338191986084 26.362228986952 26.4906387752956 26.6190485636393 26.7474583519829 26.8758681403265 27.1812364101409 27.5455908404455 27.9099452707501 28.2742997010548 28.6386541313594 29.003008561664 29.3673629919687 29.6554188251495 29.7145788669586 29.7737389087677 29.8328989505767 29.8920589923858 29.9512190341949 30.010379076004 30.0695391178131 30.7909487883248 31.7331083350709 32.675267881817 33.6174274285633 34.5595869753094 35.5017465220555 36.4439060688018 37.3990605248344 38.3931997087264 39.3873388926187 40.3814780765108 41.3756172604029
29.4813216474323 28.888863070806 28.2964044941797 27.7039459175535 27.3989078044892 27.1896765126123 26.9804452207354 26.7712139288585 26.5619826369816 26.3527513451047 26.1435200532278 26.0291439480251 26.1993334028455 26.369522857666 26.5397123124864 26.7099017673068 26.8800912221272 27.0502806769476 27.220470131768 27.5321022510528 27.8908819251589 28.2496615992651 28.6084412733713 28.9672209474774 29.3260006215836 29.6847802956898 29.960676463445 29.987922112147 30.015167760849 30.042413409551 30.0696590582529 30.0969047069549 30.1241503556569 30.1513960043589 30.8226218064625 31.7085076597 32.5943935129375 33.4802793661752 34.3661652194127 35.2520510726503 36.1379369258879 37.0410128699407 37.9956590864391 38.9503053029377 39.9049515194361 40.8595977359346
29.5940657138826 28.9760128498078 28.3579599857332 27.7399071216585 27.4296841144562 27.2220710595449 27.0144580046336 26.8068449497223 26.599231894811 26.3916188398998 26.1840057849884 26.0812882741292 26.2932573954264 26.5052265167236 26.7171956380208 26.9291647593179 27.1411338806152 27.3531030019123 27.5650721232095 27.8829680919646 28.2361730098723 28.58937792778 28.9425828456877 29.2957877635954 29.6489926815031 30.0021975994109 30.2659341017405 30.2612653573354 30.2565966129303 30.2519278685252 30.24725912412 30.2425903797149 30.2379216353098 30.2332528909047 30.8542948246001 31.683906984329 32.513519144058 33.3431313037871 34.1727434635161 35.002355623245 35.8319677829742 36.682965215047 37.5981184641518 38.5132717132567 39.4284249623615 40.3435782114663
29.7068097803329 29.0631626288097 28.4195154772866 27.7758683257635 27.4604604244232 27.2544656064776 27.0484707885319 26.8424759705862 26.6364811526405 26.4304863346948 26.2244915167491 26.1334326002332 26.3871813880072 26.6409301757812 26.8946789635551 27.1484277513291 27.4021765391031 27.6559253268771 27.909674114651 28.2338339328765 28.5814640945857 28.929094256295 29.2767244180042 29.6243545797135 29.9719847414227 30.319614903132 30.571191740036 30.5346086025238 30.4980254650116 30.4614423274994 30.4248591899872 30.388276052475 30.3516929149628 30.3151097774506 30.8859678427377 31.6593063089581 32.4326447751785 33.205983241399 33.9793217076194 34.7526601738398 35.5259986400603 36.3249175601534 37.2005778418645 38.0762381235758 38.9518984052869 39.827558686998
29.6889520751108 28.9722812970481 28.2556105189855 27.538939740923 27.2270791212719 27.0501552210915 26.8732313209111 26.6963074207307 26.5193835205503 26.3424596203699 26.1655357201895 26.1129961649576 26.4336096445718 26.7542231241861 27.0748366038004 27.3954500834146 27.7160635630289 28.0366770426431 28.3572905222573 28.6864517529804 29.0184622340731 29.3504727151657 29.6824831962584 30.0144936773511 30.3465041584437 30.6785146395364 30.9175234847598 30.8775274223751 30.8375313599904 30.7975352976057 30.757539235221 30.7175431728363 30.6775471104515 30.6375510480668 31.1536659876504 31.8551512612235 32.5566365347966 33.2581218083698 33.9596070819429 34.661092355516 35.3625776290892 36.0945628378125 36.9180478519861 37.74153286616 38.5650178803336 39.3885028945073
29.540492598216 28.7033688545229 27.8662451108299 27.029121367137 26.7295402050019 26.6091399033865 26.4887396017711 26.3683393001557 26.2479389985403 26.1275386969249 26.0071383953095 26.0199789683023 26.4325421651203 26.8451053619384 27.2576685587564 27.6702317555744 28.0827949523924 28.4953581492104 28.9079213460284 29.2408215522765 29.5471674283344 29.8535133043923 30.1598591804503 30.4662050565082 30.7725509325662 31.0788968086241 31.304929335912 31.2900218168894 31.2751142978667 31.2602067788441 31.2452992598215 31.2303917407989 31.2154842217762 31.2005767027536 31.6573892593382 32.2714418411253 32.8854944229124 33.4995470046996 34.1135995864867 34.7276521682737 35.3417047500609 35.9919010480243 36.7505284945168 37.5091559410094 38.2677833875019 39.0264108339944
29.3920331213212 28.4344564119977 27.4768797026743 26.5193029933509 26.232001288732 26.1681245856816 26.1042478826312 26.0403711795807 25.9764944765303 25.9126177734799 25.8487410704295 25.926961771647 26.4314746856688 26.9359875996907 27.4405005137124 27.9450134277342 28.449526341756 28.9540392557778 29.4585521697996 29.7951913515725 30.0758726225958 30.356553893619 30.6372351646422 30.9179164356654 31.1985977066886 31.4792789777119 31.6923351870642 31.7025162114037 31.7126972357431 31.7228782600826 31.7330592844221 31.7432403087615 31.753421333101 31.7636023574404 32.161112531026 32.6877324210271 33.2143523110282 33.7409722010293 34.2675920910304 34.7942119810315 35.3208318710326 35.8892392582362 36.5830091370475 37.2767790158589 37.9705488946702 38.6643187734814
29.2435736444265 28.1655439694725 27.0875142945187 26.0094846195648 25.734462372462 25.7271092679766 25.7197561634912 25.7124030590058 25.7050499545204 25.697696850035 25.6903437455495 25.8339445749917 26.4304072062173 27.0268698374429 27.6233324686685 28.219795099894 28.8162577311196 29.4127203623452 30.0091829935707 30.3495611508686 30.6045778168571 30.8595944828456 31.1146111488341 31.3696278148226 31.6246444808111 31.8796611467996 32.0797410382164 32.115010605918 32.1502801736195 32.1855497413211 32.2208193090226 32.2560888767242 32.2913584444257 32.3266280121273 32.6648358027139 33.1040230009289 33.543210199144 33.9823973973591 34.4215845955742 34.8607717937892 35.2999589920043 35.7865774684481 36.4154897795782 37.0444020907083 37.6733144018384 38.3022267129685
29.0951141675317 27.8966315269473 26.698148886363 25.4996662457788 25.2369234561921 25.2860939502717 25.3352644443512 25.3844349384308 25.4336054325104 25.48277592659 25.5319464206696 25.7409273783364 26.4293397267658 27.1177520751952 27.8061644236245 28.4945767720538 29.1829891204832 29.8714014689125 30.5598138173418 30.9039309501647 31.1332830111184 31.3626350720722 31.591987133026 31.8213391939798 32.0506912549335 32.2800433158873 32.4671468893686 32.5275050004322 32.5878631114959 32.6482212225595 32.7085793336232 32.7689374446868 32.8292955557504 32.8896536668141 33.1685590744017 33.5203135808307 33.8720680872598 34.2238225936889 34.5755771001179 34.9273316065469 35.279086112976 35.68391567866 36.2479704221088 36.8120251655578 37.3760799090067 37.9401346524556
28.9466546906369 27.6277190844221 26.3087834782074 24.9898478719928 24.7393845399221 24.8450786325667 24.9507727252113 25.0564668178559 25.1621609105004 25.267855003145 25.3735490957896 25.6479101816812 26.4282722473142 27.2086343129474 27.9889963785805 28.7693584442136 29.5497205098468 30.3300825754799 31.110444641113 31.4583007494607 31.6619882053798 31.8656756612988 32.0693631172179 32.273050573137 32.476738029056 32.6804254849751 32.8545527405208 32.9399993949465 33.0254460493723 33.110892703798 33.1963393582237 33.2817860126494 33.3672326670752 33.4526793215009 33.6722823460896 33.9366041607326 34.2009259753756 34.4652477900186 34.7295696046616 34.9938914193047 35.2582132339477 35.5812538888718 36.0804510646395 36.5796482404073 37.0788454161749 37.5780425919426
29.162255069945 27.6340311209363 26.1058071719279 24.5775832229195 24.3048313299815 24.4505701224009 24.5963089148203 24.7420477072398 24.8877864996592 25.0335252920786 25.1792640844981 25.5017244921789 26.3543497456442 27.2069749991098 28.0596002525752 28.9122255060405 29.7648507595061 30.6174760129715 31.4701012664368 31.8351555347442 32.0376861413319 32.2402167479196 32.4427473545074 32.6452779610951 32.8478085676828 33.0503391742706 33.2321035173203 33.3515690697563 33.4710346221923 33.5905001746283 33.7099657270643 33.8294312795002 33.9488968319362 34.0683623843722 34.2748780250548 34.5104103618197 34.7459426985845 34.9814750353494 35.2170073721142 35.4525397088791 35.688072045644 35.9768246226838 36.425237920549 36.8736512184141 37.3220645162792 37.7704778141443
29.741915305456 27.9155676364901 26.0892199675246 24.2628722985591 23.9332638263703 24.1025684197744 24.2718730131785 24.4411776065827 24.6104821999868 24.7797867933909 24.9490913867951 25.3023703098295 26.2075722217558 27.1127741336821 28.0179760456083 28.9231779575345 29.8283798694609 30.7335817813871 31.6387836933133 32.0344953060149 32.2603768189747 32.4862583319345 32.7121398448943 32.9380213578541 33.1639028708139 33.3897843837737 33.5997992197672 33.7622140248615 33.924628829956 34.0870436350503 34.2494584401447 34.4118732452391 34.5742880503335 34.7367028554279 34.9763461112974 35.241732184092 35.5071182568866 35.7725043296812 36.0378904024758 36.3032764752704 36.568662548065 36.8706278800962 37.2823309898374 37.6940340995786 38.1057372093198 38.517440319061
30.321575540967 28.197104152044 26.0726327631213 23.9481613741987 23.561696322759 23.7545667171478 23.9474371115367 24.1403075059255 24.3331779003143 24.5260482947031 24.718918689092 25.1030161274802 26.0607946978672 27.0185732682544 27.9763518386415 28.9341304090285 29.8919089794157 30.8496875498028 31.8074661201898 32.2338350772857 32.4830674966175 32.7322999159494 32.9815323352813 33.2307647546131 33.479997173945 33.7292295932769 33.967494922214 34.1728589799668 34.3782230377196 34.5835870954724 34.7889511532252 34.9943152109781 35.1996792687309 35.4050433264837 35.6778141975401 35.9730540063644 36.2682938151887 36.5635336240131 36.8587734328374 37.1540132416617 37.4492530504861 37.7644311375086 38.1394240591259 38.5144169807432 38.8894099023605 39.2644028239778
30.901235776478 28.4786406675978 26.0560455587181 23.6334504498383 23.1901288191478 23.4065650145213 23.6230012098948 23.8394374052684 24.0558736006419 24.2723097960154 24.4887459913889 24.9036619451309 25.9140171739787 26.9243724028268 27.9347276316746 28.9450828605225 29.9554380893705 30.9657933182184 31.9761485470663 32.4331748485564 32.7057581742604 32.9783414999643 33.2509248256683 33.5235081513722 33.7960914770761 34.0686748027801 34.3351906246608 34.583503935072 34.8318172454833 35.0801305558945 35.3284438663058 35.576757176717 35.8250704871282 36.0733837975395 36.3792822837828 36.7043758286369 37.0294693734909 37.354562918345 37.679656463199 38.0047500080531 38.3298435529072 38.658234394921 38.9965171284144 39.3347998619078 39.6730825954012 40.0113653288945
