data/working_set_collections/6091692-Cassins_Sparrow-MC/1980/bio15.asc
NCOLS 265 
NROWS 230 
XLLCORNER -115.5625 
YLLCORNER 24.8333333333333 
CELLSIZE 0.0833333333333333 
NODATA_value -9999 
[rows 0 to 19 of 230, columns 92 to 137 of 265]
46.4305084758336 45.7874089664884 45.1443094571433 44.5012099477981 43.8581104384529 43.9535396258036 44.2951450453864 44.6367504649692 44.978355884552 45.3199613041347 45.6615667237176 46.0031721433004 46.4524209658304 47.2245999972025 47.9967790285745 48.7689580599466 49.5411370913187 50.3133161226907 51.0854951540628 51.8576741854349 52.1976917266846 52.3936554378933 52.5896191491021 52.7855828603108 52.9815465715196 53.1775102827284 53.3734739939371 53.5884146160549 53.8602859708997 54.1321573257445 54.4040286805894 54.6759000354342 54.9477713902791 55.2196427451239 55.4915140999687 55.5844313303629 55.6176971859402 55.6509630415174 55.6842288970947 55.7174947526719 55.7507606082492 55.7840264638264 55.9870686531065 56.6994398434954 57.4118110338845 58.1241822242735
46.3373882611594 45.6982305208843 45.0590727806092 44.4199150403342 43.7807573000591 43.8392107963562 44.1302013715108 44.4211919466654 44.71218252182 45.0031730969746 45.2941636721293 45.5851542472839 46.0025728543598 46.7992755572001 47.5959782600402 48.3926809628803 49.1893836657206 49.9860863685607 50.7827890714008 51.5794917742411 51.9776424407959 52.2429424285888 52.5082424163818 52.7735424041748 53.0388423919677 53.3041423797607 53.5694423675536 53.8392067591348 54.1223643620808 54.4055219650268 54.6886795679727 54.9718371709187 55.2549947738647 55.5381523768106 55.8213099797566 55.9312854766845 55.9835336049397 56.0357817331949 56.0880298614502 56.1402779897054 56.1925261179606 56.2447742462158 56.4614282290139 57.1712997754412 57.8811713218687 58.5910428682961
46.2442680464852 45.6090520752802 44.9738361040752 44.3386201328703 43.7034041616653 43.7248819669088 43.9652576976352 44.2056334283617 44.4460091590881 44.6863848898146 44.9267606205411 45.1671363512675 45.5527247428893 46.3739511171976 47.1951774915059 48.0164038658141 48.8376302401224 49.6588566144306 50.4800829887389 51.3013093630472 51.7575931549072 52.0922294192843 52.4268656836615 52.7615019480387 53.0961382124158 53.430774476793 53.7654107411702 54.0899989022148 54.3844427532619 54.678886604309 54.9733304553561 55.2677743064031 55.5622181574503 55.8566620084973 56.1511058595444 56.2781396230061 56.3493700239393 56.4206004248724 56.4918308258056 56.5630612267387 56.6342916276719 56.7055220286051 56.9357878049212 57.643159707387 58.3505316098529 59.0579035123187
46.151147831811 45.5198736296761 44.8885994275412 44.2573252254064 43.6260510232714 43.6105531374613 43.8003140237596 43.9900749100579 44.1798357963562 44.3695966826545 44.5593575689528 44.7491184552511 45.1028766314187 45.9486266771952 46.7943767229715 47.6401267687478 48.4858768145243 49.3316268603006 50.1773769060769 51.0231269518534 51.5375438690185 51.9415164099798 52.3454889509413 52.7494614919026 53.153434032864 53.5574065738254 53.9613791147867 54.3407910452948 54.646521144443 54.9522512435912 55.2579813427394 55.5637114418876 55.8694415410359 56.1751716401841 56.4809017393323 56.6249937693277 56.7152064429389 56.80541911655 56.8956317901611 56.9858444637722 57.0760571373833 57.1662698109944 57.4101473808286 58.1150196393328 58.8198918978371 59.5247641563413
46.0580276171368 45.4306951840719 44.8033627510072 44.1760303179424 43.5486978848776 43.4962243080139 43.635370349884 43.7745163917542 43.9136624336243 44.0528084754944 44.1919545173645 44.3311005592346 44.6530285199482 45.5233022371927 46.3935759544371 47.2638496716816 48.1341233889261 49.0043971061705 49.8746708234149 50.7449445406595 51.3174945831298 51.7908034006754 52.264112218221 52.7374210357665 53.2107298533121 53.6840386708577 54.1573474884032 54.5915831883747 54.9085995356241 55.2256158828735 55.5426322301228 55.8596485773721 56.1766649246215 56.4936812718708 56.8106976191202 56.9718479156494 57.0810428619384 57.1902378082275 57.2994327545166 57.4086277008056 57.5178226470947 57.6270175933837 57.884506956736 58.5868795712786 59.2892521858214 59.991624800364
45.9649074024626 45.3415167384678 44.7181260744732 44.0947354104785 43.4713447464838 43.3818954785665 43.4704266760084 43.5589578734504 43.6474890708924 43.7360202683343 43.8245514657763 43.9130826632182 44.2031804084776 45.0979777971903 45.9927751859028 46.8875725746153 47.782369963328 48.6771673520405 49.571964740753 50.4667621294657 51.0974452972411 51.6400903913709 52.1827354855007 52.7253805796304 53.2680256737602 53.81067076789 54.3533158620197 54.8423753314547 55.1706779268052 55.4989805221557 55.8272831175061 56.1555857128566 56.4838883082071 56.8121909035575 57.140493498908 57.318702061971 57.446879280938 57.575056499905 57.703233718872 57.831410937839 57.959588156806 58.087765375773 58.3588665326434 59.0587395032244 59.7586124738056 60.4584854443866
45.6940261416967 45.1380572424996 44.5820883433025 44.0261194441055 43.4701505449084 43.3601814270019 43.3988789028592 43.4375763787164 43.4762738545736 43.5149713304308 43.553668806288 43.5923662821452 43.8473192638819 44.7510387632581 45.6547582626342 46.5584777620102 47.4621972613864 48.3659167607624 49.2696362601384 50.1733557595146 50.8632431348164 51.4818531354267 52.1004631360371 52.7190731366474 53.3376831372577 53.9562931378682 54.5749031384785 55.1235300699869 55.4622077941893 55.8008855183918 56.1395632425943 56.4782409667967 56.8169186909992 57.1555964152017 57.4942741394042 57.6914164543151 57.8413802994621 57.9913441446091 58.1413079897562 58.2912718349032 58.4412356800502 58.5911995251973 58.874599181281 59.5583062701753 60.2420133590697 60.9257204479639
45.245383834839 44.8203166961671 44.3952495574952 43.9701824188233 43.5451152801514 43.4310821533203 43.4207270304362 43.4103719075521 43.400016784668 43.3896616617839 43.3793065388998 43.3689514160156 43.5854450861611 44.4824851353962 45.3795251846312 46.2765652338662 47.1736052831013 48.0706453323363 48.9676853815713 49.8647254308064 50.6148880958556 51.3160916328429 52.0172951698302 52.7184987068175 53.4197022438048 54.1209057807921 54.8221093177794 55.4350474039712 55.7831891377766 56.1313308715819 56.4794726053873 56.8276143391926 57.175756072998 57.5238978068033 57.8720395406086 58.0899910926818 58.2645459175109 58.43910074234 58.6136555671691 58.7882103919982 58.9627652168273 59.1373200416564 59.4317049026487 60.0855798721311 60.7394548416136 61.393329811096
44.7967415279814 44.5025761498346 44.2084107716879 43.9142453935412 43.6200800153944 43.5019828796387 43.4425751580133 43.3831674363878 43.3237597147624 43.264351993137 43.2049442715115 43.1455365498861 43.3235709084403 44.2139315075344 45.1042921066283 45.9946527057222 46.8850133048163 47.7753739039102 48.6657345030041 49.5560951020982 50.3665330568948 51.150330130259 51.9341272036234 52.7179242769876 53.5017213503518 54.2855184237161 55.0693154970803 55.7465647379556 56.1041704813638 56.461776224772 56.8193819681802 57.1769877115884 57.5345934549966 57.8921991984048 58.249804941813 58.4885657310485 58.6877115355597 58.8868573400708 59.086003144582 59.2851489490932 59.4842947536043 59.6834405581155 59.9888106240164 60.6128534740869 61.2368963241575 61.860939174228
44.3480992211237 44.1848356035021 44.0215719858806 43.858308368259 43.6950447506375 43.572883605957 43.4644232855903 43.3559629652235 43.2475026448568 43.1390423244901 43.0305820041233 42.9221216837566 43.0616967307195 43.9453778796725 44.8290590286254 45.7127401775782 46.5964213265312 47.4801024754841 48.363783624437 49.24746477339 50.118178017934 50.9845686276752 51.8509592374165 52.7173498471576 53.5837404568988 54.4501310666401 55.3165216763813 56.05808207194 56.425151824951 56.7922215779621 57.1592913309732 57.5263610839842 57.8934308369953 58.2605005900064 58.6275703430174 58.8871403694152 59.1108771536084 59.3346139378017 59.5583507219949 59.7820875061882 60.0058242903814 60.2295610745747 60.5459163453842 61.1401270760428 61.7343378067015 62.3285485373601
43.899456914266 43.8670950571696 43.8347332000733 43.8023713429769 43.7700094858805 43.6437843322754 43.4862714131673 43.3287584940593 43.1712455749512 43.0137326558431 42.8562197367351 42.698706817627 42.7998225529987 43.6768242518106 44.5538259506224 45.4308276494342 46.3078293482462 47.184831047058 48.0618327458698 48.9388344446817 49.8698229789732 50.8188071250913 51.7677912712096 52.7167754173277 53.6657595634458 54.6147437095641 55.5637278556822 56.3695994059244 56.7461331685383 57.1226669311523 57.4992006937662 57.8757344563801 58.252268218994 58.628801981608 59.0053357442219 59.2857150077819 59.5340427716572 59.7823705355325 60.0306982994079 60.2790260632832 60.5273538271585 60.7756815910338 61.1030220667519 61.6674006779986 62.2317792892455 62.7961579004922
43.4508146074084 43.5493545108372 43.647894414266 43.7464343176948 43.8449742211236 43.7146850585938 43.5081195407444 43.301554022895 43.0949885050456 42.8884229871963 42.6818574693468 42.4752919514975 42.5379483752779 43.4082706239488 44.2785928726195 45.1489151212903 46.0192373699611 46.8895596186319 47.7598818673026 48.6302041159735 49.6214679400125 50.6530456225075 51.6846233050027 52.7162009874978 53.7477786699928 54.7793563524881 55.8109340349831 56.6811167399087 57.0671145121255 57.4531122843423 57.8391100565591 58.2251078287759 58.6111056009927 58.9971033732095 59.3831011454263 59.6842896461486 59.957208389706 60.2301271332633 60.5030458768208 60.7759646203781 61.0488833639355 61.321802107493 61.6601277881196 62.1946742799545 62.7292207717894 63.2637672636242
42.8563899781969 43.0611203723484 43.2658507664999 43.4705811606513 43.6753115548028 43.5690877596538 43.3592125680712 43.1493373764886 42.9394621849061 42.7295869933235 42.5197118017409 42.3098366101583 42.3620823436311 43.2006908522711 44.0392993609109 44.8779078695508 45.7165163781907 46.5551248868305 47.3937333954704 48.2323419041103 49.2441942850747 50.3137946234807 51.3833949618869 52.4529953002928 53.5225956386988 54.592195977105 55.6617963155109 56.5684118800693 56.9860731230841 57.403734366099 57.8213956091138 58.2390568521287 58.6567180951436 59.0743793381584 59.4920405811733 59.8389610608418 60.1623012860615 60.4856415112812 60.808981736501 61.1323219617207 61.4556621869404 61.7790024121601 62.1515353202818 62.6716462771096 63.1917572339374 63.7118681907652
42.1161830266317 42.4023926417033 42.6886022567749 42.9748118718465 43.2610214869181 43.2069924354554 43.0395504951478 42.8721085548401 42.7046666145325 42.5372246742249 42.3697827339173 42.2023407936097 42.2722244580585 43.0540849367777 43.8359454154967 44.6178058942157 45.3996663729349 46.181526851654 46.963387330373 47.7452478090921 48.73800201416 49.8010541280109 50.8641062418619 51.9271583557127 52.9902104695636 54.0532625834146 55.1163146972655 56.0314848264058 56.5030090014139 56.9745331764221 57.4460573514302 57.9175815264383 58.3891057014465 58.8606298764546 59.3321540514627 59.7497292518615 60.1493214607238 60.5489136695861 60.9485058784484 61.3480980873107 61.747690296173 62.1472825050353 62.5772446632384 63.0983166694639 63.6193886756896 64.1404606819151
41.3759760750665 41.7436649110583 42.11135374705 42.4790425830417 42.8467314190335 42.844897111257 42.7198884222243 42.5948797331916 42.469871044159 42.3448623551263 42.2198536660937 42.094844977061 42.1823665724859 42.9074790212843 43.6325914700825 44.3577039188808 45.0828163676791 45.8079288164774 46.5330412652756 47.258153714074 48.2318097432453 49.2883136325411 50.344817521837 51.4013214111327 52.4578253004284 53.5143291897244 54.5708330790201 55.4945577727423 56.0199448797437 56.5453319867452 57.0707190937465 57.5961062007479 58.1214933077494 58.6468804147508 59.1722675217521 59.6604974428812 60.136341635386 60.6121858278909 61.0880300203958 61.5638742129007 62.0397184054055 62.5155625979104 63.0029540061949 63.5249870618182 64.0470201174417 64.569053173065
40.6357691235012 41.0849371804132 41.534105237325 41.9832732942369 42.4324413511488 42.4828017870586 42.4002263493009 42.3176509115431 42.2350754737854 42.1525000360277 42.06992459827 41.9873491605123 42.0925086869132 42.7608731057908 43.4292375246683 44.0976019435458 44.7659663624233 45.4343307813008 46.1026952001783 46.7710596190558 47.7256174723306 48.7755731370712 49.825528801812 50.8754844665526 51.9254401312932 52.975395796034 54.0253514607746 54.9576307190788 55.5368807580735 56.1161307970682 56.6953808360629 57.2746308750575 57.8538809140523 58.4331309530469 59.0123809920415 59.5712656339009 60.1233618100483 60.6754579861957 61.2275541623432 61.7796503384907 62.3317465146381 62.8838426907856 63.4286633491514 63.9516574541726 64.4746515591938 64.9976456642149
39.895562171936 40.4262094497681 40.9568567276001 41.487504005432 42.0181512832641 42.1207064628601 42.0805642763774 42.0404220898946 42.0002799034119 41.9601377169291 41.9199955304464 41.8798533439636 42.0026508013406 42.6142671902974 43.2258835792541 43.8374999682107 44.4491163571675 45.0607327461242 45.6723491350809 46.2839655240376 47.2194252014159 48.2628326416014 49.306240081787 50.3496475219725 51.393054962158 52.4364624023437 53.4798698425292 54.4207036654153 55.0538166364033 55.6869296073913 56.3200425783792 56.9531555493671 57.5862685203551 58.2193814913431 58.852494462331 59.4820338249205 60.1103819847105 60.7387301445005 61.3670783042906 61.9954264640806 62.6237746238706 63.2521227836608 63.854372692108 64.3783278465269 64.9022830009459 65.4262381553648
39.1553552203708 39.767481719123 40.3796082178751 40.9917347166273 41.6038612153795 41.7586111386617 41.760902203454 41.7631932682462 41.7654843330384 41.7677753978306 41.7700664626228 41.772357527415 41.912792915768 42.467661274804 43.0225296338399 43.5773979928758 44.1322663519117 44.6871347109476 45.2420030699835 45.7968714290195 46.7132329305012 47.7500921461316 48.7869513617621 49.8238105773925 50.8606697930228 51.8975290086534 52.9343882242838 53.8837766117519 54.5707525147331 55.2577284177144 55.9447043206956 56.6316802236767 57.318656126658 58.0056320296392 58.6926079326204 59.3928020159402 60.0974021593728 60.8020023028054 61.5066024462381 62.2112025896706 62.9158027331032 63.6204028765359 64.2800820350645 64.8049982388812 65.329914442698 65.8548306465147
38.7888659477233 39.390193080902 39.9915202140807 40.5928473472594 41.1941744804382 41.3394690831503 41.3327528423734 41.3260366015965 41.3193203608196 41.3126041200427 41.3058878792658 41.2991716384889 41.423761844635 41.9422713915507 42.4607809384664 42.9792904853821 43.4978000322978 44.0163095792135 44.5348191261291 45.0533286730449 45.9732561747232 47.0269896613226 48.0807231479221 49.1344566345214 50.1881901211207 51.2419236077202 52.2956570943196 53.2738521152072 54.0254317389593 54.7770113627115 55.5285909864636 56.2801706102158 57.031750233968 57.7833298577201 58.5349094814722 59.2771195729572 60.0162064870197 60.7552934010822 61.4943803151448 62.2334672292072 62.9725541432697 63.7116410573323 64.4015170627169 64.943760342068 65.4860036214192 66.0282469007703
38.7960943539936 39.2943435351053 39.792592716217 40.2908418973286 40.7890910784403 40.8632802963257 40.7961161931356 40.7289520899455 40.6617879867554 40.5946238835653 40.5274597803752 40.4602956771851 40.5355575879414 41.0380975405375 41.5406374931335 42.0431774457295 42.5457173983256 43.0482573509216 43.5507973035176 44.0533372561137 44.9994949340819 46.0935251871743 47.1875554402669 48.2815856933593 49.3756159464516 50.4696461995442 51.5636764526366 52.5909301757811 53.4178543090818 54.2447784423827 55.0717025756835 55.8986267089842 56.725550842285 57.5524749755858 58.3793991088865 59.1349864959716 59.8667949676512 60.5986034393309 61.3304119110106 62.0622203826903 62.7940288543699 63.5258373260497 64.218677775065 64.7946141560871 65.3705505371093 65.9464869181314
