data/working_set_collections/6091692-Cassins_Sparrow-MC/1980/bio10.asc
NCOLS 265 
NROWS 230 
XLLCORNER -115.5625 
YLLCORNER 24.8333333333333 
CELLSIZE 0.0833333333333333 
NODATA_value -9999 
[rows 60 to 79 of 230, columns 92 to 137 of 265]
17.8111116276848 17.4404453251097 17.0697790225347 16.6991127199598 16.3284464173847 15.7404202779135 15.0799408594769 14.4194614410401 13.7589820226034 13.0985026041668 12.43802318573 11.7775437672933 11.3068878306282 11.4057023392782 11.5045168479283 11.6033313565783 11.7021458652284 11.8009603738784 11.8997748825284 11.9985893911785 12.3695797443389 12.8312953790027 13.2930110136667 13.7547266483306 14.2164422829944 14.6781579176584 15.1398735523223 15.5850922266641 15.9808200200397 16.3765478134154 16.7722756067911 17.1680034001667 17.5637311935424 17.959458986918 18.3551867802936 18.7588846842447 19.1652392917208 19.5715938991969 19.9779485066731 20.3843031141492 20.7906577216253 21.1970123291014 21.5579601234859 21.7826874785952 22.0074148337045 22.2321421888139
17.8946107467016 17.4892143170039 17.0838178873063 16.6784214576086 16.2730250279109 15.7572017669679 15.2045695622763 14.6519373575847 14.0993051528931 13.5466729482015 12.9940407435099 12.4414085388183 12.0396591583886 12.090558250745 12.1414573431014 12.1923564354578 12.2432555278141 12.2941546201705 12.3450537125269 12.3959528048832 12.740457677841 13.1828311443327 13.6252046108245 14.0675780773162 14.5099515438078 14.9523250102996 15.3946984767913 15.8296898523965 16.2425349553424 16.6553800582885 17.0682251612344 17.4810702641803 17.8939153671263 18.3067604700723 18.7196055730182 19.1316146850585 19.5433451334634 19.9550755818683 20.3668060302733 20.7785364786782 21.1902669270831 21.6019973754881 21.9633786360422 22.1737123330433 22.3840460300445 22.5943797270456
17.9781098657185 17.5379833088981 17.0978567520778 16.6577301952575 16.2176036384371 15.7739832560222 15.3291982650758 14.8844132741292 14.4396282831828 13.9948432922364 13.5500583012898 13.1052733103434 12.7724304861492 12.7754141622118 12.7783978382745 12.7813815143372 12.7843651903999 12.7873488664626 12.7903325425253 12.793316218588 13.1113356113433 13.5343669096627 13.9573982079823 14.3804295063018 14.8034608046212 15.2264921029408 15.6495234012603 16.0742874781289 16.5042498906452 16.9342123031615 17.3641747156778 17.794137128194 18.2240995407103 18.6540619532266 19.0840243657428 19.5043446858723 19.921450975206 20.3385572645398 20.7556635538736 21.1727698432073 21.5898761325411 22.0069824218749 22.3687971485985 22.5647371874914 22.7606772263844 22.9566172652773
18.0616089847354 17.5867523007923 17.1118956168493 16.6370389329064 16.1621822489633 15.7907647450766 15.4538269678752 15.1168891906738 14.7799514134725 14.4430136362712 14.1060758590698 13.7691380818685 13.5052018139097 13.4602700736787 13.4153383334477 13.3704065932167 13.3254748529857 13.2805431127548 13.2356113725238 13.1906796322928 13.4822135448455 13.8859026749927 14.2895918051401 14.6932809352874 15.0969700654346 15.500659195582 15.9043483257293 16.3188851038614 16.7659648259479 17.2130445480346 17.6601242701211 18.1072039922077 18.5542837142943 19.0013634363809 19.4484431584674 19.8770746866861 20.2995568169486 20.7220389472112 21.1445210774738 21.5670032077364 21.989485337999 22.4119674682616 22.7742156611548 22.9557620419395 23.1373084227243 23.3188548035091
18.1451081037522 17.6355212926865 17.1259344816209 16.6163476705552 16.1067608594895 15.8075462341309 15.5784556706747 15.3493651072184 15.1202745437622 14.891183980306 14.6620934168497 14.4330028533935 14.2379731416701 14.1451259851455 14.0522788286208 13.9594316720962 13.8665845155715 13.7737373590469 13.6808902025222 13.5880430459976 13.8530914783476 14.2374384403227 14.6217854022979 15.006132364273 15.390479326248 15.7748262882232 16.1591732501983 16.5634827295938 17.0276797612506 17.4918767929076 17.9560738245645 18.4202708562213 18.8844678878783 19.3486649195352 19.812861951192 20.2498046874999 20.6776626586912 21.1055206298826 21.5333786010741 21.9612365722655 22.3890945434568 22.8169525146483 23.179634173711 23.3467868963876 23.5139396190642 23.6810923417408
18.2286072227691 17.6842902845807 17.1399733463924 16.5956564082041 16.0513394700157 15.8243277231852 15.7030843734741 15.581841023763 15.4605976740519 15.3393543243408 15.2181109746297 15.0968676249185 14.9707444694306 14.8299818966123 14.689219323794 14.5484567509757 14.4076941781573 14.266931605339 14.1261690325207 13.9854064597023 14.2239694118499 14.5889742056527 14.9539789994557 15.3189837932586 15.6839885870614 16.0489933808644 16.4139981746673 16.8080803553262 17.2893946965534 17.7707090377806 18.2520233790078 18.733337720235 19.2146520614623 19.6959664026895 20.1772807439166 20.6225346883137 21.0557685004339 21.4890023125541 21.9222361246743 22.3554699367945 22.7887037489147 23.221937561035 23.5850526862673 23.7378117508357 23.8905708154042 24.0433298799726
17.8912314044107 17.3347654077743 16.7782994111381 16.2218334145018 15.6653674178655 15.4872639497122 15.4352813243867 15.3832986990612 15.3313160737356 15.2793334484101 15.2273508230846 15.1753681977591 15.1076412121456 14.9926811456681 14.8777210791906 14.7627610127132 14.6478009462357 14.5328408797582 14.4178808132808 14.3029207468033 14.5344536940256 14.8814843124812 15.228514930937 15.5755455493926 15.9225761678483 16.269606786304 16.6166374047597 16.9974397871228 17.4795574612086 17.9616751352945 18.4437928093803 18.9259104834661 19.408028157552 19.8901458316378 20.3722635057236 20.8264881928761 21.2714152177174 21.7163422425587 22.1612692674 22.6061962922413 23.0511233170826 23.4960503419239 23.8663812425401 24.0129237704806 24.1594662984212 24.3060088263617
17.1329806486768 16.5869466622672 16.0409126758578 15.4948786894483 14.9488447030387 14.7963549137117 14.7750465234122 14.7537381331127 14.7324297428132 14.7111213525137 14.6898129622142 14.6685045719148 14.6486633698146 14.6332237323126 14.6177840948105 14.6023444573085 14.5869048198064 14.5714651823044 14.5560255448023 14.5405859073003 14.7845443248748 15.1149687608082 15.4453931967417 15.7758176326751 16.1062420686085 16.436666504542 16.7670909404754 17.1315610249836 17.5981680552163 18.0647750854491 18.5313821156818 18.9979891459146 19.4645961761474 19.9312032063801 20.3978102366128 20.861665201187 21.3246028105417 21.7875404198963 22.250478029251 22.7134156386056 23.1763532479603 23.639290857315 24.0236198425292 24.1721229553222 24.3206260681152 24.4691291809081
16.3747298929429 15.8391279167601 15.3035259405774 14.7679239643947 14.2323219882119 14.1054458777111 14.1148117224376 14.1241775671642 14.1335434118907 14.1429092566173 14.1522751013439 14.1616409460704 14.1896855274837 14.2737663189571 14.3578471104304 14.4419279019038 14.5260086933772 14.6100894848505 14.6941702763239 14.7782510677973 15.034634955724 15.3484532091352 15.6622714625464 15.9760897159576 16.2899079693687 16.60372622278 16.9175444761911 17.2656822628444 17.716778649224 18.1678750356037 18.6189714219834 19.070067808363 19.5211641947428 19.9722605811224 20.423356967502 20.896842209498 21.377790403366 21.8587385972339 22.339686791102 22.82063498497 23.3015831788379 23.782531372706 24.1808584425184 24.3313221401638 24.4817858378092 24.6322495354546
15.6164791372089 15.0913091712529 14.566139205297 14.0409692393411 13.5157992733851 13.4145368417105 13.4545769214631 13.4946170012157 13.5346570809683 13.5746971607209 13.6147372404735 13.6547773202261 13.7307076851527 13.9143089056015 14.0979101260503 14.2815113464991 14.4651125669479 14.6487137873967 14.8323150078455 15.0159162282943 15.2847255865732 15.5819376574621 15.8791497283511 16.17636179924 16.473573870129 16.7707859410179 17.0679980119069 17.3998035007052 17.8353892432317 18.2709749857584 18.7065607282849 19.1421464708115 19.5777322133381 20.0133179558647 20.4489036983913 20.932019217809 21.4309779961903 21.9299367745716 22.428895552953 22.9278543313343 23.4268131097156 23.925771888097 24.3380970425075 24.4905213250054 24.6429456075032 24.795369890001
14.8582283814751 14.3434904257458 13.8287524700167 13.3140145142876 12.7992765585583 12.7236278057099 12.7943421204886 12.8650564352672 12.9357707500459 13.0064850648245 13.0771993796032 13.1479136943818 13.2717298428218 13.554851492246 13.8379731416702 14.1210947910944 14.4042164405187 14.6873380899429 14.9704597393671 15.2535813887913 15.5348162174224 15.8154221057891 16.0960279941558 16.3766338825225 16.6572397708892 16.9378456592559 17.2184515476226 17.533924738566 17.9539998372394 18.374074935913 18.7941500345865 19.21422513326 19.6343002319335 20.054375330607 20.4744504292805 20.9671962261199 21.4841655890146 22.0011349519092 22.518104314804 23.0350736776986 23.5520430405933 24.069012403488 24.4953356424967 24.6497205098469 24.8041053771972 24.9584902445475
14.0999776257411 13.5956716802387 13.0913657347363 12.587059789234 12.0827538437315 12.0327187697093 12.134107319514 12.2354958693187 12.3368844191234 12.4382729689281 12.5396615187328 12.6410500685374 12.8127520004908 13.1953940788905 13.5780361572901 13.9606782356897 14.3433203140894 14.725962392489 15.1086044708887 15.4912465492884 15.7849068482716 16.048906554116 16.3129062599605 16.576905965805 16.8409056716494 17.1049053774939 17.3689050833384 17.6680459764268 18.0726104312472 18.4771748860676 18.881739340888 19.2863037957084 19.6908682505289 20.0954327053493 20.4999971601697 21.0023732344309 21.5373531818389 22.0723331292469 22.607313076655 23.142293024063 23.677272971471 24.2122529188791 24.6525742424858 24.8089196946885 24.9652651468912 25.1216105990939
13.8110203742982 13.3308701515198 12.8507199287415 12.3705697059632 11.8904194831848 11.8543773651122 11.9663712819417 12.0783651987711 12.1903591156005 12.30235303243 12.4143469492594 12.5263408660888 12.7146291865242 13.1318007177776 13.548972249031 13.9661437802843 14.3833153115378 14.8004868427912 15.2176583740445 15.634829905298 15.9309231360753 16.1866569333606 16.4423907306459 16.6981245279312 16.9538583252164 17.2095921225018 17.465325919787 17.7500606377919 18.1217981179554 18.493535598119 18.8652730782826 19.2370105584462 19.6087480386098 19.9804855187733 20.3522229989369 20.8588588555653 21.410460837682 21.9620628197987 22.5136648019154 23.0652667840321 23.6168687661488 24.1684707482655 24.6221231195662 24.7819266584184 24.9417301972707 25.101533736123
13.9913566271465 13.5490858395895 13.1068150520325 12.6645442644756 12.2222734769185 12.1886035919189 12.2911340077717 12.3936644236246 12.4961948394775 12.5987252553303 12.7012556711832 12.8037860870361 12.977361400922 13.3640714089075 13.7507814168929 14.1374914248783 14.5242014328638 14.9109114408492 15.2976214488346 15.6843314568201 15.9728650808334 16.2286732435226 16.4844814062118 16.740289568901 16.9960977315902 17.2519058942794 17.5077140569686 17.7799687226613 18.1015628973642 18.4231570720672 18.7447512467702 19.0663454214731 19.3879395961761 19.7095337708791 20.031127945582 20.5366530895233 21.1034885565439 21.6703240235645 22.2371594905853 22.8039949576059 23.3708304246265 23.9376658916473 24.4039822737376 24.5687414010366 24.7335005283356 24.8982596556346
14.1716928799948 13.7673015276591 13.3629101753235 12.9585188229879 12.5541274706523 12.5228298187255 12.6158967336018 12.7089636484781 12.8020305633544 12.8950974782307 12.988164393107 13.0812313079833 13.2400936153199 13.5963421000374 13.9525905847549 14.3088390694723 14.6650875541898 15.0213360389073 15.3775845236248 15.7338330083423 16.0148070255915 16.2706895536846 16.5265720817778 16.7824546098709 17.038337137964 17.2942196660571 17.5501021941502 17.8098768075307 18.081327676773 18.3527785460154 18.6242294152577 18.8956802845001 19.1671311537425 19.4385820229848 19.7100328922271 20.2144473234812 20.7965162754058 21.3785852273304 21.9606541792551 22.5427231311797 23.1247920831043 23.706861035029 24.185841427909 24.3555561436547 24.5252708594004 24.6949855751461
14.3520291328431 13.9855172157288 13.6190052986145 13.2524933815003 12.885981464386 12.8570560455322 12.9406594594319 13.0242628733317 13.1078662872314 13.1914697011311 13.2750731150309 13.3586765289306 13.5028258297177 13.8286127911673 14.1543997526168 14.4801867140663 14.8059736755159 15.1317606369654 15.4575475984149 15.7833345598644 16.0567489703496 16.3127058638466 16.5686627573437 16.8246196508407 17.0805765443377 17.3365334378348 17.5924903313318 17.8397848924001 18.0610924561818 18.2824000199636 18.5037075837453 18.725015147527 18.9463227113088 19.1676302750905 19.3889378388722 19.8922415574391 20.4895439942677 21.0868464310963 21.6841488679249 22.2814513047535 22.8787537415821 23.4760561784108 23.9677005820804 24.1423708862728 24.3170411904653 24.4917114946577
14.5323653856914 14.2037329037984 13.8751004219055 13.5464679400126 13.2178354581197 13.1912822723388 13.265422185262 13.3395620981852 13.4137020111083 13.4878419240315 13.5619818369547 13.6361217498779 13.7655580441156 14.0608834822972 14.3562089204787 14.6515343586603 14.9468597968419 15.2421852350234 15.537510673205 15.8328361113866 16.0986909151077 16.3547221740086 16.6107534329096 16.8667846918106 17.1228159507115 17.3788472096125 17.6348784685134 17.8696929772694 18.0408572355906 18.2120214939117 18.3831857522329 18.554350010554 18.7255142688751 18.8966785271963 19.0678427855174 19.570035791397 20.1825717131296 20.7951076348621 21.4076435565948 22.0201794783273 22.6327154000599 23.2452513217925 23.7495597362518 23.929185628891 24.1088115215302 24.2884374141693
14.7127016385397 14.4219485918681 14.1311955451965 13.840442498525 13.5496894518534 13.5255084991455 13.5901849110921 13.6548613230387 13.7195377349853 13.7842141469319 13.8488905588785 13.9135669708251 14.0282902585135 14.2931541734271 14.5580180883407 14.8228820032543 15.0877459181679 15.3526098330815 15.6174737479951 15.8823376629087 16.1406328598658 16.3967384841706 16.6528441084755 16.9089497327804 17.1650553570853 17.4211609813902 17.677266605695 17.8996010621388 18.0206220149994 18.1416429678599 18.2626639207204 18.3836848735809 18.5047058264415 18.625726779302 18.7467477321625 19.247830025355 19.8755994319915 20.503368838628 21.1311382452646 21.7589076519011 22.3866770585377 23.0144464651743 23.5314188904232 23.7160003715091 23.900581852595 24.0851633336809
15.310498770078 15.0474947532017 14.7844907363255 14.5214867194493 14.258482702573 14.2150575955708 14.2448254585265 14.2745933214822 14.304361184438 14.3341290473937 14.3638969103494 14.3936647733052 14.4658804204728 14.6654394202761 14.8649984200795 15.0645574198828 15.2641164196862 15.4636754194895 15.6632344192928 15.8627934190962 16.1058517297109 16.363409810596 16.6209678914812 16.8785259723663 17.1360840532514 17.3936421341366 17.6512002150217 17.8667396174537 17.9562229845259 18.0457063515981 18.1351897186703 18.2246730857425 18.3141564528147 18.4036398198869 18.4931231869592 18.9820166269937 19.6040467580158 20.2260768890379 20.8481070200601 21.4701371510822 22.0921672821044 22.7141974131266 23.2284363004896 23.4193014568753 23.6101666132609 23.8010317696465
16.3257567803064 16.0803713877994 15.8349859952925 15.5896006027856 15.3442152102787 15.2599295616148 15.2293438275654 15.1987580935159 15.1681723594664 15.1375866254169 15.1070008913675 15.076415157318 15.0783285299936 15.1777392228443 15.2771499156951 15.3765606085459 15.4759713013966 15.5753819942474 15.6747926870982 15.7742033799489 15.9943475246429 16.2547361532847 16.5151247819265 16.7755134105682 17.03590203921 17.2962906678518 17.5566792964935 17.7711086432139 17.8476601441701 17.9242116451263 18.0007631460826 18.0773146470388 18.153866147995 18.2304176489512 18.3069691499074 18.7725955963134 19.3679136912027 19.963231786092 20.5585498809814 21.1538679758707 21.74918607076 22.3445041656494 22.840611966451 23.0390888849894 23.2375658035279 23.4360427220663
