data/working_set_collections/6091692-Cassins_Sparrow-MC/1980/bio15.asc
NCOLS 265 
NROWS 230 
XLLCORNER -115.5625 
YLLCORNER 24.8333333333333 
CELLSIZE 0.0833333333333333 
NODATA_value -9999 
[rows 200 to 219 of 230, columns 184 to 229 of 265]
50.4858230272929 50.8547832171122 51.2237434069315 51.2136511484783 51.077208073934 50.9407649993897 50.8043219248454 50.6678788503011 50.5314357757569 50.3949927012126 50.3716239929198 50.6874783833821 51.0033327738443 51.3191871643066 51.6350415547688 51.9508959452311 52.2667503356933 52.5826047261555 52.7401485443115 52.8449221716986 52.9496957990858 53.054469426473 53.1592430538601 53.2640166812473 53.3687903086344 53.4347351921929 53.3841938442654 53.3336524963379 53.2831111484104 53.2325698004829 53.1820284525553 53.1314871046278 53.0809457567003 51.9222423553469 50.3941516028514 -9999 -9999 -9999 -9999 -9999 -9999 -9999 -9999 -9999 -9999 -9999
50.111700852712 50.4976687431335 50.8836366335551 50.9180215199789 50.8352120717367 50.7524026234945 50.6695931752523 50.5867837270101 50.5039742787679 50.4211648305257 50.4375981648762 50.7517598470051 51.065921529134 51.3800832112629 51.6942448933918 52.0084065755208 52.3225682576496 52.6367299397785 52.7875003814697 52.8838070763482 52.9801137712266 53.0764204661051 53.1727271609836 53.2690338558621 53.3653405507405 53.4272584703234 53.3860100640191 53.3447616577149 53.3035132514106 53.2622648451063 53.2210164388021 53.1797680324978 53.1385196261936 -9999 -9999 -9999 -9999 -9999 -9999 -9999 -9999 -9999 -9999 -9999 -9999 -9999
49.7375786781311 50.1405542691548 50.5435298601786 50.6223918914795 50.5932160695394 50.5640402475993 50.5348644256592 50.5056886037191 50.476512781779 50.4473369598389 50.5035723368326 50.8160413106282 51.1285102844238 51.4409792582193 51.7534482320149 52.0659172058105 52.378386179606 52.6908551534016 52.8348522186279 52.9226919809977 53.0105317433675 53.0983715057373 53.1862112681071 53.2740510304769 53.3618907928467 53.4197817484538 53.3878262837728 53.3558708190918 53.3239153544108 53.2919598897298 53.2600044250488 53.2280489603678 53.1960934956868 -9999 -9999 -9999 -9999 -9999 -9999 -9999 -9999 -9999 -9999 -9999 -9999 -9999
49.3634565035502 49.7834397951761 50.2034230868021 50.3267622629802 50.3512200673421 50.3756778717041 50.4001356760661 50.4245934804281 50.44905128479 50.473509089152 50.569546508789 50.8803227742512 51.1910990397135 51.5018753051757 51.8126515706379 52.1234278361002 52.4342041015624 52.7449803670246 52.8822040557861 52.9615768856472 53.0409497155083 53.1203225453695 53.1996953752306 53.2790682050917 53.3584410349528 53.4123050265842 53.3896425035265 53.3669799804688 53.344317457411 53.3216549343533 53.2989924112956 53.2763298882378 53.2536673651801 52.156388473511 50.7009041256378 -9999 -9999 -9999 -9999 -9999 -9999 -9999 -9999 -9999 -9999 -9999
49.9279159228003 50.293588267432 50.6592606120636 50.7389270782468 50.7232582516138 50.7075894249808 50.6919205983478 50.6762517717148 50.6605829450818 50.6449141184488 50.7049212349785 50.9919561809962 51.2789911270141 51.5660260730319 51.8530610190497 52.1400959650675 52.4271309110853 52.7141658571031 52.8349948565165 52.9004218737285 52.9658488909404 53.0312759081523 53.0967029253642 53.1621299425761 53.227556959788 53.2787896156312 53.2874391873678 53.2960887591044 53.3047383308411 53.3133879025777 53.3220374743144 53.330687046051 53.3393366177877 52.2806933403017 50.8662857797414 -9999 -9999 -9999 -9999 -9999 -9999 -9999 -9999 -9999 -9999 -9999
51.4309569358823 51.670999685923 51.9110424359637 51.8588863372801 51.709330622355 51.5597749074299 51.4102191925048 51.2606634775797 51.1111077626546 50.9615520477295 50.9096965154011 51.1509415308633 51.3921865463256 51.6334315617879 51.8746765772501 52.1159215927124 52.3571666081746 52.5984116236368 52.6932246208191 52.7392269452413 52.7852292696635 52.8312315940857 52.8772339185079 52.9232362429301 52.9692385673523 53.0192355155945 53.0812163352966 53.1431971549988 53.2051779747009 53.2671587944031 53.3291396141052 53.3911204338073 53.4531012535095 52.4512543678286 51.0947982470197 -9999 -9999 -9999 -9999 -9999 -9999 -9999 -9999 -9999 -9999 -9999
52.9339979489642 53.048411104414 53.1628242598637 52.9788455963134 52.6954029930962 52.411960389879 52.1285177866617 51.8450751834445 51.5616325802273 51.2781899770101 51.1144717958238 51.3099268807304 51.5053819656372 51.7008370505438 51.8962921354505 52.0917472203572 52.2872023052639 52.4826573901706 52.5514543851217 52.5780320167542 52.6046096483867 52.6311872800192 52.6577649116516 52.6843425432841 52.7109201749166 52.7596814155579 52.8749934832255 52.9903055508932 53.1056176185608 53.2209296862284 53.3362417538961 53.4515538215637 53.5668658892313 52.6218153953554 51.3233107142981 -9999 -9999 -9999 -9999 -9999 -9999 -9999 -9999 -9999 -9999 -9999
54.437038962046 54.4258225229049 54.4146060837637 54.0988048553465 53.6814753638372 53.264145872328 52.8468163808186 52.4294868893093 52.0121573978 51.5948279062907 51.3192470762464 51.4689122305975 51.6185773849487 51.7682425392998 51.9179076936509 52.0675728480021 52.2172380023532 52.3669031567044 52.4096841494243 52.416837088267 52.4239900271098 52.4311429659526 52.4382959047954 52.4454488436381 52.4526017824809 52.5001273155213 52.6687706311544 52.8374139467875 53.0060572624206 53.1747005780538 53.3433438936869 53.51198720932 53.6806305249531 -9999 -9999 -9999 -9999 -9999 -9999 -9999 -9999 -9999 -9999 -9999 -9999 -9999
55.9400799751279 55.8032339413959 55.6663879076638 55.2187641143798 54.6675477345784 54.116331354777 53.5651149749756 53.0138985951742 52.4626822153728 51.9114658355713 51.524022356669 51.6278975804646 51.7317728042602 51.8356480280558 51.9395232518514 52.043398475647 52.1472736994425 52.2511489232381 52.2679139137268 52.2556421597799 52.243370405833 52.231098651886 52.2188268979391 52.2065551439921 52.1942833900452 52.2405732154846 52.4625477790832 52.6845223426819 52.9064969062805 53.1284714698791 53.3504460334777 53.5724205970764 53.794395160675 52.9629374504091 51.7803356488548 -9999 -9999 -9999 -9999 -9999 -9999 -9999 -9999 -9999 -9999 -9999
57.4431209882099 57.1806453598869 56.9181697315639 56.338723373413 55.6536201053196 54.9685168372261 54.2834135691325 53.598310301039 52.9132070329456 52.228103764852 51.7287976370917 51.7868829303317 51.8449682235718 51.9030535168118 51.9611388100518 52.0192241032918 52.0773093965318 52.1353946897719 52.1261436780294 52.0944472312928 52.0627507845561 52.0310543378194 51.9993578910828 51.9676614443462 51.9359649976095 51.981019115448 52.2563249270121 52.5316307385762 52.8069365501403 53.0822423617044 53.3575481732686 53.6328539848327 53.9081597963968 53.133498477936 52.0088481161332 50.8841977543304 -9999 -9999 -9999 -9999 -9999 -9999 -9999 -9999 -9999 -9999
58.6435534795124 58.3436312145656 58.0437089496187 57.3989507993062 56.6392473538716 55.8795439084371 55.1198404630025 54.3601370175679 53.6004335721334 52.8407301266988 52.2730211046005 52.2812953525118 52.289569600423 52.2978438483343 52.3061180962455 52.3143923441568 52.322666592068 52.3309408399793 52.2907679875691 52.2344461017184 52.1781242158677 52.121802330017 52.0654804441663 52.0091585583156 51.952836672465 51.9951030943127 52.3331344392563 52.6711657841999 53.0091971291434 53.347228474087 53.6852598190306 54.0232911639741 54.3613225089177 53.6135115305583 52.5037531110977 51.393994691637 -9999 -9999 -9999 -9999 -9999 -9999 -9999 -9999 -9999 -9999
59.5413774490355 59.292191505432 59.0430055618285 58.3994463920593 57.6244294802348 56.8494125684103 56.0743956565857 55.2993787447612 54.5243618329367 53.749344921112 53.1566927591958 53.1111348470051 53.0655769348143 53.0200190226236 52.9744611104328 52.9289031982421 52.8833452860514 52.8377873738606 52.7617868423461 52.6756387710571 52.589490699768 52.503342628479 52.4171945571899 52.3310464859008 52.2448984146118 52.2828251520791 52.6929763158161 53.1031274795531 53.51327864329 53.923429807027 54.333580970764 54.7437321345009 55.1538832982379 54.4029766082764 53.2650506337485 -9999 -9999 -9999 -9999 -9999 -9999 -9999 -9999 -9999 -9999 -9999
60.4392014185587 60.2407517962985 60.0423021740383 59.3999419848124 58.6096116065979 57.8192812283835 57.0289508501689 56.2386204719544 55.4482900937399 54.6579597155253 54.0403644137911 53.9409743414984 53.8415842692056 53.7421941969129 53.6428041246202 53.5434140523274 53.4440239800347 53.3446339077419 53.2328056971232 53.1168314403957 53.0008571836683 52.8848829269409 52.7689086702135 52.652934413486 52.5369601567586 52.5705472098455 53.0528181923758 53.5350891749063 54.0173601574366 54.499631139967 54.9819021224974 55.4641731050277 55.9464440875581 55.1924416859946 54.0263481563994 52.8602546268041 51.6941610972088 50.5280675676136 -9999 -9999 -9999 -9999 -9999 -9999 -9999 -9999
61.3370253880818 61.1893120871649 61.041598786248 60.4004375775655 59.5947937329611 58.7891498883566 57.9835060437521 57.1778621991476 56.3722183545432 55.5665745099386 54.9240360683864 54.7708138359917 54.6175916035969 54.4643693712022 54.3111471388075 54.1579249064127 54.004702674018 53.8514804416233 53.7038245519002 53.5580241097344 53.4122236675686 53.2664232254028 53.120622783237 52.9748223410712 52.8290218989054 52.8582692676119 53.4126600689356 53.9670508702595 54.5214416715832 55.075832472907 55.6302232742308 56.1846140755545 56.7390048768783 55.9819067637127 54.7876456790502 53.5933845943877 52.3991235097251 -9999 -9999 -9999 -9999 -9999 -9999 -9999 -9999 -9999
62.2348493576048 62.1378723780313 62.0408953984577 61.4009331703186 60.5799758593242 59.7590185483297 58.9380612373352 58.1171039263408 57.2961466153464 56.4751893043518 55.8077077229817 55.6006533304849 55.3935989379882 55.1865445454915 54.9794901529947 54.772435760498 54.5653813680013 54.3583269755045 54.1748434066772 53.999216779073 53.8235901514689 53.6479635238647 53.4723368962606 53.2967102686564 53.1210836410522 53.1459913253782 53.7725019454954 54.3990125656126 55.0255231857298 55.6520338058469 56.2785444259641 56.9050550460813 57.5315656661984 56.7713718414307 55.548943201701 54.3265145619713 -9999 -9999 -9999 -9999 -9999 -9999 -9999 -9999 -9999 -9999
63.1326733271279 63.0864326688976 63.0401920106674 62.4014287630716 61.5651579856872 60.7288872083028 59.8926164309183 59.0563456535339 58.2200748761495 57.383804098765 56.6913793775769 56.4304928249782 56.1696062723794 55.9087197197807 55.647833167182 55.3869466145832 55.1260600619845 54.8651735093858 54.6458622614542 54.4404094484117 54.2349566353692 54.0295038223266 53.8240510092841 53.6185981962416 53.413145383199 53.4337133831446 54.1323438220551 54.8309742609658 55.5296046998763 56.2282351387868 56.9268655776975 57.625496016608 58.3241264555186 57.5608369191488 56.3102407243518 55.0596445295548 53.8090483347575 52.5584521399605 -9999 -9999 -9999 -9999 -9999 -9999 -9999 -9999
63.5573625246684 63.6109843254089 63.6646061261495 63.0670609156292 62.2524600346885 61.4378591537477 60.6232582728069 59.8086573918662 58.9940565109255 58.1794556299846 57.4886056264242 57.1690082550049 56.8494108835856 56.5298135121664 56.2102161407471 55.8906187693278 55.5710213979086 55.2514240264893 55.0064465522766 54.7863423771329 54.5662382019891 54.3461340268453 54.1260298517015 53.9059256765578 53.685821501414 53.7030192799036 54.4321229192943 55.1612265586852 55.8903301980758 56.6194338374665 57.3485374768574 58.077641116248 58.8067447556388 58.033467102051 56.7593956841366 55.4853242662221 54.2112528483075 52.9371814303931 -9999 -9999 -9999 -9999 -9999 -9999 -9999 -9999
63.5089169502258 63.7115273475646 63.9141377449035 63.3978296279908 62.6418820063274 61.885934384664 61.1299867630005 60.3740391413371 59.6180915196738 58.8621438980103 58.1993864695231 57.8161996205648 57.4330127716064 57.0498259226481 56.6666390736898 56.2834522247314 55.9002653757731 55.5170785268148 55.2565962791443 55.0370155652364 54.8174348513286 54.5978541374207 54.3782734235128 54.1586927096049 53.939111995697 53.9539090156553 54.6718392372129 55.3897694587706 56.1076996803282 56.8256299018858 57.5435601234435 58.261490345001 58.9794205665586 58.1892623901369 56.896408081055 55.603553771973 54.3106994628908 53.0178451538089 -9999 -9999 -9999 -9999 -9999 -9999 -9999 -9999
63.4604713757832 63.8120703697204 64.1636693636575 63.7285983403524 63.0313039779664 62.3340096155803 61.6367152531942 60.9394208908081 60.2421265284221 59.5448321660359 58.910167312622 58.4633909861247 58.0166146596272 57.5698383331299 57.1230620066325 56.6762856801351 56.2295093536377 55.7827330271404 55.5067460060119 55.28768875334 55.068631500668 54.849574247996 54.630516995324 54.411459742652 54.19240248998 54.204798751407 54.9115555551315 55.618312358856 56.3250691625805 57.031825966305 57.7385827700295 58.445339573754 59.1520963774785 58.3450576782228 57.0334204779734 55.7217832777239 54.4101460774742 53.0985088772247 -9999 -9999 -9999 -9999 -9999 -9999 -9999 -9999
63.4120258013407 63.9126133918761 64.4132009824115 64.0593670527141 63.4207259496054 62.7820848464967 62.1434437433879 61.5048026402792 60.8661615371705 60.2275204340617 59.6209481557211 59.1105823516846 58.6002165476481 58.0898507436117 57.5794849395753 57.0691191355388 56.5587533315024 56.0483875274659 55.7568957328796 55.5383619414436 55.3198281500075 55.1012943585714 54.8827605671353 54.6642267756992 54.4456929842631 54.4556884871587 55.15127187305 55.8468552589415 56.5424386448328 57.2380220307242 57.9336054166157 58.629188802507 59.3247721883984 58.5008529663088 57.1704328748918 55.8400127834748 54.5095926920575 -9999 -9999 -9999 -9999 -9999 -9999 -9999 -9999 -9999
