data/working_set_collections/6091692-Cassins_Sparrow-MC/1980/bio16.asc
NCOLS 265 
NROWS 230 
XLLCORNER -115.5625 
YLLCORNER 24.8333333333333 
CELLSIZE 0.0833333333333333 
NODATA_value -9999 
[rows 100 to 119 of 230, columns 138 to 183 of 265]
193.04259147644 194.881478500366 196.720365524292 198.559252548217 199.892119216919 201.056312433878 202.220505650838 203.384698867798 204.548892084757 205.713085301717 206.877278518676 207.585850779215 206.927560170491 206.269269561767 205.610978953043 204.952688344319 204.294397735595 203.636107126871 202.977816518147 201.789805984497 200.425222142537 199.060638300578 197.696054458618 196.331470616658 194.966886774699 193.602302932739 192.87897084554 194.079394022623 195.279817199706 196.48024037679 197.680663553873 198.881086730957 200.08150990804 201.281933085123 203.701887130737 206.52835146586 209.354815800984 212.181280136108 215.007744471231 217.834208806355 220.660673141479 223.736185836791 227.55884361267 231.381501388549 235.204159164428 239.026816940307
191.720590252346 193.839336013794 195.958081775241 198.076827536688 199.690403874715 201.135590404934 202.580776935153 204.025963465372 205.471149995591 206.916336525811 208.36152305603 209.325107404921 208.843885209825 208.36266301473 207.881440819634 207.400218624539 206.918996429443 206.437774234348 205.956552039252 204.819211451212 203.463164732191 202.10711801317 200.751071294149 199.395024575127 198.038977856106 196.682931137085 195.899246046278 196.832645840114 197.766045633951 198.699445427788 199.632845221625 200.566245015462 201.499644809299 202.433044603135 204.742670059203 207.511037402682 210.279404746161 213.04777208964 215.816139433118 218.584506776597 221.352874120076 224.351731406317 228.042058520846 231.732385635375 235.422712749904 239.113039864433
190.666704262627 192.908474858602 195.150245454576 197.39201605055 199.198959859212 200.860961405436 202.52296295166 204.184964497884 205.846966044108 207.508967590332 209.170969136556 210.310700776842 209.883622699314 209.456544621786 209.029466544257 208.602388466729 208.175310389201 207.748232311673 207.321154234145 206.202141443889 204.85248374939 203.502826054891 202.153168360392 200.803510665894 199.453852971395 198.104195276896 197.269869486491 197.981539408366 198.693209330241 199.404879252116 200.116549173991 200.828219095866 201.539889017741 202.251558939616 204.4773949941 207.207953092787 209.938511191473 212.669069290161 215.399627388848 218.130185487535 220.860743586222 223.821767976548 227.474191241793 231.126614507039 234.779037772284 238.431461037529
189.880933507283 192.08889503479 194.296856562296 196.504818089803 198.41778717041 200.232425435384 202.047063700358 203.861701965332 205.676340230306 207.490978495279 209.305616760254 210.542630894979 210.046772638957 209.550914382935 209.055056126913 208.55919787089 208.063339614868 207.567481358846 207.071623102824 205.938595962525 204.593179194133 203.247762425741 201.902345657349 200.556928888957 199.211512120565 197.866095352173 196.990841166178 197.526074727376 198.061308288574 198.596541849772 199.13177541097 199.667008972168 200.202242533366 200.737476094564 202.906061935425 205.619098536173 208.332135136922 211.045171737671 213.758208338419 216.471244939168 219.184281539917 222.146295547485 225.855241775512 229.56418800354 233.273134231567 236.982080459594
189.095162751939 191.269315210978 193.443467670016 195.617620129055 197.636614481608 199.603889465332 201.571164449056 203.53843943278 205.505714416504 207.472989400227 209.440264383952 210.774561013116 210.2099225786 209.645284144084 209.080645709568 208.516007275052 207.951368840536 207.38673040602 206.822091971504 205.675050481161 204.333874638876 202.992698796591 201.651522954305 200.31034711202 198.969171269735 197.62799542745 196.711812845866 197.070610046387 197.429407246908 197.788204447428 198.147001647949 198.50579884847 198.864596048991 199.223393249512 201.334728876749 204.03024397956 206.72575908237 209.42127418518 212.116789287991 214.812304390801 217.507819493611 220.470823118421 224.23629230923 228.00176150004 231.76723069085 235.532699881659
188.309391996595 190.449735387166 192.590078777737 194.730422168307 196.855441792806 198.97535349528 201.095265197753 203.215176900228 205.335088602701 207.455000305175 209.574912007649 211.006491131253 210.373072518243 209.739653905233 209.106235292223 208.472816679213 207.839398066203 207.205979453193 206.572560840183 205.411504999797 204.074570083618 202.73763516744 201.400700251262 200.063765335083 198.726830418905 197.389895502726 196.432784525553 196.615145365397 196.797506205241 196.979867045085 197.162227884928 197.344588724772 197.526949564616 197.70931040446 199.763395818074 202.441389422946 205.119383027818 207.79737663269 210.475370237562 213.153363842434 215.831357447306 218.795350689357 222.617342842949 226.439334996541 230.261327150132 234.083319303724
187.523621241251 189.630155563354 191.736689885457 193.84322420756 196.074269104004 198.346817525227 200.619365946451 202.891914367675 205.164462788899 207.437011210123 209.709559631347 211.23842124939 210.536222457886 209.834023666382 209.131824874878 208.429626083374 207.72742729187 207.025228500366 206.323029708863 205.147959518433 203.815265528361 202.48257153829 201.149877548218 199.817183558146 198.484489568075 197.151795578003 196.153756205241 196.159680684408 196.165605163574 196.171529642741 196.177454121908 196.183378601074 196.189303080241 196.195227559408 198.192062759399 200.852534866333 203.513006973266 206.1734790802 208.833951187133 211.494423294067 214.154895401001 217.119878260294 220.998393376667 224.876908493042 228.755423609415 232.633938725789
186.737850485907 188.810575739542 190.883300993177 192.956026246812 195.293096415202 197.718281555175 200.143466695149 202.568651835123 204.993836975097 207.419022115071 209.844207255045 211.470351367527 210.699372397529 209.928393427531 209.157414457533 208.386435487535 207.615456517538 206.84447754754 206.073498577542 204.884414037069 203.555960973104 202.227507909139 200.899054845174 199.57060178121 198.242148717245 196.91369565328 195.874727884928 195.704216003418 195.533704121908 195.363192240397 195.192680358887 195.022168477376 194.851656595866 194.681144714356 196.620729700724 199.263680309719 201.906630918714 204.54958152771 207.192532136705 209.8354827457 212.478433354695 215.44440583123 219.379443910386 223.314481989542 227.249520068698 231.184558147853
185.739053090413 187.749190012614 189.759326934814 191.769463857015 194.137812169393 196.625564278496 199.1133163876 201.601068496704 204.088820605807 206.576572714911 209.064324824015 210.721379555597 209.886342154609 209.051304753622 208.216267352634 207.381229951647 206.54619255066 205.711155149672 204.876117748685 203.66990331014 202.33996319241 201.010023074681 199.68008295695 198.35014283922 197.02020272149 195.69026260376 194.640031517877 194.428927527534 194.217823537191 194.006719546848 193.795615556505 193.584511566162 193.373407575819 193.162303585477 195.083952585856 197.71651924981 200.349085913764 202.981652577718 205.614219241672 208.246785905626 210.87935256958 213.846529981824 217.817539638942 221.788549296061 225.759558953178 229.730568610296
184.527229054769 186.445998382568 188.364767710368 190.283537038167 192.608416366577 195.06866569519 197.528915023803 199.989164352417 202.44941368103 204.909663009643 207.369912338257 208.991505813599 208.097131729127 207.202757644654 206.308383560181 205.414009475709 204.519635391236 203.625261306763 202.730887222291 201.504427337647 200.16727218628 198.830117034913 197.492961883546 196.155806732178 194.818651580811 193.481496429444 192.449667104086 192.333815256755 192.217963409424 192.102111562093 191.986259714763 191.870407867432 191.754556020101 191.63870417277 193.581731414795 196.211051686604 198.840371958414 201.469692230224 204.099012502034 206.728332773844 209.357653045654 212.326250712076 216.312680562336 220.299110412597 224.285540262857 228.271970113118
183.315405019124 185.142806752523 186.970208485921 188.797610219319 191.079020563761 193.511767111884 195.944513660007 198.37726020813 200.810006756252 203.242753304375 205.675499852498 207.261632071601 206.307921303644 205.354210535686 204.400499767728 203.44678899977 202.493078231812 201.539367463854 200.585656695896 199.338951365154 197.994581180149 196.650210995145 195.30584081014 193.961470625136 192.617100440132 191.272730255127 190.259302690294 190.238702985976 190.218103281657 190.197503577339 190.17690387302 190.156304168701 190.135704464383 190.115104760064 192.079510243733 194.705584123399 197.331658003065 199.957731882731 202.583805762397 205.209879642062 207.835953521728 210.805971442328 214.80782148573 218.809671529134 222.811521572536 226.813371615939
182.103580983479 183.839615122477 185.575649261474 187.311683400472 189.549624760945 191.954868528578 194.36011229621 196.765356063843 199.170599831475 201.575843599107 203.98108736674 205.531758329604 204.518710878161 203.505663426718 202.492615975274 201.479568523831 200.466521072388 199.453473620945 198.440426169502 197.17347539266 195.821890174019 194.470304955377 193.118719736735 191.767134518094 190.415549299453 189.063964080811 188.068938276503 188.143590715197 188.21824315389 188.292895592584 188.367548031277 188.442200469971 188.516852908664 188.591505347358 190.577289072672 193.200116560194 195.822944047715 198.445771535237 201.068599022759 203.69142651028 206.314253997802 209.28569217258 213.302962409124 217.32023264567 221.337502882215 225.35477311876
180.891756947835 182.536423492432 184.181090037028 185.825756581624 188.02022895813 190.397969945272 192.775710932413 195.153451919556 197.531192906697 199.908933893839 202.286674880981 203.801884587606 202.729500452678 201.65711631775 200.584732182821 199.512348047893 198.439963912964 197.367579778036 196.295195643108 195.007999420167 193.649199167888 192.29039891561 190.931598663331 189.572798411052 188.213998158774 186.855197906495 185.878573862712 186.048478444418 186.218383026123 186.388287607829 186.558192189535 186.728096771241 186.898001352946 187.067905934652 189.075067901611 191.694648996989 194.314230092366 196.933811187744 199.553392283121 202.172973378499 204.792554473877 207.765412902831 211.798103332519 215.830793762207 219.863484191894 223.896174621581
179.67993291219 181.233231862386 182.786530812581 184.339829762776 186.490833155314 188.841071361965 191.191309568617 193.541547775268 195.89178598192 198.242024188571 200.592262395223 202.072010845609 200.940290027195 199.808569208781 198.676848390368 197.545127571954 196.413406753541 195.281685935127 194.149965116713 192.842523447673 191.476508161757 190.110492875842 188.744477589926 187.37846230401 186.012447018094 184.646431732178 183.688209448921 183.953366173638 184.218522898356 184.483679623074 184.748836347792 185.01399307251 185.279149797228 185.544306521946 187.57284673055 190.189181433783 192.805516137017 195.42185084025 198.038185543484 200.654520246717 203.270854949951 206.245133633083 210.293244255913 214.341354878743 218.389465501573 222.437576124402
179.417898305257 180.837605539957 182.257312774658 183.677020009358 185.65376103719 187.816179996066 189.978598954942 192.141017913818 194.303436872694 196.46585583157 198.628274790446 199.969759835138 198.848443137275 197.727126439413 196.60580974155 195.484493043688 194.363176345826 193.241859647963 192.120542950101 190.858262888591 189.548995039199 188.239727189806 186.930459340414 185.621191491021 184.311923641629 183.002655792237 182.107743538751 182.455898072984 182.804052607218 183.152207141452 183.500361675686 183.84851620992 184.196670744154 184.544825278388 186.64681816101 189.333423826429 192.020029491848 194.706635157267 197.393240822685 200.079846488104 202.766452153523 205.78444735209 209.796611150105 213.808774948119 217.820938746133 221.833102544148
180.105653127034 181.349544525146 182.593435923258 183.83732732137 185.50901260376 187.323295847575 189.13757909139 190.951862335205 192.76614557902 194.580428822835 196.39471206665 197.495131556194 196.453959782919 195.412788009644 194.371616236369 193.330444463095 192.28927268982 191.248100916545 190.20692914327 189.05521774292 187.866659800212 186.678101857504 185.489543914795 184.300985972087 183.112428029379 181.92387008667 181.137176132202 181.556074142456 181.97497215271 182.393870162964 182.812768173218 183.231666183472 183.650564193726 184.069462203979 186.296982192993 189.127376174926 191.95777015686 194.788164138793 197.618558120727 200.44895210266 203.279346084594 206.383354059854 210.308204015095 214.233053970336 218.157903925577 222.082753880818
180.793407948811 181.861483510335 182.929559071858 183.997634633382 185.364264170329 186.830411699083 188.296559227837 189.762706756592 191.228854285346 192.6950018141 194.161149342855 195.020503277249 194.059476428562 193.098449579875 192.137422731188 191.176395882501 190.215369033814 189.254342185127 188.29331533644 187.25217259725 186.184324561226 185.116476525201 184.048628489177 182.980780453153 181.912932417128 180.845084381104 180.166608725654 180.656250211928 181.145891698202 181.635533184475 182.125174670749 182.614816157023 183.104457643297 183.594099129571 185.947146224975 188.921328523423 191.895510821871 194.86969312032 197.843875418768 200.818057717216 203.792240015665 206.982260767618 210.819796880085 214.657332992553 218.49486910502 222.332405217488
181.481162770589 182.373422495524 183.265682220459 184.157941945394 185.219515736898 186.337527550591 187.455539364285 188.573551177978 189.691562991672 190.809574805366 191.927586619059 192.545874998305 191.664993074206 190.784111150106 189.903229226007 189.022347301907 188.141465377808 187.260583453709 186.379701529609 185.449127451579 184.501989322239 183.554851192899 182.607713063558 181.660574934218 180.713436804878 179.766298675537 179.196041319105 179.756426281399 180.316811243693 180.877196205987 181.437581168281 181.997966130575 182.558351092868 183.118736055162 185.597310256958 188.71528087192 191.833251486883 194.951222101847 198.06919271681 201.187163331773 204.305133946736 207.581167475382 211.331389745075 215.08161201477 218.831834284464 222.582056554157
182.168917592366 182.885361480713 183.601805369059 184.318249257405 185.074767303467 185.8446434021 186.614519500732 187.384395599365 188.154271697998 188.924147796631 189.694023895264 190.071246719361 189.270509719849 188.469772720337 187.669035720826 186.868298721314 186.067561721802 185.266824722291 184.466087722779 183.646082305909 182.819654083252 181.993225860596 181.16679763794 180.340369415284 179.513941192627 178.687512969971 178.225473912557 178.856602350871 179.487730789185 180.118859227498 180.749987665812 181.381116104126 182.01224454244 182.643372980753 185.24747428894 188.509233220418 191.770992151895 195.032751083373 198.294510014851 201.556268946329 204.818027877807 208.180074183145 211.842982610066 215.505891036987 219.168799463907 222.831707890827
182.856672414144 183.397300465902 183.937928517659 184.478556569417 184.930018870036 185.351759253608 185.77349963718 186.195240020752 186.616980404324 187.038720787896 187.460461171468 187.596618440417 186.876026365493 186.155434290569 185.434842215644 184.71425014072 183.993658065796 183.273065990872 182.552473915948 181.843037160238 181.137318844266 180.431600528294 179.725882212321 179.020163896349 178.314445580377 177.608727264405 177.254906506009 177.956778420342 178.658650334676 179.36052224901 180.062394163344 180.764266077677 181.466137992011 182.168009906345 184.897638320922 188.303185568915 191.708732816907 195.1142800649 198.519827312893 201.925374560885 205.330921808878 208.778980890909 212.354575475056 215.930170059203 219.50576464335 223.081359227497
