data/working_set_collections/6091692-Cassins_Sparrow-MC/1980/bio19.asc
NCOLS 265 
NROWS 230 
XLLCORNER -115.5625 
YLLCORNER 24.8333333333333 
CELLSIZE 0.0833333333333333 
NODATA_value -9999 
[rows 80 to 99 of 230, columns 46 to 91 of 265]
76.1331184387212 72.4611505296502 68.7891826205786 65.1172147115076 61.4452468024367 57.7732788933651 57.1618810971576 57.570673338572 57.9794655799864 58.3882578214008 58.7970500628151 59.2058423042296 59.614634545644 59.8918890423244 59.7745303048027 59.657171567281 59.5398128297594 59.4224540922377 59.305095354716 59.1877366171943 59.0703778796726 60.8394513765967 63.2373356183366 65.6352198600768 68.0331041018166 70.4309883435565 72.8288725852967 75.2267568270365 78.0091996298891 81.9453181160821 85.8814366022744 89.8175550884667 93.7536735746597 97.6897920608519 101.625910547044 105.562029033237 108.634906387329 111.420036697388 114.205167007447 116.990297317505 119.775427627564 122.560557937623 125.345688247681 127.826661470202 129.395163430109 130.963665390015
77.1186576843267 73.4388759189189 69.7590941535105 66.0793123881027 62.399530622695 58.7197488572865 58.0789106051125 58.4510535240172 58.8231964429218 59.1953393618264 59.567482280731 59.9396251996357 60.3117681185403 60.540082444085 60.3369109895494 60.1337395350138 59.9305680804782 59.7273966259426 59.5242251714071 59.3210537168715 59.1178822623359 60.567658837636 62.5684180895484 64.5691773414611 66.5699365933734 68.5706958452858 70.5714550971985 72.5722143491109 75.0032614601978 78.7251721488104 82.4470828374225 86.1689935260345 89.8909042146471 93.6128149032591 97.3347255918711 101.056636280484 103.871305465698 106.383560816447 108.895816167196 111.408071517945 113.920326868693 116.432582219442 118.944837570191 121.302343961928 123.195603476631 125.088862991333
78.1041969299321 74.4166013081875 70.7290056864423 67.0414100646977 63.3538144429532 59.6662188212079 58.9959401130674 59.3314337094623 59.6669273058572 60.002420902252 60.3379144986468 60.6734080950418 61.0089016914366 61.1882758458455 60.899291674296 60.6103075027465 60.3213233311971 60.0323391596476 59.7433549880982 59.4543708165487 59.1653866449992 60.2958662986753 61.8995005607603 63.5031348228455 65.1067690849304 66.7104033470153 68.3140376091006 69.9176718711855 71.9973232905067 75.505026181539 79.0127290725708 82.5204319636025 86.0281348546349 89.5358377456666 93.0435406366983 96.5512435277307 99.1077045440678 101.347084935507 103.586465326946 105.825845718384 108.065226109823 110.304606501262 112.543986892701 114.778026453655 116.996043523153 119.214060592652
79.0897361755376 75.3943266974562 71.6989172193742 68.0035077412928 64.3080982632114 60.6126887851294 59.9129696210224 60.2118138949074 60.5106581687926 60.8095024426776 61.1083467165627 61.4071909904479 61.7060352643329 61.8364692476061 61.4616723590427 61.0868754704793 60.712078581916 60.3372816933526 59.9624848047893 59.5876879162259 59.2128910276625 60.0240737597146 61.2305830319721 62.4370923042298 63.6436015764872 64.8501108487447 66.0566201210024 67.2631293932599 68.9913851208154 72.2848802142674 75.5783753077188 78.8718704011703 82.1653654946223 85.4588605880737 88.7523556815252 92.0458507749772 94.3441036224369 96.3106090545657 98.2771144866949 100.243619918824 102.210125350953 104.176630783082 106.143136215211 108.253708945381 110.796483569676 113.33925819397
79.9820061365769 76.3055846108338 72.6291630850901 68.952741559347 65.276320033604 61.5998985078603 60.8966438293455 61.1844447665742 61.472245703803 61.7600466410317 62.0478475782604 62.3356485154892 62.6234494527179 62.7498004701402 62.3918017281425 62.0338029861449 61.6758042441473 61.3178055021497 60.959806760152 60.6018080181544 60.2438092761568 60.8549907684322 61.789232338799 62.7234739091658 63.6577154795326 64.5919570498993 65.5261986202661 66.4604401906329 67.9118825912468 70.9149274826046 73.9179723739619 76.9210172653192 79.924062156677 82.9271070480343 85.9301519393916 88.9331968307494 90.9111276626587 92.547353808085 94.1835799535117 95.8198060989381 97.4560322443645 99.0922583897911 100.728484535218 102.594651370578 105.150640275744 107.706629180908
80.7810068130498 77.1503750483202 73.51974328359 69.8891115188603 66.2584797541307 62.6278479894005 61.9469627380369 62.2493263244626 62.5516899108885 62.8540534973142 63.15641708374 63.4587806701658 63.7611442565915 63.9282695134479 63.6896797815957 63.4510900497434 63.2125003178912 62.973910586039 62.7353208541868 62.4967311223345 62.2581413904823 62.7886173248286 63.5754484812414 64.3622796376543 65.149110794067 65.9359419504797 66.7227731068926 67.5096042633053 68.7588157018018 71.3951679865515 74.0315202713008 76.6678725560501 79.3042248407998 81.940577125549 84.5769294102983 87.213281695048 88.808776664734 90.0573191960654 91.305861727397 92.5544042587284 93.8029467900597 95.0514893213913 96.3000318527227 97.8008537292484 100.058513641358 102.316173553467
81.5800074895228 77.9951654858066 74.4103234820899 70.8254814783737 67.2406394746575 63.6557974709407 62.9972816467283 63.3142078823511 63.631134117974 63.9480603535968 64.2649865892196 64.5819128248425 64.8988390604653 65.1067385567558 64.9875578350489 64.8683771133421 64.7491963916353 64.6300156699284 64.5108349482216 64.3916542265148 64.272473504808 64.7222438812252 65.361664623684 66.0010853661428 66.6405061086016 67.2799268510603 67.9193475935192 68.5587683359779 69.605748812357 71.8754084904985 74.1450681686397 76.4147278467809 78.6843875249225 80.9540472030637 83.2237068812049 85.4933665593465 86.7064256668092 87.5672845840456 88.428143501282 89.2890024185184 90.1498613357547 91.0107202529912 91.8715791702275 93.007056087918 94.9663870069721 96.9257179260258
82.3790081659958 78.8399559232931 75.3009036805898 71.7618514378871 68.2227991951843 64.683746952481 64.0476005554197 64.3790894402396 64.7105783250595 65.0420672098794 65.3735560946992 65.7050449795191 66.036533864339 66.2852076000636 66.2854358885022 66.2856641769408 66.2858924653793 66.2861207538179 66.2863490422565 66.286577330695 66.2868056191336 66.6558704376218 67.1478807661265 67.6398910946314 68.1319014231361 68.6239117516409 69.1159220801458 69.6079324086505 70.4526819229121 72.3556489944455 74.2586160659787 76.1615831375118 78.0645502090453 79.9675172805784 81.8704843521115 83.773451423645 84.6040746688844 85.0772499720257 85.5504252751671 86.0236005783084 86.4967758814497 86.9699511845911 87.4431264877324 88.2132584465876 89.8742603725861 91.5352622985843
83.1780088424687 79.6847463607795 76.1914838790896 72.6982213974003 69.2049589157111 65.7116964340212 65.0979194641111 65.443970998128 65.790022532145 66.1360740661619 66.4821256001788 66.8281771341957 67.1742286682126 67.4636766433713 67.5833139419553 67.7029512405393 67.8225885391232 67.9422258377072 68.0618631362912 68.1815004348751 68.3011377334591 68.5894969940182 68.934096908569 69.2786968231198 69.6232967376706 69.9678966522214 70.3124965667722 70.657096481323 71.2996150334671 72.8358894983925 74.3721639633176 75.9084384282427 77.4447128931681 78.9809873580932 80.5172618230183 82.0535362879436 82.5017236709598 82.5872153600061 82.6727070490524 82.7581987380987 82.843690427145 82.9291821161913 83.0146738052376 83.4194608052577 84.7821337382006 86.1448066711433
83.9770095189417 80.5295367982659 77.0820640775895 73.6345913569137 70.1871186362379 66.7396459155615 66.1482383728025 66.5088525560165 66.8694667392305 67.2300809224444 67.5906951056584 67.9513092888724 68.3119234720864 68.6421456866792 68.8811919954086 69.1202383041379 69.3592846128673 69.5983309215967 69.837377230326 70.0764235390554 70.3154698477848 70.5231235504147 70.7203130510115 70.9175025516084 71.1146920522052 71.311881552802 71.5090710533988 71.7062605539956 72.1465481440222 73.3161300023395 74.4857118606565 75.6552937189736 76.8248755772908 77.9944574356079 79.1640392939249 80.3336211522421 80.399372673035 80.0971807479863 79.7949888229375 79.4927968978887 79.1906049728399 78.8884130477911 78.5862211227424 78.6256631639273 79.6900071038146 80.7543510437018
84.7136271794642 81.2347754372498 77.7559236950348 74.2770719528204 70.798220210606 67.319368468391 66.7143495559692 67.0672749201456 67.4202002843221 67.7731256484985 68.1260510126749 68.4789763768514 68.8319017410278 69.1993671629163 69.6104527579413 70.0215383529662 70.4326239479911 70.8437095430161 71.254795138041 71.6658807330659 72.0769663280909 72.2993633270262 72.4588641272648 72.6183649275036 72.7778657277423 72.937366527981 73.0968673282197 73.2563681284584 73.5905672709143 74.4488614400225 75.3071556091305 76.1654497782386 77.0237439473468 77.8820381164549 78.7403322855629 79.5986264546711 79.4206328709921 78.8972100363839 78.3737872017755 77.8503643671673 77.326941532559 76.8035186979507 76.2800958633424 76.0653345002067 76.77655755149 77.487780602773
85.3878618240361 81.800462277731 78.2130627314253 74.6256631851202 71.0382636388151 67.4508640925093 66.7962530136108 67.119238090515 67.4422231674194 67.7652082443237 68.088193321228 68.4111783981323 68.7341634750366 69.1353410720824 69.7710962295531 70.4068513870237 71.0426065444944 71.6783617019651 72.3141168594358 72.9498720169064 73.5856271743771 73.9182163238522 74.1497501373288 74.3812839508053 74.6128177642819 74.8443515777584 75.075885391235 75.3074192047115 75.6316724141434 76.2340838114417 76.8364952087399 77.4389066060381 78.0413180033363 78.6437294006345 79.2461407979327 79.848552195231 79.5655042648316 78.9873032251995 78.4091021855673 77.8309011459352 77.252700106303 76.6744990666708 76.0962980270387 75.7384748140971 76.0417850812277 76.3450953483583
86.0620964686081 82.3661491182123 78.6702017678158 74.97425441742 71.2783070670242 67.5823597166277 66.8781564712524 67.1712012608845 67.4642460505167 67.7572908401489 68.050335629781 68.3433804194132 68.6364252090454 69.0713149812484 69.931739701165 70.7921644210813 71.6525891409977 72.5130138609142 73.3734385808306 74.233863300747 75.0942880206635 75.5370693206784 75.8406361473928 76.1442029741072 76.4477698008216 76.751336627536 77.0549034542504 77.3584702809648 77.6727775573727 78.019306182861 78.3658348083493 78.7123634338376 79.058892059326 79.4054206848143 79.7519493103026 80.098477935791 79.7103756586712 79.0773964140151 78.4444171693591 77.8114379247031 77.1784586800471 76.545479435391 75.912500190735 75.4116151279874 75.3070126109654 75.2024100939435
86.7363311131801 82.9318359586936 79.1273408042064 75.3228456497199 71.5183504952333 67.7138553407461 66.960059928894 67.223164431254 67.486268933614 67.7493734359741 68.0124779383341 68.2755824406942 68.5386869430542 69.0072888904145 70.0923831727768 71.1774774551389 72.262571737501 73.3476660198633 74.4327603022254 75.5178545845876 76.6029488669498 77.1559223175046 77.5315221574569 77.9071219974091 78.2827218373614 78.6583216773136 79.0339215172659 79.4095213572181 79.713882700602 79.8045285542804 79.8951744079588 79.9858202616372 80.0764661153156 80.167111968994 80.2577578226724 80.3484036763509 79.8552470525107 79.1674896028308 78.4797321531508 77.791974703471 77.1042172537911 76.4164598041112 75.7287023544313 75.0847554418777 74.5722401407031 74.0597248395286
87.410565757752 83.4975227991748 79.5844798405969 75.6714368820197 71.7583939234424 67.8453509648645 67.0419633865356 67.2751276016235 67.5082918167114 67.7414560317993 67.9746202468872 68.2077844619751 68.440948677063 68.9432627995806 70.2530266443887 71.5627904891965 72.8725543340043 74.1823181788124 75.4920820236202 76.801845868428 78.1116097132361 78.7747753143307 79.2224081675208 79.6700410207109 80.117673873901 80.565306727091 81.0129395802812 81.4605724334712 81.7549878438311 81.5897509256996 81.4245140075681 81.2592770894367 81.0940401713052 80.9288032531737 80.7635663350423 80.5983294169108 80.0001184463502 79.2575827916465 78.5150471369426 77.7725114822389 77.0299758275352 76.2874401728313 75.5449045181276 74.7578957557681 73.8374676704409 72.9170395851139
88.084800402324 84.063209639656 80.0416188769874 76.0200281143195 71.9984373516515 67.9768465889829 67.1238668441772 67.3270907719929 67.5303146998087 67.7335386276245 67.9367625554402 68.139986483256 68.3432104110718 68.8792367087467 70.4136701160005 71.9481035232541 73.4825369305076 75.0169703377615 76.551403745015 78.0858371522686 79.6202705595225 80.3936283111569 80.9132941775848 81.4329600440128 81.9526259104407 82.4722917768686 82.9919576432966 83.5116235097246 83.7960929870603 83.3749732971189 82.9538536071776 82.5327339172362 82.1116142272948 81.6904945373535 81.2693748474121 80.8482551574707 80.1449898401897 79.3476759804621 78.5503621207344 77.7530482610068 76.9557344012792 76.1584205415515 75.3611066818239 74.4310360696584 73.1026952001786 71.774354330699
91.4190190633138 87.5083567301434 83.5976943969723 79.687032063802 75.7763697306316 71.8657073974605 70.7453868230176 70.5551801681512 70.3649735132847 70.1747668584183 69.9845602035518 69.7943535486853 69.6041468938189 69.839800135294 71.3530330657955 72.8662659962968 74.379498926798 75.8927318572995 77.4059647878008 78.919197718302 80.4324306488035 81.2550404230753 81.8474424786036 82.4398445341321 83.0322465896605 83.6246486451889 84.2170507007174 84.8094527562458 85.1112875832452 84.5414207246568 83.9715538660685 83.4016870074803 82.8318201488919 82.2619532903036 81.6920864317153 81.1222195731269 80.402331797282 79.6324370490181 78.8625423007541 78.0926475524903 77.3227528042264 76.5528580559624 75.7829633076986 74.8038844320511 73.197253174252 71.5906219164532
97.4132217407222 93.8329640706377 90.2527064005527 86.6724487304682 83.0921910603837 79.5119333902986 77.906523323058 76.9593957900992 76.0122682571402 75.0651407241814 74.1180131912226 73.1708856582637 72.2237581253049 71.824953079223 73.071115493774 74.3172779083247 75.5634403228755 76.8096027374265 78.0557651519772 79.301927566528 80.548089981079 81.3590116500853 82.0248530705768 82.6906944910684 83.3565359115599 84.0223773320514 84.688218752543 85.3540601730345 85.7005716323853 85.089093208313 84.4776147842407 83.8661363601685 83.2546579360962 82.643179512024 82.0317010879517 81.4202226638794 80.772144317627 80.1118659973145 79.4515876770019 78.7913093566895 78.131031036377 77.4707527160644 76.8104743957519 75.8764408429466 74.1211415926616 72.3658423423769
103.407424418131 100.157571411133 96.9077184041335 93.657865397135 90.4080123901364 87.1581593831373 85.067659823099 83.3636114120478 81.6595630009963 79.9555145899451 78.2514661788938 76.5474177678423 74.8433693567911 73.8101060231522 74.7891979217526 75.7682898203528 76.7473817189531 77.7264736175535 78.7055655161537 79.684657414754 80.6637493133544 81.4629828770954 82.20226366255 82.9415444480047 83.6808252334593 84.4201060189139 85.1593868043686 85.8986675898232 86.2898556815254 85.6367656919691 84.983675702413 84.3305857128568 83.6774957233005 83.0244057337444 82.3713157441882 81.7182257546319 81.1419568379721 80.591294945611 80.0406330532498 79.4899711608887 78.9393092685276 78.3886473761664 77.8379854838053 76.9489972538421 75.0450300110712 73.1410627683006
109.40162709554 106.482178751628 103.562730407714 100.643282063802 97.7238337198892 94.804385375976 92.2287963231401 89.7678270339964 87.3068577448523 84.8458884557087 82.384919166565 79.923949877421 77.4629805882773 75.7952589670813 76.5072803497312 77.2193017323809 77.9313231150306 78.6433444976805 79.3553658803302 80.06738726298 80.7794086456298 81.5669541041055 82.3796742545232 83.192394404941 84.0051145553587 84.8178347057764 85.6305548561942 86.4432750066119 86.8791397306655 86.1844381756253 85.4897366205852 84.7950350655451 84.1003335105049 83.4056319554648 82.7109304004247 82.0162288453844 81.5117693583171 81.0707238939074 80.6296784294976 80.1886329650879 79.7475875006782 79.3065420362684 78.8654965718587 78.0215536647376 75.9689184294808 73.9162831942243
