data/working_set_collections/6091692-Cassins_Sparrow-MC/1980/bio14.asc
NCOLS 265 
NROWS 230 
XLLCORNER -115.5625 
YLLCORNER 24.8333333333333 
CELLSIZE 0.0833333333333333 
NODATA_value -9999 
[rows 100 to 119 of 230, columns 138 to 183 of 265]
9.87111214001984 9.50741324424749 9.1437143484752 8.78001545270292 8.72955284118648 8.78350232442215 8.83745180765782 8.8914012908935 8.94535077412917 8.99930025736484 9.05324974060052 9.16626322269427 9.45646870136247 9.74667418003071 10.0368796586989 10.3270851373671 10.6172906160353 10.9074960947035 11.1977015733717 11.6462807655333 12.1476511955259 12.6490216255186 13.1503920555113 13.651762485504 14.1531329154966 14.6545033454894 15.0343593358993 15.0496720075607 15.0649846792221 15.0802973508834 15.0956100225448 15.1109226942062 15.1262353658676 15.141548037529 15.0698746442795 14.9692058960597 14.8685371478399 14.7678683996201 14.6671996514003 14.5665309031805 14.4658621549606 14.4460421482721 14.6687683661778 14.8914945840835 15.1142208019892 15.3369470198948
9.86684339841216 9.55347956021632 9.24011572202052 8.92675188382473 8.90807189941402 8.98761986626514 9.06716783311626 9.1467157999674 9.22626376681852 9.30581173366964 9.38535970052077 9.51936430136351 9.81673880418128 10.1141133069991 10.4114878098169 10.7088623126346 11.0062368154525 11.3036113182702 11.600985821088 12.0367095629373 12.518549717797 13.0003898726567 13.4822300275166 13.9640701823763 14.445910337236 14.9277504920958 15.2874082485834 15.2805188099543 15.2736293713251 15.266739932696 15.2598504940669 15.2529610554377 15.2460716168086 15.2391821781794 15.1513182560603 15.0364628394445 14.9216074228287 14.8067520062129 14.6918965895971 14.5770411729813 14.4621857563655 14.4349013725916 14.6703300873438 14.905758802096 15.1411875168482 15.3766162316004
9.86944948037473 9.60796275933587 9.34647603829706 9.08498931725825 9.09348724683122 9.19198005994156 9.29047287305191 9.38896568616227 9.48745849927261 9.58595131238296 9.68444412549332 9.83257049189664 10.129597518179 10.4266245444615 10.7236515707439 11.0206785970263 11.3177056233087 11.6147326495911 11.9117596758735 12.3280992905298 12.7842097679773 13.2403202454248 13.6964307228723 14.1525412003198 14.6086516777673 15.0647621552149 15.4045923948288 15.3955819209417 15.3865714470545 15.3775609731674 15.3685504992803 15.3595400253932 15.350529551506 15.3415190776189 15.2529303073883 15.1378154383765 15.0227005693648 14.907585700353 14.7924708313412 14.6773559623295 14.5622410933177 14.5390824053022 14.7917922602758 15.0445021152496 15.2972119702232 15.5499218251969
9.87893038590755 9.67086284160617 9.46279529730482 9.25472775300347 9.28579888343806 9.3965829054514 9.50736692746473 9.61815094947809 9.72893497149143 9.83971899350477 9.95050301551812 10.1058817942936 10.3950448433557 10.6842078924178 10.9733709414799 11.262533990542 11.5516970396041 11.8408600886662 12.1300231377283 12.5204499483107 12.9446313460667 13.3688127438226 13.7929941415786 14.2171755393345 14.6413569370904 15.0655383348464 15.3859117746353 15.3948613405228 15.4038109064102 15.4127604722977 15.4217100381851 15.4306596040726 15.43960916996 15.4485587358475 15.3747107982635 15.2732636928558 15.1718165874481 15.0703694820404 14.9689223766327 14.867475271225 14.7660281658172 14.7585852464039 15.033154884974 15.3077245235442 15.5822941621143 15.8568638006845
9.88841129144037 9.73376292387646 9.57911455631258 9.4244661887487 9.47811052004491 9.60118575096125 9.72426098187758 9.84733621279393 9.97041144371026 10.0934866746266 10.216561905543 10.3791930966906 10.6604921685324 10.9417912403742 11.2230903122159 11.5043893840577 11.7856884558995 12.0669875277412 12.348286599583 12.7128006060917 13.1050529241561 13.4973052422204 13.8895575602849 14.2818098783492 14.6740621964136 15.066314514478 15.3672311544418 15.3941407601039 15.4210503657659 15.4479599714279 15.4748695770899 15.501779182752 15.528688788414 15.555598394076 15.4964912891388 15.4087119473351 15.3209326055315 15.2331532637278 15.1453739219242 15.0575945801205 14.9698152383168 14.9780880875057 15.2745175096723 15.5709469318389 15.8673763540055 16.1638057761721
9.89789219697319 9.79666300614676 9.69543381532034 9.59420462449393 9.67042215665177 9.8057885964711 9.94115503629042 10.0765214761098 10.2118879159291 10.3472543557484 10.4826207955678 10.6525043990876 10.925939493709 11.1993745883305 11.4728096829519 11.7462447775734 12.0196798721949 12.2931149668163 12.5665500614377 12.9051512638727 13.2654745022455 13.6257977406183 13.9861209789911 14.3464442173639 14.7067674557367 15.0670906941095 15.3485505342483 15.3934201796849 15.4382898251216 15.4831594705582 15.5280291159948 15.5728987614314 15.617768406868 15.6626380523046 15.618271780014 15.5441602018144 15.4700486236148 15.3959370454152 15.3218254672156 15.247713889016 15.1736023108164 15.1975909286074 15.5158801343705 15.8341693401336 16.1524585458966 16.4707477516597
9.90737310250601 9.85956308841705 9.81175307432809 9.76394306023914 9.86273379325861 10.0103914419809 10.1580490907032 10.3057067394256 10.4533643881479 10.6010220368702 10.7486796855926 10.9258157014846 11.1913868188857 11.4569579362868 11.7225290536879 11.9881001710891 12.2536712884902 12.5192424058913 12.7848135232924 13.0975019216537 13.4258960803349 13.7542902390161 14.0826843976974 14.4110785563786 14.7394727150598 15.0678668737411 15.3298699140549 15.392699599266 15.4555292844772 15.5183589696884 15.5811886548996 15.6440183401108 15.7068480253219 15.7696777105331 15.7400522708893 15.6796084562937 15.6191646416982 15.5587208271026 15.4982770125071 15.4378331979116 15.377389383316 15.4170937697092 15.7572427590687 16.0973917484282 16.4375407377878 16.7776897271473
9.91685400803884 9.92246317068735 9.92807233333586 9.93368149598437 10.0550454298655 10.2149942874908 10.3749431451161 10.5348920027414 10.6948408603667 10.8547897179921 11.0147385756174 11.1991270038816 11.4568341440624 11.7145412842432 11.972248424424 12.2299555646048 12.4876627047856 12.7453698449664 13.0030769851472 13.2898525794346 13.5863176584243 13.8827827374139 14.1792478164036 14.4757128953933 14.7721779743829 15.0686430533726 15.3111892938614 15.3919790188471 15.4727687438329 15.5535584688186 15.6343481938044 15.7151379187902 15.7959276437759 15.8767173687617 15.8618327617645 15.815056710773 15.7682806597816 15.7215046087901 15.6747285577986 15.6279525068071 15.5811764558156 15.6365966108109 15.9986053837669 16.3606141567229 16.7226229296789 17.0846317026349
9.89360338846842 9.92772026062012 9.96183713277181 9.9959540049235 10.127809826533 10.2922452979617 10.4566807693905 10.6211162408193 10.785551712248 10.9499871836768 11.1144226551056 11.2995512803395 11.5467593669891 11.7939674536387 12.0411755402882 12.2883836269378 12.5355917135874 12.782799800237 13.0300078868865 13.301779850324 13.5817397726906 13.8616996950573 14.141659617424 14.4216195397906 14.7015794621573 14.981539384524 15.2166617552439 15.3172714710235 15.4178811868032 15.5184909025828 15.6191006183624 15.719710334142 15.8203200499217 15.9209297657013 15.9341906388601 15.9183352311452 15.9024798234304 15.8866244157155 15.8707690080007 15.8549136002858 15.839058192571 15.9179331752988 16.2809993293549 16.6440654834111 17.0071316374672 17.3701977915233
9.83762124379476 9.87533435821533 9.9130474726359 9.95076058705647 10.0810269832611 10.2421444733937 10.4032619635264 10.564379453659 10.7254969437917 10.8866144339243 11.047731924057 11.2270885308583 11.4611624876658 11.6952364444732 11.9293104012807 12.1633843580881 12.3974583148956 12.6315322717031 12.8656062285105 13.1332837343216 13.4121624231338 13.6910411119461 13.9699198007583 14.2487984895706 14.5276771783828 14.8065558671951 15.0462872982025 15.1685769557953 15.2908666133881 15.4131562709808 15.5354459285736 15.6577355861664 15.7800252437591 15.9023149013519 15.9571259021759 15.9894440174103 16.0217621326446 16.054080247879 16.0863983631134 16.1187164783477 16.1510345935821 16.2611034631728 16.6044245958327 16.9477457284926 17.2910668611525 17.6343879938124
9.78163909912109 9.82294845581055 9.8642578125 9.90556716918945 10.0342441399892 10.1920436488257 10.3498431576622 10.5076426664988 10.6654421753353 10.8232416841719 10.9810411930084 11.1546257813771 11.3755656083424 11.5965054353078 11.8174452622731 12.0383850892384 12.2593249162038 12.4802647431691 12.7012045701344 12.9647876183192 13.242585073577 13.5203825288348 13.7981799840927 14.0759774393505 14.3537748946083 14.6315723498662 14.8759128411611 15.019882440567 15.1638520399729 15.3078216393788 15.4517912387848 15.5957608381907 15.7397304375966 15.8837000370025 15.9800611654917 16.0605528036753 16.1410444418589 16.2215360800425 16.3020277182261 16.3825193564096 16.4630109945932 16.6042737510468 16.9278498623105 17.2514259735742 17.5750020848379 17.8985781961016
9.72565695444742 9.77056255340576 9.81546815236409 9.86037375132242 9.98746129671731 10.1419428242577 10.2964243517981 10.4509058793386 10.605387406879 10.7598689344194 10.9143504619598 11.0821630318959 11.2899687290191 11.4977744261424 11.7055801232656 11.9133858203888 12.121191517512 12.3289972146352 12.5368029117584 12.7962915023168 13.0730077240202 13.3497239457236 13.626440167427 13.9031563891304 14.1798726108339 14.4565888325373 14.7055383841197 14.8711879253387 15.0368374665578 15.2024870077769 15.3681365489959 15.533786090215 15.6994356314341 15.8650851726532 16.0029964288076 16.1316615899404 16.2603267510732 16.388991912206 16.5176570733388 16.6463222344716 16.7749873956044 16.9474440389208 17.2512751287883 17.5551062186558 17.8589373085233 18.1627683983908
9.66967480977376 9.71817665100098 9.76667849222819 9.8151803334554 9.94067845344542 10.0918419996897 10.243005545934 10.3941690921783 10.5453326384226 10.6964961846669 10.8476597309112 11.0097002824147 11.2043718496958 11.3990434169769 11.593714984258 11.7883865515391 11.9830581188202 12.1777296861013 12.3724012533823 12.6277953863144 12.9034303744634 13.1790653626124 13.4547003507614 13.7303353389104 14.0059703270594 14.2816053152084 14.5351639270782 14.7224934101104 14.9098228931427 15.0971523761749 15.2844818592071 15.4718113422394 15.6591408252716 15.8464703083038 16.0259316921234 16.2027703762054 16.3796090602874 16.5564477443694 16.7332864284515 16.9101251125335 17.0869637966155 17.2906143267948 17.5747003952661 17.8587864637374 18.1428725322086 18.4269586006799
9.61369266510009 9.66579074859619 9.71788883209228 9.76998691558837 9.89389561017352 10.0417411751217 10.1895867400699 10.3374323050181 10.4852778699663 10.6331234349145 10.7809689998627 10.9372375329335 11.1187749703725 11.3003124078115 11.4818498452504 11.6633872826894 11.8449247201284 12.0264621575673 12.2079995950063 12.459299270312 12.7338530249065 13.0084067795011 13.2829605340957 13.5575142886903 13.8320680432849 14.1066217978795 14.3647894700368 14.5737988948822 14.7828083197276 14.9918177445729 15.2008271694183 15.4098365942637 15.618846019109 15.8278554439544 16.0488669554392 16.2738791624704 16.4988913695017 16.7239035765329 16.9489157835642 17.1739279905954 17.3989401976267 17.6337846146688 17.8981256617439 18.162466708819 18.426807755894 18.6911488029691
9.49258263905844 9.54017543792726 9.58776823679607 9.63536103566489 9.75496982733409 9.89858394993676 10.0421980725394 10.1858121951421 10.3294263177448 10.4730404403475 10.6166545629501 10.7683134608798 10.9441066847907 11.1198999087016 11.2956931326124 11.4714863565233 11.6472795804342 11.823072804345 11.9988660282559 12.2552421887715 12.5384793281555 12.8217164675394 13.1049536069234 13.3881907463073 13.6714278856913 13.9546650250752 14.2221881124708 14.4425690439012 14.6629499753316 14.883330906762 15.1037118381924 15.3240927696228 15.5444737010532 15.7648546324835 16.0197311004003 16.286106080479 16.5524810605578 16.8188560406367 17.0852310207154 17.3516060007942 17.617980980873 17.8863993803659 18.1609480381011 18.4354966958363 18.7100453535715 18.9845940113066
9.30634473164879 9.34133071899417 9.37631670633955 9.41130269368492 9.52390110492708 9.66237032413484 9.80083954334259 9.93930876255037 10.0777779817581 10.2162472009659 10.3547164201737 10.5029280662537 10.6803669929504 10.8578059196472 11.035244846344 11.2126837730408 11.3901226997376 11.5675616264343 11.7450005531311 12.0156241416931 12.3173092842102 12.6189944267272 12.9206795692444 13.2223647117614 13.5240498542785 13.8257349967956 14.1073598543803 14.3288038571675 14.5502478599548 14.7716918627421 14.9931358655293 15.2145798683166 15.4360238711039 15.6574678738912 15.9385241270065 16.2394511302312 16.5403781334558 16.8413051366805 17.1422321399052 17.4431591431299 17.7440861463546 18.048458623886 18.3631675243376 18.6778764247893 18.992585325241 19.3072942256926
9.12010682423912 9.14248600006106 9.164865175883 9.18724435170494 9.29283238252005 9.4261566983329 9.55948101414574 9.69280532995861 9.82612964577146 9.9594539615843 10.0927782773972 10.2375426716275 10.4166273011101 10.5957119305929 10.7747965600755 10.9538811895582 11.1329658190409 11.3120504485236 11.4911350780063 11.7760060946146 12.0961392402649 12.4162723859151 12.7364055315653 13.0565386772155 13.3766718228657 13.696804968516 13.9925315962897 14.2150386704338 14.437545744578 14.6600528187222 14.8825598928663 15.1050669670105 15.3275740411546 15.5500811152988 15.8573171536127 16.1927961799833 16.5282752063538 16.8637542327244 17.199233259095 17.5347122854656 17.8701913118362 18.2105178674061 18.5653870105742 18.9202561537424 19.2751252969105 19.6299944400786
8.93386891682944 8.94364128112795 8.95341364542645 8.96318600972496 9.06176366011302 9.18994307253096 9.31812248494889 9.44630189736685 9.57448130978478 9.70266072220272 9.83084013462068 9.97215727700126 10.1528876092699 10.3336179415385 10.5143482738071 10.6950786060757 10.8758089383443 11.0565392706129 11.2372696028815 11.5363880475362 11.8749691963195 12.2135503451029 12.5521314938863 12.8907126426696 13.229293791453 13.5678749402364 13.8777033381992 14.1012734837002 14.3248436292012 14.5484137747022 14.7719839202033 14.9955540657043 15.2191242112053 15.4426943567064 15.776110180219 16.1461412297354 16.5161722792518 16.8862033287683 17.2562343782848 17.6262654278012 17.9962964773177 18.3725771109262 18.7676064968108 19.1626358826954 19.55766526858 19.9526946544646
8.74763100941979 8.74479656219486 8.74196211496993 8.739127667745 8.83069493770601 8.95372944672904 9.07676395575206 9.19979846477511 9.32283297379813 9.44586748282116 9.5689019918442 9.70677188237508 9.8891479174296 10.0715239524841 10.2538999875387 10.4362760225932 10.6186520576477 10.8010280927022 10.9834041277567 11.2967700004577 11.6537991523742 12.0108283042907 12.3678574562072 12.7248866081237 13.0819157600402 13.4389449119567 13.7628750801086 13.9875082969665 14.2121415138244 14.4367747306823 14.6614079475402 14.8860411643982 15.1106743812561 15.335307598114 15.6949032068252 16.0994862794875 16.5040693521499 16.9086524248122 17.3132354974746 17.7178185701369 18.1224016427993 18.5346363544463 18.9698259830473 19.4050156116484 19.8402052402495 20.2753948688505
8.56139310201012 8.54595184326175 8.53051058451338 8.51506932576501 8.59962621529898 8.7175158209271 8.83540542655521 8.95329503218334 9.07118463781146 9.18907424343957 9.3069638490677 9.44138648774888 9.62540822558931 9.80942996342977 9.9934517012702 10.1774734391106 10.3614951769511 10.5455169147915 10.729538652632 11.0571519533793 11.4326291084289 11.8081062634785 12.1835834185282 12.5590605735778 12.9345377286274 13.3100148836771 13.6480468220181 13.8737431102328 14.0994393984476 14.3251356866624 14.5508319748772 14.776528263092 15.0022245513068 15.2279208395216 15.6136962334314 16.0528313292396 16.4919664250479 16.9311015208561 17.3702366166644 17.8093717124726 18.2485068082809 18.6966955979664 19.1720454692839 19.6473953406015 20.122745211919 20.5980950832365
