data/working_set_collections/6091692-Cassins_Sparrow-MC/1980/bio12.asc
NCOLS 265 
NROWS 230 
XLLCORNER -115.5625 
YLLCORNER 24.8333333333333 
CELLSIZE 0.0833333333333333 
NODATA_value -9999 
[rows 120 to 139 of 230, columns 184 to 229 of 265]
575.624626159666 581.289261711967 586.953897264267 595.052345275877 603.962064107257 612.871782938636 621.781501770017 630.691220601397 639.600939432777 648.510658264158 658.757826741533 673.017344156897 687.276861572263 701.536378987627 715.79589640299 730.055413818357 744.31493123372 758.574448649084 765.345790100097 769.62107289632 773.896355692544 778.171638488769 782.446921284992 786.722204081216 790.997486877441 797.626710001624 811.317754109697 825.008798217771 838.699842325843 852.390886433916 866.08193054199 879.772974650062 893.464018758134 907.89412790934 922.570592074921 937.247056240502 951.923520406085 966.599984571666 981.276448737247 995.95291290283 1009.88176456027 1021.5677786933 1033.25379282633 1044.93980695936 1056.62582109239 1068.31183522542
580.05412750244 585.696601867674 591.339076232908 599.378153991697 608.216099548337 617.054045104977 625.891990661619 634.729936218259 643.567881774899 652.405827331541 662.551576741533 676.620737711584 690.689898681638 704.759059651689 718.82822062174 732.897381591794 746.966542561845 761.035703531897 767.503886413573 771.438409932453 775.372933451333 779.307456970214 783.241980489094 787.176504007974 791.111027526855 797.383442179359 810.669530232744 823.955618286131 837.241706339515 850.5277943929 863.813882446287 877.099970499672 890.386058553057 904.683518981932 919.318103535967 933.952688090003 948.587272644041 963.221857198077 977.856441752112 992.49102630615 1006.33888905843 1017.82658640543 1029.31428375244 1040.80198109944 1052.28967844645 1063.77737579346
584.483628845213 590.103942023381 595.724255201549 603.703962707517 612.470134989418 621.236307271319 630.002479553221 638.768651835121 647.534824117022 656.300996398924 666.345326741533 680.224131266272 694.102935791013 707.981740315752 721.86054484049 735.739349365232 749.61815388997 763.496958414709 769.66198272705 773.255746968586 776.849511210123 780.44327545166 784.037039693196 787.630803934732 791.224568176269 797.140174357093 810.021306355791 822.90243835449 835.783570353187 848.664702351885 861.545834350584 874.426966349281 887.308098347979 901.472910054523 916.065614997013 930.658319939504 945.251024881997 959.843729824487 974.436434766978 989.02913970947 1002.79601355658 1014.08539411756 1025.37477467855 1036.66415523953 1047.95353580051 1059.24291636149
588.913130187987 594.511282179089 600.109434170191 608.029771423338 616.724170430499 625.41856943766 634.112968444822 642.807367451983 651.501766459144 660.196165466307 670.139076741533 683.827524820959 697.515972900388 711.204420979814 724.892869059241 738.581317138669 752.269765218096 765.958213297522 771.820079040526 775.073084004719 778.326088968912 781.579093933105 784.832098897297 788.08510386149 791.338108825683 796.896906534828 809.373082478838 821.84925842285 834.325434366859 846.801610310869 859.277786254881 871.753962198891 884.2301381429 898.262301127114 912.813126458059 927.363951789005 941.914777119952 956.465602450898 971.016427781843 985.567253112791 999.25313805474 1010.3442018297 1021.43526560465 1032.52632937961 1043.61739315457 1054.70845692952
593.34263153076 598.918622334796 604.494613138832 612.355580139158 620.978205871579 629.600831604001 638.223457336424 646.846083068845 655.468708801266 664.091334533689 673.932826741533 687.430918375647 700.929010009763 714.427101643877 727.92519327799 741.423284912107 754.92137654622 768.419468180334 773.978175354003 776.890421040852 779.802666727701 782.71491241455 785.627158101399 788.539403788248 791.451649475097 796.653638712562 808.724858601885 820.796078491209 832.867298380531 844.938518269854 857.009738159178 869.0809580485 881.152177937823 895.051692199705 909.560637919105 924.069583638505 938.578529357908 953.087475077308 967.596420796709 982.105366516111 995.710262552895 1006.60300954183 1017.49575653076 1028.38850351969 1039.28125050862 1050.17399749756
597.772132873534 603.325962490504 608.879792107474 616.681388854978 625.23224131266 633.783093770342 642.333946228025 650.884798685707 659.435651143389 667.986503601072 677.726576741533 691.034311930334 704.342047119138 717.649782307939 730.95751749674 744.265252685544 757.572987874346 770.880723063147 776.13627166748 778.707758076985 781.27924448649 783.850730895996 786.422217305501 788.993703715006 791.565190124511 796.410370890297 808.076634724932 819.742898559568 831.409162394203 843.075426228838 854.741690063475 866.40795389811 878.074217732744 891.841083272296 906.308149380151 920.775215488006 935.242281595864 949.709347703719 964.176413811574 978.643479919432 992.167387051051 1002.86181725396 1013.55624745687 1024.25067765977 1034.94510786268 1045.63953806559
600.537491353352 606.14764828152 611.757805209688 619.535013834634 628.034573025172 636.534132215709 645.033691406248 653.533250596786 662.032809787324 670.532368977863 680.168435668942 693.21402486165 706.25961405436 719.305203247067 732.350792439775 745.396381632485 758.441970825193 771.4875600179 776.521547444661 778.885000949435 781.24845445421 783.611907958984 785.975361463758 788.338814968532 790.702268473307 795.269606696232 806.448599073619 817.627591451008 828.806583828394 839.985576205781 851.164568583169 862.343560960556 873.522553337942 887.046518961587 901.352142333982 915.657765706377 929.963389078774 944.269012451169 958.574635823564 972.880259195962 986.241702948675 996.770607842337 1007.299512736 1017.82841762966 1028.35732252333 1038.88622741699
601.638706970214 607.383679707843 613.128652445473 620.916455078123 629.385201009112 637.853946940102 646.322692871092 654.791438802081 663.26018473307 671.728930664061 681.25840352376 693.970057169593 706.681710815427 719.39336446126 732.105018107093 744.816671752928 757.52832539876 770.239979044593 775.134002685547 777.422149658203 779.710296630859 781.998443603516 784.286590576172 786.574737548828 788.862884521484 793.231346130369 803.840751647947 814.450157165526 825.059562683104 835.668968200681 846.278373718261 856.887779235838 867.497184753416 880.667999267577 894.692616780597 908.717234293617 922.741851806639 936.76646931966 950.79108683268 964.815704345702 977.933210245767 988.329381306965 998.725552368164 1009.12172342936 1019.51789449056 1029.91406555176
602.739922587076 608.619711134167 614.499499681259 622.297896321613 630.735828993053 639.173761664494 647.611694335936 656.049627007376 664.487559678817 672.925492350259 682.348371378578 694.726089477535 707.103807576495 719.481525675453 731.85924377441 744.23696187337 756.614679972328 768.992398071286 773.746457926432 775.95929836697 778.172138807508 780.384979248047 782.597819688585 784.810660129123 787.023500569661 791.193085564505 801.232904222274 811.272722880044 821.312541537813 831.352360195581 841.392178853352 851.43199751112 861.471816168889 874.289479573566 888.033091227211 901.776702880856 915.520314534504 929.263926188149 943.007537841794 956.751149495441 969.624717542859 979.888154771591 990.151592000325 1000.41502922906 1010.67846645779 1020.94190368652
603.841138203938 609.855742560491 615.870346917045 623.679337565103 632.086456976994 640.493576388886 648.90069580078 657.307815212672 665.714934624563 674.122054036457 683.438339233395 695.482121785478 707.525904337563 719.569686889646 731.613469441728 743.657251993813 755.701034545896 767.744817097979 772.358913167317 774.496447075738 776.633980984158 778.771514892578 780.909048800998 783.046582709418 785.184116617838 789.154824998642 798.625056796601 808.095288594563 817.565520392522 827.035752190482 836.505983988443 845.976215786402 855.446447584362 867.910959879556 881.373565673826 894.836171468096 908.298777262368 921.761383056639 935.223988850908 948.686594645181 961.316224839951 971.446928236218 981.577631632486 991.708335028753 1001.83903842502 1011.96974182129
604.9423538208 611.091773986815 617.24119415283 625.060778808592 633.437084960935 641.813391113279 650.189697265623 658.566003417967 666.94230957031 675.318615722655 684.528307088213 696.238154093421 707.948001098631 719.657848103838 731.367695109046 743.077542114256 754.787389119464 766.497236124671 770.971368408203 773.033595784505 775.095823160807 777.158050537109 779.220277913411 781.282505289713 783.344732666016 787.116564432778 796.017209370929 804.917854309081 813.818499247232 822.719144185382 831.619789123534 840.520434061685 849.421078999836 861.532440185546 874.714040120441 887.895640055336 901.077239990233 914.258839925129 927.440439860024 940.622039794921 953.007732137043 963.005701700845 973.003671264648 983.00164082845 992.999610392251 1002.99757995605
606.043569437661 612.327805413139 618.612041388616 626.442220052082 634.787712944876 643.133205837671 651.478698730467 659.824191623262 668.169684516057 676.515177408853 685.618274943031 696.994186401364 708.370097859698 719.746009318031 731.121920776364 742.497832234699 753.873743693031 765.249655151364 769.583823649088 771.570744493272 773.557665337456 775.54458618164 777.531507025824 779.518427870009 781.505348714193 785.078303866915 793.409361945256 801.740420023599 810.071478101941 818.402536180283 826.733594258626 835.064652336967 843.395710415309 855.153920491535 868.054514567055 880.955108642576 893.855702718098 906.756296793618 919.656890869138 932.55748494466 944.699239434135 954.564475165471 964.429710896809 974.294946628146 984.160182359482 994.02541809082
605.842286173502 612.324698554144 618.807110934786 626.616777038573 634.868861050074 643.120945061576 651.373029073078 659.625113084579 667.877197096081 676.129281107583 685.070888434514 696.081065707734 707.091242980955 718.101420254175 729.111597527395 740.121774800617 751.131952073837 762.142129347057 766.27761332194 768.121532864041 769.965452406142 771.809371948243 773.653291490343 775.497211032444 777.341130574545 780.71665734185 788.687005784775 796.657354227701 804.627702670626 812.598051113551 820.568399556477 828.538747999402 836.509096442327 847.994478352863 860.651538085936 873.308597819008 885.965657552082 898.622717285155 911.279777018227 923.936836751301 935.908230590819 945.822626749673 955.737022908528 965.651419067382 975.565815226235 985.48021138509
604.338504028319 611.08245340983 617.826402791339 625.584449768065 633.680529276528 641.776608784991 649.872688293456 657.968767801919 666.064847310382 674.160926818847 682.886147562661 693.49879201253 704.111436462401 714.72408091227 725.33672536214 735.949369812011 746.56201426188 757.174658711749 761.052737426759 762.68596089681 764.319184366862 765.952407836915 767.585631306967 769.218854777019 770.852078247071 774.031624857584 781.850140889485 789.668656921387 797.487172953287 805.305688985188 813.12420501709 820.94272104899 828.761237080891 840.05411376953 852.505110677082 864.956107584633 877.407104492187 889.858101399738 902.30909830729 914.760095214843 926.634705607096 936.780156453449 946.925607299804 957.071058146158 967.216508992512 977.361959838867
602.834721883137 609.840208265515 616.845694647893 624.552122497557 632.492197502982 640.432272508407 648.372347513833 656.312422519258 664.252497524683 672.19257253011 680.701406690807 690.916518317326 701.131629943846 711.346741570365 721.561853196883 731.776964823404 741.992076449922 752.207188076441 755.827861531576 757.25038892958 758.672916327583 760.095443725587 761.51797112359 762.940498521593 764.363025919597 767.346592373317 775.013275994194 782.679959615071 790.346643235948 798.013326856824 805.680010477702 813.346694098578 821.013377719454 832.113749186197 844.358683268228 856.603617350258 868.848551432291 881.093485514321 893.338419596352 905.583353678385 917.361180623371 927.737686157225 938.11419169108 948.490697224934 958.867202758787 969.243708292643
601.330939737955 608.597963121201 615.864986504447 623.51979522705 631.303865729436 639.087936231823 646.872006734211 654.656077236598 662.440147738984 670.224218241373 678.516665818954 688.334244622122 698.151823425292 707.96940222846 717.786981031627 727.604559834797 737.422138637965 747.239717441133 750.602985636394 751.814816962348 753.026648288303 754.238479614258 755.450310940213 756.662142266168 757.873973592123 760.661559889051 768.176411098903 775.691262308756 783.206113518608 790.72096472846 798.235815938313 805.750667148165 813.265518358018 824.173384602863 836.212255859373 848.251127115883 860.289998372395 872.328869628904 884.367740885414 896.406612141926 908.087655639647 918.695215861001 929.302776082356 939.91033630371 950.517896525063 961.125456746418
599.827157592772 607.355717976886 614.884278361001 622.487467956542 630.11553395589 637.743599955239 645.371665954589 652.999731953937 660.627797953286 668.255863952636 676.331924947101 685.751970926918 695.172016906737 704.592062886554 714.012108866372 723.43215484619 732.852200826008 742.272246805825 745.378109741212 746.379244995118 747.380380249024 748.38151550293 749.382650756837 750.383786010743 751.384921264649 753.976527404785 761.339546203612 768.702565002441 776.065583801269 783.428602600097 790.791621398926 798.154640197753 805.517658996581 816.233020019531 828.06582845052 839.898636881509 851.731445312499 863.564253743488 875.397062174477 887.229870605468 898.814130655924 909.652745564777 920.491360473632 931.329975382486 942.16859029134 953.007205200195
598.32337544759 606.113472832572 613.903570217554 621.455140686034 628.927202182344 636.399263678655 643.871325174966 651.343386671277 658.815448167587 666.287509663899 674.147184075248 683.169697231714 692.192210388183 701.214723544649 710.237236701116 719.259749857584 728.28226301405 737.304776170517 740.153233846029 740.943673027887 741.734112209744 742.524551391602 743.31499057346 744.105429755317 744.895868937175 747.291494920518 754.502681308321 761.713867696126 768.92505408393 776.136240471733 783.347426859538 790.558613247341 797.769799635145 808.292655436197 819.919401041665 831.546146647133 843.172892252603 854.799637858071 866.42638346354 878.05312906901 889.540605672199 900.610275268553 911.679944864908 922.749614461262 933.819284057615 944.888953653971
596.966908264159 605.077759636771 613.188611009384 620.687606811522 627.982650756834 635.277694702147 642.57273864746 649.867782592772 657.162826538084 664.457870483397 672.075080193412 680.658787197535 689.242494201659 697.826201205782 706.409908209905 714.993615214029 723.577322218152 732.161029222275 734.793562316895 735.442370775011 736.091179233128 736.739987691244 737.38879614936 738.037604607477 738.686413065593 740.958385043673 748.09984758165 755.241310119628 762.382772657605 769.524235195582 776.665697733561 783.807160271538 790.948622809515 801.412167867023 812.983073764375 824.553979661727 836.124885559081 847.695791456433 859.266697353784 870.837603251138 882.362640211315 893.750070359969 905.137500508625 916.524930657279 927.912360805932 939.299790954588
595.757756042479 604.248578389484 612.739400736489 620.184866333007 627.28187967936 634.378893025714 641.475906372069 648.572919718423 655.669933064777 662.766946411132 670.115613301594 678.21924082438 686.322868347167 694.426495869953 702.530123392739 710.633750915527 718.737378438313 726.841005961099 729.299095153809 729.875338236492 730.451581319174 731.027824401856 731.604067484539 732.180310567221 732.756553649903 734.977197774251 742.131045023599 749.284892272949 756.438739522298 763.592586771646 770.746434020996 777.900281270345 785.054128519693 795.591557312011 807.256846618651 818.922135925291 830.587425231933 842.252714538572 853.918003845213 865.583293151854 877.280234273273 889.072130839028 900.864027404784 912.655923970538 924.447820536293 936.239717102049
