data/working_set_collections/6091692-Cassins_Sparrow-MC/1980/bio12.asc
NCOLS 265 
NROWS 230 
XLLCORNER -115.5625 
YLLCORNER 24.8333333333333 
CELLSIZE 0.0833333333333333 
NODATA_value -9999 
[rows 120 to 139 of 230, columns 0 to 45 of 265]
193.214229583741 188.10941289266 183.00459620158 177.899779510499 172.794962819418 167.690146128338 162.585329437257 166.142826843261 172.587762281629 179.032697719998 185.477633158365 191.922568596733 198.367504035102 204.81243947347 211.145717281765 217.144022199843 223.14232711792 229.140632035997 235.138936954074 241.137241872151 247.135546790228 253.133851708306 257.987744394938 262.460166337755 266.932588280572 271.405010223389 275.877432166206 280.349854109023 284.82227605184 291.822133721244 306.404298570421 320.986463419595 335.56862826877 350.150793117947 364.732957967122 379.315122816296 393.897287665474 408.343251800537 422.743815697563 437.144379594591 451.544943491618 465.945507388644 480.346071285672 494.746635182698 508.737660386827 521.500069512262
193.259962717693 187.588452911378 181.916943105063 176.245433298748 170.573923492433 164.902413686118 159.230903879803 162.498536682128 168.745883687336 174.993230692546 181.240577697754 187.487924702962 193.735271708171 199.982618713379 206.056535593668 211.610162099203 217.163788604736 222.71741511027 228.271041615805 233.824668121338 239.378294626872 244.931921132406 249.467359161378 253.663401031495 257.859442901612 262.055484771729 266.251526641846 270.447568511964 274.643610382081 281.174299112954 294.708928426107 308.243557739258 321.778187052408 335.312816365561 348.847445678711 362.382074991862 375.916704305015 389.954096221925 404.159075673421 418.36405512492 432.569034576417 446.774014027913 460.978993479413 475.183972930909 489.325957234701 503.278956095379
193.305695851645 187.067492930096 180.829290008546 174.591087086996 168.352884165447 162.114681243898 155.876478322348 158.854246520996 164.904005093044 170.953763665093 177.003522237142 183.05328080919 189.103039381239 195.152797953287 200.967353905571 206.076301998562 211.185250091553 216.294198184543 221.403146277534 226.512094370524 231.621042463514 236.729990556506 240.946973927816 244.866635725234 248.786297522652 252.705959320069 256.625621117486 260.545282914904 264.464944712322 270.526464504665 283.013558281793 295.500652058919 307.987745836045 320.474839613173 332.9619333903 345.449027167426 357.936120944554 371.564940643311 385.574335649278 399.583730655247 413.593125661215 427.602520667182 441.611915673151 455.621310679118 469.914254082573 485.057842678495
193.351428985596 186.546532948813 179.74163691203 172.936740875245 166.131844838462 159.326948801678 152.522052764894 155.209956359863 161.062126498751 166.914296637641 172.766466776529 178.618636915418 184.470807054308 190.322977193196 195.878172217475 200.542441897922 205.206711578369 209.870981258816 214.535250939263 219.19952061971 223.863790300157 228.528059980605 232.426588694255 236.069870418973 239.713152143691 243.356433868409 246.999715593126 250.642997317845 254.286279042562 259.878629896374 271.318188137478 282.75774637858 294.197304619682 305.636862860786 317.076421101888 328.51597934299 339.955537584094 353.175785064697 366.989595625135 380.803406185575 394.617216746012 408.43102730645 422.24483786689 436.058648427327 450.502550930446 466.83672926161
193.397162119548 186.025572967531 178.653983815513 171.282394663494 163.910805511476 156.539216359459 149.16762720744 151.56566619873 157.220247904459 162.874829610189 168.529411315918 174.183993021647 179.838574727376 185.493156433105 190.788990529378 195.008581797282 199.228173065186 203.447764333089 207.667355600994 211.886946868897 216.1065381368 220.326129404705 223.906203460694 227.273105112712 230.640006764731 234.006908416749 237.373810068767 240.740711720786 244.107613372804 249.230795288085 259.622817993165 270.014840698243 280.40686340332 290.7988861084 301.190908813478 311.582931518555 321.974954223635 334.786629486085 348.404855600993 362.023081715903 375.641307830811 389.25953394572 402.87776006063 416.495986175538 431.09084777832 448.615615844728
193.4428952535 185.504612986248 177.566330718996 169.628048451743 161.689766184491 153.751483917239 145.813201649985 147.921376037597 153.378369310166 158.835362582736 164.292355855306 169.749349127875 175.206342400445 180.663335673014 185.699808841281 189.474721696642 193.249634552002 197.024547407362 200.799460262723 204.574373118083 208.349285973443 212.124198828804 215.385818227133 218.476339806451 221.56686138577 224.657382965089 227.747904544407 230.838426123726 233.928947703045 238.582960679795 247.92744784885 257.271935017904 266.616422186957 275.960909356012 285.305396525066 294.649883694119 303.994370863174 316.397473907471 329.82011557685 343.24275724623 356.665398915609 370.088040584988 383.510682254369 396.933323923747 411.679144626192 430.394502427843
195.266846338908 186.640561040244 178.014275741579 169.387990442913 160.761705144248 152.135419845583 143.509134546917 145.267319997151 150.486995697021 155.706671396891 160.92634709676 166.14602279663 171.3656984965 176.58537419637 181.366243574354 184.830693986681 188.295144399007 191.759594811333 195.22404522366 198.688495635986 202.152946048312 205.617396460639 208.727741750081 211.720051998562 214.712362247043 217.704672495524 220.696982744005 223.689292992486 226.681603240967 231.120768356322 239.900498072306 248.680227788288 257.459957504271 266.239687220255 275.019416936238 283.79914665222 292.578876368204 304.697386423745 317.928823259139 331.160260094536 344.39169692993 357.623133765324 370.854570600721 384.086007436115 398.816693708628 418.045128292506
198.869015375774 189.433417129518 179.997818883262 170.562220637004 161.126622390749 151.691024144493 142.255425898235 143.603498077392 148.546127065022 153.488756052653 158.431385040283 163.374014027913 168.316643015544 173.259272003174 177.788294728597 181.076498667399 184.364702606201 187.652906545003 190.941110483806 194.229314422608 197.51751836141 200.805722300212 203.931974029541 207.004241689046 210.076509348552 213.148777008057 216.221044667562 219.293312327067 222.365579986572 226.844218317666 235.541968663533 244.239719009399 252.937469355264 261.635219701131 270.332970046996 279.030720392862 287.728470738729 299.686367034911 312.730978647866 325.775590260823 338.820201873778 351.864813486733 364.90942509969 377.954036712645 392.503495025631 411.56749343872
202.471184412639 192.226273218792 181.981362024945 171.736450831096 161.491539637249 151.246628443402 141.001717249554 141.939676157633 146.605258433023 151.270840708414 155.936422983805 160.602005259195 165.267587534586 169.933169809977 174.210345882839 177.322303348118 180.434260813395 183.546218278673 186.658175743951 189.770133209229 192.882090674506 195.994048139784 199.136206309001 202.28843137953 205.44065645006 208.592881520589 211.745106591119 214.897331661648 218.049556732178 222.567668279011 231.18343925476 239.799210230509 248.414981206257 257.030752182007 265.646523157755 274.262294133503 282.878065109253 294.675347646076 307.533134036592 320.39092042711 333.248706817626 346.106493208141 358.964279598659 371.822065989175 386.190296342634 405.089858584933
206.073353449504 195.019129308066 183.964905166628 172.910681025188 161.85645688375 150.802232742312 139.748008600872 140.275854237874 144.664389801025 149.052925364176 153.441460927327 157.829996490478 162.218532053629 166.60706761678 170.632397037082 173.568108028836 176.503819020589 179.439530012342 182.375241004096 185.31095199585 188.246662987603 191.182373979357 194.34043858846 197.572621070014 200.804803551568 204.036986033122 207.269168514675 210.50135099623 213.733533477783 218.291118240355 226.824909845987 235.358701451619 243.89249305725 252.426284662882 260.960076268513 269.493867874144 278.027659479777 289.664328257241 302.335289425318 315.006250593396 327.677211761473 340.34817292955 353.019134097628 365.690095265705 379.877097659637 398.612223731146
209.67552248637 197.81198539734 185.948448308311 174.08491121928 162.221374130251 150.357837041222 138.494299952191 138.612032318115 142.723521169026 146.835010019938 150.946498870849 155.057987721761 159.169476572673 163.280965423584 167.054448191325 169.813912709554 172.573377227783 175.332841746012 178.092306264242 180.851770782471 183.6112353007 186.37069981893 189.54467086792 192.856810760498 196.168950653077 199.481090545654 202.793230438232 206.105370330811 209.417510223389 214.0145682017 222.466380437215 230.918192672729 239.370004908243 247.821817143758 256.273629379272 264.725441614786 273.177253850301 284.653308868407 297.137444814044 309.621580759684 322.105716705321 334.589852650958 347.073988596598 359.558124542235 373.563898976641 392.134588877359
213.277691523235 200.604841486615 187.931991449994 175.259141413372 162.586291376752 149.913441340132 137.240591303509 136.948210398356 140.782652537027 144.6170946757 148.451536814371 152.285978953043 156.120421091716 159.954863230387 163.476499345567 166.059717390273 168.642935434977 171.226153479682 173.809371524387 176.392589569092 178.975807613797 181.559025658502 184.74890314738 188.141000450982 191.533097754585 194.925195058187 198.317292361789 201.709389665392 205.101486968994 209.738018163044 218.107851028442 226.477683893839 234.847516759235 243.217349624633 251.58718249003 259.957015355427 268.326848220825 279.642289479572 291.93960020277 304.23691092597 316.534221649169 328.831532372367 341.128843095567 353.426153818765 367.250700293644 385.656954023572
215.947881274754 202.686532974245 189.425184673736 176.163836373225 162.902488072715 149.641139772206 136.379791471695 135.796979904174 139.440347247653 143.083714591132 146.72708193461 150.370449278089 154.013816621568 157.657183965047 161.073597547743 163.80914984809 166.544702148437 169.280254448784 172.015806749132 174.751359049479 177.486911349826 180.222463650173 183.530122629801 187.028483835855 190.52684504191 194.025206247965 197.523567454019 201.021928660074 204.520289866129 209.295272911917 217.900121476914 226.504970041909 235.109818606904 243.7146671719 252.319515736896 260.924364301891 269.529212866887 280.978429412839 293.37576861911 305.773107825383 318.170447031654 330.567786237925 342.965125444198 355.362464650469 369.100692409934 386.86158582899
217.686091740927 204.057059860232 190.428027979536 176.798996098838 163.169964218142 149.540932337446 135.911900456748 135.158340835571 138.696605300903 142.234869766235 145.773134231567 149.311398696899 152.849663162231 156.387927627563 159.845742797851 163.062210083008 166.278677368164 169.49514465332 172.711611938476 175.928079223632 179.144546508788 182.361013793945 185.888329315185 189.519260915119 193.150192515054 196.781124114989 200.412055714924 204.042987314859 207.673918914794 212.686332448321 221.843191782632 231.000051116941 240.15691045125 249.313769785561 258.47062911987 267.62748845418 276.784347788491 288.661728668209 301.445950063065 314.230171457924 327.01439285278 339.798614247635 352.582835642494 365.36705703735 379.113875325515 395.748484293616
219.4243022071 205.427586746218 191.430871285336 177.434155824451 163.437440363568 149.440724902686 135.444009441801 134.519701766967 137.952863354152 141.386024941338 144.819186528523 148.252348115708 151.685509702894 155.118671290079 158.617888047959 162.315270317925 166.01265258789 169.710034857855 173.407417127821 177.104799397786 180.802181667751 184.499563937716 188.246536000569 192.010037994384 195.773539988199 199.537041982014 203.300543975829 207.064045969644 210.827547963459 216.077391984725 225.78626208835 235.495132191974 245.204002295597 254.912872399222 264.621742502846 274.330612606469 284.039482710094 296.345027923581 309.516131507022 322.687235090465 335.858338673906 349.029442257347 362.20054584079 375.371649424231 389.127058241097 404.635382758243
221.162512673273 206.798113632204 192.433714591135 178.069315550064 163.704916508995 149.340517467926 134.976118426854 133.881062698364 137.209121407402 140.537180116441 143.86523882548 147.193297534518 150.521356243557 153.849414952596 157.390033298068 161.568330552842 165.746627807617 169.92492506239 174.103222317165 178.281519571939 182.459816826713 186.638114081488 190.604742685953 194.500815073648 198.396887461344 202.292959849039 206.189032236734 210.08510462443 213.981177012125 219.468451521129 229.729332394068 239.990213267006 250.251094139944 260.511975012883 270.772855885821 281.033736758759 291.294617631698 304.028327178952 317.586312950978 331.144298723006 344.702284495032 358.260270267059 371.818256039087 385.376241811113 399.14024115668 413.522281222871
222.900723139446 208.168640518191 193.436557896935 178.704475275677 163.972392654421 149.240310033166 134.508227411908 133.24242362976 136.465379460652 139.688335291544 142.911291122436 146.134246953328 149.35720278422 152.580158615112 156.162178548176 160.82139078776 165.480603027343 170.139815266926 174.79902750651 179.458239746093 184.117451985676 188.77666422526 192.962949371337 196.991592152912 201.020234934488 205.048877716063 209.077520497639 213.106163279215 217.13480606079 222.859511057533 233.672402699787 244.485294342038 255.29818598429 266.111077626544 276.923969268796 287.736860911048 298.549752553302 311.711626434322 325.656494394934 339.601362355547 353.546230316158 367.491098276769 381.435966237383 395.380834197994 409.153424072261 422.409179687497
224.638933605619 209.539167404177 194.439401202735 179.33963500129 164.239868799848 149.140102598406 134.040336396961 132.603784561157 135.721637513902 138.839490466647 141.957343419392 145.075196372138 148.193049324883 151.310902277628 154.934323798285 160.074451022677 165.214578247069 170.354705471461 175.494832695854 180.634959920246 185.775087144638 190.915214369031 195.321156056721 199.482369232176 203.643582407633 207.804795583088 211.966008758544 216.127221934 220.288435109455 226.250570593937 237.615473005505 248.980375417071 260.345277828637 271.710180240205 283.075082651771 294.439985063337 305.804887474905 319.394925689694 333.72667583889 348.058425988089 362.390176137285 376.721926286481 391.05367643568 405.385426584876 419.166606987843 431.296078152124
224.722103542754 209.5936706543 194.465237765846 179.336804877389 164.208371988935 149.079939100481 133.951506212024 132.323016738891 135.194508404201 138.066000069512 140.937491734822 143.808983400132 146.680475065443 149.551966730753 153.029396184285 158.324639002482 163.619881820678 168.915124638874 174.210367457072 179.505610275268 184.800853093464 190.096095911662 194.994534174601 199.760704252454 204.526874330308 209.293044408162 214.059214486015 218.825384563869 223.591554641722 230.176990551415 242.220223956636 254.263457361854 266.306690767073 278.349924172293 290.393157577512 302.43639098273 314.479624387951 328.45343195597 343.070764244923 357.688096533878 372.305428822832 386.922761111785 401.54009340074 416.157425689693 429.838670179575 440.711651272242
223.150232950848 208.332150268557 193.514067586267 178.695984903973 163.877902221682 149.059819539391 134.241736857098 132.400120162963 134.883992131551 137.367864100138 139.851736068725 142.335608037313 144.8194800059 147.303351974487 150.447395706176 155.571954727173 160.696513748169 165.821072769164 170.945631790161 176.070190811157 181.194749832153 186.319308853149 191.983083724975 197.826597213744 203.670110702514 209.513624191283 215.357137680052 221.200651168822 227.044164657591 234.638770929969 247.48665555318 260.334540176388 273.182424799597 286.030309422808 298.878194046017 311.726078669226 324.573963292437 338.88714523315 353.688759613032 368.490373992916 383.291988372798 398.09360275268 412.895217132565 427.696831512447 441.169613647457 450.655899047849
