data/working_set_collections/6091692-Cassins_Sparrow-MC/1980/bio18.asc
NCOLS 265 
NROWS 230 
XLLCORNER -115.5625 
YLLCORNER 24.8333333333333 
CELLSIZE 0.0833333333333333 
NODATA_value -9999 
[rows 140 to 159 of 230, columns 92 to 137 of 265]
126.296505864462 123.515748723349 120.734991582235 117.954234441122 115.173477300009 113.692506281535 112.644797303942 111.597088326349 110.549379348755 109.501670371162 108.453961393569 107.406252415975 107.306642129686 110.051327917311 112.796013704936 115.54069949256 118.285385280185 121.03007106781 123.774756855435 126.51944264306 129.245949808757 131.966397433811 134.686845058865 137.407292683919 140.127740308974 142.848187934028 145.568635559082 147.671080123054 147.919515503778 148.167950884502 148.416386265226 148.664821645949 148.913257026673 149.161692407397 149.41012778812 148.940983581544 148.2326461792 147.524308776856 146.815971374512 146.107633972169 145.399296569825 144.690959167481 143.804335021973 142.382850646973 140.961366271973 139.539881896973
123.917126337688 121.197529474895 118.477932612102 115.758335749309 113.038738886516 111.625311406454 110.647273720636 109.669236034818 108.691198348999 107.713160663181 106.735122977363 105.757085291545 105.657173432244 108.191639052497 110.72610467275 113.260570293002 115.795035913255 118.329501533508 120.863967153761 123.398432774014 125.81588490804 128.194332546658 130.572780185276 132.951227823893 135.329675462511 137.708123101129 140.086570739746 141.959811041091 142.317429330614 142.675047620138 143.032665909662 143.390284199185 143.747902488709 144.105520778233 144.463139067756 144.225163269044 143.788656107585 143.352148946127 142.915641784668 142.47913462321 142.042627461752 141.606120300293 140.950864156088 139.63936106364 138.327857971192 137.016354878744
121.537746810914 118.879310226441 116.220873641969 113.562437057496 110.904000473023 109.558116531373 108.64975013733 107.741383743287 106.833017349244 105.924650955201 105.016284561158 104.107918167115 104.007704734802 106.331950187683 108.656195640564 110.980441093445 113.304686546326 115.628931999207 117.953177452087 120.277422904969 122.385820007324 124.422267659505 126.458715311687 128.495162963868 130.531610616049 132.56805826823 134.604505920411 136.248541959128 136.715343157451 137.182144355775 137.648945554098 138.115746752422 138.582547950745 139.049349149069 139.516150347393 139.509342956544 139.344666035971 139.179989115398 139.015312194825 138.850635274252 138.685958353679 138.521281433106 138.097393290203 136.895871480307 135.694349670411 134.492827860515
119.15836728414 116.561090977987 113.963814671835 111.366538365683 108.76926205953 107.490921656291 106.652226554023 105.813531451755 104.974836349488 104.13614124722 103.297446144952 102.458751042684 102.35823603736 104.472261322869 106.586286608378 108.700311893887 110.814337179396 112.928362464905 115.042387750414 117.156413035923 118.955755106608 120.650202772353 122.344650438097 124.039098103842 125.733545769586 127.42799343533 129.122441101075 130.537272877164 131.113256984287 131.689241091411 132.265225198534 132.841209305658 133.417193412781 133.993177519905 134.569161627028 134.793522644044 134.900675964356 135.007829284669 135.114982604981 135.222135925293 135.329289245606 135.436442565918 135.243922424317 134.152381896973 133.060841369629 131.969300842286
118.372505357531 115.775189548069 113.177873738607 110.580557929145 107.983242119683 106.715519142151 105.890993775262 105.066468408373 104.241943041484 103.417417674595 102.592892307705 101.768366940816 101.624594836764 103.523082521226 105.421570205688 107.32005789015 109.218545574612 111.117033259074 113.015520943535 114.914008627997 116.512779744466 118.01164533827 119.510510932075 121.009376525879 122.508242119683 124.007107713487 125.505973307292 126.801553810967 127.487279044257 128.173004277547 128.858729510837 129.544454744127 130.230179977417 130.915905210707 131.601630443997 131.979812177022 132.25547940996 132.531146642897 132.806813875834 133.082481108771 133.358148341709 133.633815574646 133.587658712599 132.5760295656 131.5644004186 130.5527712716
119.180161031088 116.521605936686 113.863050842285 111.204495747885 108.545940653483 107.231908988953 106.366051801046 105.500194613139 104.634337425232 103.768480237325 102.902623049418 102.036765861511 101.806781133016 103.484413782755 105.162046432495 106.839679082234 108.517311731974 110.194944381714 111.872577031453 113.550209681193 115.056893920898 116.506595357259 117.95629679362 119.40599822998 120.855699666341 122.305401102702 123.755102539063 125.041384760539 125.837409337362 126.633433914185 127.429458491008 128.22548306783 129.021507644653 129.817532221476 130.613556798299 131.068211555481 131.409076372782 131.749941190084 132.090806007385 132.431670824687 132.772535641988 133.11340045929 133.12860215505 132.166814486186 131.205026817322 130.243239148458
119.987816704645 117.268022325304 114.548227945964 111.828433566624 109.108639187283 107.748298835754 106.84110982683 105.933920817905 105.02673180898 104.119542800056 103.212353791131 102.305164782206 101.988967429267 103.445745044284 104.902522659302 106.359300274319 107.816077889336 109.272855504354 110.729633119371 112.186410734389 113.601008097331 115.001545376248 116.402082655165 117.802619934082 119.203157212999 120.603694491916 122.004231770833 123.28121571011 124.187539630466 125.093863550822 126.000187471178 126.906511391534 127.81283531189 128.719159232246 129.625483152601 130.15661093394 130.562673335605 130.968735737271 131.374798138936 131.780860540602 132.186922942267 132.592985343933 132.669545597501 131.757599406772 130.845653216044 129.933707025316
120.795472378201 118.014438713922 115.233405049642 112.452371385363 109.671337721083 108.264688682556 107.316167852614 106.367647022671 105.419126192729 104.470605362786 103.522084532844 102.573563702901 102.171153725518 103.407076305813 104.642998886108 105.878921466403 107.114844046699 108.350766626994 109.586689207289 110.822611787584 112.145122273763 113.496495395236 114.84786851671 116.199241638184 117.550614759657 118.901987881131 120.253361002604 121.521046659682 122.53766992357 123.554293187459 124.570916451348 125.587539715237 126.604162979126 127.620786243015 128.637409506904 129.245010312398 129.716270298428 130.187530284458 130.658790270487 131.130050256517 131.601310242547 132.072570228577 132.210489039951 131.348384327359 130.486279614767 129.624174902174
121.603128051758 118.760855102539 115.918582153321 113.076309204102 110.234036254883 108.781078529358 107.791225878398 106.801373227437 105.811520576477 104.821667925517 103.831815274557 102.841962623596 102.353340021769 103.368407567342 104.383475112915 105.398542658488 106.413610204061 107.428677749634 108.443745295207 109.45881284078 110.689236450195 111.991445414225 113.293654378255 114.595863342285 115.898072306315 117.200281270345 118.502490234375 119.760877609253 120.887800216675 122.014722824097 123.141645431519 124.26856803894 125.395490646362 126.522413253784 127.649335861206 128.333409690857 128.869867261251 129.406324831645 129.942782402039 130.479239972432 131.015697542826 131.55215511322 131.751432482402 130.939169247945 130.126906013489 129.314642779033
122.410783725315 119.507271491157 116.603759256999 113.700247022841 110.796734788683 109.29746837616 108.266283904182 107.235099432204 106.203914960226 105.172730488248 104.141546016269 103.110361544291 102.53552631802 103.329738828871 104.123951339722 104.918163850572 105.712376361423 106.506588872274 107.300801383124 108.095013893975 109.233350626628 110.486395433214 111.7394402398 112.992485046387 114.245529852973 115.49857465956 116.751619466146 118.000708558824 119.237930509779 120.475152460734 121.712374411689 122.949596362644 124.186818313599 125.424040264553 126.661262215508 127.421809069316 128.023464224074 128.625119378832 129.22677453359 129.828429688348 130.430084843106 131.031739997864 131.292375924852 130.529954168532 129.767532412211 129.005110655891
125.025492837694 122.045579422844 119.065666007995 116.085752593146 113.105839178297 111.520257631937 110.399453375074 109.278649118211 108.157844861348 107.037040604485 105.916236347622 104.795432090759 104.108838229708 104.724875556097 105.340912882486 105.956950208875 106.572987535264 107.189024861653 107.805062188042 108.421099514431 109.513217544555 110.764029142591 112.014840740627 113.265652338663 114.516463936699 115.767275534735 117.018087132771 118.281241332159 119.581423335604 120.88160533905 122.181787342495 123.48196934594 124.782151349385 126.08233335283 127.382515356275 128.187057177225 128.82638560401 129.465714030795 130.10504245758 130.744370884365 131.38369931115 132.023027737935 132.321939065721 131.59959909651 130.877259127299 130.154919158087
129.447255388896 126.375778897603 123.304302406311 120.232825915019 117.161349423726 115.449446296691 114.190734291076 112.932022285461 111.673310279846 110.414598274231 109.155886268615 107.897174263 107.073275756835 107.553817749023 108.03435974121 108.514901733398 108.995443725585 109.475985717773 109.95652770996 110.437069702148 111.528837203979 112.824346542358 114.119855880737 115.415365219116 116.710874557494 118.006383895873 119.301893234252 120.60247592926 121.918278694152 123.234081459045 124.549884223937 125.86568698883 127.181489753723 128.497292518615 129.813095283507 130.629154014587 131.278631401061 131.928108787536 132.577586174011 133.227063560485 133.87654094696 134.526018333435 134.840121905009 134.14810403188 133.456086158752 132.764068285624
133.869017940097 130.705978372362 127.542938804626 124.379899236891 121.216859669155 119.378634961446 117.982015207079 116.585395452711 115.188775698344 113.792155943976 112.395536189609 110.998916435241 110.037713283962 110.382759941948 110.727806599934 111.072853257921 111.417899915907 111.762946573893 112.107993231879 112.453039889865 113.544456863403 114.884663942125 116.224871020846 117.565078099568 118.90528517829 120.245492257012 121.585699335733 122.92371052636 124.2551340527 125.58655757904 126.91798110538 128.24940463172 129.58082815806 130.9122516844 132.24367521074 133.071250851949 133.730877198113 134.390503544277 135.050129890441 135.709756236606 136.36938258277 137.029008928934 137.358304744296 136.696608967251 136.034913190206 135.37321741316
138.290780491299 135.03617784712 131.781575202942 128.526972558763 125.272369914584 123.3078236262 121.77329612308 120.238768619961 118.704241116841 117.169713613722 115.635186110602 114.100658607483 113.002150811089 113.211702134874 113.421253458658 113.630804782443 113.840356106228 114.049907430013 114.259458753797 114.469010077582 115.560076522827 116.944981341891 118.329886160956 119.71479098002 121.099695799085 122.48460061815 123.869505437214 125.24494512346 126.591989411247 127.939033699035 129.286077986822 130.63312227461 131.980166562398 133.327210850185 134.674255137973 135.51334768931 136.183122995164 136.852898301018 137.522673606872 138.192448912726 138.86222421858 139.531999524434 139.876487583584 139.245113902621 138.613740221659 137.982366540697
142.712543042501 139.366377321879 136.020211601257 132.674045880636 129.327880160014 127.237012290954 125.564577039083 123.892141787211 122.219706535339 120.547271283467 118.874836031595 117.202400779724 115.966588338216 116.040644327799 116.114700317382 116.188756306966 116.262812296549 116.336868286132 116.410924275716 116.484980265299 117.57569618225 119.005298741658 120.434901301066 121.864503860473 123.29410641988 124.723708979288 126.153311538696 127.56617972056 128.928844769795 130.29150981903 131.654174868265 133.0168399175 134.379504966735 135.74217001597 137.104835065205 137.955444526672 138.635368792215 139.315293057759 139.995217323303 140.675141588846 141.35506585439 142.034990119934 142.394670422872 141.793618837992 141.192567253112 140.591515668233
147.134305593703 143.696576796637 140.258847999573 136.821119202508 133.383390405443 131.166200955709 129.355857955085 127.545514954461 125.735171953837 123.924828953213 122.114485952589 120.304142951965 118.931025865342 118.869586520724 118.808147176106 118.746707831488 118.68526848687 118.623829142252 118.562389797634 118.500950453016 119.591315841674 121.065616141425 122.539916441175 124.014216740926 125.488517040676 126.962817340426 128.437117640177 129.88741431766 131.265700128343 132.643985939025 134.022271749708 135.40055756039 136.778843371073 138.157129181755 139.535414992438 140.397541364034 141.087614589267 141.7776878145 142.467761039733 143.157834264967 143.8479074902 144.537980715433 144.912853262159 144.342123773363 143.771394284566 143.200664795769
154.016365898979 150.414196438258 146.812026977538 143.209857516818 139.607688056097 137.159733708698 135.096517732407 133.033301756116 130.970085779825 128.906869803534 126.843653827242 124.780437850951 123.177023357814 122.95301331414 122.729003270466 122.504993226792 122.280983183118 122.056973139444 121.83296309577 121.608953052096 122.635839335123 124.079691060383 125.523542785644 126.967394510904 128.411246236164 129.855097961425 131.298949686685 132.711482959322 134.03006087409 135.348638788858 136.667216703626 137.985794618394 139.304372533162 140.622950447929 141.941528362697 142.757135899861 143.40508664449 144.053037389119 144.700988133748 145.348938878377 145.996889623006 146.644840367635 146.997233878241 146.462955686781 145.92867749532 145.39439930386
163.358723958333 159.519236246744 155.679748535155 151.840260823567 148.000773111978 145.217610549926 142.786556371052 140.355502192178 137.924448013305 135.493393834431 133.062339655557 130.631285476684 128.704580815632 128.290924708048 127.877268600463 127.463612492878 127.049956385294 126.636300277709 126.222644170125 125.80898806254 126.709266662597 128.047523498534 129.385780334472 130.724037170409 132.062294006347 133.400550842284 134.738807678222 136.038385645548 137.221927007039 138.40546836853 139.58900973002 140.772551091511 141.956092453002 143.139633814493 144.323175175984 145.034228134155 145.587784957885 146.141341781616 146.694898605346 147.248455429077 147.802012252807 148.355569076538 148.647812271118 148.156114578247 147.664416885376 147.172719192505
172.701082017686 168.624276055229 164.547470092773 160.470664130317 156.39385816786 153.275487391153 150.476595009697 147.677702628241 144.878810246785 142.079917865329 139.281025483873 136.482133102417 134.23213827345 133.628836101955 133.02553393046 132.422231758965 131.81892958747 131.215627415974 130.612325244479 130.009023072984 130.782693990071 132.015355936685 133.2480178833 134.480679829915 135.713341776529 136.946003723144 138.178665669758 139.365288331773 140.413793139987 141.462297948201 142.510802756415 143.559307564629 144.607812372843 145.656317181057 146.704821989271 147.311320368448 147.77048327128 148.229646174113 148.688809076945 149.147971979777 149.607134882609 150.066297785441 150.298390663995 149.849273469713 149.400156275431 148.951039081149
182.043440077039 177.729315863714 173.41519165039 169.101067437065 164.78694322374 161.33336423238 158.166633648342 154.999903064303 151.833172480264 148.666441896226 145.499711312187 142.332980728149 139.759695731268 138.966747495862 138.173799260456 137.380851025051 136.587902789645 135.794954554239 135.002006318833 134.209058083428 134.856121317545 135.983188374836 137.110255432128 138.23732248942 139.364389546711 140.491456604003 141.618523661295 142.692191017998 143.605659272935 144.519127527872 145.432595782809 146.346064037746 147.259532292683 148.17300054762 149.086468802557 149.588412602742 149.953181584676 150.317950566609 150.682719548543 151.047488530476 151.41225751241 151.777026494344 151.948969056871 151.542432361179 151.135895665486 150.729358969794
