data/working_set_collections/6091692-Cassins_Sparrow-MC/1980/bio2.asc
NCOLS 265 
NROWS 230 
XLLCORNER -115.5625 
YLLCORNER 24.8333333333333 
CELLSIZE 0.0833333333333333 
NODATA_value -9999 
[rows 20 to 39 of 230, columns 46 to 91 of 265]
12.7684666236242 12.7041362365087 12.6398058493932 12.5754754622778 12.5111450751623 12.4468146880468 12.5113562186559 12.6188550551732 12.7263538916906 12.8338527282079 12.9413515647252 13.0488504012426 13.1563492377599 13.2553452306323 13.3288326925701 13.4023201545079 13.4758076164457 13.5492950783835 13.6227825403213 13.6962700022591 13.7697574641969 13.7339116573334 13.661621427536 13.5893311977386 13.5170409679413 13.4447507381439 13.3724605083466 13.3001702785492 13.2462836848365 13.2476079993778 13.2489323139191 13.2502566284603 13.2515809430016 13.2529052575429 13.2542295720842 13.2555538866255 13.2846434752146 13.322988155153 13.3613328350915 13.3996775150299 13.4380221949683 13.4763668749067 13.5147115548452 13.5436277548472 13.5442585150401 13.5448892752329
12.6847891251246 12.6124092817307 12.5400294383367 12.4676495949428 12.3952697515488 12.3228899081548 12.3980633179347 12.5224211454391 12.6467789729436 12.7711368004481 12.8954946279526 13.019852455457 13.1442102829615 13.2569378084606 13.3347744279437 13.4126110474268 13.4904476669099 13.568284286393 13.6461209058761 13.7239575253592 13.8017941448423 13.7748583316803 13.7129983743032 13.6511384169261 13.589278459549 13.5274185021718 13.4655585447947 13.4036985874176 13.3561264408959 13.3514177269406 13.3467090129852 13.3420002990299 13.3372915850745 13.3325828711192 13.3278741571638 13.3231654432085 13.347379954656 13.3812355412377 13.4150911278195 13.4489467144012 13.482802300983 13.5166578875648 13.5505134741465 13.5744106133779 13.5684324105581 13.5624542077382
12.6011116266251 12.5206823269527 12.4402530272802 12.3598237276078 12.2793944279353 12.1989651282629 12.2847704172134 12.425987235705 12.5672040541967 12.7084208726883 12.8496376911799 12.9908545096715 13.1320713281631 13.2585303862889 13.3407161633174 13.4229019403457 13.5050877173741 13.5872734944026 13.669459271431 13.7516450484593 13.8338308254878 13.8158050060272 13.7643753210704 13.7129456361135 13.6615159511566 13.6100862661997 13.5586565812429 13.507226896286 13.4659691969553 13.4552274545034 13.4444857120514 13.4337439695994 13.4230022271474 13.4122604846954 13.4015187422434 13.3907769997915 13.4101164340973 13.4394829273224 13.4688494205475 13.4982159137726 13.5275824069977 13.5569489002228 13.5863153934479 13.6051934719086 13.592606306076 13.5800191402435
12.5174341281255 12.4289553721746 12.3404766162237 12.2519978602728 12.1635191043218 12.0750403483709 12.1714775164922 12.3295533259709 12.4876291354497 12.6457049449285 12.8037807544072 12.961856563886 13.1199323733647 13.2601229641172 13.346657898691 13.4331928332647 13.5197277678383 13.6062627024121 13.6927976369858 13.7793325715595 13.8658675061332 13.8567516803741 13.8157522678375 13.7747528553009 13.7337534427643 13.6927540302277 13.651754617691 13.6107552051544 13.5758119530148 13.5590371820662 13.5422624111175 13.5254876401689 13.5087128692203 13.4919380982717 13.4751633273231 13.4583885563744 13.4728529135386 13.497730313407 13.5226077132755 13.5474851131439 13.5723625130123 13.5972399128808 13.6221173127492 13.6359763304393 13.616780201594 13.5975840727488
12.4928531328837 12.4058289951748 12.318804857466 12.2317807197571 12.1447565820482 12.0577324443393 12.1523507912953 12.3075166331397 12.462682474984 12.6178483168284 12.7730141586727 12.9281800005171 13.0833458423614 13.2217893865373 13.3100660377079 13.3983426888784 13.4866193400489 13.5748959912194 13.6631726423899 13.7514492935604 13.839725944731 13.8384268760681 13.8072692341275 13.7761115921868 13.7449539502462 13.7137963083055 13.6826386663649 13.6514810244242 13.623071469201 13.6029061741299 13.5827408790588 13.5625755839878 13.5424102889167 13.5222449938456 13.5020796987746 13.4819144037035 13.4941562175751 13.5172004010942 13.5402445846134 13.5632887681325 13.5863329516517 13.6093771351708 13.63242131869 13.6435171524684 13.6187679370244 13.5940187215805
12.5273686408997 12.4513031959534 12.3752377510071 12.2991723060608 12.2231068611145 12.1470414161682 12.2273902416229 12.3598771572113 12.4923640727997 12.624850988388 12.7573379039764 12.8898248195648 13.0223117351532 13.1435296535492 13.230940580368 13.3183515071869 13.4057624340057 13.4931733608246 13.5805842876434 13.6679952144623 13.7554061412811 13.7608305931091 13.7389262199402 13.7170218467713 13.6951174736023 13.6732131004334 13.6513087272644 13.6294043540955 13.6077477455139 13.5868344306946 13.5659211158753 13.5450078010559 13.5240944862366 13.5031811714172 13.4822678565979 13.4613545417786 13.4740263462067 13.4978931903839 13.5217600345612 13.5456268787384 13.5694937229156 13.5933605670929 13.6172274112701 13.6278159379959 13.5985695123673 13.5693230867386
12.5618841489156 12.4967773967319 12.4316706445482 12.3665638923645 12.3014571401808 12.2363503879971 12.3024296919505 12.4122376812829 12.5220456706153 12.6318536599477 12.7416616492801 12.8514696386125 12.9612776279449 13.065269920561 13.1518151230282 13.2383603254954 13.3249055279626 13.4114507304298 13.4979959328969 13.5845411353641 13.6710863378313 13.6832343101502 13.6705832057529 13.6579321013557 13.6452809969584 13.6326298925612 13.6199787881639 13.6073276837667 13.5924240218269 13.5707626872593 13.5491013526917 13.5274400181241 13.5057786835565 13.4841173489889 13.4624560144213 13.4407946798537 13.4538964748383 13.4785859796736 13.5032754845089 13.5279649893443 13.5526544941796 13.577343999015 13.6020335038503 13.6121147235235 13.5783710877101 13.5446274518967
12.5963996569316 12.5422515975105 12.4881035380893 12.4339554786682 12.3798074192471 12.325659359826 12.377469142278 12.4645982053545 12.5517272684309 12.6388563315074 12.7259853945838 12.8131144576602 12.9002435207367 12.9870101875729 13.0726896656884 13.1583691438039 13.2440486219194 13.3297281000349 13.4154075781504 13.5010870562659 13.5867665343814 13.6056380271912 13.6022401915656 13.5988423559401 13.5954445203145 13.592046684689 13.5886488490635 13.5852510134379 13.5771002981398 13.5546909438239 13.5322815895081 13.5098722351922 13.4874628808763 13.4650535265605 13.4426441722446 13.4202348179287 13.4337666034698 13.4592787689633 13.4847909344567 13.5103030999502 13.5358152654436 13.561327430937 13.5868395964305 13.596413509051 13.5581726630529 13.5199318170548
12.6309151649475 12.587725798289 12.5445364316304 12.5013470649719 12.4581576983134 12.4149683316549 12.4525085926056 12.516958729426 12.5814088662465 12.645859003067 12.7103091398875 12.774759276708 12.8392094135284 12.9087504545848 12.9935642083486 13.0783779621124 13.1631917158763 13.2480054696401 13.3328192234039 13.4176329771678 13.5024467309316 13.5280417442322 13.5338971773783 13.5397526105245 13.5456080436707 13.5514634768168 13.557318909963 13.5631743431091 13.5617765744527 13.5386192003886 13.5154618263245 13.4923044522603 13.4691470781962 13.4459897041321 13.422832330068 13.3996749560038 13.4136367321014 13.439971558253 13.4663063844045 13.492641210556 13.5189760367076 13.5453108628591 13.5716456890106 13.5807122945786 13.5379742383957 13.4952361822128
12.6654306729635 12.6331999990675 12.6009693251716 12.5687386512756 12.5365079773797 12.5042773034837 12.5275480429331 12.5693192534976 12.6110904640622 12.6528616746267 12.6946328851912 12.7364040957557 12.7781753063202 12.8304907215966 12.9144387510088 12.9983867804209 13.0823348098331 13.1662828392453 13.2502308686574 13.3341788980696 13.4181269274818 13.4504454612732 13.4655541631911 13.4806628651089 13.4957715670268 13.5108802689446 13.5259889708625 13.5410976727804 13.5464528507657 13.5225474569533 13.4986420631409 13.4747366693285 13.4508312755161 13.4269258817037 13.4030204878913 13.3791150940789 13.393506860733 13.4206643475427 13.4478218343523 13.4749793211619 13.5021368079715 13.5292942947812 13.5564517815908 13.5650110801061 13.5177758137385 13.4705405473709
12.6335946003596 12.6210554467307 12.6085162931018 12.595977139473 12.5834379858441 12.5708988322152 12.585687883695 12.6095863368776 12.6334847900603 12.6573832432429 12.6812816964255 12.7051801496082 12.7290786027908 12.7678707838058 12.851344148318 12.9348175128301 13.0182908773422 13.1017642418543 13.1852376063665 13.2687109708786 13.3521843353907 13.3896499951681 13.4117797533671 13.4339095115662 13.4560392697652 13.4781690279643 13.5002987861633 13.5224285443624 13.5336848576864 13.5123208363851 13.4909568150838 13.4695927937826 13.4482287724813 13.42686475118 13.4055007298787 13.3841367085775 13.3998388687769 13.42789642281 13.4559539768431 13.4840115308762 13.5120690849092 13.5401266389423 13.5681841929754 13.5765289704005 13.5257354180018 13.4749418656031
12.5354069471359 12.5512921412786 12.5671773354212 12.5830625295639 12.5989477237066 12.6148329178492 12.626928114891 12.6377599795659 12.6485918442408 12.6594237089157 12.6702555735906 12.6810874382655 12.6919193029404 12.7208906412125 12.8042804002762 12.8876701593399 12.9710599184036 13.0544496774673 13.1378394365311 13.2212291955948 13.3046189546585 13.3456553459168 13.3725739479065 13.3994925498962 13.426411151886 13.4533297538757 13.4802483558655 13.5071669578552 13.5234725952148 13.5079393386841 13.4924060821533 13.4768728256226 13.4613395690918 13.445806312561 13.4302730560303 13.4147397994995 13.4326327562332 13.4616677840551 13.4907028118769 13.5197378396988 13.5487728675206 13.5778078953425 13.6068429231644 13.6152659654617 13.5618530511856 13.5084401369095
12.4372192939123 12.4815288358264 12.5258383777406 12.5701479196548 12.614457461569 12.6587670034832 12.6681683460871 12.6659336222543 12.6636988984214 12.6614641745885 12.6592294507557 12.6569947269228 12.6547600030899 12.6739104986191 12.7572166522344 12.8405228058497 12.923828959465 13.0071351130803 13.0904412666956 13.173747420311 13.2570535739263 13.3016606966654 13.3333681424459 13.3650755882263 13.3967830340068 13.4284904797872 13.4601979255676 13.4919053713481 13.5132603327433 13.5035578409831 13.4938553492228 13.4841528574626 13.4744503657023 13.4647478739421 13.4550453821818 13.4453428904215 13.4654266436895 13.4954391453001 13.5254516469108 13.5554641485214 13.5854766501321 13.6154891517427 13.6455016533534 13.654002960523 13.5979706843694 13.5419384082158
12.3390316406886 12.4117655303743 12.48449942006 12.5572333097458 12.6299671994315 12.7027010891172 12.7094085772832 12.6941072649426 12.678805952602 12.6635046402613 12.6482033279207 12.6329020155801 12.6176007032394 12.6269303560257 12.7101529041926 12.7933754523595 12.8765980005264 12.9598205486933 13.0430430968602 13.1262656450271 13.2094881931941 13.2576660474141 13.2941623369853 13.3306586265564 13.3671549161275 13.4036512056986 13.4401474952698 13.4766437848409 13.5030480702718 13.4991763432821 13.4953046162923 13.4914328893026 13.4875611623128 13.4836894353231 13.4798177083333 13.4759459813436 13.4982205311457 13.5292105065452 13.5602004819446 13.591190457344 13.6221804327435 13.6531704081429 13.6841603835424 13.6927399555842 13.6340883175532 13.5754366795222
12.2408439874649 12.3420022249222 12.4431604623795 12.5443186998367 12.645476937294 12.7466351747513 12.7506488084793 12.7222809076309 12.6939130067825 12.6655451059341 12.6371772050858 12.6088093042374 12.580441403389 12.5799502134323 12.6630891561508 12.7462280988693 12.8293670415878 12.9125059843063 12.9956449270248 13.0787838697433 13.1619228124618 13.2136713981628 13.2549565315247 13.2962416648865 13.3375267982483 13.3788119316101 13.4200970649719 13.4613821983337 13.4928358078003 13.4947948455811 13.4967538833618 13.4987129211426 13.5006719589233 13.5026309967041 13.5045900344849 13.5065490722656 13.531014418602 13.5629818677902 13.5949493169784 13.6269167661667 13.6588842153549 13.6908516645431 13.7228191137314 13.7314769506455 13.670205950737 13.6089349508286
12.1426563342412 12.27223891947 12.4018215046989 12.5314040899277 12.6609866751565 12.7905692603853 12.7918890396754 12.7504545503193 12.7090200609631 12.667585571607 12.6261510822508 12.5847165928947 12.5432821035385 12.5329700708389 12.616025408109 12.6990807453791 12.7821360826492 12.8651914199193 12.9482467571894 13.0313020944595 13.1143574317296 13.1696767489115 13.215750726064 13.2618247032166 13.3078986803691 13.3539726575216 13.4000466346741 13.4461206118266 13.4826235453288 13.49041334788 13.4982031504313 13.5059929529826 13.5137827555338 13.5215725580851 13.5293623606364 13.5371521631877 13.5638083060582 13.5967532290353 13.6296981520123 13.6626430749893 13.6955879979663 13.7285329209434 13.7614778439204 13.7702139457067 13.7063235839208 13.6424332221349
12.0793894608815 12.2246054702335 12.3698214795854 12.5150374889374 12.6602534982893 12.8054695076412 12.8115709543228 12.7713008801142 12.7310308059057 12.6907607316971 12.6504906574885 12.6102205832799 12.5699505090713 12.5612972259521 12.6474943161011 12.73369140625 12.8198884963989 12.9060855865478 12.9922826766967 13.0784797668457 13.1646768569946 13.218763979276 13.2621477789349 13.3055315785938 13.3489153782526 13.3922991779115 13.4356829775704 13.4790667772293 13.5141173786587 13.5241683853997 13.5342193921407 13.5442703988817 13.5543214056227 13.5643724123637 13.5744234191047 13.5844744258457 13.6066452582677 13.6328560325834 13.6590668068992 13.6852775812149 13.7114883555306 13.7376991298464 13.7639099041621 13.7677608595954 13.7045323583815 13.6413038571676
12.0510433673858 12.1991018772125 12.3471603870392 12.4952188968658 12.6432774066925 12.7913359165192 12.8096945524216 12.7848198970159 12.7599452416102 12.7350705862045 12.7101959307988 12.6853212753932 12.6604466199875 12.6649316787719 12.7574958801269 12.8500600814819 12.9426242828369 13.0351884841919 13.1277526855468 13.2203168869018 13.3128810882568 13.3609330892563 13.3941476901372 13.4273622910181 13.4605768918991 13.49379149278 13.527006093661 13.5602206945419 13.5873173077901 13.59605995814 13.60480260849 13.6135452588399 13.6222879091898 13.6310305595398 13.6397732098897 13.6485158602397 13.6595252752304 13.6712902784347 13.6830552816391 13.6948202848434 13.7065852880478 13.7183502912521 13.7301152944565 13.7241176923116 13.6648322741191 13.6055468559265
12.0226972738902 12.1735982841915 12.3244992944929 12.4754003047943 12.6263013150957 12.7772023253971 12.8078181505203 12.7983389139175 12.7888596773148 12.779380440712 12.7699012041092 12.7604219675064 12.7509427309036 12.7685661315918 12.8674974441528 12.9664287567138 13.0653600692749 13.1642913818359 13.2632226943969 13.362154006958 13.461085319519 13.5031021992365 13.5261476013395 13.5491930034425 13.5722384055455 13.5952838076485 13.6183292097515 13.6413746118545 13.6605172369215 13.6679515308804 13.6753858248393 13.6828201187981 13.690254412757 13.6976887067159 13.7051230006748 13.7125572946336 13.7124052921931 13.7097245242861 13.707043756379 13.704362988472 13.701682220565 13.6990014526579 13.6963206847509 13.6804745250278 13.6251321898566 13.5697898546855
11.9943511803945 12.1480946911706 12.3018382019467 12.4555817127228 12.6093252234988 12.763068734275 12.8059417486191 12.8118579308192 12.8177741130193 12.8236902952194 12.8296064774195 12.8355226596196 12.8414388418198 12.8722005844116 12.9774990081787 13.0827974319458 13.1880958557129 13.29339427948 13.398692703247 13.5039911270141 13.6092895507812 13.6452713092168 13.6581475125419 13.6710237158669 13.683899919192 13.696776122517 13.7096523258421 13.7225285291672 13.7337171660529 13.7398431036207 13.7459690411885 13.7520949787564 13.7582209163242 13.764346853892 13.7704727914598 13.7765987290276 13.7652853091558 13.7481587701374 13.7310322311189 13.7139056921005 13.6967791530821 13.6796526140637 13.6625260750453 13.636831357744 13.5854321055942 13.5340328534444
