data/working_set_collections/6091692-Cassins_Sparrow-MC/1980/bio2.asc
NCOLS 265 
NROWS 230 
XLLCORNER -115.5625 
YLLCORNER 24.8333333333333 
CELLSIZE 0.0833333333333333 
NODATA_value -9999 
[rows 180 to 199 of 230, columns 46 to 91 of 265]
13.3061762134235 13.6459569096566 13.9857376058897 14.3255183021228 14.6652989983559 15.005079694589 15.1244201978048 15.1702806366815 15.2161410755582 15.2620015144348 15.3078619533115 15.3537223921882 15.3995828310649 15.4299103127586 15.4136389229033 15.397367533048 15.3810961431927 15.3648247533374 15.3485533634822 15.3322819736269 15.3160105837716 15.2850023508072 15.2490818368064 15.2131613228056 15.1772408088048 15.1413202948041 15.1053997808033 15.0694792668025 15.0583728843265 15.121708896425 15.1850449085236 15.2483809206221 15.3117169327206 15.3750529448191 15.4383889569176 15.5017249690162 15.4736324310303 15.4150637096829 15.3564949883355 15.2979262669881 15.2393575456407 15.1807888242933 15.122220102946 15.0862824837367 15.1182381709417 15.1501938581467
12.3662278056145 12.8439263701439 13.3216249346734 13.7993234992027 14.2770220637321 14.7547206282616 14.9290091514588 15.0021609942118 15.0753128369649 15.148464679718 15.2216165224711 15.2947683652242 15.3679202079773 15.4178032318751 15.3978797992071 15.377956366539 15.358032933871 15.3381095012029 15.3181860685349 15.2982626358668 15.2783392031988 15.2423876523972 15.2010933955511 15.159799138705 15.1185048818588 15.0772106250127 15.0359163681666 14.9946221113205 14.9838702042897 15.0647453467051 15.1456204891205 15.2264956315358 15.3073707739512 15.3882459163666 15.4691210587819 15.5499962011973 15.5263156890869 15.4677832921346 15.4092508951823 15.35071849823 15.2921861012777 15.2336537043254 15.175121307373 15.1382418553034 15.166321237882 15.1944006204605
11.4262793978056 12.0418958306312 12.657512263457 13.2731286962827 13.8887451291083 14.5043615619341 14.7335981051127 14.8340413517422 14.9344845983717 15.0349278450012 15.1353710916307 15.2358143382602 15.3362575848897 15.4056961509917 15.3821206755108 15.35854520003 15.3349697245492 15.3113942490684 15.2878187735876 15.2642432981067 15.2406678226259 15.1997729539871 15.1531049542957 15.1064369546043 15.0597689549128 15.0131009552214 14.96643295553 14.9197649558385 14.909367524253 15.0077817969852 15.1061960697174 15.2046103424496 15.3030246151818 15.401438887914 15.4998531606462 15.5982674333784 15.5789989471436 15.5205028745863 15.4620068020291 15.4035107294718 15.3450146569146 15.2865185843574 15.2280225118001 15.1902012268702 15.2144043048223 15.2386073827743
10.4863309899967 11.2398652911186 11.9933995922407 12.7469338933627 13.5004681944846 14.2540024956067 14.5381870587667 14.6659217092726 14.7936563597785 14.9213910102844 15.0491256607903 15.1768603112962 15.3045949618021 15.3935890701082 15.3663615518146 15.339134033521 15.3119065152274 15.2846789969338 15.2574514786402 15.2302239603467 15.2029964420531 15.1571582555771 15.1051165130404 15.0530747705036 15.0010330279668 14.9489912854301 14.8969495428933 14.8449078003566 14.8348648442162 14.9508182472653 15.0667716503143 15.1827250533634 15.2986784564124 15.4146318594614 15.5305852625105 15.6465386655595 15.6316822052002 15.573222457038 15.5147627088759 15.4563029607137 15.3978432125515 15.3393834643894 15.2809237162272 15.242160598437 15.2624873717626 15.2828141450882
9.54638258218766 10.4378347516059 11.3292869210243 12.2207390904426 13.1121912598609 14.0036434292793 14.3427760124207 14.497802066803 14.6528281211853 14.8078541755676 14.9628802299499 15.1179062843323 15.2729323387146 15.3814819892248 15.3506024281184 15.319722867012 15.2888433059057 15.2579637447993 15.2270841836929 15.1962046225866 15.1653250614802 15.1145435571671 15.057128071785 14.9997125864029 14.9422971010208 14.8848816156388 14.8274661302567 14.7700506448746 14.7603621641795 14.8938546975454 15.0273472309112 15.1608397642771 15.294332297643 15.4278248310089 15.5613173643748 15.6948098977407 15.6843654632568 15.6259420394898 15.5675186157227 15.5090951919556 15.4506717681885 15.3922483444214 15.3338249206543 15.2941199700038 15.3105704387029 15.327020907402
8.60643417437867 9.63580421209323 10.665174249808 11.6945442875225 12.7239143252371 13.7532843629518 14.1473649660746 14.3296824243333 14.5119998825921 14.6943173408508 14.8766347991095 15.0589522573683 15.241269715627 15.3693749083413 15.3348433044222 15.300311700503 15.2657800965839 15.2312484926648 15.1967168887456 15.1621852848265 15.1276536809074 15.071928858757 15.0091396305296 14.9463504023022 14.8835611740748 14.8207719458474 14.75798271762 14.6951934893926 14.6858594841427 14.8368911478254 14.9879228115082 15.1389544751909 15.2899861388736 15.4410178025563 15.592049466239 15.7430811299218 15.7370487213135 15.6786616219415 15.6202745225694 15.5618874231974 15.5035003238254 15.4451132244534 15.3867261250814 15.3460793415705 15.3586535056432 15.3712276697159
7.74030449390409 8.79379212326467 9.84727975262543 10.900767381986 11.9542550113466 13.0077426407074 13.4594619949661 13.7105919241907 13.9617218534153 14.2128517826399 14.4639817118646 14.7151116410892 14.9662415703138 15.1509699874455 15.1364938682981 15.1220177491507 15.1075416300032 15.0930655108558 15.0785893917084 15.064113272561 15.0496371534136 14.9977184216182 14.9333188189401 14.868919216262 14.8045196135839 14.7401200109058 14.6757204082277 14.6113208055497 14.6037235365973 14.7665332688226 14.9293430010478 15.092152733273 15.2549624654982 15.4177721977234 15.5805819299486 15.7433916621738 15.7396883646647 15.6804807239109 15.621273083157 15.5620654424032 15.5028578016493 15.4436501608955 15.3844425201416 15.3431340244081 15.3555229637358 15.3679119030635
-9999 7.91179848512007 8.87560342947648 9.83940837383272 10.803213318189 11.7670182625454 12.2790670990945 12.6405305663746 13.0019940336547 13.3634575009347 13.7249209682147 14.0863844354948 14.4478479027748 14.7262672265371 14.755554119746 14.7848410129548 14.8141279061636 14.8434147993724 14.8727016925812 14.90198858579 14.9312754789988 14.8919122457505 14.8296656370163 14.7674190282822 14.7051724195481 14.6429258108139 14.5806792020798 14.5184325933457 14.5139543215434 14.6827810605367 14.85160779953 15.0204345385233 15.1892612775167 15.35808801651 15.5269147555033 15.6957414944967 15.6922843933106 15.631399345398 15.5705142974854 15.5096292495728 15.4487442016602 15.3878591537476 15.326974105835 15.2852840185165 15.3011788129807 15.3170736074448
-9999 -9999 -9999 8.77804936567942 9.65217162503133 10.5262938843834 11.098672203223 11.5704692085584 12.042266213894 12.5140632192294 12.9858602245649 13.4576572299004 13.9294542352358 14.3015644656288 14.3746143711938 14.4476642767589 14.5207141823239 14.593764087889 14.666813993454 14.739863899019 14.8129138045841 14.7861060698827 14.7260124550926 14.6659188403024 14.6058252255122 14.545731610722 14.4856379959319 14.4255443811417 14.4241851064894 14.5990288522508 14.7738725980123 14.9487163437737 15.1235600895352 15.2984038352966 15.473247581058 15.6480913268195 15.6448804219564 15.5823179668851 15.5197555118137 15.4571930567424 15.394630601671 15.3320681465997 15.2695056915283 15.227434012625 15.2468346622255 15.2662353118261
-9999 -9999 -9999 -9999 8.5011299318738 9.2855695062215 9.91827730735157 10.5004078507424 11.0825383941334 11.6646689375242 12.2467994809151 12.828930024306 13.4110605676969 13.8768617047204 13.9936746226417 14.110487540563 14.2273004584843 14.3441133764055 14.4609262943268 14.5777392122481 14.6945521301693 14.680299894015 14.6223592731688 14.5644186523226 14.5064780314764 14.4485374106302 14.3905967897839 14.3326561689377 14.3344158914354 14.515276643965 14.6961373964945 14.8769981490241 15.0578589015537 15.2387196540832 15.4195804066128 15.6004411591424 15.5974764506022 15.5332365883722 15.4689967261421 15.404756863912 15.3405170016819 15.2762771394518 15.2120372772217 15.1695840067334 15.1924905114704 15.2153970162074
-9999 -9999 -9999 -9999 -9999 8.04484512805952 8.73788241148003 9.4303464929263 10.1228105743727 10.815274655819 11.5077387372652 12.2002028187116 12.8926669001579 13.4521589438121 13.6127348740896 13.7733108043671 13.9338867346446 14.0944626649221 14.2550385951996 14.4156145254771 14.5761904557546 14.5744937181473 14.518706091245 14.4629184643428 14.4071308374405 14.3513432105383 14.295555583636 14.2397679567337 14.2446466763814 14.4315244356791 14.6184021949768 14.8052799542745 14.9921577135722 15.1790354728699 15.3659132321675 15.5527909914652 15.5500724792481 15.4841552098592 15.4182379404704 15.3523206710816 15.2864034016927 15.2204861323039 15.1545688629151 15.1117340008418 15.1381463607152 15.1645587205887
-9999 -9999 -9999 -9999 -9999 -9999 7.5574875156085 8.36028513511019 9.16308275461201 9.9658803741137 10.7686779936154 11.5714756131172 12.3742732326189 13.0274561829037 13.2317951255375 13.4361340681712 13.6404730108049 13.8448119534387 14.0491508960724 14.2534898387061 14.4578287813398 14.4686875422796 14.4150529093213 14.361418276363 14.3077836434047 14.2541490104464 14.200514377488 14.1468797445297 14.1548774613274 14.3477722273932 14.540666993459 14.7335617595248 14.9264565255907 15.1193512916565 15.3122460577223 15.5051408237881 15.5026685078939 15.4350738313463 15.3674791547987 15.2998844782512 15.2322898017036 15.164695125156 15.0971004486084 15.0538839949502 15.0838022099601 15.11372042497
-9999 -9999 -9999 -9999 -9999 -9999 -9999 7.3856506059567 8.21560333470513 9.04555606345341 9.8755087922017 10.7054615209501 11.5354142496984 12.2296632157433 12.5168008936778 12.8039385716122 13.0910762495466 13.378213927481 13.6653516054154 13.9524892833498 14.2396269612842 14.2867067734401 14.2537672970031 14.220827820566 14.187888344129 14.1549488676919 14.1220093912549 14.0890699148178 14.1114041831758 14.299559685919 14.4877151886622 14.6758706914054 14.8640261941486 15.0521816968918 15.240337199635 15.4284927023782 15.4301895141602 15.3697334289551 15.30927734375 15.2488212585449 15.1883651733399 15.1279090881348 15.0674530029297 15.0290626260969 15.0568693743812 15.0846761226654
-9999 -9999 -9999 -9999 -9999 -9999 -9999 -9999 7.28037231465188 8.05430172383789 8.8282311330239 9.60216054221004 10.3760899513961 11.0587800423305 11.4677521785102 11.8767243146897 12.2856964508693 12.6946685870489 13.1036407232285 13.512612859408 13.9215849955877 14.0285514116288 14.0348492542903 14.0411470969518 14.0474449396134 14.0537427822749 14.0600406249364 14.066338467598 14.1142268419265 14.2868868112564 14.4595467805862 14.632206749916 14.8048667192459 14.9775266885757 15.1501866579056 15.3228466272354 15.3326354980469 15.2881340026856 15.2436325073242 15.1991310119629 15.1546295166016 15.1101280212402 15.0656265258789 15.037269894282 15.0573478539785 15.0774258136749
-9999 -9999 -9999 -9999 -9999 -9999 -9999 -9999 -9999 -9999 -9999 -9999 -9999 9.88789686891772 10.4187034633425 10.9495100577673 11.480316652192 12.0111232466168 12.5419298410416 13.0727364354663 13.6035430298911 13.7703960498174 13.8159312115775 13.8614663733377 13.9070015350978 13.9525366968579 13.998071858618 14.0436070203781 14.1170495006773 14.2742139365938 14.4313783725103 14.5885428084267 14.7457072443432 14.9028716802597 15.0600361161762 15.2172005520927 15.2350814819336 15.206534576416 15.1779876708984 15.1494407653809 15.1208938598633 15.0923469543457 15.0638000488281 15.0454771624671 15.0578263335758 15.0701755046844
-9999 -9999 -9999 -9999 -9999 -9999 -9999 -9999 -9999 -9999 -9999 -9999 -9999 8.71701369550502 9.36965474817501 10.0222958008449 10.6749368535148 11.3275779061848 11.9802189588547 12.6328600115246 13.2855010641946 13.5122406880061 13.5970131688648 13.6817856497235 13.7665581305822 13.8513306114409 13.9361030922996 14.0208755731583 14.119872159428 14.2615410619312 14.4032099644343 14.5448788669374 14.6865477694405 14.8282166719437 14.9698855744468 15.1115544769499 15.1375274658203 15.1249351501465 15.1123428344727 15.0997505187988 15.087158203125 15.0745658874512 15.0619735717773 15.0536844306522 15.0583048131731 15.062925195694
-9999 -9999 -9999 -9999 -9999 -9999 -9999 -9999 -9999 -9999 -9999 -9999 -9999 7.54613052209221 8.32060603300739 9.09508154392245 9.8695570548375 10.6440325657527 11.4185080766678 12.1929835875828 12.967459098498 13.2540853261948 13.378095126152 13.5021049261093 13.6261147260666 13.7501245260239 13.8741343259811 13.9981441259384 14.1226948181788 14.2488681872686 14.3750415563583 14.5012149254481 14.6273882945379 14.7535616636276 14.8797350327174 15.0059084018072 15.039973449707 15.043335723877 15.0466979980469 15.0500602722168 15.0534225463867 15.0567848205566 15.0601470947266 15.0618916988373 15.0587832927704 15.0556748867035
-9999 -9999 -9999 -9999 -9999 -9999 -9999 -9999 -9999 -9999 -9999 -9999 -9999 6.3752473486794 7.27155731783978 8.167867287 9.06417725616022 9.9604872253206 10.8567971944808 11.753107163641 12.6494171328014 12.9959299643835 13.1591770834393 13.3224242024952 13.485671321551 13.6489184406068 13.8121655596627 13.9754126787185 14.1255174769295 14.236195312606 14.3468731482824 14.4575509839588 14.5682288196352 14.6789066553116 14.789584490988 14.9002623266644 14.9424194335938 14.9617362976074 14.9810531616211 15.0003700256348 15.0196868896484 15.0390037536621 15.0583206176758 15.0700989670224 15.0592617723677 15.048424577713
-9999 -9999 -9999 -9999 -9999 -9999 -9999 -9999 -9999 -9999 -9999 -9999 -9999 5.47278870575949 6.4148120797343 7.35683545370894 8.29885882768359 9.2408822016584 10.182905575633 11.1249289496077 12.0669523235825 12.4703004638355 12.6940901928479 12.9178799218603 13.1416696508726 13.365459379885 13.5892491088974 13.8130388379097 14.0077515761058 14.1152333418529 14.2227151075999 14.330196873347 14.4376786390941 14.5451604048411 14.6526421705882 14.7601239363353 14.8154159148534 14.8533112976286 14.8912066804038 14.929102063179 14.9669974459542 15.0048928287294 15.0427882115046 15.0685920582877 15.0581212970946 15.0476505359014
-9999 -9999 -9999 -9999 -9999 -9999 -9999 -9999 -9999 -9999 -9999 -9999 -9999 -9999 5.75037031869095 6.66198604404923 7.57360176940751 8.48521749476594 9.39683322012422 10.3084489454825 11.2200646708409 11.6771968245507 11.9828344543775 12.2884720842044 12.5941097140313 12.8997473438581 13.205384973685 13.5110226035118 13.7693971157074 13.8859822750092 14.0025674343109 14.1191525936127 14.2357377529144 14.3523229122162 14.468908071518 14.5854932308197 14.658962893486 14.7180607239405 14.7771585543951 14.8362563848496 14.8953542153041 14.9544520457586 15.0135498762131 15.0573709726334 15.055361866951 15.0533527612686
