data/working_set_collections/6091692-Cassins_Sparrow-MC/1980/bio2.asc
NCOLS 265 
NROWS 230 
XLLCORNER -115.5625 
YLLCORNER 24.8333333333333 
CELLSIZE 0.0833333333333333 
NODATA_value -9999 
[rows 200 to 219 of 230, columns 184 to 229 of 265]
14.007216223081 13.9628898964988 13.9185635699166 13.8688145875931 13.8172580533558 13.7657015191184 13.7141449848811 13.6625884506438 13.6110319164064 13.5594753821691 13.5049572414822 13.4415542814467 13.3781513214112 13.3147483613756 13.2513454013401 13.1879424413045 13.124539481269 13.0611365212335 12.9926470359167 12.9224620421728 12.8522770484289 12.782092054685 12.7119070609411 12.6417220671972 12.5715370734533 12.366559718715 11.7572052809929 11.1478508432707 10.5384964055487 9.92914196782662 9.31978753010445 8.71043309238239 8.10107865466033 7.32775606811065 6.49977743195185 -9999 -9999 -9999 -9999 -9999 -9999 -9999 -9999 -9999 -9999 -9999
14.0178622643153 13.9656374586953 13.9134126530753 13.85651242733 13.7980537282096 13.7395950290892 13.6811363299688 13.6226776308484 13.564218931728 13.5057602326075 13.446792878045 13.3862995571561 13.3258062362671 13.2653129153782 13.2048195944892 13.1443262736003 13.0838329527113 13.0233396318224 12.9585144440333 12.8922453006109 12.8259761571884 12.759707013766 12.6934378703435 12.6271687269211 12.5608995834987 12.3494711173907 11.7025646832256 11.0556582490604 10.4087518148954 9.76184538073032 9.11493894656514 8.46803251240008 7.82112607823502 -9999 -9999 -9999 -9999 -9999 -9999 -9999 -9999 -9999 -9999 -9999 -9999 -9999
14.0285083055496 13.9683850208918 13.908261736234 13.844210267067 13.7788494030635 13.71348853906 13.6481276750565 13.582766811053 13.5174059470495 13.452045083046 13.3886285146078 13.3310448328654 13.2734611511231 13.2158774693807 13.1582937876384 13.100710105896 13.0431264241537 12.9855427424113 12.92438185215 12.862028559049 12.799675265948 12.737321972847 12.674968679746 12.612615386645 12.550262093544 12.3323825160664 11.6479240854583 10.9634656548501 10.2790072242421 9.594548793634 8.91009036302582 8.22563193241775 7.54117350180968 -9999 -9999 -9999 -9999 -9999 -9999 -9999 -9999 -9999 -9999 -9999 -9999 -9999
14.039154346784 13.9711325830884 13.9031108193928 13.8319081068039 13.7596450779173 13.6873820490308 13.6151190201442 13.5428559912576 13.470592962371 13.3983299334844 13.3304641511705 13.2757901085748 13.221116065979 13.1664420233833 13.1117679807875 13.0570939381917 13.002419895596 12.9477458530002 12.8902492602666 12.8318118174871 12.7733743747076 12.714936931928 12.6564994891485 12.5980620463689 12.5396246035894 12.3152939147421 11.593283487691 10.8712730606398 10.1492626335888 9.42725220653769 8.70524177948649 7.98323135243542 7.26122092538434 6.53219948112981 5.80084103114095 -9999 -9999 -9999 -9999 -9999 -9999 -9999 -9999 -9999 -9999 -9999
14.0413026889165 13.9715418683158 13.9017810477151 13.8273679971695 13.751404203309 13.6754404094484 13.5994766155879 13.5235128217273 13.4475490278668 13.3715852340063 13.3013896491793 13.2484986914529 13.1956077337265 13.1427167760001 13.0898258182738 13.0369348605474 12.984043902821 12.9311529450947 12.87272717158 12.8124564594693 12.7521857473586 12.6919150352478 12.6316443231371 12.5713736110264 12.5111028989156 12.2840704361599 11.5567527214688 10.8294350067776 10.1021172920864 9.37479957739531 8.64748186270407 7.92016414801294 7.19284643332181 6.46618943909814 5.73975268503044 -9999 -9999 -9999 -9999 -9999 -9999 -9999 -9999 -9999 -9999 -9999
14.0349533319473 13.9696128765742 13.9042724212011 13.8305899381638 13.7541267792384 13.677663620313 13.6012004613876 13.5247373024623 13.4482741435369 13.3718109846115 13.3014050086339 13.2491705814998 13.1969361543655 13.1447017272314 13.0924673000972 13.040232872963 12.9879984458288 12.9357640186946 12.8718155860901 12.8039624849955 12.736109383901 12.6682562828064 12.6004031817119 12.5325500806173 12.4646969795227 12.2387120803199 11.5383317867917 10.8379514932634 10.1375711997352 9.43719090620695 8.73681061267863 8.03643031915043 7.33605002562222 6.59935488402854 5.85055479307985 -9999 -9999 -9999 -9999 -9999 -9999 -9999 -9999 -9999 -9999 -9999
14.0286039749781 13.9676838848326 13.9067637946871 13.833811879158 13.7568493551678 13.6798868311776 13.6029243071874 13.5259617831972 13.448999259207 13.3720367352168 13.3014203680886 13.2498424715466 13.1982645750046 13.1466866784626 13.0951087819206 13.0435308853785 12.9919529888365 12.9403750922945 12.8709040006002 12.7954685105218 12.7200330204434 12.644597530365 12.5691620402866 12.4937265502082 12.4182910601298 12.1933537244798 11.5199108521146 10.8464679797492 10.1730251073839 9.4995822350186 8.8261393626532 8.15269649028792 7.47925361792264 6.73252032895894 5.96135690112925 -9999 -9999 -9999 -9999 -9999 -9999 -9999 -9999 -9999 -9999 -9999
14.0222546180089 13.965754893091 13.9092551681731 13.8370338201523 13.7595719310973 13.6821100420422 13.6046481529872 13.5271862639321 13.4497243748771 13.3722624858221 13.3014357275433 13.2505143615935 13.1995929956436 13.1486716296938 13.0977502637439 13.0468288977941 12.9959075318443 12.9449861658944 12.8699924151103 12.7869745360481 12.7039566569858 12.6209387779236 12.5379208988614 12.4549030197992 12.3718851407369 12.1479953686398 11.5014899174374 10.854984466235 10.2084790150326 9.56197356383023 8.91546811262776 8.2689626614254 7.62245721022303 -9999 -9999 -9999 -9999 -9999 -9999 -9999 -9999 -9999 -9999 -9999 -9999 -9999
14.0159052610397 13.9638259013494 13.9117465416591 13.8402557611466 13.7622945070267 13.6843332529068 13.6063719987869 13.5284107446671 13.4504494905472 13.3724882364273 13.301451086998 13.2511862516403 13.2009214162827 13.150656580925 13.1003917455673 13.0501269102097 12.999862074852 12.9495972394943 12.8690808296204 12.7784805615743 12.6878802935283 12.5972800254822 12.5066797574361 12.4160794893901 12.325479221344 12.1026370127997 11.4830689827603 10.8635009527207 10.2439329226813 9.62436489264187 9.00479686260232 8.38522883256289 7.76566080252345 6.99885121881974 6.18296111722804 -9999 -9999 -9999 -9999 -9999 -9999 -9999 -9999 -9999 -9999 -9999
14.0095559040705 13.9618969096078 13.914237915145 13.8434777021408 13.7650170829561 13.6865564637714 13.6080958445867 13.529635225402 13.4511746062173 13.3727139870326 13.3014664464527 13.2518581416872 13.2022498369217 13.1526415321562 13.1030332273907 13.0534249226252 13.0038166178597 12.9542083130943 12.8681692441305 12.7699865871006 12.6718039300707 12.5736212730408 12.4754386160109 12.377255958981 12.2790733019511 12.0572786569597 11.4646480480832 10.8720174392065 10.27938683033 9.68675622145351 9.09412561257689 8.50149500370038 7.90886439482386 7.13201666375014 6.29376322527744 5.45550978680474 -9999 -9999 -9999 -9999 -9999 -9999 -9999 -9999 -9999 -9999
14.0095982392629 13.9605067306095 13.9114152219561 13.8421825329463 13.7662361171511 13.6902897013558 13.6143432855606 13.5383968697654 13.4624504539702 13.386504038175 13.3173060735067 13.2683534622192 13.2194008509318 13.1704482396444 13.1214956283569 13.0725430170695 13.0235904057821 12.9746377944946 12.8828299919764 12.7767371257146 12.6706442594528 12.564551393191 12.4584585269292 12.3523656606675 12.2462727944056 12.026832801766 11.4673514299924 10.9078700582187 10.3483886864451 9.78890731467154 9.22942594289786 8.66994457112427 8.11046319935068 7.32147706747065 6.45598934888855 5.59050163030645 -9999 -9999 -9999 -9999 -9999 -9999 -9999 -9999 -9999 -9999
14.0160322666168 13.9596553643545 13.9032784620921 13.8363702535629 13.7659516096115 13.6955329656601 13.6251143217087 13.5546956777573 13.4842770338059 13.4138583898544 13.34896996816 13.3006722132365 13.252374458313 13.2040767033895 13.155778948466 13.1074811935425 13.059183438619 13.0108856836955 12.9130630731583 12.7987321774165 12.6844012816747 12.5700703859329 12.4557394901912 12.3414085944494 12.2270776987076 12.0112994472187 11.491179128488 10.9710588097573 10.4509384910267 9.93081817229601 9.41069785356527 8.89057753483462 8.37045721610398 7.56723242998134 6.66963948806144 -9999 -9999 -9999 -9999 -9999 -9999 -9999 -9999 -9999 -9999 -9999
14.0224662939708 13.9588039980994 13.8951417022281 13.8305579741796 13.765667102072 13.7007762299644 13.6358853578568 13.5709944857492 13.5061036136415 13.4412127415339 13.3806338628133 13.3329909642538 13.2853480656942 13.2377051671346 13.190062268575 13.1424193700155 13.0947764714559 13.0471335728963 12.9432961543401 12.8207272291184 12.6981583038966 12.5755893786748 12.4530204534531 12.3304515282313 12.2078826030096 11.9957660926714 11.5150068269837 11.0342475612959 10.5534882956082 10.0727290299205 9.59196976423269 9.11121049854498 8.63045123285727 7.81298779249204 6.88328962723432 5.95359146197661 5.02389329671874 4.09419513146102 -9999 -9999 -9999 -9999 -9999 -9999 -9999 -9999
14.0289003213247 13.9579526318444 13.8870049423642 13.8247456947963 13.7653825945325 13.7060194942686 13.6466563940048 13.587293293741 13.5279301934772 13.4685670932134 13.4122977574666 13.365309715271 13.3183216730754 13.2713336308797 13.2243455886841 13.1773575464884 13.1303695042928 13.0833814620972 12.973529235522 12.8427222808202 12.7119153261185 12.5811083714168 12.450301416715 12.3194944620133 12.1886875073115 11.9802327381241 11.5388345254793 11.0974363128345 10.6560381001897 10.214639887545 9.77324167490011 9.33184346225534 8.89044524961057 8.05874315500273 7.09693976640721 6.13513637781168 5.173332989216 -9999 -9999 -9999 -9999 -9999 -9999 -9999 -9999 -9999
14.0353343486786 13.9571012655894 13.8788681825002 13.8189334154129 13.7650980869929 13.7112627585729 13.6574274301529 13.6035921017329 13.5497567733129 13.4959214448929 13.44396165212 13.3976284662883 13.3512952804565 13.3049620946248 13.2586289087931 13.2122957229614 13.1659625371297 13.119629351298 13.0037623167038 12.8647173325221 12.7256723483404 12.5866273641587 12.4475823799769 12.3085373957952 12.1694924116135 11.9646993835768 11.562662223975 11.1606250643731 10.7585879047712 10.3565507451694 9.95451358556751 9.55247642596568 9.15043926636385 8.3044985175134 7.31058990558007 6.31668129364675 -9999 -9999 -9999 -9999 -9999 -9999 -9999 -9999 -9999 -9999
14.0417683760325 13.9562498993344 13.8707314226363 13.8131211360296 13.7648135794534 13.7165060228772 13.668198466301 13.6198909097248 13.5715833531486 13.5232757965724 13.4756255467733 13.4299472173055 13.3842688878377 13.33859055837 13.2929122289022 13.2472338994344 13.2015555699666 13.1558772404989 13.0339953978857 12.886712384224 12.7394293705623 12.5921463569006 12.4448633432389 12.2975803295772 12.1502973159155 11.9491660290295 11.5864899224706 11.2238138159117 10.8611377093528 10.4984616027939 10.1357854962349 9.77310938967602 9.41043328311713 8.55025388002407 7.52424004475294 6.49822620948181 5.4722123742105 4.44619853893936 -9999 -9999 -9999 -9999 -9999 -9999 -9999 -9999
14.0592667738597 13.9678107632531 13.8763547526466 13.820428442955 13.7763453669018 13.7322622908486 13.6881792147954 13.6440961387422 13.600013062689 13.5559299866358 13.510925716824 13.4631578657362 13.4153900146484 13.3676221635607 13.3198543124729 13.2720864613851 13.2243186102973 13.1765507592095 13.0477597157161 12.8919609414207 12.7361621671253 12.5803633928299 12.4245646185346 12.2687658442392 12.1129670699438 11.9038499964609 11.5347780254153 11.1657060543697 10.7966340833241 10.4275621122785 10.0584901412329 9.68941817018734 9.32034619914176 8.4670020212732 7.45223377446361 6.43746552765402 5.42269728084425 4.40792903403466 -9999 -9999 -9999 -9999 -9999 -9999 -9999 -9999
14.08782954216 13.9917838573456 13.8957381725312 13.8408553361893 13.7996934493383 13.7585315624873 13.7173696756363 13.6762077887853 13.6350459019343 13.5938840150833 13.5498621622721 13.4972604115804 13.4446586608887 13.3920569101969 13.3394551595052 13.2868534088135 13.2342516581218 13.18164990743 13.045055270195 12.8804630041123 12.7158707380295 12.5512784719467 12.386686205864 12.2220939397812 12.0575016736985 11.828751285871 11.4075265328091 10.9863017797471 10.5650770266852 10.1438522736233 9.72262752056135 9.30140276749945 8.88017801443755 8.05474294126057 7.0945710947119 6.13439924816323 5.1742274016144 4.21405555506572 -9999 -9999 -9999 -9999 -9999 -9999 -9999 -9999
14.1163923104604 14.0157569514381 13.9151215924157 13.8612822294235 13.8230415317747 13.7848008341259 13.7465601364772 13.7083194388284 13.6700787411796 13.6318380435308 13.5887986077203 13.5313629574246 13.4739273071289 13.4164916568332 13.3590560065376 13.3016203562419 13.2441847059462 13.1867490556505 13.042350824674 12.8689650668039 12.6955793089337 12.5221935510636 12.3488077931934 12.1754220353233 12.0020362774531 11.7536525752811 11.2802750402028 10.8068975051245 10.3335199700463 9.86014243496809 9.38676489988978 8.91338736481156 8.44000982973334 7.64248386124795 6.73690841496019 5.83133296867244 4.92575752238454 4.02018207609679 -9999 -9999 -9999 -9999 -9999 -9999 -9999 -9999
14.1449550787608 14.0397300455306 13.9345050123003 13.8817091226578 13.8463896142112 13.8110701057646 13.775750597318 13.7404310888714 13.7051115804248 13.6697920719783 13.6277350531684 13.5654655032688 13.5031959533691 13.4409264034695 13.3786568535699 13.3163873036703 13.2541177537706 13.191848203871 13.039646379153 12.8574671294955 12.6752878798379 12.4931086301804 12.3109293805229 12.1287501308654 11.9465708812078 11.6785538646911 11.1530235475966 10.6274932305019 10.1019629134074 9.57643259631281 9.05090227921817 8.52537196212361 7.99984164502906 7.23022478123525 6.37924573520843 5.5282666891816 4.67728764315464 -9999 -9999 -9999 -9999 -9999 -9999 -9999 -9999 -9999
