data/working_set_collections/6091692-Cassins_Sparrow-MC/1980/bio3.asc
NCOLS 265 
NROWS 230 
XLLCORNER -115.5625 
YLLCORNER 24.8333333333333 
CELLSIZE 0.0833333333333333 
NODATA_value -9999 
[rows 100 to 119 of 230, columns 138 to 183 of 265]
42.0003377596537 41.9644751548767 41.9286125500997 41.8927499453227 41.8017483711243 41.6923671404521 41.5829859097799 41.4736046791077 41.3642234484355 41.2548422177633 41.1454609870911 41.0382037162781 40.9373183250427 40.8364329338074 40.735547542572 40.6346621513367 40.5337767601013 40.432891368866 40.3320059776306 40.2066504478455 40.0731382052104 39.9396259625753 39.8061137199402 39.6726014773051 39.53908923467 39.4055769920349 39.2676340421041 39.1163989702861 38.965163898468 38.81392882665 38.662693754832 38.5114586830139 38.3602236111959 38.2089885393779 38.096682548523 37.9973529179891 37.8980232874553 37.7986936569214 37.6993640263875 37.6000343958537 37.5007047653198 37.3866779327393 37.2285594940186 37.0704410552979 36.9123226165772 36.7542041778565
41.9774587949117 41.9465819994609 41.91570520401 41.8848284085592 41.798859055837 41.6945255173577 41.5901919788785 41.4858584403992 41.3815249019199 41.2771913634406 41.1728578249614 41.0703951623705 40.9735451274448 40.8766950925191 40.7798450575935 40.6829950226678 40.5861449877421 40.4892949528164 40.3924449178908 40.2649777412415 40.1273048506843 39.9896319601271 39.8519590695699 39.7142861790128 39.5766132884556 39.4389403978984 39.2969585736593 39.1420499483745 38.9871413230896 38.8322326978048 38.67732407252 38.5224154472351 38.3675068219503 38.2125981966655 38.1038331985474 38.0104494094849 37.9170656204224 37.8236818313599 37.7302980422974 37.6369142532349 37.5435304641724 37.4345826466879 37.2789427439372 37.1233028411865 36.9676629384359 36.8120230356853
41.9774579366048 41.9460177103678 41.9145774841309 41.8831372578939 41.7972765604655 41.6932757059733 41.5892748514812 41.485273996989 41.3812731424968 41.2772722880046 41.1732714335124 41.0708151711358 40.9729926851061 40.8751701990764 40.7773477130466 40.6795252270169 40.5817027409872 40.4838802549574 40.3860577689277 40.2592998186748 40.1228967136807 39.9864936086867 39.8500905036927 39.7136873986986 39.5772842937046 39.4408811887106 39.3015303611756 39.1533363660177 39.0051423708598 38.8569483757019 38.7087543805441 38.5605603853862 38.4123663902283 38.2641723950704 38.1599152247111 38.070303662618 37.9806921005249 37.8910805384318 37.8014689763387 37.7118574142456 37.6222458521525 37.5157112545438 37.3584075503879 37.2011038462321 37.0438001420763 36.8864964379205
42.0003351847331 41.9627822875977 41.9252293904622 41.8876764933268 41.7970008850098 41.6886177062989 41.5802345275879 41.471851348877 41.363468170166 41.2550849914551 41.1467018127442 41.0394637425741 40.9356609980266 40.831858253479 40.7280555089315 40.624252764384 40.5204500198365 40.4166472752889 40.3128445307414 40.1896166801453 40.0599137941997 39.930210908254 39.8005080223084 39.6708051363627 39.5411022504171 39.4113993644715 39.281349404653 39.1502582232158 39.0191670417786 38.8880758603414 38.7569846789042 38.625893497467 38.4948023160299 38.3637111345927 38.2649286270142 38.1769156773885 38.0889027277629 38.0008897781372 37.9128768285116 37.8248638788859 37.7368509292602 37.630063756307 37.4669539133708 37.3038440704346 37.1407342274984 36.9776243845622
42.0232124328613 41.9795468648275 41.9358812967936 41.8922157287598 41.7967252095541 41.6839597066244 41.5711942036947 41.458428700765 41.3456631978353 41.2328976949056 41.1201321919759 41.0081123140123 40.898329310947 40.7885463078817 40.6787633048164 40.5689803017511 40.4591972986857 40.3494142956204 40.2396312925551 40.1199335416158 39.9969308747186 39.8739282078214 39.7509255409241 39.6279228740269 39.5049202071296 39.3819175402324 39.2611684481303 39.1471800804138 39.0331917126974 38.9192033449809 38.8052149772644 38.6912266095479 38.5772382418315 38.463249874115 38.3699420293172 38.283527692159 38.1971133550008 38.1106990178426 38.0242846806844 37.9378703435262 37.851456006368 37.7444162580702 37.5755002763537 37.4065842946371 37.2376683129205 37.0687523312039
42.0460896809896 41.9963114420573 41.946533203125 41.8967549641927 41.7964495340983 41.6793017069499 41.5621538798015 41.445006052653 41.3278582255046 41.2107103983562 41.0935625712077 40.9767608854506 40.8609976238675 40.7452343622844 40.6294711007013 40.5137078391181 40.397944577535 40.2821813159519 40.1664180543688 40.0502504030864 39.9339479552375 39.8176455073887 39.7013430595398 39.585040611691 39.4687381638421 39.3524357159933 39.2409874916077 39.1441019376119 39.0472163836161 38.9503308296204 38.8534452756246 38.7565597216288 38.6596741676331 38.5627886136373 38.4749554316203 38.3901397069295 38.3053239822388 38.220508257548 38.1356925328573 38.0508768081665 37.9660610834758 37.8587687598335 37.6840466393365 37.5093245188395 37.3346023983426 37.1598802778456
42.0689669291178 42.0130760192871 41.9571851094564 41.9012941996257 41.7961738586426 41.6746437072754 41.5531135559082 41.431583404541 41.3100532531739 41.1885231018067 41.0669929504395 40.9454094568889 40.823665936788 40.701922416687 40.5801788965861 40.4584353764852 40.3366918563843 40.2149483362834 40.0932048161825 39.9805672645569 39.8709650357565 39.761362806956 39.6517605781555 39.5421583493551 39.4325561205546 39.3229538917542 39.2208065350851 39.14102379481 39.0612410545349 38.9814583142599 38.9016755739848 38.8218928337097 38.7421100934346 38.6623273531596 38.5799688339233 38.4967517217 38.4135346094767 38.3303174972534 38.2471003850301 38.1638832728068 38.0806661605835 37.9731212615967 37.7925930023194 37.612064743042 37.4315364837647 37.2510082244873
42.0918441772461 42.0298405965169 41.9678370157878 41.9058334350586 41.7958981831869 41.6699857076009 41.544073232015 41.4181607564291 41.2922482808431 41.1663358052572 41.0404233296712 40.9140580283271 40.7863342497084 40.6586104710897 40.530886692471 40.4031629138523 40.2754391352336 40.1477153566149 40.0199915779962 39.9108841260274 39.8079821162754 39.7050801065233 39.6021780967713 39.4992760870192 39.3963740772672 39.2934720675151 39.2006255785624 39.1379456520081 39.0752657254537 39.0125857988993 38.949905872345 38.8872259457906 38.8245460192362 38.7618660926819 38.6849822362264 38.6033637364705 38.5217452367147 38.4401267369588 38.358508237203 38.2768897374471 38.1952712376912 38.0874737633599 37.9011393653022 37.7148049672445 37.5284705691868 37.342136171129
42.0945964495341 42.0265779813131 41.9585595130921 41.890541044871 41.7792186737061 41.6534616682265 41.5277046627469 41.4019476572673 41.2761906517877 41.1504336463081 41.0246766408285 40.8989826096429 40.7734775013394 40.6479723930359 40.5224672847324 40.3969621764289 40.2714570681254 40.1459519598219 40.0204468515185 39.9123629252116 39.8100860595703 39.7078091939291 39.6055323282878 39.5032554626465 39.4009785970052 39.2987017313639 39.2079007678562 39.151527510749 39.0951542536418 39.0387809965346 38.9824077394274 38.9260344823202 38.869661225213 38.8132879681058 38.7381876309713 38.6568449338277 38.5755022366842 38.4941595395406 38.4128168423971 38.3314741452535 38.25013144811 38.142307249705 37.9550385475159 37.7677698453268 37.5805011431377 37.3932324409485
42.0772237459819 42.0032881736756 41.9293526013692 41.8554170290629 41.7461353302002 41.625071589152 41.5040078481039 41.3829441070557 41.2618803660075 41.1408166249593 41.0197528839112 40.9001832008362 40.7850956916809 40.6700081825256 40.5549206733704 40.4398331642151 40.3247456550598 40.2096581459046 40.0945706367493 39.9850036621094 39.8772768656413 39.7695500691732 39.6618232727051 39.554096476237 39.4463696797689 39.3386428833008 39.2426321029663 39.1817693710327 39.1209066390991 39.0600439071655 38.9991811752319 38.9383184432983 38.8774557113648 38.8165929794312 38.739585018158 38.6571953137716 38.5748056093852 38.4924159049988 38.4100262006124 38.327636496226 38.2452467918396 38.137621720632 37.9542905489604 37.7709593772888 37.5876282056173 37.4042970339458
42.0598510424296 41.979998366038 41.9001456896464 41.8202930132548 41.7130519866944 41.5966815100776 41.4803110334609 41.3639405568441 41.2475700802273 41.1311996036106 41.0148291269938 40.9013837920295 40.7967138820225 40.6920439720154 40.5873740620084 40.4827041520013 40.3780342419942 40.2733643319872 40.1686944219801 40.0576443990072 39.9444676717123 39.8312909444173 39.7181142171224 39.6049374898275 39.4917607625326 39.3785840352376 39.2773634380764 39.2120112313165 39.1466590245565 39.0813068177965 39.0159546110365 38.9506024042765 38.8852501975166 38.8198979907566 38.7409824053447 38.6575456937154 38.5741089820862 38.490672270457 38.4072355588277 38.3237988471985 38.2403621355693 38.1329361915589 37.9535425504049 37.7741489092509 37.594755268097 37.415361626943
42.0424783388774 41.9567085584005 41.8709387779236 41.7851689974467 41.6799686431885 41.5682914310032 41.4566142188178 41.3449370066325 41.2332597944472 41.1215825822619 41.0099053700765 40.9025843832228 40.808332072364 40.7140797615051 40.6198274506463 40.5255751397875 40.4313228289286 40.3370705180698 40.242818207211 40.130285135905 40.0116584777832 39.8930318196615 39.7744051615397 39.655778503418 39.5371518452963 39.4185251871745 39.3120947731866 39.2422530916002 39.1724114100138 39.1025697284275 39.0327280468411 38.9628863652547 38.8930446836684 38.823203002082 38.7423797925314 38.6578960736593 38.5734123547872 38.4889286359151 38.4044449170431 38.319961198171 38.2354774792989 38.1282506624858 37.9527945518494 37.777338441213 37.6018823305766 37.4264262199402
42.0251056353251 41.933418750763 41.8417318662008 41.7500449816386 41.6468852996826 41.5399013519287 41.4329174041748 41.3259334564209 41.218949508667 41.1119655609131 41.0049816131592 40.9037849744161 40.8199502627055 40.7361155509949 40.6522808392843 40.5684461275737 40.484611415863 40.4007767041524 40.3169419924418 40.2029258728027 40.0788492838542 39.9547726949056 39.830696105957 39.7066195170085 39.5825429280599 39.4584663391113 39.3468261082967 39.272494951884 39.1981637954712 39.1238326390584 39.0495014826457 38.9751703262329 38.9008391698202 38.8265080134074 38.743777179718 38.6582464536031 38.5727157274882 38.4871850013733 38.4016542752584 38.3161235491435 38.2305928230286 38.1235651334127 37.9520465532939 37.7805279731751 37.6090093930563 37.4374908129375
42.0077329317729 41.9101289431254 41.812524954478 41.7149209658305 41.6138019561768 41.5115112728543 41.4092205895318 41.3069299062093 41.2046392228868 41.1023485395644 41.0000578562419 40.9049855656094 40.831568453047 40.7581513404846 40.6847342279222 40.6113171153599 40.5379000027974 40.4644828902351 40.3910657776727 40.2755666097005 40.1460400899252 40.0165135701498 39.8869870503744 39.757460530599 39.6279340108236 39.4984074910482 39.3815574434069 39.3027368121677 39.2239161809286 39.1450955496894 39.0662749184503 38.9874542872111 38.908633655972 38.8298130247328 38.7451745669047 38.658596833547 38.5720191001892 38.4854413668315 38.3988636334737 38.312285900116 38.2257081667582 38.1188796043396 37.9512985547384 37.7837175051372 37.6161364555359 37.4485554059347
42.0131841977438 41.9113034248352 41.8094226519267 41.7075418790182 41.6087391535441 41.5109624438816 41.413185734219 41.3154090245565 41.217632314894 41.1198556052314 41.0220788955689 40.9315814230177 40.8629216618008 40.7942619005839 40.725602139367 40.6569423781501 40.5882826169332 40.5196228557163 40.4509630944994 40.3349489529928 40.2031500180563 40.0713510831197 39.9395521481832 39.8077532132467 39.6759542783102 39.5441553433736 39.4237823274401 39.3376870685154 39.2515918095907 39.165496550666 39.0794012917413 38.9933060328166 38.9072107738919 38.8211155149672 38.7327651341756 38.6436630460951 38.5545609580146 38.4654588699341 38.3763567818536 38.2872546937731 38.1981526056926 38.0910086525812 37.929739104377 37.7684695561727 37.6072000079685 37.4459304597643
42.0414594332377 41.9369421958923 41.832424958547 41.7279077212016 41.6316968917847 41.5382548650106 41.4448128382365 41.3513708114624 41.2579287846883 41.1644867579142 41.0710447311401 40.983572546641 40.9140098889669 40.8444472312927 40.7748845736186 40.7053219159444 40.6357592582703 40.5661966005961 40.496633942922 40.3810729026795 40.2501790682475 40.1192852338155 39.9883913993836 39.8574975649516 39.7266037305196 39.5957098960877 39.4735007603963 39.3773457209269 39.2811906814575 39.1850356419881 39.0888806025187 38.9927255630493 38.8965705235799 38.8004154841105 38.7065488815308 38.6134450912476 38.5203413009644 38.4272375106812 38.334133720398 38.2410299301148 38.1479261398316 38.0399522781372 37.8873682022095 37.7347841262818 37.582200050354 37.4296159744263
42.0697346687317 41.9625809669495 41.8554272651673 41.748273563385 41.6546546300252 41.5655472861396 41.476439942254 41.3873325983683 41.2982252544827 41.2091179105971 41.1200105667114 41.0355636702644 40.965098116133 40.8946325620016 40.8241670078702 40.7537014537388 40.6832358996074 40.6127703454759 40.5423047913445 40.4271968523661 40.2972081184387 40.1672193845113 40.0372306505839 39.9072419166565 39.7772531827291 39.6472644488017 39.5232191933526 39.4170043733385 39.3107895533244 39.2045747333103 39.0983599132962 38.9921450932821 38.885930273268 38.7797154532539 38.6803326288859 38.5832271364 38.4861216439141 38.3890161514283 38.2919106589424 38.1948051664565 38.0976996739706 37.9888959036933 37.8449973000421 37.7010986963908 37.5572000927396 37.4133014890883
42.0980099042257 41.9882197380066 41.8784295717875 41.7686394055685 41.6776123682658 41.5928397072686 41.5080670462714 41.4232943852743 41.3385217242771 41.2537490632799 41.1689764022827 41.0875547938877 41.016186343299 40.9448178927104 40.8734494421217 40.8020809915331 40.7307125409444 40.6593440903558 40.5879756397671 40.4733208020528 40.34423716863 40.2151535352071 40.0860699017843 39.9569862683614 39.8279026349386 39.6988190015157 39.5729376263089 39.4566630257501 39.3403884251913 39.2241138246325 39.1078392240737 38.9915646235148 38.875290022956 38.7590154223972 38.6541163762411 38.5530091815525 38.4519019868639 38.3507947921753 38.2496875974867 38.1485804027982 38.0474732081096 37.9378395292494 37.8026263978747 37.6674132664999 37.5322001351251 37.3969870037503
42.1262851397197 42.0138585090637 41.9014318784078 41.7890052477519 41.7005701065064 41.6201321283976 41.5396941502889 41.4592561721802 41.3788181940715 41.2983802159627 41.217942237854 41.139545917511 41.0672745704651 40.9950032234192 40.9227318763733 40.8504605293274 40.7781891822815 40.7059178352356 40.6336464881897 40.5194447517395 40.3912662188212 40.2630876859029 40.1349091529846 40.0067306200663 39.8785520871481 39.7503735542298 39.6226560592652 39.4963216781616 39.3699872970581 39.2436529159546 39.1173185348511 38.9909841537476 38.8646497726441 38.7383153915406 38.6279001235962 38.5227912267049 38.4176823298137 38.3125734329224 38.2074645360311 38.1023556391399 37.9972467422486 37.8867831548055 37.7602554957072 37.6337278366089 37.5072001775106 37.3806725184123
42.1545603752136 42.0394972801209 41.9244341850281 41.8093710899353 41.7235278447469 41.6474245495266 41.5713212543064 41.4952179590861 41.4191146638658 41.3430113686456 41.2669080734253 41.1915370411343 41.1183627976312 41.045188554128 40.9720143106249 40.8988400671217 40.8256658236186 40.7524915801154 40.6793173366123 40.5655687014262 40.4382952690125 40.3110218365987 40.183748404185 40.0564749717713 39.9292015393575 39.8019281069438 39.6723744922214 39.5359803305732 39.399586168925 39.2631920072768 39.1267978456286 38.9904036839803 38.8540095223321 38.7176153606839 38.6016838709514 38.4925732718574 38.3834626727634 38.2743520736695 38.1652414745755 38.0561308754815 37.9470202763876 37.8357267803616 37.7178845935398 37.600042406718 37.4822002198961 37.3643580330743
