data/working_set_collections/6091692-Cassins_Sparrow-MC/1980/bio3.asc
NCOLS 265 
NROWS 230 
XLLCORNER -115.5625 
YLLCORNER 24.8333333333333 
CELLSIZE 0.0833333333333333 
NODATA_value -9999 
[rows 120 to 139 of 230, columns 92 to 137 of 265]
44.6828749126858 44.549412812127 44.4159507115682 44.2824886110094 44.1490265104506 44.0521052360535 43.9673642370436 43.8826232380337 43.7978822390239 43.713141240014 43.6284002410041 43.5436592419942 43.4498999383715 43.32908572091 43.2082715034485 43.087457285987 42.9666430685256 42.8458288510641 42.7250146336026 42.6042004161411 42.5823187192281 42.5934145291646 42.6045103391012 42.6156061490377 42.6267019589742 42.6377977689107 42.6488935788472 42.6649941020542 42.6961087650723 42.7272234280904 42.7583380911085 42.7894527541266 42.8205674171448 42.8516820801629 42.882796743181 42.8696990966797 42.8418640136719 42.8140289306641 42.7861938476562 42.7583587646484 42.7305236816406 42.7026885986328 42.6523164325291 42.5343330171373 42.4163496017456 42.2983661863539
44.7566673914592 44.611864789327 44.4670621871948 44.3222595850627 44.1774569829305 44.0716637611389 43.9788736661275 43.8860835711161 43.7932934761048 43.7005033810934 43.607713286082 43.5149231910706 43.4141486167908 43.2894206047058 43.1646925926209 43.0399645805359 42.915236568451 42.790508556366 42.665780544281 42.5410525321961 42.5259013175964 42.5472757021586 42.5686500867208 42.590024471283 42.6113988558451 42.6327732404073 42.6541476249695 42.6796868960063 42.7177208264669 42.7557547569275 42.7937886873881 42.8318226178487 42.8698565483093 42.9078904787699 42.9459244092305 42.9317695617676 42.9002184549967 42.8686673482259 42.8371162414551 42.8055651346842 42.7740140279134 42.7424629211426 42.6885026931763 42.5673151016236 42.4461275100708 42.3249399185181
44.8304598702325 44.674316766527 44.5181736628215 44.362030559116 44.2058874554104 44.0912222862244 43.9903830952115 43.8895439041985 43.7887047131856 43.6878655221727 43.5870263311598 43.4861871401469 43.3783972952101 43.2497554885017 43.1211136817932 42.9924718750848 42.8638300683764 42.7351882616679 42.6065464549595 42.477904648251 42.4694839159648 42.5011368751526 42.5327898343404 42.5644427935282 42.5960957527161 42.6277487119039 42.6594016710917 42.6943796899584 42.7393328878614 42.7842860857645 42.8292392836677 42.8741924815708 42.9191456794739 42.964098877377 43.0090520752801 42.9938400268555 42.9585728963216 42.9233057657878 42.8880386352539 42.85277150472 42.8175043741862 42.7822372436523 42.7246889538235 42.6002971861098 42.475905418396 42.3515136506823
44.9042523490058 44.736768743727 44.5692851384481 44.4018015331692 44.2343179278904 44.1107808113098 44.0018925242954 43.893004237281 43.7841159502665 43.6752276632521 43.5663393762377 43.4574510892232 43.3426459736295 43.2100903722975 43.0775347709656 42.9449791696337 42.8124235683018 42.6798679669698 42.5473123656379 42.414756764306 42.4130665143331 42.4549980481466 42.49692958196 42.5388611157735 42.580792649587 42.6227241834005 42.6646557172139 42.7090724839104 42.760944949256 42.8128174146016 42.8646898799472 42.9165623452928 42.9684348106384 43.020307275984 43.0721797413296 43.0559104919434 43.0169273376465 42.9779441833496 42.9389610290527 42.8999778747559 42.860994720459 42.8220115661621 42.7608752144708 42.633279270596 42.5056833267212 42.3780873828464
44.9780448277792 44.7992207209269 44.6203966140747 44.4415725072225 44.2627484003703 44.1303393363953 44.0134019533793 43.8964645703634 43.7795271873474 43.6625898043315 43.5456524213155 43.4287150382996 43.3068946520488 43.1704252560934 43.033955860138 42.8974864641826 42.7610170682272 42.6245476722718 42.4880782763164 42.351608880361 42.3566491127014 42.4088592211405 42.4610693295797 42.5132794380188 42.5654895464579 42.617699654897 42.6699097633362 42.7237652778625 42.7825570106506 42.8413487434387 42.9001404762268 42.9589322090149 43.017723941803 43.076515674591 43.1353074073791 43.1179809570312 43.0752817789714 43.0325826009115 42.9898834228516 42.9471842447917 42.9044850667318 42.8617858886719 42.797061475118 42.6662613550822 42.5354612350464 42.4046611150106
45.0518373065525 44.8616726981269 44.6715080897014 44.4813434812758 44.2911788728502 44.1498978614807 44.0249113824633 43.8999249034458 43.7749384244283 43.6499519454109 43.5249654663934 43.3999789873759 43.2711433304681 43.1307601398892 42.9903769493103 42.8499937587315 42.7096105681526 42.5692273775737 42.4288441869948 42.2884609964159 42.3002317110697 42.3627203941345 42.4252090771993 42.4876977602641 42.5501864433288 42.6126751263936 42.6751638094584 42.7384580718146 42.8041690720452 42.8698800722758 42.9355910725064 43.0013020727369 43.0670130729675 43.1327240731981 43.1984350734287 43.1800514221191 43.1336362202962 43.0872210184733 43.0408058166504 42.9943906148275 42.9479754130046 42.9015602111816 42.8332477357653 42.6992434395684 42.5652391433716 42.4312348471748
45.0657335175409 44.8726975864835 44.6796616554261 44.4866257243687 44.2935897933112 44.1484298706055 44.0192286173503 43.8900273640951 43.7608261108399 43.6316248575847 43.5024236043294 43.3732223510742 43.2400577969022 43.0950033399794 42.9499488830567 42.8048944261339 42.6598399692112 42.5147855122884 42.3697310553657 42.224676598443 42.2380220095317 42.3041673766242 42.3703127437168 42.4364581108093 42.5026034779019 42.5687488449944 42.634894212087 42.7029312557644 42.7766433291965 42.8503554026286 42.9240674760606 42.9977795494927 43.0714916229248 43.1452036963569 43.2189157697889 43.2033704757691 43.1580727259318 43.1127749760946 43.0674772262573 43.0221794764201 42.9768817265829 42.9315839767456 42.8642717679342 42.7309161822001 42.5975605964661 42.464205010732
45.0197334607443 44.8322953859965 44.6448573112488 44.4574192365011 44.2699811617534 44.1259353637696 43.9963536580404 43.8667719523112 43.7371902465821 43.6076085408529 43.4780268351237 43.3484451293946 43.213638051351 43.063154856364 42.912671661377 42.76218846639 42.611705271403 42.461222076416 42.3107388814291 42.1602556864421 42.1700200080872 42.2332001686096 42.2963803291321 42.3595604896545 42.422740650177 42.4859208106995 42.5491009712219 42.6171848297119 42.6999797821045 42.7827747344971 42.8655696868896 42.9483646392822 43.0311595916748 43.1139545440674 43.1967494964599 43.187938117981 43.1485912958781 43.1092444737752 43.0698976516724 43.0305508295695 42.9912040074666 42.9518571853638 42.8901335716248 42.7612795829773 42.6324255943299 42.5035716056824
44.9737334039477 44.7918931855096 44.6100529670716 44.4282127486335 44.2463725301955 44.1034408569336 43.9734786987305 43.8435165405274 43.7135543823242 43.5835922241211 43.453630065918 43.3236679077149 43.1872183057997 43.0313063727485 42.8753944396973 42.7194825066461 42.5635705735949 42.4076586405437 42.2517467074925 42.0958347744412 42.1020180066427 42.162232960595 42.2224479145474 42.2826628684998 42.3428778224521 42.4030927764045 42.4633077303569 42.5314384036594 42.6233162350125 42.7151940663655 42.8070718977186 42.8989497290717 42.9908275604248 43.0827053917779 43.1745832231309 43.1725057601929 43.1391098658244 43.1057139714559 43.0723180770874 43.0389221827189 43.0055262883504 42.9721303939819 42.9159953753154 42.7916429837545 42.6672905921936 42.5429382006328
44.9277333471511 44.7514909850227 44.5752486228943 44.399006260766 44.2227638986376 44.0809463500977 43.9506037394206 43.8202611287435 43.6899185180664 43.5595759073894 43.4292332967123 43.2988906860352 43.1607985602485 42.9994578891331 42.8381172180176 42.6767765469022 42.5154358757867 42.3540952046713 42.1927545335558 42.0314138624403 42.0340160051982 42.0912657525804 42.1485154999627 42.205765247345 42.2630149947272 42.3202647421095 42.3775144894918 42.4456919776069 42.5466526879204 42.647613398234 42.7485741085476 42.8495348188612 42.9504955291748 43.0514562394884 43.1524169498019 43.1570734024048 43.1296284357707 43.1021834691366 43.0747385025024 43.0472935358683 43.0198485692342 42.9924036026001 42.941857179006 42.8220063845317 42.7021555900574 42.5823047955831
44.8817332903545 44.7110887845358 44.5404442787171 44.3697997728984 44.1991552670797 44.0584518432617 43.9277287801107 43.7970057169597 43.6662826538086 43.5355595906576 43.4048365275065 43.2741134643555 43.1343788146973 42.9676094055176 42.8008399963379 42.6340705871583 42.4673011779785 42.3005317687989 42.1337623596192 41.9669929504395 41.9660140037537 42.0202985445658 42.074583085378 42.1288676261902 42.1831521670024 42.2374367078145 42.2917212486267 42.3599455515543 42.4699891408284 42.5800327301025 42.6900763193766 42.8001199086507 42.9101634979248 43.0202070871989 43.130250676473 43.1416410446167 43.120147005717 43.0986529668172 43.0771589279175 43.0556648890177 43.034170850118 43.0126768112183 42.9677189826966 42.8523697853089 42.7370205879212 42.6216713905335
44.8357332335578 44.6706865840488 44.5056399345398 44.3405932850308 44.1755466355218 44.0359573364258 43.9048538208008 43.7737503051758 43.6426467895508 43.5115432739258 43.3804397583008 43.2493362426758 43.1079590691461 42.9357609219022 42.7635627746582 42.5913646274143 42.4191664801704 42.2469683329265 42.0747701856826 41.9025720384386 41.8980120023092 41.9493313365512 42.0006506707933 42.0519700050354 42.1032893392775 42.1546086735196 42.2059280077616 42.2741991255018 42.3933255937364 42.512452061971 42.6315785302056 42.7507049984402 42.8698314666748 42.9889579349094 43.108084403144 43.1262086868286 43.1106655756633 43.0951224644979 43.0795793533325 43.0640362421672 43.0484931310018 43.0329500198364 42.9935807863871 42.882733186086 42.7718855857849 42.6610379854838
44.655465189616 44.5085706075033 44.3616760253907 44.214781443278 44.0678868611654 43.9404385566712 43.8194723447164 43.6985061327617 43.5775399208069 43.4565737088522 43.3356074968974 43.2146412849427 43.0806961907281 42.9078144497342 42.7349327087403 42.5620509677464 42.3891692267524 42.2162874857585 42.0434057447646 41.8705240037706 41.8646401405334 41.9144222365485 41.9642043325636 42.0139864285787 42.0637685245938 42.1135506206088 42.1633327166239 42.2309155358208 42.3519005245632 42.4728855133056 42.593870502048 42.7148554907904 42.8358404795329 42.9568254682753 43.0778104570177 43.0991233507792 43.0872122128805 43.0753010749817 43.0633899370829 43.0514787991842 43.0395676612854 43.0276565233866 42.9926218986512 42.8882168134054 42.7838117281596 42.6794066429138
44.3409291585287 44.2247408548992 44.1085525512696 43.99236424764 43.8761759440105 43.7718955039978 43.6715843518576 43.5712731997172 43.4709620475769 43.3706508954366 43.2703397432963 43.170028591156 43.0525901794434 42.8837699890137 42.714949798584 42.5461296081543 42.3773094177246 42.208489227295 42.0396690368653 41.8708488464356 41.8658984184265 41.9155712445577 41.9652440706889 42.0149168968201 42.0645897229512 42.1142625490824 42.1639353752136 42.2300947825114 42.3457139333089 42.4613330841064 42.576952234904 42.6925713857015 42.808190536499 42.9238096872965 43.0394288380941 43.0603850364685 43.0497869173686 43.0391887982686 43.0285906791687 43.0179925600688 43.0073944409688 42.9967963218689 42.9648423194885 42.8688206672669 42.7727990150452 42.6767773628235
44.0263931274415 43.940911102295 43.8554290771485 43.769947052002 43.6844650268555 43.6033524513245 43.5236963589987 43.4440402666728 43.364384174347 43.2847280820211 43.2050719896952 43.1254158973694 43.0244841681587 42.8597255282932 42.6949668884278 42.5302082485623 42.3654496086968 42.2006909688314 42.035932328966 41.8711736891005 41.8671566963196 41.9167202525669 41.9662838088141 42.0158473650614 42.0654109213087 42.114974477556 42.1645380338033 42.2292740292019 42.3395273420546 42.4497806549072 42.5600339677598 42.6702872806125 42.7805405934652 42.8907939063178 43.0010472191704 43.0216467221578 43.0123616218567 43.0030765215556 42.9937914212545 42.9845063209534 42.9752212206523 42.9659361203512 42.937062740326 42.8494245211284 42.7617863019308 42.6741480827332
43.7118570963542 43.6570813496908 43.6023056030274 43.547529856364 43.4927541097005 43.4348093986512 43.3758083661398 43.3168073336284 43.257806301117 43.1988052686056 43.1398042360942 43.0808032035828 42.996378156874 42.8356810675727 42.6749839782715 42.5142868889703 42.3535897996691 42.1928927103679 42.0321956210667 41.8714985317654 41.8684149742126 41.917869260576 41.9673235469394 42.0167778333028 42.0662321196662 42.1156864060296 42.165140692393 42.2284532758924 42.3333407508002 42.438228225708 42.5431157006158 42.6480031755235 42.7528906504313 42.8577781253391 42.9626656002468 42.9829084078471 42.9749363263448 42.9669642448425 42.9589921633403 42.951020081838 42.9430480003357 42.9350759188334 42.9092831611634 42.8300283749899 42.7507735888163 42.6715188026428
43.397321065267 43.3732515970866 43.3491821289063 43.325112660726 43.3010431925456 43.2662663459778 43.2279203732809 43.1895744005839 43.151228427887 43.11288245519 43.0745364824931 43.0361905097962 42.9682721455892 42.8116366068522 42.6550010681153 42.4983655293783 42.3417299906413 42.1850944519043 42.0284589131673 41.8718233744303 41.8696732521057 41.9190182685852 41.9683632850647 42.0177083015442 42.0670533180237 42.1163983345032 42.1657433509827 42.227632522583 42.3271541595459 42.4266757965088 42.5261974334717 42.6257190704345 42.7252407073974 42.8247623443603 42.9242839813232 42.9441700935364 42.9375110308329 42.9308519681295 42.924192905426 42.9175338427226 42.9108747800191 42.9042157173157 42.8815035820008 42.8106322288513 42.7397608757019 42.6688895225525
43.0827850341797 43.0894218444825 43.0960586547852 43.1026954650879 43.1093322753907 43.0977232933045 43.080032380422 43.0623414675395 43.044650554657 43.0269596417745 43.009268728892 42.9915778160095 42.9401661343045 42.7875921461318 42.635018157959 42.4824441697863 42.3298701816135 42.1772961934408 42.024722205268 41.8721482170953 41.8709315299988 41.9201672765944 41.96940302319 42.0186387697856 42.0678745163811 42.1171102629768 42.1663460095723 42.2268117692735 42.3209675682915 42.4151233673096 42.5092791663276 42.6034349653456 42.6975907643636 42.7917465633816 42.8859023623996 42.9054317792257 42.900085735321 42.8947396914164 42.8893936475118 42.8840476036072 42.8787015597026 42.8733555157979 42.8537240028381 42.7912360827128 42.7287481625875 42.6662602424622
42.9452699661255 42.9609348932902 42.9765998204549 42.9922647476196 43.0079296747844 43.0052169799805 42.9963784111871 42.9875398423937 42.9787012736003 42.9698627048069 42.9610241360134 42.9521855672201 42.9095733642578 42.7656402587891 42.6217071533203 42.4777740478516 42.3338409423828 42.1899078369141 42.0459747314453 41.9020416259766 41.902636273702 41.9514068391588 42.0001774046156 42.0489479700724 42.0977185355292 42.146489100986 42.1952596664429 42.2529925028483 42.3376121520996 42.4222318013509 42.5068514506022 42.5914710998535 42.6760907491048 42.7607103983561 42.8453300476074 42.8616958300273 42.8553103235033 42.8489248169793 42.8425393104553 42.8361538039314 42.8297682974074 42.8233827908834 42.8048316743639 42.7497837278578 42.6947357813517 42.6396878348457
42.9847758611043 42.9877907435099 42.9908056259155 42.9938205083211 42.9968353907267 42.9887474060059 42.9769584655762 42.9651695251465 42.9533805847168 42.9415916442871 42.9298027038574 42.9180137634277 42.8764938354493 42.7457809448242 42.6150680541992 42.4843551635742 42.3536422729492 42.2229293823242 42.0922164916992 41.9615036010742 41.9647874832153 42.0127369562785 42.0606864293416 42.1086359024048 42.1565853754679 42.2045348485311 42.2524843215942 42.3061747233073 42.37708791097 42.4480010986328 42.5189142862956 42.5898274739583 42.6607406616211 42.7316538492838 42.8025670369466 42.8129622459412 42.8031847953797 42.7934073448181 42.7836298942566 42.7738524436951 42.7640749931336 42.754297542572 42.734826596578 42.6862751642863 42.6377237319947 42.589172299703
