data/working_set_collections/6091692-Cassins_Sparrow-MC/1980/bio3.asc
NCOLS 265 
NROWS 230 
XLLCORNER -115.5625 
YLLCORNER 24.8333333333333 
CELLSIZE 0.0833333333333333 
NODATA_value -9999 
[rows 0 to 19 of 230, columns 184 to 229 of 265]
29.7297032197317 29.6012549665239 29.4728067133162 29.3441571394603 29.2154404587216 29.0867237779829 28.9580070972443 28.8292904165056 28.700573735767 28.5718570550283 28.4604516453213 28.4009800487094 28.3415084520976 28.2820368554857 28.2225652588738 28.163093662262 28.1036220656501 28.0441504690382 27.9923220793406 27.9430414252811 27.8937607712216 27.8444801171621 27.7951994631026 27.745918809043 27.6966381549835 27.6243764824338 27.4831717544132 27.3419670263926 27.2007622983721 27.0595575703515 26.9183528423309 26.7771481143104 26.6359433862898 26.5174438158671 26.4065126313104 26.2955814467536 26.1846502621969 26.0737190776401 25.9627878930834 25.8518567085266 25.7510116259257 25.6804248491923 25.6098380724589 25.5392512957255 25.4686645189921 25.3980777422587
29.864165353775 29.7441017627716 29.6240381717682 29.4959830760956 29.3652641455333 29.2345452149709 29.1038262844086 28.9731073538463 28.8423884232839 28.7116694927216 28.5978650728862 28.5348041852315 28.4717432975769 28.4086824099223 28.3456215222677 28.282560634613 28.2194997469584 28.1564388593038 28.1012032985687 28.0485761801402 27.9959490617116 27.9433219432831 27.8906948248545 27.838067706426 27.7854405879974 27.7122823556264 27.577530781428 27.4427792072296 27.3080276330312 27.1732760588328 27.0385244846344 26.903772910436 26.7690213362376 26.6533778190613 26.5441036542257 26.4348294893901 26.3255553245545 26.2162811597188 26.1070069948832 25.9977328300476 25.8965325991313 25.8195541699727 25.7425757408142 25.6655973116557 25.5886188824972 25.5116404533386
29.9986274878184 29.8869485590193 29.7752696302202 29.6478090127309 29.5150878323449 29.3823666519589 29.2496454715729 29.1169242911869 28.9842031108009 28.8514819304148 28.735278500451 28.6686283217536 28.6019781430562 28.5353279643589 28.4686777856615 28.4020276069641 28.3353774282667 28.2687272495694 28.2100845177968 28.1541109349993 28.0981373522017 28.0421637694041 27.9861901866065 27.9302166038089 27.8742430210114 27.8001882288191 27.6718898084429 27.5435913880666 27.4152929676904 27.2869945473141 27.1586961269379 27.0303977065616 26.9020992861854 26.7893118222555 26.681694677141 26.5740775320265 26.466460386912 26.3588432417976 26.2512260966831 26.1436089515686 26.0420535723368 25.9586834907532 25.8753134091695 25.7919433275859 25.7085732460022 25.6252031644185
30.1330896218618 30.029795355267 29.9265010886722 29.7996349493663 29.6649115191566 29.5301880889469 29.3954646587372 29.2607412285275 29.1260177983178 28.9912943681081 28.8726919280158 28.8024524582757 28.7322129885356 28.6619735187954 28.5917340490553 28.5214945793152 28.4512551095751 28.3810156398349 28.3189657370249 28.2596456898583 28.2003256426917 28.1410055955251 28.0816855483585 28.0223655011919 27.9630454540253 27.8880941020118 27.7662488354577 27.6444035689036 27.5225583023495 27.4007130357954 27.2788677692413 27.1570225026873 27.0351772361332 26.9252458254496 26.8192857000563 26.713325574663 26.6073654492696 26.5014053238763 26.3954451984829 26.2894850730896 26.1875745455424 26.0978128115336 26.0080510775248 25.918289343516 25.8285276095073 25.7387658754985
30.2675517559052 30.1726421515147 30.0777325471242 29.9514608860016 29.8147352059682 29.6780095259349 29.5412838459015 29.4045581658681 29.2678324858348 29.1311068058014 29.0101053555807 28.9362765947978 28.8624478340149 28.788619073232 28.7147903124491 28.6409615516663 28.5671327908834 28.4933040301005 28.4278469562531 28.3651804447174 28.3025139331818 28.2398474216461 28.1771809101105 28.1145143985748 28.0518478870392 27.9759999752045 27.8606078624726 27.7452157497406 27.6298236370087 27.5144315242768 27.3990394115448 27.2836472988129 27.168255186081 27.0611798286438 26.9568767229716 26.8525736172994 26.7482705116272 26.643967405955 26.5396643002828 26.4353611946106 26.333095518748 26.2369421323141 26.1407887458801 26.0446353594462 25.9484819730123 25.8523285865784
30.4020138899485 30.3154889477624 30.2289640055762 30.1032868226369 29.9645588927799 29.8258309629229 29.6871030330658 29.5483751032088 29.4096471733517 29.2709192434947 29.1475187831455 29.0701007313199 28.9926826794942 28.9152646276686 28.837846575843 28.7604285240173 28.6830104721917 28.6055924203661 28.5367281754812 28.4707151995765 28.4047022236718 28.3386892477671 28.2726762718625 28.2066632959578 28.1406503200531 28.0639058483972 27.9549668894874 27.8460279305776 27.7370889716678 27.6281500127581 27.5192110538483 27.4102720949385 27.3013331360287 27.197113831838 27.0944677458869 26.9918216599359 26.8891755739848 26.7865294880337 26.6838834020827 26.5812373161316 26.4786164919535 26.3760714530945 26.2735264142354 26.1709813753764 26.0684363365173 25.9658912976583
30.4647200107575 30.3815520869361 30.2983841631148 30.1765145619711 30.0417444017199 29.9069742414687 29.7722040812175 29.6374339209663 29.5026637607151 29.3678936004639 29.2469709184435 29.1675906711155 29.0882104237874 29.0088301764594 28.9294499291314 28.8500696818034 28.7706894344754 28.6913091871474 28.6219892024994 28.5560226387448 28.4900560749902 28.4240895112356 28.358122947481 28.2921563837263 28.2261898199717 28.1501977072822 28.0441289477878 27.9380601882935 27.8319914287991 27.7259226693048 27.6198539098104 27.513785150316 27.4077163908217 27.3067642529806 27.2075176556905 27.1082710584005 27.0090244611104 26.9097778638204 26.8105312665304 26.7112846692403 26.6100098397997 26.5026503139072 26.3952907880147 26.2879312621223 26.1805717362298 26.0732122103373
30.4556701183319 30.3708315690359 30.2859930197398 30.1711441040039 30.0462917327881 29.9214393615723 29.7965869903565 29.6717346191407 29.5468822479248 29.422029876709 29.3084617614746 29.2287464141846 29.1490310668945 29.0693157196045 28.9896003723145 28.9098850250244 28.8301696777344 28.7504543304444 28.6836300373077 28.6211027622223 28.5585754871369 28.4960482120514 28.433520936966 28.3709936618805 28.308466386795 28.2348755518595 28.1280940373739 28.0213125228882 27.9145310084025 27.8077494939169 27.7009679794312 27.5941864649455 27.4874049504598 27.3901310920715 27.2960264523824 27.2019218126933 27.1078171730042 27.013712533315 26.9196078936259 26.8255032539368 26.7272755622864 26.6166787147522 26.506081867218 26.3954850196839 26.2848881721497 26.1742913246155
30.4466202259064 30.3601110511356 30.2736018763648 30.1657736460368 30.0508390638564 29.9359044816759 29.8209698994955 29.706035317315 29.5911007351346 29.4761661529541 29.3699526045058 29.2899021572537 29.2098517100016 29.1298012627496 29.0497508154975 28.9697003682454 28.8896499209934 28.8095994737413 28.7452708721161 28.6861828856998 28.6270948992835 28.5680069128672 28.5089189264509 28.4498309400347 28.3907429536184 28.3195533964369 28.2120591269599 28.1045648574829 27.9970705880059 27.8895763185289 27.7820820490519 27.6745877795749 27.5670935100979 27.4734979311625 27.3845352490743 27.2955725669861 27.2066098848979 27.1176472028097 27.0286845207214 26.9397218386332 26.8445412847731 26.7307071155972 26.6168729464213 26.5030387772454 26.3892046080695 26.2753704388936
30.4375703334808 30.3493905332354 30.2612107329899 30.1604031880697 30.0553863949246 29.9503696017795 29.8453528086345 29.7403360154894 29.6353192223443 29.5303024291992 29.4314434475369 29.3510579003228 29.2706723531087 29.1902868058947 29.1099012586806 29.0295157114665 28.9491301642524 28.8687446170383 28.8069117069244 28.7512630091773 28.6956143114302 28.6399656136831 28.5843169159359 28.5286682181888 28.4730195204417 28.4042312410143 28.296024216546 28.1878171920776 28.0796101676093 27.971403143141 27.8631961186727 27.7549890942044 27.6467820697361 27.5568647702535 27.4730440457662 27.3892233212789 27.3054025967916 27.2215818723043 27.137761147817 27.0539404233297 26.9618070072598 26.8447355164422 26.7276640256246 26.610592534807 26.4935210439894 26.3764495531718
30.4285204410553 30.3386700153351 30.2488195896149 30.1550327301026 30.0599337259929 29.9648347218832 29.8697357177735 29.7746367136638 29.6795377095541 29.5844387054443 29.492934290568 29.4122136433919 29.3314929962158 29.2507723490397 29.1700517018636 29.0893310546875 29.0086104075114 28.9278897603353 28.8685525417328 28.8163431326548 28.7641337235769 28.7119243144989 28.6597149054209 28.607505496343 28.555296087265 28.4889090855916 28.379989306132 28.2710695266724 28.1621497472127 28.0532299677531 27.9443101882935 27.8353904088338 27.7264706293742 27.6402316093445 27.5615528424581 27.4828740755717 27.4041953086853 27.3255165417989 27.2468377749125 27.1681590080261 27.0790727297465 26.9587639172872 26.8384551048279 26.7181462923686 26.5978374799093 26.47752866745
30.4194705486298 30.3279494974349 30.2364284462399 30.1496622721354 30.0644810570611 29.9792998419868 29.8941186269124 29.8089374118381 29.7237561967638 29.6385749816895 29.5544251335992 29.4733693864611 29.3923136393229 29.3112578921848 29.2302021450467 29.1491463979085 29.0680906507704 28.9870349036323 28.9301933765411 28.8814232561323 28.8326531357235 28.7838830153147 28.7351128949059 28.6863427744971 28.6375726540883 28.573586930169 28.4639543957181 28.3543218612671 28.2446893268162 28.1350567923652 28.0254242579142 27.9157917234633 27.8061591890123 27.7235984484355 27.65006163915 27.5765248298645 27.502988020579 27.4294512112935 27.3559144020081 27.2823775927226 27.1963384522332 27.0727923181322 26.9492461840312 26.8257000499302 26.7021539158292 26.5786077817281
30.4405513127645 30.3479676776462 30.255384042528 30.1705388704936 30.0882731861539 30.0060075018141 29.9237418174744 29.8414761331346 29.7592104487949 29.6769447644552 29.5951473606958 29.5147547986773 29.4343622366587 29.3539696746403 29.2735771126218 29.1931845506032 29.1127919885847 29.0323994265663 28.9762215296427 28.9281151877509 28.8800088458591 28.8319025039673 28.7837961620755 28.7356898201837 28.6875834782918 28.6237101236979 28.5125357309978 28.4013613382975 28.2901869455974 28.1790125528972 28.067838160197 27.9566637674968 27.8454893747966 27.7667141914368 27.6987387445238 27.6307632976108 27.5627878506978 27.4948124037849 27.4268369568719 27.3588615099589 27.2776380538941 27.1566705703736 27.035703086853 26.9147356033325 26.793768119812 26.6728006362915
30.4917627334595 30.3987245559693 30.305686378479 30.217662525177 30.1313101132711 30.0449577013652 29.9586052894592 29.8722528775533 29.7859004656474 29.6995480537415 29.6151009718577 29.5363698800405 29.4576387882233 29.3789076964061 29.3001766045888 29.2214455127716 29.1427144209544 29.0639833291372 29.0066370010376 28.9564189275106 28.9062008539836 28.8559827804566 28.8057647069295 28.7555466334025 28.7053285598755 28.6392786661784 28.5257333119711 28.4121879577637 28.2986426035563 28.185097249349 28.0715518951416 27.9580065409343 27.8444611867269 27.7695788383484 27.7075841585795 27.6455894788106 27.5835947990418 27.5216001192729 27.459605439504 27.3976107597351 27.322971534729 27.2103986740113 27.0978258132935 26.9852529525757 26.8726800918579 26.7601072311401
30.5429741541545 30.4494814342923 30.3559887144301 30.2647861798604 30.1743470403883 30.0839079009162 29.9934687614441 29.903029621972 29.8125904824999 29.7221513430278 29.6350545830197 29.5579849614038 29.4809153397878 29.4038457181719 29.3267760965559 29.24970647494 29.1726368533241 29.0955672317081 29.0370524724325 28.9847226672702 28.932392862108 28.8800630569458 28.8277332517836 28.7754034466214 28.7230736414592 28.6548472086589 28.5389308929444 28.4230145772298 28.3070982615153 28.1911819458008 28.0752656300863 27.9593493143718 27.8434329986573 27.77244348526 27.7164295726352 27.6604156600105 27.6044017473857 27.5483878347609 27.4923739221361 27.4363600095113 27.368305015564 27.2641267776489 27.1599485397339 27.0557703018189 26.9515920639038 26.8474138259888
30.5941855748495 30.5002383126153 30.4062910503812 30.3119098345439 30.2173839675056 30.1228581004673 30.028332233429 29.9338063663907 29.8392804993524 29.7447546323141 29.6550081941817 29.579600042767 29.5041918913523 29.4287837399377 29.353375588523 29.2779674371084 29.2025592856937 29.1271511342791 29.0674679438273 29.0130264070299 28.9585848702325 28.9041433334351 28.8497017966377 28.7952602598402 28.7408187230428 28.6704157511393 28.5521284739177 28.433841196696 28.3155539194743 28.1972666422526 28.0789793650309 27.9606920878093 27.8424048105876 27.7753081321716 27.725274986691 27.6752418412103 27.6252086957296 27.5751755502489 27.5251424047682 27.4751092592875 27.4136384963989 27.3178548812866 27.2220712661743 27.126287651062 27.0305040359497 26.9347204208374
30.6453969955444 30.5509951909383 30.4565933863322 30.3590334892273 30.2604208946228 30.1618083000183 30.0631957054138 29.9645831108093 29.8659705162049 29.7673579216004 29.6749618053436 29.6012151241303 29.5274684429169 29.4537217617035 29.3799750804901 29.3062283992767 29.2324817180634 29.15873503685 29.0978834152222 29.0413301467896 28.9847768783569 28.9282236099243 28.8716703414917 28.8151170730591 28.7585638046265 28.6859842936198 28.565326054891 28.4446678161621 28.3240095774333 28.2033513387045 28.0826930999756 27.9620348612468 27.8413766225179 27.7781727790833 27.7341204007467 27.6900680224101 27.6460156440735 27.6019632657369 27.5579108874003 27.5138585090637 27.4589719772339 27.3715829849243 27.2841939926148 27.1968050003052 27.1094160079956 27.022027015686
30.6966084162394 30.6017520692614 30.5068957222833 30.4061571439107 30.3034578217401 30.2007584995694 30.0980591773987 29.995359855228 29.8926605330573 29.7899612108866 29.6949154165056 29.6228302054935 29.5507449944814 29.4786597834693 29.4065745724572 29.3344893614451 29.262404150433 29.1903189394209 29.128298886617 29.0696338865492 29.0109688864814 28.9523038864136 28.8936388863458 28.834973886278 28.7763088862101 28.7015528361003 28.5785236358643 28.4554944356283 28.3324652353923 28.2094360351563 28.0864068349203 27.9633776346843 27.8403484344483 27.7810374259949 27.7429658148024 27.7048942036099 27.6668225924174 27.6287509812249 27.5906793700324 27.5526077588399 27.5043054580689 27.425311088562 27.3463167190552 27.2673223495483 27.1883279800415 27.1093336105347
30.7519997755687 30.656214316686 30.5604288578034 30.4566390514374 30.3501811292437 30.2437232070499 30.1372652848562 30.0308073626624 29.9243494404687 29.817891518275 29.7193958653344 29.6447870201535 29.5701781749725 29.4955693297916 29.4209604846107 29.3463516394297 29.2717427942488 29.1971339490679 29.1345202128093 29.0759048461914 29.0172894795736 28.9586741129557 28.9000587463379 28.8414433797201 28.7828280131022 28.7089953104655 28.5895105997722 28.4700258890788 28.3505411783854 28.2310564676921 28.1115717569987 27.9920870463054 27.872602335612 27.814209095637 27.7761796792348 27.7381502628326 27.7001208464305 27.6620914300283 27.6240620136261 27.5860325972239 27.5399671024746 27.4697933726841 27.3996196428935 27.3294459131029 27.2592721833123 27.1890984535217
30.8115710735321 30.7143819332123 30.6171927928925 30.5104792118073 30.4005908171336 30.29070242246 30.1808140277863 30.0709256331126 29.961037238439 29.8511488437653 29.7484031518301 29.6670855681102 29.5857679843903 29.5044504006704 29.4231328169505 29.3418152332306 29.2604976495107 29.1791800657908 29.1165473937988 29.0601430257162 29.0037386576335 28.9473342895508 28.8909299214681 28.8345255533854 28.7781211853027 28.7083117167155 28.5982869466146 28.4882621765137 28.3782374064128 28.2682126363119 28.158187866211 28.04816309611 27.9381383260091 27.8776877880096 27.833761994044 27.7898362000783 27.7459104061127 27.701984612147 27.6580588181814 27.6141330242157 27.5659569104513 27.5050298372905 27.4441027641296 27.3831756909688 27.322248617808 27.2613215446472
