data/working_set_collections/6091692-Cassins_Sparrow-MC/1980/bio3.asc
NCOLS 265 
NROWS 230 
XLLCORNER -115.5625 
YLLCORNER 24.8333333333333 
CELLSIZE 0.0833333333333333 
NODATA_value -9999 
[rows 100 to 119 of 230, columns 46 to 91 of 265]
42.2163375854492 42.2839210510253 42.3515045166015 42.4190879821777 42.4866714477539 42.55425491333 42.5083704948425 42.4246634483337 42.3409564018249 42.2572493553161 42.1735423088073 42.0898352622986 42.0061282157898 41.9390111287435 41.9216639200846 41.9043167114257 41.8869695027669 41.869622294108 41.8522750854492 41.8349278767903 41.8175806681315 41.7741601943969 41.7220486323038 41.6699370702107 41.6178255081176 41.5657139460245 41.5136023839314 41.4614908218383 41.41653175354 41.3930301666259 41.3695285797119 41.3460269927978 41.3225254058838 41.2990238189697 41.2755222320556 41.2520206451416 41.1916505813598 41.1189910252889 41.0463314692179 40.973671913147 40.901012357076 40.828352801005 40.7556932449341 40.6953153610229 40.6717824935913 40.6482496261597
42.3621660868326 42.4528359307183 42.5435057746039 42.6341756184895 42.7248454623752 42.8155153062608 42.7711396217346 42.6817487610711 42.5923579004076 42.502967039744 42.4135761790805 42.324185318417 42.2347944577535 42.1653530544705 42.155760023329 42.1461669921875 42.136573961046 42.1269809299045 42.117387898763 42.1077948676215 42.09820183648 42.0606580734253 42.0137973997328 41.9669367260403 41.9200760523478 41.8732153786553 41.8263547049628 41.7794940312703 41.734973695543 41.6974743737114 41.6599750518799 41.6224757300483 41.5849764082167 41.5474770863851 41.5099777645535 41.4724784427219 41.3994494756063 41.314577293396 41.2297051111857 41.1448329289754 41.0599607467651 40.9750885645548 40.8902163823446 40.8188259760539 40.787880897522 40.7569358189901
42.5259868939717 42.5999665472242 42.6739462004767 42.7479258537292 42.8219055069817 42.8958851602342 42.8575656255086 42.7818130281237 42.7060604307387 42.6303078333537 42.5545552359687 42.4788026385837 42.4030500411987 42.3463835928175 42.3469755914476 42.3475675900777 42.3481595887078 42.3487515873379 42.349343585968 42.3499355845981 42.3505275832282 42.3188939730326 42.2765184932285 42.2341430134243 42.1917675336202 42.149392053816 42.1070165740119 42.0646410942077 42.0209939320882 41.9735317230224 41.9260695139567 41.8786073048909 41.8311450958252 41.7836828867594 41.7362206776937 41.6887584686279 41.6096845626831 41.5200734244453 41.4304622862074 41.3408511479696 41.2512400097317 41.1616288714939 41.072017733256 40.9966164482964 40.9638447231716 40.9310729980469
42.7078000068664 42.7253129005432 42.74282579422 42.7603386878967 42.7778515815735 42.7953644752503 42.7676485061646 42.7248562494914 42.6820639928182 42.639271736145 42.5964794794719 42.5536872227987 42.5108949661255 42.4821027437846 42.4953106244405 42.5085185050964 42.5217263857523 42.5349342664083 42.5481421470642 42.5613500277201 42.574557908376 42.548867893219 42.5102119127909 42.4715559323628 42.4328999519348 42.3942439715067 42.3555879910787 42.3169320106506 42.2745924631754 42.2212022145589 42.1678119659423 42.1144217173258 42.0610314687093 42.0076412200928 41.9542509714762 41.9008607228597 41.8223558425903 41.7354794184367 41.648602994283 41.5617265701294 41.4748501459757 41.3879737218221 41.3010972976684 41.2286867777506 41.1996739705403 41.17066116333
42.8896131197611 42.8506592538622 42.8117053879632 42.7727515220642 42.7337976561652 42.6948437902663 42.6777313868205 42.6678994708591 42.6580675548977 42.6482356389364 42.638403722975 42.6285718070136 42.6187398910522 42.6178218947516 42.6436456574334 42.6694694201151 42.6952931827969 42.7211169454786 42.7469407081604 42.7727644708421 42.7985882335239 42.7788418134053 42.7439053323534 42.7089688513014 42.6740323702494 42.6390958891974 42.6041594081454 42.5692229270935 42.5281909942627 42.4688727060953 42.409554417928 42.3502361297607 42.2909178415934 42.2315995534261 42.1722812652588 42.1129629770915 42.0350271224975 41.9508854124281 41.8667437023586 41.7826019922892 41.6984602822198 41.6143185721503 41.5301768620809 41.4607571072048 41.435503217909 41.4102493286133
43.0714262326558 42.9760056071811 42.8805849817064 42.7851643562317 42.689743730757 42.5943231052823 42.5878142674764 42.6109426922268 42.6340711169773 42.6571995417277 42.6803279664781 42.7034563912286 42.726584815979 42.7535410457187 42.7919806904263 42.8304203351339 42.8688599798414 42.907299624549 42.9457392692566 42.9841789139641 43.0226185586717 43.0088157335917 42.9775987519158 42.9463817702399 42.915164788564 42.8839478068881 42.8527308252122 42.8215138435364 42.7817895253499 42.7165431976318 42.6512968699137 42.5860505421956 42.5208042144775 42.4555578867594 42.3903115590413 42.3250652313232 42.2476984024048 42.1662914064195 42.0848844104343 42.003477414449 41.9220704184638 41.8406634224786 41.7592564264933 41.692827436659 41.6713324652778 41.6498374938965
43.2532393455505 43.1013519605001 42.9494645754496 42.7975771903992 42.6456898053488 42.4938024202983 42.4978971481323 42.5539859135946 42.6100746790568 42.666163444519 42.7222522099813 42.7783409754435 42.8344297409057 42.8892601966858 42.9403157234192 42.9913712501526 43.0424267768859 43.0934823036194 43.1445378303527 43.1955933570861 43.2466488838195 43.238789653778 43.2112921714782 43.1837946891784 43.1562972068786 43.1287997245788 43.101302242279 43.0738047599792 43.0353880564371 42.9642136891683 42.8930393218994 42.8218649546305 42.7506905873616 42.6795162200928 42.6083418528239 42.537167485555 42.460369682312 42.381697400411 42.3030251185099 42.2243528366089 42.1456805547078 42.0670082728068 41.9883359909057 41.9248977661132 41.9071617126464 41.8894256591796
43.4350524584452 43.2266983138191 43.0183441691929 42.8099900245667 42.6016358799405 42.3932817353143 42.4079800287882 42.4970291349623 42.5860782411363 42.6751273473104 42.7641764534844 42.8532255596585 42.9422746658325 43.0249793476528 43.0886507564121 43.1523221651713 43.2159935739305 43.2796649826897 43.3433363914489 43.4070078002082 43.4706792089674 43.4687635739644 43.4449855910407 43.421207608117 43.3974296251932 43.3736516422695 43.3498736593458 43.3260956764221 43.2889865875244 43.2118841807047 43.1347817738851 43.0576793670654 42.9805769602457 42.9034745534261 42.8263721466064 42.7492697397868 42.6730409622192 42.5971033944024 42.5211658265855 42.4452282587687 42.3692906909519 42.293353123135 42.2174155553182 42.1569680955675 42.1429909600152 42.1290138244629
43.604648621877 43.3881428082784 43.1716369946798 42.9551311810811 42.7386253674825 42.5221195538839 42.5343728383382 42.6228791554768 42.7113854726155 42.7998917897542 42.8883981068929 42.9769044240315 43.0654107411702 43.149758084615 43.2216285069783 43.2934989293416 43.3653693517049 43.4372397740682 43.5091101964315 43.5809806187947 43.652851041158 43.6547750155131 43.6333835071987 43.6119919988844 43.5906004905701 43.5692089822557 43.5478174739414 43.526425965627 43.4912354045444 43.4146476851569 43.3380599657694 43.261472246382 43.1848845269945 43.108296807607 43.0317090882195 42.955121368832 42.8807423273722 42.8070995118883 42.7334566964043 42.6598138809204 42.5861710654365 42.5125282499525 42.4388854344686 42.3804103851318 42.3674386342366 42.3544668833415
43.762027835846 43.5856854438782 43.4093430519104 43.2330006599426 43.0566582679748 42.880315876007 42.8770755767822 42.9315359751383 42.9859963734944 43.0404567718505 43.0949171702067 43.1493775685628 43.2038379669189 43.2635964075724 43.339248975118 43.4149015426635 43.4905541102091 43.5662066777547 43.6418592453003 43.7175118128458 43.7931643803914 43.796823978424 43.7764859199524 43.7561478614807 43.735809803009 43.7154717445373 43.6951336860657 43.674795627594 43.6421345074971 43.5725042025248 43.5028738975525 43.4332435925801 43.3636132876078 43.2939829826355 43.2243526776631 43.1547223726908 43.083473777771 43.0116857528686 42.9398977279663 42.8681097030639 42.7963216781616 42.7245336532593 42.6527456283569 42.5952246348063 42.5805047353108 42.5657848358154
43.9194070498149 43.783228079478 43.647049109141 43.5108701388041 43.3746911684672 43.2385121981303 43.2197783152262 43.2401927947998 43.2606072743733 43.2810217539469 43.3014362335205 43.321850713094 43.3422651926676 43.3774347305298 43.4568694432576 43.5363041559855 43.6157388687133 43.6951735814412 43.7746082941691 43.8540430068969 43.9334777196248 43.938872941335 43.919588332706 43.900303724077 43.881019115448 43.861734506819 43.84244989819 43.8231652895609 43.7930336104499 43.7303607198927 43.6676878293355 43.6050149387783 43.5423420482211 43.479669157664 43.4169962671068 43.3543233765496 43.2862052281697 43.216271993849 43.1463387595282 43.0764055252075 43.0064722908868 42.936539056566 42.8666058222453 42.8100388844808 42.7935708363851 42.7771027882894
44.0767862637838 43.9807707150777 43.8847551663716 43.7887396176656 43.6927240689595 43.5967085202535 43.5624810536702 43.5488496144612 43.5352181752523 43.5215867360433 43.5079552968343 43.4943238576253 43.4806924184163 43.4912730534871 43.5744899113973 43.6577067693074 43.7409236272176 43.8241404851277 43.9073573430379 43.990574200948 44.0737910588582 44.080921904246 44.0626907454596 44.0444595866733 44.026228427887 44.0079972691006 43.9897661103142 43.9715349515279 43.9439327134026 43.8882172372606 43.8325017611186 43.7767862849765 43.7210708088345 43.6653553326924 43.6096398565504 43.5539243804084 43.4889366785685 43.4208582348294 43.3527797910902 43.284701347351 43.2166229036119 43.1485444598728 43.0804660161336 43.0248531341553 43.0066369374593 42.9884207407633
44.2341654777527 44.1783133506775 44.1224612236023 44.0666090965271 44.0107569694519 43.9549048423766 43.9051837921142 43.8575064341227 43.8098290761311 43.7621517181396 43.7144743601481 43.6667970021566 43.619119644165 43.6051113764445 43.6921103795369 43.7791093826294 43.8661083857218 43.9531073888143 44.0401063919067 44.1271053949991 44.2141043980916 44.222970867157 44.2057931582133 44.1886154492696 44.1714377403259 44.1542600313822 44.1370823224385 44.1199046134949 44.0948318163554 44.0460737546285 43.9973156929016 43.9485576311747 43.8997995694478 43.8510415077209 43.802283445994 43.7535253842671 43.6916681289673 43.6254444758097 43.5592208226522 43.4929971694946 43.426773516337 43.3605498631795 43.294326210022 43.2396673838297 43.2197030385335 43.1997386932373
44.3915446917216 44.3758559862772 44.3601672808329 44.3444785753886 44.3287898699442 44.3131011644999 44.2478865305582 44.1661632537842 44.0844399770101 44.002716700236 43.9209934234619 43.8392701466878 43.7575468699137 43.7189496994018 43.8097308476766 43.9005119959513 43.991293144226 44.0820742925008 44.1728554407755 44.2636365890503 44.354417737325 44.3650198300679 44.3488955709669 44.3327713118659 44.3166470527649 44.3005227936639 44.2843985345628 44.2682742754618 44.2457309193081 44.2039302719964 44.1621296246846 44.1203289773729 44.0785283300612 44.0367276827494 43.9949270354377 43.9531263881259 43.894399579366 43.8300307167901 43.7656618542141 43.7012929916382 43.6369241290622 43.5725552664862 43.5081864039103 43.4544816335042 43.4327691396077 43.4110566457112
44.4787045478821 44.4888542281257 44.4990039083693 44.5091535886129 44.5193032688565 44.5294529491001 44.4613015810649 44.3670498636034 44.2727981461419 44.1785464286804 44.084294711219 43.9900429937575 43.895791276296 43.8468463579813 43.9338218371073 44.0207973162333 44.1077727953593 44.1947482744852 44.2817237536112 44.3686992327372 44.4556747118632 44.4705455462138 44.4613814989726 44.4522174517314 44.4430534044901 44.4338893572489 44.4247253100077 44.4155612627665 44.4003003438314 44.3667488098144 44.3331972757975 44.2996457417806 44.2660942077637 44.2325426737467 44.1989911397298 44.1654396057129 44.1105481465657 44.0485433790419 43.986538611518 43.9245338439941 43.8625290764703 43.8005243089464 43.7385195414225 43.684177547031 43.6528238720364 43.6214701970418
44.4956450462341 44.5173080762227 44.5389711062113 44.5606341361999 44.5822971661885 44.6039601961772 44.545428943634 44.4601662635803 44.3749035835266 44.2896409034729 44.2043782234192 44.1191155433655 44.0338528633118 43.988801352183 44.0643833478291 44.1399653434753 44.2155473391215 44.2911293347676 44.3667113304138 44.4422933260599 44.5178753217061 44.5395480155945 44.5432509422302 44.546953868866 44.5506567955017 44.5543597221374 44.5580626487732 44.5617655754089 44.5585400899251 44.5345293680827 44.5105186462402 44.4865079243978 44.4624972025553 44.4384864807129 44.4144757588704 44.390465037028 44.3401138305664 44.2809824625651 44.2218510945638 44.1627197265625 44.1035883585612 44.0444569905599 43.9853256225586 43.92875512441 43.8798672358195 43.830979347229
44.5125855445862 44.5457619243198 44.5789383040534 44.612114683787 44.6452910635206 44.6784674432542 44.6295563062032 44.5532826635573 44.4770090209113 44.4007353782654 44.3244617356194 44.2481880929735 44.1719144503275 44.1307563463847 44.194944858551 44.2591333707173 44.3233218828837 44.38751039505 44.4516989072164 44.5158874193827 44.5800759315491 44.6085504849752 44.6251203854878 44.6416902860006 44.6582601865132 44.6748300870259 44.6913999875386 44.7079698880513 44.7167798360189 44.7023099263509 44.6878400166829 44.6733701070149 44.658900197347 44.644430287679 44.629960378011 44.6154904683431 44.569679514567 44.5134215460883 44.4571635776096 44.4009056091308 44.3446476406521 44.2883896721734 44.2321317036946 44.173332701789 44.1069105996026 44.0404884974162
44.5295260429382 44.5742157724168 44.6189055018955 44.6635952313741 44.7082849608527 44.7529746903313 44.7136836687724 44.6463990635342 44.579114458296 44.5118298530579 44.4445452478197 44.3772606425815 44.3099760373433 44.2727113405863 44.3255063692729 44.3783013979594 44.4310964266459 44.4838914553324 44.5366864840189 44.5894815127055 44.642276541392 44.6775529543559 44.7069898287455 44.7364267031352 44.7658635775248 44.7953004519144 44.8247373263041 44.8541742006937 44.8750195821126 44.8700904846191 44.8651613871256 44.8602322896321 44.8553031921386 44.8503740946452 44.8454449971517 44.8405158996582 44.7992451985677 44.7458606296115 44.6924760606554 44.6390914916992 44.585706922743 44.5323223537869 44.4789377848307 44.417910279168 44.3339539633857 44.2499976476033
44.5464665412903 44.6026696205139 44.6588726997375 44.7150757789612 44.7712788581848 44.8274819374084 44.7978110313415 44.7395154635111 44.6812198956807 44.6229243278503 44.5646287600199 44.5063331921895 44.4480376243591 44.414666334788 44.4560678799947 44.4974694252014 44.5388709704081 44.5802725156148 44.6216740608215 44.6630756060282 44.7044771512349 44.7465554237366 44.7888592720032 44.8311631202697 44.8734669685363 44.915770816803 44.9580746650696 45.0003785133362 45.0332593282064 45.0378710428873 45.0424827575683 45.0470944722493 45.0517061869303 45.0563179016113 45.0609296162923 45.0655413309733 45.0288108825683 44.9782997131347 44.9277885437011 44.8772773742675 44.826766204834 44.7762550354004 44.7257438659668 44.662487856547 44.5609973271688 44.4595067977905
44.5634070396423 44.631123468611 44.6988398975796 44.7665563265482 44.8342727555169 44.9019891844855 44.8819383939107 44.8326318634881 44.7833253330654 44.7340188026428 44.6847122722202 44.6354057417975 44.5860992113749 44.5566213289896 44.5866293907165 44.6166374524434 44.6466455141703 44.6766535758972 44.7066616376241 44.736669699351 44.7666777610779 44.8155578931173 44.8707287152608 44.9258995374044 44.9810703595479 45.0362411816915 45.091412003835 45.1465828259786 45.1914990743001 45.2056516011556 45.219804128011 45.2339566548665 45.248109181722 45.2622617085774 45.2764142354329 45.2905667622884 45.258376566569 45.210738796658 45.1631010267469 45.1154632568359 45.0678254869249 45.0201877170139 44.9725499471028 44.907065433926 44.7880406909519 44.6690159479777
