data/working_set_collections/6091692-Cassins_Sparrow-MC/1980/bio4.asc
NCOLS 265 
NROWS 230 
XLLCORNER -115.5625 
YLLCORNER 24.8333333333333 
CELLSIZE 0.0833333333333333 
NODATA_value -9999 
[rows 80 to 99 of 230, columns 184 to 229 of 265]
1009.14088083903 1010.96275244819 1012.78462405735 1014.51547444661 1016.21598442925 1017.91649441189 1019.61700439453 1021.31751437717 1023.01802435981 1024.71853434245 1026.45332505968 1028.29095798069 1030.12859090169 1031.9662238227 1033.80385674371 1035.64148966471 1037.47912258572 1039.31675550673 1040.58919067383 1041.67322658963 1042.75726250543 1043.84129842122 1044.92533433702 1046.00937025282 1047.09340616862 1047.73228285048 1047.03568183051 1046.33908081055 1045.64247979058 1044.94587877062 1044.24927775065 1043.55267673069 1042.85607571072 1041.89688924154 1040.85017428928 1039.80345933702 1038.75674438477 1037.71002943251 1036.66331448025 1035.616599528 1034.92052103678 1035.27635192871 1035.63218282064 1035.98801371257 1036.34384460449 1036.69967549642
1007.80900319417 1009.74524519179 1011.6814871894 1013.48163248698 1015.23641221788 1016.99119194878 1018.74597167969 1020.50075141059 1022.25553114149 1024.0103108724 1025.76523776584 1027.52060614692 1029.27597452799 1031.03134290907 1032.78671129015 1034.54207967122 1036.2974480523 1038.05281643338 1039.25355834961 1040.26942477756 1041.28529120551 1042.30115763346 1043.31702406141 1044.33289048937 1045.34875691732 1045.92512274848 1045.18298678928 1044.44085083008 1043.69871487088 1042.95657891168 1042.21444295247 1041.47230699327 1040.73017103407 1039.77544962565 1038.74986640083 1037.724283176 1036.69869995117 1035.67311672635 1034.64753350152 1033.62195027669 1032.96360575358 1033.40697733561 1033.85034891764 1034.29372049967 1034.73709208171 1035.18046366374
1006.47712554932 1008.52773793538 1010.57835032145 1012.44779052734 1014.25684000651 1016.06588948568 1017.87493896484 1019.68398844401 1021.49303792318 1023.30208740234 1025.077150472 1026.75025431315 1028.4233581543 1030.09646199544 1031.76956583659 1033.44266967773 1035.11577351888 1036.78887736003 1037.91792602539 1038.86562296549 1039.8133199056 1040.7610168457 1041.70871378581 1042.65641072591 1043.60410766602 1044.11796264648 1043.33029174805 1042.54262084961 1041.75494995117 1040.96727905273 1040.1796081543 1039.39193725586 1038.60426635742 1037.65401000977 1036.64955851237 1035.64510701497 1034.64065551758 1033.63620402018 1032.63175252279 1031.62730102539 1031.00669047038 1031.53760274251 1032.06851501465 1032.59942728678 1033.13033955892 1033.66125183105
1005.14524790446 1007.31023067898 1009.4752134535 1011.41394856771 1013.27726779514 1015.14058702257 1017.00390625 1018.86722547743 1020.73054470486 1022.59386393229 1024.38906317817 1025.97990247938 1027.5707417806 1029.16158108181 1030.75242038303 1032.34325968424 1033.93409898546 1035.52493828668 1036.58229370117 1037.46182115343 1038.34134860569 1039.22087605794 1040.1004035102 1040.97993096246 1041.85945841471 1042.31080254449 1041.47759670681 1040.64439086914 1039.81118503147 1038.97797919379 1038.14477335612 1037.31156751845 1036.47836168077 1035.53257039388 1034.54925062392 1033.56593085395 1032.58261108398 1031.59929131402 1030.61597154405 1029.63265177409 1029.04977518717 1029.66822814941 1030.28668111165 1030.90513407389 1031.52358703613 1032.14203999837
1002.57445170085 1004.79940287272 1007.0243540446 1009.03085581462 1010.96454111735 1012.89822642008 1014.83191172282 1016.76559702555 1018.69928232829 1020.63296763102 1022.47168273926 1024.025487264 1025.57929178874 1027.13309631348 1028.68690083822 1030.24070536296 1031.7945098877 1033.34831441243 1034.37977294922 1035.23711615668 1036.09445936415 1036.95180257161 1037.80914577908 1038.66648898655 1039.52383219401 1039.95295444065 1039.0974138048 1038.24187316895 1037.3863325331 1036.53079189724 1035.67525126139 1034.81971062554 1033.96416998969 1033.07002461751 1032.16301099989 1031.25599738227 1030.34898376465 1029.44197014703 1028.53495652941 1027.62794291178 1027.11593170166 1027.78892771403 1028.4619237264 1029.13491973877 1029.80791575114 1030.48091176351
998.764736938477 1000.9952545166 1003.22577209473 1005.29851226807 1007.31865997314 1009.33880767822 1011.3589553833 1013.37910308838 1015.39925079346 1017.41939849854 1019.32500915527 1020.88700866699 1022.44900817871 1024.01100769043 1025.57300720215 1027.13500671387 1028.69700622559 1030.2590057373 1031.31036376953 1032.19150797526 1033.07265218099 1033.95379638672 1034.83494059245 1035.71608479818 1036.59722900391 1037.04441833496 1036.18974304199 1035.33506774902 1034.48039245606 1033.62571716309 1032.77104187012 1031.91636657715 1031.06169128418 1030.26637268066 1029.4908396403 1028.71530659994 1027.93977355957 1027.16424051921 1026.38870747884 1025.61317443848 1025.20516001383 1025.89970143636 1026.59424285889 1027.28878428141 1027.98332570394 1028.67786712647
994.955022176107 997.191106160482 999.427190144857 1001.56616872152 1003.67277882894 1005.77938893636 1007.88599904378 1009.9926091512 1012.09921925863 1014.20582936605 1016.17833557129 1017.74853006999 1019.31872456868 1020.88891906738 1022.45911356608 1024.02930806478 1025.59950256348 1027.16969706217 1028.24095458984 1029.14589979384 1030.05084499783 1030.95579020182 1031.86073540582 1032.76568060981 1033.6706258138 1034.13588222928 1033.28207227919 1032.4282623291 1031.57445237902 1030.72064242893 1029.86683247884 1029.01302252875 1028.15921257867 1027.46272074382 1026.81866828071 1026.1746158176 1025.53056335449 1024.88651089139 1024.24245842828 1023.59840596517 1023.29438832601 1024.01047515869 1024.72656199137 1025.44264882406 1026.15873565674 1026.87482248942
991.145307413737 993.386957804362 995.628608194987 997.833825174968 1000.02689768473 1002.2199701945 1004.41304270426 1006.60611521403 1008.7991877238 1010.99226023356 1013.0316619873 1014.61005147298 1016.18844095866 1017.76683044434 1019.34521993001 1020.92360941569 1022.50199890137 1024.08038838704 1025.17154541016 1026.10029161241 1027.02903781467 1027.95778401693 1028.88653021918 1029.81527642144 1030.7440226237 1031.22734612359 1030.37440151638 1029.52145690918 1028.66851230198 1027.81556769477 1026.96262308757 1026.10967848036 1025.25673387316 1024.65906880697 1024.14649692112 1023.63392503527 1023.12135314941 1022.60878126356 1022.09620937771 1021.58363749186 1021.38361663818 1022.12124888102 1022.85888112386 1023.5965133667 1024.33414560954 1025.07177785238
987.335592651368 989.582809448242 991.830026245117 994.101481628418 996.381016540528 998.660551452637 1000.94008636475 1003.21962127686 1005.49915618896 1007.77869110107 1009.88498840332 1011.47157287598 1013.05815734863 1014.64474182129 1016.23132629395 1017.8179107666 1019.40449523926 1020.99107971191 1022.10213623047 1023.05468343099 1024.00723063151 1024.95977783203 1025.91232503255 1026.86487223307 1027.81741943359 1028.3188100179 1027.46673075358 1026.61465148926 1025.76257222494 1024.91049296061 1024.05841369629 1023.20633443197 1022.35425516764 1021.85541687012 1021.47432556152 1021.09323425293 1020.71214294434 1020.33105163574 1019.94996032715 1019.56886901856 1019.47284495036 1020.23202260335 1020.99120025635 1021.75037790934 1022.50955556234 1023.26873321533
983.525877888997 985.778661092122 988.031444295247 990.369138081869 992.735135396322 995.101132710774 997.467130025228 999.833127339681 1002.19912465413 1004.56512196859 1006.73831481934 1008.33309427897 1009.92787373861 1011.52265319824 1013.11743265788 1014.71221211751 1016.30699157715 1017.90177103678 1019.03272705078 1020.00907524957 1020.98542344835 1021.96177164714 1022.93811984592 1023.9144680447 1024.89081624349 1025.41027391222 1024.55905999078 1023.70784606934 1022.8566321479 1022.00541822645 1021.15420430501 1020.30299038357 1019.45177646213 1019.05176493327 1018.80215420193 1018.5525434706 1018.30293273926 1018.05332200792 1017.80371127658 1017.55410054525 1017.56207326253 1018.34279632568 1019.12351938883 1019.90424245199 1020.68496551514 1021.46568857829
979.973438517253 982.225150214301 984.47686191135 986.813055419922 989.177409532335 991.541763644748 993.906117757162 996.270471869575 998.634825981988 1000.9991800944 1003.16329227024 1004.72667863634 1006.29006500244 1007.85345136854 1009.41683773465 1010.98022410075 1012.54361046685 1014.10699683295 1015.24306233724 1016.23668755425 1017.23031277127 1018.22393798828 1019.2175632053 1020.21118842231 1021.20481363932 1021.74839172363 1020.94182840983 1020.13526509603 1019.32870178223 1018.52213846843 1017.71557515462 1016.90901184082 1016.10244852702 1015.80783640544 1015.68387468126 1015.55991295709 1015.43595123291 1015.31198950874 1015.18802778456 1015.06406606038 1015.17660302056 1015.9986360338 1016.82066904704 1017.64270206028 1018.46473507351 1019.28676808675
976.678274536133 978.922276814779 981.166279093424 983.433233642578 985.707838948568 987.982444254557 990.257049560547 992.531654866537 994.806260172526 997.080865478516 999.159920756022 1000.65232594808 1002.14473114014 1003.63713633219 1005.12954152425 1006.62194671631 1008.11435190837 1009.60675710042 1010.73314208984 1011.73752034505 1012.74189860026 1013.74627685547 1014.75065511068 1015.75503336589 1016.75941162109 1017.33316345215 1016.61503601074 1015.89690856934 1015.17878112793 1014.46065368652 1013.74252624512 1013.02439880371 1012.30627136231 1012.12363128662 1012.11948699951 1012.1153427124 1012.11119842529 1012.10705413818 1012.10290985107 1012.09876556397 1012.31643422445 1013.1995417277 1014.08264923096 1014.96575673421 1015.84886423747 1016.73197174072
973.383110555013 975.619403415256 977.855696275499 980.053411865234 982.2382683648 984.423124864366 986.607981363933 988.792837863498 990.977694363064 993.16255086263 995.156549241808 996.57797325982 997.999397277832 999.420821295845 1000.84224531386 1002.26366933187 1003.68509334988 1005.10651736789 1006.22322184245 1007.23835313585 1008.25348442925 1009.26861572266 1010.28374701606 1011.29887830946 1012.31400960286 1012.91793518066 1012.28824361165 1011.65855204264 1011.02886047363 1010.39916890462 1009.76947733561 1009.1397857666 1008.51009419759 1008.43942616781 1008.55509931776 1008.67077246772 1008.78644561768 1008.90211876763 1009.01779191759 1009.13346506755 1009.45626542833 1010.4004474216 1011.34462941488 1012.28881140815 1013.23299340142 1014.17717539469
970.087946573893 972.316530015733 974.545113457574 976.673590087891 978.768697781033 980.863805474175 982.958913167318 985.05402086046 987.149128553602 989.244236246745 991.153177727594 992.50362057156 993.854063415527 995.204506259495 996.554949103461 997.905391947429 999.255834791396 1000.60627763536 1001.71330159505 1002.73918592665 1003.76507025825 1004.79095458984 1005.81683892144 1006.84272325304 1007.86860758464 1008.50270690918 1007.96145121257 1007.42019551595 1006.87893981934 1006.33768412272 1005.79642842611 1005.25517272949 1004.71391703288 1004.75522104899 1004.99071163601 1005.22620222304 1005.46169281006 1005.69718339708 1005.9326739841 1006.16816457113 1006.59609663222 1007.60135311551 1008.6066095988 1009.61186608209 1010.61712256538 1011.62237904867
966.792782592774 969.013656616211 971.234530639648 973.293768310547 975.299127197266 977.304486083984 979.309844970703 981.315203857422 983.320562744141 985.32592163086 987.149806213379 988.429267883301 989.708729553223 990.988191223145 992.267652893067 993.547114562989 994.826576232911 996.106037902832 997.203381347657 998.240018717448 999.27665608724 1000.31329345703 1001.34993082682 1002.38656819661 1003.42320556641 1004.0874786377 1003.63465881348 1003.18183898926 1002.72901916504 1002.27619934082 1001.8233795166 1001.37055969238 1000.91773986816 1001.07101593018 1001.42632395426 1001.78163197835 1002.13694000244 1002.49224802653 1002.84755605062 1003.20286407471 1003.7359278361 1004.80225880941 1005.86858978272 1006.93492075602 1008.00125172933 1009.06758270264
963.497618611654 965.710783216688 967.923947821723 969.913946533203 971.829556613498 973.745166693793 975.660776774089 977.576386854384 979.491996934679 981.407607014974 983.146434699165 984.354915195041 985.563395690918 986.771876186795 987.980356682672 989.188837178549 990.397317674425 991.605798170302 992.693461100261 993.740851508247 994.788241916233 995.835632324219 996.883022732205 997.930413140191 998.977803548178 999.672250366212 999.307866414389 998.943482462566 998.579098510743 998.21471455892 997.850330607097 997.485946655274 997.121562703451 997.386810811361 997.861936272516 998.33706173367 998.812187194825 999.287312655979 999.762438117134 1000.23756357829 1000.87575903998 1002.00316450331 1003.13056996663 1004.25797542996 1005.38538089328 1006.51278635661
960.3314646403 962.59755622016 964.863647800021 966.84820505778 968.738917541504 970.629630025228 972.520342508952 974.411054992676 976.3017674764 978.192479960124 979.895106845432 981.033476935493 982.171847025553 983.310217115614 984.448587205675 985.586957295736 986.725327385797 987.863697475857 988.907643127442 989.9201139662 990.932584804959 991.945055643718 992.957526482476 993.969997321235 994.982468159994 995.657439676921 995.319913228353 994.982386779786 994.644860331218 994.30733388265 993.969807434083 993.632280985515 993.294754536947 993.641930135091 994.217339748807 994.792749362522 995.368158976237 995.943568589953 996.518978203668 997.094387817383 997.820908440484 999.000762091743 1000.180615743 1001.36046939426 1002.54032304552 1003.72017669678
957.294320678711 959.673975626627 962.053630574544 964.096543884277 966.027209981283 967.957876078288 969.888542175293 971.819208272298 973.749874369303 975.680540466309 977.395822652181 978.464953104655 979.534083557129 980.603214009603 981.672344462077 982.741474914551 983.810605367025 984.879735819499 985.8459274292 986.777806091309 987.709684753418 988.641563415528 989.573442077637 990.505320739746 991.437199401856 992.043046569825 991.670799255372 991.298551940919 990.926304626465 990.554057312012 990.181809997559 989.809562683106 989.437315368653 989.836373901368 990.492534383138 991.148694864909 991.80485534668 992.461015828451 993.117176310222 993.773336791993 994.571376037598 995.795051574707 997.018727111817 998.242402648926 999.466078186035 1000.68975372314
954.257176717122 956.750395033094 959.243613349066 961.344882710775 963.315502421061 965.286122131347 967.256741841634 969.227361551921 971.197981262207 973.168600972493 974.89653845893 975.896429273817 976.896320088705 977.896210903592 978.896101718479 979.895992533366 980.895883348253 981.89577416314 982.784211730958 983.635498216417 984.486784701877 985.338071187338 986.189357672798 987.040644158258 987.891930643718 988.428653462729 988.02168528239 987.614717102051 987.207748921713 986.800780741374 986.393812561036 985.986844380697 985.579876200359 986.030817667644 986.76772901747 987.504640367296 988.241551717123 988.978463066949 989.715374416775 990.452285766602 991.321843634712 992.589341057672 993.856838480632 995.124335903592 996.391833326552 997.659330749512
951.220032755534 953.826814439561 956.433596123589 958.593221537272 960.60379486084 962.614368184407 964.624941507975 966.635514831543 968.64608815511 970.656661478678 972.397254265679 973.32790544298 974.25855662028 975.18920779758 976.119858974881 977.050510152181 977.981161329481 978.911812506782 979.722496032715 980.493190341526 981.263884650337 982.034578959147 982.805273267958 983.575967576769 984.34666188558 984.814260355632 984.372571309408 983.930882263184 983.48919321696 983.047504170736 982.605815124512 982.164126078288 981.722437032064 982.22526143392 983.042923651801 983.860585869683 984.678248087565 985.495910305447 986.313572523329 987.131234741211 988.072311231825 989.383630540636 990.694949849447 992.006269158258 993.317588467068 994.628907775879
