data/working_set_collections/6091692-Cassins_Sparrow-MC/1980/bio4.asc
NCOLS 265 
NROWS 230 
XLLCORNER -115.5625 
YLLCORNER 24.8333333333333 
CELLSIZE 0.0833333333333333 
NODATA_value -9999 
[rows 60 to 79 of 230, columns 92 to 137 of 265]
889.814990234375 890.38203125 890.949072265625 891.51611328125 892.083154296875 895.801669820149 900.570676845974 905.339683871799 910.108690897623 914.877697923448 919.646704949273 924.415711975097 927.894265238444 927.501457214356 927.108649190267 926.715841166179 926.32303314209 925.930225118002 925.537417093913 925.144609069825 917.342859395347 907.071462504072 896.800065612795 886.528668721519 876.257271830244 865.985874938966 855.714478047691 847.483982510038 845.376191033258 843.268399556478 841.160608079699 839.05281660292 836.94502512614 834.83723364936 832.729442172581 835.25994567871 839.336547512477 843.413149346244 847.489751180012 851.566353013779 855.642954847546 859.719556681314 863.98635084364 868.823721991643 873.661093139647 878.49846428765
887.523982747396 887.943790690104 888.363598632813 888.783406575521 889.20321451823 892.973136901855 897.85976409912 902.746391296387 907.633018493652 912.519645690917 917.406272888183 922.292900085449 925.753197733562 924.934506734213 924.115815734864 923.297124735515 922.478433736166 921.659742736817 920.841051737468 920.02236073812 912.405885314944 902.523481750491 892.641078186037 882.758674621584 872.876271057132 862.993867492677 853.111463928225 845.249986267091 843.451286315919 841.652586364747 839.853886413575 838.055186462403 836.256486511231 834.457786560059 832.659086608887 835.53235168457 839.962938435871 844.393525187173 848.824111938475 853.254698689777 857.685285441079 862.115872192382 866.644391886392 871.466710408527 876.289028930663 881.111347452798
885.232975260417 885.505550130209 885.778125 886.050699869792 886.323274739584 890.144603983561 895.148851352267 900.153098720974 905.15734608968 910.161593458387 915.165840827094 920.1700881958 923.612130228679 922.36755625407 921.12298227946 919.878408304851 918.633834330242 917.389260355632 916.144686381023 914.900112406414 907.46891123454 897.97550099691 888.482090759279 878.988680521649 869.49527028402 860.001860046388 850.508449808759 843.015990024144 841.526381598579 840.036773173015 838.54716474745 837.057556321886 835.567947896322 834.078339470758 832.588731045194 835.804757690429 840.589329359265 845.373901028102 850.158472696939 854.943044365776 859.727616034612 864.512187703449 869.302432929143 874.10969882541 878.916964721679 883.724230617946
882.941967773438 883.067309570313 883.192651367188 883.317993164063 883.443334960938 887.316071065266 892.437938605414 897.559806145562 902.681673685709 907.803541225856 912.925408766004 918.047276306152 921.471062723796 919.800605773926 918.130148824057 916.459691874187 914.789234924317 913.118777974447 911.448321024578 909.777864074708 902.531937154136 893.427520243329 884.323103332521 875.218686421714 866.114269510907 857.009852600099 847.905435689292 840.781993781196 839.60147688124 838.420959981283 837.240443081326 836.05992618137 834.879409281413 833.698892381456 832.5183754815 836.077163696288 841.215720282659 846.35427686903 851.492833455403 856.631390041774 861.769946628145 866.908503214517 871.960473971895 876.752687242294 881.544900512694 886.337113783093
880.650960286459 880.629069010417 880.607177734375 880.585286458334 880.563395182292 884.487538146972 889.72702585856 894.96651357015 900.206001281738 905.445488993326 910.684976704915 915.924464416503 919.329995218914 917.233655293783 915.137315368653 913.040975443523 910.944635518393 908.848295593263 906.751955668133 904.655615743002 897.594963073733 888.879539489749 880.164115905763 871.44869232178 862.733268737795 854.01784515381 845.302421569826 838.547997538249 837.6765721639 836.805146789551 835.933721415202 835.062296040853 834.190870666504 833.319445292155 832.448019917806 836.349569702147 841.842111206053 847.334652709959 852.827194213866 858.319735717772 863.812277221678 869.304818725585 874.618515014647 879.395675659178 884.17283630371 888.94999694824
878.35995279948 878.190828450521 878.021704101563 877.852579752605 877.683455403646 881.659005228678 887.016113111707 892.373220994737 897.730328877766 903.087436760795 908.444544643826 913.801652526855 917.188927714031 914.66670481364 912.14448191325 909.622259012859 907.100036112468 904.577813212078 902.055590311688 899.533367411296 892.657988993329 884.331558736168 876.005128479006 867.678698221844 859.352267964684 851.025837707521 842.69940745036 836.314001295302 835.751667446561 835.189333597819 834.626999749078 834.064665900337 833.502332051595 832.939998202854 832.377664354113 836.621975708007 842.468502129447 848.315028550888 854.16155497233 860.00808139377 865.854607815211 871.701134236652 877.276556057399 882.038664076062 886.800772094725 891.562880113388
876.647654215495 876.585357666016 876.523061116536 876.460764567057 876.398468017578 880.228569030761 885.356135898165 890.48370276557 895.611269632975 900.738836500379 905.866403367784 910.993970235188 914.146915011937 911.375993516711 908.605072021485 905.83415052626 903.063229031034 900.292307535808 897.521386040583 894.750464545357 888.258751932782 880.526775614423 872.794799296062 865.062822977703 857.330846659344 849.598870340984 841.866894022625 835.940852695041 835.43261633979 834.924379984538 834.416143629286 833.907907274034 833.399670918783 832.891434563531 832.383198208279 836.752893575031 842.748566182453 848.744238789875 854.739911397297 860.735584004719 866.73125661214 872.726929219563 878.416829087998 883.189410739473 887.96199239095 892.734574042425
875.514064534505 875.812656656901 876.111248779297 876.409840901693 876.708433024088 880.196229553222 884.747094217935 889.29795888265 893.848823547363 898.399688212076 902.95055287679 907.501417541504 910.203957112632 907.361521402996 904.51908569336 901.676649983725 898.83421427409 895.991778564454 893.149342854819 890.306907145183 884.397251892092 877.465190124514 870.533128356935 863.601066589357 856.669004821779 849.7369430542 842.804881286622 837.428551737467 836.719418843587 836.010285949707 835.301153055827 834.592020161947 833.882887268066 833.173754374186 832.464621480306 836.742323303222 842.68230336507 848.622283426919 854.562263488769 860.502243550617 866.442223612466 872.382203674315 878.039334106444 882.847915649413 887.656497192382 892.46507873535
874.380474853516 875.039955647787 875.699436442057 876.358917236328 877.018398030599 880.163890075683 884.138052537705 888.112214999729 892.086377461751 896.060539923773 900.034702385796 904.008864847819 906.260999213326 903.34704928928 900.433099365235 897.51914944119 894.605199517145 891.6912495931 888.777299669055 885.86334974501 880.535751851401 874.403604634605 868.271457417807 862.13931020101 856.007162984214 849.875015767416 843.742868550619 838.916250779894 838.006221347385 837.096191914876 836.186162482368 835.276133049859 834.36610361735 833.456074184842 832.546044752333 836.731753031412 842.616040547687 848.500328063963 854.38461558024 860.268903096516 866.153190612791 872.037478129068 877.66183912489 882.506420559352 887.351001993814 892.195583428276
873.246885172526 874.267254638672 875.287624104817 876.307993570963 877.328363037109 880.131550598144 883.529010857475 886.926471116808 890.323931376139 893.72139163547 897.118851894802 900.516312154134 902.31804131402 899.332577175565 896.34711303711 893.361648898656 890.3761847602 887.390720621746 884.405256483291 881.419792344836 876.674251810711 871.342019144696 866.009786478679 860.677553812664 855.345321146648 850.013088480632 844.680855814617 840.40394982232 839.293023851183 838.182097880046 837.071171908909 835.960245937771 834.849319966634 833.738393995497 832.62746802436 836.721182759602 842.549777730305 848.378372701007 854.206967671711 860.035562642414 865.864157613117 871.692752583821 877.284344143337 882.164925469291 887.045506795247 891.926088121201
872.113295491536 873.494553629557 874.875811767578 876.257069905599 877.63832804362 880.099211120605 882.919969177246 885.740727233887 888.561485290527 891.382243347168 894.203001403809 897.023759460449 898.375083414715 895.31810506185 892.261126708986 889.204148356121 886.147170003256 883.090191650392 880.033213297527 876.976234944663 872.812751770021 868.280433654787 863.748115539552 859.215797424318 854.683479309083 850.151161193848 845.618843078614 841.891648864746 840.579826354981 839.268003845215 837.956181335449 836.644358825684 835.332536315918 834.020713806153 832.708891296387 836.710612487792 842.483514912922 848.256417338052 854.029319763183 859.802222188313 865.575124613443 871.348027038573 876.906849161783 881.82343037923 886.740011596679 891.656592814127
870.979705810547 872.721852620443 874.463999430338 876.206146240234 877.94829305013 880.066871643066 882.310927497016 884.554983350966 886.799039204915 889.043095058865 891.287150912815 893.531206766765 894.43212551541 891.303632948135 888.17514038086 885.046647813586 881.918155246312 878.789662679038 875.661170111763 872.532677544489 868.951251729331 865.218848164877 861.486444600424 857.754041035971 854.021637471518 850.289233907064 846.556830342611 843.379347907172 841.866628858778 840.353909810384 838.84119076199 837.328471713596 835.815752665202 834.303033616808 832.790314568414 836.700042215982 842.417252095539 848.134461975096 853.851671854654 859.568881734211 865.286091613768 871.003301493326 876.529354180229 881.48193528917 886.434516398111 891.387097507052
871.497382269965 873.429111056857 875.360839843749 877.292568630642 879.224297417534 881.174335734049 883.130477227104 885.08661872016 887.042760213216 888.998901706271 890.955043199327 892.911184692382 893.540967644586 890.19167497423 886.842382303874 883.493089633518 880.143796963162 876.794504292807 873.445211622451 870.095918952095 866.8160542806 863.559332275391 860.302610270183 857.045888264975 853.789166259766 850.532444254558 847.275722249349 844.387671407064 842.605634053549 840.823596700033 839.041559346517 837.259521993002 835.477484639486 833.695447285971 831.913409932455 835.57553354899 841.052377488877 846.529221428764 852.006065368652 857.482909308539 862.959753248426 868.436597188313 873.766827223036 878.657215542263 883.547603861491 888.437992180718
873.666324869791 875.616328938801 877.566333007812 879.516337076822 881.466341145833 883.421603393554 885.378618367512 887.335633341471 889.292648315429 891.249663289387 893.206678263346 895.163693237304 895.701609802247 891.982231140137 888.262852478028 884.543473815919 880.824095153809 877.1047164917 873.385337829591 869.665959167481 866.407159423829 863.301885986329 860.196612548829 857.091339111329 853.986065673829 850.880792236328 847.775518798828 844.916619364421 842.796841939291 840.677064514161 838.55728708903 836.4375096639 834.31773223877 832.19795481364 830.07817738851 833.337086486816 838.388891092936 843.440695699055 848.492500305176 853.544304911295 858.596109517415 863.647914123535 868.619268290202 873.349271138509 878.079273986817 882.809276835124
875.835267469617 877.803546820746 879.771826171874 881.740105523003 883.708384874131 885.668871053059 887.62675950792 889.584647962782 891.542536417643 893.500424872504 895.458313327365 897.416201782226 897.862251959907 893.772787306044 889.683322652181 885.593857998319 881.504393344456 877.414928690593 873.325464036731 869.235999382867 865.998264567058 863.044439697266 860.090614827474 857.136789957683 854.182965087891 851.229140218099 848.275315348308 845.445567321778 842.988049825033 840.530532328288 838.073014831544 835.615497334799 833.157979838054 830.700462341309 828.242944844565 831.098639424642 835.725404696994 840.352169969346 844.978935241699 849.605700514051 854.232465786403 858.859231058756 863.471709357367 868.041326734754 872.610944112142 877.180561489529
878.004210069444 879.99076470269 881.977319335937 883.963873969183 885.95042860243 887.916138712564 889.874900648328 891.833662584093 893.792424519856 895.75118645562 897.709948391384 899.668710327148 900.022894117568 895.563343471951 891.103792826335 886.644242180719 882.184691535103 877.725140889486 873.26559024387 868.806039598254 865.589369710287 862.786993408204 859.98461710612 857.182240804037 854.379864501954 851.57748819987 848.775111897787 845.974515279135 843.179257710775 840.384000142416 837.588742574057 834.793485005697 831.998227437338 829.202969868979 826.40771230062 828.860192362467 833.061918301052 837.263644239637 841.465370178222 845.667096116807 849.868822055392 854.070547993978 858.324150424533 862.733382331 867.142614237467 871.551846143934
880.17315266927 882.177982584635 884.182812499999 886.187642415364 888.192472330728 890.16340637207 892.123041788736 894.082677205403 896.04231262207 898.001948038736 899.961583455403 901.92121887207 902.183536275229 897.353899637858 892.524263000489 887.69462636312 882.864989725749 878.03535308838 873.20571645101 868.37607981364 865.180474853516 862.529547119141 859.878619384766 857.227691650391 854.576763916016 851.925836181641 849.274908447266 846.503463236492 843.370465596518 840.237467956543 837.10447031657 833.971472676596 830.838475036622 827.705477396648 824.572479756674 826.621745300293 830.39843190511 834.175118509928 837.951805114746 841.728491719564 845.505178324381 849.281864929199 853.176591491699 857.425437927246 861.674284362793 865.92313079834
882.342095269096 884.365200466579 886.388305664062 888.411410861544 890.434516059027 892.410674031575 894.371182929144 896.331691826714 898.292200724283 900.252709621853 902.213218519422 904.173727416992 904.344178432889 899.144455803766 893.944733174643 888.74501054552 883.545287916396 878.345565287273 873.14584265815 867.946120029026 864.771579996745 862.272100830079 859.772621663412 857.273142496745 854.773663330079 852.274184163412 849.774704996745 847.032411193848 843.56167348226 840.090935770671 836.620198059083 833.149460347495 829.678722635906 826.207984924317 822.737247212729 824.383298238118 827.734945509169 831.086592780219 834.438240051269 837.78988732232 841.14153459337 844.493181864421 848.029032558865 852.117493523491 856.205954488119 860.294415452745
882.281071133084 884.107972039117 885.93487294515 887.761773851183 889.588674757216 891.548067220052 893.551623535156 895.55517985026 897.558736165365 899.562292480469 901.565848795573 903.569405110677 903.799645657011 898.709938897028 893.620232137045 888.530525377063 883.44081861708 878.351111857097 873.261405097115 868.171698337132 864.912843831381 862.264273410374 859.615702989367 856.96713256836 854.318562147353 851.669991726346 849.021421305339 846.105160183378 842.385826958552 838.666493733725 834.947160508899 831.227827284073 827.508494059246 823.78916083442 820.069827609593 821.361283365885 824.323002115885 827.284720865885 830.246439615885 833.208158365885 836.169877115885 839.131595865886 842.326820034451 846.222560458713 850.118300882976 854.014041307237
879.99008026123 881.406297302246 882.822514343262 884.238731384278 885.654948425294 887.5755859375 889.664363606771 891.753141276042 893.841918945313 895.930696614583 898.019474283855 900.108251953125 900.549937947593 896.050348917644 891.550759887696 887.051170857749 882.5515818278 878.051992797852 873.552403767905 869.052814737956 865.604266357422 862.506064860027 859.407863362631 856.309661865235 853.211460367839 850.113258870443 847.015057373048 843.721710205079 839.842926025392 835.964141845704 832.085357666017 828.20657348633 824.327789306642 820.449005126955 816.570220947267 817.555700683594 820.162601725261 822.769502766927 825.376403808594 827.983304850261 830.590205891927 833.197106933594 836.069953918457 839.74063873291 843.411323547364 847.082008361817
