data/working_set_collections/6091692-Cassins_Sparrow-MC/1980/bio4.asc
NCOLS 265 
NROWS 230 
XLLCORNER -115.5625 
YLLCORNER 24.8333333333333 
CELLSIZE 0.0833333333333333 
NODATA_value -9999 
[rows 120 to 139 of 230, columns 138 to 183 of 265]
832.519333902994 834.967812093099 837.416290283203 839.864768473307 839.921297709148 839.180510626899 838.439723544651 837.698936462403 836.958149380155 836.217362297906 835.476575215658 835.32744869656 836.953303866916 838.579159037272 840.205014207628 841.830869377984 843.45672454834 845.082579718696 846.708434889052 848.080436197917 849.367819552951 850.655202907986 851.942586263021 853.229969618056 854.51735297309 855.804736328125 857.130655076769 858.572180006239 860.01370493571 861.45522986518 862.89675479465 864.338279724121 865.779804653591 867.221329583062 870.226261901855 873.752330017089 877.278398132323 880.804466247558 884.330534362792 887.856602478027 891.382670593261 894.888590155707 898.334064059787 901.779537963867 905.225011867947 908.670485772026
830.625600179036 833.00650024414 835.387400309245 837.768300374349 837.797218322754 837.04214223226 836.287066141765 835.53199005127 834.776913960775 834.02183787028 833.266761779786 833.109177144368 834.744066874186 836.378956604004 838.013846333822 839.648736063639 841.283625793457 842.918515523275 844.553405253092 845.9849609375 847.348738606771 848.712516276042 850.076293945312 851.440071614583 852.803849283854 854.167626953125 855.57306060791 857.103462219238 858.633863830566 860.164265441894 861.694667053222 863.225068664551 864.755470275879 866.285871887207 869.233888244629 872.654442850748 876.074997456868 879.495552062988 882.916106669108 886.336661275227 889.757215881347 893.159801228841 896.508478800455 899.85715637207 903.205833943685 906.554511515299
828.731866455078 831.045188395182 833.358510335286 835.67183227539 835.673138936361 834.90377383762 834.134408738879 833.365043640137 832.595678541396 831.826313442655 831.056948343913 830.890905592177 832.534829881456 834.178754170736 835.822678460015 837.466602749295 839.110527038574 840.754451327854 842.398375617133 843.889485677083 845.32965766059 846.769829644097 848.210001627604 849.650173611111 851.090345594618 852.530517578125 854.015466139052 855.634744432237 857.254022725423 858.873301018609 860.492579311794 862.11185760498 863.731135898166 865.350414191352 868.241514587402 871.556555684407 874.871596781412 878.186637878418 881.501678975423 884.816720072428 888.131761169433 891.431012301974 894.682893541123 897.934774780273 901.186656019422 904.438537258571
826.838132731119 829.083876546224 831.329620361328 833.575364176432 833.549059549968 832.76540544298 831.981751335992 831.198097229004 830.414443122017 829.630789015029 828.847134908041 828.672634039985 830.325592888726 831.978551737467 833.631510586209 835.28446943495 836.937428283691 838.590387132433 840.243345981174 841.794010416667 843.31057671441 844.827143012153 846.343709309896 847.860275607639 849.376841905382 850.893408203125 852.457871670193 854.166026645236 855.87418162028 857.582336595323 859.290491570366 860.99864654541 862.706801520453 864.414956495497 867.249140930175 870.458668518066 873.668196105956 876.877723693847 880.087251281738 883.296778869628 886.506306457519 889.702223375108 892.857308281792 896.012393188476 899.16747809516 902.322563001844
824.944399007161 827.122564697265 829.30073038737 831.478896077474 831.424980163575 830.62703704834 829.829093933106 829.031150817872 828.233207702637 827.435264587403 826.637321472168 826.454362487793 828.116355895996 829.778349304199 831.440342712402 833.102336120605 834.764329528809 836.426322937012 838.088316345215 839.69853515625 841.291495768229 842.884456380208 844.477416992188 846.070377604167 847.663338216146 849.256298828125 850.900277201334 852.697308858235 854.494340515137 856.291372172038 858.088403828938 859.88543548584 861.682467142741 863.479498799642 866.256767272949 869.360781351725 872.4647954305 875.568809509277 878.672823588053 881.776837666829 884.880851745605 887.973434448242 891.03172302246 894.09001159668 897.148300170898 900.206588745117
823.050665283203 825.161252848307 827.271840413411 829.382427978515 829.300900777181 828.4886686537 827.67643653022 826.864204406739 826.051972283258 825.239740159777 824.427508036296 824.236090935601 825.907118903266 827.578146870931 829.249174838596 830.920202806261 832.591230773926 834.262258741591 835.933286709256 837.603059895833 839.272414822048 840.941769748264 842.611124674479 844.280479600694 845.949834526909 847.619189453125 849.342682732476 851.228591071234 853.114499409993 855.000407748752 856.88631608751 858.772224426269 860.658132765028 862.544041103786 865.264393615722 868.262894185384 871.261394755045 874.259895324707 877.258395894368 880.256896464029 883.255397033691 886.244645521375 889.206137763129 892.167630004883 895.129122246636 898.090614488389
820.909573025173 823.010192871094 825.110812717014 827.211432562934 827.169644165039 826.413719685873 825.657795206706 824.901870727539 824.145946248373 823.390021769206 822.634097290039 822.49047817654 824.183775160047 825.877072143555 827.570369127061 829.263666110568 830.956963094075 832.650260077582 834.343557061089 836.060773213704 837.785962422689 839.511151631673 841.236340840657 842.961530049642 844.686719258626 846.41190846761 848.197879706488 850.166197035047 852.134514363607 854.102831692165 856.071149020724 858.039466349283 860.007783677842 861.976101006401 864.600770060221 867.44422302246 870.2876759847 873.13112894694 875.974581909179 878.818034871419 881.661487833659 884.491235351562 887.279866536458 890.068497721354 892.85712890625 895.645760091145
818.521122233073 820.669384765625 822.817647298177 824.965909830729 825.031210327149 824.402190144857 823.773169962566 823.144149780274 822.515129597982 821.88610941569 821.257089233399 821.217524210612 822.946324666341 824.67512512207 826.403925577799 828.132726033528 829.861526489258 831.590326944987 833.319127400716 835.071675109863 836.83213857015 838.592602030436 840.353065490722 842.113528951009 843.873992411295 845.634455871582 847.465868123372 849.510126749674 851.554385375976 853.598644002278 855.64290262858 857.687161254882 859.731419881184 861.775678507486 864.265896606445 866.904767862955 869.543639119466 872.182510375976 874.821381632487 877.460252888997 880.099124145508 882.713203938802 885.252909342448 887.792614746094 890.332320149739 892.872025553385
816.132671440972 818.328576660156 820.52448187934 822.720387098524 822.892776489258 822.390660603842 821.888544718425 821.386428833008 820.884312947592 820.382197062175 819.880081176758 819.944570244683 821.708874172634 823.473178100586 825.237482028537 827.001785956488 828.76608988444 830.530393812391 832.294697740343 834.082577006022 835.87831471761 837.674052429199 839.469790140788 841.265527852376 843.061265563965 844.857003275553 846.733856540256 848.854056464301 850.974256388346 853.094456312391 855.214656236436 857.334856160481 859.455056084526 861.575256008571 863.931023152669 866.36531270345 868.799602254231 871.233891805013 873.668181355794 876.102470906575 878.536760457357 880.935172526041 883.225952148437 885.516731770833 887.807511393229 890.098291015625
813.744220648871 815.987768554687 818.231316460503 820.474864366319 820.754342651367 820.379131062826 820.003919474284 819.628707885742 819.253496297201 818.878284708659 818.503073120117 818.671616278754 820.471423678928 822.271231079101 824.071038479275 825.870845879448 827.670653279622 829.470460679796 831.270268079969 833.093478902181 834.924490865071 836.755502827962 838.586514790853 840.417526753743 842.248538716634 844.079550679525 846.001844957139 848.197986178927 850.394127400716 852.590268622504 854.786409844292 856.98255106608 859.178692287868 861.374833509657 863.596149698893 865.825857543945 868.055565388997 870.285273234049 872.514981079101 874.744688924153 876.974396769206 879.157141113281 881.198994954427 883.240848795573 885.282702636719 887.324556477864
811.355769856771 813.646960449219 815.938151041667 818.229341634114 818.615908813477 818.36760152181 818.119294230144 817.870986938477 817.62267964681 817.374372355144 817.126065063477 817.398662312825 819.233973185221 821.069284057617 822.904594930013 824.739905802409 826.575216674805 828.4105275472 830.245838419596 832.10438079834 833.970667012532 835.836953226725 837.703239440918 839.56952565511 841.435811869303 843.302098083496 845.269833374023 847.541915893554 849.813998413086 852.086080932617 854.358163452148 856.630245971679 858.90232849121 861.174411010741 863.261276245117 865.28640238444 867.311528523762 869.336654663086 871.361780802409 873.386906941731 875.412033081055 877.379109700521 879.172037760417 880.964965820312 882.757893880208 884.550821940104
808.96731906467 811.30615234375 813.64498562283 815.98381890191 816.477474975586 816.356071980795 816.234668986003 816.113265991211 815.99186299642 815.870460001628 815.749057006836 816.125708346896 817.996522691514 819.867337036133 821.73815138075 823.608965725369 825.479780069987 827.350594414605 829.221408759223 831.115282694498 833.016843159993 834.918403625488 836.819964090983 838.721524556477 840.623085021972 842.524645487467 844.537821790907 846.885845608181 849.233869425455 851.58189324273 853.929917060004 856.277940877278 858.625964694553 860.973988511827 862.926402791341 864.746947224935 866.567491658528 868.388036092122 870.208580525716 872.02912495931 873.849669392904 875.60107828776 877.145080566406 878.689082845052 880.233085123698 881.777087402344
806.996700880262 809.435349019368 811.873997158474 814.31264529758 814.9203318278 814.917697821723 814.915063815647 814.91242980957 814.909795803494 814.907161797418 814.904527791341 815.372222222222 817.250901963975 819.129581705729 821.008261447482 822.886941189236 824.765620930989 826.644300672743 828.522980414496 830.416423543294 832.314787801106 834.213152058919 836.111516316731 838.009880574544 839.908244832356 841.806609090169 843.810563151041 846.131286621093 848.452010091146 850.772733561197 853.09345703125 855.414180501302 857.734903971354 860.055627441406 861.826233418782 863.4134668986 865.000700378418 866.587933858236 868.175167338053 869.762400817871 871.349634297689 872.865188090007 874.165702819824 875.466217549642 876.76673227946 878.067247009277
805.443915303548 808.034550476074 810.6251856486 813.215820821126 813.944479370117 814.052479044597 814.160478719076 814.268478393555 814.376478068034 814.484477742513 814.592477416992 815.138203938802 816.997111002604 818.856018066406 820.714925130208 822.57383219401 824.432739257812 826.291646321614 828.150553385416 830.007803344726 831.864500935872 833.721198527018 835.577896118164 837.43459370931 839.291291300455 841.147988891601 843.088057454427 845.278238932291 847.468420410156 849.65860188802 851.848783365885 854.03896484375 856.229146321614 858.419327799479 859.960768127441 861.285961405436 862.611154683431 863.936347961426 865.261541239421 866.586734517415 867.91192779541 869.17143910726 870.233904520671 871.296369934083 872.358835347494 873.421300760906
803.891129726833 806.63375193278 809.376374138726 812.118996344672 812.968626912435 813.18726026747 813.405893622504 813.624526977539 813.843160332574 814.061793687609 814.280427042643 814.904185655382 816.743320041232 818.582454427083 820.421588812934 822.260723198784 824.099857584635 825.938991970486 827.778126356336 829.599183146159 831.414214070638 833.229244995117 835.044275919596 836.859306844075 838.674337768554 840.489368693034 842.365551757812 844.425191243489 846.484830729167 848.544470214843 850.60410970052 852.663749186198 854.723388671875 856.783028157552 858.0953028361 859.158455912272 860.221608988444 861.284762064616 862.347915140788 863.41106821696 864.474221293132 865.477690124512 866.302106221517 867.126522318523 867.950938415528 868.775354512533
802.338344150119 805.232953389485 808.127562628852 811.022171868218 811.992774454753 812.322041490343 812.651308525933 812.980575561523 813.309842597114 813.639109632704 813.968376668294 814.670167371961 816.489529079861 818.30889078776 820.128252495659 821.947614203559 823.766975911458 825.586337619357 827.405699327256 829.190562947591 830.963927205403 832.737291463216 834.510655721028 836.284019978841 838.057384236653 839.830748494466 841.643046061198 843.572143554687 845.501241048177 847.430338541666 849.359436035156 851.288533528646 853.217631022135 855.146728515625 856.229837544759 857.030950419108 857.832063293457 858.633176167806 859.434289042155 860.235401916504 861.036514790853 861.783941141765 862.370307922364 862.956674702963 863.543041483562 864.12940826416
800.785558573404 803.832154846191 806.878751118977 809.925347391764 811.01692199707 811.456822713216 811.896723429362 812.336624145508 812.776524861654 813.2164255778 813.656326293945 814.436149088541 816.235738118489 818.035327148437 819.834916178385 821.634505208333 823.434094238281 825.233683268229 827.033272298177 828.781942749023 830.513640340169 832.245337931315 833.977035522461 835.708733113607 837.440430704752 839.172128295898 840.920540364583 842.719095865885 844.517651367187 846.316206868489 848.114762369791 849.913317871094 851.711873372396 853.510428873698 854.364372253418 854.903444925944 855.44251759847 855.981590270997 856.520662943522 857.059735616049 857.598808288575 858.090192159018 858.43850962321 858.786827087403 859.135144551596 859.483462015788
799.23277299669 802.431356302897 805.629939609103 808.82852291531 810.041069539388 810.591603936089 811.142138332791 811.692672729492 812.243207126194 812.793741522895 813.344275919596 814.202130805121 815.981947157118 817.761763509114 819.541579861111 821.321396213107 823.101212565104 824.8810289171 826.660845269097 828.373322550455 830.063353474935 831.753384399414 833.443415323893 835.133446248372 836.823477172851 838.51350809733 840.198034667968 841.866048177083 843.534061686198 845.202075195312 846.870088704427 848.538102213542 850.206115722656 851.87412923177 852.498906962077 852.77593943278 853.052971903483 853.330004374187 853.60703684489 853.884069315593 854.161101786296 854.39644317627 854.506711324056 854.616979471843 854.727247619629 854.837515767416
798.222044033473 801.542998758951 804.863953484429 808.184908209906 809.517663065592 810.187684631347 810.857706197103 811.527727762858 812.197749328613 812.867770894368 813.537792460124 814.454239400227 816.109962463378 817.76568552653 819.421408589681 821.077131652832 822.732854715983 824.388577779134 826.044300842285 827.679437255859 829.307711452908 830.935985649956 832.564259847005 834.192534044054 835.820808241102 837.449082438151 839.047172207302 840.554708692762 842.062245178223 843.569781663683 845.077318149143 846.584854634603 848.092391120063 849.599927605523 850.063920084636 850.180064561632 850.296209038629 850.412353515625 850.528497992622 850.644642469618 850.760786946615 850.833212280274 850.77448018392 850.715748087566 850.657015991211 850.598283894857
797.753371683756 801.167082214355 804.580792744954 807.994503275552 809.446702575684 810.245064798991 811.043427022298 811.841789245605 812.640151468913 813.43851369222 814.236875915527 815.19247487386 816.619784037272 818.047093200683 819.474402364095 820.901711527506 822.329020690918 823.756329854329 825.183639017741 826.700286865234 828.246714274088 829.793141682943 831.339569091797 832.885996500651 834.432423909505 835.978851318359 837.467952982585 838.785077412923 840.102201843262 841.4193262736 842.736450703939 844.053575134277 845.370699564616 846.687823994955 847.059411621094 847.1158203125 847.172229003907 847.228637695313 847.285046386719 847.341455078126 847.397863769532 847.400499471029 847.2418162028 847.083132934571 846.924449666342 846.765766398113
