data/working_set_collections/6091692-Cassins_Sparrow-MC/1980/bio4.asc
NCOLS 265 
NROWS 230 
XLLCORNER -115.5625 
YLLCORNER 24.8333333333333 
CELLSIZE 0.0833333333333333 
NODATA_value -9999 
[rows 40 to 59 of 230, columns 184 to 229 of 265]
1052.46949157715 1055.16760762532 1057.8657236735 1059.90204772949 1061.71777445475 1063.53350118001 1065.34922790527 1067.16495463053 1068.98068135579 1070.79640808105 1072.56161702474 1074.1752726237 1075.78892822266 1077.40258382161 1079.01623942057 1080.62989501953 1082.24355061849 1083.85720621745 1085.54730224609 1087.26287841797 1088.97845458984 1090.69403076172 1092.40960693359 1094.12518310547 1095.84075927734 1097.43514200846 1098.66594441732 1099.89674682617 1101.12754923503 1102.35835164388 1103.58915405273 1104.81995646159 1106.05075887044 1107.40293884277 1108.79557800293 1110.18821716309 1111.58085632324 1112.9734954834 1114.36613464355 1115.75877380371 1117.22591451009 1118.91655985514 1120.6072052002 1122.29785054525 1123.9884958903 1125.67914123535
1053.31843566894 1056.1605919732 1059.00274827745 1061.0377919515 1062.80379808214 1064.56980421278 1066.33581034342 1068.10181647407 1069.86782260471 1071.63382873535 1073.33913438585 1074.86233859592 1076.38554280599 1077.90874701606 1079.43195122613 1080.9551554362 1082.47835964627 1084.00156385634 1085.56039632161 1087.13110487196 1088.70181342231 1090.27252197266 1091.843230523 1093.41393907335 1094.9846476237 1096.47612101237 1097.72988891602 1098.98365681966 1100.23742472331 1101.49119262695 1102.7449605306 1103.99872843424 1105.25249633789 1106.55821431478 1107.88124898275 1109.20428365072 1110.52731831868 1111.85035298665 1113.17338765462 1114.49642232259 1115.87804734972 1117.43544345432 1118.99283955892 1120.55023566352 1122.10763176812 1123.66502787272
1053.96394144694 1056.89570278592 1059.82746412489 1061.89250183105 1063.66863165961 1065.44476148817 1067.22089131673 1068.99702114529 1070.77315097385 1072.54928080241 1074.24631618924 1075.70606825087 1077.1658203125 1078.62557237413 1080.08532443576 1081.5450764974 1083.00482855903 1084.46458062066 1085.94398498535 1087.42994011773 1088.91589525011 1090.40185038249 1091.88780551487 1093.37376064724 1094.85971577962 1096.28743286133 1097.54043579102 1098.7934387207 1100.04644165039 1101.29944458008 1102.55244750977 1103.80545043945 1105.05845336914 1106.31743672689 1107.57841356066 1108.83939039442 1110.10036722819 1111.36134406196 1112.62232089572 1113.88329772949 1115.15952826606 1116.48151991102 1117.80351155599 1119.12550320095 1120.44749484592 1121.76948649089
1054.40600891113 1057.37294006348 1060.33987121582 1062.46617736816 1064.31227518717 1066.15837300618 1068.00447082519 1069.85056864421 1071.69666646322 1073.54276428223 1075.2831624349 1076.70646158854 1078.12976074219 1079.55305989583 1080.97635904948 1082.39965820312 1083.82295735677 1085.24625651042 1086.6980682373 1088.15938415527 1089.62070007324 1091.08201599121 1092.54333190918 1094.00464782715 1095.46596374512 1096.86907755534 1098.09758504232 1099.3260925293 1100.55460001628 1101.78310750325 1103.01161499023 1104.24012247721 1105.46862996419 1106.6806060791 1107.88707173665 1109.09353739421 1110.30000305176 1111.50646870931 1112.71293436686 1113.91940002441 1115.07035725911 1116.05478922526 1117.03922119141 1118.02365315755 1119.0080851237 1119.99251708984
1054.84807637533 1057.85017734104 1060.85227830675 1063.03985290527 1064.95591871473 1066.8719845242 1068.78805033366 1070.70411614312 1072.62018195258 1074.53624776204 1076.32000868056 1077.70685492621 1079.09370117187 1080.48054741753 1081.86739366319 1083.25423990885 1084.64108615451 1086.02793240017 1087.45215148926 1088.88882819282 1090.32550489638 1091.76218159993 1093.19885830349 1094.63553500705 1096.07221171061 1097.45072224935 1098.65473429362 1099.85874633789 1101.06275838216 1102.26677042643 1103.4707824707 1104.67479451497 1105.87880655924 1107.04377543131 1108.19572991265 1109.34768439399 1110.49963887533 1111.65159335666 1112.803547838 1113.95550231934 1114.98118625217 1115.6280585395 1116.27493082682 1116.92180311415 1117.56867540148 1118.2155476888
1055.29014383952 1058.3274146186 1061.36468539768 1063.61352844238 1065.5995622423 1067.58559604221 1069.57162984212 1071.55766364204 1073.54369744195 1075.52973124186 1077.35685492621 1078.70724826389 1080.05764160156 1081.40803493924 1082.75842827691 1084.10882161458 1085.45921495226 1086.80960828993 1088.20623474121 1089.61827223036 1091.03030971951 1092.44234720866 1093.85438469781 1095.26642218696 1096.67845967611 1098.03236694336 1099.21188354492 1100.39140014648 1101.57091674805 1102.75043334961 1103.92994995117 1105.10946655273 1106.2889831543 1107.40694478353 1108.50438808865 1109.60183139377 1110.69927469889 1111.79671800401 1112.89416130914 1113.99160461426 1114.89201524523 1115.20132785373 1115.51064046224 1115.81995307075 1116.12926567925 1116.43857828776
1055.73221130371 1058.80465189616 1061.87709248861 1064.18720397949 1066.24320576986 1068.29920756022 1070.35520935059 1072.41121114095 1074.46721293131 1076.52321472168 1078.39370117187 1079.70764160156 1081.02158203125 1082.33552246094 1083.64946289062 1084.96340332031 1086.27734375 1087.59128417969 1088.96031799316 1090.3477162679 1091.73511454264 1093.12251281738 1094.50991109212 1095.89730936686 1097.2847076416 1098.61401163737 1099.76903279622 1100.92405395508 1102.07907511393 1103.23409627279 1104.38911743164 1105.54413859049 1106.69915974935 1107.77011413574 1108.81304626465 1109.85597839355 1110.89891052246 1111.94184265137 1112.98477478027 1114.02770690918 1114.80284423828 1114.77459716797 1114.74635009766 1114.71810302734 1114.68985595703 1114.66160888672
1056.1742787679 1059.28188917372 1062.38949957953 1064.7608795166 1066.88684929742 1069.01281907823 1071.13878885905 1073.26475863986 1075.39072842068 1077.5166982015 1079.43054741753 1080.70803493924 1081.98552246094 1083.26300998264 1084.54049750434 1085.81798502604 1087.09547254774 1088.37296006944 1089.71440124512 1091.07716030545 1092.43991936578 1093.80267842611 1095.16543748644 1096.52819654677 1097.8909556071 1099.19565633138 1100.32618204753 1101.45670776367 1102.58723347982 1103.71775919596 1104.84828491211 1105.97881062825 1107.1093363444 1108.13328348796 1109.12170444065 1110.11012539334 1111.09854634603 1112.08696729872 1113.07538825141 1114.0638092041 1114.71367323134 1114.3478664822 1113.98205973307 1113.61625298394 1113.25044623481 1112.88463948568
1056.05078938802 1059.19468858507 1062.33858778212 1064.77229410807 1066.969269477 1069.16624484592 1071.36322021484 1073.56019558377 1075.75717095269 1077.95414632161 1079.92315504286 1081.20826382107 1082.49337259928 1083.7784813775 1085.06359015571 1086.34869893392 1087.63380771213 1088.91891649034 1090.2538869222 1091.60547790527 1092.95706888835 1094.30865987142 1095.66025085449 1097.01184183756 1098.36343282064 1099.66431884766 1100.81309000651 1101.96186116536 1103.11063232422 1104.25940348307 1105.40817464193 1106.55694580078 1107.70571695963 1108.64453328451 1109.51336466471 1110.38219604492 1111.25102742513 1112.11985880534 1112.98869018555 1113.85752156576 1114.34665798611 1113.69670952691 1113.04676106771 1112.39681260851 1111.74686414931 1111.0969156901
1055.36174316406 1058.54305013021 1061.72435709635 1064.22144775391 1066.49046630859 1068.75948486328 1071.02850341797 1073.29752197266 1075.56654052734 1077.83555908203 1079.87152404785 1081.20832824707 1082.54513244629 1083.88193664551 1085.21874084473 1086.55554504394 1087.89234924316 1089.22915344238 1090.57877502441 1091.93266906738 1093.28656311035 1094.64045715332 1095.99435119629 1097.34824523926 1098.70213928223 1100.0199991862 1101.22975667318 1102.43951416016 1103.64927164714 1104.85902913411 1106.06878662109 1107.27854410807 1108.48830159505 1109.30386352539 1109.98802693685 1110.67219034831 1111.35635375977 1112.04051717122 1112.72468058268 1113.40884399414 1113.7017985026 1112.82112630208 1111.94045410156 1111.05978190104 1110.17910970052 1109.2984375
1054.6726969401 1057.89141167535 1061.11012641059 1063.67060139974 1066.01166314019 1068.35272488064 1070.69378662109 1073.03484836154 1075.375910102 1077.71697184245 1079.81989305284 1081.20839267307 1082.59689229329 1083.98539191352 1085.37389153375 1086.76239115397 1088.1508907742 1089.53939039442 1090.90366312663 1092.25986022949 1093.61605733236 1094.97225443522 1096.32845153809 1097.68464864095 1099.04084574381 1100.37567952474 1101.64642333984 1102.91716715495 1104.18791097005 1105.45865478516 1106.72939860026 1108.00014241536 1109.27088623047 1109.96319376628 1110.46268920898 1110.96218465169 1111.4616800944 1111.96117553711 1112.46067097982 1112.96016642253 1113.0569390191 1111.94554307726 1110.83414713542 1109.72275119358 1108.61135525174 1107.4999593099
1053.98365071615 1057.23977322049 1060.49589572483 1063.11975504557 1065.53285997179 1067.945964898 1070.35906982422 1072.77217475043 1075.18527967665 1077.59838460286 1079.76826205783 1081.20845709907 1082.6486521403 1084.08884718153 1085.52904222276 1086.969237264 1088.40943230523 1089.84962734646 1091.22855122884 1092.5870513916 1093.94555155436 1095.30405171712 1096.66255187988 1098.02105204264 1099.3795522054 1100.73135986328 1102.06309000651 1103.39482014974 1104.72655029297 1106.0582804362 1107.39001057943 1108.72174072266 1110.05347086588 1110.62252400716 1110.93735148112 1111.25217895508 1111.56700642904 1111.88183390299 1112.19666137695 1112.51148885091 1112.41207953559 1111.06995985243 1109.72784016927 1108.38572048611 1107.04360080295 1105.70148111979
1053.29460449219 1056.58813476562 1059.88166503906 1062.56890869141 1065.05405680339 1067.53920491536 1070.02435302734 1072.50950113932 1074.9946492513 1077.47979736328 1079.71663106283 1081.20852152506 1082.7004119873 1084.19230244954 1085.68419291178 1087.17608337402 1088.66797383626 1090.1598642985 1091.55343933105 1092.91424255371 1094.27504577637 1095.63584899902 1096.99665222168 1098.35745544434 1099.71825866699 1101.08704020182 1102.47975667318 1103.87247314453 1105.26518961588 1106.65790608724 1108.05062255859 1109.44333902995 1110.8360555013 1111.28185424805 1111.41201375325 1111.54217325846 1111.67233276367 1111.80249226888 1111.93265177409 1112.0628112793 1111.76722005208 1110.1943766276 1108.62153320313 1107.04868977865 1105.47584635417 1103.90300292969
1052.60555826823 1055.93649631076 1059.2674343533 1062.01806233724 1064.57525363498 1067.13244493273 1069.68963623047 1072.24682752821 1074.80401882595 1077.3612101237 1079.66500006782 1081.20858595106 1082.75217183431 1084.29575771756 1085.8393436008 1087.38292948405 1088.9265153673 1090.47010125054 1091.87832743327 1093.24143371582 1094.60453999837 1095.96764628092 1097.33075256348 1098.69385884603 1100.05696512858 1101.44272054036 1102.89642333984 1104.35012613932 1105.8038289388 1107.25753173828 1108.71123453776 1110.16493733724 1111.61864013672 1111.94118448893 1111.88667602539 1111.83216756185 1111.77765909831 1111.72315063477 1111.66864217122 1111.61413370768 1111.12236056858 1109.31879340278 1107.51522623698 1105.71165907118 1103.90809190538 1102.10452473958
1051.95660502116 1055.28250969781 1058.60841437446 1061.35377400716 1063.90561862522 1066.45746324327 1069.00930786133 1071.56115247938 1074.11299709744 1076.66484171549 1078.96335550944 1080.50187683105 1082.04039815267 1083.57891947428 1085.1174407959 1086.65596211751 1088.19448343913 1089.73300476074 1091.15976969401 1092.54928249783 1093.93879530165 1095.32830810547 1096.71782090929 1098.10733371311 1099.49684651693 1100.92058817546 1102.44701639811 1103.97344462077 1105.49987284342 1107.02630106608 1108.55272928874 1110.07915751139 1111.60558573405 1111.82431131999 1111.60713602702 1111.38996073405 1111.17278544108 1110.95561014811 1110.73843485514 1110.52125956217 1109.86663784451 1107.89967685276 1105.932715861 1103.96575486925 1101.9987938775 1100.03183288574
1051.34774475098 1054.62617492676 1057.90460510254 1060.57604370117 1063.04515177409 1065.514259847 1067.98336791992 1070.45247599284 1072.92158406575 1075.39069213867 1077.6116973877 1079.08839416504 1080.56509094238 1082.04178771973 1083.51848449707 1084.99518127441 1086.47187805176 1087.9485748291 1089.39776611328 1090.83778889974 1092.2778116862 1093.71783447266 1095.15785725911 1096.59788004557 1098.03790283203 1099.5206431071 1101.13153584798 1102.74242858887 1104.35332132975 1105.96421407064 1107.57510681152 1109.18599955241 1110.79689229329 1110.93123474121 1110.57339375814 1110.21555277507 1109.85771179199 1109.49987080892 1109.14202982585 1108.78418884277 1108.00005187988 1105.93702697754 1103.8740020752 1101.81097717285 1099.74795227051 1097.68492736816
1050.73888448079 1053.96984015571 1057.20079583062 1059.79831339518 1062.18468492296 1064.57105645074 1066.95742797852 1069.34379950629 1071.73017103407 1074.11654256185 1076.26003926595 1077.67491149902 1079.0897837321 1080.50465596517 1081.91952819824 1083.33440043132 1084.74927266439 1086.16414489746 1087.63576253255 1089.12629530165 1090.61682807075 1092.10736083984 1093.59789360894 1095.08842637804 1096.57895914714 1098.12069803874 1099.81605529785 1101.51141255697 1103.20676981608 1104.9021270752 1106.59748433431 1108.29284159342 1109.98819885254 1110.03815816243 1109.53965148926 1109.04114481608 1108.5426381429 1108.04413146973 1107.54562479655 1107.04711812337 1106.13346591526 1103.97437710232 1101.81528828939 1099.65619947645 1097.49711066352 1095.33802185059
1050.13002421061 1053.31350538466 1056.4969865587 1059.02058308919 1061.32421807183 1063.62785305447 1065.93148803711 1068.23512301975 1070.53875800239 1072.84239298503 1074.90838114421 1076.26142883301 1077.61447652181 1078.96752421061 1080.32057189941 1081.67361958822 1083.02666727702 1084.37971496582 1085.87375895182 1087.41480170356 1088.9558444553 1090.49688720703 1092.03792995877 1093.5789727105 1095.12001546224 1096.72075297038 1098.50057474772 1100.28039652507 1102.06021830241 1103.84004007975 1105.6198618571 1107.39968363444 1109.17950541178 1109.14508158366 1108.50590922038 1107.8667368571 1107.22756449382 1106.58839213053 1105.94921976725 1105.31004740397 1104.26687995063 1102.01172722711 1099.75657450358 1097.50142178006 1095.24626905653 1092.99111633301
1049.52116394043 1052.65717061361 1055.79317728678 1058.2428527832 1060.4637512207 1062.6846496582 1064.9055480957 1067.1264465332 1069.3473449707 1071.5682434082 1073.55672302246 1074.84794616699 1076.13916931152 1077.43039245605 1078.72161560059 1080.01283874512 1081.30406188965 1082.59528503418 1084.11175537109 1085.70330810547 1087.29486083984 1088.88641357422 1090.47796630859 1092.06951904297 1093.66107177734 1095.32080790202 1097.18509419759 1099.04938049316 1100.91366678874 1102.77795308431 1104.64223937988 1106.50652567546 1108.37081197103 1108.25200500488 1107.4721669515 1106.69232889811 1105.91249084473 1105.13265279134 1104.35281473796 1103.57297668457 1102.400293986 1100.04907735189 1097.69786071777 1095.34664408366 1092.99542744955 1090.64421081543
1048.91230367025 1052.00083584256 1055.08936801486 1057.46512247721 1059.60328436957 1061.74144626194 1063.8796081543 1066.01777004666 1068.15593193902 1070.29409383138 1072.20506490072 1073.43446350098 1074.66386210124 1075.8932607015 1077.12265930176 1078.35205790202 1079.58145650228 1080.81085510254 1082.34975179036 1083.99181450738 1085.63387722439 1087.27593994141 1088.91800265842 1090.56006537543 1092.20212809245 1093.92086283366 1095.86961364746 1097.81836446126 1099.76711527506 1101.71586608887 1103.66461690267 1105.61336771647 1107.56211853027 1107.35892842611 1106.43842468262 1105.51792093913 1104.59741719564 1103.67691345215 1102.75640970866 1101.83590596517 1100.53370802138 1098.08642747667 1095.63914693197 1093.19186638726 1090.74458584256 1088.29730529785
