data/working_set_collections/6091692-Cassins_Sparrow-MC/1980/bio5.asc
NCOLS 265 
NROWS 230 
XLLCORNER -115.5625 
YLLCORNER 24.8333333333333 
CELLSIZE 0.0833333333333333 
NODATA_value -9999 
[rows 0 to 19 of 230, columns 184 to 229 of 265]
33.6278836568197 33.578071170383 33.5282586839464 33.458783976237 33.38275519477 33.306726413303 33.230697631836 33.1546688503689 33.0786400689019 33.0026112874349 32.9261394076877 32.8483382331001 32.7705370585124 32.6927358839247 32.614934709337 32.5371335347494 32.4593323601617 32.381531185574 32.3734400431315 32.3885855780707 32.40373111301 32.4188766479492 32.4340221828885 32.4491677178277 32.4643132527669 32.4280276616415 32.2374486923218 32.0468697230021 31.8562907536825 31.6657117843628 31.4751328150432 31.2845538457235 31.0939748764038 30.9368101755778 30.7907835642497 30.6447569529216 30.4987303415934 30.3527037302653 30.2066771189372 30.0606505076091 29.9304893917508 29.847924762302 29.7653601328532 29.6827955034044 29.6002308739556 29.5176662445068
33.6032707214356 33.5580813090007 33.5128918965658 33.44775390625 33.375966389974 33.3041788736979 33.2323913574219 33.1606038411458 33.0888163248698 33.0170288085938 32.944827524821 32.871384938558 32.7979423522949 32.7244997660319 32.6510571797689 32.5776145935059 32.5041720072429 32.4307294209798 32.4171493530273 32.423523457845 32.4298975626628 32.4362716674805 32.4426457722982 32.4490198771159 32.4553939819336 32.416755994161 32.2430817286174 32.0694074630738 31.8957331975301 31.7220589319865 31.5483846664429 31.3747104008993 31.2010361353557 31.0507434844971 30.9082447052002 30.7657459259034 30.6232471466065 30.4807483673096 30.3382495880127 30.1957508087158 30.0677796681722 29.9833914438884 29.8990032196045 29.8146149953206 29.7302267710368 29.6458385467529
33.5786577860514 33.5380914476183 33.4975251091851 33.436723836263 33.369177585178 33.3016313340929 33.2340850830078 33.1665388319228 33.0989925808377 33.0314463297526 32.9635156419542 32.8944316440159 32.8253476460775 32.7562636481391 32.6871796502007 32.6180956522624 32.549011654324 32.4799276563856 32.4608586629232 32.4584613376194 32.4560640123155 32.4536666870117 32.4512693617079 32.4488720364041 32.4464747111003 32.4054843266805 32.248714764913 32.0919452031454 31.9351756413778 31.7784060796102 31.6216365178426 31.4648669560751 31.3080973943075 31.1646767934163 31.0257058461507 30.8867348988851 30.7477639516195 30.6087930043539 30.4698220570882 30.3308511098226 30.2050699445936 30.1188581254747 30.0326463063558 29.9464344872369 29.860222668118 29.774010848999
33.5540448506673 33.5181015862359 33.4821583218045 33.4256937662761 33.362388780382 33.2990837944879 33.2357788085938 33.1724738226997 33.1091688368056 33.0458638509115 32.9822037590875 32.9174783494738 32.85275293986 32.7880275302463 32.7233021206326 32.6585767110189 32.5938513014052 32.5291258917915 32.504567972819 32.4933992173937 32.4822304619683 32.471061706543 32.4598929511176 32.4487241956923 32.4375554402669 32.3942126592001 32.2543478012085 32.114482943217 31.9746180852255 31.8347532272339 31.6948883692424 31.5550235112508 31.4151586532593 31.2786101023356 31.1431669871013 31.0077238718669 30.8722807566325 30.7368376413981 30.6013945261638 30.4659514109294 30.3423602210151 30.2543248070611 30.1662893931071 30.0782539791531 29.9902185651991 29.9021831512451
33.5294319152832 33.4981117248535 33.4667915344238 33.4146636962891 33.355599975586 33.2965362548828 33.2374725341797 33.1784088134766 33.1193450927735 33.0602813720703 33.0008918762207 32.9405250549317 32.8801582336426 32.8197914123535 32.7594245910645 32.6990577697754 32.6386909484863 32.5783241271973 32.5482772827148 32.528337097168 32.5083969116211 32.4884567260742 32.4685165405273 32.4485763549805 32.4286361694336 32.3829409917196 32.2599808375041 32.1370206832886 32.0140605290731 31.8911003748576 31.7681402206421 31.6451800664266 31.5222199122111 31.3925434112549 31.2606281280518 31.1287128448487 30.9967975616455 30.8648822784424 30.7329669952393 30.6010517120361 30.4796504974365 30.3897914886475 30.2999324798584 30.2100734710693 30.1202144622803 30.0303554534912
33.5048189798991 33.4781218634711 33.4514247470432 33.4036336263021 33.34881117079 33.2939887152778 33.2391662597656 33.1843438042535 33.1295213487413 33.0746988932292 33.019579993354 32.9635717603895 32.9075635274251 32.8515552944607 32.7955470614963 32.7395388285319 32.6835305955675 32.6275223626031 32.5919865926107 32.5632749769423 32.5345633612739 32.5058517456055 32.4771401299371 32.4484285142687 32.4197168986003 32.3716693242391 32.2656138737997 32.1595584233602 32.0535029729208 31.9474475224813 31.8413920720418 31.7353366216024 31.6292811711629 31.5064767201742 31.3780892690023 31.2497018178304 31.1213143666585 30.9929269154867 30.8645394643148 30.7361520131429 30.616940773858 30.5252581702338 30.4335755666097 30.3418929629856 30.2502103593614 30.1585277557373
33.4200200398763 33.3962563408746 33.3724926418729 33.3299069722494 33.2810473124187 33.2321876525879 33.1833279927572 33.1344683329265 33.0856086730957 33.036749013265 32.9880360921224 32.9397633870443 32.8914906819662 32.843217976888 32.7949452718099 32.7466725667318 32.6983998616537 32.6501271565755 32.6137936909994 32.5814399719238 32.5490862528483 32.5167325337728 32.4843788146973 32.4520250956218 32.4196713765462 32.3714926613702 32.2758389578926 32.1801852544149 32.0845315509372 31.9888778474596 31.8932241439819 31.7975704405043 31.7019167370267 31.5858615875244 31.463005956014 31.3401503245036 31.2172946929932 31.0944390614828 30.9715834299724 30.8487277984619 30.733101187812 30.6391616397434 30.5452220916748 30.4512825436062 30.3573429955377 30.2634034474691
33.2750350952149 33.2525151570638 33.2299952189128 33.1934837341309 33.152308400472 33.1111330668132 33.0699577331543 33.0287823994955 32.9876070658366 32.9464317321777 32.9062601725261 32.8690999348958 32.8319396972656 32.7947794596354 32.7576192220052 32.720458984375 32.6832987467448 32.6461385091146 32.6136985778809 32.5828320821126 32.5519655863444 32.5210990905762 32.490232594808 32.4593660990397 32.4284996032715 32.3824110031128 32.2906560897827 32.1989011764527 32.1071462631226 32.0153913497925 31.9236364364624 31.8318815231323 31.7401266098023 31.6306980133057 31.5153781890869 31.4000583648682 31.2847385406494 31.1694187164307 31.0540988922119 30.9387790679932 30.8281317392985 30.7315018971761 30.6348720550537 30.5382422129313 30.4416123708089 30.3449825286865
33.1300501505534 33.1087739732531 33.0874977959527 33.0570604960124 33.0235694885254 32.9900784810384 32.9565874735515 32.9230964660645 32.8896054585775 32.8561144510905 32.8244842529297 32.7984364827474 32.7723887125651 32.7463409423828 32.7202931722005 32.6942454020182 32.6681976318359 32.6421498616536 32.6136034647624 32.5842241923014 32.5548449198405 32.5254656473796 32.4960863749186 32.4667071024577 32.4373278299968 32.3933293448554 32.3054732216729 32.2176170984904 32.1297609753079 32.0419048521254 31.9540487289429 31.8661926057604 31.7783364825779 31.6755344390869 31.5677504221598 31.4599664052328 31.3521823883057 31.2443983713786 31.1366143544515 31.0288303375244 30.9231622907851 30.8238421546088 30.7245220184326 30.6252018822564 30.5258817460802 30.426561609904
32.985065205892 32.9650327894423 32.9450003729926 32.9206372578939 32.8948305765788 32.8690238952637 32.8432172139486 32.8174105326335 32.7916038513184 32.7657971700033 32.7427083333333 32.727773030599 32.7128377278646 32.6979024251302 32.6829671223958 32.6680318196615 32.6530965169271 32.6381612141927 32.6135083516439 32.5856163024902 32.5577242533366 32.529832204183 32.5019401550293 32.4740481058757 32.446156056722 32.4042476865981 32.3202903535631 32.2363330205282 32.1523756874932 32.0684183544583 31.9844610214233 31.9005036883884 31.8165463553535 31.7203708648682 31.6201226552328 31.5198744455973 31.4196262359619 31.3193780263265 31.2191298166911 31.1188816070557 31.0181928422716 30.9161824120416 30.8141719818115 30.7121615515815 30.6101511213515 30.5081406911214
32.8400802612305 32.8212916056315 32.8025029500326 32.7842140197754 32.7660916646322 32.747969309489 32.7298469543457 32.7117245992025 32.6936022440593 32.675479888916 32.660932413737 32.6571095784505 32.6532867431641 32.6494639078776 32.6456410725911 32.6418182373047 32.6379954020182 32.6341725667318 32.6134132385254 32.587008412679 32.5606035868327 32.5341987609863 32.50779393514 32.4813891092936 32.4549842834473 32.4151660283407 32.3351074854533 32.2550489425659 32.1749903996786 32.0949318567912 32.0148733139038 31.9348147710165 31.8547562281291 31.7652072906494 31.6724948883057 31.5797824859619 31.4870700836182 31.3943576812744 31.3016452789307 31.2089328765869 31.1132233937582 31.0085226694743 30.9038219451904 30.7991212209066 30.6944204966227 30.5897197723389
32.695095316569 32.6775504218208 32.6600055270725 32.6477907816569 32.6373527526856 32.6269147237142 32.6164766947429 32.6060386657715 32.5956006368001 32.5851626078288 32.5791564941406 32.5864461263021 32.5937357584635 32.601025390625 32.6083150227865 32.6156046549479 32.6228942871094 32.6301839192708 32.6133181254069 32.5884005228678 32.5634829203288 32.5385653177897 32.5136477152507 32.4887301127116 32.4638125101725 32.4260843700833 32.3499246173435 32.2737648646037 32.1976051118639 32.1214453591241 32.0452856063843 31.9691258536445 31.8929661009047 31.8100437164307 31.7248671213786 31.6396905263265 31.5545139312744 31.4693373362223 31.3841607411703 31.2989841461182 31.2082539452447 31.100862926907 30.9934719085693 30.8860808902317 30.778689871894 30.6712988535563
32.6326329549154 32.6122478908963 32.5918628268772 32.5811055501302 32.5735575358073 32.5660095214844 32.5584615071615 32.5509134928385 32.5433654785156 32.5358174641927 32.5328892178006 32.5438202752007 32.5547513326009 32.5656823900011 32.5766134474013 32.5875445048014 32.5984755622016 32.6094066196018 32.5940737406413 32.5699862162272 32.5458986918132 32.5218111673991 32.497723642985 32.473636118571 32.4495485941569 32.4124918407864 32.3365274005466 32.2605629603068 32.184598520067 32.1086340798272 32.0326696395874 31.9567051993476 31.8807407591078 31.8043193817139 31.7277456919352 31.6511720021566 31.5745983123779 31.4980246225993 31.4214509328207 31.344877243042 31.2618515438504 31.1594698164198 31.0570880889893 30.9547063615587 30.8523246341282 30.7499429066976
32.6526931762695 32.6253840128581 32.5980748494466 32.5841583251953 32.5747060139974 32.5652537027995 32.5558013916016 32.5463490804037 32.5368967692057 32.5274444580078 32.5221305847168 32.5292320251465 32.5363334655762 32.5434349060059 32.5505363464355 32.5576377868652 32.5647392272949 32.5718406677246 32.5556800842285 32.5317654927572 32.5078509012858 32.4839363098145 32.4600217183431 32.4361071268718 32.4121925354004 32.3743884404501 32.2949158350627 32.2154432296753 32.1359706242879 32.0564980189006 31.9770254135132 31.8975528081258 31.8180802027385 31.748034286499 31.6811305999756 31.6142269134522 31.5473232269287 31.4804195404053 31.4135158538819 31.3466121673584 31.2740161895752 31.1843433380127 31.0946704864502 31.0049976348877 30.9153247833252 30.8256519317627
32.6727533976237 32.6385201348199 32.6042868720161 32.5872111002604 32.5758544921875 32.5644978841146 32.5531412760417 32.5417846679688 32.5304280598958 32.5190714518229 32.511371951633 32.5146437750922 32.5179155985514 32.5211874220106 32.5244592454698 32.527731068929 32.5310028923882 32.5342747158474 32.5172864278158 32.4935447692871 32.4698031107585 32.4460614522298 32.4223197937012 32.3985781351725 32.3748364766439 32.3362850401137 32.2533042695787 32.1703234990438 32.0873427285089 32.0043619579739 31.921381187439 31.838400416904 31.7554196463691 31.6917491912842 31.634515508016 31.5772818247477 31.5200481414795 31.4628144582113 31.405580774943 31.3483470916748 31.2861808353 31.2092168596056 31.1322528839111 31.0552889082167 30.9783249325223 30.9013609568278
32.6928136189779 32.6516562567817 32.6104988945855 32.5902638753255 32.5770029703776 32.5637420654297 32.5504811604818 32.5372202555339 32.5239593505859 32.510698445638 32.5006133185493 32.500055525038 32.4994977315267 32.4989399380154 32.4983821445041 32.4978243509928 32.4972665574816 32.4967087639703 32.478892771403 32.4553240458171 32.4317553202311 32.4081865946452 32.3846178690593 32.3610491434733 32.3374804178874 32.2981816397773 32.2116927040948 32.1252037684123 32.0387148327298 31.9522258970473 31.8657369613648 31.7792480256823 31.6927590899998 31.6354640960694 31.5879004160563 31.5403367360433 31.4927730560303 31.4452093760173 31.3976456960042 31.3500820159912 31.2983454810249 31.2340903811985 31.1698352813721 31.1055801815457 31.0413250817193 30.9770699818929
32.712873840332 32.6647923787435 32.616710917155 32.5933166503906 32.5781514485677 32.5629862467448 32.5478210449219 32.532655843099 32.517490641276 32.5023254394531 32.4898546854655 32.4854672749837 32.481079864502 32.4766924540202 32.4723050435384 32.4679176330566 32.4635302225749 32.4591428120931 32.4404991149902 32.417103322347 32.3937075297038 32.3703117370606 32.3469159444173 32.3235201517741 32.3001243591309 32.2600782394409 32.1700811386109 32.0800840377808 31.9900869369507 31.9000898361206 31.8100927352905 31.7200956344605 31.6300985336304 31.5791790008545 31.5412853240967 31.5033916473389 31.4654979705811 31.4276042938233 31.3897106170654 31.3518169403076 31.3105101267497 31.2589639027914 31.207417678833 31.1558714548747 31.1043252309164 31.052779006958
32.7329340616862 32.6779285007053 32.6229229397244 32.5963694254557 32.5792999267578 32.5622304280599 32.545160929362 32.5280914306641 32.5110219319661 32.4939524332682 32.4790960523817 32.4708790249295 32.4626619974772 32.454444970025 32.4462279425727 32.4380109151204 32.4297938876682 32.4215768602159 32.4021054585775 32.378882598877 32.3556597391764 32.3324368794759 32.3092140197754 32.2859911600749 32.2627683003744 32.2219748391046 32.1284695731269 32.0349643071493 31.9414590411716 31.847953775194 31.7544485092163 31.6609432432387 31.567437977261 31.5228939056397 31.494670232137 31.4664465586345 31.4382228851318 31.4099992116292 31.3817755381266 31.353551864624 31.3226747724745 31.2838374243842 31.245000076294 31.2061627282037 31.1673253801134 31.1284880320231
32.7565183003744 32.6985393100315 32.6405603196886 32.6118769327799 32.5929587470161 32.5740405612522 32.5551223754883 32.5362041897244 32.5172860039605 32.4983678181966 32.4821114434136 32.4738405015733 32.4655695597331 32.4572986178928 32.4490276760525 32.4407567342122 32.432485792372 32.4242148505317 32.3997762203217 32.369948360655 32.3401205009884 32.3102926413218 32.2804647816552 32.2506369219886 32.220809062322 32.1756457487742 32.084476073583 31.9933063983917 31.9021367232005 31.8109670480093 31.719797372818 31.6286276976268 31.5374580224355 31.4971268971761 31.4737419552273 31.4503570132785 31.4269720713298 31.403587129381 31.3802021874322 31.3568172454834 31.3325106726752 31.305439207289 31.2783677419027 31.2512962765164 31.2242248111301 31.1971533457438
32.7836265563965 32.726624806722 32.6696230570475 32.6398391723633 32.6191279093425 32.5984166463216 32.5777053833008 32.55699412028 32.5362828572591 32.5155715942383 32.4989008585612 32.4943517049154 32.4898025512695 32.4852533976237 32.4807042439779 32.476155090332 32.4716059366862 32.4670567830404 32.4335114002228 32.3903006076813 32.3470898151398 32.3038790225983 32.2606682300568 32.2174574375153 32.1742466449738 32.1210909684499 32.0381006399791 31.9551103115082 31.8721199830373 31.7891296545665 31.7061393260956 31.6231489976247 31.5401586691539 31.5018779754639 31.4785004933675 31.4551230112712 31.4317455291748 31.4083680470785 31.3849905649821 31.3616130828857 31.3400178273519 31.3237692515055 31.3075206756592 31.2912720998128 31.2750235239665 31.2587749481201
