data/working_set_collections/6091692-Cassins_Sparrow-MC/1980/bio5.asc
NCOLS 265 
NROWS 230 
XLLCORNER -115.5625 
YLLCORNER 24.8333333333333 
CELLSIZE 0.0833333333333333 
NODATA_value -9999 
[rows 140 to 159 of 230, columns 138 to 183 of 265]
35.8566268920898 35.9104008992513 35.9641749064127 36.0179489135742 36.0077145894368 35.9761441548665 35.9445737202962 35.9130032857259 35.8814328511556 35.8498624165853 35.818291982015 35.800212181939 35.8226042853461 35.8449963887532 35.8673884921604 35.8897805955675 35.9121726989746 35.9345648023817 35.9569569057888 35.9997006734212 36.0492283291287 36.0987559848361 36.1482836405436 36.1978112962511 36.2473389519585 36.296866607666 36.3476470947265 36.4021860758463 36.4567250569661 36.5112640380859 36.5658030192057 36.6203420003255 36.6748809814453 36.7294199625651 36.7376907348633 36.7305387708876 36.7233868069119 36.7162348429362 36.7090828789605 36.7019309149848 36.6947789510091 36.6852594163683 36.668637169732 36.6520149230957 36.6353926764594 36.6187704298231
35.9435979207356 36.0222864786784 36.1009750366211 36.1796635945638 36.1744021097819 36.1411572774251 36.1079124450684 36.0746676127116 36.0414227803548 36.008177947998 35.9749331156413 35.9515781826443 35.9578929477268 35.9642077128092 35.9705224778917 35.9768372429742 35.9831520080566 35.9894667731391 35.9957815382216 36.0343020121256 36.0835577223036 36.1328134324815 36.1820691426595 36.2313248528374 36.2805805630154 36.3298362731933 36.3782491048177 36.4241333007812 36.4700174967448 36.5159016927083 36.5617858886719 36.6076700846354 36.653554280599 36.6994384765625 36.7083511352539 36.7049399481879 36.701528761122 36.698117574056 36.69470638699 36.691295199924 36.6878840128581 36.6805812411838 36.6616037156847 36.6426261901856 36.6236486646864 36.6046711391873
36.0305689493815 36.1341720581054 36.2377751668294 36.3413782755533 36.3410896301269 36.3061703999837 36.2712511698405 36.2363319396972 36.201412709554 36.1664934794108 36.1315742492676 36.1029441833496 36.0931816101074 36.0834190368652 36.073656463623 36.0638938903808 36.0541313171387 36.0443687438965 36.0346061706543 36.0689033508301 36.1178871154785 36.1668708801269 36.2158546447754 36.2648384094238 36.3138221740722 36.3628059387207 36.4088511149088 36.4460805257161 36.4833099365234 36.5205393473307 36.557768758138 36.5949981689453 36.6322275797526 36.6694569905599 36.6790115356445 36.6793411254883 36.679670715332 36.6800003051758 36.6803298950195 36.6806594848633 36.680989074707 36.6759030659994 36.6545702616374 36.6332374572754 36.6119046529134 36.5905718485514
36.1175399780273 36.2460576375325 36.3745752970377 36.5030929565429 36.507777150472 36.4711835225423 36.4345898946126 36.3979962666829 36.3614026387532 36.3248090108236 36.2882153828939 36.2543101840549 36.2284702724881 36.2026303609212 36.1767904493544 36.1509505377875 36.1251106262207 36.0992707146539 36.073430803087 36.1035046895345 36.1522165086534 36.2009283277723 36.2496401468913 36.2983519660102 36.3470637851291 36.395775604248 36.439453125 36.468027750651 36.4966023763021 36.5251770019531 36.5537516276042 36.5823262532552 36.6109008789062 36.6394755045573 36.6496719360352 36.6537423027886 36.6578126695421 36.6618830362956 36.665953403049 36.6700237698025 36.674094136556 36.6712248908149 36.6475368075901 36.6238487243652 36.6001606411404 36.5764725579156
36.1928466796874 36.3398722330729 36.4868977864583 36.6339233398437 36.6455279032389 36.6119921366374 36.5784563700358 36.5449206034342 36.5113848368327 36.4778490702311 36.4443133036295 36.4099353366428 36.3730307685004 36.3361262003581 36.2992216322157 36.2623170640733 36.225412495931 36.1885079277886 36.1516033596463 36.1708686828613 36.2088573031955 36.2468459235297 36.2848345438639 36.3228231641981 36.3608117845323 36.3988004048665 36.4333845350477 36.45775519477 36.4821258544922 36.5064965142144 36.5308671739366 36.5552378336589 36.5796084933811 36.6039791531033 36.6164515177409 36.6249577840169 36.633464050293 36.641970316569 36.650476582845 36.6589828491211 36.6674891153971 36.6682637532552 36.6458435058594 36.6234232584635 36.6010030110677 36.5785827636719
36.2564890543619 36.4156158447265 36.5747426350911 36.7338694254557 36.7543418884277 36.7285962422689 36.70285059611 36.6771049499512 36.6513593037923 36.6256136576334 36.5998680114746 36.5698196411133 36.5268630981445 36.4839065551758 36.440950012207 36.3979934692383 36.3550369262695 36.3120803833008 36.269123840332 36.2709953308105 36.2878094991048 36.3046236673991 36.3214378356933 36.3382520039876 36.3550661722819 36.3718803405762 36.3906453450521 36.4152628580729 36.4398803710938 36.4644978841146 36.4891153971354 36.5137329101562 36.5383504231771 36.5629679361979 36.5793502807617 36.5929875691732 36.6066248575846 36.6202621459961 36.6338994344076 36.647536722819 36.6611740112305 36.6670196533203 36.6494903564453 36.6319610595703 36.6144317626953 36.5969024658203
36.3201314290364 36.4913594563802 36.6625874837239 36.8338155110676 36.8631558736165 36.8452003479004 36.8272448221842 36.8092892964681 36.7913337707519 36.7733782450358 36.7554227193196 36.7297039455838 36.6806954277886 36.6316869099935 36.5826783921983 36.5336698744032 36.4846613566081 36.4356528388129 36.3866443210178 36.3711219787597 36.3667616950141 36.3624014112684 36.3580411275228 36.3536808437771 36.3493205600315 36.3449602762858 36.3479061550564 36.3727705213759 36.3976348876953 36.4224992540148 36.4473636203342 36.4722279866536 36.4970923529731 36.5219567192925 36.5422490437826 36.5610173543294 36.5797856648763 36.5985539754232 36.61732228597 36.6360905965169 36.6548589070638 36.6657755533854 36.6531372070313 36.6404988606771 36.6278605143229 36.6152221679688
36.3837738037109 36.5671030680338 36.7504323323567 36.9337615966796 36.9719698588053 36.9618044535319 36.9516390482584 36.941473642985 36.9313082377116 36.9211428324381 36.9109774271647 36.8895882500542 36.8345277574327 36.7794672648112 36.7244067721897 36.6693462795681 36.6142857869466 36.5592252943251 36.5041648017036 36.471248626709 36.4457138909234 36.4201791551378 36.3946444193522 36.3691096835666 36.343574947781 36.3180402119955 36.3051669650608 36.3302781846788 36.3553894042969 36.3805006239149 36.405611843533 36.430723063151 36.4558342827691 36.4809455023872 36.5051478068034 36.5290471394857 36.552946472168 36.5768458048503 36.6007451375325 36.6246444702148 36.6485438028971 36.6645314534505 36.6567840576172 36.6490366617839 36.6412892659505 36.6335418701172
36.4474161783853 36.6428466796875 36.8382771809895 37.0337076822916 37.0807838439941 37.0784085591634 37.0760332743327 37.0736579895019 37.0712827046712 37.0689074198405 37.0665321350097 37.0494725545247 36.9883600870768 36.9272476196289 36.866135152181 36.8050226847331 36.7439102172851 36.6827977498372 36.6216852823893 36.5713752746582 36.5246660868327 36.4779568990072 36.4312477111816 36.3845385233561 36.3378293355306 36.2911201477051 36.2624277750651 36.2877858479818 36.3131439208984 36.3385019938151 36.3638600667318 36.3892181396484 36.4145762125651 36.4399342854818 36.4680465698242 36.4970769246419 36.5261072794596 36.5551376342773 36.584167989095 36.6131983439128 36.6422286987305 36.6632873535156 36.6604309082031 36.6575744628906 36.6547180175781 36.6518615722656
36.5110585530598 36.7185902913411 36.9261220296223 37.1336537679036 37.1895978291829 37.1950126647949 37.2004275004069 37.2058423360189 37.2112571716308 37.2166720072428 37.2220868428548 37.2093568589952 37.1421924167209 37.0750279744466 37.0078635321723 36.940699089898 36.8735346476237 36.8063702053494 36.7392057630751 36.6715019226074 36.603618282742 36.5357346428765 36.4678510030111 36.3999673631456 36.3320837232802 36.2642000834147 36.2196885850694 36.2452935112847 36.2708984375 36.2965033637153 36.3221082899306 36.3477132161458 36.3733181423611 36.3989230685764 36.430945332845 36.4651067097982 36.4992680867513 36.5334294637044 36.5675908406575 36.6017522176107 36.6359135945638 36.6620432535807 36.6640777587891 36.6661122639974 36.6681467692057 36.6701812744141
36.4430683559841 36.6541079203288 36.8651474846734 37.076187049018 37.1419158935547 37.1592078314888 37.1764997694228 37.1937917073568 37.2110836452908 37.2283755832248 37.2456675211589 37.2418099297418 37.1745037502713 37.1071975708008 37.0398913913303 36.9725852118598 36.9052790323893 36.8379728529189 36.7706666734484 36.6974843343099 36.6223432752821 36.5472022162544 36.4720611572266 36.3969200981988 36.321779039171 36.2466379801432 36.1958452860514 36.2180976867676 36.2403500874837 36.2626024881999 36.284854888916 36.3071072896322 36.3293596903483 36.3516120910645 36.3830156962077 36.4174697028266 36.4519237094455 36.4863777160645 36.5208317226834 36.5552857293023 36.5897397359212 36.6169472588433 36.6224153306749 36.6278834025065 36.6333514743381 36.6388195461697
36.2434455871582 36.4493995666504 36.6553535461426 36.8613075256347 36.9377380371094 36.9709940592448 37.0042500813802 37.0375061035156 37.0707621256511 37.1040181477865 37.1372741699219 37.1468317667644 37.0852940877279 37.0237564086914 36.962218729655 36.9006810506185 36.8391433715821 36.7776056925456 36.7160680135091 36.6493225097656 36.5808410644532 36.5123596191407 36.4438781738281 36.3753967285156 36.3069152832031 36.2384338378906 36.1908978780111 36.2061983744303 36.2214988708496 36.2367993672689 36.2520998636882 36.2674003601074 36.2827008565267 36.298001352946 36.3242576599121 36.3541659037272 36.3840741475423 36.4139823913574 36.4438906351725 36.4737988789876 36.5037071228027 36.5279993693034 36.5354436238607 36.542887878418 36.5503321329753 36.5577763875326
36.0438228183322 36.244691212972 36.4455596076117 36.6464280022515 36.7335601806641 36.7827802870009 36.8320003933377 36.8812204996745 36.9304406060113 36.9796607123481 37.0288808186849 37.0518536037869 36.9960844251845 36.940315246582 36.8845460679796 36.8287768893772 36.7730077107748 36.7172385321723 36.6614693535699 36.6011606852214 36.5393388536242 36.4775170220269 36.4156951904297 36.3538733588325 36.2920515272353 36.230229695638 36.1859504699707 36.1942990620931 36.2026476542155 36.2109962463379 36.2193448384603 36.2276934305827 36.2360420227051 36.2443906148275 36.2654996236165 36.2908621046278 36.3162245856391 36.3415870666504 36.3669495476617 36.392312028673 36.4176745096843 36.4390514797635 36.4484719170465 36.4578923543294 36.4673127916124 36.4767332288954
35.8442000495063 36.0399828592936 36.2357656690809 36.4315484788683 36.5293823242188 36.594566514757 36.6597507052952 36.7249348958333 36.7901190863715 36.8553032769097 36.9204874674479 36.9568754408095 36.9068747626411 36.8568740844727 36.8068734063043 36.7568727281359 36.7068720499675 36.6568713717991 36.6068706936307 36.5529988606771 36.4978366427952 36.4426744249132 36.3875122070313 36.3323499891493 36.2771877712674 36.2220255533854 36.1810030619303 36.1823997497559 36.1837964375814 36.1851931254069 36.1865898132324 36.187986501058 36.1893831888835 36.190779876709 36.206741587321 36.2275583055284 36.2483750237359 36.2691917419434 36.2900084601508 36.3108251783583 36.3316418965658 36.3501035902235 36.3615002102322 36.3728968302409 36.3842934502496 36.3956900702583
35.6445772806803 35.8352745056152 36.0259717305501 36.216668955485 36.3252044677735 36.406352742513 36.4875010172526 36.5686492919922 36.6497975667318 36.7309458414713 36.8120941162109 36.8618972778321 36.8176651000977 36.7734329223633 36.7292007446289 36.6849685668946 36.6407363891602 36.5965042114258 36.5522720336914 36.5048370361328 36.4563344319662 36.4078318277995 36.3593292236328 36.3108266194662 36.2623240152995 36.2138214111328 36.17605565389 36.1705004374186 36.1649452209473 36.1593900044759 36.1538347880046 36.1482795715332 36.1427243550619 36.1371691385905 36.1479835510254 36.164254506429 36.1805254618327 36.1967964172363 36.21306737264 36.2293383280436 36.2456092834473 36.2611557006836 36.274528503418 36.2879013061524 36.3012741088867 36.3146469116211
35.4449545118544 35.6305661519369 35.8161777920193 36.0017894321018 36.1210266113281 36.2181389702691 36.3152513292101 36.412363688151 36.509476047092 36.606588406033 36.703700764974 36.7669191148546 36.7284554375543 36.6899917602539 36.6515280829536 36.6130644056532 36.5746007283529 36.5361370510525 36.4976733737522 36.4566752115886 36.4148322211372 36.3729892306858 36.3311462402344 36.289303249783 36.2474602593316 36.2056172688802 36.1711082458496 36.1586011250814 36.1460940043132 36.1335868835449 36.1210797627767 36.1085726420085 36.0960655212402 36.083558400472 36.0892255147298 36.1009507073297 36.1126758999295 36.1244010925293 36.1361262851291 36.147851477729 36.1595766703288 36.1722078111437 36.1875567966037 36.2029057820638 36.2182547675239 36.233603752984
35.2274646335178 35.3942418416341 35.5610190497505 35.7277962578668 35.8441988627116 35.9438099331326 36.0434210035536 36.1430320739747 36.2426431443957 36.3422542148167 36.4418652852377 36.5105602688261 36.4865069919163 36.4624537150066 36.4384004380969 36.4143471611871 36.3902938842774 36.3662406073677 36.342187330458 36.3189910888672 36.2960805257162 36.2731699625651 36.2502593994141 36.227348836263 36.204438273112 36.181527709961 36.1609269883898 36.1472557915582 36.1335845947266 36.119913397895 36.1062422010634 36.0925710042318 36.0788998074002 36.0652286105686 36.0658045450846 36.0711295233832 36.0764545016819 36.0817794799805 36.0871044582791 36.0924294365777 36.0977544148763 36.1047170003255 36.1165924072266 36.1284678141276 36.1403432210287 36.1522186279297
34.9921076456706 35.1263015747071 35.2604955037435 35.39468943278 35.4947212219239 35.5833656311036 35.6720100402832 35.7606544494629 35.8492988586426 35.9379432678223 36.026587677002 36.0928207397462 36.0918197631837 36.0908187866212 36.0898178100587 36.0888168334962 36.0878158569336 36.0868148803711 36.0858139038086 36.0917846679688 36.1000793457032 36.1083740234375 36.1166687011719 36.1249633789063 36.1332580566406 36.141552734375 36.1455118815104 36.136464436849 36.1274169921875 36.118369547526 36.1093221028646 36.1002746582031 36.0912272135417 36.0821797688802 36.0777206420898 36.0747909545898 36.0718612670898 36.0689315795898 36.0660018920898 36.0630722045899 36.0601425170899 36.0586832682292 36.0616353352865 36.0645874023438 36.0675394694011 36.0704915364583
34.7567506578234 34.85836130778 34.9599719577366 35.0615826076932 35.1452435811361 35.2229213290745 35.3005990770128 35.3782768249512 35.4559545728896 35.5336323208279 35.6113100687663 35.6750812106663 35.697132534451 35.7191838582357 35.7412351820204 35.7632865058052 35.7853378295899 35.8073891533746 35.8294404771593 35.8645782470703 35.9040781656901 35.9435780843099 35.9830780029297 36.0225779215495 36.0620778401693 36.1015777587891 36.1300967746311 36.1256730821398 36.1212493896484 36.1168256971571 36.1124020046658 36.1079783121745 36.1035546196832 36.0991309271918 36.0896367390951 36.0784523857964 36.0672680324978 36.0560836791992 36.0448993259006 36.033714972602 36.0225306193034 36.0126495361328 36.0066782633464 36.0007069905599 35.9947357177735 35.988764444987
34.5213936699762 34.5904210408529 34.6594484117296 34.7284757826064 34.7957659403484 34.8624770270454 34.9291881137425 34.9958992004395 35.0626102871366 35.1293213738336 35.1960324605307 35.2573416815864 35.3024453057184 35.3475489298503 35.3926525539823 35.4377561781142 35.4828598022461 35.5279634263781 35.57306705051 35.6373718261719 35.7080769856771 35.7787821451823 35.8494873046875 35.9201924641927 35.9908976236979 36.0616027832031 36.1146816677517 36.1148817274306 36.1150817871094 36.1152818467882 36.115481906467 36.1156819661458 36.1158820258247 36.1160820855035 36.1015528361003 36.082113817003 36.0626747979058 36.0432357788086 36.0237967597114 36.0043577406142 35.9849187215169 35.9666158040365 35.9517211914063 35.9368265787761 35.9219319661459 35.9070373535156
