data/working_set_collections/6091692-Cassins_Sparrow-MC/1980/bio5.asc
NCOLS 265 
NROWS 230 
XLLCORNER -115.5625 
YLLCORNER 24.8333333333333 
CELLSIZE 0.0833333333333333 
NODATA_value -9999 
[rows 180 to 199 of 230, columns 184 to 229 of 265]
37.9924550374349 37.983891805013 37.9753285725911 37.9446716308594 37.9066501193576 37.8686286078559 37.8306070963542 37.7925855848524 37.7545640733507 37.7165425618489 37.6738900926378 37.6173447502984 37.560799407959 37.5042540656196 37.4477087232802 37.3911633809408 37.3346180386014 37.2780726962619 37.2320650736491 37.1895700242784 37.1470749749078 37.1045799255371 37.0620848761665 37.0195898267958 36.9770947774251 36.9079388936361 36.7588005065918 36.6096621195476 36.4605237325033 36.311385345459 36.1622469584148 36.0131085713705 35.8639701843262 35.7292671203614 35.5993758307564 35.4694845411513 35.3395932515463 35.2097019619413 35.0798106723362 34.9499193827312 34.8140891234081 34.6604419549307 34.5067947864533 34.353147617976 34.1995004494986 34.0458532810212
38.0380737304687 38.0423482259114 38.0466227213542 38.0208038330078 37.9849538167318 37.9491038004557 37.9132537841797 37.8774037679036 37.8415537516276 37.8057037353516 37.7620379130046 37.6949246724447 37.6278114318848 37.5606981913249 37.493584950765 37.4264717102051 37.3593584696452 37.2922452290853 37.2386299133301 37.1895139058431 37.1403978983561 37.0912818908691 37.0421658833822 36.9930498758952 36.9439338684082 36.866768137614 36.7054532368978 36.5441383361817 36.3828234354655 36.2215085347494 36.0601936340332 35.8988787333171 35.737563832601 35.5823234558106 35.4291079203288 35.2758923848471 35.1226768493653 34.9694613138835 34.8162457784018 34.66303024292 34.5006973425548 34.3110123475394 34.1213273525239 33.9316423575085 33.741957362493 33.5522723674775
38.0836924235026 38.1008046468099 38.1179168701172 38.0969360351562 38.0632575141059 38.0295789930556 37.9959004720052 37.9622219509549 37.9285434299045 37.8948649088542 37.8501857333713 37.7725045945909 37.6948234558105 37.6171423170302 37.5394611782498 37.4617800394694 37.384098900689 37.3064177619087 37.2451947530111 37.1894577874078 37.1337208218045 37.0779838562012 37.0222468905979 36.9665099249946 36.9107729593913 36.8255973815918 36.6521059672038 36.4786145528158 36.3051231384278 36.1316317240398 35.9581403096517 35.7846488952637 35.6111574808757 35.4353797912598 35.2588400099013 35.0823002285428 34.9057604471843 34.7292206658258 34.5526808844673 34.3761411031088 34.1873055617015 33.961582740148 33.7358599185945 33.5101370970409 33.2844142754874 33.0586914539338
38.1293111165364 38.1592610677083 38.1892110188802 38.1730682373047 38.14156121148 38.1100541856554 38.0785471598307 38.0470401340061 38.0155331081814 37.9840260823568 37.9383335537381 37.8500845167372 37.7618354797363 37.6735864427355 37.5853374057346 37.4970883687337 37.4088393317329 37.320590294732 37.2517595926921 37.1894016689725 37.1270437452528 37.0646858215332 37.0023278978136 36.939969974094 36.8776120503744 36.7844266255697 36.5987586975098 36.4130907694499 36.22742284139 36.0417549133301 35.8560869852702 35.6704190572104 35.4847511291505 35.288436126709 35.0885720994738 34.8887080722386 34.6888440450033 34.4889800177681 34.2891159905329 34.0892519632976 33.8739137808483 33.6121531327567 33.350392484665 33.0886318365734 32.8268711884818 32.5651105403902
38.1749298095703 38.2177174886068 38.2605051676432 38.2492004394531 38.2198649088542 38.1905293782552 38.1611938476562 38.1318583170573 38.1025227864583 38.0731872558594 38.0264813741048 37.9276644388835 37.8288475036621 37.7300305684408 37.6312136332194 37.5323966979981 37.4335797627767 37.3347628275554 37.2583244323731 37.1893455505371 37.1203666687012 37.0513877868652 36.9824089050293 36.9134300231934 36.8444511413574 36.7432558695476 36.5454114278158 36.347566986084 36.1497225443523 35.9518781026205 35.7540336608887 35.556189219157 35.3583447774252 35.1414924621583 34.9183041890463 34.6951159159343 34.4719276428223 34.2487393697104 34.0255510965984 33.8023628234864 33.560521999995 33.2627235253653 32.9649250507356 32.6671265761059 32.3693281014762 32.0715296268464
38.2205485026041 38.2761739095052 38.3317993164062 38.3253326416016 38.2981686062283 38.271004570855 38.2438405354818 38.2166765001085 38.1895124647352 38.162348429362 38.1146291944716 38.0052443610298 37.8958595275879 37.7864746941461 37.6770898607042 37.5677050272624 37.4583201938205 37.3489353603787 37.264889272054 37.1892894321018 37.1136895921495 37.0380897521973 36.962489912245 36.8868900722928 36.8112902323405 36.7020851135254 36.4920641581218 36.2820432027181 36.0720222473145 35.8620012919109 35.6519803365072 35.4419593811036 35.2319384257 34.9945487976075 34.7480362786188 34.5015237596301 34.2550112406414 34.0084987216526 33.761986202664 33.5154736836752 33.2471302191418 32.913293917974 32.5794576168061 32.2456213156384 31.9117850144706 -9999
38.207319132487 38.2734561496311 38.3395931667752 38.3383013407389 38.3145332336426 38.2907651265462 38.2669970194499 38.2432289123535 38.2194608052572 38.1956926981608 38.1481619093153 38.0293430752225 37.9105242411296 37.7917054070367 37.6728865729438 37.5540677388509 37.4352489047581 37.3164300706652 37.2277580261231 37.1491349114312 37.0705117967394 36.9918886820476 36.9132655673557 36.8346424526639 36.756019337972 36.6410051981609 36.4168179829916 36.1926307678223 35.9684435526531 35.7442563374838 35.5200691223145 35.2958819071453 35.071694691976 34.8066096146902 34.527891916699 34.2491742187078 33.9704565207165 33.6917388227252 33.413021124734 33.1343034267427 32.8418197260964 32.5080380174851 32.1742563088736 31.8404746002623 31.5066928916509 31.1729111830395
38.1352416992188 38.2095642089844 38.28388671875 38.2881065368652 38.268958791097 38.2498110453288 38.2306632995606 38.2115155537923 38.1923678080241 38.1732200622559 38.1270795186361 37.9999605814616 37.8728416442871 37.7457227071127 37.6186037699382 37.4914848327637 37.3643658955892 37.2372469584148 37.1469306945801 37.0688819885254 36.9908332824707 36.912784576416 36.8347358703614 36.7566871643067 36.678638458252 36.5600161234538 36.3196729024252 36.0793296813965 35.8389864603679 35.5986432393393 35.3583000183106 35.117956797282 34.8776135762534 34.5776749134065 34.2578711032869 33.9380672931673 33.6182634830476 33.298459672928 32.9786558628084 32.6588520526887 32.3445905208589 32.0469558238985 31.749321126938 31.4516864299775 31.1540517330171 -9999
38.0631642659505 38.1456722683377 38.2281802707248 38.2379117329915 38.2233843485514 38.2088569641113 38.1943295796712 38.1798021952311 38.165274810791 38.1507474263509 38.1059971279568 37.9705780877008 37.8351590474447 37.6997400071886 37.5643209669326 37.4289019266765 37.2934828864204 37.1580638461643 37.0661033630371 36.9886290656196 36.9111547682021 36.8336804707845 36.756206173367 36.6787318759495 36.6012575785319 36.4790270487468 36.2225278218588 35.9660285949708 35.7095293680828 35.4530301411948 35.1965309143067 34.9400316874187 34.6835324605307 34.3487402121227 33.9878502898747 33.6269603676268 33.2660704453787 32.9051805231308 32.5442906008828 32.1834006786348 31.8473613156214 31.5858736303119 31.3243859450023 31.0628982596928 30.8014105743833 -9999
37.9910868326823 38.081780327691 38.1724738226996 38.1877169291178 38.1778099060059 38.1679028828939 38.1579958597819 38.1480888366699 38.138181813558 38.128274790446 38.0849147372776 37.9411955939399 37.7974764506022 37.6537573072646 37.5100381639269 37.3663190205892 37.2225998772516 37.0788807339139 36.9852760314942 36.9083761427138 36.8314762539334 36.754576365153 36.6776764763727 36.6007765875923 36.5238766988119 36.3980379740398 36.1253827412924 35.852727508545 35.5800722757976 35.3074170430502 35.0347618103028 34.7621065775554 34.4894513448081 34.1198055108389 33.7178294764626 33.3158534420863 32.9138774077099 32.5119013733336 32.1099253389572 31.7079493045809 31.3501321103839 31.1247914367254 30.8994507630667 -9999 -9999 -9999
37.9190093994141 38.0178883870443 38.1167673746745 38.1375221252441 38.1322354634603 38.1269488016764 38.1216621398926 38.1163754781087 38.1110888163249 38.105802154541 38.0638323465983 37.9118131001791 37.7597938537598 37.6077746073405 37.4557553609213 37.303736114502 37.1517168680827 36.9996976216635 36.9044486999512 36.828123219808 36.7517977396648 36.6754722595215 36.5991467793783 36.5228212992351 36.4464958190918 36.3170488993328 36.028237660726 35.7394264221192 35.4506151835125 35.1618039449057 34.8729927062989 34.5841814676922 34.2953702290854 33.8908708095552 33.4478086630505 33.0047465165458 32.561684370041 32.1186222235363 31.6755600770317 31.2324979305269 30.8529029051464 30.6637092431388 -9999 -9999 -9999 -9999
37.8469319661458 37.9539964463975 38.0610609266493 38.0873273213704 38.0866610209147 38.085994720459 38.0853284200033 38.0846621195475 38.0839958190918 38.0833295186361 38.0427499559191 37.8824306064182 37.7221112569174 37.5617919074165 37.4014725579156 37.2411532084147 37.0808338589139 36.920514509413 36.8236213684082 36.7478702969022 36.6721192253961 36.59636815389 36.5206170823839 36.4448660108778 36.3691149393718 36.2360598246257 35.9310925801596 35.6261253356934 35.3211580912273 35.0161908467612 34.711223602295 34.4062563578289 34.1012891133627 33.6619361082714 33.1777878496383 32.6936395910053 32.2094913323722 31.7253430737391 -9999 -9999 -9999 -9999 -9999 -9999 -9999 -9999
37.799893951416 37.9034546746148 38.0070153978136 38.0320243835449 38.0308494567871 38.0296745300293 38.0284996032715 38.0273246765137 38.0261497497559 38.0249748229981 37.9838800218371 37.8230255974664 37.6621711730958 37.5013167487251 37.3404623243544 37.1796078999838 37.0187534756131 36.8578990512425 36.763111114502 36.6903453403049 36.6175795661079 36.5448137919108 36.4720480177138 36.3992822435167 36.3265164693197 36.191158633762 35.8680246141223 35.5448905944825 35.2217565748428 34.898622555203 34.5754885355632 34.2523545159235 33.9292204962838 33.4685859044394 32.9621177885269 32.4556496726144 31.9491815567018 31.4427134407893 -9999 -9999 -9999 -9999 -9999 -9999 -9999 -9999
37.7778953552246 37.866263071696 37.9546307881673 37.9716133117676 37.9648007710775 37.9579882303874 37.9511756896973 37.9443631490072 37.9375506083171 37.930738067627 37.8872225443523 37.7335980733236 37.579973602295 37.4263491312663 37.2727246602377 37.119100189209 36.9654757181804 36.8118512471517 36.7229179382324 36.6555483500163 36.5881787618002 36.520809173584 36.4534395853679 36.3860699971517 36.3187004089356 36.1823453267416 35.839033762614 35.4957221984864 35.1524106343588 34.8090990702312 34.4657875061036 34.122475941976 33.7791643778484 33.3108201980592 32.8007984797161 32.290776761373 31.7807550430299 -9999 -9999 -9999 -9999 -9999 -9999 -9999 -9999 -9999
37.7558967590332 37.8290714687771 37.902246178521 37.9112022399902 37.8987520853679 37.8863019307455 37.8738517761231 37.8614016215007 37.8489514668783 37.8365013122559 37.7905650668675 37.6441705491808 37.4977760314942 37.3513815138076 37.2049869961209 37.0585924784343 36.9121979607476 36.765803443061 36.6827247619629 36.6207513597277 36.5587779574924 36.4968045552572 36.4348311530219 36.3728577507867 36.3108843485514 36.1735320197212 35.8100429111058 35.4465538024903 35.0830646938749 34.7195755852594 34.356086476644 33.9925973680285 33.6291082594131 33.153054491679 32.6394791709054 32.1259038501317 -9999 -9999 -9999 -9999 -9999 -9999 -9999 -9999 -9999 -9999
37.7338981628418 37.7918798658583 37.8498615688748 37.8507911682129 37.8327033996582 37.8146156311035 37.7965278625488 37.7784400939942 37.7603523254395 37.7422645568848 37.6939075893827 37.554743025038 37.4155784606934 37.2764138963488 37.1372493320042 36.9980847676595 36.8589202033149 36.7197556389703 36.6425315856934 36.585954369439 36.5293771531847 36.4727999369304 36.416222720676 36.3596455044217 36.3030682881673 36.1647187127008 35.7810520595976 35.3973854064942 35.0137187533909 34.6300521002877 34.2463854471843 33.8627187940811 33.4790521409778 32.9952887852988 32.4781598620946 -9999 -9999 -9999 -9999 -9999 -9999 -9999 -9999 -9999 -9999 -9999
37.7118995666504 37.7546882629395 37.7974769592285 37.7903800964356 37.7666547139486 37.7429293314616 37.7192039489746 37.6954785664877 37.6717531840007 37.6480278015137 37.5972501118978 37.4653155008952 37.3333808898926 37.20144627889 37.0695116678874 36.9375770568848 36.8056424458822 36.6737078348796 36.6023384094238 36.5511573791504 36.499976348877 36.4487953186035 36.3976142883301 36.3464332580567 36.2952522277832 36.1559054056804 35.7520612080893 35.3482170104981 34.944372812907 34.5405286153159 34.1366844177247 33.7328402201336 33.3289960225425 32.8375230789186 32.3168405532838 -9999 31.2754755020143 -9999 -9999 -9999 -9999 -9999 -9999 -9999 -9999 -9999
37.689900970459 37.7174966600206 37.7450923495823 37.7299690246582 37.700606028239 37.6712430318197 37.6418800354004 37.6125170389811 37.5831540425619 37.5537910461426 37.500592634413 37.3758879767524 37.2511833190918 37.1264786614312 37.0017740037707 36.8770693461101 36.7523646884495 36.6276600307889 36.5621452331543 36.5163603888618 36.4705755445692 36.4247907002767 36.3790058559842 36.3332210116916 36.2874361673991 36.14709209866 35.7230703565811 35.299048614502 34.8750268724231 34.4510051303441 34.0269833882651 33.6029616461861 33.1789399041071 32.6797573725384 32.1555212444731 -9999 -9999 -9999 -9999 -9999 -9999 -9999 -9999 -9999 -9999 -9999
37.6390060424805 37.6667471991645 37.6944883558485 37.6784355163574 37.6477846781413 37.6171338399251 37.586483001709 37.5558321634929 37.5251813252767 37.4945304870606 37.4419251335992 37.3234562344022 37.2049873352051 37.0865184360081 36.968049536811 36.849580637614 36.7311117384169 36.6126428392199 36.5522481282552 36.5112114800347 36.4701748318142 36.4291381835938 36.3881015353733 36.3470648871528 36.3060282389323 36.1633944193523 35.7159690856935 35.2685437520346 34.8211184183758 34.3736930847169 33.926267751058 33.4788424173992 33.0314170837404 32.5323389053346 32.0160431120132 31.4997473186918 -9999 -9999 -9999 -9999 -9999 -9999 -9999 -9999 -9999 -9999
37.5592147827148 37.6024398803711 37.6456649780273 37.6357795715332 37.6081906636556 37.580601755778 37.5530128479004 37.5254239400228 37.4978350321452 37.4702461242676 37.4212476094564 37.3080202738444 37.1947929382324 37.0815656026205 36.9683382670085 36.8551109313965 36.7418835957845 36.6286562601726 36.5726470947266 36.5357106526693 36.498774210612 36.4618377685547 36.4249013264974 36.3879648844401 36.3510284423828 36.2048123677573 35.7307573954266 35.2567024230958 34.7826474507651 34.3085924784344 33.8345375061036 33.3604825337729 32.8864275614422 32.3952676773072 31.8984061559043 -9999 -9999 -9999 -9999 -9999 -9999 -9999 -9999 -9999 -9999 -9999
