data/working_set_collections/6091692-Cassins_Sparrow-MC/1980/bio6.asc
NCOLS 265 
NROWS 230 
XLLCORNER -115.5625 
YLLCORNER 24.8333333333333 
CELLSIZE 0.0833333333333333 
NODATA_value -9999 
[rows 100 to 119 of 230, columns 135 to 179 of 265]
-2.85392236709599 -2.82546472549443 -2.79700708389286 -2.7685494422913 -2.74009180068973 -2.71163415908817 -2.6831765174866 -2.69558877944948 -2.72162434260052 -2.74765990575156 -2.7736954689026 -2.79973103205364 -2.82576659520468 -2.85180215835572 -2.87164799372356 -2.87292464574179 -2.87420129776002 -2.87547794977825 -2.87675460179648 -2.87803125381471 -2.87930790583294 -2.88058455785117 -2.8949975013733 -2.91378920873007 -2.93258091608684 -2.95137262344361 -2.97016433080038 -2.98895603815715 -3.00774774551392 -3.02233692804973 -3.02431853612265 -3.02630014419557 -3.02828175226848 -3.0302633603414 -3.03224496841432 -3.03422657648723 -3.03620818456015 -3.04150018692017 -3.04789565404257 -3.05429112116496 -3.06068658828736 -3.06708205540976 -3.07347752253215 -3.07987298965455 -3.08464314142864
-2.62329509523183 -2.61124302546187 -2.5991909556919 -2.58713888592193 -2.57508681615196 -2.563034746382 -2.55098267661203 -2.57463032404583 -2.61017787721423 -2.64572543038263 -2.68127298355103 -2.71682053671943 -2.75236808988783 -2.78791564305624 -2.81483528349135 -2.8158711857266 -2.81690708796184 -2.81794299019708 -2.81897889243233 -2.82001479466757 -2.82105069690281 -2.82208659913806 -2.83650598526001 -2.85538653267755 -2.87426708009508 -2.89314762751262 -2.91202817493015 -2.93090872234769 -2.94978926976522 -2.96460513008966 -2.9672269291348 -2.96984872817994 -2.97247052722508 -2.97509232627022 -2.97771412531536 -2.98033592436049 -2.98295772340563 -2.98863814671835 -2.99533811145359 -3.00203807618883 -3.00873804092408 -3.01543800565932 -3.02213797039456 -3.02883793512981 -3.03308708402846
-2.52913649876912 -2.52646214167277 -2.52378778457641 -2.52111342748006 -2.5184390703837 -2.51576471328735 -2.51309035619099 -2.54137506484984 -2.57997946209376 -2.61858385933768 -2.65718825658161 -2.69579265382554 -2.73439705106946 -2.77300144831338 -2.80223779678344 -2.80336999893188 -2.80450220108032 -2.80563440322876 -2.80676660537719 -2.80789880752563 -2.80903100967407 -2.81016321182251 -2.82187687555948 -2.83711769315931 -2.85235851075914 -2.86759932835896 -2.88284014595879 -2.89808096355862 -2.91332178115845 -2.92462362713284 -2.92410855823093 -2.92359348932902 -2.92307842042712 -2.92256335152521 -2.9220482826233 -2.92153321372139 -2.92101814481948 -2.92369267145793 -2.92743039660984 -2.93116812176175 -2.93490584691367 -2.93864357206558 -2.94238129721749 -2.9461190223694 -2.94804383383858
-2.57144657770792 -2.57112207412719 -2.57079757054646 -2.57047306696573 -2.570148563385 -2.56982405980427 -2.56949955622354 -2.59582300186156 -2.63102909723916 -2.66623519261676 -2.70144128799437 -2.73664738337197 -2.77185347874958 -2.80705957412719 -2.83385553359985 -2.83542108535766 -2.83698663711547 -2.83855218887328 -2.8401177406311 -2.84168329238891 -2.84324884414672 -2.84481439590453 -2.85111017227172 -2.85898269017537 -2.86685520807902 -2.87472772598266 -2.88260024388631 -2.89047276178996 -2.8983452796936 -2.90239241917929 -2.89496342341106 -2.88753442764283 -2.8801054318746 -2.87267643610637 -2.86524744033815 -2.85781844456992 -2.85038944880169 -2.84666376113893 -2.84417250951133 -2.84168125788372 -2.83919000625612 -2.83669875462852 -2.83420750300091 -2.83171625137331 -2.82951339085899
-2.61375665664672 -2.61578200658162 -2.61780735651651 -2.61983270645141 -2.6218580563863 -2.6238834063212 -2.6259087562561 -2.65027093887328 -2.68207873238456 -2.71388652589584 -2.74569431940713 -2.77750211291842 -2.8093099064297 -2.84111769994099 -2.86547327041625 -2.86747217178344 -2.86947107315063 -2.87146997451782 -2.873468875885 -2.87546777725219 -2.87746667861938 -2.87946557998657 -2.88034346898396 -2.88084768719143 -2.8813519053989 -2.88185612360636 -2.88236034181383 -2.8828645600213 -2.88336877822876 -2.88016121122573 -2.86581828859118 -2.85147536595663 -2.83713244332209 -2.82278952068754 -2.80844659805299 -2.79410367541844 -2.7797607527839 -2.76963485081992 -2.7609146224128 -2.75219439400568 -2.74347416559857 -2.73475393719145 -2.72603370878433 -2.71731348037721 -2.71098294787938
-2.65606673558552 -2.66044193903605 -2.66481714248657 -2.66919234593709 -2.67356754938761 -2.67794275283813 -2.68231795628865 -2.704718875885 -2.73312836752996 -2.76153785917493 -2.7899473508199 -2.81835684246486 -2.84676633410982 -2.87517582575479 -2.89709100723266 -2.89952325820922 -2.90195550918579 -2.90438776016235 -2.90682001113891 -2.90925226211547 -2.91168451309204 -2.9141167640686 -2.90957676569621 -2.90271268420749 -2.89584860271878 -2.88898452123006 -2.88212043974135 -2.87525635825263 -2.86839227676392 -2.85793000327217 -2.8366731537713 -2.81541630427043 -2.79415945476957 -2.7729026052687 -2.75164575576783 -2.73038890626697 -2.7091320567661 -2.69260594050091 -2.67765673531428 -2.66270753012765 -2.64775832494101 -2.63280911975438 -2.61785991456775 -2.60291070938112 -2.59245250489978
-2.69837681452432 -2.70510187149047 -2.71182692845661 -2.71855198542276 -2.72527704238891 -2.73200209935505 -2.7387271563212 -2.75916681289671 -2.78417800267536 -2.809189192454 -2.83420038223265 -2.8592115720113 -2.88422276178994 -2.90923395156859 -2.92870874404907 -2.931574344635 -2.93443994522094 -2.93730554580688 -2.94017114639282 -2.94303674697875 -2.94590234756469 -2.94876794815063 -2.93881006240844 -2.92457768122355 -2.91034530003866 -2.89611291885376 -2.88188053766887 -2.86764815648397 -2.85341577529908 -2.83569879531861 -2.80752801895143 -2.77935724258424 -2.75118646621705 -2.72301568984987 -2.69484491348268 -2.6666741371155 -2.63850336074831 -2.6155770301819 -2.59439884821576 -2.57322066624961 -2.55204248428347 -2.53086430231732 -2.50968612035118 -2.48850793838503 -2.47392206192018
-2.74068689346313 -2.7497618039449 -2.75883671442667 -2.76791162490844 -2.77698653539021 -2.78606144587198 -2.79513635635375 -2.81361474990844 -2.83522763782076 -2.85684052573309 -2.87845341364542 -2.90006630155774 -2.92167918947007 -2.9432920773824 -2.96032648086547 -2.96362543106079 -2.9669243812561 -2.97022333145141 -2.97352228164672 -2.97682123184204 -2.98012018203735 -2.98341913223266 -2.96804335912069 -2.94644267823961 -2.92484199735854 -2.90324131647746 -2.88164063559639 -2.86003995471531 -2.83843927383423 -2.81346758736506 -2.77838288413155 -2.74329818089804 -2.70821347766454 -2.67312877443103 -2.63804407119752 -2.60295936796402 -2.56787466473052 -2.53854811986289 -2.51114096111723 -2.48373380237158 -2.45632664362591 -2.42891948488026 -2.4015123261346 -2.37410516738894 -2.35539161894058
-2.74398109647963 -2.7583301226298 -2.77267914877997 -2.78702817493015 -2.80137720108032 -2.81572622723049 -2.83007525338066 -2.84648116429646 -2.86357270346747 -2.88066424263848 -2.89775578180949 -2.91484732098049 -2.9319388601515 -2.94903039932251 -2.96222696304322 -2.96373860041301 -2.9652502377828 -2.96676187515259 -2.96827351252238 -2.96978514989218 -2.97129678726197 -2.97280842463176 -2.95413014094036 -2.92872188356189 -2.90331362618342 -2.87790536880494 -2.85249711142647 -2.827088854048 -2.80168059666953 -2.77213076452416 -2.73015620807809 -2.68818165163201 -2.64620709518593 -2.60423253873986 -2.56225798229378 -2.52028342584771 -2.47830886940164 -2.44414172768595 -2.41257705754706 -2.38101238740817 -2.34944771726928 -2.31788304713039 -2.28631837699151 -2.25475370685261 -2.23359069890447
-2.70825942357381 -2.73080682754517 -2.75335423151652 -2.77590163548787 -2.79844903945922 -2.82099644343058 -2.84354384740193 -2.85776605606079 -2.86921319961547 -2.88066034317016 -2.89210748672485 -2.90355463027954 -2.91500177383423 -2.92644891738892 -2.93441019058228 -2.93191385269166 -2.92941751480103 -2.92692117691041 -2.92442483901978 -2.92192850112916 -2.91943216323853 -2.91693582534791 -2.89707040786745 -2.87141529719036 -2.84576018651328 -2.8201050758362 -2.79444996515911 -2.76879485448203 -2.74313974380495 -2.71168832679592 -2.66284799079103 -2.61400765478613 -2.56516731878124 -2.51632698277635 -2.46748664677146 -2.41864631076657 -2.36980597476168 -2.33235785365107 -2.29870713750524 -2.26505642135941 -2.23140570521357 -2.19775498906774 -2.16410427292191 -2.13045355677607 -2.10851930181187
-2.67253775066799 -2.70328353246053 -2.73402931425306 -2.76477509604559 -2.79552087783813 -2.82626665963066 -2.85701244142319 -2.86905094782511 -2.87485369576348 -2.88065644370185 -2.88645919164022 -2.89226193957859 -2.89806468751696 -2.90386743545532 -2.90659341812134 -2.9000891049703 -2.89358479181926 -2.88708047866822 -2.88057616551718 -2.87407185236614 -2.8675675392151 -2.86106322606406 -2.84001067479453 -2.81410871081883 -2.78820674684314 -2.76230478286744 -2.73640281889175 -2.71050085491606 -2.68459889094036 -2.65124588906767 -2.59553977350396 -2.53983365794025 -2.48412754237654 -2.42842142681284 -2.37271531124912 -2.31700919568541 -2.26130308012171 -2.22057397961619 -2.18483721746341 -2.14910045531064 -2.11336369315785 -2.07762693100508 -2.0418901688523 -2.00615340669952 -1.98344790471926
-2.63681607776217 -2.67576023737589 -2.7147043969896 -2.75364855660332 -2.79259271621703 -2.83153687583075 -2.87048103544446 -2.88033583958944 -2.88049419191149 -2.88065254423353 -2.88081089655558 -2.88096924887763 -2.88112760119968 -2.88128595352173 -2.87877664566041 -2.86826435724895 -2.85775206883749 -2.84723978042603 -2.83672749201458 -2.82621520360312 -2.81570291519166 -2.8051906267802 -2.78295094172161 -2.75680212444731 -2.730653307173 -2.70450448989869 -2.67835567262439 -2.65220685535008 -2.62605803807578 -2.59080345133943 -2.5282315562169 -2.46565966109437 -2.40308776597184 -2.34051587084932 -2.27794397572678 -2.21537208060426 -2.15280018548174 -2.1087901055813 -2.07096729742158 -2.03314448926186 -1.99532168110214 -1.95749887294242 -1.9196760647827 -1.88185325662297 -1.85837650762665
-2.60109440485636 -2.64823694229126 -2.69537947972615 -2.74252201716104 -2.78966455459594 -2.83680709203083 -2.88394962946572 -2.89162073135376 -2.88613468805949 -2.88064864476522 -2.87516260147095 -2.86967655817668 -2.86419051488241 -2.85870447158814 -2.85095987319947 -2.8364396095276 -2.82191934585572 -2.80739908218385 -2.79287881851197 -2.7783585548401 -2.76383829116823 -2.74931802749635 -2.7258912086487 -2.69949553807578 -2.67309986750287 -2.64670419692995 -2.62030852635703 -2.59391285578412 -2.5675171852112 -2.53036101361118 -2.46092333892984 -2.39148566424849 -2.32204798956715 -2.25261031488581 -2.18317264020446 -2.11373496552312 -2.04429729084178 -1.99700623154643 -1.95709737737976 -1.9171885232131 -1.87727966904643 -1.83737081487976 -1.7974619607131 -1.75755310654643 -1.73330511053405
-2.56537273195054 -2.62071364720662 -2.67605456246269 -2.73139547771876 -2.78673639297484 -2.84207730823092 -2.89741822348699 -2.90290562311808 -2.89177518420749 -2.88064474529691 -2.86951430638631 -2.85838386747573 -2.84725342856514 -2.83612298965455 -2.82314310073853 -2.80461486180624 -2.78608662287395 -2.76755838394166 -2.74903014500937 -2.73050190607708 -2.71197366714479 -2.6934454282125 -2.66883147557578 -2.64218895170425 -2.61554642783273 -2.58890390396119 -2.56226138008967 -2.53561885621814 -2.50897633234661 -2.46991857588294 -2.39361512164278 -2.31731166740261 -2.24100821316245 -2.16470475892229 -2.08840130468212 -2.01209785044196 -1.93579439620181 -1.88522235751154 -1.84322745733794 -1.80123255716433 -1.75923765699071 -1.7172427568171 -1.67524785664349 -1.63325295646988 -1.60823371344144
-2.49147186511092 -2.55408613781134 -2.61670041051176 -2.67931468321217 -2.74192895591259 -2.804543228613 -2.86715750131341 -2.87122532526653 -2.85577766630386 -2.84033000734119 -2.82488234837851 -2.80943468941584 -2.79398703045317 -2.77853937149049 -2.76251459121706 -2.74475844701133 -2.7270023028056 -2.70924615859987 -2.69149001439414 -2.67373387018841 -2.65597772598268 -2.63822158177695 -2.61389907201132 -2.58738777372573 -2.56087647544014 -2.53436517715455 -2.50785387886896 -2.48134258058337 -2.45483128229778 -2.41548674503965 -2.33764249086383 -2.259798236688 -2.18195398251218 -2.10410972833636 -2.02626547416053 -1.94842121998471 -1.87057696580889 -1.81744509538016 -1.77255068620047 -1.72765627702079 -1.6827618678411 -1.63786745866141 -1.59297304948173 -1.54807864030204 -1.52072047922346
-2.3793918043375 -2.44835441410542 -2.51731702387333 -2.58627963364124 -2.65524224340916 -2.72420485317707 -2.79316746294498 -2.79657983779909 -2.77814213434857 -2.75970443089805 -2.74126672744753 -2.72282902399701 -2.70439132054649 -2.68595361709597 -2.66907434463503 -2.65687036514284 -2.64466638565065 -2.63246240615846 -2.62025842666628 -2.60805444717409 -2.5958504676819 -2.58364648818971 -2.56109399795534 -2.53509200414023 -2.50909001032513 -2.48308801651002 -2.45708602269492 -2.43108402887982 -2.40508203506471 -2.36706552108131 -2.293005446593 -2.21894537210466 -2.14488529761635 -2.07082522312803 -1.9967651486397 -1.92270507415138 -1.84864499966306 -1.79367444515229 -1.7450670639674 -1.69645968278251 -1.64785230159761 -1.59924492041272 -1.55063753922782 -1.50203015804292 -1.47076540788015
-2.26731174356407 -2.34262269039949 -2.4179336372349 -2.4932445840703 -2.56855553090572 -2.64386647774113 -2.71917742457654 -2.72193435033164 -2.70050660239327 -2.67907885445491 -2.65765110651654 -2.63622335857817 -2.6147956106398 -2.59336786270143 -2.57563409805299 -2.56898228327435 -2.5623304684957 -2.55567865371705 -2.54902683893841 -2.54237502415976 -2.53572320938111 -2.52907139460247 -2.50828892389934 -2.48279623455473 -2.45730354521011 -2.43181085586549 -2.40631816652087 -2.38082547717626 -2.35533278783164 -2.31864429712298 -2.24836840232216 -2.17809250752133 -2.10781661272051 -2.03754071791969 -1.96726482311886 -1.89698892831804 -1.82671303351722 -1.76990379492443 -1.71758344173433 -1.66526308854423 -1.61294273535412 -1.56062238216402 -1.50830202897392 -1.45598167578381 -1.42081033653683
-2.15523168279064 -2.23689096669356 -2.31855025059646 -2.40020953449937 -2.48186881840229 -2.56352810230519 -2.6451873862081 -2.64728886286419 -2.62287107043798 -2.59845327801176 -2.57403548558554 -2.54961769315933 -2.52519990073312 -2.5007821083069 -2.48219385147096 -2.48109420140585 -2.47999455134075 -2.47889490127564 -2.47779525121054 -2.47669560114543 -2.47559595108033 -2.47449630101522 -2.45548384984335 -2.43050046496922 -2.40551708009509 -2.38053369522096 -2.35555031034683 -2.3305669254727 -2.30558354059856 -2.27022307316464 -2.20373135805132 -2.13723964293799 -2.07074792782468 -2.00425621271136 -1.93776449759803 -1.87127278248471 -1.80478106737139 -1.74613314469657 -1.69009981950126 -1.63406649430595 -1.57803316911063 -1.52199984391532 -1.46596651872001 -1.40993319352469 -1.37085526519352
-2.04315162201722 -2.13115924298764 -2.21916686395804 -2.30717448492844 -2.39518210589886 -2.48318972686926 -2.57119734783966 -2.57264337539675 -2.54523553848269 -2.51782770156863 -2.49041986465456 -2.4630120277405 -2.43560419082644 -2.40819635391237 -2.38875360488893 -2.39320611953737 -2.3976586341858 -2.40211114883424 -2.40656366348268 -2.41101617813111 -2.41546869277955 -2.41992120742799 -2.40267877578737 -2.37820469538372 -2.35373061498008 -2.32925653457643 -2.30478245417278 -2.28030837376914 -2.25583429336549 -2.22180184920631 -2.15909431378049 -2.09638677835466 -2.03367924292884 -1.97097170750302 -1.90826417207719 -1.84555663665138 -1.78284910122556 -1.7223624944687 -1.66261619726819 -1.60286990006767 -1.54312360286714 -1.48337730566663 -1.42363100846611 -1.36388471126558 -1.32090019385021
-1.93107156124379 -2.0254275192817 -2.1197834773196 -2.2141394353575 -2.30849539339542 -2.40285135143332 -2.49720730947122 -2.4979978879293 -2.46760000652739 -2.43720212512548 -2.40680424372357 -2.37640636232166 -2.34600848091975 -2.31561059951784 -2.2953133583069 -2.30531803766887 -2.31532271703085 -2.32532739639283 -2.33533207575481 -2.34533675511679 -2.35534143447877 -2.36534611384074 -2.34987370173138 -2.32590892579822 -2.30194414986506 -2.2779793739319 -2.25401459799874 -2.23004982206558 -2.20608504613242 -2.17338062524798 -2.11445726950966 -2.05553391377133 -1.99661055803301 -1.93768720229469 -1.87876384655636 -1.81984049081804 -1.76091713507972 -1.69859184424084 -1.63513257503511 -1.57167330582939 -1.50821403662365 -1.44475476741793 -1.3812954982122 -1.31783622900647 -1.27094512250689
