data/working_set_collections/6091692-Cassins_Sparrow-MC/1980/bio6.asc
NCOLS 265 
NROWS 230 
XLLCORNER -115.5625 
YLLCORNER 24.8333333333333 
CELLSIZE 0.0833333333333333 
NODATA_value -9999 
[rows 40 to 59 of 230, columns 45 to 89 of 265]
-9.00424385070796 -9.50879402160637 -10.0133441925048 -10.5178943634033 -11.0224445343017 -11.5269947052001 -12.0315448760986 -12.3789318084716 -12.6739309946695 -12.9689301808675 -13.2639293670654 -13.5589285532633 -13.8539277394612 -14.1489269256591 -14.3019601186117 -14.0290953318278 -13.756230545044 -13.4833657582602 -13.2105009714763 -12.9376361846925 -12.6647713979086 -12.3919066111247 -12.1722537994385 -11.9703383127849 -11.7684228261312 -11.5665073394776 -11.364591852824 -11.1626763661703 -10.9607608795167 -10.8137444814046 -10.8314253489177 -10.8491062164307 -10.8667870839437 -10.8844679514567 -10.9021488189698 -10.9198296864828 -10.9375105539958 -10.9111637115479 -10.8701409657797 -10.8291182200114 -10.7880954742432 -10.747072728475 -10.7060499827068 -10.6650272369385 -10.6841459910075
-8.93613115946447 -9.46910947163891 -10.0020877838134 -10.5350660959879 -11.0680444081623 -11.6010227203368 -12.1340010325113 -12.4714763641357 -12.7437840355766 -13.0160917070177 -13.2883993784586 -13.5607070498996 -13.8330147213406 -14.1053223927815 -14.2376838260228 -13.9502065446642 -13.6627292633057 -13.3752519819472 -13.0877747005887 -12.8002974192302 -12.5128201378717 -12.2253428565132 -12.0098631540935 -11.8183826446534 -11.6269021352133 -11.4354216257732 -11.2439411163331 -11.0524606068929 -10.8609800974528 -10.7171836429172 -10.7164393530952 -10.7156950632731 -10.7149507734511 -10.714206483629 -10.713462193807 -10.7127179039849 -10.7119736141629 -10.6795449574789 -10.6365548451742 -10.5935647328695 -10.5505746205648 -10.5075845082601 -10.4645943959554 -10.4216042836508 -10.4462029774984
-8.89489894443082 -9.43658256530753 -9.97826618618423 -10.519949807061 -11.0616334279377 -11.6033170488144 -12.1450006696912 -12.4544582366943 -12.6865071190728 -12.9185560014513 -13.1506048838297 -13.3826537662082 -13.6147026485867 -13.8467515309652 -13.9448741065133 -13.6412177615696 -13.3375614166261 -13.0339050716825 -12.7302487267389 -12.4265923817954 -12.1229360368518 -11.8192796919082 -11.6104620655379 -11.4332573453586 -11.2560526251794 -11.0788479050001 -10.9016431848209 -10.7244384646417 -10.5472337444624 -10.4181719422341 -10.4335388938586 -10.4489058454832 -10.4642727971077 -10.4796397487323 -10.4950067003568 -10.5103736519814 -10.5257406036059 -10.5084402720134 -10.4802508460151 -10.4520614200168 -10.4238719940186 -10.3956825680203 -10.367493142022 -10.3393037160238 -10.3828138987223
-8.88054720560704 -9.41121330261222 -9.9418793996174 -10.4725454966227 -11.0032115936278 -11.533877690633 -12.0645437876383 -12.3278774261475 -12.5021002451579 -12.6763230641683 -12.8505458831787 -13.0247687021891 -13.1989915211996 -13.37321434021 -13.4235309600832 -13.1021289825441 -12.780727005005 -12.459325027466 -12.1379230499269 -11.8165210723879 -11.4951190948488 -11.1737171173097 -10.9740505337717 -10.8149624149006 -10.6558742960295 -10.4967861771585 -10.3376980582874 -10.1786099394164 -10.0195218205453 -9.91670937935518 -9.98272397120801 -10.0487385630608 -10.1147531549136 -10.1807677467665 -10.2467823386193 -10.3127969304721 -10.3788115223249 -10.3978496551514 -10.4012289683024 -10.4046082814535 -10.4079875946045 -10.4113669077555 -10.4147462209066 -10.4181255340576 -10.4939787546793
-8.86619546678325 -9.38584403991691 -9.90549261305056 -10.4251411861843 -10.944789759318 -11.4644383324516 -11.9840869055853 -12.2012966156006 -12.3176933712429 -12.4340901268853 -12.5504868825277 -12.6668836381701 -12.7832803938124 -12.8996771494548 -12.902187813653 -12.5630402035185 -12.2238925933839 -11.8847449832494 -11.5455973731148 -11.2064497629803 -10.8673021528458 -10.5281545427112 -10.3376390020054 -10.1966674844425 -10.0556959668796 -9.91472444931677 -9.77375293175391 -9.63278141419102 -9.49180989662816 -9.41524681647623 -9.53190904855733 -9.64857128063841 -9.7652335127195 -9.8818957448006 -9.99855797688168 -10.1152202089628 -10.2318824410439 -10.2872590382894 -10.3222070905897 -10.3571551428901 -10.3921031951904 -10.4270512474908 -10.4619992997911 -10.4969473520915 -10.6051436106363
-8.85184372795947 -9.3604747772216 -9.86910582648372 -10.3777368757459 -10.8863679250081 -11.3949989742702 -11.9036300235324 -12.0747158050537 -12.133286497328 -12.1918571896023 -12.2504278818767 -12.308998574151 -12.3675692664253 -12.4261399586996 -12.3808446672229 -12.0239514244928 -11.6670581817628 -11.3101649390328 -10.9532716963027 -10.5963784535727 -10.2394852108427 -9.88259196811264 -9.7012274702391 -9.57837255398442 -9.45551763772973 -9.33266272147505 -9.20980780522038 -9.08695288896568 -8.96409797271101 -8.91378425359728 -9.08109412590666 -9.24840399821601 -9.41571387052536 -9.58302374283474 -9.75033361514409 -9.91764348745344 -10.0849533597628 -10.1766684214274 -10.2431852128771 -10.3097020043267 -10.3762187957764 -10.442735587226 -10.5092523786757 -10.5757691701253 -10.7163084665933
-8.83749198913569 -9.33510551452629 -9.83271903991688 -10.3303325653076 -10.8279460906982 -11.3255596160888 -11.8231731414795 -11.9481349945069 -11.9488796234131 -11.9496242523194 -11.9503688812256 -11.9511135101319 -11.9518581390382 -11.9526027679444 -11.8595015207928 -11.4848626454673 -11.1102237701418 -10.7355848948163 -10.3609460194907 -9.98630714416521 -9.61166826883971 -9.23702939351415 -9.06481593847288 -8.96007762352638 -8.85533930857988 -8.75060099363339 -8.6458626786869 -8.54112436374039 -8.4363860487939 -8.41232169071837 -8.63027920325602 -8.84823671579364 -9.06619422833126 -9.28415174086891 -9.50210925340653 -9.72006676594415 -9.9380242784818 -10.0660778045654 -10.1641633351644 -10.2622488657633 -10.3603343963623 -10.4584199269612 -10.5565054575602 -10.6545909881591 -10.8274733225503
-8.8231402503119 -9.30973625183098 -9.79633225335004 -10.2829282548692 -10.7695242563883 -11.2561202579073 -11.7427162594265 -11.82155418396 -11.7644727494982 -11.7073913150364 -11.6503098805746 -11.5932284461128 -11.536147011651 -11.4790655771892 -11.3381583743627 -10.9457738664416 -10.5533893585207 -10.1610048505997 -9.76862034267862 -9.37623583475764 -8.98385132683666 -8.59146681891561 -8.4284044067066 -8.3417826930683 -8.25516097942998 -8.16853926579167 -8.08191755215337 -7.99529583851505 -7.90867412487675 -7.91085912783942 -8.17946428060535 -8.44806943337124 -8.71667458613713 -8.98527973890306 -9.25388489166894 -9.52249004443483 -9.79109519720077 -9.95548718770345 -10.0851414574517 -10.2147957272 -10.3444499969482 -10.4741042666965 -10.6037585364447 -10.733412806193 -10.9386381785074
-8.79427574078237 -9.29288549025845 -9.79149523973453 -10.2901049892107 -10.7887147386868 -11.2873244881629 -11.785934237639 -11.8210310618083 -11.7016235775418 -11.5822160932753 -11.4628086090088 -11.3434011247423 -11.2239936404758 -11.1045861562094 -10.9233335283069 -10.5565454694961 -10.1897574106853 -9.82296935187455 -9.45618129306374 -9.08939323425299 -8.72260517544224 -8.35581711663142 -8.20284873247146 -8.12115357319514 -8.0394584139188 -7.95776325464248 -7.87606809536616 -7.79437293608983 -7.7126777768135 -7.72087067365639 -7.99872773885723 -8.27658480405802 -8.55444186925881 -8.83229893445965 -9.11015599966045 -9.38801306486124 -9.66587013006208 -9.84241015116373 -9.9851778242323 -10.1279454973009 -10.2707131703695 -10.413480843438 -10.5562485165066 -10.6990161895752 -10.9170820024278
-8.75089846054708 -9.28455322980872 -9.81820799907036 -10.3518627683321 -10.8855175375937 -11.4191723068554 -11.9528270761171 -11.9465656280518 -11.760332107544 -11.5740985870362 -11.3878650665284 -11.2016315460206 -11.0153980255128 -10.829164505005 -10.6150269826254 -10.3171774546306 -10.0193279266358 -9.72147839864104 -9.4236288706462 -9.12577934265141 -8.82792981465663 -8.53008028666179 -8.38814891576765 -8.2981902639071 -8.20823161204654 -8.11827296018599 -8.02831430832544 -7.93835565646488 -7.84839700460433 -7.84235632816943 -8.08806957801179 -8.3337828278541 -8.57949607769642 -8.82520932753878 -9.0709225773811 -9.31663582722342 -9.56234907706578 -9.72684669494629 -9.86427243550617 -10.0016981760661 -10.139123916626 -10.2765496571859 -10.4139753977458 -10.5514011383057 -10.7628047943115
-8.70752118031178 -9.27622096935898 -9.84492075840619 -10.4136205474535 -10.9823203365007 -11.5510201255479 -12.1197199145952 -12.0721001942953 -11.8190406375462 -11.565981080797 -11.3129215240479 -11.0598619672988 -10.8068024105496 -10.5537428538005 -10.306720436944 -10.0778094397651 -9.84889844258633 -9.61998744540751 -9.39107644822865 -9.16216545104984 -8.93325445387102 -8.70434345669217 -8.57344909906386 -8.47522695461909 -8.37700481017429 -8.27878266572952 -8.18056052128474 -8.08233837683995 -7.98411623239517 -7.96384198268248 -8.17741141716635 -8.39098085165019 -8.60455028613403 -8.81811972061791 -9.03168915510174 -9.24525858958558 -9.45882802406946 -9.61128323872884 -9.74336704678004 -9.87545085483127 -10.0075346628825 -10.1396184709337 -10.2717022789849 -10.4037860870361 -10.6085275861951
-8.66414390007649 -9.26788870890925 -9.87163351774202 -10.4753783265749 -11.0791231354077 -11.6828679442404 -12.2866127530733 -12.1976347605388 -11.8777491675484 -11.5578635745579 -11.2379779815674 -10.918092388577 -10.5982067955865 -10.2783212025961 -9.99841389126255 -9.83844142489968 -9.67846895853683 -9.51849649217398 -9.35852402581111 -9.19855155944827 -9.03857909308542 -8.87860662672255 -8.75874928236007 -8.65226364533107 -8.54577800830205 -8.43929237127304 -8.33280673424403 -8.22632109721501 -8.11983546018601 -8.08532763719553 -8.26675325632092 -8.44817887544628 -8.62960449457164 -8.81103011369703 -8.99245573282239 -9.17388135194775 -9.35530697107314 -9.49571978251138 -9.62246165805391 -9.74920353359646 -9.87594540913899 -10.0026872846815 -10.1294291602241 -10.2561710357666 -10.4542503780788
-8.62076661984119 -9.25955644845952 -9.89834627707784 -10.5371361056963 -11.1759259343146 -11.8147157629329 -12.4535055915514 -12.3231693267823 -11.9364576975505 -11.5497460683187 -11.163034439087 -10.7763228098553 -10.3896111806235 -10.0028995513917 -9.69010734558113 -9.59907341003423 -9.50803947448735 -9.41700553894047 -9.32597160339357 -9.23493766784669 -9.14390373229981 -9.05286979675291 -8.94404946565627 -8.82930033604304 -8.71455120642978 -8.59980207681655 -8.48505294720332 -8.37030381759007 -8.25555468797683 -8.20681329170857 -8.35609509547548 -8.50537689924237 -8.65465870300925 -8.80394050677616 -8.95322231054304 -9.10250411430993 -9.25178591807683 -9.38015632629394 -9.50155626932779 -9.62295621236166 -9.74435615539551 -9.86575609842936 -9.98715604146323 -10.1085559844971 -10.2999731699625
-8.5773893396059 -9.25122418800978 -9.92505903641367 -10.5988938848177 -11.2727287332216 -11.9465635816254 -12.6203984300295 -12.4487038930258 -11.9951662275527 -11.5416285620796 -11.0880908966065 -10.6345532311335 -10.1810155656603 -9.72747790018729 -9.38180079989968 -9.35970539516877 -9.33760999043785 -9.31551458570694 -9.29341918097603 -9.27132377624512 -9.24922837151421 -9.22713296678329 -9.12934964895248 -9.00633702675502 -8.88332440455754 -8.76031178236008 -8.63729916016261 -8.51428653796513 -8.39127391576767 -8.32829894622163 -8.44543693463005 -8.56257492303845 -8.67971291144686 -8.79685089985528 -8.91398888826369 -9.03112687667209 -9.14826486508052 -9.26459287007649 -9.38065088060166 -9.49670889112685 -9.61276690165202 -9.72882491217718 -9.84488292270237 -9.96094093322754 -10.1456959618462
-8.46708570586305 -9.13737406730643 -9.80766242874981 -10.4779507901933 -11.1482391516367 -11.8185275130801 -12.4888158745236 -12.2934520761173 -11.809537557761 -11.3256230394047 -10.8417085210484 -10.3577940026921 -9.87387948433568 -9.38996496597939 -9.02721133497031 -9.0279403660033 -9.02866939703629 -9.02939842806927 -9.03012745910226 -9.03085649013525 -9.03158552116824 -9.03231455220123 -8.94817953904478 -8.8357565111585 -8.7233334832722 -8.61091045538592 -8.49848742749963 -8.38606439961333 -8.27364137172705 -8.21608318487805 -8.32311952114108 -8.43015585740409 -8.5371921936671 -8.64422852993014 -8.75126486619315 -8.85830120245616 -8.96533753871919 -9.08488582372666 -9.20860475831561 -9.33232369290459 -9.45604262749354 -9.57976156208249 -9.70348049667147 -9.82719943126042 -10.0161112043592
-8.28985571861263 -8.91800608634942 -9.5461564540862 -10.1743068218231 -10.8024571895599 -11.4306075572967 -12.0587579250336 -11.8574138760568 -11.3795716881754 -10.9017295002939 -10.4238873124124 -9.94604512453097 -9.46820293664945 -8.990360748768 -8.62633895079302 -8.60377832253782 -8.58121769428261 -8.55865706602741 -8.5360964377722 -8.513535809517 -8.4909751812618 -8.46841455300659 -8.40053913593303 -8.31755878925334 -8.23457844257364 -8.15159809589395 -8.06861774921427 -7.98563740253456 -7.90265705585488 -7.87016600767775 -7.98914285500849 -8.10811970233921 -8.22709654966993 -8.34607339700067 -8.46505024433139 -8.58402709166211 -8.70300393899285 -8.84103518724443 -8.98541790246964 -9.12980061769487 -9.27418333292008 -9.41856604814529 -9.56294876337052 -9.70733147859573 -9.91121889750156
-8.1126257313622 -8.69863810539239 -9.28465047942258 -9.87066285345287 -10.4566752274831 -11.0426876015133 -11.6286999755435 -11.4213756759963 -10.9496058185897 -10.477835961183 -10.0060661037764 -9.53429624636985 -9.06252638896317 -8.59075653155659 -8.2254665666157 -8.1796162790723 -8.1337659915289 -8.0879157039855 -8.0420654164421 -7.9962151288987 -7.95036484135531 -7.9045145538119 -7.85289873282123 -7.79936106734814 -7.74582340187504 -7.69228573640195 -7.63874807092886 -7.58521040545576 -7.53167273998267 -7.52424883047742 -7.65516618887587 -7.7860835472743 -7.91700090567272 -8.04791826407117 -8.1788356224696 -8.30975298086803 -8.44067033926648 -8.59718455076218 -8.76223104662365 -8.92727754248514 -9.0923240383466 -9.25737053420807 -9.42241703006956 -9.58746352593103 -9.80632659064392
-7.93539574411176 -8.47927012443536 -9.02314450475895 -9.56701888508264 -10.1108932654062 -10.6547676457298 -11.1986420260535 -10.9853374759357 -10.519639949004 -10.0539424220722 -9.58824489514046 -9.12254736820872 -8.6568498412769 -8.19115231434517 -7.82459418243838 -7.75545423560678 -7.68631428877519 -7.6171743419436 -7.548034395112 -7.4788944482804 -7.40975450144881 -7.34061455461721 -7.30525832970944 -7.28116334544294 -7.25706836117644 -7.23297337690995 -7.20887839264345 -7.18478340837695 -7.16068842411046 -7.17833165327709 -7.32118952274325 -7.46404739220938 -7.60690526167552 -7.74976313114168 -7.89262100060782 -8.03547887007395 -8.17833673954011 -8.35333391427993 -8.53904419077766 -8.72475446727541 -8.91046474377313 -9.09617502027085 -9.28188529676861 -9.46759557326633 -9.70143428378627
-7.75816575686134 -8.25990214347834 -8.76163853009535 -9.26337491671244 -9.76511130332944 -10.2668476899464 -10.7685840765635 -10.5492992758752 -10.0896740794184 -9.6300488829614 -9.17042368650451 -8.71079849004763 -8.25117329359067 -7.79154809713378 -7.4237217982611 -7.3312921921413 -7.23886258602151 -7.14643297990173 -7.05400337378193 -6.96157376766215 -6.86914416154237 -6.77671455542257 -6.75761792659769 -6.76296562353779 -6.76831332047789 -6.77366101741798 -6.77900871435808 -6.78435641129818 -6.78970410823828 -6.83241447607679 -6.98721285661066 -7.1420112371445 -7.29680961767834 -7.45160799821221 -7.60640637874606 -7.7612047592799 -7.91600313981377 -8.10948327779771 -8.31585733493168 -8.5222313920657 -8.72860544919967 -8.93497950633365 -9.14135356346766 -9.34772762060164 -9.59654197692864
-7.58093576961091 -8.04053416252131 -8.50013255543172 -8.95973094834221 -9.41932934125262 -9.87892773416302 -10.3385261270735 -10.1132610758147 -9.65970820983267 -9.20615534385056 -8.75260247786853 -8.2990496118865 -7.8454967459044 -7.39194387992237 -7.02284941408378 -6.90713014867578 -6.7914108832678 -6.67569161785983 -6.55997235245183 -6.44425308704386 -6.32853382163588 -6.21281455622788 -6.20997752348589 -6.24476790163259 -6.27955827977929 -6.31434865792598 -6.34913903607268 -6.38392941421938 -6.41871979236607 -6.48649729887646 -6.65323619047803 -6.81997508207959 -6.98671397368114 -7.15345286528272 -7.32019175688427 -7.48693064848582 -7.6536695400874 -7.86563264131546 -8.09267047908569 -8.31970831685596 -8.5467461546262 -8.77378399239643 -9.0008218301667 -9.22785966793694 -9.491649670071
