data/working_set_collections/6091692-Cassins_Sparrow-MC/1980/bio6.asc
NCOLS 265 
NROWS 230 
XLLCORNER -115.5625 
YLLCORNER 24.8333333333333 
CELLSIZE 0.0833333333333333 
NODATA_value -9999 
[rows 140 to 159 of 230, columns 45 to 89 of 265]
5.05328173107572 4.97752625147503 4.90177077187434 4.82601529227364 4.75025981267295 4.67450433307227 4.59874885347157 4.30988252560305 3.94997924831188 3.59007597102065 3.23017269372947 2.8702694164383 2.51036613914707 2.15046286185589 1.83179577928455 1.63683728087282 1.44187878246112 1.24692028404942 1.05196178563769 0.857003287225993 0.662044788814294 0.467086290402561 0.405724596294263 0.388895170287128 0.37206574427999 0.355236318272856 0.338406892265721 0.321577466258583 0.304748040251449 0.279497965921983 0.22898594662549 0.178473927329005 0.127961908032519 0.0774498887360257 0.0269378694395405 -0.0235741498569447 -0.0740861691534384 -0.116991424560534 -0.157361092004499 -0.19773075944847 -0.238100426892434 -0.278470094336399 -0.31883976178037 -0.359209429224334 -0.385855088589934
5.06709771686131 4.97258952458701 4.87808133231271 4.7835731400384 4.6890649477641 4.5945567554898 4.50004856321549 4.21219982703534 3.85990424288653 3.50760865873766 3.15531307458884 2.80301749044003 2.45072190629116 2.09842632214235 1.78846793928085 1.60552116028139 1.42257438128197 1.23962760228254 1.05668082328308 0.873734044283658 0.690787265284232 0.507840486284775 0.435321564910315 0.399611929410869 0.363902293911416 0.328192658411969 0.292483022912522 0.25677338741307 0.221063751913623 0.183144473781209 0.138596267749881 0.0940480617185606 0.04949985568724 0.00495164965591172 -0.0395965563754089 -0.0841447624067295 -0.128692968438058 -0.157193757593623 -0.1803454077906 -0.203497057987581 -0.226648708184557 -0.249800358381534 -0.272952008578515 -0.296103658775492 -0.310244740587153
5.0809137026469 4.967652797699 4.85439189275109 4.74113098780316 4.62787008285525 4.51460917790735 4.40134827295942 4.11451712846763 3.76982923746118 3.42514134645467 3.08045345544822 2.73576556444177 2.39107767343526 2.04638978242881 1.74514009927715 1.57420503968996 1.40326998010281 1.23233492051566 1.06139986092847 0.890464801341321 0.719529741754169 0.548594682166986 0.464918533526365 0.410328688534608 0.355738843542842 0.301148998551085 0.246559153559328 0.191969308567561 0.137379463575804 0.0867909816404435 0.0482065888742804 0.00962219610812377 -0.0289621966580328 -0.067546589424196 -0.106130982190353 -0.144715374956509 -0.183299767722672 -0.197396090626709 -0.203329723576699 -0.209263356526691 -0.215196989476682 -0.221130622426672 -0.227064255376664 -0.232997888326655 -0.234634392584379
5.0947296884325 4.96271607081098 4.83070245318946 4.69868883556792 4.5666752179464 4.43466160032488 4.30264798270334 4.01683442989992 3.67975423203583 3.34267403417168 3.00559383630759 2.6685136384435 2.33143344057936 1.99435324271526 1.70181225927344 1.54288891909853 1.38396557892365 1.22504223874877 1.06611889857387 0.907195558398987 0.748272218224107 0.5893488780492 0.494515502142418 0.421045447658349 0.347575393174267 0.274105338690198 0.200635284206129 0.127165229722047 0.0536951752379781 -0.00956251050033049 -0.0421830900013281 -0.0748036695023202 -0.107424249003312 -0.14004482850431 -0.172665408005302 -0.205285987506294 -0.237906567007292 -0.237598423659798 -0.226314039362801 -0.215029655065802 -0.203745270768805 -0.192460886471808 -0.181176502174809 -0.169892117877812 -0.159024044581598
5.12762255138822 4.97699524561566 4.8263679398431 4.67574063407052 4.52511332829796 4.3744860225254 4.22385871675282 3.93846503496176 3.60814922783118 3.27783342070054 2.94751761356996 2.61720180643937 2.28688599930873 1.95657019217815 1.67117116981086 1.52052250173359 1.36987383365634 1.21922516557909 1.06857649750181 0.917927829424565 0.767279161347316 0.616630493270042 0.521083344953766 0.44390336989116 0.366723394828542 0.289543419765936 0.21236344470333 0.135183469640712 0.0580034945781059 -0.00832722675469543 -0.0421101868980525 -0.0758931470414039 -0.109676107184755 -0.143459067328112 -0.177242027471464 -0.211024987614815 -0.244807947758172 -0.238749699480839 -0.219411048396603 -0.200072397312363 -0.180733746228126 -0.161395095143889 -0.142056444059649 -0.122717792975413 -0.105298104406237
5.17959229151409 5.01049032211306 4.84138835271203 4.67228638331097 4.50318441390994 4.33408244450892 4.16498047510786 3.87940894365317 3.55501422484724 3.23061950604125 2.90622478723532 2.58183006842939 2.2574353496234 1.93304063081747 1.65321683088942 1.50710578759513 1.36099474430087 1.21488370100661 1.06877265771232 0.922661614418054 0.77655057112379 0.630439527829502 0.544622061960406 0.478902455233046 0.413182848505675 0.347463241778316 0.281743635050956 0.216024028323584 0.150304421596225 0.0904968328773902 0.0484252981841458 0.00635376349090844 -0.0357177712023289 -0.0777893058955733 -0.119860840588811 -0.161932375282048 -0.204003909975292 -0.200849918089817 -0.182620750678093 -0.164391583266366 -0.146162415854642 -0.127933248442918 -0.109704081031191 -0.0914749136194671 -0.0734565720583096
5.23156203163996 5.04398539861046 4.85640876558096 4.66883213255143 4.48125549952193 4.29367886649243 4.10610223346289 3.82035285234458 3.5018792218633 3.18340559138196 2.86493196090068 2.54645833041941 2.22798469993807 1.90951106945679 1.63526249196798 1.49368907345668 1.3521156549454 1.21054223643412 1.06896881792282 0.927395399411543 0.785821980900265 0.644248562388964 0.568160778967049 0.513901540574935 0.459642302182813 0.4053830637907 0.351123825398587 0.296864587006464 0.242605348614351 0.189320892509484 0.138960783266352 0.0886006740232278 0.0382405647801038 -0.0121195444630288 -0.0624796537061528 -0.112839762949277 -0.163199872192409 -0.162950136698791 -0.14583045295958 -0.128710769220366 -0.111591085481155 -0.0944714017419438 -0.0773517180027299 -0.0602320342635189 -0.0416150397103792
5.28353177176583 5.07748047510786 4.87142917844989 4.66537788179188 4.45932658513391 4.25327528847594 4.04722399181793 3.76129676103598 3.44874421887935 3.13619167672267 2.82363913456605 2.51108659240942 2.19853405025274 1.88598150809612 1.61730815304654 1.48027235931822 1.34323656558993 1.20620077186164 1.06916497813332 0.932129184405032 0.79509339067674 0.658057596948426 0.591699495973691 0.548900625916825 0.506101755859951 0.463302885803084 0.420504015746218 0.377705145689344 0.334906275632478 0.288144952141578 0.229496268348558 0.170847584555547 0.112198900762536 0.0535502169695158 -0.00509846682349492 -0.0637471506165056 -0.122395834409526 -0.125050355307765 -0.109040155241067 -0.0930299551743659 -0.0770197551076677 -0.0610095550409696 -0.0449993549742687 -0.0289891549075706 -0.00977350736244875
5.3355015118917 5.11097555160526 4.88644959131881 4.66192363103233 4.43739767074589 4.21287171045945 3.98834575017297 3.70224066972739 3.39560921589541 3.08897776206339 2.78234630823141 2.47571485439944 2.16908340056741 1.86245194673544 1.59935381412509 1.46685564517977 1.33435747623446 1.20185930728915 1.06936113834383 0.93686296939852 0.804364800453215 0.671866631507886 0.615238212980331 0.583899711258711 0.552561209537085 0.521222707815464 0.489884206093843 0.458545704372217 0.427207202650596 0.386969011773664 0.320031753430756 0.253094495087859 0.186157236744963 0.119219978402055 0.052282720059158 -0.0146545382837386 -0.0815917966266467 -0.0871505739167423 -0.0722498575225569 -0.057349141128369 -0.0424484247341836 -0.0275477083399983 -0.0126469919458104 0.00225372444837498 0.0220680249854789
5.38747125201757 5.14447062810266 4.90147000418774 4.65846938027279 4.41546875635787 4.17246813244296 3.929467508528 3.64318457841879 3.34247421291147 3.0417638474041 2.74105348189678 2.44034311638945 2.13963275088208 1.83892238537476 1.58139947520365 1.45343893104131 1.32547838687899 1.19751784271667 1.06955729855433 0.941596754392009 0.81363621022969 0.685675666067348 0.638776929986974 0.6188987966006 0.599020663214222 0.579142529827848 0.559264396441474 0.539386263055097 0.519508129668723 0.485793071405758 0.410567238512962 0.335341405620179 0.260115572727395 0.184889739834599 0.109663906941816 0.0344380740490326 -0.0407877588437636 -0.0492507925257164 -0.0354595598040439 -0.0216683270823691 -0.00787709436069658 0.0059141383609759 0.0197053710826507 0.0334966038043232 0.0539095573334093
5.53127177556354 5.2814060529073 5.03154033025107 4.78167460759479 4.53180888493855 4.28194316228231 4.03207743962603 3.74125256041686 3.43677462902336 3.13229669762981 2.82781876623631 2.52334083484282 2.21886290344927 1.91438497205577 1.65307915310065 1.52128967146077 1.38950018982092 1.25771070818107 1.12592122654119 0.994131744901342 0.86234226326149 0.730552781621615 0.690161156654344 0.680235483911287 0.670309811168229 0.660384138425172 0.650458465682116 0.640532792939057 0.630607120196 0.603727151929495 0.525984297092571 0.448241442255661 0.37049858741875 0.292755732581826 0.215012877744916 0.137270022908005 0.0595271680710815 0.0483032260089781 0.0592522548718256 0.070201283734675 0.0811503125975225 0.09209934146037 0.103048370323219 0.113997399186067 0.131990054394602
5.76690308252969 5.52178182601929 5.27666056950888 5.03153931299844 4.78641805648803 4.54129679997763 4.29617554346719 3.99644461572171 3.6785104642312 3.36057631274064 3.04264216125013 2.72470800975962 2.40677385826906 2.08883970677855 1.81439284781615 1.67040786643822 1.52642288506031 1.3824379036824 1.23845292230447 1.09446794092656 0.95048295954865 0.806497978170716 0.76939089298247 0.767909773190802 0.766428653399133 0.764947533607465 0.763466413815797 0.761985294024129 0.760504174232461 0.740771253344907 0.66628292916962 0.591794604994345 0.51730628081907 0.442817956643783 0.368329632468508 0.293841308293233 0.219352984117946 0.205511481687399 0.211885586505107 0.218259691322817 0.224633796140526 0.231007900958235 0.237382005775945 0.243756110593653 0.256309516169103
6.00253438949584 5.76215759913127 5.5217808087667 5.28140401840209 5.04102722803752 4.80065043767295 4.56027364730834 4.25163667102657 3.92024629943905 3.58885592785147 3.25746555626395 2.92607518467643 2.59468481308885 2.26329444150133 1.97570654253166 1.81952606141567 1.6633455802997 1.50716509918374 1.35098461806774 1.19480413695178 1.03862365583581 0.882443174719817 0.848620629310595 0.855584062470316 0.862547495630038 0.869510928789759 0.876474361949479 0.883437795109201 0.890401228268922 0.877815354760319 0.806581561246668 0.735347767733029 0.66411397421939 0.592880180705739 0.521646387192101 0.450412593678462 0.379178800164811 0.362719737365819 0.364518918138389 0.36631809891096 0.36811727968353 0.3699164604561 0.37171564122867 0.37351482200124 0.380628977943603
6.23816569646198 6.00253337224324 5.7669010480245 5.53126872380572 5.29563639958698 5.06000407536825 4.82437175114947 4.5068287263314 4.16198213464687 3.81713554296228 3.47228895127775 3.12744235959322 2.78259576790863 2.4377491762241 2.13702023724715 1.9686442563931 1.80026827553908 1.63189229468506 1.46351631383101 1.29514033297699 1.12676435212296 0.958388371268912 0.927850365638714 0.943258351749823 0.958666337860934 0.974074323972043 0.989482310083151 1.00489029619426 1.02029828230537 1.01485945617572 0.946880193323705 0.878900930471701 0.810921667619698 0.742942404767683 0.67496314191568 0.606983879063677 0.539004616211662 0.519927993044226 0.517152249771658 0.514376506499089 0.511600763226521 0.508825019953952 0.506049276681384 0.503273533408815 0.504948439718093
6.47379700342813 6.24290914535522 6.01202128728232 5.78113342920937 5.55024557113647 5.31935771306357 5.08846985499062 4.76202078163626 4.40371796985471 4.04541515807311 3.68711234629157 3.32880953451002 2.97050672272842 2.61220391094688 2.29833393196266 2.11776245137055 1.93719097077847 1.75661949018639 1.57604800959428 1.3954765290022 1.21490504841012 1.03433356781801 1.00708010196684 1.03093264102934 1.05478518009184 1.07863771915434 1.10249025821683 1.12634279727933 1.15019533634183 1.15190355759113 1.08717882540075 1.02245409321039 0.957729361020018 0.89300462882964 0.828279896639272 0.763555164448905 0.698830432258526 0.677136248722647 0.66978558140494 0.662434914087231 0.655084246769524 0.647733579451817 0.640382912134109 0.633032244816402 0.629267901492593
6.70942831039428 6.48328491846721 6.25714152654014 6.03099813461303 5.80485474268596 5.57871135075888 5.35256795883178 5.01721283694111 4.64545380506256 4.27369477318394 3.90193574130538 3.53017670942683 3.15841767754821 2.78665864566966 2.45964762667817 2.266880646348 2.07411366601786 1.88134668568773 1.68857970535756 1.49581272502742 1.30304574469728 1.11027876436711 1.08630983829497 1.11860693030885 1.15090402232274 1.18320111433663 1.21549820635052 1.24779529836441 1.28009239037829 1.28894765900654 1.2274774574778 1.16600725594907 1.10453705442034 1.0430668528916 0.981596651362865 0.920126449834133 0.858656248305391 0.834344504401067 0.822418913038222 0.810493321675373 0.798567730312528 0.786642138949682 0.774716547586834 0.762790956223988 0.753587363267093
6.8901317914327 6.67493098576865 6.45973018010459 6.2445293744405 6.02932856877645 5.81412776311239 5.5989269574483 5.26485764185589 4.89116548962067 4.51747333738538 4.14378118515016 3.77008903291493 3.39639688067965 3.02270472844442 2.69328612585861 2.49668817222114 2.30009021858371 2.10349226494628 1.90689431130882 1.71029635767139 1.51369840403396 1.31710045039649 1.29341076016419 1.32735715773363 1.36130355530308 1.39524995287252 1.42919635044197 1.46314274801142 1.49708914558086 1.50459104478355 1.43275944888587 1.36092785298821 1.28909625709054 1.21726466119286 1.1454330652952 1.07360146939753 1.00176987349985 0.96651588280994 0.943454427189285 0.920392971568626 0.897331515947971 0.874270060327316 0.851208604706657 0.828147149086002 0.811255839135913
7.01590744654338 6.81784734725953 6.61978724797568 6.4217271486918 6.22366704940796 6.02560695012411 5.82754685084023 5.50495519638064 5.14085302352909 4.77675085067749 4.41264867782594 4.0485465049744 3.6844443321228 3.32034215927125 2.99924942950407 2.80718502899008 2.61512062847612 2.42305622796217 2.23099182744818 2.03892742693422 1.84686302642026 1.65479862590627 1.62838286757463 1.6571833233038 1.68598377903297 1.71478423476213 1.7435846904913 1.77238514622047 1.80118560194964 1.79883371492224 1.70302479962504 1.60721588432786 1.51140696903068 1.41559805373348 1.3197891384363 1.22398022313912 1.12817130784193 1.07365038394927 1.03289212385813 0.99213386376698 0.95137560367584 0.9106173435847 0.869859083493552 0.829100823402412 0.802273329099018
7.14168310165406 6.96076370875042 6.77984431584678 6.59892492294311 6.41800553003947 6.23708613713583 6.05616674423216 5.74505275090538 5.39054055743752 5.03602836396959 4.68151617050173 4.32700397703387 3.97249178356594 3.61797959009808 3.30521273314953 3.11768188575901 2.93015103836853 2.74262019097805 2.55508934358753 2.36755849619705 2.18002764880657 1.99249680141605 1.96335497498507 1.98700948887396 2.01066400276285 2.03431851665174 2.05797303054063 2.08162754442952 2.10528205831841 2.09307638506093 1.97329015036422 1.85350391566752 1.73371768097082 1.61393144627411 1.49414521157741 1.37435897688072 1.254572742184 1.1807848850886 1.12232982052697 1.06387475596534 1.00541969140371 0.946964626842083 0.888509562280447 0.830054497718821 0.793290819062122
7.26745875676472 7.10368007024129 6.93990138371786 6.7761226971944 6.61234401067097 6.44856532414754 6.28478663762408 5.9851503054301 5.64022809134592 5.29530587726168 4.9503836631775 4.60546144909331 4.26053923500907 3.91561702092489 3.61117603679496 3.42817874252792 3.24518144826091 3.0621841539939 2.87918685972686 2.69618956545985 2.51319227119284 2.3301949769258 2.29832708239548 2.31683565444409 2.33534422649271 2.35385279854132 2.37236137058993 2.39086994263855 2.40937851468716 2.3873190551996 2.24355550110336 2.09979194700715 1.95602839291095 1.81226483881471 1.6685012847185 1.52473773062229 1.38097417652606 1.28791938622792 1.21176751719581 1.13561564816368 1.05946377913157 0.983311910099463 0.90716004106734 0.83100817203523 0.784308309025227
