data/working_set_collections/6091692-Cassins_Sparrow-MC/1980/bio7.asc
NCOLS 265 
NROWS 230 
XLLCORNER -115.5625 
YLLCORNER 24.8333333333333 
CELLSIZE 0.0833333333333333 
NODATA_value -9999 
[rows 200 to 219 of 230, columns 92 to 137 of 265]
28.9963879055447 29.0866351657444 29.176882425944 29.2671296861437 29.3573769463433 29.3544156392416 29.320384809706 29.2863539801704 29.2523231506348 29.2182923210992 29.1842614915636 29.150230662028 29.173686811659 29.3696038987901 29.5655209859212 29.7614380730523 29.9573551601834 30.1532722473144 30.3491893344455 30.5451064215766 30.6735918680827 30.7796001010471 30.8856083340115 30.9916165669759 31.0976247999403 31.2036330329048 31.3096412658692 31.4045470343696 31.4661454094781 31.5277437845866 31.5893421596951 31.6509405348036 31.7125389099121 31.7741372850206 31.8357356601291 31.8290229797364 31.7995399475098 31.7700569152832 31.7405738830567 31.7110908508301 31.6816078186035 31.652124786377 31.6286019219293 31.6229595608181 31.617317199707 31.6116748385959
28.888648308648 28.9910361395942 29.0934239705404 29.1958118014865 29.2981996324327 29.2965944925944 29.2603250291613 29.2240555657281 29.1877861022949 29.1515166388618 29.1152471754286 29.0789777119955 29.0954243130154 29.2700191073947 29.4446139017741 29.6192086961534 29.7938034905328 29.9683982849121 30.1429930792914 30.3175878736708 30.4388684590658 30.542377641466 30.6458868238661 30.7493960062663 30.8529051886665 30.9564143710667 31.0599235534668 31.1557139926487 31.2283482021756 31.3009824117025 31.3736166212294 31.4462508307563 31.5188850402832 31.5915192498101 31.664153459337 31.6720909118653 31.6584627787273 31.6448346455892 31.6312065124512 31.6175783793132 31.6039502461752 31.5903221130371 31.5810762193468 31.5849770439996 31.5888778686524 31.5927786933051
28.7809087117513 28.895437113444 29.0099655151367 29.1244939168294 29.2390223185221 29.2387733459473 29.2002652486166 29.1617571512858 29.1232490539551 29.0847409566244 29.0462328592936 29.0077247619629 29.0171618143717 29.1704343159993 29.323706817627 29.4769793192545 29.6302518208822 29.7835243225098 29.9367968241374 30.090069325765 30.2041450500489 30.3051551818848 30.4061653137207 30.5071754455567 30.6081855773926 30.7091957092285 30.8102058410645 30.9068809509278 30.9905509948731 31.0742210388184 31.1578910827637 31.241561126709 31.3252311706543 31.4089012145996 31.4925712585449 31.5151588439942 31.5173856099447 31.5196123758952 31.5218391418457 31.5240659077962 31.5262926737468 31.5285194396973 31.5335505167643 31.546994527181 31.5604385375977 31.5738825480143
28.6731691148546 28.7998380872938 28.9265070597331 29.0531760321723 29.1798450046115 29.1809521993001 29.1402054680719 29.0994587368435 29.0587120056152 29.017965274387 28.9772185431587 28.9364718119304 28.9388993157281 29.070849524604 29.2027997334798 29.3347499423557 29.4667001512316 29.5986503601074 29.7306005689833 29.8625507778592 29.9694216410319 30.0679327223036 30.1664438035753 30.264954884847 30.3634659661187 30.4619770473904 30.5604881286621 30.6580479092068 30.7527537875705 30.8474596659343 30.942165544298 31.0368714226617 31.1315773010254 31.2262831793891 31.3209890577528 31.3582267761231 31.3763084411621 31.3943901062012 31.4124717712403 31.4305534362793 31.4486351013184 31.4667167663574 31.4860248141819 31.5090120103624 31.531999206543 31.5549864027235
28.5416959974501 28.6855429755317 28.8293899536133 28.9732369316949 29.1170839097765 29.1264780680339 29.0910546196832 29.0556311713325 29.0202077229818 28.9847842746311 28.9493608262804 28.9139373779297 28.9143351236979 29.0221964518229 29.1300577799479 29.2379191080729 29.3457804361979 29.4536417643229 29.5615030924479 29.6693644205729 29.7695772806804 29.8672406514486 29.9649040222168 30.062567392985 30.1602307637533 30.2578941345215 30.3555575052897 30.4533769395616 30.5516645643446 30.6499521891276 30.7482398139106 30.8465274386936 30.9448150634766 31.0431026882596 31.1413903130425 31.1878252665202 31.2169759962294 31.2461267259386 31.2752774556478 31.304428185357 31.3335789150662 31.3627296447754 31.3927301194933 31.4252798292372 31.4578295389811 31.4903792487251
28.3864893595377 28.5525517781576 28.7186141967773 28.8846766153971 29.0507390340169 29.0753509521485 29.0528127034505 29.0302744547526 29.0077362060547 28.9851979573568 28.9626597086589 28.9401214599609 28.9434692382812 29.0244750976562 29.1054809570312 29.1864868164062 29.2674926757813 29.3484985351563 29.4295043945313 29.5105102539063 29.6046119689941 29.7030789693197 29.8015459696452 29.9000129699707 29.9984799702962 30.0969469706218 30.1954139709473 30.2928680419922 30.3872833251953 30.4816986083984 30.5761138916016 30.6705291748047 30.7649444580078 30.8593597412109 30.9537750244141 31.0039543151856 31.0393882751465 31.0748222351074 31.1102561950684 31.1456901550293 31.1811241149902 31.2165580749512 31.2536664326986 31.2957979838054 31.3379295349121 31.3800610860189
28.2312827216254 28.4195605807834 28.6078384399414 28.7961162990994 28.9843941582574 29.024223836263 29.0145707872179 29.0049177381728 28.9952646891276 28.9856116400825 28.9759585910373 28.9663055419922 28.9726033528646 29.0267537434896 29.0809041341146 29.1350545247396 29.1892049153646 29.2433553059896 29.2975056966146 29.3516560872396 29.4396466573079 29.5389172871908 29.6381879170736 29.7374585469564 29.8367291768392 29.935999806722 30.0352704366048 30.1323591444227 30.222902086046 30.3134450276693 30.4039879692925 30.4945309109158 30.5850738525391 30.6756167941623 30.7661597357856 30.8200833638509 30.8618005540636 30.9035177442763 30.945234934489 30.9869521247016 31.0286693149143 31.070386505127 31.1146027459039 31.1663161383735 31.2180295308431 31.2697429233127
28.0760760837131 28.2865693834093 28.4970626831055 28.7075559828016 28.9180492824978 28.9730967203776 28.9763288709852 28.9795610215929 28.9827931722005 28.9860253228082 28.9892574734158 28.9924896240234 29.0017374674479 29.0290323893229 29.0563273111979 29.0836222330729 29.1109171549479 29.1382120768229 29.1655069986979 29.192801920573 29.2746813456218 29.3747556050619 29.474829864502 29.5749041239421 29.6749783833822 29.7750526428223 29.8751269022624 29.9718502468533 30.0585208468967 30.1451914469401 30.2318620469835 30.3185326470269 30.4052032470703 30.4918738471137 30.5785444471571 30.6362124125163 30.6842128329807 30.7322132534451 30.7802136739095 30.8282140943739 30.8762145148383 30.9242149353028 30.9755390591092 31.0368342929416 31.0981295267741 31.1594247606066
27.9208694458008 28.1535781860352 28.3862869262695 28.6189956665039 28.8517044067383 28.9219696044922 28.9380869547526 28.954204305013 28.9703216552734 28.9864390055338 29.0025563557943 29.0186737060547 29.0308715820312 29.0313110351562 29.0317504882813 29.0321899414063 29.0326293945313 29.0330688476563 29.0335083007813 29.0339477539063 29.1097160339356 29.210593922933 29.3114718119304 29.4123497009277 29.5132275899251 29.6141054789225 29.7149833679199 29.8113413492839 29.8941396077474 29.976937866211 30.0597361246745 30.142534383138 30.2253326416016 30.3081309000651 30.3909291585287 30.4523414611817 30.5066251118978 30.560908762614 30.6151924133301 30.6694760640462 30.7237597147624 30.7780433654785 30.8364753723145 30.9073524475098 30.9782295227051 31.0491065979004
27.7656628078884 28.020586988661 28.2755111694336 28.5304353502061 28.7853595309787 28.8708424886068 28.89984503852 28.9288475884332 28.9578501383463 28.9868526882595 29.0158552381727 29.0448577880859 29.0600056966146 29.0335896809896 29.0071736653646 28.9807576497396 28.9543416341146 28.9279256184896 28.9015096028646 28.8750935872396 28.9447507222494 29.046432240804 29.1481137593587 29.2497952779134 29.3514767964681 29.4531583150228 29.5548398335775 29.6508324517144 29.7297583685981 29.8086842854818 29.8876102023655 29.9665361192491 30.0454620361328 30.1243879530165 30.2033138699002 30.268470509847 30.3290373908149 30.3896042717828 30.4501711527507 30.5107380337185 30.5713049146864 30.6318717956543 30.6974116855198 30.7778706020779 30.8583295186361 30.9387884351942
27.560856713189 27.8154631720649 28.0700696309408 28.3246760898166 28.5792825486925 28.6799827575684 28.7293808831109 28.7787790086535 28.828177134196 28.8775752597385 28.9269733852811 28.9763715108236 29.0064627753364 28.97863345676 28.9508041381836 28.9229748196072 28.8951455010308 28.8673161824544 28.839486863878 28.8116575453016 28.8771792093913 28.9738178677029 29.0704565260145 29.1670951843262 29.2637338426378 29.3603725009494 29.4570111592611 29.5487825181749 29.6259519788954 29.7031214396159 29.7802909003364 29.8574603610568 29.9346298217773 30.0117992824978 30.0889687432183 30.1498995463053 30.2054174635145 30.2609353807237 30.316453297933 30.3719712151422 30.4274891323514 30.4830070495606 30.546652730306 30.6346817016602 30.7227106730143 30.8107396443685
27.3064511617025 27.5382067362468 27.769962310791 28.0017178853353 28.2334734598796 28.349390411377 28.4266944885254 28.5039985656739 28.5813026428223 28.6586067199707 28.7359107971192 28.8132148742676 28.8702428181966 28.8664423624675 28.8626419067383 28.8588414510091 28.85504099528 28.8512405395508 28.8474400838216 28.8436396280924 28.9070014953613 28.9927508036295 29.0785001118978 29.164249420166 29.2499987284342 29.3357480367025 29.4214973449707 29.5051915486654 29.5827204386393 29.6602493286133 29.7377782185872 29.8153071085612 29.8928359985351 29.9703648885091 30.0478937784831 30.0966285705566 30.1357653299967 30.1749020894369 30.214038848877 30.2531756083171 30.2923123677572 30.3314491271973 30.3841985066732 30.4777857462565 30.5713729858399 30.6649602254232
27.0520456102159 27.2609503004286 27.4698549906413 27.678759680854 27.8876643710666 28.0187980651856 28.1240080939399 28.2292181226943 28.3344281514486 28.4396381802029 28.5448482089573 28.6500582377116 28.7340228610569 28.7542512681749 28.774479675293 28.794708082411 28.8149364895291 28.8351648966471 28.8553933037652 28.8756217108832 28.9368237813314 29.0116837395562 29.086543697781 29.1614036560058 29.2362636142307 29.3111235724555 29.3859835306803 29.4616005791558 29.5394888983832 29.6173772176107 29.6952655368381 29.7731538560655 29.851042175293 29.9289304945204 30.0068188137478 30.043357594808 30.066113196479 30.08886879815 30.111624399821 30.134380001492 30.157135603163 30.179891204834 30.2217442830404 30.3208897908529 30.4200352986654 30.5191808064779
26.7976400587294 26.9836938646105 27.1697476704915 27.3558014763726 27.5418552822537 27.6882057189942 27.8213216993544 27.9544376797146 28.0875536600749 28.2206696404351 28.3537856207954 28.4869016011556 28.5978029039171 28.6420601738824 28.6863174438477 28.7305747138129 28.7748319837782 28.8190892537435 28.8633465237088 28.907603793674 28.9666460673014 29.0306166754828 29.0945872836643 29.1585578918457 29.2225285000271 29.2864991082085 29.35046971639 29.4180096096463 29.4962573581272 29.5745051066081 29.652752855089 29.7310006035699 29.8092483520508 29.8874961005317 29.9657438490126 29.9900866190593 29.9964610629612 30.0028355068631 30.009209950765 30.0155843946669 30.0219588385688 30.0283332824707 30.0592900594075 30.1639938354492 30.2686976114909 30.3734013875325
26.5432345072428 26.7064374287923 26.8696403503418 27.0328432718913 27.1960461934408 27.3576133728028 27.5186353047689 27.679657236735 27.8406791687012 28.0017011006673 28.1627230326335 28.3237449645996 28.4615829467773 28.5298690795899 28.5981552124023 28.6664413452148 28.7347274780273 28.8030136108398 28.8712997436523 28.9395858764648 28.9964683532715 29.0495496114095 29.1026308695475 29.1557121276855 29.2087933858236 29.2618746439616 29.3149559020996 29.3744186401367 29.4530258178711 29.5316329956055 29.6102401733398 29.6888473510742 29.7674545288086 29.846061706543 29.9246688842773 29.9368156433106 29.9268089294434 29.9168022155762 29.906795501709 29.8967887878418 29.8867820739746 29.8767753601074 29.8968358357747 30.0070978800456 30.1173599243164 30.2276219685872
26.2888289557563 26.4291809929742 26.5695330301921 26.70988506741 26.8502371046279 27.0270210266114 27.2159489101834 27.4048767937555 27.5938046773275 27.7827325608995 27.9716604444716 28.1605883280436 28.3253629896376 28.4176779852973 28.509992980957 28.6023079766167 28.6946229722765 28.7869379679362 28.8792529635959 28.9715679592556 29.0262906392415 29.0684825473361 29.1106744554308 29.1528663635254 29.19505827162 29.2372501797146 29.2794420878092 29.3308276706272 29.409794277615 29.4887608846029 29.5677274915907 29.6466940985785 29.7256607055664 29.8046273125542 29.8835939195421 29.8835446675619 29.8571567959256 29.8307689242893 29.804381052653 29.7779931810167 29.7516053093805 29.7252174377442 29.7343816121419 29.8502019246419 29.9660222371419 30.0818425496419
25.9499606662327 26.0791531032986 26.2083455403646 26.3375379774306 26.4667304144966 26.6566380818685 26.8667841593424 27.0769302368164 27.2870763142904 27.4972223917643 27.7073684692383 27.9175145467122 28.1038208007813 28.2186075846354 28.3333943684896 28.4481811523438 28.5629679361979 28.6777547200521 28.7925415039062 28.9073282877604 28.9698674519857 29.0149907430013 29.0601140340169 29.1052373250326 29.1503606160482 29.1954839070638 29.2406071980794 29.294362894694 29.3740158081055 29.4536687215169 29.5333216349284 29.6129745483398 29.6926274617513 29.7722803751627 29.8519332885742 29.8462331136068 29.8120819091797 29.7779307047526 29.7437795003255 29.7096282958985 29.6754770914714 29.6413258870443 29.6440628899468 29.7574645148383 29.8708661397298 29.9842677646213
25.5266296386719 25.6563537597657 25.7860778808594 25.9158020019532 26.0455261230469 26.2464645385743 26.4711410522461 26.695817565918 26.9204940795899 27.1451705932617 27.3698471069336 27.5945236206055 27.7969563802083 27.9326578776042 28.068359375 28.2040608723958 28.3397623697917 28.4754638671875 28.6111653645833 28.7468668619792 28.8271987915039 28.889074198405 28.950949605306 29.012825012207 29.0747004191081 29.1365758260091 29.1984512329102 29.2650243123372 29.3456904093424 29.4263565063476 29.5070226033529 29.5876887003581 29.6683547973633 29.7490208943685 29.8296869913737 29.8248809814453 29.7915842692057 29.7582875569662 29.7249908447266 29.691694132487 29.6583974202474 29.6251007080078 29.6258796691894 29.7288856506347 29.8318916320801 29.9348976135254
25.1032986111112 25.2335544162327 25.3638102213542 25.4940660264758 25.6243218315973 25.83629099528 26.0754979451498 26.3147048950196 26.5539118448894 26.7931187947591 27.032325744629 27.2715326944987 27.4900919596354 27.646708170573 27.8033243815104 27.9599405924479 28.1165568033854 28.2731730143229 28.4297892252604 28.5864054361979 28.6845301310222 28.7631576538086 28.8417851765951 28.9204126993815 28.999040222168 29.0776677449544 29.1562952677409 29.2356857299805 29.3173650105794 29.3990442911784 29.4807235717773 29.5624028523763 29.6440821329752 29.7257614135742 29.8074406941732 29.8035288492839 29.7710866292318 29.7386444091797 29.7062021891276 29.6737599690755 29.6413177490235 29.6088755289714 29.6076964484321 29.7003067864312 29.7929171244303 29.8855274624295
24.6799675835504 24.8107550726997 24.941542561849 25.0723300509983 25.2031175401476 25.4261174519857 25.6798548380534 25.9335922241211 26.1873296101888 26.4410669962565 26.6948043823242 26.9485417683919 27.1832275390625 27.3607584635417 27.5382893880208 27.7158203125 27.8933512369792 28.0708821614583 28.2484130859375 28.4259440104167 28.5418614705404 28.6372411092122 28.7326207478841 28.828000386556 28.9233800252278 29.0187596638997 29.1141393025716 29.2063471476237 29.2890396118164 29.3717320760091 29.4544245402018 29.5371170043945 29.6198094685872 29.7025019327799 29.7851943969726 29.7821767171224 29.7505889892578 29.7190012613932 29.6874135335287 29.6558258056641 29.6242380777995 29.5926503499349 29.5895132276747 29.6717279222276 29.7539426167806 29.8361573113335
