data/working_set_collections/6091692-Cassins_Sparrow-MC/1980/bio7.asc
NCOLS 265 
NROWS 230 
XLLCORNER -115.5625 
YLLCORNER 24.8333333333333 
CELLSIZE 0.0833333333333333 
NODATA_value -9999 
[rows 80 to 99 of 230, columns 184 to 229 of 265]
41.0101928710938 41.0187276204427 41.0272623697917 41.0222043355306 41.0126153733995 41.0030264112684 40.9934374491374 40.9838484870063 40.9742595248752 40.9646705627441 40.961681705051 40.9784931606716 40.9953046162923 41.012116071913 41.0289275275336 41.0457389831543 41.062550438775 41.0793618943956 41.0774622599284 41.0693255954319 41.0611889309353 41.0530522664388 41.0449156019423 41.0367789374458 41.0286422729492 41.0122788323297 40.9712350633409 40.9301912943522 40.8891475253635 40.8481037563748 40.8070599873861 40.7660162183974 40.7249724494087 40.6688608805339 40.6077267116971 40.5465925428603 40.4854583740235 40.4243242051867 40.3631900363498 40.302055867513 40.2685774061415 40.3180660671658 40.3675547281901 40.4170433892144 40.4665320502387 40.516020711263
41.0307495117187 41.043935139974 41.0571207682292 41.0537386576335 41.0448339674208 41.0359292772081 41.0270245869954 41.0181198967828 41.0092152065701 41.0003105163574 40.9971043056912 41.0109935336643 41.0248827616374 41.0387719896105 41.0526612175835 41.0665504455566 41.0804396735297 41.0943289015028 41.0882664998372 41.0755535549588 41.0628406100803 41.0501276652018 41.0374147203234 41.0247017754449 41.0119888305664 40.9911279466417 40.9458232455784 40.900518544515 40.8552138434516 40.8099091423882 40.7646044413249 40.7192997402615 40.6739950391981 40.6190602620443 40.5609154595269 40.5027706570096 40.4446258544922 40.3864810519748 40.3283362494575 40.2701914469401 40.240577867296 40.2965579562717 40.3525380452474 40.4085181342231 40.4644982231988 40.5204783121745
41.0513061523437 41.0691426595052 41.0869791666667 41.0852729797363 41.077052561442 41.0688321431478 41.0606117248535 41.0523913065592 41.044170888265 41.0359504699707 41.0325269063314 41.0434939066569 41.0544609069824 41.0654279073079 41.0763949076335 41.087361907959 41.0983289082845 41.10929590861 41.0990707397461 41.0817815144857 41.0644922892253 41.0472030639648 41.0299138387044 41.012624613444 40.9953353881836 40.9699770609538 40.9204114278158 40.8708457946777 40.8212801615397 40.7717145284017 40.7221488952637 40.6725832621257 40.6230176289877 40.5692596435547 40.5141042073568 40.4589487711589 40.403793334961 40.348637898763 40.2934824625651 40.2383270263672 40.2125783284505 40.2750498453776 40.3375213623047 40.3999928792318 40.4624643961588 40.5249359130859
41.0718627929687 41.0943501790365 41.1168375651042 41.1168073018392 41.1092711554633 41.1017350090875 41.0941988627116 41.0866627163357 41.0791265699598 41.071590423584 41.0679495069716 41.0759942796495 41.0840390523275 41.0920838250054 41.1001285976834 41.1081733703613 41.1162181430393 41.1242629157172 41.109874979655 41.0880094740126 41.0661439683702 41.0442784627279 41.0224129570855 41.0005474514431 40.9786819458008 40.9488261752659 40.8949996100532 40.8411730448405 40.7873464796278 40.7335199144152 40.6796933492025 40.6258667839898 40.5720402187771 40.5194590250651 40.4672929551866 40.4151268853082 40.3629608154297 40.3107947455512 40.2586286756728 40.2064626057943 40.184578789605 40.2535417344835 40.322504679362 40.3914676242404 40.4604305691189 40.5293935139974
41.0078742980957 41.0312063429091 41.0545383877224 41.0577936808268 41.0543567233616 41.0509197658963 41.047482808431 41.0440458509657 41.0406088935004 41.0371719360352 41.0363957722982 41.0436019897461 41.050808207194 41.0580144246419 41.0652206420899 41.0724268595378 41.0796330769857 41.0868392944336 41.0709897359212 41.0474549187554 41.0239201015896 41.0003852844238 40.976850467258 40.9533156500923 40.9297808329264 40.8985248141819 40.844105190701 40.7896855672201 40.7352659437392 40.6808463202583 40.6264266967774 40.5720070732965 40.5175874498156 40.4702095031738 40.4251787821452 40.3801480611166 40.3351173400879 40.2900866190593 40.2450558980306 40.200025177002 40.1833516438802 40.2517496744791 40.3201477050781 40.3885457356771 40.456943766276 40.525341796875
40.8593406677246 40.8797111511231 40.9000816345215 40.9082321166992 40.9123092651367 40.9163864135742 40.9204635620117 40.9245407104492 40.9286178588867 40.9326950073242 40.9378657023112 40.9463170369466 40.954768371582 40.9632197062175 40.9716710408529 40.9801223754883 40.9885737101237 40.9970250447591 40.9824150085449 40.9601178487142 40.9378206888835 40.9155235290527 40.893226369222 40.8709292093913 40.8486320495606 40.8190729777018 40.7677281697591 40.7163833618164 40.6650385538737 40.613693745931 40.5623489379883 40.5110041300456 40.4596593221029 40.4215110778809 40.3877616882324 40.354012298584 40.3202629089356 40.2865135192871 40.2527641296387 40.2190147399902 40.208896891276 40.2696736653646 40.3304504394531 40.3912272135416 40.4520039876302 40.5127807617187
40.7108070373535 40.728215959337 40.7456248813205 40.7586705525716 40.7702618069119 40.7818530612522 40.7934443155925 40.8050355699327 40.816626824273 40.8282180786133 40.8393356323242 40.8490320841471 40.8587285359701 40.868424987793 40.8781214396159 40.8878178914388 40.8975143432617 40.9072107950846 40.8938402811686 40.872780778673 40.8517212761773 40.8306617736817 40.809602271186 40.7885427686903 40.7674832661947 40.7396211412218 40.6913511488173 40.6430811564128 40.5948111640083 40.5465411716038 40.4982711791992 40.4500011867947 40.4017311943902 40.3728126525879 40.3503445943197 40.3278765360514 40.3054084777832 40.282940419515 40.2604723612468 40.2380043029785 40.2344421386719 40.28759765625 40.3407531738281 40.3939086914062 40.4470642089844 40.5002197265625
40.5622734069824 40.576720767551 40.5911681281196 40.609108988444 40.6282143486871 40.6473197089301 40.6664250691732 40.6855304294162 40.7046357896593 40.7237411499023 40.7408055623372 40.7517471313477 40.7626887003581 40.7736302693685 40.7845718383789 40.7955134073893 40.8064549763997 40.8173965454102 40.8052655537923 40.7854437086317 40.7656218634712 40.7458000183106 40.72597817315 40.7061563279894 40.6863344828288 40.6601693047418 40.6149741278755 40.5697789510091 40.5245837741428 40.4793885972765 40.4341934204102 40.3889982435439 40.3438030666775 40.3241142272949 40.3129275004069 40.3017407735189 40.2905540466309 40.2793673197428 40.2681805928548 40.2569938659668 40.2599873860677 40.3055216471354 40.3510559082031 40.3965901692708 40.4421244303385 40.4876586914062
40.4137397766114 40.425225575765 40.4367113749186 40.4595474243164 40.4861668904623 40.5127863566081 40.5394058227539 40.5660252888998 40.5926447550456 40.6192642211914 40.6422754923503 40.6544621785482 40.6666488647461 40.678835550944 40.6910222371419 40.7032089233399 40.7153956095378 40.7275822957357 40.716690826416 40.6981066385905 40.679522450765 40.6609382629395 40.642354075114 40.6237698872884 40.6051856994629 40.5807174682617 40.5385971069336 40.4964767456055 40.4543563842774 40.4122360229492 40.3701156616211 40.327995300293 40.2858749389649 40.275415802002 40.2755104064941 40.2756050109863 40.2756996154785 40.2757942199707 40.2758888244629 40.2759834289551 40.2855326334635 40.3234456380208 40.3613586425781 40.3992716471354 40.4371846516927 40.47509765625
40.2652061462403 40.273730383979 40.2822546217177 40.3099858601888 40.3441194322374 40.378253004286 40.4123865763346 40.4465201483833 40.4806537204319 40.5147872924805 40.5437454223633 40.5571772257487 40.5706090291341 40.5840408325195 40.597472635905 40.6109044392904 40.6243362426758 40.6377680460612 40.6281160990397 40.6107695685493 40.5934230380588 40.5760765075684 40.5587299770779 40.5413834465875 40.524036916097 40.5012656317817 40.4622200859918 40.4231745402018 40.3841289944119 40.345083448622 40.306037902832 40.2669923570421 40.2279468112522 40.226717376709 40.2380933125814 40.2494692484538 40.2608451843262 40.2722211201986 40.283597056071 40.2949729919434 40.3110778808594 40.3413696289062 40.3716613769531 40.401953125 40.4322448730469 40.4625366210937
40.1533459981283 40.160457611084 40.1675692240397 40.1954172770182 40.230177476671 40.2649376763238 40.2996978759766 40.3344580756293 40.3692182752821 40.4039784749349 40.4330013699002 40.444812350803 40.4566233317057 40.4684343126085 40.4802452935113 40.4920562744141 40.5038672553169 40.5156782362196 40.5089965820313 40.4961507161458 40.4833048502604 40.470458984375 40.4576131184896 40.4447672526042 40.4319213867188 40.4131682501899 40.3766933017307 40.3402183532715 40.3037434048123 40.2672684563531 40.2307935078939 40.1943185594347 40.1578436109755 40.1629659016927 40.1819539388021 40.2009419759115 40.2199300130208 40.2389180501302 40.2579060872396 40.276894124349 40.2979524400499 40.3252215915256 40.3524907430013 40.379759894477 40.4070290459527 40.4342981974284
40.0781593322754 40.0854072570801 40.0926551818848 40.1158416748047 40.144341023763 40.1728403727214 40.2013397216797 40.229839070638 40.2583384195964 40.2868377685547 40.310043334961 40.317367553711 40.324691772461 40.332015991211 40.339340209961 40.346664428711 40.353988647461 40.361312866211 40.3593322753907 40.3542500813802 40.3491678873698 40.3440856933594 40.339003499349 40.3339213053386 40.3288391113281 40.3164253234863 40.2820167541504 40.2476081848145 40.2131996154785 40.1787910461426 40.1443824768067 40.1099739074707 40.0755653381348 40.0841613769531 40.1070922851563 40.1300231933594 40.1529541015625 40.1758850097656 40.1988159179688 40.2217468261719 40.2461563110352 40.2750015258789 40.3038467407227 40.3326919555664 40.3615371704102 40.3903823852539
40.0029726664225 40.0103569030762 40.0177411397298 40.0362660725912 40.058504570855 40.0807430691189 40.1029815673828 40.1252200656467 40.1474585639106 40.1696970621745 40.1870853000217 40.1899227566189 40.1927602132162 40.1955976698134 40.1984351264106 40.2012725830078 40.2041100396051 40.2069474962023 40.20966796875 40.2123494466146 40.2150309244792 40.2177124023438 40.2203938802083 40.2230753580729 40.2257568359375 40.2196823967828 40.1873402065701 40.1549980163574 40.1226558261448 40.0903136359321 40.0579714457194 40.0256292555067 39.9932870652941 40.0053568522135 40.0322306315104 40.0591044108073 40.0859781901042 40.112851969401 40.1397257486979 40.1665995279948 40.1943601820204 40.2247814602322 40.255202738444 40.2856240166558 40.3160452948676 40.3464665730794
39.9277860005697 39.9353065490723 39.9428270975749 39.9566904703776 39.972668117947 39.9886457655165 40.0046234130859 40.0206010606554 40.0365787082248 40.0525563557943 40.0641272650825 40.0624779595269 40.0608286539714 40.0591793484158 40.0575300428603 40.0558807373047 40.0542314317491 40.0525821261936 40.0600036621094 40.070448811849 40.0808939615886 40.0913391113281 40.1017842610677 40.1122294108073 40.1226745605469 40.1229394700792 40.0926636589898 40.0623878479004 40.032112036811 40.0018362257216 39.9715604146322 39.9412846035428 39.9110087924534 39.926552327474 39.9573689778646 39.9881856282552 40.0190022786458 40.0498189290365 40.0806355794271 40.1114522298177 40.1425640530056 40.1745613945855 40.2065587361654 40.2385560777452 40.2705534193251 40.302550760905
39.8525993347168 39.8602561950684 39.8679130554199 39.8771148681641 39.8868316650391 39.8965484619141 39.9062652587891 39.9159820556641 39.9256988525391 39.9354156494141 39.9411692301432 39.9350331624349 39.9288970947266 39.9227610270183 39.9166249593099 39.9104888916016 39.9043528238933 39.8982167561849 39.9103393554688 39.9285481770834 39.9467569986979 39.9649658203125 39.9831746419271 40.0013834635417 40.0195922851563 40.0261965433757 39.9979871114095 39.9697776794434 39.9415682474772 39.9133588155111 39.8851493835449 39.8569399515788 39.8287305196126 39.8477478027344 39.8825073242188 39.9172668457031 39.9520263671875 39.9867858886719 40.0215454101562 40.0563049316406 40.0907679239909 40.1243413289388 40.1579147338867 40.1914881388346 40.2250615437826 40.2586349487305
39.7774126688639 39.7852058410645 39.792999013265 39.7975392659505 39.8009952121311 39.8044511583116 39.8079071044922 39.8113630506728 39.8148189968533 39.8182749430339 39.818211195204 39.8075883653429 39.7969655354818 39.7863427056207 39.7757198757596 39.7650970458985 39.7544742160373 39.7438513861762 39.7606750488281 39.7866475423177 39.8126200358073 39.8385925292969 39.8645650227865 39.890537516276 39.9165100097656 39.9294536166721 39.9033105638292 39.8771675109863 39.8510244581435 39.8248814053006 39.7987383524577 39.7725952996148 39.7464522467719 39.7689432779948 39.8076456705729 39.846348063151 39.8850504557292 39.9237528483073 39.9624552408854 40.0011576334635 40.0389717949761 40.0741212632921 40.1092707316081 40.144420199924 40.17956966824 40.214719136556
39.7025978088379 39.7150696648492 39.7275415208605 39.7316828409831 39.7330473158095 39.7344117906359 39.7357762654622 39.7371407402886 39.738505215115 39.7398696899414 39.737333255344 39.7230940924751 39.7088549296061 39.6946157667372 39.6803766038683 39.6661374409993 39.6518982781304 39.6376591152615 39.6542897542318 39.6812103271484 39.7081309000651 39.7350514729818 39.7619720458984 39.7888926188151 39.8158131917318 39.8292969597711 39.8024703131782 39.7756436665853 39.7488170199924 39.7219903733995 39.6951637268067 39.6683370802138 39.6415104336209 39.668581644694 39.7136188083225 39.758655971951 39.8036931355794 39.8487302992079 39.8937674628364 39.9388046264648 39.9814920213487 40.0171301099989 40.0527681986491 40.0884062872993 40.1240443759494 40.1596824645996
39.6281547546387 39.6498476664225 39.6715405782064 39.6795455932617 39.6829879760742 39.6864303588867 39.6898727416992 39.6933151245117 39.6967575073242 39.7001998901367 39.6985354105632 39.6815503438314 39.6645652770996 39.6475802103678 39.6305951436361 39.6136100769043 39.5966250101725 39.5796399434408 39.5911834716797 39.6122365315755 39.6332895914714 39.6543426513672 39.675395711263 39.6964487711589 39.7175018310547 39.7257265726725 39.6954663594564 39.6652061462403 39.6349459330241 39.604685719808 39.5744255065918 39.5441652933757 39.5139050801595 39.546662902832 39.6004267374675 39.6541905721029 39.7079544067383 39.7617182413737 39.8154820760091 39.8692459106445 39.9183286031087 39.9533678690592 39.9884071350098 40.0234464009603 40.0584856669108 40.0935249328613
39.5537117004395 39.5846256679959 39.6155396355523 39.6274083455404 39.632928636339 39.6384489271376 39.6439692179362 39.6494895087348 39.6550097995334 39.660530090332 39.6597375657824 39.6400065951877 39.6202756245931 39.6005446539985 39.5808136834039 39.5610827128093 39.5413517422146 39.52162077162 39.5280771891276 39.5432627360026 39.5584482828776 39.5736338297526 39.5888193766276 39.6040049235026 39.6191904703776 39.622156185574 39.5884624057346 39.5547686258952 39.5210748460558 39.4873810662164 39.453687286377 39.4199935065376 39.3862997266982 39.4247441609701 39.4872346666124 39.5497251722548 39.6122156778971 39.6747061835395 39.7371966891819 39.7996871948242 39.8551651848687 39.8896056281196 39.9240460713704 39.9584865146213 39.9929269578722 40.027367401123
39.4792686462402 39.5194036695692 39.5595386928982 39.575271097819 39.5828692966037 39.5904674953885 39.5980656941732 39.6056638929579 39.6132620917426 39.6208602905273 39.6209397210015 39.5984628465441 39.5759859720866 39.5535090976291 39.5310322231717 39.5085553487142 39.4860784742567 39.4636015997993 39.4649709065755 39.4742889404297 39.4836069742839 39.492925008138 39.5022430419922 39.5115610758464 39.5208791097005 39.5185857984755 39.4814584520128 39.4443311055501 39.4072037590875 39.3700764126248 39.3329490661621 39.2958217196995 39.2586943732368 39.3028254191081 39.3740425957574 39.4452597724067 39.516476949056 39.5876941257053 39.6589113023546 39.7301284790039 39.7920017666287 39.8258433871799 39.8596850077311 39.8935266282823 39.9273682488335 39.9612098693848
