data/working_set_collections/6091692-Cassins_Sparrow-MC/1980/bio7.asc
NCOLS 265 
NROWS 230 
XLLCORNER -115.5625 
YLLCORNER 24.8333333333333 
CELLSIZE 0.0833333333333333 
NODATA_value -9999 
[rows 140 to 159 of 230, columns 138 to 183 of 265]
35.958654361301 36.0503634134928 36.1420724656846 36.2337815178765 36.2424153645833 36.2233574761285 36.2042995876736 36.1852416992188 36.1661838107639 36.147125922309 36.1280680338542 36.1246084425184 36.1679437425401 36.2112790425618 36.2546143425835 36.2979496426052 36.3412849426269 36.3846202426486 36.4279555426703 36.4699091593424 36.511402214898 36.5528952704535 36.5943883260091 36.6358813815647 36.6773744371202 36.7188674926758 36.7596142239041 36.7981219821506 36.8366297403971 36.8751374986437 36.9136452568902 36.9521530151367 36.9906607733832 37.0291685316298 37.0282297770182 37.0141421847873 37.0000545925564 36.9859670003255 36.9718794080946 36.9577918158637 36.9437042236328 36.9230992635091 36.8829421997071 36.842785135905 36.8026280721029 36.7624710083008
35.9482375250922 36.0540097554525 36.1597819858127 36.2655542161729 36.2807352701823 36.265719265408 36.2507032606337 36.2356872558594 36.2206712510851 36.2056552463108 36.1906392415365 36.1875792609321 36.2203873528374 36.2531954447428 36.2860035366482 36.3188116285536 36.351619720459 36.3844278123644 36.4172359042697 36.4541508992513 36.4924348619249 36.5307188245985 36.5690027872721 36.6072867499457 36.6455707126193 36.683854675293 36.7202075534397 36.7507671780056 36.7813268025716 36.8118864271376 36.8424460517036 36.8730056762695 36.9035653008355 36.9341249254015 36.9330556233724 36.9214433458116 36.9098310682509 36.8982187906901 36.8866065131294 36.8749942355686 36.8633819580078 36.8443079630534 36.802848815918 36.7613896687826 36.7199305216472 36.6784713745117
35.9378206888834 36.0576560974121 36.1774915059407 36.2973269144694 36.3190551757812 36.3080810546875 36.2971069335937 36.2861328125 36.2751586914062 36.2641845703125 36.2532104492187 36.2505500793457 36.2728309631347 36.2951118469238 36.3173927307129 36.339673614502 36.361954498291 36.3842353820801 36.4065162658691 36.4383926391601 36.4734675089518 36.5085423787435 36.5436172485352 36.5786921183268 36.6137669881185 36.6488418579102 36.6808008829753 36.7034123738607 36.7260238647461 36.7486353556315 36.7712468465169 36.7938583374023 36.8164698282878 36.8390813191732 36.8378814697266 36.828744506836 36.8196075439453 36.8104705810547 36.8013336181641 36.7921966552735 36.7830596923828 36.7655166625977 36.7227554321289 36.6799942016602 36.6372329711914 36.5944717407227
35.9274038526747 36.0613024393717 36.1952010260688 36.3290996127658 36.3573750813802 36.350442843967 36.3435106065538 36.3365783691406 36.3296461317274 36.3227138943142 36.315781656901 36.3135208977593 36.3252745734321 36.3370282491048 36.3487819247776 36.3605356004503 36.372289276123 36.3840429517958 36.3957966274685 36.422634379069 36.4545001559787 36.4863659328884 36.5182317097982 36.5500974867079 36.5819632636176 36.6138290405273 36.6413942125109 36.6560575697157 36.6707209269206 36.6853842841254 36.7000476413303 36.7147109985352 36.72937435574 36.7440377129449 36.7427073160807 36.7360456678603 36.7293840196398 36.7227223714193 36.7160607231988 36.7093990749783 36.7027374267578 36.6867253621419 36.6426620483399 36.5985987345378 36.5545354207357 36.5104721069336
35.8902825249566 36.0287272135417 36.1671719021267 36.3056165907118 36.341682434082 36.343621995714 36.3455615573459 36.3475011189779 36.3494406806098 36.3513802422418 36.3533198038737 36.3557352701823 36.3595784505208 36.3634216308594 36.3672648111979 36.3711079915365 36.374951171875 36.3787943522135 36.3826375325521 36.4020965576172 36.4267608642578 36.4514251708984 36.4760894775391 36.5007537841797 36.5254180908203 36.550082397461 36.5708635965983 36.5799954732259 36.5891273498535 36.5982592264811 36.6073911031087 36.6165229797363 36.6256548563639 36.6347867329915 36.6338839213053 36.6296362135146 36.6253885057238 36.621140797933 36.6168930901422 36.6126453823514 36.6083976745606 36.594425116645 36.5512780083551 36.5081309000651 36.4649837917752 36.4218366834853
35.8264567057291 35.9599304199219 36.0934041341146 36.2268778483073 36.2719772338867 36.2876185099284 36.3032597859701 36.3189010620117 36.3345423380534 36.350183614095 36.3658248901367 36.3771931966146 36.375742594401 36.3742919921875 36.372841389974 36.3713907877604 36.3699401855469 36.3684895833333 36.3670389811198 36.3767791748047 36.3902496337891 36.4037200927734 36.4171905517578 36.4306610107422 36.4441314697266 36.457601928711 36.4692090352376 36.4752260843913 36.4812431335449 36.4872601826986 36.4932772318522 36.4992942810059 36.5053113301595 36.5113283793132 36.5114112854004 36.5095161437989 36.5076210021973 36.5057258605957 36.5038307189942 36.5019355773926 36.500040435791 36.4886159261068 36.4486033121745 36.4085906982422 36.3685780843099 36.3285654703776
35.7626308865017 35.8911336263021 36.0196363661024 36.1481391059028 36.2022720336914 36.2316150241428 36.2609580145942 36.2903010050456 36.319643995497 36.3489869859483 36.3783299763997 36.3986511230469 36.3919067382813 36.3851623535156 36.37841796875 36.3716735839844 36.3649291992188 36.3581848144531 36.3514404296875 36.3514617919922 36.3537384033203 36.3560150146484 36.3582916259766 36.3605682373047 36.3628448486328 36.3651214599609 36.367554473877 36.3704566955567 36.3733589172363 36.376261138916 36.3791633605957 36.3820655822754 36.3849678039551 36.3878700256348 36.3889386494955 36.3893960740831 36.3898534986708 36.3903109232585 36.3907683478462 36.3912257724338 36.3916831970215 36.3828067355686 36.345928615994 36.3090504964193 36.2721723768446 36.23529425727
35.6988050672743 35.8223368326823 35.9458685980903 36.0694003634982 36.1325668334961 36.1756115383572 36.2186562432183 36.2617009480794 36.3047456529405 36.3477903578016 36.3908350626628 36.4201090494792 36.4080708821615 36.3960327148438 36.383994547526 36.3719563802083 36.3599182128906 36.3478800455729 36.3358418782552 36.3261444091797 36.3172271728516 36.3083099365234 36.2993927001953 36.2904754638672 36.2815582275391 36.272640991211 36.2658999125163 36.265687306722 36.2654747009277 36.2652620951335 36.2650494893392 36.2648368835449 36.2646242777507 36.2644116719564 36.2664660135905 36.2692760043674 36.2720859951443 36.2748959859212 36.2777059766981 36.2805159674751 36.283325958252 36.2769975450304 36.2432539198134 36.2095102945964 36.1757666693794 36.1420230441623
35.6349792480469 35.7535400390625 35.8721008300781 35.9906616210937 36.0628616333008 36.1196080525716 36.1763544718424 36.2331008911133 36.2898473103841 36.3465937296549 36.4033401489258 36.4415669759114 36.4242350260417 36.4069030761719 36.3895711263021 36.3722391764323 36.3549072265625 36.3375752766927 36.3202433268229 36.3008270263672 36.2807159423828 36.2606048583985 36.2404937744141 36.2203826904297 36.2002716064453 36.180160522461 36.1642453511556 36.1609179178874 36.1575904846192 36.1542630513509 36.1509356180827 36.1476081848145 36.1442807515462 36.140953318278 36.1439933776856 36.1491559346517 36.1543184916179 36.159481048584 36.1646436055501 36.1698061625163 36.1749687194824 36.1711883544922 36.1405792236328 36.1099700927735 36.0793609619141 36.0487518310547
35.5711534288194 35.6847432454427 35.798333062066 35.9119228786892 35.9931564331055 36.063604566786 36.1340527004666 36.2045008341471 36.2749489678277 36.3453971015082 36.4158452351888 36.4630249023437 36.4403991699219 36.4177734375 36.3951477050781 36.3725219726563 36.3498962402344 36.3272705078125 36.3046447753906 36.2755096435547 36.2442047119141 36.2128997802735 36.1815948486328 36.1502899169922 36.1189849853516 36.087680053711 36.0625907897949 36.0561485290527 36.0497062683106 36.0432640075684 36.0368217468262 36.030379486084 36.0239372253418 36.0174949645996 36.0215207417806 36.029035864936 36.0365509880914 36.0440661112468 36.0515812344021 36.0590963575575 36.0666114807129 36.065379163954 36.0379045274523 36.0104298909505 35.9829552544488 35.9554806179471
35.4396566602919 35.541827138265 35.6439976162381 35.7461680942112 35.8302571614584 35.9083190917969 35.9863810221354 36.064442952474 36.1425048828125 36.2205668131511 36.2986287434896 36.3519837273492 36.331217871772 36.3104520161947 36.2896861606174 36.2689203050402 36.2481544494629 36.2273885938857 36.2066227383084 36.1781923929851 36.1472072177463 36.1162220425076 36.0852368672689 36.0542516920302 36.0232665167915 35.9922813415528 35.966906314426 35.9583617316352 35.9498171488444 35.9412725660536 35.9327279832628 35.924183400472 35.9156388176812 35.9070942348904 35.9102213541667 35.9172390407986 35.9242567274306 35.9312744140625 35.9382921006945 35.9453097873264 35.9523274739584 35.951298183865 35.926127963596 35.9009577433268 35.8757875230578 35.8506173027887
35.2404889424642 35.3247917175293 35.4090944925944 35.4933972676595 35.5741638183594 35.6537516276042 35.733339436849 35.8129272460938 35.8925150553386 35.9721028645833 36.0516906738282 36.1084434509278 36.0966911315918 36.0849388122559 36.07318649292 36.061434173584 36.0496818542481 36.0379295349121 36.0261772155762 36.0088752746582 35.9897234598796 35.9705716451009 35.9514198303223 35.9322680155436 35.913116200765 35.8939643859863 35.8771919250488 35.8675575256348 35.8579231262207 35.8482887268067 35.8386543273926 35.8290199279785 35.8193855285645 35.8097511291504 35.8100952148438 35.8137654622396 35.8174357096354 35.8211059570313 35.8247762044271 35.8284464518229 35.8321166992188 35.8289454142253 35.8052495320638 35.7815536499024 35.7578577677409 35.7341618855795
35.0413212246365 35.1077562967936 35.1741913689508 35.2406264411079 35.3180704752604 35.3991841634115 35.4802978515625 35.5614115397136 35.6425252278646 35.7236389160156 35.8047526041667 35.8649031745063 35.8621643914117 35.8594256083171 35.8566868252225 35.8539480421279 35.8512092590332 35.8484704759386 35.845731692844 35.8395581563314 35.8322397020128 35.8249212476942 35.8176027933757 35.8102843390571 35.8029658847385 35.7956474304199 35.7874775356717 35.7767533196343 35.766029103597 35.7553048875597 35.7445806715224 35.733856455485 35.7231322394477 35.7124080234104 35.7099690755208 35.7102918836806 35.7106146918403 35.7109375 35.7112603081597 35.7115831163195 35.7119059244792 35.7065926445855 35.6843711005317 35.6621495564779 35.6399280124241 35.6177064683702
34.8421535068088 34.890720876058 34.9392882453071 34.9878556145562 35.0619771321615 35.1446166992188 35.2272562662761 35.3098958333334 35.3925354003907 35.4751749674479 35.5578145345052 35.6213628980849 35.6276376512316 35.6339124043783 35.640187157525 35.6464619106717 35.6527366638184 35.6590114169651 35.6652861701118 35.6702410380046 35.6747559441461 35.6792708502876 35.6837857564291 35.6883006625705 35.692815568712 35.6973304748535 35.6977631462945 35.6859491136339 35.6741350809733 35.6623210483127 35.6505070156521 35.6386929829916 35.626878950331 35.6150649176704 35.6098429361979 35.6068183051215 35.6037936740452 35.6007690429688 35.5977444118924 35.594719780816 35.5916951497396 35.5842398749458 35.5634926689996 35.5427454630534 35.5219982571072 35.5012510511611
34.6429857889811 34.6736854553223 34.7043851216634 34.7350847880046 34.8058837890625 34.8900492350261 34.9742146809896 35.0583801269532 35.1425455729167 35.2267110188802 35.3108764648438 35.3778226216634 35.3931109110515 35.4083992004395 35.4236874898275 35.4389757792155 35.4542640686035 35.4695523579916 35.4848406473796 35.5009239196778 35.5172721862793 35.5336204528809 35.5499687194824 35.566316986084 35.5826652526856 35.5990135192871 35.6080487569173 35.5951449076335 35.5822410583496 35.5693372090658 35.5564333597819 35.5435295104981 35.5306256612142 35.5177218119304 35.509716796875 35.5033447265625 35.49697265625 35.4906005859375 35.484228515625 35.4778564453125 35.471484375 35.461887105306 35.4426142374675 35.4233413696289 35.4040685017904 35.3847956339518
34.4438180711535 34.4566500345866 34.4694819980198 34.4823139614529 34.5497904459636 34.6354817708333 34.7211730957031 34.8068644205729 34.8925557454427 34.9782470703125 35.0639383951823 35.134282345242 35.1585841708713 35.1828859965007 35.20718782213 35.2314896477594 35.2557914733887 35.280093299018 35.3043951246474 35.3316068013509 35.3597884284126 35.3879700554742 35.4161516825358 35.4443333095975 35.4725149366591 35.5006965637207 35.5183343675402 35.504340701633 35.4903470357259 35.4763533698188 35.4623597039117 35.4483660380046 35.4343723720975 35.4203787061903 35.4095906575521 35.3998711480035 35.3901516384549 35.3804321289063 35.3707126193577 35.360993109809 35.3512736002604 35.3395343356663 35.3217358059354 35.3039372762045 35.2861387464735 35.2683402167426
34.2671215481229 34.2653691609701 34.2636167738173 34.2618643866645 34.3205357869466 34.3993484497071 34.4781611124675 34.5569737752279 34.6357864379883 34.7145991007487 34.7934117635092 34.8598553127713 34.8891915215387 34.918527730306 34.9478639390734 34.9772001478408 35.0065363566081 35.0358725653755 35.0652087741428 35.1047335306804 35.147654469808 35.1905754089356 35.2334963480632 35.2764172871908 35.3193382263184 35.362259165446 35.3917637295193 35.3810191684299 35.3702746073405 35.3595300462511 35.3487854851617 35.3380409240723 35.3272963629829 35.3165518018935 35.303822072347 35.2904306199816 35.2770391676161 35.2636477152507 35.2502562628852 35.2368648105198 35.2234733581543 35.2084964328342 35.1887630886502 35.1690297444662 35.1492964002822 35.1295630560981
34.1128962198894 34.0998428344727 34.086789449056 34.0737360636394 34.1181198120117 34.1816492716472 34.2451787312826 34.308708190918 34.3722376505534 34.4357671101888 34.4992965698243 34.5545415242513 34.5849329630534 34.6153244018555 34.6457158406576 34.6761072794597 34.7064987182618 34.7368901570638 34.7672815958659 34.8203041076661 34.8808703104655 34.941436513265 35.0020027160645 35.062568918864 35.1231351216634 35.1837013244629 35.2283368428548 35.2251803080241 35.2220237731934 35.2188672383627 35.2157107035319 35.2125541687012 35.2093976338705 35.2062410990397 35.1924110412598 35.1750231424968 35.1576352437338 35.1402473449707 35.1228594462077 35.1054715474447 35.0880836486817 35.0687733968099 35.043696085612 35.0186187744141 34.9935414632162 34.9684641520183
33.9586708916558 33.9343165079753 33.9099621242947 33.8856077406142 33.9157038370768 33.9639500935873 34.0121963500977 34.0604426066081 34.1086888631185 34.1569351196289 34.2051813761394 34.2492277357314 34.2806744045682 34.312121073405 34.3435677422418 34.3750144110786 34.4064610799154 34.4379077487522 34.469354417589 34.5358746846517 34.6140861511231 34.6922976175944 34.7705090840658 34.8487205505371 34.9269320170085 35.0051434834798 35.0649099561903 35.0693414476183 35.0737729390462 35.0782044304742 35.0826359219021 35.0870674133301 35.091498904758 35.095930396186 35.0810000101726 35.059615665012 35.0382313198514 35.0168469746908 34.9954626295302 34.9740782843696 34.952693939209 34.9290503607856 34.8986290825738 34.868207804362 34.8377865261502 34.8073652479384
33.8044455634223 33.7687901814779 33.7331347995335 33.697479417589 33.713287862142 33.7462509155274 33.7792139689128 33.8121770222982 33.8451400756836 33.8781031290691 33.9110661824545 33.9439139472114 33.976415846083 34.0089177449545 34.041419643826 34.0739215426975 34.1064234415691 34.1389253404406 34.1714272393121 34.2514452616374 34.3473019917806 34.4431587219239 34.5390154520671 34.6348721822103 34.7307289123535 34.8265856424968 34.9014830695259 34.9135025872125 34.9255221048991 34.9375416225857 34.9495611402724 34.961580657959 34.9736001756456 34.9856196933323 34.9695889790853 34.9442081875272 34.918827395969 34.8934466044108 34.8680658128527 34.8426850212945 34.8173042297364 34.7893273247613 34.7535620795356 34.7177968343099 34.6820315890842 34.6462663438585
