data/working_set_collections/6091692-Cassins_Sparrow-MC/1980/bio8.asc
NCOLS 265 
NROWS 230 
XLLCORNER -115.5625 
YLLCORNER 24.8333333333333 
CELLSIZE 0.0833333333333333 
NODATA_value -9999 
[rows 20 to 39 of 230, columns 0 to 45 of 265]
1.99402861297143 2.19205276270717 2.39007691244292 2.5881010621787 2.78612521191444 2.98414936165019 3.18217351138597 3.19944501022506 3.15646562543188 3.11348624063869 3.07050685584552 3.02752747105234 2.98454808625916 2.94156870146598 2.88145023816169 2.76991453932397 2.65837884048627 2.54684314164857 2.43530744281085 2.32377174397315 2.21223604513545 2.10070034629773 2.01940952241425 1.94820032351551 1.87699112461676 1.80578192571802 1.73457272681928 1.66336352792053 1.59215432902179 1.68377846082038 2.26390258471164 2.8440267086028 3.42415083249396 4.00427495638521 4.58439908027637 5.16452320416753 5.74464732805879 5.48232908695942 4.93919672419634 4.39606436143318 3.85293199867011 3.30979963590704 2.76666727314387 2.2235349103808 1.68726668804882 1.17159088701003
0.991092140475991 1.26733555297063 1.54357896546526 1.81982237795994 2.09606579045458 2.37230920294921 2.64855261544389 2.70559140344467 2.68956198328077 2.67353256311687 2.65750314295297 2.64147372278907 2.62544430262517 2.60941488246127 2.57270936734152 2.47397556735414 2.37524176736678 2.27650796737941 2.17777416739203 2.07904036740466 1.9803065674173 1.88157276742992 1.82392080128196 1.77996277974714 1.73600475821232 1.69204673667751 1.64808871514269 1.60413069360787 1.56017267207306 1.67902642091102 2.28631548086795 2.89360454082478 3.50089360078161 4.10818266073855 4.71547172069538 5.32276078065221 5.93004984060914 5.75578478723769 5.32100169608996 4.88621860494216 4.45143551379443 4.0166524226467 3.5818693314989 3.14708624035117 2.66565494289004 2.04427902648843
-0.0118443320193573 0.342618343234159 0.697081018487676 1.05154369374125 1.40600636899477 1.76046904424829 2.11493171950186 2.21173779666432 2.2226583411297 2.23357888559508 2.24449943006046 2.25541997452583 2.26634051899121 2.27726106345659 2.26396849652139 2.17803659538434 2.09210469424731 2.00617279311028 1.92024089197323 1.8343089908362 1.74837708969917 1.66244518856212 1.62843208014969 1.6117252359788 1.5950183918079 1.57831154763701 1.56160470346612 1.54489785929522 1.52819101512433 1.67427438100165 2.30872837702426 2.94318237304676 3.57763636906926 4.21209036509187 4.84654436111437 5.48099835713687 6.11545235315948 6.02924048751593 5.70280666798354 5.37637284845109 5.0499390289187 4.7235052093863 4.39707138985385 4.07063757032146 3.64404319773118 2.91696716596676
-1.01478080451479 -0.582098866502386 -0.149416928489981 0.283265009522498 0.715946947534903 1.14862888554731 1.58131082355979 1.71788418988393 1.75575469897859 1.79362520807325 1.83149571716791 1.86936622626256 1.90723673535723 1.94510724445188 1.95522762570122 1.88209762341451 1.80896762112782 1.73583761884112 1.66270761655441 1.58957761426771 1.51644761198102 1.44331760969431 1.4329433590174 1.44348769221043 1.45403202540347 1.4645763585965 1.47512069178953 1.48566502498257 1.4962093581756 1.66952234109228 2.33114127318056 2.99276020526874 3.65437913735691 4.3159980694452 4.97761700153338 5.63923593362155 6.30085486570984 6.30269618779421 6.08461163987715 5.86652709196007 5.64844254404302 5.43035799612596 5.21227344820888 4.99418890029183 4.6224314525724 3.78965530544516
-1.67808460361429 -1.23612871269388 -0.794172821773473 -0.352216930852989 0.0897389600674197 0.531694850987829 0.973650741908313 1.21140391329927 1.3810895115137 1.55077510972816 1.72046070794259 1.89014630615702 2.05983190437148 2.22951750258592 2.34495786461554 2.29766251809055 2.25036717156557 2.20307182504059 2.15577647851559 2.10848113199061 2.06118578546563 2.01389043894064 2.01400108933433 2.02991373870092 2.04582638806752 2.06173903743411 2.0776516868007 2.09356433616729 2.10947698553389 2.27583660251537 2.89353712234213 3.51123764216878 4.12893816199544 4.7466386818222 5.36433920164885 5.98203972147551 6.59974024130227 6.6108305811882 6.41971752776041 6.22860447433259 6.03749142090481 5.84637836747702 5.6552653140492 5.46415226062142 5.11861087050721 4.30978447033307
-2.00175572931765 -1.61947119534016 -1.23718666136266 -0.854902127385097 -0.4726175934076 -0.0903330594301031 0.291951474547459 0.692296966910381 1.09866277873512 1.50502859055992 1.91139440238466 2.31776021420939 2.7241260260342 3.13049183785893 3.4331592132646 3.42473127941271 3.41630334556083 3.40787541170895 3.39944747785706 3.39101954400518 3.38259161015329 3.37416367630141 3.37160527110077 3.37100337545054 3.37040147980032 3.36979958415009 3.36919768849987 3.36859579284964 3.36799389719942 3.49321716527112 3.99591592450912 4.49861468374704 5.00131344298495 5.50401220222296 6.00671096146087 6.50940972069879 7.01210847993679 6.95364366769789 6.70812433163326 6.46260499556858 6.21708565950395 5.97156632343931 5.72604698737464 5.48052765131001 5.13258145153537 4.47735466063027
-2.32542685502104 -2.00281367798646 -1.68020050095188 -1.35758732391725 -1.03497414688267 -0.712360969848088 -0.389747792813453 0.173190020521446 0.816236045956505 1.45928207139167 2.10232809682673 2.74537412226179 3.38842014769696 4.03146617313202 4.52136056191375 4.55180004073497 4.58223951955619 4.61267899837741 4.64311847719863 4.67355795601985 4.70399743484107 4.73443691366229 4.72920945286732 4.71209301220027 4.69497657153323 4.67786013086619 4.66074369019914 4.6436272495321 4.62651080886505 4.71059772802698 5.09829472667621 5.48599172532538 5.87368872397454 6.26138572262378 6.64908272127295 7.03677971992211 7.42447671857135 7.29645675420761 6.99653113550613 6.69660551680459 6.3966798981031 6.09675427940162 5.79682866070008 5.49690304199859 5.14655203256353 4.64492485092749
-2.64909798072443 -2.38615616063277 -2.12321434054111 -1.8602725204494 -1.59733070035774 -1.33438888026607 -1.07144706017436 -0.34591692586749 0.533809313177894 1.41353555222343 2.29326179126881 3.1729880303142 4.05271426935973 4.93244050840512 5.60956191056291 5.67886880205724 5.74817569355155 5.81748258504587 5.8867894765402 5.95609636803452 6.02540325952884 6.09471015102317 6.08681363463387 6.05318264895001 6.01955166326614 5.98592067758228 5.95228969189842 5.91865870621455 5.88502772053069 5.92797829078283 6.2006735288433 6.47336876690372 6.74606400496414 7.0187592430246 7.29145448108502 7.56414971914544 7.83684495720591 7.63926984071734 7.284937939379 6.9306060380406 6.57627413670226 6.22194223536392 5.86761033402552 5.51327843268718 5.1605226135917 4.81249504122471
-2.9727691064278 -2.76949864327904 -2.56622818013029 -2.36295771698151 -2.15968725383276 -1.956416790684 -1.75314632753522 -0.865023872256381 0.251382580399308 1.36778903305519 2.48419548571088 3.60060193836656 4.71700839102244 5.83341484367813 6.69776325921197 6.8059375633794 6.91411186754682 7.02228617171423 7.13046047588167 7.23863478004909 7.3468090842165 7.45498338838394 7.4444178164003 7.39427228569963 7.34412675499894 7.29398122429826 7.24383569359758 7.1936901628969 7.14354463219622 7.14535885353859 7.3030523310103 7.46074580848198 7.61843928595366 7.77613276342536 7.93382624089704 8.09151971836872 8.24921319584043 7.98208292722703 7.57334474325184 7.16460655927659 6.7558683753014 6.34713019132621 5.93839200735096 5.52965382337577 5.17449319461986 4.98006523152192
-3.29644023213119 -3.15284112592535 -3.00924201971952 -2.86564291351366 -2.72204380730782 -2.57844470110199 -2.43484559489613 -1.38413081864532 -0.0310441523793035 1.32204251388694 2.67512918015295 4.02821584641897 5.38130251268521 6.73438917895122 7.78596460786112 7.93300632470166 8.08004804154218 8.2270897583827 8.37413147522324 8.52117319206376 8.66821490890428 8.81525662574482 8.80202199816686 8.73536192244936 8.66870184673185 8.60204177101436 8.53538169529686 8.46872161957935 8.40206154386186 8.36273941629445 8.40543113317738 8.44812285006032 8.49081456694325 8.53350628382619 8.57619800070912 8.61888971759205 8.66158143447499 8.32489601373675 7.86175154712472 7.3986070805126 6.93546261390056 6.47231814728852 6.0091736806764 5.54602921406436 5.18846377564802 5.14763542181914
-3.3482912215922 -3.24538351893429 -3.14247581627638 -3.03956811361846 -2.93666041096055 -2.83375270830264 -2.73084500564471 -1.61952696839994 -0.172072152959305 1.27538266248157 2.7228374779222 4.17029229336283 5.61774710880371 7.06520192424434 8.21906331777569 8.49214444557823 8.76522557338072 9.03830670118321 9.31138782898575 9.58446895678824 9.85755008459073 10.1306312123933 10.0799877405166 9.9214360687467 9.76288439697682 9.60433272520696 9.4457810534371 9.28722938166722 9.12867770989737 9.00812938743167 9.00159111287858 8.99505283832549 8.9885145637724 8.98197628921931 8.97543801466622 8.96889974011313 8.96236146556005 8.61038189331696 8.1432552218438 7.67612855037055 7.20900187889739 6.74187520742422 6.27474853595098 5.80762186447782 5.45663889646524 5.45408703883484
-3.12832207481071 -3.04712582230573 -2.96592956980074 -2.88473331729575 -2.80353706479076 -2.72234081228578 -2.64114455978078 -1.5712123215201 -0.171701421340625 1.22780947883909 2.62732037901856 4.02683127919803 5.42634217937775 6.82585307955722 7.99705938895536 8.48335192600881 8.96964446306217 9.45593700011553 9.94222953716898 10.4285220742223 10.9148146112757 11.4011071483291 11.2783150434493 10.9524947245915 10.6266744057336 10.3008540868759 9.97503376801807 9.64921344916023 9.32339313030245 9.08152876694996 9.09153227011361 9.10153577327726 9.11153927644092 9.12154277960457 9.13154628276822 9.14154978593187 9.15155328909553 8.83854056596759 8.41785576740905 7.99717096885045 7.57648617029191 7.15580137173337 6.73511657317476 6.31443177461623 5.97901855707161 5.89942008256906
-2.9083529280292 -2.84886812567715 -2.78938332332509 -2.72989852097302 -2.67041371862097 -2.61092891626891 -2.55144411391684 -1.52289767464026 -0.171330689721945 1.1802362951966 2.53180328011491 3.88337026503322 5.23493724995177 6.58650423487008 7.77505546013501 8.47455940643938 9.17406335274364 9.87356729904789 10.5730712453523 11.2725751916565 11.9720791379608 12.6715830842651 12.4766423463821 11.9835533804363 11.4904644144905 10.9973754485448 10.5042864825991 10.0111975166533 9.51810855070756 9.15492814646825 9.18147342734865 9.20801870822905 9.23456398910944 9.26110926998984 9.28765455087023 9.31419983175063 9.34074511263103 9.06669923861825 8.69245631297434 8.31821338733037 7.94397046168646 7.56972753604256 7.19548461039859 6.82124168475468 6.50139821767803 6.34475312630331
-2.6883837812477 -2.65061042904857 -2.61283707684944 -2.5750637246503 -2.53729037245117 -2.49951702025204 -2.4617436680529 -1.47458302776042 -0.170959958103264 1.13266311155411 2.43628618121126 3.73990925086841 5.04353232052578 6.34715539018294 7.55305153131467 8.46576688686996 9.3784822424251 10.2911975979802 11.2039129535355 12.1166283090907 13.0293436646458 13.9420590202011 13.6749696493149 13.0146120362812 12.3542544232474 11.6938968102138 11.0335391971801 10.3731815841463 9.71282397111266 9.22832752598655 9.27141458458369 9.31450164318083 9.35758870177796 9.40067576037511 9.44376281897224 9.48684987756938 9.52993693616652 9.2948579112689 8.96705685853962 8.63925580581029 8.31145475308102 7.98365370035174 7.65585264762241 7.32805159489314 7.02377787828445 6.79008617003756
-2.46841463446621 -2.45235273242 -2.4362908303738 -2.42022892832759 -2.40416702628138 -2.38810512423518 -2.37204322218897 -1.42626838088058 -0.170589226484584 1.08508992791162 2.34076908230762 3.59644823670361 4.85212739109982 6.10780654549581 7.33104760249434 8.45697436730054 9.58290113210655 10.7088278969126 11.8347546617188 12.9606814265248 14.0866081913308 15.212534956137 14.8732969522476 14.045670692126 13.2180444320042 12.3904181718827 11.5627919117611 10.7351656516393 9.90753939151775 9.30172690550484 9.36135574181872 9.4209845781326 9.48061341444648 9.54024225076037 9.59987108707424 9.65949992338812 9.71912875970201 9.52301658391954 9.24165740410489 8.96029822429019 8.67893904447554 8.39757986466089 8.1162206848462 7.83486150503155 7.54615753889082 7.23541921377178
-2.2484454876847 -2.25409503579142 -2.25974458389814 -2.26539413200487 -2.27104368011158 -2.2766932282183 -2.28234277632503 -1.37795373400074 -0.170218494865904 1.03751674426914 2.24525198340397 3.4529872225388 4.66072246167384 5.86845770080867 7.10904367367399 8.44818184773112 9.78732002178802 11.1264581958449 12.4655963699021 13.804734543959 15.1438727180159 16.483010892073 16.0716242551804 15.0767293479708 14.0818344407611 13.0869395335516 12.0920446263421 11.0971497191324 10.1022548119229 9.37512628502313 9.45129689905376 9.52746751308438 9.603638127115 9.67980874114564 9.75597935517625 9.83214996920687 9.90832058323751 9.75117525657019 9.51625794967017 9.28134064277011 9.04642333587009 8.81150602897008 8.57658872207002 8.34167141517 8.06853719949724 7.68075225750603
-2.00232984622323 -1.94446734189993 -1.88660483757663 -1.82874233325331 -1.77087982893001 -1.71301732460671 -1.65515482028339 -0.809700804949119 0.298283714055657 1.40626823306062 2.5142527520654 3.62223727107017 4.73022179007514 5.83820630907991 7.03134652773506 8.47995384534183 9.92856116294835 11.3771684805549 12.8257757981617 14.2743831157682 15.7229904333747 17.1715977509815 16.717909661929 15.6301231039897 14.5423365460503 13.454549988111 12.3667634301718 11.2789768722323 10.1911903142931 9.39139075544145 9.45555219385359 9.51971363226573 9.58387507067787 9.64803650909002 9.71219794750215 9.77635938591429 9.84052082432644 9.72160847187049 9.54167152245846 9.3617345730464 9.18179762363438 9.00186067422236 8.8219237248103 8.64198677539827 8.39672511153759 7.95548930433065
-1.73006771008181 -1.5234696507455 -1.31687159140919 -1.11027353207285 -0.903675472736542 -0.697077413400234 -0.490479354063891 0.278490406274447 1.23491740028026 2.19134439428623 3.14777138829204 4.10419838229785 5.06062537630383 6.01705237030964 7.0979561646776 8.55229036013267 10.0066245555875 11.4609587510423 12.9152929464974 14.3696271419523 15.8239613374071 17.2782955328622 16.8121531724932 15.7058519601824 14.5995507478715 13.4932495355608 12.3869483232501 11.2806471109392 10.1743458986284 9.35052031675975 9.37412162621817 9.39772293567659 9.42132424513501 9.44492555459344 9.46852686405186 9.49212817351028 9.5157294829687 9.43431622982032 9.31789812246965 9.20148001511896 9.08506190776829 8.96864380041761 8.85222569306692 8.73580758571625 8.53072127501178 8.05963035424554
-1.45780557394036 -1.10247195959103 -0.747138345241708 -0.391804730892324 -0.0364711165429997 0.318862497806324 0.674196112155709 1.36668161749811 2.17155108650494 2.97642055551191 3.78129002451874 4.58615949352557 5.39102896253254 6.19589843153937 7.16456580162014 8.62462687492353 10.0846879482267 11.5447490215298 13.0048100948332 14.4648711681363 15.9249322414395 17.3849933147429 16.9063966830573 15.7815808163751 14.6567649496927 13.5319490830105 12.4071332163283 11.282317349646 10.1575014829638 9.30964987807805 9.29269105858274 9.27573223908744 9.25877341959214 9.24181460009684 9.22485578060154 9.20789696110624 9.19093814161094 9.14702398777013 9.09412472248082 9.0412254571915 8.98832619190218 8.93542692661287 8.88252766132355 8.82962839603424 8.66471743848598 8.16377140416044
-1.18554343779891 -0.681474268436566 -0.177405099074225 0.326664070288201 0.830733239650542 1.33480240901288 1.83887157837531 2.45487282872176 3.10818477272962 3.76149671673758 4.41480866074544 5.06812060475329 5.72143254876126 6.37474449276911 7.23117543856269 8.69696338971439 10.1627513408658 11.6285392920173 13.094327243169 14.5601151943204 16.0259031454719 17.4916910966236 17.0006401936215 15.8573096725678 14.713979151514 13.5706486304603 12.4273181094066 11.2839875883528 10.1406570672991 9.26877943939635 9.21126049094732 9.1537415424983 9.09622259404927 9.03870364560024 8.98118469715122 8.9236657487022 8.86614680025317 8.85973174571994 8.87035132249199 8.88097089926404 8.89159047603608 8.90221005280813 8.91282962958018 8.92344920635222 8.79871360196018 8.26791245407533
