data/working_set_collections/6091692-Cassins_Sparrow-MC/1980/bio8.asc
NCOLS 265 
NROWS 230 
XLLCORNER -115.5625 
YLLCORNER 24.8333333333333 
CELLSIZE 0.0833333333333333 
NODATA_value -9999 
[rows 80 to 99 of 230, columns 0 to 45 of 265]
22.4662179350854 21.5388296326004 20.6114413301154 19.6840530276302 18.7566647251451 17.8292764226601 16.9018881201749 15.5502718627459 14.0572462870021 12.5642207112581 11.0711951355143 9.57816955977059 8.08514398402657 6.5921184082828 5.45007307198304 5.36096845401649 5.27186383604994 5.1827592180834 5.09365460011685 5.0045499821503 4.91544536418376 4.8263407462172 4.56421576241647 4.24441732333762 3.92461888425873 3.60482044517989 3.28502200610104 2.96522356702215 2.64542512794331 2.62149043059359 3.48514695843241 4.34880348627108 5.21246001410975 6.07611654194857 6.93977306978724 7.80342959762591 8.66708612546472 10.1393516605402 11.8144868646948 13.4896220688496 15.1647572730041 16.8398924771587 18.5150276813135 20.1901628854681 21.5210991117688 21.819438404507
22.305772761504 20.9417173663778 19.5776619712516 18.2136065761251 16.8495511809989 15.4854957858727 14.1214403907463 13.0208185255532 12.0080078370046 10.9951971484558 9.98238645990719 8.96957577135858 7.95676508280979 6.94395439426117 6.16425344480402 6.08388171262204 6.00350998044007 5.9231382482581 5.84276651607612 5.76239478389415 5.68202305171218 5.6016513195302 5.33696203728514 5.01083357168567 4.68470510608615 4.35857664048669 4.03244817488722 3.7063197092877 3.38019124368824 3.44640976797959 4.68966926194493 5.93292875591005 7.17618824987518 8.41944774384052 9.66270723780565 10.9059667317708 12.1492262257361 13.3949076017669 14.6413962718197 15.8878849418726 17.1343736119254 18.3808622819781 19.627350952031 20.8738396220838 21.8775446361965 22.1528986824883
22.1453275879226 20.3446051001553 18.5438826123879 16.7431601246203 14.9424376368529 13.1417151490855 11.3409926613179 10.4913651883607 9.95876938700723 9.42617358565363 8.89357778430013 8.36098198294662 7.82838618159302 7.29579038023952 6.87843381762494 6.80679497122753 6.73515612483013 6.66351727843274 6.59187843203533 6.52023958563793 6.44860073924053 6.37696189284312 6.10970831215374 5.77724982003365 5.44479132791351 5.11233283579342 4.77987434367334 4.44741585155319 4.1149573594331 4.27132910536551 5.89419156545734 7.5170540255489 9.13991648564045 10.7627789457323 12.3856414058238 14.0085038659154 15.6313663260072 16.6504635429934 17.4683056789444 18.2861478148955 19.1039899508464 19.9218320867974 20.7396742227484 21.5575163586994 22.2339901606241 22.4863589604695
21.9848824143413 19.7474928339327 17.5101032535242 15.2727136731152 13.0353240927067 10.7979345122982 8.56054493188923 7.96191185116805 7.90953093700969 7.85715002285132 7.80476910869297 7.75238819453461 7.70000728037625 7.64762636621789 7.59261419044592 7.52970822983308 7.46680226922026 7.40389630860743 7.3409903479946 7.27808438738177 7.21517842676895 7.15227246615612 6.88245458702241 6.5436660683817 6.20487754974093 5.86608903110023 5.52730051245951 5.18851199381875 4.84972347517804 5.09624844275151 7.09871386896986 9.10117929518787 11.1036447214059 13.1061101476242 15.1085755738422 17.1110410000603 19.1135064262786 19.9060194842202 20.2952150860693 20.6844106879185 21.0736062897676 21.4628018916168 21.851997493466 22.2411930953151 22.5904356850517 22.8198192384507
20.8647005756701 18.8493231654172 16.8339457551643 14.8185683449111 12.8031909346582 10.7878135244054 8.77243611415214 8.25504565636282 8.23698418272836 8.2189227090939 8.20086123545943 8.18279976182497 8.16473828819051 8.14667681455605 8.11074365907244 8.02119545804128 7.93164725701014 7.84209905597899 7.75255085494783 7.66300265391669 7.57345445288555 7.48390625185439 7.36546622912089 7.23739559915327 7.10932496918562 6.98125433921799 6.85318370925037 6.72511307928272 6.5970424493151 6.99894305997345 8.99075739251191 10.98257172505 12.9743860575881 14.9662003901266 16.9580147226647 18.9498290552028 20.9416433877413 21.5624690214793 21.7262984222836 21.8901278230879 22.0539572238922 22.2177866246965 22.3816160255008 22.5454454263051 22.7195089552137 22.9242748684353
18.7847820719088 17.6500960946087 16.5154101173086 15.3807241400083 14.2460381627082 13.1113521854081 11.9766662081078 11.3707666039462 10.9411291241642 10.5114916443821 10.0818541646001 9.65221668481811 9.22257920503603 8.79294172525402 8.43282222350437 8.28125665585197 8.12969108819961 7.97812552054724 7.82655995289485 7.67499438524249 7.52342881759012 7.37186324993773 7.55874323844901 7.85843841234826 8.15813358624755 8.45782876014679 8.75752393404603 9.05721910794533 9.35691428184457 9.97941295703165 11.5703221360836 13.1612313151353 14.752140494187 16.343049673239 17.9339588522907 19.5248680313424 21.1157772103943 21.6198121547699 21.7615556875864 21.903299220403 22.0450427532196 22.1867862860361 22.3285298188527 22.4702733516693 22.62120997111 22.7997258504232
16.7048635681473 16.4508690238001 16.1968744794529 15.9428799351056 15.6888853907584 15.4348908464111 15.1808963020638 14.4864875515299 13.6452740656003 12.8040605796706 11.962847093741 11.1216336078114 10.2804201218816 9.43920663595205 8.75490078793632 8.54131785366269 8.3277349193891 8.1141519851155 7.90056905084188 7.68698611656828 7.47340318229469 7.25982024802106 7.75202024777715 8.4794812255433 9.20694220330957 9.93440318107571 10.6618641588419 11.3893251366081 12.1167861143743 12.9598828540901 14.1498868796555 15.3398909052208 16.529894930786 17.7198989563515 18.9099029819167 20.099907007482 21.2899110330474 21.6771552880605 21.7968129528893 21.9164706177182 22.036128282547 22.1557859473758 22.2754436122047 22.3951012770335 22.5229109870063 22.675176832411
14.6249450643859 15.2516419529915 15.8783388415971 16.5050357302029 17.1317326188085 17.7584295074141 18.3851263960198 17.6022084991136 16.3494190070364 15.096629514959 13.8438400228818 12.5910505308046 11.3382610387273 10.0854715466501 9.07697935236828 8.80137905147341 8.52577875057859 8.25017844968377 7.9745781487889 7.69897784789408 7.42337754699926 7.14777724610439 7.94529725710529 9.10052403873834 10.2557508203716 11.4109776020046 12.5662043836377 13.7214311652709 14.876657946904 15.9403527511486 16.7294516232275 17.5185504953063 18.3076493673851 19.096748239464 19.8858471115428 20.6749459836216 21.4640448557005 21.7344984213511 21.8320702181922 21.9296420150333 22.0272138118744 22.1247856087155 22.2223574055566 22.3199292023977 22.4246120029025 22.5506278143989
12.5450265606246 14.052414882183 15.5598032037414 17.0671915253001 18.5745798468585 20.0819681684169 21.5893564899755 20.717929446697 19.0535639484723 17.3891984502472 15.7248329520225 14.0604674537978 12.3961019555728 10.731736457348 9.3990579168002 9.0614402492841 8.72382258176806 8.38620491425202 8.04858724673592 7.71096957921987 7.37335191170383 7.03573424418773 8.13857426643341 9.72156685193333 11.3045594374335 12.8875520229334 14.4705446084334 16.0535371939335 17.6365297794335 18.9208226482067 19.3090163667992 19.6972100853916 20.0854038039839 20.4735975225764 20.8617912411687 21.2499849597611 21.6381786783536 21.7918415546417 21.867327483495 21.9428134123484 22.0182993412018 22.0937852700551 22.1692711989085 22.2447571277618 22.3263130187988 22.4260787963867
10.4651080568632 12.8531878113744 15.2412675658857 17.6293473203973 20.0174270749086 22.4055068294199 24.7935865839315 23.8336503942807 21.7577088899084 19.6817673855357 17.6058258811634 15.5298843767911 13.4539428724184 11.3780013680461 9.72113648123216 9.32150144709482 8.92186641295755 8.52223137882028 8.12259634468294 7.72296131054567 7.3233262764084 6.92369124227106 8.33185127576155 10.3426096651284 12.3533680544955 14.3641264438624 16.3748848332292 18.3856432225964 20.3964016119632 21.9012925452652 21.8885811103711 21.875869675477 21.863158240583 21.8504468056889 21.8377353707948 21.8250239359007 21.8123125010066 21.8491846879323 21.9025847487979 21.9559848096636 22.0093848705292 22.0627849313948 22.1161849922604 22.169585053126 22.2280140346951 22.3015297783746
9.58084341552487 12.4195145328834 15.258185650242 18.0968567676011 20.9355278849596 23.7741990023182 26.6128701196773 25.7529120206836 23.6600775162382 21.5672430117926 19.4744085073473 17.3815740029019 15.2887394984563 13.1959049940109 11.517200348112 11.0808852778537 10.6445702075955 10.2082551373373 9.77194006707902 9.3356249968208 8.89930992656257 8.46299485630428 9.86127394835087 11.8710844278328 13.8808949073151 15.8907053867971 17.900515866279 19.9103263457613 21.9201368252433 23.3749181164636 23.1646118428972 22.9543055693309 22.7439992957645 22.5336930221982 22.3233867486318 22.1130804750655 21.9027742014991 21.8795689105987 21.9187306139204 21.9578923172421 21.9970540205638 22.0362157238854 22.0753774272071 22.1145391305288 22.1639868683285 22.2442927095625
9.89223263661029 12.7513950467104 15.6105574568106 18.4697198669112 21.3288822770113 24.1880446871115 27.0472070972121 26.475714325905 24.7606698274614 23.0456253290176 21.330580830574 19.6155363321304 17.9004918336866 16.185447335243 14.7872495174403 14.3395917415614 13.8919339656825 13.4442761898036 12.9966184139247 12.5489606380458 12.1013028621669 11.653645086288 12.7268422842018 14.3069911400469 15.8871399958923 17.4672888517374 19.0474377075826 20.6275865634279 22.2077354192731 23.3416993618012 23.1371085643769 22.9325177669526 22.7279269695282 22.5233361721039 22.3187453746796 22.1141545772553 21.909563779831 21.882994222641 21.9157650788625 21.948535935084 21.9813067913055 22.0140776475271 22.0468485037486 22.0796193599701 22.1342315196991 22.2543675899505
10.2036218576957 13.0832755605374 15.9629292633791 18.8425829662213 21.722236669063 24.6018903719047 27.4815440747469 27.1985166311265 25.8612621386847 24.5240076462427 23.1867531538009 21.8494986613591 20.5122441689171 19.1749896764753 18.0572986867689 17.5982982052693 17.1392977237698 16.6802972422702 16.2212967607706 15.7622962792711 15.3032957977715 14.8442953162719 15.592410620053 16.7428978522613 17.8933850844697 19.0438723166779 20.1943595488862 21.3448467810946 22.4953340133029 23.3084806071388 23.1096052858565 22.9107299645742 22.7118546432919 22.5129793220096 22.3141040007274 22.1152286794451 21.9163533581628 21.8864195346832 21.9127995438046 21.939179552926 21.9655595620473 21.9919395711687 22.0183195802901 22.0446995894114 22.1044761710696 22.2644424703386
10.5150110787812 13.4151560743644 16.3153010699477 19.2154460655315 22.1155910611147 25.015736056698 27.9158810522817 27.921318936348 26.961854449908 26.0023899634679 25.0429254770278 24.0834609905878 23.1239965041477 22.1645320177076 21.3273478560975 20.8570046689772 20.386661481857 19.9163182947368 19.4459751076165 18.9756319204963 18.5052887333761 18.0349455462559 18.4579789559042 19.1788045644756 19.8996301730471 20.6204557816185 21.3412813901898 22.0621069987613 22.7829326073327 23.2752618524764 23.0821020073361 22.8889421621959 22.6957823170556 22.5026224719154 22.3094626267751 22.1163027816349 21.9231429364946 21.8898448467255 21.9098340087467 21.9298231707679 21.9498123327891 21.9698014948103 21.9897906568315 22.0097798188527 22.0747208224402 22.2745173507266
10.8264002998666 13.7470365881914 16.6676728765163 19.5883091648416 22.5089454531664 25.4295817414912 28.3502180298165 28.6441212415695 28.0624467611312 27.4807722806929 26.8990978002546 26.3174233198163 25.735748839378 25.1540743589397 24.5973970254258 24.1157111326848 23.634025239944 23.1523393472031 22.6706534544622 22.1889675617213 21.7072816689805 21.2255957762395 21.3235472917551 21.6147112766897 21.9058752616243 22.1970392465588 22.4882032314934 22.779367216428 23.0705312013625 23.242043097814 23.0545987288157 22.8671543598175 22.6797099908193 22.4922656218211 22.3048212528229 22.1173768838247 21.9299325148265 21.8932701587677 21.9068684736888 21.9204667886098 21.9340651035309 21.947663418452 21.961261733373 21.9748600482941 22.0449654738108 22.2845922311147
11.1377895209521 14.0789171020184 17.0200446830848 19.9611722641517 22.9022998452181 25.8434274262845 28.7845550073514 29.366923546791 29.1630390723545 28.959154597918 28.7552701234815 28.551385649045 28.3475011746085 28.143616700172 27.8674461947544 27.3744175963927 26.8813889980312 26.3883603996697 25.8953318013081 25.4023032029466 24.9092746045851 24.4162460062235 24.1891156276063 24.050617988904 23.9121203502017 23.7736227114993 23.635125072797 23.4966274340947 23.3581297953923 23.2088243431516 23.0270954502954 22.8453665574392 22.663637664583 22.4819087717268 22.3001798788707 22.1184509860145 21.9367220931583 21.8966954708099 21.9039029386308 21.9111104064518 21.9183178742727 21.9255253420936 21.9327328099145 21.9399402777354 22.0152101251814 22.2946671115027
11.2940782242348 14.2076793948804 17.1212805655261 20.0348817361723 22.9484829068179 25.8620840774636 28.7756852481097 29.5084473292033 29.5142630471124 29.5200787650215 29.5258944829305 29.5317102008396 29.5375259187487 29.5433416366577 29.4244919353063 28.9316459761726 28.4388000170391 27.9459540579055 27.4531080987719 26.9602621396384 26.4674161805048 25.9745702213712 25.5879881858826 25.2368274582758 24.8856667306689 24.534506003062 24.1833452754551 23.8321845478482 23.4810238202414 23.1735748608908 22.997261206309 22.8209475517273 22.6446338971456 22.4683202425639 22.2920065879822 22.1156929334005 21.9393792788188 21.8797264258067 21.8589605066512 21.8381945874956 21.8174286683401 21.7966627491845 21.775896830029 21.7551309108735 21.8198691368103 22.1411197980245
11.2952664097147 14.1333234667773 16.97138052384 19.8094375809031 22.6474946379657 25.4855516950284 28.3236087520915 29.0686925888062 29.1161186854045 29.1635447820028 29.2109708786011 29.2583969751994 29.3058230717977 29.353249168396 29.2685342470806 28.7873962720236 28.3062582969667 27.8251203219097 27.3439823468527 26.8628443717958 26.3817063967388 25.9005684216818 25.5201649665833 25.1733396848044 24.8265144030254 24.4796891212464 24.1328638394675 23.7860385576884 23.4392132759095 23.1362946510315 22.9650959968567 22.7938973426819 22.6226986885071 22.4515000343323 22.2803013801575 22.1091027259827 21.9379040718079 21.842363023758 21.7720411777497 21.7017193317414 21.6313974857331 21.5610756397248 21.4907537937165 21.4204319477082 21.4589425086975 21.8239502906799
11.2964545951946 14.0589675386742 16.8214804821538 19.5839934256339 22.3465063691135 25.1090193125931 27.8715322560732 28.6289378484091 28.7179743236966 28.8070107989841 28.8960472742717 28.9850837495592 29.0741202248468 29.1631567001343 29.112576558855 28.6431465678746 28.1737165768942 27.7042865859139 27.2348565949335 26.7654266039531 26.2959966129728 25.8265666219924 25.452341747284 25.109851911333 24.7673620753819 24.4248722394308 24.0823824034798 23.7398925675287 23.3974027315776 23.0990144411723 22.9329307874044 22.7668471336365 22.6007634798686 22.4346798261007 22.2685961723328 22.1025125185649 21.936428864797 21.8049996217092 21.6851218488482 21.5652440759871 21.4453663031261 21.325488530265 21.205610757404 21.0857329845429 21.0980158805847 21.5067807833354
11.2976427806745 13.9846116105711 16.6715804404677 19.3585492703647 22.0455181002613 24.7324869301578 27.4194557600549 28.1891831080119 28.3198299619887 28.4504768159655 28.5811236699422 28.711770523919 28.8424173778958 28.9730642318726 28.9566188706293 28.4988968637255 28.0411748568218 27.5834528499181 27.1257308430142 26.6680088361105 26.2102868292068 25.752564822303 25.3845185279847 25.0463641378615 24.7082097477384 24.3700553576152 24.0319009674921 23.6937465773689 23.3555921872457 23.0617342313131 22.9007655779521 22.7397969245911 22.5788282712301 22.4178596178691 22.2568909645081 22.0959223111471 21.9349536577861 21.7676362196605 21.5982025199467 21.4287688202329 21.2593351205191 21.0899014208053 20.9204677210914 20.7510340213776 20.7370892524719 21.1896112759908
