data/working_set_collections/6091692-Cassins_Sparrow-MC/1980/bio8.asc
NCOLS 265 
NROWS 230 
XLLCORNER -115.5625 
YLLCORNER 24.8333333333333 
CELLSIZE 0.0833333333333333 
NODATA_value -9999 
[rows 120 to 139 of 230, columns 92 to 137 of 265]
19.4349215136634 19.5487730397118 19.6626245657603 19.7764760918087 19.8903276178571 20.2967284838357 20.8006457964578 21.3045631090799 21.8084804217019 22.312397734324 22.8163150469461 23.3202323595682 23.6591962867313 23.5033000575171 23.347403828303 23.1915075990889 23.0356113698747 22.8797151406606 22.7238189114465 22.5679226822323 22.434742196401 22.3091336250305 22.1835250536601 22.0579164822896 21.9323079109192 21.8066993395488 21.6810907681783 21.6562696933746 21.9338111082712 22.2113525231679 22.4888939380645 22.7664353529611 23.0439767678578 23.3215181827545 23.5990595976511 23.8432414213816 24.07630338139 24.3093653413984 24.5424273014068 24.7754892614152 25.0085512214236 25.241613181432 25.268250237571 24.6756125821009 24.0829749266307 23.4903372711607
19.5254192193349 19.6944289366404 19.8634386539459 20.0324483712513 20.2014580885569 20.6153243064879 21.1108093579609 21.6062944094339 22.1017794609068 22.5972645123798 23.0927495638528 23.5882346153258 23.920791832606 23.7645655473073 23.6083392620086 23.45211297671 23.2958866914113 23.1396604061127 22.983434120814 22.8272078355153 22.6623965263367 22.4947235425313 22.327050558726 22.1593775749207 21.9917045911153 21.82403160731 21.6563586235047 21.6020865917205 21.8880174160003 22.1739482402801 22.4598790645599 22.7458098888396 23.0317407131195 23.3176715373992 23.603602361679 23.8580003261566 24.1018873373667 24.3457743485768 24.5896613597869 24.833548370997 25.0774353822072 25.3213223934173 25.3543712774914 24.7549057801566 24.1554402828217 23.555974785487
19.6159169250064 19.840084833569 20.0642527421315 20.288420650694 20.5125885592566 20.9339201291401 21.420972919464 21.9080257097879 22.3950785001118 22.8821312904356 23.3691840807596 23.8562368710835 24.1823873784807 24.0258310370975 23.8692746957143 23.7127183543311 23.5561620129479 23.3996056715647 23.2430493301815 23.0864929887983 22.8900508562724 22.6803134600322 22.4705760637919 22.2608386675517 22.0511012713115 21.8413638750712 21.631626478831 21.5479034900665 21.8422237237294 22.1365439573923 22.4308641910552 22.7251844247181 23.0195046583811 23.313824892044 23.6081451257069 23.8727592309316 24.1274712933434 24.3821833557552 24.6368954181671 24.8916074805789 25.1463195429907 25.4010316054026 25.4404923174118 24.8341989782123 24.2279056390127 23.6216122998133
19.7064146306779 19.9857407304975 20.2650668303171 20.5443929301367 20.8237190299563 21.2525159517923 21.7311364809671 22.2097570101419 22.6883775393167 23.1669980684915 23.6456185976663 24.1242391268411 24.4439829243554 24.2870965268877 24.13021012942 23.9733237319522 23.8164373344845 23.6595509370168 23.5026645395491 23.3457781420814 23.1177051862081 22.865903377533 22.6141015688578 22.3622997601827 22.1104979515076 21.8586961428325 21.6068943341574 21.4937203884124 21.7964300314585 22.0991396745046 22.4018493175506 22.7045589605966 23.0072686036427 23.3099782466888 23.6126878897348 23.8875181357065 24.1530552493201 24.4185923629336 24.6841294765472 24.9496665901607 25.2152037037743 25.4807408173878 25.5266133573321 24.913492176268 24.3003709952037 23.6872498141396
19.7969123363494 20.1313966274261 20.4658809185027 20.8003652095793 21.134849500656 21.5711117744444 22.0413000424701 22.5114883104959 22.9816765785216 23.4518648465473 23.9220531145731 24.3922413825988 24.7055784702301 24.5483620166778 24.3911455631256 24.2339291095734 24.0767126560211 23.9194962024689 23.7622797489166 23.6050632953644 23.3453595161438 23.0514932950338 22.7576270739238 22.4637608528138 22.1698946317038 21.8760284105937 21.5821621894837 21.4395372867584 21.7506363391875 22.0617353916168 22.372834444046 22.6839334964751 22.9950325489044 23.3061316013335 23.6172306537627 23.9022770404815 24.1786392052968 24.455001370112 24.7313635349273 25.0077256997426 25.2840878645578 25.5604500293731 25.6127343972525 24.9927853743237 24.3728363513947 23.7528873284659
19.8874100420209 20.2770525243547 20.6666950066883 21.056337489022 21.4459799713558 21.8897075970966 22.3514636039732 22.8132196108499 23.2749756177265 23.7367316246031 24.1984876314798 24.6602436383564 24.9671740161048 24.809627506468 24.6520809968312 24.4945344871945 24.3369879775577 24.1794414679209 24.0218949582842 23.8643484486474 23.5730138460795 23.2370832125346 22.9011525789897 22.5652219454448 22.2292913118999 21.8933606783549 21.55743004481 21.3853541851043 21.7048426469166 22.024331108729 22.3438195705413 22.6633080323536 22.982796494166 23.3022849559783 23.6217734177906 23.9170359452565 24.2042231612735 24.4914103772904 24.7785975933074 25.0657848093244 25.3529720253414 25.6401592413584 25.6988554371729 25.0720785723794 24.4453017075857 23.8185248427922
20.0693290286593 20.4964808570013 20.9236326853433 21.3507845136853 21.7779363420274 22.2043027242024 22.6304072909884 23.0565118577745 23.4826164245605 23.9087209913465 24.3348255581325 24.7609301249186 25.0460033204821 24.9079824023777 24.7699614842733 24.6319405661689 24.4939196480645 24.3558987299601 24.2178778118558 24.0798568937514 23.7673226038615 23.3966171900432 23.0259117762248 22.6552063624065 22.2845009485881 21.9137955347697 21.5430901209514 21.3461635854508 21.6705736849042 21.9949837843577 22.319393883811 22.6438039832644 22.9682140827178 23.2926241821712 23.6170342816246 23.8887039820353 24.1427935494317 24.396883116828 24.6509726842244 24.9050622516208 25.1591518190172 25.4132413864136 25.4576302475401 24.8729169898565 24.2882037321728 23.7034904744892
20.3426692962645 20.7896816253661 21.2366939544676 21.6837062835692 22.1307186126708 22.5148971557616 22.8781311035155 23.2413650512695 23.6045989990234 23.9678329467772 24.3310668945312 24.6943008422851 24.9420663833619 24.8434267044068 24.7447870254517 24.6461473464966 24.5475076675415 24.4488679885864 24.3502283096313 24.2515886306762 23.9282857894898 23.5300952275595 23.1319046656291 22.7337141036988 22.3355235417685 21.9373329798381 21.5391424179078 21.321965487798 21.6478294531503 21.9736934185028 22.2995573838551 22.6254213492075 22.9512853145599 23.2771492799122 23.6030132452646 23.8172811508179 23.9943503697713 24.1714195887248 24.3484888076782 24.5255580266317 24.7026272455852 24.8796964645386 24.8890588283541 24.395300626755 23.9015424251558 23.4077842235567
20.6160095638698 21.0828823937309 21.549755223592 22.0166280534531 22.4835008833142 22.8254915873209 23.1258549160427 23.4262182447645 23.7265815734863 24.026944902208 24.3273082309299 24.6276715596516 24.8381294462416 24.7788710064358 24.7196125666301 24.6603541268243 24.6010956870185 24.5418372472127 24.482578807407 24.4233203676012 24.089248975118 23.6635732650758 23.2378975550334 22.8122218449911 22.3865461349488 21.9608704249065 21.5351947148642 21.2977673901451 21.6250852213965 21.9524030526479 22.2797208838992 22.6070387151505 22.9343565464019 23.2616743776533 23.5889922089046 23.7458583196004 23.8459071901109 23.9459560606215 24.046004931132 24.1460538016426 24.2461026721531 24.3461515426636 24.320487409168 23.9176842636534 23.5148811181388 23.1120779726242
20.889349831475 21.3760831620957 21.8628164927164 22.349549823337 22.8362831539577 23.1360860188801 23.3735787285698 23.6110714382595 23.8485641479492 24.0860568576388 24.3235495673285 24.5610422770182 24.7341925091214 24.7143153084649 24.6944381078084 24.674560907152 24.6546837064955 24.634806505839 24.6149293051825 24.5950521045261 24.2502121607463 23.797051302592 23.3438904444377 22.8907295862834 22.4375687281292 21.9844078699748 21.5312470118206 21.2735692924923 21.6023409896426 21.931112686793 22.2598843839433 22.5886560810936 22.917427778244 23.2461994753943 23.5749711725446 23.674435488383 23.6974640104506 23.7204925325182 23.7435210545858 23.7665495766534 23.789578098721 23.8126066207886 23.7519159899819 23.4400679005518 23.1282198111217 22.8163717216917
21.1626900990802 21.6692839304605 22.1758777618407 22.6824715932209 23.1890654246011 23.4466804504394 23.6213025410969 23.7959246317545 23.9705467224121 24.1451688130696 24.3197909037272 24.4944129943847 24.6302555720012 24.649759610494 24.6692636489868 24.6887676874797 24.7082717259725 24.7277757644653 24.7472798029581 24.766783841451 24.4111753463746 23.9305293401083 23.449883333842 22.9692373275758 22.4885913213095 22.0079453150432 21.5272993087769 21.2493711948394 21.5795967578887 21.9098223209381 22.2400478839874 22.5702734470367 22.900499010086 23.2307245731353 23.5609501361846 23.6030126571656 23.5490208307902 23.4950290044149 23.4410371780396 23.3870453516643 23.333053525289 23.2790616989137 23.1833445707958 22.9624515374503 22.7415585041047 22.5206654707592
21.4360303666855 21.9624846988253 22.488939030965 23.0153933631048 23.5418476952446 23.7572748819986 23.8690263536241 23.9807778252495 24.092529296875 24.2042807685004 24.3160322401259 24.4277837117513 24.5263186348809 24.5852039125231 24.6440891901652 24.7029744678073 24.7618597454495 24.8207450230916 24.8796303007337 24.9385155783759 24.5721385320028 24.0640073776246 23.5558762232463 23.0477450688681 22.5396139144899 22.0314827601115 21.5233516057333 21.2251730971865 21.5568525261348 21.8885319550832 22.2202113840314 22.5518908129797 22.883570241928 23.2152496708763 23.5469290998246 23.5315898259481 23.4005776511299 23.2695654763116 23.1385533014934 23.0075411266752 22.8765289518569 22.7455167770387 22.6147731516097 22.4848351743487 22.3548971970877 22.2249592198267
21.8143431398602 22.3177059438492 22.8210687478382 23.3244315518272 23.8277943558162 23.9807783603668 24.0169694317712 24.0531605031755 24.0893515745799 24.1255426459842 24.1617337173886 24.197924788793 24.2423956182268 24.3117057217492 24.3810158252717 24.4503259287941 24.5196360323165 24.5889461358389 24.6582562393613 24.7275663428837 24.3982983748119 23.936171049542 23.4740437242721 23.0119163990022 22.5497890737323 22.0876617484623 21.6255344231924 21.3581602944267 21.6750457551743 21.991931215922 22.3088166766696 22.6257021374172 22.9425875981648 23.2594730589124 23.57635851966 23.5259451230367 23.3530987739563 23.1802524248759 23.0074060757955 22.8345597267151 22.6617133776347 22.4888670285543 22.340484046936 22.2654911677043 22.1904982884725 22.1155054092407
22.2976284186044 22.7349476655323 23.1722669124602 23.6095861593881 24.046905406316 24.1171908855438 24.0651317755381 24.0130726655324 23.9610135555268 23.9089544455211 23.8568953355154 23.8048362255097 23.7784865220388 23.8292650381725 23.8800435543061 23.9308220704397 23.9816005865734 24.032379102707 24.0831576188406 24.1339361349743 23.8896548748018 23.5470203558605 23.2043858369192 22.861751317978 22.5191167990367 22.1764822800954 21.8338477611542 21.6483327865599 21.9341764450072 22.2200201034545 22.5058637619018 22.791707420349 23.0775510787963 23.3633947372436 23.6492383956908 23.5860785484314 23.4065841992696 23.2270898501079 23.0475955009461 22.8681011517843 22.6886068026225 22.5091124534607 22.3604772567749 22.3044195175171 22.2483617782593 22.1923040390015
22.7809136973486 23.1521893872154 23.5234650770822 23.894740766949 24.2660164568159 24.2536034107208 24.1132941193051 23.9729848278894 23.8326755364736 23.6923662450579 23.5520569536422 23.4117476622264 23.3145774258508 23.3468243545957 23.3790712833405 23.4113182120854 23.4435651408302 23.4758120695751 23.5080589983199 23.5403059270648 23.3810113747916 23.157869662179 22.9347279495664 22.7115862369538 22.4884445243412 22.2653028117286 22.042161099116 21.9385052786932 22.1933071348401 22.4481089909871 22.702910847134 22.9577127032809 23.2125145594278 23.4673164155747 23.7221182717216 23.6462119738261 23.460069624583 23.2739272753398 23.0877849260966 22.9016425768535 22.7155002276103 22.5293578783671 22.3804704666138 22.3433478673299 22.3062252680461 22.2691026687622
23.2641989760927 23.5694311088985 23.8746632417042 24.1798953745099 24.4851275073157 24.3900159358978 24.1614564630721 23.9328969902463 23.7043375174205 23.4757780445947 23.2472185717689 23.0186590989432 22.8506683296628 22.8643836710189 22.8780990123749 22.891814353731 22.9055296950871 22.9192450364431 22.9329603777992 22.9466757191553 22.8723678747814 22.7687189684974 22.6650700622135 22.5614211559296 22.4577722496457 22.3541233433617 22.2504744370778 22.2286777708265 22.452437824673 22.6761978785196 22.8999579323662 23.1237179862128 23.3474780400594 23.5712380939059 23.7949981477525 23.7063453992208 23.5135550498963 23.3207647005717 23.1279743512472 22.9351840019226 22.7423936525981 22.5496033032735 22.4004636764526 22.3822762171427 22.3640887578328 22.3459012985229
23.7474842548369 23.9866728305816 24.2258614063262 24.4650499820708 24.7042385578155 24.5264284610749 24.2096188068391 23.8928091526032 23.5759994983674 23.2591898441316 22.9423801898957 22.6255705356599 22.3867592334748 22.3819429874421 22.3771267414094 22.3723104953767 22.367494249344 22.3626780033112 22.3578617572785 22.3530455112458 22.3637243747712 22.3795682748159 22.3954121748607 22.4112560749054 22.4270999749502 22.4429438749949 22.4587877750396 22.5188502629597 22.7115685145059 22.9042867660522 23.0970050175984 23.2897232691446 23.4824415206909 23.6751597722371 23.8678780237833 23.7664788246155 23.5670404752096 23.3676021258037 23.1681637763977 22.9687254269918 22.7692870775859 22.56984872818 22.4204568862915 22.4212045669556 22.4219522476196 22.4226999282837
24.2307695335811 24.4039145522647 24.5770595709482 24.7502045896317 24.9233496083153 24.6628409862519 24.257781150606 23.8527213149601 23.4476614793143 23.0426016436684 22.6375418080225 22.2324819723766 21.9228501372868 21.8995023038653 21.8761544704438 21.8528066370223 21.8294588036008 21.8061109701793 21.7827631367578 21.7594153033363 21.855080874761 21.9904175811344 22.1257542875078 22.2610909938812 22.3964277002546 22.531764406628 22.6671011130015 22.809022755093 22.9706992043388 23.1323756535847 23.2940521028306 23.4557285520765 23.6174050013224 23.7790814505683 23.9407578998141 23.8266122500102 23.6205259005229 23.4144395510356 23.2083532015483 23.002266852061 22.7961805025737 22.5900941530864 22.4404500961304 22.4601329167684 22.4798157374064 22.4994985580444
24.4406811025407 24.5335367891524 24.626392475764 24.7192481623756 24.8121038489872 24.527448129654 24.1169552750059 23.7064624203577 23.2959695657095 22.8854767110614 22.4749838564132 22.064491001765 21.7485168192122 21.7160986529456 21.6836804866791 21.6512623204125 21.618844154146 21.5864259878794 21.5540078216129 21.5215896553463 21.6397130330403 21.8080169253879 21.9763208177354 22.144624710083 22.3129286024305 22.4812324947781 22.6495363871257 22.8100042025248 22.9469637870789 23.0839233716329 23.2208829561869 23.357842540741 23.494802125295 23.631761709849 23.7687212944031 23.6678971926372 23.4878118620979 23.3077265315586 23.1276412010193 22.9475558704801 22.7674705399408 22.5873852094015 22.4622152911292 22.5017916096581 22.541367928187 22.580944246716
24.3772189617157 24.3755395412445 24.3738601207734 24.3721807003022 24.370501279831 24.1202498912813 23.7871411800386 23.4540324687959 23.1209237575532 22.7878150463105 22.4547063350678 22.1215976238251 21.8637592792511 21.8317320346832 21.7997047901153 21.7676775455475 21.7356503009796 21.7036230564117 21.6715958118439 21.639568567276 21.7176208496093 21.8323663075765 21.9471117655436 22.0618572235107 22.1766026814779 22.291348139445 22.4060935974121 22.5217946052551 22.6403622627259 22.7589299201966 22.8774975776673 22.996065235138 23.1146328926087 23.2332005500794 23.3517682075501 23.2903336524964 23.1688983599346 23.0474630673727 22.9260277748108 22.804592482249 22.6831571896871 22.5617218971253 22.485752471288 22.5461806456248 22.6066088199615 22.6670369942983
