data/working_set_collections/6091692-Cassins_Sparrow-MC/1980/bio8.asc
NCOLS 265 
NROWS 230 
XLLCORNER -115.5625 
YLLCORNER 24.8333333333333 
CELLSIZE 0.0833333333333333 
NODATA_value -9999 
[rows 0 to 19 of 230, columns 46 to 91 of 265]
8.0377638220792 5.09803031153215 2.15829680098461 -0.781436709562439 -3.72117022010949 -6.66090373065703 -7.64265106121694 -7.97173633178068 -8.30082160234448 -8.62990687290823 -8.95899214347197 -9.28807741403577 -9.61716268459952 -9.90875750382739 -10.0878809690475 -10.2670044342677 -10.4461278994878 -10.6252513647079 -10.8043748299281 -10.9834982951482 -11.1626217603683 -9.87127313514583 -8.0897671464421 -6.30826115773807 -4.52675516903434 -2.74524918033061 -0.963743191626573 0.817762797077157 2.38576874633605 3.31327457725988 4.24078040818355 5.16828623910722 6.09579207003104 7.02329790095471 7.95080373187838 8.87830956280221 9.47139591375979 9.95300910472859 10.4346222956975 10.9162354866663 11.3978486776351 11.879461868604 12.3610750595728 12.6468810240428 12.345265309016 12.0436495939891
8.08723183870366 5.14092495838868 2.1946180780732 -0.751688802241779 -3.69799568255676 -6.64430256287224 -7.61238054037089 -7.92104888359699 -8.22971722682314 -8.53838557004924 -8.84705391327534 -9.15572225650149 -9.46439059972759 -9.7411885499954 -9.92237532138824 -10.103562092781 -10.2847488641739 -10.4659356355667 -10.6471224069595 -10.8283091783523 -11.0094959497452 -9.69990451037916 -7.89338700075987 -6.08686949114027 -4.28035198152098 -2.47383447190169 -0.667316962282094 1.1392005473372 2.71513441900389 3.59931737681217 4.4835003346203 5.36768329242843 6.25186625023672 7.13604920804485 8.02023216585298 8.90441512366126 9.46899769306175 9.92704679965963 10.3850959062576 10.8431450128555 11.3011941194533 11.7592432260513 12.2172923326492 12.4899168809256 12.2062677542369 11.9226186275483
8.1366998553281 5.1838196052452 2.23093935516179 -0.721940894921121 -3.67482114500403 -6.62770139508744 -7.58211001952485 -7.8703614354133 -8.15861285130181 -8.44686426719026 -8.73511568307872 -9.02336709896722 -9.31161851485568 -9.57361959616341 -9.75686967372894 -9.94011975129445 -10.1233698288599 -10.3066199064255 -10.489869983991 -10.6731200615565 -10.856370139122 -9.52853588561251 -7.69700685507766 -5.8654778245425 -4.03394879400765 -2.2024197634728 -0.370890732937639 1.46063829759721 3.04450009167171 3.88536017636444 4.72622026105704 5.56708034574964 6.40794043044238 7.24880051513497 8.08966059982757 8.9305206845203 9.46659947236371 9.90108449459067 10.3355695168177 10.7700545390446 11.2045395612716 11.6390245834986 12.0735096057256 12.3329527378083 12.0672701994579 11.8015876611074
8.18616787195256 5.22671425210172 2.26726063225038 -0.692192987600461 -3.6516466074513 -6.61110022730264 -7.5518394986788 -7.81967398722961 -8.08750847578047 -8.35534296433127 -8.62317745288208 -8.89101194143294 -9.15884642998375 -9.40605064233142 -9.59136402606964 -9.77667740980783 -9.96199079354602 -10.1473041772842 -10.3326175610224 -10.5179309447606 -10.7032443284988 -9.35716726084584 -7.50062670939543 -5.6440861579447 -3.7875456064943 -1.93100505504389 -0.0744645035931598 1.78207604785725 3.37386576433955 4.17140297591674 4.9689401874938 5.76647739907085 6.56401461064805 7.3615518222251 8.15908903380216 8.95662624537936 9.46420125166568 9.8751221895217 10.2860431273778 10.6969640652338 11.1078850030898 11.5188059409459 11.9297268788019 12.175988594691 11.9282726446788 11.6805566946666
8.23563588857701 5.26960889895824 2.30358190933897 -0.662445080279801 -3.62847206989857 -6.59449905951784 -7.52156897783275 -7.76898653904592 -8.01640410025912 -8.26382166147229 -8.51123922268545 -8.75865678389865 -9.00607434511182 -9.23848168849942 -9.42585837841033 -9.61323506832121 -9.80061175823209 -9.987988448143 -10.1753651380539 -10.3627418279648 -10.5501185178757 -9.18579863607917 -7.3042465637132 -5.42269449134691 -3.54114241898094 -1.65959034661497 0.22196172575132 2.10351379811729 3.70323143700739 4.45744577546903 5.21166011393055 5.96587445239207 6.72008879085372 7.47430312931524 8.22851746777676 8.9827318062384 9.46180303096765 9.84915988445273 10.2365167379379 10.623873591423 11.0112304449081 11.3985872983932 11.7859441518783 12.0190244515738 11.7892750898997 11.5595257282258
8.28510390520146 5.31250354581476 2.33990318642755 -0.632697172959144 -3.60529753234584 -6.57789789173305 -7.49129845698671 -7.71829909086223 -7.94529972473779 -8.17230035861331 -8.39930099248883 -8.62630162636438 -8.8533022602399 -9.07091273466744 -9.26035273075104 -9.4497927268346 -9.63923272291817 -9.82867271900177 -10.0181127150853 -10.2075527111689 -10.3969927072525 -9.01443001131252 -7.10786641803099 -5.20130282474914 -3.29473923146761 -1.38817563818608 0.518387955095774 2.4249515483773 4.0325971096752 4.7434885750213 5.45438004036729 6.16527150571327 6.87616297105938 7.58705443640536 8.29794590175135 9.00883736709745 9.45940481026961 9.82319757938377 10.186990348498 10.5507831176122 10.9145758867263 11.2783686558405 11.6421614249547 11.8620603084565 11.6502775351207 11.4384947617849
8.36525719563215 5.45157373348935 2.53789027134606 -0.375793190796729 -3.28947665293952 -6.20316011508281 -7.09484034379328 -7.31251949469252 -7.5301986455918 -7.74787779649104 -7.96555694739027 -8.18323609828955 -8.40091524918879 -8.60025610559522 -8.74458207852319 -8.88890805145113 -9.03323402437907 -9.17755999730704 -9.32188597023499 -9.46621194316293 -9.6105379160909 -8.32246877352441 -6.55693459245944 -4.79140041139418 -3.02586623032921 -1.26033204926425 0.505202131801018 2.27073631286598 3.7686107532845 4.46350597176289 5.15840119024115 5.85329640871942 6.54819162719781 7.24308684567608 7.93798206415434 8.63287728263273 9.10439862012865 9.50146199729705 9.89852537446553 10.2955887516339 10.6926521288024 11.0897155059708 11.4867788831392 11.7333710432053 11.5285495519638 11.3237280607224
8.47609575986909 5.68681946198207 2.89754316409458 0.108266866207557 -2.68100943167946 -5.47028572956696 -6.33219463825229 -6.55164775053662 -6.77110086282098 -6.99055397510531 -7.21000708738964 -7.42946019967401 -7.64891331195834 -7.82651180128262 -7.87854642172661 -7.9305810421706 -7.98261566261458 -8.03465028305858 -8.08668490350256 -8.13871952394654 -8.19075414439054 -7.10991492271459 -5.6514510869984 -4.19298725128196 -2.73452341556576 -1.27605957984957 0.182404255866866 1.64086809158306 2.91127236783496 3.61749796569347 4.32372356355185 5.02994916141024 5.73617475926875 6.44240035712714 7.14862595498553 7.85485155284403 8.39678446054456 8.88395313819244 9.37112181584039 9.85829049348827 10.3454591711361 10.8326278487841 11.319796526432 11.6329566558203 11.4240911404292 11.2152256250382
8.58693432410602 5.92206519047477 3.25719605684306 0.592326923211801 -2.07254221041945 -4.73741134405116 -5.56954893271135 -5.79077600638078 -6.01200308005023 -6.23323015371965 -6.45445722738907 -6.67568430105853 -6.89691137472795 -7.05276749697008 -7.01251076493011 -6.97225403289015 -6.93199730085018 -6.89174056881021 -6.85148383677024 -6.81122710473027 -6.7709703726903 -5.89736107190487 -4.74596758153743 -3.59457409116979 -2.44318060080234 -1.2917871104349 -0.140393620067258 1.01099987030019 2.05393398238549 2.77148995962412 3.48904593686262 4.20660191410113 4.92415789133976 5.64171386857827 6.35926984581677 7.0768258230554 7.68917030096054 8.26644427908787 8.8437182572153 9.42099223534262 9.99826621346995 10.5755401915974 11.1528141697247 11.5325422684352 11.3196327288946 11.106723189354
8.69777288834296 6.15731091896748 3.61684894959157 1.07638698021609 -1.46407498915939 -4.00453695853531 -4.80690322717036 -5.02990426222487 -5.25290529727942 -5.47590633233393 -5.69890736738844 -5.92190840244299 -6.1449094374975 -6.27902319265748 -6.14647510813354 -6.01392702360961 -5.88137893908569 -5.74883085456174 -5.61628277003781 -5.48373468551389 -5.35118660098994 -4.68480722109505 -3.84048407607638 -2.99616093105756 -2.15183778603889 -1.30751464102022 -0.463191496001409 0.381131649017262 1.19659559693595 1.9254819535547 2.65436831017332 3.38325466679195 4.1121410234107 4.84102738002933 5.56991373664795 6.2988000932667 6.98155614137646 7.64893541998325 8.31631469859016 8.98369397719695 9.65107325580374 10.3184525344106 10.9858318130174 11.4321278810502 11.21517431736 10.9982207536698
8.8086114525799 6.3925566474602 3.97650184234008 1.56044703722037 -0.855607767899333 -3.27166257301945 -4.04425752162936 -4.26903251806896 -4.4938075145086 -4.71858251094821 -4.94335750738781 -5.16813250382745 -5.39290750026705 -5.50527888834488 -5.28043945133696 -5.05560001432908 -4.83076057732119 -4.60592114031327 -4.38108170330539 -4.1562422662975 -3.93140282928958 -3.47225337028523 -2.93500057061533 -2.39774777094534 -1.86049497127545 -1.32324217160555 -0.78598937193556 -0.248736572265663 0.339257211486403 1.07947394748528 1.81969068348402 2.55990741948277 3.30012415548164 4.04034089148039 4.78055762747913 5.52077436347801 6.27394198179238 7.03142656087863 7.78891113996502 8.54639571905127 9.30388029813752 10.0613648772239 10.8188494563102 11.3317134936651 11.1107159058253 10.8897183179856
8.91945001681683 6.62780237595289 4.33615473508856 2.04450709422462 -0.247140546639325 -2.53878818750366 -3.28161181608843 -3.50816077391312 -3.73470973173785 -3.96125868956255 -4.18780764738724 -4.41435660521198 -4.64090556303667 -4.73153458403235 -4.41440379454046 -4.09727300504862 -3.78014221555679 -3.4630114260649 -3.14588063657307 -2.82874984708123 -2.51161905758935 -2.25969951947551 -2.02951706515436 -1.79933461083317 -1.56915215651202 -1.33896970219087 -1.10878724786968 -0.878604793548534 -0.518081173963066 0.233465941415928 0.985013056794793 1.73656017217366 2.48810728755265 3.23965440293152 3.99120151831038 4.74274863368938 5.56632782220836 6.41391770177407 7.26150758133992 8.10909746090563 8.95668734047134 9.80427722003719 10.6518670996029 11.2312991062801 11.0062574942907 10.7812158823014
8.12183394283111 6.05722476293706 3.99261558304266 1.92800640314861 -0.136602776745441 -2.20121195663984 -2.88791437745091 -3.115314545234 -3.34271471301712 -3.57011488080021 -3.7975150485833 -4.02491521636643 -4.25231538414952 -4.32242315510918 -3.92065373559799 -3.51888431608686 -3.11711489657573 -2.71534547706454 -2.31357605755341 -1.91180663804228 -1.51003721853108 -1.36264623304216 -1.30004805889402 -1.23744988474588 -1.17485171059774 -1.11225353644961 -1.04965536230146 -0.987057188153324 -0.761900725629799 -0.0490693979794252 0.663761929670826 1.37659325732108 2.08942458497145 2.8022559126217 3.51508724027195 4.22791856792233 5.02880891362816 5.85905226535254 6.68929561707706 7.51953896880144 8.34978232052582 9.18002567225034 10.0102690239747 10.5811723589899 10.3740556438765 10.1669389287632
6.41576323062226 4.68082380841227 2.94588438620199 1.210944963992 -0.523994458217987 -2.25893388042827 -2.86316520571705 -3.09049383203184 -3.31782245834666 -3.54515108466145 -3.77247971097623 -3.99980833729106 -4.22713696360584 -4.27794460157565 -3.79918927450981 -3.32043394744406 -2.84167862037831 -2.36292329331248 -1.88416796624672 -1.40541263918097 -0.926657312115138 -0.78109351098543 -0.746593551834479 -0.712093592683523 -0.677593633532572 -0.643093674381622 -0.608593715230665 -0.574093756079715 -0.392201443513408 0.231867929299578 0.855937302112457 1.48000667492534 2.10407604773832 2.7281454205512 3.35221479336408 3.97628416617706 4.66138525605193 5.36683025161413 6.07227524717646 6.77772024273867 7.48316523830087 8.1886102338632 8.8940552294254 9.38133325179432 9.21411035458259 9.04688745737088
4.70969251841355 3.3044228538876 1.8991531893614 0.493883524835452 -0.911386139690501 -2.31665580421669 -2.8384160339832 -3.06567311882968 -3.2929302036762 -3.52018728852268 -3.74744437336917 -3.97470145821569 -4.20195854306218 -4.23346604804211 -3.67772481342165 -3.12198357880128 -2.56624234418091 -2.01050110956044 -1.45475987494007 -0.899018640319705 -0.34327740569924 -0.199540788928751 -0.193139044774983 -0.186737300621214 -0.180335556467446 -0.173933812313678 -0.167532068159909 -0.16113032400614 -0.0225021613970486 0.512805256578557 1.04811267455407 1.58342009252958 2.11872751050519 2.6540349284807 3.18934234645622 3.72464976443182 4.29396159847573 4.87460823787577 5.45525487727591 6.03590151667596 6.616548156076 7.19719479547614 7.77784143487618 8.18149414459884 8.05416506528872 7.92683598597863
3.0036218062047 1.92802189936281 0.852421992520733 -0.223177914321157 -1.29877782116305 -2.37437772800512 -2.81366686224934 -3.04085240562752 -3.26803794900574 -3.49522349238392 -3.7224090357621 -3.94959457914032 -4.1767801225185 -4.18898749450857 -3.55626035233347 -2.92353321015848 -2.29080606798348 -1.65807892580838 -1.02535178363339 -0.392624641458395 0.240102500716707 0.382011933127977 0.36031546228456 0.33861899144114 0.316922520597723 0.295226049754306 0.273529578910886 0.251833108067469 0.347197120719342 0.79374258385756 1.2402880469957 1.68683351013384 2.13337897327206 2.5799244364102 3.02646989954834 3.47301536268656 3.9265379408995 4.38238622413737 4.83823450737531 5.29408279061318 5.74993107385105 6.205779357089 6.66162764032687 6.98165503740326 6.89421977599476 6.80678451458627
1.29755109399584 0.551620944838016 -0.194309204319939 -0.940239353477766 -1.68616950263559 -2.43209965179355 -2.78891769051548 -3.01603169242536 -3.24314569433528 -3.47025969624516 -3.69737369815504 -3.92448770006495 -4.15160170197483 -4.14450894097504 -3.4347958912453 -2.72508284151568 -2.01536979178606 -1.30565674205632 -0.595943692326703 0.113769357402915 0.823482407132654 0.963564655184704 0.913769969344103 0.863975283503493 0.814180597662892 0.76438591182229 0.71459122598168 0.664796540141079 0.716896402835733 1.07467991113656 1.43246341943733 1.7902469277381 2.14803043603893 2.5058139443397 2.86359745264047 3.2213809609413 3.55911428332326 3.89016421039896 4.22121413747471 4.55226406455041 4.8833139916261 5.21436391870185 5.54541384577755 5.78181593020768 5.7342744867008 5.68673304319392
-0.408519618212863 -0.824780009686657 -1.24104040116052 -1.65730079263431 -2.07356118410811 -2.48982157558197 -2.76416851878163 -2.9912109792232 -3.21825343966482 -3.44529590010639 -3.67233836054797 -3.89938082098959 -4.12642328143116 -4.1000303874415 -3.31333143015713 -2.5266324728729 -1.73993351558866 -0.95323455830429 -0.166535601020054 0.620163356264181 1.40686231354855 1.54511737724138 1.4672244764036 1.3893315755658 1.31143867472802 1.23354577389023 1.15565287305244 1.07775997221465 1.08659568495209 1.35561723841554 1.62463879187895 1.89366034534235 2.1626818988058 2.4317034522692 2.7007250057326 2.96974655919605 3.19169062574706 3.39794219666059 3.60419376757416 3.8104453384877 4.01669690940123 4.2229484803148 4.42920005122833 4.58197682301221 4.57432919740693 4.56668157180166
-0.878060962259805 -1.18233653257291 -1.48661210288607 -1.79088767319918 -2.09516324351228 -2.39943881382544 -2.58480000595253 -2.73052307201759 -2.87624613808267 -3.02196920414773 -3.16769227021278 -3.31341533627786 -3.45913840234292 -3.38134359584947 -2.63299517167962 -1.88464674750989 -1.13629832334016 -0.387949899170307 0.36039852499942 1.10874694916915 1.857095373339 1.9822708715995 1.89972206122344 1.81717325084736 1.73462444047131 1.65207563009525 1.56952681971917 1.48697800934312 1.50542526079536 1.82686069773292 2.14829613467042 2.46973157160793 2.79116700854549 3.11260244548299 3.43403788242049 3.75547331935805 3.93906195362385 4.07670165366573 4.21434135370762 4.35198105374949 4.48962075379136 4.62726045383325 4.76490015387512 4.87082252899785 4.88159292936305 4.89236332972824
-0.111072938144202 -0.521048623820109 -0.931024309496086 -1.34099999517199 -1.7509756808479 -2.16095136652388 -2.25081215202812 -2.23396797080839 -2.21712378958867 -2.20027960836895 -2.18343542714922 -2.1665912459295 -2.14974706470978 -1.9884485661986 -1.39378711581247 -0.799125665426448 -0.204464215040422 0.390197235345707 0.984858685731733 1.57952013611776 2.17418158650389 2.27502513825892 2.21126272380351 2.14750030934809 2.08373789489267 2.01997548043726 1.95621306598184 1.89245065152643 1.97338513036553 2.48841028908877 3.00343544781192 3.51846060653507 4.03348576525831 4.54851092398146 5.06353608270461 5.57856124142784 5.80122826695424 5.92644258141499 6.05165689587576 6.17687121033651 6.30208552479726 6.42729983925803 6.55251415371877 6.64835304816549 6.65606568256999 6.66377831697449
