data/working_set_collections/6091692-Cassins_Sparrow-MC/1980/bio9.asc
NCOLS 265 
NROWS 230 
XLLCORNER -115.5625 
YLLCORNER 24.8333333333333 
CELLSIZE 0.0833333333333333 
NODATA_value -9999 
[rows 80 to 99 of 230, columns 184 to 229 of 265]
2.6529722591241 2.61100358764329 2.56903491616248 2.52144600053627 2.47198367019493 2.42252133985359 2.37305900951225 2.32359667917091 2.27413434882958 2.22467201848823 2.17794012029964 2.1393995185693 2.10085891683895 2.0623183151086 2.02377771337826 1.98523711164791 1.94669650991756 1.90815590818722 1.89043526152768 1.87965459989175 1.86887393825582 1.85809327661989 1.84731261498396 1.83653195334803 1.8257512917121 1.81490911046662 1.80388237039246 1.7928556303183 1.78182889024415 1.77080215016999 1.75977541009583 1.74874867002167 1.73772192994752 1.71012410819529 1.67700259255037 1.64388107690545 1.61075956126053 1.57763804561561 1.54451652997069 1.51139501432576 1.48249450226623 1.46625700096288 1.45001949965952 1.43378199835617 1.41754449705281 1.40130699574946
2.81884478131929 2.78155049681662 2.74425621231396 2.69707007507482 2.64658665359019 2.59610323210557 2.54561981062093 2.49513638913631 2.44465296765168 2.39416954616705 2.34665993253389 2.30807174245516 2.26948355237642 2.23089536229768 2.19230717221895 2.15371898214021 2.11513079206148 2.07654260198274 2.05862619181472 2.04760037495029 2.03657455808585 2.02554874122141 2.01452292435697 2.00349710749254 1.9924712906281 1.98080847064652 1.96723464131354 1.95366081198055 1.94008698264756 1.92651315331458 1.91293932398159 1.8993654946486 1.88579166531561 1.85644487440585 1.82184042963716 1.78723598486847 1.75263154009977 1.71802709533108 1.68342265056239 1.64881820579369 1.61878452996412 1.60246316095192 1.58614179193972 1.56982042292753 1.55349905391533 1.53717768490313
2.98471730351446 2.95209740598994 2.91947750846543 2.87269414961336 2.82118963698544 2.76968512435753 2.7181806117296 2.66667609910168 2.61517158647377 2.56366707384584 2.51537974476812 2.476743966341 2.43810818791387 2.39947240948675 2.36083663105963 2.3222008526325 2.28356507420538 2.24492929577826 2.22681712210176 2.21554615000881 2.20427517791587 2.19300420582292 2.18173323372997 2.17046226163703 2.15919128954408 2.14670783082642 2.1305869122346 2.11446599364278 2.09834507505097 2.08222415645915 2.06610323786733 2.04998231927552 2.0338614006837 2.0027656406164 1.96667826672393 1.93059089283147 1.894503518939 1.85841614504654 1.82232877115407 1.7862413972616 1.75507455766199 1.73866932094095 1.72226408421991 1.70585884749887 1.68945361077784 1.6730483740568
3.15058982570964 3.12264431516328 3.09469880461691 3.04831822415191 2.99579262038071 2.9432670166095 2.89074141283828 2.83821580906708 2.78569020529587 2.73316460152466 2.68409955700237 2.64541619022686 2.60673282345134 2.56804945667583 2.52936608990032 2.4906827231248 2.45199935634929 2.41331598957378 2.3950080523888 2.38349192506735 2.3719757977459 2.36045967042444 2.34894354310299 2.33742741578153 2.32591128846007 2.31260719100632 2.29393918315568 2.27527117530503 2.25660316745438 2.23793515960374 2.21926715175309 2.20059914390244 2.1819311360518 2.14908640682696 2.11151610381072 2.07394580079449 2.03637549777824 1.99880519476201 1.96123489174577 1.92366458872953 1.89136458535988 1.87487548093 1.85838637650011 1.84189727207023 1.82540816764035 1.80891906321047
3.25109743475914 3.22533596555392 3.1995744963487 3.15594655871392 3.10636313160261 3.05677970449131 3.00719627737999 2.95761285026869 2.90802942315738 2.85844599604607 2.81221835149659 2.77605805463261 2.73989775776863 2.70373746090465 2.66757716404067 2.63141686717668 2.59525657031271 2.55909627344873 2.53984905878702 2.52623953819274 2.51263001759846 2.49902049700418 2.4854109764099 2.47180145581563 2.45819193522135 2.44335524770948 2.42483705944485 2.40631887118021 2.38780068291557 2.36928249465094 2.3507643063863 2.33224611812167 2.31372792985703 2.28219459454218 2.24632287687725 2.21045115921232 2.17457944154738 2.13870772388246 2.10283600621753 2.06696428855259 2.10554400119507 2.36747800476004 2.62941200832505 2.89134601189002 3.15328001545499 3.41521401902
3.28624013066292 3.26017235716184 3.23410458366076 3.19557915329933 3.15290117065112 3.11022318800291 3.06754520535469 3.02486722270648 2.98218924005826 2.93951125741004 2.89973612825075 2.86866955955823 2.8376029908657 2.80653642217317 2.77546985348065 2.74440328478812 2.71333671609559 2.68227014740307 2.66134014129637 2.64378898938495 2.62623783747354 2.60868668556212 2.5911355336507 2.57358438173929 2.55603322982787 2.53895200093586 2.52328054110208 2.5076090812683 2.49193762143452 2.47626616160073 2.46059470176695 2.44492324193317 2.42925178209939 2.40209020376204 2.3710985859235 2.34010696808496 2.30911535024641 2.27812373240787 2.24713211456933 2.21614049673078 2.3976128051676 3.2164768924312 4.03534097969494 4.85420506695854 5.67306915422214 6.49193324148589
3.3213828265667 3.29500874876976 3.26863467097283 3.23521174788475 3.19943920969963 3.16366667151451 3.12789413332939 3.09212159514427 3.05634905695915 3.02057651877403 2.98725390500492 2.96128106448385 2.93530822396277 2.9093353834417 2.88336254292063 2.85738970239956 2.83141686187849 2.80544402135742 2.78283122380573 2.76133844057718 2.73984565734862 2.71835287412006 2.69686009089151 2.67536730766296 2.6538745244344 2.63454875416225 2.62172402275932 2.60889929135639 2.59607455995347 2.58324982855054 2.57042509714761 2.55760036574468 2.54477563434176 2.52198581298191 2.49587429496976 2.46976277695761 2.44365125894545 2.4175397409333 2.39142822292115 2.36531670490899 2.68968160914015 4.06547578010243 5.44126995106495 6.81706412202723 8.19285829298951 9.56865246395203
3.35652552247047 3.32984514037768 3.30316475828489 3.27484434247017 3.24597724874814 3.21711015502612 3.18824306130409 3.15937596758207 3.13050887386004 3.10164178013801 3.07477168175909 3.05389256940947 3.03301345705985 3.01213434471024 2.99125523236062 2.970376120011 2.94949700766139 2.92861789531177 2.9043223063151 2.8788878917694 2.85345347722371 2.82801906267801 2.80258464813232 2.77715023358662 2.75171581904093 2.73014550738864 2.72016750441656 2.71018950144449 2.70021149847242 2.69023349550034 2.68025549252827 2.6702774895562 2.66029948658412 2.64188142220178 2.62065000401602 2.59941858583026 2.57818716764449 2.55695574945873 2.53572433127296 2.5144929130872 2.9817504131127 4.91447466777366 6.84719892243495 8.77992317709591 10.7126474317569 12.6453716864182
3.39166821837425 3.3646815319856 3.33769484559695 3.31447693705559 3.29251528779665 3.27055363853772 3.24859198927879 3.22663034001986 3.20466869076092 3.18270704150199 3.16228945851325 3.14650407433509 3.13071869015692 3.11493330597876 3.0991479218006 3.08336253762243 3.06757715344427 3.05179176926611 3.02581338882445 2.99643734296162 2.96706129709878 2.93768525123595 2.90830920537312 2.87893315951029 2.84955711364745 2.82574226061502 2.8186109860738 2.81147971153258 2.80434843699136 2.79721716245014 2.79008588790892 2.7829546133677 2.77582333882648 2.76177703142164 2.74542571306227 2.72907439470289 2.71272307634352 2.69637175798414 2.68002043962477 2.66366912126539 3.27381921708522 5.76347355544482 8.25312789380484 10.7427822321644 13.232436570524 15.7220909088841
3.42681091427803 3.39951792359352 3.37222493290901 3.354109531641 3.33905332684517 3.32399712204933 3.30894091725349 3.29388471245765 3.27882850766181 3.26377230286597 3.24980723526742 3.23911557926071 3.228423923254 3.21773226724729 3.20704061124059 3.19634895523388 3.18565729922717 3.17496564322046 3.14730447133381 3.11398679415384 3.08066911697387 3.04735143979389 3.01403376261392 2.98071608543396 2.94739840825398 2.9213390138414 2.91705446773104 2.91276992162067 2.90848537551031 2.90420082939994 2.89991628328958 2.89563173717921 2.89134719106885 2.88167264064152 2.87020142210853 2.85873020357554 2.84725898504256 2.83578776650957 2.82431654797658 2.81284532944359 3.56588802105777 6.61247244311605 9.65905686517485 12.7056412872331 15.7522257092914 18.7988101313502
3.48896047274271 3.45992718802558 3.43089390330844 3.413410059611 3.39977602958679 3.38614199956258 3.37250796953837 3.35887393951416 3.34523990948995 3.33160587946574 3.31911979781256 3.31007756127251 3.30103532473246 3.29199308819241 3.28295085165235 3.2739086151123 3.26486637857225 3.2558241420322 3.23118818004926 3.20135430958536 3.17152043912146 3.14168656865755 3.11185269819365 3.08201882772975 3.05218495726585 3.02887992925113 3.02516142858398 3.02144292791683 3.01772442724968 3.01400592658254 3.01028742591539 3.00656892524824 3.00285042458109 3.19952860077212 3.46300566924925 3.72648273772638 3.98995980620355 4.25343687468068 4.51691394315781 4.78039101163499 5.74000220033742 8.78801574971814 11.8360292990994 14.8840428484801 17.9320563978608 20.9800699472421
3.5781168937683 3.54590932528177 3.51370175679524 3.49237852096557 3.47468339602152 3.45698827107747 3.43929314613341 3.42159802118937 3.40390289624532 3.38620777130126 3.37022714614868 3.35939002037048 3.34855289459228 3.33771576881408 3.32687864303588 3.31604151725768 3.30520439147949 3.29436726570129 3.27746451497078 3.25853988925615 3.23961526354153 3.22069063782691 3.20176601211229 3.18284138639767 3.16391676068304 3.14836500684418 3.14293186863262 3.13749873042105 3.13206559220948 3.12663245399791 3.12119931578634 3.11576617757478 3.11033303936321 3.71534491181351 4.52383845448457 5.33233199715564 6.14082553982684 6.94931908249791 7.75781262516897 8.56630616784017 9.79616175492479 12.2901034752515 14.7840451955786 17.2779869159053 19.771928636232 22.2658703565591
3.6672733147939 3.63189146253797 3.59650961028205 3.57134698232014 3.54959076245625 3.52783454259236 3.50607832272847 3.48432210286458 3.46256588300069 3.4408096631368 3.42133449448479 3.40870247946845 3.3960704644521 3.38343844943576 3.37080643441942 3.35817441940307 3.34554240438673 3.33291038937039 3.32374084989229 3.31572546892695 3.30771008796161 3.29969470699627 3.29167932603093 3.28366394506559 3.27564856410025 3.26785008443725 3.26070230868126 3.25355453292527 3.24640675716928 3.2392589814133 3.23211120565731 3.22496342990132 3.21781565414533 4.23116122285495 5.58467123971999 6.93818125658504 8.29169127345031 9.64520129031536 10.9987113071804 12.3522213240457 13.8523213095125 15.7921912007851 17.7320610920581 19.6719309833307 21.6118008746033 23.5516707658763
3.7564297358195 3.71787359979418 3.67931746376885 3.65031544367472 3.62449812889099 3.59868081410726 3.57286349932352 3.54704618453979 3.52122886975606 3.49541155497233 3.47244184282091 3.45801493856642 3.44358803431193 3.42916113005744 3.41473422580295 3.40030732154846 3.38588041729397 3.37145351303948 3.37001718481381 3.37291104859775 3.37580491238169 3.37869877616563 3.38159263994958 3.38448650373352 3.38738036751746 3.38733516203032 3.37847274872991 3.3696103354295 3.36074792212909 3.35188550882868 3.34302309552827 3.33416068222787 3.32529826892746 4.74697753389638 6.64550402495541 8.54403051601444 10.4425570070738 12.3410834981328 14.2396099891918 16.1381364802512 17.9084808641002 19.2942789263188 20.6800769885375 22.0658750507561 23.4516731129746 24.8374711751934
3.84558615684508 3.80385573705037 3.76212531725565 3.72928390502929 3.69940549532572 3.66952708562215 3.63964867591857 3.609770266215 3.57989185651143 3.55001344680786 3.52354919115702 3.50732739766438 3.49110560417175 3.47488381067911 3.45866201718648 3.44244022369384 3.42621843020121 3.40999663670858 3.41629351973533 3.43009662826855 3.44389973680177 3.45770284533499 3.47150595386821 3.48530906240143 3.49911217093466 3.50682023962337 3.49624318877854 3.48566613793371 3.47508908708889 3.46451203624406 3.45393498539923 3.4433579345544 3.43278088370958 5.26279384493777 7.70633681019074 10.1498797754437 12.5934227406971 15.03696570595 17.480508671203 19.9240516364564 21.9646404186876 22.7963666518521 23.6280928850168 24.4598191181813 25.2915453513458 26.1232715845104
3.93474257787068 3.88983787430657 3.84493317074246 3.80825236638386 3.77431286176045 3.74037335713704 3.70643385251363 3.67249434789022 3.63855484326681 3.60461533864339 3.57465653949313 3.55663985676235 3.53862317403157 3.52060649130079 3.50258980857001 3.48457312583923 3.46655644310845 3.44853976037767 3.46256985465684 3.48728220793935 3.51199456122185 3.53670691450435 3.56141926778686 3.58613162106936 3.61084397435186 3.62630531721644 3.61401362882719 3.60172194043794 3.58943025204869 3.57713856365944 3.56484687527019 3.55255518688095 3.5402634984917 5.77861015597921 8.76716959542615 11.7557290348731 14.7442884743206 17.7328479137675 20.7214073532144 23.7099667926619 26.0207999732753 26.2984543773857 26.5761087814962 26.8537631856067 27.1314175897171 27.4090719938276
4.01667528748512 3.97356687982877 3.93045847217242 3.89342959721883 3.85842723316616 3.8234248691135 3.78842250506083 3.75342014100816 3.7184177769555 3.68341541290283 3.65193358858426 3.63101338346799 3.61009317835171 3.58917297323544 3.56825276811917 3.5473325630029 3.52641235788663 3.50549215277036 3.52082404891649 3.54823997881676 3.57565590871704 3.60307183861731 3.63048776851759 3.65790369841786 3.68531962831814 3.76898933913965 4.02142039272505 4.2738514463105 4.5262824998959 4.7787135534813 5.03114460706674 5.28357566065215 5.53600671423755 7.84356340368497 10.8361619717535 13.828760539822 16.821359107891 19.8139576759595 22.806556244028 25.799154812097 28.0441069920858 28.0461200078328 28.0481330235799 28.050146039327 28.0521590550741 28.0541720708211
4.09138428568839 4.05504275361696 4.01870122154553 3.98481559753417 3.95174860954284 3.91868162155151 3.88561463356017 3.85254764556884 3.81948065757751 3.78641366958617 3.75538033843039 3.73044797778129 3.70551561713217 3.68058325648307 3.65565089583396 3.63071853518485 3.60578617453574 3.58085381388664 3.59105610251425 3.61296994090079 3.63488377928732 3.65679761767386 3.6787114560604 3.70062529444693 3.72253913283347 3.93487230539301 4.71846348047222 5.50205465555157 6.28564583063078 7.06923700570999 7.85282818078933 8.63641935586854 9.42001053094775 11.4576535880555 13.9133139391729 16.3689742902903 18.8246346414082 21.2802949925256 23.735955343643 26.1916156947608 28.034561475118 28.0393635431925 28.0441656112671 28.0489676793416 28.0537697474162 28.0585718154907
4.16609328389167 4.13651862740516 4.10694397091865 4.07620159784952 4.04506998591952 4.01393837398952 3.98280676205952 3.95167515012952 3.92054353819952 3.88941192626952 3.85882708827654 3.82988257209459 3.80093805591264 3.7719935397307 3.74304902354876 3.71410450736681 3.68515999118487 3.65621547500292 3.66128815611202 3.67769990298482 3.69411164985761 3.71052339673041 3.72693514360321 3.743346890476 3.7597586373488 4.10075527164639 5.41550656821945 6.73025786479274 8.04500916136581 9.35976045793887 10.6745117545122 11.9892630510852 13.3040143476583 15.0717437724264 16.9904659065927 18.9091880407589 20.8279101749255 22.7466323090918 24.665354443258 26.5840765774246 28.0250159581502 28.0326070785522 28.0401981989543 28.0477893193563 28.0553804397583 28.0629715601603
4.24080228209495 4.21799450119336 4.19518672029177 4.16758759816487 4.13839136229621 4.10919512642754 4.07999889055887 4.05080265469021 4.02160641882154 3.99241018295287 3.96227383812268 3.9293171664079 3.89636049469312 3.86340382297833 3.83044715126355 3.79749047954877 3.76453380783399 3.73157713611921 3.73152020970979 3.74242986506885 3.75333952042791 3.76424917578696 3.77515883114602 3.78606848650508 3.79697814186413 4.26663823789977 6.11254965596668 7.95846107403392 9.80437249210084 11.6502839101678 13.496195328235 15.3421067463019 17.1880181643688 18.6858339567973 20.0676178740124 21.4494017912275 22.8311857084429 24.212969625658 25.5947535428731 26.9765374600884 28.0154704411824 28.0258506139119 28.0362307866414 28.0466109593709 28.0569911321004 28.0673713048299
