data/working_set_collections/6091692-Cassins_Sparrow-MC/1980/bio9.asc
NCOLS 265 
NROWS 230 
XLLCORNER -115.5625 
YLLCORNER 24.8333333333333 
CELLSIZE 0.0833333333333333 
NODATA_value -9999 
[rows 140 to 159 of 230, columns 46 to 91 of 265]
24.0788568019867 23.9731156614092 23.8673745208317 23.7616333802542 23.6558922396766 23.5501510990991 23.2856621424358 22.9682572470772 22.6508523517185 22.3334474563599 22.0160425610013 21.6986376656427 21.3812327702841 21.1144411563874 20.9994893868764 20.8845376173655 20.7695858478546 20.6546340783437 20.5396823088328 20.4247305393219 20.309778769811 20.3003039360046 20.3259880807665 20.3516722255283 20.3773563702901 20.403040515052 20.4287246598138 20.4544088045756 20.2863062858584 19.536843776703 18.7873812675478 18.0379187583925 17.2884562492372 16.5389937400819 15.7895312309267 15.0400687217713 14.8246312220891 14.7872020588981 14.749772895707 14.712343732516 14.6749145693249 14.6374854061338 14.6000562429428 14.601751089096 14.7208179632822 14.8398848374684
23.8898037433625 23.7838945441776 23.6779853449928 23.5720761458079 23.4661669466231 23.3602577474383 23.108667310079 22.8085164599949 22.5083656099108 22.2082147598267 21.9080639097426 21.6079130596585 21.3077622095744 21.0562818686168 20.9508130550385 20.8453442414602 20.7398754278819 20.6344066143036 20.5289378007253 20.423468987147 20.3180001735687 20.2910538673401 20.290281730228 20.2895095931159 20.2887374560038 20.2879653188918 20.2871931817797 20.2864210446676 20.1067896207175 19.390580336253 18.6743710517885 17.958161767324 17.2419524828594 16.5257431983949 15.8095339139304 15.0933246294658 14.9088201443354 14.9015505923165 14.8942810402976 14.8870114882787 14.8797419362598 14.8724723842409 14.865202832222 14.8872517108917 14.9972558816274 15.107260052363
23.7007506847382 23.5946734269461 23.4885961691539 23.3825189113617 23.2764416535696 23.1703643957774 22.9316724777222 22.6487756729127 22.3658788681031 22.0829820632935 21.800085258484 21.5171884536744 21.2342916488648 20.9981225808462 20.9021367232005 20.8061508655548 20.7101650079092 20.6141791502635 20.5181932926178 20.4222074349722 20.3262215773265 20.2818037986755 20.2545753796895 20.2273469607035 20.2001185417176 20.1728901227316 20.1456617037455 20.1184332847596 19.9272729555768 19.2443168958029 18.5613608360292 17.8784047762555 17.1954487164816 16.5124926567079 15.8295365969342 15.1465805371603 14.9930090665817 15.0158991257349 15.0387891848882 15.0616792440414 15.0845693031946 15.1074593623479 15.1303494215011 15.1727523326873 15.2736937999725 15.3746352672576
23.5116976261139 23.4054523097145 23.299206993315 23.1929616769155 23.0867163605161 22.9804710441166 22.7546776453655 22.4890348858304 22.2233921262954 21.9577493667603 21.6921066072253 21.4264638476902 21.1608210881552 20.9399632930756 20.8534603913625 20.7669574896495 20.6804545879364 20.5939516862234 20.5074487845103 20.4209458827973 20.3344429810842 20.272553730011 20.2188690291511 20.1651843282912 20.1114996274313 20.0578149265713 20.0041302257114 19.9504455248515 19.747756290436 19.0980534553529 18.4483506202699 17.7986477851869 17.1489449501038 16.4992421150209 15.8495392799379 15.1998364448548 15.077197988828 15.1302476591534 15.1832973294788 15.2363469998041 15.2893966701295 15.3424463404549 15.3954960107803 15.458252954483 15.5501317183176 15.6420104821522
23.3622231801351 23.2483244578044 23.1344257354737 23.0205270131429 22.9066282908122 22.7927295684815 22.5748025894166 22.3221995247736 22.0695964601305 21.8169933954875 21.5643903308445 21.3117872662015 21.0591842015585 20.8506858613756 20.7745016945733 20.698317527771 20.6221333609687 20.5459491941664 20.4697650273641 20.3935808605618 20.3173966937595 20.2547653198242 20.1966515435113 20.1385377671984 20.0804239908854 20.0223102145725 19.9641964382595 19.9060826619466 19.7025899622177 19.0629604922401 18.4233310222627 17.7837015522852 17.1440720823077 16.5044426123302 15.8648131423528 15.2251836723752 15.1205674171448 15.1942889001634 15.2680103831821 15.3417318662007 15.4154533492194 15.4891748322381 15.5628963152567 15.640853691101 15.7315187454223 15.8221837997436
23.2523273468018 23.1232898712159 22.9942523956299 22.865214920044 22.7361774444581 22.6071399688721 22.3920473098756 22.1482695897421 21.9044918696086 21.6607141494752 21.4169364293417 21.1731587092082 20.9293809890748 20.7302902857463 20.6652606328329 20.6002309799195 20.535201327006 20.4701716740926 20.4051420211792 20.3401123682658 20.2750827153524 20.2284385681152 20.1879229227702 20.1474072774251 20.1068916320801 20.066375986735 20.02586034139 19.9853446960449 19.791773970922 19.1390380064647 18.4863020420075 17.8335660775504 17.1808301130931 16.528094148636 15.8753581841788 15.2226222197216 15.123117351532 15.208022848765 15.2929283459981 15.3778338432312 15.4627393404642 15.5476448376973 15.6325503349304 15.7205545425415 15.8178548812866 15.9151552200317
23.1424315134685 22.9982552846273 22.8540790557862 22.709902826945 22.5657265981039 22.4215503692627 22.2092920303345 21.9743396547106 21.7393872790867 21.5044349034628 21.2694825278389 21.0345301522149 20.799577776591 20.6098947101169 20.5560195710924 20.5021444320679 20.4482692930434 20.3943941540188 20.3405190149943 20.2866438759698 20.2327687369453 20.2021118164063 20.1791943020291 20.1562767876519 20.1333592732747 20.1104417588976 20.0875242445204 20.0646067301432 19.8809579796263 19.2151155206893 18.5492730617524 17.8834306028156 17.2175881438786 16.5517456849417 15.8859032260049 15.2200607670679 15.1256672859192 15.2217567973666 15.3178463088141 15.4139358202616 15.5100253317091 15.6061148431566 15.7022043546041 15.8002553939819 15.9041910171509 16.0081266403198
23.0325356801351 22.8732206980388 22.7139057159424 22.5545907338461 22.3952757517497 22.2359607696534 22.0265367507935 21.8004097196792 21.5742826885648 21.3481556574504 21.1220286263361 20.8959015952217 20.6697745641073 20.4894991344876 20.446778509352 20.4040578842163 20.3613372590807 20.3186166339451 20.2758960088094 20.2331753836738 20.1904547585382 20.1757850646973 20.170465681288 20.1651462978787 20.1598269144694 20.1545075310601 20.1491881476508 20.1438687642415 19.9701419883306 19.2911930349139 18.6122440814973 17.9332951280807 17.254346174664 16.5753972212475 15.8964482678309 15.2174993144142 15.1282172203064 15.2354907459683 15.3427642716302 15.4500377972921 15.5573113229539 15.6645848486158 15.7718583742777 15.8799562454223 15.9905271530151 16.1010980606079
22.9226398468018 22.7481861114503 22.5737323760987 22.3992786407471 22.2248249053956 22.050371170044 21.8437814712525 21.6264797846477 21.4091780980429 21.1918764114381 20.9745747248332 20.7572730382284 20.5399713516236 20.3691035588583 20.3375374476115 20.3059713363648 20.274405225118 20.2428391138713 20.2112730026245 20.1797068913778 20.148140780131 20.1494583129883 20.1617370605469 20.1740158081055 20.1862945556641 20.1985733032226 20.2108520507812 20.2231307983398 20.0593259970348 19.3672705491385 18.6752151012422 17.9831596533459 17.2911042054495 16.5990487575532 15.9069933096569 15.2149378617605 15.1307671546936 15.2492246945699 15.3676822344462 15.4861397743225 15.6045973141988 15.7230548540751 15.8415123939514 15.9596570968628 16.0768632888794 16.194069480896
22.8127440134685 22.6231515248617 22.4335590362549 22.2439665476482 22.0543740590414 21.8647815704346 21.6610261917115 21.4525498496162 21.2440735075209 21.0355971654257 20.8271208233304 20.6186444812351 20.4101681391399 20.2487079832289 20.2282963858711 20.2078847885132 20.1874731911553 20.1670615937975 20.1466499964396 20.1262383990818 20.1058268017239 20.1231315612793 20.1530084398058 20.1828853183322 20.2127621968587 20.2426390753852 20.2725159539117 20.3023928324381 20.1485100057391 19.443348063363 18.738186120987 18.0330241786111 17.327862236235 16.622700293859 15.917538351483 15.2123764091069 15.1333170890808 15.2629586431715 15.3926001972622 15.5222417513529 15.6518833054436 15.7815248595343 15.911166413625 16.0393579483032 16.1631994247436 16.287040901184
22.8728847185771 22.6748668776618 22.4768490367465 22.2788311958313 22.080813354916 21.8827955140008 21.6739678859711 21.4615369955699 21.2491061051687 21.0366752147675 20.8242443243663 20.611813433965 20.3993825435639 20.235411924786 20.2168221208784 20.1982323169708 20.1796425130632 20.1610527091556 20.142462905248 20.1238731013404 20.1052832974328 20.1340340296427 20.1785649405585 20.2230958514743 20.2676267623901 20.3121576733059 20.3566885842217 20.4012194951375 20.2691315703923 19.6071871386634 18.9452427069347 18.2832982752059 17.621353843477 16.9594094117482 16.2974649800195 15.6355205482906 15.5295656363168 15.6089405642614 15.688315492206 15.7676904201507 15.8470653480953 15.9264402760399 16.0058152039845 16.0967632028791 16.2224304146237 16.3480976263682
23.1030619621277 22.9033321698507 22.7036023775736 22.5038725852966 22.3041427930196 22.1044130007426 21.8826065540314 21.6534412225088 21.4242758909861 21.1951105594635 20.9659452279409 20.7367798964183 20.5076145648957 20.3292153835297 20.3031146526337 20.2770139217377 20.2509131908417 20.2248124599457 20.1987117290497 20.1726109981537 20.1465102672577 20.1821657180786 20.2384065628052 20.2946474075317 20.3508882522583 20.4071290969848 20.4633699417114 20.519610786438 20.4211906909944 19.8587877750397 19.2963848590851 18.7339819431305 18.1715790271759 17.6091761112213 17.0467731952667 16.4843702793121 16.3195127964018 16.2871704578399 16.2548281192779 16.2224857807159 16.1901434421539 16.1578011035919 16.1254587650299 16.1318728605906 16.2545562585195 16.3772396564483
23.3332392056783 23.1317974620395 22.9303557184007 22.728913974762 22.5274722311232 22.3260304874844 22.0912452220917 21.8453454494477 21.5994456768036 21.3535459041596 21.1076461315155 20.8617463588715 20.6158465862274 20.4230188422733 20.3894071843889 20.3557955265045 20.3221838686201 20.2885722107357 20.2549605528514 20.221348894967 20.1877372370826 20.2302974065145 20.2982481850518 20.3661989635891 20.4341497421264 20.5021005206638 20.5700512992011 20.6380020777384 20.5732498115964 20.110388411416 19.6475270112356 19.1846656110552 18.7218042108747 18.2589428106944 17.796081410514 17.3332200103335 17.1094599564869 16.9654003514183 16.8213407463497 16.6772811412811 16.5332215362125 16.3891619311438 16.2451023260752 16.166982518302 16.2866821024153 16.4063816865285
23.5634164492289 23.3602627542284 23.1571090592278 22.9539553642273 22.7508016692268 22.5476479742262 22.299883890152 22.0372496763865 21.774615462621 21.5119812488556 21.2493470350902 20.9867128213247 20.7240786075592 20.5168223010169 20.4756997161441 20.4345771312714 20.3934545463986 20.3523319615258 20.311209376653 20.2700867917803 20.2289642069075 20.2784290949503 20.3580898072984 20.4377505196465 20.5174112319946 20.5970719443427 20.6767326566908 20.7563933690389 20.7253089321985 20.3619890477922 19.998669163386 19.6353492789798 19.2720293945736 18.9087095101674 18.5453896257612 18.1820697413549 17.899407116572 17.6436302449967 17.3878533734215 17.1320765018463 16.8762996302711 16.6205227586958 16.3647458871206 16.2020921760135 16.3188079463111 16.4355237166087
23.7935936927795 23.5887280464172 23.3838624000549 23.1789967536926 22.9741311073303 22.769265460968 22.5085225582123 22.2291539033254 21.9497852484385 21.6704165935517 21.3910479386648 21.1116792837779 20.832310628891 20.6106257597605 20.5619922478994 20.5133587360382 20.464725224177 20.4160917123159 20.3674582004547 20.3188246885935 20.2701911767324 20.3265607833862 20.4179314295451 20.5093020757039 20.6006727218628 20.6920433680216 20.7834140141805 20.8747846603393 20.8773680528005 20.6135896841685 20.3498113155365 20.0860329469045 19.8222545782724 19.5584762096404 19.2946978410084 19.0309194723764 18.689354276657 18.3218601385752 17.9543660004933 17.5868718624115 17.2193777243297 16.8518835862478 16.4843894481659 16.2372018337249 16.3509337902069 16.4646657466888
24.0237709363302 23.8171933386061 23.610615740882 23.404038143158 23.1974605454339 22.9908829477098 22.7171612262726 22.4210581302643 22.124955034256 21.8288519382477 21.5327488422394 21.2366457462311 20.9405426502228 20.7044292185042 20.6482847796546 20.5921403408051 20.5359959019555 20.4798514631059 20.4237070242564 20.3675625854068 20.3114181465573 20.3746924718221 20.4777730517917 20.5808536317613 20.6839342117309 20.7870147917005 20.8900953716702 20.9931759516398 21.0294271734026 20.8651903205448 20.700953467687 20.5367166148291 20.3724797619713 20.2082429091135 20.0440060562557 19.8797692033979 19.4793014367421 19.0000900321537 18.5208786275651 18.0416672229767 17.5624558183883 17.0832444137997 16.6040330092113 16.2723114914364 16.3830596341027 16.493807776769
24.2156685670217 24.0189938174354 23.822319067849 23.6256443182627 23.4289695686764 23.2322948190901 22.9558689594269 22.6528593964047 22.3498498333825 22.0468402703603 21.7438307073381 21.4408211443159 21.1378115812937 20.8954931524064 20.835248125924 20.7750030994415 20.714758072959 20.6545130464765 20.5942680199941 20.5340229935116 20.4737779670291 20.5313067913055 20.6280935658348 20.7248803403642 20.8216671148935 20.9184538894229 21.0152406639523 21.1120274384816 21.1518446445465 21.0207531452179 20.8896616458893 20.7585701465607 20.6274786472321 20.4963871479035 20.3652956485749 20.2342041492463 19.7978974819185 19.2598524252575 18.7218073685965 18.1837623119356 17.6457172552746 17.1076721986136 16.5696271419526 16.1964704831441 16.3179790178935 16.4394875526428
24.3692865848541 24.1941294829051 24.018972380956 23.843815279007 23.6686581770579 23.4935010751088 23.2246457576752 22.9245577017466 22.6244696458181 22.3243815898895 22.024293533961 21.7242054780324 21.4241174221039 21.1838175614675 21.1228822867075 21.0619470119476 21.0010117371877 20.9400764624277 20.8791411876678 20.8182059129079 20.7572706381479 20.7964037418365 20.8688929716745 20.9413822015126 21.0138714313507 21.0863606611887 21.1588498910268 21.2313391208648 21.2446204662323 21.0802781581879 20.9159358501435 20.751593542099 20.5872512340546 20.4229089260102 20.2585666179658 20.0942243099213 19.6451424121858 19.1011473178865 18.5571522235871 18.0131571292878 17.4691620349886 16.9251669406892 16.3811718463899 16.0096788088481 16.1556919415792 16.3017050743103
24.5229046026866 24.3692651483748 24.215625694063 24.0619862397512 23.9083467854394 23.7547073311276 23.4934225559235 23.1962560070886 22.8990894582536 22.6019229094188 22.3047563605839 22.0075898117489 21.710423262914 21.4721419705285 21.4105164474911 21.3488909244537 21.2872654014163 21.2256398783789 21.1640143553416 21.1023888323042 21.0407633092668 21.0615006923675 21.1096923775143 21.157884062661 21.2060757478078 21.2542674329545 21.3024591181013 21.3506508032481 21.3373962879181 21.1398031711579 20.9422100543976 20.7446169376374 20.5470238208771 20.3494307041169 20.1518375873566 19.9542444705964 19.4923873424531 18.9424422105155 18.3924970785778 17.8425519466401 17.2926068147025 16.7426616827648 16.1927165508271 15.822887134552 15.9934048652649 16.1639225959778
24.676522620519 24.5444008138445 24.4122790071699 24.2801572004954 24.1480353938208 24.0159135871463 23.7621993541717 23.4679543124305 23.1737092706892 22.879464228948 22.5852191872067 22.2909741454654 21.9967291037242 21.7604663795895 21.6981506082746 21.6358348369598 21.573519065645 21.5112032943301 21.4488875230153 21.3865717517005 21.3242559803856 21.3265976428985 21.350491783354 21.3743859238094 21.3982800642649 21.4221742047204 21.4460683451758 21.4699624856313 21.4301721096039 21.1993281841278 20.9684842586518 20.7376403331757 20.5067964076996 20.2759524822236 20.0451085567475 19.8142646312714 19.3396322727205 18.7837371031445 18.2278419335684 17.6719467639924 17.1160515944165 16.5601564248404 16.0042612552644 15.6360954602559 15.8311177889506 16.0261401176453
