data/working_set_collections/6091692-Cassins_Sparrow-MC/1980/bio9.asc
NCOLS 265 
NROWS 230 
XLLCORNER -115.5625 
YLLCORNER 24.8333333333333 
CELLSIZE 0.0833333333333333 
NODATA_value -9999 
[rows 200 to 219 of 230, columns 46 to 91 of 265]
-9999 -9999 -9999 -9999 -9999 -9999 -9999 -9999 -9999 -9999 -9999 -9999 -9999 -9999 -9999 22.9808439731597 23.2857738971709 23.5907038211822 23.8956337451934 24.2005636692046 24.5054935932159 24.5548590977986 24.5190364625719 24.4832138273451 24.4473911921183 24.4115685568915 24.3757459216648 24.339923286438 24.2325941774581 23.9107456472185 23.588897116979 23.2670485867395 22.9452000564999 22.6233515262604 22.3015029960209 21.9796544657813 21.4196886142095 20.7803503221936 20.1410120301777 19.5016737381618 18.8623354461459 18.2229971541299 17.583658862114 16.9688575267792 16.4276670614878 15.8864765961965
-9999 -9999 -9999 -9999 -9999 -9999 -9999 -9999 -9999 -9999 -9999 -9999 -9999 -9999 -9999 -9999 23.4879650274911 23.7895584901173 24.0911519527434 24.3927454153696 24.6943388779957 24.7289578119914 24.6745852364434 24.6202126608954 24.5658400853475 24.5114675097995 24.4570949342516 24.4027223587036 24.2931914594439 24.0181855890486 23.7431797186534 23.4681738482582 23.1931679778629 22.9181621074676 22.6431562370724 22.3681503666771 21.8428810993831 21.2341906997893 20.6255003001955 20.0168099006017 19.408119501008 18.7994291014141 18.1907387018204 17.5930504957835 17.0283688704172 16.463687245051
-9999 -9999 -9999 -9999 -9999 -9999 -9999 -9999 -9999 -9999 -9999 -9999 -9999 -9999 -9999 -9999 -9999 23.9884131590525 24.2866701602935 24.5849271615345 24.8831841627756 24.9030565261841 24.8301340103149 24.7572114944458 24.6842889785767 24.6113664627075 24.5384439468384 24.4655214309692 24.3537887414297 24.1256255308787 23.8974623203278 23.6692991097768 23.4411358992259 23.2129726886749 22.984809478124 22.756646267573 22.2660735845566 21.688031077385 21.1099885702133 20.5319460630417 19.9539035558701 19.3758610486984 18.7978185415268 18.2172434647878 17.6290706793467 17.0408978939056
-9999 -9999 -9999 -9999 -9999 -9999 -9999 -9999 -9999 -9999 -9999 -9999 -9999 -9999 -9999 -9999 -9999 -9999 -9999 24.7771089076995 25.0720294475555 25.0771552403768 24.9856827841865 24.8942103279961 24.8027378718058 24.7112654156155 24.6197929594252 24.5283205032349 24.4143860234155 24.2330654727088 24.0517449220022 23.8704243712955 23.6891038205888 23.5077832698822 23.3264627191755 23.1451421684689 22.6892660697302 22.1418714549807 21.5944768402311 21.0470822254817 20.4996876107322 19.9522929959827 19.4048983812332 18.8414364337922 18.2297724882762 17.6181085427602
-9999 -9999 -9999 -9999 -9999 -9999 -9999 -9999 -9999 -9999 -9999 -9999 -9999 -9999 -9999 -9999 -9999 -9999 -9999 -9999 25.0234456115299 25.0197661399842 24.9238737212288 24.8279813024733 24.7320888837179 24.6361964649625 24.5403040462071 24.4444116274516 24.3422420077854 24.2212407853869 24.1002395629883 23.9792383405898 23.8582371181912 23.7372358957926 23.6162346733941 23.4952334509955 23.075091234843 22.5552353541057 22.0353794733683 21.515523592631 20.9956677118937 20.4758118311564 19.9559559504191 19.4082907411788 18.7771975464291 18.1461043516795
-9999 -9999 -9999 -9999 -9999 -9999 -9999 -9999 -9999 -9999 -9999 -9999 -9999 -9999 -9999 -9999 -9999 -9999 -9999 -9999 -9999 24.7308892250062 24.6447068214417 24.5585244178773 24.4723420143128 24.3861596107484 24.2999772071839 24.2137948036194 24.1373566945394 24.0901514689128 24.0429462432862 23.9957410176595 23.9485357920329 23.9013305664062 23.8541253407796 23.8069201151529 23.423549079895 22.92812277476 22.4326964696248 21.9372701644898 21.4418438593547 20.9464175542195 20.4509912490845 19.9178063869477 19.2713458538055 18.6248853206635
24.8647238572439 24.588320154614 -9999 -9999 -9999 -9999 -9999 -9999 -9999 -9999 -9999 -9999 -9999 -9999 -9999 -9999 -9999 -9999 -9999 -9999 -9999 -9999 24.3655399216547 24.2890675332812 24.2125951449077 24.1361227565342 24.0596503681607 23.9831779797872 23.9324713812934 23.9590621524387 23.985652923584 24.0122436947293 24.0388344658746 24.0654252370198 24.0920160081651 24.1186067793104 23.7720069249471 23.3010101954143 22.8300134658813 22.3590167363485 21.8880200068156 21.4170232772827 20.9460265477498 20.4273220327166 19.765494161182 19.1036662896475
25.0742812315623 24.8036235226525 -9999 -9999 -9999 -9999 -9999 -9999 -9999 -9999 -9999 -9999 -9999 -9999 -9999 -9999 -9999 -9999 -9999 -9999 -9999 -9999 -9999 24.0196106486851 23.9528482755026 23.8860859023201 23.8193235291376 23.7525611559551 23.7275860680474 23.8279728359646 23.9283596038818 24.028746371799 24.1291331397162 24.2295199076334 24.3299066755506 24.4302934434678 24.1204647699992 23.6738976160686 23.2273304621378 22.7807633082072 22.3341961542765 21.8876290003458 21.4410618464152 20.9368376784855 20.2596424685584 19.5824472586314
25.2838386058807 25.0189268906911 -9999 -9999 -9999 -9999 -9999 -9999 -9999 -9999 -9999 -9999 -9999 -9999 -9999 -9999 -9999 -9999 -9999 -9999 -9999 -9999 -9999 -9999 23.6931014060975 23.6360490481059 23.5789966901144 23.5219443321228 23.5227007548014 23.6968835194906 23.8710662841797 24.0452490488688 24.2194318135579 24.393614578247 24.5677973429361 24.7419801076252 24.4689226150513 24.0467850367229 23.6246474583943 23.2025098800659 22.7803723017375 22.358234723409 21.9360971450806 21.4463533242544 20.7537907759348 20.0612282276154
25.4933959801992 25.2342302587297 24.9750645372603 -9999 -9999 -9999 -9999 -9999 -9999 -9999 -9999 -9999 -9999 -9999 -9999 -9999 -9999 -9999 -9999 -9999 -9999 -9999 -9999 -9999 -9999 -9999 -9999 -9999 23.3178154415554 23.5657942030165 23.8137729644775 24.0617517259385 24.3097304873996 24.5577092488606 24.8056880103216 25.0536667717827 24.8173804601034 24.4196724573771 24.0219644546509 23.6242564519247 23.2265484491984 22.8288404464721 22.4311324437459 21.9558689700233 21.2479390833113 20.5400091965994
25.4975737571717 25.2777136378819 25.057853518592 -9999 -9999 -9999 -9999 -9999 -9999 -9999 -9999 -9999 -9999 -9999 -9999 -9999 -9999 -9999 -9999 -9999 -9999 -9999 -9999 -9999 -9999 -9999 -9999 -9999 23.171327776379 23.4611800246768 23.7510322729746 24.0408845212724 24.3307367695702 24.620589017868 24.9104412661658 25.2002935144636 25.0036175886791 24.6447656048669 24.2859136210548 23.9270616372427 23.5682096534306 23.2093576696184 22.8505056858063 22.4039483017392 21.6942747169071 20.984601132075
25.2963719367982 25.1493770281474 25.0023821194967 24.855387210846 24.7083923021953 -9999 -9999 -9999 -9999 -9999 -9999 -9999 -9999 -9999 -9999 -9999 -9999 -9999 -9999 -9999 -9999 -9999 -9999 -9999 -9999 -9999 -9999 -9999 23.0832377592722 23.3830409844716 23.682844209671 23.9826474348703 24.2824506600698 24.5822538852691 24.8820571104685 25.1818603356679 25.0276340007782 24.7220644791922 24.416494957606 24.1109254360199 23.8053559144338 23.4997863928477 23.1942168712616 22.7905913194022 22.0927976767222 21.3950040340424
25.0951701164246 25.021040418413 24.9469107204014 24.8727810223897 24.7986513243781 -9999 -9999 -9999 -9999 -9999 -9999 -9999 -9999 -9999 -9999 -9999 -9999 -9999 -9999 -9999 -9999 -9999 -9999 -9999 -9999 -9999 -9999 -9999 22.9951477421654 23.3049019442664 23.6146561463673 23.9244103484683 24.2341645505693 24.5439187526702 24.8536729547712 25.1634271568722 25.0516504128774 24.7993633535174 24.5470762941573 24.2947892347972 24.0425021754371 23.790215116077 23.5379280567169 23.1772343370651 22.4913206365374 21.8054069360098
24.893968296051 24.8927038086785 24.891439321306 24.8901748339335 24.888910346561 -9999 -9999 -9999 -9999 -9999 -9999 -9999 -9999 -9999 -9999 -9999 -9999 -9999 -9999 -9999 -9999 -9999 -9999 -9999 -9999 -9999 -9999 -9999 22.9070577250586 23.2267629040612 23.5464680830637 23.8661732620662 24.1858784410688 24.5055836200714 24.8252887990739 25.1449939780765 25.0756668249766 24.8766622278426 24.6776576307085 24.4786530335744 24.2796484364404 24.0806438393063 23.8816392421722 23.563877354728 22.8898435963525 22.2158098379772
24.6927664756775 24.7643671989441 24.8359679222107 24.9075686454773 24.9791693687439 -9999 -9999 -9999 -9999 -9999 -9999 -9999 -9999 -9999 -9999 -9999 -9999 -9999 -9999 -9999 -9999 -9999 -9999 -9999 -9999 -9999 -9999 -9999 22.8189677079518 23.148623863856 23.4782800197601 23.8079361756642 24.1375923315684 24.4672484874725 24.7969046433766 25.1265607992808 25.0996832370758 24.9539611021678 24.8082389672597 24.6625168323517 24.5167946974436 24.3710725625356 24.2253504276275 23.9505203723908 23.2883665561676 22.6262127399445
24.491564655304 24.6360305892097 24.7804965231154 24.924962457021 25.0694283909267 -9999 -9999 24.7946133878496 -9999 -9999 -9999 -9999 -9999 -9999 -9999 -9999 -9999 -9999 -9999 -9999 -9999 -9999 -9999 -9999 -9999 -9999 -9999 22.7173967520396 22.730877690845 23.0704848236508 23.4100919564565 23.7496990892622 24.0893062220679 24.4289133548736 24.7685204876793 25.1081276204851 25.123699649175 25.031259976493 24.938820303811 24.8463806311289 24.7539409584469 24.6615012857649 24.5690616130828 24.3371633900537 23.6868895159827 23.0366156419118
24.3702420552571 24.5539933098687 24.7377445644802 24.9214958190918 25.1052470737033 -9999 -9999 -9999 -9999 -9999 -9999 -9999 -9999 -9999 -9999 -9999 -9999 -9999 -9999 -9999 -9999 -9999 -9999 -9999 -9999 -9999 22.7500726381938 22.6446528434754 22.6493892987568 22.9845945040385 23.31979970932 23.6550049146016 23.9902101198832 24.3254153251648 24.6606205304463 24.9958257357279 25.0501142342886 25.0107638306088 24.9714134269291 24.9320630232493 24.8927126195696 24.8533622158898 24.8140118122101 24.631215869056 24.0180833074782 23.4049507459005
24.3287986755371 24.5182553609212 24.7077120463053 24.8971687316894 25.0866254170735 -9999 25.135952949524 -9999 -9999 -9999 -9999 -9999 -9999 -9999 -9999 -9999 -9999 -9999 -9999 -9999 -9999 -9999 -9999 -9999 -9999 -9999 22.6987655321757 22.582550907135 22.5745025316874 22.8909529050191 23.2074032783508 23.5238536516825 23.8403040250142 24.1567543983459 24.4732047716776 24.7896551450094 24.8789269924164 24.8924726645152 24.906018336614 24.9195640087128 24.9331096808116 24.9466553529103 24.9602010250091 24.8326778093975 24.2819479306539 23.7312180519104
24.287355295817 24.4825174119737 24.6776795281304 24.8728416442871 25.0680037604438 -9999 -9999 -9999 -9999 -9999 -9999 -9999 -9999 -9999 -9999 -9999 -9999 -9999 -9999 -9999 -9999 -9999 -9999 -9999 -9999 -9999 -9999 22.5204489707947 22.4996157646179 22.7973113059997 23.0950068473816 23.3927023887634 23.6903979301453 23.9880934715271 24.2857890129089 24.5834845542908 24.7077397505443 24.7741814984216 24.8406232462989 24.9070649941762 24.9735067420535 25.0399484899309 25.1063902378082 25.034139749739 24.5458125538296 24.0574853579203
24.245911916097 24.4467794630262 24.6476470099555 24.8485145568847 25.049382103814 25.2502496507432 -9999 -9999 -9999 -9999 -9999 -9999 -9999 -9999 -9999 -9999 -9999 -9999 -9999 -9999 -9999 -9999 -9999 -9999 -9999 -9999 -9999 -9999 22.4247289975484 22.7036697069804 22.9826104164123 23.2615511258443 23.5404918352763 23.8194325447082 24.0983732541402 24.3773139635722 24.5365525086721 24.6558903323279 24.7752281559838 24.8945659796397 25.0139038032955 25.1332416269514 25.2525794506073 25.2356016900805 24.8096771770054 24.3837526639303
