resources/Exp000_Example-Run/Run01_M2/TimeSeries/1995/selection_set/frwlt_avg.asc
NCOLS 265 
NROWS 230 
XLLCORNER -115.5625 
YLLCORNER 24.8333333333333 
CELLSIZE 0.0833333333333333 
NODATA_value -9999 
[rows 120 to 139 of 230, columns 88 to 131 of 265]
0.498760759830475 0.519631922245026 0.539734601974487 0.559837281703949 0.579939961433411 0.600042641162872 0.620145320892334 0.640248000621796 0.660350680351257 0.67505156993866 0.687951803207397 0.70085209608078 0.713752388954163 0.7266526222229 0.739552915096283 0.752453207969666 0.760767757892609 0.755325138568878 0.749882578849792 0.744439959526062 0.738997399806976 0.733554780483246 0.728112161159515 0.72266960144043 0.704860746860504 0.682929813861847 0.660998821258545 0.639067888259888 0.61713695526123 0.595205962657928 0.573275029659271 0.557448923587799 0.559937298297882 0.562425673007965 0.564914047718048 0.567402422428131 0.569890797138214 0.572379231452942 0.574867606163025 0.56663566827774 0.554830312728882 0.543024957180023 0.53121954202652 0.519414186477661
0.490805685520172 0.50961297750473 0.529874742031097 0.550136566162109 0.570398330688477 0.590660095214844 0.610921859741211 0.631183624267578 0.651445388793945 0.667967617511749 0.683243334293365 0.698519110679626 0.713794827461243 0.729070544242859 0.744346261024475 0.759622037410736 0.768626689910889 0.75881814956665 0.749009609222412 0.739201068878174 0.729392528533936 0.719583988189697 0.709775447845459 0.699966907501221 0.679686009883881 0.655914306640625 0.632142543792725 0.608370840549469 0.584599137306213 0.560827434062958 0.537055671215057 0.521150052547455 0.528842568397522 0.536535143852234 0.544227659702301 0.551920235157013 0.55961275100708 0.567305326461792 0.574997842311859 0.570318281650543 0.561514616012573 0.552711009979248 0.543907403945923 0.535103738307953
0.482850581407547 0.499594062566757 0.520014941692352 0.540435791015625 0.560856640338898 0.58127748966217 0.601698398590088 0.622119247913361 0.642540097236633 0.660883724689484 0.678534924983978 0.696186065673828 0.713837265968323 0.731488466262817 0.749139666557312 0.766790866851807 0.776485621929169 0.762311160564423 0.748136639595032 0.733962178230286 0.71978771686554 0.705613195896149 0.691438734531403 0.677264213562012 0.654511272907257 0.628898799419403 0.603286266326904 0.57767379283905 0.552061319351196 0.526448845863342 0.500836372375488 0.484851151704788 0.497747868299484 0.510644555091858 0.523541271686554 0.53643798828125 0.549334704875946 0.562231421470642 0.575128138065338 0.574000895023346 0.568198978900909 0.562397122383118 0.556595206260681 0.550793349742889
0.474895507097244 0.489575147628784 0.510155081748962 0.530735015869141 0.551315009593964 0.571894943714142 0.59247487783432 0.613054871559143 0.633634805679321 0.653799772262573 0.673826456069946 0.693853080272675 0.713879704475403 0.733906388282776 0.753933012485504 0.773959696292877 0.784344553947449 0.76580411195755 0.747263669967651 0.728723287582397 0.710182845592499 0.6916424036026 0.673102021217346 0.654561579227448 0.629336535930634 0.601883292198181 0.574429988861084 0.546976745128632 0.519523501396179 0.492070257663727 0.464617013931274 0.448552280664444 0.466653168201447 0.484754025936127 0.502854883670807 0.520955741405487 0.539056658744812 0.557157516479492 0.575258374214172 0.577683508396149 0.574883341789246 0.572083175182343 0.569283068180084 0.566482901573181
0.466940432786942 0.479556202888489 0.500295221805573 0.521034300327301 0.541773319244385 0.562512397766113 0.583251416683197 0.603990495204926 0.624729514122009 0.646715879440308 0.669117987155914 0.691520094871521 0.713922202587128 0.736324310302734 0.758726418018341 0.781128525733948 0.792203485965729 0.769297122955322 0.746390759944916 0.723484396934509 0.700577974319458 0.677671611309052 0.654765248298645 0.631858885288239 0.60416179895401 0.574867784976959 0.545573711395264 0.516279697418213 0.486985713243484 0.457691669464111 0.428397655487061 0.4122534096241 0.435558438301086 0.458863466978073 0.48216849565506 0.505473554134369 0.528778553009033 0.552083611488342 0.575388669967651 0.581366121768951 0.581567704677582 0.581769287586212 0.581970870494843 0.582172453403473
0.458985328674316 0.469537258148193 0.490435421466827 0.511333525180817 0.532231688499451 0.55312979221344 0.574027955532074 0.594926118850708 0.615824222564697 0.639631927013397 0.664409518241882 0.689187049865723 0.713964641094208 0.738742172718048 0.763519763946533 0.788297355175018 0.800062417984009 0.772790133953094 0.745517790317535 0.718245446681976 0.690973162651062 0.663700819015503 0.636428534984589 0.60915619134903 0.578987061977386 0.547852277755737 0.516717493534088 0.485582679510117 0.454447895288467 0.423313111066818 0.392178326845169 0.375954508781433 0.404463708400726 0.43297290802002 0.461482107639313 0.489991307258606 0.518500506877899 0.547009706497192 0.575518906116486 0.585048735141754 0.588252007961273 0.591455340385437 0.594658672809601 0.597862005233765
0.47575455904007 0.484893769025803 0.504830539226532 0.524767220020294 0.544703960418701 0.564640700817108 0.584577441215515 0.604514181613922 0.624450922012329 0.647827744483948 0.672351241111755 0.696874737739563 0.721398174762726 0.745921671390533 0.770445168018341 0.794968664646149 0.806005418300629 0.776581883430481 0.747158288955688 0.717734754085541 0.688311159610748 0.658887624740601 0.629464089870453 0.60004049539566 0.569482088088989 0.538545370101929 0.507608592510223 0.476671874523163 0.445735156536102 0.414798408746719 0.383861690759659 0.368156582117081 0.398146331310272 0.428136080503464 0.458125829696655 0.488115608692169 0.518105328083038 0.548095107078552 0.578084886074066 0.589703500270844 0.595198452472687 0.60069340467453 0.606188356876373 0.611683249473572
0.517248153686523 0.525625705718994 0.543480575084686 0.561335384845734 0.579190254211426 0.597045063972473 0.61489987373352 0.632754743099213 0.65060955286026 0.67130321264267 0.692943096160889 0.714582979679108 0.736222863197327 0.75786280632019 0.779502689838409 0.801142573356628 0.810032486915588 0.780672371387482 0.75131231546402 0.721952199935913 0.692592084407806 0.663232028484344 0.633871912956238 0.604511797428131 0.575646877288818 0.546947062015533 0.518247187137604 0.489547342061996 0.460847467184067 0.43214762210846 0.403447777032852 0.388859540224075 0.416606247425079 0.444352984428406 0.47209969162941 0.499846398830414 0.527593076229095 0.555339813232422 0.583086550235748 0.595330536365509 0.602406978607178 0.609483361244202 0.61655980348587 0.623636245727539
0.558741688728333 0.566357672214508 0.582130610942841 0.597903549671173 0.613676488399506 0.629449427127838 0.645222365856171 0.660995304584503 0.676768243312836 0.694778680801392 0.713535010814667 0.732291281223297 0.751047551631927 0.769803881645203 0.788560152053833 0.807316482067108 0.814059555530548 0.784762918949127 0.755466282367706 0.726169645786285 0.696873009204865 0.667576372623444 0.638279736042023 0.608983099460602 0.581811726093292 0.555348753929138 0.528885781764984 0.502422749996185 0.475959807634354 0.449496805667877 0.423033833503723 0.409562528133392 0.435066193342209 0.460569858551025 0.486073523759842 0.511577188968658 0.537080824375153 0.562584519386292 0.588088154792786 0.60095751285553 0.609615445137024 0.618273377418518 0.626931250095367 0.635589182376862
0.600235283374786 0.607089638710022 0.620780646800995 0.634471714496613 0.648162722587585 0.661853790283203 0.675544798374176 0.689235866069794 0.702926874160767 0.718254148960114 0.7341268658638 0.749999582767487 0.765872240066528 0.781744956970215 0.797617673873901 0.813490390777588 0.818086624145508 0.788853406906128 0.759620249271393 0.730387091636658 0.701153934001923 0.671920716762543 0.642687559127808 0.613454401493073 0.587976515293121 0.563750445842743 0.53952431678772 0.515298247337341 0.491072118282318 0.466846019029617 0.442619919776917 0.430265516042709 0.453526109457016 0.476786732673645 0.500047385692596 0.523307979106903 0.54656857252121 0.569829225540161 0.593089818954468 0.606584548950195 0.61682391166687 0.62706333398819 0.637302756309509 0.647542119026184
0.641728818416595 0.647821545600891 0.659430682659149 0.671039819717407 0.682648956775665 0.694258093833923 0.705867290496826 0.717476427555084 0.729085564613342 0.74172967672348 0.754718780517578 0.767707884311676 0.780696928501129 0.793686032295227 0.806675136089325 0.819664239883423 0.822113633155823 0.792943954467773 0.763774216175079 0.73460453748703 0.705434799194336 0.676265120506287 0.647095382213593 0.617925703525543 0.594141364097595 0.572152137756348 0.5501629114151 0.528173685073853 0.506184458732605 0.484195232391357 0.46220600605011 0.450968474149704 0.471986055374146 0.493003636598587 0.514021217823029 0.535038769245148 0.556056320667267 0.577073931694031 0.59809148311615 0.612211525440216 0.624032437801361 0.635853290557861 0.647674202919006 0.659495115280151
0.683222353458405 0.688553512096405 0.698080718517303 0.707607984542847 0.71713525056839 0.726662456989288 0.736189723014832 0.745716989040375 0.755244195461273 0.765205144882202 0.775310635566711 0.785416126251221 0.795521676540375 0.805627167224884 0.815732657909393 0.825838148593903 0.826140701770782 0.797034442424774 0.767928242683411 0.738821983337402 0.709715723991394 0.680609464645386 0.651503205299377 0.622396945953369 0.600306153297424 0.580553829669952 0.560801446437836 0.541049122810364 0.521296799182892 0.501544415950775 0.481792092323303 0.471671462059021 0.490445971488953 0.509220540523529 0.527995049953461 0.546769559383392 0.565544068813324 0.5843186378479 0.603093147277832 0.617838561534882 0.631240904331207 0.644643306732178 0.658045649528503 0.671448051929474
0.712767958641052 0.717628717422485 0.725934326648712 0.734239995479584 0.742545664310455 0.750851273536682 0.759156942367554 0.767462611198425 0.775768220424652 0.783852279186249 0.791862428188324 0.799872636795044 0.807882785797119 0.815892994403839 0.823903143405914 0.83191329240799 0.830845892429352 0.802545726299286 0.774245500564575 0.745945334434509 0.717645168304443 0.689344942569733 0.661044776439667 0.632744610309601 0.612797737121582 0.59563535451889 0.578472971916199 0.561310589313507 0.544148206710815 0.526985824108124 0.509823441505432 0.50096869468689 0.517036736011505 0.533104836940765 0.549172878265381 0.565240919589996 0.581309020519257 0.597377061843872 0.613445162773132 0.627293407917023 0.640401780605316 0.65351015329361 0.666618525981903 0.679726898670197
0.730365633964539 0.735047101974487 0.742991507053375 0.750935852527618 0.758880198001862 0.76682460308075 0.774768948554993 0.782713294029236 0.790657639503479 0.79767107963562 0.80437421798706 0.811077296733856 0.817780435085297 0.824483513832092 0.831186652183533 0.837889730930328 0.836229205131531 0.809477686882019 0.782726168632507 0.755974650382996 0.729223132133484 0.702471613883972 0.67572009563446 0.648968577384949 0.631616175174713 0.617396831512451 0.603177487850189 0.588958144187927 0.574738800525665 0.560519516468048 0.546300172805786 0.538860201835632 0.551758348941803 0.564656555652618 0.577554762363434 0.590452909469604 0.60335111618042 0.616249263286591 0.629147469997406 0.640576183795929 0.651515066623688 0.662453949451447 0.67339277267456 0.684331655502319
0.747963309288025 0.752465546131134 0.760048627853394 0.767631709575653 0.775214791297913 0.782797873020172 0.790380954742432 0.797964036464691 0.805547058582306 0.811489880084991 0.816885948181152 0.822281956672668 0.827678024768829 0.83307409286499 0.838470101356506 0.843866169452667 0.841612458229065 0.816409647464752 0.791206777095795 0.766003906726837 0.740801095962524 0.715598225593567 0.690395355224609 0.665192544460297 0.650434613227844 0.639158308506012 0.62788200378418 0.616605699062347 0.60532945394516 0.594053149223328 0.582776844501495 0.576751708984375 0.586480021476746 0.596208274364471 0.605936586856842 0.615664899349213 0.625393211841583 0.635121464729309 0.64484977722168 0.65385890007019 0.662628293037415 0.671397686004639 0.680167078971863 0.688936471939087
0.765560925006866 0.769883990287781 0.777105748653412 0.784327566623688 0.791549324989319 0.798771142959595 0.805992901325226 0.813214719295502 0.820436477661133 0.825308680534363 0.829397678375244 0.833486676216125 0.837575614452362 0.841664612293243 0.845753610134125 0.849842607975006 0.846995770931244 0.823341608047485 0.799687385559082 0.776033222675323 0.752379059791565 0.728724837303162 0.705070674419403 0.681416511535645 0.669252991676331 0.660919785499573 0.65258651971817 0.644253253936768 0.63592004776001 0.627586781978607 0.619253516197205 0.614643216133118 0.621201634407043 0.627760052680969 0.634318470954895 0.640876889228821 0.647435247898102 0.653993666172028 0.660552084445953 0.667141616344452 0.673741519451141 0.680341422557831 0.68694132566452 0.69354122877121
0.783158600330353 0.787302434444427 0.794162929058075 0.801023423671722 0.80788391828537 0.814744412899017 0.821604907512665 0.828465402126312 0.83532589673996 0.839127480983734 0.841909408569336 0.844691336154938 0.84747326374054 0.850255191326141 0.853037118911743 0.855819046497345 0.852379083633423 0.830273568630219 0.808168053627014 0.78606253862381 0.763957023620605 0.741851508617401 0.719745993614197 0.697640478610992 0.688071429729462 0.682681202888489 0.677291035652161 0.671900808811188 0.66651064157486 0.661120414733887 0.655730187892914 0.65253472328186 0.655923247337341 0.659311771392822 0.662700295448303 0.666088819503784 0.669477343559265 0.672865927219391 0.676254451274872 0.680424392223358 0.684854805469513 0.689285218715668 0.693715631961823 0.698145985603333
0.800756216049194 0.804720878601074 0.811220049858093 0.817719280719757 0.824218511581421 0.83071768283844 0.837216913700104 0.843716144561768 0.850215315818787 0.852946281433105 0.854421138763428 0.85589599609375 0.857370853424072 0.858845710754395 0.860320568084717 0.861795425415039 0.857762396335602 0.837205529212952 0.816648662090302 0.796091794967651 0.775534987449646 0.754978120326996 0.734421253204346 0.713864386081696 0.706889808177948 0.70444267988205 0.701995491981506 0.699548363685608 0.69710123538971 0.694654047489166 0.692206919193268 0.690426170825958 0.690644860267639 0.690863490104675 0.691082179546356 0.691300809383392 0.691519439220428 0.691738128662109 0.691956758499146 0.69370710849762 0.69596803188324 0.69822895526886 0.70048987865448 0.7027508020401
0.814760982990265 0.818818390369415 0.825043618679047 0.831268846988678 0.837494075298309 0.843719303607941 0.849944472312927 0.856169700622559 0.86239492893219 0.863665223121643 0.863283812999725 0.862902462482452 0.86252111196518 0.862139701843262 0.861758351325989 0.861377000808716 0.856509268283844 0.83818244934082 0.819855570793152 0.801528751850128 0.783201932907104 0.764875113964081 0.746548295021057 0.728221476078033 0.723400592803955 0.723081648349762 0.722762703895569 0.72244381904602 0.722124874591827 0.721805989742279 0.721487045288086 0.72073882818222 0.718702673912048 0.716666519641876 0.714630305767059 0.712594151496887 0.710557997226715 0.708521842956543 0.706485688686371 0.706681191921234 0.707620620727539 0.708560049533844 0.709499478340149 0.710438907146454
0.825172781944275 0.82959508895874 0.835633635520935 0.841672122478485 0.847710609436035 0.85374915599823 0.85978764295578 0.86582612991333 0.871864676475525 0.871284186840057 0.868497431278229 0.8657106757164 0.862923920154572 0.860137164592743 0.857350409030914 0.854563653469086 0.848619699478149 0.83320426940918 0.81778883934021 0.802373349666595 0.786957919597626 0.771542489528656 0.756127059459686 0.740711569786072 0.737603604793549 0.738598108291626 0.739592611789703 0.740587174892426 0.741581678390503 0.74257618188858 0.743570685386658 0.743472576141357 0.740096688270569 0.736720740795135 0.733344852924347 0.729968905448914 0.726593017578125 0.723217129707336 0.719841182231903 0.719346642494202 0.719812572002411 0.72027850151062 0.720744431018829 0.721210360527039
