resources/Exp000_Example-Run/Run01_M2/TimeSeries/1995/selection_set/frwlt_avg.asc
NCOLS 265 
NROWS 230 
XLLCORNER -115.5625 
YLLCORNER 24.8333333333333 
CELLSIZE 0.0833333333333333 
NODATA_value -9999 
[rows 200 to 219 of 230, columns 88 to 131 of 265]
0.629632949829102 0.605239450931549 0.59389591217041 0.582552373409271 0.571208834648132 0.559865355491638 0.548521816730499 0.53717827796936 0.525834739208221 0.528697848320007 0.536296546459198 0.543895244598389 0.551493942737579 0.559092581272125 0.566691279411316 0.574289977550507 0.587542474269867 0.617756366729736 0.647970259189606 0.678184151649475 0.708398044109344 0.738611936569214 0.768825829029083 0.799039721488953 0.817590832710266 0.832254350185394 0.846917808055878 0.861581325531006 0.876244783401489 0.890908300876617 0.905571818351746 0.918059527873993 0.924019873142242 0.929980278015137 0.935940682888031 0.94190102815628 0.947861433029175 0.953821778297424 0.959782183170319 0.962480127811432 0.964090585708618 0.965701043605804 0.967311441898346 0.968921899795532
0.649605870246887 0.626750946044922 0.614494740962982 0.602238476276398 0.589982271194458 0.577726006507874 0.565469741821289 0.553213536739349 0.540957272052765 0.539945781230927 0.542682588100433 0.54541939496994 0.548156201839447 0.550892949104309 0.553629755973816 0.556366562843323 0.565968990325928 0.596168398857117 0.626367807388306 0.656567215919495 0.686766684055328 0.716966092586517 0.747165501117706 0.777364909648895 0.797179162502289 0.813531756401062 0.82988429069519 0.846236884593964 0.862589418888092 0.878942012786865 0.895294547080994 0.909182250499725 0.915675282478333 0.92216831445694 0.928661346435547 0.935154378414154 0.941647410392761 0.948140442371368 0.954633474349976 0.957861840724945 0.96000200510025 0.962142109870911 0.964282214641571 0.966422379016876
0.669578850269318 0.64826250076294 0.635093510150909 0.621924579143524 0.608755648136139 0.595586657524109 0.582417726516724 0.569248735904694 0.556079804897308 0.551193714141846 0.549068629741669 0.546943545341492 0.544818460941315 0.542693316936493 0.540568232536316 0.538443148136139 0.544395565986633 0.574580490589142 0.60476541519165 0.634950339794159 0.665135264396667 0.695320188999176 0.725505113601685 0.755690038204193 0.776767492294312 0.79480916261673 0.812850773334503 0.830892384052277 0.848934054374695 0.866975665092468 0.885017275810242 0.900304913520813 0.907330632209778 0.914356350898743 0.921382009983063 0.928407728672028 0.935433447360992 0.942459106445312 0.949484825134277 0.953243613243103 0.955913424491882 0.958583235740662 0.961252987384796 0.963922798633575
0.689551770687103 0.669773995876312 0.655692338943481 0.641610682010651 0.62752902507782 0.613447368144989 0.599365651607513 0.585283994674683 0.571202337741852 0.562441647052765 0.555454671382904 0.548467695713043 0.541480720043182 0.534493684768677 0.527506709098816 0.520519733428955 0.522822082042694 0.552992522716522 0.58316296339035 0.613333404064178 0.643503904342651 0.67367434501648 0.703844785690308 0.734015226364136 0.756355881690979 0.776086568832397 0.795817255973816 0.815547943115234 0.835278630256653 0.855009317398071 0.874740064144135 0.891427636146545 0.898985981941223 0.906544327735901 0.914102733135223 0.921661078929901 0.929219424724579 0.936777770519257 0.944336116313934 0.948625326156616 0.951824843883514 0.955024302005768 0.958223760128021 0.961423277854919
0.707682907581329 0.689125180244446 0.674289524555206 0.659453868865967 0.644618213176727 0.629782557487488 0.614946901798248 0.600111246109009 0.585275590419769 0.573902070522308 0.563682496547699 0.553462982177734 0.54324346780777 0.533023953437805 0.522804379463196 0.512584865093231 0.512203395366669 0.541336238384247 0.57046902179718 0.599601805210114 0.628734648227692 0.657867431640625 0.687000215053558 0.716132998466492 0.739349901676178 0.76059478521347 0.781839728355408 0.8030846118927 0.824329555034637 0.84557443857193 0.866819322109222 0.884655117988586 0.892263352870941 0.899871587753296 0.907479882240295 0.91508811712265 0.92269641160965 0.930304646492004 0.937912881374359 0.942499339580536 0.946078479290009 0.949657618999481 0.953236758708954 0.956815958023071
0.723972260951996 0.706315994262695 0.690885066986084 0.675454199314117 0.660023272037506 0.644592344760895 0.629161477088928 0.613730549812317 0.598299622535706 0.585574865341187 0.573752164840698 0.56192946434021 0.550106763839722 0.538284003734589 0.5264613032341 0.514638602733612 0.512539565563202 0.539611577987671 0.566683530807495 0.593755483627319 0.620827496051788 0.647899448871613 0.674971461296082 0.702043414115906 0.725749611854553 0.748333871364594 0.770918130874634 0.793502390384674 0.816086709499359 0.838670969009399 0.86125522851944 0.879987299442291 0.887162685394287 0.894338071346283 0.901513516902924 0.908688902854919 0.91586434841156 0.923039734363556 0.930215179920197 0.934865593910217 0.93867439031601 0.942483186721802 0.946291983127594 0.950100779533386
0.740261554718018 0.723506808280945 0.707480669021606 0.691454470157623 0.675428330898285 0.659402132034302 0.643375992774963 0.62734979391098 0.611323654651642 0.59724771976471 0.583821833133698 0.570395886898041 0.556970000267029 0.543544113636017 0.530118227005005 0.516692340373993 0.512875735759735 0.53788685798645 0.56289803981781 0.58790922164917 0.612920343875885 0.637931525707245 0.66294264793396 0.68795382976532 0.712149322032928 0.736072957515717 0.759996592998505 0.783920228481293 0.807843863964081 0.831767499446869 0.855691075325012 0.875319480895996 0.882062017917633 0.888804614543915 0.895547151565552 0.902289688587189 0.90903228521347 0.915774822235107 0.922517418861389 0.927231907844543 0.93127030134201 0.935308754444122 0.939347207546234 0.943385660648346
0.756550848484039 0.740697622299194 0.724076211452484 0.707454800605774 0.690833389759064 0.674211919307709 0.657590508460999 0.640969097614288 0.624347686767578 0.608920514583588 0.593891441822052 0.578862369060516 0.563833296298981 0.548804223537445 0.533775150775909 0.518746078014374 0.513211846351624 0.536162197589874 0.559112548828125 0.582062900066376 0.605013251304626 0.627963542938232 0.650913894176483 0.673864245414734 0.698549032211304 0.72381204366684 0.749075055122375 0.774338006973267 0.799601018428802 0.824863970279694 0.85012698173523 0.870651662349701 0.876961350440979 0.883271098136902 0.88958078622818 0.895890533924103 0.902200222015381 0.908509910106659 0.914819657802582 0.919598162174225 0.923866271972656 0.928134322166443 0.932402431964874 0.936670541763306
0.772840201854706 0.757888436317444 0.740671753883362 0.72345507144928 0.706238389015198 0.689021706581116 0.671805083751678 0.654588401317596 0.637371718883514 0.620593369007111 0.603961110115051 0.587328851222992 0.570696592330933 0.554064333438873 0.537432074546814 0.520799815654755 0.513548016548157 0.534437537193298 0.55532705783844 0.576216578483582 0.597106099128723 0.617995619773865 0.638885140419006 0.659774661064148 0.684948801994324 0.711551129817963 0.738153457641602 0.76475578546524 0.791358172893524 0.817960500717163 0.844562828540802 0.865983843803406 0.871860682964325 0.877737581729889 0.883614420890808 0.889491319656372 0.895368158817291 0.901245057582855 0.907121896743774 0.911964416503906 0.916462182998657 0.920959889888763 0.925457656383514 0.929955363273621
0.789129495620728 0.775079250335693 0.75726729631424 0.73945540189743 0.721643447875977 0.703831493854523 0.686019599437714 0.66820764541626 0.650395750999451 0.632266163825989 0.614030718803406 0.595795273780823 0.577559888362885 0.559324443340302 0.541088998317719 0.522853553295135 0.51388418674469 0.532712876796722 0.551541566848755 0.570370256900787 0.58919894695282 0.608027637004852 0.626856327056885 0.645685076713562 0.671348512172699 0.699290215969086 0.727231919765472 0.755173623561859 0.783115327358246 0.811057031154633 0.838998734951019 0.861316025257111 0.866760015487671 0.872204065322876 0.877648055553436 0.883092105388641 0.888536095619202 0.893980145454407 0.899424135684967 0.904330670833588 0.909058094024658 0.913785457611084 0.918512880802155 0.92324024438858
0.801397264003754 0.788303971290588 0.770449876785278 0.752595841884613 0.734741806983948 0.716887772083282 0.699033737182617 0.681179702281952 0.663325667381287 0.644532740116119 0.625426828861237 0.606320917606354 0.587215065956116 0.568109154701233 0.54900324344635 0.529897391796112 0.519944071769714 0.537448525428772 0.554953038692474 0.572457492351532 0.58996194601059 0.607466459274292 0.62497091293335 0.642475366592407 0.668041288852692 0.69629430770874 0.724547326564789 0.752800345420837 0.781053364276886 0.809306383132935 0.837559461593628 0.859901487827301 0.864510476589203 0.869119465351105 0.873728513717651 0.878337502479553 0.882946491241455 0.887555539608002 0.892164528369904 0.896863460540771 0.901592314243317 0.906321227550507 0.911050140857697 0.915778994560242
0.809643387794495 0.797562539577484 0.780219495296478 0.762876510620117 0.745533466339111 0.72819048166275 0.710847496986389 0.693504452705383 0.676161468029022 0.657392978668213 0.638149380683899 0.61890572309494 0.599662125110626 0.580418527126312 0.561174869537354 0.54193127155304 0.531727731227875 0.548644602298737 0.565561413764954 0.582478284835815 0.599395096302032 0.616311967372894 0.633228778839111 0.650145649909973 0.675027072429657 0.702563405036926 0.730099737644196 0.75763601064682 0.785172343254089 0.812708675861359 0.840245008468628 0.861740171909332 0.865112006664276 0.86848384141922 0.871855676174164 0.875227510929108 0.878599345684052 0.881971180438995 0.885343015193939 0.889562666416168 0.894064903259277 0.898567140102386 0.90306943655014 0.90757167339325
0.817889511585236 0.80682110786438 0.789989113807678 0.773157179355621 0.75632518529892 0.739493191242218 0.722661197185516 0.705829203128815 0.688997268676758 0.670253217220306 0.650871872901917 0.631490528583527 0.612109184265137 0.592727839946747 0.573346495628357 0.553965151309967 0.54351145029068 0.559840619564056 0.576169848442078 0.592499077320099 0.608828246593475 0.625157475471497 0.641486644744873 0.657815873622894 0.682012856006622 0.708832502365112 0.735652089118958 0.762471735477448 0.789291322231293 0.816110968589783 0.842930555343628 0.863578915596008 0.865713596343994 0.867848217487335 0.869982898235321 0.872117519378662 0.874252200126648 0.876386821269989 0.878521502017975 0.882261872291565 0.886537492275238 0.890813112258911 0.895088732242584 0.899364352226257
0.826135635375977 0.816079676151276 0.799758732318878 0.783437788486481 0.767116844654083 0.750795900821686 0.734474956989288 0.718154013156891 0.701833069324493 0.683113515377045 0.663594424724579 0.644075334072113 0.624556243419647 0.605037212371826 0.58551812171936 0.565999031066895 0.55529510974884 0.571036696434021 0.586778223514557 0.602519810199738 0.618261396884918 0.634002983570099 0.64974457025528 0.665486097335815 0.688998699188232 0.715101599693298 0.741204500198364 0.76730740070343 0.793410301208496 0.819513201713562 0.845616102218628 0.865417659282684 0.866315126419067 0.86721259355545 0.868110060691833 0.869007527828217 0.869905054569244 0.870802521705627 0.87169998884201 0.874961078166962 0.879010081291199 0.883059024810791 0.887108027935028 0.89115697145462
0.834381759166718 0.825338304042816 0.809528350830078 0.793718457221985 0.777908504009247 0.762098610401154 0.74628871679306 0.730478763580322 0.714668869972229 0.695973753929138 0.676316976547241 0.6566601395607 0.637003362178802 0.617346525192261 0.597689688205719 0.578032910823822 0.567078769207001 0.582232713699341 0.597386658191681 0.612540602684021 0.627694547176361 0.642848491668701 0.658002436161041 0.673156380653381 0.695984482765198 0.721370697021484 0.746756911277771 0.772143065929413 0.7975292801857 0.822915494441986 0.848301708698273 0.86725640296936 0.866916716098785 0.866576969623566 0.866237282752991 0.865897595882416 0.865557849407196 0.865218162536621 0.864878475666046 0.867660284042358 0.871482610702515 0.875304996967316 0.879127323627472 0.882949650287628
0.842627882957458 0.834596872329712 0.819297969341278 0.803999066352844 0.788700222969055 0.773401319980621 0.758102416992188 0.742803573608398 0.727504670619965 0.708834052085876 0.689039468765259 0.669244945049286 0.649450421333313 0.62965589761734 0.609861314296722 0.59006679058075 0.578862488269806 0.593428790569305 0.607995092868805 0.622561395168304 0.637127697467804 0.651693999767303 0.666260302066803 0.680826604366302 0.702970325946808 0.72763979434967 0.752309262752533 0.77697879076004 0.801648259162903 0.82631778717041 0.850987255573273 0.869095146656036 0.867518246173859 0.865941345691681 0.864364504814148 0.86278760433197 0.861210703849792 0.859633803367615 0.858056962490082 0.860359489917755 0.863955199718475 0.867550909519196 0.871146619319916 0.874742329120636
0.847213864326477 0.84020721912384 0.825590968132019 0.810974717140198 0.796358406543732 0.78174215555191 0.767125904560089 0.752509653568268 0.737893402576447 0.719717085361481 0.700354099273682 0.680991113185883 0.661628127098083 0.642265141010284 0.622902154922485 0.603539168834686 0.59265124797821 0.607188522815704 0.621725797653198 0.636263012886047 0.650800287723541 0.665337562561035 0.679874837398529 0.694412112236023 0.71530032157898 0.738305509090424 0.761310636997223 0.784315824508667 0.807321012020111 0.830326199531555 0.853331327438354 0.869956254959106 0.867440283298492 0.864924311637878 0.862408339977264 0.85989236831665 0.857376396656036 0.854860424995422 0.852344453334808 0.854233920574188 0.857591867446899 0.860949873924255 0.864307820796967 0.867665767669678
0.848139703273773 0.842169344425201 0.828407287597656 0.814645230770111 0.800883233547211 0.787121176719666 0.77335911989212 0.759597063064575 0.745835065841675 0.728622913360596 0.71026074886322 0.69189864397049 0.673536479473114 0.655174314975739 0.636812150478363 0.618450045585632 0.608445107936859 0.623511910438538 0.638578772544861 0.653645575046539 0.668712377548218 0.683779239654541 0.69884604215622 0.713912844657898 0.732974469661713 0.753367722034454 0.773760974407196 0.794154226779938 0.81454747915268 0.834940731525421 0.855333983898163 0.86983972787857 0.866682767868042 0.863525807857513 0.860368847846985 0.857211887836456 0.854054927825928 0.850898027420044 0.847741067409515 0.849283635616302 0.852392733097076 0.855501770973206 0.85861086845398 0.861719965934753
0.849065482616425 0.844131469726562 0.831223607063293 0.818315804004669 0.805408000946045 0.792500138282776 0.779592335224152 0.766684532165527 0.753776669502258 0.737528741359711 0.720167458057404 0.702806115150452 0.685444831848145 0.668083488941193 0.650722205638885 0.633360862731934 0.624238967895508 0.639835357666016 0.655431747436523 0.671028137207031 0.686624467372894 0.702220857143402 0.71781724691391 0.733413577079773 0.750648677349091 0.76842999458313 0.786211311817169 0.803992688655853 0.821774005889893 0.839555323123932 0.857336640357971 0.86972314119339 0.865925252437592 0.862127304077148 0.858329355716705 0.854531407356262 0.850733518600464 0.846935570240021 0.843137621879578 0.844333291053772 0.847193539142609 0.8500537276268 0.852913975715637 0.855774164199829
0.849991321563721 0.846093595027924 0.834039986133575 0.821986377239227 0.809932768344879 0.797879159450531 0.785825550556183 0.773771941661835 0.761718332767487 0.746434569358826 0.730074107646942 0.713713645935059 0.697353184223175 0.680992662906647 0.664632201194763 0.64827173948288 0.640032887458801 0.656158804893494 0.672284722328186 0.688410639762878 0.704536557197571 0.720662474632263 0.736788392066956 0.752914369106293 0.768322885036469 0.783492267131805 0.798661708831787 0.813831090927124 0.829000473022461 0.844169914722443 0.85933929681778 0.869606614112854 0.865167677402496 0.860728800296783 0.856289863586426 0.851850926876068 0.847412049770355 0.842973113059998 0.838534235954285 0.839383006095886 0.841994345188141 0.844605684280396 0.84721702337265 0.849828362464905
