resources/Exp000_Example-Run/Run01_M2/TimeSeries/1995/selection_set/frwlt_avg.asc
NCOLS 265 
NROWS 230 
XLLCORNER -115.5625 
YLLCORNER 24.8333333333333 
CELLSIZE 0.0833333333333333 
NODATA_value -9999 
[rows 140 to 159 of 230, columns 220 to 263 of 265]
0.403498888015747 0.39659658074379 0.389694273471832 0.382791966199875 0.376627206802368 0.372675150632858 0.368723064661026 0.364771008491516 0.360818952322006 0.356866866350174 0.352914810180664 0.348962724208832 0.347745627164841 0.347440183162689 0.347134709358215 0.346829265356064 0.346523821353912 0.346218377351761 0.345912933349609 0.345874696969986 0.346638143062592 0.347401589155197 0.348165035247803 0.348928451538086 0.349691897630692 0.350455343723297 0.351218789815903 0.343318343162537 0.332529962062836 0.321741551160812 0.310953170061111 0.300164759159088 0.289376378059387 0.278587967157364 0.268793404102325 0.261980295181274 0.255167186260223 0.248354062438011 0.24154095351696 0.234727844595909 0.227914735674858 0.221101626753807 0.217421859502792 0.214786559343338
0.397637248039246 0.392820119857788 0.388002961874008 0.383185833692551 0.378825813531876 0.375837206840515 0.372848629951477 0.369860023260117 0.366871416568756 0.363882839679718 0.360894232988358 0.357905626296997 0.356078386306763 0.354638248682022 0.353198111057281 0.351757973432541 0.3503178358078 0.34887769818306 0.347437560558319 0.346379011869431 0.346465349197388 0.346551656723022 0.346637964248657 0.346724271774292 0.346810579299927 0.346896886825562 0.346983224153519 0.33902496099472 0.328385204076767 0.317745447158813 0.30710569024086 0.296465933322906 0.285826146602631 0.275186389684677 0.265387535095215 0.258111417293549 0.25083526968956 0.243559151887894 0.236283019185066 0.229006886482239 0.221730753779411 0.214454635977745 0.21069698035717 0.20811216533184
0.391775608062744 0.389043629169464 0.386311650276184 0.383579671382904 0.381024420261383 0.378999292850494 0.376974165439606 0.374949038028717 0.372923910617828 0.37089878320694 0.368873655796051 0.366848528385162 0.364411145448685 0.361836314201355 0.359261482954025 0.356686651706696 0.354111820459366 0.351537019014359 0.348962187767029 0.346883356571198 0.346292525529861 0.345701724290848 0.345110893249512 0.344520092010498 0.343929260969162 0.343338459730148 0.342747628688812 0.334731578826904 0.324240446090698 0.313749313354492 0.303258210420609 0.292767077684402 0.282275944948196 0.27178481221199 0.261981695890427 0.254242539405823 0.246503382921219 0.238764241337776 0.231025084853172 0.22328594326973 0.215546786785126 0.207807645201683 0.203972101211548 0.201437771320343
0.385913968086243 0.385267168283463 0.384620368480682 0.38397353887558 0.38322302699089 0.382161378860474 0.381099730730057 0.380038052797318 0.378976404666901 0.377914756536484 0.376853108406067 0.37579146027565 0.372743904590607 0.369034379720688 0.365324854850769 0.361615359783173 0.357905834913254 0.354196310043335 0.350486814975739 0.347387671470642 0.346119731664658 0.344851791858673 0.343583852052689 0.342315882444382 0.341047942638397 0.339780002832413 0.338512063026428 0.330438196659088 0.32009568810463 0.309753209352493 0.299410730600357 0.289068222045898 0.278725743293762 0.268383234739304 0.258575826883316 0.250373661518097 0.242171496152878 0.233969315886497 0.225767150521278 0.217564985156059 0.20936281979084 0.201160654425621 0.197247222065926 0.194763377308846
0.379798322916031 0.38095697760582 0.382115662097931 0.38327431678772 0.38406965136528 0.383774966001511 0.383480280637741 0.383185595273972 0.382890909910202 0.382596224546432 0.382301539182663 0.382006853818893 0.378680974245071 0.374344736337662 0.37000846862793 0.36567223072052 0.36133599281311 0.356999725103378 0.352663487195969 0.348864018917084 0.346674919128418 0.344485849142075 0.342296749353409 0.340107649564743 0.3379185795784 0.335729479789734 0.333540380001068 0.325370728969574 0.315207540988922 0.305044323205948 0.294881135225296 0.284717947244644 0.274554759263992 0.26439157128334 0.254705339670181 0.246450081467628 0.238194808363914 0.2299395352602 0.221684262156487 0.213429003953934 0.20517373085022 0.196918457746506 0.193264946341515 0.191145360469818
0.373428642749786 0.376113086938858 0.378797560930252 0.381482034921646 0.383564323186874 0.383840084075928 0.384115844964981 0.384391635656357 0.38466739654541 0.384943187236786 0.385218948125839 0.385494709014893 0.382222384214401 0.377767354249954 0.373312324285507 0.36885729432106 0.364402264356613 0.359947234392166 0.355492204427719 0.3513123691082 0.347958117723465 0.34460386633873 0.341249614953995 0.33789536356926 0.334541141986847 0.331186890602112 0.327832639217377 0.319529145956039 0.309575915336609 0.299622714519501 0.28966948390007 0.27971625328064 0.269763022661209 0.259809792041779 0.250370264053345 0.242471799254417 0.234573349356651 0.226674884557724 0.218776434659958 0.210877969861031 0.202979519963264 0.195081055164337 0.192025274038315 0.190583720803261
0.36705893278122 0.371269196271896 0.375479459762573 0.37968972325325 0.383058995008469 0.383905202150345 0.384751439094543 0.385597676038742 0.386443912982941 0.387290120124817 0.388136357069016 0.388982594013214 0.385763794183731 0.381189972162247 0.376616150140762 0.3720423579216 0.367468535900116 0.362894713878632 0.35832092165947 0.353760719299316 0.349241316318512 0.344721913337708 0.340202510356903 0.335683107376099 0.331163704395294 0.32664430141449 0.322124898433685 0.313687592744827 0.303944319486618 0.294201076030731 0.284457802772522 0.274714559316635 0.264971286058426 0.255228012800217 0.246035158634186 0.238493517041206 0.230951875448227 0.223410233855247 0.215868592262268 0.208326950669289 0.200785309076309 0.19324366748333 0.190785601735115 0.190022081136703
0.360689252614975 0.366425305604935 0.372161358594894 0.377897441387177 0.38255363702774 0.383970320224762 0.385387033224106 0.386803716421127 0.388220399618149 0.38963708281517 0.391053766012192 0.392470449209213 0.389305204153061 0.384612590074539 0.37992000579834 0.37522742152214 0.370534807443619 0.365842223167419 0.36114963889122 0.35620903968811 0.350524485111237 0.344839930534363 0.339155375957489 0.333470821380615 0.327786266803741 0.322101712226868 0.316417127847672 0.307846039533615 0.298312723636627 0.288779437541962 0.279246151447296 0.269712835550308 0.260179549455643 0.250646263360977 0.241700068116188 0.234515249729156 0.227330416440964 0.220145583152771 0.212960749864578 0.205775931477547 0.198591098189354 0.191406264901161 0.189545944333076 0.189460441470146
0.35431957244873 0.361581414937973 0.368843287229538 0.37610512971878 0.382048308849335 0.384035438299179 0.386022597551346 0.388009756803513 0.389996886253357 0.391984045505524 0.393971174955368 0.395958334207535 0.392846584320068 0.388035207986832 0.383223861455917 0.378412485122681 0.373601108789444 0.368789732456207 0.363978356122971 0.358657389879227 0.351807683706284 0.34495797753334 0.338108241558075 0.331258535385132 0.324408829212189 0.317559093236923 0.31070938706398 0.302004456520081 0.292681127786636 0.283357799053192 0.274034470319748 0.264711141586304 0.25538781285286 0.246064484119415 0.23736497759819 0.230536967515945 0.223708957433701 0.216880932450294 0.21005292236805 0.203224912285805 0.196396887302399 0.189568877220154 0.188306272029877 0.188898786902428
0.347949892282486 0.356737524271011 0.365525186061859 0.374312818050385 0.381542980670929 0.384100586175919 0.386658191680908 0.389215797185898 0.391773402690887 0.394331008195877 0.396888613700867 0.399446219205856 0.396387994289398 0.391457855701447 0.386527687311172 0.381597548723221 0.376667380332947 0.371737211942673 0.366807073354721 0.361105740070343 0.353090882301331 0.345075994729996 0.337061136960983 0.329046249389648 0.321031391620636 0.313016504049301 0.305001646280289 0.296162903308868 0.287049531936646 0.277936160564423 0.268822818994522 0.259709447622299 0.250596076250076 0.241482704877853 0.233029887080193 0.226558685302734 0.220087483525276 0.213616281747818 0.20714507997036 0.200673878192902 0.194202676415443 0.187731474637985 0.187066599726677 0.18833714723587
0.347141236066818 0.356254458427429 0.365367650985718 0.374480873346329 0.381965756416321 0.384565681219101 0.387165606021881 0.389765560626984 0.392365485429764 0.394965410232544 0.397565335035324 0.400165289640427 0.396940737962723 0.39177468419075 0.386608630418777 0.381442576646805 0.376276522874832 0.37111046910286 0.365944415330887 0.359966993331909 0.351555496454239 0.343143999576569 0.334732472896576 0.326320976018906 0.317909479141235 0.309497952461243 0.301086455583572 0.292366653680801 0.283544093370438 0.274721503257751 0.265898942947388 0.257076382637024 0.248253807425499 0.239431247115135 0.231192976236343 0.224707573652267 0.218222185969353 0.211736783385277 0.205251395702362 0.198766008019447 0.192280605435371 0.185795217752457 0.185192286968231 0.186550170183182
0.35189363360405 0.360132157802582 0.368370682001114 0.376609236001968 0.383316665887833 0.385430783033371 0.387544900178909 0.38965904712677 0.391773164272308 0.393887281417847 0.396001428365707 0.398115545511246 0.39450478553772 0.388985723257065 0.38346666097641 0.377947598695755 0.3724285364151 0.366909474134445 0.36139041185379 0.35524120926857 0.347201585769653 0.339161962270737 0.33112233877182 0.323082715272903 0.315043091773987 0.30700346827507 0.298963844776154 0.29061570763588 0.28216478228569 0.273713827133179 0.26526290178299 0.256811946630478 0.248361021280289 0.239910081028938 0.231854230165482 0.224983632564545 0.218113034963608 0.211242452263832 0.204371854662895 0.197501257061958 0.190630674362183 0.183760076761246 0.182683318853378 0.183537855744362
0.356646031141281 0.364009886980057 0.371373742818832 0.378737598657608 0.384667545557022 0.386295884847641 0.387924194335938 0.389552533626556 0.391180843114853 0.392809152603149 0.394437491893768 0.396065801382065 0.392068833112717 0.38619676232338 0.380324691534042 0.374452590942383 0.368580520153046 0.362708449363708 0.356836378574371 0.350515395402908 0.342847645282745 0.335179895162582 0.327512174844742 0.319844424724579 0.312176674604416 0.304508954286575 0.296841204166412 0.28886479139328 0.280785471200943 0.272706151008606 0.264626860618591 0.256547540426254 0.248468235135078 0.240388914942741 0.23251548409462 0.225259691476822 0.218003898859024 0.210748106241226 0.203492313623428 0.19623652100563 0.188980728387833 0.181724935770035 0.180174365639687 0.180525526404381
0.361398428678513 0.367887616157532 0.374376773834229 0.380865961313248 0.386018455028534 0.387160986661911 0.388303488492966 0.389446020126343 0.390588521957397 0.391731023788452 0.392873555421829 0.394016057252884 0.389632880687714 0.383407801389694 0.377182692289352 0.370957612991333 0.364732533693314 0.358507454395294 0.352282345294952 0.345789581537247 0.338493704795837 0.33119785785675 0.323902010917664 0.316606163978577 0.309310287237167 0.30201444029808 0.294718593358994 0.287113845348358 0.279406160116196 0.271698474884033 0.263990819454193 0.256283134222031 0.248575434088707 0.240867748856544 0.233176738023758 0.225535750389099 0.21789476275444 0.210253775119781 0.202612772583961 0.194971784949303 0.187330797314644 0.179689794778824 0.177665397524834 0.177513211965561
0.366150826215744 0.371765315532684 0.377379804849625 0.382994323968887 0.387369364500046 0.388026058673859 0.388682782649994 0.389339476823807 0.389996200799942 0.390652924776077 0.39130961894989 0.391966342926025 0.387196928262711 0.380618840456009 0.374040722846985 0.367462635040283 0.360884517431259 0.354306429624557 0.347728341817856 0.341063767671585 0.334139794111252 0.327215820550919 0.320291846990585 0.313367873430252 0.306443899869919 0.299519926309586 0.292595952749252 0.285362929105759 0.278026878833771 0.27069079875946 0.263354748487473 0.256018698215485 0.248682647943497 0.241346597671509 0.233838006854057 0.225811809301376 0.217785611748695 0.209759429097176 0.201733231544495 0.193707048892975 0.185680851340294 0.177654668688774 0.175156444311142 0.17450088262558
0.370903223752975 0.375643044710159 0.380382865667343 0.385122686624527 0.388720273971558 0.388891160488129 0.389062076807022 0.389232963323593 0.389403879642487 0.38957479596138 0.389745682477951 0.389916598796844 0.384760975837708 0.377829879522324 0.370898753404617 0.363967657089233 0.357036530971527 0.350105404853821 0.343174308538437 0.336337953805923 0.329785853624344 0.323233783245087 0.316681683063507 0.31012961268425 0.30357751250267 0.297025412321091 0.290473341941833 0.283611983060837 0.276647567749023 0.26968315243721 0.262718707323074 0.255754292011261 0.248789861798286 0.241825431585312 0.234499260783195 0.226087868213654 0.217676475644112 0.20926508307457 0.200853690505028 0.192442312836647 0.184030920267105 0.175619527697563 0.17264749109745 0.17148856818676
0.377077549695969 0.380754321813583 0.384431064128876 0.388107806444168 0.39075168967247 0.390296936035156 0.389842212200165 0.389387458562851 0.388932704925537 0.388477981090546 0.388023227453232 0.38756850361824 0.38182133436203 0.374310046434402 0.366798758506775 0.359287470579147 0.35177618265152 0.344264894723892 0.336753606796265 0.329565852880478 0.323348760604858 0.317131638526917 0.310914546251297 0.304697424173355 0.298480331897736 0.292263239622116 0.286046117544174 0.280026465654373 0.274072587490082 0.268118739128113 0.262164890766144 0.256211042404175 0.250257194042206 0.244303330779076 0.237655073404312 0.228923633694649 0.220192193984985 0.211460739374161 0.202729299664497 0.193997845053673 0.185266405344009 0.176534965634346 0.173207327723503 0.171680971980095
0.384673833847046 0.387099117040634 0.389524400234222 0.391949683427811 0.393463611602783 0.392243385314941 0.3910231590271 0.389802932739258 0.388582706451416 0.387362509965897 0.386142283678055 0.384922057390213 0.378378033638 0.370059370994568 0.361740738153458 0.353422105312347 0.345103472471237 0.336784839630127 0.328466206789017 0.320747464895248 0.314828455448151 0.30890941619873 0.302990406751633 0.297071367502213 0.291152358055115 0.285233348608017 0.279314309358597 0.274606317281723 0.270301967859268 0.265997648239136 0.261693298816681 0.257388979196548 0.253084629774094 0.2487802952528 0.243305459618568 0.234319105744362 0.225332751870155 0.216346397995949 0.207360029220581 0.198373675346375 0.189387321472168 0.180400967597961 0.176835983991623 0.175078108906746
0.392270117998123 0.393443942070007 0.394617766141891 0.395791590213776 0.396175533533096 0.394189804792404 0.392204105854034 0.390218406915665 0.388232707977295 0.386247009038925 0.384261310100555 0.382275611162186 0.374934703111649 0.365808725357056 0.35668271780014 0.347556740045547 0.338430762290955 0.329304784536362 0.320178806781769 0.311929076910019 0.306308150291443 0.300687193870544 0.295066267251968 0.28944531083107 0.283824384212494 0.278203457593918 0.272582501173019 0.269186168909073 0.266531348228455 0.263876527547836 0.261221706867218 0.2585668861866 0.255912095308304 0.253257274627686 0.248955845832825 0.239714577794075 0.230473309755325 0.221232041716576 0.211990773677826 0.202749505639076 0.193508237600327 0.184266969561577 0.180464625358582 0.178475260734558
0.3998664021492 0.39978876709938 0.399711132049561 0.399633467197418 0.398887455463409 0.396136254072189 0.393385082483292 0.390633881092072 0.387882709503174 0.385131537914276 0.382380336523056 0.379629164934158 0.371491372585297 0.361558049917221 0.351624727249146 0.341691374778748 0.331758052110672 0.321824729442596 0.311891406774521 0.303110688924789 0.297787845134735 0.292464971542358 0.287142127752304 0.281819254159927 0.276496410369873 0.271173566579819 0.265850692987442 0.263766020536423 0.262760728597641 0.261755436658859 0.260750114917755 0.259744822978973 0.258739531040192 0.25773423910141 0.25460621714592 0.245110049843788 0.235613867640495 0.226117685437202 0.216621518135071 0.207125335931778 0.197629153728485 0.188132986426353 0.184093281626701 0.181872397661209
