resources/Exp000_Example-Run/Run01_M2/TimeSeries/1995/selection_set/hflux_avg.asc
NCOLS 265 
NROWS 230 
XLLCORNER -115.5625 
YLLCORNER 24.8333333333333 
CELLSIZE 0.0833333333333333 
NODATA_value -9999 
[rows 100 to 119 of 230, columns 0 to 45 of 265]
71.9664154052734 72.1041717529297 72.2419281005859 72.3796844482422 72.5174407958984 72.6551971435547 72.7929534912109 72.8187789916992 72.8073043823242 72.7958221435547 72.7843399047852 72.7728652954102 72.7613830566406 72.7499008178711 72.8249359130859 73.1595001220703 73.4940719604492 73.8286361694336 74.163200378418 74.4977722167969 74.8323364257812 75.1669082641602 75.2799224853516 75.3190841674805 75.3582458496094 75.3974151611328 75.4365768432617 75.4757385253906 75.5149002075195 75.3489761352539 74.5677642822266 73.7865524291992 73.0053405761719 72.2241287231445 71.4429168701172 70.6617050170898 69.8804931640625 69.8555145263672 70.0826034545898 70.309700012207 70.5367889404297 70.7638854980469 70.9909820556641 71.2180709838867 71.0423431396484 69.6581573486328
72.2180252075195 72.4861679077148 72.7543106079102 73.0224456787109 73.2905883789062 73.558723449707 73.8268661499023 73.8927459716797 73.8912124633789 73.8896713256836 73.8881378173828 73.8865966796875 73.8850631713867 73.8835220336914 73.9336395263672 74.1387023925781 74.3437728881836 74.5488357543945 74.75390625 74.9589691162109 75.1640396118164 75.3691024780273 75.460693359375 75.5144577026367 75.5682144165039 75.6219787597656 75.6757431030273 75.7295074462891 75.7832717895508 75.6213836669922 74.8125686645508 74.0037536621094 73.194938659668 72.3861236572266 71.5773010253906 70.7684860229492 69.9596710205078 69.952018737793 70.21142578125 70.4708251953125 70.7302322387695 70.9896392822266 71.2490463256836 71.5084457397461 71.3706283569336 70.0411224365234
72.0996322631836 72.4069137573242 72.7142028808594 73.021484375 73.3287658691406 73.6360549926758 73.9433364868164 74.0559463500977 74.1036682128906 74.1513977050781 74.1991195678711 74.2468414306641 74.294563293457 74.34228515625 74.415397644043 74.5646820068359 74.7139663696289 74.8632507324219 75.0125350952148 75.1618194580078 75.3111038208008 75.4603881835938 75.5617523193359 75.6471328735352 75.7325210571289 75.8179092407227 75.9032974243164 75.9886856079102 76.0740737915039 75.9355697631836 75.1254043579102 74.3152389526367 73.5050659179688 72.6949005126953 71.8847351074219 71.0745697021484 70.2643966674805 70.3155899047852 70.6539077758789 70.9922256469727 71.3305358886719 71.6688537597656 72.0071640014648 72.3454818725586 72.261344909668 70.9098434448242
71.6112213134766 71.8664169311523 72.1216049194336 72.3767929077148 72.6319885253906 72.8871765136719 73.1423645019531 73.3083877563477 73.4446868896484 73.5809860229492 73.71728515625 73.8535842895508 73.9898834228516 74.1261825561523 74.2702102661133 74.4374313354492 74.6046524047852 74.7718734741211 74.939094543457 75.106315612793 75.2735443115234 75.4407653808594 75.5830993652344 75.7171325683594 75.8511657714844 75.9852066040039 76.1192398071289 76.2532730102539 76.3873138427734 76.2915267944336 75.5062637329102 74.7210006713867 73.9357376098633 73.1504745483398 72.3652114868164 71.579948425293 70.7946853637695 70.9462356567383 71.4100570678711 71.8738784790039 72.3377075195312 72.8015289306641 73.2653503417969 73.7291717529297 73.7144927978516 72.2643203735352
71.1228179931641 71.3259124755859 71.5290069580078 71.7321090698242 71.9352035522461 72.138298034668 72.3413925170898 72.5608291625977 72.7856979370117 73.0105743408203 73.2354507446289 73.4603271484375 73.6852035522461 73.9100723266602 74.1250228881836 74.3101806640625 74.4953384399414 74.6804962158203 74.8656616210938 75.0508193969727 75.2359771728516 75.4211349487305 75.6044387817383 75.7871246337891 75.9698104858398 76.1524963378906 76.3351821899414 76.5178680419922 76.700553894043 76.6474761962891 75.8871154785156 75.1267623901367 74.3664016723633 73.6060409545898 72.8456878662109 72.0853271484375 71.3249664306641 71.5768737792969 72.1662063598633 72.7555389404297 73.3448715209961 73.9342041015625 74.5235290527344 75.1128616333008 75.1676483154297 73.6188049316406
70.6344146728516 70.7854156494141 70.9364166259766 71.0874176025391 71.2384185791016 71.3894195556641 71.5404281616211 71.8132629394531 72.1267166137695 72.4401626586914 72.7536163330078 73.0670700073242 73.3805160522461 73.6939697265625 73.9798355102539 74.1829299926758 74.3860244750977 74.5891265869141 74.7922210693359 74.9953155517578 75.1984176635742 75.4015121459961 75.6257858276367 75.8571243286133 76.0884552001953 76.3197860717773 76.5511245727539 76.7824554443359 77.0137939453125 77.0034255981445 76.2679748535156 75.5325241088867 74.7970657348633 74.0616149902344 73.3261566162109 72.590705871582 71.8552551269531 72.20751953125 72.9223556518555 73.6371994018555 74.3520355224609 75.0668792724609 75.7817153930664 76.4965591430664 76.6208038330078 74.9732894897461
70.1460037231445 70.2449111938477 70.3438186645508 70.4427261352539 70.5416412353516 70.6405487060547 70.7394561767578 71.0657043457031 71.4677276611328 71.869758605957 72.2717819213867 72.6738128662109 73.0758361816406 73.4778671264648 73.8346481323242 74.0556793212891 74.2767181396484 74.4977493286133 74.7187805175781 74.9398193359375 75.1608505249023 75.3818893432617 75.6471328735352 75.927116394043 76.2070999145508 76.4870834350586 76.7670669555664 77.0470504760742 77.327033996582 77.3593826293945 76.6488342285156 75.9382858276367 75.2277297973633 74.5171813964844 73.8066329956055 73.0960845947266 72.3855361938477 72.8381576538086 73.6785049438477 74.5188522338867 75.3592071533203 76.1995544433594 77.0399017333984 77.8802490234375 78.0739593505859 76.327766418457
69.657600402832 69.7044143676758 69.7512283325195 69.7980422973633 69.844856262207 69.8916702270508 69.9384841918945 70.3181381225586 70.8087463378906 71.2993469238281 71.7899475097656 72.2805557250977 72.7711563110352 73.2617645263672 73.6894607543945 73.9284286499023 74.1674041748047 74.4063720703125 74.6453475952148 74.8843154907227 75.123291015625 75.3622665405273 75.6684799194336 75.9971084594727 76.3257446289062 76.6543731689453 76.9830093383789 77.311637878418 77.6402740478516 77.71533203125 77.0296859741211 76.3440475463867 75.6584014892578 74.9727554321289 74.287109375 73.6014633178711 72.9158172607422 73.4688034057617 74.4346542358398 75.4005126953125 76.3663711547852 77.3322296142578 78.2980804443359 79.2639389038086 79.5271148681641 77.6822509765625
68.9194564819336 68.9679870605469 69.0165176391602 69.065055847168 69.1135864257812 69.1621246337891 69.2106552124023 69.647819519043 70.2145233154297 70.7812271118164 71.3479309082031 71.9146347045898 72.4813385009766 73.0480499267578 73.5361099243164 73.7882308959961 74.0403518676758 74.2924728393555 74.5445938110352 74.7967147827148 75.0488357543945 75.3009567260742 75.627326965332 75.9784469604492 76.3295669555664 76.6806869506836 77.0318069458008 77.382926940918 77.7340469360352 77.8455505371094 77.2382125854492 76.6308746337891 76.0235366821289 75.4161911010742 74.8088531494141 74.2015151977539 73.5941772460938 74.1065216064453 74.9921035766602 75.877685546875 76.7632598876953 77.6488418579102 78.5344161987305 79.4199981689453 79.6740036010742 78.0332946777344
67.9315719604492 68.0356369018555 68.1397018432617 68.243766784668 68.3478393554688 68.451904296875 68.5559692382812 69.0547332763672 69.6850662231445 70.3153991699219 70.9457321166992 71.576057434082 72.2063903808594 72.8367233276367 73.3745880126953 73.6350708007812 73.8955535888672 74.1560363769531 74.4165191650391 74.677001953125 74.9374847412109 75.1979675292969 75.5236663818359 75.8711166381836 76.2185668945312 76.5660095214844 76.913459777832 77.2609100341797 77.6083526611328 77.7500305175781 77.2743988037109 76.7987670898438 76.3231353759766 75.8475036621094 75.3718643188477 74.8962326049805 74.4206008911133 74.7513275146484 75.3508453369141 75.9503631591797 76.5498733520508 77.1493911743164 77.748908996582 78.3484191894531 78.5146255493164 77.3808898925781
66.9436874389648 67.1032867431641 67.2628860473633 67.4224853515625 67.5820846557617 67.7416839599609 67.9012832641602 68.4616546630859 69.1556091308594 69.8495712280273 70.5435256958008 71.2374801635742 71.9314422607422 72.6253967285156 73.2130737304688 73.4819183349609 73.7507629394531 74.0195999145508 74.288444519043 74.5572891235352 74.8261337280273 75.094970703125 75.4200134277344 75.763786315918 76.1075668334961 76.4513397216797 76.7951126098633 77.1388931274414 77.482666015625 77.6545181274414 77.3105926513672 76.9666595458984 76.6227340698242 76.27880859375 75.9348831176758 75.5909576416016 75.2470245361328 75.3961334228516 75.709587097168 76.0230407714844 76.3364868164062 76.6499404907227 76.9633941650391 77.2768478393555 77.3552474975586 76.7284927368164
65.9558029174805 66.1709365844727 66.3860702514648 66.601203918457 66.8163375854492 67.0314712524414 67.2465972900391 67.8685684204102 68.6261520385742 69.3837356567383 70.1413192749023 70.8989028930664 71.6564865112305 72.4140701293945 73.0515594482422 73.3287658691406 73.6059646606445 73.883171081543 74.1603698730469 74.4375762939453 74.7147750854492 74.9919815063477 75.3163604736328 75.6564636230469 75.9965667724609 76.336669921875 76.6767730712891 77.0168762207031 77.3569793701172 77.5589981079102 77.3467788696289 77.1345596313477 76.9223403930664 76.7101135253906 76.4978942871094 76.2856750488281 76.0734558105469 76.0409393310547 76.0683288574219 76.0957183837891 76.1231079101562 76.1504898071289 76.1778793334961 76.2052688598633 76.1958694458008 76.0760955810547
64.9679183959961 65.2385864257812 65.5092544555664 65.779914855957 66.0505828857422 66.3212509155273 66.5919189453125 67.2754898071289 68.0967025756836 68.9179077148438 69.7391204833984 70.5603332519531 71.3815383911133 72.202751159668 72.8900451660156 73.1756134033203 73.4611740112305 73.7467346191406 74.0323028564453 74.3178634643555 74.6034240722656 74.8889923095703 75.2126998901367 75.5491333007812 75.8855667114258 76.2219924926758 76.5584259033203 76.8948593139648 77.2312850952148 77.4634857177734 77.3829650878906 77.3024520874023 77.2219390869141 77.1414260864258 77.060905456543 76.9803924560547 76.8998794555664 76.6857452392578 76.4270706176758 76.1683959960938 75.9097213745117 75.6510467529297 75.3923721313477 75.1336975097656 75.036491394043 75.4236907958984
63.980037689209 64.3062362670898 64.632438659668 64.9586334228516 65.2848358154297 65.6110305786133 65.9372329711914 66.6824111938477 67.5672454833984 68.4520797729492 69.3369140625 70.2217559814453 71.1065902709961 71.9914245605469 72.7285308837891 73.0224533081055 73.3163833618164 73.6103057861328 73.9042282104492 74.1981506347656 74.492073059082 74.7859954833984 75.1090469360352 75.4418029785156 75.7745666503906 76.1073226928711 76.4400787353516 76.7728424072266 77.105598449707 77.3679656982422 77.4191589355469 77.4703521728516 77.5215377807617 77.5727310180664 77.6239242553711 77.6751098632812 77.7263031005859 77.3305511474609 76.7858123779297 76.2410736083984 75.6963348388672 75.1515960693359 74.6068572998047 74.0621185302734 73.8771133422852 74.7712936401367
63.6925811767578 64.0270462036133 64.3615036010742 64.6959609985352 65.0304260253906 65.3648834228516 65.6993408203125 66.4458465576172 67.3296890258789 68.2135391235352 69.0973892211914 69.9812393188477 70.8650817871094 71.7489318847656 72.4837417602539 72.7714233398438 73.0591049194336 73.346794128418 73.6344757080078 73.9221572875977 74.209846496582 74.4975280761719 74.8095016479492 75.1295623779297 75.4496307373047 75.7696990966797 76.0897674560547 76.4098281860352 76.7298965454102 77.0032806396484 77.1366119384766 77.2699356079102 77.4032669067383 77.5365982055664 77.6699295043945 77.8032608032227 77.9365844726562 77.4978256225586 76.8683624267578 76.238899230957 75.6094360351562 74.9799728393555 74.3505096435547 73.7210464477539 73.5309600830078 74.6589965820312
64.1055526733398 64.4010009765625 64.6964569091797 64.9919052124023 65.287353515625 65.5828018188477 65.8782501220703 66.565803527832 67.3840484619141 68.2022933959961 69.0205383300781 69.8387832641602 70.6570281982422 71.4752731323242 72.1556625366211 72.4225082397461 72.6893539428711 72.9561996459961 73.2230453491211 73.4898910522461 73.7567367553711 74.0235824584961 74.3140563964844 74.6124114990234 74.9107666015625 75.2091217041016 75.5074691772461 75.8058242797852 76.1041793823242 76.3694229125977 76.5353240966797 76.7012252807617 76.8671264648438 77.0330276489258 77.1989288330078 77.3648300170898 77.5307312011719 77.1875686645508 76.6747207641602 76.1618728637695 75.6490249633789 75.1361770629883 74.6233291625977 74.110481262207 73.9980392456055 75.0868072509766
64.5185241699219 64.7749633789062 65.0314025878906 65.287841796875 65.5442810058594 65.8007278442383 66.0571670532227 66.6857528686523 67.4384002685547 68.1910400390625 68.9436798095703 69.6963272094727 70.4489669799805 71.2016067504883 71.8275909423828 72.073600769043 72.3196029663086 72.5656127929688 72.8116149902344 73.0576248168945 73.3036270141602 73.5496292114258 73.8186187744141 74.0952529907227 74.3718948364258 74.6485366821289 74.925178527832 75.2018203735352 75.4784622192383 75.7355651855469 75.9340362548828 76.1325073242188 76.3309783935547 76.5294570922852 76.7279281616211 76.926399230957 77.1248779296875 76.8773193359375 76.481086730957 76.0848541259766 75.6886138916016 75.2923812866211 74.8961486816406 74.4999160766602 74.4651184082031 75.5146179199219
64.9314956665039 65.14892578125 65.3663558959961 65.5837860107422 65.8012161254883 66.0186462402344 66.2360763549805 66.8057098388672 67.4927520751953 68.1797866821289 68.866828918457 69.5538711547852 70.2409057617188 70.9279479980469 71.4995193481445 71.7246856689453 71.9498519897461 72.1750183105469 72.4001846313477 72.6253509521484 72.8505172729492 73.07568359375 73.3231735229492 73.5781021118164 73.8330307006836 74.0879592895508 74.342887878418 74.5978164672852 74.8527450561523 75.1017074584961 75.3327484130859 75.5637969970703 75.7948379516602 76.0258865356445 76.2569274902344 76.4879760742188 76.7190170288086 76.5670623779297 76.2874450683594 76.0078277587891 75.7282104492188 75.4485855102539 75.1689682006836 74.8893508911133 74.9321899414062 75.9424209594727
65.3444671630859 65.5228881835938 65.7013092041016 65.8797302246094 66.0581436157227 66.2365646362305 66.4149856567383 66.925666809082 67.5471038818359 68.1685409545898 68.7899780273438 69.4114151000977 70.0328521728516 70.6542892456055 71.1714477539062 71.3757705688477 71.5801010131836 71.7844314575195 71.9887542724609 72.1930847167969 72.3974075317383 72.6017379760742 72.8277282714844 73.0609512329102 73.2941665649414 73.5273818969727 73.7605972290039 73.9938125610352 74.2270278930664 74.4678497314453 74.7314605712891 74.9950790405273 75.2586975097656 75.5223083496094 75.7859268188477 76.0495452880859 76.3131637573242 76.2568130493164 76.0938034057617 75.9308013916016 75.7677993774414 75.6047897338867 75.4417877197266 75.2787857055664 75.3992691040039 76.370231628418
65.757438659668 65.8968505859375 66.036262512207 66.175666809082 66.3150787353516 66.4544830322266 66.5938949584961 67.0456237792969 67.6014556884766 68.1572875976562 68.7131271362305 69.2689590454102 69.8247909545898 70.3806228637695 70.843376159668 71.0268630981445 71.2103500366211 71.3938369750977 71.5773239135742 71.7608108520508 71.9442977905273 72.1277923583984 72.3322906494141 72.5437927246094 72.7552947998047 72.9668045043945 73.1783065795898 73.3898086547852 73.6013107299805 73.8339920043945 74.1301803588867 74.4263610839844 74.7225494384766 75.0187377929688 75.3149261474609 75.6111145019531 75.9073028564453 75.9465560913086 75.9001693725586 75.8537750244141 75.8073883056641 75.7609939575195 75.7146072387695 75.6682205200195 75.8663482666016 76.7980422973633
