resources/Exp000_Example-Run/Run01_M2/TimeSeries/1995/selection_set/hflux_avg.asc
NCOLS 265 
NROWS 230 
XLLCORNER -115.5625 
YLLCORNER 24.8333333333333 
CELLSIZE 0.0833333333333333 
NODATA_value -9999 
[rows 20 to 39 of 230, columns 184 to 229 of 265]
36.130428314209 35.4817390441895 34.8330535888672 34.3638877868652 33.9545631408691 33.5452423095703 33.1359176635742 32.7265930175781 32.317268371582 31.9079456329346 31.6480884552002 31.8366317749023 32.0251731872559 32.2137145996094 32.4022560119629 32.5907974243164 32.7793388366699 32.9678802490234 32.8737106323242 32.6852989196777 32.4968872070312 32.3084754943848 32.1200675964355 31.9316558837891 31.7432460784912 31.5416984558105 31.3007411956787 31.0597839355469 30.818826675415 30.5778694152832 30.3369121551514 30.0959548950195 29.8549976348877 29.6105823516846 29.3650131225586 29.1194458007812 28.8738765716553 28.6283092498779 28.382740020752 28.1371726989746 27.9509925842285 27.9429759979248 27.9349613189697 27.9269466400146 27.9189300537109 27.9109153747559
36.5257377624512 35.8793754577637 35.2330093383789 34.780590057373 34.3928146362305 34.0050430297852 33.6172714233398 33.2294998168945 32.841724395752 32.4539527893066 32.2098808288574 32.3969039916992 32.583927154541 32.7709503173828 32.9579734802246 33.1449966430664 33.3320198059082 33.51904296875 33.3624382019043 33.0912895202637 32.8201446533203 32.5489959716797 32.2778472900391 32.0067024230957 31.7355556488037 31.4735984802246 31.2392082214355 31.0048198699951 30.7704315185547 30.5360412597656 30.3016529083252 30.0672645568848 29.8328742980957 29.5681495666504 29.2933120727539 29.0184745788574 28.7436389923096 28.4688014984131 28.1939640045166 27.9191265106201 27.7161026000977 27.728515625 27.740930557251 27.753345489502 27.7657585144043 27.7781734466553
36.9210510253906 36.2770080566406 35.6329650878906 35.1972885131836 34.8310661315918 34.4648475646973 34.0986251831055 33.7324028015137 33.3661804199219 32.9999618530273 32.771671295166 32.9571762084961 33.1426811218262 33.328182220459 33.5136871337891 33.6991920471191 33.8846969604492 34.0702018737793 33.8511657714844 33.4972801208496 33.1433982849121 32.7895164489746 32.4356307983398 32.0817489624023 31.7278652191162 31.40549659729 31.1776752471924 30.9498558044434 30.7220344543457 30.4942150115967 30.266393661499 30.0385723114014 29.8107528686523 29.5257167816162 29.2216110229492 28.9175052642822 28.6133995056152 28.3092937469482 28.0051860809326 27.7010803222656 27.4812126159668 27.5140552520752 27.5468997955322 27.5797443389893 27.6125869750977 27.6454315185547
37.3163604736328 36.6746406555176 36.0329208374023 35.6139907836914 35.2693214416504 34.9246482849121 34.5799789428711 34.2353096008301 33.8906364440918 33.5459671020508 33.3334617614746 33.517448425293 33.7014312744141 33.8854179382324 34.0694046020508 34.2533912658691 34.4373779296875 34.6213607788086 34.3398933410645 33.9032745361328 33.4666557312012 33.0300331115723 32.5934143066406 32.156795501709 31.7201747894287 31.3373966217041 31.1161441802979 30.8948917388916 30.6736392974854 30.4523868560791 30.2311344146729 30.0098819732666 29.7886295318604 29.4832859039307 29.1499099731445 28.8165340423584 28.4831600189209 28.1497840881348 27.8164100646973 27.4830341339111 27.2463226318359 27.2995948791504 27.3528690338135 27.4061412811279 27.459415435791 27.5126895904541
37.7072944641113 37.0698699951172 36.4324417114258 36.0146408081055 35.6700439453125 35.3254470825195 34.9808540344238 34.6362571716309 34.2916603088379 33.9470672607422 33.7265129089355 33.8780937194824 34.029670715332 34.1812477111816 34.3328285217285 34.4844055175781 34.6359825134277 34.7875633239746 34.4923858642578 34.0482864379883 33.604190826416 33.1600952148438 32.7159957885742 32.271900177002 31.8278045654297 31.4417572021484 31.2298622131348 31.0179653167725 30.8060684204102 30.5941734313965 30.3822765350342 30.1703796386719 29.9584846496582 29.6382637023926 29.2819366455078 28.9256076812744 28.5692806243896 28.2129535675049 27.8566246032715 27.5002975463867 27.2435741424561 27.2856636047363 27.3277530670166 27.3698425292969 27.4119319915771 27.4540195465088
38.0938529968262 37.4626884460449 36.8315277099609 36.3992385864258 36.0332412719727 35.6672439575195 35.3012466430664 34.9352493286133 34.5692558288574 34.2032585144043 33.9508285522461 34.0391120910645 34.1273918151855 34.2156753540039 34.303955078125 34.3922386169434 34.4805183410645 34.5688018798828 34.3086357116699 33.9323234558105 33.5560111999512 33.1796951293945 32.8033828735352 32.4270706176758 32.0507545471191 31.7185821533203 31.5188293457031 31.3190784454346 31.1193256378174 30.9195728302002 30.719820022583 30.5200672149658 30.3203163146973 29.9906539916992 29.6176910400391 29.2447261810303 28.8717613220215 28.4987964630127 28.1258335113525 27.7528686523438 27.4729690551758 27.4722595214844 27.4715518951416 27.4708423614502 27.4701328277588 27.469425201416
38.480411529541 37.8555107116699 37.2306098937988 36.7838363647461 36.3964385986328 36.0090408325195 35.6216430664062 35.234245300293 34.8468475341797 34.4594459533691 34.1751441955566 34.2001304626465 34.2251167297363 34.2500991821289 34.2750854492188 34.3000717163086 34.3250541687012 34.350040435791 34.1248893737793 33.8163604736328 33.5078277587891 33.1992988586426 32.8907661437988 32.5822372436523 32.2737083435059 31.9954071044922 31.8077983856201 31.620189666748 31.432580947876 31.2449722290039 31.0573654174805 30.8697566986084 30.6821479797363 30.3430442810059 29.9534435272217 29.5638427734375 29.1742420196533 28.7846412658691 28.395040512085 28.0054397583008 27.7023620605469 27.6588554382324 27.615348815918 27.5718421936035 27.5283355712891 27.4848289489746
38.8669700622559 38.2483329772949 37.629695892334 37.1684341430664 36.759635925293 36.3508377075195 35.9420356750488 35.5332374572754 35.124439239502 34.7156372070312 34.3994598388672 34.3611488342285 34.3228378295898 34.2845268249512 34.2462158203125 34.2079048156738 34.1695899963379 34.1312789916992 33.9411430358887 33.7003936767578 33.4596481323242 33.2188987731934 32.9781532287598 32.7374038696289 32.4966583251953 32.2722320556641 32.0967674255371 31.9213027954102 31.7458381652832 31.5703735351562 31.3949089050293 31.2194442749023 31.0439796447754 30.6954345703125 30.2891979217529 29.8829612731934 29.4767227172852 29.0704860687256 28.664249420166 28.2580108642578 27.9317569732666 27.8454532623291 27.759147644043 27.6728439331055 27.5865383148193 27.5002346038818
39.2535285949707 38.6411552429199 38.0287780761719 37.5530319213867 37.1228332519531 36.6926307678223 36.2624320983887 35.8322296142578 35.4020309448242 34.9718284606934 34.6237754821777 34.5221672058105 34.4205589294434 34.3189506530762 34.217342376709 34.1157341003418 34.0141258239746 33.9125175476074 33.7573928833008 33.5844306945801 33.4114646911621 33.2385025024414 33.0655364990234 32.8925743103027 32.7196083068848 32.5490570068359 32.3857345581055 32.2224159240723 32.0590934753418 31.89577293396 31.7324523925781 31.5691318511963 31.4058113098145 31.0478248596191 30.6249523162842 30.2020778656006 29.779203414917 29.356330871582 28.9334564208984 28.5105819702148 28.1611518859863 28.0320491790771 27.902946472168 27.7738437652588 27.6447410583496 27.5156383514404
39.6400909423828 39.0339736938477 38.4278602600098 37.9376335144043 37.4860305786133 37.0344276428223 36.5828247070312 36.1312217712402 35.6796226501465 35.2280197143555 34.8480911254883 34.6831855773926 34.5182838439941 34.3533782958984 34.1884727478027 34.023567199707 33.8586616516113 33.6937599182129 33.5736465454102 33.4684638977051 33.3632850646973 33.2581024169922 33.1529235839844 33.0477409362793 32.9425582885742 32.8258781433105 32.6747016906738 32.5235252380371 32.3723487854004 32.2211723327637 32.069995880127 31.9188194274902 31.7676429748535 31.4002170562744 30.9607067108154 30.5211944580078 30.0816841125488 29.6421737670898 29.2026634216309 28.7631530761719 28.3905467987061 28.2186450958252 28.046745300293 27.8748455047607 27.7029438018799 27.5310440063477
40.0077934265137 39.4280776977539 38.8483619689941 38.3407669067383 37.8572158813477 37.3736610412598 36.8901100158691 36.4065551757812 35.9230041503906 35.4394493103027 35.0233726501465 34.8097229003906 34.5960731506348 34.3824234008789 34.168773651123 33.9551239013672 33.7414741516113 33.5278244018555 33.4362449645996 33.3853569030762 33.3344688415527 33.2835845947266 33.2326965332031 33.1818084716797 33.1309204101562 33.053352355957 32.8957443237305 32.7381362915039 32.5805282592773 32.4229202270508 32.2653121948242 32.1077041625977 31.9500942230225 31.5840740203857 31.1485805511475 30.7130870819092 30.2775955200195 29.8421020507812 29.406608581543 28.9711170196533 28.5946083068848 28.3950595855713 28.1955089569092 27.9959583282471 27.796407699585 27.5968570709229
40.3566436767578 39.8234596252441 39.2902755737305 38.7624397277832 38.236385345459 37.710334777832 37.1842803955078 36.6582260131836 36.1321754455566 35.6061210632324 35.1496200561523 34.9017791748047 34.6539344787598 34.4060897827148 34.1582450866699 33.910400390625 33.6625595092773 33.4147148132324 33.3451881408691 33.3351058959961 33.325023651123 33.31494140625 33.3048553466797 33.2947731018066 33.2846908569336 33.2314720153809 33.0488586425781 32.8662414550781 32.6836280822754 32.5010108947754 32.3183975219727 32.1357803344727 31.9531669616699 31.5993976593018 31.1885757446289 30.7777538299561 30.3669338226318 29.956111907959 29.5452919006348 29.1344699859619 28.7733421325684 28.5612888336182 28.349235534668 28.1371841430664 27.9251308441162 27.7130794525146
40.705493927002 40.2188415527344 39.7321891784668 39.1841125488281 38.6155586242676 38.047004699707 37.4784545898438 36.9099006652832 36.3413467407227 35.7727928161621 35.2758674621582 34.9938316345215 34.7117919921875 34.4297561645508 34.1477165222168 33.8656806945801 33.5836410522461 33.3016052246094 33.2541351318359 33.284854888916 33.3155746459961 33.3462982177734 33.3770179748535 33.4077377319336 33.4384574890137 33.4095916748047 33.2019691467285 32.9943504333496 32.7867279052734 32.5791053771973 32.3714828491211 32.1638603210449 31.9562377929688 31.6147212982178 31.2285709381104 30.8424224853516 30.4562721252441 30.0701236724854 29.6839733123779 29.2978248596191 28.9520740509033 28.727518081665 28.5029640197754 28.2784099578857 28.0538558959961 27.8292999267578
41.0543441772461 40.6142234802246 40.1741065979004 39.605785369873 38.9947319030762 38.3836784362793 37.7726249694824 37.1615715026855 36.5505180358887 35.9394645690918 35.4021148681641 35.0858840942383 34.7696533203125 34.4534225463867 34.1371879577637 33.8209571838379 33.5047264099121 33.1884956359863 33.1630783081055 33.2346038818359 33.3061294555664 33.3776512145996 33.4491767883301 33.5207023620605 33.592227935791 33.5877113342285 33.3550834655762 33.1224555969238 32.8898239135742 32.6571960449219 32.4245681762695 32.1919403076172 31.9593086242676 31.6300449371338 31.2685661315918 30.9070892333984 30.5456104278564 30.1841335296631 29.8226566314697 29.4611778259277 29.1308059692383 28.8937492370605 28.6566925048828 28.4196357727051 28.1825790405273 27.9455223083496
41.4031944274902 41.0096054077148 40.6160202026367 40.027458190918 39.3739051818848 38.7203521728516 38.0667953491211 37.4132423400879 36.7596893310547 36.1061363220215 35.5283660888672 35.1779403686523 34.8275146484375 34.4770889282227 34.1266632080078 33.776237487793 33.4258117675781 33.0753860473633 33.0720252990723 33.1843528747559 33.2966804504395 33.409008026123 33.5213394165039 33.6336669921875 33.7459945678711 33.7658348083496 33.5081977844238 33.250560760498 32.9929237365723 32.7352905273438 32.477653503418 32.2200164794922 31.962381362915 31.6453685760498 31.3085613250732 30.9717559814453 30.6349506378174 30.2981433868408 29.9613380432129 29.624532699585 29.3095378875732 29.0599784851074 28.8104209899902 28.5608615875244 28.3113021850586 28.0617427825928
41.7520446777344 41.4049873352051 41.057933807373 40.4491310119629 39.7530746459961 39.0570220947266 38.360969543457 37.6649131774902 36.9688606262207 36.2728080749512 35.654613494873 35.2699928283691 34.8853721618652 34.5007514953613 34.1161346435547 33.7315139770508 33.3468933105469 32.962272644043 32.9809684753418 33.1341018676758 33.2872352600098 33.4403648376465 33.5934982299805 33.7466316223145 33.8997650146484 33.9439544677734 33.6613121032715 33.3786659240723 33.0960235595703 32.8133811950684 32.5307388305664 32.2480964660645 31.9654521942139 31.6606922149658 31.3485565185547 31.0364227294922 30.7242889404297 30.4121551513672 30.1000194549561 29.7878856658936 29.4882698059082 29.2262096405029 28.964147567749 28.7020874023438 28.4400253295898 28.1779651641846
41.9126930236816 41.5903816223145 41.26806640625 40.6662979125977 39.971378326416 39.2764587402344 38.5815391540527 37.8866233825684 37.1917037963867 36.4967842102051 35.8783416748047 35.4893264770508 35.1003112792969 34.711296081543 34.3222846984863 33.9332695007324 33.5442543029785 33.1552391052246 33.1605796813965 33.2973670959473 33.434154510498 33.5709419250488 33.7077293395996 33.8445205688477 33.9813079833984 34.0126304626465 33.7275581359863 33.4424896240234 33.1574172973633 32.8723449707031 32.587272644043 32.3022041320801 32.0171318054199 31.718620300293 31.4156284332275 31.1126365661621 30.8096446990967 30.5066547393799 30.2036628723145 29.900671005249 29.6068077087402 29.34033203125 29.0738544464111 28.8073768615723 28.5408992767334 28.2744235992432
41.8851432800293 41.5657806396484 41.2464141845703 40.6789627075195 40.0288124084473 39.378662109375 38.7285118103027 38.0783653259277 37.4282150268555 36.7780647277832 36.1995506286621 35.8359413146973 35.4723320007324 35.1087226867676 34.7451095581055 34.3815002441406 34.0178909301758 33.6542816162109 33.6108512878418 33.6741485595703 33.7374420166016 33.8007392883301 33.8640327453613 33.9273300170898 33.9906272888184 33.971866607666 33.7069473266602 33.442024230957 33.1771011352539 32.912181854248 32.6472587585449 32.3823394775391 32.1174163818359 31.8191528320312 31.5097751617432 31.2003974914551 30.891019821167 30.5816421508789 30.2722644805908 29.9628868103027 29.665153503418 29.4023456573486 29.1395378112793 28.8767318725586 28.6139240264893 28.3511161804199
41.857593536377 41.5411796569824 41.2247619628906 40.6916236877441 40.0862464904785 39.4808654785156 38.8754844665527 38.2701072692871 37.6647262573242 37.0593452453613 36.5207595825195 36.1825561523438 35.8443489074707 35.5061454772949 35.1679382324219 34.8297348022461 34.491527557373 34.1533241271973 34.0611228942871 34.0509262084961 34.0407295227051 34.0305328369141 34.020336151123 34.010139465332 33.999942779541 33.9311027526855 33.6863327026367 33.4415588378906 33.1967887878418 32.9520149230957 32.7072448730469 32.462474822998 32.217700958252 31.9196853637695 31.6039218902588 31.288158416748 30.9723949432373 30.6566314697266 30.3408679962158 30.0251045227051 29.7234973907471 29.4643592834473 29.2052230834961 28.9460849761963 28.6869468688965 28.4278106689453
41.8300437927246 41.5165786743164 41.2031135559082 40.704288482666 40.1436767578125 39.5830688476562 39.0224571228027 38.4618492126465 37.901237487793 37.3406295776367 36.841968536377 36.5291709899902 36.2163696289062 35.9035682678223 35.5907669067383 35.2779655456543 34.9651641845703 34.6523666381836 34.5113983154297 34.4277076721191 34.3440170288086 34.2603302001953 34.1766395568848 34.0929489135742 34.0092620849609 33.8903388977051 33.6657180786133 33.4410934448242 33.2164726257324 32.9918518066406 32.7672309875488 32.542610168457 32.317985534668 32.0202178955078 31.6980686187744 31.375919342041 31.0537700653076 30.7316207885742 30.4094696044922 30.0873203277588 29.7818412780762 29.5263729095459 29.2709064483643 29.015438079834 28.7599716186523 28.5045051574707
