resources/Exp000_Example-Run/Run01_M2/TimeSeries/1995/selection_set/hflux_avg.asc
NCOLS 265 
NROWS 230 
XLLCORNER -115.5625 
YLLCORNER 24.8333333333333 
CELLSIZE 0.0833333333333333 
NODATA_value -9999 
[rows 80 to 99 of 230, columns 184 to 229 of 265]
45.6793403625488 45.4065818786621 45.1338195800781 44.5083312988281 43.765266418457 43.0222015380859 42.2791366577148 41.5360717773438 40.7930068969727 40.0499420166016 39.2996292114258 38.5275650024414 37.755500793457 36.9834403991699 36.2113761901855 35.4393119812012 34.6672515869141 33.8951873779297 33.6937370300293 33.6824913024902 33.6712455749512 33.6599998474121 33.6487503051758 33.6375045776367 33.6262588500977 33.4955787658691 33.006591796875 32.5176048278809 32.0286178588867 31.5396308898926 31.0506439208984 30.5616569519043 30.0726699829102 29.8612003326416 29.7422351837158 29.6232719421387 29.5043087005615 29.3853435516357 29.2663803100586 29.1474170684814 29.0315723419189 28.9250812530518 28.8185920715332 28.7121028900146 28.6056137084961 28.4991226196289
45.835205078125 45.579891204834 45.3245811462402 44.6814956665039 43.9091529846191 43.1368103027344 42.3644676208496 41.5921249389648 40.8197822570801 40.0474395751953 39.2548217773438 38.4013748168945 37.547924041748 36.6944770812988 35.8410301208496 34.9875793457031 34.1341323852539 33.2806854248047 33.0799217224121 33.0967178344727 33.1135177612305 33.130313873291 33.1471138000488 33.1639099121094 33.1807098388672 33.065788269043 32.5557136535645 32.0456390380859 31.5355644226074 31.0254917144775 30.515417098999 30.0053424835205 29.495267868042 29.3099403381348 29.2328624725342 29.1557846069336 29.078706741333 29.0016269683838 28.9245491027832 28.8474712371826 28.7677001953125 28.6798477172852 28.5919952392578 28.5041427612305 28.4162902832031 28.3284378051758
45.9910697937012 45.7532043457031 45.5153388977051 44.8546600341797 44.0530395507812 43.2514190673828 42.4497985839844 41.6481781005859 40.8465614318848 40.0449409484863 39.210018157959 38.2751846313477 37.3403511047363 36.405517578125 35.4706840515137 34.5358505249023 33.601016998291 32.6661834716797 32.4661064147949 32.5109481811523 32.5557899475098 32.6006317138672 32.6454734802246 32.690315246582 32.7351570129395 32.6359977722168 32.1048355102539 31.5736751556396 31.0425128936768 30.5113525390625 29.9801902770996 29.4490299224854 28.9178676605225 28.7586822509766 28.7234897613525 28.6882972717285 28.6531047821045 28.6179103851318 28.5827178955078 28.5475254058838 28.5038280487061 28.4346122741699 28.3653964996338 28.2961826324463 28.2269668579102 28.157751083374
46.1469345092773 45.9265174865723 45.7061004638672 45.0278244018555 44.1969261169434 43.3660278320312 42.5351295471191 41.7042350769043 40.8733367919922 40.0424385070801 39.165210723877 38.1489906311035 37.1327743530273 36.1165542602539 35.1003341674805 34.0841178894043 33.0678977966309 32.0516777038574 31.8522891998291 31.9251747131348 31.9980621337891 32.0709457397461 32.1438331604004 32.2167205810547 32.2896041870117 32.2062072753906 31.653959274292 31.1017112731934 30.5494613647461 29.9972133636475 29.4449634552002 28.8927154541016 28.3404674530029 28.2074241638184 28.2141170501709 28.2208099365234 28.227502822876 28.2341938018799 28.2408866882324 28.247579574585 28.2399559020996 28.1893768310547 28.1387996673584 28.0882205963135 28.0376434326172 27.9870662689209
46.2032279968262 45.9854393005371 45.7676544189453 45.1088256835938 44.3029861450195 43.497142791748 42.6913032531738 41.8854598999023 41.0796203613281 40.2737808227539 39.3987007141113 38.3159065246582 37.2331085205078 36.1503143310547 35.0675201416016 33.9847259521484 32.9019317626953 31.8191356658936 31.5977344512939 31.6634635925293 31.7291946411133 31.7949237823486 31.8606548309326 31.9263858795166 31.992115020752 31.9054927825928 31.3618068695068 30.8181209564209 30.2744369506836 29.7307510375977 29.1870651245117 28.6433811187744 28.0996952056885 27.986457824707 28.0167045593262 28.0469493865967 28.0771961212158 28.107442855835 28.1376876831055 28.1679344177246 28.1781215667725 28.1281280517578 28.0781364440918 28.0281429290771 27.9781513214111 27.9281578063965
46.1599540710449 45.9299736022949 45.6999969482422 45.0976638793945 44.3712158203125 43.6447639465332 42.9183158874512 42.1918640136719 41.4654121398926 40.7389640808105 39.9104843139648 38.7759246826172 37.6413612365723 36.5067977905273 35.3722381591797 34.2376747131348 33.1031112670898 31.9685497283936 31.7024402618408 31.7258148193359 31.7491893768311 31.7725620269775 31.7959365844727 31.8193111419678 31.8426856994629 31.7338485717773 31.2283782958984 30.7229080200195 30.217435836792 29.7119655609131 29.2064952850342 28.7010231018066 28.1955528259277 28.0957851409912 28.1312522888184 28.1667194366455 28.2021865844727 28.2376537322998 28.273120880127 28.3085880279541 28.3183250427246 28.2508659362793 28.183406829834 28.1159477233887 28.0484886169434 27.981029510498
46.1166801452637 45.8745079040527 45.6323394775391 45.0865020751953 44.4394454956055 43.7923851013184 43.1453247070312 42.4982643127441 41.8512077331543 41.2041473388672 40.4222717285156 39.2359428405762 38.0496101379395 36.86328125 35.6769523620605 34.4906234741211 33.3042945861816 32.1179656982422 31.8071460723877 31.7881641387939 31.7691822052002 31.7502021789551 31.7312202453613 31.7122383117676 31.6932563781738 31.5622062683105 31.09494972229 30.6276931762695 30.160436630249 29.6931800842285 29.225923538208 28.7586669921875 28.291410446167 28.2051124572754 28.2458000183105 28.2864894866943 28.3271770477295 28.3678665161133 28.4085540771484 28.4492435455322 28.4585285186768 28.3736019134521 28.2886772155762 28.2037525177002 28.1188259124756 28.0339012145996
46.0734024047852 45.8190422058105 45.5646820068359 45.0753440856934 44.5076751708984 43.9400062561035 43.3723373413086 42.8046684265137 42.2369995117188 41.6693305969238 40.9340553283691 39.6959609985352 38.4578628540039 37.2197647094727 35.9816703796387 34.7435722351074 33.5054779052734 32.2673797607422 31.9118518829346 31.8505153656006 31.789176940918 31.727840423584 31.6665019989014 31.6051635742188 31.5438270568848 31.3905639648438 30.9615211486816 30.5324783325195 30.1034374237061 29.6743946075439 29.2453517913818 28.8163108825684 28.3872680664062 28.3144397735596 28.3603496551514 28.4062595367432 28.452169418335 28.4980773925781 28.5439872741699 28.5898971557617 28.5987319946289 28.4963397979736 28.3939476013184 28.2915554046631 28.1891632080078 28.0867710113525
46.0301284790039 45.7635765075684 45.4970283508301 45.0641822814941 44.5759048461914 44.0876274108887 43.5993499755859 43.1110687255859 42.6227912902832 42.1345138549805 41.4458389282227 40.1559753417969 38.8661117553711 37.5762481689453 36.2863845825195 34.9965209960938 33.706657409668 32.4167938232422 32.0165596008301 31.9128646850586 31.8091716766357 31.7054786682129 31.6017837524414 31.4980907440186 31.3943977355957 31.2189197540283 30.8280925750732 30.4372653961182 30.0464363098145 29.6556091308594 29.2647819519043 28.8739528656006 28.4831256866455 28.4237670898438 28.4748973846436 28.5260276794434 28.5771598815918 28.6282901763916 28.6794204711914 28.7305526733398 28.7389354705811 28.6190776824951 28.4992179870605 28.3793601989746 28.25950050354 28.1396427154541
45.9868545532227 45.7081108093262 45.429370880127 45.0530204772949 44.6441345214844 44.2352447509766 43.826358795166 43.4174728393555 43.0085868835449 42.5996971130371 41.9576263427734 40.6159934997559 39.2743644714355 37.932731628418 36.5911026000977 35.2494697570801 33.9078407287598 32.5662078857422 32.121265411377 31.9752140045166 31.8291645050049 31.6831169128418 31.5370674133301 31.3910179138184 31.2449684143066 31.0472774505615 30.6946640014648 30.3420505523682 29.9894371032715 29.6368236541748 29.2842102050781 28.9315967559814 28.5789833068848 28.5330944061279 28.5894451141357 28.6457977294922 28.7021503448486 28.7585029602051 28.8148536682129 28.8712062835693 28.8791389465332 28.741813659668 28.6044883728027 28.4671649932861 28.3298397064209 28.1925144195557
46.1241645812988 45.8419036865234 45.559642791748 45.201904296875 44.8190040588379 44.4361038208008 44.0532035827637 43.6703033447266 43.2874031066895 42.9045066833496 42.2874374389648 40.9678573608398 39.6482772827148 38.3286972045898 37.0091171264648 35.6895370483398 34.3699607849121 33.0503807067871 32.5606956481934 32.3476448059082 32.134593963623 31.9215412139893 31.7084903717041 31.4954395294189 31.2823867797852 31.0468807220459 30.7440090179443 30.4411373138428 30.1382675170898 29.8353958129883 29.5325241088867 29.2296524047852 28.9267826080322 28.8915271759033 28.9454784393311 28.9994316101074 29.0533828735352 29.1073341369629 29.1612854003906 29.2152366638184 29.217357635498 29.0639820098877 28.910608291626 28.7572326660156 28.6038589477539 28.4504833221436
46.4420623779297 46.1649551391602 45.8878440856934 45.5108299255371 45.100513458252 44.6901969909668 44.2798805236816 43.8695678710938 43.4592514038086 43.0489349365234 42.4352722167969 41.2115631103516 39.9878540039062 38.7641448974609 37.5404357910156 36.3167266845703 35.093017578125 33.8693084716797 33.3348541259766 33.0301551818848 32.725456237793 32.4207534790039 32.1160545349121 31.8113555908203 31.5066566467285 31.2177314758301 30.9761295318604 30.7345275878906 30.4929275512695 30.2513256072998 30.0097236633301 29.768123626709 29.5265216827393 29.4990673065186 29.5429973602295 29.5869274139404 29.6308555603027 29.6747856140137 29.718713760376 29.7626438140869 29.7535877227783 29.5855808258057 29.417573928833 29.2495670318604 29.0815582275391 28.9135513305664
46.7599601745605 46.4880027770996 46.2160453796387 45.8197555541992 45.382022857666 44.9442901611328 44.5065612792969 44.0688285827637 43.6310958862305 43.1933631896973 42.5831031799316 41.455265045166 40.3274269104004 39.1995887756348 38.0717506408691 36.9439125061035 35.8160705566406 34.688232421875 34.1090126037598 33.7126655578613 33.3163146972656 32.9199676513672 32.5236206054688 32.1272735595703 31.7309246063232 31.3885803222656 31.2082500457764 31.0279178619385 30.8475875854492 30.6672554016113 30.4869232177734 30.3065929412842 30.1262607574463 30.1066093444824 30.1405162811279 30.1744232177734 30.2083301544189 30.2422370910645 30.2761421203613 30.3100490570068 30.2898197174072 30.1071796417236 29.92453956604 29.7418994903564 29.5592594146729 29.3766193389893
47.0778579711914 46.8110504150391 46.544246673584 46.1286811828613 45.6635360717773 45.1983871459961 44.7332382202148 44.2680892944336 43.8029403686523 43.3377914428711 42.7309379577637 41.6989707946777 40.6670036315918 39.6350326538086 38.6030654907227 37.5710983276367 36.5391273498535 35.5071601867676 34.883171081543 34.3951759338379 33.9071769714355 33.4191818237305 32.9311866760254 32.443187713623 31.955192565918 31.5594310760498 31.4403686523438 31.3213081359863 31.2022457122803 31.0831851959229 30.9641246795654 30.8450622558594 30.726001739502 30.7141494750977 30.7380332946777 30.7619190216064 30.7858028411865 30.8096866607666 30.8335723876953 30.8574562072754 30.8260517120361 30.6287784576416 30.4315052032471 30.2342319488525 30.0369606018066 29.8396873474121
47.3957557678223 47.1341018676758 46.8724479675293 46.4376106262207 45.9450454711914 45.4524803161621 44.9599151611328 44.4673500061035 43.9747848510742 43.4822235107422 42.8787727355957 41.9426765441895 41.0065765380859 40.0704803466797 39.1343803405762 38.1982841491699 37.2621841430664 36.3260879516602 35.6573295593262 35.0776824951172 34.4980392456055 33.9183959960938 33.3387489318848 32.759105682373 32.1794624328613 31.7302799224854 31.6724891662598 31.6146984100342 31.55690574646 31.4991149902344 31.4413242340088 31.3835315704346 31.325740814209 31.3216896057129 31.3355522155762 31.3494148254395 31.3632755279541 31.3771381378174 31.3910007476807 31.4048633575439 31.362283706665 31.1503772735596 30.9384708404541 30.7265663146973 30.5146598815918 30.302755355835
47.7136497497559 47.4571495056152 47.2006454467773 46.7465362548828 46.2265548706055 45.7065734863281 45.1865921020508 44.6666145324707 44.1466331481934 43.626651763916 43.0266075134277 42.1863822937012 41.3461532592773 40.5059242248535 39.6656951904297 38.8254699707031 37.9852409362793 37.1450119018555 36.4314880371094 35.7601928710938 35.0889015197754 34.417610168457 33.7463150024414 33.075023651123 32.4037322998047 31.9011306762695 31.9046096801758 31.908088684082 31.9115657806396 31.9150447845459 31.9185237884521 31.9220027923584 31.925479888916 31.9292297363281 31.933069229126 31.9369106292725 31.9407501220703 31.9445896148682 31.948429107666 31.9522686004639 31.8985137939453 31.6719760894775 31.4454383850098 31.2188987731934 30.9923610687256 30.7658233642578
47.810977935791 47.5451889038086 47.2793960571289 46.803409576416 46.2573585510254 45.711311340332 45.1652603149414 44.6192092895508 44.0731582641602 43.5271072387695 42.9243812561035 42.1516227722168 41.3788681030273 40.6061096191406 39.8333511352539 39.0605926513672 38.2878379821777 37.515079498291 36.8138160705566 36.1363868713379 35.4589538574219 34.7815208435059 34.1040916442871 33.4266586303711 32.7492294311523 32.2482414245605 32.2765884399414 32.304931640625 32.3332786560059 32.3616256713867 32.3899726867676 32.4183158874512 32.446662902832 32.4461784362793 32.4360809326172 32.4259872436523 32.4158897399902 32.4057960510254 32.3956985473633 32.3856048583984 32.3180885314941 32.0783195495605 31.8385448455811 31.5987720489502 31.3589992523193 31.1192283630371
47.6877403259277 47.3982162475586 47.1086921691895 46.6082344055176 46.0374603271484 45.4666862487793 44.8959121704102 44.325138092041 43.7543678283691 43.18359375 42.5720901489258 41.8384056091309 41.1047172546387 40.3710327148438 39.6373443603516 38.9036598205566 38.1699714660645 37.4362869262695 36.8043174743652 36.2062568664551 35.6081962585449 35.0101356506348 34.4120750427246 33.8140144348145 33.2159538269043 32.7716102600098 32.7884216308594 32.805233001709 32.8220443725586 32.8388557434082 32.8556671142578 32.8724746704102 32.8892860412598 32.8725318908691 32.8445892333984 32.8166465759277 32.7887001037598 32.7607574462891 32.7328147888184 32.7048683166504 32.6210098266602 32.3694038391113 32.1177940368652 31.8661861419678 31.6145782470703 31.3629703521729
47.5645027160645 47.2512474060059 46.9379920959473 46.4130554199219 45.8175582885742 45.2220649719238 44.6265678405762 44.0310707092285 43.4355735778809 42.8400764465332 42.2198028564453 41.5251846313477 40.8305702209473 40.1359558105469 39.4413375854492 38.7467231750488 38.0521087646484 37.3574905395508 36.7948188781738 36.2761306762695 35.757438659668 35.2387504577637 34.7200584411621 34.2013702392578 33.6826782226562 33.2949829101562 33.3002586364746 33.305534362793 33.3108100891113 33.3160858154297 33.321361541748 33.3266372680664 33.3319129943848 33.298885345459 33.2530937194824 33.2073020935059 33.1615104675293 33.1157188415527 33.0699272155762 33.0241355895996 32.9239311218262 32.6604881286621 32.3970413208008 32.1335983276367 31.8701553344727 31.60671043396
47.4412612915039 47.1042747497559 46.7672882080078 46.2178802490234 45.5976600646973 44.9774398803711 44.3572196960449 43.7369995117188 43.1167831420898 42.4965629577637 41.8675117492676 41.2119674682617 40.5564231872559 39.90087890625 39.2453308105469 38.589786529541 37.9342422485352 37.2786979675293 36.7853202819824 36.3460006713867 35.9066848754883 35.4673652648926 35.0280456542969 34.5887260437012 34.1494064331055 33.8183517456055 33.8120918273926 33.8058319091797 33.7995719909668 33.7933120727539 33.7870559692383 33.7807960510254 33.7745361328125 33.7252426147461 33.6616020202637 33.5979614257812 33.5343208312988 33.4706802368164 33.407039642334 33.3433990478516 33.2268486022949 32.9515724182129 32.6762924194336 32.4010124206543 32.125732421875 31.8504524230957
