resources/Exp000_Example-Run/Run01_M2/TimeSeries/1995/selection_set/swgnt_avg.asc
NCOLS 265 
NROWS 230 
XLLCORNER -115.5625 
YLLCORNER 24.8333333333333 
CELLSIZE 0.0833333333333333 
NODATA_value -9999 
[rows 40 to 59 of 230, columns 92 to 137 of 265]
175.211776733398 175.183181762695 175.154586791992 175.125991821289 175.097381591797 174.547271728516 173.823333740234 173.099395751953 172.375442504883 171.651504516602 170.92756652832 170.20361328125 169.794860839844 170.331665039062 170.868469238281 171.4052734375 171.942077636719 172.478881835938 173.015686035156 173.552490234375 174.117477416992 174.691864013672 175.266250610352 175.840637207031 176.415023803711 176.989410400391 177.56379699707 177.916015625 177.601760864258 177.287506103516 176.973251342773 176.658996582031 176.344741821289 176.030487060547 175.716232299805 175.262741088867 174.76286315918 174.262969970703 173.763092041016 173.263198852539 172.763305664062 172.263427734375 171.935028076172 172.12109375 172.307159423828 172.493240356445
176.376342773438 176.241424560547 176.106491088867 175.971572875977 175.836639404297 175.219161987305 174.440826416016 173.662506103516 172.884170532227 172.105850219727 171.327514648438 170.549179077148 170.092239379883 170.59944152832 171.106643676758 171.613861083984 172.121063232422 172.628265380859 173.135467529297 173.642669677734 174.247329711914 174.884460449219 175.521591186523 176.158721923828 176.795852661133 177.432998657227 178.070129394531 178.478210449219 178.199157714844 177.920104980469 177.641052246094 177.361999511719 177.082946777344 176.80387878418 176.524826049805 176.058822631836 175.530487060547 175.002166748047 174.473831176758 173.945510864258 173.417175292969 172.888854980469 172.536468505859 172.711975097656 172.887466430664 173.062957763672
177.172378540039 176.892181396484 176.61198425293 176.331802368164 176.051605224609 175.445541381836 174.730865478516 174.016174316406 173.301498413086 172.586822509766 171.872146606445 171.157455444336 170.741119384766 171.219833374023 171.698547363281 172.177261352539 172.655975341797 173.134689331055 173.613403320312 174.09211730957 174.702896118164 175.357681274414 176.012481689453 176.667266845703 177.322052001953 177.976852416992 178.631637573242 179.053817749023 178.778182983398 178.502548217773 178.226913452148 177.951278686523 177.675628662109 177.399993896484 177.124359130859 176.645660400391 176.099273681641 175.552871704102 175.006484985352 174.460098266602 173.913711547852 173.367324829102 172.999816894531 173.168930053711 173.338043212891 173.507171630859
177.599868774414 177.135467529297 176.67106628418 176.206680297852 175.742279052734 175.226425170898 174.693435668945 174.160430908203 173.62744140625 173.094436645508 172.561431884766 172.028442382812 171.741516113281 172.192855834961 172.644180297852 173.095504760742 173.546844482422 173.998168945312 174.449493408203 174.900833129883 175.484176635742 176.111541748047 176.738891601562 177.366256713867 177.993606567383 178.620971679688 179.248336791992 179.642852783203 179.338836669922 179.03483581543 178.730834960938 178.426818847656 178.122817993164 177.818817138672 177.514801025391 177.023254394531 176.469192504883 175.915115356445 175.361053466797 174.806976318359 174.252914428711 173.698852539062 173.32502746582 173.491973876953 173.658920288086 173.825866699219
178.027359008789 177.378753662109 176.730163574219 176.081558227539 175.432952880859 175.00732421875 174.656005859375 174.3046875 173.953369140625 173.60205078125 173.250732421875 172.8994140625 172.741912841797 173.165863037109 173.589813232422 174.013748168945 174.437698364258 174.86164855957 175.285583496094 175.709533691406 176.265472412109 176.865386962891 177.465316772461 178.065246582031 178.665176391602 179.265090942383 179.865020751953 180.231872558594 179.899490356445 179.567123413086 179.234756469727 178.902374267578 178.570007324219 178.23762512207 177.905258178711 177.400848388672 176.839111328125 176.277359008789 175.715606689453 175.153869628906 174.59211730957 174.030364990234 173.650253295898 173.815017700195 173.979782104492 174.144561767578
178.454849243164 177.622039794922 176.789245605469 175.956436157227 175.123626708984 174.788208007812 174.618576049805 174.448928833008 174.279296875 174.109664916992 173.940032958984 173.770401000977 173.742309570312 174.138870239258 174.535430908203 174.931991577148 175.328552246094 175.725112915039 176.121688842773 176.518249511719 177.046752929688 177.619247436523 178.191741943359 178.764236450195 179.336730957031 179.909210205078 180.481704711914 180.820892333984 180.460159301758 180.099411010742 179.738662719727 179.3779296875 179.017181396484 178.656448364258 178.295700073242 177.778442382812 177.209030151367 176.639602661133 176.070175170898 175.500747680664 174.93132019043 174.361892700195 173.975479125977 174.138061523438 174.300659179688 174.463256835938
178.882339477539 177.865341186523 176.848327636719 175.831314086914 174.814300537109 174.569091796875 174.581130981445 174.593185424805 174.605239868164 174.617279052734 174.629333496094 174.641372680664 174.742706298828 175.111877441406 175.481063842773 175.850234985352 176.219421386719 176.588592529297 176.957778930664 177.326950073242 177.828048706055 178.373107910156 178.918167114258 179.463226318359 180.008285522461 180.553344726562 181.098403930664 181.409912109375 181.020812988281 180.631698608398 180.242584228516 179.853485107422 179.464370727539 179.075256347656 178.686157226562 178.156051635742 177.578948974609 177.001831054688 176.424728393555 175.847625732422 175.270523071289 174.693420410156 174.300689697266 174.46110534668 174.621536254883 174.781951904297
179.309829711914 178.108627319336 176.907409667969 175.706192016602 174.504989624023 174.349975585938 174.543701171875 174.737442016602 174.931167602539 175.124893188477 175.318618774414 175.512359619141 175.743103027344 176.084899902344 176.426681518555 176.768478393555 177.110275268555 177.452072143555 177.793869018555 178.135665893555 178.609329223633 179.126953125 179.644577026367 180.162216186523 180.679840087891 181.197463989258 181.715087890625 181.998947143555 181.581466674805 181.163986206055 180.746505737305 180.329025268555 179.911560058594 179.494079589844 179.076599121094 178.533645629883 177.948867797852 177.364074707031 176.779296875 176.19450378418 175.609725952148 175.024948120117 174.625915527344 174.784164428711 174.942398071289 175.100646972656
180.028060913086 178.794540405273 177.561019897461 176.327499389648 175.093963623047 174.977432250977 175.23323059082 175.489028930664 175.744812011719 176.000610351562 176.256408691406 176.51220703125 176.754653930664 176.957077026367 177.159484863281 177.361907958984 177.564331054688 177.766738891602 177.969161987305 178.171585083008 178.65657043457 179.235748291016 179.81494140625 180.394119262695 180.973297119141 181.552474975586 182.131652832031 182.472015380859 182.095916748047 181.719802856445 181.343704223633 180.967590332031 180.591491699219 180.215393066406 179.839279174805 179.285888671875 178.673385620117 178.060882568359 177.448394775391 176.835891723633 176.223388671875 175.610885620117 175.184051513672 175.314178466797 175.444305419922 175.574432373047
181.037017822266 179.923080444336 178.809143066406 177.695205688477 176.581268310547 176.451461791992 176.649703979492 176.847946166992 177.046188354492 177.244430541992 177.442672729492 177.640914916992 177.777359008789 177.728408813477 177.679458618164 177.630523681641 177.581573486328 177.532623291016 177.483673095703 177.434722900391 177.969772338867 178.699493408203 179.429214477539 180.158935546875 180.888656616211 181.618377685547 182.348098754883 182.829132080078 182.564147949219 182.29914855957 182.034164428711 181.769180297852 181.504180908203 181.239196777344 180.974197387695 180.41276550293 179.752517700195 179.092269897461 178.432022094727 177.771759033203 177.111511230469 176.451263427734 175.97509765625 176.051162719727 176.127243041992 176.203308105469
182.045974731445 181.051620483398 180.057266235352 179.062911987305 178.068557739258 177.925491333008 178.066177368164 178.206878662109 178.347564697266 178.488250732422 178.628952026367 178.769638061523 178.800079345703 178.499755859375 178.199447631836 177.899124145508 177.598815917969 177.298492431641 176.998184204102 176.697860717773 177.282974243164 178.163238525391 179.043502807617 179.923751831055 180.804016113281 181.684280395508 182.564529418945 183.186264038086 183.032379150391 182.878509521484 182.724624633789 182.570755004883 182.416870117188 182.263000488281 182.109115600586 181.539642333984 180.831649780273 180.123641967773 179.415649414062 178.707641601562 177.999633789062 177.291641235352 176.766143798828 176.788162231445 176.810180664062 176.832183837891
183.054931640625 182.180160522461 181.305389404297 180.430633544922 179.555862426758 179.399520874023 179.482650756836 179.565795898438 179.648941040039 179.732070922852 179.815216064453 179.898345947266 179.822784423828 179.271102905273 178.719421386719 178.167739868164 177.616058349609 177.064361572266 176.512680053711 175.960998535156 176.596176147461 177.626983642578 178.657775878906 179.688583374023 180.719375610352 181.750183105469 182.780975341797 183.543380737305 183.500625610352 183.457855224609 183.415084838867 183.372329711914 183.329559326172 183.28678894043 183.244033813477 182.666519165039 181.910766601562 181.155014038086 180.399276733398 179.643524169922 178.887771606445 178.132019042969 177.557189941406 177.525146484375 177.493103027344 177.461074829102
184.063888549805 183.308715820312 182.553527832031 181.79833984375 181.043151855469 180.873550415039 180.899139404297 180.924713134766 180.950302124023 180.975891113281 181.001480102539 181.027069091797 180.845504760742 180.042449951172 179.239395141602 178.436340332031 177.633285522461 176.83024597168 176.027191162109 175.224136352539 175.909378051758 177.090713500977 178.272064208984 179.453399658203 180.634735107422 181.81608581543 182.997421264648 183.900512695312 183.968856811523 184.037200927734 184.105560302734 184.173904418945 184.242248535156 184.310592651367 184.378952026367 183.793411254883 182.989898681641 182.186401367188 181.382904052734 180.579391479492 179.775894165039 178.972381591797 178.348236083984 178.262145996094 178.176040649414 178.089950561523
185.072860717773 184.437255859375 183.801651000977 183.166046142578 182.53044128418 182.347579956055 182.315612792969 182.283645629883 182.251678466797 182.219711303711 182.187759399414 182.155792236328 181.868209838867 180.81379699707 179.759368896484 178.704956054688 177.650527954102 176.596115112305 175.541702270508 174.487274169922 175.222579956055 176.554458618164 177.886337280273 179.218215942383 180.550094604492 181.881973266602 183.213851928711 184.257629394531 184.437088012695 184.616561889648 184.796020507812 184.975479125977 185.154937744141 185.334396362305 185.513870239258 184.920288085938 184.069030761719 183.2177734375 182.36653137207 181.515274047852 180.664016723633 179.812759399414 179.139282226562 178.999130249023 178.858978271484 178.718826293945
185.596588134766 185.06640625 184.536209106445 184.00602722168 183.475830078125 183.179534912109 182.961196899414 182.742858886719 182.524520874023 182.306182861328 182.087844848633 181.869506835938 181.456558227539 180.459732055664 179.462905883789 178.466079711914 177.469253540039 176.472427368164 175.475616455078 174.478790283203 175.294235229492 176.713790893555 178.133331298828 179.552871704102 180.972427368164 182.391967773438 183.8115234375 184.924758911133 185.119110107422 185.313446044922 185.507781982422 185.702117919922 185.896469116211 186.090805053711 186.285140991211 185.666519165039 184.776916503906 183.887313842773 182.997711181641 182.108093261719 181.218490600586 180.328887939453 179.619216918945 179.449371337891 179.279541015625 179.10969543457
185.635101318359 185.196151733398 184.757202148438 184.318252563477 183.879302978516 183.369415283203 182.835891723633 182.302352905273 181.768829345703 181.235305786133 180.701782226562 180.168243408203 179.610534667969 178.980270385742 178.349990844727 177.7197265625 177.089462280273 176.459197998047 175.82893371582 175.198654174805 176.12434387207 177.568695068359 179.013031005859 180.457366943359 181.901718139648 183.346054077148 184.790390014648 185.901901245117 186.014877319336 186.127868652344 186.240844726562 186.35383605957 186.466827392578 186.579803466797 186.692794799805 186.032119750977 185.113555908203 184.19499206543 183.276443481445 182.357879638672 181.439315795898 180.520751953125 179.788040161133 179.612884521484 179.437728881836 179.262557983398
185.673614501953 185.325912475586 184.97819519043 184.630477905273 184.282775878906 183.559295654297 182.710586547852 181.861862182617 181.013137817383 180.164413452148 179.315704345703 178.466979980469 177.764511108398 177.50080871582 177.237091064453 176.973373413086 176.709671020508 176.445953369141 176.182250976562 175.918533325195 176.954452514648 178.423599243164 179.892730712891 181.361862182617 182.830993652344 184.300140380859 185.769271850586 186.879028320312 186.910659790039 186.942291259766 186.973922729492 187.005554199219 187.037185668945 187.068817138672 187.100433349609 186.397705078125 185.4501953125 184.502685546875 183.55517578125 182.607650756836 181.660140991211 180.712631225586 179.956878662109 179.776397705078 179.595901489258 179.415420532227
185.712142944336 185.455657958984 185.199188232422 184.942718505859 184.686233520508 183.74919128418 182.58528137207 181.421356201172 180.257446289062 179.093536376953 177.929626464844 176.765716552734 175.918487548828 176.021331787109 176.124176025391 176.227020263672 176.329864501953 176.432723999023 176.535568237305 176.638412475586 177.784561157227 179.278503417969 180.772430419922 182.266357421875 183.760284423828 185.254211425781 186.748153686523 187.856155395508 187.806442260742 187.756713867188 187.706985473633 187.657257080078 187.607543945312 187.557815551758 187.508087158203 186.763305664062 185.786834716797 184.81037902832 183.833908081055 182.857437133789 181.880966186523 180.904510498047 180.125701904297 179.939895629883 179.754089355469 179.568283081055
185.75065612793 185.585418701172 185.420181274414 185.254943847656 185.089706420898 183.939071655273 182.459976196289 180.980865478516 179.501754760742 178.022659301758 176.543548583984 175.064453125 174.072463989258 174.541870117188 175.011276245117 175.480682373047 175.950073242188 176.419479370117 176.888885498047 177.358276367188 178.614669799805 180.133392333984 181.652130126953 183.170852661133 184.689575195312 186.208297729492 187.727020263672 188.833297729492 188.702209472656 188.571136474609 188.440048217773 188.308975219727 188.17790222168 188.046813964844 187.915740966797 187.12890625 186.123474121094 185.118057250977 184.112640380859 183.107223510742 182.101791381836 181.096374511719 180.294525146484 180.103408813477 179.91227722168 179.721145629883
185.789169311523 185.71516418457 185.641174316406 185.567169189453 185.493179321289 184.128952026367 182.334655761719 180.54035949707 178.746063232422 176.951766967773 175.157470703125 173.363174438477 172.226455688477 173.062408447266 173.898361206055 174.734329223633 175.570281982422 176.406234741211 177.242202758789 178.078155517578 179.444778442383 180.988296508789 182.531829833984 184.075347900391 185.618865966797 187.162384033203 188.705902099609 189.810424804688 189.597991943359 189.385559082031 189.173126220703 188.960693359375 188.748260498047 188.53581237793 188.323379516602 187.494491577148 186.460113525391 185.425750732422 184.391372680664 183.356994628906 182.322631835938 181.28825378418 180.463363647461 180.266906738281 180.070465087891 179.874008178711
