resources/Exp000_Example-Run/Run01_M2/TimeSeries/1995/selection_set/swgnt_avg.asc
NCOLS 265 
NROWS 230 
XLLCORNER -115.5625 
YLLCORNER 24.8333333333333 
CELLSIZE 0.0833333333333333 
NODATA_value -9999 
[rows 160 to 179 of 230, columns 46 to 91 of 265]
206.797790527344 207.331329345703 207.864883422852 208.398422241211 208.93196105957 209.46549987793 210.238616943359 211.091598510742 211.944564819336 212.797546386719 213.650527954102 214.503494262695 215.356475830078 216.058700561523 216.308685302734 216.558670043945 216.808670043945 217.058654785156 217.308639526367 217.558624267578 217.808609008789 217.855255126953 217.834106445312 217.812973022461 217.791839599609 217.770690917969 217.749557495117 217.728408813477 217.628601074219 217.292785644531 216.956970214844 216.621154785156 216.285339355469 215.94953918457 215.613723754883 215.277908325195 214.707336425781 214.058532714844 213.409713745117 212.760894775391 212.112091064453 211.463272094727 210.814453125 210.226760864258 209.822387695312 209.418014526367
206.604385375977 207.093124389648 207.58186340332 208.070617675781 208.559356689453 209.048110961914 209.896331787109 210.864379882812 211.832412719727 212.80046081543 213.768508911133 214.736557006836 215.704605102539 216.510101318359 216.827987670898 217.145858764648 217.463729858398 217.781600952148 218.099472045898 218.417343139648 218.735229492188 218.741058349609 218.642868041992 218.544677734375 218.446502685547 218.34831237793 218.250137329102 218.151947021484 218.025939941406 217.816482543945 217.607009887695 217.397552490234 217.188079833984 216.978622436523 216.769149780273 216.559677124023 216.001037597656 215.325988769531 214.650955200195 213.97590637207 213.300872802734 212.625823974609 211.950790405273 211.317153930664 210.807739257812 210.298309326172
206.547592163086 207.002166748047 207.456756591797 207.911346435547 208.365936279297 208.820510864258 209.694808959961 210.709014892578 211.723220825195 212.737426757812 213.75163269043 214.765838623047 215.780044555664 216.631805419922 216.996185302734 217.360580444336 217.724975585938 218.08935546875 218.453750610352 218.818145751953 219.182525634766 219.177825927734 219.050094604492 218.92236328125 218.794631958008 218.666900634766 218.539169311523 218.411437988281 218.28955078125 218.185272216797 218.080978393555 217.976684570312 217.87239074707 217.768096923828 217.663803100586 217.559524536133 217.042617797852 216.38818359375 215.733764648438 215.079330444336 214.424896240234 213.770462036133 213.116027832031 212.477401733398 211.886169433594 211.294937133789
206.627426147461 207.058486938477 207.489547729492 207.920608520508 208.351669311523 208.782730102539 209.634094238281 210.625549316406 211.616989135742 212.608444213867 213.599899291992 214.591354370117 215.582809448242 216.423782348633 216.813323974609 217.202850341797 217.592391967773 217.98193359375 218.371459960938 218.761001586914 219.150543212891 219.165588378906 219.055801391602 218.946014404297 218.836227416992 218.726440429688 218.616653442383 218.506866455078 218.419448852539 218.399154663086 218.378860473633 218.358581542969 218.338287353516 218.317993164062 218.297698974609 218.277404785156 217.832092285156 217.2451171875 216.658126831055 216.071151733398 215.484161376953 214.897171020508 214.310195922852 213.707504272461 213.057678222656 212.407867431641
206.707260131836 207.114791870117 207.522338867188 207.929870605469 208.337417602539 208.74494934082 209.573364257812 210.542068481445 211.510757446289 212.479461669922 213.448165893555 214.416870117188 215.385559082031 216.215759277344 216.630447387695 217.045120239258 217.459808349609 217.874496459961 218.289169311523 218.703857421875 219.118545532227 219.153335571289 219.061492919922 218.969650268555 218.877807617188 218.785980224609 218.694137573242 218.602294921875 218.549346923828 218.613052368164 218.6767578125 218.740463256836 218.804168701172 218.867874145508 218.931594848633 218.995300292969 218.621566772461 218.102035522461 217.582504272461 217.062957763672 216.543426513672 216.023880004883 215.504348754883 214.937591552734 214.229202270508 213.520812988281
206.787094116211 207.171112060547 207.555130004883 207.93913269043 208.323150634766 208.707168579102 209.512634277344 210.458587646484 211.404525756836 212.350479125977 213.296432495117 214.242370605469 215.188323974609 216.007736206055 216.447570800781 216.887405395508 217.327224731445 217.767059326172 218.206893920898 218.646713256836 219.086547851562 219.141082763672 219.067184448242 218.993301391602 218.919403076172 218.845504760742 218.771621704102 218.697723388672 218.679229736328 218.826934814453 218.974655151367 219.122360229492 219.270065307617 219.417770385742 219.565475463867 219.713180541992 219.411041259766 218.958953857422 218.506866455078 218.054779052734 217.602691650391 217.150604248047 216.698501586914 216.167694091797 215.400726318359 214.633743286133
206.866928100586 207.227416992188 207.587921142578 207.94841003418 208.308898925781 208.669387817383 209.451904296875 210.375106811523 211.298294067383 212.221496582031 213.144683837891 214.067886352539 214.991073608398 215.799713134766 216.264694213867 216.729675292969 217.194641113281 217.659622192383 218.124603271484 218.589569091797 219.054550170898 219.128829956055 219.072891235352 219.016937255859 218.960998535156 218.905044555664 218.849105834961 218.793151855469 218.809127807617 219.040832519531 219.272537231445 219.504241943359 219.735946655273 219.967666625977 220.199371337891 220.431076049805 220.20051574707 219.815872192383 219.431228637695 219.046600341797 218.661956787109 218.277313232422 217.892669677734 217.397796630859 216.572235107422 215.746688842773
206.946762084961 207.283737182617 207.620697021484 207.957672119141 208.294631958008 208.631607055664 209.391174316406 210.291625976562 211.19206237793 212.092514038086 212.992950439453 213.89338684082 214.793838500977 215.591705322266 216.081817626953 216.57194519043 217.062072753906 217.552185058594 218.04231262207 218.532440185547 219.022552490234 219.116592407227 219.078582763672 219.040588378906 219.002593994141 218.964584350586 218.92658996582 218.888595581055 218.939010620117 219.254730224609 219.570434570312 219.886138916016 220.201843261719 220.517547607422 220.833251953125 221.148971557617 220.989990234375 220.672805786133 220.355606079102 220.03840637207 219.721206665039 219.404022216797 219.086822509766 218.627899169922 217.743759155273 216.859619140625
206.493270874023 206.846527099609 207.199798583984 207.55305480957 207.906326293945 208.25959777832 209.018783569336 209.913269042969 210.807769775391 211.702255249023 212.596755981445 213.491241455078 214.3857421875 215.190048217773 215.723831176758 216.257598876953 216.791366577148 217.325134277344 217.858917236328 218.392684936523 218.926452636719 219.061569213867 219.06379699707 219.066024780273 219.068252563477 219.07048034668 219.072708129883 219.074935913086 219.162460327148 219.505844116211 219.849227905273 220.192611694336 220.535995483398 220.879379272461 221.222778320312 221.566162109375 221.474670410156 221.238220214844 221.001770019531 220.765319824219 220.528869628906 220.292419433594 220.055969238281 219.653259277344 218.751724243164 217.850204467773
205.506423950195 205.915817260742 206.3251953125 206.734573364258 207.143966674805 207.553344726562 208.334701538086 209.240051269531 210.145401000977 211.050750732422 211.956100463867 212.861450195312 213.766799926758 214.594787597656 215.190704345703 215.786636352539 216.382553100586 216.978485107422 217.574401855469 218.170318603516 218.766250610352 218.963775634766 219.028518676758 219.09326171875 219.157989501953 219.222732543945 219.287460327148 219.352203369141 219.479446411133 219.794189453125 220.108932495117 220.423675537109 220.738418579102 221.053161621094 221.367904663086 221.682647705078 221.654541015625 221.512130737305 221.369735717773 221.227325439453 221.084930419922 220.942520141602 220.800109863281 220.473876953125 219.596145629883 218.718414306641
204.519592285156 204.985092163086 205.450592041016 205.916091918945 206.381591796875 206.847106933594 207.650634765625 208.566833496094 209.483032226562 210.39924621582 211.315444946289 212.231643676758 213.147857666016 213.999526977539 214.657592773438 215.315673828125 215.973739624023 216.631820678711 217.289886474609 217.947967529297 218.606048583984 218.865997314453 218.993240356445 219.120483398438 219.24772644043 219.374969482422 219.502212524414 219.629470825195 219.796417236328 220.082534790039 220.368637084961 220.654739379883 220.940841674805 221.226943969727 221.513046264648 221.79914855957 221.834411621094 221.786056518555 221.737686157227 221.689331054688 221.640975952148 221.592620849609 221.54426574707 221.294509887695 220.440567016602 219.586639404297
203.532745361328 204.05436706543 204.575988769531 205.097610473633 205.619232177734 206.140853881836 206.966552734375 207.893615722656 208.820678710938 209.74772644043 210.674789428711 211.601852416992 212.528900146484 213.404251098633 214.124481201172 214.844711303711 215.564926147461 216.28515625 217.005386352539 217.725616455078 218.445831298828 218.768203735352 218.957962036133 219.147720336914 219.337463378906 219.527221679688 219.716979980469 219.906723022461 220.113403320312 220.370864868164 220.628341674805 220.885803222656 221.143264770508 221.400726318359 221.658187866211 221.915649414062 222.014282226562 222.059967041016 222.105651855469 222.151336669922 222.197021484375 222.242721557617 222.28840637207 222.115127563477 221.28498840332 220.454864501953
202.5458984375 203.123641967773 203.701385498047 204.27912902832 204.856872558594 205.434616088867 206.282485961914 207.220397949219 208.158309936523 209.096221923828 210.034133911133 210.972045898438 211.909957885742 212.808990478516 213.591369628906 214.373748779297 215.156127929688 215.938491821289 216.72087097168 217.50325012207 218.285629272461 218.670425415039 218.92268371582 219.174942016602 219.427200317383 219.679473876953 219.931732177734 220.183990478516 220.430389404297 220.659210205078 220.888031005859 221.116851806641 221.345687866211 221.574508666992 221.803329467773 222.032150268555 222.194152832031 222.333877563477 222.473617553711 222.613342285156 222.753082275391 222.892807006836 223.03254699707 222.935760498047 222.129409790039 221.32307434082
201.559066772461 202.192932128906 202.826782226562 203.460647583008 204.094512939453 204.728363037109 205.598403930664 206.547180175781 207.495941162109 208.444717407227 209.393478393555 210.342254638672 211.291015625 212.213729858398 213.058258056641 213.902786254883 214.747314453125 215.591842651367 216.436370849609 217.280899047852 218.125427246094 218.572631835938 218.887405395508 219.202178955078 219.516937255859 219.83171081543 220.146484375 220.46125793457 220.747375488281 220.947555541992 221.147735595703 221.347915649414 221.548095703125 221.748275756836 221.948455810547 222.148635864258 222.3740234375 222.607803344727 222.841583251953 223.075347900391 223.309127807617 223.542907714844 223.77668762207 223.756378173828 222.973831176758 222.191299438477
200.935729980469 201.497467041016 202.059219360352 202.620971679688 203.182723999023 203.744476318359 204.632247924805 205.628692626953 206.625137329102 207.621597290039 208.618041992188 209.614486694336 210.610946655273 211.582748413086 212.480651855469 213.378555297852 214.276443481445 215.174346923828 216.072235107422 216.970138549805 217.868041992188 218.375900268555 218.75373840332 219.131591796875 219.50944519043 219.887283325195 220.26513671875 220.642990112305 220.971969604492 221.154327392578 221.336700439453 221.519073486328 221.701431274414 221.883804321289 222.066162109375 222.24853515625 222.504806518555 222.785720825195 223.066635131836 223.347534179688 223.628448486328 223.909362792969 224.19026184082 224.213485717773 223.463623046875 222.713775634766
200.675888061523 201.037292480469 201.398696899414 201.760101318359 202.121505737305 202.482925415039 203.383987426758 204.464950561523 205.545913696289 206.626861572266 207.707824707031 208.788787841797 209.869735717773 210.916076660156 211.85856628418 212.801055908203 213.743530273438 214.686019897461 215.628509521484 216.570983886719 217.513473510742 218.080215454102 218.521713256836 218.96321105957 219.404693603516 219.84619140625 220.287689208984 220.729187011719 221.104156494141 221.279541015625 221.454925537109 221.630294799805 221.805679321289 221.981063842773 222.156448364258 222.331832885742 222.586517333984 222.867645263672 223.148773193359 223.429901123047 223.711029052734 223.992156982422 224.273284912109 224.307052612305 223.598785400391 222.890502929688
200.416030883789 200.577102661133 200.738174438477 200.899230957031 201.060302734375 201.221374511719 202.1357421875 203.301208496094 204.466674804688 205.632141113281 206.797607421875 207.963073730469 209.128540039062 210.249404907227 211.236480712891 212.223556518555 213.21061706543 214.197692871094 215.184768676758 216.171829223633 217.158905029297 217.784530639648 218.289672851562 218.794815063477 219.299957275391 219.805099487305 220.310241699219 220.815383911133 221.236343383789 221.404739379883 221.573135375977 221.74153137207 221.909927368164 222.078323364258 222.246719360352 222.415115356445 222.668228149414 222.949569702148 223.230911254883 223.512252807617 223.793609619141 224.074951171875 224.356292724609 224.400634765625 223.733932495117 223.067230224609
200.156188964844 200.116928100586 200.077651977539 200.038375854492 199.999099731445 199.959823608398 200.887481689453 202.137466430664 203.387435913086 204.637420654297 205.887390136719 207.137359619141 208.387344360352 209.582733154297 210.614395141602 211.646057128906 212.677703857422 213.709365844727 214.741027832031 215.772674560547 216.804336547852 217.488845825195 218.057632446289 218.626434326172 219.195220947266 219.764007568359 220.332794189453 220.901596069336 221.368530273438 221.52995300293 221.691360473633 221.852767944336 222.014175415039 222.175582885742 222.336990356445 222.498397827148 222.749923706055 223.031494140625 223.313049316406 223.594619750977 223.876190185547 224.157745361328 224.439315795898 224.494201660156 223.869079589844 223.24397277832
199.896347045898 199.65673828125 199.417114257812 199.177505493164 198.937881469727 198.698272705078 199.639236450195 200.973709106445 202.308197021484 203.642684936523 204.977172851562 206.311660766602 207.646148681641 208.916061401367 209.992309570312 211.068557739258 212.144805908203 213.221038818359 214.297286987305 215.37353515625 216.449768066406 217.193161010742 217.825607299805 218.458038330078 219.090469360352 219.722915649414 220.355346679688 220.98779296875 221.500732421875 221.655151367188 221.8095703125 221.964004516602 222.118423461914 222.272842407227 222.427276611328 222.581695556641 222.831634521484 223.113418579102 223.395202636719 223.676986694336 223.958755493164 224.240539550781 224.522323608398 224.587783813477 224.004241943359 223.420700073242
199.636505126953 199.196548461914 198.756591796875 198.316635131836 197.876678466797 197.436721801758 198.390975952148 199.809967041016 201.228958129883 202.647964477539 204.066955566406 205.485946655273 206.904937744141 208.249389648438 209.370223999023 210.491058349609 211.611892700195 212.732711791992 213.853546142578 214.974380493164 216.095199584961 216.897476196289 217.593566894531 218.289642333984 218.985733032227 219.681823730469 220.377899169922 221.073989868164 221.632919311523 221.780349731445 221.927795410156 222.075225830078 222.222671508789 222.370101928711 222.517547607422 222.664978027344 222.913345336914 223.195343017578 223.477340698242 223.759338378906 224.04133605957 224.323333740234 224.605346679688 224.681350708008 224.139389038086 223.597442626953
