resources/Exp000_Example-Run/Run01_M2/TimeSeries/1995/selection_set/swgnt_avg.asc
NCOLS 265 
NROWS 230 
XLLCORNER -115.5625 
YLLCORNER 24.8333333333333 
CELLSIZE 0.0833333333333333 
NODATA_value -9999 
[rows 180 to 199 of 230, columns 138 to 183 of 265]
212.602523803711 212.837951660156 213.073379516602 213.308807373047 212.939208984375 212.367935180664 211.796661376953 211.225402832031 210.65412902832 210.082855224609 209.511581420898 209.215179443359 209.74333190918 210.271484375 210.79963684082 211.327789306641 211.855941772461 212.384094238281 212.912246704102 213.031143188477 213.013610839844 212.996063232422 212.978530883789 212.960998535156 212.943466186523 212.925918579102 212.685943603516 211.778671264648 210.871383666992 209.964096069336 209.05680847168 208.149520874023 207.242233276367 206.334945678711 205.369659423828 204.385009765625 203.400375366211 202.415740966797 201.431106567383 200.44645690918 199.461822509766 198.727523803711 198.744247436523 198.760971069336 198.777679443359 198.794403076172
212.751617431641 212.965576171875 213.179550170898 213.393508911133 212.998031616211 212.399398803711 211.800765991211 211.202133178711 210.603500366211 210.004867553711 209.406234741211 209.086288452148 209.602401733398 210.118499755859 210.634613037109 211.15071105957 211.66682434082 212.18293762207 212.699035644531 212.891174316406 212.975311279297 213.059463500977 213.143600463867 213.227752685547 213.311889648438 213.396026611328 213.213500976562 212.230926513672 211.24836730957 210.26579284668 209.283233642578 208.300674438477 207.318099975586 206.335540771484 205.335113525391 204.328750610352 203.322372436523 202.316009521484 201.309631347656 200.303268432617 199.296890258789 198.545959472656 198.561340332031 198.576721191406 198.592102050781 198.607482910156
212.900726318359 213.093215942383 213.285720825195 213.478210449219 213.056838989258 212.430847167969 211.80485534668 211.178863525391 210.552871704102 209.926879882812 209.300888061523 208.957412719727 209.461471557617 209.965530395508 210.469589233398 210.973648071289 211.47770690918 211.98176574707 212.485824584961 212.751205444336 212.937026977539 213.122848510742 213.308670043945 213.494491577148 213.680313110352 213.866149902344 213.74104309082 212.683197021484 211.625350952148 210.567504882812 209.509658813477 208.451812744141 207.393966674805 206.336120605469 205.300582885742 204.272476196289 203.244369506836 202.216262817383 201.188171386719 200.160064697266 199.131958007812 198.364395141602 198.378433227539 198.392486572266 198.406524658203 198.42057800293
213.049819946289 213.220855712891 213.391891479492 213.562927246094 213.115661621094 212.462310791016 211.808959960938 211.15559387207 210.502243041992 209.848892211914 209.195541381836 208.828521728516 209.320541381836 209.812545776367 210.304565429688 210.796569824219 211.288589477539 211.78059387207 212.272613525391 212.611236572266 212.898742675781 213.186248779297 213.473739624023 213.761245727539 214.048751831055 214.33625793457 214.268600463867 213.135467529297 212.002334594727 210.869216918945 209.736083984375 208.602951049805 207.469833374023 206.336700439453 205.266036987305 204.216201782227 203.166366577148 202.11653137207 201.066696166992 200.016860961914 198.967025756836 198.182830810547 198.195541381836 198.208236694336 198.220947265625 198.233657836914
213.198913574219 213.348495483398 213.498062133789 213.64762878418 213.17448425293 212.493759155273 211.813049316406 211.132339477539 210.451614379883 209.770904541016 209.090179443359 208.699630737305 209.179595947266 209.659561157227 210.139526367188 210.619491577148 211.099456787109 211.57942199707 212.059387207031 212.471267700195 212.860458374023 213.249633789062 213.638809204102 214.02799987793 214.417175292969 214.806365966797 214.796142578125 213.587738037109 212.379333496094 211.170913696289 209.962509155273 208.754104614258 207.545700073242 206.337280273438 205.231506347656 204.159942626953 203.088363647461 202.016799926758 200.945236206055 199.873657226562 198.802093505859 198.001251220703 198.012634277344 198.024002075195 198.035369873047 198.046752929688
213.348022460938 213.476119995117 213.604232788086 213.732330322266 213.233306884766 212.52522277832 211.817138671875 211.109069824219 210.400985717773 209.692916870117 208.984832763672 208.570755004883 209.038665771484 209.506591796875 209.974502563477 210.442428588867 210.910339355469 211.378265380859 211.846176147461 212.331298828125 212.822158813477 213.313018798828 213.80387878418 214.29475402832 214.785614013672 215.276473999023 215.323699951172 214.040008544922 212.756317138672 211.472625732422 210.188934326172 208.905242919922 207.621551513672 206.337875366211 205.196975708008 204.103668212891 203.010360717773 201.917068481445 200.823760986328 199.730453491211 198.637161254883 197.819686889648 197.829727172852 197.839767456055 197.849792480469 197.859832763672
213.475067138672 213.537841796875 213.600616455078 213.66340637207 213.105621337891 212.34098815918 211.576370239258 210.811737060547 210.047103881836 209.282470703125 208.517852783203 208.071884155273 208.581924438477 209.09196472168 209.602005004883 210.112045288086 210.622085571289 211.132125854492 211.642166137695 212.181137084961 212.729751586914 213.278366088867 213.82698059082 214.375595092773 214.924209594727 215.47282409668 215.556198120117 214.243896484375 212.931579589844 211.619262695312 210.30696105957 208.994644165039 207.682327270508 206.370025634766 205.231201171875 204.150207519531 203.069198608398 201.988204956055 200.907211303711 199.826217651367 198.745208740234 197.934066772461 197.932434082031 197.930816650391 197.929183959961 197.92756652832
213.580078125 213.533660888672 213.487243652344 213.440826416016 212.791442871094 211.941070556641 211.090698242188 210.240341186523 209.38996887207 208.539596557617 207.689224243164 207.203033447266 207.809356689453 208.41569519043 209.022033691406 209.628356933594 210.23469543457 210.841018676758 211.447357177734 212.020767211914 212.583206176758 213.145645141602 213.708084106445 214.270538330078 214.832977294922 215.395416259766 215.493667602539 214.199401855469 212.905120849609 211.610855102539 210.31657409668 209.02229309082 207.72802734375 206.433746337891 205.334182739258 204.299530029297 203.264877319336 202.230224609375 201.195571899414 200.160919189453 199.126266479492 198.344375610352 198.320755004883 198.297149658203 198.273544311523 198.249923706055
213.685073852539 213.52946472168 213.37385559082 213.218246459961 212.477264404297 211.541152954102 210.605041503906 209.668930053711 208.732818603516 207.79670715332 206.860610961914 206.334182739258 207.036804199219 207.73942565918 208.442047119141 209.144683837891 209.847305297852 210.549926757812 211.252548217773 211.860412597656 212.436676025391 213.012939453125 213.589202880859 214.165466308594 214.741729736328 215.318008422852 215.431137084961 214.154907226562 212.878662109375 211.602432250977 210.326187133789 209.049957275391 207.773712158203 206.497467041016 205.43717956543 204.448867797852 203.460556030273 202.472244262695 201.483947753906 200.495635986328 199.50732421875 198.754684448242 198.709091186523 198.663482666016 198.617889404297 198.572296142578
213.790069580078 213.525268554688 213.260467529297 212.995666503906 212.1630859375 211.141235351562 210.119384765625 209.097534179688 208.07568359375 207.053833007812 206.031982421875 205.46533203125 206.264236450195 207.06315612793 207.862075805664 208.660995483398 209.459915161133 210.258834838867 211.057739257812 211.700042724609 212.290130615234 212.880233764648 213.470321655273 214.060409545898 214.650497436523 215.240600585938 215.368606567383 214.110412597656 212.852203369141 211.594009399414 210.335800170898 209.077606201172 207.819396972656 206.56120300293 205.540176391602 204.598205566406 203.656234741211 202.714279174805 201.772308349609 200.830337524414 199.888366699219 199.164993286133 199.097412109375 199.029830932617 198.96223449707 198.894653320312
213.895065307617 213.521072387695 213.147079467773 212.773086547852 211.848907470703 210.741317749023 209.633728027344 208.526138305664 207.418548583984 206.310958862305 205.203369140625 204.596466064453 205.491683959961 206.38688659668 207.282104492188 208.177307128906 209.072525024414 209.967727661133 210.862945556641 211.539672851562 212.143600463867 212.747512817383 213.351425170898 213.955352783203 214.559265136719 215.163177490234 215.306076049805 214.06591796875 212.825744628906 211.585586547852 210.345428466797 209.105255126953 207.865097045898 206.624923706055 205.643173217773 204.747543334961 203.851913452148 202.956298828125 202.060668945312 201.165054321289 200.269424438477 199.575317382812 199.485733032227 199.39616394043 199.306594848633 199.217010498047
214.000076293945 213.516891479492 213.033706665039 212.550506591797 211.534713745117 210.341384887695 209.148056030273 207.954727172852 206.76139831543 205.568069458008 204.374740600586 203.727615356445 204.719116210938 205.71061706543 206.702117919922 207.693634033203 208.685134887695 209.676635742188 210.66813659668 211.379318237305 211.997055053711 212.614807128906 213.232543945312 213.850296020508 214.468032836914 215.08576965332 215.243545532227 214.021423339844 212.799301147461 211.577163696289 210.355041503906 209.132904052734 207.910781860352 206.68864440918 205.746154785156 204.896881103516 204.047592163086 203.198318481445 202.349029541016 201.499755859375 200.650482177734 199.985626220703 199.874069213867 199.762496948242 199.650939941406 199.53938293457
213.981475830078 213.457397460938 212.933319091797 212.409240722656 211.372192382812 210.164154052734 208.956115722656 207.748077392578 206.5400390625 205.332000732422 204.123947143555 203.473098754883 204.493774414062 205.514450073242 206.535140991211 207.555816650391 208.57649230957 209.597183227539 210.617858886719 211.297714233398 211.863952636719 212.430191040039 212.996429443359 213.562683105469 214.128921508789 214.695159912109 214.81950378418 213.618133544922 212.416763305664 211.215393066406 210.014022827148 208.812652587891 207.611282348633 206.409912109375 205.533920288086 204.766357421875 203.998809814453 203.231262207031 202.463714599609 201.696166992188 200.928619384766 200.319961547852 200.188003540039 200.056045532227 199.924087524414 199.792129516602
213.839309692383 213.342620849609 212.845947265625 212.349273681641 211.361312866211 210.209594726562 209.057876586914 207.906158447266 206.754440307617 205.602722167969 204.45100402832 203.832901000977 204.815643310547 205.798385620117 206.781143188477 207.763885498047 208.746627807617 209.729370117188 210.712112426758 211.294860839844 211.744277954102 212.193695068359 212.643096923828 213.092514038086 213.541931152344 213.991333007812 214.033920288086 212.856033325195 211.678161621094 210.500274658203 209.322387695312 208.144500732422 206.966613769531 205.788726806641 205.006439208984 204.356002807617 203.70556640625 203.055130004883 202.404708862305 201.754272460938 201.10383605957 200.578323364258 200.427551269531 200.276779174805 200.126022338867 199.975250244141
213.697128295898 213.227844238281 212.758575439453 212.289291381836 211.350433349609 210.255035400391 209.159637451172 208.064239501953 206.968841552734 205.873443603516 204.778045654297 204.19270324707 205.137512207031 206.082321166992 207.027145385742 207.971954345703 208.916763305664 209.861572265625 210.806381225586 211.292022705078 211.624603271484 211.957183837891 212.289764404297 212.622344970703 212.954925537109 213.287506103516 213.248352050781 212.093948364258 210.939544677734 209.785140991211 208.630737304688 207.476348876953 206.32194519043 205.167541503906 204.478958129883 203.94563293457 203.412322998047 202.879013061523 202.345687866211 201.812377929688 201.279067993164 200.836685180664 200.667098999023 200.497528076172 200.327941894531 200.15837097168
213.554946899414 213.113067626953 212.671203613281 212.22932434082 211.339553833008 210.300476074219 209.26139831543 208.222320556641 207.183258056641 206.144180297852 205.105102539062 204.552520751953 205.459396362305 206.366271972656 207.273132324219 208.18000793457 209.086883544922 209.993759155273 210.900634765625 211.289169311523 211.504928588867 211.720672607422 211.936431884766 212.152191162109 212.367935180664 212.583694458008 212.462768554688 211.33186340332 210.200942993164 209.070022583008 207.939102172852 206.808181762695 205.677276611328 204.546356201172 203.951477050781 203.535278320312 203.119079589844 202.702880859375 202.286682128906 201.870483398438 201.454284667969 201.095031738281 200.906646728516 200.71826171875 200.529876708984 200.341491699219
213.41276550293 212.998291015625 212.58381652832 212.169357299805 211.328674316406 210.345916748047 209.363159179688 208.380416870117 207.397659301758 206.414901733398 205.432159423828 204.912322998047 205.781265258789 206.650207519531 207.519134521484 208.388076782227 209.257019042969 210.125961303711 210.994903564453 211.286331176758 211.38525390625 211.484176635742 211.583099365234 211.682022094727 211.780944824219 211.879867553711 211.677200317383 210.569763183594 209.462326049805 208.354904174805 207.247467041016 206.140029907227 205.032592773438 203.925155639648 203.42399597168 203.124908447266 202.825836181641 202.526748657227 202.227676391602 201.928588867188 201.629501342773 201.353393554688 201.146209716797 200.939010620117 200.731811523438 200.524612426758
213.270584106445 212.883514404297 212.496444702148 212.109375 211.317794799805 210.391357421875 209.464920043945 208.538497924805 207.612060546875 206.685638427734 205.759201049805 205.272125244141 206.103134155273 206.934143066406 207.76513671875 208.596145629883 209.427154541016 210.258148193359 211.089157104492 211.283477783203 211.265579223633 211.247665405273 211.229766845703 211.211853027344 211.193954467773 211.176040649414 210.891632080078 209.807678222656 208.723724365234 207.639770507812 206.55583190918 205.471878051758 204.387924194336 203.303970336914 202.896514892578 202.714553833008 202.532592773438 202.350616455078 202.168655395508 201.986694335938 201.804733276367 201.611755371094 201.385757446289 201.159744262695 200.933746337891 200.707748413086
212.645034790039 212.217071533203 211.789123535156 211.361175537109 210.673965454102 209.900344848633 209.126724243164 208.353088378906 207.579467773438 206.805847167969 206.0322265625 205.65446472168 206.464263916016 207.274078369141 208.083877563477 208.893692016602 209.703506469727 210.513305664062 211.323120117188 211.433135986328 211.30989074707 211.186660766602 211.063415527344 210.940170288086 210.816925048828 210.693695068359 210.346328735352 209.326583862305 208.306838989258 207.287094116211 206.267364501953 205.247619628906 204.227874755859 203.208129882812 202.885482788086 202.795196533203 202.70491027832 202.614624023438 202.524337768555 202.434036254883 202.34375 202.209457397461 201.943115234375 201.676773071289 201.410430908203 201.144088745117
211.536087036133 210.998962402344 210.461837768555 209.924713134766 209.397186279297 208.872863769531 208.348526000977 207.824203491211 207.299880981445 206.775543212891 206.251220703125 206.059310913086 206.864669799805 207.670013427734 208.475372314453 209.280715942383 210.086074829102 210.891418457031 211.69677734375 211.735305786133 211.518218994141 211.301132202148 211.084060668945 210.866973876953 210.649887084961 210.432800292969 210.041290283203 209.126480102539 208.211685180664 207.296875 206.382064819336 205.467254638672 204.552444458008 203.637649536133 203.390899658203 203.366851806641 203.342788696289 203.318740844727 203.294692993164 203.270629882812 203.24658203125 203.146484375 202.818283081055 202.490081787109 202.161880493164 201.833679199219
