resources/Exp000_Example-Run/Run01_M2/TimeSeries/1995/selection_set/t2m_avg.asc
NCOLS 265 
NROWS 230 
XLLCORNER -115.5625 
YLLCORNER 24.8333333333333 
CELLSIZE 0.0833333333333333 
NODATA_value -9999 
[rows 100 to 119 of 230, columns 138 to 183 of 265]
286.886413574219 287.004547119141 287.122680664062 287.240814208984 287.292419433594 287.321868896484 287.351318359375 287.380767822266 287.410186767578 287.439636230469 287.469085693359 287.500549316406 287.537994384766 287.575469970703 287.612915039062 287.650390625 287.687835693359 287.725311279297 287.762786865234 287.782043457031 287.795227050781 287.808410644531 287.821594238281 287.834777832031 287.847961425781 287.861145019531 287.872711181641 287.879425048828 287.886138916016 287.892883300781 287.899597167969 287.906311035156 287.913024902344 287.919769287109 287.923095703125 287.92529296875 287.927490234375 287.9296875 287.931915283203 287.934112548828 287.936309814453 287.9443359375 287.969757080078 287.995208740234 288.020629882812 288.046081542969
287.202056884766 287.307037353516 287.412048339844 287.517028808594 287.556213378906 287.573455810547 287.590698242188 287.607940673828 287.625183105469 287.642425537109 287.65966796875 287.680755615234 287.71337890625 287.746002197266 287.778625488281 287.811248779297 287.843872070312 287.876495361328 287.909149169922 287.923278808594 287.931274414062 287.939270019531 287.947265625 287.955261230469 287.963256835938 287.971252441406 287.976531982422 287.973785400391 287.971069335938 287.968322753906 287.965576171875 287.962829589844 287.960083007812 287.957336425781 287.955657958984 287.954345703125 287.953063964844 287.951751708984 287.950439453125 287.949127197266 287.947814941406 287.954956054688 287.987335205078 288.019744873047 288.052124023438 288.084533691406
287.368316650391 287.463073730469 287.557800292969 287.652526855469 287.684173583984 287.694763183594 287.705352783203 287.715942382812 287.726531982422 287.737152099609 287.747741699219 287.762359619141 287.789031982422 287.815734863281 287.842407226562 287.869079589844 287.895782470703 287.922454833984 287.949157714844 287.962463378906 287.971343994141 287.980224609375 287.989105224609 287.997985839844 288.0068359375 288.015716552734 288.021911621094 288.020080566406 288.018218994141 288.016387939453 288.014526367188 288.012664794922 288.010833740234 288.008972167969 288.010223388672 288.012481689453 288.014770507812 288.017028808594 288.019317626953 288.021575927734 288.023834228516 288.034484863281 288.070251464844 288.106018066406 288.141815185547 288.177581787109
287.38525390625 287.472595214844 287.559967041016 287.647308349609 287.676300048828 287.685791015625 287.695281982422 287.704803466797 287.714294433594 287.723815917969 287.733306884766 287.745330810547 287.764984130859 287.784606933594 287.804260253906 287.823883056641 287.843536376953 287.863159179688 287.8828125 287.899597167969 287.915435791016 287.931243896484 287.947082519531 287.962921142578 287.978759765625 287.994598388672 288.008819580078 288.018249511719 288.027648925781 288.037078857422 288.046478271484 288.055908203125 288.065307617188 288.07470703125 288.086761474609 288.099700927734 288.112640380859 288.125549316406 288.138488769531 288.151428222656 288.164337158203 288.182952880859 288.218505859375 288.254089355469 288.289642333984 288.3251953125
287.402160644531 287.482147216797 287.562133789062 287.64208984375 287.668395996094 287.676818847656 287.685241699219 287.693634033203 287.702056884766 287.71044921875 287.718872070312 287.728332519531 287.740905761719 287.753509521484 287.76611328125 287.778686523438 287.791290283203 287.803863525391 287.816467285156 287.836700439453 287.859497070312 287.882293701172 287.905090332031 287.927886962891 287.95068359375 287.973480224609 287.995727539062 288.016418457031 288.037078857422 288.057769775391 288.078430175781 288.09912109375 288.119781494141 288.140441894531 288.163330078125 288.186920166016 288.210510253906 288.234100341797 288.257690429688 288.281280517578 288.304870605469 288.331390380859 288.366760253906 288.402130126953 288.4375 288.472839355469
287.419067382812 287.491668701172 287.564270019531 287.636901855469 287.660522460938 287.667846679688 287.675170898438 287.682495117188 287.689819335938 287.697113037109 287.704437255859 287.711334228516 287.716857910156 287.722412109375 287.727935791016 287.733489990234 287.739044189453 287.744567871094 287.750122070312 287.773803710938 287.803558349609 287.833343505859 287.863098144531 287.892852783203 287.922607421875 287.952362060547 287.982666015625 288.014587402344 288.046508789062 288.078460693359 288.110382080078 288.142333984375 288.174255371094 288.206207275391 288.239868164062 288.274108886719 288.308380126953 288.342620849609 288.376861572266 288.4111328125 288.445373535156 288.479858398438 288.515014648438 288.550170898438 288.585327148438 288.620483398438
287.435974121094 287.501220703125 287.566436767578 287.631683349609 287.652648925781 287.658874511719 287.665100097656 287.671325683594 287.677551269531 287.683776855469 287.690002441406 287.694305419922 287.692810058594 287.691284179688 287.689788818359 287.688293457031 287.686767578125 287.685272216797 287.683776855469 287.7109375 287.747650146484 287.784362792969 287.821075439453 287.857788085938 287.894500732422 287.931213378906 287.969573974609 288.012756347656 288.055938720703 288.099151611328 288.142333984375 288.185546875 288.228729248047 288.271942138672 288.31640625 288.361328125 288.406219482422 288.451141357422 288.496063232422 288.540954589844 288.585876464844 288.628295898438 288.663269042969 288.698211669922 288.733184814453 288.768127441406
287.452911376953 287.5107421875 287.568603515625 287.62646484375 287.644775390625 287.64990234375 287.655029296875 287.660186767578 287.665313720703 287.670440673828 287.675598144531 287.677307128906 287.668762207031 287.660186767578 287.651641845703 287.643096923828 287.634521484375 287.6259765625 287.617431640625 287.648040771484 287.691711425781 287.735412597656 287.779083251953 287.82275390625 287.866424560547 287.910095214844 287.956481933594 288.010925292969 288.065399169922 288.119842529297 288.174285888672 288.228759765625 288.283203125 288.337677001953 288.392974853516 288.448516845703 288.504089355469 288.559661865234 288.615234375 288.670806884766 288.726379394531 288.776763916016 288.811492919922 288.846252441406 288.881011962891 288.915771484375
287.483154296875 287.530395507812 287.577606201172 287.624816894531 287.640716552734 287.646118164062 287.651550292969 287.656982421875 287.662384033203 287.667816162109 287.673248291016 287.675415039062 287.667816162109 287.660247802734 287.652679443359 287.645080566406 287.637512207031 287.629913330078 287.622344970703 287.655029296875 287.701110839844 287.747192382812 287.793273925781 287.839385986328 287.885467529297 287.931549072266 287.982421875 288.047607421875 288.11279296875 288.178009033203 288.243194580078 288.308380126953 288.373596191406 288.438781738281 288.50390625 288.569000244141 288.634094238281 288.699188232422 288.764282226562 288.829376220703 288.894470214844 288.951416015625 288.983856201172 289.016265869141 289.048706054688 289.081146240234
287.526763916016 287.560089111328 287.593444824219 287.626800537109 287.640441894531 287.647521972656 287.654602050781 287.661712646484 287.668792724609 287.675872802734 287.682983398438 287.688629150391 287.690063476562 287.691467285156 287.69287109375 287.694274902344 287.695678710938 287.697113037109 287.698516845703 287.731842041016 287.775787353516 287.819763183594 287.863708496094 287.907653808594 287.951629638672 287.995574951172 288.047393798828 288.122802734375 288.198211669922 288.273620605469 288.349029541016 288.424438476562 288.499847412109 288.575256347656 288.649230957031 288.722717285156 288.796203613281 288.869689941406 288.943176269531 289.016662597656 289.090148925781 289.152252197266 289.180267333984 289.208282470703 289.236297607422 289.264312744141
287.570343017578 287.589813232422 287.609283447266 287.628753662109 287.640167236328 287.64892578125 287.657684326172 287.666442871094 287.675201416016 287.683959960938 287.692687988281 287.701873779297 287.712280273438 287.722686767578 287.733062744141 287.743469238281 287.753875732422 287.764282226562 287.774688720703 287.808654785156 287.850494384766 287.892303466797 287.934143066406 287.975952148438 288.017791748047 288.059600830078 288.112396240234 288.197998046875 288.283630371094 288.369262695312 288.454864501953 288.540496826172 288.626129150391 288.711761474609 288.794555664062 288.876434326172 288.958312988281 289.040191650391 289.122039794922 289.203918457031 289.285797119141 289.353088378906 289.376678466797 289.400268554688 289.423858642578 289.447448730469
287.613922119141 287.619537353516 287.625122070312 287.630706787109 287.639923095703 287.650329589844 287.660766601562 287.671173095703 287.681610107422 287.692016601562 287.702423095703 287.715087890625 287.734497070312 287.753875732422 287.773284912109 287.792663574219 287.812072753906 287.831451416016 287.850860595703 287.885467529297 287.925170898438 287.964874267578 288.004547119141 288.044250488281 288.083953857422 288.123626708984 288.177368164062 288.273193359375 288.369049072266 288.464874267578 288.560729980469 288.656555175781 288.752380371094 288.848236083984 288.939880371094 289.030151367188 289.120422363281 289.210662841797 289.300933837891 289.391204833984 289.481475830078 289.553955078125 289.573120117188 289.59228515625 289.611419677734 289.630584716797
287.657531738281 287.649230957031 287.640960693359 287.632659912109 287.6396484375 287.651733398438 287.663818359375 287.675903320312 287.68798828125 287.700073242188 287.712158203125 287.728332519531 287.756713867188 287.785095214844 287.8134765625 287.841857910156 287.870269775391 287.898651123047 287.927032470703 287.962310791016 287.999847412109 288.037414550781 288.074981689453 288.112548828125 288.150115966797 288.187652587891 288.242340087891 288.348388671875 288.454467773438 288.560516357422 288.666564941406 288.772613525391 288.878662109375 288.984710693359 289.085205078125 289.183868408203 289.282531738281 289.381164550781 289.479827880859 289.578460693359 289.677124023438 289.754791259766 289.76953125 289.784271240234 289.799011230469 289.813751220703
287.701110839844 287.678955078125 287.656799316406 287.634613037109 287.639404296875 287.653137207031 287.666900634766 287.680633544922 287.694396972656 287.708160400391 287.721893310547 287.741546630859 287.778930664062 287.816314697266 287.853698730469 287.891082763672 287.928436279297 287.9658203125 288.003204345703 288.039123535156 288.074554443359 288.109985351562 288.145416259766 288.180847167969 288.216278076172 288.251678466797 288.307342529297 288.423583984375 288.539855957031 288.656127929688 288.772399902344 288.888671875 289.004943847656 289.121215820312 289.230560302734 289.337585449219 289.444641113281 289.551666259766 289.658721923828 289.765747070312 289.872802734375 289.955657958984 289.965942382812 289.976257324219 289.986572265625 289.996887207031
287.801239013672 287.769592285156 287.737976074219 287.706359863281 287.708923339844 287.722869873047 287.73681640625 287.750793457031 287.764739990234 287.778686523438 287.792663574219 287.813201904297 287.853485107422 287.893768310547 287.934051513672 287.974365234375 288.0146484375 288.054931640625 288.09521484375 288.130249023438 288.163543701172 288.196838378906 288.230102539062 288.263397216797 288.296691894531 288.329956054688 288.384155273438 288.501098632812 288.618041992188 288.734985351562 288.851928710938 288.968872070312 289.085815429688 289.202758789062 289.317108154297 289.430603027344 289.544097900391 289.657562255859 289.771057128906 289.884552001953 289.998016357422 290.086090087891 290.097839355469 290.109619140625 290.121368408203 290.133148193359
287.957855224609 287.921173095703 287.884521484375 287.847839355469 287.848205566406 287.860931396484 287.873626708984 287.886322021484 287.899047851562 287.911743164062 287.924438476562 287.943267822266 287.980377197266 288.017486572266 288.054595947266 288.091705322266 288.128845214844 288.165954589844 288.203063964844 288.235687255859 288.266815185547 288.297973632812 288.3291015625 288.360229492188 288.391357421875 288.422485351562 288.472839355469 288.580932617188 288.689025878906 288.797088623047 288.905181884766 289.013275146484 289.121337890625 289.229431152344 289.344940185547 289.462921142578 289.580902099609 289.698883056641 289.816864013672 289.934844970703 290.052825927734 290.146087646484 290.165191650391 290.184295654297 290.203399658203 290.222534179688
288.114471435547 288.07275390625 288.031066894531 287.989349365234 287.987518310547 287.998962402344 288.010406494141 288.021881103516 288.033325195312 288.044769287109 288.056243896484 288.073303222656 288.107269287109 288.141204833984 288.175140380859 288.209075927734 288.243041992188 288.276977539062 288.310913085938 288.341156005859 288.3701171875 288.399108886719 288.428070068359 288.457061767578 288.486022949219 288.515014648438 288.5615234375 288.660766601562 288.759979248047 288.859191894531 288.958435058594 289.057647705078 289.156860351562 289.256072998047 289.372741699219 289.495239257812 289.617706298828 289.740203857422 289.862670898438 289.985168457031 290.107635498047 290.206115722656 290.232543945312 290.259002685547 290.285461425781 290.311889648438
288.271087646484 288.224334716797 288.177581787109 288.130859375 288.126800537109 288.137023925781 288.147216796875 288.157409667969 288.167633056641 288.177825927734 288.188018798828 288.203369140625 288.234130859375 288.264923095703 288.295684814453 288.326446533203 288.357238769531 288.388000488281 288.418762207031 288.446594238281 288.473419189453 288.500244140625 288.527038574219 288.553863525391 288.580688476562 288.607513427734 288.650238037109 288.740570068359 288.830932617188 288.921295166016 289.011657714844 289.102020263672 289.1923828125 289.282745361328 289.400573730469 289.527557373047 289.654510498047 289.781494140625 289.908477783203 290.035461425781 290.162445068359 290.266143798828 290.299926757812 290.333709716797 290.367492675781 290.401275634766
288.427703857422 288.375915527344 288.324127197266 288.272338867188 288.26611328125 288.275054931641 288.283996582031 288.29296875 288.301910400391 288.310852050781 288.31982421875 288.333435058594 288.361022949219 288.388610839844 288.416229248047 288.443817138672 288.471435546875 288.4990234375 288.526641845703 288.552032470703 288.576690673828 288.601379394531 288.626037597656 288.650695800781 288.675354003906 288.700042724609 288.738922119141 288.820404052734 288.901916503906 288.9833984375 289.064910888672 289.146392822266 289.227905273438 289.309387207031 289.428375244141 289.559844970703 289.691345214844 289.822814941406 289.954284667969 290.085784912109 290.217254638672 290.326141357422 290.367279052734 290.408386230469 290.449523925781 290.490631103516
288.584350585938 288.527496337891 288.470672607422 288.413848876953 288.405426025391 288.413116455078 288.420806884766 288.428497314453 288.436187744141 288.443908691406 288.451599121094 288.463470458984 288.487915039062 288.512329101562 288.536773681641 288.561187744141 288.585632324219 288.610046386719 288.634490966797 288.657470703125 288.679992675781 288.702514648438 288.725006103516 288.747528076172 288.770050048828 288.792541503906 288.827606201172 288.900238037109 288.972869873047 289.045501708984 289.118133544922 289.190765380859 289.263397216797 289.336059570312 289.456176757812 289.592163085938 289.728149414062 289.864135742188 290.000091552734 290.136077880859 290.272064208984 290.386169433594 290.434631347656 290.483093261719 290.531555175781 290.580017089844
