resources/Exp000_Example-Run/Run01_M2/TimeSeries/1995/selection_set/t2m_avg.asc
NCOLS 265 
NROWS 230 
XLLCORNER -115.5625 
YLLCORNER 24.8333333333333 
CELLSIZE 0.0833333333333333 
NODATA_value -9999 
[rows 40 to 59 of 230, columns 138 to 183 of 265]
283.550384521484 283.583099365234 283.615783691406 283.648498535156 283.665679931641 283.677673339844 283.689666748047 283.70166015625 283.713653564453 283.725677490234 283.737670898438 283.751770019531 283.772125244141 283.792510986328 283.812866210938 283.833221435547 283.853607177734 283.873962402344 283.894348144531 283.917785644531 283.942291259766 283.966766357422 283.991241455078 284.015716552734 284.040191650391 284.064666748047 284.084197998047 284.088897705078 284.093566894531 284.098236083984 284.102935791016 284.107604980469 284.1123046875 284.116973876953 284.123107910156 284.129760742188 284.136413574219 284.143035888672 284.149688720703 284.156311035156 284.162963867188 284.163482666016 284.145660400391 284.127838134766 284.110046386719 284.092224121094
283.74853515625 283.771636962891 283.794738769531 283.817840576172 283.823089599609 283.822418212891 283.821716308594 283.821044921875 283.820343017578 283.819671630859 283.818969726562 283.822265625 283.83740234375 283.852569580078 283.867706298828 283.882843017578 283.898010253906 283.913146972656 283.928314208984 283.956146240234 283.988189697266 284.020263671875 284.052307128906 284.084350585938 284.116424560547 284.148468017578 284.173492431641 284.177429199219 284.181365966797 284.185302734375 284.189239501953 284.193176269531 284.197113037109 284.201049804688 284.207672119141 284.215179443359 284.222717285156 284.230255126953 284.237762451172 284.245300292969 284.252838134766 284.254302978516 284.237548828125 284.220825195312 284.204071044922 284.187347412109
283.870513916016 283.890258789062 283.909973144531 283.929718017578 283.927093505859 283.9169921875 283.906921386719 283.896820068359 283.88671875 283.876647949219 283.866546630859 283.863403320312 283.881011962891 283.898651123047 283.916259765625 283.933898925781 283.951507568359 283.969146728516 283.986755371094 284.018188476562 284.054229736328 284.090301513672 284.126342773438 284.162384033203 284.198425292969 284.234466552734 284.262512207031 284.266540527344 284.270538330078 284.274566650391 284.278564453125 284.282592773438 284.286590576172 284.290618896484 284.297760009766 284.305908203125 284.314086914062 284.322265625 284.330444335938 284.338592529297 284.346771240234 284.349060058594 284.333709716797 284.318359375 284.303009033203 284.287658691406
283.916351318359 283.938934326172 283.961547851562 283.984130859375 283.977630615234 283.96142578125 283.945220947266 283.929016113281 283.912811279297 283.896606445312 283.880401611328 283.875183105469 283.902984619141 283.930755615234 283.958557128906 283.986328125 284.014099121094 284.041900634766 284.069671630859 284.103973388672 284.140411376953 284.176879882812 284.213317871094 284.249786376953 284.286254882812 284.322692871094 284.351257324219 284.356201171875 284.361114501953 284.366027832031 284.370941162109 284.375854492188 284.380798339844 284.385711669922 284.393371582031 284.401947021484 284.410522460938 284.419097900391 284.427673339844 284.436218261719 284.444793701172 284.447814941406 284.434143066406 284.420471191406 284.406829833984 284.393157958984
283.962158203125 283.987640380859 284.013092041016 284.03857421875 284.028198242188 284.005859375 283.983551025391 283.961212158203 283.938873291016 283.916564941406 283.894226074219 283.886962890625 283.924926757812 283.962860107422 284.000823974609 284.038757324219 284.076721191406 284.114654541016 284.152618408203 284.189758300781 284.226593017578 284.263458251953 284.300323486328 284.337188720703 284.374053955078 284.410919189453 284.440002441406 284.445831298828 284.45166015625 284.457489013672 284.463317871094 284.469146728516 284.474975585938 284.480804443359 284.488983154297 284.497955322266 284.506927490234 284.515899658203 284.524871826172 284.533843994141 284.542816162109 284.546569824219 284.534576416016 284.522613525391 284.510620117188 284.498657226562
284.007995605469 284.036315917969 284.064666748047 284.092987060547 284.078735351562 284.05029296875 284.021850585938 283.993408203125 283.964965820312 283.9365234375 283.908081054688 283.898773193359 283.946868896484 283.994995117188 284.043090820312 284.091217041016 284.139312744141 284.187438964844 284.235534667969 284.275512695312 284.312774658203 284.350067138672 284.387329101562 284.424591064453 284.461853027344 284.499114990234 284.528747558594 284.535491943359 284.542236328125 284.548950195312 284.555694580078 284.562438964844 284.569152832031 284.575897216797 284.584625244141 284.593994140625 284.603363037109 284.612731933594 284.622100830078 284.631469726562 284.640869140625 284.645324707031 284.635040283203 284.624725341797 284.614440917969 284.604156494141
284.053802490234 284.085021972656 284.1162109375 284.147430419922 284.129302978516 284.0947265625 284.060180664062 284.025604248047 283.991027832031 283.956481933594 283.921905517578 283.910552978516 283.968811035156 284.027099609375 284.085357666016 284.143646240234 284.201934814453 284.260192871094 284.318481445312 284.361297607422 284.398956298828 284.436645507812 284.474304199219 284.511993408203 284.549682617188 284.587341308594 284.617523193359 284.625152587891 284.632781982422 284.640441894531 284.648071289062 284.655700683594 284.663360595703 284.670989990234 284.680236816406 284.690002441406 284.699798583984 284.709564208984 284.719329833984 284.729095458984 284.738891601562 284.744079589844 284.735473632812 284.726867675781 284.71826171875 284.709655761719
284.099639892578 284.133697509766 284.167785644531 284.201843261719 284.179870605469 284.13916015625 284.098480224609 284.057800292969 284.017120361328 283.976440429688 283.935729980469 283.922332763672 283.990783691406 284.059204101562 284.127655029297 284.196075439453 284.264526367188 284.332946777344 284.401397705078 284.447082519531 284.485137939453 284.523223876953 284.561309814453 284.599395751953 284.637481689453 284.675567626953 284.706268310547 284.714813232422 284.723358154297 284.731903076172 284.740447998047 284.748992919922 284.757537841797 284.766082763672 284.775848388672 284.786041259766 284.796203613281 284.806396484375 284.816558837891 284.826721191406 284.8369140625 284.842803955078 284.835906982422 284.828979492188 284.822082519531 284.815185546875
284.053771972656 284.090240478516 284.126678466797 284.163146972656 284.144561767578 284.107635498047 284.070739746094 284.033813476562 283.996887207031 283.9599609375 283.923034667969 283.913970947266 283.988464355469 284.062927246094 284.137420654297 284.211883544922 284.286346435547 284.36083984375 284.435302734375 284.482666015625 284.52099609375 284.559326171875 284.59765625 284.635986328125 284.67431640625 284.712646484375 284.744018554688 284.754455566406 284.764892578125 284.775329589844 284.785766601562 284.796203613281 284.806640625 284.817077636719 284.828216552734 284.839569091797 284.850921630859 284.862274169922 284.873657226562 284.885009765625 284.896362304688 284.903869628906 284.899841308594 284.895812988281 284.891754150391 284.887725830078
283.916259765625 283.954620361328 283.992950439453 284.031280517578 284.0234375 284.000152587891 283.976898193359 283.95361328125 283.930358886719 283.907104492188 283.883819580078 283.885467529297 283.961853027344 284.038238525391 284.114654541016 284.191040039062 284.267425537109 284.343811035156 284.420196533203 284.468109130859 284.506530761719 284.544952392578 284.583343505859 284.621765136719 284.660186767578 284.698608398438 284.730743408203 284.744049072266 284.757385253906 284.770690917969 284.783996582031 284.797302246094 284.810638427734 284.823944091797 284.837280273438 284.8505859375 284.863922119141 284.877258300781 284.890594482422 284.903900146484 284.917236328125 284.92724609375 284.927276611328 284.927276611328 284.927307128906 284.927307128906
283.778747558594 283.818969726562 283.859222412109 283.899444580078 283.902282714844 283.892669677734 283.883056640625 283.873443603516 283.863830566406 283.854217529297 283.844604492188 283.856964111328 283.935272216797 284.013580322266 284.091888427734 284.170166015625 284.248474121094 284.326782226562 284.405090332031 284.453552246094 284.492034912109 284.530548095703 284.569061279297 284.607543945312 284.646057128906 284.6845703125 284.717498779297 284.733673095703 284.749877929688 284.766052246094 284.782257080078 284.798431396484 284.814636230469 284.830810546875 284.846343994141 284.861633300781 284.876922607422 284.892211914062 284.907531738281 284.922821044922 284.938110351562 284.950622558594 284.954681396484 284.958770751953 284.962829589844 284.966918945312
283.641235351562 283.683349609375 283.725463867188 283.767578125 283.781158447266 283.785186767578 283.789215087891 283.793273925781 283.797302246094 283.801361083984 283.805389404297 283.828460693359 283.90869140625 283.988891601562 284.069122314453 284.149322509766 284.229553222656 284.309753417969 284.389984130859 284.43896484375 284.477569580078 284.516143798828 284.554748535156 284.593322753906 284.631927490234 284.670532226562 284.704223632812 284.723297119141 284.742370605469 284.761413574219 284.780487060547 284.799560546875 284.818603515625 284.837677001953 284.855407714844 284.872650146484 284.889923095703 284.907196044922 284.924468994141 284.941741943359 284.958984375 284.973968505859 284.982116699219 284.990234375 284.998382568359 285.006530761719
283.503723144531 283.547729492188 283.591735839844 283.6357421875 283.660003662109 283.677703857422 283.695404052734 283.713073730469 283.730773925781 283.748474121094 283.766174316406 283.799957275391 283.882080078125 283.964233398438 284.046356201172 284.128479003906 284.210601806641 284.292724609375 284.374847412109 284.424407958984 284.463073730469 284.501770019531 284.540435791016 284.579132080078 284.617797851562 284.656463623047 284.690979003906 284.712921142578 284.73486328125 284.756805419922 284.778717041016 284.800659179688 284.822601318359 284.844543457031 284.864471435547 284.883697509766 284.902923583984 284.922180175781 284.94140625 284.960632324219 284.979888916016 284.997344970703 285.009552001953 285.021728515625 285.033935546875 285.046112060547
283.3662109375 283.412109375 283.4580078125 283.50390625 283.538879394531 283.570220947266 283.6015625 283.632904052734 283.664245605469 283.695587158203 283.726928710938 283.771453857422 283.855499267578 283.939544677734 284.023590087891 284.107635498047 284.191680908203 284.275695800781 284.359741210938 284.409820556641 284.448608398438 284.487365722656 284.526123046875 284.564910888672 284.603668212891 284.642425537109 284.677703857422 284.702514648438 284.727355957031 284.752166748047 284.776977539062 284.801788330078 284.826599121094 284.851409912109 284.87353515625 284.894744873047 284.915924072266 284.937133789062 284.958343505859 284.979553222656 285.000762939453 285.020721435547 285.036956787109 285.05322265625 285.069458007812 285.085723876953
283.271179199219 283.326873779297 283.382568359375 283.438262939453 283.482604980469 283.523193359375 283.563781738281 283.604370117188 283.644958496094 283.685546875 283.726135253906 283.777069091797 283.858978271484 283.94091796875 284.022827148438 284.104736328125 284.186645507812 284.268585205078 284.350494384766 284.401397705078 284.441955566406 284.482513427734 284.523101806641 284.563659667969 284.604217529297 284.644775390625 284.682495117188 284.711578369141 284.740661621094 284.769775390625 284.798858642578 284.827941894531 284.857055664062 284.886138916016 284.91015625 284.932434082031 284.954742431641 284.97705078125 284.999328613281 285.021636962891 285.0439453125 285.065216064453 285.083435058594 285.101654052734 285.119873046875 285.138092041016
283.218688964844 283.292053222656 283.365447998047 283.438842773438 283.491241455078 283.536682128906 283.582092285156 283.627502441406 283.672943115234 283.718353271484 283.763793945312 283.816802978516 283.892547607422 283.968292236328 284.044067382812 284.119812011719 284.195587158203 284.271331787109 284.347106933594 284.399078369141 284.443176269531 284.487243652344 284.531311035156 284.575378417969 284.619445800781 284.663543701172 284.705291748047 284.740051269531 284.774841308594 284.809600830078 284.844390869141 284.879150390625 284.913940429688 284.94873046875 284.974304199219 284.996826171875 285.019348144531 285.041870117188 285.064392089844 285.0869140625 285.109436035156 285.130859375 285.148956298828 285.167053222656 285.185150146484 285.203247070312
283.166168212891 283.257232666016 283.348327636719 283.439392089844 283.499877929688 283.550140380859 283.600372314453 283.650634765625 283.700897216797 283.751159667969 283.801422119141 283.856506347656 283.926116943359 283.995697021484 284.065307617188 284.134918212891 284.204498291016 284.274108886719 284.343688964844 284.396789550781 284.444366455078 284.491943359375 284.539520263672 284.587127685547 284.634704589844 284.682281494141 284.728088378906 284.768524169922 284.808990478516 284.849456787109 284.889923095703 284.930389404297 284.970825195312 285.011291503906 285.038452148438 285.061218261719 285.083953857422 285.106689453125 285.129455566406 285.152191162109 285.174926757812 285.196472167969 285.214477539062 285.232452392578 285.250427246094 285.268432617188
283.113647460938 283.222442626953 283.331207275391 283.439971923828 283.508483886719 283.563598632812 283.618682861328 283.673767089844 283.728851318359 283.783966064453 283.839050292969 283.896240234375 283.959655761719 284.023101806641 284.086547851562 284.149993896484 284.213409423828 284.27685546875 284.340301513672 284.394470214844 284.445556640625 284.496673583984 284.547760009766 284.598846435547 284.649932861328 284.701019287109 284.750885009766 284.797027587891 284.843170166016 284.889312744141 284.935455322266 284.981597900391 285.027740478516 285.073883056641 285.102630615234 285.125610351562 285.148559570312 285.171539306641 285.194488525391 285.217468261719 285.240417480469 285.262115478516 285.279998779297 285.2978515625 285.315704345703 285.333587646484
283.061157226562 283.187622070312 283.314086914062 283.440551757812 283.517120361328 283.577056884766 283.636962890625 283.696899414062 283.7568359375 283.816772460938 283.876678466797 283.935943603516 283.993225097656 284.050506591797 284.107788085938 284.165069580078 284.222351074219 284.279632568359 284.3369140625 284.392181396484 284.44677734375 284.501373291016 284.555969238281 284.610565185547 284.665161132812 284.719757080078 284.773681640625 284.825500488281 284.877319335938 284.929138183594 284.98095703125 285.032806396484 285.084625244141 285.136444091797 285.166778564453 285.189971923828 285.213165283203 285.236358642578 285.259552001953 285.282745361328 285.305938720703 285.327758789062 285.345489501953 285.363250732422 285.380981445312 285.398742675781
283.008636474609 283.152801513672 283.296966552734 283.441131591797 283.525756835938 283.590515136719 283.6552734375 283.720031738281 283.784790039062 283.849548339844 283.914306640625 283.975677490234 284.026794433594 284.077911376953 284.129028320312 284.180145263672 284.231262207031 284.282379150391 284.33349609375 284.389862060547 284.447967529297 284.506072998047 284.564178466797 284.622283935547 284.680419921875 284.738525390625 284.796478271484 284.853973388672 284.911499023438 284.968994140625 285.026489257812 285.084014892578 285.141510009766 285.199005126953 285.23095703125 285.254364013672 285.277770996094 285.301177978516 285.324584960938 285.348022460938 285.371429443359 285.393402099609 285.411010742188 285.428649902344 285.4462890625 285.463897705078
