resources/Exp000_Example-Run/Run01_M2/TimeSeries/1995/selection_set/t2m_avg.asc
NCOLS 265 
NROWS 230 
XLLCORNER -115.5625 
YLLCORNER 24.8333333333333 
CELLSIZE 0.0833333333333333 
NODATA_value -9999 
[rows 60 to 79 of 230, columns 92 to 137 of 265]
279.291656494141 278.947601318359 278.603515625 278.259429931641 277.915374755859 277.285705566406 276.560882568359 275.836029052734 275.111175537109 274.386352539062 273.661499023438 272.936645507812 272.409271240234 272.474243164062 272.539184570312 272.604156494141 272.669128417969 272.734069824219 272.799041748047 272.864013671875 273.305999755859 273.873687744141 274.441345214844 275.009033203125 275.576721191406 276.144378662109 276.712066650391 277.236999511719 277.633636474609 278.0302734375 278.426940917969 278.823577880859 279.22021484375 279.616851806641 280.013519287109 280.352142333984 280.671417236328 280.990661621094 281.309936523438 281.629211425781 281.948486328125 282.267761230469 282.543762207031 282.689971923828 282.836151123047 282.982360839844
279.368896484375 278.99609375 278.623321533203 278.250549316406 277.877746582031 277.321044921875 276.703002929688 276.084991455078 275.466949462891 274.848937988281 274.230895996094 273.612884521484 273.155242919922 273.178741455078 273.202270507812 273.225769042969 273.249298095703 273.272796630859 273.296325683594 273.31982421875 273.731170654297 274.271820068359 274.812438964844 275.353057861328 275.893676757812 276.434295654297 276.974914550781 277.482696533203 277.891876220703 278.301055908203 278.710235595703 279.119445800781 279.528625488281 279.937805175781 280.346984863281 280.690093994141 281.011199951172 281.332305908203 281.653381347656 281.974487304688 282.295593261719 282.616668701172 282.890625 283.023193359375 283.155731201172 283.288299560547
279.446105957031 279.044616699219 278.643127441406 278.241638183594 277.840148925781 277.356353759766 276.845153808594 276.333953857422 275.822723388672 275.3115234375 274.800323486328 274.289093017578 273.901214599609 273.883270263672 273.865356445312 273.847412109375 273.829467773438 273.811553955078 273.793609619141 273.775665283203 274.156372070312 274.669921875 275.183502197266 275.697082519531 276.210632324219 276.724212646484 277.23779296875 277.728393554688 278.150115966797 278.571838378906 278.993560791016 279.415283203125 279.837005615234 280.258758544922 280.680480957031 281.028076171875 281.351013183594 281.673919677734 281.996826171875 282.319763183594 282.642669677734 282.965576171875 283.237487792969 283.356414794922 283.475311279297 283.59423828125
279.523315429688 279.093109130859 278.662933349609 278.232727050781 277.802520751953 277.391693115234 276.9873046875 276.582885742188 276.178497314453 275.774108886719 275.369720458984 274.96533203125 274.647186279297 274.587799072266 274.528411865234 274.469024658203 274.40966796875 274.350280761719 274.290893554688 274.231506347656 274.58154296875 275.068054199219 275.554595947266 276.041107177734 276.527618408203 277.014129638672 277.500640869141 277.974090576172 278.408355712891 278.842620849609 279.276885986328 279.711151123047 280.145416259766 280.579681396484 281.013946533203 281.366058349609 281.690795898438 282.015533447266 282.340270996094 282.665008544922 282.98974609375 283.314483642578 283.584350585938 283.689636230469 283.794891357422 283.900177001953
279.600524902344 279.141632080078 278.682739257812 278.223815917969 277.764923095703 277.427001953125 277.129425048828 276.831848144531 276.534271240234 276.236694335938 275.939117431641 275.641540527344 275.393157958984 275.292327880859 275.191497802734 275.090667724609 274.989837646484 274.889007568359 274.788177490234 274.687347412109 275.006744384766 275.466186523438 275.925659179688 276.385131835938 276.844573974609 277.304046630859 277.763519287109 278.219787597656 278.666595458984 279.113403320312 279.560211181641 280.007019042969 280.453826904297 280.900634765625 281.347442626953 281.704040527344 282.030609130859 282.357147216797 282.683715820312 283.010284423828 283.336822509766 283.663391113281 283.931213378906 284.022857666016 284.114471435547 284.206115722656
279.677764892578 279.190155029297 278.702514648438 278.214904785156 277.727294921875 277.462341308594 277.271575927734 277.080810546875 276.890045166016 276.699279785156 276.508514404297 276.317749023438 276.139129638672 275.996856689453 275.854553222656 275.712280273438 275.570007324219 275.427734375 275.285461425781 275.143188476562 275.431915283203 275.864318847656 276.296722412109 276.729156494141 277.161560058594 277.593963623047 278.0263671875 278.465515136719 278.924835205078 279.384185791016 279.843536376953 280.302886962891 280.76220703125 281.221557617188 281.680908203125 282.042022705078 282.370391845703 282.698791503906 283.027160644531 283.355529785156 283.683929443359 284.012298583984 284.278076171875 284.356079101562 284.434051513672 284.512054443359
279.367065429688 278.862823486328 278.358551025391 277.854309082031 277.350036621094 277.136901855469 277.020782470703 276.904663085938 276.788543701172 276.672454833984 276.556335449219 276.440216064453 276.324554443359 276.210205078125 276.095855712891 275.981536865234 275.8671875 275.752838134766 275.638519287109 275.524169921875 275.799163818359 276.203948974609 276.608703613281 277.013488769531 277.418273925781 277.823059082031 278.227813720703 278.646118164062 279.104888916016 279.563690185547 280.022491455078 280.481262207031 280.940063476562 281.398864746094 281.857666015625 282.226409912109 282.565185546875 282.903930664062 283.242706298828 283.581451416016 283.920227050781 284.258972167969 284.531127929688 284.603454589844 284.67578125 284.748107910156
278.668487548828 278.159637451172 277.650817871094 277.141967773438 276.633148193359 276.450714111328 276.377075195312 276.303436279297 276.229797363281 276.156158447266 276.08251953125 276.008880615234 275.949401855469 275.932403564453 275.915374755859 275.898376464844 275.88134765625 275.864318847656 275.847320556641 275.830291748047 276.108459472656 276.485046386719 276.861602783203 277.238159179688 277.61474609375 277.991302490234 278.367889404297 278.761596679688 279.206756591797 279.651916503906 280.097045898438 280.542205810547 280.987365722656 281.432525634766 281.877685546875 282.257232666016 282.614929199219 282.972625732422 283.330352783203 283.688049316406 284.045745849609 284.403442382812 284.690368652344 284.764984130859 284.839630126953 284.914245605469
277.969879150391 277.456481933594 276.943054199219 276.429656982422 275.916229248047 275.764495849609 275.733337402344 275.702209472656 275.671051025391 275.639892578125 275.608734130859 275.577575683594 275.574279785156 275.654602050781 275.734893798828 275.815216064453 275.8955078125 275.975799560547 276.056121826172 276.136413574219 276.417785644531 276.766143798828 277.114501953125 277.462860107422 277.811218261719 278.159576416016 278.507934570312 278.877075195312 279.30859375 279.740112304688 280.171630859375 280.603149414062 281.03466796875 281.466186523438 281.897674560547 282.288055419922 282.664703369141 283.041351318359 283.41796875 283.794616699219 284.171264648438 284.547912597656 284.849609375 284.926544189453 285.003479003906 285.080383300781
277.271301269531 276.753295898438 276.235321044922 275.717315673828 275.199310302734 275.078308105469 275.089630126953 275.100952148438 275.112274169922 275.123596191406 275.134918212891 275.146240234375 275.199157714844 275.376770019531 275.554412841797 275.732025146484 275.90966796875 276.087310791016 276.264923095703 276.442565917969 276.727081298828 277.047241210938 277.367370605469 277.687530517578 278.007690429688 278.327850341797 278.648010253906 278.992584228516 279.410461425781 279.828338623047 280.246215820312 280.664093017578 281.081939697266 281.499816894531 281.917694091797 282.31884765625 282.714447021484 283.110046386719 283.505615234375 283.901214599609 284.296783447266 284.6923828125 285.008880615234 285.088104248047 285.167297363281 285.246520996094
276.572723388672 276.050140380859 275.527557373047 275.005004882812 274.482421875 274.392120361328 274.445922851562 274.499725341797 274.553527832031 274.607330322266 274.6611328125 274.714935302734 274.824035644531 275.098968505859 275.373931884766 275.648864746094 275.923828125 276.198791503906 276.473724365234 276.748687744141 277.036376953125 277.328338623047 277.620269775391 277.912231445312 278.204162597656 278.49609375 278.788055419922 279.108062744141 279.512298583984 279.916534423828 280.320770263672 280.725006103516 281.129241943359 281.533477783203 281.937713623047 282.349670410156 282.764190673828 283.178741455078 283.59326171875 284.007781982422 284.422302246094 284.836853027344 285.168121337891 285.249633789062 285.331146240234 285.412689208984
275.874145507812 275.346984863281 274.81982421875 274.292663574219 273.765502929688 273.705932617188 273.802215576172 273.898498535156 273.994781494141 274.091064453125 274.187347412109 274.283630371094 274.448883056641 274.821166992188 275.193450927734 275.565704345703 275.93798828125 276.310272216797 276.682525634766 277.054809570312 277.345672607422 277.609436035156 277.873168945312 278.136901855469 278.400634765625 278.664367675781 278.928100585938 279.223571777344 279.614166259766 280.004760742188 280.395355224609 280.785949707031 281.176544189453 281.567138671875 281.957733154297 282.380493164062 282.81396484375 283.247436523438 283.680908203125 284.114379882812 284.547821044922 284.981292724609 285.327362060547 285.411193847656 285.494995117188 285.578826904297
275.605010986328 275.096221923828 274.587463378906 274.078674316406 273.569885253906 273.529052734375 273.644195556641 273.759338378906 273.87451171875 273.989654541016 274.104797363281 274.219940185547 274.407928466797 274.814392089844 275.220825195312 275.627288818359 276.033752441406 276.440185546875 276.846649169922 277.253082275391 277.540649414062 277.788543701172 278.036437988281 278.284332275391 278.532257080078 278.780151367188 279.028045654297 279.304229736328 279.665161132812 280.026123046875 280.387084960938 280.748016357422 281.108978271484 281.469940185547 281.830871582031 282.2607421875 282.713562011719 283.166381835938 283.619201660156 284.072021484375 284.524841308594 284.977661132812 285.339569091797 285.4287109375 285.517822265625 285.606964111328
275.765350341797 275.297912597656 274.830444335938 274.363006591797 273.895568847656 273.861511230469 273.971893310547 274.082305908203 274.192718505859 274.303131103516 274.413543701172 274.523956298828 274.701110839844 275.07861328125 275.456085205078 275.833587646484 276.211059570312 276.588562011719 276.966033935547 277.343536376953 277.621246337891 277.865661621094 278.110107421875 278.354553222656 278.598999023438 278.843444824219 279.087860107422 279.350036621094 279.665344238281 279.980621337891 280.295928955078 280.611236572266 280.926544189453 281.241851806641 281.557159423828 281.990417480469 282.463012695312 282.935577392578 283.408172607422 283.880767822266 284.353363037109 284.825927734375 285.204742431641 285.302215576172 285.399658203125 285.497131347656
275.925689697266 275.499572753906 275.073455810547 274.647338867188 274.221221923828 274.193939208984 274.299621582031 274.4052734375 274.510955810547 274.616607666016 274.722259521484 274.827941894531 274.994323730469 275.342834472656 275.691345214844 276.039886474609 276.388397216797 276.736938476562 277.08544921875 277.433959960938 277.701843261719 277.942810058594 278.183776855469 278.424774169922 278.665740966797 278.906707763672 279.147705078125 279.395843505859 279.665496826172 279.935150146484 280.204803466797 280.474456787109 280.744110107422 281.013763427734 281.283416748047 281.720092773438 282.212432861328 282.704803466797 283.197143554688 283.689514160156 284.181854248047 284.674224853516 285.069915771484 285.175689697266 285.281494140625 285.387268066406
276.086059570312 275.701263427734 275.316467285156 274.931671142578 274.546905517578 274.526397705078 274.627319335938 274.728240966797 274.829162597656 274.930084228516 275.031005859375 275.131927490234 275.287506103516 275.607055664062 275.926635742188 276.246185302734 276.565734863281 276.885284423828 277.204864501953 277.5244140625 277.782440185547 278.019958496094 278.257446289062 278.494964599609 278.732482910156 278.970001220703 279.20751953125 279.441650390625 279.665649414062 279.8896484375 280.113677978516 280.337677001953 280.561676025391 280.785675048828 281.009674072266 281.449768066406 281.961883544922 282.473999023438 282.986114501953 283.498229980469 284.010345458984 284.522491455078 284.935089111328 285.049194335938 285.163299560547 285.277404785156
276.246398925781 275.902923583984 275.559478759766 275.216033935547 274.87255859375 274.858825683594 274.955017089844 275.051208496094 275.147369384766 275.243560791016 275.339752197266 275.435913085938 275.580718994141 275.871307373047 276.161895751953 276.452484130859 276.743072509766 277.033660888672 277.324249267578 277.614837646484 277.863037109375 278.097076416016 278.331146240234 278.565185546875 278.799224853516 279.033294677734 279.267333984375 279.487457275391 279.665832519531 279.844177246094 280.022521972656 280.200897216797 280.379241943359 280.557586669922 280.735931396484 281.179443359375 281.711334228516 282.243225097656 282.775085449219 283.306976318359 283.8388671875 284.370758056641 284.800262451172 284.922698974609 285.045135498047 285.167572021484
276.40673828125 276.104614257812 275.802490234375 275.500366210938 275.1982421875 275.191284179688 275.28271484375 275.374176025391 275.465606689453 275.557037353516 275.648468017578 275.739898681641 275.873901367188 276.135528564453 276.397155761719 276.658782958984 276.92041015625 277.182037353516 277.443664550781 277.705291748047 277.943634033203 278.174224853516 278.404815673828 278.635406494141 278.865997314453 279.096588134766 279.3271484375 279.533294677734 279.665985107422 279.798675537109 279.931396484375 280.064086914062 280.196807861328 280.329498291016 280.462219238281 280.909118652344 281.460784912109 282.012420654297 282.564056396484 283.11572265625 283.667358398438 284.219024658203 284.665435791016 284.796203613281 284.926971435547 285.057708740234
276.981079101562 276.711486816406 276.441864013672 276.172271728516 275.902648925781 275.879333496094 275.938110351562 275.996887207031 276.0556640625 276.114440917969 276.173187255859 276.231964111328 276.325500488281 276.523284912109 276.721099853516 276.918884277344 277.116668701172 277.314483642578 277.512268066406 277.710083007812 277.933959960938 278.166534423828 278.399108886719 278.631683349609 278.8642578125 279.096832275391 279.329406738281 279.530090332031 279.635101318359 279.740142822266 279.845153808594 279.950164794922 280.05517578125 280.160186767578 280.265197753906 280.704620361328 281.255493164062 281.806365966797 282.357238769531 282.908111572266 283.458984375 284.009857177734 284.458038330078 284.598175048828 284.738311767578 284.878479003906
277.969451904297 277.723541259766 277.477661132812 277.231750488281 276.98583984375 276.923004150391 276.921173095703 276.919372558594 276.917541503906 276.915710449219 276.913909912109 276.912078857422 276.935516357422 277.034606933594 277.133697509766 277.232818603516 277.331909179688 277.430999755859 277.530120849609 277.629211425781 277.834014892578 278.074005126953 278.314025878906 278.554046630859 278.794067382812 279.034088134766 279.274078369141 279.477935791016 279.573211669922 279.668487548828 279.763793945312 279.859069824219 279.954376220703 280.049652099609 280.144927978516 280.56591796875 281.095489501953 281.625030517578 282.154571533203 282.684143066406 283.213684082031 283.743225097656 284.178039550781 284.328643798828 284.479248046875 284.629821777344
