resources/Exp000_Example-Run/Run01_M2/TimeSeries/1995/selection_set/tsat_avg.asc
NCOLS 265 
NROWS 230 
XLLCORNER -115.5625 
YLLCORNER 24.8333333333333 
CELLSIZE 0.0833333333333333 
NODATA_value -9999 
[rows 120 to 139 of 230, columns 138 to 183 of 265]
287.234954833984 287.18212890625 287.129302978516 287.076446533203 287.045043945312 287.020782470703 286.996490478516 286.972229003906 286.947967529297 286.923675537109 286.8994140625 286.888153076172 286.915893554688 286.943664550781 286.971405029297 286.999145507812 287.026916503906 287.054656982422 287.082397460938 287.104095458984 287.123748779297 287.143432617188 287.163116455078 287.182769775391 287.202453613281 287.222106933594 287.252380371094 287.314392089844 287.376403808594 287.438415527344 287.500427246094 287.562438964844 287.624450683594 287.686492919922 287.805450439453 287.943389892578 288.081359863281 288.219299316406 288.357269287109 288.495208740234 288.633148193359 288.753112792969 288.819152832031 288.885162353516 288.951171875 289.017211914062
287.328399658203 287.265625 287.202880859375 287.140106201172 287.1083984375 287.087066650391 287.065704345703 287.044372558594 287.023010253906 287.001678466797 286.980316162109 286.971801757812 287.001770019531 287.03173828125 287.061706542969 287.091674804688 287.121612548828 287.151580810547 287.181549072266 287.205810546875 287.228149414062 287.25048828125 287.272857666016 287.295196533203 287.317535400391 287.339904785156 287.372406005859 287.435455322266 287.498504638672 287.561553955078 287.624572753906 287.687622070312 287.750671386719 287.813720703125 287.927490234375 288.058227539062 288.188934326172 288.319641113281 288.450378417969 288.581085205078 288.711791992188 288.826141357422 288.891326904297 288.956512451172 289.021728515625 289.0869140625
287.421813964844 287.349151611328 287.276458740234 287.203765869141 287.171783447266 287.153350830078 287.134918212891 287.116516113281 287.098083496094 287.079650878906 287.061248779297 287.055480957031 287.087646484375 287.119812011719 287.152008056641 287.184173583984 287.216339111328 287.24853515625 287.280700683594 287.307525634766 287.332550048828 287.357574462891 287.382598876953 287.407623291016 287.432647705078 287.457672119141 287.492462158203 287.556518554688 287.62060546875 287.684661865234 287.748718261719 287.812805175781 287.876861572266 287.94091796875 288.049560546875 288.173034667969 288.296508789062 288.420013427734 288.543487548828 288.666961669922 288.790435791016 288.899139404297 288.963531494141 289.027893066406 289.092254638672 289.156616210938
287.515258789062 287.432647705078 287.350036621094 287.267425537109 287.235137939453 287.219665527344 287.204162597656 287.188659667969 287.173156738281 287.157653808594 287.142150878906 287.139129638672 287.173522949219 287.207916259766 287.242279052734 287.276672363281 287.311065673828 287.345458984375 287.379852294922 287.409210205078 287.436920166016 287.464630126953 287.492340087891 287.520050048828 287.547760009766 287.575469970703 287.612518310547 287.677612304688 287.742706298828 287.807800292969 287.872894287109 287.93798828125 288.003051757812 288.068145751953 288.171630859375 288.287872314453 288.404113769531 288.520355224609 288.636596679688 288.752838134766 288.869079589844 288.97216796875 289.035705566406 289.099243164062 289.162811279297 289.226348876953
287.608673095703 287.516143798828 287.423614501953 287.331085205078 287.298522949219 287.285949707031 287.273376464844 287.260803222656 287.248229980469 287.235626220703 287.223052978516 287.222778320312 287.259368896484 287.295989990234 287.332580566406 287.369201660156 287.405792236328 287.4423828125 287.47900390625 287.510925292969 287.541320800781 287.571716308594 287.602081298828 287.632476806641 287.662872314453 287.693237304688 287.732574462891 287.798675537109 287.864807128906 287.930908203125 287.997039794922 288.063140869141 288.129272460938 288.195373535156 288.293670654297 288.402679443359 288.511688232422 288.620697021484 288.729705810547 288.838714599609 288.947723388672 289.045166015625 289.107879638672 289.170623779297 289.233337402344 289.296051025391
287.702117919922 287.599670410156 287.497192382812 287.394744873047 287.361877441406 287.352233886719 287.342590332031 287.332946777344 287.323272705078 287.313629150391 287.303985595703 287.306427001953 287.345245361328 287.384063720703 287.422882080078 287.461700439453 287.500518798828 287.539337158203 287.578155517578 287.612640380859 287.645721435547 287.678771972656 287.711822509766 287.744903564453 287.777954101562 287.81103515625 287.852600097656 287.919738769531 287.986907958984 288.054046630859 288.121185302734 288.188323974609 288.255462646484 288.322601318359 288.415740966797 288.517486572266 288.619262695312 288.721038818359 288.822814941406 288.924591064453 289.0263671875 289.1181640625 289.180084228516 289.241973876953 289.303863525391 289.365783691406
287.7978515625 287.691497802734 287.585144042969 287.478759765625 287.445739746094 287.437164306641 287.428588867188 287.420013427734 287.411407470703 287.40283203125 287.394256591797 287.397918701172 287.438323974609 287.478729248047 287.519165039062 287.5595703125 287.599975585938 287.640380859375 287.680816650391 287.717254638672 287.752380371094 287.787506103516 287.822631835938 287.857757568359 287.892883300781 287.928009033203 287.971435546875 288.039855957031 288.108245849609 288.176635742188 288.245025634766 288.313446044922 288.3818359375 288.450225830078 288.537780761719 288.631744384766 288.725708007812 288.819671630859 288.913604736328 289.007568359375 289.101531982422 289.186828613281 289.246185302734 289.305511474609 289.364837646484 289.424194335938
287.895904541016 287.791656494141 287.687408447266 287.583160400391 287.550079345703 287.540710449219 287.531372070312 287.522003173828 287.512634277344 287.503265380859 287.493896484375 287.497222900391 287.538604736328 287.580017089844 287.621398925781 287.662811279297 287.704193115234 287.74560546875 287.786987304688 287.824768066406 287.861328125 287.897918701172 287.934478759766 287.971038818359 288.007598876953 288.044189453125 288.089080810547 288.158966064453 288.228851318359 288.298706054688 288.368591308594 288.4384765625 288.508361816406 288.578247070312 288.659881591797 288.745422363281 288.830993652344 288.916534423828 289.002075195312 289.087646484375 289.173187255859 289.251129150391 289.306182861328 289.361206054688 289.416259765625 289.471282958984
287.993957519531 287.891815185547 287.789703369141 287.687561035156 287.654418945312 287.644287109375 287.634124755859 287.623992919922 287.613830566406 287.603698730469 287.593536376953 287.596527099609 287.638885498047 287.681274414062 287.723663330078 287.766052246094 287.808410644531 287.850799560547 287.893188476562 287.932281494141 287.970306396484 288.00830078125 288.046325683594 288.084320068359 288.122344970703 288.160369873047 288.206695556641 288.278076171875 288.349426269531 288.420806884766 288.492156982422 288.563507080078 288.634887695312 288.706237792969 288.781951904297 288.859100341797 288.936248779297 289.013397216797 289.090576171875 289.167724609375 289.244873046875 289.3154296875 289.366180419922 289.416900634766 289.467651367188 289.518402099609
288.092010498047 287.992004394531 287.891998291016 287.791961669922 287.758758544922 287.747833251953 287.736907958984 287.725982666016 287.715057373047 287.7041015625 287.693176269531 287.695831298828 287.739196777344 287.782531738281 287.825897216797 287.869262695312 287.912628173828 287.955993652344 287.999359130859 288.039794921875 288.079254150391 288.118713378906 288.158172607422 288.197631835938 288.237091064453 288.276519775391 288.324340820312 288.397186279297 288.470031738281 288.542877197266 288.61572265625 288.688568115234 288.761413574219 288.834259033203 288.904022216797 288.972778320312 289.041534423828 289.110290527344 289.179046630859 289.247772216797 289.316528320312 289.379730224609 289.426177978516 289.472625732422 289.519073486328 289.565521240234
288.190063476562 288.092163085938 287.994262695312 287.896362304688 287.863128662109 287.851409912109 287.839691162109 287.827972412109 287.816253662109 287.804534912109 287.792816162109 287.795135498047 287.839477539062 287.883819580078 287.928161621094 287.972503662109 288.016845703125 288.061187744141 288.105529785156 288.147308349609 288.188201904297 288.229095458984 288.27001953125 288.310913085938 288.351806640625 288.392700195312 288.441955566406 288.516296386719 288.590606689453 288.664947509766 288.739288330078 288.813598632812 288.887939453125 288.962249755859 289.026092529297 289.086456298828 289.146789550781 289.207153320312 289.267517089844 289.327850341797 289.388214111328 289.444000244141 289.486175537109 289.5283203125 289.570465087891 289.612640380859
288.288116455078 288.192321777344 288.096557617188 288.000762939453 287.967468261719 287.954956054688 287.942474365234 287.929962158203 287.917449951172 287.904968261719 287.892456054688 287.894409179688 287.939758300781 287.985076904297 288.030395507812 288.075744628906 288.121063232422 288.166412353516 288.211730957031 288.254821777344 288.297149658203 288.339508056641 288.381866455078 288.424194335938 288.466552734375 288.508880615234 288.559600830078 288.635406494141 288.711212158203 288.787017822266 288.862823486328 288.938629150391 289.014465332031 289.090270996094 289.148162841797 289.200134277344 289.252075195312 289.304016113281 289.355987548828 289.407928466797 289.459869384766 289.50830078125 289.546173095703 289.584014892578 289.621887207031 289.659729003906
288.381561279297 288.296081542969 288.210632324219 288.125152587891 288.092987060547 288.078582763672 288.064178466797 288.0498046875 288.035400390625 288.02099609375 288.006591796875 288.006927490234 288.051452636719 288.095977783203 288.140502929688 288.185028076172 288.229553222656 288.274078369141 288.318603515625 288.361358642578 288.403472900391 288.445617675781 288.487731933594 288.529876708984 288.572021484375 288.614135742188 288.664367675781 288.738922119141 288.8134765625 288.888031005859 288.962585449219 289.037139892578 289.111694335938 289.186248779297 289.237915039062 289.281982421875 289.326019287109 289.370086669922 289.414154052734 289.458190917969 289.502258300781 289.543548583984 289.576538085938 289.609558105469 289.642578125 289.675567626953
288.470458984375 288.403472900391 288.336486816406 288.269500732422 288.239685058594 288.222259521484 288.204864501953 288.187469482422 288.170043945312 288.152648925781 288.135223388672 288.132659912109 288.174591064453 288.216522216797 288.258483886719 288.300415039062 288.342346191406 288.38427734375 288.426208496094 288.466888427734 288.507171630859 288.547424316406 288.587677001953 288.627960205078 288.668212890625 288.708465576172 288.756317138672 288.826873779297 288.897430419922 288.967987060547 289.038513183594 289.109069824219 289.179626464844 289.250183105469 289.295318603516 289.332000732422 289.36865234375 289.405334472656 289.441986083984 289.478668212891 289.515319824219 289.549743652344 289.577331542969 289.604949951172 289.632537841797 289.66015625
288.559326171875 288.510833740234 288.462310791016 288.413818359375 288.386383056641 288.365966796875 288.345550537109 288.325134277344 288.304718017578 288.284271240234 288.263854980469 288.258392333984 288.297729492188 288.337066650391 288.376434326172 288.415771484375 288.455108642578 288.494476318359 288.533813476562 288.572448730469 288.61083984375 288.649230957031 288.687622070312 288.726013183594 288.764434814453 288.802825927734 288.848266601562 288.914794921875 288.981353759766 289.047912597656 289.114471435547 289.181030273438 289.247589111328 289.314117431641 289.352722167969 289.382019042969 289.411285400391 289.440582275391 289.469848632812 289.499114990234 289.528411865234 289.555908203125 289.578125 289.600311279297 289.622528076172 289.644714355469
288.648193359375 288.618194580078 288.588165283203 288.558166503906 288.533081054688 288.509643554688 288.486236572266 288.462799072266 288.439361572266 288.415924072266 288.392486572266 288.384124755859 288.420867919922 288.457611083984 288.494384765625 288.531127929688 288.567901611328 288.604644775391 288.641418457031 288.677978515625 288.714508056641 288.751037597656 288.787567138672 288.824096679688 288.860626220703 288.897155761719 288.940185546875 289.002746582031 289.065307617188 289.127868652344 289.190399169922 289.252960205078 289.315521240234 289.378082275391 289.410125732422 289.432037353516 289.453918457031 289.475799560547 289.497711181641 289.519592285156 289.541473388672 289.562103271484 289.578887939453 289.595703125 289.612487792969 289.629272460938
288.737060546875 288.725555419922 288.714019775391 288.702514648438 288.679779052734 288.653350830078 288.626892089844 288.600463867188 288.574005126953 288.547576904297 288.521118164062 288.509826660156 288.544006347656 288.578186035156 288.612335205078 288.646514892578 288.6806640625 288.71484375 288.748992919922 288.783538818359 288.818206787109 288.852844238281 288.887512207031 288.922180175781 288.956848144531 288.991485595703 289.032135009766 289.090698242188 289.149230957031 289.207794189453 289.266357421875 289.324920654297 289.383483886719 289.442016601562 289.467529296875 289.482055664062 289.496551513672 289.511047363281 289.525573730469 289.540069580078 289.554565429688 289.568298339844 289.579681396484 289.591064453125 289.602478027344 289.613861083984
288.825927734375 288.832916259766 288.839874267578 288.846832275391 288.826507568359 288.797027587891 288.767578125 288.738128662109 288.708679199219 288.679229736328 288.649749755859 288.635559082031 288.667144775391 288.69873046875 288.730285644531 288.761871337891 288.79345703125 288.825012207031 288.856597900391 288.889099121094 288.921875 288.954681396484 288.987457275391 289.020263671875 289.053039550781 289.085815429688 289.124053955078 289.178619384766 289.233184814453 289.287750244141 289.34228515625 289.396850585938 289.451416015625 289.505981445312 289.524963378906 289.532073974609 289.539184570312 289.546295166016 289.553405761719 289.560516357422 289.567657470703 289.574493408203 289.580474853516 289.586456298828 289.592437744141 289.598419189453
288.911743164062 288.938659667969 288.965576171875 288.992462158203 288.976654052734 288.946563720703 288.91650390625 288.886413574219 288.856353759766 288.826263427734 288.796203613281 288.779663085938 288.8037109375 288.827758789062 288.851806640625 288.875854492188 288.899932861328 288.923980712891 288.948028564453 288.976654052734 289.006805419922 289.036987304688 289.067138671875 289.097290039062 289.12744140625 289.157623291016 289.192901611328 289.243591308594 289.294281005859 289.344970703125 289.395660400391 289.446350097656 289.497039794922 289.547729492188 289.564575195312 289.570129394531 289.57568359375 289.581237792969 289.586761474609 289.592315673828 289.597869873047 289.602935791016 289.606475830078 289.610046386719 289.613586425781 289.617126464844
288.994445800781 289.042785644531 289.091094970703 289.139404296875 289.130249023438 289.101959228516 289.073638916016 289.045349121094 289.017028808594 288.988739013672 288.96044921875 288.942108154297 288.953704833984 288.965301513672 288.976898193359 288.988494873047 289.000091552734 289.011688232422 289.023284912109 289.046264648438 289.073028564453 289.099792480469 289.126556396484 289.1533203125 289.180084228516 289.206848144531 289.238647460938 289.285614013672 289.332550048828 289.379516601562 289.426483154297 289.473419189453 289.520385742188 289.567321777344 289.58642578125 289.596221923828 289.606048583984 289.615844726562 289.625640869141 289.635437011719 289.645263671875 289.653625488281 289.65771484375 289.661804199219 289.665924072266 289.670013427734
