resources/Exp000_Example-Run/Run01_M2/TimeSeries/1995/selection_set/tsat_avg.asc
NCOLS 265 
NROWS 230 
XLLCORNER -115.5625 
YLLCORNER 24.8333333333333 
CELLSIZE 0.0833333333333333 
NODATA_value -9999 
[rows 20 to 39 of 230, columns 0 to 45 of 265]
281.302764892578 281.299652099609 281.296539306641 281.293426513672 281.290313720703 281.287170410156 281.284057617188 281.268493652344 281.248779296875 281.229064941406 281.209350585938 281.189636230469 281.169921875 281.150207519531 281.119018554688 281.053375244141 280.987731933594 280.922088623047 280.8564453125 280.790771484375 280.725128173828 280.659484863281 280.626586914062 280.604614257812 280.582641601562 280.560668945312 280.538696289062 280.516723632812 280.494750976562 280.468414306641 280.429046630859 280.389678955078 280.350341796875 280.310974121094 280.271606445312 280.232269287109 280.192901611328 280.095550537109 279.978851318359 279.862182617188 279.745483398438 279.628784179688 279.512115478516 279.395416259766 279.298583984375 279.261322021484
280.844268798828 280.837188720703 280.830078125 280.822967529297 280.815887451172 280.808776855469 280.801666259766 280.804534912109 280.810729980469 280.816925048828 280.823120117188 280.829284667969 280.835479736328 280.841674804688 280.832336425781 280.776458740234 280.720581054688 280.664672851562 280.608795166016 280.552917480469 280.497039794922 280.441131591797 280.431701660156 280.437713623047 280.443725585938 280.449768066406 280.455780029297 280.461791992188 280.467834472656 280.468292236328 280.452117919922 280.435913085938 280.419738769531 280.403533935547 280.387359619141 280.371185302734 280.35498046875 280.261077880859 280.141265869141 280.021423339844 279.901611328125 279.781799316406 279.661956787109 279.542144775391 279.438751220703 279.384674072266
280.385772705078 280.374694824219 280.363616943359 280.3525390625 280.341461181641 280.330383300781 280.319305419922 280.340606689453 280.372680664062 280.40478515625 280.436859130859 280.468933105469 280.501037597656 280.533111572266 280.545654296875 280.499542236328 280.453399658203 280.407287597656 280.361175537109 280.315063476562 280.268920898438 280.222808837891 280.236785888672 280.270812988281 280.304840087891 280.338836669922 280.372863769531 280.406890869141 280.44091796875 280.468170166016 280.475158691406 280.482147216797 280.489135742188 280.496124267578 280.503112792969 280.510101318359 280.51708984375 280.426605224609 280.303649902344 280.180694580078 280.057739257812 279.934783935547 279.811828613281 279.688873291016 279.578918457031 279.508026123047
279.927276611328 279.912231445312 279.897155761719 279.882110595703 279.867034912109 279.851989746094 279.8369140625 279.876647949219 279.934631347656 279.992614746094 280.050598144531 280.108612060547 280.166595458984 280.224578857422 280.258972167969 280.222625732422 280.186248779297 280.14990234375 280.113525390625 280.077178955078 280.040832519531 280.004455566406 280.041870117188 280.103912353516 280.165924072266 280.227935791016 280.289947509766 280.351989746094 280.414001464844 280.468048095703 280.498199462891 280.528381347656 280.558532714844 280.588684082031 280.618865966797 280.649017333984 280.679168701172 280.592132568359 280.466064453125 280.339965820312 280.2138671875 280.087768554688 279.961669921875 279.835601806641 279.719085693359 279.631378173828
279.660919189453 279.647521972656 279.634094238281 279.620697021484 279.607299804688 279.593872070312 279.580474853516 279.63232421875 279.705902099609 279.779510498047 279.853088378906 279.926696777344 280.000274658203 280.073883056641 280.124755859375 280.107513427734 280.090270996094 280.072998046875 280.055755615234 280.038513183594 280.021240234375 280.003997802734 280.060607910156 280.141815185547 280.223052978516 280.304260253906 280.385498046875 280.466705322266 280.547943115234 280.619537353516 280.662261962891 280.705017089844 280.747772216797 280.790496826172 280.833251953125 280.8759765625 280.918731689453 280.815673828125 280.664001464844 280.512359619141 280.360687255859 280.209045410156 280.057373046875 279.905731201172 279.765289306641 279.658569335938
279.586700439453 279.58056640625 279.574462890625 279.568328857422 279.562194824219 279.556091308594 279.549957275391 279.607604980469 279.6865234375 279.765411376953 279.844329833984 279.923217773438 280.002136230469 280.081024169922 280.143005371094 280.154205322266 280.165405273438 280.176605224609 280.187805175781 280.199005126953 280.210205078125 280.221405029297 280.292938232422 280.384552001953 280.476196289062 280.567840576172 280.659454345703 280.751098632812 280.842712402344 280.922637939453 280.967346191406 281.012084960938 281.056823730469 281.101531982422 281.146270751953 281.191009521484 281.235717773438 281.09716796875 280.897521972656 280.697875976562 280.498229980469 280.298553466797 280.098907470703 279.899261474609 279.717559814453 279.589660644531
279.512451171875 279.513610839844 279.514801025391 279.515960693359 279.517120361328 279.518280029297 279.519439697266 279.582916259766 279.667114257812 279.751342773438 279.835540771484 279.919769287109 280.003967285156 280.088195800781 280.161254882812 280.200927734375 280.240570068359 280.280212402344 280.319854736328 280.359527587891 280.399169921875 280.438812255859 280.525268554688 280.627288818359 280.729339599609 280.831390380859 280.933441162109 281.035461425781 281.137512207031 281.225708007812 281.272430419922 281.319152832031 281.365875244141 281.41259765625 281.459289550781 281.506011962891 281.552734375 281.378662109375 281.131042480469 280.883392333984 280.6357421875 280.388092041016 280.140441894531 279.892822265625 279.669799804688 279.520721435547
279.438232421875 279.446685791016 279.455139160156 279.463592529297 279.472045898438 279.480499267578 279.488952636719 279.558197021484 279.647735595703 279.737243652344 279.826782226562 279.916290283203 280.005828857422 280.095336914062 280.179504394531 280.247619628906 280.315704345703 280.383819580078 280.451934814453 280.52001953125 280.588134765625 280.656219482422 280.757598876953 280.870056152344 280.982482910156 281.094940185547 281.207397460938 281.319854736328 281.432312011719 281.52880859375 281.577514648438 281.626220703125 281.674926757812 281.7236328125 281.772338867188 281.821044921875 281.869720458984 281.660186767578 281.364532470703 281.068908691406 280.773254394531 280.477630615234 280.182006835938 279.886352539062 279.6220703125 279.451782226562
279.363983154297 279.379730224609 279.395477294922 279.411224365234 279.426940917969 279.442687988281 279.458435058594 279.533508300781 279.628326416016 279.723175048828 279.817993164062 279.912841796875 280.007659912109 280.102508544922 280.19775390625 280.294311523438 280.390869140625 280.487426757812 280.583984375 280.680541992188 280.777069091797 280.873626708984 280.989929199219 281.11279296875 281.235656738281 281.358520507812 281.481353759766 281.604217529297 281.727081298828 281.831909179688 281.882598876953 281.933288574219 281.983978271484 282.03466796875 282.085357666016 282.136047363281 282.186737060547 281.941680908203 281.598052978516 281.254425048828 280.910797119141 280.567169189453 280.223541259766 279.879913330078 279.574310302734 279.382843017578
279.289764404297 279.312774658203 279.335815429688 279.358856201172 279.381866455078 279.404907226562 279.427917480469 279.5087890625 279.608947753906 279.709075927734 279.809234619141 279.909362792969 280.009521484375 280.109649658203 280.216033935547 280.341033935547 280.466033935547 280.591033935547 280.716033935547 280.841033935547 280.966033935547 281.091033935547 281.222259521484 281.355529785156 281.488800048828 281.6220703125 281.755340576172 281.888610839844 282.021881103516 282.135009765625 282.187683105469 282.240356445312 282.293029785156 282.345703125 282.398376464844 282.451049804688 282.503753662109 282.223205566406 281.831573486328 281.43994140625 281.048309326172 280.656707763672 280.265075683594 279.873443603516 279.526580810547 279.313934326172
279.319000244141 279.340667724609 279.362335205078 279.384002685547 279.405670166016 279.427337646484 279.449005126953 279.533966064453 279.639984130859 279.746032714844 279.852081298828 279.958099365234 280.064147949219 280.170196533203 280.286010742188 280.43115234375 280.576293945312 280.721435546875 280.866577148438 281.01171875 281.156860351562 281.302001953125 281.436431884766 281.567291259766 281.698120117188 281.828979492188 281.959808349609 282.090667724609 282.221496582031 282.332885742188 282.385894775391 282.438934326172 282.491943359375 282.544982910156 282.597991943359 282.651000976562 282.704040527344 282.408569335938 281.996948242188 281.585327148438 281.173706054688 280.762084960938 280.350463867188 279.938842773438 279.570251464844 279.330810546875
279.451751708984 279.463409423828 279.475067138672 279.486724853516 279.498382568359 279.510040283203 279.521697998047 279.608978271484 279.721496582031 279.834014892578 279.946533203125 280.059051513672 280.171569824219 280.284088134766 280.40771484375 280.564697265625 280.7216796875 280.878631591797 281.035614013672 281.192596435547 281.349578857422 281.506561279297 281.632476806641 281.748046875 281.863616943359 281.979217529297 282.094787597656 282.210357666016 282.325958251953 282.425567626953 282.477294921875 282.528991699219 282.580718994141 282.632446289062 282.684173583984 282.735900878906 282.78759765625 282.497833251953 282.094207763672 281.690582275391 281.286956787109 280.883331298828 280.479705810547 280.076080322266 279.705383300781 279.433563232422
279.584503173828 279.586151123047 279.587799072266 279.589447021484 279.591064453125 279.592712402344 279.594360351562 279.684020996094 279.803009033203 279.921997070312 280.040985107422 280.160003662109 280.278991699219 280.397979736328 280.529418945312 280.6982421875 280.867034912109 281.035858154297 281.204650878906 281.373474121094 281.542266845703 281.711090087891 281.828521728516 281.928833007812 282.029144287109 282.129455566406 282.229766845703 282.330078125 282.430389404297 282.518218994141 282.568664550781 282.619079589844 282.669494628906 282.719909667969 282.770324707031 282.820770263672 282.871185302734 282.587066650391 282.191436767578 281.795806884766 281.400177001953 281.004547119141 280.608947753906 280.213317871094 279.840515136719 279.536285400391
279.717254638672 279.708892822266 279.700500488281 279.692138671875 279.683776855469 279.675415039062 279.667022705078 279.759033203125 279.884521484375 280.009979248047 280.135467529297 280.260925292969 280.386413574219 280.511871337891 280.651123046875 280.831787109375 281.012420654297 281.193054199219 281.373687744141 281.554321289062 281.734985351562 281.915618896484 282.024566650391 282.109588623047 282.194641113281 282.279693603516 282.36474609375 282.449798583984 282.534851074219 282.610900878906 282.660034179688 282.709136962891 282.758270263672 282.807403564453 282.856506347656 282.905639648438 282.954772949219 282.676330566406 282.288696289062 281.901062011719 281.513427734375 281.125793457031 280.738159179688 280.350555419922 279.975646972656 279.639007568359
279.850006103516 279.831634521484 279.813232421875 279.794860839844 279.776458740234 279.758087158203 279.739715576172 279.834075927734 279.966033935547 280.097961425781 280.229919433594 280.361877441406 280.493804931641 280.625762939453 280.772857666016 280.96533203125 281.157775878906 281.350250244141 281.542724609375 281.735198974609 281.927673339844 282.120147705078 282.220581054688 282.290374755859 282.360168457031 282.429931640625 282.499725341797 282.569488525391 282.639282226562 282.703582763672 282.751403808594 282.799224853516 282.847045898438 282.894866943359 282.942687988281 282.990509033203 283.038330078125 282.765563964844 282.385925292969 282.006317138672 281.626678466797 281.247039794922 280.867401123047 280.48779296875 280.110778808594 279.741729736328
279.982757568359 279.954345703125 279.925964355469 279.897552490234 279.869171142578 279.840759277344 279.812377929688 279.909088134766 280.047515869141 280.185943603516 280.324371337891 280.462799072266 280.601226806641 280.739654541016 280.894561767578 281.098876953125 281.303161621094 281.507476806641 281.711761474609 281.916076660156 282.120361328125 282.324676513672 282.416625976562 282.471160888672 282.525665283203 282.580169677734 282.634704589844 282.689208984375 282.743743896484 282.796234130859 282.8427734375 282.889282226562 282.935821533203 282.982330322266 283.028869628906 283.075378417969 283.121917724609 282.854827880859 282.483184814453 282.111541748047 281.739929199219 281.368286132812 280.996643066406 280.625030517578 280.245941162109 279.844482421875
280.050811767578 280.017791748047 279.984771728516 279.951751708984 279.918731689453 279.8857421875 279.852722167969 279.953277587891 280.098358154297 280.243469238281 280.388549804688 280.533630371094 280.678741455078 280.823822021484 280.985260009766 281.195709228516 281.406188964844 281.616638183594 281.827117919922 282.037567138672 282.248046875 282.45849609375 282.543823242188 282.587432861328 282.631042480469 282.674652099609 282.71826171875 282.761871337891 282.805480957031 282.846130371094 282.8779296875 282.909759521484 282.941558837891 282.973358154297 283.005187988281 283.036987304688 283.068786621094 282.817810058594 282.472534179688 282.127288818359 281.782012939453 281.436737060547 281.091491699219 280.746215820312 280.380035400391 279.951141357422
280.054138183594 280.021911621094 279.989654541016 279.957427978516 279.925201416016 279.892944335938 279.860717773438 279.966613769531 280.118560791016 280.270477294922 280.422424316406 280.574371337891 280.726287841797 280.878234863281 281.044921875 281.255889892578 281.466857910156 281.677795410156 281.888763427734 282.099700927734 282.310668945312 282.521606445312 282.602142333984 282.639221191406 282.67626953125 282.713348388672 282.750396728516 282.787445068359 282.824523925781 282.853240966797 282.856903076172 282.860595703125 282.864288330078 282.867950439453 282.871643066406 282.875305175781 282.878997802734 282.654510498047 282.35400390625 282.053466796875 281.752960205078 281.452423095703 281.151885986328 280.851379394531 280.513122558594 280.061737060547
280.057495117188 280.026031494141 279.994567871094 279.963104248047 279.931640625 279.900177001953 279.868713378906 279.979949951172 280.138732910156 280.297515869141 280.456298828125 280.615081787109 280.773864746094 280.932647705078 281.104614257812 281.316070556641 281.527496337891 281.738952636719 281.950408935547 282.161834716797 282.373291015625 282.584747314453 282.660491943359 282.691009521484 282.721496582031 282.752014160156 282.782531738281 282.813049316406 282.843566894531 282.8603515625 282.835876464844 282.811431884766 282.786987304688 282.762542724609 282.738098144531 282.713623046875 282.689178466797 282.491241455078 282.235443115234 281.979675292969 281.723876953125 281.468109130859 281.212310791016 280.95654296875 280.646209716797 280.172302246094
280.060821533203 280.030151367188 279.999450683594 279.968780517578 279.938079833984 279.907409667969 279.876708984375 279.993255615234 280.158905029297 280.324523925781 280.490173339844 280.655822753906 280.821441650391 280.987091064453 281.164276123047 281.376220703125 281.588165283203 281.800109863281 282.012054443359 282.223968505859 282.435913085938 282.647857666016 282.718811035156 282.742767333984 282.766754150391 282.790710449219 282.814666748047 282.838653564453 282.862609863281 282.867431640625 282.814849853516 282.762268066406 282.709716796875 282.657135009766 282.604553222656 282.551971435547 282.499389648438 282.327941894531 282.116912841797 281.905883789062 281.69482421875 281.483795166016 281.272735595703 281.061706542969 280.779327392578 280.282897949219
