resources/Exp000_Example-Run/Run01_M2/TimeSeries/1995/selection_set/tsat_avg.asc
NCOLS 265 
NROWS 230 
XLLCORNER -115.5625 
YLLCORNER 24.8333333333333 
CELLSIZE 0.0833333333333333 
NODATA_value -9999 
[rows 160 to 179 of 230, columns 46 to 91 of 265]
292.943939208984 292.796234130859 292.648529052734 292.500823974609 292.353118896484 292.205413818359 291.974060058594 291.71484375 291.455627441406 291.196411132812 290.937194824219 290.677978515625 290.418762207031 290.204711914062 290.126190185547 290.047637939453 289.969116210938 289.890594482422 289.812042236328 289.733520507812 289.654968261719 289.636077880859 289.637023925781 289.637969970703 289.638946533203 289.639892578125 289.640838623047 289.641815185547 289.585388183594 289.356903076172 289.128387451172 288.899871826172 288.671356201172 288.442840576172 288.21435546875 287.98583984375 287.909301757812 287.883422851562 287.857543945312 287.831665039062 287.805755615234 287.779876708984 287.753997802734 287.777893066406 287.951141357422 288.124359130859
293.095611572266 292.965393066406 292.835174560547 292.704925537109 292.57470703125 292.444458007812 292.223907470703 291.973205566406 291.722534179688 291.471832275391 291.221160888672 290.970458984375 290.719787597656 290.511779785156 290.431854248047 290.351898193359 290.27197265625 290.192016601562 290.112060546875 290.032135009766 289.952178955078 289.918212890625 289.899566650391 289.880920410156 289.862274169922 289.843627929688 289.824981689453 289.806335449219 289.728942871094 289.475341796875 289.221740722656 288.968109130859 288.714508056641 288.460906982422 288.207305908203 287.953704833984 287.861022949219 287.821990966797 287.782958984375 287.743896484375 287.704864501953 287.665832519531 287.626800537109 287.645660400391 287.838134765625 288.030609130859
293.131622314453 293.015472412109 292.899353027344 292.783233642578 292.667114257812 292.550994873047 292.349487304688 292.119506835938 291.889556884766 291.659576416016 291.429626464844 291.199645996094 290.969696044922 290.776733398438 290.694885253906 290.613037109375 290.531188964844 290.449310302734 290.367462158203 290.285614013672 290.203735351562 290.164031982422 290.138366699219 290.112670898438 290.087005615234 290.061340332031 290.035675048828 290.010009765625 289.918731689453 289.630676269531 289.342590332031 289.054534912109 288.766479492188 288.478424072266 288.190368652344 287.902282714844 287.785186767578 287.725067138672 287.664947509766 287.604827880859 287.544708251953 287.484588623047 287.424438476562 287.432861328125 287.646789550781 287.860748291016
293.051910400391 292.946502685547 292.841125488281 292.735717773438 292.630340576172 292.524932861328 292.350799560547 292.153747558594 291.956695556641 291.759613037109 291.562561035156 291.365509033203 291.16845703125 290.999603271484 290.915313720703 290.8310546875 290.746765136719 290.662475585938 290.578216552734 290.493927001953 290.40966796875 290.373504638672 290.353393554688 290.333282470703 290.313171386719 290.293029785156 290.272918701172 290.252807617188 290.154754638672 289.822875976562 289.490997314453 289.159118652344 288.827239990234 288.495361328125 288.163482666016 287.831604003906 287.681793212891 287.592651367188 287.503509521484 287.414367675781 287.325225830078 287.236083984375 287.146942138672 287.139495849609 287.377136230469 287.614776611328
292.972198486328 292.877532958984 292.782867431641 292.688201904297 292.593536376953 292.498901367188 292.352111816406 292.187957763672 292.023803710938 291.859680175781 291.695526123047 291.531372070312 291.367218017578 291.222442626953 291.1357421875 291.049041748047 290.962341308594 290.875671386719 290.788970947266 290.702270507812 290.615570068359 290.582977294922 290.568420410156 290.553863525391 290.539306640625 290.524749755859 290.510192871094 290.495635986328 290.390777587891 290.015106201172 289.639404296875 289.263702392578 288.888031005859 288.512329101562 288.136627197266 287.760955810547 287.578399658203 287.460235595703 287.342102050781 287.223937988281 287.105773925781 286.987609863281 286.869445800781 286.846160888672 287.107482910156 287.368804931641
292.892486572266 292.808563232422 292.724639892578 292.640686035156 292.556762695312 292.472839355469 292.353424072266 292.222198486328 292.090942382812 291.959716796875 291.828460693359 291.697235107422 291.565979003906 291.445281982422 291.356170654297 291.267059326172 291.177947998047 291.088836669922 290.999725341797 290.910614013672 290.821502685547 290.79248046875 290.783477783203 290.774444580078 290.765441894531 290.756439208984 290.747436523438 290.738433837891 290.626800537109 290.207305908203 289.787811279297 289.368286132812 288.948791503906 288.529266357422 288.109771728516 287.690277099609 287.475006103516 287.327819824219 287.1806640625 287.033477783203 286.886322021484 286.739135742188 286.591949462891 286.552825927734 286.837829589844 287.122833251953
292.812774658203 292.739562988281 292.666381835938 292.593200683594 292.519989013672 292.446807861328 292.354766845703 292.256408691406 292.158081054688 292.059753417969 291.96142578125 291.863098144531 291.764770507812 291.668121337891 291.576599121094 291.485076904297 291.393524169922 291.302001953125 291.210479736328 291.118957519531 291.027404785156 291.001953125 290.998504638672 290.995056152344 290.991607666016 290.988159179688 290.984710693359 290.981262207031 290.862854003906 290.399536132812 289.936187744141 289.472869873047 289.009552001953 288.546234130859 288.082916259766 287.619598388672 287.371612548828 287.195434570312 287.019226074219 286.843048095703 286.666839599609 286.490661621094 286.314453125 286.259490966797 286.568176269531 286.876861572266
292.733062744141 292.670593261719 292.608123779297 292.545684814453 292.483215332031 292.420745849609 292.356079101562 292.290649414062 292.225219726562 292.159790039062 292.094390869141 292.028961181641 291.963531494141 291.890960693359 291.797027587891 291.703063964844 291.609130859375 291.515167236328 291.421234130859 291.327270507812 291.233337402344 291.21142578125 291.213531494141 291.215637207031 291.217742919922 291.219848632812 291.221954345703 291.224090576172 291.098876953125 290.591735839844 290.084594726562 289.577453613281 289.0703125 288.563201904297 288.056060791016 287.548919677734 287.268218994141 287.063018798828 286.857818603516 286.652587890625 286.447387695312 286.2421875 286.036956787109 285.966156005859 286.298522949219 286.630889892578
292.82861328125 292.771911621094 292.715209960938 292.658538818359 292.601837158203 292.545166015625 292.498718261719 292.455718994141 292.412719726562 292.369720458984 292.326721191406 292.283721923828 292.24072265625 292.18359375 292.084075927734 291.984558105469 291.885040283203 291.785522460938 291.685974121094 291.586456298828 291.486938476562 291.466064453125 291.471374511719 291.476684570312 291.481994628906 291.487335205078 291.492645263672 291.497955322266 291.369110107422 290.837738037109 290.306335449219 289.774963378906 289.243591308594 288.712188720703 288.180816650391 287.649444580078 287.331665039062 287.085113525391 286.838531494141 286.591979980469 286.345428466797 286.098846435547 285.852294921875 285.749420166016 286.077606201172 286.405792236328
293.099426269531 293.043518066406 292.987640380859 292.931762695312 292.875885009766 292.819976806641 292.78271484375 292.751678466797 292.720611572266 292.689544677734 292.658477783203 292.62744140625 292.596374511719 292.546020507812 292.437774658203 292.329498291016 292.221252441406 292.113006591797 292.004760742188 291.896514892578 291.788238525391 291.765808105469 291.772003173828 291.778198242188 291.784362792969 291.790557861328 291.796722412109 291.802917480469 291.673522949219 291.137481689453 290.601440429688 290.065368652344 289.529327392578 288.993286132812 288.457214355469 287.921173095703 287.561950683594 287.26171875 286.961456298828 286.661193847656 286.360961914062 286.060699462891 285.760437011719 285.609283447266 285.905395507812 286.201538085938
293.370239257812 293.315155029297 293.260070800781 293.204986572266 293.14990234375 293.094818115234 293.066711425781 293.047607421875 293.028472900391 293.009368896484 292.990234375 292.971130371094 292.952026367188 292.908447265625 292.791442871094 292.674468994141 292.557495117188 292.440490722656 292.323516845703 292.20654296875 292.089538574219 292.065582275391 292.072631835938 292.079681396484 292.086730957031 292.093780517578 292.100830078125 292.107849121094 291.977966308594 291.437255859375 290.896514892578 290.355804443359 289.815063476562 289.274353027344 288.733612060547 288.192901611328 287.792266845703 287.438323974609 287.084350585938 286.730407714844 286.37646484375 286.022521972656 285.668579101562 285.469146728516 285.733215332031 285.997283935547
293.641052246094 293.586761474609 293.532470703125 293.478210449219 293.423919677734 293.369659423828 293.350708007812 293.343536376953 293.336364746094 293.329193115234 293.322021484375 293.314819335938 293.307647705078 293.270843505859 293.145141601562 293.019439697266 292.893707275391 292.768005371094 292.642272949219 292.516571044922 292.390869140625 292.365356445312 292.373260498047 292.381164550781 292.389099121094 292.397003173828 292.404907226562 292.412811279297 292.282409667969 291.736999511719 291.191589355469 290.646209716797 290.100799560547 289.555419921875 289.010009765625 288.464630126953 288.022552490234 287.614898681641 287.207275390625 286.799652099609 286.391998291016 285.984375 285.576721191406 285.329010009766 285.56103515625 285.793029785156
293.911865234375 293.858367919922 293.804901123047 293.751434326172 293.697967529297 293.644500732422 293.634704589844 293.639465332031 293.644226074219 293.648986816406 293.653778076172 293.658538818359 293.663299560547 293.633270263672 293.498809814453 293.364379882812 293.229949951172 293.095489501953 292.961059570312 292.826599121094 292.692169189453 292.665130615234 292.673919677734 292.682678222656 292.691436767578 292.700225830078 292.708984375 292.7177734375 292.586822509766 292.036743164062 291.486694335938 290.936614990234 290.386566162109 289.836486816406 289.286407470703 288.736358642578 288.252838134766 287.79150390625 287.330169677734 286.868865966797 286.407531738281 285.946197509766 285.484893798828 285.188873291016 285.388824462891 285.588775634766
294.182678222656 294.130004882812 294.077331542969 294.024658203125 293.971984863281 293.919311523438 293.918670654297 293.935394287109 293.952117919922 293.968811035156 293.985534667969 294.002227783203 294.018951416016 293.995697021484 293.852508544922 293.709350585938 293.566162109375 293.423004150391 293.279815673828 293.136657714844 292.993469238281 292.964904785156 292.974548339844 292.984161376953 292.993804931641 293.003448486328 293.013092041016 293.022705078125 292.891265869141 292.336517333984 291.781768798828 291.227020263672 290.672302246094 290.117553710938 289.562805175781 289.008087158203 288.483123779297 287.968109130859 287.453094482422 286.938079833984 286.423065185547 285.908050537109 285.393035888672 285.048736572266 285.216644287109 285.384521484375
294.411834716797 294.364013671875 294.316192626953 294.268371582031 294.220550537109 294.172729492188 294.173004150391 294.189270019531 294.205535888672 294.221832275391 294.238098144531 294.254364013672 294.270629882812 294.246368408203 294.100402832031 293.954437255859 293.808502197266 293.662536621094 293.5166015625 293.370635986328 293.224700927734 293.18994140625 293.192230224609 293.194549560547 293.196868896484 293.199157714844 293.201477050781 293.203796386719 293.068511962891 292.520477294922 291.972442626953 291.424407958984 290.876373291016 290.328338623047 289.780303955078 289.232269287109 288.684997558594 288.137969970703 287.590972900391 287.043975830078 286.496948242188 285.949951171875 285.402954101562 285.027770996094 285.168060302734 285.308349609375
294.599395751953 294.560455322266 294.521545410156 294.482604980469 294.443695068359 294.404754638672 294.397613525391 294.401092529297 294.404541015625 294.408020019531 294.411468505859 294.414916992188 294.418395996094 294.385284423828 294.242492675781 294.099731445312 293.956939697266 293.814147949219 293.67138671875 293.528594970703 293.385803222656 293.340209960938 293.326995849609 293.313812255859 293.300598144531 293.287384033203 293.274169921875 293.260955810547 293.118560791016 292.588623046875 292.058654785156 291.528717041016 290.998748779297 290.468811035156 289.938842773438 289.408874511719 288.858428955078 288.301116943359 287.743835449219 287.1865234375 286.629241943359 286.071929931641 285.514617919922 285.125946044922 285.243103027344 285.360260009766
294.786926269531 294.756896972656 294.726867675781 294.696838378906 294.666809082031 294.636779785156 294.622253417969 294.612884521484 294.603546142578 294.594177246094 294.584838867188 294.575500488281 294.566131591797 294.524230957031 294.384613037109 294.244995117188 294.105377197266 293.965789794922 293.826171875 293.686553955078 293.546936035156 293.490509033203 293.461761474609 293.433044433594 293.404327392578 293.375610351562 293.346862792969 293.318145751953 293.168640136719 292.656768798828 292.144897460938 291.633026123047 291.121154785156 290.609252929688 290.097381591797 289.585510253906 289.031860351562 288.464263916016 287.896667480469 287.3291015625 286.761505126953 286.193908691406 285.626312255859 285.22412109375 285.318145751953 285.412170410156
294.974487304688 294.953338623047 294.932189941406 294.911071777344 294.889923095703 294.868774414062 294.846862792969 294.82470703125 294.802551269531 294.780395507812 294.758209228516 294.736053466797 294.7138671875 294.663146972656 294.526702880859 294.390258789062 294.253845214844 294.117401123047 293.98095703125 293.844512939453 293.708068847656 293.640777587891 293.596527099609 293.552307128906 293.508056640625 293.463806152344 293.419586181641 293.375335693359 293.218719482422 292.724914550781 292.231109619141 291.737335205078 291.243530273438 290.749725341797 290.255950927734 289.762145996094 289.205291748047 288.627410888672 288.049530029297 287.471649169922 286.893768310547 286.315887451172 285.738006591797 285.322326660156 285.393188476562 285.464080810547
295.162017822266 295.149780273438 295.137542724609 295.125305175781 295.113037109375 295.100799560547 295.071502685547 295.036529541016 295.001556396484 294.966583251953 294.931579589844 294.896606445312 294.861633300781 294.802093505859 294.668823242188 294.535552978516 294.402282714844 294.269012451172 294.1357421875 294.002471923828 293.869201660156 293.791076660156 293.731323242188 293.671539306641 293.611785888672 293.552032470703 293.492279052734 293.432525634766 293.268768310547 292.793060302734 292.317352294922 291.841644287109 291.365936279297 290.890197753906 290.414489746094 289.938781738281 289.378723144531 288.790557861328 288.202392578125 287.614196777344 287.026031494141 286.437866210938 285.849700927734 285.420501708984 285.468231201172 285.515991210938
295.349578857422 295.346221923828 295.342864990234 295.339508056641 295.336181640625 295.332824707031 295.296142578125 295.248352050781 295.200561523438 295.152770996094 295.104949951172 295.057159423828 295.009368896484 294.941009521484 294.810913085938 294.680816650391 294.550720214844 294.420623779297 294.29052734375 294.160430908203 294.030334472656 293.941345214844 293.866088867188 293.790802001953 293.715515136719 293.640258789062 293.564971923828 293.489715576172 293.31884765625 292.861206054688 292.403564453125 291.945953369141 291.488311767578 291.030670166016 290.573059082031 290.115417480469 289.552154541016 288.953704833984 288.355224609375 287.756774902344 287.158294677734 286.559844970703 285.961364746094 285.518676757812 285.543273925781 285.567901611328
