data/working_set_collections/6091692-Cassins_Sparrow-M2/2005/albedo_avg.asc
NCOLS 265 
NROWS 230 
XLLCORNER -115.5625 
YLLCORNER 24.8333333333333 
CELLSIZE 0.0833333333333333 
NODATA_value -9999 
[rows 180 to 199 of 230, columns 0 to 43 of 265]
-9999 -9999 -9999 -9999 -9999 -9999 -9999 -9999 -9999 -9999 -9999 -9999 -9999 0.127387806773186 0.132190719246864 0.134367138147354 0.136543557047844 0.138719975948334 0.140896409749985 0.143072828650475 0.145249247550964 0.147425666451454 0.143524870276451 0.137598320841789 0.131671771407127 0.125745221972466 0.119818679988384 -9999 -9999 -9999 -9999 -9999 -9999 -9999 -9999 -9999 0.109067179262638 0.119681417942047 0.133578717708588 0.147476017475128 -9999 -9999 0.18916791677475 0.20306521654129
-9999 -9999 -9999 -9999 -9999 -9999 -9999 -9999 -9999 -9999 -9999 -9999 -9999 -9999 0.127548664808273 0.130550414323807 0.133552148938179 0.136553898453712 0.139555633068085 0.142557367682457 0.14555911719799 0.148560851812363 0.14520063996315 0.139719769358635 0.13423889875412 0.128758043050766 0.123277172446251 0.117796309292316 0.112315446138382 -9999 -9999 -9999 -9999 -9999 -9999 -9999 -9999 0.116101667284966 0.128234013915062 0.140366360545158 -9999 -9999 0.176763400435448 0.188895747065544
-9999 -9999 -9999 -9999 -9999 -9999 -9999 -9999 -9999 -9999 -9999 -9999 -9999 -9999 -9999 0.126733690500259 0.130560740828514 0.13438780605793 0.138214856386185 0.142041921615601 0.145868971943855 0.149696037173271 0.146876409649849 0.141841217875481 0.136806041002274 0.131770849227905 0.126735672354698 0.12170048058033 0.116665296256542 0.112617492675781 -9999 -9999 -9999 -9999 -9999 -9999 -9999 -9999 0.122889317572117 0.133256703615189 -9999 -9999 -9999 0.174726262688637
-9999 -9999 -9999 -9999 -9999 -9999 -9999 -9999 -9999 -9999 -9999 -9999 -9999 -9999 -9999 -9999 0.127569332718849 0.132221713662148 0.136874079704285 0.141526460647583 0.146178841590881 0.150831207633018 0.148552179336548 0.143962666392326 0.139373168349266 0.134783670306206 0.130194157361984 0.125604659318924 0.121015153825283 0.117070272564888 -9999 -9999 -9999 -9999 -9999 -9999 -9999 -9999 -9999 -9999 -9999 -9999 -9999 -9999
-9999 -9999 -9999 -9999 -9999 -9999 -9999 -9999 -9999 -9999 -9999 -9999 -9999 -9999 -9999 -9999 -9999 0.130055621266365 0.135533303022385 0.141010999679565 0.146488696336746 0.151966392993927 0.150227949023247 0.146084129810333 0.141940295696259 0.137796476483345 0.133652657270432 0.129508838057518 0.125365018844604 0.121523052453995 -9999 -9999 -9999 -9999 -9999 -9999 -9999 -9999 -9999 -9999 -9999 -9999 -9999 -9999
-9999 -9999 -9999 -9999 -9999 -9999 -9999 -9999 -9999 -9999 -9999 -9999 -9999 -9999 -9999 -9999 -9999 0.127889528870583 0.134192541241646 0.140495553612709 0.146798565983772 0.153101563453674 0.151903718709946 0.148205578327179 0.144507437944412 0.140809297561646 0.137111157178879 0.133413016796112 0.129714876413345 0.125975832343102 0.122114107012749 0.118252374231815 -9999 -9999 -9999 -9999 -9999 -9999 -9999 -9999 -9999 -9999 -9999 -9999
-9999 -9999 -9999 -9999 -9999 -9999 -9999 -9999 -9999 -9999 -9999 -9999 -9999 -9999 -9999 -9999 -9999 0.129908889532089 0.136798098683357 0.143687307834625 0.150576516985893 0.157465726137161 0.156466484069824 0.152837753295898 0.149209022521973 0.145580291748047 0.141951560974121 0.138322830200195 0.13469409942627 0.130793437361717 0.126076996326447 0.121360562741756 0.116644114255905 -9999 -9999 -9999 -9999 -9999 -9999 -9999 -9999 -9999 -9999 -9999
-9999 -9999 -9999 0.0826977044343948 0.0829236283898354 -9999 -9999 -9999 -9999 -9999 -9999 -9999 -9999 -9999 -9999 -9999 -9999 0.136113733053207 0.143350020051003 0.150586292147636 0.157822579145432 0.165058866143227 0.163916245102882 0.159980654716492 0.156045064330101 0.15210947394371 0.14817388355732 0.144238293170929 0.140302702784538 0.135975882411003 0.130475372076035 0.124974854290485 0.119474336504936 -9999 -9999 -9999 -9999 -9999 -9999 -9999 -9999 -9999 -9999 -9999
-9999 -9999 0.0827940627932549 0.0831499025225639 0.083505742251873 0.0838615894317627 -9999 -9999 -9999 -9999 -9999 -9999 -9999 -9999 -9999 -9999 -9999 0.142318561673164 0.149901926517487 0.157485276460648 0.16506864130497 0.172652006149292 0.171366006135941 0.167123556137085 0.162881106138229 0.158638656139374 0.154396206140518 0.150153756141663 0.145911306142807 0.141158327460289 0.134873732924461 0.128589153289795 0.122304566204548 -9999 -9999 -9999 -9999 -9999 -9999 -9999 -9999 -9999 -9999 -9999
-9999 -9999 0.0831163451075554 0.083602100610733 0.0840878635644913 0.0845736190676689 -9999 -9999 -9999 -9999 -9999 -9999 -9999 -9999 -9999 -9999 0.140592977404594 0.148523405194283 0.156453832983971 0.16438427567482 0.172314703464508 0.180245131254196 0.178815767168999 0.174266457557678 0.169717147946358 0.165167838335037 0.160618528723717 0.156069219112396 0.151519909501076 0.146340757608414 0.139272108674049 0.132203444838524 0.125134781002998 -9999 -9999 -9999 -9999 -9999 -9999 -9999 -9999 -9999 -9999 -9999
-9999 -9999 -9999 0.0840543061494827 0.0846699774265289 -9999 -9999 -9999 -9999 -9999 -9999 -9999 -9999 -9999 -9999 0.138173222541809 0.146450728178024 0.15472823381424 0.163005754351616 0.171283259987831 0.179560765624046 0.187838271260262 0.186265528202057 0.181409358978271 0.176553189754486 0.171697020530701 0.166840851306915 0.16198468208313 0.157128512859344 0.1515232026577 0.143670469522476 0.135817736387253 0.127965003252029 -9999 -9999 -9999 -9999 -9999 -9999 -9999 -9999 -9999 -9999 -9999
-9999 -9999 -9999 -9999 -9999 -9999 -9999 -9999 -9999 -9999 -9999 -9999 -9999 -9999 -9999 0.143683910369873 0.152308493852615 0.160933077335358 0.1695576608181 0.178182244300842 0.186806827783585 0.195431411266327 0.193715274333954 0.188552245497704 0.183389231562614 0.178226202726364 0.173063173890114 0.167900145053864 0.162737116217613 0.156705632805824 0.148068830370903 0.139432027935982 0.13079522550106 0.12215843051672 -9999 -9999 -9999 -9999 -9999 -9999 -9999 -9999 -9999 -9999
-9999 -9999 -9999 -9999 -9999 -9999 -9999 0.0932072550058365 0.0998754128813744 0.106543570756912 0.11321172118187 -9999 -9999 0.133216187357903 -9999 0.149319633841515 0.15820150077343 0.167083352804184 0.175965219736099 0.184847086668015 0.193728938698769 0.202610805630684 0.200702026486397 0.195196375250816 0.189690724015236 0.184185072779655 0.178679406642914 0.173173755407333 0.167668104171753 0.161279112100601 0.152240127325058 0.143201157450676 0.134162172675133 0.12512318789959 -9999 -9999 -9999 -9999 -9999 -9999 -9999 -9999 -9999 -9999
-9999 -9999 -9999 -9999 -9999 -9999 0.0895950049161911 0.0952730253338814 0.102457575500011 0.109642118215561 0.11682666093111 0.12401121109724 0.13119575381279 0.13838030397892 0.146031051874161 -9999 0.164129734039307 0.173179090023041 0.182228431105614 0.191277772188187 0.200327128171921 0.209376469254494 0.207225769758224 0.201341733336449 0.195457682013512 0.189573630690575 0.183689579367638 0.177805542945862 0.171921491622925 0.16524364054203 0.156184360384941 0.147125095129013 0.138065814971924 0.129006549715996 0.119947269558907 -9999 -9999 -9999 -9999 -9999 -9999 -9999 -9999 -9999
-9999 -9999 -9999 -9999 -9999 -9999 -9999 0.0973388031125069 0.105039738118649 0.11274067312479 0.120441608130932 0.128142535686493 0.135843470692635 0.143544405698776 0.151624321937561 0.160841152071953 0.170057982206345 0.179274812340736 0.188491642475128 0.19770847260952 0.206925302743912 0.216142132878304 0.213749513030052 0.20748707652092 0.201224640011787 0.194962203502655 0.188699752092361 0.182437315583229 0.176174879074097 0.169208154082298 0.160128593444824 0.15104903280735 0.141969472169876 0.132889896631241 0.123810335993767 0.114730775356293 -9999 -9999 -9999 -9999 -9999 -9999 -9999 -9999
-9999 -9999 -9999 -9999 -9999 -9999 -9999 -9999 0.107621900737286 0.115839220583439 0.124056547880173 0.132273867726326 0.14049120247364 0.148708522319794 0.157217592000961 0.166601911187172 0.175986230373383 0.185370549559593 0.194754853844643 0.204139173030853 0.213523492217064 0.222907796502113 0.22027325630188 0.213632419705391 0.206991598010063 0.200350761413574 0.193709924817085 0.187069103121758 0.180428266525269 0.173172682523727 0.164072826504707 0.154972970485687 0.145873114466667 0.136773258447647 0.127673402428627 0.118573553860188 0.109473705291748 0.10493128746748 -9999 -9999 -9999 -9999 -9999 -9999
-9999 -9999 -9999 -9999 -9999 -9999 -9999 -9999 -9999 0.118937775492668 0.127671495079994 0.136405199766159 0.145138919353485 0.153872638940811 0.162810876965523 0.172362670302391 0.181914478540421 0.191466271877289 0.201018065214157 0.210569873452187 0.220121666789055 0.229673460125923 0.226796999573708 0.219777777791023 0.212758556008339 0.205739319324493 0.198720097541809 0.191700875759125 0.18468165397644 0.177137196063995 0.16801705956459 0.158896908164024 0.149776771664619 0.140656620264053 0.131536483764648 0.122416332364082 0.113296188414097 0.108338050544262 0.104767240583897 -9999 -9999 -9999 -9999 -9999
-9999 -9999 -9999 -9999 -9999 -9999 -9999 -9999 -9999 -9999 0.131286427378654 0.140536546707153 0.149786651134491 0.159036755561829 0.168404147028923 0.17812342941761 0.187842711806297 0.197561994194984 0.207281276583672 0.217000558972359 0.226719841361046 0.236439123749733 0.233320742845535 0.225923120975494 0.218525499105453 0.211127892136574 0.203730270266533 0.196332648396492 0.188935041427612 0.181101724505424 0.171961277723312 0.162820845842361 0.153680413961411 0.14453998208046 0.135399550199509 0.126259118318558 0.117118678987026 0.111744813621044 0.107626467943192 -9999 -9999 -9999 -9999 -9999
-9999 -9999 -9999 -9999 -9999 -9999 -9999 -9999 -9999 -9999 -9999 0.139585554599762 0.148712858557701 0.157840177416801 0.167100101709366 0.176757887005806 0.186415687203407 0.196073487401009 0.205731272697449 0.21538907289505 0.225046873092651 0.234704658389091 0.231878086924553 0.224890068173409 0.217902034521103 0.210914000868797 0.203925982117653 0.196937948465347 0.189949914813042 0.182489007711411 0.173609420657158 0.164729833602905 0.155850261449814 0.146970674395561 0.13809110224247 0.129211515188217 0.120331935584545 0.114789858460426 0.110360279679298 -9999 -9999 -9999 -9999 -9999
-9999 -9999 -9999 -9999 -9999 -9999 -9999 -9999 -9999 -9999 -9999 -9999 0.141917586326599 0.15028290450573 0.15889872610569 0.16826605796814 0.177633389830589 0.187000721693039 0.196368053555489 0.205735385417938 0.215102732181549 0.224470064043999 0.222469046711922 0.216678589582443 0.210888132452965 0.205097675323486 0.199307203292847 0.193516746163368 0.18772628903389 0.181299045681953 0.172961458563805 0.164623871445656 0.156286284327507 0.147948697209358 0.139611110091209 0.131273522973061 0.122935943305492 0.117473170161247 0.112968675792217 0.108464181423187 -9999 -9999 -9999 -9999
