data/working_set_collections/6091692-Cassins_Sparrow-M2/2005/albedo_avg.asc
NCOLS 265 
NROWS 230 
XLLCORNER -115.5625 
YLLCORNER 24.8333333333333 
CELLSIZE 0.0833333333333333 
NODATA_value -9999 
[rows 60 to 79 of 230, columns 220 to 263 of 265]
0.202475264668465 0.201615408062935 0.200755536556244 0.199895679950714 0.199259862303734 0.199296206235886 0.199332550168037 0.199368894100189 0.199405252933502 0.199441596865654 0.199477940797806 0.199514284729958 0.198926627635956 0.19813098013401 0.197335317730904 0.196539655327797 0.195744007825851 0.194948345422745 0.194152697920799 0.193389013409615 0.192721307277679 0.192053586244583 0.191385865211487 0.190718159079552 0.190050438046455 0.189382717013359 0.188715010881424 0.188849031925201 0.189250320196152 0.189651593565941 0.190052881836891 0.19045415520668 0.190855443477631 0.19125671684742 0.191772848367691 0.192633509635925 0.193494156002998 0.194354817271233 0.195215478539467 0.196076139807701 0.196936786174774 0.197797447443008 0.197608605027199 0.197069942951202
0.202318146824837 0.201649457216263 0.200980767607689 0.200312077999115 0.199795827269554 0.199736893177032 0.199677973985672 0.19961903989315 0.19956012070179 0.199501186609268 0.199442267417908 0.199383333325386 0.198768228292465 0.197967723011971 0.197167202830315 0.19636669754982 0.195566192269325 0.194765686988831 0.193965166807175 0.193238213658333 0.192731872200966 0.192225530743599 0.191719189286232 0.191212847828865 0.190706521272659 0.190200179815292 0.189693838357925 0.189856559038162 0.190242305397987 0.190628036856651 0.191013783216476 0.19139951467514 0.191785246133804 0.192170992493629 0.192618742585182 0.193252503871918 0.193886280059814 0.194520056247711 0.195153832435608 0.195787608623505 0.19642136991024 0.197055146098137 0.196764349937439 0.19616536796093
0.20216104388237 0.201683521270752 0.201205998659134 0.200728476047516 0.200331792235374 0.20017759501934 0.200023382902145 0.199869185686111 0.199714988470078 0.199560791254044 0.19940659403801 0.199252396821976 0.198609814047813 0.197804465889931 0.196999102830887 0.196193739771843 0.195388376712799 0.194583013653755 0.193777650594711 0.19308739900589 0.192742437124252 0.192397475242615 0.192052513360977 0.19170755147934 0.191362604498863 0.191017642617226 0.190672680735588 0.190864086151123 0.191234275698662 0.191604480147362 0.1919746696949 0.1923448741436 0.192715063691139 0.193085253238678 0.193464621901512 0.193871513009071 0.194278404116631 0.19468529522419 0.195092186331749 0.195499077439308 0.195905953645706 0.196312844753265 0.195920094847679 0.195260778069496
0.202003926038742 0.20171757042408 0.201431229710579 0.201144888997078 0.200867757201195 0.200618281960487 0.20036880671978 0.200119331479073 0.199869856238365 0.199620395898819 0.199370920658112 0.199121445417404 0.198451414704323 0.197641208767891 0.196830987930298 0.196020781993866 0.195210561156273 0.194400355219841 0.193590134382248 0.192936584353447 0.192753002047539 0.192569419741631 0.192385837435722 0.192202255129814 0.192018672823906 0.191835090517998 0.191651523113251 0.191871613264084 0.192226260900497 0.192580923438072 0.192935571074486 0.193290218710899 0.193644881248474 0.193999528884888 0.194310516119003 0.194490522146225 0.194670528173447 0.194850534200668 0.19503054022789 0.195210546255112 0.195390537381172 0.195570543408394 0.195075824856758 0.194356203079224
0.201846808195114 0.201751634478569 0.201656460762024 0.201561287045479 0.201403722167015 0.201058968901634 0.200714230537415 0.200369477272034 0.200024738907814 0.199679985642433 0.199335247278214 0.198990494012833 0.198293015360832 0.197477951645851 0.196662873029709 0.195847809314728 0.195032745599747 0.194217681884766 0.193402618169785 0.192785769701004 0.192763566970825 0.192741364240646 0.192719161510468 0.192696958780289 0.19267475605011 0.192652553319931 0.192630350589752 0.192879140377045 0.193218246102333 0.193557351827621 0.193896472454071 0.194235578179359 0.194574683904648 0.194913789629936 0.195156410336494 0.195109531283379 0.195062652230263 0.195015773177147 0.194968894124031 0.194922015070915 0.194875136017799 0.194828256964684 0.194231569766998 0.193451628088951
0.201689690351486 0.201785698533058 0.201881691813469 0.20197768509388 0.201939687132835 0.201499655842781 0.201059639453888 0.200619623064995 0.200179606676102 0.199739590287209 0.199299573898315 0.198859542608261 0.19813460111618 0.197314694523811 0.196494773030281 0.195674851536751 0.194854930043221 0.194035023450851 0.193215101957321 0.192634955048561 0.192774131894112 0.192913308739662 0.193052485585213 0.193191662430763 0.193330839276314 0.193470016121864 0.193609192967415 0.193886667490005 0.194210231304169 0.194533795118332 0.194857358932495 0.195180922746658 0.195504501461983 0.195828065276146 0.196002289652824 0.195728525519371 0.195454761385918 0.195181012153625 0.194907248020172 0.194633483886719 0.194359719753265 0.194085955619812 0.193387314677238 0.192547053098679
0.201320484280586 0.201484173536301 0.201647862792015 0.20181155204773 0.201824426651001 0.201384827494621 0.200945228338242 0.200505629181862 0.200066030025482 0.199626430869102 0.199186831712723 0.198747232556343 0.198031023144722 0.197222590446472 0.196414157748222 0.195605725049973 0.194797292351723 0.193988859653473 0.193180426955223 0.192625910043716 0.192833125591278 0.193040356040001 0.193247586488724 0.193454816937447 0.193662047386169 0.193869277834892 0.194076508283615 0.194361165165901 0.194671630859375 0.194982096552849 0.195292562246323 0.195603027939796 0.19591349363327 0.196223974227905 0.196314290165901 0.195744156837463 0.195174023509026 0.194603905081749 0.194033771753311 0.193463653326035 0.192893519997597 0.192323386669159 0.191502496600151 0.190598011016846
0.200739189982414 0.200847089290619 0.200954988598824 0.201062902808189 0.201057955622673 0.200714468955994 0.200370982289314 0.200027510523796 0.199684023857117 0.199340537190437 0.198997050523758 0.198653563857079 0.197982236742973 0.197201624512672 0.196421027183533 0.195640414953232 0.194859802722931 0.19407919049263 0.193298578262329 0.192758604884148 0.192940562963486 0.193122521042824 0.193304479122162 0.1934864372015 0.193668380379677 0.193850338459015 0.194032296538353 0.194302648305893 0.194602459669113 0.194902271032333 0.195202082395554 0.195501893758774 0.195801705121994 0.196101516485214 0.196092382073402 0.195156410336494 0.194220423698425 0.193284451961517 0.192348480224609 0.191412508487701 0.190476536750793 0.189540565013885 0.188577115535736 0.187604501843452
0.200157880783081 0.200210005044937 0.200262129306793 0.200314238667488 0.200291484594345 0.200044110417366 0.199796751141548 0.199549376964569 0.19930200278759 0.199054643511772 0.198807269334793 0.198559895157814 0.197933465242386 0.197180673480034 0.196427896618843 0.195675104856491 0.194922313094139 0.194169521331787 0.193416729569435 0.19289131462574 0.193048000335693 0.193204671144485 0.193361356854439 0.193518042564392 0.193674728274345 0.193831399083138 0.193988084793091 0.194244131445885 0.19453327357769 0.194822430610657 0.195111587643623 0.19540074467659 0.195689901709557 0.195979058742523 0.195870459079742 0.194568648934364 0.193266838788986 0.191965013742447 0.190663203597069 0.189361378550529 0.188059568405151 0.186757758259773 0.185651734471321 0.184610977768898
0.199576586484909 0.199572920799255 0.199569255113602 0.199565574526787 0.199525013566017 0.1993737667799 0.199222505092621 0.199071258306503 0.198919996619225 0.198768734931946 0.198617488145828 0.19846622645855 0.197884693741798 0.197159722447395 0.196434766054153 0.19570979475975 0.194984823465347 0.194259852170944 0.193534895777702 0.193024024367332 0.19315542280674 0.193286836147308 0.193418249487877 0.193549647927284 0.193681061267853 0.193812474608421 0.193943873047829 0.194185599684715 0.194464102387428 0.194742605090141 0.195021092891693 0.195299595594406 0.195578098297119 0.195856600999832 0.195648550987244 0.193980887532234 0.192313238978386 0.190645575523376 0.188977912068367 0.187310248613358 0.185642600059509 0.1839749366045 0.182726353406906 0.181617468595505
0.198995292186737 0.198935836553574 0.19887638092041 0.198816925287247 0.198758542537689 0.198703408241272 0.198648259043694 0.198593124747276 0.198537990450859 0.198482841253281 0.198427706956863 0.198372557759285 0.197835922241211 0.197138771414757 0.196441635489464 0.19574448466301 0.195047333836555 0.194350197911263 0.193653047084808 0.193156719207764 0.193262860178947 0.19336898624897 0.193475127220154 0.193581268191338 0.19368739426136 0.193793535232544 0.193899676203728 0.194127082824707 0.194394931197166 0.194662764668465 0.194930613040924 0.195198446512222 0.195466294884682 0.195734143257141 0.195426642894745 0.193393141031265 0.191359639167786 0.189326137304306 0.187292620539665 0.185259118676186 0.183225616812706 0.181192114949226 0.179800972342491 0.178623959422112
0.198413982987404 0.198298737406731 0.198183506727219 0.198068261146545 0.197992071509361 0.198033049702644 0.198074027895927 0.198114991188049 0.198155969381332 0.198196947574615 0.198237925767899 0.19827888906002 0.197787150740623 0.197117820382118 0.196448504924774 0.195779174566269 0.195109844207764 0.19444052875042 0.193771198391914 0.193289428949356 0.193370282649994 0.193451151251793 0.193532019853592 0.19361287355423 0.193693742156029 0.193774595856667 0.193855464458466 0.194068565964699 0.194325745105743 0.194582939147949 0.194840118288994 0.1950973123312 0.195354491472244 0.19561168551445 0.195204734802246 0.192805379629135 0.190406039357185 0.188006684184074 0.185607343912125 0.183207988739014 0.180808648467064 0.178409293293953 0.176875591278076 0.175630450248718
0.198082700371742 0.197910651564598 0.197738587856293 0.197566539049149 0.197456285357475 0.197531431913376 0.197606578469276 0.197681739926338 0.197756886482239 0.197832047939301 0.197907194495201 0.197982341051102 0.197521090507507 0.196881026029587 0.196240961551666 0.195600897073746 0.194960832595825 0.194320768117905 0.193680688738823 0.193228095769882 0.193337857723236 0.193447634577751 0.193557411432266 0.193667188286781 0.193776965141296 0.19388672709465 0.193996503949165 0.194230496883392 0.194505885243416 0.194781273603439 0.195056661963463 0.195332065224648 0.195607453584671 0.195882841944695 0.195481896400452 0.193051964044571 0.19062203168869 0.188192099332809 0.185762166976929 0.183332219719887 0.180902287364006 0.178472355008125 0.176928207278252 0.175679311156273
0.198001444339752 0.197771534323692 0.197541639208794 0.197311744093895 0.197151154279709 0.197198554873466 0.197245955467224 0.197293341159821 0.197340741753578 0.197388142347336 0.197435528039932 0.19748292863369 0.197037741541862 0.196428373456001 0.19581900537014 0.195209637284279 0.194600269198418 0.193990901112556 0.193381518125534 0.192972719669342 0.193165585398674 0.193358451128006 0.193551331758499 0.193744197487831 0.193937063217163 0.194129943847656 0.194322809576988 0.194612875580788 0.194935321807861 0.195257782936096 0.195580244064331 0.195902705192566 0.196225166320801 0.196547612547874 0.196258142590523 0.194132879376411 0.1920076161623 0.189882352948189 0.187757089734077 0.185631826519966 0.183506563305855 0.181381300091743 0.179958805441856 0.178770557045937
0.197920173406601 0.197632431983948 0.197344690561295 0.19705693423748 0.196846038103104 0.196865677833557 0.196885317564011 0.196904957294464 0.196924597024918 0.19694422185421 0.196963861584663 0.196983501315117 0.196554407477379 0.195975735783577 0.195397049188614 0.194818377494812 0.19423970580101 0.193661034107208 0.193082347512245 0.192717343568802 0.192993298172951 0.193269267678261 0.193545237183571 0.193821206688881 0.194097176194191 0.194373145699501 0.194649115204811 0.194995239377022 0.195364773273468 0.195734292268753 0.196103826165199 0.196473345160484 0.196842879056931 0.197212398052216 0.197034388780594 0.195213794708252 0.19339320063591 0.191572621464729 0.189752027392387 0.187931433320045 0.186110839247704 0.184290245175362 0.1829893887043 0.181861788034439
0.197838917374611 0.197493329644203 0.197147741913795 0.196802139282227 0.196540921926498 0.196532800793648 0.196524679660797 0.196516558527946 0.196508437395096 0.196500316262245 0.196492195129395 0.196484088897705 0.196071073412895 0.195523083209991 0.194975107908249 0.194427117705345 0.193879142403603 0.19333116710186 0.192783176898956 0.192461967468262 0.192821025848389 0.193180084228516 0.193539157509804 0.193898215889931 0.194257289171219 0.194616347551346 0.194975405931473 0.195377618074417 0.195794209837914 0.19621080160141 0.196627393364906 0.197043985128403 0.197460576891899 0.197877168655396 0.197810634970665 0.196294710040092 0.194778800010681 0.193262875080109 0.191746950149536 0.190231025218964 0.188715100288391 0.18719919025898 0.186019986867905 0.184953033924103
0.197757661342621 0.197354227304459 0.196950778365135 0.196547344326973 0.196235805749893 0.196199923753738 0.196164041757584 0.19612817466259 0.196092292666435 0.19605641067028 0.196020543575287 0.195984661579132 0.19558772444725 0.195070445537567 0.194553151726723 0.19403587281704 0.193518579006195 0.193001300096512 0.192484006285667 0.19220657646656 0.192648738622665 0.19309090077877 0.193533062934875 0.193975225090981 0.194417387247086 0.194859549403191 0.195301711559296 0.195759996771812 0.19622366130352 0.196687310934067 0.197150975465775 0.197614639997482 0.198078289628029 0.198541954159737 0.198586881160736 0.197375640273094 0.196164384484291 0.194953128695488 0.193741887807846 0.192530632019043 0.19131937623024 0.190108120441437 0.189050585031509 0.188044279813766
0.19767639040947 0.197215110063553 0.196753829717636 0.196292549371719 0.195930689573288 0.195867046713829 0.195803418755531 0.195739775896072 0.195676147937775 0.195612505078316 0.195548877120018 0.195485234260559 0.195104390382767 0.194617792963982 0.194131195545197 0.193644613027573 0.193158015608788 0.192671433091164 0.192184835672379 0.19195120036602 0.192476466298103 0.193001717329025 0.193526983261108 0.19405223429203 0.194577500224113 0.195102751255035 0.195628017187119 0.196142375469208 0.196653097867966 0.197163820266724 0.197674557566643 0.198185279965401 0.198696002364159 0.199206739664078 0.199363127350807 0.198456555604935 0.197549968957901 0.196643397212029 0.195736810564995 0.194830223917961 0.193923652172089 0.193017065525055 0.192081183195114 0.19113552570343
0.197710737586021 0.19713169336319 0.196552634239197 0.195973590016365 0.195513784885406 0.195411771535873 0.19530975818634 0.195207729935646 0.195105716586113 0.19500370323658 0.194901689887047 0.194799661636353 0.194476410746574 0.194079399108887 0.193682387471199 0.193285375833511 0.192888364195824 0.192491367459297 0.19209435582161 0.191932886838913 0.192478075623512 0.19302324950695 0.193568423390388 0.194113597273827 0.194658771157265 0.195203959941864 0.195749133825302 0.196274250745773 0.19679269194603 0.197311133146286 0.197829559445381 0.198348000645638 0.198866441845894 0.19938488304615 0.19958034157753 0.198806837201118 0.198033347725868 0.197259843349457 0.196486353874207 0.195712864398956 0.194939360022545 0.194165870547295 0.193203628063202 0.19217848777771
0.197860702872276 0.197103947401047 0.196347191929817 0.195590436458588 0.194985121488571 0.194834098219872 0.194683074951172 0.194532051682472 0.194381013512611 0.194229990243912 0.194078966975212 0.193927943706512 0.193703785538673 0.193455249071121 0.193206712603569 0.192958176136017 0.192709639668465 0.192461103200912 0.19221256673336 0.192151635885239 0.192653551697731 0.193155467510223 0.193657398223877 0.194159314036369 0.194661229848862 0.195163145661354 0.195665061473846 0.19615563750267 0.196642428636551 0.197129219770432 0.197616010904312 0.198102816939354 0.198589608073235 0.199076399207115 0.199238494038582 0.198426499962807 0.197614505887032 0.196802496910095 0.19599050283432 0.195178508758545 0.19436651468277 0.193554520606995 0.192417934536934 0.191173166036606
