data/working_set_collections/6091692-Cassins_Sparrow-M2/2005/albedo_avg.asc
NCOLS 265 
NROWS 230 
XLLCORNER -115.5625 
YLLCORNER 24.8333333333333 
CELLSIZE 0.0833333333333333 
NODATA_value -9999 
[rows 160 to 179 of 230, columns 44 to 87 of 265]
0.198617443442345 0.196205571293831 0.193793699145317 0.191381841897964 0.188969969749451 0.186558097600937 0.184146240353584 0.18173436820507 0.178358152508736 0.174660488963127 0.170962825417519 0.167265146970749 0.16356748342514 0.159869819879532 0.156172141432762 0.153282478451729 0.152816817164421 0.152351155877113 0.151885479688644 0.151419818401337 0.150954157114029 0.150488495826721 0.150022819638252 0.150018736720085 0.150168523192406 0.150318294763565 0.150468066334724 0.150617852807045 0.150767624378204 0.150917395949364 0.151403248310089 0.152897283434868 0.154391318559647 0.155885353684425 0.157379388809204 0.158873423933983 0.160367459058762 0.16186149418354 0.165260151028633 0.16929367184639 0.173327207565308 0.177360728383064 0.181394249200821 0.185427784919739
0.19930037856102 0.19717413187027 0.19504788517952 0.19292163848877 0.190795391798019 0.188669145107269 0.186542898416519 0.184416636824608 0.180659919977188 0.176359713077545 0.172059506177902 0.167759299278259 0.163459092378616 0.159158885478973 0.15485867857933 0.151445209980011 0.150691941380501 0.149938672780991 0.14918540418148 0.148432150483131 0.147678881883621 0.146925613284111 0.146172359585762 0.146294429898262 0.14670829474926 0.147122159600258 0.147536009550095 0.147949874401093 0.14836373925209 0.148777604103088 0.149291217327118 0.150104105472565 0.150916993618011 0.151729881763458 0.152542769908905 0.153355658054352 0.154168546199799 0.154981434345245 0.158390507102013 0.162664964795113 0.166939422488213 0.171213880181313 0.175488337874413 0.179762795567513
0.199418216943741 0.197507277131081 0.19559633731842 0.19368539750576 0.1917744576931 0.18986351788044 0.18795257806778 0.186041638255119 0.182179763913155 0.17766760289669 0.173155426979065 0.16864325106144 0.164131075143814 0.159618899226189 0.155106738209724 0.151476502418518 0.150492131710052 0.149507746100426 0.148523360490799 0.147538989782333 0.146554604172707 0.14557021856308 0.144585832953453 0.144672840833664 0.145116969943047 0.145561099052429 0.146005228161812 0.146449357271194 0.146893486380577 0.14733761548996 0.147735223174095 0.147993296384811 0.148251354694366 0.148509413003922 0.148767486214638 0.149025544524193 0.149283602833748 0.149541661143303 0.152808383107185 0.157077968120575 0.161347568035126 0.165617153048515 0.169886738061905 0.174156337976456
0.198970958590508 0.197205007076263 0.195439070463181 0.193673118948936 0.191907167434692 0.19014123082161 0.188375279307365 0.186609342694283 0.182917684316635 0.17858412861824 0.174250558018684 0.16991700232029 0.165583446621895 0.161249876022339 0.156916320323944 0.153376400470734 0.152217373251915 0.151058360934258 0.1498993486166 0.148740321397781 0.147581309080124 0.146422296762466 0.145263284444809 0.14515395462513 0.145394548773766 0.14563512802124 0.145875707268715 0.14611628651619 0.146356865763664 0.146597445011139 0.146735280752182 0.146564841270447 0.14639438688755 0.146223947405815 0.14605350792408 0.145883068442345 0.145712628960609 0.145542189478874 0.14851376414299 0.152532696723938 0.156551614403725 0.160570546984673 0.16458947956562 0.168608397245407
0.198523685336113 0.196902737021446 0.195281788706779 0.193660840392113 0.192039892077446 0.190418943762779 0.188797995448112 0.187177047133446 0.183655604720116 0.17950065433979 0.175345703959465 0.17119075357914 0.167035803198814 0.162880852818489 0.158725902438164 0.155276283621788 0.153942629694939 0.152608975768089 0.15127532184124 0.149941667914391 0.148608028888702 0.147274374961853 0.145940721035004 0.145635083317757 0.145672112703323 0.14570914208889 0.145746186375618 0.145783215761185 0.145820245146751 0.145857289433479 0.145735323429108 0.145136371254921 0.144537433981895 0.143938481807709 0.143339544534683 0.142740592360497 0.14214164018631 0.141542702913284 0.144219160079956 0.147987425327301 0.151755675673485 0.15552394092083 0.159292206168175 0.163060456514359
0.198076412081718 0.196600466966629 0.195124506950378 0.193648561835289 0.192172601819038 0.190696656703949 0.18922071158886 0.187744751572609 0.184393510222435 0.18041718006134 0.176440834999084 0.17246450483799 0.168488174676895 0.164511829614639 0.160535499453545 0.157176166772842 0.155667886137962 0.154159590601921 0.152651309967041 0.151143014431 0.14963473379612 0.148126438260078 0.146618157625198 0.146116197109222 0.145949691534042 0.145783171057701 0.145616665482521 0.14545014500618 0.145283639431 0.145117118954659 0.144735366106033 0.143707916140556 0.142680466175079 0.141653016209602 0.140625566244125 0.139598116278648 0.138570666313171 0.137543216347694 0.139924541115761 0.143442139029503 0.146959736943245 0.150477334856987 0.153994932770729 0.157512530684471
0.197629138827324 0.196298182010651 0.194967225193977 0.193636283278465 0.192305326461792 0.190974369645119 0.189643412828445 0.188312456011772 0.185131430625916 0.18133370578289 0.177535980939865 0.17373825609684 0.169940531253815 0.16614280641079 0.162345081567764 0.159076049923897 0.157393127679825 0.155710205435753 0.154027283191681 0.152344360947609 0.150661438703537 0.148978516459465 0.147295594215393 0.146597325801849 0.1462272554636 0.145857200026512 0.145487144589424 0.145117074251175 0.144747018814087 0.144376963376999 0.14373542368412 0.142279461026192 0.140823513269424 0.139367550611496 0.137911602854729 0.1364556401968 0.134999677538872 0.133543729782104 0.135629937052727 0.138896867632866 0.142163798213005 0.145430728793144 0.148697659373283 0.151964589953423
0.197181865572929 0.195995911955833 0.194809958338737 0.193624004721642 0.192438036203384 0.191252082586288 0.190066128969193 0.188880175352097 0.185869351029396 0.18225023150444 0.178631126880646 0.17501200735569 0.171392887830734 0.16777378320694 0.164154663681984 0.160975947976112 0.159118384122849 0.157260835170746 0.155403271317482 0.153545707464218 0.151688158512115 0.149830594658852 0.147973030805588 0.147078439593315 0.146504834294319 0.145931228995323 0.145357623696327 0.14478400349617 0.144210398197174 0.143636792898178 0.142735466361046 0.140851005911827 0.138966545462608 0.13708208501339 0.135197624564171 0.133313164114952 0.131428703665733 0.129544243216515 0.131335332989693 0.134351596236229 0.137367859482765 0.140384122729301 0.143400385975838 0.146416649222374
0.199373543262482 0.198098003864288 0.196822464466095 0.19554691016674 0.194271370768547 0.192995831370354 0.19172029197216 0.190444752573967 0.187445551156998 0.183871805667877 0.180298060178757 0.176724314689636 0.173150554299355 0.169576808810234 0.166003063321114 0.162813097238541 0.160774514079094 0.158735916018486 0.156697317957878 0.154658734798431 0.152620136737823 0.150581538677216 0.148542940616608 0.147448137402534 0.146667927503586 0.145887717604637 0.145107492804527 0.144327282905579 0.14354707300663 0.142766863107681 0.141670629382133 0.139626353979111 0.137582063674927 0.135537788271904 0.13349349796772 0.131449222564697 0.129404947161674 0.127360656857491 0.128881052136421 0.131589666008949 0.134298279881477 0.137006908655167 0.139715522527695 0.142424136400223
0.204204171895981 0.202604457736015 0.20100474357605 0.199405044317245 0.19780533015728 0.196205615997314 0.194605901837349 0.193006187677383 0.189860045909882 0.18619841337204 0.182536780834198 0.178875163197517 0.175213530659676 0.171551898121834 0.167890265583992 0.164587542414665 0.1623615026474 0.160135477781296 0.15790943801403 0.155683413147926 0.153457373380661 0.151231348514557 0.149005323648453 0.147706404328346 0.1467165350914 0.145726650953293 0.144736781716347 0.143746912479401 0.142757043242455 0.141767159104347 0.140540897846222 0.138605490326881 0.13667006790638 0.134734645485878 0.132799237966537 0.130863815546036 0.128928393125534 0.126992985606194 0.128267109394073 0.130611106753349 0.132955089211464 0.135299071669579 0.137643054127693 0.139987036585808
0.20903480052948 0.207110911607742 0.205187037587166 0.203263163566589 0.201339274644852 0.199415400624275 0.197491526603699 0.195567637681961 0.192274540662766 0.188525021076202 0.1847755163908 0.181026011705399 0.177276492118835 0.173526987433434 0.16977746784687 0.166361972689629 0.163948506116867 0.161535039544106 0.159121558070183 0.156708091497421 0.15429462492466 0.151881158351898 0.149467691779137 0.147964671254158 0.146765142679214 0.14556559920311 0.144366070628166 0.143166527152061 0.141966998577118 0.140767470002174 0.139411181211472 0.137584626674652 0.135758072137833 0.133931517601013 0.132104963064194 0.130278408527374 0.128451853990555 0.126625299453735 0.127653181552887 0.129632532596588 0.131611883640289 0.13359123468399 0.135570585727692 0.137549936771393
0.213865414261818 0.211617365479469 0.209369316697121 0.207121282815933 0.204873234033585 0.202625185251236 0.200377136468887 0.198129087686539 0.194689035415649 0.190851643681526 0.187014251947403 0.18317686021328 0.179339453577995 0.175502061843872 0.171664670109749 0.168136402964592 0.165535494685173 0.162934586405754 0.160333693027496 0.157732784748077 0.155131876468658 0.15253096818924 0.149930059909821 0.14822293817997 0.146813750267029 0.145404547452927 0.143995359539986 0.142586156725883 0.141176968812943 0.13976776599884 0.13828144967556 0.136563763022423 0.134846061468124 0.133128374814987 0.13141068816185 0.129693001508713 0.127975314855576 0.126257613301277 0.127039238810539 0.128653958439827 0.130268678069115 0.131883397698402 0.13349811732769 0.135112851858139
0.218696042895317 0.216123819351196 0.213551610708237 0.210979402065277 0.208407178521156 0.205834969878197 0.203262746334076 0.200690537691116 0.197103530168533 0.193178251385689 0.189252972602844 0.185327708721161 0.181402429938316 0.177477151155472 0.173551872372627 0.169910833239555 0.16712249815464 0.164334148168564 0.161545813083649 0.158757463097572 0.155969128012657 0.153180778026581 0.150392442941666 0.148481205105782 0.146862357854843 0.145243495702744 0.143624633550644 0.142005786299706 0.140386924147606 0.138768061995506 0.137151718139648 0.135542899370193 0.133934065699577 0.132325246930122 0.130716413259506 0.129107594490051 0.127498760819435 0.12588994204998 0.126425296068192 0.127675384283066 0.128925487399101 0.130175575613976 0.13142566382885 0.132675752043724
0.223526671528816 0.220630288124084 0.217733904719353 0.214837521314621 0.211941137909889 0.209044754505157 0.206148371100426 0.203251987695694 0.199518024921417 0.195504859089851 0.191491708159447 0.187478557229042 0.183465391397476 0.179452240467072 0.175439074635506 0.171685263514519 0.168709486722946 0.165733709931374 0.162757933139801 0.159782156348228 0.156806364655495 0.153830587863922 0.15085481107235 0.148739472031593 0.146910965442657 0.14508244395256 0.143253922462463 0.141425400972366 0.13959689438343 0.137768372893333 0.136021986603737 0.134522035717964 0.13302206993103 0.131522104144096 0.130022138357162 0.12852218747139 0.127022221684456 0.125522255897522 0.125811368227005 0.126696825027466 0.127582281827927 0.128467738628387 0.129353195428848 0.130238652229309
0.225577667355537 0.222885876893997 0.220194086432457 0.217502310872078 0.214810520410538 0.212118729948997 0.209426939487457 0.206735163927078 0.202911272644997 0.198710024356842 0.194508776068687 0.190307527780533 0.186106279492378 0.181905031204224 0.177703782916069 0.17375473678112 0.170562267303467 0.167369782924652 0.164177313446999 0.160984843969345 0.15779235959053 0.154599890112877 0.151407420635223 0.149080097675323 0.147041171789169 0.145002245903015 0.142963320016861 0.140924394130707 0.138885483145714 0.13684655725956 0.134976774454117 0.133614420890808 0.132252082228661 0.130889743566513 0.129527404904366 0.128165051341057 0.126802712678909 0.125440374016762 0.125631541013718 0.126340553164482 0.127049565315247 0.127758577466011 0.128467589616776 0.129176586866379
0.224849045276642 0.222890615463257 0.220932185649872 0.218973770737648 0.217015340924263 0.215056911110878 0.213098496198654 0.211140066385269 0.207283303141594 0.202793747186661 0.198304206132889 0.193814650177956 0.189325109124184 0.18483555316925 0.180346012115479 0.176119238138199 0.17268081009388 0.169242382049561 0.165803954005241 0.162365525960922 0.158927097916603 0.155488669872284 0.152050241827965 0.149503082036972 0.147253006696701 0.14500293135643 0.142752841114998 0.140502765774727 0.138252690434456 0.136002600193024 0.134016051888466 0.132820084691048 0.131624117493629 0.130428150296211 0.129232183098793 0.128036201000214 0.126840233802795 0.125644266605377 0.125885829329491 0.126606583595276 0.1273273229599 0.128048077225685 0.128768816590309 0.129489570856094
0.224120408296585 0.222895354032516 0.221670284867287 0.220445230603218 0.219220161437988 0.21799510717392 0.21677003800869 0.215544983744621 0.21165531873703 0.20687747001648 0.202099621295929 0.197321772575378 0.192543923854828 0.187766075134277 0.182988226413727 0.178483739495277 0.174799367785454 0.171114981174469 0.167430609464645 0.163746222853661 0.160061836242676 0.156377464532852 0.152693077921867 0.149926066398621 0.147464826703072 0.145003601908684 0.142542362213135 0.140081137418747 0.137619897723198 0.135158658027649 0.133055344223976 0.132025748491287 0.130996152758598 0.129966557025909 0.128936961293221 0.12790735065937 0.126877754926682 0.125848159193993 0.126140132546425 0.12687261402607 0.127605095505714 0.128337576985359 0.129070058465004 0.129802539944649
0.22339178621769 0.222900092601776 0.222408384084702 0.221916690468788 0.221424981951714 0.2209332883358 0.220441579818726 0.219949886202812 0.216027349233627 0.210961192846298 0.20589505136013 0.200828894972801 0.195762738585472 0.190696597099304 0.185630440711975 0.180848240852356 0.176917910575867 0.172987580299377 0.169057250022888 0.165126919746399 0.16119658946991 0.157266244292259 0.15333591401577 0.150349050760269 0.147676661610603 0.145004272460938 0.142331883311272 0.139659494161606 0.13698710501194 0.134314715862274 0.132094621658325 0.131231397390366 0.130368173122406 0.129504948854446 0.128641739487648 0.127778515219688 0.126915290951729 0.126052066683769 0.126394420862198 0.127138644456863 0.127882868051529 0.128627076745033 0.129371300339699 0.130115523934364
0.222663164138794 0.222904831171036 0.223146483302116 0.223388150334358 0.223629802465439 0.223871469497681 0.224113136529922 0.224354788661003 0.220399364829063 0.215044915676117 0.20969046652317 0.204336017370224 0.198981568217278 0.19362710416317 0.188272655010223 0.183212742209435 0.179036468267441 0.174860179424286 0.170683890581131 0.166507601737976 0.162331327795982 0.158155038952827 0.153978750109673 0.150772020220757 0.147888481616974 0.145004943013191 0.142121404409409 0.139237865805626 0.136354312300682 0.133470773696899 0.131133913993835 0.130437061190605 0.129740208387375 0.129043355584145 0.128346502780914 0.127649664878845 0.126952812075615 0.126255959272385 0.126648724079132 0.127404674887657 0.128160625696182 0.128916591405869 0.129672542214394 0.130428493022919
0.221934542059898 0.222909554839134 0.223884582519531 0.224859610199928 0.225834637880325 0.226809650659561 0.227784678339958 0.228759706020355 0.224771395325661 0.219128638505936 0.213485881686211 0.207843139767647 0.202200382947922 0.196557626128197 0.190914869308472 0.185577243566513 0.181155011057854 0.176732778549194 0.172310531139374 0.167888298630714 0.163466066122055 0.159043818712234 0.154621586203575 0.151195004582405 0.148100316524506 0.145005613565445 0.141910925507545 0.138816222548485 0.135721534490585 0.132626831531525 0.130173191428185 0.129642710089684 0.129112243652344 0.128581762313843 0.128051280975342 0.127520814538002 0.126990333199501 0.126459866762161 0.126903012394905 0.127670705318451 0.128438398241997 0.129206091165543 0.129973784089088 0.130741477012634
