data/working_set_collections/6091692-Cassins_Sparrow-M2/2005/albedo_avg.asc
NCOLS 265 
NROWS 230 
XLLCORNER -115.5625 
YLLCORNER 24.8333333333333 
CELLSIZE 0.0833333333333333 
NODATA_value -9999 
[rows 160 to 179 of 230, columns 88 to 131 of 265]
0.189461305737495 0.192923441529274 0.194671392440796 0.196419343352318 0.19816729426384 0.199915245175362 0.201663196086884 0.203411146998405 0.205159097909927 0.210122287273407 0.216157212853432 0.222192138433456 0.228227064013481 0.234261989593506 0.240296915173531 0.246331840753555 0.250007659196854 0.246606081724167 0.243204519152641 0.239802956581116 0.23640139400959 0.232999816536903 0.229598253965378 0.226196691393852 0.225023597478867 0.224593326449394 0.224163055419922 0.22373278439045 0.223302513360977 0.222872242331505 0.222441971302032 0.221558213233948 0.219313994050026 0.217069774866104 0.214825555682182 0.21258133649826 0.210337117314339 0.208092898130417 0.205848678946495 0.203989893198013 0.202259600162506 0.200529307126999 0.198799028992653 0.197068735957146
0.184037253260612 0.187817990779877 0.190117567777634 0.192417144775391 0.194716721773148 0.197016298770905 0.199315875768661 0.201615452766418 0.203915029764175 0.20799246430397 0.212662532925606 0.21733258664608 0.222002655267715 0.22667270898819 0.231342777609825 0.236012831330299 0.238867953419685 0.236278221011162 0.233688488602638 0.231098771095276 0.228509038686752 0.225919306278229 0.223329573869705 0.220739841461182 0.22032718360424 0.220640197396278 0.220953226089478 0.221266239881516 0.221579253673553 0.221892282366753 0.222205296158791 0.221816912293434 0.219324335455894 0.216831758618355 0.214339166879654 0.211846590042114 0.209354013204575 0.206861421465874 0.204368844628334 0.202341288328171 0.200468733906746 0.198596179485321 0.196723625063896 0.194851070642471
0.178425922989845 0.182327970862389 0.18512736260891 0.187926769256592 0.190726161003113 0.193525567650795 0.196324959397316 0.199124351143837 0.201923757791519 0.205426022410393 0.209162592887878 0.212899163365364 0.21663573384285 0.220372304320335 0.224108874797821 0.227845430374146 0.230156302452087 0.228190079331398 0.226223856210709 0.224257618188858 0.222291395068169 0.220325171947479 0.218358933925629 0.216392710804939 0.216597929596901 0.217526972293854 0.218456029891968 0.219385072588921 0.220314115285873 0.221243157982826 0.222172200679779 0.222199961543083 0.219523906707764 0.216847851872444 0.214171797037125 0.211495742201805 0.208819687366486 0.206143632531166 0.203467562794685 0.201327413320541 0.199365898966789 0.197404384613037 0.195442870259285 0.193481355905533
0.172627329826355 0.17645338177681 0.179700791835785 0.182948216795921 0.186195626854897 0.189443036913872 0.192690461874008 0.195937871932983 0.19918529689312 0.202422976493835 0.205657422542572 0.208891868591309 0.212126314640045 0.215360760688782 0.218595191836357 0.221829637885094 0.22387270629406 0.222341641783714 0.220810577273369 0.219279527664185 0.217748463153839 0.216217398643494 0.214686334133148 0.213155269622803 0.213835865259171 0.215253666043282 0.216671466827393 0.218089267611504 0.219507068395615 0.220924869179726 0.222342669963837 0.222707346081734 0.219912707805634 0.217118069529533 0.214323431253433 0.211528778076172 0.208734139800072 0.205939501523972 0.20314484834671 0.200948312878609 0.198951125144958 0.196953952312469 0.19495677947998 0.19295959174633
0.166828721761703 0.17057877779007 0.17427422106266 0.17796964943409 0.18166509270668 0.18536052107811 0.1890559643507 0.19275139272213 0.19644683599472 0.199419930577278 0.202152252197266 0.204884573817253 0.207616895437241 0.210349202156067 0.213081523776054 0.215813845396042 0.217589110136032 0.216493219137192 0.21539731323719 0.21430142223835 0.21320553123951 0.212109625339508 0.211013734340668 0.209917843341827 0.211073786020279 0.212980344891548 0.214886903762817 0.216793462634087 0.218700021505356 0.220606580376625 0.222513124346733 0.223214745521545 0.220301508903503 0.217388287186623 0.214475050568581 0.2115618288517 0.208648592233658 0.205735370516777 0.202822133898735 0.200569197535515 0.198536351323128 0.196503520011902 0.194470673799515 0.192437827587128
0.161030128598213 0.164704188704491 0.168847635388374 0.172991096973419 0.177134558558464 0.181278005242348 0.185421466827393 0.189564928412437 0.193708375096321 0.196416884660721 0.198647081851959 0.200877279043198 0.203107461333275 0.205337658524513 0.207567855715752 0.20979805290699 0.211305513978004 0.210644781589508 0.209984049201012 0.209323316812515 0.20866259932518 0.208001866936684 0.207341134548187 0.206680402159691 0.208311706781387 0.210707023739815 0.213102340698242 0.21549765765667 0.217892974615097 0.220288276672363 0.222683593630791 0.223722130060196 0.220690310001373 0.217658504843712 0.214626684784889 0.211594864726067 0.208563044667244 0.205531239509583 0.20249941945076 0.200190082192421 0.198121577501297 0.196053072810173 0.193984568119049 0.191916063427925
0.155231520533562 0.158829584717751 0.16342106461525 0.168012544512749 0.172604009509087 0.177195489406586 0.181786969304085 0.186378449201584 0.190969914197922 0.193413838744164 0.195141911506653 0.196869984269142 0.19859804213047 0.20032611489296 0.202054187655449 0.203782245516777 0.205021917819977 0.204796344041824 0.204570785164833 0.204345226287842 0.204119667410851 0.203894093632698 0.203668534755707 0.203442975878716 0.205549642443657 0.208433702588081 0.211317777633667 0.214201852679253 0.217085927724838 0.219969987869263 0.222854062914848 0.224229514598846 0.221079111099243 0.21792870759964 0.214778319001198 0.211627915501595 0.208477512001991 0.205327108502388 0.202176705002785 0.199810981750488 0.197706803679466 0.195602640509605 0.193498477339745 0.191394299268723
0.14943291246891 0.152954995632172 0.157994493842125 0.163033977150917 0.16807347536087 0.173112973570824 0.178152471780777 0.18319196999073 0.188231453299522 0.190410792827606 0.191636741161346 0.192862674593925 0.194088622927666 0.195314571261406 0.196540519595146 0.197766453027725 0.198738321661949 0.198947921395302 0.199157521128654 0.199367120862007 0.199576735496521 0.199786335229874 0.199995934963226 0.200205534696579 0.202787563204765 0.206160396337509 0.209533214569092 0.212906047701836 0.216278880834579 0.219651699066162 0.223024532198906 0.224736914038658 0.221467912197113 0.218198925256729 0.214929938316345 0.211660951375961 0.208391964435577 0.205122977495193 0.20185399055481 0.199431866407394 0.197292029857635 0.195152208209038 0.193012371659279 0.19087253510952
0.145132750272751 0.14847332239151 0.153709754347801 0.158946201205254 0.164182633161545 0.169419065117836 0.174655497074127 0.179891929030418 0.185128375887871 0.187255933880806 0.188347205519676 0.189438477158546 0.190529748797417 0.191621020436287 0.192712292075157 0.193803578615189 0.194750532507896 0.195264562964439 0.195778593420982 0.196292608976364 0.196806639432907 0.19732066988945 0.197834700345993 0.198348715901375 0.201190143823624 0.204807355999947 0.20842456817627 0.212041780352592 0.215658992528915 0.2192762196064 0.222893431782722 0.22478561103344 0.221502691507339 0.218219771981239 0.214936852455139 0.211653932929039 0.208371013402939 0.205088093876839 0.201805174350739 0.199378103017807 0.197236314415932 0.195094525814056 0.192952737212181 0.190810948610306
0.142331019043922 0.145384579896927 0.150566875934601 0.155749171972275 0.160931468009949 0.166113764047623 0.171296060085297 0.176478356122971 0.181660652160645 0.183949261903763 0.185273319482803 0.186597377061844 0.187921434640884 0.189245492219925 0.190569549798965 0.191893592476845 0.19305856525898 0.193746268749237 0.194433987140656 0.195121690630913 0.19580939412117 0.196497112512589 0.197184816002846 0.197872519493103 0.200757369399071 0.204374596476555 0.2079918384552 0.211609065532684 0.215226292610168 0.218843519687653 0.222460761666298 0.224375635385513 0.221183434128761 0.21799124777317 0.214799046516418 0.211606860160828 0.208414658904076 0.205222472548485 0.202030286192894 0.199649706482887 0.197539657354355 0.195429623126984 0.193319588899612 0.191209554672241
0.139529302716255 0.142295852303505 0.1474239975214 0.152552157640457 0.157680317759514 0.162808462977409 0.167936623096466 0.173064783215523 0.178192928433418 0.180642604827881 0.18219943344593 0.183756276965141 0.185313105583191 0.186869949102402 0.188426792621613 0.189983621239662 0.191366598010063 0.192227989435196 0.193089380860329 0.193950772285461 0.194812148809433 0.195673540234566 0.196534931659698 0.197396323084831 0.200324609875679 0.203941851854324 0.20755909383297 0.211176335811615 0.214793592691422 0.218410834670067 0.222028076648712 0.223965644836426 0.220864176750183 0.21776270866394 0.214661255478859 0.211559787392616 0.208458319306374 0.205356851220131 0.202255383133888 0.199921295046806 0.197843015193939 0.195764720439911 0.193686425685883 0.191608145833015
0.136727571487427 0.139207109808922 0.144281134009361 0.14935514330864 0.154429152607918 0.159503176808357 0.164577186107635 0.169651195406914 0.174725219607353 0.177335932850838 0.179125547409058 0.180915176868439 0.182704791426659 0.184494405984879 0.18628403544426 0.18807365000248 0.189674630761147 0.190709710121155 0.191744774580002 0.192779839038849 0.193814918398857 0.194849982857704 0.195885047316551 0.196920126676559 0.199891835451126 0.203509092330933 0.2071263641119 0.210743620991707 0.214360877871513 0.217978149652481 0.221595406532288 0.223555669188499 0.220544919371605 0.217534184455872 0.214523449540138 0.211512699723244 0.20850196480751 0.205491214990616 0.202480480074883 0.200192898511887 0.198146358132362 0.196099817752838 0.194053277373314 0.19200673699379
0.133925840258598 0.1361183822155 0.141138255596161 0.146158128976822 0.151178002357483 0.156197875738144 0.161217749118805 0.166237622499466 0.171257495880127 0.174029260873795 0.176051661372185 0.178074076771736 0.180096477270126 0.182118877768517 0.184141278266907 0.186163678765297 0.18798266351223 0.189191415905952 0.190400168299675 0.191608920693398 0.19281767308712 0.194026425480843 0.195235177874565 0.196443930268288 0.199459075927734 0.203076347708702 0.20669361948967 0.210310906171799 0.213928177952766 0.217545449733734 0.221162736415863 0.223145693540573 0.220225676894188 0.217305660247803 0.214385643601418 0.211465626955032 0.208545610308647 0.205625593662262 0.202705577015877 0.200464487075806 0.198449701070786 0.196434915065765 0.194420129060745 0.192405343055725
0.13112410902977 0.133029639720917 0.137995377182961 0.142961099743843 0.147926837205887 0.152892574667931 0.157858312129974 0.162824049592018 0.167789772152901 0.170722603797913 0.172977775335312 0.175232961773872 0.177488148212433 0.179743334650993 0.181998521089554 0.184253707528114 0.186290696263313 0.187673136591911 0.189055562019348 0.190438002347946 0.191820427775383 0.19320285320282 0.194585293531418 0.195967718958855 0.199026301503181 0.20264358818531 0.2062608897686 0.209878176450729 0.213495478034019 0.217112764716148 0.220730051398277 0.222735702991486 0.21990641951561 0.217077121138573 0.214247837662697 0.211418554186821 0.208589255809784 0.205759972333908 0.202930673956871 0.200736075639725 0.198753044009209 0.196770012378693 0.194786965847015 0.192803934216499
0.129885599017143 0.131635218858719 0.136506631970406 0.141378045082092 0.146249458193779 0.151120871305466 0.155992284417152 0.160863697528839 0.165735110640526 0.168721452355385 0.171079456806183 0.173437461256981 0.175795450806618 0.178153455257416 0.180511444807053 0.182869449257851 0.184988141059875 0.18638888001442 0.187789633870125 0.18919038772583 0.190591141581535 0.191991895437241 0.193392649292946 0.194793403148651 0.1978669911623 0.201498210430145 0.20512942969799 0.208760648965836 0.21239185333252 0.216023072600365 0.21965429186821 0.221715316176414 0.219065815210342 0.216416299343109 0.213766798377037 0.211117282509804 0.208467781543732 0.205818265676498 0.203168764710426 0.201036974787712 0.199077755212784 0.197118550539017 0.195159330964088 0.19320011138916
0.130210310220718 0.131935104727745 0.136672019958496 0.141408920288086 0.146145835518837 0.150882750749588 0.155619665980339 0.160356566309929 0.16509348154068 0.168025836348534 0.170356690883636 0.172687530517578 0.17501837015152 0.177349224686623 0.179680064320564 0.182010903954506 0.184074968099594 0.1853386759758 0.186602398753166 0.187866106629372 0.189129814505577 0.190393522381783 0.191657230257988 0.192920953035355 0.195981159806252 0.199640199542046 0.20329923927784 0.206958293914795 0.210617333650589 0.214276373386383 0.217935428023338 0.22008453309536 0.217703863978386 0.215323194861412 0.212942525744438 0.210561841726303 0.208181172609329 0.205800503492355 0.203419834375381 0.201367169618607 0.199423849582672 0.197480529546738 0.195537209510803 0.193593874573708
0.130535021424294 0.132234990596771 0.136837407946587 0.141439810395241 0.146042227745056 0.15064463019371 0.155247047543526 0.15984944999218 0.164451852440834 0.167330235242844 0.16963392496109 0.171937614679337 0.174241304397583 0.176544994115829 0.178848683834076 0.181152373552322 0.183161810040474 0.18428847193718 0.185415148735046 0.186541825532913 0.187668487429619 0.188795164227486 0.189921826124191 0.191048502922058 0.194095313549042 0.197782188653946 0.20146906375885 0.205155938863754 0.208842813968658 0.212529689073563 0.216216549277306 0.218453750014305 0.216341912746429 0.214230075478554 0.212118238210678 0.210006400942802 0.207894563674927 0.205782741308212 0.203670904040337 0.201697364449501 0.19976994395256 0.197842508554459 0.195915073156357 0.193987652659416
0.13085974752903 0.132534876465797 0.137002795934677 0.141470700502396 0.145938605070114 0.150406509637833 0.154874414205551 0.159342333674431 0.163810238242149 0.166634619235992 0.168911159038544 0.171187683939934 0.173464223742485 0.175740763545036 0.178017303347588 0.180293843150139 0.182248651981354 0.18323826789856 0.184227898716927 0.185217529535294 0.186207160353661 0.187196791172028 0.188186421990395 0.189176052808762 0.192209482192993 0.195924177765846 0.199638888239861 0.203353583812714 0.207068279385567 0.210782989859581 0.214497685432434 0.21682296693325 0.214979961514473 0.213136970996857 0.211293965578079 0.209450960159302 0.207607969641685 0.205764964222908 0.203921958804131 0.202027559280396 0.200116023421288 0.19820448756218 0.196292951703072 0.194381415843964
0.131184458732605 0.132834777235985 0.137168183922768 0.14150159060955 0.145834997296333 0.150168389081955 0.154501795768738 0.158835202455521 0.163168609142303 0.165939003229141 0.168188378214836 0.170437768101692 0.172687143087387 0.174936532974243 0.177185922861099 0.179435297846794 0.181335479021072 0.18218806385994 0.183040663599968 0.183893248438835 0.184745833277702 0.18559841811657 0.186451002955437 0.187303602695465 0.190323635935783 0.194066166877747 0.19780869781971 0.201551228761673 0.205293759703636 0.209036290645599 0.212778821587563 0.215192183852196 0.213618010282516 0.212043851613998 0.21046969294548 0.208895519375801 0.207321360707283 0.205747202038765 0.204173028469086 0.20235775411129 0.200462117791176 0.1985664665699 0.196670830249786 0.194775179028511
0.13150916993618 0.133134663105011 0.137333571910858 0.141532465815544 0.145731374621391 0.149930283427238 0.154129177331924 0.158328086137772 0.162526994943619 0.16524338722229 0.16746561229229 0.169687852263451 0.17191007733345 0.17413230240345 0.17635452747345 0.178576767444611 0.180422320961952 0.18113785982132 0.181853413581848 0.182568967342377 0.183284506201744 0.184000059962273 0.18471559882164 0.185431152582169 0.188437804579735 0.192208155989647 0.19597852230072 0.199748873710632 0.203519240021706 0.207289591431618 0.211059957742691 0.21356138586998 0.21225605905056 0.21095073223114 0.20964540541172 0.2083400785923 0.207034751772881 0.205729424953461 0.204424098134041 0.202687948942184 0.200808197259903 0.198928445577621 0.19704869389534 0.195168942213058
