data/working_set_collections/6091692-Cassins_Sparrow-M2/2005/cldtot_avg.asc
NCOLS 265 
NROWS 230 
XLLCORNER -115.5625 
YLLCORNER 24.8333333333333 
CELLSIZE 0.0833333333333333 
NODATA_value -9999 
[rows 80 to 99 of 230, columns 0 to 43 of 265]
0.290575116872787 0.291233897209167 0.291892677545547 0.292551457881927 0.29321026802063 0.29386904835701 0.29452782869339 0.295046031475067 0.295517385005951 0.295988708734512 0.296460062265396 0.296931385993958 0.297402739524841 0.297874093055725 0.298531532287598 0.299747228622437 0.300962954759598 0.302178680896759 0.30339440703392 0.304610133171082 0.305825859308243 0.307041585445404 0.308686405420303 0.310474246740341 0.312262117862701 0.314049959182739 0.3158378303051 0.317625671625137 0.319413512945175 0.320784658193588 0.320905685424805 0.321026712656021 0.321147739887238 0.321268767118454 0.32138979434967 0.321510821580887 0.321631819009781 0.321016103029251 0.320154756307602 0.319293439388275 0.318432092666626 0.317570775747299 0.316709458827972 0.315848112106323
0.286856353282928 0.287653863430023 0.288451343774796 0.28924885392189 0.290046334266663 0.290843844413757 0.291641354560852 0.291955053806305 0.292107492685318 0.292259931564331 0.292412370443344 0.292564809322357 0.29271724820137 0.292869687080383 0.293200850486755 0.294068157672882 0.294935464859009 0.295802772045135 0.296670079231262 0.297537386417389 0.298404693603516 0.299272000789642 0.300889641046524 0.302757412195206 0.304625153541565 0.306492894887924 0.308360666036606 0.310228407382965 0.312096148729324 0.313682824373245 0.314426183700562 0.3151695728302 0.315912932157516 0.316656321287155 0.317399680614471 0.31814306974411 0.318886429071426 0.318371921777725 0.317438125610352 0.316504299640656 0.315570503473282 0.314636677503586 0.313702881336212 0.312769055366516
0.283137619495392 0.284073829650879 0.285010039806366 0.285946220159531 0.286882430315018 0.287818640470505 0.288754850625992 0.28886404633522 0.288697600364685 0.28853115439415 0.288364678621292 0.288198232650757 0.288031756877899 0.287865310907364 0.287870198488235 0.288389086723328 0.28890797495842 0.289426863193512 0.289945751428604 0.290464639663696 0.290983557701111 0.291502445936203 0.293092906475067 0.295040547847748 0.296988189220428 0.298935830593109 0.300883501768112 0.302831143140793 0.304778784513474 0.30658096075058 0.307946681976318 0.309312403202057 0.310678154230118 0.312043875455856 0.313409596681595 0.314775317907333 0.316141039133072 0.315727770328522 0.314721465110779 0.313715159893036 0.312708884477615 0.311702579259872 0.31069627404213 0.309689998626709
0.279418855905533 0.280493795871735 0.281568706035614 0.282643616199493 0.283718526363373 0.284793436527252 0.285868346691132 0.285773068666458 0.285287708044052 0.284802347421646 0.28431698679924 0.283831655979156 0.28334629535675 0.282860934734344 0.282539516687393 0.282710015773773 0.282880485057831 0.283050954341888 0.283221423625946 0.283391922712326 0.283562391996384 0.283732861280441 0.285296142101288 0.28732368350029 0.289351224899292 0.291378766298294 0.293406337499619 0.295433878898621 0.297461420297623 0.299479097127914 0.301467180252075 0.303455263376236 0.305443346500397 0.307431429624557 0.309419512748718 0.311407595872879 0.313395649194717 0.313083589076996 0.312004834413528 0.310926049947739 0.309847265481949 0.308768481016159 0.307689696550369 0.306610941886902
0.278178334236145 0.279104948043823 0.280031561851501 0.280958145856857 0.281884759664536 0.282811373472214 0.28373795747757 0.283496737480164 0.28286623954773 0.282235711812973 0.281605213880539 0.280974715948105 0.280344188213348 0.279713690280914 0.279301464557648 0.279544144868851 0.279786825180054 0.280029535293579 0.280272215604782 0.280514895915985 0.280757576227188 0.281000256538391 0.282510548830032 0.284443348646164 0.286376148462296 0.28830897808075 0.290241777896881 0.292174607515335 0.294107407331467 0.296126633882523 0.298405110836029 0.300683587789536 0.302962064743042 0.305240571498871 0.307519048452377 0.309797525405884 0.31207600235939 0.311824530363083 0.310729742050171 0.309634953737259 0.308540135622025 0.307445347309113 0.306350558996201 0.305255770683289
0.279416024684906 0.279907286167145 0.280398577451706 0.280889838933945 0.281381130218506 0.281872391700745 0.282363682985306 0.282035052776337 0.281433135271072 0.280831217765808 0.280229330062866 0.279627412557602 0.279025495052338 0.278423577547073 0.278156012296677 0.278891533613205 0.279627054929733 0.280362576246262 0.281098067760468 0.281833589076996 0.282569110393524 0.28330460190773 0.284736067056656 0.286399513483047 0.288062989711761 0.289726436138153 0.291389882564545 0.293053328990936 0.294716775417328 0.296523600816727 0.298760503530502 0.3009974360466 0.303234368562698 0.305471271276474 0.307708203792572 0.30994513630867 0.312182039022446 0.311950534582138 0.310896188020706 0.309841871261597 0.308787524700165 0.307733207941055 0.306678861379623 0.305624544620514
0.280653715133667 0.280709654092789 0.28076559305191 0.280821532011032 0.280877500772476 0.280933439731598 0.28098937869072 0.28057336807251 0.280000060796738 0.279426753520966 0.278853416442871 0.278280109167099 0.277706801891327 0.277133464813232 0.277010589838028 0.278238922357559 0.27946725487709 0.280695587396622 0.281923949718475 0.283152282238007 0.284380614757538 0.285608977079391 0.286961615085602 0.288355708122253 0.289749801158905 0.291143864393234 0.292537957429886 0.293932050466537 0.295326143503189 0.296920537948608 0.299115896224976 0.301311284303665 0.303506642580032 0.3057020008564 0.307897359132767 0.310092747211456 0.312288105487823 0.312076538801193 0.311062663793564 0.310048788785934 0.309034913778305 0.308021038770676 0.307007163763046 0.305993288755417
0.281891405582428 0.281512022018433 0.281132638454437 0.280753254890442 0.280373841524124 0.279994457960129 0.279615074396133 0.279111683368683 0.278566986322403 0.278022259473801 0.277477532625198 0.276932805776596 0.276388108730316 0.275843381881714 0.275865137577057 0.277586311101913 0.27930748462677 0.281028628349304 0.282749801874161 0.284470975399017 0.286192148923874 0.28791332244873 0.289187163114548 0.290311872959137 0.291436612606049 0.292561322450638 0.293686062097549 0.294810771942139 0.295935481786728 0.29731747508049 0.299471288919449 0.301625102758408 0.303778916597366 0.305932730436325 0.308086544275284 0.310240358114243 0.312394171953201 0.312202543020248 0.311229139566422 0.310255706310272 0.309282302856445 0.308308869600296 0.307335466146469 0.306362062692642
0.283129096031189 0.282314360141754 0.281499654054642 0.280684947967529 0.279870212078094 0.279055505990982 0.27824079990387 0.277650028467178 0.277133882045746 0.276617765426636 0.276101648807526 0.275585532188416 0.275069385766983 0.274553269147873 0.274719685316086 0.276933670043945 0.279147684574127 0.281361669301987 0.283575683832169 0.285789668560028 0.28800368309021 0.290217667818069 0.291412711143494 0.292268067598343 0.293123424053192 0.293978780508041 0.294834136962891 0.29568949341774 0.296544849872589 0.297714442014694 0.299826681613922 0.301938951015472 0.3040511906147 0.306163460016251 0.308275699615479 0.310387969017029 0.312500208616257 0.312328547239304 0.311395585536957 0.310462653636932 0.309529691934586 0.308596730232239 0.307663768529892 0.306730806827545
0.28436678647995 0.283116728067398 0.281866669654846 0.280616641044617 0.279366582632065 0.278116554021835 0.276866495609283 0.276188343763351 0.275700807571411 0.275213271379471 0.274725764989853 0.274238228797913 0.273750692605972 0.273263186216354 0.273574233055115 0.2762810587883 0.278987884521484 0.281694710254669 0.284401535987854 0.287108391523361 0.289815217256546 0.292522042989731 0.293638229370117 0.294224232435226 0.294810235500336 0.295396238565445 0.295982211828232 0.296568214893341 0.29715421795845 0.298111379146576 0.300182074308395 0.302252769470215 0.304323464632034 0.306394189596176 0.308464884757996 0.310535579919815 0.312606275081635 0.312454581260681 0.311562061309814 0.31066957116127 0.309777081012726 0.308884561061859 0.307992070913315 0.30709958076477
0.283521920442581 0.281902551651001 0.280283153057098 0.278663784265518 0.277044385671616 0.275425016880035 0.273805618286133 0.273224025964737 0.272988349199295 0.272752672433853 0.272516995668411 0.272281318902969 0.272045642137527 0.271809965372086 0.272356152534485 0.275247901678085 0.278139680624008 0.281031429767609 0.283923178911209 0.28681492805481 0.289706707000732 0.292598456144333 0.293772727251053 0.294374465942383 0.294976234436035 0.295578002929688 0.29617977142334 0.296781539916992 0.297383278608322 0.29831525683403 0.300237864255905 0.302160441875458 0.30408301949501 0.306005626916885 0.307928204536438 0.309850811958313 0.311773389577866 0.311687290668488 0.310931622982025 0.310175955295563 0.3094202876091 0.30866464972496 0.307908982038498 0.307153314352036
0.280594527721405 0.27867180109024 0.276749074459076 0.274826347827911 0.272903650999069 0.270980924367905 0.26905819773674 0.268757075071335 0.268996506929398 0.26923593878746 0.269475370645523 0.269714802503586 0.269954234361649 0.270193666219711 0.271065443754196 0.273834228515625 0.276603013277054 0.279371798038483 0.282140582799911 0.28490936756134 0.287678152322769 0.290446937084198 0.291816145181656 0.292718797922134 0.293621450662613 0.294524103403091 0.29542675614357 0.296329408884048 0.297232091426849 0.298326045274734 0.299993991851807 0.301661908626556 0.303329855203629 0.304997801780701 0.30666571855545 0.308333665132523 0.310001581907272 0.310026735067368 0.309504270553589 0.308981835842133 0.308459371328354 0.307936936616898 0.307414472103119 0.306892037391663
0.277667135000229 0.275441080331802 0.273215025663376 0.270988941192627 0.2687628865242 0.266536802053452 0.264310747385025 0.264290124177933 0.2650046646595 0.265719205141068 0.266433745622635 0.267148286104202 0.26786282658577 0.268577367067337 0.269774734973907 0.272420525550842 0.2750663459301 0.277712166309357 0.280357986688614 0.283003807067871 0.285649627447128 0.288295418024063 0.289859563112259 0.291063100099564 0.292266666889191 0.293470203876495 0.294673770666122 0.295877307653427 0.297080874443054 0.298336863517761 0.299750119447708 0.301163405179977 0.302576690912247 0.303989946842194 0.305403232574463 0.306816518306732 0.308229774236679 0.308366179466248 0.308076918125153 0.30778768658638 0.307498455047607 0.307209223508835 0.306919991970062 0.306630730628967
0.274739772081375 0.272210359573364 0.269680947065353 0.267151534557343 0.264622122049332 0.262092709541321 0.25956329703331 0.259823203086853 0.261012822389603 0.262202471494675 0.263392120599747 0.264581769704819 0.265771418809891 0.266961067914963 0.268483996391296 0.271006852388382 0.273529708385468 0.276052534580231 0.278575390577316 0.281098216772079 0.283621072769165 0.286143928766251 0.287902981042862 0.289407402276993 0.290911853313446 0.292416304349899 0.293920755386353 0.295425206422806 0.296929657459259 0.298347651958466 0.299506276845932 0.300664871931076 0.301823496818542 0.302982121706009 0.304140746593475 0.305299341678619 0.306457966566086 0.306705623865128 0.306649595499039 0.30659356713295 0.306537538766861 0.306481510400772 0.306425482034683 0.306369453668594
0.271812379360199 0.268979609012604 0.266146868467331 0.263314127922058 0.260481357574463 0.25764861702919 0.254815876483917 0.255356252193451 0.257021009922028 0.258685737848282 0.260350495576859 0.262015253305435 0.263680011034012 0.265344768762589 0.267193287611008 0.269593149423599 0.271993041038513 0.274392902851105 0.276792794466019 0.27919265627861 0.281592518091202 0.283992409706116 0.285946369171143 0.287751734256744 0.289557069540024 0.291362404823303 0.293167769908905 0.294973105192184 0.296778440475464 0.29835844039917 0.299262404441833 0.300166368484497 0.301070332527161 0.301974296569824 0.302878260612488 0.303782194852829 0.304686158895493 0.305045038461685 0.305222243070602 0.305399417877197 0.305576622486115 0.305753797292709 0.305931001901627 0.306108176708221
0.268884986639023 0.265748888254166 0.262612789869308 0.259476691484451 0.256340622901917 0.253204524517059 0.250068426132202 0.250889301300049 0.25302916765213 0.255169004201889 0.25730887055397 0.259448736906052 0.261588603258133 0.263728469610214 0.265902578830719 0.268179476261139 0.270456373691559 0.272733271121979 0.275010198354721 0.277287095785141 0.279563993215561 0.281840890645981 0.283989787101746 0.286096036434174 0.288202285766602 0.290308505296707 0.292414754629135 0.294521003961563 0.296627223491669 0.298369228839874 0.299018532037735 0.299667835235596 0.300317138433456 0.300966441631317 0.301615744829178 0.302265048027039 0.302914351224899 0.303384482860565 0.303794890642166 0.304205298423767 0.304615706205368 0.305026084184647 0.305436491966248 0.305846899747849
0.267716467380524 0.264714270830154 0.261712074279785 0.258709877729416 0.255707681179047 0.252705484628677 0.249703302979469 0.250520884990692 0.252611726522446 0.254702568054199 0.256793409585953 0.258884251117706 0.26097509264946 0.263065934181213 0.265203207731247 0.267479747533798 0.269756257534027 0.272032797336578 0.27430933713913 0.276585876941681 0.278862416744232 0.281138956546783 0.283376276493073 0.285600513219833 0.287824779748917 0.290049046278 0.292273283004761 0.294497549533844 0.296721786260605 0.298522055149078 0.2990503013134 0.299578577280045 0.300106823444366 0.300635069608688 0.30116331577301 0.301691591739655 0.302219837903976 0.302915334701538 0.303666591644287 0.304417848587036 0.305169075727463 0.305920332670212 0.306671589612961 0.30742284655571
0.268306821584702 0.265875786542892 0.263444721698761 0.26101365685463 0.25858262181282 0.256151556968689 0.253720492124557 0.254251003265381 0.255768716335297 0.25728639960289 0.258804112672806 0.260321795940399 0.261839509010315 0.263357192277908 0.265095174312592 0.267493933439255 0.269892692565918 0.272291481494904 0.274690240621567 0.27708899974823 0.279487788677216 0.281886547803879 0.284105777740479 0.286265164613724 0.288424581289291 0.290583968162537 0.292743355035782 0.294902741909027 0.297062128782272 0.29881688952446 0.299357682466507 0.299898505210876 0.300439327955246 0.300980150699615 0.301520973443985 0.302061766386032 0.302602589130402 0.303637593984604 0.304837316274643 0.306037068367004 0.307236790657043 0.308436512947083 0.309636265039444 0.310835987329483
0.268897205591202 0.267037272453308 0.265177369117737 0.263317435979843 0.261457532644272 0.259597599506378 0.257737696170807 0.25798112154007 0.258925676345825 0.259870231151581 0.260814815759659 0.261759370565414 0.26270392537117 0.263648480176926 0.264987140893936 0.267508149147034 0.270029157400131 0.272550135850906 0.275071144104004 0.277592152357101 0.280113160610199 0.282634168863297 0.284835308790207 0.286929845809937 0.289024353027344 0.291118890047073 0.293213427066803 0.29530793428421 0.29740247130394 0.299111694097519 0.299665093421936 0.300218462944031 0.300771832466125 0.30132520198822 0.301878601312637 0.302431970834732 0.302985340356827 0.30435985326767 0.306008070707321 0.307656288146973 0.309304505586624 0.310952723026276 0.312600940465927 0.314249157905579
0.26948755979538 0.268198788166046 0.266910016536713 0.265621215105057 0.264332443475723 0.26304367184639 0.261754900217056 0.261711269617081 0.262082666158676 0.262454092502594 0.262825489044189 0.263196915388107 0.263568311929703 0.263939738273621 0.264879107475281 0.26752233505249 0.270165592432022 0.272808820009232 0.275452047586441 0.278095304965973 0.280738532543182 0.283381760120392 0.285564839839935 0.287594497203827 0.289624154567719 0.29165381193161 0.293683469295502 0.295713126659393 0.297742813825607 0.2994065284729 0.299972474575043 0.300538420677185 0.301104336977005 0.301670283079147 0.30223622918129 0.302802175283432 0.303368091583252 0.305082112550735 0.307178795337677 0.309275507926941 0.311372220516205 0.313468903303146 0.31556561589241 0.317662298679352
