data/working_set_collections/6091692-Cassins_Sparrow-M2/2005/cldtot_avg.asc
NCOLS 265 
NROWS 230 
XLLCORNER -115.5625 
YLLCORNER 24.8333333333333 
CELLSIZE 0.0833333333333333 
NODATA_value -9999 
[rows 100 to 119 of 230, columns 220 to 263 of 265]
0.367879331111908 0.368742942810059 0.369606554508209 0.37047016620636 0.371465533971786 0.372856169939041 0.374246805906296 0.37563744187355 0.377028077840805 0.37841871380806 0.379809349775314 0.381199985742569 0.382585495710373 0.383969277143478 0.385353028774261 0.386736810207367 0.388120591640472 0.389504373073578 0.390888154506683 0.392338514328003 0.393988698720932 0.395638883113861 0.397289037704468 0.398939222097397 0.400589406490326 0.402239590883255 0.403889775276184 0.405125617980957 0.406223356723785 0.407321095466614 0.408418834209442 0.40951657295227 0.410614311695099 0.411712050437927 0.412877887487411 0.414247959852219 0.415618062019348 0.416988164186478 0.418358266353607 0.419728368520737 0.421098440885544 0.422468543052673 0.423110574483871 0.423509925603867
0.367385715246201 0.368209898471832 0.369034081697464 0.369858264923096 0.370815008878708 0.372169435024261 0.373523861169815 0.374878257513046 0.3762326836586 0.377587109804153 0.378941535949707 0.380295962095261 0.381687730550766 0.383091956377029 0.384496212005615 0.385900437831879 0.387304663658142 0.388708919286728 0.390113145112991 0.391565382480621 0.393161684274673 0.394757956266403 0.396354258060455 0.397950530052185 0.399546831846237 0.401143103837967 0.402739375829697 0.403744220733643 0.404551893472672 0.405359596014023 0.406167268753052 0.406974941492081 0.407782644033432 0.408590316772461 0.409495413303375 0.410692751407623 0.411890089511871 0.413087427616119 0.41428479552269 0.415482133626938 0.416679471731186 0.417876809835434 0.418619692325592 0.419211119413376
0.367041707038879 0.367888331413269 0.368734955787659 0.369581580162048 0.370551705360413 0.371892303228378 0.373232930898666 0.374573558568954 0.37591415643692 0.377254784107208 0.378595411777496 0.379936039447784 0.381331771612167 0.382745862007141 0.384159982204437 0.385574072599411 0.386988192796707 0.388402283191681 0.389816403388977 0.391262650489807 0.392805308103561 0.394347995519638 0.395890653133392 0.397433340549469 0.398975998163223 0.4005186855793 0.402061372995377 0.402968645095825 0.403664112091064 0.404359608888626 0.405055075883865 0.405750572681427 0.406446039676666 0.407141536474228 0.407943457365036 0.409064710140228 0.410185962915421 0.411307245492935 0.412428498268127 0.41354975104332 0.414671003818512 0.415792256593704 0.416572600603104 0.417239278554916
0.366847336292267 0.367778241634369 0.368709176778793 0.369640082120895 0.370675593614578 0.372024834156036 0.373374074697495 0.37472328543663 0.376072525978088 0.377421766519547 0.378771007061005 0.380120247602463 0.381517589092255 0.382930964231491 0.384344339370728 0.385757744312286 0.387171119451523 0.388584494590759 0.389997899532318 0.391430258750916 0.392919600009918 0.394408941268921 0.395898282527924 0.397387653589249 0.398876994848251 0.400366336107254 0.401855677366257 0.402798861265182 0.403560012578964 0.404321134090424 0.405082285404205 0.405843406915665 0.406604558229446 0.407365709543228 0.408222019672394 0.409363865852356 0.410505712032318 0.411647528409958 0.41278937458992 0.413931220769882 0.415073066949844 0.416214913129807 0.416969239711761 0.417594403028488
0.366652965545654 0.367668181657791 0.368683397769928 0.369698613882065 0.370799481868744 0.372157335281372 0.373515188694 0.374873042106628 0.376230895519257 0.377588748931885 0.378946602344513 0.380304455757141 0.381703406572342 0.383116066455841 0.38452872633934 0.385941386222839 0.387354046106339 0.388766705989838 0.390179365873337 0.391597867012024 0.393033891916275 0.394469916820526 0.395905911922455 0.397341936826706 0.398777961730957 0.400213986635208 0.401649981737137 0.40262907743454 0.403455883264542 0.404282689094543 0.405109465122223 0.405936270952225 0.406763076782227 0.407589852809906 0.408500581979752 0.409662991762161 0.410825431346893 0.411987841129303 0.413150280714035 0.414312720298767 0.415475130081177 0.416637569665909 0.417365908622742 0.417949557304382
0.366458564996719 0.367558091878891 0.368657618761063 0.369757145643234 0.370923399925232 0.37228986620903 0.373656332492828 0.375022798776627 0.376389265060425 0.377755731344223 0.379122197628021 0.380488663911819 0.381889224052429 0.383301168680191 0.384713113307953 0.386125057935715 0.387537002563477 0.388948917388916 0.390360862016678 0.391765505075455 0.393148183822632 0.394530862569809 0.395913571119308 0.397296249866486 0.398678928613663 0.40006160736084 0.401444315910339 0.40245932340622 0.403351783752441 0.404244214296341 0.405136674642563 0.406029134988785 0.406921595335007 0.407814025878906 0.408779114484787 0.409962147474289 0.411145150661469 0.412328153848648 0.41351118683815 0.41469419002533 0.415877193212509 0.417060196399689 0.417762577533722 0.418304711580276
0.366264194250107 0.367448031902313 0.368631839752197 0.369815647602081 0.371047288179398 0.372422367334366 0.373797446489334 0.375172555446625 0.376547634601593 0.377922713756561 0.37929779291153 0.380672872066498 0.382075041532516 0.383486270904541 0.384897500276566 0.386308699846268 0.387719929218292 0.389131128787994 0.390542358160019 0.391933113336563 0.393262475728989 0.394591838121414 0.39592120051384 0.397250533103943 0.398579895496368 0.399909257888794 0.40123862028122 0.402289539575577 0.403247654438019 0.404205769300461 0.405163884162903 0.406121969223022 0.407080084085464 0.408038198947906 0.409057676792145 0.410261273384094 0.411464869976044 0.412668466567993 0.413872063159943 0.415075659751892 0.416279256343842 0.417482852935791 0.41815921664238 0.418659865856171
0.366069823503494 0.367337942123413 0.368606060743332 0.369874179363251 0.371171206235886 0.372554898262024 0.373938590288162 0.375322282314301 0.376705974340439 0.3780896961689 0.379473388195038 0.380857080221176 0.382260888814926 0.383671373128891 0.385081857442856 0.386492371559143 0.387902855873108 0.389313369989395 0.39072385430336 0.392100721597672 0.393376767635345 0.394652783870697 0.395928829908371 0.397204846143723 0.398480862379074 0.399756908416748 0.4010329246521 0.402119755744934 0.403143525123596 0.404167294502258 0.40519106388092 0.406214833259583 0.407238602638245 0.408262372016907 0.409336239099503 0.410560429096222 0.411784589290619 0.413008779287338 0.414232969284058 0.415457129478455 0.416681319475174 0.417905509471893 0.41855588555336 0.419014990329742
0.36607152223587 0.367433577775955 0.36879563331604 0.370157688856125 0.371520072221756 0.372883498668671 0.374246895313263 0.375610291957855 0.376973688602448 0.378337115049362 0.379700511693954 0.381063908338547 0.382526814937592 0.384022861719131 0.385518908500671 0.387014955282211 0.388511002063751 0.390007078647614 0.391503125429153 0.392952561378479 0.394262135028839 0.395571678876877 0.396881252527237 0.398190826177597 0.399500399827957 0.400809943675995 0.402119517326355 0.403255730867386 0.404334127902985 0.405412524938583 0.406490951776505 0.407569348812103 0.408647745847702 0.409726172685623 0.410805493593216 0.411887586116791 0.412969678640366 0.414051800966263 0.415133893489838 0.416215986013412 0.417298078536987 0.418380200862885 0.418959647417068 0.419371545314789
0.366269260644913 0.367734909057617 0.369200527667999 0.370666176080704 0.372093945741653 0.373408138751984 0.374722361564636 0.376036554574966 0.377350747585297 0.378664940595627 0.379979163408279 0.38129335641861 0.382872819900513 0.38454070687294 0.38620862364769 0.387876510620117 0.389544397592545 0.391212284564972 0.392880171537399 0.394488602876663 0.395918548107147 0.397348523139954 0.39877849817276 0.400208473205566 0.401638448238373 0.403068393468857 0.404498368501663 0.405697405338287 0.406819432973862 0.407941460609436 0.40906348824501 0.410185515880585 0.411307543516159 0.412429571151733 0.413465440273285 0.414242774248123 0.415020138025284 0.415797501802444 0.416574865579605 0.417352229356766 0.418129563331604 0.418906927108765 0.419370502233505 0.419729501008987
0.366467028856277 0.368036240339279 0.369605451822281 0.371174663305283 0.372667819261551 0.373932808637619 0.375197798013687 0.376462817192078 0.377727806568146 0.378992795944214 0.380257815122604 0.381522804498672 0.383218854665756 0.385058581829071 0.386898308992386 0.388738036155701 0.390577763319016 0.392417520284653 0.394257247447968 0.396024644374847 0.397574990987778 0.39912536740303 0.400675743818283 0.402226120233536 0.403776496648788 0.405326873064041 0.406877219676971 0.408139079809189 0.409304708242416 0.410470366477966 0.411636024713516 0.412801682949066 0.413967341184616 0.415132969617844 0.416125357151031 0.416597992181778 0.417070597410202 0.417543202638626 0.418015837669373 0.418488442897797 0.418961048126221 0.419433653354645 0.419781357049942 0.420087426900864
0.366664797067642 0.368337571620941 0.37001034617424 0.371683150529861 0.373241692781448 0.374457478523254 0.37567326426506 0.376889079809189 0.378104865550995 0.379320651292801 0.380536437034607 0.381752252578735 0.383564859628677 0.385576456785202 0.387588024139404 0.389599591493607 0.391611158847809 0.393622726202011 0.395634293556213 0.397560656070709 0.399231433868408 0.400902211666107 0.402572989463806 0.404243767261505 0.405914545059204 0.407585322856903 0.409256100654602 0.410580724477768 0.411790013313293 0.412999302148819 0.414208561182022 0.415417850017548 0.416627109050751 0.417836397886276 0.4187853038311 0.41895318031311 0.41912105679512 0.41928893327713 0.419456779956818 0.419624656438828 0.419792532920837 0.419960409402847 0.420192241668701 0.420445382595062
0.366862535476685 0.368638902902603 0.370415270328522 0.37219163775444 0.373815536499023 0.37498214840889 0.376148730516434 0.377315312623978 0.378481924533844 0.379648506641388 0.380815088748932 0.381981700658798 0.383910894393921 0.386094301939011 0.3882777094841 0.39046111702919 0.39264452457428 0.39482793211937 0.397011339664459 0.399096697568893 0.400887876749039 0.402679055929184 0.404470235109329 0.406261414289474 0.40805259346962 0.409843772649765 0.41163495182991 0.413022398948669 0.414275318384171 0.415528208017349 0.416781097650528 0.418034017086029 0.419286906719208 0.420539796352386 0.421445250511169 0.421308368444443 0.421171516180038 0.421034634113312 0.420897752046585 0.420760899782181 0.420624017715454 0.420487135648727 0.420603096485138 0.420803338289261
0.367060303688049 0.368940234184265 0.370820164680481 0.372700124979019 0.374389410018921 0.375506788492203 0.376624196767807 0.377741575241089 0.378858983516693 0.379976361989975 0.381093740463257 0.382211148738861 0.384256929159164 0.386612176895142 0.388967424631119 0.391322672367096 0.393677920103073 0.39603316783905 0.398388415575027 0.400632739067078 0.402544319629669 0.404455900192261 0.406367480754852 0.408279061317444 0.410190641880035 0.412102222442627 0.414013803005219 0.415464073419571 0.416760593652725 0.41805711388588 0.419353634119034 0.420650154352188 0.421946674585342 0.423243194818497 0.424105197191238 0.423663586378098 0.423221945762634 0.422780334949493 0.422338724136353 0.421897113323212 0.421455502510071 0.42101389169693 0.421013951301575 0.421161264181137
0.3669174015522 0.368808448314667 0.370699465274811 0.372590512037277 0.374292552471161 0.375427633523941 0.376562714576721 0.377697795629501 0.378832876682281 0.379967957735062 0.381103038787842 0.382238119840622 0.384304612874985 0.38668155670166 0.389058530330658 0.391435474157333 0.393812447786331 0.396189391613007 0.398566365242004 0.400826096534729 0.402734130620956 0.404642194509506 0.406550228595734 0.408458262681961 0.410366326570511 0.412274360656738 0.414182394742966 0.415619313716888 0.416899144649506 0.418179005384445 0.419458836317062 0.420738697052002 0.422018527984619 0.423298388719559 0.424144834280014 0.423691093921661 0.423237383365631 0.422783643007278 0.422329902648926 0.421876162290573 0.421422451734543 0.42096871137619 0.420957297086716 0.421093344688416
0.366433888673782 0.368243515491486 0.370053172111511 0.371862798929214 0.373524963855743 0.37474462389946 0.375964283943176 0.377183943986893 0.378403604030609 0.379623293876648 0.380842953920364 0.382062613964081 0.384053945541382 0.386302500963211 0.388551026582718 0.390799582004547 0.393048137426376 0.395296663045883 0.397545218467712 0.399676769971848 0.401457339525223 0.403237909078598 0.405018478631973 0.406799048185349 0.408579617738724 0.410360187292099 0.412140756845474 0.413488060235977 0.414690941572189 0.415893822908401 0.417096704244614 0.418299585580826 0.419502466917038 0.42070534825325 0.421564191579819 0.421390980482101 0.421217739582062 0.421044528484344 0.420871317386627 0.420698076486588 0.42052486538887 0.420351624488831 0.420433133840561 0.420599520206451
0.365950345993042 0.367678612470627 0.369406849145889 0.371135115623474 0.372757345438004 0.374061614274979 0.375365853309631 0.376670122146606 0.377974361181259 0.379278630018234 0.380582869052887 0.381887137889862 0.383803278207779 0.38592341542244 0.3880435526371 0.390163689851761 0.392283797264099 0.39440393447876 0.39652407169342 0.398527443408966 0.400180548429489 0.40183362364769 0.403486728668213 0.405139833688736 0.406792908906937 0.40844601392746 0.410099118947983 0.411356806755066 0.412482738494873 0.413608640432358 0.414734542369843 0.41586047410965 0.416986376047134 0.418112307786942 0.418983548879623 0.419090837240219 0.419198125600815 0.41930541396141 0.419412702322006 0.419519990682602 0.419627279043198 0.419734567403793 0.419908940792084 0.420105695724487
0.365466803312302 0.367113679647446 0.368760526180267 0.370407402515411 0.371989756822586 0.373378604650497 0.374767422676086 0.376156270503998 0.377545118331909 0.378933966159821 0.38032278418541 0.381711632013321 0.383552640676498 0.38554435968399 0.38753604888916 0.389527767896652 0.391519486904144 0.393511205911636 0.395502924919128 0.397378116846085 0.398903727531433 0.400429368019104 0.401954978704453 0.403480589389801 0.405006229877472 0.40653184056282 0.408057451248169 0.409225583076477 0.410274535417557 0.411323457956314 0.412372410297394 0.413421362638474 0.414470314979553 0.415519237518311 0.416402906179428 0.416790693998337 0.417178511619568 0.417566299438477 0.417954087257385 0.418341904878616 0.418729692697525 0.419117480516434 0.419384747743607 0.419611841440201
0.364983290433884 0.366548746824265 0.368114233016968 0.369679689407349 0.371222168207169 0.372695595026016 0.374169021844864 0.375642448663712 0.377115875482559 0.378589302301407 0.380062729120255 0.381536155939102 0.383301973342896 0.385165274143219 0.387028574943542 0.388891875743866 0.390755176544189 0.392618477344513 0.394481778144836 0.396228790283203 0.397626936435699 0.399025082588196 0.400423228740692 0.401821374893188 0.403219521045685 0.404617667198181 0.406015813350677 0.407094329595566 0.408066302537918 0.40903827548027 0.410010278224945 0.410982251167297 0.41195422410965 0.412926197052002 0.413822263479233 0.414490580558777 0.415158867835999 0.415827184915543 0.416495501995087 0.417163789272308 0.417832106351852 0.418500423431396 0.418860584497452 0.419118016958237
0.364499747753143 0.365983843803406 0.367467910051346 0.368952006101608 0.370454549789429 0.372012585401535 0.373570591211319 0.375128597021103 0.376686602830887 0.378244638442993 0.379802644252777 0.381360650062561 0.383051306009293 0.384786188602448 0.386521100997925 0.38825598359108 0.389990866184235 0.39172574877739 0.393460631370544 0.395079463720322 0.396350145339966 0.397620797157288 0.398891478776932 0.400162160396576 0.401432812213898 0.402703493833542 0.403974175453186 0.404963105916977 0.405858099460602 0.406753122806549 0.407648116350174 0.408543139696121 0.409438133239746 0.410333156585693 0.411241620779037 0.412190437316895 0.413139253854752 0.414088070392609 0.415036886930466 0.415985703468323 0.41693452000618 0.417883336544037 0.418336391448975 0.418624192476273
