data/working_set_collections/6091692-Cassins_Sparrow-M2/2005/cldtot_avg.asc
NCOLS 265 
NROWS 230 
XLLCORNER -115.5625 
YLLCORNER 24.8333333333333 
CELLSIZE 0.0833333333333333 
NODATA_value -9999 
[rows 180 to 199 of 230, columns 44 to 87 of 265]
0.31310361623764 0.315619707107544 0.31813582777977 0.320651918649673 0.323168009519577 0.325684130191803 0.328200221061707 0.330716341733932 0.332701802253723 0.334510415792465 0.336319029331207 0.338127642869949 0.339936256408691 0.341744840145111 0.343553453683853 0.345560878515244 0.348164737224579 0.350768595933914 0.353372424840927 0.355976283550262 0.358580142259598 0.361184000968933 0.363787859678268 0.365988522768021 0.368054807186127 0.370121091604233 0.372187376022339 0.374253660440445 0.376319944858551 0.378386229276657 0.380508333444595 0.382797926664352 0.38508751988411 0.387377113103867 0.389666706323624 0.391956299543381 0.394245892763138 0.396535515785217 0.398773849010468 0.400995135307312 0.403216391801834 0.405437678098679 0.407658934593201 0.409880220890045
0.313542306423187 0.316136837005615 0.318731397390366 0.321325927972794 0.323920458555222 0.32651498913765 0.329109519720078 0.331704050302505 0.333704918622971 0.335507869720459 0.337310820817947 0.339113771915436 0.340916723012924 0.342719703912735 0.344522655010223 0.346510022878647 0.349050670862198 0.351591318845749 0.354131937026978 0.356672585010529 0.35921323299408 0.361753880977631 0.364294528961182 0.366585969924927 0.3687943816185 0.37100276350975 0.373211175203323 0.375419557094574 0.377627968788147 0.379836350679398 0.382104694843292 0.384552925825119 0.387001156806946 0.38944935798645 0.391897588968277 0.394345819950104 0.396794021129608 0.399242252111435 0.401428878307343 0.403528273105621 0.4056276679039 0.407727092504501 0.40982648730278 0.411925911903381
0.313981026411057 0.316653996706009 0.319326967000961 0.321999907493591 0.324672877788544 0.327345848083496 0.330018818378448 0.332691788673401 0.334708005189896 0.336505323648453 0.338302612304688 0.340099930763245 0.341897219419479 0.343694537878036 0.345491826534271 0.34745916724205 0.349936604499817 0.352414041757584 0.35489147901535 0.357368886470795 0.359846323728561 0.362323760986328 0.364801198244095 0.367183446884155 0.369533956050873 0.37188446521759 0.374234974384308 0.376585483551025 0.378935992717743 0.38128650188446 0.383701086044312 0.386307924985886 0.38891476392746 0.391521632671356 0.39412847161293 0.396735310554504 0.399342149496078 0.401949018239975 0.404083877801895 0.406061410903931 0.408038944005966 0.410016506910324 0.41199404001236 0.413971573114395
0.314419716596603 0.31717112660408 0.319922536611557 0.322673916816711 0.325425326824188 0.328176736831665 0.330928117036819 0.333679527044296 0.335711121559143 0.337502777576447 0.339294403791428 0.341086059808731 0.342877715826035 0.344669371843338 0.346461027860641 0.348408311605453 0.350822538137436 0.353236764669418 0.355650991201401 0.358065187931061 0.360479414463043 0.362893640995026 0.365307867527008 0.367780894041061 0.370273500680923 0.372766137123108 0.37525874376297 0.377751380205154 0.380243986845016 0.382736623287201 0.385297447443008 0.388062924146652 0.390828400850296 0.39359387755394 0.396359354257584 0.399124801158905 0.401890277862549 0.404655754566193 0.406738877296448 0.40859454870224 0.410450220108032 0.412305891513824 0.414161592721939 0.416017264127731
-9999 0.317688256502151 0.32051807641983 0.323347926139832 0.32617774605751 0.329007595777512 0.33183741569519 0.334667265415192 0.336714208126068 0.338500201702118 0.34028622508049 0.34207221865654 0.34385821223259 0.34564420580864 0.347430199384689 0.349357455968857 0.351708471775055 0.354059487581253 0.356410503387451 0.358761519193649 0.361112505197525 0.363463521003723 0.365814536809921 0.368378341197968 0.371013075113297 0.373647809028625 0.376282542943954 0.378917276859283 0.381552010774612 0.384186744689941 0.386893838644028 0.389817923307419 0.392742037773132 0.395666122436523 0.398590207099915 0.401514321565628 0.404438406229019 0.407362520694733 0.409393876791 0.411127686500549 0.412861496210098 0.414595305919647 0.416329115629196 0.418062925338745
-9999 -9999 0.321113646030426 0.324021935462952 0.326930195093155 0.329838454723358 0.332746714353561 0.335654973983765 0.337717324495316 0.339497655630112 0.34127801656723 0.343058347702026 0.344838708639145 0.346619039773941 0.34839940071106 0.35030660033226 0.352594405412674 0.354882210493088 0.357170015573502 0.359457820653915 0.361745595932007 0.364033401012421 0.366321206092834 0.368975788354874 0.37175264954567 0.374529480934143 0.377306342124939 0.380083203315735 0.382860034704208 0.385636895895004 0.388490200042725 0.391572922468185 0.394655644893646 0.397738367319107 0.400821089744568 0.403903812170029 0.40698653459549 0.41006925702095 0.412048906087875 0.413660854101181 0.415272772312164 0.41688472032547 0.418496668338776 0.420108616352081
-9999 -9999 -9999 0.324877053499222 0.327767431735992 0.330657809972763 0.333548188209534 0.336438566446304 0.338475674390793 0.340228319168091 0.341980993747711 0.343733668327332 0.345486342906952 0.347239017486572 0.348991692066193 0.350874334573746 0.353146880865097 0.355419427156448 0.3576919734478 0.359964519739151 0.362237066030502 0.364509642124176 0.366782188415527 0.369488805532455 0.372340083122253 0.375191390514374 0.378042697906494 0.380894005298615 0.383745312690735 0.386596590280533 0.389521509408951 0.392667293548584 0.395813077688217 0.398958832025528 0.402104616165161 0.405250370502472 0.408396154642105 0.411541938781738 0.413589626550674 0.415271311998367 0.416952967643738 0.418634653091431 0.420316308736801 0.421997994184494
-9999 -9999 -9999 -9999 -9999 0.331465661525726 0.334241837263107 0.337017983198166 0.3389892578125 0.340692222118378 0.342395216226578 0.344098180532455 0.345801144838333 0.347504109144211 0.349207073450089 0.351060628890991 0.353365898132324 0.355671137571335 0.357976406812668 0.360281676054001 0.362586915493011 0.364892184734344 0.367197453975677 0.369917333126068 0.372775435447693 0.375633507966995 0.37849161028862 0.381349712610245 0.384207785129547 0.387065887451172 0.389987766742706 0.393101006746292 0.396214246749878 0.399327516555786 0.402440756559372 0.405553996562958 0.408667266368866 0.411780506372452 0.41401606798172 0.415959060192108 0.417902082204819 0.419845074415207 0.421788066625595 0.423731088638306
-9999 -9999 -9999 -9999 -9999 -9999 0.334935456514359 0.33759742975235 0.33950287103653 0.341156125068665 0.342809408903122 0.344462662935257 0.346115946769714 0.347769200801849 0.349422484636307 0.351246923208237 0.353584885597229 0.355922877788544 0.358260840177536 0.360598802566528 0.362936764955521 0.365274757146835 0.367612719535828 0.370345860719681 0.37321075797081 0.376075625419617 0.378940522670746 0.381805390119553 0.384670287370682 0.387535154819489 0.390453994274139 0.393534719944 0.396615445613861 0.399696171283722 0.402776896953583 0.405857622623444 0.408938348293304 0.412019073963165 0.414442509412766 0.416646838188171 0.418851166963577 0.421055495738983 0.423259824514389 0.425464183092117
-9999 -9999 -9999 -9999 -9999 -9999 -9999 0.338176846504211 0.340016454458237 0.341620028018951 0.343223601579666 0.344827175140381 0.346430748701096 0.348034292459488 0.349637866020203 0.351433217525482 0.353803902864456 0.35617458820343 0.358545273542404 0.360915929079056 0.36328661441803 0.365657299757004 0.368027985095978 0.370774418115616 0.373646080493927 0.376517742872238 0.379389435052872 0.382261097431183 0.385132759809494 0.388004451990128 0.390920251607895 0.393968462944031 0.397016644477844 0.40006485581398 0.403113067150116 0.406161248683929 0.409209460020065 0.412257671356201 0.414868950843811 0.417334616184235 0.419800281524658 0.422265946865082 0.424731612205505 0.427197247743607
-9999 -9999 -9999 -9999 -9999 -9999 -9999 -9999 0.340530067682266 0.342083930969238 0.34363779425621 0.345191657543182 0.346745520830154 0.348299413919449 0.349853277206421 0.351619511842728 0.354022920131683 0.356426298618317 0.35882967710495 0.361233085393906 0.363636463880539 0.366039872169495 0.368443250656128 0.371202945709229 0.374081403017044 0.37695986032486 0.379838347434998 0.382716804742813 0.385595262050629 0.388473719358444 0.391386479139328 0.394402176141739 0.397417843341827 0.400433510541916 0.403449207544327 0.406464874744415 0.409480571746826 0.412496238946915 0.415295392274857 0.418022394180298 0.420749366283417 0.423476368188858 0.426203370094299 0.428930342197418
-9999 -9999 -9999 -9999 -9999 -9999 -9999 -9999 -9999 0.342547833919525 0.344051986932755 0.345556169748306 0.347060322761536 0.348564505577087 0.350068658590317 0.351805806159973 0.354241907596588 0.356678009033203 0.359114110469818 0.361550211906433 0.363986313343048 0.366422414779663 0.368858516216278 0.371631503105164 0.374516755342484 0.377402007579803 0.380287259817123 0.383172512054443 0.386057764291763 0.388943016529083 0.391852736473083 0.394835889339447 0.397819042205811 0.400802195072174 0.403785347938538 0.406768500804901 0.409751653671265 0.412734806537628 0.415721833705902 0.418710172176361 0.421698480844498 0.424686789512634 0.427675127983093 0.43066343665123
-9999 -9999 -9999 -9999 -9999 -9999 -9999 -9999 -9999 -9999 0.344522744417191 0.346012651920319 0.347502559423447 0.348992496728897 0.350482404232025 0.352210015058517 0.35465070605278 0.357091397047043 0.359532088041306 0.361972779035568 0.364413470029831 0.366854161024094 0.369294852018356 0.372037351131439 0.374880403280258 0.3777234852314 0.380566537380219 0.38340961933136 0.386252671480179 0.38909575343132 0.391972929239273 0.39495238661766 0.39793187379837 0.400911331176758 0.403890818357468 0.406870275735855 0.409849762916565 0.412829220294952 0.415939062833786 0.419092357158661 0.422245651483536 0.425398916006088 0.428552210330963 0.431705504655838
-9999 -9999 -9999 -9999 -9999 -9999 -9999 -9999 -9999 -9999 -9999 -9999 -9999 -9999 -9999 0.352832168340683 0.355249315500259 0.357666492462158 0.360083639621735 0.362500816583633 0.36491796374321 0.367335110902786 0.369752287864685 0.372420489788055 0.375172406435013 0.37792432308197 0.380676239728928 0.383428156375885 0.38618004322052 0.388931959867477 0.391747057437897 0.394751697778702 0.397756308317184 0.40076094865799 0.403765588998795 0.406770199537277 0.409774839878082 0.412779480218887 0.415947049856186 0.419168949127197 0.422390848398209 0.42561274766922 0.428834646940231 0.432056576013565
-9999 -9999 -9999 -9999 -9999 -9999 -9999 -9999 -9999 -9999 -9999 -9999 -9999 -9999 -9999 0.353454321622849 0.355847924947739 0.358241558074951 0.360635191202164 0.363028824329376 0.365422427654266 0.367816060781479 0.370209693908691 0.372803658246994 0.375464409589767 0.378125160932541 0.380785912275314 0.383446663618088 0.386107414960861 0.388768166303635 0.39152118563652 0.394550979137421 0.397580772638321 0.400610566139221 0.403640359640121 0.406670123338699 0.4096999168396 0.4127297103405 0.415955036878586 0.419245570898056 0.422536075115204 0.425826579332352 0.429117113351822 0.43240761756897
-9999 -9999 -9999 -9999 -9999 -9999 -9999 -9999 -9999 -9999 -9999 -9999 -9999 -9999 -9999 0.354076445102692 0.356446534395218 0.358816653490067 0.361186742782593 0.363556832075119 0.365926921367645 0.368297010660172 0.370667099952698 0.373186826705933 0.375756412744522 0.378325998783112 0.380895614624023 0.383465200662613 0.386034786701202 0.388604402542114 0.391295313835144 0.39435026049614 0.397405207157135 0.40046015381813 0.403515100479126 0.406570047140121 0.409624993801117 0.412679940462112 0.415963023900986 0.419322162866592 0.422681301832199 0.426040410995483 0.42939954996109 0.432758659124374
-9999 -9999 -9999 -9999 -9999 -9999 -9999 -9999 -9999 -9999 -9999 -9999 -9999 -9999 -9999 0.354698598384857 0.357045143842697 0.35939171910286 0.361738264560699 0.364084839820862 0.366431385278702 0.368777960538864 0.371124505996704 0.373569995164871 0.376048415899277 0.378526866436005 0.38100528717041 0.383483737707138 0.385962158441544 0.388440608978271 0.39106947183609 0.394149571657181 0.397229671478271 0.400309771299362 0.403389871120453 0.406470000743866 0.409550100564957 0.412630200386047 0.415971040725708 0.419398754835129 0.422826498746872 0.426254242658615 0.429681986570358 0.433109730482101
-9999 -9999 -9999 -9999 -9999 -9999 -9999 -9999 -9999 -9999 -9999 -9999 -9999 -9999 -9999 0.3553207218647 0.357643753290176 0.359966784715652 0.362289816141129 0.364612847566605 0.366935878992081 0.369258910417557 0.371581941843033 0.373953133821487 0.376340419054031 0.378727704286575 0.381114989519119 0.383502274751663 0.385889530181885 0.388276815414429 0.390843600034714 0.3939488530159 0.397054135799408 0.400159388780594 0.40326464176178 0.406369924545288 0.409475177526474 0.41258043050766 0.415979027748108 0.419475376605988 0.422971725463867 0.426468074321747 0.429964423179626 0.433460772037506
-9999 -9999 -9999 -9999 -9999 -9999 -9999 -9999 -9999 -9999 -9999 -9999 -9999 -9999 -9999 -9999 0.358513534069061 0.360805809497833 0.363098114728928 0.3653903901577 0.367682695388794 0.369974970817566 0.372267246246338 0.374568849802017 0.376873522996902 0.379178196191788 0.381482869386673 0.383787542581558 0.386092215776443 0.388396888971329 0.390896558761597 0.393981277942657 0.397065997123718 0.400150716304779 0.40323543548584 0.406320154666901 0.409404873847961 0.412489593029022 0.41590490937233 0.419430434703827 0.422955960035324 0.426481455564499 0.430006980895996 0.433532506227493
-9999 -9999 -9999 -9999 -9999 -9999 -9999 -9999 -9999 -9999 -9999 -9999 -9999 -9999 -9999 -9999 -9999 0.361908823251724 0.364163160324097 0.366417497396469 0.368671834468842 0.370926171541214 0.373180508613586 0.375417053699493 0.377647668123245 0.379878282546997 0.382108926773071 0.384339541196823 0.386570155620575 0.388800770044327 0.391228348016739 0.394246846437454 0.397265315055847 0.40028378367424 0.403302252292633 0.406320720911026 0.409339219331741 0.412357687950134 0.415748715400696 0.419263958930969 0.42277917265892 0.426294416189194 0.429809659719467 0.433324873447418
