data/working_set_collections/6091692-Cassins_Sparrow-M2/2005/echange_avg.asc
NCOLS 265 
NROWS 230 
XLLCORNER -115.5625 
YLLCORNER 24.8333333333333 
CELLSIZE 0.0833333333333333 
NODATA_value -9999 
[rows 57 to 75 of 230, columns 84 to 125 of 265]
-0.00859513226896524 -0.00794966239482164 -0.00730419205501676 -0.00665872218087316 -0.00601325230672956 -0.00342598813585937 0.00498665776103735 0.0133993038907647 0.0218119490891695 0.0302245952188969 0.0386372432112694 0.0470498874783516 0.0554625317454338 0.060162790119648 0.0636255815625191 0.0670883730053902 0.0705511644482613 0.0740139558911324 0.0774767473340034 0.080939531326294 0.0857668444514275 0.0946877002716064 0.103608556091785 0.112529411911964 0.121450267732143 0.130371123552322 0.139291986823082 0.14821283519268 0.145764410495758 0.139526203274727 0.133288010954857 0.127049818634987 0.120811611413956 0.114573411643505 0.108335219323635 0.0963131561875343 0.0669395178556442 0.0375658757984638 0.00819223467260599 -0.0211814064532518 -0.0505550466477871 -0.0799286887049675
-0.00824846047908068 -0.00818816013634205 -0.008127860724926 -0.00806756131350994 -0.00800726097077131 -0.00546273728832603 0.00453445874154568 0.0145316552370787 0.0245288517326117 0.0345260463654995 0.0445232428610325 0.0545204393565655 0.0645176395773888 0.0664628222584724 0.0657240003347397 0.0649851784110069 0.0642463639378548 0.063507542014122 0.0627687200903893 0.0620299018919468 0.0650275647640228 0.0792346596717834 0.0934417545795441 0.107648856937885 0.121855951845646 0.136063054203987 0.150270149111748 0.164477244019508 0.162194952368736 0.154416188597679 0.146637424826622 0.138858675956726 0.131079912185669 0.123301148414612 0.115522392094135 0.102942138910294 0.0759574249386787 0.0489727072417736 0.0219879932701588 -0.00499672256410122 -0.0319814383983612 -0.058966152369976
-0.00790178775787354 -0.00842665880918503 -0.00895152892917395 -0.00947639998048544 -0.0100012701004744 -0.00749948667362332 0.00408226018771529 0.0156640075147152 0.0272457543760538 0.0388275012373924 0.0504092462360859 0.0619909949600697 0.0735727399587631 0.0727628543972969 0.0678224265575409 0.0628819912672043 0.0579415634274483 0.053001131862402 0.0480607002973557 0.0431202687323093 0.0442882813513279 0.0637816190719604 0.0832749605178833 0.102768294513226 0.122261635959148 0.141754969954491 0.161248311400414 0.180741652846336 0.178625494241714 0.169306173920631 0.159986853599548 0.150667533278465 0.141348212957382 0.132028877735138 0.122709564864635 0.109571121633053 0.0849753320217133 0.0603795424103737 0.0357837527990341 0.0111879613250494 -0.0134078292176127 -0.0380036197602749
-0.00588507624343038 -0.00567891076207161 -0.00547274574637413 -0.00526658026501536 -0.00506041524931788 -0.00215272838249803 0.00885952264070511 0.019871773198247 0.030884025618434 0.0418962761759758 0.0529085285961628 0.0639207810163498 0.0749330297112465 0.0732793733477592 0.0674037486314774 0.0615281276404858 0.0556525066494942 0.0497768819332123 0.0439012572169304 0.0380256362259388 0.0388284809887409 0.0596667416393757 0.0805049985647202 0.101343259215355 0.12218151986599 0.143019780516624 0.163858041167259 0.184696301817894 0.18262343108654 0.172913536429405 0.163203626871109 0.153493717312813 0.143783807754517 0.134073913097382 0.124364003539085 0.111292637884617 0.0881368890404701 0.064981147646904 0.0418254025280476 0.0186696574091911 -0.00448608724400401 -0.0276418309658766
-0.00219832477159798 5.50824333913624e-05 0.00230848975479603 0.00456189690157771 0.00681530451402068 0.0105775371193886 0.0188662465661764 0.0271549578756094 0.0354436673223972 0.0437323786318302 0.0520210862159729 0.0603097975254059 0.0685985088348389 0.0680123865604401 0.0644679889082909 0.0609235875308514 0.0573791898787022 0.053834792226553 0.0502903945744038 0.0467459969222546 0.0486481636762619 0.0668900236487389 0.0851318836212158 0.103373743593693 0.12161560356617 0.139857470989227 0.158099323511124 0.176341190934181 0.174188777804375 0.165238261222839 0.156287744641304 0.14733724296093 0.138386726379395 0.129436209797859 0.120485700666904 0.108106672763824 0.0854420959949493 0.0627775192260742 0.0401129424571991 0.017448365688324 -0.00521621247753501 -0.0278807897120714
0.00148842635098845 0.00578907551243901 0.0100897252559662 0.0143903745338321 0.018691023811698 0.0233078021556139 0.0288729723542929 0.0344381406903267 0.0400033108890057 0.0455684773623943 0.0511336475610733 0.056698814034462 0.062263984233141 0.0627453997731209 0.0615322217345238 0.0603190511465073 0.0591058768332005 0.0578927025198936 0.0566795319318771 0.0554663576185703 0.0584678426384926 0.0741133019328117 0.0897587686777115 0.105404227972031 0.12104969471693 0.136695146560669 0.152340620756149 0.167986080050468 0.165754109621048 0.157562986016273 0.14937187731266 0.141180753707886 0.132989645004272 0.124798521399498 0.116607405245304 0.104920715093613 0.0827473029494286 0.0605738945305347 0.0384004823863506 0.0162270721048117 -0.00594633771106601 -0.0281197484582663
0.00517517747357488 0.011523068882525 0.0178709607571363 0.0242188517004251 0.030566742643714 0.0360380671918392 0.0388796962797642 0.0417213253676891 0.0445629507303238 0.0474045798182487 0.0502462051808834 0.0530878342688084 0.055929459631443 0.0574784055352211 0.058596458286047 0.0597145110368729 0.0608325637876987 0.0619506165385246 0.0630686655640602 0.0641867220401764 0.0682875216007233 0.0813365876674652 0.0943856537342072 0.107434712350368 0.12048377841711 0.133532837033272 0.146581903100014 0.159630969166756 0.157319441437721 0.149887725710869 0.142455995082855 0.135024279356003 0.127592548727989 0.120160825550556 0.112729109823704 0.101734757423401 0.0800525099039078 0.058370266109705 0.0366880223155022 0.0150057803839445 -0.00667646247893572 -0.028358705341816
0.00886192917823792 0.0172570627182722 0.0256521962583065 0.0340473279356956 0.0424424633383751 0.0487683340907097 0.0488864220678806 0.0490045063197613 0.0491225942969322 0.0492406785488129 0.0493587665259838 0.0494768507778645 0.0495949387550354 0.0522114187479019 0.0556606948375702 0.0591099709272385 0.0625592470169067 0.066008523106575 0.0694577991962433 0.0729070827364922 0.078107200562954 0.0885598659515381 0.0990125313401222 0.109465196728706 0.11991786211729 0.130370527505875 0.140823185443878 0.151275858283043 0.148884773254395 0.142212450504303 0.135540127754211 0.128867790102959 0.122195467352867 0.115523137152195 0.108850806951523 0.0985487923026085 0.077357716858387 0.0561666414141655 0.034975565969944 0.0137844886630774 -0.00740658771246672 -0.0285976640880108
0.0125486804172397 0.0229910556226969 0.0334334298968315 0.0438758060336113 0.0543181821703911 0.0614986009895802 0.0588931441307068 0.0562876909971237 0.0536822341382504 0.0510767810046673 0.0484713241457939 0.0458658710122108 0.0432604141533375 0.0469444282352924 0.0527249313890934 0.0585054308176041 0.064285933971405 0.070066437125206 0.075846940279007 0.0816274434328079 0.0879268869757652 0.0957831516861916 0.103639416396618 0.111495681107044 0.119351945817471 0.127208217978477 0.135064482688904 0.14292074739933 0.140450105071068 0.134537175297737 0.128624245524406 0.122711308300495 0.116798378527164 0.110885441303253 0.104972511529922 0.0953628346323967 0.0746629238128662 0.053963016718626 0.0332631058990955 0.0125631969422102 -0.00813671294599771 -0.0288366228342056
0.0159347727894783 0.0270883180201054 0.0382418632507324 0.0493954047560692 0.0605489499866962 0.0679132714867592 0.0639099329710007 0.0599065981805325 0.0559032596647739 0.0518999211490154 0.0478965863585472 0.0438932478427887 0.0398899093270302 0.0435524955391884 0.0497703887522221 0.0559882782399654 0.0622061714529991 0.0684240609407425 0.0746419578790665 0.0808598473668098 0.0872647017240524 0.094230443239212 0.101196184754372 0.108161926269531 0.11512766033411 0.12209340184927 0.129059135913849 0.136024877429008 0.132990494370461 0.12662273645401 0.120254971086979 0.113887205719948 0.107519447803497 0.101151682436466 0.0947839170694351 0.0848961099982262 0.064448170363903 0.0440002270042896 0.0235522855073214 0.00310434284619987 -0.0173435993492603 -0.0377915427088737
0.0190202072262764 0.0295488480478525 0.0400774888694286 0.0506061278283596 0.0611347667872906 0.0680123567581177 0.0639367923140526 0.0598612315952778 0.055785670876503 0.0517101064324379 0.0476345457136631 0.0435589849948883 0.0394834205508232 0.0420356169342995 0.0467970669269562 0.0515585131943226 0.0563199631869793 0.0610814094543457 0.0658428594470024 0.0706043094396591 0.0761206597089767 0.0839017480611801 0.0916828364133835 0.0994639247655869 0.10724500566721 0.115026094019413 0.122807182371616 0.130588263273239 0.126505926251411 0.11846911162138 0.110432296991348 0.102395482361317 0.0943586602807045 0.0863218456506729 0.0782850310206413 0.0671486258506775 0.0467134527862072 0.0262782778590918 0.00584310200065374 -0.0145920729264617 -0.0350272469222546 -0.0554624237120152
0.0221056435257196 0.0320093780755997 0.0419131144881248 0.0518168471753597 0.0617205835878849 0.0681114345788956 0.0639636516571045 0.0598158650100231 0.0556680783629417 0.0515202917158604 0.047372505068779 0.0432247184216976 0.0390769354999065 0.0405187383294106 0.0438237451016903 0.0471287481486797 0.0504337511956692 0.0537387542426586 0.057043757289648 0.0603487603366375 0.0649766251444817 0.0735730528831482 0.0821694880723953 0.0907659232616425 0.099362351000309 0.107958786189556 0.116555213928223 0.12515164911747 0.120021358132362 0.11031548678875 0.100609622895718 0.090903751552105 0.0811978802084923 0.0714920163154602 0.0617861449718475 0.0494011417031288 0.0289787352085114 0.00855632778257132 -0.0118660805746913 -0.0322884880006313 -0.0527108982205391 -0.0731333047151566
0.0251910779625177 0.0344699062407017 0.0437487401068211 0.0530275702476501 0.0623064003884792 0.0682105198502541 0.0639905110001564 0.0597704984247684 0.0555504895746708 0.0513304769992828 0.0471104681491852 0.0428904555737972 0.0386704467236996 0.0390018634498119 0.0408504232764244 0.0426989793777466 0.0445475392043591 0.0463960990309715 0.048244658857584 0.0500932186841965 0.053832583129406 0.0632443577051163 0.0726561397314072 0.0820679217576981 0.0914796963334084 0.100891478359699 0.11030325293541 0.1197150349617 0.113536790013313 0.10216186195612 0.0907869413495064 0.0794120207428932 0.0680371001362801 0.0566621795296669 0.0452872589230537 0.0316536575555801 0.0112440185621381 -0.00916562229394913 -0.0295752640813589 -0.0499849058687687 -0.0703945457935333 -0.0908041894435883
0.0282765123993158 0.036930438131094 0.0455843657255173 0.0542382895946503 0.0628922134637833 0.0683096051216125 0.0640173703432083 0.0597251318395138 0.0554328970611095 0.0511406622827053 0.0468484275043011 0.0425561927258968 0.0382639579474926 0.037484984844923 0.0378771014511585 0.0382692143321037 0.0386613309383392 0.0390534438192844 0.0394455604255199 0.0398376733064651 0.0426885411143303 0.0529156662523746 0.063142791390419 0.0733699128031731 0.0835970416665077 0.0938241630792618 0.104051291942596 0.11427841335535 0.107052214443684 0.09400824457407 0.0809642672538757 0.0679202973842621 0.0548763200640678 0.0418323464691639 0.02878837287426 0.0139061752706766 -0.00649069854989648 -0.0268875733017921 -0.047284446656704 -0.0676813200116158 -0.0880781933665276 -0.108475066721439
0.0313619486987591 0.0393909700214863 0.0474199913442135 0.0554490126669407 0.0634780302643776 0.0684086829423904 0.0640442222356796 0.0596797652542591 0.0553153045475483 0.0509508475661278 0.046586386859417 0.0422219298779964 0.0378574691712856 0.0359681062400341 0.0349037796258926 0.0338394492864609 0.0327751189470291 0.0317107886075974 0.0306464601308107 0.029582129791379 0.0315444990992546 0.0425869710743427 0.0536294430494308 0.0646719112992287 0.0757143869996071 0.0867568552494049 0.0977993309497833 0.108841799199581 0.100567646324635 0.0858546197414398 0.0711415931582451 0.0564285665750504 0.0417155399918556 0.0270025134086609 0.0122894877567887 -0.00384130910970271 -0.024225415661931 -0.0446095205843449 -0.0649936273694038 -0.0853777378797531 -0.105761840939522 -0.12614594399929
0.034641120582819 0.0410483703017235 0.047455620020628 0.0538628697395325 0.060270119458437 0.064117044210434 0.0602830164134502 0.0564489848911762 0.0526149533689022 0.0487809255719185 0.0449468940496445 0.0411128625273705 0.0372788310050964 0.0355278216302395 0.0344711542129517 0.0334144830703735 0.0323578119277954 0.0313011445105076 0.0302444752305746 0.0291878059506416 0.0310107246041298 0.0414724126458168 0.0519341006875038 0.0623957850039005 0.0728574767708778 0.0833191573619843 0.0937808454036713 0.104242533445358 0.0952130407094955 0.0796864852309227 0.0641599297523499 0.048633374273777 0.0331068187952042 0.0175802633166313 0.00205370783805847 -0.0145159298554063 -0.0342148132622242 -0.053913701325655 -0.0736125856637955 -0.0933114737272263 -0.113010354340076 -0.132709234952927
0.038114033639431 0.0419026426970959 0.0456912517547607 0.0494798608124256 0.0532684735953808 0.0554346926510334 0.0527337417006493 0.0500327944755554 0.0473318435251713 0.0446308925747871 0.0419299453496933 0.0392289943993092 0.036528043448925 0.0361641272902489 0.0365792214870453 0.036994319409132 0.0374094136059284 0.0378245078027248 0.0382396019995213 0.038654699921608 0.0410872139036655 0.0495719872415066 0.0580567568540573 0.0665415301918983 0.0750263035297394 0.0835110768675804 0.0919958502054214 0.100480623543262 0.090988390147686 0.075503833591938 0.0600192733108997 0.0445347130298615 0.0290501546114683 0.0135655952617526 -0.00191896478645504 -0.0181176867336035 -0.0364588983356953 -0.0548001043498516 -0.0731413140892982 -0.0914825275540352 -0.109823733568192 -0.128164947032928
0.0415869429707527 0.0427569150924683 0.0439268834888935 0.0450968556106091 0.0462668277323246 0.0467523373663425 0.0451844707131386 0.0436166003346443 0.0420487299561501 0.0404808633029461 0.0389129929244518 0.0373451262712479 0.0357772558927536 0.0368004329502583 0.0386872924864292 0.0405741520226002 0.0424610115587711 0.0443478710949421 0.0462347343564034 0.0481215938925743 0.0511637032032013 0.057671558111906 0.0641794204711914 0.0706872716546059 0.0771951302886009 0.083702988922596 0.090210847556591 0.0967187061905861 0.0867637470364571 0.0713211819529533 0.0558786205947399 0.0404360555112362 0.0249934904277325 0.00955092627555132 -0.00589163741096854 -0.0217194445431232 -0.038702979683876 -0.0556865110993385 -0.072670042514801 -0.0896535813808441 -0.106637112796307 -0.123620644211769
0.0450598560273647 0.0436111874878407 0.0421625189483166 0.0407138504087925 0.0392651818692684 0.0380699820816517 0.0376351960003376 0.0372004061937332 0.0367656201124191 0.0363308303058147 0.0358960442245007 0.0354612544178963 0.0350264683365822 0.0374367386102676 0.0407953634858131 0.0441539883613586 0.0475126132369041 0.0508712381124496 0.0542298629879951 0.0575884841382504 0.0612401887774467 0.0657711327075958 0.0703020766377449 0.074833020567894 0.0793639644980431 0.0838949084281921 0.0884258449077606 0.0929567888379097 0.0825391039252281 0.0671385303139687 0.0517379641532898 0.0363373942673206 0.0209368262439966 0.00553625822067261 -0.0098643098026514 -0.0253212004899979 -0.0409470610320568 -0.0565729178488255 -0.0721987783908844 -0.087824635207653 -0.103450492024422 -0.11907634884119
