data/working_set_collections/6091692-Cassins_Sparrow-M2/2005/echange_avg.asc
NCOLS 265 
NROWS 230 
XLLCORNER -115.5625 
YLLCORNER 24.8333333333333 
CELLSIZE 0.0833333333333333 
NODATA_value -9999 
[rows 171 to 189 of 230, columns 210 to 251 of 265]
0.0812483057379723 0.0809657573699951 0.0806832015514374 0.0804006531834602 0.0801180973649025 0.0798355489969254 0.0795530006289482 0.0752046033740044 0.0695009306073189 0.0637972578406334 0.0580935813486576 0.0523899048566818 0.0466862320899963 0.0409825555980206 0.0360068678855896 0.0332151316106319 0.0304233953356743 0.0276316590607166 0.0248399246484041 0.0220481883734465 0.0192564520984888 0.0164647176861763 0.0151232471689582 0.0142652001231909 0.013407152146101 0.0125491051003337 0.0116910571232438 0.0108330091461539 0.00997496210038662 0.00983106717467308 0.0118296295404434 0.0138281919062138 0.0158267542719841 0.0178253166377544 0.0198238790035248 0.0218224413692951 0.0238210037350655 0.026046808809042 0.0283483639359474 0.0306499172002077 0.032951470464468 0.0352530255913734
0.0786880478262901 0.0785764679312706 0.0784648880362511 0.0783533155918121 0.0782417356967926 0.0781301632523537 0.0780185833573341 0.0737138837575912 0.0680114701390266 0.0623090602457523 0.056606650352478 0.0509042404592037 0.0452018268406391 0.0394994169473648 0.0345912389457226 0.0320657603442669 0.0295402780175209 0.0270147975534201 0.0244893170893192 0.0219638366252184 0.0194383561611176 0.0169128756970167 0.015730133280158 0.0149949714541435 0.014259809628129 0.0135246468707919 0.0127894850447774 0.0120543232187629 0.0113191613927484 0.0113220075145364 0.0135388812050223 0.0157557539641857 0.0179726276546717 0.0201895013451576 0.0224063750356436 0.0246232468634844 0.0268401205539703 -9999 -9999 0.0366831719875336 0.040060929954052 0.0434386879205704
0.0761277824640274 0.0761871784925461 0.0762465745210648 0.076305978000164 0.0763653740286827 0.0764247700572014 0.0764841660857201 0.0722231566905975 0.0665220096707344 0.0608208663761616 0.0551197193562984 0.0494185723364353 0.0437174253165722 0.0380162820219994 0.0331756137311459 0.0309163890779018 0.0286571625620127 0.0263979360461235 0.0241387113928795 0.0218794848769903 0.0196202583611012 0.0173610337078571 0.0163370184600353 0.0157247427850962 0.0151124661788344 0.0145001895725727 0.013887912966311 0.0132756363600492 0.0126633597537875 0.0128129487857223 0.0152481328696012 0.0176833178848028 0.0201185010373592 0.0225536860525608 0.0249888692051172 0.0274240542203188 0.0298592373728752 0.0338085070252419 -9999 -9999 0.0471703894436359 0.0516243502497673
0.0744041204452515 0.0743489414453506 0.0742937624454498 0.074238583445549 0.0741834118962288 0.074128232896328 0.0740730538964272 0.070032075047493 0.0646624937653542 0.059292908757925 0.0539233237504959 0.0485537424683571 0.0431841611862183 0.0378145761787891 0.0332700945436954 0.0312009155750275 0.0291317366063595 0.0270625576376915 0.0249933786690235 0.0229241978377104 0.0208550188690424 0.0187858399003744 0.0177150294184685 0.0169770084321499 0.0162389874458313 0.0155009664595127 0.0147629454731941 0.0140249244868755 0.0132869035005569 0.0132841262966394 0.0154870795086026 0.0176900327205658 0.0198929868638515 0.0220959410071373 0.024298895150423 0.0265018492937088 0.0287048015743494 0.0335395783185959 0.0392516292631626 -9999 -9999 0.0563877858221531
0.0735170543193817 0.0730617493391037 0.0726064518094063 0.0721511468291283 0.0716958492994308 0.0712405443191528 0.0707852393388748 0.0671406239271164 0.0624329075217247 0.0577251873910427 0.0530174672603607 0.0483097471296787 0.043602030724287 0.038894310593605 0.0348746851086617 0.0329193435609341 0.0309640020132065 0.0290086604654789 0.0270533189177513 0.0250979773700237 0.0231426358222961 0.0211872942745686 0.0198641624301672 0.0187517683953047 0.017639372497797 0.0165269766002893 0.0154145816341043 0.0143021857365966 0.0131897907704115 0.0127355400472879 0.014255722053349 0.0157759040594101 0.0172960851341486 0.0188162680715322 0.0203364491462708 0.0218566302210093 0.0233768131583929 0.0291208792477846 -9999 -9999 -9999 -9999
0.072629988193512 0.0717745646834373 0.0709191337227821 0.0700637102127075 0.0692082792520523 0.0683528557419777 0.0674974322319031 0.0642491802573204 0.0602033250033855 0.0561574660241604 0.0521116107702255 0.0480657555162907 0.0440198965370655 0.0399740412831306 0.0364792719483376 0.0346377715468407 0.0327962674200535 0.0309547632932663 0.0291132591664791 0.0272717569023371 0.0254302527755499 0.0235887505114079 0.0220132973045111 0.0205265264958143 0.0190397575497627 0.017552986741066 0.0160662177950144 0.0145794479176402 0.013092678040266 0.0121869537979364 0.0130243636667728 0.0138617735356092 0.0146991834044456 0.015536593273282 0.0163740031421185 0.0172114130109549 0.0180488228797913 -9999 -9999 -9999 -9999 -9999
0.0717429220676422 0.0704873725771904 0.0692318230867386 0.0679762661457062 0.0667207166552544 0.0654651671648026 0.0642096176743507 0.0613577328622341 0.0579737424850464 0.0545897483825684 0.0512057542800903 0.0478217601776123 0.0444377660751343 0.0410537719726562 0.0380838625133038 0.036356195807457 0.0346285328269005 0.0329008661210537 0.0311732012778521 0.0294455364346504 0.0277178697288036 0.025990204885602 0.0241624303162098 0.0223012864589691 0.0204401426017284 0.0185789987444878 0.0167178530246019 0.0148567100986838 0.0129955653101206 0.0116383666172624 0.0117930052801967 0.0119476430118084 0.0121022816747427 0.0122569194063544 0.0124115580692887 0.0125661958009005 -9999 0.0202834773808718 -9999 -9999 -9999 -9999
0.0708558559417725 0.0692001804709435 0.0675445050001144 0.0658888295292854 0.0642331540584564 0.0625774785876274 0.0609218031167984 0.0584662891924381 0.0557441562414169 0.053022027015686 0.0502998977899551 0.0475777648389339 0.044855635613203 0.0421335063874722 0.0396884493529797 0.0380746237933636 0.0364607945084572 0.0348469689488411 0.033233143389225 0.0316193141043186 0.0300054866820574 0.0283916592597961 0.0263115651905537 0.0240760464221239 0.0218405276536942 0.0196050088852644 0.0173694901168346 0.0151339713484049 0.0128984525799751 0.0110897803679109 0.0105616468936205 0.0100335134193301 0.00950537994503975 0.0089772455394268 0.00844911206513643 0.00792097859084606 -9999 -9999 -9999 -9999 -9999 -9999
0.0699687898159027 0.0679129883646965 0.0658571943640709 0.0638013929128647 0.0617455914616585 0.0596897937357426 0.0576339922845364 0.0555748417973518 0.0535145737230778 0.0514543056488037 0.0493940412998199 0.0473337732255459 0.0452735051512718 0.0432132370769978 0.0412930399179459 0.0397930517792702 0.0382930599153042 0.0367930717766285 0.0352930836379528 0.0337930954992771 0.0322931036353111 0.0307931154966354 0.0284606982022524 0.0258508045226336 0.0232409127056599 0.020631019026041 0.0180211253464222 0.0154112335294485 0.0128013398498297 0.0105411941185594 0.00933028850704432 0.00811938289552927 0.00690847774967551 0.00569757213816047 0.00448666652664542 -9999 -9999 -9999 -9999 -9999 -9999 -9999
0.0692762136459351 0.0668309777975082 0.0643857344985008 0.0619404911994934 0.0594952516257763 0.0570500083267689 0.0546047687530518 0.0526912175118923 0.0509548932313919 0.0492185726761818 0.0474822483956814 0.0457459278404713 0.0440096035599709 0.0422732830047607 0.040631078183651 0.0392712205648422 0.0379113629460335 0.0365515053272247 0.0351916514337063 0.0338317938148975 0.0324719361960888 0.0311120804399252 0.0290632024407387 0.0267846509814262 0.0245060995221138 0.0222275480628014 0.0199489966034889 0.0176704451441765 0.0153918946161866 0.0131034357473254 0.0107852555811405 0.00846707448363304 0.00614889385178685 0.00383071321994066 -9999 -9999 -9999 -9999 -9999 -9999 -9999 -9999
0.0687781274318695 0.0659541338682175 0.0631301328539848 0.0603061318397522 0.0574821308255196 0.0546581335365772 0.0518341325223446 0.0498154126107693 0.0480651184916496 0.0463148206472397 0.04456452652812 0.0428142324090004 0.0410639382898808 0.0393136404454708 0.037702564150095 0.03650913387537 0.0353157036006451 0.0341222733259201 0.0329288430511951 0.0317354127764702 0.0305419825017452 0.0293485522270203 0.0281190760433674 0.0268775820732117 0.025636088103056 0.0243945959955454 0.0231531020253897 0.0219116099178791 0.0206701159477234 0.0187765061855316 0.014926546253264 0.0110765872523189 -9999 -9999 -9999 -9999 -9999 -9999 -9999 -9999 -9999 -9999
0.0682800486683846 0.0650772899389267 0.0618745312094688 0.058671772480011 0.0554690137505531 0.0522662550210953 0.0490634962916374 0.0469396077096462 0.045175340026617 0.0434110723435879 0.0416468046605587 0.0398825369775295 0.0381182692945004 0.0363540016114712 0.034774050116539 0.0337470471858978 0.0327200442552567 0.0316930413246155 0.0306660365313292 0.029639033600688 0.0286120306700468 0.0275850258767605 0.0271749496459961 0.0269705131649971 0.0267660785466433 0.0265616439282894 0.0263572074472904 0.0261527728289366 0.0259483363479376 0.0244495756924152 -9999 -9999 -9999 -9999 -9999 -9999 -9999 -9999 -9999 -9999 -9999 -9999
0.067781962454319 0.0642004460096359 0.0606189295649529 0.0570374131202698 0.0534558966755867 0.0498743802309036 0.0462928637862206 0.0440638028085232 0.0422855615615845 0.0405073203146458 0.0387290827929974 0.0369508415460587 0.03517260029912 0.0333943590521812 0.031845536082983 0.0309849586337805 0.0301243830472231 0.0292638055980206 0.0284032300114632 0.0275426525622606 0.0266820769757032 0.0258214995265007 0.0262308232486248 0.0270634461194277 0.0278960671275854 0.0287286899983883 0.0295613128691912 0.030393935739994 -9999 -9999 -9999 -9999 -9999 -9999 -9999 -9999 -9999 -9999 -9999 -9999 -9999 -9999
0.0672838762402534 0.0633236020803452 0.0593633279204369 0.0554030537605286 0.05144277587533 0.0474825017154217 0.0435222275555134 0.0411879979074001 0.0393957868218422 0.037603572010994 0.0358113572001457 0.0340191461145878 0.0322269313037395 0.0304347183555365 0.028917022049427 0.0282228719443083 0.0275287218391895 0.0268345717340708 0.0261404234915972 0.0254462733864784 -9999 -9999 0.0252866968512535 0.0271563772112131 0.0290260575711727 0.0308957379311323 -9999 -9999 -9999 -9999 -9999 -9999 -9999 -9999 -9999 -9999 -9999 -9999 -9999 -9999 -9999 -9999
0.0667857900261879 0.0624467581510544 0.0581077262759209 0.0537686906754971 0.0494296588003635 0.0450906231999397 0.0407515913248062 0.0383121930062771 0.0365060083568096 0.0346998199820518 0.0328936353325844 0.0310874506831169 0.0292812641710043 0.0274750776588917 0.025988508015871 0.0254607852548361 0.0249330624938011 0.0244053397327662 0.023877615109086 -9999 -9999 -9999 -9999 0.0272493083029985 -9999 -9999 -9999 -9999 -9999 -9999 -9999 -9999 -9999 -9999 -9999 -9999 -9999 -9999 -9999 -9999 -9999 -9999
0.0661017224192619 0.0617122799158096 0.057322833687067 0.0529333874583244 0.0485439412295818 0.0441544950008392 0.0397650524973869 0.0372409336268902 0.0353385917842388 0.0334362536668777 0.0315339118242264 0.029631569981575 0.0277292300015688 0.0258268881589174 0.0242857653647661 0.0238282941281796 0.0233708210289478 0.0229133497923613 0.0224558785557747 0.0219984073191881 -9999 -9999 -9999 -9999 -9999 -9999 -9999 -9999 -9999 -9999 -9999 -9999 -9999 -9999 -9999 -9999 -9999 -9999 -9999 -9999 -9999 -9999
0.0652316734194756 0.0611201636493206 0.0570086501538754 0.0528971403837204 0.0487856268882751 0.0446741171181202 0.0405626073479652 0.0379742197692394 0.0358935408294201 0.0338128618896008 0.0317321866750717 0.0296515077352524 0.0275708306580782 0.0254901517182589 0.0238087940961123 0.0233253985643387 0.02284200116992 0.0223586056381464 0.0218752101063728 -9999 -9999 -9999 -9999 -9999 -9999 -9999 -9999 -9999 -9999 -9999 -9999 -9999 -9999 -9999 -9999 -9999 -9999 -9999 -9999 -9999 -9999 -9999
0.0643616244196892 0.0605280473828316 0.056694470345974 0.0528608933091164 0.0490273162722588 0.0451937392354012 0.0413601621985435 0.0387075059115887 0.0364484898746014 0.0341894738376141 0.0319304615259171 0.0296714454889297 0.0274124294519424 0.0251534152776003 0.0233318228274584 0.0228225030004978 -9999 -9999 0.021294541656971 -9999 -9999 -9999 -9999 -9999 -9999 -9999 -9999 -9999 -9999 -9999 -9999 -9999 -9999 -9999 -9999 -9999 -9999 -9999 -9999 -9999 -9999 -9999
0.0634915754199028 0.0599359311163425 0.0563802868127823 0.052824642509222 0.0492690019309521 0.0457133576273918 0.0421577170491219 0.0394407920539379 0.0370034389197826 0.0345660857856274 0.0321287326514721 0.029691381379962 0.0272540301084518 0.0248166769742966 0.0228548515588045 0.022319607436657 0.0217843614518642 -9999 -9999 -9999 -9999 -9999 -9999 -9999 -9999 -9999 -9999 -9999 -9999 -9999 -9999 -9999 -9999 -9999 -9999 -9999 -9999 -9999 -9999 -9999 -9999 -9999
