data/working_set_collections/6091692-Cassins_Sparrow-M2/2005/echange_avg.asc
NCOLS 265 
NROWS 230 
XLLCORNER -115.5625 
YLLCORNER 24.8333333333333 
CELLSIZE 0.0833333333333333 
NODATA_value -9999 
[rows 152 to 170 of 230, columns 84 to 125 of 265]
0.0174560155719519 0.0195379890501499 0.021619962528348 0.0237019378691912 0.0257839113473892 0.0271142609417439 0.0261897388845682 0.0252652186900377 0.0243406966328621 0.0234161745756865 0.022491654381156 0.0215671323239803 0.0206426102668047 0.0156183941289783 0.00922761298716068 0.00283683137968183 -0.00355394999496639 -0.0099447313696146 -0.0163355134427547 -0.0227262936532497 -0.0260414145886898 -0.0201295521110296 -0.0142176877707243 -0.00830582529306412 -0.00239396188408136 0.00351790129207075 0.00942976400256157 0.0153416274115443 0.0186386108398438 0.021063968539238 0.0234893262386322 0.0259146839380264 0.0283400416374207 0.0307653993368149 0.0331907570362091 0.0351399779319763 0.0356607921421528 0.036181602627039 0.0367024168372154 0.0372232273221016 0.0377440415322781 0.0382648520171642
0.0122505202889442 0.0132552459836006 0.0142599726095796 0.0152646983042359 0.0162694249302149 0.0168970711529255 0.016393480822444 0.0158898904919624 0.0153862992301583 0.0148827079683542 0.0143791176378727 0.0138755263760686 0.0133719360455871 0.00912559404969215 0.00363166932947934 -0.00186225562356412 -0.00735618034377694 -0.0128501057624817 -0.0183440297842026 -0.0238379556685686 -0.0263926796615124 -0.0201297998428345 -0.0138669218868017 -0.0076040425337851 -0.0013411637628451 0.00492171524092555 0.0111845936626196 0.0174474734812975 0.0212703626602888 0.024279922246933 0.0272894836962223 0.0302990432828665 0.0333086028695107 0.0363181643188 0.039327722042799 0.0417745523154736 0.0425331890583038 0.0432918295264244 0.0440504662692547 0.044809103012085 0.0455677397549152 0.0463263802230358
0.00704502500593662 0.0069725033827126 0.00689998175948858 0.00682746013626456 0.00675493851304054 0.00667988229542971 0.00659722182899714 0.00651456182822585 0.00643190136179328 0.006349241361022 0.00626658089458942 0.00618392089381814 0.00610126042738557 0.0026327942032367 -0.00196427409537137 -0.00656134262681007 -0.0111584113910794 -0.0157554801553488 -0.0203525479882956 -0.0249496158212423 -0.0267439447343349 -0.0201300494372845 -0.0135161550715566 -0.00690226024016738 -0.000288365641608834 0.00632552895694971 0.0129394233226776 0.0195533186197281 0.0239021144807339 0.027495875954628 0.0310896392911673 0.0346834026277065 0.0382771641016006 0.0418709255754948 0.0454646907746792 0.0484091266989708 0.0494055896997452 0.0504020527005196 0.0513985157012939 0.0523949787020683 0.0533914417028427 0.0543879047036171
0.00183953030500561 0.000689760723616928 -0.000460008828667924 -0.00160977838095278 -0.0027595479041338 -0.00353730749338865 -0.00319903693161905 -0.00286076660268009 -0.00252249627374113 -0.00218422571197152 -0.00184595526661724 -0.00150768482126296 -0.00116941449232399 -0.0038600058760494 -0.00756021775305271 -0.0112604293972254 -0.0149606419727206 -0.0186608526855707 -0.0223610661923885 -0.0260612778365612 -0.0270952079445124 -0.0201302990317345 -0.0131653882563114 -0.00620047794654965 0.00076443247962743 0.00772934267297387 0.0146942529827356 0.0216591637581587 0.0265338644385338 0.030711829662323 0.0348897948861122 0.0390677601099014 0.0432457253336906 0.0474236905574799 0.0516016557812691 0.055043701082468 0.0562779903411865 0.057512279599905 0.0587465651333332 0.0599808543920517 0.0612151436507702 0.0624494291841984
-0.000922601611819118 -0.00249869422987103 -0.00407478678971529 -0.00565087981522083 -0.00722697237506509 -0.00832475256174803 -0.00798759330064058 -0.00765043497085571 -0.00731327664107084 -0.00697611831128597 -0.00663895951583982 -0.00630180118605494 -0.00596464239060879 -0.00806426908820868 -0.01097615621984 -0.013888044282794 -0.0167999323457479 -0.0197118204087019 -0.0226237084716558 -0.0255355946719646 -0.0259470287710428 -0.0188570991158485 -0.0117671685293317 -0.00467723794281483 0.00241269217804074 0.00950262229889631 0.0165925528854132 0.0236824825406075 0.0288895517587662 0.0334690026938915 0.0380484499037266 0.0426279008388519 0.0472073517739773 0.0517867989838123 0.0563662499189377 0.0601869747042656 0.0617315210402012 0.0632760673761368 0.0648206174373627 0.0663651674985886 0.0679097101092339 0.0694542601704597
-0.00124137056991458 -0.00259286165237427 -0.00394435273483396 -0.00529584381729364 -0.00664733489975333 -0.00768245197832584 -0.0077684479765594 -0.00785444397479296 -0.0079404404386878 -0.00802643597126007 -0.00811243150383234 -0.00819842796772718 -0.00828442350029945 -0.00997999496757984 -0.0122120911255479 -0.0144441872835159 -0.0166762825101614 -0.018908379599452 -0.0211404748260975 -0.0233725719153881 -0.0232994053512812 -0.0163104496896267 -0.00932149589061737 -0.00233254092745483 0.00465641357004642 0.0116453683003783 0.0186343230307102 0.0256232768297195 0.030969176441431 0.0357673913240433 0.0405656062066555 0.045363824814558 0.0501620396971703 0.0549602545797825 0.0597584694623947 0.0638389438390732 0.0657661855220795 0.0676934272050858 0.069620668888092 0.0715479105710983 0.0734751522541046 0.0754023939371109
-0.0015601395862177 -0.0026870290748775 -0.00381391844712198 -0.00494080781936646 -0.00606769742444158 -0.00704015232622623 -0.00754930265247822 -0.0080584529787302 -0.00856760330498219 -0.00907675363123417 -0.00958590395748615 -0.0100950542837381 -0.0106042055413127 -0.011895720846951 -0.0134480250999331 -0.0150003293529153 -0.01655263453722 -0.0181049387902021 -0.0196572430431843 -0.0212095472961664 -0.0206517800688744 -0.0137638011947274 -0.00687582278624177 1.21561834021122e-05 0.00690013496205211 0.0137881133705378 0.0206760931760073 0.0275640711188316 0.0330488011240959 0.0380657836794853 0.0430827625095844 0.0480997450649738 0.0531167276203632 0.0581337064504623 0.0631506890058517 0.0674909129738808 0.0698008462786674 0.0721107870340347 0.0744207203388214 0.0767306610941887 0.0790405943989754 0.0813505351543427
-0.00187890860252082 -0.00278119649738073 -0.00368348415941 -0.00458577228710055 -0.00548805994912982 -0.00639785220846534 -0.00733015686273575 -0.00826246198266745 -0.00919476710259914 -0.0101270712912083 -0.01105937641114 -0.0119916815310717 -0.0129239866510034 -0.0138114467263222 -0.0146839590743184 -0.0155564723536372 -0.0164289847016335 -0.0173014979809523 -0.0181740093976259 -0.0190465226769447 -0.0180041566491127 -0.0112171526998281 -0.00443014968186617 0.00235685333609581 0.00914385635405779 0.0159308593720198 0.0227178614586592 0.0295048654079437 0.0351284258067608 0.0403641723096371 0.0455999188125134 0.0508356690406799 0.0560714155435562 0.0613071620464325 0.0665429085493088 0.0711428746581078 0.0738355070352554 0.0765281394124031 0.0792207717895508 0.0819134041666985 0.0846060365438461 0.0872986689209938
-0.00219767750240862 -0.00287536368705332 -0.00355305010452867 -0.00423073628917336 -0.00490842247381806 -0.00575555209070444 -0.00711101153865457 -0.00846647098660469 -0.00982192996889353 -0.0111773898825049 -0.0125328488647938 -0.0138883078470826 -0.015243767760694 -0.0157271735370159 -0.0159198939800262 -0.0161126144230366 -0.0163053348660469 -0.0164980553090572 -0.0166907776147127 -0.016883498057723 -0.0153565313667059 -0.00867050420492887 -0.00198447681032121 0.00470155058428645 0.0113875772804022 0.0180736053735018 0.0247596316039562 0.0314456596970558 0.0372080504894257 0.0426625646650791 0.0481170788407326 0.0535715892910957 0.0590261034667492 0.0644806176424026 0.0699351280927658 0.0747948437929153 0.0778701677918434 0.0809454992413521 0.0840208232402802 0.0870961472392082 0.0901714786887169 0.093246802687645
-0.00251644640229642 -0.00296953110955656 -0.00342261581681669 -0.00387570052407682 -0.00432878499850631 -0.00511325197294354 -0.0068918657489121 -0.00867047999054193 -0.0104490937665105 -0.012227707542479 -0.0140063213184476 -0.0157849341630936 -0.0175635498017073 -0.0176428984850645 -0.0171558279544115 -0.0166687574237585 -0.0161816868931055 -0.0156946144998074 -0.0152075439691544 -0.0147204734385014 -0.0127089070156217 -0.00612385524436831 0.000461196032119915 0.0070462473668158 0.0136312991380692 0.0202163513749838 0.0268014017492533 0.0333864539861679 0.0392876751720905 0.0449609532952309 0.0506342351436615 0.0563075132668018 0.0619807913899422 0.0676540732383728 0.0733273476362228 0.0784468129277229 0.081904835999012 0.0853628516197205 0.0888208746910095 0.0922788977622986 0.095736913383007 0.0991949364542961
-0.00028884966741316 -0.000496985332574695 -0.000705121026840061 -0.000913256721105427 -0.00112139247357845 -0.00192979641724378 -0.00453900499269366 -0.00714821368455887 -0.00975742284208536 -0.0123666310682893 -0.0149758402258158 -0.0175850484520197 -0.0201942585408688 -0.0204444583505392 -0.0199083238840103 -0.0193721894174814 -0.0188360549509525 -0.0182999204844236 -0.0177637841552496 -0.0172276496887207 -0.0151452161371708 -0.00842388533055782 -0.00170255394186825 0.00501877721399069 0.0117401080206037 0.0184614397585392 0.0251827705651522 0.0319041013717651 0.038143664598465 0.0442226380109787 0.0503016114234924 0.0563805811107159 0.0624595545232296 0.068538524210453 0.0746174976229668 0.0800741761922836 0.0836639478802681 0.0872537195682526 0.090843491256237 0.0944332629442215 0.098023034632206 0.10161280632019
0.00448511308059096 0.00454227346926928 0.00459943432360888 0.00465659471228719 0.00471375556662679 0.00379481492564082 -5.24292518093716e-05 -0.00389967323280871 -0.00774691719561815 -0.0115941613912582 -0.0154414055868983 -0.0192886497825384 -0.0231358930468559 -0.0241318512707949 -0.0241773817688227 -0.0242229104042053 -0.0242684409022331 -0.0243139695376158 -0.0243595000356436 -0.0244050286710262 -0.0226654596626759 -0.0155705930665135 -0.00847572647035122 -0.00138086057268083 0.00571400579065084 0.0128088723868132 0.0199037380516529 0.0269986055791378 0.033776018768549 0.040447611361742 0.0471192039549351 0.0537908002734184 0.0604623928666115 0.0671339854598045 0.0738055855035782 0.0796769261360168 0.0831475034356117 0.0866180807352066 0.0900886654853821 0.093559242784977 0.0970298275351524 0.100500404834747
0.00925907585769892 0.00958153232932091 0.00990398973226547 0.0102264462038875 0.010548903606832 0.0095194261521101 0.00443414645269513 -0.00065113278105855 -0.00573641201481223 -0.0108216917142272 -0.0159069709479809 -0.0209922511130571 -0.0260775294154882 -0.0278192460536957 -0.028446439653635 -0.0290736332535744 -0.0297008268535137 -0.0303280204534531 -0.0309552140533924 -0.0315824076533318 -0.0301857031881809 -0.0227173008024693 -0.0152489002794027 -0.00778049835935235 -0.000312096701236442 0.00715630501508713 0.0146247064694762 0.0220931079238653 0.0294083710759878 0.0366725847125053 0.043936800211668 0.0512010157108307 0.0584652349352837 0.065729446709156 0.072993665933609 0.0792796760797501 0.082631066441536 0.0859824493527412 0.0893338397145271 0.092685230076313 0.0960366204380989 0.0993880107998848
0.0140330381691456 0.0146207911893725 0.0152085442095995 0.015796298161149 0.0163840502500534 0.0152440369129181 0.00892072264105082 0.00259740767069161 -0.00372590706683695 -0.0100492220371962 -0.016372537240386 -0.0226958505809307 -0.0290191657841206 -0.0315066389739513 -0.0327154956758022 -0.0339243561029434 -0.0351332128047943 -0.0363420695066452 -0.0375509299337864 -0.0387597866356373 -0.037705946713686 -0.0298640094697475 -0.0220220722258091 -0.0141801359131932 -0.00633819913491607 0.00150373741053045 0.00934567395597696 0.0171876102685928 0.0250407233834267 0.032897561788559 0.040754396468401 0.0486112348735332 0.0564680732786655 0.0643249079585075 0.0721817463636398 0.0788824260234833 0.0821146219968796 0.0853468179702759 0.0885790139436722 0.0918112173676491 0.0950434133410454 0.0982756093144417
0.0188070014119148 0.0196600500494242 0.0205131005495787 0.021366149187088 0.0222191996872425 0.0209686476737261 0.0134072983637452 0.00584594812244177 -0.00171540176961571 -0.00927675142884254 -0.016838101670146 -0.0243994519114494 -0.031960804015398 -0.035194031894207 -0.0369845554232597 -0.0387750752270222 -0.0405655987560749 -0.0423561222851276 -0.0441466420888901 -0.0459371656179428 -0.0452261902391911 -0.0370107181370258 -0.0287952460348606 -0.0205797739326954 -0.0123643018305302 -0.00414882972836494 0.00406664190813899 0.0122821135446429 0.0206730756908655 0.0291225351393223 0.0375719927251339 0.0460214540362358 0.0544709116220474 0.062920369207859 0.0713698267936707 0.0784851759672165 0.0815981775522232 0.0847111865878105 0.0878241956233978 0.0909371972084045 0.0940502062439919 0.0971632078289986
0.0235809627920389 0.0246993098407984 0.0258176550269127 0.026936000213027 0.0280543472617865 0.0266932602971792 0.0178938750177622 0.00909448880702257 0.000295103440294042 -0.0085042817518115 -0.0173036679625511 -0.0261030532419682 -0.0349024385213852 -0.0388814248144627 -0.0412536114454269 -0.0436257980763912 -0.0459979847073555 -0.0483701713383198 -0.0507423579692841 -0.0531145446002483 -0.0527464337646961 -0.0441574268043041 -0.0355684198439121 -0.026979411020875 -0.018390404060483 -0.00980139710009098 -0.0012123902561143 0.00737661682069302 0.0163054298609495 0.0253475103527308 0.0343895889818668 0.0434316694736481 0.0524737499654293 0.0615158304572105 0.0705579146742821 0.0780879259109497 0.0810817405581474 0.0840755552053452 0.0870693698525429 0.0900631844997406 0.0930569991469383 0.096050813794136
0.0299218371510506 0.0300812441855669 0.0302406512200832 0.0304000582545996 0.0305594652891159 0.0283599514514208 0.0190836731344461 0.00980739388614893 0.000531115394551307 -0.00874516274780035 -0.0180214419960976 -0.0272977203130722 -0.0365739986300468 -0.040695171803236 -0.0430979803204536 -0.0455007888376713 -0.0479035936295986 -0.0503064021468163 -0.0527092069387436 -0.0551120154559612 -0.054827056825161 -0.0464788004755974 -0.0381305441260338 -0.029782285913825 -0.0214340295642614 -0.0130857732146978 -0.00473751639947295 0.00361074018292129 0.0127784665673971 0.0222193486988544 0.0316602326929569 0.0411011166870594 0.0505419969558716 0.0599828809499741 0.0694237649440765 0.0771322697401047 0.0796436369419098 0.0821550041437149 0.08466637134552 0.0871777385473251 0.0896891057491302 0.092200480401516
0.0378296189010143 0.0358058549463749 0.0337820872664452 0.0317583195865154 0.0297345537692308 0.0259687211364508 0.0169766917824745 0.00798466335982084 -0.00100736587774009 -0.00999939534813166 -0.0189914237707853 -0.0279834531247616 -0.0369754806160927 -0.0406352765858173 -0.0425176620483398 -0.044400043785572 -0.0462824255228043 -0.0481648109853268 -0.050047192722559 -0.0519295781850815 -0.0514680594205856 -0.0439748391509056 -0.0364816188812256 -0.0289883986115456 -0.0214951783418655 -0.0140019580721855 -0.00650873687118292 0.000984483398497105 0.010092188604176 0.0197380557656288 0.029383921995759 0.0390297882258892 0.0486756525933743 0.0583215206861496 0.0679673850536346 0.0756182074546814 0.0772838741540909 0.0789495408535004 0.0806152075529099 0.0822808742523193 0.0839465409517288 0.0856122076511383
0.0457374043762684 0.0415304638445377 0.0373235233128071 0.0331165827810764 0.0289096422493458 0.0235774926841259 0.014869712293148 0.00616193236783147 -0.00254584732465446 -0.0112536270171404 -0.0199614074081182 -0.028669185936451 -0.0373769663274288 -0.0405753813683987 -0.0419373400509357 -0.0432992987334728 -0.0446612611413002 -0.0460232198238373 -0.0473851785063744 -0.0487471409142017 -0.0481090657413006 -0.0414708815515041 -0.0348326936364174 -0.0281945113092661 -0.0215563271194696 -0.0149181419983506 -0.00827995780855417 -0.00164177315309644 0.00740591017529368 0.017256760969758 0.0271076094359159 0.036958459764719 0.0468093119561672 0.0566601604223251 0.0665110126137733 0.0741041377186775 0.0749241039156914 0.0757440701127052 0.0765640363097191 0.0773840025067329 0.0782039761543274 0.0790239423513412
