data/working_set_collections/6091692-Cassins_Sparrow-M2/2005/eflux_avg.asc
NCOLS 265 
NROWS 230 
XLLCORNER -115.5625 
YLLCORNER 24.8333333333333 
CELLSIZE 0.0833333333333333 
NODATA_value -9999 
[rows 180 to 199 of 230, columns 138 to 183 of 265]
22.4784412384033 22.2945919036865 22.1107444763184 21.9268970489502 22.0771007537842 22.3386573791504 22.600212097168 22.8617668151855 23.1233234405518 23.3848781585693 23.6464328765869 23.9678821563721 24.4690093994141 24.9701366424561 25.471263885498 25.97239112854 26.473518371582 26.974645614624 27.475772857666 27.7820014953613 28.0232620239258 28.2645225524902 28.5057849884033 28.7470455169678 28.9883060455322 29.2295665740967 29.4262886047363 29.4893913269043 29.5524940490723 29.6155967712402 29.6786994934082 29.7418041229248 29.8049068450928 29.8680095672607 30.0077495574951 30.1730346679688 30.3383197784424 30.503604888916 30.6688899993896 30.8341751098633 30.9994602203369 31.2366333007812 31.689474105835 32.1423149108887 32.5951538085938 33.0479965209961
22.6432247161865 22.4279479980469 22.2126731872559 21.9973964691162 22.1264019012451 22.3701705932617 22.6139373779297 22.8577041625977 23.1014709472656 23.3452377319336 23.5890064239502 23.9049816131592 24.4375801086426 24.970178604126 25.5027770996094 26.0353775024414 26.5679759979248 27.1005744934082 27.6331748962402 27.9596920013428 28.2175178527832 28.475341796875 28.7331676483154 28.9909915924072 29.248815536499 29.5066413879395 29.7120208740234 29.7600650787354 29.8081092834473 29.8561534881592 29.9041996002197 29.9522438049316 30.0002880096436 30.0483322143555 30.1742744445801 30.3261833190918 30.4780921936035 30.6300010681152 30.781909942627 30.9338188171387 31.0857276916504 31.3073768615723 31.7382469177246 32.169116973877 32.5999870300293 33.0308570861816
22.8080081939697 22.5613040924072 22.3145999908447 22.0678958892822 22.1757049560547 22.401683807373 22.6276626586914 22.8536415100098 23.0796203613281 23.3055992126465 23.5315780639648 23.8420791625977 24.4061508178711 24.9702205657959 25.5342922210693 26.0983619689941 26.6624336242676 27.2265033721924 27.7905750274658 28.1373844146729 28.411771774292 28.6861610412598 28.9605503082275 29.2349376678467 29.5093269348145 29.7837162017822 29.9977531433105 30.0307388305664 30.0637245178223 30.0967121124268 30.1296977996826 30.1626834869385 30.1956691741943 30.2286548614502 30.3408012390137 30.4793338775635 30.6178665161133 30.7563972473145 30.8949298858643 31.0334625244141 31.1719951629639 31.3781185150146 31.7870178222656 32.195915222168 32.6048164367676 33.0137138366699
22.9727916717529 22.6946601867676 22.4165287017822 22.1383953094482 22.2250061035156 22.4331970214844 22.6413860321045 22.8495769500732 23.057767868042 23.2659587860107 23.4741497039795 23.7791786193848 24.374719619751 24.9702625274658 25.5658054351807 26.1613483428955 26.7568912506104 27.3524322509766 27.9479751586914 28.3150749206543 28.6060276031494 28.8969802856445 29.1879329681396 29.4788856506348 29.7698364257812 30.0607891082764 30.2834854125977 30.3014125823975 30.3193416595459 30.3372688293457 30.3551959991455 30.3731231689453 30.3910503387451 30.4089775085449 30.5073280334473 30.6324825286865 30.7576389312744 30.8827953338623 31.0079498291016 31.1331062316895 31.2582626342773 31.4488620758057 31.8357887268066 32.2227172851562 32.6096458435059 32.9965744018555
23.1375751495361 22.8280162811279 22.5184555053711 22.2088947296143 22.2743072509766 22.4647102355957 22.6551113128662 22.8455142974854 23.0359172821045 23.226318359375 23.4167213439941 23.7162761688232 24.3432903289795 24.9703044891357 25.597318649292 26.2243328094482 26.8513469696045 27.4783611297607 28.105375289917 28.4927673339844 28.8002834320068 29.1077995300293 29.4153156280518 29.7228317260742 30.0303478240967 30.3378639221191 30.5692176818848 30.5720882415771 30.5749568939209 30.5778255462646 30.5806941986084 30.5835628509521 30.5864334106445 30.5893020629883 30.6738529205322 30.7856330871582 30.8974113464355 31.0091915130615 31.1209716796875 31.2327499389648 31.3445301055908 31.519603729248 31.8845615386963 32.2495193481445 32.6144752502441 32.979434967041
23.302360534668 22.9613723754883 22.6203842163086 22.2793960571289 22.3236083984375 22.496223449707 22.6688365936279 22.8414516448975 23.0140647888184 23.1866798400879 23.3592929840088 23.6533756256104 24.311861038208 24.9703464508057 25.628833770752 26.2873191833496 26.9458045959473 27.6042900085449 28.2627773284912 28.6704578399658 28.9945373535156 29.3186187744141 29.6426982879639 29.9667778015137 30.2908573150635 30.6149387359619 30.8549499511719 30.8427619934082 30.8305721282959 30.8183822631836 30.8061923980713 30.7940044403076 30.7818145751953 30.769624710083 30.8403797149658 30.9387817382812 31.0371856689453 31.1355876922607 31.2339916229248 31.3323936462402 31.4307975769043 31.5903453826904 31.9333324432373 32.2763214111328 32.6193084716797 32.9622955322266
23.5349540710449 23.1806907653809 22.8264293670654 22.47216796875 22.4906330108643 22.6333389282227 22.7760467529297 22.9187545776367 23.0614604949951 23.2041683197021 23.3468761444092 23.6223335266113 24.2960453033447 24.9697570800781 25.6434688568115 26.3171787261963 26.9908905029297 27.6646022796631 28.3383140563965 28.7662448883057 29.112247467041 29.4582500457764 29.8042507171631 30.1502532958984 30.4962558746338 30.8422584533691 31.0956611633301 31.0712566375732 31.046854019165 31.0224514007568 30.998046875 30.9736442565918 30.9492416381836 30.9248390197754 30.9930324554443 31.0920944213867 31.1911563873291 31.2902164459229 31.3892784118652 31.488338470459 31.5874004364014 31.739200592041 32.0492172241211 32.3592338562012 32.6692504882812 32.9792633056641
23.835355758667 23.4859752655029 23.1365947723389 22.7872123718262 22.7753791809082 22.8760604858398 22.9767417907715 23.0774230957031 23.1781044006348 23.2787857055664 23.379467010498 23.6231517791748 24.2958431243896 24.9685325622559 25.6412239074707 26.3139152526855 26.9866065979004 27.6592979431152 28.3319892883301 28.7801246643066 29.1534080505371 29.5266914367676 29.899974822998 30.2732601165771 30.6465435028076 31.0198268890381 31.2913475036621 31.2575759887695 31.2238025665283 31.1900310516357 31.1562595367432 31.122486114502 31.0887145996094 31.0549430847168 31.131814956665 31.245569229126 31.3593235015869 31.4730777740479 31.5868320465088 31.7005863189697 31.8143405914307 31.9661674499512 32.2322120666504 32.4982566833496 32.7643013000488 33.030345916748
24.1357593536377 23.791259765625 23.4467582702637 23.1022567749023 23.0601234436035 23.1187801361084 23.1774368286133 23.2360916137695 23.2947483062744 23.3534030914307 23.4120597839355 23.6239681243896 24.2956390380859 24.9673099517822 25.6389808654785 26.3106517791748 26.9823207855225 27.6539916992188 28.325662612915 28.7940044403076 29.1945686340332 29.5951347351074 29.995698928833 30.3962650299072 30.7968311309814 31.197395324707 31.4870338439941 31.4438934326172 31.4007511138916 31.3576107025146 31.3144702911377 31.2713279724121 31.2281875610352 31.1850471496582 31.2705955505371 31.3990440368652 31.5274906158447 31.6559371948242 31.7843856811523 31.9128322601318 32.0412788391113 32.1931343078613 32.4152069091797 32.637279510498 32.8593559265137 33.081428527832
24.4361629486084 24.0965423583984 23.7569217681885 23.4173030853271 23.3448696136475 23.361499786377 23.3781299591064 23.3947601318359 23.4113903045654 23.4280204772949 23.4446506500244 23.6247863769531 24.2954368591309 24.9660873413086 25.6367359161377 26.3073863983154 26.9780368804932 27.6486873626709 28.3193359375 28.8078842163086 29.2357311248779 29.6635780334473 30.091423034668 30.5192699432373 30.9471168518066 31.374963760376 31.6827220916748 31.6302108764648 31.5777015686035 31.5251903533936 31.4726810455322 31.4201698303223 31.3676605224609 31.3151512145996 31.4093780517578 31.5525188446045 31.6956577301025 31.8387985229492 31.9819374084473 32.1250762939453 32.2682189941406 32.4200973510742 32.598201751709 32.7763023376465 32.9544067382812 33.132511138916
24.7365665435791 24.4018268585205 24.0670871734619 23.7323474884033 23.6296157836914 23.6042213439941 23.5788249969482 23.553430557251 23.5280342102051 23.5026397705078 23.4772434234619 23.6256046295166 24.2952346801758 24.9648628234863 25.6344928741455 26.3041229248047 26.9737510681152 27.6433811187744 28.3130111694336 28.8217639923096 29.276891708374 29.7320194244385 30.1871471405029 30.642276763916 31.0974044799805 31.5525321960449 31.8784084320068 31.8165283203125 31.7546501159668 31.6927700042725 31.6308917999268 31.5690135955811 31.5071334838867 31.445255279541 31.5481586456299 31.7059917449951 31.8638248443604 32.0216598510742 32.1794929504395 32.3373260498047 32.4951591491699 32.6470642089844 32.7811965942383 32.9153289794922 33.0494575500488 33.1835899353027
25.0369682312012 24.7071094512939 24.3772506713867 24.0473918914795 23.9143619537354 23.8469409942627 23.77952003479 23.7120990753174 23.6446781158447 23.5772571563721 23.5098361968994 23.6264228820801 24.2950305938721 24.9636402130127 25.6322498321533 26.3008575439453 26.9694671630859 27.6380767822266 28.3066844940186 28.8356437683105 29.3180541992188 29.8004627227783 30.2828712463379 30.7652816772461 31.2476902008057 31.7301006317139 32.0740966796875 32.0028457641602 31.9315986633301 31.8603515625 31.7891025543213 31.7178554534912 31.6466064453125 31.5753593444824 31.6869411468506 31.8594665527344 32.0319938659668 32.204517364502 32.3770446777344 32.5495719909668 32.722095489502 32.8740310668945 32.9641914367676 33.0543518066406 33.1445121765137 33.2346725463867
25.3463611602783 25.0180912017822 24.6898231506348 24.3615550994873 24.1970767974854 24.0871963500977 23.9773139953613 23.8674335479736 23.7575511932373 23.6476707458496 23.5377902984619 23.6161079406738 24.2590274810791 24.9019470214844 25.5448665618896 26.1877861022949 26.8307056427002 27.4736251831055 28.1165447235107 28.6466808319092 29.1392211914062 29.6317615509033 30.124303817749 30.6168441772461 31.1093845367432 31.6019248962402 31.9552478790283 31.8909168243408 31.8265838623047 31.7622528076172 31.6979198455811 31.6335887908936 31.5692558288574 31.5049228668213 31.6467533111572 31.8573036193848 32.0678520202637 32.2784042358398 32.4889526367188 32.6995010375977 32.9100532531738 33.0807952880859 33.1321105957031 33.1834297180176 33.2347450256348 33.286060333252
25.6647415161133 25.3347721099854 25.0048046112061 24.6748352050781 24.47776222229 24.3249855041504 24.1722087860107 24.0194339752197 23.8666572570801 23.7138805389404 23.5611057281494 23.5946636199951 24.1872253417969 24.77978515625 25.3723468780518 25.9649085998535 26.5574684143066 27.1500301361084 27.7425918579102 28.2548732757568 28.7403964996338 29.2259178161621 29.7114410400391 30.196964263916 30.6824855804443 31.1680088043213 31.5218677520752 31.4807357788086 31.4396057128906 31.398473739624 31.3573436737061 31.3162117004395 31.2750816345215 31.2339496612549 31.4275951385498 31.6995010375977 31.9714050292969 32.2433090209961 32.5152168273926 32.7871208190918 33.059024810791 33.2673530578613 33.2849540710449 33.3025550842285 33.3201560974121 33.3377571105957
25.9831218719482 25.6514530181885 25.3197841644287 24.9881153106689 24.7584457397461 24.5627746582031 24.3671035766602 24.1714324951172 23.9757633209229 23.7800922393799 23.5844211578369 23.5732192993164 24.115421295166 24.6576232910156 25.1998271942139 25.7420291900635 26.2842311859131 26.8264350891113 27.3686370849609 27.8630657196045 28.3415699005127 28.8200740814209 29.2985782623291 29.7770824432373 30.2555866241455 30.7340908050537 31.0884876251221 31.070556640625 31.0526256561279 31.0346965789795 31.0167655944824 30.998836517334 30.9809055328369 30.9629764556885 31.208438873291 31.5416984558105 31.8749580383301 32.2082176208496 32.5414772033691 32.8747367858887 33.2079963684082 33.453914642334 33.4377975463867 33.4216842651367 33.4055709838867 33.3894538879395
26.3015022277832 25.9681339263916 25.634765625 25.3013954162598 25.0391292572021 24.8005638122559 24.5619983673096 24.3234329223633 24.084867477417 23.8463020324707 23.6077365875244 23.5517730712891 24.0436172485352 24.5354614257812 25.0273056030273 25.5191497802734 26.0109939575195 26.5028381347656 26.9946823120117 27.4712581634521 27.9427452087402 28.4142303466797 28.8857154846191 29.3572025299072 29.8286876678467 30.3001747131348 30.6551055908203 30.6603775024414 30.6656475067139 30.670919418335 30.6761894226074 30.6814613342285 30.686731338501 30.6920013427734 30.9892807006836 31.3838958740234 31.7785110473633 32.1731262207031 32.567741394043 32.9623565673828 33.3569717407227 33.6404724121094 33.5906448364258 33.5408134460449 33.4909820556641 33.4411544799805
26.6198825836182 26.2848129272461 25.9497451782227 25.6146774291992 25.3198146820068 25.0383529663086 24.756893157959 24.4754333496094 24.1939735412598 23.9125118255615 23.6310520172119 23.5303287506104 23.9718132019043 24.4132995605469 24.8547859191895 25.296272277832 25.737756729126 26.1792430877686 26.6207294464111 27.0794506072998 27.5439186096191 28.0083866119385 28.4728546142578 28.9373207092285 29.4017887115479 29.8662567138672 30.2217254638672 30.2501964569092 30.2786693572998 30.3071403503418 30.3356132507324 30.3640842437744 30.392557144165 30.421028137207 30.7701244354248 31.2260932922363 31.6820640563965 32.1380348205566 32.5940017700195 33.0499725341797 33.5059432983398 33.827033996582 33.7434883117676 33.6599426269531 33.5763969421387 33.4928512573242
26.9382629394531 26.6014938354492 26.2647247314453 25.92795753479 25.6004981994629 25.27614402771 24.9517879486084 24.6274337768555 24.3030776977539 23.978723526001 23.6543674468994 23.508882522583 23.9000110626221 24.2911376953125 24.6822662353516 25.073392868042 25.4645195007324 25.8556480407715 26.2467746734619 26.6876430511475 27.1450939178467 27.6025428771973 28.0599918365479 28.5174407958984 28.974889755249 29.4323387145996 29.7883453369141 29.8400173187256 29.8916893005371 29.9433631896973 29.9950351715088 30.0467090606689 30.0983810424805 30.1500549316406 30.5509662628174 31.0682907104492 31.5856170654297 32.1029396057129 32.6202659606934 33.1375923156738 33.654914855957 34.0135955810547 33.8963317871094 33.7790718078613 33.661808013916 33.544548034668
27.1590976715088 26.8083114624023 26.4575271606445 26.1067409515381 25.7504653930664 25.3923587799072 25.034252166748 24.6761455535889 24.3180389404297 23.9599304199219 23.6018238067627 23.4198741912842 23.7663917541504 24.1129093170166 24.4594268798828 24.8059425354004 25.1524600982666 25.4989776611328 25.845495223999 26.2663345336914 26.7119483947754 27.1575622558594 27.6031761169434 28.0487899780273 28.4944019317627 28.9400157928467 29.2874736785889 29.3404674530029 29.3934593200684 29.4464511871338 29.4994449615479 29.5524368286133 29.6054286956787 29.6584205627441 30.0854740142822 30.6372146606445 31.1889553070068 31.7406959533691 32.2924385070801 32.8441772460938 33.3959197998047 33.79345703125 33.7283973693848 33.6633338928223 33.5982704162598 33.5332107543945
27.2823848724365 26.9052658081055 26.528148651123 26.151029586792 25.7697143554688 25.386999130249 25.0042839050293 24.6215686798096 24.2388534545898 23.8561382293701 23.4734230041504 23.2632999420166 23.5709552764893 23.8786125183105 24.1862678527832 24.4939231872559 24.8015785217285 25.1092338562012 25.4168910980225 25.8155250549316 26.2444858551025 26.6734447479248 27.1024055480957 27.5313663482666 27.9603271484375 28.3892879486084 28.7191143035889 28.7515449523926 28.7839756011963 28.81640625 28.8488368988037 28.8812675476074 28.9136981964111 28.9461288452148 29.373649597168 29.9328651428223 30.4920825958252 31.0513000488281 31.6105155944824 32.169734954834 32.7289505004883 33.1666259765625 33.2396812438965 33.3127326965332 33.3857879638672 33.4588394165039
