data/working_set_collections/6091692-Cassins_Sparrow-M2/2005/eflux_avg.asc
NCOLS 265 
NROWS 230 
XLLCORNER -115.5625 
YLLCORNER 24.8333333333333 
CELLSIZE 0.0833333333333333 
NODATA_value -9999 
[rows 180 to 199 of 230, columns 46 to 91 of 265]
35.0022125244141 33.4396896362305 31.8771667480469 30.3146457672119 28.7521228790283 27.1895999908447 26.6729698181152 26.5049686431885 26.3369674682617 26.168966293335 26.0009651184082 25.8329658508301 25.6649646759033 25.8077793121338 26.8830375671387 27.9582977294922 29.0335559844971 30.1088161468506 31.1840744018555 32.259334564209 33.3345947265625 34.2994537353516 35.2275161743164 36.155574798584 37.0836372375488 38.0116996765137 38.9397621154785 39.8678207397461 40.7562408447266 41.5257339477539 42.295223236084 43.0647163391113 43.8342056274414 44.6036987304688 45.3731918334961 46.1426811218262 46.6272010803223 47.0167236328125 47.40625 47.7957763671875 48.1852989196777 48.5748252868652 48.9643516540527 49.0288619995117 48.1183242797852 47.2077903747559
40.9860687255859 38.5014533996582 36.0168342590332 33.5322151184082 31.0475978851318 28.5629806518555 27.7732467651367 27.5484733581543 27.3236999511719 27.0989284515381 26.8741550445557 26.6493816375732 26.4246082305908 26.511682510376 27.5343017578125 28.556921005249 29.5795402526855 30.6021595001221 31.6247787475586 32.6473999023438 33.6700172424316 34.6722564697266 35.6677017211914 36.6631469726562 37.6585922241211 38.6540412902832 39.649486541748 40.6449317932129 41.5973663330078 42.4207649230957 43.2441635131836 44.0675621032715 44.8909568786621 45.71435546875 46.5377540588379 47.3611526489258 47.8791999816895 48.2954597473145 48.7117195129395 49.1279792785645 49.5442390441895 49.9604988098145 50.3767585754395 50.4702453613281 49.5954055786133 48.7205696105957
46.9699287414551 43.5632133483887 40.1565017700195 36.7497863769531 33.343074798584 29.9363613128662 28.8735237121582 28.5919780731201 28.3104343414307 28.0288887023926 27.7473430633545 27.4657974243164 27.1842517852783 27.2155876159668 28.185567855835 29.1555461883545 30.1255264282227 31.0955047607422 32.0654830932617 33.0354614257812 34.005443572998 35.0450592041016 36.1078910827637 37.1707191467285 38.2335510253906 39.2963790893555 40.3592109680176 41.4220428466797 42.4384918212891 43.3157958984375 44.1930999755859 45.0704040527344 45.9477081298828 46.8250160217285 47.702320098877 48.5796241760254 49.1311988830566 49.5741920471191 50.0171890258789 50.4601821899414 50.9031791687012 51.3461723327637 51.7891693115234 51.9116287231445 51.0724868774414 50.2333450317383
52.953784942627 48.6249771118164 44.2961692810059 39.967357635498 35.6385498046875 31.309741973877 29.9738025665283 29.6354846954346 29.2971668243408 28.9588489532471 28.6205310821533 28.2822132110596 27.9438972473145 27.9194927215576 28.8368320465088 29.75417137146 30.6715106964111 31.5888500213623 32.5061874389648 33.423526763916 34.3408660888672 35.4178619384766 36.5480766296387 37.6782913208008 38.8085060119629 39.938720703125 41.0689353942871 42.1991500854492 43.279613494873 44.2108268737793 45.1420364379883 46.0732498168945 47.0044593811035 47.9356727600098 48.8668823242188 49.798095703125 50.3831977844238 50.8529243469238 51.3226547241211 51.7923851013184 52.2621154785156 52.7318458557129 53.2015762329102 53.3530120849609 52.5495681762695 51.7461204528809
58.9376411437988 53.6867370605469 48.4358329772949 43.1849327087402 37.9340286254883 32.6831245422363 31.0740795135498 30.6789894104004 30.283899307251 29.8888111114502 29.4937210083008 29.0986309051514 28.703540802002 28.6233978271484 29.4880962371826 30.3527965545654 31.2174949645996 32.0821952819824 32.946891784668 33.8115921020508 34.6762924194336 35.7906646728516 36.9882659912109 38.185863494873 39.3834609985352 40.5810623168945 41.7786598205566 42.976261138916 44.1207389831543 45.1058578491211 46.0909767150879 47.0760955810547 48.0612106323242 49.046329498291 50.0314483642578 51.0165672302246 51.635196685791 52.1316604614258 52.6281242370605 53.1245918273926 53.6210556030273 54.1175193786621 54.6139869689941 54.7943992614746 54.0266494750977 53.2588996887207
64.921501159668 58.7485008239746 52.5755004882812 46.4025039672852 40.2295036315918 34.0565032958984 32.1743583679199 31.7224960327148 31.2706336975098 30.8187713623047 30.3669090270996 29.9150466918945 29.4631843566895 29.3273029327393 30.1393623352051 30.9514198303223 31.7634792327881 32.5755386352539 33.3875961303711 34.1996574401855 35.0117149353027 36.1634674072266 37.4284515380859 38.6934356689453 39.9584197998047 41.2234039306641 42.4883880615234 43.7533721923828 44.9618644714355 46.0008888244629 47.0399131774902 48.0789375305176 49.1179618835449 50.1569862365723 51.1960144042969 52.2350387573242 52.8871955871582 53.4103927612305 53.93359375 54.4567947387695 54.9799957275391 55.5031929016113 56.0263938903809 56.235782623291 55.5037269592285 54.7716751098633
-9999 64.1084442138672 57.7761192321777 51.443790435791 45.1114616394043 38.7791328430176 36.5191192626953 35.6165466308594 34.7139701843262 33.8113975524902 32.908821105957 32.0062484741211 31.1036720275879 30.5888214111328 31.2371406555176 31.8854579925537 32.5337791442871 33.1820983886719 33.8304176330566 34.4787330627441 35.1270523071289 36.2767753601074 37.5936317443848 38.9104881286621 40.2273445129395 41.5442008972168 42.8610572814941 44.1779136657715 45.432445526123 46.5000114440918 47.5675735473633 48.635139465332 49.7027053833008 50.7702713012695 51.837833404541 52.9053993225098 53.5988960266113 54.1677055358887 54.7365112304688 55.3053207397461 55.8741264343262 56.4429321289062 57.0117416381836 57.2711524963379 56.6023712158203 55.93359375
-9999 -9999 -9999 58.3087921142578 52.5799026489258 46.8510093688965 44.1083641052246 42.3611373901367 40.6139106750488 38.8666839599609 37.119457244873 35.3722305297852 33.6250038146973 32.4079513549805 32.7814331054688 33.1549110412598 33.5283889770508 33.9018707275391 34.2753486633301 34.6488265991211 35.0223083496094 36.1305885314941 37.4838066101074 38.8370208740234 40.1902351379395 41.5434532165527 42.8966674804688 44.249885559082 45.5324821472168 46.6032218933105 47.6739616394043 48.7446975708008 49.8154373168945 50.8861770629883 51.956916809082 53.0276565551758 53.7703056335449 54.4035911560059 55.0368766784668 55.670166015625 56.3034515380859 56.9367370605469 57.5700263977051 57.9005088806152 57.3225784301758 56.7446517944336
-9999 -9999 -9999 -9999 60.0483436584473 54.9228858947754 51.6976127624512 49.1057319641113 46.5138511657715 43.9219741821289 41.3300933837891 38.7382125854492 36.1463317871094 34.2270851135254 34.3257217407227 34.4243621826172 34.5230026245117 34.6216430664062 34.7202796936035 34.818920135498 34.9175605773926 35.9844017028809 37.3739776611328 38.7635536193848 40.1531295776367 41.5427055358887 42.9322814941406 44.3218574523926 45.6325187683105 46.7064323425293 47.780345916748 48.8542556762695 49.9281692504883 51.002082824707 52.0759963989258 53.1499099731445 53.9417114257812 54.639476776123 55.3372459411621 56.0350112915039 56.7327766418457 57.4305419921875 58.1283073425293 58.5298614501953 58.0427856445312 57.5557060241699
-9999 -9999 -9999 -9999 -9999 62.9947624206543 59.2868576049805 55.8503265380859 52.4137916564941 48.9772605895996 45.5407295227051 42.1041946411133 38.6676635742188 36.046215057373 35.8700141906738 35.6938133239746 35.5176124572754 35.3414154052734 35.1652145385742 34.989013671875 34.8128128051758 35.8382148742676 37.2641525268555 38.6900863647461 40.116024017334 41.5419578552246 42.9678955078125 44.3938331604004 45.7325553894043 46.809642791748 47.8867301940918 48.9638175964355 50.0409049987793 51.1179885864258 52.1950759887695 53.2721633911133 54.1131210327148 54.8753662109375 55.6376113891602 56.3998565673828 57.1621017456055 57.9243469238281 58.6865921020508 59.1592178344727 58.7629928588867 58.3667640686035
-9999 -9999 -9999 -9999 -9999 -9999 66.876106262207 62.5949211120605 58.3137359619141 54.0325508117676 49.7513656616211 45.4701805114746 41.1889953613281 37.8653450012207 37.414306640625 36.963264465332 36.5122261047363 36.0611877441406 35.6101455688477 35.159107208252 34.708065032959 35.6920280456543 37.1543235778809 38.6166191101074 40.078914642334 41.5412139892578 43.0035095214844 44.4658050537109 45.832592010498 46.9128532409668 47.9931144714355 49.0733757019043 50.153636932373 51.2338981628418 52.3141593933105 53.3944206237793 54.2845268249512 55.1112518310547 55.9379768371582 56.7647018432617 57.5914268493652 58.4181518554688 59.2448768615723 59.78857421875 59.4832000732422 59.1778221130371
-9999 -9999 -9999 -9999 -9999 -9999 -9999 69.3395156860352 64.2136764526367 59.0878372192383 53.9620018005371 48.8361625671387 43.7103271484375 39.6844787597656 38.9585990905762 38.2327194213867 37.5068397521973 36.7809600830078 36.0550804138184 35.3292007446289 34.6033210754395 35.545841217041 37.0444984436035 38.5431518554688 40.0418090820312 41.5404663085938 43.0391235351562 44.5377769470215 45.9326286315918 47.0160636901855 48.0994987487793 49.182933807373 50.2663688659668 51.3498039245605 52.4332389831543 53.516674041748 54.4559364318848 55.3471374511719 56.2383422851562 57.1295471191406 58.020751953125 58.9119529724121 59.8031578063965 60.4179306030273 60.2034034729004 59.9888801574707
-9999 -9999 -9999 -9999 -9999 -9999 -9999 -9999 69.6803741455078 64.2505569458008 58.8207473754883 53.3909378051758 47.961124420166 43.5738945007324 42.3144111633301 41.0549278259277 39.7954406738281 38.5359573364258 37.2764739990234 36.0169868469238 34.7575035095215 35.5250854492188 36.9683609008789 38.4116325378418 39.854907989502 41.2981796264648 42.7414512634277 44.1847267150879 45.5467567443848 46.6650657653809 47.7833786010742 48.9016876220703 50.0199966430664 51.1383056640625 52.2566146850586 53.374927520752 54.3431625366211 55.2613716125488 56.1795806884766 57.0977897644043 58.0160026550293 58.934211730957 59.8524208068848 60.5064506530762 60.3679466247559 60.2294387817383
-9999 -9999 -9999 -9999 -9999 -9999 -9999 -9999 -9999 -9999 -9999 -9999 -9999 49.5336036682129 47.481746673584 45.4298934936523 43.3780364990234 41.3261833190918 39.2743263244629 37.2224731445312 35.1706161499023 35.6297645568848 36.925910949707 38.2220573425293 39.5182075500488 40.8143539428711 42.1105003356934 43.4066467285156 44.6749801635742 45.85986328125 47.044750213623 48.2296333312988 49.4145202636719 50.5994071960449 51.7842903137207 52.9691772460938 53.9462051391602 54.853946685791 55.7616920471191 56.66943359375 57.5771751403809 58.484920501709 59.3926620483398 60.0541381835938 59.9768180847168 59.8994979858398
-9999 -9999 -9999 -9999 -9999 -9999 -9999 -9999 -9999 -9999 -9999 -9999 -9999 55.4933090209961 52.6490821838379 49.804859161377 46.9606323242188 44.1164093017578 41.2721824645996 38.4279556274414 35.5837326049805 35.7344398498535 36.8834648132324 38.0324859619141 39.1815071105957 40.3305282592773 41.479549407959 42.6285705566406 43.8031997680664 45.0546607971191 46.3061218261719 47.5575828552246 48.8090438842773 50.0605049133301 51.3119659423828 52.5634269714355 53.5492477416992 54.4465255737305 55.3437995910645 56.2410774230957 57.1383514404297 58.0356292724609 58.9329032897949 59.6018257141113 59.585693359375 59.5695571899414
-9999 -9999 -9999 -9999 -9999 -9999 -9999 -9999 -9999 -9999 -9999 -9999 -9999 61.4530143737793 57.8164176940918 54.1798248291016 50.5432281494141 46.9066314697266 43.2700386047363 39.6334419250488 35.9968452453613 35.8391189575195 36.8410148620605 37.8429107666016 38.8448066711426 39.8467025756836 40.8485984802246 41.8504943847656 42.9314231872559 44.2494583129883 45.567497253418 46.8855323791504 48.2035675048828 49.5216026306152 50.8396415710449 52.1576766967773 53.1522903442383 54.0391006469727 54.925910949707 55.8127174377441 56.6995277404785 57.5863380432129 58.47314453125 59.1495132446289 59.1945648193359 59.239616394043
-9999 -9999 -9999 -9999 -9999 -9999 -9999 -9999 -9999 -9999 -9999 -9999 -9999 67.4127197265625 62.983757019043 58.5547904968262 54.1258239746094 49.6968574523926 45.2678909301758 40.8389282226562 36.4099617004395 35.9437980651855 36.7985649108887 37.6533355712891 38.5081062316895 39.3628768920898 40.217643737793 41.0724143981934 42.0596466064453 43.4442558288574 44.8288688659668 46.2134780883789 47.5980911254883 48.9827041625977 50.3673133850098 51.7519264221191 52.7553367614746 53.6316757202148 54.5080184936523 55.3843612670898 56.2607040405273 57.1370468139648 58.0133857727051 58.6972007751465 58.8034362792969 58.9096717834473
-9999 -9999 -9999 -9999 -9999 -9999 -9999 -9999 -9999 -9999 -9999 -9999 -9999 73.372428894043 68.1510925292969 62.9297561645508 57.7084197998047 52.4870834350586 47.2657470703125 42.0444107055664 36.8230743408203 36.0484733581543 36.7561187744141 37.4637603759766 38.1714057922363 38.8790512084961 39.5866928100586 40.2943382263184 41.1878662109375 42.6390533447266 44.0902404785156 45.5414276123047 46.9926147460938 48.4438018798828 49.8949890136719 51.3461761474609 52.3583793640137 53.2242546081543 54.0901298522949 54.9560050964355 55.8218803405762 56.6877555847168 57.5536270141602 58.2448921203613 58.4123115539551 58.5797309875488
-9999 -9999 -9999 -9999 -9999 -9999 -9999 -9999 -9999 -9999 -9999 -9999 -9999 -9999 72.8900680541992 67.363395690918 61.8367233276367 56.3100471496582 50.783374786377 45.2566986083984 39.7300262451172 38.5927391052246 38.9185791015625 39.2444190979004 39.5702590942383 39.8960990905762 40.2219390869141 40.5477828979492 41.1414833068848 42.5387687683105 43.9360580444336 45.3333435058594 46.7306327819824 48.1279182434082 49.525203704834 50.922492980957 51.8960914611816 52.7284622192383 53.5608329772949 54.3932037353516 55.2255706787109 56.0579414367676 56.8903121948242 57.5735244750977 57.8092651367188 58.0450057983398
-9999 -9999 -9999 -9999 -9999 -9999 -9999 -9999 -9999 -9999 -9999 -9999 -9999 -9999 -9999 71.855712890625 66.5107345581055 61.1657562255859 55.8207740783691 50.4757957458496 45.1308135986328 43.576587677002 43.2859497070312 42.9953079223633 42.7046661376953 42.4140281677246 42.1233863830566 41.8327445983887 41.9204940795898 43.1434059143066 44.3663177490234 45.5892295837402 46.812141418457 48.0350532531738 49.2579650878906 50.4808769226074 51.3684730529785 52.1443023681641 52.9201278686523 53.6959571838379 54.4717826843262 55.2476119995117 56.0234375 56.6831092834473 56.9943046569824 57.3055000305176
