data/working_set_collections/6091692-Cassins_Sparrow-M2/2005/eflux_avg.asc
NCOLS 265 
NROWS 230 
XLLCORNER -115.5625 
YLLCORNER 24.8333333333333 
CELLSIZE 0.0833333333333333 
NODATA_value -9999 
[rows 140 to 159 of 230, columns 92 to 137 of 265]
20.8126831054688 20.5297756195068 20.2468681335449 19.9639625549316 19.6810550689697 19.7456874847412 19.9261627197266 20.1066398620605 20.2871170043945 20.4675922393799 20.6480693817139 20.8285465240479 21.1006507873535 21.6476402282715 22.1946277618408 22.7416172027588 23.2886047363281 23.8355941772461 24.3825836181641 24.9295711517334 25.3974323272705 25.8389167785645 26.2804012298584 26.721887588501 27.1633720397949 27.6048564910889 28.0463409423828 28.4315185546875 28.6477680206299 28.8640193939209 29.0802707672119 29.2965202331543 29.5127716064453 29.7290229797363 29.9452743530273 29.8974857330322 29.7616844177246 29.625883102417 29.4900817871094 29.3542804718018 29.2184791564941 29.0826778411865 28.9183731079102 28.6685562133789 28.4187412261963 28.1689262390137
20.7343196868896 20.4576988220215 20.1810779571533 19.9044589996338 19.6278381347656 19.6978855133057 19.883487701416 20.069091796875 20.2546939849854 20.4402980804443 20.6259002685547 20.8115043640137 21.0954990386963 21.674674987793 22.2538509368896 22.8330268859863 23.4122009277344 23.9913768768311 24.5705528259277 25.1497268676758 25.6280994415283 26.0728702545166 26.5176410675049 26.9624118804932 27.4071826934814 27.8519535064697 28.296724319458 28.6831150054932 28.8943710327148 29.1056270599365 29.3168830871582 29.5281391143799 29.7393951416016 29.9506511688232 30.1619071960449 30.1302394866943 30.0175952911377 29.9049510955811 29.7923069000244 29.6796646118164 29.5670204162598 29.4543762207031 29.2992763519287 29.016809463501 28.7343425750732 28.4518756866455
20.6559562683105 20.3856220245361 20.1152877807617 19.8449535369873 19.5746192932129 19.6500835418701 19.8408126831055 20.0315437316895 20.2222728729248 20.4130020141602 20.6037311553955 20.7944602966309 21.0903491973877 21.7017116546631 22.3130722045898 22.9244346618652 23.5357971191406 24.147159576416 24.7585220336914 25.3698844909668 25.8587665557861 26.3068237304688 26.7548789978027 27.2029361724854 27.650993347168 28.0990505218506 28.5471057891846 28.9347133636475 29.1409759521484 29.3472366333008 29.5534973144531 29.7597579956055 29.9660186767578 30.1722812652588 30.3785419464111 30.3629932403564 30.2735061645508 30.1840209960938 30.0945339202881 30.0050468444824 29.9155616760254 29.8260746002197 29.6801815032959 29.365062713623 29.0499439239502 28.7348251342773
20.5775909423828 20.3135452270508 20.0494976043701 19.7854499816895 19.5214023590088 19.6022815704346 19.7981376647949 19.9939937591553 20.1898498535156 20.385705947876 20.5815620422363 20.7774181365967 21.0851974487305 21.7287464141846 22.3722953796387 23.0158443450928 23.6593933105469 24.302942276001 24.9464912414551 25.5900402069092 26.0894336700439 26.5407772064209 26.9921188354492 27.4434604644775 27.8948040008545 28.3461456298828 28.7974891662598 29.1863117218018 29.3875789642334 29.5888442993164 29.790111541748 29.9913768768311 30.1926441192627 30.3939094543457 30.5951766967773 30.5957469940186 30.5294170379639 30.4630889892578 30.3967609405518 30.3304309844971 30.264102935791 30.197774887085 30.0610847473145 29.7133140563965 29.3655452728271 29.0177745819092
20.7892055511475 20.5238075256348 20.2584095001221 19.993013381958 19.7276153564453 19.7956924438477 19.9749317169189 20.1541690826416 20.3334064483643 20.5126438140869 20.6918811798096 20.8711204528809 21.1641788482666 21.7987060546875 22.4332332611084 23.0677604675293 23.7022876739502 24.3368148803711 24.971342086792 25.6058692932129 26.0958366394043 26.5376167297363 26.979398727417 27.421178817749 27.8629608154297 28.3047409057617 28.7465229034424 29.1269855499268 29.3234920501709 29.519998550415 29.7165069580078 29.913013458252 30.1095218658447 30.3060283660889 30.502534866333 30.5220355987549 30.4825305938721 30.4430274963379 30.4035243988037 30.3640213012695 30.3245182037354 30.2850151062012 30.1683025360107 29.8199577331543 29.4716148376465 29.12327003479
21.2907981872559 21.0164127349854 20.7420272827148 20.4676418304443 20.1932563781738 20.2303161621094 20.3711910247803 20.5120658874512 20.6529407501221 20.793815612793 20.9346904754639 21.0755653381348 21.3272953033447 21.9115924835205 22.4958877563477 23.0801849365234 23.6644802093506 24.2487773895264 24.8330745697021 25.4173698425293 25.8779735565186 26.2973461151123 26.7167186737061 27.1360912322998 27.5554637908936 27.9748363494873 28.3942089080811 28.7567329406738 28.9487171173096 29.1407012939453 29.3326854705811 29.5246677398682 29.7166519165039 29.9086360931396 30.1006202697754 30.1418590545654 30.132848739624 30.1238384246826 30.1148281097412 30.1058177947998 30.0968074798584 30.087797164917 30.0018291473389 29.6849918365479 29.3681526184082 29.0513134002686
21.7923908233643 21.5090179443359 21.2256450653076 20.9422721862793 20.658899307251 20.6649398803711 20.7674522399902 20.8699626922607 20.9724750518799 21.074987411499 21.1774997711182 21.2800102233887 21.4904117584229 22.0244770050049 22.5585422515869 23.0926094055176 23.6266746520996 24.1607398986816 24.6948051452637 25.2288722991943 25.6601104736328 26.0570755004883 26.4540386199951 26.851001739502 27.2479667663574 27.6449298858643 28.0418930053711 28.3864822387695 28.5739421844482 28.761402130127 28.9488620758057 29.136323928833 29.3237838745117 29.5112438201904 29.6987037658691 29.761682510376 29.7831649780273 29.8046474456787 29.8261299133301 29.8476123809814 29.8690967559814 29.8905792236328 29.8353576660156 29.5500240325928 29.2646903991699 28.9793567657471
22.293981552124 22.0016212463379 21.7092609405518 21.4169025421143 21.1245422363281 21.0995635986328 21.1637115478516 21.2278614044189 21.2920093536377 21.3561592102051 21.4203071594238 21.4844570159912 21.6535263061523 22.1373615264893 22.6211967468262 23.1050319671631 23.5888671875 24.0727024078369 24.5565376281738 25.0403728485107 25.4422473907471 25.8168029785156 26.1913585662842 26.5659141540527 26.9404697418213 27.3150234222412 27.6895790100098 28.0162296295166 28.1991672515869 28.3821029663086 28.5650405883789 28.7479782104492 28.9309158325195 29.1138515472412 29.2967891693115 29.3815059661865 29.4334812164307 29.4854564666748 29.5374336242676 29.5894088745117 29.6413860321045 29.6933612823486 29.6688861846924 29.4150581359863 29.1612281799316 28.9074001312256
22.7955741882324 22.4942264556885 22.1928787231445 21.8915309906006 21.5901832580566 21.5341854095459 21.5599727630615 21.5857582092285 21.6115436553955 21.6373310089111 21.6631164550781 21.6889019012451 21.8166427612305 22.2502479553223 22.6838512420654 23.1174564361572 23.551061630249 23.9846649169922 24.418270111084 24.8518753051758 25.22438621521 25.5765323638916 25.9286785125732 26.2808246612549 26.6329708099365 26.9851188659668 27.3372650146484 27.6459789276123 27.8243923187256 28.0028057098389 28.1812191009521 28.3596324920654 28.5380458831787 28.716459274292 28.8948726654053 29.0013294219971 29.083797454834 29.1662673950195 29.2487354278564 29.331205368042 29.4136734008789 29.4961433410645 29.5024147033691 29.2800903320312 29.057767868042 28.8354434967041
23.2971668243408 22.9868316650391 22.6764965057373 22.3661613464355 22.0558261871338 21.9688091278076 21.9562320709229 21.9436550140381 21.9310779571533 21.9185028076172 21.9059257507324 21.8933486938477 21.9797592163086 22.3631324768066 22.7465057373047 23.1298809051514 23.5132541656494 23.8966274261475 24.2800025939941 24.6633758544922 25.0065231323242 25.3362617492676 25.6659984588623 25.9957370758057 26.3254737854004 26.6552124023438 26.9849510192871 27.2757263183594 27.4496173858643 27.6235065460205 27.7973976135254 27.9712867736816 28.1451778411865 28.3190670013428 28.4929580688477 28.6211528778076 28.7341136932373 28.8470764160156 28.9600391387939 29.0729999542236 29.185962677002 29.2989253997803 29.3359413146973 29.1451244354248 28.9543056488037 28.7634868621826
23.7970943450928 23.4883117675781 23.1795291900635 22.8707466125488 22.5619640350342 22.4560871124268 22.4178466796875 22.3796043395996 22.3413639068604 22.3031215667725 22.2648811340332 22.2266387939453 22.2785472869873 22.6009006500244 22.9232540130615 23.24560546875 23.5679588317871 23.8903121948242 24.2126655578613 24.5350189208984 24.8400249481201 25.1392478942871 25.4384708404541 25.7376937866211 26.0369167327881 26.3361396789551 26.6353626251221 26.9003448486328 27.0626049041748 27.2248630523682 27.3871212005615 27.5493793487549 27.7116394042969 27.8738975524902 28.0361557006836 28.1753768920898 28.3069190979004 28.4384613037109 28.5700035095215 28.701545715332 28.8330860137939 28.9646282196045 29.0279083251953 28.8863983154297 28.7448883056641 28.6033782958984
24.2953586578369 23.9986686706543 23.7019786834717 23.4052886962891 23.1085987091064 22.996021270752 22.9448146820068 22.8936061859131 22.842399597168 22.7911911010742 22.7399845123291 22.688777923584 22.7130069732666 22.9635486602783 23.2140922546387 23.4646339416504 23.7151756286621 23.9657192230225 24.2162609100342 24.4668025970459 24.724889755249 24.9854927062988 25.24609375 25.5066967010498 25.7672996520996 26.0279006958008 26.2885036468506 26.5198345184326 26.6633548736572 26.8068733215332 26.9503917694092 27.0939102172852 27.2374286651611 27.3809490203857 27.5244674682617 27.6640033721924 27.8022117614746 27.9404201507568 28.0786285400391 28.2168369293213 28.3550453186035 28.4932537078857 28.5783100128174 28.5039119720459 28.4295120239258 28.3551139831543
24.7936229705811 24.5090255737305 24.2244281768799 23.9398307800293 23.6552333831787 23.5359554290771 23.4717807769775 23.4076080322266 23.3434352874756 23.279260635376 23.215087890625 23.150915145874 23.1474666595459 23.3261985778809 23.5049304962158 23.6836624145508 23.8623924255371 24.0411243438721 24.219856262207 24.3985862731934 24.6097564697266 24.8317375183105 25.0537185668945 25.2756996154785 25.4976806640625 25.7196636199951 25.9416446685791 26.1393241882324 26.2641048431396 26.3888835906982 26.5136623382568 26.6384410858154 26.763219833374 26.8880004882812 27.0127792358398 27.1526298522949 27.2975044250488 27.4423789978027 27.5872554779053 27.7321300506592 27.8770046234131 28.021879196167 28.1287136077881 28.1214256286621 28.1141376495361 28.1068496704102
25.2918891906738 25.0193843841553 24.7468776702881 24.4743728637695 24.201868057251 24.0758876800537 23.9987487792969 23.92160987854 23.8444690704346 23.7673301696777 23.6901912689209 23.6130523681641 23.5819282531738 23.6888484954834 23.795768737793 23.9026889801025 24.0096092224121 24.1165294647217 24.2234497070312 24.3303718566895 24.4946212768555 24.6779823303223 24.8613433837891 25.0447025299072 25.228063583374 25.4114246368408 25.594783782959 25.7588138580322 25.8648548126221 25.9708938598633 26.0769329071045 26.1829719543457 26.2890110015869 26.3950500488281 26.5010890960693 26.6412563323975 26.792797088623 26.9443397521973 27.0958805084229 27.2474212646484 27.3989639282227 27.5505046844482 27.6791172027588 27.7389392852783 27.7987632751465 27.858585357666
25.790153503418 25.5297412872314 25.2693290710449 25.0089149475098 24.7485027313232 24.6158218383789 24.5257167816162 24.4356098175049 24.3455047607422 24.2553997039795 24.1652946472168 24.0751895904541 24.0163879394531 24.0514965057373 24.0866069793701 24.1217174530029 24.1568260192871 24.1919364929199 24.2270450592041 24.2621555328369 24.379487991333 24.524227142334 24.668966293335 24.8137054443359 24.9584465026855 25.1031856536865 25.2479248046875 25.3783054351807 25.4656047821045 25.5529041290283 25.6402034759521 25.727502822876 25.8148021697998 25.9021015167236 25.9894008636475 26.1298828125 26.2880897521973 26.4462985992432 26.6045055389404 26.7627143859863 26.9209232330322 27.0791301727295 27.2295188903809 27.3564529418945 27.4833869934082 27.6103210449219
26.2884178161621 26.0400981903076 25.7917785644531 25.54345703125 25.2951374053955 25.1557540893555 25.0526828765869 24.9496116638184 24.8465404510498 24.7434692382812 24.6403980255127 24.5373268127441 24.4508476257324 24.4141464233398 24.3774452209473 24.3407440185547 24.3040428161621 24.2673416137695 24.230640411377 24.1939392089844 24.2643527984619 24.3704719543457 24.4765911102295 24.5827083587646 24.6888275146484 24.7949466705322 24.901065826416 24.9977951049805 25.0663547515869 25.1349143981934 25.2034740447998 25.2720336914062 25.3405933380127 25.4091529846191 25.4777126312256 25.6185092926025 25.7833824157715 25.9482574462891 26.1131324768066 26.2780075073242 26.4428806304932 26.6077556610107 26.7799224853516 26.9739685058594 27.1680126190186 27.3620586395264
26.7332706451416 26.4857025146484 26.2381343841553 25.9905662536621 25.7430000305176 25.6022434234619 25.497091293335 25.3919410705566 25.2867889404297 25.1816368103027 25.0764846801758 24.9713344573975 24.8724594116211 24.7924137115479 24.7123699188232 24.63232421875 24.5522804260254 24.4722347259521 24.3921909332275 24.3121452331543 24.3337478637695 24.3892307281494 24.4447135925293 24.5001983642578 24.5556812286377 24.6111660003662 24.6666488647461 24.7195510864258 24.7647132873535 24.8098735809326 24.8550338745117 24.9001941680908 24.9453544616699 24.990514755249 25.0356750488281 25.1694259643555 25.3327045440674 25.4959831237793 25.6592617034912 25.8225421905518 25.9858207702637 26.1490993499756 26.3330860137939 26.5791873931885 26.8252906799316 27.0713939666748
27.1247100830078 26.8665542602539 26.6083984375 26.3502426147461 26.0920867919922 25.9552898406982 25.8589420318604 25.7625961303711 25.6662502288818 25.5699043273926 25.4735565185547 25.3772106170654 25.2812213897705 25.18630027771 25.0913791656494 24.9964580535889 24.9015369415283 24.8066158294678 24.7116947174072 24.6167736053467 24.5876693725586 24.5805034637451 24.5733375549316 24.5661735534668 24.5590076446533 24.5518417358398 24.5446758270264 24.5435771942139 24.5606784820557 24.5777816772461 24.5948829650879 24.6119842529297 24.6290874481201 24.6461887359619 24.6632900238037 24.7826328277588 24.9360542297363 25.0894756317139 25.2428970336914 25.3963203430176 25.5497417449951 25.7031631469727 25.8890075683594 26.1721153259277 26.4552230834961 26.7383308410645
27.5161514282227 27.247407913208 26.9786643981934 26.7099189758301 26.4411754608154 26.3083343505859 26.2207927703857 26.1332530975342 26.045711517334 25.9581699371338 25.8706283569336 25.783088684082 25.6899833679199 25.5801849365234 25.4703884124756 25.3605918884277 25.2507934570312 25.1409969329834 25.0312004089355 24.9214019775391 24.8415927886963 24.7717761993408 24.701961517334 24.6321468353271 24.5623321533203 24.4925174713135 24.4227027893066 24.3676013946533 24.3566455841064 24.3456878662109 24.3347320556641 24.3237762451172 24.3128185272217 24.3018627166748 24.2909049987793 24.3958396911621 24.5394039154053 24.6829681396484 24.8265323638916 24.9700984954834 25.1136627197266 25.2572269439697 25.4449291229248 25.7650413513184 26.0851554870605 26.4052677154541
27.9075908660889 27.6282596588135 27.3489284515381 27.0695953369141 26.7902641296387 26.6613788604736 26.5826435089111 26.5039081573486 26.4251728057861 26.346435546875 26.2677001953125 26.18896484375 26.0987453460693 25.9740715026855 25.8493976593018 25.724723815918 25.6000518798828 25.475378036499 25.3507041931152 25.2260303497314 25.0955142974854 24.9630508422852 24.8305854797363 24.6981220245361 24.5656566619873 24.4331932067871 24.3007297515869 24.1916275024414 24.1526126861572 24.1135959625244 24.0745811462402 24.0355663299561 23.9965515136719 23.9575366973877 23.9185199737549 24.0090465545654 24.1427536010742 24.276460647583 24.4101676940918 24.5438766479492 24.677583694458 24.8112907409668 25.0008506774902 25.357967376709 25.7150859832764 26.0722045898438
