data/working_set_collections/6091692-Cassins_Sparrow-M2/2005/eflux_avg.asc
NCOLS 265 
NROWS 230 
XLLCORNER -115.5625 
YLLCORNER 24.8333333333333 
CELLSIZE 0.0833333333333333 
NODATA_value -9999 
[rows 140 to 159 of 230, columns 184 to 229 of 265]
51.7334289550781 52.2239685058594 52.7145118713379 53.0527648925781 53.3402557373047 53.627742767334 53.9152297973633 54.2027206420898 54.4902076721191 54.7776985168457 54.9565124511719 54.8093032836914 54.6620941162109 54.5148849487305 54.36767578125 54.2204666137695 54.0732574462891 53.9260482788086 54.0247802734375 54.205493927002 54.3862075805664 54.5669174194336 54.747631072998 54.9283447265625 55.1090545654297 55.3233909606934 55.638599395752 55.9538078308105 56.2690162658691 56.5842247009277 56.8994293212891 57.2146377563477 57.5298461914062 58.0436134338379 58.6235656738281 59.2035140991211 59.7834663391113 60.3634185791016 60.9433708190918 61.523323059082 62.2189025878906 63.2613754272461 64.3038482666016 65.346321105957 66.3887939453125 67.431266784668
51.6591796875 52.1764030456543 52.6936302185059 53.0405654907227 53.330738067627 53.6209106445312 53.9110832214355 54.2012557983398 54.4914283752441 54.7816009521484 54.9689750671387 54.8479537963867 54.726936340332 54.6059150695801 54.4848976135254 54.3638763427734 54.2428588867188 54.1218376159668 54.2283325195312 54.4106636047363 54.5929946899414 54.7753295898438 54.9576606750488 55.1399917602539 55.322322845459 55.544017791748 55.8837890625 56.223560333252 56.5633354187012 56.9031066894531 57.2428779602051 57.5826530456543 57.9224243164062 58.4213218688965 58.973258972168 59.5251960754395 60.0771331787109 60.6290740966797 61.1810111999512 61.7329483032227 62.4060707092285 63.4427490234375 64.4794235229492 65.5161056518555 66.5527801513672 67.5894546508789
51.5849342346191 52.1288375854492 52.6727447509766 53.0283622741699 53.3212203979492 53.6140747070312 53.9069328308105 54.1997909545898 54.4926452636719 54.7855033874512 54.9814376831055 54.8866081237793 54.7917785644531 54.696949005127 54.6021156311035 54.5072860717773 54.4124565124512 54.317626953125 54.431884765625 54.6158332824707 54.7997856140137 54.9837379455566 55.1676902770996 55.3516426086426 55.5355911254883 55.7646408081055 56.128978729248 56.4933166503906 56.8576545715332 57.2219886779785 57.5863265991211 57.9506645202637 58.3150024414062 58.7990303039551 59.3229522705078 59.8468780517578 60.3708038330078 60.8947257995605 61.4186515808105 61.9425735473633 62.5932388305664 63.6241188049316 64.6550064086914 65.6858825683594 66.7167663574219 67.7476501464844
51.5106887817383 52.0812721252441 52.6518592834473 53.0161628723145 53.3117027282715 53.6072425842285 53.9027824401855 54.1983261108398 54.4938659667969 54.7894058227539 54.9939002990723 54.9252586364746 54.8566207885742 54.7879791259766 54.7193374633789 54.6506958007812 54.5820579528809 54.5134162902832 54.6354331970215 54.8210067749023 55.0065765380859 55.1921463012695 55.3777198791504 55.563289642334 55.7488594055176 55.9852638244629 56.3741683959961 56.763069152832 57.151969909668 57.5408744812012 57.9297752380371 58.3186798095703 58.7075805664062 59.1767387390137 59.6726493835449 60.1685600280762 60.6644706726074 61.1603813171387 61.6562919616699 62.1522026062012 62.7804069519043 63.805492401123 64.8305816650391 65.8556671142578 66.8807525634766 67.9058456420898
51.3537673950195 51.9602851867676 52.5668029785156 52.9446830749512 53.2463493347168 53.5480117797852 53.8496780395508 54.1513404846191 54.4530067443848 54.7546730041504 54.9739532470703 54.9460868835449 54.9182243347168 54.8903579711914 54.862491607666 54.8346252441406 54.8067588806152 54.7788963317871 54.8985443115234 55.0673637390137 55.2361831665039 55.4050025939941 55.5738220214844 55.7426452636719 55.9114646911621 56.1388053894043 56.5417137145996 56.9446220397949 57.3475303649902 57.7504348754883 58.1533432006836 58.5562515258789 58.9591598510742 59.4248046875 59.9113616943359 60.3979148864746 60.8844718933105 61.3710289001465 61.8575859069824 62.3441429138184 62.9587631225586 63.9575805664062 64.9563980102539 65.9552154541016 66.9540405273438 67.9528579711914
51.1141777038574 51.7658767700195 52.4175796508789 52.8139266967773 53.1251564025879 53.4363822937012 53.7476119995117 54.0588417053223 54.3700714111328 54.6813011169434 54.9215965270996 54.9490928649902 54.9765892028809 55.0040817260742 55.0315780639648 55.0590744018555 55.0865707397461 55.1140670776367 55.2212142944336 55.3549118041992 55.4886093139648 55.6223068237305 55.7560043334961 55.8897018432617 56.0233993530273 56.2252616882324 56.6316146850586 57.037971496582 57.4443244934082 57.8506774902344 58.2570304870605 58.6633834838867 59.0697402954102 59.5432243347168 60.0390853881836 60.5349464416504 61.0308074951172 61.5266723632812 62.022533416748 62.5183944702148 63.1283111572266 64.0803833007812 65.0324630737305 65.9845352172852 66.9366149902344 67.8886947631836
50.874584197998 51.5714683532715 52.2683525085449 52.6831665039062 53.003963470459 53.3247566223145 53.6455497741699 53.9663429260254 54.2871360778809 54.6079292297363 54.8692398071289 54.9520950317383 55.0349540710449 55.1178092956543 55.2006645202637 55.2835235595703 55.3663787841797 55.4492340087891 55.5438804626465 55.6424560546875 55.7410354614258 55.8396110534668 55.9381866455078 56.0367622375488 56.1353378295898 56.3117179870605 56.7215194702148 57.1313209533691 57.5411186218262 57.9509201049805 58.3607177734375 58.7705192565918 59.1803207397461 59.6616439819336 60.1668128967285 60.6719779968262 61.1771469116211 61.6823120117188 62.1874809265137 62.6926460266113 63.2978553771973 64.2031860351562 65.1085205078125 66.0138549804688 66.919189453125 67.8245239257812
50.6349945068359 51.3770599365234 52.1191253662109 52.5524101257324 52.8827705383301 53.2131271362305 53.5434875488281 53.8738441467285 54.2042007446289 54.5345611572266 54.8168830871582 54.9551010131836 55.093318939209 55.2315368652344 55.3697547912598 55.5079727172852 55.6461868286133 55.7844047546387 55.8665504455566 55.930004119873 55.9934577941895 56.0569114685059 56.1203651428223 56.1838226318359 56.2472763061523 56.3981781005859 56.8114242553711 57.2246704101562 57.6379165649414 58.0511589050293 58.4644050598145 58.8776512145996 59.2908973693848 59.7800636291504 60.2945365905762 60.809009552002 61.3234825134277 61.8379554748535 62.3524284362793 62.8669013977051 63.4674034118652 64.3259963989258 65.1845855712891 66.0431747436523 66.9017715454102 67.7603607177734
50.3954010009766 51.1826515197754 51.969898223877 52.4216537475586 52.7615776062012 53.1014976501465 53.4414215087891 53.7813453674316 54.1212692260742 54.4611892700195 54.7645263671875 54.9581069946289 55.151683807373 55.3452606201172 55.5388412475586 55.7324180603027 55.9259986877441 56.1195755004883 56.1892204284668 56.2175521850586 56.2458839416504 56.2742156982422 56.302547454834 56.3308792114258 56.3592109680176 56.4846343994141 56.9013252258301 57.3180160522461 57.7347106933594 58.1514015197754 58.5680923461914 58.9847869873047 59.4014778137207 59.8984832763672 60.4222640991211 60.9460411071777 61.4698181152344 61.993595123291 62.5173759460449 63.0411529541016 63.6369476318359 64.4487991333008 65.2606430053711 66.0724945068359 66.8843460083008 67.6961975097656
50.1558113098145 50.9882431030273 51.8206748962402 52.2908973693848 52.6403846740723 52.9898719787598 53.3393592834473 53.6888465881348 54.0383338928223 54.3878211975098 54.7121696472168 54.961109161377 55.2100486755371 55.4589881896973 55.7079277038574 55.9568672180176 56.2058067321777 56.4547462463379 56.511890411377 56.5051002502441 56.4983100891113 56.4915199279785 56.4847297668457 56.4779396057129 56.4711494445801 56.5710906982422 56.9912300109863 57.4113655090332 57.8315048217773 58.2516441345215 58.6717834472656 59.0919189453125 59.5120582580566 60.0169067382812 60.5499877929688 61.0830726623535 61.616153717041 62.1492385864258 62.6823234558105 63.215404510498 63.8064956665039 64.5716018676758 65.3367080688477 66.1018142700195 66.8669204711914 67.6320266723633
49.7928504943848 50.6440238952637 51.4952011108398 51.9776229858398 52.3371315002441 52.6966400146484 53.0561485290527 53.415657043457 53.7751655578613 54.1346740722656 54.4793319702148 54.7794380187988 55.0795440673828 55.3796501159668 55.6797561645508 55.9798622131348 56.2799682617188 56.5800743103027 56.6239013671875 56.5823020935059 56.5407028198242 56.4991035461426 56.4575042724609 56.4159049987793 56.3743057250977 56.4502792358398 56.8789710998535 57.3076629638672 57.7363548278809 58.1650466918945 58.5937423706055 59.0224342346191 59.4511260986328 59.9684181213379 60.5152435302734 61.062068939209 61.6088943481445 62.1557197570801 62.7025451660156 63.2493705749512 63.844165802002 64.5828628540039 65.3215637207031 66.0602645874023 66.7989730834961 67.5376739501953
49.3065223693848 50.1500015258789 50.9934768676758 51.4818344116211 51.8518218994141 52.2218055725098 52.5917930603027 52.9617767333984 53.3317642211914 53.7017478942871 54.0660057067871 54.4130859375 54.7601623535156 55.1072425842285 55.4543228149414 55.801399230957 56.1484794616699 56.4955558776855 56.5252532958984 56.4491577148438 56.3730621337891 56.2969665527344 56.2208709716797 56.1447715759277 56.068675994873 56.1221923828125 56.5645484924316 57.0069046020508 57.4492607116699 57.8916168212891 58.3339729309082 58.7763290405273 59.2186851501465 59.7530250549316 60.3180274963379 60.8830337524414 61.4480361938477 62.0130386352539 62.5780448913574 63.1430473327637 63.7499580383301 64.4825897216797 65.2152252197266 65.9478530883789 66.6804885864258 67.4131164550781
48.820198059082 49.6559753417969 50.491756439209 50.9860458374023 51.3665084838867 51.7469749450684 52.1274375915527 52.5079002380371 52.8883628845215 53.2688255310059 53.6526832580566 54.0467338562012 54.4407844543457 54.8348350524902 55.2288856506348 55.6229362487793 56.0169906616211 56.4110412597656 56.4266090393066 56.3160133361816 56.2054214477539 56.0948295593262 55.9842376708984 55.8736419677734 55.7630500793457 55.7941093444824 56.250129699707 56.7061462402344 57.162166595459 57.6181831359863 58.0742034912109 58.5302200317383 58.9862403869629 59.5376319885254 60.1208152770996 60.7039947509766 61.2871780395508 61.870361328125 62.453540802002 63.0367240905762 63.6557502746582 64.3823165893555 65.1088790893555 65.8354415893555 66.5620040893555 67.2885665893555
48.333869934082 49.1619529724121 49.9900321960449 50.4902610778809 50.8811988830566 51.2721405029297 51.6630783081055 52.0540199279785 52.4449615478516 52.8358993530273 53.2393608093262 53.6803855895996 54.1214065551758 54.5624313354492 55.0034523010254 55.4444770812988 55.885498046875 56.3265228271484 56.3279609680176 56.1828727722168 56.0377807617188 55.892692565918 55.7476043701172 55.6025123596191 55.4574241638184 55.4660263061523 55.9357070922852 56.4053916931152 56.875072479248 57.3447532653809 57.8144340515137 58.2841148376465 58.7537956237793 59.3222389221191 59.9235992431641 60.524959564209 61.1263198852539 61.7276802062988 62.3290405273438 62.9304008483887 63.5615463256836 64.2820358276367 65.0025329589844 65.723030090332 66.4435195922852 67.1640167236328
47.8475456237793 48.6679267883301 49.4883117675781 49.9944725036621 50.3958892822266 50.797306060791 51.1987228393555 51.6001396179199 52.0015602111816 52.4029769897461 52.8260383605957 53.3140335083008 53.8020286560059 54.2900238037109 54.778018951416 55.2660140991211 55.7540092468262 56.2420043945312 56.2293167114258 56.0497283935547 55.8701438903809 55.6905555725098 55.5109710693359 55.3313827514648 55.151798248291 55.1379432678223 55.6212882995605 56.1046333312988 56.5879783630371 57.0713195800781 57.5546646118164 58.0380096435547 58.521354675293 59.1068458557129 59.7263832092285 60.3459243774414 60.965461730957 61.5849990844727 62.2045402526855 62.8240776062012 63.4673385620117 64.1817626953125 64.8961868286133 65.6106109619141 66.3250350952148 67.0394592285156
47.3612174987793 48.1739044189453 48.9865913391113 49.4986839294434 49.9105796813965 50.3224716186523 50.7343673706055 51.1462631225586 51.5581588745117 51.9700508117676 52.4127159118652 52.947681427002 53.4826507568359 54.0176200866699 54.5525856018066 55.0875549316406 55.6225204467773 56.1574897766113 56.1306686401367 55.9165878295898 55.7025032043457 55.4884185791016 55.2743377685547 55.0602531433105 54.8461723327637 54.8098602294922 55.3068695068359 55.8038749694824 56.3008804321289 56.7978897094727 57.2948951721191 57.7919044494629 58.2889099121094 58.8914489746094 59.529167175293 60.1668853759766 60.8046035766602 61.4423217773438 62.0800399780273 62.7177581787109 63.3731346130371 64.0814895629883 64.7898406982422 65.4981994628906 66.2065582275391 66.914909362793
46.9378700256348 47.7451515197754 48.552433013916 49.063907623291 49.4767761230469 49.8896484375 50.3025169372559 50.7153854370117 51.1282577514648 51.5411262512207 51.9887847900391 52.5408172607422 53.092845916748 53.6448745727539 54.196907043457 54.7489356994629 55.3009643554688 55.8529930114746 55.8157234191895 55.5820159912109 55.3483085632324 55.1146049499512 54.8808975219727 54.6471900939941 54.4134826660156 54.3657722473145 54.876049041748 55.3863258361816 55.8966026306152 56.4068794250488 56.9171562194824 57.427433013916 57.9377098083496 58.5587615966797 59.216739654541 59.8747215270996 60.5326995849609 61.1906776428223 61.8486557006836 62.5066337585449 63.1832618713379 63.9158248901367 64.6483917236328 65.3809585571289 66.113525390625 66.8460922241211
46.5774993896484 47.3816719055176 48.1858444213867 48.6901435852051 49.0944862365723 49.4988288879395 49.9031715393066 50.3075141906738 50.711856842041 51.1161994934082 51.5542488098145 52.093433380127 52.6326141357422 53.1717948913574 53.7109756469727 54.2501564025879 54.7893409729004 55.3285217285156 55.2844734191895 55.0460166931152 54.8075637817383 54.5691070556641 54.3306503295898 54.0921936035156 53.8537368774414 53.8056831359863 54.3288345336914 54.8519859313965 55.3751411437988 55.8982925415039 56.421443939209 56.9445991516113 57.4677505493164 58.1087799072266 58.7891044616699 59.469425201416 60.1497459411621 60.8300704956055 61.5103912353516 62.1907157897949 62.8977203369141 63.6847763061523 64.4718322753906 65.2588882446289 66.0459442138672 66.8330078125
46.2171325683594 47.0181922912598 47.8192520141602 48.3163795471191 48.7121963500977 49.1080093383789 49.5038261413574 49.8996391296387 50.2954559326172 50.6912689208984 51.1197128295898 51.6460456848145 52.1723823547363 52.6987152099609 53.2250480651855 53.7513809204102 54.2777137756348 54.8040466308594 54.7532272338867 54.5100212097168 54.2668151855469 54.023609161377 53.780403137207 53.5371971130371 53.2939872741699 53.2455902099609 53.7816200256348 54.3176498413086 54.8536758422852 55.389705657959 55.9257354736328 56.4617614746094 56.9977912902832 57.6587982177734 58.3614654541016 59.0641288757324 59.7667961120605 60.4694633483887 61.1721267700195 61.8747940063477 62.6121788024902 63.453727722168 64.2952728271484 65.1368255615234 65.9783706665039 66.8199157714844
45.856761932373 46.654712677002 47.4526634216309 47.9426155090332 48.3299026489258 48.7171897888184 49.1044769287109 49.4917678833008 49.8790550231934 50.2663421630859 50.6851768493652 51.1986618041992 51.7121467590332 52.2256355285645 52.7391204833984 53.2526054382324 53.7660903930664 54.2795753479004 54.221981048584 53.9740219116211 53.7260665893555 53.4781112670898 53.2301559448242 52.9821968078613 52.7342414855957 52.6855010986328 53.2344055175781 53.7833099365234 54.3322143554688 54.8811187744141 55.4300231933594 55.9789276123047 56.52783203125 57.2088165283203 57.9338264465332 58.6588363647461 59.383846282959 60.1088562011719 60.8338623046875 61.5588722229004 62.3266410827637 63.2226791381836 64.1187133789062 65.0147552490234 65.9107894897461 66.8068313598633
