data/working_set_collections/6091692-Cassins_Sparrow-M2/2005/evland_avg.asc
NCOLS 265 
NROWS 230 
XLLCORNER -115.5625 
YLLCORNER 24.8333333333333 
CELLSIZE 0.0833333333333333 
NODATA_value -9999 
[rows 90 to 107 of 230, columns 0 to 40 of 265]
5.36516517968266e-06 5.3120656957617e-06 5.25896621184074e-06 5.20586627317243e-06 5.15276678925147e-06 5.09966730533051e-06 5.0465673666622e-06 5.08814400745905e-06 5.16127920491272e-06 5.23441485711373e-06 5.3075500545674e-06 5.38068525202107e-06 5.45382090422208e-06 5.52695610167575e-06 5.65753725823015e-06 5.9604558373394e-06 6.26337487119599e-06 6.56629345030524e-06 6.86921202941448e-06 7.17213106327108e-06 7.47504964238033e-06 7.77796867623692e-06 8.02954400569433e-06 8.26400446385378e-06 8.49846492201323e-06 8.73292628966738e-06 8.96738674782682e-06 9.20184720598627e-06 9.43630857364042e-06 9.65008348430274e-06 9.8018044809578e-06 9.95352456811816e-06 1.01052446552785e-05 1.02569656519336e-05 1.04086857390939e-05 1.05604058262543e-05 1.07121259134146e-05 1.06432626125752e-05 1.05008703030762e-05 1.03584779935773e-05 1.0216086593573e-05
5.36257584826672e-06 5.29846602148609e-06 5.23435664945282e-06 5.17024727741955e-06 5.10613745063893e-06 5.04202807860565e-06 4.97791870657238e-06 5.02562670590123e-06 5.11060761709814e-06 5.19558852829505e-06 5.2805689847446e-06 5.36554989594151e-06 5.45053080713842e-06 5.53551126358798e-06 5.67734832657152e-06 5.98975429966231e-06 6.3021602727531e-06 6.61456579109654e-06 6.92697176418733e-06 7.23937773727812e-06 7.55178325562156e-06 7.8641896834597e-06 8.11209429230075e-06 8.3384984463919e-06 8.56490350997774e-06 8.79130766406888e-06 9.01771181816002e-06 9.24411688174587e-06 9.47052103583701e-06 9.68076165008824e-06 9.84251073532505e-06 1.00042598205619e-05 1.01660089057987e-05 1.03277579910355e-05 1.04895061667776e-05 1.06512552520144e-05 1.08130043372512e-05 1.076653097698e-05 1.0650649528543e-05 1.05347689896007e-05 1.04188875411637e-05
5.35998606210342e-06 5.28486680195783e-06 5.2097470870649e-06 5.13462782691931e-06 5.05950856677373e-06 4.98438930662815e-06 4.90926959173521e-06 4.96310940434341e-06 5.05993557453621e-06 5.15676174472901e-06 5.25358791492181e-06 5.35041408511461e-06 5.44724025530741e-06 5.5440664255002e-06 5.69715939491289e-06 6.01905230723787e-06 6.34094521956285e-06 6.66283858663519e-06 6.98473149896017e-06 7.30662441128516e-06 7.62851732361014e-06 7.95040978118777e-06 8.19464457890717e-06 8.41299242893001e-06 8.63134118844755e-06 8.84968903847039e-06 9.06803779798793e-06 9.28638564801076e-06 9.5047334980336e-06 9.71143890637904e-06 9.8832169896923e-06 1.00549950730056e-05 1.02267722468241e-05 1.03985503301374e-05 1.05703275039559e-05 1.07421055872692e-05 1.09138827610877e-05 1.08897993413848e-05 1.08004296635045e-05 1.07110590761295e-05 1.06216893982491e-05
5.35739627594012e-06 5.27126712768222e-06 5.18513797942433e-06 5.09900883116643e-06 5.01287922816118e-06 4.92675007990329e-06 4.84062093164539e-06 4.9005921027856e-06 5.00926398672163e-06 5.11793541591032e-06 5.22660729984636e-06 5.33527872903505e-06 5.44395015822374e-06 5.55262204215978e-06 5.71697046325426e-06 6.04835076956078e-06 6.37973062111996e-06 6.71111092742649e-06 7.04249077898567e-06 7.37387108529219e-06 7.70525093685137e-06 8.03663078841055e-06 8.27719486551359e-06 8.48748732096283e-06 8.69777886691736e-06 8.90807041287189e-06 9.11836286832113e-06 9.32865441427566e-06 9.5389468697249e-06 9.74211707216455e-06 9.92392324405955e-06 1.01057294159546e-05 1.02875364973443e-05 1.04693426692393e-05 1.06511488411343e-05 1.08329550130293e-05 1.10147611849243e-05 1.10130686152843e-05 1.09502088889712e-05 1.08873500721529e-05 1.08244903458399e-05
5.35480694452417e-06 5.25766745340661e-06 5.1605284170364e-06 5.06338938066619e-06 4.96625034429599e-06 4.86911130792578e-06 4.77197227155557e-06 4.83807525597513e-06 4.95859194415971e-06 5.07910908709164e-06 5.19962623002357e-06 5.32014291820815e-06 5.44066006114008e-06 5.56117720407201e-06 5.73678153159562e-06 6.07764877713635e-06 6.41851602267707e-06 6.75938326821779e-06 7.10025051375851e-06 7.44111775929923e-06 7.78198500483995e-06 8.12285179563332e-06 8.35974515212001e-06 8.56198130350094e-06 8.76421654538717e-06 8.9664526967681e-06 9.16868793865433e-06 9.37092318054056e-06 9.57315933192149e-06 9.77279432845535e-06 9.9646294984268e-06 1.01564646683983e-05 1.03482998383697e-05 1.05401350083412e-05 1.07319701783126e-05 1.09238044387894e-05 1.11156396087608e-05 1.11363369796891e-05 1.10999890239327e-05 1.10636401586817e-05 1.10272912934306e-05
5.35221715836087e-06 5.24406823387835e-06 5.13591930939583e-06 5.02776993016596e-06 4.91962100568344e-06 4.81147208120092e-06 4.7033231567184e-06 4.77555795441731e-06 4.90792035634513e-06 5.04028275827295e-06 5.17264516020077e-06 5.30500756212859e-06 5.43736996405642e-06 5.56973236598424e-06 5.75659305468434e-06 6.10694723945926e-06 6.45730142423417e-06 6.80765560900909e-06 7.158009793784e-06 7.50836443330627e-06 7.85871816333383e-06 8.2090728028561e-06 8.44229634822113e-06 8.63647528603906e-06 8.83065422385698e-06 9.02483407116961e-06 9.21901300898753e-06 9.41319285630016e-06 9.60737179411808e-06 9.80347249424085e-06 1.00053357527941e-05 1.0207199920842e-05 1.04090631793952e-05 1.06109273474431e-05 1.08127906059963e-05 1.10146547740442e-05 1.12165180325974e-05 1.12596062535886e-05 1.12497682493995e-05 1.12399302452104e-05 1.1230093150516e-05
5.27792008142569e-06 5.17579519510036e-06 5.07367030877504e-06 4.97154542244971e-06 4.86942053612438e-06 4.7672951950517e-06 4.66517030872637e-06 4.74892522106529e-06 4.89463991470984e-06 5.04035460835439e-06 5.18606930199894e-06 5.33178399564349e-06 5.47749823454069e-06 5.62321292818524e-06 5.82078791921958e-06 6.17394425717066e-06 6.52710014037439e-06 6.88025647832546e-06 7.23341281627654e-06 7.58656869948027e-06 7.93972503743134e-06 8.29288092063507e-06 8.52209632284939e-06 8.70999792823568e-06 8.89789953362197e-06 9.08580204850296e-06 9.27370365388924e-06 9.46160525927553e-06 9.64950686466182e-06 9.84357302513672e-06 1.00561319413828e-05 1.02686917671235e-05 1.04812506833696e-05 1.06938095996156e-05 1.09063685158617e-05 1.11189274321077e-05 1.13314872578485e-05 1.13933856482618e-05 1.14050635602325e-05 1.14167414722033e-05 1.1428419384174e-05
5.13191525897128e-06 5.05284833707265e-06 4.97378141517402e-06 4.89471449327539e-06 4.81564757137676e-06 4.73658064947813e-06 4.6575137275795e-06 4.75817751066643e-06 4.91875107400119e-06 5.07932463733596e-06 5.23989820067072e-06 5.40047176400549e-06 5.56104532734025e-06 5.72161889067502e-06 5.92936748944339e-06 6.2786402850179e-06 6.62791262584506e-06 6.97718542141956e-06 7.32645821699407e-06 7.67573146731593e-06 8.02500380814308e-06 8.37427614897024e-06 8.59914689499419e-06 8.78255013958551e-06 8.96595247468213e-06 9.14935571927344e-06 9.33275896386476e-06 9.51616129896138e-06 9.6995645435527e-06 9.89309683063766e-06 1.0117018064193e-05 1.03409392977483e-05 1.05648605313036e-05 1.07887817648589e-05 1.10127029984142e-05 1.12366242319695e-05 1.14605454655248e-05 1.15376751637086e-05 1.15658740469371e-05 1.15940729301656e-05 1.16222709038993e-05
4.98591089126421e-06 4.92990193379228e-06 4.87389297632035e-06 4.81788401884842e-06 4.76187506137649e-06 4.70586610390455e-06 4.64985760117997e-06 4.76742980026756e-06 4.94286223329254e-06 5.11829466631752e-06 5.2937270993425e-06 5.46915998711484e-06 5.64459242013982e-06 5.8200248531648e-06 6.03794660491985e-06 6.38333585811779e-06 6.72872511131573e-06 7.07411481926101e-06 7.41950407245895e-06 7.76489378040424e-06 8.11028257885482e-06 8.45567228680011e-06 8.67619746713899e-06 8.85510144144064e-06 9.03400541574229e-06 9.21290939004393e-06 9.39181336434558e-06 9.57071733864723e-06 9.74962131294888e-06 9.9426206361386e-06 1.01779041870032e-05 1.04131877378677e-05 1.06484703792376e-05 1.08837539301021e-05 1.11190374809667e-05 1.13543210318312e-05 1.15896045826958e-05 1.16819646791555e-05 1.17266845336417e-05 1.17714034786331e-05 1.18161233331193e-05
4.8399060688098e-06 4.80695553051191e-06 4.77400453746668e-06 4.74105354442145e-06 4.70810255137621e-06 4.67515155833098e-06 4.6422010200331e-06 4.77668163512135e-06 4.9669733925839e-06 5.15726469529909e-06 5.34755645276164e-06 5.53784775547683e-06 5.72813951293938e-06 5.91843081565457e-06 6.14652617514366e-06 6.48803188596503e-06 6.82953805153375e-06 7.17104376235511e-06 7.51254947317648e-06 7.85405518399784e-06 8.19556134956656e-06 8.53706751513528e-06 8.75324803928379e-06 8.92765274329577e-06 9.10205835680244e-06 9.27646306081442e-06 9.4508686743211e-06 9.62527337833308e-06 9.79967899183976e-06 9.99214444163954e-06 1.02387894003186e-05 1.04854352684924e-05 1.07320811366662e-05 1.09787260953453e-05 1.12253719635191e-05 1.14720178316929e-05 1.1718662790372e-05 1.18262551040971e-05 1.18874950203463e-05 1.19487349365954e-05 1.20099748528446e-05
4.69390170110273e-06 4.6840086724842e-06 4.67411564386566e-06 4.66422306999448e-06 4.65433004137594e-06 4.64443701275741e-06 4.63454443888622e-06 4.78593392472249e-06 4.99108455187525e-06 5.19623472428066e-06 5.40138535143342e-06 5.60653597858618e-06 5.81168615099159e-06 6.01683677814435e-06 6.25510529062012e-06 6.59272791381227e-06 6.93035053700441e-06 7.26797270544921e-06 7.60559532864136e-06 7.94321749708615e-06 8.2808401202783e-06 8.61846274347045e-06 8.83029861142859e-06 9.0002049546456e-06 9.1701112978626e-06 9.34001764107961e-06 9.50992398429662e-06 9.67983032751363e-06 9.84973667073064e-06 1.00416682471405e-05 1.02996755231288e-05 1.05576837086119e-05 1.08156909846002e-05 1.10736991700833e-05 1.13317064460716e-05 1.15897146315547e-05 1.1847721907543e-05 1.19705446195439e-05 1.20483055070508e-05 1.2126065485063e-05 1.22038263725699e-05
4.54789687864832e-06 4.56106226920383e-06 4.57422720501199e-06 4.58739259556751e-06 4.60055753137567e-06 4.61372246718383e-06 4.62688785773935e-06 4.79518621432362e-06 5.0151957111666e-06 5.23520475326222e-06 5.4552142501052e-06 5.67522374694818e-06 5.89523324379115e-06 6.11524274063413e-06 6.36368440609658e-06 6.69742348691216e-06 7.03116302247508e-06 7.36490210329066e-06 7.69864072935889e-06 8.03237981017446e-06 8.36611980048474e-06 8.69985888130032e-06 8.90734918357339e-06 9.07275625650072e-06 9.23816332942806e-06 9.4035713118501e-06 9.56897838477744e-06 9.73438636719948e-06 9.89979344012681e-06 1.00911911431467e-05 1.0360561645939e-05 1.06299312392366e-05 1.08993008325342e-05 1.11686713353265e-05 1.14380409286241e-05 1.17074105219217e-05 1.1976781024714e-05 1.21148341349908e-05 1.22091159937554e-05 1.23033969430253e-05 1.23976778922952e-05
4.46217973149032e-06 4.48877563030692e-06 4.51537152912351e-06 4.54196742794011e-06 4.5685633267567e-06 4.5951592255733e-06 4.62175512438989e-06 4.79856771562481e-06 5.02545253766584e-06 5.25233735970687e-06 5.4792221817479e-06 5.70610700378893e-06 5.93299182582996e-06 6.15987664787099e-06 6.4120167735382e-06 6.7399232648313e-06 7.06782930137706e-06 7.39573579267017e-06 7.72364182921592e-06 8.05154832050903e-06 8.37945481180213e-06 8.70736130309524e-06 8.91345098352758e-06 9.07893536350457e-06 9.24441974348156e-06 9.40990412345855e-06 9.57538850343553e-06 9.74087288341252e-06 9.90635726338951e-06 1.01008563433425e-05 1.03823958852445e-05 1.06639363366412e-05 1.09454767880379e-05 1.12270163299399e-05 1.15085567813367e-05 1.17900972327334e-05 1.20716376841301e-05 1.22194605864934e-05 1.23227118820068e-05 1.24259631775203e-05 1.25292144730338e-05
4.4367498048814e-06 4.46714921054081e-06 4.49754861620022e-06 4.52794802185963e-06 4.55834742751904e-06 4.58874683317845e-06 4.61914623883786e-06 4.79607888337341e-06 5.02185548612033e-06 5.24763208886725e-06 5.47340869161417e-06 5.69918529436109e-06 5.924961897108e-06 6.15073849985492e-06 6.40010239294497e-06 6.72022633807501e-06 7.04035028320504e-06 7.36047422833508e-06 7.68059817346511e-06 8.00072211859515e-06 8.32084697321989e-06 8.64097091834992e-06 8.84860492078587e-06 9.01874227565713e-06 9.18887963052839e-06 9.35901698539965e-06 9.52915434027091e-06 9.69929169514216e-06 9.86942905001342e-06 1.00706611192436e-05 1.03651800600346e-05 1.06596980913309e-05 1.0954217032122e-05 1.1248735972913e-05 1.15432540042093e-05 1.18377729450003e-05 1.21322918857913e-05 1.22844239740516e-05 1.23890949907945e-05 1.24937650980428e-05 1.2598435205291e-05
4.41131987827248e-06 4.4455227907747e-06 4.47972570327693e-06 4.51392861577915e-06 4.54813198302872e-06 4.58233489553095e-06 4.61653780803317e-06 4.79359005112201e-06 5.01825843457482e-06 5.24292681802763e-06 5.46759520148044e-06 5.69226358493324e-06 5.9169324231334e-06 6.14160080658621e-06 6.3881875576044e-06 6.70052941131871e-06 7.01287126503303e-06 7.32521311874734e-06 7.63755451771431e-06 7.94989682617597e-06 8.26223822514294e-06 8.5745805336046e-06 8.78375794854946e-06 8.95854827831499e-06 9.13333860808052e-06 9.30812893784605e-06 9.48291926761158e-06 9.65770959737711e-06 9.83249992714263e-06 1.00404668046394e-05 1.03479633253301e-05 1.06554607555154e-05 1.0962957276206e-05 1.12704547063913e-05 1.15779512270819e-05 1.18854486572673e-05 1.21929460874526e-05 1.23493873616098e-05 1.24554771900875e-05 1.25615670185653e-05 1.2667656847043e-05
4.38588995166356e-06 4.4238963710086e-06 4.46190279035363e-06 4.49990966444602e-06 4.53791608379106e-06 4.5759225031361e-06 4.61392892248114e-06 4.79110076412326e-06 5.01466138302931e-06 5.238221547188e-06 5.4617817113467e-06 5.68534233025275e-06 5.90890249441145e-06 6.13246265857015e-06 6.37627272226382e-06 6.68083248456242e-06 6.98539179211366e-06 7.28995155441226e-06 7.59451131671085e-06 7.8990706242621e-06 8.20363038656069e-06 8.50819014885928e-06 8.71891188580776e-06 8.89835519046756e-06 9.07779849512735e-06 9.25724089029245e-06 9.43668419495225e-06 9.61612749961205e-06 9.79557080427185e-06 1.00102715805406e-05 1.03307475001202e-05 1.06512225102051e-05 1.09716984297847e-05 1.12921734398697e-05 1.16126493594493e-05 1.19331243695342e-05 1.22536002891138e-05 1.24143507491681e-05 1.25218593893806e-05 1.26293689390877e-05 1.27368775793002e-05
4.36046002505464e-06 4.40226995124249e-06 4.44408033217769e-06 4.48589025836554e-06 4.5277001845534e-06 4.5695105654886e-06 4.61132049167645e-06 4.78861193187186e-06 5.01106433148379e-06 5.23351627634838e-06 5.45596822121297e-06 5.67842062082491e-06 5.9008725656895e-06 6.12332451055408e-06 6.3643583416706e-06 6.66113555780612e-06 6.95791277394164e-06 7.25468999007717e-06 7.55146766096004e-06 7.84824442234822e-06 8.14502254797844e-06 8.44179976411397e-06 8.65406582306605e-06 8.83816210262012e-06 9.02225747267948e-06 9.20635375223355e-06 9.39045003178762e-06 9.57454540184699e-06 9.75864168140106e-06 9.98007726593642e-06 1.03135307654156e-05 1.06469842648949e-05 1.09804386738688e-05 1.1313892173348e-05 1.16473465823219e-05 1.19808000818011e-05 1.23142544907751e-05 1.24793141367263e-05 1.25882424981683e-05 1.26971708596102e-05 1.28060983115574e-05
4.33503009844571e-06 4.38064353147638e-06 4.4262574192544e-06 4.47187085228506e-06 4.51748474006308e-06 4.56309817309375e-06 4.60871160612442e-06 4.78612309962045e-06 5.00746727993828e-06 5.22881100550876e-06 5.45015473107924e-06 5.67149891139707e-06 5.89284263696754e-06 6.11418681728537e-06 6.35244350633002e-06 6.64143863104982e-06 6.93043375576963e-06 7.21942888048943e-06 7.50842400520924e-06 7.79741912992904e-06 8.08641379990149e-06 8.37540937936865e-06 8.58921976032434e-06 8.77796810527798e-06 8.96671735972632e-06 9.15546570467995e-06 9.34421495912829e-06 9.53296330408193e-06 9.72171255853027e-06 9.94988204183755e-06 1.02963140307111e-05 1.06427469290793e-05 1.09891789179528e-05 1.1335611816321e-05 1.16820438051946e-05 1.20284757940681e-05 1.23749086924363e-05 1.25442775242846e-05 1.26546246974613e-05 1.2764971870638e-05 1.28753199533094e-05
