data/working_set_collections/6091692-Cassins_Sparrow-M2/2005/evland_avg.asc
NCOLS 265 
NROWS 230 
XLLCORNER -115.5625 
YLLCORNER 24.8333333333333 
CELLSIZE 0.0833333333333333 
NODATA_value -9999 
[rows 144 to 161 of 230, columns 82 to 122 of 265]
9.74324120761594e-06 9.60026045504492e-06 9.4572787929792e-06 9.31429804040818e-06 9.17131637834245e-06 9.02833562577143e-06 8.88535396370571e-06 8.75122259458294e-06 8.64364119479433e-06 8.53605979500571e-06 8.4284783952171e-06 8.32089699542848e-06 8.21331559563987e-06 8.10573419585126e-06 7.99815279606264e-06 8.02575777925085e-06 8.09842640592251e-06 8.17109412309946e-06 8.24376274977112e-06 8.31643046694808e-06 8.38909818412503e-06 8.46176681079669e-06 8.58056955621578e-06 8.83777647686657e-06 9.09498339751735e-06 9.35219122766284e-06 9.60939814831363e-06 9.86660506896442e-06 1.01238128991099e-05 1.03810198197607e-05 1.05796243587974e-05 1.07586938611348e-05 1.09377633634722e-05 1.11168337753043e-05 1.12959032776416e-05 1.14749736894737e-05 1.16540431918111e-05 1.18082616609172e-05 1.18879243018455e-05 1.19675869427738e-05 1.20472504931968e-05
9.88853571470827e-06 9.75590955931693e-06 9.6232834039256e-06 9.49065815802896e-06 9.35803200263763e-06 9.22540584724629e-06 9.09277969185496e-06 8.96550500328885e-06 8.85428289620904e-06 8.74306078912923e-06 8.63183868204942e-06 8.52061748446431e-06 8.4093953773845e-06 8.29817327030469e-06 8.18695116322488e-06 8.20198147266638e-06 8.25909592094831e-06 8.31621036923025e-06 8.37332572700689e-06 8.43044017528882e-06 8.48755462357076e-06 8.5446690718527e-06 8.64671710587572e-06 8.88356407813262e-06 9.12041195988422e-06 9.35725984163582e-06 9.59410772338742e-06 9.83095560513902e-06 1.00678025773959e-05 1.03046504591475e-05 1.04913515315275e-05 1.06613370007835e-05 1.08313224700396e-05 1.10013079392957e-05 1.11712934085517e-05 1.13412779683131e-05 1.15112634375691e-05 1.16582095870399e-05 1.17360359581653e-05 1.18138632387854e-05 1.18916896099108e-05
1.00338293123059e-05 9.91155866358895e-06 9.789288014872e-06 9.66701736615505e-06 9.5447467174381e-06 9.42247606872115e-06 9.3002054200042e-06 9.17978741199477e-06 9.06492459762376e-06 8.95006178325275e-06 8.83519987837644e-06 8.72033706400543e-06 8.60547515912913e-06 8.49061234475812e-06 8.37574953038711e-06 8.3782051660819e-06 8.41976634546882e-06 8.46132752485573e-06 8.50288870424265e-06 8.54444897413487e-06 8.58601015352178e-06 8.6275713329087e-06 8.71286465553567e-06 8.92935258889338e-06 9.14584052225109e-06 9.3623284556088e-06 9.57881729846122e-06 9.79530523181893e-06 1.00117931651766e-05 1.02282810985344e-05 1.04030787042575e-05 1.05639801404322e-05 1.07248806671123e-05 1.08857811937924e-05 1.10466826299671e-05 1.12075831566472e-05 1.13684836833272e-05 1.15081575131626e-05 1.15841476144851e-05 1.16601386253024e-05 1.17361287266249e-05
1.01791238193982e-05 1.00672086773557e-05 9.9552926258184e-06 9.84337748377584e-06 9.73146234173328e-06 9.61954719969071e-06 9.50763114815345e-06 9.39406891120598e-06 9.27556629903847e-06 9.15706368687097e-06 9.03856016520876e-06 8.92005755304126e-06 8.80155403137906e-06 8.68305141921155e-06 8.56454880704405e-06 8.55442885949742e-06 8.58043586049462e-06 8.60644377098652e-06 8.63245168147841e-06 8.65845868247561e-06 8.68446659296751e-06 8.71047359396471e-06 8.77901220519561e-06 8.97514019015944e-06 9.17126908461796e-06 9.36739797907649e-06 9.56352596404031e-06 9.75965485849883e-06 9.95578375295736e-06 1.01519117379212e-05 1.03148067864822e-05 1.0466623280081e-05 1.0618438864185e-05 1.07702553577838e-05 1.09220718513825e-05 1.10738883449812e-05 1.12257039290853e-05 1.13581054392853e-05 1.14322592708049e-05 1.15064140118193e-05 1.15805687528336e-05
1.03244174169959e-05 1.02228577816277e-05 1.01212972367648e-05 1.00197376013966e-05 9.91817705653375e-06 9.81661742116557e-06 9.7150568763027e-06 9.60835131991189e-06 9.48620800045319e-06 9.36406468099449e-06 9.24192136153579e-06 9.11977713258239e-06 8.99763381312368e-06 8.87549049366498e-06 8.75334717420628e-06 8.73065164341824e-06 8.74110628501512e-06 8.7515600171173e-06 8.76201465871418e-06 8.77246839081636e-06 8.78292212291854e-06 8.79337676451541e-06 8.84515975485556e-06 9.0209287009202e-06 9.19669764698483e-06 9.37246659304947e-06 9.5482355391141e-06 9.72400448517874e-06 9.89977434073808e-06 1.00755432868027e-05 1.02265339592122e-05 1.0369265510235e-05 1.05119979707524e-05 1.06547295217752e-05 1.07974610727979e-05 1.09401926238206e-05 1.10829250843381e-05 1.1208053365408e-05 1.12803709271247e-05 1.13526893983362e-05 1.14250078695477e-05
1.04697119240882e-05 1.03785068858997e-05 1.02873018477112e-05 1.01960977190174e-05 1.01048926808289e-05 1.00136876426404e-05 9.92248260445194e-06 9.8226337286178e-06 9.6968497018679e-06 9.57106567511801e-06 9.44528164836811e-06 9.31949762161821e-06 9.19371359486831e-06 9.06792956811842e-06 8.94214554136852e-06 8.90687533683376e-06 8.90177580004092e-06 8.89667626324808e-06 8.89157763594994e-06 8.8864780991571e-06 8.88137856236426e-06 8.87627902557142e-06 8.9113063950208e-06 9.06671630218625e-06 9.2221262093517e-06 9.37753520702245e-06 9.5329451141879e-06 9.68835502135335e-06 9.84376401902409e-06 9.99917392618954e-06 1.0138262041437e-05 1.02719086498837e-05 1.04055561678251e-05 1.05392036857666e-05 1.06728502942133e-05 1.08064978121547e-05 1.09401453300961e-05 1.10580012915307e-05 1.11284825834446e-05 1.11989647848532e-05 1.12694469862618e-05
1.06206043710699e-05 1.05367707874393e-05 1.0452936294314e-05 1.03691018011887e-05 1.02852673080633e-05 1.0201432814938e-05 1.01175983218127e-05 1.00234337878646e-05 9.89828004094306e-06 9.77312538452679e-06 9.64797163760522e-06 9.52281698118895e-06 9.39766323426738e-06 9.27250857785111e-06 9.14735483092954e-06 9.10443850443698e-06 9.08893434825586e-06 9.07343019207474e-06 9.05792603589362e-06 9.04242187971249e-06 9.02691772353137e-06 9.01141447684495e-06 9.03245472727576e-06 9.16312819754239e-06 9.29380257730372e-06 9.42447604757035e-06 9.55514951783698e-06 9.68582389759831e-06 9.81649736786494e-06 9.94717083813157e-06 1.00707975434489e-05 1.01920741144568e-05 1.03133515949594e-05 1.04346281659673e-05 1.05559056464699e-05 1.06771822174778e-05 1.07984596979804e-05 1.0905858289334e-05 1.09716238512192e-05 1.10373894131044e-05 1.11031549749896e-05
1.07770965769305e-05 1.06976476672571e-05 1.06181987575837e-05 1.05387498479104e-05 1.0459300938237e-05 1.03798520285636e-05 1.03004031188902e-05 1.02107533166418e-05 1.00904990176787e-05 9.97024471871555e-06 9.84999041975243e-06 9.72973612078931e-06 9.60948182182619e-06 9.48922752286308e-06 9.36897322389996e-06 9.3233402367332e-06 9.30258011067053e-06 9.28182089410257e-06 9.2610607680399e-06 9.24030155147193e-06 9.21954142540926e-06 9.19878220884129e-06 9.20860293263104e-06 9.31016438698862e-06 9.4117258413462e-06 9.51328729570378e-06 9.61484965955606e-06 9.71641111391364e-06 9.81797256827122e-06 9.9195349321235e-06 1.00241404652479e-05 1.01297619039542e-05 1.02353833426605e-05 1.03410038718721e-05 1.04466253105784e-05 1.05522467492847e-05 1.06578672784963e-05 1.07516252683126e-05 1.08097938209539e-05 1.08679623735952e-05 1.09261300167418e-05
1.0933588782791e-05 1.08585254565696e-05 1.07834621303482e-05 1.07083988041268e-05 1.06333354779053e-05 1.05582721516839e-05 1.04832079159678e-05 1.03980719359242e-05 1.02827179944143e-05 1.01673640529043e-05 1.00520092018996e-05 9.93665526038967e-06 9.821300409385e-06 9.70594646787504e-06 9.59059252636507e-06 9.54224196902942e-06 9.51622678257991e-06 9.49021159613039e-06 9.46419550018618e-06 9.43818031373667e-06 9.41216512728715e-06 9.38614994083764e-06 9.38475022849161e-06 9.45720057643484e-06 9.52965001488337e-06 9.6020994533319e-06 9.67454889178043e-06 9.74699923972366e-06 9.81944867817219e-06 9.89189811662072e-06 9.97748429654166e-06 1.00674496934516e-05 1.01574150903616e-05 1.02473804872716e-05 1.03373449746869e-05 1.04273103715968e-05 1.05172757685068e-05 1.05973922472913e-05 1.06479637906887e-05 1.06985344245913e-05 1.07491059679887e-05
1.10900809886516e-05 1.10194032458821e-05 1.0948724593618e-05 1.08780468508485e-05 1.0807369108079e-05 1.07366913653095e-05 1.066601362254e-05 1.05853914647014e-05 1.04749369711499e-05 1.03644824775984e-05 1.02540279840468e-05 1.014357439999e-05 1.00331199064385e-05 9.922665412887e-06 9.81221091933548e-06 9.76114370132564e-06 9.72987254499458e-06 9.69860229815822e-06 9.66733114182716e-06 9.6360599854961e-06 9.60478882916505e-06 9.57351767283399e-06 9.56089843384689e-06 9.60423585638637e-06 9.64757327892585e-06 9.69091161096003e-06 9.73424903349951e-06 9.77758645603899e-06 9.82092387857847e-06 9.86426221061265e-06 9.93082812783541e-06 1.00051374829491e-05 1.00794468380627e-05 1.01537561931764e-05 1.022806554829e-05 1.03023749034037e-05 1.03766842585173e-05 1.04431592262699e-05 1.04861337604234e-05 1.05291073850822e-05 1.05720819192356e-05
1.12465731945122e-05 1.11802801256999e-05 1.11139879663824e-05 1.10476958070649e-05 1.09814027382527e-05 1.09151105789351e-05 1.08488184196176e-05 1.07727100839838e-05 1.06671559478855e-05 1.05616018117871e-05 1.04560476756888e-05 1.03504926300957e-05 1.02449384939973e-05 1.0139384357899e-05 1.00338302218006e-05 9.98004634311656e-06 9.94351921690395e-06 9.90699209069135e-06 9.87046587397344e-06 9.83393874776084e-06 9.79741162154824e-06 9.76088540483033e-06 9.73704663920216e-06 9.75127204583259e-06 9.76549745246302e-06 9.77972285909345e-06 9.79394826572388e-06 9.80817458184902e-06 9.82239998847945e-06 9.83662539510988e-06 9.88417195912916e-06 9.9428252724465e-06 1.00014785857638e-05 1.00601318990812e-05 1.01187852123985e-05 1.01774385257158e-05 1.02360918390332e-05 1.02889262052486e-05 1.03243037301581e-05 1.0359680345573e-05 1.03950578704826e-05
1.1403064490878e-05 1.13411579150124e-05 1.12792513391469e-05 1.12173438537866e-05 1.1155437277921e-05 1.10935307020554e-05 1.10316232166952e-05 1.0960029612761e-05 1.08593749246211e-05 1.07587211459759e-05 1.0658066457836e-05 1.0557411769696e-05 1.04567570815561e-05 1.03561033029109e-05 1.0255448614771e-05 1.01989480754128e-05 1.01571658888133e-05 1.01153827927192e-05 1.00736006061197e-05 1.00318184195203e-05 9.99003532342613e-06 9.94825313682668e-06 9.91319484455744e-06 9.89830823527882e-06 9.8834216260002e-06 9.86853501672158e-06 9.85364840744296e-06 9.83876179816434e-06 9.82387518888572e-06 9.8089885796071e-06 9.83751579042291e-06 9.88051306194393e-06 9.92351033346495e-06 9.96650760498596e-06 1.00095057860017e-05 1.00525030575227e-05 1.00955003290437e-05 1.01346931842272e-05 1.01624736998929e-05 1.01902533060638e-05 1.02180329122348e-05
1.16015080493526e-05 1.15367711259751e-05 1.14720351120923e-05 1.14072981887148e-05 1.1342562174832e-05 1.12778261609492e-05 1.12130892375717e-05 1.11394501800532e-05 1.10391029011225e-05 1.09387556221918e-05 1.08384083432611e-05 1.07380610643304e-05 1.06377137853997e-05 1.05373655969743e-05 1.04370183180436e-05 1.03799629869172e-05 1.03373376987292e-05 1.02947124105413e-05 1.0252088031848e-05 1.020946274366e-05 1.0166837455472e-05 1.0124212167284e-05 1.00841289167874e-05 1.00516708698706e-05 1.00192128229537e-05 9.98675386654213e-06 9.95429581962526e-06 9.92183777270839e-06 9.88937972579151e-06 9.85692076937994e-06 9.86566010396928e-06 9.88813098956598e-06 9.91060187516268e-06 9.93307367025409e-06 9.95554455585079e-06 9.9780154414475e-06 1.00004872365389e-05 1.0021914022218e-05 1.00402085081441e-05 1.00585029940703e-05 1.00767974799965e-05
1.18419011414517e-05 1.17671206680825e-05 1.16923401947133e-05 1.16175588118494e-05 1.15427783384803e-05 1.14679969556164e-05 1.13932164822472e-05 1.13109726953553e-05 1.12063389678951e-05 1.11017061499297e-05 1.09970724224695e-05 1.0892439604504e-05 1.07878058770439e-05 1.06831730590784e-05 1.05785393316182e-05 1.05230901681352e-05 1.04840364656411e-05 1.04449818536523e-05 1.04059272416634e-05 1.03668726296746e-05 1.03278180176858e-05 1.02887643151917e-05 1.02498506748816e-05 1.02113608591026e-05 1.01728710433235e-05 1.01343812275445e-05 1.00958914117655e-05 1.00574015959864e-05 1.00189117802074e-05 9.98042196442839e-06 9.96860489976825e-06 9.96567905531265e-06 9.96275321085704e-06 9.95982827589614e-06 9.95690243144054e-06 9.95397658698494e-06 9.95105165202403e-06 9.95058780972613e-06 9.95750906440662e-06 9.96443031908711e-06 9.97135157376761e-06
1.20822951430455e-05 1.19974702101899e-05 1.19126443678397e-05 1.18278194349841e-05 1.17429945021286e-05 1.16581686597783e-05 1.15733437269228e-05 1.14824952106574e-05 1.13735759441624e-05 1.12646566776675e-05 1.11557374111726e-05 1.10468181446777e-05 1.09378988781828e-05 1.08289796116878e-05 1.07200603451929e-05 1.06662182588479e-05 1.06307343230583e-05 1.05952503872686e-05 1.05597664514789e-05 1.05242825156893e-05 1.04887994893943e-05 1.04533155536046e-05 1.04155724329758e-05 1.03710508483346e-05 1.03265292636934e-05 1.02820076790522e-05 1.0237486094411e-05 1.01929645097698e-05 1.01484438346233e-05 1.01039222499821e-05 1.00715496955672e-05 1.00432271210593e-05 1.00149054560461e-05 9.9865828815382e-06 9.95826030703029e-06 9.92993773252238e-06 9.90161606750917e-06 9.87926068773959e-06 9.87480871117441e-06 9.87035764410393e-06 9.86590566753875e-06
1.23226891446393e-05 1.22278197522974e-05 1.21329494504607e-05 1.20380800581188e-05 1.19432106657769e-05 1.18483403639402e-05 1.17534709715983e-05 1.16540168164647e-05 1.1540812010935e-05 1.14276072054054e-05 1.13144023998757e-05 1.12011966848513e-05 1.10879918793216e-05 1.0974787073792e-05 1.08615822682623e-05 1.0809345440066e-05 1.07774321804754e-05 1.07455198303796e-05 1.07136065707891e-05 1.06816933111986e-05 1.06497800516081e-05 1.06178667920176e-05 1.05812932815752e-05 1.05307408375666e-05 1.04801874840632e-05 1.04296350400546e-05 1.03790816865512e-05 1.03285283330479e-05 1.02779758890392e-05 1.02274225355359e-05 1.01744954008609e-05 1.01207760963007e-05 1.00670567917405e-05 1.00133374871803e-05 9.95961818262003e-06 9.90589887805982e-06 9.8521804829943e-06 9.80793447524775e-06 9.7921092674369e-06 9.77628405962605e-06 9.7604588518152e-06
1.25630831462331e-05 1.24581692944048e-05 1.23532545330818e-05 1.22483406812535e-05 1.21434259199305e-05 1.20385120681021e-05 1.19335982162738e-05 1.18255393317668e-05 1.17080480777076e-05 1.15905577331432e-05 1.14730664790841e-05 1.13555761345197e-05 1.12380848804605e-05 1.11205936264014e-05 1.1003103281837e-05 1.09524735307787e-05 1.09241309473873e-05 1.0895788363996e-05 1.08674457806046e-05 1.08391031972133e-05 1.08107606138219e-05 1.07824180304306e-05 1.07470150396693e-05 1.06904308267985e-05 1.0633845704433e-05 1.05772614915622e-05 1.05206772786914e-05 1.04640921563259e-05 1.04075079434551e-05 1.03509228210896e-05 1.02774401966599e-05 1.01983241620474e-05 1.01192081274348e-05 1.00400920928223e-05 9.96097605820978e-06 9.88186093309196e-06 9.80274489847943e-06 9.73660826275591e-06 9.70940982369939e-06 9.68221138464287e-06 9.65501294558635e-06
1.28034771478269e-05 1.26885179270175e-05 1.25735596157028e-05 1.24586013043881e-05 1.23436420835787e-05 1.2228683772264e-05 1.21137245514547e-05 1.19970618470688e-05 1.18752850539749e-05 1.17535082608811e-05 1.16317314677872e-05 1.15099546746933e-05 1.13881778815994e-05 1.12664010885055e-05 1.11446242954116e-05 1.10956007119967e-05 1.10708288048045e-05 1.10460568976123e-05 1.10212849904201e-05 1.09965130832279e-05 1.09717411760357e-05 1.09469692688435e-05 1.09127367977635e-05 1.08501208160305e-05 1.07875048342976e-05 1.07248879430699e-05 1.0662271961337e-05 1.0599655979604e-05 1.0537039997871e-05 1.04744240161381e-05 1.03803849924589e-05 1.0275872227794e-05 1.01713594631292e-05 1.00668466984644e-05 9.96233484329423e-06 9.8578220786294e-06 9.75330931396456e-06 9.66528114076937e-06 9.62670947046718e-06 9.58813780016499e-06 9.5495661298628e-06
