data/working_set_collections/6091692-Cassins_Sparrow-M2/2005/evland_avg.asc
NCOLS 265 
NROWS 230 
XLLCORNER -115.5625 
YLLCORNER 24.8333333333333 
CELLSIZE 0.0833333333333333 
NODATA_value -9999 
[rows 36 to 53 of 230, columns 123 to 163 of 265]
1.50610503624193e-05 1.46706006489694e-05 1.42801500260248e-05 1.38896994030802e-05 1.37059314511134e-05 1.35910568133113e-05 1.34761830850039e-05 1.33613084472017e-05 1.32464347188943e-05 1.31315600810922e-05 1.30166863527847e-05 1.29202308016829e-05 1.28790297821979e-05 1.28378287627129e-05 1.27966286527226e-05 1.27554276332376e-05 1.27142266137525e-05 1.26730255942675e-05 1.26318254842772e-05 1.27408384287264e-05 1.28999217849923e-05 1.30590060507529e-05 1.32180903165136e-05 1.33771745822742e-05 1.35362579385401e-05 1.36953422043007e-05 1.38561390485847e-05 1.40220736284391e-05 1.41880082082935e-05 1.43539427881478e-05 1.45198773680022e-05 1.46858119478566e-05 1.48517465277109e-05 1.50176811075653e-05 1.52199518197449e-05 1.5434334272868e-05 1.56487167259911e-05 1.58630973601248e-05 1.60774798132479e-05 1.6291862266371e-05 1.65062447194941e-05
1.50933665281627e-05 1.47025975820725e-05 1.43118277264875e-05 1.39210587803973e-05 1.37311008074903e-05 1.36080798256444e-05 1.34850597532932e-05 1.33620387714473e-05 1.3239018699096e-05 1.31159977172501e-05 1.29929767354042e-05 1.28869396576192e-05 1.28318533825222e-05 1.27767661979306e-05 1.27216790133389e-05 1.26665918287472e-05 1.26115046441555e-05 1.25564183690585e-05 1.25013311844668e-05 1.26144541354734e-05 1.27836474348442e-05 1.2952840734215e-05 1.31220349430805e-05 1.32912282424513e-05 1.34604215418221e-05 1.3629614841193e-05 1.38007417262997e-05 1.39776684591197e-05 1.41545961014344e-05 1.43315228342544e-05 1.45084504765691e-05 1.46853772093891e-05 1.48623039422091e-05 1.50392315845238e-05 1.52261136463494e-05 1.54163153638365e-05 1.56065161718288e-05 1.57967169798212e-05 1.59869177878136e-05 1.6177118595806e-05 1.63673194037983e-05
1.51256826939061e-05 1.47345945151756e-05 1.4343506336445e-05 1.39524172482197e-05 1.37562701638672e-05 1.36251028379775e-05 1.34939364215825e-05 1.33627690956928e-05 1.32316017698031e-05 1.31004353534081e-05 1.29692680275184e-05 1.28536494230502e-05 1.27846760733519e-05 1.27157027236535e-05 1.26467293739552e-05 1.25777560242568e-05 1.25087826745585e-05 1.24398102343548e-05 1.23708368846565e-05 1.2488070751715e-05 1.2667373084696e-05 1.28466763271717e-05 1.30259786601528e-05 1.32052819026285e-05 1.33845851451042e-05 1.35638874780852e-05 1.37453444040148e-05 1.39332641992951e-05 1.41211839945754e-05 1.4309102880361e-05 1.44970226756413e-05 1.46849424709217e-05 1.4872862266202e-05 1.50607811519876e-05 1.52322763824486e-05 1.5398296454805e-05 1.55643156176666e-05 1.57303347805282e-05 1.58963539433898e-05 1.60623749252409e-05 1.62283940881025e-05
1.51579988596495e-05 1.47665914482786e-05 1.43751840369077e-05 1.39837766255368e-05 1.3781439520244e-05 1.36421258503105e-05 1.35028121803771e-05 1.33634994199383e-05 1.32241857500048e-05 1.30848720800714e-05 1.29455584101379e-05 1.28203591884812e-05 1.27374996736762e-05 1.26546401588712e-05 1.25717806440662e-05 1.24889211292611e-05 1.24060616144561e-05 1.23232020996511e-05 1.22403425848461e-05 1.23616864584619e-05 1.25510987345478e-05 1.27405110106338e-05 1.29299232867197e-05 1.31193355628056e-05 1.33087478388916e-05 1.34981601149775e-05 1.36899470817298e-05 1.38888590299757e-05 1.40877709782217e-05 1.42866838359623e-05 1.44855957842083e-05 1.46845077324542e-05 1.48834196807002e-05 1.50823316289461e-05 1.52384382090531e-05 1.53802775457734e-05 1.55221150635043e-05 1.56639544002246e-05 1.58057919179555e-05 1.59476312546758e-05 1.60894687724067e-05
1.51903150253929e-05 1.47985883813817e-05 1.44068617373705e-05 1.40151350933593e-05 1.38066088766209e-05 1.36591488626436e-05 1.35116888486664e-05 1.33642288346891e-05 1.32167697302066e-05 1.30693097162293e-05 1.29218497022521e-05 1.27870680444175e-05 1.26903223645058e-05 1.25935766845942e-05 1.24968310046825e-05 1.24000853247708e-05 1.23033396448591e-05 1.22065939649474e-05 1.21098482850357e-05 1.22353030747036e-05 1.24348243843997e-05 1.26343466035905e-05 1.28338679132867e-05 1.30333892229828e-05 1.32329114421736e-05 1.34324327518698e-05 1.36345497594448e-05 1.38444547701511e-05 1.40543588713626e-05 1.42642638820689e-05 1.44741679832805e-05 1.46840729939868e-05 1.48939770951984e-05 1.51038821059046e-05 1.52446009451523e-05 1.53622586367419e-05 1.54799145093421e-05 1.55975722009316e-05 1.57152298925212e-05 1.58328857651213e-05 1.59505434567109e-05
1.52226311911363e-05 1.48305862239795e-05 1.44385403473279e-05 1.40464944706764e-05 1.38317782329977e-05 1.36761718749767e-05 1.35205655169557e-05 1.33649591589347e-05 1.32093528009136e-05 1.30537464428926e-05 1.28981400848716e-05 1.27537778098485e-05 1.26431459648302e-05 1.25325141198118e-05 1.24218813652988e-05 1.23112495202804e-05 1.2200617675262e-05 1.20899858302437e-05 1.19793539852253e-05 1.21089187814505e-05 1.23185500342515e-05 1.25281812870526e-05 1.27378125398536e-05 1.294744288316e-05 1.3157074135961e-05 1.33667053887621e-05 1.35791524371598e-05 1.38000496008317e-05 1.40209467645036e-05 1.42418439281755e-05 1.44627410918474e-05 1.46836382555193e-05 1.49045345096965e-05 1.51254316733684e-05 1.52507627717569e-05 1.53442397277104e-05 1.54377139551798e-05 1.55311900016386e-05 1.56246660480974e-05 1.57181420945562e-05 1.58116181410151e-05
1.51935228132061e-05 1.48111666931072e-05 1.44288096635137e-05 1.40464526339201e-05 1.38380155476625e-05 1.36875505631906e-05 1.35370855787187e-05 1.33866215037415e-05 1.32361565192696e-05 1.30856915347977e-05 1.29352274598205e-05 1.27911534946179e-05 1.26662516777287e-05 1.25413498608395e-05 1.24164471344557e-05 1.22915453175665e-05 1.21666435006773e-05 1.20417416837881e-05 1.1916839866899e-05 1.20466584121459e-05 1.22613837447716e-05 1.24761090773973e-05 1.26908344100229e-05 1.29055606521433e-05 1.3120285984769e-05 1.33350113173947e-05 1.35543932628934e-05 1.37877468660008e-05 1.40211004691082e-05 1.42544540722156e-05 1.4487807675323e-05 1.47211612784304e-05 1.49545148815378e-05 1.51878684846452e-05 1.53067594510503e-05 1.53874952957267e-05 1.54682311404031e-05 1.55489688040689e-05 1.56297046487452e-05 1.5710442312411e-05 1.57911781570874e-05
1.51029898916022e-05 1.47403306982596e-05 1.43776705954224e-05 1.40150114020798e-05 1.38253199111205e-05 1.36932849272853e-05 1.35612499434501e-05 1.34292149596149e-05 1.32971799757797e-05 1.31651449919445e-05 1.30331100081094e-05 1.28991950987256e-05 1.27596395032015e-05 1.26200839076773e-05 1.24805283121532e-05 1.2340972716629e-05 1.22014180305996e-05 1.20618624350755e-05 1.19223068395513e-05 1.20485210572951e-05 1.22633264254546e-05 1.24781308841193e-05 1.2692935342784e-05 1.29077407109435e-05 1.31225451696082e-05 1.33373496282729e-05 1.35602722366457e-05 1.38075465656584e-05 1.40548199851764e-05 1.43020943141892e-05 1.45493686432019e-05 1.47966420627199e-05 1.50439163917326e-05 1.52911907207454e-05 1.54125882545486e-05 1.54920271597803e-05 1.55714660650119e-05 1.5650906789233e-05 1.57303456944646e-05 1.58097845996963e-05 1.58892235049279e-05
1.50124569699983e-05 1.46694947034121e-05 1.43265324368258e-05 1.39835692607448e-05 1.38126251840731e-05 1.369901929138e-05 1.35854143081815e-05 1.3471809324983e-05 1.33582034322899e-05 1.32445984490914e-05 1.31309925563983e-05 1.30072367028333e-05 1.28530273286742e-05 1.26988188640098e-05 1.25446094898507e-05 1.23904001156916e-05 1.22361916510272e-05 1.20819822768681e-05 1.19277738122037e-05 1.20503846119391e-05 1.22652681966429e-05 1.24801526908414e-05 1.26950362755451e-05 1.29099207697436e-05 1.31248052639421e-05 1.33396888486459e-05 1.35661512103979e-05 1.38273453558213e-05 1.40885404107394e-05 1.43497345561627e-05 1.46109296110808e-05 1.48721237565042e-05 1.51333188114222e-05 1.53945129568456e-05 1.55184188770363e-05 1.55965590238338e-05 1.56747009896208e-05 1.57528429554077e-05 1.58309849211946e-05 1.59091268869815e-05 1.59872688527685e-05
1.49219240483944e-05 1.45986587085645e-05 1.42753933687345e-05 1.39521280289046e-05 1.37999295475311e-05 1.37047545649693e-05 1.36095786729129e-05 1.35144027808565e-05 1.34192268888e-05 1.33240509967436e-05 1.32288760141819e-05 1.3115278306941e-05 1.29464160636417e-05 1.27775529108476e-05 1.26086906675482e-05 1.24398284242488e-05 1.22709652714548e-05 1.21021030281554e-05 1.1933240784856e-05 1.20522472570883e-05 1.22672108773259e-05 1.24821744975634e-05 1.26971372083062e-05 1.29121008285438e-05 1.31270644487813e-05 1.33420280690189e-05 1.35720292746555e-05 1.38471441459842e-05 1.41222599268076e-05 1.43973747981363e-05 1.4672489669465e-05 1.49476054502884e-05 1.52227203216171e-05 1.54978351929458e-05 1.56242476805346e-05 1.57010927068768e-05 1.57779359142296e-05 1.58547809405718e-05 1.5931625966914e-05 1.60084709932562e-05 1.6085314200609e-05
1.48313911267905e-05 1.45278227137169e-05 1.42242543006432e-05 1.39206858875696e-05 1.37872348204837e-05 1.3710488929064e-05 1.36337430376443e-05 1.35569962367299e-05 1.34802503453102e-05 1.34035044538905e-05 1.33267585624708e-05 1.32233199110487e-05 1.30398038891144e-05 1.28562878671801e-05 1.26727718452457e-05 1.24892558233114e-05 1.23057388918824e-05 1.2122222869948e-05 1.19387068480137e-05 1.20541099022375e-05 1.22691526485141e-05 1.24841953947907e-05 1.26992381410673e-05 1.29142817968386e-05 1.31293245431152e-05 1.33443672893918e-05 1.35779082484078e-05 1.38669438456418e-05 1.41559794428758e-05 1.44450150401099e-05 1.47340506373439e-05 1.50230862345779e-05 1.5312121831812e-05 1.5601157429046e-05 1.57300764840329e-05 1.58056245709304e-05 1.58811708388384e-05 1.59567189257359e-05 1.6032265193644e-05 1.61078132805414e-05 1.61833595484495e-05
1.47408582051867e-05 1.4456987628364e-05 1.41731161420466e-05 1.38892446557293e-05 1.37745391839417e-05 1.37162232931587e-05 1.3657906492881e-05 1.3599590602098e-05 1.35412738018204e-05 1.34829579110374e-05 1.34246411107597e-05 1.33313615151565e-05 1.31331917145872e-05 1.29350219140179e-05 1.27368521134485e-05 1.25386832223739e-05 1.23405134218046e-05 1.21423436212353e-05 1.1944173820666e-05 1.20559734568815e-05 1.22710953291971e-05 1.24862172015128e-05 1.27013390738284e-05 1.29164618556388e-05 1.31315837279544e-05 1.33467056002701e-05 1.35837863126653e-05 1.38867426358047e-05 1.41896989589441e-05 1.44926552820834e-05 1.47956116052228e-05 1.50985679283622e-05 1.54015233420068e-05 1.57044796651462e-05 1.58359071065206e-05 1.59101564349839e-05 1.59844057634473e-05 1.60586569109e-05 1.61329062393634e-05 1.62071555678267e-05 1.628140489629e-05
1.4696893231303e-05 1.44152136272169e-05 1.41335340231308e-05 1.38518544190447e-05 1.3742129340244e-05 1.36897233460331e-05 1.36373164423276e-05 1.3584909538622e-05 1.35325035444112e-05 1.34800966407056e-05 1.34276906464947e-05 1.33402645587921e-05 1.31477809190983e-05 1.29552981888992e-05 1.27628145492054e-05 1.25703309095115e-05 1.23778472698177e-05 1.21853645396186e-05 1.19928808999248e-05 1.21025113912765e-05 1.2312845683482e-05 1.25231808851822e-05 1.27335160868824e-05 1.29438512885827e-05 1.31541855807882e-05 1.33645207824884e-05 1.35992568175425e-05 1.39071953526582e-05 1.42151347972685e-05 1.45230733323842e-05 1.48310127769946e-05 1.51389513121103e-05 1.54468907567207e-05 1.57548292918364e-05 1.5888137568254e-05 1.596323272679e-05 1.60383297043154e-05 1.61134266818408e-05 1.61885236593662e-05 1.62636206368916e-05 1.6338717614417e-05
1.46994962051394e-05 1.44025025292649e-05 1.41055088533903e-05 1.38085151775158e-05 1.3690004379896e-05 1.36309881781926e-05 1.35719710669946e-05 1.35129548652912e-05 1.34539386635879e-05 1.33949224618846e-05 1.33359053506865e-05 1.32500290419557e-05 1.30835715026478e-05 1.29171139633399e-05 1.27506573335268e-05 1.25841997942189e-05 1.2417742254911e-05 1.22512847156031e-05 1.20848280857899e-05 1.21937246149173e-05 1.23944055303582e-05 1.25950864457991e-05 1.27957682707347e-05 1.29964491861756e-05 1.31971301016165e-05 1.33978119265521e-05 1.36243179440498e-05 1.39283019962022e-05 1.42322860483546e-05 1.4536270100507e-05 1.48402541526593e-05 1.51442382048117e-05 1.54482222569641e-05 1.57522063091164e-05 1.58867678692332e-05 1.5964855265338e-05 1.60429426614428e-05 1.6121031876537e-05 1.61991192726418e-05 1.62772066687467e-05 1.63552940648515e-05
1.47020991789759e-05 1.43897914313129e-05 1.40774836836499e-05 1.37651759359869e-05 1.3637879419548e-05 1.35722530103521e-05 1.35066266011563e-05 1.34410001919605e-05 1.33753737827647e-05 1.33097473735688e-05 1.3244120964373e-05 1.31597935251193e-05 1.30193620861974e-05 1.28789306472754e-05 1.27384992083535e-05 1.25980686789262e-05 1.24576372400043e-05 1.23172058010823e-05 1.21767752716551e-05 1.22849378385581e-05 1.24759653772344e-05 1.2666992006416e-05 1.28580195450922e-05 1.30490470837685e-05 1.32400746224448e-05 1.34311021611211e-05 1.36493799800519e-05 1.39494086397463e-05 1.42494372994406e-05 1.45494668686297e-05 1.4849495528324e-05 1.51495241880184e-05 1.54495537572075e-05 1.57495815074071e-05 1.58853981702123e-05 1.59664778038859e-05 1.60475556185702e-05 1.61286352522438e-05 1.62097148859175e-05 1.62907927006017e-05 1.63718723342754e-05
1.47047021528124e-05 1.43770803333609e-05 1.40494585139095e-05 1.3721836694458e-05 1.35857544592e-05 1.35135178425116e-05 1.34412812258233e-05 1.33690455186297e-05 1.32968089019414e-05 1.32245722852531e-05 1.31523356685648e-05 1.30695570987882e-05 1.29551526697469e-05 1.28407473312109e-05 1.27263419926749e-05 1.26119375636335e-05 1.24975322250975e-05 1.23831268865615e-05 1.22687215480255e-05 1.23761510621989e-05 1.25575243146159e-05 1.27388984765275e-05 1.29202717289445e-05 1.31016458908562e-05 1.32830191432731e-05 1.34643923956901e-05 1.36744411065592e-05 1.39705152832903e-05 1.42665894600214e-05 1.45626627272577e-05 1.48587369039888e-05 1.51548110807198e-05 1.54508852574509e-05 1.57469585246872e-05 1.58840284711914e-05 1.59680985234445e-05 1.60521685756976e-05 1.61362386279507e-05 1.62203086802037e-05 1.63043787324568e-05 1.63884487847099e-05
1.47073060361436e-05 1.43643701449037e-05 1.40214342536638e-05 1.36784983624239e-05 1.3533629498852e-05 1.34547826746712e-05 1.33759367599851e-05 1.32970899358043e-05 1.32182440211182e-05 1.31393981064321e-05 1.30605512822513e-05 1.29793215819518e-05 1.28909432532964e-05 1.28025640151463e-05 1.27141847769963e-05 1.26258055388462e-05 1.25374272101908e-05 1.24490479720407e-05 1.23606687338906e-05 1.24673642858397e-05 1.26390841614921e-05 1.28108040371444e-05 1.29825239127968e-05 1.31542437884491e-05 1.33259636641014e-05 1.34976835397538e-05 1.36995031425613e-05 1.39916219268343e-05 1.42837407111074e-05 1.45758594953804e-05 1.48679782796535e-05 1.51600970639265e-05 1.54522149387049e-05 1.57443337229779e-05 1.58826605911599e-05 1.59697210619925e-05 1.60567833518144e-05 1.61438438226469e-05 1.62309042934794e-05 1.63179665833013e-05 1.64050270541338e-05
1.470990900998e-05 1.43516590469517e-05 1.39934090839233e-05 1.3635159120895e-05 1.34815045385039e-05 1.33960475068307e-05 1.33105913846521e-05 1.32251352624735e-05 1.31396791402949e-05 1.30542230181163e-05 1.29687668959377e-05 1.28890860651154e-05 1.28267329273513e-05 1.27643806990818e-05 1.27020275613177e-05 1.26396744235535e-05 1.25773212857894e-05 1.25149690575199e-05 1.24526159197558e-05 1.25585775094805e-05 1.27206430988736e-05 1.28827095977613e-05 1.3044776096649e-05 1.3206841686042e-05 1.33689081849298e-05 1.35309737743228e-05 1.37245651785634e-05 1.40127285703784e-05 1.43008919621934e-05 1.45890562635032e-05 1.48772196553182e-05 1.51653830471332e-05 1.54535464389483e-05 1.5741710740258e-05 1.58812908921391e-05 1.59713436005404e-05 1.60613963089418e-05 1.61514471983537e-05 1.62414999067551e-05 1.63315526151564e-05 1.64216053235577e-05
