data/working_set_collections/6091692-Cassins_Sparrow-M2/2005/evpintr_avg.asc
NCOLS 265 
NROWS 230 
XLLCORNER -115.5625 
YLLCORNER 24.8333333333333 
CELLSIZE 0.0833333333333333 
NODATA_value -9999 
[rows 80 to 99 of 230, columns 46 to 91 of 265]
2.09097051620483 1.98844754695892 1.88592457771301 1.7834016084671 1.68087863922119 1.57835566997528 1.54240775108337 1.52865147590637 1.51489531993866 1.50113904476166 1.48738276958466 1.47362649440765 1.45987033843994 1.4541836977005 1.47270619869232 1.49122858047485 1.50975096225739 1.52827346324921 1.54679584503174 1.56531834602356 1.58384072780609 1.67182660102844 1.7829669713974 1.89410734176636 2.0052478313446 2.11638808250427 2.22752833366394 2.33866882324219 2.48997330665588 2.76177024841309 3.03356719017029 3.30536389350891 3.57716083526611 3.84895777702332 4.12075471878052 4.39255142211914 4.51452589035034 4.5865592956543 4.65859317779541 4.73062658309937 4.80266046524048 4.87469387054443 4.94672727584839 5.03860664367676 5.19002246856689 5.34143829345703
2.01520824432373 1.91933715343475 1.82346618175507 1.72759521007538 1.6317241191864 1.53585314750671 1.50380110740662 1.49302208423615 1.48224294185638 1.47146391868591 1.46068489551544 1.44990575313568 1.43912672996521 1.43583738803864 1.45501697063446 1.47419655323029 1.4933762550354 1.51255583763123 1.53173542022705 1.55091512203217 1.57009470462799 1.65164458751678 1.75398445129395 1.85632431507111 1.95866417884827 2.06100416183472 2.16334414482117 2.26568388938904 2.40420579910278 2.65127301216125 2.89834046363831 3.14540767669678 3.39247512817383 3.6395423412323 3.88660979270935 4.13367700576782 4.24382209777832 4.30832672119141 4.37283134460449 4.43733549118042 4.50184011459351 4.56634473800659 4.63084888458252 4.71972942352295 4.88173818588257 5.04374694824219
1.93944585323334 1.85022675991058 1.76100778579712 1.67178869247437 1.5825697183609 1.49335062503815 1.46519446372986 1.45739257335663 1.4495906829834 1.44178879261017 1.43398690223694 1.42618501186371 1.41838312149048 1.41749095916748 1.4373277425766 1.45716464519501 1.47700142860413 1.49683821201324 1.51667499542236 1.53651189804077 1.55634868144989 1.63146245479584 1.72500193119049 1.81854128837585 1.91208076477051 2.00562024116516 2.09915971755981 2.19269895553589 2.3184380531311 2.54077577590942 2.76311373710632 2.98545145988464 3.20778918266296 3.43012714385986 3.65246486663818 3.8748025894165 3.97311854362488 4.03009414672852 4.08706951141357 4.14404487609863 4.20102024078369 4.25799560546875 4.31497097015381 4.4008526802063 4.57345390319824 4.74605512619019
1.86368358135223 1.7811164855957 1.69854938983917 1.61598229408264 1.53341519832611 1.45084810256958 1.4265878200531 1.42176306247711 1.41693842411041 1.41211366653442 1.40728902816772 1.40246427059174 1.39763963222504 1.39914453029633 1.41963863372803 1.44013261795044 1.46062660217285 1.48112058639526 1.50161457061768 1.52210867404938 1.54260265827179 1.61128032207489 1.69601929187775 1.7807582616806 1.86549723148346 1.95023620128632 2.03497529029846 2.11971426010132 2.232670545578 2.43027877807617 2.62788701057434 2.82549524307251 3.02310347557068 3.22071170806885 3.41831994056702 3.61592817306519 3.70241498947144 3.75186133384705 3.80130743980408 3.85075378417969 3.90019989013672 3.94964623451233 3.99909257888794 4.08197546005249 4.26516962051392 4.44836378097534
1.81006038188934 1.73257291316986 1.65508544445038 1.57759785652161 1.50011038780212 1.42262291908264 1.40179884433746 1.39986276626587 1.39792656898499 1.39599049091339 1.39405429363251 1.39211821556091 1.39018201828003 1.39411878585815 1.41567420959473 1.4372296333313 1.45878505706787 1.48034048080444 1.50189602375031 1.52345144748688 1.54500687122345 1.60740089416504 1.6834077835083 1.75941467285156 1.83542156219482 1.91142845153809 1.98743534088135 2.06344223022461 2.16258788108826 2.33114981651306 2.49971175193787 2.66827368736267 2.83683562278748 3.00539755821228 3.17395949363708 3.34252142906189 3.41639924049377 3.45871567726135 3.50103211402893 3.54334878921509 3.58566522598267 3.62798166275024 3.67029809951782 3.74730157852173 3.92836594581604 4.10943078994751
1.77857661247253 1.70459628105164 1.63061594963074 1.55663549900055 1.48265516757965 1.40867483615875 1.39082765579224 1.39169144630432 1.39255523681641 1.39341902732849 1.39428281784058 1.39514660835266 1.39601039886475 1.40241348743439 1.42543458938599 1.44845581054688 1.47147691249847 1.49449801445007 1.51751911640167 1.54054021835327 1.56356132030487 1.61982405185699 1.68716728687286 1.75451052188873 1.8218537569046 1.88919699192047 1.95654010772705 2.02388334274292 2.10819053649902 2.24338936805725 2.37858819961548 2.51378703117371 2.64898586273193 2.78418469429016 2.91938352584839 3.05458235740662 3.11507153511047 3.15065765380859 3.18624353408813 3.22182965278625 3.2574155330658 3.29300141334534 3.32858753204346 3.3968300819397 3.56304287910461 3.72925567626953
1.74709272384644 1.67661952972412 1.60614633560181 1.53567326068878 1.46520006656647 1.39472687244415 1.37985634803772 1.38352012634277 1.38718390464783 1.39084756374359 1.39451134204865 1.39817500114441 1.40183877944946 1.41070830821991 1.43519508838654 1.45968186855316 1.48416864871979 1.50865542888641 1.53314220905304 1.55762898921967 1.58211576938629 1.63224720954895 1.69092679023743 1.74960625171661 1.80828583240509 1.86696541309357 1.92564499378204 1.98432445526123 2.05379319190979 2.15562891960144 2.25746464729309 2.35930037498474 2.46113610267639 2.56297183036804 2.66480755805969 2.76664328575134 2.81374382972717 2.84259939193726 2.87145495414734 2.90031051635742 2.92916584014893 2.95802140235901 2.98687696456909 3.04635882377625 3.19771981239319 3.34908080101013
1.71560883522034 1.6486428976059 1.58167684078217 1.51471090316772 1.44774484634399 1.38077890872955 1.36888515949249 1.37534880638123 1.38181245326996 1.38827610015869 1.39473986625671 1.40120351314545 1.40766716003418 1.41900300979614 1.4449554681778 1.47090792655945 1.4968603849411 1.52281284332275 1.5487654209137 1.57471787929535 1.600670337677 1.64467036724091 1.6946861743927 1.74470210075378 1.79471790790558 1.84473383426666 1.89474976062775 1.94476556777954 1.99939560890198 2.06786823272705 2.13634085655212 2.20481371879578 2.27328634262085 2.34175896644592 2.410231590271 2.47870421409607 2.51241612434387 2.53454113006592 2.55666637420654 2.57879137992859 2.60091638565063 2.62304139137268 2.64516639709473 2.69588756561279 2.83239674568176 2.96890592575073
1.68412506580353 1.62066614627838 1.55720734596252 1.49374854564667 1.43028974533081 1.36683094501495 1.35791385173798 1.36717748641968 1.37644112110138 1.38570475578308 1.39496827125549 1.40423190593719 1.4134955406189 1.42729783058167 1.45471596717834 1.48213410377502 1.5095522403717 1.53697037696838 1.56438851356506 1.59180665016174 1.61922478675842 1.65709352493286 1.69844567775726 1.73979783058167 1.78115010261536 1.82250225543976 1.86385452747345 1.90520668029785 1.94499826431274 1.98010778427124 2.01521730422974 2.05032682418823 2.08543658256531 2.1205461025238 2.1556556224823 2.1907651424408 2.21108841896057 2.22648310661316 2.24187755584717 2.25727224349976 2.27266669273376 2.28806138038635 2.30345582962036 2.34541606903076 2.46707367897034 2.58873105049133
1.65264117717743 1.59268951416016 1.53273785114288 1.47278618812561 1.41283452510834 1.35288286209106 1.34694266319275 1.35900616645813 1.3710697889328 1.38313329219818 1.39519679546356 1.40726041793823 1.41932392120361 1.4355925321579 1.4644763469696 1.49336016178131 1.52224397659302 1.55112779140472 1.58001160621643 1.60889542102814 1.63777923583984 1.66951656341553 1.70220518112183 1.73489367961884 1.76758217811584 1.80027079582214 1.83295929431915 1.86564779281616 1.89060080051422 1.89234733581543 1.89409375190735 1.89584016799927 1.89758670330048 1.8993331193924 1.9010796546936 1.90282607078552 1.90976071357727 1.91842484474182 1.92708897590637 1.93575298786163 1.94441711902618 1.95308125019073 1.961745262146 1.99494481086731 2.10175061225891 2.20855617523193
1.69006884098053 1.63170778751373 1.57334673404694 1.51498568058014 1.45662462711334 1.39826357364655 1.38745748996735 1.39250302314758 1.39754867553711 1.40259420871735 1.40763974189758 1.41268527507782 1.41773080825806 1.42907214164734 1.45930111408234 1.48952996730804 1.51975893974304 1.54998779296875 1.58021676540375 1.61044561862946 1.64067459106445 1.67055714130402 1.70032441616058 1.73009157180786 1.75985884666443 1.789626121521 1.81939327716827 1.84916055202484 1.86814999580383 1.85480630397797 1.8414626121521 1.82811892032623 1.81477522850037 1.8014315366745 1.78808784484863 1.77474415302277 1.77527689933777 1.78043520450592 1.78559350967407 1.79075169563293 1.79591000080109 1.80106830596924 1.80622661113739 1.83334040641785 1.92632114887238 2.01930165290833
1.79640781879425 1.73772084712982 1.67903399467468 1.62034702301025 1.56166005134583 1.5029730796814 1.47945857048035 1.46766817569733 1.45587778091431 1.44408738613129 1.43229699134827 1.42050659656525 1.40871620178223 1.40773677825928 1.43919014930725 1.47064352035522 1.50209701061249 1.53355038166046 1.56500375270844 1.5964572429657 1.62791061401367 1.66021513938904 1.69280350208282 1.72539174556732 1.75797998905182 1.79056823253632 1.8231565952301 1.8557448387146 1.87764585018158 1.86748492717743 1.85732400417328 1.84716296195984 1.83700203895569 1.82684111595154 1.81668019294739 1.80651926994324 1.80763685703278 1.81251406669617 1.81739115715027 1.82226824760437 1.82714545726776 1.83202254772186 1.83689963817596 1.86060309410095 1.94078528881073 2.02096748352051
1.90274691581726 1.8437340259552 1.78472113609314 1.72570824623108 1.66669535636902 1.60768246650696 1.57145953178406 1.54283320903778 1.5142068862915 1.48558056354523 1.45695424079895 1.42832791805267 1.3997015953064 1.38640129566193 1.41907918453217 1.45175719261169 1.48443508148193 1.51711297035217 1.54979085922241 1.58246874809265 1.61514663696289 1.64987313747406 1.68528246879578 1.72069180011749 1.75610113143921 1.79151046276093 1.82691979408264 1.86232912540436 1.88714158535004 1.8801634311676 1.87318527698517 1.86620712280273 1.8592289686203 1.85225081443787 1.84527254104614 1.83829438686371 1.83999681472778 1.84459280967712 1.84918880462646 1.85378479957581 1.85838079452515 1.86297678947449 1.86757278442383 1.88786578178406 1.95524954795837 2.02263331413269
2.00908589363098 1.94974720478058 1.89040839672089 1.83106958866119 1.7717307806015 1.71239197254181 1.66346061229706 1.61799836158752 1.5725359916687 1.52707374095917 1.48161149024963 1.4361492395401 1.39068698883057 1.36506593227386 1.39896833896637 1.43287074565887 1.46677315235138 1.50067555904388 1.53457796573639 1.56848037242889 1.6023827791214 1.63953113555908 1.67776155471802 1.71599197387695 1.7542222738266 1.79245269298553 1.83068311214447 1.86891353130341 1.89663743972778 1.89284205436707 1.88904654979706 1.88525116443634 1.88145577907562 1.8776603937149 1.87386500835419 1.87006962299347 1.87235689163208 1.87667167186737 1.88098657131195 1.88530135154724 1.88961625099182 1.89393103122711 1.89824593067169 1.91512835025787 1.96971380710602 2.02429914474487
2.11542510986328 2.05576038360596 1.99609565734863 1.93643093109131 1.87676620483398 1.81710147857666 1.75546157360077 1.69316339492798 1.63086521625519 1.5685670375824 1.50626873970032 1.44397056102753 1.38167238235474 1.34373044967651 1.37885737419128 1.41398429870605 1.44911122322083 1.4842381477356 1.51936495304108 1.55449187755585 1.58961880207062 1.6291891336441 1.67024052143097 1.71129202842712 1.75234341621399 1.79339492321014 1.83444631099701 1.87549781799316 1.90613317489624 1.90552055835724 1.90490794181824 1.90429532527924 1.90368270874023 1.90306997299194 1.90245735645294 1.90184473991394 1.90471684932709 1.90875053405762 1.91278421878815 1.91681790351868 1.92085158824921 1.92488527297974 1.92891895771027 1.94239103794098 1.98417794704437 2.02596497535706
2.221764087677 2.16177344322205 2.10178279876709 2.04179215431213 1.98180150985718 1.92181086540222 1.84746265411377 1.76832842826843 1.68919432163239 1.61006021499634 1.53092610836029 1.45179188251495 1.37265777587891 1.32239508628845 1.3587464094162 1.39509785175323 1.43144929409027 1.46780061721802 1.50415205955505 1.54050350189209 1.57685482501984 1.61884713172913 1.66271960735321 1.7065920829773 1.75046455860138 1.79433715343475 1.83820962905884 1.88208210468292 1.91562902927399 1.9181991815567 1.92076921463013 1.92333936691284 1.92590951919556 1.92847967147827 1.9310497045517 1.93361985683441 1.93707680702209 1.94082939624786 1.94458186626434 1.94833445549011 1.95208704471588 1.95583951473236 1.95959210395813 1.9696536064148 1.99864220619202 2.02763080596924
2.32227373123169 2.26459813117981 2.20692229270935 2.14924645423889 2.09157085418701 2.03389501571655 1.9470556974411 1.85049510002136 1.75393450260162 1.65737390518188 1.56081342697144 1.4642528295517 1.36769223213196 1.3045266866684 1.34154641628265 1.37856602668762 1.41558563709259 1.45260536670685 1.48962497711182 1.52664458751678 1.56366431713104 1.60856914520264 1.65610241889954 1.70363569259644 1.75116896629333 1.79870223999023 1.84623551368713 1.89376878738403 1.93136703968048 1.93916034698486 1.94695377349854 1.95474708080292 1.9625403881073 1.97033369541168 1.97812712192535 1.98592042922974 1.98960161209106 1.99191188812256 1.99422228336334 1.99653267860413 1.99884307384491 2.00115346908569 2.00346374511719 2.0096549987793 2.02748799324036 2.04532122612
2.41695404052734 2.36423397064209 2.31151390075684 2.25879383087158 2.20607399940491 2.15335392951965 2.05424070358276 1.93966317176819 1.8250857591629 1.71050822734833 1.59593069553375 1.48135328292847 1.36677575111389 1.29012548923492 1.32725715637207 1.36438882350922 1.40152049064636 1.43865215778351 1.47578382492065 1.51291537284851 1.55004703998566 1.59835529327393 1.65038907527924 1.70242273807526 1.75445652008057 1.80649018287659 1.8585239648819 1.91055774688721 1.95334720611572 1.9684042930603 1.98346126079559 1.99851834774017 2.01357531547546 2.02863240242004 2.04368948936462 2.05874633789062 2.06229114532471 2.06199836730957 2.06170535087585 2.06141257286072 2.06111979484558 2.06082701683044 2.06053423881531 2.06239485740662 2.07071542739868 2.07903623580933
2.511634349823 2.46387004852295 2.4161057472229 2.36834120750427 2.32057690620422 2.27281260490417 2.16142582893372 2.02883148193359 1.89623689651489 1.76364254951477 1.63104808330536 1.49845361709595 1.36585927009583 1.27572429180145 1.31296789646149 1.35021162033081 1.38745522499084 1.42469894886017 1.4619425535202 1.49918615818024 1.53642988204956 1.58814144134521 1.64467561244965 1.70120978355408 1.7577440738678 1.81427824497223 1.87081241607666 1.92734658718109 1.97532749176025 1.99764811992645 2.01996898651123 2.04228949546814 2.06461024284363 2.08693099021912 2.1092517375946 2.13157248497009 2.13498067855835 2.132084608078 2.12918853759766 2.12629246711731 2.12339663505554 2.1205005645752 2.11760449409485 2.11513447761536 2.11394286155701 2.11275124549866
2.60631442070007 2.56350588798523 2.52069735527039 2.47788882255554 2.43508005142212 2.39227151870728 2.26861095428467 2.11799955368042 1.96738815307617 1.81677675247192 1.66616547107697 1.51555407047272 1.36494266986847 1.26132309436798 1.29867875576019 1.3360344171524 1.37339007854462 1.41074573993683 1.44810128211975 1.48545694351196 1.52281260490417 1.5779275894165 1.63896226882935 1.6999968290329 1.76103150844574 1.82206618785858 1.88310086727142 1.94413554668427 1.9973076581955 2.02689218521118 2.056476354599 2.0860607624054 2.11564517021179 2.14522957801819 2.17481398582458 2.20439839363098 2.20767021179199 2.20217084884644 2.19667172431946 2.19117259979248 2.18567323684692 2.18017411231995 2.17467474937439 2.16787433624268 2.15717029571533 2.14646625518799
