data/working_set_collections/6091692-Cassins_Sparrow-M2/2005/evpintr_avg.asc
NCOLS 265 
NROWS 230 
XLLCORNER -115.5625 
YLLCORNER 24.8333333333333 
CELLSIZE 0.0833333333333333 
NODATA_value -9999 
[rows 200 to 219 of 230, columns 92 to 137 of 265]
7.20334911346436 7.29619121551514 7.38903379440308 7.48187589645386 7.57471799850464 7.42031192779541 7.18348932266235 6.9466667175293 6.70984411239624 6.47302150726318 6.23619890213013 5.99937677383423 5.7679033279419 5.5524787902832 5.33705377578735 5.1216287612915 4.90620374679565 4.69077920913696 4.47535419464111 4.25992918014526 4.03553056716919 3.80814099311829 3.58075141906738 3.3533616065979 3.125972032547 2.89858222007751 2.67119264602661 2.47680115699768 2.38140439987183 2.28600764274597 2.19061088562012 2.09521436691284 1.99981760978699 1.90442085266113 1.80902421474457 1.74112629890442 1.68239486217499 1.62366330623627 1.56493175029755 1.50620019435883 1.44746875762939 1.38873720169067 1.33533656597137 1.29792869091034 1.26052069664001 1.22311282157898
7.15403175354004 7.2634539604187 7.37287616729736 7.48229885101318 7.59172105789185 7.47203826904297 7.27598762512207 7.07993698120117 6.88388633728027 6.68783569335938 6.49178457260132 6.29573392868042 6.09480476379395 5.87923955917358 5.66367483139038 5.44810962677002 5.23254442214966 5.0169792175293 4.80141448974609 4.58584928512573 4.34404468536377 4.09349298477173 3.84294176101685 3.59239029884338 3.34183883666992 3.09128761291504 2.84073615074158 2.62589597702026 2.5181896686554 2.41048336029053 2.30277705192566 2.19507074356079 2.0873646736145 1.97965824604034 1.87195193767548 1.79399132728577 1.72594583034515 1.65790033340454 1.58985483646393 1.5218094587326 1.45376396179199 1.38571846485138 1.32508170604706 1.28667080402374 1.24826002120972 1.20984923839569
7.10471439361572 7.23071670532227 7.35671901702881 7.48272132873535 7.6087236404419 7.52376508712769 7.36848640441895 7.21320724487305 7.05792856216431 6.90264940261841 6.74737024307251 6.59209156036377 6.421706199646 6.20600080490112 5.99029541015625 5.77459049224854 5.55888509750366 5.34317970275879 5.12747478485107 4.9117693901062 4.65255832672119 4.37884521484375 4.10513210296631 3.83141899108887 3.55770587921143 3.28399276733398 3.01027965545654 2.77499103546143 2.65497517585754 2.53495931625366 2.4149432182312 2.29492735862732 2.17491149902344 2.05489563941956 1.93487977981567 1.84685623645782 1.76949679851532 1.69213736057281 1.6147780418396 1.53741860389709 1.46005916595459 1.38269972801208 1.31482672691345 1.27541303634644 1.23599934577942 1.1965856552124
7.05539703369141 7.19797945022583 7.34056186676025 7.48314428329468 7.6257266998291 7.5754919052124 7.46098470687866 7.34647750854492 7.23197031021118 7.11746311187744 7.0029559135437 6.88844919204712 6.74860715866089 6.53276205062866 6.31691646575928 6.10107088088989 5.88522577285767 5.66938018798828 5.45353507995605 5.23768949508667 4.96107196807861 4.66419744491577 4.36732244491577 4.07044792175293 3.77357292175293 3.47669816017151 3.17982339859009 2.92408585548401 2.79176044464111 2.65943503379822 2.52710938453674 2.39478397369385 2.26245856285095 2.13013315200806 1.99780762195587 1.89972126483917 1.81304788589478 1.72637450695038 1.63970112800598 1.55302774906158 1.46635437011719 1.37968099117279 1.30457186698914 1.26415526866913 1.22373867034912 1.18332207202911
7.00515365600586 7.16643857955933 7.32772350311279 7.48900890350342 7.65029382705688 7.63119697570801 7.55197286605835 7.47274875640869 7.39352416992188 7.31430006027222 7.23507595062256 7.1558518409729 7.04341840744019 6.8313570022583 6.61929559707642 6.40723419189453 6.19517278671265 5.98311138153076 5.77104997634888 5.55898857116699 5.26513767242432 4.94402360916138 4.62290954589844 4.3017954826355 3.98068141937256 3.65956735610962 3.33845329284668 3.06167531013489 2.91790580749512 2.77413606643677 2.630366563797 2.48659706115723 2.34282732009888 2.19905781745911 2.05528831481934 1.94867944717407 1.85445761680603 1.76023578643799 1.66601383686066 1.57179200649261 1.47757017612457 1.38334834575653 1.30223262310028 1.2604353427887 1.2186381816864 1.17684090137482
6.95398330688477 7.1360936164856 7.31820440292358 7.50031518936157 7.6824254989624 7.69088077545166 7.64145040512085 7.5920205116272 7.54259014129639 7.49316024780273 7.44372987747192 7.39429998397827 7.30613899230957 7.1017861366272 6.89743280410767 6.69307947158813 6.48872661590576 6.28437328338623 6.08002042770386 5.87566709518433 5.5647554397583 5.21832466125488 4.87189340591431 4.52546262741089 4.17903137207031 3.83260059356689 3.4861695766449 3.18775939941406 3.03341102600098 2.87906289100647 2.72471475601196 2.57036638259888 2.41601824760437 2.26167011260986 2.10732173919678 1.9937310218811 1.89372611045837 1.79372119903564 1.69371628761292 1.59371137619019 1.49370646476746 1.39370155334473 1.30780899524689 1.26425337791443 1.22069776058197 1.17714214324951
6.90281295776367 7.10574913024902 7.30868530273438 7.51162099838257 7.71455717086792 7.75056409835815 7.73092842102051 7.7112922668457 7.6916561126709 7.67201995849609 7.65238428115845 7.63274812698364 7.56885957717896 7.37221479415894 7.17557001113892 6.9789252281189 6.78227996826172 6.5856351852417 6.38899040222168 6.19234561920166 5.86437320709229 5.49262523651123 5.12087726593018 4.74912977218628 4.37738180160522 4.00563383102417 3.63388586044312 3.31384325027466 3.14891648292542 2.98398947715759 2.81906270980835 2.65413594245911 2.48920893669128 2.32428216934204 2.1593554019928 2.03878259658813 1.93299472332001 1.82720673084259 1.72141873836517 1.61563074588776 1.50984287261963 1.40405488014221 1.31338536739349 1.26807141304016 1.22275733947754 1.17744338512421
6.85164260864258 7.07540416717529 7.29916572570801 7.52292728424072 7.74668884277344 7.81024789810181 7.82040596008301 7.83056402206421 7.84072208404541 7.85088014602661 7.86103820800781 7.87119626998901 7.8315806388855 7.64264392852783 7.45370721817017 7.2647705078125 7.07583379745483 6.88689708709717 6.6979603767395 6.50902366638184 6.16399097442627 5.76692628860474 5.3698616027832 4.97279644012451 4.57573175430298 4.17866706848145 3.78160214424133 3.43992733955383 3.26442170143127 3.0889163017273 2.91341090202332 2.73790526390076 2.56239986419678 2.38689422607422 2.21138882637024 2.08383417129517 1.97226321697235 1.86069214344025 1.74912118911743 1.63755011558533 1.52597916126251 1.4144082069397 1.3189617395401 1.2718893289566 1.22481691837311 1.17774450778961
6.80047273635864 7.04505968093872 7.2896466255188 7.53423357009888 7.77882051467896 7.86993169784546 7.90988349914551 7.94983577728271 7.98978805541992 8.02974033355713 8.06969261169434 8.10964393615723 8.09430122375488 7.91307306289673 7.73184442520142 7.5506157875061 7.36938762664795 7.18815898895264 7.00693082809448 6.82570219039917 6.46360874176025 6.04122686386108 5.61884546279907 5.1964635848999 4.77408170700073 4.35170030593872 3.92931842803955 3.56601119041443 3.37992715835571 3.19384288787842 3.0077588558197 2.82167482376099 2.63559055328369 2.44950652122498 2.26342225074768 2.1288857460022 2.01153182983398 1.89417767524719 1.77682363986969 1.65946960449219 1.5421154499054 1.42476141452789 1.324538230896 1.27570736408234 1.22687661647797 1.17804574966431
6.74930238723755 7.01471471786499 7.28012752532959 7.54553985595703 7.81095266342163 7.92961502075195 7.99936151504517 8.06910800933838 8.13885402679443 8.20860004425049 8.27834606170654 8.3480920791626 8.35702228546143 8.18350219726562 8.00998115539551 7.83646154403687 7.66294097900391 7.4894208908081 7.3159008026123 7.1423807144165 6.76322650909424 6.31552791595459 5.86782932281494 5.42013072967529 4.97243213653564 4.524733543396 4.07703495025635 3.6920952796936 3.49543237686157 3.29876971244812 3.10210680961609 2.90544414520264 2.70878148078918 2.51211857795715 2.3154559135437 2.17393732070923 2.05080032348633 1.92766320705414 1.80452609062195 1.68138897418976 1.55825185775757 1.43511474132538 1.3301146030426 1.27952539920807 1.22893619537354 1.178346991539
6.64353513717651 6.92745685577393 7.2113790512085 7.49530076980591 7.77922248840332 7.91890954971313 8.01051807403564 8.10212707519531 8.19373607635498 8.28534412384033 8.376953125 8.46856212615967 8.49712371826172 8.33654594421387 8.1759672164917 8.01538848876953 7.85481071472168 7.69423246383667 7.5336537361145 7.37307548522949 6.98599481582642 6.52341318130493 6.0608320236206 5.59825038909912 5.13566875457764 4.67308759689331 4.21050596237183 3.81295704841614 3.61050653457642 3.40805578231812 3.20560503005981 3.00315427780151 2.80070352554321 2.59825277328491 2.39580202102661 2.2506639957428 2.12463045120239 1.99859666824341 1.87256300449371 1.74652934074402 1.62049567699432 1.49446201324463 1.38678884506226 1.33419728279114 1.28160560131073 1.22901403903961
6.48317050933838 6.78328561782837 7.08340072631836 7.38351583480835 7.6836314201355 7.83781480789185 7.94335460662842 8.04889392852783 8.15443420410156 8.25997352600098 8.36551380157471 8.47105312347412 8.5146074295044 8.37220478057861 8.22980117797852 8.08739852905273 7.94499588012695 7.80259323120117 7.66019010543823 7.51778745651245 7.13191413879395 6.66488361358643 6.19785308837891 5.73082304000854 5.26379251480103 4.79676198959351 4.32973194122314 3.92859721183777 3.72514915466309 3.5217010974884 3.31825304031372 3.11480498313904 2.91135692596436 2.70790886878967 2.50446081161499 2.35906600952148 2.23302221298218 2.10697841644287 1.98093461990356 1.85489082336426 1.72884702682495 1.60280323028564 1.49456095695496 1.43972301483154 1.38488495349884 1.33004701137543
6.32280588150024 6.63911437988281 6.95542287826538 7.27173137664795 7.58803987503052 7.75672006607056 7.87619066238403 7.99566125869751 8.11513233184814 8.23460292816162 8.3540735244751 8.47354412078857 8.53209018707275 8.40786266326904 8.28363609313965 8.15940856933594 8.03518104553223 7.91095399856567 7.78672647476196 7.66249895095825 7.27783298492432 6.80635356903076 6.33487462997437 5.86339521408081 5.39191627502441 4.92043685913086 4.44895792007446 4.04423713684082 3.83979177474976 3.63534641265869 3.43090105056763 3.22645568847656 3.0220103263855 2.81756496429443 2.61311960220337 2.46746778488159 2.34141397476196 2.21536016464233 2.08930611610413 1.9632523059845 1.83719837665558 1.71114456653595 1.60233306884766 1.54524874687195 1.48816430568695 1.43107998371124
6.16244077682495 6.4949426651001 6.82744455337524 7.15994644165039 7.49244832992554 7.67562532424927 7.80902671813965 7.94242858886719 8.07583045959473 8.20923233032227 8.34263324737549 8.47603511810303 8.54957389831543 8.44352149963379 8.33747005462646 8.23141765594482 8.1253662109375 8.01931476593018 7.91326284408569 7.80721092224121 7.42375183105469 6.94782400131226 6.47189569473267 5.99596786499023 5.52003955841064 5.04411172866821 4.56818389892578 4.15987682342529 3.95443439483643 3.74899172782898 3.54354906082153 3.33810639381409 3.13266372680664 2.92722105979919 2.72177839279175 2.57586979866028 2.44980573654175 2.32374167442322 2.19767785072327 2.07161378860474 1.94554972648621 1.81948578357697 1.71010506153107 1.65077435970306 1.59144377708435 1.53211307525635
6.00207614898682 6.35077142715454 6.69946670532227 7.04816198348999 7.39685726165771 7.59453058242798 7.74186325073242 7.88919591903687 8.03652858734131 8.18386077880859 8.3311939239502 8.47852611541748 8.56705665588379 8.47918033599854 8.39130401611328 8.30342769622803 8.21555137634277 8.12767505645752 8.03979873657227 7.95192289352417 7.56967115402222 7.08929395675659 6.60891723632812 6.12854051589966 5.64816331863403 5.16778659820557 4.68740940093994 4.27551698684692 4.0690770149231 3.86263704299927 3.65619707107544 3.44975709915161 3.24331712722778 3.03687715530396 2.83043718338013 2.68427157402039 2.55819749832153 2.43212342262268 2.30604934692383 2.17997527122498 2.05390119552612 1.92782700061798 1.81787717342377 1.75630009174347 1.69472312927246 1.63314604759216
5.84171152114868 6.20660018920898 6.57148885726929 6.93637704849243 7.30126571655273 7.51343584060669 7.67469930648804 7.83596277236938 7.99722623825073 8.15849018096924 8.31975364685059 8.48101711273193 8.58453941345215 8.51483917236328 8.4451379776001 8.37543773651123 8.30573654174805 8.23603630065918 8.166335105896 8.09663486480713 7.71559000015259 7.23076438903809 6.74593830108643 6.26111268997192 5.77628707885742 5.29146146774292 4.80663537979126 4.3911566734314 4.18371963500977 3.97628235816956 3.76884508132935 3.56140780448914 3.35397052764893 3.14653325080872 2.93909597396851 2.79267334938049 2.66658926010132 2.54050517082214 2.41442084312439 2.28833675384521 2.16225242614746 2.03616833686829 1.92564928531647 1.86182582378387 1.79800248146057 1.73417901992798
5.67146110534668 6.04041147232056 6.40936231613159 6.77831268310547 7.1472635269165 7.37319087982178 7.5514440536499 7.72969722747803 7.90795040130615 8.08620357513428 8.2644567489624 8.44270992279053 8.56248474121094 8.50682735443115 8.45116901397705 8.39551067352295 8.33985233306885 8.28419494628906 8.22853660583496 8.17287826538086 7.7986946105957 7.31833505630493 6.83797550201416 6.35761594772339 5.87725639343262 5.39689683914185 4.91653728485107 4.50405836105347 4.29521989822388 4.08638191223145 3.87754344940186 3.66870522499084 3.45986676216125 3.25102853775024 3.04219031333923 2.89535427093506 2.7691855430603 2.64301681518555 2.51684832572937 2.39067959785461 2.26451086997986 2.13834238052368 2.02745056152344 1.9623898267746 1.89732897281647 1.83226811885834
5.49132490158081 5.85220623016357 6.21308755874634 6.5739688873291 6.93485021591187 7.1737961769104 7.37209749221802 7.57039833068848 7.76869964599609 7.96700096130371 8.16530227661133 8.36360359191895 8.50089168548584 8.45514392852783 8.40939521789551 8.3636474609375 8.31789970397949 8.27215099334717 8.22640323638916 8.18065452575684 7.81898403167725 7.35200595855713 6.88502788543701 6.4180498123169 5.95107173919678 5.48409366607666 5.01711559295654 4.61422109603882 4.40357828140259 4.1929349899292 3.98229217529297 3.77164912223816 3.56100630760193 3.35036325454712 3.13972020149231 2.99231386184692 2.86598634719849 2.73965907096863 2.61333155632019 2.48700404167175 2.36067652702332 2.23434901237488 2.12328124046326 2.05799198150635 1.99270272254944 1.92741346359253
5.31118822097778 5.66400051116943 6.01681232452393 6.36962461471558 6.72243642807007 6.97440147399902 7.19275093078613 7.41109991073608 7.62944936752319 7.84779834747314 8.06614780426025 8.28449726104736 8.43929958343506 8.40346050262451 8.36762237548828 8.33178424835205 8.29594612121582 8.26010704040527 8.22426891326904 8.18843078613281 7.83927345275879 7.38567686080933 6.93208026885986 6.4784836769104 6.02488708496094 5.57129001617432 5.11769342422485 4.72438383102417 4.51193618774414 4.29948854446411 4.08704090118408 3.87459325790405 3.66214561462402 3.44969797134399 3.23725032806396 3.08927369117737 2.96278738975525 2.83630108833313 2.70981478691101 2.58332848548889 2.45684218406677 2.33035588264465 2.2191116809845 2.15359401702881 2.08807635307312 2.02255868911743
5.13105201721191 5.47579479217529 5.82053756713867 6.16528034210205 6.51002311706543 6.77500677108765 7.01340389251709 7.25180149078369 7.49019861221313 7.72859573364258 7.96699333190918 8.20538997650146 8.37770652770996 8.35177803039551 8.32584953308105 8.2999210357666 8.27399253845215 8.2480640411377 8.22213554382324 8.19620704650879 7.85956335067749 7.41934776306152 6.97913265228271 6.53891754150391 6.09870195388794 5.65848684310913 5.21827173233032 4.83454704284668 4.62029457092285 4.40604209899902 4.1917896270752 3.97753739356995 3.76328492164612 3.54903268814087 3.33478021621704 3.18623328208923 3.05958819389343 2.93294310569763 2.80629801750183 2.67965292930603 2.55300784111023 2.42636275291443 2.31494235992432 2.24919629096985 2.18345022201538 2.11770415306091
