data/working_set_collections/6091692-Cassins_Sparrow-M2/2005/evpintr_avg.asc
NCOLS 265 
NROWS 230 
XLLCORNER -115.5625 
YLLCORNER 24.8333333333333 
CELLSIZE 0.0833333333333333 
NODATA_value -9999 
[rows 120 to 139 of 230, columns 46 to 91 of 265]
3.20073008537292 3.33721923828125 3.47370839118958 3.6101975440979 3.74668645858765 3.88317561149597 3.9115743637085 3.90394306182861 3.89631175994873 3.88868045806885 3.88104915618896 3.87341785430908 3.8657865524292 3.88307619094849 3.97512769699097 4.06717920303345 4.15923118591309 4.25128269195557 4.34333419799805 4.43538618087769 4.52743768692017 4.59293365478516 4.64957761764526 4.70622158050537 4.76286554336548 4.81950950622559 4.87615346908569 4.9327974319458 4.96025657653809 4.90016174316406 4.84006690979004 4.77997207641602 4.71987771987915 4.65978288650513 4.5996880531311 4.53959321975708 4.46340417861938 4.38185024261475 4.30029630661011 4.21874237060547 4.13718843460083 4.05563449859619 3.97408080101013 3.87557864189148 3.72623181343079 3.57688498497009
2.9819827079773 3.11167907714844 3.241375207901 3.37107157707214 3.50076794624329 3.63046407699585 3.66841888427734 3.67579317092896 3.68316745758057 3.69054174423218 3.69791603088379 3.7052903175354 3.71266460418701 3.74615740776062 3.85800647735596 3.96985530853271 4.08170413970947 4.19355297088623 4.30540227890015 4.4172511100769 4.52909994125366 4.61236667633057 4.68610620498657 4.75984573364258 4.83358478546143 4.90732431411743 4.98106384277344 5.05480337142944 5.09626817703247 5.0409107208252 4.98555326461792 4.93019580841064 4.87483835220337 4.81948089599609 4.76412343978882 4.70876598358154 4.62777137756348 4.53823137283325 4.44869136810303 4.3591513633728 4.26961088180542 4.1800708770752 4.09053087234497 3.98281002044678 3.82054662704468 3.65828323364258
2.76323533058167 2.88613867759705 3.00904226303101 3.13194561004639 3.25484919548035 3.37775278091431 3.42526340484619 3.4476432800293 3.4700231552124 3.49240303039551 3.51478290557861 3.53716254234314 3.55954241752625 3.60923886299133 3.74088501930237 3.8725311756134 4.00417757034302 4.13582372665405 4.26746988296509 4.39911603927612 4.53076219558716 4.63179969787598 4.72263479232788 4.81346940994263 4.90430450439453 4.99513959884644 5.08597421646118 5.17680931091309 5.23228025436401 5.18166017532349 5.1310396194458 5.08041954040527 5.02979946136475 4.97917890548706 4.92855882644653 4.87793827056885 4.79213857650757 4.69461250305176 4.59708595275879 4.49955987930298 4.40203332901001 4.3045072555542 4.20698070526123 4.0900411605835 3.91486144065857 3.73968148231506
2.54448771476746 2.66059851646423 2.77670907974243 2.89281988143921 3.00893044471741 3.12504124641418 3.18210792541504 3.21949338912964 3.25687885284424 3.29426407814026 3.33164954185486 3.36903500556946 3.40642046928406 3.47232031822205 3.62376379966736 3.77520704269409 3.9266505241394 4.07809400558472 4.22953748703003 4.38098096847534 4.53242444992065 4.65123271942139 4.75916337966919 4.86709356307983 4.97502422332764 5.08295440673828 5.19088459014893 5.29881525039673 5.36829233169556 5.32240915298462 5.27652597427368 5.2306432723999 5.18476009368896 5.13887691497803 5.09299421310425 5.04711103439331 4.95650577545166 4.85099363327026 4.74548101425171 4.63996839523315 4.5344557762146 4.4289436340332 4.32343101501465 4.19727230072021 4.00917625427246 3.82107973098755
2.32574033737183 2.43505811691284 2.54437613487244 2.65369391441345 2.76301193237305 2.87232971191406 2.93895244598389 2.99134349822998 3.0437343120575 3.09612536430359 3.14851641654968 3.2009072303772 3.25329828262329 3.33540177345276 3.50664234161377 3.67788314819336 3.84912371635437 4.02036428451538 4.19160509109497 4.36284589767456 4.53408670425415 4.67066621780396 4.7956919670105 4.92071771621704 5.04574346542358 5.17076921463013 5.29579496383667 5.42082118988037 5.50430393218994 5.46315813064575 5.42201232910156 5.38086652755737 5.33972072601318 5.29857540130615 5.25742959976196 5.21628379821777 5.12087345123291 5.00737476348877 4.89387607574463 4.78037738800049 4.66687870025635 4.55338001251221 4.43988132476807 4.30450391769409 4.10349082946777 3.90247797966003
2.1069929599762 2.20951795578003 2.31204295158386 2.41456818580627 2.51709318161011 2.61961817741394 2.69579696655273 2.76319360733032 2.83059000968933 2.89798665046692 2.96538305282593 3.03277969360352 3.10017609596252 3.19848299026489 3.38952112197876 3.58055901527405 3.77159690856934 3.96263480186462 4.15367269515991 4.34471082687378 4.53574848175049 4.69009923934937 4.83222055435181 4.97434186935425 5.11646318435669 5.25858449935913 5.40070581436157 5.54282712936401 5.64031600952148 5.60390710830688 5.56749868392944 5.531090259552 5.49468183517456 5.45827341079712 5.42186498641968 5.38545608520508 5.285240650177 5.16375541687012 5.04227066040039 4.92078590393066 4.79930114746094 4.67781591415405 4.55633115768433 4.41173505783081 4.19780540466309 3.98387622833252
1.95539629459381 2.05187559127808 2.14835500717163 2.24483442306519 2.34131383895874 2.4377932548523 2.51808476448059 2.59298038482666 2.66787600517273 2.7427716255188 2.81766724586487 2.89256286621094 2.96745848655701 3.07154655456543 3.26321315765381 3.45487952232361 3.64654588699341 3.83821225166321 4.02987861633301 4.22154521942139 4.41321134567261 4.56845092773438 4.7115478515625 4.85464477539062 4.99774169921875 5.14083862304688 5.283935546875 5.42703247070312 5.52670240402222 5.49609136581421 5.4654803276062 5.43486928939819 5.40425825119019 5.37364721298218 5.34303617477417 5.31242513656616 5.21495771408081 5.09520483016968 4.97545194625854 4.85569858551025 4.73594570159912 4.61619281768799 4.49643993377686 4.35385465621948 4.1427731513977 3.93169164657593
1.87095046043396 1.96213138103485 2.05331230163574 2.14449310302734 2.23567390441895 2.32685470581055 2.40581607818604 2.48070430755615 2.55559229850769 2.63048052787781 2.70536851882935 2.78025674819946 2.855144739151 2.95459246635437 3.12771844863892 3.30084466934204 3.47397065162659 3.64709663391113 3.82022285461426 3.9933488368988 4.16647481918335 4.30572128295898 4.43367385864258 4.56162691116333 4.68957948684692 4.81753206253052 4.94548511505127 5.07343769073486 5.16346406936646 5.13971090316772 5.11595726013184 5.09220361709595 5.06845045089722 5.04469680786133 5.0209436416626 4.99718999862671 4.91002464294434 4.80172157287598 4.69341897964478 4.58511590957642 4.47681331634521 4.36851024627686 4.26020765304565 4.13086318969727 3.93839383125305 3.74592447280884
1.78650462627411 1.87238705158234 1.95826935768127 2.04415154457092 2.13003396987915 2.2159161567688 2.29354739189148 2.36842799186707 2.44330859184265 2.51818919181824 2.5930700302124 2.66795063018799 2.74283123016357 2.83763813972473 2.9922239780426 3.14680957794189 3.30139541625977 3.45598125457764 3.61056685447693 3.7651526927948 3.91973853111267 4.04299116134644 4.15579986572266 4.26860857009888 4.3814172744751 4.49422597885132 4.60703468322754 4.71984338760376 4.80022573471069 4.78332996368408 4.76643419265747 4.74953842163086 4.73264265060425 4.71574640274048 4.69885063171387 4.68195486068726 4.60509157180786 4.50823879241943 4.41138601303101 4.31453323364258 4.21768045425415 4.12082767486572 4.0239748954773 3.90787124633789 3.73401427268982 3.56015706062317
1.70205891132355 1.78264272212982 1.86322641372681 1.94381022453308 2.02439403533936 2.10497784614563 2.18127870559692 2.25615167617798 2.33102488517761 2.40589809417725 2.48077130317688 2.55564451217651 2.63051772117615 2.72068405151367 2.85672926902771 2.99277472496033 3.12882018089294 3.26486563682556 3.40091109275818 3.5369565486908 3.67300200462341 3.78026151657104 3.87792611122131 3.975590467453 4.07325506210327 4.17091941833496 4.26858425140381 4.3662486076355 4.43698740005493 4.42694902420044 4.41691112518311 4.40687274932861 4.39683437347412 4.38679647445679 4.3767580986023 4.3667197227478 4.30015850067139 4.21475601196289 4.12935304641724 4.04395055770874 3.95854783058167 3.87314534187317 3.78774261474609 3.6848795413971 3.52963471412659 3.37438988685608
1.6176130771637 1.69289827346802 1.76818358898163 1.84346878528595 1.91875398159027 1.99403929710388 2.06900978088379 2.14387559890747 2.21874117851257 2.29360699653625 2.36847281455994 2.44333839416504 2.51820421218872 2.60372972488403 2.7212347984314 2.83873987197876 2.95624494552612 3.07375001907349 3.19125509262085 3.30876016616821 3.42626523971558 3.51753187179565 3.60005211830139 3.68257260322571 3.76509284973145 3.84761309623718 3.9301335811615 4.01265382766724 4.07374906539917 4.07056856155396 4.06738758087158 4.06420707702637 4.06102657318115 4.05784606933594 4.05466556549072 4.05148506164551 3.99522542953491 3.92127275466919 3.84732031822205 3.77336764335632 3.69941520690918 3.62546277046204 3.55151009559631 3.46188759803772 3.32525515556335 3.18862271308899
1.53316736221313 1.6031539440155 1.67314064502716 1.74312734603882 1.81311404705048 1.88310074806213 1.95674109458923 2.03159928321838 2.10645771026611 2.18131589889526 2.25617408752441 2.33103227615356 2.40589070320129 2.48677539825439 2.58574032783508 2.68470501899719 2.7836697101593 2.88263463973999 2.9815993309021 3.08056402206421 3.17952871322632 3.25480222702026 3.32217836380005 3.38955450057983 3.45693063735962 3.5243067741394 3.59168291091919 3.65905904769897 3.71051049232483 3.71418762207031 3.71786451339722 3.7215416431427 3.72521877288818 3.72889566421509 3.73257279396057 3.73624992370605 3.69029235839844 3.62778997421265 3.56528735160828 3.50278496742249 3.44028258323669 3.3777801990509 3.31527781486511 3.23889589309692 3.12087559700012 3.00285530090332
1.46506428718567 1.53106164932251 1.59705901145935 1.66305637359619 1.72905373573303 1.79505109786987 1.86824488639832 1.94383752346039 2.01943016052246 2.09502267837524 2.17061543464661 2.24620795249939 2.32180047035217 2.39959359169006 2.48398780822754 2.56838226318359 2.65277647972107 2.73717093467712 2.8215651512146 2.90595960617065 2.99035406112671 3.05148959159851 3.10487246513367 3.15825533866882 3.2116379737854 3.26502084732056 3.31840372085571 3.37178659439087 3.4129524230957 3.41746711730957 3.42198181152344 3.4264965057373 3.43101119995117 3.43552589416504 3.44004058837891 3.44455528259277 3.4050440788269 3.3508574962616 3.29667091369629 3.24248456954956 3.18829798698425 3.13411140441895 3.07992482185364 3.01397776603699 2.91274929046631 2.81152081489563
1.41330420970917 1.47662138938904 1.5399386882782 1.60325586795807 1.66657316684723 1.7298903465271 1.80352127552032 1.8805900812149 1.9576587677002 2.03472757339478 2.11179637908936 2.18886518478394 2.26593399047852 2.34218382835388 2.41597771644592 2.48977160453796 2.56356549263 2.63735938072205 2.71115303039551 2.78494691848755 2.85874080657959 2.90759444236755 2.94813466072083 2.9886748790741 3.02921509742737 3.06975555419922 3.11029577255249 3.15083599090576 3.18107414245605 3.18040657043457 3.17973899841309 3.1790714263916 3.17840385437012 3.17773628234863 3.17706871032715 3.17640113830566 3.13948059082031 3.0904757976532 3.04147100448608 2.99246621131897 2.94346141815186 2.89445638656616 2.84545159339905 2.78713369369507 2.70087623596191 2.61461901664734
1.36154401302338 1.42218112945557 1.48281824588776 1.54345536231995 1.60409247875214 1.66472959518433 1.73879766464233 1.81734251976013 1.89588749408722 1.97443246841431 2.0529773235321 2.13152241706848 2.21006727218628 2.28477430343628 2.34796762466431 2.41116094589233 2.47435426712036 2.53754758834839 2.60074090957642 2.66393423080444 2.72712755203247 2.7636992931366 2.79139685630798 2.81909465789795 2.84679222106934 2.8744900226593 2.90218758583069 2.92988538742065 2.94919610023499 2.94334626197815 2.93749642372131 2.93164658546448 2.92579650878906 2.91994667053223 2.91409683227539 2.90824699401855 2.87391710281372 2.8300940990448 2.7862708568573 2.74244785308838 2.69862461090088 2.65480160713196 2.61097836494446 2.56028962135315 2.4890034198761 2.41771697998047
1.30978381633759 1.36774086952209 1.42569780349731 1.48365485668182 1.54161190986633 1.59956896305084 1.67407405376434 1.75409507751465 1.83411622047424 1.91413736343384 1.99415838718414 2.07417964935303 2.15420055389404 2.22736477851868 2.27995753288269 2.3325502872467 2.38514304161072 2.43773603439331 2.49032878875732 2.54292154312134 2.59551429748535 2.61980390548706 2.63465905189514 2.64951419830322 2.6643693447113 2.67922449111938 2.69407963752747 2.70893478393555 2.71731805801392 2.70628595352173 2.69525384902954 2.68422150611877 2.67318940162659 2.66215705871582 2.65112495422363 2.64009284973145 2.60835361480713 2.56971216201782 2.53107094764709 2.49242949485779 2.45378804206848 2.41514658927917 2.37650513648987 2.33344554901123 2.2771303653717 2.22081518173218
1.25802361965179 1.31330049037933 1.36857748031616 1.4238543510437 1.47913122177124 1.53440821170807 1.60935032367706 1.69084763526917 1.77234494686127 1.85384213924408 1.93533945083618 2.01683664321899 2.09833407402039 2.1699550151825 2.21194744110107 2.25393962860107 2.29593205451965 2.33792424201965 2.37991666793823 2.42190885543823 2.46390128135681 2.4759087562561 2.4779212474823 2.47993397712708 2.48194646835327 2.48395919799805 2.48597168922424 2.48798418045044 2.48544001579285 2.46922564506531 2.45301103591919 2.43679666519165 2.42058205604553 2.40436768531799 2.38815307617188 2.37193846702576 2.34279012680054 2.30933046340942 2.27587080001831 2.2424111366272 2.20895147323608 2.17549180984497 2.14203214645386 2.10660123825073 2.06525731086731 2.02391338348389
1.206263422966 1.25886023044586 1.31145703792572 1.36405384540558 1.41665065288544 1.4692474603653 1.54462671279907 1.62760019302368 1.710573554039 1.79354703426361 1.87652051448822 1.95949399471283 2.04246735572815 2.11254549026489 2.14393711090088 2.17532896995544 2.20672082901001 2.23811268806458 2.26950430870056 2.30089616775513 2.33228802680969 2.33201336860657 2.32118344306946 2.31035351753235 2.29952359199524 2.28869366645813 2.27786374092102 2.26703381538391 2.25356197357178 2.23216533660889 2.21076846122742 2.18937158584595 2.16797471046448 2.14657807350159 2.12518119812012 2.10378432273865 2.07722663879395 2.04894876480103 2.02067065238953 1.99239277839661 1.9641147851944 1.93583679199219 1.90755879878998 1.87975716590881 1.8533843755722 1.8270115852356
1.19760799407959 1.25004827976227 1.30248844623566 1.35492873191833 1.40736901760101 1.4598091840744 1.53442692756653 1.61643719673157 1.69844734668732 1.78045761585236 1.86246776580811 1.94447803497314 2.02648830413818 2.0944356918335 2.12019515037537 2.14595437049866 2.17171382904053 2.19747304916382 2.22323250770569 2.24899172782898 2.27475118637085 2.26759839057922 2.24947500228882 2.23135185241699 2.21322846412659 2.19510507583618 2.17698168754578 2.15885829925537 2.13881206512451 2.11299681663513 2.08718180656433 2.06136679649353 2.03555154800415 2.00973653793335 1.98392140865326 1.95810627937317 1.93129754066467 1.90415775775909 1.87701785564423 1.84987795352936 1.82273805141449 1.79559826850891 1.76845836639404 1.74311351776123 1.72315359115601 1.70319366455078
1.23205721378326 1.28686451911926 1.34167170524597 1.39647901058197 1.45128619670868 1.50609350204468 1.57875096797943 1.65735864639282 1.73596620559692 1.81457376480103 1.89318132400513 1.97178900241852 2.05039644241333 2.11562585830688 2.1407208442688 2.16581583023071 2.19091081619263 2.21600580215454 2.24110054969788 2.26619553565979 2.2912905216217 2.28266358375549 2.26279592514038 2.24292850494385 2.22306084632874 2.20319318771362 2.18332576751709 2.16345810890198 2.14119005203247 2.1117205619812 2.08225131034851 2.05278182029724 2.02331233024597 1.99384307861328 1.96437358856201 1.93490421772003 1.90500283241272 1.87495744228363 1.84491205215454 1.81486678123474 1.78482139110565 1.75477600097656 1.72473061084747 1.69667029380798 1.674565076828 1.65245997905731
