data/working_set_collections/6091692-Cassins_Sparrow-M2/2005/evpintr_avg.asc
NCOLS 265 
NROWS 230 
XLLCORNER -115.5625 
YLLCORNER 24.8333333333333 
CELLSIZE 0.0833333333333333 
NODATA_value -9999 
[rows 60 to 79 of 230, columns 138 to 183 of 265]
3.09594869613647 3.01615190505981 2.93635511398315 2.85655856132507 2.82636570930481 2.8127076625824 2.79904961585999 2.78539156913757 2.77173352241516 2.75807547569275 2.74441742897034 2.73872375488281 2.75692296028137 2.77512216567993 2.79332160949707 2.81152081489563 2.82972002029419 2.84791922569275 2.86611843109131 2.8768470287323 2.88508558273315 2.89332413673401 2.90156245231628 2.90980100631714 2.91803956031799 2.92627811431885 2.93623232841492 2.95133376121521 2.96643543243408 2.98153686523438 2.99663853645325 3.01173996925354 3.02684164047241 3.0419430732727 3.06334638595581 3.08685040473938 3.11035442352295 3.13385820388794 3.15736222267151 3.1808660030365 3.20437002182007 3.22893619537354 3.25668907165527 3.28444170951843 3.31219458580017 3.33994746208191
3.04159235954285 2.96084475517273 2.88009715080261 2.7993495464325 2.76916909217834 2.75584435462952 2.74251937866211 2.72919464111328 2.71586990356445 2.70254492759705 2.68922019004822 2.68424987792969 2.70434355735779 2.72443699836731 2.74453043937683 2.76462388038635 2.78471755981445 2.80481100082397 2.8249044418335 2.83569073677063 2.84337449073792 2.8510582447052 2.85874199867249 2.86642599105835 2.87410974502563 2.88179349899292 2.89131832122803 2.9063663482666 2.92141437530518 2.93646240234375 2.95151042938232 2.96655821800232 2.98160624504089 2.99665427207947 3.01867270469666 3.04301452636719 3.06735634803772 3.09169816970825 3.11603999137878 3.14038181304932 3.16472363471985 3.19068455696106 3.22150301933289 3.25232148170471 3.28313994407654 3.31395840644836
2.98723602294922 2.90553760528564 2.82383918762207 2.7421407699585 2.71197247505188 2.69898080825806 2.68598914146423 2.67299771308899 2.66000604629517 2.64701437950134 2.6340229511261 2.62977600097656 2.65176391601562 2.67375159263611 2.69573950767517 2.71772718429565 2.73971509933472 2.7617027759552 2.78369045257568 2.79453420639038 2.80166339874268 2.80879259109497 2.81592154502869 2.82305073738098 2.83017992973328 2.83730888366699 2.84640455245972 2.86139893531799 2.87639331817627 2.89138770103455 2.90638208389282 2.9213764667511 2.93637108802795 2.95136547088623 2.97399878501892 2.99917840957642 3.02435827255249 3.04953789710999 3.07471752166748 3.09989738464355 3.12507700920105 3.15243291854858 3.1863169670105 3.22020125389099 3.2540853023529 3.2879695892334
2.93287944793701 2.85023021697998 2.76758098602295 2.68493175506592 2.65477561950684 2.6421172618866 2.62945890426636 2.61680054664612 2.60414218902588 2.59148383140564 2.5788254737854 2.57530236244202 2.59918427467346 2.62306642532349 2.64694833755493 2.67083048820496 2.6947124004364 2.71859455108643 2.74247670173645 2.75337791442871 2.75995230674744 2.76652669906616 2.77310109138489 2.77967572212219 2.78625011444092 2.79282450675964 2.80149054527283 2.81643128395081 2.83137226104736 2.84631323814392 2.8612539768219 2.87619495391846 2.89113569259644 2.90607666969299 2.92932510375977 2.95534253120422 2.98136019706726 3.00737762451172 3.03339529037476 3.05941295623779 3.08543038368225 3.11418104171753 3.15113091468811 3.18808102607727 3.22503089904785 3.26198077201843
2.87852311134338 2.7949230670929 2.71132302284241 2.62772297859192 2.59757900238037 2.58525395393372 2.57292866706848 2.56060361862183 2.54827857017517 2.53595328330994 2.52362823486328 2.52082848548889 2.5466046333313 2.57238101959229 2.59815740585327 2.62393379211426 2.64970993995667 2.67548632621765 2.70126271247864 2.71222162246704 2.7182412147522 2.72426104545593 2.73028063774109 2.73630046844482 2.74232029914856 2.74833989143372 2.75657653808594 2.7714638710022 2.78635120391846 2.80123853683472 2.81612586975098 2.83101320266724 2.8459005355835 2.86078786849976 2.88465118408203 2.91150665283203 2.93836212158203 2.96521759033203 2.99207305908203 3.01892852783203 3.04578399658203 3.07592940330505 3.1159451007843 3.15596055984497 3.19597625732422 3.23599195480347
2.82416677474976 2.73961591720581 2.65506505966187 2.57051396369934 2.54038238525391 2.52839040756226 2.51639842987061 2.50440669059753 2.49241471290588 2.48042273521423 2.46843075752258 2.46635460853577 2.49402523040771 2.52169585227966 2.54936623573303 2.57703685760498 2.60470747947693 2.63237810134888 2.66004872322083 2.67106509208679 2.67653012275696 2.68199515342712 2.68746018409729 2.69292545318604 2.6983904838562 2.70385551452637 2.71166276931763 2.72649645805359 2.74133014678955 2.75616383552551 2.77099776268005 2.78583145141602 2.80066514015198 2.81549882888794 2.8399772644043 2.86767077445984 2.8953640460968 2.92305731773376 2.95075082778931 2.97844409942627 3.00613737106323 3.03767776489258 3.08075904846191 3.12384033203125 3.16692161560059 3.21000289916992
2.80878496170044 2.71918249130249 2.62957978248596 2.53997731208801 2.50746369361877 2.49397993087769 2.4804961681366 2.46701216697693 2.45352840423584 2.44004440307617 2.42656064033508 2.42327690124512 2.45059323310852 2.47790932655334 2.50522565841675 2.53254199028015 2.55985832214355 2.58717465400696 2.61449098587036 2.62688136100769 2.63429665565491 2.64171195030212 2.64912724494934 2.65654253959656 2.66395783424377 2.67137312889099 2.68091058731079 2.69681453704834 2.71271872520447 2.72862267494202 2.74452662467957 2.76043057441711 2.77633452415466 2.79223847389221 2.81814169883728 2.84737777709961 2.87661409378052 2.90585017204285 2.93508625030518 2.96432256698608 2.99355864524841 3.02668070793152 3.07146000862122 3.11623930931091 3.16101861000061 3.20579814910889
2.83237767219543 2.73362278938293 2.63486766815186 2.53611278533936 2.49882316589355 2.48202228546143 2.4652214050293 2.44842052459717 2.43161940574646 2.41481852531433 2.3980176448822 2.39159512519836 2.41630864143372 2.44102215766907 2.46573543548584 2.49044895172119 2.51516222953796 2.53987574577332 2.56458926200867 2.57967042922974 2.59154081344604 2.60341119766235 2.61528182029724 2.62715220451355 2.63902258872986 2.65089321136475 2.66432046890259 2.68241858482361 2.70051646232605 2.71861457824707 2.73671269416809 2.75481057167053 2.77290868759155 2.79100680351257 2.8191442489624 2.8506281375885 2.8821120262146 2.9135959148407 2.9450798034668 2.97656393051147 3.00804781913757 3.04293823242188 3.08804798126221 3.13315773010254 3.17826747894287 3.2233772277832
2.85597062110901 2.74806308746338 2.64015555381775 2.53224802017212 2.49018263816833 2.47006464004517 2.449946641922 2.42982864379883 2.40971064567566 2.38959264755249 2.36947441101074 2.35991358757019 2.38202404975891 2.40413475036621 2.42624521255493 2.44835591316223 2.47046637535095 2.49257683753967 2.51468753814697 2.5324592590332 2.54878497123718 2.56511068344116 2.58143615722656 2.59776186943054 2.61408758163452 2.63041305541992 2.64773035049438 2.6680223941803 2.68831443786621 2.70860648155212 2.72889876365662 2.74919080734253 2.76948285102844 2.78977489471436 2.82014656066895 2.85387825965881 2.88760995864868 2.92134165763855 2.95507335662842 2.98880505561829 3.02253675460815 3.05919575691223 3.10463571548462 3.15007591247559 3.19551610946655 3.24095630645752
2.879563331604 2.76250338554382 2.64544343948364 2.52838349342346 2.48154211044312 2.45810699462891 2.4346718788147 2.41123676300049 2.38780164718628 2.36436653137207 2.34093141555786 2.32823204994202 2.34773969650269 2.36724734306335 2.38675498962402 2.40626263618469 2.42577028274536 2.44527792930603 2.46478581428528 2.48524832725525 2.50602912902832 2.52680993080139 2.54759073257446 2.56837153434753 2.58915233612061 2.60993313789368 2.63114023208618 2.65362644195557 2.67611241340637 2.69859862327576 2.72108459472656 2.74357080459595 2.76605677604675 2.78854298591614 2.82114911079407 2.8571286201477 2.89310812950134 2.92908763885498 2.96506690979004 3.00104641914368 3.03702592849731 3.07545328140259 3.12122368812561 3.16699433326721 3.21276473999023 3.25853538513184
2.903156042099 2.77694368362427 2.65073132514954 2.5245189666748 2.4729015827179 2.44614934921265 2.4193971157074 2.39264512062073 2.36589288711548 2.33914065361023 2.31238842010498 2.29655027389526 2.31345510482788 2.3303599357605 2.34726476669312 2.36416959762573 2.38107442855835 2.39797925949097 2.41488409042358 2.43803715705872 2.46327304840088 2.48850917816162 2.51374506950378 2.53898119926453 2.56421709060669 2.58945298194885 2.61455011367798 2.63923025131226 2.66391038894653 2.68859052658081 2.71327066421509 2.73795080184937 2.76263093948364 2.78731107711792 2.82215166091919 2.86037874221802 2.89860606193542 2.93683338165283 2.97506046295166 3.01328778266907 3.05151510238647 3.09171080589294 3.1378116607666 3.18391251564026 3.23001337051392 3.27611422538757
2.92674875259399 2.79138398170471 2.65601921081543 2.52065420150757 2.46426105499268 2.43419170379639 2.40412259101868 2.37405323982239 2.3439838886261 2.31391453742981 2.28384518623352 2.26486873626709 2.27917075157166 2.29347252845764 2.30777454376221 2.32207655906677 2.33637833595276 2.35068035125732 2.36498236656189 2.39082598686218 2.42051720619202 2.45020842552185 2.47989964485168 2.50959086418152 2.53928184509277 2.56897306442261 2.59795999526978 2.62483406066895 2.65170836448669 2.67858242988586 2.70545673370361 2.73233079910278 2.75920510292053 2.7860791683197 2.82315397262573 2.86362910270691 2.90410399436951 2.94457912445068 2.98505401611328 3.02552914619446 3.06600403785706 3.10796809196472 3.15439939498901 3.20083069801331 3.2472620010376 3.29369330406189
2.97564363479614 2.83083057403564 2.68601727485657 2.54120421409607 2.47912287712097 2.44461917877197 2.41011524200439 2.3756115436554 2.34110760688782 2.30660390853882 2.27209997177124 2.24886345863342 2.25942850112915 2.26999354362488 2.28055858612061 2.29112362861633 2.30168867111206 2.31225371360779 2.32281875610352 2.35034251213074 2.38351893424988 2.41669535636902 2.44987201690674 2.48304843902588 2.5162250995636 2.54940152168274 2.58152937889099 2.61051177978516 2.63949418067932 2.66847658157349 2.69745874404907 2.72644114494324 2.7554235458374 2.78440594673157 2.82312297821045 2.86508512496948 2.90704703330994 2.94900918006897 2.99097108840942 3.03293323516846 3.07489514350891 3.11800169944763 3.16454195976257 3.21108198165894 3.2576220035553 3.30416202545166
3.04984092712402 2.89528322219849 2.74072575569153 2.58616828918457 2.51748704910278 2.47743129730225 2.43737554550171 2.39731979370117 2.35726404190063 2.3172082901001 2.27715253829956 2.24853420257568 2.25422835350037 2.25992250442505 2.26561665534973 2.27131080627441 2.27700519561768 2.28269934654236 2.28839349746704 2.31658601760864 2.35227823257446 2.3879702091217 2.42366218566895 2.45935440063477 2.49504637718201 2.53073835372925 2.5652585029602 2.59626317024231 2.62726783752441 2.65827250480652 2.68927693367004 2.72028160095215 2.75128626823425 2.78229093551636 2.82205820083618 2.86474657058716 2.90743494033813 2.95012331008911 2.99281167984009 3.03550004959106 3.07818841934204 3.1218113899231 3.16823863983154 3.21466588973999 3.26109313964844 3.30752038955688
3.12403798103333 2.95973610877991 2.79543423652649 2.63113260269165 2.55585122108459 2.51024341583252 2.46463584899902 2.41902804374695 2.37342023849487 2.32781267166138 2.2822048664093 2.24820494651794 2.24902820587158 2.2498517036438 2.25067496299744 2.25149822235107 2.25232148170471 2.25314497947693 2.25396823883057 2.28282976150513 2.32103729248047 2.35924482345581 2.39745259284973 2.43566012382507 2.47386765480042 2.51207542419434 2.54898762702942 2.58201456069946 2.61504149436951 2.64806842803955 2.68109512329102 2.71412205696106 2.7471489906311 2.78017592430115 2.82099366188049 2.86440825462341 2.90782284736633 2.95123767852783 2.99465227127075 3.03806686401367 3.08148169517517 3.12562108039856 3.17193555831909 3.21825003623962 3.26456427574158 3.31087875366211
3.19823527336121 3.02418899536133 2.85014295578003 2.67609667778015 2.59421539306641 2.54305577278137 2.49189615249634 2.44073629379272 2.38957667350769 2.33841705322266 2.28725743293762 2.2478756904602 2.24382829666138 2.23978066444397 2.23573303222656 2.23168563842773 2.22763800621033 2.2235906124115 2.21954298019409 2.24907350540161 2.28979659080505 2.3305196762085 2.37124276161194 2.41196584701538 2.4526891708374 2.49341225624084 2.53271675109863 2.56776595115662 2.6028151512146 2.63786435127258 2.67291331291199 2.70796251296997 2.74301171302795 2.77806091308594 2.81992888450623 2.86406993865967 2.90821075439453 2.95235180854797 2.99649286270142 3.04063367843628 3.08477473258972 3.12943077087402 3.17563247680664 3.22183394432068 3.26803541183472 3.31423711776733
3.27243232727051 3.08864188194275 2.90485143661499 2.72106099128723 2.63257956504822 2.57586789131165 2.51915621757507 2.46244478225708 2.40573310852051 2.34902143478394 2.29230976104736 2.24754643440247 2.23862814903259 2.22970962524414 2.22079133987427 2.21187281608582 2.20295453071594 2.19403600692749 2.18511772155762 2.21531701087952 2.25855565071106 2.30179452896118 2.34503316879272 2.38827180862427 2.43151044845581 2.47474908828735 2.51644587516785 2.55351734161377 2.59058880805969 2.62766027450562 2.66473150253296 2.70180296897888 2.7388744354248 2.77594590187073 2.81886410713196 2.86373138427734 2.90859866142273 2.95346593856812 2.9983332157135 3.04320073127747 3.08806800842285 3.13324046134949 3.17932915687561 3.22541785240173 3.27150654792786 3.31759524345398
3.34662961959839 3.15309476852417 2.95955991744995 2.76602506637573 2.67094373703003 2.6086802482605 2.54641652107239 2.48415303230286 2.42188954353333 2.35962581634521 2.29736232757568 2.24721741676331 2.23342800140381 2.21963882446289 2.20584940910339 2.19206023216248 2.17827105522156 2.16448163986206 2.15069246292114 2.181560754776 2.22731494903564 2.27306914329529 2.31882333755493 2.36457753181458 2.41033172607422 2.45608592033386 2.50017499923706 2.53926873207092 2.57836246490479 2.61745619773865 2.65654969215393 2.69564342498779 2.73473715782166 2.77383089065552 2.81779932975769 2.8633930683136 2.90898656845093 2.95458030700684 3.00017380714417 3.04576754570007 3.0913610458374 3.13705015182495 3.18302607536316 3.22900199890137 3.274977684021 3.3209536075592
3.42442440986633 3.2243435382843 3.02426266670227 2.82418179512024 2.72411704063416 2.65739107131958 2.59066486358643 2.52393889427185 2.4572126865387 2.39048671722412 2.32376050949097 2.2691023349762 2.25064778327942 2.23219323158264 2.21373867988586 2.19528412818909 2.17682957649231 2.15837502479553 2.13992047309875 2.1693651676178 2.21477603912354 2.26018667221069 2.30559754371643 2.35100841522217 2.39641928672791 2.44183015823364 2.48563671112061 2.5246307849884 2.56362462043762 2.60261845588684 2.64161252975464 2.68060636520386 2.71960020065308 2.75859427452087 2.80186653137207 2.84656500816345 2.89126348495483 2.93596196174622 2.9806604385376 3.02535891532898 3.07005739212036 3.11503767967224 3.16086316108704 3.20668864250183 3.25251412391663 3.29833960533142
3.50581669807434 3.30238819122314 3.09895968437195 2.89553117752075 2.79209971427917 2.72200059890747 2.65190148353577 2.58180212974548 2.51170301437378 2.44160389900208 2.37150478363037 2.3132016658783 2.29028749465942 2.26737332344055 2.24445915222168 2.22154498100281 2.19863057136536 2.17571640014648 2.15280222892761 2.17873001098633 2.22093868255615 2.2631471157074 2.30535578727722 2.34756445884705 2.38977289199829 2.43198156356812 2.47283101081848 2.50960302352905 2.5463752746582 2.58314752578735 2.61991953849792 2.65669178962708 2.69346380233765 2.7302360534668 2.77106547355652 2.81324744224548 2.85542941093445 2.89761114120483 2.9397931098938 2.98197507858276 3.02415704727173 3.06720280647278 3.11284041404724 3.1584780216217 3.20411539077759 3.24975299835205
