data/working_set_collections/6091692-Cassins_Sparrow-M2/2005/evpsoil_avg.asc
NCOLS 265 
NROWS 230 
XLLCORNER -115.5625 
YLLCORNER 24.8333333333333 
CELLSIZE 0.0833333333333333 
NODATA_value -9999 
[rows 120 to 139 of 230, columns 0 to 45 of 265]
7.87323236465454 7.86613750457764 7.85904264450073 7.85194730758667 7.84485244750977 7.8377571105957 7.8306622505188 8.15849494934082 8.5979700088501 9.03744602203369 9.47692108154297 9.91639709472656 10.3558721542358 10.7953472137451 11.2018795013428 11.5095825195312 11.8172855377197 12.1249885559082 12.4326906204224 12.7403936386108 13.0480966567993 13.3557987213135 13.5237531661987 13.6451234817505 13.7664947509766 13.8878650665283 14.0092363357544 14.1306076049805 14.2519779205322 14.4781455993652 15.0187015533447 15.5592575073242 16.0998134613037 16.6403694152832 17.1809253692627 17.7214813232422 18.2620391845703 18.7955436706543 19.326696395874 19.8578510284424 20.3890056610107 20.9201583862305 21.4513130187988 21.9824676513672 22.4314002990723 22.6336688995361
7.82977056503296 7.80525302886963 7.78073596954346 7.75621843338013 7.73170137405396 7.70718383789062 7.68266677856445 7.99378204345703 8.41677474975586 8.83976745605469 9.26276016235352 9.68575286865234 10.1087465286255 10.5317392349243 10.9219284057617 11.2137060165405 11.5054836273193 11.7972612380981 12.089038848877 12.3808164596558 12.6725940704346 12.9643716812134 13.1203565597534 13.2310781478882 13.341799736023 13.4525213241577 13.5632429122925 13.6739645004272 13.784686088562 13.9927072525024 14.4926280975342 14.9925479888916 15.4924688339233 15.9923887252808 16.4923095703125 16.9922294616699 17.4921493530273 18.0133533477783 18.5416507720947 19.0699481964111 19.5982456207275 20.1265430450439 20.6548404693604 21.1831378936768 21.6574306488037 21.9697093963623
7.78630828857422 7.74436902999878 7.70242929458618 7.66048955917358 7.61855030059814 7.57661056518555 7.53467082977295 7.82906866073608 8.2355785369873 8.64208889007568 9.04859924316406 9.45510959625244 9.86161994934082 10.2681303024292 10.6419763565063 10.9178285598755 11.1936807632446 11.4695339202881 11.7453861236572 12.0212383270264 12.2970914840698 12.572943687439 12.7169609069824 12.8170328140259 12.9171056747437 13.0171775817871 13.1172494888306 13.2173223495483 13.3173942565918 13.507269859314 13.9665536880493 14.425838470459 14.8851232528687 15.3444080352783 15.803692817688 16.2629776000977 16.722261428833 17.2311630249023 17.7566051483154 18.2820453643799 18.807487487793 19.3329277038574 19.8583698272705 20.383810043335 20.8834629058838 21.3057479858398
7.74284648895264 7.68348455429077 7.62412261962891 7.56476068496704 7.50539922714233 7.44603729248047 7.3866753578186 7.6643557548523 8.05438327789307 8.444411277771 8.83443832397461 9.22446632385254 9.61449432373047 10.0045213699341 10.362024307251 10.6219511032104 10.8818788528442 11.141806602478 11.4017333984375 11.6616611480713 11.9215888977051 12.1815156936646 12.3135652542114 12.4029884338379 12.49241065979 12.5818338394165 12.671257019043 12.7606792449951 12.8501024246216 13.0218315124512 13.4404802322388 13.8591289520264 14.2777786254883 14.6964273452759 15.1150760650635 15.5337247848511 15.9523735046387 16.448974609375 16.9715576171875 17.4941425323486 18.0167274475098 18.5393123626709 19.061897277832 19.5844821929932 20.1094932556152 20.6417865753174
7.69938468933105 7.62260055541992 7.54581642150879 7.46903228759766 7.39224815368652 7.31546401977539 7.2386794090271 7.49964237213135 7.87318754196167 8.24673271179199 8.62027740478516 8.99382305145264 9.3673677444458 9.74091243743896 10.0820722579956 10.3260746002197 10.5700769424438 10.814079284668 11.0580816268921 11.3020839691162 11.5460863113403 11.7900886535645 11.9101696014404 11.9889430999756 12.0677165985107 12.1464900970459 12.2252635955811 12.3040370941162 12.3828105926514 12.5363941192627 12.9144067764282 13.2924203872681 13.6704330444336 14.0484457015991 14.426459312439 14.8044719696045 15.18248462677 15.666784286499 16.1865119934082 16.7062397003174 17.2259693145752 17.7456970214844 18.2654247283936 18.7851524353027 19.3355236053467 19.9778251647949
7.65592241287231 7.56171607971191 7.46750974655151 7.37330341339111 7.27909660339355 7.18489027023315 7.09068393707275 7.33492946624756 7.69199180603027 8.04905414581299 8.4061164855957 8.76317882537842 9.12024211883545 9.47730445861816 9.80212020874023 10.0301971435547 10.2582750320435 10.4863519668579 10.7144289016724 10.9425067901611 11.1705837249756 11.39866065979 11.5067729949951 11.5748977661133 11.6430215835571 11.7111463546753 11.7792701721191 11.847393989563 11.9155187606812 12.0509557723999 12.3883333206177 12.7257108688354 13.0630874633789 13.4004650115967 13.7378425598145 14.0752191543579 14.4125967025757 14.8845949172974 15.4014663696289 15.9183378219604 16.435209274292 16.9520816802979 17.4689521789551 17.9858245849609 18.5615539550781 19.3138637542725
7.63738250732422 7.52334880828857 7.40931463241577 7.29528093338013 7.18124723434448 7.06721353530884 6.95317983627319 7.17974233627319 7.51983690261841 7.85993194580078 8.200026512146 8.54012107849121 8.88021659851074 9.22031116485596 9.52816104888916 9.7392749786377 9.95038890838623 10.1615028381348 10.3726167678833 10.5837306976318 10.7948446273804 11.0059585571289 11.1088676452637 11.175708770752 11.2425498962402 11.3093910217285 11.3762321472168 11.4430732727051 11.5099143981934 11.6404361724854 11.9619989395142 12.2835626602173 12.6051254272461 12.9266881942749 13.248251914978 13.5698146820068 13.8913774490356 14.3570537567139 14.8707666397095 15.3844795227051 15.898193359375 16.4119071960449 16.9256191253662 17.4393329620361 18.0251884460449 18.8274707794189
7.64376449584961 7.50749826431274 7.37123155593872 7.23496532440186 7.09869909286499 6.96243286132812 6.82616662979126 7.03408145904541 7.35672330856323 7.67936515808105 8.00200748443604 8.32464981079102 8.64729118347168 8.96993350982666 9.26019287109375 9.45330619812012 9.64641857147217 9.83953094482422 10.0326442718506 10.2257566452026 10.418869972229 10.6119823455811 10.7164535522461 10.7913780212402 10.8663015365601 10.9412260055542 11.016149520874 11.0910739898682 11.1659984588623 11.3048334121704 11.635404586792 11.9659748077393 12.2965450286865 12.6271162033081 12.9576864242554 13.288257598877 13.6188278198242 14.0841608047485 14.5944137573242 15.1046667098999 15.6149206161499 16.1251735687256 16.6354274749756 17.145679473877 17.7264251708984 18.5186462402344
7.650146484375 7.49164772033691 7.33314895629883 7.17464971542358 7.0161509513855 6.85765218734741 6.69915342330933 6.88842058181763 7.19360971450806 7.49879884719849 7.80398797988892 8.1091775894165 8.41436672210693 8.71955585479736 8.99222564697266 9.16733646392822 9.3424482345581 9.51756000518799 9.69267177581787 9.86778354644775 10.0428943634033 10.2180061340332 10.3240394592285 10.4070463180542 10.4900531768799 10.5730600357056 10.6560678482056 10.7390747070312 10.8220815658569 10.9692316055298 11.3088092803955 11.6483879089355 11.9879655838013 12.327543258667 12.667121887207 13.0066995620728 13.3462781906128 13.8112678527832 14.318060874939 14.8248538970947 15.3316478729248 15.8384408950806 16.3452339172363 16.8520278930664 17.427661895752 18.2098217010498
7.65652847290039 7.47579717636108 7.29506587982178 7.11433458328247 6.93360280990601 6.7528715133667 6.57214021682739 6.74275970458984 7.03049612045288 7.31823253631592 7.60596895217896 7.89370536804199 8.18144130706787 8.46917819976807 8.72425746917725 8.88136768341064 9.03847789764404 9.19558906555176 9.35269927978516 9.50980949401855 9.66691970825195 9.82402992248535 9.93162536621094 10.0227146148682 10.1138048171997 10.2048950195312 10.2959852218628 10.3870754241943 10.4781646728516 10.6336288452148 10.9822149276733 11.3308000564575 11.679386138916 12.0279712677002 12.3765563964844 12.7251424789429 13.073727607727 13.5383739471436 14.0417079925537 14.5450410842896 15.0483741760254 15.5517082214355 16.0550422668457 16.5583744049072 17.1288986206055 17.9009971618652
7.66291046142578 7.45994663238525 7.25698280334473 7.0540189743042 6.85105514526367 6.64809131622314 6.44512748718262 6.59709882736206 6.8673825263977 7.13766622543335 7.40794944763184 7.67823314666748 7.94851684570312 8.21880054473877 8.45629024505615 8.59539890289307 8.7345085144043 8.87361717224121 9.01272678375244 9.15183544158936 9.29094409942627 9.4300537109375 9.53921031951904 9.63838386535645 9.73755645751953 9.83673000335693 9.93590259552002 10.0350751876831 10.1342487335205 10.2980270385742 10.6556196212769 11.0132131576538 11.3708057403564 11.7283992767334 12.085991859436 12.443585395813 12.8011779785156 13.2654809951782 13.7653551101685 14.2652282714844 14.7651014328003 15.2649755477905 15.7648487091064 16.2647228240967 16.8301372528076 17.5921745300293
7.66929244995117 7.44409608840942 7.21889972686768 6.99370336532593 6.76850700378418 6.54331064224243 6.31811428070068 6.45143795013428 6.70426893234253 6.95709943771362 7.20993041992188 7.46276092529297 7.71559190750122 7.96842241287231 8.18832206726074 8.30943012237549 8.43053817749023 8.55164623260498 8.67275428771973 8.79386138916016 8.9149694442749 9.03607749938965 9.14679622650146 9.25405216217041 9.36130809783936 9.4685640335083 9.57581996917725 9.68307590484619 9.79033184051514 9.96242427825928 10.3290252685547 10.6956253051758 11.0622262954712 11.4288263320923 11.7954273223877 12.1620273590088 12.5286283493042 12.9925880432129 13.4890022277832 13.9854154586792 14.4818286895752 14.9782419204712 15.4746561050415 15.9710693359375 16.5313739776611 17.2833499908447
7.73226261138916 7.48563718795776 7.23901224136353 6.99238729476929 6.74576234817505 6.49913740158081 6.25251245498657 6.3734974861145 6.61701917648315 6.86054086685181 7.10406255722046 7.34758424758911 7.59110593795776 7.83462762832642 8.04894924163818 8.17567157745361 8.30239391326904 8.42911720275879 8.55583953857422 8.68256187438965 8.80928421020508 8.93600654602051 9.05587100982666 9.1734504699707 9.29102993011475 9.40860843658447 9.52618789672852 9.64376640319824 9.76134586334229 9.94370746612549 10.3204145431519 10.6971216201782 11.0738286972046 11.450535774231 11.8272428512573 12.2039499282837 12.5806570053101 13.0448112487793 13.5381135940552 14.0314168930054 14.5247201919556 15.0180225372314 15.5113258361816 16.0046291351318 16.5590801239014 17.2969760894775
7.85182046890259 7.58457088470459 7.31732082366943 7.05007123947144 6.78282117843628 6.51557111740112 6.24832153320312 6.36327648162842 6.60563278198242 6.84798955917358 7.09034585952759 7.33270215988159 7.57505893707275 7.81741523742676 8.03817081451416 8.19412422180176 8.35007667541504 8.50603008270264 8.66198253631592 8.8179349899292 8.9738883972168 9.12984085083008 9.26643657684326 9.39657878875732 9.52672100067139 9.65686321258545 9.78700542449951 9.91714763641357 10.0472898483276 10.2418746948242 10.6297874450684 11.0177001953125 11.4056129455566 11.7935256958008 12.1814384460449 12.5693511962891 12.9572639465332 13.4221487045288 13.912691116333 14.4032335281372 14.8937749862671 15.3843173980713 15.8748588562012 16.3654022216797 16.913257598877 17.6330528259277
7.97137880325317 7.68350410461426 7.39562940597534 7.10775470733643 6.81988000869751 6.53200531005859 6.24413061141968 6.35305547714233 6.59424686431885 6.83543825149536 7.07662916183472 7.31782054901123 7.55901193618774 7.80020332336426 8.02739238739014 8.21257591247559 8.39775943756104 8.58294296264648 8.76812553405762 8.95330905914307 9.13849258422852 9.32367610931396 9.47700119018555 9.61970615386963 9.76241207122803 9.90511703491211 10.0478229522705 10.1905279159546 10.333233833313 10.5400428771973 10.9391613006592 11.3382797241211 11.737398147583 12.1365165710449 12.5356349945068 12.9347534179688 13.3338718414307 13.7994871139526 14.2872686386108 14.7750492095947 15.2628307342529 15.7506113052368 16.2383918762207 16.7261734008789 17.2674331665039 17.9691314697266
8.0909366607666 7.78243732452393 7.47393798828125 7.16543865203857 6.85693883895874 6.54843950271606 6.23994016647339 6.34283447265625 6.58286046981812 6.82288694381714 7.062912940979 7.30293893814087 7.54296493530273 7.7829909324646 8.01661396026611 8.23102760314941 8.44544124603271 8.65985488891602 8.87426948547363 9.08868312835693 9.30309677124023 9.51751041412354 9.68756580352783 9.84283447265625 9.99810314178467 10.1533718109131 10.3086404800415 10.4639091491699 10.6191778182983 10.838210105896 11.2485342025757 11.6588582992554 12.0691823959351 12.4795064926147 12.8898305892944 13.3001546859741 13.7104787826538 14.1768255233765 14.6618452072144 15.1468658447266 15.6318855285645 16.1169052124023 16.6019268035889 17.0869464874268 17.6216106414795 18.3052101135254
8.21049499511719 7.88137102127075 7.55224657058716 7.22312211990356 6.89399766921997 6.56487369537354 6.23574924468994 6.33261394500732 6.57147455215454 6.81033563613892 7.04919624328613 7.28805685043335 7.52691793441772 7.76577854156494 8.00583553314209 8.24947929382324 8.49312400817871 8.73676776885986 8.98041248321533 9.2240571975708 9.46770095825195 9.71134567260742 9.89813041687012 10.0659618377686 10.2337942123413 10.4016256332397 10.5694580078125 10.7372894287109 10.9051218032837 11.136378288269 11.5579080581665 11.979437828064 12.4009675979614 12.8224973678589 13.2440271377563 13.6655569076538 14.0870866775513 14.5541639328003 15.0364227294922 15.5186815261841 16.000940322876 16.4832000732422 16.9654598236084 17.447717666626 17.9757881164551 18.6412868499756
8.33005332946777 7.98030424118042 7.63055515289307 7.28080606460571 6.93105697631836 6.58130741119385 6.23155832290649 6.32239294052124 6.56008863449097 6.79778432846069 7.03547954559326 7.27317523956299 7.51087093353271 7.74856662750244 7.99505710601807 8.26793193817139 8.54080677032471 8.81368064880371 9.08655548095703 9.35943031311035 9.63230514526367 9.90517997741699 10.1086950302124 10.2890901565552 10.469485282898 10.6498804092407 10.8302755355835 11.0106706619263 11.191065788269 11.4345455169678 11.867280960083 12.3000164031982 12.7327518463135 13.1654872894287 13.5982227325439 14.0309581756592 14.4636936187744 14.9315013885498 15.41100025177 15.8904981613159 16.3699970245361 16.849494934082 17.3289928436279 17.8084907531738 18.3299655914307 18.9773654937744
8.52881336212158 8.16329669952393 7.79778051376343 7.43226385116577 7.06674718856812 6.70123100280762 6.33571434020996 6.41533279418945 6.64332962036133 6.8713264465332 7.09932327270508 7.32732009887695 7.55531692504883 7.78331422805786 8.02538871765137 8.30969619750977 8.59400272369385 8.87831020355225 9.16261768341064 9.44692516326904 9.73123168945312 10.0155391693115 10.241039276123 10.4469356536865 10.6528329849243 10.8587293624878 11.0646266937256 11.2705230712891 11.4764204025269 11.7416334152222 12.1847953796387 12.6279582977295 13.0711212158203 13.5142831802368 13.9574460983276 14.4006080627441 14.843770980835 15.3103933334351 15.7848358154297 16.2592792510986 16.7337226867676 17.2081642150879 17.6826076507568 18.1570510864258 18.6681251525879 19.2891006469727
8.80677509307861 8.43034839630127 8.05392169952393 7.67749547958374 7.30106925964355 6.92464303970337 6.54821681976318 6.61143350601196 6.82119798660278 7.03096294403076 7.24072742462158 7.4504919052124 7.66025638580322 7.8700213432312 8.09683036804199 8.37477207183838 8.65271377563477 8.93065547943115 9.20859813690186 9.48653984069824 9.76448154449463 10.042423248291 10.2951622009277 10.5394992828369 10.7838363647461 11.0281734466553 11.2725105285645 11.516848564148 11.7611856460571 12.0576410293579 12.5104522705078 12.9632625579834 13.4160737991333 13.8688840866089 14.3216953277588 14.7745056152344 15.2273168563843 15.6908388137817 16.1579322814941 16.6250247955322 17.0921173095703 17.5592098236084 18.0263023376465 18.4933967590332 18.990270614624 19.5764942169189
