data/working_set_collections/6091692-Cassins_Sparrow-M2/2005/evpsoil_avg.asc
NCOLS 265 
NROWS 230 
XLLCORNER -115.5625 
YLLCORNER 24.8333333333333 
CELLSIZE 0.0833333333333333 
NODATA_value -9999 
[rows 60 to 79 of 230, columns 0 to 45 of 265]
17.1428565979004 17.4676551818848 17.7924556732178 18.1172561645508 18.4420566558838 18.7668571472168 19.0916576385498 19.1196136474609 19.048620223999 18.9776287078857 18.9066352844238 18.8356418609619 18.7646503448486 18.6936569213867 18.5924415588379 18.4005584716797 18.2086753845215 18.0167903900146 17.8249073028564 17.6330242156982 17.4411392211914 17.2492561340332 17.2712898254395 17.3646297454834 17.4579696655273 17.5513095855713 17.6446495056152 17.7379894256592 17.8313293457031 18.0458393096924 18.6238613128662 19.20188331604 19.7799053192139 20.3579273223877 20.9359493255615 21.5139713287354 22.0919933319092 22.441234588623 22.7142143249512 22.9871940612793 23.2601718902588 23.5331516265869 23.806131362915 24.0791110992432 24.1349983215332 23.5396041870117
16.6944332122803 17.0422649383545 17.3900985717773 17.7379302978516 18.0857639312744 18.4335956573486 18.7814292907715 18.8341426849365 18.7884864807129 18.7428283691406 18.6971702575684 18.6515121459961 18.6058540344238 18.5601978302002 18.4849033355713 18.3207054138184 18.1565074920654 17.9923095703125 17.8281097412109 17.663911819458 17.4997138977051 17.3355140686035 17.3738861083984 17.4797821044922 17.5856761932373 17.6915721893311 17.7974662780762 17.9033622741699 18.009256362915 18.2103958129883 18.6972675323486 19.1841373443604 19.6710090637207 20.1578788757324 20.6447505950928 21.1316204071045 21.6184921264648 21.9406661987305 22.2079429626465 22.4752197265625 22.7424964904785 23.0097732543945 23.2770500183105 23.5443267822266 23.6027927398682 23.0348281860352
16.2460117340088 16.6168766021729 16.9877414703369 17.358606338501 17.729471206665 18.1003360748291 18.4712009429932 18.5486736297607 18.5283508300781 18.5080280303955 18.4877052307129 18.4673824310303 18.4470596313477 18.426736831665 18.3773651123047 18.240852355957 18.1043395996094 17.9678268432617 17.8313121795654 17.6947994232178 17.5582866668701 17.4217739105225 17.4764823913574 17.5949325561523 17.7133827209473 17.8318347930908 17.9502849578857 18.0687351226807 18.1871852874756 18.3749523162842 18.7706718444824 19.1663913726807 19.5621109008789 19.9578323364258 20.353551864624 20.7492713928223 21.1449909210205 21.4400997161865 21.7016735076904 21.9632472991943 22.2248210906982 22.4863948822021 22.7479686737061 23.00954246521 23.0705890655518 22.5300521850586
15.7975883483887 16.1914863586426 16.5853824615479 16.9792804718018 17.373176574707 17.7670745849609 18.1609725952148 18.263204574585 18.268217086792 18.2732276916504 18.2782402038574 18.2832527160645 18.2882633209229 18.2932758331299 18.2698268890381 18.1609992980957 18.0521717071533 17.9433441162109 17.8345146179199 17.7256870269775 17.6168594360352 17.5080318450928 17.5790786743164 17.7100849151611 17.8410911560059 17.972095489502 18.1031017303467 18.2341079711914 18.3651142120361 18.5395107269287 18.8440780639648 19.1486473083496 19.4532146453857 19.7577838897705 20.0623512268066 20.3669204711914 20.6714878082275 20.9395332336426 21.1954040527344 21.4512748718262 21.707145690918 21.9630165100098 22.2188873291016 22.4747581481934 22.5383834838867 22.0252742767334
15.3491659164429 15.766095161438 16.1830253601074 16.5999546051025 17.0168838500977 17.4338130950928 17.8507423400879 17.9777355194092 18.0080814361572 18.0384292602539 18.068775177002 18.09912109375 18.1294689178467 18.1598148345947 18.1622886657715 18.0811462402344 18.0000038146973 17.9188613891602 17.837718963623 17.7565746307373 17.6754322052002 17.5942897796631 17.6816749572754 17.8252353668213 17.9687976837158 18.1123580932617 18.2559204101562 18.3994808197021 18.543041229248 18.7040672302246 18.9174842834473 19.1309013366699 19.3443183898926 19.5577354431152 19.7711524963379 19.9845695495605 20.1979866027832 20.4389667510986 20.6891345977783 20.939302444458 21.1894702911377 21.4396381378174 21.6898059844971 21.9399738311768 22.0061798095703 21.5204982757568
14.9007434844971 15.3407049179077 15.7806673049927 16.2206287384033 16.6605911254883 17.1005535125732 17.5405139923096 17.6922664642334 17.7479476928711 17.8036289215088 17.8593101501465 17.9149913787842 17.9706726074219 18.0263538360596 18.0547504425049 18.001293182373 17.9478359222412 17.8943786621094 17.8409214019775 17.7874641418457 17.7340049743652 17.6805477142334 17.7842712402344 17.9403877258301 18.0965042114258 18.2526206970215 18.4087371826172 18.5648536682129 18.7209701538086 18.8686237335205 18.9908905029297 19.1131553649902 19.2354221343994 19.35768699646 19.4799537658691 19.6022186279297 19.7244853973389 19.9384002685547 20.1828651428223 20.4273300170898 20.6717948913574 20.916259765625 21.1607246398926 21.4051895141602 21.4739761352539 21.0157222747803
14.5549354553223 15.0155467987061 15.4761581420898 15.9367694854736 16.3973808288574 16.8579921722412 17.3186016082764 17.503267288208 17.5959491729736 17.6886310577393 17.7813129425049 17.8739948272705 17.9666767120361 18.0593585968018 18.1239852905273 18.1044464111328 18.0849075317383 18.0653686523438 18.0458297729492 18.0262928009033 18.0067539215088 17.9872150421143 18.1174011230469 18.2974948883057 18.4775886535645 18.6576824188232 18.8377780914307 19.0178718566895 19.1979656219482 19.3535537719727 19.4356231689453 19.5176944732666 19.5997638702393 19.6818332672119 19.7639026641846 19.8459720611572 19.9280433654785 20.0974617004395 20.2959976196289 20.4945316314697 20.6930675506592 20.8916034698486 21.0901393890381 21.2886734008789 21.3187732696533 20.8435668945312
14.3117427825928 14.7906198501587 15.2694969177246 15.7483749389648 16.2272510528564 16.7061290740967 17.1850070953369 17.4107360839844 17.5520858764648 17.6934337615967 17.8347816467285 17.9761295318604 18.1174774169922 18.2588272094727 18.3699913024902 18.3906059265137 18.4112186431885 18.4318332672119 18.4524478912354 18.4730606079102 18.4936752319336 18.514289855957 18.6810626983643 18.896556854248 19.1120510101318 19.3275451660156 19.5430393218994 19.7585334777832 19.974027633667 20.1588554382324 20.2516860961914 20.3445148468018 20.4373435974121 20.5301723480225 20.6230010986328 20.7158317565918 20.8086605072021 20.9161529541016 21.0285320281982 21.1409111022949 21.2532901763916 21.3656692504883 21.478048324585 21.5904273986816 21.5405750274658 21.0040321350098
14.0685501098633 14.5656929016113 15.0628366470337 15.5599803924561 16.0571231842041 16.5542659759521 17.0514106750488 17.3182067871094 17.5082225799561 17.6982364654541 17.8882503509521 18.0782661437988 18.2682800292969 18.4582958221436 18.6159973144531 18.6767635345459 18.7375316619873 18.7982978820801 18.8590641021729 18.9198303222656 18.980598449707 19.0413646697998 19.2447261810303 19.4956207275391 19.7465152740479 19.997407913208 20.2483024597168 20.4991970062256 20.7500896453857 20.9641590118408 21.0677471160889 21.1713352203369 21.274923324585 21.378511428833 21.4821014404297 21.5856895446777 21.6892776489258 21.734842300415 21.7610645294189 21.7872886657715 21.8135108947754 21.8397331237793 21.8659553527832 21.8921794891357 21.7623767852783 21.1644973754883
13.8253574371338 14.3407669067383 14.8561763763428 15.3715858459473 15.8869953155518 16.4024047851562 16.9178142547607 17.2256774902344 17.4643573760986 17.7030391693115 17.9417209625244 18.1804008483887 18.4190826416016 18.6577625274658 18.862003326416 18.9629230499268 19.0638427734375 19.1647624969482 19.2656803131104 19.3666000366211 19.4675197601318 19.5684394836426 19.8083896636963 20.0946826934814 20.3809776306152 20.6672706604004 20.9535655975342 21.2398586273193 21.5261535644531 21.7694606781006 21.8838081359863 21.9981555938721 22.1125049591064 22.2268524169922 22.3411998748779 22.4555473327637 22.5698947906494 22.5535316467285 22.4935989379883 22.433666229248 22.3737316131592 22.3137989044189 22.2538642883301 22.1939315795898 21.9841785430908 21.3249645233154
13.58216381073 14.1158399581909 14.6495151519775 15.1831912994385 15.7168664932251 16.2505416870117 16.7842178344727 17.1331481933594 17.4204940795898 17.7078418731689 17.995189666748 18.2825374603271 18.5698852539062 18.8572311401367 19.1080112457275 19.2490825653076 19.3901538848877 19.5312252044678 19.6722984313965 19.8133697509766 19.9544410705566 20.0955142974854 20.3720512390137 20.6937465667725 21.0154399871826 21.3371334075928 21.6588268280029 21.9805221557617 22.3022155761719 22.5747623443604 22.6998691558838 22.8249778747559 22.9500846862793 23.0751914978027 23.2002983093262 23.3254051208496 23.4505138397217 23.3722229003906 23.2261333465576 23.0800437927246 22.9339542388916 22.78786277771 22.641773223877 22.4956836700439 22.2059783935547 21.4854297637939
13.3389711380005 13.8909130096436 14.4428548812866 14.9947967529297 15.5467386245728 16.0986804962158 16.6506214141846 17.0406169891357 17.3766307830811 17.7126445770264 18.0486583709717 18.384672164917 18.7206859588623 19.0566997528076 19.3540172576904 19.5352420806885 19.7164649963379 19.8976898193359 20.078914642334 20.260139465332 20.4413642883301 20.6225891113281 20.9357147216797 21.2928085327148 21.64990234375 22.0069961547852 22.3640899658203 22.7211837768555 23.0782775878906 23.3800640106201 23.5159320831299 23.651798248291 23.7876644134521 23.9235305786133 24.0593967437744 24.1952648162842 24.3311309814453 24.1909122467041 23.958667755127 23.7264213562012 23.4941749572754 23.2619285583496 23.0296821594238 22.797435760498 22.4277801513672 21.6458950042725
13.1351537704468 13.6963005065918 14.2574472427368 14.8185949325562 15.3797416687012 15.9408893585205 16.5020351409912 16.924144744873 17.2999076843262 17.6756706237793 18.0514335632324 18.4271965026855 18.8029594421387 19.1787223815918 19.5161094665527 19.738374710083 19.9606399536133 20.1829032897949 20.4051685333252 20.6274337768555 20.8496971130371 21.0719623565674 21.3676242828369 21.6877517700195 22.0078773498535 22.3280048370361 22.6481323242188 22.9682598114014 23.288387298584 23.5652713775635 23.7124290466309 23.8595886230469 24.0067462921143 24.1539039611816 24.301061630249 24.4482192993164 24.5953769683838 24.4228496551514 24.1437606811523 23.8646717071533 23.5855808258057 23.3064918518066 23.0274028778076 22.7483139038086 22.3399429321289 21.5437278747559
12.9707107543945 13.5320024490356 14.0932941436768 14.6545858383179 15.215877532959 15.7771692276001 16.3384609222412 16.7837295532227 17.1903247833252 17.5969181060791 18.0035133361816 18.4101066589355 18.8167018890381 19.2232971191406 19.5942897796631 19.8584823608398 20.1226749420166 20.3868675231934 20.6510581970215 20.9152507781982 21.179443359375 21.4436340332031 21.6677780151367 21.8785724639893 22.0893669128418 22.3001613616943 22.5109558105469 22.7217483520508 22.9325428009033 23.1303844451904 23.2893657684326 23.4483470916748 23.607328414917 23.7663097381592 23.9252910614014 24.0842723846436 24.2432537078857 24.0680332183838 23.7814140319824 23.4947948455811 23.2081737518311 22.9215545654297 22.6349353790283 22.348316192627 21.9424667358398 21.1789283752441
12.8062686920166 13.3677043914795 13.9291400909424 14.4905767440796 15.0520124435425 15.6134490966797 16.1748847961426 16.6433143615723 17.0807399749756 17.5181655883789 17.9555931091309 18.3930187225342 18.8304443359375 19.2678718566895 19.6724700927734 19.9785900115967 20.2847099304199 20.5908298492432 20.8969497680664 21.203067779541 21.5091876983643 21.8153076171875 21.9679336547852 22.0693950653076 22.1708545684814 22.2723159790039 22.3737773895264 22.4752388000488 22.5767002105713 22.6954975128174 22.8663005828857 23.0371055603027 23.2079105377197 23.3787155151367 23.5495185852051 23.7203235626221 23.8911285400391 23.7132167816162 23.4190673828125 23.1249179840088 22.8307666778564 22.5366172790527 22.242467880249 21.9483184814453 21.5449905395508 20.8141269683838
12.6418256759644 13.2034063339233 13.7649869918823 14.3265676498413 14.8881483078003 15.4497289657593 16.0113086700439 16.5028972625732 16.971155166626 17.4394149780273 17.9076728820801 18.3759307861328 18.8441886901855 19.3124465942383 19.7506504058838 20.0986976623535 20.4467449188232 20.794792175293 21.1428394317627 21.4908866882324 21.8389320373535 22.1869792938232 22.268087387085 22.2602157592773 22.2523441314697 22.2444725036621 22.2366008758545 22.2287273406982 22.2208557128906 22.2606086730957 22.4432373046875 22.6258640289307 22.8084926605225 22.9911212921143 23.1737480163574 23.3563766479492 23.5390033721924 23.3584003448486 23.0567207336426 22.7550411224365 22.4533596038818 22.1516799926758 21.8500003814697 21.5483207702637 21.1475143432617 20.4493274688721
12.4773826599121 13.0391082763672 13.600832939148 14.162558555603 14.7242832183838 15.2860088348389 15.8477334976196 16.3624820709229 16.861572265625 17.3606624603271 17.8597507476807 18.3588409423828 18.857931137085 19.3570213317871 19.8288307189941 20.2188053131104 20.6087799072266 20.9987545013428 21.388729095459 21.7787036895752 22.1686782836914 22.5586528778076 22.5682430267334 22.4510383605957 22.3338317871094 22.2166271209717 22.099422454834 21.9822177886963 21.8650131225586 21.8257217407227 22.0201721191406 22.2146244049072 22.4090747833252 22.6035251617432 22.7979774475098 22.9924278259277 23.1868782043457 23.0035839080811 22.6943740844727 22.3851642608643 22.0759544372559 21.7667427062988 21.4575328826904 21.148323059082 20.7500381469727 20.0845260620117
12.3129405975342 12.874810218811 13.4366798400879 13.9985494613647 14.5604190826416 15.1222887039185 15.6841583251953 16.2220668792725 16.7519874572754 17.281909942627 17.8118305206299 18.3417530059814 18.8716735839844 19.4015960693359 19.9070110321045 20.3389129638672 20.7708148956299 21.2027168273926 21.6346187591553 22.066520690918 22.4984226226807 22.9303245544434 22.8683967590332 22.6418590545654 22.4153213500977 22.1887836456299 21.9622459411621 21.7357063293457 21.5091686248779 21.3908348083496 21.5971088409424 21.8033828735352 22.0096569061279 22.2159309387207 22.4222049713135 22.6284809112549 22.8347549438477 22.6487674713135 22.3320274353027 22.015287399292 21.6985454559326 21.3818054199219 21.0650653839111 20.7483253479004 20.3525619506836 19.7197265625
12.1914472579956 12.7350454330444 13.2786436080933 13.8222417831421 14.3658399581909 14.9094381332397 15.4530363082886 15.9822130203247 16.5065822601318 17.0309505462646 17.5553188323975 18.0796890258789 18.6040573120117 19.1284255981445 19.6314735412598 20.0705547332764 20.509635925293 20.9487171173096 21.3877983093262 21.8268795013428 22.2659606933594 22.705041885376 22.647985458374 22.4255485534668 22.2031135559082 21.980676651001 21.7582397460938 21.5358047485352 21.3133678436279 21.1961688995361 21.394681930542 21.5931968688965 21.7917098999023 21.9902229309082 22.1887378692627 22.3872509002686 22.5857639312744 22.3899116516113 22.0626029968262 21.735294342041 21.4079856872559 21.0806770324707 20.7533683776855 20.426061630249 20.0350379943848 19.4528751373291
12.1129026412964 12.6198129653931 13.1267242431641 13.6336355209351 14.1405467987061 14.647458076477 15.154369354248 15.6429204940796 16.1253528594971 16.6077842712402 17.0902156829834 17.5726470947266 18.0550804138184 18.5375118255615 19.0022144317627 19.4137268066406 19.8252391815186 20.2367515563965 20.648265838623 21.059778213501 21.4712905883789 21.8828029632568 21.9070072174072 21.8021068572998 21.697208404541 21.5923080444336 21.4874076843262 21.3825073242188 21.27760887146 21.2417259216309 21.4128952026367 21.5840644836426 21.7552318572998 21.9264011383057 22.0975704193115 22.2687397003174 22.4399089813232 22.227014541626 21.886100769043 21.54518699646 21.204273223877 20.8633575439453 20.5224437713623 20.1815299987793 19.7974700927734 19.2839736938477
