data/working_set_collections/6091692-Cassins_Sparrow-M2/2005/evpsoil_avg.asc
NCOLS 265 
NROWS 230 
XLLCORNER -115.5625 
YLLCORNER 24.8333333333333 
CELLSIZE 0.0833333333333333 
NODATA_value -9999 
[rows 0 to 19 of 230, columns 0 to 45 of 265]
18.416234970092798 18.0932884216309 17.7703437805176 17.4473972320557 17.1244506835938 16.8015060424805 16.4785594940186 16.7823448181152 17.2950401306152 17.8077373504639 18.3204326629639 18.8331279754639 19.3458232879639 19.8585205078125 20.4258651733398 21.1571559906006 21.8884468078613 22.6197395324707 23.3510303497314 24.0823211669922 24.8136138916016 25.5449047088623 25.8326244354248 25.972484588623 26.1123466491699 26.2522087097168 26.3920707702637 26.5319309234619 26.6717929840088 26.7971668243408 26.879077911377 26.9609889984131 27.0429000854492 27.124813079834 27.2067241668701 27.2886352539062 27.3705463409424 27.5558090209961 27.7755222320557 27.9952373504639 28.2149505615234 28.434663772583 28.6543769836426 28.8740921020508 28.9188041687012 28.4385147094727
19.1712398529053 18.9519729614258 18.7327079772949 18.5134429931641 18.2941780090332 18.0749130249023 17.8556461334229 18.1254863739014 18.5583629608154 18.9912376403809 19.4241142272949 19.8569889068604 20.2898654937744 20.7227401733398 21.1954669952393 21.787748336792 22.3800296783447 22.9723110198975 23.5645923614502 24.1568737030029 24.7491550445557 25.3414363861084 25.5758190155029 25.6909046173096 25.8059902191162 25.9210739135742 26.0361595153809 26.1512451171875 26.2663288116455 26.3685169219971 26.4320068359375 26.4954967498779 26.5589866638184 26.6224784851074 26.6859683990479 26.7494583129883 26.8129482269287 27.0209980010986 27.2772331237793 27.53346824646 27.7897033691406 28.0459384918213 28.3021717071533 28.558406829834 28.6208438873291 28.1018867492676
19.9262428283691 19.8106575012207 19.6950740814209 19.5794887542725 19.463903427124 19.3483180999756 19.2327346801758 19.4686298370361 19.821683883667 20.1747398376465 20.527795791626 20.8808498382568 21.2339057922363 21.5869617462158 21.9650707244873 22.4183406829834 22.8716125488281 23.3248825073242 23.7781543731689 24.231424331665 24.6846961975098 25.1379680633545 25.3190155029297 25.4093246459961 25.4996337890625 25.5899410247803 25.6802501678467 25.7705574035645 25.8608665466309 25.9398651123047 25.9849338531494 26.0300045013428 26.0750732421875 26.1201438903809 26.1652126312256 26.2102832794189 26.2553520202637 26.4861869812012 26.7789421081543 27.0716991424561 27.3644542694092 27.6572113037109 27.9499664306641 28.2427234649658 28.322883605957 27.7652568817139
20.6812477111816 20.6693420410156 20.6574382781982 20.6455345153809 20.6336288452148 20.6217250823975 20.6098213195801 20.8117713928223 21.0850067138672 21.3582420349121 21.6314754486084 21.9047107696533 22.1779460906982 22.4511814117432 22.7346725463867 23.0489330291748 23.3631954193115 23.6774559020996 23.9917163848877 24.3059768676758 24.6202373504639 24.934497833252 25.0622119903564 25.1277446746826 25.1932754516602 25.2588081359863 25.3243389129639 25.38987159729 25.4554023742676 25.5112133026123 25.53786277771 25.5645122528076 25.5911598205566 25.6178092956543 25.6444568634033 25.671106338501 25.6977558135986 25.9513759613037 26.2806529998779 26.6099300384521 26.9392070770264 27.2684841156006 27.5977611541748 27.9270401000977 28.024923324585 27.4286289215088
21.4362506866455 21.5280265808105 21.6198024749756 21.7115802764893 21.8033561706543 21.8951320648193 21.9869079589844 22.1549129486084 22.3483276367188 22.5417423248291 22.7351570129395 22.9285717010498 23.1219863891602 23.3154010772705 23.5042762756348 23.6795272827148 23.8547763824463 24.0300273895264 24.2052783966064 24.3805294036865 24.555778503418 24.731029510498 24.8054084777832 24.8461647033691 24.8869190216064 24.9276733398438 24.9684295654297 25.009183883667 25.0499401092529 25.0825634002686 25.0907897949219 25.0990180969238 25.1072463989258 25.1154747009277 25.1237030029297 25.131929397583 25.140157699585 25.4165649414062 25.7823619842529 26.1481609344482 26.5139598846436 26.8797588348389 27.2455558776855 27.6113548278809 27.7269630432129 27.0919990539551
22.191255569458 22.3867111206055 22.5821685791016 22.777624130249 22.9730815887451 23.1685390472412 23.3639945983887 23.4980545043945 23.6116504669189 23.7252445220947 23.8388385772705 23.9524326324463 24.0660285949707 24.1796226501465 24.2738780975342 24.3101196289062 24.3463592529297 24.3825988769531 24.4188404083252 24.4550800323486 24.4913215637207 24.5275611877441 24.54860496521 24.5645847320557 24.5805625915527 24.5965404510498 24.6125183105469 24.6284980773926 24.6444759368896 24.6539115905762 24.6437187194824 24.6335258483887 24.6233329772949 24.6131401062012 24.6029472351074 24.5927543640137 24.5825614929199 24.8817520141602 25.2840728759766 25.6863918304443 26.0887126922607 26.4910316467285 26.8933506011963 27.2956714630127 27.4290027618408 26.75537109375
22.4247856140137 22.671199798584 22.9176139831543 23.164026260376 23.4104404449463 23.656852722168 23.9032669067383 24.0199699401855 24.0934352874756 24.1669006347656 24.240364074707 24.3138294219971 24.3872947692871 24.4607601165771 24.5104866027832 24.4889984130859 24.4675102233887 24.4460201263428 24.4245319366455 24.4030437469482 24.3815536499023 24.3600654602051 24.3563423156738 24.3585395812988 24.3607387542725 24.3629360198975 24.3651351928711 24.3673343658447 24.3695316314697 24.3699836730957 24.3651905059814 24.3603973388672 24.3556041717529 24.3508110046387 24.346019744873 24.3412265777588 24.3364334106445 24.6685333251953 25.1129322052002 25.5573310852051 26.00172996521 26.4461288452148 26.8905277252197 27.3349266052246 27.485860824585 26.7563991546631
22.1368446350098 22.3814907073975 22.6261367797852 22.8707847595215 23.1154308319092 23.3600769042969 23.6047248840332 23.7206554412842 23.7936820983887 23.8667087554932 23.9397354125977 24.0127620697021 24.0857887268066 24.1588153839111 24.2141017913818 24.2161655426025 24.2182273864746 24.2202911376953 24.2223529815674 24.2244148254395 24.2264785766602 24.2285404205322 24.2286186218262 24.2280330657959 24.2274475097656 24.2268619537354 24.2262783050537 24.2256927490234 24.2251071929932 24.2307758331299 24.2552051544189 24.2796325683594 24.3040618896484 24.3284893035889 24.3529186248779 24.3773460388184 24.4017753601074 24.7769088745117 25.2689437866211 25.7609786987305 26.2530136108398 26.7450504302979 27.2370853424072 27.7291202545166 27.8975353240967 27.0950832366943
21.8489017486572 22.0917816162109 22.3346614837646 22.5775413513184 22.8204212188721 23.0633010864258 23.3061809539795 23.4213428497314 23.4939308166504 23.5665187835693 23.6391067504883 23.7116947174072 23.7842845916748 23.8568725585938 23.9177169799805 23.9433307647705 23.9689445495605 23.9945602416992 24.0201740264893 24.0457878112793 24.071403503418 24.097017288208 24.1008949279785 24.097526550293 24.0941581726074 24.0907878875732 24.0874195098877 24.0840511322021 24.0806827545166 24.0915699005127 24.1452178955078 24.1988677978516 24.2525177001953 24.3061676025391 24.3598175048828 24.4134654998779 24.4671154022217 24.8852825164795 25.424955368042 25.9646263122559 26.5042991638184 27.0439701080322 27.5836429595947 28.1233158111572 28.3092079162598 27.433765411377
21.5609607696533 21.802074432373 22.0431861877441 22.2842998504639 22.5254135131836 22.7665252685547 23.0076389312744 23.1220283508301 23.1941795349121 23.2663288116455 23.3384780883789 23.4106273651123 23.4827785491943 23.5549278259277 23.6213321685791 23.6704978942871 23.7196636199951 23.7688293457031 23.8179950714111 23.8671607971191 23.9163265228271 23.9654922485352 23.9731712341309 23.9670181274414 23.9608669281006 23.9547138214111 23.9485626220703 23.9424114227295 23.93625831604 23.9523620605469 24.0352325439453 24.1181030273438 24.2009754180908 24.2838459014893 24.3667163848877 24.4495868682861 24.5324573516846 24.9936561584473 25.5809650421143 26.1682739257812 26.7555828094482 27.3428916931152 27.9302005767822 28.5175094604492 28.7208824157715 27.7724494934082
21.2730197906494 21.5123653411865 21.7517108917236 21.9910583496094 22.2304039001465 22.4697494506836 22.7090950012207 22.8227157592773 22.8944263458252 22.9661388397217 23.0378494262695 23.1095600128174 23.1812725067139 23.2529830932617 23.3249454498291 23.3976631164551 23.4703807830811 23.543098449707 23.615816116333 23.688533782959 23.761251449585 23.8339691162109 23.8454475402832 23.8365116119385 23.8275756835938 23.818639755249 23.8097057342529 23.8007698059082 23.7918338775635 23.8131561279297 23.9252471923828 24.0373401641846 24.1494312286377 24.2615222930908 24.3736152648926 24.4857063293457 24.5977973937988 25.102029800415 25.7369766235352 26.3719215393066 27.0068664550781 27.6418132781982 28.2767581939697 28.9117050170898 29.1325569152832 28.1111335754395
20.9850769042969 21.22265625 21.4602355957031 21.6978149414062 21.9353942871094 22.1729736328125 22.4105529785156 22.5234031677246 22.5946750640869 22.6659488677979 22.7372207641602 22.8084945678711 22.8797664642334 22.9510383605957 23.0285606384277 23.1248302459717 23.2210998535156 23.3173694610596 23.4136371612549 23.5099067687988 23.6061763763428 23.7024459838867 23.7177238464355 23.7060050964355 23.6942863464355 23.6825656890869 23.6708469390869 23.6591281890869 23.6474094390869 23.6739482879639 23.8152618408203 23.9565753936768 24.0978870391846 24.239200592041 24.3805141448975 24.5218257904053 24.6631393432617 25.2104034423828 25.8929862976074 26.575569152832 27.2581520080566 27.9407348632812 28.6233158111572 29.3058986663818 29.5442314147949 28.4498176574707
20.8400917053223 21.0727710723877 21.3054523468018 21.5381336212158 21.7708129882812 22.0034942626953 22.2361736297607 22.3565082550049 22.4393939971924 22.5222797393799 22.6051654815674 22.6880531311035 22.770938873291 22.8538246154785 22.9438781738281 23.0554370880127 23.1669940948486 23.2785530090332 23.3901119232178 23.5016689300537 23.6132278442383 23.7247867584229 23.7373523712158 23.7169227600098 23.6964912414551 23.676061630249 23.655632019043 23.6352005004883 23.6147708892822 23.6432971954346 23.8186988830566 23.9941024780273 24.1695041656494 24.3449058532715 24.5203075408936 24.6957092285156 24.8711109161377 25.3831920623779 26.0075016021729 26.6318111419678 27.2561187744141 27.880428314209 28.5047378540039 29.1290473937988 29.3279056549072 28.2504119873047
20.8380603790283 21.0627098083496 21.2873592376709 21.5120105743408 21.7366600036621 21.9613094329834 22.1859607696533 22.3220348358154 22.4285850524902 22.535135269165 22.6416854858398 22.7482376098633 22.8547878265381 22.9613380432129 23.0708961486816 23.1894817352295 23.3080673217773 23.4266510009766 23.5452365875244 23.6638221740723 23.7824077606201 23.9009914398193 23.9043350219727 23.8692665100098 23.8341960906982 23.7991256713867 23.7640552520752 23.7289848327637 23.6939163208008 23.7212028503418 23.9355602264404 24.1499195098877 24.3642768859863 24.5786361694336 24.7929954528809 25.0073528289795 25.2217121124268 25.6203956604004 26.0805206298828 26.5406455993652 27.0007705688477 27.4608974456787 27.9210224151611 28.3811473846436 28.4835758209229 27.5129146575928
20.8360290527344 21.0526485443115 21.2692680358887 21.4858875274658 21.702507019043 21.9191265106201 22.1357460021973 22.287561416626 22.4177761077881 22.5479907989502 22.6782054901123 22.808422088623 22.9386367797852 23.0688514709473 23.1979160308838 23.3235263824463 23.4491386413574 23.5747509002686 23.7003631591797 23.8259735107422 23.9515857696533 24.0771980285645 24.0713195800781 24.0216083526611 23.9718990325928 23.9221897125244 23.8724803924561 23.8227710723877 23.7730598449707 23.7991065979004 24.0524215698242 24.305736541748 24.5590515136719 24.8123664855957 25.0656814575195 25.3189964294434 25.5723114013672 25.8575973510742 26.1535396575928 26.4494819641113 26.7454223632812 27.0413646697998 27.3373069763184 27.6332492828369 27.6392478942871 26.7754173278809
20.8339977264404 21.0425872802734 21.2511768341064 21.4597644805908 21.6683540344238 21.8769435882568 22.0855312347412 22.2530879974365 22.4069671630859 22.5608463287354 22.7147254943848 22.8686065673828 23.0224857330322 23.1763648986816 23.3249340057373 23.4575729370117 23.5902118682861 23.7228488922119 23.8554878234863 23.9881267547607 24.1207656860352 24.2534046173096 24.238302230835 24.1739521026611 24.1096038818359 24.0452537536621 23.9809036254883 23.9165554046631 23.8522052764893 23.8770122528076 24.169282913208 24.461555480957 24.7538261413574 25.0460987091064 25.3383693695068 25.6306419372559 25.9229125976562 26.094799041748 26.2265586853027 26.3583164215088 26.4900741577148 26.6218318939209 26.7535915374756 26.8853492736816 26.7949180603027 26.0379219055176
20.8319683074951 21.0325260162354 21.2330837249756 21.4336433410645 21.6342010498047 21.8347587585449 22.0353164672852 22.2186145782471 22.3961582183838 22.5737018585205 22.7512454986572 22.9287910461426 23.1063346862793 23.283878326416 23.4519519805908 23.5916175842285 23.7312831878662 23.8709487915039 24.0106143951416 24.1502799987793 24.2899436950684 24.4296092987061 24.4052848815918 24.3262958526611 24.2473068237305 24.1683177947998 24.0893287658691 24.0103397369385 23.9313507080078 23.9549160003662 24.2861442565918 24.6173725128174 24.948600769043 25.2798290252686 25.6110572814941 25.9422855377197 26.2735137939453 26.3320026397705 26.2995777130127 26.2671508789062 26.2347259521484 26.2023010253906 26.1698760986328 26.1374492645264 25.950590133667 25.3004245758057
20.8299369812012 21.0224647521973 21.2149925231934 21.4075202941895 21.6000480651855 21.7925758361816 21.9851036071777 22.1841411590576 22.3853492736816 22.5865573883057 22.7877655029297 22.9889755249023 23.1901836395264 23.3913917541504 23.578971862793 23.7256622314453 23.8723545074463 24.0190467834473 24.1657390594482 24.3124313354492 24.4591236114502 24.6058158874512 24.5722675323486 24.4786396026611 24.385009765625 24.2913818359375 24.19775390625 24.1041240692139 24.0104961395264 24.0328216552734 24.4030055999756 24.7731914520264 25.1433753967285 25.5135612487793 25.8837451934814 26.2539310455322 26.6241149902344 26.5692043304443 26.372594833374 26.1759872436523 25.979377746582 25.7827682495117 25.58616065979 25.3895511627197 25.1062602996826 24.5629291534424
21.2635707855225 21.4351634979248 21.6067581176758 21.7783527374268 21.9499473571777 22.1215419769287 22.2931365966797 22.4683361053467 22.6447372436523 22.8211402893066 22.9975414276123 23.1739444732666 23.3503456115723 23.5267486572266 23.69140625 23.8208312988281 23.9502563476562 24.079683303833 24.2091083526611 24.3385334014893 24.467960357666 24.5973854064941 24.567798614502 24.4852066040039 24.4026145935059 24.3200244903564 24.2374324798584 24.1548404693604 24.0722503662109 24.101634979248 24.4669532775879 24.8322715759277 25.1975898742676 25.5629081726074 25.9282264709473 26.2935447692871 26.658863067627 26.6047172546387 26.4107475280762 26.2167797088623 26.0228118896484 25.8288421630859 25.6348743438721 25.4409065246582 25.1745338439941 24.6909446716309
22.1328678131104 22.2706260681152 22.4083843231201 22.546142578125 22.6839008331299 22.8216590881348 22.9594173431396 23.0711994171143 23.1743240356445 23.2774486541748 23.3805732727051 23.4836978912354 23.5868225097656 23.6899471282959 23.7892570495605 23.8771228790283 23.9649887084961 24.0528545379639 24.1407203674316 24.2285861968994 24.3164520263672 24.404317855835 24.3918762207031 24.3459987640381 24.300121307373 24.254243850708 24.208366394043 24.1624889373779 24.1166114807129 24.1613597869873 24.4779891967773 24.7946166992188 25.1112442016602 25.4278736114502 25.7445011138916 26.0611305236816 26.377758026123 26.4385375976562 26.4140338897705 26.3895301818848 26.365026473999 26.3405227661133 26.3160190582275 26.2915153503418 26.1554050445557 25.6844749450684
