data/working_set_collections/6091692-Cassins_Sparrow-M2/2005/evpsoil_avg.asc
NCOLS 265 
NROWS 230 
XLLCORNER -115.5625 
YLLCORNER 24.8333333333333 
CELLSIZE 0.0833333333333333 
NODATA_value -9999 
[rows 100 to 119 of 230, columns 0 to 45 of 265]
11.0276918411255 10.9956912994385 10.9636898040771 10.9316883087158 10.8996868133545 10.8676853179932 10.8356847763062 11.1760215759277 11.6404724121094 12.1049222946167 12.569372177124 13.0338220596313 13.498272895813 13.9627227783203 14.49476146698 15.2295665740967 15.9643707275391 16.6991767883301 17.4339809417725 18.1687850952148 18.9035911560059 19.6383953094482 20.0476894378662 20.3484783172607 20.6492691040039 20.9500598907471 21.2508487701416 21.5516395568848 21.8524303436279 22.202075958252 22.6982936859131 23.1945114135742 23.6907272338867 24.1869449615479 24.683162689209 25.1793804168701 25.6755981445312 25.8668422698975 25.9564304351807 26.0460186004639 26.1356067657471 26.2251949310303 26.3147830963135 26.4043712615967 26.412971496582 26.1786060333252
10.6895236968994 10.7117481231689 10.7339735031128 10.7561988830566 10.7784233093262 10.80064868927 10.8228740692139 11.2021818161011 11.7005176544189 12.1988534927368 12.6971893310547 13.1955251693726 13.6938610076904 14.1921968460083 14.7472839355469 15.4726276397705 16.1979713439941 16.9233131408691 17.6486568450928 18.3740005493164 19.0993423461914 19.824686050415 20.2264957427979 20.5204601287842 20.8144245147705 21.1083889007568 21.4023532867432 21.6963176727295 21.9902820587158 22.3422183990479 22.8680686950684 23.3939189910889 23.9197692871094 24.4456176757812 24.9714679718018 25.4973182678223 26.0231685638428 26.2246265411377 26.3179550170898 26.4112815856934 26.5046100616455 26.597936630249 26.6912651062012 26.7845916748047 26.8091621398926 26.627462387085
10.4987001419067 10.5526304244995 10.606559753418 10.6604900360107 10.7144203186035 10.768349647522 10.8222799301147 11.2210168838501 11.7346897125244 12.248363494873 12.7620363235474 13.275710105896 13.7893829345703 14.3030557632446 14.8665103912354 15.579309463501 16.2921085357666 17.0049076080322 17.7177066802979 18.4305038452148 19.1433029174805 19.8561019897461 20.2560844421387 20.5517921447754 20.8475017547607 21.1432113647461 21.4389209747314 21.7346286773682 22.0303382873535 22.3900089263916 22.9415607452393 23.4931106567383 24.0446624755859 24.5962142944336 25.1477661132812 25.6993179321289 26.2508697509766 26.432222366333 26.4901752471924 26.5481281280518 26.6060810089111 26.6640319824219 26.7219848632812 26.7799377441406 26.7940292358398 26.67653465271
10.4552240371704 10.5183372497559 10.581449508667 10.6445627212524 10.7076759338379 10.7707891464233 10.8339014053345 11.2325267791748 11.7429885864258 12.2534513473511 12.7639141082764 13.2743759155273 13.7848386764526 14.2953004837036 14.8524408340454 15.5496120452881 16.2467842102051 16.9439563751221 17.6411285400391 18.3383007049561 19.035472869873 19.73264503479 20.1364555358887 20.4424781799316 20.7485027313232 21.0545253753662 21.3605499267578 21.6665744781494 21.9725971221924 22.3454456329346 22.9187679290771 23.4920902252197 24.0654125213623 24.6387348175049 25.2120571136475 25.78537940979 26.3587017059326 26.4896297454834 26.4730930328369 26.4565563201904 26.4400196075439 26.4234828948975 26.406946182251 26.3904094696045 26.3675689697266 26.3258247375488
10.4117469787598 10.4840431213379 10.556339263916 10.6286354064941 10.7009315490723 10.7732276916504 10.8455238342285 11.2440366744995 11.7512884140015 12.2585391998291 12.7657909393311 13.273042678833 13.780294418335 14.2875452041626 14.8383703231812 15.5199155807495 16.2014598846436 16.8830051422119 17.5645503997803 18.2460956573486 18.927640914917 19.6091861724854 20.0168266296387 20.3331642150879 20.6495037078857 20.965841293335 21.2821807861328 21.598518371582 21.9148578643799 22.3008842468262 22.8959770202637 23.4910697937012 24.0861625671387 24.6812553405762 25.2763481140137 25.8714408874512 26.4665336608887 26.5470371246338 26.4560108184814 26.3649845123291 26.2739582061768 26.1829319000244 26.0919055938721 26.0008792877197 25.9411106109619 25.9751148223877
10.3682708740234 10.4497499465942 10.531229019165 10.6127080917358 10.6941871643066 10.7756671905518 10.8571462631226 11.2555465698242 11.7595872879028 12.2636280059814 12.7676677703857 13.2717084884644 13.775749206543 14.2797899246216 14.8242998123169 15.4902181625366 16.1561374664307 16.8220558166504 17.4879722595215 18.1538906097412 18.8198089599609 19.4857273101807 19.8971977233887 20.2238502502441 20.5505027770996 20.8771572113037 21.2038097381592 21.5304622650146 21.8571166992188 22.2563228607178 22.8731861114502 23.4900493621826 24.106912612915 24.7237758636475 25.3406391143799 25.9575023651123 26.5743656158447 26.6044445037842 26.438928604126 26.2734127044678 26.1078968048096 25.9423809051514 25.7768650054932 25.611349105835 25.5146522521973 25.6244049072266
10.3247938156128 10.4154567718506 10.5061187744141 10.5967807769775 10.6874437332153 10.7781057357788 10.8687677383423 11.2670564651489 11.7678861618042 12.2687158584595 12.7695455551147 13.27037525177 13.7712049484253 14.2720346450806 14.810230255127 15.460521697998 16.1108131408691 16.7611045837402 17.4113960266113 18.0616874694824 18.7119789123535 19.3622703552246 19.7775688171387 20.1145362854004 20.4515037536621 20.7884712219238 21.1254405975342 21.4624080657959 21.7993755340576 22.2117595672607 22.8503932952881 23.4890289306641 24.1276626586914 24.7662963867188 25.4049301147461 26.0435638427734 26.6821975708008 26.6618518829346 26.4218463897705 26.1818428039551 25.941837310791 25.701831817627 25.4618263244629 25.2218208312988 25.088191986084 25.2736949920654
10.2813177108765 10.3811626434326 10.4810085296631 10.5808544158936 10.6806993484497 10.7805452346802 10.8803901672363 11.2785654067993 11.7761850357056 12.2738037109375 12.7714223861694 13.2690420150757 13.7666606903076 14.2642793655396 14.7961597442627 15.4308242797852 16.0654888153076 16.7001533508301 17.3348178863525 17.969482421875 18.6041469573975 19.2388114929199 19.6579399108887 20.0052223205566 20.3525047302246 20.6997871398926 21.0470695495605 21.3943519592285 21.7416343688965 22.1671981811523 22.8276023864746 23.4880065917969 24.1484107971191 24.80881690979 25.4692211151123 26.1296253204346 26.7900295257568 26.719259262085 26.4047660827637 26.0902709960938 25.7757759094238 25.4612808227539 25.146785736084 24.8322906494141 24.6617336273193 24.9229850769043
10.1403341293335 10.2419872283936 10.3436403274536 10.4452924728394 10.5469455718994 10.6485986709595 10.7502508163452 11.14914894104 11.6471290588379 12.1451082229614 12.6430883407593 13.1410675048828 13.6390476226807 14.1370267868042 14.6637048721313 15.2764768600464 15.8892488479614 16.5020217895508 17.1147937774658 17.7275657653809 18.3403377532959 18.9531097412109 19.364839553833 19.7095565795898 20.0542736053467 20.3989887237549 20.7437057495117 21.0884227752686 21.4331378936768 21.8592662811279 22.5296306610107 23.1999950408936 23.870361328125 24.5407257080078 25.2110900878906 25.8814544677734 26.5518188476562 26.5050048828125 26.2191333770752 25.9332599639893 25.6473865509033 25.361515045166 25.0756416320801 24.7897682189941 24.6325359344482 24.8612251281738
9.9018440246582 9.99792861938477 10.0940132141113 10.1900978088379 10.2861824035645 10.382266998291 10.4783515930176 10.8788061141968 11.3807182312012 11.8826303482056 12.3845415115356 12.88645362854 13.3883657455444 13.8902778625488 14.4128646850586 14.9974794387817 15.5820932388306 16.1667079925537 16.7513217926025 17.3359355926514 17.9205493927002 18.505163192749 18.8982696533203 19.2275390625 19.5568084716797 19.8860778808594 20.2153472900391 20.5446166992188 20.8738861083984 21.2879657745361 21.9564800262451 22.6249942779541 23.2935085296631 23.9620227813721 24.6305370330811 25.29905128479 25.967565536499 26.0190887451172 25.8649501800537 25.7108097076416 25.5566711425781 25.4025325775146 25.2483921051025 25.0942535400391 25.0006008148193 25.0884132385254
9.66335391998291 9.75387001037598 9.84438610076904 9.93490219116211 10.0254182815552 10.1159343719482 10.2064514160156 10.6084632873535 11.1143074035645 11.6201515197754 12.1259956359863 12.6318397521973 13.1376838684082 13.6435279846191 14.1620254516602 14.7184810638428 15.2749376296997 15.8313932418823 16.3878498077393 16.9443054199219 17.5007610321045 18.0572166442871 18.431697845459 18.7455196380615 19.0593433380127 19.3731651306152 19.6869869232178 20.0008106231689 20.3146324157715 20.7166652679443 21.3833293914795 22.049991607666 22.7166557312012 23.3833198547363 24.0499839782715 24.716646194458 25.3833103179932 25.5331726074219 25.5107669830322 25.4883613586426 25.4659538269043 25.4435482025146 25.421142578125 25.3987369537354 25.3686676025391 25.3156032562256
9.42486381530762 9.50981140136719 9.59475898742676 9.67970752716064 9.76465511322021 9.84960269927979 9.93455123901367 10.3381204605103 10.8478965759277 11.3576726913452 11.867449760437 12.3772258758545 12.887001991272 13.3967781066895 13.9111852645874 14.4394836425781 14.9677810668945 15.4960794448853 16.024377822876 16.5526752471924 17.0809726715088 17.6092720031738 17.9651279449463 18.2635021209717 18.5618782043457 18.8602523803711 19.1586284637451 19.4570045471191 19.7553787231445 20.1453647613525 20.8101768493652 21.4749908447266 22.1398029327393 22.8046169281006 23.4694290161133 24.1342430114746 24.7990570068359 25.0472545623779 25.1565837860107 25.2659111022949 25.3752384185791 25.4845657348633 25.5938930511475 25.7032222747803 25.7367324829102 25.5427913665771
9.18637275695801 9.2657527923584 9.34513187408447 9.42451190948486 9.50389194488525 9.58327102661133 9.66265106201172 10.0677766799927 10.581485748291 11.0951948165894 11.6089029312134 12.1226119995117 12.6363201141357 13.1500291824341 13.6603450775146 14.1604852676392 14.6606254577637 15.1607656478882 15.6609058380127 16.1610450744629 16.6611862182617 17.1613254547119 17.498556137085 17.7814846038818 18.0644130706787 18.3473415374756 18.6302700042725 18.9131984710693 19.1961269378662 19.5740623474121 20.2370262145996 20.8999881744385 21.562952041626 22.2259140014648 22.8888759613037 23.5518398284912 24.2148017883301 24.5613384246826 24.8024005889893 25.0434608459473 25.2845230102539 25.5255832672119 25.7666454315186 26.0077056884766 26.1047973632812 25.7699813842773
8.94788265228271 9.02169418334961 9.0955057144165 9.16931629180908 9.24312782287598 9.31693935394287 9.39075088500977 9.79743385314941 10.3150749206543 10.8327159881592 11.3503570556641 11.8679981231689 12.3856382369995 12.9032793045044 13.4095058441162 13.8814878463745 14.3534698486328 14.8254518508911 15.2974338531494 15.7694149017334 16.241397857666 16.71337890625 17.0319862365723 17.299467086792 17.5669479370117 17.8344287872314 18.1019115447998 18.3693923950195 18.6368732452393 19.0027618408203 19.6638736724854 20.324987411499 20.9860992431641 21.6472110748291 22.3083229064941 22.9694347381592 23.6305484771729 24.0754222869873 24.4482173919678 24.8210105895996 25.1938056945801 25.5666007995605 25.939395904541 26.3121910095215 26.4728622436523 25.9971694946289
8.75083160400391 8.81607437133789 8.88131713867188 8.94655990600586 9.01180267333984 9.07704544067383 9.14228916168213 9.5438117980957 10.057427406311 10.5710439682007 11.0846605300903 11.5982761383057 12.1118927001953 12.6255083084106 13.1222333908081 13.5682830810547 14.0143327713013 14.4603824615479 14.9064321517944 15.352481842041 15.7985315322876 16.2445812225342 16.5425968170166 16.7912654876709 17.0399341583252 17.2886028289795 17.5372734069824 17.7859420776367 18.034610748291 18.384090423584 19.0360012054443 19.6879119873047 20.3398246765137 20.991735458374 21.6436462402344 22.2955570220947 22.9474678039551 23.4453105926514 23.8917999267578 24.3382873535156 24.7847766876221 25.2312641143799 25.6777515411377 26.1242408752441 26.3370189666748 25.8486709594727
8.59521961212158 8.64889335632324 8.70256805419922 8.7562427520752 8.80991649627686 8.86359119415283 8.91726493835449 9.30690956115723 9.80854415893555 10.3101787567139 10.8118133544922 11.3134479522705 11.8150825500488 12.3167161941528 12.7985286712646 13.220871925354 13.6432151794434 14.0655584335327 14.4879026412964 14.9102458953857 15.3325891494751 15.7549324035645 16.030387878418 16.2568798065186 16.4833717346191 16.7098636627197 16.9363574981689 17.1628494262695 17.3893413543701 17.7180500030518 18.3534088134766 18.9887676239014 19.6241264343262 20.259485244751 20.8948440551758 21.5302028656006 22.1655616760254 22.6710071563721 23.1331481933594 23.5952911376953 24.0574321746826 24.5195732116699 24.9817161560059 25.4438571929932 25.6972675323486 25.3244857788086
8.43960666656494 8.48171234130859 8.52381896972656 8.56592464447021 8.60803031921387 8.65013599395752 8.69224166870117 9.07000827789307 9.55966091156006 10.049313545227 10.538966178894 11.028618812561 11.518271446228 12.007924079895 12.4748229980469 12.8734607696533 13.2720975875854 13.6707353591919 14.069372177124 14.4680089950562 14.8666467666626 15.2652835845947 15.5181798934937 15.7224950790405 15.9268102645874 16.13112449646 16.3354396820068 16.5397548675537 16.7440700531006 17.0520076751709 17.6708145141602 18.2896213531494 18.9084281921387 19.5272350311279 20.1460418701172 20.7648487091064 21.3836555480957 21.8967037200928 22.3744983673096 22.8522930145264 23.3300876617432 23.8078842163086 24.2856788635254 24.7634735107422 25.0575160980225 24.8003005981445
8.28399467468262 8.31453132629395 8.34506893157959 8.37560653686523 8.40614414215088 8.43668079376221 8.46721839904785 8.83310604095459 9.31077766418457 9.78844833374023 10.2661190032959 10.7437906265259 11.2214612960815 11.6991319656372 12.1511182785034 12.5260496139526 12.9009799957275 13.2759113311768 13.6508417129517 14.0257730484009 14.4007043838501 14.775634765625 15.005970954895 15.1881093978882 15.3702478408813 15.5523853302002 15.7345237731934 15.9166622161865 16.0988006591797 16.3859672546387 16.9882221221924 17.5904769897461 18.1927299499512 18.7949848175049 19.3972396850586 19.9994945526123 20.6017475128174 21.1223983764648 21.6158466339111 22.1092948913574 22.6027450561523 23.0961933135986 23.5896415710449 24.0830898284912 24.4177646636963 24.2761135101318
8.12838172912598 8.14735126495361 8.16631984710693 8.18528842926025 8.20425701141357 8.22322654724121 8.24219512939453 8.59620475769043 9.06189346313477 9.52758312225342 9.99327182769775 10.4589614868164 10.9246511459351 11.3903398513794 11.82741355896 12.1786375045776 12.5298624038696 12.8810873031616 13.2323122024536 13.5835371017456 13.9347610473633 14.2859859466553 14.4937629699707 14.6537246704102 14.8136854171753 14.9736461639404 15.1336078643799 15.293568611145 15.4535293579102 15.7199258804321 16.305627822876 16.8913307189941 17.4770336151123 18.0627346038818 18.6484375 19.2341403961182 19.8198413848877 20.3480949401855 20.8571968078613 21.3662986755371 21.8754005432129 22.3845024108887 22.8936042785645 23.4027061462402 23.7780132293701 23.7519283294678
7.97276973724365 7.98017024993896 7.98757028579712 7.99497079849243 8.00237083435059 8.0097713470459 8.01717185974121 8.35930252075195 8.81301021575928 9.2667179107666 9.72042560577393 10.1741333007812 10.6278400421143 11.0815477371216 11.5037078857422 11.831226348877 12.1587448120117 12.4862632751465 12.8137817382812 13.141300201416 13.4688186645508 13.7963371276855 13.9815549850464 14.1193389892578 14.2571229934692 14.3949069976807 14.5326910018921 14.6704750061035 14.8082590103149 15.0538845062256 15.6230344772339 16.1921844482422 16.7613353729248 17.3304843902588 17.8996353149414 18.468786239624 19.037935256958 19.5737895965576 20.0985450744629 20.6233005523682 21.1480560302734 21.6728115081787 22.197566986084 22.7223243713379 23.1382598876953 23.2277431488037
