data/working_set_collections/6091692-Cassins_Sparrow-M2/2005/evptrns_avg.asc
NCOLS 265 
NROWS 230 
XLLCORNER -115.5625 
YLLCORNER 24.8333333333333 
CELLSIZE 0.0833333333333333 
NODATA_value -9999 
[rows 40 to 59 of 230, columns 0 to 44 of 265]
1.0585128068924 0.989811062812805 0.92110937833786 0.852407693862915 0.783706068992615 0.71500438451767 0.646302700042725 0.576578259468079 0.506512939929962 0.436447620391846 0.366382271051407 0.29631695151329 0.226251617074013 0.156186297535896 0.102060869336128 0.0957551598548889 0.0894494503736496 0.0831437408924103 0.076838031411171 0.070532314479351 0.0642266049981117 0.0579208955168724 0.072021521627903 0.0929242670536041 0.113827005028725 0.134729743003845 0.155632480978966 0.176535218954086 0.197437956929207 0.235232993960381 0.323704898357391 0.412176817655563 0.500648736953735 0.589120626449585 0.677592515945435 0.766064405441284 0.854536354541779 1.10349380970001 1.40594661235809 1.70839929580688 2.01085186004639 2.31330466270447 2.61575746536255 2.91821002960205 3.22273397445679
0.946352779865265 0.882789790630341 0.819226861000061 0.755663871765137 0.692100942134857 0.628537952899933 0.564975023269653 0.503276288509369 0.44219896197319 0.381121665239334 0.320044338703156 0.258967041969299 0.197889715433121 0.136812403798103 0.0897207483649254 0.0845860540866852 0.079451359808445 0.0743166729807854 0.0691819787025452 0.064047284424305 0.0589125901460648 0.0537778958678246 0.0668797865509987 0.086060531437397 0.105241283774376 0.124422036111355 0.143602788448334 0.162783533334732 0.18196427822113 0.214701637625694 0.288108795881271 0.36151596903801 0.434923142194748 0.508330285549164 0.581737458705902 0.65514463186264 0.728551805019379 0.940365254878998 1.1983140707016 1.45626294612885 1.71421182155609 1.97216069698334 2.23010969161987 2.48805856704712 2.78384804725647
0.855279326438904 0.79757821559906 0.739877104759216 0.682175993919373 0.624474883079529 0.566773772239685 0.509072601795197 0.454508394002914 0.400989800691605 0.347471207380295 0.293952614068985 0.240434005856514 0.186915397644043 0.133396804332733 0.0919333696365356 0.0866354331374168 0.0813374891877174 0.0760395526885986 0.0707416087388992 0.0654436722397804 0.0601457320153713 0.0548477917909622 0.0666468739509583 0.0841449573636055 0.101643048226833 0.119141131639481 0.136639222502708 0.154137313365936 0.171635389328003 0.200828582048416 0.265107065439224 0.32938551902771 0.393664002418518 0.457942485809326 0.522220969200134 0.586499452590942 0.650777876377106 0.836989223957062 1.06384479999542 1.29070043563843 1.51755595207214 1.74441158771515 1.97126710414886 2.19812273979187 2.47662806510925
0.785292506217957 0.734176337718964 0.683060169219971 0.631944000720978 0.58082789182663 0.529711723327637 0.478595525026321 0.430274605751038 0.382885426282883 0.335496246814728 0.28810703754425 0.240717858076096 0.193328678607941 0.145939484238625 0.108698733150959 0.101903282105923 0.0951078310608864 0.0883123800158501 0.0815169364213943 0.074721485376358 0.0679260343313217 0.0611305832862854 0.0713227838277817 0.087177537381649 0.103032290935516 0.118887044489384 0.134741798043251 0.150596544146538 0.166451305150986 0.193613827228546 0.254699647426605 0.315785497426987 0.376871317625046 0.437957137823105 0.499042958021164 0.560128808021545 0.621214628219604 0.793365716934204 1.00253856182098 1.21171140670776 1.42088425159454 1.63005709648132 1.8392299413681 2.04840278625488 2.30107426643372
0.715305685997009 0.670774459838867 0.62624329328537 0.581712067127228 0.537180840969086 0.492649644613266 0.448118448257446 0.406040817499161 0.364781051874161 0.323521256446838 0.282261490821838 0.241001710295677 0.199741944670677 0.158482164144516 0.125464096665382 0.117171131074429 0.108878172934055 0.100585214793682 0.0922922566533089 0.0839992985129356 0.0757063329219818 0.0674133747816086 0.0759987011551857 0.0902101173996925 0.10442154109478 0.118632957339287 0.132844373583794 0.1470557898283 0.161267206072807 0.186399072408676 0.244292259216309 0.302185446023941 0.360078632831573 0.417971789836884 0.475864976644516 0.533758163452148 0.591651380062103 0.749742209911346 0.941232323646545 1.1327223777771 1.32421255111694 1.5157026052475 1.70719277858734 1.8986828327179 2.1255202293396
0.645318865776062 0.607372581958771 0.569426357746124 0.531480133533478 0.493533849716187 0.45558762550354 0.417641371488571 0.381807029247284 0.346676677465439 0.311546295881271 0.276415944099426 0.24128557741642 0.206155210733414 0.171024844050407 0.142229452729225 0.132438987493515 0.122648514807224 0.112858049571514 0.103067576885223 0.0932771116495132 0.0834866389632225 0.0736961662769318 0.0806746184825897 0.093242697417736 0.105810783803463 0.11837887018919 0.130946949124336 0.143515035510063 0.15608312189579 0.179184317588806 0.233884856104851 0.288585394620895 0.343285918235779 0.397986471652985 0.452686995267868 0.507387518882751 0.562088072299957 0.706118762493134 0.879926085472107 1.05373346805573 1.22754085063934 1.40134811401367 1.57515549659729 1.74896287918091 1.94996643066406
0.57533198595047 0.543970704078674 0.512609422206879 0.481248140335083 0.449886858463287 0.418525576591492 0.387164294719696 0.357573240995407 0.328572303056717 0.299571335315704 0.270570397377014 0.241569429636002 0.21256847679615 0.183567523956299 0.158994823694229 0.147706836462021 0.136418864130974 0.125130876898766 0.113842897117138 0.10255491733551 0.0912669450044632 0.0799789652228355 0.0853505283594131 0.0962752774357796 0.107200033962727 0.118124783039093 0.129049524664879 0.139974281191826 0.150899037718773 0.171969562768936 0.223477452993393 0.27498534321785 0.326493233442307 0.378001123666763 0.42950901389122 0.481016904115677 0.532524824142456 0.662495255470276 0.818619847297668 0.974744498729706 1.13086903095245 1.28699374198914 1.44311833381653 1.59924292564392 1.77441251277924
0.505345165729523 0.4805688560009 0.455792516469955 0.431016176939011 0.406239867210388 0.381463527679443 0.356687188148499 0.33333945274353 0.310467928647995 0.287596374750137 0.26472482085228 0.241853296756744 0.218981742858887 0.19611020386219 0.175760179758072 0.162974685430527 0.150189206004143 0.137403711676598 0.124618224799633 0.111832730472088 0.0990472435951233 0.0862617567181587 0.0900264456868172 0.0993078574538231 0.10858927667141 0.117870695888996 0.127152115106583 0.136433526873589 0.145714938640594 0.164754807949066 0.213070064783096 0.261385291814804 0.309700548648834 0.358015805482864 0.406331032514572 0.454646289348602 0.50296151638031 0.618871748447418 0.75731360912323 0.895755469799042 1.03419733047485 1.17263925075531 1.31108117103577 1.44952297210693 1.5988587141037
0.458010911941528 0.438544481992722 0.419078052043915 0.399611622095108 0.380145162343979 0.360678732395172 0.341212302446365 0.322214841842651 0.303373724222183 0.284532636404037 0.265691518783569 0.246850401163101 0.228009283542633 0.209168165922165 0.191504895687103 0.177375182509422 0.163245469331741 0.14911575615406 0.134986042976379 0.120856322348118 0.106726609170437 0.0925968959927559 0.0949309393763542 0.102752901613712 0.11057485640049 0.118396818637848 0.126218780875206 0.134040743112564 0.141862705349922 0.159033998847008 0.204253286123276 0.249472573399544 0.294691860675812 0.339911162853241 0.38513046503067 0.430349737405777 0.475569039583206 0.580794394016266 0.706021785736084 0.831249177455902 0.95647656917572 1.08170390129089 1.20693135261536 1.33215868473053 1.46598303318024
0.433329254388809 0.417897641658783 0.402466028928757 0.38703441619873 0.371602803468704 0.356171190738678 0.340739578008652 0.324199438095093 0.307289749383926 0.290380090475082 0.273470401763916 0.256560742855072 0.239651069045067 0.222741395235062 0.206228986382484 0.190908327698708 0.175587669014931 0.160267010331154 0.144946351647377 0.1296256929636 0.114305034279823 0.0989843755960464 0.100064001977444 0.106610395014286 0.113156780600548 0.11970316618681 0.126249551773071 0.132795944809914 0.139342322945595 0.1548071205616 0.197027146816254 0.239247173070908 0.281467199325562 0.323687225580215 0.365907251834869 0.408127278089523 0.450347304344177 0.548263192176819 0.664744317531586 0.781225502490997 0.897706687450409 1.01418781280518 1.13066899776459 1.247150182724 1.37578558921814
0.40864759683609 0.397250801324844 0.385854035615921 0.374457240104675 0.36306044459343 0.351663649082184 0.34026688337326 0.326184004545212 0.31120577454567 0.296227544546127 0.281249314546585 0.266271084547043 0.251292854547501 0.23631463944912 0.220953062176704 0.204441472887993 0.18792986869812 0.171418264508247 0.154906660318375 0.138395071029663 0.12188346683979 0.105371862649918 0.105197072029114 0.11046788841486 0.115738697350025 0.121009513735771 0.126280322670937 0.131551131606102 0.136821955442429 0.150580242276192 0.189801007509232 0.229021772742271 0.268242537975311 0.30746328830719 0.346684038639069 0.385904788970947 0.425125569105148 0.515731930732727 0.623466908931732 0.731201827526093 0.838936746120453 0.946671724319458 1.05440664291382 1.16214156150818 1.28558826446533
0.383965939283371 0.376603960990906 0.369242012500763 0.36188006401062 0.354518085718155 0.347156137228012 0.339794158935547 0.328168570995331 0.315121799707413 0.302074998617172 0.289028227329254 0.275981456041336 0.262934654951096 0.249887868762016 0.235677152872086 0.217974603176117 0.20027206838131 0.182569518685341 0.164866983890533 0.147164434194565 0.129461899399757 0.111759349703789 0.110330142080784 0.114325381815434 0.118320621550083 0.122315853834152 0.126311093568802 0.130306333303452 0.134301573038101 0.146353378891945 0.182574868202209 0.218796357512474 0.255017846822739 0.291239351034164 0.327460825443268 0.363682329654694 0.399903833866119 0.48320072889328 0.582189440727234 0.681178152561188 0.780166864395142 0.879155576229095 0.978144288063049 1.07713305950165 1.19539082050323
0.359284281730652 0.35595715045929 0.352629989385605 0.349302858114243 0.34597572684288 0.342648595571518 0.339321464300156 0.330153167247772 0.319037824869156 0.30792248249054 0.296807140111923 0.285691797733307 0.274576455354691 0.263461112976074 0.250401228666306 0.231507748365402 0.212614268064499 0.193720772862434 0.174827292561531 0.155933812260628 0.137040317058563 0.11814683675766 0.115463212132454 0.118182875216007 0.120902538299561 0.123622201383114 0.126341864466667 0.129061535000801 0.131781190633774 0.142126500606537 0.175348728895187 0.208570957183838 0.241793185472488 0.275015413761139 0.308237642049789 0.34145987033844 0.37468209862709 0.450669527053833 0.540911972522736 0.631154477596283 0.72139698266983 0.811639487743378 0.90188193321228 0.992124438285828 1.10519349575043
0.334602624177933 0.335310310125351 0.336017996072769 0.336725682020187 0.337433367967606 0.338141053915024 0.338848739862442 0.332137733697891 0.322953850030899 0.313769936561584 0.304586052894592 0.295402139425278 0.286218255758286 0.277034342288971 0.265125304460526 0.245040893554688 0.224956452846527 0.204872027039528 0.184787601232529 0.164703175425529 0.14461874961853 0.12453431636095 0.120596282184124 0.122040368616581 0.123484455049038 0.124928548932076 0.126372635364532 0.127816721796989 0.129260808229446 0.137899622321129 0.168122589588165 0.198345541954041 0.228568509221077 0.258791476488113 0.289014428853989 0.319237381219864 0.349460363388062 0.418138295412064 0.499634563922882 0.581130802631378 0.662627100944519 0.744123339653015 0.825619578361511 0.907115876674652 1.01499605178833
0.312205761671066 0.315603107213974 0.319000452756882 0.322397798299789 0.325795143842697 0.329192459583282 0.33258980512619 0.327644854784012 0.319919109344482 0.312193363904953 0.304467618465424 0.296741873025894 0.289016127586365 0.281290382146835 0.270397394895554 0.250002652406693 0.22960789501667 0.209213152527809 0.188818410038948 0.168423652648926 0.148028910160065 0.127634167671204 0.123391345143318 0.124532498419285 0.125673651695251 0.126814812421799 0.127955958247185 0.129097118973732 0.130238279700279 0.139162510633469 0.171435952186584 0.203709408640862 0.235982865095139 0.268256306648254 0.300529778003693 0.332803219556808 0.365076690912247 0.430050432682037 0.50592428445816 0.581798195838928 0.657672047615051 0.733545899391174 0.809419751167297 0.88529360294342 0.984460592269897
0.292093724012375 0.296835541725159 0.301577359437943 0.306319206953049 0.311061024665833 0.315802842378616 0.320544689893723 0.316674470901489 0.309933602809906 0.303192734718323 0.29645186662674 0.289710968732834 0.282970100641251 0.276229232549667 0.266217470169067 0.246393024921417 0.226568579673767 0.206744134426117 0.186919704079628 0.167095258831978 0.147270813584328 0.127446368336678 0.123848408460617 0.125659272074699 0.127470135688782 0.129280999302864 0.131091848015785 0.132902711629868 0.13471357524395 0.145915150642395 0.185288846492767 0.224662557244301 0.264036267995834 0.303409963846207 0.342783659696579 0.382157355546951 0.421531051397324 0.486405968666077 0.55978125333786 0.633156538009644 0.706531822681427 0.77990710735321 0.853282392024994 0.926657676696777 1.01358699798584
0.271981686353683 0.278067976236343 0.284154295921326 0.290240615606308 0.29632693529129 0.30241322517395 0.308499544858932 0.305704116821289 0.29994809627533 0.294192105531693 0.288436084985733 0.282680094242096 0.276924073696136 0.271168082952499 0.262037545442581 0.242783397436142 0.223529264330864 0.204275131225586 0.185020983219147 0.165766850113869 0.146512717008591 0.127258583903313 0.124305471777916 0.126786038279533 0.129266604781151 0.131747171282768 0.134227737784386 0.136708304286003 0.139188885688782 0.152667790651321 0.19914174079895 0.245615690946579 0.292089641094208 0.338563591241837 0.385037541389465 0.431511491537094 0.477985441684723 0.542761504650116 0.61363822221756 0.684514939785004 0.755391657352448 0.826268374919891 0.897145092487335 0.968021810054779 1.04271340370178
0.251869648694992 0.25930044054985 0.266731232404709 0.274162024259567 0.281592816114426 0.289023607969284 0.296454399824142 0.294733762741089 0.289962619543076 0.285191476345062 0.280420333147049 0.275649189949036 0.270878046751022 0.266106933355331 0.257857620716095 0.239173769950867 0.220489948987961 0.201806113123894 0.183122277259827 0.164438456296921 0.145754620432854 0.127070784568787 0.124762535095215 0.127912804484367 0.131063088774681 0.134213358163834 0.137363627552986 0.1405139118433 0.143664181232452 0.159420430660248 0.212994635105133 0.266568839550018 0.320143043994904 0.373717248439789 0.427291423082352 0.480865627527237 0.534439861774445 0.59911698102951 0.667495131492615 0.735873281955719 0.804251432418823 0.872629582881927 0.941007733345032 1.00938582420349 1.07183980941772
0.231757596135139 0.240532875061035 0.249308153986931 0.258083432912827 0.266858726739883 0.275633990764618 0.284409284591675 0.283763378858566 0.279977113008499 0.276190847158432 0.272404581308365 0.268618315458298 0.264832049608231 0.261045753955841 0.253677666187286 0.235564157366753 0.217450633645058 0.199337095022202 0.181223571300507 0.163110047578812 0.144996523857117 0.126883000135422 0.125219598412514 0.129039585590363 0.13285955786705 0.136679545044899 0.140499517321587 0.144319504499435 0.148139476776123 0.166173085570335 0.226847529411316 0.287521988153458 0.348196417093277 0.408870875835419 0.46954533457756 0.530219793319702 0.590894222259521 0.65547251701355 0.721352100372314 0.787231683731079 0.853111207485199 0.918990790843964 0.984870374202728 1.05074989795685 1.10096609592438
0.211645558476448 0.221765324473381 0.231885090470314 0.242004841566086 0.252124607563019 0.262244373559952 0.272364139556885 0.272793024778366 0.269991636276245 0.267190217971802 0.264388829469681 0.261587411165237 0.258786022663116 0.255984604358673 0.249497756361961 0.231954529881477 0.214411303400993 0.196868091821671 0.179324865341187 0.161781638860703 0.14423842728138 0.126695200800896 0.125676661729813 0.130166351795197 0.13465604186058 0.139145717024803 0.143635407090187 0.148125097155571 0.152614787220955 0.172925725579262 0.240700423717499 0.308475106954575 0.376249819993973 0.444024503231049 0.511799216270447 0.579573929309845 0.647348582744598 0.711828052997589 0.775209009647369 0.838590025901794 0.90197104215622 0.965352058410645 1.02873301506042 1.09211409091949 1.13009250164032
