data/working_set_collections/6091692-Cassins_Sparrow-M2/2005/evptrns_avg.asc
NCOLS 265 
NROWS 230 
XLLCORNER -115.5625 
YLLCORNER 24.8333333333333 
CELLSIZE 0.0833333333333333 
NODATA_value -9999 
[rows 180 to 199 of 230, columns 90 to 134 of 265]
13.3748254776001 12.0078058242798 10.6407852172852 9.27376556396484 7.90674591064453 6.53972625732422 5.17270612716675 4.50194883346558 4.0632791519165 3.62460970878601 3.18594002723694 2.74727034568787 2.30860066413879 1.86993086338043 1.51727735996246 1.42267203330994 1.32806670665741 1.23346138000488 1.13885617256165 1.04425084590912 0.949645578861237 0.85504025220871 0.785168468952179 0.723541140556335 0.661913812160492 0.600286543369293 0.53865921497345 0.477031916379929 0.415404587984085 0.36743950843811 0.36046102643013 0.353482574224472 0.346504122018814 0.339525669813156 0.332547187805176 0.325568735599518 0.31859028339386 0.303821057081223 0.286454916000366 0.26908877491951 0.251722633838654 0.234356492757797 0.216990351676941 0.199624210596085 0.182897016406059
14.3384962081909 13.040922164917 11.7433481216431 10.4457750320435 9.14820098876953 7.85062646865845 6.55305242538452 5.76882457733154 5.15571212768555 4.54259967803955 3.92948698997498 3.3163743019104 2.7032618522644 2.09014916419983 1.60476100444794 1.5025463104248 1.40033149719238 1.29811680316925 1.19590210914612 1.0936872959137 0.991472601890564 0.889257848262787 0.817296266555786 0.755419075489044 0.693541884422302 0.631664752960205 0.569787561893463 0.507910370826721 0.446033179759979 0.398275971412659 0.392878741025925 0.387481510639191 0.382084280252457 0.376687049865723 0.371289789676666 0.365892559289932 0.360495328903198 0.344583928585052 0.325167804956436 0.30575168132782 0.286335557699203 0.266919434070587 0.247503310441971 0.228087186813354 0.209586814045906
15.3021678924561 14.0740394592285 12.845911026001 11.6177835464478 10.3896551132202 9.16152763366699 7.93339920043945 7.03570032119751 6.24814510345459 5.46058940887451 4.67303371429443 3.88547849655151 3.09792280197144 2.31036734580994 1.6922447681427 1.58242058753967 1.47259640693665 1.36277222633362 1.25294804573059 1.14312386512756 1.03329968452454 0.923475444316864 0.849424123764038 0.787297070026398 0.725170016288757 0.663042902946472 0.600915849208832 0.538788795471191 0.476661741733551 0.429112434387207 0.425296425819397 0.421480417251587 0.417664438486099 0.413848429918289 0.410032421350479 0.406216412782669 0.402400404214859 0.385346800088882 0.363880693912506 0.34241458773613 0.320948481559753 0.299482375383377 0.278016269207001 0.256550163030624 0.236276611685753
16.2658386230469 15.10715675354 13.9484748840332 12.789792060852 11.6311101913452 10.4724273681641 9.31374549865723 8.30257606506348 7.34057760238647 6.37857913970947 5.41658115386963 4.45458269119263 3.49258399009705 2.53058576583862 1.77972841262817 1.66229486465454 1.54486119747162 1.4274275302887 1.30999398231506 1.19256031513214 1.07512664794922 0.957693040370941 0.881551921367645 0.819175004959106 0.756798088550568 0.694421112537384 0.632044196128845 0.569667279720306 0.507290303707123 0.459948927164078 0.457714140415192 0.455479353666306 0.453244566917419 0.451009809970856 0.44877502322197 0.446540236473083 0.444305449724197 0.426109701395035 0.402593582868576 0.37907749414444 0.355561405420303 0.332045316696167 0.308529227972031 0.285013139247894 0.262966394424438
17.2295093536377 16.1402740478516 15.0510377883911 13.9618005752563 12.8725643157959 11.7833280563354 10.694091796875 9.5694522857666 8.43301105499268 7.29656934738159 6.16012811660767 5.02368640899658 3.88724517822266 2.75080394744873 1.86721217632294 1.74216902256012 1.61712598800659 1.49208295345306 1.36703979969025 1.24199676513672 1.11695373058319 0.991910636425018 0.913679778575897 0.851052939891815 0.788426160812378 0.725799322128296 0.663172543048859 0.600545704364777 0.537918925285339 0.490785390138626 0.490131855010986 0.489478290081024 0.488824725151062 0.488171190023422 0.48751762509346 0.486864060163498 0.486210495233536 0.466872572898865 0.441306501626968 0.41574040055275 0.390174329280853 0.364608258008957 0.339042186737061 0.313476115465164 0.289656192064285
18.1931819915771 17.1733913421631 16.153600692749 15.133810043335 14.1140193939209 13.0942287445068 12.0744380950928 10.8363275527954 9.5254430770874 8.21455955505371 6.9036750793457 5.5927906036377 4.28190660476685 2.97102212905884 1.95469582080841 1.82204329967499 1.68939077854156 1.55673825740814 1.42408573627472 1.2914332151413 1.15878081321716 1.02612829208374 0.945807576179504 0.882930934429169 0.820054233074188 0.757177531719208 0.694300830364227 0.631424188613892 0.568547487258911 0.521621882915497 0.522549569606781 0.52347719669342 0.524404883384705 0.525332570075989 0.526260197162628 0.527187883853912 0.528115570545197 0.507635414600372 0.480019390583038 0.452403336763382 0.424787253141403 0.397171199321747 0.36955514550209 0.341939091682434 0.316345989704132
19.2357635498047 18.3259620666504 17.4161624908447 16.5063629150391 15.5965623855591 14.6867618560791 13.7769613265991 12.4061670303345 10.881706237793 9.35724639892578 7.83278656005859 6.30832624435425 4.78386640548706 3.25940632820129 2.08022356033325 1.93687224388123 1.79352104663849 1.65016973018646 1.50681841373444 1.3634672164917 1.22011590003967 1.07676458358765 0.992034614086151 0.926845073699951 0.861655592918396 0.796466052532196 0.731276512145996 0.666087031364441 0.600897490978241 0.552232801914215 0.553142666816711 0.554052472114563 0.554962337017059 0.555872142314911 0.556782007217407 0.557691812515259 0.558601677417755 0.537500500679016 0.50906229019165 0.480624049901962 0.452185839414597 0.423747628927231 0.395309418439865 0.366871207952499 0.34037634730339
20.3572540283203 19.5979900360107 18.8387241363525 18.0794582366943 17.3201923370361 16.5609264373779 15.801661491394 14.2789688110352 12.5017995834351 10.7246313095093 8.9474630355835 7.1702938079834 5.39312553405762 3.61595678329468 2.24379539489746 2.08665609359741 1.92951655387878 1.77237725257874 1.6152378320694 1.45809841156006 1.30095911026001 1.14381968975067 1.05236089229584 0.982795536518097 0.913230180740356 0.843664884567261 0.774099588394165 0.704534232616425 0.634968936443329 0.582618176937103 0.581911146640778 0.581204056739807 0.580497026443481 0.579789996147156 0.579082906246185 0.57837587594986 0.577668845653534 0.556467652320862 0.528435111045837 0.500402569770813 0.472370058298111 0.444337517023087 0.416305005550385 0.38827246427536 0.361747235059738
21.4787464141846 20.8700160980225 20.2612857818604 19.6525535583496 19.0438232421875 18.4350929260254 17.8263607025146 16.1517696380615 14.1218929290771 12.0920162200928 10.0621385574341 8.03226184844971 6.00238418579102 3.97250699996948 2.40736722946167 2.23643970489502 2.06551218032837 1.89458465576172 1.72365725040436 1.55272972583771 1.38180220127106 1.2108747959137 1.11268711090088 1.03874599933624 0.964804828166962 0.890863716602325 0.816922605037689 0.742981493473053 0.669040381908417 0.613003551959991 0.610679626464844 0.608355641365051 0.606031715869904 0.603707790374756 0.601383864879608 0.59905993938446 0.596735954284668 0.575434863567352 0.547807991504669 0.520181119441986 0.492554277181625 0.464927434921265 0.437300562858582 0.409673720598221 0.383118122816086
22.6002388000488 22.1420421600342 21.6838455200195 21.2256507873535 20.7674541473389 20.3092575073242 19.8510608673096 18.0245723724365 15.7419862747192 13.4594011306763 11.176815032959 8.8942289352417 6.61164331436157 4.32905721664429 2.57093906402588 2.38622331619263 2.20150780677795 2.01679229736328 1.83207666873932 1.64736104011536 1.46264541149139 1.27792990207672 1.17301332950592 1.09469640254974 1.01637947559357 0.93806254863739 0.859745621681213 0.781428694725037 0.703111827373505 0.64338892698288 0.63944810628891 0.63550728559494 0.631566405296326 0.627625584602356 0.623684763908386 0.619743943214417 0.615803122520447 0.594402015209198 0.567180871963501 0.539959669113159 0.512738525867462 0.48551732301712 0.458296149969101 0.431074947118759 0.404489010572433
23.7217311859131 23.4140701293945 23.1064071655273 22.7987461090088 22.4910850524902 22.183422088623 21.8757610321045 19.8973751068115 17.3620796203613 14.8267850875854 12.2914905548096 9.75619602203369 7.22090196609497 4.68560743331909 2.73451066017151 2.53600716590881 2.33750343322754 2.13899970054626 1.94049596786499 1.74199235439301 1.54348862171173 1.34498500823975 1.23333954811096 1.15064680576324 1.06795406341553 0.985261380672455 0.902568697929382 0.819875955581665 0.737183272838593 0.673774302005768 0.668216586112976 0.662658870220184 0.657101154327393 0.651543438434601 0.645985722541809 0.640428006649017 0.634870290756226 0.613369226455688 0.586553692817688 0.559738218784332 0.532922744750977 0.506107211112976 0.479291707277298 0.45247620344162 0.425859898328781
24.8432235717773 24.6860961914062 24.5289688110352 24.3718414306641 24.214714050293 24.0575885772705 23.9004611968994 21.7701759338379 18.9821739196777 16.1941699981689 13.4061670303345 10.6181640625 7.83016109466553 5.0421576499939 2.89808249473572 2.68579077720642 2.47349905967712 2.26120710372925 2.04891538619995 1.83662366867065 1.62433183193207 1.41204011440277 1.293665766716 1.20659720897675 1.11952877044678 1.03246021270752 0.945391714572906 0.858323216438293 0.77125471830368 0.704159677028656 0.696985065937042 0.689810454845428 0.682635843753815 0.675461232662201 0.668286621570587 0.661112010478973 0.65393739938736 0.632336437702179 0.60592657327652 0.579516768455505 0.553106963634491 0.526697099208832 0.500287294387817 0.473877459764481 0.447230815887451
25.3652973175049 25.3140983581543 25.2628993988037 25.2117004394531 25.1605014801025 25.109302520752 25.0581035614014 22.8626956939697 19.9525508880615 17.0424060821533 14.1322622299194 11.2221174240112 8.31197357177734 5.40182876586914 3.16037440299988 2.92498922348022 2.68960404396057 2.45421886444092 2.21883344650269 1.98344838619232 1.74806308746338 1.51267790794373 1.38297939300537 1.28850960731506 1.19403994083405 1.09957027435303 1.00510060787201 0.910630941390991 0.816161215305328 0.742603421211243 0.731781363487244 0.720959305763245 0.710137188434601 0.699315130710602 0.688493072986603 0.677671015262604 0.66684889793396 0.644257605075836 0.617743194103241 0.591228783130646 0.56471437215805 0.538199961185455 0.51168555021286 0.485171139240265 0.458230674266815
25.2879524230957 25.29807472229 25.3081970214844 25.3183212280273 25.3284435272217 25.338565826416 25.3486881256104 23.1749305725098 20.2732124328613 17.3714942932129 14.4697761535645 11.5680570602417 8.66633892059326 5.76462125778198 3.52138638496399 3.25360250473022 2.98581838607788 2.71803450584412 2.45025038719177 2.18246650695801 1.91468250751495 1.6468985080719 1.50128030776978 1.39638411998749 1.29148781299591 1.18659162521362 1.08169531822205 0.976799130439758 0.871902883052826 0.789105653762817 0.772605538368225 0.756105363368988 0.739605247974396 0.723105132579803 0.706605017185211 0.690104901790619 0.673604726791382 0.649132788181305 0.622003495693207 0.594874262809753 0.5677450299263 0.540615797042847 0.513486504554749 0.486357271671295 0.45885956287384
25.2106075286865 25.2820529937744 25.3534965515137 25.4249401092529 25.4963855743408 25.5678291320801 25.639274597168 23.4871654510498 20.5938739776611 17.7005825042725 14.8072891235352 11.9139976501465 9.0207052230835 6.12741327285767 3.8823983669281 3.58221554756165 3.28203296661377 2.98185014724731 2.68166732788086 2.38148474693298 2.08130192756653 1.78111910820007 1.61958134174347 1.50425851345062 1.38893568515778 1.27361297607422 1.15829014778137 1.04296731948853 0.927644491195679 0.835607826709747 0.813429653644562 0.791251480579376 0.769073307514191 0.746895134449005 0.72471696138382 0.702538728713989 0.680360555648804 0.654007971286774 0.626263856887817 0.598519742488861 0.57077568769455 0.543031573295593 0.515287458896637 0.487543404102325 0.459488421678543
25.1332626342773 25.2660293579102 25.398796081543 25.5315608978271 25.66432762146 25.7970924377441 25.929859161377 23.7994022369385 20.9145355224609 18.0296688079834 15.1448030471802 12.259937286377 9.37507152557373 6.49020528793335 4.24341011047363 3.91082882881165 3.57824730873108 3.24566578865051 2.91308426856995 2.58050274848938 2.24792122840881 1.91533970832825 1.73788237571716 1.61213302612305 1.48638355731964 1.36063420772552 1.23488485813141 1.10913550853729 0.983386099338531 0.882109999656677 0.854253768920898 0.82639753818512 0.798541307449341 0.770685076713562 0.742828845977783 0.714972615242004 0.687116384506226 0.658883154392242 0.630524218082428 0.602165281772614 0.573806345462799 0.545447409152985 0.51708847284317 0.488729506731033 0.460117310285568
25.0559177398682 25.2500057220459 25.4440937042236 25.6381816864014 25.8322696685791 26.0263576507568 26.2204456329346 24.1116371154785 21.2351970672607 18.358757019043 15.4823169708252 12.6058769226074 9.72943687438965 6.85299730300903 4.60442209243774 4.23944187164307 3.87446165084839 3.50948143005371 3.14450120925903 2.77952098846436 2.41454076766968 2.04956030845642 1.85618340969086 1.72000741958618 1.58383142948151 1.44765555858612 1.31147956848145 1.17530369758606 1.03912770748138 0.928612232208252 0.89507794380188 0.861543655395508 0.828009366989136 0.794475078582764 0.760940790176392 0.72740650177002 0.693872213363647 0.663758337497711 0.634784519672394 0.605810761451721 0.576837003231049 0.547863185405731 0.518889427185059 0.489915639162064 0.460746169090271
24.978572845459 25.2339839935303 25.4893932342529 25.7448024749756 26.0002117156982 26.2556209564209 26.5110301971436 24.4238719940186 21.5558586120605 18.6878452301025 15.8198308944702 12.9518165588379 10.0838031768799 7.21578931808472 4.96543407440186 4.56805515289307 4.17067623138428 3.77329707145691 3.37591814994812 2.97853899002075 2.58116006851196 2.18378090858459 1.97448432445526 1.82788181304932 1.68127942085266 1.53467690944672 1.38807439804077 1.24147188663483 1.09486937522888 0.975114405155182 0.935902059078217 0.896689713001251 0.857477426528931 0.818265080451965 0.779052734375 0.739840388298035 0.700628042221069 0.66863352060318 0.639044880867004 0.609456241130829 0.579867660999298 0.550279021263123 0.520690381526947 0.491101771593094 0.461375027894974
24.6076049804688 24.9260330200195 25.2444610595703 25.5628871917725 25.8813152313232 26.1997413635254 26.5181694030762 24.5506153106689 21.8210678100586 19.0915184020996 16.3619709014893 13.6324224472046 10.9028749465942 8.17332649230957 5.99830675125122 5.48687124252319 4.97543621063232 4.46400117874146 3.95256614685059 3.44113087654114 2.92969584465027 2.41826057434082 2.16592168807983 1.99994790554047 1.83397424221039 1.66800057888031 1.50202679634094 1.33605313301086 1.17007946968079 1.03440821170807 0.989644229412079 0.944880247116089 0.900116264820099 0.855352282524109 0.810588300228119 0.765824317932129 0.721060335636139 0.685796499252319 0.653699338436127 0.621602237224579 0.589505076408386 0.557407975196838 0.525310814380646 0.493213683366776 0.46156045794487
23.9430141448975 24.3261566162109 24.7092971801758 25.0924377441406 25.4755802154541 25.8587207794189 26.2418632507324 24.4918670654297 22.0308227539062 19.5697803497314 17.1087379455566 14.6476945877075 12.1866512298584 9.72560882568359 7.70303916931152 6.9958906173706 6.28874206542969 5.58159351348877 4.87444496154785 4.16729640960693 3.4601480960846 2.75299954414368 2.430495262146 2.23620557785034 2.04191613197327 1.8476265668869 1.65333700180054 1.45904755592346 1.2647579908371 1.10649359226227 1.05630433559418 1.00611519813538 0.955925941467285 0.905736744403839 0.855547547340393 0.805358290672302 0.755169093608856 0.715247333049774 0.67874801158905 0.642248690128326 0.605749368667603 0.569250047206879 0.532750725746155 0.496251434087753 0.461302399635315
