data/working_set_collections/6091692-Cassins_Sparrow-M2/2005/evptrns_avg.asc
NCOLS 265 
NROWS 230 
XLLCORNER -115.5625 
YLLCORNER 24.8333333333333 
CELLSIZE 0.0833333333333333 
NODATA_value -9999 
[rows 160 to 179 of 230, columns 0 to 44 of 265]
0.313911855220795 0.278192132711411 0.242472425103188 0.206752717494965 0.171033024787903 0.13531331717968 0.0995936021208763 0.0833063945174217 0.0734966844320297 0.0636869668960571 0.0538772605359554 0.0440675467252731 -9999 -9999 -9999 -9999 -9999 -9999 -9999 -9999 -9999 -9999 -9999 -9999 -9999 -9999 -9999 -9999 -9999 -9999 0.0221817288547754 0.0284302849322557 0.0346788391470909 0.0409273952245712 0.0471759475767612 0.0534245036542416 0.0596730597317219 0.0772543400526047 0.0986131951212883 0.119972057640553 0.141330912709236 0.1626897752285 0.184048622846603 0.205407485365868 0.231860622763634
0.305962085723877 0.271357864141464 0.236753642559052 0.202149420976639 0.167545184493065 0.132940962910652 0.0983367338776588 0.082444578409195 0.0727897733449936 0.0631349682807922 0.0534801632165909 0.0438253581523895 -9999 -9999 -9999 -9999 -9999 -9999 -9999 -9999 -9999 -9999 -9999 -9999 -9999 -9999 -9999 -9999 -9999 -9999 -9999 0.0270251724869013 0.0336809381842613 0.0403367057442665 0.0469924695789814 0.0536482334136963 0.0603040009737015 0.0777839943766594 0.0988720580935478 0.119960121810436 0.141048192977905 0.162136256694794 0.183224320411682 0.204312384128571 0.229523226618767
0.297522276639938 0.264481544494629 0.231440827250481 0.198400110006332 0.165359392762184 0.132318675518036 0.0992779657244682 0.0838001891970634 0.074176736176014 0.0645532831549644 0.0549298226833344 0.0453063696622849 -9999 -9999 -9999 -9999 -9999 -9999 -9999 -9999 -9999 -9999 -9999 -9999 -9999 -9999 -9999 -9999 -9999 -9999 -9999 -9999 0.0323789343237877 0.0390544570982456 0.0457299835979939 0.0524055100977421 0.0590810328722 0.0772933587431908 0.0993512868881226 0.121409207582474 0.143467128276825 0.165525063872337 0.187582984566689 0.20964090526104 0.235149741172791
0.288592338562012 0.257563173770905 0.226533994078636 0.195504814386368 0.164475634694099 0.133446455001831 0.102417282760143 0.0873732417821884 0.0776575729250908 0.0679419115185738 0.0582262426614761 0.0485105775296688 -9999 -9999 -9999 -9999 -9999 -9999 -9999 -9999 -9999 -9999 -9999 -9999 -9999 -9999 -9999 -9999 -9999 -9999 -9999 -9999 0.0307728257030249 0.0370806604623795 0.0433884933590889 0.049696322530508 0.0560041554272175 0.0757824406027794 0.100050881505013 0.124319314956665 0.148587748408318 0.17285618185997 0.197124630212784 0.221393063664436 0.248740136623383
0.279662430286407 0.25064480304718 0.221627160906792 0.192609518766403 0.163591876626015 0.134574249386787 0.105556607246399 0.0909462869167328 0.0811384096741676 0.0713305398821831 0.0615226589143276 0.0517147853970528 -9999 -9999 -9999 -9999 -9999 -9999 -9999 -9999 -9999 -9999 -9999 -9999 -9999 -9999 -9999 -9999 -9999 -9999 -9999 -9999 0.0291667189449072 0.035106860101223 0.0410469993948936 0.0469871386885643 0.0529272817075253 0.074271522462368 0.100750476121902 0.127229422330856 0.15370836853981 0.180187314748764 0.206666260957718 0.233145207166672 0.262330532073975
0.270732522010803 0.243726417422295 0.216720327734947 0.189714223146439 0.16270811855793 0.135702028870583 0.108695924282074 0.0945193320512772 0.0846192464232445 0.0747191607952118 0.0648190751671791 0.0549189932644367 -9999 -9999 -9999 -9999 -9999 -9999 -9999 -9999 -9999 -9999 -9999 -9999 -9999 -9999 -9999 -9999 -9999 -9999 -9999 -9999 0.0275606121867895 0.0331330597400665 0.0387055091559887 0.0442779548466206 0.0498504042625427 0.0727606117725372 0.101450070738792 0.130139529705048 0.158828988671303 0.187518447637558 0.216207906603813 0.244897365570068 0.275920957326889
0.261802613735199 0.23680804669857 0.211813479661942 0.186818927526474 0.161824360489845 0.136829808354378 0.11183524876833 0.0980923846364021 0.0881000906229019 0.0781077891588211 0.0681154951453209 0.0581232011318207 -9999 -9999 -9999 -9999 -9999 -9999 -9999 -9999 -9999 -9999 -9999 -9999 -9999 -9999 -9999 -9999 -9999 -9999 -9999 -9999 0.0259545035660267 0.0311592593789101 0.0363640151917934 0.0415687710046768 0.0467735268175602 0.0712496936321259 0.102149665355682 0.133049637079239 0.163949608802795 0.194849580526352 0.225749537348747 0.256649523973465 0.289511352777481
0.252872675657272 0.229889661073685 0.206906646490097 0.183923631906509 0.160940602421761 0.137957587838173 0.114974565804005 0.101665429770947 0.0915809273719788 0.0814964175224304 0.0714119151234627 0.0613274089992046 -9999 -9999 -9999 -9999 -9999 -9999 -9999 -9999 -9999 -9999 -9999 -9999 -9999 -9999 -9999 -9999 -9999 -9999 -9999 -9999 -9999 0.0291854590177536 0.0340225249528885 0.0388595871627331 0.0436966493725777 0.0697387754917145 0.102849259972572 0.13595974445343 0.169070214033127 0.202180698513985 0.235291182994843 0.268401652574539 0.303101748228073
0.231134027242661 0.211275950074196 0.191417872905731 0.171559795737267 0.151701733469963 0.131843656301498 0.111985586583614 0.0998118817806244 0.0901996418833733 0.0805873945355415 0.0709751546382904 0.061362911015749 0.0517506673932076 0.0421384237706661 -9999 -9999 -9999 -9999 -9999 -9999 -9999 -9999 -9999 -9999 -9999 -9999 -9999 -9999 -9999 -9999 -9999 -9999 -9999 -9999 0.0311534814536572 0.0353992991149426 0.039645116776228 0.0669973567128181 0.102051727473736 0.137106105685234 0.172160476446152 0.207214847207069 0.242269232869148 0.277323603630066 0.313393115997314
0.196586593985558 0.180966883897781 0.165347158908844 0.149727448821068 0.134107738733292 0.118488013744354 0.102868296205997 0.0925317406654358 0.0839562341570854 0.0753807201981544 0.0668052136898041 0.0582297071814537 0.0496542006731033 0.0410786904394627 0.0340858958661556 -9999 -9999 -9999 -9999 -9999 -9999 -9999 -9999 -9999 -9999 -9999 -9999 -9999 -9999 -9999 -9999 -9999 -9999 -9999 -9999 0.0311879087239504 0.034618929028511 0.0630254223942757 0.0997570753097534 0.136488720774651 0.173220381140709 0.209952026605606 0.246683686971664 0.2834153175354 0.320385426282883
0.162039175629616 0.150657817721367 0.139276459813118 0.127895101904869 0.11651373654604 0.105132378637791 0.0937510132789612 0.0852515920996666 0.077712818980217 0.0701740458607674 0.0626352727413177 0.0550965033471584 0.0475577302277088 0.0400189571082592 0.0338461212813854 0.0317710936069489 0.0296960677951574 -9999 -9999 -9999 -9999 -9999 -9999 -9999 -9999 -9999 -9999 -9999 -9999 -9999 -9999 -9999 -9999 -9999 -9999 0.0269765164703131 0.0295927375555038 0.0590534880757332 0.0974624156951904 0.135871350765228 0.174280270934105 0.212689206004143 0.251098126173019 0.289507061243057 0.327377736568451
0.127491757273674 0.120348751544952 0.113205745816231 0.10606274753809 0.0989197418093681 0.0917767360806465 0.0846337303519249 0.077971450984478 0.0714694112539291 0.0649673789739609 0.058465339243412 0.0519632995128632 0.0454612597823143 0.0389592237770557 0.0336063466966152 0.0317009463906288 0.0297955498099327 0.0278901513665915 -9999 -9999 -9999 -9999 -9999 -9999 -9999 -9999 -9999 -9999 -9999 -9999 -9999 -9999 -9999 -9999 -9999 -9999 0.0245665479451418 0.055081557482481 0.095167763531208 0.135253965854645 0.175340175628662 0.215426370501518 0.255512595176697 0.295598775148392 0.334370046854019
-9999 0.0900396853685379 0.0871350392699242 0.0842303931713104 0.0813257470726967 0.0784210935235023 0.0755164474248886 0.0706913098692894 0.0652260035276413 0.0597607009112835 0.0542953982949257 0.0488300956785679 0.0433647930622101 0.0378994904458523 0.0333665683865547 0.0316307991743088 0.0298950299620628 0.0281592607498169 0.026423491537571 0.0246877204626799 -9999 -9999 -9999 -9999 -9999 -9999 -9999 -9999 -9999 -9999 -9999 -9999 -9999 -9999 -9999 -9999 0.0195403583347797 0.0511096268892288 0.092873103916645 0.134636580944061 0.176400065422058 0.218163549900055 0.259927034378052 0.301690518856049 0.341362357139587
-9999 -9999 -9999 0.0623980388045311 0.0637317448854446 0.0650654584169388 0.0663991644978523 0.0634111613035202 0.0589825958013535 0.0545540265738964 0.0501254610717297 0.0456968918442726 0.0412683226168156 0.0368397533893585 0.0331267938017845 0.0315606519579887 0.029994510114193 0.0284283682703972 0.0268622282892466 0.0252960864454508 0.023729944601655 -9999 -9999 0.0197880417108536 0.0186541974544525 0.0175203531980515 -9999 -9999 -9999 -9999 -9999 -9999 -9999 -9999 -9999 -9999 0.0145141687244177 0.0471376925706863 0.0905784517526627 0.134019210934639 0.177459970116615 0.220900729298592 0.264341473579407 0.307782232761383 0.348354667425156
-9999 -9999 -9999 -9999 0.0527176447212696 0.0560425892472267 0.0593675300478935 0.0575240142643452 0.0539576821029186 0.0503913462162018 0.0468250103294849 0.0432586781680584 0.0396923422813416 0.0361260063946247 0.0331131517887115 0.0317607335746288 0.0304083172231913 0.0290558990091085 0.027703482657671 0.0263510644435883 0.0249986480921507 -9999 -9999 0.0213564485311508 0.0202412065118551 0.0191259626299143 0.0180107187479734 -9999 -9999 -9999 -9999 -9999 -9999 -9999 -9999 -9999 -9999 0.0441450849175453 0.0874082967638969 0.130671516060829 0.173934727907181 0.217197939753532 0.260461151599884 0.303724348545074 0.344205677509308
-9999 -9999 -9999 -9999 -9999 -9999 -9999 0.0530298613011837 0.0501512587070465 0.0472726561129093 0.0443940535187721 0.0415154509246349 0.0386368483304977 0.0357582457363605 0.0333256460726261 0.0322310477495193 0.0311364494264126 0.030041852965951 0.0289472546428442 0.0278526563197374 0.0267580598592758 0.0256634615361691 0.0245921723544598 0.0235286541283131 0.0224651359021664 0.0214016176760197 0.0203380975872278 0.0192745793610811 0.0182110611349344 -9999 -9999 -9999 -9999 -9999 -9999 -9999 -9999 -9999 0.0833626464009285 0.124593496322632 0.165824338793755 0.207055181264877 0.248286023736 0.289516866207123 0.328915417194366
-9999 -9999 -9999 -9999 -9999 -9999 -9999 -9999 0.0463448353111744 0.0441539660096169 0.0419630967080593 0.0397722274065018 0.0375813543796539 0.0353904850780964 0.0335381366312504 0.0327013619244099 0.031864583492279 0.0310278050601482 0.0301910266280174 0.0293542481958866 0.028517471626401 0.0276806931942701 0.0267126522958279 0.0257008597254753 -9999 0.0236772708594799 0.0226654764264822 0.0216536838561296 0.0206418894231319 0.0195775981992483 -9999 -9999 -9999 -9999 -9999 -9999 -9999 0.0401185192167759 0.07931699603796 0.118515476584435 0.157713949680328 0.196912437677383 0.236110910773277 0.275309383869171 0.313625156879425
-9999 -9999 -9999 -9999 -9999 -9999 -9999 -9999 -9999 0.0410352759063244 0.0395321398973465 0.0380290001630783 0.0365258641541004 0.0350227244198322 0.033750630915165 0.0331716723740101 0.0325927138328552 0.0320137552917004 0.0314348004758358 0.0308558400720358 0.0302768833935261 0.0296979248523712 0.0288331340998411 0.0278730634599924 -9999 -9999 0.0249928571283817 0.024032786488533 0.0230727177113295 0.0219485983252525 -9999 -9999 -9999 -9999 -9999 -9999 0.0106347184628248 0.038105234503746 0.0752713456749916 0.112437456846237 0.149603575468063 0.186769679188728 0.223935797810555 0.261101901531219 0.298334866762161
-9999 -9999 -9999 -9999 -9999 -9999 -9999 -9999 -9999 -9999 -9999 0.0362857766449451 0.0354703702032566 0.0346549637615681 0.0339631251990795 0.0336419865489006 0.0333208478987217 0.0329997092485428 0.0326785705983639 0.032357431948185 0.0320362932980061 0.0317151546478271 0.0309536140412092 0.0300452690571547 -9999 -9999 -9999 0.0264118909835815 0.025503545999527 -9999 -9999 -9999 -9999 -9999 -9999 0.0122550847008824 0.0102443313226104 0.0360919497907162 0.0712256953120232 0.10635943710804 0.141493186354637 0.176626920700073 0.211760669946671 0.246894419193268 0.28304460644722
-9999 -9999 -9999 -9999 -9999 -9999 -9999 -9999 -9999 -9999 -9999 -9999 0.0344148762524128 0.0342872031033039 0.0341756157577038 0.0341123007237911 0.0340489819645882 0.0339856632053852 0.0339223444461823 0.0338590256869793 0.0337957069277763 0.0337323881685734 0.0330740921199322 0.0322174727916718 0.0313608534634113 0.0305042341351509 -9999 -9999 -9999 -9999 -9999 -9999 -9999 -9999 -9999 0.0122591806575656 0.00985394418239594 0.0340786688029766 0.0671800449490547 0.100281424820423 -9999 0.166484177112579 0.199585556983948 0.232686921954155 0.267754316329956
