data/working_set_collections/6091692-Cassins_Sparrow-M2/2005/ghland_avg.asc
NCOLS 265 
NROWS 230 
XLLCORNER -115.5625 
YLLCORNER 24.8333333333333 
CELLSIZE 0.0833333333333333 
NODATA_value -9999 
[rows 0 to 18 of 230, columns 0 to 41 of 265]
-0.087649516761303 -0.0966342613101006 -0.105619005858898 -0.114603757858276 -0.123588502407074 -0.132573246955872 -0.141557991504669 -0.150999456644058 -0.160593152046204 -0.170186847448349 -0.179780542850494 -0.18937423825264 -0.198967933654785 -0.208561629056931 -0.214734926819801 -0.210647061467171 -0.20655919611454 -0.20247133076191 -0.19838348031044 -0.194295614957809 -0.190207749605179 -0.186119884252548 -0.180892035365105 -0.175284191966057 -0.169676348567009 -0.1640684902668 -0.158460646867752 -0.152852803468704 -0.147244960069656 -0.144283041357994 -0.149258896708488 -0.154234752058983 -0.159210607409477 -0.164186462759972 -0.169162318110466 -0.17413817346096 -0.179114028811455 -0.184995234012604 -0.191178217530251 -0.197361201047897 -0.203544169664383 -0.20972715318203
-0.100929163396358 -0.111082628369331 -0.121236093342304 -0.131389558315277 -0.141543030738831 -0.151696488261223 -0.161849960684776 -0.168830960988998 -0.174754485487938 -0.180677995085716 -0.186601519584656 -0.192525029182434 -0.198448553681374 -0.204372078180313 -0.207680553197861 -0.203143909573555 -0.19860728085041 -0.194070637226105 -0.189533993601799 -0.184997364878654 -0.180460721254349 -0.175924077630043 -0.170570582151413 -0.164944782853127 -0.159318998456001 -0.153693199157715 -0.148067399859428 -0.142441615462303 -0.136815816164017 -0.13373489677906 -0.138288617134094 -0.142842322587967 -0.147396042943001 -0.151949748396873 -0.156503468751907 -0.16105717420578 -0.165610894560814 -0.170782282948494 -0.176159560680389 -0.181536838412285 -0.186914131045341 -0.192291408777237
-0.114208810031414 -0.125531002879143 -0.136853188276291 -0.148175358772278 -0.159497544169426 -0.170819729566574 -0.182141914963722 -0.186662465333939 -0.188915804028511 -0.191169157624245 -0.193422496318817 -0.19567583501339 -0.197929173707962 -0.200182527303696 -0.20062617957592 -0.195640757679939 -0.19065535068512 -0.185669928789139 -0.180684521794319 -0.1756991147995 -0.170713692903519 -0.165728285908699 -0.160249128937721 -0.154605388641357 -0.148961648344994 -0.14331790804863 -0.137674167752266 -0.132030427455902 -0.126386687159538 -0.123186774551868 -0.1273183375597 -0.131449908018112 -0.135581478476524 -0.139713048934937 -0.143844619393349 -0.1479761749506 -0.152107745409012 -0.156569331884384 -0.161140918731689 -0.165712490677834 -0.170284077525139 -0.174855664372444
-0.12748846411705 -0.139979362487793 -0.152470260858536 -0.16496117413044 -0.177452072501183 -0.189942970871925 -0.202433884143829 -0.20449398458004 -0.203077137470245 -0.201660305261612 -0.200243473052979 -0.198826640844345 -0.197409808635712 -0.195992976427078 -0.193571791052818 -0.188137605786324 -0.182703420519829 -0.177269235253334 -0.171835049986839 -0.166400864720345 -0.160966664552689 -0.155532479286194 -0.14992767572403 -0.144265979528427 -0.138604298233986 -0.132942602038383 -0.127280920743942 -0.121619239449501 -0.115957550704479 -0.112638637423515 -0.116348065435886 -0.120057485997677 -0.123766914010048 -0.127476334571838 -0.131185755133629 -0.134895175695419 -0.138604611158371 -0.142356380820274 -0.146122261881828 -0.149888142943382 -0.153654038906097 -0.157419919967651
-0.140768110752106 -0.154427736997604 -0.168087348341942 -0.18174697458744 -0.195406600832939 -0.209066212177277 -0.222725838422775 -0.22232548892498 -0.21723847091198 -0.21215146780014 -0.20706444978714 -0.201977446675301 -0.1968904286623 -0.191803425550461 -0.186517417430878 -0.180634453892708 -0.174751490354538 -0.168868526816368 -0.162985563278198 -0.157102599740028 -0.151219636201859 -0.145336672663689 -0.139606207609177 -0.133926585316658 -0.128246948122978 -0.122567310929298 -0.116887681186199 -0.111208043992519 -0.10552841424942 -0.102090507745743 -0.105377785861492 -0.108665063977242 -0.111952349543571 -0.115239627659321 -0.11852690577507 -0.12181418389082 -0.125101462006569 -0.128143429756165 -0.131103619933128 -0.134063795208931 -0.137023985385895 -0.139984175562859
-0.154047757387161 -0.168876096606255 -0.183704435825348 -0.198532775044441 -0.213361114263535 -0.228189453482628 -0.243017807602882 -0.24015699326992 -0.231399804353714 -0.222642615437508 -0.213885426521301 -0.205128252506256 -0.19637106359005 -0.187613874673843 -0.179463043808937 -0.173131301999092 -0.166799575090408 -0.160467833280563 -0.154136091470718 -0.147804349660873 -0.14147262275219 -0.135140880942345 -0.129284754395485 -0.123587176203728 -0.117889598011971 -0.112192019820213 -0.106494441628456 -0.100796855986118 -0.0950992777943611 -0.0915423780679703 -0.0944075137376785 -0.0972726494073868 -0.100137777626514 -0.103002913296223 -0.105868048965931 -0.108733184635639 -0.111598320305347 -0.113930471241474 -0.116084963083267 -0.11823945492506 -0.120393939316273 -0.122548431158066
-0.158842131495476 -0.172581389546394 -0.186320647597313 -0.200059905648232 -0.21379916369915 -0.227538421750069 -0.241277679800987 -0.237288028001785 -0.227388739585876 -0.217489451169968 -0.207590162754059 -0.19769087433815 -0.187791585922241 -0.177892297506332 -0.168916508555412 -0.162711188197136 -0.156505852937698 -0.150300532579422 -0.144095212221146 -0.137889891862869 -0.131684556603432 -0.125479236245155 -0.120595321059227 -0.116151876747608 -0.111708432435989 -0.107264988124371 -0.102821543812752 -0.098378099501133 -0.0939346551895142 -0.0910316184163094 -0.0927498266100883 -0.0944680348038673 -0.0961862355470657 -0.0979044437408447 -0.0996226444840431 -0.101340852677822 -0.103059060871601 -0.104765690863132 -0.106468468904495 -0.108171239495277 -0.10987401753664 -0.111576788127422
-0.155151218175888 -0.165543586015701 -0.175935968756676 -0.18632835149765 -0.196720734238625 -0.207113102078438 -0.217505484819412 -0.213718593120575 -0.205205291509628 -0.19669197499752 -0.188178658485413 -0.179665341973305 -0.171152025461197 -0.16263872385025 -0.154877811670303 -0.149374082684517 -0.143870368599892 -0.138366639614105 -0.13286292552948 -0.127359196543694 -0.121855482459068 -0.116351760923862 -0.113537907600403 -0.111620679497719 -0.109703451395035 -0.107786223292351 -0.105868995189667 -0.103951767086983 -0.102034538984299 -0.100558243691921 -0.100404731929302 -0.100251227617264 -0.100097715854645 -0.0999442040920258 -0.0997906997799873 -0.0996371880173683 -0.0994836762547493 -0.100649081170559 -0.102254122495651 -0.103859163820744 -0.105464205145836 -0.107069246470928
-0.1514603048563 -0.158505797386169 -0.1655513048172 -0.172596797347069 -0.179642289876938 -0.186687797307968 -0.193733289837837 -0.190149158239365 -0.183021828532219 -0.175894483923912 -0.168767154216766 -0.161639809608459 -0.154512479901314 -0.147385135293007 -0.140839099884033 -0.136036992073059 -0.131234869360924 -0.126432746648788 -0.121630638837814 -0.116828516125679 -0.112026400864124 -0.10722428560257 -0.106480494141579 -0.10708948969841 -0.107698477804661 -0.108307465910912 -0.108916454017162 -0.109525442123413 -0.110134430229664 -0.110084861516953 -0.108059637248516 -0.10603442043066 -0.104009196162224 -0.101983971893787 -0.099958747625351 -0.0979335233569145 -0.0959082990884781 -0.0965324714779854 -0.0980397835373878 -0.0995470881462097 -0.101054400205612 -0.102561704814434
-0.147769391536713 -0.151468008756638 -0.155166625976562 -0.158865243196487 -0.162563860416412 -0.166262477636337 -0.169961094856262 -0.166579723358154 -0.16083836555481 -0.155097007751465 -0.149355635046959 -0.143614277243614 -0.137872919440269 -0.132131546735764 -0.126800402998924 -0.12269988656044 -0.118599377572536 -0.114498861134052 -0.110398344695568 -0.106297835707664 -0.10219731926918 -0.0980968102812767 -0.0994230806827545 -0.102558292448521 -0.105693496763706 -0.108828701078892 -0.111963905394077 -0.115099109709263 -0.118234314024448 -0.119611486792564 -0.115714550018311 -0.111817613244057 -0.107920669019222 -0.104023732244968 -0.100126795470715 -0.0962298586964607 -0.0923329219222069 -0.0924158692359924 -0.0938254445791245 -0.0952350199222565 -0.0966445952653885 -0.0980541706085205
-0.144078478217125 -0.144430220127106 -0.144781947135925 -0.145133689045906 -0.145485430955887 -0.145837157964706 -0.146188899874687 -0.143010288476944 -0.1386549025774 -0.134299516677856 -0.129944130778313 -0.125588744878769 -0.121233358979225 -0.116877965629101 -0.112761698663235 -0.109362788498402 -0.105963878333569 -0.102564968168736 -0.0991660580039024 -0.0957671478390694 -0.0923682376742363 -0.0889693275094032 -0.0923656672239304 -0.0980270951986313 -0.103688515722752 -0.109349936246872 -0.115011356770992 -0.120672784745693 -0.126334205269814 -0.129138112068176 -0.123369455337524 -0.117600806057453 -0.111832149326801 -0.10606350004673 -0.100294843316078 -0.0945261940360069 -0.0887575373053551 -0.0882992595434189 -0.0896110981702805 -0.0909229442477226 -0.0922347828745842 -0.0935466289520264
-0.140387564897537 -0.137392416596413 -0.134397283196449 -0.131402134895325 -0.1284069865942 -0.125411853194237 -0.122416704893112 -0.119440861046314 -0.116471447050571 -0.113502033054829 -0.110532619059086 -0.107563212513924 -0.104593798518181 -0.101624384522438 -0.0987230017781258 -0.0960256904363632 -0.0933283865451813 -0.0906310826539993 -0.0879337713122368 -0.0852364674210548 -0.0825391635298729 -0.0798418521881104 -0.0853082537651062 -0.0934958979487419 -0.101683534681797 -0.109871171414852 -0.118058815598488 -0.126246452331543 -0.134434089064598 -0.138664722442627 -0.131024360656738 -0.12338399887085 -0.11574362963438 -0.108103260397911 -0.100462891161442 -0.0928225293755531 -0.0851821601390839 -0.0841826498508453 -0.0853967592120171 -0.0866108685731888 -0.0878249779343605 -0.0890390872955322
-0.136886045336723 -0.132457822561264 -0.128029599785805 -0.123601369559765 -0.119173146784306 -0.114744924008846 -0.110316701233387 -0.107358306646347 -0.10488985478878 -0.102421402931213 -0.0999529585242271 -0.0974845066666603 -0.0950160548090935 -0.0925476029515266 -0.0902468636631966 -0.0884492620825768 -0.0866516605019569 -0.0848540589213371 -0.0830564573407173 -0.0812588557600975 -0.0794612541794777 -0.0776636525988579 -0.0844339206814766 -0.0940601527690887 -0.10368637740612 -0.113312609493732 -0.122938841581345 -0.132565066218376 -0.142191290855408 -0.147396802902222 -0.139340132474899 -0.131283462047577 -0.123226791620255 -0.115170121192932 -0.10711345821619 -0.099056787788868 -0.0910001173615456 -0.0897705033421516 -0.0908165723085403 -0.091862641274929 -0.0929087102413177 -0.0939547792077065
-0.133573904633522 -0.129626393318176 -0.125678896903992 -0.121731393039227 -0.117783896625042 -0.113836392760277 -0.109888888895512 -0.106762640178204 -0.103910140693188 -0.101057633757591 -0.0982051342725754 -0.0953526347875595 -0.092500127851963 -0.0896476283669472 -0.0873332992196083 -0.0866335034370422 -0.0859337076544762 -0.0852339118719101 -0.084534116089344 -0.083834320306778 -0.0831345245242119 -0.0824347287416458 -0.0897426679730415 -0.0997198596596718 -0.109697051346302 -0.119674243032932 -0.129651442170143 -0.139628633856773 -0.149605825543404 -0.155334323644638 -0.148316770792007 -0.141299203038216 -0.134281650185585 -0.127264082431793 -0.120246529579163 -0.113228969275951 -0.10621140897274 -0.105062812566757 -0.10587053745985 -0.106678254902363 -0.107485979795456 -0.108293704688549
-0.130261763930321 -0.12679497897625 -0.123328201472759 -0.119861423969269 -0.116394639015198 -0.112927861511707 -0.109461084008217 -0.10616697371006 -0.102930419147015 -0.0996938645839691 -0.0964573100209236 -0.0932207554578781 -0.0899842008948326 -0.0867476463317871 -0.08441973477602 -0.0848177447915077 -0.0852157548069954 -0.0856137648224831 -0.0860117748379707 -0.0864097774028778 -0.0868077874183655 -0.0872057974338531 -0.0950514152646065 -0.105379566550255 -0.115707725286484 -0.126035884022713 -0.13636402785778 -0.146692186594009 -0.157020345330238 -0.163271844387054 -0.157293394207954 -0.151314944028854 -0.145336493849754 -0.139358043670654 -0.133379608392715 -0.127401158213615 -0.121422700583935 -0.120355121791363 -0.12092450261116 -0.121493875980377 -0.122063249349594 -0.122632622718811
-0.126949623227119 -0.123963557183743 -0.120977506041527 -0.11799144744873 -0.115005388855934 -0.112019330263138 -0.109033271670341 -0.105571307241917 -0.101950697600842 -0.098330095410347 -0.0947094857692719 -0.0910888835787773 -0.0874682739377022 -0.0838476717472076 -0.0815061703324318 -0.0830019861459732 -0.0844978019595146 -0.0859936103224754 -0.0874894261360168 -0.0889852419495583 -0.0904810577630997 -0.0919768735766411 -0.100360162556171 -0.111039280891418 -0.121718399226665 -0.132397517561913 -0.143076628446579 -0.153755739331245 -0.164434865117073 -0.171209365129471 -0.166270032525063 -0.161330685019493 -0.156391352415085 -0.151452004909515 -0.146512672305107 -0.141573339700699 -0.136633992195129 -0.135647431015968 -0.13597846031189 -0.136309489607811 -0.136640518903732 -0.136971548199654
-0.123637475073338 -0.121132142841816 -0.118626803159714 -0.116121470928192 -0.113616138696671 -0.111110799014568 -0.108605466783047 -0.104975640773773 -0.100970983505249 -0.0969663262367249 -0.0929616689682007 -0.0889570116996765 -0.0849523544311523 -0.0809476971626282 -0.0785926058888435 -0.0811862275004387 -0.0837798416614532 -0.0863734632730484 -0.0889670848846436 -0.0915607064962387 -0.0941543281078339 -0.0967479422688484 -0.105668909847736 -0.116698987782001 -0.127729073166847 -0.138759151101112 -0.149789229035378 -0.160819306969643 -0.171849384903908 -0.179146885871887 -0.17524665594101 -0.171346426010132 -0.167446196079254 -0.163545981049538 -0.15964575111866 -0.155745521187782 -0.151845291256905 -0.150939747691154 -0.15103243291378 -0.151125103235245 -0.15121778845787 -0.151310473680496
-0.120325334370136 -0.118300721049309 -0.116276107728481 -0.114251494407654 -0.112226881086826 -0.110202267765999 -0.108177654445171 -0.10437997430563 -0.0999912619590759 -0.0956025496125221 -0.0912138447165489 -0.0868251323699951 -0.0824364274740219 -0.0780477151274681 -0.0756790414452553 -0.0793704688549042 -0.0830618888139725 -0.0867533162236214 -0.0904447436332703 -0.0941361635923386 -0.0978275910019875 -0.101519018411636 -0.110977657139301 -0.122358694672585 -0.133739739656448 -0.145120784640312 -0.156501829624176 -0.167882859706879 -0.179263904690742 -0.187084406614304 -0.184223294258118 -0.181362167000771 -0.178501054644585 -0.175639942288399 -0.172778815031052 -0.169917702674866 -0.16705659031868 -0.166232049465179 -0.16608639061451 -0.16594073176384 -0.165795058012009 -0.165649399161339
-0.128036335110664 -0.125892221927643 -0.123748101294041 -0.121603980660439 -0.119459860026836 -0.117315746843815 -0.115171626210213 -0.111247807741165 -0.106730759143829 -0.102213710546494 -0.0976966619491577 -0.0931796133518219 -0.0886625647544861 -0.0841455161571503 -0.0818406790494919 -0.0861724838614464 -0.0905042961239815 -0.094836100935936 -0.0991679057478905 -0.103499718010426 -0.10783152282238 -0.112163327634335 -0.120933040976524 -0.131182059645653 -0.141431078314781 -0.15168009698391 -0.161929100751877 -0.172178119421005 -0.182427138090134 -0.189295217394829 -0.186020478606224 -0.182745754718781 -0.179471015930176 -0.176196292042732 -0.172921553254128 -0.169646829366684 -0.166372090578079 -0.165970340371132 -0.16652624309063 -0.167082160711288 -0.167638063430786 -0.168193966150284
