data/working_set_collections/6091692-Cassins_Sparrow-M2/2005/ghland_avg.asc
NCOLS 265 
NROWS 230 
XLLCORNER -115.5625 
YLLCORNER 24.8333333333333 
CELLSIZE 0.0833333333333333 
NODATA_value -9999 
[rows 95 to 113 of 230, columns 84 to 125 of 265]
-0.0713602006435394 -0.0709838420152664 -0.070607490837574 -0.0702311396598816 -0.0698547884821892 -0.0669359639286995 -0.0563897229731083 -0.0458434820175171 -0.0352972447872162 -0.024751003831625 -0.0142047638073564 -0.00365852355025709 0.0068877162411809 0.00710682291537523 0.00388355227187276 0.000660281570162624 -0.00256298924796283 -0.00578626012429595 -0.00900953076779842 -0.0122328018769622 -0.0144210932776332 -0.0135044502094388 -0.0125878062099218 -0.0116711622104049 -0.0107545182108879 -0.00983787421137094 -0.00892123021185398 -0.00800458714365959 -0.0120268668979406 -0.0176954567432404 -0.0233640447258949 -0.0290326345711946 -0.0347012206912041 -0.0403698123991489 -0.0460384003818035 -0.0477259233593941 -0.0374702587723732 -0.0272145923227072 -0.0169589277356863 -0.00670326082035899 0.00355240516364574 0.0138080716133118
-0.0804028809070587 -0.0797019973397255 -0.0790011212229729 -0.0783002451062202 -0.0775993689894676 -0.074821799993515 -0.0658141523599625 -0.0568065047264099 -0.0477988570928574 -0.0387912131845951 -0.0297835655510426 -0.0207759197801352 -0.0117682730779052 -0.0107079781591892 -0.012296799570322 -0.0138856219127774 -0.0154744442552328 -0.0170632656663656 -0.0186520889401436 -0.0202409103512764 -0.0210452917963266 -0.0194963533431292 -0.0179474148899317 -0.0163984764367342 -0.0148495389148593 -0.0133006004616618 -0.0117516620084643 -0.0102027235552669 -0.0140419648960233 -0.0196772664785385 -0.0253125671297312 -0.0309478677809238 -0.0365831702947617 -0.0422184728085995 -0.047853771597147 -0.0493485555052757 -0.0384217798709869 -0.0274950079619884 -0.0165682341903448 -0.00564146135002375 0.0052853119559586 0.016212085261941
-0.0822928696870804 -0.0821513906121254 -0.0820099115371704 -0.0818684324622154 -0.0817269533872604 -0.0799604877829552 -0.0733190476894379 -0.0666776150465012 -0.0600361786782742 -0.0533947423100471 -0.0467533059418201 -0.0401118732988834 -0.0334704369306564 -0.0315301306545734 -0.0311568696051836 -0.0307836066931486 -0.0304103456437588 -0.0300370845943689 -0.0296638216823339 -0.0292905606329441 -0.028457622975111 -0.0262456610798836 -0.0240336991846561 -0.0218217372894287 -0.0196097753942013 -0.017397815361619 -0.015185852535069 -0.0129738906398416 -0.0166955906897783 -0.0223951768130064 -0.0280947629362345 -0.0337943509221077 -0.0394939370453358 -0.0451935231685638 -0.0508931092917919 -0.0525511391460896 -0.0420845001935959 -0.0316178612411022 -0.0211512241512537 -0.01068458519876 -0.000217946158954874 0.0102486927062273
-0.084182858467102 -0.0846007838845253 -0.085018701851368 -0.0854366198182106 -0.0858545377850533 -0.0850991755723953 -0.0808239504694939 -0.0765487253665924 -0.072273500263691 -0.0679982751607895 -0.063723050057888 -0.0594478249549866 -0.0551725998520851 -0.0523522831499577 -0.0500169396400452 -0.0476815924048424 -0.0453462488949299 -0.0430109016597271 -0.0406755544245243 -0.0383402109146118 -0.0358699560165405 -0.0329949706792831 -0.0301199834793806 -0.0272450000047684 -0.024370014667511 -0.0214950293302536 -0.0186200439929962 -0.0157450586557388 -0.0193492155522108 -0.0251130890101194 -0.0308769606053829 -0.0366408340632915 -0.0424047037959099 -0.0481685772538185 -0.0539324507117271 -0.0557537265121937 -0.0457472205162048 -0.0357407182455063 -0.0257342141121626 -0.0157277081161737 -0.00572120444849133 0.00428530015051365
-0.0860728546977043 -0.0870501697063446 -0.0880274921655655 -0.0890048071742058 -0.0899821296334267 -0.0902378633618355 -0.0883288457989693 -0.0864198356866837 -0.0845108181238174 -0.0826018080115318 -0.0806927904486656 -0.07878378033638 -0.0768747627735138 -0.0731744393706322 -0.0688770115375519 -0.064579576253891 -0.0602821484208107 -0.0559847205877304 -0.0516872890293598 -0.0473898611962795 -0.0432822853326797 -0.0397442765533924 -0.0362062677741051 -0.0326682589948177 -0.0291302520781755 -0.0255922432988882 -0.0220542345196009 -0.0185162257403135 -0.0220028422772884 -0.0278309993445873 -0.0336591564118862 -0.0394873134791851 -0.045315470546484 -0.0511436313390732 -0.0569717884063721 -0.0589563138782978 -0.0494099408388138 -0.0398635715246201 -0.0303172022104263 -0.0207708328962326 -0.0112244626507163 -0.00167809217236936
-0.087962843477726 -0.0894995629787445 -0.091036282479763 -0.092572994530201 -0.0941097140312195 -0.0953765511512756 -0.0958337485790253 -0.0962909460067749 -0.0967481359839439 -0.0972053334116936 -0.0976625308394432 -0.0981197282671928 -0.0985769256949425 -0.0939965918660164 -0.087737075984478 -0.0814775675535202 -0.0752180516719818 -0.0689585357904434 -0.062699019908905 -0.0564395114779472 -0.0506946183741093 -0.046493586152792 -0.0422925539314747 -0.0380915217101574 -0.0338904894888401 -0.0296894572675228 -0.0254884250462055 -0.0212873928248882 -0.0246564671397209 -0.0305489115417004 -0.0364413522183895 -0.042333796620369 -0.0482262410223484 -0.0541186816990376 -0.060011126101017 -0.0621588975191116 -0.0530726611614227 -0.0439864285290241 -0.0349001921713352 -0.0258139558136463 -0.0167277194559574 -0.00764148449525237
-0.0898528397083282 -0.0919489562511444 -0.09404506534338 -0.0961411818861961 -0.0982372984290123 -0.100515238940716 -0.103338643908501 -0.106162048876286 -0.108985461294651 -0.111808866262436 -0.114632271230221 -0.117455683648586 -0.120279088616371 -0.114818744361401 -0.106597147881985 -0.0983755514025688 -0.0901539549231529 -0.0819323509931564 -0.0737107545137405 -0.0654891580343246 -0.0581069476902485 -0.0532428920269012 -0.048378836363554 -0.0435147807002068 -0.0386507287621498 -0.0337866730988026 -0.0289226155728102 -0.0240585617721081 -0.0273100938647985 -0.0332668200135231 -0.0392235517501831 -0.0451802797615528 -0.0511370077729225 -0.0570937357842922 -0.0630504637956619 -0.0653614848852158 -0.0567353814840317 -0.0481092818081379 -0.0394831821322441 -0.03085707873106 -0.0222309790551662 -0.0136048775166273
-0.0884979739785194 -0.0911485850811005 -0.0937991887331009 -0.0964497998356819 -0.0991004034876823 -0.102052949368954 -0.105911314487457 -0.10976967215538 -0.113628029823303 -0.117486387491226 -0.121344745159149 -0.125203102827072 -0.129061460494995 -0.123142294585705 -0.113963946700096 -0.104785598814487 -0.0956072509288788 -0.0864289104938507 -0.077250562608242 -0.0680722147226334 -0.0600094646215439 -0.0552935227751732 -0.0505775772035122 -0.0458616353571415 -0.0411456935107708 -0.0364297479391098 -0.0317138060927391 -0.0269978605210781 -0.0300006922334433 -0.0355764515697956 -0.0411522090435028 -0.04672796651721 -0.0523037239909172 -0.0578794814646244 -0.0634552389383316 -0.0655961781740189 -0.0574326738715172 -0.0492691658437252 -0.0411056615412235 -0.0329421535134315 -0.0247786454856396 -0.0166151393204927
-0.0838982611894608 -0.0870984494686127 -0.0902986451983452 -0.0934988409280777 -0.0966990366578102 -0.0999896973371506 -0.103551745414734 -0.107113800942898 -0.110675849020481 -0.114237897098064 -0.117799952626228 -0.121362000703812 -0.124924056231976 -0.118967242538929 -0.109837479889393 -0.100707717239857 -0.0915779545903206 -0.0824481919407845 -0.0733184292912483 -0.0641886666417122 -0.0564021728932858 -0.0526454746723175 -0.0488887764513493 -0.0451320819556713 -0.0413753837347031 -0.0376186855137348 -0.0338619910180569 -0.0301052927970886 -0.0327282659709454 -0.0374777987599373 -0.0422273278236389 -0.0469768606126308 -0.0517263896763325 -0.0564759224653244 -0.061225451529026 -0.0628629848361015 -0.0551645345985889 -0.0474660806357861 -0.0397676266729832 -0.0320691764354706 -0.0243707224726677 -0.0166722685098648
-0.0792985409498215 -0.0830483213067055 -0.0867981016635895 -0.0905478820204735 -0.0942976698279381 -0.0979264378547668 -0.101192183792591 -0.104457922279835 -0.107723668217659 -0.110989414155483 -0.114255152642727 -0.117520898580551 -0.120786644518375 -0.114792190492153 -0.10571101307869 -0.096629835665226 -0.0875486582517624 -0.0784674808382988 -0.0693863034248352 -0.0603051222860813 -0.0527948774397373 -0.0499974265694618 -0.0471999756991863 -0.0444025248289108 -0.0416050739586353 -0.0388076230883598 -0.0360101759433746 -0.0332127250730991 -0.0354558415710926 -0.039379145950079 -0.0433024503290653 -0.0472257547080517 -0.051149059087038 -0.0550723634660244 -0.0589956678450108 -0.0601297952234745 -0.0528963953256607 -0.0456629954278469 -0.0384295955300331 -0.0311961974948645 -0.0239627994596958 -0.016729399561882
-0.0746988207101822 -0.0789981931447983 -0.0832975581288338 -0.0875969305634499 -0.0918962955474854 -0.0958631858229637 -0.0988326147198677 -0.101802051067352 -0.104771487414837 -0.107740923762321 -0.110710360109806 -0.113679796457291 -0.116649232804775 -0.110617145895958 -0.101584546267986 -0.0925519540905952 -0.0835193619132042 -0.0744867697358131 -0.0654541701078415 -0.0564215779304504 -0.0491875819861889 -0.0473493784666061 -0.0455111749470234 -0.0436729714274406 -0.0418347679078579 -0.0399965643882751 -0.0381583608686924 -0.0363201573491096 -0.0381834134459496 -0.0412804894149303 -0.0443775691092014 -0.0474746450781822 -0.0505717247724533 -0.0536688007414341 -0.0567658804357052 -0.0573966018855572 -0.0506282560527325 -0.0438599102199078 -0.0370915643870831 -0.0303232204169035 -0.0235548745840788 -0.0167865306138992
-0.0700991004705429 -0.0749480575323105 -0.0797970145940781 -0.0846459716558456 -0.0894949287176132 -0.09379992634058 -0.0964730530977249 -0.0991461798548698 -0.101819306612015 -0.10449243336916 -0.107165560126305 -0.10983868688345 -0.112511813640594 -0.106442093849182 -0.097458079457283 -0.0884740725159645 -0.079490065574646 -0.0705060511827469 -0.0615220442414284 -0.0525380335748196 -0.0455802865326405 -0.0447013303637505 -0.0438223741948605 -0.0429434143006802 -0.0420644581317902 -0.0411855019629002 -0.0403065457940102 -0.0394275896251202 -0.0409109853208065 -0.043181836605072 -0.0454526878893375 -0.0477235391736031 -0.0499943904578686 -0.0522652417421341 -0.0545360930263996 -0.0546634085476398 -0.0483601167798042 -0.0420568250119686 -0.035753533244133 -0.0294502433389425 -0.0231469515711069 -0.0168436616659164
-0.0654993876814842 -0.0708979293704033 -0.0762964710593224 -0.0816950127482414 -0.0870935544371605 -0.0917366668581963 -0.0941134914755821 -0.0964903086423874 -0.0988671258091927 -0.101243950426579 -0.103620767593384 -0.105997584760189 -0.108374401926994 -0.102267041802406 -0.0933316126465797 -0.0843961909413338 -0.0754607617855072 -0.0665253400802612 -0.057589914649725 -0.0486544892191887 -0.041972991079092 -0.0420532822608948 -0.0421335697174072 -0.04221386089921 -0.0422941520810127 -0.0423744395375252 -0.0424547307193279 -0.0425350181758404 -0.0436385609209538 -0.0450831837952137 -0.0465278103947639 -0.0479724332690239 -0.0494170561432838 -0.0508616827428341 -0.052306305617094 -0.0519302152097225 -0.046091977506876 -0.0402537398040295 -0.0344155021011829 -0.0285772662609816 -0.022739028558135 -0.0169007908552885
-0.06309013068676 -0.0687098503112793 -0.0743295699357986 -0.079949289560318 -0.0855690091848373 -0.0903580635786057 -0.0926551073789597 -0.0949521586298943 -0.0972492024302483 -0.0995462536811829 -0.101843297481537 -0.104140341281891 -0.106437392532825 -0.100178487598896 -0.0910676121711731 -0.0819567292928696 -0.072845846414566 -0.0637349635362625 -0.0546240843832493 -0.0455132052302361 -0.0388662926852703 -0.0396112836897373 -0.0403562784194946 -0.0411012731492519 -0.041846264153719 -0.0425912588834763 -0.0433362536132336 -0.0440812446177006 -0.0447387509047985 -0.0453670956194401 -0.0459954366087914 -0.0466237813234329 -0.0472521260380745 -0.0478804670274258 -0.0485088117420673 -0.0476673245429993 -0.0424163416028023 -0.0371653623878956 -0.0319143794476986 -0.0266633983701468 -0.0214124172925949 -0.0161614362150431
-0.0628713369369507 -0.0683838278055191 -0.0738963112235069 -0.0794088020920753 -0.0849212929606438 -0.0896641090512276 -0.0920979157090187 -0.0945317223668098 -0.0969655364751816 -0.0993993431329727 -0.101833149790764 -0.104266963899136 -0.106700770556927 -0.100176438689232 -0.0906660631299019 -0.0811556875705719 -0.0716453120112419 -0.0621349364519119 -0.0526245571672916 -0.0431141816079617 -0.036260187625885 -0.0373753421008587 -0.0384904965758324 -0.039605651050806 -0.0407208055257797 -0.0418359562754631 -0.0429511107504368 -0.0440662652254105 -0.0442115589976311 -0.0440335683524609 -0.0438555777072906 -0.0436775833368301 -0.0434995926916599 -0.0433216020464897 -0.0431436114013195 -0.0418747365474701 -0.0373332127928734 -0.0327916890382767 -0.02825016528368 -0.0237086415290833 -0.0191671196371317 -0.014625595882535
-0.062652550637722 -0.0680578052997589 -0.0734630599617958 -0.0788683146238327 -0.0842735692858696 -0.0889701545238495 -0.0915407240390778 -0.094111293554306 -0.0966818705201149 -0.0992524400353432 -0.101823009550571 -0.1043935790658 -0.106964156031609 -0.100174389779568 -0.0902645215392113 -0.0803546458482742 -0.0704447776079178 -0.060534905642271 -0.0506250336766243 -0.0407151617109776 -0.03365408629179 -0.0351394005119801 -0.0366247147321701 -0.0381100289523602 -0.0395953431725502 -0.0410806573927402 -0.0425659716129303 -0.0440512858331203 -0.0436843670904636 -0.0427000410854816 -0.0417157150804996 -0.0407313890755177 -0.0397470630705357 -0.0387627333402634 -0.0377784073352814 -0.0360821448266506 -0.0322500802576542 -0.0284180156886578 -0.0245859511196613 -0.0207538846880198 -0.0169218201190233 -0.0130897555500269
-0.0624337568879128 -0.0677317827939987 -0.0730298012495041 -0.0783278271555901 -0.0836258456110954 -0.0882761925458908 -0.0909835323691368 -0.0936908647418022 -0.0963981971144676 -0.099105529487133 -0.101812869310379 -0.104520201683044 -0.10722753405571 -0.100172340869904 -0.0898629724979401 -0.0795536115765572 -0.0692442432045937 -0.0589348748326302 -0.0486255064606667 -0.0383161380887032 -0.0310479812324047 -0.0329034551978111 -0.0347589291632175 -0.0366144068539143 -0.0384698808193207 -0.0403253547847271 -0.0421808287501335 -0.0440363064408302 -0.0431571789085865 -0.0413665138185024 -0.0395758524537086 -0.0377851910889149 -0.0359945297241211 -0.0342038683593273 -0.0324132069945335 -0.0302895568311214 -0.0271669495850801 -0.0240443423390388 -0.0209217350929976 -0.0177991297096014 -0.0146765215322375 -0.0115539152175188
-0.0622149668633938 -0.0674057528376579 -0.0725965425372124 -0.0777873322367668 -0.0829781219363213 -0.0875822380185127 -0.0904263332486153 -0.0932704359292984 -0.0961145311594009 -0.0989586263895035 -0.101802721619606 -0.104646816849709 -0.107490919530392 -0.100170291960239 -0.0894614309072495 -0.0787525698542595 -0.0680437088012695 -0.057334840297699 -0.046625979244709 -0.0359171144664288 -0.0284418780356646 -0.0306675136089325 -0.0328931473195553 -0.0351187847554684 -0.0373444184660912 -0.0395700559020042 -0.041795689612627 -0.0440213233232498 -0.0426299870014191 -0.0400329902768135 -0.0374359898269176 -0.0348389931023121 -0.0322419963777065 -0.029644999653101 -0.0270480029284954 -0.0244969669729471 -0.0220838189125061 -0.0196706708520651 -0.0172575209289789 -0.0148443719372153 -0.0124312229454517 -0.0100180739536881
-0.0619961731135845 -0.0670797303318977 -0.0721632912755013 -0.0772468447685242 -0.0823303982615471 -0.0868882834911346 -0.0898691415786743 -0.092849999666214 -0.0958308652043343 -0.0988117232918739 -0.101792581379414 -0.104773439466953 -0.107754297554493 -0.100168243050575 -0.0890598893165588 -0.0779515281319618 -0.0668431669473648 -0.0557348094880581 -0.0446264520287514 -0.0335180945694447 -0.0258357729762793 -0.0284315701574087 -0.031027365475893 -0.0336231626570225 -0.0362189561128616 -0.0388147532939911 -0.0414105504751205 -0.0440063439309597 -0.0421027950942516 -0.0386994630098343 -0.0352961309254169 -0.0318927988409996 -0.0284894648939371 -0.0250861328095198 -0.0216828007251024 -0.0187043789774179 -0.0170006882399321 -0.0152969965711236 -0.0135933058336377 -0.0118896150961518 -0.0101859243586659 -0.00848223362118006
