data/working_set_collections/6091692-Cassins_Sparrow-M2/2005/ghland_avg.asc
NCOLS 265 
NROWS 230 
XLLCORNER -115.5625 
YLLCORNER 24.8333333333333 
CELLSIZE 0.0833333333333333 
NODATA_value -9999 
[rows 76 to 94 of 230, columns 0 to 41 of 265]
-0.0061822053976357 0.000910070491954684 0.00800234638154507 0.0150946220383048 0.0221868976950645 0.0292791724205017 0.0363714471459389 0.0271952953189611 0.0125963306054473 -0.00200263317674398 -0.0166015978902578 -0.0312005616724491 -0.0457995235919952 -0.0603984892368317 -0.0719419121742249 -0.0743187144398689 -0.0766955241560936 -0.0790723264217377 -0.0814491286873817 -0.0838259309530258 -0.0862027332186699 -0.0885795429348946 -0.0908294692635536 -0.0930371135473251 -0.095244750380516 -0.0974523946642876 -0.0996600314974785 -0.10186767578125 -0.104075312614441 -0.104298114776611 -0.0985664129257202 -0.0928347036242485 -0.0871029943227768 -0.0813712924718857 -0.075639583170414 -0.0699078738689423 -0.0641761645674706 -0.0554259978234768 -0.045669674873352 -0.0359133519232273 -0.0261570289731026 -0.0164007060229778
-0.00388939469121397 0.00210444116964936 0.00809827726334333 0.014092112891376 0.0200859475880861 0.026079785078764 0.0320736207067966 0.0208961199969053 0.00399484159424901 -0.0129064368084073 -0.0298077166080475 -0.0467089936137199 -0.0636102706193924 -0.0805115550756454 -0.0935945734381676 -0.0952228382229805 -0.0968511030077934 -0.0984793677926064 -0.100107632577419 -0.101735897362232 -0.103364154696465 -0.104992419481277 -0.106281496584415 -0.107457503676414 -0.108633518218994 -0.109809532761574 -0.110985539853573 -0.112161554396152 -0.113337561488152 -0.112579300999641 -0.106018222868443 -0.099457137286663 -0.0928960591554642 -0.0863349810242653 -0.0797738954424858 -0.0732128173112869 -0.0666517317295074 -0.0562932640314102 -0.0446689948439598 -0.0330447256565094 -0.021420456469059 -0.00979618728160858
0.000602210115175694 0.00615871651098132 0.0117152221500874 0.0172717291861773 0.022828234359622 0.0283847413957119 0.0339412465691566 0.023214204236865 0.00705930963158607 -0.00909558404237032 -0.0252504777163267 -0.0414053723216057 -0.0575602650642395 -0.0737151578068733 -0.0861882045865059 -0.0876157134771347 -0.0890432223677635 -0.0904707312583923 -0.0918982401490211 -0.09332574903965 -0.0947532579302788 -0.0961807668209076 -0.0974722728133202 -0.0987184420228004 -0.0999646037817001 -0.10121077299118 -0.102456942200661 -0.103703111410141 -0.104949280619621 -0.104493297636509 -0.0989308804273605 -0.0933684632182121 -0.0878060385584831 -0.0822436213493347 -0.0766812041401863 -0.0711187869310379 -0.0655563622713089 -0.0550073720514774 -0.0427961871027946 -0.0305850058794022 -0.0183738227933645 -0.00616263831034303
0.00729260873049498 0.0130728958174586 0.0188531819730997 0.0246334690600634 0.030413756147027 0.0361940450966358 0.0419743321835995 0.0341495461761951 0.0217897351831198 0.00942992512136698 -0.00292988494038582 -0.0152896950021386 -0.0276495050638914 -0.0400093160569668 -0.0497228056192398 -0.0514973476529121 -0.0532718859612942 -0.0550464242696762 -0.0568209625780582 -0.0585955046117306 -0.0603700429201126 -0.0621445812284946 -0.0644017979502678 -0.0668199062347412 -0.0692380219697952 -0.0716561302542686 -0.0740742385387421 -0.0764923468232155 -0.0789104625582695 -0.0800401121377945 -0.0773043930530548 -0.0745686665177345 -0.0718329474329948 -0.0690972208976746 -0.0663615018129349 -0.0636257752776146 -0.0608900561928749 -0.0515683256089687 -0.0400512591004372 -0.0285341925919056 -0.017017126083374 -0.00550005817785859
0.0139830075204372 0.0199870746582747 0.0259911436587572 0.0319952107965946 0.0379992797970772 0.0440033450722694 0.050007414072752 0.0450848862528801 0.0365201607346535 0.0279554352164268 0.0193907078355551 0.0108259823173285 0.00226125679910183 -0.00630346918478608 -0.0132574057206511 -0.0153789762407541 -0.0175005458295345 -0.0196221154183149 -0.0217436850070953 -0.0238652564585209 -0.0259868260473013 -0.0281083956360817 -0.0313313268125057 -0.0349213778972626 -0.0385114327073097 -0.0421014837920666 -0.0456915348768234 -0.0492815896868706 -0.0528716407716274 -0.0555869229137897 -0.0556778982281685 -0.0557688735425472 -0.055859848856926 -0.0559508241713047 -0.0560417994856834 -0.0561327710747719 -0.0562237463891506 -0.04812927916646 -0.0373063273727894 -0.026483379304409 -0.0156604293733835 -0.00483747851103544
0.0206734072417021 0.0269012544304132 0.0331291034817696 0.0393569506704807 0.0455848015844822 0.0518126487731934 0.0580404959619045 0.056020226329565 0.051250584423542 0.046480942517519 0.041711300611496 0.0369416587054729 0.0321720167994499 0.027402376756072 0.0232079941779375 0.0207393951714039 0.0182707943022251 0.0158021934330463 0.0133335925638676 0.0108649916946888 0.00839639082551003 0.00592779042199254 0.00173914455808699 -0.00302284979261458 -0.00778484437614679 -0.0125468382611871 -0.0173088330775499 -0.0220708269625902 -0.0268328227102757 -0.0311337355524302 -0.0340514071285725 -0.0369690805673599 -0.0398867502808571 -0.0428044237196445 -0.045722097158432 -0.0486397668719292 -0.0515574403107166 -0.0446902327239513 -0.0345613993704319 -0.0244325660169125 -0.0143037317320704 -0.00417489837855101
0.0273638051003218 0.033815436065197 0.0402670651674271 0.0467186942696571 0.0531703233718872 0.0596219524741173 0.0660735815763474 0.06695556640625 0.0659810081124306 0.0650064498186111 0.0640318989753723 0.0630573406815529 0.0620827786624432 0.0611082203686237 0.0596733950078487 0.0568577647209167 0.0540421344339848 0.0512265004217625 0.0484108701348305 0.0455952398478985 0.0427796095609665 0.0399639755487442 0.0348096154630184 0.0288756806403399 0.0229417439550161 0.0170078072696924 0.0110738705843687 0.00513993389904499 -0.000794002902694046 -0.00668054772540927 -0.012424916960299 -0.0181692857295275 -0.0239136554300785 -0.0296580232679844 -0.0354023911058903 -0.0411467626690865 -0.0468911305069923 -0.0412511862814426 -0.0318164676427841 -0.0223817527294159 -0.0129470350220799 -0.00351231801323593
0.0340542048215866 0.0407296158373356 0.0474050231277943 0.0540804341435432 0.0607558451592922 0.0674312561750412 0.0741066634654999 0.0778909102082253 0.0807114392518997 0.0835319608449936 0.0863524898886681 0.0891730114817619 0.0919935405254364 0.0948140695691109 0.0961387977004051 0.0929761379957199 0.0898134708404541 0.0866508111357689 0.0834881514310837 0.0803254842758179 0.0771628245711327 0.0740001648664474 0.0678800866007805 0.0607742108404636 0.0536683313548565 0.0465624518692493 0.0394565723836422 0.0323506966233253 0.0252448171377182 0.0177726410329342 0.00920157413929701 0.000630508235190064 -0.0079405577853322 -0.0165116246789694 -0.025082690641284 -0.0336537547409534 -0.0422248244285583 -0.0378121398389339 -0.0290715396404266 -0.0203309394419193 -0.0115903383120894 -0.00284973811358213
0.0235977824777365 0.0317853949964046 0.0399730056524277 0.0481606163084507 0.0563482269644737 0.0645358338952065 0.0727234482765198 0.079559288918972 0.0859445482492447 0.0923298001289368 0.0987150594592094 0.105100311338902 0.111485570669174 0.117870822548866 0.121473960578442 0.116730719804764 0.111987479031086 0.107244238257408 0.10250099748373 0.0977577567100525 0.0930145159363747 0.0882712751626968 0.0814449787139893 0.073924332857132 0.0664036870002747 0.0588830374181271 0.0513623915612698 0.0438417419791222 0.0363210961222649 0.0281849335879087 0.0182022266089916 0.0082195196300745 -0.00176318758167326 -0.0117458943277597 -0.0217286013066769 -0.0317113101482391 -0.0416940152645111 -0.0383497923612595 -0.0305632557719946 -0.0227767191827297 -0.0149901835247874 -0.00720364786684513
-0.00400546006858349 0.00698277214542031 0.0179710052907467 0.0289592370390892 0.0399474687874317 0.0509357005357742 0.0619239322841167 0.0719607174396515 0.0816803425550461 0.0913999751210213 0.101119607686996 0.110839240252972 0.120558865368366 0.130278497934341 0.135678872466087 0.128121510148048 0.120564147830009 0.11300677806139 0.105449415743351 0.097892053425312 0.0903346836566925 0.0827773213386536 0.075504295527935 0.06832604855299 0.0611478090286255 0.0539695657789707 0.046791322529316 0.0396130792796612 0.0324348360300064 0.0245563313364983 0.0145770395174623 0.00459774769842625 -0.00538154365494847 -0.0153608350083232 -0.0253401268273592 -0.0353194177150726 -0.0452987104654312 -0.0428641401231289 -0.0362916179001331 -0.0297190938144922 -0.0231465715914965 -0.0165740475058556
-0.0316087044775486 -0.0178198497742414 -0.0040309950709343 0.00975785870105028 0.0235467124730349 0.037335567176342 0.051124420017004 0.0643621385097504 0.0774161443114281 0.0904701501131058 0.103524155914783 0.116578161716461 0.129632160067558 0.142686173319817 0.149883806705475 0.139512315392494 0.129140824079514 0.118769325315952 0.108397834002972 0.098026342689991 0.0876548513770103 0.0772833600640297 0.0695636048913002 0.0627277716994286 0.0558919310569763 0.0490560941398144 0.0422202534973621 0.0353844165802002 0.028548575937748 0.0209277290850878 0.0109518524259329 0.00097597629064694 -0.00899989996105433 -0.0189757756888866 -0.0289516523480415 -0.0389275290071964 -0.0489034056663513 -0.0473784916102886 -0.0420199781656265 -0.0366614684462547 -0.0313029587268829 -0.025944447144866
-0.0592119470238686 -0.0426224693655968 -0.0260329954326153 -0.00944351963698864 0.007145956158638 0.0237354319542646 0.0403249077498913 0.0567635595798492 0.0731519386172295 0.0895403176546097 0.10592870414257 0.122317083179951 0.138705462217331 0.155093833804131 0.164088726043701 0.150903105735779 0.137717485427856 0.124531872570515 0.111346252262592 0.0981606394052505 0.0849750190973282 0.0717893987894058 0.063622921705246 0.0571294873952866 0.0506360530853271 0.0441426187753677 0.0376491844654083 0.0311557501554489 0.0246623158454895 0.0172991249710321 0.00732666533440351 -0.00264579523354769 -0.0126182558014989 -0.0225907173007727 -0.0325631760060787 -0.0425356365740299 -0.0525080971419811 -0.051892839372158 -0.0477483421564102 -0.0436038449406624 -0.0394593439996243 -0.0353148467838764
-0.0868151858448982 -0.0674250945448875 -0.0480349957942963 -0.028644897043705 -0.00925480108708143 0.0101352958008647 0.0295253936201334 0.0491649843752384 0.0688877403736115 0.0886104926466942 0.108333244919777 0.12805600464344 0.147778764367104 0.167501509189606 0.178293645381927 0.162293896079063 0.146294161677361 0.130294412374496 0.114294670522213 0.0982949286699295 0.082295186817646 0.0662954449653625 0.0576822347939014 0.0515312068164349 0.045380175113678 0.0392291471362114 0.0330781154334545 0.0269270874559879 0.0207760576158762 0.0136705236509442 0.00370147824287415 -0.00626756669953465 -0.016236612573266 -0.0262056570500135 -0.0361747033894062 -0.0461437478661537 -0.0561127923429012 -0.0564071908593178 -0.0534767024219036 -0.0505462177097797 -0.0476157329976559 -0.0446852445602417
-0.114418432116508 -0.0922277122735977 -0.070036992430687 -0.0478462763130665 -0.0256555564701557 -0.00346483895555139 0.0187258794903755 0.0415664054453373 0.0646235346794128 0.0876806676387787 0.110737793147564 0.133794918656349 0.156852051615715 0.179909184575081 0.192498564720154 0.173684701323509 0.154870823025703 0.136056959629059 0.117243088781834 0.0984292253851891 0.0796153545379639 0.0608014836907387 0.0517415478825569 0.0459329225122929 0.0401242971420288 0.0343156717717648 0.0285070482641459 0.0226984228938818 0.0168897975236177 0.0100419204682112 7.62911367928609e-05 -0.00988933816552162 -0.0198549684137106 -0.0298205967992544 -0.0397862270474434 -0.0497518554329872 -0.0597174875438213 -0.0609215386211872 -0.0592050664126873 -0.0574885942041874 -0.0557721182703972 -0.0540556460618973
-0.127123817801476 -0.103846088051796 -0.080568365752697 -0.0572906360030174 -0.0340129099786282 -0.0107351839542389 0.0125425420701504 0.0363877341151237 0.0604220777750015 0.0844564288854599 0.108490772545338 0.132525116205215 0.156559467315674 0.180593803524971 0.193851515650749 0.174779266119003 0.155707031488419 0.136634781956673 0.117562547326088 0.0984903052449226 0.0794180706143379 0.0603458285331726 0.0509286113083363 0.0447297394275665 0.0385308675467968 0.0323319919407368 0.026133120059967 0.0199342481791973 0.0137353744357824 0.0065870201215148 -0.0034097763709724 -0.0134065728634596 -0.0234033707529306 -0.0334001667797565 -0.0433969646692276 -0.0533937588334084 -0.0633905529975891 -0.0652529373764992 -0.0644038543105125 -0.0635547637939453 -0.0627056807279587 -0.0618565902113914
-0.124931335449219 -0.102280214428902 -0.0796291008591652 -0.0569779798388481 -0.034326858818531 -0.0116757396608591 0.0109753794968128 0.0336289629340172 0.0562833659350872 0.0789377689361572 0.101592175662518 0.124246582388878 0.146900981664658 0.169555395841599 0.182352483272552 0.165577620267868 0.148802757263184 0.13202790915966 0.115253046154976 0.098478190600872 0.0817033275961876 0.0649284720420837 0.0552434250712395 0.0479216538369656 0.0405998788774014 0.0332781076431274 0.0259563345462084 0.0186345614492893 0.0113127883523703 0.00330582191236317 -0.00675672432407737 -0.0168192703276873 -0.026881817728281 -0.0369443632662296 -0.0470069088041782 -0.0570694580674171 -0.0671320036053658 -0.069401390850544 -0.0690730661153793 -0.0687447339296341 -0.0684164091944695 -0.0680880770087242
-0.122738860547543 -0.100714348256588 -0.0786898359656334 -0.0566653236746788 -0.0346408076584339 -0.0126162953674793 0.00940821692347527 0.0308701936155558 0.0521446578204632 0.0734191164374352 0.094693586230278 0.11596804857254 0.137242510914803 0.158516973257065 0.170853450894356 0.156375974416733 0.14189849793911 0.127421021461487 0.112943544983864 0.0984660685062408 0.0839885920286179 0.0695111155509949 0.0595582388341427 0.0511135682463646 0.0426688939332962 0.0342242196202278 0.0257795490324497 0.0173348747193813 0.00889020226895809 2.46235631493619e-05 -0.0101036727428436 -0.0202319696545601 -0.0303602647036314 -0.0404885597527027 -0.0506168566644192 -0.0607451535761356 -0.0708734467625618 -0.0735498443245888 -0.0737422779202461 -0.0739347040653229 -0.0741271376609802 -0.074319563806057
-0.120546385645866 -0.0991484746336937 -0.0777505710721016 -0.0563526637852192 -0.0349547564983368 -0.0135568520054221 0.00784105528146029 0.0281114224344492 0.0480059459805489 0.0679004639387131 0.0877949893474579 0.107689507305622 0.127584025263786 0.147478550672531 0.159354418516159 0.147174328565598 0.134994238615036 0.122814133763313 0.110634043812752 0.0984539464116096 0.0862738490104675 0.074093759059906 0.0638730525970459 0.0543054826557636 0.0447379089891911 0.0351703353226185 0.0256027616560459 0.0160351898521185 0.00646761665120721 -0.00325657473877072 -0.0134506206959486 -0.0236446671187878 -0.0338387116789818 -0.0440327599644661 -0.0542268045246601 -0.0644208490848541 -0.0746148973703384 -0.0776982977986336 -0.0784114897251129 -0.0791246742010117 -0.079837866127491 -0.0805510506033897
-0.11835391074419 -0.09758260846138 -0.0768113061785698 -0.0560400076210499 -0.03526870906353 -0.0144974077120423 0.00627389270812273 0.0253526531159878 0.0438672341406345 0.0623818151652813 0.0808963924646378 0.0994109734892845 0.117925554513931 0.136440128087997 0.147855386137962 0.137972682714462 0.128089964389801 0.11820725351572 0.10832454264164 0.0984418243169785 0.0885591134428978 0.0786764025688171 0.0681878700852394 0.0574973970651627 0.0468069240450859 0.0361164510250092 0.0254259761422873 0.0147355031222105 0.00404503056779504 -0.00653777318075299 -0.0167975686490536 -0.0270573645830154 -0.0373171605169773 -0.0475769564509392 -0.057836752384901 -0.0680965483188629 -0.0783563405275345 -0.0818467512726784 -0.0830807015299797 -0.0843146443367004 -0.0855485945940018 -0.0867825374007225
