data/working_set_collections/6091692-Cassins_Sparrow-M2/2005/grn_avg.asc
NCOLS 265 
NROWS 230 
XLLCORNER -115.5625 
YLLCORNER 24.8333333333333 
CELLSIZE 0.0833333333333333 
NODATA_value -9999 
[rows 0 to 19 of 230, columns 44 to 87 of 265]
0.838777482509613 0.838783979415894 0.838790476322174 0.838796973228455 0.83880341053009 0.838809907436371 0.838816404342651 0.838822901248932 0.843527853488922 0.849798917770386 0.856070041656494 0.862341165542603 0.868612289428711 0.874883353710175 0.881154477596283 0.885595202445984 0.884544789791107 0.88349437713623 0.882443964481354 0.881393551826477 0.8803431391716 0.879292726516724 0.878242313861847 0.87611985206604 0.873640060424805 0.871160209178925 0.868680417537689 0.866200625896454 0.863720774650574 0.861240983009338 0.858203232288361 0.85349178314209 0.848780274391174 0.844068825244904 0.839357316493988 0.834645867347717 0.829934358596802 0.825222909450531 0.823968350887299 0.823866128921509 0.823763847351074 0.823661625385284 0.823559403419495 0.82345712184906
0.83064478635788 0.830713331699371 0.830781877040863 0.83085036277771 0.830918908119202 0.830987393856049 0.83105593919754 0.831124484539032 0.836603999137878 0.843887150287628 0.851170301437378 0.858453512191772 0.865736663341522 0.873019874095917 0.880303025245667 0.885495483875275 0.884415745735168 0.883336067199707 0.882256388664246 0.881176650524139 0.880096971988678 0.879017233848572 0.87793755531311 0.875820219516754 0.873356997966766 0.870893776416779 0.868430554866791 0.865967273712158 0.86350405216217 0.861040830612183 0.858055830001831 0.853505313396454 0.848954796791077 0.8444042801857 0.839853823184967 0.83530330657959 0.830752789974213 0.82620233297348 0.824453711509705 0.823639094829559 0.822824478149414 0.822009801864624 0.821195185184479 0.820380568504333
0.822512149810791 0.822642683982849 0.822773218154907 0.82290381193161 0.823034346103668 0.823164939880371 0.823295474052429 0.823426008224487 0.82968008518219 0.837975323200226 0.846270561218262 0.854565858840942 0.862861096858978 0.871156334877014 0.87945157289505 0.885395765304565 0.884286761283875 0.883177757263184 0.882068753242493 0.880959749221802 0.879850804805756 0.878741800785065 0.877632796764374 0.875520586967468 0.873073935508728 0.870627284049988 0.868180632591248 0.865733981132507 0.863287389278412 0.860840737819672 0.857908368110657 0.853518843650818 0.849129319190979 0.84473979473114 0.840350270271301 0.835960745811462 0.831571221351624 0.827181696891785 0.824939072132111 0.82341206073761 0.821885049343109 0.820357978343964 0.818830966949463 0.817303955554962
0.814379453659058 0.814572036266327 0.814764618873596 0.814957201480865 0.81514984369278 0.815342426300049 0.815535008907318 0.815727591514587 0.822756230831146 0.832063555717468 0.84137088060379 0.850678145885468 0.85998547077179 0.869292795658112 0.878600120544434 0.885296046733856 0.884157717227936 0.88301944732666 0.881881177425385 0.880742907524109 0.879604578018188 0.878466308116913 0.877328038215637 0.875220894813538 0.87279087305069 0.870360791683197 0.867930769920349 0.865500688552856 0.863070666790009 0.860640585422516 0.857760906219482 0.853532373905182 0.849303841590881 0.845075309276581 0.84084677696228 0.83661824464798 0.832389652729034 0.828161120414734 0.825424432754517 0.82318502664566 0.820945620536804 0.818706214427948 0.816466748714447 0.814227342605591
0.806246757507324 0.806501388549805 0.806756019592285 0.807010650634766 0.807265281677246 0.807519912719727 0.807774543762207 0.808029174804688 0.815832376480103 0.826151728630066 0.836471140384674 0.846790492534637 0.857109904289246 0.867429256439209 0.877748668193817 0.885196268558502 0.884028732776642 0.882861137390137 0.881693542003632 0.880526006221771 0.879358410835266 0.878190875053406 0.877023279666901 0.874921262264252 0.872507810592651 0.870094358921051 0.867680907249451 0.865267395973206 0.862853944301605 0.860440492630005 0.857613503932953 0.853545904159546 0.849478363990784 0.845410823822021 0.841343224048615 0.837275683879852 0.833208084106445 0.829140543937683 0.825909793376923 0.822957992553711 0.820006191730499 0.817054390907288 0.814102590084076 0.81115072965622
0.798114061355591 0.798430740833282 0.798747420310974 0.799064099788666 0.799380719661713 0.799697399139404 0.800014078617096 0.800330758094788 0.808908522129059 0.820239961147308 0.831571400165558 0.842902839183807 0.854234278202057 0.865565717220306 0.876897215843201 0.885096549987793 0.883899688720703 0.882702827453613 0.881505966186523 0.880309104919434 0.879112243652344 0.877915382385254 0.876718521118164 0.874621629714966 0.872224748134613 0.86982786655426 0.867430984973907 0.865034103393555 0.862637221813202 0.860240340232849 0.857466042041779 0.85355943441391 0.849652886390686 0.845746278762817 0.841839730739594 0.837933123111725 0.834026515483856 0.830119967460632 0.826395153999329 0.822730958461761 0.819066762924194 0.815402567386627 0.81173837184906 0.808074176311493
0.794540047645569 0.794897854328156 0.795255661010742 0.795613467693329 0.795971274375916 0.796329081058502 0.796686887741089 0.797044694423676 0.80586314201355 0.817501783370972 0.829140424728394 0.840779066085815 0.852417707443237 0.864056348800659 0.875695049762726 0.884116411209106 0.882886052131653 0.881655633449554 0.880425274372101 0.879194915294647 0.877964496612549 0.876734137535095 0.875503778457642 0.873385667800903 0.8709716796875 0.868557691574097 0.866143643856049 0.863729655742645 0.861315667629242 0.858901679515839 0.856158256530762 0.852426707744598 0.84869509935379 0.844963490962982 0.841231942176819 0.837500333786011 0.833768725395203 0.830037176609039 0.826125621795654 0.822154104709625 0.818182587623596 0.814211070537567 0.810239613056183 0.806268095970154
0.795524716377258 0.795902729034424 0.796280801296234 0.7966588139534 0.79703688621521 0.79741495847702 0.797792971134186 0.798171043395996 0.80669629573822 0.817937254905701 0.829178214073181 0.840419232845306 0.851660192012787 0.862901151180267 0.874142169952393 0.882255852222443 0.880987703800201 0.879719614982605 0.878451466560364 0.877183377742767 0.875915229320526 0.87464714050293 0.873378992080688 0.871213316917419 0.868748545646667 0.866283714771271 0.863818883895874 0.861354112625122 0.858889281749725 0.856424450874329 0.853690207004547 0.850147604942322 0.846605062484741 0.843062460422516 0.83951985836029 0.83597731590271 0.832434713840485 0.828892171382904 0.8251011967659 0.821227490901947 0.81735372543335 0.813479959964752 0.8096062541008 0.805732488632202
0.796509325504303 0.796907603740692 0.797305941581726 0.797704219818115 0.798102498054504 0.798500776290894 0.798899054527283 0.799297392368317 0.807529449462891 0.81837272644043 0.829216063022614 0.840059340000153 0.850902676582336 0.861745953559875 0.872589290142059 0.880395293235779 0.879089415073395 0.877783536911011 0.876477718353271 0.875171840190887 0.873865962028503 0.872560083866119 0.871254205703735 0.86904102563858 0.866525411605835 0.864009737968445 0.8614941239357 0.858978509902954 0.856462836265564 0.853947222232819 0.851222097873688 0.84786856174469 0.844514966011047 0.84116142988205 0.837807834148407 0.834454298019409 0.831100702285767 0.827747166156769 0.824076771736145 0.820300817489624 0.816524863243103 0.812748849391937 0.808972895145416 0.805196940898895
0.797493994235992 0.797912538051605 0.798331022262573 0.798749566078186 0.799168109893799 0.799586653709412 0.800005197525024 0.800423681735992 0.808362543582916 0.818808197975159 0.829253852367401 0.839699506759644 0.850145161151886 0.860590755939484 0.871036410331726 0.878534734249115 0.877191126346588 0.875847518444061 0.874503910541534 0.873160302639008 0.871816694736481 0.870473086833954 0.869129478931427 0.866868734359741 0.864302277565002 0.861735820770264 0.859169363975525 0.856602907180786 0.854036450386047 0.851469993591309 0.848754048347473 0.845589458942413 0.842424929141998 0.839260339736938 0.836095809936523 0.832931220531464 0.829766690731049 0.826602101325989 0.82305234670639 0.819374144077301 0.815695941448212 0.812017738819122 0.808339536190033 0.804661333560944
0.798478603363037 0.798917412757874 0.799356162548065 0.799794971942902 0.800233721733093 0.800672471523285 0.801111280918121 0.801550030708313 0.809195697307587 0.819243669509888 0.829291641712189 0.83933961391449 0.849387586116791 0.859435558319092 0.869483530521393 0.876674175262451 0.875292837619781 0.873911499977112 0.872530102729797 0.871148765087128 0.869767427444458 0.868386030197144 0.867004692554474 0.864696383476257 0.86207914352417 0.859461843967438 0.85684460401535 0.854227304458618 0.851610064506531 0.848992764949799 0.846285939216614 0.843310415744781 0.840334832668304 0.837359309196472 0.83438378572464 0.831408202648163 0.828432679176331 0.825457096099854 0.822027921676636 0.818447470664978 0.814867079257965 0.811286628246307 0.807706236839294 0.804125785827637
0.799463272094727 0.799922287464142 0.800381302833557 0.800840318202972 0.801299333572388 0.801758348941803 0.802217364311218 0.802676379680634 0.810028851032257 0.819679141044617 0.829329490661621 0.838979780673981 0.84863007068634 0.8582803606987 0.86793065071106 0.874813616275787 0.873394548892975 0.871975421905518 0.87055629491806 0.869137227535248 0.86771810054779 0.866299033164978 0.864879906177521 0.862524092197418 0.859856009483337 0.857187926769257 0.854519844055176 0.851851761341095 0.849183619022369 0.846515536308289 0.843817889690399 0.841031312942505 0.838244795799255 0.835458278656006 0.832671701908112 0.829885184764862 0.827098667621613 0.824312090873718 0.821003496646881 0.8175208568573 0.814038157463074 0.810555517673492 0.807072877883911 0.80359023809433
0.800396621227264 0.800872921943665 0.801349222660065 0.801825523376465 0.802301824092865 0.802778124809265 0.803254425525665 0.803730666637421 0.810754776000977 0.819961428642273 0.829168081283569 0.83837479352951 0.847581446170807 0.856788098812103 0.8659947514534 0.87253338098526 0.871067881584167 0.869602382183075 0.868136882781982 0.86667138338089 0.865205883979797 0.863740384578705 0.862274885177612 0.859886467456818 0.857190310955048 0.854494214057922 0.851798057556152 0.849101960659027 0.846405863761902 0.843709707260132 0.841050028800964 0.83849960565567 0.835949122905731 0.833398699760437 0.830848276615143 0.828297793865204 0.82574737071991 0.823196947574615 0.820006787776947 0.816603362560272 0.813199996948242 0.809796571731567 0.806393146514893 0.802989780902863
0.801278710365295 0.801769316196442 0.802259922027588 0.802750527858734 0.80324113368988 0.803731739521027 0.804222404956818 0.804713010787964 0.811373472213745 0.820090532302856 0.828807592391968 0.837524652481079 0.84624171257019 0.854958772659302 0.863675832748413 0.869833469390869 0.868312954902649 0.866792380809784 0.865271866321564 0.863751292228699 0.862230777740479 0.860710203647614 0.859189689159393 0.856783509254456 0.854082107543945 0.85138076543808 0.84867936372757 0.845978021621704 0.843276619911194 0.840575218200684 0.837982416152954 0.835715174674988 0.833447873592377 0.83118063211441 0.828913390636444 0.826646149158478 0.824378907680511 0.822111666202545 0.819037795066833 0.815695106983185 0.812352478504181 0.809009790420532 0.805667102336884 0.802324414253235
0.802160739898682 0.802665710449219 0.803170621395111 0.803675532341003 0.80418050289154 0.804685413837433 0.80519038438797 0.805695295333862 0.811992108821869 0.820219576358795 0.828447043895721 0.836674511432648 0.844901978969574 0.853129386901855 0.861356854438782 0.867133557796478 0.865557968616486 0.863982379436493 0.8624067902565 0.860831201076508 0.859255611896515 0.857680022716522 0.85610443353653 0.853680551052094 0.850973963737488 0.848267316818237 0.845560669898987 0.842854022979736 0.840147435665131 0.83744078874588 0.834914803504944 0.832930743694305 0.830946624279022 0.828962564468384 0.826978504657745 0.824994444847107 0.823010385036469 0.82102632522583 0.818068861961365 0.814786911010742 0.81150496006012 0.808223009109497 0.804941058158875 0.801659047603607
0.803042829036713 0.803562045097351 0.804081320762634 0.804600596427917 0.805119812488556 0.805639088153839 0.806158363819122 0.806677579879761 0.812610805034637 0.820348680019379 0.828086495399475 0.835824370384216 0.843562185764313 0.851300060749054 0.859037935733795 0.864433646202087 0.862803041934967 0.861172378063202 0.859541773796082 0.857911109924316 0.856280505657196 0.854649841785431 0.85301923751831 0.850577652454376 0.847865760326385 0.845153868198395 0.842441976070404 0.839730083942413 0.837018191814423 0.834306299686432 0.831847190856934 0.830146312713623 0.828445434570312 0.826744556427002 0.825043678283691 0.823342800140381 0.82164192199707 0.81994104385376 0.817099869251251 0.813878655433655 0.810657441616058 0.807436168193817 0.804214954376221 0.800993740558624
0.803924858570099 0.804458439350128 0.804992020130157 0.805525600910187 0.806059181690216 0.806592762470245 0.807126343250275 0.807659924030304 0.813229501247406 0.820477724075317 0.827725946903229 0.834974229335785 0.842222452163696 0.849470734596252 0.856718957424164 0.861733734607697 0.860048055648804 0.858362376689911 0.856676697731018 0.854991018772125 0.853305339813232 0.85161966085434 0.849933981895447 0.847474694252014 0.844757556915283 0.842040419578552 0.839323282241821 0.83660614490509 0.833888947963715 0.831171810626984 0.828779578208923 0.827361881732941 0.825944185256958 0.824526488780975 0.823108792304993 0.82169109582901 0.820273399353027 0.818855702877045 0.816130936145782 0.812970399856567 0.809809923171997 0.806649386882782 0.803488910198212 0.800328373908997
0.80480694770813 0.805354833602905 0.805902719497681 0.806450605392456 0.806998491287231 0.807546436786652 0.808094322681427 0.808642208576202 0.81384813785553 0.820606768131256 0.827365458011627 0.834124088287354 0.84088271856308 0.847641348838806 0.854400038719177 0.859033823013306 0.85729306936264 0.85555237531662 0.853811621665955 0.852070927619934 0.850330173969269 0.848589479923248 0.846848726272583 0.844371795654297 0.841649353504181 0.83892697095871 0.836204588413239 0.833482146263123 0.830759763717651 0.82803738117218 0.825711905956268 0.824577450752258 0.823442935943604 0.822308421134949 0.821173906326294 0.820039391517639 0.818904936313629 0.817770421504974 0.815161943435669 0.81206214427948 0.808962404727936 0.805862605571747 0.802762806415558 0.799663066864014
0.804596066474915 0.805081963539124 0.805567800998688 0.806053638458252 0.806539535522461 0.807025372982025 0.807511210441589 0.807997107505798 0.812789738178253 0.819017946720123 0.825246155261993 0.831474363803864 0.837702572345734 0.843930780887604 0.850158989429474 0.854345560073853 0.852407217025757 0.850468933582306 0.848530650138855 0.846592307090759 0.844654023647308 0.842715740203857 0.840777397155762 0.838101208209991 0.835178971290588 0.83225679397583 0.829334616661072 0.826412379741669 0.82349020242691 0.820567965507507 0.818107306957245 0.81703132390976 0.815955281257629 0.814879298210144 0.813803255558014 0.812727272510529 0.811651229858398 0.810575246810913 0.808243036270142 0.805492043495178 0.80274111032486 0.799990177154541 0.797239243984222 0.794488310813904
0.803292334079742 0.803639829158783 0.803987264633179 0.804334759712219 0.804682195186615 0.805029690265656 0.805377125740051 0.805724620819092 0.810054183006287 0.815711081027985 0.821368038654327 0.82702499628067 0.832681894302368 0.838338851928711 0.843995809555054 0.847668886184692 0.845390498638153 0.843112051486969 0.84083366394043 0.83855527639389 0.836276829242706 0.833998441696167 0.831719994544983 0.828662991523743 0.82534646987915 0.822029888629913 0.818713366985321 0.815396785736084 0.812080264091492 0.808763682842255 0.805965721607208 0.804723501205444 0.80348128080368 0.802239060401917 0.800996840000153 0.799754619598389 0.798512399196625 0.797270178794861 0.795374095439911 0.793260097503662 0.791146099567413 0.789032101631165 0.786918103694916 0.784804165363312
