data/working_set_collections/6091692-Cassins_Sparrow-M2/2005/grn_avg.asc
NCOLS 265 
NROWS 230 
XLLCORNER -115.5625 
YLLCORNER 24.8333333333333 
CELLSIZE 0.0833333333333333 
NODATA_value -9999 
[rows 40 to 59 of 230, columns 132 to 175 of 265]
0.867489278316498 0.864136576652527 0.861672818660736 0.86187607049942 0.86207926273346 0.862282514572144 0.862485766410828 0.862688958644867 0.862892210483551 0.863095462322235 0.863773226737976 0.864609122276306 0.865445077419281 0.866281032562256 0.867116928100586 0.867952883243561 0.868788838386536 0.869728803634644 0.870980799198151 0.872232794761658 0.873484790325165 0.874736785888672 0.875988781452179 0.877240777015686 0.878492772579193 0.878514111042023 0.878125250339508 0.877736389636993 0.877347528934479 0.876958668231964 0.87656980752945 0.876180946826935 0.875798344612122 0.875434517860413 0.875070691108704 0.874706864356995 0.874343037605286 0.873979151248932 0.873615324497223 0.873251497745514 0.872757971286774 0.872221171855927 0.871684312820435 0.871147513389587
0.868768572807312 0.864960610866547 0.862130701541901 0.862234950065613 0.86233913898468 0.862443387508392 0.862547636032104 0.862651884555817 0.862756133079529 0.862860381603241 0.863548517227173 0.864431381225586 0.865314185619354 0.866197049617767 0.867079854011536 0.867962718009949 0.868845522403717 0.869849503040314 0.871216833591461 0.872584164142609 0.873951494693756 0.875318825244904 0.876686215400696 0.878053545951843 0.879420876502991 0.879515409469604 0.879185676574707 0.878856003284454 0.878526270389557 0.878196537494659 0.877866864204407 0.877537131309509 0.877203345298767 0.876857280731201 0.876511216163635 0.876165151596069 0.875819146633148 0.875473082065582 0.875127017498016 0.87478095293045 0.874239802360535 0.873633623123169 0.873027443885803 0.872421264648438
0.869816899299622 0.865805149078369 0.862798690795898 0.862808227539062 0.862817764282227 0.862827360630035 0.8628368973732 0.862846434116364 0.862855970859528 0.862865507602692 0.86353462934494 0.864423632621765 0.86531263589859 0.866201639175415 0.86709064245224 0.867979645729065 0.86886864900589 0.869890868663788 0.87131255865097 0.872734308242798 0.874156057834625 0.875577747821808 0.876999497413635 0.878421187400818 0.879842936992645 0.880007863044739 0.879753768444061 0.879499733448029 0.879245638847351 0.878991603851318 0.878737568855286 0.878483533859253 0.878213942050934 0.87789797782898 0.877582013607025 0.877266049385071 0.876950085163116 0.876634120941162 0.876318156719208 0.876002132892609 0.875450372695923 0.874819934368134 0.874189555644989 0.873559176921844
0.870634377002716 0.866670191287994 0.863676846027374 0.863596022129059 0.863515138626099 0.863434314727783 0.863353490829468 0.863272607326508 0.863191783428192 0.863110959529877 0.863731563091278 0.864585995674133 0.865440428256989 0.866294860839844 0.867149353027344 0.868003785610199 0.868858218193054 0.869852840900421 0.871267974376678 0.872683167457581 0.874098360538483 0.87551349401474 0.876928687095642 0.878343820571899 0.879759013652802 0.879991412162781 0.879829525947571 0.879667639732361 0.879505753517151 0.879343807697296 0.879181921482086 0.879020035266876 0.878830254077911 0.878556668758392 0.878283023834229 0.87800943851471 0.87773585319519 0.877462267875671 0.877188682556152 0.876915097236633 0.876389622688293 0.875780165195465 0.875170707702637 0.874561250209808
0.87145185470581 0.86753523349762 0.86455500125885 0.86438375711441 0.864212512969971 0.864041268825531 0.863870084285736 0.863698840141296 0.863527595996857 0.863356351852417 0.863928437232971 0.864748358726501 0.865568220615387 0.866388082504272 0.867208003997803 0.868027865886688 0.868847727775574 0.869814813137054 0.871223390102386 0.872632026672363 0.87404066324234 0.875449240207672 0.876857876777649 0.878266453742981 0.879675090312958 0.879974961280823 0.879905223846436 0.879835486412048 0.879765808582306 0.879696071147919 0.879626333713531 0.879556596279144 0.879446506500244 0.87921530008316 0.878984093666077 0.878752887248993 0.878521680831909 0.878290414810181 0.878059208393097 0.877828001976013 0.877328813076019 0.876740336418152 0.876151859760284 0.875563323497772
0.872269332408905 0.86840033531189 0.865433156490326 0.865171492099762 0.864909887313843 0.864648282527924 0.86438661813736 0.86412501335144 0.863863408565521 0.863601744174957 0.864125370979309 0.864910662174225 0.865696012973785 0.866481304168701 0.867266654968262 0.868051946163177 0.868837296962738 0.869776785373688 0.871178805828094 0.872580885887146 0.873982965946198 0.875384986400604 0.876787066459656 0.878189086914062 0.879591166973114 0.879958510398865 0.879980981349945 0.880003392696381 0.880025863647461 0.880048274993896 0.880070686340332 0.880093157291412 0.880062758922577 0.879873931407928 0.87968510389328 0.879496276378632 0.879307448863983 0.879118621349335 0.878929793834686 0.878740966320038 0.87826806306839 0.877700507640839 0.877133011817932 0.876565456390381
0.873086810112 0.869265377521515 0.866311311721802 0.865959286689758 0.865607261657715 0.865255236625671 0.864903211593628 0.864551246166229 0.864199221134186 0.863847196102142 0.864322245121002 0.865073025226593 0.865823745727539 0.86657452583313 0.867325305938721 0.868076026439667 0.868826806545258 0.869738757610321 0.871134221553802 0.872529745101929 0.873925268650055 0.875320732593536 0.876716256141663 0.878111720085144 0.87950724363327 0.879942059516907 0.88005667924881 0.880171298980713 0.880285859107971 0.880400478839874 0.880515098571777 0.88062971830368 0.88067901134491 0.880532562732697 0.880386114120483 0.88023966550827 0.880093216896057 0.879946768283844 0.879800319671631 0.879653871059418 0.87920731306076 0.87866073846817 0.878114104270935 0.877567529678345
0.873904287815094 0.87013041973114 0.867189407348633 0.86674702167511 0.866304636001587 0.865862250328064 0.865419805049896 0.864977419376373 0.86453503370285 0.864092588424683 0.86451917886734 0.865235328674316 0.865951538085938 0.866667747497559 0.86738395690918 0.868100166320801 0.868816316127777 0.869700729846954 0.87108963727951 0.872478604316711 0.873867571353912 0.875256478786469 0.876645445823669 0.878034353256226 0.879423320293427 0.879925608634949 0.880132436752319 0.8803391456604 0.880545973777771 0.880752682685852 0.880959510803223 0.881166219711304 0.881295323371887 0.881191253662109 0.881087183952332 0.880983114242554 0.880879044532776 0.880774974822998 0.880670845508575 0.880566775798798 0.880146563053131 0.879620909690857 0.879095256328583 0.878569602966309
0.874656736850739 0.870942294597626 0.868023097515106 0.867489457130432 0.866955876350403 0.866422295570374 0.865888714790344 0.865355134010315 0.864821553230286 0.864287972450256 0.864665985107422 0.865347862243652 0.866029739379883 0.866711616516113 0.867393553256989 0.868075430393219 0.86875730752945 0.869615137577057 0.87100088596344 0.872386574745178 0.873772323131561 0.8751580119133 0.876543760299683 0.877929449081421 0.879315137863159 0.879891335964203 0.880197644233704 0.880503952503204 0.880810260772705 0.881116569042206 0.881422936916351 0.881729245185852 0.881947159767151 0.881900072097778 0.881852924823761 0.881805837154388 0.881758689880371 0.881711602210999 0.881664454936981 0.881617367267609 0.881231069564819 0.880731821060181 0.880232512950897 0.879733264446259
0.875344157218933 0.871701002120972 0.868812203407288 0.86818665266037 0.867561042308807 0.86693549156189 0.866309940814972 0.865684330463409 0.865058779716492 0.864433228969574 0.864762663841248 0.865410506725311 0.866058349609375 0.866706192493439 0.867354035377502 0.868001878261566 0.86864972114563 0.869482040405273 0.870867848396301 0.872253656387329 0.873639464378357 0.87502533197403 0.876411139965057 0.877796947956085 0.879182755947113 0.879839181900024 0.880252420902252 0.88066565990448 0.881078898906708 0.881492137908936 0.881905376911163 0.882318615913391 0.882634699344635 0.882659077644348 0.882683455944061 0.882707893848419 0.882732272148132 0.88275671005249 0.882781088352203 0.882805466651917 0.882460951805115 0.881993412971497 0.881525874137878 0.881058394908905
0.876031577587128 0.872459650039673 0.869601309299469 0.868883788585663 0.868166208267212 0.867448687553406 0.866731107234955 0.866013586521149 0.865296006202698 0.864578485488892 0.864859402179718 0.865473210811615 0.866086959838867 0.866700768470764 0.867314517498016 0.867928326129913 0.868542075157166 0.869348883628845 0.870734810829163 0.87212073802948 0.873506665229797 0.874892592430115 0.876278519630432 0.87766444683075 0.879050374031067 0.879786968231201 0.880307137966156 0.880827367305756 0.88134753704071 0.881867706775665 0.88238787651062 0.882908046245575 0.883322179317474 0.883418083190918 0.883513987064362 0.88360995054245 0.883705854415894 0.883801817893982 0.883897721767426 0.883993625640869 0.883690774440765 0.883255064487457 0.882819294929504 0.882383525371552
0.876718997955322 0.873218357563019 0.870390474796295 0.869580924510956 0.868771374225616 0.867961823940277 0.867152333259583 0.866342782974243 0.865533232688904 0.864723742008209 0.864956140518188 0.865535855293274 0.866115570068359 0.866695284843445 0.867275059223175 0.86785477399826 0.868434488773346 0.869215786457062 0.870601832866669 0.871987819671631 0.873373866081238 0.874759912490845 0.876145899295807 0.877531945705414 0.878917992115021 0.879734814167023 0.880361914634705 0.880989015102386 0.881616115570068 0.88224321603775 0.882870376110077 0.883497476577759 0.884009659290314 0.884177088737488 0.884344577789307 0.884512007236481 0.884679436683655 0.884846866130829 0.885014355182648 0.885181784629822 0.884920656681061 0.884516656398773 0.884112656116486 0.883708655834198
0.877406418323517 0.87397700548172 0.871179580688477 0.870278060436249 0.869376540184021 0.868475019931793 0.867573499679565 0.866671979427338 0.86577045917511 0.864868938922882 0.865052819252014 0.865598499774933 0.866144180297852 0.86668986082077 0.867235541343689 0.867781221866608 0.868326902389526 0.869082689285278 0.87046879529953 0.871854901313782 0.873241066932678 0.87462717294693 0.876013338565826 0.877399444580078 0.87878555059433 0.879682660102844 0.880416691303253 0.881150722503662 0.881884753704071 0.88261878490448 0.883352816104889 0.884086847305298 0.884697139263153 0.884936094284058 0.885175108909607 0.885414063930511 0.885653018951416 0.88589197397232 0.88613098859787 0.886369943618774 0.886150479316711 0.885778248310089 0.885406017303467 0.885033786296844
0.878093898296356 0.874735713005066 0.871968686580658 0.870975196361542 0.869981706142426 0.868988215923309 0.867994725704193 0.867001235485077 0.866007745265961 0.8650141954422 0.865149557590485 0.865661203861237 0.866172790527344 0.866684436798096 0.867196023464203 0.867707669734955 0.868219256401062 0.86894953250885 0.870335757732391 0.871721982955933 0.873108267784119 0.87449449300766 0.875880718231201 0.877266943454742 0.878653168678284 0.879630446434021 0.880471408367157 0.881312429904938 0.882153391838074 0.88299435377121 0.883835315704346 0.884676277637482 0.885384619235992 0.885695099830627 0.886005640029907 0.886316120624542 0.886626601219177 0.886937081813812 0.887247622013092 0.887558102607727 0.887380361557007 0.88703989982605 0.886699438095093 0.886358916759491
0.878032445907593 0.874708116054535 0.871946692466736 0.870873868465424 0.869801104068756 0.868728339672089 0.867655575275421 0.866582810878754 0.865510046482086 0.864437282085419 0.86455374956131 0.865066647529602 0.865579605102539 0.866092503070831 0.866605401039124 0.867118299007416 0.867631196975708 0.868374705314636 0.869809925556183 0.871245086193085 0.872680306434631 0.874115526676178 0.875550746917725 0.876985967159271 0.878421127796173 0.87945282459259 0.88034999370575 0.881247103214264 0.882144272327423 0.883041441440582 0.883938610553741 0.884835720062256 0.885597467422485 0.885952949523926 0.886308431625366 0.886663913726807 0.887019395828247 0.887374818325043 0.887730300426483 0.888085782527924 0.887947499752045 0.887644529342651 0.887341618537903 0.887038707733154
0.877222239971161 0.873894274234772 0.871113479137421 0.869974136352539 0.868834793567657 0.867695450782776 0.866556107997894 0.865416824817657 0.864277482032776 0.863138139247894 0.863265454769135 0.863815009593964 0.864364564418793 0.864914059638977 0.865463614463806 0.866013169288635 0.866562724113464 0.867358148097992 0.868891179561615 0.870424211025238 0.871957302093506 0.873490333557129 0.875023365020752 0.87655645608902 0.878089487552643 0.879149675369263 0.880052268505096 0.88095486164093 0.881857454776764 0.882760047912598 0.883662641048431 0.884565234184265 0.885335683822632 0.885709583759308 0.886083483695984 0.88645738363266 0.886831343173981 0.887205243110657 0.887579143047333 0.887953042984009 0.88785183429718 0.887592256069183 0.887332737445831 0.887073159217834
0.876411974430084 0.873080432415009 0.870280265808105 0.86907434463501 0.867868483066559 0.866662561893463 0.865456640720367 0.864250779151917 0.863044857978821 0.86183899641037 0.861977159976959 0.86256331205368 0.863149523735046 0.863735675811768 0.864321827888489 0.864908039569855 0.865494191646576 0.866341531276703 0.867972433567047 0.869603335857391 0.871234238147736 0.87286514043808 0.874496042728424 0.876126945018768 0.877757847309113 0.87884658575058 0.879754602909088 0.880662620067596 0.88157069683075 0.882478713989258 0.883386731147766 0.884294807910919 0.885073900222778 0.88546621799469 0.885858595371246 0.886250913143158 0.886643290519714 0.887035608291626 0.887427926063538 0.887820303440094 0.88775622844696 0.887539982795715 0.887323796749115 0.88710755109787
0.875601768493652 0.872266530990601 0.86944705247879 0.86817455291748 0.866902112960815 0.86562967300415 0.864357233047485 0.863084733486176 0.86181229352951 0.860539853572845 0.860688865184784 0.861311674118042 0.8619344830513 0.862557291984558 0.863180100917816 0.86380285024643 0.864425659179688 0.865324974060059 0.867053687572479 0.868782460689545 0.870511174201965 0.872239947319031 0.873968660831451 0.875697433948517 0.877426147460938 0.878543436527252 0.87945693731308 0.880370378494263 0.88128387928009 0.882197320461273 0.883110821247101 0.884024322032928 0.884812116622925 0.885222852230072 0.885633647441864 0.886044442653656 0.886455237865448 0.886865973472595 0.887276768684387 0.887687563896179 0.887660562992096 0.887487709522247 0.887314856052399 0.88714200258255
0.87479156255722 0.871452689170837 0.868613839149475 0.867274820804596 0.865935802459717 0.864596784114838 0.863257765769958 0.861918747425079 0.8605797290802 0.859240710735321 0.859400510787964 0.860059976577759 0.860719442367554 0.861378848552704 0.862038314342499 0.862697720527649 0.863357186317444 0.864308416843414 0.866135001182556 0.867961585521698 0.86978816986084 0.871614754199982 0.873441338539124 0.875267922878265 0.877094507217407 0.878240346908569 0.879159212112427 0.880078136920929 0.880997061729431 0.881915986537933 0.882834911346436 0.883753836154938 0.884550273418427 0.884979486465454 0.885408699512482 0.885837912559509 0.886267125606537 0.886696338653564 0.887125551700592 0.88755476474762 0.887564957141876 0.887435436248779 0.887305915355682 0.887176394462585
0.873981297016144 0.870638847351074 0.86778062582016 0.866375029087067 0.864969432353973 0.863563895225525 0.862158298492432 0.860752701759338 0.85934716463089 0.857941567897797 0.858112215995789 0.858808279037476 0.859504401683807 0.860200464725494 0.860896527767181 0.861592590808868 0.862288653850555 0.863291800022125 0.865216255187988 0.867140710353851 0.86906510591507 0.870989561080933 0.872913956642151 0.874838411808014 0.876762807369232 0.877937197685242 0.878861546516418 0.879785895347595 0.880710244178772 0.881634593009949 0.88255900144577 0.883483350276947 0.884288489818573 0.884736180305481 0.885183811187744 0.885631442070007 0.88607907295227 0.886526763439178 0.886974394321442 0.887422025203705 0.887469351291656 0.887383162975311 0.887296974658966 0.887210845947266
