data/working_set_collections/6091692-Cassins_Sparrow-M2/2005/grn_avg.asc
NCOLS 265 
NROWS 230 
XLLCORNER -115.5625 
YLLCORNER 24.8333333333333 
CELLSIZE 0.0833333333333333 
NODATA_value -9999 
[rows 80 to 99 of 230, columns 0 to 43 of 265]
0.846339523792267 0.84863144159317 0.850923359394073 0.853215277194977 0.85550719499588 0.857799053192139 0.860090970993042 0.862460434436798 0.864855706691742 0.867250978946686 0.86964625120163 0.872041523456573 0.874436795711517 0.876832008361816 0.879172325134277 0.881347596645355 0.883522927761078 0.885698199272156 0.887873530387878 0.890048861503601 0.892224133014679 0.894399464130402 0.895967781543732 0.897333741188049 0.898699700832367 0.900065720081329 0.901431679725647 0.902797698974609 0.904163658618927 0.905344724655151 0.905971050262451 0.906597375869751 0.907223761081696 0.907850086688995 0.908476412296295 0.909102737903595 0.909729063510895 0.907391548156738 0.904066026210785 0.900740504264832 0.897414982318878 0.89408951997757 0.890763998031616 0.887438476085663
0.846013307571411 0.847853243350983 0.849693179130554 0.85153317451477 0.853373110294342 0.855213046073914 0.857052981853485 0.85901802778244 0.861024737358093 0.863031446933746 0.865038156509399 0.867044866085052 0.869051575660706 0.871058285236359 0.873245894908905 0.875976145267487 0.878706395626068 0.88143664598465 0.884166896343231 0.886897146701813 0.889627397060394 0.892357647418976 0.894283592700958 0.895941436290741 0.897599279880524 0.899257183074951 0.900915026664734 0.902572870254517 0.904230713844299 0.905655264854431 0.906379759311676 0.907104253768921 0.90782880783081 0.908553302288055 0.9092777967453 0.91000235080719 0.910726845264435 0.908180177211761 0.904543161392212 0.900906145572662 0.897269129753113 0.893632054328918 0.889995038509369 0.886358022689819
0.845687091350555 0.847075045108795 0.84846305847168 0.849851012229919 0.851239025592804 0.852627038955688 0.854014992713928 0.855575621128082 0.857193768024445 0.858811914920807 0.860430061817169 0.862048208713531 0.863666355609894 0.865284502506256 0.867319405078888 0.870604634284973 0.873889803886414 0.877175033092499 0.880460262298584 0.883745431900024 0.88703066110611 0.89031583070755 0.89259946346283 0.894549190998077 0.896498918533325 0.898448646068573 0.900398373603821 0.902348101139069 0.904297828674316 0.905965805053711 0.906788468360901 0.907611131668091 0.908433854579926 0.909256517887115 0.91007924079895 0.91090190410614 0.91172456741333 0.90896886587143 0.905020296573639 0.901071727275848 0.897123217582703 0.893174648284912 0.889226078987122 0.885277569293976
0.845360815525055 0.846296846866608 0.84723287820816 0.848168909549713 0.849104940891266 0.850040972232819 0.850977003574371 0.852133214473724 0.853362798690796 0.854592382907867 0.855821967124939 0.85705155134201 0.858281195163727 0.859510779380798 0.861392974853516 0.86523312330246 0.869073271751404 0.872913420200348 0.876753568649292 0.880593717098236 0.88443386554718 0.888274013996124 0.890915274620056 0.893156886100769 0.895398497581482 0.897640109062195 0.899881660938263 0.902123272418976 0.904364883899689 0.906276285648346 0.907197177410126 0.908118009567261 0.90903890132904 0.909959733486176 0.910880625247955 0.91180145740509 0.91272234916687 0.909757494926453 0.905497431755066 0.901237368583679 0.896977305412292 0.892717242240906 0.888457179069519 0.884197115898132
0.84508466720581 0.845610558986664 0.846136510372162 0.846662402153015 0.847188353538513 0.847714245319366 0.848240196704865 0.849029719829559 0.849907100200653 0.850784540176392 0.851661920547485 0.852539360523224 0.853416800498962 0.854294180870056 0.856043338775635 0.860407650470734 0.864772021770477 0.869136333465576 0.87350070476532 0.877865016460419 0.882229387760162 0.886593699455261 0.889563500881195 0.892068445682526 0.894573390483856 0.897078335285187 0.899583280086517 0.902088224887848 0.904593169689178 0.906724750995636 0.907736241817474 0.908747732639313 0.909759223461151 0.91077071428299 0.911782205104828 0.912793695926666 0.913805186748505 0.910648763179779 0.906103014945984 0.901557266712189 0.897011578083038 0.892465829849243 0.887920081615448 0.883374333381653
0.844858527183533 0.845016181468964 0.845173835754395 0.845331490039825 0.845489144325256 0.845646798610687 0.845804452896118 0.846265077590942 0.846826732158661 0.847388327121735 0.847949922084808 0.848511576652527 0.849073171615601 0.849634826183319 0.851270437240601 0.856128215789795 0.860985994338989 0.865843772888184 0.870701551437378 0.875559270381927 0.880417048931122 0.885274827480316 0.888544082641602 0.891283869743347 0.894023597240448 0.896763324737549 0.899503111839294 0.902242839336395 0.904982626438141 0.907311081886292 0.908405661582947 0.909500241279602 0.910594820976257 0.911689341068268 0.912783920764923 0.913878500461578 0.914973080158234 0.911642611026764 0.906837046146393 0.902031481266022 0.897225975990295 0.892420411109924 0.887614905834198 0.882809340953827
0.84463232755661 0.844421744346619 0.844211161136627 0.844000518321991 0.843789935112 0.843579351902008 0.843368709087372 0.843500435352325 0.843746304512024 0.843992114067078 0.844237923622131 0.84448379278183 0.844729602336884 0.844975411891937 0.846497595310211 0.851848781108856 0.857199966907501 0.862551212310791 0.867902398109436 0.873253583908081 0.878604769706726 0.883955955505371 0.887524664402008 0.890499234199524 0.89347380399704 0.896448373794556 0.899422943592072 0.902397513389587 0.905372083187103 0.907897412776947 0.909075081348419 0.910252690315247 0.911430358886719 0.912608027458191 0.913785696029663 0.914963364601135 0.916141033172607 0.912636399269104 0.907571077346802 0.9025057554245 0.897440373897552 0.89237505197525 0.887309670448303 0.882244348526001
0.844406187534332 0.843827366828918 0.84324848651886 0.842669606208801 0.842090725898743 0.841511905193329 0.84093302488327 0.840735852718353 0.840665876865387 0.840595901012421 0.840525925159454 0.840455949306488 0.840386033058167 0.8403160572052 0.841724753379822 0.847569346427917 0.853413999080658 0.859258592128754 0.865103244781494 0.87094783782959 0.87679249048233 0.882637083530426 0.886505305767059 0.889714658260345 0.892924010753632 0.896133422851562 0.899342775344849 0.902552127838135 0.905761539936066 0.908483743667603 0.909744441509247 0.911005198955536 0.912265956401825 0.913526713848114 0.914787411689758 0.916048169136047 0.917308926582336 0.913630247116089 0.908305108547211 0.902979969978333 0.89765477180481 0.892329633235931 0.887004494667053 0.881679356098175
0.844180047512054 0.843232929706573 0.842285811901093 0.841338694095612 0.840391576290131 0.839444398880005 0.838497281074524 0.837971210479736 0.83758544921875 0.837199687957764 0.836813926696777 0.836428165435791 0.836042404174805 0.835656642913818 0.836951851844788 0.843289911746979 0.84962797164917 0.855966031551361 0.862304091453552 0.868642151355743 0.87498015165329 0.881318211555481 0.885485887527466 0.888930082321167 0.892374217510223 0.895818412303925 0.899262607097626 0.902706801891327 0.906150937080383 0.909070074558258 0.910413861274719 0.911757707595825 0.913101553916931 0.914445340633392 0.915789186954498 0.917133033275604 0.918476819992065 0.914624094963074 0.90903913974762 0.903454184532166 0.897869229316711 0.892284274101257 0.886699318885803 0.881114363670349
0.843953907489777 0.842638492584229 0.841323137283325 0.840007722377777 0.838692367076874 0.837376952171326 0.836061596870422 0.835206568241119 0.834505021572113 0.833803474903107 0.8331019282341 0.832400381565094 0.831698834896088 0.830997288227081 0.832179009914398 0.83901047706604 0.845841944217682 0.852673411369324 0.85950493812561 0.866336405277252 0.873167872428894 0.879999339580536 0.884466469287872 0.888145446777344 0.891824424266815 0.895503461360931 0.899182438850403 0.902861416339874 0.906540393829346 0.909656405448914 0.911083281040192 0.912510216236115 0.913937091827393 0.915364027023315 0.916790962219238 0.918217837810516 0.919644773006439 0.915617883205414 0.909773170948029 0.903928399085999 0.898083627223969 0.892238855361938 0.886394083499908 0.880549311637878
0.842442631721497 0.841062068939209 0.839681506156921 0.838300943374634 0.836920440196991 0.835539877414703 0.834159314632416 0.833293974399567 0.832600355148315 0.831906735897064 0.831213116645813 0.830519497394562 0.82982587814331 0.829132258892059 0.83037680387497 0.837435781955719 0.844494760036469 0.851553738117218 0.858612716197968 0.865671753883362 0.872730731964111 0.879789710044861 0.884381949901581 0.88815188407898 0.891921877861023 0.895691871643066 0.89946186542511 0.903231799602509 0.907001793384552 0.910185933113098 0.911612510681152 0.913039088249207 0.914465725421906 0.91589230298996 0.917318880558014 0.918745458126068 0.920172095298767 0.916287899017334 0.910633444786072 0.904979050159454 0.899324595928192 0.89367014169693 0.888015747070312 0.88236129283905
0.83964616060257 0.83850359916687 0.837360978126526 0.836218357086182 0.835075736045837 0.833933174610138 0.832790553569794 0.832233428955078 0.831871449947357 0.831509470939636 0.831147491931915 0.830785512924194 0.830423533916473 0.830061554908752 0.831545233726501 0.838565826416016 0.84558641910553 0.852606952190399 0.859627544879913 0.866648137569427 0.873668670654297 0.880689263343811 0.885232269763947 0.888949394226074 0.892666518688202 0.896383702754974 0.900100827217102 0.90381795167923 0.907535135746002 0.910658657550812 0.912001550197601 0.913344442844391 0.91468733549118 0.916030168533325 0.917373061180115 0.918715953826904 0.920058846473694 0.91663408279419 0.911620080471039 0.906606137752533 0.901592135429382 0.896578192710876 0.891564249992371 0.88655024766922
0.836849749088287 0.835945069789886 0.83504045009613 0.83413577079773 0.833231091499329 0.832326412200928 0.831421732902527 0.831172823905945 0.831142485141754 0.831112205982208 0.831081867218018 0.831051528453827 0.831021249294281 0.83099091053009 0.832713723182678 0.839695870876312 0.846678018569946 0.85366016626358 0.860642313957214 0.867624521255493 0.874606668949127 0.881588816642761 0.886082589626312 0.889746904373169 0.893411219120026 0.897075533866882 0.900739789009094 0.904404103755951 0.908068418502808 0.91113144159317 0.91239058971405 0.91364973783493 0.914908945560455 0.916168093681335 0.917427241802216 0.918686389923096 0.919945538043976 0.9169802069664 0.912606716156006 0.908233225345612 0.903859734535217 0.899486184120178 0.895112693309784 0.89073920249939
0.834053337574005 0.833386600017548 0.83271986246109 0.832053124904633 0.831386387348175 0.830719709396362 0.830052971839905 0.830112278461456 0.830413579940796 0.83071494102478 0.83101624250412 0.83131754398346 0.831618905067444 0.831920206546783 0.83388215303421 0.840825915336609 0.847769618034363 0.854713380336761 0.86165714263916 0.868600904941559 0.875544667243958 0.882488369941711 0.886932909488678 0.890544414520264 0.894155859947205 0.897767305374146 0.901378810405731 0.904990255832672 0.908601760864258 0.911604166030884 0.912779629230499 0.913955092430115 0.915130496025085 0.916305959224701 0.917481422424316 0.918656826019287 0.919832289218903 0.917326390743256 0.913593351840973 0.90986031293869 0.906127274036407 0.902394235134125 0.898661196231842 0.894928157329559
0.831256926059723 0.830828130245209 0.830399334430695 0.82997053861618 0.829541742801666 0.829112946987152 0.828684151172638 0.829051673412323 0.829684674739838 0.830317616462708 0.830950617790222 0.831583619117737 0.832216560840607 0.832849562168121 0.835050582885742 0.841955959796906 0.848861277103424 0.855766594409943 0.862671971321106 0.869577288627625 0.876482605934143 0.883387923240662 0.887783229351044 0.891341865062714 0.894900500774384 0.898459136486053 0.902017772197723 0.905576407909393 0.909135043621063 0.912076950073242 0.913168668746948 0.914260387420654 0.91535210609436 0.916443884372711 0.917535603046417 0.918627321720123 0.919719040393829 0.917672514915466 0.91457998752594 0.911487400531769 0.908394813537598 0.905302226543427 0.9022096991539 0.899117112159729
0.828460514545441 0.82826966047287 0.828078806400299 0.827887952327728 0.827697098255157 0.827506244182587 0.827315390110016 0.827991127967834 0.828955769538879 0.82992035150528 0.830884993076324 0.831849634647369 0.83281421661377 0.833778858184814 0.836219072341919 0.843086004257202 0.849952876567841 0.856819808483124 0.863686740398407 0.87055367231369 0.877420604228973 0.884287536144257 0.888633608818054 0.892139375209808 0.895645201206207 0.899150967597961 0.90265679359436 0.906162559986115 0.909668385982513 0.912549734115601 0.913557708263397 0.914565742015839 0.915573716163635 0.916581749916077 0.917589783668518 0.918597757816315 0.919605791568756 0.918018698692322 0.915566563606262 0.913114488124847 0.910662353038788 0.908210277557373 0.905758142471313 0.903306066989899
0.825949251651764 0.825958073139191 0.825966835021973 0.825975656509399 0.825984418392181 0.825993239879608 0.82600200176239 0.826968371868134 0.828253924846649 0.829539477825165 0.830824971199036 0.832110524177551 0.833396077156067 0.834681630134583 0.837358176708221 0.844207644462585 0.85105711221695 0.857906579971313 0.864756047725677 0.871605575084686 0.87845504283905 0.885304510593414 0.889591634273529 0.893024623394012 0.896457672119141 0.899890661239624 0.903323650360107 0.906756699085236 0.910189688205719 0.912996470928192 0.913924694061279 0.914852857589722 0.915781080722809 0.916709244251251 0.917637467384338 0.918565630912781 0.919493854045868 0.918297231197357 0.916392266750336 0.914487361907959 0.912582457065582 0.910677492618561 0.908772587776184 0.906867682933807
0.823723256587982 0.823893427848816 0.824063539505005 0.824233651161194 0.824403822422028 0.824573934078217 0.824744045734406 0.82598340511322 0.827579140663147 0.829174876213074 0.830770611763 0.832366347312927 0.833962142467499 0.835557878017426 0.83846789598465 0.8453209400177 0.852173924446106 0.859026908874512 0.865879952907562 0.872732937335968 0.879585921764374 0.88643890619278 0.890657365322113 0.893997669219971 0.897337913513184 0.900678217411041 0.904018521308899 0.907358765602112 0.91069906949997 0.913417339324951 0.91426956653595 0.915121853351593 0.915974140167236 0.91682642698288 0.917678713798523 0.918530941009521 0.919383227825165 0.918508052825928 0.917057037353516 0.915606021881104 0.914155006408691 0.912703931331635 0.911252915859222 0.90980190038681
0.8214972615242 0.821828722953796 0.822160243988037 0.822491705417633 0.822823166847229 0.823154628276825 0.823486089706421 0.824998438358307 0.826904356479645 0.828810334205627 0.830716252326965 0.832622170448303 0.834528148174286 0.836434066295624 0.839577674865723 0.84643417596817 0.853290736675262 0.86014723777771 0.867003798484802 0.87386029958725 0.880716860294342 0.88757336139679 0.891723155975342 0.894970715045929 0.898218214511871 0.901465773582458 0.904713332653046 0.907960832118988 0.911208391189575 0.913838148117065 0.914614498615265 0.915390849113464 0.916167199611664 0.916943550109863 0.917719900608063 0.918496310710907 0.919272661209106 0.918718874454498 0.917721748352051 0.916724622249603 0.9157275557518 0.914730429649353 0.913733303546906 0.912736177444458
0.819271266460419 0.819764077663422 0.820256888866425 0.820749700069427 0.82124251127243 0.821735322475433 0.822228133678436 0.824013471603394 0.826229631900787 0.828445732593536 0.83066189289093 0.832878053188324 0.835094153881073 0.837310314178467 0.840687453746796 0.847547471523285 0.854407548904419 0.861267566680908 0.868127644062042 0.874987661838531 0.881847739219666 0.8887078166008 0.892788887023926 0.895943701267242 0.899098515510559 0.902253329753876 0.905408143997192 0.908562958240509 0.911717772483826 0.91425895690918 0.91495943069458 0.915659844875336 0.916360259056091 0.917060732841492 0.917761147022247 0.918461620807648 0.919162034988403 0.918929755687714 0.918386518955231 0.917843282222748 0.91730010509491 0.916756868362427 0.916213631629944 0.915670394897461
