data/working_set_collections/6091692-Cassins_Sparrow-M2/2005/gwetroot_avg.asc
NCOLS 265 
NROWS 230 
XLLCORNER -115.5625 
YLLCORNER 24.8333333333333 
CELLSIZE 0.0833333333333333 
NODATA_value -9999 
[rows 100 to 119 of 230, columns 0 to 43 of 265]
0.388114541769028 0.389016002416611 0.389917492866516 0.390818953514099 0.391720414161682 0.392621904611588 0.393523365259171 0.399016499519348 0.406040191650391 0.413063883781433 0.420087575912476 0.427111268043518 0.434134960174561 0.441158652305603 0.446347385644913 0.446031272411346 0.44571515917778 0.445399075746536 0.44508296251297 0.444766849279404 0.444450736045837 0.444134622812271 0.438292562961578 0.430608510971069 0.422924429178238 0.415240377187729 0.407556295394897 0.399872243404388 0.392188191413879 0.386361300945282 0.386106044054031 0.385850757360458 0.385595500469208 0.385340243577957 0.385084956884384 0.384829699993134 0.384574413299561 0.388098359107971 0.39288204908371 0.397665739059448 0.402449429035187 0.407233119010925 0.412016808986664 0.416800498962402
0.38681423664093 0.387882083654404 0.388949930667877 0.390017777681351 0.391085654497147 0.39215350151062 0.393221348524094 0.398302316665649 0.404721021652222 0.411139726638794 0.417558401823044 0.423977106809616 0.430395811796188 0.436814486980438 0.4416683614254 0.441827654838562 0.441986948251724 0.442146241664886 0.442305535078049 0.442464828491211 0.442624121904373 0.442783415317535 0.436995804309845 0.429225891828537 0.421455979347229 0.413686066865921 0.405916154384613 0.398146241903305 0.390376329421997 0.384536772966385 0.384488254785538 0.384439706802368 0.384391188621521 0.384342670440674 0.384294152259827 0.38424563407898 0.38419708609581 0.387912631034851 0.392882823944092 0.397853046655655 0.402823239564896 0.407793462276459 0.412763655185699 0.417733877897263
0.386114865541458 0.387198984622955 0.38828307390213 0.389367163181305 0.390451282262802 0.391535371541977 0.392619460821152 0.397186547517776 0.402914583683014 0.408642649650574 0.414370685815811 0.420098751783371 0.425826787948608 0.431554853916168 0.435958206653595 0.436387568712234 0.436816900968552 0.437246233224869 0.437675595283508 0.438104927539825 0.438534259796143 0.438963621854782 0.433539390563965 0.42616394162178 0.418788522481918 0.411413103342056 0.404037684202194 0.396662265062332 0.38928684592247 0.383787304162979 0.383915454149246 0.384043604135513 0.384171724319458 0.384299874305725 0.384428024291992 0.384556174278259 0.384684294462204 0.389017909765244 0.394753307104111 0.4004887342453 0.40622416138649 0.411959558725357 0.417694985866547 0.423430413007736
0.386016428470612 0.386966645717621 0.387916892766953 0.388867110013962 0.389817327260971 0.39076754450798 0.39171776175499 0.395669132471085 0.40062090754509 0.405572652816772 0.410524398088455 0.41547617316246 0.420427918434143 0.425379663705826 0.429217010736465 0.429711043834686 0.430205047130585 0.430699080228806 0.431193113327026 0.431687146425247 0.432181179523468 0.432675212621689 0.427923262119293 0.4214226603508 0.414922058582306 0.408421486616135 0.401920884847641 0.395420283079147 0.388919681310654 0.384112924337387 0.384387642145157 0.384662389755249 0.384937107563019 0.385211855173111 0.385486572980881 0.385761320590973 0.386036038398743 0.391414225101471 0.398493528366089 0.405572861433029 0.412652164697647 0.419731497764587 0.426810801029205 0.433890104293823
0.385917991399765 0.386734336614609 0.387550681829453 0.388367027044296 0.38918337225914 0.389999717473984 0.390816062688828 0.394151747226715 0.398327231407166 0.402502685785294 0.406678140163422 0.41085359454155 0.415029048919678 0.419204503297806 0.422475785017014 0.423034489154816 0.42359322309494 0.424151927232742 0.424710631370544 0.425269365310669 0.425828069448471 0.426386773586273 0.422307133674622 0.416681379079819 0.411055594682693 0.405429840087891 0.399804055690765 0.394178301095963 0.38855254650116 0.384438544511795 0.38485985994339 0.385281175374985 0.38570249080658 0.386123836040497 0.386545151472092 0.386966466903687 0.387387782335281 0.393810540437698 0.402233749628067 0.410656958818436 0.419080197811127 0.427503407001495 0.435926616191864 0.444349825382233
0.385819554328918 0.386502027511597 0.387184500694275 0.387866973876953 0.388549447059631 0.38923192024231 0.389914393424988 0.392634361982346 0.396033525466919 0.399432688951492 0.402831852436066 0.406231015920639 0.409630179405212 0.413029342889786 0.415734559297562 0.416357964277267 0.416981369256973 0.417604774236679 0.418228179216385 0.418851584196091 0.419474959373474 0.42009836435318 0.41669100522995 0.411940068006516 0.407189130783081 0.402438193559647 0.397687256336212 0.392936319112778 0.388185381889343 0.384764164686203 0.385332077741623 0.385899990797043 0.38646787405014 0.38703578710556 0.38760370016098 0.3881716132164 0.38873952627182 0.396206855773926 0.405973970890045 0.415741086006165 0.425508201122284 0.435275316238403 0.445042431354523 0.454809546470642
0.385721117258072 0.386269718408585 0.386818289756775 0.387366890907288 0.3879154920578 0.388464093208313 0.389012694358826 0.391116976737976 0.393739849328995 0.396362721920013 0.39898556470871 0.401608437299728 0.404231309890747 0.406854182481766 0.408993363380432 0.409681439399719 0.410369515419006 0.411057621240616 0.411745697259903 0.41243377327919 0.4131218791008 0.413809955120087 0.411074906587601 0.407198786735535 0.403322666883469 0.399446576833725 0.395570456981659 0.391694337129593 0.387818217277527 0.385089755058289 0.385804265737534 0.386518776416779 0.387233287096024 0.387947767972946 0.388662278652191 0.389376789331436 0.390091270208359 0.398603171110153 0.409714192152023 0.420825213193893 0.431936204433441 0.443047225475311 0.454158246517181 0.465269267559052
0.385622680187225 0.38603737950325 0.386452108621597 0.386866837739944 0.387281537055969 0.387696266174316 0.388110995292664 0.389599591493607 0.391446173191071 0.393292725086212 0.395139306783676 0.396985858678818 0.398832440376282 0.400679022073746 0.40225213766098 0.403004914522171 0.403757691383362 0.404510468244553 0.405263215303421 0.406015992164612 0.406768769025803 0.407521545886993 0.405458778142929 0.402457505464554 0.399456202983856 0.396454930305481 0.393453627824783 0.390452355146408 0.387451082468033 0.385415375232697 0.386276483535767 0.387137562036514 0.387998670339584 0.388859748840332 0.38972082734108 0.39058193564415 0.391443014144897 0.400999486446381 0.413454413414001 0.4259093105793 0.438364237546921 0.450819134712219 0.46327406167984 0.475728988647461
0.385156631469727 0.385487139225006 0.385817676782608 0.386148184537888 0.386478692293167 0.386809229850769 0.387139737606049 0.388267576694489 0.38966116309166 0.391054749488831 0.392448335886002 0.393841922283173 0.395235538482666 0.396629124879837 0.397876501083374 0.398685216903687 0.399493932723999 0.400302678346634 0.401111394166946 0.401920139789581 0.402728855609894 0.403537571430206 0.402029544115067 0.399749249219894 0.397468954324722 0.39518865942955 0.392908334732056 0.390628039836884 0.388347744941711 0.387034088373184 0.388620257377625 0.390206456184387 0.391792625188828 0.39337882399559 0.39496499300003 0.396551191806793 0.398137390613556 0.407844185829163 0.420257866382599 0.432671576738358 0.445085257291794 0.45749893784523 0.469912618398666 0.482326328754425
0.384323000907898 0.384618997573853 0.384914994239807 0.385210990905762 0.385506987571716 0.385802954435349 0.386098951101303 0.3871209025383 0.388384848833084 0.389648765325546 0.390912711620331 0.392176628112793 0.393440574407578 0.39470449090004 0.395866423845291 0.396722376346588 0.397578328847885 0.398434281349182 0.399290233850479 0.400146156549454 0.401002109050751 0.401858061552048 0.400787174701691 0.399074018001556 0.397360891103745 0.39564773440361 0.393934577703476 0.392221421003342 0.390508264303207 0.389945834875107 0.39283561706543 0.395725399255753 0.398615211248398 0.401504993438721 0.404394775629044 0.407284557819366 0.410174340009689 0.419137269258499 0.43012461066246 0.441111952066422 0.45209926366806 0.463086605072021 0.474073946475983 0.485061258077621
0.383489400148392 0.383750855922699 0.384012311697006 0.384273797273636 0.384535253047943 0.38479670882225 0.385058164596558 0.385974258184433 0.387108504772186 0.388242781162262 0.389377057552338 0.390511333942413 0.391645610332489 0.392779856920242 0.393856376409531 0.39475953578949 0.395662695169449 0.39656588435173 0.397469043731689 0.398372203111649 0.399275362491608 0.400178551673889 0.399544835090637 0.398398816585541 0.397252798080444 0.39610680937767 0.394960790872574 0.393814772367477 0.392668783664703 0.392857611179352 0.397051006555557 0.40124437212944 0.405437767505646 0.409631162881851 0.413824528455734 0.41801792383194 0.422211289405823 0.430430382490158 0.439991354942322 0.449552327394485 0.459113299846649 0.468674272298813 0.478235244750977 0.48779621720314
0.382655769586563 0.382882714271545 0.383109658956528 0.383336573839188 0.38356351852417 0.383790463209152 0.384017407894135 0.384827584028244 0.385832190513611 0.386836796998978 0.387841403484344 0.388846039772034 0.3898506462574 0.390855252742767 0.391846299171448 0.392796695232391 0.393747091293335 0.394697457551956 0.3956478536129 0.396598249673843 0.397548645734787 0.398499011993408 0.398302465677261 0.397723615169525 0.397144734859467 0.39656588435173 0.395987004041672 0.395408153533936 0.394829273223877 0.395769387483597 0.401266366243362 0.406763345003128 0.412260323762894 0.417757302522659 0.423254311084747 0.428751289844513 0.434248268604279 0.441723465919495 0.449858099222183 0.457992702722549 0.466127336025238 0.474261939525604 0.482396572828293 0.490531176328659
0.381822139024734 0.382014572620392 0.382206976413727 0.382399380207062 0.382591784000397 0.382784187793732 0.382976621389389 0.383680939674377 0.384555876255035 0.385430812835693 0.386305779218674 0.387180715799332 0.388055682182312 0.38893061876297 0.389836251735687 0.390833854675293 0.391831457614899 0.392829060554504 0.39382666349411 0.394824296236038 0.395821899175644 0.39681950211525 0.397060126066208 0.397048383951187 0.397036671638489 0.39702495932579 0.397013247013092 0.397001504898071 0.396989792585373 0.398681133985519 0.405481725931168 0.412282317876816 0.419082909822464 0.42588347196579 0.432684063911438 0.439484655857086 0.446285218000412 0.453016579151154 0.459724843502045 0.466433107852936 0.473141342401505 0.479849606752396 0.486557871103287 0.493266135454178
0.380988538265228 0.381146401166916 0.381304293870926 0.381462186574936 0.381620049476624 0.381777942180634 0.381935834884644 0.382534265518188 0.38327956199646 0.384024858474731 0.384770125150681 0.385515421628952 0.386260718107224 0.387006014585495 0.387826174497604 0.388871014118195 0.389915823936462 0.390960663557053 0.392005503177643 0.393050342798233 0.394095152616501 0.395139992237091 0.395817756652832 0.396373182535172 0.396928608417511 0.39748403429985 0.39803946018219 0.398594886064529 0.399150311946869 0.401592910289764 0.409697085618973 0.417801290750504 0.425905466079712 0.43400964140892 0.442113816738129 0.450218021869659 0.458322197198868 0.46430966258049 0.469591557979584 0.474873483181 0.480155378580093 0.485437303781509 0.490719199180603 0.496001094579697
0.380508184432983 0.380608111619949 0.380708009004593 0.380807906389236 0.380907833576202 0.381007730960846 0.38110762834549 0.381648778915405 0.382336974143982 0.383025169372559 0.383713364601135 0.384401559829712 0.385089784860611 0.385777980089188 0.38655611872673 0.387604117393494 0.388652086257935 0.389700084924698 0.390748083591461 0.391796082258224 0.392844051122665 0.393892049789429 0.394771456718445 0.395594656467438 0.396417856216431 0.397241055965424 0.398064255714417 0.398887455463409 0.399710655212402 0.402362823486328 0.410501897335052 0.418640971183777 0.426780074834824 0.434919148683548 0.443058222532272 0.451197326183319 0.459336400032043 0.464922606945038 0.469657868146896 0.474393099546432 0.479128360748291 0.48386362195015 0.488598853349686 0.493334114551544
0.380381137132645 0.380399614572525 0.380418121814728 0.380436599254608 0.380455076694489 0.380473554134369 0.380492031574249 0.381024420261383 0.381728112697601 0.38243180513382 0.383135497570038 0.383839160203934 0.384542852640152 0.38524654507637 0.386026084423065 0.38703316450119 0.388040244579315 0.389047354459763 0.390054434537888 0.391061514616013 0.392068594694138 0.393075674772263 0.393921166658401 0.394712775945663 0.395504385232925 0.396295994520187 0.397087603807449 0.397879213094711 0.398670822381973 0.400990843772888 0.407896131277084 0.41480141878128 0.421706706285477 0.428611993789673 0.435517281293869 0.442422568798065 0.449327856302261 0.454855412244797 0.459923714399338 0.464991986751556 0.470060288906097 0.475128591060638 0.480196893215179 0.48526519536972
0.380254089832306 0.380191147327423 0.38012820482254 0.380065262317657 0.380002319812775 0.379939377307892 0.379876434803009 0.380400091409683 0.381119251251221 0.381838440895081 0.382557600736618 0.383276760578156 0.383995950222015 0.384715110063553 0.3854960501194 0.386462211608887 0.387428402900696 0.388394594192505 0.389360785484314 0.390326946973801 0.39129313826561 0.392259329557419 0.393070876598358 0.393830895423889 0.39459091424942 0.395350933074951 0.396110951900482 0.396870970726013 0.397630989551544 0.399618864059448 0.405290365219116 0.410961866378784 0.41663333773613 0.422304838895798 0.427976340055466 0.433647811412811 0.439319312572479 0.444788187742233 0.450189530849457 0.455590903759003 0.460992246866226 0.46639358997345 0.471794933080673 0.477196276187897
0.380127042531967 0.379982680082321 0.379838317632675 0.379693955183029 0.379549592733383 0.379405230283737 0.379260867834091 0.379775762557983 0.380510419607162 0.381245076656342 0.381979703903198 0.382714360952377 0.383449018001556 0.384183675050735 0.384965986013412 0.385891288518906 0.386816561222076 0.387741833925247 0.388667106628418 0.389592409133911 0.390517681837082 0.391442954540253 0.392220616340637 0.392949044704437 0.393677443265915 0.394405871629715 0.395134299993515 0.395862728357315 0.396591156721115 0.398246914148331 0.402684599161148 0.407122284173965 0.411559998989105 0.415997684001923 0.42043536901474 0.42487308382988 0.429310768842697 0.434720993041992 0.440455377101898 0.446189790964127 0.451924175024033 0.457658559083939 0.463392972946167 0.469127357006073
0.379999995231628 0.379774212837219 0.379548400640488 0.379322618246078 0.379096835851669 0.37887105345726 0.378645271062851 0.379151403903961 0.379901558160782 0.38065168261528 0.381401836872101 0.382151961326599 0.38290211558342 0.383652240037918 0.384435951709747 0.385320335626602 0.386204719543457 0.38708907365799 0.387973457574844 0.388857841491699 0.389742225408554 0.390626609325409 0.391370326280594 0.392067164182663 0.392764002084732 0.393460839986801 0.39415767788887 0.394854485988617 0.395551323890686 0.396874934434891 0.40007883310318 0.403282731771469 0.406486630439758 0.409690529108047 0.412894427776337 0.416098326444626 0.419302225112915 0.424653768539429 0.43072122335434 0.43678867816925 0.442856103181839 0.44892355799675 0.454990983009338 0.461058437824249
0.37987294793129 0.379565715789795 0.379258513450623 0.37895131111145 0.378644078969955 0.378336876630783 0.378029674291611 0.378527075052261 0.379292696714401 0.380058318376541 0.380823940038681 0.381589561700821 0.382355183362961 0.383120834827423 0.383905917406082 0.384749382734299 0.385592848062515 0.386436343193054 0.387279808521271 0.38812330365181 0.388966768980026 0.389810234308243 0.390520036220551 0.391185283660889 0.391850531101227 0.392515778541565 0.393181025981903 0.393846273422241 0.394511520862579 0.395502954721451 0.397473067045212 0.399443179368973 0.401413261890411 0.403383374214172 0.405353486537933 0.407323569059372 0.409293681383133 0.414586573839188 0.420987069606781 0.427387565374374 0.433788031339645 0.440188527107239 0.446589022874832 0.452989518642426
