data/working_set_collections/6091692-Cassins_Sparrow-M2/2005/gwetprof_avg.asc
NCOLS 265 
NROWS 230 
XLLCORNER -115.5625 
YLLCORNER 24.8333333333333 
CELLSIZE 0.0833333333333333 
NODATA_value -9999 
[rows 20 to 39 of 230, columns 44 to 87 of 265]
0.555900812149048 0.547882795333862 0.539864778518677 0.531846821308136 0.52382880449295 0.515810787677765 0.507792770862579 0.499774783849716 0.497751891613007 0.497727334499359 0.497702807188034 0.497678250074387 0.497653722763062 0.497629165649414 0.497604638338089 0.49712535738945 0.495281845331192 0.493438363075256 0.491594880819321 0.489751368761063 0.487907886505127 0.486064374446869 0.484220892190933 0.479397505521774 0.473580837249756 0.467764168977737 0.461947500705719 0.456130832433701 0.450314164161682 0.444497495889664 0.439509660005569 0.437008321285248 0.434506952762604 0.432005614042282 0.42950427532196 0.427002936601639 0.424501568078995 0.422000229358673 0.422407388687134 0.423784077167511 0.425160765647888 0.426537454128265 0.427914142608643 0.429290801286697
0.570598602294922 0.560506939888 0.550415277481079 0.540323615074158 0.530231952667236 0.520140290260315 0.510048627853394 0.499956995248795 0.496305584907532 0.494800984859467 0.493296355009079 0.491791725158691 0.490287095308304 0.488782465457916 0.487277835607529 0.485670655965805 0.483755767345428 0.481840908527374 0.479926019906998 0.478011131286621 0.476096272468567 0.47418138384819 0.472266495227814 0.468145310878754 0.46328866481781 0.458432048559189 0.453575402498245 0.448718756437302 0.443862110376358 0.439005494117737 0.434843868017197 0.432767361402512 0.430690854787827 0.428614377975464 0.426537871360779 0.424461364746094 0.422384858131409 0.420308351516724 0.420661985874176 0.421825677156448 0.422989368438721 0.424153059720993 0.425316751003265 0.426480442285538
0.585296392440796 0.573131084442139 0.560965716838837 0.548800408840179 0.536635100841522 0.524469792842865 0.512304484844208 0.500139176845551 0.494859308004379 0.491874605417252 0.488889902830124 0.485905170440674 0.482920467853546 0.479935765266418 0.476951032876968 0.47421595454216 0.472229689359665 0.47024342417717 0.468257158994675 0.46627089381218 0.464284658432007 0.462298393249512 0.460312128067017 0.456893116235733 0.452996492385864 0.449099898338318 0.445203274488449 0.441306680440903 0.437410086393356 0.433513462543488 0.430178105831146 0.428526431322098 0.426874786615372 0.425223112106323 0.423571437597275 0.421919792890549 0.4202681183815 0.418616473674774 0.418916583061218 0.419867277145386 0.420817971229553 0.421768695116043 0.422719389200211 0.423670083284378
0.59999418258667 0.585755169391632 0.571516215801239 0.557277262210846 0.543038249015808 0.528799295425415 0.514560341835022 0.500321388244629 0.493413031101227 0.488948225975037 0.484483420848846 0.480018645524979 0.475553840398788 0.471089035272598 0.46662425994873 0.462761253118515 0.460703611373901 0.458645969629288 0.456588327884674 0.45453068614006 0.452473044395447 0.450415372848511 0.448357731103897 0.44564089179039 0.442704319953918 0.439767748117447 0.436831176280975 0.433894604444504 0.430958032608032 0.428021460771561 0.425512313842773 0.424285501241684 0.423058688640594 0.421831876039505 0.420605033636093 0.419378221035004 0.418151408433914 0.416924566030502 0.417171150445938 0.417908877134323 0.418646603822708 0.419384300708771 0.420122027397156 0.420859724283218
0.603059411048889 0.588508307933807 0.573957204818726 0.559406161308289 0.544855058193207 0.530303955078125 0.515752851963043 0.501201748847961 0.493690460920334 0.488525718450546 0.483360975980759 0.478196233510971 0.473031491041183 0.467866778373718 0.462702035903931 0.458215266466141 0.455762505531311 0.453309744596481 0.450856953859329 0.4484041929245 0.445951402187347 0.443498641252518 0.441045880317688 0.438601464033127 0.436159819364548 0.433718204498291 0.431276589632034 0.428834944963455 0.426393330097198 0.423951715230942 0.421872168779373 0.420878916978836 0.419885665178299 0.418892383575439 0.417899131774902 0.416905879974365 0.415912628173828 0.414919376373291 0.415222942829132 0.415958762168884 0.416694611310959 0.417430430650711 0.418166279792786 0.418902099132538
0.594492137432098 0.58139044046402 0.568288803100586 0.555187106132507 0.542085409164429 0.528983771800995 0.515882074832916 0.502780437469482 0.4956915974617 0.490607053041458 0.485522508621216 0.480437964200974 0.475353449583054 0.470268905162811 0.465184360742569 0.460578054189682 0.457406401634216 0.454234749078751 0.451063096523285 0.447891443967819 0.444719791412354 0.441548138856888 0.438376486301422 0.435774773359299 0.433363020420074 0.430951237678528 0.428539484739304 0.426127731800079 0.423715949058533 0.421304196119308 0.419257640838623 0.418306678533554 0.417355686426163 0.416404724121094 0.415453732013702 0.414502769708633 0.413551807403564 0.412600815296173 0.413071870803833 0.414016932249069 0.414961993694305 0.415907055139542 0.416852116584778 0.417797178030014
0.585924863815308 0.574272572994232 0.562620341777802 0.550968050956726 0.539315819740295 0.527663588523865 0.516011297702789 0.504359066486359 0.497692734003067 0.49268838763237 0.487684041261673 0.482679724693298 0.477675378322601 0.472671031951904 0.467666685581207 0.462940812110901 0.459050297737122 0.45515975356102 0.451269239187241 0.447378724813461 0.44348818063736 0.43959766626358 0.435707122087479 0.432948082685471 0.430566191673279 0.428184300661087 0.425802379846573 0.423420488834381 0.421038597822189 0.418656706809998 0.416643112897873 0.41573441028595 0.414825737476349 0.413917034864426 0.413008362054825 0.412099659442902 0.411190986633301 0.410282284021378 0.410920828580856 0.412075102329254 0.413229405879974 0.414383679628372 0.415537983179092 0.41669225692749
0.577357530593872 0.567154705524445 0.556951880455017 0.54674905538559 0.536546170711517 0.52634334564209 0.516140520572662 0.505937695503235 0.499693870544434 0.494769722223282 0.489845603704453 0.484921455383301 0.479997307062149 0.47507318854332 0.470149040222168 0.46530357003212 0.460694164037704 0.456084787845612 0.451475381851196 0.446865975856781 0.442256569862366 0.43764716386795 0.433037757873535 0.430121392011642 0.427769362926483 0.425417333841324 0.423065304756165 0.420713275671005 0.418361216783524 0.416009187698364 0.414028584957123 0.413162171840668 0.412295758724213 0.411429345607758 0.410562962293625 0.40969654917717 0.408830136060715 0.407963752746582 0.40876978635788 0.410133302211761 0.411496818065643 0.412860333919525 0.414223849773407 0.415587365627289
0.568790256977081 0.560036838054657 0.551283419132233 0.542530000209808 0.533776581287384 0.52502316236496 0.516269743442535 0.507516324520111 0.501695036888123 0.496851056814194 0.49200713634491 0.487163186073303 0.482319235801697 0.477475315332413 0.472631365060806 0.467666357755661 0.46233806014061 0.457009792327881 0.451681524515152 0.446353226900101 0.441024959087372 0.435696661472321 0.430368393659592 0.427294701337814 0.424972534179688 0.422650367021561 0.420328199863434 0.418006032705307 0.41568386554718 0.413361698389053 0.411414057016373 0.410589933395386 0.409765809774399 0.408941686153412 0.408117562532425 0.407293438911438 0.406469315290451 0.405645191669464 0.406618714332581 0.408191472291946 0.40976420044899 0.411336958408356 0.412909686565399 0.414482444524765
0.56022298336029 0.552918970584869 0.545614957809448 0.538310945034027 0.531006991863251 0.52370297908783 0.516398966312408 0.509094953536987 0.503696143627167 0.498932421207428 0.494168668985367 0.489404916763306 0.484641194343567 0.479877442121506 0.475113719701767 0.47002911567688 0.463981956243515 0.45793479681015 0.451887637376785 0.445840507745743 0.439793348312378 0.433746188879013 0.427699029445648 0.424468010663986 0.422175705432892 0.419883400201797 0.417591094970703 0.415298789739609 0.413006514310837 0.410714209079742 0.4087994992733 0.408017665147781 0.407235831022263 0.406453996896744 0.405672162771225 0.404890328645706 0.404108494520187 0.403326660394669 0.404467672109604 0.406249642372131 0.408031612634659 0.409813582897186 0.411595553159714 0.413377523422241
0.557128071784973 0.550908327102661 0.544688582420349 0.538468837738037 0.532249093055725 0.526029348373413 0.519809603691101 0.513589859008789 0.508122026920319 0.502904832363129 0.497687667608261 0.492470502853394 0.487253308296204 0.482036143541336 0.476818978786469 0.471339613199234 0.465073704719543 0.458807796239853 0.452541887760162 0.446275979280472 0.440010100603104 0.433744192123413 0.427478283643723 0.424382716417313 0.42234393954277 0.420305162668228 0.418266385793686 0.416227608919144 0.414188832044601 0.412150055170059 0.410426944494247 0.409650951623917 0.408874928951263 0.40809890627861 0.407322883605957 0.406546860933304 0.405770838260651 0.40499484539032 0.405968427658081 0.40752524137497 0.409082025289536 0.410638839006424 0.412195652723312 0.413752436637878
0.559505581855774 0.554004907608032 0.548504292964935 0.543003618717194 0.537502944469452 0.53200227022171 0.526501595973969 0.521000921726227 0.514972627162933 0.508768379688263 0.502564132213593 0.496359884738922 0.490155637264252 0.483951389789581 0.477747172117233 0.471597850322723 0.465613305568695 0.459628790616989 0.453644245862961 0.447659730911255 0.441675215959549 0.435690671205521 0.429706156253815 0.427038818597794 0.425477206707001 0.42391562461853 0.42235404253006 0.420792430639267 0.419230848550797 0.417669236660004 0.416296392679214 0.415489733219147 0.414683043956757 0.413876384496689 0.413069725036621 0.412263065576553 0.411456406116486 0.410649716854095 0.411120980978012 0.412018239498138 0.412915468215942 0.413812726736069 0.414709955453873 0.415607213973999
0.561883091926575 0.557101547718048 0.552319943904877 0.54753839969635 0.542756795883179 0.537975192070007 0.533193647861481 0.528412044048309 0.521823167800903 0.514631867408752 0.507440567016602 0.500249266624451 0.4930579662323 0.485866665840149 0.478675335645676 0.471856087446213 0.466152936220169 0.460449784994125 0.454746633768082 0.449043482542038 0.443340331315994 0.437637150287628 0.431933999061584 0.429694920778275 0.428610503673553 0.427526086568832 0.426441669464111 0.425357282161713 0.424272865056992 0.42318844795227 0.422165811061859 0.421328485012054 0.420491188764572 0.419653862714767 0.418816566467285 0.41797924041748 0.417141944169998 0.416304618120193 0.416273564100266 0.416511237621307 0.416748911142349 0.416986614465714 0.417224287986755 0.417461961507797
0.564260601997375 0.560198128223419 0.556135654449463 0.552073121070862 0.548010647296906 0.543948173522949 0.539885699748993 0.535823166370392 0.528673768043518 0.520495414733887 0.512317061424255 0.504138648509979 0.495960295200348 0.487781912088394 0.47960352897644 0.472114324569702 0.466692537069321 0.461270749568939 0.45584899187088 0.450427204370499 0.445005416870117 0.439583659172058 0.434161871671677 0.432351022958755 0.431743800640106 0.431136548519135 0.430529326200485 0.429922103881836 0.429314881563187 0.428707659244537 0.428035229444504 0.427167266607285 0.426299303770065 0.425431340932846 0.424563407897949 0.42369544506073 0.422827482223511 0.421959519386292 0.421426117420197 0.421004235744476 0.420582354068756 0.420160472393036 0.419738620519638 0.419316738843918
0.566638112068176 0.56329470872879 0.559951305389404 0.556607902050018 0.553264498710632 0.549921095371246 0.54657769203186 0.543234288692474 0.535524368286133 0.526358902454376 0.517193496227264 0.508028030395508 0.498862594366074 0.489697158336639 0.480531722307205 0.472372531890869 0.467232137918472 0.462091743946075 0.456951349973679 0.451810956001282 0.446670532226562 0.441530138254166 0.436389744281769 0.435007125139236 0.434877067804337 0.434747010469437 0.434616982936859 0.434486925601959 0.434356898069382 0.434226840734482 0.433904647827148 0.433006048202515 0.432107448577881 0.431208848953247 0.430310219526291 0.429411619901657 0.428513020277023 0.42761442065239 0.426578670740128 0.425497233867645 0.424415796995163 0.423334360122681 0.422252923250198 0.421171486377716
0.569015622138977 0.566391289234161 0.56376701593399 0.561142683029175 0.558518350124359 0.555894076824188 0.553269743919373 0.550645411014557 0.542374968528748 0.53222244977951 0.522069931030273 0.511917412281036 0.501764953136444 0.491612434387207 0.48145991563797 0.472630769014359 0.467771768569946 0.462912738323212 0.458053708076477 0.453194677829742 0.448335647583008 0.443476647138596 0.438617616891861 0.437663197517395 0.438010364770889 0.438357502222061 0.438704639673233 0.439051777124405 0.439398914575577 0.439746052026749 0.439774096012115 0.438844829797745 0.437915563583374 0.436986327171326 0.436057060956955 0.435127824544907 0.434198558330536 0.433269292116165 0.431731253862381 0.429990231990814 0.42824923992157 0.426508247852325 0.424767255783081 0.423026263713837
0.567607939243317 0.565776824951172 0.563945710659027 0.562114536762238 0.560283422470093 0.558452248573303 0.556621134281158 0.554790019989014 0.546800851821899 0.536758959293365 0.526717126369476 0.516675293445587 0.506633400917053 0.496591567993164 0.486549735069275 0.477621763944626 0.472035467624664 0.466449171304703 0.460862874984741 0.455276548862457 0.449690252542496 0.444103956222534 0.438517659902573 0.437776029109955 0.438649296760559 0.439522534608841 0.440395802259445 0.441269040107727 0.442142307758331 0.443015575408936 0.443432837724686 0.442482143640518 0.441531449556351 0.440580755472183 0.439630061388016 0.438679367303848 0.437728673219681 0.436777979135513 0.434955388307571 0.432842195034027 0.430729001760483 0.428615778684616 0.426502585411072 0.424389392137527
0.56241512298584 0.561451256275177 0.560487389564514 0.559523522853851 0.558559656143188 0.557595789432526 0.556631922721863 0.5556680560112 0.548801958560944 0.539968490600586 0.531135022640228 0.522301554679871 0.513468086719513 0.504634618759155 0.495801150798798 0.487345486879349 0.480023264884949 0.472701042890549 0.465378791093826 0.458056569099426 0.450734347105026 0.443412125110626 0.436089903116226 0.435345560312271 0.436793863773346 0.438242167234421 0.439690470695496 0.44113877415657 0.442587107419968 0.444035410881042 0.444880902767181 0.443917959928513 0.442955046892166 0.441992104053497 0.441029191017151 0.440066277980804 0.439103335142136 0.438140422105789 0.436251133680344 0.434053093194962 0.431855052709579 0.429656982421875 0.427458941936493 0.425260901451111
0.557222366333008 0.557125747203827 0.557029128074646 0.556932508945465 0.556835889816284 0.556739270687103 0.556642651557922 0.556546032428741 0.550803065299988 0.543178021907806 0.53555291891098 0.527927815914154 0.520302772521973 0.512677669525146 0.50505256652832 0.497069209814072 0.488011062145233 0.478952914476395 0.469894737005234 0.460836589336395 0.451778441667557 0.442720264196396 0.433662116527557 0.432915091514587 0.434938460588455 0.436961799860001 0.438985168933868 0.441008538007736 0.443031877279282 0.445055246353149 0.446328967809677 0.445353806018829 0.444378644227982 0.443403482437134 0.442428320646286 0.441453158855438 0.44047799706459 0.439502865076065 0.437546879053116 0.435263991355896 0.432981073856354 0.430698186159134 0.428415298461914 0.426132380962372
0.552029550075531 0.552800178527832 0.553570806980133 0.554341495037079 0.55511212348938 0.555882811546326 0.556653439998627 0.557424068450928 0.552804231643677 0.546387553215027 0.539970815181732 0.533554136753082 0.527137398719788 0.520720720291138 0.514303982257843 0.506792962551117 0.495998859405518 0.485204786062241 0.474410682916641 0.463616609573364 0.452822536230087 0.442028433084488 0.431234359741211 0.430484622716904 0.433083027601242 0.43568143248558 0.438279867172241 0.44087827205658 0.443476676940918 0.446075081825256 0.447777032852173 0.446789652109146 0.445802241563797 0.44481486082077 0.443827480077744 0.442840069532394 0.441852688789368 0.440865308046341 0.438842624425888 0.43647488951683 0.43410712480545 0.431739389896393 0.429371625185013 0.427003890275955
