data/working_set_collections/6091692-Cassins_Sparrow-M2/2005/gwetprof_avg.asc
NCOLS 265 
NROWS 230 
XLLCORNER -115.5625 
YLLCORNER 24.8333333333333 
CELLSIZE 0.0833333333333333 
NODATA_value -9999 
[rows 60 to 79 of 230, columns 176 to 219 of 265]
0.424225807189941 0.425405114889145 0.426584452390671 0.427960127592087 0.429924964904785 0.431889772415161 0.43385460972786 0.435819417238235 0.437784254550934 0.43974906206131 0.441713899374008 0.443645715713501 0.445566564798355 0.447487413883209 0.449408233165741 0.451329082250595 0.453249901533127 0.455170750617981 0.457024693489075 0.458678007125854 0.460331320762634 0.461984664201736 0.463637977838516 0.465291291475296 0.466944605112076 0.468597918748856 0.467954009771347 0.466544359922409 0.465134710073471 0.463725060224533 0.462315380573273 0.460905730724335 0.459496080875397 0.458550691604614 0.458998024463654 0.459445357322693 0.459892690181732 0.460340052843094 0.460787385702133 0.461234718561172 0.461682051420212 0.463975369930267 0.466883987188339 0.469792634248734
0.423530876636505 0.424954116344452 0.426377385854721 0.427940875291824 0.429925084114075 0.431909322738647 0.43389356136322 0.435877770185471 0.437862008810043 0.439846247434616 0.441830456256866 0.443893492221832 0.445982813835144 0.448072105646133 0.450161397457123 0.452250719070435 0.454340010881424 0.456429302692413 0.458611935377121 0.461074501276016 0.463537037372589 0.465999603271484 0.46846216917038 0.470924705266953 0.473387271165848 0.475849837064743 0.47471296787262 0.47237628698349 0.47003960609436 0.467702955007553 0.465366274118423 0.463029593229294 0.460692912340164 0.459025710821152 0.459366828203201 0.459707945585251 0.4600490629673 0.46039018034935 0.460731327533722 0.461072444915771 0.461413562297821 0.463893592357635 0.467086613178253 0.470279604196548
0.422835946083069 0.424503117799759 0.426170289516449 0.42792159318924 0.429925233125687 0.431928873062134 0.433932483196259 0.435936123132706 0.437939763069153 0.4399434030056 0.441947042942047 0.444141268730164 0.446399033069611 0.448656797409058 0.450914591550827 0.453172355890274 0.455430120229721 0.457687884569168 0.460199177265167 0.463470965623856 0.466742753982544 0.470014542341232 0.473286360502243 0.476558148860931 0.47982993721962 0.48310175538063 0.481471925973892 0.478208214044571 0.474944531917572 0.471680849790573 0.468417137861252 0.465153455734253 0.461889773607254 0.459500730037689 0.459735631942749 0.459970533847809 0.460205435752869 0.460440337657928 0.460675269365311 0.46091017127037 0.46114507317543 0.463811844587326 0.467289209365845 0.470766574144363
0.422141015529633 0.424052119255066 0.425963222980499 0.427902311086655 0.429925352334976 0.431948393583298 0.433971434831619 0.435994476079941 0.438017517328262 0.440040558576584 0.442063599824905 0.444389045238495 0.4468152821064 0.449241518974304 0.451667755842209 0.454093992710114 0.456520229578018 0.458946466445923 0.461786389350891 0.465867429971695 0.469948470592499 0.474029511213303 0.478110551834106 0.48219159245491 0.486272633075714 0.490353643894196 0.488230884075165 0.484040170907974 0.479849457740784 0.475658744573593 0.471468031406403 0.467277318239212 0.463086605072021 0.459975749254227 0.460104435682297 0.460233122110367 0.460361808538437 0.460490494966507 0.460619181394577 0.46074789762497 0.46087658405304 0.463730067014694 0.467491805553436 0.471253573894501
0.421446055173874 0.423601120710373 0.42575615644455 0.427883058786392 0.429925501346588 0.431967943906784 0.43401038646698 0.436052829027176 0.438095271587372 0.440137714147568 0.442180156707764 0.444636821746826 0.447231501340866 0.449826210737228 0.452420920133591 0.455015629529953 0.457610338926315 0.460205048322678 0.463373631238937 0.468263924121857 0.473154187202454 0.478044450283051 0.48293474316597 0.487825006246567 0.492715299129486 0.497605562210083 0.494989842176437 0.489872097969055 0.484754383563995 0.479636639356613 0.474518895149231 0.469401180744171 0.464283436536789 0.460450768470764 0.460473239421844 0.460495710372925 0.460518181324005 0.460540652275085 0.460563123226166 0.460585623979568 0.460608094930649 0.463648289442062 0.46769443154335 0.471740543842316
0.420751124620438 0.423150092363358 0.4255490899086 0.427863776683807 0.429925620555878 0.431987464427948 0.434049338102341 0.436111181974411 0.438173025846481 0.440234899520874 0.442296743392944 0.444884568452835 0.447647750377655 0.450410932302475 0.453174084424973 0.455937266349792 0.458700448274612 0.46146360039711 0.464960873126984 0.470660388469696 0.476359903812408 0.482059419155121 0.487758934497833 0.493458449840546 0.499157965183258 0.50485748052597 0.50174880027771 0.495704025030136 0.489659279584885 0.483614534139633 0.477569788694382 0.471525013446808 0.465480268001556 0.460925787687302 0.460842043161392 0.460758298635483 0.460674554109573 0.460590809583664 0.460507065057755 0.460423320531845 0.460339605808258 0.463566541671753 0.467897027730942 0.472227513790131
0.413036793470383 0.415597409009933 0.418158024549484 0.420770645141602 0.423539370298386 0.426308125257492 0.429076850414276 0.43184557557106 0.434614300727844 0.437383025884628 0.440151751041412 0.443440228700638 0.446901947259903 0.450363665819168 0.453825384378433 0.457287102937698 0.460748821496964 0.464210540056229 0.468362361192703 0.474584430456161 0.48080649971962 0.487028539180756 0.493250608444214 0.499472677707672 0.50569474697113 0.511916816234589 0.508774042129517 0.502509653568268 0.496245235204697 0.489980846643448 0.483716458082199 0.47745206952095 0.471187680959702 0.466470420360565 0.466394543647766 0.466318637132645 0.466242760419846 0.466166883707047 0.466091006994247 0.466015130281448 0.465939253568649 0.468807637691498 0.472657442092896 0.476507216691971
0.398303031921387 0.400942981243134 0.403582960367203 0.406603693962097 0.410766780376434 0.414929836988449 0.419092923402786 0.423256009817123 0.427419066429138 0.431582152843475 0.435745239257812 0.440303772687912 0.444994121789932 0.449684470891953 0.454374819993973 0.459065169095993 0.463755518198013 0.468445867300034 0.473578095436096 0.480036020278931 0.486493945121765 0.4929518699646 0.499409794807434 0.505867719650269 0.512325644493103 0.518783569335938 0.516065537929535 0.510288894176483 0.504512250423431 0.49873560667038 0.492958933115005 0.487182289361954 0.481405645608902 0.477084666490555 0.477130711078644 0.477176785469055 0.477222830057144 0.477268904447556 0.477314949035645 0.477360993623734 0.477407068014145 0.479371607303619 0.481975615024567 0.484579652547836
0.383569270372391 0.386288583278656 0.389007896184921 0.392436742782593 0.397994160652161 0.403551578521729 0.409108996391296 0.414666444063187 0.420223861932755 0.425781279802322 0.43133869767189 0.437167286872864 0.443086266517639 0.449005246162415 0.45492422580719 0.460843205451965 0.466762185096741 0.472681164741516 0.478793859481812 0.485487639904022 0.492181420326233 0.498875200748444 0.505568981170654 0.512262761592865 0.518956542015076 0.525650322437286 0.523357093334198 0.518068194389343 0.512779235839844 0.507490336894989 0.502201437950134 0.496912509202957 0.491623610258102 0.487698912620544 0.487866908311844 0.488034904003143 0.488202899694443 0.488370895385742 0.488538891077042 0.488706886768341 0.48887488245964 0.489935576915741 0.49129381775856 0.492652058601379
0.368835508823395 0.371634185314178 0.37443283200264 0.378269761800766 0.385221540927887 0.392173320055008 0.399125099182129 0.406076848506927 0.413028627634048 0.419980406761169 0.42693218588829 0.434030830860138 0.441178441047668 0.448326051235199 0.45547366142273 0.46262127161026 0.46976888179779 0.476916462182999 0.484009593725204 0.490939229726791 0.497868865728378 0.504798531532288 0.511728167533875 0.518657803535461 0.525587439537048 0.532517075538635 0.530648589134216 0.525847434997559 0.521046280860901 0.516245067119598 0.511443912982941 0.506642758846283 0.50184154510498 0.498313158750534 0.498603105545044 0.498893022537231 0.499182969331741 0.499472886323929 0.499762833118439 0.500052750110626 0.500342667102814 0.500499546527863 0.500612020492554 0.500724494457245
0.354101777076721 0.356979757547379 0.359857767820358 0.364102810621262 0.372448921203613 0.380795061588287 0.389141172170639 0.397487282752991 0.405833423137665 0.414179533720016 0.422525644302368 0.430894374847412 0.439270615577698 0.447646826505661 0.456023067235947 0.464399307966232 0.472775548696518 0.481151789426804 0.489225327968597 0.496390849351883 0.503556311130524 0.510721862316132 0.517887353897095 0.525052845478058 0.532218337059021 0.539383828639984 0.537940144538879 0.533626675605774 0.529313266277313 0.524999856948853 0.520686388015747 0.516372978687286 0.512059509754181 0.508927404880524 0.509339272975922 0.50975114107132 0.510163009166718 0.510574877262115 0.510986745357513 0.511398613452911 0.511810481548309 0.511063516139984 0.509930193424225 0.508796870708466
0.339368015527725 0.342325359582901 0.345282703638077 0.349935829639435 0.35967630147934 0.369416773319244 0.379157245159149 0.388897716999054 0.398638188838959 0.408378660678864 0.418119132518768 0.427757889032364 0.437362760305405 0.446967631578445 0.456572502851486 0.466177374124527 0.475782215595245 0.485387086868286 0.494441092014313 0.501842439174652 0.509243786334991 0.516645133495331 0.524046540260315 0.531447887420654 0.538849234580994 0.546250581741333 0.545231640338898 0.541405975818634 0.537580251693726 0.533754587173462 0.529928863048553 0.52610319852829 0.522277474403381 0.519541680812836 0.520075500011444 0.520609259605408 0.521143078804016 0.521676898002625 0.522210717201233 0.522744536399841 0.523278295993805 0.521627485752106 0.519248366355896 0.516869306564331
0.336289882659912 0.339223146438599 0.342156410217285 0.346847176551819 0.356810420751572 0.366773664951324 0.376736879348755 0.386700123548508 0.39666336774826 0.406626582145691 0.416589826345444 0.426382899284363 0.436119228601456 0.445855587720871 0.455591917037964 0.465328276157379 0.475064605474472 0.484800934791565 0.493909507989883 0.501134753227234 0.508359968662262 0.51558518409729 0.522810399532318 0.530035614967346 0.537260830402374 0.544486105442047 0.54373961687088 0.540335893630981 0.536932229995728 0.533528506755829 0.530124843120575 0.526721119880676 0.523317456245422 0.521034419536591 0.52211332321167 0.523192226886749 0.524271190166473 0.525350093841553 0.526428997516632 0.527507960796356 0.528586864471436 0.526842176914215 0.524156212806702 0.521470248699188
0.344867378473282 0.347673147916794 0.350478887557983 0.354836821556091 0.363851249217987 0.37286564707756 0.381880074739456 0.390894502401352 0.399908900260925 0.408923327922821 0.417937755584717 0.426769345998764 0.435540020465851 0.444310694932938 0.453081339597702 0.461852014064789 0.470622688531876 0.47939333319664 0.487630605697632 0.494267702102661 0.50090479850769 0.50754189491272 0.514178991317749 0.520816087722778 0.527453184127808 0.534090280532837 0.533463954925537 0.530416548252106 0.52736908197403 0.524321675300598 0.521274209022522 0.518226802349091 0.515179336071014 0.513405561447144 0.515452802181244 0.517500042915344 0.519547283649445 0.5215944647789 0.523641705513 0.525688946247101 0.527736186981201 0.526707530021667 0.524653673171997 0.522599756717682
0.353444904088974 0.356123149394989 0.358801364898682 0.362826466560364 0.37089204788208 0.378957659006119 0.387023270130157 0.395088851451874 0.403154462575912 0.411220073699951 0.41928568482399 0.427155822515488 0.434960812330246 0.442765802145004 0.45057076215744 0.458375751972198 0.466180741786957 0.473985731601715 0.481351733207703 0.487400680780411 0.493449658155441 0.499498635530472 0.50554758310318 0.51159656047821 0.517645537853241 0.523694515228271 0.523188352584839 0.520497143268585 0.517805993556976 0.515114784240723 0.512423634529114 0.50973242521286 0.507041275501251 0.505776762962341 0.508792281150818 0.511807799339294 0.514823377132416 0.517838895320892 0.520854413509369 0.523869931697845 0.526885449886322 0.526572942733765 0.525151073932648 0.523729264736176
0.362022399902344 0.364573121070862 0.36712384223938 0.370816081762314 0.377932876348495 0.385049670934677 0.392166465520859 0.399283230304718 0.4064000248909 0.413516819477081 0.420633584260941 0.427542269229889 0.434381574392319 0.441220879554749 0.448060214519501 0.454899519681931 0.46173882484436 0.46857813000679 0.475072830915451 0.48053365945816 0.485994517803192 0.491455346345901 0.496916174888611 0.502377033233643 0.507837891578674 0.513298690319061 0.512912690639496 0.51057779788971 0.508242845535278 0.505907952785492 0.503573000431061 0.501238107681274 0.498903185129166 0.498147934675217 0.502131760120392 0.506115615367889 0.510099470615387 0.51408326625824 0.518067121505737 0.52205091714859 0.526034772396088 0.526438355445862 0.525648534297943 0.524858713150024
0.370599895715714 0.373023122549057 0.375446319580078 0.378805726766586 0.384973704814911 0.391141682863235 0.397309631109238 0.403477609157562 0.409645587205887 0.415813535451889 0.421981513500214 0.427928745746613 0.433802366256714 0.439675986766815 0.445549637079239 0.45142325758934 0.457296907901764 0.463170528411865 0.468793928623199 0.47366663813591 0.478539347648621 0.483412057161331 0.488284766674042 0.493157476186752 0.498030185699463 0.502902925014496 0.502637088298798 0.500658392906189 0.498679757118225 0.496701091527939 0.494722425937653 0.492743760347366 0.49076509475708 0.490519136190414 0.495471268892288 0.50042337179184 0.505375504493713 0.510327696800232 0.515279829502106 0.52023196220398 0.525184094905853 0.526303768157959 0.526145994663239 0.525988221168518
0.379177391529083 0.38147309422493 0.383768796920776 0.386795371770859 0.392014533281326 0.397233664989471 0.402452826499939 0.407671988010406 0.412891119718552 0.418110281229019 0.423329442739487 0.428315192461014 0.433223158121109 0.438131093978882 0.443039059638977 0.447947025299072 0.452854961156845 0.45776292681694 0.462515026330948 0.46679961681366 0.471084207296371 0.475368797779083 0.479653358459473 0.483937948942184 0.488222539424896 0.492507129907608 0.492361456155777 0.490739047527313 0.48911663889885 0.487494230270386 0.485871821641922 0.484249413013458 0.482627004384995 0.48289030790329 0.488810747861862 0.494731187820435 0.500651597976685 0.506572067737579 0.512492477893829 0.518412947654724 0.524333357810974 0.526169180870056 0.526643455028534 0.527117729187012
0.385000258684158 0.387211889028549 0.38942351937294 0.392225384712219 0.396797984838486 0.401370584964752 0.405943185091019 0.410515815019608 0.415088415145874 0.41966101527214 0.424233615398407 0.428618162870407 0.432940036058426 0.437261879444122 0.441583722829819 0.445905596017838 0.450227439403534 0.454549312591553 0.45872750878334 0.46247473359108 0.466221958398819 0.469969183206558 0.473716408014297 0.477463662624359 0.481210887432098 0.484958112239838 0.484872967004776 0.483510404825211 0.482147842645645 0.480785250663757 0.479422688484192 0.478060096502304 0.476697534322739 0.477269619703293 0.483645796775818 0.49002194404602 0.496398091316223 0.502774238586426 0.509150385856628 0.515526533126831 0.521902740001678 0.52412360906601 0.52495938539505 0.525795221328735
0.388068467378616 0.39023944735527 0.392410427331924 0.395095735788345 0.399324089288712 0.403552412986755 0.407780736684799 0.412009090185165 0.416237413883209 0.420465737581253 0.424694091081619 0.428837656974792 0.432953000068665 0.437068343162537 0.441183656454086 0.445298999547958 0.44941434264183 0.453529685735703 0.457431346178055 0.46069198846817 0.463952630758286 0.467213273048401 0.470473945140839 0.473734587430954 0.476995229721069 0.480255872011185 0.480171650648117 0.478972494602203 0.47777333855629 0.476574152708054 0.47537499666214 0.474175810813904 0.47297665476799 0.473657101392746 0.479976385831833 0.48629567027092 0.492614954710007 0.498934239149094 0.505253493785858 0.511572778224945 0.517892062664032 0.520167052745819 0.521093904972076 0.522020757198334
