data/working_set_collections/6091692-Cassins_Sparrow-M2/2005/gwetprof_avg.asc
NCOLS 265 
NROWS 230 
XLLCORNER -115.5625 
YLLCORNER 24.8333333333333 
CELLSIZE 0.0833333333333333 
NODATA_value -9999 
[rows 20 to 39 of 230, columns 132 to 175 of 265]
0.399741113185883 0.395499885082245 0.392222315073013 0.391835719347 0.391449123620987 0.391062527894974 0.390675932168961 0.39028936624527 0.389902770519257 0.389516174793243 0.390275597572327 0.391416996717453 0.392558425664902 0.393699824810028 0.394841253757477 0.395982652902603 0.397124081850052 0.395370453596115 0.384931713342667 0.374492943286896 0.364054203033447 0.353615462779999 0.34317672252655 0.332737982273102 0.322299242019653 0.310309201478958 0.297802060842514 0.28529492020607 0.272787749767303 0.260280609130859 0.247773468494415 0.235266327857971 0.225467175245285 0.223792061209679 0.222116947174072 0.220441818237305 0.218766704201698 0.217091575264931 0.215416461229324 0.213741347193718 0.213057920336723 0.212705045938492 0.212352186441422 0.211999326944351
0.400604218244553 0.396143436431885 0.392624616622925 0.391931593418121 0.391238540410995 0.390545517206192 0.389852494001389 0.389159470796585 0.388466447591782 0.387773424386978 0.388326466083527 0.389294892549515 0.390263289213181 0.391231715679169 0.392200142145157 0.393168538808823 0.394136965274811 0.391922533512115 0.380159616470337 0.368396699428558 0.35663378238678 0.344870865345001 0.333107948303223 0.321345031261444 0.309582114219666 0.298607051372528 0.287894576787949 0.277182132005692 0.266469687223434 0.255757242441177 0.245044782757759 0.234332323074341 0.225839182734489 0.224003955721855 0.222168728709221 0.220333501696587 0.218498259782791 0.216663032770157 0.214827805757523 0.212992578744888 0.212522760033607 0.212508082389832 0.212493404746056 0.212478712201118
0.401467323303223 0.396787017583847 0.393026918172836 0.39202743768692 0.391027987003326 0.39002850651741 0.389029055833817 0.3880295753479 0.387030124664307 0.38603064417839 0.386377334594727 0.387172758579254 0.387968182563782 0.388763606548309 0.389559030532837 0.390354424715042 0.39114984869957 0.388474643230438 0.37538754940033 0.362300455570221 0.349213361740112 0.336126267910004 0.323039174079895 0.309952080249786 0.296864986419678 0.286904871463776 0.277987122535706 0.269069373607635 0.260151594877243 0.251233845949173 0.242316082119942 0.233398333191872 0.226211175322533 0.22421583533287 0.22222051024437 0.220225170254707 0.218229830265045 0.216234490275383 0.214239165186882 0.21224382519722 0.211987614631653 0.212311118841171 0.212634608149529 0.212958112359047
0.40233039855957 0.397430568933487 0.393429219722748 0.392123311758041 0.390817403793335 0.389511495828629 0.388205587863922 0.386899679899216 0.385593801736832 0.384287893772125 0.384428232908249 0.385050654411316 0.385673075914383 0.38629549741745 0.386917918920517 0.387540310621262 0.388162732124329 0.385026752948761 0.370615482330322 0.356204211711884 0.341792941093445 0.327381670475006 0.312970399856567 0.298559129238129 0.28414785861969 0.275202721357346 0.268079668283463 0.260956585407257 0.253833532333374 0.24671046435833 0.239587396383286 0.232464328408241 0.226583167910576 0.224427729845047 0.222272291779518 0.220116838812828 0.217961400747299 0.215805947780609 0.21365050971508 0.211495071649551 0.211452469229698 0.21211414039135 0.212775826454163 0.213437497615814
0.403080135583878 0.398142278194427 0.394093453884125 0.392711728811264 0.391330003738403 0.389948278665543 0.388566553592682 0.387184828519821 0.385803133249283 0.384421408176422 0.384407997131348 0.384850680828094 0.385293334722519 0.385736018419266 0.386178702116013 0.386621385812759 0.387064069509506 0.383844643831253 0.369638919830322 0.355433166027069 0.341227412223816 0.327021688222885 0.312815934419632 0.298610180616379 0.284404456615448 0.276412069797516 0.270490795373917 0.264569520950317 0.258648246526718 0.252726972103119 0.246805712580681 0.240884438157082 0.235636562108994 0.232408806681633 0.229181051254272 0.225953295826912 0.222725540399551 0.219497799873352 0.216270044445992 0.213042289018631 0.213161155581474 0.21439553797245 0.215629935264587 0.216864332556725
0.403716504573822 0.398922115564346 0.395019620656967 0.393792688846588 0.392565786838531 0.391338855028152 0.390111953020096 0.388885021209717 0.38765811920166 0.386431187391281 0.386316627264023 0.38657283782959 0.386829048395157 0.387085229158401 0.387341439723969 0.387597650289536 0.387853860855103 0.384928375482559 0.37245786190033 0.3599873483181 0.34751683473587 0.335046321153641 0.322575807571411 0.310105293989182 0.297634780406952 0.290532886981964 0.285220503807068 0.279908150434494 0.274595767259598 0.269283413887024 0.263971030712128 0.258658677339554 0.253371328115463 0.248159065842628 0.242946803569794 0.237734541296959 0.232522279024124 0.227310016751289 0.222097769379616 0.216885507106781 0.217113673686981 0.219155311584473 0.221196949481964 0.223238587379456
0.404352873563766 0.399701982736588 0.39594578742981 0.394873678684235 0.39380156993866 0.392729431390762 0.391657322645187 0.390585213899612 0.389513105154037 0.388440996408463 0.388225257396698 0.388294994831085 0.388364732265472 0.388434439897537 0.388504177331924 0.388573914766312 0.388643622398376 0.386012107133865 0.375276833772659 0.364541530609131 0.353806257247925 0.343070983886719 0.33233568072319 0.321600407361984 0.310865104198456 0.304653704166412 0.299950212240219 0.295246750116348 0.290543287992477 0.285839825868607 0.281136363744736 0.276432871818542 0.271106094121933 0.263909310102463 0.256712555885315 0.249515786767006 0.242319017648697 0.235122248530388 0.227925479412079 0.22072871029377 0.221066191792488 0.223915070295334 0.22676394879818 0.229612842202187
0.404989212751389 0.400481820106506 0.396871954202652 0.395954638719559 0.395037323236465 0.394120037555695 0.393202722072601 0.392285406589508 0.391368091106415 0.390450805425644 0.390133917331696 0.390017151832581 0.389900416135788 0.389783650636673 0.38966691493988 0.389550149440765 0.389433413743973 0.387095838785172 0.378095775842667 0.369095712900162 0.360095679759979 0.351095616817474 0.34209555387497 0.333095490932465 0.324095457792282 0.318774521350861 0.314679950475693 0.310585379600525 0.306490808725357 0.302396237850189 0.298301666975021 0.294207096099854 0.288840860128403 0.279659569263458 0.270478308200836 0.261297017335892 0.25211575627327 0.242934480309486 0.233753204345703 0.22457192838192 0.225018694996834 0.228674829006195 0.232330963015556 0.235987097024918
0.405625581741333 0.401261687278748 0.397798120975494 0.397035628557205 0.396273106336594 0.395510613918304 0.394748091697693 0.393985599279404 0.393223106861115 0.392460584640503 0.392042547464371 0.391739308834076 0.391436100006104 0.391132861375809 0.390829652547836 0.390526413917542 0.390223175287247 0.388179570436478 0.380914747714996 0.373649924993515 0.366385072469711 0.35912024974823 0.351855427026749 0.344590604305267 0.337325781583786 0.332895338535309 0.329409658908844 0.325923979282379 0.322438329458237 0.318952649831772 0.315466970205307 0.311981320381165 0.306575626134872 0.295409828424454 0.284244060516357 0.273078262805939 0.261912494897842 0.250746697187424 0.239580914378166 0.228415131568909 0.228971213102341 0.233434587717056 0.237897962331772 0.242361351847649
0.406261950731277 0.402041524648666 0.398724287748337 0.398116588592529 0.397508889436722 0.396901190280914 0.396293491125107 0.395685791969299 0.395078092813492 0.394470393657684 0.393951177597046 0.393461465835571 0.392971783876419 0.392482072114944 0.39199236035347 0.391502678394318 0.391012966632843 0.389263302087784 0.383733689785004 0.378204107284546 0.372674494981766 0.367144912481308 0.361615300178528 0.35608571767807 0.35055610537529 0.347016155719757 0.344139367341995 0.341262608766556 0.338385850191116 0.335509061813354 0.332632303237915 0.329755544662476 0.324310392141342 0.311160087585449 0.298009812831879 0.284859508275986 0.271709233522415 0.258558928966522 0.24540863931179 0.232258349657059 0.232923731207848 0.238194361329079 0.243464976549149 0.24873560667038
0.406809508800507 0.402814656496048 0.399675875902176 0.399105191230774 0.398534506559372 0.397963851690292 0.39739316701889 0.396822482347488 0.396251827478409 0.395681142807007 0.395132780075073 0.394591838121414 0.394050925970078 0.393509984016418 0.392969042062759 0.392428129911423 0.391887187957764 0.390099793672562 0.384573072195053 0.379046320915222 0.373519599437714 0.367992848157883 0.362466126680374 0.356939375400543 0.351412653923035 0.349294126033783 0.348311722278595 0.347329288721085 0.346346855163574 0.345364451408386 0.344382017850876 0.343399584293365 0.339293837547302 0.325818061828613 0.312342286109924 0.298866510391235 0.285390704870224 0.271914929151535 0.258439153432846 0.244963392615318 0.245284914970398 0.250205546617508 0.255126178264618 0.260046809911728
0.40726825594902 0.403581082820892 0.400652855634689 0.400001436471939 0.399350017309189 0.398698568344116 0.398047149181366 0.397395730018616 0.396744281053543 0.396092861890793 0.39558732509613 0.395130425691605 0.394673496484756 0.394216597080231 0.393759697675705 0.393302768468857 0.392845869064331 0.390689104795456 0.383432865142822 0.376176625490189 0.368920356035233 0.361664116382599 0.354407846927643 0.347151607275009 0.339895367622375 0.339729309082031 0.341926664113998 0.344124048948288 0.346321403980255 0.348518759012222 0.350716114044189 0.352913498878479 0.351525962352753 0.339383721351624 0.327241480350494 0.315099239349365 0.302956998348236 0.290814757347107 0.278672516345978 0.266530275344849 0.266054749488831 0.269468158483505 0.272881597280502 0.276295006275177
0.407726973295212 0.404347509145737 0.401629865169525 0.400897681713104 0.400165498256683 0.399433314800262 0.398701131343842 0.397968947887421 0.397236764431 0.396504580974579 0.396041870117188 0.395668983459473 0.395296096801758 0.394923210144043 0.394550323486328 0.394177436828613 0.393804520368576 0.39127841591835 0.382292658090591 0.373306900262833 0.364321142435074 0.355335354804993 0.346349596977234 0.337363839149475 0.328378081321716 0.33016449213028 0.335541635751724 0.340918779373169 0.346295922994614 0.351673096418381 0.357050240039825 0.36242738366127 0.363758057355881 0.352949351072311 0.342140644788742 0.331331938505173 0.320523262023926 0.309714555740356 0.298905849456787 0.288097143173218 0.286824613809586 0.288730800151825 0.290636986494064 0.292543172836304
0.408185720443726 0.405113935470581 0.402606874704361 0.401793926954269 0.400980979204178 0.400168061256409 0.399355113506317 0.398542165756226 0.397729247808456 0.396916300058365 0.396496415138245 0.396207541227341 0.395918697118759 0.395629823207855 0.395340949296951 0.395052075386047 0.394763201475143 0.391867727041245 0.381152451038361 0.370437175035477 0.359721899032593 0.349006623029709 0.338291347026825 0.327576071023941 0.316860795021057 0.320599675178528 0.32915660738945 0.337713539600372 0.346270471811295 0.354827404022217 0.363384336233139 0.371941268444061 0.375990182161331 0.366515010595322 0.357039839029312 0.347564667463303 0.338089525699615 0.328614354133606 0.319139182567596 0.309664011001587 0.307594448328018 0.307993412017822 0.308392375707626 0.308791369199753
0.408644437789917 0.405880361795425 0.403583854436874 0.402690172195435 0.401796489953995 0.400902777910233 0.400009095668793 0.399115413427353 0.398221731185913 0.397328019142151 0.396950960159302 0.396746128797531 0.396541267633438 0.396336436271667 0.396131575107574 0.395926713943481 0.395721882581711 0.392457038164139 0.38001224398613 0.367567449808121 0.355122655630112 0.342677891254425 0.330233097076416 0.317788302898407 0.305343508720398 0.311034858226776 0.322771579027176 0.334508299827576 0.346245020627975 0.357981741428375 0.369718462228775 0.381455183029175 0.388222306966782 0.380080670118332 0.371939033269882 0.363797396421432 0.355655789375305 0.347514152526855 0.339372515678406 0.331230878829956 0.328364282846451 0.32725602388382 0.326147794723511 0.32503953576088
0.409103184938431 0.40664678812027 0.40456086397171 0.4035864174366 0.402611970901489 0.401637524366379 0.400663077831268 0.399688631296158 0.398714184761047 0.397739738225937 0.397405505180359 0.397284686565399 0.397163867950439 0.39704304933548 0.396922200918198 0.396801382303238 0.396680563688278 0.393046349287033 0.378872036933899 0.364697754383087 0.350523442029953 0.336349129676819 0.322174817323685 0.308000534772873 0.293826222419739 0.301470011472702 0.316386520862579 0.331303030252457 0.346219539642334 0.361136049032211 0.376052558422089 0.390969067811966 0.400454431772232 0.393646329641342 0.386838227510452 0.380030125379562 0.373222053050995 0.366413950920105 0.359605848789215 0.352797746658325 0.349134117364883 0.346518665552139 0.343903183937073 0.341287732124329
0.406506836414337 0.403982937335968 0.401854902505875 0.400914490222931 0.399974077939987 0.399033665657043 0.3980932533741 0.397152841091156 0.396212428808212 0.395271986722946 0.39437147974968 0.393484264612198 0.392597079277039 0.391709864139557 0.390822649002075 0.389935433864594 0.389048218727112 0.38522657752037 0.372601538896561 0.359976500272751 0.347351491451263 0.334726452827454 0.322101414203644 0.309476405382156 0.296851366758347 0.304800361394882 0.319607377052307 0.334414392709732 0.349221408367157 0.364028424024582 0.378835439682007 0.393642455339432 0.403458297252655 0.398300558328629 0.393142849206924 0.387985110282898 0.382827371358871 0.377669632434845 0.372511893510818 0.367354184389114 0.363795250654221 0.360769271850586 0.357743293046951 0.354717314243317
0.400855392217636 0.397888839244843 0.395466029644012 0.39467442035675 0.393882811069489 0.393091201782227 0.392299592494965 0.391507983207703 0.390716373920441 0.389924764633179 0.387848883867264 0.38534489274025 0.382840901613235 0.380336880683899 0.377832889556885 0.375328898429871 0.372824907302856 0.368997693061829 0.361200720071793 0.353403747081757 0.345606803894043 0.337809830904007 0.330012887716293 0.322215914726257 0.314418941736221 0.321025907993317 0.332434147596359 0.343842387199402 0.355250626802444 0.366658866405487 0.378067135810852 0.389475375413895 0.397233933210373 0.394043385982513 0.390852838754654 0.387662291526794 0.384471774101257 0.381281226873398 0.378090679645538 0.374900162220001 0.372347682714462 0.370007902383804 0.367668122053146 0.365328341722488
0.395203948020935 0.391794770956039 0.38907715678215 0.38843435049057 0.38779154419899 0.387148767709732 0.386505961418152 0.385863155126572 0.385220348834991 0.384577542543411 0.381326258182526 0.377205491065979 0.37308469414711 0.368963927030563 0.364843159914017 0.360722362995148 0.356601595878601 0.352768808603287 0.349799901247025 0.346830993890762 0.343862116336823 0.34089320898056 0.33792433142662 0.334955424070358 0.331986546516418 0.337251424789429 0.345260888338089 0.353270381689072 0.361279845237732 0.369289308786392 0.377298802137375 0.385308265686035 0.391009539365768 0.389786183834076 0.388562858104706 0.387339502573013 0.386116176843643 0.384892821311951 0.383669465780258 0.382446140050888 0.380900114774704 0.379246532917023 0.377592951059341 0.37593936920166
0.389552533626556 0.385700672864914 0.382688283920288 0.38219428062439 0.381700277328491 0.381206303834915 0.380712300539017 0.380218297243118 0.379724323749542 0.379230320453644 0.37480366230011 0.369066089391708 0.363328516483307 0.357590973377228 0.351853400468826 0.346115857362747 0.340378284454346 0.336539894342422 0.338399082422256 0.34025827050209 0.342117428779602 0.343976616859436 0.345835775136948 0.347694963216782 0.349554121494293 0.353476941585541 0.358087658882141 0.362698346376419 0.367309063673019 0.371919751167297 0.376530468463898 0.381141185760498 0.384785175323486 0.385529011487961 0.386272847652435 0.387016713619232 0.387760549783707 0.388504415750504 0.389248251914978 0.389992117881775 0.389452517032623 0.388485133647919 0.387517750263214 0.38655036687851
