data/working_set_collections/6091692-Cassins_Sparrow-M2/2005/gwetprof_avg.asc
NCOLS 265 
NROWS 230 
XLLCORNER -115.5625 
YLLCORNER 24.8333333333333 
CELLSIZE 0.0833333333333333 
NODATA_value -9999 
[rows 180 to 199 of 230, columns 176 to 219 of 265]
0.584689557552338 0.597615003585815 0.610540390014648 0.620511174201965 0.6216179728508 0.622724771499634 0.623831570148468 0.624938368797302 0.626045167446136 0.627151966094971 0.628258764743805 0.629337847232819 0.630407631397247 0.631477475166321 0.63254725933075 0.633617103099823 0.634686887264252 0.635756731033325 0.634306967258453 0.62529844045639 0.616289854049683 0.60728132724762 0.598272800445557 0.589264273643494 0.580255746841431 0.571247160434723 0.573195099830627 0.578795194625854 0.584395349025726 0.589995443820953 0.59559553861618 0.601195633411407 0.606795728206635 0.612002313137054 0.616028308868408 0.620054364204407 0.62408035993576 0.628106355667114 0.632132351398468 0.636158406734467 0.64018440246582 0.644234120845795 0.648291707038879 0.652349352836609
0.578751802444458 0.591132581233978 0.603513360023499 0.613302290439606 0.615315675735474 0.617329061031342 0.61934244632721 0.621355831623077 0.623369216918945 0.625382602214813 0.627395987510681 0.628732025623322 0.629842281341553 0.630952537059784 0.632062792778015 0.633172988891602 0.634283244609833 0.635393500328064 0.63435971736908 0.626893818378448 0.619427978992462 0.611962080001831 0.604496240615845 0.597030341625214 0.589564502239227 0.582098603248596 0.582055270671844 0.584486126899719 0.586916983127594 0.589347839355469 0.591778695583344 0.594209551811218 0.596640408039093 0.59932804107666 0.602786123752594 0.606244206428528 0.609702229499817 0.613160312175751 0.616618394851685 0.620076417922974 0.623534500598907 0.629411995410919 0.636095941066742 0.64277994632721
0.572814047336578 0.584650158882141 0.596486330032349 0.606093466281891 0.609013438224792 0.611933410167694 0.614853382110596 0.617773354053497 0.620693325996399 0.6236132979393 0.626533269882202 0.628126263618469 0.629276931285858 0.630427598953247 0.631578266620636 0.632728934288025 0.633879601955414 0.635030269622803 0.634412467479706 0.628489255905151 0.622566044330597 0.616642892360687 0.610719680786133 0.604796469211578 0.598873257637024 0.59295004606247 0.590915501117706 0.590177059173584 0.589438676834106 0.588700294494629 0.587961852550507 0.587223470211029 0.586485087871552 0.586653828620911 0.58954393863678 0.592434048652649 0.595324158668518 0.598214268684387 0.601104378700256 0.603994488716125 0.606884598731995 0.614589869976044 0.623900175094604 0.633210480213165
0.566876232624054 0.578167796134949 0.589459300041199 0.598884582519531 0.602711141109467 0.606537699699402 0.610364317893982 0.614190876483917 0.618017435073853 0.621843993663788 0.625670552253723 0.627520501613617 0.628711581230164 0.62990266084671 0.631093740463257 0.632284879684448 0.633475959300995 0.634667038917542 0.634465217590332 0.630084693431854 0.625704169273376 0.621323645114899 0.616943120956421 0.612562596797943 0.608182072639465 0.603801548480988 0.599775671958923 0.595867991447449 0.591960370540619 0.588052690029144 0.584145069122314 0.58023738861084 0.57632976770401 0.573979556560516 0.576301693916321 0.57862389087677 0.580946028232574 0.583268165588379 0.585590362548828 0.587912499904633 0.590234637260437 0.599767744541168 0.611704409122467 0.623641073703766
0.560938477516174 0.571685373783112 0.582432270050049 0.591675758361816 0.596408903598785 0.601142048835754 0.605875194072723 0.610608339309692 0.615341484546661 0.62007462978363 0.624807775020599 0.626914739608765 0.628146231174469 0.629377782344818 0.630609273910522 0.631840765476227 0.633072316646576 0.63430380821228 0.634517967700958 0.631680130958557 0.628842234611511 0.62600439786911 0.623166561126709 0.620328664779663 0.617490828037262 0.614652991294861 0.60863584280014 0.601558923721313 0.594482004642487 0.587405145168304 0.580328226089478 0.573251307010651 0.566174447536469 0.561305284500122 0.563059508800507 0.564813733100891 0.566567957401276 0.568322122097015 0.5700763463974 0.571830570697784 0.573584735393524 0.584945559501648 0.59950864315033 0.614071667194366
0.55500066280365 0.565202951431274 0.575405240058899 0.584466874599457 0.59010660648346 0.595746397972107 0.60138612985611 0.607025861740112 0.612665593624115 0.618305325508118 0.62394505739212 0.626308977603912 0.627580881118774 0.628852844238281 0.630124747753143 0.63139671087265 0.632668614387512 0.633940577507019 0.634570717811584 0.63327556848526 0.631980359554291 0.630685150623322 0.629390001296997 0.628094792366028 0.626799583435059 0.625504434108734 0.617496013641357 0.607249855995178 0.597003698348999 0.58675754070282 0.576511383056641 0.566265285015106 0.556019127368927 0.548631072044373 0.549817323684692 0.551003575325012 0.552189826965332 0.553376078605652 0.554562330245972 0.555748581886292 0.556934833526611 0.570123434066772 0.587312877178192 0.604502260684967
0.547568082809448 0.557007312774658 0.566446542739868 0.575190842151642 0.581850230693817 0.588509678840637 0.595169126987457 0.601828515529633 0.608487963676453 0.615147411823273 0.621806800365448 0.624560415744781 0.626012027263641 0.627463698387146 0.628915309906006 0.630366921424866 0.63181859254837 0.63327020406723 0.634035170078278 0.632740199565887 0.631445169448853 0.630150139331818 0.628855168819427 0.627560138702393 0.626265108585358 0.624970078468323 0.616182446479797 0.604897320270538 0.593612134456635 0.582326948642731 0.571041762828827 0.559756577014923 0.548471391201019 0.54054582118988 0.542698800563812 0.544851839542389 0.547004878520966 0.549157857894897 0.551310896873474 0.553463935852051 0.555616915225983 0.569483280181885 0.587254106998444 0.605024874210358
0.538640737533569 0.547098457813263 0.555556178092957 0.563847541809082 0.571639776229858 0.579432010650635 0.587224185466766 0.595016419887543 0.602808654308319 0.610600829124451 0.618393063545227 0.621669054031372 0.62343966960907 0.625210285186768 0.626980900764465 0.628751516342163 0.630522131919861 0.632292747497559 0.632911324501038 0.63007402420044 0.627236664295197 0.624399363994598 0.621562004089355 0.618724703788757 0.615887343883514 0.613050043582916 0.604695200920105 0.594501256942749 0.584307253360748 0.574113309383392 0.563919305801392 0.553725361824036 0.543531358242035 0.537049531936646 0.541703999042511 0.546358525753021 0.551012992858887 0.555667519569397 0.560322046279907 0.564976513385773 0.569631040096283 0.583025097846985 0.599332332611084 0.615639567375183
0.529713332653046 0.537189602851868 0.54466587305069 0.552504301071167 0.5614293217659 0.570354282855988 0.57927930355072 0.588204324245453 0.597129285335541 0.606054306030273 0.614979267120361 0.618777751922607 0.620867311954498 0.622956871986389 0.625046491622925 0.627136051654816 0.629225671291351 0.631315231323242 0.631787478923798 0.627407848834991 0.623028218746185 0.618648588657379 0.614268898963928 0.609889268875122 0.605509638786316 0.601129949092865 0.593207955360413 0.58410519361496 0.575002431869507 0.565899670124054 0.556796848773956 0.547694087028503 0.538591325283051 0.533553242683411 0.54070919752121 0.547865211963654 0.555021166801453 0.562177181243896 0.569333136081696 0.576489150524139 0.583645105361938 0.596566915512085 0.611410617828369 0.626254260540009
0.520785927772522 0.527280747890472 0.533775508403778 0.541161060333252 0.551218807697296 0.561276614665985 0.571334362030029 0.581392168998718 0.591449975967407 0.601507723331451 0.61156553030014 0.615886390209198 0.618294954299927 0.620703518390656 0.623112082481384 0.625520646572113 0.627929151058197 0.630337715148926 0.630663633346558 0.624741673469543 0.618819713592529 0.612897753715515 0.606975793838501 0.601053833961487 0.595131874084473 0.589209914207458 0.58172070980072 0.57370913028717 0.565697550773621 0.557685971260071 0.549674391746521 0.541662871837616 0.533651292324066 0.530056953430176 0.539714395999908 0.549371898174286 0.559029340744019 0.568686842918396 0.578344285488129 0.588001728057861 0.597659230232239 0.61010867357254 0.62348884344101 0.636869013309479
0.511858582496643 0.517371833324432 0.522885143756866 0.529817759990692 0.541008353233337 0.552198886871338 0.563389480113983 0.574580073356628 0.585770606994629 0.596961200237274 0.608151793479919 0.612995088100433 0.615722596645355 0.618450105190277 0.621177673339844 0.623905181884766 0.626632690429688 0.629360258579254 0.629539847373962 0.62207555770874 0.614611268043518 0.607146978378296 0.599682688713074 0.592218399047852 0.584754109382629 0.577289819717407 0.570233464241028 0.563313126564026 0.556392729282379 0.549472332000732 0.54255199432373 0.535631597042084 0.528711199760437 0.526560664176941 0.538719594478607 0.550878584384918 0.563037514686584 0.575196444988251 0.587355434894562 0.599514365196228 0.611673295497894 0.62365049123764 0.63556706905365 0.647483706474304
0.502931177616119 0.507462978363037 0.511994779109955 0.518474519252777 0.530797839164734 0.543121218681335 0.555444598197937 0.567767918109894 0.580091297626495 0.592414677143097 0.604737997055054 0.610103726387024 0.613150238990784 0.616196751594543 0.619243264198303 0.622289717197418 0.625336229801178 0.628382742404938 0.628416001796722 0.619409382343292 0.610402762889862 0.601396143436432 0.592389583587646 0.583382964134216 0.574376344680786 0.565369784832001 0.558746218681335 0.552917063236237 0.547087848186493 0.541258692741394 0.535429537296295 0.529600322246552 0.523771166801453 0.523064374923706 0.537724792957306 0.552385270595551 0.56704568862915 0.58170610666275 0.59636652469635 0.611027002334595 0.625687420368195 0.63719230890274 0.647645354270935 0.65809839963913
0.493666112422943 0.49677848815918 0.499890863895416 0.505303382873535 0.517616212368011 0.529929041862488 0.542241930961609 0.554554760456085 0.566867649555206 0.579180479049683 0.591493368148804 0.597805082798004 0.602116465568542 0.606427788734436 0.610739171504974 0.615050554275513 0.619361937046051 0.623673260211945 0.624532699584961 0.615036129951477 0.605539619922638 0.596043109893799 0.586546540260315 0.577050030231476 0.567553520202637 0.558056950569153 0.551854491233826 0.546750068664551 0.541645646095276 0.536541223526001 0.531436800956726 0.526332378387451 0.521227955818176 0.52134770154953 0.53713995218277 0.552932262420654 0.568724513053894 0.584516823291779 0.600309073925018 0.616101384162903 0.631893694400787 0.642634630203247 0.651691794395447 0.660748958587646
0.484063357114792 0.485318332910538 0.486573308706284 0.490304321050644 0.501463413238525 0.512622475624084 0.523781538009644 0.534940600395203 0.546099662780762 0.557258725166321 0.56841778755188 0.576099157333374 0.582621276378632 0.589143395423889 0.595665514469147 0.602187633514404 0.608709752559662 0.615231871604919 0.617889940738678 0.60895586013794 0.600021779537201 0.591087698936462 0.582153618335724 0.57321959733963 0.564285516738892 0.555351436138153 0.549558341503143 0.544812202453613 0.540066063404083 0.535319924354553 0.530573785305023 0.525827646255493 0.521081507205963 0.521410524845123 0.536965012550354 0.55251955986023 0.56807404756546 0.583628535270691 0.599183082580566 0.614737570285797 0.630292057991028 0.63997745513916 0.64770644903183 0.6554354429245
0.474460601806641 0.473858207464218 0.473255783319473 0.475305289030075 0.485310554504395 0.495315849781036 0.505321085453033 0.515326380729675 0.525331676006317 0.535336911678314 0.545342206954956 0.554393172264099 0.563126027584076 0.571858942508698 0.580591797828674 0.589324653148651 0.598057508468628 0.60679042339325 0.611247181892395 0.602875530719757 0.594503939151764 0.586132347583771 0.577760696411133 0.56938910484314 0.561017513275146 0.552645921707153 0.547262132167816 0.542874276638031 0.538486421108246 0.534098625183105 0.52971076965332 0.525322914123535 0.52093505859375 0.521473407745361 0.536790132522583 0.552106857299805 0.567423582077026 0.582740306854248 0.59805703163147 0.613373756408691 0.628690481185913 0.637320280075073 0.643721103668213 -9999
0.464857876300812 0.462398052215576 0.459938257932663 0.460306257009506 0.469157755374908 0.478009223937988 0.48686072230339 0.49571219086647 0.504563689231873 0.513415157794952 0.522266626358032 0.532687246799469 0.543630838394165 0.554574489593506 0.565518081188202 0.576461732387543 0.587405323982239 0.59834897518158 0.604604363441467 0.59679526090622 0.588986098766327 0.581176936626434 0.573367834091187 0.565558671951294 0.557749509811401 0.549940347671509 0.544965922832489 0.540936350822449 0.536906838417053 0.532877266407013 0.528847754001617 0.524818181991577 0.520788669586182 0.521536231040955 0.536615192890167 0.55169415473938 0.566773116588593 0.581852078437805 0.596930980682373 0.612009942531586 0.627088904380798 0.634663105010986 0.639735758304596 -9999
0.45525512099266 0.450937926769257 0.44662070274353 0.445307224988937 0.4530049264431 0.46070259809494 0.468400299549103 0.476098001003265 0.483795702457428 0.491493403911591 0.499191075563431 0.510981261730194 0.524135649204254 0.537290036678314 0.550444424152374 0.56359875202179 0.57675313949585 0.58990752696991 0.597961604595184 0.590714931488037 0.58346825838089 0.576221585273743 0.568974912166595 0.561728179454803 0.554481506347656 0.547234833240509 0.542669713497162 0.538998484611511 0.535327255725861 0.531655967235565 0.527984738349915 0.524313509464264 0.520642220973969 0.521599113941193 0.536440253257751 0.551281452178955 0.566122591495514 0.580963790416718 0.595804989337921 0.61064612865448 0.625487327575684 0.632005929946899 0.635750412940979 -9999
0.445652365684509 0.439477771520615 0.43330317735672 0.430308192968369 0.436852097511292 0.443396002054214 0.449939906597137 0.45648381114006 0.463027715682983 0.469571620225906 0.476115524768829 0.489275336265564 0.504640460014343 0.520005583763123 0.535370707511902 0.550735831260681 0.56610095500946 0.58146607875824 0.591318845748901 0.5846346616745 0.577950417995453 0.571266174316406 0.564581990242004 0.557897746562958 0.551213502883911 0.544529318809509 0.540373504161835 0.537060558795929 0.533747613430023 0.530434668064117 0.527121722698212 0.523808777332306 0.5204958319664 0.521661937236786 0.53626537322998 0.55086874961853 0.56547212600708 0.580075562000275 0.594678938388824 0.609282314777374 0.623885750770569 0.629348754882812 0.631765007972717 -9999
0.442240417003632 0.435315787792206 0.428391128778458 0.424478679895401 0.429602742195129 0.43472683429718 0.439850926399231 0.444975018501282 0.450099110603333 0.455223172903061 0.460347265005112 0.474206209182739 0.490976721048355 0.507747292518616 0.524517774581909 0.541288316249847 0.558058857917786 0.574829399585724 0.58565080165863 0.578624784946442 0.571598827838898 0.564572811126709 0.55754679441452 0.550520777702332 0.543494820594788 0.536468803882599 0.531203508377075 0.526525139808655 0.521846771240234 0.517168402671814 0.512490034103394 0.507811665534973 0.503133296966553 0.503111779689789 0.517060935497284 0.531010091304779 0.544959247112274 0.558908402919769 0.572857558727264 0.58680671453476 0.600755870342255 0.607696950435638 0.61230194568634 0.616906940937042
0.44501930475235 0.438451945781708 0.431884616613388 0.427818655967712 0.431256890296936 0.434695154428482 0.438133388757706 0.441571623086929 0.445009857416153 0.448448091745377 0.451886355876923 0.465773850679398 0.483144462108612 0.500515043735504 0.517885684967041 0.535256266593933 0.55262690782547 0.569997489452362 0.580957412719727 0.572685420513153 0.56441342830658 0.556141376495361 0.547869384288788 0.539597392082214 0.531325340270996 0.523053348064423 0.515159726142883 0.507392227649689 0.499624699354172 0.491857200860977 0.484089702367783 0.476322174072266 0.468554675579071 0.465948671102524 0.478827118873596 0.491705566644669 0.504584014415741 0.517462432384491 0.530340909957886 0.543219327926636 0.55609780550003 0.567050397396088 0.577361106872559 -9999
