data/working_set_collections/6091692-Cassins_Sparrow-M2/2005/gwetroot_avg.asc
NCOLS 265 
NROWS 230 
XLLCORNER -115.5625 
YLLCORNER 24.8333333333333 
CELLSIZE 0.0833333333333333 
NODATA_value -9999 
[rows 40 to 59 of 230, columns 88 to 131 of 265]
0.424421191215515 0.423150897026062 0.427697032690048 0.432243198156357 0.436789333820343 0.441335499286652 0.44588166475296 0.450427800416946 0.454973965883255 0.461087256669998 0.467722982168198 0.474358677864075 0.480994373559952 0.487630069255829 0.494265764951706 0.500901460647583 0.507075726985931 0.511865496635437 0.516655325889587 0.521445095539093 0.526234924793243 0.531024694442749 0.535814523696899 0.540604293346405 0.53294962644577 0.521146714687347 0.509343862533569 0.497541010379791 0.485738128423691 0.473935276269913 0.462132424116135 0.4515181183815 0.444469481706619 0.437420874834061 0.43037223815918 0.423323601484299 0.41627499461174 0.409226357936859 0.402177751064301 0.395190507173538 0.388223707675934 0.381256937980652 0.374290138483047 0.367323368787766
0.424573928117752 0.422761648893356 0.425717175006866 0.428672701120377 0.431628227233887 0.434583753347397 0.437539279460907 0.44049483537674 0.44345036149025 0.449928760528564 0.457581430673599 0.465234100818634 0.472886800765991 0.480539470911026 0.488192141056061 0.495844841003418 0.502905607223511 0.50819057226181 0.513475596904755 0.518760561943054 0.524045586585999 0.529330551624298 0.534615576267242 0.539900541305542 0.532186627388 0.520139694213867 0.508092820644379 0.496045917272568 0.483999013900757 0.471952110528946 0.459905207157135 0.449121594429016 0.442127972841263 0.435134321451187 0.428140699863434 0.421147048473358 0.414153426885605 0.407159775495529 0.400166124105453 0.392463564872742 0.384524673223495 0.376585811376572 0.368646919727325 0.360708028078079
0.4244604408741 0.422501683235168 0.424651652574539 0.426801592111588 0.428951561450958 0.431101530790329 0.4332515001297 0.43540146946907 0.437551438808441 0.444209039211273 0.452369183301926 0.460529327392578 0.468689501285553 0.476849645376205 0.485009789466858 0.493169963359833 0.500570893287659 0.505694210529327 0.510817587375641 0.51594090461731 0.521064221858978 0.526187539100647 0.53131091594696 0.536434233188629 0.52876228094101 0.516825199127197 0.504888117313385 0.492951035499573 0.48101395368576 0.469076901674271 0.457139819860458 0.446461856365204 0.4395612180233 0.432660579681396 0.425759941339493 0.418859302997589 0.411958694458008 0.405058056116104 0.3981574177742 0.390560895204544 0.382732421159744 0.374903947114944 0.367075502872467 0.359247028827667
0.424080729484558 0.422371000051498 0.424500435590744 0.426629900932312 0.42875936627388 0.430888801813126 0.433018267154694 0.435147732496262 0.437277168035507 0.443928122520447 0.452086240053177 0.460244357585907 0.468402475118637 0.476560592651367 0.484718710184097 0.492876827716827 0.50007164478302 0.504376471042633 0.508681237697601 0.512986063957214 0.517290890216827 0.52159571647644 0.525900542736053 0.530205368995667 0.522676527500153 0.511203169822693 0.499729782342911 0.488256394863129 0.476783037185669 0.465309679508209 0.453836292028427 0.443538874387741 0.436769247055054 0.429999649524689 0.423230022192001 0.416460394859314 0.409690797328949 0.402921169996262 0.396151572465897 0.389482498168945 0.38284695148468 0.376211404800415 0.369575887918472 0.362940341234207
0.423701018095016 0.422240316867828 0.424349248409271 0.426458209753036 0.428567141294479 0.430676102638245 0.432785034179688 0.434893995523453 0.437002927064896 0.443647235631943 0.451803296804428 0.459959387779236 0.468115478754044 0.476271539926529 0.484427630901337 0.492583721876144 0.499572366476059 0.503058671951294 0.506544947624207 0.510031282901764 0.513517558574677 0.517003834247589 0.520490169525146 0.523976445198059 0.516590774059296 0.505581080913544 0.494571447372437 0.483561784029007 0.472552090883255 0.461542427539825 0.450532764196396 0.440615862607956 0.433977276086807 0.427338689565659 0.42070010304451 0.414061486721039 0.40742290019989 0.400784313678741 0.394145727157593 0.388404101133347 0.382961481809616 0.377518862485886 0.372076272964478 0.366633653640747
0.423321306705475 0.422109633684158 0.424198061227798 0.426286488771439 0.428374946117401 0.430463373661041 0.432551801204681 0.434640228748322 0.436728686094284 0.443366318941116 0.451520353555679 0.459674417972565 0.467828452587128 0.475982517004013 0.484136551618576 0.492290586233139 0.499073088169098 0.501740872859955 0.504408657550812 0.507076442241669 0.509744226932526 0.512412011623383 0.51507979631424 0.517747581005096 0.510505020618439 0.499959081411362 0.489413112401962 0.478867143392563 0.468321174383163 0.457775205373764 0.447229236364365 0.437692880630493 0.431185305118561 0.424677729606628 0.418170154094696 0.411662608385086 0.405155032873154 0.398647457361221 0.392139881849289 0.38732573390007 0.383076041936874 0.378826349973679 0.374576658010483 0.370326936244965
0.422941565513611 0.421978950500488 0.424046874046326 0.426114797592163 0.428182721138 0.430250644683838 0.432318568229675 0.434386491775513 0.43645441532135 0.443085432052612 0.451237440109253 0.459389448165894 0.467541456222534 0.475693464279175 0.483845472335815 0.491997480392456 0.498573809862137 0.500423073768616 0.502272367477417 0.504121601581573 0.505970895290375 0.507820129394531 0.509669423103333 0.511518657207489 0.504419326782227 0.494337022304535 0.484254777431488 0.474172502756119 0.46409022808075 0.454007983207703 0.443925708532333 0.434769868850708 0.428393334150314 0.422016769647598 0.415640234947205 0.409263700246811 0.402887135744095 0.396510601043701 0.390134036540985 0.386247336864471 0.38319057226181 0.380133807659149 0.377077043056488 0.374020248651505
0.422561854124069 0.421848237514496 0.42389565706253 0.425943076610565 0.4279904961586 0.430037915706635 0.432085335254669 0.434132754802704 0.436180174350739 0.442804515361786 0.450954496860504 0.4591044485569 0.467254430055618 0.475404411554337 0.483554393053055 0.491704374551773 0.498074531555176 0.499105274677277 0.500136017799377 0.501166760921478 0.502197563648224 0.503228306770325 0.504259049892426 0.505289793014526 0.498333543539047 0.48871499300003 0.479096442461014 0.469477862119675 0.459859311580658 0.450240761041641 0.440622180700302 0.431846886873245 0.425601363182068 0.41935583949089 0.413110315799713 0.406864792108536 0.400619238615036 0.394373714923859 0.388128191232681 0.385168939828873 0.383305102586746 0.38144126534462 0.379577428102493 0.377713561058044
0.425010085105896 0.423957735300064 0.425989508628845 0.428021252155304 0.430052995681763 0.432084769010544 0.434116512537003 0.436148285865784 0.438180029392242 0.444483131170273 0.452210038900375 0.459936946630478 0.46766385436058 0.475390762090683 0.483117669820786 0.490844577550888 0.496783971786499 0.497360795736313 0.497937589883804 0.498514413833618 0.499091237783432 0.499668061733246 0.500244855880737 0.500821709632874 0.494226783514023 0.485241293907166 0.476255804300308 0.467270314693451 0.458284825086594 0.449299335479736 0.440313845872879 0.432031393051147 0.425858080387115 0.419684737920761 0.413511395454407 0.407338082790375 0.40116474032402 0.394991397857666 0.388818085193634 0.386288374662399 0.38497319817543 0.383658051490784 0.382342904806137 0.381027728319168
0.430286228656769 0.428307414054871 0.430328339338303 0.432349264621735 0.434370219707489 0.436391144990921 0.438412100076675 0.440433025360107 0.442453980445862 0.448121309280396 0.455004125833511 0.461886912584305 0.468769729137421 0.475652545690536 0.48253533244133 0.489418148994446 0.494702100753784 0.49518957734108 0.495677053928375 0.496164500713348 0.496651977300644 0.497139453887939 0.497626900672913 0.498114377260208 0.492098957300186 0.48391592502594 0.475732862949371 0.467549830675125 0.459366768598557 0.45118373632431 0.443000704050064 0.435323417186737 0.429163455963135 0.423003494739532 0.41684353351593 0.410683572292328 0.404523611068726 0.398363649845123 0.392203688621521 0.389605641365051 0.388194918632507 0.386784195899963 0.385373473167419 0.383962720632553
0.435562342405319 0.432657063007355 0.434667199850082 0.436677306890488 0.438687413930893 0.440697550773621 0.442707657814026 0.444717794656754 0.446727901697159 0.451759457588196 0.457798182964325 0.463836878538132 0.469875574111938 0.475914299488068 0.481952995061874 0.487991690635681 0.492620259523392 0.493018388748169 0.493416488170624 0.493814587593079 0.494212716817856 0.494610816240311 0.495008945465088 0.495407044887543 0.48997113108635 0.482590526342392 0.475209921598434 0.467829346656799 0.460448741912842 0.453068137168884 0.445687532424927 0.438615441322327 0.432468831539154 0.426322251558304 0.420175671577454 0.414029061794281 0.407882481813431 0.401735872030258 0.395589292049408 0.392922908067703 0.391416609287262 0.389910310506821 0.388404041528702 0.38689774274826
0.440838485956192 0.437006711959839 0.43900603055954 0.441005349159241 0.443004637956619 0.44500395655632 0.447003245353699 0.4490025639534 0.451001852750778 0.455397635698318 0.460592240095139 0.465786844491959 0.470981448888779 0.476176053285599 0.481370657682419 0.486565262079239 0.490538418292999 0.490847170352936 0.491155922412872 0.491464704275131 0.491773456335068 0.492082208395004 0.492390990257263 0.4926997423172 0.487843304872513 0.481265157461166 0.47468701004982 0.468108832836151 0.461530685424805 0.454952538013458 0.448374390602112 0.441907465457916 0.435774236917496 0.429641008377075 0.423507779836655 0.417374551296234 0.411241322755814 0.405108124017715 0.398974895477295 0.396240174770355 0.394638329744339 0.393036454916 0.391434609889984 0.389832735061646
0.446114629507065 0.441356390714645 0.443344861268997 0.445333361625671 0.447321861982346 0.449310332536697 0.451298832893372 0.453287303447723 0.455275803804398 0.459035813808441 0.463386297225952 0.467736810445786 0.472087323665619 0.47643780708313 0.480788320302963 0.485138833522797 0.488456547260284 0.488675951957703 0.488895386457443 0.489114791154861 0.48933419585228 0.489553600549698 0.489773005247116 0.489992409944534 0.485715478658676 0.479939788579941 0.474164068698883 0.468388348817825 0.46261265873909 0.456836938858032 0.451061218976974 0.445199459791183 0.439079612493515 0.432959765195847 0.426839917898178 0.42072007060051 0.414600193500519 0.40848034620285 0.402360498905182 0.39955747127533 0.397860020399094 0.39616259932518 0.394465178251266 0.39276772737503
0.451390773057938 0.44570603966713 0.447683721780777 0.449661403894424 0.45163905620575 0.453616738319397 0.455594390630722 0.45757207274437 0.459549754858017 0.462673962116241 0.466180354356766 0.469686776399612 0.473193168640137 0.476699590682983 0.480205982923508 0.483712375164032 0.486374706029892 0.486504763364792 0.486634820699692 0.486764878034592 0.486894935369492 0.487024992704391 0.487155050039291 0.487285107374191 0.483587682247162 0.478614389896393 0.473641127347946 0.4686678647995 0.463694602251053 0.458721339702606 0.45374807715416 0.448491483926773 0.442385017871857 0.436278522014618 0.430172026157379 0.424065560102463 0.417959064245224 0.411852568387985 0.405746102333069 0.402874737977982 0.401081740856171 0.39928874373436 0.397495746612549 0.395702719688416
0.458966583013535 0.452928602695465 0.454230189323425 0.455531746149063 0.456833302974701 0.458134859800339 0.459436416625977 0.460738003253937 0.462039560079575 0.464687943458557 0.467785239219666 0.470882564783096 0.473979860544205 0.477077186107635 0.480174481868744 0.483271807432175 0.485536158084869 0.485301643610001 0.485067158937454 0.484832644462585 0.484598159790039 0.484363675117493 0.484129160642624 0.483894675970078 0.480424493551254 0.475875794887543 0.471327066421509 0.466778337955475 0.462229639291763 0.457680910825729 0.453132212162018 0.448228776454926 0.442261278629303 0.43629378080368 0.430326253175735 0.424358755350113 0.41839125752449 0.412423729896545 0.406456232070923 0.403799653053284 0.402246713638306 0.400693774223328 0.399140805006027 0.397587865591049
0.468842029571533 0.463024079799652 0.46298423409462 0.46294441819191 0.462904572486877 0.462864726781845 0.462824910879135 0.462785065174103 0.462745249271393 0.465077698230743 0.468200922012329 0.471324145793915 0.4744473695755 0.477570593357086 0.480693817138672 0.483817040920258 0.485940903425217 0.485066652297974 0.484192371368408 0.483318120241165 0.482443869113922 0.481569617986679 0.480695366859436 0.479821085929871 0.476225972175598 0.471723914146423 0.467221856117249 0.462719798088074 0.458217740058899 0.453715682029724 0.449213624000549 0.444411367177963 0.438708424568176 0.433005511760712 0.427302598953247 0.421599686145782 0.415896743535995 0.410193830728531 0.404490917921066 0.402332216501236 0.401354968547821 0.400377690792084 0.399400413036346 0.398423165082932
0.478717476129532 0.473119527101517 0.471738308668137 0.470357090234756 0.468975841999054 0.467594623565674 0.466213375329971 0.464832156896591 0.463450908660889 0.465467482805252 0.468616604804993 0.471765756607056 0.474914878606796 0.478064030408859 0.4812131524086 0.484362304210663 0.486345648765564 0.484831631183624 0.483317613601685 0.481803596019745 0.480289578437805 0.478775560855865 0.477261543273926 0.475747525691986 0.472027480602264 0.467572063207626 0.463116675615311 0.458661258220673 0.454205870628357 0.449750453233719 0.445295065641403 0.440593928098679 0.435155600309372 0.429717272520065 0.424278914928436 0.41884058713913 0.413402259349823 0.407963931560516 0.402525573968887 0.400864809751511 0.400463223457336 0.400061637163162 0.399660021066666 0.399258434772491
0.48859292268753 0.483215004205704 0.480492383241653 0.477769732475281 0.47504711151123 0.47232449054718 0.46960186958313 0.466879218816757 0.464156597852707 0.465857237577438 0.469032287597656 0.472207337617874 0.475382387638092 0.47855743765831 0.481732487678528 0.484907567501068 0.486750394105911 0.484596610069275 0.482442855834961 0.480289071798325 0.478135287761688 0.475981503725052 0.473827719688416 0.471673965454102 0.467828959226608 0.463420212268829 0.45901146531105 0.454602718353271 0.450193971395493 0.445785224437714 0.441376507282257 0.436776489019394 0.431602746248245 0.426429003477097 0.421255260705948 0.416081517934799 0.410907745361328 0.405734002590179 0.400560259819031 0.399397403001785 0.399571478366852 0.399745553731918 0.399919629096985 0.400093704462051
0.498468369245529 0.493310451507568 0.489246428012848 0.485182404518127 0.481118381023407 0.477054357528687 0.472990334033966 0.468926310539246 0.464862287044525 0.466246992349625 0.46944797039032 0.472648948431015 0.475849896669388 0.479050874710083 0.482251852750778 0.485452800989151 0.487155139446259 0.484361618757248 0.481568068265915 0.478774547576904 0.475980997085571 0.473187476396561 0.470393925905228 0.467600375413895 0.463630437850952 0.459268361330032 0.45490625500679 0.45054417848587 0.446182101964951 0.441820025444031 0.437457919120789 0.432959079742432 0.428049921989441 0.423140734434128 0.418231576681137 0.413322418928146 0.408413261175156 0.403504103422165 0.398594945669174 0.397929966449738 0.398679733276367 0.399429470300674 0.400179237127304 0.400929003953934
0.508343815803528 0.503405928611755 0.498000502586365 0.492595076560974 0.487189650535583 0.481784224510193 0.476378828287125 0.470973402261734 0.465567976236343 0.466636776924133 0.469863653182983 0.473090529441833 0.476317405700684 0.479544311761856 0.482771188020706 0.485998064279556 0.487559884786606 0.484126597642899 0.480693310499191 0.477259993553162 0.473826706409454 0.470393419265747 0.466960102319717 0.46352681517601 0.459431916475296 0.455116480588913 0.450801074504852 0.446485638618469 0.442170202732086 0.437854796648026 0.433539360761642 0.429141640663147 0.424497067928314 0.419852495193481 0.415207922458649 0.410563349723816 0.405918776988983 0.40127420425415 0.396629601716995 0.396462559700012 0.397787988185883 0.399113416671753 0.400438845157623 0.401764273643494
