data/working_set_collections/6091692-Cassins_Sparrow-M2/2005/gwetroot_avg.asc
NCOLS 265 
NROWS 230 
XLLCORNER -115.5625 
YLLCORNER 24.8333333333333 
CELLSIZE 0.0833333333333333 
NODATA_value -9999 
[rows 160 to 179 of 230, columns 88 to 131 of 265]
0.414659768342972 0.414971739053726 0.415459305047989 0.415946900844574 0.416434466838837 0.416922032833099 0.417409598827362 0.417897164821625 0.418384730815887 0.413968801498413 0.407918363809586 0.401867896318436 0.395817458629608 0.389766991138458 0.383716553449631 0.377666115760803 0.371662825345993 0.365801095962524 0.359939396381378 0.35407766699791 0.348215937614441 0.342354208230972 0.336492478847504 0.330630749464035 0.334451764822006 0.34150031208992 0.348548859357834 0.35559743642807 0.362645983695984 0.36969456076622 0.376743108034134 0.384806334972382 0.395913600921631 0.40702086687088 0.418128103017807 0.429235368967056 0.440342605113983 0.451449871063232 0.462557107210159 0.463439881801605 0.460914492607117 0.458389103412628 0.45586371421814 0.453338325023651
0.41473987698555 0.414696753025055 0.414210468530655 0.413724213838577 0.4132379591465 0.4127516746521 0.412265419960022 0.411779135465622 0.411292880773544 0.407698631286621 0.403068393468857 0.398438185453415 0.393807947635651 0.389177739620209 0.384547501802444 0.37991726398468 0.375133007764816 0.369886666536331 0.364640325307846 0.359393984079361 0.354147642850876 0.348901301622391 0.343654960393906 0.338408619165421 0.341556012630463 0.347501307725906 0.353446632623672 0.359391957521439 0.365337252616882 0.371282577514648 0.377227872610092 0.384606420993805 0.396284639835358 0.407962828874588 0.419641047716141 0.431319236755371 0.442997455596924 0.454675674438477 0.466353863477707 0.46717968583107 0.464388012886047 0.461596339941025 0.458804666996002 0.45601299405098
0.413726896047592 0.413510918617249 0.412682563066483 0.411854207515717 0.411025851964951 0.410197496414185 0.409369111061096 0.40854075551033 0.407712399959564 0.404677301645279 0.400906652212143 0.397135972976685 0.393365323543549 0.38959464430809 0.385823965072632 0.382053315639496 0.378142476081848 0.373811095952988 0.369479715824127 0.365148335695267 0.360816955566406 0.356485575437546 0.352154225111008 0.347822844982147 0.350264817476273 0.35496461391449 0.359664410352707 0.364364176988602 0.369063973426819 0.373763769865036 0.378463566303253 0.384878695011139 0.396439969539642 0.408001214265823 0.419562458992004 0.431123733520508 0.442684978246689 0.45424622297287 0.465807497501373 0.466862171888351 0.464414685964584 0.461967200040817 0.45951971411705 0.457072228193283
0.411620825529099 0.411414265632629 0.410875558853149 0.410336852073669 0.409798145294189 0.40925943851471 0.408720761537552 0.408182054758072 0.407643347978592 0.404904842376709 0.401433080434799 0.397961288690567 0.394489526748657 0.391017764806747 0.387545973062515 0.384074211120605 0.380691170692444 0.377574354410172 0.374457538127899 0.371340721845627 0.368223875761032 0.36510705947876 0.361990243196487 0.358873426914215 0.360578209161758 0.363890200853348 0.367202192544937 0.370514184236526 0.373826146125793 0.377138137817383 0.380450129508972 0.385623216629028 0.396379619836807 0.407135993242264 0.417892396450043 0.428648769855499 0.439405173063278 0.450161576271057 0.460917949676514 0.462487429380417 0.460994571447372 0.459501713514328 0.458008855581284 0.456515997648239
0.409514725208282 0.409317582845688 0.409068554639816 0.408819496631622 0.408570468425751 0.408321410417557 0.408072382211685 0.407823324203491 0.40757429599762 0.405132383108139 0.401959478855133 0.398786604404449 0.395613729953766 0.392440855503082 0.389267981052399 0.386095106601715 0.38323986530304 0.381337612867355 0.379435330629349 0.377533078193665 0.37563082575798 0.373728543519974 0.37182629108429 0.369924008846283 0.370891600847244 0.372815787792206 0.374739974737167 0.376664161682129 0.378588318824768 0.38051250576973 0.382436692714691 0.386367708444595 0.39631924033165 0.406270772218704 0.416222304105759 0.426173835992813 0.436125367879868 0.446076899766922 0.456028431653976 0.45811265707016 0.457574427127838 0.457036226987839 0.456497997045517 0.455959796905518
0.407408654689789 0.407220929861069 0.407261520624161 0.407302141189575 0.40734276175499 0.407383382320404 0.407424002885818 0.407464623451233 0.407505244016647 0.405359894037247 0.402485907077789 0.399611920118332 0.396737933158875 0.393863946199417 0.390989989042282 0.388116002082825 0.385788589715958 0.385100871324539 0.384413152933121 0.383725464344025 0.383037745952606 0.382350027561188 0.381662338972092 0.380974620580673 0.381204962730408 0.381741344928741 0.382277727127075 0.382814139127731 0.383350521326065 0.383886903524399 0.384423285722733 0.387112230062485 0.396258890628815 0.405405551195145 0.414552241563797 0.423698902130127 0.432845562696457 0.441992223262787 0.451138913631439 0.453737884759903 0.454154312610626 0.45457074046135 0.45498713850975 0.455403566360474
0.405302584171295 0.405124247074127 0.405454516410828 0.405784785747528 0.406115084886551 0.406445354223251 0.406775623559952 0.407105892896652 0.407436162233353 0.405587434768677 0.403012335300446 0.400437235832214 0.397862166166306 0.395287066698074 0.392711967229843 0.390136897563934 0.388337284326553 0.388864129781723 0.389390975236893 0.389917820692062 0.390444666147232 0.390971511602402 0.391498357057571 0.392025202512741 0.391518354415894 0.3906669318676 0.389815509319305 0.388964116573334 0.38811269402504 0.387261271476746 0.386409848928452 0.387856721878052 0.39619854092598 0.404540359973907 0.412882149219513 0.421223968267441 0.429565757513046 0.437907576560974 0.44624936580658 0.449363112449646 0.450734168291092 0.452105224132538 0.453476279973984 0.45484733581543
0.403196513652802 0.403027594089508 0.403647512197495 0.404267460107803 0.40488737821579 0.405507326126099 0.406127244234085 0.406747192144394 0.40736711025238 0.405814945697784 0.403538763523102 0.401262551546097 0.398986369371414 0.396710157394409 0.394433975219727 0.392157763242722 0.390885978937149 0.392627388238907 0.394368797540665 0.3961101770401 0.397851586341858 0.399592995643616 0.401334404945374 0.403075814247131 0.401831746101379 0.399592518806458 0.397353291511536 0.395114094018936 0.392874866724014 0.390635639429092 0.388396412134171 0.388601243495941 0.396138191223145 0.403675138950348 0.411212086677551 0.418749004602432 0.426285952329636 0.433822900056839 0.441359847784042 0.444988340139389 0.44731405377388 0.449639737606049 0.451965421438217 0.454291135072708
0.402432948350906 0.402456223964691 0.403086721897125 0.403717219829559 0.404347747564316 0.40497824549675 0.405608743429184 0.40623927116394 0.406869769096375 0.405650824308395 0.403815388679504 0.401979953050613 0.400144517421722 0.398309081792831 0.39647364616394 0.394638240337372 0.393937796354294 0.396642357110977 0.39934691786766 0.402051478624344 0.40475606918335 0.407460629940033 0.410165190696716 0.4128697514534 0.410959511995316 0.407510995864868 0.404062479734421 0.400613993406296 0.397165477275848 0.393716961145401 0.390268445014954 0.389342159032822 0.395982503890991 0.402622848749161 0.409263163805008 0.415903508663177 0.422543853521347 0.429184198379517 0.435824543237686 0.439809709787369 0.442909806966782 0.446009904146194 0.449110001325607 0.45221009850502
0.403011977672577 0.403410166501999 0.40377214550972 0.404134154319763 0.404496163129807 0.404858142137527 0.405220150947571 0.405582129955292 0.405944138765335 0.405095040798187 0.403842240571976 0.402589440345764 0.401336640119553 0.400083839893341 0.39883103966713 0.397578239440918 0.397492706775665 0.400909036397934 0.404325395822525 0.407741725444794 0.411158055067062 0.414574384689331 0.4179907143116 0.421407043933868 0.418901681900024 0.414422392845154 0.409943103790283 0.405463814735413 0.400984525680542 0.396505236625671 0.392025947570801 0.390079468488693 0.39573147892952 0.401383459568024 0.40703547000885 0.412687450647354 0.418339461088181 0.423991441726685 0.429643452167511 0.43382716178894 0.437521457672119 0.441215723752975 0.444910019636154 0.44860428571701
0.403590977191925 0.404364109039307 0.404457598924637 0.404551088809967 0.404644548892975 0.404738038778305 0.404831528663635 0.404925018548965 0.405018508434296 0.404539257287979 0.403869062662125 0.403198897838593 0.40252873301506 0.401858568191528 0.401188403367996 0.400518238544464 0.401047646999359 0.405175745487213 0.409303843975067 0.413431942462921 0.417560040950775 0.421688169240952 0.425816267728806 0.42994436621666 0.426843851804733 0.421333760023117 0.415823698043823 0.410313636064529 0.404803574085236 0.399293512105942 0.393783420324326 0.390816777944565 0.395480453968048 0.400144100189209 0.40480774641037 0.409471392631531 0.414135038852692 0.418798714876175 0.423462361097336 0.427844613790512 0.432133078575134 0.436421543359756 0.440710008144379 0.444998472929001
0.404169976711273 0.405318051576614 0.405143022537231 0.404967993497849 0.404792964458466 0.404617935419083 0.4044429063797 0.404267877340317 0.404092848300934 0.403983443975449 0.403895914554596 0.403808385133743 0.403720855712891 0.403633326292038 0.403545767068863 0.40345823764801 0.404602557420731 0.40944242477417 0.414282292127609 0.419122189283371 0.42396205663681 0.42880192399025 0.433641791343689 0.438481658697128 0.43478599190712 0.428245157003403 0.421704292297363 0.415163457393646 0.408622622489929 0.40208175778389 0.395540922880173 0.391554117202759 0.395229429006577 0.398904740810394 0.40258002281189 0.406255334615707 0.409930646419525 0.413605958223343 0.417281270027161 0.421862065792084 0.426744729280472 0.431627362966537 0.436510026454926 0.441392660140991
0.404748976230621 0.406271994113922 0.405828446149826 0.405384927988052 0.404941380023956 0.40449783205986 0.404054313898087 0.40361076593399 0.403167217969894 0.40342766046524 0.403922766447067 0.404417872428894 0.404912948608398 0.405408054590225 0.405903160572052 0.406398236751556 0.408157497644424 0.413709133863449 0.419260770082474 0.424812406301498 0.430364042520523 0.435915678739548 0.441467344760895 0.447018980979919 0.442728161811829 0.435156524181366 0.427584916353226 0.420013278722763 0.412441670894623 0.40487003326416 0.397298395633698 0.39229142665863 0.394978404045105 0.397665351629257 0.400352329015732 0.403039276599884 0.405726253986359 0.408413201570511 0.411100178956985 0.415879547595978 0.421356379985809 0.426833182573318 0.43231001496315 0.437786847352982
0.40532797574997 0.40722593665123 0.406513899564743 0.405801832675934 0.405089795589447 0.404377728700638 0.403665691614151 0.402953624725342 0.402241587638855 0.402871876955032 0.403949588537216 0.405027329921722 0.406105071306229 0.407182782888412 0.408260524272919 0.409338265657425 0.411712408065796 0.417975813150406 0.424239218235016 0.430502623319626 0.436766058206558 0.443029463291168 0.449292868375778 0.455556273460388 0.450670331716537 0.442067921161652 0.433465510606766 0.42486310005188 0.416260719299316 0.407658308744431 0.399055898189545 0.393028736114502 0.394727379083633 0.396425992250443 0.398124605417252 0.399823218584061 0.40152183175087 0.403220474720001 0.40491908788681 0.409896999597549 0.415968000888824 0.4220390021801 0.428110033273697 0.434181034564972
0.407312124967575 0.409441977739334 0.408648490905762 0.407855004072189 0.407061547040939 0.406268060207367 0.405474573373795 0.404681086540222 0.403887629508972 0.404856353998184 0.406412452459335 0.407968580722809 0.40952467918396 0.411080807447433 0.412636935710907 0.414193034172058 0.417020231485367 0.423660635948181 0.430301040410995 0.43694144487381 0.443581849336624 0.450222253799438 0.456862658262253 0.463503062725067 0.458261072635651 0.449058294296265 0.439855515956879 0.430652737617493 0.421449959278107 0.412247180938721 0.403044402599335 0.396264016628265 0.396750926971436 0.397237807512283 0.397724688053131 0.398211568593979 0.398698449134827 0.399185329675674 0.399672210216522 0.40455836057663 0.410910904407501 0.417263448238373 0.423615992069244 0.429968535900116
0.41070145368576 0.412920087575912 0.412232249975204 0.411544442176819 0.410856604576111 0.410168796777725 0.40948098897934 0.408793151378632 0.408105343580246 0.409381061792374 0.411311328411102 0.413241565227509 0.415171831846237 0.417102098464966 0.419032335281372 0.420962601900101 0.424080938100815 0.430763572454453 0.437446177005768 0.444128811359406 0.450811445713043 0.457494050264359 0.464176684617996 0.470859289169312 0.465500384569168 0.456127643585205 0.446754902601242 0.437382131814957 0.428009390830994 0.418636649847031 0.409263879060745 0.401997268199921 0.401049017906189 0.40010079741478 0.399152547121048 0.398204296827316 0.397256046533585 0.396307796239853 0.395359575748444 0.399863600730896 0.406185030937195 0.412506490945816 0.418827921152115 0.425149381160736
0.414090782403946 0.416398197412491 0.41581603884697 0.415233880281448 0.414651691913605 0.414069533348083 0.413487374782562 0.412905216217041 0.412323027849197 0.413905799388885 0.416210174560547 0.418514579534531 0.420818984508514 0.423123359680176 0.42542776465416 0.427732139825821 0.431141644716263 0.437866508960724 0.444591343402863 0.451316177845001 0.45804101228714 0.464765876531601 0.47149071097374 0.478215545415878 0.472739726305008 0.463196992874146 0.453654289245605 0.444111555814743 0.434568822383881 0.425026118755341 0.415483385324478 0.407730519771576 0.405347138643265 0.402963757514954 0.400580406188965 0.398197025060654 0.395813673734665 0.393430292606354 0.391046911478043 0.395168840885162 0.401459187269211 0.407749533653259 0.414039880037308 0.420330226421356
0.417480081319809 0.419876307249069 0.419399797916412 0.418923288583755 0.418446779251099 0.417970269918442 0.417493760585785 0.417017251253128 0.416540741920471 0.418430536985397 0.421109050512314 0.423787593841553 0.426466107368469 0.429144650697708 0.431823194026947 0.434501707553864 0.438202381134033 0.444969445466995 0.451736479997635 0.458503544330597 0.465270608663559 0.472037672996521 0.478804737329483 0.485571801662445 0.479979038238525 0.470266342163086 0.460553646087646 0.450840979814529 0.44112828373909 0.43141558766365 0.421702891588211 0.413463741540909 0.409645259380341 0.40582674741745 0.402008265256882 0.398189753293991 0.394371271133423 0.390552759170532 0.386734277009964 0.390474081039429 0.396733313798904 0.402992576360703 0.409251809120178 0.415511041879654
0.420869410037994 0.423354417085648 0.422983586788177 0.422612726688385 0.422241866588593 0.4218710064888 0.42150017619133 0.421129316091537 0.420758455991745 0.422955244779587 0.426007926464081 0.429060578346252 0.432113260030746 0.43516594171524 0.438218593597412 0.441271275281906 0.445263087749481 0.452072381973267 0.45888164639473 0.465690940618515 0.472500205039978 0.479309469461441 0.486118763685226 0.492928028106689 0.487218350172043 0.477335691452026 0.46745303273201 0.457570374011993 0.447687715291977 0.43780505657196 0.427922397851944 0.419196993112564 0.413943380117416 0.408689737319946 0.403436124324799 0.398182481527328 0.392928868532181 0.387675255537033 0.382421612739563 0.385779321193695 0.39200747013092 0.398235589265823 0.404463738203049 0.410691887140274
0.42425873875618 0.426832526922226 0.42656734585762 0.426302134990692 0.426036953926086 0.425771772861481 0.425506561994553 0.425241380929947 0.424976170063019 0.427479982376099 0.430906772613525 0.434333592653275 0.437760412693024 0.44118720293045 0.4446140229702 0.448040813207626 0.452323794364929 0.459175318479538 0.466026812791824 0.472878307104111 0.479729801416397 0.486581295728683 0.49343279004097 0.500284314155579 0.494457691907883 0.484405040740967 0.474352419376373 0.46429979801178 0.454247146844864 0.44419452548027 0.434141904115677 0.424930244684219 0.41824147105217 0.411552727222443 0.404863983392715 0.398175239562988 0.391486465930939 0.384797722101212 0.378108978271484 0.381084561347961 0.387281596660614 0.393478631973267 0.399675667285919 0.405872702598572
