data/working_set_collections/6091692-Cassins_Sparrow-M2/2005/gwetroot_avg.asc
NCOLS 265 
NROWS 230 
XLLCORNER -115.5625 
YLLCORNER 24.8333333333333 
CELLSIZE 0.0833333333333333 
NODATA_value -9999 
[rows 40 to 59 of 230, columns 176 to 219 of 265]
0.370389610528946 0.36912140250206 0.367853224277496 0.368601351976395 0.375398576259613 0.382195800542831 0.388992995023727 0.395790219306946 0.402587443590164 0.40938463807106 0.416181862354279 0.419142454862595 0.420824140310287 0.422505855560303 0.424187541007996 0.425869256258011 0.427550971508026 0.429232656955719 0.430881083011627 0.432429671287537 0.433978229761124 0.435526818037033 0.43707537651062 0.43862396478653 0.440172553062439 0.441721111536026 0.442531853914261 0.443096607923508 0.443661361932755 0.444226145744324 0.444790899753571 0.44535568356514 0.445920437574387 0.446466475725174 0.446956306695938 0.44744610786438 0.447935938835144 0.448425769805908 0.448915600776672 0.449405431747437 0.449895262718201 0.455697149038315 0.463269740343094 0.470842331647873
0.382698237895966 0.382213532924652 0.381728827953339 0.382579118013382 0.387434512376785 0.392289936542511 0.397145330905914 0.402000725269318 0.406856119632721 0.411711513996124 0.416566908359528 0.418842434883118 0.420258015394211 0.421673595905304 0.423089176416397 0.424504786729813 0.425920367240906 0.427335947751999 0.428801119327545 0.430415123701096 0.432029128074646 0.433643132448196 0.435257136821747 0.436871141195297 0.438485145568848 0.440099149942398 0.441037982702255 0.441751718521118 0.442465454339981 0.443179219961166 0.443892955780029 0.444606691598892 0.445320457220078 0.445974349975586 0.446448683738708 0.446923017501831 0.447397381067276 0.447871714830399 0.448346048593521 0.448820382356644 0.449294745922089 0.454540520906448 0.461376756429672 0.468213021755219
0.389590084552765 0.389615774154663 0.389641493558884 0.390592187643051 0.394317865371704 0.398043513298035 0.401769191026688 0.405494868755341 0.409220516681671 0.412946194410324 0.416671872138977 0.418608874082565 0.419949680566788 0.421290457248688 0.42263126373291 0.42397204041481 0.425312846899033 0.426653623580933 0.428062915802002 0.429677665233612 0.431292444467545 0.432907193899155 0.434521943330765 0.436136692762375 0.437751471996307 0.439366221427917 0.440337985754013 0.441095411777496 0.44185283780098 0.442610263824463 0.443367689847946 0.444125115871429 0.444882541894913 0.445589274168015 0.446143984794617 0.446698695421219 0.447253376245499 0.447808086872101 0.448362797498703 0.448917508125305 0.449472188949585 0.454260647296906 0.460460335016251 0.466660022735596
0.391065180301666 0.39132821559906 0.391591250896454 0.39264053106308 0.396048545837402 0.399456590414047 0.402864634990692 0.406272649765015 0.40968069434166 0.413088709115982 0.416496753692627 0.418441742658615 0.419899076223373 0.421356409788132 0.42281374335289 0.424271076917648 0.425728410482407 0.427185744047165 0.428666442632675 0.430217295885086 0.431768119335175 0.433318942785263 0.434869796037674 0.436420619487762 0.437971472740173 0.439522296190262 0.440431863069534 0.44112765789032 0.441823482513428 0.442519277334213 0.443215101957321 0.443910896778107 0.444606721401215 0.445311307907104 0.446042209863663 0.446773111820221 0.447504013776779 0.448234915733337 0.448965817689896 0.449696719646454 0.450427621603012 0.454857498407364 0.460520386695862 0.46618327498436
0.392540246248245 0.393040627241135 0.393541008234024 0.394688874483109 0.397779256105423 0.40086966753006 0.403960049152374 0.407050460577011 0.410140842199326 0.413231253623962 0.416321635246277 0.418274641036987 0.419848501682281 0.421422362327576 0.422996252775192 0.424570113420486 0.426143974065781 0.427717864513397 0.429269969463348 0.430756896734238 0.432243794202805 0.433730721473694 0.435217618942261 0.43670454621315 0.438191443681717 0.439678370952606 0.440525740385056 0.441159933805466 0.441794127225876 0.442428320646286 0.443062514066696 0.443696707487106 0.444330871105194 0.445033311843872 0.445940405130386 0.446847528219223 0.447754621505737 0.448661714792252 0.449568837881088 0.450475931167603 0.451383054256439 0.455454379320145 0.460580468177795 0.465706527233124
0.394015341997147 0.394753038883209 0.395490735769272 0.396737217903137 0.399509966373444 0.402282744646072 0.405055493116379 0.407828241586685 0.410601019859314 0.41337376832962 0.416146516799927 0.418107509613037 0.41979792714119 0.421488344669342 0.423178732395172 0.424869149923325 0.426559567451477 0.428249955177307 0.429873526096344 0.431296497583389 0.432719498872757 0.434142470359802 0.43556547164917 0.436988472938538 0.438411444425583 0.439834445714951 0.440619617700577 0.441192209720612 0.441764771938324 0.442337334156036 0.442909926176071 0.443482488393784 0.444055050611496 0.44475531578064 0.445838630199432 0.446921944618225 0.448005229234695 0.449088543653488 0.450171858072281 0.451255172491074 0.452338457107544 0.456051260232925 0.460640519857407 0.46522980928421
0.395490437746048 0.396465480327606 0.397440493106842 0.398785561323166 0.401240676641464 0.403695791959763 0.406150937080383 0.408606052398682 0.41106116771698 0.413516283035278 0.415971398353577 0.417940407991409 0.419747352600098 0.421554297208786 0.423361241817474 0.425168186426163 0.426975131034851 0.428782075643539 0.430477052927017 0.431836098432541 0.433195173740387 0.434554249048233 0.435913324356079 0.437272399663925 0.438631445169449 0.439990520477295 0.440713495016098 0.441224455833435 0.441735416650772 0.442246377468109 0.442757338285446 0.443268269300461 0.443779230117798 0.444477319717407 0.445736825466156 0.446996361017227 0.448255866765976 0.449515372514725 0.450774878263474 0.452034384012222 0.453293889760971 0.456648111343384 0.46070060133934 0.464753061532974
0.396965533494949 0.398177891969681 0.399390250444412 0.400833904743195 0.402971386909485 0.405108869075775 0.407246351242065 0.409383833408356 0.411521315574646 0.413658827543259 0.415796309709549 0.417773276567459 0.419696778059006 0.42162024974823 0.423543721437454 0.425467222929001 0.427390694618225 0.429314166307449 0.43108057975769 0.432375729084015 0.433670878410339 0.434966027736664 0.436261147260666 0.43755629658699 0.438851445913315 0.440146595239639 0.440807402133942 0.441256731748581 0.44170606136322 0.44215539097786 0.442604720592499 0.44305408000946 0.4435034096241 0.444199353456497 0.445635050535202 0.447070777416229 0.448506474494934 0.449942171573639 0.451377898454666 0.452813595533371 0.454249322414398 0.457244992256165 0.460760653018951 0.464276313781738
0.397913217544556 0.399188578128815 0.400463938713074 0.401916354894638 0.403899967670441 0.405883610248566 0.407867223024368 0.409850835800171 0.411834448575974 0.413818061351776 0.415801703929901 0.417779624462128 0.419755697250366 0.421731740236282 0.423707783222198 0.425683826208115 0.427659898996353 0.429635941982269 0.431421339511871 0.432634800672531 0.433848261833191 0.435061722993851 0.43627518415451 0.43748864531517 0.43870210647583 0.43991556763649 0.440510004758835 0.440898150205612 0.441286265850067 0.441674381494522 0.442062497138977 0.442450612783432 0.442838758230209 0.4435153901577 0.445057511329651 0.446599662303925 0.448141813278198 0.449683964252472 0.451226115226746 0.452768236398697 0.454310387372971 0.457137942314148 0.460393935441971 0.463649958372116
0.398333519697189 0.399497538805008 0.400661557912827 0.402032941579819 0.404026478528976 0.406019985675812 0.40801352262497 0.410007029771805 0.412000566720963 0.413994073867798 0.415987610816956 0.417959451675415 0.419924110174179 0.421888768672943 0.423853397369385 0.425818055868149 0.427782714366913 0.429747343063354 0.43149933218956 0.432613343000412 0.433727353811264 0.434841364622116 0.435955375432968 0.43706938624382 0.438183397054672 0.439297407865524 0.439821392297745 0.440148711204529 0.44047600030899 0.440803319215775 0.441130638122559 0.441457957029343 0.441785246133804 0.442425429821014 0.444004237651825 0.445583075284958 0.447161883115768 0.448740690946579 0.45031949877739 0.4518983066082 0.453477114439011 0.456326961517334 0.459600448608398 0.462873965501785
0.398753821849823 0.399806499481201 0.400859177112579 0.402149528264999 0.40415295958519 0.40615639090538 0.408159792423248 0.410163223743439 0.412166655063629 0.41417008638382 0.41617351770401 0.418139308691025 0.420092552900314 0.422045797109604 0.423999041318893 0.425952285528183 0.427905529737473 0.429858773946762 0.431577324867249 0.432591885328293 0.433606445789337 0.434621006250381 0.435635566711426 0.43665012717247 0.437664687633514 0.438679248094559 0.439132779836655 0.439399272203445 0.439665764570236 0.439932256937027 0.440198749303818 0.440465271472931 0.440731763839722 0.441335499286652 0.442950963973999 0.444566458463669 0.446181923151016 0.447797417640686 0.449412882328033 0.451028376817703 0.452643841505051 0.45551598072052 0.458806961774826 0.462097972631454
0.399174124002457 0.400115460157394 0.401056796312332 0.40226611495018 0.404279440641403 0.406292766332626 0.40830609202385 0.410319417715073 0.412332743406296 0.414346069097519 0.416359394788742 0.418319135904312 0.420260965824127 0.422202795743942 0.42414465546608 0.426086485385895 0.428028345108032 0.429970175027847 0.43165534734726 0.432570457458496 0.433485567569733 0.434400677680969 0.435315787792206 0.436230897903442 0.437146008014679 0.438061118125916 0.438444137573242 0.438649833202362 0.438855528831482 0.439061194658279 0.439266890287399 0.439472585916519 0.439678251743317 0.440245568752289 0.441897720098495 0.44354984164238 0.445201992988586 0.446854144334793 0.448506295681 0.450158417224884 0.451810568571091 0.454704970121384 0.458013474941254 0.461321979761124
0.39959442615509 0.400424420833588 0.401254385709763 0.402382701635361 0.404405921697617 0.406429171562195 0.408452391624451 0.410475611686707 0.412498861551285 0.414522081613541 0.416545301675797 0.4184989631176 0.42042937874794 0.422359824180603 0.424290269613266 0.426220715045929 0.428151160478592 0.430081605911255 0.431733340024948 0.432548999786377 0.433364659547806 0.434180319309235 0.434995979070663 0.435811638832092 0.436627298593521 0.43744295835495 0.437755525112152 0.437900394201279 0.438045263290405 0.438190132379532 0.438335031270981 0.438479900360107 0.438624769449234 0.439155638217926 0.44084444642067 0.442533254623413 0.444222062826157 0.4459108710289 0.447599679231644 0.449288487434387 0.450977295637131 0.45389398932457 0.457219988107681 0.460546016693115
0.400014728307724 0.400733381509781 0.401452004909515 0.402499288320541 0.40453240275383 0.406565546989441 0.408598691225052 0.41063180565834 0.412664949893951 0.414698094129562 0.416731208562851 0.418678790330887 0.420597821474075 0.422516852617264 0.424435883760452 0.426354944705963 0.428273975849152 0.43019300699234 0.431811332702637 0.432527542114258 0.433243751525879 0.4339599609375 0.434676170349121 0.435392379760742 0.436108589172363 0.436824798583984 0.43706688284874 0.437150955200195 0.437235027551651 0.437319070100784 0.43740314245224 0.437487214803696 0.437571257352829 0.438065677881241 0.439791172742844 0.441516637802124 0.443242102861404 0.444967597723007 0.446693062782288 0.44841855764389 0.450144022703171 0.453083008527756 0.456426501274109 0.459770023822784
0.400400549173355 0.401059806346893 0.401719093322754 0.402710884809494 0.404700219631195 0.406689554452896 0.408678889274597 0.410668224096298 0.412657558917999 0.4146468937397 0.416636228561401 0.418533325195312 0.420399636030197 0.422265976667404 0.424132317304611 0.425998628139496 0.427864968776703 0.42973130941391 0.431302964687347 0.431990563869476 0.432678163051605 0.433365792036057 0.434053391218185 0.434740990400314 0.435428619384766 0.436116218566895 0.436331361532211 0.436388999223709 0.436446666717529 0.436504304409027 0.436561942100525 0.436619579792023 0.436677247285843 0.437172144651413 0.4389788210392 0.440785497426987 0.442592203617096 0.444398880004883 0.44620555639267 0.448012232780457 0.449818938970566 0.452749162912369 0.456053882837296 0.459358632564545
0.400751888751984 0.40140375494957 0.402055621147156 0.403017491102219 0.404909312725067 0.406801164150238 0.408692985773087 0.410584837198257 0.412476688623428 0.414368510246277 0.416260361671448 0.418062567710876 0.41983488202095 0.421607196331024 0.423379510641098 0.425151824951172 0.426924139261246 0.428696483373642 0.430208176374435 0.43093803524971 0.431667894124985 0.432397753000259 0.433127641677856 0.433857500553131 0.434587359428406 0.43531721830368 0.435548901557922 0.43561452627182 0.435680150985718 0.435745775699615 0.435811430215836 0.435877054929733 0.435942679643631 0.43647500872612 0.438407421112061 0.440339863300323 0.442272305488586 0.444204717874527 0.44613716006279 0.44806957244873 0.450002014636993 0.452892422676086 0.456102132797241 0.459311842918396
0.401103228330612 0.401747703552246 0.402392148971558 0.403324097394943 0.405118435621262 0.40691277384758 0.408707112073898 0.410501450300217 0.412295788526535 0.414090126752853 0.415884494781494 0.41759181022644 0.419270098209381 0.420948415994644 0.422626733779907 0.424305021762848 0.425983339548111 0.427661657333374 0.429113388061523 0.429885506629944 0.430657625198364 0.431429743766785 0.432201862335205 0.432973980903625 0.433746099472046 0.434518218040466 0.434766441583633 0.434840053319931 0.434913665056229 0.434987276792526 0.435060888528824 0.435134500265121 0.435208112001419 0.435777872800827 0.437836050987244 0.43989422917366 0.441952377557755 0.444010555744171 0.446068733930588 0.448126912117004 0.450185090303421 0.453035682439804 0.456150382757187 0.45926508307457
0.401454567909241 0.4020916223526 0.40272867679596 0.403630703687668 0.405327528715134 0.407024383544922 0.40872123837471 0.410418063402176 0.412114918231964 0.413811773061752 0.415508598089218 0.417121052742004 0.418705344200134 0.420289635658264 0.421873927116394 0.423458218574524 0.425042510032654 0.426626801490784 0.428018629550934 0.4288330078125 0.429647356271744 0.43046173453331 0.431276112794876 0.43209046125412 0.432904839515686 0.433719217777252 0.433983981609344 0.434065580368042 0.43414717912674 0.434228777885437 0.434310376644135 0.43439194560051 0.434473544359207 0.435080736875534 0.437264651060104 0.439448565244675 0.441632479429245 0.443816423416138 0.446000337600708 0.448184251785278 0.450368195772171 0.453178942203522 0.45619860291481 0.459218293428421
0.401805937290192 0.402435570955276 0.403065234422684 0.403937309980392 0.405536651611328 0.407135993242264 0.408735334873199 0.410334676504135 0.411934047937393 0.413533389568329 0.415132731199265 0.416650265455246 0.418140560388565 0.419630855321884 0.421121120452881 0.4226114153862 0.424101710319519 0.425591975450516 0.426923841238022 0.427780479192734 0.428637087345123 0.429493725299835 0.430350333452225 0.431206971406937 0.432063579559326 0.432920217514038 0.433201551437378 0.433291107416153 0.43338069319725 0.433470249176025 0.433559834957123 0.43364942073822 0.433738976716995 0.434383571147919 0.436693251132965 0.439002931118011 0.441312581300735 0.443622261285782 0.445931941270828 0.448241591453552 0.450551271438599 0.453322201967239 0.456246852874756 0.459171533584595
0.40215727686882 0.402779519557953 0.403401762247086 0.404243916273117 0.4057457447052 0.407247602939606 0.408749461174011 0.410251289606094 0.4117531478405 0.413255006074905 0.414756864309311 0.41617950797081 0.417575806379318 0.418972074985504 0.42036834359169 0.421764612197876 0.423160880804062 0.424557149410248 0.425829082727432 0.426727950572968 0.427626818418503 0.42852571606636 0.429424583911896 0.430323451757431 0.431222319602966 0.432121217250824 0.432419091463089 0.432516634464264 0.432614207267761 0.432711750268936 0.432809323072433 0.432906866073608 0.433004409074783 0.433686435222626 0.436121851205826 0.438557267189026 0.440992683172226 0.443428099155426 0.445863515138626 0.448298931121826 0.450734347105026 0.453465461730957 0.456295102834702 0.459124743938446
