data/working_set_collections/6091692-Cassins_Sparrow-M2/2005/lwgnt_avg.asc
NCOLS 265 
NROWS 230 
XLLCORNER -115.5625 
YLLCORNER 24.8333333333333 
CELLSIZE 0.0833333333333333 
NODATA_value -9999 
[rows 140 to 159 of 230, columns 0 to 43 of 265]
-112.943313598633 -112.626930236816 -112.310539245605 -111.994148254395 -111.677764892578 -111.361373901367 -111.044982910156 -110.504890441895 -109.890228271484 -109.275566101074 -108.660903930664 -108.046234130859 -107.431571960449 -106.816909790039 -106.389259338379 -106.522659301758 -106.656059265137 -106.789459228516 -106.922859191895 -107.056251525879 -107.189651489258 -107.323051452637 -107.685005187988 -108.123138427734 -108.56127166748 -108.999412536621 -109.437545776367 -109.875679016113 -110.313819885254 -110.654281616211 -110.701736450195 -110.749183654785 -110.79663848877 -110.844085693359 -110.891540527344 -110.938987731934 -110.986442565918 -110.83708190918 -110.622116088867 -110.407150268555 -110.192184448242 -109.97721862793 -109.762252807617 -109.547286987305
-112.965911865234 -112.657737731934 -112.349571228027 -112.041397094727 -111.733222961426 -111.42505645752 -111.116882324219 -110.502250671387 -109.785461425781 -109.06867980957 -108.351890563965 -107.635108947754 -106.918319702148 -106.201538085938 -105.714172363281 -105.915092468262 -106.116012573242 -106.316932678223 -106.517852783203 -106.718772888184 -106.919692993164 -107.120613098145 -107.511489868164 -107.965690612793 -108.419883728027 -108.874084472656 -109.328277587891 -109.78247833252 -110.236671447754 -110.582916259766 -110.605293273926 -110.627670288086 -110.650047302246 -110.672424316406 -110.694801330566 -110.717178344727 -110.739555358887 -110.606468200684 -110.421562194824 -110.236656188965 -110.051750183105 -109.866844177246 -109.681938171387 -109.497032165527
-112.988502502441 -112.688552856445 -112.388595581055 -112.088645935059 -111.788688659668 -111.488731384277 -111.188781738281 -110.499610900879 -109.680702209473 -108.861793518066 -108.04288482666 -107.223976135254 -106.405067443848 -105.586158752441 -105.039093017578 -105.30753326416 -105.575973510742 -105.844413757324 -106.112854003906 -106.381294250488 -106.64973449707 -106.918174743652 -107.337982177734 -107.808235168457 -108.278495788574 -108.748756408691 -109.219017028809 -109.689270019531 -110.159530639648 -110.51155090332 -110.508857727051 -110.506156921387 -110.503463745117 -110.500762939453 -110.498069763184 -110.49536895752 -110.49267578125 -110.375862121582 -110.221015930176 -110.06616973877 -109.911315917969 -109.756469726562 -109.601623535156 -109.446769714355
-113.011100769043 -112.719360351562 -112.427627563477 -112.135887145996 -111.84415435791 -111.55241394043 -111.260673522949 -110.496971130371 -109.57593536377 -108.654907226562 -107.733879089355 -106.812843322754 -105.891815185547 -104.97078704834 -104.36400604248 -104.699966430664 -105.035926818848 -105.371887207031 -105.707847595215 -106.043815612793 -106.379776000977 -106.71573638916 -107.16446685791 -107.650787353516 -108.137107849121 -108.623428344727 -109.109748840332 -109.596069335938 -110.082389831543 -110.440185546875 -110.412414550781 -110.384643554688 -110.356872558594 -110.3291015625 -110.301330566406 -110.273559570312 -110.245788574219 -110.14525604248 -110.020469665527 -109.89567565918 -109.770881652832 -109.646095275879 -109.521301269531 -109.396514892578
-113.022201538086 -112.758338928223 -112.494468688965 -112.230606079102 -111.966743469238 -111.702880859375 -111.439018249512 -110.619560241699 -109.614906311035 -108.610252380371 -107.605598449707 -106.600944519043 -105.596282958984 -104.59162902832 -103.920883178711 -104.251861572266 -104.58283996582 -104.913818359375 -105.24479675293 -105.575775146484 -105.906761169434 -106.237739562988 -106.690956115723 -107.184921264648 -107.678886413574 -108.172843933105 -108.666809082031 -109.160774230957 -109.654739379883 -110.025978088379 -110.029037475586 -110.032089233398 -110.035148620605 -110.038200378418 -110.041259765625 -110.044311523438 -110.047370910645 -109.966819763184 -109.858406066895 -109.749992370605 -109.641571044922 -109.533157348633 -109.424743652344 -109.316329956055
-113.02180480957 -112.805465698242 -112.589134216309 -112.372802734375 -112.156471252441 -111.940139770508 -111.723808288574 -110.867385864258 -109.797607421875 -108.727821350098 -107.658042907715 -106.588264465332 -105.518478393555 -104.448699951172 -103.709739685059 -103.963226318359 -104.216720581055 -104.470207214355 -104.723701477051 -104.977195739746 -105.230682373047 -105.484176635742 -105.917442321777 -106.410629272461 -106.903823852539 -107.397010803223 -107.890205383301 -108.383399963379 -108.876586914062 -109.268928527832 -109.358711242676 -109.44849395752 -109.538276672363 -109.628059387207 -109.717842102051 -109.807624816895 -109.897407531738 -109.840560913086 -109.734832763672 -109.629112243652 -109.523391723633 -109.417663574219 -109.311943054199 -109.206214904785
-113.02140045166 -112.852600097656 -112.683799743652 -112.514999389648 -112.346199035645 -112.177398681641 -112.008598327637 -111.115211486816 -109.980308532715 -108.845397949219 -107.710494995117 -106.575584411621 -105.440673828125 -104.305770874023 -103.498588562012 -103.674591064453 -103.850593566895 -104.02660369873 -104.202606201172 -104.378608703613 -104.554611206055 -104.730613708496 -105.143928527832 -105.636344909668 -106.128761291504 -106.62117767334 -107.11360168457 -107.606018066406 -108.098434448242 -108.511871337891 -108.688385009766 -108.864891052246 -109.041404724121 -109.217910766602 -109.394424438477 -109.570930480957 -109.747444152832 -109.714294433594 -109.611267089844 -109.508232116699 -109.405204772949 -109.302169799805 -109.19913482666 -109.09610748291
-113.021003723145 -112.89973449707 -112.778465270996 -112.657196044922 -112.535926818848 -112.414657592773 -112.293380737305 -111.36304473877 -110.163009643555 -9999 -107.762939453125 -9999 -9999 -104.16283416748 -103.287437438965 -103.385955810547 -103.484474182129 -103.582992553711 -103.681503295898 -103.78002166748 -103.878540039062 -103.97705078125 -104.370414733887 -104.862060546875 -105.353706359863 -105.845344543457 -106.336990356445 -106.828636169434 -107.320281982422 -107.754821777344 -108.018058776855 -108.281295776367 -108.544532775879 -108.807769775391 -109.071006774902 -109.334243774414 -109.597480773926 -109.588035583496 -109.487693786621 -109.387351989746 -109.287010192871 -109.186676025391 -109.086334228516 -108.985992431641
-113.020606994629 -112.946868896484 -112.87313079834 -112.799392700195 -112.725654602051 -112.651908874512 -112.578170776367 -111.610870361328 -110.345710754395 -9999 -9999 -9999 -9999 -9999 -103.076293945312 -103.097320556641 -103.118347167969 -103.139381408691 -103.16040802002 -103.181434631348 -103.202461242676 -103.223495483398 -103.596900939941 -104.087776184082 -104.578643798828 -105.069511413574 -105.560386657715 -106.051254272461 -106.542129516602 -106.997772216797 -107.347732543945 -107.697700500488 -108.047660827637 -108.397621154785 -108.747589111328 -109.097549438477 -109.44751739502 -109.461769104004 -109.364120483398 -109.266471862793 -109.168823242188 -109.071182250977 -108.973533630371 -108.875885009766
-113.020210266113 -112.994003295898 -112.967796325684 -112.941589355469 -112.915374755859 -112.889167785645 -112.86296081543 -111.858695983887 -110.52840423584 -9999 -9999 -9999 -9999 -9999 -9999 -9999 -102.752227783203 -102.695770263672 -102.639305114746 -9999 -9999 -102.469932556152 -102.823387145996 -103.313484191895 -103.803581237793 -104.293678283691 -104.783782958984 -105.273880004883 -105.763977050781 -106.24072265625 -106.677406311035 -107.114097595215 -107.550788879395 -107.987480163574 -108.424171447754 -108.860862731934 -109.297554016113 -109.335510253906 -109.24055480957 -109.145599365234 -109.050643920898 -108.955680847168 -108.860725402832 -108.765769958496
-112.844902038574 -112.881622314453 -112.918350219727 -112.955078125 -112.991798400879 -113.028526306152 -113.065254211426 -112.037437438965 -110.654769897461 -9999 -9999 -9999 -9999 -9999 -9999 -9999 -9999 -9999 -9999 -9999 -9999 -9999 -102.212493896484 -102.680076599121 -103.147659301758 -103.615242004395 -104.082824707031 -104.550407409668 -105.017990112305 -105.49690246582 -106.009811401367 -106.52271270752 -107.035614013672 -107.548515319824 -108.061416625977 -108.574325561523 -109.087226867676 -109.161666870117 -109.089950561523 -109.01823425293 -108.946517944336 -108.874801635742 -108.803085327148 -108.731369018555
-112.494674682617 -112.609741210938 -112.724800109863 -112.839859008789 -112.954925537109 -113.069984436035 -113.185050964355 -112.147087097168 -110.724792480469 -9999 -9999 -9999 -9999 -9999 -9999 -9999 -9999 -9999 -9999 -9999 -9999 -9999 -9999 -102.187545776367 -102.610877990723 -103.034202575684 -103.457527160645 -103.880859375 -104.304183959961 -104.766326904297 -105.344932556152 -105.923530578613 -106.502136230469 -107.08073425293 -107.659339904785 -108.237937927246 -108.816543579102 -108.940246582031 -108.912315368652 -108.884391784668 -108.856460571289 -108.82852935791 -108.800605773926 -108.772674560547
-112.144454956055 -112.337852478027 -112.53125 -112.724647521973 -112.918045043945 -113.111442565918 -113.304840087891 -112.256744384766 -110.794807434082 -9999 -9999 -9999 -9999 -9999 -9999 -9999 -9999 -9999 -9999 -9999 -9999 -9999 -9999 -9999 -9999 -102.453163146973 -102.832229614258 -103.211303710938 -103.590370178223 -104.035751342773 -104.680053710938 -105.324348449707 -105.968650817871 -106.612953186035 -107.257255554199 -107.901557922363 -108.545852661133 -108.718826293945 -108.734680175781 -108.750541687012 -108.766403198242 -108.782257080078 -108.798118591309 -108.813980102539
-111.794227600098 -112.065963745117 -112.337699890137 -112.609436035156 -112.881172180176 -113.152900695801 -113.42463684082 -112.366394042969 -110.86483001709 -9999 -9999 -9999 -9999 -9999 -9999 -9999 -9999 -9999 -9999 -9999 -9999 -9999 -9999 -9999 -9999 -9999 -9999 -9999 -9999 -103.30517578125 -104.015174865723 -104.725173950195 -105.435173034668 -106.145172119141 -106.855171203613 -107.565170288086 -108.275169372559 -108.497406005859 -108.557052612305 -108.61669921875 -108.676345825195 -108.735992431641 -108.795639038086 -108.855285644531
-111.444007873535 -111.794082641602 -112.144149780273 -112.494216918945 -112.844291687012 -113.194358825684 -113.54443359375 -112.476051330566 -110.934852600098 -9999 -9999 -9999 -9999 -9999 -9999 -9999 -9999 -9999 -9999 -9999 -9999 -9999 -9999 -9999 -9999 -9999 -9999 -9999 -9999 -102.574600219727 -103.350296020508 -104.125991821289 -104.90168762207 -105.677391052246 -106.453086853027 -107.228782653809 -108.004486083984 -108.275985717773 -108.379417419434 -108.482849121094 -108.586288452148 -108.689720153809 -108.793151855469 -108.896591186523
-111.093788146973 -111.522193908691 -111.95059967041 -112.379005432129 -112.807411193848 -113.235816955566 -113.66423034668 -112.585708618164 -111.004875183105 -9999 -9999 -9999 -9999 -9999 -9999 -9999 -9999 -9999 -9999 -9999 -9999 -9999 -9999 -9999 -9999 -9999 -9999 -9999 -9999 -101.844017028809 -102.685417175293 -103.526817321777 -104.368209838867 -105.209609985352 -106.051002502441 -106.892402648926 -107.733795166016 -108.054565429688 -108.201782226562 -108.349006652832 -108.496231079102 -108.643447875977 -108.790672302246 -108.937889099121
-110.836311340332 -111.368591308594 -111.900871276855 -112.433151245117 -112.965431213379 -113.497711181641 -114.029991149902 -112.947959899902 -111.327819824219 -109.707679748535 -9999 -9999 -9999 -9999 -9999 -9999 -9999 -9999 -9999 -9999 -9999 -9999 -9999 -9999 -9999 -9999 -9999 -9999 -9999 -101.24747467041 -102.120559692383 -102.993644714355 -103.866729736328 -104.739814758301 -105.612899780273 -106.485977172852 -107.359062194824 -107.721755981445 -107.914321899414 -108.106887817383 -108.299446105957 -108.492012023926 -108.684577941895 -108.877136230469
-110.671577453613 -111.333267211914 -111.994964599609 -112.65665435791 -113.318344116211 -113.980041503906 -114.641731262207 -113.562812805176 -111.903686523438 -110.244552612305 -9999 -9999 -9999 -9999 -9999 -9999 -9999 -9999 -9999 -9999 -9999 -9999 -9999 -9999 -9999 -9999 -9999 -9999 -9999 -100.784957885742 -101.655715942383 -102.526481628418 -103.397239685059 -104.268005371094 -105.138763427734 -106.009521484375 -106.88028717041 -107.277572631836 -107.517028808594 -107.756492614746 -107.995948791504 -108.235404968262 -108.474868774414 -108.714324951172
-110.506851196289 -111.297950744629 -112.089057922363 -112.880157470703 -113.671264648438 -114.462364196777 -115.253471374512 -114.177665710449 -112.479545593262 -110.781433105469 -109.083320617676 -9999 -9999 -9999 -9999 -9999 -9999 -9999 -9999 -9999 -9999 -9999 -9999 -9999 -9999 -9999 -9999 -9999 -9999 -100.322441101074 -101.190879821777 -102.05931854248 -102.927757263184 -103.796195983887 -104.664627075195 -105.533065795898 -106.401504516602 -106.833381652832 -107.119735717773 -107.406089782715 -107.692451477051 -107.978805541992 -108.265159606934 -108.551513671875
-110.34211730957 -111.262634277344 -112.183151245117 -113.103660583496 -114.02417755127 -114.944694519043 -115.865211486816 -114.792510986328 -113.05541229248 -111.318313598633 -109.581214904785 -107.844116210938 -9999 -9999 -9999 -9999 -9999 -9999 -9999 -9999 -9999 -9999 -9999 -9999 -9999 -9999 -9999 -9999 -9999 -99.8599243164062 -100.726043701172 -101.592155456543 -102.458267211914 -103.32438659668 -104.190498352051 -105.056610107422 -105.922721862793 -106.389190673828 -106.722442626953 -107.055694580078 -107.388946533203 -107.722198486328 -108.055450439453 -108.388710021973
