data/working_set_collections/6091692-Cassins_Sparrow-M2/2005/lwgnt_avg.asc
NCOLS 265 
NROWS 230 
XLLCORNER -115.5625 
YLLCORNER 24.8333333333333 
CELLSIZE 0.0833333333333333 
NODATA_value -9999 
[rows 100 to 119 of 230, columns 176 to 219 of 265]
-89.3204803466797 -88.8547134399414 -88.3889389038086 -87.9253387451172 -87.4682312011719 -87.0111236572266 -86.5540237426758 -86.0969161987305 -85.6398162841797 -85.1827087402344 -84.7256011962891 -84.2971420288086 -83.8782272338867 -83.4593200683594 -83.0404052734375 -82.6214904785156 -82.2025756835938 -81.7836608886719 -81.3517074584961 -80.880615234375 -80.4095306396484 -79.9384384155273 -79.4673538208008 -78.9962615966797 -78.5251770019531 -78.054084777832 -77.6818313598633 -77.3425140380859 -77.0031967163086 -76.6638793945312 -76.3245620727539 -75.9852447509766 -75.6459274291992 -75.3415374755859 -75.1419219970703 -74.9423141479492 -74.7426986694336 -74.5430908203125 -74.3434753417969 -74.1438674926758 -73.9442520141602 -73.7294769287109 -73.509635925293 -73.289794921875
-89.2525787353516 -88.7669906616211 -88.2814102172852 -87.8002777099609 -87.3324661254883 -86.8646621704102 -86.396858215332 -85.9290542602539 -85.4612426757812 -84.9934387207031 -84.525634765625 -84.0932159423828 -83.6725921630859 -83.2519683837891 -82.8313446044922 -82.4107208251953 -81.9900970458984 -81.5694732666016 -81.1355972290039 -80.661979675293 -80.1883544921875 -79.7147369384766 -79.2411193847656 -78.7674942016602 -78.2938766479492 -77.8202590942383 -77.4597015380859 -77.136833190918 -76.8139724731445 -76.4911041259766 -76.1682434082031 -75.8453750610352 -75.5225067138672 -75.2372741699219 -75.0649261474609 -74.8925857543945 -74.7202377319336 -74.5478897094727 -74.3755493164062 -74.2032012939453 -74.0308532714844 -73.8139266967773 -73.5821304321289 -73.3503341674805
-89.203498840332 -88.711555480957 -88.2196197509766 -87.7320938110352 -87.2578353881836 -86.783576965332 -86.3093109130859 -85.8350524902344 -85.3607864379883 -84.8865280151367 -84.4122619628906 -83.9753723144531 -83.5509338378906 -83.1264953613281 -82.7020568847656 -82.2776184082031 -81.8531799316406 -81.4287414550781 -80.9929275512695 -80.5229721069336 -80.0530166625977 -79.5830612182617 -79.1131057739258 -78.6431503295898 -78.1731948852539 -77.703239440918 -77.3530883789062 -77.0428695678711 -76.7326507568359 -76.4224395751953 -76.1122207641602 -75.8020095825195 -75.4917907714844 -75.2196731567383 -75.0618362426758 -74.9040069580078 -74.7461700439453 -74.5883407592773 -74.4305114746094 -74.2726745605469 -74.1148452758789 -73.8947906494141 -73.6539993286133 -73.4132080078125
-89.1732482910156 -88.6884002685547 -88.2035598754883 -87.7208023071289 -87.2443313598633 -86.7678604125977 -86.291389465332 -85.8149185180664 -85.3384475708008 -84.8619689941406 -84.385498046875 -83.9436187744141 -83.5132598876953 -83.0829086303711 -82.6525497436523 -82.2221984863281 -81.7918472290039 -81.3614883422852 -80.923698425293 -80.4636001586914 -80.0035095214844 -79.5434112548828 -79.0833129882812 -78.6232223510742 -78.1631240844727 -77.7030258178711 -77.3619766235352 -77.0606079101562 -76.7592391967773 -76.4578704833984 -76.1565017700195 -75.8551330566406 -75.5537643432617 -75.2887191772461 -75.1326522827148 -74.9765777587891 -74.8205108642578 -74.664436340332 -74.5083694458008 -74.352294921875 -74.1962203979492 -73.9720840454102 -73.7252502441406 -73.4784164428711
-89.1429977416992 -88.6652450561523 -88.1874923706055 -87.7095108032227 -87.230827331543 -86.7521438598633 -86.2734603881836 -85.7947845458984 -85.3161010742188 -84.8374176025391 -84.3587341308594 -83.911865234375 -83.4755935668945 -83.0393218994141 -82.6030502319336 -82.1667785644531 -81.7305068969727 -81.2942352294922 -80.8544692993164 -80.4042358398438 -79.9540023803711 -79.5037612915039 -79.0535278320312 -78.6032943725586 -78.1530609130859 -77.7028198242188 -77.3708724975586 -77.0783538818359 -76.7858276367188 -76.4933090209961 -76.2007827758789 -75.9082641601562 -75.6157455444336 -75.3577728271484 -75.2034606933594 -75.0491561889648 -74.8948440551758 -74.7405319213867 -74.5862197875977 -74.4319152832031 -74.2776031494141 -74.0493698120117 -73.7964935302734 -73.5436172485352
-89.1127471923828 -88.64208984375 -88.1714324951172 -87.6982192993164 -87.2173233032227 -86.7364349365234 -86.2555389404297 -85.7746505737305 -85.2937545776367 -84.8128662109375 -84.3319702148438 -83.8801040649414 -83.4379196166992 -82.9957275390625 -82.5535430908203 -82.1113510131836 -81.6691665649414 -81.2269744873047 -80.7852401733398 -80.3448638916016 -79.9044952392578 -79.4641189575195 -79.0237426757812 -78.583366394043 -78.1429901123047 -77.7026138305664 -77.379768371582 -77.0960922241211 -76.8124160766602 -76.5287399291992 -76.2450637817383 -75.9613952636719 -75.6777191162109 -75.4268264770508 -75.2742767333984 -75.1217269897461 -74.9691772460938 -74.8166275024414 -74.6640777587891 -74.5115280151367 -74.3589782714844 -74.1266555786133 -73.8677444458008 -73.6088256835938
-89.0824966430664 -88.6189346313477 -88.1553726196289 -87.6869201660156 -87.2038192749023 -86.7207183837891 -86.2376174926758 -85.7545166015625 -85.2714080810547 -84.7883071899414 -84.3052062988281 -83.8483505249023 -83.4002456665039 -82.9521408081055 -82.504035949707 -82.0559310913086 -81.6078262329102 -81.1597213745117 -80.7160110473633 -80.2854995727539 -79.85498046875 -79.4244689941406 -78.9939575195312 -78.5634384155273 -78.132926940918 -77.7024078369141 -77.3886566162109 -77.1138305664062 -76.8390045166016 -76.5641784667969 -76.2893524169922 -76.014518737793 -75.7396926879883 -75.4958724975586 -75.345085144043 -75.1942977905273 -75.0435104370117 -74.8927230834961 -74.7419357299805 -74.5911483764648 -74.4403610229492 -74.2039413452148 -73.9389877319336 -73.6740341186523
-89.05224609375 -88.5957794189453 -88.1393127441406 -87.6756286621094 -87.190315246582 -86.7050018310547 -86.2196960449219 -85.7343826293945 -85.2490692138672 -84.7637557983398 -84.2784423828125 -83.8165969848633 -83.3625793457031 -82.9085540771484 -82.4545288085938 -82.0005111694336 -81.5464859008789 -81.0924682617188 -80.6467819213867 -80.2261276245117 -79.8054733276367 -79.3848190307617 -78.9641647338867 -78.5435104370117 -78.1228561401367 -77.7022018432617 -77.3975524902344 -77.1315689086914 -76.865592956543 -76.599609375 -76.3336334228516 -76.0676498413086 -75.8016662597656 -75.5649261474609 -75.415901184082 -75.2668762207031 -75.1178436279297 -74.9688186645508 -74.8197937011719 -74.670768737793 -74.5217361450195 -74.2812347412109 -74.0102386474609 -73.7392349243164
-89.0688858032227 -88.6203231811523 -88.1717681884766 -87.7143936157227 -87.2305755615234 -86.7467575073242 -86.262939453125 -85.7791213989258 -85.2953033447266 -84.8114852905273 -84.3276748657227 -83.8651809692383 -83.409797668457 -82.9544143676758 -82.4990310668945 -82.0436553955078 -81.5882720947266 -81.1328887939453 -80.6868515014648 -80.2688674926758 -79.8508834838867 -79.4328918457031 -79.0149078369141 -78.5969161987305 -78.1789321899414 -77.7609405517578 -77.4613876342773 -77.2013092041016 -76.9412307739258 -76.68115234375 -76.4210739135742 -76.1609954833984 -75.9009170532227 -75.6693649291992 -75.5234222412109 -75.3774795532227 -75.2315368652344 -75.0855941772461 -74.9396514892578 -74.7937088012695 -74.6477661132812 -74.3990325927734 -74.1160354614258 -73.8330383300781
-89.1324234008789 -88.6925811767578 -88.2527465820312 -87.8032073974609 -87.324592590332 -86.8459777832031 -86.3673629760742 -85.8887405395508 -85.4101257324219 -84.931510925293 -84.4528961181641 -83.9941024780273 -83.5419158935547 -83.089729309082 -82.6375427246094 -82.1853561401367 -81.7331771850586 -81.2809906005859 -80.8362197875977 -80.4137115478516 -79.9911956787109 -79.5686874389648 -79.1461715698242 -78.7236557006836 -78.3011474609375 -77.8786315917969 -77.5801620483398 -77.3230438232422 -77.06591796875 -76.8087921142578 -76.5516738891602 -76.294548034668 -76.0374221801758 -75.809196472168 -75.6676635742188 -75.526123046875 -75.3845901489258 -75.243049621582 -75.1015167236328 -74.9599761962891 -74.8184432983398 -74.5573425292969 -74.2563858032227 -73.9554290771484
-89.1959609985352 -88.7648391723633 -88.3337173461914 -87.8920288085938 -87.4186096191406 -86.945198059082 -86.4717788696289 -85.9983673095703 -85.5249481201172 -85.0515365600586 -84.5781173706055 -84.1230239868164 -83.6740341186523 -83.2250442504883 -82.7760543823242 -82.3270645141602 -81.8780746459961 -81.429084777832 -80.9855880737305 -80.5585479736328 -80.1315155029297 -79.704475402832 -79.2774353027344 -78.8504028320312 -78.4233627319336 -77.9963226318359 -77.6989440917969 -77.4447708129883 -77.1906051635742 -76.9364395141602 -76.6822738647461 -76.428108215332 -76.1739349365234 -75.9490280151367 -75.811897277832 -75.6747665405273 -75.5376358032227 -75.400505065918 -75.2633743286133 -75.1262435913086 -74.9891128540039 -74.7156448364258 -74.396728515625 -74.0778198242188
-89.2594909667969 -88.8370971679688 -88.4146957397461 -87.980842590332 -87.5126266479492 -87.0444107055664 -86.5762023925781 -86.1079864501953 -85.6397705078125 -85.1715545654297 -84.7033386230469 -84.2519454956055 -83.80615234375 -83.3603591918945 -82.9145660400391 -82.4687728881836 -82.0229797363281 -81.5771865844727 -81.1349563598633 -80.7033920288086 -80.2718276977539 -79.8402633666992 -79.4087066650391 -78.9771423339844 -78.5455780029297 -78.114013671875 -77.8177185058594 -77.5665054321289 -77.3152923583984 -77.0640869140625 -76.812873840332 -76.5616607666016 -76.3104476928711 -76.0888595581055 -75.9561386108398 -75.8234100341797 -75.6906890869141 -75.5579605102539 -75.4252395629883 -75.2925186157227 -75.1597900390625 -74.8739547729492 -74.5370788574219 -74.2002105712891
-89.3230285644531 -88.9093475341797 -88.4956741333008 -88.0696563720703 -87.6066436767578 -87.1436309814453 -86.6806182861328 -86.2176055908203 -85.7545928955078 -85.2915802001953 -84.8285675048828 -84.3808670043945 -83.9382705688477 -83.4956741333008 -83.0530776977539 -82.610481262207 -82.1678848266602 -81.7252883911133 -81.2843170166016 -80.8482284545898 -80.4121475219727 -79.9760589599609 -79.5399703979492 -79.1038818359375 -78.6677932739258 -78.2317047119141 -77.9364929199219 -77.6882400512695 -77.4399795532227 -77.1917266845703 -76.943473815918 -76.6952209472656 -76.4469604492188 -76.2286911010742 -76.1003723144531 -75.972053527832 -75.8437347412109 -75.7154235839844 -75.5871047973633 -75.4587860107422 -75.3304672241211 -75.0322647094727 -74.6774291992188 -74.3226013183594
-89.3865661621094 -88.9816055297852 -88.5766525268555 -88.1584777832031 -87.7006607055664 -87.2428512573242 -86.785041809082 -86.3272247314453 -85.8694152832031 -85.4115982055664 -84.9537887573242 -84.5097808837891 -84.0703811645508 -83.630989074707 -83.1915893554688 -82.7521896362305 -82.3127899169922 -81.8733901977539 -81.4336853027344 -80.9930725097656 -80.5524597167969 -80.1118469238281 -79.6712341308594 -79.2306213378906 -78.7900085449219 -78.3493957519531 -78.0552673339844 -77.8099670410156 -77.5646743774414 -77.3193740844727 -77.0740737915039 -76.8287734985352 -76.5834732055664 -76.368522644043 -76.2446136474609 -76.1206970214844 -75.9967880249023 -75.8728790283203 -75.7489624023438 -75.6250534057617 -75.5011444091797 -75.1905746459961 -74.8177795410156 -74.4449844360352
-89.3716659545898 -88.980842590332 -88.5900192260742 -88.1850662231445 -87.7377319335938 -87.290397644043 -86.8430633544922 -86.3957290649414 -85.9483947753906 -85.5010604858398 -85.0537261962891 -84.616096496582 -84.1816940307617 -83.7472991943359 -83.3129043579102 -82.8785095214844 -82.4441070556641 -82.0097122192383 -81.5737762451172 -81.1332244873047 -80.6926727294922 -80.2521209716797 -79.8115692138672 -79.3710174560547 -78.9304656982422 -78.4899139404297 -78.2038803100586 -77.969352722168 -77.7348327636719 -77.5003128051758 -77.2657852172852 -77.0312652587891 -76.7967376708984 -76.5887832641602 -76.4605484008789 -76.3323059082031 -76.2040634155273 -76.0758285522461 -75.9475860595703 -75.8193435668945 -75.6911010742188 -75.3728713989258 -74.9913101196289 -74.609748840332
-89.2783279418945 -88.9070587158203 -88.5357818603516 -88.1494293212891 -87.7178497314453 -87.2862701416016 -86.8546981811523 -86.4231185913086 -85.9915390014648 -85.5599594116211 -85.1283798217773 -84.6997909545898 -84.2722015380859 -83.8446197509766 -83.4170303344727 -82.9894409179688 -82.5618515014648 -82.1342620849609 -81.7045974731445 -81.2686920166016 -80.8327789306641 -80.3968734741211 -79.9609680175781 -79.5250625610352 -79.0891571044922 -78.6532516479492 -78.38232421875 -78.1663970947266 -77.9504699707031 -77.7345428466797 -77.5186080932617 -77.3026809692383 -77.0867538452148 -76.8894805908203 -76.748176574707 -76.6068725585938 -76.4655685424805 -76.3242645263672 -76.1829605102539 -76.0416564941406 -75.9003524780273 -75.5791702270508 -75.1980209350586 -74.8168792724609
-89.1849975585938 -88.8332672119141 -88.4815444946289 -88.1137924194336 -87.6979751586914 -87.2821502685547 -86.866325378418 -86.4505004882812 -86.0346832275391 -85.6188583374023 -85.2030334472656 -84.7834930419922 -84.3627166748047 -83.9419326782227 -83.5211563110352 -83.1003723144531 -82.6795959472656 -82.2588119506836 -81.8354110717773 -81.4041519165039 -80.9728927612305 -80.541633605957 -80.1103668212891 -79.6791076660156 -79.2478485107422 -78.8165817260742 -78.5607681274414 -78.3634338378906 -78.1661071777344 -77.9687728881836 -77.7714385986328 -77.574104309082 -77.3767700195312 -77.1901779174805 -77.0358123779297 -76.8814392089844 -76.7270736694336 -76.5727081298828 -76.4183349609375 -76.2639694213867 -76.1096038818359 -75.7854614257812 -75.4047393798828 -75.0240097045898
-89.0916595458984 -88.7594833374023 -88.4273071289062 -88.0781631469727 -87.678092956543 -87.2780227661133 -86.8779602050781 -86.4778900146484 -86.0778198242188 -85.6777572631836 -85.2776870727539 -84.8671951293945 -84.4532241821289 -84.0392456054688 -83.6252746582031 -83.2113037109375 -82.7973327636719 -82.3833618164062 -81.9662322998047 -81.5396118164062 -81.1129989624023 -80.6863861083984 -80.259765625 -79.8331527709961 -79.4065399169922 -78.9799194335938 -78.7392120361328 -78.5604782104492 -78.3817367553711 -78.2030029296875 -78.0242614746094 -77.8455276489258 -77.6667861938477 -77.4908752441406 -77.3234405517578 -77.1560134887695 -76.9885787963867 -76.8211441040039 -76.6537170410156 -76.4862823486328 -76.31884765625 -75.9917602539062 -75.6114501953125 -75.2311401367188
-88.9983215332031 -88.6856994628906 -88.3730697631836 -88.0425262451172 -87.6582107543945 -87.2739028930664 -86.8895874023438 -86.5052795410156 -86.120964050293 -85.7366561889648 -85.3523406982422 -84.9508895874023 -84.5437316894531 -84.1365661621094 -83.7294006347656 -83.3222427368164 -82.9150772094727 -82.5079116821289 -82.0970458984375 -81.6750793457031 -81.2531127929688 -80.8311386108398 -80.4091720581055 -79.9871978759766 -79.5652313232422 -79.1432571411133 -78.9176635742188 -78.7575149536133 -78.5973739624023 -78.4372329711914 -78.2770919799805 -78.116943359375 -77.9568023681641 -77.7915725708008 -77.6110763549805 -77.4305801391602 -77.2500839233398 -77.0695877075195 -76.8890914916992 -76.7085952758789 -76.5280990600586 -76.1980514526367 -75.8181610107422 -75.4382705688477
-88.9049911499023 -88.6119155883789 -88.3188323974609 -88.0068893432617 -87.6383285522461 -87.269775390625 -86.9012222290039 -86.5326614379883 -86.1641082763672 -85.7955551147461 -85.4269943237305 -85.0345916748047 -84.6342391967773 -84.2338790893555 -83.8335266113281 -83.4331741333008 -83.0328216552734 -82.6324615478516 -82.2278671264648 -81.8105392456055 -81.3932189941406 -80.9758911132812 -80.5585708618164 -80.141242980957 -79.7239227294922 -79.3065948486328 -79.0961074829102 -78.9545593261719 -78.8130111694336 -78.6714630126953 -78.529914855957 -78.3883666992188 -78.2468185424805 -78.0922698974609 -77.8987121582031 -77.7051467895508 -77.511589050293 -77.3180236816406 -77.1244659423828 -76.930908203125 -76.7373428344727 -76.4043502807617 -76.0248794555664 -75.6454010009766
