data/working_set_collections/6091692-Cassins_Sparrow-M2/2005/lwgnt_avg.asc
NCOLS 265 
NROWS 230 
XLLCORNER -115.5625 
YLLCORNER 24.8333333333333 
CELLSIZE 0.0833333333333333 
NODATA_value -9999 
[rows 100 to 119 of 230, columns 0 to 43 of 265]
-112.695579528809 -112.897689819336 -113.099800109863 -113.301910400391 -113.504020690918 -113.706130981445 -113.908241271973 -113.670356750488 -113.285797119141 -112.901245117188 -112.516693115234 -112.132133483887 -111.747581481934 -111.36302947998 -110.97688293457 -110.585968017578 -110.195053100586 -109.804138183594 -109.413223266602 -109.022308349609 -108.631393432617 -108.240478515625 -108.074279785156 -107.98299407959 -107.891708374023 -107.800422668457 -107.709136962891 -107.617851257324 -107.526565551758 -107.415893554688 -107.247062683105 -107.078231811523 -106.909393310547 -106.740562438965 -106.571731567383 -106.402900695801 -106.234069824219 -106.057075500488 -105.877365112305 -105.697654724121 -105.517936706543 -105.338226318359 -105.158515930176 -104.978797912598
-112.76082611084 -112.887886047363 -113.014945983887 -113.142013549805 -113.269073486328 -113.396133422852 -113.523193359375 -113.291130065918 -112.939346313477 -112.58757019043 -112.235794067383 -111.884017944336 -111.532234191895 -111.180458068848 -110.822052001953 -110.443778991699 -110.065498352051 -109.687217712402 -109.308944702148 -108.9306640625 -108.552383422852 -108.174110412598 -108.029266357422 -107.96223449707 -107.895202636719 -107.828170776367 -107.761138916016 -107.694114685059 -107.627082824707 -107.53736114502 -107.37956237793 -107.22176361084 -107.06396484375 -106.90616607666 -106.74836730957 -106.59056854248 -106.432769775391 -106.216819763184 -105.981475830078 -105.746139526367 -105.510803222656 -105.275459289551 -105.04012298584 -104.804786682129
-112.869384765625 -112.953468322754 -113.037544250488 -113.121620178223 -113.205703735352 -113.289779663086 -113.373863220215 -113.149864196777 -112.823165893555 -112.496475219727 -112.169776916504 -111.843086242676 -111.516387939453 -111.189697265625 -110.851997375488 -110.48127746582 -110.110557556152 -109.739837646484 -109.369117736816 -108.998397827148 -108.62767791748 -108.256958007812 -108.117401123047 -108.054893493652 -107.992393493652 -107.929893493652 -107.867385864258 -107.804885864258 -107.742378234863 -107.656379699707 -107.499900817871 -107.343421936035 -107.186943054199 -107.030464172363 -106.873985290527 -106.717506408691 -106.561019897461 -106.264450073242 -105.921180725098 -105.577911376953 -105.234642028809 -104.891380310059 -104.548110961914 -104.20484161377
-113.021263122559 -113.094421386719 -113.167587280273 -113.240753173828 -113.313911437988 -113.387077331543 -113.460235595703 -113.246551513672 -112.93724822998 -112.627944946289 -112.318649291992 -112.009346008301 -111.700042724609 -111.390739440918 -111.066703796387 -110.698463439941 -110.330223083496 -109.961982727051 -109.593742370605 -109.22550201416 -108.857261657715 -108.48902130127 -108.338684082031 -108.26097869873 -108.18327331543 -108.105575561523 -108.027870178223 -107.950164794922 -107.872467041016 -107.772964477539 -107.608093261719 -107.443214416504 -107.278335571289 -107.113464355469 -106.948585510254 -106.783706665039 -106.618827819824 -106.199981689453 -105.696479797363 -105.192977905273 -104.689476013184 -104.185966491699 -103.682464599609 -103.17896270752
-113.173141479492 -113.235382080078 -113.297630310059 -113.359878540039 -113.422119140625 -113.484367370605 -113.546615600586 -113.343238830566 -113.051330566406 -112.759422302246 -112.467514038086 -112.175605773926 -111.883697509766 -111.591781616211 -111.281410217285 -110.915649414062 -110.54988861084 -110.184127807617 -109.818367004395 -109.452606201172 -109.086837768555 -108.721076965332 -108.559959411621 -108.467056274414 -108.374153137207 -108.281257629395 -108.188354492188 -108.09545135498 -108.002548217773 -107.889549255371 -107.716278076172 -107.543006896973 -107.369728088379 -107.19645690918 -107.02318572998 -106.849914550781 -106.676635742188 -106.135513305664 -105.471778869629 -104.808036804199 -104.144302368164 -103.480560302734 -102.816818237305 -102.15308380127
-113.325012207031 -113.376342773438 -113.427673339844 -113.47900390625 -113.530326843262 -113.581657409668 -113.632987976074 -113.439933776855 -113.165412902832 -112.890899658203 -112.61637878418 -112.341865539551 -112.067344665527 -111.792831420898 -111.496116638184 -111.132835388184 -110.769554138184 -110.406272888184 -110.042991638184 -109.679702758789 -109.316421508789 -108.953140258789 -108.781242370605 -108.673141479492 -108.565040588379 -108.456939697266 -108.348831176758 -108.240730285645 -108.132629394531 -108.006134033203 -107.824462890625 -107.642791748047 -107.461128234863 -107.279457092285 -107.097785949707 -106.916114807129 -106.734443664551 -106.071044921875 -105.2470703125 -104.423095703125 -103.599128723145 -102.77515411377 -101.951179504395 -101.12720489502
-113.476890563965 -113.517303466797 -113.557716369629 -113.598129272461 -113.638542175293 -113.67894744873 -113.719360351562 -113.53662109375 -113.279495239258 -113.022369384766 -112.765251159668 -112.508125305176 -112.250999450684 -111.993873596191 -111.710830688477 -111.350021362305 -110.989219665527 -110.62841796875 -110.267616271973 -109.906806945801 -109.546005249023 -109.185203552246 -109.00252532959 -108.879219055176 -108.755920410156 -108.632621765137 -108.509315490723 -108.386016845703 -108.262710571289 -108.122718811035 -107.932655334473 -107.742584228516 -107.552520751953 -107.362449645996 -107.172386169434 -106.982322692871 -106.792251586914 -106.00658416748 -105.022369384766 -104.038162231445 -103.053955078125 -102.06974029541 -101.08553314209 -100.101318359375
-113.628768920898 -113.658264160156 -113.687759399414 -113.717254638672 -113.74674987793 -113.776245117188 -113.805740356445 -113.633316040039 -113.393577575684 -113.153846740723 -112.914115905762 -112.674385070801 -112.434646606445 -112.194915771484 -111.925537109375 -111.56721496582 -111.208885192871 -110.850563049316 -110.492240905762 -110.133911132812 -109.775588989258 -109.417266845703 -109.223808288574 -109.085304260254 -108.946800231934 -108.808303833008 -108.669799804688 -108.531295776367 -108.392791748047 -108.239303588867 -108.040840148926 -107.842376708984 -107.643913269043 -107.445449829102 -107.24698638916 -107.048522949219 -106.850059509277 -105.942115783691 -104.797668457031 -103.653221130371 -102.508781433105 -101.364334106445 -100.219886779785 -99.075439453125
-113.89680480957 -113.897880554199 -113.898963928223 -113.900039672852 -113.901123046875 -113.902198791504 -113.903282165527 -113.738784790039 -113.519088745117 -113.29940032959 -113.079711914062 -112.860023498535 -112.640335083008 -112.420639038086 -112.168464660645 -111.818840026855 -111.469207763672 -111.119583129883 -110.769950866699 -110.42032623291 -110.070701599121 -109.721069335938 -109.524253845215 -109.378364562988 -109.232482910156 -109.086601257324 -108.940719604492 -108.79483795166 -108.648956298828 -108.475845336914 -108.221069335938 -107.966285705566 -107.71150970459 -107.456733703613 -107.201957702637 -106.947174072266 -106.692398071289 -105.799057006836 -104.692855834961 -103.58666229248 -102.480461120605 -101.374267578125 -100.26806640625 -99.1618728637695
-114.280990600586 -114.23616027832 -114.19132232666 -114.146492004395 -114.101654052734 -114.056823730469 -114.011985778809 -113.85302734375 -113.656036376953 -113.459037780762 -113.26203918457 -113.065040588379 -112.868041992188 -112.671051025391 -112.43962097168 -112.104904174805 -111.770195007324 -111.435478210449 -111.100761413574 -110.766052246094 -110.431335449219 -110.096618652344 -109.903854370117 -109.758415222168 -109.612968444824 -109.46752166748 -109.322074890137 -109.176635742188 -109.031188964844 -108.83235168457 -108.473335266113 -108.114326477051 -107.755310058594 -107.396301269531 -107.037284851074 -106.678276062012 -106.319259643555 -105.577407836914 -104.707939147949 -103.838470458984 -102.969009399414 -102.099540710449 -101.230072021484 -100.360610961914
-114.665184020996 -114.574440002441 -114.483688354492 -114.392936706543 -114.302192687988 -114.211441040039 -114.120697021484 -113.967277526855 -113.792976379395 -113.618667602539 -113.444366455078 -113.270065307617 -113.095756530762 -112.921455383301 -112.710777282715 -112.390975952148 -112.071174621582 -111.751373291016 -111.431571960449 -111.111770629883 -110.791969299316 -110.47216796875 -110.283462524414 -110.138458251953 -109.993453979492 -109.848442077637 -109.703437805176 -109.55842590332 -109.413421630859 -109.188858032227 -108.725608825684 -108.262359619141 -107.799110412598 -107.335868835449 -106.872619628906 -106.409370422363 -105.94612121582 -105.355758666992 -104.723022460938 -104.090286254883 -103.457550048828 -102.824813842773 -102.192077636719 -101.559341430664
-115.049377441406 -114.912712097168 -114.776054382324 -114.639389038086 -114.502723693848 -114.366065979004 -114.229400634766 -114.081527709961 -113.929916381836 -113.778305053711 -113.626693725586 -113.475082397461 -113.323471069336 -113.171859741211 -112.981925964355 -112.677040100098 -112.37215423584 -112.067268371582 -111.762382507324 -111.457496643066 -111.152610778809 -110.847717285156 -110.663070678711 -110.518501281738 -110.373931884766 -110.229362487793 -110.08479309082 -109.940223693848 -109.795654296875 -109.545356750488 -108.977874755859 -108.41039276123 -107.842910766602 -107.275436401367 -106.707954406738 -106.140472412109 -105.57299041748 -105.13410949707 -104.738105773926 -104.342102050781 -103.946098327637 -103.550094604492 -103.154083251953 -102.758079528809
-115.433570861816 -115.250991821289 -115.068412780762 -114.885841369629 -114.703262329102 -114.520683288574 -114.338111877441 -114.195777893066 -114.066856384277 -113.937942504883 -113.809020996094 -113.680099487305 -113.55118560791 -113.422264099121 -113.253082275391 -112.963111877441 -112.673133850098 -112.383163452148 -112.093193054199 -111.803215026855 -111.513244628906 -111.223274230957 -111.042678833008 -110.898551940918 -110.754417419434 -110.610282897949 -110.466156005859 -110.322021484375 -110.177894592285 -109.901863098145 -109.23014831543 -108.558433532715 -107.88671875 -107.214996337891 -106.543281555176 -105.871566772461 -105.199851989746 -104.912467956543 -104.753189086914 -104.59391784668 -104.434638977051 -104.275367736816 -104.116088867188 -103.956817626953
-115.817756652832 -115.58927154541 -115.360778808594 -115.132286071777 -114.903800964355 -114.675308227539 -114.446815490723 -114.310028076172 -114.203796386719 -114.09757232666 -113.991348266602 -113.885124206543 -113.778900146484 -113.672668457031 -113.524238586426 -113.249176025391 -112.97412109375 -112.699058532715 -112.42399597168 -112.148941040039 -111.873878479004 -111.598823547363 -111.422286987305 -111.278594970703 -111.134902954102 -110.991203308105 -110.847511291504 -110.703819274902 -110.560127258301 -110.258369445801 -109.482421875 -108.706466674805 -107.930519104004 -107.154563903809 -106.378616333008 -105.602661132812 -104.826713562012 -104.690818786621 -104.768272399902 -104.845726013184 -104.923187255859 -105.000640869141 -105.078094482422 -105.155555725098
-115.895347595215 -115.663459777832 -115.431571960449 -115.199684143066 -114.967803955078 -114.735916137695 -114.504028320312 -114.367935180664 -114.263763427734 -114.159599304199 -114.05542755127 -113.951263427734 -113.847099304199 -113.74292755127 -113.598876953125 -113.335166931152 -113.07145690918 -112.807746887207 -112.54402923584 -112.280319213867 -112.016609191895 -111.752899169922 -111.580192565918 -111.43782043457 -111.295440673828 -111.15306854248 -111.010696411133 -110.868324279785 -110.725944519043 -110.428375244141 -109.665199279785 -108.90202331543 -108.138847351074 -107.375671386719 -106.612495422363 -105.849319458008 -105.086143493652 -105.005867004395 -105.153221130371 -105.300575256348 -105.447937011719 -105.595291137695 -105.742645263672 -105.890007019043
-115.666328430176 -115.473564147949 -115.280799865723 -115.088035583496 -114.89527130127 -114.702507019043 -114.509742736816 -114.369499206543 -114.24674987793 -114.124008178711 -114.001266479492 -113.878524780273 -113.755783081055 -113.633033752441 -113.476997375488 -113.221069335938 -112.965141296387 -112.709213256836 -112.45329284668 -112.197364807129 -111.941436767578 -111.685508728027 -111.516395568848 -111.376220703125 -111.236045837402 -111.09587097168 -110.955696105957 -110.815528869629 -110.675354003906 -110.41187286377 -109.778480529785 -109.145088195801 -108.511703491211 -107.878311157227 -107.244918823242 -106.611526489258 -105.978134155273 -105.857604980469 -105.90803527832 -105.958465576172 -106.008888244629 -106.05931854248 -106.109748840332 -106.160171508789
-115.437309265137 -115.283668518066 -115.130027770996 -114.976387023926 -114.822746276855 -114.669105529785 -114.51545715332 -114.371063232422 -114.22974395752 -114.088424682617 -113.947105407715 -113.805786132812 -113.66446685791 -113.523147583008 -113.355117797852 -113.106979370117 -112.858833312988 -112.610687255859 -112.362548828125 -112.114402770996 -111.866256713867 -111.618118286133 -111.452598571777 -111.314628601074 -111.176651000977 -111.038681030273 -110.900703430176 -110.762733459473 -110.624755859375 -110.395370483398 -109.89176940918 -109.388160705566 -108.884552001953 -108.380950927734 -107.877342224121 -107.373733520508 -106.870132446289 -106.709350585938 -106.66284942627 -106.616348266602 -106.569847106934 -106.523345947266 -106.476844787598 -106.43034362793
-115.208290100098 -115.093772888184 -114.97925567627 -114.864730834961 -114.750213623047 -114.635696411133 -114.521179199219 -114.372627258301 -114.212730407715 -114.052833557129 -113.892936706543 -113.733047485352 -113.573150634766 -113.41325378418 -113.233238220215 -112.992881774902 -112.75252532959 -112.512161254883 -112.27180480957 -112.031440734863 -111.791084289551 -111.550727844238 -111.388801574707 -111.253028869629 -111.117256164551 -110.981483459473 -110.845710754395 -110.709938049316 -110.574157714844 -110.378875732422 -110.00505065918 -109.631233215332 -109.25740814209 -108.883590698242 -108.509765625 -108.135948181152 -107.76212310791 -107.561096191406 -107.417663574219 -107.274230957031 -107.130805969238 -106.987373352051 -106.843940734863 -106.700508117676
-114.979270935059 -114.903877258301 -114.828483581543 -114.753082275391 -114.677688598633 -114.60228729248 -114.526893615723 -114.37419128418 -114.19571685791 -114.017250061035 -113.838775634766 -113.660301208496 -113.481834411621 -113.303359985352 -113.111366271973 -112.878791809082 -112.646209716797 -112.413635253906 -112.181060791016 -111.948486328125 -111.715911865234 -111.483329772949 -111.325004577637 -111.191436767578 -111.057861328125 -110.924285888672 -110.790710449219 -110.65714263916 -110.523567199707 -110.362373352051 -110.118339538574 -109.874305725098 -109.630264282227 -109.38623046875 -109.142189025879 -108.898155212402 -108.654113769531 -108.41283416748 -108.172477722168 -107.932121276855 -107.691757202148 -107.451400756836 -107.211036682129 -106.970680236816
-114.750259399414 -114.713981628418 -114.677703857422 -114.64143371582 -114.605155944824 -114.568885803223 -114.532608032227 -114.375755310059 -114.178703308105 -113.981658935547 -113.784614562988 -113.587562561035 -113.390518188477 -113.193466186523 -112.989486694336 -112.764694213867 -112.539901733398 -112.31510925293 -112.090316772461 -111.865524291992 -111.640731811523 -111.415939331055 -111.261215209961 -111.129837036133 -110.998466491699 -110.867088317871 -110.735717773438 -110.604347229004 -110.472969055176 -110.345878601074 -110.231628417969 -110.117370605469 -110.003120422363 -109.888870239258 -109.774612426758 -109.660362243652 -109.546112060547 -109.264579772949 -108.927291870117 -108.590003967285 -108.252716064453 -107.915428161621 -107.578132629395 -107.240844726562
