data/working_set_collections/6091692-Cassins_Sparrow-M2/2005/lwgnt_avg.asc
NCOLS 265 
NROWS 230 
XLLCORNER -115.5625 
YLLCORNER 24.8333333333333 
CELLSIZE 0.0833333333333333 
NODATA_value -9999 
[rows 120 to 139 of 230, columns 176 to 219 of 265]
-88.8034973144531 -88.5211486816406 -88.2387924194336 -87.9377517700195 -87.5806350708008 -87.223518371582 -86.8664016723633 -86.5092926025391 -86.1521759033203 -85.7950592041016 -85.4379425048828 -85.0562896728516 -84.6664581298828 -84.2766265869141 -83.8867950439453 -83.4969711303711 -83.1071395874023 -82.7173080444336 -82.3242416381836 -81.9214782714844 -81.5187072753906 -81.1159439086914 -80.7131805419922 -80.3104095458984 -79.9076461791992 -79.5048828125 -79.3054885864258 -79.1738967895508 -79.0422973632812 -78.9107055664062 -78.7791061401367 -78.6475143432617 -78.5159149169922 -78.3644638061523 -78.153450012207 -77.9424362182617 -77.7314224243164 -77.5204086303711 -77.3093948364258 -77.098388671875 -76.8873748779297 -76.5489807128906 -76.1681365966797 -75.7872848510742
-88.69384765625 -88.4133987426758 -88.1329498291016 -87.8351211547852 -87.4851303100586 -87.135139465332 -86.7851486206055 -86.4351577758789 -86.0851669311523 -85.7351760864258 -85.3851852416992 -85.0159912109375 -84.6403961181641 -84.2648086547852 -83.8892135620117 -83.5136260986328 -83.1380310058594 -82.7624435424805 -82.3861770629883 -82.0078811645508 -81.6295852661133 -81.2512893676758 -80.8729934692383 -80.4946975708008 -80.1164016723633 -79.7381057739258 -79.5458221435547 -79.4155349731445 -79.2852401733398 -79.1549530029297 -79.0246658325195 -78.8943786621094 -78.7640914916992 -78.6081619262695 -78.3753051757812 -78.142448425293 -77.9095993041992 -77.6767425537109 -77.4438858032227 -77.2110290527344 -76.9781723022461 -76.631950378418 -76.2479400634766 -75.8639221191406
-88.5842056274414 -88.3056564331055 -88.0271148681641 -87.7324829101562 -87.3896179199219 -87.0467529296875 -86.7038879394531 -86.3610229492188 -86.0181503295898 -85.6752853393555 -85.3324203491211 -84.9756927490234 -84.6143341064453 -84.2529830932617 -83.8916320800781 -83.5302810668945 -83.1689300537109 -82.8075790405273 -82.4481048583984 -82.0942840576172 -81.7404556274414 -81.3866348266602 -81.0328063964844 -80.6789855957031 -80.3251647949219 -79.9713363647461 -79.7861480712891 -79.6571655273438 -79.5281829833984 -79.3992080688477 -79.2702255249023 -79.141242980957 -79.0122680664062 -78.8518524169922 -78.5971603393555 -78.3424606323242 -78.0877685546875 -77.8330688476562 -77.578369140625 -77.3236770629883 -77.068977355957 -76.7149200439453 -76.3277435302734 -75.9405670166016
-88.4745559692383 -88.1979141235352 -87.921272277832 -87.6298522949219 -87.2941131591797 -86.958366394043 -86.6226272583008 -86.2868881225586 -85.9511413574219 -85.6154022216797 -85.2796630859375 -84.9353866577148 -84.5882797241211 -84.2411651611328 -83.8940505981445 -83.5469360351562 -83.199821472168 -82.8527069091797 -82.5100402832031 -82.1806869506836 -81.8513336181641 -81.5219802856445 -81.192626953125 -80.8632736206055 -80.5339202880859 -80.2045669555664 -80.0264739990234 -79.8988037109375 -79.7711334228516 -79.6434555053711 -79.5157852172852 -79.3881149291992 -79.2604370117188 -79.0955505371094 -78.8190155029297 -78.5424728393555 -78.2659378051758 -77.9893951416016 -77.7128601074219 -77.4363250732422 -77.159782409668 -76.7978897094727 -76.4075469970703 -76.017204284668
-88.3649063110352 -88.0901718139648 -87.8154296875 -87.5272216796875 -87.198600769043 -86.869987487793 -86.5413665771484 -86.2127532958984 -85.8841323852539 -85.5555191040039 -85.2268981933594 -84.8950881958008 -84.5622177124023 -84.2293395996094 -83.8964691162109 -83.563591003418 -83.2307205200195 -82.8978424072266 -82.5719680786133 -82.26708984375 -81.9622039794922 -81.6573257446289 -81.3524398803711 -81.0475616455078 -80.74267578125 -80.4377975463867 -80.2667999267578 -80.1404342651367 -80.0140762329102 -79.8877105712891 -79.761344909668 -79.6349792480469 -79.5086135864258 -79.3392486572266 -79.0408630371094 -78.7424850463867 -78.4441070556641 -78.1457290649414 -77.8473510742188 -77.5489654541016 -77.2505874633789 -76.880859375 -76.4873504638672 -76.0938415527344
-88.2552642822266 -87.982421875 -87.709587097168 -87.4245834350586 -87.1030960083008 -86.7816009521484 -86.4601058959961 -86.1386184692383 -85.8171234130859 -85.4956283569336 -85.1741409301758 -84.8547897338867 -84.5361557006836 -84.2175216674805 -83.8988876342773 -83.5802459716797 -83.2616119384766 -82.9429779052734 -82.633903503418 -82.3534927368164 -82.0730819702148 -81.7926712036133 -81.5122604370117 -81.2318496704102 -80.9514389038086 -80.671028137207 -80.5071334838867 -80.3820724487305 -80.2570190429688 -80.1319580078125 -80.0069046020508 -79.8818435668945 -79.7567901611328 -79.5829391479492 -79.2627182006836 -78.942497253418 -78.6222763061523 -78.3020553588867 -77.9818344116211 -77.6616134643555 -77.3413925170898 -76.9638290405273 -76.5671539306641 -76.1704788208008
-88.1577835083008 -87.8813934326172 -87.6050109863281 -87.3190078735352 -87.004150390625 -86.6892929077148 -86.3744430541992 -86.0595855712891 -85.7447280883789 -85.4298782348633 -85.1150207519531 -84.8064727783203 -84.5000152587891 -84.1935653686523 -83.8871154785156 -83.5806655883789 -83.2742156982422 -82.9677581787109 -82.6731414794922 -82.4140090942383 -82.1548767089844 -81.8957443237305 -81.6366119384766 -81.3774795532227 -81.1183471679688 -80.8592147827148 -80.6982574462891 -80.5700302124023 -80.4417953491211 -80.3135604858398 -80.1853332519531 -80.0570983886719 -79.9288711547852 -79.7483062744141 -79.4107360839844 -79.0731658935547 -78.7356033325195 -78.3980331420898 -78.0604705810547 -77.722900390625 -77.3853378295898 -77.0004806518555 -76.5998611450195 -76.1992492675781
-88.0724716186523 -87.7870788574219 -87.5016937255859 -87.2104721069336 -86.9017715454102 -86.5930709838867 -86.2843627929688 -85.9756622314453 -85.6669616699219 -85.3582534790039 -85.0495529174805 -84.750129699707 -84.4538116455078 -84.1574859619141 -83.8611602783203 -83.5648422241211 -83.2685165405273 -82.9721908569336 -82.6896896362305 -82.4486389160156 -82.2075958251953 -81.966552734375 -81.7255020141602 -81.4844589233398 -81.2434158325195 -81.0023727416992 -80.8401870727539 -80.7042999267578 -80.5684127807617 -80.4325180053711 -80.296630859375 -80.1607437133789 -80.0248489379883 -79.8353271484375 -79.4849166870117 -79.1344985961914 -78.7840805053711 -78.4336700439453 -78.083251953125 -77.7328338623047 -77.3824157714844 -76.9908142089844 -76.5854797363281 -76.1801528930664
-87.9871597290039 -87.6927642822266 -87.3983764648438 -87.1019439697266 -86.7993927001953 -86.4968414306641 -86.1942901611328 -85.8917388916016 -85.5891876220703 -85.2866363525391 -84.9840774536133 -84.6937942504883 -84.407600402832 -84.1214065551758 -83.835205078125 -83.5490112304688 -83.2628173828125 -82.9766235351562 -82.7062377929688 -82.4832763671875 -82.2603149414062 -82.0373611450195 -81.8143997192383 -81.591438293457 -81.3684844970703 -81.1455230712891 -80.9821243286133 -80.8385772705078 -80.6950225830078 -80.5514755249023 -80.4079284667969 -80.2643814086914 -80.1208343505859 -79.9223556518555 -79.5590896606445 -79.1958236694336 -78.8325653076172 -78.4692993164062 -78.1060333251953 -77.7427673339844 -77.3795013427734 -76.9811477661133 -76.5711059570312 -76.1610565185547
-87.9018478393555 -87.5984497070312 -87.2950592041016 -86.9934158325195 -86.6970138549805 -86.4006118774414 -86.1042175292969 -85.8078155517578 -85.5114135742188 -85.2150115966797 -84.9186096191406 -84.6374588012695 -84.3613891601562 -84.085319519043 -83.8092575073242 -83.5331878662109 -83.2571182250977 -82.9810485839844 -82.7227783203125 -82.5179061889648 -82.3130340576172 -82.1081619262695 -81.9032897949219 -81.6984176635742 -81.4935455322266 -81.2886734008789 -81.1240539550781 -80.9728469848633 -80.8216400146484 -80.6704330444336 -80.5192260742188 -80.3680191040039 -80.2168197631836 -80.0093841552734 -79.6332702636719 -79.2571563720703 -78.8810424804688 -78.5049285888672 -78.1288146972656 -77.7527008056641 -77.3765869140625 -76.9714813232422 -76.5567245483398 -76.141960144043
-87.8165283203125 -87.5041351318359 -87.1917419433594 -86.8848876953125 -86.5946350097656 -86.3043899536133 -86.0141372680664 -85.7238922119141 -85.4336395263672 -85.1433868408203 -84.853141784668 -84.5811233520508 -84.3151779174805 -84.0492401123047 -83.7833023071289 -83.5173568725586 -83.2514190673828 -82.985481262207 -82.7393264770508 -82.5525436401367 -82.3657531738281 -82.1789703369141 -81.9921875 -81.8053970336914 -81.6186141967773 -81.4318313598633 -81.265983581543 -81.1071166992188 -80.9482574462891 -80.7893905639648 -80.6305236816406 -80.4716644287109 -80.3127975463867 -80.0964126586914 -79.7074508666992 -79.3184814453125 -78.9295196533203 -78.5405578613281 -78.1515960693359 -77.7626342773438 -77.3736724853516 -76.9618225097656 -76.5423431396484 -76.1228637695312
-87.7312164306641 -87.4098281860352 -87.0884323120117 -86.7763595581055 -86.4922637939453 -86.2081604003906 -85.9240646362305 -85.6399612426758 -85.3558654785156 -85.0717697143555 -84.7876663208008 -84.524787902832 -84.2689743041992 -84.0131607055664 -83.7573471069336 -83.5015335083008 -83.245719909668 -82.9899063110352 -82.7558746337891 -82.5871734619141 -82.4184799194336 -82.2497787475586 -82.0810775756836 -81.9123764038086 -81.7436828613281 -81.5749816894531 -81.4079132080078 -81.2413940429688 -81.0748672485352 -80.9083480834961 -80.741828918457 -80.5753021240234 -80.4087829589844 -80.1834411621094 -79.781623840332 -79.3798141479492 -78.9780044555664 -78.5761871337891 -78.1743774414062 -77.7725677490234 -77.3707504272461 -76.9521560668945 -76.527961730957 -76.1037673950195
-87.642707824707 -87.3128433227539 -86.9829711914062 -86.6654968261719 -86.3852005004883 -86.1049041748047 -85.8246078491211 -85.544303894043 -85.2640075683594 -84.9837112426758 -84.7034149169922 -84.4462814331055 -84.1968765258789 -83.9474639892578 -83.6980514526367 -83.4486465454102 -83.1992340087891 -82.9498291015625 -82.7239685058594 -82.5687561035156 -82.4135437011719 -82.2583312988281 -82.1031265258789 -81.9479141235352 -81.7927017211914 -81.6374893188477 -81.4626922607422 -81.2813568115234 -81.1000213623047 -80.9186935424805 -80.7373580932617 -80.556022644043 -80.3746948242188 -80.1366806030273 -79.728630065918 -79.3205795288086 -78.9125213623047 -78.5044708251953 -78.0964202880859 -77.6883697509766 -77.2803192138672 -76.8575592041016 -76.4298934936523 -76.0022354125977
-87.5510025024414 -87.2131881713867 -86.875373840332 -86.5522994995117 -86.2734527587891 -85.9946060180664 -85.7157592773438 -85.4369125366211 -85.1580657958984 -84.8792190551758 -84.6003723144531 -84.3456115722656 -84.0988845825195 -83.8521575927734 -83.6054229736328 -83.3586959838867 -83.1119689941406 -82.865234375 -82.6436080932617 -82.4972839355469 -82.3509674072266 -82.2046432495117 -82.0583190917969 -81.9120025634766 -81.7656784057617 -81.6193542480469 -81.430305480957 -81.2270126342773 -81.0237121582031 -80.8204193115234 -80.6171188354492 -80.4138259887695 -80.2105331420898 -79.9561386108398 -79.548454284668 -79.1407775878906 -78.7330932617188 -78.3254089355469 -77.9177322387695 -77.5100479125977 -77.1023712158203 -76.6780319213867 -76.2481460571289 -75.8182601928711
-87.4592895507812 -87.1135330200195 -86.7677764892578 -86.4391098022461 -86.1617126464844 -85.8843154907227 -85.6069183349609 -85.3295211791992 -85.0521240234375 -84.7747344970703 -84.4973373413086 -84.2449493408203 -84.0009002685547 -83.7568435668945 -83.5127944946289 -83.2687454223633 -83.0246963500977 -82.780647277832 -82.5632476806641 -82.4258193969727 -82.2883834838867 -82.1509552001953 -82.0135192871094 -81.876091003418 -81.738655090332 -81.6012268066406 -81.3979187011719 -81.1726608276367 -80.9474029541016 -80.7221450805664 -80.4968872070312 -80.2716293334961 -80.0463638305664 -79.7755966186523 -79.3682861328125 -78.9609756469727 -78.5536651611328 -78.146354675293 -77.7390365600586 -77.3317260742188 -76.9244155883789 -76.4985122680664 -76.0663986206055 -75.6342926025391
-87.3675842285156 -87.0138778686523 -86.6601791381836 -86.3259124755859 -86.0499725341797 -85.7740249633789 -85.4980773925781 -85.2221298217773 -84.9461898803711 -84.6702423095703 -84.3942947387695 -84.1442794799805 -83.9029083251953 -83.6615371704102 -83.420166015625 -83.1787948608398 -82.9374237060547 -82.6960525512695 -82.4828872680664 -82.3543472290039 -82.2258071899414 -82.0972595214844 -81.9687194824219 -81.8401794433594 -81.7116317749023 -81.5830917358398 -81.3655395507812 -81.1183166503906 -80.87109375 -80.6238708496094 -80.3766479492188 -80.1294250488281 -79.8822021484375 -79.5950546264648 -79.1881103515625 -78.7811737060547 -78.3742294311523 -77.9672927856445 -77.5603485107422 -77.1534118652344 -76.746467590332 -76.3189849853516 -75.884651184082 -75.450325012207
-87.27587890625 -86.9142303466797 -86.5525817871094 -86.2127227783203 -85.9382247924805 -85.6637268066406 -85.3892364501953 -85.1147384643555 -84.8402481079102 -84.5657501220703 -84.291259765625 -84.0436172485352 -83.8049240112305 -83.5662307739258 -83.3275375366211 -83.0888442993164 -82.8501510620117 -82.6114654541016 -82.4025268554688 -82.2828750610352 -82.1632232666016 -82.043571472168 -81.9239196777344 -81.8042602539062 -81.6846084594727 -81.5649566650391 -81.3331527709961 -81.0639724731445 -80.7947845458984 -80.5255966186523 -80.2564163208008 -79.9872283935547 -79.7180404663086 -79.4145126342773 -79.007942199707 -78.6013717651367 -78.1948013305664 -77.7882308959961 -77.3816604614258 -76.9750900268555 -76.5685195922852 -76.1394577026367 -75.7029037475586 -75.2663497924805
-87.1841659545898 -86.8145751953125 -86.4449844360352 -86.0995254516602 -85.8264846801758 -85.5534362792969 -85.2803955078125 -85.0073471069336 -84.7343063354492 -84.4612655639648 -84.1882171630859 -83.9429473876953 -83.7069320678711 -83.4709243774414 -83.2349090576172 -82.998893737793 -82.7628860473633 -82.5268707275391 -82.3221740722656 -82.2114105224609 -82.1006393432617 -81.989875793457 -81.8791122436523 -81.7683486938477 -81.657585144043 -81.5468215942383 -81.3007736206055 -81.0096206665039 -80.7184753417969 -80.4273223876953 -80.1361770629883 -79.8450317382812 -79.5538787841797 -79.2339706420898 -78.827766418457 -78.4215698242188 -78.0153656005859 -77.6091690063477 -77.2029647827148 -76.7967681884766 -76.3905639648438 -75.9599380493164 -75.5211563110352 -75.0823822021484
-87.119987487793 -86.743522644043 -86.3670501708984 -86.0151062011719 -85.7367324829102 -85.458366394043 -85.1799926757812 -84.9016265869141 -84.6232528686523 -84.3448867797852 -84.0665130615234 -83.8194351196289 -83.5827941894531 -83.3461532592773 -83.1095123291016 -82.8728637695312 -82.6362228393555 -82.3995819091797 -82.1923522949219 -82.0733489990234 -81.9543533325195 -81.8353576660156 -81.7163619995117 -81.5973663330078 -81.4783706665039 -81.359375 -81.1062545776367 -80.8084259033203 -80.5105972290039 -80.212760925293 -79.9149322509766 -79.6171035766602 -79.3192749023438 -78.9969711303711 -78.6012573242188 -78.2055435180664 -77.8098297119141 -77.4141082763672 -77.0183944702148 -76.6226806640625 -76.2269668579102 -75.7952041625977 -75.351432800293 -74.9076614379883
-87.0833435058594 -86.7010650634766 -86.3187866210938 -85.9594573974609 -85.6689834594727 -85.3785095214844 -85.0880355834961 -84.7975616455078 -84.5070877075195 -84.2166137695312 -83.926139831543 -83.6730880737305 -83.432502746582 -83.1919174194336 -82.9513397216797 -82.7107543945312 -82.4701690673828 -82.2295913696289 -82.0130615234375 -81.8687133789062 -81.724365234375 -81.5800170898438 -81.435661315918 -81.2913131713867 -81.1469650268555 -81.0026092529297 -80.7496032714844 -80.4603729248047 -80.171142578125 -79.8819122314453 -79.5926818847656 -79.3034591674805 -79.0142288208008 -78.7035217285156 -78.3284072875977 -77.9532928466797 -77.5781784057617 -77.2030563354492 -76.8279418945312 -76.4528274536133 -76.0777130126953 -75.6452789306641 -75.193733215332 -74.7421951293945
