data/working_set_collections/6091692-Cassins_Sparrow-M2/2005/prectotcorr_avg.asc
NCOLS 265 
NROWS 230 
XLLCORNER -115.5625 
YLLCORNER 24.8333333333333 
CELLSIZE 0.0833333333333333 
NODATA_value -9999 
[rows 0 to 17 of 230, columns 123 to 163 of 265]
1.12624293251429e-05 1.12096049633692e-05 1.11567815110902e-05 1.11039571493166e-05 1.12142970465356e-05 1.13790247269208e-05 1.15437524073059e-05 1.17084809971857e-05 1.18732086775708e-05 1.20379363579559e-05 1.2202664038341e-05 1.24156813399168e-05 1.27735665955697e-05 1.31314518512227e-05 1.34893371068756e-05 1.38472223625286e-05 1.42051076181815e-05 1.45629928738344e-05 1.49208781294874e-05 1.49434326885967e-05 1.48542112583527e-05 1.47649889186141e-05 1.46757674883702e-05 1.45865451486316e-05 1.44973237183876e-05 1.4408101378649e-05 1.4316434317152e-05 1.42174312713905e-05 1.41184291351237e-05 1.40194260893622e-05 1.39204230436007e-05 1.38214199978393e-05 1.37224178615725e-05 1.3623414815811e-05 1.35846948978724e-05 1.35660684463801e-05 1.35474429043825e-05 1.35288173623849e-05 1.35101909108926e-05 1.3491565368895e-05 1.34729398268973e-05
1.11974704850581e-05 1.11306071630679e-05 1.10637438410777e-05 1.09968805190874e-05 1.10906375994091e-05 1.123793390434e-05 1.13852311187657e-05 1.15325283331913e-05 1.16798246381222e-05 1.18271218525479e-05 1.19744190669735e-05 1.21724842756521e-05 1.2522855286079e-05 1.28732272060006e-05 1.32235982164275e-05 1.35739701363491e-05 1.3924341146776e-05 1.42747121572029e-05 1.46250840771245e-05 1.46669344758266e-05 1.46059446706204e-05 1.45449548654142e-05 1.4483965060208e-05 1.44229752550018e-05 1.43619863592903e-05 1.43009965540841e-05 1.42340713864542e-05 1.41493392220582e-05 1.40646070576622e-05 1.39798748932662e-05 1.38951427288703e-05 1.3810411473969e-05 1.3725679309573e-05 1.36409471451771e-05 1.36113358166767e-05 1.36000981001416e-05 1.35888594741118e-05 1.35776217575767e-05 1.35663831315469e-05 1.35551454150118e-05 1.35439076984767e-05
1.11325116449734e-05 1.10516093627666e-05 1.09707061710651e-05 1.08898038888583e-05 1.09669772427878e-05 1.10968430817593e-05 1.12267098302254e-05 1.13565756691969e-05 1.14864415081684e-05 1.16163073471398e-05 1.1746174095606e-05 1.19292881208821e-05 1.2272144886083e-05 1.26150025607785e-05 1.29578602354741e-05 1.33007179101696e-05 1.36435746753705e-05 1.3986432350066e-05 1.43292900247616e-05 1.43904362630565e-05 1.43576789923827e-05 1.43249208122143e-05 1.42921635415405e-05 1.42594062708667e-05 1.42266480906983e-05 1.41938908200245e-05 1.41517075462616e-05 1.40812462632312e-05 1.40107849802007e-05 1.39403246066649e-05 1.38698633236345e-05 1.3799402040604e-05 1.37289407575736e-05 1.36584803840378e-05 1.36379767354811e-05 1.36341268444085e-05 1.36302760438411e-05 1.36264261527685e-05 1.36225753522012e-05 1.36187254611286e-05 1.3614875570056e-05
1.10675528048887e-05 1.09726106529706e-05 1.08776685010525e-05 1.07827263491345e-05 1.08433177956613e-05 1.09557522591786e-05 1.10681876321905e-05 1.11806230052025e-05 1.12930583782145e-05 1.14054937512265e-05 1.15179291242384e-05 1.16860910566174e-05 1.20214344860869e-05 1.23567779155564e-05 1.2692121345026e-05 1.30274647744955e-05 1.3362808203965e-05 1.36981525429292e-05 1.40334959723987e-05 1.41139380502864e-05 1.41094124046504e-05 1.41048867590143e-05 1.4100362022873e-05 1.4095836377237e-05 1.4091310731601e-05 1.40867859954596e-05 1.4069343706069e-05 1.40131542138988e-05 1.39569638122339e-05 1.39007734105689e-05 1.3844583008904e-05 1.37883935167338e-05 1.37322031150688e-05 1.36760127134039e-05 1.36646185637801e-05 1.36681555886753e-05 1.36716935230652e-05 1.36752305479604e-05 1.36787684823503e-05 1.36823055072455e-05 1.36858425321407e-05
1.1002593964804e-05 1.08936128526693e-05 1.078463083104e-05 1.06756497189053e-05 1.071965743904e-05 1.08146614365978e-05 1.09096663436503e-05 1.10046703412081e-05 1.10996752482606e-05 1.11946792458184e-05 1.12896832433762e-05 1.14428939923528e-05 1.17707240860909e-05 1.20985532703344e-05 1.24263833640725e-05 1.2754212548316e-05 1.30820426420541e-05 1.34098718262976e-05 1.37377019200358e-05 1.38374389280216e-05 1.3861145816918e-05 1.38848527058144e-05 1.39085595947108e-05 1.39322664836072e-05 1.39559733725036e-05 1.39796802614001e-05 1.39869807753712e-05 1.39450612550718e-05 1.39031417347724e-05 1.38612231239676e-05 1.38193036036682e-05 1.37773840833688e-05 1.37354645630694e-05 1.369354504277e-05 1.36912594825844e-05 1.37021843329421e-05 1.37131100927945e-05 1.37240349431522e-05 1.37349607030046e-05 1.37458855533623e-05 1.375681040372e-05
1.09376351247192e-05 1.08146141428733e-05 1.06915931610274e-05 1.05685721791815e-05 1.05959970824188e-05 1.06735706140171e-05 1.07511441456154e-05 1.08287176772137e-05 1.0906291208812e-05 1.09838647404104e-05 1.10614382720087e-05 1.11996978375828e-05 1.15200136860949e-05 1.18403286251123e-05 1.21606444736244e-05 1.24809603221365e-05 1.28012761706486e-05 1.31215920191607e-05 1.34419078676729e-05 1.35609407152515e-05 1.36128801386803e-05 1.36648186526145e-05 1.37167580760433e-05 1.37686965899775e-05 1.38206360134063e-05 1.38725745273405e-05 1.39046169351786e-05 1.38769682962447e-05 1.38493205668055e-05 1.38216719278716e-05 1.37940232889378e-05 1.37663746500039e-05 1.37387269205647e-05 1.37110782816308e-05 1.37179004013888e-05 1.37362139867037e-05 1.37545266625239e-05 1.37728393383441e-05 1.3791152923659e-05 1.38094655994792e-05 1.38277782752994e-05
1.09410520963138e-05 1.08011572592659e-05 1.06612615127233e-05 1.05213657661807e-05 1.0541788469709e-05 1.06156503534294e-05 1.06895131466445e-05 1.07633750303648e-05 1.08372378235799e-05 1.09110997073003e-05 1.09849625005154e-05 1.11169219962903e-05 1.14231752377236e-05 1.17294284791569e-05 1.20356817205902e-05 1.23419349620235e-05 1.26481882034568e-05 1.29544414448901e-05 1.32606937768287e-05 1.33885405375622e-05 1.34569181682309e-05 1.35252957988996e-05 1.35936734295683e-05 1.3662051060237e-05 1.37304286909057e-05 1.37988063215744e-05 1.38469686135068e-05 1.38344867082196e-05 1.38220038934378e-05 1.3809521078656e-05 1.37970391733688e-05 1.3784556358587e-05 1.37720735438052e-05 1.3759591638518e-05 1.37770666697179e-05 1.38045279527432e-05 1.38319892357686e-05 1.38594505187939e-05 1.38869118018192e-05 1.39143721753499e-05 1.39418334583752e-05
1.10128457890823e-05 1.08532394733629e-05 1.06936340671382e-05 1.05340286609135e-05 1.05570297819213e-05 1.06409006548347e-05 1.07247715277481e-05 1.08086424006615e-05 1.08925132735749e-05 1.09763841464883e-05 1.10602550194017e-05 1.11945682874648e-05 1.14802105599665e-05 1.17658519229735e-05 1.20514941954752e-05 1.2337136467977e-05 1.2622777830984e-05 1.29084201034857e-05 1.31940614664927e-05 1.33202393044485e-05 1.33932617245591e-05 1.34662841446698e-05 1.35393065647804e-05 1.36123289848911e-05 1.36853514050017e-05 1.37583738251124e-05 1.38140358103556e-05 1.38176137625123e-05 1.38211926241638e-05 1.38247714858153e-05 1.38283494379721e-05 1.38319282996235e-05 1.3835507161275e-05 1.38390851134318e-05 1.38687573780771e-05 1.39071271405555e-05 1.39454969030339e-05 1.39838666655123e-05 1.40222364279907e-05 1.40606061904691e-05 1.40989759529475e-05
1.10846385723562e-05 1.09053225969546e-05 1.07260066215531e-05 1.05466906461515e-05 1.05722720036283e-05 1.066615095624e-05 1.07600299088517e-05 1.08539097709581e-05 1.09477887235698e-05 1.10416676761815e-05 1.11355475382879e-05 1.12722145786393e-05 1.15372449727147e-05 1.18022762762848e-05 1.20673066703603e-05 1.23323370644357e-05 1.25973683680058e-05 1.28623987620813e-05 1.31274291561567e-05 1.325193716184e-05 1.33296052808873e-05 1.34072724904399e-05 1.34849396999925e-05 1.35626069095451e-05 1.36402741190977e-05 1.3717942238145e-05 1.37811020977097e-05 1.38007417262997e-05 1.38203813548898e-05 1.38400209834799e-05 1.385966061207e-05 1.38793002406601e-05 1.38989398692502e-05 1.39185794978403e-05 1.39604480864364e-05 1.40097263283678e-05 1.40590045702993e-05 1.41082828122308e-05 1.41575610541622e-05 1.42068402055884e-05 1.42561184475198e-05
1.115643135563e-05 1.09574057205464e-05 1.0758379175968e-05 1.05593535408843e-05 1.05875133158406e-05 1.06914012576453e-05 1.07952891994501e-05 1.08991762317601e-05 1.10030641735648e-05 1.11069521153695e-05 1.12108400571742e-05 1.13498608698137e-05 1.15942802949576e-05 1.18386997201014e-05 1.20831191452453e-05 1.23275385703892e-05 1.2571957995533e-05 1.28163774206769e-05 1.30607968458207e-05 1.31836359287263e-05 1.32659479277208e-05 1.33482608362101e-05 1.34305728352047e-05 1.35128848341992e-05 1.35951977426885e-05 1.3677509741683e-05 1.37481692945585e-05 1.37838696900872e-05 1.38195700856159e-05 1.38552704811445e-05 1.38909717861679e-05 1.39266721816966e-05 1.39623725772253e-05 1.3998072972754e-05 1.40521387947956e-05 1.41123255161801e-05 1.41725122375647e-05 1.42326998684439e-05 1.42928865898284e-05 1.43530733112129e-05 1.44132600325975e-05
1.12282241389039e-05 1.10094879346434e-05 1.07907526398776e-05 1.05720164356171e-05 1.06027546280529e-05 1.0716650649556e-05 1.08305475805537e-05 1.09444436020567e-05 1.10583396235597e-05 1.11722365545575e-05 1.12861325760605e-05 1.14275062514935e-05 1.16513147077058e-05 1.1875123163918e-05 1.20989316201303e-05 1.23227400763426e-05 1.25465476230602e-05 1.27703560792725e-05 1.29941645354847e-05 1.31153346956125e-05 1.32022914840491e-05 1.32892491819803e-05 1.33762059704168e-05 1.34631627588533e-05 1.35501204567845e-05 1.3637077245221e-05 1.37152355819126e-05 1.37669976538746e-05 1.38187588163419e-05 1.38705208883039e-05 1.39222820507712e-05 1.39740441227332e-05 1.40258052852005e-05 1.40775673571625e-05 1.41438295031548e-05 1.42149247039924e-05 1.42860208143247e-05 1.43571160151623e-05 1.44282112159999e-05 1.44993073263322e-05 1.45704025271698e-05
1.13000169221777e-05 1.10615710582351e-05 1.08231251942925e-05 1.05846793303499e-05 1.06179968497599e-05 1.07419009509613e-05 1.08658059616573e-05 1.09897109723534e-05 1.11136150735547e-05 1.12375200842507e-05 1.13614250949468e-05 1.15051525426679e-05 1.17083500299486e-05 1.19115466077346e-05 1.21147440950153e-05 1.23179406728013e-05 1.2521138160082e-05 1.2724334737868e-05 1.29275322251488e-05 1.30470325530041e-05 1.31386350403773e-05 1.32302366182557e-05 1.33218391056289e-05 1.34134415930021e-05 1.35050431708805e-05 1.35966456582537e-05 1.36823027787614e-05 1.37501247081673e-05 1.38179475470679e-05 1.38857703859685e-05 1.39535932248691e-05 1.40214160637697e-05 1.40892389026703e-05 1.41570608320762e-05 1.42355202115141e-05 1.43175238918047e-05 1.43995284815901e-05 1.44815321618808e-05 1.45635367516661e-05 1.46455404319568e-05 1.47275450217421e-05
1.16689489004784e-05 1.1400731636968e-05 1.11325143734575e-05 1.08642971099471e-05 1.08700514829252e-05 1.0967129128403e-05 1.10642076833756e-05 1.11612853288534e-05 1.12583629743312e-05 1.13554415293038e-05 1.14525191747816e-05 1.15707616714644e-05 1.17524978122674e-05 1.19342339530704e-05 1.21159700938733e-05 1.22977062346763e-05 1.24794423754793e-05 1.26611785162822e-05 1.28429146570852e-05 1.29616028061719e-05 1.30592752611847e-05 1.31569477161975e-05 1.3254621080705e-05 1.33522935357178e-05 1.34499659907306e-05 1.35476384457434e-05 1.3642188605445e-05 1.3727371879213e-05 1.38125551529811e-05 1.38977384267491e-05 1.39829226100119e-05 1.40681058837799e-05 1.4153289157548e-05 1.4238472431316e-05 1.43316556204809e-05 1.44275054481113e-05 1.45233552757418e-05 1.46192041938775e-05 1.4715054021508e-05 1.48109038491384e-05 1.49067536767689e-05
1.23350209833006e-05 1.20269705803366e-05 1.17189210868673e-05 1.14108706839033e-05 1.13589194370434e-05 1.13923360913759e-05 1.14257518362137e-05 1.14591675810516e-05 1.14925833258894e-05 1.1525999980222e-05 1.15594157250598e-05 1.1624333637883e-05 1.17837589641567e-05 1.19431842904305e-05 1.2102610526199e-05 1.22620358524728e-05 1.24214611787465e-05 1.25808865050203e-05 1.27403118312941e-05 1.28590445456211e-05 1.2964213055966e-05 1.30693815663108e-05 1.31745509861503e-05 1.32797194964951e-05 1.33848880068399e-05 1.34900565171847e-05 1.35948939714581e-05 1.36987382575171e-05 1.38025816340814e-05 1.39064259201405e-05 1.40102692967048e-05 1.41141135827638e-05 1.42179569593281e-05 1.43218012453872e-05 1.44322357300553e-05 1.45448684634175e-05 1.46575002872851e-05 1.47701321111526e-05 1.48827639350202e-05 1.49953957588878e-05 1.51080275827553e-05
1.30010930661228e-05 1.26532095237053e-05 1.23053268907825e-05 1.19574433483649e-05 1.18477883006562e-05 1.18175421448541e-05 1.17872959890519e-05 1.17570498332498e-05 1.17268036774476e-05 1.16965575216454e-05 1.1666312275338e-05 1.16779056043015e-05 1.18150210255408e-05 1.19521355372854e-05 1.20892500490299e-05 1.22263645607745e-05 1.23634799820138e-05 1.25005944937584e-05 1.2637709005503e-05 1.27564862850704e-05 1.28691508507472e-05 1.29818154164241e-05 1.30944808915956e-05 1.32071454572724e-05 1.33198100229492e-05 1.34324745886261e-05 1.35475993374712e-05 1.36701037263265e-05 1.37926081151818e-05 1.39151125040371e-05 1.40376168928924e-05 1.41601212817477e-05 1.4282625670603e-05 1.44051300594583e-05 1.45328167491243e-05 1.4662230569229e-05 1.47916452988284e-05 1.4921059118933e-05 1.50504738485324e-05 1.51798885781318e-05 1.53093023982365e-05
1.36671642394504e-05 1.3279448467074e-05 1.28917326946976e-05 1.25040169223212e-05 1.23366562547744e-05 1.22427481983323e-05 1.21488401418901e-05 1.20549320854479e-05 1.19610240290058e-05 1.18671159725636e-05 1.17732079161215e-05 1.17314784802147e-05 1.18462821774301e-05 1.19610858746455e-05 1.20758904813556e-05 1.2190694178571e-05 1.23054978757864e-05 1.24203024824965e-05 1.25351061797119e-05 1.26539280245197e-05 1.27740886455285e-05 1.28942492665374e-05 1.30144107970409e-05 1.31345714180497e-05 1.32547320390586e-05 1.33748935695621e-05 1.35003047034843e-05 1.36414701046306e-05 1.37826345962822e-05 1.39237990879337e-05 1.406496448908e-05 1.42061289807316e-05 1.43472934723832e-05 1.44884588735295e-05 1.46333968586987e-05 1.47795935845352e-05 1.49257903103717e-05 1.50719870362082e-05 1.52181837620446e-05 1.53643795783864e-05 1.55105772137176e-05
1.43332363222726e-05 1.39056874104426e-05 1.34781384986127e-05 1.30505895867827e-05 1.28255251183873e-05 1.26679551613051e-05 1.2510385204223e-05 1.23528143376461e-05 1.2195244380564e-05 1.20376744234818e-05 1.18801044663996e-05 1.17850504466332e-05 1.18775433293195e-05 1.19700371215004e-05 1.20625300041866e-05 1.21550237963675e-05 1.22475166790537e-05 1.23400104712346e-05 1.24325033539208e-05 1.2551369763969e-05 1.26790264403098e-05 1.28066840261454e-05 1.29343407024862e-05 1.30619973788271e-05 1.31896549646626e-05 1.33173116410035e-05 1.34530109789921e-05 1.361283557344e-05 1.37726610773825e-05 1.39324865813251e-05 1.40923111757729e-05 1.42521366797155e-05 1.4411962183658e-05 1.45717867781059e-05 1.47339778777678e-05 1.48969565998414e-05 1.5059935321915e-05 1.52229149534833e-05 1.53858927660622e-05 1.55488723976305e-05 1.57118520291988e-05
1.49993084050948e-05 1.45319263538113e-05 1.40645443025278e-05 1.3597163160739e-05 1.33143930725055e-05 1.30931612147833e-05 1.28719293570612e-05 1.26506965898443e-05 1.24294647321221e-05 1.22082328744e-05 1.19870010166778e-05 1.18386224130518e-05 1.19088044812088e-05 1.19789874588605e-05 1.20491704365122e-05 1.21193525046692e-05 1.21895354823209e-05 1.22597184599726e-05 1.23299005281297e-05 1.24488115034183e-05 1.25839642350911e-05 1.27191178762587e-05 1.28542706079315e-05 1.29894233396044e-05 1.3124576980772e-05 1.32597297124448e-05 1.34057163450052e-05 1.3584201951744e-05 1.37626875584829e-05 1.39411731652217e-05 1.41196587719605e-05 1.42981443786994e-05 1.44766299854382e-05 1.4655115592177e-05 1.48345579873421e-05 1.50143196151475e-05 1.5194081242953e-05 1.53738419612637e-05 1.55536035890691e-05 1.57333652168745e-05 1.59131268446799e-05
