data/working_set_collections/6091692-Cassins_Sparrow-M2/2005/prectotcorr_avg.asc
NCOLS 265 
NROWS 230 
XLLCORNER -115.5625 
YLLCORNER 24.8333333333333 
CELLSIZE 0.0833333333333333 
NODATA_value -9999 
[rows 72 to 89 of 230, columns 0 to 40 of 265]
5.75600051888614e-06 6.00772636971669e-06 6.25945222054725e-06 6.5111780713778e-06 6.76290392220835e-06 7.0146297730389e-06 7.26635562386946e-06 7.47057674743701e-06 7.65896311349934e-06 7.84734857006697e-06 8.0357349361293e-06 8.22412039269693e-06 8.41250675875926e-06 8.6008931248216e-06 8.76688409334747e-06 8.86569068825338e-06 8.96449728315929e-06 9.0633038780652e-06 9.16211047297111e-06 9.26091797737172e-06 9.35972457227763e-06 9.45853116718354e-06 9.66992047324311e-06 9.91883734968724e-06 1.01677533166367e-05 1.04166701930808e-05 1.06655870695249e-05 1.0914503945969e-05 1.11634199129185e-05 1.14097392724943e-05 1.16482633529813e-05 1.1886788342963e-05 1.21253124234499e-05 1.23638374134316e-05 1.26023614939186e-05 1.28408864839002e-05 1.30794105643872e-05 1.29259378809365e-05 1.26417980936822e-05 1.23576592159225e-05 1.20735194286681e-05
5.65267782803858e-06 5.90375566389412e-06 6.15483349974966e-06 6.4059113356052e-06 6.65698917146074e-06 6.90806700731628e-06 7.15914484317182e-06 7.37435493647354e-06 7.5776092671731e-06 7.78086359787267e-06 7.98411838331958e-06 8.1873722592718e-06 8.39062704471871e-06 8.59388183016563e-06 8.77722050063312e-06 8.90081355464645e-06 9.02440660865977e-06 9.1479996626731e-06 9.27159180719173e-06 9.39518486120505e-06 9.51877791521838e-06 9.64237096923171e-06 9.8419232017477e-06 1.00667957667611e-05 1.02916683317744e-05 1.05165399872931e-05 1.07414125523064e-05 1.09662851173198e-05 1.11911567728384e-05 1.14118647616124e-05 1.1620076293184e-05 1.18282887342502e-05 1.20365011753165e-05 1.22447127068881e-05 1.24529251479544e-05 1.2661136679526e-05 1.28693491205922e-05 1.26980057757464e-05 1.24001444419264e-05 1.21022821986116e-05 1.18044208647916e-05
5.54935468244366e-06 5.79978450332419e-06 6.05021432420472e-06 6.30064414508524e-06 6.55107396596577e-06 6.8015037868463e-06 7.05193406247417e-06 7.27813358025742e-06 7.49625633034157e-06 7.71437862567836e-06 7.93250183050986e-06 8.15062503534136e-06 8.36874733067816e-06 8.58687053550966e-06 8.78755690791877e-06 8.93593642103951e-06 9.08431502466556e-06 9.2326945377863e-06 9.38107314141234e-06 9.52945265453309e-06 9.67783216765383e-06 9.82621077127988e-06 1.0013926839747e-05 1.02147541838349e-05 1.04155824374175e-05 1.06164106910001e-05 1.08172380350879e-05 1.10180662886705e-05 1.12188936327584e-05 1.14139902507304e-05 1.15918892333866e-05 1.17697891255375e-05 1.19476890176884e-05 1.21255889098393e-05 1.23034878924955e-05 1.24813877846464e-05 1.26592876767972e-05 1.2470074580051e-05 1.21584898806759e-05 1.18469060907955e-05 1.15353223009151e-05
5.44603153684875e-06 5.69581334275426e-06 5.94559514865978e-06 6.19537740931264e-06 6.44515921521815e-06 6.69494102112367e-06 6.94472282702918e-06 7.18191176929395e-06 7.41490293876268e-06 7.64789456297876e-06 7.88088527770014e-06 8.11387690191623e-06 8.34686761663761e-06 8.57985924085369e-06 8.79789331520442e-06 8.97105928743258e-06 9.14422435016604e-06 9.3173894128995e-06 9.49055447563296e-06 9.66372044786112e-06 9.83688551059458e-06 1.0010050573328e-05 1.01859295682516e-05 1.03627135104034e-05 1.05394965430605e-05 1.07162804852123e-05 1.08930635178695e-05 1.10698474600213e-05 1.12466304926784e-05 1.14161157398485e-05 1.15637021735893e-05 1.17112895168248e-05 1.18588768600603e-05 1.20064642032958e-05 1.21540515465313e-05 1.23016388897668e-05 1.24492262330023e-05 1.22421433843556e-05 1.19168362289201e-05 1.15915299829794e-05 1.1266222827544e-05
5.34270839125384e-06 5.59184218218434e-06 5.84097642786219e-06 6.09011021879269e-06 6.33924400972319e-06 6.58837780065369e-06 6.83751204633154e-06 7.08568995833048e-06 7.33354954718379e-06 7.58140913603711e-06 7.82926872489043e-06 8.07712876849109e-06 8.32498790259706e-06 8.57284794619773e-06 8.80822972249007e-06 9.00618124433095e-06 9.20413276617182e-06 9.4020842880127e-06 9.60003580985358e-06 9.79798733169446e-06 9.99593885353534e-06 1.01938903753762e-05 1.03579332062509e-05 1.05106719274772e-05 1.06634115581983e-05 1.08161502794246e-05 1.09688899101457e-05 1.1121628631372e-05 1.12743673525983e-05 1.14182412289665e-05 1.15355160232866e-05 1.16527908176067e-05 1.17700656119268e-05 1.18873404062469e-05 1.20046152005671e-05 1.21218899948872e-05 1.22391647892073e-05 1.20142112791655e-05 1.16751825771644e-05 1.13361529656686e-05 1.09971242636675e-05
5.23938524565892e-06 5.48787147636176e-06 5.73635725231725e-06 5.98484302827273e-06 6.23332925897557e-06 6.48181503493106e-06 6.73030081088655e-06 6.98946860211436e-06 7.25219661035226e-06 7.51492416384281e-06 7.77765217208071e-06 8.04038063506596e-06 8.30310818855651e-06 8.56583665154176e-06 8.81856703927042e-06 9.04130411072401e-06 9.26404209167231e-06 9.4867800726206e-06 9.7095180535689e-06 9.93225512502249e-06 1.01549931059708e-05 1.03777310869191e-05 1.05299359347555e-05 1.06586312540458e-05 1.07873256638413e-05 1.09160200736369e-05 1.10447153929272e-05 1.11734098027227e-05 1.13021042125183e-05 1.14203658085898e-05 1.15073289634893e-05 1.1594291208894e-05 1.16812534542987e-05 1.17682156997034e-05 1.18551779451082e-05 1.19421401905129e-05 1.20291033454123e-05 1.178628008347e-05 1.14335280159139e-05 1.10807768578525e-05 1.0728025699791e-05
5.16312047693646e-06 5.4022216318117e-06 5.64132278668694e-06 5.88042348681483e-06 6.11952464169008e-06 6.35862579656532e-06 6.59772649669321e-06 6.85164968672325e-06 7.11051370672067e-06 7.36937772671808e-06 7.6282417467155e-06 7.88710531196557e-06 8.14596933196299e-06 8.40483335196041e-06 8.65580932440935e-06 8.88311933522345e-06 9.11042934603756e-06 9.33773935685167e-06 9.56504936766578e-06 9.79235937847989e-06 1.0019669389294e-05 1.02469794001081e-05 1.03991078503896e-05 1.05261760836584e-05 1.06532434074325e-05 1.07803107312066e-05 1.09073789644754e-05 1.10344462882495e-05 1.11615136120236e-05 1.12746720333234e-05 1.13461010187166e-05 1.14175300041097e-05 1.14889589895029e-05 1.1560387974896e-05 1.16318169602891e-05 1.17032459456823e-05 1.17746749310754e-05 1.15293969429331e-05 1.11785502667772e-05 1.08277035906212e-05 1.04768569144653e-05
5.11391408508644e-06 5.33489355802885e-06 5.55587257622392e-06 5.77685159441899e-06 5.9978310673614e-06 6.21881008555647e-06 6.43978910375154e-06 6.6722345763992e-06 6.90850220053107e-06 7.14476936991559e-06 7.38103699404746e-06 7.61730416343198e-06 7.8535713328165e-06 8.08983895694837e-06 8.31995657790685e-06 8.53162600833457e-06 8.74329452926759e-06 8.9549630502006e-06 9.16663157113362e-06 9.37830100156134e-06 9.58996952249436e-06 9.80163804342737e-06 9.9654489531531e-06 1.0113306416315e-05 1.02611647889717e-05 1.04090222521336e-05 1.05568797152955e-05 1.07047380879521e-05 1.08525955511141e-05 1.09811580841779e-05 1.10518330984632e-05 1.11225072032539e-05 1.11931822175393e-05 1.12638572318247e-05 1.133453224611e-05 1.14052063509007e-05 1.14758813651861e-05 1.1243563676544e-05 1.09102484202594e-05 1.05769331639749e-05 1.02436179076903e-05
5.06470769323641e-06 5.26756502949866e-06 5.4704223657609e-06 5.67327970202314e-06 5.87613703828538e-06 6.07899437454762e-06 6.28185171080986e-06 6.49281901132781e-06 6.70649023959413e-06 6.9201610131131e-06 7.13383224137942e-06 7.34750301489839e-06 7.56117378841736e-06 7.77484456193633e-06 7.98410474089906e-06 8.18013268144568e-06 8.37615971249761e-06 8.57218674354954e-06 8.76821377460146e-06 8.96424171514809e-06 9.16026874620002e-06 9.35629577725194e-06 9.53178914642194e-06 9.7004376584664e-06 9.86908526101615e-06 1.00377337730606e-05 1.02063813756104e-05 1.03750298876548e-05 1.05436774902046e-05 1.06876441350323e-05 1.07575642687152e-05 1.08274853118928e-05 1.08974054455757e-05 1.09673264887533e-05 1.10372466224362e-05 1.11071667561191e-05 1.11770877992967e-05 1.09577295006602e-05 1.0641945664247e-05 1.03261618278339e-05 1.00103789009154e-05
5.01550130138639e-06 5.20023695571581e-06 5.38497261004522e-06 5.56970780962729e-06 5.7544434639567e-06 5.93917866353877e-06 6.12391431786818e-06 6.31340390100377e-06 6.50447827865719e-06 6.69555265631061e-06 6.88662703396403e-06 7.0777018663648e-06 7.26877624401823e-06 7.45985062167165e-06 7.64825290389126e-06 7.8286384450621e-06 8.00902489572763e-06 8.18941043689847e-06 8.36979688756401e-06 8.55018242873484e-06 8.73056796990568e-06 8.91095442057122e-06 9.09812933969079e-06 9.28756799112307e-06 9.47700664255535e-06 9.66644438449293e-06 9.85588303592522e-06 1.00453216873575e-05 1.02347594292951e-05 1.03941301858868e-05 1.04632963484619e-05 1.0532462511037e-05 1.06016286736121e-05 1.06707948361873e-05 1.07399609987624e-05 1.08091271613375e-05 1.08782933239127e-05 1.06718962342711e-05 1.03736438177293e-05 1.00753914011875e-05 9.77713989414042e-06
4.96629490953637e-06 5.13290888193296e-06 5.2995223995822e-06 5.46613591723144e-06 5.63274943488068e-06 5.79936295252992e-06 5.96597647017916e-06 6.13398833593237e-06 6.30246631772025e-06 6.47094429950812e-06 6.63942228129599e-06 6.80790026308387e-06 6.97637824487174e-06 7.14485622665961e-06 7.31240106688347e-06 7.47714557292056e-06 7.64189007895766e-06 7.8066341302474e-06 7.97137909103185e-06 8.13612314232159e-06 8.30086810310604e-06 8.46561215439579e-06 8.66447044245433e-06 8.87469832377974e-06 9.08492711459985e-06 9.29515590541996e-06 9.50538469624007e-06 9.71561348706018e-06 9.92584136838559e-06 1.01006162367412e-05 1.01690284282085e-05 1.02374397101812e-05 1.03058519016486e-05 1.03742640931159e-05 1.04426762845833e-05 1.05110875665559e-05 1.05794997580233e-05 1.03860620583873e-05 1.01053419712116e-05 9.82462097454118e-06 9.54390088736545e-06
4.91708851768635e-06 5.06558035340277e-06 5.21407218911918e-06 5.36256402483559e-06 5.51105586055201e-06 5.65954724152107e-06 5.80803907723748e-06 5.95457322560833e-06 6.10045481153065e-06 6.24633594270563e-06 6.39221752862795e-06 6.53809911455028e-06 6.6839807004726e-06 6.82986183164758e-06 6.97654877512832e-06 7.12565179128433e-06 7.27475526218768e-06 7.42385827834369e-06 7.57296129449969e-06 7.72206476540305e-06 7.8711673268117e-06 8.02027079771506e-06 8.23081063572317e-06 8.46182956593111e-06 8.69284849613905e-06 8.92386742634699e-06 9.15488635655493e-06 9.38590437726816e-06 9.6169233074761e-06 9.80710228759563e-06 9.87475959846051e-06 9.9424178188201e-06 1.0010075129685e-05 1.00777333500446e-05 1.01453906609095e-05 1.02130479717744e-05 1.02807061921339e-05 1.01002287919982e-05 9.83703921519918e-06 9.57385054789484e-06 9.31066188059049e-06
4.91598666485515e-06 5.03804494655924e-06 5.16010322826332e-06 5.28216150996741e-06 5.40421933692414e-06 5.52627761862823e-06 5.64833590033231e-06 5.7754969020607e-06 5.90435865888139e-06 6.03322041570209e-06 6.16208262727014e-06 6.29094438409084e-06 6.41980614091153e-06 6.54866835247958e-06 6.6840807448898e-06 6.83914504406857e-06 6.99420934324735e-06 7.14927364242612e-06 7.3043379416049e-06 7.45940224078367e-06 7.6144669947098e-06 7.76953129388858e-06 7.98753444541944e-06 8.2265178207308e-06 8.46550119604217e-06 8.70448457135353e-06 8.94346703717019e-06 9.18245041248156e-06 9.42143378779292e-06 9.61848581937375e-06 9.68974563875236e-06 9.76100545813097e-06 9.83226527750958e-06 9.90352418739349e-06 9.9747840067721e-06 1.00460438261507e-05 1.01173036455293e-05 9.9534963737824e-06 9.71133340499364e-06 9.46917043620488e-06 9.22700837691082e-06
4.96298935104278e-06 5.05030220665503e-06 5.13761506226729e-06 5.22492791787954e-06 5.31224077349179e-06 5.39955362910405e-06 5.4868664847163e-06 5.59675891054212e-06 5.71417831451981e-06 5.8315977184975e-06 5.9490171224752e-06 6.06643652645289e-06 6.18385547568323e-06 6.30127487966092e-06 6.43499652142054e-06 6.61762487652595e-06 6.80025277688401e-06 6.98288113198942e-06 7.16550948709482e-06 7.34813738745288e-06 7.53076574255829e-06 7.71339364291634e-06 7.93464187154314e-06 8.16876399767352e-06 8.40288521430921e-06 8.6370073404396e-06 8.87112855707528e-06 9.10525068320567e-06 9.33937189984135e-06 9.53476774157025e-06 9.61398563958937e-06 9.6932035376085e-06 9.77242052613292e-06 9.85163842415204e-06 9.93085632217117e-06 1.00100742201903e-05 1.00892921182094e-05 9.94586480373982e-06 9.72822363110026e-06 9.5105824584607e-06 9.29294128582114e-06
5.0099920372304e-06 5.06255946675083e-06 5.11512689627125e-06 5.16769432579167e-06 5.22026175531209e-06 5.27282918483252e-06 5.32539661435294e-06 5.4180213737709e-06 5.52399797015823e-06 5.62997502129292e-06 5.73595161768026e-06 5.84192821406759e-06 5.94790526520228e-06 6.05388186158962e-06 6.18591229795129e-06 6.39610470898333e-06 6.60629666526802e-06 6.81648862155271e-06 7.0266805778374e-06 7.23687253412209e-06 7.44706449040677e-06 7.65725690143881e-06 7.88175020716153e-06 8.11101017461624e-06 8.34027014207095e-06 8.56953010952566e-06 8.79879007698037e-06 9.02805095392978e-06 9.25731092138449e-06 9.45104966376675e-06 9.53822564042639e-06 9.62540161708603e-06 9.71257668425096e-06 9.7997526609106e-06 9.88692863757024e-06 9.97410461422987e-06 1.00612805908895e-05 9.93823414319195e-06 9.74511385720689e-06 9.55199357122183e-06 9.35887328523677e-06
5.05699472341803e-06 5.07481672684662e-06 5.09263918502256e-06 5.11046118845115e-06 5.12828319187975e-06 5.14610519530834e-06 5.16392719873693e-06 5.23928338225232e-06 5.33381762579666e-06 5.42835186934099e-06 5.52288611288532e-06 5.61742035642965e-06 5.71195459997398e-06 5.80648884351831e-06 5.93682852922939e-06 6.17458408669336e-06 6.41234009890468e-06 6.650096111116e-06 6.88785166857997e-06 7.12560768079129e-06 7.36336369300261e-06 7.60111925046658e-06 7.82885763328522e-06 8.05325635155896e-06 8.27765416033799e-06 8.50205287861172e-06 8.72645159688545e-06 8.95085031515919e-06 9.17524903343292e-06 9.36733158596326e-06 9.46246564126341e-06 9.55759878706886e-06 9.652732842369e-06 9.74786689766916e-06 9.8430009529693e-06 9.93813500826946e-06 1.00332690635696e-05 9.93060257314937e-06 9.76200408331351e-06 9.59340468398295e-06 9.4248061941471e-06
5.10399740960565e-06 5.08707398694241e-06 5.07015101902653e-06 5.05322759636329e-06 5.0363046284474e-06 5.01938120578416e-06 5.00245778312092e-06 5.0605458454811e-06 5.14363728143508e-06 5.2267291721364e-06 5.30982060809038e-06 5.3929124987917e-06 5.47600393474568e-06 5.55909537069965e-06 5.68774430576013e-06 5.95306391915074e-06 6.21838353254134e-06 6.48370360067929e-06 6.74902321406989e-06 7.0143428274605e-06 7.2796624408511e-06 7.5449820542417e-06 7.77596505940892e-06 7.99550161900697e-06 8.21503908809973e-06 8.43457655719249e-06 8.65411311679054e-06 8.8736505858833e-06 9.09318714548135e-06 9.28361350815976e-06 9.38670564210042e-06 9.48979686654638e-06 9.59288900048705e-06 9.69598113442771e-06 9.79907326836837e-06 9.90216540230904e-06 1.00052575362497e-05 9.9229719126015e-06 9.77889430942014e-06 9.63481670623878e-06 9.49073910305742e-06
5.15100009579328e-06 5.09933124703821e-06 5.04766285303049e-06 4.99599445902277e-06 4.9443256102677e-06 4.89265721625998e-06 4.84098836750491e-06 4.88180830870988e-06 4.95345739182085e-06 5.02510647493182e-06 5.09675510329544e-06 5.16840418640641e-06 5.24005326951738e-06 5.31170235262834e-06 5.43866008229088e-06 5.73154375160811e-06 6.02442742092535e-06 6.31731063549523e-06 6.61019430481247e-06 6.9030779741297e-06 7.19596164344694e-06 7.48884485801682e-06 7.72307248553261e-06 7.93774779594969e-06 8.15242401586147e-06 8.36709932627855e-06 8.58177463669563e-06 8.7964499471127e-06 9.01112616702449e-06 9.19989543035626e-06 9.31094473344274e-06 9.42199494602391e-06 9.53304515860509e-06 9.64409537118627e-06 9.75514558376744e-06 9.86619579634862e-06 9.9772460089298e-06 9.91534034255892e-06 9.79578453552676e-06 9.6762278189999e-06 9.55667110247305e-06
