data/working_set_collections/6091692-Cassins_Sparrow-M2/2005/prectotcorr_avg.asc
NCOLS 265 
NROWS 230 
XLLCORNER -115.5625 
YLLCORNER 24.8333333333333 
CELLSIZE 0.0833333333333333 
NODATA_value -9999 
[rows 0 to 17 of 230, columns 164 to 204 of 265]
1.34669189719716e-05 1.34987149067456e-05 1.35305099320249e-05 1.35623058667989e-05 1.35941008920781e-05 1.36258968268521e-05 1.36576927616261e-05 1.36894877869054e-05 1.38377818075242e-05 1.40249076139298e-05 1.42120334203355e-05 1.43991592267412e-05 1.45862850331469e-05 1.47734108395525e-05 1.49605366459582e-05 1.51619460666552e-05 1.54062017827528e-05 1.56504593178397e-05 1.58947168529266e-05 1.61389725690242e-05 1.63832301041111e-05 1.66274858202087e-05 1.68717433552956e-05 1.7100961485994e-05 1.73251664818963e-05 1.75493696588092e-05 1.77735746547114e-05 1.79977796506137e-05 1.82219846465159e-05 1.84461896424182e-05 1.86889701581094e-05 1.89874845091254e-05 1.92859970411519e-05 1.95845095731784e-05 1.98830221052049e-05 2.01815364562208e-05 2.04800489882473e-05 2.07785615202738e-05 2.08527453651186e-05 2.08521523745731e-05 2.08515593840275e-05
1.35444324769196e-05 1.35802456497913e-05 1.3616058822663e-05 1.36518719955347e-05 1.36876851684065e-05 1.37234983412782e-05 1.37593115141499e-05 1.37951246870216e-05 1.39503172249533e-05 1.41453037940664e-05 1.43402894536848e-05 1.45352760227979e-05 1.4730262591911e-05 1.49252482515294e-05 1.51202348206425e-05 1.53206474351464e-05 1.55373345478438e-05 1.57540234795306e-05 1.59707124112174e-05 1.61874013429042e-05 1.64040884556016e-05 1.66207773872884e-05 1.68374663189752e-05 1.70464354596334e-05 1.72528307302855e-05 1.74592260009376e-05 1.76656212715898e-05 1.78720165422419e-05 1.8078411812894e-05 1.82848070835462e-05 1.85146182047902e-05 1.88146732398309e-05 1.91147282748716e-05 1.94147833099123e-05 1.9714838344953e-05 2.00148933799937e-05 2.03149484150345e-05 2.06150034500752e-05 2.07245830097236e-05 2.07706707442412e-05 2.08167584787589e-05
1.36219450723729e-05 1.36617754833424e-05 1.37016068038065e-05 1.37414372147759e-05 1.37812685352401e-05 1.38210989462095e-05 1.3860929357179e-05 1.39007606776431e-05 1.40628526423825e-05 1.4265699974203e-05 1.44685463965288e-05 1.46713928188547e-05 1.48742392411805e-05 1.50770856635063e-05 1.52799329953268e-05 1.54793469846481e-05 1.56684673129348e-05 1.58575876412215e-05 1.60467079695081e-05 1.62358282977948e-05 1.64249486260815e-05 1.66140689543681e-05 1.68031892826548e-05 1.69919076142833e-05 1.71804949786747e-05 1.73690805240767e-05 1.75576660694787e-05 1.77462534338702e-05 1.79348389792722e-05 1.81234245246742e-05 1.83402644324815e-05 1.86418619705364e-05 1.89434595085913e-05 1.92450570466463e-05 1.95466545847012e-05 1.98482521227561e-05 2.0149849660811e-05 2.04514471988659e-05 2.05964224733179e-05 2.06891909328988e-05 2.07819593924796e-05
1.36994585773209e-05 1.37433062263881e-05 1.378715478495e-05 1.38310033435118e-05 1.38748519020737e-05 1.39186995511409e-05 1.39625481097028e-05 1.40063966682646e-05 1.41753889693064e-05 1.43860961543396e-05 1.45968024298782e-05 1.48075096149114e-05 1.50182167999446e-05 1.52289230754832e-05 1.54396311700111e-05 1.56380483531393e-05 1.57996000780258e-05 1.59611518029124e-05 1.61227035277989e-05 1.62842552526854e-05 1.64458069775719e-05 1.66073587024584e-05 1.6768910427345e-05 1.69373815879226e-05 1.71081592270639e-05 1.72789350472158e-05 1.74497126863571e-05 1.7620488506509e-05 1.77912661456503e-05 1.79620419658022e-05 1.81659106601728e-05 1.84690507012419e-05 1.87721907423111e-05 1.90753289643908e-05 1.93784690054599e-05 1.9681609046529e-05 1.99847490875982e-05 2.02878891286673e-05 2.04682619369123e-05 2.06077111215563e-05 2.07471603062004e-05
1.37769711727742e-05 1.38248369694338e-05 1.38727027660934e-05 1.3920568562753e-05 1.39684352689073e-05 1.4016301065567e-05 1.40641668622266e-05 1.41120326588862e-05 1.42879243867355e-05 1.45064914249815e-05 1.47250593727222e-05 1.49436264109681e-05 1.51621934492141e-05 1.53807613969548e-05 1.5599327525706e-05 1.57967497216305e-05 1.59307328431169e-05 1.60647159646032e-05 1.61986990860896e-05 1.63326840265654e-05 1.64666671480518e-05 1.66006502695382e-05 1.67346333910245e-05 1.68828555615619e-05 1.70358234754531e-05 1.71887895703549e-05 1.7341757484246e-05 1.74947253981372e-05 1.76476933120284e-05 1.78006612259196e-05 1.79915568878641e-05 1.82962394319475e-05 1.86009201570414e-05 1.89056027011247e-05 1.92102852452081e-05 1.95149677892914e-05 1.98196485143853e-05 2.01243310584687e-05 2.03400995815173e-05 2.05262294912245e-05 2.07123612199211e-05
1.38544846777222e-05 1.39063677124796e-05 1.39582516567316e-05 1.40101346914889e-05 1.4062018635741e-05 1.41139016704983e-05 1.41657856147503e-05 1.42176686495077e-05 1.44004607136594e-05 1.46268876051181e-05 1.48533154060715e-05 1.50797432070249e-05 1.53061700984836e-05 1.5532597899437e-05 1.57590257003903e-05 1.59554510901216e-05 1.60618656082079e-05 1.61682801262941e-05 1.62746964633698e-05 1.6381110981456e-05 1.64875254995422e-05 1.65939418366179e-05 1.67003563547041e-05 1.68283295352012e-05 1.69634877238423e-05 1.70986459124833e-05 1.72338041011244e-05 1.73689622897655e-05 1.75041204784065e-05 1.76392786670476e-05 1.78172031155555e-05 1.8123428162653e-05 1.84296513907611e-05 1.87358764378587e-05 1.90420996659668e-05 1.93483247130644e-05 1.96545497601619e-05 1.996077298827e-05 2.02119390451116e-05 2.04447496798821e-05 2.06775621336419e-05
1.39766534630326e-05 1.40335496325861e-05 1.40904448926449e-05 1.41473401527037e-05 1.42042363222572e-05 1.4261131582316e-05 1.43180277518695e-05 1.43749230119283e-05 1.45535423143883e-05 1.47727369039785e-05 1.4991930584074e-05 1.52111242641695e-05 1.5430317944265e-05 1.56495116243605e-05 1.58687071234453e-05 1.60552990564611e-05 1.61440912052058e-05 1.62328833539505e-05 1.63216755026951e-05 1.64104658324504e-05 1.64992579811951e-05 1.65880501299398e-05 1.66768422786845e-05 1.6799809600343e-05 1.69341674336465e-05 1.70685270859394e-05 1.72028867382323e-05 1.73372463905253e-05 1.74716060428182e-05 1.76059656951111e-05 1.7784841475077e-05 1.80972729140194e-05 1.84097025339724e-05 1.87221321539255e-05 1.90345617738785e-05 1.93469913938316e-05 1.96594210137846e-05 1.99718506337376e-05 2.02357332454994e-05 2.04834341275273e-05 2.07311350095551e-05
1.41434793476947e-05 1.42063818202587e-05 1.42692842928227e-05 1.43321867653867e-05 1.43950892379507e-05 1.44579917105148e-05 1.45208941830788e-05 1.45837966556428e-05 1.47471719174064e-05 1.49440375025733e-05 1.5140903997235e-05 1.5337769582402e-05 1.55346369865583e-05 1.57315025717253e-05 1.59283681568922e-05 1.60962972586276e-05 1.61774096341105e-05 1.62585238285828e-05 1.63396362040658e-05 1.64207503985381e-05 1.6501862774021e-05 1.65829751495039e-05 1.66640893439762e-05 1.67972957569873e-05 1.69478662428446e-05 1.70984367287019e-05 1.72490090335486e-05 1.7399579519406e-05 1.75501500052633e-05 1.77007204911206e-05 1.78944737854181e-05 1.82177718670573e-05 1.85410699486965e-05 1.88643698493252e-05 1.91876679309644e-05 1.95109660126036e-05 1.98342640942428e-05 2.0157562175882e-05 2.04114858206594e-05 2.06422846531495e-05 2.08730816666503e-05
1.43103043228621e-05 1.43792140079313e-05 1.44481227835058e-05 1.45170324685751e-05 1.45859412441496e-05 1.46548509292188e-05 1.47237597047933e-05 1.47926693898626e-05 1.49408006109297e-05 1.51153390106629e-05 1.5289877410396e-05 1.54644167196238e-05 1.56389542098623e-05 1.58134935190901e-05 1.59880310093286e-05 1.61372936418047e-05 1.62107280630153e-05 1.62841643032152e-05 1.63575987244258e-05 1.64310331456363e-05 1.65044675668469e-05 1.65779019880574e-05 1.6651336409268e-05 1.67947819136316e-05 1.69615650520427e-05 1.71283463714644e-05 1.72951295098756e-05 1.74619126482867e-05 1.76286939677084e-05 1.77954771061195e-05 1.80041060957592e-05 1.83382726390846e-05 1.867243918241e-05 1.90066057257354e-05 1.93407740880502e-05 1.96749406313756e-05 2.00091071747011e-05 2.03432737180265e-05 2.05872383958194e-05 2.08011333597824e-05 2.10150283237454e-05
1.44771292980295e-05 1.45520461956039e-05 1.46269621836836e-05 1.47018781717634e-05 1.47767941598431e-05 1.48517101479229e-05 1.49266261360026e-05 1.50015421240823e-05 1.51344293044531e-05 1.52866396092577e-05 1.5438850823557e-05 1.55910620378563e-05 1.57432732521556e-05 1.58954826474655e-05 1.60476938617649e-05 1.61782918439712e-05 1.62440483109094e-05 1.63098029588582e-05 1.63755594257964e-05 1.64413158927346e-05 1.65070723596727e-05 1.65728288266109e-05 1.66385852935491e-05 1.67922680702759e-05 1.69752620422514e-05 1.71582560142269e-05 1.73412499862025e-05 1.7524243958178e-05 1.77072379301535e-05 1.7890231902129e-05 1.81137365871109e-05 1.84587734111119e-05 1.88038084161235e-05 1.91488434211351e-05 1.94938802451361e-05 1.98389152501477e-05 2.01839502551593e-05 2.05289870791603e-05 2.076298915199e-05 2.09599820664153e-05 2.11569749808405e-05
1.46439551826916e-05 1.47248783832765e-05 1.48058006743668e-05 1.48867238749517e-05 1.4967646166042e-05 1.50485693666269e-05 1.51294925672119e-05 1.52104148583021e-05 1.53280579979764e-05 1.54579411173472e-05 1.5587824236718e-05 1.57177073560888e-05 1.58475904754596e-05 1.59774735948304e-05 1.61073567142012e-05 1.62192882271484e-05 1.62773667398142e-05 1.63354434334906e-05 1.63935219461564e-05 1.64515986398328e-05 1.65096771524986e-05 1.6567753846175e-05 1.66258323588409e-05 1.67897560459096e-05 1.69889608514495e-05 1.71881674759788e-05 1.73873722815188e-05 1.75865770870587e-05 1.7785783711588e-05 1.79849885171279e-05 1.8223368897452e-05 1.85792723641498e-05 1.8935177649837e-05 1.92910811165348e-05 1.9646986402222e-05 2.00028898689197e-05 2.03587933356175e-05 2.07146986213047e-05 2.093874172715e-05 2.11188325920375e-05 2.1298923456925e-05
1.4810780157859e-05 1.48977105709491e-05 1.49846400745446e-05 1.507156957814e-05 1.51584990817355e-05 1.5245428585331e-05 1.53323580889264e-05 1.54192875925219e-05 1.55216876009945e-05 1.56292426254367e-05 1.5736797649879e-05 1.58443526743213e-05 1.59519095177529e-05 1.60594645421952e-05 1.61670195666375e-05 1.62602864293149e-05 1.63106851687189e-05 1.6361083908123e-05 1.6411482647527e-05 1.64618832059205e-05 1.65122819453245e-05 1.65626806847285e-05 1.66130794241326e-05 1.67872422025539e-05 1.70026596606476e-05 1.72180771187413e-05 1.74334927578457e-05 1.76489102159394e-05 1.78643276740331e-05 1.80797451321268e-05 1.83329993888037e-05 1.86997731361771e-05 1.90665468835505e-05 1.94333188119344e-05 1.98000925593078e-05 2.01668644876918e-05 2.05336382350652e-05 2.09004101634491e-05 2.111449430231e-05 2.12776812986704e-05 2.14408701140201e-05
1.4999615814304e-05 1.50835176100372e-05 1.51674194057705e-05 1.5251320292009e-05 1.5335222997237e-05 1.54191238834755e-05 1.55030247697141e-05 1.55869274749421e-05 1.56756286742166e-05 1.57659305841662e-05 1.58562324941158e-05 1.59465344040655e-05 1.60368363140151e-05 1.61271382239647e-05 1.62174401339144e-05 1.6298614355037e-05 1.63524109666469e-05 1.64062075782567e-05 1.64600041898666e-05 1.65138008014765e-05 1.65675974130863e-05 1.66213958436856e-05 1.66751924552955e-05 1.68652422871673e-05 1.71007122844458e-05 1.73361822817242e-05 1.75716522790026e-05 1.7807122276281e-05 1.80425922735594e-05 1.82780622708378e-05 1.85466833499959e-05 1.89147594937822e-05 1.92828338185791e-05 1.96509099623654e-05 2.00189861061517e-05 2.0387062249938e-05 2.07551383937243e-05 2.11232145375106e-05 2.13256898859981e-05 2.14729643630562e-05 2.16202388401143e-05
1.52104612425319e-05 1.52822995005408e-05 1.53541386680445e-05 1.54259778355481e-05 1.54978151840623e-05 1.5569654351566e-05 1.56414935190696e-05 1.57133308675839e-05 1.57898830366321e-05 1.58680049935356e-05 1.59461269504391e-05 1.60242489073426e-05 1.6102370864246e-05 1.61804928211495e-05 1.6258614778053e-05 1.63342756422935e-05 1.64025459525874e-05 1.64708162628813e-05 1.65390865731752e-05 1.6607356883469e-05 1.66756271937629e-05 1.67438975040568e-05 1.68121678143507e-05 1.70237581187394e-05 1.72831223608227e-05 1.75424866029061e-05 1.78018490260001e-05 1.80612132680835e-05 1.83205775101669e-05 1.85799399332609e-05 1.88644171430496e-05 1.92242296179757e-05 1.95840439118911e-05 1.99438563868171e-05 2.03036688617431e-05 2.06634831556585e-05 2.10232956305845e-05 2.13831081055105e-05 2.15723266592249e-05 2.17046799662057e-05 2.18370332731865e-05
1.54213066707598e-05 1.54810823005391e-05 1.55408579303185e-05 1.56006335600978e-05 1.56604091898771e-05 1.57201848196564e-05 1.57799604494357e-05 1.58397360792151e-05 1.59041373990476e-05 1.5970079402905e-05 1.60360214067623e-05 1.6101965229609e-05 1.61679072334664e-05 1.62338492373237e-05 1.62997912411811e-05 1.63699351105606e-05 1.64526791195385e-05 1.65354231285164e-05 1.66181671374943e-05 1.67009111464722e-05 1.67836551554501e-05 1.6866399164428e-05 1.69491431734059e-05 1.71822739503114e-05 1.74655306182103e-05 1.77487891050987e-05 1.80320457729977e-05 1.8315304259886e-05 1.85985627467744e-05 1.88818194146734e-05 1.91821509361034e-05 1.95337015611585e-05 1.98852521862136e-05 2.02368028112687e-05 2.05883516173344e-05 2.09399022423895e-05 2.12914528674446e-05 2.16430034924997e-05 2.18189652514411e-05 2.19363955693552e-05 2.20538258872693e-05
1.56321530084824e-05 1.56798651005374e-05 1.57275771925924e-05 1.57752911036368e-05 1.58230031956919e-05 1.58707152877469e-05 1.59184291987913e-05 1.59661412908463e-05 1.60183917614631e-05 1.60721538122743e-05 1.61259176820749e-05 1.61796797328861e-05 1.62334417836973e-05 1.6287205653498e-05 1.63409677043092e-05 1.64055945788277e-05 1.65028122864896e-05 1.66000299941516e-05 1.66972477018135e-05 1.67944654094754e-05 1.68916849361267e-05 1.69889026437886e-05 1.70861203514505e-05 1.7340787962894e-05 1.76479406945873e-05 1.79550916072913e-05 1.82622443389846e-05 1.85693952516885e-05 1.88765479833819e-05 1.91836988960858e-05 1.94998847291572e-05 1.9843171685352e-05 2.01864604605362e-05 2.0529747416731e-05 2.08730361919152e-05 2.121632314811e-05 2.15596119232941e-05 2.19028988794889e-05 2.20656020246679e-05 2.21681111725047e-05 2.22706185013521e-05
1.58429975272156e-05 1.58786479005357e-05 1.59142982738558e-05 1.59499468281865e-05 1.59855972015066e-05 1.60212457558373e-05 1.60568961291574e-05 1.60925465024775e-05 1.61326461238787e-05 1.61742282216437e-05 1.62158121383982e-05 1.62573942361632e-05 1.62989781529177e-05 1.63405620696722e-05 1.63821441674372e-05 1.64412540470948e-05 1.65529454534408e-05 1.66646386787761e-05 1.6776330085122e-05 1.6888021491468e-05 1.69997128978139e-05 1.71114043041598e-05 1.72230957105057e-05 1.7499303794466e-05 1.78303489519749e-05 1.81613941094838e-05 1.84924410859821e-05 1.88234862434911e-05 1.9154531401e-05 1.94855783774983e-05 1.9817618522211e-05 2.01526436285349e-05 2.04876687348587e-05 2.08226938411826e-05 2.11577189475065e-05 2.14927440538304e-05 2.18277691601543e-05 2.21627942664782e-05 2.23122406168841e-05 2.23998267756542e-05 2.24874129344244e-05
1.60538438649382e-05 1.6077430700534e-05 1.61010175361298e-05 1.61246043717256e-05 1.61481912073214e-05 1.61717780429171e-05 1.61953630595235e-05 1.62189498951193e-05 1.62469004862942e-05 1.62763026310131e-05 1.63057065947214e-05 1.63351105584297e-05 1.63645145221381e-05 1.6393916666857e-05 1.64233206305653e-05 1.64769153343514e-05 1.66030804393813e-05 1.67292455444112e-05 1.68554106494412e-05 1.69815757544711e-05 1.71077408595011e-05 1.7233905964531e-05 1.73600728885503e-05 1.76578178070486e-05 1.80127590283519e-05 1.83676984306658e-05 1.87226378329797e-05 1.90775772352936e-05 1.94325166376075e-05 1.97874578589108e-05 2.01353523152648e-05 2.04621155717177e-05 2.07888770091813e-05 2.11156402656343e-05 2.14424017030979e-05 2.17691649595508e-05 2.20959263970144e-05 2.24226896534674e-05 2.25588773901109e-05 2.26315405598143e-05 2.27042055485072e-05
