data/working_set_collections/6091692-Cassins_Sparrow-M2/2005/prectotcorr_avg.asc
NCOLS 265 
NROWS 230 
XLLCORNER -115.5625 
YLLCORNER 24.8333333333333 
CELLSIZE 0.0833333333333333 
NODATA_value -9999 
[rows 144 to 161 of 230, columns 123 to 163 of 265]
1.22007677418878e-05 1.22464798550936e-05 1.22921919682994e-05 1.23379040815053e-05 1.2276524103072e-05 1.21794473670889e-05 1.2082369721611e-05 1.19852920761332e-05 1.18882144306554e-05 1.17911376946722e-05 1.16940600491944e-05 1.15898228614242e-05 1.14641070467769e-05 1.1338390322635e-05 1.12126745079877e-05 1.10869586933404e-05 1.09612419691985e-05 1.08355261545512e-05 1.07098103399039e-05 1.08331287265173e-05 1.10394594230456e-05 1.12457901195739e-05 1.14521208161023e-05 1.16584515126306e-05 1.18647822091589e-05 1.20711129056872e-05 1.2295669876039e-05 1.25749038488721e-05 1.28541387311998e-05 1.31333727040328e-05 1.34126075863605e-05 1.36918415591936e-05 1.39710764415213e-05 1.42503104143543e-05 1.44860614454956e-05 1.47073187690694e-05 1.49285751831485e-05 1.51498325067223e-05 1.53710898302961e-05 1.55923462443752e-05 1.58136026584543e-05
1.20112517834059e-05 1.20596068882151e-05 1.21079619930242e-05 1.21563170978334e-05 1.21098628369509e-05 1.20318054541713e-05 1.19537471618969e-05 1.18756897791172e-05 1.17976314868429e-05 1.17195741040632e-05 1.16415158117888e-05 1.15544680738822e-05 1.14404492705944e-05 1.13264313768013e-05 1.12124125735136e-05 1.10983937702258e-05 1.09843758764328e-05 1.0870357073145e-05 1.07563382698572e-05 1.08736803667853e-05 1.10681421574554e-05 1.12626039481256e-05 1.14570657387958e-05 1.1651527529466e-05 1.18459893201361e-05 1.20404511108063e-05 1.22541296150303e-05 1.25254591694102e-05 1.27967887237901e-05 1.306811827817e-05 1.33394478325499e-05 1.36107773869298e-05 1.38821069413098e-05 1.41534364956897e-05 1.43842953548301e-05 1.46016636790591e-05 1.48190320032882e-05 1.50364003275172e-05 1.52537686517462e-05 1.54711378854699e-05 1.56885053002043e-05
1.18217349154293e-05 1.18727339213365e-05 1.1923732017749e-05 1.19747301141615e-05 1.19432015708298e-05 1.18841635412537e-05 1.18251246021828e-05 1.17660865726066e-05 1.17070485430304e-05 1.16480105134542e-05 1.15889715743833e-05 1.15191132863401e-05 1.14167924039066e-05 1.1314471521473e-05 1.12121506390395e-05 1.11098297566059e-05 1.10075088741723e-05 1.09051879917388e-05 1.08028671093052e-05 1.09142320070532e-05 1.10968248918653e-05 1.12794177766773e-05 1.14620097519946e-05 1.16446026368067e-05 1.18271955216187e-05 1.20097884064307e-05 1.22125893540215e-05 1.24760144899483e-05 1.27394387163804e-05 1.30028638523072e-05 1.32662880787393e-05 1.35297132146661e-05 1.37931374410982e-05 1.40565616675303e-05 1.42825283546699e-05 1.44960085890489e-05 1.47094888234278e-05 1.49229690578068e-05 1.5136448382691e-05 1.53499295265647e-05 1.55634097609436e-05
1.16322189569473e-05 1.16858600449632e-05 1.17395020424738e-05 1.17931431304896e-05 1.17765393952141e-05 1.17365207188413e-05 1.16965020424686e-05 1.16564833660959e-05 1.16164646897232e-05 1.15764460133505e-05 1.15364273369778e-05 1.14837575893034e-05 1.13931346277241e-05 1.13025116661447e-05 1.12118887045654e-05 1.1121265742986e-05 1.10306418719119e-05 1.09400189103326e-05 1.08493959487532e-05 1.09547827378265e-05 1.11255067167804e-05 1.12962306957343e-05 1.14669546746882e-05 1.16376786536421e-05 1.1808402632596e-05 1.19791266115499e-05 1.21710490930127e-05 1.24265689009917e-05 1.26820887089707e-05 1.29376085169497e-05 1.31931283249287e-05 1.34486481329077e-05 1.37041679408867e-05 1.39596877488657e-05 1.41807613545097e-05 1.43903534990386e-05 1.45999447340728e-05 1.48095368786016e-05 1.50191290231305e-05 1.52287202581647e-05 1.54383124026936e-05
1.14427020889707e-05 1.14989870780846e-05 1.15552720671985e-05 1.16115561468177e-05 1.1609878129093e-05 1.15888788059237e-05 1.15678803922492e-05 1.154688106908e-05 1.15258817459107e-05 1.15048824227415e-05 1.1483884009067e-05 1.14484028017614e-05 1.13694777610363e-05 1.12905518108164e-05 1.12116267700912e-05 1.11327008198714e-05 1.10537757791462e-05 1.09748498289264e-05 1.08959247882012e-05 1.09953343780944e-05 1.11541894511902e-05 1.13130445242859e-05 1.14718995973817e-05 1.16307546704775e-05 1.17896088340785e-05 1.19484639071743e-05 1.21295088320039e-05 1.23771242215298e-05 1.2624738701561e-05 1.28723540910869e-05 1.31199685711181e-05 1.3367583960644e-05 1.36151984406752e-05 1.3862813830201e-05 1.40789952638443e-05 1.42846984090284e-05 1.44904015542124e-05 1.46961046993965e-05 1.49018087540753e-05 1.51075118992594e-05 1.53132150444435e-05
1.12531861304888e-05 1.1312114111206e-05 1.13710420919233e-05 1.14299691631459e-05 1.14432168629719e-05 1.14412368930061e-05 1.14392578325351e-05 1.14372778625693e-05 1.14352988020983e-05 1.14333188321325e-05 1.14313397716614e-05 1.14130480142194e-05 1.13458199848537e-05 1.12785919554881e-05 1.12113648356171e-05 1.11441368062515e-05 1.10769087768858e-05 1.10096807475202e-05 1.09424527181545e-05 1.10358860183624e-05 1.11828712761053e-05 1.13298574433429e-05 1.14768436105805e-05 1.16238297778182e-05 1.17708159450558e-05 1.19178021122934e-05 1.20879694804898e-05 1.23276795420679e-05 1.2567389603646e-05 1.28070996652241e-05 1.30468097268022e-05 1.32865197883802e-05 1.35262298499583e-05 1.37659399115364e-05 1.39772282636841e-05 1.41790433190181e-05 1.43808583743521e-05 1.45826734296861e-05 1.47844884850201e-05 1.49863035403541e-05 1.51881185956881e-05
1.10353421405307e-05 1.10930686787469e-05 1.11507952169632e-05 1.12085217551794e-05 1.12334882942378e-05 1.12475345304119e-05 1.12615816760808e-05 1.1275627912255e-05 1.12896741484292e-05 1.13037203846034e-05 1.13177675302722e-05 1.13164132926613e-05 1.12688585431897e-05 1.12213028842234e-05 1.11737481347518e-05 1.11261933852802e-05 1.10786377263139e-05 1.10310829768423e-05 1.09835282273707e-05 1.10748005681671e-05 1.12123489088845e-05 1.13498963401071e-05 1.14874446808244e-05 1.16249930215417e-05 1.17625413622591e-05 1.19000897029764e-05 1.20603108371142e-05 1.22885539894924e-05 1.25167962323758e-05 1.27450384752592e-05 1.29732807181426e-05 1.32015229610261e-05 1.34297652039095e-05 1.36580083562876e-05 1.3862716514268e-05 1.40595802804455e-05 1.42564440466231e-05 1.44533087222953e-05 1.46501724884729e-05 1.48470362546504e-05 1.5043900020828e-05
1.07891692096018e-05 1.08418507807073e-05 1.08945323518128e-05 1.09472139229183e-05 1.09806933323853e-05 1.10077717181412e-05 1.10348510133917e-05 1.10619293991476e-05 1.10890086943982e-05 1.11160879896488e-05 1.11431663754047e-05 1.11584986370872e-05 1.11385916170548e-05 1.11186845970224e-05 1.109877757699e-05 1.10788705569576e-05 1.10589635369251e-05 1.10390565168927e-05 1.10191494968603e-05 1.11120780275087e-05 1.12426196210436e-05 1.13731612145784e-05 1.15037028081133e-05 1.16342444016482e-05 1.17647850856883e-05 1.18953266792232e-05 1.20465356303612e-05 1.22597475638031e-05 1.2472959497245e-05 1.2686171430687e-05 1.28993833641289e-05 1.31125952975708e-05 1.33258072310127e-05 1.35390191644547e-05 1.37354600155959e-05 1.39263102028053e-05 1.41171603900148e-05 1.43080105772242e-05 1.44988607644336e-05 1.46897109516431e-05 1.48805611388525e-05
1.05429962786729e-05 1.05906328826677e-05 1.06382685771678e-05 1.06859051811625e-05 1.07278974610381e-05 1.07680089058704e-05 1.08081203507027e-05 1.0848231795535e-05 1.08883432403672e-05 1.09284546851995e-05 1.09685661300318e-05 1.10005848910077e-05 1.10083256004145e-05 1.10160663098213e-05 1.10238070192281e-05 1.10315477286349e-05 1.10392884380417e-05 1.10470291474485e-05 1.10547698568553e-05 1.1149356396345e-05 1.12728912426974e-05 1.13964251795551e-05 1.15199600259075e-05 1.16434948722599e-05 1.17670297186123e-05 1.18905645649647e-05 1.20327604236081e-05 1.22309420476086e-05 1.2429123671609e-05 1.26273043861147e-05 1.28254860101151e-05 1.30236676341156e-05 1.3221849258116e-05 1.34200299726217e-05 1.36082035169238e-05 1.37930392156704e-05 1.39778758239117e-05 1.41627124321531e-05 1.43475490403944e-05 1.45323856486357e-05 1.4717222256877e-05
1.02968242572388e-05 1.03394149846281e-05 1.03820057120174e-05 1.04245973489014e-05 1.04751024991856e-05 1.05282460935996e-05 1.05813896880136e-05 1.06345341919223e-05 1.06876777863363e-05 1.07408213807503e-05 1.07939649751643e-05 1.08426702354336e-05 1.08780586742796e-05 1.09134480226203e-05 1.09488364614663e-05 1.09842249003123e-05 1.10196142486529e-05 1.10550026874989e-05 1.10903911263449e-05 1.11866347651812e-05 1.13031619548565e-05 1.14196900540264e-05 1.15362181531964e-05 1.16527453428716e-05 1.17692734420416e-05 1.18858015412115e-05 1.20189852168551e-05 1.22021356219193e-05 1.23852869364782e-05 1.25684382510372e-05 1.27515886561014e-05 1.29347399706603e-05 1.31178903757245e-05 1.33010416902835e-05 1.34809461087571e-05 1.36597691380302e-05 1.38385921673034e-05 1.40174151965766e-05 1.41962373163551e-05 1.43750603456283e-05 1.45538833749015e-05
1.00506513263099e-05 1.00881970865885e-05 1.01257428468671e-05 1.01632886071457e-05 1.02223075373331e-05 1.02884832813288e-05 1.03546599348192e-05 1.04208356788149e-05 1.04870123323053e-05 1.0553188076301e-05 1.06193647297914e-05 1.06847555798595e-05 1.07477926576394e-05 1.08108288259245e-05 1.08738659037044e-05 1.09369020719896e-05 1.09999391497695e-05 1.10629762275494e-05 1.11260123958346e-05 1.12239122245228e-05 1.13334335765103e-05 1.14429549284978e-05 1.15524753709906e-05 1.16619967229781e-05 1.17715180749656e-05 1.18810385174584e-05 1.2005210010102e-05 1.21733301057247e-05 1.23414502013475e-05 1.25095712064649e-05 1.26776913020876e-05 1.28458113977103e-05 1.30139324028278e-05 1.31820524984505e-05 1.3353689610085e-05 1.35264990603901e-05 1.36993076012004e-05 1.38721170515055e-05 1.40449265018106e-05 1.42177350426209e-05 1.4390544492926e-05
9.80447839538101e-06 9.83697918854887e-06 9.86947998171672e-06 9.90197986538988e-06 9.96951166598592e-06 1.0048720469058e-05 1.01279292721301e-05 1.02071380752022e-05 1.02863468782743e-05 1.03655547718517e-05 1.04447635749239e-05 1.05268409242854e-05 1.06175257315044e-05 1.07082105387235e-05 1.07988953459426e-05 1.08895801531617e-05 1.0980264050886e-05 1.10709488581051e-05 1.11616336653242e-05 1.12611905933591e-05 1.13637051981641e-05 1.14662188934744e-05 1.15687334982795e-05 1.16712471935898e-05 1.17737617983948e-05 1.18762764031999e-05 1.19914338938543e-05 1.21445245895302e-05 1.22976143757114e-05 1.24507041618926e-05 1.26037939480739e-05 1.27568837342551e-05 1.29099735204363e-05 1.30630642161123e-05 1.32264331114129e-05 1.33932280732552e-05 1.35600239445921e-05 1.37268189064343e-05 1.38936147777713e-05 1.40604097396135e-05 1.42272056109505e-05
9.60552733886288e-06 9.62818830885226e-06 9.65084927884163e-06 9.67350933933631e-06 9.74300382949878e-06 9.82810797722777e-06 9.91321303445147e-06 9.99831809167517e-06 1.00834231488989e-05 1.01685282061226e-05 1.02536332633463e-05 1.03456050055684e-05 1.04581768027856e-05 1.05707495094975e-05 1.06833213067148e-05 1.07958940134267e-05 1.0908465810644e-05 1.10210376078612e-05 1.11336103145732e-05 1.12344587250846e-05 1.13313999463571e-05 1.1428340258135e-05 1.15252814794076e-05 1.16222227006801e-05 1.1719163012458e-05 1.18161042337306e-05 1.1923308193218e-05 1.20613012768445e-05 1.21992952699657e-05 1.23372883535922e-05 1.24752823467134e-05 1.26132754303399e-05 1.27512694234611e-05 1.28892634165823e-05 1.3049094377493e-05 1.32162049339968e-05 1.33833154905005e-05 1.35504260470043e-05 1.37175366035081e-05 1.38846471600118e-05 1.40517577165156e-05
9.45379815675551e-06 9.46182444749866e-06 9.4698507382418e-06 9.47787702898495e-06 9.54278220888227e-06 9.62664671533275e-06 9.71051213127794e-06 9.79437663772842e-06 9.8782420536736e-06 9.96210746961879e-06 1.00459719760693e-05 1.01410460047191e-05 1.02697449619882e-05 1.0398444828752e-05 1.05271446955157e-05 1.06558436527848e-05 1.07845435195486e-05 1.09132424768177e-05 1.10419423435815e-05 1.1143717529194e-05 1.12365187305841e-05 1.13293199319742e-05 1.14221202238696e-05 1.15149214252597e-05 1.16077217171551e-05 1.17005229185452e-05 1.18008310892037e-05 1.19236628961517e-05 1.20464937936049e-05 1.21693246910581e-05 1.22921564980061e-05 1.24149873954593e-05 1.25378192024073e-05 1.26606500998605e-05 1.282167431782e-05 1.29954287331202e-05 1.31691831484204e-05 1.33429375637206e-05 1.35166919790208e-05 1.3690446394321e-05 1.38642008096213e-05
9.30206897464814e-06 9.29546058614505e-06 9.28885219764197e-06 9.28224380913889e-06 9.34256058826577e-06 9.42518545343773e-06 9.5078103186097e-06 9.59043609327637e-06 9.67306095844833e-06 9.755686733115e-06 9.83831159828696e-06 9.93648700386984e-06 1.00813140306855e-05 1.02261410575011e-05 1.0370967174822e-05 1.05157942016376e-05 1.06606212284532e-05 1.08054473457742e-05 1.09502743725898e-05 1.10529772427981e-05 1.1141637514811e-05 1.12302986963186e-05 1.13189589683316e-05 1.14076201498392e-05 1.14962804218521e-05 1.15849416033598e-05 1.16783539851895e-05 1.17860236059641e-05 1.18936923172441e-05 1.20013610285241e-05 1.21090306492988e-05 1.22166993605788e-05 1.23243680718588e-05 1.24320376926335e-05 1.25942533486523e-05 1.27746525322436e-05 1.29550508063403e-05 1.3135449080437e-05 1.33158473545336e-05 1.34962456286303e-05 1.36766448122216e-05
9.15033979254076e-06 9.12909672479145e-06 9.10785365704214e-06 9.08661058929283e-06 9.14233896764927e-06 9.22372419154271e-06 9.30510941543616e-06 9.38649463932961e-06 9.46787986322306e-06 9.54926508711651e-06 9.63065031100996e-06 9.73192800302058e-06 9.89288218988804e-06 1.00538363767555e-05 1.0214790563623e-05 1.03757447504904e-05 1.05366989373579e-05 1.06976522147306e-05 1.08586064015981e-05 1.09622360469075e-05 1.1046756299038e-05 1.11312774606631e-05 1.12157977127936e-05 1.13003188744187e-05 1.13848391265492e-05 1.14693602881744e-05 1.15558777906699e-05 1.16483843157766e-05 1.17408908408834e-05 1.18333973659901e-05 1.19259048005915e-05 1.20184113256983e-05 1.2110917850805e-05 1.22034243759117e-05 1.23668332889793e-05 1.25538754218724e-05 1.27409184642602e-05 1.29279605971533e-05 1.31150027300464e-05 1.33020457724342e-05 1.34890879053273e-05
8.99860970093869e-06 8.96273286343785e-06 8.92685511644231e-06 8.89097736944677e-06 8.94211734703276e-06 9.0222629296477e-06 9.10240851226263e-06 9.18255318538286e-06 9.26269876799779e-06 9.34284435061272e-06 9.42298993322765e-06 9.52736900217133e-06 9.70445034909062e-06 9.88153169600992e-06 1.00586130429292e-05 1.02356943898485e-05 1.04127757367678e-05 1.05898570836871e-05 1.07669384306064e-05 1.08714948510169e-05 1.09518750832649e-05 1.10322562250076e-05 1.11126364572556e-05 1.11930175989983e-05 1.12733978312463e-05 1.13537789729889e-05 1.14334006866557e-05 1.15107450255891e-05 1.15880893645226e-05 1.16654337034561e-05 1.17427780423895e-05 1.18201232908177e-05 1.18974676297512e-05 1.19748119686847e-05 1.21394132293062e-05 1.23330992209958e-05 1.25267861221801e-05 1.27204721138696e-05 1.29141581055592e-05 1.31078450067434e-05 1.3301530998433e-05
8.84688051883131e-06 8.79636900208425e-06 8.74585657584248e-06 8.69534414960071e-06 8.74189572641626e-06 8.82080166775268e-06 8.89970669959439e-06 8.9786126409308e-06 9.05751767277252e-06 9.13642361410893e-06 9.21532955544535e-06 9.32281091081677e-06 9.5160194177879e-06 9.70922792475903e-06 9.90243643173017e-06 1.00956449387013e-05 1.02888534456724e-05 1.04820619526436e-05 1.06752713691094e-05 1.07807536551263e-05 1.08569947769865e-05 1.09332349893521e-05 1.10094752017176e-05 1.10857163235778e-05 1.11619565359433e-05 1.12381976578035e-05 1.13109235826414e-05 1.13731057354016e-05 1.14352878881618e-05 1.14974700409221e-05 1.15596521936823e-05 1.16218343464425e-05 1.16840164992027e-05 1.17461995614576e-05 1.19119922601385e-05 1.21123230201192e-05 1.23126528706052e-05 1.2512983630586e-05 1.27133143905667e-05 1.29136442410527e-05 1.31139750010334e-05
