data/working_set_collections/6091692-Cassins_Sparrow-M2/2005/prevtot_avg.asc
NCOLS 265 
NROWS 230 
XLLCORNER -115.5625 
YLLCORNER 24.8333333333333 
CELLSIZE 0.0833333333333333 
NODATA_value -9999 
[rows 108 to 125 of 230, columns 123 to 163 of 265]
1.22388692034292e-05 1.22110586744384e-05 1.21832481454476e-05 1.21554376164568e-05 1.21532475532149e-05 1.2159596735728e-05 1.21659468277358e-05 1.21722960102488e-05 1.21786451927619e-05 1.21849952847697e-05 1.21913444672828e-05 1.2172612514405e-05 1.20786362458603e-05 1.19846599773155e-05 1.18906837087707e-05 1.17967065307312e-05 1.17027302621864e-05 1.16087539936416e-05 1.15147777250968e-05 1.15306793304626e-05 1.15832062874688e-05 1.16357341539697e-05 1.16882611109759e-05 1.17407889774768e-05 1.1793315934483e-05 1.18458438009839e-05 1.19000387712731e-05 1.19592359624221e-05 1.20184331535711e-05 1.20776303447201e-05 1.21368284453638e-05 1.21960256365128e-05 1.22552228276618e-05 1.23144200188108e-05 1.24078151202411e-05 1.25126098282635e-05 1.26174045362859e-05 1.27221992443083e-05 1.28269939523307e-05 1.29317877508583e-05 1.30365824588807e-05
1.22707187983906e-05 1.22556166388677e-05 1.224051356985e-05 1.22254114103271e-05 1.2217464245623e-05 1.22119026855216e-05 1.2206342034915e-05 1.22007804748137e-05 1.21952189147123e-05 1.2189657354611e-05 1.21840957945096e-05 1.21612447401276e-05 1.20865224744193e-05 1.20118002087111e-05 1.19370779430028e-05 1.18623565867892e-05 1.1787634321081e-05 1.17129120553727e-05 1.16381897896645e-05 1.16514838737203e-05 1.16941173473606e-05 1.17367508210009e-05 1.17793833851465e-05 1.18220168587868e-05 1.18646494229324e-05 1.19072828965727e-05 1.19533469842281e-05 1.20097065519076e-05 1.20660652100923e-05 1.21224238682771e-05 1.21787825264619e-05 1.22351420941413e-05 1.22915007523261e-05 1.23478594105109e-05 1.24429052448249e-05 1.25508468045155e-05 1.2658788364206e-05 1.27667290144018e-05 1.28746705740923e-05 1.29826121337828e-05 1.30905527839786e-05
1.2302568393352e-05 1.23001736938022e-05 1.22977789942524e-05 1.22953842947027e-05 1.22816818475258e-05 1.226420954481e-05 1.22467372420942e-05 1.22292649393785e-05 1.22117926366627e-05 1.2194320333947e-05 1.21768480312312e-05 1.21498769658501e-05 1.20944087029784e-05 1.20389413496014e-05 1.19834730867296e-05 1.19280057333526e-05 1.18725374704809e-05 1.18170701171039e-05 1.17616018542321e-05 1.17722893264727e-05 1.18050284072524e-05 1.18377665785374e-05 1.18705056593171e-05 1.19032438306022e-05 1.19359829113819e-05 1.19687219921616e-05 1.20066561066778e-05 1.20601762318984e-05 1.21136963571189e-05 1.21672173918341e-05 1.22207375170547e-05 1.22742576422752e-05 1.23277786769904e-05 1.2381298802211e-05 1.24779953694087e-05 1.25890828712727e-05 1.27001712826313e-05 1.281125969399e-05 1.29223471958539e-05 1.30334356072126e-05 1.31445240185712e-05
1.23344179883134e-05 1.23447307487368e-05 1.23550444186549e-05 1.23653571790783e-05 1.23458985399338e-05 1.23165154946037e-05 1.22871324492735e-05 1.22577484944486e-05 1.22283654491184e-05 1.21989824037882e-05 1.21695993584581e-05 1.2138508282078e-05 1.21022949315375e-05 1.2066081580997e-05 1.20298682304565e-05 1.1993654879916e-05 1.19574415293755e-05 1.1921228178835e-05 1.18850148282945e-05 1.18930947792251e-05 1.19159385576495e-05 1.19387832455686e-05 1.19616279334878e-05 1.19844717119122e-05 1.20073163998313e-05 1.20301610877505e-05 1.20599643196329e-05 1.21106468213839e-05 1.21613284136401e-05 1.22120100058964e-05 1.22626925076474e-05 1.23133740999037e-05 1.23640566016547e-05 1.2414738193911e-05 1.25130845844978e-05 1.26273198475246e-05 1.27415551105514e-05 1.28557894640835e-05 1.29700247271103e-05 1.30842599901371e-05 1.31984943436692e-05
1.23662675832747e-05 1.2389288713166e-05 1.24123098430573e-05 1.24353309729486e-05 1.24101152323419e-05 1.23688214443973e-05 1.23275276564527e-05 1.22862329590134e-05 1.22449391710688e-05 1.22036453831242e-05 1.21623506856849e-05 1.21271405078005e-05 1.21101811600965e-05 1.20932227218873e-05 1.20762633741833e-05 1.20593040264794e-05 1.20423446787754e-05 1.20253862405661e-05 1.20084268928622e-05 1.20138993224828e-05 1.20268496175413e-05 1.20397999125998e-05 1.20527492981637e-05 1.20656995932222e-05 1.20786498882808e-05 1.20915992738446e-05 1.21132734420826e-05 1.21611165013746e-05 1.22089604701614e-05 1.22568035294535e-05 1.23046465887455e-05 1.23524905575323e-05 1.24003336168244e-05 1.24481775856111e-05 1.25481747090816e-05 1.26655568237766e-05 1.27829380289768e-05 1.29003201436717e-05 1.30177013488719e-05 1.31350834635668e-05 1.32524655782618e-05
1.23981162687414e-05 1.24338457681006e-05 1.24695752674597e-05 1.25053038573242e-05 1.24743328342447e-05 1.2421127394191e-05 1.2367922863632e-05 1.23147174235783e-05 1.22615128930192e-05 1.22083074529655e-05 1.21551029224065e-05 1.2115772733523e-05 1.21180673886556e-05 1.21203629532829e-05 1.21226585179102e-05 1.21249531730427e-05 1.212724873767e-05 1.21295443022973e-05 1.21318389574299e-05 1.21347047752352e-05 1.21377606774331e-05 1.21408156701364e-05 1.21438715723343e-05 1.21469274745323e-05 1.21499833767302e-05 1.21530383694335e-05 1.21665816550376e-05 1.22115870908601e-05 1.2256591617188e-05 1.23015970530105e-05 1.23466015793383e-05 1.23916070151608e-05 1.24366115414887e-05 1.24816169773112e-05 1.25832648336655e-05 1.27037928905338e-05 1.28243218568969e-05 1.29448499137652e-05 1.30653788801283e-05 1.31859069369966e-05 1.33064359033597e-05
1.24426023830893e-05 1.24748439702671e-05 1.2507085557445e-05 1.25393271446228e-05 1.25047563415137e-05 1.2447915651137e-05 1.23910740512656e-05 1.23342333608889e-05 1.22773926705122e-05 1.22205510706408e-05 1.21637103802641e-05 1.21239727377542e-05 1.21355424198555e-05 1.21471130114514e-05 1.21586836030474e-05 1.21702541946433e-05 1.21818247862393e-05 1.21933953778353e-05 1.22049659694312e-05 1.22101137094432e-05 1.22131195894326e-05 1.22161263789167e-05 1.2219132258906e-05 1.22221390483901e-05 1.22251458378742e-05 1.22281517178635e-05 1.22420733532635e-05 1.22887386169168e-05 1.23354038805701e-05 1.23820700537181e-05 1.24287353173713e-05 1.24754005810246e-05 1.25220667541726e-05 1.25687320178258e-05 1.26699706015643e-05 1.27893999888329e-05 1.29088302855962e-05 1.30282596728648e-05 1.31476890601334e-05 1.32671193568967e-05 1.33865487441653e-05
1.24997250168235e-05 1.25122824101709e-05 1.2524840713013e-05 1.2537399015855e-05 1.25013866636436e-05 1.24491853057407e-05 1.2396983038343e-05 1.23447807709454e-05 1.22925785035477e-05 1.22403771456447e-05 1.21881748782471e-05 1.21517396109994e-05 1.21626062536961e-05 1.21734728963929e-05 1.21843404485844e-05 1.21952070912812e-05 1.2206073733978e-05 1.22169403766748e-05 1.22278070193715e-05 1.22401252156124e-05 1.22529281725292e-05 1.22657302199514e-05 1.22785322673735e-05 1.22913352242904e-05 1.23041372717125e-05 1.23169393191347e-05 1.23397476272658e-05 1.23925728985341e-05 1.24453972603078e-05 1.24982225315762e-05 1.25510478028446e-05 1.26038730741129e-05 1.26566983453813e-05 1.2709522707155e-05 1.28082929222728e-05 1.29223781186738e-05 1.30364633150748e-05 1.31505485114758e-05 1.32646337078768e-05 1.33787189042778e-05 1.34928041006788e-05
1.25568467410631e-05 1.25497217595694e-05 1.25425967780757e-05 1.2535471796582e-05 1.24980178952683e-05 1.24504549603444e-05 1.24028911159257e-05 1.23553281810018e-05 1.23077652460779e-05 1.2260202311154e-05 1.22126393762301e-05 1.21795073937392e-05 1.21896700875368e-05 1.21998336908291e-05 1.22099963846267e-05 1.22201590784243e-05 1.22303217722219e-05 1.22404853755143e-05 1.22506480693119e-05 1.22701376312762e-05 1.22927358461311e-05 1.23153340609861e-05 1.2337932275841e-05 1.2360530490696e-05 1.23831287055509e-05 1.24057269204059e-05 1.2437421901268e-05 1.24964062706567e-05 1.25553915495402e-05 1.2614375918929e-05 1.26733602883178e-05 1.27323446577066e-05 1.27913290270953e-05 1.28503143059788e-05 1.29466161524761e-05 1.30553562485147e-05 1.31640972540481e-05 1.32728382595815e-05 1.33815783556201e-05 1.34903193611535e-05 1.35990603666869e-05
1.26139693747973e-05 1.25871601994731e-05 1.25603519336437e-05 1.25335436678142e-05 1.24946482173982e-05 1.2451724614948e-05 1.24088001030032e-05 1.23658755910583e-05 1.23229519886081e-05 1.22800274766632e-05 1.22371029647184e-05 1.2207275176479e-05 1.22167339213775e-05 1.22261935757706e-05 1.2235652320669e-05 1.22451119750622e-05 1.22545707199606e-05 1.22640303743538e-05 1.22734891192522e-05 1.230015004694e-05 1.2332543519733e-05 1.23649379020208e-05 1.23973322843085e-05 1.24297266665963e-05 1.24621201393893e-05 1.2494514521677e-05 1.25350961752702e-05 1.2600240552274e-05 1.26653849292779e-05 1.27305283967871e-05 1.2795672773791e-05 1.28608171507949e-05 1.29259606183041e-05 1.2991104995308e-05 1.30849384731846e-05 1.31883343783556e-05 1.32917311930214e-05 1.33951270981925e-05 1.34985230033635e-05 1.36019198180293e-05 1.37053157232003e-05
1.26710910990369e-05 1.26245995488716e-05 1.25781079987064e-05 1.25316164485412e-05 1.24912794490228e-05 1.24529942695517e-05 1.24147081805859e-05 1.23764230011147e-05 1.23381378216436e-05 1.22998526421725e-05 1.22615674627014e-05 1.22350420497241e-05 1.22437977552181e-05 1.22525534607121e-05 1.2261309166206e-05 1.22700639622053e-05 1.22788196676993e-05 1.22875753731932e-05 1.22963301691925e-05 1.23301615531091e-05 1.23723521028296e-05 1.24145417430555e-05 1.2456732292776e-05 1.24989219330018e-05 1.25411124827224e-05 1.25833021229482e-05 1.26327704492724e-05 1.27040739243967e-05 1.27753783090157e-05 1.28466817841399e-05 1.29179852592642e-05 1.29892887343885e-05 1.30605922095128e-05 1.31318956846371e-05 1.32232607938931e-05 1.33213125081966e-05 1.34193642225e-05 1.35174159368034e-05 1.36154676511069e-05 1.37135193654103e-05 1.38115710797138e-05
1.27282137327711e-05 1.26620379887754e-05 1.25958631542744e-05 1.25296883197734e-05 1.24879097711528e-05 1.24542639241554e-05 1.24206171676633e-05 1.23869704111712e-05 1.23533245641738e-05 1.23196778076817e-05 1.22860319606843e-05 1.2262809832464e-05 1.22708615890588e-05 1.22789133456536e-05 1.22869651022484e-05 1.22950168588432e-05 1.2303068615438e-05 1.23111203720327e-05 1.23191712191328e-05 1.23601739687729e-05 1.24121597764315e-05 1.24641455840901e-05 1.25161323012435e-05 1.25681181089021e-05 1.26201039165608e-05 1.26720897242194e-05 1.27304447232746e-05 1.2807908206014e-05 1.28853716887534e-05 1.29628342619981e-05 1.30402977447375e-05 1.31177612274769e-05 1.31952238007216e-05 1.3272687283461e-05 1.33615831146017e-05 1.34542906380375e-05 1.35469981614733e-05 1.36397047754144e-05 1.37324122988502e-05 1.38251198222861e-05 1.39178264362272e-05
1.28436522572883e-05 1.27597804748802e-05 1.26759086924721e-05 1.25920369100641e-05 1.25438236864284e-05 1.25074975585449e-05 1.24711705211666e-05 1.24348434837884e-05 1.23985164464102e-05 1.2362189409032e-05 1.23258623716538e-05 1.2302190043556e-05 1.23164800243103e-05 1.23307700050646e-05 1.23450599858188e-05 1.23593490570784e-05 1.23736390378326e-05 1.23879290185869e-05 1.24022189993411e-05 1.24488233268494e-05 1.25061997096054e-05 1.25635760923615e-05 1.26209515656228e-05 1.26783279483789e-05 1.27357043311349e-05 1.27930798043963e-05 1.28553965623723e-05 1.29325362649979e-05 1.30096750581288e-05 1.30868138512596e-05 1.31639526443905e-05 1.32410914375214e-05 1.3318231140147e-05 1.33953699332778e-05 1.34815809360589e-05 1.35708150992286e-05 1.36600501718931e-05 1.37492852445575e-05 1.3838520317222e-05 1.39277544803917e-05 1.40169895530562e-05
1.30174066725885e-05 1.29178251881967e-05 1.28182437038049e-05 1.27186622194131e-05 1.26590221043443e-05 1.26126951727201e-05 1.25663682410959e-05 1.25200413094717e-05 1.24737143778475e-05 1.24273874462233e-05 1.23810605145991e-05 1.23531826830003e-05 1.23806530609727e-05 1.24081225294503e-05 1.24355929074227e-05 1.24630623759003e-05 1.24905327538727e-05 1.2518003131845e-05 1.25454726003227e-05 1.25961105368333e-05 1.26544709928567e-05 1.271283144888e-05 1.27711919049034e-05 1.28295523609268e-05 1.28879128169501e-05 1.29462732729735e-05 1.30076259665657e-05 1.30779571918538e-05 1.31482884171419e-05 1.321861964243e-05 1.32889508677181e-05 1.33592820930062e-05 1.34296133182943e-05 1.34999445435824e-05 1.35832524392754e-05 1.36708868012647e-05 1.3758521163254e-05 1.38461555252434e-05 1.39337907967274e-05 1.40214251587167e-05 1.41090595207061e-05
1.31911610878888e-05 1.30758699015132e-05 1.29605787151377e-05 1.28452875287621e-05 1.27742196127656e-05 1.27178927868954e-05 1.26615650515305e-05 1.26052382256603e-05 1.25489113997901e-05 1.24925845739199e-05 1.24362577480497e-05 1.24041753224446e-05 1.24448251881404e-05 1.24854759633308e-05 1.25261258290266e-05 1.25667756947223e-05 1.26074264699128e-05 1.26480763356085e-05 1.26887271107989e-05 1.27433977468172e-05 1.28027422761079e-05 1.28620877148933e-05 1.2921432244184e-05 1.29807767734746e-05 1.30401213027653e-05 1.30994667415507e-05 1.3159855370759e-05 1.32233790282044e-05 1.32869026856497e-05 1.33504254336003e-05 1.34139490910457e-05 1.34774718389963e-05 1.35409954964416e-05 1.36045182443922e-05 1.36849248519866e-05 1.37709585033008e-05 1.38569930641097e-05 1.39430267154239e-05 1.40290612762328e-05 1.4115094927547e-05 1.42011285788612e-05
1.3364915503189e-05 1.32339146148297e-05 1.31029137264704e-05 1.29719128381112e-05 1.28894171211869e-05 1.28230904010707e-05 1.27567627714598e-05 1.26904360513436e-05 1.26241093312274e-05 1.25577826111112e-05 1.24914549815003e-05 1.24551679618889e-05 1.25089982248028e-05 1.25628284877166e-05 1.26166587506304e-05 1.26704890135443e-05 1.27243201859528e-05 1.27781504488667e-05 1.28319807117805e-05 1.28906849568011e-05 1.29510144688538e-05 1.30113430714118e-05 1.30716725834645e-05 1.31320011860225e-05 1.31923306980752e-05 1.32526593006332e-05 1.33120847749524e-05 1.33688008645549e-05 1.34255160446628e-05 1.34822312247707e-05 1.35389464048785e-05 1.35956615849864e-05 1.36523776745889e-05 1.37090928546968e-05 1.37865972646978e-05 1.38710302053369e-05 1.39554640554707e-05 1.40398979056044e-05 1.41243317557382e-05 1.42087646963773e-05 1.42931985465111e-05
1.35386708279839e-05 1.33919593281462e-05 1.32452487378032e-05 1.30985372379655e-05 1.30046146296081e-05 1.29282880152459e-05 1.2851960491389e-05 1.27756338770268e-05 1.26993072626647e-05 1.26229797388078e-05 1.25466531244456e-05 1.25061606013332e-05 1.25731712614652e-05 1.26401819215971e-05 1.27071916722343e-05 1.27742023323663e-05 1.28412129924982e-05 1.29082236526301e-05 1.2975234312762e-05 1.3037972166785e-05 1.30992857521051e-05 1.31605993374251e-05 1.32219120132504e-05 1.32832255985704e-05 1.33445391838904e-05 1.34058527692105e-05 1.34643141791457e-05 1.35142217914108e-05 1.35641294036759e-05 1.3614037015941e-05 1.36639446282061e-05 1.37138522404712e-05 1.37637598527363e-05 1.38136674650013e-05 1.38882687679143e-05 1.39711019073729e-05 1.40539350468316e-05 1.41367681862903e-05 1.42196022352437e-05 1.43024353747023e-05 1.4385268514161e-05
1.37124252432841e-05 1.35500040414627e-05 1.3387583749136e-05 1.32251625473145e-05 1.31198121380294e-05 1.30334856294212e-05 1.29471582113183e-05 1.28608317027101e-05 1.27745042846072e-05 1.26881777759991e-05 1.26018503578962e-05 1.25571532407776e-05 1.26373433886329e-05 1.27175344459829e-05 1.27977255033329e-05 1.28779156511882e-05 1.29581067085383e-05 1.30382977658883e-05 1.31184879137436e-05 1.3185259376769e-05 1.32475570353563e-05 1.33098546939436e-05 1.3372152352531e-05 1.34344500111183e-05 1.34967476697057e-05 1.3559045328293e-05 1.36165435833391e-05 1.36596436277614e-05 1.37027436721837e-05 1.37458428071113e-05 1.37889428515336e-05 1.38320419864613e-05 1.38751420308836e-05 1.39182411658112e-05 1.39899411806255e-05 1.4071173609409e-05 1.41524069476873e-05 1.42336393764708e-05 1.43148727147491e-05 1.43961051435326e-05 1.44773384818109e-05
