data/working_set_collections/6091692-Cassins_Sparrow-M2/2005/prevtot_avg.asc
NCOLS 265 
NROWS 230 
XLLCORNER -115.5625 
YLLCORNER 24.8333333333333 
CELLSIZE 0.0833333333333333 
NODATA_value -9999 
[rows 90 to 107 of 230, columns 205 to 245 of 265]
1.7596774341655e-05 1.77263191289967e-05 1.78558657353278e-05 1.7985412341659e-05 1.80976094270591e-05 1.81577615876449e-05 1.82179137482308e-05 1.82780659088166e-05 1.83382198883919e-05 1.83983720489778e-05 1.84585242095636e-05 1.85186763701495e-05 1.85886856343132e-05 1.8661981812329e-05 1.87352761713555e-05 1.8808570530382e-05 1.88818667083979e-05 1.89551610674243e-05 1.90284554264508e-05 1.91070685104933e-05 1.92016341316048e-05 1.92961979337269e-05 1.93907617358491e-05 1.94853273569606e-05 1.95798911590828e-05 1.96744567801943e-05 1.97690205823164e-05 1.98318539332831e-05 1.98841098608682e-05 1.99363657884533e-05 1.99886217160383e-05 2.00408794626128e-05 2.00931353901979e-05 2.01453913177829e-05 2.01852399186464e-05 2.01878629013663e-05 2.01904877030756e-05 2.0193112504785e-05 2.01957354875049e-05 2.01983602892142e-05 2.02009850909235e-05
1.75794320966816e-05 1.76823687070282e-05 1.77853053173749e-05 1.78882419277215e-05 1.79850048880326e-05 1.80632487172261e-05 1.81414925464196e-05 1.82197363756131e-05 1.82979802048067e-05 1.83762240340002e-05 1.84544678631937e-05 1.85327116923872e-05 1.86077650141669e-05 1.86817542271456e-05 1.87557416211348e-05 1.88297308341134e-05 1.89037200470921e-05 1.89777074410813e-05 1.90516966540599e-05 1.91314029507339e-05 1.92282659554621e-05 1.93251289601903e-05 1.94219919649186e-05 1.95188549696468e-05 1.9615717974375e-05 1.97125809791032e-05 1.98094439838314e-05 1.98714733414818e-05 1.99218920897692e-05 1.99723108380567e-05 2.00227277673548e-05 2.00731465156423e-05 2.01235652639298e-05 2.01739840122173e-05 2.0211413357174e-05 2.02098744921386e-05 2.02083356271032e-05 2.02067967620678e-05 2.02052578970324e-05 2.0203719031997e-05 2.02021801669616e-05
1.75620880327187e-05 1.76384164660703e-05 1.77147448994219e-05 1.77910715137841e-05 1.78724021679955e-05 1.79687376657967e-05 1.80650713446084e-05 1.81614068424096e-05 1.82577423402108e-05 1.8354077838012e-05 1.84504133358132e-05 1.85467488336144e-05 1.86268443940207e-05 1.87015266419621e-05 1.87762088899035e-05 1.88508911378449e-05 1.89255733857863e-05 1.90002556337276e-05 1.9074937881669e-05 1.91557392099639e-05 1.92548995983088e-05 1.93540618056431e-05 1.9453222193988e-05 1.95523825823329e-05 1.96515447896672e-05 1.97507051780121e-05 1.9849865566357e-05 1.99110927496804e-05 1.99596724996809e-05 2.00082540686708e-05 2.00568338186713e-05 2.01054153876612e-05 2.01539969566511e-05 2.02025767066516e-05 2.0237588614691e-05 2.02318860829109e-05 2.02261835511308e-05 2.02204828383401e-05 2.021478030656e-05 2.02090777747799e-05 2.02033770619892e-05
1.75447457877453e-05 1.75944642251125e-05 1.76441826624796e-05 1.76939029188361e-05 1.7759797628969e-05 1.78742247953778e-05 1.79886519617867e-05 1.81030773092061e-05 1.8217504475615e-05 1.83319316420238e-05 1.84463588084327e-05 1.85607841558522e-05 1.86459237738745e-05 1.87212990567787e-05 1.87966743396828e-05 1.88720496225869e-05 1.89474267244805e-05 1.90228020073846e-05 1.90981772902887e-05 1.91800736502046e-05 1.92815332411556e-05 1.93829928321065e-05 1.94844524230575e-05 1.95859101950191e-05 1.96873697859701e-05 1.97888293769211e-05 1.9890288967872e-05 1.99507103388896e-05 1.99974547285819e-05 2.00441972992849e-05 2.00909398699878e-05 2.01376842596801e-05 2.0184426830383e-05 2.02311712200753e-05 2.02637620532187e-05 2.02538976736832e-05 2.02440314751584e-05 2.0234167095623e-05 2.02243027160875e-05 2.02144365175627e-05 2.02045721380273e-05
1.75274035427719e-05 1.7550513803144e-05 1.75736222445266e-05 1.75967325048987e-05 1.76471949089319e-05 1.7779711924959e-05 1.79122307599755e-05 1.80447477760026e-05 1.81772666110191e-05 1.83097836270463e-05 1.84423024620628e-05 1.85748212970793e-05 1.86650013347389e-05 1.87410714715952e-05 1.88171397894621e-05 1.88932099263184e-05 1.89692800631747e-05 1.90453483810415e-05 1.91214185178978e-05 1.92044099094346e-05 1.93081668840023e-05 1.94119238585699e-05 1.95156808331376e-05 1.96194378077053e-05 1.97231966012623e-05 1.982695357583e-05 1.99307105503976e-05 1.99903297470883e-05 2.00352351384936e-05 2.00801405298989e-05 2.01250459213043e-05 2.0169953131699e-05 2.02148585231043e-05 2.02597639145097e-05 2.02899354917463e-05 2.02759074454661e-05 2.0261879399186e-05 2.02478513529059e-05 2.02338233066257e-05 2.02197952603456e-05 2.02057672140654e-05
1.75100612977985e-05 1.75065615621861e-05 1.75030618265737e-05 1.74995620909613e-05 1.75345903699053e-05 1.76852008735295e-05 1.78358095581643e-05 1.79864182427991e-05 1.81370287464233e-05 1.82876374310581e-05 1.84382479346823e-05 1.85888566193171e-05 1.86840807145927e-05 1.87608438864117e-05 1.88376070582308e-05 1.89143702300498e-05 1.89911315828795e-05 1.90678947546985e-05 1.91446579265175e-05 1.92287443496753e-05 1.9334800526849e-05 1.94408548850333e-05 1.95469110622071e-05 1.96529672393808e-05 1.97590215975652e-05 1.98650777747389e-05 1.99711339519126e-05 2.00299491552869e-05 2.00730173673946e-05 2.01160855795024e-05 2.01591537916102e-05 2.02022201847285e-05 2.02452883968363e-05 2.0288356608944e-05 2.03161107492633e-05 2.02979190362385e-05 2.0279729142203e-05 2.02615374291781e-05 2.02433457161533e-05 2.02251540031284e-05 2.0206964109093e-05
1.753616197675e-05 1.75231834873557e-05 1.7510203178972e-05 1.74972228705883e-05 1.75262339325855e-05 1.76812191057252e-05 1.78362042788649e-05 1.79911894520046e-05 1.81461746251443e-05 1.83011597982841e-05 1.84561431524344e-05 1.86111283255741e-05 1.87096920853946e-05 1.87894474947825e-05 1.88692029041704e-05 1.89489583135583e-05 1.90287137229461e-05 1.9108469132334e-05 1.91882245417219e-05 1.92752650036709e-05 1.93841642612824e-05 1.94930635188939e-05 1.96019645954948e-05 1.97108638531063e-05 1.98197631107178e-05 1.99286623683292e-05 2.00375616259407e-05 2.00965205294779e-05 2.01388302230043e-05 2.01811417355202e-05 2.02234514290467e-05 2.02657629415626e-05 2.0308072635089e-05 2.03503841476049e-05 2.0378340195748e-05 2.03632280317834e-05 2.03481158678187e-05 2.03330055228435e-05 2.03178933588788e-05 2.03027811949141e-05 2.02876708499389e-05
1.76057092176052e-05 1.76003777596634e-05 1.75950444827322e-05 1.7589711205801e-05 1.76221237779828e-05 1.77677684405353e-05 1.79134131030878e-05 1.80590577656403e-05 1.82047024281928e-05 1.83503489097347e-05 1.84959935722873e-05 1.86416382348398e-05 1.87418336281553e-05 1.88268804777181e-05 1.89119273272809e-05 1.89969741768437e-05 1.90820210264064e-05 1.91670678759692e-05 1.9252114725532e-05 1.93439718714217e-05 1.94562617252814e-05 1.95685515791411e-05 1.96808396140113e-05 1.9793129467871e-05 1.99054193217307e-05 2.00177091755904e-05 2.01299972104607e-05 2.01900456886506e-05 2.02326791622909e-05 2.02753108169418e-05 2.03179442905821e-05 2.03605777642224e-05 2.04032112378627e-05 2.0445844711503e-05 2.0476622012211e-05 2.04718326131115e-05 2.04670432140119e-05 2.04622538149124e-05 2.04574662348023e-05 2.04526768357027e-05 2.04478874366032e-05
1.76752564584604e-05 1.76775720319711e-05 1.76798857864924e-05 1.76822013600031e-05 1.77180136233801e-05 1.78543177753454e-05 1.79906237463001e-05 1.81269278982654e-05 1.82632320502307e-05 1.83995380211854e-05 1.85358421731507e-05 1.8672146325116e-05 1.87739769899053e-05 1.8864315279643e-05 1.89546535693808e-05 1.90449918591185e-05 1.91353301488562e-05 1.92256666196045e-05 1.93160049093422e-05 1.94126787391724e-05 1.95283591892803e-05 1.96440378203988e-05 1.97597164515173e-05 1.98753950826358e-05 1.99910755327437e-05 2.01067541638622e-05 2.02224327949807e-05 2.02835690288339e-05 2.0326526282588e-05 2.03694817173528e-05 2.04124371521175e-05 2.04553925868822e-05 2.0498348021647e-05 2.05413052754011e-05 2.05749056476634e-05 2.0580439013429e-05 2.05859705602052e-05 2.05915039259708e-05 2.05970372917363e-05 2.06025706575019e-05 2.06081040232675e-05
1.77448036993155e-05 1.77547663042787e-05 1.7764728909242e-05 1.77746915142052e-05 1.78139034687774e-05 1.79408689291449e-05 1.8067832570523e-05 1.81947980308905e-05 1.83217616722686e-05 1.84487271326361e-05 1.85756907740142e-05 1.87026544153923e-05 1.8806118532666e-05 1.89017482625786e-05 1.89973779924912e-05 1.90930077224039e-05 1.91886374523165e-05 1.92842671822291e-05 1.93798969121417e-05 1.94813856069231e-05 1.96004548342898e-05 1.97195240616566e-05 1.98385932890233e-05 1.995766251639e-05 2.00767317437567e-05 2.0195799152134e-05 2.03148683795007e-05 2.03770941880066e-05 2.04203734028852e-05 2.04636507987743e-05 2.05069300136529e-05 2.05502074095421e-05 2.05934866244206e-05 2.06367658392992e-05 2.06731874641264e-05 2.06890435947571e-05 2.07048997253878e-05 2.07207540370291e-05 2.07366101676598e-05 2.07524662982905e-05 2.07683224289212e-05
1.78143509401707e-05 1.78319605765864e-05 1.78495702130022e-05 1.78671798494179e-05 1.79097933141747e-05 1.8027418263955e-05 1.81450432137353e-05 1.82626663445262e-05 1.83802912943065e-05 1.84979162440868e-05 1.86155393748777e-05 1.8733164324658e-05 1.88382600754267e-05 1.89391812455142e-05 1.90401024156017e-05 1.91410235856893e-05 1.92419447557768e-05 1.93428659258643e-05 1.94437870959518e-05 1.95500924746739e-05 1.96725522982888e-05 1.97950103029143e-05 1.99174701265292e-05 2.00399281311547e-05 2.01623861357803e-05 2.02848459593952e-05 2.04073039640207e-05 2.04706193471793e-05 2.05142205231823e-05 2.05578216991853e-05 2.06014228751883e-05 2.06450240511913e-05 2.06886234082049e-05 2.07322245842079e-05 2.07714710995788e-05 2.07976481760852e-05 2.0823827071581e-05 2.08500041480875e-05 2.08761830435833e-05 2.09023601200897e-05 2.09285390155856e-05
1.78838981810259e-05 1.79091548488941e-05 1.79344133357517e-05 1.795967000362e-05 1.80056849785615e-05 1.81139675987652e-05 1.82222520379582e-05 1.83305364771513e-05 1.84388209163444e-05 1.85471053555375e-05 1.86553879757412e-05 1.87636724149343e-05 1.88704034371767e-05 1.89766160474392e-05 1.90828286577016e-05 1.91890412679641e-05 1.92952538782265e-05 1.9401466488489e-05 1.95076790987514e-05 1.96187993424246e-05 1.97446479432983e-05 1.98704965441721e-05 1.99963451450458e-05 2.01221937459195e-05 2.02480423467932e-05 2.0373890947667e-05 2.04997395485407e-05 2.0564144506352e-05 2.06080676434794e-05 2.06519907806069e-05 2.06959157367237e-05 2.07398388738511e-05 2.07837620109785e-05 2.0827685148106e-05 2.08697529160418e-05 2.09062545764027e-05 2.09427544177743e-05 2.09792542591458e-05 2.10157559195068e-05 2.10522557608783e-05 2.10887556022499e-05
1.79129983735038e-05 1.79442376975203e-05 1.79754788405262e-05 1.80067199835321e-05 1.80559945874847e-05 1.81593750312459e-05 1.82627536560176e-05 1.83661340997787e-05 1.84695127245504e-05 1.85728931683116e-05 1.86762717930833e-05 1.87796522368444e-05 1.88885096576996e-05 1.8999193343916e-05 1.91098770301323e-05 1.92205625353381e-05 1.93312462215545e-05 1.94419299077708e-05 1.95526135939872e-05 1.96675155166304e-05 1.97950703295646e-05 1.99226251424989e-05 2.00501799554331e-05 2.01777365873568e-05 2.0305291400291e-05 2.04328462132253e-05 2.05604010261595e-05 2.06236072699539e-05 2.06653603527229e-05 2.07071152544813e-05 2.07488701562397e-05 2.07906250579981e-05 2.08323799597565e-05 2.08741348615149e-05 2.09139852813678e-05 2.09481295314617e-05 2.09822719625663e-05 2.10164162126603e-05 2.10505604627542e-05 2.10847028938588e-05 2.11188471439527e-05
1.79016515176045e-05 1.79372109414544e-05 1.79727703653043e-05 1.80083297891542e-05 1.80607257789234e-05 1.81636369234184e-05 1.82665480679134e-05 1.83694592124084e-05 1.84723703569034e-05 1.85752815013984e-05 1.8678190826904e-05 1.8781101971399e-05 1.88925823749742e-05 1.90069167729234e-05 1.91212511708727e-05 1.92355873878114e-05 1.93499217857607e-05 1.946425618371e-05 1.95785924006486e-05 1.96962373593124e-05 1.98238176380983e-05 1.99513960978948e-05 2.00789745576913e-05 2.02065530174877e-05 2.03341332962736e-05 2.04617117560701e-05 2.05892902158666e-05 2.06490058189956e-05 2.06861004699022e-05 2.07231951208087e-05 2.07602879527258e-05 2.07973826036323e-05 2.08344772545388e-05 2.08715719054453e-05 2.09041681955568e-05 2.09232748602517e-05 2.09423833439359e-05 2.09614900086308e-05 2.09805966733256e-05 2.09997033380205e-05 2.10188100027153e-05
1.78903064806946e-05 1.79301841853885e-05 1.79700618900824e-05 1.80099395947764e-05 1.80654587893514e-05 1.81679006345803e-05 1.82703424798092e-05 1.83727843250381e-05 1.8475226170267e-05 1.85776680154959e-05 1.86801098607248e-05 1.87825535249431e-05 1.88966532732593e-05 1.90146383829415e-05 1.91326253116131e-05 1.92506122402847e-05 1.93685973499669e-05 1.94865842786385e-05 1.96045712073101e-05 1.97249610209838e-05 1.98525631276425e-05 1.99801652343012e-05 2.01077691599494e-05 2.02353712666081e-05 2.03629733732669e-05 2.0490577298915e-05 2.06181794055738e-05 2.06744061870268e-05 2.0706838768092e-05 2.07392731681466e-05 2.07717075682012e-05 2.08041401492665e-05 2.08365745493211e-05 2.08690089493757e-05 2.08943511097459e-05 2.0898422008031e-05 2.09024929063162e-05 2.09065638046013e-05 2.0910632883897e-05 2.09147037821822e-05 2.09187746804673e-05
1.78789596247952e-05 1.79231556103332e-05 1.79673534148606e-05 1.80115494003985e-05 1.807018998079e-05 1.81721625267528e-05 1.8274136891705e-05 1.83761094376678e-05 1.847808380262e-05 1.85800563485827e-05 1.86820288945455e-05 1.87840032594977e-05 1.89007241715444e-05 1.90223618119489e-05 1.91439994523535e-05 1.9265637092758e-05 1.93872747331625e-05 1.9508912373567e-05 1.96305481949821e-05 1.97536828636657e-05 1.98813104361761e-05 2.00089361896971e-05 2.01365619432181e-05 2.02641895157285e-05 2.03918152692495e-05 2.05194410227705e-05 2.06470685952809e-05 2.06998047360685e-05 2.07275788852712e-05 2.07553512154846e-05 2.07831253646873e-05 2.081089951389e-05 2.08386718441034e-05 2.08664459933061e-05 2.0884534023935e-05 2.08735691558104e-05 2.08626024686964e-05 2.08516357815824e-05 2.08406709134579e-05 2.08297042263439e-05 2.08187393582193e-05
1.78676127688959e-05 1.79161288542673e-05 1.79646431206493e-05 1.80131592060206e-05 1.80749211722286e-05 1.81764262379147e-05 1.82779313036008e-05 1.83794345502974e-05 1.84809396159835e-05 1.85824446816696e-05 1.86839479283663e-05 1.87854529940523e-05 1.89047950698296e-05 1.90300852409564e-05 1.91553735930938e-05 1.92806619452313e-05 1.94059502973687e-05 1.95312386495061e-05 1.96565270016436e-05 1.97824065253371e-05 1.99100559257204e-05 2.0037707145093e-05 2.01653565454762e-05 2.02930059458595e-05 2.04206571652321e-05 2.05483065656153e-05 2.06759559659986e-05 2.07252032851102e-05 2.0748317183461e-05 2.07714310818119e-05 2.07945431611734e-05 2.08176570595242e-05 2.08407691388857e-05 2.08638830372365e-05 2.0874716938124e-05 2.08487144846004e-05 2.08227120310767e-05 2.0796709577553e-05 2.07707071240293e-05 2.07447046705056e-05 2.07187022169819e-05
1.7856267731986e-05 1.7909100279212e-05 1.79619346454274e-05 1.80147690116428e-05 1.80796523636673e-05 1.81806881300872e-05 1.82817238965072e-05 1.83827596629271e-05 1.84837954293471e-05 1.8584831195767e-05 1.8685866962187e-05 1.87869027286069e-05 1.89088677871041e-05 1.90378068509744e-05 1.91667477338342e-05 1.92956867977045e-05 1.94246258615749e-05 1.95535667444346e-05 1.9682505808305e-05 1.98111301870085e-05 1.9938803234254e-05 2.00664762814995e-05 2.01941511477344e-05 2.03218241949799e-05 2.04494972422253e-05 2.05771721084602e-05 2.07048451557057e-05 2.07506036531413e-05 2.07690554816509e-05 2.07875091291498e-05 2.08059609576594e-05 2.08244146051584e-05 2.0842866433668e-05 2.08613200811669e-05 2.08648998523131e-05 2.08238616323797e-05 2.07828215934569e-05 2.07417833735235e-05 2.07007451535901e-05 2.06597051146673e-05 2.06186668947339e-05
