data/working_set_collections/6091692-Cassins_Sparrow-M2/2005/prevtot_avg.asc
NCOLS 265 
NROWS 230 
XLLCORNER -115.5625 
YLLCORNER 24.8333333333333 
CELLSIZE 0.0833333333333333 
NODATA_value -9999 
[rows 180 to 197 of 230, columns 164 to 204 of 265]
1.94678359548561e-05 1.93988453247584e-05 1.93298546946608e-05 1.92608640645631e-05 1.91918734344654e-05 1.91228828043677e-05 1.905389217427e-05 1.89848997251829e-05 1.90691425814293e-05 1.92044608411379e-05 1.93397809198359e-05 1.94751009985339e-05 1.96104192582425e-05 1.97457393369405e-05 1.98810594156384e-05 2.00221311388304e-05 2.01804632524727e-05 2.03387953661149e-05 2.04971274797572e-05 2.06554595933994e-05 2.08137917070417e-05 2.09721238206839e-05 2.11304559343262e-05 2.1310444935807e-05 2.14976535062306e-05 2.16848602576647e-05 2.18720688280882e-05 2.20592755795224e-05 2.22464841499459e-05 2.243369090138e-05 2.2631178580923e-05 2.28595017688349e-05 2.30878267757362e-05 2.33161499636481e-05 2.35444731515599e-05 2.37727981584612e-05 2.40011213463731e-05 2.4229444534285e-05 2.44905822910368e-05 2.47626558120828e-05 2.50347311521182e-05
1.92924708244391e-05 1.92646675714059e-05 1.92368643183727e-05 1.92090610653395e-05 1.91812578123063e-05 1.91534545592731e-05 1.91256513062399e-05 1.90978480532067e-05 1.91640538105275e-05 1.92615934793139e-05 1.93591349670896e-05 1.9456674635876e-05 1.95542161236517e-05 1.96517557924381e-05 1.97492972802138e-05 1.98628222278785e-05 2.00243030121783e-05 2.01857837964781e-05 2.03472645807778e-05 2.05087453650776e-05 2.06702261493774e-05 2.08317069336772e-05 2.0993187717977e-05 2.11777278309455e-05 2.1369953174144e-05 2.1562180336332e-05 2.17544056795305e-05 2.19466328417184e-05 2.21388581849169e-05 2.23310853471048e-05 2.25353815039853e-05 2.27758919209009e-05 2.30164005188271e-05 2.32569091167534e-05 2.3497419533669e-05 2.37379281315953e-05 2.39784385485109e-05 2.42189471464371e-05 2.4501716325176e-05 2.47985699388664e-05 2.50954235525569e-05
1.9117105694022e-05 1.91304898180533e-05 1.91438739420846e-05 1.91572580661159e-05 1.91706421901472e-05 1.91840281331679e-05 1.91974122571992e-05 1.92107963812305e-05 1.92589632206364e-05 1.93187261174899e-05 1.9378487195354e-05 1.94382500922075e-05 1.94980111700715e-05 1.95577722479356e-05 1.96175351447891e-05 1.97035133169265e-05 1.98681427718839e-05 2.00327722268412e-05 2.01974016817985e-05 2.03620311367558e-05 2.05266605917132e-05 2.06912882276811e-05 2.08559176826384e-05 2.10450089070946e-05 2.12422546610469e-05 2.14394985960098e-05 2.16367443499621e-05 2.1833988284925e-05 2.20312322198879e-05 2.22284779738402e-05 2.24395844270475e-05 2.26922802539775e-05 2.29449742619181e-05 2.31976700888481e-05 2.34503640967887e-05 2.37030599237187e-05 2.39557557506487e-05 2.42084497585893e-05 2.45128485403256e-05 2.483448406565e-05 2.5156117771985e-05
1.89417387446156e-05 1.89963120647008e-05 1.90508835657965e-05 1.91054550668923e-05 1.91600283869775e-05 1.92145998880733e-05 1.92691732081585e-05 1.93237447092542e-05 1.93538744497346e-05 1.93758569366764e-05 1.93978412426077e-05 1.94198237295495e-05 1.94418062164914e-05 1.94637887034332e-05 1.94857730093645e-05 1.95442044059746e-05 1.97119825315895e-05 1.98797606572043e-05 2.00475369638298e-05 2.02153150894446e-05 2.03830932150595e-05 2.05508713406743e-05 2.07186494662892e-05 2.09122918022331e-05 2.11145543289604e-05 2.13168186746771e-05 2.15190812014043e-05 2.17213437281316e-05 2.19236080738483e-05 2.21258706005756e-05 2.23437891690992e-05 2.26086685870541e-05 2.28735498239985e-05 2.31384292419534e-05 2.34033104788978e-05 2.36681917158421e-05 2.39330711337971e-05 2.41979523707414e-05 2.45239825744648e-05 2.48703981924336e-05 2.52168119914131e-05
1.87663736141985e-05 1.88621324923588e-05 1.89578931895085e-05 1.90536538866581e-05 1.91494127648184e-05 1.92451734619681e-05 1.93409323401283e-05 1.9436693037278e-05 1.94487856788328e-05 1.94329895748524e-05 1.9417193470872e-05 1.94013973668916e-05 1.93856012629112e-05 1.93698069779202e-05 1.93540108739398e-05 1.93848954950226e-05 1.9555822291295e-05 1.9726747268578e-05 1.98976740648504e-05 2.00686008611228e-05 2.02395276573952e-05 2.04104544536676e-05 2.058138124994e-05 2.07795728783822e-05 2.09868558158632e-05 2.11941369343549e-05 2.14014180528466e-05 2.16087009903276e-05 2.18159821088193e-05 2.2023263227311e-05 2.22479920921614e-05 2.25250587391201e-05 2.28021235670894e-05 2.30791902140481e-05 2.33562568610068e-05 2.36333216889761e-05 2.39103883359348e-05 2.41874549828935e-05 2.45351166086039e-05 2.49063105002278e-05 2.52775043918518e-05
1.85910084837815e-05 1.87279547390062e-05 1.88649028132204e-05 1.90018508874346e-05 1.91387971426593e-05 1.92757452168735e-05 1.94126932910876e-05 1.95496413653018e-05 1.9543696907931e-05 1.94901222130284e-05 1.94365475181257e-05 1.93829728232231e-05 1.93293981283205e-05 1.92758234334178e-05 1.92222487385152e-05 1.92255865840707e-05 1.93996602320112e-05 1.95737356989412e-05 1.97478111658711e-05 1.9921886632801e-05 2.0095962099731e-05 2.02700357476715e-05 2.04441112146014e-05 2.06468557735207e-05 2.08591554837767e-05 2.10714551940328e-05 2.12837567232782e-05 2.14960564335342e-05 2.17083561437903e-05 2.19206576730357e-05 2.21521950152237e-05 2.24414470721968e-05 2.27306991291698e-05 2.30199511861429e-05 2.33092014241265e-05 2.35984534810996e-05 2.38877055380726e-05 2.41769575950457e-05 2.4546250642743e-05 2.49422246270115e-05 2.533819861128e-05
1.84985674422933e-05 1.86240722541697e-05 1.87495770660462e-05 1.88750800589332e-05 1.90005848708097e-05 1.91260878636967e-05 1.92515926755732e-05 1.93770974874496e-05 1.93759624380618e-05 1.93326141015859e-05 1.928926576511e-05 1.92459174286341e-05 1.92025690921582e-05 1.91592207556823e-05 1.91158724192064e-05 1.91263934539165e-05 1.92985171452165e-05 1.94706426555058e-05 1.96427663468057e-05 1.98148918570951e-05 1.9987015548395e-05 2.01591410586843e-05 2.03312647499843e-05 2.05338892556028e-05 2.07466782740084e-05 2.09594654734246e-05 2.11722544918302e-05 2.13850435102358e-05 2.15978325286414e-05 2.1810621547047e-05 2.20446127059404e-05 2.23422084673075e-05 2.2639806047664e-05 2.29374018090311e-05 2.32349975703983e-05 2.35325933317654e-05 2.38301909121219e-05 2.4127786673489e-05 2.45196588366525e-05 2.49429576797411e-05 2.53662565228296e-05
1.84890541277127e-05 1.85504832188599e-05 1.86119141289964e-05 1.86733432201436e-05 1.87347723112907e-05 1.87962014024379e-05 1.8857630493585e-05 1.89190614037216e-05 1.89455804502359e-05 1.89604652405251e-05 1.89753500308143e-05 1.89902330021141e-05 1.90051177924033e-05 1.90200007637031e-05 1.90348855539924e-05 1.90873161045602e-05 1.92523912119213e-05 1.94174663192825e-05 1.95825414266437e-05 1.97476165340049e-05 1.99126916413661e-05 2.00777667487273e-05 2.02428418560885e-05 2.04406715056393e-05 2.06494205485797e-05 2.08581677725306e-05 2.10669149964815e-05 2.12756640394218e-05 2.14844112633727e-05 2.16931584873237e-05 2.19252451643115e-05 2.22273447434418e-05 2.25294443225721e-05 2.28315439017024e-05 2.31336434808327e-05 2.3435743059963e-05 2.37378444580827e-05 2.4039944037213e-05 2.4455343009322e-05 2.49085096584167e-05 2.53616781265009e-05
1.84795408131322e-05 1.84768960025394e-05 1.84742511919467e-05 1.84716063813539e-05 1.84689597517718e-05 1.8466314941179e-05 1.84636701305863e-05 1.84610253199935e-05 1.85152002813993e-05 1.85883163794642e-05 1.86614324775292e-05 1.87345485755941e-05 1.8807664673659e-05 1.88807807717239e-05 1.89538968697889e-05 1.90482405741932e-05 1.92062670976156e-05 1.93642918020487e-05 1.95223183254711e-05 1.96803430299042e-05 1.98383695533266e-05 1.99963942577597e-05 2.01544207811821e-05 2.03474555746652e-05 2.05521628231509e-05 2.07568700716365e-05 2.09615755011328e-05 2.11662827496184e-05 2.13709881791146e-05 2.15756954276003e-05 2.18058758036932e-05 2.21124792005867e-05 2.24190825974802e-05 2.27256859943736e-05 2.30322893912671e-05 2.33388927881606e-05 2.36454961850541e-05 2.39520995819476e-05 2.43910271819914e-05 2.48740634560818e-05 2.53570979111828e-05
1.84700274985516e-05 1.8403308786219e-05 1.83365882548969e-05 1.82698677235749e-05 1.82031490112422e-05 1.81364284799201e-05 1.80697079485981e-05 1.80029892362654e-05 1.80848201125627e-05 1.82161675184034e-05 1.83475167432334e-05 1.84788641490741e-05 1.86102133739041e-05 1.87415607797448e-05 1.88729100045748e-05 1.90091650438262e-05 1.91601411643205e-05 1.93111172848148e-05 1.94620934053091e-05 1.96130695258034e-05 1.97640456462977e-05 1.9915021766792e-05 2.00659978872864e-05 2.02542396436911e-05 2.04549050977221e-05 2.0655570551753e-05 2.0856236005784e-05 2.1056901459815e-05 2.1257566913846e-05 2.14582323678769e-05 2.16865064430749e-05 2.19976136577316e-05 2.23087208723882e-05 2.26198280870449e-05 2.29309353017015e-05 2.32420425163582e-05 2.35531497310149e-05 2.38642569456715e-05 2.43267113546608e-05 2.48396154347574e-05 2.53525195148541e-05
1.84605141839711e-05 1.83297197509091e-05 1.81989253178472e-05 1.80681308847852e-05 1.79373364517232e-05 1.78065420186613e-05 1.76757475855993e-05 1.75449531525373e-05 1.76544399437262e-05 1.78440204763319e-05 1.80335991899483e-05 1.8223179722554e-05 1.84127602551598e-05 1.86023407877656e-05 1.87919213203713e-05 1.89700876944698e-05 1.91140152310254e-05 1.92579409485916e-05 1.94018684851471e-05 1.95457942027133e-05 1.96897217392689e-05 1.9833647456835e-05 1.99775749933906e-05 2.0161023712717e-05 2.03576473722933e-05 2.0554272850859e-05 2.07508965104353e-05 2.09475201700116e-05 2.11441438295878e-05 2.13407674891641e-05 2.1567138901446e-05 2.18827499338659e-05 2.21983609662857e-05 2.25139701797161e-05 2.2829581212136e-05 2.31451922445558e-05 2.34608032769756e-05 2.37764143093955e-05 2.42623955273302e-05 2.48051692324225e-05 2.53479411185253e-05
1.84510008693906e-05 1.82561325345887e-05 1.80612623807974e-05 1.78663940459955e-05 1.76715238922043e-05 1.74766555574024e-05 1.72817854036111e-05 1.70869170688093e-05 1.72240579559002e-05 1.74718716152711e-05 1.77196834556526e-05 1.7967495296034e-05 1.82153089554049e-05 1.84631207957864e-05 1.87109326361679e-05 1.89310121641029e-05 1.90678892977303e-05 1.92047664313577e-05 1.93416435649851e-05 1.94785206986126e-05 1.961539783224e-05 1.97522749658674e-05 1.98891520994948e-05 2.00678077817429e-05 2.02603914658539e-05 2.04529733309755e-05 2.06455570150865e-05 2.08381388802081e-05 2.10307225643191e-05 2.12233044294408e-05 2.14477695408277e-05 2.17678843910107e-05 2.20879992411938e-05 2.24081140913768e-05 2.27282271225704e-05 2.30483419727534e-05 2.33684568229364e-05 2.368856985413e-05 2.41980796999997e-05 2.47707212110981e-05 2.53433627221966e-05
1.83718184416648e-05 1.81550676643383e-05 1.79383168870118e-05 1.77215661096852e-05 1.75048135133693e-05 1.72880627360428e-05 1.70713119587163e-05 1.68545611813897e-05 1.69928243849427e-05 1.72494274011115e-05 1.75060285982909e-05 1.77626297954703e-05 1.80192328116391e-05 1.82758340088185e-05 1.85324352059979e-05 1.87598707270809e-05 1.8899807400885e-05 1.90397440746892e-05 1.91796807484934e-05 1.93196174222976e-05 1.94595540961018e-05 1.9599490769906e-05 1.97394274437102e-05 1.99197893380187e-05 2.01136263058288e-05 2.03074650926283e-05 2.05013020604383e-05 2.06951390282484e-05 2.08889759960584e-05 2.10828129638685e-05 2.13106377486838e-05 2.16404241655255e-05 2.19702124013565e-05 2.23000006371876e-05 2.26297870540293e-05 2.29595752898604e-05 2.32893635256914e-05 2.36191517615225e-05 2.41412981267786e-05 2.47275638685096e-05 2.53138296102406e-05
1.82229650818044e-05 1.80265251401579e-05 1.78300851985114e-05 1.76336452568648e-05 1.74372053152183e-05 1.72407653735718e-05 1.70443254319252e-05 1.68478854902787e-05 1.69607374118641e-05 1.71766860148637e-05 1.73926346178632e-05 1.76085832208628e-05 1.78245300048729e-05 1.80404786078725e-05 1.82564272108721e-05 1.84566652023932e-05 1.86097713594791e-05 1.87628756975755e-05 1.89159818546614e-05 1.90690880117472e-05 1.92221923498437e-05 1.93752985069295e-05 1.95284046640154e-05 1.9716970200534e-05 1.99173573491862e-05 2.01177444978384e-05 2.03181316464907e-05 2.05185169761535e-05 2.07189041248057e-05 2.09192912734579e-05 2.1155738068046e-05 2.15003692574101e-05 2.18450004467741e-05 2.21896316361381e-05 2.25342628255021e-05 2.28788921958767e-05 2.32235233852407e-05 2.35681545746047e-05 2.40920471696882e-05 2.46756953856675e-05 2.52593417826574e-05
1.80741135409335e-05 1.78979844349669e-05 1.77218553290004e-05 1.75457262230339e-05 1.73695971170673e-05 1.71934698300902e-05 1.70173407241236e-05 1.68412116181571e-05 1.69286504387856e-05 1.71039446286159e-05 1.72792406374356e-05 1.74545348272659e-05 1.76298290170962e-05 1.78051250259159e-05 1.79804192157462e-05 1.81534596777055e-05 1.83197334990837e-05 1.84860073204618e-05 1.86522829608293e-05 1.88185567822075e-05 1.8984832422575e-05 1.91511062439531e-05 1.93173800653312e-05 1.95141510630492e-05 1.97210883925436e-05 1.99280239030486e-05 2.0134961232543e-05 2.0341896743048e-05 2.05488340725424e-05 2.07557695830474e-05 2.10008402063977e-05 2.13603143492946e-05 2.17197884921916e-05 2.20792626350885e-05 2.24387367779855e-05 2.27982109208824e-05 2.31576850637794e-05 2.35171592066763e-05 2.40427980315872e-05 2.4623825083836e-05 2.52048539550742e-05
1.79252601810731e-05 1.77694419107866e-05 1.76136254594894e-05 1.74578071892029e-05 1.73019889189163e-05 1.71461724676192e-05 1.69903541973326e-05 1.68345359270461e-05 1.6896563465707e-05 1.70312050613575e-05 1.71658466570079e-05 1.7300486433669e-05 1.74351280293195e-05 1.75697696249699e-05 1.77044112206204e-05 1.78502523340285e-05 1.80296956386883e-05 1.82091389433481e-05 1.83885840669973e-05 1.85680273716571e-05 1.87474706763169e-05 1.89269139809767e-05 1.91063572856365e-05 1.93113319255644e-05 1.95248176169116e-05 1.97383051272482e-05 1.99517908185953e-05 2.01652765099425e-05 2.03787622012896e-05 2.05922478926368e-05 2.08459423447493e-05 2.12202594411792e-05 2.15945765376091e-05 2.1968893634039e-05 2.23432107304689e-05 2.27175278268987e-05 2.30918449233286e-05 2.34661620197585e-05 2.39935488934861e-05 2.45719566009939e-05 2.5150366127491e-05
1.77764068212127e-05 1.76409012055956e-05 1.7505393770989e-05 1.73698881553719e-05 1.72343807207653e-05 1.70988751051482e-05 1.69633676705416e-05 1.68278620549245e-05 1.68644764926285e-05 1.69584636751097e-05 1.70524526765803e-05 1.71464398590615e-05 1.72404270415427e-05 1.73344160430133e-05 1.74284032254945e-05 1.75470468093408e-05 1.77396595972823e-05 1.79322723852238e-05 1.81248833541758e-05 1.83174961421173e-05 1.85101089300588e-05 1.87027198990108e-05 1.88953326869523e-05 1.91085127880797e-05 1.9328548660269e-05 1.95485845324583e-05 1.97686204046477e-05 1.9988656276837e-05 2.02086921490263e-05 2.04287280212156e-05 2.0691044483101e-05 2.10802045330638e-05 2.14693645830266e-05 2.18585246329894e-05 2.22476846829522e-05 2.2636844732915e-05 2.30260047828779e-05 2.34151648328407e-05 2.39442979363957e-05 2.45200881181518e-05 2.50958782999078e-05
1.76275552803418e-05 1.75123586814152e-05 1.73971639014781e-05 1.72819691215409e-05 1.71667725226143e-05 1.70515777426772e-05 1.693638296274e-05 1.68211863638135e-05 1.68323895195499e-05 1.68857241078513e-05 1.69390568771632e-05 1.69923914654646e-05 1.7045726053766e-05 1.70990606420673e-05 1.71523952303687e-05 1.72438412846532e-05 1.74496217368869e-05 1.76554040081101e-05 1.78611844603438e-05 1.80669649125775e-05 1.82727471838007e-05 1.84785276360344e-05 1.86843080882682e-05 1.89056936505949e-05 1.91322797036264e-05 1.93588639376685e-05 1.95854499907e-05 1.98120360437315e-05 2.00386202777736e-05 2.02652063308051e-05 2.05361466214526e-05 2.09401496249484e-05 2.13441526284441e-05 2.17481556319399e-05 2.21521586354356e-05 2.25561634579208e-05 2.29601664614165e-05 2.33641694649123e-05 2.38950487982947e-05 2.44682196353097e-05 2.5041392291314e-05
