data/working_set_collections/6091692-Cassins_Sparrow-M2/2005/prmc_avg.asc
NCOLS 265 
NROWS 230 
XLLCORNER -115.5625 
YLLCORNER 24.8333333333333 
CELLSIZE 0.0833333333333333 
NODATA_value -9999 
[rows 20 to 39 of 230, columns 0 to 43 of 265]
0.185996621847153 0.187535673379898 0.189074739813805 0.19061379134655 0.192152857780457 0.193691909313202 0.195230975747108 0.197912380099297 0.200974583625793 0.204036772251129 0.207098960876465 0.210161164402962 0.213223353028297 0.216285556554794 0.21869620680809 0.219152212142944 0.21960823237896 0.220064252614975 0.22052027285099 0.220976278185844 0.22143229842186 0.221888318657875 0.219632476568222 0.216472685337067 0.213312894105911 0.210153102874756 0.2069933116436 0.203833520412445 0.20067372918129 0.198594480752945 0.199756845831871 0.200919225811958 0.202081605792046 0.203243970870972 0.204406350851059 0.205568730831146 0.206731095910072 0.210882261395454 0.216029688715935 0.221177116036415 0.226324543356895 0.231471970677376 0.236619383096695 0.241766810417175
0.186761125922203 0.18837796151638 0.189994797110558 0.191611632704735 0.193228468298912 0.194845303893089 0.196462139487267 0.198466777801514 0.200600683689117 0.202734589576721 0.204868480563164 0.207002386450768 0.209136292338371 0.211270198225975 0.212969869375229 0.213366806507111 0.213763743638992 0.214160695672035 0.214557632803917 0.21495458483696 0.215351521968842 0.215748474001884 0.213943466544151 0.211404472589493 0.208865478634834 0.206326499581337 0.203787505626678 0.20124851167202 0.198709517717361 0.196963354945183 0.19759564101696 0.198227941989899 0.198860242962837 0.199492529034615 0.200124830007553 0.200757130980492 0.201389417052269 0.206685945391655 0.213537201285362 0.220388472080231 0.227239727973938 0.234090998768806 0.240942254662514 0.247793525457382
0.187525644898415 0.189220249652863 0.190914869308472 0.19260947406292 0.194304078817368 0.195998698472977 0.197693303227425 0.199021175503731 0.200226783752441 0.201432392001152 0.202638000249863 0.203843623399734 0.205049231648445 0.206254839897156 0.207243517041206 0.207581400871277 0.207919269800186 0.208257138729095 0.208595007658005 0.208932876586914 0.209270760416985 0.209608629345894 0.208254456520081 0.206336259841919 0.204418078064919 0.202499881386757 0.200581699609756 0.198663502931595 0.196745306253433 0.195332229137421 0.195434436202049 0.195536658167839 0.195638880133629 0.195741087198257 0.195843309164047 0.195945516228676 0.196047738194466 0.202489614486694 0.211044728755951 0.219599828124046 0.228154927492142 0.236710026860237 0.245265126228333 0.253820240497589
0.188290148973465 0.190062537789345 0.191834926605225 0.193607315421104 0.195379704236984 0.197152093052864 0.198924481868744 0.199575558304787 0.199852883815765 0.200130209326744 0.200407519936562 0.20068484544754 0.200962170958519 0.201239496469498 0.201517179608345 0.201795980334282 0.202074781060219 0.202353581786156 0.202632382512093 0.202911183238029 0.203189983963966 0.203468784689903 0.20256544649601 0.201268047094345 0.199970662593842 0.198673278093338 0.197375878691673 0.19607849419117 0.194781109690666 0.193701103329659 0.193273231387138 0.192845374345779 0.192417502403259 0.1919896453619 0.191561788320541 0.191133916378021 0.190706059336662 0.198293298482895 0.208552241325378 0.218811184167862 0.229070127010345 0.239329069852829 0.249587997794151 0.259846955537796
0.190391302108765 0.191863626241684 0.193335965275764 0.194808289408684 0.196280613541603 0.197752952575684 0.199225276708603 0.199494734406471 0.199363246560097 0.199231758713722 0.199100255966187 0.198968768119812 0.198837265372276 0.198705777525902 0.198783591389656 0.199489369988441 0.200195133686066 0.200900912284851 0.201606675982475 0.202312454581261 0.203018218278885 0.20372399687767 0.202830195426941 0.201403200626373 0.199976205825806 0.198549211025238 0.197122231125832 0.195695236325264 0.194268241524696 0.193059772253036 0.192506849765778 0.191953927278519 0.19140100479126 0.190848082304001 0.190295174717903 0.189742252230644 0.189189329743385 0.197047725319862 0.207709908485413 0.218372091650963 0.229034274816513 0.239696457982063 0.250358641147614 0.261020809412003
0.193829074501991 0.19462351500988 0.195417955517769 0.196212396025658 0.197006836533546 0.197801277041435 0.198595717549324 0.198778703808784 0.198757871985435 0.198737025260925 0.198716193437576 0.198695361614227 0.198674529790878 0.198653697967529 0.199042767286301 0.200661540031433 0.202280327677727 0.20389911532402 0.205517902970314 0.207136690616608 0.20875546336174 0.210374251008034 0.209048703312874 0.206741705536842 0.204434707760811 0.202127709984779 0.199820727109909 0.197513729333878 0.195206731557846 0.193408250808716 0.193135291337967 0.192862331867218 0.192589372396469 0.19231641292572 0.192043453454971 0.191770493984222 0.191497534513474 0.198752924799919 0.208517745137215 0.21828256547451 0.228047385811806 0.237812206149101 0.247577026486397 0.257341831922531
0.197266861796379 0.197383418679237 0.197499960660934 0.197616502642632 0.19773305952549 0.197849601507187 0.197966158390045 0.198062658309937 0.198152482509613 0.19824230670929 0.198332130908966 0.198421955108643 0.19851179420948 0.198601618409157 0.199301928281784 0.201833724975586 0.204365521669388 0.20689731836319 0.209429115056992 0.211960911750793 0.214492708444595 0.217024505138397 0.215267211198807 0.212080210447311 0.208893209695816 0.205706208944321 0.202519208192825 0.19933220744133 0.196145221590996 0.193756714463234 0.193763718008995 0.193770721554756 0.193777740001678 0.19378474354744 0.193791747093201 0.193798750638962 0.193805754184723 0.200458109378815 0.209325566887856 0.218193024396896 0.227060481905937 0.235927954316139 0.24479541182518 0.253662884235382
0.200704649090767 0.200143307447433 0.1995819658041 0.199020624160767 0.198459282517433 0.1978979408741 0.197336599230766 0.19734662771225 0.197547107934952 0.197747588157654 0.197948083281517 0.198148563504219 0.198349043726921 0.198549538850784 0.199561104178429 0.203005909919739 0.206450715661049 0.20989553630352 0.21334034204483 0.21678514778614 0.220229953527451 0.223674774169922 0.22148571908474 0.21741871535778 0.213351711630821 0.209284707903862 0.205217704176903 0.201150700449944 0.197083696722984 0.194105193018913 0.194392159581184 0.194679126143456 0.194966092705727 0.195253059267998 0.19554004073143 0.195827007293701 0.196113973855972 0.20216329395771 0.210133388638496 0.218103498220444 0.22607359290123 0.234043702483177 0.242013797163963 0.249983906745911
0.204142436385155 0.20290319621563 0.201663970947266 0.20042473077774 0.199185490608215 0.197946265339851 0.196707025170326 0.196630582213402 0.196941733360291 0.197252869606018 0.197564020752907 0.197875156998634 0.198186308145523 0.198497459292412 0.199820265173912 0.204178094863892 0.20853590965271 0.21289373934269 0.217251554131508 0.221609383821487 0.225967213511467 0.230325028300285 0.227704226970673 0.22275722026825 0.217810213565826 0.212863206863403 0.20791620016098 0.202969193458557 0.198022186756134 0.194453671574593 0.195020601153374 0.195587530732155 0.196154460310936 0.196721389889717 0.197288319468498 0.197855249047279 0.19842217862606 0.203868478536606 0.210941210389137 0.21801395714283 0.225086703896523 0.232159450650215 0.239232182502747 0.246304929256439
0.207580208778381 0.205663084983826 0.20374596118927 0.201828837394714 0.199911713600159 0.197994589805603 0.196077466011047 0.195914536714554 0.196336343884468 0.196758151054382 0.197179958224297 0.197601765394211 0.198023572564125 0.198445379734039 0.200079441070557 0.205350264906883 0.210621103644371 0.215891942381859 0.221162781119347 0.226433619856834 0.231704458594322 0.236975282430649 0.233922734856606 0.228095725178719 0.222268715500832 0.216441705822945 0.210614696145058 0.204787686467171 0.198960676789284 0.194802135229111 0.195649027824402 0.196495920419693 0.197342827916145 0.198189720511436 0.199036613106728 0.199883505702019 0.20073039829731 0.205573663115501 0.211749047040939 0.217924430966377 0.224099814891815 0.230275198817253 0.23645056784153 0.242625951766968
0.208209678530693 0.206095963716507 0.203982248902321 0.201868534088135 0.19975483417511 0.197641119360924 0.195527404546738 0.195150688290596 0.195352971553802 0.195555254817009 0.195757538080215 0.195959821343422 0.196162104606628 0.196364372968674 0.197813048958778 0.203000918030739 0.208188787102699 0.213376641273499 0.218564510345459 0.223752364516258 0.228940233588219 0.234128087759018 0.231254920363426 0.225694745779037 0.220134571194649 0.21457439661026 0.209014236927032 0.203454062342644 0.197893887758255 0.194063574075699 0.195422902703285 0.19678221642971 0.198141530156136 0.199500858783722 0.200860172510147 0.202219486236572 0.203578814864159 0.208059877157211 0.213581532239914 0.219103187322617 0.224624842405319 0.230146482586861 0.235668137669563 0.241189792752266
0.206030800938606 0.204201817512512 0.202372819185257 0.200543835759163 0.198714837431908 0.196885854005814 0.195056855678558 0.194339036941528 0.193991616368294 0.193644180893898 0.193296760320663 0.192949324846268 0.192601904273033 0.192254468798637 0.193021133542061 0.197130024433136 0.201238930225372 0.205347836017609 0.209456726908684 0.21356563270092 0.217674523591995 0.221783429384232 0.219700783491135 0.215554296970367 0.211407795548439 0.207261294126511 0.203114807605743 0.198968306183815 0.194821819663048 0.192237988114357 0.194342195987701 0.196446403861046 0.198550596833229 0.200654804706573 0.202758997678757 0.204863205552101 0.206967413425446 0.211327120661736 0.216438680887222 0.221550226211548 0.226661786437035 0.23177333176136 0.236884891986847 0.241996437311172
0.203851938247681 0.202307671308517 0.200763389468193 0.19921912252903 0.197674855589867 0.196130573749542 0.194586306810379 0.193527385592461 0.192630246281624 0.191733106970787 0.190835982561111 0.189938843250275 0.189041703939438 0.188144564628601 0.188229203224182 0.191259145736694 0.194289073348045 0.197319015860558 0.20034895837307 0.203378900885582 0.206408828496933 0.209438771009445 0.208146646618843 0.205413833260536 0.202681005001068 0.199948191642761 0.197215378284454 0.194482564926147 0.191749751567841 0.190412402153015 0.193261489272118 0.19611057639122 0.198959663510323 0.201808750629425 0.204657837748528 0.20750692486763 0.210356011986732 0.21459436416626 0.219295829534531 0.22399728000164 0.22869873046875 0.23340018093586 0.238101631402969 0.24280309677124
0.201673075556755 0.200413525104523 0.199153959751129 0.197894409298897 0.196634858846664 0.195375308394432 0.1941157579422 0.192715734243393 0.191268891096115 0.189822047948837 0.188375189900398 0.18692834675312 0.185481503605843 0.184034660458565 0.183437272906303 0.185388252139091 0.18733923137188 0.189290210604668 0.191241174936295 0.193192154169083 0.195143133401871 0.197094112634659 0.196592509746552 0.195273369550705 0.193954229354858 0.192635089159012 0.191315948963165 0.18999682366848 0.188677683472633 0.188586816191673 0.192180782556534 0.195774763822556 0.199368730187416 0.202962696552277 0.206556662917137 0.210150644183159 0.213744610548019 0.217861607670784 0.222152963280678 0.226444318890572 0.230735674500465 0.235027030110359 0.239318385720253 0.243609741330147
0.199494212865829 0.198519378900528 0.197544544935226 0.196569696068764 0.195594862103462 0.194620028138161 0.193645194172859 0.191904067993164 0.189907521009445 0.187910974025726 0.185914412140846 0.183917865157127 0.181921303272247 0.179924756288528 0.178645342588425 0.179517358541489 0.180389374494553 0.181261390447617 0.182133406400681 0.183005422353745 0.183877438306808 0.184749454259872 0.185038357973099 0.185132905840874 0.185227453708649 0.185321986675262 0.185416534543037 0.185511067509651 0.185605615377426 0.186761230230331 0.191100090742111 0.19543893635273 0.19977779686451 0.204116642475128 0.208455502986908 0.212794348597527 0.217133209109306 0.221128866076469 0.225010111927986 0.228891372680664 0.232772618532181 0.236653879284859 0.240535125136375 0.244416385889053
0.197315335273743 0.196625232696533 0.195935115218163 0.195244997739792 0.194554880261421 0.193864762783051 0.19317464530468 0.191092416644096 0.188546165823936 0.185999900102615 0.183453634381294 0.180907368659973 0.178361117839813 0.175814852118492 0.173853412270546 0.173646479845047 0.173439532518387 0.173232585191727 0.173025637865067 0.172818690538406 0.172611743211746 0.172404795885086 0.173484221100807 0.174992442131042 0.176500663161278 0.178008884191513 0.179517105221748 0.181025326251984 0.182533547282219 0.18493564426899 0.190019384026527 0.195103123784065 0.200186863541603 0.20527058839798 0.210354328155518 0.215438067913055 0.220521807670593 0.224396109580994 0.227867260575294 0.231338411569595 0.234809562563896 0.238280728459358 0.241751879453659 0.24522303044796
0.195710003376007 0.195173174142838 0.194636330008507 0.194099500775337 0.193562656641006 0.193025827407837 0.192488983273506 0.190181285142899 0.187283307313919 0.184385314583778 0.181487321853638 0.178589344024658 0.175691351294518 0.172793358564377 0.170445755124092 0.16974925994873 0.169052764773369 0.168356284499168 0.167659789323807 0.166963294148445 0.166266813874245 0.165570318698883 0.167010769248009 0.169163540005684 0.171316295862198 0.173469066619873 0.175621837377548 0.177774593234062 0.179927363991737 0.182969763875008 0.188681036233902 0.194392308592796 0.200103580951691 0.205814853310585 0.211526125669479 0.217237398028374 0.222948670387268 0.226569399237633 0.229493275284767 0.232417151331902 0.235341027379036 0.23826490342617 0.241188779473305 0.244112655520439
0.194678202271461 0.194163203239441 0.19364820420742 0.193133220076561 0.19261822104454 0.19210322201252 0.19158823788166 0.189170688390732 0.186118960380554 0.183067217469215 0.180015489459038 0.17696376144886 0.173912033438683 0.170860305428505 0.168422341346741 0.167825728654861 0.167229115962982 0.166632488369942 0.166035875678062 0.165439262986183 0.164842635393143 0.164246022701263 0.165618002414703 0.167646184563637 0.16967436671257 0.171702533960342 0.173730716109276 0.175758898258209 0.177787065505981 0.180863574147224 0.187085032463074 0.193306505680084 0.199527963995934 0.205749422311783 0.211970895528793 0.218192353844643 0.224413812160492 0.227648749947548 0.229888156056404 0.232127577066422 0.234366998076439 0.236606404185295 0.238845825195312 0.24108524620533
0.193646386265755 0.193153232336044 0.192660078406334 0.192166939377785 0.191673785448074 0.191180631518364 0.190687477588654 0.188160076737404 0.184954613447189 0.181749135255814 0.178543657064438 0.175338178873062 0.172132715582848 0.168927237391472 0.166398942470551 0.165902197360992 0.165405452251434 0.164908707141876 0.164411962032318 0.16391521692276 0.163418471813202 0.162921726703644 0.164225235581398 0.16612882912159 0.168032422661781 0.169936001300812 0.171839594841003 0.173743188381195 0.175646781921387 0.178757384419441 0.185489043593407 0.192220687866211 0.198952347040176 0.205684006214142 0.212415650486946 0.219147309660912 0.225878953933716 0.228728085756302 0.230283051729202 0.231838002800941 0.233392968773842 0.234947919845581 0.23650287091732 0.238057836890221
0.192614585161209 0.192143276333809 0.191671967506409 0.191200643777847 0.190729334950447 0.190258026123047 0.189786717295647 0.187149479985237 0.183790266513824 0.180431038141251 0.177071824669838 0.173712611198425 0.170353382825851 0.166994169354439 0.16437554359436 0.163978666067123 0.163581788539886 0.163184925913811 0.162788048386574 0.162391170859337 0.161994308233261 0.161597430706024 0.162832468748093 0.164611473679543 0.166390478610992 0.168169483542442 0.169948473572731 0.171727478504181 0.173506483435631 0.176651194691658 0.183893039822578 0.191134884953499 0.198376730084419 0.20561857521534 0.21286042034626 0.220102250576019 0.22734409570694 0.229807436466217 0.230677932500839 0.231548428535461 0.232418924570084 0.233289435505867 0.234159931540489 0.235030427575111
