data/working_set_collections/6091692-Cassins_Sparrow-M2/2005/prmc_avg.asc
NCOLS 265 
NROWS 230 
XLLCORNER -115.5625 
YLLCORNER 24.8333333333333 
CELLSIZE 0.0833333333333333 
NODATA_value -9999 
[rows 0 to 19 of 230, columns 176 to 219 of 265]
0.231664076447487 0.232666164636612 0.233668252825737 0.234486490488052 0.234753176569939 0.235019862651825 0.235286548733711 0.235553234815598 0.235819920897484 0.23608660697937 0.236353293061256 0.234227553009987 0.231304332613945 0.228381112217903 0.225457891821861 0.222534671425819 0.219611451029778 0.216688245534897 0.214226841926575 0.213150933384895 0.212075024843216 0.210999101400375 0.209923192858696 0.208847284317017 0.207771360874176 0.206695452332497 0.206192642450333 0.205880880355835 0.205569118261337 0.20525735616684 0.204945594072342 0.204633831977844 0.204322069883347 0.204264909029007 0.204971611499786 0.205678313970566 0.206385001540184 0.207091704010963 0.207798391580582 0.208505094051361 0.20921179652214 0.208780005574226 0.207968711853027 0.20715743303299
0.228579863905907 0.23041532933712 0.232250794768333 0.233711823821068 0.234049528837204 0.23438723385334 0.234724923968315 0.235062628984451 0.235400319099426 0.235738024115562 0.236075714230537 0.233874022960663 0.230825856328011 0.227777689695358 0.224729523062706 0.221681356430054 0.218633204698563 0.21558503806591 0.213015779852867 0.211883261799812 0.210750728845596 0.209618210792542 0.208485692739487 0.207353159785271 0.206220641732216 0.205088123679161 0.204766660928726 0.204715564846992 0.204664453864098 0.204613357782364 0.20456226170063 0.204511150717735 0.204460054636002 0.204562366008759 0.20512492954731 0.205687493085861 0.206250056624413 0.206812605261803 0.207375168800354 0.207937732338905 0.208500295877457 0.208055272698402 0.2072743922472 0.206493511795998
0.225495651364326 0.228164494037628 0.230833351612091 0.232937172055244 0.233345881104469 0.233754590153694 0.23416331410408 0.234572023153305 0.23498073220253 0.235389441251755 0.23579815030098 0.233520492911339 0.230347380042076 0.227174267172813 0.224001154303551 0.220828056335449 0.217654943466187 0.214481830596924 0.21180471777916 0.210615575313568 0.209426447749138 0.208237320184708 0.207048177719116 0.205859050154686 0.204669922590256 0.203480780124664 0.20334067940712 0.203550234436989 0.203759789466858 0.203969359397888 0.204178914427757 0.204388484358788 0.204598039388657 0.20485982298851 0.205278247594833 0.205696672201157 0.20611509680748 0.206533521413803 0.206951946020126 0.20737037062645 0.207788795232773 0.20733055472374 0.206580072641373 0.205829590559006
0.222411423921585 0.225913673639297 0.229415908455849 0.232162520289421 0.232642248272896 0.233121961355209 0.233601689338684 0.234081417322159 0.234561130404472 0.235040858387947 0.235520586371422 0.233166962862015 0.229868903756142 0.226570844650269 0.223272800445557 0.219974741339684 0.21667668223381 0.213378623127937 0.210593640804291 0.209347903728485 0.208102166652679 0.206856414675713 0.205610677599907 0.204364940524101 0.203119188547134 0.201873451471329 0.201914682984352 0.202384904026985 0.202855139970779 0.203325361013412 0.203795582056046 0.204265803098679 0.204736024141312 0.205157265067101 0.205431565642357 0.205705851316452 0.205980136990547 0.206254437565804 0.206528723239899 0.206803008913994 0.20707730948925 0.206605821847916 0.205885753035545 0.205165684223175
0.219327211380005 0.223662838339806 0.227998465299606 0.231387868523598 0.231938600540161 0.232489332556725 0.233040079474449 0.233590811491013 0.234141543507576 0.234692275524139 0.235243007540703 0.232813447713852 0.229390442371368 0.225967437028885 0.222544431686401 0.219121426343918 0.215698421001434 0.212275415658951 0.209382578730583 0.208080217242241 0.20677787065506 0.205475524067879 0.204173177480698 0.202870815992355 0.201568469405174 0.200266122817993 0.200488701462746 0.201219588518143 0.20195047557354 0.202681362628937 0.203412249684334 0.204143136739731 0.204874023795128 0.205454722046852 0.20558488368988 0.205715030431747 0.205845192074776 0.205975338816643 0.206105500459671 0.206235647201538 0.206365808844566 0.205881103873253 0.205191433429718 0.204501762986183
0.216242998838425 0.221412003040314 0.226581022143364 0.230613216757774 0.231234967708588 0.23185670375824 0.232478454709053 0.233100205659866 0.233721941709518 0.234343692660332 0.234965443611145 0.232459917664528 0.228911966085434 0.22536401450634 0.221816062927246 0.218268111348152 0.214720159769058 0.211172208189964 0.208171501755714 0.206812545657158 0.205453589558601 0.204094633460045 0.202735662460327 0.201376706361771 0.200017750263214 0.198658794164658 0.199062705039978 0.200054258108139 0.2010458111763 0.202037364244461 0.203028902411461 0.204020455479622 0.205012008547783 0.205752179026604 0.205738186836243 0.205724209547043 0.205710232257843 0.205696254968643 0.205682277679443 0.205668300390244 0.205654308199883 0.205156370997429 0.20449709892273 0.203837841749191
0.208298474550247 0.213533625006676 0.218768775463104 0.222958758473396 0.22401325404644 0.225067749619484 0.226122245192528 0.22717672586441 0.228231221437454 0.229285717010498 0.230340212583542 0.228318735957146 0.225271925330162 0.22222512960434 0.219178318977356 0.216131523251534 0.213084727525711 0.210037916898727 0.207410648465157 0.206041947007179 0.204673245549202 0.203304544091225 0.201935842633247 0.20056714117527 0.199198439717293 0.197829738259315 0.198239579796791 0.199242264032364 0.200244963169098 0.201247647404671 0.202250331640244 0.203253015875816 0.20425571501255 0.20500859618187 0.205012038350105 0.205015495419502 0.205018937587738 0.205022394657135 0.205025836825371 0.205029293894768 0.205032736063004 0.204580500721931 0.203976362943649 0.203372240066528
0.195493653416634 0.20002768933773 0.204561740159988 0.208424523472786 0.210273489356041 0.212122455239296 0.213971436023712 0.215820401906967 0.217669367790222 0.219518348574638 0.221367314457893 0.220389887690544 0.218470335006714 0.216550782322884 0.214631214737892 0.212711662054062 0.210792109370232 0.208872556686401 0.207099989056587 0.205768421292305 0.204436838626862 0.203105270862579 0.201773703098297 0.200442120432854 0.199110552668571 0.197778984904289 0.198019310832024 0.198783621191978 0.199547916650772 0.200312227010727 0.201076522469521 0.201840832829475 0.202605128288269 0.20322397351265 0.203406408429146 0.203588858246803 0.203771308064461 0.203953742980957 0.204136192798615 0.204318627715111 0.204501077532768 0.204153478145599 0.203629210591316 0.203104943037033
0.182688817381859 0.186521768569946 0.190354704856873 0.193890273571014 0.196533724665642 0.199177175760269 0.201820611953735 0.204464063048363 0.20710751414299 0.209750965237617 0.212394416332245 0.212461054325104 0.211668729782104 0.210876420140266 0.210084110498428 0.20929180085659 0.208499491214752 0.207707181572914 0.206789344549179 0.205494895577431 0.204200446605682 0.202905997633934 0.201611548662186 0.200317114591599 0.19902266561985 0.197728216648102 0.197799041867256 0.198324963450432 0.198850885033607 0.199376806616783 0.199902713298798 0.200428634881973 0.200954556465149 0.20143935084343 0.201800793409348 0.202162235975266 0.202523663640022 0.20288510620594 0.203246533870697 0.203607976436615 0.203969419002533 0.203726470470428 0.203282058238983 0.202837646007538
0.169883996248245 0.173015832901001 0.176147669553757 0.179356023669243 0.182793945074081 0.186231881380081 0.18966980278492 0.19310773909092 0.196545660495758 0.199983596801758 0.203421518206596 0.204532206058502 0.204867139458656 0.20520207285881 0.205537006258965 0.205871939659119 0.206206873059273 0.206541806459427 0.20647868514061 0.205221369862556 0.203964054584503 0.202706724405289 0.201449409127235 0.200192093849182 0.198934778571129 0.197677448391914 0.197578772902489 0.197866305708885 0.198153838515282 0.198441371321678 0.198728904128075 0.199016451835632 0.199303984642029 0.199654743075371 0.200195163488388 0.200735598802567 0.201276034116745 0.201816454529762 0.202356889843941 0.202897325158119 0.203437745571136 0.203299447894096 0.20293490588665 0.202570363879204
0.15707916021347 0.159509897232056 0.16194061934948 0.164821773767471 0.169054180383682 0.173286586999893 0.177518993616104 0.181751400232315 0.185983806848526 0.190216213464737 0.194448620080948 0.196603357791901 0.198065549135208 0.199527725577354 0.200989902019501 0.202452078461647 0.203914269804955 0.205376446247101 0.20616802573204 0.204947844147682 0.203727647662163 0.202507451176643 0.201287269592285 0.200067073106766 0.198846891522408 0.197626695036888 0.197358503937721 0.1974076628685 0.197456806898117 0.197505950927734 0.197555109858513 0.19760425388813 0.197653397917747 0.197870120406151 0.19858954846859 0.199308961629868 0.200028389692307 0.200747817754745 0.201467245817184 0.202186673879623 0.202906087040901 0.202872440218925 0.202587753534317 0.202303066849709
0.144274339079857 0.14600396156311 0.147733584046364 0.1502875238657 0.155314415693283 0.160341292619705 0.165368184447289 0.170395076274872 0.175421953201294 0.180448845028877 0.185475736856461 0.18867452442646 0.191263943910599 0.193853378295898 0.196442797780037 0.199032217264175 0.201621651649475 0.204211071133614 0.205857381224632 0.204674318432808 0.203491255640984 0.202308192849159 0.201125130057335 0.199942052364349 0.198758989572525 0.197575926780701 0.197138234972954 0.196949005126953 0.196759760379791 0.196570530533791 0.19638130068779 0.196192055940628 0.196002826094627 0.196085497736931 0.19698391854763 0.19788233935833 0.198780760169029 0.199679180979729 0.200577586889267 0.201476007699966 0.202374428510666 0.202445417642593 0.202240601181984 0.202035784721375
0.133124813437462 0.134350419044495 0.135576024651527 0.137840420007706 0.143221229314804 0.148602023720741 0.15398283302784 0.159363627433777 0.164744436740875 0.170125246047974 0.175506040453911 0.179208561778069 0.182351648807526 0.185494735836983 0.18863782286644 0.191780909895897 0.194923996925354 0.198067083954811 0.200156584382057 0.199085354804993 0.198014125227928 0.196942880749702 0.195871651172638 0.194800421595573 0.193729177117348 0.192657947540283 0.19241201877594 0.192441210150719 0.192470386624336 0.192499563097954 0.192528739571571 0.19255793094635 0.192587107419968 0.19294561445713 0.194292113184929 0.195638611912727 0.196985095739365 0.198331594467163 0.199678093194962 0.20102459192276 0.202371090650558 0.202610850334167 0.2024817019701 0.202352553606033
0.123630590736866 0.124549254775047 0.125467926263809 0.127480462193489 0.132774621248245 0.13806876540184 0.143362924456596 0.148657083511353 0.153951242566109 0.159245401620865 0.164539560675621 0.168205469846725 0.171328634023666 0.174451798200607 0.177574962377548 0.180698126554489 0.18382129073143 0.186944454908371 0.189065665006638 0.188180953264236 0.187296256422997 0.186411559581757 0.185526847839355 0.184642150998116 0.183757439255714 0.182872742414474 0.183179870247841 0.183884263038635 0.18458865582943 0.185293048620224 0.18599745631218 0.186701849102974 0.187406241893768 0.188450455665588 0.190514117479324 0.19257777929306 0.194641426205635 0.196705088019371 0.198768749833107 0.200832411646843 0.202896073460579 0.203368723392487 0.203311055898666 0.203253388404846
0.11413636058569 0.1147480905056 0.11535982042551 0.117120496928692 0.122328005731106 0.1275355219841 0.132743030786514 0.137950539588928 0.143158048391342 0.148365557193756 0.15357306599617 0.157202377915382 0.160305619239807 0.163408875465393 0.166512116789818 0.169615358114243 0.172718599438667 0.175821840763092 0.177974730730057 0.177276566624641 0.176578387618065 0.17588022351265 0.175182044506073 0.174483880400658 0.173785716295242 0.173087537288666 0.173947706818581 0.175327315926552 0.176706925034523 0.178086549043655 0.179466158151627 0.180845767259598 0.182225376367569 0.183955296874046 0.18673612177372 0.189516931772232 0.192297756671906 0.195078581571579 0.197859406471252 0.200640216469765 0.203421041369438 0.204126596450806 0.204140409827232 0.204154208302498
0.104642137885094 0.104946926236153 0.105251722037792 0.106760531663895 0.111881397664547 0.117002263665199 0.122123129665852 0.127243995666504 0.132364854216576 0.137485727667809 0.14260658621788 0.1461993008852 0.149282619357109 0.152365937829018 0.155449256300926 0.158532574772835 0.161615908145905 0.164699226617813 0.166883811354637 0.166372165083885 0.165860533714294 0.165348887443542 0.164837256073952 0.1643256098032 0.163813978433609 0.163302332162857 0.16471554338932 0.166770368814468 0.168825209140778 0.170880034565926 0.172934859991074 0.174989685416222 0.177044525742531 0.179460138082504 0.182958126068115 0.186456099152565 0.189954087138176 0.193452075123787 0.196950048208237 0.200448036193848 0.203946024179459 0.204884484410286 0.204969763755798 0.205055043101311
0.0951479151844978 0.0951457694172859 0.095143623650074 0.0964005663990974 0.101434789597988 0.106469005346298 0.111503228545189 0.116537444293499 0.12157166749239 0.1266058832407 0.13164010643959 0.135196208953857 0.13825960457325 0.141323000192642 0.144386410713196 0.147449806332588 0.150513201951981 0.153576612472534 0.155792877078056 0.15546777844429 0.155142664909363 0.154817551374435 0.154492452740669 0.154167339205742 0.153842240571976 0.153517127037048 0.15548337996006 0.158213436603546 0.160943478345871 0.163673520088196 0.166403561830521 0.169133618474007 0.171863660216331 0.174964979290962 0.179180130362511 0.183395266532898 0.187610417604446 0.191825568675995 0.196040704846382 0.200255855917931 0.204471006989479 0.205642357468605 0.205799117684364 0.205955877900124
0.0856536850333214 0.0853446051478386 0.0850355252623558 0.0860406085848808 0.0909881815314293 0.0959357544779778 0.100883327424526 0.105830900371075 0.110778473317623 0.115726046264172 0.12067361921072 0.124193117022514 0.127236604690552 0.130280077457428 0.133323550224304 0.136367037892342 0.139410510659218 0.142453983426094 0.144701957702637 0.144563376903534 0.144424796104431 0.14428623020649 0.144147649407387 0.144009068608284 0.143870502710342 0.14373192191124 0.146251231431961 0.149656489491463 0.153061747550964 0.156467005610466 0.159872278571129 0.16327753663063 0.166682794690132 0.17046982049942 0.175402134656906 0.180334433913231 0.185266748070717 0.190199047327042 0.195131361484528 0.200063675642014 0.204995974898338 0.206400230526924 0.20662847161293 0.206856712698936
0.0810643658041954 0.0806670859456062 0.0802698060870171 0.0811386778950691 0.0858060047030449 0.0904733315110207 0.0951406583189964 0.0998079925775528 0.104475319385529 0.109142646193504 0.113809980452061 0.117173261940479 0.120101854205132 0.123030453920364 0.125959053635597 0.12888765335083 0.131816253066063 0.134744852781296 0.13692307472229 0.136850148439407 0.136777237057686 0.136704325675964 0.136631399393082 0.13655848801136 0.136485561728477 0.136412650346756 0.13947619497776 0.143585234880447 0.147694274783134 0.151803314685822 0.155912354588509 0.160021394491196 0.164130434393883 0.168535813689232 0.173830211162567 0.179124608635902 0.184419021010399 0.189713418483734 0.195007815957069 0.200302213430405 0.20559661090374 0.207148745656013 0.207453459501266 0.207758173346519
0.0813799500465393 0.0811132043600082 0.0808464661240578 0.0816947743296623 0.0858882591128349 0.0900817513465881 0.0942752361297607 0.0984687209129333 0.102662205696106 0.106855690479279 0.111049175262451 0.11413662135601 0.116855382919312 0.119574151933193 0.122292913496494 0.125011682510376 0.127730444073677 0.130449205636978 0.132456243038177 0.132328107953072 0.132199972867966 0.13207183778286 0.131943702697754 0.131815567612648 0.131687432527542 0.131559297442436 0.13515830039978 0.139999687671661 0.144841060042381 0.149682447314262 0.154523819684982 0.159365206956863 0.164206579327583 0.169162973761559 0.174464389681816 0.179765805602074 0.185067221522331 0.190368637442589 0.195670068264008 0.200971484184265 0.206272900104523 0.207887902855873 0.208274096250534 0.208660304546356
