data/working_set_collections/6091692-Cassins_Sparrow-M2/2005/prmc_avg.asc
NCOLS 265 
NROWS 230 
XLLCORNER -115.5625 
YLLCORNER 24.8333333333333 
CELLSIZE 0.0833333333333333 
NODATA_value -9999 
[rows 100 to 119 of 230, columns 220 to 263 of 265]
0.227713957428932 0.231761887669563 0.235809817910194 0.239857748150826 0.243871301412582 0.247781738638878 0.251692175865173 0.255602598190308 0.259513050317764 0.263423472642899 0.267333924770355 0.27124434709549 0.273152410984039 0.274393051862717 0.275633662939072 0.276874274015427 0.278114885091782 0.279355525970459 0.280596137046814 0.281866818666458 0.283227771520615 0.284588724374771 0.285949677228928 0.287310630083084 0.288671582937241 0.290032535791397 0.291393488645554 0.292841911315918 0.2943195104599 0.295797139406204 0.297274738550186 0.298752337694168 0.30022993683815 0.301707535982132 0.302729666233063 0.302385360002518 0.302041083574295 0.30169677734375 0.301352471113205 0.30100816488266 0.300663888454437 0.300319582223892 0.301110625267029 0.302280128002167
0.23027391731739 0.235088229179382 0.239902541041374 0.244716852903366 0.249126583337784 0.25232258439064 0.255518585443497 0.258714556694031 0.261910557746887 0.265106558799744 0.268302530050278 0.271498531103134 0.273186653852463 0.274372160434723 0.275557637214661 0.276743143796921 0.277928650379181 0.279114127159119 0.280299633741379 0.281381100416183 0.282150477170944 0.282919853925705 0.283689260482788 0.284458637237549 0.28522801399231 0.28599739074707 0.286766767501831 0.287891000509262 0.289133489131927 0.290375977754593 0.291618466377258 0.292860954999924 0.294103443622589 0.295345932245255 0.296357810497284 0.296677976846695 0.296998143196106 0.297318309545517 0.297638475894928 0.297958612442017 0.298278778791428 0.298598945140839 0.299726754426956 0.301123768091202
0.231367185711861 0.236623749136925 0.241880312561989 0.247136875987053 0.251788020133972 0.254622846841812 0.257457673549652 0.260292500257492 0.263127326965332 0.265962153673172 0.268797010183334 0.271631836891174 0.273237317800522 0.274433046579361 0.2756287753582 0.276824504137039 0.278020203113556 0.279215931892395 0.280411660671234 0.281506985425949 0.282301157712936 0.283095300197601 0.283889442682266 0.284683614969254 0.285477757453918 0.286271899938583 0.287066072225571 0.288079768419266 0.289166688919067 0.290253579616547 0.291340470314026 0.292427390813828 0.293514281511307 0.294601172208786 0.29553210735321 0.295995086431503 0.296458065509796 0.296921044588089 0.297384023666382 0.297847002744675 0.298309981822968 0.29877296090126 0.299933969974518 0.301327615976334
0.230993762612343 0.236368447542191 0.241743132472038 0.247117802500725 0.251855552196503 0.254682511091232 0.257509469985962 0.260336428880692 0.263163387775421 0.265990316867828 0.268817275762558 0.271644234657288 0.273304432630539 0.274575740098953 0.275847047567368 0.277118325233459 0.278389632701874 0.279660910367966 0.28093221783638 0.282244503498077 0.283679753541946 0.285115033388138 0.286550283432007 0.287985563278198 0.289420813322067 0.290856093168259 0.292291343212128 0.293408304452896 0.294419139623642 0.295429974794388 0.296440809965134 0.29745164513588 0.298462480306625 0.299473315477371 0.300252497196198 0.30033665895462 0.300420850515366 0.300505012273788 0.300589174032211 0.300673335790634 0.300757497549057 0.300841689109802 0.301732271909714 0.30289164185524
0.230620354413986 0.236113145947456 0.241605937480927 0.247098743915558 0.251923114061356 0.254742175340652 0.257561266422272 0.260380327701569 0.263199418783188 0.266018480062485 0.268837571144104 0.271656632423401 0.273371547460556 0.274718433618546 0.276065289974213 0.277412176132202 0.278759032487869 0.280105888843536 0.281452775001526 0.282982021570206 0.285058379173279 0.287134766578674 0.289211124181747 0.291287511587143 0.293363869190216 0.295440256595612 0.297516614198685 0.298736810684204 0.299671590328217 0.300606369972229 0.301541149616241 0.302475929260254 0.303410708904266 0.304345488548279 0.304972887039185 0.30467826128006 0.304383605718613 0.304088950157166 0.303794324398041 0.303499668836594 0.303205043077469 0.302910387516022 0.30353057384491 0.304455667734146
0.230246931314468 0.235857844352722 0.241468757390976 0.24707967042923 0.251990646123886 0.254801869392395 0.257613062858582 0.260424256324768 0.263235449790955 0.266046643257141 0.268857836723328 0.271669059991837 0.273438662290573 0.274861127138138 0.27628356218338 0.277705997228622 0.279128432273865 0.280550867319107 0.281973302364349 0.283719509840012 0.286437004804611 0.289154499769211 0.291871964931488 0.294589459896088 0.297306925058365 0.300024420022964 0.302741914987564 0.304065316915512 0.304924041032791 0.30578276515007 0.306641459465027 0.307500183582306 0.308358907699585 0.309217631816864 0.309693306684494 0.309019833803177 0.308346390724182 0.307672917842865 0.30699947476387 0.306326001882553 0.305652558803558 0.304979085922241 0.305328845977783 0.306019693613052
0.229873508214951 0.235602542757988 0.241331577301025 0.247060596942902 0.252058207988739 0.254861533641815 0.257664859294891 0.260468155145645 0.263271480798721 0.266074806451797 0.268878132104874 0.27168145775795 0.27350577712059 0.275003790855408 0.276501804590225 0.277999818325043 0.27949783205986 0.280995845794678 0.282493859529495 0.28445702791214 0.287815630435944 0.291174203157425 0.294532805681229 0.297891408205032 0.301250010728836 0.304608583450317 0.307967185974121 0.30939382314682 0.310176491737366 0.310959130525589 0.311741799116135 0.31252446770668 0.313307106494904 0.314089775085449 0.314413696527481 0.313361436128616 0.312309145927429 0.311256885528564 0.310204595327377 0.309152334928513 0.308100074529648 0.307047784328461 0.307127147912979 0.307583719491959
0.229500085115433 0.235347241163254 0.241194382309914 0.247041538357735 0.252125769853592 0.254921197891235 0.257716655731201 0.260512083768845 0.26330754160881 0.266102969646454 0.26889842748642 0.271693855524063 0.273572891950607 0.275146484375 0.276720076799393 0.278293669223785 0.279867261648178 0.281440824270248 0.283014416694641 0.285194545984268 0.289194226264954 0.293193936347961 0.297193646430969 0.301193356513977 0.305193066596985 0.309192776679993 0.313192456960678 0.314722329378128 0.31542894244194 0.31613552570343 0.316842138767242 0.317548722028732 0.318255335092545 0.318961918354034 0.319134086370468 0.317703008651733 0.316271930932999 0.314840823411942 0.313409745693207 0.311978667974472 0.310547590255737 0.309116512537003 0.308925449848175 0.309147775173187
0.228185638785362 0.233895748853683 0.239605858922005 0.245315968990326 0.250342965126038 0.253320574760437 0.256298214197159 0.259275823831558 0.262253433465958 0.265231043100357 0.268208682537079 0.271186292171478 0.273187607526779 0.274863511323929 0.276539415121078 0.278215318918228 0.279891222715378 0.281567126512527 0.283243030309677 0.285527944564819 0.289639890193939 0.293751835823059 0.297863811254501 0.301975756883621 0.306087732315063 0.310199677944183 0.314311653375626 0.315920621156693 0.316695302724838 0.317469954490662 0.318244606256485 0.319019287824631 0.319793939590454 0.3205686211586 0.320787936449051 0.319341242313385 0.317894548177719 0.316447854042053 0.315001159906387 0.313554435968399 0.312107741832733 0.310661047697067 0.310372650623322 0.310470342636108
0.225930154323578 0.231248080730438 0.236566007137299 0.241883933544159 0.24670983850956 0.25005966424942 0.253409534692764 0.256759375333786 0.260109215974808 0.263459056615829 0.266808897256851 0.270158737897873 0.272349923849106 0.274154871702194 0.275959849357605 0.277764797210693 0.279569745063782 0.28137469291687 0.283179670572281 0.285457223653793 0.289152562618256 0.29284793138504 0.296543270349503 0.300238639116287 0.303934007883072 0.307629346847534 0.311324715614319 0.312988698482513 0.313975542783737 0.314962416887283 0.315949261188507 0.316936135292053 0.317922979593277 0.318909853696823 0.319375216960907 0.318276107311249 0.317176997661591 0.316077888011932 0.314978778362274 0.313879668712616 0.31278058886528 0.311681479215622 0.311468720436096 0.311551451683044
0.223674669861794 0.228600412607193 0.233526140451431 0.238451883196831 0.24307669699192 0.246798768639565 0.25052085518837 0.254242926836014 0.257964998483658 0.261687070131302 0.265409141778946 0.26913121342659 0.271512240171432 0.273446261882782 0.275380253791809 0.277314275503159 0.279248267412186 0.281182289123535 0.283116310834885 0.285386502742767 0.288665264844894 0.291943997144699 0.295222759246826 0.298501521348953 0.30178028345108 0.305059015750885 0.308337777853012 0.310056746006012 0.311255812644958 0.312454879283905 0.313653916120529 0.314852982759476 0.3160520195961 0.317251086235046 0.317962497472763 0.317210972309113 0.316459447145462 0.315707951784134 0.314956426620483 0.314204901456833 0.313453406095505 0.312701880931854 0.312564820051193 0.31263256072998
0.221419185400009 0.225952744483948 0.230486288666725 0.235019832849503 0.239443570375443 0.243537873029709 0.247632175683975 0.251726478338242 0.255820780992508 0.259915083646774 0.264009386301041 0.268103688955307 0.270674556493759 0.272737622261047 0.274800688028336 0.276863753795624 0.278926819562912 0.2809898853302 0.283052951097488 0.285315781831741 0.288177937269211 0.29104009270668 0.29390224814415 0.296764403581619 0.299626529216766 0.302488684654236 0.305350840091705 0.307124823331833 0.30853608250618 0.309947311878204 0.311358571052551 0.312769830226898 0.314181059598923 0.31559231877327 0.316549777984619 0.316145837306976 0.315741926431656 0.315337985754013 0.314934074878693 0.31453013420105 0.314126223325729 0.313722282648087 0.313660889863968 0.313713669776917
0.219163700938225 0.223305061459541 0.227446421980858 0.231587782502174 0.235810428857803 0.240276962518692 0.244743496179581 0.249210014939308 0.253676563501358 0.258143067359924 0.262609601020813 0.267076134681702 0.269836872816086 0.272028982639313 0.27422109246254 0.276413232088089 0.278605341911316 0.280797451734543 0.282989591360092 0.285245060920715 0.287690609693527 0.290136158466339 0.292581707239151 0.295027256011963 0.297472804784775 0.299918353557587 0.302363902330399 0.304192900657654 0.305816322565079 0.307439774274826 0.309063225984573 0.310686647891998 0.312310099601746 0.313933551311493 0.315137058496475 0.31508070230484 0.315024375915527 0.314968049526215 0.314911723136902 0.314855366945267 0.314799040555954 0.314742714166641 0.314756959676743 0.314794778823853
0.21690821647644 0.220657393336296 0.224406570196152 0.228155732154846 0.232177302241325 0.237016052007675 0.241854816675186 0.246693566441536 0.251532316207886 0.256371080875397 0.261209845542908 0.266048610210419 0.26899915933609 0.271320343017578 0.273641526699066 0.275962710380554 0.27828386425972 0.280605047941208 0.282926231622696 0.285174340009689 0.287203282117844 0.28923225402832 0.291261196136475 0.293290138244629 0.295319080352783 0.297348022460938 0.299376994371414 0.301260948181152 0.3030965924263 0.304932236671448 0.306767880916595 0.308603495359421 0.310439139604568 0.312274783849716 0.313724339008331 0.314015597105026 0.314306855201721 0.314598083496094 0.314889341592789 0.315180599689484 0.315471857786179 0.315763115882874 0.31585305929184 0.315875887870789
0.216904237866402 0.220295757055283 0.223687291145325 0.227078810334206 0.230822667479515 0.235623493790627 0.240424320101738 0.245225146412849 0.250025987625122 0.254826813936234 0.259627640247345 0.264428466558456 0.267510265111923 0.270019054412842 0.27252784371376 0.275036633014679 0.277545422315598 0.280054211616516 0.282562971115112 0.284872889518738 0.286586135625839 0.288299351930618 0.29001259803772 0.291725844144821 0.2934390604496 0.295152306556702 0.296865552663803 0.298709511756897 0.300597071647644 0.302484631538391 0.304372191429138 0.306259751319885 0.30814728140831 0.310034841299057 0.311600625514984 0.312201112508774 0.312801599502563 0.313402086496353 0.314002573490143 0.314603060483932 0.315203547477722 0.315804034471512 0.316162884235382 0.316441178321838
0.219151735305786 0.222220167517662 0.225288599729538 0.228357031941414 0.231746539473534 0.236099272966385 0.240452021360397 0.244804754853249 0.249157503247261 0.253510236740112 0.257862985134125 0.262215733528137 0.26537013053894 0.268125087022781 0.270880043506622 0.273634999990463 0.276389956474304 0.279144912958145 0.281899869441986 0.284340679645538 0.285839110612869 0.287337511777878 0.288835942745209 0.290334343910217 0.291832745075226 0.293331176042557 0.294829577207565 0.296538591384888 0.298317790031433 0.300096958875656 0.301876157522202 0.303655356168747 0.305434554815292 0.307213723659515 0.308765977621078 0.309637308120728 0.310508668422699 0.31138002872467 0.312251359224319 0.313122719526291 0.31399405002594 0.314865410327911 0.31568643450737 0.316490709781647
0.221399232745171 0.22414456307888 0.226889908313751 0.229635238647461 0.232670396566391 0.236575052142143 0.240479707717896 0.244384363293648 0.2482890188694 0.252193689346313 0.256098330020905 0.260003000497818 0.263229995965958 0.266231119632721 0.269232243299484 0.272233366966248 0.275234490633011 0.278235614299774 0.281236737966537 0.283808469772339 0.285092085599899 0.286375671625137 0.287659257650375 0.288942843675613 0.290226459503174 0.291510045528412 0.29279363155365 0.294367641210556 0.2960384786129 0.297709316015244 0.299380153417587 0.301050961017609 0.302721798419952 0.304392635822296 0.30593129992485 0.307073503732681 0.308215737342834 0.309357941150665 0.310500144958496 0.311642378568649 0.31278458237648 0.313926815986633 0.31521001458168 0.316540211439133
0.223646745085716 0.22606897354126 0.228491216897964 0.230913445353508 0.23359426856041 0.237050831317902 0.240507408976555 0.243963971734047 0.2474205493927 0.250877112150192 0.254333674907684 0.257790267467499 0.261089861392975 0.264337152242661 0.267584443092346 0.270831733942032 0.274079024791718 0.277326315641403 0.280573606491089 0.283276289701462 0.284345060586929 0.285413831472397 0.286482602357864 0.287551373243332 0.288620144128799 0.289688915014267 0.290757685899734 0.292196720838547 0.293759196996689 0.295321643352509 0.296884119510651 0.298446595668793 0.300009042024612 0.301571518182755 0.303096622228622 0.304509699344635 0.30592280626297 0.307335883378983 0.308748960494995 0.310162037611008 0.31157511472702 0.312988191843033 0.314733564853668 0.316589713096619
0.225894242525101 0.227993384003639 0.230092510581017 0.232191652059555 0.234518125653267 0.23752661049366 0.240535095334053 0.243543580174446 0.246552065014839 0.249560549855232 0.252569049596786 0.25557753443718 0.258949756622314 0.262443214654922 0.265936672687531 0.269430130720139 0.272923588752747 0.276417046785355 0.279910504817963 0.282744079828262 0.283598035573959 0.284451991319656 0.285305917263031 0.286159873008728 0.287013828754425 0.287867784500122 0.288721740245819 0.290025800466537 0.291479885578156 0.292934000492096 0.294388085603714 0.295842200517654 0.297296315431595 0.298750400543213 0.300261974334717 0.301945924758911 0.303629845380783 0.305313795804977 0.306997746229172 0.308681696653366 0.31036564707756 0.312049597501755 0.314257144927979 0.316639244556427
0.228141739964485 0.229917779564857 0.23169381916523 0.233469858765602 0.235441997647285 0.238002389669418 0.240562796592712 0.243123188614845 0.245683595538139 0.248243987560272 0.250804394483566 0.25336480140686 0.256809622049332 0.260549247264862 0.264288872480392 0.268028497695923 0.271768122911453 0.275507748126984 0.279247373342514 0.282211869955063 0.282851010560989 0.283490121364594 0.28412926197052 0.284768402576447 0.285407513380051 0.286046653985977 0.286685764789581 0.287854850292206 0.289200603961945 0.290546327829361 0.2918920814991 0.293237805366516 0.294583559036255 0.295929282903671 0.297427296638489 0.299382120370865 0.301336914300919 0.303291738033295 0.305246531963348 0.307201355695724 0.309156149625778 0.311110973358154 0.313780695199966 0.316688746213913
