data/working_set_collections/6091692-Cassins_Sparrow-M2/2005/qinfil_avg.asc
NCOLS 265 
NROWS 230 
XLLCORNER -115.5625 
YLLCORNER 24.8333333333333 
CELLSIZE 0.0833333333333333 
NODATA_value -9999 
[rows 0 to 17 of 230, columns 164 to 204 of 265]
1.19914311653702e-05 1.20164650070365e-05 1.20414997581975e-05 1.20665345093585e-05 1.20915692605195e-05 1.21166031021858e-05 1.21416378533468e-05 1.21666726045078e-05 1.2294175576244e-05 1.24558346215053e-05 1.26174936667667e-05 1.2779152712028e-05 1.29408117572893e-05 1.31024708025507e-05 1.3264129847812e-05 1.34330384753412e-05 1.36236949401791e-05 1.38143523145118e-05 1.40050096888444e-05 1.41956670631771e-05 1.43863244375098e-05 1.45769818118424e-05 1.47676391861751e-05 1.49548295667046e-05 1.51408648889628e-05 1.53268993017264e-05 1.55129346239846e-05 1.56989699462429e-05 1.58850052685011e-05 1.60710405907594e-05 1.6277492250083e-05 1.65451929206029e-05 1.68128954101121e-05 1.7080596080632e-05 1.73482985701412e-05 1.7615999240661e-05 1.78837017301703e-05 1.81514024006901e-05 1.82088206202025e-05 1.81961459020386e-05 1.81834693648852e-05
1.2051497833454e-05 1.20801551020122e-05 1.21088123705704e-05 1.21374696391285e-05 1.21661269076867e-05 1.21947832667502e-05 1.22234405353083e-05 1.22520978038665e-05 1.23866229841951e-05 1.25564365589526e-05 1.272625013371e-05 1.28960637084674e-05 1.30658772832248e-05 1.32356908579823e-05 1.34055044327397e-05 1.35752225105534e-05 1.37446522785467e-05 1.391408204654e-05 1.4083512724028e-05 1.42529424920212e-05 1.44223722600145e-05 1.45918020280078e-05 1.47612327054958e-05 1.49266843436635e-05 1.50908108480508e-05 1.5254937352438e-05 1.54190638568252e-05 1.55831912707072e-05 1.57473168655997e-05 1.59114442794817e-05 1.61006355483551e-05 1.63650220201816e-05 1.66294103109976e-05 1.68937986018136e-05 1.71581850736402e-05 1.74225733644562e-05 1.76869598362828e-05 1.79513481270988e-05 1.80445113073802e-05 1.80805982381571e-05 1.81166851689341e-05
1.21115645015379e-05 1.21438442874933e-05 1.21761240734486e-05 1.22084047688986e-05 1.22406845548539e-05 1.22729643408093e-05 1.23052441267646e-05 1.23375239127199e-05 1.24790694826515e-05 1.26570384963998e-05 1.28350066006533e-05 1.30129747049068e-05 1.31909428091603e-05 1.33689118229086e-05 1.35468799271621e-05 1.37174065457657e-05 1.38656096169143e-05 1.40138117785682e-05 1.41620148497168e-05 1.43102179208654e-05 1.44584200825193e-05 1.46066231536679e-05 1.47548253153218e-05 1.48985400301171e-05 1.50407577166334e-05 1.51829754031496e-05 1.53251930896658e-05 1.54674107761821e-05 1.56096302816877e-05 1.57518479682039e-05 1.59237788466271e-05 1.61848529387498e-05 1.64459270308726e-05 1.67069993040059e-05 1.69680733961286e-05 1.72291456692619e-05 1.74902197613847e-05 1.77512938535074e-05 1.78802001755685e-05 1.79650505742757e-05 1.80499027919723e-05
1.21716320791165e-05 1.2207534382469e-05 1.22434366858215e-05 1.2279338989174e-05 1.23152422020212e-05 1.23511445053737e-05 1.23870468087262e-05 1.24229491120786e-05 1.25715168906027e-05 1.2757640433847e-05 1.29437630675966e-05 1.31298857013462e-05 1.33160092445905e-05 1.35021318783402e-05 1.36882545120898e-05 1.3859590580978e-05 1.39865660457872e-05 1.41135415105964e-05 1.42405169754056e-05 1.43674924402148e-05 1.44944679050241e-05 1.46214433698333e-05 1.47484188346425e-05 1.48703948070761e-05 1.4990704585216e-05 1.51110134538612e-05 1.52313232320012e-05 1.53516321006464e-05 1.54719418787863e-05 1.55922516569262e-05 1.57469239638885e-05 1.60046820383286e-05 1.62624419317581e-05 1.65202018251875e-05 1.67779598996276e-05 1.70357197930571e-05 1.72934796864865e-05 1.75512377609266e-05 1.77158890437568e-05 1.78495047293836e-05 1.79831185960211e-05
1.22316987472004e-05 1.22712235679501e-05 1.23107492981944e-05 1.23502741189441e-05 1.23897998491884e-05 1.24293246699381e-05 1.24688494906877e-05 1.25083752209321e-05 1.26639642985538e-05 1.28582423712942e-05 1.30525195345399e-05 1.32467976072803e-05 1.3441074770526e-05 1.36353519337717e-05 1.38296300065122e-05 1.40017755256849e-05 1.41075233841548e-05 1.42132712426246e-05 1.43190200105892e-05 1.4424767869059e-05 1.45305157275288e-05 1.46362644954934e-05 1.47420123539632e-05 1.4842249584035e-05 1.49406505443039e-05 1.50390515045729e-05 1.51374524648418e-05 1.52358534251107e-05 1.53342534758849e-05 1.54326553456485e-05 1.55700672621606e-05 1.58245129568968e-05 1.60789568326436e-05 1.63334025273798e-05 1.6587848222116e-05 1.68422939168522e-05 1.70967396115884e-05 1.73511834873352e-05 1.75515797309345e-05 1.77339570655022e-05 1.79163362190593e-05
1.22917654152843e-05 1.23349136629258e-05 1.23780610010726e-05 1.24212092487141e-05 1.24643574963557e-05 1.25075048345025e-05 1.2550653082144e-05 1.25938004202908e-05 1.27564117065049e-05 1.29588443087414e-05 1.31612760014832e-05 1.33637086037197e-05 1.35661402964615e-05 1.3768572898698e-05 1.39710055009346e-05 1.41439595608972e-05 1.42284807225224e-05 1.43130009746528e-05 1.4397522136278e-05 1.44820432979031e-05 1.45665635500336e-05 1.46510847116588e-05 1.47356058732839e-05 1.48141052704887e-05 1.48905974128866e-05 1.49670895552845e-05 1.50435816976824e-05 1.5120074749575e-05 1.51965668919729e-05 1.52730590343708e-05 1.53932105604326e-05 1.56443420564756e-05 1.58954735525185e-05 1.61466050485615e-05 1.63977365446044e-05 1.6648866221658e-05 1.68999977177009e-05 1.71511292137438e-05 1.73872685991228e-05 1.76184112206101e-05 1.78495538420975e-05
1.23485087897279e-05 1.23940062621841e-05 1.2439504644135e-05 1.24850021165912e-05 1.25305004985421e-05 1.25759979709983e-05 1.26214963529492e-05 1.26669938254054e-05 1.28251213027397e-05 1.30207918118685e-05 1.32164632304921e-05 1.34121337396209e-05 1.36078042487497e-05 1.38034747578786e-05 1.39991452670074e-05 1.41644286486553e-05 1.42385506478604e-05 1.43126717375708e-05 1.43867937367759e-05 1.44609148264863e-05 1.45350368256913e-05 1.46091579154017e-05 1.46832799146068e-05 1.47594837471843e-05 1.48363824337139e-05 1.49132802107488e-05 1.49901788972784e-05 1.5067077583808e-05 1.51439753608429e-05 1.52208740473725e-05 1.53417931869626e-05 1.5594774595229e-05 1.58477541845059e-05 1.61007355927723e-05 1.63537170010386e-05 1.6606698409305e-05 1.68596779985819e-05 1.71126594068483e-05 1.73591706698062e-05 1.76035246113315e-05 1.78478803718463e-05
1.24019270515419e-05 1.24485022752197e-05 1.24950774988974e-05 1.25416536320699e-05 1.25882288557477e-05 1.26348040794255e-05 1.26813793031033e-05 1.27279545267811e-05 1.28700930872583e-05 1.30440857901704e-05 1.32180794025771e-05 1.33920721054892e-05 1.3566065717896e-05 1.37400584208081e-05 1.39140511237201e-05 1.40631836984539e-05 1.41377340696636e-05 1.42122835313785e-05 1.42868339025881e-05 1.43613842737977e-05 1.44359337355127e-05 1.45104841067223e-05 1.45850344779319e-05 1.46783859236166e-05 1.47780046972912e-05 1.48776243804605e-05 1.49772431541351e-05 1.50768619278097e-05 1.51764807014843e-05 1.52761003846535e-05 1.54158133227611e-05 1.56758069351781e-05 1.59358023665845e-05 1.61957959790016e-05 1.6455791410408e-05 1.6715785022825e-05 1.6975778635242e-05 1.72357740666484e-05 1.74672841239953e-05 1.76893008756451e-05 1.79113176272949e-05
1.24553462228505e-05 1.25029991977499e-05 1.25506512631546e-05 1.2598304238054e-05 1.26459572129534e-05 1.26936092783581e-05 1.27412622532574e-05 1.27889152281568e-05 1.29150648717768e-05 1.30673806779669e-05 1.32196955746622e-05 1.33720113808522e-05 1.35243262775475e-05 1.36766420837375e-05 1.38289578899276e-05 1.39619387482526e-05 1.40369174914667e-05 1.41118962346809e-05 1.41868740684004e-05 1.42618528116145e-05 1.43368315548287e-05 1.44118102980428e-05 1.4486789041257e-05 1.45972881000489e-05 1.47196278703632e-05 1.48419676406775e-05 1.49643074109918e-05 1.5086647181306e-05 1.52089869516203e-05 1.53313267219346e-05 1.54898334585596e-05 1.57568410941167e-05 1.60238487296738e-05 1.62908563652309e-05 1.6557864000788e-05 1.68248734553345e-05 1.70918810908915e-05 1.73588887264486e-05 1.75753993971739e-05 1.77750771399587e-05 1.7974756701733e-05
1.25087653941591e-05 1.25574952107854e-05 1.26062250274117e-05 1.2654954844038e-05 1.2703685570159e-05 1.27524153867853e-05 1.28011452034116e-05 1.28498759295326e-05 1.29600366562954e-05 1.30906746562687e-05 1.32213117467472e-05 1.33519497467205e-05 1.34825877466938e-05 1.3613225746667e-05 1.37438637466403e-05 1.38606937980512e-05 1.39361009132699e-05 1.40115080284886e-05 1.40869151437073e-05 1.4162322258926e-05 1.42377293741447e-05 1.43131364893634e-05 1.43885436045821e-05 1.45161902764812e-05 1.46612510434352e-05 1.48063109008945e-05 1.49513716678484e-05 1.50964315253077e-05 1.52414922922617e-05 1.53865530592157e-05 1.55638535943581e-05 1.58378752530552e-05 1.6111895092763e-05 1.63859167514602e-05 1.66599384101573e-05 1.69339600688545e-05 1.72079817275517e-05 1.74820033862488e-05 1.7683512851363e-05 1.78608534042723e-05 1.80381939571816e-05
1.25621836559731e-05 1.2611991223821e-05 1.26617987916688e-05 1.27116063595167e-05 1.27614139273646e-05 1.28112214952125e-05 1.28610290630604e-05 1.29108366309083e-05 1.3005008440814e-05 1.31139686345705e-05 1.3222928828327e-05 1.33318890220835e-05 1.344084921584e-05 1.35498094095965e-05 1.3658769603353e-05 1.37594488478499e-05 1.38352843350731e-05 1.39111198222963e-05 1.39869553095195e-05 1.40627907967428e-05 1.4138626283966e-05 1.42144626806839e-05 1.42902981679072e-05 1.44350924529135e-05 1.46028733070125e-05 1.47706541611115e-05 1.49384359247051e-05 1.51062167788041e-05 1.5273997632903e-05 1.54417793964967e-05 1.56378737301566e-05 1.59189075930044e-05 1.61999432748416e-05 1.64809771376895e-05 1.67620128195267e-05 1.70430466823746e-05 1.73240823642118e-05 1.7605118046049e-05 1.77916281245416e-05 1.7946629668586e-05 1.81016312126303e-05
1.26156028272817e-05 1.26664872368565e-05 1.2717372555926e-05 1.27682569655008e-05 1.28191422845703e-05 1.28700266941451e-05 1.29209120132145e-05 1.29717964227893e-05 1.30499802253325e-05 1.31372626128723e-05 1.3224545000412e-05 1.33118273879518e-05 1.33991097754915e-05 1.3486393072526e-05 1.35736754600657e-05 1.36582029881538e-05 1.37344677568763e-05 1.3810731616104e-05 1.38869954753318e-05 1.39632602440543e-05 1.4039524103282e-05 1.41157879625098e-05 1.41920527312323e-05 1.43539946293458e-05 1.45444964800845e-05 1.47349983308231e-05 1.49255001815618e-05 1.51160011228058e-05 1.53065029735444e-05 1.54970039147884e-05 1.57118938659551e-05 1.5999941751943e-05 1.62879896379309e-05 1.65760375239188e-05 1.68640872288961e-05 1.7152135114884e-05 1.74401830008719e-05 1.77282327058492e-05 1.78997415787308e-05 1.80324059328996e-05 1.81650702870684e-05
1.26924342112034e-05 1.27379644254688e-05 1.27834946397343e-05 1.28290248539997e-05 1.28745550682652e-05 1.29200852825306e-05 1.29656154967961e-05 1.30111457110615e-05 1.30739226733567e-05 1.31424494611565e-05 1.32109753394616e-05 1.32795021272614e-05 1.33480280055664e-05 1.34165547933662e-05 1.34850806716713e-05 1.35580257847323e-05 1.36442231450928e-05 1.37304205054534e-05 1.38166187753086e-05 1.39028161356691e-05 1.39890144055244e-05 1.40752117658849e-05 1.41614100357401e-05 1.43410015880363e-05 1.45517242344795e-05 1.47624468809227e-05 1.49731704368605e-05 1.51838930833037e-05 1.53946166392416e-05 1.56053392856847e-05 1.58350994752254e-05 1.61219759320375e-05 1.64088523888495e-05 1.66957288456615e-05 1.69826053024735e-05 1.72694817592856e-05 1.75563563971082e-05 1.78432328539202e-05 1.80048555193935e-05 1.81247269210871e-05 1.82445965037914e-05
1.27926778077381e-05 1.28264209706686e-05 1.28601650430937e-05 1.28939082060242e-05 1.29276513689547e-05 1.29613945318852e-05 1.29951386043103e-05 1.30288817672408e-05 1.30768366943812e-05 1.31295282699284e-05 1.31822198454756e-05 1.32349114210228e-05 1.32876029965701e-05 1.33402945721173e-05 1.33929870571592e-05 1.34589145091013e-05 1.35645514092175e-05 1.36701873998391e-05 1.37758242999553e-05 1.38814602905768e-05 1.3987097190693e-05 1.40927331813145e-05 1.41983700814308e-05 1.43961124194902e-05 1.46245574796922e-05 1.48530025398941e-05 1.50814466906013e-05 1.53098917508032e-05 1.55383368110051e-05 1.57667818712071e-05 1.60074941959465e-05 1.62850119522773e-05 1.65625315275975e-05 1.68400492839282e-05 1.7117567040259e-05 1.73950847965898e-05 1.76726025529206e-05 1.79501221282408e-05 1.81069681275403e-05 1.82235908141593e-05 1.83402135007782e-05
1.28929214042728e-05 1.2914878425363e-05 1.29368345369585e-05 1.29587915580487e-05 1.29807485791389e-05 1.30027046907344e-05 1.30246617118246e-05 1.30466178234201e-05 1.3079749805911e-05 1.31166070787003e-05 1.31534643514897e-05 1.3190321624279e-05 1.32271779875737e-05 1.3264035260363e-05 1.33008925331524e-05 1.3359804142965e-05 1.34848787638475e-05 1.36099542942247e-05 1.3735029824602e-05 1.38601044454845e-05 1.39851799758617e-05 1.41102545967442e-05 1.42353301271214e-05 1.44512241604389e-05 1.46973907249048e-05 1.49435572893708e-05 1.51897238538368e-05 1.5435889508808e-05 1.56820569827687e-05 1.592822263774e-05 1.61798889166676e-05 1.64480479725171e-05 1.6716208847356e-05 1.6984369722195e-05 1.72525287780445e-05 1.75206896528834e-05 1.77888505277224e-05 1.80570095835719e-05 1.82090807356872e-05 1.83224547072314e-05 1.84358286787756e-05
1.29931659103022e-05 1.30033349705627e-05 1.30135049403179e-05 1.30236749100732e-05 1.30338448798284e-05 1.30440148495836e-05 1.30541848193388e-05 1.30643547890941e-05 1.30826638269355e-05 1.31036858874722e-05 1.31247088575037e-05 1.31457309180405e-05 1.31667529785773e-05 1.31877759486088e-05 1.32087980091455e-05 1.3260692867334e-05 1.34052070279722e-05 1.35497211886104e-05 1.36942344397539e-05 1.38387486003921e-05 1.39832627610303e-05 1.41277760121739e-05 1.42722901728121e-05 1.45063349918928e-05 1.47702230606228e-05 1.50341120388475e-05 1.52980010170722e-05 1.55618890858022e-05 1.58257771545323e-05 1.60896652232623e-05 1.63522818183992e-05 1.66110839927569e-05 1.68698861671146e-05 1.71286901604617e-05 1.73874923348194e-05 1.76462945091771e-05 1.79050966835348e-05 1.81638988578925e-05 1.8311193343834e-05 1.84213186003035e-05 1.85314456757624e-05
1.30934095068369e-05 1.30917924252572e-05 1.30901753436774e-05 1.30885582620976e-05 1.30869420900126e-05 1.30853250084328e-05 1.30837079268531e-05 1.30820908452733e-05 1.30855778479599e-05 1.30907656057389e-05 1.30959524540231e-05 1.3101140211802e-05 1.31063279695809e-05 1.31115157273598e-05 1.31167034851387e-05 1.31615825011977e-05 1.33255352920969e-05 1.34894871735014e-05 1.36534399644006e-05 1.38173927552998e-05 1.3981345546199e-05 1.41452974276035e-05 1.43092502185027e-05 1.45614458233467e-05 1.48430563058355e-05 1.51246667883242e-05 1.54062763613183e-05 1.56878868438071e-05 1.59694973262958e-05 1.62511078087846e-05 1.65246765391203e-05 1.67741218319861e-05 1.70235653058626e-05 1.7273008779739e-05 1.75224540726049e-05 1.77718975464813e-05 1.80213428393472e-05 1.82707863132237e-05 1.84133059519809e-05 1.8520184312365e-05 1.86270626727492e-05
1.31936531033716e-05 1.31802498799516e-05 1.31668457470369e-05 1.31534425236168e-05 1.31400383907021e-05 1.31266351672821e-05 1.31132310343673e-05 1.30998278109473e-05 1.30884909594897e-05 1.30778444145108e-05 1.30671969600371e-05 1.30565504150582e-05 1.30459029605845e-05 1.30352564156055e-05 1.30246089611319e-05 1.30624721350614e-05 1.32458626467269e-05 1.34292540678871e-05 1.36126454890473e-05 1.37960369102075e-05 1.39794283313677e-05 1.41628188430332e-05 1.43462102641934e-05 1.46165575642954e-05 1.49158895510482e-05 1.5215221537801e-05 1.55145535245538e-05 1.58138864208013e-05 1.61132174980594e-05 1.64125503943069e-05 1.66970712598413e-05 1.69371578522259e-05 1.71772426256211e-05 1.74173292180058e-05 1.76574158103904e-05 1.7897502402775e-05 1.81375889951596e-05 1.83776755875442e-05 1.85154185601277e-05 1.86190482054371e-05 1.87226778507465e-05
