data/working_set_collections/6091692-Cassins_Sparrow-M2/2005/qinfil_avg.asc
NCOLS 265 
NROWS 230 
XLLCORNER -115.5625 
YLLCORNER 24.8333333333333 
CELLSIZE 0.0833333333333333 
NODATA_value -9999 
[rows 90 to 107 of 230, columns 82 to 122 of 265]
7.18064120519557e-06 7.23625316823018e-06 7.29186467651743e-06 7.34747618480469e-06 7.4030881478393e-06 7.45869965612656e-06 7.51431161916116e-06 7.59141767048277e-06 7.73300689616008e-06 7.87459521234268e-06 8.01618443801999e-06 8.1577736636973e-06 8.29936288937461e-06 8.44095211505191e-06 8.58254134072922e-06 8.69471296027768e-06 8.79707931744633e-06 8.89944476512028e-06 9.00181112228893e-06 9.10417747945758e-06 9.20654383662622e-06 9.30890928430017e-06 9.38780704018427e-06 9.39630081120413e-06 9.40479367272928e-06 9.41328653425444e-06 9.4217793957796e-06 9.43027316679945e-06 9.43876602832461e-06 9.44725888984976e-06 9.48314755078172e-06 9.52816844801418e-06 9.57318934524665e-06 9.61821024247911e-06 9.66323113971157e-06 9.70825203694403e-06 9.75327293417649e-06 9.79753349383827e-06 9.83951304078801e-06 9.88149258773774e-06 9.92347122519277e-06
7.12704513716744e-06 7.17848251952091e-06 7.22991990187438e-06 7.2813568294805e-06 7.33279421183397e-06 7.38423159418744e-06 7.43566852179356e-06 7.50521667214343e-06 7.62909576224047e-06 7.7529748523375e-06 7.87685348768719e-06 8.00073303253157e-06 8.12461166788125e-06 8.24849121272564e-06 8.37236984807532e-06 8.48024410515791e-06 8.58278235682519e-06 8.68532060849248e-06 8.78785886015976e-06 8.89039802132174e-06 8.99293627298903e-06 9.09547452465631e-06 9.17984107218217e-06 9.20969159778906e-06 9.23954303289065e-06 9.26939355849754e-06 9.29924499359913e-06 9.32909551920602e-06 9.35894604481291e-06 9.3887974799145e-06 9.43155464483425e-06 9.47861462918809e-06 9.52567461354192e-06 9.57273368840106e-06 9.6197936727549e-06 9.66685365710873e-06 9.71391364146257e-06 9.76193041424267e-06 9.81282028078567e-06 9.86371014732867e-06 9.91460001387168e-06
7.07344906913931e-06 7.12071187081165e-06 7.16797467248398e-06 7.21523747415631e-06 7.26250027582864e-06 7.30976307750097e-06 7.35702587917331e-06 7.4190156738041e-06 7.52518462832086e-06 7.63135358283762e-06 7.73752253735438e-06 7.84369240136584e-06 7.9498613558826e-06 8.05603031039936e-06 8.16219926491613e-06 8.26577525003813e-06 8.36848539620405e-06 8.47119645186467e-06 8.57390750752529e-06 8.67661765369121e-06 8.77932870935183e-06 8.88203976501245e-06 8.97187510418007e-06 9.0230832938687e-06 9.07429239305202e-06 9.12550058274064e-06 9.17670968192397e-06 9.22791787161259e-06 9.27912697079591e-06 9.33033606997924e-06 9.37996173888678e-06 9.42906081036199e-06 9.4781589723425e-06 9.52725713432301e-06 9.57635620579822e-06 9.62545436777873e-06 9.67455343925394e-06 9.72632733464707e-06 9.78612843027804e-06 9.84592861641431e-06 9.90572971204529e-06
7.01985300111119e-06 7.06294122210238e-06 7.10602989784093e-06 7.14911811883212e-06 7.19220679457067e-06 7.23529501556186e-06 7.27838323655305e-06 7.33281467546476e-06 7.42127349440125e-06 7.50973276808509e-06 7.59819204176893e-06 7.68665086070541e-06 7.77511013438925e-06 7.86356940807309e-06 7.95202868175693e-06 8.05130639491836e-06 8.15418934507761e-06 8.25707229523687e-06 8.35995524539612e-06 8.46283819555538e-06 8.56572114571463e-06 8.66860500536859e-06 8.76390822668327e-06 8.83647498994833e-06 8.90904175321339e-06 8.98160760698374e-06 9.0541743702488e-06 9.12674113351386e-06 9.19930789677892e-06 9.27187375054928e-06 9.3283688329393e-06 9.37950608204119e-06 9.43064333114307e-06 9.48178058024496e-06 9.53291873884154e-06 9.58405598794343e-06 9.63519323704531e-06 9.69072425505146e-06 9.75943567027571e-06 9.82814708549995e-06 9.89685850072419e-06
6.96625693308306e-06 7.00517102814047e-06 7.04408466845052e-06 7.08299876350793e-06 7.12191285856534e-06 7.16082695362275e-06 7.1997405939328e-06 7.24661367712542e-06 7.31736281522899e-06 7.38811195333255e-06 7.45886109143612e-06 7.52961022953968e-06 7.6003598223906e-06 7.67110850574682e-06 7.74185809859773e-06 7.83683663030388e-06 7.93989238445647e-06 8.04294813860906e-06 8.14600298326695e-06 8.24905873741955e-06 8.35211449157214e-06 8.45516933623003e-06 8.55594225868117e-06 8.64986668602796e-06 8.74379111337475e-06 8.83771554072155e-06 8.93163905857364e-06 9.02556348592043e-06 9.11948791326722e-06 9.21341234061401e-06 9.27677592699183e-06 9.32995226321509e-06 9.38312859943835e-06 9.43630402616691e-06 9.48948036239017e-06 9.54265669861343e-06 9.59583303483669e-06 9.65512117545586e-06 9.73274291027337e-06 9.81036555458559e-06 9.8879872894031e-06
6.91266086505493e-06 6.9474003794312e-06 6.98213989380747e-06 7.01687940818374e-06 7.05161892256001e-06 7.08635843693628e-06 7.12109795131255e-06 7.16041267878609e-06 7.21345168130938e-06 7.26649113858002e-06 7.31953014110331e-06 7.37256959837396e-06 7.42560860089725e-06 7.47864805816789e-06 7.53168751543853e-06 7.6223677751841e-06 7.72559542383533e-06 7.82882307248656e-06 7.93205163063249e-06 8.03527927928371e-06 8.13850692793494e-06 8.24173457658617e-06 8.34797629067907e-06 8.4632583821076e-06 8.57854047353612e-06 8.69382256496465e-06 8.80910465639317e-06 8.9243867478217e-06 9.03966883925023e-06 9.15495093067875e-06 9.22518211154966e-06 9.28039753489429e-06 9.33561295823893e-06 9.39082747208886e-06 9.44604289543349e-06 9.50125831877813e-06 9.55647283262806e-06 9.61951809586026e-06 9.70605105976574e-06 9.79258402367122e-06 9.87911698757671e-06
6.90125125402119e-06 6.93631682224805e-06 6.9713823904749e-06 7.00644795870176e-06 7.04151352692861e-06 7.07657909515547e-06 7.11164420863497e-06 7.14818042979459e-06 7.18912906449987e-06 7.23007724445779e-06 7.27102587916306e-06 7.31197405912098e-06 7.35292223907891e-06 7.39387087378418e-06 7.4348190537421e-06 7.51446350477636e-06 7.60700640967116e-06 7.69954931456596e-06 7.79209312895546e-06 7.88463603385026e-06 7.97717893874506e-06 8.06972184363985e-06 8.17087584437104e-06 8.29786131362198e-06 8.42484678287292e-06 8.55183225212386e-06 8.6788186308695e-06 8.80580410012044e-06 8.93278956937138e-06 9.05977503862232e-06 9.13931671675527e-06 9.2030441010138e-06 9.26677148527233e-06 9.33049796003615e-06 9.39422534429468e-06 9.45795272855321e-06 9.52168011281174e-06 9.59080443863058e-06 9.6761223176145e-06 9.76144110609312e-06 9.84675898507703e-06
6.93202900947654e-06 6.97192081133835e-06 7.01181261320016e-06 7.05170441506198e-06 7.09159621692379e-06 7.1314880187856e-06 7.17137982064742e-06 7.20991783964564e-06 7.2443945100531e-06 7.2788707257132e-06 7.31334739612066e-06 7.34782406652812e-06 7.38230028218823e-06 7.41677695259568e-06 7.45125316825579e-06 7.5131233643333e-06 7.5841248872166e-06 7.65512595535256e-06 7.72612747823587e-06 7.79712900111917e-06 7.86813052400248e-06 7.93913204688579e-06 8.02464182925178e-06 8.15367639006581e-06 8.28271186037455e-06 8.41174642118858e-06 8.54078189149732e-06 8.66981645231135e-06 8.79885101312539e-06 8.92788648343412e-06 9.01917883311398e-06 9.09789105207892e-06 9.17660327104386e-06 9.2553154900088e-06 9.33402770897374e-06 9.41273992793867e-06 9.49145214690361e-06 9.56898111326154e-06 9.64295941230375e-06 9.71693680185126e-06 9.79091510089347e-06
6.96280631018453e-06 7.0075243456813e-06 7.05224238117808e-06 7.0969608714222e-06 7.14167890691897e-06 7.18639739716309e-06 7.23111543265986e-06 7.27165524949669e-06 7.29965995560633e-06 7.32766466171597e-06 7.35566891307826e-06 7.3836736191879e-06 7.41167832529754e-06 7.43968303140718e-06 7.46768773751683e-06 7.51178367863758e-06 7.56124336476205e-06 7.61070305088651e-06 7.66016273701098e-06 7.70962196838809e-06 7.75908210925991e-06 7.80854134063702e-06 7.87840781413252e-06 8.00949146650964e-06 8.14057602838147e-06 8.2716605902533e-06 8.40274424263043e-06 8.53382880450226e-06 8.66491336637409e-06 8.79599701875122e-06 8.89904185896739e-06 8.99273891263874e-06 9.08643596631009e-06 9.18013301998144e-06 9.27383098314749e-06 9.36752803681884e-06 9.46122509049019e-06 9.5471577878925e-06 9.6097955974983e-06 9.67243340710411e-06 9.73507121670991e-06
6.99358361089253e-06 7.04312788002426e-06 7.09267260390334e-06 7.14221732778242e-06 7.19176159691415e-06 7.24130632079323e-06 7.29085104467231e-06 7.33339265934774e-06 7.35492540115956e-06 7.37645814297139e-06 7.39799088478321e-06 7.41952362659504e-06 7.44105636840686e-06 7.46258911021869e-06 7.48412185203051e-06 7.51044353819452e-06 7.53836138756014e-06 7.56627969167312e-06 7.59419754103874e-06 7.62211539040436e-06 7.65003369451733e-06 7.67795154388295e-06 7.73217379901325e-06 7.86530654295348e-06 7.9984401963884e-06 8.13157384982333e-06 8.26470750325825e-06 8.39784115669318e-06 8.5309748101281e-06 8.66410846356302e-06 8.7789039753261e-06 8.88758586370386e-06 8.99626866157632e-06 9.10495054995408e-06 9.21363334782654e-06 9.322316145699e-06 9.43099803407677e-06 9.52533446252346e-06 9.57663178269286e-06 9.62793001235696e-06 9.67922733252635e-06
7.02436091160052e-06 7.07873186911456e-06 7.1331028266286e-06 7.18747378414264e-06 7.24184474165668e-06 7.29621524442337e-06 7.3505862019374e-06 7.39512961445143e-06 7.41019084671279e-06 7.4252516242268e-06 7.44031240174081e-06 7.45537317925482e-06 7.47043441151618e-06 7.48549518903019e-06 7.5005559665442e-06 7.50910339775146e-06 7.51547986510559e-06 7.52185587771237e-06 7.5282323450665e-06 7.53460881242063e-06 7.54098482502741e-06 7.54736129238154e-06 7.58593932914664e-06 7.72112252889201e-06 7.85630527389003e-06 7.99148801888805e-06 8.12667076388607e-06 8.26185350888409e-06 8.39703625388211e-06 8.53221899888013e-06 8.65876609168481e-06 8.78243372426368e-06 8.90610135684256e-06 9.02976807992673e-06 9.1534357125056e-06 9.27710334508447e-06 9.40077097766334e-06 9.50351113715442e-06 9.54346887738211e-06 9.5834257081151e-06 9.62338344834279e-06
7.05513821230852e-06 7.11433540345752e-06 7.17353259460651e-06 7.23273024050286e-06 7.29192743165186e-06 7.35112462280085e-06 7.41032181394985e-06 7.45686702430248e-06 7.46545629226603e-06 7.47404510548222e-06 7.48263437344576e-06 7.49122318666195e-06 7.49981199987815e-06 7.50840126784169e-06 7.51699008105788e-06 7.50776371205575e-06 7.49259788790368e-06 7.47743251849897e-06 7.46226714909426e-06 7.44710177968955e-06 7.43193641028483e-06 7.41677104088012e-06 7.43970531402738e-06 7.57693715058849e-06 7.71416944189696e-06 7.85140127845807e-06 7.98863402451389e-06 8.125865861075e-06 8.26309860713081e-06 8.40033044369193e-06 8.53862820804352e-06 8.6772806753288e-06 8.81593314261409e-06 8.95458560989937e-06 9.09323898667935e-06 9.23189145396464e-06 9.37054392124992e-06 9.48168781178538e-06 9.51030506257666e-06 9.53892231336795e-06 9.56753956415923e-06
7.10986705598771e-06 7.1690142249281e-06 7.2281613938685e-06 7.28730901755625e-06 7.34645618649665e-06 7.40560335543705e-06 7.46475052437745e-06 7.51143488741945e-06 7.52072992327157e-06 7.53002495912369e-06 7.53931954022846e-06 7.54861457608058e-06 7.5579096119327e-06 7.56720419303747e-06 7.57649922888959e-06 7.55492965254234e-06 7.52307187212864e-06 7.49121409171494e-06 7.45935631130124e-06 7.42749853088753e-06 7.39564075047383e-06 7.36378297006013e-06 7.37563732400304e-06 7.51862808101578e-06 7.66161883802852e-06 7.80460868554655e-06 7.9475994425593e-06 8.09059019957203e-06 8.23358095658477e-06 8.37657171359751e-06 8.5231267803465e-06 8.670869647176e-06 8.81861251400551e-06 8.96635629032971e-06 9.11409915715922e-06 9.26184293348342e-06 9.40958580031293e-06 9.52416849031579e-06 9.53926883084932e-06 9.55436826188816e-06 9.56946860242169e-06
7.18854744263808e-06 7.24276833352633e-06 7.29698922441457e-06 7.35121011530282e-06 7.40543100619107e-06 7.45965189707931e-06 7.51387324271491e-06 7.55883320380235e-06 7.57601173972944e-06 7.59319027565653e-06 7.61036881158361e-06 7.6275473475107e-06 7.64472588343779e-06 7.66190441936487e-06 7.67908295529196e-06 7.65060212870594e-06 7.6069013630331e-06 7.56320014261291e-06 7.51949937694008e-06 7.47579861126724e-06 7.4320978455944e-06 7.38839662517421e-06 7.39373581382097e-06 7.54619395593181e-06 7.69865164329531e-06 7.8511102401535e-06 8.003567927517e-06 8.15602652437519e-06 8.30848421173869e-06 8.46094189910218e-06 8.61226089909906e-06 8.76320063980529e-06 8.91413947101682e-06 9.06507830222836e-06 9.21601804293459e-06 9.36695687414613e-06 9.51789661485236e-06 9.63095226325095e-06 9.63035836321069e-06 9.62976446317043e-06 9.62917056313017e-06
7.26722737454111e-06 7.3165219873772e-06 7.36581660021329e-06 7.41511166779674e-06 7.46440628063283e-06 7.51370089346892e-06 7.56299550630501e-06 7.6062319749326e-06 7.631294465682e-06 7.65635650168406e-06 7.68141853768611e-06 7.70648057368817e-06 7.73154260969022e-06 7.75660464569228e-06 7.78166668169433e-06 7.74627460486954e-06 7.69073085393757e-06 7.63518619351089e-06 7.57964244257892e-06 7.52409869164694e-06 7.46855448596762e-06 7.41301073503564e-06 7.4118343036389e-06 7.57375983084785e-06 7.7356853580568e-06 7.89761088526575e-06 8.0595364124747e-06 8.22146193968365e-06 8.3833874668926e-06 8.54531299410155e-06 8.70139592734631e-06 8.85553072293987e-06 9.00966642802814e-06 9.1638012236217e-06 9.31793692870997e-06 9.47207172430353e-06 9.6262065198971e-06 9.73773603618611e-06 9.72144880506676e-06 9.7051606644527e-06 9.68887252383865e-06
7.34590776119148e-06 7.39027609597542e-06 7.43464443075936e-06 7.4790127655433e-06 7.52338110032724e-06 7.56774943511118e-06 7.61211776989512e-06 7.65363074606284e-06 7.68657628213987e-06 7.71952181821689e-06 7.75246735429391e-06 7.78541379986564e-06 7.81835933594266e-06 7.85130487201968e-06 7.8842504080967e-06 7.84194708103314e-06 7.77455989009468e-06 7.70717269915622e-06 7.63978550821776e-06 7.57239877202665e-06 7.50501158108818e-06 7.43762439014972e-06 7.42993233870948e-06 7.60132570576388e-06 7.77271907281829e-06 7.944111530378e-06 8.1155048974324e-06 8.28689826448681e-06 8.45829072204651e-06 8.62968408910092e-06 8.79053095559357e-06 8.94786171556916e-06 9.10519247554475e-06 9.26252414501505e-06 9.41985490499064e-06 9.57718657446094e-06 9.73451733443653e-06 9.84451980912127e-06 9.81253833742812e-06 9.78055686573498e-06 9.74857448454713e-06
7.42458814784186e-06 7.46403020457365e-06 7.50347180655808e-06 7.54291386328987e-06 7.58235592002166e-06 7.62179797675344e-06 7.66124048823258e-06 7.70102906244574e-06 7.74185809859773e-06 7.78268804424442e-06 7.82351708039641e-06 7.8643461165484e-06 7.9051760621951e-06 7.94600509834709e-06 7.98683413449908e-06 7.93761955719674e-06 7.85838892625179e-06 7.77915920480154e-06 7.6999285738566e-06 7.620698397659e-06 7.54146867620875e-06 7.46223850001115e-06 7.44803082852741e-06 7.62889158067992e-06 7.80975187808508e-06 7.99061217549024e-06 8.1714733823901e-06 8.35233367979527e-06 8.53319397720043e-06 8.71405518410029e-06 8.87966507434612e-06 9.04019270819845e-06 9.20071943255607e-06 9.36124615691369e-06 9.52177379076602e-06 9.68230051512364e-06 9.84282814897597e-06 9.95130449155113e-06 9.90362877928419e-06 9.85595215752255e-06 9.80827644525561e-06
7.50326807974488e-06 7.53778385842452e-06 7.57229963710415e-06 7.60681541578379e-06 7.64133073971607e-06 7.67584697314305e-06 7.71036229707533e-06 7.74842737882864e-06 7.7971408245503e-06 7.84585336077726e-06 7.89456589700421e-06 7.94327934272587e-06 7.99199187895283e-06 8.04070532467449e-06 8.08941786090145e-06 8.03329112386564e-06 7.9422179624089e-06 7.85114480095217e-06 7.76007163949544e-06 7.6689984780387e-06 7.57792531658197e-06 7.48685215512523e-06 7.46612931834534e-06 7.65645745559596e-06 7.84678559284657e-06 8.03711373009719e-06 8.22744186734781e-06 8.41777000459842e-06 8.60809814184904e-06 8.79842536960496e-06 8.96880010259338e-06 9.13252279133303e-06 9.29624638956739e-06 9.45996907830704e-06 9.6236926765414e-06 9.78741536528105e-06 9.9511380540207e-06 1.00580882644863e-05 9.99471831164556e-06 9.93134835880483e-06 9.8679784059641e-06
