data/working_set_collections/6091692-Cassins_Sparrow-M2/2005/qinfil_avg.asc
NCOLS 265 
NROWS 230 
XLLCORNER -115.5625 
YLLCORNER 24.8333333333333 
CELLSIZE 0.0833333333333333 
NODATA_value -9999 
[rows 54 to 71 of 230, columns 164 to 204 of 265]
1.53255314216949e-05 1.53950186358998e-05 1.54645040311152e-05 1.55339894263307e-05 1.56034748215461e-05 1.5672962035751e-05 1.57424474309664e-05 1.58119328261819e-05 1.5985166101018e-05 1.61929820023943e-05 1.64007979037706e-05 1.66086138051469e-05 1.68164297065232e-05 1.70242456078995e-05 1.72320615092758e-05 1.74628694367129e-05 1.77626570803113e-05 1.80624447239097e-05 1.83622323675081e-05 1.86620181921171e-05 1.89618058357155e-05 1.92615934793139e-05 1.95613811229123e-05 1.98213001567638e-05 2.00679296540329e-05 2.03145609702915e-05 2.05611904675607e-05 2.08078199648298e-05 2.1054449462099e-05 2.13010807783576e-05 2.1508045392693e-05 2.15960135392379e-05 2.16839798667934e-05 2.17719480133383e-05 2.18599161598831e-05 2.1947884306428e-05 2.20358524529729e-05 2.21238205995178e-05 2.21705668081995e-05 2.22035741899163e-05 2.2236581571633e-05
1.52017018990591e-05 1.5278685168596e-05 1.53556702571223e-05 1.54326553456485e-05 1.55096386151854e-05 1.55866237037117e-05 1.56636087922379e-05 1.57405920617748e-05 1.59250885189977e-05 1.61454208864598e-05 1.63657550729113e-05 1.65860874403734e-05 1.68064216268249e-05 1.7026753994287e-05 1.72470863617491e-05 1.74864671862451e-05 1.77829915628536e-05 1.80795141204726e-05 1.83760366780916e-05 1.86725592357107e-05 1.89690836123191e-05 1.92656061699381e-05 1.95621287275571e-05 1.9811592210317e-05 2.00453687284607e-05 2.02791470655939e-05 2.05129235837376e-05 2.07467001018813e-05 2.0980476620025e-05 2.12142531381687e-05 2.14142382901628e-05 2.15128420677502e-05 2.16114458453376e-05 2.17100514419144e-05 2.18086552195018e-05 2.19072608160786e-05 2.2005864593666e-05 2.21044683712535e-05 2.21550162677886e-05 2.21895461436361e-05 2.22240742004942e-05
1.50778705574339e-05 1.51623535202816e-05 1.52468364831293e-05 1.5331319445977e-05 1.54158024088247e-05 1.55002853716724e-05 1.558476833452e-05 1.56692512973677e-05 1.58650109369773e-05 1.60978615895147e-05 1.6330712242052e-05 1.65635610755999e-05 1.67964117281372e-05 1.70292623806745e-05 1.72621130332118e-05 1.75100649357773e-05 1.78033242264064e-05 1.80965835170355e-05 1.83898428076645e-05 1.86831002793042e-05 1.89763595699333e-05 1.92696188605623e-05 1.9562876332202e-05 1.98018842638703e-05 2.00228078028886e-05 2.02437313419068e-05 2.04646566999145e-05 2.06855802389327e-05 2.0906503777951e-05 2.11274273169693e-05 2.13204293686431e-05 2.14296705962624e-05 2.15389118238818e-05 2.16481530515011e-05 2.17573942791205e-05 2.18666355067398e-05 2.19758767343592e-05 2.20851179619785e-05 2.21394675463671e-05 2.2175518097356e-05 2.22115686483448e-05
1.49540401253034e-05 1.50460218719672e-05 1.5138003618631e-05 1.52299853652949e-05 1.5321966202464e-05 1.54139488586225e-05 1.55059296957916e-05 1.55979105329607e-05 1.5804933354957e-05 1.60503004735801e-05 1.62956675922032e-05 1.65410365298158e-05 1.67864036484389e-05 1.7031770767062e-05 1.72771397046745e-05 1.75336626853095e-05 1.78236587089486e-05 1.81136529135983e-05 1.8403647118248e-05 1.86936413228977e-05 1.89836355275474e-05 1.92736315511866e-05 1.95636257558363e-05 1.97921763174236e-05 2.00002468773164e-05 2.02083174372092e-05 2.0416387997102e-05 2.06244585569948e-05 2.08325291168876e-05 2.10405996767804e-05 2.12266222661128e-05 2.13465009437641e-05 2.1466377802426e-05 2.15862564800773e-05 2.17061333387392e-05 2.18260120163905e-05 2.19458888750523e-05 2.20657675527036e-05 2.21239170059562e-05 2.21614900510758e-05 2.21990630961955e-05
1.48302096931729e-05 1.49296893141582e-05 1.50291698446381e-05 1.5128650375118e-05 1.52281299961032e-05 1.53276105265832e-05 1.54270910570631e-05 1.5526571587543e-05 1.57448539539473e-05 1.60027393576456e-05 1.62606247613439e-05 1.65185101650422e-05 1.67763955687406e-05 1.70342791534495e-05 1.72921645571478e-05 1.75572604348417e-05 1.78439913725015e-05 1.81307223101612e-05 1.84174514288316e-05 1.87041823664913e-05 1.8990913304151e-05 1.92776424228214e-05 1.95643733604811e-05 1.97824683709769e-05 1.99776859517442e-05 2.01729035325116e-05 2.03681211132789e-05 2.05633386940463e-05 2.07585562748136e-05 2.09537738555809e-05 2.11328151635826e-05 2.12633294722764e-05 2.13938437809702e-05 2.1524358089664e-05 2.16548742173472e-05 2.17853885260411e-05 2.19159028347349e-05 2.20464171434287e-05 2.21083664655453e-05 2.21474620047957e-05 2.21865575440461e-05
1.47063783515478e-05 1.48133576658438e-05 1.49203360706451e-05 1.50273153849412e-05 1.51342937897425e-05 1.52412721945439e-05 1.53482505993452e-05 1.54552308231359e-05 1.5684776371927e-05 1.59551782417111e-05 1.62255819304846e-05 1.64959838002687e-05 1.67663856700528e-05 1.7036787539837e-05 1.73071912286105e-05 1.75808581843739e-05 1.78643258550437e-05 1.81477917067241e-05 1.84312575584045e-05 1.87147234100848e-05 1.89981892617652e-05 1.92816551134456e-05 1.9565120965126e-05 1.97727622435195e-05 1.9955125026172e-05 2.01374896278139e-05 2.03198542294558e-05 2.05022188310977e-05 2.06845834327396e-05 2.08669480343815e-05 2.10390080610523e-05 2.11801598197781e-05 2.13213097595144e-05 2.14624615182402e-05 2.16036132769659e-05 2.17447632167023e-05 2.1885914975428e-05 2.20270667341538e-05 2.20928159251343e-05 2.21334339585155e-05 2.21740519918967e-05
1.45801932376344e-05 1.46898983075516e-05 1.47996042869636e-05 1.49093093568808e-05 1.50190153362928e-05 1.51287213157048e-05 1.5238426385622e-05 1.5348132365034e-05 1.55885663843947e-05 1.58725742949173e-05 1.61565840244293e-05 1.64405937539414e-05 1.67246034834534e-05 1.70086132129654e-05 1.72926229424775e-05 1.75768582266755e-05 1.78617719939211e-05 1.81466857611667e-05 1.84315977094229e-05 1.87165114766685e-05 1.90014252439141e-05 1.92863390111597e-05 1.95712527784053e-05 1.97747540369164e-05 1.9951117792516e-05 2.01274797291262e-05 2.03038434847258e-05 2.04802072403254e-05 2.0656570995925e-05 2.08329347515246e-05 2.10029211302754e-05 2.11537735594902e-05 2.13046278076945e-05 2.14554820558988e-05 2.1606336304103e-05 2.17571905523073e-05 2.19080448005116e-05 2.20588990487158e-05 2.21240443352144e-05 2.21606205741409e-05 2.21971968130674e-05
1.44516525324434e-05 1.45593130582711e-05 1.46669735840987e-05 1.47746341099264e-05 1.48822946357541e-05 1.49899551615817e-05 1.50976156874094e-05 1.52052762132371e-05 1.54562221723609e-05 1.57549275172642e-05 1.60536346811568e-05 1.63523400260601e-05 1.66510471899528e-05 1.69497543538455e-05 1.72484596987488e-05 1.75452569237677e-05 1.78363297891337e-05 1.81274026544997e-05 1.84184755198658e-05 1.87095483852318e-05 1.90006212505978e-05 1.92916941159638e-05 1.95827669813298e-05 1.97884455701569e-05 1.99656606127974e-05 2.01428756554378e-05 2.03200906980783e-05 2.04973057407187e-05 2.06745189643698e-05 2.08517340070102e-05 2.10245507332729e-05 2.11841743293917e-05 2.13437979255104e-05 2.15034215216292e-05 2.1663045117748e-05 2.18226668948773e-05 2.19822904909961e-05 2.21419140871149e-05 2.22020480578067e-05 2.22290182136931e-05 2.22559901885688e-05
1.43231109177577e-05 1.44287268994958e-05 1.45343428812339e-05 1.46399579534773e-05 1.47455739352154e-05 1.48511899169534e-05 1.49568058986915e-05 1.50624209709349e-05 1.53238779603271e-05 1.5637280739611e-05 1.59506835188949e-05 1.62640881171683e-05 1.65774908964522e-05 1.68908936757362e-05 1.72042964550201e-05 1.75136574398493e-05 1.78108894033358e-05 1.81081213668222e-05 1.84053533303086e-05 1.8702585293795e-05 1.89998172572814e-05 1.92970492207678e-05 1.95942811842542e-05 1.98021389223868e-05 1.99802034330787e-05 2.015826976276e-05 2.03363360924413e-05 2.05144024221227e-05 2.0692468751804e-05 2.08705350814853e-05 2.10461821552599e-05 2.12145750992931e-05 2.13829680433264e-05 2.15513591683703e-05 2.17197521124035e-05 2.18881450564368e-05 2.20565361814806e-05 2.22249291255139e-05 2.22800517803989e-05 2.22974176722346e-05 2.23147835640702e-05
1.41945702125668e-05 1.42981416502153e-05 1.44017121783691e-05 1.45052827065228e-05 1.46088532346766e-05 1.47124246723251e-05 1.48159952004789e-05 1.49195657286327e-05 1.51915337482933e-05 1.55196339619579e-05 1.58477341756225e-05 1.6175834389287e-05 1.65039346029516e-05 1.68320348166162e-05 1.71601350302808e-05 1.74820579559309e-05 1.77854490175378e-05 1.80888400791446e-05 1.83922311407514e-05 1.86956222023582e-05 1.8999013263965e-05 1.93024025065824e-05 1.96057935681893e-05 1.98158304556273e-05 1.99947480723495e-05 2.01736656890716e-05 2.03525833057938e-05 2.0531500922516e-05 2.07104185392382e-05 2.08893361559603e-05 2.10678135772469e-05 2.12449758691946e-05 2.1422136342153e-05 2.15992986341007e-05 2.17764609260485e-05 2.19536213990068e-05 2.21307836909546e-05 2.23079441639129e-05 2.23580555029912e-05 2.23658171307761e-05 2.23735787585611e-05
1.40660295073758e-05 1.416755549144e-05 1.42690814755042e-05 1.43706074595684e-05 1.44721325341379e-05 1.45736585182021e-05 1.46751845022663e-05 1.47767104863306e-05 1.50591895362595e-05 1.54019871843047e-05 1.57447830133606e-05 1.60875806614058e-05 1.6430378309451e-05 1.67731759574963e-05 1.71159717865521e-05 1.74504566530231e-05 1.77600068127504e-05 1.80695569724776e-05 1.83791071322048e-05 1.8688657291932e-05 1.89982074516593e-05 1.93077576113865e-05 1.96173077711137e-05 1.98295219888678e-05 2.00092908926308e-05 2.01890597963938e-05 2.03688287001569e-05 2.05485976039199e-05 2.0728366507683e-05 2.0908135411446e-05 2.10894449992338e-05 2.12753766390961e-05 2.14613064599689e-05 2.16472380998312e-05 2.1833167920704e-05 2.20190995605662e-05 2.22050293814391e-05 2.23909610213013e-05 2.24360592255834e-05 2.24342165893177e-05 2.24323721340625e-05
1.39374888021848e-05 1.40369693326647e-05 1.41364507726394e-05 1.42359313031193e-05 1.43354127430939e-05 1.44348932735738e-05 1.45343738040538e-05 1.46338552440284e-05 1.49268453242257e-05 1.52843404066516e-05 1.56418336700881e-05 1.59993269335246e-05 1.63568220159505e-05 1.67143152793869e-05 1.70718103618128e-05 1.74188571691047e-05 1.77345664269524e-05 1.80502756848e-05 1.83659849426476e-05 1.86816942004953e-05 1.89974034583429e-05 1.93131127161905e-05 1.96288219740381e-05 1.98432153410977e-05 2.00238355319016e-05 2.02044557227055e-05 2.03850759135094e-05 2.05656961043132e-05 2.07463162951171e-05 2.0926936485921e-05 2.11110764212208e-05 2.13057755900081e-05 2.15004765777849e-05 2.16951757465722e-05 2.18898767343489e-05 2.20845759031363e-05 2.22792750719236e-05 2.24739760597004e-05 2.25140647671651e-05 2.25026142288698e-05 2.24911655095639e-05
1.38078685267828e-05 1.39039275381947e-05 1.39999874591012e-05 1.40960464705131e-05 1.4192105481925e-05 1.42881654028315e-05 1.43842244142434e-05 1.44802834256552e-05 1.4777197065996e-05 1.51410613398184e-05 1.55049256136408e-05 1.58687907969579e-05 1.6232655980275e-05 1.65965193446027e-05 1.69603845279198e-05 1.73153930518311e-05 1.76438334165141e-05 1.79722737811971e-05 1.83007141458802e-05 1.86291563295526e-05 1.89575966942357e-05 1.92860370589187e-05 1.96144774236018e-05 1.9837712898152e-05 2.00258818949806e-05 2.02140490728198e-05 2.04022180696484e-05 2.0590387066477e-05 2.07785542443162e-05 2.09667232411448e-05 2.11577807931462e-05 2.13575058296556e-05 2.15572308661649e-05 2.17569577216636e-05 2.1956682758173e-05 2.21564096136717e-05 2.2356134650181e-05 2.25558596866904e-05 2.25923140533268e-05 2.25743442570092e-05 2.25563726417022e-05
1.36771686811699e-05 1.37684301080299e-05 1.38596906253952e-05 1.39509520522552e-05 1.40422134791152e-05 1.41334739964805e-05 1.42247354233405e-05 1.43159968502005e-05 1.46102438520757e-05 1.49721527122892e-05 1.53340606630081e-05 1.56959704327164e-05 1.60578783834353e-05 1.64197881531436e-05 1.67816961038625e-05 1.71400643012021e-05 1.74878077814355e-05 1.78355530806584e-05 1.81832965608919e-05 1.85310418601148e-05 1.88787853403483e-05 1.92265288205817e-05 1.95742741198046e-05 1.98130201169988e-05 2.00154318008572e-05 2.0217845303705e-05 2.04202569875633e-05 2.06226686714217e-05 2.08250821742695e-05 2.10274938581279e-05 2.12295562960207e-05 2.14305637200596e-05 2.16315729630878e-05 2.18325803871267e-05 2.20335896301549e-05 2.22345970541937e-05 2.2435606297222e-05 2.26366137212608e-05 2.26708089030581e-05 2.26494012167677e-05 2.26279935304774e-05
1.35464688355569e-05 1.36329317683703e-05 1.37193947011838e-05 1.38058576339972e-05 1.38923205668107e-05 1.39787834996241e-05 1.40652464324376e-05 1.4151709365251e-05 1.44432906381553e-05 1.48032431752654e-05 1.51631966218702e-05 1.55231500684749e-05 1.5883102605585e-05 1.62430551426951e-05 1.66030076798052e-05 1.69647355505731e-05 1.7331782146357e-05 1.76988305611303e-05 1.80658789759036e-05 1.84329273906769e-05 1.87999739864608e-05 1.91670224012341e-05 1.95340708160074e-05 1.97883255168563e-05 2.00049817067338e-05 2.02216397156008e-05 2.04382959054783e-05 2.06549520953558e-05 2.08716101042228e-05 2.10882662941003e-05 2.13013317988953e-05 2.1503623429453e-05 2.17059132410213e-05 2.19082048715791e-05 2.21104946831474e-05 2.23127863137051e-05 2.25150761252735e-05 2.27173677558312e-05 2.27493055717787e-05 2.27244581765262e-05 2.26996126002632e-05
1.34157689899439e-05 1.34974334287108e-05 1.35790987769724e-05 1.36607632157393e-05 1.37424285640009e-05 1.38240930027678e-05 1.39057583510294e-05 1.39874227897963e-05 1.42763365147403e-05 1.46343345477362e-05 1.49923316712375e-05 1.5350327885244e-05 1.57083250087453e-05 1.6066323951236e-05 1.64243210747372e-05 1.67894067999441e-05 1.71757583302679e-05 1.75621098605916e-05 1.79484613909153e-05 1.83348129212391e-05 1.87211644515628e-05 1.91075159818865e-05 1.94938675122103e-05 1.97636309167137e-05 1.99945316126104e-05 2.02254341274966e-05 2.04563348233933e-05 2.068723551929e-05 2.09181380341761e-05 2.11490387300728e-05 2.13731073017698e-05 2.1576681319857e-05 2.17802553379443e-05 2.19838275370421e-05 2.21874015551293e-05 2.23909737542272e-05 2.25945477723144e-05 2.27981217904016e-05 2.28278004215099e-05 2.27995169552742e-05 2.2771231670049e-05
1.32850691443309e-05 1.3361935998546e-05 1.34388019432663e-05 1.35156687974813e-05 1.35925356516964e-05 1.36694025059114e-05 1.37462693601265e-05 1.38231362143415e-05 1.41093833008199e-05 1.44654250107124e-05 1.48214667206048e-05 1.51775075210026e-05 1.5533549230895e-05 1.58895909407875e-05 1.62456326506799e-05 1.66140780493151e-05 1.70197326951893e-05 1.74253873410635e-05 1.78310419869376e-05 1.82366984518012e-05 1.86423530976754e-05 1.90480077435495e-05 1.94536642084131e-05 1.97389363165712e-05 1.99840815184871e-05 2.02292285393924e-05 2.04743737413082e-05 2.07195189432241e-05 2.09646659641294e-05 2.12098111660453e-05 2.14448846236337e-05 2.1649739210261e-05 2.18545956158778e-05 2.20594520214945e-05 2.22643066081218e-05 2.24691630137386e-05 2.26740194193553e-05 2.28788740059827e-05 2.29062970902305e-05 2.28745739150327e-05 2.28428525588242e-05
1.31543692987179e-05 1.32264376588864e-05 1.32985060190549e-05 1.33705743792234e-05 1.34426427393919e-05 1.35147120090551e-05 1.35867803692236e-05 1.3658848729392e-05 1.39424300868995e-05 1.42965154736885e-05 1.46506017699721e-05 1.50046871567611e-05 1.53587734530447e-05 1.57128579303389e-05 1.60669442266226e-05 1.64387474796968e-05 1.68637070601108e-05 1.72886666405248e-05 1.77136244019493e-05 1.81385839823633e-05 1.85635417437879e-05 1.89885013242019e-05 1.94134609046159e-05 1.97142417164287e-05 1.99736332433531e-05 2.02330229512881e-05 2.04924126592232e-05 2.07518023671582e-05 2.10111920750933e-05 2.12705836020177e-05 2.15166601265082e-05 2.17227989196545e-05 2.19289358938113e-05 2.21350746869575e-05 2.23412134801038e-05 2.254735227325e-05 2.27534892474068e-05 2.29596280405531e-05 2.29847919399617e-05 2.29496326937806e-05 2.291447162861e-05
