data/working_set_collections/6091692-Cassins_Sparrow-M2/2005/qinfil_avg.asc
NCOLS 265 
NROWS 230 
XLLCORNER -115.5625 
YLLCORNER 24.8333333333333 
CELLSIZE 0.0833333333333333 
NODATA_value -9999 
[rows 162 to 179 of 230, columns 41 to 81 of 265]
6.90068191033788e-06 7.10768244971405e-06 7.31468253434286e-06 7.5492930591281e-06 7.86673444963526e-06 8.18417629488977e-06 8.50161814014427e-06 8.81905998539878e-06 9.13650183065329e-06 9.45394276641309e-06 9.7713846116676e-06 9.72896759776631e-06 9.5665964181535e-06 9.40422614803538e-06 9.24185496842256e-06 9.07948469830444e-06 8.91711351869162e-06 8.7547432485735e-06 8.71511383593315e-06 9.0437069957261e-06 9.37230015551904e-06 9.70089422480669e-06 1.00294873845996e-05 1.03580805443926e-05 1.06866746136802e-05 1.10152677734732e-05 1.11675753942109e-05 1.12611214717617e-05 1.13546675493126e-05 1.14482136268634e-05 1.15417597044143e-05 1.16353048724704e-05 1.17288509500213e-05 1.17969848361099e-05 1.17888821478118e-05 1.1780778550019e-05 1.17726758617209e-05 1.17645722639281e-05 1.175646957563e-05 1.17483668873319e-05 1.17402632895391e-05
6.96223514751182e-06 7.17094781066407e-06 7.37966092856368e-06 7.61519095249241e-06 7.93117396824528e-06 8.24715698399814e-06 8.563139999751e-06 8.87912301550386e-06 9.19510603125673e-06 9.51108904700959e-06 9.82707206276245e-06 9.78912521532038e-06 9.63320053415373e-06 9.47727676248178e-06 9.32135299080983e-06 9.16542830964318e-06 9.00950453797122e-06 8.85358076629927e-06 8.82331096363487e-06 9.1700039774878e-06 9.51669790083542e-06 9.86339182418305e-06 1.0210084838036e-05 1.05567787613836e-05 1.09034717752365e-05 1.12501656985842e-05 1.13983942355844e-05 1.14804688564618e-05 1.15625425678445e-05 1.16446162792272e-05 1.17266909001046e-05 1.18087646114873e-05 1.189083832287e-05 1.19475043902639e-05 1.19279447972076e-05 1.1908386113646e-05 1.18888265205896e-05 1.1869267837028e-05 1.18497082439717e-05 1.18301495604101e-05 1.18105899673537e-05
7.02378838468576e-06 7.23421362636145e-06 7.44463886803715e-06 7.68108930060407e-06 7.99561348685529e-06 8.31013767310651e-06 8.62466185935773e-06 8.93918604560895e-06 9.25371023186017e-06 9.56823532760609e-06 9.88275951385731e-06 9.84928192337975e-06 9.69980465015396e-06 9.55032737692818e-06 9.4008501037024e-06 9.25137283047661e-06 9.10189555725083e-06 8.95241828402504e-06 8.93150809133658e-06 9.2963018687442e-06 9.66109564615181e-06 1.00258894235594e-05 1.0390683200967e-05 1.07554760688799e-05 1.11202698462876e-05 1.14850636236952e-05 1.16292139864527e-05 1.16998153316672e-05 1.17704175863764e-05 1.18410198410857e-05 1.19116211863002e-05 1.19822234410094e-05 1.20528256957186e-05 1.20980230349232e-05 1.20670083560981e-05 1.20359927677782e-05 1.20049780889531e-05 1.19739625006332e-05 1.1942947821808e-05 1.19119322334882e-05 1.18809166451683e-05
7.0853416218597e-06 7.29747944205883e-06 7.50961726225796e-06 7.74698673922103e-06 8.06005300546531e-06 8.37311836221488e-06 8.68618371896446e-06 8.99924998520873e-06 9.31231534195831e-06 9.62538069870789e-06 9.93844696495216e-06 9.90943954093382e-06 9.7664087661542e-06 9.62337799137458e-06 9.48034721659496e-06 9.33731644181535e-06 9.19428566703573e-06 9.05125489225611e-06 9.039706128533e-06 9.42259976000059e-06 9.80549339146819e-06 1.01883870229358e-05 1.05712806544034e-05 1.0954174285871e-05 1.13370679173386e-05 1.17199615488062e-05 1.18600328278262e-05 1.19191627163673e-05 1.19782926049083e-05 1.20374224934494e-05 1.20965523819905e-05 1.21556831800262e-05 1.22148130685673e-05 1.22485425890773e-05 1.22060710054939e-05 1.21636003314052e-05 1.21211287478218e-05 1.20786571642384e-05 1.20361864901497e-05 1.19937149065663e-05 1.19512433229829e-05
7.14689485903364e-06 7.36074525775621e-06 7.57459565647878e-06 7.81288508733269e-06 8.12449161458062e-06 8.43609905132325e-06 8.74770557857119e-06 9.05931301531382e-06 9.37091954256175e-06 9.68252697930438e-06 9.99413350655232e-06 9.96959715848789e-06 9.83301379164914e-06 9.69642951531569e-06 9.55984523898223e-06 9.42326096264878e-06 9.28667668631533e-06 9.15009240998188e-06 9.14790325623471e-06 9.54889674176229e-06 9.94989022728987e-06 1.03508846223122e-05 1.07518781078397e-05 1.11528715933673e-05 1.15538659883896e-05 1.19548594739172e-05 1.20908516691998e-05 1.21385101010674e-05 1.21861676234403e-05 1.22338260553079e-05 1.22814835776808e-05 1.23291420095484e-05 1.2376800441416e-05 1.23990621432313e-05 1.23451345643844e-05 1.22912069855374e-05 1.22372794066905e-05 1.21833527373383e-05 1.21294251584914e-05 1.20754975796444e-05 1.20215700007975e-05
7.20844809620758e-06 7.42401107345358e-06 7.63957359595224e-06 7.87878343544435e-06 8.18893113319064e-06 8.49907974043163e-06 8.80922834767262e-06 9.1193760454189e-06 9.42952465265989e-06 9.73967325990088e-06 1.00498209576472e-05 1.0029754776042e-05 9.89961790764937e-06 9.76948012976209e-06 9.6393423518748e-06 9.50920548348222e-06 9.37906770559493e-06 9.24892992770765e-06 9.25610038393643e-06 9.67519463301869e-06 1.00942879726063e-05 1.05133822216885e-05 1.09324755612761e-05 1.13515698103583e-05 1.17706640594406e-05 1.21897573990282e-05 1.23216705105733e-05 1.23578565762728e-05 1.23940426419722e-05 1.24302287076716e-05 1.24664147733711e-05 1.25026008390705e-05 1.253878690477e-05 1.25495807878906e-05 1.24841972137801e-05 1.24188145491644e-05 1.23534309750539e-05 1.22880474009435e-05 1.2222663826833e-05 1.21572802527226e-05 1.20918966786121e-05
7.26665166439489e-06 7.48636693970184e-06 7.70608221500879e-06 7.94662355474429e-06 8.24964445200749e-06 8.55266534927068e-06 8.85568624653388e-06 9.15870714379707e-06 9.46172713156557e-06 9.76474802882876e-06 1.0067768926092e-05 1.00512233984773e-05 9.9281560324016e-06 9.8050886663259e-06 9.6820213002502e-06 9.5589530246798e-06 9.43588565860409e-06 9.31281829252839e-06 9.3258013293962e-06 9.74693739408394e-06 1.01680734587717e-05 1.05892095234594e-05 1.10103455881472e-05 1.14314816528349e-05 1.18526177175227e-05 1.22737537822104e-05 1.24077569125802e-05 1.2446049368009e-05 1.24843427329324e-05 1.25226351883612e-05 1.25609276437899e-05 1.25992200992187e-05 1.26375134641421e-05 1.26495442600572e-05 1.25827928059152e-05 1.25160404422786e-05 1.2449288078642e-05 1.23825366245001e-05 1.23157842608634e-05 1.22490318972268e-05 1.21822795335902e-05
7.32150556359557e-06 7.54781240175362e-06 7.77411969465902e-06 8.01640635472722e-06 8.30663066153647e-06 8.59685496834572e-06 8.88707927515497e-06 9.17730449145893e-06 9.46752879826818e-06 9.75775310507743e-06 1.00479783213814e-05 1.00340030257939e-05 9.91862907540053e-06 9.80325421551242e-06 9.68788026511902e-06 9.57250631472562e-06 9.45713145483751e-06 9.3417575044441e-06 9.35700609261403e-06 9.76412684394745e-06 1.01712466857862e-05 1.05783674371196e-05 1.09854872789583e-05 1.1392607120797e-05 1.17997278721305e-05 1.22068477139692e-05 1.23491108752205e-05 1.24030893857707e-05 1.24570669868262e-05 1.25110445878818e-05 1.25650221889373e-05 1.26189997899928e-05 1.26729773910483e-05 1.2698952559731e-05 1.26409195218002e-05 1.25828855743748e-05 1.25248525364441e-05 1.24668194985134e-05 1.24087855510879e-05 1.23507525131572e-05 1.22927185657318e-05
7.37635946279624e-06 7.60925831855275e-06 7.84215717430925e-06 8.08618824521545e-06 8.36361687106546e-06 8.64104549691547e-06 8.91847321327077e-06 9.19590183912078e-06 9.47333046497079e-06 9.75075818132609e-06 1.00281868071761e-05 1.00167826531106e-05 9.90910211839946e-06 9.80142067419365e-06 9.69373922998784e-06 9.58605869527673e-06 9.47837725107092e-06 9.37069580686511e-06 9.38821085583186e-06 9.78131538431626e-06 1.01744199128007e-05 1.05675244412851e-05 1.09606289697695e-05 1.13537334982539e-05 1.17468380267383e-05 1.2139941645728e-05 1.22904648378608e-05 1.23601284940378e-05 1.24297912407201e-05 1.24994539874024e-05 1.25691167340847e-05 1.2638779480767e-05 1.27084422274493e-05 1.27483608594048e-05 1.26990462376853e-05 1.26497316159657e-05 1.26004169942462e-05 1.25511023725267e-05 1.25017868413124e-05 1.24524722195929e-05 1.24031575978734e-05
7.43121336199692e-06 7.67070469009923e-06 7.91019465395948e-06 8.15597104519838e-06 8.42060308059445e-06 8.68523511599051e-06 8.94986715138657e-06 9.21449918678263e-06 9.47913122217869e-06 9.74376325757476e-06 1.00083952929708e-05 9.9995631899219e-06 9.89957516139839e-06 9.79958713287488e-06 9.69959910435136e-06 9.59961107582785e-06 9.49962304730434e-06 9.39963501878083e-06 9.41941561904969e-06 9.79850483417977e-06 1.01775931398151e-05 1.05566814454505e-05 1.09357706605806e-05 1.1314858966216e-05 1.16939472718514e-05 1.20730364869814e-05 1.22318197099958e-05 1.23171676023048e-05 1.24025154946139e-05 1.2487863386923e-05 1.25732112792321e-05 1.26585591715411e-05 1.27439070638502e-05 1.27977691590786e-05 1.27571729535703e-05 1.27165767480619e-05 1.26759805425536e-05 1.263538524654e-05 1.25947890410316e-05 1.25541928355233e-05 1.25135966300149e-05
7.48606771594496e-06 7.73215015215101e-06 7.97823304310441e-06 8.22575384518132e-06 8.47758929012343e-06 8.72942564456025e-06 8.98126108950237e-06 9.23309744393919e-06 9.4849328888813e-06 9.73676833382342e-06 9.98860468826024e-06 9.98234281723853e-06 9.89004729490262e-06 9.7977526820614e-06 9.70545806922019e-06 9.61316345637897e-06 9.52086884353776e-06 9.42857332120184e-06 9.45062038226752e-06 9.81569337454857e-06 1.01807663668296e-05 1.05458393591107e-05 1.09109123513917e-05 1.12759844341781e-05 1.16410574264592e-05 1.20061304187402e-05 1.2173173672636e-05 1.22742067105719e-05 1.23752397485077e-05 1.24762727864436e-05 1.25773058243794e-05 1.26783388623153e-05 1.27793719002511e-05 1.28471765492577e-05 1.28152996694553e-05 1.27834218801581e-05 1.27515450003557e-05 1.27196681205533e-05 1.26877903312561e-05 1.26559134514537e-05 1.26240356621565e-05
7.54092161514563e-06 7.79359561420279e-06 8.04627052275464e-06 8.29553664516425e-06 8.53457549965242e-06 8.77361526363529e-06 9.01265502761817e-06 9.25169479160104e-06 9.49073455558391e-06 9.72977341007208e-06 9.96881317405496e-06 9.96512244455516e-06 9.88052033790154e-06 9.79591914074263e-06 9.71131703408901e-06 9.62671583693009e-06 9.54211373027647e-06 9.45751253311755e-06 9.48182514548535e-06 9.83288282441208e-06 1.01839395938441e-05 1.05349963632762e-05 1.08860540422029e-05 1.12371108116349e-05 1.1588167581067e-05 1.1939224350499e-05 1.21145276352763e-05 1.22312458188389e-05 1.23479640024016e-05 1.24646821859642e-05 1.25813994600321e-05 1.26981176435947e-05 1.28148358271574e-05 1.28965848489315e-05 1.28734263853403e-05 1.2850267921749e-05 1.28271094581578e-05 1.28039509945665e-05 1.27807916214806e-05 1.27576331578894e-05 1.27344746942981e-05
7.55092924009659e-06 7.81633752922062e-06 8.08174536359729e-06 8.33866761240643e-06 8.57013492350234e-06 8.80160314409295e-06 9.03307045518886e-06 9.26453776628477e-06 9.49600598687539e-06 9.7274732979713e-06 9.95894060906721e-06 9.9541648523882e-06 9.87064140645089e-06 9.78711887000827e-06 9.70359542407095e-06 9.62007197813364e-06 9.53654853219632e-06 9.453025086259e-06 9.47711123444606e-06 9.82402343652211e-06 1.01709356385982e-05 1.05178487501689e-05 1.0864760952245e-05 1.1211673154321e-05 1.15585862658918e-05 1.19054984679678e-05 1.2095193596906e-05 1.22324836411281e-05 1.23697736853501e-05 1.25070637295721e-05 1.26443537737941e-05 1.27816429085215e-05 1.29189329527435e-05 1.30221851577517e-05 1.30233220261289e-05 1.30244588945061e-05 1.3025596672378e-05 1.30267335407552e-05 1.30278704091324e-05 1.30290081870044e-05 1.30301450553816e-05
7.51609104554518e-06 7.8003740782151e-06 8.08465665613767e-06 8.35514856589725e-06 8.58426756167319e-06 8.81338746694382e-06 9.04250737221446e-06 9.2716272774851e-06 9.50074718275573e-06 9.72986617853167e-06 9.9589860838023e-06 9.94947095023235e-06 9.86041141004534e-06 9.77135186985834e-06 9.68229232967133e-06 9.59323187998962e-06 9.50417233980261e-06 9.4151127996156e-06 9.43647773965495e-06 9.78911702986807e-06 1.01417554105865e-05 1.04943947007996e-05 1.08470339910127e-05 1.11996732812258e-05 1.1552312571439e-05 1.19049518616521e-05 1.21151724670199e-05 1.22779210869339e-05 1.24406687973533e-05 1.26034174172673e-05 1.27661660371814e-05 1.29289146570954e-05 1.30916623675148e-05 1.32239765662234e-05 1.32649865918211e-05 1.33059966174187e-05 1.33470066430164e-05 1.3388016668614e-05 1.34290266942116e-05 1.3470037629304e-05 1.35110476549016e-05
7.48125239624642e-06 7.78440971771488e-06 8.08756794867804e-06 8.37162860989338e-06 8.59840019984404e-06 8.8251726992894e-06 9.05194428924005e-06 9.27871587919071e-06 9.50548837863607e-06 9.73225996858673e-06 9.95903155853739e-06 9.9447770480765e-06 9.8501814136398e-06 9.7555848697084e-06 9.660988325777e-06 9.5663917818456e-06 9.4717961474089e-06 9.37719960347749e-06 9.39584424486384e-06 9.75420971371932e-06 1.01125751825748e-05 1.0470941560925e-05 1.08293070297805e-05 1.11876724986359e-05 1.15460388769861e-05 1.19044043458416e-05 1.21351513371337e-05 1.23233576232451e-05 1.25115648188512e-05 1.26997720144573e-05 1.28879783005686e-05 1.30761854961747e-05 1.32643917822861e-05 1.34257679746952e-05 1.35066511575133e-05 1.35875343403313e-05 1.36684175231494e-05 1.37493007059675e-05 1.38301829792908e-05 1.39110661621089e-05 1.3991949344927e-05
7.44641420169501e-06 7.76844626670936e-06 8.09047924121842e-06 8.3881095633842e-06 8.61253283801489e-06 8.83695702214027e-06 9.06138120626565e-06 9.28580539039103e-06 9.51022957451642e-06 9.7346528491471e-06 9.95907703327248e-06 9.94008314592065e-06 9.83995050773956e-06 9.73981786955846e-06 9.63968523137737e-06 9.53955259319628e-06 9.43941904552048e-06 9.33928640733939e-06 9.35520984057803e-06 9.71930239757057e-06 1.00833949545631e-05 1.04474875115557e-05 1.08115800685482e-05 1.11756726255408e-05 1.15397651825333e-05 1.19038577395258e-05 1.21551302072476e-05 1.2368795069051e-05 1.25824599308544e-05 1.27961257021525e-05 1.30097905639559e-05 1.3223456335254e-05 1.34371211970574e-05 1.3627559383167e-05 1.37483157232055e-05 1.38690711537492e-05 1.39898274937877e-05 1.41105838338262e-05 1.423133926437e-05 1.43520956044085e-05 1.4472851944447e-05
7.41157600714359e-06 7.75248281570384e-06 8.09339053375879e-06 8.40458960738033e-06 8.62666547618574e-06 8.84874225448584e-06 9.07081812329125e-06 9.29289399209665e-06 9.51497077039676e-06 9.73704663920216e-06 9.95912250800757e-06 9.9353901532595e-06 9.82972051133402e-06 9.72405086940853e-06 9.61838213697774e-06 9.51271249505226e-06 9.40704285312677e-06 9.30137412069598e-06 9.31457634578692e-06 9.68439599091653e-06 1.00542147265514e-05 1.0424034371681e-05 1.0793853107316e-05 1.11636727524456e-05 1.15334914880805e-05 1.19033111332101e-05 1.21751081678667e-05 1.24142325148568e-05 1.26533559523523e-05 1.28924793898477e-05 1.31316037368379e-05 1.33707271743333e-05 1.36098506118287e-05 1.38293507916387e-05 1.39899802888976e-05 1.41506088766619e-05 1.43112383739208e-05 1.4471866961685e-05 1.46324955494492e-05 1.47931250467082e-05 1.49537536344724e-05
7.37673735784483e-06 7.73651936469832e-06 8.09630182629917e-06 8.42107056087116e-06 8.64079811435658e-06 8.86052657733671e-06 9.08025504031684e-06 9.29998350329697e-06 9.5197119662771e-06 9.73943951976253e-06 9.95916798274266e-06 9.93069625110365e-06 9.81948960543377e-06 9.70828386925859e-06 9.59707813308341e-06 9.48587239690823e-06 9.37466666073306e-06 9.26346092455788e-06 9.27394285099581e-06 9.64948867476778e-06 1.00250344985398e-05 1.04005803223117e-05 1.07761261460837e-05 1.11516719698557e-05 1.15272177936276e-05 1.19027636173996e-05 1.21950870379806e-05 1.2459669051168e-05 1.27242519738502e-05 1.29888339870377e-05 1.32534160002251e-05 1.35179980134126e-05 1.37825809360947e-05 1.40311431096052e-05 1.42316448545898e-05 1.44321465995745e-05 1.46326483445591e-05 1.48331500895438e-05 1.50336518345284e-05 1.52341535795131e-05 1.54346562339924e-05
