data/working_set_collections/6091692-Cassins_Sparrow-M2/2005/qv2m_avg.asc
NCOLS 265 
NROWS 230 
XLLCORNER -115.5625 
YLLCORNER 24.8333333333333 
CELLSIZE 0.0833333333333333 
NODATA_value -9999 
[rows 114 to 132 of 230, columns 84 to 125 of 265]
0.00465249223634601 0.00464184861630201 0.00463120499625802 0.00462056184187531 0.00460991822183132 0.00460617849603295 0.00462315045297146 0.00464012240990996 0.00465709483250976 0.00467406678944826 0.00469103874638677 0.00470801070332527 0.00472498266026378 0.00476352358236909 0.00480925431475043 0.00485498504713178 0.00490071531385183 0.00494644604623318 0.00499217677861452 0.00503790751099586 0.00507325539365411 0.00507745426148176 0.00508165312930942 0.00508585153147578 0.00509005039930344 0.00509424926713109 0.00509844813495874 0.0051026470027864 0.0051156491972506 0.00513158552348614 0.00514752184972167 0.0051634581759572 0.00517939450219274 0.00519533082842827 0.0052112671546638 0.00523111363872886 0.00526269059628248 0.00529426755383611 0.00532584497705102 0.00535742193460464 0.00538899889215827 0.0054205758497119
0.00468428526073694 0.0046748393215239 0.00466539338231087 0.00465594697743654 0.0046465010382235 0.0046430341899395 0.00465750554576516 0.00467197643592954 0.0046864477917552 0.00470091868191957 0.00471539003774524 0.0047298613935709 0.00474433228373528 0.00478146085515618 0.00482614152133465 0.00487082218751311 0.00491550285369158 0.00496018398553133 0.0050048646517098 0.00504954531788826 0.00508467247709632 0.00509113864973187 0.00509760482236743 0.00510407146066427 0.00511053763329983 0.00511700380593538 0.00512346997857094 0.00512993615120649 0.00514252576977015 0.00515715591609478 0.0051717865280807 0.00518641667440534 0.00520104728639126 0.00521567743271589 0.00523030757904053 0.00524938246235251 0.00528179109096527 0.00531419971957803 0.00534660834819078 0.00537901697680354 0.0054114256054163 0.00544383423402905
0.00471607875078917 0.0047078300267458 0.00469958130270243 0.00469133257865906 0.00468308385461569 0.00467988988384604 0.00469186017289758 0.00470383046194911 0.00471580075100064 0.00472777104005218 0.00473974132910371 0.00475171161815524 0.00476368237286806 0.00479939812794328 0.00484302872791886 0.00488665979355574 0.00493029039353132 0.0049739214591682 0.00501755205914378 0.00506118312478065 0.00509608956053853 0.00510482350364327 0.00511355698108673 0.00512229092419147 0.00513102440163493 0.00513975834473968 0.00514849182218313 0.00515722576528788 0.00516940234228969 0.00518272677436471 0.00519605120643973 0.00520937563851476 0.00522269960492849 0.00523602403700352 0.00524934846907854 0.00526765175163746 0.00530089205130935 0.00533413235098124 0.00536737218499184 0.00540061248466372 0.00543385278433561 0.00546709261834621
0.00474787224084139 0.00474082073196769 0.00473376922309399 0.00472671817988157 0.00471966667100787 0.00471674557775259 0.00472621480002999 0.00473568448796868 0.00474515371024609 0.00475462339818478 0.00476409308612347 0.00477356230840087 0.00478303199633956 0.00481733493506908 0.00485991593450308 0.00490249693393707 0.00494507793337107 0.00498765893280506 0.00503023993223906 0.00507282093167305 0.00510750710964203 0.00511850789189339 0.00512950913980603 0.00514051038771868 0.00515151163563132 0.00516251288354397 0.00517351366579533 0.00518451491370797 0.00519627891480923 0.00520829716697335 0.00522031588479877 0.00523233413696289 0.00524435238912702 0.00525637064129114 0.00526838935911655 0.0052859210409224 0.00531999254599214 0.00535406451672316 0.00538813602179289 0.00542220799252391 0.00545627949759364 0.00549035100266337
0.00477966573089361 0.00477381143718958 0.00476795760914683 0.0047621033154428 0.00475624948740005 0.00475360080599785 0.00476056942716241 0.00476753851398826 0.00477450713515282 0.00478147575631738 0.00478844437748194 0.0047954129986465 0.00480238161981106 0.00483527220785618 0.00487680360674858 0.0049183345399797 0.00495986547321081 0.00500139640644193 0.00504292780533433 0.00508445873856544 0.00511892419308424 0.00513219274580479 0.00514546129852533 0.00515872985124588 0.00517199840396643 0.00518526695668697 0.00519853550940752 0.00521180406212807 0.00522315548732877 0.00523386802524328 0.0052445805631578 0.00525529263541102 0.00526600517332554 0.00527671771124005 0.00528742978349328 0.00530418986454606 0.00533909304067492 0.00537399668246508 0.00540889985859394 0.0054438030347228 0.00547870621085167 0.00551360938698053
0.00481145922094584 0.00480680214241147 0.00480214552953839 0.00479748891666532 0.00479283230379224 0.00479045649990439 0.00479492451995611 0.00479939207434654 0.00480386009439826 0.00480832811444998 0.0048127961345017 0.00481726368889213 0.00482173170894384 0.00485320948064327 0.0048936908133328 0.00493417168036103 0.00497465301305056 0.00501513434574008 0.00505561521276832 0.00509609654545784 0.00513034127652645 0.00514587759971619 0.00516141345724463 0.00517694931477308 0.00519248563796282 0.00520802149549127 0.00522355735301971 0.00523909367620945 0.0052500325255096 0.00525943888351321 0.00526884524151683 0.00527825159952044 0.00528765795752406 0.00529706431552768 0.00530647067353129 0.005322459153831 0.005358194001019 0.005393928848207 0.00542966369539499 0.00546539854258299 0.00550113338977098 0.00553686777129769
0.00484787579625845 0.00484340917319059 0.00483894301578403 0.00483447639271617 0.00483000976964831 0.00482741557061672 0.00483043817803264 0.00483346031978726 0.00483648292720318 0.00483950553461909 0.00484252767637372 0.00484555028378963 0.00484857289120555 0.00487941084429622 0.00491952104493976 0.00495963077992201 0.00499974098056555 0.00503985118120909 0.00507996138185263 0.00512007158249617 0.0051539340056479 0.00516905309632421 0.0051841726526618 0.0051992922089994 0.00521441176533699 0.00522953132167459 0.00524465087801218 0.00525977043434978 0.00526906549930573 0.0052764187566936 0.00528377247974277 0.00529112573713064 0.00529847946017981 0.00530583271756768 0.00531318597495556 0.00532790739089251 0.00536473235115409 0.00540155731141567 0.00543838227167726 0.00547520723193884 0.00551203172653913 0.00554885668680072
0.00488891592249274 0.00488363252952695 0.00487834913656116 0.00487306574359536 0.00486778281629086 0.00486447801813483 0.00486711040139198 0.00486974278464913 0.00487237516790628 0.00487500755116343 0.00487763993442059 0.00488027231767774 0.00488290470093489 0.00491387629881501 0.00495429430156946 0.00499471183866262 0.00503512984141707 0.00507554737851024 0.00511596538126469 0.00515638338401914 0.005189701449126 0.00520172016695142 0.00521373935043812 0.00522575853392482 0.00523777725175023 0.00524979643523693 0.00526181561872363 0.00527383480221033 0.00528025440871716 0.00528480811044574 0.00528936181217432 0.0052939155139029 0.00529846921563148 0.00530302291736007 0.00530757661908865 0.00532053504139185 0.00535870855674148 0.0053968820720911 0.00543505558744073 0.00547322910279036 0.00551140261813998 0.00554957566782832
0.00492995604872704 0.0049238558858633 0.00491775572299957 0.00491165556013584 0.00490555539727211 0.00490154093131423 0.00490378309041262 0.00490602571517229 0.00490826787427068 0.00491051003336906 0.00491275219246745 0.00491499481722713 0.00491723697632551 0.00494834175333381 0.00498906709253788 0.00502979289740324 0.00507051823660731 0.00511124404147267 0.00515196938067675 0.00519269518554211 0.00522546889260411 0.00523438723757863 0.00524330604821444 0.00525222439318895 0.00526114320382476 0.00527006154879928 0.00527898035943508 0.0052878987044096 0.00529144378378987 0.00529319792985916 0.00529495161026716 0.00529670529067516 0.00529845943674445 0.00530021311715245 0.00530196726322174 0.00531316315755248 0.00535268476232886 0.00539220683276653 0.0054317289032042 0.00547125097364187 0.00551077304407954 0.00555029511451721
0.00497099570930004 0.00496407877653837 0.0049571618437767 0.00495024491101503 0.00494332797825336 0.00493860337883234 0.00494045577943325 0.00494230818003416 0.00494416011497378 0.00494601251557469 0.00494786445051432 0.00494971685111523 0.00495156925171614 0.0049828072078526 0.00502384034916759 0.00506487349048257 0.00510590709745884 0.00514694023877382 0.00518797338008881 0.00522900698706508 0.00526123633608222 0.00526705430820584 0.00527287274599075 0.00527869071811438 0.005284508690238 0.00529032666236162 0.00529614510014653 0.00530196307227015 0.00530263315886259 0.0053015872836113 0.00530054140836 0.00529949553310871 0.00529844919219613 0.00529740331694484 0.00529635744169354 0.00530579080805182 0.00534666143357754 0.00538753205910325 0.00542840221896768 0.00546927284449339 0.0055101434700191 0.00555101409554482
0.00501203583553433 0.00500430213287473 0.00499656843021512 0.00498883472755551 0.00498110102489591 0.00497566629201174 0.00497712846845388 0.00497859064489603 0.00498005282133818 0.00498151499778032 0.00498297717422247 0.00498443935066462 0.00498590152710676 0.0050172726623714 0.00505861360579729 0.00509995454922318 0.00514129549264908 0.00518263643607497 0.00522397784516215 0.00526531878858805 0.00529700377956033 0.00529972137883306 0.00530243897810578 0.00530515657737851 0.00530787417665124 0.00531059224158525 0.00531330984085798 0.00531602744013071 0.00531382253393531 0.00530997663736343 0.00530613074079156 0.00530228530988097 0.0052984394133091 0.00529459351673722 0.00529074808582664 0.00529841845855117 0.00534063763916492 0.00538285681977868 0.00542507600039244 0.00546729518100619 0.00550951389595866 0.00555173307657242
0.00505307596176863 0.00504452548921108 0.00503597501665354 0.00502742407843471 0.00501887360587716 0.00501272873952985 0.00501380069181323 0.0050148731097579 0.00501594506204128 0.00501701701432467 0.00501808943226933 0.00501916138455272 0.0050202333368361 0.00505173811689019 0.005093386862427 0.0051350356079638 0.0051766843535006 0.00521833309903741 0.00525998184457421 0.00530163059011102 0.00533277122303843 0.00533238844946027 0.0053320056758821 0.00533162290230393 0.00533124012872577 0.0053308573551476 0.00533047458156943 0.00533009134232998 0.00532501190900803 0.00531836599111557 0.0053117205388844 0.00530507508665323 0.00529842963442206 0.0052917841821909 0.00528513826429844 0.00529104610905051 0.00533461384475231 0.00537818158045411 0.00542174931615591 0.00546531705185771 0.00550888478755951 0.00555245252326131
0.00509257661178708 0.00508137419819832 0.00507017178460956 0.00505896890535951 0.00504776649177074 0.00503974128514528 0.0050412486307323 0.00504275597631931 0.00504426332190633 0.00504577066749334 0.00504727801308036 0.00504878535866737 0.00505029270425439 0.00508172251284122 0.00512312678620219 0.00516453105956316 0.00520593486726284 0.00524733914062381 0.00528874341398478 0.00533014768734574 0.0053607877343893 0.00535913649946451 0.00535748526453972 0.00535583356395364 0.00535418232902884 0.00535253109410405 0.00535087985917926 0.00534922815859318 0.00534231727942824 0.00533365271985531 0.00532498816028237 0.00531632406637073 0.00530765950679779 0.00529899494722486 0.00529033085331321 0.00529482960700989 0.00533881783485413 0.00538280652835965 0.00542679475620389 0.00547078344970942 0.00551477167755365 0.00555876037105918
0.00513053871691227 0.00511484872549772 0.00509915919974446 0.00508346920832992 0.00506777921691537 0.00505670392885804 0.0050594718195498 0.00506223971024156 0.00506500760093331 0.00506777549162507 0.00507054338231683 0.00507331127300858 0.00507607916370034 0.00510722631588578 0.00514783384278417 0.00518844090402126 0.00522904796525836 0.00526965549215674 0.00531026255339384 0.00535087008029222 0.00538105331361294 0.00537996552884579 0.00537887727841735 0.0053777894936502 0.00537670124322176 0.00537561345845461 0.00537452567368746 0.00537343742325902 0.00536573864519596 0.00535583635792136 0.00534593407064676 0.00533603178337216 0.00532612949609756 0.00531622720882297 0.00530632492154837 0.00530976848676801 0.00535325007513165 0.00539673119783401 0.00544021278619766 0.00548369437456131 0.00552717549726367 0.00557065708562732
0.00516850035637617 0.00514832325279713 0.00512814614921808 0.00510796904563904 0.00508779194205999 0.0050736665725708 0.0050776950083673 0.0050817234441638 0.0050857518799603 0.0050897803157568 0.0050938087515533 0.0050978371873498 0.0051018656231463 0.00513273011893034 0.00517254043370485 0.00521235074847937 0.00525216106325388 0.00529197184368968 0.00533178215846419 0.00537159247323871 0.00540131889283657 0.00540079455822706 0.00540026975795627 0.00539974495768547 0.00539922062307596 0.00539869582280517 0.00539817148819566 0.00539764668792486 0.00538916047662497 0.00537801999598742 0.00536687998101115 0.0053557395003736 0.00534459948539734 0.00533345900475979 0.00532231898978353 0.00532470736652613 0.0053676818497479 0.00541065633296967 0.00545363081619143 0.0054966052994132 0.00553957931697369 0.00558255380019546
0.00520646246150136 0.00518179824575782 0.00515713356435299 0.00513246934860945 0.00510780513286591 0.00509062875062227 0.00509591773152351 0.00510120671242476 0.005106495693326 0.00511178467422724 0.00511707365512848 0.00512236263602972 0.00512765161693096 0.0051582339219749 0.00519724749028683 0.00523626105859876 0.0052752741612494 0.00531428772956133 0.00535330129787326 0.00539231486618519 0.0054215844720602 0.00542162312194705 0.00542166223749518 0.00542170088738203 0.00542173953726888 0.00542177818715572 0.00542181730270386 0.0054218559525907 0.00541258184239268 0.00540020363405347 0.00538782589137554 0.00537544768303633 0.00536306947469711 0.0053506912663579 0.00533831305801868 0.00533964624628425 0.00538211362436414 0.00542458100244403 0.00546704838052392 0.00550951575860381 0.0055519831366837 0.00559445098042488
0.00524442410096526 0.00521527277305722 0.0051861209794879 0.00515696965157986 0.00512781785801053 0.00510759139433503 0.00511414092034101 0.005120690446347 0.00512723997235298 0.00513378949835896 0.00514033902436495 0.00514688855037093 0.00515343807637691 0.00518373772501945 0.0052219545468688 0.00526017090305686 0.00529838725924492 0.00533660408109426 0.00537482043728232 0.00541303725913167 0.00544185005128384 0.00544245215132833 0.00544305425137281 0.0054436563514173 0.00544425845146179 0.00544486101716757 0.00544546311721206 0.00544606521725655 0.00543600367382169 0.00542238773778081 0.00540877133607864 0.00539515540003777 0.00538153946399689 0.00536792306229472 0.00535430712625384 0.00535458512604237 0.00539654586464167 0.00543850613757968 0.00548046641051769 0.00552242668345571 0.00556438695639372 0.00560634769499302
0.00528238620609045 0.00524874730035663 0.0052151083946228 0.00518146948888898 0.00514783058315516 0.00512455403804779 0.00513236410915852 0.00514017418026924 0.00514798425137997 0.00515579432249069 0.00516360439360142 0.00517141446471214 0.00517922453582287 0.00520924152806401 0.00524666113778949 0.00528408074751496 0.00532150035724044 0.0053589204326272 0.00539634004235268 0.00543375965207815 0.00546211563050747 0.0054632811807096 0.00546444673091173 0.00546561228111386 0.00546677783131599 0.00546794338151813 0.00546910893172026 0.00547027448192239 0.0054594250395894 0.00544457137584686 0.00542971724644303 0.0054148631170392 0.00540000945329666 0.00538515532389283 0.005370301194489 0.00536952400580049 0.00541097763925791 0.00545243080705404 0.00549388444051147 0.0055353376083076 0.00557679077610373 0.00561824440956116
0.00531024113297462 0.00527626182883978 0.00524228299036622 0.00520830415189266 0.00517432484775782 0.00515086716040969 0.00515897292643785 0.00516707822680473 0.0051751839928329 0.00518328975886106 0.00519139552488923 0.00519950082525611 0.00520760659128428 0.00523683009669185 0.00527309253811836 0.00530935544520617 0.00534561788663268 0.00538188079372048 0.005418143235147 0.0054544061422348 0.00548220844939351 0.00548462988808751 0.00548705132678151 0.00548947276547551 0.00549189420416951 0.00549431564286351 0.00549673708155751 0.00549915852025151 0.00548932747915387 0.00547541212290525 0.00546149723231792 0.00544758187606931 0.00543366651982069 0.00541975116357207 0.00540583580732346 0.00540545303374529 0.00544566800817847 0.00548588251695037 0.00552609749138355 0.00556631200015545 0.00560652650892735 0.00564674148336053
