data/working_set_collections/6091692-Cassins_Sparrow-M2/2005/qv2m_avg.asc
NCOLS 265 
NROWS 230 
XLLCORNER -115.5625 
YLLCORNER 24.8333333333333 
CELLSIZE 0.0833333333333333 
NODATA_value -9999 
[rows 190 to 208 of 230, columns 42 to 83 of 265]
-9999 -9999 -9999 -9999 -9999 -9999 -9999 -9999 -9999 -9999 0.0112341744825244 0.0109744584187865 0.0107147423550487 0.0104550262913108 0.0101953092962503 0.00993559323251247 0.0096758771687746 0.0094479639083147 0.00931546185165644 0.00918295886367559 0.00905045680701733 0.00891795381903648 0.00878545176237822 0.00865294877439737 0.0085204467177391 0.00845364574342966 0.00840874575078487 0.00836384575814009 0.0083189457654953 0.00827404577285051 0.00822914578020573 0.00818424578756094 0.00813271757215261 0.0080613074824214 0.00798989646136761 0.00791848637163639 0.00784707628190517 0.00777566526085138 0.00770425470545888 0.00763284415006638 0.00753217469900846 0.00742175243794918
-9999 -9999 -9999 -9999 -9999 -9999 -9999 -9999 -9999 -9999 -9999 0.0113906897604465 0.0111047457903624 0.0108188008889556 0.0105328569188714 0.0102469120174646 0.00996096711605787 0.00970837660133839 0.00955584645271301 0.00940331630408764 0.00925078615546227 0.00909825600683689 0.00894572585821152 0.00879319570958614 0.00864066556096077 0.0085655152797699 0.008516157977283 0.00846680160611868 0.00841744430363178 0.00836808793246746 0.00831873062998056 0.00826937425881624 0.00821426976472139 0.00814192183315754 0.00806957390159369 0.00799722597002983 0.00792487803846598 0.00785253010690212 0.00778018217533827 0.00770783424377441 0.00760255660861731 0.00748630287125707
-9999 -9999 -9999 -9999 -9999 -9999 -9999 -9999 -9999 -9999 -9999 -9999 0.0114506827667356 0.0111632477492094 0.0108758136630058 0.0105883786454797 0.0103009436279535 0.0100408876314759 0.00986296683549881 0.00968504603952169 0.00950712524354458 0.00932920444756746 0.00915128365159035 0.00897336285561323 0.00879544205963612 0.00870813522487879 0.00865103211253881 0.00859392900019884 0.00853682588785887 0.00847972277551889 0.00842261966317892 0.00836551655083895 0.00830434821546078 0.00823098421096802 0.00815762020647526 0.00808425527065992 0.00801089126616716 0.0079375272616744 0.00786416325718164 0.0077907987870276 0.00768267549574375 0.0075629660859704
-9999 -9999 -9999 -9999 -9999 -9999 -9999 -9999 -9999 -9999 -9999 -9999 -9999 -9999 -9999 -9999 -9999 0.0104454969987273 0.0102368230000138 0.0100281490013003 0.00981947407126427 0.00961080007255077 0.00940212607383728 0.00919345207512379 0.00898477807641029 0.00888150557875633 0.00881336629390717 0.00874522794038057 0.00867708958685398 0.00860895030200481 0.00854081194847822 0.00847267359495163 0.00840295478701591 0.00832849461585283 0.00825403537601233 0.00817957613617182 0.00810511596500874 0.00803065672516823 0.00795619748532772 0.00788173731416464 0.0077725313603878 0.00765174301341176
-9999 -9999 -9999 -9999 -9999 -9999 -9999 -9999 -9999 -9999 -9999 -9999 -9999 -9999 -9999 -9999 -9999 0.0108501063659787 0.0106106791645288 0.0103712510317564 0.0101318238303065 0.00989239569753408 0.00965296849608421 0.00941354036331177 0.0091741131618619 0.0090548750013113 0.00897570140659809 0.0088965268805623 0.00881735235452652 0.00873817875981331 0.00865900423377752 0.00857982970774174 0.00850156042724848 0.00842600595206022 0.00835045054554939 0.00827489607036114 0.00819934159517288 0.00812378618866205 0.0080482317134738 0.00797267630696297 0.00786238722503185 0.00774051994085312
-9999 -9999 -9999 -9999 -9999 -9999 -9999 -9999 -9999 -9999 -9999 -9999 -9999 -9999 -9999 -9999 -9999 0.0112547166645527 0.0109845353290439 0.010714353993535 0.0104441726580262 0.01017399225384 0.00990381091833115 0.00963362958282232 0.0093634482473135 0.00922824535518885 0.00913803558796644 0.00904782582074404 0.00895761605352163 0.00886740628629923 0.00877719651907682 0.00868698675185442 0.00860016699880362 0.00852351635694504 0.00844686664640903 0.00837021600455046 0.00829356629401445 0.00821691565215588 0.00814026594161987 0.0080636152997613 0.0079522430896759 0.00782929640263319
-9999 -9999 -9999 -9999 -9999 -9999 -9999 -9999 -9999 -9999 -9999 -9999 -9999 -9999 -9999 -9999 -9999 0.0116593260318041 0.0113583914935589 0.0110574569553137 0.0107565224170685 0.0104555878788233 0.0101546533405781 0.00985371880233288 0.00955278426408768 0.00940161570906639 0.00930037070065737 0.00919912476092577 0.00909787975251675 0.00899663381278515 0.00889538880437613 0.00879414286464453 0.00869877263903618 0.00862102769315243 0.0085432818159461 0.00846553593873978 0.00838779099285603 0.0083100451156497 0.00823230016976595 0.00815455429255962 0.00804209895431995 0.00791807379573584
-9999 -9999 -9999 -9999 -9999 -9999 -9999 -9999 -9999 -9999 -9999 -9999 -9999 -9999 -9999 -9999 -9999 0.0120639353990555 0.0117322476580739 0.0114005599170923 0.0110688712447882 0.0107371835038066 0.010405495762825 0.0100738070905209 0.00974211934953928 0.00957498606294394 0.00946270488202572 0.00935042463243008 0.00923814345151186 0.00912586227059364 0.00901358108967543 0.00890129990875721 0.00879737921059132 0.00871853809803724 0.00863969698548317 0.00856085680425167 0.0084820156916976 0.00840317457914352 0.00832433439791203 0.00824549328535795 0.008131954818964 0.00800685025751591
-9999 -9999 -9999 -9999 -9999 -9999 -9999 -9999 -9999 -9999 -9999 -9999 -9999 -9999 -9999 -9999 -9999 -9999 0.0120491087436676 0.011713738553226 0.0113783683627844 0.0110429981723428 0.0107076270505786 0.010372256860137 0.0100368866696954 0.00985548365861177 0.00972540397197008 0.00959532335400581 0.00946524366736412 0.00933516304939985 0.00920508336275816 0.00907500274479389 0.00895600952208042 0.00887027662247419 0.00878454465419054 0.00869881175458431 0.00861307885497808 0.00852734688669443 0.0084416139870882 0.00835588108748198 0.00824008416384459 0.00811426620930433
-9999 -9999 -9999 -9999 -9999 -9999 -9999 -9999 -9999 -9999 -9999 -9999 -9999 -9999 -9999 -9999 -9999 -9999 -9999 0.0119969937950373 0.011685011908412 0.0113730309531093 0.011061049066484 0.0107490681111813 0.010437086224556 0.0102431084960699 0.0100884661078453 0.00993382278829813 0.00977918040007353 0.00962453801184893 0.00946989469230175 0.00931525230407715 0.00917466543614864 0.00907624419778585 0.00897782295942307 0.00887940172106028 0.00878098141402006 0.00868256017565727 0.00858413893729448 0.00848571769893169 0.00836648885160685 0.00824032258242369
-9999 -9999 -9999 -9999 -9999 -9999 -9999 -9999 -9999 -9999 -9999 -9999 -9999 -9999 -9999 -9999 -9999 -9999 -9999 -9999 0.0119916563853621 0.0117030637338758 0.0114144710823894 0.011125878430903 0.0108372857794166 0.010630733333528 0.0104515282437205 0.010272323153913 0.0100931180641055 0.00991391204297543 0.00973470695316792 0.0095555018633604 0.00939332041889429 0.00928221084177494 0.00917110219597816 0.00905999261885881 0.00894888304173946 0.00883777346462011 0.00872666388750076 0.00861555524170399 0.00849289260804653 0.00836637895554304
-9999 -9999 -9999 -9999 -9999 -9999 -9999 -9999 -9999 -9999 -9999 -9999 -9999 -9999 -9999 -9999 -9999 -9999 -9999 -9999 -9999 0.0120330965146422 0.0117678930982947 0.0115026887506247 0.0112374853342772 0.0110183581709862 0.0108145903795958 0.0106108225882053 0.0104070547968149 0.0102032870054245 0.00999951921403408 0.00979575142264366 0.00961197633296251 0.0094881784170866 0.00936438050121069 0.00924058258533478 0.00911678466945887 0.00899298675358295 0.00886918976902962 0.0087453918531537 0.00861929636448622 0.00849243439733982
-9999 -9999 -9999 -9999 -9999 -9999 -9999 -9999 -9999 -9999 -9999 -9999 -9999 -9999 -9999 -9999 -9999 -9999 -9999 -9999 -9999 -9999 -9999 0.0118795000016689 0.0116376848891377 0.0114059830084443 0.011177652515471 0.0109493220224977 0.0107209915295243 0.010492661036551 0.0102643314749002 0.0100360009819269 0.00983063131570816 0.00969414506107569 0.00955765880644321 0.00942117255181074 0.00928468722850084 0.00914820097386837 0.0090117147192359 0.00887522846460342 0.0087457001209259 0.00861849077045918
0.0105830347165465 -9999 -9999 -9999 -9999 -9999 -9999 -9999 -9999 -9999 -9999 -9999 -9999 -9999 -9999 -9999 -9999 -9999 -9999 -9999 -9999 -9999 -9999 -9999 0.0120378844439983 0.0117936078459024 0.0115407146513462 0.0112878223881125 0.0110349291935563 0.0107820359990001 0.0105291428044438 0.0102762505412102 0.0100492872297764 0.00990011263638735 0.00975093804299831 0.00960176344960928 0.00945258885622025 0.00930341426283121 0.00915423966944218 0.00900506507605314 0.00887210387736559 0.00874454621225595
0.0102721489965916 0.0107271997258067 0.0111497072502971 -9999 -9999 -9999 -9999 -9999 -9999 -9999 -9999 -9999 -9999 -9999 -9999 -9999 -9999 -9999 -9999 -9999 -9999 -9999 -9999 -9999 -9999 0.0121244406327605 0.0118613690137863 0.0115982973948121 0.0113352257758379 0.0110721541568637 0.0108090825378895 0.0105460109189153 0.0103074423968792 0.0101423850283027 0.00997732859104872 0.00981227122247219 0.00964721385389566 0.00948215648531914 0.00931709911674261 0.00915204174816608 0.00901255290955305 0.00888158567249775
0.00990628078579903 0.0102775953710079 0.0106494976207614 0.0110231647267938 0.0113968327641487 -9999 -9999 -9999 -9999 -9999 -9999 -9999 -9999 -9999 -9999 -9999 -9999 -9999 -9999 -9999 -9999 -9999 -9999 -9999 -9999 -9999 0.0121396156027913 0.0118807489052415 0.0116218822076917 0.0113630155101418 0.011104148812592 0.0108452830463648 0.0106050996109843 0.0104209650307894 0.0102368304505944 0.0100526958703995 0.00986856129020452 0.00968442671000957 0.00950029212981462 0.00931615754961967 0.00916704628616571 0.00902960915118456
0.00954041164368391 0.00982799008488655 0.0101492879912257 0.0105717414990067 0.0109941950067878 0.0114166485145688 -9999 -9999 -9999 -9999 -9999 -9999 -9999 -9999 -9999 -9999 -9999 -9999 -9999 -9999 -9999 -9999 -9999 -9999 -9999 -9999 -9999 0.0121632004156709 0.0119085386395454 0.0116538777947426 0.0113992160186172 0.0111445542424917 0.0109027558937669 0.0106995441019535 0.0104963323101401 0.0102931205183268 0.0100899087265134 0.00988669786602259 0.00968348607420921 0.00948027428239584 0.00932153966277838 0.00917763169854879
0.00917454343289137 0.00937838573008776 0.00964907743036747 0.0101203173398972 0.0105915572494268 0.0110627971589565 -9999 -9999 -9999 -9999 -9999 -9999 -9999 -9999 -9999 -9999 -9999 -9999 -9999 -9999 -9999 -9999 -9999 -9999 -9999 -9999 -9999 -9999 0.0121951950713992 0.0119447391480207 0.0116942832246423 0.0114438263699412 0.0112004121765494 0.0109781231731176 0.0107558341696858 0.0105335460975766 0.0103112570941448 0.010088968090713 0.00986667908728123 0.00964439008384943 0.00947603397071362 0.0093256551772356
0.00880867522209883 0.00892878137528896 0.0091488678008318 0.00966889411211014 0.0101889204233885 0.0107089467346668 -9999 -9999 -9999 -9999 -9999 -9999 -9999 -9999 -9999 -9999 -9999 -9999 -9999 -9999 -9999 -9999 -9999 -9999 -9999 -9999 -9999 -9999 -9999 -9999 -9999 -9999 0.011498068459332 0.0112567022442818 0.0110153369605541 0.0107739707455039 0.0105326045304537 0.0102912383154035 0.0100498730316758 0.0098085068166256 0.00963052734732628 0.00947367772459984
