data/working_set_collections/6091692-Cassins_Sparrow-M2/2005/qv2m_avg.asc
NCOLS 265 
NROWS 230 
XLLCORNER -115.5625 
YLLCORNER 24.8333333333333 
CELLSIZE 0.0833333333333333 
NODATA_value -9999 
[rows 0 to 18 of 230, columns 0 to 41 of 265]
0.004139012657106 0.00408837199211121 0.00403773179277778 0.00398709112778306 0.00393645092844963 0.00388581026345491 0.00383516983129084 0.00380980409681797 0.00379286333918571 0.00377592258155346 0.0037589818239212 0.00374204106628895 0.00372510030865669 0.00370815955102444 0.00369646237231791 0.00370049546472728 0.00370452855713665 0.00370856164954603 0.0037125947419554 0.00371662783436477 0.00372066092677414 0.00372469401918352 0.00374799827113748 0.00377772632054985 0.00380745413713157 0.0038371819537133 0.00386691000312567 0.00389663781970739 0.00392636563628912 0.00396069884300232 0.00400884775444865 0.00405699666589499 0.00410514557734132 0.00415329448878765 0.00420144340023398 0.00424959231168032 0.00429774122312665 0.00432576984167099 0.00434709154069424 0.0043684127740562 0.00438973447307944 0.00441105617210269
0.0041542025282979 0.004107307177037 0.0040604118257761 0.00401351694017649 0.00396662158891559 0.00391972623765469 0.00387283111922443 0.00384858599863946 0.00383189111016691 0.00381519598886371 0.00379850110039115 0.00378180621191859 0.00376511132344604 0.00374841620214283 0.00373665080405772 0.00373967434279621 0.0037426978815347 0.00374572142027318 0.00374874472618103 0.00375176826491952 0.00375479180365801 0.00375781510956585 0.00378069630824029 0.00381019641645253 0.0038396967574954 0.00386919709853828 0.00389869743958116 0.00392819754779339 0.00395769765600562 0.00399101711809635 0.00403579324483871 0.00408056890591979 0.00412534503266215 0.00417012115940452 0.00421489728614688 0.00425967294722795 0.00430444907397032 0.00432988908141851 0.00434888387098908 0.00436787866055965 0.00438687298446894 0.00440586777403951
0.00416939239948988 0.0041262423619628 0.00408309232443571 0.00403994228690863 0.00399679224938154 0.00395364221185446 0.00391049217432737 0.00388736790046096 0.00387091864831746 0.00385446939617395 0.0038380203768611 0.00382157112471759 0.00380512210540473 0.00378867285326123 0.00377683946862817 0.00377885322086513 0.00378086720593274 0.0037828809581697 0.00378489471040666 0.00378690869547427 0.00378892244771123 0.00379093619994819 0.00381339411251247 0.00384266674518585 0.00387193937785923 0.00390121201053262 0.00393048487603664 0.00395975727587938 0.00398903014138341 0.00402133539319038 0.00406273826956749 0.00410414161160588 0.00414554448798299 0.00418694783002138 0.00422835070639849 0.00426975358277559 0.00431115692481399 0.00433400832116604 0.00435067620128393 0.00436734408140182 0.00438401196151972 0.00440067984163761
0.00418458227068186 0.00414517754688859 0.00410577282309532 0.00406636809930205 0.0040269629098475 0.00398755818605423 0.00394815346226096 0.00392614956945181 0.00390994641929865 0.00389374303631485 0.00387753965333104 0.00386133627034724 0.00384513288736343 0.00382892950437963 0.00381702813319862 0.0038180323317647 0.00381903629750013 0.00382004049606621 0.00382104469463229 0.00382204889319837 0.00382305309176445 0.00382405729033053 0.00384609214961529 0.00387513707391918 0.00390418223105371 0.0039332271553576 0.00396227231249213 0.00399131700396538 0.00402036216109991 0.00405165366828442 0.00408968375995755 0.00412771385163069 0.00416574394330382 0.00420377403497696 0.0042418041266501 0.00427983468398452 0.00431786477565765 0.00433812802657485 0.00435246853157878 0.004366809502244 0.00438115047290921 0.00439549144357443
0.00419977260753512 0.00416411273181438 0.00412845332175493 0.00409279344603419 0.00405713403597474 0.004021474160254 0.00398581475019455 0.00396493123844266 0.0039489739574492 0.00393301621079445 0.00391705892980099 0.00390110118314624 0.00388514366932213 0.00386918615549803 0.00385721656493843 0.00385721120983362 0.00385720562189817 0.00385720026679337 0.00385719467885792 0.00385718932375312 0.00385718396864831 0.00385717838071287 0.00387879018671811 0.0039076074026525 0.00393642485141754 0.00396524230018258 0.00399405974894762 0.00402287719771266 0.00405169418081641 0.00408197147771716 0.00411662878468633 0.00415128609165549 0.00418594339862466 0.00422060070559382 0.00425525801256299 0.00428991531953216 0.00432457262650132 0.00434224726632237 0.00435426132753491 0.00436627538874745 0.00437828898429871 0.00439030304551125
0.0042149624787271 0.00418304791674018 0.00415113335475326 0.00411921925842762 0.0040873046964407 0.00405539013445377 0.00402347557246685 0.0040037133730948 0.00398800149559975 0.0039722896181047 0.00395657820627093 0.00394086632877588 0.00392515445128083 0.00390944257378578 0.00389740522950888 0.00389639008790255 0.00389537494629622 0.00389435980468988 0.00389334466308355 0.00389232975430787 0.00389131461270154 0.0038902994710952 0.00391148822382092 0.00394007796421647 0.00396866770461202 0.00399725744500756 0.00402584718540311 0.00405443692579865 0.0040830266661942 0.00411228975281119 0.00414357427507639 0.0041748583316803 0.00420614285394549 0.00423742737621069 0.0042687114328146 0.00429999595507979 0.0043312800116837 0.0043463665060699 0.00435605365782976 0.00436574080958962 0.00437542796134949 0.00438511511310935
0.00423025246709585 0.00420233281329274 0.00417441315948963 0.00414649304002523 0.00411857338622212 0.00409065373241901 0.0040627340786159 0.0040447493083775 0.00403007678687572 0.00401540426537395 0.00400073174387217 0.00398605922237039 0.00397138670086861 0.00395671417936683 0.00394533621147275 0.00394384283572435 0.00394234899431467 0.00394085515290499 0.0039393613114953 0.00393786747008562 0.00393637362867594 0.00393487978726625 0.00395460706204176 0.00398140726611018 0.00400820793583989 0.00403500813990831 0.00406180880963802 0.00408860901370645 0.00411540968343616 0.00414243387058377 0.00417013000696898 0.00419782614335418 0.00422552227973938 0.00425321841612458 0.00428091455250978 0.00430861068889499 0.00433630682528019 0.00434975745156407 0.00435845972970128 0.00436716200783849 0.00437586428597569 0.0043845665641129
0.00424564303830266 0.00422196742147207 0.00419829180464149 0.0041746161878109 0.00415094057098031 0.00412726495414972 0.00410358933731914 0.00408804044127464 0.00407520029693842 0.0040623601526022 0.00404952047392726 0.00403668032959104 0.0040238406509161 0.00401100050657988 0.00400101020932198 0.00399956898763776 0.00399812730029225 0.00399668607860804 0.00399524439126253 0.00399380270391703 0.00399236148223281 0.0039909197948873 0.00400814646854997 0.00403159623965621 0.00405504554510117 0.00407849485054612 0.00410194462165236 0.00412539392709732 0.00414884323254228 0.00417240336537361 0.00419629598036408 0.00422018859535456 0.00424408121034503 0.0042679738253355 0.00429186644032598 0.00431575905531645 0.00433965167030692 0.00435241963714361 0.00436147954314947 0.00437053944915533 0.0043795988894999 0.00438865879550576
0.00426103314384818 0.00424160156399012 0.00422216998413205 0.00420273886993527 0.00418330729007721 0.00416387571021914 0.00414444413036108 0.00413133110851049 0.00412032380700111 0.00410931650549173 0.00409830873832107 0.00408730143681169 0.0040762941353023 0.00406528683379292 0.0040566842071712 0.00405529513955116 0.00405390560626984 0.0040525165386498 0.00405112747102976 0.00404973840340972 0.00404834933578968 0.00404695980250835 0.00406168634071946 0.00408178474754095 0.00410188315436244 0.00412198156118393 0.00414207996800542 0.0041621788404882 0.00418227724730968 0.00420237332582474 0.00422246241942048 0.00424255151301622 0.00426264060661197 0.00428272970020771 0.00430281879380345 0.0043229078873992 0.00434299698099494 0.00435508228838444 0.00436449935659766 0.00437391642481089 0.00438333349302411 0.00439275056123734
0.0042764232493937 0.00426123617216945 0.0042460486292839 0.00423086155205965 0.00421567400917411 0.00420048693194985 0.00418529938906431 0.00417462177574635 0.00416544685140252 0.00415627239271998 0.00414709746837616 0.00413792254403234 0.0041287480853498 0.00411957316100597 0.00411235820502043 0.00411102129146457 0.00410968437790871 0.00410834746435285 0.00410701055079699 0.00410567363724113 0.00410433672368526 0.0041029998101294 0.00411522621288896 0.00413197372108698 0.004148721229285 0.00416546873748302 0.00418221578001976 0.00419896328821778 0.00421571079641581 0.00423234282061458 0.00424862839281559 0.0042649139650166 0.00428119953721762 0.00429748557507992 0.00431377114728093 0.00433005671948195 0.00434634229168296 0.00435774447396398 0.00436751917004585 0.00437729340046644 0.00438706809654832 0.00439684232696891
0.00429181382060051 0.00428087031468749 0.00426992727443576 0.00425898423418403 0.0042480411939323 0.00423709815368056 0.00422615464776754 0.0042179124429822 0.00421057036146522 0.00420322827994823 0.00419588619843125 0.00418854411691427 0.004181201569736 0.00417385948821902 0.00416803173720837 0.00416674744337797 0.00416546268388629 0.0041641783900559 0.00416289363056421 0.00416160887107253 0.00416032457724214 0.00415903981775045 0.00416876608505845 0.00418216269463301 0.00419555883854628 0.00420895544812083 0.0042223515920341 0.00423574820160866 0.00424914481118321 0.00426231231540442 0.00427479483187199 0.00428727688267827 0.00429975893348455 0.00431224098429084 0.00432472303509712 0.00433720555156469 0.00434968760237098 0.0043604071252048 0.00437053898349404 0.004380670376122 0.00439080223441124 0.00440093409270048
0.00430720392614603 0.00430050492286682 0.00429380591958761 0.0042871069163084 0.00428040791302919 0.00427370890974998 0.00426700990647078 0.00426120311021805 0.00425569340586662 0.00425018416717649 0.00424467446282506 0.00423916522413492 0.0042336555197835 0.00422814581543207 0.00422370573505759 0.00422247359529138 0.00422124145552516 0.00422000885009766 0.00421877671033144 0.00421754457056522 0.00421631196513772 0.0042150798253715 0.00422230595722795 0.00423235120251775 0.00424239691346884 0.00425244215875864 0.00426248740404844 0.00427253311499953 0.00428257836028934 0.00429228227585554 0.0043009608052671 0.00430963933467865 0.00431831832975149 0.00432699685916305 0.0043356753885746 0.00434435391798615 0.004353032913059 0.00436306931078434 0.00437355833128095 0.00438404781743884 0.00439453683793545 0.00440502585843205
0.0042999479919672 0.00429685274139047 0.00429375795647502 0.00429066270589828 0.00428756745532155 0.0042844726704061 0.00428137741982937 0.00427810056135058 0.00427476316690445 0.00427142577245831 0.00426808791235089 0.00426475051790476 0.00426141312345862 0.00425807572901249 0.00425533251836896 0.00425437372177839 0.00425341492518783 0.00425245566293597 0.00425149686634541 0.00425053806975484 0.00424957880750299 0.00424862001091242 0.00425395602360368 0.00426139077171683 0.00426882551982999 0.00427625980228186 0.00428369455039501 0.00429112929850817 0.00429856358096004 0.00430592615157366 0.00431307218968868 0.00432021776214242 0.00432736380025744 0.00433450983837247 0.00434165541082621 0.00434880144894123 0.00435594748705626 0.00436549121513963 0.00437583494931459 0.00438617868348956 0.00439652195200324 0.00440686568617821
0.00427004555240273 0.00426991423591971 0.00426978291943669 0.00426965160295367 0.00426951982080936 0.00426938850432634 0.00426925718784332 0.0042686047963798 0.00426777871325612 0.00426695263013244 0.00426612654700875 0.00426530046388507 0.00426447438076138 0.0042636482976377 0.00426291255280375 0.00426244782283902 0.00426198355853558 0.00426151882857084 0.00426105409860611 0.00426058936864138 0.00426012463867664 0.00425965990871191 0.00426371674984694 0.00426928093656898 0.00427484465762973 0.00428040884435177 0.00428597256541252 0.00429153675213456 0.00429710047319531 0.00430324440822005 0.00431112851947546 0.00431901216506958 0.0043268958106637 0.00433477992191911 0.00434266356751323 0.00435054721310735 0.00435843132436275 0.00436767330393195 0.00437736790627241 0.00438706297427416 0.00439675757661462 0.00440645264461637
0.00424014311283827 0.00424297573044896 0.00424580788239837 0.00424864003434777 0.00425147218629718 0.00425430480390787 0.00425713695585728 0.00425910903140903 0.00426079425960779 0.00426247995346785 0.00426416518166661 0.00426585040986538 0.00426753563806415 0.0042692213319242 0.00427049258723855 0.00427052238956094 0.00427055172622204 0.00427058152854443 0.00427061133086681 0.00427064066752791 0.0042706704698503 0.00427070027217269 0.00427347747609019 0.00427717063575983 0.00428086426109076 0.00428455742076039 0.00428825104609132 0.00429194420576096 0.00429563736543059 0.00430056313052773 0.00430918484926224 0.00431780656799674 0.00432642828673124 0.00433505000546575 0.00434367172420025 0.00435229344293475 0.00436091516166925 0.00436985492706299 0.00437890132889152 0.00438794726505876 0.00439699366688728 0.00440603960305452
0.00421024113893509 0.00421603675931692 0.00422183284536004 0.00422762893140316 0.00423342455178499 0.00423922063782811 0.00424501672387123 0.00424961326643825 0.00425380980595946 0.00425800681114197 0.00426220381632447 0.00426640035584569 0.00427059736102819 0.00427479390054941 0.00427807262167335 0.00427859649062157 0.00427912035956979 0.0042796446941793 0.00428016856312752 0.00428069243207574 0.00428121630102396 0.00428174016997218 0.00428323820233345 0.00428506080061197 0.00428688386455178 0.0042887064628303 0.00429052906110883 0.00429235165938735 0.00429417425766587 0.00429788138717413 0.00430724117904902 0.00431660050526261 0.0043259602971375 0.00433532008901238 0.00434467941522598 0.00435403920710087 0.00436339899897575 0.00437203701585531 0.00438043428584933 0.00438883202150464 0.00439722929149866 0.00440562702715397
0.00418033869937062 0.00418909825384617 0.00419785780832171 0.00420661736279726 0.00421537738293409 0.00422413693740964 0.00423289649188519 0.00424011750146747 0.00424682581797242 0.00425353413447738 0.00426024198532104 0.004266950301826 0.00427365861833096 0.00428036693483591 0.00428565265610814 0.00428667105734348 0.00428768899291754 0.00428870739415288 0.00428972579538822 0.00429074373096228 0.00429176213219762 0.00429278053343296 0.00429299892857671 0.00429295096546412 0.00429290300235152 0.00429285503923893 0.00429280707612634 0.00429275911301374 0.00429271114990115 0.00429519964382052 0.00430529750883579 0.00431539490818977 0.00432549230754375 0.00433559017255902 0.004345687571913 0.00435578497126698 0.00436588283628225 0.00437421863898635 0.00438196770846844 0.00438971631228924 0.00439746491611004 0.00440521398559213
0.00415043625980616 0.00416215974837542 0.00417388323694468 0.00418560625985265 0.00419732974842191 0.00420905277132988 0.00422077625989914 0.00423062173649669 0.00423984136432409 0.0042490609921515 0.0042582806199789 0.00426750024780631 0.00427671987563372 0.00428593950346112 0.00429323269054294 0.00429474515840411 0.00429625762626529 0.00429777009412646 0.00429928302764893 0.0043007954955101 0.00430230796337128 0.00430382043123245 0.00430275965481997 0.00430084113031626 0.00429892260581255 0.00429700408130884 0.00429508555680513 0.00429316703230143 0.00429124804213643 0.00429251836612821 0.00430335383862257 0.00431418931111693 0.0043250247836113 0.00433586025610566 0.00434669572860003 0.00435753120109439 0.00436836667358875 0.00437640026211739 0.00438350066542625 0.00439060060307384 0.0043977010063827 0.00440480094403028
0.00412286072969437 0.00413530878722668 0.00414775731042027 0.00416020536795259 0.0041726534254849 0.00418510194867849 0.0041975500062108 0.00420802971348166 0.00421785283833742 0.00422767642885447 0.00423749955371022 0.00424732314422727 0.00425714626908302 0.00426696985960007 0.00427482184022665 0.004276760853827 0.00427869986742735 0.0042806388810277 0.00428257789462805 0.0042845169082284 0.00428645592182875 0.0042883949354291 0.00428849505260587 0.00428798142820597 0.00428746826946735 0.00428695464506745 0.00428644148632884 0.00428592786192894 0.00428541470319033 0.0042879693210125 0.00429972726851702 0.00431148521602154 0.00432324316352606 0.00433500111103058 0.0043467590585351 0.00435851700603962 0.00437027495354414 0.00437944428995252 0.0043877512216568 0.0043960576876998 0.00440436461940408 0.00441267155110836
