data/working_set_collections/6091692-Cassins_Sparrow-M2/2005/qv2m_avg.asc
NCOLS 265 
NROWS 230 
XLLCORNER -115.5625 
YLLCORNER 24.8333333333333 
CELLSIZE 0.0833333333333333 
NODATA_value -9999 
[rows 19 to 37 of 230, columns 168 to 209 of 265]
0.00546692172065377 0.00548375863581896 0.00550059555098414 0.00551743246614933 0.00553677743300796 0.0055569582618773 0.00557713909074664 0.00559732038527727 0.00561750121414661 0.00563768204301596 0.0056578628718853 0.00567851029336452 0.00570055656135082 0.00572260282933712 0.00574464909732342 0.00576669536530972 0.00578874163329601 0.00581078790128231 0.00583283416926861 0.0058578522875905 0.00588386133313179 0.00590986991301179 0.00593587895855308 0.00596188800409436 0.00598789658397436 0.00601390562951565 0.00603861873969436 0.00605944450944662 0.00608027027919888 0.00610109604895115 0.0061219222843647 0.00614274805411696 0.00616357382386923 0.00618439959362149 0.0062004504725337 0.00621491018682718 0.00622936990112066 0.00624382961541414 0.00625828932970762 0.0062727490440011 0.00628720875829458 0.00630154460668564
0.00548498285934329 0.00550198974087834 0.0055189966224134 0.00553600350394845 0.00555554684251547 0.00557593535631895 0.00559632387012243 0.00561671238392591 0.0056371008977294 0.00565748987719417 0.00567787839099765 0.00569883175194263 0.00572147918865085 0.00574412709102035 0.00576677452772856 0.00578942243009806 0.00581206986680627 0.00583471776917577 0.00585736520588398 0.00588273908942938 0.00590902147814631 0.00593530386686325 0.00596158625558019 0.00598786864429712 0.00601415103301406 0.006040433421731 0.00606525829061866 0.00608570966869593 0.0061061610467732 0.00612661242485046 0.00614706333726645 0.00616751471534371 0.00618796609342098 0.00620841747149825 0.00622438453137875 0.00623885681852698 0.00625332910567522 0.00626780139282346 0.0062822736799717 0.00629674596711993 0.00631121825426817 0.00632562348619103
0.00550304399803281 0.00552022084593773 0.00553739769384265 0.00555457454174757 0.00557431578636169 0.00559491198509932 0.00561550864949822 0.00563610484823585 0.00565670104697347 0.00567729724571109 0.00569789344444871 0.00571915321052074 0.00574240228161216 0.00576565135270357 0.00578890042379498 0.0058121494948864 0.00583539856597781 0.00585864763706923 0.00588189670816064 0.00590762589126825 0.00593418162316084 0.00596073782071471 0.0059872935526073 0.00601384928449988 0.00604040548205376 0.00606696121394634 0.00609189737588167 0.00611197436228395 0.00613205134868622 0.00615212833508849 0.00617220485582948 0.00619228184223175 0.00621235882863402 0.0062324358150363 0.00624831859022379 0.00626280345022678 0.00627728831022978 0.00629177317023277 0.00630625803023577 0.00632074289023876 0.00633522775024176 0.00634970190003514
0.00552110513672233 0.00553845195099711 0.0055557987652719 0.00557314557954669 0.00559308519586921 0.00561388907954097 0.00563469296321273 0.00565549684688449 0.00567630119621754 0.0056971050798893 0.00571790896356106 0.00573947466909885 0.00576332490891218 0.0057871756143868 0.00581102631986141 0.00583487655967474 0.00585872726514935 0.00588257750496268 0.0059064282104373 0.00593251269310713 0.00595934223383665 0.00598617130890489 0.00601300084963441 0.00603983039036393 0.00606665946543217 0.00609348900616169 0.00611853646114469 0.00613823905587196 0.00615794165059924 0.00617764424532652 0.00619734637439251 0.00621704896911979 0.00623675156384706 0.00625645415857434 0.00627225264906883 0.00628675008192658 0.00630124751478434 0.00631574494764209 0.00633024238049984 0.00634473981335759 0.00635923724621534 0.00637378077954054
0.00553916674107313 0.0055566830560565 0.00557419983670115 0.00559171661734581 0.00561185460537672 0.00563286617398262 0.00565387774258852 0.00567488931119442 0.00569590087980032 0.00571691291406751 0.00573792448267341 0.00575979612767696 0.00578424800187349 0.00580869987607002 0.00583315175026655 0.00585760362446308 0.00588205549865961 0.00590650783851743 0.00593095971271396 0.005957399494946 0.00598450237885118 0.00601160526275635 0.00603870814666152 0.00606581103056669 0.00609291391447186 0.00612001679837704 0.00614517601206899 0.00616450374945998 0.00618383195251226 0.00620316015556455 0.00622248789295554 0.00624181609600782 0.00626114429906011 0.0062804720364511 0.00629618670791388 0.00631069671362638 0.00632520671933889 0.0063397167250514 0.0063542271964252 0.00636873720213771 0.00638324720785022 0.00639785965904593
0.0055626267567277 0.00557959964498878 0.00559657253324986 0.00561354542151093 0.00563389621675014 0.00565537344664335 0.00567685021087527 0.00569832697510719 0.00571980373933911 0.00574128050357103 0.00576275726780295 0.00578515604138374 0.00581032130867243 0.00583548657596111 0.0058606518432498 0.00588581711053848 0.00591098237782717 0.00593614764511585 0.00596131291240454 0.0059881410561502 0.00601552380248904 0.00604290654882789 0.00607028929516673 0.00609767157584429 0.00612505432218313 0.00615243706852198 0.0061777881346643 0.00619704416021705 0.0062163001857698 0.00623555621132255 0.0062548122368753 0.00627406826242805 0.0062933242879808 0.00631258031353354 0.00632804818451405 0.00634225364774466 0.00635645864531398 0.00637066410854459 0.00638486910611391 0.00639907410368323 0.00641327956691384 0.00642757769674063
0.00559148611500859 0.00560720171779394 0.00562291732057929 0.00563863292336464 0.00565921096131206 0.00568141043186188 0.0057036099024117 0.00572580937296152 0.00574800884351134 0.00577020831406116 0.00579240778461099 0.00581555487588048 0.00584154529497027 0.00586753571406007 0.00589352613314986 0.00591951655223966 0.00594550697132945 0.00597149739041924 0.00599748780950904 0.00602473737671971 0.00605240603908896 0.0060800751671195 0.00610774382948875 0.006135412491858 0.00616308161988854 0.0061907502822578 0.00621637376025319 0.00623585982248187 0.00625534635037184 0.0062748328782618 0.00629431940615177 0.00631380546838045 0.00633329199627042 0.00635277852416039 0.00636783707886934 0.00638141995295882 0.0063950028270483 0.00640858616679907 0.00642216904088855 0.00643575191497803 0.00644933478906751 0.00646293582394719
0.00562034547328949 0.00563480379059911 0.00564926164224744 0.00566371995955706 0.00568452570587397 0.00570744788274169 0.00573037005960941 0.00575329223647714 0.00577621441334486 0.0057991361245513 0.00582205830141902 0.00584595371037722 0.00587276928126812 0.00589958485215902 0.00592640088871121 0.00595321645960212 0.00598003203049302 0.00600684760138392 0.00603366317227483 0.00606133323162794 0.00608928827568889 0.00611724331974983 0.00614519836381078 0.00617315340787172 0.00620110845193267 0.00622906349599361 0.0062549589201808 0.00627467595040798 0.00629439251497388 0.00631410954520106 0.00633382610976696 0.00635354313999414 0.00637325970456004 0.00639297626912594 0.00640762597322464 0.00642058672383428 0.00643354747444391 0.00644650822505355 0.0064594685100019 0.00647242926061153 0.00648539001122117 0.00649829348549247
0.00564920483157039 0.00566240586340427 0.00567560642957687 0.00568880699574947 0.00570984091609716 0.0057334853336215 0.00575713021680713 0.00578077463433146 0.00580441951751709 0.00582806393504143 0.00585170881822705 0.00587635254487395 0.00590399326756597 0.00593163399025798 0.00595927517861128 0.00598691590130329 0.0060145566239953 0.0060421978123486 0.00606983853504062 0.00609792955219746 0.0061261709779501 0.00615441193804145 0.00618265336379409 0.00621089432388544 0.00623913574963808 0.00626737670972943 0.00629354454576969 0.00631349161267281 0.00633343867957592 0.00635338621214032 0.00637333327904344 0.00639328034594655 0.00641322741284966 0.00643317447975278 0.00644741486757994 0.00645975349470973 0.00647209165617824 0.00648443028330803 0.00649676844477654 0.00650910660624504 0.00652144523337483 0.00653365114703774
0.00567806465551257 0.00569000747054815 0.00570195075124502 0.00571389403194189 0.00573515566065907 0.00575952278450131 0.00578388990834355 0.00580825749784708 0.00583262462168932 0.00585699221119285 0.00588135933503509 0.00590675137937069 0.00593521725386381 0.00596368359401822 0.00599214946851134 0.00602061534300447 0.00604908168315887 0.006077547557652 0.00610601343214512 0.00613452587276697 0.00616305321455002 0.00619158055633307 0.00622010789811611 0.00624863523989916 0.0062771625816822 0.00630568992346525 0.00633213017135859 0.00635230774059892 0.00637248484417796 0.00639266241341829 0.00641283998265862 0.00643301755189896 0.00645319512113929 0.00647337269037962 0.00648720422759652 0.00649892026558518 0.00651063630357385 0.00652235234156251 0.00653406837955117 0.00654578441753983 0.0065575004555285 0.00656900927424431
0.00570692401379347 0.00571760954335332 0.00572829553857446 0.0057389815337956 0.00576047040522099 0.00578556023538113 0.00581065006554127 0.00583573989570141 0.00586082972586155 0.00588592002168298 0.00591100985184312 0.00593715021386743 0.00596644124016166 0.00599573273211718 0.00602502375841141 0.00605431525036693 0.00608360627666116 0.00611289776861668 0.00614218879491091 0.0061711217276752 0.00619993545114994 0.00622874917462468 0.00625756243243814 0.00628637615591288 0.00631518987938762 0.00634400313720107 0.00637071533128619 0.00639112340286374 0.00641153147444129 0.00643193908035755 0.0064523471519351 0.00647275475785136 0.00649316282942891 0.00651357043534517 0.00652699312195182 0.00653808657079935 0.00654918048530817 0.00656027439981699 0.00657136784866452 0.00658246176317334 0.00659355521202087 0.00660436693578959
0.00573246460407972 0.00574291544035077 0.00575336674228311 0.00576381757855415 0.00578563660383224 0.00581124518066645 0.00583685329183936 0.00586246186867356 0.00588807044550776 0.00591367855668068 0.00593928713351488 0.00596596207469702 0.00599583704024553 0.00602571154013276 0.00605558650568128 0.00608546147122979 0.00611533597111702 0.00614521093666553 0.00617508590221405 0.00620406959205866 0.00623275665566325 0.00626144371926785 0.00629013078287244 0.00631881738081574 0.00634750444442034 0.00637619150802493 0.00640282174572349 0.00642328197136521 0.00644374219700694 0.00646420242264867 0.0064846626482904 0.00650512287393212 0.00652558356523514 0.00654604379087687 0.00655924482271075 0.00657002674415708 0.0065808086656034 0.00659159012138844 0.00660237204283476 0.0066131534986198 0.00662393542006612 0.00663440069183707
0.00575468642637134 0.00576592516154051 0.00577716436237097 0.00578840309754014 0.00581065472215414 0.00583657762035728 0.00586250051856041 0.00588842295110226 0.00591434584930539 0.00594026828184724 0.00596619118005037 0.00599318742752075 0.00602340418845415 0.00605362094938755 0.00608383771032095 0.00611405447125435 0.00614427123218775 0.00617448799312115 0.00620470475405455 0.00623336946591735 0.00626151682808995 0.00628966419026256 0.00631781201809645 0.00634595938026905 0.00637410674244165 0.00640225457027555 0.00642844848334789 0.00644878344610333 0.00646911794319749 0.00648945290595293 0.00650978740304708 0.00653012236580253 0.00655045686289668 0.00657079135999084 0.0065839602611959 0.00659474031999707 0.00660552037879825 0.00661629997193813 0.00662708003073931 0.00663786008954048 0.00664864014834166 0.00665911007672548
0.00577690824866295 0.00578893534839153 0.00580096198245883 0.00581298861652613 0.00583567330613732 0.0058619100600481 0.00588814727962017 0.00591438403353095 0.00594062125310302 0.00596685847267509 0.00599309522658587 0.00602041278034449 0.00605097133666277 0.00608152989298105 0.00611208844929934 0.00614264747127891 0.00617320602759719 0.00620376458391547 0.00623432314023376 0.00626266887411475 0.00629027700051665 0.00631788512691855 0.00634549325332046 0.00637310137972236 0.00640070904046297 0.00642831716686487 0.00645407568663359 0.00647428492084146 0.00649449368938804 0.0065147029235959 0.00653491215780377 0.00655512139201164 0.00657533016055822 0.00659553939476609 0.00660867523401976 0.00661945343017578 0.00663023209199309 0.00664101028814912 0.00665178848430514 0.00666256668046117 0.00667334487661719 0.00668381946161389
0.00579913053661585 0.00581194506958127 0.00582475960254669 0.00583757413551211 0.00586069142445922 0.00588724249973893 0.00591379404067993 0.00594034558162093 0.00596689665690064 0.00599344819784164 0.00601999927312136 0.00604763813316822 0.00607853848487139 0.00610943930223584 0.00614033965393901 0.00617124047130346 0.00620214082300663 0.00623304164037108 0.00626394199207425 0.00629196874797344 0.00631903717294335 0.00634610559791327 0.00637317448854446 0.00640024291351438 0.00642731180414557 0.00645438022911549 0.00647970242425799 0.00649978592991829 0.00651986943557858 0.00653995294123888 0.00656003691256046 0.00658012041822076 0.00660020392388105 0.00662028742954135 0.0066333906725049 0.00664416700601578 0.00665494380518794 0.00666572013869882 0.00667649647220969 0.00668727327138186 0.00669804960489273 0.0067085288465023
0.00582135235890746 0.00583495479077101 0.00584855722263455 0.0058621596544981 0.00588570954278111 0.00591257540509105 0.00593944080173969 0.00596630666404963 0.00599317206069827 0.0060200379230082 0.00604690331965685 0.00607486348599195 0.00610610563308001 0.00613734824582934 0.00616859085857868 0.00619983347132802 0.00623107561841607 0.00626231823116541 0.00629356084391475 0.00632126815617085 0.00634779734537005 0.00637432653456926 0.00640085572376847 0.00642738491296768 0.00645391410216689 0.0064804432913661 0.00650532962754369 0.00652528740465641 0.00654524518176913 0.00656520342454314 0.00658516120165586 0.00660511944442987 0.0066250772215426 0.00664503546431661 0.00665810564532876 0.00666888058185577 0.00667965551838279 0.00669042998924851 0.00670120492577553 0.00671197939664125 0.00672275433316827 0.00673323823139071
0.00584357418119907 0.00585796451196074 0.00587235484272242 0.00588674517348409 0.00591072766110301 0.00593790784478188 0.00596508756279945 0.00599226774647832 0.0060194474644959 0.00604662764817476 0.00607380736619234 0.00610208883881569 0.00613367324694991 0.00616525765508413 0.00619684206321836 0.00622842647135258 0.0062600108794868 0.00629159528762102 0.00632317969575524 0.00635056803002954 0.00637655751779675 0.00640254747122526 0.00642853695899248 0.0064545264467597 0.00648051640018821 0.00650650588795543 0.0065309563651681 0.00655078887939453 0.00657062139362097 0.00659045344218612 0.00661028595641255 0.00663011847063899 0.00664995098486543 0.00666978303343058 0.00668282108381391 0.00669359415769577 0.00670436723157763 0.00671513983979821 0.00672591291368008 0.00673668598756194 0.00674745906144381 0.00675794761627913
0.00586208421736956 0.00587825383991003 0.0058944234624505 0.00591059308499098 0.00593536673113704 0.00596300885081291 0.00599065097048879 0.00601829309016466 0.00604593520984054 0.00607357732951641 0.00610121944919229 0.00612980592995882 0.00616122642531991 0.006192646920681 0.0062240669503808 0.00625548744574189 0.00628690747544169 0.00631832797080278 0.00634974846616387 0.00637657754123211 0.00640187691897154 0.00642717583104968 0.00645247474312782 0.00647777412086725 0.0065030730329454 0.00652837194502354 0.00655229156836867 0.00657207285985351 0.00659185415133834 0.00661163544282317 0.006631416734308 0.00665119802579284 0.00667097931727767 0.0066907606087625 0.0067039760760963 0.00671500340104103 0.00672603026032448 0.00673705711960793 0.00674808444455266 0.00675911130383611 0.00677013816311955 0.00678088422864676
0.00587688153609633 0.00589582184329629 0.00591476215049624 0.0059337024576962 0.0059596267528832 0.00598787888884544 0.0060161305591464 0.00604438269510865 0.0060726348310709 0.00610088696703315 0.0061291391029954 0.00615801569074392 0.00618876609951258 0.00621951604261994 0.0062502664513886 0.00628101639449596 0.00631176680326462 0.00634251721203327 0.00637326715514064 0.00639929762110114 0.00642375508323312 0.00644821207970381 0.00647266954183578 0.00649712653830647 0.00652158400043845 0.00654604099690914 0.00656933523714542 0.00658913981169462 0.00660894438624382 0.00662874896079302 0.0066485540010035 0.0066683585755527 0.0066881631501019 0.0067079677246511 0.00672157155349851 0.00673310831189156 0.0067446450702846 0.00675618182867765 0.0067677185870707 0.00677925534546375 0.0067907921038568 0.00680204713717103
