data/working_set_collections/6091692-Cassins_Sparrow-M2/2005/rzmc_avg.asc
NCOLS 265 
NROWS 230 
XLLCORNER -115.5625 
YLLCORNER 24.8333333333333 
CELLSIZE 0.0833333333333333 
NODATA_value -9999 
[rows 20 to 39 of 230, columns 132 to 175 of 265]
0.167698606848717 0.166278660297394 0.165190309286118 0.16509672999382 0.165003150701523 0.164909586310387 0.164816007018089 0.164722427725792 0.164628848433495 0.164535284042358 0.1648178845644 0.165225893259048 0.165633901953697 0.166041910648346 0.166449919342995 0.166857928037643 0.167265936732292 0.166063204407692 0.160028219223022 0.153993248939514 0.147958263754845 0.141923293471336 0.135888308286667 0.129853338003159 0.12381836026907 0.117745816707611 0.111660748720169 0.105575688183308 0.0994906201958656 0.0934055596590042 0.0873204916715622 0.0812354311347008 0.07654969394207 0.076061949133873 0.0755741968750954 0.0750864446163177 0.0745986998081207 0.0741109475493431 0.0736232027411461 0.0731354504823685 0.0729265585541725 0.0728106275200844 0.0726946964859962 0.0725787580013275
0.16791333258152 0.166411146521568 0.165233075618744 0.16502733528614 0.164821594953537 0.164615869522095 0.164410129189491 0.164204388856888 0.163998663425446 0.163792923092842 0.164005160331726 0.164356723427773 0.164708271622658 0.165059834718704 0.165411397814751 0.165762960910797 0.166114509105682 0.164654418826103 0.157759323716164 0.150864228606224 0.143969148397446 0.137074053287506 0.130178973078728 0.123283877968788 0.116388790309429 0.110873341560364 0.105817779898643 0.100762210786343 0.0957066416740417 0.0906510725617409 0.0855955109000206 0.0805399417877197 0.0766161978244781 0.0760879218578339 0.0755596458911896 0.0750313699245453 0.0745031014084816 0.0739748254418373 0.073446549475193 0.0729182735085487 0.0727711319923401 0.0727510377764702 0.0727309361100197 0.0727108418941498
0.168128058314323 0.166543632745743 0.165275827050209 0.164957940578461 0.164640039205551 0.164322152733803 0.164004251360893 0.163686364889145 0.163368463516235 0.163050577044487 0.163192436099052 0.163487538695335 0.16378265619278 0.164077758789062 0.164372876286507 0.16466797888279 0.164963096380234 0.163245618343353 0.155490428209305 0.147735223174095 0.139980018138885 0.132224828004837 0.124469630420208 0.116714425384998 0.108959227800369 0.104000873863697 0.0999748036265373 0.0959487333893776 0.0919226631522179 0.0878965929150581 0.0838705226778984 0.0798444524407387 0.0766826942563057 0.0761138945817947 0.0755450949072838 0.0749762952327728 0.0744074955582619 0.0738386958837509 0.07326989620924 0.072701096534729 0.0726157054305077 0.0726914405822754 0.0727671831846237 0.072842925786972
0.168342798948288 0.166676118969917 0.165318593382835 0.164888545870781 0.164458483457565 0.164028435945511 0.163598373532295 0.163168326020241 0.162738278508186 0.162308216094971 0.162379696965218 0.162618368864059 0.16285702586174 0.163095682859421 0.163334339857101 0.163573011755943 0.163811668753624 0.161836832761765 0.153221517801285 0.144606217741966 0.135990902781487 0.127375587821007 0.118760280311108 0.110144972801208 0.101529665291309 0.0971284061670303 0.0941318273544312 0.0911352559924126 0.088138684630394 0.0851421058177948 0.0821455344557762 0.079148955643177 0.0767491981387138 0.0761398747563362 0.0755305513739586 0.0749212205410004 0.0743118971586227 0.0737025737762451 0.0730932503938675 0.0724839270114899 0.0724602788686752 0.0726318508386612 0.0728034302592278 0.0729750022292137
0.168624192476273 0.166935175657272 0.165553063154221 0.16509160399437 0.164630144834518 0.164168670773506 0.163707211613655 0.163245752453804 0.162784293293953 0.162322834134102 0.162338510155678 0.162513241171837 0.162687972187996 0.162862703204155 0.163037434220314 0.163212150335312 0.163386881351471 0.161381751298904 0.152837052941322 0.144292339682579 0.135747641324997 0.127202928066254 0.118658229708672 0.110113523900509 0.101568818092346 0.0976646319031715 0.0953072905540466 0.0929499417543411 0.0905926004052162 0.0882352516055107 0.0858779102563858 0.0835205689072609 0.0814483687281609 0.0802316144108772 0.0790148600935936 0.07779810577631 0.0765813514590263 0.0753645971417427 0.0741478428244591 0.0729310885071754 0.0729327276349068 0.0733404979109764 0.073748268187046 0.0741560384631157
0.168972238898277 0.16732083261013 0.165979236364365 0.165567114949226 0.165154993534088 0.16474287211895 0.164330750703812 0.163918629288673 0.163506522774696 0.163094401359558 0.163068860769272 0.163172170519829 0.163275480270386 0.163378804922104 0.163482114672661 0.163585439324379 0.163688749074936 0.161880388855934 0.154337003827095 0.146793618798256 0.139250233769417 0.131706848740578 0.124163463711739 0.116620071232319 0.10907668620348 0.105609558522701 0.103501178324223 0.101392798125744 0.0992844179272652 0.0971760302782059 0.0950676500797272 0.0929592698812485 0.0907802134752274 0.0883891209959984 0.08599803596735 0.083606943488121 0.0812158510088921 0.0788247585296631 0.0764336735010147 0.0740425810217857 0.0740330517292023 0.0748173743486404 0.0756017044186592 0.0763860270380974
0.169320300221443 0.167706474661827 0.166405409574509 0.166042625904083 0.165679857134819 0.165317073464394 0.164954289793968 0.164591521024704 0.164228737354279 0.163865968585014 0.163799196481705 0.163831099867821 0.163863003253937 0.163894906640053 0.163926810026169 0.163958713412285 0.163990616798401 0.162379026412964 0.155836954712868 0.149294897913933 0.142752826213837 0.136210754513741 0.129668697714806 0.123126626014709 0.116584561765194 0.11355447769165 0.111695066094398 0.109835647046566 0.107976227998734 0.106116808950901 0.104257397353649 0.102397978305817 0.100112058222294 0.0965466350317001 0.0929812043905258 0.0894157811999321 0.0858503505587578 0.0822849273681641 0.0787195041775703 0.075154073536396 0.0751333758234978 0.0762942582368851 0.0774551331996918 0.0786160156130791
0.169668361544609 0.168092116713524 0.166831567883492 0.16651813685894 0.166204705834389 0.165891274809837 0.165577843785286 0.165264397859573 0.164950966835022 0.164637535810471 0.164529547095299 0.164490029215813 0.164450526237488 0.164411008358002 0.164371505379677 0.164331987500191 0.164292484521866 0.162877663969994 0.157336920499802 0.151796162128448 0.146255418658257 0.140714675188065 0.135173931717873 0.129633173346519 0.124092429876328 0.12149940431118 0.119888953864574 0.118278495967388 0.116668045520782 0.115057587623596 0.113447137176991 0.111836686730385 0.10944390296936 0.104704141616821 0.0999643802642822 0.0952246189117432 0.0904848575592041 0.085745096206665 0.081005334854126 0.0762655735015869 0.0762337073683739 0.0777711346745491 0.0793085694313049 0.0808460041880608
0.170016422867775 0.168477758765221 0.167257741093636 0.166993647813797 0.16672956943512 0.166465476155281 0.166201382875443 0.165937289595604 0.165673196315765 0.165409103035927 0.165259897708893 0.165148973464966 0.165038049221039 0.164927124977112 0.164816200733185 0.164705276489258 0.164594352245331 0.163376301527023 0.158836871385574 0.154297441244125 0.149758011102676 0.145218580961227 0.14067916572094 0.136139735579491 0.131600305438042 0.12944433093071 0.12808284163475 0.126721352338791 0.125359863042831 0.123998366296291 0.122636877000332 0.121275387704372 0.118775747716427 0.112861648201942 0.106947556138039 0.101033456623554 0.0951193571090698 0.0892052575945854 0.0832911655306816 0.0773770660161972 0.0773340314626694 0.0792480185627937 0.0811620056629181 0.0830759927630424
0.170364484190941 0.168863400816917 0.16768391430378 0.167469173669815 0.167254418134689 0.167039677500725 0.166824921965599 0.166610166430473 0.166395425796509 0.166180670261383 0.165990233421326 0.165807902812958 0.165625557303429 0.165443226695061 0.165260881185532 0.165078550577164 0.164896219968796 0.163874939084053 0.160336822271347 0.156798720359802 0.153260603547096 0.149722501635551 0.146184384822845 0.142646282911301 0.139108180999756 0.13738925755024 0.136276721954346 0.135164201259613 0.13405168056488 0.132939144968987 0.131826624274254 0.13071408867836 0.128107592463493 0.121019162237644 0.113930724561214 0.106842294335365 0.0997538566589355 0.0926654264330864 0.0855769962072372 0.0784885585308075 0.0784343555569649 0.0807249024510384 0.0830154418945312 0.0853059813380241
0.170610263943672 0.16914264857769 0.16799159348011 0.167790219187737 0.167588829994202 0.167387455701828 0.167186066508293 0.16698469221592 0.166783317923546 0.166581928730011 0.16638445854187 0.166188269853592 0.165992096066475 0.165795907378197 0.16559973359108 0.165403544902802 0.165207371115685 0.164193689823151 0.160727500915527 0.157261297106743 0.15379510819912 0.150328919291496 0.146862730383873 0.143396526575089 0.139930337667465 0.138921394944191 0.138731524348259 0.138541668653488 0.138351798057556 0.138161942362785 0.137972071766853 0.137782201170921 0.135808780789375 0.128484636545181 0.121160507202148 0.113836377859116 0.106512248516083 0.0991881117224693 0.0918639823794365 0.0845398455858231 0.0842534601688385 0.0863129869103432 0.0883725136518478 0.0904320329427719
0.170753747224808 0.169315487146378 0.168180778622627 0.167956799268723 0.167732805013657 0.167508825659752 0.167284831404686 0.167060852050781 0.166836857795715 0.166612878441811 0.166442543268204 0.166290089488029 0.166137635707855 0.165985181927681 0.165832728147507 0.165680274367332 0.165527820587158 0.164332553744316 0.160008877515793 0.15568520128727 0.151361525058746 0.147037833929062 0.142714157700539 0.138390481472015 0.134066805243492 0.134040758013725 0.13544724881649 0.136853739619255 0.138260245323181 0.139666736125946 0.141073226928711 0.142479732632637 0.141879305243492 0.135258108377457 0.128636911511421 0.122015707194805 0.11539451032877 0.108773320913315 0.102152124047279 0.0955309271812439 0.0947913303971291 0.0960122719407082 0.0972332134842873 0.0984541550278664
0.170897245407104 0.169488310813904 0.168369963765144 0.168123379349709 0.167876780033112 0.167630195617676 0.167383596301079 0.167137011885643 0.166890412569046 0.166643813252449 0.166500627994537 0.166391894221306 0.166283175349236 0.166174441576004 0.166065722703934 0.165956988930702 0.165848270058632 0.164471432566643 0.159290254116058 0.154109090566635 0.148927927017212 0.143746763467789 0.138565599918365 0.133384421467781 0.128203257918358 0.129160106182098 0.132162973284721 0.135165825486183 0.138168677687645 0.141171529889107 0.144174382090569 0.147177249193192 0.147949814796448 0.142031565308571 0.136113300919533 0.130195036530495 0.124276779592037 0.11835852265358 0.112440265715122 0.106522001326084 0.105329208076 0.105711564421654 0.106093920767307 0.106476277112961
0.171040743589401 0.169661149382591 0.168559148907661 0.168289959430695 0.168020755052567 0.167751550674438 0.167482361197472 0.167213156819344 0.166943967342377 0.166674762964249 0.166558712720871 0.166493713855743 0.166428714990616 0.166363716125488 0.166298717260361 0.166233718395233 0.166168704628944 0.164610296487808 0.158571645617485 0.152532994747162 0.146494328975677 0.140455678105354 0.134417027235031 0.128378376364708 0.122339718043804 0.124279469251633 0.128878682851791 0.13347789645195 0.138077110052109 0.142676323652267 0.147275552153587 0.151874765753746 0.154020339250565 0.148805022239685 0.143589690327644 0.138374373316765 0.133159056305885 0.127943724393845 0.122728407382965 0.117513082921505 0.115867078304291 0.115410849452019 0.114954628050327 0.114498399198055
0.171184241771698 0.169833987951279 0.168748334050179 0.168456539511681 0.168164730072021 0.167872920632362 0.167581126093864 0.167289316654205 0.166997507214546 0.166705712676048 0.166616797447205 0.166595533490181 0.166574254631996 0.166552975773811 0.166531711816788 0.166510432958603 0.166489154100418 0.164749160408974 0.157853022217751 0.150956884026527 0.144060745835304 0.137164607644081 0.130268469452858 0.123372323811054 0.11647617816925 0.119398824870586 0.125594407320023 0.131789982318878 0.137985557317734 0.144181132316589 0.150376707315445 0.156572282314301 0.160090863704681 0.155578479170799 0.151066094636917 0.146553710103035 0.142041325569153 0.13752892613411 0.133016541600227 0.128504157066345 0.126404955983162 0.125110149383545 0.123815327882767 0.12252052128315
0.171327725052834 0.170006811618805 0.168937519192696 0.168623119592667 0.168308705091476 0.167994290590286 0.167679876089096 0.167365476489067 0.167051061987877 0.166736647486687 0.166674882173538 0.166697338223457 0.166719794273376 0.166742250323296 0.166764706373215 0.166787147521973 0.166809603571892 0.1648880392313 0.157134413719177 0.149380788207054 0.14162714779377 0.133873522281647 0.126119896769524 0.118366271257401 0.110612638294697 0.114518187940121 0.122310116887093 0.130102053284645 0.137893989682198 0.14568592607975 0.153477862477303 0.161269798874855 0.166161388158798 0.162351936101913 0.158542484045029 0.154733031988144 0.150923579931259 0.147114142775536 0.143304690718651 0.139495238661766 0.136942833662033 0.13480943441391 0.132676035165787 0.130542635917664
0.169475913047791 0.167911037802696 0.166681960225105 0.166460186243057 0.16623842716217 0.166016653180122 0.165794894099236 0.165573120117188 0.165351361036301 0.165129587054253 0.16481277346611 0.164464265108109 0.164115756750107 0.163767248392105 0.163418740034103 0.163070231676102 0.1627217233181 0.160735443234444 0.153835833072662 0.14693620800972 0.140036597847939 0.133136972784996 0.126237362623215 0.119337737560272 0.11243811994791 0.116471216082573 0.124148555099964 0.131825894117355 0.139503225684166 0.147180572152138 0.154857903718948 0.16253525018692 0.167558059096336 0.164617285132408 0.16167651116848 0.158735752105713 0.155794978141785 0.152854204177856 0.149913445115089 0.146972671151161 0.14447146654129 0.142116785049438 0.139762118458748 0.137407436966896
0.165628761053085 0.163546666502953 0.161981627345085 0.161967754364014 0.161953881382942 0.161940008401871 0.161926135420799 0.161912262439728 0.161898389458656 0.161884516477585 0.161030441522598 0.159896284341812 0.158762127161026 0.157627984881401 0.156493827700615 0.15535968542099 0.154225528240204 0.152291387319565 0.147957280278206 0.143623173236847 0.139289066195488 0.134954944252968 0.130620837211609 0.12628673017025 0.12195261567831 0.125257924199104 0.131109714508057 0.136961489915848 0.1428132802248 0.148665055632591 0.154516845941544 0.160368621349335 0.164280876517296 0.162374526262283 0.160468190908432 0.15856184065342 0.156655490398407 0.154749155044556 0.152842804789543 0.150936469435692 0.148990884423256 0.147032216191292 0.145073562860489 0.143114894628525
0.161781623959541 0.159182295203209 0.157281309366226 0.157475337386131 0.157669350504875 0.157863363623619 0.158057391643524 0.158251404762268 0.158445432782173 0.158639445900917 0.157248109579086 0.155328303575516 0.153408512473106 0.151488721370697 0.149568930268288 0.147649124264717 0.145729333162308 0.143847331404686 0.142078742384911 0.140310138463974 0.138541534543037 0.136772930622101 0.135004326701164 0.133235722780228 0.131467118859291 0.134044632315636 0.138070866465569 0.14209708571434 0.146123319864273 0.150149554014206 0.154175773262978 0.15820200741291 0.161003693938255 0.160131767392159 0.159259855747223 0.158387929201126 0.15751601755619 0.156644091010094 0.155772179365158 0.154900252819061 0.15351028740406 0.151947647333145 0.15038500726223 0.148822352290154
0.157934486865997 0.154817923903465 0.152580991387367 0.152982905507088 0.153384819626808 0.153786718845367 0.154188632965088 0.154590547084808 0.154992461204529 0.155394375324249 0.153465777635574 0.150760337710381 0.148054897785187 0.145349457859993 0.142644017934799 0.139938578009605 0.137233138084412 0.135403290390968 0.136200189590454 0.13699708878994 0.137794002890587 0.138590902090073 0.139387801289558 0.140184715390205 0.140981614589691 0.142831340432167 0.14503201842308 0.147232696413994 0.149433359503746 0.151634037494659 0.153834715485573 0.156035378575325 0.157726511359215 0.157889023423195 0.158051520586014 0.158214032649994 0.158376529812813 0.158539041876793 0.158701539039612 0.158864051103592 0.158029705286026 0.156863078474998 0.155696451663971 0.154529824852943
