data/working_set_collections/6091692-Cassins_Sparrow-M2/2005/rzmc_avg.asc
NCOLS 265 
NROWS 230 
XLLCORNER -115.5625 
YLLCORNER 24.8333333333333 
CELLSIZE 0.0833333333333333 
NODATA_value -9999 
[rows 140 to 159 of 230, columns 88 to 131 of 265]
0.166118159890175 0.165602967143059 0.164732024073601 0.163861066102982 0.162990123033524 0.162119165062904 0.161248221993446 0.160377264022827 0.159506320953369 0.158020108938217 0.156328812241554 0.154637515544891 0.152946218848228 0.151254922151566 0.149563625454903 0.147872343659401 0.146426826715469 0.145718678832054 0.145010516047478 0.144302368164062 0.143594205379486 0.142886057496071 0.142177894711494 0.141469746828079 0.143910065293312 0.147399857640266 0.150889664888382 0.154379457235336 0.157869264483452 0.161359071731567 0.164848864078522 0.167638882994652 0.168329522013664 0.169020175933838 0.16971081495285 0.170401468873024 0.171092122793198 0.17178276181221 0.172473415732384 0.171574115753174 0.170144841074944 0.168715566396713 0.167286276817322 0.165857002139091
0.165587350726128 0.165017127990723 0.164232969284058 0.163448825478554 0.162664666771889 0.161880522966385 0.16109636425972 0.160312220454216 0.159528061747551 0.157722070813179 0.155575439333916 0.153428822755814 0.151282206177711 0.149135589599609 0.146988973021507 0.144842356443405 0.143263399600983 0.143387407064438 0.143511414527893 0.143635421991348 0.143759429454803 0.143883436918259 0.144007444381714 0.144131451845169 0.146776616573334 0.150262162089348 0.153747707605362 0.157233253121376 0.16071879863739 0.164204344153404 0.167689889669418 0.170410469174385 0.170836120843887 0.17126177251339 0.171687424182892 0.172113075852394 0.172538727521896 0.172964379191399 0.173390030860901 0.172438442707062 0.171027764678001 0.169617101550102 0.168206423521042 0.166795745491982
0.165056556463242 0.164431273937225 0.163733929395676 0.163036569952965 0.162339225411415 0.161641865968704 0.160944521427155 0.160247161984444 0.159549817442894 0.15742401778698 0.154822081327438 0.152220144867897 0.149618193507195 0.147016257047653 0.144414320588112 0.141812369227409 0.140099957585335 0.141056135296822 0.142012313008308 0.142968475818634 0.143924653530121 0.144880816340446 0.145836994051933 0.14679317176342 0.149643182754517 0.153124466538429 0.156605750322342 0.160087049007416 0.163568332791328 0.167049616575241 0.170530915260315 0.173182040452957 0.173342704772949 0.17350335419178 0.173664018511772 0.173824682831764 0.173985332250595 0.174145996570587 0.174306645989418 0.17330276966095 0.17191070318222 0.170518636703491 0.169126570224762 0.167734503746033
0.164525747299194 0.163845434784889 0.163234874606133 0.162624329328537 0.16201376914978 0.161403223872185 0.160792663693428 0.160182118415833 0.159571558237076 0.157125979661942 0.1540687084198 0.151011452078819 0.147954180836678 0.144896924495697 0.141839653253555 0.138782396912575 0.136936530470848 0.138724863529205 0.140513196587563 0.14230152964592 0.144089877605438 0.145878210663795 0.147666543722153 0.14945487678051 0.152509734034538 0.155986770987511 0.159463793039322 0.162940829992294 0.166417866945267 0.169894903898239 0.17337192595005 0.17595362663269 0.175849288702011 0.175744950771332 0.175640612840652 0.175536274909973 0.175431936979294 0.175327613949776 0.175223276019096 0.174167096614838 0.172793626785278 0.17142017185688 0.170046702027321 0.168673247098923
0.164583206176758 0.163932263851166 0.163463473320007 0.162994667887688 0.162525877356529 0.16205707192421 0.161588281393051 0.161119490861893 0.160650685429573 0.157902359962463 0.154394164681435 0.150885984301567 0.1473778039217 0.143869608640671 0.140361428260803 0.136853247880936 0.134766072034836 0.1369419246912 0.139117792248726 0.14129364490509 0.143469512462616 0.145645380020142 0.147821232676506 0.149997100234032 0.153180301189423 0.156699284911156 0.160218268632889 0.163737252354622 0.167256236076355 0.170775219798088 0.174294203519821 0.176895186305046 0.176742181181908 0.176589176058769 0.17643615603447 0.176283150911331 0.176130145788193 0.175977140665054 0.175824120640755 0.174784377217293 0.173449039459229 0.172113716602325 0.170778378844261 0.169443055987358
0.16522890329361 0.164691776037216 0.164419695734978 0.164147615432739 0.163875535130501 0.163603439927101 0.163331359624863 0.163059279322624 0.162787199020386 0.159753143787384 0.155798435211182 0.15184374153614 0.147889032959938 0.143934324383736 0.139979615807533 0.136024922132492 0.133588582277298 0.135707333683968 0.137826070189476 0.139944821596146 0.142063573002815 0.144182324409485 0.146301075816154 0.148419827222824 0.151654869318008 0.155262008309364 0.15886914730072 0.162476286292076 0.166083440184593 0.169690579175949 0.173297718167305 0.176006734371185 0.176021367311478 0.176036015152931 0.176050648093224 0.176065295934677 0.176079928874969 0.176094561815262 0.176109209656715 0.175154611468315 0.173876941204071 0.172599270939827 0.171321600675583 0.170043930411339
0.165874615311623 0.165451303124428 0.165375933051109 0.165300562977791 0.165225178003311 0.165149807929993 0.165074437856674 0.164999067783356 0.164923697710037 0.161603927612305 0.157202705740929 0.152801483869553 0.148400261998177 0.143999040126801 0.139597818255424 0.135196596384048 0.13241109251976 0.134472727775574 0.136534363031387 0.138595998287201 0.140657633543015 0.142719283699989 0.144780918955803 0.146842554211617 0.150129437446594 0.153824731707573 0.157520040869713 0.161215335130692 0.164910644292831 0.16860593855381 0.172301232814789 0.175118282437325 0.175300568342209 0.175482854247093 0.175665140151978 0.175847426056862 0.176029711961746 0.176211997866631 0.176394298672676 0.175524860620499 0.174304842948914 0.173084825277328 0.171864822506905 0.17064480483532
0.166520312428474 0.166210815310478 0.16633215546608 0.166453495621681 0.166574835777283 0.166696175932884 0.166817516088486 0.166938856244087 0.167060196399689 0.163454726338387 0.158606976270676 0.153759241104126 0.148911491036415 0.144063755869865 0.139216005802155 0.134368270635605 0.131233587861061 0.13323812186718 0.135242640972137 0.137247174978256 0.139251708984375 0.141256228089333 0.143260762095451 0.145265281200409 0.14860400557518 0.152387470006943 0.156170919537544 0.159954383969307 0.163737833499908 0.167521297931671 0.171304747462273 0.174229830503464 0.17457976937294 0.174929708242416 0.175279632210732 0.175629571080208 0.175979509949684 0.176329433917999 0.176679372787476 0.175895094871521 0.174732744693756 0.173570394515991 0.172408029437065 0.1712456792593
0.167166024446487 0.16697034239769 0.167288392782211 0.167606443166733 0.167924493551254 0.168242543935776 0.168560594320297 0.168878644704819 0.16919669508934 0.165305510163307 0.160011246800423 0.154716998338699 0.149422734975815 0.14412847161293 0.138834208250046 0.133539944887161 0.130056098103523 0.132003515958786 0.133950933814049 0.135898351669312 0.137845769524574 0.139793187379837 0.141740590333939 0.143688008189201 0.147078573703766 0.150950193405151 0.154821813106537 0.158693417906761 0.162565037608147 0.166436657309532 0.170308277010918 0.173341378569603 0.17385895550251 0.174376547336578 0.174894124269485 0.175411716103554 0.175929293036461 0.176446869969368 0.176964461803436 0.176265329122543 0.175160646438599 0.174055948853493 0.172951251268387 0.171846553683281
0.167811721563339 0.16772985458374 0.168244615197182 0.168759390711784 0.169274151325226 0.169788911938667 0.170303672552109 0.17081843316555 0.171333193778992 0.167156308889389 0.16141551733017 0.155674740672112 0.149933964014053 0.144193187355995 0.138452395796776 0.132711619138718 0.128878608345985 0.130768910050392 0.132659211754799 0.134549528360367 0.136439830064774 0.13833013176918 0.140220433473587 0.142110735177994 0.145553141832352 0.14951291680336 0.153472691774368 0.157432466745377 0.161392241716385 0.165352016687393 0.169311791658401 0.172452926635742 0.173138156533241 0.17382338643074 0.174508616328239 0.175193846225739 0.175879076123238 0.176564306020737 0.177249550819397 0.176635578274727 0.17558853328228 0.174541503190994 0.173494473099709 0.172447428107262
0.168389528989792 0.168440073728561 0.169309735298157 0.170179396867752 0.171049058437347 0.171918720006943 0.172788381576538 0.173658043146133 0.174527704715729 0.170286267995834 0.164341151714325 0.158396035432816 0.152450919151306 0.146505802869797 0.140560671687126 0.134615555405617 0.130495578050613 0.131851032376289 0.133206501603127 0.134561955928802 0.135917410254478 0.137272864580154 0.138628333806992 0.139983788132668 0.143439561128616 0.147595435380936 0.151751324534416 0.155907198786736 0.160063087940216 0.164218962192535 0.168374851346016 0.171753510832787 0.172800526022911 0.173847541213036 0.17489455640316 0.175941571593285 0.17698860168457 0.178035616874695 0.179082632064819 0.178602665662766 0.177613690495491 0.176624730229378 0.175635769963264 0.174646809697151
0.168899446725845 0.169100984930992 0.170483723282814 0.171866461634636 0.173249214887619 0.174631953239441 0.176014706492424 0.177397444844246 0.178780198097229 0.174695417284966 0.168788149952888 0.16288086771965 0.156973585486412 0.151066318154335 0.145159035921097 0.139251753687859 0.134907022118568 0.135249897837639 0.135592773556709 0.135935634374619 0.136278510093689 0.136621385812759 0.13696426153183 0.1373071372509 0.140737816691399 0.145197749137878 0.149657696485519 0.154117628931999 0.15857757627964 0.16303750872612 0.1674974411726 0.171243131160736 0.172846078872681 0.174449011683464 0.176051959395409 0.177654892206192 0.179257839918137 0.18086077272892 0.182463705539703 0.182166591286659 0.181236118078232 0.180305629968643 0.179375156760216 0.178444683551788
0.169409364461899 0.169761881232262 0.171657711267471 0.173553541302681 0.175449371337891 0.1773452013731 0.17924103140831 0.18113686144352 0.183032691478729 0.179104566574097 0.173235133290291 0.167365700006485 0.161496266722679 0.155626833438873 0.149757400155067 0.1438879519701 0.139318451285362 0.138648748397827 0.137979030609131 0.137309327721596 0.136639624834061 0.135969907045364 0.135300204157829 0.134630501270294 0.138036072254181 0.142800062894821 0.147564053535461 0.152328059077263 0.157092049717903 0.161856055259705 0.166620045900345 0.170732766389847 0.172891616821289 0.175050482153893 0.177209347486496 0.179368212819099 0.181527063250542 0.183685928583145 0.185844793915749 0.185730516910553 0.184858530759811 0.183986529707909 0.183114543557167 0.182242557406425
0.169919282197952 0.170422792434692 0.17283171415329 0.175240620970726 0.177649527788162 0.18005844950676 0.182467356324196 0.184876263141632 0.18728518486023 0.183513715863228 0.177682116627693 0.17185053229332 0.166018933057785 0.160187348723412 0.154355749487877 0.148524165153503 0.143729895353317 0.142047598958015 0.140365302562714 0.138683021068573 0.137000724673271 0.135318428277969 0.133636146783829 0.131953850388527 0.135334312915802 0.140402376651764 0.145470425486565 0.150538474321365 0.155606538057327 0.160674586892128 0.16574265062809 0.170222386717796 0.172937169671059 0.175651952624321 0.178366735577583 0.181081518530846 0.183796301484108 0.186511099338531 0.189225882291794 0.189294442534447 0.188480943441391 0.187667429447174 0.186853930354118 0.186040431261063
0.170429199934006 0.171083703637123 0.174005702137947 0.176927700638771 0.179849684238434 0.182771682739258 0.185693681240082 0.188615679740906 0.19153767824173 0.187922865152359 0.182129114866257 0.176335364580154 0.170541614294052 0.16474786400795 0.158954113721848 0.153160363435745 0.148141324520111 0.145446449518204 0.142751574516296 0.140056699514389 0.137361824512482 0.134666949510574 0.131972074508667 0.12927719950676 0.132632568478584 0.138004675507545 0.143376797437668 0.148748904466629 0.154121026396751 0.159493133425713 0.164865240454674 0.169712007045746 0.172982707619667 0.176253423094749 0.179524123668671 0.182794839143753 0.186065539717674 0.189336255192757 0.192606955766678 0.19285836815834 0.192103356122971 0.19134832918644 0.19059331715107 0.1898383051157
0.170939117670059 0.171744614839554 0.175179690122604 0.178614765405655 0.182049855589867 0.185484930872917 0.188920006155968 0.192355096340179 0.19579017162323 0.19233201444149 0.186576098203659 0.180820196866989 0.175064280629158 0.169308379292488 0.163552463054657 0.157796561717987 0.152552768588066 0.148845300078392 0.145137846469879 0.141430392861366 0.137722939252853 0.134015470743179 0.130308017134666 0.126600563526154 0.129930824041367 0.135606989264488 0.141283169388771 0.146959334611893 0.152635499835014 0.158311679959297 0.163987845182419 0.169201627373695 0.173028260469437 0.176854893565178 0.180681526660919 0.184508144855499 0.188334777951241 0.192161411046982 0.195988044142723 0.196422308683395 0.19572576880455 0.195029243826866 0.194332703948021 0.193636164069176
0.171382933855057 0.172173276543617 0.175572112202644 0.17897093296051 0.182369768619537 0.185768589377403 0.189167410135269 0.192566245794296 0.195965066552162 0.192788273096085 0.187419593334198 0.182050913572311 0.176682233810425 0.171313554048538 0.165944874286652 0.160576194524765 0.155521407723427 0.151408314704895 0.147295221686363 0.143182128667831 0.1390690356493 0.134955942630768 0.130842849612236 0.126729756593704 0.129890963435173 0.135476917028427 0.141062885522842 0.146648854017258 0.152234822511673 0.157820776104927 0.163406744599342 0.168664306402206 0.172936663031578 0.177209004759789 0.18148136138916 0.185753703117371 0.190026059746742 0.194298401474953 0.198570758104324 0.199094653129578 0.198369055986404 0.197643473744392 0.19691789150238 0.196192294359207
0.171760648488998 0.172369718551636 0.175182953476906 0.177996188402176 0.180809423327446 0.183622658252716 0.186435893177986 0.189249128103256 0.192062363028526 0.189291641116142 0.184659570455551 0.180027514696121 0.175395458936691 0.1707633882761 0.16613133251667 0.16149927675724 0.157047271728516 0.153135493397713 0.14922371506691 0.145311921834946 0.141400143504143 0.13748836517334 0.133576586842537 0.129664793610573 0.132512971758842 0.137614473700523 0.142715975642204 0.147817462682724 0.152918964624405 0.158020466566086 0.163121953606606 0.168100044131279 0.172707915306091 0.177315771579742 0.181923642754555 0.186531499028206 0.191139355301857 0.195747226476669 0.20035508275032 0.200875416398048 0.200033232569695 0.199191048741341 0.198348864912987 0.197506681084633
0.17213836312294 0.172566160559654 0.174793794751167 0.177021443843842 0.179249092936516 0.18147674202919 0.183704376220703 0.185932025313377 0.188159674406052 0.1857950091362 0.181899562478065 0.178004115819931 0.174108669161797 0.170213222503662 0.166317790746689 0.162422344088554 0.158573135733604 0.15486267209053 0.151152193546295 0.147441729903221 0.143731251358986 0.140020772814751 0.136310309171677 0.132599830627441 0.135134994983673 0.139752015471458 0.144369050860405 0.148986086249352 0.153603106737137 0.158220142126083 0.16283717751503 0.167535781860352 0.172479167580605 0.177422538399696 0.182365909218788 0.187309294939041 0.192252665758133 0.197196036577225 0.202139422297478 0.202656179666519 0.201697394251823 0.200738623738289 0.199779853224754 0.198821067810059
0.172516077756882 0.172762587666512 0.17440465092659 0.176046699285507 0.177688762545586 0.179330810904503 0.18097285926342 0.182614922523499 0.184256970882416 0.182298377156258 0.179139539599419 0.175980716943741 0.172821894288063 0.169663071632385 0.166504234075546 0.163345411419868 0.160098999738693 0.156589835882187 0.153080686926842 0.149571523070335 0.146062359213829 0.142553195357323 0.139044031500816 0.13553486764431 0.137757003307343 0.141889572143555 0.146022126078606 0.150154694914818 0.15428726375103 0.158419817686081 0.162552386522293 0.166971534490585 0.172250419855118 0.17752930521965 0.182808190584183 0.188087090849876 0.193365976214409 0.198644861578941 0.203923746943474 0.20443694293499 0.203361570835114 0.202286198735237 0.201210826635361 0.200135454535484
