data/working_set_collections/6091692-Cassins_Sparrow-M2/2005/rzmc_avg.asc
NCOLS 265 
NROWS 230 
XLLCORNER -115.5625 
YLLCORNER 24.8333333333333 
CELLSIZE 0.0833333333333333 
NODATA_value -9999 
[rows 100 to 119 of 230, columns 220 to 263 of 265]
0.216961592435837 0.222373992204666 0.227786391973495 0.233198791742325 0.238521352410316 0.243574395775795 0.248627439141273 0.253680497407913 0.258733540773392 0.26378658413887 0.268839627504349 0.273892670869827 0.275982856750488 0.277085423469543 0.278187990188599 0.279290556907654 0.280393123626709 0.281495690345764 0.282598257064819 0.283870846033096 0.285653501749039 0.287436157464981 0.289218813180923 0.291001468896866 0.292784124612808 0.294566780328751 0.296349436044693 0.298027783632278 0.299671351909637 0.301314920186996 0.302958488464355 0.304602056741714 0.306245625019073 0.307889193296432 0.309039413928986 0.308709561824799 0.308379709720612 0.308049857616425 0.30772003531456 0.307390183210373 0.307060331106186 0.306730479001999 0.307727724313736 0.309167325496674
0.219959139823914 0.226182088255882 0.232405036687851 0.238628000020981 0.244371339678764 0.248675867915154 0.252980411052704 0.257284939289093 0.261589467525482 0.265893995761871 0.27019852399826 0.27450305223465 0.276368051767349 0.277419835329056 0.278471648693085 0.279523432254791 0.28057524561882 0.281627029180527 0.282678842544556 0.283765643835068 0.284957438707352 0.286149233579636 0.287341058254242 0.288532853126526 0.289724677801132 0.290916472673416 0.2921082675457 0.293441861867905 0.294822722673416 0.296203583478928 0.297584414482117 0.298965275287628 0.30034613609314 0.301726967096329 0.302845180034637 0.303175359964371 0.303505569696426 0.303835779428482 0.304165989160538 0.304496169090271 0.304826378822327 0.305156588554382 0.306500881910324 0.30818322300911
0.221624448895454 0.228271201252937 0.234917938709259 0.241564691066742 0.247520819306374 0.251405090093613 0.255289375782013 0.259173631668091 0.263057917356491 0.266942203044891 0.270826458930969 0.27471074461937 0.276494383811951 0.277577787637711 0.278661221265793 0.279744625091553 0.280828058719635 0.281911462545395 0.282994896173477 0.284113854169846 0.285339415073395 0.286565005779266 0.287790566682816 0.289016157388687 0.290241718292236 0.291467308998108 0.292692869901657 0.293923079967499 0.295154809951782 0.296386539936066 0.297618269920349 0.298849999904633 0.300081759691238 0.301313489675522 0.302357733249664 0.302839577198029 0.303321450948715 0.303803294897079 0.304285138845444 0.304766982793808 0.305248826742172 0.305730670690536 0.307099461555481 0.308763891458511
0.22195753455162 0.22864131629467 0.235325083136559 0.242008864879608 0.247969776391983 0.25176203250885 0.25555431842804 0.259346604347229 0.263138860464096 0.266931146383286 0.270723402500153 0.274515688419342 0.27636182308197 0.277559250593185 0.278756707906723 0.279954135417938 0.281151562929153 0.282348990440369 0.283546417951584 0.28491547703743 0.286799430847168 0.288683414459229 0.290567368268967 0.292451351881027 0.294335305690765 0.296219259500504 0.298103243112564 0.299471378326416 0.300667613744736 0.301863819360733 0.303060054779053 0.30425626039505 0.30545249581337 0.306648701429367 0.307577133178711 0.307702213525772 0.307827293872833 0.307952404022217 0.308077484369278 0.308202564716339 0.3083276450634 0.308452725410461 0.309523433446884 0.310909330844879
0.222290620207787 0.229011431336403 0.235732242465019 0.242453053593636 0.248418733477592 0.25211900472641 0.255819261074066 0.259519547224045 0.263219833374023 0.26692008972168 0.270620375871658 0.274320632219315 0.276229292154312 0.277540743350983 0.278852164745331 0.280163615942001 0.281475067138672 0.28278648853302 0.284097939729691 0.285717129707336 0.288259476423264 0.290801823139191 0.293344169855118 0.295886516571045 0.298428893089294 0.300971239805222 0.303513586521149 0.305019706487656 0.306180417537689 0.3073410987854 0.308501809835434 0.309662520885468 0.310823231935501 0.311983942985535 0.312796533107758 0.312564849853516 0.312333166599274 0.312101483345032 0.311869829893112 0.31163814663887 0.311406463384628 0.311174780130386 0.311947375535965 0.313054770231247
0.222623690962791 0.229381546378136 0.236139386892319 0.242897227406502 0.248867690563202 0.252475947141647 0.256084233522415 0.259692490100861 0.263300776481628 0.266909033060074 0.270517319440842 0.274125576019287 0.276096731424332 0.277522206306458 0.278947651386261 0.280373096466064 0.28179857134819 0.283224016427994 0.284649461507797 0.286518752574921 0.289719492197037 0.292920231819153 0.296120971441269 0.299321711063385 0.302522450685501 0.305723190307617 0.308923929929733 0.310568004846573 0.311693221330643 0.31281840801239 0.313943594694138 0.315068781375885 0.316193968057632 0.31731915473938 0.318015933036804 0.317427486181259 0.316839039325714 0.316250592470169 0.315662175416946 0.315073728561401 0.314485281705856 0.313896834850311 0.314371347427368 0.315200179815292
0.222956776618958 0.229751661419868 0.236546531319618 0.243341416120529 0.24931663274765 0.252832919359207 0.256349176168442 0.259865462779999 0.263381719589233 0.266897976398468 0.270414263010025 0.27393051981926 0.275964200496674 0.277503669261932 0.279043138027191 0.28058260679245 0.282122075557709 0.283661544322968 0.285201013088226 0.287320375442505 0.29117950797081 0.295038640499115 0.29889777302742 0.302756905555725 0.30661603808403 0.310475170612335 0.31433430314064 0.316116333007812 0.317205995321274 0.318295687437057 0.319385349750519 0.320475041866302 0.321564704179764 0.322654366493225 0.323235332965851 0.322290122509003 0.321344912052155 0.320399701595306 0.319454491138458 0.318509310483932 0.317564100027084 0.316618889570236 0.316795319318771 0.31734561920166
0.223289862275124 0.230121776461601 0.236953675746918 0.243785589933395 0.24976558983326 0.253189861774445 0.256614148616791 0.260038405656815 0.263462662696838 0.266886949539185 0.270311206579208 0.273735463619232 0.275831669569016 0.277485132217407 0.279138624668121 0.280792087316513 0.282445579767227 0.284099042415619 0.285752534866333 0.288122028112411 0.292639553546906 0.297157049179077 0.301674574613571 0.306192100048065 0.310709625482559 0.315227121114731 0.319744646549225 0.321664661169052 0.322718799114227 0.323772966861725 0.324827134609222 0.325881272554398 0.326935440301895 0.327989608049393 0.328454732894897 0.327152758836746 0.325850784778595 0.324548810720444 0.323246836662292 0.321944862604141 0.320642918348312 0.319340944290161 0.319219291210175 0.319491058588028
0.222722217440605 0.229297637939453 0.235873058438301 0.242448478937149 0.248263299465179 0.251796275377274 0.25532928109169 0.258862257003784 0.262395262718201 0.265928238630295 0.269461244344711 0.272994220256805 0.275237143039703 0.277050018310547 0.27886289358139 0.280675798654556 0.2824886739254 0.284301549196243 0.286114454269409 0.288632839918137 0.29326781630516 0.297902792692184 0.302537769079208 0.307172745466232 0.311807721853256 0.31644269824028 0.321077674627304 0.323087304830551 0.324221819639206 0.325356304645538 0.326490819454193 0.327625334262848 0.328759849071503 0.329894334077835 0.330416291952133 0.329100608825684 0.327784955501556 0.326469272375107 0.325153589248657 0.323837906122208 0.322522222995758 0.321206539869308 0.32097539305687 0.321105718612671
0.221253842115402 0.227279245853424 0.233304664492607 0.239330068230629 0.244809731841087 0.248652160167694 0.252494603395462 0.256337016820908 0.260179460048676 0.264021903276443 0.267864316701889 0.271706759929657 0.274180620908737 0.276198297739029 0.278216004371643 0.280233681201935 0.282251358032227 0.284269034862518 0.286286741495132 0.288852870464325 0.29306435585022 0.297275871038437 0.301487386226654 0.305698871612549 0.309910386800766 0.314121872186661 0.318333387374878 0.320384293794632 0.321715027093887 0.32304573059082 0.324376434087753 0.325707167387009 0.327037870883942 0.328368604183197 0.32912003993988 0.328133702278137 0.327147394418716 0.326161056756973 0.32517471909523 0.324188381433487 0.323202043771744 0.322215706110001 0.322063624858856 0.322189629077911
0.219785466790199 0.225260868668556 0.230736255645752 0.236211657524109 0.241356164216995 0.245508044958115 0.249659925699234 0.253811806440353 0.25796365737915 0.26211553812027 0.266267418861389 0.270419299602509 0.273124128580093 0.275346606969833 0.277569085359573 0.279791563749313 0.282014042139053 0.284236520528793 0.286458998918533 0.289072871208191 0.292860925197601 0.296648949384689 0.300436973571777 0.304224997758865 0.308013021945953 0.311801075935364 0.315589100122452 0.317681312561035 0.319208234548569 0.320735156536102 0.322262078523636 0.323789000511169 0.325315922498703 0.326842844486237 0.327823787927628 0.327166795730591 0.326509833335876 0.32585284113884 0.325195848941803 0.324538856744766 0.32388186454773 0.323224902153015 0.323151886463165 0.323273539543152
0.218317091464996 0.223242476582527 0.228167861700058 0.233093246817589 0.237902611494064 0.242363929748535 0.246825248003006 0.251286566257477 0.255747884511948 0.260209202766418 0.264670521020889 0.26913183927536 0.272067606449127 0.274494886398315 0.276922166347504 0.279349446296692 0.28177672624588 0.284204006195068 0.286631286144257 0.289292901754379 0.29265746474266 0.296022027730942 0.299386560916901 0.302751123905182 0.306115686893463 0.309480249881744 0.312844812870026 0.314978301525116 0.31670144200325 0.318424552679062 0.320147693157196 0.32187083363533 0.323593974113464 0.325317084789276 0.326527535915375 0.326199889183044 0.325872272253036 0.325544625520706 0.325216978788376 0.324889332056046 0.324561715126038 0.324234068393707 0.324240118265152 0.32435742020607
0.216848731040955 0.221224099397659 0.225599467754364 0.229974836111069 0.234449043869972 0.239219814538956 0.243990570306778 0.2487613260746 0.253532081842422 0.258302837610245 0.263073593378067 0.267844349145889 0.271011114120483 0.27364319562912 0.276275277137756 0.278907358646393 0.281539440155029 0.284171491861343 0.28680357336998 0.289512902498245 0.29245400428772 0.295395076274872 0.298336178064346 0.301277250051498 0.304218351840973 0.307159423828125 0.3101005256176 0.312275290489197 0.314194649457932 0.316113978624344 0.318033307790756 0.319952666759491 0.321871995925903 0.323791354894638 0.325231283903122 0.325232982635498 0.325234711170197 0.325236409902573 0.325238108634949 0.325239837169647 0.325241535902023 0.325243234634399 0.325328379869461 0.32544133067131
0.215380355715752 0.21920570731163 0.223031058907509 0.226856425404549 0.230995491147041 0.236075684428215 0.24115589261055 0.246236085891724 0.251316279172897 0.256396502256393 0.261476695537567 0.266556888818741 0.26995462179184 0.272791475057602 0.275628358125687 0.278465241193771 0.281302124261856 0.284138977527618 0.286975860595703 0.289732933044434 0.292250543832779 0.294768154621124 0.29728576540947 0.299803376197815 0.30232098698616 0.304838597774506 0.307356208562851 0.309572279453278 0.311687856912613 0.313803404569626 0.315918952226639 0.318034499883652 0.320150047540665 0.322265595197678 0.323935031890869 0.324266076087952 0.324597150087357 0.324928194284439 0.325259238481522 0.325590312480927 0.325921356678009 0.326252400875092 0.32641664147377 0.326525241136551
0.215845093131065 0.21919709444046 0.222549095749855 0.22590109705925 0.229658454656601 0.234631910920143 0.239605367183685 0.244578838348389 0.249552294611931 0.254525750875473 0.259499192237854 0.264472663402557 0.268042862415314 0.271145313978195 0.274247795343399 0.277350246906281 0.280452698469162 0.283555150032043 0.286657601594925 0.289532244205475 0.29172345995903 0.293914645910263 0.296105831861496 0.298297047615051 0.300488233566284 0.302679419517517 0.304870635271072 0.307035386562347 0.309191316366196 0.311347246170044 0.313503205776215 0.315659135580063 0.317815065383911 0.319970995187759 0.32174676656723 0.322381973266602 0.323017179965973 0.323652386665344 0.324287593364716 0.324922800064087 0.325558006763458 0.32619321346283 0.326621830463409 0.326981604099274
0.218242943286896 0.221198245882988 0.22415354847908 0.227108851075172 0.230437964200974 0.23488849401474 0.239339008927345 0.243789538741112 0.248240068554878 0.252690583467484 0.25714111328125 0.261591643095016 0.265275895595551 0.2687047123909 0.272133529186249 0.275562345981598 0.278991162776947 0.282420009374619 0.285848826169968 0.288910895586014 0.290872722864151 0.292834550142288 0.294796407222748 0.296758234500885 0.298720061779022 0.300681889057159 0.302643746137619 0.304664582014084 0.306705057621002 0.308745563030243 0.310786068439484 0.312826573848724 0.314867049455643 0.316907554864883 0.318666487932205 0.319580644369125 0.320494800806046 0.321408957242966 0.322323143482208 0.323237299919128 0.324151456356049 0.325065642595291 0.325944036245346 0.326810508966446
0.220640778541565 0.223199397325516 0.225758001208305 0.228316605091095 0.231217473745346 0.235145062208176 0.239072665572166 0.243000254034996 0.246927842497826 0.250855445861816 0.254783034324646 0.258710622787476 0.262508928775787 0.266264110803604 0.270019292831421 0.273774474859238 0.277529656887054 0.281284838914871 0.285040020942688 0.28828951716423 0.290021985769272 0.291754484176636 0.293486952781677 0.295219421386719 0.29695188999176 0.298684358596802 0.300416857004166 0.302293747663498 0.304218828678131 0.306143879890442 0.308068931102753 0.309993982315063 0.311919063329697 0.313844114542007 0.315586179494858 0.316779315471649 0.317972421646118 0.31916555762291 0.320358693599701 0.32155179977417 0.322744935750961 0.32393804192543 0.32526621222496 0.326639384031296
0.223038628697395 0.225200548768044 0.227362453937531 0.229524374008179 0.231996968388557 0.235401630401611 0.238806307315826 0.24221096932888 0.245615631341934 0.249020293354988 0.252424955368042 0.255829632282257 0.259741961956024 0.263823479413986 0.267905026674271 0.271986573934555 0.276068121194839 0.280149668455124 0.284231215715408 0.287668168544769 0.289171278476715 0.290674388408661 0.292177498340607 0.293680608272552 0.295183718204498 0.296686828136444 0.29818993806839 0.299922943115234 0.301732569932938 0.303542196750641 0.305351793766022 0.307161420583725 0.308971047401428 0.310780674219131 0.312505900859833 0.313977986574173 0.315450072288513 0.316922158002853 0.318394243717194 0.319866299629211 0.321338385343552 0.322810471057892 0.324588388204575 0.326468259096146
0.225436478853226 0.227201700210571 0.228966906666756 0.230732128024101 0.23277647793293 0.235658213496208 0.238539949059486 0.241421669721603 0.244303405284882 0.24718514084816 0.250066876411438 0.252948611974716 0.256974965333939 0.261382877826691 0.265790790319443 0.270198702812195 0.274606615304947 0.279014527797699 0.283422440290451 0.287046790122986 0.288320541381836 0.289594292640686 0.290868043899536 0.292141795158386 0.293415546417236 0.294689297676086 0.295963048934937 0.297552138566971 0.299246311187744 0.300940483808517 0.302634686231613 0.304328858852386 0.30602303147316 0.307717233896255 0.309425622224808 0.311176657676697 0.312927693128586 0.314678728580475 0.316429764032364 0.318180829286575 0.319931864738464 0.321682900190353 0.323910564184189 0.326297134160995
0.227834329009056 0.229202851653099 0.230571374297142 0.231939896941185 0.233555987477303 0.235914781689644 0.238273590803146 0.240632385015488 0.24299119412899 0.245349988341331 0.247708797454834 0.250067591667175 0.254207998514175 0.258942276239395 0.263676553964615 0.268410801887512 0.273145079612732 0.277879357337952 0.282613635063171 0.286425441503525 0.287469834089279 0.288514226675034 0.289558589458466 0.29060298204422 0.291647374629974 0.292691767215729 0.293736159801483 0.295181304216385 0.296760052442551 0.298338800668716 0.299917548894882 0.301496297121048 0.303075015544891 0.304653763771057 0.306345343589783 0.308375328779221 0.310405313968658 0.312435328960419 0.314465314149857 0.316495329141617 0.318525314331055 0.320555329322815 0.323232769966125 0.326126009225845
