data/working_set_collections/6091692-Cassins_Sparrow-M2/2005/speed_avg.asc
NCOLS 265 
NROWS 230 
XLLCORNER -115.5625 
YLLCORNER 24.8333333333333 
CELLSIZE 0.0833333333333333 
NODATA_value -9999 
[rows 0 to 19 of 230, columns 184 to 229 of 265]
7.39438629150391 7.39170932769775 7.3890323638916 7.38524198532104 7.38108062744141 7.37691879272461 7.37275743484497 7.36859560012817 7.36443376541138 7.36027240753174 7.35763931274414 7.35959339141846 7.36154699325562 7.36350059509277 7.36545419692993 7.36740779876709 7.36936140060425 7.37131547927856 7.3688440322876 7.36489772796631 7.36095094680786 7.35700464248657 7.35305833816528 7.34911203384399 7.3451657295227 7.3460373878479 7.36136293411255 7.3766884803772 7.39201402664185 7.40733957290649 7.42266511917114 7.43799018859863 7.45331573486328 7.47075748443604 7.48890447616577 7.50705146789551 7.52519845962524 7.54334497451782 7.56149196624756 7.5796389579773 7.59554958343506 7.60475158691406 7.61395406723022 7.62315607070923 7.63235807418823 7.6415605545044
7.42894792556763 7.42493438720703 7.42092084884644 7.41585493087769 7.41043853759766 7.40502166748047 7.39960527420044 7.39418840408325 7.38877153396606 7.38335514068604 7.3793363571167 7.37951135635376 7.37968683242798 7.37986183166504 7.3800368309021 7.38021183013916 7.38038682937622 7.38056230545044 7.37755012512207 7.37347602844238 7.36940145492554 7.36532735824585 7.36125326156616 7.35717868804932 7.35310459136963 7.35327625274658 7.36618518829346 7.37909460067749 7.39200401306152 7.4049129486084 7.41782236099243 7.43073129653931 7.44364070892334 7.45848608016968 7.47397708892822 7.48946762084961 7.50495862960815 7.52044916152954 7.53594017028809 7.55143070220947 7.56521844863892 7.57389688491821 7.58257532119751 7.59125375747681 7.59993171691895 7.60861015319824
7.46350955963135 7.45815944671631 7.45280933380127 7.44646787643433 7.43979597091675 7.43312454223633 7.42645311355591 7.41978120803833 7.41310977935791 7.40643787384033 7.40103340148926 7.39942979812622 7.39782619476318 7.3962230682373 7.39461946487427 7.39301586151123 7.39141273498535 7.38980913162231 7.3862566947937 7.38205432891846 7.37785196304321 7.37365007400513 7.36944770812988 7.3652458190918 7.36104345321655 7.36051511764526 7.37100791931152 7.38150072097778 7.3919939994812 7.40248680114746 7.41297960281372 7.42347240447998 7.4339656829834 7.44621467590332 7.45904922485352 7.47188425064087 7.48471879959106 7.49755334854126 7.51038789749146 7.52322244644165 7.53488731384277 7.5430417060852 7.5511965751648 7.55935096740723 7.56750583648682 7.57566022872925
7.49807071685791 7.49138402938843 7.48469734191895 7.47708082199097 7.469153881073 7.46122741699219 7.45330095291138 7.44537401199341 7.4374475479126 7.42952060699463 7.42272996902466 7.41934823989868 7.41596603393555 7.41258430480957 7.40920209884644 7.4058198928833 7.40243816375732 7.39905595779419 7.39496278762817 7.39063262939453 7.38630247116089 7.3819727897644 7.37764263153076 7.37331247329712 7.36898231506348 7.36775398254395 7.37583065032959 7.38390731811523 7.39198398590088 7.40006065368652 7.40813732147217 7.41621351242065 7.4242901802063 7.43394327163696 7.44412183761597 7.45430040359497 7.46447896957397 7.47465753555298 7.48483562469482 7.49501419067383 7.50455570220947 7.5121865272522 7.51981782913208 7.5274486541748 7.53507947921753 7.54271030426025
7.53263235092163 7.5246090888977 7.51658582687378 7.50769376754761 7.49851179122925 7.48933029174805 7.48014879226685 7.47096681594849 7.46178531646729 7.45260334014893 7.44442701339722 7.43926668167114 7.43410587310791 7.42894506454468 7.4237847328186 7.41862392425537 7.4134635925293 7.40830278396606 7.4036693572998 7.39921140670776 7.39475297927856 7.39029502868652 7.38583707809448 7.38137912750244 7.3769211769104 7.37499284744263 7.38065338134766 7.38631343841553 7.39197397232056 7.39763402938843 7.40329456329346 7.40895462036133 7.41461515426636 7.4216718673706 7.42919445037842 7.43671655654907 7.44423913955688 7.45176124572754 7.45928382873535 7.46680593490601 7.47422456741333 7.48133182525635 7.48843860626221 7.49554586410522 7.50265312194824 7.5097599029541
7.56719350814819 7.55783367156982 7.54847383499146 7.53830671310425 7.5278697013855 7.51743316650391 7.50699663162231 7.49655961990356 7.48612308502197 7.47568607330322 7.46612405776978 7.45918464660645 7.45224571228027 7.44530630111694 7.43836736679077 7.43142795562744 7.42448902130127 7.41754961013794 7.41237545013428 7.40778970718384 7.40320348739624 7.3986177444458 7.39403200149536 7.38944578170776 7.38486003875732 7.38223171234131 7.38547563552856 7.38871955871582 7.39196395874023 7.39520788192749 7.39845180511475 7.401695728302 7.40494012832642 7.40940046310425 7.41426706314087 7.41913318634033 7.4239993095398 7.42886543273926 7.43373155593872 7.43859767913818 7.44389343261719 7.45047664642334 7.45705986022949 7.4636435508728 7.47022676467896 7.47680997848511
7.60761404037476 7.59802913665771 7.58844470977783 7.57767200469971 7.56650352478027 7.55533456802368 7.54416608810425 7.53299713134766 7.52182865142822 7.51066017150879 7.49997234344482 7.49072742462158 7.48148250579834 7.4722375869751 7.46299266815186 7.45374822616577 7.44450330734253 7.43525838851929 7.42876815795898 7.42319583892822 7.41762399673462 7.41205167770386 7.40647983551025 7.40090799331665 7.39533567428589 7.3916335105896 7.39354038238525 7.39544677734375 7.3973536491394 7.39926052093506 7.40116691589355 7.40307378768921 7.40498065948486 7.40731287002563 7.40978717803955 7.41226148605347 7.41473579406738 7.4172101020813 7.41968441009521 7.42215871810913 7.42559909820557 7.43193769454956 7.43827629089355 7.44461488723755 7.45095348358154 7.45729207992554
7.65389347076416 7.64519548416138 7.63649797439575 7.62579011917114 7.61441278457642 7.60303497314453 7.5916576385498 7.58027982711792 7.56890249252319 7.55752468109131 7.54597234725952 7.5338945388794 7.52181673049927 7.50973892211914 7.49766159057617 7.48558378219604 7.47350597381592 7.46142816543579 7.45284652709961 7.44543027877808 7.43801403045654 7.43059730529785 7.42318105697632 7.41576480865479 7.40834808349609 7.4031982421875 7.40484666824341 7.40649509429932 7.40814352035522 7.40979194641113 7.41144037246704 7.41308879852295 7.41473722457886 7.41540908813477 7.41575574874878 7.41610240936279 7.41644906997681 7.41679573059082 7.41714239120483 7.41748905181885 7.41934251785278 7.42571544647217 7.43208837509155 7.43846082687378 7.44483375549316 7.45120668411255
7.70017290115356 7.69236183166504 7.68455076217651 7.67390823364258 7.66232204437256 7.65073537826538 7.6391487121582 7.62756252288818 7.61597585678101 7.60438966751099 7.59197187423706 7.57706165313721 7.5621509552002 7.54724025726318 7.53233003616333 7.51741933822632 7.50250911712646 7.48759841918945 7.47692537307739 7.46766471862793 7.45840358734131 7.44914293289185 7.43988227844238 7.43062162399292 7.4213604927063 7.41476249694824 7.41615295410156 7.41754293441772 7.41893291473389 7.42032337188721 7.42171335220337 7.42310333251953 7.42449378967285 7.4235053062439 7.42172431945801 7.41994333267212 7.41816234588623 7.41638135910034 7.41460037231445 7.41281938552856 7.41308546066284 7.41949272155762 7.42589998245239 7.43230676651001 7.43871402740479 7.44512128829956
7.74645280838013 7.7395281791687 7.73260402679443 7.72202634811401 7.7102313041687 7.69843578338623 7.68664026260376 7.67484474182129 7.66304969787598 7.65125417709351 7.63797187805176 7.62022829055786 7.60248517990112 7.58474206924438 7.56699848175049 7.54925537109375 7.53151178359985 7.51376867294312 7.50100374221802 7.48989868164062 7.47879362106323 7.46768856048584 7.45658349990845 7.44547843933105 7.4343729019165 7.42632722854614 7.42745923995972 7.42859077453613 7.42972278594971 7.43085432052612 7.4319863319397 7.43311834335327 7.43424987792969 7.43160152435303 7.42769289016724 7.42378425598145 7.41987562179565 7.41596698760986 7.41205835342407 7.40814971923828 7.40682888031006 7.41326999664307 7.41971158981323 7.42615270614624 7.43259429931641 7.43903541564941
7.79273223876953 7.78669452667236 7.78065729141235 7.77014446258545 7.75814056396484 7.74613618850708 7.73413181304932 7.72212743759155 7.71012306213379 7.69811868667603 7.6839714050293 7.66339540481567 7.64281940460205 7.62224340438843 7.60166692733765 7.58109092712402 7.5605149269104 7.53993892669678 7.5250825881958 7.51213312149048 7.49918365478516 7.48623418807983 7.47328472137451 7.46033525466919 7.44738578796387 7.43789196014404 7.43876552581787 7.4396390914917 7.44051218032837 7.4413857460022 7.44225931167603 7.44313287734985 7.44400644302368 7.43969774246216 7.43366146087646 7.42762517929077 7.42158889770508 7.41555261611938 7.40951633453369 7.403480052948 7.40057182312012 7.40704774856567 7.41352319717407 7.41999864578247 7.42647409439087 7.43295001983643
7.83901166915894 7.83386087417603 7.82871055603027 7.81826257705688 7.80604982376099 7.79383659362793 7.78162336349487 7.76941013336182 7.75719690322876 7.7449836730957 7.72997140884399 7.70656251907349 7.68315362930298 7.65974473953247 7.63633584976196 7.61292695999146 7.58951759338379 7.56610870361328 7.54916143417358 7.53436756134033 7.51957368850708 7.50477981567383 7.48998594284058 7.47519207000732 7.46039819717407 7.44945621490479 7.45007181167603 7.45068693161011 7.45130205154419 7.45191717147827 7.45253229141235 7.45314788818359 7.45376300811768 7.44779396057129 7.43963003158569 7.4314661026001 7.4233021736145 7.41513824462891 7.40697431564331 7.39881038665771 7.39431524276733 7.40082502365112 7.40733480453491 7.4138445854187 7.42035436630249 7.42686414718628
7.8651533126831 7.86060190200806 7.85605001449585 7.84606647491455 7.8342719078064 7.8224778175354 7.8106837272644 7.79888916015625 7.78709506988525 7.77530097961426 7.76055145263672 7.73693561553955 7.71332025527954 7.68970441818237 7.66608905792236 7.6424732208252 7.61885786056519 7.59524202346802 7.57770395278931 7.56219100952148 7.54667854309082 7.53116607666016 7.51565361022949 7.50014114379883 7.48462867736816 7.4731330871582 7.47368717193604 7.47424173355103 7.47479581832886 7.47535037994385 7.47590494155884 7.47645902633667 7.47701358795166 7.46969270706177 7.45974731445312 7.44980192184448 7.43985652923584 7.4299111366272 7.4199652671814 7.41001987457275 7.40378046035767 7.40865802764893 7.41353559494019 7.41841316223145 7.4232907295227 7.42816829681396
7.8711576461792 7.86691665649414 7.86267566680908 7.85355520248413 7.84280776977539 7.83206033706665 7.82131290435791 7.81056547164917 7.79981803894043 7.78907108306885 7.77571153640747 7.75451517105103 7.73331880569458 7.71212291717529 7.69092655181885 7.66973066329956 7.64853429794312 7.62733840942383 7.61071014404297 7.59560489654541 7.58049917221069 7.56539392471313 7.55028867721558 7.53518295288086 7.5200777053833 7.50892114639282 7.50961208343506 7.5103030204773 7.51099395751953 7.51168537139893 7.51237630844116 7.5130672454834 7.51375818252563 7.50539493560791 7.49401378631592 7.48263263702393 7.47125196456909 7.4598708152771 7.44848966598511 7.43710851669312 7.42896747589111 7.43054676055908 7.43212556838989 7.43370485305786 7.43528366088867 7.43686246871948
7.87716150283813 7.87323141098022 7.86930179595947 7.86104393005371 7.85134315490723 7.8416428565979 7.83194255828857 7.82224178314209 7.81254148483276 7.80284070968628 7.79087114334106 7.7720947265625 7.75331783294678 7.73454141616821 7.71576452255249 7.69698762893677 7.6782112121582 7.65943431854248 7.64371633529663 7.62901830673218 7.61431980133057 7.59962129592896 7.5849232673645 7.57022476196289 7.55552625656128 7.5447096824646 7.54553699493408 7.54636478424072 7.54719257354736 7.54801988601685 7.54884767532349 7.54967498779297 7.55050277709961 7.54109716415405 7.52828025817871 7.51546382904053 7.50264692306519 7.489830493927 7.47701358795166 7.46419715881348 7.45415496826172 7.45243501663208 7.4507155418396 7.44899606704712 7.44727659225464 7.445556640625
7.88316583633423 7.87954664230347 7.8759274482727 7.86853265762329 7.85987901687622 7.85122537612915 7.84257173538208 7.83391809463501 7.82526445388794 7.81661081314087 7.80603122711182 7.78967428207397 7.77331686019897 7.75695943832397 7.74060249328613 7.72424507141113 7.70788812637329 7.69153070449829 7.67672300338745 7.66243171691895 7.64814043045044 7.63384914398193 7.61955785751343 7.60526657104492 7.59097528457642 7.58049821853638 7.58146238327026 7.58242654800415 7.58339071273804 7.58435487747192 7.58531904220581 7.5862832069397 7.58724737167358 7.57679891586304 7.5625467300415 7.54829454421997 7.53404235839844 7.5197901725769 7.50553798675537 7.49128580093384 7.47934198379517 7.47432374954224 7.46930551528931 7.46428728103638 7.45926904678345 7.45425081253052
7.88916969299316 7.88586139678955 7.8825535774231 7.87602138519287 7.86841440200806 7.8608078956604 7.85320091247559 7.84559440612793 7.83798742294312 7.83038091659546 7.82119131088257 7.80725336074829 7.79331588745117 7.7793779373169 7.76544046401978 7.7515025138855 7.73756456375122 7.7236270904541 7.70972919464111 7.69584512710571 7.68196105957031 7.66807699203491 7.65419244766235 7.64030838012695 7.62642431259155 7.616286277771 7.61738729476929 7.61848783493042 7.61958885192871 7.62068939208984 7.62179040908813 7.62289094924927 7.62399196624756 7.61250114440918 7.5968132019043 7.58112573623657 7.56543779373169 7.54974985122681 7.53406190872192 7.5183744430542 7.50452899932861 7.49621248245239 7.48789548873901 7.47957897186279 7.47126197814941 7.46294498443604
7.8951735496521 7.89217662811279 7.88917922973633 7.88351011276245 7.87695026397705 7.87039041519165 7.86383056640625 7.85727071762085 7.85071086883545 7.84415102005005 7.83635139465332 7.82483291625977 7.81331491470337 7.80179643630981 7.79027795791626 7.77875995635986 7.76724147796631 7.75572299957275 7.74273586273193 7.72925853729248 7.71578168869019 7.70230436325073 7.68882751464844 7.67535018920898 7.66187334060669 7.65207481384277 7.65331220626831 7.65454959869385 7.65578699111938 7.65702438354492 7.65826177597046 7.659499168396 7.66073656082153 7.64820337295532 7.63107967376709 7.61395645141602 7.59683322906494 7.57970952987671 7.56258630752563 7.5454626083374 7.52971649169922 7.51810073852539 7.50648546218872 7.49487018585205 7.48325490951538 7.47163915634155
7.89450788497925 7.89136123657227 7.88821506500244 7.88308763504028 7.87730026245117 7.8715124130249 7.86572504043579 7.85993766784668 7.85414981842041 7.8483624458313 7.84166145324707 7.83222103118896 7.82278060913086 7.8133397102356 7.80389928817749 7.79445838928223 7.78501796722412 7.77557754516602 7.76378059387207 7.75119829177856 7.73861598968506 7.72603368759155 7.71345138549805 7.70086908340454 7.68828678131104 7.67895841598511 7.67939186096191 7.67982530593872 7.68025875091553 7.68069171905518 7.68112516403198 7.68155860900879 7.6819920539856 7.66886186599731 7.65121078491211 7.6335597038269 7.61590814590454 7.59825706481934 7.58060598373413 7.56295442581177 7.54632234573364 7.53274822235107 7.51917409896851 7.50559949874878 7.49202537536621 7.47845077514648
7.88717222213745 7.88341617584229 7.87966012954712 7.87475395202637 7.86946392059326 7.86417436599731 7.85888481140137 7.85359477996826 7.84830522537231 7.84301519393921 7.83712196350098 7.82941722869873 7.82171297073364 7.8140082359314 7.80630350112915 7.7985987663269 7.79089403152466 7.78318977355957 7.77286386489868 7.76166391372681 7.75046396255493 7.73926448822021 7.72806453704834 7.71686458587646 7.70566511154175 7.69693756103516 7.6956262588501 7.69431495666504 7.69300365447998 7.69169235229492 7.69038105010986 7.68907022476196 7.6877589225769 7.67447757720947 7.6572060585022 7.63993501663208 7.6226634979248 7.60539197921753 7.58812093734741 7.57084941864014 7.5543475151062 7.54015398025513 7.52596044540405 7.51176691055298 7.4975733757019 7.48337984085083
