data/working_set_collections/6091692-Cassins_Sparrow-M2/2005/speed_avg.asc
NCOLS 265 
NROWS 230 
XLLCORNER -115.5625 
YLLCORNER 24.8333333333333 
CELLSIZE 0.0833333333333333 
NODATA_value -9999 
[rows 100 to 119 of 230, columns 138 to 183 of 265]
7.08694648742676 7.07728719711304 7.06762838363647 7.05796957015991 7.07593297958374 7.10310411453247 7.13027477264404 7.15744543075562 7.18461656570435 7.21178722381592 7.23895835876465 7.26539421081543 7.28962564468384 7.31385660171509 7.3380880355835 7.36231899261475 7.386549949646 7.4107813835144 7.43501234054565 7.44924068450928 7.46013450622559 7.4710283279419 7.4819221496582 7.49281644821167 7.50371026992798 7.51460409164429 7.5283842086792 7.55082416534424 7.57326412200928 7.59570407867432 7.61814403533936 7.6405839920044 7.66302394866943 7.68546390533447 7.69566059112549 7.7017765045166 7.70789241790771 7.71400785446167 7.72012376785278 7.7262396812439 7.73235511779785 7.73394346237183 7.72194862365723 7.70995330810547 7.69795846939087 7.68596315383911
7.05430221557617 7.03807640075684 7.02185106277466 7.00562524795532 7.0231204032898 7.05185604095459 7.08059167861938 7.10932683944702 7.13806247711182 7.16679763793945 7.19553327560425 7.22394180297852 7.2513689994812 7.27879667282104 7.30622386932373 7.33365154266357 7.36107873916626 7.3885064125061 7.41593360900879 7.43170595169067 7.44359302520752 7.45548057556152 7.46736764907837 7.47925519943237 7.49114274978638 7.50302982330322 7.51784324645996 7.54143476486206 7.56502628326416 7.58861780166626 7.61220932006836 7.6358003616333 7.6593918800354 7.6829833984375 7.69301795959473 7.69853353500366 7.70404863357544 7.70956420898438 7.71507930755615 7.72059488296509 7.72611045837402 7.72618818283081 7.70995378494263 7.69371891021729 7.6774845123291 7.66124963760376
7.05579948425293 7.03886127471924 7.02192306518555 7.0049843788147 7.02247619628906 7.05144453048706 7.0804123878479 7.1093807220459 7.13834857940674 7.16731691360474 7.19628524780273 7.22502565383911 7.25308227539062 7.2811393737793 7.30919647216797 7.33725309371948 7.36531019210815 7.39336729049683 7.42142391204834 7.43683385848999 7.44802761077881 7.45922136306763 7.4704155921936 7.48160934448242 7.49280309677124 7.50399732589722 7.51751136779785 7.53798627853394 7.55846118927002 7.5789361000061 7.59941101074219 7.61988592147827 7.64036083221436 7.66083574295044 7.66837644577026 7.67160511016846 7.67483377456665 7.67806243896484 7.68129110336304 7.68451976776123 7.68774843215942 7.68575239181519 7.66808128356934 7.65041017532349 7.63273906707764 7.61506795883179
7.09143924713135 7.0796422958374 7.0678448677063 7.0560474395752 7.07399988174438 7.10186862945557 7.12973785400391 7.15760707855225 7.18547582626343 7.21334505081177 7.24121379852295 7.26864576339722 7.29476547241211 7.320885181427 7.3470048904419 7.37312459945679 7.39924430847168 7.42536449432373 7.45148420333862 7.46462440490723 7.4734377861023 7.48225164413452 7.49106502532959 7.49987840652466 7.50869226455688 7.51750564575195 7.52738857269287 7.54047918319702 7.55356931686401 7.56665992736816 7.57975006103516 7.59284067153931 7.6059308052063 7.61902141571045 7.62173557281494 7.62099123001099 7.62024688720703 7.61950302124023 7.61875867843628 7.61801433563232 7.61726999282837 7.61263561248779 7.59633111953735 7.58002662658691 7.56372213363647 7.54741764068604
7.12707901000977 7.12042284011841 7.11376667022705 7.10711002349854 7.12552356719971 7.15229320526123 7.17906332015991 7.20583295822144 7.23260307312012 7.25937271118164 7.28614234924316 7.31226539611816 7.33644819259644 7.36063098907471 7.38481330871582 7.40899610519409 7.43317890167236 7.45736122131348 7.48154401779175 7.4924144744873 7.49884796142578 7.50528144836426 7.51171445846558 7.51814794540405 7.52458143234253 7.53101444244385 7.53726577758789 7.54297161102295 7.54867744445801 7.55438327789307 7.56008911132812 7.56579494476318 7.57150077819824 7.5772066116333 7.57509517669678 7.57037782669067 7.56566047668457 7.56094312667847 7.55622625350952 7.55150890350342 7.54679155349731 7.53951930999756 7.52458143234253 7.5096435546875 7.49470567703247 7.47976779937744
7.16271877288818 7.16120386123657 7.1596884727478 7.15817308425903 7.17704725265503 7.2027177810669 7.22838878631592 7.25405931472778 7.27972984313965 7.30540037155151 7.33107137680054 7.35588550567627 7.37813091278076 7.40037679672241 7.4226222038269 7.4448676109314 7.46711301803589 7.48935842514038 7.51160383224487 7.52020502090454 7.52425813674927 7.52831125259399 7.53236436843872 7.53641700744629 7.54047012329102 7.54452323913574 7.54714345932007 7.54546451568604 7.543785572052 7.54210710525513 7.54042816162109 7.53874921798706 7.53707075119019 7.53539180755615 7.52845430374146 7.51976442337036 7.51107406616211 7.50238370895386 7.4936933517456 7.48500347137451 7.47631311416626 7.46640253067017 7.45283126831055 7.43926000595093 7.42568874359131 7.41211748123169
7.1983585357666 7.20198440551758 7.20561027526855 7.20923566818237 7.22857093811035 7.25314235687256 7.27771377563477 7.30228567123413 7.32685708999634 7.35142850875854 7.37599992752075 7.39950561523438 7.41981410980225 7.44012212753296 7.46043062210083 7.4807391166687 7.50104713439941 7.52135562896729 7.54166412353516 7.54799556732178 7.54966831207275 7.55134105682373 7.55301380157471 7.55468654632568 7.55635929107666 7.55803203582764 7.55702066421509 7.54795742034912 7.53889417648315 7.52983045578003 7.52076721191406 7.5117039680481 7.50264024734497 7.493577003479 7.48181390762329 7.46915054321289 7.45648765563965 7.44382429122925 7.43116092681885 7.4184980392456 7.4058346748352 7.39328622817993 7.38108158111572 7.36887693405151 7.3566722869873 7.3444676399231
7.23399829864502 7.24276542663574 7.25153207778931 7.26029872894287 7.28009462356567 7.30356693267822 7.32703924179077 7.35051155090332 7.37398386001587 7.39745616912842 7.42092847824097 7.44312572479248 7.46149682998657 7.47986793518066 7.49823904037476 7.51661062240601 7.5349817276001 7.55335283279419 7.57172393798828 7.57578611373901 7.57507848739624 7.57437086105347 7.57366323471069 7.57295608520508 7.5722484588623 7.57154083251953 7.56689834594727 7.55045032501221 7.53400230407715 7.51755428314209 7.50110626220703 7.48465824127197 7.46821022033691 7.45176219940186 7.43517303466797 7.41853713989258 7.40190076828003 7.38526487350464 7.36862850189209 7.35199213027954 7.33535623550415 7.32016944885254 7.30933141708374 7.29849338531494 7.28765535354614 7.27681732177734
7.24369382858276 7.25529336929321 7.26689338684082 7.27849292755127 7.29865455627441 7.3216700553894 7.34468603134155 7.36770153045654 7.39071702957153 7.41373252868652 7.43674850463867 7.45789575576782 7.47343873977661 7.48898124694824 7.50452423095703 7.52006673812866 7.53560972213745 7.55115222930908 7.56669521331787 7.57010316848755 7.56946611404419 7.56882953643799 7.56819248199463 7.56755590438843 7.56691884994507 7.56628179550171 7.56084632873535 7.54101371765137 7.52118158340454 7.50134897232056 7.48151683807373 7.46168422698975 7.44185161590576 7.42201948165894 7.40208721160889 7.3821210861206 7.36215543746948 7.34218978881836 7.32222414016724 7.30225801467896 7.28229236602783 7.26482725143433 7.25486373901367 7.24490022659302 7.23493671417236 7.22497320175171
7.22744464874268 7.23956918716431 7.2516942024231 7.26381921768188 7.28425121307373 7.30745267868042 7.33065366744995 7.35385513305664 7.37705659866333 7.40025758743286 7.42345905303955 7.4438157081604 7.45563888549805 7.46746206283569 7.47928524017334 7.49110841751099 7.50293159484863 7.51475477218628 7.52657794952393 7.53094720840454 7.53283214569092 7.53471660614014 7.53660154342651 7.53848600387573 7.54037094116211 7.54225587844849 7.5388650894165 7.51964855194092 7.50043153762817 7.48121500015259 7.461998462677 7.44278192520142 7.42356491088867 7.40434837341309 7.38255548477173 7.35990333557129 7.33725118637085 7.31459903717041 7.29194736480713 7.26929521560669 7.24664306640625 7.22725915908813 7.2176775932312 7.20809650421143 7.19851541519165 7.18893432617188
7.21119546890259 7.2238450050354 7.23649501800537 7.24914503097534 7.26984786987305 7.29323482513428 7.31662178039551 7.34000873565674 7.36339569091797 7.3867826461792 7.41016960144043 7.42973566055298 7.43783903121948 7.44594287872314 7.45404624938965 7.46214962005615 7.47025346755981 7.47835683822632 7.48646068572998 7.49179124832153 7.49619770050049 7.50060367584229 7.50501012802124 7.5094165802002 7.51382303237915 7.5182294845581 7.51688385009766 7.49828290939331 7.47968196868896 7.46108102798462 7.44248008728027 7.42387914657593 7.40527820587158 7.38667726516724 7.36302328109741 7.33768510818481 7.31234693527222 7.28700876235962 7.26167058944702 7.23633241653442 7.21099424362183 7.18969058990479 7.18049192428589 7.17129325866699 7.16209411621094 7.15289545059204
7.1949462890625 7.20812129974365 7.22129583358765 7.2344708442688 7.2554440498352 7.27901697158813 7.30258941650391 7.32616233825684 7.34973478317261 7.37330770492554 7.39688014984131 7.41565561294556 7.42003965377808 7.4244236946106 7.42880725860596 7.43319129943848 7.437575340271 7.44195938110352 7.44634294509888 7.45263528823853 7.45956325531006 7.46649122238159 7.47341918945312 7.48034715652466 7.48727512359619 7.49420309066772 7.49490261077881 7.47691774368286 7.45893239974976 7.44094705581665 7.42296171188354 7.4049768447876 7.38699150085449 7.36900615692139 7.34349155426025 7.3154673576355 7.28744268417358 7.25941848754883 7.23139381408691 7.20336961746216 7.17534494400024 7.15212249755859 7.14330625534058 7.1344895362854 7.12567329406738 7.11685657501221
7.17869710922241 7.19239711761475 7.20609712600708 7.21979713439941 7.24104070663452 7.26479911804199 7.28855752944946 7.31231594085693 7.33607387542725 7.35983228683472 7.38359069824219 7.40157556533813 7.40223979949951 7.40290403366089 7.40356874465942 7.4042329788208 7.40489721298218 7.40556144714355 7.40622568130493 7.41347885131836 7.42292881011963 7.43237829208374 7.44182777404785 7.45127773284912 7.46072721481323 7.47017669677734 7.47292137145996 7.45555210113525 7.43818283081055 7.42081308364868 7.40344381332397 7.38607406616211 7.3687047958374 7.3513355255127 7.3239598274231 7.29324913024902 7.26253843307495 7.23182821273804 7.20111751556396 7.17040681838989 7.13969612121582 7.1145544052124 7.1061201095581 7.09768629074097 7.08925199508667 7.08081769943237
7.16244745254517 7.17667293548584 7.19089794158936 7.20512294769287 7.22663736343384 7.25058126449585 7.27452516555786 7.29846954345703 7.32241344451904 7.34635734558105 7.37030124664307 7.38749551773071 7.3844404220581 7.38138484954834 7.37832975387573 7.37527418136597 7.37221908569336 7.36916351318359 7.36610841751099 7.37432289123535 7.3862943649292 7.39826536178589 7.41023683547974 7.42220783233643 7.43417930603027 7.44615030288696 7.45094060897827 7.43418645858765 7.41743278503418 7.40067911148071 7.38392543792725 7.36717176437378 7.35041809082031 7.33366441726685 7.30442810058594 7.27103137969971 7.23763465881348 7.20423746109009 7.17084074020386 7.13744354248047 7.10404682159424 7.07698631286621 7.06893444061279 7.06088256835938 7.05283069610596 7.04477882385254
7.12530040740967 7.141282081604 7.15726375579834 7.17324542999268 7.19625234603882 7.2216010093689 7.24694967269897 7.27229833602905 7.29764699935913 7.32299566268921 7.34834432601929 7.36599159240723 7.36053276062012 7.35507392883301 7.34961557388306 7.34415674209595 7.33869791030884 7.33323955535889 7.32778072357178 7.33684825897217 7.35075807571411 7.3646674156189 7.37857723236084 7.39248704910278 7.40639638900757 7.42030620574951 7.4272608757019 7.41335010528564 7.39943981170654 7.38552904129028 7.37161874771118 7.35770797729492 7.34379720687866 7.32988691329956 7.30121231079102 7.26761674880981 7.23402118682861 7.20042562484741 7.16683006286621 7.13323450088501 7.09963893890381 7.07217645645142 7.06311368942261 7.0540509223938 7.04498815536499 7.03592538833618
7.0672550201416 7.0862250328064 7.10519456863403 7.12416410446167 7.14988613128662 7.17785835266113 7.20583057403564 7.23380327224731 7.26177549362183 7.28974771499634 7.31772041320801 7.33706331253052 7.3305172920227 7.32397174835205 7.31742572784424 7.31087970733643 7.30433416366577 7.29778814315796 7.2912425994873 7.30105495452881 7.31631946563721 7.33158445358276 7.34684944152832 7.36211442947388 7.37737941741943 7.39264440536499 7.40188312530518 7.39304304122925 7.38420295715332 7.37536287307739 7.36652278900146 7.35768270492554 7.34884309768677 7.34000301361084 7.31431293487549 7.28300619125366 7.25169944763184 7.22039270401001 7.18908548355103 7.1577787399292 7.12647199630737 7.10012531280518 7.08865785598755 7.07719087600708 7.06572341918945 7.05425596237183
7.00921010971069 7.03116750717163 7.05312538146973 7.07508325576782 7.10351943969727 7.13411569595337 7.16471195220947 7.19530773162842 7.22590398788452 7.25649976730347 7.28709602355957 7.30813503265381 7.30050182342529 7.29286909103394 7.28523588180542 7.27760314941406 7.2699704170227 7.26233720779419 7.25470447540283 7.26526117324829 7.28188133239746 7.29850149154663 7.3151216506958 7.33174180984497 7.34836196899414 7.36498212814331 7.37650489807129 7.37273550033569 7.3689661026001 7.3651967048645 7.36142730712891 7.35765790939331 7.35388851165771 7.35011911392212 7.3274130821228 7.29839515686035 7.2693772315979 7.24035930633545 7.211341381073 7.18232345581055 7.1533055305481 7.12807416915894 7.11420249938965 7.1003303527832 7.08645868301392 7.07258701324463
6.95116472244263 6.97611045837402 7.00105619430542 7.02600193023682 7.05715322494507 7.0903730392456 7.12359285354614 7.15681266784668 7.19003248214722 7.2232518196106 7.25647163391113 7.2792067527771 7.27048635482788 7.26176643371582 7.25304651260376 7.2443265914917 7.23560619354248 7.22688627243042 7.21816635131836 7.22946786880493 7.24744319915771 7.2654185295105 7.28339385986328 7.30136919021606 7.31934499740601 7.33732032775879 7.35112714767456 7.35242795944214 7.35372924804688 7.35503053665161 7.35633134841919 7.35763263702393 7.35893392562866 7.36023473739624 7.34051322937012 7.31378412246704 7.28705501556396 7.26032590866089 7.23359680175781 7.20686769485474 7.18013858795166 7.15602254867554 7.13974666595459 7.12347030639648 7.10719442367554 7.09091806411743
6.89311933517456 6.92105340957642 6.94898700714111 6.97692108154297 7.01078701019287 7.04663038253784 7.08247375488281 7.11831712722778 7.15416049957275 7.19000434875488 7.22584772109985 7.25027847290039 7.24047136306763 7.2306637763977 7.22085666656494 7.21104955673218 7.20124244689941 7.19143533706665 7.18162822723389 7.19367408752441 7.21300506591797 7.23233556747437 7.25166606903076 7.27099704742432 7.29032754898071 7.30965805053711 7.32574892044067 7.33212089538574 7.33849239349365 7.34486436843872 7.35123586654663 7.3576078414917 7.36397933959961 7.37035083770752 7.35361385345459 7.32917356491089 7.30473327636719 7.28029298782349 7.25585222244263 7.23141193389893 7.20697164535522 7.1839714050293 7.16529083251953 7.14661026000977 7.1279296875 7.10924911499023
6.83507394790649 6.86599588394165 6.89691781997681 6.92783975601196 6.96442079544067 7.00288772583008 7.04135465621948 7.07982206344604 7.11828899383545 7.15675640106201 7.19522333145142 7.22135019302368 7.21045589447021 7.19956159591675 7.18866729736328 7.17777299880981 7.16687870025635 7.15598440170288 7.14509010314941 7.15788078308105 7.17856693267822 7.19925260543823 7.21993827819824 7.24062442779541 7.26131010055542 7.28199625015259 7.30037117004395 7.31181335449219 7.32325553894043 7.33469820022583 7.34614038467407 7.35758256912231 7.36902475357056 7.3804669380188 7.3667140007019 7.34456253051758 7.32241106033325 7.30025959014893 7.2781081199646 7.25595664978027 7.23380517959595 7.21192026138306 7.19083499908447 7.16975021362305 7.14866542816162 7.12758016586304
