data/working_set_collections/6091692-Cassins_Sparrow-M2/2005/speed_avg.asc
NCOLS 265 
NROWS 230 
XLLCORNER -115.5625 
YLLCORNER 24.8333333333333 
CELLSIZE 0.0833333333333333 
NODATA_value -9999 
[rows 80 to 99 of 230, columns 138 to 183 of 265]
7.51729202270508 7.55771398544312 7.59813547134399 7.63855743408203 7.6595606803894 7.67409133911133 7.68862199783325 7.70315265655518 7.7176833152771 7.73221397399902 7.7467451095581 7.75864362716675 7.76264667510986 7.76664924621582 7.77065229415894 7.77465486526489 7.77865791320801 7.78266096115112 7.78666353225708 7.76728343963623 7.74010896682739 7.71293497085571 7.68576049804688 7.65858602523804 7.6314115524292 7.60423707962036 7.58275318145752 7.57834005355835 7.57392692565918 7.56951332092285 7.56510019302368 7.56068706512451 7.55627393722534 7.55186080932617 7.556321144104 7.56373929977417 7.57115745544434 7.5785756111145 7.58599376678467 7.59341192245483 7.600830078125 7.60712766647339 7.61006307601929 7.61299896240234 7.61593437194824 7.61886978149414
7.57176685333252 7.62371206283569 7.67565727233887 7.72760248184204 7.74676895141602 7.75500869750977 7.76324844360352 7.77148818969727 7.77972793579102 7.78796768188477 7.79620742797852 7.80232667922974 7.80208444595337 7.80184268951416 7.80160045623779 7.80135869979858 7.80111646652222 7.80087471008301 7.80063247680664 7.7812294960022 7.75543880462646 7.72964859008789 7.70385837554932 7.67806816101074 7.65227794647217 7.62648773193359 7.60587692260742 7.60080575942993 7.59573459625244 7.59066343307495 7.58559226989746 7.58052110671997 7.57544994354248 7.57037878036499 7.57267904281616 7.57743692398071 7.58219480514526 7.58695268630981 7.59171056747437 7.59646844863892 7.60122632980347 7.6047625541687 7.60463380813599 7.60450506210327 7.60437631607056 7.60424757003784
7.6262412071228 7.68971014022827 7.75317907333374 7.81664800643921 7.83397674560547 7.83592557907104 7.83787441253662 7.8398232460022 7.84177207946777 7.84372091293335 7.84566974639893 7.84600973129272 7.84152269363403 7.83703565597534 7.83254861831665 7.82806205749512 7.82357501983643 7.81908798217773 7.8146014213562 7.79517507553101 7.77076864242554 7.74636268615723 7.72195672988892 7.69755029678345 7.67314434051514 7.64873790740967 7.62900114059448 7.62327194213867 7.61754274368286 7.61181354522705 7.60608434677124 7.60035514831543 7.59462594985962 7.58889675140381 7.58903741836548 7.59113502502441 7.59323215484619 7.59532976150513 7.59742736816406 7.59952449798584 7.60162210464478 7.60239696502686 7.59920406341553 7.5960111618042 7.59281826019287 7.58962535858154
7.68071603775024 7.75570869445801 7.83070087432861 7.90569353103638 7.92118501663208 7.91684293746948 7.91250038146973 7.90815830230713 7.90381622314453 7.89947414398193 7.89513206481934 7.88969230651855 7.8809609413147 7.87222909927368 7.86349725723267 7.85476541519165 7.84603357315063 7.83730173110962 7.8285698890686 7.80912065505981 7.78609848022461 7.76307678222656 7.74005460739136 7.71703243255615 7.69401025772095 7.6709885597229 7.65212535858154 7.64573812484741 7.63935089111328 7.63296365737915 7.62657642364502 7.62018918991089 7.61380195617676 7.60741472244263 7.6053957939148 7.60483264923096 7.60426998138428 7.60370683670044 7.6031436920166 7.60258102416992 7.60201787948608 7.60003137588501 7.59377431869507 7.58751726150513 7.58126020431519 7.57500267028809
7.70412731170654 7.78599214553833 7.86785697937012 7.94972133636475 7.96473979949951 7.95747661590576 7.95021295547485 7.9429497718811 7.93568658828735 7.92842292785645 7.9211597442627 7.9130334854126 7.90231895446777 7.89160490036011 7.88089036941528 7.87017631530762 7.85946178436279 7.84874725341797 7.8380331993103 7.81859350204468 7.79624557495117 7.77389717102051 7.751549243927 7.72920083999634 7.70685291290283 7.68450498580933 7.66613149642944 7.65968322753906 7.65323495864868 7.6467866897583 7.64033842086792 7.63388967514038 7.62744140625 7.62099313735962 7.61878728866577 7.61799573898315 7.61720418930054 7.61641263961792 7.6156210899353 7.61482954025269 7.61403799057007 7.61190462112427 7.6057448387146 7.59958553314209 7.59342575073242 7.58726596832275
7.69647598266602 7.7805609703064 7.86464643478394 7.94873189926147 7.96464204788208 7.95782709121704 7.951012134552 7.94419717788696 7.93738222122192 7.93056726455688 7.92375230789185 7.91603231430054 7.90559768676758 7.89516353607178 7.88472890853882 7.87429428100586 7.8638596534729 7.85342502593994 7.84299039840698 7.8235936164856 7.80120897293091 7.77882480621338 7.75644016265869 7.73405599594116 7.71167135238647 7.68928718566895 7.6710205078125 7.66510772705078 7.65919542312622 7.6532826423645 7.64737033843994 7.64145755767822 7.6355447769165 7.62963247299194 7.62921285629272 7.63062429428101 7.63203573226929 7.63344764709473 7.63485908508301 7.63627052307129 7.63768196105957 7.63801574707031 7.63511562347412 7.63221549987793 7.62931489944458 7.62641477584839
7.68882417678833 7.77513027191162 7.86143636703491 7.9477424621582 7.96454429626465 7.95817756652832 7.95181131362915 7.94544458389282 7.93907833099365 7.93271160125732 7.926344871521 7.91903162002563 7.90887641906738 7.89872169494629 7.8885669708252 7.8784122467041 7.86825752258301 7.85810279846191 7.84794807434082 7.82859373092651 7.8061728477478 7.78375196456909 7.76133155822754 7.73891067504883 7.71648979187012 7.69406938552856 7.67590951919556 7.67053270339966 7.66515588760376 7.65977907180786 7.65440225601196 7.64902496337891 7.64364814758301 7.63827133178711 7.63963842391968 7.64325284957886 7.64686727523804 7.65048217773438 7.65409660339355 7.65771150588989 7.66132593154907 7.66412687301636 7.66448593139648 7.66484546661377 7.6652045249939 7.66556358337402
7.68117237091064 7.76969909667969 7.85822629928589 7.94675350189209 7.96444654464722 7.95852851867676 7.95261001586914 7.94669198989868 7.94077396392822 7.93485593795776 7.9289379119873 7.92203044891357 7.91215562820435 7.90228033065796 7.89240550994873 7.88253021240234 7.87265539169312 7.86278009414673 7.8529052734375 7.83359384536743 7.8111367225647 7.78867959976196 7.76622247695923 7.74376535415649 7.72130870819092 7.69885158538818 7.68079853057861 7.67595720291138 7.6711163520813 7.66627502441406 7.66143417358398 7.65659284591675 7.65175151824951 7.64691066741943 7.65006351470947 7.65588140487671 7.66169929504395 7.66751670837402 7.67333459854126 7.67915201187134 7.68496990203857 7.6902379989624 7.69385671615601 7.69747543334961 7.70109367370605 7.70471239089966
7.67352056503296 7.76426839828491 7.85501623153687 7.94576406478882 7.96434879302979 7.95887899398804 7.95340919494629 7.94793939590454 7.94247007369995 7.9370002746582 7.93153047561646 7.92502927780151 7.91543436050415 7.90583896636963 7.89624357223511 7.88664817810059 7.87705326080322 7.8674578666687 7.85786247253418 7.83859395980835 7.81610059738159 7.79360723495483 7.77111387252808 7.74862051010132 7.72612714767456 7.7036337852478 7.68568754196167 7.68138217926025 7.67707681655884 7.67277145385742 7.66846609115601 7.66416072845459 7.65985536575317 7.65555000305176 7.66048908233643 7.66850996017456 7.6765308380127 7.68455171585083 7.69257211685181 7.70059299468994 7.70861387252808 7.71634912490845 7.72322702407837 7.73010540008545 7.73698329925537 7.74386119842529
7.66586875915527 7.75883722305298 7.85180616378784 7.94477462768555 7.9642505645752 7.95922946929932 7.95420837402344 7.9491868019104 7.94416570663452 7.93914461135864 7.9341230392456 7.92802858352661 7.91871309280396 7.9093976020813 7.90008211135864 7.89076662063599 7.88145112991333 7.87213563919067 7.86282014846802 7.84359359741211 7.82106399536133 7.79853439331055 7.77600479125977 7.75347518920898 7.7309455871582 7.70841598510742 7.69057655334473 7.68680667877197 7.68303728103638 7.67926740646362 7.67549800872803 7.67172813415527 7.66795873641968 7.66418886184692 7.67091464996338 7.68113851547241 7.69136238098145 7.70158624649048 7.71181011199951 7.72203397750854 7.73225784301758 7.74246025085449 7.75259780883789 7.76273536682129 7.77287244796753 7.78301000595093
7.6263599395752 7.71425628662109 7.80215311050415 7.89004993438721 7.90998411178589 7.9072642326355 7.90454483032227 7.90182495117188 7.89910507202148 7.89638519287109 7.8936653137207 7.88972806930542 7.88213777542114 7.87454748153687 7.86695718765259 7.85936689376831 7.85177659988403 7.84418630599976 7.83659601211548 7.81959819793701 7.7994647026062 7.77933120727539 7.75919771194458 7.73906421661377 7.71893072128296 7.69879722595215 7.68325424194336 7.68148231506348 7.67971038818359 7.67793893814087 7.67616701126099 7.6743950843811 7.67262315750122 7.6708517074585 7.67874622344971 7.68986225128174 7.70097875595093 7.71209526062012 7.72321176528931 7.7343282699585 7.74544477462769 7.75662612915039 7.76800298690796 7.77937984466553 7.7907567024231 7.80213356018066
7.55499362945557 7.63052558898926 7.70605754852295 7.78158950805664 7.80154848098755 7.80298328399658 7.80441808700562 7.80585289001465 7.80728769302368 7.80872249603271 7.81015729904175 7.81012868881226 7.80570888519287 7.80128908157349 7.79686975479126 7.79244995117188 7.78803014755249 7.7836103439331 7.77919101715088 7.7666072845459 7.75130224227905 7.73599720001221 7.72069215774536 7.70538711547852 7.69008255004883 7.67477750778198 7.66372060775757 7.66540861129761 7.6670970916748 7.66878509521484 7.67047309875488 7.67216157913208 7.67384958267212 7.67553758621216 7.68398380279541 7.69468212127686 7.7053804397583 7.7160792350769 7.72677755355835 7.7374758720398 7.7481746673584 7.7588472366333 7.76944351196289 7.78003978729248 7.79063606262207 7.8012318611145
7.48362731933594 7.54679489135742 7.60996198654175 7.67312955856323 7.69311332702637 7.69870281219482 7.70429182052612 7.70988130569458 7.71547079086304 7.72105979919434 7.72664928436279 7.73052883148193 7.7292799949646 7.72803115844727 7.72678184509277 7.72553300857544 7.72428369522095 7.72303485870361 7.72178554534912 7.71361589431763 7.7031397819519 7.69266319274902 7.68218660354614 7.67171049118042 7.66123390197754 7.65075731277466 7.64418697357178 7.6493353843689 7.65448331832886 7.65963172912598 7.66477966308594 7.6699275970459 7.67507600784302 7.68022394180298 7.68922138214111 7.69950199127197 7.70978212356567 7.72006273269653 7.73034334182739 7.74062347412109 7.75090408325195 7.76106834411621 7.77088403701782 7.78069925308228 7.79051494598389 7.80033016204834
7.41226100921631 7.46306371688843 7.51386642456055 7.56466913223267 7.58467769622803 7.59442186355591 7.60416555404663 7.61390972137451 7.62365341186523 7.63339710235596 7.64314126968384 7.65092945098877 7.65285110473633 7.65477275848389 7.65669441223145 7.658616065979 7.6605372428894 7.66245889663696 7.66438055038452 7.66062498092651 7.65497732162476 7.64932918548584 7.64368152618408 7.63803339004517 7.63238573074341 7.62673759460449 7.62465381622314 7.63326168060303 7.64187002182007 7.65047788619995 7.65908575057983 7.66769409179688 7.67630195617676 7.6849102973938 7.69445896148682 7.70432138442993 7.71418380737305 7.72404623031616 7.73390913009644 7.74377155303955 7.75363397598267 7.76328945159912 7.7723240852356 7.78135919570923 7.7903938293457 7.79942893981934
7.34089517593384 7.37933301925659 7.41777086257935 7.45620918273926 7.47624254226685 7.49014091491699 7.50403928756714 7.51793766021729 7.53183603286743 7.54573440551758 7.55963325500488 7.5713300704956 7.57642221450806 7.58151435852051 7.58660650253296 7.59169864654541 7.59679079055786 7.60188341140747 7.60697555541992 7.6076340675354 7.60681438446045 7.60599517822266 7.60517597198486 7.60435628890991 7.60353708267212 7.60271787643433 7.60512018203735 7.61718845367432 7.62925624847412 7.64132452011108 7.65339231491089 7.66546010971069 7.67752838134766 7.68959617614746 7.69969654083252 7.70914125442505 7.71858549118042 7.72803020477295 7.73747444152832 7.74691915512085 7.75636339187622 7.76551055908203 7.77376461029053 7.78201866149902 7.79027271270752 7.79852724075317
7.26952886581421 7.29560232162476 7.32167530059814 7.34774875640869 7.36780691146851 7.38585996627808 7.40391302108765 7.42196607589722 7.44001913070679 7.45807218551636 7.47612476348877 7.49173021316528 7.49999332427979 7.50825595855713 7.51651906967163 7.52478170394897 7.53304481506348 7.54130744934082 7.54957008361816 7.55464267730713 7.5586519241333 7.56266117095947 7.56667041778564 7.57067966461182 7.57468891143799 7.578697681427 7.58558654785156 7.60111474990845 7.61664247512817 7.63217067718506 7.64769887924194 7.66322660446167 7.67875480651855 7.69428253173828 7.70493459701538 7.71396064758301 7.72298717498779 7.73201370239258 7.74104022979736 7.75006675720215 7.75909328460693 7.76773166656494 7.77520513534546 7.78267860412598 7.79015207290649 7.79762554168701
7.2175235748291 7.23413133621216 7.25073909759521 7.26734638214111 7.28718280792236 7.30809545516968 7.32900810241699 7.34992074966431 7.37083339691162 7.39174604415894 7.41265821456909 7.43120431900024 7.44265079498291 7.45409679412842 7.46554327011108 7.47698926925659 7.48843574523926 7.49988174438477 7.51132822036743 7.51938009262085 7.52629995346069 7.5332202911377 7.54014015197754 7.54706048965454 7.55398082733154 7.56090068817139 7.57054948806763 7.58838319778442 7.60621690750122 7.62405061721802 7.64188432693481 7.65971803665161 7.67755174636841 7.6953854560852 7.70623207092285 7.71474933624268 7.7232666015625 7.73178386688232 7.74030113220215 7.74881839752197 7.7573356628418 7.76496458053589 7.76992750167847 7.7748908996582 7.77985429763794 7.78481769561768
7.18487930297852 7.19492053985596 7.20496129989624 7.21500253677368 7.23437023162842 7.2568473815918 7.27932453155518 7.30180168151855 7.32427883148193 7.34675598144531 7.36923313140869 7.38975191116333 7.40439414978027 7.41903686523438 7.43367910385132 7.44832181930542 7.46296453475952 7.47760677337646 7.49224948883057 7.50184488296509 7.50975847244263 7.51767206192017 7.5255856513977 7.53349924087524 7.54141283035278 7.54932641983032 7.56000804901123 7.57899332046509 7.59797859191895 7.6169638633728 7.63594913482666 7.65493440628052 7.67391967773438 7.69290494918823 7.70358896255493 7.71150588989258 7.71942281723022 7.72733974456787 7.73525667190552 7.74317359924316 7.75109052658081 7.75720930099487 7.75793266296387 7.75865650177002 7.75938034057617 7.76010417938232
7.15223503112793 7.1557092666626 7.15918350219727 7.16265821456909 7.18155813217163 7.20559978485107 7.22964143753052 7.25368309020996 7.2777247428894 7.30176639556885 7.32580852508545 7.34829950332642 7.3661379814148 7.38397693634033 7.40181541442871 7.41965436935425 7.43749284744263 7.45533180236816 7.47317028045654 7.48431015014648 7.49321746826172 7.5021243095398 7.51103115081787 7.5199384689331 7.52884531021118 7.53775262832642 7.54946708679199 7.56960391998291 7.58974075317383 7.60987758636475 7.63001441955566 7.65015125274658 7.6702880859375 7.69042491912842 7.70094633102417 7.70826292037964 7.71557950973511 7.72289609909058 7.73021221160889 7.73752880096436 7.74484539031982 7.74945402145386 7.74593782424927 7.74242210388184 7.7389063835144 7.73539066314697
7.11959075927734 7.1164984703064 7.11340618133545 7.1103138923645 7.12874555587769 7.15435171127319 7.17995834350586 7.20556449890137 7.23117065429688 7.25677680969238 7.28238344192505 7.30684661865234 7.32788181304932 7.34891653060913 7.3699517250061 7.39098644256592 7.41202163696289 7.4330563545227 7.45409154891968 7.46677541732788 7.47667598724365 7.48657655715942 7.49647665023804 7.50637722015381 7.51627779006958 7.52617835998535 7.5389256477356 7.56021404266357 7.58150243759155 7.60279083251953 7.62407922744751 7.64536762237549 7.66665601730347 7.68794441223145 7.69830369949341 7.70501947402954 7.71173572540283 7.71845197677612 7.72516822814941 7.7318844795227 7.73860025405884 7.74169874191284 7.73394298553467 7.72618770599365 7.71843242645264 7.71067667007446
