data/working_set_collections/6091692-Cassins_Sparrow-M2/2005/speed_avg.asc
NCOLS 265 
NROWS 230 
XLLCORNER -115.5625 
YLLCORNER 24.8333333333333 
CELLSIZE 0.0833333333333333 
NODATA_value -9999 
[rows 20 to 39 of 230, columns 46 to 91 of 265]
4.50009441375732 4.55276966094971 4.60544490814209 4.65812015533447 4.71079540252686 4.76347064971924 4.84575748443604 4.93791484832764 5.03007221221924 5.12222957611084 5.21438694000244 5.30654430389404 5.39870166778564 5.48903703689575 5.57390546798706 5.65877437591553 5.74364280700684 5.82851123809814 5.91338014602661 5.99824857711792 6.08311700820923 6.14828681945801 6.20689058303833 6.26549434661865 6.32409811019897 6.38270139694214 6.44130516052246 6.49990892410278 6.57728481292725 6.71097612380981 6.84466791152954 6.97835969924927 7.11205148696899 7.24574327468872 7.37943506240845 7.51312685012817 7.54034614562988 7.53207445144653 7.52380323410034 7.51553153991699 7.50725984573364 7.49898862838745 7.4907169342041 7.49007320404053 7.51231288909912 7.53455257415771
4.52933549880981 4.60029554367065 4.67125558853149 4.74221563339233 4.81317567825317 4.88413619995117 4.97050762176514 5.06201601028442 5.15352439880371 5.24503326416016 5.33654165267944 5.42805051803589 5.51955890655518 5.60738515853882 5.68416357040405 5.76094198226929 5.83772039413452 5.91449880599976 5.99127721786499 6.06805562973022 6.14483404159546 6.20285415649414 6.2546215057373 6.30638837814331 6.35815572738647 6.40992259979248 6.46168994903564 6.51345729827881 6.58458471298218 6.7137942314148 6.84300327301025 6.97221231460571 7.10142135620117 7.23063087463379 7.35983991622925 7.48904895782471 7.52113246917725 7.52084064483643 7.5205488204956 7.52025699615479 7.51996517181396 7.51967287063599 7.51938104629517 7.52496385574341 7.54817056655884 7.57137727737427
4.55857610702515 4.6478214263916 4.7370662689209 4.8263111114502 4.91555643081665 5.00480127334595 5.09525728225708 5.18611717224121 5.27697706222534 5.36783695220947 5.45869636535645 5.54955625534058 5.64041614532471 5.72573280334473 5.79442119598389 5.86310958862305 5.93179798126221 6.00048637390137 6.06917476654053 6.13786315917969 6.20655155181885 6.25742149353027 6.30235195159912 6.34728288650513 6.39221334457397 6.43714427947998 6.48207473754883 6.52700519561768 6.59188508987427 6.71661186218262 6.84133815765381 6.96606492996216 7.09079170227051 7.2155179977417 7.34024477005005 7.4649715423584 7.50191879272461 7.50960683822632 7.51729440689087 7.52498197555542 7.53267002105713 7.54035758972168 7.54804563522339 7.55985498428345 7.58402872085571 7.60820245742798
4.58781671524048 4.69534683227539 4.8028769493103 4.91040706634521 5.01793670654297 5.12546682357788 5.22000741958618 5.310218334198 5.40042924880981 5.49064016342163 5.58085107803345 5.67106199264526 5.76127290725708 5.84408044815063 5.90467882156372 5.96527719497681 6.02587556838989 6.08647346496582 6.14707183837891 6.20767021179199 6.26826858520508 6.31198883056641 6.3500828742981 6.38817691802979 6.42627096176147 6.46436548233032 6.50245952606201 6.5405535697937 6.59918546676636 6.71942949295044 6.83967351913452 6.9599175453186 7.08016157150269 7.20040559768677 7.32064962387085 7.44089365005493 7.48270511627197 7.49837255477905 7.51403999328613 7.52970743179321 7.54537487030029 7.56104230880737 7.57670974731445 7.59474563598633 7.61988639831543 7.64502763748169
4.59068202972412 4.71451234817505 4.83834266662598 4.9621729850769 5.08600330352783 5.20983362197876 5.31519746780396 5.41440582275391 5.5136137008667 5.61282205581665 5.7120304107666 5.8112382888794 5.91044664382935 5.99754095077515 6.04829263687134 6.09904432296753 6.14979600906372 6.20054769515991 6.2512993812561 6.3020510673523 6.35280275344849 6.38577842712402 6.41282844543457 6.43987846374512 6.46692848205566 6.49397802352905 6.5210280418396 6.54807806015015 6.59751653671265 6.71411991119385 6.83072280883789 6.94732618331909 7.06392908096313 7.18053245544434 7.29713582992554 7.41373872756958 7.45567655563354 7.47272634506226 7.48977565765381 7.50682497024536 7.52387475967407 7.54092407226562 7.55797386169434 7.57760095596313 7.60496091842651 7.63232135772705
4.56717157363892 4.70531749725342 4.84346342086792 4.98160982131958 5.11975574493408 5.25790166854858 5.38082695007324 5.49867868423462 5.616530418396 5.73438215255737 5.85223388671875 5.97008562088013 6.0879373550415 6.18611335754395 6.22526216506958 6.26441097259521 6.30355930328369 6.34270811080933 6.38185691833496 6.4210057258606 6.46015453338623 6.47879028320312 6.49058818817139 6.50238656997681 6.51418495178223 6.52598285675049 6.53778123855591 6.54957914352417 6.58687877655029 6.70068311691284 6.81448698043823 6.92829084396362 7.04209518432617 7.15589904785156 7.26970291137695 7.38350677490234 7.42083358764648 7.43266725540161 7.4445013999939 7.45633506774902 7.46816921234131 7.48000335693359 7.49183702468872 7.50842046737671 7.53925228118896 7.57008409500122
4.54366064071655 4.69612264633179 4.84858465194702 5.0010461807251 5.15350818634033 5.30596971511841 5.44645690917969 5.58295202255249 5.71944713592529 5.8559422492981 5.9924373626709 6.12893295288086 6.26542806625366 6.37468576431274 6.40223169326782 6.42977714538574 6.45732307434082 6.48486852645874 6.51241445541382 6.53995990753174 6.56750583648682 6.57180213928223 6.56834840774536 6.5648946762085 6.56144142150879 6.55798768997192 6.55453395843506 6.55108022689819 6.5762414932251 6.68724632263184 6.79825115203857 6.90925598144531 7.02026081085205 7.13126564025879 7.24227046966553 7.35327529907227 7.38599014282227 7.39260864257812 7.39922714233398 7.40584516525269 7.41246366500854 7.4190821647644 7.42570066452026 7.43924045562744 7.47354364395142 7.50784683227539
4.52015018463135 4.68692779541016 4.85370540618896 5.02048301696777 5.18726015090942 5.35403776168823 5.51208639144897 5.6672248840332 5.82236385345459 5.97750234603882 6.1326413154602 6.28777980804443 6.44291877746582 6.56325817108154 6.57920122146606 6.59514379501343 6.61108636856079 6.62702941894531 6.64297199249268 6.65891456604004 6.67485761642456 6.66481399536133 6.64610862731934 6.62740325927734 6.60869789123535 6.5899920463562 6.57128667831421 6.55258131027222 6.56560373306274 6.67380952835083 6.78201484680176 6.89022064208984 6.99842643737793 7.10663175582886 7.21483755111694 7.32304334640503 7.35114669799805 7.35254955291748 7.35395240783691 7.35535526275635 7.35675859451294 7.35816144943237 7.35956430435181 7.37005996704102 7.40783500671387 7.44560956954956
4.49663972854614 4.67773294448853 4.85882616043091 5.03991937637329 5.22101259231567 5.40210580825806 5.57771587371826 5.75149822235107 5.92528057098389 6.09906244277954 6.27284479141235 6.44662714004517 6.62040901184082 6.7518310546875 6.75617074966431 6.76051044464111 6.76485013961792 6.76918983459473 6.77352952957153 6.77786922454834 6.78220891952515 6.75782585144043 6.72386884689331 6.68991136550903 6.65595436096191 6.62199687957764 6.58803939819336 6.55408239364624 6.55496597290039 6.66037273406982 6.7657790184021 6.87118530273438 6.97659206390381 7.08199834823608 7.18740510940552 7.29281139373779 7.31630373001099 7.31249094009399 7.308678150177 7.30486536026001 7.30105304718018 7.29724025726318 7.29342746734619 7.30087947845459 7.34212589263916 7.38337230682373
4.47312879562378 4.66853809356689 4.86394691467285 5.05935621261597 5.25476503372192 5.45017433166504 5.64334583282471 5.83577156066895 6.02819728851318 6.22062253952026 6.4130482673645 6.60547399520874 6.79789972305298 6.9404034614563 6.93314027786255 6.92587661743164 6.91861343383789 6.91135025024414 6.90408706665039 6.89682388305664 6.88956022262573 6.85083770751953 6.80162858963013 6.75241947174072 6.70321083068848 6.65400171279907 6.60479259490967 6.55558347702026 6.54432821273804 6.64693593978882 6.74954319000244 6.85215044021606 6.95475769042969 7.05736494064331 7.15997219085693 7.26257944107056 7.28146028518677 7.27243232727051 7.26340389251709 7.25437545776367 7.24534749984741 7.23631906509399 7.22729110717773 7.23169946670532 7.27641725540161 7.32113552093506
4.45123815536499 4.64707899093628 4.84291982650757 5.03876066207886 5.23460149765015 5.43044233322144 5.62710618972778 5.8240442276001 6.02098226547241 6.21792030334473 6.41485834121704 6.61179637908936 6.80873441696167 6.95456409454346 6.94706726074219 6.93957090377808 6.93207454681396 6.92457818984985 6.91708183288574 6.90958547592163 6.90208911895752 6.85887718200684 6.80376052856445 6.74864339828491 6.69352674484253 6.63841009140015 6.58329343795776 6.52817630767822 6.51029777526855 6.60413265228271 6.69796752929688 6.79180240631104 6.88563776016235 6.97947263717651 7.07330751419067 7.16714239120483 7.18304061889648 7.17295980453491 7.1628794670105 7.15279865264893 7.14271783828735 7.13263702392578 7.12255620956421 7.1259913444519 7.16997337341309 7.21395587921143
4.43096733093262 4.61335611343384 4.79574489593506 4.97813367843628 5.1605224609375 5.34291124343872 5.52899789810181 5.71631717681885 5.90363645553589 6.09095525741577 6.27827453613281 6.46559381484985 6.6529130935669 6.79431247711182 6.79795265197754 6.80159282684326 6.80523347854614 6.80887365341187 6.81251382827759 6.81615400314331 6.81979417800903 6.78194427490234 6.73026371002197 6.6785831451416 6.62690258026123 6.57522249221802 6.52354192733765 6.47186136245728 6.45287370681763 6.53196287155151 6.61105251312256 6.6901421546936 6.76923179626465 6.84832143783569 6.92741060256958 7.00650024414062 7.0210452079773 7.01407480239868 7.00710439682007 7.00013399124146 6.99316358566284 6.98619318008423 6.97922325134277 6.98375511169434 7.02279472351074 7.06183385848999
4.41069650650024 4.5796332359314 4.74856996536255 4.9175066947937 5.08644342422485 5.25538015365601 5.43088960647583 5.60858964920044 5.78629016876221 5.96399068832397 6.14169073104858 6.31939125061035 6.49709177017212 6.63406133651733 6.64883804321289 6.6636152267456 6.67839193344116 6.69316911697388 6.70794582366943 6.72272300720215 6.7374997138977 6.70501089096069 6.65676689147949 6.60852289199829 6.56027889251709 6.51203489303589 6.46379089355469 6.41554641723633 6.3954496383667 6.45979356765747 6.52413749694824 6.58848190307617 6.65282583236694 6.71716976165771 6.78151416778564 6.84585809707642 6.85904932022095 6.85518932342529 6.85132932662964 6.84746980667114 6.84360980987549 6.83974981307983 6.83588981628418 6.84151887893677 6.87561559677124 6.90971183776855
4.39042568206787 4.54591035842896 4.70139503479004 4.85687971115112 5.01236391067505 5.16784858703613 5.3327808380127 5.50086259841919 5.66894388198853 5.83702564239502 6.00510692596436 6.17318868637085 6.34126996994019 6.47380971908569 6.49972343444824 6.52563714981079 6.55155086517334 6.57746458053589 6.60337781906128 6.62929153442383 6.65520524978638 6.6280779838562 6.58327007293701 6.53846263885498 6.49365472793579 6.44884729385376 6.40403938293457 6.35923147201538 6.33802556991577 6.38762426376343 6.43722295761108 6.48682165145874 6.53641986846924 6.5860185623169 6.63561725616455 6.68521595001221 6.6970534324646 6.6963038444519 6.69555473327637 6.69480514526367 6.69405555725098 6.69330596923828 6.69255685806274 6.69928312301636 6.72843647003174 6.75758981704712
4.3701548576355 4.51218748092651 4.65422010421753 4.79625225067139 4.9382848739624 5.08031749725342 5.23467254638672 5.39313507080078 5.551598072052 5.71006059646606 5.86852312088013 6.02698612213135 6.18544864654541 6.31355857849121 6.35060882568359 6.38765907287598 6.42470932006836 6.46175956726074 6.49881029129028 6.53586053848267 6.57291078567505 6.55114459991455 6.50977373123169 6.46840190887451 6.42703056335449 6.38565921783447 6.34428787231445 6.30291652679443 6.28060150146484 6.31545448303223 6.35030794143677 6.38516092300415 6.42001438140869 6.45486736297607 6.48972034454346 6.524573802948 6.53505754470825 6.53741884231567 6.53977966308594 6.5421404838562 6.54450178146362 6.54686260223389 6.54922342300415 6.55704689025879 6.58125734329224 6.60546827316284
4.34988403320312 4.47846460342407 4.60704517364502 4.73562526702881 4.86420583724976 4.99278593063354 5.13656425476074 5.28540802001953 5.43425178527832 5.58309555053711 5.73193979263306 5.88078355789185 6.02962732315063 6.15330696105957 6.20149421691895 6.24968099594116 6.29786825180054 6.34605503082275 6.39424228668213 6.44242906570435 6.49061632156372 6.47421169281006 6.43627691268921 6.3983416557312 6.36040687561035 6.32247161865234 6.28453683853149 6.24660205841064 6.22317743301392 6.24328517913818 6.26339292526245 6.28350067138672 6.30360841751099 6.32371616363525 6.34382390975952 6.36393165588379 6.37306213378906 6.37853336334229 6.38400459289551 6.38947629928589 6.39494752883911 6.40041875839233 6.40589046478271 6.41481065750122 6.43407869338989 6.45334625244141
4.32329654693604 4.43677473068237 4.55025243759155 4.66373062133789 4.77720880508423 4.89068698883057 5.0246467590332 5.16543388366699 5.30622100830078 5.44700813293457 5.58779525756836 5.72858238220215 5.86936950683594 5.98711585998535 6.03573894500732 6.08436250686646 6.13298559188843 6.18160915374756 6.23023223876953 6.27885580062866 6.32747936248779 6.31548023223877 6.28327417373657 6.25106811523438 6.21886205673218 6.18665552139282 6.15444946289062 6.12224340438843 6.10215139389038 6.11840295791626 6.13465452194214 6.15090608596802 6.1671576499939 6.18340873718262 6.1996603012085 6.21591186523438 6.22884368896484 6.24066877365112 6.2524938583374 6.26431894302368 6.27614450454712 6.2879695892334 6.29979467391968 6.31223249435425 6.32650899887085 6.34078598022461
4.29039192199707 4.38711738586426 4.48384284973145 4.58056879043579 4.67729425430298 4.77401971817017 4.89892053604126 5.03321313858032 5.16750526428223 5.30179786682129 5.43609046936035 5.57038307189941 5.70467567443848 5.8149847984314 5.85334396362305 5.8917031288147 5.93006229400635 5.96842193603516 6.00678110122681 6.04514026641846 6.08349943161011 6.07495069503784 6.05076599121094 6.02658081054688 6.00239610671997 5.97821092605591 5.954026222229 5.9298415184021 5.9175238609314 5.94080829620361 5.96409273147583 5.98737668991089 6.0106611251831 6.03394556045532 6.05722999572754 6.08051443099976 6.1024022102356 6.12382459640503 6.14524698257446 6.1666693687439 6.18809175491333 6.20951414108276 6.2309365272522 6.24931240081787 6.25854969024658 6.26778697967529
4.25748729705811 4.3374605178833 4.41743326187134 4.49740648269653 4.57737922668457 4.65735244750977 4.77319431304932 4.90099191665649 5.02878999710083 5.15658760070801 5.28438568115234 5.41218376159668 5.53998136520386 5.64285373687744 5.67094898223877 5.6990442276001 5.72713899612427 5.7552342414856 5.78332948684692 5.81142473220825 5.83951997756958 5.83442115783691 5.81825733184814 5.80209350585938 5.78593015670776 5.76976633071899 5.75360298156738 5.73743915557861 5.73289585113525 5.76321315765381 5.79353046417236 5.82384777069092 5.85416507720947 5.88448238372803 5.91479969024658 5.94511699676514 5.97596120834351 6.00698041915894 6.03800010681152 6.06901979446411 6.10003900527954 6.13105869293213 6.16207838058472 6.18639230728149 6.19059038162231 6.19478845596313
4.22458267211914 4.28780317306519 4.35102367401123 4.41424417495728 4.47746467590332 4.54068517684937 4.64746809005737 4.76877117156982 4.89007425308228 5.01137781143188 5.13268089294434 5.25398397445679 5.3752875328064 5.47072267532349 5.48855352401733 5.50638484954834 5.52421569824219 5.54204702377319 5.55987787246704 5.57770919799805 5.59554052352905 5.59389114379883 5.58574914932251 5.57760667800903 5.56946420669556 5.56132173538208 5.55317974090576 5.54503726959229 5.54826784133911 5.585618019104 5.62296867370605 5.66031885147095 5.69766902923584 5.73501920700073 5.77236938476562 5.80971956253052 5.84951972961426 5.89013671875 5.93075323104858 5.97136974334717 6.01198673248291 6.05260324478149 6.09321975708008 6.12347221374512 6.12263059616089 6.12178945541382
