data/working_set_collections/6091692-Cassins_Sparrow-M2/2005/swgnt_avg.asc
NCOLS 265 
NROWS 230 
XLLCORNER -115.5625 
YLLCORNER 24.8333333333333 
CELLSIZE 0.0833333333333333 
NODATA_value -9999 
[rows 0 to 19 of 230, columns 138 to 183 of 265]
170.703186035156 171.254989624023 171.806793212891 172.358581542969 171.709533691406 170.660217285156 169.610885620117 168.561553955078 167.512222290039 166.462905883789 165.41357421875 164.418899536133 163.588180541992 162.757461547852 161.926742553711 161.096038818359 160.265319824219 159.434600830078 158.603881835938 158.538375854492 158.727935791016 158.917495727539 159.107055664062 159.296615600586 159.486190795898 159.675750732422 159.77131652832 159.584915161133 159.398498535156 159.212097167969 159.025695800781 158.839294433594 158.652877807617 158.46647644043 158.295700073242 158.130126953125 157.964569091797 157.79899597168 157.633422851562 157.467864990234 157.302291870117 157.150619506836 157.040603637695 156.930587768555 156.820571899414 156.710556030273
170.303634643555 170.850845336914 171.398056030273 171.945266723633 171.3203125 170.304641723633 169.288955688477 168.273284912109 167.257598876953 166.241912841797 165.22624206543 164.268356323242 163.483856201172 162.699356079102 161.91487121582 161.13037109375 160.34587097168 159.561386108398 158.776885986328 158.727935791016 158.924179077148 159.120407104492 159.316650390625 159.512893676758 159.709121704102 159.905364990234 159.996643066406 159.773071289062 159.549499511719 159.325912475586 159.102340698242 158.878768920898 158.655197143555 158.431610107422 158.271881103516 158.133438110352 157.994995117188 157.856536865234 157.71809387207 157.579650878906 157.441192626953 157.307342529297 157.187271118164 157.06721496582 156.947143554688 156.827072143555
169.904098510742 170.446716308594 170.989334106445 171.531967163086 170.931091308594 169.949066162109 168.967025756836 167.985000610352 167.002960205078 166.020935058594 165.038909912109 164.117813110352 163.379531860352 162.641265869141 161.902984619141 161.16471862793 160.42643737793 159.68815612793 158.949890136719 158.917495727539 159.120422363281 159.323333740234 159.526245117188 159.729156494141 159.932067871094 160.134979248047 160.221969604492 159.961227416992 159.700485229492 159.439743041992 159.178985595703 158.918243408203 158.657501220703 158.396743774414 158.248062133789 158.136734008789 158.025405883789 157.914077758789 157.802749633789 157.691421508789 157.580093383789 157.464080810547 157.333953857422 157.203826904297 157.073715209961 156.943588256836
169.504547119141 170.042587280273 170.580612182617 171.11865234375 170.541870117188 169.593490600586 168.645095825195 167.696716308594 166.748336791992 165.799957275391 164.8515625 163.967269897461 163.275207519531 162.583160400391 161.891098022461 161.19905090332 160.50700378418 159.81494140625 159.122894287109 159.107070922852 159.316650390625 159.526245117188 159.735824584961 159.945419311523 160.154998779297 160.364593505859 160.447311401367 160.149383544922 159.851470947266 159.553558349609 159.255630493164 158.957717895508 158.659805297852 158.361892700195 158.224258422852 158.140045166016 158.05583190918 157.971633911133 157.887420654297 157.803207397461 157.719009399414 157.620803833008 157.48063659668 157.340454101562 157.200286865234 157.060104370117
169.104995727539 169.638442993164 170.171890258789 170.705337524414 170.152648925781 169.237915039062 168.323181152344 167.408447265625 166.493698120117 165.578964233398 164.66423034668 163.81672668457 163.170883178711 162.525054931641 161.87922668457 161.233383178711 160.587554931641 159.94172668457 159.2958984375 159.296630859375 159.512893676758 159.729156494141 159.945419311523 160.161682128906 160.377944946289 160.594207763672 160.672637939453 160.337539672852 160.002456665039 159.667373657227 159.332290649414 158.997192382812 158.662109375 158.327026367188 158.200439453125 158.143341064453 158.08625793457 158.029174804688 157.972076416016 157.914993286133 157.85791015625 157.777526855469 157.627304077148 157.477081298828 157.326858520508 157.176635742188
168.705459594727 169.234313964844 169.763168334961 170.292022705078 169.763427734375 168.882339477539 168.001251220703 167.120162963867 166.239074707031 165.357986450195 164.476898193359 163.66618347168 163.066558837891 162.466949462891 161.867340087891 161.267730712891 160.668121337891 160.068511962891 159.468887329102 159.486190795898 159.709136962891 159.932067871094 160.155014038086 160.377944946289 160.600891113281 160.823822021484 160.897964477539 160.52571105957 160.153442382812 159.781188964844 159.408935546875 159.036682128906 158.664413452148 158.29216003418 158.176620483398 158.14665222168 158.116683959961 158.086715698242 158.056747436523 158.026779174805 157.996810913086 157.934265136719 157.773986816406 157.613708496094 157.453430175781 157.293151855469
168.31787109375 168.797088623047 169.276290893555 169.755493164062 169.274124145508 168.472549438477 167.670989990234 166.869415283203 166.067855834961 165.26628112793 164.464706420898 163.730560302734 163.198669433594 162.666778564453 162.134887695312 161.602996826172 161.071105957031 160.539215087891 160.00732421875 160.001312255859 160.17057800293 160.33984375 160.50910949707 160.67839050293 160.84765625 161.01692199707 161.050918579102 160.679046630859 160.307189941406 159.935333251953 159.563461303711 159.191604614258 158.819747924805 158.447875976562 158.333297729492 158.304473876953 158.275650024414 158.246826171875 158.218002319336 158.189178466797 158.160339355469 158.095504760742 157.922637939453 157.749771118164 157.576904296875 157.404022216797
167.942260742188 168.326751708984 168.71125793457 169.095748901367 168.68473815918 168.008560180664 167.332382202148 166.656204223633 165.980026245117 165.303863525391 164.627685546875 164.009887695312 163.56721496582 163.124542236328 162.681869506836 162.239196777344 161.796524047852 161.353851318359 160.911178588867 160.84196472168 160.897216796875 160.952484130859 161.007736206055 161.063003540039 161.118255615234 161.173522949219 161.131484985352 160.797592163086 160.463684082031 160.129791259766 159.795883178711 159.461990356445 159.128082275391 158.794189453125 158.670471191406 158.616806030273 158.56315612793 158.509490966797 158.455841064453 158.40217590332 158.348510742188 158.261276245117 158.073272705078 157.885269165039 157.697265625 157.509262084961
167.566650390625 167.856430053711 168.146209716797 168.435989379883 168.095352172852 167.544570922852 166.993789672852 166.442993164062 165.892211914062 165.341430664062 164.790649414062 164.289199829102 163.935745239258 163.582290649414 163.228851318359 162.875396728516 162.521942138672 162.168502807617 161.815048217773 161.6826171875 161.623870849609 161.56510925293 161.506362915039 161.447616577148 161.388854980469 161.330108642578 161.212066650391 160.916122436523 160.620178222656 160.324249267578 160.028305053711 159.732376098633 159.436431884766 159.140487670898 159.00764465332 158.929153442383 158.850662231445 158.772171020508 158.693664550781 158.615173339844 158.536682128906 158.427032470703 158.223907470703 158.020767211914 157.817642211914 157.614501953125
167.191040039062 167.386108398438 167.581176757812 167.776245117188 167.505966186523 167.080581665039 166.655181884766 166.229797363281 165.804397583008 165.379013061523 164.95361328125 164.568511962891 164.304290771484 164.040054321289 163.775817871094 163.511596679688 163.247360229492 162.983139038086 162.718902587891 162.52326965332 162.350509643555 162.177749633789 162.004989624023 161.832229614258 161.659469604492 161.486694335938 161.292633056641 161.034652709961 160.77668762207 160.518707275391 160.260726928711 160.002746582031 159.744781494141 159.486801147461 159.344818115234 159.241485595703 159.138168334961 159.03483581543 158.931503295898 158.828186035156 158.724853515625 158.592803955078 158.374542236328 158.156280517578 157.938003540039 157.719741821289
166.8154296875 166.915786743164 167.016143798828 167.116500854492 166.916580200195 166.616577148438 166.316589355469 166.016586303711 165.716583251953 165.416580200195 165.116577148438 164.84782409668 164.672821044922 164.497817993164 164.322799682617 164.147796630859 163.972778320312 163.797775268555 163.622772216797 163.36393737793 163.077163696289 162.790390014648 162.503616333008 162.216842651367 161.930068969727 161.643295288086 161.37321472168 161.153198242188 160.933181762695 160.713165283203 160.493148803711 160.273132324219 160.053115844727 159.833099365234 159.681976318359 159.553817749023 159.425659179688 159.297500610352 159.169342041016 159.04118347168 158.913024902344 158.758560180664 158.525161743164 158.291778564453 158.058380126953 157.824981689453
166.439819335938 166.445465087891 166.451095581055 166.456741333008 166.327194213867 166.152587890625 165.977981567383 165.803375244141 165.628768920898 165.454162597656 165.279556274414 165.127151489258 165.041351318359 164.95556640625 164.869781494141 164.783996582031 164.698196411133 164.612411499023 164.526626586914 164.20458984375 163.803802490234 163.403015136719 163.002243041992 162.601455688477 162.200668334961 161.799880981445 161.45378112793 161.271728515625 161.08967590332 160.907623291016 160.725570678711 160.543518066406 160.361465454102 160.179412841797 160.019149780273 159.866165161133 159.713165283203 159.560180664062 159.407180786133 159.254196166992 159.101196289062 158.924331665039 158.675796508789 158.427276611328 158.178756713867 157.930221557617
166.361038208008 166.328414916992 166.295806884766 166.26318359375 166.172912597656 166.063400268555 165.953903198242 165.84440612793 165.734893798828 165.625396728516 165.515899658203 165.417388916016 165.351821899414 165.286270141602 165.220718383789 165.155166625977 165.089614868164 165.024063110352 164.95849609375 164.612686157227 164.173446655273 163.73420715332 163.294982910156 162.855743408203 162.41650390625 161.977264404297 161.607467651367 161.445953369141 161.284439086914 161.122924804688 160.961410522461 160.799911499023 160.638397216797 160.47688293457 160.317794799805 160.159530639648 160.001251220703 159.842987060547 159.684707641602 159.526443481445 159.3681640625 159.186920166016 158.936752319336 158.686569213867 158.436401367188 158.186233520508
166.579086303711 166.564666748047 166.550247192383 166.535827636719 166.453704833984 166.349029541016 166.244354248047 166.139663696289 166.03498840332 165.930313110352 165.825622558594 165.718536376953 165.604232788086 165.489929199219 165.375625610352 165.261322021484 165.147003173828 165.032699584961 164.918395996094 164.588226318359 164.186096191406 163.783966064453 163.3818359375 162.979705810547 162.577575683594 162.175445556641 161.834259033203 161.675857543945 161.517471313477 161.359085083008 161.20068359375 161.042297363281 160.883895874023 160.725509643555 160.577911376953 160.43391418457 160.289916992188 160.145919799805 160.001922607422 159.857925415039 159.713928222656 159.546340942383 159.307998657227 159.069671630859 158.831329345703 158.592987060547
166.797134399414 166.800918579102 166.8046875 166.808471679688 166.734512329102 166.634658813477 166.534790039062 166.434936523438 166.335083007812 166.235214233398 166.135360717773 166.01969909668 165.856643676758 165.693572998047 165.530517578125 165.367462158203 165.204406738281 165.041351318359 164.878295898438 164.563766479492 164.198745727539 163.833724975586 163.468704223633 163.10368347168 162.738662719727 162.373641967773 162.061050415039 161.905776977539 161.750503540039 161.595230102539 161.439956665039 161.284683227539 161.129409790039 160.974136352539 160.838027954102 160.708297729492 160.578582763672 160.448852539062 160.319122314453 160.189407348633 160.059677124023 159.90576171875 159.679260253906 159.452758789062 159.226257324219 158.999755859375
167.015182495117 167.037155151367 167.059127807617 167.081100463867 167.015319824219 166.920288085938 166.825241088867 166.730209350586 166.635162353516 166.540130615234 166.445083618164 166.320846557617 166.109039306641 165.897232055664 165.685424804688 165.473617553711 165.261810302734 165.049987792969 164.838180541992 164.539291381836 164.211380004883 163.88346862793 163.555557250977 163.227645874023 162.89973449707 162.571823120117 162.287841796875 162.135696411133 161.983535766602 161.83137512207 161.679229736328 161.527069091797 161.374923706055 161.222763061523 161.098129272461 160.982681274414 160.867233276367 160.75178527832 160.636337280273 160.520889282227 160.40544128418 160.265182495117 160.050521850586 159.835845947266 159.621185302734 159.406509399414
167.233245849609 167.273406982422 167.313583374023 167.353744506836 167.296127319336 167.205902099609 167.115692138672 167.025466918945 166.935256958008 166.845031738281 166.754806518555 166.622009277344 166.361450195312 166.100891113281 165.840316772461 165.57975769043 165.319198608398 165.058639526367 164.798080444336 164.514831542969 164.224029541016 163.933227539062 163.64241027832 163.351608276367 163.060806274414 162.770004272461 162.514633178711 162.365600585938 162.216567993164 162.067535400391 161.918502807617 161.769454956055 161.620422363281 161.471389770508 161.358245849609 161.257080078125 161.155899047852 161.054718017578 160.953552246094 160.85237121582 160.751190185547 160.624603271484 160.421768188477 160.218948364258 160.01611328125 159.813278198242
167.451293945312 167.509658813477 167.568023681641 167.626388549805 167.576934814453 167.49153137207 167.406127929688 167.320739746094 167.235336303711 167.149932861328 167.064544677734 166.92317199707 166.613845825195 166.304534912109 165.995223999023 165.685913085938 165.376602172852 165.067291259766 164.757965087891 164.490371704102 164.236663818359 163.982971191406 163.729278564453 163.475570678711 163.221878051758 162.968185424805 162.741424560547 162.595520019531 162.449600219727 162.303680419922 162.157760620117 162.011856079102 161.865936279297 161.720016479492 161.618362426758 161.531463623047 161.444564819336 161.357650756836 161.270751953125 161.183853149414 161.096954345703 160.984024047852 160.793029785156 160.602035522461 160.411041259766 160.22004699707
167.51838684082 167.580932617188 167.643463134766 167.706008911133 167.659622192383 167.576934814453 167.494232177734 167.411544799805 167.328842163086 167.246154785156 167.163452148438 167.023681640625 166.712661743164 166.401657104492 166.090637207031 165.779632568359 165.468612670898 165.157608032227 164.846588134766 164.598602294922 164.371612548828 164.144622802734 163.917633056641 163.690643310547 163.463653564453 163.236663818359 163.030364990234 162.886108398438 162.741851806641 162.597595214844 162.453353881836 162.309097290039 162.164840698242 162.020584106445 161.918060302734 161.829437255859 161.740814208984 161.652191162109 161.563568115234 161.474945068359 161.386322021484 161.274063110352 161.090927124023 160.907775878906 160.724639892578 160.541488647461
167.434509277344 167.487213134766 167.539916992188 167.592636108398 167.544219970703 167.462112426758 167.379989624023 167.297882080078 167.215774536133 167.133651733398 167.051544189453 166.923538208008 166.65788269043 166.392227172852 166.126571655273 165.860916137695 165.595260620117 165.329605102539 165.063949584961 164.83952331543 164.628845214844 164.418167114258 164.207489013672 163.996810913086 163.7861328125 163.575454711914 163.381439208984 163.237380981445 163.093338012695 162.949295043945 162.805252075195 162.661193847656 162.517150878906 162.373107910156 162.257339477539 162.151000976562 162.044662475586 161.938323974609 161.831985473633 161.725631713867 161.619293212891 161.494720458984 161.315444946289 161.136169433594 160.956893920898 160.777618408203
