data/working_set_collections/6091692-Cassins_Sparrow-M2/2005/swgnt_avg.asc
NCOLS 265 
NROWS 230 
XLLCORNER -115.5625 
YLLCORNER 24.8333333333333 
CELLSIZE 0.0833333333333333 
NODATA_value -9999 
[rows 160 to 179 of 230, columns 46 to 91 of 265]
202.025833129883 202.416946411133 202.808044433594 203.199157714844 203.590270996094 203.981369018555 204.638366699219 205.384002685547 206.129638671875 206.875274658203 207.620910644531 208.366546630859 209.112167358398 209.730529785156 209.967086791992 210.203643798828 210.440185546875 210.676742553711 210.913284301758 211.149841308594 211.386383056641 211.396347045898 211.330795288086 211.265228271484 211.199661254883 211.134094238281 211.06852722168 211.002975463867 210.883163452148 210.600601196289 210.31803894043 210.03547668457 209.752914428711 209.470352172852 209.187789916992 208.905227661133 208.344009399414 207.689910888672 207.03581237793 206.381713867188 205.727615356445 205.073516845703 204.419418334961 203.812881469727 203.349029541016 202.885177612305
201.834091186523 202.181640625 202.529205322266 202.876754760742 203.224319458008 203.571868896484 204.297378540039 205.148880004883 206.000381469727 206.85188293457 207.703369140625 208.554870605469 209.406372070312 210.119293212891 210.416458129883 210.713623046875 211.010803222656 211.307968139648 211.605133056641 211.902313232422 212.199478149414 212.162170410156 212.013381958008 211.86457824707 211.715774536133 211.566986083984 211.418182373047 211.269378662109 211.120239257812 210.97004699707 210.819869995117 210.669677734375 210.519500732422 210.36930847168 210.219116210938 210.068939208984 209.52165222168 208.842010498047 208.162368774414 207.482727050781 206.803085327148 206.123443603516 205.443801879883 204.793395996094 204.230682373047 203.667984008789
201.757507324219 202.069320678711 202.381134033203 202.692947387695 203.004760742188 203.31657409668 204.064895629883 204.958709716797 205.852523803711 206.746337890625 207.640151977539 208.533966064453 209.427780151367 210.181533813477 210.515075683594 210.848617553711 211.182144165039 211.515686035156 211.849227905273 212.182769775391 212.516311645508 212.463668823242 212.282302856445 212.100936889648 211.919555664062 211.738189697266 211.556823730469 211.375457763672 211.229278564453 211.188674926758 211.148056030273 211.107437133789 211.066833496094 211.026214599609 210.985595703125 210.94499206543 210.438385009766 209.776458740234 209.114517211914 208.452590942383 207.790649414062 207.128723144531 206.466796875 205.811370849609 205.17546081543 204.539566040039
201.796112060547 202.079986572266 202.363861083984 202.647735595703 202.931610107422 203.215484619141 203.940887451172 204.8134765625 205.686065673828 206.558654785156 207.431243896484 208.303833007812 209.176422119141 209.917266845703 210.262924194336 210.608581542969 210.954238891602 211.299896240234 211.645553588867 211.9912109375 212.336868286133 212.300827026367 212.137557983398 211.97428894043 211.811019897461 211.647735595703 211.484466552734 211.321197509766 211.21028137207 211.256439208984 211.302597045898 211.348754882812 211.394912719727 211.441070556641 211.487228393555 211.533386230469 211.094192504883 210.493225097656 209.89225769043 209.291290283203 208.690307617188 208.089340209961 207.488372802734 206.866775512695 206.183349609375 205.499923706055
201.834701538086 202.090637207031 202.346588134766 202.602523803711 202.858459472656 203.114395141602 203.81689453125 204.668258666992 205.519607543945 206.370971679688 207.22233581543 208.073684692383 208.925048828125 209.65299987793 210.010787963867 210.368560791016 210.726333618164 211.084106445312 211.441879272461 211.799652099609 212.157424926758 212.137985229492 211.992813110352 211.847640991211 211.702453613281 211.557281494141 211.412109375 211.266937255859 211.191284179688 211.324203491211 211.457138061523 211.590072631836 211.722991943359 211.855926513672 211.988861083984 212.121780395508 211.750015258789 211.209991455078 210.669982910156 210.129974365234 209.589965820312 209.049957275391 208.509948730469 207.92219543457 207.19123840332 206.46028137207
201.873306274414 202.101303100586 202.329299926758 202.557312011719 202.785308837891 203.013305664062 203.692901611328 204.523025512695 205.353164672852 206.183288574219 207.013412475586 207.843551635742 208.673675537109 209.388748168945 209.758636474609 210.128524780273 210.498413085938 210.868316650391 211.238204956055 211.608093261719 211.977996826172 211.975158691406 211.848068237305 211.720993041992 211.593902587891 211.466827392578 211.339752197266 211.212661743164 211.172286987305 211.391983032227 211.611679077148 211.83137512207 212.051086425781 212.270782470703 212.490478515625 212.710174560547 212.405822753906 211.926773071289 211.447723388672 210.968673706055 210.489624023438 210.01057434082 209.531524658203 208.977615356445 208.199127197266 207.420639038086
201.911895751953 202.111968994141 202.312026977539 202.512084960938 202.712158203125 202.912216186523 203.568908691406 204.377807617188 205.186706542969 205.99560546875 206.804504394531 207.613403320312 208.422302246094 209.124481201172 209.506484985352 209.88850402832 210.2705078125 210.652526855469 211.034530639648 211.416534423828 211.798553466797 211.812316894531 211.703323364258 211.594345092773 211.4853515625 211.376373291016 211.267395019531 211.158401489258 211.153274536133 211.459747314453 211.766220092773 212.072692871094 212.379165649414 212.685638427734 212.992111206055 213.298583984375 213.061630249023 212.643539428711 212.225448608398 211.807373046875 211.389282226562 210.97119140625 210.553100585938 210.03303527832 209.207015991211 208.380996704102
201.950500488281 202.122619628906 202.29475402832 202.466873168945 202.639007568359 202.811126708984 203.444915771484 204.23258972168 205.020248413086 205.807922363281 206.595596313477 207.383255004883 208.170928955078 208.860214233398 209.254348754883 209.648468017578 210.042602539062 210.436721801758 210.830856323242 211.224990844727 211.619110107422 211.649475097656 211.55859375 211.467697143555 211.376800537109 211.285919189453 211.195022583008 211.104141235352 211.13427734375 211.527526855469 211.920761108398 212.314010620117 212.707244873047 213.100494384766 213.493728637695 213.886978149414 213.717437744141 213.360305786133 213.003189086914 212.646057128906 212.288940429688 211.93180847168 211.574676513672 211.088455200195 210.214904785156 209.341354370117
201.460800170898 201.645599365234 201.830413818359 202.015213012695 202.200012207031 202.384826660156 203.018493652344 203.801803588867 204.585113525391 205.368408203125 206.151718139648 206.935012817383 207.718322753906 208.412658691406 208.840118408203 209.267578125 209.695037841797 210.122482299805 210.549942016602 210.977401733398 211.404861450195 211.474151611328 211.424057006836 211.373962402344 211.323867797852 211.273773193359 211.223678588867 211.173583984375 211.240936279297 211.660568237305 212.080200195312 212.499847412109 212.919479370117 213.339126586914 213.758758544922 214.178405761719 214.071212768555 213.78840637207 213.505599975586 213.222793579102 212.939987182617 212.657180786133 212.374374389648 211.940780639648 211.054763793945 210.168746948242
200.442825317383 200.680908203125 200.919006347656 201.157104492188 201.39518737793 201.633285522461 202.289657592773 203.085464477539 203.881271362305 204.677062988281 205.472869873047 206.268676757812 207.064468383789 207.781829833984 208.263824462891 208.745819091797 209.227798461914 209.70979309082 210.191787719727 210.673782348633 211.155776977539 211.286331176758 211.299728393555 211.313140869141 211.326538085938 211.339950561523 211.35334777832 211.366760253906 211.473220825195 211.85888671875 212.244552612305 212.630218505859 213.015869140625 213.40153503418 213.787200927734 214.1728515625 214.122924804688 213.927810668945 213.732696533203 213.537567138672 213.34245300293 213.147323608398 212.952209472656 212.59001159668 211.726593017578 210.863159179688
199.424835205078 199.716217041016 200.007598876953 200.298980712891 200.590377807617 200.881759643555 201.560821533203 202.369125366211 203.177429199219 203.985733032227 204.794021606445 205.602325439453 206.410629272461 207.150985717773 207.687515258789 208.224044799805 208.76057434082 209.297103881836 209.833633422852 210.370162963867 210.906692504883 211.098510742188 211.175415039062 211.252319335938 211.329223632812 211.406127929688 211.483016967773 211.559921264648 211.705520629883 212.057205200195 212.408889770508 212.76057434082 213.112258911133 213.463943481445 213.815628051758 214.16731262207 214.174652099609 214.06721496582 213.959777832031 213.852340698242 213.744903564453 213.637466430664 213.530029296875 213.239242553711 212.398406982422 211.557586669922
198.406845092773 198.751525878906 199.096206665039 199.440872192383 199.785552978516 200.130218505859 200.831985473633 201.652786254883 202.473587036133 203.294387817383 204.115188598633 204.935989379883 205.756790161133 206.520141601562 207.111221313477 207.702285766602 208.293350219727 208.884414672852 209.475494384766 210.066558837891 210.657623291016 210.910690307617 211.051086425781 211.191497802734 211.331893920898 211.472290039062 211.612686157227 211.75309753418 211.93782043457 212.255523681641 212.5732421875 212.89094543457 213.208648681641 213.526351928711 213.844055175781 214.161773681641 214.226379394531 214.206619262695 214.186874389648 214.167114257812 214.147369384766 214.12760925293 214.107864379883 213.888488769531 213.070236206055 212.251998901367
197.388870239258 197.786834716797 198.184799194336 198.582763671875 198.980728149414 199.378692626953 200.103149414062 200.936447143555 201.769744873047 202.603042602539 203.436340332031 204.269638061523 205.102935791016 205.889312744141 206.534912109375 207.180526733398 207.826126098633 208.471725463867 209.117340087891 209.762939453125 210.408538818359 210.722869873047 210.926773071289 211.130661010742 211.334564208984 211.538467407227 211.742370605469 211.946258544922 212.170120239258 212.453842163086 212.737579345703 213.021301269531 213.305038452148 213.588760375977 213.872497558594 214.156219482422 214.278106689453 214.346038818359 214.413970947266 214.481887817383 214.549819946289 214.617752075195 214.685684204102 214.537719726562 213.742065429688 212.946411132812
196.370880126953 196.822143554688 197.273391723633 197.724655151367 198.175903320312 198.627151489258 199.374313354492 200.220108032227 201.065902709961 201.911697387695 202.75749206543 203.603286743164 204.449096679688 205.25846862793 205.958618164062 206.658752441406 207.358901977539 208.059036254883 208.759185791016 209.459320068359 210.159469604492 210.535049438477 210.802444458008 211.069839477539 211.33723449707 211.604629516602 211.872039794922 212.139434814453 212.402420043945 212.652160644531 212.901916503906 213.151672363281 213.401428222656 213.651184082031 213.900924682617 214.150680541992 214.329833984375 214.485443115234 214.641052246094 214.796661376953 214.952285766602 215.107894897461 215.26350402832 215.186950683594 214.41389465332 213.640823364258
195.731399536133 196.1171875 196.502975463867 196.888778686523 197.274566650391 197.660354614258 198.423614501953 199.312683105469 200.201751708984 201.0908203125 201.979888916016 202.868957519531 203.758026123047 204.611480712891 205.35807800293 206.10466003418 206.851257324219 207.597839355469 208.344436645508 209.091018676758 209.837615966797 210.273742675781 210.606384277344 210.939025878906 211.271667480469 211.604309082031 211.936950683594 212.269592285156 212.577926635742 212.813354492188 213.048767089844 213.284194946289 213.519622802734 213.75505065918 213.990463256836 214.225891113281 214.43132019043 214.626754760742 214.822174072266 215.017608642578 215.213043212891 215.408462524414 215.603897094727 215.564254760742 214.819427490234 214.074600219727
195.470397949219 195.671981811523 195.873550415039 196.075134277344 196.276718139648 196.478286743164 197.251022338867 198.214157104492 199.177276611328 200.140396118164 201.103515625 202.066650390625 203.029769897461 203.948348999023 204.733291625977 205.518249511719 206.303192138672 207.088150024414 207.873092651367 208.65803527832 209.442993164062 209.938949584961 210.338577270508 210.738220214844 211.137847900391 211.537475585938 211.937118530273 212.33674621582 212.696655273438 212.937393188477 213.178146362305 213.418884277344 213.659622192383 213.900375366211 214.14111328125 214.381851196289 214.582580566406 214.769958496094 214.957336425781 215.144714355469 215.332092285156 215.519470214844 215.706848144531 215.669647216797 214.958679199219 214.247695922852
195.209396362305 195.226760864258 195.244125366211 195.261489868164 195.278854370117 195.29621887207 196.07844543457 197.115631103516 198.152801513672 199.189971923828 200.227157592773 201.26432800293 202.301498413086 203.285202026367 204.108520507812 204.931823730469 205.755126953125 206.57844543457 207.401748657227 208.225051879883 209.048370361328 209.604156494141 210.070785522461 210.537399291992 211.004028320312 211.470657348633 211.937271118164 212.403900146484 212.815383911133 213.061447143555 213.307510375977 213.553573608398 213.79963684082 214.045700073242 214.291763305664 214.537826538086 214.733840942383 214.913162231445 215.092498779297 215.271820068359 215.451156616211 215.630477905273 215.809814453125 215.775024414062 215.097915649414 214.420806884766
194.94841003418 194.781555175781 194.614700317383 194.447860717773 194.281005859375 194.114166259766 194.905868530273 196.01708984375 197.128326416016 198.239547729492 199.350784301758 200.462005615234 201.5732421875 202.6220703125 203.483734130859 204.345413208008 205.207077026367 206.068740844727 206.930404663086 207.792068481445 208.653747558594 209.26936340332 209.802978515625 210.33659362793 210.870208740234 211.403823852539 211.937438964844 212.471054077148 212.934097290039 213.185485839844 213.436874389648 213.688247680664 213.939636230469 214.191024780273 214.442398071289 214.693786621094 214.88508605957 215.056365966797 215.227645874023 215.39892578125 215.570205688477 215.741485595703 215.91276550293 215.880416870117 215.237167358398 214.59391784668
194.687408447266 194.336349487305 193.985275268555 193.634216308594 193.283157348633 192.932098388672 193.733291625977 194.918563842773 196.103851318359 197.289123535156 198.474411010742 199.659683227539 200.844970703125 201.958938598633 202.858963012695 203.758987426758 204.65901184082 205.559036254883 206.459060668945 207.359085083008 208.25910949707 208.9345703125 209.535186767578 210.135787963867 210.736389160156 211.336990356445 211.937591552734 212.538208007812 213.052825927734 213.309539794922 213.56623840332 213.822937011719 214.079650878906 214.336349487305 214.593048095703 214.849746704102 215.036346435547 215.199584960938 215.362808227539 215.526031494141 215.689270019531 215.852493286133 216.015716552734 215.985794067383 215.376419067383 214.767028808594
194.426406860352 193.891128540039 193.355850219727 192.820587158203 192.285308837891 191.750030517578 192.56071472168 193.820037841797 195.079376220703 196.33869934082 197.598037719727 198.857376098633 200.11669921875 201.295791625977 202.234176635742 203.172561645508 204.110946655273 205.049331665039 205.987716674805 206.92610168457 207.864486694336 208.59977722168 209.267379760742 209.934967041016 210.602569580078 211.270172119141 211.937759399414 212.605361938477 213.17155456543 213.433578491211 213.695602416992 213.957626342773 214.219650268555 214.481674194336 214.743698120117 215.005722045898 215.187606811523 215.342788696289 215.497970581055 215.653137207031 215.808319091797 215.963500976562 216.118682861328 216.091186523438 215.515655517578 214.940139770508
