data/working_set_collections/6091692-Cassins_Sparrow-M2/2005/swgnt_avg.asc
NCOLS 265 
NROWS 230 
XLLCORNER -115.5625 
YLLCORNER 24.8333333333333 
CELLSIZE 0.0833333333333333 
NODATA_value -9999 
[rows 180 to 199 of 230, columns 138 to 183 of 265]
205.898361206055 206.143569946289 206.388778686523 206.633987426758 206.298934936523 205.770446777344 205.241958618164 204.713470458984 204.184982299805 203.656509399414 203.128021240234 202.870590209961 203.426361083984 203.982131958008 204.537902832031 205.093658447266 205.649429321289 206.205200195312 206.760971069336 206.954895019531 207.028213500977 207.101531982422 207.174835205078 207.248153686523 207.321472167969 207.394790649414 207.240646362305 206.40412902832 205.567596435547 204.731079101562 203.894561767578 203.058044433594 202.221527099609 201.385009765625 200.404052734375 199.374954223633 198.345855712891 197.316741943359 196.287643432617 195.258544921875 194.229446411133 193.454330444336 193.441223144531 193.428100585938 193.414978027344 193.401870727539
206.064834594727 206.292205810547 206.519577026367 206.746948242188 206.403594970703 205.870010375977 205.33642578125 204.802841186523 204.269256591797 203.735656738281 203.202072143555 202.933929443359 203.462097167969 203.990280151367 204.518447875977 205.046615600586 205.574783325195 206.102966308594 206.631134033203 206.892730712891 207.065460205078 207.238204956055 207.410934448242 207.58366394043 207.756408691406 207.929138183594 207.830322265625 206.916854858398 206.003387451172 205.089920043945 204.176452636719 203.262969970703 202.349502563477 201.43603515625 200.435821533203 199.406707763672 198.377578735352 197.348449707031 196.319320678711 195.29020690918 194.261077880859 193.48518371582 193.469009399414 193.452819824219 193.436645507812 193.420471191406
206.231307983398 206.440841674805 206.650375366211 206.859893798828 206.508255004883 205.969573974609 205.430892944336 204.892196655273 204.353515625 203.814819335938 203.276138305664 202.997268676758 203.497848510742 203.998413085938 204.498992919922 204.999572753906 205.500152587891 206.000717163086 206.50129699707 206.830551147461 207.10270690918 207.374862670898 207.647018432617 207.919174194336 208.191329956055 208.463485717773 208.419998168945 207.429580688477 206.439163208008 205.448745727539 204.45832824707 203.467910766602 202.477493286133 201.487060546875 200.46760559082 199.438446044922 198.409301757812 197.380157470703 196.351013183594 195.321853637695 194.292709350586 193.516036987305 193.496795654297 193.477554321289 193.458312988281 193.439071655273
206.397796630859 206.589477539062 206.781158447266 206.972839355469 206.612930297852 206.069137573242 205.525344848633 204.981567382812 204.437774658203 203.893981933594 203.350204467773 203.060607910156 203.533584594727 204.006561279297 204.479537963867 204.952529907227 205.425506591797 205.898483276367 206.371459960938 206.76838684082 207.13996887207 207.511535644531 207.883117675781 208.254699707031 208.626266479492 208.997848510742 209.009689331055 207.942321777344 206.874938964844 205.807571411133 204.740203857422 203.672836303711 202.60546875 201.5380859375 200.499374389648 199.470199584961 198.441024780273 197.411865234375 196.382690429688 195.353515625 194.324340820312 193.546890258789 193.52458190918 193.50227355957 193.47998046875 193.457672119141
206.564270019531 206.73811340332 206.911956787109 207.085800170898 206.717590332031 206.168701171875 205.619812011719 205.070922851562 204.522033691406 203.97314453125 203.424255371094 203.123947143555 203.569320678711 204.014709472656 204.460098266602 204.905471801758 205.350860595703 205.796249389648 206.241622924805 206.70622253418 207.177215576172 207.648208618164 208.119216918945 208.590209960938 209.06120300293 209.532196044922 209.599365234375 208.455047607422 207.310729980469 206.166397094727 205.022079467773 203.87776184082 202.733444213867 201.589126586914 200.531143188477 199.501953125 198.472763061523 197.443557739258 196.414367675781 195.385177612305 194.355987548828 193.577743530273 193.552368164062 193.527008056641 193.50163269043 193.476272583008
206.730743408203 206.886749267578 207.042739868164 207.198745727539 206.822250366211 206.268264770508 205.714279174805 205.160293579102 204.606307983398 204.052307128906 203.498321533203 203.187286376953 203.605072021484 204.022857666016 204.440643310547 204.858428955078 205.276214599609 205.694000244141 206.111785888672 206.644058227539 207.214462280273 207.784881591797 208.35530090332 208.925720214844 209.496139526367 210.066558837891 210.189056396484 208.9677734375 207.746505737305 206.525238037109 205.303955078125 204.08268737793 202.861419677734 201.640151977539 200.562911987305 199.533706665039 198.504486083984 197.47526550293 196.446044921875 195.416839599609 194.387619018555 193.608596801758 193.580169677734 193.551727294922 193.523300170898 193.494873046875
206.895660400391 206.995498657227 207.095336914062 207.195175170898 206.768096923828 206.165390014648 205.56266784668 204.9599609375 204.357238769531 203.754531860352 203.151824951172 202.812850952148 203.26513671875 203.717407226562 204.169677734375 204.621963500977 205.074234008789 205.526504516602 205.978790283203 206.559234619141 207.182403564453 207.805572509766 208.428741455078 209.051910400391 209.675079345703 210.298248291016 210.455307006836 209.214050292969 207.972778320312 206.731506347656 205.490249633789 204.248977661133 203.007720947266 201.766448974609 200.699996948242 199.691833496094 198.683670043945 197.675491333008 196.667327880859 195.659164428711 194.650985717773 193.885498046875 193.848022460938 193.810562133789 193.773086547852 193.735626220703
207.059020996094 207.064376831055 207.069717407227 207.075073242188 206.555114746094 205.860061645508 205.164993286133 204.469940185547 203.774871826172 203.079803466797 202.384750366211 202.000671386719 202.549514770508 203.098358154297 203.647216796875 204.196060180664 204.744903564453 205.293762207031 205.84260559082 206.451751708984 207.081008911133 207.710266113281 208.33952331543 208.968765258789 209.598022460938 210.227279663086 210.398147583008 209.19384765625 207.989532470703 206.785232543945 205.580932617188 204.37663269043 203.172332763672 201.968017578125 200.942413330078 199.976364135742 199.010299682617 198.044250488281 197.078201293945 196.112152099609 195.146102905273 194.408447265625 194.355972290039 194.303497314453 194.251007080078 194.198532104492
207.222366333008 207.133239746094 207.04411315918 206.954986572266 206.342147827148 205.554733276367 204.767318725586 203.979904174805 203.192504882812 202.405090332031 201.61767578125 201.1884765625 201.833892822266 202.47932434082 203.124740600586 203.770156860352 204.415588378906 205.061004638672 205.706420898438 206.344284057617 206.979614257812 207.614959716797 208.250289916992 208.885635375977 209.520965576172 210.156311035156 210.340972900391 209.173645019531 208.006301879883 206.838958740234 205.671615600586 204.504272460938 203.336944580078 202.16960144043 201.184814453125 200.260879516602 199.336944580078 198.413009643555 197.489074707031 196.565155029297 195.641220092773 194.931396484375 194.863906860352 194.796417236328 194.728927612305 194.661437988281
207.385726928711 207.202117919922 207.018493652344 206.834884643555 206.129165649414 205.249404907227 204.369644165039 203.489883422852 202.610122680664 201.730361938477 200.850601196289 200.376281738281 201.118286132812 201.860275268555 202.602264404297 203.344268798828 204.08625793457 204.828247070312 205.570236206055 206.236801147461 206.878234863281 207.519653320312 208.161071777344 208.802490234375 209.443923950195 210.085342407227 210.283813476562 209.153442382812 208.023056030273 206.892684936523 205.762298583984 204.631927490234 203.501556396484 202.371170043945 201.427215576172 200.545394897461 199.663589477539 198.781768798828 197.899963378906 197.018142700195 196.136322021484 195.454345703125 195.371841430664 195.289352416992 195.206848144531 195.124359130859
207.549087524414 207.270980834961 206.992889404297 206.714782714844 205.91618347168 204.944076538086 203.971969604492 202.999862670898 202.027755737305 201.055648803711 200.083541870117 199.564102172852 200.40266418457 201.241226196289 202.079803466797 202.918365478516 203.756927490234 204.595489501953 205.434066772461 206.129333496094 206.776840209961 207.424346923828 208.071853637695 208.719360351562 209.36686706543 210.014373779297 210.226654052734 209.133239746094 208.039825439453 206.946411132812 205.852996826172 204.759582519531 203.666168212891 202.57275390625 201.669616699219 200.829925537109 199.990219116211 199.150527954102 198.310836791992 197.471130371094 196.631439208984 195.977294921875 195.879791259766 195.782272338867 195.684768676758 195.587265014648
207.712448120117 207.339859008789 206.967269897461 206.594696044922 205.703201293945 204.638748168945 203.574295043945 202.509841918945 201.445373535156 200.380920410156 199.316467285156 198.751907348633 199.687042236328 200.622192382812 201.557327270508 202.492462158203 203.427597045898 204.362747192383 205.297882080078 206.021865844727 206.675445556641 207.329040527344 207.982635498047 208.636215209961 209.289810180664 209.943405151367 210.169479370117 209.113037109375 208.056579589844 207.000122070312 205.94367980957 204.887222290039 203.830780029297 202.774322509766 201.912017822266 201.114440917969 200.316864013672 199.519287109375 198.721710205078 197.924133300781 197.126556396484 196.500244140625 196.387725830078 196.275207519531 196.162689208984 196.050186157227
207.745300292969 207.335327148438 206.925369262695 206.515396118164 205.599822998047 204.515701293945 203.431579589844 202.347473144531 201.26335144043 200.179229736328 199.095108032227 198.523895263672 199.491333007812 200.458786010742 201.426239013672 202.393692016602 203.361145019531 204.328598022461 205.296035766602 205.989166259766 206.590866088867 207.19255065918 207.794250488281 208.395935058594 208.997619628906 209.599319458008 209.793075561523 208.763031005859 207.732986450195 206.702926635742 205.672882080078 204.642837524414 203.61279296875 202.582748413086 201.789276123047 201.074645996094 200.36003112793 199.645416259766 198.930786132812 198.216171264648 197.501556396484 196.933074951172 196.803009033203 196.672943115234 196.542861938477 196.412796020508
207.647644042969 207.257400512695 206.867141723633 206.476898193359 205.606018066406 204.574935913086 203.543838500977 202.512756347656 201.481658935547 200.450561523438 199.419479370117 198.880035400391 199.815536499023 200.751037597656 201.686538696289 202.622039794922 203.557540893555 204.493041992188 205.42854309082 206.031280517578 206.523086547852 207.014892578125 207.506698608398 207.998504638672 208.490310668945 208.982116699219 209.097412109375 208.083221435547 207.06901550293 206.054824829102 205.040634155273 204.026428222656 203.012237548828 201.998031616211 201.301361083984 200.710540771484 200.119720458984 199.528900146484 198.938079833984 198.347259521484 197.756439208984 197.275787353516 197.125625610352 196.975463867188 196.825302124023 196.675140380859
207.549987792969 207.179458618164 206.808929443359 206.438400268555 205.612228393555 204.634155273438 203.656097412109 202.678039550781 201.699966430664 200.721908569336 199.743835449219 199.236175537109 200.139739990234 201.04328918457 201.946838378906 202.850387573242 203.753952026367 204.657501220703 205.561050415039 206.073379516602 206.455307006836 206.837219238281 207.219146728516 207.60107421875 207.982986450195 208.36491394043 208.401763916016 207.403411865234 206.405059814453 205.406723022461 204.40837097168 203.410018920898 202.411666870117 201.413314819336 200.813461303711 200.346435546875 199.879409790039 199.412399291992 198.945373535156 198.47834777832 198.011322021484 197.61848449707 197.4482421875 197.277984619141 197.107727050781 196.937469482422
207.452331542969 207.101516723633 206.750717163086 206.39990234375 205.618423461914 204.693389892578 203.768356323242 202.843322753906 201.918273925781 200.993240356445 200.068206787109 199.592330932617 200.463928222656 201.335540771484 202.207138061523 203.078750610352 203.950347900391 204.82194519043 205.693557739258 206.115478515625 206.38752746582 206.659561157227 206.931594848633 207.203628540039 207.475677490234 207.747711181641 207.706115722656 206.723602294922 205.741104125977 204.758605957031 203.776107788086 202.793609619141 201.811096191406 200.828598022461 200.325561523438 199.982330322266 199.639114379883 199.295883178711 198.952651977539 198.609436035156 198.266204833984 197.961196899414 197.770858764648 197.580505371094 197.390167236328 197.199813842773
207.354675292969 207.023590087891 206.692504882812 206.361404418945 205.624633789062 204.752624511719 203.880615234375 203.008605957031 202.136581420898 201.264572143555 200.392562866211 199.948471069336 200.788131713867 201.627777099609 202.467437744141 203.307098388672 204.146743774414 204.986404418945 205.826065063477 206.157592773438 206.319747924805 206.481887817383 206.64404296875 206.806198120117 206.968353271484 207.130508422852 207.010452270508 206.043807983398 205.0771484375 204.110504150391 203.143844604492 202.177185058594 201.210540771484 200.243881225586 199.837646484375 199.618225097656 199.398803710938 199.17936706543 198.959945678711 198.740524291992 198.521087646484 198.303909301758 198.093475341797 197.883026123047 197.672592163086 197.462142944336
207.257019042969 206.945648193359 206.63427734375 206.322906494141 205.630828857422 204.81184387207 203.992858886719 203.173889160156 202.354904174805 201.535919189453 200.716934204102 200.304626464844 201.112319946289 201.920028686523 202.727737426758 203.535446166992 204.343154907227 205.150863647461 205.958557128906 206.199691772461 206.251953125 206.304229736328 206.356491088867 206.408767700195 206.461029052734 206.513305664062 206.314804077148 205.363998413086 204.413192749023 203.462387084961 202.511581420898 201.560775756836 200.609970092773 199.659164428711 199.349746704102 199.254119873047 199.158493041992 199.062866210938 198.967239379883 198.871612548828 198.775985717773 198.646621704102 198.416091918945 198.185562133789 197.955017089844 197.724487304688
206.701446533203 206.345260620117 205.98908996582 205.632904052734 205.038192749023 204.363983154297 203.689758300781 203.015533447266 202.341323852539 201.667098999023 200.992889404297 200.684158325195 201.471893310547 202.259643554688 203.047393798828 203.83512878418 204.62287902832 205.410614013672 206.198364257812 206.363800048828 206.321792602539 206.27978515625 206.23779296875 206.195785522461 206.153778076172 206.111785888672 205.857025146484 204.964004516602 204.070983886719 203.177978515625 202.284957885742 201.391937255859 200.498931884766 199.605911254883 199.381378173828 199.379669189453 199.377960205078 199.376251220703 199.374557495117 199.372848510742 199.371139526367 199.301849365234 199.029800415039 198.757751464844 198.485687255859 198.213638305664
205.687942504883 205.222427368164 204.756896972656 204.291381835938 203.846725463867 203.40901184082 202.971282958984 202.533569335938 202.095855712891 201.658142089844 201.220428466797 201.08708190918 201.866851806641 202.646621704102 203.426376342773 204.206146240234 204.985916137695 205.765686035156 206.545455932617 206.64990234375 206.529235839844 206.408569335938 206.28791809082 206.167251586914 206.046600341797 205.925933837891 205.637115478516 204.843826293945 204.050537109375 203.257263183594 202.463973999023 201.670684814453 200.877395629883 200.084106445312 199.932540893555 199.994873046875 200.057220458984 200.119552612305 200.181884765625 200.244232177734 200.306564331055 200.269577026367 199.934585571289 199.599594116211 199.264602661133 198.929611206055
