data/working_set_collections/6091692-Cassins_Sparrow-M2/2005/t2m_avg.asc
NCOLS 265 
NROWS 230 
XLLCORNER -115.5625 
YLLCORNER 24.8333333333333 
CELLSIZE 0.0833333333333333 
NODATA_value -9999 
[rows 180 to 199 of 230, columns 184 to 229 of 265]
295.361694335938 295.357025146484 295.352386474609 295.334747314453 295.312744140625 295.290740966797 295.268768310547 295.246765136719 295.224761962891 295.202758789062 295.181427001953 295.161956787109 295.142517089844 295.123077392578 295.103607177734 295.084167480469 295.064727783203 295.045288085938 295.040313720703 295.040161132812 295.0400390625 295.039916992188 295.039764404297 295.039642333984 295.039489746094 295.031677246094 295.000793457031 294.969909667969 294.939056396484 294.908172607422 294.877288818359 294.846405029297 294.815551757812 294.790588378906 294.767578125 294.744598388672 294.721588134766 294.698608398438 294.675598144531 294.652618408203 294.633361816406 294.625305175781 294.617248535156 294.609191894531 294.601135253906 294.593078613281
295.446441650391 295.450225830078 295.454040527344 295.440856933594 295.422027587891 295.403167724609 295.384338378906 295.365478515625 295.346618652344 295.327789306641 295.309020996094 295.290557861328 295.272064208984 295.253601074219 295.235137939453 295.216644287109 295.198181152344 295.1796875 295.171875 295.167633056641 295.163360595703 295.159118652344 295.154846191406 295.150573730469 295.146331787109 295.13525390625 295.103759765625 295.072235107422 295.040740966797 295.009216308594 294.977722167969 294.946197509766 294.914703369141 294.891082763672 294.870086669922 294.849090576172 294.828125 294.80712890625 294.7861328125 294.765167236328 294.749786376953 294.751281738281 294.752777099609 294.754272460938 294.755767822266 294.757263183594
295.531188964844 295.543426513672 295.555694580078 295.546997070312 295.531280517578 295.515594482422 295.499908447266 295.484191894531 295.468505859375 295.452789306641 295.436645507812 295.419158935547 295.401641845703 295.384124755859 295.366638183594 295.34912109375 295.331604003906 295.314117431641 295.303436279297 295.295074462891 295.286682128906 295.2783203125 295.269927978516 295.261535644531 295.253173828125 295.238830566406 295.206695556641 295.174560546875 295.142425537109 295.110260009766 295.078125 295.045989990234 295.013824462891 294.991577148438 294.972595214844 294.95361328125 294.934631347656 294.915649414062 294.896667480469 294.877685546875 294.8662109375 294.877258300781 294.888305664062 294.899353027344 294.910400390625 294.921447753906
295.615936279297 295.636627197266 295.657348632812 295.653106689453 295.640563964844 295.628021240234 295.615478515625 295.602905273438 295.590362548828 295.577819824219 295.564270019531 295.547729492188 295.531188964844 295.5146484375 295.498138427734 295.481597900391 295.465057373047 295.448516845703 295.435028076172 295.422515869141 295.410003662109 295.397521972656 295.385009765625 295.372497558594 295.359985351562 295.342437744141 295.309661865234 295.276885986328 295.244110107422 295.211334228516 295.178527832031 295.145751953125 295.112976074219 295.092071533203 295.075103759766 295.058135986328 295.041137695312 295.024169921875 295.007202148438 294.990234375 294.982666015625 295.003265380859 295.023864746094 295.04443359375 295.065032958984 295.085632324219
295.70068359375 295.729827880859 295.759002685547 295.759246826172 295.749847412109 295.740447998047 295.731018066406 295.721618652344 295.712219238281 295.702819824219 295.69189453125 295.676330566406 295.660766601562 295.645202636719 295.629638671875 295.614074707031 295.598510742188 295.582946777344 295.566589355469 295.549957275391 295.533325195312 295.516723632812 295.500091552734 295.483459472656 295.466827392578 295.446014404297 295.41259765625 295.379180908203 295.345794677734 295.312377929688 295.278961181641 295.245544433594 295.212127685547 295.192565917969 295.177581787109 295.162628173828 295.147674560547 295.132720947266 295.117736816406 295.102783203125 295.099090576172 295.129241943359 295.159393310547 295.189544677734 295.219665527344 295.249816894531
295.785430908203 295.823028564453 295.860656738281 295.865356445312 295.859100341797 295.852844238281 295.846618652344 295.840362548828 295.834106445312 295.827850341797 295.819519042969 295.804901123047 295.790313720703 295.775726318359 295.761138916016 295.746551513672 295.73193359375 295.717346191406 295.698150634766 295.677398681641 295.656646728516 295.635925292969 295.615173339844 295.594421386719 295.573669433594 295.549591064453 295.515563964844 295.481506347656 295.447479248047 295.413421630859 295.379364013672 295.345336914062 295.311279296875 295.293060302734 295.280090332031 295.267150878906 295.254180908203 295.241241455078 295.228271484375 295.21533203125 295.215545654297 295.255218505859 295.294921875 295.334625244141 295.374328613281 -9999
295.847473144531 295.893127441406 295.938781738281 295.947204589844 295.943237304688 295.939239501953 295.935272216797 295.931274414062 295.927307128906 295.923309326172 295.916107177734 295.899230957031 295.882354736328 295.865478515625 295.848602294922 295.831726074219 295.814849853516 295.797973632812 295.778137207031 295.757293701172 295.736450195312 295.715606689453 295.694763183594 295.673919677734 295.653076171875 295.629547119141 295.597900390625 295.566253662109 295.534606933594 295.502960205078 295.471313476562 295.439666748047 295.408020019531 295.393341064453 295.384307861328 295.375274658203 295.366241455078 295.357208251953 295.348175048828 295.339172363281 295.343566894531 295.388336181641 295.43310546875 295.477874755859 295.522644042969 295.5673828125
295.886840820312 295.940124511719 295.993408203125 296.004791259766 296.002227783203 295.999633789062 295.997039794922 295.994445800781 295.991851806641 295.9892578125 295.981719970703 295.959289550781 295.936889648438 295.914459228516 295.892059326172 295.86962890625 295.847198486328 295.824798583984 295.806518554688 295.789611816406 295.772705078125 295.755798339844 295.738891601562 295.721984863281 295.705078125 295.685821533203 295.659606933594 295.633392333984 295.607177734375 295.580963134766 295.554748535156 295.528533935547 295.502319335938 295.493377685547 295.490203857422 295.487030029297 295.483825683594 295.480651855469 295.477478027344 295.474273681641 295.483245849609 295.528594970703 295.573944091797 295.619262695312 295.664611816406 -9999
295.926208496094 295.987121582031 296.048065185547 296.062377929688 296.061187744141 296.059997558594 296.058807373047 296.0576171875 296.056396484375 296.055206298828 296.047332763672 296.019378662109 295.991394042969 295.963439941406 295.935485839844 295.907531738281 295.879577636719 295.851593017578 295.834899902344 295.821899414062 295.808929443359 295.795959472656 295.782989501953 295.77001953125 295.757049560547 295.742126464844 295.721343994141 295.700561523438 295.679779052734 295.658996582031 295.638214111328 295.617431640625 295.596649169922 295.593444824219 295.596099853516 295.598754882812 295.601440429688 295.604095458984 295.606750488281 295.609405517578 295.622894287109 295.668823242188 -9999 -9999 295.806610107422 -9999
295.965576171875 296.034118652344 296.102691650391 296.119964599609 296.120178222656 296.120361328125 296.120574951172 296.120758056641 296.120971679688 296.121154785156 296.112945556641 296.079437255859 296.045928955078 296.012420654297 295.978912353516 295.945434570312 295.911926269531 295.87841796875 295.86328125 295.854217529297 295.845184326172 295.836151123047 295.827117919922 295.818054199219 295.809020996094 295.798400878906 295.783050537109 295.767700195312 295.752349853516 295.736999511719 295.721649169922 295.706298828125 295.690948486328 295.693511962891 295.701995849609 295.710510253906 295.719024658203 295.7275390625 295.736022949219 295.744537353516 295.762542724609 295.809051513672 295.855590820312 -9999 -9999 -9999
296.004943847656 296.081115722656 296.157318115234 296.177551269531 296.179138183594 296.180725097656 296.182342529297 296.183929443359 296.185516357422 296.187103271484 296.178527832031 296.139495849609 296.100463867188 296.061401367188 296.022369384766 295.983337402344 295.944274902344 295.905242919922 295.891662597656 295.886535644531 295.881439208984 295.876342773438 295.871215820312 295.866119384766 295.861022949219 295.854705810547 295.844787597656 295.834869384766 295.824951171875 295.815032958984 295.805114746094 295.795196533203 295.785278320312 295.793548583984 295.807922363281 295.822265625 295.836608886719 295.850952148438 -9999 -9999 295.902221679688 -9999 -9999 -9999 -9999 -9999
296.044281005859 296.128112792969 296.211944580078 296.235137939453 296.238128662109 296.241119384766 296.244110107422 296.2470703125 296.250061035156 296.253051757812 296.244140625 296.199554443359 296.154968261719 296.110382080078 296.065795898438 296.021209716797 295.976654052734 295.932067871094 295.920043945312 295.918853759766 295.917694091797 295.91650390625 295.915344238281 295.914154052734 295.912994384766 295.910980224609 295.906494140625 295.902008056641 295.897521972656 295.893035888672 295.888549804688 295.884063720703 295.879577636719 295.893615722656 295.913818359375 295.934020996094 295.954193115234 295.974395751953 -9999 -9999 -9999 -9999 -9999 -9999 -9999 -9999
296.117065429688 296.198089599609 296.279113769531 296.299499511719 296.299652099609 296.2998046875 296.299957275391 296.300109863281 296.300262451172 296.300415039062 296.288421630859 296.239868164062 296.191314697266 296.142761230469 296.09423828125 296.045684814453 295.997131347656 295.948608398438 295.940185546875 295.945129394531 295.950073242188 295.955017089844 295.9599609375 295.964904785156 295.969879150391 295.973266601562 295.971954345703 295.970672607422 295.969390869141 295.968109130859 295.966796875 295.965515136719 295.964233398438 295.981994628906 296.006103515625 296.030212402344 296.054321289062 296.078430175781 -9999 -9999 -9999 -9999 -9999 -9999 -9999 -9999
296.223236083984 296.291046142578 296.358825683594 296.37060546875 296.363708496094 296.356811523438 296.349914550781 296.343017578125 296.336120605469 296.329223632812 296.311340332031 296.260406494141 296.20947265625 296.158569335938 296.107635498047 296.056701660156 296.005798339844 295.954864501953 295.952087402344 295.96533203125 295.978607177734 295.991851806641 296.005126953125 296.018371582031 296.031646728516 296.04150390625 296.041168212891 296.040832519531 296.040496826172 296.040191650391 296.039855957031 296.039520263672 296.039184570312 296.058685302734 296.084747314453 296.11083984375 296.136932373047 -9999 -9999 -9999 -9999 -9999 -9999 -9999 -9999 -9999
296.329406738281 296.383972167969 296.438537597656 296.441711425781 296.427764892578 296.413818359375 296.399871826172 296.385925292969 296.371978759766 296.358032226562 296.334259033203 296.280944824219 296.227630615234 296.174346923828 296.121032714844 296.067718505859 296.014434814453 295.961120605469 295.963989257812 295.985565185547 296.007110595703 296.028686523438 296.050262451172 296.071838378906 296.093414306641 296.109741210938 296.110382080078 296.110992431641 296.111633300781 296.112274169922 296.112884521484 296.113525390625 296.114166259766 296.135375976562 296.163421630859 -9999 -9999 -9999 -9999 -9999 -9999 -9999 -9999 -9999 -9999 -9999
296.435577392578 296.476928710938 296.518249511719 296.512847900391 296.491851806641 296.470825195312 296.449829101562 296.428833007812 296.407836914062 296.386840820312 296.357177734375 296.301483154297 296.245788574219 296.190124511719 296.134429931641 296.078765869141 296.023071289062 295.967407226562 295.975891113281 296.005767822266 296.03564453125 296.065521240234 296.095397949219 296.125305175781 296.155181884766 296.177978515625 296.179565429688 296.18115234375 296.182769775391 296.184356689453 296.185943603516 296.187530517578 296.189117431641 296.212036132812 296.242095947266 -9999 -9999 -9999 -9999 -9999 -9999 -9999 -9999 -9999 -9999 -9999
296.541748046875 296.569854736328 296.597961425781 296.583953857422 296.555908203125 296.527862548828 296.499786376953 296.471740722656 296.443695068359 296.415649414062 296.380096435547 296.322021484375 296.263977050781 296.205902099609 296.147827148438 296.089782714844 296.031707763672 295.973663330078 295.98779296875 296.025970458984 296.064178466797 296.102355957031 296.140563964844 296.178741455078 296.216949462891 296.246215820312 296.248779296875 296.251342773438 296.253875732422 296.256439208984 296.258972167969 296.261535644531 296.264099121094 296.288726806641 296.320770263672 -9999 296.384796142578 -9999 -9999 -9999 -9999 -9999 -9999 -9999 -9999 -9999
296.647918701172 296.662811279297 296.677673339844 296.655059814453 296.619964599609 296.584869384766 296.549743652344 296.5146484375 296.479553222656 296.444427490234 296.403015136719 296.342559814453 296.282135009766 296.2216796875 296.161254882812 296.100799560547 296.040374755859 295.979919433594 295.999694824219 296.046203613281 296.092712402344 296.139190673828 296.185699462891 296.232208251953 296.278717041016 296.314483642578 296.317993164062 296.321502685547 296.325012207031 296.328521728516 296.33203125 296.335540771484 296.339050292969 296.365417480469 296.3994140625 -9999 -9999 -9999 -9999 -9999 -9999 -9999 -9999 -9999 -9999 -9999
296.687744140625 296.706420898438 296.72509765625 296.704071044922 296.669799804688 296.635559082031 296.601287841797 296.567047119141 296.532775878906 296.49853515625 296.457611083984 296.396667480469 296.335754394531 296.274810791016 296.213897705078 296.152954101562 296.092041015625 296.031097412109 296.054290771484 296.105529785156 296.156768798828 296.2080078125 296.259246826172 296.310485839844 296.361724853516 296.400512695312 296.401885986328 296.403289794922 296.404663085938 296.406036376953 296.407440185547 296.408813476562 296.410186767578 296.436248779297 296.470489501953 296.504760742188 -9999 -9999 -9999 -9999 -9999 -9999 -9999 -9999 -9999 -9999
296.661224365234 296.700714111328 296.740173339844 296.730926513672 296.705413818359 296.679931640625 296.654418945312 296.62890625 296.603393554688 296.577911376953 296.543884277344 296.484375 296.424835205078 296.365325927734 296.305786132812 296.246246337891 296.186737060547 296.127197265625 296.151611328125 296.204010009766 296.256408691406 296.308807373047 296.361206054688 296.413604736328 296.466003417969 296.504364013672 296.500518798828 296.496704101562 296.492858886719 296.489013671875 296.485198974609 296.481353759766 296.477508544922 296.501159667969 296.533966064453 -9999 -9999 -9999 -9999 -9999 -9999 -9999 -9999 -9999 -9999 -9999
