data/working_set_collections/6091692-Cassins_Sparrow-M2/2005/t2m_avg.asc
NCOLS 265 
NROWS 230 
XLLCORNER -115.5625 
YLLCORNER 24.8333333333333 
CELLSIZE 0.0833333333333333 
NODATA_value -9999 
[rows 60 to 79 of 230, columns 46 to 91 of 265]
281.045837402344 280.815612792969 280.585357666016 280.355133056641 280.124877929688 279.894653320312 280.229370117188 280.752380371094 281.275421142578 281.798461914062 282.321502685547 282.844512939453 283.367553710938 283.786163330078 283.891510009766 283.996856689453 284.102203369141 284.207550048828 284.312866210938 284.418212890625 284.523559570312 284.454711914062 284.327819824219 284.200927734375 284.074035644531 283.947143554688 283.820220947266 283.693328857422 283.560455322266 283.40966796875 283.258880615234 283.108062744141 282.957275390625 282.806488037109 282.655670166016 282.5048828125 282.278656005859 282.027313232422 281.775970458984 281.524597167969 281.273254394531 281.021911621094 280.770568847656 280.497039794922 280.157104492188 279.817138671875
280.719909667969 280.617462158203 280.514984130859 280.412536621094 280.31005859375 280.207580566406 280.553588867188 281.049072265625 281.544555664062 282.0400390625 282.535522460938 283.031005859375 283.526489257812 283.925170898438 284.033447265625 284.141754150391 284.250061035156 284.358337402344 284.466644287109 284.574920654297 284.683227539062 284.600341796875 284.453704833984 284.307067871094 284.160461425781 284.013824462891 283.8671875 283.720581054688 283.564880371094 283.382019042969 283.199127197266 283.016265869141 282.833404541016 282.650512695312 282.467651367188 282.284790039062 282.093109130859 281.898529052734 281.703918457031 281.509338378906 281.314727783203 281.1201171875 280.925537109375 280.686401367188 280.313690185547 279.940979003906
280.393981933594 280.419311523438 280.444610595703 280.469909667969 280.495239257812 280.520538330078 280.877807617188 281.345733642578 281.813659667969 282.281616210938 282.749542236328 283.217468261719 283.685394287109 284.064147949219 284.175415039062 284.286651611328 284.397888183594 284.509155273438 284.620391845703 284.731658935547 284.842895507812 284.745941162109 284.57958984375 284.413238525391 284.246856689453 284.080505371094 283.914154052734 283.747802734375 283.569305419922 283.354339599609 283.139404296875 282.924468994141 282.709503173828 282.494567871094 282.279632568359 282.064697265625 281.907562255859 281.769714355469 281.631866455078 281.494018554688 281.356201171875 281.218353271484 281.080505371094 280.875762939453 280.470306396484 280.064849853516
280.068054199219 280.221160888672 280.374237060547 280.527313232422 280.680389404297 280.83349609375 281.202026367188 281.642425537109 282.082794189453 282.523162841797 282.963562011719 283.403930664062 283.844299316406 284.203155517578 284.317352294922 284.431549072266 284.545745849609 284.659942626953 284.774169921875 284.888366699219 285.002563476562 284.891540527344 284.705474853516 284.519378662109 284.333282470703 284.147186279297 283.961120605469 283.775024414062 283.573699951172 283.326690673828 283.079681396484 282.832641601562 282.585632324219 282.338623046875 282.091613769531 281.844604492188 281.722015380859 281.640930175781 281.559844970703 281.478759765625 281.397644042969 281.316558837891 281.235473632812 281.065093994141 280.626892089844 280.188690185547
279.742126464844 280.022979736328 280.303863525391 280.584716796875 280.865570068359 281.146423339844 281.526275634766 281.939086914062 282.351928710938 282.764739990234 283.177581787109 283.590393066406 284.003234863281 284.342132568359 284.459289550781 284.576446533203 284.693603515625 284.810760498047 284.927917480469 285.045074462891 285.162231445312 285.037170410156 284.831329345703 284.625518798828 284.419708251953 284.213897705078 284.008056640625 283.80224609375 283.578125 283.299041748047 283.019927978516 282.740844726562 282.461761474609 282.182678222656 281.903594970703 281.62451171875 281.536468505859 281.512145996094 281.48779296875 281.463439941406 281.439117431641 281.414764404297 281.390441894531 281.254455566406 280.783508300781 280.312561035156
279.416198730469 279.824829101562 280.233459472656 280.642120361328 281.050750732422 281.459381103516 281.850494384766 282.235778808594 282.621032714844 283.006317138672 283.3916015625 283.776885986328 284.162139892578 284.481140136719 284.601257324219 284.721343994141 284.841461181641 284.961578369141 285.081665039062 285.201782226562 285.321899414062 285.182769775391 284.957214355469 284.731658935547 284.506134033203 284.280578613281 284.055023193359 283.829467773438 283.58251953125 283.271362304688 282.960205078125 282.649047851562 282.337890625 282.026733398438 281.715576171875 281.404388427734 281.350921630859 281.383331298828 281.415740966797 281.448181152344 281.480590820312 281.513000488281 281.54541015625 281.443786621094 280.940093994141 280.436401367188
279.349578857422 279.821441650391 280.293304443359 280.765167236328 281.237060546875 281.708923339844 282.099639892578 282.463317871094 282.826965332031 283.190643310547 283.554321289062 283.917999267578 284.281646728516 284.579711914062 284.680847167969 284.782012939453 284.883178710938 284.984344482422 285.085510253906 285.186676025391 285.287811279297 285.133666992188 284.894378662109 284.655090332031 284.415832519531 284.176544189453 283.937286376953 283.697998046875 283.442779541016 283.139709472656 282.836608886719 282.533538818359 282.23046875 281.927398681641 281.624328613281 281.321258544922 281.253662109375 281.264556884766 281.275451660156 281.286346435547 281.297241210938 281.308135986328 281.319030761719 281.196105957031 280.671691894531 280.147277832031
279.542236328125 280.012786865234 280.483367919922 280.953918457031 281.424499511719 281.895080566406 282.273712158203 282.621734619141 282.9697265625 283.317749023438 283.665740966797 284.013763427734 284.361755371094 284.637847900391 284.698150634766 284.758453369141 284.818786621094 284.879089355469 284.939392089844 284.999694824219 285.059997558594 284.889831542969 284.642822265625 284.395812988281 284.148834228516 283.901824951172 283.654815673828 283.407806396484 283.158843994141 282.904022216797 282.649200439453 282.394348144531 282.139526367188 281.884704589844 281.629852294922 281.375030517578 281.244659423828 281.15576171875 281.066864013672 280.977966308594 280.889099121094 280.800201416016 280.711303710938 280.511383056641 279.978271484375 279.445190429688
279.734893798828 280.204162597656 280.673400878906 281.142669677734 281.611938476562 282.081207275391 282.447784423828 282.780120849609 283.112487792969 283.44482421875 283.777160644531 284.109527587891 284.441864013672 284.695983886719 284.715454101562 284.734893798828 284.754364013672 284.773834228516 284.793273925781 284.812744140625 284.832183837891 284.646026611328 284.391265869141 284.136535644531 283.881805419922 283.627075195312 283.372344970703 283.117614746094 282.874938964844 282.668334960938 282.461761474609 282.255157470703 282.048583984375 281.841979980469 281.635406494141 281.428802490234 281.235656738281 281.046966552734 280.858306884766 280.669616699219 280.48095703125 280.292266845703 280.103576660156 279.826629638672 279.284851074219 278.743072509766
279.927551269531 280.3955078125 280.863464355469 281.331420898438 281.799407958984 282.267364501953 282.621856689453 282.938537597656 283.255218505859 283.571899414062 283.888610839844 284.205291748047 284.52197265625 284.754119873047 284.732727050781 284.711334228516 284.68994140625 284.668548583984 284.647155761719 284.625762939453 284.604370117188 284.402191162109 284.139739990234 283.877258300781 283.614807128906 283.352355957031 283.089904785156 282.827423095703 282.591003417969 282.432647705078 282.274322509766 282.115966796875 281.957611083984 281.799285888672 281.640930175781 281.482574462891 281.226654052734 280.938201904297 280.649719238281 280.361267089844 280.072784423828 279.784332275391 279.495880126953 279.141906738281 278.591430664062 278.040985107422
280.120208740234 280.586853027344 281.053527832031 281.520172119141 281.986846923828 282.453521728516 282.795928955078 283.096954345703 283.397979736328 283.699005126953 284.000030517578 284.301055908203 284.60205078125 284.812255859375 284.750030517578 284.687774658203 284.625549316406 284.563293457031 284.501068115234 284.438812255859 284.376556396484 284.158355712891 283.88818359375 283.617980957031 283.347808837891 283.077606201172 282.807434082031 282.537231445312 282.307067871094 282.196960449219 282.086883544922 281.976776123047 281.866668701172 281.756561279297 281.646484375 281.536376953125 281.217651367188 280.829406738281 280.441162109375 280.052917480469 279.664642333984 279.276397705078 278.888153076172 278.457183837891 277.898040771484 277.338897705078
280.312866210938 280.778228759766 281.243560791016 281.708923339844 282.174285888672 282.6396484375 282.970001220703 283.25537109375 283.540740966797 283.826080322266 284.111450195312 284.396820068359 284.682159423828 284.870422363281 284.767303466797 284.664215087891 284.561126708984 284.458038330078 284.354949951172 284.251861572266 284.148742675781 283.91455078125 283.636627197266 283.358703613281 283.080810546875 282.802886962891 282.524963378906 282.247039794922 282.023162841797 281.961303710938 281.899444580078 281.837585449219 281.775726318359 281.7138671875 281.652008056641 281.590148925781 281.208648681641 280.720611572266 280.232574462891 279.744537353516 279.256500244141 278.768463134766 278.280426025391 277.772430419922 277.204620361328 276.636779785156
280.680297851562 281.130462646484 281.580627441406 282.030792236328 282.48095703125 282.931121826172 283.243896484375 283.510864257812 283.77783203125 284.044799804688 284.311767578125 284.578735351562 284.845703125 285.013397216797 284.883270263672 284.753143310547 284.623016357422 284.492889404297 284.36279296875 284.232666015625 284.1025390625 283.874359130859 283.613494873047 283.352630615234 283.091766357422 282.830932617188 282.570068359375 282.309204101562 282.099060058594 282.041137695312 281.983184814453 281.925231933594 281.867279052734 281.809356689453 281.751403808594 281.693450927734 281.269622802734 280.723846435547 280.178070068359 279.632293701172 279.086517333984 278.540740966797 277.994964599609 277.447937011719 276.897125244141 276.346313476562
281.222534179688 281.643615722656 282.064697265625 282.485778808594 282.906860351562 283.327941894531 283.617614746094 283.863464355469 284.109313964844 284.355163574219 284.600982666016 284.846832275391 285.092681884766 285.241241455078 285.097900390625 284.954559326172 284.811248779297 284.667907714844 284.524566650391 284.381225585938 284.237884521484 284.037811279297 283.818786621094 283.599761962891 283.380737304688 283.161743164062 282.942718505859 282.723693847656 282.534851074219 282.436462402344 282.338104248047 282.23974609375 282.141387939453 282.043029785156 281.944641113281 281.846282958984 281.400573730469 280.839111328125 280.277648925781 279.716156005859 279.154693603516 278.593231201172 278.03173828125 277.483612060547 276.975555419922 276.467468261719
281.764770507812 282.156768798828 282.548767089844 282.940765380859 283.332763671875 283.724761962891 283.991302490234 284.216033935547 284.440765380859 284.665496826172 284.890228271484 285.114959716797 285.339660644531 285.469085693359 285.312530517578 285.156005859375 284.999450683594 284.842895507812 284.686370849609 284.529815673828 284.373260498047 284.201232910156 284.024078369141 283.846893310547 283.669708251953 283.492553710938 283.315368652344 283.13818359375 282.970611572266 282.831817626953 282.693054199219 282.554260253906 282.415466308594 282.276672363281 282.137908935547 281.999114990234 281.531555175781 280.954376220703 280.377197265625 279.800048828125 279.222869873047 278.645690917969 278.068542480469 277.519317626953 277.053985595703 276.588653564453
282.307006835938 282.669921875 283.032836914062 283.395751953125 283.758666992188 284.12158203125 284.365020751953 284.568603515625 284.772216796875 284.975830078125 285.179443359375 285.383056640625 285.586669921875 285.696929931641 285.527160644531 285.357421875 285.187652587891 285.017913818359 284.84814453125 284.678375244141 284.508636474609 284.364685058594 284.229370117188 284.094024658203 283.958679199219 283.823364257812 283.688018798828 283.552673339844 283.406372070312 283.227172851562 283.047973632812 282.868774414062 282.689544677734 282.510345458984 282.331146240234 282.151947021484 281.662506103516 281.069641113281 280.476776123047 279.883911132812 279.291046142578 278.698181152344 278.105316162109 277.555023193359 277.132415771484 276.709808349609
282.849243164062 283.183044433594 283.516906738281 283.850708007812 284.184539794922 284.518371582031 284.738708496094 284.921203613281 285.103698730469 285.286193847656 285.468658447266 285.651153564453 285.833648681641 285.924774169922 285.741790771484 285.558837890625 285.375854492188 285.192901611328 285.009948730469 284.826965332031 284.644012451172 284.528137207031 284.434631347656 284.341156005859 284.247650146484 284.154144287109 284.060668945312 283.967163085938 283.842132568359 283.622528076172 283.402893066406 283.183258056641 282.963653564453 282.744018554688 282.5244140625 282.304779052734 281.79345703125 281.184906005859 280.576324462891 279.9677734375 279.359222412109 278.750671386719 278.14208984375 277.590728759766 277.210845947266 276.830963134766
283.391448974609 283.696197509766 284.000946044922 284.305694580078 284.610443115234 284.915191650391 285.112426757812 285.273773193359 285.435150146484 285.596527099609 285.757904052734 285.919250488281 286.080627441406 286.152618408203 285.956420898438 285.76025390625 285.564086914062 285.367889404297 285.171722412109 284.975555419922 284.779357910156 284.691589355469 284.639923095703 284.588287353516 284.53662109375 284.484954833984 284.433319091797 284.381652832031 284.277923583984 284.017852783203 283.7578125 283.497772216797 283.237731933594 282.977691650391 282.717651367188 282.457611083984 281.924407958984 281.300140380859 280.675903320312 280.051635742188 279.427398681641 278.803131103516 278.178894042969 277.626403808594 277.289276123047 276.9521484375
283.809997558594 284.090057373047 284.3701171875 284.650177001953 284.930236816406 285.210296630859 285.374847412109 285.500946044922 285.627014160156 285.753082275391 285.879150390625 286.005249023438 286.131317138672 286.180480957031 285.998901367188 285.817291259766 285.635711669922 285.454132080078 285.272521972656 285.090942382812 284.909362792969 284.84326171875 284.815643310547 284.788024902344 284.760437011719 284.732818603516 284.705230712891 284.677612304688 284.588989257812 284.317352294922 284.045715332031 283.774078369141 283.50244140625 283.230804443359 282.959167480469 282.687530517578 282.175323486328 281.582946777344 280.990570068359 280.398162841797 279.805786132812 279.213409423828 278.621002197266 278.10107421875 277.798492431641 277.495910644531
284.104858398438 284.364624023438 284.624359130859 284.884124755859 285.143890380859 285.403625488281 285.526031494141 285.602661132812 285.679260253906 285.755859375 285.832489013672 285.909088134766 285.985717773438 286.008361816406 285.869171142578 285.72998046875 285.590759277344 285.451568603516 285.312347412109 285.173156738281 285.033935546875 284.983123779297 284.961791992188 284.9404296875 284.919067382812 284.897735595703 284.876373291016 284.855010986328 284.775421142578 284.52099609375 284.2666015625 284.012176513672 283.757781982422 283.503356933594 283.248962402344 282.994567871094 282.546234130859 282.033264160156 281.520324707031 281.007354736328 280.494384765625 279.9814453125 279.468475341797 279.014709472656 278.738525390625 278.462310791016
