data/working_set_collections/6091692-Cassins_Sparrow-M2/2005/t2m_avg.asc
NCOLS 265 
NROWS 230 
XLLCORNER -115.5625 
YLLCORNER 24.8333333333333 
CELLSIZE 0.0833333333333333 
NODATA_value -9999 
[rows 40 to 59 of 230, columns 184 to 229 of 265]
284.081024169922 284.057189941406 284.033355712891 284.015197753906 283.998962402344 283.982727050781 283.966491699219 283.950256347656 283.933990478516 283.917755126953 283.904968261719 283.902587890625 283.900207519531 283.897827148438 283.895446777344 283.89306640625 283.890655517578 283.888275146484 283.897308349609 283.910095214844 283.922912597656 283.935729980469 283.948547363281 283.961334228516 283.974151611328 283.984832763672 283.989105224609 283.993347167969 283.997619628906 284.001861572266 284.006134033203 284.010406494141 284.0146484375 284.028228759766 284.044860839844 284.0615234375 284.078186035156 284.094848632812 284.111511230469 284.128173828125 284.140289306641 284.138824462891 284.137329101562 284.135864257812 284.134399414062 284.132904052734
284.173095703125 284.151306152344 284.129547119141 284.110046386719 284.091339111328 284.072601318359 284.053863525391 284.03515625 284.016418457031 283.997680664062 283.982452392578 283.977630615234 283.972839355469 283.968048095703 283.963226318359 283.958435058594 283.953643798828 283.948822021484 283.958251953125 283.972412109375 283.986602783203 284.000762939453 284.014923095703 284.029113769531 284.043273925781 284.055084228516 284.059814453125 284.064544677734 284.069244384766 284.073974609375 284.078704833984 284.083435058594 284.088165283203 284.101623535156 284.118011474609 284.134368896484 284.150756835938 284.167114257812 284.183502197266 284.199859619141 284.211212158203 284.20751953125 284.203826904297 284.200134277344 284.196441650391 284.192749023438
284.27392578125 284.253662109375 284.233428955078 284.213470458984 284.193634033203 284.173828125 284.153991699219 284.134155273438 284.114318847656 284.094482421875 284.077911376953 284.071105957031 284.064300537109 284.057495117188 284.050659179688 284.043853759766 284.037048339844 284.030242919922 284.039276123047 284.053588867188 284.067901611328 284.082214355469 284.096527099609 284.11083984375 284.125183105469 284.136840820312 284.140625 284.144409179688 284.148193359375 284.151977539062 284.15576171875 284.159545898438 284.163299560547 284.175811767578 284.191223144531 284.206604003906 284.222015380859 284.237426757812 284.252838134766 284.268218994141 284.278106689453 284.271484375 284.264831542969 284.258209228516 284.251556396484 284.244903564453
284.383544921875 284.3642578125 284.344970703125 284.325469970703 284.305938720703 284.286376953125 284.266845703125 284.247283935547 284.227722167969 284.208190917969 284.19140625 284.182983398438 284.174591064453 284.166168212891 284.157745361328 284.149322509766 284.140899658203 284.132476806641 284.140319824219 284.153594970703 284.166839599609 284.180084228516 284.193359375 284.206604003906 284.219879150391 284.230163574219 284.231597900391 284.233001708984 284.234436035156 284.23583984375 284.237243652344 284.238677978516 284.240081787109 284.250762939453 284.264495849609 284.278259277344 284.2919921875 284.305755615234 284.319488525391 284.333251953125 284.340972900391 284.330657958984 284.320343017578 284.310028076172 284.299713134766 284.289398193359
284.493133544922 284.474822998047 284.456512451172 284.437469482422 284.418212890625 284.398956298828 284.379669189453 284.360412597656 284.341125488281 284.321868896484 284.304901123047 284.294891357422 284.284851074219 284.274841308594 284.264801025391 284.254791259766 284.244750976562 284.234741210938 284.241394042969 284.253570556641 284.265777587891 284.277984619141 284.290161132812 284.302368164062 284.314575195312 284.323486328125 284.322540283203 284.321594238281 284.320648193359 284.319702148438 284.318756103516 284.317810058594 284.316864013672 284.325714111328 284.337799072266 284.349884033203 284.361968994141 284.374084472656 284.386169433594 284.398254394531 284.403839111328 284.389831542969 284.375854492188 284.361877441406 284.347869873047 284.333892822266
284.602722167969 284.585388183594 284.568054199219 284.549468994141 284.530487060547 284.511505126953 284.492523193359 284.473541259766 284.454528808594 284.435546875 284.418395996094 284.406768798828 284.395141601562 284.383514404297 284.371887207031 284.360260009766 284.3486328125 284.337005615234 284.342437744141 284.353576660156 284.364715576172 284.375854492188 284.386993408203 284.398132324219 284.409271240234 284.416778564453 284.413482666016 284.410186767578 284.406890869141 284.403564453125 284.400268554688 284.39697265625 284.393646240234 284.400665283203 284.411102294922 284.421539306641 284.431976318359 284.442413330078 284.452819824219 284.463256835938 284.466674804688 284.449035644531 284.431365966797 284.413696289062 284.396057128906 284.378387451172
284.712310791016 284.695953369141 284.679595947266 284.661499023438 284.642761230469 284.624084472656 284.605346679688 284.586669921875 284.567932128906 284.549255371094 284.531890869141 284.518676757812 284.505432128906 284.4921875 284.478942871094 284.465728759766 284.452484130859 284.439239501953 284.443481445312 284.453582763672 284.463653564453 284.473724365234 284.483795166016 284.493896484375 284.503967285156 284.510101318359 284.504425048828 284.498779296875 284.493103027344 284.487426757812 284.481781005859 284.476104736328 284.470428466797 284.475616455078 284.484375 284.4931640625 284.501953125 284.510711669922 284.519500732422 284.528289794922 284.529541015625 284.508209228516 284.486877441406 284.465545654297 284.444213867188 284.422882080078
284.821929931641 284.806549072266 284.791137695312 284.773498535156 284.755065917969 284.736633300781 284.718200683594 284.699768066406 284.681365966797 284.662933349609 284.645385742188 284.630554199219 284.61572265625 284.600860595703 284.586029052734 284.571197509766 284.556335449219 284.54150390625 284.544555664062 284.553558349609 284.562591552734 284.571594238281 284.580627441406 284.589630126953 284.598663330078 284.603424072266 284.595397949219 284.587371826172 284.579345703125 284.571319580078 284.563293457031 284.555236816406 284.547210693359 284.550567626953 284.557678222656 284.564819335938 284.571929931641 284.579040527344 284.586181640625 284.593292236328 284.592376708984 284.5673828125 284.542388916016 284.517364501953 284.492370605469 284.467376708984
284.897338867188 284.884613037109 284.871917724609 284.857604980469 284.842712402344 284.827850341797 284.812957763672 284.798095703125 284.783203125 284.768341064453 284.753814697266 284.740356445312 284.726898193359 284.713439941406 284.699981689453 284.6865234375 284.673065185547 284.659606933594 284.662231445312 284.670196533203 284.678192138672 284.686157226562 284.694152832031 284.702117919922 284.710113525391 284.713531494141 284.703338623047 284.693145751953 284.682952880859 284.672760009766 284.662567138672 284.65234375 284.642150878906 284.642791748047 284.647033691406 284.651275634766 284.655517578125 284.659759521484 284.664001464844 284.668243408203 284.664489746094 284.636688232422 284.608917236328 284.581115722656 284.553344726562 284.525543212891
284.938537597656 284.930236816406 284.921936035156 284.913818359375 284.90576171875 284.897705078125 284.8896484375 284.881561279297 284.873504638672 284.865447998047 284.857147216797 284.848052978516 284.838989257812 284.829895019531 284.820831298828 284.811737060547 284.802673339844 284.793579101562 284.796539306641 284.803497314453 284.810455322266 284.817413330078 284.824371337891 284.831329345703 284.838287353516 284.840484619141 284.828308105469 284.816131591797 284.803955078125 284.791778564453 284.779602050781 284.767425537109 284.755249023438 284.752319335938 284.75244140625 284.752593994141 284.752746582031 284.752868652344 284.753021240234 284.753173828125 284.745849609375 284.716156005859 284.686462402344 284.656768798828 284.627105712891 284.597412109375
284.979736328125 284.975860595703 284.971954345703 284.970031738281 284.968811035156 284.967559814453 284.96630859375 284.965057373047 284.963806152344 284.962585449219 284.96044921875 284.955749511719 284.951049804688 284.946350097656 284.941650390625 284.936950683594 284.932250976562 284.927551269531 284.930847167969 284.936767578125 284.942718505859 284.948669433594 284.95458984375 284.960540771484 284.966491699219 284.967407226562 284.953247070312 284.939086914062 284.924957275391 284.910797119141 284.896636962891 284.882476806641 284.868347167969 284.86181640625 284.857879638672 284.853912353516 284.849945068359 284.845977783203 284.842010498047 284.838073730469 284.827209472656 284.795623779297 284.764038085938 284.732452392578 284.700836181641 284.669250488281
285.020965576172 285.021453857422 285.02197265625 285.026275634766 285.031829833984 285.037414550781 285.04296875 285.048553466797 285.054138183594 285.059692382812 285.063781738281 285.0634765625 285.063140869141 285.062835693359 285.0625 285.062164306641 285.061859130859 285.0615234375 285.065124511719 285.070068359375 285.074981689453 285.079895019531 285.084838867188 285.089752197266 285.094665527344 285.094329833984 285.078216552734 285.062072753906 285.045959472656 285.029815673828 285.013671875 284.99755859375 284.981414794922 284.971343994141 284.963287353516 284.955230712891 284.947143554688 284.939086914062 284.931030273438 284.922973632812 284.908538818359 284.875061035156 284.841583251953 284.80810546875 284.774597167969 284.741119384766
285.062164306641 285.067077636719 285.071990966797 285.082489013672 285.094879150391 285.107269287109 285.119659423828 285.132049560547 285.144439697266 285.156829833984 285.167114257812 285.171173095703 285.175231933594 285.179290771484 285.183349609375 285.187377929688 285.191436767578 285.195495605469 285.199432373047 285.203338623047 285.207244873047 285.211151123047 285.215057373047 285.218963623047 285.222869873047 285.221252441406 285.203155517578 285.18505859375 285.166931152344 285.148834228516 285.130737304688 285.112609863281 285.094512939453 285.080871582031 285.068695068359 285.056549072266 285.044372558594 285.032196044922 285.020050048828 285.007873535156 284.989898681641 284.954528808594 284.919128417969 284.883758544922 284.848358154297 284.81298828125
285.103393554688 285.112701416016 285.121978759766 285.138732910156 285.157928466797 285.177124023438 285.196319580078 285.215545654297 285.234741210938 285.253936767578 285.270446777344 285.278869628906 285.287322998047 285.295745849609 285.304168701172 285.312591552734 285.321044921875 285.329467773438 285.333740234375 285.336639404297 285.339508056641 285.342407226562 285.345275878906 285.348175048828 285.351043701172 285.348205566406 285.328125 285.308013916016 285.287933349609 285.267852783203 285.247772216797 285.227691650391 285.207611083984 285.190368652344 285.174102783203 285.157836914062 285.141571044922 285.125305175781 285.109039306641 285.0927734375 285.071258544922 285.033966064453 284.996704101562 284.959411621094 284.922119140625 284.884826660156
285.156890869141 285.168792724609 285.1806640625 285.200317382812 285.222534179688 285.244781494141 285.267028808594 285.289245605469 285.311492919922 285.333709716797 285.35302734375 285.363555908203 285.374114990234 285.384643554688 285.395172119141 285.405731201172 285.416259765625 285.426788330078 285.432342529297 285.436248779297 285.440124511719 285.444000244141 285.447875976562 285.451782226562 285.455657958984 285.45361328125 285.433807373047 285.414001464844 285.394195556641 285.374359130859 285.354553222656 285.334747314453 285.31494140625 285.295104980469 285.275299072266 285.255493164062 285.235687255859 285.215850830078 285.196044921875 285.176239013672 285.151824951172 285.113616943359 285.075408935547 285.037200927734 284.998992919922 284.960754394531
285.222747802734 285.235382080078 285.248016357422 285.267272949219 285.288757324219 285.310241699219 285.331726074219 285.353179931641 285.374664306641 285.396148681641 285.414855957031 285.425231933594 285.435607910156 285.445983886719 285.456359863281 285.466735839844 285.477111816406 285.487487792969 285.495269775391 285.502166748047 285.509063720703 285.515991210938 285.522888183594 285.52978515625 285.536682128906 285.537536621094 285.520233154297 285.502960205078 285.485656738281 285.468383789062 285.451080322266 285.433776855469 285.41650390625 285.395080566406 285.372253417969 285.349456787109 285.32666015625 285.303863525391 285.281066894531 285.258239746094 285.231597900391 285.193450927734 285.1552734375 285.117095947266 285.078948974609 285.040771484375
285.28857421875 285.301971435547 285.315368652344 285.334259033203 285.35498046875 285.375701904297 285.396423339844 285.417114257812 285.437835693359 285.458557128906 285.476654052734 285.486877441406 285.497100830078 285.50732421875 285.517547607422 285.527740478516 285.537963867188 285.548187255859 285.558197021484 285.568115234375 285.578033447266 285.587951660156 285.597869873047 285.607788085938 285.617706298828 285.621459960938 285.606689453125 285.591918945312 285.5771484375 285.562377929688 285.547607421875 285.532836914062 285.51806640625 285.495025634766 285.46923828125 285.443420410156 285.417633056641 285.391845703125 285.366058349609 285.340270996094 285.311401367188 285.273254394531 285.235137939453 285.197021484375 285.158874511719 285.120758056641
285.354400634766 285.368560791016 285.382720947266 285.401214599609 285.421173095703 285.441131591797 285.461120605469 285.481079101562 285.501037597656 285.52099609375 285.538482666016 285.548522949219 285.55859375 285.568664550781 285.578704833984 285.588775634766 285.598815917969 285.60888671875 285.62109375 285.634033203125 285.64697265625 285.659912109375 285.6728515625 285.685791015625 285.69873046875 285.705383300781 285.693115234375 285.680877685547 285.668609619141 285.656372070312 285.644134521484 285.631866455078 285.61962890625 285.594970703125 285.566192626953 285.537414550781 285.508636474609 285.479858398438 285.451049804688 285.422271728516 285.391174316406 285.353088378906 285.315002441406 285.276916503906 285.238830566406 285.200775146484
285.420227050781 285.435150146484 285.450042724609 285.468200683594 285.487396240234 285.506591796875 285.525817871094 285.545013427734 285.564208984375 285.583435058594 285.600311279297 285.610198974609 285.620086669922 285.629974365234 285.639892578125 285.649780273438 285.65966796875 285.669586181641 285.684020996094 285.699981689453 285.715942382812 285.731872558594 285.747833251953 285.763793945312 285.779754638672 285.789306640625 285.779571533203 285.769836425781 285.760101318359 285.750366210938 285.740631103516 285.730926513672 285.72119140625 285.694915771484 285.663146972656 285.631378173828 285.599609375 285.567840576172 285.536071777344 285.504302978516 285.470947265625 285.432922363281 285.394866943359 285.356842041016 285.318786621094 285.28076171875
285.486053466797 285.501739501953 285.517395019531 285.53515625 285.553588867188 285.572052001953 285.590515136719 285.608947753906 285.627410888672 285.645843505859 285.662109375 285.671844482422 285.681579589844 285.691314697266 285.701049804688 285.710784912109 285.720520019531 285.730255126953 285.746948242188 285.765899658203 285.784881591797 285.803863525391 285.822845458984 285.841796875 285.860778808594 285.873199462891 285.865997314453 285.858795166016 285.851593017578 285.844360351562 285.837158203125 285.829956054688 285.82275390625 285.794860839844 285.760101318359 285.725341796875 285.690582275391 285.655822753906 285.621063232422 285.586303710938 285.550750732422 285.512756347656 285.474761962891 285.436737060547 285.398742675781 285.360748291016
