data/working_set_collections/6091692-Cassins_Sparrow-M2/2005/tautot_avg.asc
NCOLS 265 
NROWS 230 
XLLCORNER -115.5625 
YLLCORNER 24.8333333333333 
CELLSIZE 0.0833333333333333 
NODATA_value -9999 
[rows 140 to 159 of 230, columns 92 to 137 of 265]
10.7471551895142 10.6574268341064 10.5676984786987 10.4779710769653 10.3882427215576 10.3329648971558 10.2891712188721 10.2453765869141 10.2015829086304 10.1577882766724 10.1139936447144 10.0701999664307 10.0342311859131 10.0217390060425 10.0092468261719 9.99675464630127 9.98426246643066 9.97177028656006 9.95927810668945 9.94678688049316 10.1073093414307 10.3255052566528 10.5437002182007 10.7618951797485 10.9800901412964 11.1982851028442 11.4164800643921 11.5745229721069 11.5521097183228 11.5296964645386 11.5072832107544 11.4848699569702 11.462456703186 11.4400424957275 11.4176292419434 11.3404092788696 11.2449207305908 11.149432182312 11.0539436340332 10.9584550857544 10.8629665374756 10.7674779891968 10.6956415176392 10.6947603225708 10.6938800811768 10.6929988861084
10.5559368133545 10.472544670105 10.3891534805298 10.3057613372803 10.2223691940308 10.1804208755493 10.1522874832153 10.124153137207 10.096019744873 10.0678863525391 10.0397520065308 10.0116186141968 9.98738288879395 9.97484302520752 9.96230316162109 9.94976425170898 9.93722438812256 9.92468452453613 9.91214466094971 9.89960479736328 10.0446147918701 10.2421398162842 10.4396657943726 10.6371908187866 10.834716796875 11.0322418212891 11.2297677993774 11.3748407363892 11.3625555038452 11.3502702713013 11.3379850387573 11.3257007598877 11.3134155273438 11.3011302947998 11.2888460159302 11.2317142486572 11.1596345901489 11.0875549316406 11.0154752731323 10.9433946609497 10.8713150024414 10.7992353439331 10.742205619812 10.7303285598755 10.7184505462646 10.7065725326538
10.3647193908691 10.2876634597778 10.2106075286865 10.1335515975952 10.0564956665039 10.0278768539429 10.0154037475586 10.0029306411743 9.99045658111572 9.97798347473145 9.96551036834717 9.95303630828857 9.9405345916748 9.92794799804688 9.91536045074463 9.90277290344238 9.89018535614014 9.87759876251221 9.86501121520996 9.85242366790771 9.98191928863525 10.1587753295898 10.3356304168701 10.5124864578247 10.6893424987793 10.8661985397339 11.0430545806885 11.1751575469971 11.1730003356934 11.170844078064 11.1686878204346 11.1665315628052 11.1643753051758 11.1622180938721 11.1600618362427 11.1230192184448 11.074348449707 11.0256767272949 10.9770059585571 10.9283351898193 10.8796634674072 10.8309926986694 10.7887706756592 10.7658958435059 10.7430210113525 10.7201461791992
10.1735010147095 10.1027812957764 10.0320615768433 9.96134281158447 9.89062309265137 9.87533283233643 9.87852001190186 9.88170719146729 9.88489437103271 9.88808155059814 9.89126777648926 9.89445495605469 9.89368724822998 9.88105201721191 9.86841678619385 9.8557825088501 9.84314727783203 9.83051204681396 9.81787776947021 9.80524253845215 9.91922378540039 10.0754098892212 10.231595993042 10.3877820968628 10.5439691543579 10.7001552581787 10.8563413619995 10.975474357605 10.9834461212158 10.9914178848267 10.9993906021118 11.0073623657227 11.0153341293335 11.0233058929443 11.0312776565552 11.0143241882324 10.9890613555908 10.9637994766235 10.9385366439819 10.9132747650146 10.888011932373 10.8627500534058 10.835334777832 10.8014631271362 10.7675914764404 10.7337207794189
10.0984992980957 10.0266046524048 9.95471000671387 9.88281536102295 9.81092166900635 9.79784202575684 9.804368019104 9.81089401245117 9.81742000579834 9.82394599914551 9.83047199249268 9.83699798583984 9.8400821685791 9.83283710479736 9.82559299468994 9.8183479309082 9.81110382080078 9.80385971069336 9.79661464691162 9.7893705368042 9.89466381072998 10.0374708175659 10.1802768707275 10.3230829238892 10.4658889770508 10.6086959838867 10.7515020370483 10.8628225326538 10.8796863555908 10.8965501785278 10.9134140014648 10.9302778244019 10.9471416473389 10.9640054702759 10.9808692932129 10.9755334854126 10.9627981185913 10.95006275177 10.9373273849487 10.9245920181274 10.9118566513062 10.8991212844849 10.8786792755127 10.8351182937622 10.7915563583374 10.7479953765869
10.1397132873535 10.0591325759888 9.97855281829834 9.89797210693359 9.81739139556885 9.7954044342041 9.79294776916504 9.79049205780029 9.78803539276123 9.78557872772217 9.7831220626831 9.78066635131836 9.77972030639648 9.78330421447754 9.78688812255859 9.79047203063965 9.7940559387207 9.79763984680176 9.80122375488281 9.80480766296387 9.90824031829834 10.0449562072754 10.1816720962524 10.3183879852295 10.4551038742065 10.5918197631836 10.7285356521606 10.8372030258179 10.8617219924927 10.8862409591675 10.9107599258423 10.9352779388428 10.9597969055176 10.9843158721924 11.0088348388672 11.0066471099854 10.9955577850342 10.9844675064087 10.9733772277832 10.962287902832 10.9511976242065 10.9401073455811 10.9188041687012 10.8668594360352 10.8149156570435 10.7629709243774
10.1809272766113 10.0916604995728 10.0023946762085 9.91312885284424 9.82386207580566 9.79296684265137 9.78152751922607 9.7700891494751 9.7586498260498 9.74721145629883 9.73577308654785 9.72433376312256 9.71935749053955 9.7337703704834 9.74818229675293 9.76259517669678 9.77700805664062 9.79141998291016 9.805832862854 9.82024478912354 9.9218168258667 10.0524425506592 10.1830682754517 10.3136940002441 10.4443187713623 10.5749444961548 10.7055702209473 10.8115825653076 10.8437566757202 10.8759307861328 10.9081048965454 10.940279006958 10.9724531173706 11.0046272277832 11.0368013381958 11.0377607345581 11.0283164978027 11.0188722610474 11.009428024292 10.9999828338623 10.9905385971069 10.9810943603516 10.9589290618896 10.8986015319824 10.8382740020752 10.777946472168
10.2221412658691 10.1241884231567 10.0262365341187 9.92828464508057 9.83033275604248 9.79052925109863 9.77010726928711 9.7496862411499 9.7292652130127 9.70884418487549 9.68842315673828 9.66800212860107 9.65899562835693 9.68423652648926 9.70947742462158 9.73471832275391 9.75995922088623 9.78520011901855 9.81044101715088 9.8356819152832 9.93539333343506 10.059928894043 10.1844635009766 10.3089990615845 10.4335336685181 10.558069229126 10.6826047897339 10.7859630584717 10.8257923126221 10.8656215667725 10.9054508209229 10.9452791213989 10.9851083755493 11.0249376296997 11.0647668838501 11.0688753128052 11.0610761642456 11.053277015686 11.0454778671265 11.0376787185669 11.0298795700073 11.0220804214478 10.9990539550781 10.9303436279297 10.8616333007812 10.7929229736328
10.2633543014526 10.156717300415 10.0500793457031 9.94344139099121 9.8368034362793 9.78809070587158 9.75868701934814 9.72928428649902 9.69988059997559 9.67047691345215 9.64107322692871 9.61166954040527 9.59863376617432 9.63470363616943 9.67077255249023 9.70684242248535 9.74291133880615 9.77898025512695 9.81505012512207 9.85111904144287 9.94896984100342 10.0674152374268 10.1858596801758 10.3043041229248 10.4227485656738 10.5411939620972 10.6596384048462 10.7603425979614 10.8078269958496 10.8553113937378 10.902795791626 10.9502801895142 10.9977645874023 11.0452489852905 11.0927333831787 11.0999889373779 11.0938348770142 11.0876817703247 11.0815277099609 11.0753746032715 11.0692205429077 11.0630664825439 11.0391778945923 10.9620847702026 10.884991645813 10.8078985214233
10.3045682907104 10.189245223999 10.0739212036133 9.95859718322754 9.84327411651611 9.78565311431885 9.74726676940918 9.70888137817383 9.67049503326416 9.63210964202881 9.59372329711914 9.55533695220947 9.5382719039917 9.58516979217529 9.63206768035889 9.67896556854248 9.72586345672607 9.77276134490967 9.81965827941895 9.86655616760254 9.96254634857178 10.0749006271362 10.1872549057007 10.2996091842651 10.4119634628296 10.524317741394 10.6366729736328 10.7347230911255 10.7898626327515 10.8450021743774 10.9001417160034 10.9552803039551 11.0104198455811 11.065559387207 11.120698928833 11.1311025619507 11.126594543457 11.1220865249634 11.1175775527954 11.1130695343018 11.1085615158081 11.1040534973145 11.0793027877808 10.9938268661499 10.9083499908447 10.8228740692139
10.394193649292 10.282151222229 10.1701078414917 10.0580654144287 9.94602298736572 9.87804222106934 9.82474899291992 9.77145576477051 9.71816349029541 9.664870262146 9.61157703399658 9.55828380584717 9.53301906585693 9.59184074401855 9.65066242218018 9.7094841003418 9.76830577850342 9.82712745666504 9.88594913482666 9.94477081298828 10.0389099121094 10.1448211669922 10.250732421875 10.3566436767578 10.4625558853149 10.5684671401978 10.6743783950806 10.7684173583984 10.8268365859985 10.885256767273 10.943675994873 11.0020961761475 11.0605163574219 11.118935585022 11.1773557662964 11.1939182281494 11.1965274810791 11.1991376876831 11.2017469406128 11.2043571472168 11.2069673538208 11.2095766067505 11.1889381408691 11.0985555648804 11.0081720352173 10.9177894592285
10.532229423523 10.435435295105 10.3386402130127 10.2418451309204 10.1450510025024 10.065258026123 9.99113368988037 9.91700839996338 9.8428840637207 9.76875877380371 9.69463348388672 9.62050914764404 9.58287525177002 9.65471649169922 9.72655773162842 9.7983980178833 9.8702392578125 9.9420804977417 10.0139217376709 10.0857629776001 10.1780595779419 10.2771759033203 10.3762922286987 10.4754076004028 10.5745239257812 10.6736402511597 10.7727556228638 10.861424446106 10.9187498092651 10.9760751724243 11.0334014892578 11.090726852417 11.1480522155762 11.2053775787354 11.2627029418945 11.2884349822998 11.303635597229 11.3188352584839 11.3340358734131 11.3492364883423 11.3644371032715 11.3796367645264 11.3680839538574 11.276270866394 11.1844568252563 11.092643737793
10.6702661514282 10.588719367981 10.5071725845337 10.4256258010864 10.3440790176392 10.2524747848511 10.1575174331665 10.0625610351562 9.967604637146 9.87264728546143 9.77769088745117 9.68273448944092 9.6327314376831 9.71759223937988 9.80245208740234 9.88731288909912 9.97217273712158 10.0570335388184 10.1418943405151 10.2267541885376 10.3172101974487 10.4095306396484 10.5018510818481 10.5941715240479 10.6864929199219 10.7788133621216 10.8711338043213 10.9544324874878 11.0106630325317 11.06689453125 11.1231260299683 11.1793565750122 11.2355880737305 11.2918195724487 11.348051071167 11.3829517364502 11.4107427597046 11.438533782959 11.4663248062134 11.4941158294678 11.5219068527222 11.5496978759766 11.5472297668457 11.4539861679077 11.3607416152954 11.2674970626831
10.8083019256592 10.7420034408569 10.6757040023804 10.6094055175781 10.5431060791016 10.4396905899048 10.323902130127 10.2081136703491 10.0923252105713 9.97653579711914 9.86074733734131 9.74495887756348 9.68258762359619 9.78046703338623 9.87834739685059 9.97622680664062 10.074107170105 10.171986579895 10.2698659896851 10.3677463531494 10.4563598632812 10.5418853759766 10.6274099349976 10.7129354476929 10.7984609603882 10.8839864730835 10.9695110321045 11.0474395751953 11.1025762557983 11.1577138900757 11.2128505706787 11.2679872512817 11.3231239318848 11.3782615661621 11.4333982467651 11.4774684906006 11.5178499221802 11.5582313537598 11.5986137390137 11.6389951705933 11.6793766021729 11.7197580337524 11.726375579834 11.6317005157471 11.5370264053345 11.4423513412476
10.9463386535645 10.8952875137329 10.8442363739014 10.7931852340698 10.7421340942383 10.6269063949585 10.4902858734131 10.3536653518677 10.2170457839966 10.0804252624512 9.94380474090576 9.80718421936035 9.73244380950928 9.8433427810669 9.95424175262451 10.0651416778564 10.1760406494141 10.2869396209717 10.3978385925293 10.5087375640869 10.5955095291138 10.6742401123047 10.7529697418213 10.8316993713379 10.9104290008545 10.9891595840454 11.067889213562 11.1404466629028 11.1944894790649 11.248532295227 11.3025751113892 11.3566179275513 11.4106607437134 11.4647026062012 11.5187454223633 11.571985244751 11.6249580383301 11.6779298782349 11.7309017181396 11.7838745117188 11.8368463516235 11.8898181915283 11.9055213928223 11.8094158172607 11.7133111953735 11.617205619812
11.0843744277954 11.0485715866089 11.0127687454224 10.9769649505615 10.941162109375 10.8141222000122 10.6566705703735 10.4992179870605 10.3417663574219 10.1843137741089 10.0268611907959 9.86940956115723 9.78229999542236 9.90621852874756 10.0301370620728 10.154055595398 10.2779741287231 10.4018926620483 10.5258111953735 10.6497297286987 10.7346601486206 10.8065948486328 10.8785285949707 10.9504632949829 11.0223979949951 11.0943326950073 11.1662664413452 11.2334547042847 11.2864027023315 11.3393516540527 11.3922996520996 11.4452476501465 11.4981966018677 11.5511445999146 11.6040935516357 11.6665019989014 11.7320652008057 11.79762840271 11.8631906509399 11.9287538528442 11.9943161010742 12.0598793029785 12.0846672058105 11.9871311187744 11.8895959854126 11.7920598983765
11.2859592437744 11.2497730255127 11.2135877609253 11.1774024963379 11.1412172317505 11.0064287185669 10.8387718200684 10.6711149215698 10.5034589767456 10.3358020782471 10.1681451797485 10.0004892349243 9.90608215332031 10.0314254760742 10.1567697525024 10.2821130752563 10.4074563980103 10.5327997207642 10.6581430435181 10.7834873199463 10.8648805618286 10.9316244125366 10.9983673095703 11.0651111602783 11.1318550109863 11.1985988616943 11.265341758728 11.3269567489624 11.3731861114502 11.4194145202637 11.4656429290771 11.5118713378906 11.5581007003784 11.6043291091919 11.6505575180054 11.7198829650879 11.7969064712524 11.8739309310913 11.9509544372559 12.0279779434204 12.1050024032593 12.1820259094238 12.2174501419067 12.1280746459961 12.0386991500854 11.9493236541748
11.5510911941528 11.4988927841187 11.4466953277588 11.3944969177246 11.3422985076904 11.2038240432739 11.0365905761719 10.8693571090698 10.7021236419678 10.5348901748657 10.3676557540894 10.2004222869873 10.1037912368774 10.2189655303955 10.3341398239136 10.4493131637573 10.5644874572754 10.6796617507935 10.7948360443115 10.9100103378296 10.9861717224121 11.0493288040161 11.1124858856201 11.1756439208984 11.2388010025024 11.3019580841064 11.3651151657104 11.4209537506104 11.4548377990723 11.4887208938599 11.5226049423218 11.5564880371094 11.5903720855713 11.6242551803589 11.6581392288208 11.7321262359619 11.8194818496704 11.9068374633789 11.9941930770874 12.0815486907959 12.1689033508301 12.2562589645386 12.3038692474365 12.2322454452515 12.1606206893921 12.0889959335327
11.8162231445312 11.7480125427246 11.679801940918 11.6115913391113 11.5433807373047 11.4012203216553 11.2344093322754 11.0675992965698 10.9007883071899 10.7339773178101 10.5671672821045 10.4003562927246 10.3014993667603 10.4065046310425 10.5115089416504 10.6165142059326 10.7215194702148 10.8265237808228 10.931529045105 11.0365333557129 11.1074628829956 11.1670341491699 11.2266044616699 11.2861757278442 11.3457469940186 11.4053173065186 11.4648885726929 11.5149517059326 11.5364894866943 11.5580282211304 11.5795669555664 11.6011047363281 11.6226434707642 11.6441822052002 11.6657209396362 11.7443704605103 11.8420572280884 11.9397439956665 12.0374317169189 12.1351184844971 12.2328052520752 12.3304920196533 12.3902893066406 12.3364162445068 12.2825422286987 12.2286691665649
12.081356048584 11.9971323013306 11.9129095077515 11.828685760498 11.7444629669189 11.5986156463623 11.4322280883789 11.2658405303955 11.0994529724121 10.9330654144287 10.7666778564453 10.6002902984619 10.4992084503174 10.5940437316895 10.6888790130615 10.7837152481079 10.87855052948 10.973385810852 11.0682210922241 11.1630573272705 11.2287540435791 11.2847385406494 11.3407230377197 11.39670753479 11.4526929855347 11.508677482605 11.5646619796753 11.6089487075806 11.6181421279907 11.6273355484009 11.6365280151367 11.6457214355469 11.654914855957 11.6641082763672 11.6733016967773 11.7566137313843 11.8646326065063 11.9726514816284 12.0806694030762 12.1886882781982 12.2967071533203 12.4047250747681 12.4767084121704 12.4405870437622 12.4044647216797 12.3683423995972
