data/working_set_collections/6091692-Cassins_Sparrow-M2/2005/tautot_avg.asc
NCOLS 265 
NROWS 230 
XLLCORNER -115.5625 
YLLCORNER 24.8333333333333 
CELLSIZE 0.0833333333333333 
NODATA_value -9999 
[rows 80 to 99 of 230, columns 138 to 183 of 265]
9.96174621582031 9.85234546661377 9.74294567108154 9.633544921875 9.60296154022217 9.5986499786377 9.59433841705322 9.59002780914307 9.58571624755859 9.58140468597412 9.57709312438965 9.5657844543457 9.53348350524902 9.50118255615234 9.46888160705566 9.43658065795898 9.40427875518799 9.37197780609131 9.33967685699463 9.3637638092041 9.40664768218994 9.44953060150146 9.49241352081299 9.53529739379883 9.57818031311035 9.62106323242188 9.66047668457031 9.68947982788086 9.71848392486572 9.74748706817627 9.77649116516113 9.80549430847168 9.83449745178223 9.86350154876709 9.95728588104248 10.0726633071899 10.1880416870117 10.3034191131592 10.418797492981 10.5341749191284 10.6495523452759 10.7643365859985 10.8773365020752 10.9903373718262 11.1033372879028 11.2163372039795
10.1895236968994 10.0773410797119 9.96515846252441 9.85297584533691 9.80816268920898 9.78580665588379 9.76344966888428 9.74109363555908 9.71873760223389 9.69638061523438 9.67402458190918 9.6470890045166 9.60641765594482 9.56574535369873 9.52507305145264 9.48440074920654 9.44372844696045 9.40305614471436 9.36238384246826 9.38696670532227 9.43330001831055 9.47963428497314 9.52596759796143 9.57230186462402 9.6186351776123 9.6649694442749 9.70659255981445 9.73408699035645 9.76158142089844 9.78907489776611 9.8165693283081 9.8440637588501 9.87155723571777 9.89905166625977 9.98771095275879 10.0967597961426 10.205807685852 10.3148555755615 10.4239044189453 10.5329523086548 10.6420011520386 10.7499284744263 10.8544940948486 10.9590606689453 11.0636262893677 11.16819190979
10.4173002243042 10.3023357391357 10.1873712539673 10.0724058151245 10.0133638381958 9.97296237945557 9.93256092071533 9.8921594619751 9.85175895690918 9.81135749816895 9.77095603942871 9.72839450836182 9.67935085296631 9.6303071975708 9.58126449584961 9.5322208404541 9.48317813873291 9.4341344833374 9.38509178161621 9.41016864776611 9.45995330810547 9.50973701477051 9.55952167510986 9.60930633544922 9.65909004211426 9.70887470245361 9.75270938873291 9.77869415283203 9.80467891693115 9.83066272735596 9.85664749145508 9.8826322555542 9.90861701965332 9.93460178375244 10.0181369781494 10.1208553314209 10.2235746383667 10.3262929916382 10.4290113449097 10.5317296981812 10.634449005127 10.735520362854 10.8316526412964 10.9277839660645 11.0239152908325 11.1200475692749
10.6450777053833 10.5273303985596 10.4095830917358 10.2918367385864 10.2185649871826 10.1601190567017 10.1016721725464 10.0432262420654 9.98477935791016 9.9263334274292 9.86788749694824 9.80969905853271 9.75228500366211 9.69486999511719 9.63745594024658 9.58004188537598 9.52262687683105 9.46521282196045 9.40779876708984 9.43337154388428 9.48660564422607 9.53984069824219 9.5930757522583 9.64631080627441 9.69954586029053 9.75277996063232 9.79882526397705 9.8233003616333 9.84777545928955 9.87225151062012 9.89672660827637 9.92120170593262 9.94567680358887 9.97015190124512 10.04856300354 10.1449518203735 10.241340637207 10.3377294540405 10.4341192245483 10.5305080413818 10.6268968582153 10.7211132049561 10.8088102340698 10.8965072631836 10.9842042922974 11.0719022750854
10.7710943222046 10.6568298339844 10.5425643920898 10.4282999038696 10.3482818603516 10.2796802520752 10.2110776901245 10.1424760818481 10.0738735198975 10.0052719116211 9.93666934967041 9.86976623535156 9.80795955657959 9.74615287780762 9.68434524536133 9.62253856658936 9.56073188781738 9.49892520904541 9.43711757659912 9.46212291717529 9.51606464385986 9.57000637054443 9.623948097229 9.67788982391357 9.73183155059814 9.78577327728271 9.8325080871582 9.85762023925781 9.88273334503174 9.90784549713135 9.93295860290527 9.95807075500488 9.98318386077881 10.0082960128784 10.0868606567383 10.1832427978516 10.2796249389648 10.3760061264038 10.4723882675171 10.5687704086304 10.6651525497437 10.7582263946533 10.8413763046265 10.9245262145996 11.0076761245728 11.0908260345459
10.7953500747681 10.6908321380615 10.586314201355 10.4817962646484 10.402515411377 10.3316469192505 10.260778427124 10.1899089813232 10.1190404891968 10.0481719970703 9.97730255126953 9.90859603881836 9.84637546539307 9.78415393829346 9.72193336486816 9.65971183776855 9.59749126434326 9.53527069091797 9.47304916381836 9.49642276763916 9.5483283996582 9.60023307800293 9.65213775634766 9.7040433883667 9.75594806671143 9.80785369873047 9.85375595092773 9.88165283203125 9.90954971313477 9.93744659423828 9.9653434753418 9.99324035644531 10.0211372375488 10.0490341186523 10.1330308914185 10.235728263855 10.3384256362915 10.441123008728 10.5438203811646 10.6465187072754 10.7492160797119 10.8468608856201 10.9293508529663 11.0118398666382 11.0943298339844 11.1768188476562
10.8196058273315 10.724835395813 10.6300640106201 10.5352926254272 10.4567489624023 10.3836135864258 10.3104782104492 10.2373428344727 10.1642074584961 10.0910720825195 10.017936706543 9.94742584228516 9.88479137420654 9.82215595245361 9.75952053070068 9.69688606262207 9.63425064086914 9.57161521911621 9.5089807510376 9.53072357177734 9.58059120178223 9.63045978546143 9.68032836914062 9.73019695281982 9.78006553649902 9.82993316650391 9.87500476837158 9.905686378479 9.93636703491211 9.96704769134521 9.99772834777832 10.0284099578857 10.0590906143188 10.089771270752 10.1792011260986 10.2882146835327 10.3972272872925 10.5062398910522 10.6152534484863 10.7242660522461 10.8332786560059 10.9354963302612 11.0173254013062 11.0991544723511 11.180983543396 11.2628126144409
10.843861579895 10.7588376998901 10.6738138198853 10.5887899398804 10.5109825134277 10.4355802536011 10.3601779937744 10.2847757339478 10.2093734741211 10.1339721679688 10.0585699081421 9.98625564575195 9.92320728302002 9.86015796661377 9.79710865020752 9.73405933380127 9.67101001739502 9.60796070098877 9.54491233825684 9.56502342224121 9.61285495758057 9.66068649291992 9.70851898193359 9.75635051727295 9.8041820526123 9.85201358795166 9.89625358581543 9.92971897125244 9.96318340301514 9.99664878845215 10.0301141738892 10.0635786056519 10.0970439910889 10.1305093765259 10.2253713607788 10.3407001495361 10.4560289382935 10.5713567733765 10.6866855621338 10.8020143508911 10.9173421859741 11.024130821228 11.105299949646 11.1864681243896 11.2676372528076 11.3488054275513
10.8681173324585 10.7928400039673 10.7175636291504 10.6422863006592 10.5652151107788 10.4875469207764 10.4098777770996 10.3322095870972 10.2545404434204 10.176872253418 10.0992031097412 10.0250854492188 9.96162223815918 9.89815902709961 9.83469581604004 9.77123260498047 9.7077693939209 9.64430618286133 9.58084297180176 9.59932327270508 9.64511871337891 9.69091415405273 9.73670864105225 9.78250408172607 9.82829856872559 9.87409400939941 9.91750240325928 9.95375156402588 9.99000072479248 10.0262498855591 10.0624990463257 10.0987482070923 10.1349973678589 10.1712465286255 10.271541595459 10.3931856155396 10.5148296356201 10.6364736557007 10.7581176757812 10.8797616958618 11.0014057159424 11.1127653121948 11.1932735443115 11.2737817764282 11.3542900085449 11.4347982406616
10.892373085022 10.8268432617188 10.7613134384155 10.695782661438 10.6194486618042 10.5395135879517 10.4595785140991 10.3796424865723 10.2997074127197 10.2197723388672 10.1398363113403 10.0639162063599 10.0000381469727 9.93616104125977 9.87228393554688 9.80840682983398 9.74452877044678 9.68065166473389 9.616774559021 9.63362407684326 9.67738246917725 9.72114086151123 9.76489925384521 9.8086576461792 9.85241603851318 9.89617443084717 9.93875122070312 9.97778415679932 10.0168180465698 10.055850982666 10.0948839187622 10.1339178085327 10.1729507446289 10.2119836807251 10.3177118301392 10.4456720352173 10.5736312866211 10.7015905380249 10.8295497894287 10.9575099945068 11.0854692459106 11.2014007568359 11.2812480926514 11.3610963821411 11.4409437179565 11.5207920074463
10.8932085037231 10.8290910720825 10.7649736404419 10.7008562088013 10.6258754730225 10.5472726821899 10.4686689376831 10.3900661468506 10.3114633560181 10.2328605651855 10.154257774353 10.0805244445801 10.0213975906372 9.96227169036865 9.90314483642578 9.84401798248291 9.78489208221436 9.72576522827148 9.66663837432861 9.6850175857544 9.72923278808594 9.77344799041748 9.81766223907471 9.86187744140625 9.90609264373779 9.95030689239502 9.99351978302002 10.0337285995483 10.0739364624023 10.1141443252563 10.1543531417847 10.1945610046387 10.2347688674927 10.274977684021 10.3802080154419 10.5071134567261 10.6340179443359 10.7609233856201 10.88782787323 11.0147333145142 11.141637802124 11.2573595046997 11.3395299911499 11.4217004776001 11.5038719177246 11.5860424041748
10.870623588562 10.7995853424072 10.7285461425781 10.657506942749 10.5844945907593 10.5108232498169 10.4371519088745 10.3634805679321 10.2898101806641 10.2161388397217 10.1424674987793 10.0749111175537 10.0257005691528 9.97649002075195 9.92727851867676 9.87806797027588 9.828857421875 9.7796459197998 9.73043537139893 9.75350570678711 9.8006706237793 9.84783458709717 9.89499950408936 9.94216442108154 9.98932838439941 10.0364933013916 10.0818099975586 10.1215839385986 10.1613578796387 10.2011308670044 10.2409048080444 10.2806787490845 10.3204526901245 10.3602266311646 10.4590301513672 10.5775098800659 10.695990562439 10.814471244812 10.9329519271851 11.0514316558838 11.1699123382568 11.2806415557861 11.3681182861328 11.4555959701538 11.5430727005005 11.6305494308472
10.8480386734009 10.7700786590576 10.6921186447144 10.6141576766968 10.5431137084961 10.4743738174438 10.4056348800659 10.3368949890137 10.2681560516357 10.1994161605835 10.1306772232056 10.0692987442017 10.0300035476685 9.99070835113525 9.95141315460205 9.91211795806885 9.87282276153564 9.83352756500244 9.79423236846924 9.82199382781982 9.87210845947266 9.92222213745117 9.972336769104 10.0224504470825 10.0725650787354 10.1226787567139 10.1700992584229 10.2094392776489 10.2487783432007 10.2881174087524 10.3274574279785 10.3667964935303 10.406135559082 10.4454746246338 10.5378513336182 10.6479072570801 10.757963180542 10.8680191040039 10.9780750274658 11.0881309509277 11.1981868743896 11.3039245605469 11.39670753479 11.4894905090332 11.5822734832764 11.6750564575195
10.8254537582397 10.740571975708 10.6556911468506 10.5708093643188 10.5017328262329 10.4379253387451 10.374116897583 10.3103094100952 10.2465019226074 10.1826944351196 10.1188869476318 10.0636854171753 10.0343065261841 10.0049266815186 9.97554683685303 9.9461669921875 9.91678810119629 9.88740825653076 9.85802841186523 9.89048194885254 9.9435453414917 9.99660968780518 10.0496730804443 10.1027374267578 10.155800819397 10.2088651657104 10.2583894729614 10.2972946166992 10.3361988067627 10.3751039505005 10.4140090942383 10.4529142379761 10.4918193817139 10.5307235717773 10.6166734695435 10.7183046340942 10.819935798645 10.9215669631958 11.0231981277466 11.1248302459717 11.2264614105225 11.3272066116333 11.425295829773 11.5233850479126 11.6214742660522 11.7195634841919
10.8028688430786 10.7110662460327 10.6192626953125 10.5274600982666 10.4603519439697 10.4014759063721 10.3425998687744 10.2837238311768 10.2248477935791 10.1659717559814 10.1070957183838 10.0580730438232 10.0386085510254 10.0191450119019 9.99968147277832 9.98021697998047 9.96075344085693 9.94128894805908 9.92182540893555 9.95896911621094 10.0149831771851 10.0709962844849 10.127010345459 10.1830244064331 10.2390375137329 10.295051574707 10.3466787338257 10.3851499557495 10.423620223999 10.4620904922485 10.500560760498 10.5390319824219 10.5775022506714 10.6159725189209 10.6954956054688 10.7887020111084 10.881908416748 10.975115776062 11.0683221817017 11.1615285873413 11.2547359466553 11.350489616394 11.4538850784302 11.5572805404663 11.6606760025024 11.7640714645386
10.7802839279175 10.6815595626831 10.5828351974487 10.4841108322144 10.4189710617065 10.365026473999 10.3110828399658 10.2571382522583 10.2031936645508 10.1492500305176 10.0953054428101 10.0524597167969 10.042911529541 10.0333633422852 10.0238151550293 10.0142669677734 10.0047187805176 9.99517059326172 9.98562240600586 10.0274572372437 10.0864210128784 10.1453838348389 10.2043476104736 10.2633104324341 10.3222742080688 10.3812370300293 10.4349689483643 10.4730052947998 10.511040687561 10.5490770339966 10.5871133804321 10.6251497268677 10.6631851196289 10.7012214660645 10.7743167877197 10.8590993881226 10.9438810348511 11.0286636352539 11.1134452819824 11.1982278823853 11.2830095291138 11.3737716674805 11.4824733734131 11.5911750793457 11.6998767852783 11.8085784912109
10.6820087432861 10.5828123092651 10.4836149215698 10.3844184875488 10.3246831893921 10.2781028747559 10.2315216064453 10.1849412918091 10.1383609771729 10.0917797088623 10.0451993942261 10.0093803405762 10.0058488845825 10.0023174285889 9.99878692626953 9.99525547027588 9.99172401428223 9.98819255828857 9.98466110229492 10.030403137207 10.0925703048706 10.1547365188599 10.2169027328491 10.2790699005127 10.341236114502 10.4034032821655 10.4610986709595 10.5053806304932 10.5496625900269 10.5939445495605 10.6382265090942 10.6825084686279 10.7267904281616 10.7710723876953 10.8455266952515 10.9300384521484 11.0145492553711 11.0990610122681 11.1835718154907 11.2680835723877 11.3525943756104 11.4430561065674 11.5513687133789 11.6596803665161 11.7679929733276 11.8763046264648
10.5080423355103 10.4148225784302 10.3216028213501 10.22838306427 10.1774892807007 10.1407041549683 10.1039180755615 10.0671329498291 10.0303478240967 9.99356174468994 9.95677661895752 9.92883491516113 9.92742156982422 9.9260082244873 9.92459487915039 9.92318248748779 9.92176914215088 9.92035579681396 9.91894245147705 9.96780681610107 10.0334310531616 10.0990543365479 10.1646776199341 10.2303018569946 10.2959251403809 10.3615484237671 10.4250688552856 10.4822769165039 10.5394849777222 10.5966930389404 10.653902053833 10.7111101150513 10.7683181762695 10.8255262374878 10.9091243743896 11.0015182495117 11.0939121246338 11.1863069534302 11.2787008285522 11.3710947036743 11.4634895324707 11.5583419799805 11.660569190979 11.7627964019775 11.8650236129761 11.9672508239746
10.3340768814087 10.2468338012695 10.1595907211304 10.0723476409912 10.030294418335 10.0033044815063 9.97631454467773 9.94932460784912 9.92233467102051 9.8953447341919 9.86835479736328 9.84828853607178 9.8489933013916 9.84969902038574 9.85040378570557 9.85110950469971 9.85181427001953 9.85251903533936 9.8532247543335 9.90521144866943 9.97429180145264 10.0433721542358 10.112452507019 10.1815338134766 10.2506141662598 10.319694519043 10.3890390396118 10.4591732025146 10.5293073654175 10.5994424819946 10.6695766448975 10.7397108078003 10.8098459243774 10.8799800872803 10.9727210998535 11.0729990005493 11.1732759475708 11.2735528945923 11.3738298416138 11.4741067886353 11.5743837356567 11.6736278533936 11.7697696685791 11.865912437439 11.9620552062988 12.0581970214844
10.1601104736328 10.0788440704346 9.99757862091064 9.9163122177124 9.88310050964355 9.86590576171875 9.84871101379395 9.83151626586914 9.81432151794434 9.79712677001953 9.77993202209473 9.76774215698242 9.7705659866333 9.77338886260986 9.77621269226074 9.7790355682373 9.78185939788818 9.78468322753906 9.78750610351562 9.84261512756348 9.91515254974365 9.98768997192383 10.060227394104 10.1327657699585 10.2053031921387 10.2778406143188 10.353009223938 10.4360694885254 10.5191297531128 10.6021909713745 10.6852512359619 10.7683124542236 10.851372718811 10.9344339370728 11.0363187789917 11.1444787979126 11.2526388168335 11.3607988357544 11.4689588546753 11.5771188735962 11.6852788925171 11.7889137268066 11.8789710998535 11.9690284729004 12.0590858459473 12.1491432189941
