data/working_set_collections/6091692-Cassins_Sparrow-M2/2005/tautot_avg.asc
NCOLS 265 
NROWS 230 
XLLCORNER -115.5625 
YLLCORNER 24.8333333333333 
CELLSIZE 0.0833333333333333 
NODATA_value -9999 
[rows 80 to 99 of 230, columns 184 to 229 of 265]
11.3293380737305 11.4423379898071 11.5553388595581 11.6749963760376 11.7968740463257 11.9187517166138 12.0406293869019 12.1625070571899 12.284384727478 12.4062623977661 12.5279998779297 12.649317741394 12.7706356048584 12.8919534683228 13.0132722854614 13.1345901489258 13.2559080123901 13.3772258758545 13.4810724258423 13.5790958404541 13.6771183013916 13.7751417160034 13.8731641769409 13.9711875915527 14.0692100524902 14.1693286895752 14.2757349014282 14.3821401596069 14.48854637146 14.5949516296387 14.7013578414917 14.8077630996704 14.9141693115234 15.0250234603882 15.1373605728149 15.249698638916 15.3620357513428 15.4743738174438 15.5867109298706 15.6990480422974 15.8083238601685 15.908411026001 16.0084991455078 16.1085872650146 16.2086734771729 16.3087615966797
11.2727584838867 11.3773241043091 11.4818906784058 11.5987596511841 11.7197303771973 11.8407011032104 11.9616718292236 12.0826425552368 12.20361328125 12.3245840072632 12.4456129074097 12.566819190979 12.6880254745483 12.8092317581177 12.9304370880127 13.051643371582 13.1728496551514 13.2940559387207 13.3966283798218 13.4929895401001 13.5893516540527 13.6857128143311 13.7820749282837 13.878436088562 13.9747972488403 14.0739583969116 14.1815176010132 14.2890768051147 14.3966360092163 14.5041942596436 14.6117534637451 14.7193126678467 14.8268718719482 14.9427642822266 15.0614337921143 15.180103302002 15.298773765564 15.4174432754517 15.5361137390137 15.6547832489014 15.7696962356567 15.8733377456665 15.9769792556763 16.0806217193604 16.1842632293701 16.2879047393799
11.216178894043 11.312310218811 11.4084415435791 11.5225229263306 11.6425867080688 11.7626504898071 11.8827142715454 12.0027780532837 12.122841835022 12.2429056167603 12.363226890564 12.484320640564 12.6054153442383 12.7265090942383 12.8476028442383 12.9686975479126 13.0897912979126 13.2108850479126 13.3121843338013 13.4068841934204 13.5015840530396 13.5962839126587 13.6909847259521 13.7856845855713 13.8803844451904 13.978588104248 14.0873003005981 14.1960124969482 14.3047246932983 14.4134368896484 14.5221500396729 14.630862236023 14.739574432373 14.8605041503906 14.9855060577393 15.1105089187622 15.2355108261108 15.3605136871338 15.4855155944824 15.6105175018311 15.731068611145 15.838264465332 15.945460319519 16.0526561737061 16.1598529815674 16.2670478820801
11.1595993041992 11.247296333313 11.3349933624268 11.4462852478027 11.5654420852661 11.6845998764038 11.8037567138672 11.9229135513306 12.0420703887939 12.1612272262573 12.2808399200439 12.4018220901489 12.5228042602539 12.6437864303589 12.7647686004639 12.8857507705688 13.0067329406738 13.1277151107788 13.2277393341064 13.3207788467407 13.4138174057007 13.5068559646606 13.5998945236206 13.6929330825806 13.7859716415405 13.8832168579102 13.9930830001831 14.1029491424561 14.2128143310547 14.3226804733276 14.4325456619263 14.5424118041992 14.6522769927979 14.778244972229 14.9095792770386 15.0409135818481 15.172248840332 15.3035831451416 15.4349184036255 15.5662527084351 15.6924409866333 15.8031911849976 15.9139413833618 16.0246906280518 16.135440826416 16.2461910247803
11.173975944519 11.2571258544922 11.3402757644653 11.4472761154175 11.5622272491455 11.6771774291992 11.7921285629272 11.907078742981 12.022029876709 12.136981010437 12.2523202896118 12.3688287734985 12.4853363037109 12.6018438339233 12.7183523178101 12.8348598480225 12.9513673782349 13.0678758621216 13.168568611145 13.2639894485474 13.3594102859497 13.4548320770264 13.5502529144287 13.6456737518311 13.7410955429077 13.8404054641724 13.9513826370239 14.0623607635498 14.1733379364014 14.2843160629272 14.3952932357788 14.5062704086304 14.6172485351562 14.7430953979492 14.8738994598389 15.0047035217285 15.1355066299438 15.2663106918335 15.3971147537231 15.5279178619385 15.6544160842896 15.7679967880249 15.8815774917603 15.9951572418213 16.1087379455566 16.222318649292
11.2593088150024 11.3417978286743 11.4242877960205 11.5254936218262 11.6329393386841 11.740385055542 11.8478298187256 11.9552755355835 12.0627212524414 12.170166015625 12.2776679992676 12.3853397369385 12.4930105209351 12.600682258606 12.7083530426025 12.8160238265991 12.92369556427 13.0313663482666 13.1346702575684 13.2365169525146 13.3383646011353 13.4402122497559 13.5420598983765 13.6439075469971 13.7457542419434 13.850152015686 13.9622001647949 14.0742483139038 14.1862964630127 14.2983446121216 14.4103927612305 14.522439956665 14.6344881057739 14.7550573348999 14.8784666061401 15.0018768310547 15.1252861022949 15.2486953735352 15.3721046447754 15.4955148696899 15.6169939041138 15.7326812744141 15.8483686447144 15.9640560150146 16.0797424316406 16.1954307556152
11.3446416854858 11.4264707565308 11.5082998275757 11.6037120819092 11.7036514282227 11.8035917282104 11.9035320281982 12.003472328186 12.1034116744995 12.2033519744873 12.3030157089233 12.4018507003784 12.5006847381592 12.5995197296143 12.698353767395 12.7971887588501 12.8960227966309 12.9948577880859 13.1007709503174 13.2090454101562 13.3173189163208 13.4255924224854 13.5338668823242 13.6421403884888 13.7504138946533 13.8598985671997 13.9730176925659 14.0861358642578 14.1992540359497 14.3123731613159 14.4254913330078 14.5386095046997 14.6517286300659 14.7670192718506 14.8830347061157 14.9990501403809 15.1150646209717 15.2310800552368 15.347095489502 15.4631109237671 15.5795707702637 15.6973648071289 15.8151588439941 15.9329538345337 16.0507488250732 16.1685428619385
11.4299745559692 11.5111427307129 11.5923118591309 11.6819295883179 11.7743644714355 11.8667993545532 11.9592342376709 12.0516681671143 12.1441030502319 12.2365379333496 12.3283634185791 12.4183616638184 12.5083589553833 12.5983572006226 12.6883544921875 12.7783527374268 12.868350982666 12.958348274231 13.0668725967407 13.1815729141235 13.2962732315063 13.4109735488892 13.5256729125977 13.6403732299805 13.7550735473633 13.8696460723877 13.9838352203369 14.0980234146118 14.212212562561 14.3264017105103 14.4405908584595 14.5547790527344 14.6689682006836 14.7789812088013 14.887601852417 14.996223449707 15.1048440933228 15.2134647369385 15.3220863342285 15.4307069778442 15.5421476364136 15.6620492935181 15.7819499969482 15.9018516540527 16.0217533111572 16.1416530609131
11.5153064727783 11.595814704895 11.6763229370117 11.7601470947266 11.8450765609741 11.9300060272217 12.0149354934692 12.0998649597168 12.1847944259644 12.2697238922119 12.3537111282349 12.4348726272583 12.5160331726074 12.5971946716309 12.6783561706543 12.7595167160034 12.8406782150269 12.9218397140503 13.0329742431641 13.1541004180908 13.2752275466919 13.3963537216187 13.5174798965454 13.6386070251465 13.7597332000732 13.8793926239014 13.9946517944336 14.1099109649658 14.2251710891724 14.3404302597046 14.4556894302368 14.570948600769 14.6862077713013 14.790943145752 14.8921699523926 14.9933967590332 15.0946235656738 15.1958503723145 15.2970762252808 15.3983030319214 15.5047254562378 15.6267337799072 15.7487411499023 15.8707494735718 15.9927577972412 16.1147651672363
11.6006393432617 11.6804876327515 11.7603349685669 11.8383655548096 11.915789604187 11.9932136535645 12.0706377029419 12.1480617523193 12.2254858016968 12.3029098510742 12.3790588378906 12.4513835906982 12.5237073898315 12.5960321426392 12.6683568954468 12.7406816482544 12.8130054473877 12.8853302001953 12.9990758895874 13.1266288757324 13.2541818618774 13.3817338943481 13.5092868804932 13.6368398666382 13.7643928527832 13.889139175415 14.0054693222046 14.1217994689941 14.2381286621094 14.3544588088989 14.4707889556885 14.5871181488037 14.7034482955933 14.8029050827026 14.8967370986938 14.9905700683594 15.0844020843506 15.1782350540161 15.2720670700073 15.3659000396729 15.4673023223877 15.5914173126221 15.7155323028564 15.8396472930908 15.9637622833252 16.0878772735596
11.668212890625 11.7503833770752 11.8325538635254 11.909743309021 11.9852724075317 12.0608005523682 12.1363286972046 12.2118577957153 12.2873859405518 12.3629150390625 12.4369974136353 12.5067415237427 12.5764856338501 12.6462297439575 12.7159729003906 12.785717010498 12.8554611206055 12.9252052307129 13.0323715209961 13.1520128250122 13.271653175354 13.3912935256958 13.5109338760376 13.6305751800537 13.7502155303955 13.8700332641602 13.9903812408447 14.1107292175293 14.2310771942139 14.3514251708984 14.4717741012573 14.5921220779419 14.7124700546265 14.8113870620728 14.9031610488892 14.9949350357056 15.086709022522 15.1784830093384 15.2702569961548 15.3620309829712 15.4618129730225 15.585620880127 15.7094278335571 15.8332357406616 15.9570436477661 16.0808506011963
11.7180261611938 11.8055028915405 11.8929796218872 11.9742813110352 12.0535249710083 12.1327676773071 12.212010383606 12.2912540435791 12.3704967498779 12.4497394561768 12.5275268554688 12.6009464263916 12.6743659973145 12.7477865219116 12.8212060928345 12.8946256637573 12.9680452346802 13.041464805603 13.1328620910645 13.2302522659302 13.3276424407959 13.4250316619873 13.522421836853 13.6198120117188 13.7172021865845 13.8220729827881 13.949387550354 14.0767021179199 14.2040157318115 14.3313302993774 14.4586448669434 14.5859594345093 14.7132740020752 14.8163900375366 14.9114418029785 15.0064926147461 15.1015434265137 15.1965951919556 15.2916460037231 15.3866968154907 15.4882564544678 15.6093425750732 15.7304286956787 15.8515148162842 15.9725999832153 16.0936870574951
11.7678394317627 11.8606224060059 11.953405380249 12.0388193130493 12.1217775344849 12.2047348022461 12.2876920700073 12.3706502914429 12.4536075592041 12.5365648269653 12.6180572509766 12.6951522827148 12.7722473144531 12.8493432998657 12.926438331604 13.0035333633423 13.0806283950806 13.1577243804932 13.2333526611328 13.3084917068481 13.3836307525635 13.4587707519531 13.5339097976685 13.6090488433838 13.6841888427734 13.7741136550903 13.9083938598633 14.0426740646362 14.1769552230835 14.3112354278564 14.4455165863037 14.5797967910767 14.7140769958496 14.8213939666748 14.9197216033936 15.0180501937866 15.1163787841797 15.2147064208984 15.3130350112915 15.4113636016846 15.5147008895874 15.6330642700195 15.751428604126 15.8697929382324 15.9881572723389 16.1065216064453
11.8176527023315 11.9157419204712 12.0138311386108 12.1033582687378 12.1900300979614 12.2767019271851 12.3633737564087 12.4500455856323 12.5367183685303 12.6233901977539 12.7085866928101 12.7893581390381 12.8701286315918 12.9509000778198 13.0316705703735 13.1124420166016 13.1932125091553 13.2739839553833 13.3338432312012 13.3867311477661 13.4396200180054 13.4925088882446 13.5453977584839 13.5982866287231 13.6511754989624 13.7261533737183 13.8674001693726 14.0086469650269 14.1498937606812 14.2911405563354 14.4323873519897 14.573634147644 14.7148809432983 14.8263969421387 14.9280023574829 15.0296077728271 15.1312131881714 15.2328186035156 15.3344240188599 15.4360294342041 15.5411443710327 15.6567869186401 15.7724294662476 15.888072013855 16.0037136077881 16.1193561553955
11.8674669265747 11.9708623886108 12.074257850647 12.167896270752 12.258282661438 12.348669052124 12.4390554428101 12.5294418334961 12.6198282241821 12.7102146148682 12.7991161346436 12.883563041687 12.9680099487305 13.0524568557739 13.1369028091431 13.2213497161865 13.30579662323 13.3902425765991 13.4343328475952 13.4649715423584 13.4956092834473 13.5262470245361 13.5568857192993 13.5875234603882 13.6181621551514 13.6781940460205 13.8264064788818 13.9746198654175 14.1228322982788 14.2710456848145 14.4192581176758 14.5674715042114 14.7156848907471 14.8313999176025 14.936282157898 15.0411653518677 15.1460475921631 15.2509307861328 15.3558130264282 15.4606952667236 15.567587852478 15.6805086135864 15.7934293746948 15.9063501358032 16.0192718505859 16.1321926116943
11.9172801971436 12.0259819030762 12.1346836090088 12.2324342727661 12.3265352249146 12.420636177063 12.5147371292114 12.6088380813599 12.7029390335083 12.7970399856567 12.8896465301514 12.9777688980103 13.0658912658691 13.154013633728 13.2421350479126 13.3302574157715 13.4183797836304 13.5065021514893 13.5348234176636 13.5432109832764 13.5515985488892 13.559986114502 13.5683736801147 13.5767612457275 13.5851488113403 13.6302337646484 13.7854127883911 13.9405918121338 14.0957717895508 14.2509508132935 14.4061298370361 14.5613088607788 14.7164878845215 14.8364028930664 14.9445629119873 15.0527229309082 15.1608819961548 15.2690420150757 15.3772020339966 15.4853620529175 15.5940313339233 15.7042303085327 15.8144302368164 15.9246292114258 16.0348281860352 16.1450271606445
11.9846172332764 12.0929298400879 12.2012414932251 12.2978229522705 12.3904943466187 12.4831657409668 12.5758371353149 12.6685085296631 12.7611799240112 12.8538513183594 12.9461145401001 13.0371561050415 13.1281976699829 13.2192392349243 13.31028175354 13.4013233184814 13.4923648834229 13.5834064483643 13.6091403961182 13.6131057739258 13.6170701980591 13.6210355758667 13.6250009536743 13.6289663314819 13.6329307556152 13.6745767593384 13.8292646408081 13.9839525222778 14.1386404037476 14.2933282852173 14.4480152130127 14.6027030944824 14.7573909759521 14.8757343292236 14.9819622039795 15.0881900787354 15.1944179534912 15.3006458282471 15.4068737030029 15.5131015777588 15.6198101043701 15.7279586791992 15.8361072540283 15.9442558288574 16.0524044036865 16.1605529785156
12.0694789886475 12.171706199646 12.2739334106445 12.3640632629395 12.4501609802246 12.5362577438354 12.6223554611206 12.7084531784058 12.7945508956909 12.8806476593018 12.9685220718384 13.0617265701294 13.1549310684204 13.2481355667114 13.3413410186768 13.4345455169678 13.5277500152588 13.6209545135498 13.657283782959 13.6746549606323 13.6920261383057 13.7093963623047 13.726767539978 13.7441387176514 13.7615089416504 13.811222076416 13.9579610824585 14.104700088501 14.2514381408691 14.3981771469116 14.5449161529541 14.6916551589966 14.8383941650391 14.9493932723999 15.0484809875488 15.1475677490234 15.246654510498 15.3457412719727 15.4448289871216 15.5439157485962 15.644923210144 15.7516927719116 15.8584623336792 15.9652318954468 16.07200050354 16.1787700653076
12.1543397903442 12.2504825592041 12.346625328064 12.4303035736084 12.5098266601562 12.5893507003784 12.6688737869263 12.7483978271484 12.8279209136963 12.9074449539185 12.9909296035767 13.0862970352173 13.1816644668579 13.2770318984985 13.3724002838135 13.4677677154541 13.5631351470947 13.6585025787354 13.7054271697998 13.7362041473389 13.7669811248779 13.7977571487427 13.8285341262817 13.8593111038208 13.8900880813599 13.9478673934937 14.0866575241089 14.2254476547241 14.364236831665 14.5030269622803 14.6418170928955 14.7806062698364 14.9193964004517 15.0230531692505 15.1149988174438 15.2069454193115 15.2988910675049 15.3908376693726 15.4827833175659 15.5747289657593 15.670036315918 15.775426864624 15.8808164596558 15.9862070083618 16.0915966033936 16.1969871520996
12.2392015457153 12.3292589187622 12.4193162918091 12.496542930603 12.5694932937622 12.6424427032471 12.7153921127319 12.7883424758911 12.861291885376 12.9342412948608 13.0133361816406 13.1108675003052 13.2083978652954 13.3059282302856 13.4034595489502 13.5009899139404 13.5985202789307 13.6960515975952 13.7535705566406 13.7977533340454 13.8419361114502 13.886118888855 13.9303007125854 13.9744834899902 14.018666267395 14.0845136642456 14.2153539657593 14.3461952209473 14.4770355224609 14.6078767776489 14.7387170791626 14.8695583343506 15.0003986358643 15.0967130661011 15.1815176010132 15.2663230895996 15.3511276245117 15.4359331130981 15.5207376480103 15.6055431365967 15.6951494216919 15.7991609573364 15.9031715393066 16.0071830749512 16.1111927032471 16.2152042388916
