data/working_set_collections/6091692-Cassins_Sparrow-M2/2005/ts_avg.asc
NCOLS 265 
NROWS 230 
XLLCORNER -115.5625 
YLLCORNER 24.8333333333333 
CELLSIZE 0.0833333333333333 
NODATA_value -9999 
[rows 140 to 159 of 230, columns 0 to 45 of 265]
296.154602050781 296.334442138672 296.514312744141 296.694183349609 296.874053955078 297.053924560547 297.233795166016 297.173034667969 297.032073974609 296.89111328125 296.750152587891 296.609191894531 296.46826171875 296.327301025391 296.22265625 296.226989746094 296.231323242188 296.235656738281 296.239990234375 296.244354248047 296.248687744141 296.253021240234 296.276428222656 296.306182861328 296.3359375 296.36572265625 296.395477294922 296.425231933594 296.454986572266 296.440093994141 296.291229248047 296.142333984375 295.993469238281 295.844573974609 295.695709228516 295.546813964844 295.39794921875 295.32373046875 295.274383544922 295.225036621094 295.175720214844 295.126373291016 295.077026367188 295.027709960938 294.955383300781 294.814086914062
295.855224609375 296.090637207031 296.326049804688 296.561462402344 296.796875 297.032287597656 297.267700195312 297.208251953125 297.050537109375 296.892852783203 296.735137939453 296.577423095703 296.419708251953 296.261993408203 296.148071289062 296.165405273438 296.182739257812 296.200103759766 296.217437744141 296.234802246094 296.252136230469 296.269500732422 296.290496826172 296.312744140625 296.334991455078 296.357238769531 296.379486083984 296.401733398438 296.423980712891 296.404571533203 296.260162353516 296.115783691406 295.971374511719 295.826965332031 295.682556152344 295.538177490234 295.393768310547 295.303375244141 295.231018066406 295.158630371094 295.086273193359 295.013885498047 294.941528320312 294.869171142578 294.777862548828 294.6298828125
295.555847167969 295.846801757812 296.137756347656 296.4287109375 296.719665527344 297.010620117188 297.301574707031 297.243469238281 297.069030761719 296.894561767578 296.720092773438 296.545654296875 296.371185302734 296.196716308594 296.073455810547 296.103820800781 296.134185791016 296.164520263672 296.194885253906 296.225250244141 296.255615234375 296.285980224609 296.304595947266 296.3193359375 296.334075927734 296.348785400391 296.363525390625 296.378265380859 296.392974853516 296.369049072266 296.229125976562 296.089202880859 295.949279785156 295.809356689453 295.66943359375 295.529510498047 295.389587402344 295.283050537109 295.187652587891 295.092224121094 294.996826171875 294.901428222656 294.806030273438 294.710601806641 294.600372314453 294.445648193359
295.256500244141 295.602996826172 295.949493408203 296.295989990234 296.642486572266 296.988983154297 297.335479736328 297.278717041016 297.087493896484 296.896270751953 296.705078125 296.513854980469 296.322631835938 296.131439208984 295.998870849609 296.042236328125 296.085601806641 296.128967285156 296.172332763672 296.215698242188 296.259063720703 296.302429199219 296.318695068359 296.325897216797 296.333129882812 296.34033203125 296.347534179688 296.354766845703 296.361968994141 296.333526611328 296.198089599609 296.062622070312 295.927185058594 295.791748046875 295.656280517578 295.520843505859 295.385406494141 295.2626953125 295.144256591797 295.025817871094 294.907379150391 294.788940429688 294.670501708984 294.552062988281 294.422882080078 294.261444091797
294.931610107422 295.327819824219 295.723999023438 296.120208740234 296.516418457031 296.912628173828 297.308807373047 297.265228271484 297.075012207031 296.884826660156 296.694610595703 296.504425048828 296.314208984375 296.1240234375 295.993072509766 296.039825439453 296.086608886719 296.133392333984 296.180145263672 296.226928710938 296.273712158203 296.320465087891 296.335021972656 296.338836669922 296.342681884766 296.346496582031 296.350311279297 296.354125976562 296.357940673828 296.328704833984 296.200256347656 296.07177734375 295.943328857422 295.814849853516 295.686401367188 295.557952880859 295.429473876953 295.292419433594 295.152465820312 295.012542724609 294.872589111328 294.732635498047 294.592712402344 294.452758789062 294.304809570312 294.132751464844
294.581176757812 295.021240234375 295.461303710938 295.9013671875 296.341430664062 296.781494140625 297.221557617188 297.203002929688 297.031585693359 296.860168457031 296.688751220703 296.517333984375 296.345916748047 296.174499511719 296.056060791016 296.096618652344 296.13720703125 296.177764892578 296.218353271484 296.258911132812 296.299468994141 296.340057373047 296.353607177734 296.358154296875 296.362701416016 296.367248535156 296.371826171875 296.376373291016 296.380920410156 296.354583740234 296.235626220703 296.116668701172 295.997711181641 295.878723144531 295.759765625 295.640808105469 295.521850585938 295.372161865234 295.212249755859 295.052337646484 294.892425537109 294.732513427734 294.572601318359 294.412689208984 294.246124267578 294.059600830078
294.230743408203 294.714660644531 295.198608398438 295.682525634766 296.166442871094 296.650360107422 297.134307861328 297.140808105469 296.988159179688 296.835510253906 296.682861328125 296.530242919922 296.377593994141 296.224945068359 296.119049072266 296.153442382812 296.187805175781 296.22216796875 296.256530761719 296.290893554688 296.325256347656 296.359619140625 296.372192382812 296.377471923828 296.382751464844 296.388031005859 296.393310546875 296.398620605469 296.403900146484 296.380493164062 296.271026611328 296.161560058594 296.052062988281 295.942596435547 295.833129882812 295.723663330078 295.614196777344 295.451904296875 295.272033691406 295.092163085938 294.912261962891 294.732391357422 294.552520751953 294.372619628906 294.187469482422 293.986450195312
293.880310058594 294.408111572266 294.935882568359 295.463684082031 295.991455078125 296.519256591797 297.047027587891 297.078582763672 296.944732666016 -9999 296.677001953125 -9999 -9999 296.275421142578 296.182067871094 296.210235595703 296.238372802734 296.266540527344 296.294708251953 296.322875976562 296.351043701172 296.379211425781 296.390747070312 296.396759033203 296.402801513672 296.408813476562 296.414825439453 296.420837402344 296.426849365234 296.406372070312 296.306396484375 296.206420898438 296.1064453125 296.006469726562 295.906494140625 295.806518554688 295.70654296875 295.531646728516 295.331817626953 295.131958007812 294.932098388672 294.732269287109 294.532409667969 294.332550048828 294.128784179688 293.913299560547
293.529907226562 294.101531982422 294.673187255859 295.244842529297 295.816497802734 296.388122558594 296.959777832031 297.016387939453 296.901306152344 -9999 -9999 -9999 -9999 -9999 296.245056152344 296.267028808594 296.288970947266 296.310943603516 296.332885742188 296.354858398438 296.376831054688 296.398773193359 296.409332275391 296.416076660156 296.422821044922 296.429565429688 296.436340332031 296.443084716797 296.449829101562 296.432281494141 296.341796875 296.251312255859 296.160827636719 296.070343017578 295.979858398438 295.889373779297 295.798889160156 295.611419677734 295.3916015625 295.171752929688 294.951934814453 294.732116699219 294.512298583984 294.29248046875 294.070129394531 293.840148925781
293.179473876953 293.794982910156 294.410491943359 295.026000976562 295.641510009766 296.257019042969 296.872528076172 296.954162597656 296.857879638672 -9999 -9999 -9999 -9999 -9999 -9999 -9999 296.339569091797 296.355316162109 296.37109375 -9999 -9999 296.418365478516 296.427917480469 296.435394287109 296.44287109375 296.450347900391 296.457824707031 296.46533203125 296.472808837891 296.458160400391 296.377166748047 296.296203613281 296.215209960938 296.134216308594 296.05322265625 295.972229003906 295.891235351562 295.691162109375 295.451354980469 295.211578369141 294.971771240234 294.731994628906 294.492218017578 294.252410888672 294.011444091797 293.766998291016
292.8603515625 293.503479003906 294.146606445312 294.789733886719 295.432861328125 296.075988769531 296.719085693359 296.826049804688 296.754272460938 -9999 -9999 -9999 -9999 -9999 -9999 -9999 -9999 -9999 -9999 -9999 -9999 -9999 296.417907714844 296.430969238281 296.444030761719 296.457092285156 296.470153808594 296.483215332031 296.496276855469 296.488677978516 296.419097900391 296.349548339844 296.279968261719 296.210418701172 296.140838623047 296.071258544922 296.001708984375 295.803253173828 295.561859130859 295.320434570312 295.079040527344 294.837646484375 294.596221923828 294.354827880859 294.110534667969 293.857543945312
292.572570800781 293.22705078125 293.881561279297 294.536041259766 295.190521240234 295.845031738281 296.49951171875 296.631988525391 296.590484619141 -9999 -9999 -9999 -9999 -9999 -9999 -9999 -9999 -9999 -9999 -9999 -9999 -9999 -9999 296.402862548828 296.426330566406 296.449829101562 296.473297119141 296.496765136719 296.520263671875 296.523803710938 296.467590332031 296.411376953125 296.355133056641 296.298919677734 296.242706298828 296.186492919922 296.130279541016 295.947723388672 295.723052978516 295.498382568359 295.273712158203 295.049041748047 294.824401855469 294.599731445312 294.367340087891 294.11181640625
292.284790039062 292.950653076172 293.616516113281 294.282348632812 294.948211669922 295.614074707031 296.279937744141 296.437957763672 296.426696777344 -9999 -9999 -9999 -9999 -9999 -9999 -9999 -9999 -9999 -9999 -9999 -9999 -9999 -9999 -9999 -9999 296.442535400391 296.476440429688 296.510345458984 296.544219970703 296.558929443359 296.516052246094 296.473205566406 296.430328369141 296.387451171875 296.344573974609 296.301696777344 296.258819580078 296.092163085938 295.884246826172 295.676330566406 295.468383789062 295.260467529297 295.052551269531 294.844635009766 294.624176025391 294.366119384766
291.997009277344 292.674224853516 293.351440429688 294.028686523438 294.705902099609 295.383117675781 296.060363769531 296.243927001953 296.262908935547 -9999 -9999 -9999 -9999 -9999 -9999 -9999 -9999 -9999 -9999 -9999 -9999 -9999 -9999 -9999 -9999 -9999 -9999 -9999 -9999 296.594085693359 296.564544677734 296.535003662109 296.505493164062 296.475952148438 296.446441650391 296.416900634766 296.387390136719 296.236633300781 296.045440673828 295.854248046875 295.6630859375 295.471893310547 295.280700683594 295.089538574219 294.880981445312 294.620391845703
291.709197998047 292.397796630859 293.086395263672 293.774993896484 294.463592529297 295.152160644531 295.840759277344 296.049865722656 296.099151611328 -9999 -9999 -9999 -9999 -9999 -9999 -9999 -9999 -9999 -9999 -9999 -9999 -9999 -9999 -9999 -9999 -9999 -9999 -9999 -9999 296.629211425781 296.613037109375 296.596832275391 296.580657958984 296.564483642578 296.548309326172 296.532135009766 296.515960693359 296.381072998047 296.206634521484 296.032196044922 295.857757568359 295.683319091797 295.508880615234 295.334442138672 295.137817382812 294.874664306641
291.421417236328 292.121398925781 292.821350097656 293.521301269531 294.221252441406 294.921234130859 295.621185302734 295.855834960938 295.935363769531 -9999 -9999 -9999 -9999 -9999 -9999 -9999 -9999 -9999 -9999 -9999 -9999 -9999 -9999 -9999 -9999 -9999 -9999 -9999 -9999 296.664337158203 296.661499023438 296.658660888672 296.655822753906 296.653015136719 296.650177001953 296.647338867188 296.644500732422 296.525512695312 296.367828369141 296.210113525391 296.052429199219 295.894714355469 295.737030029297 295.579315185547 295.394622802734 295.128967285156
291.424346923828 292.095977783203 292.767608642578 293.439239501953 294.110870361328 294.782501220703 295.454132080078 295.704559326172 295.814575195312 295.924621582031 -9999 -9999 -9999 -9999 -9999 -9999 -9999 -9999 -9999 -9999 -9999 -9999 -9999 -9999 -9999 -9999 -9999 -9999 -9999 296.665466308594 296.672180175781 296.678894042969 296.685638427734 296.692352294922 296.699066162109 296.705780029297 296.712524414062 296.606750488281 296.463500976562 296.320251464844 296.177001953125 296.033782958984 295.890533447266 295.747283935547 295.575592041016 295.318664550781
291.718017578125 292.321594238281 292.925201416016 293.52880859375 294.132385253906 294.735992431641 295.339599609375 295.596069335938 295.73681640625 295.877593994141 -9999 -9999 -9999 -9999 -9999 -9999 -9999 -9999 -9999 -9999 -9999 -9999 -9999 -9999 -9999 -9999 -9999 -9999 -9999 296.632568359375 296.645050048828 296.657531738281 296.670013427734 296.682525634766 296.695007324219 296.707489013672 296.719970703125 296.624755859375 296.493682861328 296.362609863281 296.231506347656 296.100433349609 295.969360351562 295.838256835938 295.680725097656 295.443786621094
292.011657714844 292.547241210938 293.082794189453 293.618377685547 294.153930664062 294.689483642578 295.225067138672 295.487579345703 295.659057617188 295.830535888672 296.002044677734 -9999 -9999 -9999 -9999 -9999 -9999 -9999 -9999 -9999 -9999 -9999 -9999 -9999 -9999 -9999 -9999 -9999 -9999 296.599700927734 296.617950439453 296.636199951172 296.654418945312 296.672668457031 296.69091796875 296.709167480469 296.727416992188 296.642791748047 296.523864746094 296.404937744141 296.286010742188 296.167083740234 296.048187255859 295.929260253906 295.785827636719 295.568908691406
292.305328369141 292.772857666016 293.240386962891 293.707916259766 294.175445556641 294.643005371094 295.110534667969 295.379089355469 295.581298828125 295.783508300781 295.985717773438 296.187957763672 -9999 -9999 -9999 -9999 -9999 -9999 -9999 -9999 -9999 -9999 -9999 -9999 -9999 -9999 -9999 -9999 -9999 296.566802978516 296.5908203125 296.614837646484 296.638824462891 296.662841796875 296.686859130859 296.710845947266 296.73486328125 296.660797119141 296.554046630859 296.447265625 296.340515136719 296.233764648438 296.127014160156 296.020233154297 295.890960693359 295.694030761719
