data/working_set_collections/6091692-Cassins_Sparrow-M2/2005/ts_avg.asc
NCOLS 265 
NROWS 230 
XLLCORNER -115.5625 
YLLCORNER 24.8333333333333 
CELLSIZE 0.0833333333333333 
NODATA_value -9999 
[rows 60 to 79 of 230, columns 46 to 91 of 265]
280.588745117188 280.410247802734 280.231781005859 280.053283691406 279.874816894531 279.696319580078 280.100921630859 280.699890136719 281.298858642578 281.897827148438 282.496795654297 283.095764160156 283.694702148438 284.168090820312 284.264617919922 284.361175537109 284.457733154297 284.554290771484 284.650848388672 284.747406005859 284.843963623047 284.749145507812 284.590515136719 284.431915283203 284.273284912109 284.114685058594 283.9560546875 283.797454833984 283.633361816406 283.452911376953 283.272430419922 283.091979980469 282.911499023438 282.731048583984 282.550567626953 282.3701171875 282.093322753906 281.784454345703 281.4755859375 281.166687011719 280.857818603516 280.548919677734 280.240051269531 279.888641357422 279.409606933594 278.930603027344
280.249206542969 280.212493896484 280.175811767578 280.139129638672 280.102416992188 280.065734863281 280.479705810547 281.043884277344 281.608062744141 282.172271728516 282.736450195312 283.300628662109 283.864807128906 284.312866210938 284.412475585938 284.512115478516 284.611724853516 284.711364746094 284.810974121094 284.910583496094 285.010223388672 284.898345947266 284.716003417969 284.533630371094 284.351287841797 284.168914794922 283.986572265625 283.80419921875 283.613616943359 283.398406982422 283.183166503906 282.967956542969 282.752716064453 282.537506103516 282.322265625 282.107025146484 281.867492675781 281.619842529297 281.372222900391 281.124572753906 280.876922607422 280.629272460938 280.381622314453 280.070404052734 279.568450927734 279.066497802734
279.90966796875 280.014739990234 280.119842529297 280.224945068359 280.330047607422 280.435150146484 280.858489990234 281.387878417969 281.917297363281 282.446685791016 282.976104736328 283.505523681641 284.034912109375 284.457641601562 284.560333251953 284.663024902344 284.765716552734 284.868408203125 284.971099853516 285.073791503906 285.176483154297 285.047576904297 284.841461181641 284.635375976562 284.429260253906 284.223175048828 284.017059326172 283.810943603516 283.593872070312 283.343902587891 283.093902587891 282.843902587891 282.593933105469 282.343933105469 282.093963623047 281.843963623047 281.641662597656 281.455261230469 281.268829345703 281.082427978516 280.896026611328 280.709625244141 280.523223876953 280.252197265625 279.727294921875 279.202423095703
279.570129394531 279.817016601562 280.063903808594 280.310791015625 280.557678222656 280.804565429688 281.237243652344 281.731872558594 282.226501464844 282.721130371094 283.215759277344 283.710388183594 284.205017089844 284.602416992188 284.708190917969 284.81396484375 284.919708251953 285.025482177734 285.131225585938 285.236999511719 285.342742919922 285.196807861328 284.966949462891 284.737091064453 284.507263183594 284.277404785156 284.047546386719 283.817718505859 283.574127197266 283.289398193359 283.004638671875 282.719879150391 282.435150146484 282.150390625 281.865631103516 281.580902099609 281.415832519531 281.290649414062 281.165466308594 281.040313720703 280.915130615234 280.789947509766 280.664794921875 280.433959960938 279.886169433594 279.338348388672
279.230560302734 279.619262695312 280.007934570312 280.396606445312 280.785278320312 281.173950195312 281.616027832031 282.075866699219 282.535736083984 282.995574951172 283.455413818359 283.915283203125 284.375122070312 284.747222900391 284.856048583984 284.964874267578 285.073699951172 285.182525634766 285.291351318359 285.400177001953 285.509002685547 285.346038818359 285.092437744141 284.838836669922 284.585235595703 284.331634521484 284.078063964844 283.824462890625 283.554382324219 283.23486328125 282.915374755859 282.595855712891 282.276336669922 281.956848144531 281.637329101562 281.317810058594 281.189971923828 281.126037597656 281.062103271484 280.998168945312 280.934234619141 280.870300292969 280.806365966797 280.61572265625 280.045013427734 279.474273681641
278.891021728516 279.421508789062 279.951965332031 280.482421875 281.012908935547 281.543365478516 281.994781494141 282.419860839844 282.844940185547 283.27001953125 283.695068359375 284.120147705078 284.545227050781 284.891998291016 285.00390625 285.115783691406 285.227691650391 285.339599609375 285.451477050781 285.563385009766 285.67529296875 285.495239257812 285.217926025391 284.940582275391 284.663238525391 284.385894775391 284.108551025391 283.831207275391 283.534637451172 283.180358886719 282.826080322266 282.471832275391 282.117553710938 281.763275146484 281.409027099609 281.054748535156 280.964141845703 280.961456298828 280.958740234375 280.9560546875 280.953338623047 280.950653076172 280.947937011719 280.797515869141 280.203857421875 279.610198974609
278.869750976562 279.462097167969 280.054412841797 280.646759033203 281.239074707031 281.831420898438 282.278198242188 282.676452636719 283.07470703125 283.472961425781 283.871215820312 284.269470214844 284.667724609375 284.989837646484 285.08349609375 285.177185058594 285.270843505859 285.364532470703 285.458221435547 285.551879882812 285.645568847656 285.449737548828 285.157409667969 284.865112304688 284.572784423828 284.280456542969 283.988159179688 283.695831298828 283.390014648438 283.043670654297 282.697326660156 282.350982666016 282.004638671875 281.658294677734 281.311950683594 280.965606689453 280.854125976562 280.820922851562 280.787750244141 280.754547119141 280.721343994141 280.688171386719 280.654968261719 280.477874755859 279.869110107422 279.260314941406
279.166778564453 279.741027832031 280.315307617188 280.889556884766 281.463836669922 282.0380859375 282.466217041016 282.845611572266 283.225006103516 283.604400634766 283.983795166016 284.363189697266 284.742614746094 285.040679931641 285.094848632812 285.149017333984 285.203186035156 285.257354736328 285.3115234375 285.365692138672 285.419860839844 285.209503173828 284.910949707031 284.612426757812 284.313903808594 284.015380859375 283.716857910156 283.418334960938 283.120483398438 282.824768066406 282.529052734375 282.233337402344 281.937591552734 281.641876220703 281.346160888672 281.050415039062 280.859924316406 280.704528808594 280.549102783203 280.393676757812 280.23828125 280.082855224609 279.927459716797 279.656860351562 279.040771484375 278.424682617188
279.463775634766 280.019989013672 280.576171875 281.132385253906 281.688568115234 282.244750976562 282.654235839844 283.014770507812 283.375305175781 283.735870361328 284.096405029297 284.456939697266 284.817504882812 285.091552734375 285.106201171875 285.120880126953 285.135528564453 285.150177001953 285.164825439453 285.179473876953 285.194122314453 284.96923828125 284.664520263672 284.359771728516 284.055023193359 283.750305175781 283.445556640625 283.140808105469 282.850982666016 282.605865478516 282.360778808594 282.115661621094 281.870544433594 281.625457763672 281.380340576172 281.135223388672 280.86572265625 280.588104248047 280.310455322266 280.032836914062 279.755187988281 279.477569580078 279.199920654297 278.835845947266 278.212432861328 277.589019775391
279.760772705078 280.298919677734 280.837036132812 281.375183105469 281.913299560547 282.451446533203 282.842254638672 283.183929443359 283.525604248047 283.867309570312 284.208984375 284.550689697266 284.892364501953 285.142425537109 285.117584228516 285.092712402344 285.067840576172 285.042999267578 285.018127441406 284.993286132812 284.968414306641 284.72900390625 284.418060302734 284.107086181641 283.796142578125 283.485198974609 283.174255371094 282.863311767578 282.581481933594 282.386993408203 282.192504882812 281.998016357422 281.803527832031 281.609039306641 281.41455078125 281.220062255859 280.871551513672 280.4716796875 280.071838378906 279.671966552734 279.272125244141 278.872253417969 278.472412109375 278.014831542969 277.384094238281 276.753387451172
280.057800292969 280.577850341797 281.097930908203 281.617980957031 282.138061523438 282.658111572266 283.030242919922 283.353088378906 283.675933837891 283.998748779297 284.321594238281 284.644439697266 284.967254638672 285.193298339844 285.128936767578 285.064544677734 285.000183105469 284.935821533203 284.871459960938 284.807067871094 284.742706298828 284.488739013672 284.171600341797 283.854431152344 283.537261962891 283.220123291016 282.902954101562 282.585784912109 282.311950683594 282.168090820312 282.024230957031 281.880340576172 281.736480712891 281.592620849609 281.44873046875 281.304870605469 280.877349853516 280.355255126953 279.833190917969 279.311126708984 278.789031982422 278.266967773438 277.744873046875 277.193817138672 276.555755615234 275.917724609375
280.354797363281 280.856811523438 281.358795166016 281.860809326172 282.36279296875 282.864776611328 283.21826171875 283.522247314453 283.826232910156 284.130218505859 284.434204101562 284.738159179688 285.042144775391 285.244171142578 285.140289306641 285.036407470703 284.932525634766 284.828643798828 284.724761962891 284.620880126953 284.516998291016 284.248504638672 283.925140380859 283.601776123047 283.278381347656 282.955017089844 282.631652832031 282.308288574219 282.042449951172 281.949188232422 281.85595703125 281.7626953125 281.66943359375 281.576171875 281.482940673828 281.389678955078 280.883148193359 280.238861083984 279.594543457031 278.950256347656 278.305969238281 277.661651611328 277.017364501953 276.372802734375 275.727447509766 275.082061767578
280.796142578125 281.272521972656 281.748901367188 282.225280761719 282.701629638672 283.178009033203 283.507598876953 283.788238525391 284.068878173828 284.349548339844 284.630187988281 284.910827636719 285.191467285156 285.3701171875 285.242706298828 285.115264892578 284.987854003906 284.860443115234 284.733001708984 284.605590820312 284.478179931641 284.219085693359 283.916107177734 283.613098144531 283.310119628906 283.007141113281 282.704132080078 282.401153564453 282.150146484375 282.05517578125 281.960205078125 281.865203857422 281.770233154297 281.675231933594 281.580261230469 281.485290527344 280.9345703125 280.231964111328 279.529357910156 278.826751708984 278.124145507812 277.421539306641 276.718933105469 276.034698486328 275.405700683594 274.776702880859
281.3818359375 281.825012207031 282.268218994141 282.711395263672 283.154602050781 283.597778320312 283.898223876953 284.151062011719 284.403900146484 284.65673828125 284.909576416016 285.162414550781 285.415252685547 285.571136474609 285.436157226562 285.301177978516 285.166198730469 285.031219482422 284.896209716797 284.76123046875 284.626251220703 284.400482177734 284.144470214844 283.888458251953 283.632446289062 283.376403808594 283.120391845703 282.864379882812 282.635101318359 282.486022949219 282.336975097656 282.187896728516 282.038848876953 281.889801025391 281.74072265625 281.591674804688 281.031646728516 280.334625244141 279.637603759766 278.940612792969 278.243591308594 277.546569824219 276.849578857422 276.179565429688 275.590576171875 275.001586914062
281.967498779297 282.377502441406 282.787536621094 283.197540283203 283.607543945312 284.017547607422 284.288818359375 284.513854980469 284.738891601562 284.963928222656 285.18896484375 285.414001464844 285.639038085938 285.772186279297 285.629638671875 285.487060546875 285.344512939453 285.201965332031 285.059417724609 284.916870117188 284.774322509766 284.581909179688 284.372863769531 284.163787841797 283.954742431641 283.745697021484 283.536651611328 283.327606201172 283.120025634766 282.916870117188 282.713745117188 282.510620117188 282.307464599609 282.104339599609 281.901184082031 281.698059082031 281.128723144531 280.437286376953 279.745880126953 279.054473876953 278.363037109375 277.671630859375 276.980224609375 276.324401855469 275.775421142578 275.226470947266
282.553192138672 282.930023193359 283.306823730469 283.683654785156 284.060485839844 284.437316894531 284.679443359375 284.876678466797 285.073913574219 285.271118164062 285.468353271484 285.665588378906 285.862823486328 285.973205566406 285.823089599609 285.672973632812 285.522857666016 285.372741699219 285.222625732422 285.072509765625 284.922393798828 284.763305664062 284.601226806641 284.439147949219 284.277069091797 284.114990234375 283.952911376953 283.790802001953 283.604949951172 283.347747802734 283.090515136719 282.833312988281 282.576080322266 282.318878173828 282.061676025391 281.804443359375 281.225769042969 280.539947509766 279.854125976562 279.168304443359 278.482482910156 277.796661376953 277.11083984375 276.46923828125 275.960296630859 275.451354980469
283.138854980469 283.482513427734 283.826141357422 284.169799804688 284.513458251953 284.857086181641 285.070068359375 285.239471435547 285.408905029297 285.578338623047 285.747741699219 285.917175292969 286.086578369141 286.174224853516 286.016540527344 285.85888671875 285.701202392578 285.543518066406 285.385833740234 285.228149414062 285.070465087891 284.944732666016 284.829620361328 284.714508056641 284.599395751953 284.484252929688 284.369140625 284.254028320312 284.089874267578 283.778594970703 283.46728515625 283.156005859375 282.8447265625 282.533416748047 282.222137451172 281.910827636719 281.322845458984 280.642608642578 279.96240234375 279.282165527344 278.601959228516 277.921722412109 277.241485595703 276.614105224609 276.145172119141 275.676239013672
283.724548339844 284.035003662109 284.345458984375 284.655944824219 284.966400146484 285.27685546875 285.460693359375 285.602294921875 285.743896484375 285.885528564453 286.027130126953 286.168762207031 286.310363769531 286.375274658203 286.210021972656 286.044769287109 285.879516601562 285.714294433594 285.549041748047 285.3837890625 285.218566894531 285.126129150391 285.057983398438 284.989837646484 284.921691894531 284.853546142578 284.785400390625 284.717254638672 284.574798583984 284.209442138672 283.844085693359 283.478698730469 283.113342285156 282.747955322266 282.382598876953 282.017242431641 281.419921875 280.745300292969 280.070648193359 279.396026611328 278.721405029297 278.046783447266 277.372131347656 276.758941650391 276.330047607422 275.901123046875
284.16162109375 284.445037841797 284.728424072266 285.011840820312 285.295257568359 285.578643798828 285.728942871094 285.834838867188 285.940734863281 286.046630859375 286.152526855469 286.258453369141 286.364349365234 286.405548095703 286.252716064453 286.099853515625 285.946990966797 285.794128417969 285.641265869141 285.488433837891 285.335571289062 285.266815185547 285.226104736328 285.185363769531 285.144653320312 285.103942871094 285.063201904297 285.022491455078 284.898376464844 284.524078369141 284.149780273438 283.775451660156 283.401153564453 283.02685546875 282.652557373047 282.278228759766 281.714202880859 281.086944580078 280.459686279297 279.832397460938 279.205139160156 278.577880859375 277.950622558594 277.381103515625 276.984924316406 276.588745117188
284.450103759766 284.712554931641 284.975036621094 285.237518310547 285.5 285.762481689453 285.874816894531 285.937103271484 285.999389648438 286.061676025391 286.123962402344 286.186248779297 286.24853515625 286.265106201172 286.144592285156 286.024078369141 285.903564453125 285.783050537109 285.662536621094 285.542022705078 285.421508789062 285.366760253906 285.333923339844 285.301086425781 285.268249511719 285.235412597656 285.202575683594 285.169738769531 285.060607910156 284.722503662109 284.384399414062 284.046295166016 283.708190917969 283.370086669922 283.031982421875 282.693878173828 282.205749511719 281.667602539062 281.129455566406 280.59130859375 280.053161621094 279.515045166016 278.976898193359 278.480590820312 278.10986328125 277.739135742188
