data/working_set_collections/6091692-Cassins_Sparrow-M2/2005/ts_avg.asc
NCOLS 265 
NROWS 230 
XLLCORNER -115.5625 
YLLCORNER 24.8333333333333 
CELLSIZE 0.0833333333333333 
NODATA_value -9999 
[rows 20 to 39 of 230, columns 184 to 229 of 265]
283.520477294922 283.504791259766 283.489074707031 283.45849609375 283.422973632812 283.387451171875 283.351928710938 283.316375732422 283.280853271484 283.245330810547 283.214569091797 283.198181152344 283.181793212891 283.165405273438 283.149017333984 283.132629394531 283.116241455078 283.099853515625 283.085357666016 283.071472167969 283.057586669922 283.043701171875 283.029815673828 283.015930175781 283.002044677734 282.981658935547 282.941650390625 282.901641845703 282.861663818359 282.821655273438 282.781646728516 282.741638183594 282.70166015625 282.702178955078 282.716217041016 282.730255126953 282.744293212891 282.758361816406 282.772399902344 282.786437988281 282.801605224609 282.820251464844 282.8388671875 282.857513427734 282.876129150391 282.894775390625
283.538360595703 283.523468017578 283.508544921875 283.477600097656 283.441284179688 283.404968261719 283.36865234375 283.332366943359 283.296051025391 283.259735107422 283.228240966797 283.211212158203 283.194183349609 283.177154541016 283.160125732422 283.143127441406 283.126098632812 283.109069824219 283.090362548828 283.071105957031 283.051849365234 283.032592773438 283.013336181641 282.994079589844 282.974822998047 282.952545166016 282.921234130859 282.889923095703 282.858612060547 282.827301025391 282.795989990234 282.764678955078 282.733367919922 282.735473632812 282.748718261719 282.761962890625 282.775207519531 282.788452148438 282.801696777344 282.81494140625 282.830932617188 282.855133056641 282.879364013672 282.903594970703 282.927795410156 282.952026367188
283.556213378906 283.542114257812 283.528015136719 283.496704101562 283.459594726562 283.422515869141 283.385437011719 283.348327636719 283.311248779297 283.274169921875 283.241912841797 283.224243164062 283.206604003906 283.188934326172 283.171264648438 283.153594970703 283.135925292969 283.118255615234 283.095367431641 283.070739746094 283.046112060547 283.021484375 282.996856689453 282.972198486328 282.947570800781 282.923461914062 282.900817871094 282.878204345703 282.855560302734 282.832946777344 282.810302734375 282.787689208984 282.765045166016 282.768737792969 282.781188964844 282.793640136719 282.806091308594 282.818542480469 282.830993652344 282.843444824219 282.860229492188 282.890045166016 282.919830322266 282.949645996094 282.979461669922 283.00927734375
283.574096679688 283.560791015625 283.547515869141 283.515777587891 283.477905273438 283.440032958984 283.402160644531 283.364318847656 283.326446533203 283.28857421875 283.255584716797 283.2373046875 283.218994140625 283.20068359375 283.182373046875 283.1640625 283.145782470703 283.127471923828 283.100372314453 283.070373535156 283.040374755859 283.010375976562 282.980346679688 282.950347900391 282.920349121094 282.894348144531 282.880401611328 282.866455078125 282.8525390625 282.838592529297 282.824645996094 282.810699462891 282.796752929688 282.802001953125 282.813659667969 282.825317382812 282.836975097656 282.8486328125 282.860290527344 282.871917724609 282.889526367188 282.924926757812 282.960327148438 282.995727539062 283.031127929688 283.066528320312
283.581329345703 283.566101074219 283.550842285156 283.519592285156 283.483001708984 283.446411132812 283.409820556641 283.373229980469 283.336639404297 283.300048828125 283.268188476562 283.250579833984 283.232940673828 283.215301513672 283.197662353516 283.180053710938 283.162414550781 283.144775390625 283.118103027344 283.088439941406 283.058776855469 283.029083251953 282.999420166016 282.969757080078 282.940063476562 282.915985107422 282.908630371094 282.901275634766 282.893920898438 282.886566162109 282.879211425781 282.871856689453 282.864501953125 282.870361328125 282.880645751953 282.890930175781 282.901214599609 282.911468505859 282.921752929688 282.932037353516 282.948944091797 282.985778808594 283.022583007812 283.059387207031 283.096221923828 283.133026123047
283.577972412109 283.558013916016 283.5380859375 283.508148193359 283.474884033203 283.441619873047 283.408386230469 283.375122070312 283.341857910156 283.30859375 283.279754638672 283.264099121094 283.248443603516 283.232788085938 283.217132568359 283.201477050781 283.185852050781 283.170196533203 283.148559570312 283.124908447266 283.101287841797 283.077667236328 283.054046630859 283.030395507812 283.006774902344 282.988342285156 282.985473632812 282.982604980469 282.979736328125 282.976867675781 282.973999023438 282.971160888672 282.968292236328 282.973815917969 282.982147216797 282.990447998047 282.998779296875 283.007110595703 283.015441894531 283.023742675781 283.038513183594 283.072570800781 283.106628417969 283.140686035156 283.174743652344 283.208801269531
283.574584960938 283.549957275391 283.525299072266 283.496704101562 283.466766357422 283.436828613281 283.406921386719 283.376983642578 283.347076416016 283.317138671875 283.291290283203 283.277618408203 283.263946533203 283.250274658203 283.236602783203 283.222930908203 283.209259033203 283.195587158203 283.178985595703 283.161407470703 283.143829345703 283.126220703125 283.108642578125 283.091064453125 283.073486328125 283.060699462891 283.062316894531 283.063934326172 283.065551757812 283.067199707031 283.068817138672 283.070434570312 283.072052001953 283.077239990234 283.083618164062 283.089996337891 283.096374511719 283.102722167969 283.109100341797 283.115478515625 283.128082275391 283.159362792969 283.190673828125 283.221984863281 283.253265380859 283.284576416016
283.571228027344 283.541870117188 283.512512207031 283.485229492188 283.458648681641 283.432067871094 283.405456542969 283.378875732422 283.352264404297 283.32568359375 283.302825927734 283.291137695312 283.279449462891 283.267761230469 283.256072998047 283.244384765625 283.232696533203 283.221008300781 283.209442138672 283.197906494141 283.186340332031 283.1748046875 283.163269042969 283.151733398438 283.140167236328 283.133056640625 283.13916015625 283.145263671875 283.151397705078 283.157501220703 283.163604736328 283.169738769531 283.175842285156 283.180694580078 283.185119628906 283.189514160156 283.193939208984 283.198364257812 283.202758789062 283.207183837891 283.217620849609 283.246185302734 283.274719238281 283.303253173828 283.331787109375 283.360321044922
283.56787109375 283.533813476562 283.499755859375 283.473785400391 283.450531005859 283.427276611328 283.403991699219 283.380737304688 283.357482910156 283.334228515625 283.314361572266 283.304656982422 283.294952392578 283.285247802734 283.275543212891 283.265838623047 283.256134033203 283.246429443359 283.239868164062 283.234375 283.228881835938 283.223388671875 283.217864990234 283.212371826172 283.206878662109 283.205413818359 283.216003417969 283.226623535156 283.237213134766 283.247802734375 283.258422851562 283.269012451172 283.279632568359 283.284118652344 283.286590576172 283.2890625 283.29150390625 283.293975830078 283.296447753906 283.298889160156 283.307189941406 283.332977294922 283.358764648438 283.384552001953 283.410308837891 283.436096191406
283.564483642578 283.525726318359 283.486968994141 283.462341308594 283.442413330078 283.422485351562 283.402557373047 283.382629394531 283.362701416016 283.3427734375 283.325897216797 283.318176269531 283.310455322266 283.302734375 283.295013427734 283.287292480469 283.279571533203 283.271850585938 283.270324707031 283.270874023438 283.271392822266 283.271942138672 283.272491455078 283.273040771484 283.273590087891 283.277770996094 283.292846679688 283.307952880859 283.323028564453 283.338134765625 283.353210449219 283.368316650391 283.383422851562 283.387573242188 283.388061523438 283.388580322266 283.389099121094 283.389587402344 283.390106201172 283.390625 283.396759033203 283.419769287109 283.442810058594 283.4658203125 283.488861083984 283.511871337891
283.594696044922 283.553070068359 283.511444091797 283.487487792969 283.469451904297 283.451416015625 283.433380126953 283.415344238281 283.397308349609 283.379272460938 283.364288330078 283.358489990234 283.352691650391 283.346893310547 283.341094970703 283.335327148438 283.329528808594 283.32373046875 283.325286865234 283.329284667969 283.333282470703 283.337280273438 283.341278076172 283.345275878906 283.349273681641 283.356323242188 283.37255859375 283.388793945312 283.405029296875 283.421264648438 283.4375 283.453735351562 283.469970703125 283.474975585938 283.476196289062 283.477416992188 283.478668212891 283.479888916016 283.481109619141 283.482360839844 283.488403320312 283.508941650391 283.529449462891 283.549987792969 283.570495605469 283.591033935547
283.658477783203 283.615814208984 283.573120117188 283.549255371094 283.531677246094 283.514099121094 283.496490478516 283.478912353516 283.461303710938 283.443725585938 283.429534912109 283.425628662109 283.421691894531 283.417785644531 283.413848876953 283.409912109375 283.406005859375 283.402069091797 283.404754638672 283.409606933594 283.414489746094 283.419372558594 283.424224853516 283.429107666016 283.433990478516 283.441131591797 283.455169677734 283.469207763672 283.483215332031 283.497253417969 283.511291503906 283.525299072266 283.539337158203 283.546325683594 283.550933837891 283.555572509766 283.560211181641 283.564819335938 283.569458007812 283.574096679688 283.582122802734 283.600433349609 283.618713378906 283.637023925781 283.655303955078 283.673583984375
283.722259521484 283.678558349609 283.634826660156 283.611053466797 283.593902587891 283.576751708984 283.559600830078 283.542449951172 283.525329589844 283.508178710938 283.494812011719 283.492736816406 283.490692138672 283.488647460938 283.486572265625 283.484527587891 283.482482910156 283.480407714844 283.484222412109 283.489959716797 283.495697021484 283.501434326172 283.507202148438 283.512939453125 283.518676757812 283.525939941406 283.537750244141 283.549591064453 283.561401367188 283.573211669922 283.585052490234 283.596862792969 283.608673095703 283.61767578125 283.625701904297 283.633728027344 283.641754150391 283.649780273438 283.657806396484 283.665832519531 283.675872802734 283.691925048828 283.707977294922 283.724029541016 283.740112304688 283.756164550781
283.786041259766 283.741271972656 283.696533203125 283.672821044922 283.656127929688 283.639404296875 283.622711181641 283.606018066406 283.589324951172 283.572631835938 283.56005859375 283.559875488281 283.559692382812 283.559509277344 283.559326171875 283.559143066406 283.558959960938 283.558776855469 283.563690185547 283.5703125 283.576904296875 283.583526611328 283.590148925781 283.596771240234 283.603363037109 283.610748291016 283.620361328125 283.629974365234 283.639587402344 283.649200439453 283.658813476562 283.668426513672 283.678039550781 283.689025878906 283.700439453125 283.711853027344 283.723297119141 283.734710693359 283.746154785156 283.757568359375 283.769592285156 283.783416748047 283.797241210938 283.811065673828 283.824890136719 283.838714599609
283.849822998047 283.804016113281 283.758209228516 283.734588623047 283.718322753906 283.702087402344 283.685821533203 283.669586181641 283.6533203125 283.637084960938 283.625305175781 283.627014160156 283.628692626953 283.63037109375 283.632049560547 283.633758544922 283.635437011719 283.637115478516 283.643157958984 283.650634765625 283.658142089844 283.665618896484 283.673095703125 283.680572509766 283.688079833984 283.695526123047 283.702941894531 283.710357666016 283.7177734375 283.725158691406 283.732574462891 283.739990234375 283.747406005859 283.760375976562 283.775177001953 283.790008544922 283.804840087891 283.819671630859 283.83447265625 283.849304199219 283.863311767578 283.874908447266 283.886505126953 283.898101806641 283.909698486328 283.921264648438
283.913604736328 283.866760253906 283.819915771484 283.796356201172 283.780548095703 283.764739990234 283.748931884766 283.733154296875 283.717346191406 283.701538085938 283.690582275391 283.694122314453 283.697692871094 283.701232910156 283.704803466797 283.708343505859 283.7119140625 283.715484619141 283.722625732422 283.730987548828 283.739349365234 283.747711181641 283.756042480469 283.764404296875 283.772766113281 283.780334472656 283.785552978516 283.790740966797 283.795928955078 283.801147460938 283.806335449219 283.811553955078 283.816741943359 283.831726074219 283.849945068359 283.8681640625 283.886383056641 283.904602050781 283.922821044922 283.941040039062 283.957061767578 283.966400146484 283.975769042969 283.985137939453 283.994476318359 284.003845214844
283.990753173828 283.945007324219 283.899230957031 283.87548828125 283.859130859375 283.842742919922 283.826354980469 283.809997558594 283.793609619141 283.777221679688 283.765716552734 283.768829345703 283.771942138672 283.775054931641 283.778167724609 283.78125 283.784362792969 283.787475585938 283.795166015625 283.804351806641 283.813537597656 283.82275390625 283.831939697266 283.841156005859 283.850341796875 283.858337402344 283.862609863281 283.866912841797 283.871215820312 283.875518798828 283.879791259766 283.884094238281 283.888397216797 283.904296875 283.924072265625 283.943817138672 283.963592529297 283.983367919922 284.003143310547 284.022888183594 284.039459228516 284.04638671875 284.053344726562 284.060272216797 284.067199707031 284.074157714844
284.081268310547 284.038696289062 283.996154785156 283.972015380859 283.954040527344 283.936065673828 283.918090820312 283.900115966797 283.882141113281 283.864166259766 283.850769042969 283.851104736328 283.851440429688 283.851776123047 283.852111816406 283.852447509766 283.852783203125 283.853118896484 283.860717773438 283.870727539062 283.880767822266 283.890777587891 283.900787353516 283.910797119141 283.920806884766 283.929504394531 283.934173583984 283.938873291016 283.943572998047 283.9482421875 283.952941894531 283.957641601562 283.962341308594 283.978088378906 283.99755859375 284.017028808594 284.036468505859 284.055938720703 284.075408935547 284.094848632812 284.110534667969 284.114868164062 284.119201660156 284.12353515625 284.127868652344 284.132202148438
284.171752929688 284.132415771484 284.093048095703 284.068542480469 284.048980712891 284.029388427734 284.009826660156 283.990264892578 283.970672607422 283.951110839844 283.935821533203 283.933380126953 283.930969238281 283.928527832031 283.926086425781 283.923675537109 283.921234130859 283.918792724609 283.926300048828 283.937133789062 283.947967529297 283.958801269531 283.969604492188 283.980438232422 283.991271972656 284.000671386719 284.005737304688 284.010833740234 284.015930175781 284.02099609375 284.026092529297 284.031188964844 284.036254882812 284.051910400391 284.071044921875 284.090209960938 284.109375 284.128509521484 284.147674560547 284.166839599609 284.181610107422 284.183349609375 284.185089111328 284.186798095703 284.188537597656 284.190246582031
284.262268066406 284.226135253906 284.189971923828 284.165069580078 284.143890380859 284.122741699219 284.1015625 284.080383300781 284.059234619141 284.038055419922 284.020874023438 284.015686035156 284.010467529297 284.005279541016 284.000061035156 283.994873046875 283.989654541016 283.984466552734 283.991882324219 284.003509521484 284.015167236328 284.026794433594 284.038452148438 284.050079345703 284.061737060547 284.071838378906 284.077301025391 284.082794189453 284.088287353516 284.09375 284.099243164062 284.104705810547 284.110198974609 284.125701904297 284.144561767578 284.163391113281 284.182250976562 284.201080322266 284.219940185547 284.238800048828 284.252716064453 284.251831054688 284.250946044922 284.250061035156 284.249206542969 284.248321533203
