data/working_set_collections/6091692-Cassins_Sparrow-M2/2005/ts_avg.asc
NCOLS 265 
NROWS 230 
XLLCORNER -115.5625 
YLLCORNER 24.8333333333333 
CELLSIZE 0.0833333333333333 
NODATA_value -9999 
[rows 80 to 99 of 230, columns 138 to 183 of 265]
285.628173828125 285.818542480469 286.008941650391 286.199310302734 286.304748535156 286.381896972656 286.459045410156 286.536193847656 286.613311767578 286.690460205078 286.767608642578 286.840728759766 286.901824951172 286.962921142578 287.024017333984 287.085083007812 287.146179199219 287.207275390625 287.268371582031 287.308258056641 287.341064453125 287.373870849609 287.406707763672 287.439514160156 287.472320556641 287.505157470703 287.537170410156 287.566741943359 287.596343994141 287.625915527344 287.655487060547 287.685089111328 287.714660644531 287.744262695312 287.743225097656 287.731964111328 287.720733642578 287.709503173828 287.6982421875 287.68701171875 287.67578125 287.667816162109 287.669647216797 287.671478271484 287.673309326172 287.675140380859
285.377471923828 285.576263427734 285.775054931641 285.973846435547 286.106964111328 286.218231201172 286.329467773438 286.440734863281 286.551971435547 286.663238525391 286.774475097656 286.875091552734 286.943725585938 287.012390136719 287.081024169922 287.149658203125 287.218322753906 287.286956787109 287.355590820312 287.394561767578 287.423614501953 287.452667236328 287.481750488281 287.510803222656 287.539855957031 287.568908691406 287.599090576172 287.632537841797 287.665954589844 287.699401855469 287.732849121094 287.766296386719 287.799743652344 287.833190917969 287.838928222656 287.835418701172 287.831939697266 287.828430175781 287.824951171875 287.821441650391 287.817932128906 287.817901611328 287.828186035156 287.838470458984 287.848754882812 287.859039306641
285.126770019531 285.333984375 285.541168212891 285.748382568359 285.9091796875 286.054565429688 286.199920654297 286.345275878906 286.490631103516 286.636016845703 286.781372070312 286.909423828125 286.985626220703 287.061828613281 287.138031005859 287.214233398438 287.290435791016 287.366638183594 287.442840576172 287.480865478516 287.506164550781 287.531463623047 287.556793212891 287.582092285156 287.607391357422 287.632690429688 287.661010742188 287.698303222656 287.735595703125 287.772918701172 287.810211181641 287.847534179688 287.884826660156 287.922119140625 287.934631347656 287.938873291016 287.943145751953 287.947387695312 287.951629638672 287.955871582031 287.960113525391 287.967987060547 287.986724853516 288.005462646484 288.024200439453 288.042938232422
284.876068115234 285.091674804688 285.307281494141 285.522888183594 285.711395263672 285.890869140625 286.070343017578 286.249816894531 286.429290771484 286.608764648438 286.788238525391 286.943786621094 287.027557373047 287.111297607422 287.195068359375 287.27880859375 287.362579345703 287.446319580078 287.530090332031 287.567169189453 287.588714599609 287.610260009766 287.6318359375 287.653381347656 287.674926757812 287.696472167969 287.722930908203 287.764068603516 287.805236816406 287.846405029297 287.887573242188 287.928741455078 287.969909667969 288.011077880859 288.030364990234 288.042358398438 288.054321289062 288.066314697266 288.078308105469 288.090301513672 288.102294921875 288.118072509766 288.145263671875 288.172454833984 288.199676513672 288.226867675781
284.770324707031 284.980987548828 285.191680908203 285.40234375 285.603729248047 285.802032470703 286.000305175781 286.198608398438 286.396881103516 286.595184326172 286.79345703125 286.964660644531 287.054626464844 287.144592285156 287.234527587891 287.324493408203 287.414459228516 287.50439453125 287.594360351562 287.632415771484 287.653198242188 287.673980712891 287.694732666016 287.715515136719 287.736297607422 287.757049560547 287.783813476562 287.828491210938 287.873138427734 287.917816162109 287.962493896484 288.007141113281 288.051818847656 288.096496582031 288.116607666016 288.128540039062 288.140472412109 288.152404785156 288.164337158203 288.176300048828 288.188232421875 288.204986572266 288.236206054688 288.267425537109 288.298645019531 288.329864501953
284.809509277344 285.001922607422 285.1943359375 285.386749267578 285.586212158203 285.787994384766 285.989807128906 286.191619873047 286.393402099609 286.59521484375 286.797027587891 286.972076416016 287.066864013672 287.161682128906 287.256469726562 287.351287841797 287.446075439453 287.540863037109 287.635681152344 287.676605224609 287.699584960938 287.722564697266 287.745544433594 287.768524169922 287.79150390625 287.814483642578 287.843658447266 287.891479492188 287.939300537109 287.987121582031 288.034942626953 288.082733154297 288.130554199219 288.178375244141 288.193389892578 288.197479248047 288.201568603516 288.205657958984 288.209747314453 288.213836669922 288.217926025391 288.228698730469 288.259521484375 288.290313720703 288.321136474609 288.351959228516
284.848693847656 285.022827148438 285.196990966797 285.371124267578 285.568664550781 285.773986816406 285.979309082031 286.184631347656 286.389953613281 286.595275878906 286.800598144531 286.9794921875 287.079132080078 287.178771972656 287.278411865234 287.378051757812 287.477722167969 287.577362060547 287.677001953125 287.720794677734 287.745971679688 287.771179199219 287.796356201172 287.821533203125 287.846710205078 287.871917724609 287.903533935547 287.954498291016 288.005462646484 288.056427001953 288.107391357422 288.158355712891 288.209320068359 288.26025390625 288.270172119141 288.266418457031 288.262664794922 288.258911132812 288.255126953125 288.251373291016 288.247619628906 288.252410888672 288.282806396484 288.313232421875 288.343658447266 288.374053955078
284.887878417969 285.043762207031 285.199645996094 285.355499267578 285.551116943359 285.759948730469 285.968780517578 286.177612304688 286.386474609375 286.595306396484 286.804138183594 286.986877441406 287.091369628906 287.195861816406 287.300354003906 287.404846191406 287.509338378906 287.613830566406 287.718322753906 287.764984130859 287.792388916016 287.819763183594 287.84716796875 287.874542236328 287.901947021484 287.929321289062 287.963409423828 288.017517089844 288.071624755859 288.125732421875 288.179840087891 288.233947753906 288.288055419922 288.342163085938 288.346984863281 288.335357666016 288.323760986328 288.312133789062 288.300537109375 288.288909912109 288.277313232422 288.276092529297 288.306121826172 288.336151123047 288.366149902344 288.396179199219
284.927062988281 285.064666748047 285.202270507812 285.339904785156 285.533569335938 285.745910644531 285.958282470703 286.170623779297 286.382995605469 286.595336914062 286.807708740234 286.994293212891 287.103637695312 287.212951660156 287.322296142578 287.431640625 287.540954589844 287.650299072266 287.759643554688 287.809173583984 287.838775634766 287.868377685547 287.89794921875 287.927551269531 287.957153320312 287.986755371094 288.023254394531 288.080505371094 288.137786865234 288.195037841797 288.252288818359 288.309539794922 288.366790771484 288.424041748047 288.423767089844 288.404296875 288.384857177734 288.365386962891 288.345916748047 288.326477050781 288.307006835938 288.2998046875 288.329437255859 288.359039306641 288.388671875 288.418273925781
284.966247558594 285.085601806641 285.204925537109 285.324279785156 285.516021728516 285.731903076172 285.94775390625 286.163635253906 286.379516601562 286.595397949219 286.811248779297 287.001708984375 287.115875244141 287.230072021484 287.34423828125 287.458435058594 287.572601318359 287.686767578125 287.800964355469 287.853363037109 287.885162353516 287.916961669922 287.948760986328 287.980560302734 288.012359619141 288.044158935547 288.083129882812 288.143524169922 288.203918457031 288.264343261719 288.324737548828 288.385131835938 288.445526123047 288.505950927734 288.500549316406 288.473236083984 288.445953369141 288.418640136719 288.391326904297 288.364013671875 288.336700439453 288.323516845703 288.352722167969 288.381958007812 288.411163330078 288.440368652344
285.108215332031 285.222900390625 285.337585449219 285.452270507812 285.635223388672 285.840942382812 286.046630859375 286.252349853516 286.458068847656 286.663757324219 286.869476318359 287.0517578125 287.163787841797 287.275817871094 287.387847900391 287.499877929688 287.611907958984 287.723937988281 287.835968017578 287.888977050781 287.922271728516 287.955596923828 287.988922119141 288.022216796875 288.055541992188 288.088836669922 288.129119873047 288.190338134766 288.251556396484 288.312744140625 288.373962402344 288.435180664062 288.496368408203 288.557586669922 288.552429199219 288.525115966797 288.497833251953 288.470520019531 288.443237304688 288.415924072266 288.388641357422 288.374603271484 288.400360107422 288.426116943359 288.451904296875 288.477661132812
285.352935791016 285.476593017578 285.600219726562 285.723876953125 285.891204833984 286.073059082031 286.254913330078 286.436767578125 286.61865234375 286.800506591797 286.982360839844 287.144470214844 287.247375488281 287.350250244141 287.453155517578 287.556030273438 287.658935546875 287.761810302734 287.864715576172 287.916015625 287.950134277344 287.984283447266 288.018402099609 288.052520751953 288.086639404297 288.120788574219 288.161285400391 288.220947265625 288.280639648438 288.340301513672 288.399993896484 288.459655761719 288.519317626953 288.579010009766 288.579345703125 288.559906005859 288.540496826172 288.521057128906 288.501647949219 288.482208251953 288.462768554688 288.453033447266 288.472320556641 288.491577148438 288.510864257812 288.530151367188
285.59765625 285.730255126953 285.862884521484 285.995483398438 286.147155761719 286.30517578125 286.463195800781 286.621215820312 286.779205322266 286.937225341797 287.095245361328 287.237182617188 287.330932617188 287.424682617188 287.518432617188 287.612182617188 287.705932617188 287.799682617188 287.893432617188 287.943054199219 287.977996826172 288.012939453125 288.047882080078 288.082824707031 288.117767333984 288.152709960938 288.193450927734 288.251586914062 288.309722900391 288.367858886719 288.425994873047 288.484130859375 288.542266845703 288.600402832031 288.606262207031 288.5947265625 288.583160400391 288.571594238281 288.56005859375 288.548492431641 288.536926269531 288.531463623047 288.544250488281 288.557037353516 288.56982421875 288.582641601562
285.842376708984 285.983947753906 286.125518798828 286.26708984375 286.403137207031 286.537292480469 286.671447753906 286.805633544922 286.939788818359 287.073974609375 287.208129882812 287.329925537109 287.414520263672 287.499114990234 287.583740234375 287.668334960938 287.7529296875 287.837554931641 287.922149658203 287.970123291016 288.005859375 288.041625976562 288.077362060547 288.113128662109 288.148864746094 288.184631347656 288.2255859375 288.282196044922 288.338806152344 288.395416259766 288.451995849609 288.508605957031 288.565216064453 288.621826171875 288.633209228516 288.629516601562 288.625823974609 288.622161865234 288.618469238281 288.614776611328 288.611083984375 288.609893798828 288.6162109375 288.622497558594 288.628814697266 288.635101318359
286.087097167969 286.237640380859 286.38818359375 286.538726806641 286.659088134766 286.769409179688 286.879730224609 286.990051269531 287.100372314453 287.210693359375 287.321014404297 287.422637939453 287.498107910156 287.573547363281 287.649017333984 287.724487304688 287.799957275391 287.875427246094 287.950866699219 287.997161865234 288.033721923828 288.070281982422 288.106872558594 288.143432617188 288.179992675781 288.216552734375 288.257751464844 288.312805175781 288.367889404297 288.422943115234 288.47802734375 288.533081054688 288.588165283203 288.643218994141 288.660125732422 288.664306640625 288.668518066406 288.672698974609 288.676879882812 288.681060791016 288.685241699219 288.688323974609 288.688140869141 288.687957763672 288.687774658203 288.687591552734
286.331817626953 286.491302490234 286.650817871094 286.810333251953 286.9150390625 287.001525878906 287.088012695312 287.174468994141 287.260955810547 287.347442626953 287.433898925781 287.515350341797 287.581665039062 287.647979736328 287.714324951172 287.780639648438 287.846954345703 287.913269042969 287.979614257812 288.024200439453 288.061584472656 288.098968505859 288.136352539062 288.173736572266 288.211090087891 288.248474121094 288.289886474609 288.343444824219 288.39697265625 288.450500488281 288.504028320312 288.557586669922 288.611114501953 288.664642333984 288.687072753906 288.699127197266 288.711181640625 288.723236083984 288.735290527344 288.747344970703 288.759399414062 288.766784667969 288.760101318359 288.75341796875 288.746734619141 288.740081787109
286.619110107422 286.776275634766 286.933471679688 287.090667724609 287.181030273438 287.249114990234 287.317230224609 287.385345458984 287.453430175781 287.521545410156 287.589630126953 287.6552734375 287.713531494141 287.771759033203 287.830017089844 287.888275146484 287.946502685547 288.004760742188 288.06298828125 288.104034423828 288.139373779297 288.174682617188 288.209991455078 288.245300292969 288.280639648438 288.315948486328 288.354461669922 288.402618408203 288.450775146484 288.498901367188 288.547058105469 288.59521484375 288.643371582031 288.691497802734 288.714233398438 288.728454589844 288.742706298828 288.756958007812 288.771179199219 288.785430908203 288.799652099609 288.80859375 288.801574707031 288.794586181641 288.787567138672 288.780578613281
286.948974609375 287.092559814453 287.236145019531 287.379730224609 287.457000732422 287.51220703125 287.567413330078 287.622619628906 287.677795410156 287.733001708984 287.788208007812 287.842407226562 287.893646240234 287.944885253906 287.996124267578 288.04736328125 288.098602294922 288.149841308594 288.201080322266 288.236663818359 288.267059326172 288.297424316406 288.327789306641 288.358184814453 288.388549804688 288.418914794922 288.451446533203 288.490356445312 288.529266357422 288.568176269531 288.607086181641 288.64599609375 288.684936523438 288.723846435547 288.741607666016 288.752349853516 288.763092041016 288.773834228516 288.784576416016 288.795318603516 288.806030273438 288.813812255859 288.812622070312 288.811431884766 288.810272216797 288.80908203125
287.278869628906 287.408843994141 287.538818359375 287.668792724609 287.733001708984 287.775299072266 287.817596435547 287.859893798828 287.902191162109 287.944488525391 287.986785888672 288.029541015625 288.073791503906 288.118011474609 288.162231445312 288.206481933594 288.250701904297 288.294921875 288.339172363281 288.369293212891 288.394744873047 288.420166015625 288.445617675781 288.471038818359 288.496490478516 288.521911621094 288.548400878906 288.578094482422 288.607757568359 288.637451171875 288.667144775391 288.696807861328 288.726501464844 288.756164550781 288.769012451172 288.776245117188 288.783477783203 288.790710449219 288.797943115234 288.80517578125 288.812408447266 288.819000244141 288.823638916016 288.828308105469 288.832946777344 288.837585449219
287.608734130859 287.72509765625 287.841461181641 287.957824707031 288.008972167969 288.038360595703 288.067779541016 288.09716796875 288.126556396484 288.155944824219 288.185333251953 288.216705322266 288.25390625 288.291137695312 288.328369140625 288.365570068359 288.402801513672 288.440032958984 288.477233886719 288.501922607422 288.522430419922 288.542907714844 288.563415527344 288.583923339844 288.604400634766 288.624908447266 288.645385742188 288.665832519531 288.686279296875 288.706726074219 288.727172851562 288.747619628906 288.768035888672 288.788482666016 288.796417236328 288.800140380859 288.803863525391 288.807586669922 288.811340332031 288.815063476562 288.818786621094 288.82421875 288.834686279297 288.845153808594 288.855621337891 288.866119384766
