data/working_set_collections/6091692-Cassins_Sparrow-M2/2005/tsat_avg.asc
NCOLS 265 
NROWS 230 
XLLCORNER -115.5625 
YLLCORNER 24.8333333333333 
CELLSIZE 0.0833333333333333 
NODATA_value -9999 
[rows 40 to 59 of 230, columns 184 to 229 of 265]
283.049987792969 283.036682128906 283.023406982422 283.013092041016 283.003784179688 282.994445800781 282.985137939453 282.975830078125 282.966491699219 282.957183837891 282.952026367188 282.959289550781 282.966552734375 282.973815917969 282.981079101562 282.988372802734 282.995635986328 283.002899169922 283.01806640625 283.035827636719 283.053588867188 283.071380615234 283.089141845703 283.10693359375 283.124694824219 283.140289306641 283.149261474609 283.158233642578 283.167205810547 283.176177978516 283.185150146484 283.194122314453 283.203094482422 283.222015380859 283.244232177734 283.266418457031 283.288635253906 283.310852050781 283.333068847656 283.355255126953 283.374969482422 283.387176513672 283.399353027344 283.411560058594 283.423767089844 283.435943603516
283.136291503906 283.124633789062 283.113006591797 283.100982666016 283.088836669922 283.076690673828 283.064544677734 283.052398681641 283.040283203125 283.028137207031 283.020141601562 283.024658203125 283.029174804688 283.033660888672 283.038177490234 283.042694091797 283.047180175781 283.051696777344 283.067352294922 283.086761474609 283.106140136719 283.125518798828 283.144927978516 283.164306640625 283.183685302734 283.20068359375 283.21044921875 283.22021484375 283.230010986328 283.239776611328 283.249542236328 283.259307861328 283.269104003906 283.287841796875 283.3095703125 283.331268310547 283.352996826172 283.374725341797 283.396453857422 283.418182373047 283.437255859375 283.448303222656 283.459350585938 283.470397949219 283.4814453125 283.492492675781
283.227325439453 283.21728515625 283.207214355469 283.194946289062 283.181945800781 283.1689453125 283.155914306641 283.142913818359 283.129913330078 283.116912841797 283.107727050781 283.110076904297 283.112426757812 283.114776611328 283.117126464844 283.119476318359 283.121826171875 283.124176025391 283.139373779297 283.158843994141 283.178314208984 283.19775390625 283.217224121094 283.236694335938 283.256164550781 283.273132324219 283.282562255859 283.2919921875 283.301422119141 283.310852050781 283.320281982422 283.329711914062 283.339141845703 283.357177734375 283.378051757812 283.398956298828 283.419860839844 283.440734863281 283.461639404297 283.482513427734 283.500396728516 283.509216308594 283.518035888672 283.52685546875 283.535675048828 283.544494628906
283.323120117188 283.314575195312 283.306060791016 283.294982910156 283.283081054688 283.271179199219 283.259246826172 283.247344970703 283.235412597656 283.223510742188 283.214782714844 283.215576171875 283.216369628906 283.217163085938 283.217956542969 283.218780517578 283.219573974609 283.220367431641 283.234069824219 283.252075195312 283.270080566406 283.2880859375 283.306091308594 283.324096679688 283.342102050781 283.357604980469 283.365570068359 283.373504638672 283.381439208984 283.389404296875 283.397338867188 283.405303955078 283.413238525391 283.430023193359 283.449737548828 283.469451904297 283.489135742188 283.508850097656 283.528564453125 283.548278808594 283.564453125 283.569946289062 283.575439453125 283.580963134766 283.586456298828 283.591949462891
283.418884277344 283.411895751953 283.404907226562 283.395050048828 283.384216308594 283.373413085938 283.362579345703 283.351745605469 283.340942382812 283.330108642578 283.321807861328 283.321044921875 283.3203125 283.319549560547 283.318786621094 283.318054199219 283.317291259766 283.316558837891 283.328765869141 283.345336914062 283.361877441406 283.37841796875 283.394958496094 283.411529541016 283.428070068359 283.442108154297 283.448547363281 283.455017089844 283.461486816406 283.467956542969 283.474426269531 283.480895996094 283.487335205078 283.502868652344 283.521392822266 283.539916992188 283.558471679688 283.576995849609 283.595520019531 283.614044189453 283.628479003906 283.630676269531 283.632873535156 283.635040283203 283.637237548828 283.639404296875
283.5146484375 283.509216308594 283.503753662109 283.495086669922 283.4853515625 283.475616455078 283.465911865234 283.456176757812 283.446441650391 283.436706542969 283.428833007812 283.426544189453 283.424224853516 283.421936035156 283.419647216797 283.417327880859 283.4150390625 283.412719726562 283.423461914062 283.438568115234 283.453643798828 283.46875 283.483825683594 283.498931884766 283.514007568359 283.526580810547 283.531555175781 283.536560058594 283.541534423828 283.546508789062 283.551483154297 283.556488037109 283.561462402344 283.575714111328 283.593048095703 283.610412597656 283.627746582031 283.645111083984 283.662475585938 283.679809570312 283.692535400391 283.69140625 283.690277099609 283.689147949219 283.688018798828 283.686859130859
283.610443115234 283.606506347656 283.602600097656 283.595123291016 283.586486816406 283.577850341797 283.569213867188 283.560577392578 283.551940917969 283.543304443359 283.535858154297 283.532012939453 283.528167724609 283.524322509766 283.520477294922 283.5166015625 283.512756347656 283.508911132812 283.518188476562 283.531799316406 283.545440673828 283.55908203125 283.572692871094 283.586334228516 283.599975585938 283.611083984375 283.614562988281 283.618072509766 283.62158203125 283.625061035156 283.628570556641 283.632049560547 283.635559082031 283.648559570312 283.664733886719 283.680908203125 283.697082519531 283.713226318359 283.729400634766 283.745574951172 283.756591796875 283.752136230469 283.747680664062 283.743225097656 283.73876953125 283.734313964844
283.706207275391 283.703826904297 283.701446533203 283.695190429688 283.687652587891 283.680084228516 283.672546386719 283.665008544922 283.657470703125 283.64990234375 283.642913818359 283.637512207031 283.632110595703 283.626708984375 283.621307373047 283.615905761719 283.610504150391 283.605102539062 283.612884521484 283.625061035156 283.637237548828 283.6494140625 283.661590576172 283.673736572266 283.685913085938 283.695556640625 283.697570800781 283.699584960938 283.701599121094 283.70361328125 283.705627441406 283.707641601562 283.709655761719 283.721405029297 283.736389160156 283.751373291016 283.766357421875 283.781372070312 283.796356201172 283.811340332031 283.820617675781 283.812866210938 283.805084228516 283.797332763672 283.78955078125 283.781799316406
283.769714355469 283.770141601562 283.770538330078 283.767852783203 283.764099121094 283.760375976562 283.756622314453 283.752899169922 283.749176025391 283.745422363281 283.741546630859 283.737274169922 283.733001708984 283.728698730469 283.724426269531 283.720123291016 283.715850830078 283.711578369141 283.718902587891 283.730133056641 283.741363525391 283.752563476562 283.763793945312 283.774993896484 283.786224365234 283.794769287109 283.795257568359 283.795745849609 283.796234130859 283.796722412109 283.797210693359 283.797698974609 283.798187255859 283.808044433594 283.821075439453 283.834075927734 283.847076416016 283.860076904297 283.873077392578 283.886108398438 283.893310546875 283.883209228516 283.873077392578 283.862945556641 283.852844238281 283.842712402344
283.800964355469 283.805419921875 283.809875488281 283.813110351562 283.815887451172 283.818695068359 283.821472167969 283.824249267578 283.827056884766 283.829833984375 283.831817626953 283.831329345703 283.830810546875 283.830322265625 283.829833984375 283.829315185547 283.828826904297 283.828338623047 283.836273193359 283.847045898438 283.857818603516 283.868560791016 283.879333496094 283.890106201172 283.900848388672 283.908660888672 283.907592773438 283.906494140625 283.905426025391 283.904327392578 283.903259277344 283.902191162109 283.901092529297 283.908508300781 283.918731689453 283.928955078125 283.939178466797 283.949401855469 283.959625244141 283.969848632812 283.974639892578 283.963134765625 283.951629638672 283.940124511719 283.928619384766 283.917114257812
283.832244873047 283.840728759766 283.849243164062 283.858367919922 283.86767578125 283.876983642578 283.886322021484 283.895629882812 283.904937744141 283.914276123047 283.922088623047 283.925354003906 283.928649902344 283.931945800781 283.935241699219 283.938507080078 283.941802978516 283.945098876953 283.953643798828 283.963958740234 283.974273681641 283.984588623047 283.994873046875 284.005187988281 284.015502929688 284.022583007812 284.019927978516 284.017272949219 284.014617919922 284.011962890625 284.009307861328 284.006652832031 284.003997802734 284.008941650391 284.016387939453 284.023834228516 284.031280517578 284.038726806641 284.046173095703 284.053619384766 284.055999755859 284.043090820312 284.030212402344 284.017303466797 284.004425048828 283.991516113281
283.863494873047 283.876037597656 283.888610839844 283.903625488281 283.919464111328 283.935302734375 283.951141357422 283.967010498047 283.982849121094 283.998687744141 284.012329101562 284.019409179688 284.026489257812 284.033569335938 284.040649414062 284.047698974609 284.054779052734 284.061859130859 284.071014404297 284.080871582031 284.090728759766 284.1005859375 284.110443115234 284.120300292969 284.130157470703 284.136474609375 284.132263183594 284.128021240234 284.123809814453 284.119598388672 284.115356445312 284.111145019531 284.10693359375 284.109375 284.114044189453 284.118713378906 284.123382568359 284.128051757812 284.132720947266 284.137390136719 284.137329101562 284.123046875 284.108764648438 284.094482421875 284.080200195312 284.065948486328
283.894744873047 283.911346435547 283.927947998047 283.948883056641 283.971252441406 283.993621826172 284.015991210938 284.038360595703 284.060729980469 284.083099365234 284.102600097656 284.113464355469 284.124328613281 284.135192871094 284.146057128906 284.156890869141 284.167755126953 284.178619384766 284.188385009766 284.197784423828 284.207183837891 284.216583251953 284.225982666016 284.235382080078 284.244781494141 284.250396728516 284.244598388672 284.238800048828 284.233001708984 284.227203369141 284.221435546875 284.215637207031 284.209838867188 284.209808349609 284.211700439453 284.213592529297 284.215484619141 284.217376708984 284.219268798828 284.221160888672 284.218658447266 284.203002929688 284.187316894531 284.171661376953 284.156005859375 284.140350341797
283.926025390625 283.946655273438 283.967315673828 283.994140625 284.023040771484 284.051940917969 284.080841064453 284.109741210938 284.138641357422 284.167510986328 284.19287109375 284.20751953125 284.22216796875 284.23681640625 284.25146484375 284.266082763672 284.280731201172 284.295379638672 284.305755615234 284.314697265625 284.323638916016 284.332580566406 284.341522216797 284.350463867188 284.359436035156 284.364288330078 284.35693359375 284.349578857422 284.342193603516 284.334838867188 284.327484130859 284.320129394531 284.312774658203 284.310241699219 284.309356689453 284.308471679688 284.307586669922 284.306701660156 284.305816650391 284.304931640625 284.299987792969 284.282928466797 284.265899658203 284.248840332031 284.231811523438 284.214752197266
283.976470947266 283.996246337891 284.016021728516 284.044494628906 284.075866699219 284.107238769531 284.138610839844 284.169982910156 284.201324462891 284.232696533203 284.260375976562 284.277008056641 284.293609619141 284.310241699219 284.326873779297 284.343475341797 284.360107421875 284.376708984375 284.388610839844 284.398956298828 284.409301757812 284.419616699219 284.429962158203 284.440277099609 284.450622558594 284.456756591797 284.450378417969 284.443969726562 284.437591552734 284.431182861328 284.4248046875 284.418395996094 284.412017822266 284.407745361328 284.404174804688 284.400604248047 284.397033691406 284.393493652344 284.389923095703 284.386352539062 284.379302978516 284.361724853516 284.344177246094 284.326599121094 284.309051513672 284.29150390625
284.046112060547 284.060119628906 284.074127197266 284.099975585938 284.129760742188 284.159545898438 284.189300537109 284.219085693359 284.248870849609 284.278656005859 284.30517578125 284.321960449219 284.338714599609 284.355499267578 284.372283935547 284.389038085938 284.405822753906 284.422607421875 284.436981201172 284.450531005859 284.464111328125 284.477661132812 284.491241455078 284.504821777344 284.518371582031 284.52783203125 284.524932861328 284.522064208984 284.519165039062 284.516265869141 284.513397216797 284.510498046875 284.507598876953 284.502288818359 284.496154785156 284.490020751953 284.48388671875 284.477722167969 284.471588134766 284.465454101562 284.45654296875 284.439361572266 284.422149658203 284.404968261719 284.387756347656 284.370574951172
284.115753173828 284.123992919922 284.132232666016 284.155456542969 284.183654785156 284.211822509766 284.240020751953 284.268218994141 284.29638671875 284.324584960938 284.349975585938 284.366882324219 284.383819580078 284.400756835938 284.417694091797 284.434631347656 284.451568603516 284.468475341797 284.485321044922 284.502136230469 284.518920898438 284.535736083984 284.552520751953 284.5693359375 284.586120605469 284.598876953125 284.599487304688 284.600128173828 284.600738525391 284.601348876953 284.601959228516 284.602600097656 284.603210449219 284.596832275391 284.588104248047 284.579406738281 284.570678710938 284.561981201172 284.553283691406 284.544555664062 284.533813476562 284.516998291016 284.500152587891 284.483306884766 284.466491699219 284.449645996094
284.185394287109 284.187866210938 284.190368652344 284.2109375 284.237518310547 284.264129638672 284.290740966797 284.317321777344 284.343933105469 284.370513916016 284.394744873047 284.411834716797 284.428924560547 284.446014404297 284.463104248047 284.480194091797 284.497283935547 284.514373779297 284.533660888672 284.5537109375 284.57373046875 284.593780517578 284.613800048828 284.633850097656 284.653869628906 284.669952392578 284.674072265625 284.678192138672 284.682312011719 284.686431884766 284.690551757812 284.694671630859 284.698791503906 284.691375732422 284.680084228516 284.668792724609 284.657531738281 284.646240234375 284.634948730469 284.623657226562 284.611083984375 284.594604492188 284.578125 284.561676025391 284.545196533203 284.528717041016
284.255035400391 284.251739501953 284.248474121094 284.266387939453 284.291412353516 284.316436767578 284.341430664062 284.366455078125 284.391448974609 284.416473388672 284.439544677734 284.456787109375 284.474029541016 284.491271972656 284.508514404297 284.525756835938 284.542999267578 284.560241699219 284.58203125 284.605285644531 284.628570556641 284.651824951172 284.675109863281 284.698364257812 284.721649169922 284.740997314453 284.748626708984 284.756256103516 284.763885498047 284.771514892578 284.779144287109 284.786773681641 284.794403076172 284.785919189453 284.772064208984 284.758209228516 284.744323730469 284.73046875 284.716613769531 284.702758789062 284.688354492188 284.672241210938 284.656127929688 284.640014648438 284.623901367188 284.607788085938
284.324676513672 284.315612792969 284.306579589844 284.321868896484 284.345306396484 284.368713378906 284.392150878906 284.415557861328 284.438995361328 284.46240234375 284.484313964844 284.501739501953 284.519134521484 284.536529541016 284.553924560547 284.571350097656 284.588745117188 284.606140136719 284.63037109375 284.656860351562 284.683380126953 284.709869384766 284.736389160156 284.762878417969 284.789398193359 284.812042236328 284.823181152344 284.834320068359 284.845458984375 284.856597900391 284.867736816406 284.878845214844 284.889984130859 284.880462646484 284.864013671875 284.847595214844 284.831176757812 284.814727783203 284.798309326172 284.781860351562 284.765625 284.749877929688 284.734100341797 284.718353271484 284.702606201172 284.686859130859
