data/working_set_collections/6091692-Cassins_Sparrow-M2/2005/tsat_avg.asc
NCOLS 265 
NROWS 230 
XLLCORNER -115.5625 
YLLCORNER 24.8333333333333 
CELLSIZE 0.0833333333333333 
NODATA_value -9999 
[rows 140 to 159 of 230, columns 138 to 183 of 265]
289.016540527344 289.081756591797 289.14697265625 289.212188720703 289.203369140625 289.169921875 289.136444091797 289.102996826172 289.069519042969 289.036071777344 289.002593994141 288.975006103516 288.965026855469 288.955078125 288.945098876953 288.935150146484 288.925170898438 288.915191650391 288.905242919922 288.914642333984 288.930511474609 288.946380615234 288.962249755859 288.978118896484 288.993988037109 289.009857177734 289.031097412109 289.068420410156 289.105743408203 289.14306640625 289.180389404297 289.217712402344 289.255035400391 289.292388916016 289.313140869141 289.328399658203 289.343627929688 289.35888671875 289.374114990234 289.389373779297 289.404632568359 289.420837402344 289.43994140625 289.459045410156 289.478149414062 289.497253417969
289.100250244141 289.186462402344 289.272705078125 289.358917236328 289.356689453125 289.325012207031 289.293334960938 289.261657714844 289.22998046875 289.198272705078 289.166595458984 289.137268066406 289.114959716797 289.092651367188 289.070343017578 289.048065185547 289.025756835938 289.003448486328 288.981140136719 288.984497070312 288.996398925781 289.00830078125 289.020202636719 289.032104492188 289.044006347656 289.055908203125 289.073333740234 289.107452392578 289.141571044922 289.175689697266 289.209808349609 289.243927001953 289.278015136719 289.312133789062 289.335235595703 289.354705810547 289.374145507812 289.393585205078 289.413024902344 289.432464599609 289.451904296875 289.471374511719 289.490905761719 289.510437011719 289.529998779297 289.549530029297
289.183990478516 289.291198730469 289.3984375 289.505645751953 289.510040283203 289.480133056641 289.450225830078 289.420318603516 289.390411376953 289.360504150391 289.330596923828 289.299530029297 289.264892578125 289.230255126953 289.195617675781 289.160980224609 289.126342773438 289.091705322266 289.057067871094 289.054351806641 289.062286376953 289.070220947266 289.078125 289.086059570312 289.093994140625 289.101928710938 289.115600585938 289.146484375 289.177398681641 289.208312988281 289.239196777344 289.270111083984 289.300994873047 289.331909179688 289.357360839844 289.380981445312 289.404632568359 289.428283691406 289.451904296875 289.475555419922 289.499176025391 289.521911621094 289.541870117188 289.561859130859 289.581848144531 289.601806640625
289.267700195312 289.395935058594 289.524169921875 289.652374267578 289.663360595703 289.635223388672 289.607116699219 289.578979492188 289.550842285156 289.522735595703 289.494598388672 289.461761474609 289.414794921875 289.367828369141 289.320861816406 289.273895263672 289.226928710938 289.179962158203 289.132995605469 289.124206542969 289.128173828125 289.132110595703 289.136077880859 289.140045166016 289.144012451172 289.14794921875 289.157836914062 289.185546875 289.213226318359 289.240905761719 289.268615722656 289.296295166016 289.323974609375 289.351684570312 289.379455566406 289.407287597656 289.435119628906 289.462982177734 289.490814208984 289.518646240234 289.546478271484 289.572448730469 289.592864990234 289.61328125 289.633697509766 289.654083251953
289.353210449219 289.497314453125 289.641418457031 289.785522460938 289.804016113281 289.780670166016 289.75732421875 289.733978271484 289.710632324219 289.687255859375 289.663909912109 289.632873535156 289.578735351562 289.524597167969 289.470458984375 289.416320800781 289.362182617188 289.308044433594 289.25390625 289.235443115234 289.228912353516 289.222381591797 289.2158203125 289.209289550781 289.202728271484 289.196197509766 289.197662353516 289.223205566406 289.248748779297 289.274291992188 289.299835205078 289.325378417969 289.350921630859 289.37646484375 289.406799316406 289.438720703125 289.470642089844 289.502563476562 289.534484863281 289.56640625 289.598297119141 289.627899169922 289.650543212891 289.673187255859 289.695831298828 289.718475341797
289.440521240234 289.595367431641 289.750213623047 289.905029296875 289.932067871094 289.916473388672 289.90087890625 289.885314941406 289.869720458984 289.854125976562 289.838531494141 289.812805175781 289.756683349609 289.700531005859 289.644378662109 289.588256835938 289.532104492188 289.475952148438 289.419830322266 289.388092041016 289.364532470703 289.340942382812 289.3173828125 289.293792724609 289.270202636719 289.246643066406 289.235076904297 289.259552001953 289.283996582031 289.308471679688 289.332916259766 289.357391357422 289.3818359375 289.406311035156 289.439361572266 289.475250244141 289.511138916016 289.547027587891 289.582916259766 289.618804931641 289.654724121094 289.688293457031 289.714965820312 289.741607666016 289.768280029297 289.794952392578
289.527862548828 289.693420410156 289.858978271484 290.024566650391 290.060089111328 290.052276611328 290.04443359375 290.03662109375 290.02880859375 290.02099609375 290.013153076172 289.992767333984 289.934600830078 289.87646484375 289.818328857422 289.760192871094 289.702026367188 289.643890380859 289.585754394531 289.540740966797 289.500122070312 289.459533691406 289.418914794922 289.378295898438 289.337707519531 289.297088623047 289.2724609375 289.295867919922 289.319244384766 289.342620849609 289.365997314453 289.389404296875 289.412780761719 289.436157226562 289.471893310547 289.511779785156 289.551635742188 289.591522216797 289.631378173828 289.671234130859 289.711120605469 289.748687744141 289.779357910156 289.81005859375 289.840728759766 289.871398925781
289.615173339844 289.791473388672 289.9677734375 290.144073486328 290.188110351562 290.188079833984 290.188018798828 290.187957763672 290.187896728516 290.187835693359 290.187774658203 290.172698974609 290.112548828125 290.052398681641 289.992248535156 289.932098388672 289.871948242188 289.811798095703 289.751647949219 289.693389892578 289.6357421875 289.578094482422 289.520446777344 289.462829589844 289.405181884766 289.347534179688 289.309875488281 289.332183837891 289.3544921875 289.376770019531 289.399078369141 289.42138671875 289.443695068359 289.466003417969 289.504455566406 289.548309326172 289.592132568359 289.635986328125 289.679840087891 289.723663330078 289.767517089844 289.80908203125 289.843780517578 289.878479003906 289.913177490234 289.947875976562
289.702484130859 289.889526367188 290.076568603516 290.263610839844 290.316162109375 290.323852539062 290.331573486328 290.339294433594 290.346984863281 290.354705810547 290.362396240234 290.352661132812 290.290496826172 290.228332519531 290.166198730469 290.104034423828 290.041900634766 289.979736328125 289.917572021484 289.846038818359 289.771362304688 289.696685791016 289.622009277344 289.547332763672 289.47265625 289.397979736328 289.347259521484 289.368499755859 289.389709472656 289.410949707031 289.432159423828 289.453399658203 289.474609375 289.495849609375 289.537017822266 289.584838867188 289.632629394531 289.680450439453 289.728271484375 289.776092529297 289.823913574219 289.869445800781 289.908172607422 289.946899414062 289.985626220703 290.024353027344
289.789794921875 289.987579345703 290.185363769531 290.383148193359 290.444183349609 290.459655761719 290.475128173828 290.490600585938 290.506072998047 290.521545410156 290.537017822266 290.532592773438 290.468444824219 290.404296875 290.340118408203 290.275970458984 290.211822509766 290.147674560547 290.08349609375 289.998687744141 289.906982421875 289.815246582031 289.723541259766 289.6318359375 289.540130615234 289.448425292969 289.384674072266 289.404815673828 289.424957275391 289.445098876953 289.465240478516 289.485382080078 289.505523681641 289.525665283203 289.569549560547 289.621368408203 289.673156738281 289.724945068359 289.776733398438 289.828521728516 289.880310058594 289.929840087891 289.972595214844 290.015319824219 290.058074951172 290.100799560547
289.787872314453 289.988952636719 290.190032958984 290.39111328125 290.461242675781 290.487701416016 290.51416015625 290.540649414062 290.567108154297 290.593566894531 290.620025634766 290.624267578125 290.561798095703 290.499298095703 290.436828613281 290.374359130859 290.311859130859 290.249389648438 290.186889648438 290.09814453125 290.000640869141 289.903137207031 289.805603027344 289.708099365234 289.610595703125 289.513061523438 289.444030761719 289.46044921875 289.476867675781 289.493255615234 289.509674072266 289.526092529297 289.54248046875 289.558898925781 289.601104736328 289.651916503906 289.702728271484 289.753509521484 289.804321289062 289.855133056641 289.905944824219 289.955047607422 289.999114990234 290.043212890625 290.087280273438 290.13134765625
289.696685791016 289.893646240234 290.090606689453 290.287567138672 290.367309570312 290.407989501953 290.448699951172 290.489379882812 290.530059814453 290.570770263672 290.611450195312 290.627685546875 290.570556640625 290.513427734375 290.456298828125 290.399169921875 290.342041015625 290.284912109375 290.227783203125 290.144439697266 290.052337646484 289.960266113281 289.868194580078 289.776092529297 289.684020996094 289.591949462891 289.525390625 289.535400390625 289.545440673828 289.555450439453 289.565460205078 289.575469970703 289.585479736328 289.595520019531 289.631652832031 289.676513671875 289.721343994141 289.766204833984 289.811065673828 289.855895996094 289.900756835938 289.945068359375 289.98779296875 290.030548095703 290.073272705078 290.115997314453
289.605499267578 289.79833984375 289.991180419922 290.183990478516 290.273406982422 290.328308105469 290.383209228516 290.438110351562 290.493041992188 290.547943115234 290.602844238281 290.631072998047 290.579315185547 290.527526855469 290.475738525391 290.423980712891 290.372192382812 290.320404052734 290.268646240234 290.190704345703 290.104064941406 290.017425537109 289.930755615234 289.844116210938 289.757476806641 289.670806884766 289.606750488281 289.6103515625 289.613983154297 289.617614746094 289.621246337891 289.624877929688 289.628479003906 289.632110595703 289.662200927734 289.701080322266 289.739990234375 289.778900146484 289.817779541016 289.856689453125 289.895568847656 289.935089111328 289.976470947266 290.017852783203 290.059234619141 290.100616455078
289.514312744141 289.703033447266 289.891723632812 290.080444335938 290.179473876953 290.248596191406 290.317718505859 290.386871337891 290.455993652344 290.525115966797 290.59423828125 290.634490966797 290.588073730469 290.541625976562 290.495208740234 290.448791503906 290.40234375 290.355926513672 290.309509277344 290.236999511719 290.15576171875 290.074554443359 289.993347167969 289.912109375 289.830902099609 289.749694824219 289.688079833984 289.685333251953 289.682556152344 289.679779052734 289.677032470703 289.674255371094 289.671478271484 289.668731689453 289.692749023438 289.725677490234 289.758636474609 289.791564941406 289.824523925781 289.857452392578 289.890411376953 289.925140380859 289.965148925781 290.005187988281 290.045227050781 290.085266113281
289.423126220703 289.607696533203 289.792297363281 289.976898193359 290.085540771484 290.168884277344 290.252258300781 290.335601806641 290.4189453125 290.502319335938 290.585662841797 290.637908935547 290.596832275391 290.555755615234 290.514678955078 290.473602294922 290.432525634766 290.391448974609 290.350372314453 290.283264160156 290.207489013672 290.131713867188 290.055908203125 289.980133056641 289.904357910156 289.828552246094 289.769439697266 289.760284423828 289.751129150391 289.741973876953 289.732818603516 289.7236328125 289.714477539062 289.705322265625 289.723297119141 289.750274658203 289.777282714844 289.804260253906 289.831237792969 289.858245849609 289.885223388672 289.915161132812 289.953826904297 289.992523193359 290.031219482422 290.069885253906
289.331939697266 289.512390136719 289.69287109375 289.873321533203 289.991638183594 290.089202880859 290.186767578125 290.284332275391 290.381927490234 290.4794921875 290.577056884766 290.641296386719 290.605590820312 290.569854736328 290.534149169922 290.498413085938 290.462677001953 290.426971435547 290.391235351562 290.329559326172 290.259185791016 290.188842773438 290.118499755859 290.048126220703 289.977783203125 289.907440185547 289.850799560547 289.835235595703 289.819702148438 289.804138183594 289.78857421875 289.773040771484 289.757476806641 289.741943359375 289.753814697266 289.774871826172 289.7958984375 289.816955566406 289.837982177734 289.859008789062 289.880065917969 289.905181884766 289.942504882812 289.979858398438 290.017181396484 290.054534912109
289.228057861328 289.392425537109 289.556823730469 289.721221923828 289.838775634766 289.940765380859 290.042724609375 290.144683837891 290.246643066406 290.348602294922 290.450561523438 290.521850585938 290.501098632812 290.480316162109 290.459564208984 290.438812255859 290.418060302734 290.397277832031 290.376525878906 290.331359863281 290.278045654297 290.224731445312 290.171417236328 290.118103027344 290.064788818359 290.011474609375 289.967041015625 289.949188232422 289.931365966797 289.913543701172 289.895721435547 289.877868652344 289.860046386719 289.842224121094 289.846923828125 289.859161376953 289.871398925781 289.883636474609 289.895874023438 289.908111572266 289.920349121094 289.937927246094 289.971466064453 290.004974365234 290.038513183594 290.072052001953
289.111450195312 289.247833251953 289.384185791016 289.520568847656 289.627044677734 289.723571777344 289.820098876953 289.916595458984 290.013122558594 290.109649658203 290.206146240234 290.279510498047 290.283325195312 290.287139892578 290.290954589844 290.294769287109 290.298583984375 290.302429199219 290.306243896484 290.288696289062 290.264007568359 290.239349365234 290.214691162109 290.190002441406 290.165344238281 290.140686035156 290.1181640625 290.102172851562 290.086181640625 290.070159912109 290.054168701172 290.038177490234 290.022155761719 290.006164550781 290.002593994141 290.003204345703 290.003784179688 290.004364013672 290.004943847656 290.005554199219 290.006134033203 290.013397216797 290.040649414062 290.067932128906 290.095184326172 290.122436523438
288.994873046875 289.103210449219 289.211578369141 289.319915771484 289.415313720703 289.506378173828 289.597442626953 289.688537597656 289.779602050781 289.870697021484 289.961761474609 290.037170410156 290.065551757812 290.093963623047 290.122344970703 290.150756835938 290.179138183594 290.207550048828 290.235931396484 290.246032714844 290.25 290.253967285156 290.257965087891 290.261932373047 290.265899658203 290.269866943359 290.269317626953 290.255157470703 290.240966796875 290.226806640625 290.212646484375 290.198455810547 290.184295654297 290.170104980469 290.158264160156 290.147216796875 290.136138916016 290.125091552734 290.114013671875 290.102966308594 290.091888427734 290.088836669922 290.10986328125 290.130859375 290.15185546875 290.1728515625
288.878295898438 288.958618164062 289.038940429688 289.119262695312 289.203552246094 289.289184570312 289.374816894531 289.46044921875 289.546081542969 289.631713867188 289.717346191406 289.794830322266 289.847808837891 289.900787353516 289.953735351562 290.006713867188 290.059692382812 290.112670898438 290.165649414062 290.203369140625 290.235992431641 290.268615722656 290.301208496094 290.333831787109 290.366455078125 290.399078369141 290.420471191406 290.408111572266 290.395782470703 290.383422851562 290.37109375 290.358764648438 290.346405029297 290.334075927734 290.313934326172 290.291229248047 290.268524169922 290.245819091797 290.223083496094 290.200378417969 290.177673339844 290.164306640625 290.179046630859 290.193786621094 290.208526611328 290.223236083984
