data/working_set_collections/6091692-Cassins_Sparrow-M2/2005/tsat_avg.asc
NCOLS 265 
NROWS 230 
XLLCORNER -115.5625 
YLLCORNER 24.8333333333333 
CELLSIZE 0.0833333333333333 
NODATA_value -9999 
[rows 80 to 99 of 230, columns 184 to 229 of 265]
285.717956542969 285.740753173828 285.763549804688 285.778503417969 285.790832519531 285.803161621094 285.815460205078 285.827789306641 285.840118408203 285.852447509766 285.864898681641 285.877807617188 285.890686035156 285.903564453125 285.916442871094 285.929321289062 285.942199707031 285.955078125 285.984436035156 286.019226074219 286.054046630859 286.0888671875 286.123657226562 286.158477783203 286.193298339844 286.219909667969 286.221923828125 286.223968505859 286.226013183594 286.22802734375 286.230072021484 286.232116699219 286.234130859375 286.218841552734 286.197723388672 286.176635742188 286.155548095703 286.134429931641 286.113342285156 286.092254638672 286.078308105469 286.085876464844 286.093444824219 286.100982666016 286.108551025391 286.116119384766
285.873077392578 285.903228759766 285.933380126953 285.950317382812 285.962860107422 285.975372314453 285.987915039062 286.000457763672 286.012969970703 286.025512695312 286.03759765625 286.04833984375 286.059112548828 286.069854736328 286.080596923828 286.091339111328 286.102111816406 286.112854003906 286.140258789062 286.173187255859 286.206146240234 286.239074707031 286.272033691406 286.304992675781 286.337921142578 286.362121582031 286.360046386719 286.358001708984 286.355926513672 286.353851318359 286.351776123047 286.349731445312 286.34765625 286.331146240234 286.309844970703 286.288543701172 286.267211914062 286.245910644531 286.224609375 286.203308105469 286.189361572266 286.197570800781 286.205780029297 286.213958740234 286.22216796875 286.230377197266
286.028228759766 286.065704345703 286.103210449219 286.122131347656 286.134857177734 286.147613525391 286.160369873047 286.173095703125 286.185852050781 286.198577880859 286.210296630859 286.218902587891 286.2275390625 286.236145019531 286.244750976562 286.253387451172 286.261993408203 286.270599365234 286.296081542969 286.3271484375 286.358245849609 286.389343261719 286.42041015625 286.451507568359 286.482574462891 286.504333496094 286.498168945312 286.492004394531 286.48583984375 286.479675292969 286.473510742188 286.467346191406 286.461181640625 286.443481445312 286.421966552734 286.400451660156 286.37890625 286.357391357422 286.335876464844 286.314331054688 286.300415039062 286.309265136719 286.318115234375 286.326934814453 286.335784912109 286.344635009766
286.183349609375 286.228179931641 286.273010253906 286.2939453125 286.306884765625 286.319854736328 286.332794189453 286.345764160156 286.358703613281 286.371673583984 286.382995605469 286.389465332031 286.395965576172 286.402435302734 286.408935546875 286.415405273438 286.421875 286.428375244141 286.451904296875 286.481140136719 286.510345458984 286.53955078125 286.568786621094 286.597991943359 286.627227783203 286.646575927734 286.636291503906 286.626037597656 286.615753173828 286.605499267578 286.59521484375 286.5849609375 286.574676513672 286.555816650391 286.534088134766 286.512329101562 286.490600585938 286.468872070312 286.447143554688 286.425384521484 286.411468505859 286.420959472656 286.430450439453 286.439910888672 286.449401855469 286.458892822266
286.260375976562 286.307739257812 286.355133056641 286.379119873047 286.395324707031 286.411529541016 286.427734375 286.443939208984 286.460144042969 286.476348876953 286.490570068359 286.498718261719 286.506896972656 286.515075683594 286.523223876953 286.531402587891 286.539581298828 286.547729492188 286.569885253906 286.596710205078 286.623504638672 286.650329589844 286.677124023438 286.703918457031 286.730743408203 286.748260498047 286.737915039062 286.727600097656 286.717254638672 286.706909179688 286.696563720703 286.686248779297 286.675903320312 286.658905029297 286.639709472656 286.620513916016 286.601318359375 286.582092285156 286.562896728516 286.543701171875 286.531616210938 286.540863037109 286.550079345703 286.559326171875 286.568572998047 286.577789306641
286.259338378906 286.304412841797 286.349487304688 286.377655029297 286.400146484375 286.422668457031 286.445159912109 286.467681884766 286.490173339844 286.5126953125 286.532989501953 286.546661376953 286.560333251953 286.574005126953 286.587707519531 286.601379394531 286.615051269531 286.628723144531 286.650024414062 286.673889160156 286.697723388672 286.721588134766 286.745422363281 286.769287109375 286.793121337891 286.809417724609 286.803039550781 286.796691894531 286.790313720703 286.783935546875 286.777557373047 286.771209716797 286.764831542969 286.752807617188 286.738861083984 286.724945068359 286.711029052734 286.697113037109 286.683197021484 286.669250488281 286.660858154297 286.6689453125 286.677062988281 286.685150146484 286.693267822266 286.701354980469
286.258270263672 286.301086425781 286.343872070312 286.376190185547 286.404998779297 286.433807373047 286.462615966797 286.491424560547 286.520202636719 286.549011230469 286.575408935547 286.594604492188 286.613800048828 286.632965087891 286.652160644531 286.671325683594 286.690521240234 286.709716796875 286.730163574219 286.751068115234 286.771942138672 286.792846679688 286.813720703125 286.834625244141 286.855499267578 286.870574951172 286.8681640625 286.865783691406 286.863372802734 286.860961914062 286.858551025391 286.856170654297 286.853759765625 286.8466796875 286.838043212891 286.829406738281 286.820739746094 286.812103271484 286.803466796875 286.794830322266 286.790100097656 286.797058105469 286.804016113281 286.810974121094 286.817962646484 286.824920654297
286.257232666016 286.297729492188 286.338256835938 286.374725341797 286.409820556641 286.444946289062 286.480041503906 286.51513671875 286.550262451172 286.585357666016 286.617858886719 286.642547607422 286.667236328125 286.691925048828 286.716613769531 286.741302490234 286.765991210938 286.790679931641 286.810302734375 286.828247070312 286.846160888672 286.864105224609 286.882019042969 286.899963378906 286.917907714844 286.931732177734 286.933288574219 286.934875488281 286.936431884766 286.93798828125 286.939544677734 286.941131591797 286.942687988281 286.940551757812 286.937194824219 286.933837890625 286.930480957031 286.927124023438 286.923736572266 286.920379638672 286.919311523438 286.925170898438 286.930999755859 286.936828613281 286.942657470703 286.948486328125
286.256164550781 286.294403076172 286.332641601562 286.373260498047 286.414672851562 286.4560546875 286.497467041016 286.538879394531 286.580291748047 286.621673583984 286.660278320312 286.690490722656 286.720672607422 286.750885009766 286.781066894531 286.811279296875 286.841461181641 286.871673583984 286.890441894531 286.905426025391 286.920379638672 286.935363769531 286.950347900391 286.965301513672 286.980285644531 286.992889404297 286.998413085938 287.003967285156 287.009490966797 287.015014648438 287.020538330078 287.026092529297 287.031616210938 287.034423828125 287.036346435547 287.038269042969 287.040191650391 287.042114257812 287.044036865234 287.045959472656 287.048553466797 287.053253173828 287.057952880859 287.062652587891 287.067352294922 287.072052001953
286.255126953125 286.291076660156 286.327026367188 286.371795654297 286.419494628906 286.467193603516 286.514892578125 286.562622070312 286.610321044922 286.658020019531 286.702728271484 286.738433837891 286.774139404297 286.809844970703 286.845520019531 286.881225585938 286.916931152344 286.95263671875 286.970581054688 286.982604980469 286.994598388672 287.006622314453 287.018646240234 287.030639648438 287.042663574219 287.054046630859 287.063537597656 287.073059082031 287.082550048828 287.092041015625 287.101531982422 287.111053466797 287.120544433594 287.128326416016 287.135528564453 287.142700195312 287.14990234375 287.157104492188 287.164306640625 287.171508789062 287.177795410156 287.181365966797 287.184936523438 287.1884765625 287.192047119141 287.195617675781
286.279907226562 286.312744140625 286.345550537109 286.389984130859 286.438262939453 286.486541748047 286.534820556641 286.583099365234 286.631408691406 286.6796875 286.725219726562 286.762573242188 286.799896240234 286.837249755859 286.874572753906 286.911926269531 286.949249267578 286.986572265625 287.007385253906 287.022674560547 287.037963867188 287.053253173828 287.068572998047 287.083862304688 287.099151611328 287.113616943359 287.125701904297 287.137756347656 287.149810791016 287.161865234375 287.173950195312 287.186004638672 287.198059082031 287.209014892578 287.219604492188 287.230163574219 287.240753173828 287.251342773438 287.261932373047 287.272491455078 287.28125 287.284484863281 287.287750244141 287.290985107422 287.294250488281 287.297485351562
286.33056640625 286.359405517578 286.388244628906 286.427825927734 286.470977783203 286.514099121094 286.557250976562 286.600372314453 286.643524169922 286.686676025391 286.727783203125 286.762878417969 286.798004150391 286.833099365234 286.868194580078 286.903289794922 286.938385009766 286.973480224609 287.000885009766 287.025695800781 287.050476074219 287.075286865234 287.10009765625 287.124908447266 287.149719238281 287.171630859375 287.184844970703 287.198059082031 287.211273193359 287.224517822266 287.237731933594 287.250946044922 287.26416015625 287.276519775391 287.28857421875 287.300659179688 287.312713623047 287.324798583984 287.336853027344 287.348937988281 287.358917236328 287.362670898438 287.366424560547 287.370178222656 287.373931884766 287.377716064453
286.381225585938 286.406097412109 286.430969238281 286.465667724609 286.503662109375 286.541656494141 286.579650878906 286.617645263672 286.655639648438 286.693634033203 286.730346679688 286.763214111328 286.796081542969 286.828948974609 286.86181640625 286.894683837891 286.927551269531 286.960388183594 286.994354248047 287.028686523438 287.063018798828 287.097320556641 287.131652832031 287.165985107422 287.200286865234 287.229644775391 287.244018554688 287.258392333984 287.272766113281 287.287139892578 287.301513671875 287.315887451172 287.330261230469 287.344024658203 287.357574462891 287.371124267578 287.384674072266 287.398254394531 287.411804199219 287.425354003906 287.436584472656 287.440856933594 287.445129394531 287.449371337891 287.453643798828 287.457916259766
286.431854248047 286.452758789062 286.473663330078 286.503509521484 286.536376953125 286.569213867188 286.602081298828 286.634918212891 286.667785644531 286.700622558594 286.732940673828 286.763549804688 286.794189453125 286.824798583984 286.855438232422 286.886047363281 286.916687011719 286.947296142578 286.987854003906 287.031677246094 287.075531005859 287.119354248047 287.163208007812 287.20703125 287.250885009766 287.287628173828 287.303161621094 287.318695068359 287.334228515625 287.349761962891 287.365295410156 287.380828857422 287.396362304688 287.411529541016 287.426574707031 287.441619873047 287.456665039062 287.4716796875 287.486724853516 287.501770019531 287.514251708984 287.519012451172 287.523803710938 287.528564453125 287.533355712891 287.538116455078
286.482513427734 286.499420166016 286.516357421875 286.541351318359 286.569061279297 286.596771240234 286.624481201172 286.652191162109 286.679901123047 286.707611083984 286.735504150391 286.763885498047 286.792266845703 286.820678710938 286.849060058594 286.87744140625 286.905822753906 286.934204101562 286.981323242188 287.034698486328 287.088043212891 287.141387939453 287.194732666016 287.248107910156 287.301452636719 287.345642089844 287.362335205078 287.379028320312 287.395721435547 287.412384033203 287.429077148438 287.445770263672 287.462463378906 287.479034423828 287.495574951172 287.512084960938 287.528625488281 287.545135498047 287.561676025391 287.578216552734 287.591918945312 287.597198486328 287.602478027344 287.607757568359 287.613037109375 287.618316650391
286.533172607422 286.546112060547 286.559051513672 286.579193115234 286.601776123047 286.624328613281 286.646911621094 286.669464111328 286.692047119141 286.714599609375 286.738067626953 286.764221191406 286.790374755859 286.816528320312 286.842681884766 286.868835449219 286.894989013672 286.921112060547 286.974822998047 287.037689208984 287.100555419922 287.163421630859 287.226287841797 287.289154052734 287.352020263672 287.403656005859 287.421478271484 287.439331054688 287.457183837891 287.475036621094 287.492858886719 287.510711669922 287.528564453125 287.546539306641 287.564544677734 287.582580566406 287.6005859375 287.618591308594 287.636627197266 287.654632568359 287.669586181641 287.675384521484 287.68115234375 287.686950683594 287.692749023438 287.698516845703
286.584442138672 286.598907470703 286.613372802734 286.632934570312 286.654205322266 286.675445556641 286.696716308594 286.717956542969 286.739196777344 286.760467529297 286.782104492188 286.804840087891 286.827575683594 286.850311279297 286.873046875 286.895782470703 286.918518066406 286.941253662109 286.995269775391 287.059692382812 287.124114990234 287.188537597656 287.252960205078 287.3173828125 287.381805419922 287.435180664062 287.455322265625 287.475463867188 287.49560546875 287.515747070312 287.535888671875 287.556030273438 287.576171875 287.596282958984 287.616424560547 287.636566162109 287.656677246094 287.676818847656 287.696929931641 287.717071533203 287.733947753906 287.741027832031 287.748107910156 287.755218505859 287.762298583984 287.769378662109
286.636383056641 286.657867431641 286.679351806641 286.702575683594 286.726348876953 286.750122070312 286.773895263672 286.797668457031 286.821441650391 286.84521484375 286.867584228516 286.885711669922 286.903869628906 286.921997070312 286.940155029297 286.958312988281 286.976440429688 286.994598388672 287.042663574219 287.100677490234 287.158721923828 287.216735839844 287.274749755859 287.332794189453 287.390808105469 287.440246582031 287.463806152344 287.487396240234 287.510955810547 287.534545898438 287.55810546875 287.581695556641 287.605255126953 287.628295898438 287.651184082031 287.674041748047 287.696929931641 287.719787597656 287.74267578125 287.765533447266 287.784973144531 287.794158935547 287.803344726562 287.812530517578 287.821716308594 287.830871582031
286.688323974609 286.716827392578 286.745330810547 286.772186279297 286.798492431641 286.824768066406 286.85107421875 286.877349853516 286.903656005859 286.929931640625 286.953063964844 286.966613769531 286.980163574219 286.993713378906 287.007263183594 287.020812988281 287.034393310547 287.047943115234 287.090057373047 287.141662597656 287.193298339844 287.244934082031 287.296569824219 287.348205566406 287.399810791016 287.445281982422 287.472290039062 287.499298095703 287.526306152344 287.553314208984 287.580322265625 287.607330322266 287.634338378906 287.660308837891 287.685943603516 287.711547851562 287.737152099609 287.762786865234 287.788391113281 287.813995361328 287.836029052734 287.847290039062 287.858581542969 287.869842529297 287.881103515625 287.892364501953
286.740234375 286.775787353516 286.811309814453 286.841796875 286.870635986328 286.899444580078 286.928253173828 286.957061767578 286.985870361328 287.014678955078 287.038543701172 287.047485351562 287.056457519531 287.0654296875 287.074401855469 287.083343505859 287.092315673828 287.101287841797 287.137451171875 287.182678222656 287.227905273438 287.273132324219 287.318359375 287.363586425781 287.408813476562 287.450347900391 287.480804443359 287.51123046875 287.541687011719 287.572113037109 287.602569580078 287.632995605469 287.663452148438 287.692321777344 287.720672607422 287.749053955078 287.777404785156 287.805755615234 287.834106445312 287.862457275391 287.887084960938 287.900421142578 287.913787841797 287.927154541016 287.940521240234 287.953887939453
