data/working_set_collections/6091692-Cassins_Sparrow-M2/2005/wchange_avg.asc
NCOLS 265 
NROWS 230 
XLLCORNER -115.5625 
YLLCORNER 24.8333333333333 
CELLSIZE 0.0833333333333333 
NODATA_value -9999 
[rows 144 to 161 of 230, columns 200 to 239 of 265]
-3.24018174069352e-07 -2.68285191395989e-07 -2.52450718107866e-07 -2.49915757422059e-07 -2.47380796736252e-07 -2.44845807628735e-07 -2.42310846942928e-07 -2.39775886257121e-07 -2.37240897149604e-07 -2.30912903020908e-07 -2.13205780141834e-07 -1.95498671473615e-07 -1.77791562805396e-07 -1.60084454137177e-07 -1.42377345468958e-07 -1.24670222589884e-07 -1.06963113921665e-07 -9.24576326610804e-08 -7.90193652733251e-08 -6.55810907801424e-08 -5.21428198396734e-08 -3.87045488992044e-08 -2.52662779587354e-08 -1.18280052419095e-08 2.43522491061299e-09 1.91733313670284e-08 3.59114373793545e-08 5.26495433916807e-08 6.93876529567206e-08 8.61257589690467e-08 1.02863864981373e-07 1.19601978099126e-07 1.25266865325102e-07 1.27240667779915e-07 1.29214484445583e-07 1.31188301111251e-07 1.33162117776919e-07 1.35135934442587e-07 1.37109751108255e-07 1.37596359195413e-07
-3.3898717788361e-07 -2.89156105282018e-07 -2.72205738838238e-07 -2.66215636202105e-07 -2.60225533565972e-07 -2.54235402508129e-07 -2.48245299871996e-07 -2.42255168814154e-07 -2.36265066178021e-07 -2.28039468197494e-07 -2.1310745523806e-07 -1.98175442278625e-07 -1.83243429319191e-07 -1.68311416359757e-07 -1.53379389189467e-07 -1.38447376230033e-07 -1.23515363270599e-07 -1.09277870308233e-07 -9.52718792746055e-08 -8.12658953464052e-08 -6.72599043127775e-08 -5.32539168318635e-08 -3.92479293509496e-08 -2.52419418700356e-08 -1.17197620497222e-08 3.50997314546575e-10 1.24217560681927e-08 2.44925164594179e-08 3.65632750742861e-08 4.86340354655113e-08 6.07047923040227e-08 7.27755491425341e-08 7.75623050230934e-08 7.9921051110432e-08 8.2279804303198e-08 8.46385503905367e-08 8.69973035833027e-08 8.93560496706414e-08 9.17148028634074e-08 9.2663135831117e-08
-3.53956181697868e-07 -3.10027019168047e-07 -2.9196078799032e-07 -2.82515514982151e-07 -2.73070270395692e-07 -2.63624997387524e-07 -2.54179752801065e-07 -2.44734479792896e-07 -2.35289220995583e-07 -2.25166047584935e-07 -2.13009130334285e-07 -2.00852213083635e-07 -1.88695281622131e-07 -1.76538364371481e-07 -1.64381447120832e-07 -1.52224529870182e-07 -1.40067612619532e-07 -1.26098100849958e-07 -1.11524400381313e-07 -9.69506928072406e-08 -8.23769923385953e-08 -6.78032847645227e-08 -5.32295842958774e-08 -3.86558802745185e-08 -2.58747476777899e-08 -1.84713364603795e-08 -1.10679252429691e-08 -3.66451358146946e-09 3.73889808003014e-09 1.11423092974405e-08 1.85457214030293e-08 2.59491326204397e-08 2.98577482737983e-08 3.2601430888235e-08 3.53451170553853e-08 3.8088799669822e-08 4.08324858369724e-08 4.35761684514091e-08 4.63198510658458e-08 4.77299160195344e-08
-3.68925185512126e-07 -3.30897933054075e-07 -3.11715808720692e-07 -2.98815393762197e-07 -2.85915007225412e-07 -2.73014592266918e-07 -2.60114177308424e-07 -2.47213790771639e-07 -2.34313375813144e-07 -2.22292626972376e-07 -2.12910791219656e-07 -2.03528969677791e-07 -1.94147148135926e-07 -1.84765326594061e-07 -1.75383505052196e-07 -1.66001683510331e-07 -1.56619861968466e-07 -1.42918338497111e-07 -1.27776914382594e-07 -1.12635497373503e-07 -9.74940732589857e-08 -8.23526562498955e-08 -6.72112392408053e-08 -5.20698151262877e-08 -4.00297359703927e-08 -3.72936703740834e-08 -3.45576083304877e-08 -3.18215427341784e-08 -2.90854789142259e-08 -2.63494150942734e-08 -2.36133512743208e-08 -2.08772856780115e-08 -1.784680669914e-08 -1.47181884457837e-08 -1.15895701924273e-08 -8.46095193907104e-09 -5.33233324162552e-09 -2.20371498826921e-09 9.2490343162055e-10 2.7966984283978e-09
-3.83894160904674e-07 -3.51768818518394e-07 -3.31470829451064e-07 -3.15115272542243e-07 -2.98759744055133e-07 -2.82404187146312e-07 -2.66048630237492e-07 -2.49693073328672e-07 -2.33337544841561e-07 -2.19419192148962e-07 -2.12812466315881e-07 -2.06205740482801e-07 -1.99599014649721e-07 -1.9299228881664e-07 -1.8638556298356e-07 -1.79778837150479e-07 -1.73172111317399e-07 -1.59738576144264e-07 -1.44029428383874e-07 -1.28320294834339e-07 -1.12611161284804e-07 -9.69020277352683e-08 -8.11928870803058e-08 -6.54837535307706e-08 -5.41847207102819e-08 -5.61160042877873e-08 -5.80472878652927e-08 -5.99785749955117e-08 -6.19098585730171e-08 -6.38411421505225e-08 -6.57724257280279e-08 -6.77037093055333e-08 -6.55513616720782e-08 -6.20378060034454e-08 -5.852425744024e-08 -5.5010705324321e-08 -5.14971496556882e-08 -4.79835975397691e-08 -4.447004542385e-08 -4.21365200509172e-08
-3.98863164718932e-07 -3.72639732404423e-07 -3.51225850181436e-07 -3.3141515132229e-07 -3.11604480884853e-07 -2.91793782025707e-07 -2.7198308316656e-07 -2.52172384307414e-07 -2.32361699659123e-07 -2.16545771536403e-07 -2.12714141412107e-07 -2.08882511287811e-07 -2.05050881163515e-07 -2.0121925103922e-07 -1.97387620914924e-07 -1.93555976579773e-07 -1.89724346455478e-07 -1.76558799580562e-07 -1.60281956596009e-07 -1.44005099400601e-07 -1.27728242205194e-07 -1.11451392115214e-07 -9.51745420252337e-08 -7.88976919352535e-08 -6.83397090028848e-08 -7.49383417542049e-08 -8.15369674000976e-08 -8.81356001514177e-08 -9.47342329027379e-08 -1.01332865654058e-07 -1.07931491299951e-07 -1.14530124051271e-07 -1.1325591486866e-07 -1.09357429778356e-07 -1.05458944688053e-07 -1.01560452492322e-07 -9.76619674020185e-08 -9.3763482311715e-08 -8.98649901159843e-08 -8.70697363097861e-08
-3.82793501785272e-07 -3.59799940952144e-07 -3.38400042210196e-07 -3.17531402060922e-07 -2.96662733489939e-07 -2.75794093340664e-07 -2.5492545319139e-07 -2.34056784620407e-07 -2.13188130260278e-07 -1.9715331234238e-07 -1.95619989540319e-07 -1.94086666738258e-07 -1.92553329725342e-07 -1.91020006923281e-07 -1.89486684121221e-07 -1.8795336131916e-07 -1.86420024306244e-07 -1.7391701589986e-07 -1.57757440888417e-07 -1.4159785166612e-07 -1.25438276654677e-07 -1.09278701643234e-07 -9.3119126631791e-08 -7.69595516203481e-08 -6.71998847678879e-08 -7.66399494978032e-08 -8.60800142277185e-08 -9.55200860630612e-08 -1.04960150792976e-07 -1.14400215522892e-07 -1.23840280252807e-07 -1.3328035208815e-07 -1.33132360247146e-07 -1.29788347180693e-07 -1.2644433411424e-07 -1.23100335258641e-07 -1.19756322192188e-07 -1.16412309125735e-07 -1.1306830316471e-07 -1.10866835711931e-07
-3.35685115260276e-07 -3.13249415739847e-07 -2.92993433959055e-07 -2.73463996336432e-07 -2.53934558713809e-07 -2.3440513530204e-07 -2.14875711890272e-07 -1.95346288478504e-07 -1.75816850855881e-07 -1.61241828777747e-07 -1.61530010700517e-07 -1.61818206834141e-07 -1.62106388756911e-07 -1.6239457067968e-07 -1.62682766813305e-07 -1.62970948736074e-07 -1.63259130658844e-07 -1.5181319668045e-07 -1.36455881261099e-07 -1.21098580052603e-07 -1.05741264633252e-07 -9.03839492139014e-08 -7.50266408999778e-08 -5.96693325860542e-08 -5.07652444525775e-08 -6.12208310712958e-08 -7.16764247954416e-08 -8.21320185195873e-08 -9.25876051383057e-08 -1.03043198862451e-07 -1.13498792586597e-07 -1.23954379205315e-07 -1.25180690702109e-07 -1.23330565315882e-07 -1.2148045414051e-07 -1.19630328754283e-07 -1.17780210473484e-07 -1.15930092192684e-07 -1.14079973911885e-07 -1.1352782536278e-07
-2.88576757156989e-07 -2.6669891894926e-07 -2.47586797286203e-07 -2.29396590611941e-07 -2.11206383937679e-07 -1.93016177263416e-07 -1.74825984800009e-07 -1.56635778125747e-07 -1.38445571451484e-07 -1.25330345213115e-07 -1.2744004607157e-07 -1.29549746930024e-07 -1.31659447788479e-07 -1.33769148646934e-07 -1.35878849505389e-07 -1.37988536152989e-07 -1.40098237011443e-07 -1.2970937746104e-07 -1.15154335844636e-07 -1.00599294228232e-07 -8.60442455064003e-08 -7.14892038899961e-08 -5.69341551681646e-08 -4.23791099990467e-08 -3.43306041372671e-08 -4.58017197502159e-08 -5.72728353631646e-08 -6.87439509761134e-08 -8.02150665890622e-08 -9.1686182202011e-08 -1.0315729781496e-07 -1.14628413427909e-07 -1.17229021157073e-07 -1.16872790556499e-07 -1.16516559955926e-07 -1.16160329355353e-07 -1.15804098754779e-07 -1.15447875259633e-07 -1.1509164465906e-07 -1.16188807908202e-07
-2.41468399053701e-07 -2.20148393736963e-07 -2.02180160613352e-07 -1.85329184887451e-07 -1.68478209161549e-07 -1.51627219224792e-07 -1.34776243498891e-07 -1.17925267772989e-07 -1.01074292047088e-07 -8.94188616484826e-08 -9.33500743371951e-08 -9.72812870259077e-08 -1.0121249971462e-07 -1.05143712403333e-07 -1.09074925092045e-07 -1.13006137780758e-07 -1.1693735046947e-07 -1.07605565347058e-07 -9.38527904281727e-08 -8.01000084038606e-08 -6.63472263795484e-08 -5.25944479079499e-08 -3.88416694363514e-08 -2.50888909647529e-08 -1.78959655983135e-08 -3.03826048764222e-08 -4.28692459308877e-08 -5.53558834326395e-08 -6.78425280398187e-08 -8.03291655415705e-08 -9.28158030433224e-08 -1.05302447650502e-07 -1.09277351612036e-07 -1.10415008691689e-07 -1.11552672876769e-07 -1.12690329956422e-07 -1.13827994141502e-07 -1.14965651221155e-07 -1.16103315406235e-07 -1.18849790453623e-07
-1.9436002673956e-07 -1.73597882735521e-07 -1.56773523940501e-07 -1.4126177916296e-07 -1.25750020174564e-07 -1.10238268291596e-07 -9.47265164086275e-08 -7.92147645256591e-08 -6.37030055372634e-08 -5.35073745311365e-08 -5.92600990501069e-08 -6.50128271217909e-08 -7.07655516407613e-08 -7.65182761597316e-08 -8.2271000678702e-08 -8.80237323030997e-08 -9.377645682207e-08 -8.55017532330749e-08 -7.2551237906282e-08 -5.96007261322029e-08 -4.66502108054101e-08 -3.3699699031331e-08 -2.07491837045382e-08 -7.7986710422806e-09 -1.46132694833767e-09 -1.49634917789854e-08 -2.84656547222539e-08 -4.19678194418793e-08 -5.54699823851479e-08 -6.89721488811301e-08 -8.2474308271685e-08 -9.59764747676672e-08 -1.01325682066999e-07 -1.03957226826878e-07 -1.06588778692185e-07 -1.09220330557491e-07 -1.11851882422798e-07 -1.14483434288104e-07 -1.1711498615341e-07 -1.21510765893618e-07
-1.47251654425418e-07 -1.27047371734079e-07 -1.11366901478505e-07 -9.71943734384695e-08 -8.3021838293007e-08 -6.88493102529719e-08 -5.46767857656505e-08 -4.05042541729017e-08 -2.63317261328666e-08 -1.75958891901473e-08 -2.51701290920892e-08 -3.27443672176742e-08 -4.0318607119616e-08 -4.78928434688441e-08 -5.5467083370786e-08 -6.30413197200141e-08 -7.06155631746697e-08 -6.33979340136648e-08 -5.1249688937105e-08 -3.91014403078316e-08 -2.6953193454915e-08 -1.48049466019984e-08 -2.65669886090336e-09 9.49154888019166e-09 1.49733114795936e-08 4.55623566653074e-10 -1.40620644017986e-08 -2.85797536747623e-08 -4.30974402831907e-08 -5.7615128667976e-08 -7.2132820605475e-08 -8.66505089902603e-08 -9.33740125219629e-08 -9.74994520674954e-08 -1.01624891613028e-07 -1.05750331158561e-07 -1.09875770704093e-07 -1.14001210249626e-07 -1.18126656900586e-07 -1.24171762649894e-07
-1.14159128372648e-07 -9.54331511593409e-08 -8.1565467269229e-08 -6.93172168553247e-08 -5.70689664414203e-08 -4.4820716027516e-08 -3.25724656136117e-08 -2.03242134233506e-08 -8.07596300944624e-09 -9.71939750904482e-10 -9.30059940174033e-09 -1.76292598297323e-08 -2.59579202577243e-08 -3.42865789093594e-08 -4.26152411137082e-08 -5.09438997653433e-08 -5.92725584169784e-08 -5.23627257109638e-08 -4.03733935172568e-08 -2.83840613235498e-08 -1.63947291298427e-08 -4.40539604795731e-09 7.5839361457497e-09 1.95732692276351e-08 2.5100536760192e-08 1.12416103092983e-08 -2.61731525341702e-09 -1.64762408161323e-08 -3.03351654906692e-08 -4.41940919415629e-08 -5.80530183924566e-08 -7.19119412906366e-08 -7.95885028992416e-08 -8.52042703058942e-08 -9.08200448179741e-08 -9.64358122246267e-08 -1.02051579631279e-07 -1.07667354143359e-07 -1.13283121550012e-07 -1.207155122529e-07
-9.50824414758245e-08 -7.87552281167336e-08 -6.73692355235289e-08 -5.76303165189529e-08 -4.78913975143769e-08 -3.81524785098009e-08 -2.8413557728868e-08 -1.86746369479351e-08 -8.9357170551807e-09 -3.63552477011808e-09 -1.16515135317741e-08 -1.96675031816085e-08 -2.76834928314429e-08 -3.56994824812773e-08 -4.37154703547549e-08 -5.17314617809461e-08 -5.97474496544237e-08 -5.23961212195445e-08 -3.99223516467373e-08 -2.74485838502869e-08 -1.49748160538365e-08 -2.50104714716315e-09 9.97272131542104e-09 2.24464891118714e-08 2.89203470060784e-08 1.73944698644846e-08 5.86859361106917e-09 -5.65728308643543e-09 -1.718315978394e-08 -2.87090369255338e-08 -4.02349122907708e-08 -5.17607894323646e-08 -5.99691603042629e-08 -6.70716957529294e-08 -7.41742383070232e-08 -8.12767737556896e-08 -8.83793092043561e-08 -9.54818517584499e-08 -1.02584387207116e-07 -1.11142043124346e-07
-7.60057474735731e-08 -6.20773050741263e-08 -5.31730073305425e-08 -4.59434161825811e-08 -3.87138285873334e-08 -3.1484237439372e-08 -2.42546498441243e-08 -1.70250604725197e-08 -9.79547198909358e-09 -6.29910967830938e-09 -1.40024276618078e-08 -2.17057465334847e-08 -2.94090654051615e-08 -3.71123825004815e-08 -4.48157031485152e-08 -5.25190202438353e-08 -6.0222340891869e-08 -5.24295167281252e-08 -3.94713097762178e-08 -2.65131063770241e-08 -1.35549020896519e-08 -5.96698135346685e-10 1.23615064850924e-08 2.53197107724645e-08 3.27401572519648e-08 2.35473294196709e-08 1.43545024755554e-08 5.16167508735066e-09 -4.03115230085405e-09 -1.3223980133148e-08 -2.24168079654419e-08 -3.1609634021379e-08 -4.03498212619979e-08 -4.89391247526783e-08 -5.75284317960723e-08 -6.61177352867526e-08 -7.47070387774329e-08 -8.32963422681132e-08 -9.18856528642209e-08 -1.01568581101219e-07
-5.69290605767492e-08 -4.53993855842327e-08 -3.89767755848425e-08 -3.42565158462094e-08 -2.95362578839331e-08 -2.48159999216568e-08 -2.00957419593806e-08 -1.53754839971043e-08 -1.0655226034828e-08 -8.96269458650067e-09 -1.63533417918416e-08 -2.37439898853609e-08 -3.11346362025233e-08 -3.85252860723995e-08 -4.59159323895619e-08 -5.33065822594381e-08 -6.06972321293142e-08 -5.2462912236706e-08 -3.9020271458412e-08 -2.55776306801181e-08 -1.21349899018242e-08 1.30765076544748e-09 1.47502907665853e-08 2.81929306567008e-08 3.65599674978512e-08 2.97001889748572e-08 2.28404104518631e-08 1.5980633705226e-08 9.12085518223194e-09 2.26107688128252e-09 -4.5987014196669e-09 -1.14584794985717e-08 -2.07304786670193e-08 -3.08065501997135e-08 -4.08826252851213e-08 -5.09586968178155e-08 -6.10347683505097e-08 -7.11108398832039e-08 -8.11869185213254e-08 -9.19951119726647e-08
-3.78523701272115e-08 -2.87214643179823e-08 -2.47805438391424e-08 -2.25696155098376e-08 -2.03586889568896e-08 -1.81477624039417e-08 -1.59368340746369e-08 -1.37259075216889e-08 -1.15149800805625e-08 -1.1626279494692e-08 -1.87042559218753e-08 -2.5782233237237e-08 -3.28602105525988e-08 -3.99381860916037e-08 -4.70161651833223e-08 -5.40941407223272e-08 -6.11721162613321e-08 -5.2496304192573e-08 -3.85692295878926e-08 -2.46421532068553e-08 -1.0715076825818e-08 3.21199977726394e-09 1.71390759362566e-08 3.10661540936508e-08 4.03797777437376e-08 3.58530485300435e-08 3.13263193163493e-08 2.6799591879012e-08 2.22728626653179e-08 1.77461334516238e-08 1.32194042379297e-08 8.69267591241396e-09 -1.11113673817442e-09 -1.26739774231055e-08 -2.42368169978135e-08 -3.57996583488784e-08 -4.73624979235865e-08 -5.89253410510082e-08 -7.04881770730026e-08 -8.24216428441105e-08
-1.87756779013171e-08 -1.20435430517318e-08 -1.05843120934423e-08 -1.08827160616443e-08 -1.11811191416678e-08 -1.14795231098697e-08 -1.17779270780716e-08 -1.20763310462735e-08 -1.23747350144754e-08 -1.42898644028833e-08 -2.1055170051909e-08 -2.78204765891132e-08 -3.45857849026743e-08 -4.13510896635216e-08 -4.8116394424369e-08 -5.488170273793e-08 -6.16470074987774e-08 -5.25296997011537e-08 -3.81181877173731e-08 -2.37066757335924e-08 -9.29516374981176e-09 5.1163486780581e-09 1.95278602177495e-08 3.39393722015302e-08 4.4199587989624e-08 4.20059080852297e-08 3.98122281808355e-08 3.76185482764413e-08 3.54248683720471e-08 3.32311884676528e-08 3.10375121159723e-08 2.88438304352212e-08 1.85082047465812e-08 5.45859668577009e-09 -7.59101137504103e-09 -2.06406198799414e-08 -3.36902274966633e-08 -4.67398351133852e-08 -5.97894427301071e-08 -7.28481737155562e-08
