data/working_set_collections/6091692-Cassins_Sparrow-M2/2005/wchange_avg.asc
NCOLS 265 
NROWS 230 
XLLCORNER -115.5625 
YLLCORNER 24.8333333333333 
CELLSIZE 0.0833333333333333 
NODATA_value -9999 
[rows 108 to 125 of 230, columns 0 to 39 of 265]
-2.16427210375514e-07 -2.27402267682919e-07 -2.38377339201179e-07 -2.49352410719439e-07 -2.60327482237699e-07 -2.71302553755959e-07 -2.82277596852509e-07 -3.03244888755216e-07 -3.27542920786073e-07 -3.51840952816929e-07 -3.76138984847785e-07 -4.00437016878641e-07 -4.24735048909497e-07 -4.49033080940353e-07 -4.76766700785447e-07 -5.14807140916673e-07 -5.52847609469609e-07 -5.90888078022545e-07 -6.28928489732061e-07 -6.66968958284997e-07 -7.05009426837933e-07 -7.43049838547449e-07 -7.68823554153641e-07 -7.905082952675e-07 -8.12193036381359e-07 -8.33877834338637e-07 -8.55562575452495e-07 -8.77247316566354e-07 -8.98932114523632e-07 -9.16469900857919e-07 -9.21566766010073e-07 -9.26663631162228e-07 -9.31760496314382e-07 -9.36857361466537e-07 -9.4195428346211e-07 -9.47051148614264e-07 -9.52148013766418e-07 -9.23315553791326e-07 -8.83173356669431e-07 -8.43031102704117e-07
-2.08584523875288e-07 -2.18949594454898e-07 -2.29314679245363e-07 -2.39679764035827e-07 -2.50044848826292e-07 -2.60409905195047e-07 -2.70774989985512e-07 -2.91567943122573e-07 -3.15836842901263e-07 -3.40105771101662e-07 -3.64374670880352e-07 -3.88643599080751e-07 -4.12912498859441e-07 -4.37181398638131e-07 -4.64122820176271e-07 -4.99081693305925e-07 -5.34040566435579e-07 -5.68999496408651e-07 -6.03958369538304e-07 -6.38917242667958e-07 -6.73876115797611e-07 -7.08835045770684e-07 -7.3248043008789e-07 -7.52354708311032e-07 -7.72228986534174e-07 -7.92103264757316e-07 -8.11977542980458e-07 -8.318518212036e-07 -8.51726099426742e-07 -8.68352174165921e-07 -8.75233865826885e-07 -8.82115500644431e-07 -8.88997192305396e-07 -8.95878827122942e-07 -9.02760518783907e-07 -9.09642153601453e-07 -9.16523845262418e-07 -8.93134142643248e-07 -8.5965399421184e-07 -8.26173845780431e-07
-2.00741823164208e-07 -2.10496921226877e-07 -2.20252019289546e-07 -2.30007103141361e-07 -2.39762186993175e-07 -2.49517285055845e-07 -2.59272383118514e-07 -2.79890997489929e-07 -3.04130793438162e-07 -3.28370589386395e-07 -3.52610356912919e-07 -3.76850152861152e-07 -4.01089948809386e-07 -4.25329744757619e-07 -4.51478911145387e-07 -4.83356245695177e-07 -5.15233580244967e-07 -5.47110914794757e-07 -5.78988249344548e-07 -6.10865527050919e-07 -6.42742861600709e-07 -6.74620196150499e-07 -6.96137362865556e-07 -7.14201178197982e-07 -7.32264936686988e-07 -7.50328695175995e-07 -7.6839251050842e-07 -7.86456268997426e-07 -8.04520027486433e-07 -8.20234504317341e-07 -8.28900965643697e-07 -8.37567426970054e-07 -8.46233831452992e-07 -8.54900292779348e-07 -8.63566754105705e-07 -8.72233215432061e-07 -8.80899676758418e-07 -8.6295273149517e-07 -8.36134688597667e-07 -8.09316645700164e-07
-1.92899136663982e-07 -2.02044247998856e-07 -2.11189345122875e-07 -2.20334456457749e-07 -2.29479553581768e-07 -2.38624664916642e-07 -2.47769776251516e-07 -2.68214051857285e-07 -2.92424715553352e-07 -3.16635379249419e-07 -3.40846042945486e-07 -3.65056735063263e-07 -3.8926739875933e-07 -4.13478062455397e-07 -4.38835002114502e-07 -4.67630769662719e-07 -4.96426537210937e-07 -5.25222333180864e-07 -5.54018072307372e-07 -5.82813868277299e-07 -6.11609607403807e-07 -6.40405403373734e-07 -6.59794295643223e-07 -6.76047591241513e-07 -6.92300886839803e-07 -7.08554182438093e-07 -7.24807478036382e-07 -7.41060716791253e-07 -7.57314012389543e-07 -7.72116834468761e-07 -7.82568065460509e-07 -7.93019296452258e-07 -8.03470527444006e-07 -8.13921758435754e-07 -8.24372989427502e-07 -8.34824277262669e-07 -8.45275508254417e-07 -8.32771320347092e-07 -8.12615326140076e-07 -7.92459388776479e-07
-1.85056450163756e-07 -1.93591574770835e-07 -2.02126685167059e-07 -2.10661809774138e-07 -2.19196920170361e-07 -2.27732030566585e-07 -2.36267155173664e-07 -2.56537106224641e-07 -2.80718637668542e-07 -3.04900197534153e-07 -3.29081757399763e-07 -3.53263288843664e-07 -3.77444848709274e-07 -4.01626408574884e-07 -4.26191121505326e-07 -4.51905322051971e-07 -4.77619551020325e-07 -5.0333375156697e-07 -5.29047952113615e-07 -5.5476215266026e-07 -5.80476353206905e-07 -6.0619055375355e-07 -6.2345122842089e-07 -6.37894004285045e-07 -6.52336836992617e-07 -6.66779612856772e-07 -6.81222388720926e-07 -6.95665221428499e-07 -7.10107997292653e-07 -7.23999107776763e-07 -7.36235165277321e-07 -7.48471165934461e-07 -7.6070722343502e-07 -7.7294322409216e-07 -7.85179281592718e-07 -7.97415282249858e-07 -8.09651339750417e-07 -8.02589909199014e-07 -7.89096020525903e-07 -7.75602131852793e-07
-1.77213763663531e-07 -1.85138901542814e-07 -1.93064025211243e-07 -2.00989148879671e-07 -2.08914286758954e-07 -2.16839410427383e-07 -2.24764534095812e-07 -2.44860132170288e-07 -2.69012588205442e-07 -2.93165015818886e-07 -3.1731744343233e-07 -3.41469871045774e-07 -3.65622298659218e-07 -3.89774726272663e-07 -4.13547212474441e-07 -4.36179846019513e-07 -4.58812507986295e-07 -4.81445169953076e-07 -5.04077775076439e-07 -5.26710437043221e-07 -5.49343099010002e-07 -5.71975760976784e-07 -5.87108161198557e-07 -5.99740474171995e-07 -6.12372730302013e-07 -6.25005043275451e-07 -6.37637356248888e-07 -6.50269669222325e-07 -6.62901982195763e-07 -6.75881437928183e-07 -6.89902265094133e-07 -7.03923035416665e-07 -7.17943862582615e-07 -7.31964689748565e-07 -7.45985516914516e-07 -7.60006344080466e-07 -7.74027171246416e-07 -7.72408498050936e-07 -7.65576658068312e-07 -7.58744874929107e-07
-1.73576580664303e-07 -1.80519322157124e-07 -1.87462063649946e-07 -1.94404805142767e-07 -2.01347546635589e-07 -2.0829028812841e-07 -2.15233029621231e-07 -2.35030100270706e-07 -2.59111942568779e-07 -2.83193770655998e-07 -3.07275627164927e-07 -3.31357455252146e-07 -3.55439283339365e-07 -3.79521139848293e-07 -4.02762196927142e-07 -4.23480997824299e-07 -4.44199798721456e-07 -4.64918599618613e-07 -4.8563742893748e-07 -5.06356229834637e-07 -5.27075030731794e-07 -5.47793831628951e-07 -5.6102885537257e-07 -5.717693625229e-07 -5.82509869673231e-07 -5.93250376823562e-07 -6.03990827130474e-07 -6.14731334280805e-07 -6.25471841431136e-07 -6.37046127849317e-07 -6.51121752071049e-07 -6.65197376292781e-07 -6.79273000514513e-07 -6.93348624736245e-07 -7.07424248957977e-07 -7.2149987317971e-07 -7.35575497401442e-07 -7.36439176307613e-07 -7.32898854494124e-07 -7.29358589524054e-07
-1.74144886955219e-07 -1.79732850824621e-07 -1.85320814694023e-07 -1.90908764352571e-07 -1.96496728221973e-07 -2.02084677880521e-07 -2.07672641749923e-07 -2.2704696789333e-07 -2.51016729180265e-07 -2.74986518888909e-07 -2.98956280175844e-07 -3.22926069884488e-07 -3.46895831171423e-07 -3.70865592458358e-07 -3.93836103285139e-07 -4.13808777466329e-07 -4.3378142322581e-07 -4.53754097407e-07 -4.7372677158819e-07 -4.93699417347671e-07 -5.13672091528861e-07 -5.33644765710051e-07 -5.45213424629765e-07 -5.53980783024599e-07 -5.62748141419434e-07 -5.71515499814268e-07 -5.80282858209102e-07 -5.89050216603937e-07 -5.97817574998771e-07 -6.07493177540164e-07 -6.19893626208068e-07 -6.32294074875972e-07 -6.44694523543876e-07 -6.5709497221178e-07 -6.69495420879684e-07 -6.81895869547589e-07 -6.94296318215493e-07 -6.94681887125626e-07 -6.9106255295992e-07 -6.87443218794215e-07
-1.74713207456989e-07 -1.78946379492118e-07 -1.83179551527246e-07 -1.87412723562375e-07 -1.91645895597503e-07 -1.95879081843486e-07 -2.00112253878615e-07 -2.19063821305099e-07 -2.42921544213459e-07 -2.6677923870011e-07 -2.9063696160847e-07 -3.14494656095121e-07 -3.38352379003481e-07 -3.62210073490132e-07 -3.84910009643136e-07 -4.04136528686649e-07 -4.23363047730163e-07 -4.42589595195386e-07 -4.618161142389e-07 -4.81042661704123e-07 -5.00269209169346e-07 -5.1949569979115e-07 -5.2939799388696e-07 -5.36192203526298e-07 -5.42986413165636e-07 -5.49780679648393e-07 -5.56574889287731e-07 -5.63369098927069e-07 -5.70163308566407e-07 -5.7794028407443e-07 -5.88665557188506e-07 -5.99390773459163e-07 -6.10116046573239e-07 -6.20841319687315e-07 -6.31566592801391e-07 -6.42291865915467e-07 -6.53017139029544e-07 -6.52924654787057e-07 -6.49226251425716e-07 -6.45527848064376e-07
-1.75281527958759e-07 -1.78159908159614e-07 -1.81038302571324e-07 -1.83916682772178e-07 -1.86795077183888e-07 -1.89673471595597e-07 -1.92551851796452e-07 -2.11080688927723e-07 -2.34826330824944e-07 -2.58571986933021e-07 -2.82317614619387e-07 -3.06063270727464e-07 -3.2980892683554e-07 -3.53554554521907e-07 -3.75983887579423e-07 -3.9446427990697e-07 -4.12944700656226e-07 -4.31425092983773e-07 -4.49905485311319e-07 -4.68385877638866e-07 -4.86866269966413e-07 -5.05346690715669e-07 -5.13582563144155e-07 -5.18403680871415e-07 -5.23224741755257e-07 -5.28045802639099e-07 -5.32866863522941e-07 -5.37687924406782e-07 -5.42509042134043e-07 -5.48387333765277e-07 -5.57437431325525e-07 -5.66487528885773e-07 -5.75537626446021e-07 -5.84587724006269e-07 -5.93637764723098e-07 -6.02687862283346e-07 -6.11737959843595e-07 -6.11167422448489e-07 -6.07389949891513e-07 -6.03612534177955e-07
-1.75849834249675e-07 -1.77373436827111e-07 -1.78897039404546e-07 -1.80420656192837e-07 -1.81944258770272e-07 -1.83467861347708e-07 -1.84991463925144e-07 -2.03097556550347e-07 -2.26731131647284e-07 -2.50364706744222e-07 -2.73998296052014e-07 -2.97631885359806e-07 -3.21265446245889e-07 -3.44899035553681e-07 -3.6705779393742e-07 -3.84792059549e-07 -4.02526325160579e-07 -4.20260590772159e-07 -4.37994827962029e-07 -4.55729093573609e-07 -4.73463359185189e-07 -4.91197624796769e-07 -4.9776713240135e-07 -5.00615101373114e-07 -5.0346301350146e-07 -5.06310925629805e-07 -5.09158894601569e-07 -5.12006806729914e-07 -5.1485471885826e-07 -5.18834440299543e-07 -5.26209305462544e-07 -5.33584227468964e-07 -5.40959149475384e-07 -5.48334071481804e-07 -5.55708993488224e-07 -5.63083858651225e-07 -5.70458780657646e-07 -5.69410133266501e-07 -5.65553648357309e-07 -5.61697163448116e-07
-1.76418154751445e-07 -1.76586965494607e-07 -1.76755790448624e-07 -1.7692461540264e-07 -1.77093426145802e-07 -1.77262251099819e-07 -1.77431076053836e-07 -1.95114409962116e-07 -2.18635932469624e-07 -2.42157454977132e-07 -2.65678949062931e-07 -2.89200471570439e-07 -3.12721994077947e-07 -3.36243516585455e-07 -3.58131671873707e-07 -3.7511981076932e-07 -3.92107949664933e-07 -4.09096060138836e-07 -4.26084199034449e-07 -4.43072337930062e-07 -4.60060448403965e-07 -4.77048558877868e-07 -4.81951701658545e-07 -4.82826521874813e-07 -4.83701285247662e-07 -4.8457610546393e-07 -4.85450868836779e-07 -4.86325689053047e-07 -4.87200452425895e-07 -4.8928148999039e-07 -4.94981236442982e-07 -5.00680982895574e-07 -5.06380672504747e-07 -5.12080418957339e-07 -5.17780165409931e-07 -5.23479911862523e-07 -5.29179601471697e-07 -5.27652900927933e-07 -5.23717346823105e-07 -5.19781792718277e-07
-1.76570679855104e-07 -1.75489176967858e-07 -1.74407674080612e-07 -1.73326171193366e-07 -1.72244682516975e-07 -1.7116317962973e-07 -1.70081676742484e-07 -1.87454460842673e-07 -2.10978669201722e-07 -2.34502877560772e-07 -2.58027085919821e-07 -2.81551280068015e-07 -3.05075502637919e-07 -3.28599696786114e-07 -3.50376836877331e-07 -3.66912729532487e-07 -3.83448593765934e-07 -3.9998448642109e-07 -4.16520379076246e-07 -4.33056243309693e-07 -4.49592135964849e-07 -4.66128028620005e-07 -4.6987463520054e-07 -4.6935818431848e-07 -4.68841705014711e-07 -4.68325254132651e-07 -4.67808774828882e-07 -4.67292323946822e-07 -4.66775844643053e-07 -4.67359967615266e-07 -4.71245868993719e-07 -4.75131798793882e-07 -4.79017671750626e-07 -4.82903601550788e-07 -4.86789531350951e-07 -4.90675404307694e-07 -4.94561334107857e-07 -4.9212218300454e-07 -4.87574766339094e-07 -4.83027292830229e-07
-1.7630740956065e-07 -1.74080057036008e-07 -1.71852704511366e-07 -1.69625351986724e-07 -1.67397985251228e-07 -1.65170632726586e-07 -1.62943280201944e-07 -1.80117680770309e-07 -2.03759341843579e-07 -2.27401002916849e-07 -2.51042649779265e-07 -2.74684310852535e-07 -2.98325971925806e-07 -3.21967632999076e-07 -3.43793260526581e-07 -3.60170787416791e-07 -3.76548285885292e-07 -3.92925812775502e-07 -4.09303339665712e-07 -4.25680866555922e-07 -4.42058393446132e-07 -4.58435920336342e-07 -4.61535904605626e-07 -4.60210060282407e-07 -4.58884244380897e-07 -4.57558400057678e-07 -4.56232555734459e-07 -4.5490671141124e-07 -4.53580867088021e-07 -4.53069844752463e-07 -4.55003288379885e-07 -4.56936703585598e-07 -4.5887014721302e-07 -4.60803590840442e-07 -4.62737006046154e-07 -4.64670449673577e-07 -4.66603893300999e-07 -4.6281806476145e-07 -4.57125793218438e-07 -4.51433550097136e-07
-1.76044139266196e-07 -1.72670937104158e-07 -1.69297720731265e-07 -1.65924518569227e-07 -1.62551302196334e-07 -1.59178100034296e-07 -1.55804883661403e-07 -1.72780914908799e-07 -1.96540014485436e-07 -2.20299128272927e-07 -2.44058242060419e-07 -2.67817341637056e-07 -2.91576441213692e-07 -3.15335540790329e-07 -3.37209655754123e-07 -3.53428845301096e-07 -3.6964800642636e-07 -3.85867167551623e-07 -4.02086328676887e-07 -4.18305489802151e-07 -4.34524650927415e-07 -4.50743812052679e-07 -4.5319720243242e-07 -4.51061964668042e-07 -4.48926755325374e-07 -4.46791545982705e-07 -4.44656336640037e-07 -4.42521098875659e-07 -4.4038588953299e-07 -4.38779721889659e-07 -4.38760679344341e-07 -4.38741636799023e-07 -4.38722594253704e-07 -4.38703580130095e-07 -4.38684537584777e-07 -4.38665495039459e-07 -4.3864645249414e-07 -4.33513918096651e-07 -4.26676848519492e-07 -4.19839807364042e-07
-1.75780883182597e-07 -1.71261817172308e-07 -1.66742751162019e-07 -1.6222368515173e-07 -1.57704619141441e-07 -1.53185553131152e-07 -1.48666487120863e-07 -1.65444134836434e-07 -1.89320701338147e-07 -2.13197253629005e-07 -2.37073805919863e-07 -2.60950343999866e-07 -2.84826910501579e-07 -3.08703477003291e-07 -3.30626079403373e-07 -3.46686874763691e-07 -3.62747698545718e-07 -3.78808493906035e-07 -3.94869289266353e-07 -4.1093011304838e-07 -4.26990908408698e-07 -4.43051703769015e-07 -4.44858471837506e-07 -4.41913869053678e-07 -4.3896929469156e-07 -4.36024691907733e-07 -4.33080089123905e-07 -4.30135514761787e-07 -4.27190911977959e-07 -4.24489599026856e-07 -4.22518070308797e-07 -4.20546570012448e-07 -4.18575069716098e-07 -4.1660354099804e-07 -4.1463204070169e-07 -4.12660511983631e-07 -4.10689011687282e-07 -4.04209771431852e-07 -3.96227932242255e-07 -3.88246093052658e-07
-1.75517612888143e-07 -1.69852697240458e-07 -1.64187781592773e-07 -1.58522851734233e-07 -1.52857936086548e-07 -1.47193020438863e-07 -1.41528090580323e-07 -1.58107368974925e-07 -1.82101373980004e-07 -2.06095378985083e-07 -2.30089369779307e-07 -2.54083374784386e-07 -2.78077379789465e-07 -3.02071384794544e-07 -3.24042503052624e-07 -3.39944932647995e-07 -3.55847390665076e-07 -3.71749820260447e-07 -3.87652278277528e-07 -4.03554736294609e-07 -4.1945716588998e-07 -4.35359623907061e-07 -4.36519741242591e-07 -4.32765773439314e-07 -4.29011805636037e-07 -4.2525783783276e-07 -4.21503870029483e-07 -4.17749902226205e-07 -4.13995934422928e-07 -4.10199476164053e-07 -4.06275489694963e-07 -4.02351503225873e-07 -3.98427516756783e-07 -3.94503530287693e-07 -3.90579543818603e-07 -3.86655557349513e-07 -3.82731570880424e-07 -3.74905596345343e-07 -3.65778987543308e-07 -3.56652350319564e-07
-1.75254342593689e-07 -1.68443577308608e-07 -1.61632797812672e-07 -1.54822018316736e-07 -1.48011253031655e-07 -1.41200473535719e-07 -1.34389694039783e-07 -1.5077058890256e-07 -1.7488204662186e-07 -1.98993504341161e-07 -2.23104947849606e-07 -2.47216405568906e-07 -2.71327849077352e-07 -2.95439292585797e-07 -3.17458926701875e-07 -3.332029905323e-07 -3.48947082784434e-07 -3.64691175036569e-07 -3.80435267288703e-07 -3.96179331119129e-07 -4.11923423371263e-07 -4.27667515623398e-07 -4.28181039069386e-07 -4.2361767782495e-07 -4.19054345002223e-07 -4.14490983757787e-07 -4.0992765093506e-07 -4.05364318112333e-07 -4.00800956867897e-07 -3.95909353301249e-07 -3.90032880659419e-07 -3.84156436439298e-07 -3.78279963797468e-07 -3.72403519577347e-07 -3.66527046935516e-07 -3.60650602715396e-07 -3.54774130073565e-07 -3.45601449680544e-07 -3.35330042844362e-07 -3.2505860758647e-07
