data/working_set_collections/6091692-Cassins_Sparrow-M2/2005/wchange_avg.asc
NCOLS 265 
NROWS 230 
XLLCORNER -115.5625 
YLLCORNER 24.8333333333333 
CELLSIZE 0.0833333333333333 
NODATA_value -9999 
[rows 162 to 179 of 230, columns 80 to 119 of 265]
8.6425060885631e-08 1.0547616113854e-07 9.92838309343824e-08 8.46770262796781e-08 7.00702287304011e-08 5.54634205229831e-08 4.08566194209925e-08 2.62498147662882e-08 1.16430109997623e-08 -1.42680145476248e-09 -9.88564075043996e-09 -1.83444797130505e-08 -2.68033186756611e-08 -3.52621576382717e-08 -4.37209983772391e-08 -5.21798391162065e-08 -6.06386763024602e-08 -6.29950278607794e-08 -6.33172234643098e-08 -6.36394119624129e-08 -6.39616075659433e-08 -6.42837960640463e-08 -6.46059916675767e-08 -6.49281801656798e-08 -7.55367963733988e-08 -1.17004667288256e-07 -1.58472531097686e-07 -1.99940402012544e-07 -2.41408287138256e-07 -2.82876158053114e-07 -3.24344028967971e-07 -3.65811899882829e-07 -4.19918876559677e-07 -4.78238916912233e-07 -5.36558957264788e-07 -5.94878997617343e-07 -6.53199037969898e-07 -7.11519078322453e-07 -7.69839118675009e-07 -8.13862470749882e-07
6.32134700140341e-08 7.9630119387275e-08 7.41831627237843e-08 6.14483326444315e-08 4.8713509670506e-08 3.59786795911532e-08 2.32438548408709e-08 1.05090274260533e-08 -2.22579976671966e-09 -1.34957742758957e-08 -2.03711927326822e-08 -2.72466103012903e-08 -3.41220278698984e-08 -4.09974454385065e-08 -4.78728630071146e-08 -5.47482805757227e-08 -6.16237016970445e-08 -6.34748005268193e-08 -6.36511359175529e-08 -6.38274642028591e-08 -6.40037924881653e-08 -6.41801278788989e-08 -6.43564561642052e-08 -6.45327915549387e-08 -7.50095310309007e-08 -1.16387496973402e-07 -1.57765470021332e-07 -1.99143443069261e-07 -2.4052141611719e-07 -2.81899389165119e-07 -3.23277362213048e-07 -3.64655335260977e-07 -4.1807453499132e-07 -4.75507505370842e-07 -5.32940475750365e-07 -5.90373417708179e-07 -6.47806359665992e-07 -7.05239358467225e-07 -7.62672300425038e-07 -8.06049627044558e-07
4.00018791424372e-08 5.37840811887236e-08 4.90824909604726e-08 3.82196425618986e-08 2.73567906106109e-08 1.64939404356801e-08 5.63109026074926e-09 -5.23175991418157e-09 -1.60946100891124e-08 -2.55647467639619e-08 -3.08567429385675e-08 -3.614874088953e-08 -4.14407352877788e-08 -4.67327332387413e-08 -5.20247311897037e-08 -5.73167255879525e-08 -6.26087199862013e-08 -6.39545731928592e-08 -6.3985048370796e-08 -6.40155164433054e-08 -6.40459845158148e-08 -6.40764525883242e-08 -6.41069277662609e-08 -6.41373958387703e-08 -7.44822656884025e-08 -1.15770333763976e-07 -1.57058408944977e-07 -1.98346469915123e-07 -2.39634545096123e-07 -2.80922620277124e-07 -3.22210695458125e-07 -3.63498742217416e-07 -4.16230193422962e-07 -4.72776065407743e-07 -5.29321994235943e-07 -5.85867837799015e-07 -6.42413738205505e-07 -6.98959638611996e-07 -7.55505539018486e-07 -7.98236783339235e-07
1.67902882708404e-08 2.79380394374584e-08 2.39818209735176e-08 1.49909471502951e-08 6.00007421525106e-09 -2.99079983001604e-09 -1.19816734311939e-08 -2.09725481425949e-08 -2.99634201894605e-08 -3.76337219165634e-08 -4.13422966971666e-08 -4.50508714777698e-08 -4.87594462583729e-08 -5.24680210389761e-08 -5.61765958195792e-08 -5.98851741528961e-08 -6.35937453807855e-08 -6.44343458588992e-08 -6.43189537186117e-08 -6.42035686837517e-08 -6.40881765434642e-08 -6.39727844031768e-08 -6.38573922628893e-08 -6.37420001226019e-08 -7.39550003459044e-08 -1.15153170554549e-07 -1.56351333657767e-07 -1.97549510971839e-07 -2.38747674075057e-07 -2.7994585138913e-07 -3.21144000281492e-07 -3.62342177595565e-07 -4.14385823432895e-07 -4.70044653866353e-07 -5.25703455878102e-07 -5.81362314733269e-07 -6.37021116745018e-07 -6.92679918756767e-07 -7.48338777611934e-07 -7.90423939633911e-07
-6.42130393302409e-09 2.09199879641631e-09 -1.11884845832577e-09 -8.23774559677304e-09 -1.53566421801088e-08 -2.2475539651623e-08 -2.95944371231371e-08 -3.67133345946513e-08 -4.38322338425223e-08 -4.97026917400945e-08 -5.1827846903052e-08 -5.39530020660095e-08 -5.60781536762534e-08 -5.82033088392109e-08 -6.03284604494547e-08 -6.24536156124122e-08 -6.45787707753698e-08 -6.49141185249391e-08 -6.46528661718548e-08 -6.43916138187706e-08 -6.41303685711136e-08 -6.38691162180294e-08 -6.36078638649451e-08 -6.33466115118608e-08 -7.34277421088336e-08 -1.14536007345123e-07 -1.55644272581412e-07 -1.96752537817702e-07 -2.37860803053991e-07 -2.78969082501135e-07 -3.20077333526569e-07 -3.61185612973713e-07 -4.12541481864537e-07 -4.67313242324963e-07 -5.22084974363679e-07 -5.76856734824105e-07 -6.31628495284531e-07 -6.86400198901538e-07 -7.41171959361964e-07 -7.82611095928587e-07
-2.96328952487102e-08 -2.3754042288715e-08 -2.62195190003922e-08 -3.14664383438412e-08 -3.67133594636471e-08 -4.19602805834529e-08 -4.72072017032588e-08 -5.24541228230646e-08 -5.77010439428705e-08 -6.17716651163391e-08 -6.23133971089374e-08 -6.28551291015356e-08 -6.33968610941338e-08 -6.3938593086732e-08 -6.44803250793302e-08 -6.50220570719284e-08 -6.55637890645266e-08 -6.5393891190979e-08 -6.49867786250979e-08 -6.45796660592168e-08 -6.41725534933357e-08 -6.37654409274546e-08 -6.33583283615735e-08 -6.29512157956924e-08 -7.29004767663355e-08 -1.13918844135696e-07 -1.54937211505057e-07 -1.95955578874418e-07 -2.36973946243779e-07 -2.7799231361314e-07 -3.19010666771646e-07 -3.60029048351862e-07 -4.10697140296179e-07 -4.64581802361863e-07 -5.18466492849257e-07 -5.72351154914941e-07 -6.26235816980625e-07 -6.80120535889728e-07 -7.34005197955412e-07 -7.74798252223263e-07
-4.95285306101323e-08 -4.55236630614309e-08 -4.76964885365305e-08 -5.19285485722776e-08 -5.61606086080246e-08 -6.0392665091058e-08 -6.46247286795187e-08 -6.88567851625521e-08 -7.30888416455855e-08 -7.60068417093862e-08 -7.49826511992069e-08 -7.39584606890276e-08 -7.29342701788482e-08 -7.19100796686689e-08 -7.0885896263917e-08 -6.98617057537376e-08 -6.88375152435583e-08 -6.87486760853062e-08 -6.89716230795057e-08 -6.91945629682778e-08 -6.94175099624772e-08 -6.96404569566766e-08 -6.98633968454487e-08 -7.00863438396482e-08 -8.04288902145345e-08 -1.21130241836909e-07 -1.61831579248428e-07 -2.02532930870802e-07 -2.43234268282322e-07 -2.83935634115551e-07 -3.2463697152707e-07 -3.65338337360299e-07 -4.14953177596544e-07 -4.67539166493225e-07 -5.20125183811615e-07 -5.72711201130005e-07 -6.25297218448395e-07 -6.77883178923366e-07 -7.30469196241756e-07 -7.70041935993504e-07
-6.61082140140934e-08 -6.3216866408311e-08 -6.55497629509227e-08 -6.962407184119e-08 -7.36983878368846e-08 -7.77726967271519e-08 -8.18470127228466e-08 -8.59213216131138e-08 -8.99956305033811e-08 -9.24082144138083e-08 -8.98356020684332e-08 -8.72629897230581e-08 -8.46903844831104e-08 -8.21177721377353e-08 -7.95451597923602e-08 -7.69725474469851e-08 -7.439993510161e-08 -7.49784732079206e-08 -7.66073924296506e-08 -7.82363116513807e-08 -7.98652308731107e-08 -8.14941500948407e-08 -8.31230693165708e-08 -8.47519885383008e-08 -9.60129824534306e-08 -1.3617020044876e-07 -1.76327404233234e-07 -2.16484622228563e-07 -2.56641840223892e-07 -2.96799044008367e-07 -3.36956247792841e-07 -3.77113479999025e-07 -4.25309565343923e-07 -4.76185306297339e-07 -5.27061047250754e-07 -5.77936816625879e-07 -6.28812529157585e-07 -6.7968829853271e-07 -7.30564011064416e-07 -7.68342204082728e-07
-8.26878903126271e-08 -8.09100697551912e-08 -8.3403037365315e-08 -8.73195986628161e-08 -9.12361670657447e-08 -9.51527283632458e-08 -9.90692967661744e-08 -1.02985858063676e-07 -1.06902426466604e-07 -1.0880958711823e-07 -1.0468855293766e-07 -1.00567525862516e-07 -9.64464916819452e-08 -9.23254575013743e-08 -8.82044233208035e-08 -8.40833891402326e-08 -7.99623549596618e-08 -8.1208270330535e-08 -8.42431617797956e-08 -8.72780603344836e-08 -9.03129517837442e-08 -9.33478503384322e-08 -9.63827417876928e-08 -9.94176332369534e-08 -1.11597074692327e-07 -1.51210159060611e-07 -1.9082322921804e-07 -2.30436313586324e-07 -2.70049383743753e-07 -3.09662453901183e-07 -3.49275552480321e-07 -3.88888622637751e-07 -4.35665981513012e-07 -4.84831446101452e-07 -5.33996910689893e-07 -5.83162432121753e-07 -6.32327896710194e-07 -6.81493361298635e-07 -7.30658825887076e-07 -7.66642415328533e-07
-9.92675666111609e-08 -9.8603265996644e-08 -1.0125630467428e-07 -1.05015125484442e-07 -1.08773946294605e-07 -1.1253275999934e-07 -1.16291580809502e-07 -1.20050401619665e-07 -1.238092153244e-07 -1.25210959822653e-07 -1.19541510912313e-07 -1.13872054896547e-07 -1.0820259888078e-07 -1.02533142865013e-07 -9.68636868492467e-08 -9.11942379389075e-08 -8.55247819231408e-08 -8.74380674531494e-08 -9.1878938235368e-08 -9.63198090175865e-08 -1.00760672694378e-07 -1.05201543476596e-07 -1.09642414258815e-07 -1.14083285041033e-07 -1.27181166931223e-07 -1.66250117672462e-07 -2.05319054202846e-07 -2.4438799073323e-07 -2.83456927263614e-07 -3.22525863793999e-07 -3.61594828746092e-07 -4.00663765276477e-07 -4.460223976821e-07 -4.93477614327276e-07 -5.40932830972451e-07 -5.88388047617627e-07 -6.35843207419384e-07 -6.8329842406456e-07 -7.30753640709736e-07 -7.64942683417758e-07
-1.15847250015122e-07 -1.16296469343524e-07 -1.19109579088672e-07 -1.22710645200641e-07 -1.26311718418037e-07 -1.29912791635434e-07 -1.3351386485283e-07 -1.37114938070226e-07 -1.40716011287623e-07 -1.41612332527075e-07 -1.34394454676112e-07 -1.27176591036005e-07 -1.19958713185042e-07 -1.12740828228652e-07 -1.05522957483117e-07 -9.8305079632155e-08 -9.10872017811926e-08 -9.36678645757638e-08 -9.9514707585513e-08 -1.05361550595262e-07 -1.11208393605011e-07 -1.1705523661476e-07 -1.2290207962451e-07 -1.28748922634259e-07 -1.42765259170119e-07 -1.81290062073458e-07 -2.19814879187652e-07 -2.58339667880136e-07 -2.96864499205185e-07 -3.35389302108524e-07 -3.73914105011863e-07 -4.12438907915202e-07 -4.56378813851188e-07 -5.02123782553099e-07 -5.47868694411591e-07 -5.93613663113501e-07 -6.39358574971993e-07 -6.85103543673904e-07 -7.30848455532396e-07 -7.63242894663563e-07
-1.32426933419083e-07 -1.33989672690404e-07 -1.36962853503064e-07 -1.40406172022267e-07 -1.43849504752325e-07 -1.47292823271528e-07 -1.5073614179073e-07 -1.54179474520788e-07 -1.57622793039991e-07 -1.58013719442351e-07 -1.49247412650766e-07 -1.40481120070035e-07 -1.3171481327845e-07 -1.22948520697719e-07 -1.14182221011561e-07 -1.05415921325402e-07 -9.66496216392443e-08 -9.98976616983782e-08 -1.07150484041085e-07 -1.14403299278365e-07 -1.21656114515645e-07 -1.28908936858352e-07 -1.36161759201059e-07 -1.43414567332911e-07 -1.58349351409015e-07 -1.96330020685309e-07 -2.34310689961603e-07 -2.72291373448752e-07 -3.10272042725046e-07 -3.4825271200134e-07 -3.86233381277634e-07 -4.24214050553928e-07 -4.66735230020277e-07 -5.10769893935503e-07 -5.5480455785073e-07 -5.98839278609375e-07 -6.42873942524602e-07 -6.86908606439829e-07 -7.30943270355056e-07 -7.61543105909368e-07
-1.45867076639661e-07 -1.48083174167368e-07 -1.51972031403602e-07 -1.56418465735442e-07 -1.60864900067281e-07 -1.65311334399121e-07 -1.6975776873096e-07 -1.742042030628e-07 -1.7865063739464e-07 -1.79677130063283e-07 -1.70443783531482e-07 -1.61210436999681e-07 -1.51977076257026e-07 -1.42743729725225e-07 -1.33510383193425e-07 -1.24277036661624e-07 -1.15043690129824e-07 -1.18467312404391e-07 -1.26109910070227e-07 -1.33752521946917e-07 -1.41395133823607e-07 -1.49037745700298e-07 -1.56680343366133e-07 -1.64322955242824e-07 -1.79249411758065e-07 -2.1602744482152e-07 -2.52805477884976e-07 -2.89583482526723e-07 -3.26361515590179e-07 -3.63139548653635e-07 -3.99917581717091e-07 -4.36695586358837e-07 -4.77137518828386e-07 -5.18800788995577e-07 -5.6046400231935e-07 -6.02127272486541e-07 -6.43790485810314e-07 -6.85453755977505e-07 -7.27116969301278e-07 -7.55721487166738e-07
-1.56167700993137e-07 -1.58576995090698e-07 -1.64137119895713e-07 -1.7074751212931e-07 -1.77357918573762e-07 -1.83968325018213e-07 -1.90578731462665e-07 -1.97189137907117e-07 -2.03799530140714e-07 -2.06602578600723e-07 -1.97983553107406e-07 -1.89364527614089e-07 -1.80745502120772e-07 -1.72126476627454e-07 -1.63507451134137e-07 -1.5488842564082e-07 -1.46269400147503e-07 -1.49376802482948e-07 -1.56393014094647e-07 -1.63409225706346e-07 -1.70425437318045e-07 -1.77441648929744e-07 -1.84457860541443e-07 -1.91474072153142e-07 -2.05465440217267e-07 -2.40382320271237e-07 -2.75299186114353e-07 -3.10216051957468e-07 -3.45132917800584e-07 -3.80049812065408e-07 -4.14966677908524e-07 -4.49883543751639e-07 -4.87585737118934e-07 -5.26216354046483e-07 -5.6484702781745e-07 -6.03477644744999e-07 -6.42108318515966e-07 -6.80738935443514e-07 -7.19369552371063e-07 -7.45777981592255e-07
-1.66468311135759e-07 -1.69070801803173e-07 -1.76302194176969e-07 -1.85076572734033e-07 -1.93850937080242e-07 -2.02625315637306e-07 -2.1139969419437e-07 -2.20174058540579e-07 -2.28948437097642e-07 -2.33528041349018e-07 -2.25523336894184e-07 -2.17518632439351e-07 -2.09513927984517e-07 -2.01509223529683e-07 -1.9350451907485e-07 -1.85499828830871e-07 -1.77495124376037e-07 -1.80286306772359e-07 -1.86676118119067e-07 -1.93065929465774e-07 -1.99455740812482e-07 -2.0584555215919e-07 -2.12235377716752e-07 -2.18625189063459e-07 -2.3168146867647e-07 -2.64737195720954e-07 -2.97792894343729e-07 -3.30848621388213e-07 -3.63904348432698e-07 -3.96960047055472e-07 -4.30015774099957e-07 -4.63071501144441e-07 -4.98033955409483e-07 -5.33631975940807e-07 -5.69229996472131e-07 -6.04828073846875e-07 -6.40426094378199e-07 -6.76024114909524e-07 -7.11622192284267e-07 -7.35834476017772e-07
-1.76768935489235e-07 -1.79564608515648e-07 -1.8846728266908e-07 -1.99405619127901e-07 -2.10343969797577e-07 -2.21282306256398e-07 -2.3222064271522e-07 -2.43158979174041e-07 -2.54097329843717e-07 -2.60453504097313e-07 -2.53063120680963e-07 -2.45672737264613e-07 -2.38282353848263e-07 -2.30891970431912e-07 -2.23501587015562e-07 -2.16111217810067e-07 -2.08720834393716e-07 -2.11195796850916e-07 -2.16959222143487e-07 -2.22722633225203e-07 -2.28486044306919e-07 -2.3424946959949e-07 -2.40012894892061e-07 -2.45776305973777e-07 -2.57897511346528e-07 -2.89092071170671e-07 -3.20286630994815e-07 -3.51481190818959e-07 -3.82675750643102e-07 -4.13870310467246e-07 -4.4506487029139e-07 -4.76259430115533e-07 -5.08482173700031e-07 -5.41047597835131e-07 -5.73613021970232e-07 -6.06178446105332e-07 -6.38743870240432e-07 -6.71309351218952e-07 -7.03874775354052e-07 -7.25890970443288e-07
-1.87069559842712e-07 -1.90058415228123e-07 -2.00632371161191e-07 -2.13734679732624e-07 -2.26836988304058e-07 -2.39939311086346e-07 -2.53041605446924e-07 -2.66143928229212e-07 -2.79246222589791e-07 -2.87378952634754e-07 -2.80602876046032e-07 -2.7382682787902e-07 -2.67050779712008e-07 -2.60274731544996e-07 -2.53498654956275e-07 -2.46722606789262e-07 -2.3994655862225e-07 -2.42105301140327e-07 -2.47242326167907e-07 -2.52379351195486e-07 -2.57516347801356e-07 -2.62653372828936e-07 -2.67790397856515e-07 -2.72927422884095e-07 -2.84113525594876e-07 -3.13446946620388e-07 -3.42780339224191e-07 -3.72113760249704e-07 -4.01447152853507e-07 -4.30780573879019e-07 -4.60113966482822e-07 -4.89447359086626e-07 -5.18930335147161e-07 -5.48463162886037e-07 -5.77996047468332e-07 -6.07528875207208e-07 -6.37061702946085e-07 -6.66594530684961e-07 -6.96127358423837e-07 -7.15947464868805e-07
-1.97370169985334e-07 -2.00552221940598e-07 -2.12797445442447e-07 -2.28063726126493e-07 -2.43330021021393e-07 -2.58596287494584e-07 -2.73862553967774e-07 -2.89128848862674e-07 -3.04395115335865e-07 -3.14304401172194e-07 -3.08142659832811e-07 -3.01980946915137e-07 -2.95819205575754e-07 -2.8965746423637e-07 -2.83495722896987e-07 -2.77334009979313e-07 -2.7117226863993e-07 -2.73014791218884e-07 -2.77525430192327e-07 -2.8203604074406e-07 -2.86546651295794e-07 -2.91057290269237e-07 -2.9556790082097e-07 -3.00078539794413e-07 -3.10329568264933e-07 -3.37801822070105e-07 -3.65274075875277e-07 -3.92746329680449e-07 -4.20218555063911e-07 -4.47690808869083e-07 -4.75163062674255e-07 -5.02635316479427e-07 -5.29378553437709e-07 -5.55878784780361e-07 -5.82379016123014e-07 -6.08879247465666e-07 -6.35379478808318e-07 -6.6187971015097e-07 -6.88379941493622e-07 -7.06003959294321e-07
