resources/Exp000_Example-Run/Run01_M2/TimeSeries/2010/model_set/cldtot_avg.asc
NCOLS 265 
NROWS 230 
XLLCORNER -115.5625 
YLLCORNER 24.8333333333333 
CELLSIZE 0.0833333333333333 
NODATA_value -9999 
[rows 100 to 119 of 230, columns 88 to 131 of 265]
0.321262121200562 0.321427941322327 0.32163617014885 0.321844428777695 0.322052657604218 0.322260916233063 0.322469145059586 0.322677403688431 0.322885632514954 0.321746468544006 0.320158183574677 0.318569898605347 0.316981613636017 0.315393328666687 0.313805043697357 0.312216758728027 0.310954004526138 0.310667812824249 0.31038162112236 0.310095429420471 0.309809237718582 0.309523046016693 0.309236854314804 0.308950662612915 0.309299796819687 0.309860736131668 0.310421675443649 0.31098261475563 0.311543524265289 0.31210446357727 0.312665402889252 0.313182055950165 0.313565790653229 0.313949555158615 0.314333319664001 0.314717084169388 0.315100848674774 0.315484583377838 0.315868347883224 0.315475851297379 0.31482458114624 0.314173310995102 0.313522040843964 0.312870770692825
0.320844292640686 0.320956498384476 0.321489542722702 0.322022587060928 0.322555631399155 0.323088675737381 0.323621690273285 0.324154734611511 0.324687778949738 0.322868674993515 0.320265561342239 0.317662417888641 0.315059274435043 0.312456130981445 0.309852987527847 0.307249873876572 0.305251985788345 0.305069953203201 0.304887890815735 0.304705858230591 0.304523825645447 0.30434176325798 0.304159730672836 0.30397766828537 0.304469794034958 0.305186659097672 0.305903524160385 0.306620389223099 0.30733722448349 0.308054089546204 0.308770954608917 0.309485584497452 0.310193479061127 0.310901373624802 0.311609297990799 0.312317192554474 0.313025116920471 0.313733011484146 0.314440906047821 0.313854336738586 0.3128362596035 0.311818152666092 0.310800075531006 0.30978199839592
0.320254534482956 0.320272654294968 0.320875227451324 0.321477800607681 0.32208040356636 0.322682976722717 0.323285549879074 0.323888152837753 0.32449072599411 0.322429746389389 0.319480925798416 0.316532105207443 0.31358328461647 0.310634464025497 0.307685643434525 0.304736822843552 0.302516132593155 0.30247974395752 0.302443385124207 0.302407026290894 0.302370667457581 0.302334308624268 0.302297919988632 0.302261561155319 0.302709758281708 0.303319454193115 0.303929150104523 0.30453884601593 0.305148541927338 0.305758237838745 0.306367933750153 0.307023674249649 0.307817548513412 0.308611392974854 0.309405267238617 0.310199111700058 0.310992985963821 0.311786830425262 0.312580704689026 0.312002897262573 0.310967892408371 0.309932917356491 0.308897912502289 0.307862907648087
0.319492846727371 0.31937637925148 0.319793254137039 0.320210129022598 0.320626974105835 0.321043848991394 0.321460723876953 0.321877598762512 0.322294443845749 0.320429682731628 0.317804336547852 0.315178990364075 0.31255367398262 0.309928327798843 0.307303011417389 0.304677665233612 0.302746385335922 0.302897214889526 0.303048074245453 0.303198933601379 0.303349792957306 0.303500652313232 0.303651481866837 0.303802341222763 0.304019659757614 0.304259091615677 0.304498553276062 0.304738014936447 0.304977476596832 0.305216938257217 0.30545637011528 0.305796384811401 0.306437999010086 0.307079613208771 0.307721227407455 0.30836284160614 0.309004455804825 0.30964607000351 0.310287684202194 0.309921562671661 0.309219539165497 0.308517545461655 0.30781552195549 0.307113498449326
0.318731158971786 0.318480104207993 0.318711280822754 0.318942427635193 0.319173574447632 0.319404721260071 0.31963586807251 0.319867044687271 0.32009819149971 0.318429589271545 0.316127747297287 0.313825875520706 0.311524033546448 0.309222191572189 0.306920349597931 0.304618507623672 0.30297663807869 0.303314685821533 0.303652763366699 0.303990840911865 0.304328918457031 0.304666966199875 0.305005043745041 0.305343121290207 0.305329531431198 0.305198758840561 0.305067956447601 0.304937183856964 0.304806411266327 0.304675608873367 0.30454483628273 0.304569065570831 0.30505844950676 0.305547803640366 0.306037187576294 0.3065265417099 0.307015925645828 0.307505279779434 0.307994663715363 0.30784022808075 0.307471185922623 0.307102173566818 0.306733131408691 0.306364089250565
0.317969501018524 0.317583858966827 0.317629277706146 0.317674726247787 0.317720174789429 0.317765593528748 0.317811042070389 0.317856460809708 0.317901909351349 0.316429495811462 0.3144511282444 0.31247279047966 0.310494422912598 0.308516055345535 0.306537687778473 0.30455932021141 0.303206890821457 0.30373215675354 0.304257452487946 0.304782748222351 0.305308043956757 0.30583330988884 0.306358605623245 0.306883901357651 0.306639432907104 0.306138426065445 0.305637389421463 0.305136352777481 0.304635316133499 0.304134279489517 0.303633272647858 0.303341776132584 0.303678900003433 0.304016023874283 0.304353147745132 0.304690271615982 0.305027395486832 0.305364519357681 0.305701643228531 0.305758893489838 0.305722832679749 0.305686801671982 0.305650740861893 0.305614709854126
0.317207813262939 0.31668758392334 0.316547304391861 0.316407024860382 0.316266745328903 0.316126465797424 0.315986186265945 0.315845906734467 0.315705627202988 0.314429402351379 0.312774538993835 0.311119675636292 0.309464782476425 0.307809919118881 0.306155025959015 0.304500162601471 0.303437143564224 0.304149627685547 0.304862141609192 0.305574655532837 0.30628713965416 0.306999653577805 0.30771216750145 0.308424681425095 0.307949334383011 0.307078063488007 0.306206792593002 0.305335521697998 0.304464250802994 0.30359297990799 0.302721709012985 0.302114456892014 0.302299350500107 0.302484214305878 0.302669107913971 0.302854001522064 0.303038865327835 0.303223758935928 0.303408622741699 0.303677558898926 0.303974479436874 0.304271429777145 0.304568380117416 0.304865300655365
0.316446125507355 0.315791308879852 0.315465331077576 0.315139323472977 0.3148133456707 0.314487338066101 0.314161360263824 0.313835352659225 0.313509374856949 0.312429338693619 0.311097949743271 0.309766560792923 0.308435171842575 0.307103782892227 0.305772393941879 0.304441004991531 0.303667396306992 0.304567098617554 0.305466830730438 0.306366562843323 0.307266265153885 0.308165997266769 0.309065729379654 0.309965431690216 0.309259235858917 0.308017730712891 0.306776195764542 0.305534690618515 0.304293185472488 0.303051650524139 0.301810145378113 0.300887167453766 0.30091980099678 0.300952434539795 0.300985068082809 0.301017701625824 0.301050335168839 0.301082968711853 0.301115602254868 0.301596224308014 0.302226126194 0.302856057882309 0.303485989570618 0.304115921258926
0.316706240177155 0.316053926944733 0.31552729010582 0.315000653266907 0.314474016427994 0.313947379589081 0.313420742750168 0.312894105911255 0.312367469072342 0.311264634132385 0.309969693422318 0.308674782514572 0.307379871606827 0.306084960699081 0.304790019989014 0.303495109081268 0.302769780158997 0.303753167390823 0.304736584424973 0.305720001459122 0.306703388690948 0.307686805725098 0.308670222759247 0.309653609991074 0.308904260396957 0.307577282190323 0.306250333786011 0.304923355579376 0.303596407175064 0.302269458770752 0.300942480564117 0.299959033727646 0.300006091594696 0.300053149461746 0.300100207328796 0.300147265195847 0.300194323062897 0.300241380929947 0.300288438796997 0.300810933113098 0.301491916179657 0.302172899246216 0.302853882312775 0.303534865379333
0.317988157272339 0.317475378513336 0.316733181476593 0.315990954637527 0.315248757600784 0.314506560564041 0.313764363527298 0.313022166490555 0.312279939651489 0.310935288667679 0.30938982963562 0.307844370603561 0.306298911571503 0.304753422737122 0.303207963705063 0.301662504673004 0.300744295120239 0.301707863807678 0.302671402692795 0.303634971380234 0.30459851026535 0.305562078952789 0.306525647640228 0.307489186525345 0.306884378194809 0.305756777524948 0.304629176855087 0.303501546382904 0.302373945713043 0.301246345043182 0.300118744373322 0.299330055713654 0.299558222293854 0.299786359071732 0.300014525651932 0.30024266242981 0.30047082901001 0.300698965787888 0.300927102565765 0.301321744918823 0.301771849393845 0.302221983671188 0.30267208814621 0.303122222423553
0.319270074367523 0.31889683008194 0.317939072847366 0.316981285810471 0.316023528575897 0.315065741539001 0.314107984304428 0.313150197267532 0.312192410230637 0.310605973005295 0.308809965848923 0.307013958692551 0.305217921733856 0.303421914577484 0.301625907421112 0.29982990026474 0.298718810081482 0.299662530422211 0.300606220960617 0.301549941301346 0.302493661642075 0.303437352180481 0.30438107252121 0.305324763059616 0.30486449599266 0.303936243057251 0.303007990121841 0.302079737186432 0.301151484251022 0.300223231315613 0.299294978380203 0.298701107501984 0.299110352993011 0.299519598484039 0.299928814172745 0.300338059663773 0.3007473051548 0.301156550645828 0.301565796136856 0.301832526922226 0.302051782608032 0.302271038293839 0.302490293979645 0.302709549665451
0.320551961660385 0.320318311452866 0.31914496421814 0.317971616983414 0.316798269748688 0.315624922513962 0.314451575279236 0.31327822804451 0.312104910612106 0.310276657342911 0.308230072259903 0.306183516979218 0.304136961698532 0.302090406417847 0.300043851137161 0.297997295856476 0.296693325042725 0.297617197036743 0.298541039228439 0.299464911222458 0.300388783216476 0.301312625408173 0.302236497402191 0.303160339593887 0.302844643592834 0.302115738391876 0.301386833190918 0.30065792798996 0.299929022789001 0.299200117588043 0.298471242189407 0.298072129487991 0.298662483692169 0.299252808094025 0.29984313249588 0.300433456897736 0.301023811101913 0.301614135503769 0.302204459905624 0.302343338727951 0.30233171582222 0.302320092916489 0.30230849981308 0.302296876907349
0.321833878755569 0.321739763021469 0.320350855588913 0.318961948156357 0.317573010921478 0.316184103488922 0.314795196056366 0.31340628862381 0.312017381191254 0.309947311878204 0.307650208473206 0.305353105068207 0.303056001663208 0.300758898258209 0.29846179485321 0.296164691448212 0.294667840003967 0.295571863651276 0.296475887298584 0.29737988114357 0.298283904790878 0.299187898635864 0.300091922283173 0.300995916128159 0.300824761390686 0.300295233726501 0.299765676259995 0.299236118793488 0.298706561326981 0.298177033662796 0.297647476196289 0.297443181276321 0.298214584589005 0.29898601770401 0.299757450819016 0.300528854131699 0.301300287246704 0.30207172036171 0.302843153476715 0.302854120731354 0.302611649036407 0.302369177341461 0.302126675844193 0.301884204149246
0.323115795850754 0.323161214590073 0.321556746959686 0.319952249526978 0.318347781896591 0.316743284463882 0.315138816833496 0.313534319400787 0.311929851770401 0.30961799621582 0.307070344686508 0.304522693157196 0.301975041627884 0.299427390098572 0.29687973856926 0.294332057237625 0.292642384767532 0.293526530265808 0.294410705566406 0.295294851064682 0.29617902636528 0.297063171863556 0.297947347164154 0.29883149266243 0.29880490899086 0.298474699258804 0.298144519329071 0.297814309597015 0.297484129667282 0.297153919935226 0.296823710203171 0.296814203262329 0.297766715288162 0.298719227313995 0.299671739339828 0.300624281167984 0.301576793193817 0.30252930521965 0.303481817245483 0.303364932537079 0.302891582250595 0.302418231964111 0.301944881677628 0.301471531391144
0.322962433099747 0.323031485080719 0.321595251560211 0.320159018039703 0.318722784519196 0.317286550998688 0.31585031747818 0.314414083957672 0.312977850437164 0.310572415590286 0.307843893766403 0.30511537194252 0.302386850118637 0.299658328294754 0.296929806470871 0.29420131444931 0.292378038167953 0.29327055811882 0.294163078069687 0.295055568218231 0.295948088169098 0.296840608119965 0.297733128070831 0.298625618219376 0.298652440309525 0.298390656709671 0.298128873109818 0.297867119312286 0.297605335712433 0.297343552112579 0.297081798315048 0.297116994857788 0.298043131828308 0.298969268798828 0.299895405769348 0.300821542739868 0.301747679710388 0.302673786878586 0.303599923849106 0.303415834903717 0.302861630916595 0.302307426929474 0.301753222942352 0.301199018955231
0.321373790502548 0.321350574493408 0.32046639919281 0.319582253694534 0.318698078393936 0.317813903093338 0.316929757595062 0.316045582294464 0.315161406993866 0.312810599803925 0.309970885515213 0.307131201028824 0.304291486740112 0.301451772451401 0.298612058162689 0.2957723736763 0.293874859809875 0.29480391740799 0.295732975006104 0.29666206240654 0.297591120004654 0.298520177602768 0.299449235200882 0.300378292798996 0.30036735534668 0.300043076276779 0.299718797206879 0.299394518136978 0.299070239067078 0.298745959997177 0.298421680927277 0.298351526260376 0.29904380440712 0.299736082553864 0.300428360700607 0.301120668649673 0.301812946796417 0.302505224943161 0.303197503089905 0.303006798028946 0.302521765232086 0.302036732435226 0.301551729440689 0.301066696643829
0.319785177707672 0.319669634103775 0.319337546825409 0.319005459547043 0.318673372268677 0.318341255187988 0.318009167909622 0.317677080631256 0.317344963550568 0.315048784017563 0.312097877264023 0.309147000312805 0.306196093559265 0.303245216608047 0.30029433965683 0.29734343290329 0.295371681451797 0.296337276697159 0.297302901744843 0.298268526792526 0.299234122037888 0.300199747085571 0.301165372133255 0.302130967378616 0.302082300186157 0.301695495843887 0.30130872130394 0.30092191696167 0.300535142421722 0.300148338079453 0.299761533737183 0.299586057662964 0.300044506788254 0.300502926111221 0.300961345434189 0.301419764757156 0.301878213882446 0.302336633205414 0.302795052528381 0.302597790956497 0.302181929349899 0.301766067743301 0.301350206136703 0.300934344530106
0.318196564912796 0.317988723516464 0.318208694458008 0.318428665399551 0.318648636341095 0.318868607282639 0.319088578224182 0.319308549165726 0.319528520107269 0.317286968231201 0.314224898815155 0.311162799596786 0.30810073018074 0.305038660764694 0.301976591348648 0.29891449213028 0.296868473291397 0.29787066578865 0.298872828483582 0.299874991178513 0.300877153873444 0.301879316568375 0.302881479263306 0.303883671760559 0.303797215223312 0.303347915410995 0.302898615598679 0.302449315786362 0.302000015974045 0.301550716161728 0.301101416349411 0.300820589065552 0.301045179367065 0.301269739866257 0.30149433016777 0.301718890666962 0.301943480968475 0.302168041467667 0.30239263176918 0.302188754081726 0.30184206366539 0.301495373249054 0.301148682832718 0.300802022218704
0.316607922315598 0.316307812929153 0.317079842090607 0.31785187125206 0.318623930215836 0.319395959377289 0.320167988538742 0.320940047502518 0.321712076663971 0.31952515244484 0.316351890563965 0.31317862868309 0.310005366802216 0.306832104921341 0.303658843040466 0.300485581159592 0.298365294933319 0.29940402507782 0.300442725419998 0.301481455564499 0.302520185709 0.303558886051178 0.304597616195679 0.305636346340179 0.30551216006279 0.305000334978104 0.30448853969574 0.303976744413376 0.30346491932869 0.302953124046326 0.302441298961639 0.30205512046814 0.302045851945877 0.302036583423615 0.302027314901352 0.302018016576767 0.302008748054504 0.301999479532242 0.301990211009979 0.301779747009277 0.301502227783203 0.301224708557129 0.300947189331055 0.30066967010498
0.315019309520721 0.31462687253952 0.315950989723206 0.317275106906891 0.318599194288254 0.319923311471939 0.321247428655624 0.322571516036987 0.323895633220673 0.321763336658478 0.318478882312775 0.315194427967072 0.311909973621368 0.308625519275665 0.305341094732285 0.302056640386581 0.299862116575241 0.300937384366989 0.302012652158737 0.303087919950485 0.304163187742233 0.305238455533981 0.306313753128052 0.3073890209198 0.307227104902267 0.306652784347534 0.306078463792801 0.305504143238068 0.304929822683334 0.304355502128601 0.303781181573868 0.30328968167305 0.303046554327011 0.30280339717865 0.302560269832611 0.302317142486572 0.302074015140533 0.301830887794495 0.301587760448456 0.301370710134506 0.301162362098694 0.300954014062881 0.300745666027069 0.300537317991257
