resources/Exp000_Example-Run/Run01_M2/TimeSeries/2010/model_set/cldtot_avg.asc
NCOLS 265 
NROWS 230 
XLLCORNER -115.5625 
YLLCORNER 24.8333333333333 
CELLSIZE 0.0833333333333333 
NODATA_value -9999 
[rows 160 to 179 of 230, columns 176 to 219 of 265]
0.341919302940369 0.343473494052887 0.345027655363083 0.346580445766449 0.348129034042358 0.349677622318268 0.351226210594177 0.352774769067764 0.354323357343674 0.355871945619583 0.357420533895493 0.358723819255829 0.359945386648178 0.361166924238205 0.362388461828232 0.363609999418259 0.364831566810608 0.366053104400635 0.367159813642502 0.36792203783989 0.3686842918396 0.369446516036987 0.370208740234375 0.370970964431763 0.371733218431473 0.37249544262886 0.373085141181946 0.373617351055145 0.374149560928345 0.374681770801544 0.375213980674744 0.375746190547943 0.37627837061882 0.376711219549179 0.376845985651016 0.376980721950531 0.377115488052368 0.377250224351883 0.377384960651398 0.377519726753235 0.37765446305275 0.378334522247314 0.379196345806122 0.380058139562607
0.342719554901123 0.344331741333008 0.34594389796257 0.347559541463852 0.349185585975647 0.350811630487442 0.352437674999237 0.354063719511032 0.355689764022827 0.357315808534622 0.358941853046417 0.36032173037529 0.361619532108307 0.362917363643646 0.364215165376663 0.365512996912003 0.36681079864502 0.368108630180359 0.369267076253891 0.370007455348969 0.370747834444046 0.371488213539124 0.372228562831879 0.372968941926956 0.373709321022034 0.374449700117111 0.374939441680908 0.375345677137375 0.375751882791519 0.376158118247986 0.37656432390213 0.376970529556274 0.377376765012741 0.37771725654602 0.37786066532135 0.378004044294357 0.378147423267365 0.378290832042694 0.378434211015701 0.378577589988708 0.378720998764038 0.379432171583176 0.380332618951797 0.381233066320419
0.343149334192276 0.344864964485168 0.346580594778061 0.348304212093353 0.350051909685135 0.351799607276917 0.353547304868698 0.355294972658157 0.357042670249939 0.358790367841721 0.36053803563118 0.361994951963425 0.363354921340942 0.36471489071846 0.366074860095978 0.367434829473495 0.368794798851013 0.370154768228531 0.371361821889877 0.372110038995743 0.372858285903931 0.373606532812119 0.374354749917984 0.375102996826172 0.375851213932037 0.376599460840225 0.376997530460358 0.377278834581375 0.377560168504715 0.377841502428055 0.378122836351395 0.378404170274734 0.378685504198074 0.378930747509003 0.379067718982697 0.37920469045639 0.379341661930084 0.379478633403778 0.379615604877472 0.379752576351166 0.37988954782486 0.380601346492767 0.381504744291306 0.382408112287521
0.34320867061615 0.345073163509369 0.34693768620491 0.348814457654953 0.3507279753685 0.352641493082047 0.354555010795593 0.35646852850914 0.358382076025009 0.360295593738556 0.362209111452103 0.363743484020233 0.36515149474144 0.366559535264969 0.367967545986176 0.369375556707382 0.370783567428589 0.372191578149796 0.373444050550461 0.374229848384857 0.375015676021576 0.375801473855972 0.376587271690369 0.377373099327087 0.378158897161484 0.378944724798203 0.379259347915649 0.379416882991791 0.379574418067932 0.379731982946396 0.379889518022537 0.380047082901001 0.380204617977142 0.380351662635803 0.380467146635056 0.38058266043663 0.380698174238205 0.380813658237457 0.380929172039032 0.381044685840607 0.381160199642181 0.38184204697609 0.382712692022324 0.383583307266235
0.343267977237701 0.345281392335892 0.347294807434082 0.349324703216553 0.351404041051865 0.353483408689499 0.355562746524811 0.357642114162445 0.359721451997757 0.361800789833069 0.363880157470703 0.365492045879364 0.36694809794426 0.368404150009155 0.369860202074051 0.371316254138947 0.372772306203842 0.374228358268738 0.375526249408722 0.376349657773972 0.377173036336899 0.377996414899826 0.378819823265076 0.379643201828003 0.38046658039093 0.38128998875618 0.381521165370941 0.381554901599884 0.381588667631149 0.381622433662415 0.38165619969368 0.381689965724945 0.38172373175621 0.381772547960281 0.381866604089737 0.38196063041687 0.382054656744003 0.382148712873459 0.382242739200592 0.382336765527725 0.382430821657181 0.383082747459412 0.383920609951019 0.384758502244949
0.343327313661575 0.345489591360092 0.347651898860931 0.34983491897583 0.35208010673523 0.354325294494629 0.356570482254028 0.358815670013428 0.361060827970505 0.363306015729904 0.365551203489304 0.367240577936172 0.368744671344757 0.370248764753342 0.371752858161926 0.373256981372833 0.374761074781418 0.376265168190002 0.377608478069305 0.378469437360764 0.379330426454544 0.380191385746002 0.38105234503746 0.381913304328918 0.382774293422699 0.383635252714157 0.383782982826233 0.3836929500103 0.383602917194366 0.383512914180756 0.383422881364822 0.383332878351212 0.383242845535278 0.383193463087082 0.383266031742096 0.38333860039711 0.383411169052124 0.383483737707138 0.383556306362152 0.383628875017166 0.38370144367218 0.384323418140411 0.385128557682037 0.385933697223663
0.343386620283127 0.345697820186615 0.348009020090103 0.35034516453743 0.352756172418594 0.355167180299759 0.357578217983246 0.35998922586441 0.362400233745575 0.36481124162674 0.367222249507904 0.368989109992981 0.370541274547577 0.37209340929985 0.373645544052124 0.375197678804398 0.376749813556671 0.378301948308945 0.379690706729889 0.380589246749878 0.381487786769867 0.382386326789856 0.383284866809845 0.384183406829834 0.385081976652145 0.385980516672134 0.386044800281525 0.385830998420715 0.385617166757584 0.385403364896774 0.385189563035965 0.384975761175156 0.384761959314346 0.384614378213882 0.384665459394455 0.38471657037735 0.384767681360245 0.384818762540817 0.384869873523712 0.384920954704285 0.38497206568718 0.385564118623734 0.386336505413055 0.387108892202377
0.343445956707001 0.345906049013138 0.348366111516953 0.350855380296707 0.353432238101959 0.356009095907211 0.358585923910141 0.361162781715393 0.363739609718323 0.366316467523575 0.368893325328827 0.370737671852112 0.372337847948074 0.373938024044037 0.375538200139999 0.377138376235962 0.378738582134247 0.380338758230209 0.381772935390472 0.382709056138992 0.383645176887512 0.384581297636032 0.385517418384552 0.386453539133072 0.387389659881592 0.388325780630112 0.388306617736816 0.387969017028809 0.387631416320801 0.387293845415115 0.386956244707108 0.3866186439991 0.386281073093414 0.386035293340683 0.386064916849136 0.38609454035759 0.386124163866043 0.386153787374496 0.386183440685272 0.386213064193726 0.386242687702179 0.386804819107056 0.387544453144073 0.388284087181091
0.342995047569275 0.345523834228516 0.348052620887756 0.350614994764328 0.353278070688248 0.355941146612167 0.358604222536087 0.361267268657684 0.363930344581604 0.366593420505524 0.369256496429443 0.371137171983719 0.372757077217102 0.374376982450485 0.375996857881546 0.377616763114929 0.379236668348312 0.380856543779373 0.382311105728149 0.383269637823105 0.38422816991806 0.385186702013016 0.386145234107971 0.387103766202927 0.388062298297882 0.389020830392838 0.388997703790665 0.388647347688675 0.388297021389008 0.38794669508934 0.38759633898735 0.387246012687683 0.386895656585693 0.386644452810287 0.386690557003021 0.386736690998077 0.386782795190811 0.386828929185867 0.386875033378601 0.386921167373657 0.386967271566391 0.387547045946121 0.388304710388184 0.389062345027924
0.342033863067627 0.344551205635071 0.347068548202515 0.34962397813797 0.35229367017746 0.354963332414627 0.357633024454117 0.360302716493607 0.362972408533096 0.365642100572586 0.368311792612076 0.370187669992447 0.37179896235466 0.373410224914551 0.375021517276764 0.376632809638977 0.378244072198868 0.379855364561081 0.381305277347565 0.38227105140686 0.383236825466156 0.384202569723129 0.385168343782425 0.386134117841721 0.387099891901016 0.388065665960312 0.388118058443069 0.387866020202637 0.387613952159882 0.387361913919449 0.387109845876694 0.386857807636261 0.386605739593506 0.386441856622696 0.386542409658432 0.38664299249649 0.386743545532227 0.386844128370285 0.386944681406021 0.38704526424408 0.387145817279816 0.38779079914093 0.388617247343063 0.389443695545197
0.341072708368301 0.343578577041626 0.346084445714951 0.34863293170929 0.351309239864349 0.353985548019409 0.356661856174469 0.359338164329529 0.362014472484589 0.364690780639648 0.367367088794708 0.369238168001175 0.370840817689896 0.372443497180939 0.374046176671982 0.375648826360703 0.377251505851746 0.378854185342789 0.380299419164658 0.381272435188293 0.382245451211929 0.383218467235565 0.384191483259201 0.385164499282837 0.38613748550415 0.387110501527786 0.387238442897797 0.387084662914276 0.386930912733078 0.386777132749557 0.386623382568359 0.386469602584839 0.386315822601318 0.386239260435104 0.386394292116165 0.386549293994904 0.386704325675964 0.386859327554703 0.387014359235764 0.387169361114502 0.387324392795563 0.388034582138062 0.388929814100266 0.38982504606247
0.340111553668976 0.342605948448181 0.345100373029709 0.347641915082932 0.350324839353561 0.353007763624191 0.355690687894821 0.358373612165451 0.361056536436081 0.363739460706711 0.366422384977341 0.368288636207581 0.369882702827454 0.371476769447327 0.373070806264877 0.37466487288475 0.376258939504623 0.377852976322174 0.379293590784073 0.380273848772049 0.381254076957703 0.382234334945679 0.383214592933655 0.384194850921631 0.385175108909607 0.386155366897583 0.386358797550201 0.386303335428238 0.386247843503952 0.386192351579666 0.386136889457703 0.386081397533417 0.386025905609131 0.386036664247513 0.386246144771576 0.386455595493317 0.38666507601738 0.38687452673912 0.387084007263184 0.387293457984924 0.387502938508987 0.38827833533287 0.389242380857468 0.390206396579742
0.33915039896965 0.341633349657059 0.344116300344467 0.346650898456573 0.349340438842773 0.352029979228973 0.354719519615173 0.357409060001373 0.360098600387573 0.362788140773773 0.365477681159973 0.367339134216309 0.368924587965012 0.370510011911392 0.372095465660095 0.373680919408798 0.375266343355179 0.376851797103882 0.378287732601166 0.379275232553482 0.380262732505798 0.381250232458115 0.382237732410431 0.383225202560425 0.384212702512741 0.385200202465057 0.385479182004929 0.385521978139877 0.385564774274826 0.385607600212097 0.385650396347046 0.385693192481995 0.385736018419266 0.385834097862244 0.386097997426987 0.386361926794052 0.386625826358795 0.386889755725861 0.387153655290604 0.387417584657669 0.387681484222412 0.388522088527679 0.389554917812347 0.390587747097015
0.338189214468002 0.340660721063614 0.343132197856903 0.345659852027893 0.348356008529663 0.351052194833755 0.353748351335526 0.356444507837296 0.359140664339066 0.361836820840836 0.364532977342606 0.366389632225037 0.36796647310257 0.36954328417778 0.371120125055313 0.372696936130524 0.374273777008057 0.375850588083267 0.377281904220581 0.378276646137238 0.379271358251572 0.380266100168228 0.381260842084885 0.382255584001541 0.383250296115875 0.384245038032532 0.384599536657333 0.384740620851517 0.384881734848022 0.385022819042206 0.385163903236389 0.385304987430573 0.385446101427078 0.385631501674652 0.385949850082397 0.386268228292465 0.386586576700211 0.386904954910278 0.387223303318024 0.387541681528091 0.387860029935837 0.388765841722488 0.38986748456955 0.390969097614288
0.337884247303009 0.340272039175034 0.34265986084938 0.345103710889816 0.347715675830841 0.350327610969543 0.352939575910568 0.355551511049271 0.358163475990295 0.36077544093132 0.363387376070023 0.365211427211761 0.366772830486298 0.368334263563156 0.369895666837692 0.371457070112228 0.373018473386765 0.374579876661301 0.376003205776215 0.377012223005295 0.378021240234375 0.379030287265778 0.380039304494858 0.381048321723938 0.382057338953018 0.383066385984421 0.383511960506439 0.383769690990448 0.384027451276779 0.38428521156311 0.384542971849442 0.384800732135773 0.385058492422104 0.385359317064285 0.385789394378662 0.386219471693039 0.386649549007416 0.387079626321793 0.387509703636169 0.387939810752869 0.388369888067245 0.389299392700195 0.390395373106003 0.39149135351181
0.338235408067703 0.34046733379364 0.342699259519577 0.344982415437698 0.34741935133934 0.349856287240982 0.352293223142624 0.354730129241943 0.357167065143585 0.359604001045227 0.362040936946869 0.363804548978806 0.36534371972084 0.366882920265198 0.368422091007233 0.36996129155159 0.371500492095947 0.373039662837982 0.374451637268066 0.375482022762299 0.376512378454208 0.377542734146118 0.37857311964035 0.37960347533226 0.38063383102417 0.381664216518402 0.382216393947601 0.382609188556671 0.383001983165741 0.383394777774811 0.383787602186203 0.384180396795273 0.384573191404343 0.385017544031143 0.385616630315781 0.386215686798096 0.386814743280411 0.387413799762726 0.388012856245041 0.388611942529678 0.389210999011993 0.390122681856155 0.39113861322403 0.392154514789581
0.33858659863472 0.340662628412247 0.342738658189774 0.344861149787903 0.347123056650162 0.349384963512421 0.351646840572357 0.353908747434616 0.356170654296875 0.358432561159134 0.360694468021393 0.36239767074585 0.363914608955383 0.365431576967239 0.366948544979095 0.368465512990952 0.369982481002808 0.371499449014664 0.372900098562241 0.37395179271698 0.375003516674042 0.376055210828781 0.37710690498352 0.378158628940582 0.379210323095322 0.380262047052383 0.380920857191086 0.381448686122894 0.381976515054703 0.382504373788834 0.383032202720642 0.383560061454773 0.384087890386581 0.384675800800323 0.385443836450577 0.38621187210083 0.386979937553406 0.387747973203659 0.388516008853912 0.389284074306488 0.390052109956741 0.390946000814438 0.391881823539734 0.392817676067352
0.338937789201736 0.340857923030853 0.34277805685997 0.344739854335785 0.346826732158661 0.348913609981537 0.351000487804413 0.353087365627289 0.355174243450165 0.357261121273041 0.359347999095917 0.360990762710571 0.362485527992249 0.363980263471603 0.365474998950958 0.366969734430313 0.368464469909668 0.369959205389023 0.371348530054092 0.372421592473984 0.373494625091553 0.374567687511444 0.375640720129013 0.376713782548904 0.377786815166473 0.378859877586365 0.379625290632248 0.380288183689117 0.380951046943665 0.381613940000534 0.382276833057404 0.382939726114273 0.38360258936882 0.384334027767181 0.385271042585373 0.386208087205887 0.387145102024078 0.388082146644592 0.389019161462784 0.389956206083298 0.390893250703812 0.39176931977272 0.392625063657761 0.393480807542801
0.339288979768753 0.34105321764946 0.342817455530167 0.344618588685989 0.346530437469482 0.348442286252975 0.350354135036469 0.352265983819962 0.354177832603455 0.356089681386948 0.358001530170441 0.359583884477615 0.361056417226791 0.362528920173645 0.364001423120499 0.365473955869675 0.366946458816528 0.368418991565704 0.369796961545944 0.370891362428665 0.371985763311386 0.373080134391785 0.374174535274506 0.375268906354904 0.376363307237625 0.377457708120346 0.37832972407341 0.379127651453018 0.379925578832626 0.380723506212234 0.381521433591843 0.382319360971451 0.383117288351059 0.383992254734039 0.385098278522491 0.386204272508621 0.387310296297073 0.388416320085526 0.389522314071655 0.390628337860107 0.39173436164856 0.39259260892868 0.393368303775787 0.394143968820572
0.33964017033577 0.341248512268066 0.342856854200363 0.344497293233871 0.346234112977982 0.347970962524414 0.349707782268524 0.351444602012634 0.353181421756744 0.354918241500854 0.356655061244965 0.358177006244659 0.359627306461334 0.361077576875687 0.362527877092361 0.363978177309036 0.365428477525711 0.366878747940063 0.368245422840118 0.369361132383347 0.370476871728897 0.371592611074448 0.372708350419998 0.373824059963226 0.374939799308777 0.376055538654327 0.377034187316895 0.377967149019241 0.37890014052391 0.379833102226257 0.380766063928604 0.381699025630951 0.38263201713562 0.383650481700897 0.384925484657288 0.386200487613678 0.387475490570068 0.388750493526459 0.390025466680527 0.391300469636917 0.392575472593307 0.393415927886963 0.394111514091492 0.394807130098343
