resources/Exp000_Example-Run/Run01_M2/TimeSeries/2010/model_set/cldtot_avg.asc
NCOLS 265 
NROWS 230 
XLLCORNER -115.5625 
YLLCORNER 24.8333333333333 
CELLSIZE 0.0833333333333333 
NODATA_value -9999 
[rows 80 to 99 of 230, columns 132 to 175 of 265]
0.345291346311569 0.343859642744064 0.342366486787796 0.340689092874527 0.339011698961258 0.337334305047989 0.33565691113472 0.333979517221451 0.332302123308182 0.330624729394913 0.330961167812347 0.33196884393692 0.332976549863815 0.33398425579071 0.334991931915283 0.335999637842178 0.337007343769073 0.337376773357391 0.335831463336945 0.334286153316498 0.332740843296051 0.331195563077927 0.32965025305748 0.328104943037033 0.326559633016586 0.327356517314911 0.328934133052826 0.330511748790741 0.332089364528656 0.333666950464249 0.335244566202164 0.336822181940079 0.337908208370209 0.337519437074661 0.337130695581436 0.336741924285889 0.336353182792664 0.335964411497116 0.335575670003891 0.335186898708344 0.335898488759995 0.336976855993271 0.338055223226547 0.339133590459824
0.346070349216461 0.344815582036972 0.343403190374374 0.341518014669418 0.339632838964462 0.337747663259506 0.33586248755455 0.333977311849594 0.332092136144638 0.330206960439682 0.330384314060211 0.331249207258224 0.332114070653915 0.332978963851929 0.33384382724762 0.334708720445633 0.335573613643646 0.335852205753326 0.334371954202652 0.332891702651978 0.331411451101303 0.329931199550629 0.328450947999954 0.32697069644928 0.325490444898605 0.32632565498352 0.327932715415955 0.329539746046066 0.331146776676178 0.33275380730629 0.334360837936401 0.335967898368835 0.337061315774918 0.336613863706589 0.336166441440582 0.335719019174576 0.335271567106247 0.33482414484024 0.334376692771912 0.333929270505905 0.334561467170715 0.335553526878357 0.336545616388321 0.337537676095963
0.346849352121353 0.34577152132988 0.344439893960953 0.34234693646431 0.340253978967667 0.338161021471024 0.336068034172058 0.333975076675415 0.331882119178772 0.329789161682129 0.329807490110397 0.330529540777206 0.331251621246338 0.331973671913147 0.332695752382278 0.333417803049088 0.334139883518219 0.334327638149261 0.332912445068359 0.331497251987457 0.330082058906555 0.328666865825653 0.327251672744751 0.325836479663849 0.324421286582947 0.325294822454453 0.326931267976761 0.328567743301392 0.3302041888237 0.331840664148331 0.333477109670639 0.33511358499527 0.336214393377304 0.335708290338516 0.335202187299728 0.334696084260941 0.33418995141983 0.333683848381042 0.333177745342255 0.332671642303467 0.333224445581436 0.334130227565765 0.335035979747772 0.335941761732101
0.347628355026245 0.346727460622787 0.345476597547531 0.343175828456879 0.340875089168549 0.338574349880219 0.336273610591888 0.333972871303558 0.331672132015228 0.329371392726898 0.329230636358261 0.329809904098511 0.330389142036438 0.330968379974365 0.331547647714615 0.332126885652542 0.332706153392792 0.332803040742874 0.331452906131744 0.330102771520615 0.328752636909485 0.327402502298355 0.326052367687225 0.324702233076096 0.323352098464966 0.324263960123062 0.32592985033989 0.327595740556717 0.329261630773544 0.330927520990372 0.332593381404877 0.334259271621704 0.335367500782013 0.334802716970444 0.334237933158875 0.333673149347305 0.333108365535736 0.332543581724167 0.331978797912598 0.331414014101028 0.331887423992157 0.332706898450851 0.333526372909546 0.33434584736824
0.346828430891037 0.345979034900665 0.344767719507217 0.342470735311508 0.340173721313477 0.337876707315445 0.335579723119736 0.333282709121704 0.330985695123672 0.328688710927963 0.328521251678467 0.329063653945923 0.329606026411057 0.330148428678513 0.330690830945969 0.331233233213425 0.331775635480881 0.331832826137543 0.330434501171112 0.329036146402359 0.327637791633606 0.326239436864853 0.3248410820961 0.323442727327347 0.322044372558594 0.322961747646332 0.324651032686234 0.326340317726135 0.328029602766037 0.329718887805939 0.33140817284584 0.333097457885742 0.334227710962296 0.333680778741837 0.333133846521378 0.332586914300919 0.332040011882782 0.331493079662323 0.330946147441864 0.330399215221405 0.330898374319077 0.331746190786362 0.332594037055969 0.333441853523254
0.344449609518051 0.343526273965836 0.342313349246979 0.340231597423553 0.338149845600128 0.336068093776703 0.333986341953278 0.331904590129852 0.329822838306427 0.327741086483002 0.327679306268692 0.328290790319443 0.328902304172516 0.329513818025589 0.33012530207634 0.330736815929413 0.331348329782486 0.331416994333267 0.329857170581818 0.328297317028046 0.326737463474274 0.325177639722824 0.323617786169052 0.322057962417603 0.320498108863831 0.321388155221939 0.323094815015793 0.324801474809647 0.3265081346035 0.328214824199677 0.32992148399353 0.331628143787384 0.332795023918152 0.332342475652695 0.33188995718956 0.331437438726425 0.330984890460968 0.330532371997833 0.330079823732376 0.329627305269241 0.330257296562195 0.331248134374619 0.33223894238472 0.333229780197144
0.342070758342743 0.341073513031006 0.339858949184418 0.337992459535599 0.33612596988678 0.334259480237961 0.332392960786819 0.330526471138 0.328659981489182 0.326793491840363 0.326837331056595 0.327517956495285 0.328198581933975 0.328879177570343 0.329559803009033 0.330240398645401 0.330921024084091 0.331001162528992 0.329279839992523 0.327558487653732 0.325837165117264 0.324115842580795 0.322394520044327 0.320673197507858 0.318951845169067 0.319814562797546 0.321538597345352 0.323262631893158 0.324986696243286 0.326710730791092 0.32843479514122 0.330158829689026 0.331362336874008 0.331004202365875 0.330646067857742 0.330287933349609 0.329929798841476 0.329571664333344 0.329213529825211 0.328855395317078 0.329616218805313 0.330750048160553 0.331883877515793 0.33301767706871
0.339691936969757 0.338620752096176 0.337404549121857 0.335753291845322 0.334102064371109 0.332450836896896 0.330799609422684 0.329148381948471 0.327497154474258 0.325845897197723 0.32599538564682 0.326745122671127 0.327494829893112 0.328244566917419 0.328994274139404 0.329744011163712 0.330493718385696 0.330585300922394 0.328702509403229 0.326819688081741 0.324936866760254 0.323054045438766 0.321171224117279 0.319288402795792 0.317405581474304 0.318240970373154 0.319982379674911 0.321723818778992 0.32346522808075 0.32520666718483 0.326948076486588 0.328689515590668 0.329929649829865 0.329665899276733 0.329402178525925 0.329138427972794 0.328874677419662 0.328610956668854 0.328347206115723 0.328083485364914 0.328975141048431 0.330251961946487 0.331528782844543 0.3328056037426
0.337313085794449 0.336167961359024 0.334950149059296 0.333514153957367 0.332078188657761 0.330642223358154 0.329206228256226 0.327770262956619 0.326334297657013 0.324898302555084 0.325153440237045 0.325972259044647 0.326791107654572 0.327609926462173 0.328428775072098 0.3292475938797 0.330066412687302 0.330169469118118 0.328125178813934 0.326080858707428 0.324036568403244 0.321992248296738 0.319947957992554 0.317903637886047 0.315859347581863 0.316667348146439 0.318426162004471 0.320184975862503 0.321943759918213 0.323702573776245 0.325461387634277 0.327220171689987 0.328496962785721 0.328327625989914 0.328158259391785 0.327988922595978 0.327819585800171 0.327650249004364 0.327480912208557 0.32731157541275 0.328334093093872 0.329753905534744 0.331173688173294 0.332593500614166
0.334934264421463 0.333715200424194 0.332495748996735 0.331275016069412 0.330054312944412 0.32883358001709 0.32761287689209 0.326392143964767 0.325171440839767 0.323950707912445 0.32431149482727 0.32519942522049 0.326087355613708 0.32697531580925 0.327863246202469 0.328751176595688 0.329639136791229 0.329753637313843 0.32754784822464 0.325342059135437 0.323136240243912 0.320930451154709 0.318724662065506 0.316518872976303 0.3143130838871 0.315093755722046 0.31686994433403 0.318646132946014 0.320422321557999 0.322198510169983 0.323974668979645 0.325750857591629 0.327064275741577 0.326989322900772 0.326914370059967 0.326839417219162 0.326764494180679 0.326689541339874 0.326614588499069 0.326539635658264 0.32769301533699 0.329255819320679 0.330818623304367 0.332381427288055
0.333246916532516 0.332178860902786 0.331081598997116 0.329896718263626 0.328711867332458 0.327526986598969 0.326342105865479 0.325157254934311 0.323972374200821 0.322787523269653 0.323150962591171 0.324030518531799 0.324910074472427 0.325789600610733 0.326669156551361 0.327548712491989 0.328428268432617 0.328561246395111 0.326454550027847 0.324347853660583 0.32224115729332 0.320134490728378 0.318027794361115 0.315921097993851 0.313814401626587 0.314580172300339 0.31630340218544 0.318026661872864 0.319749891757965 0.321473121643066 0.32319638133049 0.324919611215591 0.326205492019653 0.326179206371307 0.326152920722961 0.326126635074615 0.32610034942627 0.326074063777924 0.326047778129578 0.326021492481232 0.327168732881546 0.328707098960876 0.330245494842529 0.33178386092186
0.332251071929932 0.331558912992477 0.330707669258118 0.329379260540009 0.328050822019577 0.326722413301468 0.325394004583359 0.324065566062927 0.322737157344818 0.321408718824387 0.32167187333107 0.322465509176254 0.323259174823761 0.324052840471268 0.324846506118774 0.325640141963959 0.326433807611465 0.326592296361923 0.324845314025879 0.323098301887512 0.321351319551468 0.319604307413101 0.317857325077057 0.31611031293869 0.314363330602646 0.315126568078995 0.316726535558701 0.318326532840729 0.319926500320435 0.321526497602463 0.323126465082169 0.324726462364197 0.325920611619949 0.325897246599197 0.325873881578445 0.325850546360016 0.325827181339264 0.325803846120834 0.325780481100082 0.325757145881653 0.326761215925217 0.32810777425766 0.329454302787781 0.330800861120224
0.331255227327347 0.330938965082169 0.330333769321442 0.328861802816391 0.327389806509018 0.325917840003967 0.324445873498917 0.322973877191544 0.321501910686493 0.32002991437912 0.320192754268646 0.320900529623032 0.321608304977417 0.32231605052948 0.323023825883865 0.323731601238251 0.324439376592636 0.324623376131058 0.32323607802391 0.321848750114441 0.320461452007294 0.319074153900146 0.317686855792999 0.31629952788353 0.314912229776382 0.315672963857651 0.317149668931961 0.318626403808594 0.320103108882904 0.321579843759537 0.323056548833847 0.32453328371048 0.325635731220245 0.325615286827087 0.325594872236252 0.325574457645416 0.325554043054581 0.325533598661423 0.325513184070587 0.325492769479752 0.326353698968887 0.327508419752121 0.328663140535355 0.329817861318588
0.33025935292244 0.33031901717186 0.329959869384766 0.328344345092773 0.326728790998459 0.325113266706467 0.323497742414474 0.32188218832016 0.320266664028168 0.318651139736176 0.318713665008545 0.319335520267487 0.319957405328751 0.320579290390015 0.321201175451279 0.321823060512543 0.322444915771484 0.32265442609787 0.32162681221962 0.32059919834137 0.31957158446312 0.318544000387192 0.317516386508942 0.316488772630692 0.315461158752441 0.316219329833984 0.317572802305222 0.318926274776459 0.320279717445374 0.321633189916611 0.322986662387848 0.324340105056763 0.325350821018219 0.3253333568573 0.325315862894058 0.325298368930817 0.325280874967575 0.325263381004333 0.325245887041092 0.32522839307785 0.325946182012558 0.326909065246582 0.327871978282928 0.328834861516953
0.329263508319855 0.329699069261551 0.32958596944809 0.327826857566833 0.3260677754879 0.324308693408966 0.322549611330032 0.320790499448776 0.319031417369843 0.317272335290909 0.317234545946121 0.317770540714264 0.318306535482407 0.318842530250549 0.31937849521637 0.319914489984512 0.320450484752655 0.320685505867004 0.320017576217651 0.319349646568298 0.318681746721268 0.318013817071915 0.317345917224884 0.316677987575531 0.316010057926178 0.31676572561264 0.317995935678482 0.319226145744324 0.320456326007843 0.321686536073685 0.322916746139526 0.324146926403046 0.325065940618515 0.32505139708519 0.325036823749542 0.325022280216217 0.325007706880569 0.324993163347244 0.324978590011597 0.324964016675949 0.325538665056229 0.326309740543365 0.32708078622818 0.327851831912994
0.32826766371727 0.329079121351242 0.329212039709091 0.327309399843216 0.325406759977341 0.323504120111465 0.32160148024559 0.319698810577393 0.317796170711517 0.315893530845642 0.31575545668602 0.316205531358719 0.31665563583374 0.317105740308762 0.317555844783783 0.318005949258804 0.318456053733826 0.318716555833817 0.318408340215683 0.318100124597549 0.317791879177094 0.31748366355896 0.317175418138504 0.31686720252037 0.316558986902237 0.317312121391296 0.318419069051743 0.319526016712189 0.320632934570312 0.321739882230759 0.322846829891205 0.323953777551651 0.324781060218811 0.32476943731308 0.324757814407349 0.324746191501617 0.324734538793564 0.324722915887833 0.324711292982101 0.32469967007637 0.325131177902222 0.325710386037827 0.326289623975754 0.326868832111359
0.326041907072067 0.326857924461365 0.327029585838318 0.325268119573593 0.323506653308868 0.321745187044144 0.319983720779419 0.318222254514694 0.31646078824997 0.314699321985245 0.314521282911301 0.314871072769165 0.315220832824707 0.315570592880249 0.315920382738113 0.316270142793655 0.31661993265152 0.316854536533356 0.316743671894073 0.316632777452469 0.316521912813187 0.316411048173904 0.316300183534622 0.31618931889534 0.316078424453735 0.316824167966843 0.317855417728424 0.318886697292328 0.319917947053909 0.320949196815491 0.321980476379395 0.323011726140976 0.323806911706924 0.323893785476685 0.323980689048767 0.324067562818527 0.32415446639061 0.324241369962692 0.324328243732452 0.324415147304535 0.324830830097198 0.325356096029282 0.325881361961365 0.326406627893448
0.322586327791214 0.323035508394241 0.323038518428802 0.321702986955643 0.32036742568016 0.319031894207001 0.317696332931519 0.316360801458359 0.315025269985199 0.313689708709717 0.313532084226608 0.313767105340958 0.314002096652985 0.314237087965012 0.314472109079361 0.314707100391388 0.314942121505737 0.315099388360977 0.3150235414505 0.314947694540024 0.314871847629547 0.31479600071907 0.314720153808594 0.314644277095795 0.314568430185318 0.315301835536957 0.316305011510849 0.317308187484741 0.318311333656311 0.319314509630203 0.320317655801773 0.321320831775665 0.32214343547821 0.322424441576004 0.322705447673798 0.322986453771591 0.323267459869385 0.323548465967178 0.323829472064972 0.324110478162766 0.324637621641159 0.325246840715408 0.325856029987335 0.326465249061584
0.319130718708038 0.319213092327118 0.319047451019287 0.31813782453537 0.317228227853775 0.316318601369858 0.315408974885941 0.314499348402023 0.313589721918106 0.312680095434189 0.312542885541916 0.312663108110428 0.312783360481262 0.312903583049774 0.313023835420609 0.31314405798912 0.313264310359955 0.313344269990921 0.31330344080925 0.313262611627579 0.313221782445908 0.313180953264236 0.313140094280243 0.313099265098572 0.313058435916901 0.313779532909393 0.314754605293274 0.315729647874832 0.316704720258713 0.317679792642593 0.318654865026474 0.319629907608032 0.320479989051819 0.320955127477646 0.32143023610115 0.321905344724655 0.32238045334816 0.322855561971664 0.323330700397491 0.323805809020996 0.324444442987442 0.325137585401535 0.325830727815628 0.326523870229721
0.315675109624863 0.315390676259995 0.315056413412094 0.314572691917419 0.314089000225067 0.313605308532715 0.31312158703804 0.312637895345688 0.312154203653336 0.311670511960983 0.311553686857224 0.31155914068222 0.31156462430954 0.311570078134537 0.311575561761856 0.311581015586853 0.311586499214172 0.311589151620865 0.311583340167999 0.311577498912811 0.311571687459946 0.31156587600708 0.311560064554214 0.311554253101349 0.311548441648483 0.31225723028183 0.313204169273376 0.314151138067245 0.315098106861115 0.316045075654984 0.316992044448853 0.317939013242722 0.318816542625427 0.319485783576965 0.320154994726181 0.320824235677719 0.321493446826935 0.322162687778473 0.322831898927689 0.323501139879227 0.324251234531403 0.325028330087662 0.325805395841599 0.326582461595535
