resources/Exp000_Example-Run/Run01_M2/TimeSeries/2010/model_set/cldtot_avg.asc
NCOLS 265 
NROWS 230 
XLLCORNER -115.5625 
YLLCORNER 24.8333333333333 
CELLSIZE 0.0833333333333333 
NODATA_value -9999 
[rows 20 to 39 of 230, columns 220 to 263 of 265]
0.448343127965927 0.448553621768951 0.448764145374298 0.448974639177322 0.449287414550781 0.449906975030899 0.450526505708694 0.451146066188812 0.45176562666893 0.452385157346725 0.453004717826843 0.453624278306961 0.454655051231384 0.455822885036469 0.456990718841553 0.458158582448959 0.459326416254044 0.460494250059128 0.461662113666534 0.462761610746384 0.463656038045883 0.464550465345383 0.465444922447205 0.466339349746704 0.467233806848526 0.468128234148026 0.469022661447525 0.469626396894455 0.470133185386658 0.470640003681183 0.471146792173386 0.471653610467911 0.472160398960114 0.472667217254639 0.47326534986496 0.474137485027313 0.475009620189667 0.47588175535202 0.476753890514374 0.477626025676727 0.478498160839081 0.479370296001434 0.480236381292343 0.481100410223007
0.447478801012039 0.447808980941772 0.448139160871506 0.448469340801239 0.448855817317963 0.449411183595657 0.449966579675674 0.450521945953369 0.451077342033386 0.451632708311081 0.452188104391098 0.452743470668793 0.453747898340225 0.454901993274689 0.456056088209152 0.457210183143616 0.458364278078079 0.459518373012543 0.460672467947006 0.461768627166748 0.46269103884697 0.463613450527191 0.464535862207413 0.465458273887634 0.466380685567856 0.467303097248077 0.468225508928299 0.468808621168137 0.469278663396835 0.469748705625534 0.470218747854233 0.470688760280609 0.471158802509308 0.471628844738007 0.472189277410507 0.473020851612091 0.473852455615997 0.474684029817581 0.475515633821487 0.476347208023071 0.477178812026978 0.478010386228561 0.478840202093124 0.479669392108917
0.446614474058151 0.447064310312271 0.447514176368713 0.447964042425156 0.448424220085144 0.448915421962738 0.449406653642654 0.449897855520248 0.450389057397842 0.450880259275436 0.45137146115303 0.451862692832947 0.452840745449066 0.453981101512909 0.455121427774429 0.456261783838272 0.457402139902115 0.458542466163635 0.459682822227478 0.460775673389435 0.461726039648056 0.462676435709 0.463626801967621 0.464577198028564 0.465527564287186 0.466477960348129 0.46742832660675 0.467990875244141 0.468424141407013 0.468857407569885 0.469290673732758 0.46972393989563 0.470157206058502 0.470590472221375 0.471113175153732 0.471904218196869 0.472695261240005 0.473486304283142 0.474277347326279 0.475068390369415 0.475859433412552 0.476650476455688 0.477444022893906 0.478238373994827
0.445750147104263 0.446319669485092 0.446889191865921 0.44745871424675 0.447992622852325 0.448419660329819 0.448846697807312 0.449273735284805 0.449700772762299 0.450127810239792 0.450554847717285 0.450981885194778 0.451933592557907 0.453060179948807 0.454186797142029 0.455313384532928 0.456439971923828 0.45756658911705 0.45869317650795 0.459782719612122 0.460761070251465 0.461739420890808 0.462717771530151 0.463696122169495 0.464674472808838 0.465652823448181 0.466631174087524 0.467173129320145 0.467569619417191 0.467966109514236 0.468362599611282 0.468759089708328 0.469155609607697 0.469552099704742 0.470037072896957 0.470787584781647 0.471538066864014 0.472288578748703 0.47303906083107 0.473789572715759 0.474540054798126 0.475290566682816 0.476047843694687 0.47680738568306
0.4447882771492 0.445431649684906 0.446075022220612 0.446718394756317 0.447300791740417 0.447700142860413 0.448099493980408 0.448498874902725 0.44889822602272 0.449297606945038 0.449696958065033 0.450096309185028 0.45102521777153 0.45213058590889 0.453235983848572 0.454341381788254 0.455446749925613 0.456552147865295 0.457657545804977 0.458739519119263 0.459751337766647 0.460763156414032 0.461774945259094 0.462786763906479 0.463798582553864 0.464810401201248 0.46582219004631 0.466365128755569 0.466751784086227 0.467138439416885 0.467525064945221 0.467911720275879 0.468298375606537 0.468685001134872 0.469152688980103 0.469863533973694 0.470574349164963 0.471285164356232 0.471996009349823 0.472706824541092 0.473417639732361 0.474128484725952 0.474845588207245 0.475564777851105
0.44372883439064 0.444400250911713 0.445071667432785 0.445743083953857 0.446348667144775 0.44675686955452 0.447165042161942 0.447573244571686 0.447981417179108 0.448389619588852 0.448797792196274 0.449205994606018 0.45011556148529 0.451192289590836 0.452269017696381 0.453345745801926 0.454422444105148 0.455499172210693 0.456575900316238 0.457646131515503 0.458696871995926 0.459747642278671 0.460798412561417 0.46184915304184 0.462899923324585 0.463950663805008 0.465001434087753 0.465566903352737 0.465970635414124 0.466374337673187 0.466778069734573 0.467181771993637 0.467585504055023 0.467989236116409 0.468460023403168 0.469132035970688 0.46980407834053 0.470476090908051 0.471148133277893 0.471820145845413 0.472492158412933 0.473164200782776 0.47383725643158 0.47451063990593
0.442669421434402 0.443368852138519 0.444068312644958 0.444767743349075 0.445396572351456 0.445813596248627 0.446230590343475 0.446647614240646 0.447064608335495 0.447481632232666 0.447898626327515 0.448315650224686 0.449205935001373 0.450253993272781 0.451302051544189 0.452350109815598 0.453398168087006 0.454446196556091 0.455494254827499 0.456552743911743 0.457642436027527 0.458732128143311 0.459821850061417 0.4609115421772 0.462001264095306 0.46309095621109 0.464180648326874 0.464768677949905 0.46518948674202 0.465610265731812 0.466031044721603 0.466451853513718 0.46687263250351 0.467293441295624 0.46776732802391 0.468400567770004 0.469033777713776 0.469667017459869 0.470300257205963 0.470933467149734 0.471566706895828 0.4721999168396 0.472828894853592 0.473456472158432
0.441610008478165 0.442337483167648 0.443064957857132 0.443792402744293 0.444444477558136 0.444870322942734 0.445296138525009 0.445721983909607 0.446147799491882 0.44657364487648 0.446999460458755 0.447425305843353 0.448296308517456 0.449315696954727 0.450335085391998 0.451354473829269 0.45237386226654 0.453393250703812 0.454412639141083 0.455459326505661 0.456588000059128 0.457716643810272 0.458845287561417 0.459973931312561 0.461102575063705 0.462231248617172 0.463359892368317 0.463970452547073 0.464408308267593 0.464846193790436 0.465284049510956 0.465721905231476 0.466159790754318 0.466597646474838 0.467074662446976 0.467669099569321 0.468263506889343 0.468857944011688 0.469452381134033 0.470046788454056 0.470641225576401 0.471235662698746 0.471820563077927 0.472402304410934
0.440550565719604 0.441306084394455 0.442061573266983 0.442817091941833 0.443492382764816 0.443927019834518 0.444361686706543 0.444796353578568 0.44523099064827 0.445665657520294 0.446100294589996 0.446534961462021 0.447386682033539 0.448377400636673 0.449368119239807 0.450358837842941 0.451349556446075 0.45234027504921 0.453330993652344 0.454365938901901 0.455533534288406 0.456701129674911 0.457868725061417 0.459036320447922 0.460203915834427 0.461371511220932 0.462539106607437 0.463172227144241 0.46362715959549 0.464082092046738 0.464537054300308 0.464991986751556 0.465446919202805 0.465901881456375 0.466381967067719 0.466937601566315 0.467493236064911 0.468048870563507 0.468604505062103 0.469160109758377 0.469715744256973 0.470271378755569 0.470812231302261 0.471348136663437
0.439491152763367 0.440274685621262 0.441058218479156 0.441841751337051 0.442540287971497 0.442983746528625 0.443427234888077 0.443870723247528 0.444314181804657 0.444757670164108 0.44520115852356 0.445644617080688 0.446477025747299 0.447439104318619 0.448401153087616 0.449363201856613 0.45032525062561 0.451287299394608 0.452249377965927 0.453272551298141 0.454479098320007 0.455685615539551 0.456892162561417 0.458098709583282 0.459305256605148 0.460511803627014 0.46171835064888 0.462374001741409 0.462846010923386 0.463318020105362 0.463790029287338 0.464262038469315 0.464734077453613 0.46520608663559 0.465689301490784 0.466206133365631 0.466722965240479 0.467239797115326 0.467756599187851 0.468273431062698 0.468790262937546 0.469307094812393 0.469803899526596 0.470293998718262
0.438408821821213 0.439193695783615 0.439978569746017 0.44076344370842 0.441464394330978 0.441913694143295 0.442362993955612 0.442812293767929 0.443261593580246 0.44371086359024 0.444160163402557 0.444609463214874 0.445428252220154 0.446370214223862 0.44731217622757 0.448254108428955 0.449196070432663 0.450138032436371 0.451079994440079 0.452089726924896 0.453302830457687 0.454515963792801 0.455729067325592 0.456942170858383 0.458155274391174 0.459368377923965 0.460581511259079 0.461273998022079 0.461792975664139 0.462311953306198 0.462830930948257 0.463349908590317 0.463868886232376 0.464387863874435 0.464904278516769 0.465412974357605 0.465921670198441 0.466430366039276 0.466939061880112 0.467447757720947 0.467956453561783 0.468465149402618 0.468953102827072 0.469434142112732
0.43730354309082 0.438063055276871 0.438822597265244 0.439582109451294 0.440264761447906 0.440716862678528 0.441168963909149 0.44162106513977 0.442073166370392 0.442525267601013 0.442977368831635 0.443429470062256 0.444240301847458 0.445170730352402 0.446101158857346 0.447031587362289 0.447962015867233 0.448892444372177 0.449822872877121 0.45081752538681 0.452004820108414 0.453192114830017 0.45437940955162 0.455566704273224 0.456753998994827 0.457941293716431 0.459128588438034 0.459872275590897 0.460468083620071 0.461063921451569 0.461659729480743 0.462255567312241 0.462851375341415 0.463447213172913 0.464026868343353 0.464558124542236 0.465089350938797 0.46562060713768 0.466151833534241 0.466683089733124 0.467214316129684 0.467745542526245 0.468259871006012 0.468768566846848
0.43619829416275 0.436932444572449 0.43766662478447 0.438400775194168 0.439065128564835 0.43952003121376 0.439974933862686 0.440429836511612 0.440884739160538 0.441339671611786 0.441794574260712 0.442249476909637 0.443052381277084 0.443971276283264 0.444890171289444 0.445809066295624 0.446727961301804 0.447646856307983 0.448565751314163 0.449545294046402 0.450706779956818 0.451868265867233 0.453029751777649 0.454191207885742 0.455352693796158 0.456514179706573 0.457675665616989 0.458470523357391 0.459143191576004 0.459815859794617 0.460488528013229 0.461161196231842 0.461833864450455 0.462506532669067 0.46314948797226 0.463703274726868 0.464257061481476 0.464810818433762 0.46536460518837 0.465918391942978 0.466472178697586 0.467025935649872 0.467566639184952 0.468102991580963
0.43509304523468 0.435801833868027 0.436510622501373 0.437219440937042 0.43786546587944 0.438323199748993 0.438780903816223 0.439238607883453 0.439696341753006 0.440154045820236 0.440611779689789 0.441069483757019 0.441864430904388 0.442771822214127 0.443679183721542 0.444586545228958 0.445493906736374 0.44640126824379 0.447308629751205 0.448273092508316 0.449408739805222 0.450544416904449 0.451680094003677 0.452815741300583 0.453951418399811 0.455087095499039 0.456222742795944 0.457068800926208 0.457818329334259 0.458567827939987 0.459317356348038 0.460066854953766 0.460816383361816 0.461565881967545 0.462272107601166 0.462848424911499 0.463424742221832 0.464001059532166 0.464577376842499 0.465153694152832 0.465730011463165 0.466306358575821 0.466873437166214 0.467437416315079
0.433987766504288 0.434671223163605 0.435354650020599 0.436038106679916 0.436665832996368 0.437126338481903 0.43758687376976 0.438047409057617 0.438507914543152 0.438968449831009 0.439428985118866 0.439889490604401 0.440676510334015 0.441572338342667 0.442468166351318 0.443364024162292 0.444259852170944 0.445155680179596 0.44605153799057 0.447000861167908 0.448110729455948 0.449220567941666 0.450330436229706 0.451440274715424 0.452550113201141 0.453659981489182 0.454769819974899 0.455667078495026 0.456493437290192 0.457319796085358 0.458146154880524 0.45897251367569 0.459798872470856 0.460625231266022 0.461394727230072 0.46199357509613 0.462592422962189 0.463191300630569 0.463790148496628 0.464389026165009 0.464987874031067 0.465586751699448 0.466180205345154 0.466771870851517
0.432882517576218 0.433540612459183 0.434198677539825 0.43485677242279 0.435466170310974 0.435929507017136 0.436392843723297 0.436856180429459 0.43731951713562 0.437782853841782 0.438246190547943 0.438709497451782 0.439488559961319 0.440372884273529 0.441257178783417 0.442141503095627 0.443025797605515 0.443910092115402 0.444794416427612 0.445728659629822 0.446812689304352 0.447896718978882 0.448980748653412 0.450064808130264 0.451148837804794 0.452232867479324 0.453316926956177 0.45426532626152 0.455168545246124 0.456071734428406 0.45697495341301 0.457878172397614 0.458781361579895 0.459684580564499 0.460517317056656 0.461138725280762 0.461760133504868 0.462381541728973 0.463002920150757 0.463624328374863 0.464245736598969 0.464867144823074 0.465486973524094 0.466106295585632
0.431476324796677 0.432127624750137 0.432778924703598 0.433430224657059 0.434041559696198 0.434532940387726 0.435024291276932 0.43551567196846 0.436007022857666 0.436498403549194 0.436989784240723 0.437481135129929 0.438248157501221 0.439107090234756 0.43996599316597 0.440824925899506 0.441683828830719 0.442542731761932 0.443401664495468 0.44431483745575 0.445390850305557 0.446466863155365 0.447542876005173 0.44861888885498 0.449694901704788 0.450770914554596 0.451846927404404 0.452823013067245 0.453765779733658 0.45470854640007 0.455651342868805 0.456594109535217 0.45753687620163 0.458479672670364 0.45935046672821 0.46000537276268 0.460660248994827 0.461315155029297 0.461970061063766 0.462624967098236 0.463279843330383 0.463934749364853 0.464602380990982 0.46527424454689
0.429769188165665 0.430432289838791 0.431095391511917 0.431758493185043 0.432391971349716 0.432936608791351 0.433481246232986 0.434025853872299 0.434570491313934 0.435115128755569 0.435659766197205 0.43620440363884 0.43695530295372 0.437774956226349 0.438594609498978 0.439414292573929 0.440233945846558 0.441053599119186 0.441873282194138 0.442759454250336 0.443845212459564 0.444931000471115 0.446016758680344 0.447102516889572 0.448188304901123 0.449274063110352 0.45035982131958 0.451340079307556 0.452285140752792 0.453230202198029 0.454175293445587 0.455120354890823 0.45606541633606 0.457010507583618 0.457894146442413 0.458593487739563 0.459292829036713 0.459992170333862 0.460691511631012 0.461390882730484 0.462090224027634 0.462789565324783 0.463526397943497 0.46427571773529
0.428062081336975 0.428736954927444 0.429411858320236 0.430086761713028 0.430742383003235 0.431340277194977 0.431938171386719 0.432536065578461 0.433133959770203 0.433731853961945 0.434329748153687 0.434927642345428 0.435662418603897 0.436442822217941 0.437223225831985 0.438003659248352 0.438784062862396 0.43956446647644 0.440344870090485 0.441204071044922 0.442299604415894 0.443395107984543 0.444490641355515 0.445586174726486 0.446681708097458 0.447777211666107 0.448872745037079 0.449857145547867 0.450804531574249 0.451751887798309 0.452699244022369 0.453646600246429 0.45459395647049 0.455541342496872 0.456437796354294 0.457181602716446 0.457925409078598 0.458669185638428 0.45941299200058 0.460156798362732 0.460900604724884 0.461644381284714 0.462450414896011 0.463277190923691
0.426354944705963 0.427041620016098 0.427728325128555 0.42841500043869 0.429092794656754 0.429743975400925 0.430395126342773 0.431046277284622 0.431697428226471 0.43234857916832 0.432999730110168 0.433650881052017 0.434369534254074 0.435110718011856 0.435851871967316 0.436593025922775 0.437334179878235 0.438075333833694 0.438816487789154 0.439648687839508 0.4407539665699 0.441859245300293 0.442964524030685 0.4440698325634 0.445175111293793 0.446280390024185 0.447385668754578 0.4483742415905 0.449323892593384 0.450273543596268 0.451223194599152 0.452172845602036 0.453122496604919 0.454072147607803 0.454981476068497 0.455769717693329 0.456557959318161 0.457346230745316 0.458134472370148 0.45892271399498 0.459710955619812 0.460499227046967 0.461374431848526 0.462278664112091
