resources/Exp000_Example-Run/Run01_M2/TimeSeries/2010/model_set/hflux_avg.asc
NCOLS 265 
NROWS 230 
XLLCORNER -115.5625 
YLLCORNER 24.8333333333333 
CELLSIZE 0.0833333333333333 
NODATA_value -9999 
[rows 40 to 59 of 230, columns 184 to 229 of 265]
43.9194297790527 43.6592330932617 43.3990325927734 42.9885940551758 42.528076171875 42.0675582885742 41.6070404052734 41.1465187072754 40.6860008239746 40.2254829406738 39.7531890869141 39.2455673217773 38.7379417419434 38.2303199768066 37.7226982116699 37.2150726318359 36.7074508666992 36.1998291015625 35.989330291748 35.877872467041 35.766414642334 35.6549606323242 35.5435028076172 35.4320449829102 35.3205909729004 35.2359046936035 35.2315330505371 35.2271614074707 35.2227935791016 35.2184219360352 35.2140502929688 35.2096824645996 35.2053108215332 35.3098831176758 35.4507675170898 35.5916519165039 35.732536315918 35.8734245300293 36.0143089294434 36.1551933288574 36.1952934265137 35.9330368041992 35.6707763671875 35.408519744873 35.1462631225586 34.8840026855469
44.1691093444824 43.9178199768066 43.6665344238281 43.284366607666 42.858570098877 42.4327735900879 42.0069770812988 41.5811767578125 41.1553802490234 40.7295837402344 40.2697372436523 39.7077445983887 39.1457481384277 38.5837516784668 38.0217552185059 37.4597625732422 36.8977661132812 36.3357696533203 36.0854187011719 35.9389495849609 35.79248046875 35.6460151672363 35.4995460510254 35.3530769348145 35.2066078186035 35.097728729248 35.1016311645508 35.1055335998535 35.1094360351562 35.1133346557617 35.1172370910645 35.1211395263672 35.1250381469727 35.2668571472168 35.4546508789062 35.6424407958984 35.8302307128906 36.0180206298828 36.2058143615723 36.3936042785645 36.4701538085938 36.2129783630371 35.9558029174805 35.6986274719238 35.4414520263672 35.1842765808105
44.4392929077148 44.1925048828125 43.9457130432129 43.5818672180176 43.1790046691895 42.7761421203613 42.3732795715332 41.9704170227051 41.567554473877 41.1646919250488 40.71337890625 40.1167221069336 39.5200653076172 38.9234085083008 38.3267517089844 37.7300987243652 37.1334419250488 36.5367851257324 36.2562217712402 36.0810241699219 35.9058265686035 35.7306289672852 35.5554313659668 35.3802337646484 35.2050361633301 35.0740165710449 35.0755310058594 35.0770492553711 35.0785636901855 35.0800819396973 35.0815963745117 35.0831146240234 35.0846290588379 35.232837677002 35.4299430847168 35.6270523071289 35.8241577148438 36.0212631225586 36.2183685302734 36.4154739379883 36.5005073547363 36.2493209838867 35.9981346130371 35.7469444274902 35.4957580566406 35.244571685791
44.7299880981445 44.4832763671875 44.2365646362305 43.8810997009277 43.4893836975098 43.0976676940918 42.7059516906738 42.3142356872559 41.9225196838379 41.5308036804199 41.084114074707 40.4725074768066 39.8609008789062 39.2492942810059 38.6376876831055 38.0260810852051 37.4144744873047 36.8028678894043 36.5017356872559 36.3040924072266 36.1064491271973 35.908805847168 35.7111625671387 35.5135192871094 35.3158760070801 35.1647605895996 35.1532363891602 35.1417121887207 35.130184173584 35.1186599731445 35.1071319580078 35.0956077575684 35.0840835571289 35.2078247070312 35.376651763916 35.545482635498 35.7143135070801 35.8831443786621 36.0519752502441 36.2208023071289 36.2863540649414 36.0420608520508 35.7977676391602 35.5534706115723 35.3091773986816 35.064884185791
45.0206871032715 44.7740516662598 44.5274200439453 44.1803321838379 43.7997627258301 43.4191932678223 43.0386238098145 42.6580543518066 42.2774848937988 41.8969116210938 41.4548454284668 40.8282890319824 40.201732635498 39.5751762390137 38.9486198425293 38.3220634460449 37.6955070495605 37.0689506530762 36.7472457885742 36.527156829834 36.3070678710938 36.0869827270508 35.8668937683105 35.6468048095703 35.4267158508301 35.2555084228516 35.2309417724609 35.206371307373 35.1818046569824 35.1572380065918 35.1326675415039 35.1081008911133 35.0835342407227 35.1828079223633 35.3233604431152 35.4639167785645 35.6044692993164 35.7450256347656 35.8855781555176 36.0261344909668 36.0722007751465 35.8348007202148 35.5974006652832 35.3599967956543 35.1225967407227 34.885196685791
45.3113822937012 45.064826965332 44.8182716369629 44.479564666748 44.1101417541504 43.7407188415527 43.3712959289551 43.0018730163574 42.6324462890625 42.2630233764648 41.8255805969238 41.1840744018555 40.5425682067871 39.9010620117188 39.2595558166504 38.618049621582 37.9765434265137 37.3350372314453 36.9927597045898 36.7502250671387 36.5076904296875 36.2651557922363 36.0226249694824 35.7800903320312 35.5375556945801 35.3462524414062 35.3086433410645 35.2710342407227 35.2334251403809 35.1958160400391 35.158203125 35.1205940246582 35.0829849243164 35.1577911376953 35.2700691223145 35.3823471069336 35.49462890625 35.6069068908691 35.7191848754883 35.8314628601074 35.8580474853516 35.6275405883789 35.3970336914062 35.1665267944336 34.9360198974609 34.7055130004883
45.6020774841309 45.3556022644043 45.1091232299805 44.7787971496582 44.4205207824707 44.0622444152832 43.7039680480957 43.3456878662109 42.9874114990234 42.6291351318359 42.1963119506836 41.5398559570312 40.8833999633789 40.2269439697266 39.5704879760742 38.9140319824219 38.2575759887695 37.6011199951172 37.2382698059082 36.9732933044434 36.7083129882812 36.4433326721191 36.1783561706543 35.9133758544922 35.6483955383301 35.4370002746582 35.3863487243652 35.3356971740723 35.2850456237793 35.2343902587891 35.1837387084961 35.1330871582031 35.0824356079102 35.1327743530273 35.2167778015137 35.30078125 35.3847846984863 35.4687881469727 35.552791595459 35.6367950439453 35.6438941955566 35.420280456543 35.1966667175293 34.9730529785156 34.749439239502 34.5258255004883
45.8927726745605 45.6463737487793 45.3999786376953 45.0780296325684 44.730899810791 44.3837699890137 44.0366401672363 43.6895065307617 43.3423767089844 42.995246887207 42.5670471191406 41.8956413269043 41.224235534668 40.5528297424316 39.881420135498 39.2100143432617 38.5386085510254 37.8672027587891 37.4837837219238 37.1963577270508 36.908935546875 36.621509552002 36.3340873718262 36.0466613769531 35.7592353820801 35.5277442932129 35.4640502929688 35.4003562927246 35.3366622924805 35.2729682922363 35.2092742919922 35.145580291748 35.0818862915039 35.1077613830566 35.1634864807129 35.2192153930664 35.2749404907227 35.3306694030762 35.3863945007324 35.4421234130859 35.4297370910645 35.213020324707 34.9962997436523 34.7795791625977 34.562858581543 34.3461380004883
46.1708297729492 45.9321174621582 45.6934051513672 45.3786354064941 45.038516998291 44.6983947753906 44.3582725524902 44.0181503295898 43.6780281066895 43.3379058837891 42.9135856628418 42.2366676330566 41.5597496032715 40.8828315734863 40.2059135437012 39.528995513916 38.8520774841309 38.1751556396484 37.790340423584 37.5028877258301 37.2154350280762 36.9279823303223 36.6405296325684 36.3530769348145 36.0656242370605 35.8282089233398 35.7409057617188 35.6535987854004 35.5662956237793 35.4789924621582 35.3916854858398 35.3043823242188 35.2170791625977 35.2068557739258 35.2223281860352 35.2378005981445 35.2532730102539 35.2687454223633 35.2842178344727 35.299690246582 35.2601280212402 35.0554542541504 34.8507804870605 34.646110534668 34.4414367675781 34.2367668151855
46.4362525939941 46.2128295898438 45.9894104003906 45.6806182861328 45.3433685302734 45.0061187744141 44.6688690185547 44.3316192626953 43.9943695068359 43.6571197509766 43.2359313964844 42.5629386901855 41.8899459838867 41.2169532775879 40.5439605712891 39.8709678649902 39.1979751586914 38.5249824523926 38.1579360961914 37.8928756713867 37.6278114318848 37.3627510070801 37.0976867675781 36.8326225280762 36.5675621032715 36.3383941650391 36.216911315918 36.0954246520996 35.9739418029785 35.8524589538574 35.7309722900391 35.609489440918 35.4880065917969 35.430061340332 35.3933029174805 35.3565406799316 35.3197784423828 35.283016204834 35.2462539672852 35.2094917297363 35.1350555419922 34.9475860595703 34.7601165771484 34.5726470947266 34.3851776123047 34.1977081298828
46.7016716003418 46.4935455322266 46.2854156494141 45.9826011657715 45.6482200622559 45.3138427734375 44.9794654846191 44.6450843811035 44.3107070922852 43.9763298034668 43.558277130127 42.8892097473145 42.220142364502 41.5510749816895 40.882007598877 40.2129402160645 39.5438766479492 38.8748092651367 38.5255355834961 38.2828636169434 38.0401916503906 37.7975158691406 37.5548439025879 37.3121719360352 37.0694999694824 36.8485794067383 36.6929130554199 36.5372505187988 36.3815879821777 36.2259216308594 36.0702590942383 35.9145965576172 35.7589340209961 35.6532707214355 35.5642738342285 35.4752769470215 35.3862838745117 35.2972869873047 35.2082901000977 35.1192970275879 35.0099830627441 34.8397178649902 34.6694526672363 34.4991874694824 34.3289184570312 34.1586532592773
46.9670944213867 46.7742576599121 46.5814208984375 46.2845802307129 45.9530754089355 45.6215667724609 45.2900581359863 44.958553314209 44.6270446777344 44.295539855957 43.8806228637695 43.2154808044434 42.5503387451172 41.8852005004883 41.2200584411621 40.5549163818359 39.8897743225098 39.2246322631836 38.8931350708008 38.6728515625 38.4525680541992 38.2322845458984 38.0120010375977 37.7917175292969 37.5714340209961 37.3587608337402 37.1689186096191 36.979076385498 36.789234161377 36.5993881225586 36.4095458984375 36.2197036743164 36.0298614501953 35.8764762878418 35.7352485656738 35.5940170288086 35.4527893066406 35.3115577697754 35.1703300476074 35.0290985107422 34.8849105834961 34.7318496704102 34.578784942627 34.425724029541 34.2726593017578 34.1195983886719
47.2325134277344 47.0549697875977 46.8774261474609 46.5865631103516 46.257926940918 45.9292907714844 45.6006546020508 45.2720184326172 44.9433860778809 44.6147499084473 44.2029685974121 43.5417518615723 42.8805389404297 42.2193222045898 41.55810546875 40.8968887329102 40.2356719970703 39.5744590759277 39.2607345581055 39.0628395080566 38.8649482727051 38.6670532226562 38.4691581726074 38.2712669372559 38.073371887207 37.8689460754395 37.6449241638184 37.4209022521973 37.1968765258789 36.9728546142578 36.7488327026367 36.5248107910156 36.3007888793945 36.0996856689453 35.9062194824219 35.7127571105957 35.5192947387695 35.3258285522461 35.1323661804199 34.9389038085938 34.7598419189453 34.6239814758301 34.4881210327148 34.3522605895996 34.2164001464844 34.0805435180664
47.497932434082 47.3356819152832 47.1734275817871 46.888542175293 46.5627784729004 46.2370147705078 45.9112510681152 45.5854873657227 45.2597236633301 44.9339599609375 44.5253143310547 43.8680229187012 43.2107353210449 42.5534439086914 41.8961524963379 41.2388648986816 40.5815734863281 39.9242820739746 39.6283340454102 39.4528274536133 39.2773246765137 39.1018218994141 38.9263153076172 38.7508125305176 38.575309753418 38.3791313171387 38.1209259033203 37.8627243041992 37.6045227050781 37.346321105957 37.0881195068359 36.8299179077148 36.5717163085938 36.3228912353516 36.0771942138672 35.8314971923828 35.5858001708984 35.3400993347168 35.0944023132324 34.848705291748 34.6347694396973 34.51611328125 34.3974571228027 34.2787971496582 34.1601409912109 34.0414848327637
47.7042274475098 47.5481185913086 47.3920135498047 47.1146469116211 46.7968635559082 46.4790802001953 46.1612968444824 45.8435096740723 45.5257263183594 45.2079429626465 44.8082389831543 44.1627731323242 43.5173110961914 42.8718452453613 42.2263832092285 41.5809173583984 40.9354553222656 40.2899894714355 40.0106544494629 39.8533630371094 39.6960754394531 39.5387840270996 39.3814926147461 39.2242012023926 39.0669097900391 38.8807334899902 38.6078948974609 38.3350563049316 38.0622177124023 37.789379119873 37.5165405273438 37.2437019348145 36.9708671569824 36.6819152832031 36.3875923156738 36.0932693481445 35.7989463806152 35.5046234130859 35.2103004455566 34.9159774780273 34.666389465332 34.5510063171387 34.4356231689453 34.320240020752 34.2048568725586 34.0894737243652
47.851390838623 47.6922836303711 47.5331764221191 47.2648773193359 46.9601821899414 46.6554832458496 46.3507881164551 46.0460929870605 45.7413940429688 45.4366989135742 45.0517387390137 44.4260025024414 43.8002662658691 43.1745262145996 42.5487899780273 41.9230537414551 41.2973136901855 40.6715774536133 40.4077033996582 40.2644500732422 40.1211967468262 39.9779434204102 39.8346862792969 39.6914329528809 39.5481796264648 39.3737564086914 39.105827331543 38.8378944396973 38.5699653625488 38.3020324707031 38.0341033935547 37.766170501709 37.4982414245605 37.1767539978027 36.8374137878418 36.4980735778809 36.1587371826172 35.8193969726562 35.4800567626953 35.1407203674316 34.8547058105469 34.7286643981934 34.6026268005371 34.4765892028809 34.3505477905273 34.2245101928711
47.9985580444336 47.8364524841309 47.6743431091309 47.4151077270508 47.1235008239746 46.8318901062012 46.5402793884277 46.2486724853516 45.9570617675781 45.6654510498047 45.2952423095703 44.6892318725586 44.0832214355469 43.4772109985352 42.8712005615234 42.2651863098145 41.6591758728027 41.053165435791 40.8047523498535 40.6755332946777 40.5463180541992 40.4170989990234 40.2878837585449 40.1586647033691 40.0294494628906 39.8667793273926 39.6037559509277 39.3407325744629 39.077709197998 38.8146858215332 38.5516624450684 38.2886390686035 38.0256156921387 37.6715927124023 37.2872352600098 36.9028816223145 36.5185241699219 36.1341705322266 35.749813079834 35.3654594421387 35.0430183410645 34.906322479248 34.7696304321289 34.6329345703125 34.4962387084961 34.359546661377
48.1457252502441 47.9806175231934 47.8155059814453 47.5653381347656 47.2868156433105 47.0082969665527 46.7297744750977 46.4512519836426 46.1727294921875 45.8942070007324 45.538745880127 44.9524612426758 44.3661766052246 43.7798919677734 43.1936073303223 42.6073226928711 42.0210380554199 41.4347534179688 41.2017974853516 41.0866165161133 40.9714393615723 40.856258392334 40.7410774230957 40.6258964538574 40.5107192993164 40.3598022460938 40.1016883850098 39.8435707092285 39.5854530334473 39.3273391723633 39.069221496582 38.8111038208008 38.5529899597168 38.166431427002 37.737060546875 37.3076858520508 36.8783149719238 36.4489440917969 36.0195732116699 35.5901985168457 35.2313346862793 35.083984375 34.9366302490234 34.7892799377441 34.6419296264648 34.4945793151855
48.2928886413574 48.1247825622559 47.956672668457 47.7155685424805 47.4501342773438 47.184700012207 46.9192657470703 46.6538314819336 46.3883972167969 46.1229629516602 45.7822456359863 45.215690612793 44.6491317749023 44.0825729370117 43.5160140991211 42.9494590759277 42.3829002380371 41.8163414001465 41.5988464355469 41.4977035522461 41.3965606689453 41.2954177856445 41.1942710876465 41.0931282043457 40.9919853210449 40.8528251647949 40.5996170043945 40.3464088439941 40.0932006835938 39.8399925231934 39.5867805480957 39.3335723876953 39.0803642272949 38.6612701416016 38.186882019043 37.7124938964844 37.2381057739258 36.7637176513672 36.2893295288086 35.81494140625 35.4196472167969 35.2616424560547 35.1036338806152 34.945629119873 34.7876205444336 34.6296157836914
48.440055847168 48.2689476013184 48.0978355407715 47.8657989501953 47.613452911377 47.3611068725586 47.108757019043 46.8564109802246 46.6040649414062 46.3517189025879 46.025749206543 45.4789161682129 44.9320869445801 44.38525390625 43.8384246826172 43.2915916442871 42.7447624206543 42.1979293823242 41.9958915710449 41.9087867736816 41.8216819763184 41.7345733642578 41.6474685668945 41.560359954834 41.4732551574707 41.3458518981934 41.0975494384766 40.8492469787598 40.600944519043 40.3526420593262 40.1043395996094 39.8560409545898 39.607738494873 39.1561088562012 38.6367034912109 38.1172981262207 37.5978965759277 37.0784912109375 36.5590858459473 36.039680480957 35.6079635620117 35.4393005371094 35.270637512207 35.1019744873047 34.9333114624023 34.7646484375
