resources/Exp000_Example-Run/Run01_M2/TimeSeries/2010/model_set/hflux_avg.asc
NCOLS 265 
NROWS 230 
XLLCORNER -115.5625 
YLLCORNER 24.8333333333333 
CELLSIZE 0.0833333333333333 
NODATA_value -9999 
[rows 120 to 139 of 230, columns 138 to 183 of 265]
67.6704254150391 67.9020690917969 68.1337127685547 68.3653564453125 68.2655792236328 68.0553359985352 67.845085144043 67.6348342895508 67.4245910644531 67.2143402099609 67.0040893554688 66.7600555419922 66.414665222168 66.0692672729492 65.723876953125 65.3784790039062 65.033088684082 64.6876907348633 64.3422927856445 64.0643768310547 63.8089485168457 63.5535202026367 63.2980918884277 63.0426635742188 62.7872352600098 62.5318069458008 62.3592834472656 62.4354667663574 62.5116539001465 62.5878372192383 62.6640205383301 62.7402076721191 62.8163909912109 62.892578125 62.9288444519043 62.9518051147461 62.9747657775879 62.9977226257324 63.0206832885742 63.043643951416 63.0666046142578 63.0625877380371 62.9776420593262 62.8926963806152 62.8077507019043 62.7228050231934
67.9642562866211 68.2374038696289 68.5105514526367 68.7837066650391 68.6874313354492 68.468017578125 68.2486038208008 68.0291900634766 67.8097763061523 67.5903625488281 67.3709487915039 67.1088027954102 66.7184448242188 66.3280944824219 65.9377365112305 65.5473785400391 65.1570205688477 64.7666702270508 64.3763122558594 64.0759201049805 63.8055152893066 63.5351104736328 63.264705657959 62.9943008422852 62.7238998413086 62.4534950256348 62.2809295654297 62.4018859863281 62.5228424072266 62.643798828125 62.7647552490234 62.8857116699219 63.0066680908203 63.1276245117188 63.182674407959 63.2157554626465 63.248836517334 63.2819175720215 63.314998626709 63.3480796813965 63.381160736084 63.3731536865234 63.2418785095215 63.1106033325195 62.9793281555176 62.8480529785156
68.2580795288086 68.5727386474609 68.8873901367188 69.2020492553711 69.1092834472656 68.8806991577148 68.6521224975586 68.4235458374023 68.1949691772461 67.9663925170898 67.7378158569336 67.4575500488281 67.0222320556641 66.5869140625 66.1515960693359 65.7162780761719 65.2809600830078 64.8456420898438 64.4103240966797 64.0874633789062 63.8020820617676 63.5167007446289 63.2313194274902 62.9459419250488 62.6605606079102 62.3751792907715 62.2025756835938 62.3683052062988 62.5340347290039 62.6997604370117 62.8654899597168 63.0312194824219 63.1969451904297 63.3626747131348 63.4365081787109 63.4797096252441 63.5229110717773 63.5661125183105 63.6093139648438 63.6525192260742 63.6957206726074 63.6837196350098 63.5061149597168 63.3285102844238 63.1509017944336 62.9732971191406
68.5519027709961 68.9080657958984 69.2642288208008 69.6203918457031 69.5311279296875 69.2933883666992 69.0556411743164 68.8179016113281 68.5801544189453 68.342414855957 68.1046752929688 67.8062973022461 67.3260192871094 66.8457412719727 66.3654556274414 65.8851776123047 65.404899597168 64.9246215820312 64.4443435668945 64.099006652832 63.7986488342285 63.498291015625 63.1979370117188 62.8975791931152 62.5972213745117 62.2968673706055 62.1242218017578 62.3347244262695 62.545223236084 62.7557220458984 62.9662246704102 63.1767234802246 63.3872222900391 63.5977249145508 63.6903419494629 63.7436637878418 63.7969856262207 63.8503074645996 63.9036293029785 63.9569549560547 64.0102767944336 63.9942855834961 63.7703514099121 63.5464134216309 63.3224792480469 63.0985450744629
68.8457260131836 69.2434005737305 69.6410675048828 70.0387420654297 69.9529800415039 69.7060699462891 69.4591598510742 69.2122573852539 68.9653472900391 68.7184371948242 68.4715347290039 68.1550445556641 67.6297988891602 67.1045608520508 66.5793228149414 66.0540771484375 65.5288391113281 65.0036010742188 64.4783554077148 64.1105499267578 63.7952156066895 63.4798812866211 63.16455078125 62.8492164611816 62.5338859558105 62.2185516357422 62.0458679199219 62.301139831543 62.5564117431641 62.8116836547852 63.0669555664062 63.3222274780273 63.5774993896484 63.8327713012695 63.9441719055176 64.0076141357422 64.0710601806641 64.1345062255859 64.1979446411133 64.2613906860352 64.324836730957 64.3048477172852 64.0345840454102 63.7643203735352 63.4940567016602 63.2237930297852
69.1395492553711 69.578727722168 70.0179061889648 70.4570846557617 70.3748245239258 70.1187515258789 69.862678527832 69.6066131591797 69.3505401611328 69.0944671630859 68.8383941650391 68.503791809082 67.9335861206055 67.3633804321289 66.7931823730469 66.2229766845703 65.6527786254883 65.0825729370117 64.5123748779297 64.1220932006836 63.7917823791504 63.4614715576172 63.1311645507812 62.800853729248 62.4705467224121 62.1402359008789 61.9675178527832 62.2675590515137 62.5676040649414 62.8676452636719 63.1676902770996 63.4677352905273 63.7677764892578 64.0678176879883 64.1980056762695 64.2715682983398 64.3451309204102 64.418701171875 64.4922637939453 64.5658264160156 64.6393890380859 64.6154174804688 64.2988204956055 63.9822273254395 63.6656341552734 63.3490371704102
69.2789459228516 69.7500610351562 70.2211761474609 70.6922912597656 70.6225967407227 70.3726348876953 70.122673034668 69.8727111816406 69.6227493286133 69.3727874755859 69.1228256225586 68.7861709594727 68.1894149780273 67.592658996582 66.9959030151367 66.3991470336914 65.8023986816406 65.2056427001953 64.60888671875 64.2028121948242 63.8603057861328 63.5177955627441 63.1752853393555 62.8327751159668 62.4902648925781 62.1477546691895 61.9756278991699 62.314640045166 62.6536560058594 62.9926719665527 63.3316879272461 63.6707038879395 64.0097198486328 64.3487319946289 64.4724349975586 64.5243682861328 64.576301574707 64.6282348632812 64.6801681518555 64.7321014404297 64.7840347290039 64.7335662841797 64.3758926391602 64.0182113647461 63.6605339050293 63.3028564453125
69.2639083862305 69.7573852539062 70.2508697509766 70.7443542480469 70.6962890625 70.4677124023438 70.239143371582 70.0105667114258 69.7819900512695 69.5534133911133 69.3248443603516 69.0021820068359 68.3972854614258 67.7923889160156 67.1874923706055 66.5825881958008 65.9776916503906 65.3727951049805 64.7678985595703 64.3527221679688 64.0007858276367 63.6488494873047 63.2969131469727 62.9449768066406 62.5930404663086 62.2411041259766 62.0702018737793 62.4423866271973 62.8145751953125 63.1867599487305 63.5589447021484 63.9311332702637 64.3033218383789 64.6755065917969 64.767463684082 64.7660217285156 64.7645721435547 64.7631225585938 64.7616729736328 64.7602233886719 64.7587814331055 64.659309387207 64.2657928466797 63.8722801208496 63.478759765625 63.0852432250977
69.2488632202148 69.7647171020508 70.2805633544922 70.7964096069336 70.7699813842773 70.5627975463867 70.3556060791016 70.1484146118164 69.9412307739258 69.7340393066406 69.52685546875 69.2182006835938 68.6051559448242 67.9921188354492 67.3790740966797 66.7660293579102 66.1529922485352 65.5399475097656 64.9269027709961 64.5026245117188 64.1412582397461 63.779899597168 63.4185409545898 63.0571784973145 62.6958160400391 62.3344573974609 62.1647758483887 62.5701332092285 62.9754905700684 63.3808479309082 63.786205291748 64.1915664672852 64.596923828125 65.0022811889648 65.0625 65.0076675415039 64.9528350830078 64.8980102539062 64.8431777954102 64.7883453369141 64.7335205078125 64.5850601196289 64.1557006835938 63.7263450622559 63.296989440918 62.8676300048828
69.2338256835938 69.7720413208008 70.3102569580078 70.8484725952148 70.8436737060547 70.6578750610352 70.4720687866211 70.2862701416016 70.100471496582 69.914665222168 69.7288665771484 69.4342193603516 68.8130340576172 68.1918487548828 67.5706558227539 66.9494705200195 66.3282852172852 65.7070999145508 65.0859146118164 64.6525268554688 64.28173828125 63.9109535217285 63.5401649475098 63.1693801879883 62.7985916137695 62.427806854248 62.2593460083008 62.6978759765625 63.1364059448242 63.5749359130859 64.0134658813477 64.4519958496094 64.8905258178711 65.3290557861328 65.3575286865234 65.2493133544922 65.1411056518555 65.0328903198242 64.9246826171875 64.8164672851562 64.7082595825195 64.5108032226562 64.0456085205078 63.5804100036621 63.1152153015137 62.6500205993652
69.2187881469727 69.7793655395508 70.3399505615234 70.9005355834961 70.917366027832 70.7529525756836 70.5885391235352 70.4241256713867 70.2597045898438 70.0952911376953 69.9308776855469 69.6502304077148 69.0209045410156 68.3915710449219 67.7622451782227 67.1329116821289 66.5035858154297 65.8742523193359 65.2449264526367 64.8024291992188 64.4222183227539 64.0420074462891 63.661792755127 63.2815818786621 62.9013671875 62.5211563110352 62.3539199829102 62.8256225585938 63.2973213195801 63.7690238952637 64.24072265625 64.7124252319336 65.1841278076172 65.6558303833008 65.6525573730469 65.490966796875 65.3293685913086 65.1677780151367 65.0061874389648 64.8445892333984 64.6829986572266 64.4365463256836 63.9355125427246 63.4344749450684 62.9334411621094 62.4324073791504
69.203742980957 69.7866973876953 70.3696441650391 70.9525985717773 70.9910583496094 70.848030090332 70.7050018310547 70.5619735717773 70.4189453125 70.2759170532227 70.1328887939453 69.8662490844727 69.2287750244141 68.5913009643555 67.9538269042969 67.3163528442383 66.6788787841797 66.0414047241211 65.4039306640625 64.9523391723633 64.5626983642578 64.1730575561523 63.7834205627441 63.3937835693359 63.0041427612305 62.6145057678223 62.4484939575195 62.953369140625 63.4582405090332 63.9631118774414 64.4679870605469 64.9728546142578 65.4777297973633 65.9825973510742 65.9475860595703 65.7326126098633 65.5176391601562 65.3026657104492 65.0876846313477 64.8727111816406 64.6577377319336 64.3622894287109 63.8254165649414 63.2885437011719 62.7516708374023 62.2147979736328
69.1840744018555 69.7678833007812 70.3516998291016 70.9355087280273 70.9990615844727 70.8891830444336 70.7793045043945 70.66943359375 70.5595550537109 70.4496841430664 70.3398056030273 70.1026153564453 69.4834671020508 68.8643264770508 68.2451782226562 67.6260299682617 67.0068817138672 66.3877410888672 65.7685928344727 65.3055419921875 64.8945236206055 64.4835052490234 64.0724868774414 63.6614723205566 63.2504539489746 62.8394355773926 62.6591911315918 63.171272277832 63.6833534240723 64.1954345703125 64.70751953125 65.219596862793 65.7316818237305 66.2437591552734 66.1806564331055 65.9258193969727 65.6709823608398 65.416145324707 65.1613159179688 64.9064788818359 64.6516418457031 64.3240356445312 63.7781257629395 63.2322120666504 62.6862983703613 62.1403846740723
69.1597671508789 69.7229385375977 70.2861099243164 70.8492813110352 70.9413604736328 70.8764038085938 70.8114471435547 70.7464981079102 70.6815414428711 70.616584777832 70.5516357421875 70.3593292236328 69.7849807739258 69.2106399536133 68.6362915039062 68.0619430541992 67.4875946044922 66.9132461547852 66.3388977050781 65.8620529174805 65.4177017211914 64.9733505249023 64.5289993286133 64.0846481323242 63.6402969360352 63.1959457397461 62.9860153198242 63.4793395996094 63.9726676940918 64.4659957885742 64.9593200683594 65.4526519775391 65.9459762573242 66.4393005371094 66.3517532348633 66.0705795288086 65.7894058227539 65.5082321166992 65.2270584106445 64.9458847045898 64.6647109985352 64.3217926025391 63.7936363220215 63.2654838562012 62.7373313903809 62.2091789245605
69.1354598999023 69.6779861450195 70.2205200195312 70.763053894043 70.883659362793 70.8636245727539 70.8435897827148 70.8235626220703 70.8035278320312 70.7834930419922 70.7634582519531 70.6160507202148 70.0865020751953 69.5569534301758 69.0274047851562 68.4978561401367 67.9683074951172 67.4387588500977 66.9092102050781 66.4185562133789 65.9408721923828 65.4631881713867 64.9855041503906 64.5078201293945 64.0301361083984 63.5524559020996 63.3128356933594 63.7874069213867 64.2619781494141 64.7365570068359 65.2111282348633 65.6856994628906 66.1602783203125 66.6348495483398 66.5228576660156 66.2153396606445 65.907829284668 65.6003189086914 65.2928009033203 64.9852905273438 64.6777801513672 64.3195419311523 63.8091506958008 63.298755645752 62.7883644104004 62.2779693603516
69.1111450195312 69.6330413818359 70.1549301147461 70.6768188476562 70.8259582519531 70.8508453369141 70.875732421875 70.9006195068359 70.9255065917969 70.9504013061523 70.9752883911133 70.8727645874023 70.3880157470703 69.9032669067383 69.4185104370117 68.9337615966797 68.4490127563477 67.9642639160156 67.4795150756836 66.9750671386719 66.4640502929688 65.9530334472656 65.4420166015625 64.9309997558594 64.4199829101562 63.9089660644531 63.6396560668945 64.0954742431641 64.5512924194336 65.0071182250977 65.4629364013672 65.9187545776367 66.3745727539062 66.8303909301758 66.6939544677734 66.360107421875 66.026252746582 65.6923980712891 65.3585510253906 65.0246963500977 64.6908416748047 64.3172988891602 63.8246612548828 63.3320274353027 62.8393936157227 62.3467597961426
69.0868377685547 69.5880889892578 70.0893402099609 70.5905914306641 70.7682571411133 70.8380661010742 70.9078750610352 70.9776840209961 71.047492980957 71.117301940918 71.1871109008789 71.1294784545898 70.6895294189453 70.2495803833008 69.8096237182617 69.3696746826172 68.9297256469727 68.4897766113281 68.0498199462891 67.5315704345703 66.9872207641602 66.44287109375 65.8985214233398 65.3541717529297 64.8098220825195 64.2654724121094 63.966480255127 64.4035415649414 64.8406066894531 65.2776718139648 65.7147369384766 66.1518020629883 66.5888671875 67.0259323120117 66.8650588989258 66.5048675537109 66.1446762084961 65.7844848632812 65.4242935180664 65.0641021728516 64.7039108276367 64.3150482177734 63.8401756286621 63.3652992248535 62.8904266357422 62.4155540466309
69.0625305175781 69.5431442260742 70.0237503051758 70.5043640136719 70.710563659668 70.8252868652344 70.9400177001953 71.0547485351562 71.1694793701172 71.2842102050781 71.3989334106445 71.3861923217773 70.9910430908203 70.5958938598633 70.2007369995117 69.8055877685547 69.4104309082031 69.0152816772461 68.6201324462891 68.0880813598633 67.5103988647461 66.9327163696289 66.3550338745117 65.7773513793945 65.1996688842773 64.6219863891602 64.2932968139648 64.7116088867188 65.1299209594727 65.5482330322266 65.9665451049805 66.3848571777344 66.8031692504883 67.2214813232422 67.0361633300781 66.6496276855469 66.2630996704102 65.8765716552734 65.4900360107422 65.1035079956055 64.7169799804688 64.3128051757812 63.8556861877441 63.3985710144043 62.9414596557617 62.4843444824219
68.926155090332 69.3753814697266 69.8246154785156 70.2738418579102 70.5037002563477 70.6604309082031 70.8171615600586 70.9738845825195 71.130615234375 71.2873458862305 71.4440765380859 71.4727401733398 71.1172027587891 70.7616653442383 70.4061279296875 70.0505905151367 69.6950454711914 69.3395080566406 68.9839706420898 68.4551696777344 67.8686065673828 67.2820510864258 66.6954879760742 66.1089324951172 65.5223693847656 64.9358139038086 64.5988693237305 65.0107650756836 65.4226608276367 65.8345565795898 66.246452331543 66.6583480834961 67.0702438354492 67.4821395874023 67.2843780517578 66.8833999633789 66.482421875 66.0814514160156 65.6804733276367 65.2794952392578 64.8785171508789 64.4628982543945 64.0033569335938 63.5438117980957 63.0842704772949 62.6247253417969
68.6777038574219 69.0848159790039 69.4919281005859 69.899040222168 70.1476745605469 70.3434829711914 70.5392913818359 70.7350997924805 70.9309158325195 71.1267242431641 71.3225326538086 71.3891143798828 71.0680084228516 70.7468948364258 70.4257888793945 70.1046752929688 69.7835693359375 69.4624557495117 69.1413497924805 68.6328353881836 68.0618515014648 67.4908752441406 66.9198989868164 66.3489151000977 65.7779388427734 65.2069549560547 64.8831787109375 65.3009948730469 65.7188186645508 66.1366348266602 66.5544509887695 66.9722747802734 67.3900909423828 67.8079071044922 67.6097183227539 67.206184387207 66.8026504516602 66.3991241455078 65.9955902099609 65.5920562744141 65.1885223388672 64.7653350830078 64.2831802368164 63.8010177612305 63.3188591003418 62.8367004394531
