resources/Exp000_Example-Run/Run01_M2/TimeSeries/2010/model_set/hflux_avg.asc
NCOLS 265 
NROWS 230 
XLLCORNER -115.5625 
YLLCORNER 24.8333333333333 
CELLSIZE 0.0833333333333333 
NODATA_value -9999 
[rows 20 to 39 of 230, columns 138 to 183 of 265]
45.489330291748 45.5763282775879 45.663330078125 45.7503280639648 45.7196006774902 45.6496353149414 45.5796661376953 45.5096969604492 45.4397315979004 45.3697624206543 45.2997932434082 45.1730804443359 44.8761329650879 44.5791854858398 44.2822341918945 43.9852867126465 43.6883392333984 43.3913917541504 43.0944404602051 42.927547454834 42.8040046691895 42.6804618835449 42.5569152832031 42.4333724975586 42.3098297119141 42.1862869262695 42.1165390014648 42.2081871032715 42.2998313903809 42.3914794921875 42.4831275939941 42.5747718811035 42.6664199829102 42.7580680847168 42.7851905822754 42.7908058166504 42.7964210510254 42.8020362854004 42.8076515197754 42.8132667541504 42.8188858032227 42.7685203552246 42.5502128601074 42.3319053649902 42.113597869873 41.8952903747559
45.1421546936035 45.2850379943848 45.427921295166 45.57080078125 45.5722122192383 45.5264625549316 45.4807167053223 45.4349670410156 45.3892211914062 45.3434715270996 45.2977256774902 45.1887550354004 44.8901252746582 44.591495513916 44.2928695678711 43.9942398071289 43.6956100463867 43.3969802856445 43.0983505249023 42.9522132873535 42.8569068908691 42.7616004943848 42.6662902832031 42.5709838867188 42.4756774902344 42.3803672790527 42.3389549255371 42.4592247009277 42.5794944763184 42.6997680664062 42.8200378417969 42.9403076171875 43.0605773925781 43.1808471679688 43.187370300293 43.1559753417969 43.1245803833008 43.0931854248047 43.0617904663086 43.0303993225098 42.9990043640137 42.920036315918 42.6983489990234 42.4766616821289 42.2549781799316 42.0332908630371
44.7949829101562 44.9937477111816 45.192512512207 45.3912773132324 45.4248199462891 45.4032936096191 45.3817672729492 45.360237121582 45.3387107849121 45.3171806335449 45.295654296875 45.2044296264648 44.9041213989258 44.6038093566895 44.3035011291504 44.0031890869141 43.702880859375 43.4025726318359 43.1022605895996 42.976879119873 42.9098091125488 42.8427352905273 42.7756652832031 42.7085952758789 42.6415214538574 42.5744514465332 42.5613708496094 42.7102661132812 42.8591613769531 43.0080528259277 43.1569480895996 43.3058433532715 43.4547348022461 43.603630065918 43.5895500183105 43.5211448669434 43.4527397155762 43.384334564209 43.3159332275391 43.2475280761719 43.1791229248047 43.0715522766113 42.8464889526367 42.6214218139648 42.3963584899902 42.1712913513184
44.4478073120117 44.7024536132812 44.957103729248 45.2117500305176 45.2774314880371 45.2801246643066 45.2828140258789 45.2855072021484 45.288200378418 45.2908897399902 45.2935829162598 45.2201042175293 44.9181137084961 44.6161231994629 44.3141326904297 44.0121421813965 43.7101516723633 43.4081611633301 43.1061706542969 43.0015449523926 42.9627113342285 42.9238739013672 42.8850402832031 42.8462066650391 42.8073692321777 42.7685356140137 42.7837867736816 42.9613037109375 43.1388244628906 43.3163414001465 43.4938583374023 43.6713752746582 43.8488922119141 44.0264091491699 43.9917297363281 43.8863143920898 43.7808990478516 43.6754837036133 43.5700721740723 43.464656829834 43.3592414855957 43.2230682373047 42.9946250915527 42.7661819458008 42.5377388000488 42.3092956542969
44.2557373046875 44.5494346618652 44.8431282043457 45.1368255615234 45.2237968444824 45.2418594360352 45.2599220275879 45.2779884338379 45.2960510253906 45.3141136169434 45.3321762084961 45.2724914550781 44.9795608520508 44.6866302490234 44.3937034606934 44.100772857666 43.8078422546387 43.5149154663086 43.2219848632812 43.1310806274414 43.1075172424316 43.0839538574219 43.0603904724121 43.0368309020996 43.0132675170898 42.9897041320801 43.0173606872559 43.1986656188965 43.3799743652344 43.5612831115723 43.7425918579102 43.923900604248 44.1052093505859 44.2865180969238 44.2347221374512 44.105224609375 43.9757270812988 43.8462295532227 43.7167320251465 43.5872344970703 43.4577369689941 43.3003883361816 43.0595016479492 42.8186111450195 42.5777206420898 42.3368339538574
44.2187728881836 44.5346832275391 44.8505935668945 45.16650390625 45.2639198303223 45.2885055541992 45.3130912780762 45.3376770019531 45.3622627258301 45.386848449707 45.411434173584 45.3615913391113 45.0884628295898 44.8153343200684 44.5422096252441 44.2690811157227 43.9959564208984 43.722827911377 43.4497032165527 43.365478515625 43.3442268371582 43.3229713439941 43.3017196655273 43.2804679870605 43.2592124938965 43.2379608154297 43.2620849609375 43.4223518371582 43.5826187133789 43.7428817749023 43.903148651123 44.0634155273438 44.2236785888672 44.3839454650879 44.3185234069824 44.1778678894043 44.0372161865234 43.8965644836426 43.7559089660645 43.6152572631836 43.4746017456055 43.3035125732422 43.0411109924316 42.7787094116211 42.5163078308105 42.2539100646973
44.1818046569824 44.5199317932129 44.8580551147461 45.1961784362793 45.3040428161621 45.335147857666 45.3662567138672 45.3973655700684 45.4284744262695 45.4595794677734 45.4906883239746 45.4506874084473 45.1973648071289 44.9440383911133 44.6907157897949 44.4373931884766 44.1840667724609 43.9307441711426 43.6774215698242 43.5998802185059 43.5809364318848 43.5619926452637 43.5430488586426 43.5241050720215 43.5051574707031 43.486213684082 43.5068130493164 43.6460342407227 43.7852592468262 43.9244804382324 44.0637054443359 44.2029304504395 44.3421516418457 44.4813766479492 44.4023246765137 44.2505149841309 44.098705291748 43.9468994140625 43.7950897216797 43.6432800292969 43.4914703369141 43.3066368103027 43.0227241516113 42.7388114929199 42.4548950195312 42.1709823608398
44.1448402404785 44.5051803588867 44.8655166625977 45.2258567810059 45.344165802002 45.3817939758301 45.4194259643555 45.4570541381836 45.494686126709 45.5323143005371 45.5699462890625 45.5397872924805 45.306266784668 45.0727424621582 44.8392219543457 44.6057014465332 44.3721809387207 44.1386604309082 43.9051361083984 43.8342819213867 43.8176460266113 43.8010101318359 43.7843742370605 43.7677421569824 43.751106262207 43.7344703674316 43.751537322998 43.8697204589844 43.9878997802734 44.1060829162598 44.2242622375488 44.3424415588379 44.4606246948242 44.5788040161133 44.4861259460449 44.3231620788574 44.1601982116699 43.9972343444824 43.8342666625977 43.6713027954102 43.5083389282227 43.309757232666 43.0043334960938 42.6989097595215 42.393482208252 42.0880584716797
44.1078758239746 44.4904289245605 44.8729820251465 45.2555351257324 45.3842849731445 45.4284400939941 45.4725914001465 45.5167427062988 45.5608978271484 45.6050491333008 45.6492004394531 45.6288833618164 45.4151649475098 45.2014465332031 44.9877281188965 44.7740097045898 44.5602912902832 44.3465728759766 44.1328544616699 44.0686798095703 44.0543556213379 44.0400276184082 44.0257034301758 44.0113792419434 43.9970512390137 43.9827270507812 43.996265411377 44.0934028625488 44.190544128418 44.2876815795898 44.3848190307617 44.4819564819336 44.5790939331055 44.6762351989746 44.5699272155762 44.395809173584 44.2216873168945 44.0475692749023 43.8734474182129 43.6993255615234 43.5252075195312 43.3128814697266 42.9859466552734 42.659008026123 42.3320693969727 42.0051345825195
44.0709075927734 44.4756774902344 44.880443572998 45.2852096557617 45.4244079589844 45.4750823974609 45.5257568359375 45.5764312744141 45.6271057128906 45.6777839660645 45.728458404541 45.7179832458496 45.5240669250488 45.330150604248 45.1362380981445 44.9423217773438 44.748405456543 44.5544891357422 44.3605728149414 44.3030815124512 44.2910652160645 44.2790489196777 44.267032623291 44.2550163269043 44.2429962158203 44.2309799194336 44.2409934997559 44.3170890808105 44.3931846618652 44.4692802429199 44.5453758239746 44.6214714050293 44.697566986084 44.7736625671387 44.6537322998047 44.4684562683105 44.2831802368164 44.0979042053223 43.9126281738281 43.727352142334 43.5420761108398 43.3160057067871 42.9675559997559 42.6191062927246 42.2706565856934 41.9222068786621
44.1834106445312 44.6045417785645 45.0256729125977 45.4468040466309 45.588809967041 45.6377754211426 45.6867408752441 45.7357063293457 45.7846717834473 45.8336372375488 45.8826026916504 45.8733863830566 45.6896133422852 45.5058403015137 45.3220672607422 45.1382942199707 44.9545211791992 44.7707481384277 44.5869750976562 44.525447845459 44.5046653747559 44.4838829040527 44.4631042480469 44.4423217773438 44.4215393066406 44.4007606506348 44.4013481140137 44.4660530090332 44.5307579040527 44.595458984375 44.6601638793945 44.7248687744141 44.7895698547363 44.8542747497559 44.7321853637695 44.5478324890137 44.3634757995605 44.1791229248047 43.9947700500488 43.8104133605957 43.6260604858398 43.3992195129395 43.0449256896973 42.6906280517578 42.3363304138184 41.9820327758789
44.4453773498535 44.877025604248 45.3086700439453 45.7403144836426 45.8774948120117 45.9165191650391 45.9555435180664 45.9945678710938 46.0335922241211 46.0726165771484 46.111644744873 46.0950889587402 45.9118003845215 45.7285118103027 45.5452194213867 45.361930847168 45.1786422729492 44.9953498840332 44.8120613098145 44.7357749938965 44.6951560974121 44.6545372009277 44.6139183044434 44.573299407959 44.5326805114746 44.4920616149902 44.4773368835449 44.5402984619141 44.6032600402832 44.6662216186523 44.7291831970215 44.7921447753906 44.8551063537598 44.9180679321289 44.8052940368652 44.6339378356934 44.4625854492188 44.2912292480469 44.1198768615723 43.9485206604004 43.7771682739258 43.5625305175781 43.2180519104004 42.8735694885254 42.5290908813477 42.1846084594727
44.707347869873 45.1495056152344 45.5916633605957 46.033821105957 46.1661758422852 46.1952590942383 46.2243461608887 46.2534294128418 46.2825126647949 46.3115997314453 46.3406829833984 46.3167953491211 46.1339874267578 45.9511795043945 45.7683753967285 45.5855674743652 45.402759552002 45.2199554443359 45.0371475219727 44.946102142334 44.8856468200684 44.8251914978027 44.7647323608398 44.7042770385742 44.6438179016113 44.5833625793457 44.5533256530762 44.6145439147949 44.6757621765137 44.7369842529297 44.7982025146484 44.8594207763672 44.9206428527832 44.981861114502 44.8783988952637 44.7200469970703 44.5616912841797 44.4033355712891 44.2449836730957 44.0866279602051 43.9282722473145 43.7258415222168 43.3911781311035 43.056510925293 42.7218475341797 42.3871841430664
44.9693183898926 45.421989440918 45.8746604919434 46.3273315429688 46.4548568725586 46.4740028381348 46.4931449890137 46.5122909545898 46.5314331054688 46.5505790710449 46.5697212219238 46.5384979248047 46.3561744689941 46.1738510131836 45.991527557373 45.8092041015625 45.626880645752 45.4445571899414 45.2622337341309 45.1564331054688 45.0761375427246 44.9958419799805 44.9155464172363 44.8352546691895 44.7549591064453 44.6746635437012 44.6293106079102 44.6887893676758 44.7482681274414 44.8077430725098 44.8672218322754 44.926700592041 44.9861755371094 45.045654296875 44.9515075683594 44.80615234375 44.6607971191406 44.5154418945312 44.3700866699219 44.2247314453125 44.0793800354004 43.8891487121582 43.5643005371094 43.2394561767578 42.914608001709 42.5897598266602
45.2312850952148 45.6944694519043 46.157657623291 46.6208419799805 46.743537902832 46.752742767334 46.7619476318359 46.7711486816406 46.7803535461426 46.7895584106445 46.7987594604492 46.7602043151855 46.5783615112305 46.3965225219727 46.2146835327148 46.0328407287598 45.851001739502 45.6691589355469 45.4873199462891 45.3667602539062 45.2666282653809 45.1664962768555 45.0663642883301 44.9662284851074 44.866096496582 44.7659645080566 44.7052993774414 44.7630348205566 44.8207702636719 44.8785057067871 44.9362411499023 44.9939765930176 45.0517120361328 45.109447479248 45.0246162414551 44.892261505127 44.7599029541016 44.6275482177734 44.4951934814453 44.3628387451172 44.2304840087891 44.0524597167969 43.7374267578125 43.4223976135254 43.107364654541 42.7923316955566
45.4932556152344 45.9669532775879 46.4406509399414 46.9143486022949 47.0322227478027 47.0314865112305 47.0307464599609 47.0300102233887 47.0292739868164 47.0285377502441 47.0277976989746 46.9819068908691 46.8005485534668 46.6191940307617 46.4378356933594 46.256477355957 46.075122833252 45.8937644958496 45.7124061584473 45.577091217041 45.4571189880371 45.3371467590332 45.2171783447266 45.0972061157227 44.977237701416 44.8572654724121 44.7812881469727 44.8372802734375 44.8932723999023 44.9492683410645 45.0052604675293 45.0612525939941 45.1172485351562 45.1732406616211 45.0977210998535 44.9783668518066 44.8590126037598 44.7396545410156 44.6203002929688 44.5009460449219 44.381591796875 44.2157707214355 43.9105529785156 43.605339050293 43.3001251220703 42.9949073791504
45.8546409606934 46.3477325439453 46.8408279418945 47.3339233398438 47.4493560791016 47.4388999938965 47.4284439086914 47.4179878234863 47.4075355529785 47.3970794677734 47.3866233825684 47.3325119018555 47.1474227905273 46.9623336791992 46.7772483825684 46.5921592712402 46.4070701599121 46.2219848632812 46.0368957519531 45.8911743164062 45.7585716247559 45.6259689331055 45.4933700561523 45.360767364502 45.2281646728516 45.0955657958984 45.0071449279785 45.0512657165527 45.0953903198242 45.1395149230957 45.1836357116699 45.2277603149414 45.2718849182129 45.3160057067871 45.2417297363281 45.1279830932617 45.0142364501953 44.9004898071289 44.7867431640625 44.6730003356934 44.559253692627 44.3999786376953 44.1041297912598 43.808277130127 43.5124282836914 43.2165756225586
46.3154411315918 46.8368148803711 47.3581848144531 47.8795585632324 47.9949378967285 47.9749870300293 47.9550361633301 47.9350852966309 47.9151344299316 47.8951835632324 47.8752326965332 47.81201171875 47.6189804077148 47.4259490966797 47.2329177856445 47.0398826599121 46.846851348877 46.6538200378418 46.4607887268066 46.3090133666992 46.1709861755371 46.0329627990723 45.8949356079102 45.756908416748 45.6188850402832 45.4808578491211 45.382869720459 45.4049949645996 45.4271202087402 45.4492454528809 45.4713706970215 45.4934959411621 45.5156211853027 45.5377464294434 45.4566345214844 45.3411064147949 45.2255783081055 45.1100540161133 44.9945259094238 44.8789978027344 44.7634735107422 44.6050910949707 44.3181533813477 44.0312156677246 43.7442779541016 43.4573402404785
46.7762413024902 47.3258934020996 47.875545501709 48.4251937866211 48.5405235290527 48.5110740661621 48.4816284179688 48.4521827697754 48.4227333068848 48.3932876586914 48.363842010498 48.2915115356445 48.0905342102051 47.8895606994629 47.6885833740234 47.4876098632812 47.2866325378418 47.0856590270996 46.8846817016602 46.7268524169922 46.5834007263184 46.4399528503418 46.296501159668 46.1530532836914 46.0096015930176 45.866153717041 45.7585983276367 45.7587242126465 45.7588500976562 45.7589797973633 45.759105682373 45.7592315673828 45.7593612670898 45.7594871520996 45.6715393066406 45.5542297363281 45.4369239807129 45.3196144104004 45.2023048400879 45.0849990844727 44.9676895141602 44.8102035522461 44.5321769714355 44.2541542053223 43.9761276245117 43.6981048583984
47.2370414733887 47.8149719238281 48.3929023742676 48.970832824707 49.0861053466797 49.0471649169922 49.0082206726074 48.9692764282227 48.9303359985352 48.8913917541504 48.8524475097656 48.7710113525391 48.5620918273926 48.3531723022461 48.1442527770996 47.9353332519531 47.7264137268066 47.5174942016602 47.3085746765137 47.1446914672852 46.9958190917969 46.8469429016113 46.698070526123 46.5491943359375 46.4003219604492 46.2514457702637 46.1343231201172 46.1124534606934 46.0905838012695 46.0687103271484 46.0468406677246 46.0249710083008 46.0030975341797 45.9812278747559 45.8864440917969 45.7673530578613 45.648265838623 45.5291748046875 45.4100875854492 45.2910003662109 45.1719093322754 45.0153160095215 44.7462043762207 44.4770927429199 44.2079811096191 43.9388656616211
