resources/Exp000_Example-Run/Run01_M2/TimeSeries/2010/model_set/hflux_avg.asc
NCOLS 265 
NROWS 230 
XLLCORNER -115.5625 
YLLCORNER 24.8333333333333 
CELLSIZE 0.0833333333333333 
NODATA_value -9999 
[rows 140 to 159 of 230, columns 92 to 137 of 265]
70.1642990112305 70.2735977172852 70.3829040527344 70.4922103881836 70.6015167236328 70.4180908203125 70.137092590332 69.856086730957 69.5750885009766 69.2940826416016 69.0130844116211 68.7320861816406 68.5139770507812 68.4845581054688 68.4551467895508 68.4257278442383 68.3963088989258 68.3668975830078 68.3374786376953 68.3080596923828 68.7357788085938 69.3158798217773 69.8959808349609 70.4760818481445 71.0561828613281 71.6362838745117 72.2163848876953 72.5320816040039 72.0545883178711 71.5770874023438 71.0995864868164 70.6220855712891 70.1445846557617 69.6670913696289 69.1895904541016 68.8509979248047 68.558708190918 68.2664108276367 67.97412109375 67.6818313598633 67.3895416259766 67.0972518920898 66.9692764282227 67.3342742919922 67.6992645263672 68.0642547607422
69.8212432861328 69.8693008422852 69.917366027832 69.9654235839844 70.0134811401367 69.8283309936523 69.5654602050781 69.3025817871094 69.0397033691406 68.7768249511719 68.5139465332031 68.2510681152344 68.062385559082 68.0962982177734 68.1302108764648 68.1641235351562 68.1980361938477 68.2319488525391 68.265869140625 68.2997817993164 68.6223449707031 69.0411224365234 69.4598999023438 69.8786849975586 70.2974624633789 70.7162475585938 71.1350250244141 71.3566436767578 70.9867630004883 70.6168823242188 70.2470016479492 69.8771286010742 69.5072479248047 69.1373672485352 68.7674865722656 68.4883728027344 68.2395172119141 67.9906616210938 67.7417984008789 67.4929428100586 67.2440872192383 66.9952239990234 66.8893051147461 67.2121734619141 67.5350494384766 67.8579254150391
69.4781951904297 69.4650039672852 69.4518203735352 69.4386291503906 69.4254379272461 69.2385787963867 68.9938201904297 68.7490692138672 68.5043182373047 68.2595596313477 68.0148086547852 67.7700500488281 67.6107940673828 67.7080383300781 67.8052825927734 67.9025268554688 67.9997711181641 68.0970077514648 68.1942520141602 68.2914962768555 68.508903503418 68.7663650512695 69.0238265991211 69.2812881469727 69.5387496948242 69.7962112426758 70.0536727905273 70.1811981201172 69.9189376831055 69.6566848754883 69.3944244384766 69.1321640014648 68.8699035644531 68.6076431274414 68.3453826904297 68.1257553100586 67.9203262329102 67.7149047851562 67.5094757080078 67.3040542602539 67.0986328125 66.8932037353516 66.809326171875 67.0900802612305 67.3708343505859 67.6515960693359
69.1351470947266 69.0607070922852 68.9862747192383 68.9118423461914 68.83740234375 68.6488189697266 68.4221878051758 68.195556640625 67.9689331054688 67.742301940918 67.5156707763672 67.2890396118164 67.1592102050781 67.3197784423828 67.480354309082 67.6409225463867 67.8014984130859 67.9620666503906 68.1226425170898 68.2832183837891 68.3954620361328 68.4916076660156 68.5877456665039 68.6838912963867 68.780029296875 68.8761672973633 68.9723129272461 69.0057601928711 68.8511199951172 68.6964797973633 68.5418395996094 68.3871994018555 68.2325668334961 68.0779266357422 67.9232864379883 67.7631301879883 67.6011428833008 67.4391479492188 67.2771530151367 67.1151657104492 66.9531707763672 66.7911834716797 66.7293472290039 66.9679870605469 67.2066192626953 67.4452590942383
68.943229675293 68.8039093017578 68.6645812988281 68.525260925293 68.3859405517578 68.1287155151367 67.8321838378906 67.5356521606445 67.2391204833984 66.9425888061523 66.6460571289062 66.3495254516602 66.1970901489258 66.4769668579102 66.7568435668945 67.0367202758789 67.3165969848633 67.5964736938477 67.876350402832 68.1562194824219 68.2496643066406 68.2809600830078 68.3122634887695 68.3435592651367 68.3748626708984 68.4061584472656 68.4374542236328 68.4367523193359 68.3400497436523 68.2433395385742 68.1466293334961 68.0499267578125 67.9532165527344 67.8565063476562 67.7598037719727 67.6222839355469 67.4711685180664 67.3200454711914 67.1689300537109 67.0178146362305 66.8666915893555 66.715576171875 66.6498947143555 66.8405151367188 67.0311431884766 67.2217712402344
68.9024429321289 68.6945953369141 68.4867477416992 68.2789001464844 68.0710525512695 67.6782455444336 67.2237930297852 66.7693328857422 66.3148803710938 65.8604202270508 65.4059677124023 64.9515075683594 64.7244567871094 65.1796112060547 65.6347579956055 66.0899124145508 66.5450668334961 67.0002136230469 67.4553680419922 67.9105224609375 68.0715103149414 68.1344375610352 68.1973724365234 68.2603073120117 68.3232345581055 68.3861694335938 68.449104309082 68.4741897583008 68.3857192993164 68.2972564697266 68.2087936401367 68.1203308105469 68.031867980957 67.9433975219727 67.8549346923828 67.7032165527344 67.5304107666016 67.3576049804688 67.1847991943359 67.0119934082031 66.8391952514648 66.666389465332 66.5709609985352 66.7076797485352 66.8444061279297 66.9811248779297
68.8616561889648 68.5852890014648 68.3089141845703 68.0325393676758 67.7561645507812 67.227783203125 66.6154022216797 66.0030212402344 65.3906402587891 64.7782592773438 64.1658782958984 63.5534973144531 63.2518196105957 63.8822479248047 64.5126724243164 65.1431045532227 65.7735290527344 66.4039611816406 67.0343856811523 67.6648178100586 67.8933486938477 67.9879150390625 68.0824813842773 68.1770477294922 68.271614074707 68.3661804199219 68.4607543945312 68.5116195678711 68.431396484375 68.3511810302734 68.2709579467773 68.1907348632812 68.1105117797852 68.0302886962891 67.950065612793 67.7841415405273 67.5896530151367 67.3951644897461 67.2006683349609 67.0061798095703 66.8116912841797 66.6171951293945 66.4920349121094 66.5748443603516 66.6576614379883 66.740478515625
68.8208770751953 68.4759750366211 68.1310729980469 67.7861785888672 67.441276550293 66.7773208618164 66.0070190429688 65.2367095947266 64.4664001464844 63.6960983276367 62.9257888793945 62.1554832458496 61.779182434082 62.5848846435547 63.3905906677246 64.1962966918945 65.0019989013672 65.8077011108398 66.613410949707 67.4191131591797 67.7151870727539 67.8413925170898 67.9675903320312 68.0937957763672 68.2199935913086 68.3461990356445 68.4723968505859 68.5490570068359 68.4770736694336 68.4050979614258 68.3331146240234 68.2611389160156 68.1891632080078 68.1171798706055 68.0452041625977 67.8650741577148 67.6488952636719 67.4327163696289 67.2165451049805 67.0003662109375 66.7841873168945 66.5680084228516 66.4131011962891 66.442008972168 66.4709167480469 66.4998321533203
68.7800903320312 68.3666687011719 67.953239440918 67.5398101806641 67.1263885498047 66.3268585205078 65.3986282348633 64.4703979492188 63.542163848877 62.6139335632324 61.6857032775879 60.7574729919434 60.3065452575684 61.287525177002 62.2685050964355 63.2494850158691 64.23046875 65.2114486694336 66.1924285888672 67.1734085083008 67.5370330810547 67.6948699951172 67.8526992797852 68.0105361938477 68.1683731079102 68.3262100219727 68.4840469360352 68.5864868164062 68.5227508544922 68.4590148925781 68.3952789306641 68.33154296875 68.2678070068359 68.2040710449219 68.1403350830078 67.9460067749023 67.708137512207 67.4702758789062 67.2324142456055 66.9945449829102 66.7566833496094 66.5188217163086 66.3341751098633 66.3091735839844 66.2841796875 66.2591781616211
68.7393035888672 68.2573547363281 67.7754058837891 67.2934494018555 66.8115005493164 65.8763961791992 64.7902374267578 63.7040824890137 62.6179275512695 61.5317687988281 60.445613861084 59.3594589233398 58.8339042663574 59.990161895752 61.1464195251465 62.302677154541 63.4589347839355 64.6151962280273 65.7714462280273 66.9277038574219 67.3588714599609 67.54833984375 67.7378158569336 67.9272842407227 68.1167526245117 68.3062210083008 68.4956893920898 68.6239166259766 68.5684280395508 68.5129318237305 68.4574432373047 68.4019470214844 68.3464584350586 68.2909622192383 68.2354736328125 68.0269317626953 67.7673873901367 67.5078353881836 67.2482833862305 66.9887313842773 66.7291793823242 66.4696273803711 66.255241394043 66.1763381958008 66.0974349975586 66.0185317993164
68.8748321533203 68.4107360839844 67.9466323852539 67.482536315918 67.018440246582 65.9881362915039 64.7691116333008 63.5500793457031 62.3310470581055 61.1120185852051 59.8929862976074 58.673957824707 58.0758094787598 59.3403015136719 60.604793548584 61.8692855834961 63.1337814331055 64.3982696533203 65.6627655029297 66.9272613525391 67.4248352050781 67.6667709350586 67.9087066650391 68.1506500244141 68.3925857543945 68.634521484375 68.87646484375 69.0479278564453 69.0079803466797 68.9680328369141 68.9280776977539 68.8881301879883 68.8481826782227 68.808235168457 68.7682876586914 68.573600769043 68.3273315429688 68.0810623168945 67.8347930908203 67.5885238647461 67.3422622680664 67.0959930419922 66.8779296875 66.7444610595703 66.6110000610352 66.4775390625
69.1866607666016 68.8267974853516 68.4669342041016 68.107063293457 67.747200012207 66.6620941162109 65.3352355957031 64.0083847045898 62.6815299987793 61.3546752929688 60.0278244018555 58.7009696960449 58.0322494506836 59.3379364013672 60.643627166748 61.9493141174316 63.2550010681152 64.5606918334961 65.8663787841797 67.1720657348633 67.7349166870117 68.0501556396484 68.3653945922852 68.6806335449219 68.9958724975586 69.3111190795898 69.6263580322266 69.858512878418 69.8414077758789 69.8243026733398 69.8071975708008 69.7900924682617 69.7729873657227 69.7558822631836 69.7387771606445 69.5859909057617 69.3879776000977 69.1899642944336 68.9919509887695 68.7939376831055 68.5959167480469 68.3979034423828 68.2022247314453 68.0135498046875 67.8248672485352 67.6361923217773
69.4984970092773 69.2428588867188 68.9872283935547 68.7315979003906 68.475959777832 67.3360443115234 65.9013671875 64.4666900634766 63.0320129394531 61.5973358154297 60.1626586914062 58.7279815673828 57.9886932373047 59.3355751037598 60.6824569702148 62.0293388366699 63.376220703125 64.7231063842773 66.0699844360352 67.4168701171875 68.0449981689453 68.4335403442383 68.8220825195312 69.2106246948242 69.5991668701172 69.9877090454102 70.3762512207031 70.6690902709961 70.6748352050781 70.6805725097656 70.6863098144531 70.6920547485352 70.6977920532227 70.7035369873047 70.7092742919922 70.598388671875 70.4486236572266 70.2988662719727 70.1491012573242 69.9993438720703 69.8495788574219 69.6998138427734 69.5265197753906 69.2826309204102 69.0387420654297 68.7948455810547
69.8103256225586 69.6589279174805 69.5075225830078 69.3561248779297 69.2047271728516 68.0099945068359 66.4674987792969 64.9249954223633 63.382495880127 61.8399925231934 60.297492980957 58.7549896240234 57.9451332092285 59.3332138061523 60.7212905883789 62.1093673706055 63.497444152832 64.8855209350586 66.2735977172852 67.6616744995117 68.3550796508789 68.8169250488281 69.2787628173828 69.740608215332 70.2024536132812 70.6642990112305 71.1261444091797 71.4796752929688 71.5082550048828 71.5368423461914 71.5654296875 71.5940170288086 71.6225967407227 71.6511840820312 71.6797714233398 71.6107864379883 71.50927734375 71.4077682495117 71.3062591552734 71.2047500610352 71.1032409667969 71.0017318725586 70.8508224487305 70.5517120361328 70.2526092529297 69.9535064697266
70.1221618652344 70.0749893188477 70.0278244018555 69.9806518554688 69.9334869384766 68.683952331543 67.0336227416992 65.38330078125 63.7329750061035 62.0826530456543 60.4323272705078 58.7820014953613 57.9015769958496 59.3308486938477 60.7601203918457 62.1893920898438 63.6186637878418 65.0479354858398 66.4772109985352 67.9064788818359 68.6651611328125 69.2003021240234 69.7354507446289 70.2705993652344 70.8057403564453 71.3408889770508 71.8760375976562 72.2902526855469 72.341682434082 72.3931121826172 72.4445419311523 72.495979309082 72.5474090576172 72.5988388061523 72.6502685546875 72.6231842041016 72.5699234008789 72.5166702270508 72.4634094238281 72.41015625 72.3568954467773 72.3036422729492 72.1751174926758 71.82080078125 71.4664764404297 71.1121597290039
70.4339904785156 70.4910583496094 70.5481185913086 70.6051864624023 70.6622467041016 69.3579025268555 67.5997543334961 65.8416061401367 64.0834579467773 62.325309753418 60.5671615600586 58.8090133666992 57.8580207824707 59.3284873962402 60.7989540100098 62.2694206237793 63.7398872375488 65.2103500366211 66.6808166503906 68.1512832641602 68.9752349853516 69.5836868286133 70.192138671875 70.8005828857422 71.4090347290039 72.0174789428711 72.6259307861328 73.1008377075195 73.1751098632812 73.2493896484375 73.3236618041992 73.3979339599609 73.4722137451172 73.5464859008789 73.6207580566406 73.6355743408203 73.6305770874023 73.6255722045898 73.6205673217773 73.6155624389648 73.6105575561523 73.6055526733398 73.4994201660156 73.0898818969727 72.6803436279297 72.2708129882812
70.7008666992188 70.763069152832 70.8252716064453 70.8874740600586 70.9496765136719 69.6923675537109 67.9952239990234 66.2980728149414 64.6009292602539 62.9037818908691 61.2066345214844 59.5094871520996 58.59375 60.0222434997559 61.450740814209 62.8792343139648 64.307731628418 65.7362289428711 67.1647186279297 68.5932159423828 69.3970642089844 69.9926910400391 70.5883255004883 71.183952331543 71.7795867919922 72.3752136230469 72.9708480834961 73.4470825195312 73.5651397705078 73.6831893920898 73.8012390136719 73.9192962646484 74.0373458862305 74.155403137207 74.2734527587891 74.3406219482422 74.3908233642578 74.441032409668 74.4912338256836 74.5414428710938 74.5916519165039 74.6418533325195 74.5738296508789 74.1511306762695 73.7284317016602 73.3057327270508
70.9227905273438 70.8910446166992 70.8592910766602 70.8275375366211 70.795783996582 69.6873550415039 68.2200317382812 66.7527084350586 65.2853851318359 63.8180618286133 62.3507423400879 60.8834190368652 60.1087684631348 61.4121246337891 62.7154846191406 64.0188446044922 65.3221969604492 66.6255569458008 67.9289169311523 69.2322769165039 69.9306335449219 70.4273300170898 70.9240188598633 71.4207077026367 71.9174041748047 72.4140930175781 72.9107894897461 73.3289947509766 73.5117568969727 73.6945266723633 73.8772888183594 74.0600509643555 74.2428131103516 74.4255752563477 74.6083374023438 74.7383117675781 74.8506851196289 74.9630508422852 75.0754241943359 75.1877975463867 75.3001708984375 75.4125442504883 75.3983688354492 75.0045547485352 74.6107406616211 74.216926574707
71.1447219848633 71.0190124511719 70.8933029174805 70.7675933837891 70.6418838500977 69.6823348999023 68.4448394775391 67.2073364257812 65.969841003418 64.7323455810547 63.4948501586914 62.2573509216309 61.6237831115723 62.8020057678223 63.9802284240723 65.158447265625 66.336669921875 67.514892578125 68.693115234375 69.8713302612305 70.4642028808594 70.8619613647461 71.2597122192383 71.6574630737305 72.0552215576172 72.4529724121094 72.8507232666016 73.2109069824219 73.458381652832 73.7058563232422 73.9533309936523 74.2008056640625 74.4482803344727 74.6957550048828 74.9432220458984 75.1360015869141 75.3105392456055 75.4850769042969 75.6596145629883 75.8341522216797 76.0086898803711 76.183235168457 76.222900390625 75.8579711914062 75.4930419921875 75.1281127929688
71.3666458129883 71.1469802856445 70.9273147583008 70.707649230957 70.4879837036133 69.6773147583008 68.6696472167969 67.6619720458984 66.654296875 65.6466293334961 64.6389541625977 63.6312866210938 63.138801574707 64.1918869018555 65.2449722290039 66.2980575561523 67.3511428833008 68.4042205810547 69.4573059082031 70.5103912353516 70.9977722167969 71.2965927124023 71.5954055786133 71.8942184448242 72.1930389404297 72.4918518066406 72.7906646728516 73.0928192138672 73.4050064086914 73.7171936035156 74.0293731689453 74.3415603637695 74.6537399291992 74.9659271240234 75.2781143188477 75.5336837768555 75.770393371582 76.0070953369141 76.2438049316406 76.4805068969727 76.7172164916992 76.9539184570312 77.0474395751953 76.7113952636719 76.3753509521484 76.0392990112305
