resources/Exp000_Example-Run/Run01_M2/TimeSeries/2010/model_set/qinfil_avg.asc
NCOLS 265 
NROWS 230 
XLLCORNER -115.5625 
YLLCORNER 24.8333333333333 
CELLSIZE 0.0833333333333333 
NODATA_value -9999 
[rows 126 to 143 of 230, columns 123 to 163 of 265]
8.41920882521663e-06 8.33273497846676e-06 8.24626204121159e-06 8.15978910395643e-06 8.09899847808992e-06 8.04676892585121e-06 7.9945393736125e-06 7.94230982137378e-06 7.89008117862977e-06 7.83785162639106e-06 7.78562207415234e-06 7.74626187194372e-06 7.74550881033065e-06 7.74475574871758e-06 7.74400177760981e-06 7.74324871599674e-06 7.74249565438367e-06 7.74174259277061e-06 7.74098953115754e-06 7.86626151239034e-06 8.03354123490863e-06 8.20082095742691e-06 8.3681006799452e-06 8.53538040246349e-06 8.70266103447648e-06 8.86994075699477e-06 9.05762772163143e-06 9.30653732211795e-06 9.55544692260446e-06 9.80435561359627e-06 1.00532652140828e-05 1.03021748145693e-05 1.05510835055611e-05 1.07999931060476e-05 1.1041300240322e-05 1.12800735223573e-05 1.15188468043925e-05 1.17576200864278e-05 1.1996393368463e-05 1.22351666504983e-05 1.24739399325335e-05
8.27710118755931e-06 8.20970763015794e-06 8.14231407275656e-06 8.07491960586049e-06 8.02357044449309e-06 7.97757002146682e-06 7.93156868894584e-06 7.88556735642487e-06 7.8395669333986e-06 7.79356560087763e-06 7.74756426835665e-06 7.71057239035144e-06 7.70060796639882e-06 7.6906435424462e-06 7.68067911849357e-06 7.67071469454095e-06 7.66075027058832e-06 7.6507858466357e-06 7.64082142268308e-06 7.75863554736134e-06 7.91904312791303e-06 8.07945161795942e-06 8.23985919851111e-06 8.4002667790628e-06 8.5606743596145e-06 8.72108194016619e-06 8.90490809979383e-06 9.15898908715462e-06 9.41307098401012e-06 9.66715288086561e-06 9.92123477772111e-06 1.01753166745766e-05 1.04293976619374e-05 1.06834795587929e-05 1.09338961920002e-05 1.11830904643284e-05 1.14322856461513e-05 1.16814799184795e-05 1.19306741908076e-05 1.21798684631358e-05 1.24290636449587e-05
8.13499445939669e-06 8.08668028184911e-06 8.03836519480683e-06 7.99005101725925e-06 7.94814332039095e-06 7.90837020758772e-06 7.86859800427919e-06 7.82882489147596e-06 7.78905268816743e-06 7.7492795753642e-06 7.70950737205567e-06 7.67488381825387e-06 7.65570803196169e-06 7.63653224566951e-06 7.61735645937733e-06 7.59818067308515e-06 7.57900488679297e-06 7.55982910050079e-06 7.54065331420861e-06 7.65101049182704e-06 7.80454593041213e-06 7.95808136899723e-06 8.11161680758232e-06 8.26515224616742e-06 8.41868768475251e-06 8.57222312333761e-06 8.75218756846152e-06 9.011441761686e-06 9.27069595491048e-06 9.52995014813496e-06 9.78920434135944e-06 1.00484585345839e-05 1.03077118183137e-05 1.05669660115382e-05 1.08264921436785e-05 1.10861074062996e-05 1.13457235784153e-05 1.16053397505311e-05 1.18649559226469e-05 1.2124571185268e-05 1.23841873573838e-05
7.99288773123408e-06 7.96365202404559e-06 7.9344172263518e-06 7.90518242865801e-06 7.87271528679412e-06 7.83917130320333e-06 7.80562641011784e-06 7.77208242652705e-06 7.73853844293626e-06 7.70499354985077e-06 7.67144956625998e-06 7.6391943366616e-06 7.61080764277722e-06 7.58242049414548e-06 7.55403334551374e-06 7.52564619688201e-06 7.49725904825027e-06 7.46887189961853e-06 7.4404847509868e-06 7.54338543629274e-06 7.69004873291124e-06 7.83671202952974e-06 7.98337441665353e-06 8.13003771327203e-06 8.27670100989053e-06 8.42336430650903e-06 8.59946794662392e-06 8.86389443621738e-06 9.12832092581084e-06 9.3927474154043e-06 9.65717390499776e-06 9.92160039459122e-06 1.018602597469e-05 1.04504524642834e-05 1.0719087185862e-05 1.09891243482707e-05 1.12591624201741e-05 1.15291995825828e-05 1.17992367449915e-05 1.20692739074002e-05 1.23393110698089e-05
7.85078009357676e-06 7.84062467573676e-06 7.83046925789677e-06 7.82031293056207e-06 7.79728725319728e-06 7.76997148932423e-06 7.74265572545119e-06 7.71533996157814e-06 7.68802419770509e-06 7.66070752433734e-06 7.63339176046429e-06 7.60350576456403e-06 7.56590725359274e-06 7.52830874262145e-06 7.49071023165016e-06 7.45311172067886e-06 7.41551366445492e-06 7.37791515348363e-06 7.34031664251233e-06 7.43576038075844e-06 7.57555108066299e-06 7.71534178056754e-06 7.85513293521944e-06 7.99492318037665e-06 8.13471433502855e-06 8.27450548968045e-06 8.44674741529161e-06 8.71634620125405e-06 8.9859449872165e-06 9.25554377317894e-06 9.52514255914139e-06 9.79474134510383e-06 1.00643401310663e-05 1.03339389170287e-05 1.06116831375402e-05 1.08921412902419e-05 1.11726003524382e-05 1.14530594146345e-05 1.17335175673361e-05 1.20139766295324e-05 1.2294434782234e-05
7.70867336541414e-06 7.71759732742794e-06 7.72652037994703e-06 7.73544434196083e-06 7.72185921960045e-06 7.70077167544514e-06 7.67968504078453e-06 7.65859749662923e-06 7.63750995247392e-06 7.61642195357126e-06 7.59533440941595e-06 7.56781673771911e-06 7.52100686440826e-06 7.47419699109741e-06 7.42738757253392e-06 7.38057769922307e-06 7.33376782591222e-06 7.28695840734872e-06 7.24014853403787e-06 7.32813487047679e-06 7.46105342841474e-06 7.5939719863527e-06 7.72689054429065e-06 7.85980955697596e-06 7.99272766016657e-06 8.12564576335717e-06 8.29402779345401e-06 8.56879887578543e-06 8.84356995811686e-06 9.11834104044829e-06 9.39311212277971e-06 9.66788320511114e-06 9.94265428744256e-06 1.02174262792687e-05 1.05042790892185e-05 1.07951591417077e-05 1.10860391941969e-05 1.13769192466862e-05 1.16677992991754e-05 1.19586793516646e-05 1.22495594041538e-05
7.64174365031067e-06 7.67080746300053e-06 7.69987218518509e-06 7.72893690736964e-06 7.72351268096827e-06 7.70659244153649e-06 7.6896722021047e-06 7.67275196267292e-06 7.65583172324114e-06 7.63891148380935e-06 7.62199124437757e-06 7.59488693802268e-06 7.53722906665644e-06 7.47957074054284e-06 7.4219128691766e-06 7.36425499781035e-06 7.3065971264441e-06 7.24893925507786e-06 7.19128138371161e-06 7.26783491700189e-06 7.38912603992503e-06 7.51041716284817e-06 7.63170828577131e-06 7.75299940869445e-06 7.87429053161759e-06 7.99558165454073e-06 8.1555663200561e-06 8.43163434183225e-06 8.7077014541137e-06 8.98376947588986e-06 9.25983658817131e-06 9.53590460994747e-06 9.81197172222892e-06 1.00880397440051e-05 1.03813126770547e-05 1.06803208836936e-05 1.09793299998273e-05 1.12783382064663e-05 1.15773464131053e-05 1.18763555292389e-05 1.21753637358779e-05
7.64999094826635e-06 7.70025781093864e-06 7.75052376411622e-06 7.80078971729381e-06 7.80224581831135e-06 7.78743196860887e-06 7.77261811890639e-06 7.75780426920392e-06 7.74299041950144e-06 7.72817656979896e-06 7.71336272009648e-06 7.68471636547474e-06 7.61457340558991e-06 7.54443044570507e-06 7.47428703107289e-06 7.40414407118806e-06 7.33400111130322e-06 7.26385815141839e-06 7.19371519153356e-06 7.25486052033375e-06 7.35976891519385e-06 7.46467685530661e-06 7.56958525016671e-06 7.67449364502681e-06 7.77940203988692e-06 7.88431043474702e-06 8.03136299509788e-06 8.30485168989981e-06 8.57833947520703e-06 8.85182817000896e-06 9.12531595531618e-06 9.39880374062341e-06 9.67229243542533e-06 9.94578022073256e-06 1.02427848105435e-05 1.05476292446838e-05 1.0852473678824e-05 1.11573172034696e-05 1.14621616376098e-05 1.17670051622554e-05 1.20718495963956e-05
7.65823915571673e-06 7.72970724938205e-06 7.80117534304736e-06 7.87264343671268e-06 7.88097986514913e-06 7.86827149568126e-06 7.85556403570808e-06 7.84285657573491e-06 7.83014911576174e-06 7.81744165578857e-06 7.8047332863207e-06 7.77454624767415e-06 7.69191774452338e-06 7.60928969611996e-06 7.52666119296919e-06 7.44403314456576e-06 7.36140509616234e-06 7.27877704775892e-06 7.19614854460815e-06 7.24188566891826e-06 7.33041133571533e-06 7.41893700251239e-06 7.50746266930946e-06 7.59598788135918e-06 7.68451354815625e-06 7.77303921495331e-06 7.90716057963436e-06 8.17806903796736e-06 8.44897749630036e-06 8.71988595463336e-06 8.99079532246105e-06 9.26170378079405e-06 9.53261223912705e-06 9.80352069746004e-06 1.01042578535271e-05 1.04149376056739e-05 1.07256173578207e-05 1.10362962004729e-05 1.13469759526197e-05 1.16576557047665e-05 1.19683354569133e-05
7.6664864536724e-06 7.75915668782545e-06 7.8518269219785e-06 7.94449624663685e-06 7.95971300249221e-06 7.94911193224834e-06 7.93850995250978e-06 7.92790888226591e-06 7.91730781202205e-06 7.90670583228348e-06 7.89610476203961e-06 7.86437522037886e-06 7.76926208345685e-06 7.67414894653484e-06 7.57903535486548e-06 7.48392221794347e-06 7.38880908102146e-06 7.2936954893521e-06 7.19858235243009e-06 7.22891127225012e-06 7.30105421098415e-06 7.37319669497083e-06 7.44533963370486e-06 7.51748257243889e-06 7.58962505642558e-06 7.66176799515961e-06 7.78295725467615e-06 8.05128638603492e-06 8.31961551739369e-06 8.58794464875245e-06 8.85627378011122e-06 9.12460291146999e-06 9.39293204282876e-06 9.66126117418753e-06 9.96572998701595e-06 1.02822450571693e-05 1.05987601273227e-05 1.09152761069709e-05 1.12317911771243e-05 1.15483062472777e-05 1.18648213174311e-05
7.67473466112278e-06 7.78860612626886e-06 7.90247850090964e-06 8.01634996605571e-06 8.03844613983529e-06 8.02995145932073e-06 8.02145586931147e-06 8.01296118879691e-06 8.00446650828235e-06 7.99597091827309e-06 7.98747623775853e-06 7.95420510257827e-06 7.84660642239032e-06 7.73900774220238e-06 7.63140997150913e-06 7.52381129132118e-06 7.41621306588058e-06 7.30861438569264e-06 7.20101616025204e-06 7.21593642083462e-06 7.27169663150562e-06 7.32745684217662e-06 7.38321659810026e-06 7.43897680877126e-06 7.49473701944225e-06 7.5504967753659e-06 7.65875483921263e-06 7.92450373410247e-06 8.19025353848701e-06 8.45600334287155e-06 8.7217531472561e-06 8.98750295164064e-06 9.25325275602518e-06 9.51900256040972e-06 9.82720302999951e-06 1.01495534181595e-05 1.04719038063195e-05 1.07942551039741e-05 1.11166054921341e-05 1.14389567897888e-05 1.17613071779488e-05
7.68298195907846e-06 7.81805556471227e-06 7.95312917034607e-06 8.08820277597988e-06 8.11718018667307e-06 8.11079098639311e-06 8.10440269560786e-06 8.0980134953279e-06 8.09162429504795e-06 8.0852360042627e-06 8.07884680398274e-06 8.04403407528298e-06 7.9239507613238e-06 7.80386744736461e-06 7.68378413340542e-06 7.56370036469889e-06 7.4436170507397e-06 7.32353328203317e-06 7.20344996807398e-06 7.20296202416648e-06 7.24233905202709e-06 7.28171653463505e-06 7.32109401724301e-06 7.36047104510362e-06 7.39984852771158e-06 7.43922601031954e-06 7.53455151425442e-06 7.79772199166473e-06 8.06089155958034e-06 8.32406203699065e-06 8.58723251440097e-06 8.85040208231658e-06 9.11357255972689e-06 9.3767430371372e-06 9.68867516348837e-06 1.00168617791496e-05 1.03450474853162e-05 1.06732341009774e-05 1.10014207166387e-05 1.13296064228052e-05 1.16577930384665e-05
7.73083229432814e-06 7.87681892688852e-06 8.0228055594489e-06 8.16879219200928e-06 8.20064451545477e-06 8.1944517660304e-06 8.18825901660603e-06 8.18206626718165e-06 8.17587351775728e-06 8.16968167782761e-06 8.16348892840324e-06 8.12685357232112e-06 7.99888948677108e-06 7.87092449172633e-06 7.74296040617628e-06 7.61499677537358e-06 7.48703268982354e-06 7.35906860427349e-06 7.23110406397609e-06 7.21732794772834e-06 7.24161373000243e-06 7.26589996702387e-06 7.29018574929796e-06 7.3144719863194e-06 7.33875822334085e-06 7.36304400561494e-06 7.44652516004862e-06 7.70759197621373e-06 7.96865788288414e-06 8.22972469904926e-06 8.49079060571967e-06 8.75185742188478e-06 9.01292332855519e-06 9.2739901447203e-06 9.58822329266695e-06 9.92017885437235e-06 1.02521353255725e-05 1.05840908872779e-05 1.09160464489833e-05 1.12480029201834e-05 1.15799584818888e-05
7.81828384788241e-06 7.96489530330291e-06 8.11150584922871e-06 8.2581163951545e-06 8.28883912618039e-06 8.28093288873788e-06 8.27302665129537e-06 8.26512041385286e-06 8.25721417641034e-06 8.24930702947313e-06 8.24140079203062e-06 8.2026608652086e-06 8.07142077974277e-06 7.94018069427693e-06 7.8089406088111e-06 7.67770052334527e-06 7.54645998313208e-06 7.41521989766625e-06 7.28397935745306e-06 7.25903419152019e-06 7.26952021068428e-06 7.28000668459572e-06 7.29049270375981e-06 7.30097917767125e-06 7.31146519683534e-06 7.32195167074678e-06 7.39467577659525e-06 7.65411368774949e-06 7.91355250839842e-06 8.17299041955266e-06 8.4324283307069e-06 8.69186624186113e-06 8.95130506251007e-06 9.21074297366431e-06 9.52584741753526e-06 9.85950646281708e-06 1.01931655080989e-05 1.05268254628754e-05 1.08604845081572e-05 1.11941444629338e-05 1.15278035082156e-05
7.90573631093139e-06 8.0529716797173e-06 8.20020613900851e-06 8.34744059829973e-06 8.37703464640072e-06 8.36741401144536e-06 8.35779428598471e-06 8.34817365102936e-06 8.3385539255687e-06 8.32893329061335e-06 8.3193135651527e-06 8.27846906759078e-06 8.14395298220916e-06 8.00943598733284e-06 7.87491990195122e-06 7.7404038165696e-06 7.60588727644063e-06 7.47137119105901e-06 7.33685465093004e-06 7.30074043531204e-06 7.29742669136613e-06 7.29411340216757e-06 7.29079965822166e-06 7.28748591427575e-06 7.28417262507719e-06 7.28085888113128e-06 7.34282639314188e-06 7.60063630877994e-06 7.858446224418e-06 8.11625614005607e-06 8.37406605569413e-06 8.63187597133219e-06 8.88968588697026e-06 9.14749580260832e-06 9.46347063290887e-06 9.79883407126181e-06 1.013419660012e-05 1.0469560038473e-05 1.08049225673312e-05 1.11402860056842e-05 1.14756485345424e-05
7.99318877398036e-06 8.14104714663699e-06 8.28890642878832e-06 8.43676571093965e-06 8.46522925712634e-06 8.45389604364755e-06 8.44256192067405e-06 8.43122779770056e-06 8.41989367472706e-06 8.40855955175357e-06 8.39722542878008e-06 8.35427636047825e-06 8.21648427518085e-06 8.07869218988344e-06 7.94089919509133e-06 7.80310710979393e-06 7.66531502449652e-06 7.52752248445177e-06 7.38972994440701e-06 7.34244667910389e-06 7.32533362679533e-06 7.30822011973942e-06 7.29110661268351e-06 7.2739931056276e-06 7.25687959857169e-06 7.23976654626313e-06 7.29097655494115e-06 7.54715847506304e-06 7.80333994043758e-06 8.05952186055947e-06 8.31570378068136e-06 8.57188570080325e-06 8.82806762092514e-06 9.08424954104703e-06 9.40109475777717e-06 9.73816077021183e-06 1.00752276921412e-05 1.04122937045759e-05 1.07493606265052e-05 1.10864266389399e-05 1.14234935608692e-05
8.08064032753464e-06 8.22912352305138e-06 8.37760671856813e-06 8.52608991408488e-06 8.55342477734666e-06 8.54037716635503e-06 8.52732955536339e-06 8.51428103487706e-06 8.50123342388542e-06 8.48818581289379e-06 8.47513729240745e-06 8.43008456286043e-06 8.28901647764724e-06 8.14794748293934e-06 8.00687939772615e-06 7.86581040301826e-06 7.72474231780507e-06 7.58367377784452e-06 7.44260523788398e-06 7.38415337764309e-06 7.35324010747718e-06 7.32232683731127e-06 7.29141356714536e-06 7.26050029697944e-06 7.22958702681353e-06 7.19867375664762e-06 7.23912717148778e-06 7.49368064134615e-06 7.74823456595186e-06 8.00278758106288e-06 8.25734150566859e-06 8.51189543027431e-06 8.76644844538532e-06 9.02100236999104e-06 9.33871797315078e-06 9.67748837865656e-06 1.00162587841623e-05 1.03550282801734e-05 1.06937986856792e-05 1.10325681816903e-05 1.13713385871961e-05
8.16809279058361e-06 8.31719989946578e-06 8.46630700834794e-06 8.6154141172301e-06 8.64162029756699e-06 8.62685828906251e-06 8.61209628055803e-06 8.59733518154826e-06 8.58257317304378e-06 8.56781207403401e-06 8.55305006552953e-06 8.50589276524261e-06 8.36154777061893e-06 8.21720368548995e-06 8.07285869086627e-06 7.92851460573729e-06 7.78416961111361e-06 7.63982461648993e-06 7.49548053136095e-06 7.42585962143494e-06 7.38114658815903e-06 7.33643355488311e-06 7.2917205216072e-06 7.24700748833129e-06 7.20229400030803e-06 7.15758096703212e-06 7.18727778803441e-06 7.4402032623766e-06 7.69312828197144e-06 7.94605421106098e-06 8.19897923065582e-06 8.45190515974537e-06 8.70483017934021e-06 8.95775519893505e-06 9.27634209801909e-06 9.61681598710129e-06 9.95728896668879e-06 1.0297762855771e-05 1.06382367448532e-05 1.09787097244407e-05 1.13191836135229e-05
