resources/Exp000_Example-Run/Run01_M2/TimeSeries/2010/model_set/qinfil_avg.asc
NCOLS 265 
NROWS 230 
XLLCORNER -115.5625 
YLLCORNER 24.8333333333333 
CELLSIZE 0.0833333333333333 
NODATA_value -9999 
[rows 90 to 107 of 230, columns 164 to 204 of 265]
1.0350604497944e-05 1.04068776636268e-05 1.04631499198149e-05 1.0519422176003e-05 1.05756953416858e-05 1.06319675978739e-05 1.0688239854062e-05 1.07445130197448e-05 1.09000775410095e-05 1.10887403934612e-05 1.12774023364182e-05 1.14660642793751e-05 1.16547271318268e-05 1.18433890747838e-05 1.20320519272354e-05 1.22184765132261e-05 1.23981872093282e-05 1.25778979054303e-05 1.27576086015324e-05 1.29373192976345e-05 1.31170299937367e-05 1.32967406898388e-05 1.34764513859409e-05 1.36819617182482e-05 1.38960713229608e-05 1.41101818371681e-05 1.43242914418806e-05 1.45384019560879e-05 1.47525115608005e-05 1.49666220750078e-05 1.52414950207458e-05 1.56986570800655e-05 1.61558200488798e-05 1.66129811987048e-05 1.70701441675192e-05 1.75273053173441e-05 1.79844682861585e-05 1.84416312549729e-05 1.85246535693295e-05 1.84829641511897e-05 1.84412729140604e-05
1.03178263088921e-05 1.03868669611984e-05 1.04559076135047e-05 1.05249473563163e-05 1.05939880086225e-05 1.06630277514341e-05 1.07320684037404e-05 1.08011090560467e-05 1.09559859993169e-05 1.11394756459049e-05 1.13229652924929e-05 1.15064549390809e-05 1.16899445856689e-05 1.18734342322568e-05 1.20569238788448e-05 1.22387336887186e-05 1.24155030789552e-05 1.25922715596971e-05 1.27690409499337e-05 1.29458103401703e-05 1.31225788209122e-05 1.32993482111488e-05 1.34761176013853e-05 1.36793096316978e-05 1.38913092087023e-05 1.41033087857068e-05 1.43153083627112e-05 1.45273079397157e-05 1.47393084262148e-05 1.49513080032193e-05 1.52173097376362e-05 1.56453206727747e-05 1.60733306984184e-05 1.65013407240622e-05 1.69293507497059e-05 1.73573625943391e-05 1.77853726199828e-05 1.82133826456266e-05 1.83452320925426e-05 1.837835952756e-05 1.84114887815667e-05
1.02850481198402e-05 1.036685625877e-05 1.04486643976998e-05 1.05304725366295e-05 1.06122806755593e-05 1.06940888144891e-05 1.07758969534189e-05 1.08577050923486e-05 1.10118944576243e-05 1.11902118078433e-05 1.13685282485676e-05 1.15468455987866e-05 1.17251629490056e-05 1.19034793897299e-05 1.20817967399489e-05 1.22589908642112e-05 1.24328189485823e-05 1.26066461234586e-05 1.2780473298335e-05 1.2954301382706e-05 1.31281285575824e-05 1.33019566419534e-05 1.34757838168298e-05 1.36766575451475e-05 1.38865470944438e-05 1.40964366437402e-05 1.43063252835418e-05 1.45162148328382e-05 1.47261043821345e-05 1.49359939314309e-05 1.51931253640214e-05 1.55919842654839e-05 1.59908431669464e-05 1.63897002494195e-05 1.67885591508821e-05 1.71874180523446e-05 1.75862769538071e-05 1.79851340362802e-05 1.81658087967662e-05 1.82737567229196e-05 1.83817028300837e-05
1.0252270840283e-05 1.03468464658363e-05 1.04414220913895e-05 1.05359977169428e-05 1.06305733424961e-05 1.07251489680493e-05 1.08197245936026e-05 1.09143002191558e-05 1.10678029159317e-05 1.1240947060287e-05 1.14140912046423e-05 1.15872362584923e-05 1.17603804028477e-05 1.1933524547203e-05 1.21066686915583e-05 1.22792489491985e-05 1.24501348182093e-05 1.26210206872202e-05 1.2791906556231e-05 1.29627924252418e-05 1.31336782942526e-05 1.33045641632634e-05 1.34754500322742e-05 1.36740054585971e-05 1.38817849801853e-05 1.40895635922789e-05 1.42973431138671e-05 1.45051217259606e-05 1.47129003380542e-05 1.49206798596424e-05 1.51689409904066e-05 1.55386478581931e-05 1.5908353816485e-05 1.62780597747769e-05 1.66477675520582e-05 1.70174735103501e-05 1.7387179468642e-05 1.77568872459233e-05 1.79863873199793e-05 1.81691539182793e-05 1.835191869759e-05
1.02194926512311e-05 1.03268357634079e-05 1.04341788755846e-05 1.05415228972561e-05 1.06488660094328e-05 1.07562100311043e-05 1.0863553143281e-05 1.09708962554578e-05 1.11237113742391e-05 1.12916832222254e-05 1.14596550702117e-05 1.16276260087034e-05 1.17955978566897e-05 1.1963569704676e-05 1.21315415526624e-05 1.22995061246911e-05 1.24674506878364e-05 1.26353952509817e-05 1.28033389046323e-05 1.29712834677775e-05 1.31392280309228e-05 1.33071716845734e-05 1.34751162477187e-05 1.36713542815414e-05 1.38770228659268e-05 1.40826914503123e-05 1.42883600346977e-05 1.44940286190831e-05 1.46996972034685e-05 1.4905365787854e-05 1.5144755707297e-05 1.54853114509024e-05 1.5825866285013e-05 1.61664193001343e-05 1.6506974134245e-05 1.68475289683556e-05 1.71880838024663e-05 1.75286386365769e-05 1.78069658431923e-05 1.80645492946496e-05 1.83221345650963e-05
1.01867144621792e-05 1.03068250609795e-05 1.04269365692744e-05 1.05470480775693e-05 1.06671586763696e-05 1.07872701846645e-05 1.09073816929595e-05 1.10274922917597e-05 1.11796198325465e-05 1.13424184746691e-05 1.15052180262865e-05 1.16680166684091e-05 1.18308162200265e-05 1.19936148621491e-05 1.21564135042718e-05 1.23197642096784e-05 1.24847665574634e-05 1.26497689052485e-05 1.28147721625282e-05 1.29797745103133e-05 1.31447768580983e-05 1.33097801153781e-05 1.34747824631631e-05 1.36687021949911e-05 1.38722598421737e-05 1.4075818398851e-05 1.42793769555283e-05 1.44829355122056e-05 1.46864931593882e-05 1.48900517160655e-05 1.51205713336822e-05 1.54319732246222e-05 1.57433769345516e-05 1.60547806444811e-05 1.63661825354211e-05 1.66775862453505e-05 1.69889881362906e-05 1.730039184622e-05 1.76275443664053e-05 1.79599464900093e-05 1.82923486136133e-05
1.02040958154248e-05 1.0331553312426e-05 1.04590117189218e-05 1.0586469215923e-05 1.07139267129241e-05 1.084138511942e-05 1.09688426164212e-05 1.10963001134223e-05 1.12481584437774e-05 1.14081503852503e-05 1.15681414172286e-05 1.17281333587016e-05 1.18881243906799e-05 1.20481163321529e-05 1.22081073641311e-05 1.23683748824988e-05 1.25294682220556e-05 1.26905615616124e-05 1.28516549011692e-05 1.30127491502208e-05 1.31738424897776e-05 1.33349358293344e-05 1.34960291688913e-05 1.36860799102578e-05 1.38857831188943e-05 1.40854863275308e-05 1.42851895361673e-05 1.44848927448038e-05 1.46845959534403e-05 1.48842991620768e-05 1.51086460391525e-05 1.5406923921546e-05 1.57052036229288e-05 1.60034815053223e-05 1.63017612067051e-05 1.66000390890986e-05 1.6898316971492e-05 1.71965966728749e-05 1.75448149093427e-05 1.79096787178423e-05 1.8274542526342e-05
1.02716376204626e-05 1.04010205177474e-05 1.05304043245269e-05 1.06597872218117e-05 1.07891710285912e-05 1.0918553925876e-05 1.10479368231609e-05 1.11773206299404e-05 1.13293281174265e-05 1.14888771349797e-05 1.16484261525329e-05 1.18079751700861e-05 1.19675241876394e-05 1.21270732051926e-05 1.22866222227458e-05 1.24453390526469e-05 1.26015556816128e-05 1.27577723105787e-05 1.29139889395447e-05 1.30702064780053e-05 1.32264231069712e-05 1.33826397359371e-05 1.3538856364903e-05 1.37234883368365e-05 1.39175917865941e-05 1.41116943268571e-05 1.43057977766148e-05 1.44999012263725e-05 1.46940046761301e-05 1.48881072163931e-05 1.51089807332028e-05 1.54101617226843e-05 1.57113445311552e-05 1.60125273396261e-05 1.63137083291076e-05 1.66148911375785e-05 1.691607212706e-05 1.72172549355309e-05 1.75587774720043e-05 1.79137459781487e-05 1.8268714484293e-05
1.03391794255003e-05 1.04704877230688e-05 1.0601796930132e-05 1.07331052277004e-05 1.08644144347636e-05 1.09957227323321e-05 1.11270319393952e-05 1.12583402369637e-05 1.14104977910756e-05 1.15696047942038e-05 1.17287108878372e-05 1.18878178909654e-05 1.20469239845988e-05 1.2206030987727e-05 1.23651379908551e-05 1.25223023133003e-05 1.267364314117e-05 1.2824983059545e-05 1.29763229779201e-05 1.31276638057898e-05 1.32790037241648e-05 1.34303436425398e-05 1.35816844704095e-05 1.37608967634151e-05 1.39493995447992e-05 1.41379032356781e-05 1.43264060170623e-05 1.45149097079411e-05 1.47034124893253e-05 1.48919161802041e-05 1.51093145177583e-05 1.54133995238226e-05 1.57174854393816e-05 1.60215713549405e-05 1.63256572704995e-05 1.66297413670691e-05 1.6933827282628e-05 1.7237913198187e-05 1.75727382156765e-05 1.79178114194656e-05 1.82628846232546e-05
1.04067203210434e-05 1.05399549283902e-05 1.0673189535737e-05 1.08064232335892e-05 1.0939657840936e-05 1.10728915387881e-05 1.12061261461349e-05 1.13393607534817e-05 1.14916674647247e-05 1.16503315439331e-05 1.18089956231415e-05 1.19676597023499e-05 1.21263237815583e-05 1.22849887702614e-05 1.24436528494698e-05 1.25992664834484e-05 1.27457306007273e-05 1.28921938085114e-05 1.30386570162955e-05 1.31851211335743e-05 1.33315843413584e-05 1.34780475491425e-05 1.36245116664213e-05 1.37983051899937e-05 1.3981208212499e-05 1.41641112350044e-05 1.43470142575097e-05 1.45299181895098e-05 1.47128212120151e-05 1.48957242345205e-05 1.51096492118086e-05 1.54166373249609e-05 1.57236263476079e-05 1.6030615370255e-05 1.6337604392902e-05 1.6644593415549e-05 1.69515824381961e-05 1.72585714608431e-05 1.75867007783381e-05 1.79218786797719e-05 1.82570565812057e-05
1.04742621260812e-05 1.06094221337116e-05 1.07445821413421e-05 1.08797412394779e-05 1.10149012471084e-05 1.11500612547388e-05 1.12852203528746e-05 1.14203803605051e-05 1.15728371383739e-05 1.17310582936625e-05 1.18892803584458e-05 1.20475024232292e-05 1.22057235785178e-05 1.23639456433011e-05 1.25221677080845e-05 1.26762306535966e-05 1.28178171507898e-05 1.29594045574777e-05 1.31009910546709e-05 1.32425784613588e-05 1.3384164958552e-05 1.35257514557452e-05 1.36673388624331e-05 1.38357127070776e-05 1.40130159707041e-05 1.41903192343307e-05 1.43676224979572e-05 1.45449257615837e-05 1.47222290252103e-05 1.48995322888368e-05 1.51099829963641e-05 1.54198751260992e-05 1.57297672558343e-05 1.60396593855694e-05 1.63495515153045e-05 1.6659445464029e-05 1.69693375937641e-05 1.72792297234992e-05 1.76006633409997e-05 1.79259459400782e-05 1.82512267201673e-05
1.05418039311189e-05 1.0678889339033e-05 1.08159747469472e-05 1.09530592453666e-05 1.10901446532807e-05 1.12272300611949e-05 1.1364315469109e-05 1.15013999675284e-05 1.16540059025283e-05 1.18117859528866e-05 1.19695650937501e-05 1.21273442346137e-05 1.2285124284972e-05 1.24429034258355e-05 1.26006825666991e-05 1.27531948237447e-05 1.2889904610347e-05 1.3026615306444e-05 1.31633250930463e-05 1.33000357891433e-05 1.34367455757456e-05 1.35734562718426e-05 1.37101660584449e-05 1.38731211336562e-05 1.4044824638404e-05 1.42165281431517e-05 1.43882307384047e-05 1.45599342431524e-05 1.47316377479001e-05 1.49033412526478e-05 1.51103176904144e-05 1.54231129272375e-05 1.57359081640607e-05 1.60487052198732e-05 1.63615004566964e-05 1.66742956935195e-05 1.69870909303427e-05 1.72998879861552e-05 1.76146259036614e-05 1.79300113813952e-05 1.82453986781184e-05
1.06557754406822e-05 1.07875712274108e-05 1.09193670141394e-05 1.1051162800868e-05 1.11829585875967e-05 1.13147543743253e-05 1.14465501610539e-05 1.15783459477825e-05 1.17276322271209e-05 1.18827483674977e-05 1.20378654173692e-05 1.21929824672407e-05 1.23480986076174e-05 1.25032156574889e-05 1.26583317978657e-05 1.28077263070736e-05 1.29399504658068e-05 1.30721755340346e-05 1.32044006022625e-05 1.33366256704903e-05 1.34688507387182e-05 1.3601075806946e-05 1.37333008751739e-05 1.38936838993686e-05 1.4063451999391e-05 1.4233221008908e-05 1.44029891089303e-05 1.45727581184474e-05 1.47425271279644e-05 1.49122952279868e-05 1.51182857734966e-05 1.54329372890061e-05 1.57475915329996e-05 1.60622439580038e-05 1.6376896383008e-05 1.66915488080122e-05 1.70062012330163e-05 1.73208536580205e-05 1.76253015524708e-05 1.7926346117747e-05 1.82273925020127e-05
1.0816176654771e-05 1.09354677988449e-05 1.10547589429189e-05 1.11740509964875e-05 1.12933421405614e-05 1.14126332846354e-05 1.15319244287093e-05 1.16512155727833e-05 1.17937142931623e-05 1.19439473564853e-05 1.2094181329303e-05 1.22444153021206e-05 1.23946483654436e-05 1.25448823382612e-05 1.26951163110789e-05 1.28398241940886e-05 1.29679556266638e-05 1.30960861497442e-05 1.32242175823194e-05 1.33523490148946e-05 1.34804804474697e-05 1.36086118800449e-05 1.37367424031254e-05 1.38974000947201e-05 1.40688989631599e-05 1.42403987410944e-05 1.44118976095342e-05 1.45833973874687e-05 1.47548971654032e-05 1.4926396033843e-05 1.51338863361161e-05 1.54493500303943e-05 1.57648137246724e-05 1.60802774189506e-05 1.63957392942393e-05 1.67112029885175e-05 1.70266666827956e-05 1.73421303770738e-05 1.7632690287428e-05 1.79149483301444e-05 1.81972063728608e-05
1.09765778688597e-05 1.10833652797737e-05 1.1190151781193e-05 1.12969382826122e-05 1.14037256935262e-05 1.15105121949455e-05 1.16172996058594e-05 1.17240861072787e-05 1.18597954497091e-05 1.20051463454729e-05 1.21504972412367e-05 1.22958481370006e-05 1.24411981232697e-05 1.25865490190336e-05 1.27318999147974e-05 1.28719220811035e-05 1.2995959878026e-05 1.31199976749485e-05 1.32440345623763e-05 1.33680723592988e-05 1.34921092467266e-05 1.36161470436491e-05 1.37401848405716e-05 1.39011162900715e-05 1.40743468364235e-05 1.42475764732808e-05 1.44208061101381e-05 1.45940366564901e-05 1.47672662933473e-05 1.49404968396993e-05 1.51494878082303e-05 1.54657609527931e-05 1.57820359163452e-05 1.60983108798973e-05 1.64145840244601e-05 1.67308589880122e-05 1.70471321325749e-05 1.7363407096127e-05 1.76400790223852e-05 1.79035505425418e-05 1.81670220626984e-05
1.11369790829485e-05 1.12312618512078e-05 1.13255446194671e-05 1.14198264782317e-05 1.1514109246491e-05 1.16083911052556e-05 1.17026738735149e-05 1.17969566417742e-05 1.19258775157505e-05 1.20663453344605e-05 1.22068131531705e-05 1.23472809718805e-05 1.24877487905906e-05 1.26282166093006e-05 1.27686835185159e-05 1.29040208776132e-05 1.30239641293883e-05 1.31439082906581e-05 1.32638515424333e-05 1.33837957037031e-05 1.35037389554782e-05 1.3623683116748e-05 1.37436263685231e-05 1.39048333949177e-05 1.40797938001924e-05 1.42547542054672e-05 1.44297146107419e-05 1.46046759255114e-05 1.47796363307862e-05 1.49545967360609e-05 1.51650892803445e-05 1.54821736941813e-05 1.5799258108018e-05 1.61163425218547e-05 1.64334287546808e-05 1.67505131685175e-05 1.70675975823542e-05 1.73846819961909e-05 1.76474677573424e-05 1.78921527549392e-05 1.81368377525359e-05
1.12973802970373e-05 1.13791584226419e-05 1.14609365482465e-05 1.15427146738512e-05 1.16244927994558e-05 1.17062709250604e-05 1.17880481411703e-05 1.18698262667749e-05 1.19919595817919e-05 1.21275443234481e-05 1.22631290651043e-05 1.23987138067605e-05 1.25342985484167e-05 1.26698832900729e-05 1.28054680317291e-05 1.29361187646282e-05 1.30519683807506e-05 1.31678189063678e-05 1.32836685224902e-05 1.33995190481073e-05 1.35153686642298e-05 1.36312182803522e-05 1.37470688059693e-05 1.39085495902691e-05 1.40852407639613e-05 1.42619319376536e-05 1.44386231113458e-05 1.46153151945327e-05 1.4792006368225e-05 1.49686975419172e-05 1.51806898429641e-05 1.549858461658e-05 1.58164802996907e-05 1.61343759828014e-05 1.64522716659121e-05 1.67701673490228e-05 1.70880630321335e-05 1.74059587152442e-05 1.76548564922996e-05 1.78807549673365e-05 1.81066534423735e-05
1.14577824206208e-05 1.15270559035707e-05 1.15963293865207e-05 1.16656028694706e-05 1.17348763524205e-05 1.18041498353705e-05 1.18734233183204e-05 1.19426968012704e-05 1.20580416478333e-05 1.21887433124357e-05 1.23194449770381e-05 1.24501466416405e-05 1.25808483062428e-05 1.27115499708452e-05 1.28422516354476e-05 1.29682166516432e-05 1.30799735416076e-05 1.31917295220774e-05 1.33034855025471e-05 1.34152414830169e-05 1.35269983729813e-05 1.36387543534511e-05 1.37505103339208e-05 1.39122657856205e-05 1.40906877277303e-05 1.426910966984e-05 1.44475316119497e-05 1.46259544635541e-05 1.48043764056638e-05 1.49827983477735e-05 1.51962913150783e-05 1.55149973579682e-05 1.58337043103529e-05 1.61524094437482e-05 1.64711163961329e-05 1.67898215295281e-05 1.71085284819128e-05 1.74272336153081e-05 1.76622452272568e-05 1.78693571797339e-05 1.80764691322111e-05
