resources/Exp000_Example-Run/Run01_M2/TimeSeries/2010/model_set/qinfil_avg.asc
NCOLS 265 
NROWS 230 
XLLCORNER -115.5625 
YLLCORNER 24.8333333333333 
CELLSIZE 0.0833333333333333 
NODATA_value -9999 
[rows 198 to 215 of 230, columns 82 to 122 of 265]
1.54757399286609e-05 1.57498143380508e-05 1.60238905664301e-05 1.62979649758199e-05 1.65720412041992e-05 1.68461156135891e-05 1.71201918419683e-05 1.73474963958142e-05 1.74344877450494e-05 1.7521480913274e-05 1.76084722625092e-05 1.76954654307337e-05 1.77824567799689e-05 1.78694481292041e-05 1.79564412974287e-05 1.78441096068127e-05 1.76653356902534e-05 1.74865617736941e-05 1.73077878571348e-05 1.71290157595649e-05 1.69502418430056e-05 1.67714679264463e-05 1.65089877555147e-05 1.59953888214659e-05 1.54817880684277e-05 1.49681891343789e-05 1.44545892908354e-05 1.39409894472919e-05 1.34273896037485e-05 1.29137906696997e-05 1.24824437079951e-05 1.20785134640755e-05 1.16745841296506e-05 1.12706547952257e-05 1.08667254608008e-05 1.04627961263759e-05 1.0058866791951e-05 9.73194437392522e-06 9.63604361459147e-06 9.54014285525773e-06 9.44424300541868e-06
1.53730979945976e-05 1.56360620167106e-05 1.58990260388236e-05 1.61619918799261e-05 1.64249559020391e-05 1.66879199241521e-05 1.69508857652545e-05 1.71769170265179e-05 1.72921500052325e-05 1.74073848029366e-05 1.75226177816512e-05 1.76378507603658e-05 1.77530837390805e-05 1.78683185367845e-05 1.79835515154991e-05 1.79030885192333e-05 1.77573947439669e-05 1.76116991497111e-05 1.74660053744446e-05 1.73203097801888e-05 1.71746160049224e-05 1.7028922229656e-05 1.6791276721051e-05 1.62777778314194e-05 1.57642789417878e-05 1.52507791426615e-05 1.47372802530299e-05 1.42237813633983e-05 1.37102824737667e-05 1.31967835841351e-05 1.27483854157617e-05 1.23216859719832e-05 1.18949874376995e-05 1.14682889034157e-05 1.10415894596372e-05 1.06148909253534e-05 1.01881923910696e-05 9.84446342044976e-06 9.74964768829523e-06 9.654831046646e-06 9.56001440499676e-06
1.52704560605343e-05 1.55223096953705e-05 1.57741633302066e-05 1.60260169650428e-05 1.6277870599879e-05 1.65297242347151e-05 1.67815796885407e-05 1.70063376572216e-05 1.71498122654157e-05 1.72932868736098e-05 1.74367633007932e-05 1.75802379089873e-05 1.77237125171814e-05 1.78671871253755e-05 1.80106617335696e-05 1.79620692506433e-05 1.78494537976803e-05 1.77368383447174e-05 1.76242210727651e-05 1.75116056198021e-05 1.73989901668392e-05 1.72863747138763e-05 1.70735638675978e-05 1.65601650223834e-05 1.60467679961585e-05 1.55333691509441e-05 1.50199721247191e-05 1.45065741889994e-05 1.3993175343785e-05 1.34797774080653e-05 1.30143271235283e-05 1.2564858479891e-05 1.21153907457483e-05 1.16659221021109e-05 1.12164534584736e-05 1.07669857243309e-05 1.03175170806935e-05 9.9569824669743e-06 9.86325085250428e-06 9.76951832853956e-06 9.67578580457484e-06
1.51678132169764e-05 1.54085573740304e-05 1.56492988026002e-05 1.58900420501595e-05 1.61307852977188e-05 1.63715285452781e-05 1.66122717928374e-05 1.68357582879253e-05 1.70074745255988e-05 1.71791907632723e-05 1.73509070009459e-05 1.75226232386194e-05 1.7694339476293e-05 1.78660557139665e-05 1.803777195164e-05 1.80210481630638e-05 1.79415128513938e-05 1.78619757207343e-05 1.77824385900749e-05 1.77029014594154e-05 1.7623364328756e-05 1.7543829017086e-05 1.73558510141447e-05 1.68425540323369e-05 1.63292570505291e-05 1.58159600687213e-05 1.53026630869135e-05 1.47893661051057e-05 1.42760691232979e-05 1.37627712319954e-05 1.3280268831295e-05 1.28080309877987e-05 1.23357931443024e-05 1.18635553008062e-05 1.13913183668046e-05 1.09190805233084e-05 1.04468426798121e-05 1.00695024229935e-05 9.97685401671333e-06 9.88420561043313e-06 9.79155811364762e-06
1.50651712829131e-05 1.52948032337008e-05 1.55244360939832e-05 1.57540689542657e-05 1.59837018145481e-05 1.62133328558411e-05 1.64429657161236e-05 1.6665178918629e-05 1.68651367857819e-05 1.70650946529349e-05 1.72650525200879e-05 1.74650103872409e-05 1.76649682543939e-05 1.78649261215469e-05 1.80648839886999e-05 1.80800288944738e-05 1.80335719051072e-05 1.79871130967513e-05 1.79406561073847e-05 1.78941972990287e-05 1.78477403096622e-05 1.78012815013062e-05 1.7638139979681e-05 1.71249430422904e-05 1.66117461048998e-05 1.60985509864986e-05 1.5585354049108e-05 1.50721580212121e-05 1.45589619933162e-05 1.40457650559256e-05 1.35462105390616e-05 1.30512034957064e-05 1.25561964523513e-05 1.20611894089961e-05 1.1566182365641e-05 1.10711753222859e-05 1.0576167369436e-05 1.01820214695181e-05 1.00904571809224e-05 9.9988938018214e-06 9.9073295132257e-06
1.49625293488498e-05 1.51810509123607e-05 1.53995733853662e-05 1.56180940393824e-05 1.5836616512388e-05 1.60551371664042e-05 1.62736596394097e-05 1.6494601368322e-05 1.67227990459651e-05 1.69509985425975e-05 1.717919803923e-05 1.74073975358624e-05 1.76355952135054e-05 1.78637947101379e-05 1.80919942067703e-05 1.81390096258838e-05 1.81256309588207e-05 1.81122504727682e-05 1.80988718057051e-05 1.8085493138642e-05 1.8072114471579e-05 1.80587358045159e-05 1.79204271262279e-05 1.74073320522439e-05 1.68942369782599e-05 1.63811400852865e-05 1.58680450113025e-05 1.53549499373185e-05 1.48418548633344e-05 1.43287588798557e-05 1.38121531563229e-05 1.32943760036142e-05 1.27765997604001e-05 1.22588226076914e-05 1.17410463644774e-05 1.12232692117686e-05 1.07054929685546e-05 1.02945405160426e-05 1.02040603451314e-05 1.0113581083715e-05 1.00231009128038e-05
1.48360331877484e-05 1.50483974721283e-05 1.52607626660028e-05 1.54731278598774e-05 1.5685493053752e-05 1.58978564286372e-05 1.61102216225117e-05 1.63324275490595e-05 1.6584161130595e-05 1.68358928931411e-05 1.70876246556873e-05 1.73393564182334e-05 1.75910899997689e-05 1.7842821762315e-05 1.80945535248611e-05 1.81720661203144e-05 1.81915074790595e-05 1.82109470188152e-05 1.82303865585709e-05 1.8249827917316e-05 1.82692674570717e-05 1.82887069968274e-05 1.81727700692136e-05 1.76507001015125e-05 1.7128628314822e-05 1.66065583471209e-05 1.60844865604304e-05 1.55624165927293e-05 1.50403457155335e-05 1.45182748383377e-05 1.39897956614732e-05 1.34591809910489e-05 1.29285663206247e-05 1.23979516502004e-05 1.18673369797762e-05 1.13367223093519e-05 1.08061076389276e-05 1.03863749245647e-05 1.02992880783859e-05 1.02122003227123e-05 1.01251134765334e-05
1.46856818901142e-05 1.48968438224983e-05 1.51080057548825e-05 1.53191667777719e-05 1.55303296196507e-05 1.57414906425402e-05 1.59526516654296e-05 1.61786629178096e-05 1.6449219401693e-05 1.67197777045658e-05 1.69903341884492e-05 1.7260892491322e-05 1.75314489752054e-05 1.78020054590888e-05 1.80725637619616e-05 1.81792020157445e-05 1.82312014658237e-05 1.82832009159029e-05 1.8335200365982e-05 1.83871998160612e-05 1.84392010851298e-05 1.84912005352089e-05 1.83951688086381e-05 1.78550471900962e-05 1.73149237525649e-05 1.6774802134023e-05 1.62346786964918e-05 1.56945570779499e-05 1.51544336404186e-05 1.4614311112382e-05 1.40791398735018e-05 1.35456184580107e-05 1.30120970425196e-05 1.24785765365232e-05 1.19450551210321e-05 1.14115337055409e-05 1.08780122900498e-05 1.04575246950844e-05 1.03761385616963e-05 1.02947524283081e-05 1.021336629492e-05
1.453533059248e-05 1.47452892633737e-05 1.49552479342674e-05 1.51652066051611e-05 1.53751661855495e-05 1.55851248564431e-05 1.57950835273368e-05 1.60248982865596e-05 1.63142794917803e-05 1.66036625159904e-05 1.68930437212111e-05 1.71824267454213e-05 1.7471807950642e-05 1.77611909748521e-05 1.80505721800728e-05 1.81863379111746e-05 1.82708972715773e-05 1.83554548129905e-05 1.84400141733931e-05 1.85245735337958e-05 1.86091328941984e-05 1.8693692254601e-05 1.86175675480627e-05 1.805939427868e-05 1.75012191903079e-05 1.69430459209252e-05 1.63848708325531e-05 1.58266975631705e-05 1.52685224747984e-05 1.4710348295921e-05 1.41684840855305e-05 1.36320559249725e-05 1.30956286739092e-05 1.25592005133512e-05 1.20227723527933e-05 1.148634510173e-05 1.0949916941172e-05 1.05286744656041e-05 1.04529890450067e-05 1.03773036244093e-05 1.03016182038118e-05
1.43849802043405e-05 1.45937356137438e-05 1.4802491023147e-05 1.50112464325503e-05 1.52200027514482e-05 1.54287590703461e-05 1.56375135702547e-05 1.58711318363203e-05 1.61793395818677e-05 1.64875473274151e-05 1.67957532539731e-05 1.71039609995205e-05 1.74121669260785e-05 1.77203746716259e-05 1.80285824171733e-05 1.81934719876153e-05 1.83105912583414e-05 1.84277105290676e-05 1.85448279808043e-05 1.86619472515304e-05 1.87790647032671e-05 1.88961839739932e-05 1.88399662874872e-05 1.82637413672637e-05 1.76875146280508e-05 1.71112897078274e-05 1.65350629686145e-05 1.5958838048391e-05 1.53826113091782e-05 1.480638547946e-05 1.42578282975592e-05 1.3718494301429e-05 1.31791593958042e-05 1.26398244901793e-05 1.21004904940492e-05 1.15611555884243e-05 1.10218215922941e-05 1.05998242361238e-05 1.05298404378118e-05 1.04598557300051e-05 1.03898710221983e-05
1.42346289067063e-05 1.44421810546191e-05 1.46497341120266e-05 1.48572862599394e-05 1.50648393173469e-05 1.52723914652597e-05 1.54799454321619e-05 1.57173672050703e-05 1.6044399671955e-05 1.63714303198503e-05 1.6698462786735e-05 1.70254952536197e-05 1.73525277205044e-05 1.76795601873891e-05 1.80065908352844e-05 1.82006078830454e-05 1.83502852451056e-05 1.84999644261552e-05 1.86496417882154e-05 1.87993191502756e-05 1.89489983313251e-05 1.90986756933853e-05 1.90623650269117e-05 1.84680884558475e-05 1.78738100657938e-05 1.72795334947295e-05 1.66852551046759e-05 1.60909785336116e-05 1.5496700143558e-05 1.4902422662999e-05 1.43471725095878e-05 1.38049317683908e-05 1.32626901176991e-05 1.27204493765021e-05 1.21782086353051e-05 1.16359669846133e-05 1.10937262434163e-05 1.06709740066435e-05 1.06066909211222e-05 1.05424078356009e-05 1.04781238405849e-05
1.40842776090722e-05 1.42906274049892e-05 1.44969772009063e-05 1.47033260873286e-05 1.49096758832457e-05 1.51160256791627e-05 1.53223754750798e-05 1.55636025738204e-05 1.5909457943053e-05 1.6255315131275e-05 1.6601172319497e-05 1.6947029507719e-05 1.7292886695941e-05 1.7638743884163e-05 1.7984601072385e-05 1.82077437784756e-05 1.83899810508592e-05 1.85722183232429e-05 1.87544555956265e-05 1.89366928680101e-05 1.91189301403938e-05 1.93011674127774e-05 1.92847637663363e-05 1.86724355444312e-05 1.80601055035368e-05 1.74477772816317e-05 1.68354472407373e-05 1.62231171998428e-05 1.56107889779378e-05 1.4998459846538e-05 1.44365167216165e-05 1.38913692353526e-05 1.33462217490887e-05 1.28010733533301e-05 1.22559258670663e-05 1.17107783808024e-05 1.11656308945385e-05 1.07421237771632e-05 1.06835414044326e-05 1.0624959031702e-05 1.05663766589714e-05
1.39788626256632e-05 1.41841674121679e-05 1.43894721986726e-05 1.45947769851773e-05 1.4800081771682e-05 1.50053865581867e-05 1.52106913446914e-05 1.54524841491366e-05 1.58037419168977e-05 1.61549996846588e-05 1.650625745242e-05 1.68575170391705e-05 1.72087748069316e-05 1.75600325746927e-05 1.79112903424539e-05 1.81592295120936e-05 1.8372729755356e-05 1.85862299986184e-05 1.87997284228913e-05 1.90132286661537e-05 1.92267289094161e-05 1.94402291526785e-05 1.9443634300842e-05 1.88167578016873e-05 1.81898831215221e-05 1.75630066223675e-05 1.69361301232129e-05 1.63092536240583e-05 1.56823771249037e-05 1.50555015352438e-05 1.44905070555978e-05 1.39461390062934e-05 1.34017709569889e-05 1.28574029076844e-05 1.231303485838e-05 1.17686668090755e-05 1.1224298759771e-05 1.08027379610576e-05 1.07496007331065e-05 1.06964635051554e-05 1.06433262772043e-05
1.39183830469847e-05 1.41228010761552e-05 1.43272200148203e-05 1.45316380439908e-05 1.47360560731613e-05 1.49404741023318e-05 1.5144893040997e-05 1.53840155689977e-05 1.57272497744998e-05 1.60704857989913e-05 1.64137200044934e-05 1.67569542099955e-05 1.71001902344869e-05 1.7443424439989e-05 1.77866586454911e-05 1.80550669028889e-05 1.82985313585959e-05 1.85419976332923e-05 1.87854620889993e-05 1.90289265447063e-05 1.92723928194027e-05 1.95158572751097e-05 1.95389766304288e-05 1.89010588655947e-05 1.82631411007605e-05 1.7625221516937e-05 1.69873037521029e-05 1.63493859872688e-05 1.57114664034452e-05 1.50735486386111e-05 1.45091426020372e-05 1.39692410812131e-05 1.34293386508944e-05 1.28894362205756e-05 1.23495346997515e-05 1.18096322694328e-05 1.12697307486087e-05 1.08528165583266e-05 1.08048689071438e-05 1.07569212559611e-05 1.07089736047783e-05
1.38579034683062e-05 1.40614356496371e-05 1.42649669214734e-05 1.44684991028043e-05 1.46720303746406e-05 1.48755625559716e-05 1.50790938278078e-05 1.53155451698694e-05 1.56507576321019e-05 1.59859700943343e-05 1.63211807375774e-05 1.66563931998098e-05 1.69916056620423e-05 1.73268163052853e-05 1.76620287675178e-05 1.79509042936843e-05 1.82243347808253e-05 1.84977652679663e-05 1.87711957551073e-05 1.90446262422483e-05 1.93180567293894e-05 1.95914872165304e-05 1.96343189600157e-05 1.89853581105126e-05 1.8336399079999e-05 1.76874382304959e-05 1.70384773809928e-05 1.63895165314898e-05 1.57405556819867e-05 1.50915957419784e-05 1.45277790579712e-05 1.39923422466381e-05 1.34569063447998e-05 1.29214704429614e-05 1.23860345411231e-05 1.18505986392847e-05 1.13151618279517e-05 1.09028951555956e-05 1.08601370811812e-05 1.08173790067667e-05 1.07746209323523e-05
1.37974238896277e-05 1.40000693136244e-05 1.42027147376211e-05 1.44053601616179e-05 1.46080055856146e-05 1.48106501001166e-05 1.50132955241133e-05 1.52470765897306e-05 1.5574265489704e-05 1.59014543896774e-05 1.62286432896508e-05 1.65558321896242e-05 1.68830210895976e-05 1.7210209989571e-05 1.7537397070555e-05 1.78467416844796e-05 1.81501382030547e-05 1.84535329026403e-05 1.87569294212153e-05 1.90603241208009e-05 1.9363720639376e-05 1.96671153389616e-05 1.97296612896025e-05 1.90696591744199e-05 1.84096570592374e-05 1.77496531250654e-05 1.70896510098828e-05 1.64296488947002e-05 1.57696449605282e-05 1.51096428453457e-05 1.45464146044105e-05 1.40154443215579e-05 1.34844740387052e-05 1.29535046653473e-05 1.24225343824946e-05 1.1891564099642e-05 1.13605938167893e-05 1.09529737528646e-05 1.09154052552185e-05 1.08778367575724e-05 1.08402682599262e-05
1.37369443109492e-05 1.39387029776117e-05 1.41404625537689e-05 1.43422212204314e-05 1.45439798870939e-05 1.47457385537564e-05 1.49474972204189e-05 1.51786080095917e-05 1.54977733473061e-05 1.58169386850204e-05 1.61361040227348e-05 1.64552693604492e-05 1.67744365171529e-05 1.70936018548673e-05 1.74127671925817e-05 1.7742579075275e-05 1.80759398062946e-05 1.84093005373143e-05 1.87426612683339e-05 1.90760219993535e-05 1.94093845493626e-05 1.97427452803822e-05 1.98250036191894e-05 1.91539584193379e-05 1.84829150384758e-05 1.78118698386243e-05 1.71408246387728e-05 1.64697794389213e-05 1.57987342390697e-05 1.51276899487129e-05 1.45650501508499e-05 1.40385463964776e-05 1.35120426421054e-05 1.29855379782384e-05 1.24590342238662e-05 1.19325295599992e-05 1.1406025805627e-05 1.10030523501337e-05 1.09706734292558e-05 1.0938294508378e-05 1.09059155875002e-05
1.36764647322707e-05 1.38773375510937e-05 1.40782094604219e-05 1.42790822792449e-05 1.44799541885732e-05 1.46808260979014e-05 1.48816989167244e-05 1.51101385199581e-05 1.54212812049082e-05 1.57324229803635e-05 1.60435665748082e-05 1.63547083502635e-05 1.66658519447083e-05 1.69769937201636e-05 1.72881354956189e-05 1.76384164660703e-05 1.8001743228524e-05 1.83650681719882e-05 1.87283949344419e-05 1.90917216968955e-05 1.94550466403598e-05 1.98183734028134e-05 1.99203459487762e-05 1.92382594832452e-05 1.85561730177142e-05 1.78740847331937e-05 1.71919982676627e-05 1.65099118021317e-05 1.58278235176113e-05 1.51457370520802e-05 1.45836866067839e-05 1.40616484713973e-05 1.35396103360108e-05 1.30175722006243e-05 1.24955340652377e-05 1.19734959298512e-05 1.14514577944647e-05 1.10531309474027e-05 1.10259416032932e-05 1.09987522591837e-05 1.09715629150742e-05
