resources/Exp000_Example-Run/Run01_M2/TimeSeries/1985/selection_set/hflux_avg.asc
NCOLS 265 
NROWS 230 
XLLCORNER -115.5625 
YLLCORNER 24.8333333333333 
CELLSIZE 0.0833333333333333 
NODATA_value -9999 
[rows 120 to 139 of 230, columns 138 to 183 of 265]
55.4051132202148 55.5987319946289 55.7923545837402 55.9859733581543 55.7362899780273 55.3388366699219 54.9413871765137 54.5439338684082 54.146484375 53.7490310668945 53.3515815734863 52.9419441223145 52.4957466125488 52.0495529174805 51.6033592224121 51.1571617126465 50.7109680175781 50.2647705078125 49.8185768127441 49.6247634887695 49.515079498291 49.4053955078125 49.295711517334 49.1860275268555 49.076343536377 48.9666557312012 48.9223899841309 49.0743751525879 49.2263603210449 49.378345489502 49.530330657959 49.682315826416 49.834300994873 49.9862861633301 50.1273918151855 50.2648696899414 50.4023475646973 50.5398254394531 50.677303314209 50.8147811889648 50.9522590637207 51.0003395080566 50.7802314758301 50.5601196289062 50.3400115966797 50.1199035644531
55.7224273681641 55.9640731811523 56.2057189941406 56.4473648071289 56.206916809082 55.8057746887207 55.4046325683594 55.0034866333008 54.6023445129395 54.2012023925781 53.8000564575195 53.3806228637695 52.906307220459 52.4319953918457 51.9576835632324 51.4833717346191 51.0090560913086 50.5347442626953 50.060432434082 49.8612785339355 49.753849029541 49.6464157104492 49.5389823913574 49.4315528869629 49.3241195678711 49.2166862487793 49.1845703125 49.3783988952637 49.5722236633301 49.7660522460938 49.9598808288574 50.1537094116211 50.3475341796875 50.5413627624512 50.6935348510742 50.8318176269531 50.9701042175293 51.1083908081055 51.2466735839844 51.3849601745605 51.5232467651367 51.5603141784668 51.2937316894531 51.0271453857422 50.7605628967285 50.4939804077148
56.039737701416 56.3294105529785 56.619083404541 56.9087524414062 56.677547454834 56.2727088928223 55.8678741455078 55.4630393981934 55.0582046508789 54.6533699035645 54.24853515625 53.8192977905273 53.3168678283691 52.8144378662109 52.3120079040527 51.8095779418945 51.3071479797363 50.8047180175781 50.3022880554199 50.0977935791016 49.9926147460938 49.8874359130859 49.7822570800781 49.6770782470703 49.5718994140625 49.4667205810547 49.4467506408691 49.6824226379395 49.9180908203125 50.1537590026855 50.3894271850586 50.6250991821289 50.860767364502 51.096435546875 51.2596740722656 51.3987655639648 51.5378608703613 51.6769523620605 51.816047668457 51.9551391601562 52.0942344665527 52.120288848877 51.8072319030762 51.4941711425781 51.1811141967773 50.8680572509766
56.3570518493652 56.694751739502 57.0324478149414 57.3701438903809 57.1481742858887 56.7396469116211 56.3311195373535 55.9225921630859 55.5140647888184 55.1055374145508 54.6970100402832 54.2579765319824 53.7274284362793 53.1968803405762 52.666332244873 52.1357841491699 51.6052360534668 51.0746917724609 50.5441436767578 50.3343086242676 50.2313842773438 50.1284561157227 50.0255317687988 49.9226036071777 49.8196754455566 49.7167510986328 49.7089309692383 49.986442565918 50.2639541625977 50.5414657592773 50.818977355957 51.0964889526367 51.3740005493164 51.6515121459961 51.825813293457 51.9657173156738 52.1056175231934 52.2455177307129 52.3854179382324 52.5253219604492 52.6652221679688 52.6802635192871 52.3207321166992 51.9611968994141 51.6016654968262 51.242130279541
56.6743659973145 57.0600891113281 57.4458122253418 57.8315353393555 57.6188011169434 57.2065811157227 56.7943649291992 56.3821449279785 55.9699249267578 55.5577049255371 55.1454849243164 54.6966552734375 54.1379890441895 53.5793228149414 53.0206604003906 52.4619941711426 51.9033279418945 51.3446617126465 50.7859954833984 50.5708236694336 50.4701499938965 50.3694763183594 50.2688026428223 50.1681289672852 50.067455291748 49.9667816162109 49.9711151123047 50.2904663085938 50.6098213195801 50.9291725158691 51.2485275268555 51.5678787231445 51.8872337341309 52.2065849304199 52.3919563293457 52.5326652526855 52.6733741760254 52.8140830993652 52.9547920227051 53.0955009460449 53.2362098693848 53.2402381896973 52.8342323303223 52.42822265625 52.022216796875 51.6162071228027
56.9916801452637 57.4254264831543 57.8591766357422 58.2929267883301 58.089427947998 57.6735191345215 57.2576065063477 56.8416976928711 56.4257850646973 56.0098724365234 55.5939636230469 55.1353340148926 54.5485496520996 53.9617691040039 53.3749847412109 52.788200378418 52.2014198303223 51.6146354675293 51.0278511047363 50.8073387145996 50.7089195251465 50.6104965209961 50.512077331543 50.4136543273926 50.3152351379395 50.2168121337891 50.2332954406738 50.5944900512695 50.9556846618652 51.3168792724609 51.6780738830566 52.0392723083496 52.4004669189453 52.761661529541 52.9580955505371 53.0996131896973 53.2411308288574 53.3826484680176 53.5241622924805 53.6656799316406 53.8071975708008 53.8002128601074 53.3477325439453 52.8952484130859 52.4427680969238 51.9902839660645
57.1289939880371 57.5998992919922 58.0708084106445 58.5417175292969 58.3550910949707 57.949291229248 57.5434875488281 57.1376876831055 56.7318840026855 56.3260841369629 55.920280456543 55.4670829772949 54.8717002868652 54.2763175964355 53.6809349060059 53.0855522155762 52.4901695251465 51.8947830200195 51.2994003295898 51.0754013061523 50.9751930236816 50.8749847412109 50.7747764587402 50.6745681762695 50.5743637084961 50.4741554260254 50.4985389709473 50.8966941833496 51.294849395752 51.6930084228516 52.0911636352539 52.4893226623535 52.8874778747559 53.2856330871582 53.4771690368652 53.5998306274414 53.7224922180176 53.8451538085938 53.9678153991699 54.0904769897461 54.2131385803223 54.183723449707 53.6980743408203 53.2124214172363 52.7267723083496 52.2411193847656
57.0863037109375 57.5835037231445 58.0807037353516 58.5779037475586 58.4157867431641 58.0338973999023 57.6520042419434 57.2701148986816 56.8882255554199 56.5063362121582 56.1244430541992 55.6919097900391 55.1074447631836 54.5229759216309 53.9385108947754 53.3540420532227 52.7695770263672 52.1851119995117 51.600643157959 51.3750038146973 51.268970489502 51.1629371643066 51.0569076538086 50.9508743286133 50.844841003418 50.7388076782227 50.7668418884277 51.1970825195312 51.6273193359375 52.0575561523438 52.48779296875 52.9180297851562 53.3482704162598 53.778507232666 53.9491729736328 54.033317565918 54.1174621582031 54.2016067504883 54.2857513427734 54.3698959350586 54.4540405273438 54.3907699584961 53.88525390625 53.3797416687012 52.8742256164551 52.3687133789062
57.0436172485352 57.5671081542969 58.0906028747559 58.6140937805176 58.4764823913574 58.1185035705566 57.7605247497559 57.4025459289551 57.044563293457 56.6865844726562 56.3286056518555 55.9167327880859 55.3431854248047 54.7696342468262 54.1960868835449 53.6225357055664 53.0489883422852 52.4754371643066 51.9018859863281 51.6746063232422 51.5627479553223 51.4508934020996 51.3390350341797 51.2271766662598 51.1153182983398 51.0034637451172 51.0351486206055 51.4974670410156 51.9597854614258 52.4221038818359 52.8844223022461 53.3467407226562 53.8090591430664 54.2713775634766 54.4211807250977 54.4668045043945 54.5124320983887 54.5580596923828 54.603687286377 54.6493110656738 54.694938659668 54.5978164672852 54.072437286377 53.547061920166 53.0216827392578 52.4963073730469
57.0009307861328 57.5507125854492 58.1004981994629 58.6502838134766 58.5371780395508 58.2031097412109 57.8690414428711 57.5349731445312 57.2009048461914 56.8668365478516 56.5327682495117 56.1415596008301 55.5789260864258 55.0162925720215 54.4536628723145 53.8910293579102 53.3283958435059 52.7657623291016 52.2031288146973 51.9742088317871 51.8565292358398 51.7388458251953 51.6211624145508 51.5034790039062 51.385799407959 51.2681159973145 51.3034553527832 51.7978515625 52.2922515869141 52.7866516113281 53.2810516357422 53.7754516601562 54.2698516845703 54.7642517089844 54.8931846618652 54.9002914428711 54.9074020385742 54.9145126342773 54.9216194152832 54.9287300109863 54.9358406066895 54.804859161377 54.2596206665039 53.7143821716309 53.1691398620605 52.6239013671875
56.9582405090332 57.5343170166016 58.1103935241699 58.6864700317383 58.5978736877441 58.2877159118652 57.9775581359863 57.6674003601074 57.3572463989258 57.0470886230469 56.736930847168 56.366382598877 55.8146667480469 55.2629508972168 54.7112350463867 54.1595191955566 53.6078033447266 53.0560874938965 52.5043716430664 52.2738151550293 52.1503067016602 52.026798248291 51.9032936096191 51.77978515625 51.6562767028809 51.5327682495117 51.5717582702637 52.0982398986816 52.6247215270996 53.1511993408203 53.6776809692383 54.2041625976562 54.7306442260742 55.2571258544922 55.3651885986328 55.3337783813477 55.3023719787598 55.2709617614746 55.2395553588867 55.2081451416016 55.1767387390137 55.011905670166 54.4468040466309 53.8817024230957 53.3165969848633 52.7514953613281
56.9155540466309 57.5179214477539 58.1202926635742 58.7226600646973 58.6585693359375 58.3723220825195 58.0860748291016 57.7998313903809 57.5135841369629 57.2273368835449 56.9410934448242 56.5912094116211 56.0504112243652 55.5096092224121 54.9688110351562 54.4280128479004 53.8872146606445 53.3464164733887 52.8056182861328 52.5734176635742 52.4440841674805 52.314754486084 52.1854209899902 52.0560874938965 51.9267539978027 51.7974243164062 51.8400650024414 52.398624420166 52.9571876525879 53.5157508850098 54.0743103027344 54.6328735351562 55.1914329528809 55.7499961853027 55.8371925354004 55.7672653198242 55.6973419189453 55.6274147033691 55.557487487793 55.4875640869141 55.4176368713379 55.2189521789551 54.6339874267578 54.0490226745605 53.464054107666 52.8790893554688
56.9844741821289 57.5835380554199 58.1826019287109 58.781665802002 58.7384414672852 58.4811134338379 58.2237892150879 57.9664649963379 57.7091369628906 57.4518127441406 57.1944885253906 56.8727760314941 56.3578948974609 55.843017578125 55.3281364440918 54.8132591247559 54.2983818054199 53.7835006713867 53.2686233520508 53.031681060791 52.8873863220215 52.743091583252 52.5987968444824 52.4545021057129 52.3102073669434 52.1659126281738 52.1977005004883 52.7577323913574 53.3177642822266 53.8777961730957 54.4378280639648 54.997859954834 55.5578918457031 56.1179237365723 56.1886711120605 56.0963287353516 56.0039825439453 55.9116401672363 55.8192939758301 55.7269515991211 55.6346054077148 55.4221839904785 54.8495292663574 54.2768745422363 53.7042198181152 53.1315650939941
57.1650009155273 57.7311630249023 58.2973289489746 58.8634910583496 58.8374862670898 58.6140899658203 58.390697479248 58.1673011779785 57.9439086914062 57.7205123901367 57.4971160888672 57.2110824584961 56.7371253967285 56.2631721496582 55.7892150878906 55.3152618408203 54.8413047790527 54.3673477172852 53.8933944702148 53.648609161377 53.4802131652832 53.3118171691895 53.1434211730957 52.975025177002 52.8066291809082 52.6382369995117 52.644660949707 53.1755523681641 53.7064437866211 54.2373352050781 54.7682266235352 55.2991180419922 55.8300094604492 56.3609008789062 56.4196281433105 56.3209609985352 56.222297668457 56.1236343383789 56.0249710083008 55.9263038635254 55.8276405334473 55.6216011047363 55.093433380127 54.5652618408203 54.0370941162109 53.5089225769043
57.3455276489258 57.878791809082 58.412052154541 58.9453163146973 58.9365348815918 58.7470703125 58.5576057434082 58.3681411743164 58.1786766052246 57.9892120361328 57.799747467041 57.5493927001953 57.1163597106934 56.6833267211914 56.2502937316895 55.8172607421875 55.3842277526855 54.9511947631836 54.5181617736816 54.2655334472656 54.0730361938477 53.880542755127 53.688045501709 53.4955520629883 53.3030548095703 53.1105575561523 53.091625213623 53.593376159668 54.0951271057129 54.5968780517578 55.0986289978027 55.6003799438477 56.1021308898926 56.6038818359375 56.6505813598633 56.545597076416 56.4406127929688 56.3356285095215 56.2306442260742 56.125659942627 56.0206756591797 55.8210182189941 55.3373336791992 54.8536491394043 54.3699645996094 53.8862800598145
57.5260581970215 58.0264167785645 58.5267791748047 59.0271415710449 59.0355796813965 58.8800468444824 58.7245140075684 58.568977355957 58.413444519043 58.2579116821289 58.1023750305176 57.8876991271973 57.4955902099609 57.1034812927246 56.7113723754883 56.3192596435547 55.9271507263184 55.535041809082 55.1429328918457 54.8824577331543 54.6658630371094 54.4492683410645 54.2326698303223 54.0160751342773 53.7994804382324 53.5828819274902 53.5385894775391 54.0111999511719 54.4838104248047 54.9564208984375 55.4290313720703 55.9016418457031 56.3742485046387 56.8468589782715 56.881534576416 56.7702331542969 56.6589279174805 56.5476226806641 56.4363212585449 56.3250160217285 56.2137145996094 56.020435333252 55.5812377929688 55.1420364379883 54.7028388977051 54.2636375427246
57.7065849304199 58.1740455627441 58.6415023803711 59.1089630126953 59.1346282958984 59.0130233764648 58.8914184570312 58.7698173522949 58.6482124328613 58.526611328125 58.4050064086914 58.2260055541992 57.8748207092285 57.5236358642578 57.1724472045898 56.8212623596191 56.4700775146484 56.1188888549805 55.7677040100098 55.4993858337402 55.2586898803711 55.0179901123047 54.7772941589355 54.5365982055664 54.2959022521973 54.0552062988281 53.9855499267578 54.4290199279785 54.8724899291992 55.3159599304199 55.7594299316406 56.2028999328613 56.646369934082 57.0898399353027 57.112491607666 56.9948654174805 56.8772430419922 56.7596206665039 56.6419944763184 56.5243721008301 56.4067497253418 56.2198524475098 55.825138092041 55.4304237365723 55.0357093811035 54.640998840332
57.8871116638184 58.3216705322266 58.7562294006348 59.190788269043 59.2336730957031 59.1459999084473 59.0583267211914 58.9706535339355 58.8829803466797 58.7953071594238 58.707633972168 58.5643157958984 58.2540512084961 57.943790435791 57.6335258483887 57.3232612609863 57.0130004882812 56.7027359008789 56.3924751281738 56.1163101196289 55.8515129089355 55.5867156982422 55.3219184875488 55.0571250915527 54.7923278808594 54.527530670166 54.4325141906738 54.8468437194824 55.261173248291 55.6755027770996 56.0898323059082 56.5041618347168 56.9184913635254 57.332820892334 57.3434448242188 57.2195014953613 57.0955581665039 56.9716148376465 56.8476715087891 56.7237281799316 56.5997848510742 56.4192695617676 56.0690422058105 55.7188110351562 55.3685836791992 55.0183563232422
58.0718307495117 58.4551887512207 58.838550567627 59.2219085693359 59.2777290344238 59.2243728637695 59.171012878418 59.1176567077637 59.0642967224121 59.0109405517578 58.9575843811035 58.8468551635742 58.5640182495117 58.2811813354492 57.9983444213867 57.7155075073242 57.4326705932617 57.149829864502 56.8669929504395 56.596622467041 56.3304061889648 56.0641899108887 55.7979736328125 55.5317573547363 55.2655410766602 54.999324798584 54.8991546630859 55.297119140625 55.6950836181641 56.0930442810059 56.4910087585449 56.888973236084 57.286937713623 57.6848983764648 57.6867408752441 57.5565376281738 57.4263343811035 57.2961311340332 57.1659317016602 57.0357284545898 56.9055252075195 56.7245597839355 56.3913040161133 56.0580444335938 55.7247886657715 55.391529083252
58.2607421875 58.5746040344238 58.8884658813477 59.2023277282715 59.2667961120605 59.2481384277344 59.2294807434082 59.210823059082 59.1921653747559 59.1735038757324 59.1548461914062 59.0736274719238 58.8047180175781 58.5358085632324 58.2668991088867 57.997989654541 57.7290840148926 57.4601745605469 57.1912651062012 56.9403228759766 56.695369720459 56.4504127502441 56.2054595947266 55.9605026245117 55.7155494689941 55.4705963134766 55.3854713439941 55.7798461914062 56.1742172241211 56.5685920715332 56.962963104248 57.3573341369629 57.751708984375 58.1460800170898 58.1423759460449 58.005973815918 57.8695755004883 57.7331733703613 57.5967750549316 57.460376739502 57.323974609375 57.1357231140137 56.7919235229492 56.4481239318848 56.1043243408203 55.7605247497559
