resources/Exp000_Example-Run/Run01_M2/TimeSeries/1985/selection_set/hflux_avg.asc
NCOLS 265 
NROWS 230 
XLLCORNER -115.5625 
YLLCORNER 24.8333333333333 
CELLSIZE 0.0833333333333333 
NODATA_value -9999 
[rows 160 to 179 of 230, columns 0 to 45 of 265]
93.4832534790039 90.4688262939453 87.4544067382812 84.4399795532227 81.4255599975586 78.4111404418945 75.3967132568359 68.9357986450195 61.3260459899902 53.7162971496582 46.1065444946289 38.4967956542969 -9999 -9999 -9999 -9999 -9999 -9999 -9999 -9999 -9999 -9999 -9999 -9999 -9999 -9999 -9999 -9999 -9999 -9999 39.0607299804688 43.2778625488281 47.4949951171875 51.7121276855469 55.9292602539062 60.1463890075684 64.363525390625 65.6202239990234 65.8901138305664 66.1600112915039 66.4299011230469 66.6997985839844 66.9696884155273 67.2395782470703 67.3802185058594 67.1330795288086
93.330451965332 90.6305999755859 87.9307556152344 85.2309112548828 82.5310668945312 79.8312225341797 77.1313781738281 70.7357788085938 63.1082725524902 55.4807624816895 47.8532524108887 40.2257423400879 -9999 -9999 -9999 -9999 -9999 -9999 -9999 -9999 -9999 -9999 -9999 -9999 -9999 -9999 -9999 -9999 -9999 -9999 -9999 42.0826416015625 46.4549140930176 50.8271865844727 55.1994552612305 59.5717277526855 63.9439964294434 65.3067474365234 65.6663208007812 66.0259017944336 66.3854751586914 66.7450561523438 67.1046295166016 67.4642105102539 67.6548309326172 67.3385696411133
92.3725357055664 90.1242828369141 87.8760375976562 85.6277847290039 83.3795318603516 81.1312789916992 78.8830337524414 72.6877899169922 65.1768798828125 57.6659736633301 50.1550636291504 42.644157409668 -9999 -9999 -9999 -9999 -9999 -9999 -9999 -9999 -9999 -9999 -9999 -9999 -9999 -9999 -9999 -9999 -9999 -9999 -9999 -9999 44.9246520996094 49.4669418334961 54.0092315673828 58.5515213012695 63.0938110351562 64.6206283569336 65.1422882080078 65.663948059082 66.1856155395508 66.707275390625 67.2289352416992 67.7505950927734 68.0533752441406 67.6995086669922
90.6095123291016 88.9498748779297 87.2902374267578 85.6305923461914 83.9709548950195 82.3113174438477 80.6516799926758 74.7918167114258 67.5318756103516 60.2719306945801 53.0119895935059 45.7520446777344 -9999 -9999 -9999 -9999 -9999 -9999 -9999 -9999 -9999 -9999 -9999 -9999 -9999 -9999 -9999 -9999 -9999 -9999 -9999 -9999 42.9042091369629 47.6313972473145 52.358585357666 57.0857734680176 61.8129615783691 63.5618667602539 64.3180160522461 65.0741577148438 65.8303070068359 66.5864486694336 67.3425903320312 68.0987396240234 68.5758590698242 68.2158889770508
88.8464813232422 87.7754592895508 86.7044372558594 85.6334075927734 84.562385559082 83.4913558959961 82.4203338623047 76.8958435058594 69.8868637084961 62.8778877258301 55.8689117431641 48.8599319458008 -9999 -9999 -9999 -9999 -9999 -9999 -9999 -9999 -9999 -9999 -9999 -9999 -9999 -9999 -9999 -9999 -9999 -9999 -9999 -9999 40.8837661743164 45.7958526611328 50.7079391479492 55.6200294494629 60.5321159362793 62.5031089782715 63.4937362670898 64.4843673706055 65.4749984741211 66.4656219482422 67.4562530517578 68.4468841552734 69.0983352661133 68.7322692871094
87.0834579467773 86.6010437011719 86.1186370849609 85.6362228393555 85.15380859375 84.6713943481445 84.1889801025391 78.999870300293 72.2418594360352 65.4838485717773 58.7258338928223 51.9678230285645 -9999 -9999 -9999 -9999 -9999 -9999 -9999 -9999 -9999 -9999 -9999 -9999 -9999 -9999 -9999 -9999 -9999 -9999 -9999 -9999 38.8633270263672 43.9603118896484 49.0572967529297 54.1542816162109 59.2512664794922 61.4443473815918 62.6694602966309 63.8945732116699 65.1196899414062 66.3448028564453 67.5699157714844 68.7950286865234 69.6208190917969 69.2486572265625
85.3204345703125 85.4266357421875 85.5328369140625 85.639030456543 85.745231628418 85.851432800293 85.957633972168 81.1038970947266 74.5968475341797 68.0898056030273 61.5827560424805 55.0757102966309 -9999 -9999 -9999 -9999 -9999 -9999 -9999 -9999 -9999 -9999 -9999 -9999 -9999 -9999 -9999 -9999 -9999 -9999 -9999 -9999 36.8428840637207 42.1247673034668 47.4066505432129 52.688533782959 57.9704170227051 60.3855857849121 61.8451843261719 63.3047828674316 64.7643814086914 66.2239761352539 67.6835708618164 69.1431732177734 70.1433029174805 69.7650375366211
83.5574111938477 84.2522201538086 84.9470367431641 85.641845703125 86.3366546630859 87.0314712524414 87.7262802124023 83.2079238891602 76.9518432617188 70.6957626342773 64.4396820068359 58.1835975646973 -9999 -9999 -9999 -9999 -9999 -9999 -9999 -9999 -9999 -9999 -9999 -9999 -9999 -9999 -9999 -9999 -9999 -9999 -9999 -9999 -9999 40.2892227172852 45.7560043334961 51.222785949707 56.6895713806152 59.3268280029297 61.0209083557129 62.7149887084961 64.4090728759766 66.1031494140625 67.797233581543 69.4913177490234 70.6657867431641 70.2814178466797
77.9769515991211 79.555793762207 81.1346282958984 82.7134628295898 84.2923049926758 85.8711395263672 87.4499740600586 83.6550750732422 78.0689315795898 72.482780456543 66.8966369628906 61.310489654541 55.7243423461914 50.1381950378418 -9999 -9999 -9999 -9999 -9999 -9999 -9999 -9999 -9999 -9999 -9999 -9999 -9999 -9999 -9999 -9999 -9999 -9999 -9999 -9999 43.8692436218262 49.2357406616211 54.6022338867188 57.4089851379395 59.362491607666 61.3159980773926 63.2695007324219 65.2230072021484 67.176513671875 69.130012512207 70.5099639892578 70.1692504882812
68.5790710449219 71.3373413085938 74.0956192016602 76.853889465332 79.6121673583984 82.3704376220703 85.1287155151367 82.4453506469727 77.948112487793 73.4508666992188 68.9536285400391 64.4563827514648 59.9591407775879 55.4618988037109 50.9776611328125 -9999 -9999 -9999 -9999 -9999 -9999 -9999 -9999 -9999 -9999 -9999 -9999 -9999 -9999 -9999 -9999 -9999 -9999 -9999 -9999 46.7273902893066 51.7084121704102 54.6320686340332 56.8699340820312 59.1078033447266 61.3456726074219 63.5835380554199 65.821403503418 68.0592727661133 69.6758422851562 69.4285202026367
59.1811866760254 63.118896484375 67.0566101074219 70.9943161010742 74.9320297241211 78.869743347168 82.8074493408203 81.2356262207031 77.8272857666016 74.4189529418945 71.010612487793 67.6022796630859 64.1939392089844 60.7855987548828 57.0937995910645 52.5516128540039 48.0094261169434 -9999 -9999 -9999 -9999 -9999 -9999 -9999 -9999 -9999 -9999 -9999 -9999 -9999 -9999 -9999 -9999 -9999 -9999 44.2190399169922 48.8145904541016 51.8551483154297 54.3773803710938 56.8996086120605 59.4218406677246 61.9440727233887 64.4663009643555 66.9885330200195 68.8417205810547 68.6877975463867
49.7833023071289 54.9004516601562 60.0175971984863 65.1347503662109 70.2518920898438 75.3690414428711 80.4861907958984 80.0259017944336 77.7064666748047 75.3870391845703 73.0676040649414 70.7481689453125 68.4287338256836 66.1093063354492 63.2099380493164 58.5707817077637 53.9316253662109 49.2924690246582 -9999 -9999 -9999 -9999 -9999 -9999 -9999 -9999 -9999 -9999 -9999 -9999 -9999 -9999 -9999 -9999 -9999 -9999 45.920768737793 49.0782318115234 51.884822845459 54.6914176940918 57.4980087280273 60.3046035766602 63.111198425293 65.9177932739258 68.0075988769531 67.9470748901367
-9999 46.6820030212402 52.978588104248 59.2751731872559 65.5717620849609 71.8683471679688 78.1649322509766 78.8161773681641 77.5856475830078 76.3551177978516 75.1245956420898 73.8940658569336 72.6635360717773 71.4330062866211 69.3260803222656 64.5899505615234 59.8538246154785 55.1176986694336 50.3815765380859 45.645450592041 -9999 -9999 -9999 -9999 -9999 -9999 -9999 -9999 -9999 -9999 -9999 -9999 -9999 -9999 -9999 -9999 43.0269470214844 46.3013114929199 49.3922691345215 52.4832229614258 55.5741806030273 58.6651344299316 61.7560920715332 64.8470458984375 67.1734848022461 67.2063522338867
-9999 -9999 -9999 53.415599822998 60.8916206359863 68.3676452636719 75.8436660766602 77.6064529418945 77.4648284912109 77.3232040405273 77.1815795898438 77.0399551391602 76.8983306884766 76.756706237793 75.4422149658203 70.6091232299805 65.7760238647461 60.942928314209 56.1098365783691 51.276741027832 46.4436454772949 -9999 -9999 34.5216102600098 31.1612300872803 27.8008499145508 -9999 -9999 -9999 -9999 -9999 -9999 -9999 -9999 -9999 -9999 40.1331214904785 43.5243949890137 46.8997116088867 50.275032043457 53.6503486633301 57.0256690979004 60.4009857177734 63.7763061523438 66.3393630981445 66.4656295776367
-9999 -9999 -9999 -9999 54.4640655517578 61.9794578552246 69.4948501586914 72.1581420898438 73.2040710449219 74.25 75.2959213256836 76.3418502807617 77.3877792358398 78.433708190918 78.1195449829102 73.7251052856445 69.3306732177734 64.9362335205078 60.5417976379395 56.1473617553711 51.7529258728027 -9999 -9999 39.2745361328125 35.2829093933105 31.2912826538086 27.2996559143066 -9999 -9999 -9999 -9999 -9999 -9999 -9999 -9999 -9999 -9999 41.3693580627441 44.9372444152832 48.5051307678223 52.0730171203613 55.6409034729004 59.2087898254395 62.7766761779785 65.5025863647461 65.7025527954102
-9999 -9999 -9999 -9999 -9999 -9999 -9999 62.4712409973145 64.8033676147461 67.135498046875 69.4676208496094 71.7997512817383 74.1318740844727 76.4640045166016 77.3580627441406 73.9379119873047 70.5177612304688 67.0976104736328 63.6774635314941 60.2573165893555 56.8371658325195 53.4170188903809 49.1726150512695 44.6534652709961 40.1343154907227 35.615161895752 31.0960121154785 26.5768604278564 22.0577087402344 -9999 -9999 -9999 -9999 -9999 -9999 -9999 -9999 -9999 43.5048637390137 47.1735229492188 50.8421821594238 54.5108451843262 58.1795043945312 61.8481674194336 64.6631546020508 64.9171295166016
-9999 -9999 -9999 -9999 -9999 -9999 -9999 -9999 56.4026679992676 60.0209922790527 63.6393203735352 67.2576446533203 70.8759689331055 74.4943008422852 76.5965805053711 74.1507186889648 71.7048568725586 69.2589950561523 66.8131332397461 64.3672714233398 61.9214096069336 59.4755477905273 55.0790748596191 50.032398223877 -9999 39.9390449523926 34.8923683166504 29.8456897735596 24.7990131378174 21.4960708618164 -9999 -9999 -9999 -9999 -9999 -9999 -9999 38.3030471801758 42.0724792480469 45.8419151306152 49.6113510131836 53.380786895752 57.150218963623 60.9196548461914 63.8237266540527 64.131706237793
-9999 -9999 -9999 -9999 -9999 -9999 -9999 -9999 -9999 52.9064903259277 57.8110160827637 62.7155418395996 67.6200714111328 72.5245971679688 75.8350982666016 74.3635177612305 72.8919448852539 71.4203720092773 69.9487991333008 68.4772262573242 67.0056457519531 65.5340728759766 60.9855308532715 55.4113273620605 -9999 -9999 38.688720703125 33.1145210266113 27.5403175354004 23.7099189758301 -9999 -9999 -9999 -9999 -9999 -9999 33.5169830322266 36.769889831543 40.6400985717773 44.5103073120117 48.3805160522461 52.2507247924805 56.1209335327148 59.9911422729492 62.9842948913574 63.3462829589844
-9999 -9999 -9999 -9999 -9999 -9999 -9999 -9999 -9999 -9999 -9999 58.1734390258789 64.3641662597656 70.5548934936523 75.073616027832 74.5763244628906 74.0790405273438 73.5817489624023 73.0844650268555 72.5871810913086 72.0898895263672 71.5926055908203 66.8919830322266 60.7902603149414 -9999 -9999 -9999 36.3833503723145 30.2816219329834 -9999 -9999 -9999 -9999 -9999 -9999 31.1663036346436 32.0400581359863 35.2367362976074 39.2077178955078 43.1786994934082 47.1496810913086 51.1206665039062 55.0916481018066 59.062629699707 62.1448669433594 62.5608596801758
-9999 -9999 -9999 -9999 -9999 -9999 -9999 -9999 -9999 -9999 -9999 -9999 61.1082611083984 68.5851898193359 74.3121337890625 74.7891311645508 75.2661285400391 75.7431335449219 76.2201309204102 76.6971282958984 77.1741333007812 77.6511306762695 72.7984390258789 66.169189453125 59.5399360656738 52.9106864929199 -9999 -9999 -9999 -9999 -9999 -9999 -9999 -9999 -9999 30.2166328430176 30.5631370544434 33.7035789489746 37.7753372192383 41.8470916748047 -9999 49.9906044006348 54.0623626708984 58.1341171264648 61.3054351806641 61.7754364013672
