resources/Exp000_Example-Run/Run01_M2/TimeSeries/1985/selection_set/hflux_avg.asc
NCOLS 265 
NROWS 230 
XLLCORNER -115.5625 
YLLCORNER 24.8333333333333 
CELLSIZE 0.0833333333333333 
NODATA_value -9999 
[rows 180 to 199 of 230, columns 46 to 91 of 265]
59.8197898864746 60.7475433349609 61.6752967834473 62.6030464172363 63.5307998657227 64.4585494995117 65.5458602905273 66.6863555908203 67.8268508911133 68.9673461914062 70.1078491210938 71.2483444213867 72.3888397216797 73.1186828613281 72.6165924072266 72.114501953125 71.6124114990234 71.1103210449219 70.6082305908203 70.1061401367188 69.6040496826172 69.3984603881836 69.2917022705078 69.1849365234375 69.0781784057617 68.9714202880859 68.8646621704102 68.7578964233398 68.7692794799805 69.1350860595703 69.5008850097656 69.8666915893555 70.2324905395508 70.5982971191406 70.9641036987305 71.3299026489258 71.5043563842773 71.6150207519531 71.7256851196289 71.8363494873047 71.9470138549805 72.0576782226562 72.1683502197266 71.9692001342773 70.8406066894531 69.7120208740234
55.6999206542969 57.4891700744629 59.2784233093262 61.0676727294922 62.8569259643555 64.6461791992188 65.927001953125 67.0383605957031 68.1497116088867 69.2610626220703 70.3724212646484 71.483772277832 72.5951232910156 73.2913436889648 72.7421646118164 72.192985534668 71.6438064575195 71.0946273803711 70.5454483032227 69.9962692260742 69.4470901489258 69.2168197631836 69.0928573608398 68.9688949584961 68.8449249267578 68.7209625244141 68.5970001220703 68.473030090332 68.489372253418 68.926628112793 69.363883972168 69.801139831543 70.238395690918 70.675651550293 71.112907409668 71.550163269043 71.72607421875 71.8148651123047 71.9036560058594 71.9924468994141 72.0812301635742 72.1700210571289 72.2588119506836 72.0596923828125 70.9968566894531 69.9340209960938
51.5800514221191 54.2308006286621 56.8815498352051 59.532299041748 62.183048248291 64.8338012695312 66.3081436157227 67.3903579711914 68.4725723266602 69.5547790527344 70.6369934082031 71.7192077636719 72.8014144897461 73.4640045166016 72.8677368164062 72.2714691162109 71.6752014160156 71.0789337158203 70.482666015625 69.8863983154297 69.2901306152344 69.0351867675781 68.8940200805664 68.7528457641602 68.6116790771484 68.4705047607422 68.3293380737305 68.1881637573242 68.2094650268555 68.7181777954102 69.2268829345703 69.735595703125 70.2443008422852 70.7530136108398 71.26171875 71.7704315185547 71.9477920532227 72.0147094726562 72.0816192626953 72.1485366821289 72.215446472168 72.2823638916016 72.3492813110352 72.1501922607422 71.1531066894531 70.1560211181641
47.4601783752441 50.9724273681641 54.484676361084 57.9969253540039 61.5091743469238 65.0214233398438 66.6892852783203 67.7423553466797 68.7954254150391 69.8484954833984 70.9015655517578 71.9546356201172 73.0077056884766 73.6366653442383 72.9933090209961 72.3499526977539 71.7065963745117 71.0632400512695 70.4198837280273 69.7765274047852 69.133171081543 68.8535537719727 68.6951751708984 68.5367965698242 68.3784255981445 68.2200469970703 68.0616760253906 67.9032974243164 67.929557800293 68.5097198486328 69.0898818969727 69.6700439453125 70.2502059936523 70.8303680419922 71.410530090332 71.9906921386719 72.1695098876953 72.2145538330078 72.2595901489258 72.3046264648438 72.3496627807617 72.3947067260742 72.4397430419922 72.2406921386719 71.3093566894531 70.3780212402344
43.3403091430664 47.714054107666 52.0878028869629 56.4615516662598 60.8353004455566 65.2090454101562 67.070426940918 68.0943603515625 69.1182861328125 70.1422119140625 71.1661376953125 72.190071105957 73.213996887207 73.809326171875 73.1188812255859 72.4284362792969 71.7379913330078 71.0475463867188 70.3571014404297 69.6666564941406 68.9762115478516 68.6719131469727 68.4963302612305 68.3207550048828 68.1451721191406 67.9695892333984 67.7940139770508 67.6184310913086 67.6496505737305 68.30126953125 68.952880859375 69.6044998168945 70.2561111450195 70.9077224731445 71.5593414306641 72.2109527587891 72.3912353515625 72.4143981933594 72.4375610351562 72.4607238769531 72.48388671875 72.5070495605469 72.5302124023438 72.331184387207 71.4656066894531 70.6000213623047
39.2204360961914 44.4556846618652 49.6909294128418 54.9261779785156 60.1614227294922 65.3966751098633 67.4515686035156 68.4463577270508 69.4411468505859 70.4359283447266 71.4307174682617 72.4254989624023 73.4202880859375 73.9819869995117 73.2444534301758 72.5069198608398 71.7693862915039 71.031852722168 70.294319152832 69.5567855834961 68.8192520141602 68.4902801513672 68.297492980957 68.1047058105469 67.9119186401367 67.7191390991211 67.5263519287109 67.3335647583008 67.369743347168 68.0928115844727 68.8158798217773 69.538948059082 70.2620162963867 70.9850845336914 71.7081527709961 72.4312210083008 72.6129531860352 72.6142349243164 72.6155242919922 72.616813659668 72.6181030273438 72.619384765625 72.6206741333008 72.4216842651367 71.6218490600586 70.822021484375
-9999 40.748420715332 46.2511940002441 51.7539710998535 57.2567481994629 62.7595252990723 65.0810699462891 66.3422012329102 67.6033325195312 68.8644638061523 70.1255950927734 71.3867263793945 72.6478576660156 73.4275817871094 72.7630615234375 72.0985488891602 71.4340286254883 70.7695083618164 70.1049957275391 69.4404754638672 68.7759628295898 68.451904296875 68.241325378418 68.0307540893555 67.820182800293 67.6096115112305 67.3990325927734 67.1884613037109 67.2177963256836 67.9668350219727 68.7158813476562 69.4649200439453 70.2139663696289 70.963005065918 71.7120513916016 72.4610977172852 72.6349334716797 72.6170349121094 72.5991439819336 72.5812454223633 72.563346862793 72.5454559326172 72.5275573730469 72.3345184326172 71.6160659790039 70.8976135253906
-9999 -9999 -9999 46.9449348449707 52.1212692260742 57.297607421875 59.9589157104492 61.7818832397461 63.604850769043 65.4278182983398 67.2507858276367 69.0737533569336 70.8967208862305 72.1461029052734 71.6747055053711 71.2033157348633 70.7319183349609 70.2605285644531 69.7891311645508 69.317741394043 68.8463439941406 68.5567855834961 68.3278427124023 68.0988998413086 67.8699569702148 67.6410064697266 67.4120635986328 67.1831207275391 67.1937942504883 67.92333984375 68.6528778076172 69.3824157714844 70.1119613647461 70.8414993286133 71.571044921875 72.3005828857422 72.4571762084961 72.4227905273438 72.3884048461914 72.3540191650391 72.3196334838867 72.2852478027344 72.250862121582 72.069709777832 71.4482498168945 70.826789855957
-9999 -9999 -9999 -9999 46.9857940673828 51.8356895446777 54.8367652893066 57.2215690612793 59.606372833252 61.9911766052246 64.3759765625 66.7607803344727 69.1455841064453 70.864616394043 70.5863494873047 70.3080825805664 70.0298080444336 69.7515411376953 69.4732666015625 69.1949996948242 68.9167327880859 68.6616744995117 68.4143600463867 68.1670455932617 67.9197235107422 67.6724090576172 67.4250946044922 67.1777801513672 67.1697998046875 67.8798370361328 68.5898742675781 69.299919128418 70.0099563598633 70.7199935913086 71.4300308227539 72.1400680541992 72.2794189453125 72.2285461425781 72.1776657104492 72.1267929077148 72.0759201049805 72.0250396728516 71.9741668701172 71.8048934936523 71.2804260253906 70.7559661865234
-9999 -9999 -9999 -9999 -9999 46.3737716674805 49.7146148681641 52.6612548828125 55.6078910827637 58.5545310974121 61.5011711120605 64.4478073120117 67.3944473266602 69.583137512207 69.4979934692383 69.4128494262695 69.3276977539062 69.2425537109375 69.1574096679688 69.0722579956055 68.9871139526367 68.7665634155273 68.5008773803711 68.2351837158203 67.9694976806641 67.7038116455078 67.4381256103516 67.1724395751953 67.1458053588867 67.8363418579102 68.5268783569336 69.217414855957 69.9079513549805 70.5984878540039 71.2890243530273 71.9795608520508 72.1016693115234 72.0343017578125 71.9669342041016 71.8995666503906 71.8321990966797 71.7648315429688 71.6974639892578 71.5400772094727 71.1126098632812 70.6851425170898
-9999 -9999 -9999 -9999 -9999 -9999 44.5924644470215 48.1009368896484 51.6094131469727 55.1178855895996 58.6263618469238 62.1348342895508 65.643310546875 68.3016586303711 68.4096374511719 68.5176086425781 68.6255874633789 68.7335662841797 68.8415451049805 68.9495239257812 69.0574951171875 68.8714447021484 68.5873870849609 68.3033294677734 68.0192718505859 67.7352142333984 67.4511566162109 67.1670913696289 67.1218109130859 67.792839050293 68.4638748168945 69.1349105834961 69.8059463500977 70.4769821166992 71.1480102539062 71.8190460205078 71.9239120483398 71.8400573730469 71.7561950683594 71.6723403930664 71.5884857177734 71.5046234130859 71.420768737793 71.275260925293 70.9447860717773 70.6143188476562
-9999 -9999 -9999 -9999 -9999 -9999 -9999 43.5406227111816 47.6109313964844 51.6812400817871 55.7515525817871 59.8218612670898 63.8921699523926 67.0201797485352 67.3212814331055 67.6223754882812 67.9234771728516 68.2245788574219 68.5256805419922 68.8267822265625 69.1278839111328 68.9763336181641 68.6739044189453 68.3714752197266 68.0690460205078 67.7666091918945 67.4641799926758 67.161750793457 67.0978088378906 67.7493438720703 68.40087890625 69.0524063110352 69.7039413452148 70.35546875 71.0070037841797 71.6585311889648 71.7461547851562 71.6458129882812 71.5454635620117 71.4451141357422 71.3447647094727 71.2444152832031 71.1440734863281 71.0104446411133 70.776969909668 70.5434951782227
-9999 -9999 -9999 -9999 -9999 -9999 -9999 -9999 42.9333801269531 47.1735877990723 51.4137992858887 55.6540107727051 59.8942222595215 63.2609252929688 64.0071029663086 64.7532806396484 65.4994583129883 66.2456359863281 66.9918212890625 67.7379989624023 68.4841766357422 68.4947891235352 68.2602081298828 68.0256271362305 67.7910537719727 67.5564727783203 67.321891784668 67.0873184204102 67.0602340698242 67.655647277832 68.2510528564453 68.8464660644531 69.4418792724609 70.0372848510742 70.632698059082 71.2281112670898 71.2934494018555 71.1820907592773 71.0707397460938 70.9593887329102 70.8480377197266 70.736686706543 70.6253356933594 70.5057907104492 70.3616790771484 70.2175750732422
-9999 -9999 -9999 -9999 -9999 -9999 -9999 -9999 -9999 -9999 -9999 -9999 -9999 57.0238990783691 58.4671096801758 59.9103202819824 61.3535308837891 62.796745300293 64.2399597167969 65.6831665039062 67.1263809204102 67.4268035888672 67.3462982177734 67.2658004760742 67.1852951049805 67.1047897338867 67.024284362793 66.9437866210938 67.0090713500977 67.5117416381836 68.0144119262695 68.5170822143555 69.0197525024414 69.5224227905273 70.0250930786133 70.5277633666992 70.5657806396484 70.4489059448242 70.3320388793945 70.2151641845703 70.0982971191406 69.9814224243164 69.8645553588867 69.7613067626953 69.6989288330078 69.6365509033203
-9999 -9999 -9999 -9999 -9999 -9999 -9999 -9999 -9999 -9999 -9999 -9999 -9999 50.7868690490723 52.927116394043 55.0673599243164 57.2076034545898 59.3478507995605 61.488094329834 63.6283378601074 65.7685852050781 66.3588256835938 66.4323959350586 66.5059661865234 66.5795364379883 66.6531066894531 66.726676940918 66.8002548217773 66.9579162597656 67.3678436279297 67.7777709960938 68.1877059936523 68.5976333618164 69.0075607299805 69.4174957275391 69.8274230957031 69.8381118774414 69.7157211303711 69.5933303833008 69.4709396362305 69.3485565185547 69.2261657714844 69.1037750244141 69.0168228149414 69.0361785888672 69.055534362793
-9999 -9999 -9999 -9999 -9999 -9999 -9999 -9999 -9999 -9999 -9999 -9999 -9999 44.5498428344727 47.3871231079102 50.2243995666504 53.0616760253906 55.8989562988281 58.7362327575684 61.5735092163086 64.4107894897461 65.2908401489258 65.5184860229492 65.7461318969727 65.9737777709961 66.2014236450195 66.429069519043 66.6567230224609 66.9067535400391 67.2239379882812 67.541130065918 67.8583221435547 68.1755142211914 68.4926986694336 68.8098907470703 69.127082824707 69.1104431152344 68.982536315918 68.8546295166016 68.7267227172852 68.5988082885742 68.4709014892578 68.3429946899414 68.272331237793 68.373420715332 68.4745101928711
-9999 -9999 -9999 -9999 -9999 -9999 -9999 -9999 -9999 -9999 -9999 -9999 -9999 38.312816619873 41.8471298217773 45.3814392089844 48.9157485961914 52.4500617980957 55.9843711853027 59.5186805725098 63.0529899597168 64.2228622436523 64.6045837402344 64.9863052368164 65.3680267333984 65.7497482299805 66.1314697265625 66.5131912231445 66.8555908203125 67.0800399780273 67.3044891357422 67.528938293457 67.7533874511719 67.9778366088867 68.2022857666016 68.4267349243164 68.3827819824219 68.2493515014648 68.1159210205078 67.9824981689453 67.8490676879883 67.7156372070312 67.5822143554688 67.5278472900391 67.7106704711914 67.8934860229492
-9999 -9999 -9999 -9999 -9999 -9999 -9999 -9999 -9999 -9999 -9999 -9999 -9999 32.0757904052734 36.3071365356445 40.5384788513184 44.7698211669922 49.001163482666 53.2325096130371 57.4638519287109 61.6951942443848 63.1548767089844 63.690673828125 64.2264709472656 64.7622680664062 65.2980651855469 65.8338623046875 66.3696594238281 66.8044281005859 66.9361419677734 67.0678482055664 67.1995620727539 67.3312683105469 67.4629745483398 67.5946884155273 67.7263946533203 67.6551132202148 67.5161666870117 67.3772201538086 67.2382736206055 67.0993270874023 66.9603805541992 66.8214340209961 66.7833633422852 67.0479125976562 67.3124694824219
-9999 -9999 -9999 -9999 -9999 -9999 -9999 -9999 -9999 -9999 -9999 -9999 -9999 -9999 31.9853668212891 36.5009651184082 41.0165634155273 45.5321617126465 50.0477600097656 54.5633583068848 59.0789566040039 60.8041076660156 61.5991134643555 62.394115447998 63.1891212463379 63.9841270446777 64.7791290283203 65.5741348266602 66.1996231079102 66.3165664672852 66.4335098266602 66.5504608154297 66.6674041748047 66.7843475341797 66.9012908935547 67.0182342529297 66.9696350097656 66.8658447265625 66.7620544433594 66.6582717895508 66.5544815063477 66.4506988525391 66.3469085693359 66.3461608886719 66.6545486450195 66.9629287719727
-9999 -9999 -9999 -9999 -9999 -9999 -9999 -9999 -9999 -9999 -9999 -9999 -9999 -9999 -9999 33.2688980102539 37.6559715270996 42.0430450439453 46.4301223754883 50.817195892334 55.2042694091797 57.1705474853516 58.3298950195312 59.4892387390137 60.6485862731934 61.8079299926758 62.9672775268555 64.1266250610352 65.0411682128906 65.2213287353516 65.401481628418 65.5816345214844 65.7617950439453 65.9419479370117 66.1221084594727 66.3022613525391 66.3263397216797 66.2983856201172 66.2704391479492 66.2424850463867 66.2145385742188 66.1865921020508 66.1586380004883 66.2162551879883 66.5305633544922 66.8448791503906
