resources/Exp000_Example-Run/Run01_M2/TimeSeries/2015/model_set/hflux_avg.asc
NCOLS 265 
NROWS 230 
XLLCORNER -115.5625 
YLLCORNER 24.8333333333333 
CELLSIZE 0.0833333333333333 
NODATA_value -9999 
[rows 160 to 179 of 230, columns 92 to 137 of 265]
67.5434646606445 67.3991165161133 67.2547760009766 67.1104278564453 66.9660797119141 66.2587509155273 65.3637619018555 64.4687728881836 63.573787689209 62.6787986755371 61.7838096618652 60.8888244628906 60.4130439758301 61.1948852539062 61.9767303466797 62.7585716247559 63.5404167175293 64.3222579956055 65.1041030883789 65.8859481811523 66.2363739013672 66.442985534668 66.6496124267578 66.8562240600586 67.0628433227539 67.2694625854492 67.4760818481445 67.696533203125 67.9584732055664 68.2204132080078 68.4823608398438 68.7443008422852 69.0062408447266 69.268180847168 69.5301208496094 69.6358184814453 69.6894454956055 69.7430648803711 69.7966842651367 69.8503112792969 69.9039306640625 69.9575500488281 69.9398498535156 69.7081680297852 69.4764862060547 69.2448043823242
67.637825012207 67.4208602905273 67.2038879394531 66.9869155883789 66.7699508666992 66.2007446289062 65.5141372680664 64.827522277832 64.1409072875977 63.4542922973633 62.7676773071289 62.0810623168945 61.7321128845215 62.3961448669434 63.0601806640625 63.7242126464844 64.3882446289062 65.0522766113281 65.7163162231445 66.3803482055664 66.632926940918 66.7483596801758 66.8637924194336 66.9792175292969 67.0946502685547 67.2100830078125 67.3255157470703 67.4917602539062 67.8104553222656 68.129150390625 68.4478454589844 68.7665405273438 69.0852355957031 69.4039306640625 69.7226257324219 69.8775939941406 69.9779815673828 70.078369140625 70.1787643432617 70.2791519165039 70.3795394897461 70.4799346923828 70.5070343017578 70.3142852783203 70.1215286254883 69.9287796020508
67.9752731323242 67.6735076904297 67.3717422485352 67.0699768066406 66.7682113647461 66.2888336181641 65.7502517700195 65.2116775512695 64.673095703125 64.1345138549805 63.5959396362305 63.0573577880859 62.7968292236328 63.3704490661621 63.9440689086914 64.517692565918 65.09130859375 65.6649322509766 66.2385482788086 66.8121719360352 66.9851379394531 67.0245513916016 67.06396484375 67.1033782958984 67.1427917480469 67.1822052001953 67.2216186523438 67.3427963256836 67.7092666625977 68.0757293701172 68.4421997070312 68.8086624145508 69.1751327514648 69.5415954589844 69.9080657958984 70.0942459106445 70.2203369140625 70.346435546875 70.472526550293 70.5986175537109 70.7247085571289 70.8507995605469 70.9013214111328 70.7251205444336 70.5489196777344 70.3727188110352
68.5558166503906 68.1570739746094 67.7583312988281 67.3595962524414 66.9608535766602 66.5230026245117 66.0721206665039 65.6212387084961 65.1703567504883 64.7194747924805 64.2685928344727 63.8177108764648 63.6071968078613 64.1177978515625 64.6284027099609 65.1389999389648 65.6496047973633 66.1602020263672 66.6708068847656 67.1814117431641 67.2929840087891 67.2715530395508 67.2501220703125 67.2286987304688 67.2072677612305 67.1858367919922 67.1644058227539 67.249641418457 67.654899597168 68.0601577758789 68.4654083251953 68.8706665039062 69.2759170532227 69.6811752319336 70.0864334106445 70.2857894897461 70.4165191650391 70.547248840332 70.6779708862305 70.8087005615234 70.9394302368164 71.0701522827148 71.1226959228516 70.940673828125 70.7586517333984 70.5766296386719
69.136360168457 68.6406402587891 68.1449279785156 67.6492156982422 67.1534957885742 66.7571792602539 66.3939895629883 66.0308074951172 65.6676177978516 65.3044357299805 64.9412460327148 64.5780563354492 64.4175643920898 64.8651504516602 65.3127288818359 65.7603149414062 66.2079010009766 66.6554794311523 67.1030654907227 67.550651550293 67.6008377075195 67.5185623168945 67.4362869262695 67.3540115356445 67.2717361450195 67.1894607543945 67.1071853637695 67.156494140625 67.6005325317383 68.0445785522461 68.4886245727539 68.9326705932617 69.376708984375 69.8207550048828 70.2648010253906 70.4773330688477 70.6126937866211 70.7480545043945 70.8834228515625 71.0187835693359 71.1541442871094 71.2895126342773 71.3440704345703 71.1562271118164 70.9683837890625 70.7805404663086
69.7168960571289 69.1242065429688 68.5315246582031 67.938835144043 67.3461456298828 66.9913558959961 66.7158584594727 66.4403686523438 66.1648788452148 65.8893890380859 65.613899230957 65.3384094238281 65.2279357910156 65.6124954223633 65.9970626831055 66.3816299438477 66.7661895751953 67.1507568359375 67.5353240966797 67.9198913574219 67.90869140625 67.7655715942383 67.6224517822266 67.4793319702148 67.3362121582031 67.1930923461914 67.0499725341797 67.0633392333984 67.5461730957031 68.0290069580078 68.511833190918 68.9946670532227 69.4775009155273 69.960334777832 70.4431686401367 70.6688690185547 70.8088684082031 70.9488677978516 71.0888671875 71.2288665771484 71.3688659667969 71.5088653564453 71.5654449462891 71.3717803955078 71.1781158447266 70.9844512939453
70.2974395751953 69.607780456543 68.9181137084961 68.2284469604492 67.5387878417969 67.2255249023438 67.0377349853516 66.8499374389648 66.6621398925781 66.4743499755859 66.2865524291992 66.098762512207 66.0382995605469 66.3598480224609 66.681396484375 67.0029373168945 67.3244857788086 67.6460342407227 67.9675827026367 68.2891311645508 68.2165451049805 68.012580871582 67.8086166381836 67.6046524047852 67.4006881713867 67.1967239379883 66.9927597045898 66.9701843261719 67.4918060302734 68.013427734375 68.5350494384766 69.0566711425781 69.5782928466797 70.0999145507812 70.6215362548828 70.8604125976562 71.0050506591797 71.1496810913086 71.294319152832 71.4389495849609 71.5835876464844 71.7282180786133 71.7868270874023 71.5873336791992 71.3878479003906 71.1883544921875
70.8779830932617 70.0913467407227 69.3047103881836 68.51806640625 67.7314300537109 67.4597015380859 67.3596038818359 67.2595062255859 67.1594009399414 67.0593032836914 66.9592056274414 66.8591079711914 66.8486709594727 67.1072006225586 67.36572265625 67.6242523193359 67.8827819824219 68.1413116455078 68.3998413085938 68.6583709716797 68.5243911743164 68.2595825195312 67.9947738647461 67.7299652099609 67.4651565551758 67.2003479003906 66.9355392456055 66.8770370483398 67.4374465942383 67.9978561401367 68.5582656860352 69.1186752319336 69.679084777832 70.2394943237305 70.7999038696289 71.0519561767578 71.2012252807617 71.3504943847656 71.4997634887695 71.6490325927734 71.7983093261719 71.9475784301758 72.0082015991211 71.8028869628906 71.5975799560547 71.3922653198242
71.4910888671875 70.6563873291016 69.8216857910156 68.9869842529297 68.1522827148438 67.8850708007812 67.8070220947266 67.7289657592773 67.6509170532227 67.572868347168 67.4948120117188 67.4167633056641 67.4096755981445 67.6154556274414 67.8212432861328 68.0270309448242 68.2328186035156 68.438606262207 68.6443939208984 68.8501815795898 68.6823348999023 68.3899383544922 68.0975494384766 67.8051605224609 67.5127716064453 67.2203826904297 66.9279937744141 66.8525085449219 67.427734375 68.0029602050781 68.5781860351562 69.1534118652344 69.7286376953125 70.3038635253906 70.8790893554688 71.1377410888672 71.2908630371094 71.4439849853516 71.5970993041992 71.7502212524414 71.9033432006836 72.0564651489258 72.1200103759766 71.9148406982422 71.7096710205078 71.5044937133789
72.1367645263672 71.3029098510742 70.4690551757812 69.6352005004883 68.8013458251953 68.5016403198242 68.3799896240234 68.2583312988281 68.1366806030273 68.0150299072266 67.8933715820312 67.7717208862305 67.7213134765625 67.884635925293 68.0479507446289 68.2112731933594 68.3745956420898 68.5379180908203 68.7012405395508 68.8645629882812 68.6903610229492 68.4036483764648 68.116943359375 67.8302307128906 67.5435256958008 67.2568206787109 66.9701080322266 66.896598815918 67.4626693725586 68.0287399291992 68.5948181152344 69.160888671875 69.7269668579102 70.2930374145508 70.8591079711914 71.1177673339844 71.2739562988281 71.4301376342773 71.5863265991211 71.7425155639648 71.8986968994141 72.0548858642578 72.1222534179688 71.9231872558594 71.7241134643555 71.5250473022461
72.7824401855469 71.9494323730469 71.1164245605469 70.2834167480469 69.4504013061523 69.1182098388672 68.9529571533203 68.7876968383789 68.622444152832 68.4571914672852 68.2919311523438 68.1266784667969 68.0329513549805 68.15380859375 68.274658203125 68.3955154418945 68.5163726806641 68.6372299194336 68.7580871582031 68.8789443969727 68.6983871459961 68.4173583984375 68.1363296508789 67.8553085327148 67.5742797851562 67.2932510375977 67.0122299194336 66.9406890869141 67.4976043701172 68.0545272827148 68.6114501953125 69.1683654785156 69.7252883911133 70.2822113037109 70.8391265869141 71.0978012084961 71.2570495605469 71.4162979125977 71.575553894043 71.7348022460938 71.8940505981445 72.0533065795898 72.1245040893555 71.9315338134766 71.7385635375977 71.5455932617188
73.4281158447266 72.5959548950195 71.763786315918 70.9316253662109 70.0994644165039 69.7347793579102 69.5259246826172 69.3170623779297 69.1082077026367 68.8993530273438 68.6904907226562 68.4816360473633 68.3445892333984 68.422981262207 68.5013732910156 68.5797576904297 68.6581497192383 68.7365417480469 68.8149337768555 68.8933258056641 68.706413269043 68.4310684204102 68.1557235717773 67.8803787231445 67.6050338745117 67.3296890258789 67.0543441772461 66.9847793579102 67.5325469970703 68.0803146362305 68.6280822753906 69.1758422851562 69.7236099243164 70.2713775634766 70.8191452026367 71.0778274536133 71.2401428222656 71.402458190918 71.5647735595703 71.7270889282227 71.8894119262695 72.0517272949219 72.1267471313477 71.9398803710938 71.7530136108398 71.5661392211914
74.0737915039062 73.2424697875977 72.4111557006836 71.5798416137695 70.7485275268555 70.3513488769531 70.0988922119141 69.8464279174805 69.5939712524414 69.3415145874023 69.0890502929688 68.8365936279297 68.6562271118164 68.6921539306641 68.7280807495117 68.7639999389648 68.7999267578125 68.8358535766602 68.8717803955078 68.9077072143555 68.7144393920898 68.4447784423828 68.1751098632812 67.9054489135742 67.6357879638672 67.3661270141602 67.0964584350586 67.0288696289062 67.5674819946289 68.1060943603516 68.6447067260742 69.1833267211914 69.7219390869141 70.2605514526367 70.7991638183594 71.0578536987305 71.2232360839844 71.3886184692383 71.5540008544922 71.7193832397461 71.884765625 72.0501480102539 72.1289901733398 71.9482269287109 71.7674560546875 71.5866928100586
74.7194671630859 73.8889923095703 73.0585250854492 72.2280578613281 71.3975830078125 70.9679183959961 70.6718597412109 70.3757934570312 70.0797348022461 69.7836761474609 69.4876098632812 69.1915512084961 68.9678649902344 68.9613265991211 68.9547882080078 68.9482498168945 68.9417037963867 68.9351654052734 68.9286270141602 68.9220886230469 68.7224655151367 68.4584808349609 68.1945037841797 67.9305191040039 67.6665420532227 67.4025573730469 67.1385803222656 67.0729598999023 67.6024169921875 68.1318817138672 68.6613388061523 69.190803527832 69.7202606201172 70.2497253417969 70.779182434082 71.0378875732422 71.2063293457031 71.3747787475586 71.5432281494141 71.711669921875 71.8801193237305 72.0485687255859 72.131233215332 71.9565734863281 71.7819061279297 71.6072387695312
74.8947296142578 74.0866470336914 73.278564453125 72.4704818725586 71.6623916625977 71.2141265869141 70.8857955932617 70.5574645996094 70.229133605957 69.9008026123047 69.5724716186523 69.244140625 69.0021057128906 69.0189666748047 69.0358352661133 69.0526962280273 69.0695571899414 69.08642578125 69.1032867431641 69.1201477050781 68.9270782470703 68.6640319824219 68.4009780883789 68.1379318237305 67.8748779296875 67.6118316650391 67.3487777709961 67.2764434814453 67.7762451171875 68.2760391235352 68.7758407592773 69.275634765625 69.7754364013672 70.2752304077148 70.775032043457 71.0287017822266 71.2003326416016 71.3719635009766 71.5435943603516 71.7152252197266 71.8868637084961 72.0584945678711 72.1506805419922 72.0045318603516 71.8583831787109 71.7122421264648
74.5995788574219 73.8354263305664 73.0712661743164 72.3071136474609 71.5429534912109 71.0899658203125 70.7406997680664 70.3914337158203 70.0421600341797 69.6928939819336 69.3436279296875 68.9943618774414 68.7589416503906 68.8650817871094 68.9712142944336 69.0773544311523 69.1834869384766 69.2896194458008 69.3957595825195 69.5018920898438 69.3282775878906 69.061408996582 68.7945404052734 68.5276718139648 68.2608032226562 67.9939346313477 67.7270660400391 67.6393203735352 68.0889511108398 68.53857421875 68.9882049560547 69.4378280639648 69.887451171875 70.3370819091797 70.7867050170898 71.0303115844727 71.2052459716797 71.3801803588867 71.5551147460938 71.7300491333008 71.9049835205078 72.0799179077148 72.1873168945312 72.0921096801758 71.9968948364258 71.9016876220703
74.3044357299805 73.5842056274414 72.8639755249023 72.1437454223633 71.4235153198242 70.9658050537109 70.5956039428711 70.2253952026367 69.8551940917969 69.484992980957 69.1147842407227 68.7445831298828 68.5157775878906 68.7111892700195 68.9065933227539 69.1020050048828 69.2974166870117 69.4928207397461 69.688232421875 69.8836441040039 69.7294769287109 69.4587936401367 69.188102722168 68.9174194335938 68.646728515625 68.3760375976562 68.105354309082 68.0022048950195 68.4016571044922 68.8011093139648 69.2005615234375 69.6000213623047 69.9994735717773 70.39892578125 70.7983856201172 71.0319213867188 71.2101593017578 71.3883972167969 71.5666351318359 71.744873046875 71.9231109619141 72.1013488769531 72.2239608764648 72.1796875 72.1354141235352 72.0911331176758
74.0092849731445 73.3329849243164 72.6566848754883 71.9803848266602 71.3040771484375 70.8416442871094 70.4505081176758 70.0593643188477 69.6682281494141 69.2770843505859 68.8859405517578 68.4948043823242 68.2726135253906 68.5572967529297 68.8419799804688 69.1266632080078 69.4113388061523 69.6960220336914 69.9807052612305 70.2653884887695 70.1306762695312 69.8561706542969 69.5816650390625 69.3071594238281 69.0326538085938 68.7581481933594 68.483642578125 68.3650817871094 68.7143630981445 69.0636444091797 69.4129257202148 69.76220703125 70.1114959716797 70.4607772827148 70.81005859375 71.0335311889648 71.2150726318359 71.396614074707 71.5781555175781 71.7596969604492 71.9412384033203 72.1227798461914 72.2605972290039 72.2672576904297 72.27392578125 72.2805862426758
73.7141418457031 73.0817642211914 72.4493942260742 71.8170166015625 71.1846389770508 70.7174911499023 70.3054122924805 69.8933334350586 69.4812545776367 69.0691757202148 68.657096862793 68.2450256347656 68.0294494628906 68.4034042358398 68.7773590087891 69.1513137817383 69.5252685546875 69.8992233276367 70.2731781005859 70.6471328735352 70.5318756103516 70.2535552978516 69.975227355957 69.6968994140625 69.4185791015625 69.140251159668 68.8619232177734 68.7279586791992 69.0270690917969 69.3261795043945 69.6252899169922 69.9244003295898 70.2235107421875 70.5226211547852 70.8217315673828 71.0351409912109 71.2199859619141 71.4048309326172 71.5896759033203 71.7745208740234 71.959358215332 72.1442031860352 72.297233581543 72.3548355102539 72.4124374389648 72.4700317382812
73.4189910888672 72.8305435180664 72.2420959472656 71.6536483764648 71.0652008056641 70.5933303833008 70.1603164672852 69.7273025512695 69.2942886352539 68.8612747192383 68.4282608032227 67.995246887207 67.7862930297852 68.2495193481445 68.7127456665039 69.1759719848633 69.6391983032227 70.102424621582 70.5656509399414 71.0288772583008 70.9330749511719 70.6509323120117 70.3687896728516 70.0866470336914 69.8045043945312 69.5223541259766 69.2402114868164 69.0908432006836 69.3397750854492 69.5887145996094 69.8376541137695 70.0865936279297 70.3355331420898 70.58447265625 70.8334121704102 71.036750793457 71.2248992919922 71.4130477905273 71.6011962890625 71.7893371582031 71.9774856567383 72.1656341552734 72.3338775634766 72.4424133300781 72.5509490966797 72.6594848632812
