resources/Exp000_Example-Run/Run01_M2/TimeSeries/2015/model_set/hflux_avg.asc
NCOLS 265 
NROWS 230 
XLLCORNER -115.5625 
YLLCORNER 24.8333333333333 
CELLSIZE 0.0833333333333333 
NODATA_value -9999 
[rows 160 to 179 of 230, columns 46 to 91 of 265]
68.7999267578125 69.1408462524414 69.4817657470703 69.8226852416992 70.1636047363281 70.504524230957 70.8141098022461 71.1132583618164 71.4124069213867 71.711555480957 72.0107040405273 72.3098526000977 72.609001159668 72.8462524414062 72.8978042602539 72.9493560791016 73.0009155273438 73.0524673461914 73.1040191650391 73.1555709838867 73.2071228027344 73.2703170776367 73.3373794555664 73.4044494628906 73.4715118408203 73.5385818481445 73.6056442260742 73.6727142333984 73.6670074462891 73.4429779052734 73.2189559936523 72.9949340820312 72.7709121704102 72.5468826293945 72.3228607177734 72.0988388061523 71.6398086547852 71.1024398803711 70.5650787353516 70.0277099609375 69.490348815918 68.9529800415039 68.4156188964844 67.9765090942383 67.832160949707 67.6878128051758
68.8102569580078 69.1107559204102 69.4112548828125 69.7117538452148 70.0122528076172 70.3127517700195 70.6762619018555 71.0607833862305 71.4452972412109 71.8298187255859 72.2143325805664 72.5988540649414 72.9833755493164 73.2921447753906 73.3736724853516 73.4552001953125 73.5367279052734 73.6182556152344 73.6997833251953 73.7813110351562 73.8628387451172 73.8475799560547 73.8000564575195 73.7525405883789 73.7050170898438 73.6574935913086 73.609977722168 73.5624542236328 73.4909515380859 73.3474807739258 73.2040100097656 73.0605392456055 72.9170684814453 72.7736053466797 72.6301345825195 72.4866638183594 72.0400161743164 71.492301940918 70.9445953369141 70.3968811035156 69.8491744995117 69.3014678955078 68.7537536621094 68.2887344360352 68.0717620849609 67.8547973632812
68.8813934326172 69.1492309570312 69.4170761108398 69.6849136352539 69.952751159668 70.2205963134766 70.6052322387695 71.0288009643555 71.4523696899414 71.8759384155273 72.2995071411133 72.7230758666992 73.1466445922852 73.48828125 73.5841217041016 73.6799621582031 73.7758026123047 73.8716430664062 73.9674835205078 74.0633163452148 74.1591567993164 74.0964202880859 73.9808197021484 73.8652191162109 73.7496185302734 73.6340255737305 73.518424987793 73.4028244018555 73.3091125488281 73.2810668945312 73.2530212402344 73.2249755859375 73.1969299316406 73.1688842773438 73.1408386230469 73.11279296875 72.690803527832 72.1375045776367 71.5842056274414 71.0308990478516 70.4776000976562 69.9242935180664 69.3709945678711 68.8805770874023 68.5788116455078 68.2770385742188
69.0133285522461 69.2562789916992 69.4992218017578 69.7421646118164 69.985107421875 70.2280502319336 70.6010131835938 71.0173187255859 71.4336166381836 71.8499145507812 72.2662200927734 72.6825180053711 73.0988235473633 73.4346694946289 73.5291595458984 73.623649597168 73.7181396484375 73.812629699707 73.907112121582 74.0016021728516 74.0960922241211 74.0168380737305 73.8796691894531 73.7425003051758 73.6053314208984 73.4681549072266 73.3309860229492 73.1938171386719 73.1214981079102 73.2437438964844 73.3659973144531 73.4882431030273 73.6104888916016 73.7327346801758 73.8549880981445 73.9772338867188 73.5921859741211 73.0380477905273 72.4839019775391 71.9297561645508 71.375617980957 70.8214721679688 70.267333984375 69.7520370483398 69.3533020019531 68.9545593261719
69.1452713012695 69.3633193969727 69.5813674926758 69.7994155883789 70.017463684082 70.2355117797852 70.5968017578125 71.0058364868164 71.4148635864258 71.8238983154297 72.2329330444336 72.6419677734375 73.0509948730469 73.3810577392578 73.4741973876953 73.5673370361328 73.6604766845703 73.7536087036133 73.8467483520508 73.9398880004883 74.0330276489258 73.937255859375 73.7785186767578 73.6197738647461 73.4610290527344 73.3022918701172 73.1435470581055 72.9848098754883 72.9338836669922 73.206428527832 73.4789657592773 73.7515106201172 74.0240478515625 74.2965850830078 74.5691299438477 74.841667175293 74.4935684204102 73.9385833740234 73.3835983276367 72.8286209106445 72.2736358642578 71.7186508178711 71.1636657714844 70.6235046386719 70.1277847290039 69.6320724487305
69.2772064208984 69.4703598022461 69.6635131835938 69.8566665649414 70.0498199462891 70.2429733276367 70.5925903320312 70.9943542480469 71.3961181640625 71.7978820800781 72.1996459960938 72.6014099121094 73.003173828125 73.3274459838867 73.4192352294922 73.5110244750977 73.6028137207031 73.6945953369141 73.7863845825195 73.878173828125 73.9699630737305 73.8576736450195 73.677360534668 73.4970474243164 73.3167419433594 73.1364288330078 72.9561157226562 72.7758026123047 72.7462768554688 73.1691055297852 73.5919418334961 74.0147705078125 74.4376068115234 74.8604431152344 75.2832717895508 75.7061080932617 75.3949508666992 74.8391265869141 74.2833023071289 73.7274780273438 73.1716537475586 72.6158294677734 72.0600051879883 71.4949645996094 70.9022750854492 70.3095855712891
69.4091491699219 69.5774078369141 69.7456665039062 69.9139251708984 70.0821762084961 70.2504348754883 70.5883712768555 70.9828720092773 71.3773651123047 71.771858215332 72.1663589477539 72.5608520507812 72.9553527832031 73.2738342285156 73.3642730712891 73.4547119140625 73.5451431274414 73.6355819702148 73.7260208129883 73.8164596557617 73.9068984985352 73.7780990600586 73.5762100219727 73.3743286132812 73.1724472045898 72.9705581665039 72.7686767578125 72.5667877197266 72.5586624145508 73.1317825317383 73.7049102783203 74.2780380249023 74.8511657714844 75.4242935180664 75.9974136352539 76.5705413818359 76.2963256835938 75.7396621704102 75.1829986572266 74.626335144043 74.0696716308594 73.5130081176758 72.9563446044922 72.3664321899414 71.6767654418945 70.9871063232422
69.5410842895508 69.6844482421875 69.8278121948242 69.9711761474609 70.1145324707031 70.2578964233398 70.5841598510742 70.9713897705078 71.3586120605469 71.7458419799805 72.1330718994141 72.5203018188477 72.9075241088867 73.2202224731445 73.3093109130859 73.3983917236328 73.4874801635742 73.5765686035156 73.665657043457 73.7547454833984 73.8438339233398 73.6985168457031 73.4750595092773 73.2516021728516 73.0281524658203 72.8046951293945 72.5812377929688 72.357780456543 72.3710479736328 73.0944671630859 73.8178863525391 74.5413055419922 75.2647247314453 75.9881439208984 76.7115631103516 77.4349822998047 77.1977081298828 76.6402053833008 76.0827026367188 75.5251922607422 74.9676895141602 74.4101867675781 73.8526840209961 73.2378921508789 72.4512557983398 71.6646194458008
68.9782867431641 69.1544494628906 69.3306121826172 69.5067825317383 69.6829452514648 69.8591079711914 70.2032165527344 70.6033020019531 71.0033874511719 71.4034729003906 71.8035583496094 72.2036437988281 72.6037292480469 72.9313659667969 73.0416564941406 73.1519470214844 73.2622375488281 73.3725280761719 73.4828186035156 73.5931091308594 73.7033996582031 73.5664978027344 73.3472061157227 73.1279067993164 72.9086151123047 72.6893157958984 72.4700164794922 72.2507247924805 72.2826232910156 73.068115234375 73.8536071777344 74.6390991210938 75.4245910644531 76.2100830078125 76.9955749511719 77.7810668945312 77.6000823974609 77.0969390869141 76.5937957763672 76.0906600952148 75.587516784668 75.0843734741211 74.5812301635742 73.9951934814453 73.1604919433594 72.3257904052734
67.7207336425781 67.9874038696289 68.2540740966797 68.5207366943359 68.7874069213867 69.054069519043 69.4455413818359 69.8786087036133 70.3116836547852 70.7447509765625 71.1778259277344 71.6108932495117 72.0439605712891 72.4072799682617 72.5613250732422 72.7153701782227 72.8694152832031 73.0234603881836 73.1775054931641 73.3315505981445 73.485595703125 73.3820571899414 73.1926498413086 73.0032424926758 72.813835144043 72.6244201660156 72.4350128173828 72.24560546875 72.2933883666992 73.052734375 73.8120803833008 74.5714263916016 75.3307723999023 76.0901184082031 76.8494644165039 77.6088104248047 77.5034637451172 77.1098785400391 76.7163009643555 76.3227233886719 75.9291381835938 75.5355606079102 75.1419830322266 74.6383285522461 73.8044738769531 72.9706192016602
66.4631881713867 66.8203582763672 67.1775283813477 67.5346984863281 67.8918609619141 68.2490310668945 68.6878662109375 69.153923034668 69.6199722290039 70.0860290527344 70.5520858764648 71.0181427001953 71.4841995239258 71.883186340332 72.0809860229492 72.2787933349609 72.4765930175781 72.6743927001953 72.8721923828125 73.0699996948242 73.2677993774414 73.1976089477539 73.0380935668945 72.8785705566406 72.7190551757812 72.5595321655273 72.4000091552734 72.2404937744141 72.3041534423828 73.037353515625 73.7705535888672 74.5037536621094 75.2369537353516 75.9701461791992 76.7033462524414 77.4365463256836 77.4068374633789 77.1228179931641 76.8387985229492 76.5547866821289 76.2707672119141 75.9867477416992 75.7027282714844 75.2814636230469 74.4484558105469 73.6154479980469
65.2056427001953 65.6533126831055 66.1009826660156 66.5486526489258 66.9963226318359 67.4439926147461 67.9301910400391 68.4292297363281 68.9282684326172 69.4273071289062 69.9263458251953 70.4253921508789 70.924430847168 71.3591003417969 71.6006546020508 71.8422088623047 72.0837707519531 72.325325012207 72.5668869018555 72.8084411621094 73.0499954223633 73.0131607055664 72.8835296630859 72.7538986206055 72.6242752075195 72.4946441650391 72.3650131225586 72.2353820800781 72.3149185180664 73.02197265625 73.7290267944336 74.4360733032227 75.1431274414062 75.8501815795898 76.5572357177734 77.264289855957 77.3102111816406 77.1357574462891 76.9613037109375 76.7868499755859 76.6123886108398 76.4379348754883 76.2634811401367 75.9245986938477 75.0924377441406 74.2602767944336
63.9480972290039 64.4862670898438 65.0244369506836 65.562614440918 66.1007843017578 66.6389541625977 67.1725158691406 67.7045364379883 68.2365646362305 68.7685852050781 69.3006134033203 69.832633972168 70.3646621704102 70.8350067138672 71.1203231811523 71.405632019043 71.6909484863281 71.9762573242188 72.2615737915039 72.5468826293945 72.8321990966797 72.8287200927734 72.7289733886719 72.6292343139648 72.5294952392578 72.4297485351562 72.3300094604492 72.2302627563477 72.32568359375 73.006591796875 73.6875 74.3684005737305 75.0493087768555 75.7302169799805 76.4111175537109 77.0920257568359 77.2135848999023 77.1486892700195 77.0838012695312 77.018913269043 76.9540176391602 76.8891296386719 76.8242340087891 76.5677337646484 75.7364196777344 74.9051055908203
62.6905517578125 63.319221496582 63.9478950500488 64.5765686035156 65.2052383422852 65.8339157104492 66.4148406982422 66.979850769043 67.5448608398438 68.10986328125 68.6748733520508 69.2398834228516 69.8048934936523 70.310920715332 70.6399841308594 70.9690551757812 71.2981185913086 71.6271896362305 71.9562606811523 72.2853240966797 72.6143951416016 72.6442718505859 72.5744171142578 72.5045623779297 72.4347076416016 72.364860534668 72.2950057983398 72.2251510620117 72.3364486694336 72.9912109375 73.6459655761719 74.3007278442383 74.9554901123047 75.6102447509766 76.265007019043 76.9197692871094 77.1169586181641 77.1616287231445 77.206298828125 77.2509765625 77.2956466674805 77.3403167724609 77.3849868774414 77.2108764648438 76.3804016113281 75.549934387207
61.6150131225586 62.3227615356445 63.0305099487305 63.7382545471191 64.4459991455078 65.1537475585938 65.7806549072266 66.3806076049805 66.9805679321289 67.5805282592773 68.1804809570312 68.7804412841797 69.3803939819336 69.921630859375 70.2866973876953 70.6517639160156 71.0168304443359 71.3818969726562 71.7469635009766 72.1120300292969 72.4770965576172 72.5371398925781 72.4955062866211 72.4538726806641 72.412239074707 72.37060546875 72.328971862793 72.2873382568359 72.4045486450195 72.9982757568359 73.5919952392578 74.1857223510742 74.7794494628906 75.373176574707 75.9668960571289 76.5606231689453 76.7902450561523 76.8985061645508 77.0067672729492 77.1150283813477 77.2232818603516 77.33154296875 77.4398040771484 77.318977355957 76.5108947753906 75.7028121948242
60.721492767334 61.496883392334 62.2722778320312 63.0476684570312 63.8230628967285 64.5984573364258 65.2699584960938 65.9068222045898 66.5436935424805 67.1805648803711 67.8174285888672 68.4542999267578 69.0911712646484 69.6671447753906 70.0604553222656 70.4537658691406 70.8470687866211 71.2403793334961 71.6336898803711 72.0270004272461 72.4203033447266 72.50732421875 72.4922409057617 72.4771575927734 72.4620819091797 72.4469985961914 72.4319152832031 72.4168395996094 72.5299758911133 73.0277786254883 73.5255813598633 74.0233840942383 74.5211868286133 75.0189895629883 75.5167922973633 76.0145950317383 76.2334518432617 76.3593215942383 76.4851989746094 76.6110687255859 76.7369384765625 76.8628158569336 76.9886856079102 76.8920516967773 76.1278915405273 75.3637390136719
59.8279685974121 60.6710052490234 61.514045715332 62.3570861816406 63.200122833252 64.0431594848633 64.7592544555664 65.4330368041992 66.106819152832 66.7806015014648 67.4543762207031 68.1281585693359 68.8019409179688 69.4126586914062 69.8342132568359 70.2557601928711 70.6773147583008 71.0988616943359 71.5204162597656 71.9419631958008 72.3635101318359 72.4775009155273 72.4889755249023 72.5004425048828 72.5119171142578 72.5233917236328 72.5348587036133 72.5463333129883 72.655403137207 73.0572891235352 73.4591674804688 73.8610458374023 74.2629318237305 74.6648101806641 75.0666961669922 75.4685745239258 75.6766586303711 75.8201446533203 75.9636306762695 76.1071090698242 76.2505950927734 76.3940811157227 76.5375671386719 76.4651184082031 75.7448959350586 75.0246658325195
58.9344444274902 59.8451309204102 60.7558135986328 61.6665000915527 62.5771827697754 63.4878692626953 64.2485580444336 64.9592514038086 65.6699447631836 66.3806381225586 67.0913238525391 67.8020172119141 68.5127105712891 69.1581802368164 69.6079711914062 70.0577621459961 70.5075531005859 70.9573440551758 71.4071350097656 71.8569259643555 72.3067169189453 72.4476852416992 72.485710144043 72.5237350463867 72.5617523193359 72.5997772216797 72.6378021240234 72.6758270263672 72.7808303833008 73.0867919921875 73.3927536010742 73.6987152099609 74.0046691894531 74.3106307983398 74.6165924072266 74.9225463867188 75.1198654174805 75.2809600830078 75.4420547485352 75.603157043457 75.7642517089844 75.9253463745117 76.0864486694336 76.0381927490234 75.3618927001953 74.6855926513672
58.0409202575684 59.0192527770996 59.9975814819336 60.9759140014648 61.9542465209961 62.9325752258301 63.7378616333008 64.485466003418 65.2330703735352 65.9806747436523 66.7282791137695 67.4758758544922 68.2234802246094 68.903694152832 69.3817291259766 69.8597640991211 70.3377914428711 70.8158264160156 71.2938613891602 71.7718963623047 72.2499313354492 72.4178695678711 72.4824447631836 72.5470199584961 72.6115951538086 72.6761703491211 72.7407455444336 72.8053207397461 72.9062652587891 73.1163024902344 73.3263397216797 73.536376953125 73.7464141845703 73.9564514160156 74.1664886474609 74.3765258789062 74.5630645751953 74.7417755126953 74.9204864501953 75.0991973876953 75.2779083251953 75.4566192626953 75.6353302001953 75.6112670898438 74.978889465332 74.3465194702148
57.1473960876465 58.1933746337891 59.2393531799316 60.285327911377 61.3313064575195 62.3772850036621 63.227165222168 64.0116806030273 64.7961959838867 65.5807113647461 66.3652267456055 67.1497421264648 67.9342575073242 68.6492080688477 69.1554870605469 69.6617584228516 70.1680374145508 70.6743087768555 71.1805877685547 71.6868591308594 72.1931381225586 72.3880462646484 72.4791793823242 72.5703048706055 72.6614303588867 72.7525634765625 72.8436889648438 72.934814453125 73.0316925048828 73.1458053588867 73.2599182128906 73.3740386962891 73.488151550293 73.6022720336914 73.7163848876953 73.8304977416992 74.0062713623047 74.2025985717773 74.3989181518555 74.5952377319336 74.7915649414062 74.9878845214844 75.184211730957 75.1843414306641 74.5958938598633 74.007438659668
