resources/Exp000_Example-Run/Run01_M2/TimeSeries/2015/model_set/hflux_avg.asc
NCOLS 265 
NROWS 230 
XLLCORNER -115.5625 
YLLCORNER 24.8333333333333 
CELLSIZE 0.0833333333333333 
NODATA_value -9999 
[rows 60 to 79 of 230, columns 0 to 45 of 265]
62.5601577758789 62.7356033325195 62.9110450744629 63.0864906311035 63.2619361877441 63.4373779296875 63.6128234863281 63.2126007080078 62.6204872131348 62.0283737182617 61.4362602233887 60.8441467285156 60.2520370483398 59.6599235534668 58.9770278930664 58.0217895507812 57.0665512084961 56.1113128662109 55.1560745239258 54.2008361816406 53.2455978393555 52.2903594970703 51.9344253540039 51.7782592773438 51.6220932006836 51.4659271240234 51.3097610473633 51.1535987854004 50.9974327087402 51.0873680114746 51.9156150817871 52.7438621520996 53.5721130371094 54.4003601074219 55.2286071777344 56.0568542480469 56.8851013183594 57.6714401245117 58.4438133239746 59.2161827087402 59.9885520935059 60.7609214782715 61.5332946777344 62.3056640625 62.7480659484863 62.2005653381348
62.2245407104492 62.5127296447754 62.8009185791016 63.0891075134277 63.3772964477539 63.6654853820801 63.9536743164062 63.6699104309082 63.1954956054688 62.7210807800293 62.2466659545898 61.7722511291504 61.2978363037109 60.8234214782715 60.2477798461914 59.3684463500977 58.4891166687012 57.6097831726074 56.7304496765137 55.8511199951172 54.9717864990234 54.092456817627 53.7322769165039 53.5451507568359 53.358024597168 53.1708984375 52.983772277832 52.7966461181641 52.6095199584961 52.6998672485352 53.6226348876953 54.5454025268555 55.4681701660156 56.3909378051758 57.3137054443359 58.2364730834961 59.1592407226562 59.9378662109375 60.6684455871582 61.3990249633789 62.1296043395996 62.860179901123 63.5907592773438 64.3213348388672 64.6612167358398 63.8289985656738
61.8889236450195 62.2898559570312 62.6907920837402 63.091724395752 63.4926567077637 63.8935890197754 64.2945251464844 64.1272201538086 63.7705039978027 63.4137878417969 63.057071685791 62.7003555297852 62.3436393737793 61.9869232177734 61.5185279846191 60.7151031494141 59.911678314209 59.1082534790039 58.3048286437988 57.5014038085938 56.6979789733887 55.8945541381836 55.5301322937012 55.3120422363281 55.0939559936523 54.8758697509766 54.6577835083008 54.439697265625 54.221607208252 54.3123664855957 55.3296546936035 56.3469429016113 57.3642311096191 58.381519317627 59.3988037109375 60.4160919189453 61.4333801269531 62.2042922973633 62.8930778503418 63.5818672180176 64.2706527709961 64.9594421386719 65.6482238769531 66.3370132446289 66.5743713378906 65.4574279785156
61.5533065795898 62.0669860839844 62.5806617736816 63.0943412780762 63.6080169677734 64.121696472168 64.635368347168 64.5845260620117 64.3455123901367 64.1064910888672 63.8674736022949 63.6284561157227 63.3894386291504 63.1504211425781 62.7892799377441 62.0617599487305 61.3342437744141 60.6067237854004 59.8792037963867 59.1516876220703 58.4241676330566 57.696647644043 57.3279838562012 57.0789375305176 56.8298873901367 56.5808410644531 56.3317947387695 56.0827445983887 55.8336982727051 55.9248657226562 57.0366706848145 58.1484794616699 59.2602882385254 60.3720970153809 61.4839057922363 62.5957107543945 63.70751953125 64.4707183837891 65.1177139282227 65.7647094726562 66.4117050170898 67.0587005615234 67.705696105957 68.3526840209961 68.4875183105469 67.0858612060547
61.2176933288574 61.8441123962402 62.4705352783203 63.0969543457031 63.7233772277832 64.3498001098633 64.9762191772461 65.0418395996094 64.9205169677734 64.799201965332 64.6778793334961 64.5565567016602 64.4352416992188 64.3139190673828 64.0600280761719 63.4084167480469 62.7568054199219 62.1051940917969 61.4535827636719 60.8019676208496 60.1503562927246 59.4987449645996 59.1258354187012 58.8458290100098 58.5658187866211 58.2858123779297 58.005802154541 57.7257957458496 57.4457855224609 57.5373611450195 58.7436904907227 59.9500198364258 61.1563491821289 62.3626747131348 63.5690040588379 64.7753295898438 65.9816589355469 66.7371444702148 67.3423461914062 67.9475479125977 68.5527496337891 69.157958984375 69.7631607055664 70.3683624267578 70.4006729125977 68.7142944335938
60.8820762634277 61.6212425231934 62.3604049682617 63.0995712280273 63.838737487793 64.5779037475586 65.3170700073242 65.4991455078125 65.4955215454102 65.4919052124023 65.48828125 65.4846649169922 65.4810409545898 65.477424621582 65.3307800292969 64.7550735473633 64.1793670654297 63.6036643981934 63.0279579162598 62.4522514343262 61.8765487670898 61.3008422851562 60.9236869812012 60.612720489502 60.3017501831055 59.9907836914062 59.6798133850098 59.3688430786133 59.0578765869141 59.1498603820801 60.4507102966309 61.7515563964844 63.0524063110352 64.3532562255859 65.6541061401367 66.954948425293 68.2557983398438 69.0035705566406 69.5669784545898 70.1303939819336 70.6938018798828 71.2572174072266 71.8206253051758 72.384033203125 72.3138198852539 70.3427276611328
61.3384628295898 62.0397262573242 62.7409896850586 63.442253112793 64.1435165405273 64.8447799682617 65.5460433959961 65.7888107299805 65.8787460327148 65.9686889648438 66.0586242675781 66.148567199707 66.2385025024414 66.3284378051758 66.2645874023438 65.7393493652344 65.214111328125 64.6888732910156 64.1636352539062 63.6383972167969 63.1131591796875 62.5879249572754 62.2055549621582 61.8708038330078 61.5360565185547 61.2013092041016 60.8665618896484 60.5318145751953 60.1970634460449 60.2742462158203 61.5872116088867 62.9001770019531 64.2131423950195 65.5261077880859 66.8390731811523 68.1520462036133 69.4650115966797 70.1635818481445 70.657356262207 71.1511306762695 71.644905090332 72.1386795043945 72.632453918457 73.1262283325195 72.9833450317383 70.9304809570312
62.5868492126465 63.0995635986328 63.6122779846191 64.1249923706055 64.6377105712891 65.1504211425781 65.6631393432617 65.9108352661133 66.0701904296875 66.2295455932617 66.3889083862305 66.5482635498047 66.7076187133789 66.8669815063477 66.861442565918 66.3612365722656 65.8610305786133 65.3608245849609 64.8606185913086 64.3604049682617 63.8601989746094 63.359992980957 62.9714317321777 62.6200828552246 62.2687377929688 61.9173927307129 61.566047668457 61.2147026062012 60.863353729248 60.910514831543 62.1531982421875 63.3958778381348 64.638557434082 65.8812408447266 67.1239242553711 68.3666076660156 69.6092910766602 70.2171783447266 70.6134719848633 71.009765625 71.4060668945312 71.802360534668 72.1986541748047 72.5949478149414 72.4092407226562 70.4775390625
63.8352394104004 64.1594085693359 64.4835739135742 64.8077392578125 65.1319046020508 65.4560699462891 65.7802352905273 66.0328521728516 66.2616348266602 66.4904098510742 66.7191848754883 66.9479675292969 67.1767425537109 67.405517578125 67.4583053588867 66.9831314086914 66.5079498291016 66.0327682495117 65.5575942993164 65.0824127197266 64.6072387695312 64.1320571899414 63.7373085021973 63.3693618774414 63.0014190673828 62.6334762573242 62.2655334472656 61.897590637207 61.5296440124512 61.5467872619629 62.7191848754883 63.8915824890137 65.0639801025391 66.2363739013672 67.4087753295898 68.581169128418 69.7535629272461 70.2707748413086 70.5695953369141 70.868408203125 71.1672210693359 71.4660339355469 71.7648544311523 72.0636672973633 71.8351440429688 70.0245971679688
65.083625793457 65.2192459106445 65.3548583984375 65.490478515625 65.626091003418 65.7617111206055 65.8973236083984 66.1548767089844 66.4530715942383 66.7512741088867 67.0494689941406 67.3476638793945 67.6458587646484 67.9440536499023 68.0551681518555 67.6050186157227 67.1548690795898 66.704719543457 66.2545700073242 65.8044281005859 65.3542785644531 64.9041290283203 64.5031814575195 64.1186447143555 63.7341003417969 63.3495597839355 62.9650192260742 62.5804786682129 62.1959342956543 62.1830558776855 63.2851715087891 64.3872833251953 65.4893951416016 66.5915069580078 67.6936187744141 68.7957305908203 69.8978424072266 70.3243713378906 70.5257110595703 70.7270431518555 70.9283752441406 71.1297149658203 71.3310470581055 71.5323791503906 71.2610397338867 69.571662902832
66.3320159912109 66.2790832519531 66.2261505126953 66.1732177734375 66.1202850341797 66.0673522949219 66.0144195556641 66.2769012451172 66.6445159912109 67.0121307373047 67.3797454833984 67.7473602294922 68.1149826049805 68.4825973510742 68.6520233154297 68.2269058227539 67.8017883300781 67.3766708374023 66.9515533447266 66.5264358520508 66.1013107299805 65.6761932373047 65.2690582275391 64.867919921875 64.4667816162109 64.0656433105469 63.6645050048828 63.2633628845215 62.8622245788574 62.8193283081055 63.8511543273926 64.8829803466797 65.9148101806641 66.9466400146484 67.9784698486328 69.0102996826172 70.042121887207 70.3779754638672 70.4818267822266 70.5856781005859 70.6895370483398 70.7933883666992 70.8972473144531 71.0010986328125 70.6869354248047 69.1187210083008
67.5804061889648 67.3389282226562 67.0974426269531 66.8559646606445 66.6144790649414 66.3730010986328 66.1315155029297 66.39892578125 66.8359603881836 67.2729949951172 67.7100296020508 68.1470642089844 68.584098815918 69.0211334228516 69.2488861083984 68.8488006591797 68.4487075805664 68.0486221313477 67.6485290527344 67.2484436035156 66.8483505249023 66.4482650756836 66.0349349975586 65.6172027587891 65.199462890625 64.7817306518555 64.3639907836914 63.9462509155273 63.5285148620605 63.4555969238281 64.4171447753906 65.3786849975586 66.3402252197266 67.3017730712891 68.263313293457 69.2248611450195 70.1864013671875 70.4315719604492 70.4379425048828 70.4443206787109 70.4506912231445 70.4570693969727 70.4634399414062 70.4698181152344 70.1128387451172 68.6657867431641
68.1408004760742 67.8474197387695 67.5540313720703 67.2606430053711 66.9672622680664 66.6738739013672 66.380485534668 66.68017578125 67.1775512695312 67.6749267578125 68.1723098754883 68.6696853637695 69.1670608520508 69.6644439697266 69.9404830932617 69.5525283813477 69.1645812988281 68.7766265869141 68.388671875 68.0007171630859 67.6127624511719 67.2248077392578 66.835205078125 66.4450607299805 66.0549163818359 65.6647720336914 65.2746276855469 64.8844757080078 64.4943313598633 64.4095916748047 65.2410659790039 66.0725402832031 66.9040145874023 67.7354888916016 68.5669631958008 69.3984375 70.2299118041992 70.3775024414062 70.2971343994141 70.2167663574219 70.1363983154297 70.0560302734375 69.9756622314453 69.8952941894531 69.5005722045898 68.1627807617188
68.0132064819336 67.804557800293 67.5959167480469 67.3872680664062 67.1786193847656 66.9699783325195 66.7613296508789 67.1206512451172 67.6692962646484 68.2179412841797 68.7665863037109 69.3152313232422 69.8638763427734 70.4125213623047 70.7268218994141 70.3381118774414 69.9493942260742 69.5606842041016 69.1719665527344 68.7832565307617 68.3945388793945 68.0058212280273 67.6698684692383 67.3515014648438 67.0331420898438 66.7147750854492 66.3964080810547 66.0780410766602 65.7596740722656 65.6813049316406 66.3229217529297 66.9645462036133 67.6061630249023 68.2477874755859 68.889404296875 69.5310211181641 70.1726455688477 70.2157669067383 70.0593948364258 69.9030227661133 69.7466506958008 69.5902786254883 69.4339065551758 69.2775344848633 68.8501434326172 67.6097106933594
67.8856048583984 67.7617034912109 67.6377944946289 67.5138931274414 67.3899841308594 67.2660827636719 67.1421737670898 67.5611343383789 68.1610412597656 68.7609558105469 69.3608627319336 69.9607772827148 70.5606842041016 71.1605987548828 71.5131607055664 71.1236877441406 70.7342147827148 70.3447418212891 69.9552688598633 69.565788269043 69.1763153076172 68.7868423461914 68.5045318603516 68.2579498291016 68.011360168457 67.764778137207 67.5181884765625 67.2716064453125 67.025016784668 66.9530181884766 67.40478515625 67.8565521240234 68.3083190917969 68.7600784301758 69.2118453979492 69.6636123657227 70.1153793334961 70.0540390014648 69.821662902832 69.5892791748047 69.3569030761719 69.1245269775391 68.8921508789062 68.6597747802734 68.1997222900391 67.056640625
67.7580108642578 67.7188415527344 67.6796798706055 67.640510559082 67.6013488769531 67.5621871948242 67.5230178833008 68.0016098022461 68.6527862548828 69.3039703369141 69.9551467895508 70.6063232421875 71.2574996948242 71.9086761474609 72.2994995117188 71.9092636108398 71.5190353393555 71.1287994384766 70.7385635375977 70.3483276367188 69.9580917358398 69.5678634643555 69.3391952514648 69.1643905639648 68.9895858764648 68.8147811889648 68.6399688720703 68.4651641845703 68.2903594970703 68.2247314453125 68.4866409301758 68.7485580444336 69.0104675292969 69.2723770141602 69.534294128418 69.7962036132812 70.0581130981445 69.8923034667969 69.5839233398438 69.2755432128906 68.967155456543 68.6587753295898 68.3503952026367 68.0420074462891 67.5492935180664 66.5035705566406
67.6304092407227 67.6759872436523 67.7215576171875 67.7671356201172 67.8127136230469 67.8582916259766 67.9038619995117 68.4420928955078 69.1445388793945 69.8469772338867 70.5494232177734 71.2518692016602 71.9543075561523 72.6567535400391 73.0858383178711 72.6948471069336 72.3038482666016 71.9128570556641 71.521858215332 71.1308670043945 70.739875793457 70.348876953125 70.1738586425781 70.0708312988281 69.9678039550781 69.8647842407227 69.7617568969727 69.6587295532227 69.5557022094727 69.4964447021484 69.5685043334961 69.6405639648438 69.7126159667969 69.7846755981445 69.8567352294922 69.9287948608398 70.000846862793 69.7305755615234 69.3461837768555 68.961799621582 68.5774078369141 68.1930236816406 67.8086395263672 67.4242477416992 66.8988647460938 65.9505004882812
67.5028076171875 67.6331253051758 67.7634429931641 67.8937606811523 68.0240783691406 68.1543960571289 68.2847061157227 68.882568359375 69.6362838745117 70.3899917602539 71.1436996459961 71.8974151611328 72.651123046875 73.4048309326172 73.8721771240234 73.4804229736328 73.0886688232422 72.6969146728516 72.3051605224609 71.9134063720703 71.5216522216797 71.1298980712891 71.0085220336914 70.9772796630859 70.9460296630859 70.9147872924805 70.8835372924805 70.852294921875 70.821044921875 70.7681579589844 70.6503677368164 70.5325698852539 70.4147720336914 70.2969741821289 70.1791763305664 70.0613784790039 69.9435806274414 69.5688400268555 69.1084518432617 68.6480560302734 68.1876602172852 67.7272720336914 67.2668762207031 66.8064880371094 66.2484436035156 65.3974304199219
67.414176940918 67.6087112426758 67.8032531738281 67.9977874755859 68.1923217773438 68.3868560791016 68.5813903808594 69.1206893920898 69.77490234375 70.4291152954102 71.0833282470703 71.7375411987305 72.3917541503906 73.0459671020508 73.4407043457031 73.0570068359375 72.6733093261719 72.2896194458008 71.9059219360352 71.5222244262695 71.1385345458984 70.7548370361328 70.6671752929688 70.6781845092773 70.6892013549805 70.7002105712891 70.7112274169922 70.7222366333008 70.7332534790039 70.7063446044922 70.565673828125 70.4249954223633 70.2843246459961 70.1436462402344 70.0029754638672 69.8622970581055 69.7216262817383 69.2886657714844 68.7582855224609 68.2279052734375 67.6975173950195 67.1671371459961 66.6367492675781 66.1063690185547 65.5149917602539 64.7406539916992
67.3645172119141 67.6027450561523 67.8409805297852 68.079216003418 68.3174514770508 68.5556793212891 68.7939147949219 69.1564407348633 69.5603942871094 69.9643478393555 70.368293762207 70.7722473144531 71.1762008666992 71.5801544189453 71.7914199829102 71.4245986938477 71.0577850341797 70.6909637451172 70.3241500854492 69.9573364257812 69.5905151367188 69.2237014770508 69.1498107910156 69.1735610961914 69.1973114013672 69.2210693359375 69.2448196411133 69.2685699462891 69.2923278808594 69.3109970092773 69.3144226074219 69.3178482055664 69.3212738037109 69.3246994018555 69.328125 69.3315505981445 69.3349761962891 68.8900604248047 68.2957000732422 67.7013320922852 67.1069717407227 66.5126113891602 65.9182510375977 65.3238830566406 64.6985244750977 63.9801635742188
