resources/Exp000_Example-Run/Run01_M2/TimeSeries/2015/model_set/swgnt_avg.asc
NCOLS 265 
NROWS 230 
XLLCORNER -115.5625 
YLLCORNER 24.8333333333333 
CELLSIZE 0.0833333333333333 
NODATA_value -9999 
[rows 0 to 19 of 230, columns 92 to 137 of 265]
159.499084472656 160.671676635742 161.844284057617 163.016876220703 164.189468383789 164.323669433594 164.111724853516 163.899780273438 163.687850952148 163.47590637207 163.263961791992 163.052017211914 162.814819335938 162.501876831055 162.188919067383 161.875961303711 161.563003540039 161.250045776367 160.937088012695 160.624145507812 160.365432739258 160.124816894531 159.884201049805 159.643585205078 159.402969360352 159.162353515625 158.921737670898 158.805755615234 159.063659667969 159.321563720703 159.579483032227 159.837387084961 160.095291137695 160.353210449219 160.611114501953 160.931365966797 161.272415161133 161.61344909668 161.954483032227 162.295532226562 162.636566162109 162.977600097656 163.380844116211 163.970718383789 164.560577392578 165.150436401367
159.872970581055 160.880813598633 161.888641357422 162.896484375 163.904312133789 164.046264648438 163.899597167969 163.752914428711 163.606246948242 163.459564208984 163.312896728516 163.166213989258 162.978149414062 162.665893554688 162.353652954102 162.041397094727 161.729141235352 161.416900634766 161.104644775391 160.792388916016 160.544128417969 160.317184448242 160.090255737305 159.863311767578 159.636383056641 159.409439086914 159.182510375977 159.070205688477 159.301788330078 159.533355712891 159.764938354492 159.996520996094 160.228103637695 160.459686279297 160.691268920898 160.9755859375 161.277481079102 161.579376220703 161.881286621094 162.183181762695 162.485076904297 162.786987304688 163.155532836914 163.724014282227 164.292510986328 164.86100769043
160.246856689453 161.089935302734 161.933013916016 162.776077270508 163.619155883789 163.76887512207 163.687454223633 163.606048583984 163.524642944336 163.443237304688 163.36181640625 163.280410766602 163.141464233398 162.829925537109 162.518371582031 162.206832885742 161.895278930664 161.583740234375 161.272186279297 160.960647583008 160.722808837891 160.509567260742 160.296310424805 160.083053588867 159.86979675293 159.656539916992 159.443283081055 159.334655761719 159.539901733398 159.745147705078 159.950408935547 160.155654907227 160.360916137695 160.566162109375 160.771408081055 161.019805908203 161.282562255859 161.545318603516 161.808074951172 162.070831298828 162.333602905273 162.59635925293 162.930206298828 163.477325439453 164.024444580078 164.571578979492
160.620742797852 161.299057006836 161.97737121582 162.655685424805 163.333999633789 163.491470336914 163.475326538086 163.459182739258 163.44303894043 163.426895141602 163.410751342773 163.394607543945 163.304794311523 162.993942260742 162.68310546875 162.372268676758 162.061416625977 161.750579833984 161.439743041992 161.128890991211 160.901504516602 160.701934814453 160.502349853516 160.302780151367 160.10319519043 159.903625488281 159.704055786133 159.599105834961 159.778030395508 159.956954956055 160.135864257812 160.314788818359 160.493713378906 160.672637939453 160.8515625 161.064010620117 161.287628173828 161.511260986328 161.734878540039 161.95849609375 162.182113647461 162.405731201172 162.704895019531 163.23063659668 163.756393432617 164.282135009766
160.99462890625 161.508178710938 162.021743774414 162.535293579102 163.048843383789 163.214080810547 163.263198852539 163.312316894531 163.361434936523 163.410552978516 163.459686279297 163.508804321289 163.468109130859 163.157974243164 162.847839355469 162.537704467773 162.227554321289 161.917419433594 161.607284545898 161.297149658203 161.080200195312 160.894302368164 160.708404541016 160.522506713867 160.336608886719 160.15071105957 159.964828491211 159.863555908203 160.016143798828 160.168746948242 160.321334838867 160.473922729492 160.626525878906 160.779113769531 160.931716918945 161.10823059082 161.292709350586 161.477188110352 161.661666870117 161.846145629883 162.030639648438 162.215118408203 162.479568481445 162.983947753906 163.488327026367 163.992706298828
161.368515014648 161.717315673828 162.066101074219 162.414901733398 162.763687133789 162.936676025391 163.051071166992 163.165451049805 163.279830932617 163.394226074219 163.508605957031 163.623001098633 163.631423950195 163.321990966797 163.012557983398 162.703125 162.393707275391 162.084274291992 161.774841308594 161.465408325195 161.258880615234 161.086669921875 160.914459228516 160.742233276367 160.570022583008 160.397811889648 160.225601196289 160.128005981445 160.254272460938 160.38053894043 160.506805419922 160.633071899414 160.759338378906 160.885604858398 161.011871337891 161.152435302734 161.297775268555 161.443130493164 161.588470458984 161.733810424805 161.879150390625 162.024490356445 162.254257202148 162.737258911133 163.220260620117 163.703262329102
161.631607055664 161.889709472656 162.147811889648 162.405914306641 162.664001464844 162.83708190918 162.981796264648 163.126510620117 163.271240234375 163.415954589844 163.560684204102 163.70539855957 163.743194580078 163.460220336914 163.177230834961 162.894256591797 162.611267089844 162.32829284668 162.045303344727 161.762313842773 161.567291259766 161.401565551758 161.235855102539 161.07014465332 160.904418945312 160.738708496094 160.572982788086 160.473663330078 160.573471069336 160.673294067383 160.77311706543 160.872940063477 160.972747802734 161.072570800781 161.172393798828 161.284957885742 161.401779174805 161.518585205078 161.635406494141 161.752227783203 161.869033813477 161.985855102539 162.17951965332 162.603713989258 163.027908325195 163.452102661133
161.783905029297 162.025375366211 162.266845703125 162.508331298828 162.749801635742 162.915267944336 163.055389404297 163.195510864258 163.335647583008 163.475769042969 163.61589050293 163.75602722168 163.803421020508 163.572631835938 163.341842651367 163.111053466797 162.880264282227 162.649475097656 162.418685913086 162.187896728516 162.005401611328 161.839004516602 161.672607421875 161.506210327148 161.339797973633 161.173400878906 161.00700378418 160.900512695312 160.973770141602 161.047027587891 161.12028503418 161.19352722168 161.266784667969 161.340042114258 161.413299560547 161.505783081055 161.604690551758 161.703598022461 161.802490234375 161.901397705078 162.000305175781 162.099197387695 162.25537109375 162.58332824707 162.911270141602 163.239227294922
161.93620300293 162.161041259766 162.385894775391 162.610748291016 162.835601806641 162.993453979492 163.128982543945 163.264526367188 163.400054931641 163.535583496094 163.671112060547 163.806640625 163.863632202148 163.685043334961 163.506454467773 163.327850341797 163.149261474609 162.970672607422 162.792068481445 162.613479614258 162.44352722168 162.276443481445 162.109359741211 161.942276000977 161.775192260742 161.608108520508 161.441024780273 161.327377319336 161.374069213867 161.420761108398 161.467437744141 161.514129638672 161.560821533203 161.607513427734 161.654190063477 161.726608276367 161.807601928711 161.888595581055 161.969573974609 162.050567626953 162.131561279297 162.212554931641 162.33122253418 162.562927246094 162.794631958008 163.026336669922
162.088485717773 162.296722412109 162.504943847656 162.713165283203 162.921401977539 163.071655273438 163.202590942383 163.333526611328 163.464447021484 163.59538269043 163.726318359375 163.85725402832 163.923858642578 163.797454833984 163.671051025391 163.544662475586 163.418258666992 163.291854858398 163.165466308594 163.0390625 162.881637573242 162.7138671875 162.546112060547 162.378341674805 162.210571289062 162.04280090332 161.875045776367 161.754241943359 161.774368286133 161.794494628906 161.814605712891 161.834732055664 161.854858398438 161.874969482422 161.895095825195 161.94743347168 162.010513305664 162.073593139648 162.136672973633 162.199737548828 162.262817382812 162.325897216797 162.407073974609 162.542541503906 162.677993774414 162.813461303711
162.240783691406 162.432388305664 162.623992919922 162.815582275391 163.007186889648 163.149841308594 163.276184082031 163.402526855469 163.528854370117 163.655197143555 163.781539916992 163.907867431641 163.984069824219 163.909866333008 163.835662841797 163.761459350586 163.687255859375 163.613052368164 163.538848876953 163.464645385742 163.319747924805 163.151306152344 162.982849121094 162.814407348633 162.645950317383 162.477508544922 162.309051513672 162.181106567383 162.174667358398 162.168228149414 162.161773681641 162.155334472656 162.148895263672 162.142440795898 162.136001586914 162.168258666992 162.213424682617 162.258590698242 162.303756713867 162.348922729492 162.394073486328 162.439239501953 162.482925415039 162.52214050293 162.56135559082 162.6005859375
162.393081665039 162.568054199219 162.743026733398 162.918014526367 163.092987060547 163.228042602539 163.34977722168 163.471527099609 163.59326171875 163.71501159668 163.83674621582 163.958480834961 164.044296264648 164.022277832031 164.000274658203 163.978256225586 163.956253051758 163.93424987793 163.912231445312 163.890228271484 163.757873535156 163.588745117188 163.41960144043 163.250473022461 163.081344604492 162.912200927734 162.743072509766 162.607971191406 162.574966430664 162.541946411133 162.508941650391 162.475936889648 162.442916870117 162.409912109375 162.376907348633 162.389083862305 162.41633605957 162.443588256836 162.470840454102 162.498092651367 162.525344848633 162.552597045898 162.558776855469 162.501754760742 162.444717407227 162.3876953125
162.538330078125 162.704772949219 162.871215820312 163.037658691406 163.2041015625 163.341171264648 163.468460083008 163.595733642578 163.723022460938 163.850311279297 163.977584838867 164.104873657227 164.201049804688 164.20393371582 164.206817626953 164.209701538086 164.212585449219 164.215469360352 164.218353271484 164.221237182617 164.135833740234 164.02099609375 163.906158447266 163.79133605957 163.676498413086 163.561660766602 163.446823120117 163.342620849609 163.270294189453 163.197967529297 163.125640869141 163.053314208984 162.981002807617 162.908676147461 162.836349487305 162.805465698242 162.788421630859 162.771362304688 162.754302978516 162.737243652344 162.720184326172 162.703125 162.666763305664 162.572463989258 162.478179931641 162.383880615234
162.676513671875 162.842514038086 163.008514404297 163.174514770508 163.340515136719 163.489242553711 163.632202148438 163.775161743164 163.91813659668 164.061096191406 164.204055786133 164.347015380859 164.454360961914 164.454833984375 164.455307006836 164.455795288086 164.456268310547 164.456741333008 164.457214355469 164.45768737793 164.453643798828 164.448089599609 164.442535400391 164.436981201172 164.431427001953 164.425872802734 164.420318603516 164.385055541992 164.260665893555 164.136276245117 164.01188659668 163.887496948242 163.763107299805 163.638717651367 163.51432800293 163.417419433594 163.329650878906 163.241897583008 163.15412902832 163.066375732422 162.978607177734 162.890838623047 162.806884765625 162.734298706055 162.661712646484 162.589126586914
162.814712524414 162.980270385742 163.14582824707 163.311386108398 163.476943969727 163.637313842773 163.795959472656 163.954605102539 164.113235473633 164.271881103516 164.430526733398 164.589157104492 164.707656860352 164.70573425293 164.703796386719 164.701873779297 164.699935913086 164.698013305664 164.696075439453 164.694152832031 164.771453857422 164.875183105469 164.978912353516 165.082626342773 165.18635559082 165.290084838867 165.393798828125 165.427490234375 165.251037597656 165.074584960938 164.898132324219 164.7216796875 164.545227050781 164.368774414062 164.192321777344 164.029357910156 163.870895385742 163.712432861328 163.553970336914 163.395492553711 163.237030029297 163.078567504883 162.946990966797 162.896133422852 162.845260620117 162.794387817383
162.952896118164 163.118011474609 163.283142089844 163.448257446289 163.613372802734 163.785385131836 163.959716796875 164.134033203125 164.308349609375 164.482666015625 164.656997680664 164.831314086914 164.960968017578 164.956634521484 164.952285766602 164.947952270508 164.943618774414 164.93928527832 164.934936523438 164.930603027344 165.089263916016 165.302276611328 165.515274047852 165.728286743164 165.941284179688 166.154281616211 166.367294311523 166.469909667969 166.241394042969 166.012893676758 165.784378051758 165.555862426758 165.327346801758 165.098831176758 164.870315551758 164.641311645508 164.412139892578 164.182968139648 163.953796386719 163.724624633789 163.495452880859 163.26628112793 163.087112426758 163.057952880859 163.028793334961 162.999633789062
163.091094970703 163.255767822266 163.420440673828 163.585113525391 163.749801635742 163.933471679688 164.123458862305 164.313461303711 164.503463745117 164.693466186523 164.883453369141 165.073455810547 165.214263916016 165.20751953125 165.200775146484 165.194030761719 165.187286376953 165.180541992188 165.173797607422 165.167053222656 165.407089233398 165.729370117188 166.051651000977 166.373931884766 166.696212768555 167.018493652344 167.340774536133 167.512344360352 167.23176574707 166.951187133789 166.670608520508 166.390029907227 166.109451293945 165.828872680664 165.548294067383 165.25325012207 164.953384399414 164.653503417969 164.353622436523 164.053756713867 163.753875732422 163.454010009766 163.227233886719 163.219787597656 163.212341308594 163.204879760742
163.229278564453 163.393524169922 163.557754516602 163.721984863281 163.886215209961 164.08154296875 164.287216186523 164.492889404297 164.698577880859 164.904251098633 165.109924316406 165.315612792969 165.467575073242 165.458419799805 165.449264526367 165.440124511719 165.430969238281 165.421813964844 165.412658691406 165.403518676758 165.724899291992 166.156463623047 166.588012695312 167.019577026367 167.451141357422 167.882705688477 168.314270019531 168.554779052734 168.222137451172 167.889495849609 167.556854248047 167.224212646484 166.891571044922 166.558929443359 166.226287841797 165.865188598633 165.494613647461 165.124038696289 164.753463745117 164.382888793945 164.012298583984 163.641723632812 163.36735534668 163.381622314453 163.395874023438 163.410125732422
163.156448364258 163.30158996582 163.446731567383 163.591888427734 163.737030029297 163.962860107422 164.215576171875 164.468307495117 164.72102355957 164.973754882812 165.226470947266 165.479187011719 165.661178588867 165.630966186523 165.600769042969 165.570556640625 165.540344238281 165.510131835938 165.479919433594 165.449722290039 165.802352905273 166.282592773438 166.762847900391 167.243103027344 167.723342895508 168.203598022461 168.683837890625 168.961151123047 168.629608154297 168.298080444336 167.966537475586 167.635009765625 167.303466796875 166.971939086914 166.640396118164 166.248947143555 165.837524414062 165.426086425781 165.014663696289 164.603240966797 164.191802978516 163.780380249023 163.476974487305 163.497650146484 163.518341064453 163.539016723633
162.872573852539 162.979995727539 163.08740234375 163.194808959961 163.302230834961 163.577423095703 163.908554077148 164.239685058594 164.570816040039 164.901962280273 165.233093261719 165.564224243164 165.79508972168 165.725173950195 165.655258178711 165.585342407227 165.515426635742 165.445495605469 165.375579833984 165.3056640625 165.639450073242 166.107788085938 166.576126098633 167.044479370117 167.512817382812 167.981155395508 168.449508666992 168.7314453125 168.454177856445 168.17692565918 167.899658203125 167.622406005859 167.345153808594 167.067886352539 166.790634155273 166.404495239258 165.982070922852 165.559661865234 165.137237548828 164.714813232422 164.292388916016 163.869964599609 163.556106567383 163.567916870117 163.579711914062 163.591522216797
