resources/Exp000_Example-Run/Run01_M2/TimeSeries/2015/model_set/swgnt_avg.asc
NCOLS 265 
NROWS 230 
XLLCORNER -115.5625 
YLLCORNER 24.8333333333333 
CELLSIZE 0.0833333333333333 
NODATA_value -9999 
[rows 180 to 199 of 230, columns 184 to 229 of 265]
190.658187866211 190.673629760742 190.689071655273 190.495727539062 190.232788085938 189.969863891602 189.706939697266 189.444000244141 189.181076049805 188.91813659668 188.593292236328 188.082672119141 187.572052001953 187.061416625977 186.550796508789 186.040176391602 185.529556274414 185.018936157227 184.448455810547 183.858032226562 183.267593383789 182.677169799805 182.086730957031 181.496307373047 180.905868530273 180.398193359375 180.138793945312 179.879379272461 179.619964599609 179.360549926758 179.101150512695 178.841735839844 178.582321166992 178.421463012695 178.29345703125 178.165466308594 178.037460327148 177.909454345703 177.781448364258 177.653442382812 177.568603515625 177.613265991211 177.657913208008 177.702560424805 177.747222900391 177.791870117188
190.515975952148 190.522094726562 190.528228759766 190.35237121582 190.115859985352 189.879333496094 189.642822265625 189.406295776367 189.169784545898 188.93327331543 188.640197753906 188.177490234375 187.714782714844 187.252059936523 186.789352416992 186.326644897461 185.86393737793 185.401229858398 184.828186035156 184.218383789062 183.608581542969 182.998779296875 182.388961791992 181.779159545898 181.169357299805 180.640243530273 180.353256225586 180.066253662109 179.779251098633 179.492263793945 179.205261230469 178.918258666992 178.631271362305 178.532241821289 178.495864868164 178.459487915039 178.423110961914 178.386749267578 178.350372314453 178.313995361328 178.333831787109 178.522277832031 178.710723876953 178.899169921875 179.087615966797 179.276062011719
190.373748779297 190.370574951172 190.367385864258 190.209014892578 189.998916625977 189.788803100586 189.578704833984 189.368606567383 189.158493041992 188.948394775391 188.687118530273 188.272308349609 187.857513427734 187.44270324707 187.027908325195 186.61311340332 186.198303222656 185.783508300781 185.207916259766 184.578735351562 183.949554443359 183.320373535156 182.691192626953 182.06201171875 181.432830810547 180.882293701172 180.567718505859 180.253128051758 179.938552856445 179.623962402344 179.309371948242 178.99479675293 178.680206298828 178.643005371094 178.698257446289 178.753524780273 178.808776855469 178.864028930664 178.919296264648 178.974548339844 179.099044799805 179.431289672852 179.763519287109 180.095764160156 180.428009033203 180.760238647461
190.231536865234 190.219039916992 190.206558227539 190.065658569336 189.881973266602 189.698272705078 189.514587402344 189.330902099609 189.147201538086 188.963516235352 188.734024047852 188.367141723633 188.000244140625 187.633346557617 187.266464233398 186.899566650391 186.532684326172 186.165786743164 185.587646484375 184.939086914062 184.290542602539 183.641983032227 182.993423461914 182.344863891602 181.696304321289 181.12434387207 180.782180786133 180.440002441406 180.097839355469 179.755661010742 179.413497924805 179.071319580078 178.729156494141 178.753784179688 178.900665283203 179.047546386719 179.194442749023 179.341323852539 179.488204956055 179.635101318359 179.864273071289 180.340301513672 180.816329956055 181.292358398438 181.768402099609 182.244430541992
190.089324951172 190.067520141602 190.045715332031 189.922302246094 189.765029907227 189.607757568359 189.450469970703 189.293197631836 189.135925292969 188.978637695312 188.780944824219 188.461959838867 188.142974853516 187.823989868164 187.505020141602 187.18603515625 186.867050170898 186.548080444336 185.967376708984 185.299453735352 184.63151550293 183.963592529297 183.295654296875 182.627716064453 181.95979309082 181.366394042969 180.996643066406 180.626892089844 180.257125854492 179.88737487793 179.517608642578 179.147857666016 178.778106689453 178.864547729492 179.103057861328 179.341583251953 179.580093383789 179.818603515625 180.05712890625 180.295639038086 180.629486083984 181.249313354492 181.869140625 182.488967895508 183.108795166016 183.728622436523
189.94709777832 189.915985107422 189.884872436523 189.778945922852 189.648086547852 189.517227172852 189.386352539062 189.255493164062 189.124633789062 188.993759155273 188.827850341797 188.556777954102 188.285705566406 188.014633178711 187.743576049805 187.472503662109 187.201431274414 186.930358886719 186.347106933594 185.659805297852 184.972503662109 184.285186767578 183.597885131836 182.910568237305 182.223266601562 181.608444213867 181.21110534668 180.813766479492 180.416412353516 180.019073486328 179.621734619141 179.224395751953 178.827041625977 178.975311279297 179.305465698242 179.635604858398 179.965759277344 180.2958984375 180.626052856445 180.956192016602 181.39469909668 182.158325195312 182.921951293945 183.685562133789 184.449188232422 -9999
190.031936645508 189.988464355469 189.94499206543 189.850997924805 189.740158081055 189.629318237305 189.518493652344 189.407653808594 189.296813964844 189.185974121094 189.037200927734 188.774627685547 188.51203918457 188.249450683594 187.986877441406 187.72428894043 187.461715698242 187.199127197266 186.604827880859 185.899963378906 185.195098876953 184.490234375 183.785369873047 183.080505371094 182.375640869141 181.746383666992 181.344009399414 180.941619873047 180.53923034668 180.136840820312 179.734451293945 179.332061767578 178.929672241211 179.172393798828 179.630157470703 180.087905883789 180.545669555664 181.00341796875 181.461181640625 181.918930053711 182.454727172852 183.224655151367 183.994567871094 184.76448059082 185.534408569336 186.304321289062
190.343826293945 190.284942626953 190.226058959961 190.138442993164 190.041244506836 189.944046020508 189.846862792969 189.749664306641 189.652481079102 189.555282592773 189.40901184082 189.115493774414 188.821975708008 188.528457641602 188.234924316406 187.94140625 187.647888183594 187.354370117188 186.740539550781 186.019927978516 185.299331665039 184.578720092773 183.858108520508 183.137496948242 182.416900634766 181.780212402344 181.395324707031 181.010437011719 180.625549316406 180.240661621094 179.855758666992 179.47087097168 179.085983276367 179.455780029297 180.077117919922 180.698471069336 181.31982421875 181.941162109375 182.562515258789 183.183868408203 183.809555053711 184.448287963867 185.087005615234 185.725738525391 186.364456176758 -9999
190.655715942383 190.581420898438 190.507110595703 190.425872802734 190.342330932617 190.258773803711 190.175231933594 190.091674804688 190.00813293457 189.924591064453 189.780807495117 189.456359863281 189.131896972656 188.80744934082 188.482986450195 188.158538818359 187.834075927734 187.509628295898 186.876251220703 186.139892578125 185.403549194336 184.667205810547 183.930847167969 183.19450378418 182.458160400391 181.814041137695 181.446655273438 181.079254150391 180.711868286133 180.344482421875 179.977081298828 179.60969543457 179.242294311523 179.739151000977 180.52409362793 181.309036254883 182.093978881836 182.878921508789 183.663864135742 184.448806762695 185.164398193359 185.671920776367 -9999 -9999 187.19450378418 -9999
190.967620849609 190.877899169922 190.788177490234 190.713317871094 190.643417358398 190.573501586914 190.503601074219 190.433700561523 190.363784790039 190.293884277344 190.152603149414 189.797210693359 189.441833496094 189.086441040039 188.731048583984 188.37565612793 188.020263671875 187.66487121582 187.011962890625 186.259872436523 185.507781982422 184.75569152832 184.003601074219 183.251510620117 182.499420166016 181.847869873047 181.497985839844 181.148086547852 180.798187255859 180.448287963867 180.098403930664 179.748504638672 179.39860534668 180.022537231445 180.971069335938 181.91960144043 182.868133544922 183.816665649414 184.765197753906 185.713729858398 186.519226074219 186.895553588867 187.271881103516 -9999 -9999 -9999
191.279510498047 191.174377441406 191.069244384766 191.000762939453 190.94450378418 190.888229370117 190.831970214844 190.77571105957 190.719451904297 190.663192749023 190.5244140625 190.138076782227 189.751754760742 189.365432739258 188.979095458984 188.5927734375 188.206451416016 187.820114135742 187.147659301758 186.379837036133 185.611999511719 184.844177246094 184.07633972168 183.308502197266 182.540679931641 181.881698608398 181.549301147461 181.216903686523 180.884506225586 180.552108764648 180.219711303711 179.887313842773 179.554916381836 180.305908203125 181.418045043945 182.530166625977 183.642288208008 184.754425048828 -9999 -9999 187.874053955078 -9999 -9999 -9999 -9999 -9999
191.591400146484 191.470855712891 191.350296020508 191.288208007812 191.245590209961 191.20295715332 191.160339355469 191.117721557617 191.075103759766 191.032485961914 190.896209716797 190.478942871094 190.061676025391 189.644424438477 189.227157592773 188.80989074707 188.392623901367 187.975372314453 187.28337097168 186.499801635742 185.716232299805 184.932662963867 184.149078369141 183.365509033203 182.581939697266 181.91552734375 181.600631713867 181.285736083984 180.970825195312 180.65592956543 180.341033935547 180.026123046875 179.711227416992 180.589294433594 181.865005493164 183.140731811523 184.416442871094 185.692169189453 -9999 -9999 -9999 -9999 -9999 -9999 -9999 -9999
191.807174682617 191.67350769043 191.539825439453 191.469482421875 191.420257568359 191.371017456055 191.321792602539 191.272552490234 191.223327636719 191.174087524414 191.027847290039 190.590576171875 190.153305053711 189.716033935547 189.278762817383 188.841491699219 188.404220581055 187.966949462891 187.262893676758 186.469909667969 185.67692565918 184.883941650391 184.090957641602 183.297973632812 182.504989624023 181.849075317383 181.604354858398 181.359634399414 181.114898681641 180.870178222656 180.625457763672 180.380722045898 180.136001586914 181.058563232422 182.370223999023 183.681884765625 184.993545532227 186.305206298828 -9999 -9999 -9999 -9999 -9999 -9999 -9999 -9999
191.926818847656 191.782318115234 191.637817382812 191.544616699219 191.468521118164 191.39241027832 191.316314697266 191.240203857422 191.164108276367 191.087997436523 190.919342041016 190.472991943359 190.026641845703 189.580291748047 189.133926391602 188.687576293945 188.241226196289 187.794876098633 187.086242675781 186.290176391602 185.494110107422 184.698043823242 183.901977539062 183.105911254883 182.309844970703 181.682342529297 181.560470581055 181.438598632812 181.31672668457 181.194854736328 181.072982788086 180.951110839844 180.829238891602 181.713729858398 182.933685302734 184.153625488281 185.373565673828 -9999 -9999 -9999 -9999 -9999 -9999 -9999 -9999 -9999
192.046463012695 191.891143798828 191.735824584961 191.619750976562 191.516784667969 191.413803100586 191.310836791992 191.207855224609 191.104888916016 191.001907348633 190.810821533203 190.355392456055 189.899963378906 189.444534301758 188.989105224609 188.533660888672 188.078231811523 187.622802734375 186.909591674805 186.110443115234 185.311294555664 184.512145996094 183.712997436523 182.913848876953 182.114700317383 181.515594482422 181.516571044922 181.517562866211 181.5185546875 181.51953125 181.520523071289 181.521499633789 181.522491455078 182.368911743164 183.497146606445 -9999 -9999 -9999 -9999 -9999 -9999 -9999 -9999 -9999 -9999 -9999
192.166107177734 191.999969482422 191.83381652832 191.694885253906 191.565048217773 191.435195922852 191.305358886719 191.175506591797 191.045669555664 190.915817260742 190.70231628418 190.23779296875 189.773284912109 189.308776855469 188.844268798828 188.379760742188 187.915237426758 187.450729370117 186.732925415039 185.930709838867 185.128479003906 184.326248168945 183.524017333984 182.721786499023 181.919555664062 181.348846435547 181.472686767578 181.596527099609 181.720367431641 181.844207763672 181.968048095703 182.091888427734 182.215728759766 183.024078369141 184.060592651367 -9999 -9999 -9999 -9999 -9999 -9999 -9999 -9999 -9999 -9999 -9999
192.285766601562 192.108779907227 191.93180847168 191.77001953125 191.613311767578 191.456588745117 191.299880981445 191.143157958984 190.986450195312 190.829727172852 190.593795776367 190.120208740234 189.646606445312 189.17301940918 188.699432373047 188.225845336914 187.752243041992 187.278656005859 186.556274414062 185.750961303711 184.945663452148 184.140350341797 183.335037231445 182.529724121094 181.724411010742 181.182113647461 181.428802490234 181.675491333008 181.92219543457 182.168884277344 182.415588378906 182.66227722168 182.908966064453 183.679244995117 184.624053955078 -9999 186.513656616211 -9999 -9999 -9999 -9999 -9999 -9999 -9999 -9999 -9999
192.405410766602 192.21760559082 192.029800415039 191.845153808594 191.661575317383 191.477981567383 191.294403076172 191.110809326172 190.927230834961 190.743637084961 190.485275268555 190.00260925293 189.519943237305 189.037261962891 188.554595947266 188.071929931641 187.589248657227 187.106582641602 186.379623413086 185.571228027344 184.762832641602 183.954452514648 183.146057128906 182.337661743164 181.529266357422 181.015365600586 181.384918212891 181.754470825195 182.124008178711 182.493560791016 182.86311340332 183.232666015625 183.60221862793 184.334426879883 185.187515258789 -9999 -9999 -9999 -9999 -9999 -9999 -9999 -9999 -9999 -9999 -9999
192.731292724609 192.510131835938 192.288970947266 192.076477050781 191.866851806641 191.657241821289 191.447616577148 191.237991333008 191.028381347656 190.818756103516 190.538650512695 190.04704284668 189.555435180664 189.063827514648 188.572219848633 188.080612182617 187.589019775391 187.097412109375 186.375 185.575653076172 184.776306152344 183.976943969727 183.177597045898 182.37825012207 181.578903198242 181.088455200195 181.524673461914 181.960906982422 182.397125244141 182.833358764648 183.269577026367 183.705795288086 184.142028808594 184.838806152344 185.622436523438 186.406051635742 -9999 -9999 -9999 -9999 -9999 -9999 -9999 -9999 -9999 -9999
193.263412475586 192.986373901367 192.709350585938 192.463973999023 192.229156494141 191.994354248047 191.759536743164 191.524719238281 191.289901733398 191.055099487305 190.753890991211 190.253494262695 189.75309753418 189.252700805664 188.752319335938 188.251922607422 187.751525878906 187.251129150391 186.542404174805 185.764221191406 184.986038208008 184.207855224609 183.429672241211 182.651504516602 181.873321533203 181.4013671875 181.848083496094 182.294799804688 182.74153137207 183.188247680664 183.634963989258 184.081695556641 184.528411865234 185.192398071289 185.928802490234 -9999 -9999 -9999 -9999 -9999 -9999 -9999 -9999 -9999 -9999 -9999
