resources/Exp000_Example-Run/Run01_M2/TimeSeries/2015/model_set/swgnt_avg.asc
NCOLS 265 
NROWS 230 
XLLCORNER -115.5625 
YLLCORNER 24.8333333333333 
CELLSIZE 0.0833333333333333 
NODATA_value -9999 
[rows 80 to 99 of 230, columns 92 to 137 of 265]
190.899932861328 191.324356079102 191.748794555664 192.173217773438 192.597640991211 192.749328613281 192.810104370117 192.870880126953 192.931655883789 192.992416381836 193.053192138672 193.113967895508 193.065399169922 192.688812255859 192.312210083008 191.935623168945 191.559036254883 191.18244934082 190.805847167969 190.429260253906 190.663101196289 191.10041809082 191.537734985352 191.975051879883 192.412368774414 192.849685668945 193.287002563477 193.678375244141 193.931930541992 194.185485839844 194.439041137695 194.692596435547 194.946151733398 195.19970703125 195.453262329102 194.829147338867 193.912460327148 192.99577331543 192.079086303711 191.162414550781 190.245727539062 189.329040527344 188.6025390625 188.446578979492 188.290603637695 188.134643554688
191.739410400391 192.285583496094 192.831741333008 193.377914428711 193.924087524414 194.070419311523 194.083465576172 194.096527099609 194.109573364258 194.122619628906 194.135665893555 194.148727416992 194.044006347656 193.586029052734 193.128051757812 192.670074462891 192.212097167969 191.754119873047 191.296142578125 190.838150024414 191.099014282227 191.599502563477 192.099975585938 192.600448608398 193.100921630859 193.60139465332 194.10188293457 194.54150390625 194.798583984375 195.0556640625 195.312744140625 195.56982421875 195.826904296875 196.083984375 196.341064453125 195.723602294922 194.814605712891 193.905609130859 192.996627807617 192.087631225586 191.178634643555 190.269653320312 189.539901733398 189.347915649414 189.15592956543 188.963943481445
192.578887939453 193.246795654297 193.914703369141 194.582626342773 195.250534057617 195.391510009766 195.356842041016 195.322158813477 195.287490844727 195.252822875977 195.218154907227 195.183471679688 195.02262878418 194.483261108398 193.943893432617 193.404525756836 192.865158081055 192.325790405273 191.786422729492 191.247055053711 191.534927368164 192.098571777344 192.662200927734 193.225845336914 193.789489746094 194.353118896484 194.916763305664 195.404632568359 195.665237426758 195.925842285156 196.186447143555 196.447052001953 196.707656860352 196.96826171875 197.228866577148 196.618041992188 195.716751098633 194.815444946289 193.914154052734 193.012847900391 192.111557006836 191.210250854492 190.477279663086 190.249267578125 190.021255493164 189.793243408203
193.418350219727 194.2080078125 194.997665405273 195.787322998047 196.57698059082 196.712600708008 196.63020324707 196.547805786133 196.465408325195 196.383026123047 196.300628662109 196.218231201172 196.001251220703 195.380493164062 194.759735107422 194.138977050781 193.518218994141 192.8974609375 192.276702880859 191.655944824219 191.970855712891 192.597640991211 193.22444152832 193.85124206543 194.478042602539 195.104843139648 195.731628417969 196.267761230469 196.531890869141 196.796020507812 197.060150146484 197.324279785156 197.588409423828 197.8525390625 198.116668701172 197.512496948242 196.618896484375 195.725280761719 194.831680297852 193.938079833984 193.044464111328 192.150863647461 191.414642333984 191.150604248047 190.886566162109 190.622528076172
193.190872192383 194.104064941406 195.017242431641 195.930435180664 196.843627929688 197.068466186523 197.063858032227 197.059234619141 197.054626464844 197.050018310547 197.04541015625 197.040786743164 196.880737304688 196.254333496094 195.627944946289 195.001556396484 194.375152587891 193.748764038086 193.122375488281 192.495971679688 192.822998046875 193.467803955078 194.11262512207 194.757446289062 195.402267456055 196.047073364258 196.69189453125 197.226028442383 197.428131103516 197.630233764648 197.832321166992 198.034423828125 198.236511230469 198.438613891602 198.640716552734 197.998260498047 197.074295043945 196.150329589844 195.226379394531 194.30241394043 193.378448486328 192.454483032227 191.692718505859 191.417541503906 191.142379760742 190.867202758789
191.896408081055 192.934921264648 193.973434448242 195.011947631836 196.05046081543 196.459106445312 196.657775878906 196.856460571289 197.055130004883 197.253814697266 197.452484130859 197.651168823242 197.661102294922 197.104827880859 196.548553466797 195.992263793945 195.435989379883 194.87971496582 194.323440551758 193.767166137695 194.091369628906 194.709060668945 195.326751708984 195.944458007812 196.562149047852 197.179840087891 197.797546386719 198.279434204102 198.353942871094 198.428451538086 198.502960205078 198.57746887207 198.651977539062 198.726486206055 198.800994873047 198.075332641602 197.082977294922 196.090606689453 195.098236083984 194.105865478516 193.113494873047 192.121124267578 191.311492919922 191.050079345703 190.788650512695 190.527236938477
190.601959228516 191.76579284668 192.929641723633 194.093475341797 195.257308959961 195.849746704102 196.251708984375 196.653671264648 197.055633544922 197.457611083984 197.859573364258 198.261535644531 198.441467285156 197.955307006836 197.469146728516 196.982986450195 196.496826171875 196.010665893555 195.524505615234 195.038345336914 195.359725952148 195.950302124023 196.540878295898 197.131454467773 197.722030639648 198.312606811523 198.903182983398 199.33283996582 199.279754638672 199.226684570312 199.173599243164 199.120513916016 199.067428588867 199.014343261719 198.96125793457 198.152420043945 197.091644287109 196.030868530273 194.970092773438 193.909317016602 192.848541259766 191.787780761719 190.930282592773 190.682601928711 190.434936523438 190.187271118164
189.307510375977 190.596664428711 191.885833740234 193.174987792969 194.464157104492 195.240386962891 195.845642089844 196.450897216797 197.05615234375 197.661392211914 198.266647338867 198.87190246582 199.221832275391 198.805786132812 198.389739990234 197.973709106445 197.557662963867 197.141616821289 196.725570678711 196.309524536133 196.62809753418 197.191558837891 197.755004882812 198.318466186523 198.881912231445 199.445373535156 200.008819580078 200.386245727539 200.205581665039 200.02490234375 199.844223022461 199.663558959961 199.482879638672 199.302215576172 199.121536254883 198.2294921875 197.100311279297 195.971130371094 194.841949462891 193.712783813477 192.583602905273 191.45442199707 190.549057006836 190.315139770508 190.08122253418 189.847305297852
188.013061523438 189.427536010742 190.842025756836 192.25651550293 193.671005249023 194.63102722168 195.439575195312 196.248107910156 197.056655883789 197.865188598633 198.673736572266 199.482284545898 200.002197265625 199.656280517578 199.310348510742 198.964416503906 198.61848449707 198.272567749023 197.926635742188 197.580703735352 197.896469116211 198.432800292969 198.969131469727 199.505477905273 200.041809082031 200.578140258789 201.114471435547 201.439651489258 201.131393432617 200.823120117188 200.514862060547 200.206604003906 199.898345947266 199.590087890625 199.281814575195 198.306564331055 197.108978271484 195.911392211914 194.713821411133 193.516235351562 192.318649291992 191.121063232422 190.167831420898 189.947677612305 189.727508544922 189.507339477539
186.718597412109 188.258407592773 189.798217773438 191.338027954102 192.877838134766 194.021667480469 195.033493041992 196.045333862305 197.057159423828 198.068984985352 199.080825805664 200.092651367188 200.782562255859 200.506759643555 200.230941772461 199.955139160156 199.679321289062 199.403518676758 199.127700805664 198.85188293457 199.164840698242 199.674057006836 200.18327331543 200.692474365234 201.201690673828 201.710891723633 202.220108032227 202.493057250977 202.057205200195 201.621353149414 201.185501098633 200.749649047852 200.31379699707 199.877944946289 199.442092895508 198.383636474609 197.117660522461 195.851669311523 194.585678100586 193.319686889648 192.053695678711 190.787704467773 189.78662109375 189.580200195312 189.373794555664 189.167373657227
185.806625366211 187.354156494141 188.901702880859 190.449249267578 191.996780395508 193.256103515625 194.419342041016 195.582565307617 196.745803833008 197.909042358398 199.072280883789 200.23551940918 201.063507080078 200.885757446289 200.707992553711 200.530242919922 200.352478027344 200.174728393555 199.996978759766 199.819213867188 200.116104125977 200.571197509766 201.026290893555 201.481384277344 201.936492919922 202.391586303711 202.8466796875 203.058975219727 202.542877197266 202.026779174805 201.510665893555 200.994567871094 200.478454589844 199.962356567383 199.446258544922 198.359283447266 197.082046508789 195.804794311523 194.527557373047 193.250305175781 191.973052978516 190.695816040039 189.686309814453 189.480026245117 189.273727416992 189.067443847656
185.277114868164 186.714797973633 188.152465820312 189.590148925781 191.02783203125 192.334320068359 193.597076416016 194.859848022461 196.122604370117 197.385375976562 198.648132324219 199.910888671875 200.845031738281 200.793258666992 200.741500854492 200.689743041992 200.637969970703 200.586212158203 200.534454345703 200.482696533203 200.750244140625 201.124237060547 201.498229980469 201.872222900391 202.246200561523 202.620193481445 202.994186401367 203.137420654297 202.588409423828 202.03938293457 201.490371704102 200.941345214844 200.392318725586 199.843307495117 199.294281005859 198.233505249023 197.002151489258 195.770797729492 194.539443969727 193.308090209961 192.076736450195 190.845367431641 189.866912841797 189.647125244141 189.427322387695 189.207534790039
184.747604370117 186.075424194336 187.403228759766 188.731048583984 190.058868408203 191.412536621094 192.774826049805 194.137115478516 195.499404907227 196.861694335938 198.223983764648 199.586273193359 200.626541137695 200.700775146484 200.775009155273 200.849243164062 200.923461914062 200.997695922852 201.071929931641 201.14616394043 201.384384155273 201.677276611328 201.970153808594 202.263031005859 202.555923461914 202.84880065918 203.141693115234 203.215866088867 202.633941650391 202.052001953125 201.470062255859 200.888122558594 200.306182861328 199.724258422852 199.142318725586 198.107727050781 196.922271728516 195.736801147461 194.551330566406 193.365859985352 192.180404663086 190.994934082031 190.047515869141 189.814224243164 189.580917358398 189.347625732422
184.21809387207 185.436050415039 186.654006958008 187.871948242188 189.089904785156 190.490753173828 191.952575683594 193.41438293457 194.876205444336 196.338012695312 197.799835205078 199.261642456055 200.408065795898 200.608291625977 200.808517456055 201.008728027344 201.208953857422 201.4091796875 201.609405517578 201.809631347656 202.018524169922 202.23030090332 202.442077636719 202.653869628906 202.865646362305 203.077423095703 203.289199829102 203.294311523438 202.679458618164 202.064605712891 201.449752807617 200.834899902344 200.22004699707 199.605194091797 198.990341186523 197.981948852539 196.842376708984 195.70280456543 194.563217163086 193.423645019531 192.284072875977 191.144500732422 190.228118896484 189.981323242188 189.734527587891 189.487731933594
183.688583374023 184.796676635742 185.904769897461 187.01286315918 188.120956420898 189.568969726562 191.130310058594 192.691650390625 194.252990722656 195.814331054688 197.375671386719 198.93701171875 200.189575195312 200.51579284668 200.842010498047 201.168228149414 201.494445800781 201.820678710938 202.146896362305 202.473114013672 202.65266418457 202.783340454102 202.914016723633 203.044692993164 203.175354003906 203.306030273438 203.436706542969 203.372756958008 202.724990844727 202.077224731445 201.429458618164 200.781692504883 200.133911132812 199.486145019531 198.83837890625 197.856170654297 196.762481689453 195.668792724609 194.575119018555 193.481430053711 192.387741088867 191.294052124023 190.408721923828 190.148422241211 189.888122558594 189.627822875977
183.159072875977 184.157302856445 185.155532836914 186.153762817383 187.151992797852 188.647201538086 190.308059692383 191.968933105469 193.629791259766 195.290664672852 196.951522827148 198.612396240234 199.971084594727 200.423309326172 200.875518798828 201.327728271484 201.779937744141 202.232162475586 202.684371948242 203.136581420898 203.286804199219 203.336380004883 203.385940551758 203.435516357422 203.485076904297 203.534637451172 203.584213256836 203.451202392578 202.770523071289 202.08984375 201.409149169922 200.728469848633 200.047775268555 199.367095947266 198.686416625977 197.730392456055 196.682601928711 195.634796142578 194.587005615234 193.539199829102 192.491409301758 191.443618774414 190.589309692383 190.315521240234 190.041717529297 189.767913818359
183.672393798828 184.550064086914 185.427719116211 186.305374145508 187.183029174805 188.564956665039 190.114974975586 191.664993286133 193.21501159668 194.765029907227 196.315048217773 197.86506652832 199.169876098633 199.739013671875 200.308151245117 200.877288818359 201.446426391602 202.015563964844 202.584701538086 203.153854370117 203.324737548828 203.362884521484 203.401016235352 203.439163208008 203.477294921875 203.515441894531 203.553573608398 203.414672851562 202.74462890625 202.074569702148 201.404525756836 200.734481811523 200.064437866211 199.394378662109 198.724334716797 197.818344116211 196.833709716797 195.849075317383 194.864440917969 193.879791259766 192.895156860352 191.910522460938 191.095367431641 190.788635253906 190.481887817383 190.175155639648
185.228546142578 185.97492980957 186.721313476562 187.467697143555 188.214080810547 189.322280883789 190.551071166992 191.779876708984 193.008666992188 194.23747253418 195.466262817383 196.695068359375 197.785903930664 198.462905883789 199.139907836914 199.816909790039 200.493911743164 201.170913696289 201.847900390625 202.52490234375 202.766448974609 202.862854003906 202.959243774414 203.055633544922 203.152038574219 203.248428344727 203.344818115234 203.263153076172 202.64729309082 202.031433105469 201.415588378906 200.799728393555 200.183868408203 199.568008422852 198.9521484375 198.120040893555 197.2158203125 196.311614990234 195.407409667969 194.503204345703 193.598999023438 192.694778442383 191.926849365234 191.567749023438 191.208648681641 190.849548339844
186.784683227539 187.399795532227 188.014907836914 188.630020141602 189.245132446289 190.07958984375 190.987167358398 191.894744873047 192.802322387695 193.709899902344 194.617477416992 195.525054931641 196.401947021484 197.186813354492 197.971664428711 198.756530761719 199.541381835938 200.326248168945 201.111099243164 201.895965576172 202.208160400391 202.362823486328 202.517471313477 202.672119140625 202.826766967773 202.981414794922 203.13606262207 203.111633300781 202.54997253418 201.988296508789 201.426635742188 200.864974975586 200.303298950195 199.741638183594 199.179977416992 198.421722412109 197.597946166992 196.774169921875 195.950378417969 195.126602172852 194.302825927734 193.479049682617 192.758346557617 192.346878051758 191.935409545898 191.523956298828
188.340835571289 188.824676513672 189.308502197266 189.792343139648 190.276184082031 190.8369140625 191.423263549805 192.009613037109 192.595977783203 193.182327270508 193.768692016602 194.355041503906 195.017990112305 195.910705566406 196.803436279297 197.696151733398 198.5888671875 199.481582641602 200.374298095703 201.267028808594 201.649887084961 201.862777709961 202.07568359375 202.288589477539 202.501495361328 202.714401245117 202.927307128906 202.960113525391 202.45263671875 201.945159912109 201.437698364258 200.930221557617 200.422744750977 199.915267944336 199.407791137695 198.723403930664 197.980056762695 197.236709594727 196.493362426758 195.75 195.006652832031 194.263305664062 193.589828491211 193.126007080078 192.662170410156 192.198348999023
