resources/Exp000_Example-Run/Run01_M2/TimeSeries/2015/model_set/swgnt_avg.asc
NCOLS 265 
NROWS 230 
XLLCORNER -115.5625 
YLLCORNER 24.8333333333333 
CELLSIZE 0.0833333333333333 
NODATA_value -9999 
[rows 140 to 159 of 230, columns 184 to 229 of 265]
187.875747680664 187.603881835938 187.332000732422 187.050689697266 186.766250610352 186.481796264648 186.197357177734 185.912902832031 185.628463745117 185.344024658203 185.055038452148 184.75244140625 184.449829101562 184.147232055664 183.844635009766 183.542037963867 183.239440917969 182.93684387207 182.548614501953 182.1318359375 181.715072631836 181.298309326172 180.881530761719 180.464767456055 180.047988891602 179.653793334961 179.327270507812 179.000747680664 178.674224853516 178.347717285156 178.021194458008 177.694671630859 177.3681640625 177.081298828125 176.807647705078 176.53401184082 176.260375976562 175.986724853516 175.713088989258 175.439437866211 175.258895874023 175.357666015625 175.456420898438 175.555191040039 175.653945922852 175.752700805664
188.074508666992 187.799301147461 187.52409362793 187.242263793945 186.958251953125 186.674224853516 186.390197753906 186.106170654297 185.822158813477 185.538131713867 185.238983154297 184.894500732422 184.550018310547 184.205535888672 183.861053466797 183.516571044922 183.172073364258 182.827590942383 182.457427978516 182.078689575195 181.699951171875 181.321212768555 180.942474365234 180.563735961914 180.184997558594 179.834838867188 179.570404052734 179.305953979492 179.041519165039 178.777069091797 178.512634277344 178.248184204102 177.983749389648 177.671188354492 177.34260559082 177.014022827148 176.685424804688 176.356842041016 176.028259277344 175.699661254883 175.479904174805 175.586608886719 175.693328857422 175.800033569336 175.90673828125 176.013458251953
188.27326965332 187.994720458984 187.716186523438 187.433853149414 187.150253295898 186.866638183594 186.583038330078 186.299438476562 186.015838623047 185.732238769531 185.422943115234 185.036575317383 184.650207519531 184.263824462891 183.877456665039 183.491088867188 183.104721069336 182.718353271484 182.366226196289 182.025527954102 181.684829711914 181.344116210938 181.00341796875 180.662719726562 180.322006225586 180.015899658203 179.813522338867 179.61116027832 179.408798217773 179.206436157227 179.00407409668 178.801696777344 178.599334716797 178.261093139648 177.877563476562 177.494033813477 177.110488891602 176.726959228516 176.34342956543 175.959884643555 175.700912475586 175.815567016602 175.930221557617 176.044876098633 176.159545898438 176.274200439453
188.472030639648 188.190155029297 187.908279418945 187.625427246094 187.342239379883 187.059066772461 186.77587890625 186.492706298828 186.209518432617 185.926345825195 185.606903076172 185.178634643555 184.750381469727 184.322128295898 183.89387512207 183.465621948242 183.037368774414 182.609100341797 182.275039672852 181.972366333008 181.669708251953 181.367034912109 181.064361572266 180.761688232422 180.459030151367 180.19694519043 180.056655883789 179.916366577148 179.776077270508 179.635787963867 179.495498657227 179.355209350586 179.214920043945 178.850997924805 178.412506103516 177.974029541016 177.535552978516 177.097076416016 176.658599853516 176.220108032227 175.921905517578 176.044509887695 176.167129516602 176.289733886719 176.412338256836 176.534942626953
188.599029541016 188.313766479492 188.028503417969 187.755126953125 187.485702514648 187.216293334961 186.946868896484 186.677459716797 186.40803527832 186.138610839844 185.826156616211 185.384582519531 184.942993164062 184.501419067383 184.059829711914 183.618255615234 183.176666259766 182.735076904297 182.414169311523 182.133483886719 181.852798461914 181.572113037109 181.291412353516 181.010726928711 180.730041503906 180.490509033203 180.374404907227 180.258316040039 180.142227172852 180.026123046875 179.910034179688 179.7939453125 179.677841186523 179.29362487793 178.820022583008 178.346420288086 177.872833251953 177.399230957031 176.925628662109 176.452026367188 176.126358032227 176.244491577148 176.36262512207 176.480758666992 176.598892211914 176.717025756836
188.654281616211 188.365570068359 188.076858520508 187.822952270508 187.580627441406 187.338317871094 187.096008300781 186.85368347168 186.611373901367 186.369049072266 186.08073425293 185.654373168945 185.22802734375 184.801681518555 184.375335693359 183.948989868164 183.52262878418 183.096282958984 182.783630371094 182.508865356445 182.234115600586 181.959350585938 181.684585571289 181.40983581543 181.135070800781 180.896560668945 180.766784667969 180.636993408203 180.507217407227 180.37744140625 180.247665405273 180.117874145508 179.988098144531 179.588989257812 179.10009765625 178.611206054688 178.122314453125 177.633422851562 177.14453125 176.655639648438 176.314270019531 176.415496826172 176.516738891602 176.617965698242 176.719192504883 176.820419311523
188.709533691406 188.417373657227 188.125228881836 187.890777587891 187.675567626953 187.460342407227 187.245132446289 187.029922485352 186.814697265625 186.599487304688 186.335296630859 185.924179077148 185.513061523438 185.101943969727 184.690826416016 184.279724121094 183.868606567383 183.457489013672 183.153076171875 182.884246826172 182.615417480469 182.346588134766 182.077758789062 181.808929443359 181.540100097656 181.302612304688 181.159149169922 181.015686035156 180.872222900391 180.728744506836 180.58528137207 180.441818237305 180.298355102539 179.884353637695 179.380157470703 178.8759765625 178.371795654297 177.867614746094 177.363418579102 176.859237670898 176.502182006836 176.586517333984 176.670837402344 176.755172729492 176.839492797852 176.923828125
188.764785766602 188.469192504883 188.173583984375 187.958602905273 187.770492553711 187.582382202148 187.394256591797 187.206146240234 187.018035888672 186.829925537109 186.589874267578 186.193984985352 185.798110961914 185.402221679688 185.006332397461 184.610458374023 184.214569091797 183.81867980957 183.522537231445 183.259643554688 182.996734619141 182.733840942383 182.470932006836 182.208038330078 181.945129394531 181.70866394043 181.551513671875 181.39436340332 181.237213134766 181.080062866211 180.922912597656 180.765762329102 180.608612060547 180.179702758789 179.660232543945 179.140762329102 178.621276855469 178.101806640625 177.582321166992 177.062850952148 176.690093994141 176.757522583008 176.824951171875 176.892379760742 176.95979309082 177.027221679688
188.820037841797 188.52099609375 188.221939086914 188.026428222656 187.865417480469 187.704406738281 187.543395996094 187.382385253906 187.221374511719 187.060363769531 186.844436645508 186.463790893555 186.083145141602 185.702484130859 185.321838378906 184.941192626953 184.560531616211 184.179885864258 183.891998291016 183.635025024414 183.378051757812 183.121078491211 182.864105224609 182.607131958008 182.350158691406 182.114730834961 181.943893432617 181.773056030273 181.60221862793 181.431365966797 181.260528564453 181.089691162109 180.918853759766 180.475067138672 179.940307617188 179.405532836914 178.870758056641 178.335998535156 177.801223754883 177.266448974609 176.878005981445 176.928527832031 176.979049682617 177.029571533203 177.080108642578 177.130630493164
188.875289916992 188.572799682617 188.270309448242 188.094253540039 187.960342407227 187.826431274414 187.692520141602 187.558609008789 187.424713134766 187.290802001953 187.099014282227 186.733596801758 186.368179321289 186.00276184082 185.637344360352 185.271926879883 184.906509399414 184.541076660156 184.261444091797 184.010406494141 183.759368896484 183.508316040039 183.257278442383 183.006240844727 182.755187988281 182.520782470703 182.33625793457 182.151733398438 181.967208862305 181.782684326172 181.598159790039 181.413635253906 181.229110717773 180.770431518555 180.220367431641 179.670303344727 179.120239257812 178.570190429688 178.020126342773 177.470062255859 177.06591796875 177.099533081055 177.133163452148 177.166778564453 177.200408935547 177.234024047852
189.083709716797 188.797546386719 188.51139831543 188.348434448242 188.226531982422 188.104614257812 187.982711791992 187.860794067383 187.738891601562 187.616989135742 187.440658569336 187.101058959961 186.761474609375 186.421875 186.082290649414 185.742706298828 185.403106689453 185.063522338867 184.777267456055 184.508804321289 184.240325927734 183.971862792969 183.703399658203 183.434921264648 183.166458129883 182.912185668945 182.70051574707 182.488845825195 182.27717590332 182.065505981445 181.853851318359 181.642181396484 181.430511474609 180.962463378906 180.408966064453 179.855484008789 179.301986694336 178.748489379883 178.19499206543 177.641494750977 177.230178833008 177.245422363281 177.260665893555 177.275909423828 177.291152954102 177.306396484375
189.445281982422 189.195251464844 188.945236206055 188.788970947266 188.663970947266 188.538955688477 188.413955688477 188.288940429688 188.163925170898 188.038925170898 187.869369506836 187.566207885742 187.263031005859 186.959869384766 186.656692504883 186.353515625 186.050354003906 185.747177124023 185.439453125 185.13020324707 184.820953369141 184.511703491211 184.202453613281 183.893203735352 183.583953857422 183.288955688477 183.036682128906 182.784408569336 182.532135009766 182.279861450195 182.027587890625 181.775314331055 181.523040771484 181.051177978516 180.506103515625 179.961044311523 179.415969848633 178.870895385742 178.325836181641 177.78076171875 177.370819091797 177.366195678711 177.361587524414 177.356979370117 177.352355957031 177.347747802734
189.806854248047 189.592956542969 189.37907409668 189.229522705078 189.101409912109 188.973297119141 188.845184326172 188.717071533203 188.588958740234 188.460861206055 188.298080444336 188.031341552734 187.764587402344 187.497848510742 187.231094360352 186.964340209961 186.697601318359 186.430847167969 186.101638793945 185.751602172852 185.401580810547 185.051544189453 184.701522827148 184.351486206055 184.001449584961 183.665710449219 183.372833251953 183.079956054688 182.787078857422 182.494201660156 182.201324462891 181.908447265625 181.615570068359 181.139877319336 180.603240966797 180.066604614258 179.52995300293 178.993316650391 178.456680297852 177.920043945312 177.511444091797 177.486968994141 177.462493896484 177.438034057617 177.413558959961 177.389083862305
190.168411254883 189.990661621094 189.812911987305 189.670059204102 189.538848876953 189.407638549805 189.276428222656 189.145217895508 189.014007568359 188.882797241211 188.726806640625 188.496475219727 188.266143798828 188.035827636719 187.80549621582 187.575164794922 187.344848632812 187.114517211914 186.763824462891 186.373016357422 185.982208251953 185.591384887695 185.200576782227 184.809768676758 184.418960571289 184.04248046875 183.708999633789 183.375518798828 183.042037963867 182.708557128906 182.375076293945 182.041595458984 181.708114624023 181.228576660156 180.70036315918 180.172164916992 179.643951416016 179.115737915039 178.587524414062 178.059310913086 177.652069091797 177.60774230957 177.563415527344 177.519088745117 177.474761962891 177.430435180664
190.529983520508 190.388366699219 190.24674987793 190.110610961914 189.976287841797 189.841979980469 189.707672119141 189.573348999023 189.439041137695 189.304733276367 189.155517578125 188.961608886719 188.767700195312 188.573806762695 188.379898071289 188.185989379883 187.992080688477 187.798187255859 187.426010131836 186.994415283203 186.56282043457 186.131225585938 185.699630737305 185.268051147461 184.836456298828 184.419235229492 184.045150756836 183.67106628418 183.296981811523 182.922897338867 182.548812866211 182.174728393555 181.800643920898 181.317291259766 180.797500610352 180.277725219727 179.757934570312 179.238143920898 178.718368530273 178.198577880859 177.792694091797 177.728515625 177.664337158203 177.600143432617 177.53596496582 177.471786499023
190.891555786133 190.786071777344 190.680572509766 190.551147460938 190.413726806641 190.276321411133 190.138900756836 190.001495361328 189.864074707031 189.726654052734 189.584228515625 189.426742553711 189.269256591797 189.111785888672 188.954299926758 188.796813964844 188.63932800293 188.481842041016 188.088195800781 187.615829467773 187.143447875977 186.67106628418 186.198699951172 185.726318359375 185.253952026367 184.795989990234 184.381301879883 183.966613769531 183.551940917969 183.137252807617 182.722564697266 182.307876586914 181.893188476562 181.405990600586 180.894638061523 180.383285522461 179.871917724609 179.360565185547 178.849212646484 178.337844848633 177.933319091797 177.84928894043 177.765243530273 177.681213378906 177.59716796875 177.513122558594
191.318511962891 191.243499755859 191.168487548828 191.041564941406 190.897338867188 190.753112792969 190.60888671875 190.464660644531 190.320434570312 190.176208496094 190.028366088867 189.869659423828 189.710952758789 189.55224609375 189.393539428711 189.234832763672 189.076110839844 188.917404174805 188.523529052734 188.05126953125 187.578994750977 187.106735229492 186.634460449219 186.162200927734 185.68994140625 185.218887329102 184.75146484375 184.284042358398 183.816619873047 183.349197387695 182.881774902344 182.414352416992 181.946929931641 181.454437255859 180.953582763672 180.452728271484 179.951889038086 179.451034545898 178.950180053711 178.449340820312 178.048950195312 177.949981689453 177.850997924805 177.752029418945 177.653045654297 177.554077148438
191.810836791992 191.760650634766 191.710464477539 191.581848144531 191.427108764648 191.272369384766 191.117614746094 190.962875366211 190.808135986328 190.653381347656 190.487930297852 190.29035949707 190.0927734375 189.89518737793 189.697601318359 189.500030517578 189.302444458008 189.104858398438 188.732009887695 188.300750732422 187.869476318359 187.438217163086 187.006942749023 186.575668334961 186.144409179688 185.687881469727 185.15559387207 184.623321533203 184.091033935547 183.558746337891 183.026458740234 182.494171142578 181.961883544922 181.462615966797 180.974349975586 180.486083984375 179.997817993164 179.509552001953 179.021286010742 178.533020019531 178.139587402344 178.03059387207 177.921600341797 177.812606811523 177.70361328125 177.594619750977
192.303161621094 192.277786254883 192.252426147461 192.122146606445 191.956878662109 191.791610717773 191.626358032227 191.461090087891 191.295822143555 191.130569458008 190.947494506836 190.711044311523 190.474594116211 190.238128662109 190.001678466797 189.765228271484 189.528762817383 189.29231262207 188.940490722656 188.550231933594 188.159957885742 187.769683837891 187.379425048828 186.989151000977 186.598876953125 186.156890869141 185.55973815918 184.962585449219 184.365447998047 183.768295288086 183.171142578125 182.573989868164 181.976837158203 181.470794677734 180.9951171875 180.519439697266 180.043762207031 179.568084716797 179.092391967773 178.616714477539 178.230209350586 178.111206054688 177.9921875 177.873184204102 177.754180908203 177.635162353516
192.795486450195 192.794937133789 192.794403076172 192.66242980957 192.48664855957 192.31086730957 192.13508605957 191.95930480957 191.78352355957 191.60774230957 191.407073974609 191.131744384766 190.856414794922 190.581085205078 190.305755615234 190.030426025391 189.755096435547 189.479766845703 189.148986816406 188.799713134766 188.450439453125 188.101165771484 187.751892089844 187.402618408203 187.053359985352 186.625900268555 185.963882446289 185.301864624023 184.639862060547 183.977844238281 183.315826416016 182.65380859375 181.991806030273 181.478973388672 181.015884399414 180.552795410156 180.089691162109 179.626602172852 179.163513183594 178.700408935547 178.320831298828 178.191818237305 178.062789916992 177.93376159668 177.804733276367 177.675720214844
