resources/Exp000_Example-Run/Run01_M2/TimeSeries/2015/model_set/t2m_avg.asc
NCOLS 265 
NROWS 230 
XLLCORNER -115.5625 
YLLCORNER 24.8333333333333 
CELLSIZE 0.0833333333333333 
NODATA_value -9999 
[rows 100 to 119 of 230, columns 138 to 183 of 265]
287.720733642578 287.8251953125 287.929656982422 288.034118652344 288.079040527344 288.104095458984 288.129180908203 288.154235839844 288.179290771484 288.204376220703 288.229431152344 288.253173828125 288.272979736328 288.292785644531 288.312591552734 288.332397460938 288.352203369141 288.372009277344 288.391815185547 288.404479980469 288.414733886719 288.425018310547 288.435302734375 288.445587158203 288.455871582031 288.466156005859 288.473999023438 288.474517822266 288.475036621094 288.475555419922 288.47607421875 288.476623535156 288.477142333984 288.477661132812 288.489105224609 288.504180908203 288.519256591797 288.534362792969 288.549438476562 288.564514160156 288.579620361328 288.595062255859 288.611572265625 288.628082275391 288.644592285156 288.6611328125
288.044921875 288.138610839844 288.232330322266 288.326049804688 288.358062744141 288.369506835938 288.380950927734 288.392395019531 288.403839111328 288.415283203125 288.426727294922 288.438354492188 288.450592041016 288.462799072266 288.475036621094 288.487243652344 288.499481201172 288.511688232422 288.52392578125 288.532104492188 288.538940429688 288.545776367188 288.552612304688 288.559478759766 288.566314697266 288.573150634766 288.575775146484 288.565734863281 288.555725097656 288.545684814453 288.53564453125 288.525634765625 288.515594482422 288.505554199219 288.51123046875 288.522155761719 288.533081054688 288.544006347656 288.554901123047 288.565826416016 288.576751708984 288.5908203125 288.614349365234 288.637908935547 288.661468505859 288.684997558594
288.211822509766 288.296813964844 288.381774902344 288.466735839844 288.490447998047 288.493743896484 288.497009277344 288.500305175781 288.503601074219 288.506896972656 288.510192871094 288.513946533203 288.51904296875 288.524169921875 288.529296875 288.534393310547 288.539520263672 288.544616699219 288.549743652344 288.557739257812 288.566680908203 288.575622558594 288.584564208984 288.593505859375 288.602447509766 288.611389160156 288.615661621094 288.605926513672 288.596160888672 288.58642578125 288.57666015625 288.56689453125 288.557159423828 288.547393798828 288.555023193359 288.568481445312 288.581909179688 288.595336914062 288.608795166016 288.622222900391 288.635650634766 288.652557373047 288.679748535156 288.706970214844 288.734191894531 288.761413574219
288.221527099609 288.299743652344 288.377960205078 288.456207275391 288.476196289062 288.476806640625 288.477416992188 288.47802734375 288.478637695312 288.479248046875 288.479858398438 288.479919433594 288.478393554688 288.476898193359 288.475372314453 288.473846435547 288.472351074219 288.470825195312 288.469299316406 288.481353759766 288.497955322266 288.514556884766 288.531127929688 288.547729492188 288.564331054688 288.580902099609 288.593688964844 288.595031738281 288.596405029297 288.597747802734 288.599090576172 288.600463867188 288.601806640625 288.603149414062 288.620483398438 288.643127441406 288.665771484375 288.688415527344 288.711059570312 288.733703613281 288.75634765625 288.780212402344 288.807769775391 288.835296630859 288.862854003906 288.890380859375
288.231201171875 288.302673339844 288.374176025391 288.445678710938 288.461975097656 288.459899902344 288.457824707031 288.455749511719 288.453674316406 288.451568603516 288.449493408203 288.445892333984 288.437744140625 288.429595947266 288.421447753906 288.413299560547 288.405151367188 288.397003173828 288.388854980469 288.404998779297 288.429229736328 288.453460693359 288.477722167969 288.501953125 288.526184082031 288.550415039062 288.571716308594 288.584167480469 288.596618652344 288.609069824219 288.621551513672 288.634002685547 288.646453857422 288.658905029297 288.685913085938 288.7177734375 288.749633789062 288.781494140625 288.813323974609 288.845184326172 288.877044677734 288.907897949219 288.935760498047 288.963623046875 288.991485595703 289.019348144531
288.240875244141 288.305633544922 288.370391845703 288.435119628906 288.44775390625 288.442993164062 288.438201904297 288.433441162109 288.428680419922 288.423919677734 288.419158935547 288.411895751953 288.397094726562 288.38232421875 288.367553710938 288.352752685547 288.337982177734 288.323211669922 288.308410644531 288.328643798828 288.360534667969 288.392395019531 288.424285888672 288.456176757812 288.488037109375 288.519927978516 288.549713134766 288.573303222656 288.596862792969 288.620422363281 288.643981933594 288.667541503906 288.691101074219 288.714691162109 288.751373291016 288.792419433594 288.83349609375 288.874542236328 288.915618896484 288.956665039062 288.997741699219 289.035583496094 289.063751220703 289.091949462891 289.1201171875 289.148315429688
288.250549316406 288.308563232422 288.366577148438 288.424591064453 288.433502197266 288.426055908203 288.418609619141 288.411163330078 288.403717041016 288.396270751953 288.388824462891 288.377868652344 288.3564453125 288.335052490234 288.313629150391 288.292236328125 288.270812988281 288.249389648438 288.227996826172 288.252288818359 288.291809082031 288.331329345703 288.370849609375 288.410369873047 288.449890136719 288.489440917969 288.527740478516 288.562408447266 288.597076416016 288.631744384766 288.666412353516 288.701110839844 288.735778808594 288.770446777344 288.816802978516 288.867065429688 288.917358398438 288.967620849609 289.017883300781 289.068176269531 289.118438720703 289.163269042969 289.191772460938 289.220275878906 289.248779296875 289.277282714844
288.260223388672 288.3115234375 288.36279296875 288.4140625 288.419281005859 288.409149169922 288.399017333984 288.388885498047 288.378753662109 288.368591308594 288.358459472656 288.343841552734 288.315795898438 288.287780761719 288.259735107422 288.231689453125 288.203643798828 288.175598144531 288.147552490234 288.175903320312 288.223083496094 288.270263671875 288.317413330078 288.364593505859 288.411773681641 288.458923339844 288.505767822266 288.551544189453 288.597320556641 288.643096923828 288.688873291016 288.734649658203 288.780426025391 288.826202392578 288.882263183594 288.941741943359 289.001220703125 289.060699462891 289.120178222656 289.179656982422 289.239135742188 289.290954589844 289.319763183594 289.348571777344 289.377410888672 289.406219482422
288.277923583984 288.318206787109 288.358520507812 288.398803710938 288.401092529297 288.390686035156 288.380310058594 288.369903564453 288.359497070312 288.349090576172 288.338714599609 288.324432373047 288.298553466797 288.272644042969 288.246765136719 288.220886230469 288.194976806641 288.169097900391 288.143188476562 288.174072265625 288.223876953125 288.273712158203 288.323516845703 288.373321533203 288.423126220703 288.472930908203 288.524322509766 288.580535888672 288.63671875 288.692901611328 288.749084472656 288.805267333984 288.861450195312 288.917633056641 288.982727050781 289.050750732422 289.118804931641 289.186828613281 289.2548828125 289.322906494141 289.390960693359 289.44873046875 289.475677490234 289.502624511719 289.529571533203 289.556549072266
288.303588867188 288.328674316406 288.353759765625 288.378845214844 288.378936767578 288.370697021484 288.362457275391 288.354248046875 288.346008300781 288.337768554688 288.329528808594 288.319610595703 288.304656982422 288.289703369141 288.274749755859 288.259796142578 288.244842529297 288.229888916016 288.214935302734 288.246765136719 288.294219970703 288.341644287109 288.389099121094 288.436553955078 288.483978271484 288.531433105469 288.583465576172 288.649383544922 288.715270996094 288.781158447266 288.847076416016 288.912963867188 288.978851318359 289.044769287109 289.118194580078 289.194152832031 289.270111083984 289.346069335938 289.422027587891 289.497985839844 289.573944091797 289.636627197266 289.659515380859 289.682403564453 289.705291748047 289.728179931641
288.329284667969 288.339141845703 288.348999023438 288.358856201172 288.356781005859 288.350708007812 288.344635009766 288.338562011719 288.332489013672 288.326416015625 288.320343017578 288.314788818359 288.310791015625 288.306762695312 288.302734375 288.298736572266 288.294708251953 288.290679931641 288.286682128906 288.319488525391 288.364532470703 288.409606933594 288.454681396484 288.499755859375 288.544830322266 288.589904785156 288.642608642578 288.718231201172 288.793823242188 288.869445800781 288.945037841797 289.020660400391 289.096282958984 289.171875 289.253692626953 289.337554931641 289.421417236328 289.505279541016 289.589172363281 289.673034667969 289.756896972656 289.824523925781 289.843353271484 289.862182617188 289.881011962891 289.899841308594
288.354949951172 288.349609375 288.34423828125 288.338897705078 288.334625244141 288.330718994141 288.326812744141 288.322906494141 288.319000244141 288.315093994141 288.311187744141 288.309967041016 288.31689453125 288.323822021484 288.330749511719 288.337646484375 288.344573974609 288.351501464844 288.3583984375 288.392181396484 288.434875488281 288.477569580078 288.520294189453 288.56298828125 288.605682373047 288.648406982422 288.701751708984 288.787078857422 288.872406005859 288.957702636719 289.043029785156 289.128356933594 289.213684082031 289.299011230469 289.38916015625 289.48095703125 289.572723388672 289.664520263672 289.756317138672 289.848083496094 289.939880371094 290.012420654297 290.027191162109 290.041961669922 290.056732177734 290.071502685547
288.380615234375 288.360046386719 288.339477539062 288.318908691406 288.312469482422 288.310729980469 288.308990478516 288.307250976562 288.305480957031 288.303741455078 288.302001953125 288.30517578125 288.323028564453 288.340881347656 288.358734130859 288.376586914062 288.394439697266 288.412292480469 288.430145263672 288.464874267578 288.505218505859 288.545532226562 288.585876464844 288.626220703125 288.666534423828 288.706878662109 288.760894775391 288.855926513672 288.950958251953 289.045989990234 289.141021728516 289.236053466797 289.331085205078 289.426116943359 289.524658203125 289.624359130859 289.724060058594 289.823760986328 289.923461914062 290.023162841797 290.122863769531 290.200286865234 290.210998535156 290.221710205078 290.232421875 290.243133544922
288.406311035156 288.370513916016 288.334716796875 288.298950195312 288.290313720703 288.290740966797 288.291137695312 288.291564941406 288.2919921875 288.292419433594 288.292816162109 288.300354003906 288.329132080078 288.357940673828 288.38671875 288.41552734375 288.444305419922 288.473083496094 288.501892089844 288.537567138672 288.575531005859 288.613494873047 288.651458740234 288.689422607422 288.727416992188 288.765380859375 288.820037841797 288.924774169922 289.029510498047 289.13427734375 289.239013671875 289.34375 289.448486328125 289.55322265625 289.660125732422 289.767761230469 289.875366210938 289.982971191406 290.090606689453 290.198211669922 290.305816650391 290.38818359375 290.394836425781 290.401489257812 290.408142089844 290.414794921875
288.491119384766 288.44482421875 288.398498535156 288.352172851562 288.341400146484 288.342498779297 288.343597412109 288.344696044922 288.345764160156 288.346862792969 288.347961425781 288.357086181641 288.390380859375 288.423645019531 288.456909179688 288.490203857422 288.523468017578 288.556732177734 288.590026855469 288.624816894531 288.66015625 288.695465087891 288.730773925781 288.76611328125 288.801422119141 288.836730957031 288.889465332031 288.994354248047 289.099243164062 289.204132080078 289.309020996094 289.413909912109 289.518829345703 289.623718261719 289.735076904297 289.8486328125 289.962188720703 290.075744628906 290.189270019531 290.302825927734 290.416381835938 290.503601074219 290.511810302734 290.520050048828 290.528259277344 290.536499023438
288.635101318359 288.582946777344 288.53076171875 288.478576660156 288.465728759766 288.466003417969 288.46630859375 288.466583251953 288.466857910156 288.467132568359 288.467407226562 288.475433349609 288.506744384766 288.538024902344 288.5693359375 288.600616455078 288.631927490234 288.663208007812 288.694519042969 288.726623535156 288.759033203125 288.791412353516 288.823822021484 288.856201171875 288.888610839844 288.920989990234 288.969177246094 289.064636230469 289.160125732422 289.255615234375 289.35107421875 289.446563720703 289.542053222656 289.637542724609 289.74951171875 289.867004394531 289.984527587891 290.102020263672 290.219512939453 290.337005615234 290.454498291016 290.546478271484 290.561920166016 290.577362060547 290.592803955078 290.608245849609
288.779083251953 288.721069335938 288.663024902344 288.60498046875 288.590087890625 288.589538574219 288.588989257812 288.588470458984 288.587921142578 288.587371826172 288.586853027344 288.593780517578 288.623107910156 288.652404785156 288.681732177734 288.711059570312 288.740386962891 288.769683837891 288.799011230469 288.828460693359 288.85791015625 288.887390136719 288.916839599609 288.946319580078 288.975799560547 289.005249023438 289.048889160156 289.134948730469 289.221008300781 289.307067871094 289.393157958984 289.479217529297 289.565277099609 289.6513671875 289.763946533203 289.885406494141 290.0068359375 290.128295898438 290.249725341797 290.371185302734 290.492614746094 290.58935546875 290.612030029297 290.634674072266 290.657318115234 290.679992675781
288.923065185547 288.859191894531 288.795288085938 288.731414794922 288.714416503906 288.713073730469 288.711700439453 288.710357666016 288.708984375 288.707641601562 288.706298828125 288.712097167969 288.739440917969 288.766784667969 288.794128417969 288.821502685547 288.848846435547 288.876190185547 288.903533935547 288.930267333984 288.956817626953 288.983337402344 289.009887695312 289.036437988281 289.062957763672 289.089508056641 289.128570556641 289.205230712891 289.281890869141 289.358551025391 289.435211181641 289.511871337891 289.588531494141 289.665161132812 289.778381347656 289.903778076172 290.029174804688 290.154571533203 290.279968261719 290.405364990234 290.530731201172 290.632263183594 290.662139892578 290.691986083984 290.721862792969 290.751739501953
289.067047119141 288.997314453125 288.927551269531 288.857818603516 288.838745117188 288.836578369141 288.834411621094 288.832244873047 288.830078125 288.827911376953 288.825744628906 288.830444335938 288.855804443359 288.881195068359 288.906555175781 288.931915283203 288.957275390625 288.982666015625 289.008026123047 289.032073974609 289.055694580078 289.079315185547 289.102935791016 289.126525878906 289.150146484375 289.173767089844 289.208282470703 289.275543212891 289.3427734375 289.410034179688 289.477264404297 289.544525146484 289.611755371094 289.678985595703 289.792816162109 289.922149658203 290.051513671875 290.180847167969 290.310180664062 290.439514160156 290.568878173828 290.675140380859 290.712219238281 290.749328613281 290.786407470703 290.823486328125
289.211029052734 289.135437011719 289.059844970703 288.984222412109 288.963073730469 288.960113525391 288.957122802734 288.954132080078 288.951141357422 288.948150634766 288.945159912109 288.948791503906 288.97216796875 288.995574951172 289.018951416016 289.042358398438 289.065734863281 289.089141845703 289.112518310547 289.133880615234 289.154571533203 289.175262451172 289.195953369141 289.216644287109 289.237335205078 289.258026123047 289.287994384766 289.345825195312 289.403656005859 289.461486816406 289.519317626953 289.5771484375 289.634979248047 289.692810058594 289.807250976562 289.940551757812 290.073822021484 290.207122802734 290.340423583984 290.473693847656 290.606994628906 290.718048095703 290.762329101562 290.806640625 290.850921630859 290.895233154297
