resources/Exp000_Example-Run/Run01_M2/TimeSeries/2015/model_set/t2m_avg.asc
NCOLS 265 
NROWS 230 
XLLCORNER -115.5625 
YLLCORNER 24.8333333333333 
CELLSIZE 0.0833333333333333 
NODATA_value -9999 
[rows 20 to 39 of 230, columns 138 to 183 of 265]
282.805908203125 282.799041748047 282.792175292969 282.785308837891 282.798248291016 282.817749023438 282.837280273438 282.856811523438 282.876342773438 282.895874023438 282.915405273438 282.923156738281 282.895721435547 282.868255615234 282.840789794922 282.813354492188 282.785888671875 282.758422851562 282.73095703125 282.712768554688 282.697662353516 282.682556152344 282.667419433594 282.652313232422 282.63720703125 282.622100830078 282.61474609375 282.630645751953 282.646545410156 282.662445068359 282.678344726562 282.694244384766 282.710144042969 282.726043701172 282.744934082031 282.764831542969 282.784729003906 282.804656982422 282.824554443359 282.844451904297 282.864349365234 282.879272460938 282.879180908203 282.879119873047 282.879028320312 282.878967285156
282.946716308594 282.929260253906 282.911834716797 282.894378662109 282.898101806641 282.908874511719 282.919677734375 282.930450439453 282.941223144531 282.951995849609 282.962799072266 282.9638671875 282.935913085938 282.907928466797 282.879943847656 282.851959228516 282.823974609375 282.796020507812 282.768035888672 282.747619628906 282.729736328125 282.711853027344 282.693969726562 282.676086425781 282.658203125 282.640319824219 282.631011962891 282.647369384766 282.663757324219 282.680114746094 282.696502685547 282.712860107422 282.729217529297 282.74560546875 282.765655517578 282.786956787109 282.808227539062 282.829528808594 282.850799560547 282.872100830078 282.893402099609 282.909698486328 282.910980224609 282.912292480469 282.913604736328 282.914916992188
283.087524414062 283.059509277344 283.031463623047 283.003448486328 282.997985839844 283 283.002044677734 283.004089355469 283.006103515625 283.008148193359 283.010192871094 283.004577636719 282.97607421875 282.947601318359 282.919097900391 282.890594482422 282.862091064453 282.833587646484 282.805084228516 282.782470703125 282.761810302734 282.741180419922 282.720520019531 282.699859619141 282.67919921875 282.658569335938 282.647277832031 282.664123535156 282.680969238281 282.697784423828 282.714630126953 282.731475830078 282.748321533203 282.765167236328 282.786376953125 282.809051513672 282.831726074219 282.854400634766 282.877075195312 282.899749755859 282.922424316406 282.940093994141 282.942779541016 282.945465087891 282.948150634766 282.950836181641
283.228332519531 283.189727783203 283.151123046875 283.112518310547 283.097839355469 283.091125488281 283.084411621094 283.077728271484 283.071014404297 283.064300537109 283.057586669922 283.045288085938 283.016265869141 282.987243652344 282.958221435547 282.92919921875 282.900207519531 282.871185302734 282.842163085938 282.817321777344 282.793914794922 282.770477294922 282.7470703125 282.7236328125 282.700225830078 282.676788330078 282.663543701172 282.680847167969 282.698181152344 282.715484619141 282.732788085938 282.750091552734 282.767425537109 282.784729003906 282.807098388672 282.831146240234 282.855224609375 282.879272460938 282.903350830078 282.927398681641 282.951477050781 282.970520019531 282.974609375 282.978668212891 282.982727050781 282.986785888672
283.284027099609 283.248077392578 283.212127685547 283.176177978516 283.160766601562 283.152221679688 283.143676757812 283.135131835938 283.126586914062 283.118041992188 283.109497070312 283.096435546875 283.069793701172 283.043182373047 283.016571044922 282.989929199219 282.963317871094 282.936706542969 282.910064697266 282.885467529297 282.861511230469 282.837554931641 282.813598632812 282.789642333984 282.765686035156 282.741729736328 282.727874755859 282.744232177734 282.760589599609 282.776977539062 282.793334960938 282.809692382812 282.826080322266 282.842437744141 282.862976074219 282.884918212891 282.906860351562 282.928802490234 282.950714111328 282.97265625 282.994598388672 283.011779785156 283.014770507812 283.017730712891 283.020690917969 283.023651123047
283.254638671875 283.234558105469 283.214477539062 283.194396972656 283.186767578125 283.183288574219 283.179809570312 283.176330566406 283.1728515625 283.169372558594 283.165893554688 283.157958984375 283.136657714844 283.115356445312 283.094055175781 283.07275390625 283.051452636719 283.030151367188 283.008850097656 282.986846923828 282.964599609375 282.942352294922 282.920104980469 282.897888183594 282.875640869141 282.853393554688 282.840209960938 282.854217529297 282.868255615234 282.882263183594 282.896270751953 282.910278320312 282.924285888672 282.938323974609 282.954040527344 282.970336914062 282.986633300781 283.0029296875 283.019226074219 283.035522460938 283.051818847656 283.063873291016 283.063262939453 283.062683105469 283.062072753906 283.061462402344
283.225250244141 283.221038818359 283.216827392578 283.212615966797 283.212738037109 283.21435546875 283.215942382812 283.217529296875 283.219146728516 283.220733642578 283.222320556641 283.219512939453 283.203552246094 283.187561035156 283.171569824219 283.155578613281 283.139617919922 283.123626708984 283.107635498047 283.088256835938 283.067718505859 283.047180175781 283.026641845703 283.006103515625 282.985595703125 282.965057373047 282.952575683594 282.964233398438 282.975891113281 282.987548828125 282.999206542969 283.010864257812 283.022521972656 283.0341796875 283.045104980469 283.055755615234 283.06640625 283.077056884766 283.087707519531 283.098358154297 283.109008789062 283.115966796875 283.111785888672 283.107635498047 283.103454589844 283.099273681641
283.195861816406 283.20751953125 283.219177246094 283.230804443359 283.238739013672 283.245391845703 283.252075195312 283.258728027344 283.265411376953 283.272064208984 283.278747558594 283.281066894531 283.270416259766 283.259735107422 283.249084472656 283.238403320312 283.227752685547 283.217102050781 283.206420898438 283.189636230469 283.170806884766 283.152008056641 283.133178710938 283.114349365234 283.095520019531 283.076721191406 283.064910888672 283.07421875 283.083526611328 283.092834472656 283.102142333984 283.111450195312 283.120758056641 283.130065917969 283.136138916016 283.141174316406 283.146179199219 283.151184082031 283.156188964844 283.161224365234 283.166229248047 283.168060302734 283.160308837891 283.152557373047 283.144836425781 283.137084960938
283.16650390625 283.194000244141 283.221527099609 283.2490234375 283.264709472656 283.276458740234 283.288208007812 283.299926757812 283.311676025391 283.323425292969 283.335144042969 283.342620849609 283.337280273438 283.331939697266 283.326599121094 283.321258544922 283.315887451172 283.310546875 283.305206298828 283.291046142578 283.27392578125 283.256805419922 283.239685058594 283.222595214844 283.205474853516 283.188354492188 283.177276611328 283.184234619141 283.191162109375 283.198120117188 283.205078125 283.212036132812 283.218994140625 283.225952148438 283.227203369141 283.2265625 283.225952148438 283.225311279297 283.224700927734 283.224060058594 283.223419189453 283.220123291016 283.208831787109 283.197509765625 283.186218261719 283.174896240234
283.137115478516 283.180480957031 283.223876953125 283.267242431641 283.290710449219 283.307525634766 283.324340820312 283.341125488281 283.357940673828 283.374755859375 283.391571044922 283.404174804688 283.404144287109 283.404113769531 283.404083251953 283.404083251953 283.404052734375 283.404022216797 283.403991699219 283.392425537109 283.377044677734 283.361633300781 283.346221923828 283.330810546875 283.3154296875 283.300018310547 283.289611816406 283.294219970703 283.298828125 283.303405761719 283.308013916016 283.312622070312 283.317199707031 283.321807861328 283.318267822266 283.311981201172 283.305725097656 283.299438476562 283.293182373047 283.286926269531 283.280639648438 283.272216796875 283.257354736328 283.242462158203 283.227600097656 283.212707519531
283.118927001953 283.171661376953 283.224426269531 283.277160644531 283.308013916016 283.331604003906 283.355163574219 283.378753662109 283.402313232422 283.425903320312 283.449462890625 283.468414306641 283.473419189453 283.478454589844 283.483489990234 283.488525390625 283.493560791016 283.498596191406 283.503631591797 283.494781494141 283.481323242188 283.467834472656 283.454376220703 283.44091796875 283.427459716797 283.414001464844 283.404510498047 283.406982421875 283.409484863281 283.411956787109 283.414428710938 283.416900634766 283.419403076172 283.421875 283.415557861328 283.406341552734 283.397125244141 283.387878417969 283.378662109375 283.369415283203 283.360198974609 283.348999023438 283.331848144531 283.314697265625 283.297576904297 283.280426025391
283.111968994141 283.167572021484 283.22314453125 283.278747558594 283.316680908203 283.348693847656 283.380706787109 283.412750244141 283.444763183594 283.476806640625 283.508819580078 283.535308837891 283.545135498047 283.554962158203 283.564788818359 283.574615478516 283.584442138672 283.594268798828 283.604095458984 283.598083496094 283.586761474609 283.575469970703 283.564178466797 283.552856445312 283.541564941406 283.5302734375 283.521942138672 283.522521972656 283.523132324219 283.523712158203 283.524322509766 283.524932861328 283.525512695312 283.526123046875 283.519134521484 283.509613037109 283.500122070312 283.490600585938 283.481109619141 283.471588134766 283.462097167969 283.450439453125 283.432342529297 283.414245605469 283.396179199219 283.378082275391
283.105010986328 283.163452148438 283.221893310547 283.280334472656 283.325317382812 283.365783691406 283.406280517578 283.446746826172 283.487213134766 283.527709960938 283.568176269531 283.602172851562 283.616821289062 283.631439208984 283.646057128906 283.660675048828 283.675323486328 283.68994140625 283.704559326172 283.701354980469 283.692230224609 283.683074951172 283.673950195312 283.664825439453 283.655670166016 283.646545410156 283.639373779297 283.638092041016 283.636779785156 283.635498046875 283.634216308594 283.632934570312 283.631652832031 283.630340576172 283.622680664062 283.612915039062 283.603118896484 283.593322753906 283.583557128906 283.573760986328 283.56396484375 283.551879882812 283.532836914062 283.513793945312 283.494750976562 283.475708007812
283.098052978516 283.159332275391 283.220642089844 283.281951904297 283.333953857422 283.382904052734 283.431823730469 283.480743408203 283.529663085938 283.57861328125 283.627532958984 283.669067382812 283.688507080078 283.707916259766 283.727355957031 283.746765136719 283.766174316406 283.785614013672 283.805023193359 283.804656982422 283.797668457031 283.790710449219 283.783721923828 283.776763916016 283.769805908203 283.762817382812 283.756805419922 283.753631591797 283.750457763672 283.747283935547 283.744110107422 283.740936279297 283.737762451172 283.734588623047 283.726257324219 283.716186523438 283.706115722656 283.696075439453 283.686004638672 283.675933837891 283.665863037109 283.6533203125 283.633331298828 283.613342285156 283.593353271484 283.573364257812
283.091094970703 283.155242919922 283.219390869141 283.283538818359 283.342620849609 283.399993896484 283.457366943359 283.514739990234 283.572113037109 283.629516601562 283.686889648438 283.735961914062 283.760192871094 283.784423828125 283.808624267578 283.832855224609 283.857055664062 283.881286621094 283.905487060547 283.907958984375 283.903137207031 283.898315429688 283.893524169922 283.888702392578 283.883911132812 283.879089355469 283.874237060547 283.869171142578 283.864105224609 283.859069824219 283.85400390625 283.848937988281 283.843902587891 283.838836669922 283.829803466797 283.819458007812 283.809143066406 283.798797607422 283.788452148438 283.778106689453 283.767761230469 283.754760742188 283.733825683594 283.712890625 283.691955566406 283.671020507812
283.084136962891 283.151123046875 283.218139648438 283.285125732422 283.351257324219 283.417083740234 283.48291015625 283.548736572266 283.614593505859 283.680419921875 283.746246337891 283.802856445312 283.831878662109 283.860900878906 283.889923095703 283.918914794922 283.947937011719 283.976959228516 284.005981445312 284.01123046875 284.008605957031 284.005950927734 284.003295898438 284.000671386719 283.998016357422 283.995361328125 283.991638183594 283.984710693359 283.977783203125 283.970825195312 283.963897705078 283.956939697266 283.950012207031 283.943084716797 283.933380126953 283.922760009766 283.912139892578 283.901519775391 283.890899658203 283.880279541016 283.869659423828 283.856231689453 283.834320068359 283.812438964844 283.790557861328 283.768646240234
283.187438964844 283.249786376953 283.312164306641 283.37451171875 283.437774658203 283.501373291016 283.56494140625 283.628509521484 283.692077636719 283.755645751953 283.819244384766 283.874237060547 283.903594970703 283.932952880859 283.962310791016 283.991638183594 284.02099609375 284.050354003906 284.079711914062 284.088287353516 284.089965820312 284.091674804688 284.093353271484 284.095031738281 284.096710205078 284.098388671875 284.097686767578 284.08984375 284.082000732422 284.074188232422 284.066345214844 284.058502197266 284.050659179688 284.042816162109 284.033233642578 284.023040771484 284.012878417969 284.002685546875 283.992523193359 283.982330322266 283.972137451172 283.959106445312 283.9375 283.915863037109 283.894256591797 283.872619628906
283.401031494141 283.451232910156 283.50146484375 283.551696777344 283.602203369141 283.652801513672 283.703430175781 283.754028320312 283.804626464844 283.855255126953 283.905853271484 283.950103759766 283.975341796875 284.000579833984 284.025787353516 284.051025390625 284.076232910156 284.101470947266 284.126708984375 284.139129638672 284.147308349609 284.155456542969 284.163635253906 284.171813964844 284.179962158203 284.188140869141 284.192321777344 284.1845703125 284.176818847656 284.169067382812 284.161315917969 284.153564453125 284.145812988281 284.138061523438 284.129364013672 284.120361328125 284.111328125 284.102294921875 284.093292236328 284.084259033203 284.075225830078 284.063446044922 284.043304443359 284.023193359375 284.003051757812 283.982940673828
283.614593505859 283.652679443359 283.690765380859 283.728851318359 283.7666015625 283.804260253906 283.841888427734 283.879547119141 283.917175292969 283.954833984375 283.992462158203 284.025970458984 284.047088623047 284.068176269531 284.089294433594 284.110382080078 284.131500244141 284.152587890625 284.173706054688 284.189971923828 284.204620361328 284.219268798828 284.233917236328 284.248596191406 284.263244628906 284.277893066406 284.286956787109 284.279296875 284.271636962891 284.263977050781 284.256317138672 284.248657226562 284.240997314453 284.233337402344 284.225524902344 284.217651367188 284.209777832031 284.201934814453 284.194061279297 284.186187744141 284.178344726562 284.167785644531 284.149139404297 284.130523681641 284.111877441406 284.093231201172
283.828186035156 283.854125976562 283.880065917969 283.906005859375 283.931030273438 283.955688476562 283.980377197266 284.005065917969 284.029724121094 284.054412841797 284.0791015625 284.101837158203 284.118835449219 284.135803222656 284.152770996094 284.169769287109 284.186737060547 284.203704833984 284.220703125 284.240783691406 284.261932373047 284.283081054688 284.304229736328 284.325347900391 284.346496582031 284.367645263672 284.381622314453 284.3740234375 284.366455078125 284.35888671875 284.351318359375 284.34375 284.336151123047 284.328582763672 284.321655273438 284.31494140625 284.308258056641 284.301544189453 284.294830322266 284.288116455078 284.281433105469 284.272094726562 284.254974365234 284.237823486328 284.220703125 284.203552246094
