resources/Exp000_Example-Run/Run01_M2/TimeSeries/2015/model_set/t2m_avg.asc
NCOLS 265 
NROWS 230 
XLLCORNER -115.5625 
YLLCORNER 24.8333333333333 
CELLSIZE 0.0833333333333333 
NODATA_value -9999 
[rows 40 to 59 of 230, columns 92 to 137 of 265]
280.204956054688 279.894622802734 279.584289550781 279.273956298828 278.963623046875 278.578735351562 278.169006347656 277.75927734375 277.349578857422 276.939849853516 276.530120849609 276.120391845703 275.790557861328 275.700347900391 275.610107421875 275.519897460938 275.429656982422 275.339447021484 275.249237060547 275.158996582031 275.327026367188 275.581115722656 275.835174560547 276.089263916016 276.343353271484 276.597442626953 276.851531982422 277.23291015625 277.996215820312 278.759521484375 279.522857666016 280.286163330078 281.049468994141 281.812774658203 282.576080322266 282.888519287109 283.050689697266 283.212829589844 283.375 283.537139892578 283.699310302734 283.861450195312 283.986541748047 284.000335693359 284.01416015625 284.027954101562
280.262420654297 279.926513671875 279.590576171875 279.254669189453 278.918762207031 278.536895751953 278.139678955078 277.742462158203 277.345275878906 276.948059082031 276.550842285156 276.153625488281 275.828094482422 275.717590332031 275.607086181641 275.49658203125 275.386047363281 275.275543212891 275.1650390625 275.054504394531 275.207427978516 275.448150634766 275.688873291016 275.929595947266 276.170318603516 276.411041259766 276.651733398438 277.039611816406 277.868927001953 278.698211669922 279.527526855469 280.356842041016 281.186157226562 282.015441894531 282.844757080078 283.171691894531 283.331176757812 283.490661621094 283.650177001953 283.809661865234 283.969146728516 284.128631591797 284.248657226562 284.250335693359 284.252014160156 284.253662109375
280.160308837891 279.795104980469 279.429931640625 279.064727783203 278.699523925781 278.339630126953 277.981475830078 277.623352050781 277.265228271484 276.907104492188 276.548950195312 276.190826416016 275.891998291016 275.771026611328 275.650054931641 275.529052734375 275.408081054688 275.287109375 275.166137695312 275.045166015625 275.188140869141 275.419097900391 275.650054931641 275.881011962891 276.111968994141 276.342926025391 276.573913574219 276.963043212891 277.826690673828 278.690338134766 279.553985595703 280.417633056641 281.281280517578 282.144927978516 283.008575439453 283.343109130859 283.501281738281 283.659454345703 283.817626953125 283.975799560547 284.134002685547 284.292175292969 284.409942626953 284.406463623047 284.403015136719 284.399566650391
279.898681640625 279.50048828125 279.102264404297 278.704071044922 278.305877685547 277.986938476562 277.694458007812 277.401947021484 277.109466552734 276.816955566406 276.524475097656 276.231994628906 275.982208251953 275.860595703125 275.738983154297 275.617370605469 275.495788574219 275.374176025391 275.252563476562 275.130950927734 275.269165039062 275.493957519531 275.71875 275.943572998047 276.168365478516 276.393188476562 276.617980957031 277.003173828125 277.869506835938 278.73583984375 279.602172851562 280.468505859375 281.334838867188 282.201171875 283.067504882812 283.402740478516 283.560974121094 283.719177246094 283.877410888672 284.035614013672 284.19384765625 284.352081298828 284.470336914062 284.468780517578 284.467193603516 284.465637207031
279.637023925781 279.205841064453 278.774627685547 278.343414306641 277.912200927734 277.63427734375 277.407409667969 277.180541992188 276.953704833984 276.726837158203 276.5 276.273132324219 276.072418212891 275.9501953125 275.827941894531 275.705688476562 275.583465576172 275.461212158203 275.338989257812 275.216735839844 275.350158691406 275.568817138672 275.787475585938 276.006103515625 276.224761962891 276.443420410156 276.662078857422 277.043304443359 277.912322998047 278.781341552734 279.650360107422 280.519378662109 281.388397216797 282.257415771484 283.126434326172 283.462371826172 283.620635986328 283.778900146484 283.937164306641 284.095428466797 284.253692626953 284.411956787109 284.53076171875 284.531066894531 284.531372070312 284.531707763672
279.375396728516 278.911193847656 278.446990966797 277.982757568359 277.5185546875 277.281585693359 277.120361328125 276.959136962891 276.797943115234 276.63671875 276.475494384766 276.314270019531 276.162658691406 276.039764404297 275.916900634766 275.794036865234 275.671142578125 275.548278808594 275.425384521484 275.302520751953 275.431182861328 275.643676757812 275.856170654297 276.068664550781 276.281158447266 276.49365234375 276.706146240234 277.083465576172 277.955139160156 278.826843261719 279.698547363281 280.570251464844 281.441955566406 282.313659667969 283.185363769531 283.522003173828 283.680328369141 283.838623046875 283.996948242188 284.155242919922 284.313568115234 284.471862792969 284.591156005859 284.593353271484 284.595550537109 284.597747802734
279.11376953125 278.616546630859 278.119323730469 277.622100830078 277.124908447266 276.928924560547 276.833343505859 276.737762451172 276.642181396484 276.546600341797 276.451019287109 276.355438232422 276.252868652344 276.129364013672 276.005859375 275.882354736328 275.758819580078 275.635314941406 275.511810302734 275.388305664062 275.512176513672 275.718536376953 275.924865722656 276.131225585938 276.337554931641 276.543884277344 276.750244140625 277.123596191406 277.997985839844 278.872375488281 279.746734619141 280.621124267578 281.495513916016 282.369903564453 283.244293212891 283.581634521484 283.739990234375 283.898345947266 284.056701660156 284.215057373047 284.373413085938 284.531768798828 284.651550292969 284.655639648438 284.659729003906 284.663818359375
278.852111816406 278.321899414062 277.791687011719 277.261474609375 276.731231689453 276.576232910156 276.546295166016 276.516357421875 276.486419677734 276.456451416016 276.426513671875 276.396575927734 276.343078613281 276.218933105469 276.094818115234 275.970672607422 275.846527099609 275.722381591797 275.598236083984 275.474090576172 275.593200683594 275.793395996094 275.993560791016 276.193756103516 276.393951416016 276.594146728516 276.794342041016 277.163726806641 278.040802001953 278.917877197266 279.794952392578 280.671997070312 281.549072265625 282.426147460938 283.30322265625 283.641265869141 283.799682617188 283.958068847656 284.116485595703 284.274871826172 284.433288574219 284.591674804688 284.711975097656 284.717956542969 284.723907470703 284.729888916016
278.819396972656 278.288635253906 277.757843017578 277.227081298828 276.696319580078 276.551727294922 276.535858154297 276.519989013672 276.504150390625 276.48828125 276.472412109375 276.45654296875 276.405303955078 276.247863769531 276.090423583984 275.932983398438 275.775543212891 275.618103027344 275.460662841797 275.30322265625 275.424957275391 275.639739990234 275.854522705078 276.069305419922 276.284088134766 276.498901367188 276.713684082031 277.093994140625 277.970855712891 278.847747802734 279.724639892578 280.601501464844 281.478393554688 282.355255126953 283.232147216797 283.572479248047 283.733978271484 283.895477294922 284.056976318359 284.218475341797 284.379974365234 284.541473388672 284.665100097656 284.675018310547 284.684936523438 284.694854736328
279.015625 278.516723632812 278.017852783203 277.518981933594 277.020080566406 276.855377197266 276.802032470703 276.748687744141 276.695373535156 276.642028808594 276.588684082031 276.535369873047 276.439514160156 276.216094970703 275.992706298828 275.769317626953 275.5458984375 275.322509765625 275.09912109375 274.875732421875 275.007476806641 275.257598876953 275.507751464844 275.757873535156 276.008026123047 276.258148193359 276.508270263672 276.914337158203 277.788146972656 278.661987304688 279.535797119141 280.409637451172 281.283447265625 282.157257080078 283.031097412109 283.375274658203 283.542938232422 283.710571289062 283.878234863281 284.0458984375 284.213531494141 284.381195068359 284.510894775391 284.52685546875 284.542816162109 284.558776855469
279.211822509766 278.744842529297 278.277862548828 277.810852050781 277.343872070312 277.159027099609 277.068206787109 276.977386474609 276.886596679688 276.795776367188 276.704956054688 276.614166259766 276.473724365234 276.184356689453 275.894989013672 275.605651855469 275.316284179688 275.026916503906 274.737579345703 274.448211669922 274.589996337891 274.875457763672 275.160949707031 275.446441650391 275.73193359375 276.017395019531 276.302886962891 276.734710693359 277.60546875 278.476226806641 279.346984863281 280.217742919922 281.088500976562 281.959289550781 282.830047607422 283.178070068359 283.351867675781 283.525695800781 283.699493408203 283.873291015625 284.047088623047 284.220886230469 284.356719970703 284.378723144531 284.400695800781 284.422668457031
279.408050537109 278.972930908203 278.537841796875 278.102752685547 277.667663574219 277.462677001953 277.334381103516 277.206085205078 277.077819824219 276.949523925781 276.821228027344 276.692962646484 276.507904052734 276.152587890625 275.797271728516 275.441955566406 275.086639404297 274.731323242188 274.376007080078 274.020690917969 274.172485351562 274.493316650391 274.814178466797 275.135009765625 275.455841064453 275.776672363281 276.097503662109 276.555053710938 277.422760009766 278.290466308594 279.158172607422 280.02587890625 280.893585205078 281.761291503906 282.628997802734 282.980865478516 283.160827636719 283.340789794922 283.520721435547 283.70068359375 283.880645751953 284.060577392578 284.202545166016 284.230560302734 284.258575439453 284.286560058594
279.604248046875 279.201049804688 278.7978515625 278.394653320312 277.991455078125 277.766326904297 277.600555419922 277.434814453125 277.26904296875 277.103271484375 276.937530517578 276.771759033203 276.542114257812 276.120849609375 275.699554443359 275.278289794922 274.857025146484 274.435729980469 274.014465332031 273.593200683594 273.755004882812 274.111206054688 274.467376708984 274.823547363281 275.179748535156 275.535919189453 275.892120361328 276.375396728516 277.240051269531 278.104705810547 278.969360351562 279.833984375 280.698638916016 281.563293457031 282.427947998047 282.783660888672 282.969787597656 283.155883789062 283.341979980469 283.528076171875 283.714172363281 283.900299072266 284.048370361328 284.082397460938 284.116455078125 284.150482177734
279.800476074219 279.429138183594 279.057830810547 278.6865234375 278.315216064453 278.069976806641 277.866729736328 277.663513183594 277.460266113281 277.257019042969 277.053802490234 276.850555419922 276.576324462891 276.089080810547 275.601867675781 275.114624023438 274.627380371094 274.14013671875 273.652923583984 273.165679931641 273.337524414062 273.729064941406 274.120574951172 274.512115478516 274.903656005859 275.295196533203 275.686706542969 276.195770263672 277.057342529297 277.9189453125 278.780517578125 279.642120361328 280.503692626953 281.365295410156 282.226867675781 282.586456298828 282.778717041016 282.970977783203 283.163238525391 283.35546875 283.547729492188 283.739990234375 283.894195556641 283.934265136719 283.974304199219 284.014373779297
279.882263183594 279.529266357422 279.17626953125 278.823272705078 278.470306396484 278.183868408203 277.919647216797 277.655395507812 277.391174316406 277.126922607422 276.862701416016 276.598449707031 276.283142089844 275.814605712891 275.346099853516 274.877563476562 274.409057617188 273.940521240234 273.471984863281 273.003479003906 273.202453613281 273.623962402344 274.045440673828 274.466949462891 274.888427734375 275.309936523438 275.731414794922 276.252685546875 277.073211669922 277.893707275391 278.714233398438 279.534759521484 280.355285644531 281.175811767578 281.996307373047 282.355865478516 282.561798095703 282.767700195312 282.973602294922 283.179504394531 283.385406494141 283.59130859375 283.758819580078 283.811126708984 283.863433837891 283.915740966797
279.849609375 279.501373291016 279.153137207031 278.804901123047 278.456665039062 278.108032226562 277.759246826172 277.410491943359 277.061737060547 276.712951660156 276.364196777344 276.015441894531 275.662567138672 275.297424316406 274.932281494141 274.567138671875 274.201995849609 273.836853027344 273.471710205078 273.106567382812 273.349822998047 273.7958984375 274.241973876953 274.688018798828 275.134094238281 275.580169677734 276.026245117188 276.546142578125 277.28759765625 278.029022216797 278.770477294922 279.511932373047 280.253356933594 280.994812011719 281.736236572266 282.091888427734 282.318969726562 282.546020507812 282.773071289062 283.000152587891 283.227203369141 283.454254150391 283.642242431641 283.713012695312 283.783782958984 283.854553222656
279.816986083984 279.473480224609 279.130004882812 278.786499023438 278.442993164062 278.032165527344 277.598876953125 277.165588378906 276.732299804688 276.299011230469 275.86572265625 275.432403564453 275.0419921875 274.780242919922 274.518463134766 274.256713867188 273.994934082031 273.733184814453 273.471405029297 273.209655761719 273.497192382812 273.967834472656 274.4384765625 274.909118652344 275.379760742188 275.850402832031 276.321044921875 276.839630126953 277.501983642578 278.164337158203 278.826721191406 279.489074707031 280.151458740234 280.813812255859 281.476165771484 281.827941894531 282.076141357422 282.324340820312 282.572570800781 282.820770263672 283.069000244141 283.317199707031 283.525665283203 283.614898681641 283.704132080078 283.793365478516
279.784332275391 279.445587158203 279.106842041016 278.768096923828 278.429351806641 277.956298828125 277.438507080078 276.920684814453 276.402862548828 275.885040283203 275.367218017578 274.849395751953 274.421447753906 274.263061523438 274.104675292969 273.9462890625 273.787902832031 273.629516601562 273.471130371094 273.312744140625 273.644561767578 274.139770507812 274.634979248047 275.130218505859 275.625427246094 276.120635986328 276.615844726562 277.133087158203 277.716369628906 278.299652099609 278.882934570312 279.466247558594 280.049530029297 280.6328125 281.216094970703 281.56396484375 281.833312988281 282.102691650391 282.3720703125 282.641418457031 282.910797119141 283.18017578125 283.409118652344 283.516815185547 283.624481201172 283.732177734375
279.751708984375 279.417694091797 279.083709716797 278.749725341797 278.415710449219 277.880462646484 277.278106689453 276.67578125 276.073425292969 275.471069335938 274.868713378906 274.266387939453 273.800872802734 273.745849609375 273.690856933594 273.635864257812 273.580841064453 273.525848388672 273.470825195312 273.415832519531 273.791931152344 274.311706542969 274.831512451172 275.351287841797 275.87109375 276.390869140625 276.91064453125 277.426544189453 277.930755615234 278.434967041016 278.939178466797 279.443389892578 279.947601318359 280.451812744141 280.956024169922 281.299987792969 281.590484619141 281.881011962891 282.171539306641 282.462066650391 282.752593994141 283.043121337891 283.292541503906 283.418701171875 283.544830322266 283.670989990234
279.719055175781 279.389801025391 279.060577392578 278.731323242188 278.402069091797 277.804595947266 277.117736816406 276.430847167969 275.743988037109 275.057098388672 274.370239257812 273.683349609375 273.180297851562 273.228668212891 273.277038574219 273.325439453125 273.373809814453 273.422180175781 273.470550537109 273.518920898438 273.939300537109 274.483642578125 275.028015136719 275.572387695312 276.116729736328 276.661102294922 277.205474853516 277.720031738281 278.145141601562 278.570281982422 278.995422363281 279.420562744141 279.845703125 280.270812988281 280.695953369141 281.036010742188 281.347686767578 281.659362792969 281.971038818359 282.28271484375 282.594390869141 282.906066894531 283.175964355469 283.320587158203 283.465209960938 283.609802246094
