resources/Exp000_Example-Run/Run01_M2/TimeSeries/1990/model_set/evptrns_avg.asc
NCOLS 265 
NROWS 230 
XLLCORNER -115.5625 
YLLCORNER 24.8333333333333 
CELLSIZE 0.0833333333333333 
NODATA_value -9999 
[rows 200 to 219 of 230, columns 180 to 224 of 265]
2.41790628433228 2.75998401641846 3.10206174850464 3.44413924217224 3.78621697425842 4.12829446792603 4.47037220001221 4.61407566070557 4.69165420532227 4.76923274993896 4.84681177139282 4.92439031600952 5.00196886062622 5.07954740524292 5.30380630493164 5.96810674667358 6.63240671157837 7.29670667648315 7.9610071182251 8.62530708312988 9.28960704803467 9.95390701293945 10.1582508087158 10.2092742919922 10.2602977752686 10.3113222122192 10.3623456954956 10.413369178772 10.4643936157227 10.8963756561279 12.4712343215942 14.0460929870605 15.6209516525269 17.1958103179932 18.7706699371338 20.3455276489258 -9999 -9999 17.5850887298584 -9999 -9999 -9999 -9999 -9999 -9999
2.3992178440094 2.73699235916138 3.07476687431335 3.41254162788391 3.75031614303589 4.08809089660645 4.42586517333984 4.55548858642578 4.61572790145874 4.67596769332886 4.73620700836182 4.79644680023193 4.85668611526489 4.91692590713501 5.16120386123657 5.95759630203247 6.75398921966553 7.55038213729858 8.34677505493164 9.14316749572754 9.93955993652344 10.7359533309937 10.9911031723022 11.0658397674561 11.1405763626099 11.2153120040894 11.2900485992432 11.364785194397 11.4395217895508 11.9081439971924 13.5584259033203 15.2087078094482 16.8589897155762 18.5092716217041 20.159553527832 21.80983543396 23.4601192474365 -9999 -9999 -9999 -9999 -9999 -9999 -9999 -9999
2.38052940368652 2.7140007019043 3.04747223854065 3.380943775177 3.71441531181335 4.04788684844971 4.38135814666748 4.496901512146 4.53980207443237 4.58270215988159 4.62560272216797 4.66850328445435 4.71140384674072 4.7543044090271 5.01860094070435 5.94708633422852 6.87557172775269 7.80405712127686 8.73254203796387 9.6610279083252 10.5895128250122 11.5179986953735 11.823956489563 11.9224052429199 12.0208539962769 12.1193027496338 12.2177515029907 12.3162002563477 12.4146490097046 12.9199123382568 14.6456174850464 16.3713226318359 18.0970287322998 19.822732925415 21.5484390258789 23.2741451263428 24.999849319458 22.9942722320557 -9999 -9999 -9999 -9999 -9999 -9999 -9999
2.36184096336365 2.6910092830658 3.02017760276794 3.34934592247009 3.67851448059082 4.00768280029297 4.33685111999512 4.43831443786621 4.46387577056885 4.48943710327148 4.51499843597412 4.54055976867676 4.56612110137939 4.59168243408203 4.87599802017212 5.93657636642456 6.99715423583984 8.05773258209229 9.11830997467041 10.1788883209229 11.239465713501 12.3000440597534 12.6568098068237 12.7789707183838 12.9011325836182 13.0232934951782 13.1454553604126 13.2676162719727 13.3897771835327 13.9316806793213 15.7328090667725 17.5339374542236 19.3350658416748 21.1361961364746 22.9373245239258 24.738452911377 26.5395812988281 24.3477191925049 20.8248596191406 -9999 -9999 -9999 -9999 -9999 -9999
2.28865623474121 2.61009359359741 2.93153071403503 3.25296783447266 3.57440519332886 3.89584231376648 4.2172794342041 4.31400203704834 4.33581924438477 4.35763645172119 4.37945365905762 4.40127086639404 4.42308807373047 4.44490528106689 4.73593616485596 5.83460712432861 6.93327808380127 8.03194904327393 9.13062000274658 10.2292909622192 11.3279619216919 12.4266328811646 12.810131072998 12.9552373886108 13.1003437042236 13.2454500198364 13.3905563354492 13.5356636047363 13.6807699203491 14.2322683334351 16.0029430389404 17.7736186981201 19.5442924499512 21.3149681091309 23.0856437683105 24.8563175201416 26.6269931793213 24.597188949585 21.2351856231689 -9999 -9999 -9999 -9999 -9999 -9999
2.16097569465637 2.47125363349915 2.78153157234192 3.09180951118469 3.40208768844604 3.71236562728882 4.02264356613159 4.12396430969238 4.15563201904297 4.18730020523071 4.21896839141846 4.25063610076904 4.28230428695679 4.31397247314453 4.59841442108154 5.64117908477783 6.68394327163696 7.72670745849609 8.76947212219238 9.81223678588867 10.8550004959106 11.8977651596069 12.2839193344116 12.4512042999268 12.6184883117676 12.7857723236084 12.9530572891235 13.1203413009644 13.2876262664795 13.8216753005981 15.4560194015503 17.0903644561768 18.7247085571289 20.3590526580811 21.9933967590332 23.6277408599854 25.2620849609375 23.7207736968994 20.9598560333252 -9999 -9999 -9999 -9999 -9999 -9999
2.03329491615295 2.33241367340088 2.6315324306488 2.93065118789673 3.22976994514465 3.52888870239258 3.8280074596405 3.93392634391785 3.97544527053833 4.01696395874023 4.05848264694214 4.1000018119812 4.14152050018311 4.18303918838501 4.46089267730713 5.44775056838989 6.43460845947266 7.42146635055542 8.40832424163818 9.39518165588379 10.3820400238037 11.3688974380493 11.7577085494995 11.9471712112427 12.1366329193115 12.3260955810547 12.5155572891235 12.7050199508667 12.8944826126099 13.4110822677612 14.9090957641602 16.4071083068848 17.905122756958 19.4031352996826 20.9011497497559 22.3991622924805 23.8971767425537 -9999 20.6608047485352 -9999 -9999 -9999 -9999 -9999 -9999
1.90561437606812 2.19357395172119 2.48153352737427 2.76949286460876 3.05745244026184 3.34541201591492 3.63337159156799 3.74388861656189 3.79525828361511 3.84662771224976 3.89799737930298 3.9493670463562 4.00073671340942 4.05210638046265 4.32337141036987 5.25432252883911 6.18527364730835 7.11622476577759 8.04717636108398 8.97812747955322 9.90907859802246 10.8400297164917 11.2314977645874 11.4431381225586 11.6547775268555 11.8664178848267 12.0780582427979 12.289698600769 12.5013389587402 13.0004892349243 14.36217212677 15.7238540649414 17.0855369567871 18.4472198486328 19.8089027404785 21.1705856323242 22.5322666168213 21.874870300293 -9999 -9999 -9999 -9999 -9999 -9999 -9999
1.77793371677399 2.05473399162292 2.33153438568115 2.6083345413208 2.88513493537903 3.16193509101868 3.4387354850769 3.55385088920593 3.61507129669189 3.67629170417786 3.73751211166382 3.79873251914978 3.85995292663574 3.9211733341217 4.18584966659546 5.06089448928833 5.93593883514404 6.81098365783691 7.68602800369263 8.56107234954834 9.43611717224121 10.3111619949341 10.705286026001 10.9391040802002 11.1729221343994 11.4067401885986 11.6405582427979 11.8743762969971 12.1081943511963 12.5898962020874 13.8152484893799 15.040599822998 16.2659511566162 17.4913024902344 18.7166557312012 19.9420070648193 21.1673583984375 20.9020290374756 19.9781227111816 -9999 -9999 -9999 -9999 -9999 -9999
1.65025305747986 1.91589415073395 2.18153524398804 2.44717621803284 2.71281719207764 2.97845840454102 3.24409937858582 3.36381316184998 3.43488430976868 3.50595545768738 3.57702660560608 3.64809775352478 3.71916913986206 3.79024028778076 4.04832792282104 4.86746597290039 5.68660402297974 6.50574207305908 7.32488012313843 8.14401817321777 8.96315574645996 9.78229427337646 10.1790752410889 10.4350709915161 10.6910676956177 10.9470634460449 11.2030591964722 11.4590549468994 11.7150506973267 12.1793031692505 13.2683238983154 14.3573455810547 15.4463663101196 16.5353870391846 17.6244087219238 18.7134284973145 19.8024501800537 19.8934879302979 19.5861225128174 19.165584564209 -9999 -9999 -9999 -9999 -9999
1.64383029937744 1.90770936012268 2.17158842086792 2.43546748161316 2.6993465423584 2.96322560310364 3.2271044254303 3.3464195728302 3.41754651069641 3.48867344856262 3.55980062484741 3.63092756271362 3.70205450057983 3.77318143844604 4.01659059524536 4.77684545516968 5.53710031509399 6.29735565185547 7.05761051177979 7.8178653717041 8.57812023162842 9.33837509155273 9.72599792480469 9.98940944671631 10.2528209686279 10.5162315368652 10.7796430587769 11.0430545806885 11.3064661026001 11.7387542724609 12.6776742935181 13.6165933609009 14.555513381958 15.4944324493408 16.4333515167236 17.3722724914551 18.3111915588379 18.4398880004883 18.2600440979004 18.0139808654785 -9999 -9999 -9999 -9999 -9999
1.75866556167603 2.03017973899841 2.3016939163208 2.57320809364319 2.84472227096558 3.11623668670654 3.38775086402893 3.50167012214661 3.5630578994751 3.62444567680359 3.68583369255066 3.74722146987915 3.80860924720764 3.86999702453613 4.09063673019409 4.78903245925903 5.48742771148682 6.18582344055176 6.8842191696167 7.58261489868164 8.28101062774658 8.97940635681152 9.34605312347412 9.60211753845215 9.85818195343018 10.1142463684082 10.3703107833862 10.6263761520386 10.8824405670166 11.2682504653931 12.0432977676392 12.8183450698853 13.5933923721313 14.3684396743774 15.1434879302979 15.9185352325439 16.69358253479 16.6198024749756 16.1874103546143 15.635739326477 -9999 -9999 -9999 -9999 -9999
1.87350070476532 2.15265011787415 2.43179941177368 2.7109489440918 2.99009823799133 3.26924777030945 3.54839706420898 3.65692090988159 3.70856952667236 3.76021814346313 3.81186676025391 3.8635151386261 3.91516375541687 3.96681237220764 4.16468286514282 4.80121898651123 5.4377555847168 6.0742917060852 6.71082782745361 7.34736394882202 7.98390007019043 8.620436668396 8.96610832214355 9.2148265838623 9.46354389190674 9.71226119995117 9.96097946166992 10.2096967697144 10.4584140777588 10.7977466583252 11.4089212417603 12.0200967788696 12.631272315979 13.2424468994141 13.8536224365234 14.4647979736328 15.0759735107422 14.8641443252563 14.3013820648193 13.6272602081299 -9999 -9999 -9999 -9999 -9999
1.98833584785461 2.27512049674988 2.56190490722656 2.84868955612183 3.13547420501709 3.42225885391235 3.70904326438904 3.812171459198 3.85408091545105 3.8959903717041 3.93789982795715 3.97980904579163 4.02171850204468 4.06362771987915 4.23872900009155 4.81340599060059 5.38808298110962 5.96275949478149 6.53743648529053 7.11211347579956 7.68678998947144 8.26146697998047 8.5861644744873 8.82753467559814 9.0689058303833 9.31027603149414 9.5516471862793 9.79301738739014 10.0343885421753 10.327241897583 10.7745456695557 11.221848487854 11.6691513061523 12.116455078125 12.5637578964233 13.0110607147217 13.4583644866943 13.1695528030396 12.577841758728 11.9085292816162 11.1452789306641 -9999 -9999 -9999 -9999
2.1031711101532 2.39759087562561 2.69201064109802 2.98643040657043 3.28085017204285 3.57526993751526 3.86968970298767 3.96742224693298 3.99959230422974 4.03176259994507 4.0639328956604 4.09610319137573 4.12827301025391 4.16044330596924 4.31277561187744 4.82559299468994 5.33841037750244 5.85122776031494 6.36404514312744 6.87686252593994 7.38967990875244 7.90249729156494 8.20621967315674 8.4402437210083 8.67426681518555 8.90829086303711 9.14231491088867 9.37633895874023 9.61036205291748 9.85673809051514 10.1401691436768 10.4236001968384 10.70703125 10.9904623031616 11.2738933563232 11.5573244094849 11.8407554626465 11.5328950881958 10.9966583251953 10.4210653305054 9.80161666870117 -9999 -9999 -9999 -9999
2.2180061340332 2.52006101608276 2.8221161365509 3.12417101860046 3.42622590065002 3.72828102111816 4.03033590316772 4.12267303466797 4.145103931427 4.16753482818604 4.18996572494507 4.2123966217041 4.23482799530029 4.25725889205933 4.38682174682617 4.83777952194214 5.28873777389526 5.73969602584839 6.19065380096436 6.64161205291748 7.09256982803345 7.54352807998657 7.82627534866333 8.05295181274414 8.27962875366211 8.50630569458008 8.73298263549805 8.95965957641602 9.18633651733398 9.38623332977295 9.50579261779785 9.62535095214844 9.74491024017334 9.86446952819824 9.98402786254883 10.1035871505737 10.2231454849243 9.95125198364258 9.54089546203613 9.12113189697266 8.69163513183594 8.25206184387207 -9999 -9999 -9999
2.25991010665894 2.57863354682922 2.89735698699951 3.2160804271698 3.53480362892151 3.8535270690918 4.17225074768066 4.25445222854614 4.25781297683716 4.26117420196533 4.26453495025635 4.26789569854736 4.27125692367554 4.27461767196655 4.37834358215332 4.78316402435303 5.18798446655273 5.59280490875244 5.99762582778931 6.40244626998901 6.80726671218872 7.21208715438843 7.47299432754517 7.68593072891235 7.89886713027954 8.11180400848389 8.32474040985107 8.53767681121826 8.75061321258545 8.92515277862549 8.98450088500977 9.04384994506836 9.10319805145264 9.16254711151123 9.22189617156982 9.2812442779541 9.3405933380127 9.0912675857544 8.73905181884766 8.3868350982666 8.03461837768555 7.68240213394165 -9999 -9999 -9999
2.22888278961182 2.57330799102783 2.91773295402527 3.26215815544128 3.6065833568573 3.95100855827332 4.29543352127075 4.36276006698608 4.33771991729736 4.3126802444458 4.28764009475708 4.26259994506836 4.2375602722168 4.21252012252808 4.28734111785889 4.66174602508545 5.03615093231201 5.41055583953857 5.78496026992798 6.15936517715454 6.5337700843811 6.90817451477051 7.14637756347656 7.33917999267578 7.531982421875 7.72478485107422 7.91758728027344 8.11038970947266 8.30319213867188 8.47349452972412 8.57629489898682 8.67909526824951 8.78189563751221 8.8846960067749 8.9874963760376 9.09029674530029 9.19309711456299 8.91340160369873 8.5062084197998 8.09901428222656 7.69182109832764 7.28462743759155 -9999 -9999 -9999
2.1978554725647 2.56798219680786 2.9381091594696 3.30823612213135 3.67836308479309 4.04849004745483 4.418616771698 4.47106790542603 4.41762685775757 4.36418581008911 4.31074523925781 4.25730419158936 4.2038631439209 4.1504225730896 4.19633913040161 4.54032802581787 4.88431692123413 5.22830629348755 5.57229518890381 5.91628408432007 6.26027297973633 6.60426235198975 6.81976079940796 6.99242925643921 7.16509771347046 7.33776617050171 7.51043462753296 7.68310308456421 7.85577154159546 8.02183532714844 8.16808795928955 8.31433963775635 8.46059226989746 8.60684394836426 8.75309658050537 8.89934825897217 9.04560089111328 8.73553562164307 8.27336502075195 7.81119394302368 7.34902286529541 6.8868522644043 -9999 -9999 -9999
2.166827917099 2.56265664100647 2.95848536491394 3.35431385040283 3.7501425743103 4.14597129821777 4.54180002212524 4.57937574386597 4.49753379821777 4.41569185256958 4.33385038375854 4.25200843811035 4.17016649246216 4.08832502365112 4.10533666610718 4.41891002655029 4.73248338699341 5.04605674743652 5.35963010787964 5.6732029914856 5.98677635192871 6.30034971237183 6.49314403533936 6.64567852020264 6.79821300506592 6.9507474899292 7.10328197479248 7.2558159828186 7.40835046768188 7.57017755508423 7.75988149642944 7.9495849609375 8.13928890228271 8.32899284362793 8.51869678497314 8.70840072631836 8.89810466766357 8.55766868591309 8.04052066802979 7.52337312698364 7.00622510910034 -9999 -9999 -9999 -9999
