resources/Exp000_Example-Run/Run01_M2/TimeSeries/1990/model_set/evptrns_avg.asc
NCOLS 265 
NROWS 230 
XLLCORNER -115.5625 
YLLCORNER 24.8333333333333 
CELLSIZE 0.0833333333333333 
NODATA_value -9999 
[rows 180 to 199 of 230, columns 90 to 134 of 265]
13.7556829452515 12.4548673629761 11.154052734375 9.85323810577393 8.55242347717285 7.25160837173462 5.95079326629639 5.22436475753784 4.68939781188965 4.15443134307861 3.619464635849 3.08449792861938 2.54953122138977 2.01456475257874 1.59185302257538 1.50590670108795 1.41996026039124 1.33401393890381 1.24806749820709 1.16212117671967 1.07617473602295 0.990228414535522 0.924541711807251 0.865608334541321 0.806674897670746 0.747741460800171 0.688808083534241 0.629874646663666 0.570941209793091 0.52358466386795 0.510958731174469 0.498332798480988 0.485706835985184 0.473080903291702 0.460454940795898 0.447829008102417 0.435203045606613 0.417552649974823 0.398227423429489 0.378902196884155 0.359576970338821 0.34025177359581 0.320926547050476 0.301601320505142 0.283381223678589
14.5767917633057 13.3761072158813 12.1754217147827 10.9747362136841 9.77405071258545 8.57336616516113 7.3726806640625 6.53658676147461 5.82202339172363 5.10746002197266 4.39289617538452 3.67833280563354 2.96376943588257 2.24920582771301 1.69018530845642 1.5977931022644 1.50540101528168 1.41300880908966 1.32061672210693 1.22822451591492 1.13583242893219 1.04344022274017 0.974579691886902 0.913563072681427 0.852546393871307 0.791529774665833 0.730513155460358 0.669496476650238 0.608479857444763 0.559384524822235 0.546053230762482 0.532721936702728 0.519390642642975 0.506059348583221 0.49272808432579 0.479396790266037 0.466065496206284 0.446545451879501 0.424962520599365 0.403379559516907 0.381796598434448 0.360213667154312 0.338630706071854 0.317047744989395 0.297055691480637
15.3979015350342 14.2973461151123 13.1967906951904 12.0962352752686 10.9956789016724 9.89512348175049 8.79456806182861 7.84880924224854 6.95464849472046 6.06048822402954 5.16632795333862 4.2721676826477 3.37800741195679 2.48384714126587 1.78851747512817 1.68967950344086 1.59084165096283 1.49200367927551 1.39316582679749 1.29432785511017 1.19549000263214 1.09665203094482 1.02461767196655 0.961517810821533 0.898417949676514 0.835318088531494 0.772218227386475 0.70911830663681 0.646018445491791 0.59518438577652 0.581147789955139 0.567111134529114 0.553074479103088 0.539037823677063 0.525001227855682 0.510964572429657 0.496927946805954 0.47553825378418 0.451697587966919 0.427856922149658 0.404016226530075 0.380175560712814 0.356334894895554 0.33249419927597 0.310730129480362
16.2190113067627 15.2185850143433 14.2181587219238 13.2177333831787 12.2173070907593 11.2168817520142 10.2164554595947 9.16103076934814 8.0872745513916 7.01351690292358 5.93975973129272 4.86600255966187 3.79224562644958 2.71848845481873 1.88684964179993 1.7815660238266 1.67628228664398 1.57099854946136 1.46571493148804 1.36043119430542 1.25514757633209 1.14986383914948 1.0746556520462 1.00947248935699 0.944289445877075 0.879106342792511 0.813923299312592 0.748740196228027 0.683557093143463 0.630984246730804 0.616242289543152 0.601500272750854 0.586758315563202 0.572016298770905 0.557274341583252 0.542532384395599 0.527790367603302 0.50453108549118 0.478432655334473 0.452334254980087 0.426235854625702 0.400137454271317 0.374039053916931 0.347940653562546 0.32440459728241
17.0401210784912 16.1398239135742 15.2395277023315 14.3392314910889 13.4389352798462 12.5386390686035 11.6383428573608 10.4732532501221 9.21989917755127 7.96654558181763 6.71319150924683 5.45983743667603 4.20648384094238 2.95312976837158 1.98518180847168 1.87345242500305 1.76172292232513 1.64999353885651 1.53826403617859 1.42653465270996 1.31480515003204 1.20307576656342 1.12469363212585 1.05742728710175 0.990161001682281 0.922894656658173 0.855628311634064 0.7883620262146 0.721095681190491 0.666784107685089 0.651336789131165 0.63588947057724 0.620442152023315 0.604994833469391 0.589547455310822 0.574100136756897 0.558652818202972 0.533523857593536 0.505167722702026 0.476811617612839 0.448455482721329 0.420099347829819 0.391743212938309 0.363387107849121 0.338079035282135
17.8612289428711 17.0610637664795 16.2608966827393 15.4607305526733 14.6605634689331 13.8603973388672 13.060230255127 11.785475730896 10.3525247573853 8.91957378387451 7.48662328720093 6.05367231369019 4.6207218170166 3.18777084350586 2.08351397514343 1.9653388261795 1.84716355800629 1.72898840904236 1.61081314086914 1.49263799190521 1.37446272373199 1.25628757476807 1.17473161220551 1.1053820848465 1.0360324382782 0.966682970523834 0.897333383560181 0.827983856201172 0.758634328842163 0.702584028244019 0.686431348323822 0.670278668403625 0.654125988483429 0.637973308563232 0.621820628643036 0.605667948722839 0.589515268802643 0.562516689300537 0.531902849674225 0.501288950443268 0.470675110816956 0.440061241388321 0.409447401762009 0.378833532333374 0.351753503084183
18.8650169372559 18.1872119903564 17.5094051361084 16.831600189209 16.1537933349609 15.4759883880615 14.7981824874878 13.3910284042358 11.7407569885254 10.0904855728149 8.44021415710449 6.78994274139404 5.13967180252075 3.4894003868103 2.2197163105011 2.09179377555847 1.96387112140656 1.83594846725464 1.70802581310272 1.58010315895081 1.45218050479889 1.32425785064697 1.23717510700226 1.16370570659637 1.0902361869812 1.01676678657532 0.943297386169434 0.86982798576355 0.796358585357666 0.736679971218109 0.718373835086823 0.700067758560181 0.681761622428894 0.663455545902252 0.645149409770966 0.626843333244324 0.608537197113037 0.580319583415985 0.548798084259033 0.517276525497437 0.485755056142807 0.454233527183533 0.422712028026581 0.391190528869629 0.363221645355225
20.0514812469482 19.5182685852051 18.9850540161133 18.4518413543701 17.9186267852783 17.3854141235352 16.8521995544434 15.2899103164673 13.3845949172974 11.4792795181274 9.57396411895752 7.66864919662476 5.76333379745483 3.85801839828491 2.39378881454468 2.25281715393066 2.11184525489807 1.97087359428406 1.82990181446075 1.68893003463745 1.54795837402344 1.40698659420013 1.31202411651611 1.23239815235138 1.15277218818665 1.07314622402191 0.993520319461823 0.913894355297089 0.834268391132355 0.76907205581665 0.7471644282341 0.72525680065155 0.703349173069 0.68144154548645 0.659533977508545 0.637626349925995 0.615718722343445 0.58693253993988 0.555853426456451 0.524774372577667 0.493695288896561 0.462616205215454 0.431537121534348 0.400458037853241 0.372483462095261
21.2379474639893 20.8493251800537 20.4607048034668 20.0720825195312 19.6834602355957 19.2948398590088 18.9062175750732 17.188793182373 15.0284328460693 12.8680734634399 10.7077140808105 8.54735469818115 6.38699531555176 4.22663593292236 2.56786131858826 2.41384053230286 2.25981950759888 2.10579872131348 1.95177793502808 1.79775702953339 1.6437361240387 1.4897153377533 1.38687324523926 1.30109071731567 1.21530818939209 1.1295257806778 1.04374325275421 0.957960724830627 0.872178256511688 0.801464080810547 0.775954961776733 0.75044584274292 0.724936723709106 0.699427604675293 0.67391848564148 0.648409366607666 0.622900247573853 0.593545496463776 0.562908828258514 0.532272160053253 0.501635551452637 0.470998883247375 0.440362215042114 0.409725576639175 0.381745278835297
22.4244117736816 22.1803817749023 21.9363536834717 21.6923236846924 21.4482936859131 21.2042636871338 20.9602355957031 19.0876750946045 16.6722717285156 14.2568683624268 11.8414649963379 9.42606067657471 7.01065731048584 4.59525394439697 2.74193382263184 2.57486391067505 2.40779376029968 2.2407238483429 2.07365393638611 1.90658402442932 1.73951399326324 1.57244408130646 1.46172225475311 1.36978328227997 1.27784419059753 1.18590521812439 1.09396612644196 1.00202715396881 0.910088062286377 0.833856165409088 0.804745554924011 0.77563488483429 0.746524274349213 0.717413663864136 0.688302993774414 0.659192383289337 0.63008177280426 0.600158452987671 0.569964230060577 0.539770007133484 0.50957578420639 0.479381531476974 0.449187308549881 0.418993085622787 0.39100706577301
23.610876083374 23.5114402770996 23.4120025634766 23.3125648498535 23.2131271362305 23.1136894226074 23.0142517089844 20.9865570068359 18.3161106109619 15.6456623077393 12.9752149581909 10.3047666549683 7.63431930541992 4.96387195587158 2.91600632667542 2.73588728904724 2.55576801300049 2.37564897537231 2.19552993774414 2.01541090011597 1.83529186248779 1.65517282485962 1.53657138347626 1.43847572803497 1.34038019180298 1.24228465557098 1.14418911933899 1.0460934638977 0.94799792766571 0.866248250007629 0.833536088466644 0.800823926925659 0.768111824989319 0.735399663448334 0.702687561511993 0.669975399971008 0.637263298034668 0.606771409511566 0.577019572257996 0.54726779460907 0.517516016960144 0.487764209508896 0.458012402057648 0.428260624408722 0.400268882513046
24.797342300415 24.8424968719482 24.8876514434814 24.9328060150146 24.9779605865479 25.0231151580811 25.0682697296143 22.885440826416 19.9599475860596 17.0344562530518 14.1089649200439 11.1834726333618 8.257981300354 5.33248949050903 3.09007883071899 2.89691066741943 2.70374226570129 2.51057410240173 2.31740593910217 2.12423777580261 1.93106973171234 1.73790156841278 1.61142039299011 1.50716829299927 1.40291619300842 1.29866409301758 1.19441199302673 1.09015989303589 0.985907793045044 0.898640275001526 0.862326622009277 0.826013028621674 0.789699375629425 0.753385722637177 0.717072069644928 0.68075841665268 0.644444763660431 0.613384366035461 0.584074974060059 0.554765641689301 0.525456249713898 0.496146887540817 0.466837495565414 0.437528133392334 0.409530699253082
25.4577713012695 25.5861434936523 25.7145156860352 25.8428897857666 25.9712619781494 26.0996341705322 26.2280082702637 23.9739627838135 20.92578125 17.8775978088379 14.8294143676758 11.781231880188 8.73304843902588 5.68486547470093 3.34485840797424 3.12937831878662 2.913898229599 2.69841837882996 2.48293828964233 2.26745820045471 2.05197811126709 1.83649814128876 1.69797325134277 1.58510005474091 1.47222685813904 1.35935366153717 1.24648034572601 1.13360714912415 1.02073395252228 0.926104426383972 0.886206030845642 0.846307575702667 0.806409120559692 0.766510725021362 0.726612269878387 0.686713814735413 0.646815419197083 0.615126192569733 0.586173474788666 0.557220697402954 0.528267979621887 0.499315202236176 0.470362454652786 0.441409707069397 0.41340109705925
25.5921630859375 25.7423801422119 25.8925971984863 26.0428142547607 26.1930313110352 26.3432483673096 26.493465423584 24.2521286010742 21.2136077880859 18.175085067749 15.1365642547607 12.0980424880981 9.05952167510986 6.02099990844727 3.68034529685974 3.43329071998596 3.1862359046936 2.93918132781982 2.69212675094604 2.44507193565369 2.19801735877991 1.95096266269684 1.79622983932495 1.67227101325989 1.54831206798553 1.42435324192047 1.30039429664612 1.17643535137177 1.0524765253067 0.948640704154968 0.905174195766449 0.86170768737793 0.81824117898941 0.774774610996246 0.731308102607727 0.687841594219208 0.644375085830688 0.611997008323669 0.583315014839172 0.55463308095932 0.525951147079468 0.497269183397293 0.468587249517441 0.439905285835266 0.411880075931549
25.7265548706055 25.8986148834229 26.0706768035889 26.2427387237549 26.4148006439209 26.5868625640869 26.7589225769043 24.530294418335 21.5014343261719 18.4725742340088 15.4437141418457 12.4148540496826 9.38599395751953 6.3571343421936 4.01583242416382 3.73720288276672 3.45857357978821 3.17994427680969 2.90131497383118 2.62268590927124 2.34405660629272 2.06542730331421 1.89448642730713 1.75944185256958 1.62439727783203 1.48935282230377 1.35430824756622 1.21926367282867 1.08421909809113 0.971176981925964 0.924142360687256 0.877107799053192 0.830073177814484 0.783038556575775 0.736003935337067 0.688969373703003 0.641934752464294 0.608867764472961 0.580456614494324 0.552045464515686 0.523634314537048 0.495223164558411 0.466812044382095 0.438400894403458 0.410359054803848
25.8609466552734 26.0548515319824 26.24875831604 26.442663192749 26.6365699768066 26.8304748535156 27.0243816375732 24.8084583282471 21.7892608642578 18.7700614929199 15.7508640289307 12.7316656112671 9.71246719360352 6.69326877593994 4.35131931304932 4.04111528396606 3.73091125488281 3.42070746421814 3.11050343513489 2.80029964447021 2.49009561538696 2.17989182472229 1.9927431344986 1.84661281108856 1.70048260688782 1.55435240268707 1.40822207927704 1.26209187507629 1.11596155166626 0.99371325969696 0.943110525608063 0.89250785112381 0.841905176639557 0.791302502155304 0.740699827671051 0.690097153186798 0.6394944190979 0.605738520622253 0.57759815454483 0.549457848072052 0.521317481994629 0.493177175521851 0.46503683924675 0.436896502971649 0.408838033676147
25.9953384399414 26.211088180542 26.4268379211426 26.6425876617432 26.8583393096924 27.074089050293 27.2898387908936 25.0866241455078 22.0770874023438 19.0675506591797 16.0580139160156 13.0484771728516 10.0389404296875 7.02940320968628 4.68680620193481 4.34502744674683 4.003249168396 3.66147041320801 3.3196918964386 2.97791337966919 2.63613486289978 2.29435634613037 2.09099960327148 1.93378376960754 1.77656781673431 1.61935198307037 1.46213603019714 1.30492007732391 1.14770412445068 1.01624953746796 0.962078750133514 0.907907962799072 0.85373717546463 0.799566447734833 0.745395660400391 0.691224873065948 0.637054145336151 0.602609276771545 0.574739754199982 0.546870231628418 0.519000709056854 0.491131156682968 0.463261634111404 0.435392081737518 0.407317012548447
26.1297302246094 26.3673248291016 26.6049194335938 26.8425140380859 27.0801067352295 27.3177013397217 27.5552959442139 25.3647880554199 22.3649139404297 19.3650379180908 16.3651638031006 13.3652877807617 10.3654127120972 7.36553764343262 5.02229309082031 4.64893960952759 4.27558660507202 3.90223360061646 3.52888035774231 3.15552711486816 2.7821741104126 2.40882086753845 2.18925642967224 2.02095460891724 1.8526531457901 1.68435156345367 1.51604986190796 1.34774827957153 1.17944669723511 1.03878581523895 0.981046915054321 0.923308074474335 0.865569233894348 0.807830333709717 0.75009149312973 0.692352652549744 0.634613811969757 0.599480032920837 0.571881294250488 0.544282615184784 0.516683876514435 0.489085137844086 0.461486428976059 0.43388769030571 0.405795991420746
25.8613796234131 26.1378288269043 26.4142780303955 26.6907291412354 26.9671783447266 27.2436275482178 27.5200786590576 25.4384670257568 22.5708389282227 19.7032089233398 16.835578918457 13.9679489135742 11.1003198623657 8.23268985748291 5.96223735809326 5.48331499099731 5.00439310073853 4.52547073364258 4.04654884338379 3.56762647628784 3.08870434761047 2.60978198051453 2.34996461868286 2.1631817817688 1.97639918327332 1.78961646556854 1.60283374786377 1.416051030159 1.22926831245422 1.07378649711609 1.01220691204071 0.950627386569977 0.889047801494598 0.827468276023865 0.765888750553131 0.704309165477753 0.642729640007019 0.60570901632309 0.576874732971191 0.548040390014648 0.51920610666275 0.490371823310852 0.461537510156631 0.432703197002411 0.403633207082748
25.1902866363525 25.5226020812988 25.8549175262451 26.18723487854 26.5195503234863 26.8518657684326 27.1841831207275 25.3076610565186 22.694860458374 20.0820617675781 17.4692611694336 14.8564605712891 12.2436609268188 9.63086032867432 7.50663900375366 6.84815359115601 6.18966770172119 5.53118228912354 4.87269687652588 4.21421098709106 3.55572557449341 2.89723992347717 2.57312417030334 2.36046504974365 2.14780592918396 1.93514668941498 1.72248756885529 1.5098283290863 1.29716920852661 1.12125158309937 1.05555868148804 0.989865899085999 0.92417299747467 0.858480155467987 0.792787313461304 0.72709447145462 0.661401569843292 0.621296167373657 0.589719951152802 0.558143675327301 0.526567399501801 0.494991153478622 0.463414907455444 0.431838661432266 0.400828629732132
