resources/Exp000_Example-Run/Run01_M2/TimeSeries/1990/model_set/evptrns_avg.asc
NCOLS 265 
NROWS 230 
XLLCORNER -115.5625 
YLLCORNER 24.8333333333333 
CELLSIZE 0.0833333333333333 
NODATA_value -9999 
[rows 80 to 99 of 230, columns 180 to 224 of 265]
9.85729598999023 10.0458879470825 10.2344789505005 10.4230709075928 10.6116628646851 10.8002548217773 10.9888467788696 11.3892374038696 11.8602275848389 12.3312177658081 12.8022079467773 13.2731981277466 13.7441883087158 14.2151784896851 14.6377353668213 14.9149932861328 15.1922521591187 15.4695100784302 15.7467679977417 16.0240249633789 16.3012828826904 16.578540802002 16.8169422149658 17.0423889160156 17.2678375244141 17.4932861328125 17.7187328338623 17.9441814422607 18.1696281433105 18.4791965484619 19.0411224365234 19.603048324585 20.1649761199951 20.7269020080566 21.2888278961182 21.8507537841797 22.4126815795898 22.784049987793 23.0918998718262 23.3997497558594 23.7075996398926 24.0154495239258 24.323299407959 24.6311492919922 24.9041213989258
9.5798282623291 9.75128269195557 9.92273807525635 10.0941925048828 10.2656469345093 10.4371013641357 10.6085557937622 11.0312881469727 11.5377788543701 12.0442695617676 12.550760269165 13.0572509765625 13.56374168396 14.0702323913574 14.5400743484497 14.8999729156494 15.2598714828491 15.6197700500488 15.9796686172485 16.3395671844482 16.6994647979736 17.0593643188477 17.3171634674072 17.5409297943115 17.7646980285645 17.9884643554688 18.2122325897217 18.435998916626 18.6597652435303 18.9680061340332 19.5296669006348 20.0913276672363 20.6529884338379 21.2146492004395 21.776309967041 22.3379707336426 22.8996315002441 23.2562389373779 23.5444984436035 23.8327579498291 24.1210155487061 24.4092750549316 24.6975345611572 24.9857921600342 25.2396202087402
9.30236148834229 9.45667839050293 9.61099624633789 9.76531314849854 9.9196310043335 10.0739479064941 10.2282657623291 10.6733379364014 11.215329170227 11.7573204040527 12.2993116378784 12.8413028717041 13.3832941055298 13.9252853393555 14.4424133300781 14.884952545166 15.3274908065796 15.7700300216675 16.2125682830811 16.6551074981689 17.0976467132568 17.5401859283447 17.8173847198486 18.0394725799561 18.2615585327148 18.4836444854736 18.7057304382324 18.9278163909912 19.1499042510986 19.4568176269531 20.0182113647461 20.5796070098877 21.1410007476807 21.7023963928223 22.2637901306152 22.8251857757568 23.3865795135498 23.7284297943115 23.9970970153809 24.2657642364502 24.5344333648682 24.8031005859375 25.0717678070068 25.3404350280762 25.5751209259033
9.02489376068115 9.16207408905029 9.29925441741943 9.43643474578857 9.5736141204834 9.71079444885254 9.84797477722168 10.3153886795044 10.8928804397583 11.4703722000122 12.0478639602661 12.62535572052 13.2028474807739 13.7803382873535 14.3447523117065 14.8699312210083 15.3951110839844 15.9202899932861 16.4454689025879 16.9706497192383 17.49582862854 18.0210075378418 18.31760597229 18.538013458252 18.7584190368652 18.9788246154785 19.1992301940918 19.4196357727051 19.6400413513184 19.9456272125244 20.5067558288574 21.0678844451904 21.6290149688721 22.1901435852051 22.7512722015381 23.3124008178711 23.8735294342041 24.2006187438965 24.4496955871582 24.6987724304199 24.9478492736816 25.1969261169434 25.4460029602051 25.6950778961182 25.9106197357178
8.91400241851807 9.05146503448486 9.18892669677734 9.32638835906982 9.46385097503662 9.6013126373291 9.73877429962158 10.202977180481 10.7760944366455 11.3492107391357 11.922327041626 12.4954442977905 13.0685606002808 13.641676902771 14.2201051712036 14.8144693374634 15.4088335037231 16.0031986236572 16.597562789917 17.1919269561768 17.7862911224365 18.3806552886963 18.6955108642578 18.9171962738037 19.1388816833496 19.3605670928955 19.58225440979 19.8039398193359 20.0256252288818 20.3314914703369 20.889892578125 21.4482955932617 22.0066967010498 22.5650997161865 23.1235008239746 23.6819038391113 24.2403049468994 24.5618095397949 24.8043479919434 25.0468864440918 25.2894248962402 25.5319633483887 25.7745018005371 26.0170402526855 26.2183780670166
8.96968746185303 9.12485027313232 9.28001308441162 9.43517589569092 9.59033870697021 9.74550151824951 9.90066432952881 10.3361053466797 10.8649711608887 11.3938369750977 11.9227027893066 12.4515686035156 12.9804344177246 13.5093002319336 14.0684728622437 14.7185659408569 15.3686599731445 16.0187530517578 16.6688461303711 17.3189392089844 17.9690341949463 18.6191272735596 18.9510955810547 19.17702293396 19.4029502868652 19.6288757324219 19.8548030853271 20.0807304382324 20.3066577911377 20.6144065856934 21.1676197052002 21.7208347320557 22.2740497589111 22.827262878418 23.3804779052734 23.9336910247803 24.4869060516357 24.8120002746582 25.0610542297363 25.3101081848145 25.5591602325439 25.8082141876221 26.0572681427002 26.3063220977783 26.4983940124512
9.02537155151367 9.19823551177979 9.3710994720459 9.54396343231201 9.71682739257812 9.88969135284424 10.0625553131104 10.4692325592041 10.9538478851318 11.4384622573853 11.923077583313 12.4076929092407 12.8923082351685 13.3769235610962 13.9168405532837 14.6226625442505 15.3284854888916 16.0343074798584 16.7401313781738 17.4459533691406 18.1517753601074 18.8575992584229 19.2066802978516 19.4368476867676 19.6670169830322 19.8971843719482 20.1273536682129 20.3575210571289 20.5876903533936 20.8973217010498 21.445348739624 21.9933757781982 22.5414009094238 23.089427947998 23.6374530792236 24.1854801177979 24.7335071563721 25.0621891021729 25.3177585601807 25.5733280181885 25.8288974761963 26.0844669342041 26.3400344848633 26.5956039428711 26.7784080505371
9.08105659484863 9.27162075042725 9.46218585968018 9.6527509689331 9.84331512451172 10.0338802337646 10.2244453430176 10.6023597717285 11.042724609375 11.4830884933472 11.9234533309937 12.3638172149658 12.8041820526123 13.2445468902588 13.7652082443237 14.5267601013184 15.2883110046387 16.0498638153076 16.8114147186279 17.5729675292969 18.3345184326172 19.0960712432861 19.4622650146484 19.6966743469238 19.9310836791992 20.1654930114746 20.39990234375 20.6343116760254 20.8687210083008 21.1802387237549 21.7230758666992 22.2659149169922 22.8087539672852 23.3515911102295 23.8944301605225 24.4372692108154 24.9801063537598 25.3123798370361 25.5744647979736 25.8365478515625 26.0986328125 26.3607177734375 26.6228008270264 26.8848857879639 27.0584239959717
9.13674068450928 9.34500694274902 9.55327224731445 9.7615385055542 9.96980381011963 10.1780691146851 10.3863353729248 10.7354869842529 11.1316003799438 11.5277147293091 11.923828125 12.3199424743652 12.7160558700562 13.1121692657471 13.6135749816895 14.4308567047119 15.2481374740601 16.0654182434082 16.8826999664307 17.6999797821045 18.517261505127 19.3345432281494 19.7178497314453 19.9565010070801 20.1951522827148 20.433801651001 20.6724529266357 20.9111022949219 21.1497535705566 21.4631538391113 22.000804901123 22.5384540557861 23.0761051177979 23.6137561798096 24.1514072418213 24.689058303833 25.2267074584961 25.5625705718994 25.831169128418 26.0997695922852 26.3683681488037 26.6369686126709 26.9055690765381 27.1741676330566 27.3384399414062
9.19242572784424 9.41839218139648 9.64435863494873 9.87032508850098 10.0962924957275 10.3222589492798 10.548225402832 10.8686141967773 11.220477104187 11.572340965271 11.9242038726807 12.2760667800903 12.6279296875 12.9797925949097 13.4619426727295 14.3349533081055 15.2079629898071 16.0809726715088 16.9539833068848 17.8269939422607 18.7000045776367 19.5730152130127 19.9734363555908 20.2163276672363 20.4592189788818 20.7021102905273 20.9450016021729 21.1878929138184 21.4307842254639 21.7460689544678 22.2785320281982 22.8109951019287 23.3434581756592 23.8759212493896 24.4083824157715 24.940845489502 25.4733085632324 25.8127613067627 26.0878753662109 26.3629894256592 26.6381053924561 26.9132194519043 27.1883354187012 27.4634494781494 27.6184539794922
9.07702922821045 9.32388305664062 9.5707368850708 9.81759071350098 10.0644445419312 10.3112983703613 10.5581521987915 10.8872556686401 11.2437753677368 11.6002950668335 11.9568147659302 12.3133344650269 12.6698541641235 13.0263738632202 13.5163955688477 14.406925201416 15.2974557876587 16.1879844665527 17.0785140991211 17.9690456390381 18.8595752716064 19.7501049041748 20.1907939910889 20.481538772583 20.7722835540771 21.0630264282227 21.3537712097168 21.6445159912109 21.9352588653564 22.2862300872803 22.8178787231445 23.3495273590088 23.8811779022217 24.4128265380859 24.9444751739502 25.4761238098145 26.0077724456787 26.3203735351562 26.5599594116211 26.7995433807373 27.0391273498535 27.2787113189697 27.5182971954346 27.7578811645508 27.8716373443604
8.79055213928223 9.06147956848145 9.33240699768066 9.60333442687988 9.87426090240479 10.145188331604 10.4161157608032 10.791410446167 11.2014942169189 11.6115770339966 12.0216608047485 12.4317445755005 12.8418283462524 13.2519121170044 13.7769346237183 14.6467742919922 15.5166139602661 16.38645362854 17.2562942504883 18.1261329650879 18.9959735870361 19.8658123016357 20.3699283599854 20.7521362304688 21.1343441009521 21.5165519714355 21.8987598419189 22.2809677124023 22.6631755828857 23.0836334228516 23.6188430786133 24.154052734375 24.6892623901367 25.2244720458984 25.7596817016602 26.2948913574219 26.8301010131836 27.0854110717773 27.2474193572998 27.4094276428223 27.5714359283447 27.7334442138672 27.8954544067383 28.0574626922607 28.0979881286621
8.504075050354 8.79907608032227 9.09407711029053 9.38907718658447 9.68407821655273 9.97907829284668 10.2740793228149 10.6955652236938 11.1592130661011 11.622859954834 12.0865077972412 12.5501546859741 13.0138025283813 13.4774503707886 14.0374727249146 14.886622428894 15.7357721328735 16.5849227905273 17.4340724945068 18.2832221984863 19.1323719024658 19.9815216064453 20.5490627288818 21.0227336883545 21.4964046478271 21.9700775146484 22.4437484741211 22.9174213409424 23.391092300415 23.8810386657715 24.4198093414307 24.9585800170898 25.4973487854004 26.0361194610596 26.5748901367188 27.1136589050293 27.6524295806885 27.8504467010498 27.9348793029785 28.0193119049072 28.1037445068359 28.1881790161133 28.272611618042 28.3570442199707 28.3243370056152
8.2175989151001 8.53667259216309 8.85574626922607 9.17482089996338 9.49389457702637 9.81296920776367 10.1320428848267 10.5997200012207 11.1169309616089 11.6341428756714 12.1513538360596 12.6685657501221 13.1857767105103 13.7029886245728 14.2980117797852 15.1264715194702 15.9549312591553 16.783390045166 17.6118507385254 18.4403095245361 19.2687683105469 20.0972290039062 20.7281951904297 21.2933311462402 21.8584671020508 22.4236030578613 22.9887371063232 23.5538730621338 24.1190090179443 24.6784439086914 25.2207736968994 25.7631053924561 26.3054351806641 26.8477668762207 27.3900966644287 27.9324264526367 28.4747581481934 28.6154842376709 28.6223411560059 28.6291980743408 28.6360549926758 28.6429119110107 28.6497688293457 28.6566257476807 28.550687789917
7.93112134933472 8.27426910400391 8.61741638183594 8.96056365966797 9.30371189117432 9.64685916900635 9.99000644683838 10.5038747787476 11.074649810791 11.6454248428345 12.2162008285522 12.7869758605957 13.3577508926392 13.9285268783569 14.5585498809814 15.3663196563721 16.1740894317627 16.9818592071533 17.7896289825439 18.5973987579346 19.4051666259766 20.2129364013672 20.9073295593262 21.563928604126 22.2205276489258 22.8771266937256 23.533727645874 24.1903266906738 24.8469257354736 25.4758491516113 26.0217399597168 26.5676307678223 27.1135215759277 27.6594123840332 28.2053031921387 28.7511959075928 29.2970867156982 29.3805198669434 29.3098011016846 29.2390823364258 29.168363571167 29.0976448059082 29.0269260406494 28.9562072753906 28.7770385742188
7.64464473724365 8.01186561584473 8.3790864944458 8.74630737304688 9.11352825164795 9.48074913024902 9.8479700088501 10.4080295562744 11.0323686599731 11.6567077636719 12.2810468673706 12.9053859710693 13.5297250747681 14.1540651321411 14.819088935852 15.6061687469482 16.3932476043701 17.180326461792 17.9674072265625 18.7544860839844 19.5415649414062 20.3286457061768 21.086462020874 21.8345260620117 22.5825881958008 23.3306522369385 24.0787162780762 24.8267784118652 25.5748424530029 26.2732524871826 26.8227043151855 27.3721561431885 27.9216079711914 28.4710597991943 29.0205116271973 29.5699634552002 30.1194152832031 30.1455554962158 29.9972610473633 29.8489665985107 29.7006721496582 29.5523777008057 29.4040832519531 29.255786895752 29.0033874511719
7.46800565719604 7.86350154876709 8.25899791717529 8.65449333190918 9.04998970031738 9.44548511505127 9.84098148345947 10.4538841247559 11.1392555236816 11.8246269226074 12.5099983215332 13.1953687667847 13.8807401657104 14.5661115646362 15.2761030197144 16.0599555969238 16.843807220459 17.6276607513428 18.4115123748779 19.1953659057617 19.9792175292969 20.763069152832 21.533411026001 22.2992477416992 23.0650844573975 23.8309230804443 24.5967597961426 25.3625965118408 26.1284351348877 26.8403358459473 27.3904323577881 27.9405288696289 28.4906253814697 29.0407218933105 29.5908184051514 30.1409130096436 30.6910095214844 30.6665306091309 30.4505252838135 30.2345199584961 30.0185146331787 29.8025093078613 29.5865039825439 29.3704986572266 29.0611305236816
7.4012041091919 7.829176902771 8.2571496963501 8.6851224899292 9.1130952835083 9.5410680770874 9.9690408706665 10.6414384841919 11.3953094482422 12.1491813659668 12.9030532836914 13.6569242477417 14.4107961654663 15.1646680831909 15.929594039917 16.7276821136475 17.5257701873779 18.3238582611084 19.1219463348389 19.9200344085693 20.7181224822998 21.5162105560303 22.2481727600098 22.9580955505371 23.6680164337158 24.3779373168945 25.0878582000732 25.797779083252 26.5077018737793 27.1770992279053 27.7249240875244 28.2727489471436 28.8205738067627 29.3683986663818 29.916223526001 30.4640483856201 31.0118732452393 30.9434413909912 30.6695919036865 30.3957405090332 30.1218891143799 29.8480396270752 29.5741882324219 29.3003368377686 28.9502639770508
7.33440256118774 7.7948522567749 8.25530242919922 8.71575164794922 9.17620086669922 9.63665103912354 10.0971002578735 10.8289918899536 11.651364326477 12.4737358093262 13.2961082458496 14.1184797286987 14.9408521652222 15.7632236480713 16.5830841064453 17.3954086303711 18.2077312469482 19.020055770874 19.8323802947998 20.644702911377 21.4570274353027 22.2693519592285 22.9629364013672 23.6169414520264 24.2709465026855 24.9249515533447 25.5789566040039 26.2329635620117 26.8869686126709 27.5138607025146 28.0594139099121 28.6049671173096 29.1505222320557 29.6960754394531 30.2416286468506 30.7871837615967 31.3327369689941 31.2203540802002 30.8886566162109 30.5569610595703 30.2252655029297 29.8935680389404 29.5618724822998 29.2301769256592 28.8393993377686
7.26760101318359 7.76052761077881 8.25345420837402 8.74638080596924 9.23930740356445 9.73223400115967 10.2251605987549 11.0165462493896 11.9074182510376 12.7982902526855 13.6891632080078 14.5800352096558 15.4709072113037 16.361780166626 17.2365741729736 18.0631332397461 18.8896942138672 19.7162532806396 20.5428123474121 21.3693733215332 22.1959323883057 23.0224914550781 23.6777000427246 24.2757892608643 24.8738784790039 25.4719676971436 26.0700569152832 26.6681461334229 27.2662353515625 27.850622177124 28.3939056396484 28.9371871948242 29.4804706573486 30.0237522125244 30.5670356750488 31.1103172302246 31.653600692749 31.4972648620605 31.107723236084 30.7181816101074 30.3286399841309 29.9390983581543 29.5495567321777 29.1600151062012 28.7285327911377
