resources/Exp000_Example-Run/Run01_M2/TimeSeries/1990/model_set/hflux_avg.asc
NCOLS 265 
NROWS 230 
XLLCORNER -115.5625 
YLLCORNER 24.8333333333333 
CELLSIZE 0.0833333333333333 
NODATA_value -9999 
[rows 80 to 99 of 230, columns 0 to 45 of 265]
70.5004501342773 69.9876251220703 69.4748001098633 68.9619750976562 68.4491500854492 67.9363174438477 67.4234924316406 67.1714706420898 67.0063781738281 66.8412857055664 66.6762008666992 66.5111083984375 66.3460159301758 66.1809234619141 66.0349426269531 65.9462966918945 65.8576507568359 65.7689971923828 65.6803512573242 65.5917053222656 65.5030517578125 65.4144058227539 65.5416030883789 65.7407531738281 65.9398956298828 66.139045715332 66.3381881713867 66.5373382568359 66.7364807128906 66.8718414306641 66.8158340454102 66.7598342895508 66.7038269042969 66.647819519043 66.5918197631836 66.5358123779297 66.4798126220703 65.9717636108398 65.3130340576172 64.6543045043945 63.9955711364746 63.336841583252 62.678108215332 62.0193786621094 61.4776916503906 61.2871398925781
70.4147567749023 69.9145812988281 69.4144058227539 68.9142303466797 68.4140472412109 67.9138717651367 67.4136962890625 67.0119476318359 66.6430053710938 66.2740631103516 65.9051284790039 65.5361862182617 65.1672439575195 64.7983093261719 64.5166702270508 64.4969329833984 64.4771957397461 64.4574661254883 64.4377288818359 64.4179916381836 64.3982620239258 64.3785247802734 64.5088272094727 64.6891479492188 64.8694610595703 65.0497741699219 65.230094909668 65.4104080200195 65.5907287597656 65.7435607910156 65.8139419555664 65.8843307495117 65.9547119140625 66.0250930786133 66.0954742431641 66.1658630371094 66.2362442016602 65.712272644043 64.9901885986328 64.2680969238281 63.5460090637207 62.823917388916 62.1018295288086 61.3797416687012 60.7992744445801 60.6436653137207
70.3290634155273 69.8415374755859 69.3540115356445 68.8664855957031 68.3789520263672 67.8914260864258 67.4039001464844 66.852424621582 66.2796325683594 65.7068481445312 65.1340560913086 64.5612640380859 63.9884757995605 63.4156875610352 62.9983901977539 63.0475692749023 63.0967483520508 63.1459274291992 63.1951026916504 63.2442817687988 63.2934608459473 63.3426399230957 63.4760513305664 63.6375389099121 63.7990264892578 63.9605102539062 64.1220016479492 64.2834854125977 64.4449768066406 64.6152801513672 64.8120498657227 65.0088195800781 65.2055969238281 65.4023666381836 65.5991363525391 65.7959060668945 65.99267578125 65.4527816772461 64.6673355102539 63.8818893432617 63.0964431762695 62.3109970092773 61.5255508422852 60.7401008605957 60.1208534240723 60.0001907348633
70.2433700561523 69.7684936523438 69.2936172485352 68.818733215332 68.3438568115234 67.8689804077148 67.3941040039062 66.6929016113281 65.916259765625 65.1396255493164 64.3629837036133 63.5863456726074 62.8097076416016 62.0330657958984 61.480110168457 61.598201751709 61.7162971496582 61.8343887329102 61.9524803161621 62.0705718994141 62.1886672973633 62.3067588806152 62.4432754516602 62.5859336853027 62.728588104248 62.8712463378906 63.0139045715332 63.1565628051758 63.2992210388184 63.487003326416 63.8101615905762 64.1333160400391 64.4564743041992 64.7796325683594 65.1027908325195 65.4259490966797 65.7491073608398 65.1932983398438 64.3444900512695 63.4956855773926 62.6468811035156 61.7980728149414 60.9492683410645 60.1004638671875 59.4424324035645 59.3567199707031
70.5330810546875 69.9765853881836 69.4200897216797 68.8635864257812 68.3070907592773 67.7505874633789 67.194091796875 66.3922500610352 65.5086288452148 64.6250076293945 63.7413902282715 62.8577690124512 61.9741477966309 61.0905265808105 60.4919738769531 60.7486228942871 61.0052757263184 61.2619285583496 61.5185775756836 61.7752304077148 62.0318794250488 62.2885322570801 62.4214477539062 62.5131149291992 62.6047821044922 62.6964492797852 62.7881202697754 62.8797874450684 62.9714546203613 63.1375350952148 63.52685546875 63.9161720275879 64.3054885864258 64.6948089599609 65.0841293334961 65.4734497070312 65.8627700805664 65.3107376098633 64.4449157714844 63.5791015625 62.7132835388184 61.847469329834 60.9816513061523 60.1158332824707 59.4231338500977 59.2497749328613
71.1982040405273 70.4658126831055 69.7334213256836 69.0010375976562 68.2686462402344 67.5362548828125 66.8038711547852 65.9504699707031 65.0567321777344 64.1630020141602 63.2692680358887 62.3755302429199 61.4817962646484 60.588062286377 60.0339775085449 60.4988327026367 60.9636878967285 61.4285430908203 61.8933982849121 62.3582534790039 62.8231086730957 63.2879638671875 63.4105682373047 63.4190864562988 63.427604675293 63.4361228942871 63.4446411132812 63.4531593322754 63.4616775512695 63.5668830871582 63.9621353149414 64.3573837280273 64.7526397705078 65.1478881835938 65.5431442260742 65.9384002685547 66.3336486816406 65.8050994873047 64.968620300293 64.1321411132812 63.2956581115723 62.4591789245605 61.6226959228516 60.7862167358398 60.0629577636719 59.6793594360352
71.8633193969727 70.9550399780273 70.046760559082 69.1384811401367 68.2302017211914 67.3219223022461 66.4136428833008 65.5086898803711 64.6048431396484 63.7009925842285 62.7971458435059 61.8932952880859 60.9894485473633 60.0855979919434 59.5759773254395 60.2490386962891 60.9220962524414 61.595157623291 62.2682151794434 62.941276550293 63.6143341064453 64.2873916625977 64.3996887207031 64.3250579833984 64.2504272460938 64.1757965087891 64.1011657714844 64.0265350341797 63.951904296875 63.9962272644043 64.3974151611328 64.7985992431641 65.1997833251953 65.6009750366211 66.0021591186523 66.4033432006836 66.8045349121094 66.2994689941406 65.4923248291016 64.6851806640625 63.8780326843262 63.0708885192871 62.263744354248 61.4565963745117 60.7027778625488 60.1089401245117
72.5284423828125 71.4442749023438 70.3600997924805 69.2759323120117 68.191764831543 67.1075897216797 66.0234222412109 65.0669097900391 64.152946472168 63.2389831542969 62.325023651123 61.411060333252 60.4970970153809 59.583137512207 59.1179809570312 59.9992446899414 60.8805084228516 61.7617721557617 62.6430358886719 63.524299621582 64.4055633544922 65.2868270874023 65.3888092041016 65.2310256958008 65.0732498168945 64.9154663085938 64.7576904296875 64.5999069213867 64.4421310424805 64.4255752563477 64.8326950073242 65.2398147583008 65.6469345092773 66.0540542602539 66.4611740112305 66.868293762207 67.2754135131836 66.7938385009766 66.0160293579102 65.2382202148438 64.4604034423828 63.6825981140137 62.9047889709473 62.1269798278809 61.342601776123 60.5385246276855
73.1935577392578 71.9335021972656 70.6734390258789 69.4133834838867 68.1533203125 66.8932571411133 65.6332015991211 64.625129699707 63.7010536193848 62.7769775390625 61.8529014587402 60.928825378418 60.0047492980957 59.0806732177734 58.659984588623 59.7494506835938 60.8389205932617 61.9283866882324 63.0178527832031 64.1073226928711 65.1967926025391 66.2862548828125 66.3779296875 66.1370010375977 65.8960723876953 65.655143737793 65.4142074584961 65.1732788085938 64.9323501586914 64.8549194335938 65.2679748535156 65.681022644043 66.0940780639648 66.5071334838867 66.9201889038086 67.3332443237305 67.7462921142578 67.288200378418 66.5397262573242 65.7912521362305 65.0427780151367 64.294303894043 63.5458335876465 62.7973594665527 61.9824256896973 60.9681053161621
73.8586807250977 72.4227294921875 70.9867782592773 69.5508270263672 68.114875793457 66.6789245605469 65.2429809570312 64.183349609375 63.2491569519043 62.3149681091309 61.3807792663574 60.446590423584 59.5123977661133 58.5782089233398 58.2019844055176 59.4996566772461 60.7973289489746 62.0950012207031 63.3926734924316 64.6903457641602 65.9880142211914 67.2856903076172 67.3670501708984 67.04296875 66.7188873291016 66.3948135375977 66.0707321166992 65.7466583251953 65.4225769042969 65.2842636108398 65.703254699707 66.1222381591797 66.5412292480469 66.9602127075195 67.3792037963867 67.7981872558594 68.2171783447266 67.7825698852539 67.0634307861328 66.3442916870117 65.6251525878906 64.9060134887695 64.186882019043 63.4677391052246 62.6222457885742 61.3976898193359
73.8662567138672 72.4139556884766 70.9616622924805 69.5093612670898 68.0570602416992 66.6047592163086 65.1524658203125 64.1325225830078 63.256706237793 62.3808860778809 61.505069732666 60.6292495727539 59.7534332275391 58.877613067627 58.5606079101562 59.9200401306152 61.2794723510742 62.6389045715332 63.9983367919922 65.3577651977539 66.7172012329102 68.0766296386719 68.1536712646484 67.8032379150391 67.4528121948242 67.1023864746094 66.7519607543945 66.4015274047852 66.0511016845703 65.8689575195312 66.1916809082031 66.5143966674805 66.8371124267578 67.1598281860352 67.4825439453125 67.8052673339844 68.1279830932617 67.7482681274414 67.134407043457 66.5205383300781 65.9066772460938 65.2928161621094 64.678955078125 64.0650939941406 63.2654914855957 61.9086532592773
73.2163009643555 71.9071884155273 70.5980834960938 69.2889785766602 67.979866027832 66.6707611083984 65.3616561889648 64.47265625 63.7236938476562 62.9747314453125 62.2257690429688 61.476806640625 60.7278442382812 59.9788818359375 59.7358474731445 61.0105972290039 62.2853469848633 63.5600929260254 64.8348388671875 66.1095886230469 67.3843383789062 68.6590881347656 68.73779296875 68.4178161621094 68.0978393554688 67.7778625488281 67.4578857421875 67.1379089355469 66.8179321289062 66.6090087890625 66.7332534790039 66.8574905395508 66.9817352294922 67.1059799194336 67.230224609375 67.3544692993164 67.4787139892578 67.1852874755859 66.7526473999023 66.3199996948242 65.8873596191406 65.4547119140625 65.0220718383789 64.5894241333008 63.9121551513672 62.5009994506836
72.5663375854492 71.4004211425781 70.234504699707 69.0685882568359 67.9026718139648 66.7367630004883 65.5708465576172 64.8127822875977 64.1906814575195 63.5685768127441 62.9464683532715 62.3243637084961 61.7022590637207 61.0801544189453 60.9110908508301 62.1011543273926 63.2912178039551 64.4812850952148 65.6713485717773 66.8614120483398 68.0514755249023 69.2415390014648 69.3219146728516 69.0323867797852 68.7428588867188 68.4533309936523 68.1638107299805 67.8742828369141 67.5847549438477 67.3490524291992 67.2748260498047 67.2005920410156 67.1263580322266 67.052131652832 66.977897644043 66.9036712646484 66.8294372558594 66.622314453125 66.3708877563477 66.1194610595703 65.868034362793 65.6166076660156 65.3651809692383 65.1137619018555 64.5588226318359 63.0933456420898
71.916374206543 70.8936538696289 69.8709259033203 68.8482055664062 67.8254852294922 66.8027572631836 65.7800369262695 65.1529159545898 64.6576690673828 64.1624221801758 63.6671714782715 63.1719207763672 62.6766738891602 62.1814231872559 62.0863304138184 63.1917114257812 64.2970962524414 65.402473449707 66.5078506469727 67.6132354736328 68.7186126708984 69.8239974975586 69.9060363769531 69.6469573974609 69.3878860473633 69.1288070678711 68.8697357177734 68.6106567382812 68.3515853881836 68.0891036987305 67.8163986206055 67.5436935424805 67.2709884643555 66.9982833862305 66.7255783081055 66.4528732299805 66.1801681518555 66.0593338012695 65.989128112793 65.9189224243164 65.8487167358398 65.7785034179688 65.7082977294922 65.6380920410156 65.2054824829102 63.6856918334961
71.2664184570312 70.3868865966797 69.5073547363281 68.6278228759766 67.748291015625 66.8687591552734 65.9892272949219 65.493049621582 65.1246566772461 64.7562637329102 64.3878707885742 64.0194778442383 63.6510848999023 63.2826919555664 63.2615737915039 64.2822723388672 65.3029632568359 66.3236618041992 67.3443603515625 68.3650588989258 69.3857498168945 70.4064483642578 70.4901580810547 70.2615280151367 70.0329055786133 69.8042831420898 69.5756607055664 69.3470306396484 69.118408203125 68.8291473388672 68.3579711914062 67.8867874145508 67.4156112670898 66.9444351196289 66.4732513427734 66.0020751953125 65.5308990478516 65.4963607788086 65.6073684692383 65.7183837890625 65.8293914794922 65.9403991699219 66.0514144897461 66.1624221801758 65.8521499633789 64.2780380249023
70.616455078125 69.8801193237305 69.1437759399414 68.4074325561523 67.6710968017578 66.9347534179688 66.1984176635742 65.8331756591797 65.5916442871094 65.3501052856445 65.1085739135742 64.8670349121094 64.6254959106445 64.3839645385742 64.4368133544922 65.3728256225586 66.308837890625 67.2448501586914 68.1808624267578 69.1168746948242 70.0528869628906 70.988899230957 71.0742797851562 70.876106262207 70.6779327392578 70.4797592163086 70.2815856933594 70.0834121704102 69.8852386474609 69.5691909790039 68.899543762207 68.2298889160156 67.5602340698242 66.8905868530273 66.2209320068359 65.5512771606445 64.8816299438477 64.9333877563477 65.2256164550781 65.5178375244141 65.8100662231445 66.102294921875 66.3945236206055 66.6867523193359 66.4988174438477 64.8703842163086
70.2221145629883 69.629524230957 69.0369338989258 68.4443511962891 67.8517608642578 67.2591705322266 66.6665802001953 66.3904571533203 66.2198257446289 66.0491943359375 65.8785705566406 65.7079391479492 65.5373077392578 65.3666763305664 65.4434661865234 66.2625198364258 67.0815734863281 67.9006271362305 68.7196807861328 69.5387344360352 70.3577880859375 71.1768417358398 71.2477645874023 71.0693054199219 70.8908462524414 70.7123870849609 70.5339279174805 70.3554763793945 70.1770172119141 69.8463973999023 69.0592880249023 68.2721710205078 67.4850616455078 66.6979522705078 65.9108428955078 65.1237335205078 64.3366241455078 64.4520950317383 64.8684310913086 65.2847671508789 65.7011108398438 66.1174468994141 66.5337829589844 66.9501190185547 66.8598480224609 65.249755859375
70.0833969116211 69.6351165771484 69.1868362426758 68.7385559082031 68.2902755737305 67.8419952392578 67.3937149047852 67.1648864746094 67.0092086791992 66.8535308837891 66.6978607177734 66.5421829223633 66.3865051269531 66.230827331543 66.2815246582031 66.9513473510742 67.6211624145508 68.2909851074219 68.960807800293 69.6306228637695 70.3004455566406 70.9702682495117 71.010612487793 70.8411331176758 70.6716537475586 70.5021820068359 70.3327026367188 70.1632232666016 69.9937515258789 69.6607513427734 68.8371963500977 68.0136489868164 67.1900939941406 66.3665390014648 65.5429840087891 64.7194366455078 63.895881652832 64.0524978637695 64.5358352661133 65.019172668457 65.5025100708008 65.9858474731445 66.4691848754883 66.952522277832 66.9352493286133 65.4161605834961
69.9446716308594 69.6407012939453 69.3367309570312 69.0327606201172 68.7287902832031 68.4248199462891 68.120849609375 67.9393157958984 67.7985916137695 67.6578674316406 67.5171508789062 67.3764266967773 67.2357025146484 67.0949783325195 67.1195831298828 67.6401672363281 68.160758972168 68.6813430786133 69.2019271850586 69.7225189208984 70.2431030273438 70.7636871337891 70.7734603881836 70.6129684448242 70.4524688720703 70.2919692993164 70.131477355957 69.9709777832031 69.8104782104492 69.4751052856445 68.6151123046875 67.7551193237305 66.8951187133789 66.0351257324219 65.1751327514648 64.3151397705078 63.4551391601562 63.6528968811035 64.2032318115234 64.7535705566406 65.3039093017578 65.854248046875 66.4045791625977 66.9549179077148 67.0106506347656 65.5825576782227
69.8059539794922 69.6462936401367 69.4866333007812 69.3269729614258 69.1673049926758 69.0076446533203 68.8479843139648 68.7137451171875 68.5879745483398 68.4622039794922 68.3364410400391 68.2106704711914 68.0848999023438 67.9591293334961 67.9576416015625 68.3289947509766 68.7003479003906 69.0717010498047 69.4430541992188 69.8144073486328 70.1857604980469 70.5571136474609 70.5363159179688 70.3847961425781 70.2332763671875 70.0817642211914 69.9302444458008 69.7787322998047 69.6272125244141 69.2894668579102 68.3930282592773 67.4965896606445 66.6001510620117 65.7037124633789 64.8072738647461 63.9108390808105 63.0144004821777 63.2532958984375 63.8706321716309 64.4879684448242 65.1053085327148 65.7226409912109 66.3399810791016 66.9573211669922 67.086051940918 65.7489624023438
