resources/Exp000_Example-Run/Run01_M2/TimeSeries/1990/model_set/hflux_avg.asc
NCOLS 265 
NROWS 230 
XLLCORNER -115.5625 
YLLCORNER 24.8333333333333 
CELLSIZE 0.0833333333333333 
NODATA_value -9999 
[rows 80 to 99 of 230, columns 46 to 91 of 265]
61.0965843200684 60.9060287475586 60.7154731750488 60.5249176025391 60.3343658447266 60.1438102722168 59.9399528503418 59.7316589355469 59.523365020752 59.315071105957 59.1067771911621 58.8984832763672 58.6901893615723 58.5230522155762 58.4793853759766 58.4357223510742 58.3920555114746 58.348388671875 58.3047218322754 58.2610549926758 58.2173881530762 58.0307922363281 57.7965469360352 57.5623054504395 57.3280601501465 57.0938148498535 56.8595733642578 56.6253280639648 56.4828147888184 56.6154937744141 56.7481727600098 56.8808517456055 57.0135307312012 57.1462097167969 57.2788887023926 57.4115676879883 57.2645111083984 57.0242042541504 56.7839012145996 56.5435943603516 56.3032913208008 56.0629844665527 55.8226776123047 55.7448348999023 56.1543769836426 56.5639190673828
60.4880599975586 60.3324508666992 60.1768455505371 60.0212364196777 59.8656311035156 59.7100219726562 59.647388458252 59.6157417297363 59.584098815918 59.5524559020996 59.520809173584 59.4891662597656 59.4575233459473 59.3425140380859 58.977424621582 58.6123313903809 58.2472381591797 57.8821487426758 57.5170555114746 57.1519660949707 56.7868728637695 56.5445938110352 56.3432502746582 56.1419105529785 55.9405670166016 55.7392234802246 55.5378837585449 55.336540222168 55.2510795593262 55.5132598876953 55.7754402160645 56.0376243591309 56.2998046875 56.5619850158691 56.8241653442383 57.0863456726074 57.1243553161621 57.0876388549805 57.0509262084961 57.0142097473145 56.9774932861328 56.9407806396484 56.9040641784668 56.9929656982422 57.4587097167969 57.9244575500488
59.8795318603516 59.7588729858398 59.6382141113281 59.5175552368164 59.3968925476074 59.2762336730957 59.3548240661621 59.499828338623 59.644832611084 59.7898368835449 59.9348449707031 60.0798492431641 60.224853515625 60.1619758605957 59.4754600524902 58.7889442443848 58.102424621582 57.4159088134766 56.7293891906738 56.0428733825684 55.3563537597656 55.0583953857422 54.8899536132812 54.7215156555176 54.5530738830566 54.3846321105957 54.216194152832 54.0477523803711 54.019344329834 54.4110260009766 54.8027076721191 55.194393157959 55.5860748291016 55.9777565002441 56.369441986084 56.7611236572266 56.9841995239258 57.1510734558105 57.3179512023926 57.4848251342773 57.6516990661621 57.8185729980469 57.9854469299316 58.2410926818848 58.7630424499512 59.2849960327148
59.2710075378418 59.1852951049805 59.0995826721191 59.0138702392578 58.9281578063965 58.8424453735352 59.0622596740723 59.3839149475098 59.70556640625 60.0272216796875 60.348876953125 60.6705322265625 60.9921836853027 60.9814376831055 59.9734954833984 58.9655532836914 57.9576110839844 56.9496688842773 55.941722869873 54.933780670166 53.925838470459 53.5721969604492 53.4366569519043 53.3011207580566 53.1655807495117 53.0300407409668 52.8945045471191 52.7589645385742 52.7876052856445 53.3087921142578 53.8299751281738 54.3511619567871 54.8723449707031 55.3935317993164 55.9147148132324 56.4359016418457 56.8440437316895 57.2145080566406 57.5849761962891 57.9554405212402 58.3259048461914 58.6963691711426 59.0668334960938 59.4892196655273 60.0673751831055 60.6455345153809
59.076416015625 58.9030570983887 58.7296981811523 58.5563430786133 58.382984161377 58.2096252441406 58.5466384887695 59.0537796020508 59.5609169006348 60.0680541992188 60.5751953125 61.082332611084 61.5894737243652 61.691089630127 60.5761489868164 59.4612083435059 58.346263885498 57.2313232421875 56.116382598877 55.0014381408691 53.8864974975586 53.5048713684082 53.3676872253418 53.2304992675781 53.0933151245117 52.956127166748 52.8189430236816 52.681755065918 52.6992874145508 53.1809768676758 53.6626625061035 54.1443481445312 54.626033782959 55.1077194213867 55.5894050598145 56.0710906982422 56.5311164855957 56.9839210510254 57.4367294311523 57.889533996582 58.3423385620117 58.7951431274414 59.2479476928711 59.7511405944824 60.4054870605469 61.0598335266113
59.2957611083984 58.9121627807617 58.528564453125 58.1449661254883 57.7613677978516 57.3777694702148 57.8079643249512 58.5094223022461 59.210880279541 59.9123382568359 60.6138000488281 61.315258026123 62.016716003418 62.2909317016602 61.2834167480469 60.2759017944336 59.2683906555176 58.2608757019043 57.253360748291 56.2458457946777 55.2383308410645 54.8564186096191 54.6830368041992 54.5096549987793 54.3362731933594 54.1628952026367 53.9895133972168 53.8161315917969 53.7543907165527 54.0275802612305 54.3007659912109 54.5739517211914 54.8471374511719 55.1203231811523 55.3935089111328 55.6666984558105 56.0454177856445 56.4593124389648 56.8732109069824 57.2871055603027 57.7010040283203 58.1149024963379 58.5287971496582 59.0268516540527 59.7773780822754 60.5279006958008
59.5151023864746 58.9212646484375 58.3274269104004 57.7335891723633 57.1397514343262 56.5459136962891 57.0692863464355 57.9650650024414 58.8608436584473 59.7566223144531 60.652400970459 61.5481796264648 62.443962097168 62.8907737731934 61.9906883239746 61.0905990600586 60.1905136108398 59.2904281616211 58.3903427124023 57.4902534484863 56.5901679992676 56.2079658508301 55.9983863830566 55.7888107299805 55.5792350769043 55.3696594238281 55.160083770752 54.9505043029785 54.8094940185547 54.8741836547852 54.9388694763184 55.0035552978516 55.0682411193848 55.1329307556152 55.1976165771484 55.2623023986816 55.5597152709961 55.9347038269043 56.3096923828125 56.6846809387207 57.0596694946289 57.4346580505371 57.8096466064453 58.302562713623 59.1492652893066 59.9959678649902
59.7344436645508 58.9303665161133 58.1262893676758 57.3222122192383 56.5181350708008 55.714054107666 56.3306083679199 57.4207077026367 58.5108070373535 59.6009063720703 60.6910057067871 61.7811050415039 62.8712043762207 63.4906120300293 62.6979560852051 61.9052963256836 61.1126365661621 60.3199806213379 59.5273208618164 58.7346611022949 57.9420051574707 57.5595092773438 57.3137397766113 57.0679664611816 56.8221969604492 56.5764236450195 56.3306503295898 56.0848808288574 55.8645973205566 55.7207870483398 55.5769729614258 55.4331588745117 55.2893486022949 55.1455345153809 55.0017204284668 54.8579063415527 55.0740165710449 55.4100952148438 55.7461738586426 56.0822563171387 56.4183349609375 56.7544174194336 57.0904960632324 57.5782775878906 58.5211524963379 59.4640312194824
59.9537887573242 58.9394721984863 57.9251518249512 56.9108352661133 55.8965148925781 54.8821983337402 55.5919342041016 56.8763542175293 58.1607704162598 59.4451904296875 60.7296104431152 62.014030456543 63.2984466552734 64.0904541015625 63.4052238464355 62.7199935913086 62.0347633361816 61.3495330810547 60.6643028259277 59.9790687561035 59.2938385009766 58.9110565185547 58.6290893554688 58.3471221923828 58.0651550292969 57.7831878662109 57.501220703125 57.2192535400391 56.9197006225586 56.5673904418945 56.2150764465332 55.8627624511719 55.5104522705078 55.1581382751465 54.8058280944824 54.4535140991211 54.5883140563965 54.8854866027832 55.1826591491699 55.4798278808594 55.7770004272461 56.0741729736328 56.3713455200195 56.8539886474609 57.8930435180664 58.9320983886719
60.1731300354004 58.9485740661621 57.7240142822266 56.4994583129883 55.2748985290527 54.0503425598145 54.8532562255859 56.3319969177246 57.810733795166 59.2894744873047 60.7682151794434 62.2469520568848 63.7256927490234 64.6902923583984 64.1124954223633 63.5346908569336 62.9568862915039 62.3790855407715 61.8012809753418 61.2234764099121 60.6456756591797 60.2626037597656 59.9444389343262 59.626277923584 59.3081169128418 58.9899520874023 58.6717910766602 58.353630065918 57.9748039245605 57.4139938354492 56.8531799316406 56.292366027832 55.7315559387207 55.1707420349121 54.6099319458008 54.0491180419922 54.1026153564453 54.3608779907227 54.619140625 54.8774032592773 55.1356658935547 55.3939323425293 55.6521949768066 56.1296997070312 57.2649307250977 58.4001655578613
60.551815032959 59.1949806213379 57.8381423950195 56.4813041687012 55.1244697570801 53.7676315307617 54.5632781982422 56.076416015625 57.5895576477051 59.1026992797852 60.6158409118652 62.1289825439453 63.6421203613281 64.668098449707 64.2325973510742 63.7970924377441 63.3615913391113 62.9260864257812 62.4905815124512 62.0550765991211 61.619571685791 61.3089332580566 61.039909362793 60.7708892822266 60.5018692016602 60.2328453063965 59.9638252258301 59.6948051452637 59.3133277893066 58.5944900512695 57.8756523132324 57.1568145751953 56.4379768371582 55.7191390991211 55.0002975463867 54.2814598083496 54.2209167480469 54.3798027038574 54.538688659668 54.6975746154785 54.8564605712891 55.0153465270996 55.1742324829102 55.5848426818848 56.7506103515625 57.9163818359375
61.08984375 59.6786880493164 58.2675323486328 56.8563766479492 55.4452209472656 54.034065246582 54.7219924926758 56.109619140625 57.497241973877 58.8848648071289 60.2724914550781 61.6601142883301 63.047737121582 64.0238723754883 63.7655372619629 63.5072059631348 63.2488708496094 62.990535736084 62.7322006225586 62.4738693237305 62.2155342102051 62.0500411987305 61.9154968261719 61.7809562683105 61.646411895752 61.5118675231934 61.3773231506348 61.2427787780762 60.9352722167969 60.1088829040527 59.2824935913086 58.4561004638672 57.629711151123 56.8033218383789 55.9769287109375 55.1505393981934 54.9432220458984 54.9422645568848 54.9413032531738 54.9403419494629 54.9393844604492 54.9384231567383 54.9374656677246 55.219409942627 56.3500785827637 57.4807472229004
61.627872467041 60.1623954772949 58.6969223022461 57.2314491271973 55.7659721374512 54.3004989624023 54.8807106018066 56.1428184509277 57.4049263000488 58.6670303344727 59.9291381835938 61.1912460327148 62.4533538818359 63.3796424865723 63.2984809875488 63.2173156738281 63.1361503601074 63.0549850463867 62.9738235473633 62.8926582336426 62.8114929199219 62.7911529541016 62.791088104248 62.7910194396973 62.7909545898438 62.790885925293 62.7908210754395 62.7907562255859 62.5572204589844 61.6232757568359 60.6893348693848 59.7553901672363 58.8214454650879 57.8875045776367 56.9535598754883 56.0196189880371 55.66552734375 55.5047225952148 55.3439178466797 55.1831130981445 55.0223045349121 54.861499786377 54.7006950378418 54.8539810180664 55.9495506286621 57.0451164245605
62.1658973693848 60.6461067199707 59.1263122558594 57.606517791748 56.086727142334 54.5669326782227 55.0394248962402 56.1760177612305 57.3126068115234 58.4491996765137 59.5857887268066 60.7223777770996 61.8589706420898 62.7354125976562 62.8314208984375 62.9274253845215 63.0234298706055 63.1194381713867 63.2154426574707 63.311450958252 63.4074554443359 63.5322647094727 63.666675567627 63.8010864257812 63.9354972839355 64.0699081420898 64.2043228149414 64.3387298583984 64.1791610717773 63.1376686096191 62.0961723327637 61.0546798706055 60.01318359375 58.9716873168945 57.9301910400391 56.8886985778809 56.3878326416016 56.0671844482422 55.7465324401855 55.4258804321289 55.1052284240723 54.7845764160156 54.463924407959 54.4885520935059 55.5490188598633 56.6094818115234
62.7039260864258 61.1298141479492 59.5557022094727 57.9815902709961 56.4074783325195 54.833366394043 55.1981430053711 56.2092170715332 57.2202911376953 58.2313652038574 59.2424392700195 60.2535133361816 61.2645874023438 62.0911865234375 62.3643608093262 62.6375350952148 62.9107131958008 63.1838874816895 63.4570655822754 63.7302398681641 64.00341796875 64.2733764648438 64.5422668457031 64.811149597168 65.0800399780273 65.3489303588867 65.6178207397461 65.8867034912109 65.8011093139648 64.6520614624023 63.5030136108398 62.3539657592773 61.2049179077148 60.0558700561523 58.9068222045898 57.7577743530273 57.1101417541504 56.6296424865723 56.1491470336914 55.6686477661133 55.1881523132324 54.7076530456543 54.2271575927734 54.1231231689453 55.1484870910645 56.1738471984863
63.2419548034668 61.6135215759277 59.9850921630859 58.3566627502441 56.7282295227051 55.0998001098633 55.356861114502 56.2424163818359 57.1279716491699 58.0135307312012 58.8990859985352 59.7846450805664 60.6702003479004 61.4469566345215 61.8973007202148 62.3476486206055 62.7979927062988 63.2483406066895 63.6986846923828 64.1490325927734 64.5993728637695 65.0144882202148 65.417854309082 65.8212203979492 66.2245864868164 66.6279525756836 67.0313186645508 67.434684753418 67.4230575561523 66.1664581298828 64.9098587036133 63.6532554626465 62.396656036377 61.1400527954102 59.8834533691406 58.6268539428711 57.832447052002 57.1921043395996 56.5517616271973 55.9114151000977 55.2710723876953 54.630729675293 53.9903869628906 53.7576942443848 54.7479553222656 55.7382164001465
63.6396675109863 62.0295791625977 60.4194869995117 58.809398651123 57.1993103027344 55.5892181396484 55.7205200195312 56.4322891235352 57.1440544128418 57.8558235168457 58.5675888061523 59.2793579101562 59.9911231994629 60.6759452819824 61.2799301147461 61.8839149475098 62.4879035949707 63.0918884277344 63.695873260498 64.2998580932617 64.9038467407227 65.4092407226562 65.8817825317383 66.3543167114258 66.8268508911133 67.2993850708008 67.7719192504883 68.2444610595703 68.2910919189453 67.0600051879883 65.8289260864258 64.5978393554688 63.3667602539062 62.1356773376465 60.904598236084 59.6735153198242 58.8259506225586 58.1062240600586 57.3864974975586 56.6667709350586 55.9470481872559 55.2273216247559 54.5075950622559 54.1989212036133 55.123405456543 56.0478935241699
63.8970718383789 62.3779830932617 60.8588905334473 59.3398017883301 57.8207130432129 56.3016242980957 56.2891311645508 56.7788314819336 57.2685356140137 57.7582397460938 58.2479438781738 58.7376480102539 59.227352142334 59.7781524658203 60.5122489929199 61.2463455200195 61.9804382324219 62.7145347595215 63.4486312866211 64.1827239990234 64.9168243408203 65.457649230957 65.9340438842773 66.4104385375977 66.8868408203125 67.3632354736328 67.8396377563477 68.316032409668 68.4052124023438 67.3327178955078 66.2602233886719 65.1877288818359 64.115234375 63.0427436828613 61.9702491760254 60.8977584838867 60.090648651123 59.3720054626465 58.6533584594727 57.9347152709961 57.2160720825195 56.4974250793457 55.7787818908691 55.4468040466309 56.2748413085938 57.1028785705566
64.1544723510742 62.7263832092285 61.2982940673828 59.8702087402344 58.4421195983887 57.014030456543 56.857738494873 57.1253776550293 57.3930168151855 57.6606597900391 57.9282989501953 58.1959381103516 58.4635772705078 58.8803596496582 59.7445640563965 60.608772277832 61.4729766845703 62.3371849060059 63.2013893127441 64.0655975341797 64.929801940918 65.5060501098633 65.9863052368164 66.4665679931641 66.9468307495117 67.4270858764648 67.9073486328125 68.3876113891602 68.5193328857422 67.6054229736328 66.691520690918 65.7776184082031 64.8637161254883 63.9498100280762 63.0359039306641 62.1220016479492 61.3553504943848 60.6377868652344 59.920223236084 59.2026596069336 58.4850959777832 57.7675285339355 57.0499649047852 56.6946907043457 57.4262771606445 58.1578636169434
64.4118728637695 63.0747871398926 61.7376976013184 60.4006118774414 59.0635223388672 57.7264366149902 57.4263458251953 57.471923828125 57.5174980163574 57.5630760192871 57.6086540222168 57.6542282104492 57.6998062133789 57.9825668334961 58.9768829345703 59.9711990356445 60.9655151367188 61.959831237793 62.9541473388672 63.9484634399414 64.9427795410156 65.5544509887695 66.03857421875 66.5226974487305 67.0068206787109 67.4909439086914 67.9750671386719 68.4591827392578 68.6334457397461 67.8781356811523 67.1228179931641 66.3675003051758 65.612190246582 64.8568725585938 64.1015548706055 63.3462409973145 62.6200523376465 61.9035682678223 61.187084197998 60.4706001281738 59.7541198730469 59.0376358032227 58.3211517333984 57.9425735473633 58.5777130126953 59.2128486633301
