resources/Exp000_Example-Run/Run01_M2/TimeSeries/1990/model_set/hflux_avg.asc
NCOLS 265 
NROWS 230 
XLLCORNER -115.5625 
YLLCORNER 24.8333333333333 
CELLSIZE 0.0833333333333333 
NODATA_value -9999 
[rows 0 to 19 of 230, columns 0 to 45 of 265]
49.355987548828097 49.4204711914062 49.4849548339844 49.5494384765625 49.6139221191406 49.6784057617188 49.7428894042969 50.2623138427734 50.9333839416504 51.6044540405273 52.2755241394043 52.9465942382812 53.6176643371582 54.2887344360352 54.7053413391113 54.358570098877 54.0117950439453 53.6650199890137 53.318244934082 52.9714736938477 52.624698638916 52.2779235839844 51.9860763549805 51.7125396728516 51.4390029907227 51.1654624938965 50.8919258117676 50.6183891296387 50.3448486328125 50.0428085327148 49.6552505493164 49.267692565918 48.8801383972168 48.4925804138184 48.1050224304199 47.7174682617188 47.3299102783203 46.486141204834 45.4903030395508 44.4944648742676 43.4986228942871 42.5027847290039 41.5069465637207 40.5111045837402 39.605827331543 38.972225189209
49.6525688171387 49.6598968505859 49.6672286987305 49.674560546875 49.6818923950195 49.6892242431641 49.6965522766113 50.2054214477539 50.8814735412598 51.5575218200684 52.233570098877 52.9096183776855 53.5856666564941 54.26171875 54.712215423584 54.4860610961914 54.2599067687988 54.0337562561035 53.8076019287109 53.5814476013184 53.3552932739258 53.1291389465332 52.9039077758789 52.6789817810059 52.4540557861328 52.2291297912598 52.0042037963867 51.7792778015137 51.5543518066406 51.2695426940918 50.8050842285156 50.3406257629395 49.8761672973633 49.4117088317871 48.9472503662109 48.4827919006348 48.0183334350586 47.1165733337402 46.0690422058105 45.0215110778809 43.9739799499512 42.9264488220215 41.8789176940918 40.8313865661621 39.8856658935547 39.2453727722168
49.9491500854492 49.8993263244629 49.8495063781738 49.7996826171875 49.7498626708984 49.7000389099121 49.650218963623 50.1485328674316 50.8295631408691 51.5105895996094 52.1916160583496 52.8726463317871 53.5536727905273 54.2347030639648 54.7190895080566 54.6135559082031 54.5080223083496 54.4024887084961 54.2969551086426 54.1914215087891 54.0858917236328 53.9803581237793 53.8217391967773 53.6454238891602 53.4691123962402 53.292797088623 53.1164855957031 52.9401702880859 52.7638549804688 52.496280670166 51.9549217224121 51.4135589599609 50.872200012207 50.3308410644531 49.789478302002 49.248119354248 48.7067565917969 47.7470016479492 46.647777557373 45.5485572814941 44.449333190918 43.3501129150391 42.2508888244629 41.151668548584 40.1655044555664 39.5185203552246
50.2457313537598 50.1387557983398 50.0317802429199 49.9248085021973 49.8178329467773 49.7108573913574 49.6038818359375 50.0916442871094 50.7776489257812 51.4636573791504 52.1496658325195 52.8356704711914 53.5216789245605 54.2076835632324 54.7259635925293 54.7410507202148 54.7561378479004 54.7712249755859 54.7863121032715 54.801399230957 54.8164863586426 54.8315734863281 54.7395668029785 54.6118659973145 54.4841651916504 54.3564643859863 54.2287635803223 54.1010627746582 53.9733581542969 53.7230186462402 53.1047554016113 52.4864921569824 51.8682327270508 51.2499694824219 50.631706237793 50.0134429931641 49.3951835632324 48.3774299621582 47.2265167236328 46.0756034851074 44.924690246582 43.7737770080566 42.6228637695312 41.4719505310059 40.4453468322754 39.7916679382324
50.5423126220703 50.3781852722168 50.2140579223633 50.0499305725098 49.8858032226562 49.7216758728027 49.5575485229492 50.0347557067871 50.7257385253906 51.4167251586914 52.1077117919922 52.798698425293 53.4896850585938 54.1806678771973 54.7328338623047 54.8685417175293 55.0042495727539 55.1399574279785 55.2756652832031 55.4113731384277 55.5470809936523 55.682788848877 55.657398223877 55.5783081054688 55.4992218017578 55.4201316833496 55.3410415649414 55.2619514465332 55.182861328125 54.9497528076172 54.2545890808105 53.5594253540039 52.8642616271973 52.1690979003906 51.473934173584 50.7787704467773 50.0836067199707 49.0078620910645 47.8052558898926 46.6026496887207 45.4000473022461 44.1974411010742 42.9948348999023 41.7922325134277 40.7251853942871 40.0648155212402
50.8388938903809 50.6176147460938 50.3963317871094 50.1750526428223 49.9537734985352 49.7324905395508 49.5112113952637 49.9778633117676 50.673828125 51.3697929382324 52.0657577514648 52.7617225646973 53.4576873779297 54.1536521911621 54.7397079467773 54.996036529541 55.2523651123047 55.5086936950684 55.765022277832 56.0213508605957 56.2776756286621 56.5340042114258 56.5752296447754 56.544750213623 56.514274597168 56.4837989807129 56.4533195495605 56.4228439331055 56.3923645019531 56.1764907836914 55.404426574707 54.6323585510254 53.860294342041 53.0882263183594 52.316162109375 51.5440940856934 50.772029876709 49.6382904052734 48.3839950561523 47.1296997070312 45.8754005432129 44.6211051940918 43.3668098449707 42.1125106811523 41.0050239562988 40.337963104248
51.123420715332 50.9285774230957 50.7337303161621 50.5388870239258 50.3440437316895 50.1491966247559 49.9543533325195 50.3964614868164 51.0508880615234 51.7053184509277 52.3597450256348 53.0141716003418 53.6685981750488 54.3230285644531 54.8918838500977 55.2040328979492 55.5161819458008 55.8283309936523 56.1404800415039 56.4526290893555 56.7647743225098 57.0769233703613 57.1262969970703 57.0880813598633 57.049861907959 57.011646270752 56.9734268188477 56.9352111816406 56.8969917297363 56.6706390380859 55.8798751831055 55.089111328125 54.2983512878418 53.5075874328613 52.7168273925781 51.9260635375977 51.1352996826172 49.9870338439941 48.719596862793 47.4521636962891 46.1847267150879 44.9172897338867 43.6498527526855 42.3824195861816 41.2720603942871 40.632926940918
51.3958930969238 51.3110733032227 51.2262535095215 51.141429901123 51.0566101074219 50.9717903137207 50.8869705200195 51.2905464172363 51.8569221496582 52.4232940673828 52.9896697998047 53.5560417175293 54.1224174499512 54.688793182373 55.1893653869629 55.4925346374512 55.7957038879395 56.0988693237305 56.4020385742188 56.705207824707 57.0083770751953 57.3115463256836 57.310604095459 57.2082939147949 57.1059837341309 57.0036735534668 56.9013633728027 56.7990531921387 56.6967391967773 56.4321937561035 55.6809425354004 54.9296875 54.1784324645996 53.4271812438965 52.6759262084961 51.924674987793 51.1734199523926 50.0540885925293 48.8120651245117 47.5700416564941 46.3280181884766 45.085994720459 43.8439712524414 42.6019477844238 41.5262870788574 40.94970703125
51.6683616638184 51.6935653686523 51.7187728881836 51.7439765930176 51.7691802978516 51.7943840026855 51.8195915222168 52.1846313476562 52.6629524230957 53.1412734985352 53.6195945739746 54.0979156494141 54.5762367248535 55.0545539855957 55.4868431091309 55.7810325622559 56.0752220153809 56.3694114685059 56.6636009216309 56.9577903747559 57.2519798278809 57.5461692810059 57.4949111938477 57.3285102844238 57.1621055603027 56.9957008361816 56.8292961120605 56.6628952026367 56.4964904785156 56.1937522888184 55.482006072998 54.7702598571777 54.0585174560547 53.3467712402344 52.6350288391113 51.923282623291 51.211540222168 50.1211471557617 48.9045333862305 47.6879234313965 46.4713134765625 45.2547035217285 44.0380935668945 42.8214797973633 41.7805137634277 41.266487121582
51.9408340454102 52.0760612487793 52.2112922668457 52.3465194702148 52.4817504882812 52.6169815063477 52.7522087097168 53.0787162780762 53.4689826965332 53.8592529296875 54.2495193481445 54.6397857666016 55.0300521850586 55.4203186035156 55.7843208312988 56.0695304870605 56.3547401428223 56.6399536132812 56.925163269043 57.2103729248047 57.4955825805664 57.7807922363281 57.6792221069336 57.4487228393555 57.2182273864746 56.9877281188965 56.7572326660156 56.5267372131348 56.2962379455566 55.9553070068359 55.2830696105957 54.6108360290527 53.9386024475098 53.2663650512695 52.5941314697266 51.9218940734863 51.2496604919434 50.1882019042969 48.9970016479492 47.8058052062988 46.6146087646484 45.4234085083008 44.2322120666504 43.0410118103027 42.0347442626953 41.5832633972168
52.2133026123047 52.4585571289062 52.7038116455078 52.9490661621094 53.1943206787109 53.4395751953125 53.6848297119141 53.9728012084961 54.275016784668 54.5772285461426 54.8794441223145 55.1816558837891 55.4838714599609 55.7860832214355 56.0818023681641 56.3580322265625 56.6342620849609 56.9104919433594 57.1867218017578 57.4629516601562 57.7391815185547 58.0154113769531 57.8635292053223 57.5689392089844 57.2743492126465 56.9797592163086 56.6851692199707 56.3905792236328 56.0959892272949 55.7168617248535 55.0841369628906 54.4514122009277 53.8186836242676 53.1859588623047 52.5532302856445 51.9205055236816 51.2877769470215 50.255256652832 49.0894737243652 47.9236869812012 46.7579002380371 45.592113494873 44.4263305664062 43.2605438232422 42.2889709472656 41.9000434875488
52.4857749938965 52.8410530090332 53.1963310241699 53.5516090393066 53.9068908691406 54.2621688842773 54.6174468994141 54.866886138916 55.0810470581055 55.2952079772949 55.5093688964844 55.7235260009766 55.937686920166 56.1518478393555 56.379280090332 56.6465301513672 56.9137802124023 57.1810340881348 57.4482841491699 57.7155342102051 57.9827842712402 58.2500343322754 58.0478363037109 57.689151763916 57.3304710388184 56.9717864990234 56.6131019592285 56.2544212341309 55.8957366943359 55.4784202575684 54.8852005004883 54.2919845581055 53.6987686157227 53.1055488586426 52.5123329162598 51.9191131591797 51.3258972167969 50.3223152160645 49.181941986084 48.0415687561035 46.901195526123 45.7608222961426 44.6204490661621 43.4800758361816 42.5432014465332 42.2168235778809
52.6356353759766 53.0086288452148 53.3816223144531 53.7546157836914 54.1276092529297 54.5005989074707 54.873592376709 55.0823249816895 55.2362976074219 55.3902740478516 55.544246673584 55.6982231140137 55.8521957397461 56.0061721801758 56.1871719360352 56.4492568969727 56.7113380432129 56.9734191894531 57.2355003356934 57.4975814819336 57.7596626281738 58.0217437744141 57.8202629089355 57.4642601013184 57.1082611083984 56.7522583007812 56.3962593078613 56.0402565002441 55.6842575073242 55.2765350341797 54.7136535644531 54.1507720947266 53.587890625 53.0250091552734 52.4621276855469 51.8992462158203 51.336368560791 50.3804740905762 49.2935752868652 48.2066764831543 47.1197776794434 46.0328788757324 44.9459800720215 43.8590812683105 42.9726943969727 42.6878356933594
52.6628837585449 52.9612808227539 53.2596778869629 53.5580749511719 53.8564758300781 54.1548728942871 54.4532699584961 54.6191139221191 54.7407684326172 54.8624267578125 54.9840850830078 55.1057434082031 55.2273979187012 55.3490562438965 55.5054817199707 55.7662048339844 56.0269241333008 56.2876472473145 56.5483703613281 56.8090934753418 57.0698165893555 57.3305397033691 57.1808090209961 56.8942680358887 56.607723236084 56.3211784362793 56.0346336364746 55.7480888366699 55.4615440368652 55.1112098693848 54.5694923400879 54.027774810791 53.4860572814941 52.9443397521973 52.4026222229004 51.8609046936035 51.3191871643066 50.4297332763672 49.424373626709 48.4190101623535 47.413646697998 46.4082832336426 45.4029235839844 44.3975601196289 43.577449798584 43.3130912780762
52.6901321411133 52.9139366149902 53.1377372741699 53.3615379333496 53.5853424072266 53.8091430664062 54.0329437255859 54.1559028625488 54.2452430725098 54.3345794677734 54.4239196777344 54.5132598876953 54.6026000976562 54.6919403076172 54.823787689209 55.0831527709961 55.3425140380859 55.601879119873 55.8612403869629 56.12060546875 56.3799705505371 56.639331817627 56.5413589477539 56.3242721557617 56.1071853637695 55.8900947570801 55.6730079650879 55.4559211730957 55.2388343811035 54.9458808898926 54.4253273010254 53.9047737121582 53.384220123291 52.8636665344238 52.3431129455566 51.8225593566895 51.3020057678223 50.4789962768555 49.5551719665527 48.6313438415527 47.70751953125 46.78369140625 45.85986328125 44.9360389709473 44.182201385498 43.9383430480957
52.7173805236816 52.8665885925293 53.015796661377 53.1650009155273 53.314208984375 53.4634132385254 53.612621307373 53.6926918029785 53.7497138977051 53.8067359924316 53.8637580871582 53.9207801818848 53.9778022766113 54.0348281860352 54.1420936584473 54.4001007080078 54.6581039428711 54.9161071777344 55.1741142272949 55.4321174621582 55.6901206970215 55.948127746582 55.9019050598145 55.7542762756348 55.6066436767578 55.4590148925781 55.3113861083984 55.1637535095215 55.0161247253418 54.7805557250977 54.2811660766602 53.7817764282227 53.2823867797852 52.7829933166504 52.2836036682129 51.7842140197754 51.2848243713379 50.5282592773438 49.6859703063965 48.843677520752 48.0013885498047 47.1590995788574 46.3168067932129 45.4745178222656 44.7869567871094 44.5635948181152
52.7446327209473 52.8192405700684 52.8938522338867 52.9684638977051 53.0430755615234 53.1176872253418 53.1922988891602 53.2294807434082 53.2541847229004 53.2788887023926 53.303596496582 53.3283004760742 53.3530044555664 53.3777122497559 53.4604034423828 53.7170486450195 53.9736938476562 54.230339050293 54.4869842529297 54.7436294555664 55.0002746582031 55.2569198608398 55.262451171875 55.1842803955078 55.1061058044434 55.0279350280762 54.9497604370117 54.8715858459473 54.7934150695801 54.6152267456055 54.1370010375977 53.6587753295898 53.180549621582 52.7023239135742 52.2240982055664 51.7458686828613 51.2676429748535 50.577522277832 49.8167686462402 49.0560150146484 48.2952575683594 47.5345039367676 46.7737503051758 46.012996673584 45.3917121887207 45.1888465881348
52.7718811035156 52.7718963623047 52.7719116210938 52.7719268798828 52.7719421386719 52.7719573974609 52.77197265625 52.7662696838379 52.7586555480957 52.7510452270508 52.7434310913086 52.7358207702637 52.7282066345215 52.7205963134766 52.7787094116211 53.0339965820312 53.2892837524414 53.5445671081543 53.7998542785645 54.0551414489746 54.3104286193848 54.5657157897949 54.6230010986328 54.6142845153809 54.6055679321289 54.596851348877 54.588134765625 54.5794219970703 54.5707054138184 54.4499015808105 53.9928398132324 53.5357780456543 53.0787124633789 52.6216506958008 52.1645889282227 51.7075271606445 51.2504615783691 50.6267852783203 49.947566986084 49.2683486938477 48.5891304016113 47.909912109375 47.2306938171387 46.5514755249023 45.996467590332 45.8140983581543
52.8271675109863 52.8312759399414 52.8353881835938 52.8395004272461 52.8436126708984 52.8477249145508 52.8518371582031 52.8488922119141 52.8436012268066 52.838306427002 52.8330154418945 52.8277206420898 52.8224258422852 52.8171348571777 52.8719749450684 53.1072082519531 53.3424453735352 53.5776824951172 53.8129196166992 54.0481567382812 54.2833938598633 54.518627166748 54.5711288452148 54.5627174377441 54.5543022155762 54.5458908081055 54.5374794006348 54.5290679931641 54.5206527709961 54.4060363769531 53.9728050231934 53.5395736694336 53.1063461303711 52.6731147766113 52.2398834228516 51.8066520690918 51.373420715332 50.794734954834 50.1675643920898 49.5403938293457 48.9132232666016 48.2860527038574 47.6588821411133 47.0317115783691 46.5047836303711 46.2785835266113
52.9104881286621 52.997386932373 53.0842895507812 53.1711883544922 53.2580871582031 53.3449859619141 53.431884765625 53.4773559570312 53.5090179443359 53.5406799316406 53.5723419189453 53.60400390625 53.6356658935547 53.6673240661621 53.7401962280273 53.9366912841797 54.133186340332 54.3296813964844 54.5261764526367 54.7226715087891 54.9191665649414 55.1156616210938 55.1068382263184 55.0295753479004 54.9523124694824 54.8750495910645 54.7977867126465 54.7205238342285 54.6432609558105 54.4836349487305 54.076904296875 53.6701736450195 53.2634429931641 52.8567123413086 52.4499816894531 52.0432510375977 51.6365203857422 51.0813789367676 50.4767646789551 49.8721542358398 49.2675437927246 48.6629295349121 48.0583190917969 47.4537048339844 46.9166564941406 46.5823020935059
