resources/Exp000_Example-Run/Run01_M2/TimeSeries/1990/model_set/tsurf_avg.asc
NCOLS 265 
NROWS 230 
XLLCORNER -115.5625 
YLLCORNER 24.8333333333333 
CELLSIZE 0.0833333333333333 
NODATA_value -9999 
[rows 100 to 119 of 230, columns 46 to 91 of 265]
283.850708007812 284.284698486328 284.718658447266 285.152618408203 285.586608886719 286.020568847656 286.105743408203 286.074645996094 286.043548583984 286.012451171875 285.981353759766 285.950256347656 285.919158935547 285.864776611328 285.740539550781 285.616271972656 285.492034912109 285.367767333984 285.243530273438 285.119262695312 284.994995117188 284.859100341797 284.719299316406 284.579498291016 284.439697265625 284.299896240234 284.160095214844 284.020294189453 283.901611328125 283.846405029297 283.791198730469 283.735992431641 283.680786132812 283.625579833984 283.570373535156 283.515167236328 283.470092773438 283.428436279297 283.386749267578 283.345062255859 283.303405761719 283.26171875 283.220031738281 283.184448242188 283.167114257812 283.149810791016
283.652191162109 284.127288818359 284.602386474609 285.077484130859 285.552581787109 286.027679443359 286.140075683594 286.131561279297 286.123077392578 286.114593505859 286.106079101562 286.097595214844 286.089111328125 286.050323486328 285.920654296875 285.790985107422 285.661315917969 285.531677246094 285.402008056641 285.272338867188 285.142669677734 285.002502441406 284.858795166016 284.715118408203 284.571411132812 284.427734375 284.284027099609 284.140350341797 284.013275146484 283.936126708984 283.858947753906 283.781799316406 283.704620361328 283.62744140625 283.55029296875 283.473114013672 283.414764404297 283.362670898438 283.310577392578 283.258453369141 283.206359863281 283.154266357422 283.102172851562 283.061065673828 283.052886962891 283.044708251953
283.516662597656 283.974212646484 284.431793212891 284.889373779297 285.346923828125 285.804504394531 285.942565917969 285.97412109375 286.005676269531 286.037231445312 286.068817138672 286.100372314453 286.131927490234 286.124908447266 286.002105712891 285.879302978516 285.756500244141 285.633697509766 285.510894775391 285.388092041016 285.265289306641 285.129180908203 284.988616943359 284.848052978516 284.70751953125 284.566955566406 284.426422119141 284.285858154297 284.156127929688 284.058807373047 283.961456298828 283.864135742188 283.766815185547 283.669494628906 283.572174072266 283.474853515625 283.406341552734 283.347442626953 283.28857421875 283.229675292969 283.170776367188 283.111907958984 283.053009033203 283.012542724609 283.02734375 283.042144775391
283.444091796875 283.825500488281 284.206878662109 284.588287353516 284.969665527344 285.35107421875 285.513214111328 285.602294921875 285.691375732422 285.780426025391 285.869506835938 285.958587646484 286.047668457031 286.088531494141 285.98486328125 285.881195068359 285.777526855469 285.673858642578 285.570190429688 285.466491699219 285.362823486328 285.239135742188 285.108734130859 284.978363037109 284.847991943359 284.717590332031 284.587219238281 284.456848144531 284.330139160156 284.214447021484 284.098754882812 283.983093261719 283.867401123047 283.751708984375 283.636047363281 283.520355224609 283.444885253906 283.382843017578 283.320770263672 283.258697509766 283.196655273438 283.134582519531 283.072540283203 283.038879394531 283.090515136719 283.142120361328
283.371551513672 283.6767578125 283.981994628906 284.287200927734 284.592407226562 284.897644042969 285.083862304688 285.23046875 285.377044677734 285.523620605469 285.670227050781 285.816802978516 285.96337890625 286.052185058594 285.967651367188 285.883087158203 285.798553466797 285.714019775391 285.629486083984 285.544921875 285.460388183594 285.349090576172 285.228881835938 285.108673095703 284.988433837891 284.868225097656 284.748016357422 284.627807617188 284.504119873047 284.370086669922 284.236053466797 284.102020263672 283.967987060547 283.833923339844 283.699890136719 283.565856933594 283.483428955078 283.418212890625 283.352966308594 283.287750244141 283.222503662109 283.157287597656 283.092041015625 283.065246582031 283.153686523438 283.242095947266
283.299011230469 283.528045654297 283.757080078125 283.986114501953 284.215148925781 284.444213867188 284.654541015625 284.858642578125 285.062713623047 285.266815185547 285.470916748047 285.675018310547 285.879119873047 286.015838623047 285.950408935547 285.885009765625 285.819580078125 285.754180908203 285.688751220703 285.623352050781 285.557952880859 285.459045410156 285.348999023438 285.238952636719 285.12890625 285.018859863281 284.908813476562 284.798767089844 284.678131103516 284.525726318359 284.373352050781 284.220947265625 284.068542480469 283.916168212891 283.763763427734 283.611358642578 283.52197265625 283.453582763672 283.385162353516 283.316772460938 283.248382568359 283.179962158203 283.111572265625 283.091583251953 283.216827392578 283.342102050781
283.226440429688 283.379302978516 283.532165527344 283.68505859375 283.837921142578 283.990783691406 284.225189208984 284.48681640625 284.748413085938 285.010009765625 285.271606445312 285.533233642578 285.794830322266 285.979461669922 285.933197021484 285.886901855469 285.840606689453 285.794342041016 285.748046875 285.701782226562 285.655487060547 285.569000244141 285.469146728516 285.369262695312 285.269378662109 285.169494628906 285.069610595703 284.9697265625 284.852142333984 284.681396484375 284.510650634766 284.339874267578 284.169128417969 283.998382568359 283.82763671875 283.656890869141 283.560516357422 283.488952636719 283.417358398438 283.345794677734 283.274230957031 283.202667236328 283.131072998047 283.117919921875 283.279998779297 283.442077636719
283.153900146484 283.230590820312 283.307281494141 283.383972167969 283.460662841797 283.537353515625 283.795867919922 284.114959716797 284.43408203125 284.753204345703 285.072326660156 285.391448974609 285.710540771484 285.943115234375 285.915954589844 285.888793945312 285.861663818359 285.834503173828 285.807342529297 285.780181884766 285.753051757812 285.678985595703 285.589263916016 285.499542236328 285.409851074219 285.320129394531 285.230407714844 285.140716552734 285.026153564453 284.837036132812 284.647918701172 284.458831787109 284.269714355469 284.080596923828 283.891479492188 283.702392578125 283.599060058594 283.524322509766 283.449554443359 283.374816894531 283.300079345703 283.225341796875 283.150604248047 283.144256591797 283.343170166016 283.542053222656
283.359588623047 283.338439941406 283.317291259766 283.296142578125 283.274963378906 283.253814697266 283.497375488281 283.829162597656 284.160919189453 284.492706298828 284.824493408203 285.156280517578 285.488067626953 285.735565185547 285.730255126953 285.724945068359 285.719635009766 285.714324951172 285.709014892578 285.703704833984 285.698394775391 285.637023925781 285.556976318359 285.476898193359 285.396850585938 285.316772460938 285.236724853516 285.156677246094 285.049194335938 284.859527587891 284.669860839844 284.480163574219 284.290496826172 284.100830078125 283.911163330078 283.721466064453 283.615936279297 283.538452148438 283.4609375 283.383453369141 283.305969238281 283.228454589844 283.150970458984 283.148223876953 283.369689941406 283.591156005859
283.843536376953 283.702880859375 283.562194824219 283.421539306641 283.280853271484 283.140197753906 283.329711914062 283.629333496094 283.928924560547 284.228515625 284.528137207031 284.827728271484 285.127319335938 285.356842041016 285.376098632812 285.395324707031 285.414581298828 285.433837890625 285.453063964844 285.472320556641 285.491577148438 285.443176269531 285.372253417969 285.301330566406 285.230407714844 285.159484863281 285.088531494141 285.017608642578 284.921325683594 284.748870849609 284.576416015625 284.403961181641 284.231506347656 284.059051513672 283.886596679688 283.714141845703 283.611175537109 283.531341552734 283.451507568359 283.371673583984 283.291839599609 283.212005615234 283.132171630859 283.129760742188 283.359588623047 283.589416503906
284.327484130859 284.067321777344 283.80712890625 283.546936035156 283.286743164062 283.026580810547 283.162078857422 283.429504394531 283.696929931641 283.96435546875 284.231750488281 284.499176025391 284.7666015625 284.978118896484 285.021911621094 285.065704345703 285.109527587891 285.1533203125 285.197113037109 285.240936279297 285.284729003906 285.249328613281 285.187530517578 285.125732421875 285.06396484375 285.002166748047 284.940368652344 284.878570556641 284.793426513672 284.63818359375 284.482971191406 284.327728271484 284.172515869141 284.017272949219 283.862060546875 283.706817626953 283.606384277344 283.524230957031 283.442047119141 283.359893798828 283.277740478516 283.195556640625 283.113403320312 283.111328125 283.349487304688 283.587677001953
284.811431884766 284.431732177734 284.052032470703 283.672332763672 283.292633056641 282.912933349609 282.994445800781 283.229675292969 283.464935302734 283.700164794922 283.935394287109 284.170623779297 284.405883789062 284.599395751953 284.667755126953 284.736114501953 284.804473876953 284.872833251953 284.941162109375 285.009521484375 285.077880859375 285.055480957031 285.002838134766 284.950164794922 284.897491455078 284.844848632812 284.792175292969 284.739532470703 284.66552734375 284.527526855469 284.389526367188 284.251525878906 284.113494873047 283.975494384766 283.837493896484 283.699493408203 283.601623535156 283.517120361328 283.4326171875 283.348114013672 283.263610839844 283.179107666016 283.094604492188 283.092864990234 283.339385986328 283.585906982422
285.295379638672 284.796173095703 284.296966552734 283.797760009766 283.298522949219 282.79931640625 282.826812744141 283.029876708984 283.23291015625 283.435974121094 283.639038085938 283.842102050781 284.045135498047 284.220672607422 284.313568115234 284.406494140625 284.499389648438 284.592315673828 284.685241699219 284.778137207031 284.871063232422 284.861633300781 284.818115234375 284.774597167969 284.731048583984 284.687530517578 284.644012451172 284.600463867188 284.537628173828 284.416870117188 284.296081542969 284.17529296875 284.054504394531 283.933715820312 283.812957763672 283.692169189453 283.596832275391 283.510009765625 283.423156738281 283.336334228516 283.24951171875 283.162658691406 283.075836181641 283.074401855469 283.329284667969 283.584167480469
285.779327392578 285.160614013672 284.541870117188 283.923156738281 283.304412841797 282.685699462891 282.6591796875 282.830047607422 283.000915527344 283.171783447266 283.342681884766 283.513549804688 283.684417724609 283.841949462891 283.959411621094 284.076873779297 284.1943359375 284.311798095703 284.429290771484 284.546752929688 284.664215087891 284.667785644531 284.633392333984 284.598999023438 284.564605712891 284.530212402344 284.495819091797 284.46142578125 284.409759521484 284.306182861328 284.20263671875 284.099060058594 283.995513916016 283.891967773438 283.788391113281 283.684844970703 283.592071533203 283.502899169922 283.413726806641 283.324554443359 283.235382080078 283.146209716797 283.057037353516 283.055969238281 283.319183349609 283.582397460938
286.318054199219 285.654357910156 284.990631103516 284.326934814453 283.663208007812 282.99951171875 282.922119140625 283.040161132812 283.158203125 283.276245117188 283.394287109375 283.512329101562 283.63037109375 283.745361328125 283.851257324219 283.957122802734 284.06298828125 284.168853759766 284.274719238281 284.380615234375 284.486480712891 284.475372314453 284.42529296875 284.375183105469 284.325103759766 284.275024414062 284.224914550781 284.174835205078 284.117858886719 284.040283203125 283.962707519531 283.885131835938 283.807556152344 283.729949951172 283.652374267578 283.574798583984 283.496276855469 283.417419433594 283.338562011719 283.259704589844 283.180877685547 283.102020263672 283.023162841797 283.028472900391 283.286315917969 283.544158935547
286.911529541016 286.277374267578 285.643218994141 285.009063720703 284.374908447266 283.740753173828 283.615631103516 283.660186767578 283.704742431641 283.749298095703 283.793884277344 283.838439941406 283.882995605469 283.930938720703 283.989074707031 284.047180175781 284.105316162109 284.163452148438 284.221557617188 284.279693603516 284.337829589844 284.284393310547 284.193756103516 284.103149414062 284.012542724609 283.921905517578 283.831298828125 283.740661621094 283.661987304688 283.619140625 283.576293945312 283.533447265625 283.490600585938 283.44775390625 283.404907226562 283.362060546875 283.309417724609 283.253570556641 283.197692871094 283.141815185547 283.0859375 283.030090332031 282.974212646484 282.991973876953 283.230712890625 283.469421386719
287.505004882812 286.900421142578 286.295806884766 285.691192626953 285.086608886719 284.481994628906 284.309143066406 284.280212402344 284.251312255859 284.222381591797 284.193450927734 284.16455078125 284.135620117188 284.116516113281 284.126892089844 284.137268066406 284.147644042969 284.158050537109 284.168426513672 284.178802490234 284.189178466797 284.093414306641 283.962249755859 283.831115722656 283.699951171875 283.568817138672 283.437652587891 283.306518554688 283.206115722656 283.197998046875 283.189880371094 283.181762695312 283.173645019531 283.16552734375 283.157409667969 283.149291992188 283.122589111328 283.089691162109 283.056823730469 283.02392578125 282.991027832031 282.958129882812 282.925262451172 282.955474853516 283.175079345703 283.394683837891
288.098480224609 287.5234375 286.948394775391 286.373321533203 285.798278808594 285.223236083984 285.002655029297 284.900268554688 284.7978515625 284.695465087891 284.593048095703 284.490631103516 284.388244628906 284.302093505859 284.264739990234 284.227355957031 284.190002441406 284.152618408203 284.115264892578 284.077880859375 284.04052734375 283.902435302734 283.730743408203 283.55908203125 283.387390136719 283.215728759766 283.044036865234 282.872344970703 282.750244140625 282.77685546875 282.803466796875 282.830078125 282.856689453125 282.88330078125 282.909912109375 282.9365234375 282.935760498047 282.925842285156 282.915924072266 282.906036376953 282.896118164062 282.886199951172 282.876281738281 282.918975830078 283.119445800781 283.319915771484
288.691955566406 288.146453857422 287.600982666016 287.055480957031 286.509979248047 285.964477539062 285.696197509766 285.520294189453 285.344421386719 285.168518066406 284.992645263672 284.816741943359 284.640869140625 284.487670898438 284.402557373047 284.317443847656 284.232330322266 284.147216796875 284.062103271484 283.976989746094 283.891876220703 283.711456298828 283.499237060547 283.287048339844 283.074829101562 282.862609863281 282.650421142578 282.438201904297 282.294372558594 282.355712890625 282.417053222656 282.478424072266 282.539764404297 282.601104736328 282.662445068359 282.723785400391 282.748931884766 282.761993408203 282.775054931641 282.788116455078 282.801208496094 282.814270019531 282.827331542969 282.882476806641 283.063842773438 283.245178222656
289.285430908203 288.769500732422 288.253540039062 287.737609863281 287.2216796875 286.705718994141 286.389709472656 286.140319824219 285.890960693359 285.6416015625 285.392211914062 285.142852783203 284.893493652344 284.673248291016 284.540374755859 284.407531738281 284.274658203125 284.141815185547 284.008941650391 283.876098632812 283.743225097656 283.520477294922 283.267730712891 283.014984130859 282.762268066406 282.509521484375 282.256774902344 282.004058837891 281.838500976562 281.9345703125 282.030670166016 282.126739501953 282.222808837891 282.318878173828 282.414947509766 282.511016845703 282.562072753906 282.59814453125 282.634185791016 282.670227050781 282.706268310547 282.742340087891 282.778381347656 282.845977783203 283.008209228516 283.170440673828
