resources/Exp000_Example-Run/Run01_M2/TimeSeries/1990/model_set/tsurf_avg.asc
NCOLS 265 
NROWS 230 
XLLCORNER -115.5625 
YLLCORNER 24.8333333333333 
CELLSIZE 0.0833333333333333 
NODATA_value -9999 
[rows 180 to 199 of 230, columns 92 to 137 of 265]
285.619110107422 285.674591064453 285.730072021484 285.785552978516 285.841033935547 285.959167480469 286.098175048828 286.237213134766 286.376220703125 286.515258789062 286.654266357422 286.793304443359 286.997619628906 287.397857666016 287.798065185547 288.198303222656 288.598510742188 288.998748779297 289.398956298828 289.799194335938 290.196228027344 290.592224121094 290.988220214844 291.384216308594 291.780212402344 292.176208496094 292.572204589844 292.886474609375 292.955627441406 293.024780273438 293.093902587891 293.163055419922 293.232177734375 293.301330566406 293.370452880859 293.344268798828 293.286285400391 293.228302001953 293.170318603516 293.112335205078 293.054351806641 292.996368408203 292.985900878906 293.117858886719 293.249847412109 293.3818359375
285.525970458984 285.561065673828 285.596160888672 285.631286621094 285.666381835938 285.795654296875 285.956298828125 286.116973876953 286.277618408203 286.438262939453 286.598937988281 286.759582519531 286.981536865234 287.387420654297 287.793273925781 288.199127197266 288.60498046875 289.010833740234 289.416717529297 289.822570800781 290.217437744141 290.608642578125 290.999847412109 291.391021728516 291.7822265625 292.173431396484 292.564636230469 292.874389648438 292.939788818359 293.005187988281 293.070587158203 293.135986328125 293.201385498047 293.266815185547 293.332214355469 293.300933837891 293.237457275391 293.173980712891 293.110504150391 293.047027587891 292.983551025391 292.920074462891 292.902587890625 293.023040771484 293.143493652344 293.263946533203
285.432830810547 285.447540283203 285.462280273438 285.477020263672 285.491729736328 285.632141113281 285.814422607422 285.996704101562 286.179016113281 286.361297607422 286.543579101562 286.725891113281 286.965454101562 287.376953125 287.788452148438 288.199951171875 288.611450195312 289.02294921875 289.434448242188 289.845947265625 290.238647460938 290.625030517578 291.011444091797 291.397857666016 291.784240722656 292.170654296875 292.557067871094 292.862274169922 292.923950195312 292.985626220703 293.047271728516 293.108947753906 293.170623779297 293.232269287109 293.2939453125 293.257629394531 293.188659667969 293.119689941406 293.050689697266 292.981719970703 292.912750244141 292.843780517578 292.819274902344 292.928192138672 293.037109375 293.146026611328
285.339691162109 285.334045410156 285.328399658203 285.32275390625 285.317077636719 285.468627929688 285.672546386719 285.87646484375 286.080383300781 286.284332275391 286.488250732422 286.692169189453 286.949401855469 287.366516113281 287.783660888672 288.200805664062 288.617919921875 289.035064697266 289.452209472656 289.869354248047 290.259826660156 290.641448974609 291.023040771484 291.404663085938 291.786254882812 292.167877197266 292.549499511719 292.850189208984 292.908111572266 292.966033935547 293.023956298828 293.081909179688 293.139831542969 293.19775390625 293.255676269531 293.214324951172 293.139831542969 293.065368652344 292.990905761719 292.916412353516 292.841949462891 292.767486572266 292.735961914062 292.833343505859 292.930725097656 293.028137207031
285.246551513672 285.220520019531 285.194488525391 285.16845703125 285.142456054688 285.305114746094 285.530670166016 285.756225585938 285.981781005859 286.207336425781 286.432891845703 286.658447265625 286.933319091797 287.356079101562 287.778869628906 288.201629638672 288.624420166016 289.047180175781 289.469940185547 289.892730712891 290.281036376953 290.657836914062 291.03466796875 291.411468505859 291.788299560547 292.165100097656 292.541900634766 292.838073730469 292.892272949219 292.946472167969 293.000640869141 293.054840087891 293.109039306641 293.163238525391 293.217437744141 293.170989990234 293.091033935547 293.011047363281 292.931091308594 292.851104736328 292.771148681641 292.691162109375 292.652648925781 292.738525390625 292.824371337891 292.910217285156
285.153411865234 285.106994628906 285.060607910156 285.014190673828 284.967803955078 285.1416015625 285.388793945312 285.635986328125 285.883178710938 286.13037109375 286.377563476562 286.624755859375 286.917236328125 287.345642089844 287.774047851562 288.202484130859 288.630889892578 289.059295654297 289.487701416016 289.916107177734 290.302215576172 290.674255371094 291.046264648438 291.418273925781 291.790313720703 292.162322998047 292.534332275391 292.825958251953 292.876434326172 292.926879882812 292.977325439453 293.027801513672 293.078247070312 293.128692626953 293.179168701172 293.127685546875 293.042205810547 292.956756591797 292.871276855469 292.785797119141 292.700347900391 292.614868164062 292.569366455078 292.643676757812 292.717987060547 292.792327880859
285.046264648438 284.975799560547 284.905303955078 284.834838867188 284.764373779297 284.954742431641 285.232116699219 285.509460449219 285.786804199219 286.064178466797 286.341522216797 286.618865966797 286.935150146484 287.368103027344 287.801086425781 288.234069824219 288.667022705078 289.100006103516 289.532989501953 289.965942382812 290.347229003906 290.711303710938 291.075378417969 291.439422607422 291.803497314453 292.167572021484 292.531616210938 292.817047119141 292.866577148438 292.916076660156 292.965606689453 293.015106201172 293.064605712891 293.114135742188 293.163635253906 293.111785888672 293.026123046875 292.940460205078 292.854797363281 292.769165039062 292.683502197266 292.597839355469 292.550445556641 292.617858886719 292.685272216797 292.752685546875
284.925170898438 284.826904296875 284.728637695312 284.63037109375 284.532104492188 284.744598388672 285.060638427734 285.376678466797 285.692718505859 286.0087890625 286.324829101562 286.640869140625 286.987030029297 287.423492431641 287.859954833984 288.29638671875 288.732849121094 289.169311523438 289.605773925781 290.042236328125 290.416076660156 290.769012451172 291.121978759766 291.474914550781 291.827880859375 292.180847167969 292.533782958984 292.811340332031 292.862701416016 292.9140625 292.965423583984 293.016784667969 293.068145751953 293.119506835938 293.170867919922 293.123291015625 293.042755126953 292.962219238281 292.881683349609 292.801147460938 292.720611572266 292.640075683594 292.595977783203 292.661102294922 292.726226806641 292.791381835938
284.804046630859 284.678009033203 284.551971435547 284.425933837891 284.299865722656 284.534423828125 284.88916015625 285.243896484375 285.5986328125 285.953369140625 286.308135986328 286.662872314453 287.038909912109 287.478851318359 287.918792724609 288.358734130859 288.798675537109 289.238647460938 289.678588867188 290.118530273438 290.484893798828 290.826721191406 291.168579101562 291.510406494141 291.852264404297 292.194091796875 292.535949707031 292.805633544922 292.858825683594 292.912048339844 292.965240478516 293.018463134766 293.071655273438 293.124877929688 293.178070068359 293.134826660156 293.059417724609 292.983978271484 292.908569335938 292.833160400391 292.757751464844 292.682342529297 292.641479492188 292.704345703125 292.767181396484 292.830047607422
284.682922363281 284.529113769531 284.375274658203 284.221466064453 284.067626953125 284.324249267578 284.717681884766 285.111114501953 285.504547119141 285.897979736328 286.291412353516 286.684844970703 287.090789794922 287.534210205078 287.977661132812 288.421081542969 288.864501953125 289.307952880859 289.751373291016 290.19482421875 290.5537109375 290.884460449219 291.215179443359 291.5458984375 291.876647949219 292.207366943359 292.5380859375 292.799896240234 292.854949951172 292.910003662109 292.965087890625 293.020141601562 293.0751953125 293.130249023438 293.185302734375 293.146331787109 293.076049804688 293.005767822266 292.935455322266 292.865173339844 292.794860839844 292.724578857422 292.68701171875 292.747589111328 292.808135986328 292.868713378906
284.561828613281 284.380218505859 284.198608398438 284.016998291016 283.835388183594 284.114074707031 284.546203613281 284.978332519531 285.410461425781 285.842590332031 286.274719238281 286.706848144531 287.142669677734 287.589599609375 288.036499023438 288.483428955078 288.930328369141 289.377258300781 289.824188232422 290.271087646484 290.622528076172 290.942169189453 291.261779785156 291.581390380859 291.901000976562 292.220642089844 292.540252685547 292.794189453125 292.851104736328 292.907989501953 292.964904785156 293.021789550781 293.078704833984 293.135620117188 293.192504882812 293.157867431641 293.092681884766 293.027526855469 292.962341308594 292.897186279297 292.832000732422 292.766815185547 292.732513427734 292.790802001953 292.849090576172 292.907379150391
284.440704345703 284.231323242188 284.021942138672 283.812530517578 283.603149414062 283.903930664062 284.374725341797 284.845550537109 285.316375732422 285.787200927734 286.258026123047 286.728820800781 287.194549560547 287.644958496094 288.095367431641 288.545776367188 288.996154785156 289.446563720703 289.89697265625 290.347381591797 290.691375732422 290.999877929688 291.308380126953 291.616882324219 291.925384521484 292.23388671875 292.542388916016 292.788482666016 292.847229003906 292.905975341797 292.964721679688 293.023468017578 293.082214355469 293.140991210938 293.199737548828 293.169372558594 293.109344482422 293.049285888672 292.989227294922 292.929168701172 292.869140625 292.80908203125 292.778045654297 292.834045410156 292.890045166016 292.946044921875
284.50341796875 284.263427734375 284.0234375 283.783447265625 283.54345703125 283.843872070312 284.324432373047 284.804992675781 285.285522460938 285.766082763672 286.246643066406 286.727203369141 287.200866699219 287.653900146484 288.10693359375 288.559936523438 289.012969970703 289.466003417969 289.919036865234 290.3720703125 290.712463378906 291.015319824219 291.318176269531 291.621063232422 291.923919677734 292.226776123047 292.529632568359 292.771759033203 292.831665039062 292.891540527344 292.951446533203 293.011352539062 293.071228027344 293.131134033203 293.191040039062 293.162231445312 293.103851318359 293.045471191406 292.987121582031 292.928741455078 292.870361328125 292.811981201172 292.782501220703 292.839691162109 292.896881103516 292.954071044922
284.749969482422 284.4765625 284.203125 283.929718017578 283.656280517578 283.933929443359 284.395263671875 284.856597900391 285.317932128906 285.779266357422 286.240600585938 286.701934814453 287.16162109375 287.616394042969 288.071197509766 288.525970458984 288.980773925781 289.435546875 289.890319824219 290.345123291016 290.685821533203 290.988525390625 291.291198730469 291.593902587891 291.896606445312 292.199279785156 292.501983642578 292.744079589844 292.804412841797 292.86474609375 292.925079345703 292.985382080078 293.045715332031 293.106048583984 293.166381835938 293.136383056641 293.076232910156 293.01611328125 292.955993652344 292.895843505859 292.835723876953 292.775604248047 292.745941162109 292.807800292969 292.86962890625 292.931457519531
284.996520996094 284.689666748047 284.3828125 284.075988769531 283.769134521484 284.023986816406 284.466094970703 284.908203125 285.350311279297 285.792419433594 286.234527587891 286.676635742188 287.122375488281 287.578918457031 288.035461425781 288.492004394531 288.948547363281 289.405090332031 289.861633300781 290.318176269531 290.659210205078 290.961730957031 291.264221191406 291.566741943359 291.869262695312 292.171783447266 292.474304199219 292.716369628906 292.777160644531 292.837921142578 292.898681640625 292.959442138672 293.020233154297 293.080993652344 293.141754150391 293.110534667969 293.048645019531 292.986755371094 292.924865722656 292.862976074219 292.801086425781 292.739196777344 292.709381103516 292.77587890625 292.842346191406 292.908843994141
285.243072509766 284.902801513672 284.5625 284.222229003906 283.881958007812 284.114074707031 284.536956787109 284.959838867188 285.382720947266 285.805603027344 286.228485107422 286.6513671875 287.083129882812 287.541412353516 287.999725341797 288.458038330078 288.916320800781 289.374633789062 289.832946777344 290.291229248047 290.632568359375 290.934906005859 291.237274169922 291.539611816406 291.841949462891 292.144287109375 292.446624755859 292.688690185547 292.749877929688 292.811096191406 292.872314453125 292.933502197266 292.994720458984 293.055908203125 293.117126464844 293.084686279297 293.021026611328 292.957366943359 292.893737792969 292.830078125 292.766418457031 292.702789306641 292.672821044922 292.743957519531 292.815093994141 292.886199951172
285.489593505859 285.115905761719 284.742218017578 284.368499755859 283.994812011719 284.204132080078 284.607788085938 285.011444091797 285.415130615234 285.818786621094 286.222442626953 286.626098632812 287.043884277344 287.503936767578 287.963989257812 288.424041748047 288.884124755859 289.344177246094 289.804229736328 290.264312744141 290.60595703125 290.908111572266 291.210296630859 291.512451171875 291.814605712891 292.116790771484 292.4189453125 292.660980224609 292.722625732422 292.784271240234 292.845916748047 292.907562255859 292.969207763672 293.030853271484 293.092498779297 293.058837890625 292.993438720703 292.928009033203 292.862609863281 292.797210693359 292.731781005859 292.666381835938 292.636260986328 292.712036132812 292.787811279297 292.863586425781
285.736145019531 285.329040527344 284.921905517578 284.514770507812 284.107635498047 284.294189453125 284.678649902344 285.063079833984 285.447509765625 285.831970214844 286.216400146484 286.600830078125 287.004608154297 287.466430664062 287.928253173828 288.390075683594 288.851898193359 289.313720703125 289.775543212891 290.237365722656 290.579315185547 290.881317138672 291.183319091797 291.485290527344 291.787292480469 292.089294433594 292.391296386719 292.63330078125 292.695373535156 292.757446289062 292.819549560547 292.881622314453 292.943695068359 293.005767822266 293.067840576172 293.032989501953 292.9658203125 292.898651123047 292.831481933594 292.764312744141 292.697143554688 292.629974365234 292.599700927734 292.680114746094 292.760528564453 292.840972900391
286.112823486328 285.670654296875 285.228515625 284.786346435547 284.344177246094 284.484954833984 284.820037841797 285.155120849609 285.490203857422 285.825317382812 286.160400390625 286.495483398438 286.862548828125 287.325592041016 287.788665771484 288.251708984375 288.714752197266 289.177795410156 289.640838623047 290.103881835938 290.444458007812 290.744201660156 291.0439453125 291.343719482422 291.643463134766 291.943206787109 292.242950439453 292.486755371094 292.562713623047 292.638671875 292.714630126953 292.790588378906 292.866546630859 292.942504882812 293.018432617188 292.995971679688 292.940643310547 292.885345458984 292.830047607422 292.774749755859 292.719451904297 292.664154052734 292.644256591797 292.730621337891 292.816955566406 292.9033203125
286.619659423828 286.140838623047 285.662017822266 285.183197021484 284.704376220703 284.7763671875 285.031982421875 285.28759765625 285.543212890625 285.798828125 286.054443359375 286.31005859375 286.61767578125 287.081420898438 287.545166015625 288.008911132812 288.472625732422 288.936370849609 289.400115966797 289.863861083984 290.201354980469 290.496795654297 290.792236328125 291.087677001953 291.383117675781 291.678527832031 291.973968505859 292.221374511719 292.324645996094 292.427917480469 292.531188964844 292.634460449219 292.737731933594 292.841003417969 292.944274902344 292.94775390625 292.917938232422 292.888122558594 292.858337402344 292.828521728516 292.798706054688 292.768920898438 292.769958496094 292.863525390625 292.957092285156 293.050659179688
