resources/Exp000_Example-Run/Run01_M2/TimeSeries/1990/model_set/tsurf_avg.asc
NCOLS 265 
NROWS 230 
XLLCORNER -115.5625 
YLLCORNER 24.8333333333333 
CELLSIZE 0.0833333333333333 
NODATA_value -9999 
[rows 120 to 139 of 230, columns 0 to 45 of 265]
294.026123046875 294.223022460938 294.419952392578 294.616882324219 294.813812255859 295.0107421875 295.207641601562 295.301300048828 295.360534667969 295.419769287109 295.47900390625 295.538238525391 295.597442626953 295.656677246094 295.657287597656 295.482025146484 295.306762695312 295.131530761719 294.956268310547 294.781005859375 294.605743408203 294.430480957031 294.25 294.067779541016 293.885589599609 293.703369140625 293.521148681641 293.338928222656 293.156707763672 292.991333007812 292.876495361328 292.761657714844 292.646820068359 292.531982421875 292.417144775391 292.302307128906 292.187469482422 292.045013427734 291.893341064453 291.741638183594 291.589965820312 291.438262939453 291.286590576172 291.134918212891 290.8974609375 290.402648925781
294.195983886719 294.379119873047 294.562255859375 294.745391845703 294.928527832031 295.111663818359 295.294799804688 295.378509521484 295.429046630859 295.479583740234 295.530120849609 295.580657958984 295.631225585938 295.681762695312 295.677795410156 295.510345458984 295.342895507812 295.175476074219 295.008026123047 294.840576171875 294.673126220703 294.505676269531 294.362091064453 294.226409912109 294.090759277344 293.955078125 293.819427490234 293.683746337891 293.548095703125 293.4228515625 293.328887939453 293.234924316406 293.140930175781 293.046966552734 292.953002929688 292.859039306641 292.765075683594 292.631805419922 292.485443115234 292.339080810547 292.192718505859 292.046325683594 291.899963378906 291.753601074219 291.523315429688 291.041259765625
294.365875244141 294.535217285156 294.704559326172 294.873931884766 295.043273925781 295.212615966797 295.381988525391 295.455688476562 295.49755859375 295.539398193359 295.581268310547 295.623107910156 295.664978027344 295.706817626953 295.698303222656 295.538665771484 295.379028320312 295.219421386719 295.059783935547 294.900146484375 294.740539550781 294.580902099609 294.474151611328 294.385040283203 294.295928955078 294.206817626953 294.11767578125 294.028564453125 293.939453125 293.854339599609 293.78125 293.708160400391 293.635040283203 293.561950683594 293.488861083984 293.415771484375 293.342681884766 293.218597412109 293.077545166016 292.936492919922 292.795440673828 292.654388427734 292.513336181641 292.372283935547 292.149169921875 291.679840087891
294.535736083984 294.691314697266 294.846862792969 295.00244140625 295.157989501953 295.313568115234 295.469146728516 295.532897949219 295.566070556641 295.599243164062 295.632385253906 295.665557861328 295.69873046875 295.731872558594 295.718811035156 295.566986083984 295.415191650391 295.263366699219 295.111541748047 294.959747314453 294.807922363281 294.656097412109 294.586242675781 294.543670654297 294.501098632812 294.458526611328 294.415954589844 294.373382568359 294.330810546875 294.285827636719 294.233612060547 294.181396484375 294.129150390625 294.076934814453 294.024719238281 293.972473144531 293.920257568359 293.805389404297 293.669677734375 293.533935546875 293.398193359375 293.262451171875 293.126708984375 292.990966796875 292.775024414062 292.318450927734
294.705627441406 294.847381591797 294.989166259766 295.130950927734 295.272735595703 295.414520263672 295.556304931641 295.610107421875 295.634582519531 295.659057617188 295.683532714844 295.7080078125 295.732482910156 295.756958007812 295.739318847656 295.595306396484 295.451324462891 295.307312011719 295.163299560547 295.019317626953 294.875305175781 294.731323242188 294.698303222656 294.702301025391 294.706268310547 294.710235595703 294.714233398438 294.718200683594 294.722198486328 294.717346191406 294.685974121094 294.654632568359 294.623260498047 294.591918945312 294.560546875 294.529205322266 294.497863769531 294.392211914062 294.261779785156 294.13134765625 294.000946044922 293.870513916016 293.740081787109 293.609680175781 293.40087890625 292.957061767578
294.87548828125 295.003479003906 295.131469726562 295.259460449219 295.387481689453 295.515472412109 295.643463134766 295.687286376953 295.703094482422 295.718872070312 295.734649658203 295.750457763672 295.766235351562 295.782012939453 295.759796142578 295.623626708984 295.487457275391 295.351257324219 295.215087890625 295.078887939453 294.942718505859 294.806518554688 294.810394287109 294.860900878906 294.911437988281 294.961975097656 295.012512207031 295.063018798828 295.113555908203 295.148834228516 295.138336181641 295.127868652344 295.117370605469 295.106903076172 295.096405029297 295.0859375 295.075439453125 294.97900390625 294.853881835938 294.728790283203 294.603668212891 294.478576660156 294.353454589844 294.228363037109 294.026763916016 293.595642089844
295.082305908203 295.186401367188 295.290496826172 295.394622802734 295.498718261719 295.602813720703 295.706909179688 295.745544433594 295.762390136719 295.779235839844 295.796081542969 295.812927246094 295.829772949219 295.846618652344 295.828643798828 295.706298828125 295.583953857422 295.461608886719 295.339263916016 295.216949462891 295.094604492188 294.972259521484 294.993133544922 295.061737060547 295.13037109375 295.198974609375 295.267608642578 295.336212158203 295.404846191406 295.452819824219 295.438934326172 295.425048828125 295.411163330078 295.397247314453 295.383361816406 295.369476318359 295.355590820312 295.265014648438 295.148895263672 295.032806396484 294.916687011719 294.800567626953 294.684448242188 294.568328857422 294.379028320312 293.970153808594
295.326080322266 295.396179199219 295.466247558594 295.536346435547 295.6064453125 295.676544189453 295.746643066406 295.784881591797 295.812530517578 295.840148925781 295.867797851562 295.895446777344 295.923065185547 295.950714111328 295.945831298828 295.843353271484 295.740875244141 295.638397216797 295.535919189453 295.433441162109 295.330963134766 295.228485107422 295.246551513672 295.304779052734 295.363037109375 295.421264648438 295.479522705078 295.537780761719 295.596008300781 295.629302978516 295.587738037109 295.546142578125 295.504577636719 295.463012695312 295.421417236328 295.379852294922 295.338287353516 295.250305175781 295.146850585938 295.043395996094 294.93994140625 294.836486816406 294.733032226562 294.629577636719 294.457702636719 294.080596923828
295.569854736328 295.605926513672 295.642028808594 295.678100585938 295.714172363281 295.750274658203 295.786346435547 295.82421875 295.862640380859 295.901092529297 295.939514160156 295.977935791016 296.016387939453 296.054809570312 296.06298828125 295.980377197266 295.897766113281 295.815155029297 295.732543945312 295.649932861328 295.567321777344 295.484710693359 295.499969482422 295.5478515625 295.595703125 295.643585205078 295.691436767578 295.739318847656 295.787200927734 295.805786132812 295.736511230469 295.667266845703 295.598022460938 295.528747558594 295.459503173828 295.390228271484 295.320983886719 295.235565185547 295.144775390625 295.053985595703 294.963195800781 294.872406005859 294.781616210938 294.690826416016 294.536376953125 294.191009521484
295.813598632812 295.815704345703 295.817779541016 295.819854736328 295.821929931641 295.824005126953 295.826080322266 295.863525390625 295.912750244141 295.962005615234 296.01123046875 296.060455322266 296.109710693359 296.158935546875 296.18017578125 296.117431640625 296.0546875 295.991943359375 295.92919921875 295.866455078125 295.8037109375 295.740966796875 295.753387451172 295.790893554688 295.828369140625 295.865875244141 295.903381347656 295.940887451172 295.978363037109 295.982269287109 295.885314941406 295.788391113281 295.691436767578 295.594482421875 295.49755859375 295.400604248047 295.303680419922 295.220825195312 295.142700195312 295.064575195312 294.986450195312 294.908325195312 294.830200195312 294.752075195312 294.615051269531 294.301452636719
296.057373046875 296.025451660156 295.993530273438 295.961608886719 295.929656982422 295.897735595703 295.865814208984 295.902862548828 295.962890625 296.022918701172 296.082946777344 296.142974853516 296.203002929688 296.263031005859 296.297332763672 296.254455566406 296.211578369141 296.168701171875 296.125823974609 296.082946777344 296.040069580078 295.997192382812 296.006805419922 296.033935546875 296.061065673828 296.088195800781 296.115295410156 296.142425537109 296.169555664062 296.158752441406 296.034118652344 295.909484863281 295.784851074219 295.660247802734 295.535614013672 295.410980224609 295.286376953125 295.206115722656 295.140655517578 295.075164794922 295.009704589844 294.944244384766 294.878784179688 294.813323974609 294.693756103516 294.411865234375
296.301147460938 296.235198974609 296.169281005859 296.103332519531 296.037414550781 295.971466064453 295.905548095703 295.942169189453 296.013000488281 296.083831787109 296.154663085938 296.225494384766 296.296325683594 296.367156982422 296.414520263672 296.391510009766 296.368499755859 296.345489501953 296.322448730469 296.299438476562 296.276428222656 296.25341796875 296.260223388672 296.276977539062 296.293731689453 296.310485839844 296.327239990234 296.343994140625 296.360717773438 296.335205078125 296.182922363281 296.030609130859 295.878295898438 295.725982666016 295.573669433594 295.421356201172 295.269073486328 295.191375732422 295.138580322266 295.085784912109 295.032958984375 294.980163574219 294.927368164062 294.874572753906 294.772430419922 294.522308349609
296.393280029297 296.322784423828 296.252288818359 296.181793212891 296.111297607422 296.040802001953 295.970306396484 295.999450683594 296.061828613281 296.124176025391 296.1865234375 296.248901367188 296.311248779297 296.373596191406 296.416625976562 296.401672363281 296.38671875 296.371734619141 296.356781005859 296.341796875 296.326843261719 296.311859130859 296.318389892578 296.332061767578 296.345764160156 296.359436035156 296.373138427734 296.386810302734 296.400482177734 296.368896484375 296.201477050781 296.034027099609 295.866607666016 295.699157714844 295.531707763672 295.364288330078 295.196838378906 295.123016357422 295.080352783203 295.037719726562 294.995086669922 294.952423095703 294.909790039062 294.867126464844 294.778930664062 294.554016113281
296.333801269531 296.288177490234 296.242584228516 296.196960449219 296.1513671875 296.105743408203 296.060119628906 296.07470703125 296.109313964844 296.143920898438 296.178558349609 296.213165283203 296.247802734375 296.282409667969 296.3037109375 296.284973144531 296.266235351562 296.247497558594 296.228759765625 296.210021972656 296.191284179688 296.172546386719 296.181304931641 296.19921875 296.217132568359 296.235076904297 296.252990722656 296.270904541016 296.288848876953 296.259796142578 296.089782714844 295.919769287109 295.749755859375 295.579742431641 295.409759521484 295.23974609375 295.069732666016 295.0009765625 294.966003417969 294.930999755859 294.896026611328 294.861022949219 294.826049804688 294.791046142578 294.713256835938 294.507019042969
296.274291992188 296.253570556641 296.232849121094 296.212127685547 296.19140625 296.170684814453 296.149963378906 296.149932861328 296.156829833984 296.163696289062 296.170562744141 296.177459716797 296.184326171875 296.191223144531 296.190765380859 296.168243408203 296.145721435547 296.123229980469 296.100708007812 296.078216552734 296.055694580078 296.033203125 296.044189453125 296.066345214844 296.088531494141 296.110687255859 296.132843017578 296.155029296875 296.177185058594 296.150665283203 295.978088378906 295.805511474609 295.632934570312 295.460357666016 295.287780761719 295.115203857422 294.942626953125 294.878967285156 294.851623535156 294.824310302734 294.796966552734 294.769622802734 294.742309570312 294.714965820312 294.647583007812 294.460021972656
296.214813232422 296.218963623047 296.22314453125 296.227294921875 296.2314453125 296.235626220703 296.239776611328 296.225158691406 296.204315185547 296.183471679688 296.16259765625 296.141754150391 296.120880126953 296.100036621094 296.077819824219 296.051544189453 296.025268554688 295.998962402344 295.972686767578 295.946411132812 295.920135498047 295.893859863281 295.907104492188 295.933502197266 295.959899902344 295.986297607422 296.012725830078 296.039123535156 296.065521240234 296.041534423828 295.866394042969 295.691253662109 295.516082763672 295.340942382812 295.165802001953 294.990631103516 294.815490722656 294.756958007812 294.737274169922 294.717590332031 294.697906494141 294.67822265625 294.658538818359 294.638885498047 294.581878662109 294.412994384766
296.155334472656 296.184356689453 296.213409423828 296.242462158203 296.271514892578 296.300567626953 296.32958984375 296.300415039062 296.251800537109 296.203216552734 296.154632568359 296.106018066406 296.057434082031 296.008819580078 295.964874267578 295.934814453125 295.90478515625 295.874725341797 295.844665527344 295.814636230469 295.784576416016 295.754516601562 295.769989013672 295.800628662109 295.831298828125 295.861938476562 295.892578125 295.923217773438 295.953887939453 295.932434082031 295.754699707031 295.576995849609 295.399261474609 295.221527099609 295.043823242188 294.866088867188 294.688385009766 294.634918212891 294.622894287109 294.610870361328 294.598846435547 294.586822509766 294.574798583984 294.562774658203 294.516204833984 294.365997314453
296.095825195312 296.149780273438 296.203704833984 296.257629394531 296.311553955078 296.365478515625 296.41943359375 296.375640869141 296.29931640625 296.222991943359 296.146636962891 296.0703125 295.993957519531 295.917633056641 295.851928710938 295.818115234375 295.784301757812 295.750457763672 295.716644287109 295.682830810547 295.649017333984 295.615173339844 295.632904052734 295.667785644531 295.702667236328 295.737548828125 295.772430419922 295.807342529297 295.842224121094 295.823303222656 295.643005371094 295.462738037109 295.282440185547 295.102142333984 294.921844482422 294.741546630859 294.561248779297 294.512908935547 294.508544921875 294.504180908203 294.499786376953 294.495422363281 294.491058349609 294.486694335938 294.450531005859 294.319000244141
295.927673339844 296.019897460938 296.112091064453 296.204315185547 296.296539306641 296.388763427734 296.48095703125 296.4306640625 296.332824707031 296.235015869141 296.137176513672 296.039367675781 295.941558837891 295.843719482422 295.763031005859 295.733734130859 295.704437255859 295.675109863281 295.645812988281 295.616516113281 295.587219238281 295.557922363281 295.574829101562 295.607147216797 295.639465332031 295.671783447266 295.7041015625 295.736419677734 295.768737792969 295.748077392578 295.568481445312 295.388854980469 295.209259033203 295.029663085938 294.850067138672 294.670440673828 294.490844726562 294.436828613281 294.424682617188 294.412536621094 294.400390625 294.388244628906 294.376098632812 294.363952636719 294.323791503906 294.199493408203
295.650817871094 295.794708251953 295.938629150391 296.08251953125 296.226440429688 296.370330810547 296.514251708984 296.465423583984 296.352355957031 296.239318847656 296.126251220703 296.013214111328 295.900146484375 295.787078857422 295.698181152344 295.681671142578 295.665191650391 295.648681640625 295.632202148438 295.615692138672 295.599182128906 295.582702636719 295.595764160156 295.618713378906 295.641662597656 295.664611816406 295.687530517578 295.710479736328 295.7333984375 295.706695556641 295.531066894531 295.355407714844 295.179748535156 295.004119873047 294.828460693359 294.652801513672 294.477172851562 294.40673828125 294.371368408203 294.336029052734 294.300659179688 294.265289306641 294.229949951172 294.194580078125 294.135955810547 294.007476806641
