resources/Exp000_Example-Run/Run01_M2/TimeSeries/1990/model_set/tsurf_avg.asc
NCOLS 265 
NROWS 230 
XLLCORNER -115.5625 
YLLCORNER 24.8333333333333 
CELLSIZE 0.0833333333333333 
NODATA_value -9999 
[rows 140 to 159 of 230, columns 92 to 137 of 265]
289.195556640625 289.324249267578 289.452911376953 289.581604003906 289.710296630859 289.788208007812 289.849212646484 289.910217285156 289.971252441406 290.032257080078 290.09326171875 290.154266357422 290.182586669922 290.112823486328 290.043029785156 289.973266601562 289.903503417969 289.833740234375 289.763977050781 289.694183349609 289.505889892578 289.278106689453 289.05029296875 288.822479248047 288.594665527344 288.366882324219 288.139068603516 288.001068115234 288.132537841797 288.263977050781 288.395416259766 288.526885986328 288.658325195312 288.789764404297 288.921234130859 289.134704589844 289.375518798828 289.616333007812 289.857147216797 290.097961425781 290.338775634766 290.57958984375 290.77880859375 290.853302001953 290.927764892578 291.002258300781
289.445343017578 289.565002441406 289.684661865234 289.804290771484 289.923950195312 289.989044189453 290.035949707031 290.082855224609 290.129760742188 290.176696777344 290.223602294922 290.2705078125 290.289581298828 290.225158691406 290.160736083984 290.096313476562 290.031860351562 289.967437744141 289.903015136719 289.838592529297 289.671905517578 289.471130371094 289.270355224609 289.069580078125 288.868804931641 288.668060302734 288.46728515625 288.343353271484 288.450012207031 288.556640625 288.663299560547 288.769927978516 288.876586914062 288.983215332031 289.089874267578 289.282501220703 289.503814697266 289.725128173828 289.946441650391 290.167755126953 290.389068603516 290.610382080078 290.800079345703 290.894897460938 290.989715576172 291.084533691406
289.695159912109 289.805786132812 289.916381835938 290.027008056641 290.137603759766 290.189880371094 290.222686767578 290.255493164062 290.288299560547 290.321105957031 290.353942871094 290.386749267578 290.396575927734 290.337493896484 290.278411865234 290.219329833984 290.160247802734 290.101165771484 290.042083740234 289.983001708984 289.837921142578 289.664184570312 289.490447998047 289.316711425781 289.142974853516 288.969207763672 288.795471191406 288.685638427734 288.767486572266 288.849304199219 288.93115234375 289.013000488281 289.094848632812 289.176666259766 289.258514404297 289.430328369141 289.632141113281 289.833953857422 290.035766601562 290.237548828125 290.439361572266 290.641174316406 290.821319580078 290.936462402344 291.051635742188 291.166809082031
289.944976806641 290.046539306641 290.148101806641 290.249694824219 290.351257324219 290.390686035156 290.409423828125 290.428131103516 290.446838378906 290.465545654297 290.484283447266 290.502990722656 290.503601074219 290.449859619141 290.396118164062 290.342376708984 290.288635253906 290.23486328125 290.18115234375 290.127410888672 290.003936767578 289.857208251953 289.710510253906 289.563812255859 289.417114257812 289.270385742188 289.123687744141 289.027923583984 289.0849609375 289.141998291016 289.199035644531 289.256042480469 289.313079833984 289.3701171875 289.427154541016 289.578155517578 289.760437011719 289.942749023438 290.125061035156 290.307373046875 290.489654541016 290.671966552734 290.842559814453 290.978057861328 291.113586425781 291.249084472656
290.119384765625 290.219573974609 290.319732666016 290.419921875 290.520111083984 290.549957275391 290.556365966797 290.562744140625 290.569152832031 290.575561523438 290.581939697266 290.588348388672 290.581329345703 290.534027099609 290.486724853516 290.439422607422 290.392120361328 290.344818115234 290.297515869141 290.250213623047 290.142761230469 290.015258789062 289.887756347656 289.76025390625 289.632720947266 289.505218505859 289.377716064453 289.291870117188 289.330963134766 289.370056152344 289.409149169922 289.4482421875 289.487335205078 289.526428222656 289.565521240234 289.702606201172 289.872314453125 290.042053222656 290.211791992188 290.381530761719 290.55126953125 290.720977783203 290.886047363281 291.037048339844 291.188079833984 291.339080810547
290.218383789062 290.324829101562 290.431274414062 290.537719726562 290.644165039062 290.667663574219 290.663513183594 290.659393310547 290.655242919922 290.651092529297 290.64697265625 290.642822265625 290.629791259766 290.590026855469 290.550262451172 290.510498046875 290.470733642578 290.430969238281 290.391204833984 290.351440429688 290.25439453125 290.138244628906 290.022125244141 289.906005859375 289.789855957031 289.673736572266 289.557586669922 289.477508544922 289.505523681641 289.533538818359 289.561553955078 289.589569091797 289.617584228516 289.645599365234 289.673614501953 289.803680419922 289.9677734375 290.131866455078 290.295959472656 290.460052490234 290.624176025391 290.788269042969 290.951751708984 291.113433837891 291.275115966797 291.436828613281
290.317413330078 290.430114746094 290.542816162109 290.655517578125 290.768188476562 290.785369873047 290.770690917969 290.756011962891 290.741333007812 290.726654052734 290.711975097656 290.697326660156 290.678253173828 290.646026611328 290.613800048828 290.581573486328 290.549346923828 290.517120361328 290.484893798828 290.452667236328 290.366027832031 290.261260986328 290.156494140625 290.0517578125 289.946990966797 289.842224121094 289.737457275391 289.663116455078 289.680053710938 289.696990966797 289.713928222656 289.730865478516 289.747802734375 289.764739990234 289.781677246094 289.904754638672 290.063201904297 290.2216796875 290.380126953125 290.538604736328 290.697052001953 290.855529785156 291.017456054688 291.189819335938 291.362182617188 291.534545898438
290.416442871094 290.535369873047 290.654327392578 290.773284912109 290.892242431641 290.903076171875 290.877868652344 290.852630615234 290.827423095703 290.802215576172 290.777008056641 290.751800537109 290.726715087891 290.702026367188 290.677337646484 290.652648925781 290.627960205078 290.603271484375 290.578582763672 290.553894042969 290.477661132812 290.38427734375 290.290893554688 290.197509765625 290.104125976562 290.0107421875 289.917327880859 289.848754882812 289.854614257812 289.860473632812 289.866333007812 289.872192382812 289.878051757812 289.883880615234 289.889739990234 290.005828857422 290.158660888672 290.311492919922 290.464324951172 290.617126464844 290.769958496094 290.922790527344 291.083160400391 291.266204833984 291.449249267578 291.632293701172
290.515441894531 290.640655517578 290.765869140625 290.891082763672 291.016296386719 291.020782470703 290.985015869141 290.949279785156 290.913513183594 290.877777099609 290.842041015625 290.806274414062 290.775177001953 290.758026123047 290.740875244141 290.723724365234 290.706573486328 290.689422607422 290.672271728516 290.655120849609 290.589294433594 290.507293701172 290.425262451172 290.34326171875 290.26123046875 290.179229736328 290.097198486328 290.034393310547 290.029174804688 290.023956298828 290.018707275391 290.013488769531 290.008270263672 290.003051757812 289.997833251953 290.106903076172 290.254089355469 290.401306152344 290.548492431641 290.695678710938 290.842864990234 290.990051269531 291.148864746094 291.342590332031 291.536315917969 291.730010986328
290.614471435547 290.745941162109 290.877410888672 291.008850097656 291.140319824219 291.138488769531 291.092193603516 291.0458984375 290.999603271484 290.953338623047 290.907043457031 290.860748291016 290.823638916016 290.814025878906 290.804412841797 290.794799804688 290.785186767578 290.775573730469 290.765960693359 290.756317138672 290.700958251953 290.630310058594 290.559661865234 290.489013671875 290.418365478516 290.347717285156 290.277069091797 290.220031738281 290.203704833984 290.187408447266 290.171112060547 290.154815673828 290.138519287109 290.122192382812 290.105895996094 290.2080078125 290.349548339844 290.491088867188 290.632659912109 290.774200439453 290.915771484375 291.057312011719 291.214599609375 291.418975830078 291.623352050781 291.827758789062
290.665863037109 290.800476074219 290.93505859375 291.069671630859 291.204284667969 291.203033447266 291.156494140625 291.109985351562 291.063446044922 291.016937255859 290.970397949219 290.923889160156 290.886993408203 290.878997802734 290.871032714844 290.863037109375 290.855041503906 290.847076416016 290.839080810547 290.831085205078 290.782073974609 290.719390869141 290.65673828125 290.594055175781 290.531372070312 290.468688964844 290.406005859375 290.353881835938 290.33349609375 290.313079833984 290.292663574219 290.272277832031 290.251861572266 290.2314453125 290.211059570312 290.299682617188 290.424652099609 290.549621582031 290.674591064453 290.799560546875 290.924530029297 291.049499511719 291.195556640625 291.404937744141 291.614318847656 291.823699951172
290.669647216797 290.804260253906 290.938903808594 291.073516845703 291.208129882812 291.214447021484 291.177978515625 291.141510009766 291.105041503906 291.068572998047 291.032104492188 290.995635986328 290.965240478516 290.952972412109 290.940704345703 290.928436279297 290.916168212891 290.903930664062 290.891662597656 290.87939453125 290.832733154297 290.774597167969 290.716491699219 290.658355712891 290.600219726562 290.542083740234 290.483978271484 290.436004638672 290.41845703125 290.400909423828 290.383392333984 290.365844726562 290.348327636719 290.330780029297 290.313262939453 290.381958007812 290.479400634766 290.576812744141 290.674255371094 290.771697998047 290.869140625 290.966583251953 291.091827392578 291.300506591797 291.509185791016 291.717895507812
290.673431396484 290.808074951172 290.942718505859 291.077362060547 291.211975097656 291.225830078125 291.199432373047 291.173034667969 291.146606445312 291.120208740234 291.093811035156 291.067413330078 291.04345703125 291.026916503906 291.010375976562 290.993835449219 290.977294921875 290.960784912109 290.944244384766 290.927703857422 290.883392333984 290.829803466797 290.776245117188 290.72265625 290.669097900391 290.615509033203 290.561950683594 290.518096923828 290.503448486328 290.48876953125 290.47412109375 290.459442138672 290.444793701172 290.430114746094 290.415466308594 290.464233398438 290.534118652344 290.604034423828 290.673950195312 290.743835449219 290.813751220703 290.883666992188 290.988098144531 291.196075439453 291.404083251953 291.612060546875
290.677215576172 290.811889648438 290.946533203125 291.081176757812 291.215850830078 291.237243652344 291.220886230469 291.204559326172 291.188201904297 291.171844482422 291.155517578125 291.13916015625 291.121704101562 291.100891113281 291.080078125 291.059265136719 291.038452148438 291.017608642578 290.996795654297 290.975982666016 290.934020996094 290.885009765625 290.835998535156 290.786956787109 290.737945556641 290.688934326172 290.639923095703 290.600189208984 290.588409423828 290.576629638672 290.564819335938 290.553039550781 290.541259765625 290.529449462891 290.517669677734 290.546508789062 290.5888671875 290.631256103516 290.673614501953 290.716003417969 290.758361816406 290.800750732422 290.884338378906 291.091644287109 291.298950195312 291.506225585938
290.680999755859 290.815673828125 290.950347900391 291.085021972656 291.219696044922 291.248657226562 291.242370605469 291.236083984375 291.229797363281 291.223510742188 291.217224121094 291.2109375 291.199920654297 291.174835205078 291.149749755859 291.124664306641 291.099578857422 291.074462890625 291.049377441406 291.024291992188 290.984680175781 290.940216064453 290.895751953125 290.851287841797 290.806823730469 290.762359619141 290.717895507812 290.682312011719 290.673370361328 290.664459228516 290.655548095703 290.646636962891 290.637725830078 290.628784179688 290.619873046875 290.628784179688 290.643615722656 290.658447265625 290.673309326172 290.688140869141 290.702972412109 290.717834472656 290.780609130859 290.987213134766 291.193817138672 291.400421142578
290.684783935547 290.819488525391 290.954162597656 291.0888671875 291.223541259766 291.260040283203 291.263824462891 291.267608642578 291.271362304688 291.275146484375 291.278900146484 291.282684326172 291.278167724609 291.248809814453 291.219421386719 291.190063476562 291.160705566406 291.131317138672 291.101959228516 291.072601318359 291.035308837891 290.995391845703 290.955505371094 290.915588378906 290.875671386719 290.835754394531 290.795837402344 290.764404296875 290.758361816406 290.752319335938 290.746276855469 290.740234375 290.734161376953 290.728118896484 290.722076416016 290.711059570312 290.698364257812 290.685668945312 290.672973632812 290.660278320312 290.647613525391 290.634918212891 290.676879882812 290.882781982422 291.088684082031 291.294586181641
290.617736816406 290.76513671875 290.912506103516 291.059906005859 291.207275390625 291.256500244141 291.272979736328 291.289459228516 291.305969238281 291.322448730469 291.338958740234 291.355438232422 291.359497070312 291.326354980469 291.293182373047 291.260009765625 291.226837158203 291.193664550781 291.160522460938 291.127349853516 291.090637207031 291.052703857422 291.014801025391 290.976898193359 290.938995361328 290.901092529297 290.863189697266 290.834625244141 290.834075927734 290.833557128906 290.833038330078 290.832489013672 290.831970214844 290.831420898438 290.830902099609 290.803314208984 290.766662597656 290.730041503906 290.693420410156 290.656768798828 290.620147705078 290.583526611328 290.603759765625 290.794616699219 290.985473632812 291.176330566406
290.479858398438 290.652618408203 290.825378417969 290.998107910156 291.170867919922 291.237945556641 291.269836425781 291.301696777344 291.333557128906 291.365447998047 291.397308349609 291.429168701172 291.443969726562 291.407470703125 291.370971679688 291.334503173828 291.298004150391 291.261535644531 291.225036621094 291.188537597656 291.150573730469 291.112121582031 291.073669433594 291.035217285156 290.996795654297 290.958312988281 290.919860839844 290.892944335938 290.900573730469 290.908203125 290.915832519531 290.923461914062 290.931091308594 290.938720703125 290.946350097656 290.905517578125 290.848541259766 290.791564941406 290.734588623047 290.677612304688 290.620635986328 290.563659667969 290.561279296875 290.722717285156 290.884185791016 291.045623779297
290.341979980469 290.540100097656 290.738220214844 290.936340332031 291.134460449219 291.219421386719 291.266662597656 291.313903808594 291.361175537109 291.408416748047 291.455657958984 291.5029296875 291.528411865234 291.488586425781 291.448791503906 291.408996582031 291.369171142578 291.329376220703 291.28955078125 291.249755859375 291.210540771484 291.171569824219 291.132568359375 291.093566894531 291.054565429688 291.015563964844 290.9765625 290.951263427734 290.967041015625 290.982849121094 290.998626708984 291.014404296875 291.030212402344 291.045989990234 291.061767578125 291.007720947266 290.930419921875 290.853088378906 290.775756835938 290.698455810547 290.621124267578 290.543792724609 290.518829345703 290.650848388672 290.782867431641 290.914916992188
290.204132080078 290.427612304688 290.651092529297 290.874572753906 291.098052978516 291.200897216797 291.263519287109 291.326141357422 291.388763427734 291.451385498047 291.514038085938 291.57666015625 291.612854003906 291.569732666016 291.526580810547 291.483459472656 291.440338134766 291.397216796875 291.354095458984 291.310943603516 291.2705078125 291.230987548828 291.191436767578 291.151885986328 291.112335205078 291.072814941406 291.033264160156 291.009582519531 291.033538818359 291.057495117188 291.081420898438 291.105377197266 291.129333496094 291.153259277344 291.177215576172 291.109954833984 291.012298583984 290.914611816406 290.816955566406 290.719268798828 290.621612548828 290.52392578125 290.476348876953 290.578948974609 290.681579589844 290.784210205078
