data/working_set_collections/6091692-Cassins_Sparrow-M2/2010/albedo_avg.asc
NCOLS 265 
NROWS 230 
XLLCORNER -115.5625 
YLLCORNER 24.8333333333333 
CELLSIZE 0.0833333333333333 
NODATA_value -9999 
[rows 160 to 179 of 230, columns 88 to 131 of 265]
0.190124586224556 0.193584963679314 0.195326715707779 0.197068452835083 0.198810204863548 0.200551956892014 0.202293708920479 0.204035446047783 0.205777198076248 0.210755705833435 0.216813132166862 0.22287055850029 0.228927969932556 0.234985396265984 0.241042822599411 0.247100248932838 0.250792115926743 0.247387290000916 0.243982464075089 0.240577653050423 0.237172827124596 0.233768001198769 0.230363190174103 0.226958364248276 0.225779980421066 0.225343748927116 0.224907517433167 0.224471285939217 0.224035054445267 0.223598822951317 0.223162591457367 0.222272709012032 0.220021858811378 0.217771008610725 0.215520158410072 0.213269293308258 0.211018443107605 0.208767592906952 0.206516742706299 0.204654887318611 0.202922716736794 0.201190546154976 0.199458360671997 0.197726190090179
0.184720307588577 0.188499316573143 0.190792053937912 0.193084806203842 0.195377543568611 0.197670295834541 0.19996303319931 0.202255770564079 0.204548522830009 0.208636790513992 0.213323563337326 0.21801033616066 0.222697123885155 0.227383896708488 0.232070669531822 0.236757457256317 0.239624306559563 0.237031370401382 0.234438449144363 0.231845512986183 0.229252576828003 0.226659655570984 0.224066719412804 0.221473783254623 0.221058875322342 0.221369951963425 0.221681028604507 0.221992120146751 0.222303196787834 0.222614288330078 0.222925364971161 0.2225341796875 0.220036163926125 0.21753816306591 0.215040147304535 0.212542146444321 0.210044130682945 0.20754611492157 0.205048114061356 0.203019127249718 0.201146498322487 0.199273869395256 0.197401225566864 0.195528596639633
0.179117366671562 0.183017462491989 0.185809776186943 0.188602074980736 0.19139438867569 0.194186702370644 0.196979016065598 0.199771329760551 0.202563643455505 0.206073552370071 0.209822654724121 0.213571757078171 0.21732085943222 0.22106996178627 0.22481906414032 0.22856816649437 0.230887621641159 0.228918179869652 0.226948738098145 0.224979281425476 0.223009839653969 0.2210403829813 0.219070941209793 0.217101499438286 0.217306867241859 0.218237176537514 0.219167485833168 0.220097780227661 0.221028089523315 0.22195839881897 0.222888708114624 0.222916424274445 0.220236331224442 0.2175562530756 0.214876174926758 0.212196081876755 0.209516003727913 0.20683591067791 0.204155832529068 0.202015608549118 0.200055330991745 0.198095053434372 0.196134775876999 0.194174483418465
0.173315793275833 0.177139386534691 0.180379837751389 0.183620303869247 0.186860755085945 0.190101206302643 0.193341672420502 0.196582123637199 0.199822574853897 0.203065991401672 0.206310391426086 0.2095547914505 0.212799176573753 0.216043576598167 0.219287976622581 0.222532361745834 0.224582076072693 0.223047703504562 0.221513330936432 0.219978958368301 0.218444585800171 0.216910228133202 0.215375855565071 0.213841482996941 0.21452397108078 0.215945422649384 0.217366859316826 0.218788295984268 0.220209747552872 0.221631184220314 0.223052635788918 0.223419442772865 0.220622375607491 0.217825293540955 0.215028211474419 0.212231144309044 0.209434062242508 0.206636980175972 0.203839898109436 0.20164430141449 0.199649199843407 0.197654098272324 0.195658996701241 0.193663880228996
0.167514219880104 0.171261310577393 0.174949914216995 0.178638517856598 0.182327106595039 0.186015710234642 0.189704313874245 0.193392917513847 0.19708152115345 0.200058430433273 0.202798128128052 0.205537810921669 0.208277508616447 0.211017191410065 0.213756889104843 0.21649657189846 0.218276515603065 0.217177227139473 0.21607793867588 0.214978635311127 0.213879346847534 0.212780058383942 0.211680769920349 0.210581466555595 0.211741074919701 0.213653653860092 0.215566232800484 0.217478811740875 0.219391405582428 0.22130398452282 0.223216563463211 0.223922476172447 0.221008405089378 0.21809433400631 0.215180262923241 0.212266191840172 0.209352120757103 0.206438049674034 0.203523978590965 0.201273009181023 0.199243068695068 0.197213143110275 0.195183217525482 0.193153277039528
0.161712646484375 0.165383234620094 0.169519990682602 0.173656731843948 0.177793473005295 0.181930214166641 0.186066955327988 0.190203711390495 0.194340452551842 0.197050869464874 0.199285864830017 0.201520845293999 0.20375582575798 0.205990821123123 0.208225801587105 0.210460782051086 0.211970970034599 0.211306750774384 0.210642531514168 0.209978327155113 0.209314107894897 0.208649888634682 0.207985669374466 0.207321465015411 0.208958193659782 0.211361899971962 0.213765621185303 0.216169327497482 0.218573048710823 0.220976769924164 0.223380476236343 0.224425494670868 0.221394434571266 0.218363374471664 0.215332299470901 0.2123012393713 0.209270179271698 0.206239104270935 0.203208044171333 0.200901716947556 0.198836952447891 0.196772187948227 0.194707438349724 0.19264267385006
0.155911073088646 0.159505173563957 0.164090052247047 0.168674945831299 0.17325983941555 0.17784471809864 0.182429611682892 0.187014490365982 0.191599383950233 0.194043323397636 0.195773601531982 0.197503879666328 0.199234157800674 0.20096443593502 0.202694714069366 0.204424992203712 0.205665409564972 0.205436274409294 0.205207139253616 0.204978004097939 0.204748868942261 0.204519718885422 0.204290583729744 0.204061448574066 0.206175297498703 0.209070146083832 0.211964994668961 0.214859843254089 0.217754706740379 0.220649555325508 0.223544403910637 0.22492852807045 0.221780464053154 0.218632414937019 0.215484350919724 0.212336286902428 0.209188237786293 0.206040173768997 0.202892109751701 0.200530409812927 0.198430821299553 0.196331232786179 0.194231659173965 0.192132070660591
0.150109499692917 0.153627097606659 0.158660128712654 0.163693159818649 0.168726190924644 0.17375922203064 0.178792253136635 0.18382528424263 0.188858315348625 0.191035762429237 0.192261338233948 0.193486899137497 0.194712474942207 0.195938050746918 0.197163626551628 0.198389202356339 0.199359863996506 0.199565798044205 0.199771746993065 0.199977681040764 0.200183615088463 0.200389549136162 0.200595498085022 0.200801432132721 0.203392401337624 0.206778392195702 0.21016438305378 0.213550359010696 0.216936349868774 0.220322340726852 0.22370833158493 0.225431546568871 0.222166493535042 0.218901440501213 0.215636402368546 0.212371349334717 0.209106296300888 0.205841243267059 0.202576190233231 0.20015911757946 0.198024705052376 0.195890292525291 0.193755879998207 0.191621452569962
0.145810514688492 0.149145722389221 0.154375985264778 0.159606263041496 0.164836525917053 0.17006678879261 0.175297066569328 0.180527329444885 0.185757592320442 0.187881916761398 0.188970923423767 0.190059944987297 0.191148951649666 0.192237958312035 0.193326979875565 0.194415986537933 0.195360407233238 0.195871070027351 0.196381732821465 0.196892410516739 0.197403073310852 0.197913736104965 0.198424398899078 0.198935061693192 0.201786577701569 0.205418363213539 0.209050163626671 0.212681949138641 0.216313749551773 0.219945549964905 0.223577335476875 0.225481688976288 0.222203701734543 0.218925729393959 0.215647742152214 0.21236976981163 0.209091782569885 0.20581379532814 0.202535822987556 0.200113669037819 0.197976797819138 0.195839926600456 0.193703040480614 0.191566169261932
0.143014132976532 0.146061047911644 0.151237651705742 0.156414240598679 0.161590829491615 0.166767433285713 0.17194402217865 0.177120611071587 0.182297199964523 0.18458180129528 0.185902386903763 0.187222987413406 0.188543573021889 0.189864173531532 0.191184759140015 0.192505344748497 0.193667054176331 0.194352090358734 0.195037126541138 0.195722177624702 0.196407213807106 0.19709224998951 0.197777286171913 0.198462322354317 0.201357796788216 0.204990074038506 0.208622351288795 0.212254613637924 0.215886890888214 0.219519168138504 0.223151445388794 0.225078940391541 0.221892088651657 0.218705251812935 0.215518400073051 0.212331548333168 0.209144711494446 0.205957859754562 0.202771008014679 0.200394079089165 0.198287114500999 0.196180149912834 0.194073170423508 0.191966205835342
0.140217736363411 0.142976373434067 0.148099303245544 0.153222218155861 0.158345133066177 0.163468062877655 0.168590977787971 0.173713892698288 0.178836822509766 0.181281685829163 0.182833850383759 0.184386029839516 0.185938194394112 0.187490373849869 0.189042538404465 0.190594717860222 0.191973701119423 0.192833110690117 0.193692520260811 0.194551944732666 0.19541135430336 0.196270763874054 0.197130188345909 0.197989597916603 0.200929015874863 0.204561769962311 0.208194524049759 0.211827278137207 0.215460032224655 0.219092786312103 0.222725555300713 0.224676191806793 0.221580475568771 0.21848475933075 0.215389057993889 0.212293341755867 0.209197625517845 0.206101924180984 0.203006207942963 0.200674489140511 0.198597431182861 0.196520358324051 0.194443300366402 0.192366242408752
0.137421354651451 0.139891713857651 0.144960954785347 0.150030195713043 0.155099451541901 0.160168692469597 0.165237933397293 0.17030718922615 0.175376430153847 0.177981555461884 0.179765313863754 0.181549072265625 0.183332815766335 0.185116574168205 0.186900332570076 0.188684076070786 0.190280348062515 0.1913141310215 0.192347928881645 0.19338171184063 0.194415494799614 0.19544929265976 0.196483075618744 0.197516858577728 0.20050023496151 0.204133480787277 0.207766711711884 0.21139994263649 0.215033188462257 0.218666419386864 0.22229965031147 0.224273428320885 0.221268862485886 0.218264281749725 0.215259701013565 0.212255135178566 0.209250554442406 0.206245973706245 0.203241407871246 0.200954899191856 0.198907747864723 0.196860581636429 0.194813430309296 0.192766278982162
0.13462495803833 0.136807039380074 0.14182260632515 0.146838188171387 0.151853755116463 0.156869322061539 0.161884903907776 0.166900470852852 0.171916037797928 0.174681439995766 0.17669677734375 0.178712114691734 0.180727437138557 0.182742774486542 0.184758111834526 0.18677344918251 0.188586995005608 0.189795151352882 0.191003322601318 0.192211478948593 0.193419635295868 0.194627806544304 0.195835962891579 0.197044134140015 0.200071454048157 0.203705176711082 0.207338899374008 0.210972607135773 0.214606329798698 0.218240037560463 0.221873760223389 0.223870679736137 0.220957249403 0.218043804168701 0.215130358934402 0.212216928601265 0.209303483366966 0.206390038132668 0.203476592898369 0.201235309243202 0.199218049645424 0.197200804948807 0.19518356025219 0.193166315555573
0.13182857632637 0.133722364902496 0.138684257864952 0.143646165728569 0.148608058691025 0.153569966554642 0.158531859517097 0.163493752479553 0.16845566034317 0.171381324529648 0.173628240823746 0.175875142216682 0.17812205851078 0.180368974804878 0.182615891098976 0.184862807393074 0.186893627047539 0.188276171684265 0.189658716320992 0.191041246056557 0.192423790693283 0.193806320428848 0.195188865065575 0.19657139480114 0.199642688035965 0.203276872634888 0.206911072134972 0.210545271635056 0.214179471135139 0.217813670635223 0.221447855234146 0.22346793115139 0.220645621418953 0.217823326587677 0.21500101685524 0.212178707122803 0.209356412291527 0.20653410255909 0.203711792826653 0.201515719294548 0.199528366327286 0.197541028261185 0.195553690195084 0.193566352128983
0.130594819784164 0.132332727313042 0.137201473116875 0.142070204019547 0.146938934922218 0.15180766582489 0.156676411628723 0.161545142531395 0.166413873434067 0.16939289867878 0.171741992235184 0.174091100692749 0.176440209150314 0.17878931760788 0.181138426065445 0.18348753452301 0.18559955060482 0.187000304460526 0.188401058316231 0.189801812171936 0.191202566027641 0.192603319883347 0.194004073739052 0.195404827594757 0.198491528630257 0.202140226960182 0.205788910388947 0.209437593817711 0.213086277246475 0.216734975576401 0.220383659005165 0.222459465265274 0.219816640019417 0.21717381477356 0.214530974626541 0.211888149380684 0.209245324134827 0.206602498888969 0.203959673643112 0.201825469732285 0.19986081123352 0.197896167635918 0.195931509137154 0.19396685063839
0.130923703312874 0.132638141512871 0.137374222278595 0.142110303044319 0.146846383810043 0.151582464575768 0.156318545341492 0.161054626107216 0.16579070687294 0.168716162443161 0.171038076281548 0.173359975218773 0.175681889057159 0.178003802895546 0.180325701832771 0.182647615671158 0.184704750776291 0.185967564582825 0.187230363488197 0.188493177294731 0.189755991101265 0.191018804907799 0.192281618714333 0.193544432520866 0.196618020534515 0.200295209884644 0.203972399234772 0.207649573683739 0.211326763033867 0.215003952383995 0.218681141734123 0.220845282077789 0.218470275402069 0.216095268726349 0.213720262050629 0.211345255374908 0.208970248699188 0.206595242023468 0.204220235347748 0.202164575457573 0.200215384364128 0.198266193270683 0.196317002177238 0.194367811083794
0.131252586841583 0.132943540811539 0.137546971440315 0.142150402069092 0.146753832697868 0.151357248425484 0.15596067905426 0.160564109683037 0.165167540311813 0.168039426207542 0.17033414542675 0.172628849744797 0.174923554062843 0.177218273282051 0.179512977600098 0.181807696819305 0.1838099360466 0.184934809803963 0.186059683561325 0.187184542417526 0.188309416174889 0.189434289932251 0.190559148788452 0.191684022545815 0.194744497537613 0.198450192809105 0.202155873179436 0.205861568450928 0.209567248821259 0.213272929191589 0.216978624463081 0.219231098890305 0.217123910784721 0.215016722679138 0.212909534573555 0.210802346467972 0.208695158362389 0.206587970256805 0.204480782151222 0.202503696084023 0.200569957494736 0.19863623380661 0.196702510118484 0.194768771529198
0.131581470370293 0.133248940110207 0.137719720602036 0.142190486192703 0.146661266684532 0.151132047176361 0.15560282766819 0.160073593258858 0.164544373750687 0.167362704873085 0.169630214571953 0.171897724270821 0.174165233969688 0.176432743668556 0.178700253367424 0.180967763066292 0.182915136218071 0.183902055025101 0.184888988733292 0.185875907540321 0.186862841248512 0.187849760055542 0.188836693763733 0.189823612570763 0.192870989441872 0.196605175733566 0.200339362025261 0.204073548316956 0.20780773460865 0.211541920900345 0.21527610719204 0.217616900801659 0.215777546167374 0.213938176631927 0.212098807096481 0.210259437561035 0.208420068025589 0.206580713391304 0.204741343855858 0.202842801809311 0.200924530625343 0.199006274342537 0.197088003158569 0.195169746875763
0.131910353899002 0.133554339408875 0.137892469763756 0.142230585217476 0.146568715572357 0.150906831026077 0.155244961380959 0.159583076834679 0.16392120718956 0.166685968637466 0.168926283717155 0.171166598796844 0.173406913876534 0.175647214055061 0.17788752913475 0.180127844214439 0.18202032148838 0.1828693151474 0.183718293905258 0.184567272663116 0.185416266322136 0.186265245079994 0.187114223837852 0.187963202595711 0.190997466444969 0.194760158658028 0.198522835969925 0.202285528182983 0.206048220396042 0.209810897707939 0.213573589920998 0.216002717614174 0.214431166648865 0.212859630584717 0.211288079619408 0.20971654355526 0.208144992589951 0.206573441624641 0.205001905560493 0.203181907534599 0.201279103755951 0.199376314878464 0.197473511099815 0.195570707321167
0.132239237427711 0.133859753608704 0.138065218925476 0.142270684242249 0.146476164460182 0.150681629776955 0.154887095093727 0.1590925604105 0.163298040628433 0.166009247303009 0.168222352862358 0.170435473322868 0.172648578882217 0.174861699342728 0.177074804902077 0.179287925362587 0.181125521659851 0.181836560368538 0.182547599077225 0.183258637785912 0.183969676494598 0.184680715203285 0.185391768813133 0.18610280752182 0.189123958349228 0.192915141582489 0.19670632481575 0.200497508049011 0.204288706183434 0.208079889416695 0.211871072649956 0.214388534426689 0.213084802031517 0.211781084537506 0.210477352142334 0.209173634648323 0.207869902253151 0.20656618475914 0.205262452363968 0.203521028161049 0.20163369178772 0.199746340513229 0.1978590041399 0.195971667766571
