data/working_set_collections/6091692-Cassins_Sparrow-M2/2010/albedo_avg.asc
NCOLS 265 
NROWS 230 
XLLCORNER -115.5625 
YLLCORNER 24.8333333333333 
CELLSIZE 0.0833333333333333 
NODATA_value -9999 
[rows 60 to 79 of 230, columns 44 to 87 of 265]
0.200364649295807 0.204445570707321 0.208526477217674 0.212607398629189 0.216688305139542 0.220769226551056 0.22485014796257 0.228931054472923 0.232317119836807 0.235471561551094 0.238626018166542 0.241780459880829 0.244934901595116 0.248089358210564 0.25124379992485 0.25298336148262 0.250478237867355 0.24797311425209 0.245467990636826 0.242962881922722 0.240457758307457 0.237952634692192 0.235447511076927 0.231537207961082 0.22715850174427 0.222779810428619 0.218401104211807 0.214022412896156 0.209643706679344 0.205265015363693 0.201472073793411 0.199436441063881 0.197400808334351 0.195365160703659 0.193329527974129 0.191293895244598 0.189258262515068 0.187222629785538 0.186226457357407 0.185576781630516 0.184927105903625 0.184277445077896 0.183627769351006 0.182978093624115
0.196629852056503 0.201149299740791 0.205668747425079 0.210188195109367 0.214707642793655 0.219227090477943 0.223746538162231 0.228265985846519 0.232103586196899 0.23571389913559 0.23932421207428 0.242934510111809 0.246544823050499 0.25015515089035 0.253765463829041 0.255847364664078 0.253344088792801 0.250840812921524 0.248337537050247 0.24583426117897 0.243331000208855 0.240827724337578 0.238324448466301 0.23409278690815 0.229285001754761 0.224477216601372 0.219669431447983 0.214861646294594 0.210053861141205 0.205246075987816 0.201055213809013 0.198715150356293 0.196375086903572 0.194035023450851 0.191694959998131 0.18935489654541 0.18701483309269 0.184674769639969 0.183941647410393 0.183744177222252 0.183546707034111 0.18334923684597 0.183151766657829 0.182954296469688
0.192895069718361 0.197853043675423 0.202811017632484 0.207769006490707 0.212726980447769 0.217684954404831 0.222642943263054 0.227600917220116 0.231890052556992 0.235956221818924 0.240022391080856 0.24408857524395 0.248154744505882 0.252220928668976 0.256287097930908 0.258711367845535 0.256209939718246 0.253708511590958 0.251207083463669 0.24870565533638 0.246204227209091 0.243702799081802 0.241201370954514 0.236648365855217 0.23141148686409 0.226174622774124 0.220937743782997 0.215700879693031 0.210464015603065 0.205227136611938 0.200638353824615 0.197993874549866 0.195349380373955 0.192704886198044 0.190060392022133 0.187415897846222 0.184771403670311 0.1821269094944 0.181656837463379 0.181911572813988 0.182166293263435 0.182421028614044 0.182675763964653 0.182930499315262
0.189160272479057 0.194556787610054 0.19995328783989 0.205349802970886 0.210746318101883 0.21614283323288 0.221539333462715 0.226935848593712 0.231676504015923 0.236198544502258 0.240720584988594 0.24524262547493 0.249764665961266 0.254286706447601 0.258808732032776 0.261575371026993 0.259075790643692 0.256576210260391 0.25407662987709 0.25157704949379 0.249077469110489 0.246577888727188 0.244078308343887 0.239203944802284 0.23353798687458 0.227872028946877 0.222206071019173 0.216540113091469 0.210874155163765 0.205208197236061 0.200221508741379 0.197272583842278 0.194323658943176 0.191374734044075 0.188425809144974 0.185476899147034 0.182527974247932 0.179579049348831 0.179372027516365 0.180078953504562 0.180785894393921 0.181492820382118 0.182199761271477 0.182906702160835
0.185425475239754 0.191260516643524 0.197095572948456 0.202930614352226 0.208765655755997 0.214600697159767 0.220435738563538 0.226270779967308 0.231462970376015 0.236440882086754 0.241418778896332 0.24639667570591 0.251374572515488 0.256352484226227 0.261330395936966 0.26443937420845 0.261941641569138 0.259443908929825 0.256946176290512 0.254448443651199 0.251950711011887 0.249452978372574 0.2469552308321 0.241759523749352 0.23566447198391 0.229569435119629 0.223474398255348 0.217379346489906 0.211284309625626 0.205189272761345 0.199804648756981 0.196551293134689 0.193297952413559 0.190044596791267 0.186791241168976 0.183537900447845 0.180284544825554 0.177031189203262 0.17708720266819 0.178246349096298 0.179405480623245 0.180564627051353 0.1817237585783 0.182882890105247
0.181690692901611 0.187964260578156 0.194237843155861 0.200511410832405 0.20678499341011 0.213058561086655 0.21933214366436 0.225605711340904 0.231249436736107 0.236683204770088 0.24211697280407 0.247550740838051 0.252984493970871 0.258418262004852 0.263852030038834 0.26730340719223 0.264807492494583 0.262311607599258 0.259815722703934 0.257319837808609 0.254823952913284 0.25232806801796 0.249832168221474 0.244315102696419 0.2377909719944 0.231266841292381 0.224742710590363 0.218218579888344 0.211694464087486 0.205170333385468 0.199387788772583 0.195830017328262 0.19227223098278 0.188714444637299 0.185156673192978 0.181598886847496 0.178041115403175 0.174483329057693 0.174802392721176 0.176413729786873 0.178025081753731 0.179636418819427 0.181247755885124 0.182859092950821
0.179607659578323 0.186142459511757 0.19267725944519 0.199212044477463 0.205746844410896 0.21228164434433 0.218816444277763 0.225351244211197 0.231011226773262 0.236379623413086 0.241748005151749 0.247116401791573 0.252484798431396 0.257853180170059 0.263221561908722 0.266568809747696 0.263852566480637 0.261136323213577 0.25842010974884 0.255703866481781 0.252987623214722 0.250271379947662 0.247555166482925 0.242088615894318 0.235705316066742 0.229322001338005 0.222938701510429 0.216555386781693 0.210172072052956 0.20378877222538 0.198136433959007 0.194677039980888 0.191217631101608 0.187758222222328 0.184298828244209 0.180839419364929 0.177380010485649 0.173920601606369 0.174606084823608 0.176673203706741 0.178740307688713 0.180807426571846 0.182874530553818 0.184941649436951
0.179176405072212 0.185795113444328 0.192413821816444 0.19903253018856 0.205651238560677 0.212269946932793 0.218888655304909 0.225507363677025 0.230748355388641 0.235530123114586 0.24031189084053 0.245093658566475 0.249875426292419 0.254657208919525 0.259438961744308 0.26223561167717 0.259076833724976 0.255918055772781 0.25275930762291 0.249600529670715 0.246441751718521 0.243282988667488 0.240124225616455 0.23508009314537 0.229407504200935 0.223734930157661 0.218062341213226 0.212389752268791 0.206717178225517 0.201044589281082 0.196050599217415 0.193092375993729 0.190134137868881 0.187175914645195 0.184217691421509 0.181259468197823 0.178301244974136 0.17534302175045 0.176498293876648 0.179024741053581 0.181551188230515 0.184077635407448 0.186604082584381 0.189130529761314
0.17874513566494 0.1854477673769 0.192150384187698 0.198853000998497 0.205555617809296 0.212258234620094 0.218960851430893 0.225663468241692 0.230485484004021 0.234680637717247 0.238875776529312 0.243070930242538 0.247266083955765 0.251461237668991 0.255656361579895 0.257902413606644 0.254301100969315 0.250699788331985 0.247098490595818 0.24349719285965 0.239895880222321 0.236294582486153 0.232693284749985 0.228071555495262 0.22310970723629 0.218147844076157 0.213185980916023 0.20822411775589 0.203262269496918 0.198300406336784 0.193964749574661 0.191507697105408 0.189050659537315 0.186593607068062 0.184136569499969 0.181679517030716 0.179222464561462 0.17676542699337 0.178390502929688 0.181376278400421 0.184362068772316 0.187347859144211 0.190333634614944 0.193319424986839
0.178313881158829 0.18510040640831 0.191886946558952 0.198673471808434 0.205459997057915 0.212246537208557 0.219033062458038 0.22581958770752 0.2302226126194 0.233831137418747 0.237439662218094 0.241048201918602 0.244656726717949 0.248265251517296 0.251873761415482 0.253569215536118 0.249525368213654 0.245481535792351 0.241437688469887 0.237393856048584 0.23335000872612 0.229306176304817 0.225262343883514 0.221063032746315 0.216811895370483 0.212560757994652 0.20830962061882 0.20405849814415 0.199807360768318 0.195556223392487 0.191878899931908 0.189923033118248 0.187967166304588 0.186011299490929 0.184055432677269 0.182099565863609 0.18014369904995 0.17818783223629 0.180282697081566 0.183727830648422 0.187172949314117 0.190618067979813 0.194063186645508 0.197508305311203
0.177882626652718 0.184753060340881 0.191623508930206 0.19849394261837 0.205364391207695 0.212234824895859 0.219105273485184 0.225975707173347 0.229959741234779 0.232981652021408 0.236003562808037 0.239025458693504 0.242047369480133 0.245069265365601 0.248091176152229 0.24923600256443 0.244749635457993 0.240263268351555 0.235776886343956 0.231290519237518 0.226804137229919 0.222317770123482 0.217831403017044 0.214054495096207 0.210514083504677 0.206973671913147 0.203433275222778 0.199892863631248 0.196352452039719 0.192812040448189 0.189793065190315 0.188338369131088 0.186883687973022 0.185428991913795 0.18397431075573 0.182519614696503 0.181064918637276 0.17961023747921 0.182174906134605 0.186079367995262 0.189983829855919 0.193888276815414 0.197792738676071 0.201697200536728
0.177451357245445 0.184405714273453 0.19136007130146 0.198314413428307 0.205268770456314 0.212223127484322 0.219177469611168 0.226131826639175 0.229696869850159 0.232132166624069 0.234567448496819 0.237002730369568 0.239438012242317 0.241873294115067 0.244308575987816 0.244902804493904 0.239973902702332 0.235045000910759 0.230116084218025 0.225187182426453 0.220258265733719 0.215329363942146 0.210400462150574 0.20704597234726 0.204216286540031 0.201386600732803 0.198556914925575 0.195727229118347 0.192897543311119 0.190067857503891 0.187707215547562 0.186753705143929 0.185800194740295 0.184846684336662 0.183893173933029 0.182939663529396 0.181986153125763 0.18103264272213 0.184067115187645 0.188430905342102 0.192794695496559 0.197158500552177 0.201522290706635 0.205886080861092
0.178910180926323 0.185742169618607 0.192574173212051 0.199406161904335 0.20623816549778 0.213070154190063 0.219902142882347 0.226734146475792 0.230145797133446 0.232417330145836 0.234688863158226 0.236960396170616 0.239231944084167 0.241503477096558 0.243775010108948 0.244186863303185 0.2390196621418 0.233852460980415 0.228685274720192 0.223518073558807 0.218350872397423 0.213183671236038 0.208016484975815 0.204859212040901 0.202371925115585 0.199884638190269 0.197397336363792 0.194910049438477 0.192422762513161 0.189935475587845 0.187863528728485 0.187037646770477 0.186211749911308 0.1853858679533 0.184559971094131 0.183734089136124 0.182908192276955 0.182082310318947 0.185228630900383 0.189699023962021 0.194169417023659 0.198639810085297 0.203110203146935 0.207580596208572
0.182259067893028 0.188762441277504 0.19526581466198 0.201769173145294 0.20827254652977 0.214775919914246 0.221279293298721 0.227782666683197 0.231306508183479 0.23383717238903 0.236367836594582 0.238898485898972 0.241429150104523 0.243959814310074 0.246490478515625 0.24708816409111 0.241886913776398 0.236685678362846 0.231484428048134 0.226283192634583 0.22108194231987 0.215880706906319 0.210679456591606 0.207494229078293 0.2049810141325 0.202467784285545 0.199954554438591 0.197441339492798 0.194928109645844 0.192414879798889 0.190262004733086 0.189190179109573 0.188118353486061 0.187046527862549 0.185974702239037 0.184902876615524 0.183831050992012 0.1827592253685 0.18565945327282 0.189883708953857 0.194107949733734 0.198332205414772 0.20255646109581 0.206780716776848
0.185607954859734 0.19178269803524 0.197957441210747 0.204132199287415 0.210306942462921 0.216481685638428 0.222656443715096 0.228831186890602 0.232467219233513 0.235256999731064 0.238046795129776 0.240836575627327 0.243626371026039 0.24641615152359 0.249205946922302 0.249989464879036 0.244754180312157 0.239518880844116 0.234283596277237 0.229048311710358 0.223813027143478 0.218577727675438 0.213342443108559 0.210129261016846 0.207590088248253 0.205050930380821 0.20251177251339 0.199972614645958 0.197433456778526 0.194894298911095 0.192660480737686 0.191342726349831 0.190024957060814 0.188707187771797 0.187389433383942 0.186071664094925 0.184753909707069 0.183436140418053 0.186090275645256 0.190068393945694 0.194046497344971 0.198024615645409 0.202002719044685 0.205980822443962
0.188956841826439 0.194802969694138 0.200649082660675 0.206495210528374 0.212341338396072 0.218187466263771 0.224033579230309 0.229879707098007 0.233627930283546 0.236676841974258 0.23972575366497 0.242774665355682 0.245823577046394 0.248872503638268 0.25192141532898 0.252890765666962 0.247621431946754 0.242352098226547 0.23708276450634 0.231813430786133 0.226544097065926 0.221274763345718 0.216005429625511 0.212764278054237 0.210199177265167 0.207634091377258 0.205068990588188 0.202503889799118 0.199938803911209 0.197373703122139 0.195058956742287 0.193495258688927 0.191931560635567 0.190367862582207 0.188804149627686 0.187240451574326 0.185676753520966 0.184113055467606 0.186521112918854 0.190253078937531 0.193985044956207 0.197717010974884 0.201448976993561 0.205180943012238
0.192305728793144 0.197823226451874 0.203340724110603 0.208858236670494 0.214375734329224 0.219893231987953 0.225410729646683 0.230928227305412 0.23478864133358 0.238096669316292 0.241404712200165 0.244712755084038 0.248020797967911 0.251328825950623 0.254636883735657 0.255792051553726 0.250488698482513 0.245185300707817 0.239881932735443 0.234578549861908 0.229275166988373 0.223971799015999 0.218668416142464 0.215399295091629 0.212808266282082 0.210217237472534 0.207626208662987 0.205035179853439 0.202444136142731 0.199853107333183 0.197457432746887 0.195647791028023 0.19383816421032 0.192028522491455 0.190218880772591 0.188409253954887 0.186599612236023 0.184789970517159 0.18695193529129 0.190437763929367 0.193923592567444 0.197409406304359 0.200895234942436 0.204381063580513
0.19565461575985 0.200843498110771 0.206032365560532 0.211221247911453 0.216410130262375 0.221598997712135 0.226787880063057 0.231976747512817 0.235949352383614 0.239516511559486 0.24308368563652 0.246650844812393 0.250218003988266 0.253785192966461 0.257352352142334 0.258693367242813 0.253355950117111 0.248018518090248 0.242681100964546 0.237343668937683 0.232006251811981 0.226668819785118 0.221331402659416 0.218034312129021 0.215417355298996 0.21280038356781 0.210183426737785 0.207566455006599 0.204949483275414 0.202332526445389 0.199855908751488 0.19780033826828 0.195744752883911 0.193689182400703 0.191633611917496 0.189578041434288 0.18752247095108 0.185466885566711 0.187382757663727 0.190622448921204 0.193862125277519 0.197101816534996 0.200341492891312 0.203581184148788
0.200701087713242 0.20550936460495 0.210317641496658 0.215125933289528 0.219934210181236 0.224742501974106 0.229550778865814 0.234359055757523 0.23799729347229 0.24124550819397 0.244493722915649 0.247741937637329 0.250990152359009 0.254238367080688 0.257486581802368 0.258828997612 0.254454076290131 0.250079184770584 0.245704248547554 0.241329327225685 0.236954405903816 0.232579484581947 0.228204563260078 0.225259184837341 0.222790315747261 0.220321461558342 0.217852592468262 0.215383723378181 0.212914854288101 0.210445985198021 0.207940489053726 0.205325096845627 0.202709719538689 0.200094327330589 0.19747893512249 0.194863557815552 0.192248165607452 0.189632773399353 0.190782532095909 0.193187341094017 0.195592150092125 0.197996959090233 0.200401768088341 0.202806577086449
0.207445129752159 0.211820840835571 0.216196566820145 0.220572277903557 0.22494800388813 0.229323714971542 0.233699440956116 0.238075152039528 0.240932479500771 0.243283659219742 0.245634838938713 0.247986033558846 0.250337213277817 0.252688407897949 0.255039572715759 0.25619900226593 0.253783136606216 0.251367270946503 0.248951390385628 0.246535524725914 0.2441196590662 0.241703793406487 0.239287927746773 0.237073913216591 0.234927177429199 0.232780441641808 0.230633705854416 0.228486970067024 0.226340234279633 0.224193513393402 0.221711188554764 0.218222111463547 0.21473303437233 0.211243957281113 0.207754880189896 0.204265803098679 0.200776726007462 0.197287648916245 0.197151273488998 0.198132455348969 0.1991136521101 0.200094848871231 0.201076030731201 0.202057227492332
