data/working_set_collections/6091692-Cassins_Sparrow-M2/2010/albedo_avg.asc
NCOLS 265 
NROWS 230 
XLLCORNER -115.5625 
YLLCORNER 24.8333333333333 
CELLSIZE 0.0833333333333333 
NODATA_value -9999 
[rows 20 to 39 of 230, columns 88 to 131 of 265]
0.267860472202301 0.268885314464569 0.266349494457245 0.263813644647598 0.261277824640274 0.25874200463295 0.256206154823303 0.253670334815979 0.251134514808655 0.248876854777336 0.246711909770966 0.244546979665756 0.242382049560547 0.240217104554176 0.238052174448967 0.235887244343758 0.234796613454819 0.236928924918175 0.239061251282692 0.241193562746048 0.243325874209404 0.245458200573921 0.247590512037277 0.249722823500633 0.247576206922531 0.244003280997276 0.24043034017086 0.236857414245605 0.233284488320351 0.229711547493935 0.22613862156868 0.222745686769485 0.219892740249634 0.217039808630943 0.214186862111092 0.211333930492401 0.208480983972549 0.205628052353859 0.202775105834007 0.203605487942696 0.20566363632679 0.207721784710884 0.209779933094978 0.211838081479073
0.27070227265358 0.271692425012589 0.269337058067322 0.266981720924377 0.264626353979111 0.262271016836166 0.2599156498909 0.257560312747955 0.255204945802689 0.252761036157608 0.250287592411041 0.247814178466797 0.245340749621391 0.242867305874825 0.240393877029419 0.237920448184013 0.236650183796883 0.238989382982254 0.241328582167625 0.243667781352997 0.246006980538368 0.24834617972374 0.250685393810272 0.253024578094482 0.250951766967773 0.247408285737038 0.243864804506302 0.240321323275566 0.236777827143669 0.233234345912933 0.229690864682198 0.226237043738365 0.223052218556404 0.219867378473282 0.216682553291321 0.213497713208199 0.210312888026237 0.207128047943115 0.203943222761154 0.204758048057556 0.206906110048294 0.209054157137871 0.211202219128609 0.213350266218185
0.273544073104858 0.274499535560608 0.272324651479721 0.270149767398834 0.26797491312027 0.265800029039383 0.263625144958496 0.261450260877609 0.259275376796722 0.256645232439041 0.253863304853439 0.251081377267838 0.248299449682236 0.245517522096634 0.242735594511032 0.23995366692543 0.238503739237785 0.241049826145172 0.243595913052559 0.246141999959946 0.248688086867332 0.251234173774719 0.253780245780945 0.256326347589493 0.254327327013016 0.25081330537796 0.247299253940582 0.243785217404366 0.240271180868149 0.236757144331932 0.233243107795715 0.229728400707245 0.226211681962013 0.222694963216782 0.219178229570389 0.215661510825157 0.212144792079926 0.208628058433533 0.205111339688301 0.205910623073578 0.208148583769798 0.210386529564857 0.212624490261078 0.214862450957298
0.276385873556137 0.277306646108627 0.27531224489212 0.273317843675613 0.271323442459106 0.2693290412426 0.267334640026093 0.265340238809586 0.263345837593079 0.260529398918152 0.257438987493515 0.254348576068878 0.251258134841919 0.248167723417282 0.245077297091484 0.241986870765686 0.240357294678688 0.24311026930809 0.245863243937492 0.248616218566895 0.251369178295135 0.254122167825699 0.25687512755394 0.259628087282181 0.257702887058258 0.254218310117722 0.250733733177185 0.247249126434326 0.243764534592628 0.240279942750931 0.236795350909233 0.233219757676125 0.229371145367622 0.22552253305912 0.221673920750618 0.217825293540955 0.213976681232452 0.21012806892395 0.206279456615448 0.2070631980896 0.209391057491302 0.211718916893005 0.214046776294708 0.216374635696411
0.276653200387955 0.277735352516174 0.276057213544846 0.274379074573517 0.272700935602188 0.271022826433182 0.269344687461853 0.267666548490524 0.265988409519196 0.263363242149353 0.260422378778458 0.257481515407562 0.254540681838989 0.251599818468094 0.248658955097198 0.245718106627464 0.244116619229317 0.246533259749413 0.248949900269508 0.251366555690765 0.253783196210861 0.256199836730957 0.258616477251053 0.261033117771149 0.259129256010056 0.255785226821899 0.252441197633743 0.249097168445587 0.245753139257431 0.242409110069275 0.239065080881119 0.235565632581711 0.231599897146225 0.227634161710739 0.223668426275253 0.219702690839767 0.215736955404282 0.211771219968796 0.20780548453331 0.208508998155594 0.210768923163414 0.213028848171234 0.215288788080215 0.217548713088036
0.274346053600311 0.275785654783249 0.274559587240219 0.273333519697189 0.272107422351837 0.270881354808807 0.269655287265778 0.268429189920425 0.267203122377396 0.265146672725677 0.262813448905945 0.260480225086212 0.258147031068802 0.255813807249069 0.253480583429337 0.251147359609604 0.249781712889671 0.2513188123703 0.252855896949768 0.254392981529236 0.255930095911026 0.257467180490494 0.259004294872284 0.260541379451752 0.258606404066086 0.255514055490494 0.252421706914902 0.249329343438148 0.246236994862556 0.243144646286964 0.240052297711372 0.236766010522842 0.23289792239666 0.229029849171638 0.225161761045456 0.221293672919273 0.217425584793091 0.213557496666908 0.209689408540726 0.210248023271561 0.212282180786133 0.214316353201866 0.2163505256176 0.218384683132172
0.272038906812668 0.273835957050323 0.27306193113327 0.272287935018539 0.271513909101486 0.270739883184433 0.26996585726738 0.269191861152649 0.268417835235596 0.266930133104324 0.265204548835754 0.263478964567184 0.261753380298615 0.260027766227722 0.258302181959152 0.256576597690582 0.255446791648865 0.256104350090027 0.256761878728867 0.257419437170029 0.258076995611191 0.258734554052353 0.259392082691193 0.260049641132355 0.258083522319794 0.255242854356766 0.252402186393738 0.24956151843071 0.246720850467682 0.243880182504654 0.241039514541626 0.237966403365135 0.234195962548256 0.230425521731377 0.226655095815659 0.222884654998779 0.219114229083061 0.215343788266182 0.211573347449303 0.211987048387527 0.213795453310013 0.215603858232498 0.217412263154984 0.219220668077469
0.269731760025024 0.271886259317398 0.271564304828644 0.27124235033989 0.270920395851135 0.270598411560059 0.270276457071304 0.26995450258255 0.269632548093796 0.268713593482971 0.267595618963242 0.266477674245834 0.265359729528427 0.264241755008698 0.26312381029129 0.262005835771561 0.261111885309219 0.260889887809753 0.260667890310287 0.260445892810822 0.260223895311356 0.26000189781189 0.259779900312424 0.259557902812958 0.257560670375824 0.25497168302536 0.252382695674896 0.249793693423271 0.247204706072807 0.244615703821182 0.242026716470718 0.239166781306267 0.235494002699852 0.231821209192276 0.228148430585861 0.224475637078285 0.22080285847187 0.217130079865456 0.21345728635788 0.213726073503494 0.215308710932732 0.21689136326313 0.218474000692368 0.220056638121605
0.267424613237381 0.269936561584473 0.270066648721695 0.27019676566124 0.270326852798462 0.270456969738007 0.270587056875229 0.270717173814774 0.270847260951996 0.270497053861618 0.269986718893051 0.269476383924484 0.26896607875824 0.268455743789673 0.267945408821106 0.267435103654861 0.266776949167252 0.26567542552948 0.264573872089386 0.263472348451614 0.26237079501152 0.261269271373749 0.260167717933655 0.259066164493561 0.257037818431854 0.254700481891632 0.252363175153732 0.250025868415833 0.247688561677933 0.245351240038872 0.243013933300972 0.240367159247398 0.236792027950287 0.233216896653175 0.229641765356064 0.226066634058952 0.22249148786068 0.218916356563568 0.215341225266457 0.215465098619461 0.216821983456612 0.218178868293762 0.219535738229752 0.220892623066902
0.265117466449738 0.267986863851547 0.268569022417068 0.26915118098259 0.269733339548111 0.270315498113632 0.270897656679153 0.271479815244675 0.272061973810196 0.272280484437943 0.272377789020538 0.272475093603134 0.272572427988052 0.272669732570648 0.272767037153244 0.27286434173584 0.272442042827606 0.270460963249207 0.268479883670807 0.266498774290085 0.264517694711685 0.262536615133286 0.260555535554886 0.258574455976486 0.256514936685562 0.254429310560226 0.252343684434891 0.250258058309555 0.248172402381897 0.246086776256561 0.244001135230064 0.241567552089691 0.238090068101883 0.234612584114075 0.231135100126266 0.227657616138458 0.22418013215065 0.220702648162842 0.217225164175034 0.217204123735428 0.21833524107933 0.219466358423233 0.220597475767136 0.221728593111038
0.261928707361221 0.264880955219269 0.265706956386566 0.266532957553864 0.267358928918839 0.268184930086136 0.269010931253433 0.269836932420731 0.270662903785706 0.271438181400299 0.272196501493454 0.272954851388931 0.273713201284409 0.274471551179886 0.275229901075363 0.275988221168518 0.275961309671402 0.273578613996506 0.27119591832161 0.268813222646713 0.266430526971817 0.264047861099243 0.261665165424347 0.259282469749451 0.256898880004883 0.254515022039413 0.252131164073944 0.249747321009636 0.247363463044167 0.244979605078697 0.242595747113228 0.240004047751427 0.236788839101791 0.233573645353317 0.230358436703682 0.227143242955208 0.223928034305573 0.220712840557098 0.217497631907463 0.217537268996239 0.218661859631538 0.219786435365677 0.220911026000977 0.222035616636276
0.257858276367188 0.260618835687637 0.261480450630188 0.262342035770416 0.263203650712967 0.264065265655518 0.264926880598068 0.265788465738297 0.266650080680847 0.267970085144043 0.269442856311798 0.270915657281876 0.272388428449631 0.273861199617386 0.275334000587463 0.276806771755219 0.277334779500961 0.2750284075737 0.272722035646439 0.2704156935215 0.268109321594238 0.265802949666977 0.263496577739716 0.261190235614777 0.258189648389816 0.254957646131516 0.251725673675537 0.248493686318398 0.245261698961258 0.242029711604118 0.238797724246979 0.235676661133766 0.232888370752335 0.230100080370903 0.227311789989471 0.22452349960804 0.221735209226608 0.218946918845177 0.216158628463745 0.216464519500732 0.217801809310913 0.219139084219933 0.220476374030113 0.221813648939133
0.253787875175476 0.256356716156006 0.257253915071487 0.258151143789291 0.259048372507095 0.259945601224899 0.260842800140381 0.261740028858185 0.262637257575989 0.264501988887787 0.266689211130142 0.268876433372498 0.271063655614853 0.273250877857208 0.275438100099564 0.277625322341919 0.278708219528198 0.276478201150894 0.274248152971268 0.272018134593964 0.269788086414337 0.267558068037033 0.265328019857407 0.263098001480103 0.259480386972427 0.25540030002594 0.25132018327713 0.24724006652832 0.24315994977951 0.239079833030701 0.234999716281891 0.231349289417267 0.228987917304039 0.22662653028965 0.224265158176422 0.221903771162033 0.219542399048805 0.217181012034416 0.214819639921188 0.215391770005226 0.216941758990288 0.218491733074188 0.22004172205925 0.22159169614315
0.249717473983765 0.252094566822052 0.253027409315109 0.253960251808167 0.254893094301224 0.255825936794281 0.256758749485016 0.257691591978073 0.25862443447113 0.261033892631531 0.263935536146164 0.26683720946312 0.269738882780075 0.272640556097031 0.275542199611664 0.278443872928619 0.280081689357758 0.277927994728088 0.275774270296097 0.273620575666428 0.271466881036758 0.269313156604767 0.267159461975098 0.265005767345428 0.260771155357361 0.255842924118042 0.250914663076401 0.245986431837082 0.241058185696602 0.236129954457283 0.231201708316803 0.227021917700768 0.225087448954582 0.223152980208397 0.221218511462212 0.219284042716026 0.217349573969841 0.215415105223656 0.21348063647747 0.21431902050972 0.216081708669662 0.217844381928444 0.219607055187225 0.221369743347168
0.245647072792053 0.247832462191582 0.248800903558731 0.249769359827042 0.250737816095352 0.25170624256134 0.252674698829651 0.253643155097961 0.254611611366272 0.257565796375275 0.261181890964508 0.264797985553741 0.268414109945297 0.272030204534531 0.275646299123764 0.27926242351532 0.281455159187317 0.279377788305283 0.277300387620926 0.275223016738892 0.273145645856857 0.271068274974823 0.268990904092789 0.266913533210754 0.262061893939972 0.256285548210144 0.250509172677994 0.244732797145844 0.238956436514854 0.233180060982704 0.227403700351715 0.222694531083107 0.221186980605125 0.219679415225983 0.218171864748001 0.216664299368858 0.215156748890877 0.213649198412895 0.212141633033752 0.213246271014214 0.215221658349037 0.2171970307827 0.219172403216362 0.221147790551186
0.241576656699181 0.243570327758789 0.244574397802353 0.245578452944756 0.246582522988319 0.247586578130722 0.248590648174286 0.249594703316689 0.250598788261414 0.254097700119019 0.258428245782852 0.262758791446686 0.267089337110519 0.271419882774353 0.275750428438187 0.28008097410202 0.282828599214554 0.280827552080154 0.278826504945755 0.276825487613678 0.274824440479279 0.272823393344879 0.27082234621048 0.26882129907608 0.263352662324905 0.256728172302246 0.250103682279587 0.243479177355766 0.236854672431946 0.230230182409286 0.223605692386627 0.218367159366608 0.217286512255669 0.21620586514473 0.215125218033791 0.214044570922852 0.212963923811913 0.211883276700974 0.210802629590034 0.212173536419868 0.214361608028412 0.216549679636955 0.218737751245499 0.220925822854042
0.235721126198769 0.237553596496582 0.238809868693352 0.240066155791283 0.241322427988052 0.242578715085983 0.243834987282753 0.245091274380684 0.246347546577454 0.250312983989716 0.255181491374969 0.260049998760223 0.264918506145477 0.269786983728409 0.274655491113663 0.279523998498917 0.282705336809158 0.280825257301331 0.278945177793503 0.277065098285675 0.275185018777847 0.273304909467697 0.271424829959869 0.269544750452042 0.263649493455887 0.256415814161301 0.249182134866714 0.24194847047329 0.234714791178703 0.227481126785278 0.220247462391853 0.21460685133934 0.213745445013046 0.212884038686752 0.212022632360458 0.211161211133003 0.210299804806709 0.209438398480415 0.208576992154121 0.210186094045639 0.212618693709373 0.215051293373108 0.217483907938004 0.219916507601738
0.228080466389656 0.229782238602638 0.23150734603405 0.233232438564301 0.234957545995712 0.236682638525963 0.238407731056213 0.240132838487625 0.241857931017876 0.246211692690849 0.251441657543182 0.256671637296677 0.261901587247849 0.267131567001343 0.272361546754837 0.277591496706009 0.28108537197113 0.279370874166489 0.277656376361847 0.275941878557205 0.274227380752563 0.272512882947922 0.270798414945602 0.269083917140961 0.262952357530594 0.255348473787308 0.24774457514286 0.240140691399574 0.232536792755127 0.22493289411068 0.217329010367393 0.211413621902466 0.210563778877258 0.209713935852051 0.208864077925682 0.208014234900475 0.207164391875267 0.20631454885006 0.205464690923691 0.207283958792686 0.209992930293083 0.212701886892319 0.215410858392715 0.218119829893112
0.220439791679382 0.222010880708694 0.224204808473587 0.226398721337318 0.228592649102211 0.230786561965942 0.232980489730835 0.235174402594566 0.237368315458298 0.242110386490822 0.247701823711395 0.25329327583313 0.258884698152542 0.264476150274277 0.270067572593689 0.275659024715424 0.27946537733078 0.277916491031647 0.276367574930191 0.274818688631058 0.273269772529602 0.271720856428146 0.270171970129013 0.268623054027557 0.262255251407623 0.254281133413315 0.246307015419006 0.238332897424698 0.230358794331551 0.222384676337242 0.214410558342934 0.208220392465591 0.20738211274147 0.206543833017349 0.205705538392067 0.204867258667946 0.204028978943825 0.203190684318542 0.202352404594421 0.204381823539734 0.207367151975632 0.21035248041153 0.213337808847427 0.216323137283325
0.21279913187027 0.214239537715912 0.216902270913124 0.219565019011497 0.22222775220871 0.224890485405922 0.227553233504295 0.230215966701508 0.23287869989872 0.238009080290794 0.243961989879608 0.249914899468422 0.255867809057236 0.261820733547211 0.267773628234863 0.273726552724838 0.277845412492752 0.276462078094482 0.275078773498535 0.273695468902588 0.272312164306641 0.270928829908371 0.269545525312424 0.268162220716476 0.261558145284653 0.253213793039322 0.244869455695152 0.236525118350983 0.228180781006813 0.219836443662643 0.211492106318474 0.205027163028717 0.204200446605682 0.203373730182648 0.202546998858452 0.201720282435417 0.200893551111221 0.200066834688187 0.199240103363991 0.201479703187943 0.204741388559341 0.20800307393074 0.2112647742033 0.214526459574699
