data/working_set_collections/6091692-Cassins_Sparrow-M2/2010/albedo_avg.asc
NCOLS 265 
NROWS 230 
XLLCORNER -115.5625 
YLLCORNER 24.8333333333333 
CELLSIZE 0.0833333333333333 
NODATA_value -9999 
[rows 140 to 159 of 230, columns 0 to 43 of 265]
0.257626056671143 0.257909566164017 0.258193105459213 0.258476614952087 0.258760124444962 0.259043663740158 0.259327173233032 0.265046924352646 0.272578775882721 0.280110627412796 0.287642449140549 0.295174300670624 0.302706122398376 0.310237973928452 0.315187960863113 0.312392354011536 0.309596747159958 0.30680114030838 0.304005533456802 0.301209926605225 0.298414319753647 0.295618712902069 0.288996756076813 0.281099408864975 0.273202031850815 0.265304654836655 0.257407277822495 0.249509900808334 0.241612538695335 0.234796151518822 0.231222718954086 0.227649286389351 0.224075853824615 0.22050242125988 0.216929003596306 0.21335557103157 0.209782138466835 0.209964528679848 0.211398854851723 0.212833195924759 0.214267522096634 0.215701848268509 0.217136189341545 0.21857051551342
0.253039389848709 0.253972113132477 0.254904806613922 0.255837500095367 0.256770193576813 0.257702887058258 0.258635610342026 0.265086561441422 0.273376941680908 0.281667321920395 0.289957702159882 0.298248082399368 0.306538492441177 0.314828872680664 0.320166975259781 0.316648215055466 0.31312945485115 0.309610724449158 0.306091964244843 0.302573204040527 0.299054473638535 0.295535713434219 0.288473784923553 0.280230790376663 0.271987795829773 0.263744801282883 0.255501806735992 0.247258797287941 0.239015802741051 0.232135087251663 0.229341253638268 0.226547420024872 0.223753586411476 0.22095975279808 0.218165904283524 0.215372070670128 0.212578237056732 0.212335541844368 0.212943211197853 0.213550895452499 0.214158564805984 0.214766249060631 0.215373933315277 0.215981602668762
0.248452737927437 0.250034630298615 0.251616507768631 0.253198385238647 0.254780262708664 0.25636214017868 0.257944017648697 0.265126168727875 0.274175107479095 0.283224046230316 0.292272955179214 0.301321893930435 0.310370832681656 0.319419741630554 0.325145959854126 0.320904076099396 0.316662192344666 0.312420308589935 0.308178395032883 0.303936511278152 0.299694627523422 0.295452743768692 0.287950783967972 0.279362171888351 0.270773559808731 0.262184917926788 0.253596305847168 0.245007693767548 0.236419066786766 0.229474037885666 0.22745980322361 0.225445553660393 0.223431304097176 0.22141706943512 0.219402819871902 0.217388585209846 0.215374335646629 0.214706540107727 0.214487567543983 0.21426859498024 0.214049622416496 0.213830649852753 0.213611677289009 0.213392704725266
0.243866071105003 0.246097132563591 0.248328194022179 0.250559270381927 0.252790331840515 0.25502136349678 0.257252424955368 0.26516580581665 0.274973273277283 0.284780740737915 0.294588208198547 0.304395705461502 0.314203172922134 0.324010640382767 0.330124974250793 0.325159937143326 0.320194929838181 0.315229892730713 0.310264855623245 0.305299818515778 0.30033478140831 0.295369744300842 0.287427812814713 0.27849355340004 0.269559323787689 0.260625064373016 0.251690834760666 0.242756575345993 0.233822330832481 0.226812988519669 0.225578337907791 0.224343687295914 0.223109036684036 0.221874386072159 0.220639735460281 0.219405084848404 0.218170434236526 0.217077553272247 0.216031923890114 0.21498629450798 0.213940665125847 0.212895035743713 0.211849421262741 0.210803791880608
0.237448558211327 0.240199789404869 0.242951020598412 0.245702251791954 0.248453482985497 0.251204699277878 0.25395593047142 0.261000156402588 0.269475340843201 0.277950555086136 0.286425739526749 0.294900923967361 0.303376138210297 0.311851322650909 0.317208498716354 0.313211679458618 0.30921483039856 0.305217981338501 0.301221132278442 0.297224313020706 0.293227463960648 0.289230614900589 0.282157152891159 0.274058133363724 0.265959113836288 0.257860094308853 0.249761089682579 0.241662070155144 0.233563050627708 0.227221369743347 0.226151719689369 0.225082069635391 0.224012419581413 0.222942769527435 0.221873119473457 0.220803469419479 0.21973380446434 0.218311384320259 0.216771364212036 0.215231344103813 0.21369132399559 0.212151303887367 0.210611268877983 0.20907124876976
0.229200169444084 0.232342571020126 0.235484957695007 0.23862735927105 0.24176974594593 0.244912147521973 0.248054534196854 0.252629220485687 0.257681310176849 0.262733399868011 0.267785519361496 0.272837609052658 0.277889728546143 0.282941818237305 0.286396563053131 0.285059243440628 0.283721923828125 0.282384604215622 0.281047314405441 0.279709994792938 0.278372675180435 0.277035355567932 0.272138833999634 0.266055881977081 0.259972959756851 0.253890037536621 0.247807085514069 0.241724148392677 0.235641211271286 0.230699211359024 0.229179963469505 0.227660715579987 0.226141467690468 0.224622219800949 0.22310297191143 0.221583724021912 0.220064476132393 0.218408048152924 0.21670588850975 0.215003728866577 0.213301569223404 0.211599409580231 0.209897249937057 0.208195090293884
0.220951780676842 0.224485337734222 0.228018894791603 0.231552451848984 0.235086023807526 0.238619580864906 0.242153137922287 0.244258269667625 0.245887279510498 0.247516289353371 0.249145284295082 0.250774294137955 0.252403289079666 0.2540323138237 0.255584597587585 0.25690683722496 0.258229047060013 0.259551256895065 0.260873466730118 0.26219567656517 0.263517886400223 0.264840096235275 0.262120515108109 0.258053660392761 0.253986805677414 0.249919950962067 0.245853096246719 0.241786241531372 0.237719386816025 0.23417703807354 0.23220819234848 0.230239346623421 0.228270500898361 0.226301655173302 0.224332824349403 0.222363978624344 0.220395132899284 0.218504697084427 0.216640412807465 0.214776113629341 0.212911814451218 0.211047515273094 0.209183230996132 0.207318931818008
0.21270340681076 0.21662811934948 0.22055284678936 0.224477559328079 0.22840228676796 0.23232701420784 0.236251726746559 0.235887333750725 0.234093248844147 -9999 0.230505064129829 -9999 -9999 0.225122794508934 0.224772661924362 0.22875440120697 0.232736140489578 0.236717879772186 0.240699619054794 0.244681358337402 0.24866309762001 0.252644836902618 0.252102196216583 0.250051409006119 0.248000651597977 0.245949879288673 0.24389910697937 0.241848319768906 0.239797547459602 0.237654864788055 0.235236421227455 0.232817992568016 0.230399549007416 0.227981105446815 0.225562676787376 0.223144233226776 0.220725789666176 0.218601360917091 0.216574922204018 0.214548498392105 0.212522059679031 0.210495635867119 0.208469197154045 0.206442773342133
0.204455018043518 0.208770900964737 0.213086783885956 0.217402666807175 0.221718549728394 0.226034432649612 0.230350315570831 0.227516397833824 0.222299218177795 -9999 -9999 -9999 -9999 -9999 0.193960711359978 0.200601980090141 0.207243248820305 0.213884502649307 0.220525771379471 0.227167040109634 0.233808308839798 0.240449577569962 0.242083877325058 0.242049187421799 0.242014497518539 0.241979792714119 0.24194510281086 0.2419104129076 0.241875723004341 0.241132691502571 0.238264665007591 0.23539662361145 0.23252859711647 0.229660555720329 0.226792529225349 0.223924487829208 0.221056461334229 0.218698024749756 0.216509446501732 0.214320883154869 0.212132319808006 0.209943741559982 0.20775517821312 0.205566614866257
0.196206629276276 0.200913682579994 0.205620720982552 0.21032777428627 0.215034827589989 0.219741865992546 0.224448919296265 0.219145461916924 0.210505187511444 -9999 -9999 -9999 -9999 -9999 -9999 -9999 0.18175034224987 0.191051140427589 0.200351938605309 -9999 -9999 0.228254318237305 0.232065558433533 0.234046950936317 0.236028328537941 0.238009721040726 0.23999111354351 0.241972506046295 0.243953883647919 0.244610518217087 0.241292893886566 0.237975269556046 0.234657630324364 0.231340005993843 0.228022381663322 0.224704742431641 0.22138711810112 0.218794673681259 0.216443970799446 0.214093267917633 0.21174256503582 0.209391862154007 0.207041144371033 0.20469044148922
0.189349740743637 0.194683268666267 0.200016781687737 0.205350309610367 0.210683822631836 0.216017350554466 0.221350863575935 0.214487329125404 0.203558087348938 -9999 -9999 -9999 -9999 -9999 -9999 -9999 -9999 -9999 -9999 -9999 -9999 -9999 0.217087268829346 0.220895126461983 0.22470298409462 0.228510841727257 0.232318699359894 0.236126556992531 0.239934414625168 0.242024645209312 0.238961979746819 0.235899329185486 0.232836663722992 0.229773998260498 0.226711332798004 0.223648682236671 0.220586016774178 0.218035593628883 0.215655907988548 0.213276222348213 0.210896536707878 0.208516851067543 0.206137165427208 0.203757479786873
0.183884352445602 0.190079659223557 0.196274951100349 0.202470257878304 0.208665564656258 0.214860871434212 0.221056178212166 0.213541969656944 0.2014579474926 -9999 -9999 -9999 -9999 -9999 -9999 -9999 -9999 -9999 -9999 -9999 -9999 -9999 -9999 0.202593713998795 0.208038434386253 0.213483154773712 0.218927875161171 0.22437259554863 0.229817315936089 0.233375072479248 0.23127193748951 0.229168802499771 0.227065667510033 0.224962547421455 0.222859412431717 0.220756277441978 0.218653157353401 0.216420739889145 0.214145243167877 0.211869731545448 0.209594234824181 0.207318738102913 0.205043226480484 0.202767729759216
0.178418949246407 0.185476034879684 0.192533135414124 0.199590221047401 0.206647306680679 0.213704392313957 0.220761477947235 0.212596625089645 0.1993577927351 -9999 -9999 -9999 -9999 -9999 -9999 -9999 -9999 -9999 -9999 -9999 -9999 -9999 -9999 -9999 -9999 0.198455467820168 0.205537036061287 0.212618619203568 0.219700202345848 0.224725484848022 0.223581880331039 0.222438290715218 0.221294686198235 0.220151081681252 0.21900749206543 0.217863887548447 0.216720283031464 0.214805901050568 0.212634578347206 0.210463255643845 0.208291932940483 0.206120610237122 0.20394928753376 0.201777964830399
0.172953560948372 0.180872425436974 0.188791304826736 0.196710169315338 0.20462903380394 0.212547913193703 0.220466777682304 0.211651265621185 0.1972576379776 -9999 -9999 -9999 -9999 -9999 -9999 -9999 -9999 -9999 -9999 -9999 -9999 -9999 -9999 -9999 -9999 -9999 -9999 -9999 -9999 0.216075897216797 0.21589183807373 0.215707764029503 0.215523704886436 0.215339630842209 0.215155556797981 0.214971497654915 0.214787423610687 0.213191047310829 0.211123913526535 0.20905676484108 0.206989631056786 0.204922497272491 0.202855348587036 0.200788214802742
0.167488172650337 0.176268815994263 0.185049474239349 0.193830132484436 0.202610775828362 0.211391434073448 0.220172092318535 0.210705921053886 0.1951574832201 -9999 -9999 -9999 -9999 -9999 -9999 -9999 -9999 -9999 -9999 -9999 -9999 -9999 -9999 -9999 -9999 -9999 -9999 -9999 -9999 0.207426324486732 0.20820178091526 0.208977252244949 0.209752708673477 0.210528180003166 0.211303636431694 0.212079092860222 0.212854564189911 0.211576208472252 0.209613248705864 0.207650288939476 0.205687329173088 0.2037243694067 0.201761409640312 0.199798449873924
0.162022769451141 0.171665206551552 0.181307643651962 0.190950080752373 0.200592517852783 0.210234954953194 0.219877392053604 0.209760576486588 0.193057328462601 -9999 -9999 -9999 -9999 -9999 -9999 -9999 -9999 -9999 -9999 -9999 -9999 -9999 -9999 -9999 -9999 -9999 -9999 -9999 -9999 0.198776736855507 0.200511738657951 0.202246725559235 0.203981727361679 0.205716714262962 0.207451716065407 0.20918670296669 0.210921704769135 0.209961369633675 0.208102583885193 0.206243813037872 0.204385027289391 0.202526241540909 0.200667470693588 0.198808684945107
0.157888010144234 0.167643219232559 0.177398413419724 0.187153607606888 0.196908816695213 0.206664010882378 0.216419205069542 0.206312790513039 0.189585834741592 0.172858878970146 -9999 -9999 -9999 -9999 -9999 -9999 -9999 -9999 -9999 -9999 -9999 -9999 -9999 -9999 -9999 -9999 -9999 -9999 -9999 0.190712854266167 0.193350911140442 0.195988968014717 0.198627024888992 0.201265081763268 0.203903138637543 0.206541195511818 0.209179252386093 0.208581417798996 0.206904947757721 0.205228477716446 0.203552007675171 0.201875537633896 0.200199067592621 0.198522597551346
0.155083894729614 0.164202839136124 0.173321783542633 0.182440713047981 0.191559657454491 0.200678601861 0.209797546267509 0.200362578034401 0.184742972254753 0.169123381376266 -9999 -9999 -9999 -9999 -9999 -9999 -9999 -9999 -9999 -9999 -9999 -9999 -9999 -9999 -9999 -9999 -9999 -9999 -9999 0.183234676718712 0.186719328165054 0.190203979611397 0.193688631057739 0.197173282504082 0.200657933950424 0.204142585396767 0.207627236843109 0.207436382770538 0.206020340323448 0.204604312777519 0.20318828523159 0.2017722427845 0.200356215238571 0.198940187692642
0.152279779314995 0.160762459039688 0.169245138764381 0.177727818489075 0.186210513114929 0.194693192839622 0.203175872564316 0.194412365555763 0.179900124669075 0.165387883782387 0.150875627994537 -9999 -9999 -9999 -9999 -9999 -9999 -9999 -9999 -9999 -9999 -9999 -9999 -9999 -9999 -9999 -9999 -9999 -9999 0.175756499171257 0.180087745189667 0.184418991208076 0.188750237226486 0.193081483244896 0.197412729263306 0.201743975281715 0.206075221300125 0.20629133284092 0.205135732889175 0.203980147838593 0.202824547886848 0.201668947935104 0.200513362884521 0.199357762932777
0.149475648999214 0.157322078943253 0.165168508887291 0.173014938831329 0.180861353874207 0.188707783818245 0.196554213762283 0.188462153077126 0.175057262182236 0.161652386188507 0.148247495293617 0.134842604398727 -9999 -9999 -9999 -9999 -9999 -9999 -9999 -9999 -9999 -9999 -9999 -9999 -9999 -9999 -9999 -9999 -9999 0.168278321623802 0.173456162214279 0.178634002804756 0.183811843395233 0.18898968398571 0.194167524576187 0.199345350265503 0.20452319085598 0.205146282911301 0.204251125454903 0.203355967998505 0.202460810542107 0.201565653085709 0.200670510530472 0.199775353074074
