data/working_set_collections/6091692-Cassins_Sparrow-M2/2010/echange_avg.asc
NCOLS 265 
NROWS 230 
XLLCORNER -115.5625 
YLLCORNER 24.8333333333333 
CELLSIZE 0.0833333333333333 
NODATA_value -9999 
[rows 57 to 75 of 230, columns 0 to 43 of 265]
0.213881596922874 0.215523958206177 0.217166304588318 0.21880866587162 0.220451012253761 0.222093373537064 0.223735734820366 0.21378168463707 0.199962168931961 0.186142653226852 0.172323137521744 0.158503621816635 0.144684121012688 0.130864605307579 0.122255615890026 0.129278212785721 0.136300802230835 0.143323391675949 0.150345981121063 0.157368570566177 0.164391174912453 0.171413764357567 0.177568271756172 0.183433443307877 0.18929859995842 0.195163756608963 0.201028913259506 0.206894069910049 0.212759226560593 0.218500375747681 0.223869472742081 0.229238569736481 0.234607666730881 0.239976763725281 0.245345860719681 0.250714957714081 0.256084054708481 0.24729235470295 0.233780384063721 0.220268413424492 0.206756442785263 0.193244457244873 0.179732486605644 0.166220515966415
0.213551297783852 0.216008588671684 0.218465864658356 0.220923155546188 0.223380446434021 0.225837737321854 0.228295028209686 0.219160601496696 0.20616227388382 0.193163931369781 0.180165603756905 0.167167276144028 0.154168948531151 0.141170620918274 0.132931515574455 0.138970091938972 0.145008653402328 0.151047229766846 0.157085791230202 0.163124367594719 0.169162929058075 0.175201505422592 0.180741742253304 0.186115890741348 0.191490024328232 0.196864157915115 0.20223830640316 0.207612439990044 0.212986573576927 0.218231543898582 0.223089024424553 0.227946504950523 0.232803985476494 0.237661480903625 0.242518961429596 0.247376441955566 0.252233922481537 0.242780536413193 0.228556856513023 0.214333191514015 0.200109511613846 0.185885846614838 0.171662166714668 0.157438486814499
0.213220998644829 0.216493219137192 0.219765439629555 0.223037660121918 0.226309880614281 0.229582101106644 0.232854321599007 0.224539518356323 0.212362363934517 0.200185224413872 0.188008069992065 0.17583093047142 0.163653790950775 0.151476636528969 0.143607422709465 0.148661971092224 0.153716519474983 0.158771052956581 0.16382560133934 0.168880149722099 0.173934698104858 0.178989246487617 0.183915212750435 0.18879833817482 0.193681448698044 0.198564574122429 0.203447684645653 0.208330810070038 0.213213920593262 0.217962726950645 0.222308591008186 0.226654455065727 0.231000319123268 0.235346183180809 0.23969204723835 0.244037911295891 0.248383775353432 0.238268703222275 0.223333328962326 0.208397969603539 0.19346259534359 0.178527221083641 0.163591846823692 0.148656472563744
0.216243550181389 0.220180153846741 0.224116742610931 0.228053331375122 0.231989920139313 0.235926508903503 0.239863112568855 0.23173899948597 0.219594672322273 0.207450330257416 0.195305988192558 0.183161661028862 0.171017318964005 0.158872976899147 0.150822639465332 0.155054286122322 0.159285932779312 0.163517564535141 0.167749211192131 0.171980857849121 0.176212504506111 0.18044413626194 0.1847253292799 0.189023047685623 0.193320751190186 0.197618454694748 0.20191615819931 0.206213876605034 0.210511580109596 0.214180558919907 0.215963378548622 0.217746198177338 0.219529017806053 0.221311822533607 0.223094642162323 0.224877461791039 0.226660281419754 0.215451806783676 0.199912920594215 0.184374034404755 0.168835133314133 0.153296247124672 0.13775734603405 0.122218459844589
0.222618982195854 0.22706937789917 0.231519788503647 0.235970184206963 0.24042059481144 0.244870990514755 0.249321401119232 0.240759074687958 0.227859169244766 0.214959263801575 0.202059358358383 0.189159452915192 0.176259547472 0.163359642028809 0.154577180743217 0.158147037029266 0.161716893315315 0.165286749601364 0.168856620788574 0.172426477074623 0.175996333360672 0.179566189646721 0.183172091841698 0.186790004372597 0.190407916903496 0.194025814533234 0.197643727064133 0.201261639595032 0.204879552125931 0.206885069608688 0.204053401947021 0.201221749186516 0.198390081524849 0.195558428764343 0.192726761102676 0.18989509344101 0.187063440680504 0.174329847097397 0.15829561650753 0.142261385917664 0.126227140426636 0.110192909836769 0.0941586792469025 0.0781244412064552
0.228994399309158 0.23395861685276 0.238922834396362 0.243887051939964 0.248851254582405 0.253815472126007 0.258779674768448 0.249779134988785 0.236123666167259 0.222468182444572 0.208812713623047 0.195157244801521 0.181501775979996 0.16784630715847 0.158331722021103 0.161239787936211 0.16414786875248 0.167055949568748 0.169964015483856 0.172872096300125 0.175780162215233 0.178688243031502 0.181618854403496 0.18455696105957 0.187495067715645 0.190433189272881 0.193371295928955 0.19630940258503 0.199247524142265 0.199589565396309 0.192143425345421 0.184697285294533 0.177251145243645 0.169805020093918 0.16235888004303 0.154912739992142 0.147466599941254 0.133207887411118 0.116678304970264 0.100148729979992 0.0836191549897194 0.0670895799994469 0.0505600050091743 0.0340304300189018
0.235369831323624 0.240847855806351 0.246325880289078 0.251803904771805 0.257281929254532 0.262759953737259 0.268237978219986 0.258799195289612 0.244388163089752 0.229977115988731 0.215566083788872 0.201155036687851 0.186744004487991 0.172332957386971 0.162086248397827 0.164332538843155 0.166578844189644 0.168825134634972 0.171071425080299 0.173317715525627 0.175564005970955 0.177810296416283 0.180065602064133 0.182323917746544 0.184582233428955 0.186840549111366 0.189098864793777 0.191357180476189 0.1936154961586 0.192294076085091 0.18023344874382 0.168172836303711 0.156112223863602 0.144051611423492 0.131990984082222 0.119930371642113 0.107869759202003 0.0920859128236771 0.0750610008835793 0.0580360814929008 0.0410111658275127 0.0239862501621246 0.00696133309975266 -0.0100635830312967
0.241745248436928 0.247737094759941 0.253728926181793 0.259720772504807 0.265712589025497 0.271704435348511 0.277696251869202 0.267819255590439 0.252652645111084 0.23748604953289 0.222319439053535 0.207152828574181 0.191986232995987 0.176819622516632 0.165840789675713 0.16742530465126 0.169009804725647 0.170594319701195 0.172178819775581 0.173763334751129 0.175347834825516 0.176932349801064 0.178512364625931 0.180090874433517 0.181669399142265 0.183247908949852 0.1848264336586 0.186404943466187 0.187983453273773 0.184998571872711 0.16832347214222 0.151648387312889 0.134973287582397 0.118298195302486 0.101623103022575 0.0849480107426643 0.0682729184627533 0.0509639494121075 0.0334436893463135 0.0159234330058098 -0.00159682414960116 -0.0191170815378428 -0.0366373397409916 -0.0541575960814953
0.248120680451393 0.254626333713531 0.261131972074509 0.267637610435486 0.274143248796463 0.280648916959763 0.28715455532074 0.276839345693588 0.260917156934738 0.244994983077049 0.22907280921936 0.213150635361671 0.197228461503983 0.181306272745132 0.169595330953598 0.170518055558205 0.171440780162811 0.172363504767418 0.173286229372025 0.174208953976631 0.175131678581238 0.176054403185844 0.176959112286568 0.177857831120491 0.178756549954414 0.179655268788338 0.180553987622261 0.181452706456184 0.182351425290108 0.177703082561493 0.15641351044178 0.135123938322067 0.113834358751774 0.092544786632061 0.0712552145123482 0.0499656461179256 0.0286760739982128 0.00984198320657015 -0.00817361567169428 -0.0261892154812813 -0.0442048124969006 -0.0622204132378101 -0.0802360102534294 -0.098251610994339
0.244245827198029 0.252389639616013 0.260533422231674 0.268677204847336 0.27682101726532 0.284964799880981 0.293108582496643 0.283253401517868 0.267398536205292 0.251543670892715 0.235688805580139 0.219833940267563 0.203979074954987 0.18812420964241 0.176347270607948 0.176804170012474 0.177261054515839 0.177717939019203 0.178174823522568 0.178631722927094 0.179088607430458 0.179545491933823 0.179817408323288 0.180027648806572 0.180237904191017 0.180448159575462 0.180658414959908 0.180868655443192 0.181078910827637 0.175685942173004 0.153483286499977 0.13128063082695 0.109077982604504 0.0868753269314766 0.0646726712584496 0.0424700193107128 0.0202673673629761 0.0022702410351485 -0.0143250431865454 -0.0309203285723925 -0.0475156120955944 -0.0641108974814415 -0.0807061791419983 -0.0973014682531357
0.230120703577995 0.241026982665062 0.25193327665329 0.262839555740356 0.273745834827423 0.28465211391449 0.295558393001556 0.287061452865601 0.272096782922745 0.257132112979889 0.242167428135872 0.227202743291855 0.212238058447838 0.197273388504982 0.186096623539925 0.186283633112907 0.186470627784729 0.186657622456551 0.186844632029533 0.187031626701355 0.187218636274338 0.187405630946159 0.187087222933769 0.18660032749176 0.186113446950912 0.185626566410065 0.185139670968056 0.184652790427208 0.18416590988636 0.178947165608406 0.159532830119133 0.140118479728699 0.120704144239426 0.101289808750153 0.0818754732608795 0.0624611303210258 0.0430467948317528 0.0282487235963345 0.0149894086644053 0.00173009373247623 -0.0115292211994529 -0.024788536131382 -0.0380478501319885 -0.0513071641325951
0.215995579957962 0.229664355516434 0.243333116173744 0.257001876831055 0.270670652389526 0.284339427947998 0.29800820350647 0.290869504213333 0.276795029640198 0.26272052526474 0.248646050691605 0.234571546316147 0.22049705684185 0.206422567367554 0.195845976471901 0.195763096213341 0.195680201053619 0.195597320795059 0.195514425635338 0.195431545376778 0.195348650217056 0.195265769958496 0.194357022643089 0.193173006176949 0.191988989710808 0.190804973244667 0.189620941877365 0.188436925411224 0.187252908945084 0.182208389043808 0.165582358837128 0.148956343531609 0.132330313324928 0.115704290568829 0.0990782678127289 0.0824522450566292 0.0658262223005295 0.0542272068560123 0.0443038605153561 0.0343805141746998 0.0244571715593338 0.0145338261500001 0.00461048074066639 -0.00531286420300603
0.201870456337929 0.218301713466644 0.23473297059536 0.251164227724075 0.26759546995163 0.284026741981506 0.300457984209061 0.294677585363388 0.281493276357651 0.268308967351913 0.255124658346176 0.2419403642416 0.228756055235863 0.215571761131287 0.205595329403877 0.205242559313774 0.204889789223671 0.204537004232407 0.204184234142303 0.203831449151039 0.203478679060936 0.203125908970833 0.201626837253571 0.199745684862137 0.197864532470703 0.195983365178108 0.194102212786674 0.192221060395241 0.190339908003807 0.18546961247921 0.171631902456284 0.157794192433357 0.143956482410431 0.130118772387505 0.116281062364578 0.102443352341652 0.0886056497693062 0.0802056863903999 0.0736183151602745 0.0670309364795685 0.0604435615241528 0.053856186568737 0.0472688116133213 0.0406814366579056
0.187745332717896 0.206939086318016 0.226132825016975 0.245326563715935 0.264520317316055 0.283714056015015 0.302907794713974 0.298485636711121 0.286191523075104 0.273897409439087 0.26160329580307 0.249309167265892 0.237015053629875 0.224720939993858 0.215344682335854 0.214722022414207 0.214099362492561 0.213476702570915 0.212854027748108 0.212231367826462 0.211608707904816 0.210986033082008 0.208896651864052 0.206318363547325 0.203740075230598 0.201161772012711 0.198583483695984 0.196005195379257 0.193426892161369 0.188730835914612 0.177681431174278 0.166632041335106 0.155582651495934 0.144533261656761 0.133483856916428 0.122434467077255 0.111385069787502 0.106184169650078 0.102932766079903 0.0996813625097275 0.0964299514889717 0.0931785479187965 0.0899271443486214 0.0866757407784462
0.173620209097862 0.195576444268227 0.217532679438591 0.239488899707794 0.261445134878159 0.283401370048523 0.305357575416565 0.302293688058853 0.290889769792557 0.27948585152626 0.268081903457642 0.256677985191345 0.245274052023888 0.233870133757591 0.22509403526783 0.224201485514641 0.223308935761452 0.222416386008263 0.221523836255074 0.220631286501884 0.219738721847534 0.218846172094345 0.216166466474533 0.212891042232513 0.209615603089333 0.206340178847313 0.203064754605293 0.199789330363274 0.196513891220093 0.191992059350014 0.183730974793434 0.175469890236855 0.167208820581436 0.158947736024857 0.150686651468277 0.142425581812859 0.134164497256279 0.132162645459175 0.132247224450111 0.132331788539886 0.132416352629662 0.132500916719437 0.132585480809212 0.132670044898987
0.16318790614605 0.185257762670517 0.207327619194984 0.229397475719452 0.251467347145081 0.273537218570709 0.295607060194016 0.291715860366821 0.279170989990234 0.266626089811325 0.254081219434738 0.24153633415699 0.228991463780403 0.216446578502655 0.207013592123985 0.206916347146034 0.206819087266922 0.20672182738781 0.206624567508698 0.206527307629585 0.206430047750473 0.206332802772522 0.203224435448647 0.199112385511398 0.195000320672989 0.190888270735741 0.186776205897331 0.182664155960083 0.178552091121674 0.174309849739075 0.169677048921585 0.165044248104095 0.160411432385445 0.155778631567955 0.151145815849304 0.146513015031815 0.141880214214325 0.143441766500473 0.147068098187447 0.150694444775581 0.154320776462555 0.15794712305069 0.161573454737663 0.165199801325798
0.156448394060135 0.175983026623726 0.195517674088478 0.215052306652069 0.234586954116821 0.254121601581573 0.273656219244003 0.266752153635025 0.251035183668137 0.235318198800087 0.219601213932037 0.203884243965149 0.188167259097099 0.172450289130211 0.16110335290432 0.162866577506065 0.164629802107811 0.166393026709557 0.168156251311302 0.169919461011887 0.171682685613632 0.173445910215378 0.170070573687553 0.164982408285141 0.159894227981567 0.154806047677994 0.14971786737442 0.144629687070847 0.139541506767273 0.135684236884117 0.135519653558731 0.135355085134506 0.13519050180912 0.135025933384895 0.134861350059509 0.134696781635284 0.134532198309898 0.140021502971649 0.147395417094231 0.154769346117973 0.162143260240555 0.169517174363136 0.176891103386879 0.18426501750946
0.14970888197422 0.166708305478096 0.183707714080811 0.200707137584686 0.217706561088562 0.234705969691277 0.251705378293991 0.241788446903229 0.222899362444878 0.204010292887688 0.185121223330498 0.166232153773308 0.147343069314957 0.128453999757767 0.115193121135235 0.118816822767258 0.1224405169487 0.126064226031303 0.129687920212746 0.133311614394188 0.136935323476791 0.140559017658234 0.136916726827621 0.130852416157722 0.124788120388985 0.118723817169666 0.112659513950348 0.10659521818161 0.100530914962292 0.0970586016774178 0.101362258195877 0.105665914714336 0.109969571232796 0.114273227751255 0.118576884269714 0.122880540788174 0.127184197306633 0.136601239442825 0.147722736001015 0.158844232559204 0.169965744018555 0.181087240576744 0.192208737134933 0.203330233693123
0.142969369888306 0.157433569431305 0.171897768974304 0.186361968517303 0.200826153159142 0.215290352702141 0.22975455224514 0.216824725270271 0.19476355612278 0.172702386975288 0.150641217827797 0.128580048680305 0.106518879532814 0.0844577103853226 0.0692828819155693 0.0747670605778694 0.0802512392401695 0.0857354179024696 0.0912195965647697 0.0967037752270699 0.10218795388937 0.10767213255167 0.103762857615948 0.0967224389314651 0.089682012796402 0.0826415941119194 0.0756011679768562 0.0685607492923737 0.0615203268826008 0.0584329813718796 0.0672048702836037 0.0759767591953278 0.0847486406564713 0.0935205295681953 0.102292418479919 0.111064307391644 0.119836188852787 0.133180975914001 0.148050054907799 0.162919133901596 0.177788212895393 0.192657291889191 0.207526385784149 0.222395464777946
