data/working_set_collections/6091692-Cassins_Sparrow-M2/2010/echange_avg.asc
NCOLS 265 
NROWS 230 
XLLCORNER -115.5625 
YLLCORNER 24.8333333333333 
CELLSIZE 0.0833333333333333 
NODATA_value -9999 
[rows 171 to 189 of 230, columns 44 to 87 of 265]
-0.0376167334616184 -0.0220536328852177 -0.00649053510278463 0.00907256361097097 0.024635661393404 0.0401987619698048 0.0557618588209152 0.071324959397316 0.0760828033089638 0.0772388949990273 0.0783949866890907 0.0795510858297348 0.0807071775197983 0.0818632692098618 0.0830193608999252 0.0868794769048691 0.098851665854454 0.110823847353458 0.122796036303043 0.134768217802048 0.146740406751633 0.158712595701218 0.170684769749641 0.186887741088867 0.204500958323479 0.22211417555809 0.239727407693863 0.257340610027313 0.274953842163086 0.292567074298859 0.300875455141068 0.281269282102585 0.261663138866425 0.242056965827942 0.22245080769062 0.202844649553299 0.183238491415977 0.163632333278656 0.150944069027901 0.140561774373055 0.130179479718208 0.119797177612782 0.109414882957935 0.0990325883030891
-0.0438361279666424 -0.0260925199836493 -0.00834891200065613 0.009394695982337 0.0271383039653301 0.0448819100856781 0.0626255199313164 0.0803691297769547 0.085994727909565 0.0875809863209724 0.0891672521829605 0.090753510594368 0.0923397690057755 0.0939260348677635 0.095512293279171 0.0998288094997406 0.112336084246635 0.12484335899353 0.137350633740425 0.14985790848732 0.162365183234215 0.17487245798111 0.187379732728004 0.203573420643806 0.220995917916298 0.238418415188789 0.25584089756012 0.273263394832611 0.290685892105103 0.308108389377594 0.316560566425323 0.29810181260109 0.279643028974533 0.261184275150299 0.242725491523743 0.224266722798347 0.205807939171791 0.187349170446396 0.171548932790756 0.156634852290154 0.141720786690712 0.126806706190109 0.111892640590668 0.0969785675406456
-0.0500555224716663 -0.0301314052194357 -0.0102072888985276 0.00971682835370302 0.0296409465372562 0.0495650619268417 0.0694891810417175 0.0894133001565933 0.0959066525101662 0.0979230776429176 0.0999395102262497 0.101955935359001 0.103972367942333 0.105988793075085 0.108005225658417 0.112778142094612 0.125820502638817 0.138862863183022 0.151905223727226 0.164947599172592 0.177989959716797 0.191032320261002 0.204074680805206 0.220259100198746 0.237490877509117 0.254722654819489 0.271954417228699 0.289186179637909 0.306417971849442 0.323649734258652 0.332245707511902 0.314934313297272 0.297622948884964 0.280311554670334 0.263000160455704 0.245688781142235 0.228377386927605 0.211066007614136 0.192153781652451 0.172707930207253 0.153262093663216 0.133816242218018 0.1143703982234 0.0949245542287827
-0.0524039976298809 -0.0306299515068531 -0.0088559053838253 0.0129181416705251 0.0346921868622303 0.0564662367105484 0.0782402828335762 0.100014328956604 0.107004150748253 0.109065905213356 0.111127652227879 0.113189406692982 0.115251153707504 0.117312908172607 0.11937465518713 0.124150641262531 0.137069314718246 0.149987980723381 0.162906661629677 0.175825327634811 0.188744008541107 0.201662674546242 0.214581355452538 0.230384051799774 0.247148096561432 0.26391214132309 0.280676186084747 0.297440230846405 0.31420424580574 0.330968290567398 0.339542031288147 0.323544859886169 0.30754765868187 0.29155045747757 0.275553286075592 0.259556084871292 0.243558913469315 0.227561727166176 0.207529515028 0.186152309179306 0.164775103330612 0.143397897481918 0.122020684182644 0.100643470883369
-0.0508815534412861 -0.0275881569832563 -0.00429476052522659 0.0189986359328032 0.0422920323908329 0.0655854269862175 0.0888788253068924 0.112172223627567 0.119287237524986 0.121009461581707 0.122731685638428 0.124453917145729 0.126176133751869 0.127898365259171 0.129620596766472 0.133946314454079 0.146082505583763 0.158218711614609 0.170354917645454 0.1824911236763 0.194627329707146 0.20676352083683 0.218899726867676 0.233948260545731 0.249967560172081 0.265986889600754 0.282006174325943 0.298025488853455 0.314044803380966 0.330064117908478 0.338449537754059 0.323933362960815 0.309417188167572 0.294901013374329 0.280384838581085 0.265868663787842 0.251352488994598 0.236836314201355 0.217676147818565 0.196967989206314 0.176259815692902 0.15555165708065 0.134843483567238 0.114135324954987
-0.0493591092526913 -0.0245463624596596 0.000266383693087846 0.0250791292637587 0.0498918741941452 0.0747046172618866 0.0995173677802086 0.12433011084795 0.13157032430172 0.132953017950058 0.134335726499557 0.135718420147896 0.137101128697395 0.138483822345734 0.139866515994072 0.143741980195045 0.155095711350441 0.166449442505836 0.177803173661232 0.189156904816628 0.200510635972023 0.211864367127419 0.223218113183975 0.237512469291687 0.252787053585052 0.268061608076096 0.283336192369461 0.298610776662827 0.31388533115387 0.329159915447235 0.337357044219971 0.324321895837784 0.311286717653275 0.298251569271088 0.285216391086578 0.272181242704391 0.259146064519882 0.246110916137695 0.227822780609131 0.207783654332161 0.187744542956352 0.167705416679382 0.147666290402412 0.127627164125443
-0.0478366613388062 -0.0215045679360628 0.00482752779498696 0.0311596225947142 0.0574917197227478 0.0838238149881363 0.110155910253525 0.136488005518913 0.143853411078453 0.14489658176899 0.145939752459526 0.146982938051224 0.14802610874176 0.149069279432297 0.150112450122833 0.153537645936012 0.164108917117119 0.174680173397064 0.185251444578171 0.195822700858116 0.206393957138062 0.216965228319168 0.227536484599113 0.241076678037643 0.255606532096863 0.27013635635376 0.284666210412979 0.299196034669876 0.313725888729095 0.328255712985992 0.336264580488205 0.324710428714752 0.313156276941299 0.301602125167847 0.290047973394394 0.278493821620941 0.266939669847488 0.255385518074036 0.237969413399696 0.218599334359169 0.199229255318642 0.179859176278114 0.160489097237587 0.14111901819706
-0.0463142171502113 -0.0184627715498209 0.00938867218792439 0.0372401177883148 0.0650915578007698 0.0929430052638054 0.120794452726841 0.148645892739296 0.156136497855186 0.156840145587921 0.157543793320656 0.15824744105339 0.158951088786125 0.15965473651886 0.160358384251595 0.16333332657814 0.173122107982635 0.182910904288292 0.192699700593948 0.202488481998444 0.2122772783041 0.222066074609756 0.231854870915413 0.2446408867836 0.258426010608673 0.272211104631424 0.285996198654175 0.299781322479248 0.313566416501999 0.327351540327072 0.335172086954117 0.325098931789398 0.315025806427002 0.304952651262283 0.294879525899887 0.284806370735168 0.274733245372772 0.264660090208054 0.248116046190262 0.229415014386177 0.210713967680931 0.192012935876846 0.173311904072762 0.154610872268677
-0.0447917729616165 -0.0154209779575467 0.0139498161152005 0.0433206111192703 0.0726914033293724 0.102062195539474 0.131432995200157 0.160803779959679 0.16841958463192 0.168783694505692 0.169147819280624 0.169511944055557 0.16987606883049 0.170240193605423 0.170604318380356 0.173128992319107 0.182135313749313 0.19114163517952 0.200147956609726 0.209154278039932 0.218160599470139 0.227166920900345 0.236173242330551 0.248205110430717 0.261245489120483 0.274285852909088 0.287326216697693 0.300366580486298 0.313406974077225 0.326447337865829 0.334079593420029 0.325487464666367 0.316895335912704 0.308303207159042 0.29971107840538 0.291118949651718 0.282526820898056 0.273934692144394 0.258262664079666 0.240230679512024 0.222198694944382 0.204166695475578 0.186134710907936 0.168102726340294
-0.047733161598444 -0.0179072730243206 0.0119186146184802 0.0417445003986359 0.0715703889727592 0.101396277546883 0.131222158670425 0.161048054695129 0.168934911489487 0.169508770108223 0.170082628726959 0.170656472444534 0.171230331063271 0.171804189682007 0.172378048300743 0.17524328827858 0.18498270213604 0.1947221159935 0.204461544752121 0.214200958609581 0.223940372467041 0.233679786324501 0.243419200181961 0.254574835300446 0.266202539205551 0.277830272912979 0.289457976818085 0.30108568072319 0.312713384628296 0.324341088533401 0.330878794193268 0.322146505117416 0.313414186239243 0.304681897163391 0.295949578285217 0.287217289209366 0.278484970331192 0.269752681255341 0.254956692457199 0.238139480352402 0.221322283148766 0.204505071043968 0.187687873840332 0.170870661735535
-0.0551383830606937 -0.0259216595441103 0.00329506536945701 0.0325117893517017 0.0617285147309303 0.0909452363848686 0.120161958038807 0.149378687143326 0.157682493329048 0.159015342593193 0.160348191857338 0.161681026220322 0.163013875484467 0.164346724748611 0.165679559111595 0.169676214456558 0.181664288043976 0.193652361631393 0.205640435218811 0.21762852370739 0.229616597294807 0.241604670882225 0.253592729568481 0.263750106096268 0.273297220468521 0.282844334840775 0.292391449213028 0.301938593387604 0.311485707759857 0.321032822132111 0.325569748878479 0.315076053142548 0.304582387208939 0.29408872127533 0.283595025539398 0.273101359605789 0.26260769367218 0.252113997936249 0.238198086619377 0.223141402006149 0.208084732294083 0.193028062582016 0.177971377968788 0.162914708256721
-0.0625436082482338 -0.0339360460639 -0.00532848387956619 0.0232790764421225 0.0518866367638111 0.0804941952228546 0.109101757407188 0.137709319591522 0.146430090069771 0.148521915078163 0.150613754987717 0.152705579996109 0.154797419905663 0.156889244914055 0.158981084823608 0.164109140634537 0.178345873951912 0.192582607269287 0.206819340586662 0.221056073904037 0.235292807221413 0.249529555439949 0.263766288757324 0.27292537689209 0.280391901731491 0.287858426570892 0.295324951410294 0.302791476249695 0.310258001089096 0.317724525928497 0.320260673761368 0.308005630970001 0.295750588178635 0.283495545387268 0.271240472793579 0.258985430002213 0.246730387210846 0.234475344419479 0.221439480781555 0.208143338561058 0.194847196340561 0.181551039218903 0.168254896998405 0.154958754777908
-0.0699488297104836 -0.0419504307210445 -0.0139520326629281 0.0140463644638658 0.0420447625219822 0.0700431615114212 0.0980415567755699 0.126039952039719 0.135177671909332 0.138028487563133 0.140879318118095 0.143730133771896 0.146580949425697 0.14943177998066 0.15228259563446 0.158542066812515 0.175027459859848 0.191512852907181 0.207998245954514 0.224483639001846 0.240969032049179 0.257454425096512 0.273939818143845 0.28210061788559 0.287486553192139 0.292872488498688 0.298258453607559 0.303644388914108 0.309030324220657 0.314416259527206 0.314951598644257 0.300935178995132 0.286918759346008 0.272902339696884 0.258885949850082 0.244869515299797 0.230853110551834 0.21683669090271 0.204680874943733 0.193145260214806 0.181609645485878 0.17007403075695 0.158538416028023 0.147002801299095
-9999 -0.0499648153781891 -0.02257558144629 0.00481365248560905 0.0322028882801533 0.0595921203494072 0.0869813561439514 0.114370591938496 0.123925253748894 0.127535060048103 0.131144881248474 0.134754687547684 0.138364493846893 0.141974315047264 0.145584121346474 0.152974992990494 0.171709045767784 0.190443098545074 0.209177151322365 0.227911204099655 0.246645256876945 0.265379309654236 0.284113377332687 0.291275888681412 0.294581234455109 0.297886580228806 0.301191926002502 0.304497271776199 0.307802617549896 0.311107963323593 0.309642523527145 0.293864756822586 0.278086960315704 0.262309163808823 0.246531382203102 0.230753600597382 0.214975818991661 0.199198022484779 0.187922269105911 0.178147181868553 0.168372094631195 0.158597007393837 0.14882193505764 0.139046847820282
-9999 -9999 -0.0311991311609745 -0.00441905995830894 0.0223610103130341 0.0491410829126835 0.0759211555123329 0.102701224386692 0.112672843039036 0.117041639983654 0.121410436928272 0.125779241323471 0.130148038268089 0.134516835212708 0.138885632157326 0.147407919168472 0.16839063167572 0.189373344182968 0.210356056690216 0.231338769197464 0.252321481704712 0.27330419421196 0.294286906719208 0.300451159477234 0.301675915718079 0.302900671958923 0.304125428199768 0.305350184440613 0.306574940681458 0.307799696922302 0.304333478212357 0.286794304847717 0.2692551612854 0.251715987920761 0.234176844358444 0.216637685894966 0.199098527431488 0.18155936896801 0.171163663268089 0.163149103522301 0.155134558677673 0.147119998931885 0.139105439186096 0.131090894341469
-9999 -9999 -9999 -0.00572536326944828 0.0194684043526649 0.0446621738374233 0.0698559433221817 0.0950497090816498 0.105329357087612 0.110637627542019 0.115945897996426 0.121254175901413 0.12656244635582 0.131870716810226 0.137178987264633 0.146453455090523 0.167626485228539 0.188799515366554 0.20997254550457 0.231145575642586 0.252318620681763 0.273491650819778 0.294664680957794 0.30121648311615 0.302894562482834 0.304572612047195 0.306250691413879 0.307928740978241 0.309606820344925 0.311284869909286 0.308135360479355 0.290503144264221 0.272870898246765 0.255238652229309 0.237606406211853 0.219974160194397 0.202341929078102 0.184709683060646 0.173486933112144 0.164400681853294 0.155314430594444 0.146228179335594 0.137141913175583 0.128055661916733
-9999 -9999 -9999 -9999 -9999 0.0461553931236267 0.0687857195734978 0.0914160385727882 0.101894795894623 0.108323030173779 0.114751257002354 0.121179491281509 0.127607718110085 0.13403594493866 0.140464186668396 0.150111615657806 0.1694166213274 0.188721626996994 0.208026632666588 0.227331638336182 0.246636658906937 0.265941649675369 0.285246670246124 0.293571889400482 0.298237174749374 0.302902430295944 0.307567715644836 0.312233000993729 0.316898286342621 0.321563541889191 0.321048259735107 0.304991215467453 0.288934171199799 0.272877126932144 0.25682008266449 0.240763053297997 0.224706023931503 0.208648979663849 0.194892078638077 0.181901901960373 0.168911725282669 0.155921533703804 0.1429313570261 0.129941180348396
-9999 -9999 -9999 -9999 -9999 -9999 0.0677154958248138 0.0877823755145073 0.0984602347016335 0.106008425354958 0.113556616008282 0.121104806661606 0.128652989864349 0.136201187968254 0.143749371170998 0.153769761323929 0.171206757426262 0.188643738627434 0.206080719828606 0.223517715930939 0.240954697132111 0.258391678333282 0.275828659534454 0.285927295684814 0.293579787015915 0.301232278347015 0.308884769678116 0.316537261009216 0.324189722537994 0.331842213869095 0.333961129188538 0.319479286670685 0.304997473955154 0.290515631437302 0.276033788919449 0.261551946401596 0.247070103883743 0.232588276267052 0.216297224164009 0.199403122067451 0.182509019970894 0.165614902973175 0.148720800876617 0.131826683878899
-9999 -9999 -9999 -9999 -9999 -9999 -9999 0.0841487050056458 0.0950256809592247 0.103693827986717 0.11236197501421 0.121030122041702 0.129698276519775 0.138366416096687 0.14703457057476 0.157427921891212 0.172996878623962 0.188565850257874 0.204134806990623 0.219703778624535 0.235272735357285 0.250841706991196 0.266410678625107 0.278282672166824 0.288922399282455 0.299562096595764 0.310201793909073 0.320841491222382 0.33148118853569 0.342120885848999 0.34687402844429 0.333967387676239 0.321060746908188 0.308154106140137 0.295247465372086 0.282340824604034 0.269434213638306 0.256527572870255 0.237702384591103 0.21690434217453 0.196106299757957 0.175308272242546 0.154510229825974 0.133712187409401
