data/working_set_collections/6091692-Cassins_Sparrow-M2/2010/echange_avg.asc
NCOLS 265 
NROWS 230 
XLLCORNER -115.5625 
YLLCORNER 24.8333333333333 
CELLSIZE 0.0833333333333333 
NODATA_value -9999 
[rows 95 to 113 of 230, columns 44 to 87 of 265]
0.0873106420040131 0.0853677913546562 0.0834249407052994 0.0814820975065231 0.0795392468571663 0.0775963962078094 0.0756535455584526 0.0737106949090958 0.0714513659477234 0.0690865367650986 0.0667217150330544 0.0643568858504295 0.061992060393095 0.0596272349357605 0.057262409478426 0.0601907894015312 0.0789987817406654 0.0978067815303802 0.116614773869514 0.135422766208649 0.154230773448944 0.173038765788078 0.191846758127213 0.188431665301323 0.177608862519264 0.166786059737206 0.155963271856308 0.145140469074249 0.134317681193352 0.123494878411293 0.115908205509186 0.118029914796352 0.120151616632938 0.122273318469524 0.124395027756691 0.126516729593277 0.128638431429863 0.130760133266449 0.133871152997017 0.137311920523643 0.140752702951431 0.144193470478058 0.147634252905846 0.151075035333633
0.0761774629354477 0.0760981813073158 0.076018899679184 0.0759396106004715 0.0758603289723396 0.0757810398936272 0.0757017582654953 0.0756224766373634 0.074623741209507 0.0733185261487961 0.0720133110880852 0.0707080960273743 0.0694028735160828 0.0680976584553719 0.066792443394661 0.0701447576284409 0.087469644844532 0.104794539511204 0.122119434177876 0.139444321393967 0.156769216060638 0.17409411072731 0.191419005393982 0.186670333147049 0.174563780426979 0.16245724260807 0.150350704789162 0.138244166970253 0.126137629151344 0.114031083881855 0.105277739465237 0.10658398270607 0.107890233397484 0.109196484088898 0.110502727329731 0.111808978021145 0.113115221261978 0.114421471953392 0.117708116769791 0.121654890477657 0.125601664185524 0.129548445343971 0.133495226502419 0.137441992759705
0.0660896226763725 0.0674643963575363 0.0688391700387001 0.0702139362692833 0.0715887099504471 0.0729634761810303 0.0743382498621941 0.0757130235433578 0.0763096213340759 0.0766468346118927 0.0769840478897095 0.0773212686181068 0.0776584818959236 0.0779956951737404 0.0783329084515572 0.0824174880981445 0.0977441668510437 0.113070845603943 0.128397524356842 0.143724203109741 0.15905088186264 0.17437756061554 0.189704239368439 0.185259893536568 0.174225196242332 0.163190498948097 0.152155786752701 0.141121089458466 0.13008639216423 0.119051694869995 0.111047513782978 0.112134858965874 0.113222204148769 0.114309556782246 0.115396901965141 0.116484247148037 0.117571599781513 0.118658944964409 0.12104918807745 0.123873725533485 0.126698270440102 0.129522800445557 0.132347345352173 0.135171890258789
0.0560017861425877 0.0588306114077568 0.061659436672926 0.0644882619380951 0.0673170909285545 0.0701459124684334 0.0729747414588928 0.0758035629987717 0.0779955089092255 0.0799751505255699 0.0819547921419144 0.0839344412088394 0.0859140828251839 0.0878937244415283 0.0898733660578728 0.0946902185678482 0.108018681406975 0.121347151696682 0.134675621986389 0.148004084825516 0.161332547664642 0.174661010503769 0.187989473342896 0.183849453926086 0.173886597156525 0.163923740386963 0.153960883617401 0.143998026847839 0.134035170078278 0.124072313308716 0.116817280650139 0.117685727775097 0.118554174900055 0.119422629475594 0.120291076600552 0.12115952372551 0.122027970850468 0.122896417975426 0.124390259385109 0.126092568039894 0.127794861793518 0.129497170448303 0.131199479103088 0.132901772856712
0.0459139458835125 0.0501968264579773 0.0544797070324421 0.0587625876069069 0.063045471906662 0.0673283487558365 0.0716112330555916 0.0758941099047661 0.0796813890337944 0.0833034589886665 0.0869255363941193 0.090547613799572 0.0941696837544441 0.0977917611598969 0.101413831114769 0.106962949037552 0.118293203413486 0.129623457789421 0.140953704714775 0.152283951640129 0.163614213466644 0.174944460391998 0.186274707317352 0.182439014315605 0.173547998070717 0.164656981825829 0.15576596558094 0.146874964237213 0.137983947992325 0.129092931747437 0.12258705496788 0.123236604034901 0.123886153101921 0.124535702168941 0.125185251235962 0.125834792852402 0.126484334468842 0.127133890986443 0.127731323242188 0.128311395645142 0.128891468048096 0.129471525549889 0.130051597952843 0.130631670355797
0.0358261056244373 0.0415630415081978 0.0472999773919582 0.0530369132757187 0.0587738491594791 0.0645107850432396 0.0702477246522903 0.0759846568107605 0.0813672691583633 0.0866317749023438 0.0918962806463242 0.0971607863903046 0.102425284683704 0.107689790427685 0.112954296171665 0.119235679507256 0.128567725419998 0.13789975643158 0.147231787443161 0.156563833355904 0.165895864367485 0.175227910280228 0.184559941291809 0.181028574705124 0.173209398984909 0.165390238165855 0.157571062445641 0.149751886725426 0.141932711005211 0.134113550186157 0.128356829285622 0.128787472844124 0.129218116402626 0.129648774862289 0.130079418420792 0.130510061979294 0.130940720438957 0.131371363997459 0.131072402000427 0.130530223250389 0.129988059401512 0.129445895552635 0.128903731703758 0.128361567854881
0.0257382653653622 0.0329292565584183 0.0401202477514744 0.0473112389445305 0.0545022301375866 0.0616932213306427 0.0688842087984085 0.0760752037167549 0.0830531492829323 0.0899600833654404 0.0968670174479485 0.103773951530457 0.110680893063545 0.117587827146053 0.124494761228561 0.131508409976959 0.138842239975929 0.146176055073738 0.153509885072708 0.160843700170517 0.168177530169487 0.175511360168457 0.182845175266266 0.179618135094643 0.172870799899101 0.166123479604721 0.15937614440918 0.1526288241148 0.145881488919258 0.139134153723717 0.134126603603363 0.134338349103928 0.134550094604492 0.134761840105057 0.134973585605621 0.135185331106186 0.135397091507912 0.135608837008476 0.134413465857506 0.132749065756798 0.13108466565609 0.129420265555382 0.127755850553513 0.126091450452805
0.0250761229544878 0.0316013433039188 0.038126565515995 0.0446517877280712 0.0511770099401474 0.0577022321522236 0.0642274543642998 0.0707526728510857 0.0788483396172523 0.0874674916267395 0.0960866361856461 0.104705788195133 0.11332493275404 0.121944084763527 0.130563229322433 0.138418763875961 0.143983483314514 0.149548187851906 0.155112907290459 0.16067761182785 0.166242331266403 0.171807035803795 0.177371755242348 0.174910679459572 0.169774323701859 0.164637982845306 0.159501641988754 0.154365286231041 0.149228945374489 0.144092604517937 0.140279829502106 0.140437766909599 0.140595689415932 0.140753626823425 0.140911564230919 0.141069501638412 0.141227424144745 0.141385361552238 0.139609023928642 0.137187942862511 0.134766846895218 0.132345750927925 0.129924669861794 0.127503573894501
0.0338396728038788 0.0375793017446995 0.0413189306855202 0.0450585596263409 0.0487981885671616 0.052537813782692 0.0562774427235126 0.0600170716643333 0.0687528401613235 0.07915398478508 0.0895551294088364 0.0999562740325928 0.11035742610693 0.120758570730686 0.131159707903862 0.139966756105423 0.143991455435753 0.148016154766083 0.152040854096413 0.156065568327904 0.160090267658234 0.164114966988564 0.168139681220055 0.16690619289875 0.163919970393181 0.160933747887611 0.157947525382042 0.154961302876472 0.151975095272064 0.148988872766495 0.14681650698185 0.147085711359978 0.147354915738106 0.147624120116234 0.147893324494362 0.14816252887249 0.148431733250618 0.148700937628746 0.146659076213837 0.143846854567528 0.141034618020058 0.138222396373749 0.135410159826279 0.13259793817997
0.0426032282412052 0.0435572601854801 0.0445112958550453 0.0454653315246105 0.0464193634688854 0.0473733991384506 0.0483274348080158 0.049281470477581 0.0586573369801044 0.0708404779434204 0.0830236226320267 0.0952067673206329 0.107389912009239 0.119573056697845 0.131756201386452 0.141514733433723 0.143999427556992 0.14648412168026 0.148968815803528 0.151453509926796 0.153938204050064 0.156422898173332 0.1589075922966 0.158901706337929 0.158065602183342 0.157229512929916 0.156393423676491 0.155557319521904 0.154721230268478 0.153885141015053 0.153353184461594 0.153733670711517 0.15411414206028 0.154494613409042 0.154875099658966 0.155255571007729 0.155636057257652 0.156016528606415 0.153709128499031 0.150505766272545 0.147302389144897 0.144099026918411 0.140895664691925 0.137692302465439
0.0513667799532413 0.0495352186262608 0.0477036610245705 0.0458721034228802 0.0440405420958996 0.0422089844942093 0.040377426892519 0.0385458655655384 0.0485618337988853 0.0625269711017609 0.076492115855217 0.0904572531580925 0.104422397911549 0.118387535214424 0.13235267996788 0.143062710762024 0.14400739967823 0.144952088594437 0.145896777510643 0.146841451525688 0.147786140441895 0.148730829358101 0.149675518274307 0.150897219777107 0.152211248874664 0.153525277972221 0.154839307069778 0.156153336167336 0.157467380166054 0.158781409263611 0.159889861941338 0.160381615161896 0.160873368382454 0.161365121603012 0.161856859922409 0.162348613142967 0.162840366363525 0.163332104682922 0.160759165883064 0.157164663076401 0.153570175170898 0.149975672364235 0.146381169557571 0.142786666750908
0.0601303316652775 0.0555131770670414 0.0508960261940956 0.0462788753211498 0.0416617207229137 0.037044569849968 0.0324274152517319 0.0278102643787861 0.0384663306176662 0.0542134679853916 0.0699606090784073 0.0857077464461327 0.101454883813858 0.117202021181583 0.132949158549309 0.144610688090324 0.144015371799469 0.143420040607452 0.142824724316597 0.142229408025742 0.141634076833725 0.14103876054287 0.140443444252014 0.142892733216286 0.146356880664825 0.149821043014526 0.153285205364227 0.156749352812767 0.160213515162468 0.163677677512169 0.166426554322243 0.167029574513435 0.167632594704628 0.168235614895821 0.168838635087013 0.169441655278206 0.170044675469398 0.170647695660591 0.167809218168259 0.163823574781418 0.159837946295738 0.155852302908897 0.151866659522057 0.147881016135216
0.0688938871026039 0.0614911392331123 0.0540883913636208 0.0466856434941292 0.0392828993499279 0.0318801514804363 0.024477407336235 0.0170746613293886 0.0283708274364471 0.0458999648690224 0.0634291023015976 0.0809582397341728 0.0984873697161674 0.116016507148743 0.133545652031898 0.146158665418625 0.144023343920708 0.141888007521629 0.139752686023712 0.137617349624634 0.135482028126717 0.133346691727638 0.131211370229721 0.134888246655464 0.140502527356148 0.146116808056831 0.151731088757515 0.157345369458199 0.162959665060043 0.168573945760727 0.172963231801987 0.173677518963814 0.174391806125641 0.175106108188629 0.175820395350456 0.176534697413445 0.177248984575272 0.177963271737099 0.174859270453453 0.170482486486435 0.166105717420578 0.16172893345356 0.157352164387703 0.152975380420685
0.0882426127791405 0.0766048580408096 0.0649671033024788 0.053329348564148 0.0416915901005268 0.030053835362196 0.01841607876122 0.00677832309156656 0.0174996294081211 0.0356739535927773 0.0538482815027237 0.0720226094126701 0.090196929872036 0.108371257781982 0.126545578241348 0.13958765566349 0.137232974171638 0.134878277778625 0.132523596286774 0.130168899893761 0.127814218401909 0.125459522008896 0.123104840517044 0.127656430006027 0.134510099887848 0.141363769769669 0.148217439651489 0.15507110953331 0.161924794316292 0.168778464198112 0.174134939908981 0.174999818205833 0.175864696502686 0.176729559898376 0.177594438195229 0.178459316492081 0.179324194788933 0.180189073085785 0.177041828632355 0.172557190060616 0.168072566390038 0.16358794271946 0.15910330414772 0.154618680477142
0.118176527321339 0.100854344666004 0.0835321620106697 0.0662099793553352 0.0488877967000008 0.0315656140446663 0.014243433251977 -0.00307874893769622 0.00585273653268814 0.023535443469882 0.0412181504070759 0.0589008592069149 0.0765835642814636 0.0942662730813026 0.111948981881142 0.124897666275501 0.123644262552261 0.122390866279602 0.121137470006943 0.119884066283703 0.118630670011044 0.117377273738384 0.116123870015144 0.121197268366814 0.128379598259926 0.135561928153038 0.142744243144989 0.149926573038101 0.157108902931213 0.164291232824326 0.169941663742065 0.170996442437172 0.172051221132278 0.173105999827385 0.17416076362133 0.175215542316437 0.176270321011543 0.177325084805489 0.174356892704964 0.17004768550396 0.165738493204117 0.161429300904274 0.157120108604431 0.152810916304588
0.148110434412956 0.125103831291199 0.102097220718861 0.0790906101465225 0.0560840032994747 0.0330773927271366 0.0100707868114114 -0.012935820966959 -0.00579415634274483 0.0113969324156642 0.0285880211740732 0.04577911272645 0.0629701986908913 0.0801612883806229 0.0973523780703545 0.110207669436932 0.110055558383465 0.109903447329998 0.109751343727112 0.109599232673645 0.109447121620178 0.109295010566711 0.109142906963825 0.114738114178181 0.122249096632004 0.129760071635246 0.13727106153965 0.144782036542892 0.152293026447296 0.159804001450539 0.165748402476311 0.166993081569672 0.168237745761871 0.169482424855232 0.170727089047432 0.171971753239632 0.173216432332993 0.174461096525192 0.171671941876411 0.167538180947304 0.163404420018196 0.159270659089088 0.155136898159981 0.151003137230873
0.178044348955154 0.149353310465813 0.120662271976471 0.0919712409377098 0.0632802098989487 0.0345891751348972 0.0058981403708458 -0.0227928925305605 -0.0174410492181778 -0.000741578289307654 0.0159578919410706 0.0326573625206947 0.0493568331003189 0.0660563036799431 0.0827557742595673 0.095517672598362 0.0964668542146683 0.0974160358309746 0.0983652174472809 0.0993143916130066 0.100263573229313 0.101212754845619 0.102161936461926 0.108278959989548 0.116118595004082 0.123958230018616 0.13179786503315 0.139637500047684 0.147477135062218 0.155316770076752 0.161555141210556 0.16298970580101 0.164424270391464 0.16585884988308 0.167293414473534 0.168727979063988 0.170162543654442 0.171597108244896 0.16898700594902 0.165028676390648 0.161070361733437 0.157112032175064 0.153153702616692 0.149195373058319
0.207978248596191 0.173602789640427 0.139227330684662 0.104851871728897 0.0704764127731323 0.0361009538173676 0.00172549416311085 -0.032649964094162 -0.0290879420936108 -0.0128800896927714 0.00332776270806789 0.0195356141775846 0.0357434675097466 0.0519513189792633 0.0681591704487801 0.0808276757597923 0.0828781500458717 0.0849286168813705 0.08697909116745 0.0890295580029488 0.0910800248384476 0.093130499124527 0.0951809659600258 0.101819805800915 0.10998809337616 0.118156380951405 0.126324668526649 0.134492963552475 0.1426612585783 0.150829538702965 0.157361879944801 0.15898634493351 0.160610809922218 0.162235274910927 0.163859739899635 0.165484204888344 0.167108669877052 0.168733134865761 0.166302070021629 0.162519171833992 0.158736288547516 0.154953390359879 0.151170492172241 0.147387608885765
0.23791216313839 0.197852268815041 0.157792389392853 0.117732502520084 0.077672615647316 0.0376127324998379 -0.00244715204462409 -0.0425070375204086 -0.0407348349690437 -0.0250186007469893 -0.00930236652493477 0.00641386676579714 0.022130100056529 0.0378463342785835 0.0535625666379929 0.0661376789212227 0.0692894458770752 0.0724412053823471 0.075592964887619 0.0787447243928909 0.0818964838981628 0.0850482434034348 0.0882000029087067 0.0953606516122818 0.103857591748238 0.112354539334774 0.12085147947073 0.129348427057266 0.137845367193222 0.146342307329178 0.153168618679047 0.154982969164848 0.156797334551811 0.158611699938774 0.160426050424576 0.162240415811539 0.164054781198502 0.165869146585464 0.163617134094238 0.160009667277336 0.156402215361595 0.152794748544693 0.149187296628952 0.14557982981205
