data/working_set_collections/6091692-Cassins_Sparrow-M2/2010/eflux_avg.asc
NCOLS 265 
NROWS 230 
XLLCORNER -115.5625 
YLLCORNER 24.8333333333333 
CELLSIZE 0.0833333333333333 
NODATA_value -9999 
[rows 60 to 79 of 230, columns 184 to 229 of 265]
40.7088890075684 41.0414886474609 41.3740882873535 41.7173957824707 42.0642738342285 42.4111518859863 42.7580299377441 43.104907989502 43.451789855957 43.7986679077148 44.2238388061523 44.8838844299316 45.5439300537109 46.2039756774902 46.8640251159668 47.5240707397461 48.1841163635254 48.8441619873047 49.0981330871582 49.2167472839355 49.3353614807129 49.453971862793 49.5725860595703 49.6911964416504 49.8098106384277 49.9944076538086 50.3769607543945 50.7595138549805 51.1420669555664 51.5246200561523 51.9071769714355 52.2897300720215 52.6722831726074 53.3453674316406 54.1152954101562 54.8852233886719 55.6551513671875 56.4250831604004 57.195011138916 57.9649391174316 58.5864143371582 58.7625274658203 58.9386444091797 59.1147575378418 59.2908744812012 59.4669876098633
40.7049980163574 41.0741310119629 41.4432601928711 41.7947387695312 42.1403388977051 42.4859352111816 42.8315315246582 43.1771278381348 43.5227241516113 43.8683242797852 44.2875900268555 44.9278717041016 45.5681571960449 46.208438873291 46.8487205505371 47.4890022277832 48.1292839050293 48.7695693969727 49.0081977844238 49.1129417419434 49.2176856994629 49.3224296569824 49.4271774291992 49.5319213867188 49.6366653442383 49.8109512329102 50.1938667297363 50.5767784118652 50.9596939086914 51.3426094055176 51.7255210876465 52.1084365844727 52.4913520812988 53.1642799377441 53.9338798522949 54.7034797668457 55.4730796813965 56.2426795959473 57.012279510498 57.7818794250488 58.4178886413574 58.6531143188477 58.8883361816406 59.1235618591309 59.3587875366211 59.5940132141113
40.7011108398438 41.1067733764648 41.5124320983887 41.8720855712891 42.2164001464844 42.5607147216797 42.9050331115723 43.2493476867676 43.5936622619629 43.9379768371582 44.3513450622559 44.9718627929688 45.5923805236816 46.2128982543945 46.8334197998047 47.4539375305176 48.0744552612305 48.6949729919434 48.9182586669922 49.0091361999512 49.1000137329102 49.1908912658691 49.2817649841309 49.3726425170898 49.4635200500488 49.6274948120117 50.0107688903809 50.3940467834473 50.7773208618164 51.1605949401855 51.5438690185547 51.9271430969238 52.310417175293 52.9831924438477 53.7524642944336 54.5217361450195 55.2910079956055 56.0602798461914 56.8295516967773 57.5988235473633 58.2493629455566 58.5436973571777 58.8380317687988 59.1323661804199 59.4267044067383 59.7210388183594
40.6972198486328 41.1394119262695 41.5816078186035 41.9494285583496 42.2924652099609 42.635498046875 42.9785308837891 43.3215675354004 43.6646003723145 44.0076332092285 44.415096282959 45.0158538818359 45.6166076660156 46.2173614501953 46.818115234375 47.4188690185547 48.0196228027344 48.6203804016113 48.8283233642578 48.905330657959 48.9823417663574 49.0593490600586 49.1363563537598 49.2133636474609 49.2903747558594 49.4440383911133 49.8276748657227 50.211311340332 50.5949440002441 50.9785804748535 51.3622169494629 51.7458534240723 52.1294860839844 52.8021049499512 53.5710487365723 54.3399925231934 55.1089363098145 55.8778800964355 56.6468238830566 57.4157676696777 58.0808334350586 58.4342803955078 58.787727355957 59.1411743164062 59.4946174621582 59.8480644226074
40.6933326721191 41.1720542907715 41.6507797241211 42.0267753601074 42.3685264587402 42.7102813720703 43.0520324707031 43.3937835693359 43.735538482666 44.0772895812988 44.4788513183594 45.0598411560059 45.6408309936523 46.2218208312988 46.8028144836426 47.3838043212891 47.9647941589355 48.545783996582 48.7383880615234 48.8015251159668 48.8646659851074 48.927806854248 48.9909477233887 49.0540885925293 49.1172294616699 49.2605819702148 49.6445770263672 50.0285758972168 50.4125709533691 50.7965660095215 51.1805648803711 51.5645599365234 51.9485549926758 52.6210174560547 53.3896331787109 54.1582450866699 54.9268608093262 55.6954765319824 56.4640922546387 57.2327079772949 57.9123077392578 58.3248634338379 58.7374229431152 59.1499786376953 59.5625343322754 59.9750900268555
40.6894416809082 41.2046966552734 41.7199516296387 42.1041221618652 42.4445915222168 42.7850608825684 43.1255340576172 43.4660034179688 43.8064727783203 44.1469459533691 44.5426063537598 45.103832244873 45.6650581359863 46.2262840270996 46.7875099182129 47.3487358093262 47.9099617004395 48.4711875915527 48.6484489440918 48.6977233886719 48.7469940185547 48.7962646484375 48.8455390930176 48.8948097229004 48.9440841674805 49.0771255493164 49.461483001709 49.8458404541016 50.2301979064941 50.6145515441895 50.998908996582 51.3832664489746 51.7676239013672 52.4399299621582 53.2082138061523 53.9765014648438 54.7447891235352 55.5130767822266 56.281364440918 57.0496520996094 57.743782043457 58.2154502868652 58.6871147155762 59.1587829589844 59.6304473876953 60.1021156311035
40.5979080200195 41.1573829650879 41.7168617248535 42.1197853088379 42.4705276489258 42.8212699890137 43.1720123291016 43.5227546691895 43.8734970092773 44.2242393493652 44.6242599487305 45.1721153259277 45.719970703125 46.2678260803223 46.8156814575195 47.3635368347168 47.9113960266113 48.4592514038086 48.6225318908691 48.6576232910156 48.6927146911621 48.7278060913086 48.7628974914551 48.7979888916016 48.833080291748 48.9619178771973 49.3720016479492 49.7820854187012 50.1921730041504 50.6022567749023 51.0123405456543 51.4224243164062 51.8325080871582 52.5078506469727 53.2716102600098 54.0353698730469 54.7991333007812 55.5628929138184 56.3266525268555 57.0904159545898 57.7882385253906 58.2882537841797 58.7882652282715 59.2882804870605 59.7882919311523 60.2883071899414
40.4187278747559 41.0301132202148 41.6414985656738 42.0737724304199 42.4463386535645 42.818904876709 43.1914710998535 43.564037322998 43.9366035461426 44.3091697692871 44.7238159179688 45.2646942138672 45.8055725097656 46.3464508056641 46.8873329162598 47.4282112121582 47.9690895080566 48.5099678039551 48.6606369018555 48.6812324523926 48.701831817627 48.7224273681641 48.7430229187012 48.7636222839355 48.7842178344727 48.9149627685547 49.3761405944824 49.8373184204102 50.2984962463379 50.7596740722656 51.2208518981934 51.6820297241211 52.1432075500488 52.824779510498 53.5798149108887 54.3348541259766 55.0898895263672 55.8449287414551 56.5999641418457 57.3550033569336 58.0456771850586 58.5432739257812 59.0408706665039 59.5384674072266 60.0360641479492 60.5336608886719
40.2395477294922 40.9028434753418 41.5661392211914 42.0277557373047 42.4221458435059 42.8165397644043 43.2109298706055 43.6053199768066 43.9997138977051 44.3941040039062 44.823371887207 45.3572731018066 45.8911743164062 46.4250793457031 46.9589805603027 47.4928817749023 48.026782989502 48.5606842041016 48.6987380981445 48.7048416137695 48.7109451293945 48.7170486450195 48.7231521606445 48.7292556762695 48.7353591918945 48.8680038452148 49.3802757263184 49.8925476074219 50.4048194885254 50.9170913696289 51.4293594360352 51.9416313171387 52.4539031982422 53.1417083740234 53.8880195617676 54.634334564209 55.3806495666504 56.1269607543945 56.8732757568359 57.6195869445801 58.3031196594238 58.7982978820801 59.2934799194336 59.7886581420898 60.2838401794434 60.7790184020996
40.0603675842285 40.7755737304688 41.490779876709 41.9817428588867 42.3979568481445 42.8141746520996 43.2303886413574 43.6466026306152 44.0628204345703 44.4790344238281 44.9229278564453 45.4498519897461 45.9767799377441 46.5037040710449 47.0306282043457 47.5575523376465 48.0844764709473 48.611400604248 48.7368392944336 48.7284507751465 48.7200584411621 48.711669921875 48.7032814025879 48.6948890686035 48.6865005493164 48.8210487365723 49.3844108581543 49.9477767944336 50.5111427307129 51.0745086669922 51.6378707885742 52.2012367248535 52.7646026611328 53.4586372375488 54.1962242126465 54.9338150024414 55.6714057922363 56.4089965820312 57.1465835571289 57.8841743469238 58.5605583190918 59.0533218383789 59.546085357666 60.0388488769531 60.5316123962402 61.0243759155273
39.8811874389648 40.6483039855957 41.4154167175293 41.9357261657715 42.3737678527832 42.8118057250977 43.2498474121094 43.6878890991211 44.1259269714355 44.5639686584473 45.0224838256836 45.5424308776855 46.0623817443848 46.5823287963867 47.1022758483887 47.6222229003906 48.1421699523926 48.6621208190918 48.7749443054199 48.7520599365234 48.729175567627 48.7062911987305 48.683406829834 48.6605224609375 48.637638092041 48.7740898132324 49.3885498046875 50.0030059814453 50.6174659729004 51.2319259643555 51.8463821411133 52.4608421325684 53.0753021240234 53.7755661010742 54.5044326782227 55.2332954406738 55.9621620178223 56.6910285949707 57.4198951721191 58.1487617492676 58.8179969787598 59.3083457946777 59.7986907958984 60.2890357971191 60.7793846130371 61.2697296142578
39.7020072937012 40.5210342407227 41.3400573730469 41.8897132873535 42.3495750427246 42.809440612793 43.2693061828613 43.7291717529297 44.189037322998 44.6488990783691 45.1220397949219 45.6350135803223 46.1479835510254 46.6609535217285 47.1739234924316 47.6868934631348 48.1998672485352 48.7128372192383 48.813045501709 48.7756690979004 48.7382888793945 48.7009124755859 48.6635360717773 48.6261558532715 48.5887794494629 48.7271347045898 49.3926849365234 50.0582389831543 50.7237892150879 51.3893432617188 52.0548934936523 52.7204475402832 53.3859977722168 54.0924949645996 54.8126373291016 55.5327796936035 56.2529220581055 56.9730644226074 57.6932067871094 58.4133491516113 59.075439453125 59.5633659362793 60.0512962341309 60.5392265319824 61.027156829834 61.5150871276855
39.4710311889648 40.3269500732422 41.1828651428223 41.7634773254395 42.2523231506348 42.7411689758301 43.2300148010254 43.7188606262207 44.2077026367188 44.6965484619141 45.1903648376465 45.699089050293 46.2078094482422 46.7165336608887 47.2252540588379 47.7339782714844 48.2426986694336 48.7514228820801 48.8373222351074 48.7822799682617 48.7272415161133 48.6721992492676 48.6171569824219 48.5621147155762 48.5070762634277 48.6459617614746 49.3666381835938 50.0873146057129 50.807991027832 51.5286636352539 52.249340057373 52.9700164794922 53.6906929016113 54.4037132263184 55.1141891479492 55.8246612548828 56.5351333618164 57.2456092834473 57.9560813903809 58.6665534973145 59.3214645385742 59.8096771240234 60.2978935241699 60.7861061096191 61.2743225097656 61.7625350952148
39.1882591247559 40.066047668457 40.9438362121582 41.5570220947266 42.0820045471191 42.6069869995117 43.1319694519043 43.6569519042969 44.1819343566895 44.706916809082 45.2274551391602 45.7346572875977 46.2418632507324 46.7490653991699 47.2562675476074 47.7634696960449 48.2706718444824 48.7778778076172 48.847770690918 48.7718963623047 48.6960258483887 48.6201515197754 48.5442771911621 48.4684028625488 48.3925285339355 48.5305786132812 49.3104095458984 50.0902366638184 50.8700637817383 51.6498947143555 52.4297218322754 53.2095489501953 53.9893760681152 54.709228515625 55.4090881347656 56.108943939209 56.8088035583496 57.5086631774902 58.2085227966309 58.9083786010742 59.5560722351074 60.0472755432129 60.5384750366211 61.0296745300293 61.5208778381348 62.012077331543
38.9054870605469 39.8051490783691 40.7048110961914 41.3505668640137 41.9116859436035 42.4728050231934 43.0339241027832 43.5950469970703 44.1561660766602 44.71728515625 45.2645454406738 45.7702293395996 46.2759132385254 46.7815971374512 47.287281036377 47.7929649353027 48.2986488342285 48.804328918457 48.8582229614258 48.7615165710449 48.6648063659668 48.5680999755859 48.4713935852051 48.3746871948242 48.2779808044434 48.4151954650879 49.2541770935059 50.0931587219238 50.9321403503418 51.7711219787598 52.6101036071777 53.4490814208984 54.2880630493164 55.0147438049316 55.703987121582 56.3932304382324 57.0824737548828 57.7717170715332 58.4609603881836 59.150203704834 59.7906837463379 60.2848701477051 60.7790565490723 61.2732467651367 61.7674331665039 62.2616195678711
38.6227149963379 39.5442504882812 40.4657821655273 41.1441116333008 41.7413673400879 42.338623046875 42.9358825683594 43.5331382751465 44.1303939819336 44.727653503418 45.3016357421875 45.8058013916016 46.3099632263184 46.8141288757324 47.3182907104492 47.8224563598633 48.3266220092773 48.8307838439941 48.8686714172363 48.7511329650879 48.6335906982422 48.5160522460938 48.3985137939453 48.2809753417969 48.1634330749512 48.2998123168945 49.1979484558105 50.0960807800293 50.9942169189453 51.8923492431641 52.7904815673828 53.6886177062988 54.5867500305176 55.320255279541 55.9988861083984 56.6775131225586 57.356143951416 58.0347709655762 58.7134017944336 59.3920288085938 60.0252952575684 60.5224685668945 61.0196418762207 61.5168151855469 62.013988494873 62.5111618041992
38.3399429321289 39.2833480834961 40.2267570495605 40.9376525878906 41.5710487365723 42.2044410705566 42.8378372192383 43.4712333679199 44.1046257019043 44.7380218505859 45.3387260437012 45.8413734436035 46.3440170288086 46.8466606140137 47.3493041992188 47.8519477844238 48.3545951843262 48.8572387695312 48.8791198730469 48.7407493591309 48.6023750305176 48.4640045166016 48.3256301879883 48.1872596740723 48.0488891601562 48.1844291687012 49.141716003418 50.0990028381348 51.0562896728516 52.0135765075684 52.9708633422852 53.928150177002 54.8854370117188 55.6257705688477 56.2937850952148 56.9617958068848 57.629810333252 58.2978248596191 58.9658393859863 59.6338539123535 60.2599029541016 60.7600631713867 61.2602233886719 61.760383605957 62.2605438232422 62.7607040405273
38.0571708679199 39.0224494934082 39.9877281188965 40.7311973571777 41.4007301330566 42.0702629089355 42.7397918701172 43.4093246459961 44.078857421875 44.7483863830566 45.3758163452148 45.8769416809082 46.3780670166016 46.8791923522949 47.3803176879883 47.8814430236816 48.382568359375 48.8836936950684 48.8895683288574 48.7303657531738 48.571159362793 48.4119567871094 48.2527503967285 48.0935440063477 47.9343414306641 48.0690460205078 49.0854873657227 50.1019248962402 51.1183662414551 52.1348037719727 53.1512451171875 54.1676826477051 55.1841239929199 55.931282043457 56.5886840820312 57.2460823059082 57.9034805297852 58.5608787536621 59.2182807922363 59.8756790161133 60.494514465332 60.9976615905762 61.5008087158203 62.0039520263672 62.5070991516113 63.0102462768555
37.7524147033691 38.7131042480469 39.6737937927246 40.4381103515625 41.1369705200195 41.8358306884766 42.5346908569336 43.2335472106934 43.9324073791504 44.6312675476074 45.2840156555176 45.7984199523926 46.3128242492676 46.8272285461426 47.3416366577148 47.8560409545898 48.3704452514648 48.8848495483398 48.8979644775391 48.7439804077148 48.5899963378906 48.4360160827637 48.2820320129395 48.1280479431152 47.974063873291 48.115364074707 49.1425094604492 50.1696548461914 51.1968002319336 52.2239456176758 53.2510871887207 54.2782325744629 55.3053779602051 56.0613059997559 56.7268295288086 57.3923492431641 58.0578689575195 58.7233924865723 59.3889122009277 60.0544357299805 60.6787414550781 61.1794128417969 61.6800804138184 62.1807479858398 62.6814193725586 63.1820869445801
37.4256744384766 38.3553123474121 39.2849464416504 40.0583915710449 40.7797698974609 41.501148223877 42.222526550293 42.943904876709 43.665283203125 44.386661529541 45.0633163452148 45.6058006286621 46.1482887268066 46.6907730102539 47.2332572937012 47.7757453918457 48.318229675293 48.8607139587402 48.9043045043945 48.7815971374512 48.6588897705078 48.5361824035645 48.4134750366211 48.2907638549805 48.1680564880371 48.3233795166016 49.3127822875977 50.3021850585938 51.2915878295898 52.2809944152832 53.2703971862793 54.2597999572754 55.2492065429688 56.0158424377441 56.7082214355469 57.4006004333496 58.0929794311523 58.7853622436523 59.4777412414551 60.1701202392578 60.8125877380371 61.3053169250488 61.7980461120605 62.290771484375 62.7835006713867 63.2762298583984
