data/working_set_collections/6091692-Cassins_Sparrow-M2/2010/eflux_avg.asc
NCOLS 265 
NROWS 230 
XLLCORNER -115.5625 
YLLCORNER 24.8333333333333 
CELLSIZE 0.0833333333333333 
NODATA_value -9999 
[rows 100 to 119 of 230, columns 138 to 183 of 265]
26.8647003173828 26.8381423950195 26.8115844726562 26.785026550293 26.5965442657471 26.3540859222412 26.1116275787354 25.8691692352295 25.6267108917236 25.3842544555664 25.1417961120605 24.9663925170898 24.9921569824219 25.0179195404053 25.0436820983887 25.0694465637207 25.0952091217041 25.1209735870361 25.1467361450195 25.4446201324463 25.8332080841064 26.2217979431152 26.610387802124 26.9989776611328 27.3875675201416 27.7761573791504 28.1928081512451 28.6936454772949 29.1944808959961 29.6953182220459 30.1961555480957 30.6969928741455 31.1978302001953 31.6986656188965 32.0295524597168 32.3037872314453 32.5780258178711 32.8522605895996 33.1264953613281 33.4007301330566 33.6749687194824 33.9802360534668 34.3785934448242 34.7769508361816 35.1753082275391 35.5736656188965
26.8988380432129 26.9058132171631 26.9127883911133 26.9197635650635 26.7249851226807 26.4629573822021 26.2009296417236 25.9388999938965 25.676872253418 25.4148445129395 25.1528148651123 24.9655895233154 25.0027732849121 25.0399570465088 25.0771408081055 25.1143245697021 25.1515083312988 25.1886901855469 25.2258739471436 25.5339851379395 25.9324035644531 26.3308219909668 26.7292404174805 27.1276588439941 27.5260772705078 27.9244956970215 28.3566703796387 28.8901176452637 29.4235649108887 29.9570121765137 30.4904594421387 31.0239067077637 31.5573539733887 32.0908012390137 32.4075088500977 32.6519660949707 32.896427154541 33.1408882141113 33.3853492736816 33.629810333252 33.8742713928223 34.1543464660645 34.541259765625 34.9281730651855 35.3150863647461 35.7019996643066
26.6794700622559 26.7275161743164 26.775562286377 26.8236083984375 26.658540725708 26.422435760498 26.1863327026367 25.9502277374268 25.7141227722168 25.4780197143555 25.2419147491455 25.0767555236816 25.1244277954102 25.1721019744873 25.2197761535645 25.2674503326416 25.3151245117188 25.3627986907959 25.410472869873 25.7274990081787 26.1343116760254 26.5411243438721 26.9479351043701 27.3547477722168 27.7615585327148 28.1683712005615 28.6033592224121 29.1228771209717 29.6423931121826 30.1619110107422 30.6814289093018 31.2009449005127 31.7204627990723 32.2399787902832 32.5504302978516 32.791187286377 33.0319480895996 33.2727088928223 33.5134696960449 33.7542266845703 33.994987487793 34.2695350646973 34.645450592041 35.0213623046875 35.397274017334 35.7731895446777
26.2065963745117 26.3032512664795 26.3999061584473 26.496561050415 26.3972091674805 26.2325229644775 26.0678367614746 25.9031505584717 25.7384643554688 25.5737781524658 25.4090919494629 25.2998847961426 25.357120513916 25.4143562316895 25.4715900421143 25.5288257598877 25.5860595703125 25.6432952880859 25.7005310058594 26.0251655578613 26.4389362335205 26.8527050018311 27.2664737701416 27.6802444458008 28.0940132141113 28.5077819824219 28.9328727722168 29.3919200897217 29.8509674072266 30.3100147247314 30.7690620422363 31.2281112670898 31.6871585845947 32.1462059020996 32.4583168029785 32.7214508056641 32.9845848083496 33.2477188110352 33.5108528137207 33.7739868164062 34.0371170043945 34.3258056640625 34.691162109375 35.0565185546875 35.4218711853027 35.7872276306152
25.7337207794189 25.8789863586426 26.0242500305176 26.1695137023926 26.1358795166016 26.042610168457 25.9493427276611 25.8560733795166 25.7628059387207 25.6695365905762 25.5762691497803 25.5230159759521 25.5898132324219 25.656608581543 25.7234039306641 25.7901992797852 25.8569965362549 25.923791885376 25.9905872344971 26.3228321075439 26.743558883667 27.16428565979 27.5850143432617 28.0057411193848 28.4264678955078 28.8471946716309 29.2623844146729 29.6609630584717 30.0595417022705 30.4581184387207 30.8566970825195 31.2552757263184 31.6538543701172 32.052433013916 32.3662071228027 32.6517143249512 32.9372215270996 33.222728729248 33.5082359313965 33.7937431335449 34.0792503356934 34.3820762634277 34.736873626709 35.0916709899902 35.4464683532715 35.8012657165527
25.2608470916748 25.454719543457 25.6485939025879 25.8424663543701 25.874547958374 25.8526973724365 25.830846786499 25.8089962005615 25.787145614624 25.7652969360352 25.7434463500977 25.7461471557617 25.8225040435791 25.8988609313965 25.9752178192139 26.0515747070312 26.1279315948486 26.204288482666 26.2806453704834 26.6204986572266 27.0481834411621 27.4758682250977 27.9035530090332 28.3312377929688 28.7589225769043 29.1866073608398 29.5918979644775 29.9300060272217 30.2681140899658 30.6062240600586 30.9443321228027 31.2824401855469 31.620548248291 31.9586582183838 32.2740936279297 32.581974029541 32.8898582458496 33.1977386474609 33.5056190490723 33.8134994506836 34.1213798522949 34.4383506774902 34.7825889587402 35.1268272399902 35.4710655212402 35.8153038024902
24.787971496582 25.0304546356201 25.2729377746582 25.5154209136963 25.6132164001465 25.662784576416 25.7123527526855 25.7619190216064 25.811487197876 25.8610553741455 25.910623550415 25.9692783355713 26.055196762085 26.14111328125 26.2270317077637 26.3129501342773 26.398868560791 26.4847850799561 26.5707035064697 26.9181652069092 27.3528079986572 27.7874488830566 28.2220916748047 28.6567344665527 29.0913772583008 29.5260181427002 29.9214096069336 30.1990489959717 30.4766883850098 30.7543277740479 31.0319671630859 31.3096046447754 31.5872440338135 31.8648834228516 32.1819839477539 32.5122375488281 32.8424911499023 33.1727447509766 33.503002166748 33.8332557678223 34.1635093688965 34.4946212768555 34.8283004760742 35.161979675293 35.4956588745117 35.8293418884277
24.3150978088379 24.6061897277832 24.8972816467285 25.1883735656738 25.3518848419189 25.4728717803955 25.5938568115234 25.7148418426514 25.8358287811279 25.9568138122559 26.0778007507324 26.1924095153809 26.2878875732422 26.3833675384521 26.4788455963135 26.5743255615234 26.6698036193848 26.7652816772461 26.8607616424561 27.2158317565918 27.6574306488037 28.0990314483643 28.5406303405762 28.9822311401367 29.4238319396973 29.8654308319092 30.2509231567383 30.4680919647217 30.6852626800537 30.9024314880371 31.1196002960205 31.3367710113525 31.5539398193359 31.7711086273193 32.0898742675781 32.4425010681152 32.7951278686523 33.1477546691895 33.5003852844238 33.8530120849609 34.205638885498 34.5508918762207 34.8740119934082 35.197135925293 35.5202560424805 35.8433799743652
24.0653057098389 24.3805084228516 24.6957111358643 25.0109157562256 25.209451675415 25.3690986633301 25.5287456512451 25.6883926391602 25.8480396270752 26.0076866149902 26.1673336029053 26.3139057159424 26.4212551116943 26.5286026000977 26.635950088501 26.7432975769043 26.8506469726562 26.9579944610596 27.0653419494629 27.4241008758545 27.866662979126 28.3092250823975 28.7517871856689 29.1943492889404 29.6369113922119 30.0794715881348 30.4589805603027 30.6493263244629 30.839672088623 31.0300178527832 31.2203636169434 31.4107093811035 31.6010551452637 31.7914028167725 32.1109619140625 32.4735908508301 32.8362236022949 33.1988525390625 33.5614814758301 33.9241142272949 34.2867431640625 34.6360702514648 34.945484161377 35.2548942565918 35.5643081665039 35.873722076416
24.038595199585 24.3534126281738 24.6682281494141 24.9830455780029 25.1859130859375 25.3514652252197 25.517017364502 25.6825695037842 25.8481216430664 26.0136737823486 26.1792259216309 26.3337707519531 26.4552955627441 26.5768203735352 26.6983451843262 26.8198699951172 26.9413967132568 27.0629215240479 27.1844463348389 27.5429725646973 27.9805011749268 28.4180297851562 28.8555583953857 29.2930870056152 29.7306156158447 30.1681442260742 30.545581817627 30.7427501678467 30.9399185180664 31.1370868682861 31.3342552185059 31.5314235687256 31.7285919189453 31.925760269165 32.2452507019043 32.6055107116699 32.9657745361328 33.3260383605957 33.6862983703613 34.0465621948242 34.4068222045898 34.7501564025879 35.0427093505859 35.335262298584 35.627815246582 35.9203681945801
24.0118865966797 24.3263168334961 24.6407470703125 24.9551773071289 25.1623764038086 25.333833694458 25.5052909851074 25.6767463684082 25.8482036590576 26.019660949707 26.1911163330078 26.3536357879639 26.4893379211426 26.6250400543213 26.7607402801514 26.8964424133301 27.0321445465088 27.1678466796875 27.3035488128662 27.6618461608887 28.0943412780762 28.5268363952637 28.9593296051025 29.39182472229 29.8243198394775 30.256814956665 30.6321830749512 30.8361740112305 31.0401649475098 31.2441558837891 31.4481468200684 31.6521377563477 31.856128692627 32.0601196289062 32.3795394897461 32.737434387207 33.0953254699707 33.4532203674316 33.8111152648926 34.1690101623535 34.5269012451172 34.8642463684082 35.1399383544922 35.4156303405762 35.6913223266602 35.9670143127441
23.9851760864258 24.2992210388184 24.6132640838623 24.9273071289062 25.1388397216797 25.3162002563477 25.4935626983643 25.6709232330322 25.8482856750488 26.0256462097168 26.2030086517334 26.373498916626 26.5233783721924 26.6732578277588 26.8231372833252 26.973014831543 27.1228942871094 27.2727737426758 27.4226531982422 27.7807178497314 28.208179473877 28.6356410980225 29.063102722168 29.4905624389648 29.9180240631104 30.3454856872559 30.7187843322754 30.9295978546143 31.1404113769531 31.351224899292 31.5620384216309 31.7728519439697 31.9836654663086 32.1944808959961 32.5138282775879 32.8693542480469 33.2248802185059 33.5804061889648 33.9359321594238 34.2914581298828 34.6469841003418 34.9783363342285 35.2371673583984 35.4959983825684 35.7548294067383 36.0136642456055
23.9584674835205 24.272123336792 24.5857810974121 24.8994388580322 25.1153011322021 25.2985687255859 25.4818344116211 25.6651000976562 25.84836769104 26.0316333770752 26.2148990631104 26.3933639526367 26.5574188232422 26.7214756011963 26.8855323791504 27.0495872497559 27.21364402771 27.3777008056641 27.5417575836182 27.8995914459229 28.3220195770264 28.7444458007812 29.1668739318848 29.5893020629883 30.0117282867432 30.4341564178467 30.8053855895996 31.023021697998 31.2406578063965 31.4582939147949 31.6759300231934 31.8935661315918 32.1112022399902 32.3288383483887 32.6481170654297 33.0012741088867 33.3544311523438 33.7075881958008 34.0607452392578 34.4139022827148 34.7670631408691 35.0924224853516 35.3343963623047 35.5763664245605 35.8183403015137 36.0603103637695
23.9317569732666 24.2450275421143 24.5582981109619 24.8715686798096 25.0917644500732 25.2809352874756 25.4701061248779 25.6592769622803 25.8484497070312 26.0376205444336 26.2267913818359 26.4132270812988 26.5914611816406 26.7696933746338 26.9479274749756 27.1261596679688 27.3043937683105 27.4826278686523 27.6608600616455 28.0184650421143 28.4358577728271 28.8532524108887 29.2706451416016 29.6880397796631 30.1054344177246 30.5228271484375 30.8919868469238 31.1164455413818 31.3409042358398 31.5653629302979 31.7898216247559 32.0142822265625 32.2387390136719 32.4631996154785 32.7824058532715 33.1331939697266 33.4839820861816 33.834774017334 34.1855621337891 34.5363502502441 34.8871421813965 35.2065124511719 35.4316215515137 35.6567344665527 35.8818473815918 36.1069564819336
23.7953109741211 24.0984840393066 24.4016551971436 24.7048282623291 24.9330272674561 25.1362361907959 25.3394432067871 25.542652130127 25.7458591461182 25.949068069458 26.1522750854492 26.3541946411133 26.5522518157959 26.7503089904785 26.9483661651611 27.1464233398438 27.3444805145264 27.542537689209 27.7405948638916 28.1028251647949 28.5197792053223 28.9367332458496 29.353687286377 29.7706432342529 30.1875972747803 30.6045513153076 30.9739284515381 31.2005710601807 31.4272136688232 31.6538562774658 31.8804969787598 32.1071395874023 32.3337821960449 32.5604248046875 32.8825569152832 33.236515045166 33.5904769897461 33.9444351196289 34.298397064209 34.6523551940918 35.0063133239746 35.3247222900391 35.5364799499512 35.748233795166 35.9599876403809 36.1717414855957
23.5491237640381 23.8324890136719 24.1158542633057 24.3992176055908 24.6390914916992 24.8644695281982 25.0898456573486 25.315221786499 25.5405979156494 25.7659759521484 25.9913520812988 26.2162666320801 26.4397945404053 26.6633224487305 26.886848449707 27.1103763580322 27.3339042663574 27.5574321746826 27.7809600830078 28.1526737213135 28.5737819671631 28.9948921203613 29.4160003662109 29.8371105194092 30.2582206726074 30.679328918457 31.0512084960938 31.2753963470459 31.4995822906494 31.7237701416016 31.9479579925537 32.1721458435059 32.3963317871094 32.6205215454102 32.9485702514648 33.3112373352051 33.6739082336426 34.0365753173828 34.3992462158203 34.7619132995605 35.124584197998 35.4470596313477 35.6489601135254 35.8508644104004 36.0527648925781 36.2546653747559
23.3029384613037 23.5664939880371 23.8300514221191 24.0936069488525 24.3451557159424 24.592700958252 24.8402462005615 25.0877933502197 25.3353385925293 25.5828838348389 25.8304290771484 26.0783386230469 26.327335357666 26.5763339996338 26.8253326416016 27.0743293762207 27.3233280181885 27.5723266601562 27.8213233947754 28.202522277832 28.6277866363525 29.053050994873 29.4783134460449 29.9035778045654 30.3288421630859 30.7541065216064 31.1284885406494 31.3502216339111 31.5719528198242 31.7936859130859 32.0154190063477 32.2371520996094 32.4588813781738 32.6806144714355 33.0145835876465 33.3859596252441 33.7573394775391 34.1287155151367 34.5000953674316 34.8714752197266 35.2428512573242 35.5693969726562 35.7614440917969 35.9534950256348 36.1455421447754 36.337589263916
23.0567531585693 23.300500869751 23.5442485809326 23.7879962921143 24.0512199401855 24.3209342956543 24.590648651123 24.8603630065918 25.1300773620605 25.3997917175293 25.669506072998 25.940408706665 26.2148780822754 26.4893455505371 26.7638149261475 27.0382823944092 27.3127517700195 27.5872192382812 27.8616886138916 28.2523708343506 28.6817893981934 29.1112079620361 29.5406265258789 29.9700469970703 30.3994655609131 30.8288841247559 31.2057685852051 31.4250469207764 31.644323348999 31.8636016845703 32.082878112793 32.3021545410156 32.5214347839355 32.7407112121582 33.0805969238281 33.4606819152832 33.8407707214355 34.2208595275879 34.600944519043 34.9810333251953 35.3611221313477 35.6917343139648 35.8739280700684 36.0561218261719 36.2383193969727 36.4205131530762
22.8105659484863 23.0345058441162 23.2584457397461 23.482385635376 23.7572841644287 24.0491676330566 24.3410491943359 24.6329326629639 24.9248161315918 25.2166996002197 25.5085830688477 25.8024806976318 26.1024188995361 26.4023590087891 26.7022972106934 27.0022354125977 27.3021755218506 27.6021137237549 27.9020538330078 28.3022174835205 28.7357921600342 29.1693668365479 29.6029396057129 30.0365142822266 30.4700889587402 30.9036617279053 31.2830486297607 31.499870300293 31.7166938781738 31.9335155487061 32.1503372192383 32.3671607971191 32.583984375 32.8008041381836 33.1466102600098 33.5354042053223 33.924201965332 34.3129997253418 34.7017936706543 35.0905914306641 35.4793891906738 35.8140716552734 35.9864120483398 36.1587524414062 36.3310928344727 36.5034370422363
22.564380645752 22.7685127258301 22.9726448059082 23.1767749786377 23.4633464813232 23.7773990631104 24.0914516448975 24.4055042266846 24.7195568084717 25.0336074829102 25.3476600646973 25.66455078125 25.9899616241455 26.3153705596924 26.6407794952393 26.9661903381348 27.2915992736816 27.6170082092285 27.9424171447754 28.3520660400391 28.789794921875 29.2275238037109 29.6652526855469 30.1029834747314 30.5407123565674 30.9784412384033 31.3603286743164 31.5746955871582 31.7890644073486 32.0034294128418 32.2178001403809 32.4321670532227 32.6465339660645 32.8609008789062 33.2126235961914 33.6101264953613 34.0076332092285 34.4051399230957 34.8026466369629 35.2001533508301 35.59765625 35.936408996582 36.0988960266113 36.2613830566406 36.4238700866699 36.5863571166992
