data/working_set_collections/6091692-Cassins_Sparrow-M2/2010/eflux_avg.asc
NCOLS 265 
NROWS 230 
XLLCORNER -115.5625 
YLLCORNER 24.8333333333333 
CELLSIZE 0.0833333333333333 
NODATA_value -9999 
[rows 180 to 199 of 230, columns 92 to 137 of 265]
40.761157989502 39.8572044372559 38.9532508850098 38.0492973327637 37.1453437805176 36.2390022277832 35.331859588623 34.4247207641602 33.5175819396973 32.6104393005371 31.7033004760742 30.7961616516113 29.9012432098389 29.0429935455322 28.184741973877 27.3264923095703 26.4682426452637 25.6099910736084 24.7517414093018 23.8934917449951 23.3277034759521 22.8594036102295 22.3911056518555 21.9228057861328 21.4545059204102 20.9862079620361 20.5179080963135 20.1222076416016 19.9443016052246 19.7663955688477 19.5884895324707 19.4105834960938 19.2326774597168 19.0547714233398 18.8768672943115 18.7867584228516 18.7259159088135 18.6650733947754 18.6042308807373 18.5433883666992 18.4825458526611 18.4217052459717 18.3762397766113 18.3769130706787 18.3775844573975 18.3782558441162
41.5227241516113 40.6620445251465 39.8013687133789 38.9406929016113 38.0800170898438 37.1510467529297 36.1993103027344 35.2475776672363 34.295841217041 33.3441047668457 32.3923683166504 31.4406337738037 30.4933338165283 29.5593433380127 28.6253509521484 27.6913604736328 26.7573680877686 25.8233776092529 24.8893852233887 23.955394744873 23.3703174591064 22.9015445709229 22.4327716827393 21.9639987945557 21.4952278137207 21.0264549255371 20.5576820373535 20.163028717041 19.9907302856445 19.818431854248 19.6461334228516 19.4738368988037 19.3015384674072 19.1292400360107 18.9569435119629 18.8678894042969 18.8065853118896 18.7452793121338 18.6839752197266 18.6226692199707 18.5613651275635 18.5000591278076 18.4490585327148 18.4289722442627 18.4088859558105 18.3887996673584
42.2842864990234 41.4668884277344 40.6494903564453 39.8320922851562 39.0146903991699 38.0630950927734 37.0667610168457 36.0704307556152 35.0741004943848 34.0777702331543 33.0814361572266 32.0851058959961 31.0854244232178 30.0756931304932 29.0659599304199 28.0562267303467 27.0464954376221 26.0367622375488 25.0270309448242 24.017297744751 23.4129314422607 22.9436855316162 22.4744396209717 22.0051937103271 21.5359477996826 21.0667018890381 20.5974559783936 20.2038478851318 20.0371589660645 19.8704681396484 19.7037792205811 19.537088394165 19.3703994750977 19.2037086486816 19.0370197296143 18.9490203857422 18.8872528076172 18.8254852294922 18.7637176513672 18.7019500732422 18.6401824951172 18.5784149169922 18.5218772888184 18.4810333251953 18.4401874542236 18.3993434906006
43.0458526611328 42.271728515625 41.4976081848145 40.7234878540039 39.9493637084961 38.9751396179199 37.934211730957 36.8932876586914 35.8523597717285 34.8114318847656 33.7705039978027 32.7295799255371 31.6775150299072 30.592041015625 29.5065689086914 28.4210948944092 27.3356227874756 26.2501487731934 25.1646747589111 24.0792026519775 23.4555435180664 22.9858245849609 22.5161056518555 22.04638671875 21.5766677856445 21.1069488525391 20.637228012085 20.2446689605713 20.0835876464844 19.9225044250488 19.7614231109619 19.600341796875 19.4392604827881 19.2781772613525 19.1170959472656 19.0301532745361 18.9679222106934 18.9056911468506 18.8434600830078 18.7812309265137 18.7189998626709 18.6567687988281 18.5946960449219 18.5330924987793 18.4714889526367 18.4098873138428
43.8074150085449 43.0765724182129 42.3457260131836 41.6148834228516 40.8840408325195 39.8871879577637 38.8016624450684 37.7161407470703 36.6306190490723 35.5450973510742 34.4595756530762 33.3740501403809 32.2696075439453 31.1083908081055 29.9471778869629 28.7859630584717 27.6247482299805 26.4635334014893 25.3023204803467 24.1411056518555 23.4981575012207 23.0279655456543 22.5577716827393 22.0875797271729 21.6173877716064 21.14719581604 20.677001953125 20.2854900360107 20.1300163269043 19.9745426177979 19.8190670013428 19.6635932922363 19.5081195831299 19.3526458740234 19.197172164917 19.1112842559814 19.0485897064209 18.985897064209 18.9232044219971 18.8605117797852 18.7978172302246 18.7351245880127 18.6675148010254 18.5851535797119 18.5027923583984 18.4204292297363
44.5689811706543 43.8814125061035 43.19384765625 42.5062789916992 41.8187141418457 40.7992324829102 39.6691131591797 38.5389976501465 37.408878326416 36.2787590026855 35.1486434936523 34.0185241699219 32.8616981506348 31.6247406005859 30.3877849578857 29.1508312225342 27.913875579834 26.6769199371338 25.4399642944336 24.2030086517334 23.540771484375 23.070104598999 22.5994396209717 22.1287727355957 21.6581077575684 21.1874408721924 20.716775894165 20.3263092041016 20.1764450073242 20.0265789031982 19.8767127990723 19.7268466949463 19.5769805908203 19.4271144866943 19.2772483825684 19.1924152374268 19.1292591094971 19.0661029815674 19.0029468536377 18.939790725708 18.8766345977783 18.8134803771973 18.7403335571289 18.6372127532959 18.5340938568115 18.4309730529785
45.4039192199707 44.7761421203613 44.148365020752 43.5205879211426 42.8928108215332 41.849292755127 40.6671905517578 39.4850845336914 38.3029823303223 37.1208801269531 35.938777923584 34.7566757202148 33.5485496520996 32.2623596191406 30.9761695861816 29.689977645874 28.4037857055664 27.1175956726074 25.8314037322998 24.5452136993408 23.855504989624 23.3646259307861 22.8737449645996 22.3828659057617 21.8919868469238 21.4011058807373 20.9102268218994 20.5043811798096 20.3536357879639 20.2028903961182 20.0521450042725 19.9013996124268 19.7506561279297 19.599910736084 19.4491653442383 19.3638362884521 19.300313949585 19.2367916107178 19.1732692718506 19.1097469329834 19.0462226867676 18.9827003479004 18.9051513671875 18.7855205535889 18.6658916473389 18.5462608337402
46.3122291564941 45.7607574462891 45.209285736084 44.6578102111816 44.1063385009766 43.0373611450195 41.7958869934082 40.5544090270996 39.3129348754883 38.071460723877 36.8299827575684 35.588508605957 34.3301696777344 33.0212478637695 31.7123260498047 30.4034042358398 29.094482421875 27.7855606079102 26.4766387939453 25.1677169799805 24.4423599243164 23.9115257263184 23.3806915283203 22.8498573303223 22.3190231323242 21.7881889343262 21.2573547363281 20.8197021484375 20.6615905761719 20.5034790039062 20.3453674316406 20.187255859375 20.0291442871094 19.8710346221924 19.7129230499268 19.6255493164062 19.5617561340332 19.4979629516602 19.4341678619385 19.3703746795654 19.3065814971924 19.2427883148193 19.1619701385498 19.0300769805908 18.8981857299805 18.7662944793701
47.2205429077148 46.7453727722168 46.2702026367188 45.7950325012207 45.3198623657227 44.2254333496094 42.9245834350586 41.6237335205078 40.3228874206543 39.0220375061035 37.7211875915527 36.420337677002 35.1117897033691 33.7801361083984 32.4484825134277 31.1168308258057 29.7851791381836 28.4535255432129 27.1218738555908 25.7902202606201 25.0292167663574 24.4584274291992 23.887638092041 23.3168487548828 22.7460613250732 22.175271987915 21.6044826507568 21.1350212097168 20.9695453643799 20.8040676116943 20.6385898590088 20.4731121063232 20.3076343536377 20.1421566009521 19.9766788482666 19.8872623443604 19.8231964111328 19.7591323852539 19.695068359375 19.6310043334961 19.5669384002686 19.5028743743896 19.4187870025635 19.2746334075928 19.1304798126221 18.9863262176514
48.1288528442383 47.7299880981445 47.3311195373535 46.9322547912598 46.533390045166 45.4135055541992 44.0532836914062 42.6930618286133 41.332836151123 39.9726142883301 38.6123924255371 37.2521705627441 35.8934059143066 34.5390243530273 33.1846389770508 31.8302574157715 30.4758739471436 29.1214904785156 27.7671089172363 26.4127254486084 25.6160717010498 25.0053272247314 24.3945846557617 23.783842086792 23.1730976104736 22.5623550415039 21.9516105651855 21.4503421783447 21.2774982452393 21.1046543121338 20.931812286377 20.7589683532715 20.586124420166 20.4132804870605 20.2404365539551 20.1489734649658 20.0846385955811 20.0203037261963 19.9559688568115 19.8916320800781 19.8272972106934 19.7629623413086 19.6756057739258 19.5191898345947 19.3627758026123 19.2063598632812
49.037166595459 48.7146034240723 48.3920402526855 48.0694770812988 47.7469139099121 46.6015777587891 45.1819801330566 43.7623863220215 42.3427886962891 40.9231910705566 39.5035972595215 38.0839996337891 36.6750259399414 35.2979125976562 33.9207992553711 32.5436859130859 31.1665706634521 29.789457321167 28.4123420715332 27.035228729248 26.2029266357422 25.5522289276123 24.9015312194824 24.2508335113525 23.6001358032227 22.9494361877441 22.2987384796143 21.7656631469727 21.5854530334473 21.4052429199219 21.2250328063965 21.0448226928711 20.8646144866943 20.6844043731689 20.5041942596436 20.4106864929199 20.3460807800293 20.28147315979 20.2168674468994 20.1522617340088 20.0876560211182 20.0230484008789 19.9324245452881 19.7637462615967 19.5950698852539 19.4263916015625
49.9454765319824 49.69921875 49.4529571533203 49.2066993713379 48.9604377746582 47.7896461486816 46.310676574707 44.8317108154297 43.3527412414551 41.8737716674805 40.3948020935059 38.9158325195312 37.4566459655762 36.0568008422852 34.6569557189941 33.2571105957031 31.8572654724121 30.4574222564697 29.0575771331787 27.6577320098877 26.7897815704346 26.0991306304932 25.4084777832031 24.7178249359131 24.027172088623 23.336519241333 22.645866394043 22.0809841156006 21.8934078216553 21.70583152771 21.5182552337646 21.3306789398193 21.143102645874 20.9555263519287 20.7679500579834 20.672399520874 20.6075210571289 20.5426445007324 20.4777679443359 20.4128894805908 20.3480129241943 20.2831363677979 20.1892433166504 20.0083026885986 19.8273639678955 19.6464252471924
50.4697189331055 50.2975959777832 50.1254730224609 49.9533500671387 49.7812232971191 48.6446571350098 47.1866073608398 45.7285575866699 44.2705078125 42.8124618530273 41.3544120788574 39.8963623046875 38.4488334655762 37.0328636169434 35.6168937683105 34.2009239196777 32.7849540710449 31.3689842224121 29.9530143737793 28.5370445251465 27.6391010284424 26.9138336181641 26.1885662078857 25.4632987976074 24.7380313873291 24.0127639770508 23.2874965667725 22.6923179626465 22.4874038696289 22.2824897766113 22.0775756835938 21.8726615905762 21.6677474975586 21.462833404541 21.2579193115234 21.1424980163574 21.0569076538086 20.9713172912598 20.8857269287109 20.8001365661621 20.7145481109619 20.6289577484131 20.5166206359863 20.3240432739258 20.1314678192139 19.9388904571533
50.6098861694336 50.5097312927246 50.4095802307129 50.3094253540039 50.2092704772949 49.1666069030762 47.8097686767578 46.4529342651367 45.0960960388184 43.7392616271973 42.3824272155762 41.0255889892578 39.6515884399414 38.2261009216309 36.800609588623 35.3751220703125 33.9496307373047 32.5241432189941 31.098653793335 29.6731643676758 28.7508850097656 27.9963417053223 27.2417984008789 26.4872570037842 25.7327136993408 24.9781723022461 24.2236289978027 23.599666595459 23.3674430847168 23.135217666626 22.9029941558838 22.670768737793 22.4385452270508 22.2063217163086 21.9740962982178 21.8209819793701 21.6942367553711 21.5674915313721 21.4407482147217 21.3140029907227 21.1872577667236 21.0605144500732 20.9145584106445 20.7109680175781 20.5073795318604 20.3037891387939
50.7500534057617 50.7218704223633 50.6936874389648 50.6655006408691 50.6373176574707 49.6885528564453 48.4329299926758 47.1773071289062 45.9216842651367 44.6660614013672 43.4104385375977 42.1548156738281 40.8543472290039 39.4193382263184 37.9843292236328 36.5493202209473 35.1143112182617 33.6793022155762 32.2442932128906 30.8092823028564 29.8626670837402 29.0788497924805 28.2950325012207 27.5112133026123 26.7273960113525 25.9435787200928 25.159761428833 24.5070152282715 24.2474803924561 23.9879455566406 23.7284126281738 23.4688777923584 23.209342956543 22.9498081207275 22.6902751922607 22.4994659423828 22.3315677642822 22.163667678833 21.9957675933838 21.8278694152832 21.659969329834 21.4920692443848 21.3124942779541 21.0978927612305 20.8832912445068 20.6686897277832
50.8902244567871 50.934009552002 50.9777946472168 51.0215797424316 51.0653648376465 50.2105026245117 49.0560913085938 47.901683807373 46.7472724914551 45.5928649902344 44.4384536743164 43.2840423583984 42.0571060180664 40.6125755310059 39.1680450439453 37.723518371582 36.2789878845215 34.8344612121582 33.3899307250977 31.9454021453857 30.9744491577148 30.1613578796387 29.3482646942139 28.5351715087891 27.7220783233643 26.9089870452881 26.0958938598633 25.4143619537354 25.1275177001953 24.8406734466553 24.5538291931152 24.2669849395752 23.9801406860352 23.6932964324951 23.4064521789551 23.1779518127441 22.9688968658447 22.7598419189453 22.5507888793945 22.3417339324951 22.1326808929443 21.9236259460449 21.7104320526123 21.4848175048828 21.2592029571533 21.0335884094238
51.0303916931152 51.1461448669434 51.2619018554688 51.3776550292969 51.493408203125 50.7324523925781 49.6792526245117 48.6260566711426 47.5728607177734 46.5196647644043 45.4664688110352 44.413272857666 43.2598609924316 41.8058128356934 40.3517646789551 38.8977165222168 37.4436683654785 35.989616394043 34.5355682373047 33.0815200805664 32.0862312316895 31.2438640594482 30.401496887207 29.5591297149658 28.716760635376 27.8743934631348 27.0320262908936 26.3217105865479 26.0075569152832 25.6934032440186 25.3792476654053 25.0650939941406 24.750940322876 24.4367847442627 24.122631072998 23.8564357757568 23.6062259674072 23.3560180664062 23.1058082580566 22.8556003570557 22.6053905487061 22.3551826477051 22.1083679199219 21.8717422485352 21.6351146697998 21.3984889984131
51.1705589294434 51.358283996582 51.5460090637207 51.7337303161621 51.9214553833008 51.2543983459473 50.302417755127 49.3504333496094 48.3984489440918 47.4464645385742 46.4944839477539 45.5424995422363 44.4626197814941 42.9990501403809 41.5354804992676 40.0719146728516 38.6083450317383 37.144775390625 35.681209564209 34.2176399230957 33.1980171203613 32.3263740539551 31.4547290802002 30.5830860137939 29.7114429473877 28.8397998809814 27.9681568145752 27.2290592193604 26.8875942230225 26.5461311340332 26.2046661376953 25.8632011413574 25.5217380523682 25.1802730560303 24.8388080596924 24.5349197387695 24.2435569763184 23.9521923065186 23.6608295440674 23.3694648742676 23.0781021118164 22.7867374420166 22.5063056945801 22.2586669921875 22.0110263824463 21.7633876800537
51.1049156188965 51.3690490722656 51.6331787109375 51.8973083496094 52.1614418029785 51.5960884094238 50.7542419433594 49.9123916625977 49.0705451965332 48.2286987304688 47.3868522644043 46.5450057983398 45.546272277832 44.0768890380859 42.6075019836426 41.1381149291992 39.6687278747559 38.1993408203125 36.7299537658691 35.2605667114258 34.1919364929199 33.2568855285645 32.3218383789062 31.3867893218994 30.4517402648926 29.5166912078857 28.5816421508789 27.7907619476318 27.4323863983154 27.074010848999 26.7156352996826 26.3572597503662 25.9988822937012 25.6405067443848 25.2821311950684 24.9677619934082 24.6680603027344 24.3683586120605 24.0686569213867 23.7689571380615 23.4692554473877 23.1695537567139 22.879114151001 22.6164627075195 22.3538112640381 22.091157913208
50.8334617614746 51.1784362792969 51.5234107971191 51.8683853149414 52.2133598327637 51.7575149536133 51.0347290039062 50.311939239502 49.5891532897949 48.8663673400879 48.1435775756836 47.4207916259766 46.5108261108398 45.0393218994141 43.5678215026855 42.0963172912598 40.624813079834 39.1533126831055 37.6818084716797 36.2103042602539 35.0679893493652 34.0354042053223 33.0028228759766 31.970235824585 30.937650680542 29.9050674438477 28.8724822998047 28.0068206787109 27.6419315338135 27.277042388916 26.9121532440186 26.5472640991211 26.1823749542236 25.8174858093262 25.4525966644287 25.1549587249756 24.8797378540039 24.6045150756836 24.3292942047119 24.0540733337402 23.7788505554199 23.5036296844482 23.2267971038818 22.9451313018799 22.6634654998779 22.3818016052246
