data/working_set_collections/6091692-Cassins_Sparrow-M2/2010/eflux_avg.asc
NCOLS 265 
NROWS 230 
XLLCORNER -115.5625 
YLLCORNER 24.8333333333333 
CELLSIZE 0.0833333333333333 
NODATA_value -9999 
[rows 20 to 39 of 230, columns 46 to 91 of 265]
43.2619514465332 43.7580909729004 44.2542304992676 44.7503662109375 45.2465057373047 45.7426452636719 45.4690475463867 44.9388732910156 44.4086990356445 43.8785247802734 43.3483467102051 42.818172454834 42.2879981994629 41.552806854248 40.2025604248047 38.8523178100586 37.5020713806152 36.1518287658691 34.8015823364258 33.4513397216797 32.1010932922363 31.3267765045166 30.7444343566895 30.1620922088623 29.5797519683838 28.9974098205566 28.4150676727295 27.832727432251 27.2847785949707 26.8400077819824 26.3952369689941 25.9504661560059 25.5056953430176 25.0609245300293 24.6161556243896 24.1713848114014 24.2160167694092 24.4237823486328 24.6315479278564 24.8393135070801 25.0470790863037 25.2548446655273 25.462610244751 25.4527893066406 24.7902030944824 24.1276168823242
42.5952262878418 43.0461120605469 43.4970016479492 43.9478874206543 44.3987731933594 44.8496627807617 44.5337562561035 43.9622497558594 43.3907432556152 42.8192367553711 42.2477340698242 41.6762275695801 41.1047210693359 40.3574295043945 39.0827827453613 37.8081359863281 36.5334892272949 35.2588424682617 33.9841918945312 32.709545135498 31.4348983764648 30.6416397094727 30.008846282959 29.3760509490967 28.7432556152344 28.1104621887207 27.4776668548584 26.8448715209961 26.2733478546143 25.8856296539307 25.4979133605957 25.1101951599121 24.7224788665771 24.3347606658936 23.94704246521 23.559326171875 23.6281814575195 23.8492279052734 24.0702743530273 24.2913188934326 24.5123653411865 24.7334117889404 24.9544582366943 24.9719085693359 24.3785762786865 23.7852439880371
41.9284973144531 42.3341331481934 42.7397689819336 43.1454086303711 43.5510444641113 43.9566802978516 43.598461151123 42.9856262207031 42.3727912902832 41.759952545166 41.1471176147461 40.5342826843262 39.921443939209 39.1620559692383 37.963005065918 36.7639541625977 35.5649032592773 34.3658561706543 33.166805267334 31.9677543640137 30.7687034606934 29.9565048217773 29.2732563018799 28.5900096893311 27.9067611694336 27.2235145568848 26.5402660369873 25.8570175170898 25.2619171142578 24.9312515258789 24.6005878448486 24.2699241638184 23.9392604827881 23.6085968017578 23.2779312133789 22.9472675323486 23.0403461456299 23.2746734619141 23.5089988708496 23.7433261871338 23.9776515960693 24.2119789123535 24.4463062286377 24.4910297393799 23.9669494628906 23.4428691864014
41.2617721557617 41.6221580505371 41.9825401306152 42.3429260253906 42.703311920166 43.0636978149414 42.6631660461426 42.0090026855469 41.3548355102539 40.7006683349609 40.046501159668 39.392333984375 38.7381706237793 37.966682434082 36.8432273864746 35.7197761535645 34.596321105957 33.4728698730469 32.3494148254395 31.2259616851807 30.1025085449219 29.271369934082 28.5376682281494 27.8039684295654 27.0702667236328 26.3365669250488 25.6028652191162 24.8691635131836 24.2504863739014 23.9768753051758 23.7032642364502 23.4296531677246 23.156042098999 22.8824310302734 22.6088199615479 22.3352088928223 22.4525108337402 22.7001190185547 22.9477252960205 23.1953315734863 23.4429397583008 23.6905460357666 23.9381523132324 24.0101509094238 23.5553226470947 23.1004943847656
40.8775749206543 41.1412582397461 41.4049415588379 41.668628692627 41.9323120117188 42.1959953308105 41.7800788879395 41.1376304626465 40.4951782226562 39.8527297973633 39.210277557373 38.5678291320801 37.9253768920898 37.1715202331543 36.083438873291 34.995361328125 33.9072799682617 32.8192024230957 31.7311229705811 30.6430435180664 29.5549640655518 28.6988525390625 27.9200630187988 27.1412754058838 26.3624858856201 25.5836982727051 24.8049087524414 24.0261192321777 23.3784084320068 23.1239261627197 22.8694458007812 22.6149635314941 22.3604831695557 22.1060009002686 21.8515205383301 21.597038269043 21.7558078765869 22.0523262023926 22.3488426208496 22.6453609466553 22.9418792724609 23.2383975982666 23.5349159240723 23.6825752258301 23.3836536407471 23.0847320556641
40.7759056091309 40.8914413452148 41.0069732666016 41.1225090026855 41.2380447387695 41.3535766601562 40.9491958618164 40.371509552002 39.7938194274902 39.2161331176758 38.6384468078613 38.0607566833496 37.4830703735352 36.7765731811523 35.6836433410645 34.5907135009766 33.4977836608887 32.404857635498 31.3119277954102 30.2189979553223 29.1260681152344 28.2389526367188 27.4204425811768 26.6019306182861 25.7834186553955 24.9649085998535 24.1463966369629 23.3278846740723 22.6456832885742 22.372407913208 22.0991325378418 21.8258571624756 21.5525817871094 21.2793064117432 21.006031036377 20.7327556610107 20.9502334594727 21.3312931060791 21.7123546600342 22.0934143066406 22.4744758605957 22.8555355072021 23.2365970611572 23.5083026885986 23.4519443511963 23.3955841064453
40.6742401123047 40.6416244506836 40.6090087890625 40.5763931274414 40.5437774658203 40.5111618041992 40.1183128356934 39.6053886413574 39.0924644470215 38.5795364379883 38.0666122436523 37.5536880493164 37.0407638549805 36.3816261291504 35.2838478088379 34.1860656738281 33.0882873535156 31.9905109405518 30.8927307128906 29.7949523925781 28.6971740722656 27.7790546417236 26.9208202362061 26.0625858306885 25.2043533325195 24.346118927002 23.4878845214844 22.6296520233154 21.9129581451416 21.6208896636963 21.3288192749023 21.036750793457 20.7446823120117 20.4526119232178 20.1605434417725 19.8684730529785 20.1446590423584 20.6102619171143 21.0758647918701 21.541467666626 22.0070705413818 22.4726734161377 22.9382762908936 23.3340301513672 23.5202331542969 23.7064361572266
40.5725708007812 40.3918037414551 40.2110404968262 40.0302734375 39.8495063781738 39.6687431335449 39.2874298095703 38.8392677307129 38.3911056518555 37.942943572998 37.4947814941406 37.0466194152832 36.5984573364258 35.9866752624512 34.8840484619141 33.781421661377 32.6787910461426 31.5761642456055 30.4735355377197 29.370906829834 28.2682800292969 27.3191547393799 26.4211978912354 25.5232429504395 24.6252861022949 23.7273292541504 22.8293724060059 21.93141746521 21.180233001709 20.8693695068359 20.5585079193115 20.2476444244385 19.9367809295654 19.6259174346924 19.3150539398193 19.0041904449463 19.3390846252441 19.8892307281494 20.4393749237061 20.9895210266113 21.5396671295166 22.0898113250732 22.6399574279785 23.1597576141357 23.5885238647461 24.0172882080078
40.4709014892578 40.1419868469238 39.8130722045898 39.4841537475586 39.1552391052246 38.8263244628906 38.4565467834473 38.0731468200684 37.6897468566895 37.3063468933105 36.9229469299316 36.5395469665527 36.1561470031738 35.5917282104492 34.4842529296875 33.3767738342285 32.2692947387695 31.1618175506592 30.0543403625488 28.9468631744385 27.8393840789795 26.8592567443848 25.9215774536133 24.9838981628418 24.0462188720703 23.1085395812988 22.1708602905273 21.2331829071045 20.4475078582764 20.1178512573242 19.7881946563721 19.4585380554199 19.1288795471191 18.799222946167 18.4695663452148 18.1399078369141 18.5335102081299 19.1681976318359 19.802885055542 20.4375743865967 21.0722618103027 21.7069492340088 22.3416385650635 22.9854850769043 23.6568126678467 24.3281402587891
40.3692359924316 39.8921699523926 39.4151039123535 38.9380378723145 38.4609718322754 37.9839057922363 37.625659942627 37.3070259094238 36.9883880615234 36.669750213623 36.3511161804199 36.0324783325195 35.7138404846191 35.1967811584473 34.0844535827637 32.9721260070801 31.8598003387451 30.7474727630615 29.6351451873779 28.5228176116943 27.4104900360107 26.399356842041 25.4219551086426 24.4445533752441 23.4671516418457 22.4897499084473 21.5123500823975 20.534948348999 19.7147846221924 19.3663330078125 19.0178813934326 18.6694297790527 18.3209800720215 17.9725284576416 17.6240768432617 17.2756252288818 17.7279357910156 18.4471664428711 19.1663970947266 19.885627746582 20.6048564910889 21.3240871429443 22.0433177947998 22.8112125396729 23.7251033782959 24.6389923095703
40.5122032165527 39.947322845459 39.3824424743652 38.8175582885742 38.2526779174805 37.6877975463867 37.3702278137207 37.1350936889648 36.899959564209 36.6648292541504 36.4296951293945 36.1945610046387 35.9594306945801 35.4991188049316 34.3632698059082 33.2274208068848 32.0915718078613 30.9557228088379 29.8198738098145 28.6840267181396 27.5481777191162 26.4997711181641 25.4805145263672 24.4612579345703 23.4419994354248 22.4227428436279 21.4034843444824 20.3842277526855 19.5284900665283 19.1633148193359 18.7981376647949 18.4329605102539 18.0677852630615 17.7026081085205 17.3374309539795 16.9722557067871 17.4358444213867 18.175687789917 18.9155330657959 19.6553764343262 20.3952198028564 21.1350650787354 21.8749084472656 22.7022094726562 23.7918834686279 24.8815574645996
40.8998107910156 40.3074493408203 39.7150840759277 39.1227226257324 38.5303611755371 37.9379997253418 37.690242767334 37.5573539733887 37.4244651794434 37.291576385498 37.15869140625 37.0258026123047 36.8929138183594 36.4987373352051 35.3206977844238 34.1426544189453 32.9646110534668 31.7865715026855 30.6085300445557 29.4304885864258 28.2524471282959 27.1605014801025 26.0972537994385 25.034008026123 23.9707622528076 22.9075145721436 21.8442687988281 20.7810230255127 19.8886299133301 19.5087966918945 19.128963470459 18.7491302490234 18.3692970275879 17.9894638061523 17.6096305847168 17.2297973632812 17.6572341918945 18.3537635803223 19.05029296875 19.7468223571777 20.4433498382568 21.1398792266846 21.8364086151123 22.6584758758545 23.8571548461914 25.0558338165283
41.2874183654785 40.6675720214844 40.0477294921875 39.4278869628906 38.8080444335938 38.1881980895996 38.0102577209473 37.9796142578125 37.9489707946777 37.918327331543 37.8876838684082 37.8570404052734 37.8263969421387 37.4983558654785 36.2781219482422 35.0578880310059 33.8376541137695 32.6174201965332 31.3971843719482 30.1769504547119 28.956714630127 27.8212299346924 26.7139949798584 25.6067600250244 24.4995231628418 23.3922882080078 22.2850532531738 21.1778163909912 20.2487678527832 19.8542785644531 19.4597873687744 19.0652980804443 18.6708087921143 18.2763175964355 17.8818283081055 17.4873371124268 17.878625869751 18.5318393707275 19.1850528717041 19.8382663726807 20.4914817810059 21.1446952819824 21.797908782959 22.6147403717041 23.9224262237549 25.2301120758057
41.6750221252441 41.0276985168457 40.3803749084473 39.7330474853516 39.0857238769531 38.4384002685547 38.3302688598633 38.4018707275391 38.4734725952148 38.5450782775879 38.6166801452637 38.6882820129395 38.7598838806152 38.4979782104492 37.2355499267578 35.9731216430664 34.710693359375 33.4482688903809 32.1858406066895 30.923412322998 29.6609840393066 28.4819583892822 27.3307342529297 26.1795101165771 25.0282859802246 23.8770618438721 22.7258358001709 21.5746116638184 20.608907699585 20.1997604370117 19.7906131744385 19.3814659118652 18.972318649292 18.5631732940674 18.1540260314941 17.7448787689209 18.1000156402588 18.7099151611328 19.3198146820068 19.9297122955322 20.5396118164062 21.1495094299316 21.7594089508057 22.5710067749023 23.9876976013184 25.404390335083
42.062629699707 41.387825012207 40.7130165100098 40.0382118225098 39.3634071350098 38.6886024475098 38.6502838134766 38.8241310119629 38.9979782104492 39.1718254089355 39.3456726074219 39.5195198059082 39.6933670043945 39.4975967407227 38.1929779052734 36.888355255127 35.5837364196777 34.2791137695312 32.974494934082 31.6698741912842 30.3652534484863 29.1426887512207 27.9474754333496 26.7522602081299 25.5570468902588 24.3618335723877 23.1666202545166 21.9714069366455 20.9690456390381 20.5452423095703 20.1214389801025 19.6976337432861 19.2738304138184 18.8500270843506 18.4262237548828 18.002420425415 18.3214073181152 18.8879909515381 19.4545745849609 20.0211582183838 20.5877418518066 21.1543254852295 21.7209091186523 22.527271270752 24.0529689788818 25.5786666870117
42.4502372741699 41.7479476928711 41.0456619262695 40.343376159668 39.6410903930664 38.9388008117676 38.9702987670898 39.2463912963867 39.5224838256836 39.7985763549805 40.0746688842773 40.350757598877 40.6268501281738 40.4972152709961 39.1504020690918 37.8035888671875 36.4567756652832 35.1099624633789 33.7631492614746 32.4163360595703 31.069522857666 29.8034172058105 28.5642147064209 27.3250122070312 26.0858097076416 24.846607208252 23.6074047088623 22.3682022094727 21.3291835784912 20.8907241821289 20.452262878418 20.0138034820557 19.5753421783447 19.1368827819824 18.6984214782715 18.2599620819092 18.542797088623 19.0660667419434 19.589334487915 20.1126041412354 20.635871887207 21.1591415405273 21.682409286499 22.4835357666016 24.1182403564453 25.7529449462891
42.5818214416504 41.8610496520996 41.1402778625488 40.419506072998 39.6987342834473 38.9779624938965 39.0535202026367 39.3945236206055 39.7355270385742 40.076530456543 40.4175338745117 40.7585372924805 41.0995407104492 40.9982795715332 39.5702362060547 38.1421928405762 36.7141456604004 35.2861022949219 33.8580589294434 32.4300117492676 31.0019683837891 29.7263374328613 28.5015106201172 27.2766857147217 26.0518589019775 24.8270320892334 23.6022071838379 22.3773803710938 21.35817527771 20.9558353424072 20.5534954071045 20.1511535644531 19.7488136291504 19.3464736938477 18.9441337585449 18.5417919158936 18.8046646118164 19.2892742156982 19.7738838195801 20.2584953308105 20.7431049346924 21.2277145385742 21.7123241424561 22.4936809539795 24.1652755737305 25.8368701934814
42.4573860168457 41.727123260498 40.9968643188477 40.2666015625 39.5363426208496 38.806079864502 38.8999519348145 39.2685317993164 39.6371116638184 40.0056915283203 40.3742713928223 40.7428512573242 41.1114311218262 41.0007858276367 39.4524726867676 37.9041595458984 36.3558464050293 34.8075332641602 33.259220123291 31.7109050750732 30.1625919342041 28.911449432373 27.7593650817871 26.6072807312012 25.4551963806152 24.3031120300293 23.151029586792 21.9989452362061 21.0560207366943 20.7405757904053 20.4251327514648 20.1096897125244 19.7942447662354 19.4788017272949 19.1633567810059 18.8479137420654 19.1070079803467 19.5576171875 20.0082244873047 20.4588317871094 20.9094390869141 21.3600482940674 21.8106555938721 22.5577030181885 24.1940727233887 25.8304424285889
42.332950592041 41.5932006835938 40.8534507751465 40.1137008666992 39.373950958252 38.6342010498047 38.7463798522949 39.1425361633301 39.5386962890625 39.9348526000977 40.3310089111328 40.727165222168 41.1233215332031 41.0032958984375 39.3347129821777 37.666130065918 35.9975471496582 34.3289642333984 32.6603813171387 30.9917964935303 29.3232135772705 28.0965614318848 27.017219543457 25.9378776550293 24.8585357666016 23.7791919708252 22.6998500823975 21.6205081939697 20.7538642883301 20.525318145752 20.2967700958252 20.0682239532471 19.8396759033203 19.6111297607422 19.3825817108154 19.1540336608887 19.409351348877 19.8259582519531 20.2425632476807 20.6591701507568 21.0757751464844 21.4923801422119 21.9089870452881 22.6217269897461 24.2228717803955 25.8240165710449
42.2085113525391 41.4592742919922 40.7100372314453 39.9607963562012 39.2115592956543 38.4623184204102 38.5928115844727 39.016544342041 39.4402770996094 39.864013671875 40.2877464294434 40.7114791870117 41.1352157592773 41.005802154541 39.2169494628906 37.4280967712402 35.6392440795898 33.8503913879395 32.0615425109863 30.2726879119873 28.4838371276855 27.2816734313965 26.275074005127 25.2684726715088 24.2618732452393 23.2552719116211 22.2486724853516 21.242073059082 20.4517097473145 20.31005859375 20.1684093475342 20.0267581939697 19.8851070404053 19.7434558868408 19.601806640625 19.4601554870605 19.7116966247559 20.0942993164062 20.4769020080566 20.8595066070557 21.2421092987061 21.6247138977051 22.0073165893555 22.6857509613037 24.2516708374023 25.817590713501
