data/working_set_collections/6091692-Cassins_Sparrow-M2/2010/evland_avg.asc
NCOLS 265 
NROWS 230 
XLLCORNER -115.5625 
YLLCORNER 24.8333333333333 
CELLSIZE 0.0833333333333333 
NODATA_value -9999 
[rows 0 to 17 of 230, columns 0 to 40 of 265]
0.000017123758880 1.69313043443253e-05 1.67388516274514e-05 1.65463989105774e-05 1.63539461937035e-05 1.61614934768295e-05 1.59690389409661e-05 1.57358226715587e-05 1.54890167323174e-05 1.52422107930761e-05 1.49954048538348e-05 1.47485989145935e-05 1.45017929753521e-05 1.42549870361108e-05 1.40277661557775e-05 1.38593004521681e-05 1.3690833839064e-05 1.35223672259599e-05 1.33539015223505e-05 1.31854349092464e-05 1.30169682961423e-05 1.28485025925329e-05 1.28016290545929e-05 1.27952880575322e-05 1.27889461509767e-05 1.27826051539159e-05 1.27762632473605e-05 1.27699222502997e-05 1.27635803437443e-05 1.27660232465132e-05 1.27948178487713e-05 1.28236124510295e-05 1.28524079627823e-05 1.28812025650404e-05 1.29099971672986e-05 1.29387917695567e-05 1.29675863718148e-05 1.33437906697509e-05 1.38357972900849e-05 1.43278048199136e-05 1.48198114402476e-05
1.65391647897195e-05 1.64012835739413e-05 1.62634023581631e-05 1.6125521142385e-05 1.59876399266068e-05 1.58497587108286e-05 1.57118774950504e-05 1.54814097186318e-05 1.52200800584978e-05 1.49587503983639e-05 1.469742073823e-05 1.44360919875908e-05 1.41747623274568e-05 1.39134326673229e-05 1.36754824779928e-05 1.35076716105687e-05 1.33398607431445e-05 1.31720498757204e-05 1.30042390082963e-05 1.28364272313775e-05 1.26686163639533e-05 1.25008054965292e-05 1.24473090181709e-05 1.24319176393328e-05 1.24165262604947e-05 1.24011348816566e-05 1.23857435028185e-05 1.23703512144857e-05 1.23549598356476e-05 1.23557565530064e-05 1.24051157399663e-05 1.24544749269262e-05 1.25038341138861e-05 1.2553193300846e-05 1.2602552487806e-05 1.26519116747659e-05 1.27012708617258e-05 1.30880334836547e-05 1.35872642204049e-05 1.40864949571551e-05 1.45857256939053e-05
1.59545706992503e-05 1.58712609845679e-05 1.57879512698855e-05 1.57046415552031e-05 1.56213336595101e-05 1.55380239448277e-05 1.54547142301453e-05 1.52269967657048e-05 1.49511433846783e-05 1.46752909131465e-05 1.43994375321199e-05 1.41235841510934e-05 1.38477316795615e-05 1.3571878298535e-05 1.33231997097027e-05 1.31560436784639e-05 1.29888876472251e-05 1.28217316159862e-05 1.26545764942421e-05 1.24874204630032e-05 1.23202644317644e-05 1.21531093100202e-05 1.20929889817489e-05 1.20685472211335e-05 1.2044105460518e-05 1.20196646093973e-05 1.19952228487819e-05 1.19707810881664e-05 1.1946339327551e-05 1.19454889500048e-05 1.20154127216665e-05 1.20853364933282e-05 1.21552602649899e-05 1.22251831271569e-05 1.22951068988186e-05 1.23650306704803e-05 1.2434954442142e-05 1.28322762975586e-05 1.33387302412302e-05 1.38451850943966e-05 1.43516399475629e-05
1.53699766087811e-05 1.53412383951945e-05 1.53125020005973e-05 1.52837637870107e-05 1.52550264829188e-05 1.52262891788268e-05 1.51975509652402e-05 1.49725847222726e-05 1.46822076203534e-05 1.43918305184343e-05 1.41014543260098e-05 1.38110772240907e-05 1.35207001221715e-05 1.32303239297471e-05 1.2970916031918e-05 1.28044148368645e-05 1.26379145513056e-05 1.24714142657467e-05 1.23049139801878e-05 1.2138413694629e-05 1.19719124995754e-05 1.18054122140165e-05 1.17386689453269e-05 1.17051768029341e-05 1.16716855700361e-05 1.16381934276433e-05 1.16047021947452e-05 1.15712109618471e-05 1.15377188194543e-05 1.15352222564979e-05 1.16257106128614e-05 1.17161980597302e-05 1.18066864160937e-05 1.18971738629625e-05 1.1987662219326e-05 1.20781496661948e-05 1.21686380225583e-05 1.25765182019677e-05 1.30901971715502e-05 1.36038752316381e-05 1.41175542012206e-05
1.4785382518312e-05 1.48112167153158e-05 1.48370509123197e-05 1.48628851093235e-05 1.48887202158221e-05 1.4914554412826e-05 1.49403886098298e-05 1.47181717693456e-05 1.44132709465339e-05 1.41083710332168e-05 1.38034702104051e-05 1.34985693875933e-05 1.31936694742762e-05 1.28887686514645e-05 1.26186323541333e-05 1.24527869047597e-05 1.22869414553861e-05 1.21210969155072e-05 1.19552514661336e-05 1.178940601676e-05 1.16235605673864e-05 1.14577160275076e-05 1.13843479994102e-05 1.13418063847348e-05 1.12992647700594e-05 1.1256723155384e-05 1.12141815407085e-05 1.11716399260331e-05 1.11290983113577e-05 1.11249555629911e-05 1.12360075945617e-05 1.13470596261322e-05 1.14581125671975e-05 1.15691645987681e-05 1.16802166303387e-05 1.1791269571404e-05 1.19023216029746e-05 1.23207610158715e-05 1.28416631923756e-05 1.33625662783743e-05 1.38834684548783e-05
1.42007884278428e-05 1.42811950354371e-05 1.43616007335368e-05 1.44420073411311e-05 1.45224130392307e-05 1.46028196468251e-05 1.46832262544194e-05 1.44637588164187e-05 1.4144335182209e-05 1.38249106385047e-05 1.3505487004295e-05 1.31860624605906e-05 1.2866638826381e-05 1.25472142826766e-05 1.22663486763486e-05 1.2101158972655e-05 1.19359683594666e-05 1.1770778655773e-05 1.16055889520794e-05 1.14403992483858e-05 1.12752086351975e-05 1.11100189315039e-05 1.10300279629882e-05 1.09784359665355e-05 1.09268448795774e-05 1.08752528831246e-05 1.08236608866719e-05 1.07720697997138e-05 1.0720477803261e-05 1.07146888694842e-05 1.08463054857566e-05 1.0977922102029e-05 1.11095387183013e-05 1.12411553345737e-05 1.13727719508461e-05 1.15043885671184e-05 1.16360051833908e-05 1.20650038297754e-05 1.25931301226956e-05 1.31212564156158e-05 1.3649382708536e-05
1.35702503030188e-05 1.36783264679252e-05 1.37864026328316e-05 1.3894478797738e-05 1.40025549626444e-05 1.41106311275507e-05 1.42187082019518e-05 1.40193305924186e-05 1.37174693009001e-05 1.3415607099887e-05 1.31137458083685e-05 1.28118836073554e-05 1.2510022315837e-05 1.22081610243185e-05 1.19442065624753e-05 1.17939734991523e-05 1.16437413453241e-05 1.14935082820011e-05 1.13432761281729e-05 1.11930430648499e-05 1.10428109110217e-05 1.08925778476987e-05 1.08168278529774e-05 1.07659061541199e-05 1.07149835457676e-05 1.06640609374153e-05 1.06131383290631e-05 1.05622157207108e-05 1.05112931123585e-05 1.05092449302902e-05 1.06538200270734e-05 1.07983951238566e-05 1.09429702206398e-05 1.10875453174231e-05 1.12321204142063e-05 1.13766946014948e-05 1.1521269698278e-05 1.19618734970572e-05 1.2501153833e-05 1.3040433259448e-05 1.35797126858961e-05
1.28937672343454e-05 1.30026119222748e-05 1.31114566102042e-05 1.32203012981336e-05 1.33291450765682e-05 1.34379897644976e-05 1.3546834452427e-05 1.33848861878505e-05 1.31326733026071e-05 1.28804604173638e-05 1.26282466226257e-05 1.23760337373824e-05 1.2123820852139e-05 1.18716079668957e-05 1.16522051030188e-05 1.15312323032413e-05 1.1410258593969e-05 1.12892857941915e-05 1.11683120849193e-05 1.10473392851418e-05 1.09263664853643e-05 1.0805392776092e-05 1.07447494883672e-05 1.07042151284986e-05 1.066368076863e-05 1.06231464087614e-05 1.05826129583875e-05 1.05420785985189e-05 1.05015442386502e-05 1.05086255643982e-05 1.06585530375014e-05 1.08084796011099e-05 1.0958407074213e-05 1.11083345473162e-05 1.12582611109246e-05 1.14081885840278e-05 1.1558116057131e-05 1.20113700177171e-05 1.25657334137941e-05 1.3120096809871e-05 1.3674460205948e-05
1.2217284165672e-05 1.23268973766244e-05 1.24365096780821e-05 1.25461228890345e-05 1.26557360999868e-05 1.27653484014445e-05 1.28749616123969e-05 1.27504417832824e-05 1.25478773043142e-05 1.23453128253459e-05 1.21427483463776e-05 1.19401838674094e-05 1.17376193884411e-05 1.15350558189675e-05 1.13602036435623e-05 1.12684901978355e-05 1.11767767521087e-05 1.10850623968872e-05 1.09933489511604e-05 1.09016355054337e-05 1.08099220597069e-05 1.07182077044854e-05 1.06726702142623e-05 1.06425241028774e-05 1.06123789009871e-05 1.05822327896021e-05 1.05520866782172e-05 1.05219414763269e-05 1.04917953649419e-05 1.05080061985063e-05 1.06632851384347e-05 1.08185649878578e-05 1.09738439277862e-05 1.11291237772093e-05 1.12844027171377e-05 1.14396825665608e-05 1.15949615064892e-05 1.2060866538377e-05 1.26303139040829e-05 1.31997612697887e-05 1.37692077259999e-05
1.15408010969986e-05 1.1651182830974e-05 1.17615636554547e-05 1.18719444799353e-05 1.19823262139107e-05 1.20927070383914e-05 1.22030887723668e-05 1.21159964692197e-05 1.19630813060212e-05 1.1810165233328e-05 1.16572500701295e-05 1.15043339974363e-05 1.13514188342378e-05 1.11985027615447e-05 1.10682021841058e-05 1.10057480924297e-05 1.09432940007537e-05 1.08808399090776e-05 1.08183858174016e-05 1.07559317257255e-05 1.06934767245548e-05 1.06310226328787e-05 1.06005909401574e-05 1.05808339867508e-05 1.05610761238495e-05 1.05413191704429e-05 1.05215613075416e-05 1.05018034446402e-05 1.04820464912336e-05 1.05073859231197e-05 1.06680181488628e-05 1.08286494651111e-05 1.09892807813594e-05 1.11499130071024e-05 1.13105443233508e-05 1.14711756395991e-05 1.16318078653421e-05 1.21103639685316e-05 1.26948943943717e-05 1.32794248202117e-05 1.38639552460518e-05
1.08643189378199e-05 1.09754682853236e-05 1.10866176328273e-05 1.11977669803309e-05 1.13089163278346e-05 1.14200656753383e-05 1.15312150228419e-05 1.14815520646516e-05 1.13782853077282e-05 1.12750185508048e-05 1.11717508843867e-05 1.10684841274633e-05 1.09652173705399e-05 1.08619506136165e-05 1.07762016341439e-05 1.07430068965186e-05 1.07098121588933e-05 1.06766165117733e-05 1.0643421774148e-05 1.06102270365227e-05 1.05770322988974e-05 1.05438375612721e-05 1.05285116660525e-05 1.05191429611295e-05 1.05097742562066e-05 1.05004046417889e-05 1.0491035936866e-05 1.04816663224483e-05 1.04722976175253e-05 1.05067665572278e-05 1.06727502497961e-05 1.08387339423643e-05 1.10047185444273e-05 1.11707022369956e-05 1.13366859295638e-05 1.15026696221321e-05 1.16686533147004e-05 1.21598604891915e-05 1.27594748846604e-05 1.33590892801294e-05 1.39587027661037e-05
1.01878358691465e-05 1.02997537396732e-05 1.04116716101998e-05 1.05235885712318e-05 1.06355064417585e-05 1.07474243122851e-05 1.08593421828118e-05 1.08471076600836e-05 1.07934893094352e-05 1.07398709587869e-05 1.06862526081386e-05 1.06326342574903e-05 1.0579015906842e-05 1.05253975561936e-05 1.04842001746874e-05 1.04802647911129e-05 1.04763294075383e-05 1.04723940239637e-05 1.04684586403891e-05 1.04645232568146e-05 1.046058787324e-05 1.04566524896654e-05 1.04564333014423e-05 1.04574519355083e-05 1.0458471479069e-05 1.04594910226297e-05 1.04605096566956e-05 1.04615292002563e-05 1.0462548743817e-05 1.05061471913359e-05 1.06774832602241e-05 1.08488193291123e-05 1.10201553980005e-05 1.11914914668887e-05 1.13628275357769e-05 1.15341636046651e-05 1.17054996735533e-05 1.22093570098514e-05 1.28240544654545e-05 1.34387528305524e-05 1.40534502861556e-05
9.8476657512947e-06 9.95964455796639e-06 1.00716233646381e-05 1.01836030808045e-05 1.02955818874761e-05 1.04075606941478e-05 1.05195395008195e-05 1.05371364043094e-05 1.05232720670756e-05 1.05094077298418e-05 1.04955433926079e-05 1.04816790553741e-05 1.04678147181403e-05 1.04539503809065e-05 1.04480577647337e-05 1.04660784927546e-05 1.04840992207755e-05 1.05021199487965e-05 1.05201406768174e-05 1.0538162314333e-05 1.0556183042354e-05 1.05742037703749e-05 1.05819981399691e-05 1.05863846329157e-05 1.05907702163677e-05 1.05951567093143e-05 1.05995422927663e-05 1.06039287857129e-05 1.06083143691649e-05 1.06544976006262e-05 1.08260683191475e-05 1.09976399471634e-05 1.11692115751794e-05 1.13407832031953e-05 1.15123548312113e-05 1.16839255497325e-05 1.18554971777485e-05 1.23606123452191e-05 1.29769077830133e-05 1.35932041303022e-05 1.42094995680964e-05
9.84380858426448e-06 9.95514164969791e-06 1.00664747151313e-05 1.01778086900595e-05 1.02891417554929e-05 1.04004748209263e-05 1.05118087958544e-05 1.05516382973292e-05 1.05676335806493e-05 1.05836288639694e-05 1.05996241472894e-05 1.06156185211148e-05 1.06316138044349e-05 1.0647609087755e-05 1.06677744042827e-05 1.07004480014439e-05 1.07331215986051e-05 1.07657951957663e-05 1.07984697024222e-05 1.08311432995833e-05 1.08638168967445e-05 1.08964914034004e-05 1.09052080006222e-05 1.09059392343624e-05 1.09066704681027e-05 1.09074026113376e-05 1.09081338450778e-05 1.09088650788181e-05 1.09095963125583e-05 1.0951816875604e-05 1.11185072455555e-05 1.12851976155071e-05 1.14518870759639e-05 1.16185774459154e-05 1.1785267815867e-05 1.19519572763238e-05 1.21186476462753e-05 1.26136255858e-05 1.3218033927842e-05 1.38224413603893e-05 1.44268497024314e-05
9.83995141723426e-06 9.95063874142943e-06 1.00613269751193e-05 1.01720142993145e-05 1.02827016235096e-05 1.03933898571995e-05 1.05040771813947e-05 1.0566140190349e-05 1.06119941847282e-05 1.06578490886022e-05 1.07037039924762e-05 1.07495588963502e-05 1.07954128907295e-05 1.08412677946035e-05 1.0887490134337e-05 1.09348175101331e-05 1.09821439764346e-05 1.10294713522308e-05 1.10767978185322e-05 1.11241251943284e-05 1.11714516606298e-05 1.1218779036426e-05 1.12284178612754e-05 1.12254947453039e-05 1.12225707198377e-05 1.12196476038662e-05 1.12167244878947e-05 1.12138013719232e-05 1.1210877346457e-05 1.12491370600765e-05 1.14109461719636e-05 1.1572754374356e-05 1.17345634862431e-05 1.18963716886356e-05 1.20581808005227e-05 1.22199890029151e-05 1.23817972053075e-05 1.28666397358757e-05 1.34591600726708e-05 1.40516794999712e-05 1.46441998367663e-05
9.83609425020404e-06 9.94613583316095e-06 1.00561783256126e-05 1.01662199085695e-05 1.02762614915264e-05 1.0386303983978e-05 1.04963455669349e-05 1.05806420833687e-05 1.06563556983019e-05 1.07320702227298e-05 1.0807783837663e-05 1.08834983620909e-05 1.09592119770241e-05 1.1034926501452e-05 1.1107206773886e-05 1.11691861093277e-05 1.12311663542641e-05 1.12931465992006e-05 1.13551259346423e-05 1.14171061795787e-05 1.14790864245151e-05 1.15410657599568e-05 1.15516277219285e-05 1.15450493467506e-05 1.15384718810674e-05 1.15318935058895e-05 1.15253151307115e-05 1.15187376650283e-05 1.15121592898504e-05 1.15464572445489e-05 1.1703384188877e-05 1.18603120426997e-05 1.20172389870277e-05 1.21741659313557e-05 1.23310937851784e-05 1.24880207295064e-05 1.26449476738344e-05 1.31196538859513e-05 1.37002853080048e-05 1.42809176395531e-05 1.48615499711013e-05
9.83223708317382e-06 9.94163292489247e-06 1.00510296761058e-05 1.01604255178245e-05 1.02698222690378e-05 1.03792181107565e-05 1.04886148619698e-05 1.05951439763885e-05 1.07007172118756e-05 1.08062904473627e-05 1.09118645923445e-05 1.10174378278316e-05 1.11230110633187e-05 1.12285842988058e-05 1.13269225039403e-05 1.1403555618017e-05 1.14801887320937e-05 1.15568218461704e-05 1.1633454960247e-05 1.17100880743237e-05 1.17867202789057e-05 1.18633533929824e-05 1.18748375825817e-05 1.1864604857692e-05 1.18543721328024e-05 1.18441394079127e-05 1.18339057735284e-05 1.18236730486387e-05 1.18134403237491e-05 1.18437774290214e-05 1.1995823115285e-05 1.21478688015486e-05 1.22999144878122e-05 1.24519601740758e-05 1.26040067698341e-05 1.27560524560977e-05 1.29080981423613e-05 1.33726671265322e-05 1.39414114528336e-05 1.45101557791349e-05 1.50789001054363e-05
9.8283799161436e-06 9.937130016624e-06 1.00458810265991e-05 1.01546311270795e-05 1.02633821370546e-05 1.0372132237535e-05 1.04808832475101e-05 1.06096458694083e-05 1.07450787254493e-05 1.08805115814903e-05 1.10159444375313e-05 1.11513772935723e-05 1.12868101496133e-05 1.14222430056543e-05 1.15466391434893e-05 1.16379251267063e-05 1.17292111099232e-05 1.18204970931401e-05 1.19117830763571e-05 1.2003069059574e-05 1.2094355042791e-05 1.21856410260079e-05 1.21980474432348e-05 1.21841594591388e-05 1.21702723845374e-05 1.21563844004413e-05 1.21424973258399e-05 1.21286093417439e-05 1.21147222671425e-05 1.21410976134939e-05 1.22882620416931e-05 1.24354264698923e-05 1.25825908980914e-05 1.27297553262906e-05 1.28769197544898e-05 1.30240832731943e-05 1.31712477013934e-05 1.36256812766078e-05 1.41825375976623e-05 1.47393939187168e-05 1.52962493302766e-05
