data/working_set_collections/6091692-Cassins_Sparrow-M2/2010/evland_avg.asc
NCOLS 265 
NROWS 230 
XLLCORNER -115.5625 
YLLCORNER 24.8333333333333 
CELLSIZE 0.0833333333333333 
NODATA_value -9999 
[rows 180 to 197 of 230, columns 0 to 40 of 265]
-9999 -9999 -9999 -9999 -9999 -9999 -9999 -9999 -9999 -9999 -9999 -9999 -9999 2.44532907345274e-06 2.54378187491966e-06 2.5738004296727e-06 2.60381898442574e-06 2.63383753917878e-06 2.66385609393183e-06 2.69387487605854e-06 2.72389343081159e-06 2.75391198556463e-06 2.8010151709168e-06 2.8538133847178e-06 2.90661137114512e-06 2.95940935757244e-06 3.01220757137344e-06 -9999 -9999 -9999 -9999 -9999 -9999 -9999 -9999 -9999 5.60299986318569e-06 6.01845658820821e-06 6.4599576035107e-06 6.90145861881319e-06 -9999
-9999 -9999 -9999 -9999 -9999 -9999 -9999 -9999 -9999 -9999 -9999 -9999 -9999 -9999 2.51815458796045e-06 2.54380984188174e-06 2.56946509580303e-06 2.59512034972431e-06 2.6207756036456e-06 2.64643085756688e-06 2.67208611148817e-06 2.69774136540946e-06 2.74107128461765e-06 2.79029245575657e-06 2.83951385426917e-06 2.88873525278177e-06 2.93795665129437e-06 2.98717804980697e-06 3.03639944831957e-06 -9999 -9999 -9999 -9999 -9999 -9999 -9999 -9999 5.77291302761296e-06 6.21912431597593e-06 6.66533560433891e-06 -9999
-9999 -9999 -9999 -9999 -9999 -9999 -9999 -9999 -9999 -9999 -9999 -9999 -9999 -9999 -9999 2.51381925409078e-06 2.53511120718031e-06 2.55640316026984e-06 2.57769488598569e-06 2.59898683907522e-06 2.62027879216475e-06 2.64157074525428e-06 2.68112717094482e-06 2.72677175416902e-06 2.7724165647669e-06 2.8180611479911e-06 2.8637057312153e-06 2.90935031443951e-06 2.95499512503739e-06 3.06256015392137e-06 -9999 -9999 -9999 -9999 -9999 -9999 -9999 -9999 5.97829057369381e-06 6.42921258986462e-06 -9999
-9999 -9999 -9999 -9999 -9999 -9999 -9999 -9999 -9999 -9999 -9999 -9999 -9999 -9999 -9999 -9999 2.50075709118391e-06 2.51768574344169e-06 2.53461439569946e-06 2.55154304795724e-06 2.56847147284134e-06 2.58540012509911e-06 2.62118328464567e-06 2.66325105258147e-06 2.70531904789095e-06 2.74738704320043e-06 2.78945481113624e-06 2.83152280644572e-06 2.8735908017552e-06 2.97297356155468e-06 -9999 -9999 -9999 -9999 -9999 -9999 -9999 -9999 -9999 -9999 -9999
-9999 -9999 -9999 -9999 -9999 -9999 -9999 -9999 -9999 -9999 -9999 -9999 -9999 -9999 -9999 -9999 -9999 2.47896855398722e-06 2.49153367803956e-06 2.50409902946558e-06 2.5166643808916e-06 2.52922950494394e-06 2.56123917097284e-06 2.59973035099392e-06 2.63822153101501e-06 2.67671271103609e-06 2.71520389105717e-06 2.75369507107825e-06 2.79218625109934e-06 2.88338719656167e-06 -9999 -9999 -9999 -9999 -9999 -9999 -9999 -9999 -9999 -9999 -9999
-9999 -9999 -9999 -9999 -9999 -9999 -9999 -9999 -9999 -9999 -9999 -9999 -9999 -9999 -9999 -9999 -9999 2.44025136453274e-06 2.44845318775333e-06 2.45665501097392e-06 2.46485706156818e-06 2.47305888478877e-06 2.50129528467369e-06 2.53620964940637e-06 2.57112424151273e-06 2.60603860624542e-06 2.64095319835178e-06 2.67586756308447e-06 2.71078192781715e-06 2.79380060419498e-06 3.02113130601356e-06 3.24846200783213e-06 -9999 -9999 -9999 -9999 -9999 -9999 -9999 -9999 -9999
-9999 -9999 -9999 -9999 -9999 -9999 -9999 -9999 -9999 -9999 -9999 -9999 -9999 -9999 -9999 -9999 -9999 2.41466364059306e-06 2.42109149439784e-06 2.42751912082895e-06 2.43394697463373e-06 2.44037482843851e-06 2.46732884079393e-06 2.50112498179078e-06 2.53492089541396e-06 2.56871703641082e-06 2.602512950034e-06 2.63630909103085e-06 2.67010500465403e-06 2.74589319815277e-06 2.94765777653083e-06 3.14942212753522e-06 3.35118670591328e-06 -9999 -9999 -9999 -9999 -9999 -9999 -9999 -9999
-9999 -9999 -9999 1.57165970904316e-06 1.57165970904316e-06 -9999 -9999 -9999 -9999 -9999 -9999 -9999 -9999 -9999 -9999 -9999 -9999 2.40220538216818e-06 2.40944837059942e-06 2.41669135903066e-06 2.42393434746191e-06 2.43117733589315e-06 2.45934006670723e-06 2.49447589339979e-06 2.52961194746604e-06 2.5647477741586e-06 2.59988360085117e-06 2.63501965491741e-06 2.67015548160998e-06 2.73966497843503e-06 2.91229548565752e-06 3.08492599288002e-06 3.25755650010251e-06 -9999 -9999 -9999 -9999 -9999 -9999 -9999 -9999
-9999 -9999 -9999 1.61037598900293e-06 1.61037598900293e-06 1.61037598900293e-06 -9999 -9999 -9999 -9999 -9999 -9999 -9999 -9999 -9999 -9999 -9999 2.38974735111697e-06 2.39780547417467e-06 2.40586359723238e-06 2.41392172029009e-06 2.4219798433478e-06 2.45135129262053e-06 2.48782703238248e-06 2.52430277214444e-06 2.56077851190639e-06 2.59725447904202e-06 2.63373021880398e-06 2.67020595856593e-06 2.73343698609096e-06 2.87693342215789e-06 3.02042985822482e-06 3.16392652166542e-06 -9999 -9999 -9999 -9999 -9999 -9999 -9999 -9999
-9999 -9999 -9999 1.64909215527587e-06 1.64909215527587e-06 1.64909215527587e-06 -9999 -9999 -9999 -9999 -9999 -9999 -9999 -9999 -9999 -9999 2.36841583500791e-06 2.37728932006576e-06 2.38616257774993e-06 2.3950358354341e-06 2.40390909311827e-06 2.41278235080244e-06 2.44336229116016e-06 2.4811779439915e-06 2.51899382419651e-06 2.55680947702785e-06 2.5946251298592e-06 2.63244078269054e-06 2.67025643552188e-06 2.72720876637322e-06 2.84157135865826e-06 2.95593372356961e-06 3.07029631585465e-06 -9999 -9999 -9999 -9999 -9999 -9999 -9999 -9999
-9999 -9999 -9999 1.68780843523564e-06 1.68780843523564e-06 -9999 -9999 -9999 -9999 -9999 -9999 -9999 -9999 -9999 -9999 2.3454542770196e-06 2.35514266933023e-06 2.36483106164087e-06 2.37451945395151e-06 2.38420784626214e-06 2.39389646594645e-06 2.40358485825709e-06 2.43537351707346e-06 2.47452908297419e-06 2.51368464887491e-06 2.55284021477564e-06 2.59199578067637e-06 2.6311513465771e-06 2.67030691247783e-06 2.72098054665548e-06 2.80620906778495e-06 2.89143758891441e-06 2.97666611004388e-06 -9999 -9999 -9999 -9999 -9999 -9999 -9999 -9999
-9999 -9999 -9999 -9999 -9999 -9999 -9999 -9999 -9999 -9999 -9999 -9999 -9999 -9999 -9999 2.33136574934178e-06 2.34186950365256e-06 2.35237303058966e-06 2.36287655752676e-06 2.37338008446386e-06 2.38388361140096e-06 2.39438736571174e-06 2.42738474298676e-06 2.46788022195688e-06 2.50837570092699e-06 2.54887095252343e-06 2.58936643149354e-06 2.62986191046366e-06 2.67035738943378e-06 2.71475255431142e-06 2.77084700428532e-06 2.82694145425921e-06 2.88303613160679e-06 2.93913058158068e-06 -9999 -9999 -9999 -9999 -9999 -9999 -9999
-9999 -9999 -9999 -9999 -9999 -9999 -9999 1.82116275482258e-06 1.88997455552453e-06 1.95878624253965e-06 2.02759815692843e-06 -9999 -9999 2.23403344534745e-06 -9999 2.3017244075163e-06 2.31458989219391e-06 2.32745560424519e-06 2.34032108892279e-06 2.3531865736004e-06 2.36605228565168e-06 2.37891777032928e-06 2.41533666667237e-06 2.45960677602852e-06 2.50387688538467e-06 2.54814676736714e-06 2.59241687672329e-06 2.63668698607944e-06 2.68095686806191e-06 2.72576789939194e-06 2.77220146926993e-06 2.81863503914792e-06 2.86506883639959e-06 2.91150240627758e-06 -9999 -9999 -9999 -9999 -9999 -9999 -9999
-9999 -9999 -9999 -9999 -9999 -9999 1.81689608780289e-06 1.85876263003593e-06 1.91458480003348e-06 1.9704068563442e-06 2.02622891265491e-06 2.08205096896563e-06 2.13787302527635e-06 2.19369508158707e-06 2.23975530388998e-06 -9999 2.27330406232795e-06 2.29007855523378e-06 2.3068530481396e-06 2.32362754104543e-06 2.34040203395125e-06 2.35717652685707e-06 2.39922951550398e-06 2.4497089725628e-06 2.50018842962163e-06 2.55066765930678e-06 2.60114711636561e-06 2.65162634605076e-06 2.70210580310959e-06 2.75402680927073e-06 2.81027246273879e-06 2.86651834358054e-06 2.92276422442228e-06 2.97901010526402e-06 3.03525598610577e-06 -9999 -9999 -9999 -9999 -9999 -9999
-9999 -9999 -9999 -9999 -9999 -9999 -9999 1.89636261893611e-06 1.93919504454243e-06 1.98202724277508e-06 2.0248596683814e-06 2.06769186661404e-06 2.11052429222036e-06 2.15335671782668e-06 2.19065168494126e-06 2.2113351860753e-06 2.23201845983567e-06 2.25270173359604e-06 2.27338500735641e-06 2.29406850849045e-06 2.31475178225082e-06 2.33543505601119e-06 2.38312236433558e-06 2.43981116909708e-06 2.49649974648491e-06 2.55318855124642e-06 2.60987712863425e-06 2.66656593339576e-06 2.72325451078359e-06 2.78228549177584e-06 2.84834368358133e-06 2.91440164801315e-06 2.98045961244497e-06 3.04651780425047e-06 3.11257576868229e-06 3.17863373311411e-06 -9999 -9999 -9999 -9999 -9999
-9999 -9999 -9999 -9999 -9999 -9999 -9999 -9999 1.96380528905138e-06 1.99364785657963e-06 2.02349042410788e-06 2.05333299163613e-06 2.08317555916437e-06 2.11301812669262e-06 2.14154829336621e-06 2.16614034798113e-06 2.19073262996972e-06 2.21532491195831e-06 2.23991719394689e-06 2.26450924856181e-06 2.2891015305504e-06 2.31369381253899e-06 2.36701521316718e-06 2.42991336563136e-06 2.49281129072187e-06 2.55570944318606e-06 2.61860736827657e-06 2.68150529336708e-06 2.74440344583127e-06 2.81054440165462e-06 2.8864146770502e-06 2.96228495244577e-06 3.03815522784134e-06 3.11402550323692e-06 3.18989577863249e-06 3.26576582665439e-06 3.34163610204996e-06 3.51603307535697e-06 -9999 -9999 -9999
-9999 -9999 -9999 -9999 -9999 -9999 -9999 -9999 -9999 2.0052682430105e-06 2.02212117983436e-06 2.03897411665821e-06 2.05582682610839e-06 2.07267976293224e-06 2.09244467441749e-06 2.12094573726063e-06 2.14944702747744e-06 2.17794809032057e-06 2.2064491531637e-06 2.23495021600684e-06 2.26345127884997e-06 2.2919523416931e-06 2.35090806199878e-06 2.42001556216564e-06 2.48912283495883e-06 2.55823010775202e-06 2.62733760791889e-06 2.69644488071208e-06 2.76555215350527e-06 2.83880331153341e-06 2.92448567051906e-06 3.01016825687839e-06 3.09585061586404e-06 3.18153320222336e-06 3.26721556120901e-06 3.35289792019466e-06 3.43858050655399e-06 3.57665908268245e-06 3.73220291294274e-06 -9999 -9999
-9999 -9999 -9999 -9999 -9999 -9999 -9999 -9999 -9999 -9999 2.02075193556084e-06 2.02461501430662e-06 2.02847832042607e-06 2.03234139917186e-06 2.04334128284245e-06 2.07575112654013e-06 2.10816119761148e-06 2.14057104130916e-06 2.17298111238051e-06 2.20539118345187e-06 2.23780102714954e-06 2.2702110982209e-06 2.33480091083038e-06 2.41011775869993e-06 2.48543437919579e-06 2.56075099969166e-06 2.63606762018753e-06 2.71138446805708e-06 2.78670108855295e-06 2.8670622214122e-06 2.9625568913616e-06 3.058051561311e-06 3.15354623126041e-06 3.24904090120981e-06 3.34453557115921e-06 3.44003001373494e-06 3.53552468368434e-06 3.63728486263426e-06 3.7411336961668e-06 -9999 -9999
