data/working_set_collections/6091692-Cassins_Sparrow-M2/2010/evland_avg.asc
NCOLS 265 
NROWS 230 
XLLCORNER -115.5625 
YLLCORNER 24.8333333333333 
CELLSIZE 0.0833333333333333 
NODATA_value -9999 
[rows 198 to 215 of 230, columns 164 to 204 of 265]
1.18593952720403e-05 1.18529524115729e-05 1.18465095511056e-05 1.18400666906382e-05 1.18336238301708e-05 1.18271800602088e-05 1.18207371997414e-05 1.18142943392741e-05 1.18886664495221e-05 1.19899759738473e-05 1.20912864076672e-05 1.21925959319924e-05 1.22939063658123e-05 1.23952158901375e-05 1.24965263239574e-05 1.25758333524573e-05 1.25891328934813e-05 1.26024324345053e-05 1.2615732885024e-05 1.26290324260481e-05 1.26423319670721e-05 1.26556315080961e-05 1.26689310491201e-05 1.28619403767516e-05 1.31148517539259e-05 1.33677640405949e-05 1.36206763272639e-05 1.38735877044383e-05 1.41264999911073e-05 1.43794113682816e-05 1.46825495903613e-05 1.51363656186732e-05 1.5590181646985e-05 1.60439976752969e-05 1.64978137036087e-05 1.69516279129311e-05 1.7405443941243e-05 1.78592599695548e-05 1.7935239156941e-05 1.78852715180255e-05 1.78353038791101e-05
1.17901663543307e-05 1.17824511107756e-05 1.17747358672204e-05 1.17670206236653e-05 1.17593053801102e-05 1.1751590136555e-05 1.17438748929999e-05 1.17361596494447e-05 1.18284879135899e-05 1.19541637104703e-05 1.20798395073507e-05 1.22055153042311e-05 1.23311920106062e-05 1.24568678074866e-05 1.25825436043669e-05 1.26877703223727e-05 1.27316507132491e-05 1.27755311041255e-05 1.2819411495002e-05 1.28632918858784e-05 1.29071722767549e-05 1.29510526676313e-05 1.29949330585077e-05 1.31827173390775e-05 1.34184701892082e-05 1.36542239488335e-05 1.38899767989642e-05 1.41257296490949e-05 1.43614824992255e-05 1.45972353493562e-05 1.48763183460687e-05 1.5285388144548e-05 1.56944588525221e-05 1.61035295604961e-05 1.65126002684701e-05 1.69216709764441e-05 1.73307398654288e-05 1.77398105734028e-05 1.77758574864129e-05 1.76875637407647e-05 1.75992681761272e-05
1.17209383461159e-05 1.1711950719473e-05 1.170296309283e-05 1.16939754661871e-05 1.16849878395442e-05 1.16760002129013e-05 1.16670125862584e-05 1.16580249596154e-05 1.17683093776577e-05 1.19183514470933e-05 1.20683935165289e-05 1.22184355859645e-05 1.23684776554001e-05 1.25185197248356e-05 1.26685617942712e-05 1.27997082017828e-05 1.28741685330169e-05 1.29486297737458e-05 1.30230910144746e-05 1.30975513457088e-05 1.31720125864376e-05 1.32464729176718e-05 1.33209341584006e-05 1.35034952108981e-05 1.37220886244904e-05 1.39406829475774e-05 1.41592772706645e-05 1.43778715937515e-05 1.45964659168385e-05 1.48150593304308e-05 1.50700861922815e-05 1.5434410670423e-05 1.57987360580591e-05 1.61630614456953e-05 1.65273868333315e-05 1.68917122209677e-05 1.72560376086039e-05 1.76203611772507e-05 1.76164758158848e-05 1.74898541445145e-05 1.73632324731443e-05
1.16517094284063e-05 1.16414494186756e-05 1.16311894089449e-05 1.16209303087089e-05 1.16106702989782e-05 1.16004102892475e-05 1.15901502795168e-05 1.15798902697861e-05 1.17081308417255e-05 1.18825391837163e-05 1.20569475257071e-05 1.22313549582032e-05 1.24057633001939e-05 1.258017073269e-05 1.27545790746808e-05 1.29116451716982e-05 1.30166872622794e-05 1.3121728443366e-05 1.32267696244526e-05 1.33318108055391e-05 1.34368528961204e-05 1.3541894077207e-05 1.36469352582935e-05 1.3824272173224e-05 1.40257070597727e-05 1.42271428558161e-05 1.44285777423647e-05 1.46300126289134e-05 1.48314484249568e-05 1.50328833115054e-05 1.52638549479889e-05 1.55834350152873e-05 1.59030150825856e-05 1.62225933308946e-05 1.6542173398193e-05 1.68617534654913e-05 1.71813335327897e-05 1.75009117810987e-05 1.74570959643461e-05 1.72921463672537e-05 1.71271967701614e-05
1.15824814201915e-05 1.1570949027373e-05 1.15594166345545e-05 1.1547884241736e-05 1.15363518489175e-05 1.15248194560991e-05 1.15132879727753e-05 1.15017555799568e-05 1.16479523057933e-05 1.18467269203393e-05 1.20455006253906e-05 1.22442743304418e-05 1.24430489449878e-05 1.26418226500391e-05 1.28405963550904e-05 1.30235830511083e-05 1.31592050820473e-05 1.32948271129862e-05 1.34304491439252e-05 1.35660702653695e-05 1.37016922963085e-05 1.38373143272474e-05 1.39729363581864e-05 1.41450491355499e-05 1.43293254950549e-05 1.451360185456e-05 1.4697878214065e-05 1.488215457357e-05 1.5066430933075e-05 1.525070729258e-05 1.54576227942016e-05 1.57324575411621e-05 1.60072922881227e-05 1.62821270350832e-05 1.65569599630544e-05 1.68317947100149e-05 1.71066294569755e-05 1.7381464203936e-05 1.7297714293818e-05 1.70944367710035e-05 1.68911610671785e-05
1.15132525024819e-05 1.15004477265757e-05 1.14876438601641e-05 1.14748390842578e-05 1.14620343083516e-05 1.14492295324453e-05 1.14364247565391e-05 1.14236208901275e-05 1.15877746793558e-05 1.18109146569623e-05 1.20340546345687e-05 1.22571946121752e-05 1.24803345897817e-05 1.27034745673882e-05 1.29266145449947e-05 1.31355200210237e-05 1.33017229018151e-05 1.34679248731118e-05 1.36341277539032e-05 1.38003306346945e-05 1.39665326059912e-05 1.41327354867826e-05 1.4298938367574e-05 1.44658270073705e-05 1.46329439303372e-05 1.48000617627986e-05 1.49671786857652e-05 1.51342965182266e-05 1.53014134411933e-05 1.54685312736547e-05 1.56513924594037e-05 1.5881480067037e-05 1.61115694936598e-05 1.63416589202825e-05 1.65717483469052e-05 1.68018359545385e-05 1.70319253811613e-05 1.7262014807784e-05 1.71383326232899e-05 1.68967289937427e-05 1.66551253641956e-05
1.14692265924532e-05 1.14524973469088e-05 1.14357671918697e-05 1.14190379463253e-05 1.14023077912861e-05 1.13855785457417e-05 1.13688493001973e-05 1.13521191451582e-05 1.15381817522575e-05 1.17918416435714e-05 1.20455006253906e-05 1.22991605167044e-05 1.25528204080183e-05 1.28064802993322e-05 1.30601401906461e-05 1.32973646032042e-05 1.34852843984845e-05 1.36732041937648e-05 1.38611239890452e-05 1.40490437843255e-05 1.42369635796058e-05 1.44248833748861e-05 1.46128031701664e-05 1.47634636959992e-05 1.49017041621846e-05 1.503994462837e-05 1.51781860040501e-05 1.53164255607408e-05 1.54546669364208e-05 1.55929083121009e-05 1.5744681149954e-05 1.59370538312942e-05 1.6129424693645e-05 1.63217973749852e-05 1.65141700563254e-05 1.67065409186762e-05 1.68989136000164e-05 1.70912862813566e-05 1.69533795997268e-05 1.67053822224261e-05 1.64573830261361e-05
1.14504036901053e-05 1.1427096069383e-05 1.14037884486606e-05 1.13804808279383e-05 1.13571741167107e-05 1.13338664959883e-05 1.1310558875266e-05 1.12872512545437e-05 1.14991744339932e-05 1.17895078801666e-05 1.20798404168454e-05 1.23701738630189e-05 1.26605063996976e-05 1.29508398458711e-05 1.32411723825498e-05 1.35091158881551e-05 1.37098895720555e-05 1.3910663255956e-05 1.41114369398565e-05 1.4312210623757e-05 1.45129843076575e-05 1.47137579915579e-05 1.49145316754584e-05 1.5037959201436e-05 1.51356052811025e-05 1.52332522702636e-05 1.53308974404354e-05 1.54285444295965e-05 1.55261914187577e-05 1.56238365889294e-05 1.57374925038312e-05 1.58991751959547e-05 1.60608597070677e-05 1.62225423991913e-05 1.63842269103043e-05 1.65459096024279e-05 1.67075941135408e-05 1.68692768056644e-05 1.67428534041392e-05 1.65203946380643e-05 1.62979358719895e-05
1.14315798782627e-05 1.14016947918572e-05 1.13718097054516e-05 1.1341924619046e-05 1.13120395326405e-05 1.12821544462349e-05 1.12522693598294e-05 1.12223842734238e-05 1.14601671157288e-05 1.17871741167619e-05 1.21141802083002e-05 1.24411862998386e-05 1.27681923913769e-05 1.309519939241e-05 1.34222054839483e-05 1.37208671731059e-05 1.39344947456266e-05 1.41481223181472e-05 1.43617498906679e-05 1.45753774631885e-05 1.47890050357091e-05 1.50026326082298e-05 1.52162601807504e-05 1.53124565258622e-05 1.5369507309515e-05 1.54265580931678e-05 1.54836106958101e-05 1.55406614794629e-05 1.55977140821051e-05 1.56547648657579e-05 1.57303038577083e-05 1.58612983796047e-05 1.59922929015011e-05 1.61232892423868e-05 1.62542837642832e-05 1.63852782861795e-05 1.65162728080759e-05 1.66472691489616e-05 1.65323272085516e-05 1.63354088726919e-05 1.61384887178428e-05
1.14127560664201e-05 1.13762935143313e-05 1.13398309622426e-05 1.13033675006591e-05 1.12669049485703e-05 1.12304423964815e-05 1.1193978934898e-05 1.11575163828093e-05 1.14211607069592e-05 1.17848403533571e-05 1.21485190902604e-05 1.25121987366583e-05 1.28758783830563e-05 1.32395580294542e-05 1.36032376758521e-05 1.39326184580568e-05 1.41590999191976e-05 1.43855813803384e-05 1.46120628414792e-05 1.483854430262e-05 1.50650257637608e-05 1.52915072249016e-05 1.55179877765477e-05 1.55869511218043e-05 1.56034093379276e-05 1.56198657350615e-05 1.56363239511847e-05 1.56527803483186e-05 1.56692367454525e-05 1.56856949615758e-05 1.57231133925961e-05 1.58234197442653e-05 1.59237279149238e-05 1.60240342665929e-05 1.61243406182621e-05 1.62246469699312e-05 1.63249533216003e-05 1.64252596732695e-05 1.6321801012964e-05 1.61504212883301e-05 1.59790415636962e-05
1.13939331640722e-05 1.13508922368055e-05 1.13078522190335e-05 1.12648112917668e-05 1.12217703645001e-05 1.11787303467281e-05 1.11356894194614e-05 1.10926484921947e-05 1.13821533886949e-05 1.17825056804577e-05 1.21828588817152e-05 1.25832120829728e-05 1.29835652842303e-05 1.33839175759931e-05 1.37842707772506e-05 1.41443697430077e-05 1.43837050927687e-05 1.46230404425296e-05 1.48623757922905e-05 1.51017111420515e-05 1.53410455823177e-05 1.55803809320787e-05 1.58197162818396e-05 1.58614475367358e-05 1.58373113663401e-05 1.58131733769551e-05 1.578903538757e-05 1.5764897398185e-05 1.57407612277893e-05 1.57166232384043e-05 1.57159247464733e-05 1.57855429279152e-05 1.58551611093571e-05 1.5924779290799e-05 1.5994397472241e-05 1.60640156536829e-05 1.61336338351248e-05 1.62032520165667e-05 1.61112766363658e-05 1.59654355229577e-05 1.58195944095496e-05
1.13751093522296e-05 1.13254909592797e-05 1.12758725663298e-05 1.12262541733799e-05 1.11766357804299e-05 1.112701738748e-05 1.10773989945301e-05 1.10277806015802e-05 1.13431460704305e-05 1.17801719170529e-05 1.22171986731701e-05 1.26542245197925e-05 1.30912512759096e-05 1.3528277122532e-05 1.39653038786491e-05 1.43561201184639e-05 1.46083102663397e-05 1.48604995047208e-05 1.51126887431019e-05 1.5364877981483e-05 1.56170663103694e-05 1.58692564582452e-05 1.6121446606121e-05 1.61359439516673e-05 1.60712115757633e-05 1.60064791998593e-05 1.59417486429447e-05 1.58770162670407e-05 1.58122838911368e-05 1.57475515152328e-05 1.57087361003505e-05 1.57476661115652e-05 1.57865943037905e-05 1.58255243150052e-05 1.58644543262199e-05 1.59033843374345e-05 1.59423143486492e-05 1.59812443598639e-05 1.59007504407782e-05 1.57804479385959e-05 1.56601454364136e-05
1.13305613922421e-05 1.12741645352799e-05 1.12177676783176e-05 1.11613699118607e-05 1.11049730548984e-05 1.10485761979362e-05 1.0992179340974e-05 1.0935781574517e-05 1.12715715658851e-05 1.17380886877072e-05 1.2204606719024e-05 1.26711247503408e-05 1.31376427816576e-05 1.36041608129744e-05 1.40706788442913e-05 1.44887490023393e-05 1.47614755405812e-05 1.5034202078823e-05 1.53069286170648e-05 1.55796551553067e-05 1.58523816935485e-05 1.61251082317904e-05 1.63978347700322e-05 1.63980475917924e-05 1.6307421901729e-05 1.62167962116655e-05 1.61261723405914e-05 1.6035546650528e-05 1.59449209604645e-05 1.58542970893905e-05 1.57908634719206e-05 1.58090097102104e-05 1.58271541295107e-05 1.58453003678005e-05 1.58634447871009e-05 1.58815892064013e-05 1.5899735444691e-05 1.59178798639914e-05 1.58433467731811e-05 1.5737919966341e-05 1.56324913405115e-05
1.12602883746149e-05 1.11969120553113e-05 1.11335357360076e-05 1.10701585072093e-05 1.10067821879056e-05 1.09434049591073e-05 1.08800286398036e-05 1.08166514110053e-05 1.11674280560692e-05 1.16562559924205e-05 1.21450839287718e-05 1.26339118651231e-05 1.31227398014744e-05 1.36115677378257e-05 1.4100395674177e-05 1.45422536661499e-05 1.48432009154931e-05 1.51441481648362e-05 1.54450954141794e-05 1.57460417540278e-05 1.60469899128657e-05 1.63479362527141e-05 1.6648884411552e-05 1.66477584571112e-05 1.65459405252477e-05 1.64441244123736e-05 1.63423064805102e-05 1.62404903676361e-05 1.6138674254762e-05 1.60368563228985e-05 1.59623104991624e-05 1.59695737238508e-05 1.59768387675285e-05 1.59841038112063e-05 1.59913688548841e-05 1.59986320795724e-05 1.60058971232502e-05 1.60131621669279e-05 1.59390656335745e-05 1.58378479682142e-05 1.57366303028539e-05
1.11900162664824e-05 1.11196595753427e-05 1.10493028842029e-05 1.09789471025579e-05 1.09085904114181e-05 1.08382346297731e-05 1.07678779386333e-05 1.06975212474936e-05 1.1063285455748e-05 1.15744232971338e-05 1.20855611385196e-05 1.25966989799053e-05 1.31078368212911e-05 1.36189746626769e-05 1.41301125040627e-05 1.45957583299605e-05 1.4924926290405e-05 1.52540942508494e-05 1.55832622112939e-05 1.59124301717384e-05 1.62415981321828e-05 1.65707642736379e-05 1.68999322340824e-05 1.68974675034406e-05 1.67844591487665e-05 1.66714507940924e-05 1.65584424394183e-05 1.64454340847442e-05 1.63324257300701e-05 1.62194155564066e-05 1.61337557074148e-05 1.61301395564806e-05 1.61265234055463e-05 1.61229072546121e-05 1.61192911036778e-05 1.61156749527436e-05 1.61120588018093e-05 1.61084426508751e-05 1.60347844939679e-05 1.59377777890768e-05 1.58407692651963e-05
1.11197432488552e-05 1.10424070953741e-05 1.09650709418929e-05 1.08877347884118e-05 1.08103995444253e-05 1.07330633909442e-05 1.0655727237463e-05 1.05783910839818e-05 1.09591428554268e-05 1.1492590601847e-05 1.20260383482673e-05 1.25594870041823e-05 1.30929347506026e-05 1.36263824970229e-05 1.41598302434431e-05 1.46492629937711e-05 1.50066516653169e-05 1.5364039427368e-05 1.57214290084084e-05 1.60788167704595e-05 1.64362045325106e-05 1.67935941135511e-05 1.71509818756022e-05 1.71471783687593e-05 1.70229777722852e-05 1.68987771758111e-05 1.67745783983264e-05 1.66503778018523e-05 1.65261772053782e-05 1.64019766089041e-05 1.63052027346566e-05 1.62907053891104e-05 1.62762080435641e-05 1.62617125170073e-05 1.6247215171461e-05 1.62327178259147e-05 1.62182222993579e-05 1.62037249538116e-05 1.61305033543613e-05 1.603770579095e-05 1.59449082275387e-05
1.1049470231228e-05 1.09651546154055e-05 1.08808389995829e-05 1.07965233837604e-05 1.07122077679378e-05 1.06278921521152e-05 1.05435765362927e-05 1.04592609204701e-05 1.08550002551056e-05 1.14107579065603e-05 1.19665164675098e-05 1.25222741189646e-05 1.30780317704193e-05 1.36337894218741e-05 1.41895470733289e-05 1.47027676575817e-05 1.50883770402288e-05 1.54739864228759e-05 1.5859595805523e-05 1.62452033691807e-05 1.66308127518278e-05 1.70164221344749e-05 1.74020315171219e-05 1.73968892340781e-05 1.7261496395804e-05 1.71261053765193e-05 1.69907125382451e-05 1.6855319699971e-05 1.67199286806863e-05 1.65845358424122e-05 1.6476647942909e-05 1.64512712217402e-05 1.64258926815819e-05 1.6400515960413e-05 1.63751392392442e-05 1.63497606990859e-05 1.6324383977917e-05 1.62990072567482e-05 1.62262222147547e-05 1.61376337928232e-05 1.60490471898811e-05
1.09791981230956e-05 1.08879021354369e-05 1.07966070572729e-05 1.0705311979109e-05 1.0614016900945e-05 1.05227209132863e-05 1.04314258351224e-05 1.03401307569584e-05 1.07508576547843e-05 1.13289252112736e-05 1.19069936772576e-05 1.24850612337468e-05 1.30631287902361e-05 1.36411963467253e-05 1.42192648127093e-05 1.4756273230887e-05 1.51701024151407e-05 1.55839315993944e-05 1.59977626026375e-05 1.64115917868912e-05 1.68254209711449e-05 1.72392501553986e-05 1.76530811586417e-05 1.76466000993969e-05 1.75000150193227e-05 1.7353431758238e-05 1.72068484971533e-05 1.70602634170791e-05 1.69136801559944e-05 1.67670968949096e-05 1.66480931511614e-05 1.66118352353806e-05 1.65755773195997e-05 1.65393194038188e-05 1.65030614880379e-05 1.6466803572257e-05 1.64305456564762e-05 1.63942877406953e-05 1.63219410751481e-05 1.62375636136858e-05 1.61531861522235e-05
