data/working_set_collections/6091692-Cassins_Sparrow-M2/2010/evpintr_avg.asc
NCOLS 265 
NROWS 230 
XLLCORNER -115.5625 
YLLCORNER 24.8333333333333 
CELLSIZE 0.0833333333333333 
NODATA_value -9999 
[rows 100 to 119 of 230, columns 184 to 229 of 265]
2.50426363945007 2.53997874259949 2.5756938457489 2.61790156364441 2.662273645401 2.70664572715759 2.75101780891418 2.7953896522522 2.83976173400879 2.88413381576538 2.92829275131226 2.97181248664856 3.01533222198486 3.05885195732117 3.10237169265747 3.14589142799377 3.18941116333008 3.23293089866638 3.26567387580872 3.29482483863831 3.32397556304932 3.35312652587891 3.3822774887085 3.41142821311951 3.4405791759491 3.47064113616943 3.50343632698059 3.53623151779175 3.5690267086029 3.60182213783264 3.6346173286438 3.66741251945496 3.70020771026611 3.73916840553284 3.78018426895142 3.82119989395142 3.86221575737 3.90323138237 3.94424724578857 3.98526287078857 4.02333831787109 4.05259275436401 4.08184719085693 4.11110162734985 4.14035606384277 4.16961050033569
2.50664234161377 2.5419921875 2.57734179496765 2.62002158164978 2.66514444351196 2.71026754379272 2.75539064407349 2.80051350593567 2.84563660621643 2.89075946807861 2.93579244613647 2.98055553436279 3.02531838417053 3.07008147239685 3.11484432220459 3.15960741043091 3.20437026023865 3.24913334846497 3.28312516212463 3.31352686882019 3.34392833709717 3.37433004379272 3.4047315120697 3.43513321876526 3.46553468704224 3.49641132354736 3.52871322631836 3.56101512908936 3.59331703186035 3.62561893463135 3.65792059898376 3.69022250175476 3.72252440452576 3.76179909706116 3.80339813232422 3.84499716758728 3.88659620285034 3.9281952381134 3.96979427337646 4.01139307022095 4.04936361312866 4.07644939422607 4.10353469848633 4.13062047958374 4.15770578384399 4.18479156494141
2.50298810005188 2.53719925880432 2.57141041755676 2.61349272727966 2.65819883346558 2.70290470123291 2.74761080741882 2.79231691360474 2.83702278137207 2.88172888755798 2.9268307685852 2.97312092781067 3.01941084861755 3.06570076942444 3.11199069023132 3.15828061103821 3.20457077026367 3.25086069107056 3.28613305091858 3.3177330493927 3.34933280944824 3.38093280792236 3.4125325679779 3.44413256645203 3.47573256492615 3.5076310634613 3.54042553901672 3.57322001457214 3.60601472854614 3.63880920410156 3.67160367965698 3.7043981552124 3.7371928691864 3.77741050720215 3.82010293006897 3.86279511451721 3.90548753738403 3.94817972183228 3.99087190628052 4.03356409072876 4.07276916503906 4.10151195526123 4.13025522232056 4.15899801254272 4.18774127960205 4.21648406982422
2.4933009147644 2.52560019493103 2.55789947509766 2.59831523895264 2.64143633842468 2.68455743789673 2.72767853736877 2.77079963684082 2.81392073631287 2.85704183578491 2.90140795707703 2.94950866699219 2.99760937690735 3.04571008682251 3.09381079673767 3.14191150665283 3.19001221656799 3.23811292648315 3.27469754219055 3.30744338035583 3.34018921852112 3.3729350566864 3.40568089485168 3.43842649459839 3.47117233276367 3.50430011749268 3.53857326507568 3.57284641265869 3.60711979866028 3.64139294624329 3.67566609382629 3.70993947982788 3.74421262741089 3.78600263595581 3.83029818534851 3.87459373474121 3.91888952255249 3.96318507194519 4.00748062133789 4.05177640914917 4.09355449676514 4.1277813911438 4.16200828552246 4.19623517990112 4.23046207427979 4.26468896865845
2.48361372947693 2.51400113105774 2.54438853263855 2.58313751220703 2.62467384338379 2.66620993614197 2.70774626731873 2.7492823600769 2.79081869125366 2.83235478401184 2.87598490715027 2.92589640617371 2.97580790519714 3.02571940422058 3.07563090324402 3.12554240226746 3.17545390129089 3.22536540031433 3.26326203346252 3.29715371131897 3.33104538917542 3.36493706703186 3.39882898330688 3.43272066116333 3.46661233901978 3.50096917152405 3.53672099113464 3.57247304916382 3.60822486877441 3.64397692680359 3.67972874641418 3.71548056602478 3.75123262405396 3.79459476470947 3.84049367904663 3.88639259338379 3.93229150772095 3.97819042205811 4.02408933639526 4.06998825073242 4.11433982849121 4.15405082702637 4.19376134872437 4.23347234725952 4.27318286895752 4.31289386749268
2.47392654418945 2.50240206718445 2.53087759017944 2.56796002388 2.6079113483429 2.64786267280579 2.68781399726868 2.72776532173157 2.76771640777588 2.80766773223877 2.85056185722351 2.90228414535522 2.95400643348694 3.00572848320007 3.05745077133179 3.1091730594635 3.16089534759521 3.21261763572693 3.25182628631592 3.2868640422821 3.32190179824829 3.3569393157959 3.39197707176208 3.42701458930969 3.46205234527588 3.49763822555542 3.5348687171936 3.57209944725037 3.60932993888855 3.64656066894531 3.6837911605835 3.72102189064026 3.75825238227844 3.80318689346313 3.85068893432617 3.89819121360779 3.9456934928894 3.99319577217102 4.04069805145264 4.08820009231567 4.13512516021729 4.18031978607178 4.22551441192627 4.27070903778076 4.31590366363525 4.36109828948975
2.46423935890198 2.49080300331116 2.51736664772034 2.55278253555298 2.591148853302 2.62951517105103 2.66788172721863 2.70624804496765 2.74461436271667 2.78298091888428 2.82513880729675 2.87867188453674 2.93220496177673 2.98573780059814 3.03927087783813 3.09280395507812 3.14633679389954 3.19986987113953 3.24039077758789 3.27657437324524 3.31275796890259 3.34894156455994 3.38512516021729 3.42130875587463 3.45749235153198 3.49430727958679 3.53301644325256 3.57172584533691 3.61043524742126 3.64914441108704 3.68785381317139 3.72656297683716 3.76527237892151 3.81177878379822 3.86088442802429 3.90998983383179 3.95909547805786 4.00820112228394 4.05730628967285 4.10641193389893 4.15591096878052 4.20658922195435 4.25726795196533 4.30794620513916 4.35862493515015 4.40930318832397
2.4545521736145 2.47920393943787 2.50385594367981 2.53760480880737 2.57438635826111 2.61116790771484 2.64794945716858 2.68473076820374 2.72151231765747 2.75829386711121 2.79971575737 2.85505962371826 2.91040349006653 2.96574711799622 3.02109098434448 3.07643461227417 3.13177847862244 3.18712210655212 3.22895526885986 3.26628470420837 3.30361413955688 3.34094381332397 3.37827324867249 3.415602684021 3.45293211936951 3.49097633361816 3.5311644077301 3.57135224342346 3.6115403175354 3.65172839164734 3.6919162273407 3.73210430145264 3.77229237556458 3.82037091255188 3.87107968330383 3.92178869247437 3.97249746322632 4.02320623397827 4.07391500473022 4.12462377548218 4.17669630050659 4.23285865783691 4.28902101516724 4.34518337249756 4.40134572982788 4.4575080871582
2.44419980049133 2.46719574928284 2.49019193649292 2.522780418396 2.5585663318634 2.59435248374939 2.6301383972168 2.6659243106842 2.70171046257019 2.7374963760376 2.77839946746826 2.83465361595154 2.89090776443481 2.94716191291809 3.00341606140137 3.05966997146606 3.11592411994934 3.17217826843262 3.21478891372681 3.25285172462463 3.29091429710388 3.32897710800171 3.36703991889954 3.40510272979736 3.44316530227661 3.48220014572144 3.52415156364441 3.5661027431488 3.6080539226532 3.65000534057617 3.69195652008057 3.73390769958496 3.77585887908936 3.82544589042664 3.87757778167725 3.92970991134644 3.98184180259705 4.03397369384766 4.08610582351685 4.13823795318604 4.19289398193359 4.25512218475342 4.31735038757324 4.37957859039307 4.44180727005005 4.50403547286987
2.43318223953247 2.45477843284607 2.47637486457825 2.50830888748169 2.54368877410889 2.57906889915466 2.61444878578186 2.64982867240906 2.68520879745483 2.72058868408203 2.76118969917297 2.81745386123657 2.87371778488159 2.92998194694519 2.98624610900879 3.04251003265381 3.09877419471741 3.15503835678101 3.19789171218872 3.23627519607544 3.27465844154358 3.31304168701172 3.35142517089844 3.38980841636658 3.42819166183472 3.46797895431519 3.51197814941406 3.55597710609436 3.59997630119324 3.64397525787354 3.68797421455383 3.73197340965271 3.77597236633301 3.82700347900391 3.88037848472595 3.933753490448 3.98712849617004 4.04050350189209 4.09387874603271 4.14725351333618 4.20450401306152 4.27338027954102 4.34225654602051 4.41113233566284 4.48000860214233 4.54888486862183
2.42216467857361 2.44236135482788 2.46255779266357 2.49383735656738 2.52881121635437 2.56378531455994 2.59875917434692 2.63373303413391 2.66870713233948 2.70368099212646 2.74397993087769 2.80025386810303 2.85652804374695 2.91280198097229 2.96907615661621 3.02535009384155 3.08162426948547 3.13789820671082 3.18099474906921 3.21969866752625 3.25840258598328 3.29710650444031 3.33581042289734 3.37451434135437 3.4132182598114 3.45375776290894 3.49980473518372 3.54585146903992 3.5918984413147 3.6379451751709 3.68399214744568 3.73003888130188 3.77608585357666 3.82856106758118 3.88317918777466 3.93779706954956 3.99241518974304 4.04703330993652 4.10165119171143 4.15626907348633 4.21611404418945 4.29163789749146 4.36716222763062 4.44268608093262 4.51821041107178 4.59373474121094
2.41114711761475 2.42994403839111 2.4487407207489 2.47936582565308 2.51393389701843 2.54850172996521 2.58306956291199 2.61763739585876 2.65220522880554 2.6867733001709 2.7267701625824 2.78305411338806 2.83933806419373 2.89562225341797 2.95190620422363 3.0081901550293 3.06447434425354 3.1207582950592 3.16409754753113 3.20312213897705 3.24214673042297 3.28117108345032 3.32019567489624 3.35922002792358 3.39824461936951 3.43953657150269 3.48763132095337 3.53572583198547 3.58382058143616 3.63191533088684 3.68000984191895 3.72810459136963 3.77619934082031 3.83011865615845 3.88597965240479 3.9418408870697 3.99770188331604 4.05356311798096 4.1094241142273 4.16528511047363 4.22772407531738 4.30989599227905 4.39206790924072 4.47424030303955 4.55641222000122 4.63858413696289
2.40012955665588 2.41752672195435 2.43492388725281 2.46489453315735 2.49905633926392 2.53321814537048 2.56737995147705 2.60154175758362 2.63570356369019 2.66986536979675 2.70956039428711 2.7658543586731 2.82214832305908 2.87844228744507 2.93473625183105 2.99103021621704 3.04732418060303 3.10361814498901 3.14720058441162 3.18654561042786 3.22589063644409 3.26523566246033 3.30458092689514 3.34392595291138 3.38327097892761 3.42531538009644 3.47545790672302 3.52560043334961 3.57574272155762 3.6258852481842 3.67602777481079 3.72617030143738 3.77631258964539 3.83167624473572 3.88878035545349 3.94588446617126 4.00298833847046 4.06009244918823 4.11719655990601 4.17430067062378 4.23933410644531 4.32815408706665 4.41697406768799 4.50579404830933 4.59461402893066 4.683434009552
2.38911199569702 2.40510940551758 2.42110681533813 2.45042300224304 2.4841787815094 2.51793456077576 2.55169034004211 2.58544611930847 2.61920189857483 2.65295767784119 2.69235062599182 2.74865460395813 2.80495858192444 2.86126232147217 2.91756629943848 2.97387027740479 3.03017425537109 3.0864782333374 3.13030338287354 3.16996908187866 3.20963478088379 3.24930047988892 3.28896617889404 3.32863163948059 3.36829733848572 3.41109418869019 3.46328449249268 3.51547479629517 3.56766510009766 3.61985540390015 3.67204546928406 3.72423577308655 3.77642607688904 3.83323407173157 3.8915810585022 3.94992828369141 4.00827503204346 4.06662225723267 4.12496948242188 4.18331670761108 4.25094366073608 4.34641170501709 4.4418797492981 4.5373477935791 4.63281536102295 4.72828340530396
2.37779092788696 2.39282202720642 2.40785312652588 2.43668484687805 2.47011661529541 2.50354838371277 2.53698015213013 2.57041192054749 2.60384368896484 2.6372754573822 2.67640328407288 2.73261952400208 2.78883576393127 2.84505200386047 2.90126824378967 2.95748448371887 3.01370048522949 3.06991672515869 3.11397385597229 3.15397810935974 3.19398236274719 3.23398637771606 3.27399063110352 3.31399464607239 3.35399889945984 3.39726638793945 3.45032382011414 3.5033814907074 3.55643916130066 3.60949659347534 3.6625542640686 3.71561169624329 3.76866936683655 3.82576870918274 3.88421535491943 3.94266200065613 4.00110864639282 4.05955505371094 4.11800193786621 4.17644834518433 4.24487352371216 4.34323406219482 4.44159412384033 4.539954662323 4.63831472396851 4.73667526245117
2.36616611480713 2.38066458702087 2.39516282081604 2.4236798286438 2.45686960220337 2.49005937576294 2.52324914932251 2.55643916130066 2.58962893486023 2.6228187084198 2.66171884536743 2.71774959564209 2.77378034591675 2.82981109619141 2.88584160804749 2.94187235832214 2.9979031085968 3.05393385887146 3.09821200370789 3.13857269287109 3.17893314361572 3.21929359436035 3.25965428352356 3.30001473426819 3.3403754234314 3.38383173942566 3.43657612800598 3.4893205165863 3.54206490516663 3.59480929374695 3.64755368232727 3.70029807090759 3.75304245948792 3.80928039550781 3.8666832447052 3.92408585548401 3.98148846626282 4.0388913154602 4.09629392623901 4.15369653701782 4.22112274169922 4.31862020492554 4.4161171913147 4.51361417770386 4.61111164093018 4.70860862731934
2.35454154014587 2.36850714683533 2.3824725151062 2.41067481040955 2.44362282752991 2.47657060623169 2.50951838493347 2.54246616363525 2.57541418075562 2.6083619594574 2.64703416824341 2.70287942886353 2.75872468948364 2.81456995010376 2.87041521072388 2.92626047134399 2.98210573196411 3.03795099258423 3.08245015144348 3.12316703796387 3.16388392448425 3.20460104942322 3.2453179359436 3.28603482246399 3.32675194740295 3.37039732933044 3.42282843589783 3.47525978088379 3.52769088745117 3.58012199401855 3.63255310058594 3.68498420715332 3.73741555213928 3.79279232025146 3.84915089607239 3.90550971031189 3.96186852455139 4.01822710037231 4.07458591461182 4.13094472885132 4.19737195968628 4.29400634765625 4.39064025878906 4.48727416992188 4.58390855789185 4.68054246902466
2.34291696548462 2.35634970664978 2.36978244781494 2.39767003059387 2.43037581443787 2.46308159828186 2.49578762054443 2.52849340438843 2.561199426651 2.593905210495 2.63234949111938 2.68800950050354 2.74366927146912 2.79932904243469 2.85498881340027 2.91064858436584 2.96630835533142 3.021968126297 3.0666880607605 3.10776162147522 3.14883494377136 3.1899082660675 3.23098158836365 3.27205491065979 3.31312823295593 3.35696291923523 3.40908074378967 3.4611988067627 3.51331663131714 3.56543469429016 3.6175525188446 3.66967058181763 3.72178864479065 3.77630400657654 3.83161878585815 3.88693356513977 3.94224834442139 3.997563123703 4.05287790298462 4.10819244384766 4.17362117767334 4.26939249038696 4.36516332626343 4.46093416213989 4.55670499801636 4.65247583389282
2.33129239082336 2.34419226646423 2.3570921421051 2.38466501235962 2.41712880134583 2.44959282875061 2.48205661773682 2.5145206451416 2.54698467254639 2.57944846153259 2.61766505241394 2.67313933372498 2.72861361503601 2.78408789634705 2.83956241607666 2.8950366973877 2.95051097869873 3.00598526000977 3.05092620849609 3.09235596656799 3.13378572463989 3.17521548271179 3.21664524078369 3.25807499885559 3.29950475692749 3.34352827072144 3.39533305168152 3.4471378326416 3.49894261360168 3.55074739456177 3.60255217552185 3.65435695648193 3.70616173744202 3.75981593132019 3.81408667564392 3.86835741996765 3.92262816429138 3.97689914703369 4.03116989135742 4.08544063568115 4.14987087249756 4.24477863311768 4.33968639373779 4.43459415435791 4.52950191497803 4.62440967559814
2.31966757774353 2.33203482627869 2.34440183639526 2.37165999412537 2.40388202667236 2.43610405921936 2.46832585334778 2.50054788589478 2.53276968002319 2.56499171257019 2.60298037528992 2.65826916694641 2.71355819702148 2.76884698867798 2.82413578033447 2.87942481040955 2.93471360206604 2.99000239372253 3.03516435623169 3.07695055007935 3.11873650550842 3.16052269935608 3.20230889320374 3.24409508705139 3.28588128089905 3.33009386062622 3.38158535957336 3.43307685852051 3.48456859588623 3.53606009483337 3.58755159378052 3.63904309272766 3.6905345916748 3.74332761764526 3.79655456542969 3.84978127479553 3.90300822257996 3.9562349319458 4.00946187973022 4.06268882751465 4.12612009048462 4.22016477584839 4.31420946121216 4.40825414657593 4.5022988319397 4.59634351730347
