data/working_set_collections/6091692-Cassins_Sparrow-M2/2010/evpintr_avg.asc
NCOLS 265 
NROWS 230 
XLLCORNER -115.5625 
YLLCORNER 24.8333333333333 
CELLSIZE 0.0833333333333333 
NODATA_value -9999 
[rows 120 to 139 of 230, columns 138 to 183 of 265]
1.72876787185669 1.75717830657959 1.7855886220932 1.8139990568161 1.84153544902802 1.86878049373627 1.89602565765381 1.92327070236206 1.95051574707031 1.97776079177856 2.00500583648682 2.02707362174988 2.03360939025879 2.04014539718628 2.04668116569519 2.0532169342041 2.05975270271301 2.06628847122192 2.07282423973083 2.07191324234009 2.06851983070374 2.0651261806488 2.06173276901245 2.0583393573761 2.05494594573975 2.05155229568481 2.05098176002502 2.05887961387634 2.06677746772766 2.07467532157898 2.0825731754303 2.0904712677002 2.09836912155151 2.10626697540283 2.12177133560181 2.13981127738953 2.15785121917725 2.17589116096497 2.19393110275269 2.21197104454041 2.23001098632812 2.24656510353088 2.25866103172302 2.27075695991516 2.2828528881073 2.29494905471802
1.69616651535034 1.72210359573364 1.74804067611694 1.77397775650024 1.79954886436462 1.82499802112579 1.85044717788696 1.87589633464813 1.90134537220001 1.92679452896118 1.95224368572235 1.97267699241638 1.97806251049042 1.98344814777374 1.98883378505707 1.99421942234039 1.99960494041443 2.00499057769775 2.01037621498108 2.01126432418823 2.01065301895142 2.01004195213318 2.00943064689636 2.00881958007812 2.00820827484131 2.00759720802307 2.00963544845581 2.01962280273438 2.02960991859436 2.03959727287292 2.04958438873291 2.0595715045929 2.06955885887146 2.07954597473145 2.09683537483215 2.11655902862549 2.13628244400024 2.15600609779358 2.17572951316833 2.19545316696167 2.21517658233643 2.23299098014832 2.24507761001587 2.25716423988342 2.26925086975098 2.28133749961853
1.66356515884399 1.6870288848877 1.71049273014069 1.73395645618439 1.75756227970123 1.78121554851532 1.80486869812012 1.82852184772491 1.852175116539 1.8758282661438 1.89948153495789 1.9182802438736 1.92251563072205 1.9267510175705 1.93098640441895 1.9352217912674 1.93945729732513 1.94369268417358 1.94792807102203 1.95061528682709 1.95278632640839 1.95495748519897 1.95712852478027 1.95929968357086 1.96147084236145 1.96364188194275 1.96828937530518 1.98036587238312 1.99244236946106 2.00451898574829 2.01659536361694 2.02867197990417 2.04074859619141 2.05282497406006 2.0718994140625 2.09330654144287 2.11471366882324 2.13612079620361 2.15752792358398 2.17893505096436 2.20034217834473 2.21941685676575 2.23149418830872 2.24357151985168 2.25564885139465 2.26772618293762
1.63096380233765 1.65195429325104 1.67294466495514 1.69393515586853 1.71557569503784 1.73743295669556 1.75929021835327 1.78114748001099 1.8030047416687 1.82486200332642 1.84671926498413 1.86388349533081 1.86696875095367 1.87005388736725 1.87313914299011 1.87622427940369 1.87930953502655 1.88239467144012 1.88547992706299 1.88996624946594 1.89491963386536 1.89987301826477 1.90482652187347 1.90977990627289 1.9147332906723 1.91968667507172 1.92694318294525 1.94110906124115 1.95527482032776 1.96944069862366 1.98360657691956 1.99777233600616 2.01193809509277 2.02610397338867 2.04696345329285 2.07005429267883 2.09314489364624 2.11623573303223 2.13932633399963 2.16241693496704 2.18550777435303 2.20584273338318 2.21791076660156 2.22997879981995 2.24204683303833 2.25411486625671
1.5983624458313 1.61687958240509 1.63539671897888 1.65391385555267 1.67358911037445 1.69365048408508 1.71371173858643 1.73377311229706 1.75383448600769 1.77389574050903 1.79395711421967 1.80948686599731 1.8114218711853 1.813356757164 1.81529176235199 1.81722676753998 1.81916177272797 1.82109677791595 1.82303178310394 1.82931733131409 1.83705294132233 1.84478867053986 1.85252439975739 1.86026000976562 1.86799573898315 1.87573146820068 1.88559699058533 1.90185213088989 1.91810727119446 1.93436241149902 1.95061767101288 1.96687281131744 1.98312795162201 1.99938309192657 2.02202749252319 2.04680180549622 2.07157611846924 2.09635043144226 2.12112474441528 2.14589905738831 2.17067337036133 2.19226861000061 2.20432734489441 2.21638607978821 2.22844481468201 2.24050354957581
1.56576108932495 1.58180487155914 1.59784877300262 1.61389255523682 1.63160252571106 1.64986789226532 1.66813325881958 1.68639874458313 1.70466411113739 1.72292947769165 1.74119484424591 1.75509011745453 1.75587487220764 1.75665974617004 1.75744450092316 1.75822925567627 1.75901401042938 1.75979888439178 1.7605836391449 1.76866829395294 1.7791862487793 1.78970432281494 1.8002222776413 1.81074023246765 1.82125818729401 1.83177626132965 1.8442507982254 1.86259531974792 1.88093972206116 1.89928424358368 1.91762864589691 1.93597316741943 1.95431756973267 1.97266209125519 1.99709165096283 2.02354955673218 2.05000734329224 2.07646536827087 2.10292315483093 2.12938094139099 2.15583896636963 2.17869472503662 2.19074392318726 2.20279335975647 2.21484279632568 2.22689199447632
1.54158115386963 1.55515837669373 1.56873559951782 1.58231282234192 1.59848833084106 1.6155298948288 1.63257145881653 1.64961302280426 1.6666544675827 1.68369603157043 1.70073759555817 1.713658452034 1.71421730518341 1.71477603912354 1.71533477306366 1.71589350700378 1.7164523601532 1.71701109409332 1.71756982803345 1.72667467594147 1.73862826824188 1.75058174133301 1.76253533363342 1.77448892593384 1.78644239902496 1.79839599132538 1.81228625774384 1.83198702335358 1.85168766975403 1.87138831615448 1.89108896255493 1.91078960895538 1.93049037456512 1.95019102096558 1.97622096538544 2.00436067581177 2.03250026702881 2.06063985824585 2.08877968788147 2.11691927909851 2.14505910873413 2.16949319839478 2.18281054496765 2.19612812995911 2.20944571495056 2.22276306152344
1.52582263946533 1.53693997859955 1.54805731773376 1.55917477607727 1.57424640655518 1.59063625335693 1.60702610015869 1.62341594696045 1.63980567455292 1.65619552135468 1.67258536815643 1.68519198894501 1.68644893169403 1.68770575523376 1.68896269798279 1.69021964073181 1.69147658348083 1.69273352622986 1.69399046897888 1.70333647727966 1.7153787612915 1.72742116451263 1.73946356773376 1.7515059709549 1.76354837417603 1.77559065818787 1.78970348834991 1.81002724170685 1.83035099506378 1.85067474842072 1.87099850177765 1.89132225513458 1.91164600849152 1.93196976184845 1.95941543579102 1.98923516273499 2.01905488967896 2.04887461662292 2.07869434356689 2.10851407051086 2.13833379745483 2.16466426849365 2.18052744865417 2.19639039039612 2.21225357055664 2.22811651229858
1.51006412506104 1.51872158050537 1.527379155159 1.53603661060333 1.55000460147858 1.56574273109436 1.58148074150085 1.59721887111664 1.61295688152313 1.62869501113892 1.64443302154541 1.65672540664673 1.65868043899536 1.66063559055328 1.66259062290192 1.66454577445984 1.66650080680847 1.66845595836639 1.67041099071503 1.67999815940857 1.69212937355042 1.70426058769226 1.71639180183411 1.72852301597595 1.7406542301178 1.75278544425964 1.7671205997467 1.78806746006012 1.80901420116425 1.82996106147766 1.85090792179108 1.87185478210449 1.89280164241791 1.91374850273132 1.94261002540588 1.97410976886749 2.0056095123291 2.03710913658142 2.06860899925232 2.10010862350464 2.13160848617554 2.15983533859253 2.17824411392212 2.19665288925171 2.21506142616272 2.23347020149231
1.49430561065674 1.50050318241119 1.50670087337494 1.51289856433868 1.52576279640198 1.5408490896225 1.55593538284302 1.57102179527283 1.58610808849335 1.60119450092316 1.61628079414368 1.62825882434845 1.63091206550598 1.63356530666351 1.63621854782104 1.63887178897858 1.6415251493454 1.64417839050293 1.64683163166046 1.65665996074677 1.66887998580933 1.68110001087189 1.69332003593445 1.70554006099701 1.71776008605957 1.72998011112213 1.74453771114349 1.7661075592041 1.787677526474 1.8092474937439 1.83081746101379 1.85238742828369 1.87395739555359 1.89552736282349 1.92580461502075 1.958984375 1.99216413497925 2.0253438949585 2.05852365493774 2.09170341491699 2.12488317489624 2.15500664710999 2.17596077919006 2.19691514968872 2.2178692817688 2.23882365226746
1.47854697704315 1.48228478431702 1.48602271080017 1.48976051807404 1.50152087211609 1.51595544815063 1.53039014339447 1.54482471942902 1.55925929546356 1.57369387149811 1.58812856674194 1.59979236125946 1.6031436920166 1.60649514198303 1.60984659194946 1.6131979227066 1.61654937267303 1.61990070343018 1.62325215339661 1.63332164287567 1.64563047885895 1.65793943405151 1.67024827003479 1.68255710601807 1.69486606121063 1.70717489719391 1.72195482254028 1.74414777755737 1.76634085178375 1.78853392601013 1.81072700023651 1.8329199552536 1.85511302947998 1.87730610370636 1.90899920463562 1.94385898113251 1.97871875762939 2.01357841491699 2.04843831062317 2.08329820632935 2.11815786361694 2.15017771720886 2.17367744445801 2.19717741012573 2.22067737579346 2.2441771030426
1.46278846263885 1.46406650543213 1.46534442901611 1.4666223526001 1.47727906703949 1.49106192588806 1.50484478473663 1.5186276435852 1.53241050243378 1.54619336128235 1.55997622013092 1.57132577896118 1.57537531852722 1.57942485809326 1.58347451686859 1.58752405643463 1.59157359600067 1.59562313556671 1.59967279434204 1.60998344421387 1.62238109111786 1.63477885723114 1.64717650413513 1.65957415103912 1.6719719171524 1.6843695640564 1.69937193393707 1.72218799591064 1.74500417709351 1.76782035827637 1.79063642024994 1.8134526014328 1.83626866340637 1.85908484458923 1.89219379425049 1.92873358726501 1.96527338027954 2.00181317329407 2.03835296630859 2.07489275932312 2.11143255233765 2.14534878730774 2.17139434814453 2.19743967056274 2.22348523139954 2.24953055381775
1.44954490661621 1.44876837730408 1.44799184799194 1.44721531867981 1.45669627189636 1.4695965051651 1.48249685764313 1.49539709091187 1.5082973241806 1.52119755744934 1.53409779071808 1.54493176937103 1.54956674575806 1.55420172214508 1.5588366985321 1.56347167491913 1.56810665130615 1.57274162769318 1.5773766040802 1.5880229473114 1.60067319869995 1.6133234500885 1.62597370147705 1.63862383365631 1.65127408504486 1.66392433643341 1.67922675609589 1.70248556137085 1.7257444858551 1.74900341033936 1.77226221561432 1.79552114009857 1.81877994537354 1.84203886985779 1.87679469585419 1.91538298130035 1.95397114753723 1.99255931377411 2.03114748001099 2.06973576545715 2.10832405090332 2.14445066452026 2.17319345474243 2.20193600654602 2.23067855834961 2.25942134857178
1.43881618976593 1.43639051914215 1.43396472930908 1.4315390586853 1.43977272510529 1.45155942440033 1.46334624290466 1.47513294219971 1.48691964149475 1.49870645999908 1.51049315929413 1.52061009407043 1.52571773529053 1.53082537651062 1.53593301773071 1.54104065895081 1.5461483001709 1.55125594139099 1.55636358261108 1.56744039058685 1.58050680160522 1.59357333183289 1.60663974285126 1.61970615386963 1.63277268409729 1.64583909511566 1.66151928901672 1.68504059314728 1.70856177806854 1.7320830821991 1.75560438632965 1.77912557125092 1.80264687538147 1.82616817951202 1.8628021478653 1.90380716323853 1.94481205940247 1.9858170747757 2.02682209014893 2.06782698631287 2.10883188247681 2.14748358726501 2.17907500267029 2.21066641807556 2.24225783348083 2.27384901046753
1.42808759212494 1.42401266098022 1.41993772983551 1.41586291790009 1.42284905910492 1.43352234363556 1.4441956281662 1.45486879348755 1.46554207801819 1.47621536254883 1.48688852787018 1.49628853797913 1.50186884403229 1.50744915008545 1.51302945613861 1.51860976219177 1.52419006824493 1.5297703742981 1.53535068035126 1.5468578338623 1.56034052371979 1.57382321357727 1.58730590343475 1.60078847408295 1.61427116394043 1.62775385379791 1.64381182193756 1.66759550571442 1.69137907028198 1.71516275405884 1.73894643783569 1.76273012161255 1.78651368618011 1.81029736995697 1.8488095998764 1.8922313451767 1.93565309047699 1.97907471656799 2.02249646186829 2.06591820716858 2.10933995246887 2.15051627159119 2.18495655059814 2.21939659118652 2.25383687019348 2.28827691078186
1.41735887527466 1.4116348028183 1.40591073036194 1.40018665790558 1.40592551231384 1.41548526287079 1.42504501342773 1.43460476398468 1.44416451454163 1.45372426509857 1.46328401565552 1.47196698188782 1.47801995277405 1.48407292366028 1.49012589454651 1.49617886543274 1.50223183631897 1.5082848072052 1.51433777809143 1.52627515792847 1.54017412662506 1.55407297611237 1.56797194480896 1.58187079429626 1.59576976299286 1.60966873168945 1.6261043548584 1.65015041828156 1.67419648170471 1.69824254512787 1.72228848934174 1.74633455276489 1.77038061618805 1.79442667961121 1.83481705188751 1.88065552711487 1.92649400234222 1.97233247756958 2.01817107200623 2.06400942802429 2.10984802246094 2.15354895591736 2.19083786010742 2.22812700271606 2.26541590690613 2.30270481109619
1.40663027763367 1.39925694465637 1.39188373088837 1.38451051712036 1.38900184631348 1.39744806289673 1.40589439868927 1.41434061527252 1.42278683185577 1.43123316764832 1.43967938423157 1.44764542579651 1.45417106151581 1.46069669723511 1.46722233295441 1.47374796867371 1.48027360439301 1.4867992401123 1.4933248758316 1.50569260120392 1.52000772953033 1.53432285785675 1.54863798618317 1.56295311450958 1.57726836204529 1.5915834903717 1.60839688777924 1.63270533084869 1.65701377391815 1.68132221698761 1.70563066005707 1.72993910312653 1.75424742698669 1.77855587005615 1.82082450389862 1.86907970905304 1.91733491420746 1.96559023857117 2.01384544372559 2.06210064888 2.11035585403442 2.15658187866211 2.19671940803528 2.23685717582703 2.27699494361877 2.31713247299194
1.39590156078339 1.38687920570374 1.3778567314148 1.36883425712585 1.3720782995224 1.37941098213196 1.38674378395081 1.39407646656036 1.40140926837921 1.40874195098877 1.41607475280762 1.4233238697052 1.43032217025757 1.43732047080994 1.4443187713623 1.45131707191467 1.45831537246704 1.46531367301941 1.47231197357178 1.48511004447937 1.49984133243561 1.51457273960114 1.52930414676666 1.5440354347229 1.55876684188843 1.57349824905396 1.59068942070007 1.61526024341583 1.63983106613159 1.66440188884735 1.68897271156311 1.71354353427887 1.73811435699463 1.76268517971039 1.80683183670044 1.85750389099121 1.90817594528198 1.95884788036346 2.00951981544495 2.06019186973572 2.11086392402649 2.15961456298828 2.20260095596313 2.24558734893799 2.28857398033142 2.33156037330627
1.37511014938354 1.36533892154694 1.35556769371033 1.34579646587372 1.34804105758667 1.35429096221924 1.36054086685181 1.36679089069366 1.37304079532623 1.3792906999588 1.38554072380066 1.39212834835052 1.39972925186157 1.40733003616333 1.41493093967438 1.42253184318542 1.43013274669647 1.43773365020752 1.44533443450928 1.45926010608673 1.4752938747406 1.49132776260376 1.50736153125763 1.5233952999115 1.53942918777466 1.55546295642853 1.57370173931122 1.59855496883392 1.62340819835663 1.64826142787933 1.67311465740204 1.69796788692474 1.72282111644745 1.74767434597015 1.7933976650238 1.84607756137848 1.89875757694244 1.95143759250641 2.00411748886108 2.05679750442505 2.10947751998901 2.1602087020874 2.20509338378906 2.24997782707214 2.2948625087738 2.33974719047546
1.34425592422485 1.33463621139526 1.32501649856567 1.31539678573608 1.31689023971558 1.32208800315857 1.32728588581085 1.33248364925385 1.33768153190613 1.34287929534912 1.34807705879211 1.35405886173248 1.36239218711853 1.37072563171387 1.37905895709991 1.38739240169525 1.3957257270813 1.40405917167664 1.41239249706268 1.428142786026 1.44636523723602 1.46458780765533 1.48281025886536 1.50103282928467 1.51925528049469 1.53747773170471 1.55743360519409 1.58258926868439 1.60774493217468 1.63290059566498 1.65805625915527 1.68321204185486 1.70836770534515 1.73352336883545 1.78052163124084 1.83480083942413 1.88908004760742 1.94335913658142 1.99763834476471 2.051917552948 2.106196641922 2.15836405754089 2.20419645309448 2.25002861022949 2.2958607673645 2.34169316291809
