data/working_set_collections/6091692-Cassins_Sparrow-M2/2010/evpintr_avg.asc
NCOLS 265 
NROWS 230 
XLLCORNER -115.5625 
YLLCORNER 24.8333333333333 
CELLSIZE 0.0833333333333333 
NODATA_value -9999 
[rows 40 to 59 of 230, columns 92 to 137 of 265]
3.30682921409607 3.47826409339905 3.64969873428345 3.82113337516785 3.99256801605225 4.19896602630615 4.41701793670654 4.63507032394409 4.85312271118164 5.07117509841919 5.28922700881958 5.50727939605713 5.69457769393921 5.78961372375488 5.8846492767334 5.97968530654907 6.07472133636475 6.16975736618042 6.26479291915894 6.35982894897461 6.34436464309692 6.29206705093384 6.23976945877075 6.18747186660767 6.13517427444458 6.08287620544434 6.03057861328125 5.95785236358643 5.82384061813354 5.68982839584351 5.55581665039062 5.42180442810059 5.2877926826477 5.15378046035767 5.01976871490479 4.83996629714966 4.64490079879761 4.44983530044556 4.25476932525635 4.0597038269043 3.86463832855225 3.66957259178162 3.50514245033264 3.4326183795929 3.36009454727173 3.28757071495056
3.4762864112854 3.65470194816589 3.83311748504639 4.01153326034546 4.18994855880737 4.39526414871216 4.6095461845398 4.82382869720459 5.03811073303223 5.25239276885986 5.46667528152466 5.6809573173523 5.86569499969482 5.96179866790771 6.05790281295776 6.15400695800781 6.2501106262207 6.34621477127075 6.44231843948364 6.53842258453369 6.52391672134399 6.47254133224487 6.42116546630859 6.36979007720947 6.31841421127319 6.26703882217407 6.21566343307495 6.14130783081055 5.99801349639893 5.85471868515015 5.71142435073853 5.56812953948975 5.42483520507812 5.2815408706665 5.13824605941772 4.94488573074341 4.73483657836914 4.52478742599487 4.31473827362061 4.10468912124634 3.89463996887207 3.6845908164978 3.50752568244934 3.42941284179688 3.35130000114441 3.27318716049194
3.62551140785217 3.80571269989014 3.9859139919281 4.16611528396606 4.34631681442261 4.54684638977051 4.75415229797363 4.9614577293396 5.16876363754272 5.37606954574585 5.58337497711182 5.79068088531494 5.96947908401489 6.06275320053101 6.15602779388428 6.24930238723755 6.34257698059082 6.43585109710693 6.5291256904602 6.62240028381348 6.60488557815552 6.55044174194336 6.49599742889404 6.44155311584473 6.38710880279541 6.33266496658325 6.27822065353394 6.19999027252197 6.05040073394775 5.90081119537354 5.75122165679932 5.60163259506226 5.45204305648804 5.30245351791382 5.1528639793396 4.95458745956421 4.74008178710938 4.52557563781738 4.31106996536255 4.09656429290771 3.8820583820343 3.66755247116089 3.48649787902832 3.40579700469971 3.32509613037109 3.24439525604248
3.75450468063354 3.93129658699036 4.10808849334717 4.2848801612854 4.46167230606079 4.65371227264404 4.85083532333374 5.04795837402344 5.24508142471313 5.44220447540283 5.63932752609253 5.83645057678223 6.00592994689941 6.09247732162476 6.1790246963501 6.26557207107544 6.35211992263794 6.43866729736328 6.52521467208862 6.61176204681396 6.58727169036865 6.5257682800293 6.46426486968994 6.40276145935059 6.34125757217407 6.27975416183472 6.21825075149536 6.13389921188354 5.98100233078003 5.82810592651367 5.67520904541016 5.5223126411438 5.36941576004028 5.21651935577393 5.06362247467041 4.86907196044922 4.66063594818115 4.45220041275024 4.24376487731934 4.03532934188843 3.82689356803894 3.61845779418945 3.44205904006958 3.36177110671997 3.28148293495178 3.20119476318359
3.88349795341492 4.05688047409058 4.23026275634766 4.40364503860474 4.57702779769897 4.76057863235474 4.94751882553101 5.13445901870728 5.32139921188354 5.50833940505981 5.69528007507324 5.88222026824951 6.04238080978394 6.12220096588135 6.20202159881592 6.28184223175049 6.36166286468506 6.44148302078247 6.52130365371704 6.60112428665161 6.56965732574463 6.50109481811523 6.43253183364868 6.36396932601929 6.29540634155273 6.22684383392334 6.15828132629395 6.06780815124512 5.91160440444946 5.75540065765381 5.599196434021 5.44299268722534 5.28678894042969 5.13058519363403 4.97438097000122 4.78355598449707 4.58119058609009 4.37882518768311 4.17645978927612 3.97409415245056 3.771728515625 3.56936311721802 3.39762020111084 3.31774497032166 3.23786973953247 3.15799450874329
4.01249122619629 4.18246412277222 4.35243701934814 4.52240991592407 4.6923828125 4.86744451522827 5.04420185089111 5.22095966339111 5.39771699905396 5.57447481155396 5.7512321472168 5.9279899597168 6.0788311958313 6.1519250869751 6.22501850128174 6.29811191558838 6.37120532989502 6.44429922103882 6.51739263534546 6.5904860496521 6.5520429611206 6.47642135620117 6.40079927444458 6.32517719268799 6.2495551109314 6.17393350601196 6.09831142425537 6.00171709060669 5.84220600128174 5.68269491195679 5.52318382263184 5.36367273330688 5.20416164398193 5.04465055465698 4.88513946533203 4.69804048538208 4.50174522399902 4.30544948577881 4.10915422439575 3.9128589630127 3.71656370162964 3.52026844024658 3.3531813621521 3.27371883392334 3.19425654411316 3.1147940158844
4.14148426055908 4.30804777145386 4.47461128234863 4.64117479324341 4.80773830413818 4.97431039810181 5.14088535308838 5.30746030807495 5.47403478622437 5.64060974121094 5.80718469619751 5.97375965118408 6.11528205871582 6.18164873123169 6.24801540374756 6.31438207626343 6.38074827194214 6.44711494445801 6.51348161697388 6.57984828948975 6.53442907333374 6.45174789428711 6.36906671524048 6.28638553619385 6.20370435714722 6.12102317810059 6.03834199905396 5.93562650680542 5.77280807495117 5.60998964309692 5.44717121124268 5.28435277938843 5.12153482437134 4.95871639251709 4.79589796066284 4.61252450942993 4.4222993850708 4.23207426071167 4.04184913635254 3.85162401199341 3.66139888763428 3.47117352485657 3.30874228477478 3.22969269752502 3.15064311027527 3.07159352302551
4.27047729492188 4.4336314201355 4.59678554534912 4.75993967056274 4.92309379577637 5.08117628097534 5.23756837844849 5.39396047592163 5.55035257339478 5.70674467086792 5.86313724517822 6.01952934265137 6.15173292160034 6.21137285232544 6.27101230621338 6.33065176010132 6.39029121398926 6.4499306678772 6.5095705986023 6.56921005249023 6.51681470870972 6.42707395553589 6.33733367919922 6.24759340286255 6.15785312652588 6.06811237335205 5.97837209701538 5.86953544616699 5.70340967178345 5.53728437423706 5.37115859985352 5.20503330230713 5.03890752792358 4.8727822303772 4.70665645599365 4.52700901031494 4.34285402297974 4.15869903564453 3.97454380989075 3.79038882255554 3.60623383522034 3.42207884788513 3.26430344581604 3.18566679954529 3.10702991485596 3.0283932685852
4.39267492294312 4.55740261077881 4.7221302986145 4.8868579864502 5.05158615112305 5.20033359527588 5.34375476837158 5.48717594146729 5.63059711456299 5.77401828765869 5.91743898391724 6.06086015701294 6.18024635314941 6.22752618789673 6.2748064994812 6.32208681106567 6.36936712265015 6.41664743423462 6.46392774581909 6.51120805740356 6.45840835571289 6.37224912643433 6.28608989715576 6.1999306678772 6.11377143859863 6.02761220932007 5.9414529800415 5.83548545837402 5.67009162902832 5.50469779968262 5.33930397033691 5.17391014099121 5.00851678848267 4.84312295913696 4.67772912979126 4.49893712997437 4.31567907333374 4.13242053985596 3.94916248321533 3.76590442657471 3.5826461315155 3.39938807487488 3.2427499294281 3.16597199440002 3.08919429779053 3.01241636276245
4.50807619094849 4.67936086654663 4.85064554214478 5.02193021774292 5.19321489334106 5.33178234100342 5.45944404602051 5.5871057510376 5.71476745605469 5.84242916107178 5.97009086608887 6.09775304794312 6.20082139968872 6.23011016845703 6.25939846038818 6.28868722915649 6.3179759979248 6.34726428985596 6.37655305862427 6.40584182739258 6.35921049118042 6.28727293014526 6.21533536911011 6.14339780807495 6.0714602470398 5.99952268600464 5.92758512496948 5.83347606658936 5.67285346984863 5.51223039627075 5.35160732269287 5.19098472595215 5.03036165237427 4.86973905563354 4.70911598205566 4.52830934524536 4.34077453613281 4.15323972702026 3.96570515632629 3.77817034721375 3.59063577651978 3.40310096740723 3.24408173561096 3.17060899734497 3.09713625907898 3.02366328239441
4.62347745895386 4.8013186454773 4.97916030883789 5.15700197219849 5.33484315872192 5.4632306098938 5.57513332366943 5.68703556060791 5.79893827438354 5.91084051132202 6.02274322509766 6.13464546203613 6.22139644622803 6.23269367218018 6.24399042129517 6.25528764724731 6.2665843963623 6.27788162231445 6.28917837142944 6.30047559738159 6.26001262664795 6.2022967338562 6.14458084106445 6.0868649482727 6.02914905548096 5.97143268585205 5.9137167930603 5.83146715164185 5.67561483383179 5.51976299285889 5.36391067504883 5.20805883407593 5.05220699310303 4.89635467529297 4.74050283432007 4.5576810836792 4.36586999893188 4.17405891418457 3.98224759101868 3.79043650627136 3.59862518310547 3.40681409835815 3.24541354179382 3.17524576187134 3.10507798194885 3.03491020202637
4.73887872695923 4.92327690124512 5.10767555236816 5.29207372665405 5.47647190093994 5.59467887878418 5.6908221244812 5.78696537017822 5.88310861587524 5.97925186157227 6.07539510726929 6.17153787612915 6.24197196960449 6.23527717590332 6.22858238220215 6.22188758850098 6.21519327163696 6.20849847793579 6.20180368423462 6.1951093673706 6.16081476211548 6.11732053756714 6.0738263130188 6.0303316116333 5.98683738708496 5.94334316253662 5.89984893798828 5.82945775985718 5.6783766746521 5.52729558944702 5.37621402740479 5.22513294219971 5.07405185699463 4.92297077178955 4.77188968658447 4.5870532989502 4.39096546173096 4.19487810134888 3.99879026412964 3.8027024269104 3.60661482810974 3.4105269908905 3.24674558639526 3.17988276481628 3.1130199432373 3.04615712165833
4.8542799949646 5.04523515701294 5.23619031906128 5.42714548110962 5.61810064315796 5.72612762451172 5.80651140213013 5.88689517974854 5.96727895736694 6.04766321182251 6.12804698944092 6.20843076705933 6.2625470161438 6.23786067962646 6.21317434310913 6.1884880065918 6.16380167007446 6.13911533355713 6.1144289970398 6.08974266052246 6.06161689758301 6.03234434127808 6.00307130813599 5.97379875183105 5.94452619552612 5.91525316238403 5.8859806060791 5.82744884490967 5.68113851547241 5.53482818603516 5.3885178565979 5.24220752716064 5.09589719772339 4.94958686828613 4.80327653884888 4.61642551422119 4.41606140136719 4.21569681167603 4.01533269882202 3.81496858596802 3.61460423469543 3.41423988342285 3.24807739257812 3.18451952934265 3.12096190452576 3.05740404129028
4.96968126296997 5.16719341278076 5.36470556259155 5.56221771240234 5.75972938537598 5.8575758934021 5.92220067977905 5.98682498931885 6.0514497756958 6.1160740852356 6.18069887161255 6.24532318115234 6.2831220626831 6.24044418334961 6.19776630401611 6.15508842468262 6.11241054534912 6.06973266601562 6.02705478668213 5.98437643051147 5.96241903305054 5.94736766815186 5.93231678009033 5.91726589202881 5.90221452713013 5.8871636390686 5.87211275100708 5.825439453125 5.68389987945557 5.54236030578613 5.40082120895386 5.25928163528442 5.11774206161499 4.97620248794556 4.83466291427612 4.64579772949219 4.44115686416626 4.23651599884033 4.0318751335144 3.82723450660706 3.62259387969971 3.41795301437378 3.24940919876099 3.1891565322876 3.12890362739563 3.06865096092224
5.02597761154175 5.22336864471436 5.42076015472412 5.61815118789673 5.81554222106934 5.89986276626587 5.94649314880371 5.9931230545044 6.03975343704224 6.08638334274292 6.13301372528076 6.1796441078186 6.20327377319336 6.15790271759033 6.1125316619873 6.06716012954712 6.02178907394409 5.97641801834106 5.93104648590088 5.88567543029785 5.87058877944946 5.86559724807739 5.86060523986816 5.85561370849609 5.85062217712402 5.8456301689148 5.84063863754272 5.80174207687378 5.66113138198853 5.52052068710327 5.37990999221802 5.23929929733276 5.09868860244751 4.95807790756226 4.817467212677 4.63002586364746 4.42697429656982 4.22392225265503 4.02087068557739 3.81781888008118 3.61476707458496 3.41171526908875 3.24447321891785 3.18466019630432 3.12484693527222 3.06503391265869
5.02316951751709 5.21376180648804 5.40435409545898 5.59494686126709 5.78553915023804 5.85298776626587 5.87938833236694 5.90578937530518 5.93218994140625 5.95859098434448 5.98499155044556 6.01139259338379 6.0230016708374 5.99023580551147 5.95746946334839 5.92470359802246 5.89193773269653 5.85917139053345 5.82640552520752 5.79363965988159 5.7861270904541 5.78703212738037 5.7879376411438 5.78884267807007 5.78974771499634 5.79065322875977 5.79155826568604 5.75635623931885 5.61283254623413 5.46930837631226 5.32578468322754 5.18226099014282 5.03873682022095 4.89521312713623 4.75168895721436 4.56911039352417 4.37351322174072 4.17791557312012 3.98231863975525 3.7867214679718 3.59112405776978 3.39552688598633 3.23326921463013 3.17103052139282 3.10879158973694 3.04655265808105
5.02036142349243 5.20415496826172 5.38794851303101 5.57174205780029 5.75553560256958 5.80611276626587 5.81228399276733 5.81845569610596 5.82462692260742 5.83079814910889 5.83696985244751 5.84314107894897 5.84272956848145 5.82256841659546 5.80240774154663 5.7822470664978 5.76208591461182 5.74192523956299 5.72176456451416 5.70160341262817 5.70166492462158 5.70846748352051 5.71526956558228 5.72207164764404 5.72887372970581 5.73567581176758 5.7424783706665 5.71097040176392 5.56453371047974 5.4180965423584 5.27165937423706 5.12522220611572 4.97878503799438 4.83234786987305 4.68591070175171 4.50819444656372 4.32005214691162 4.13190937042236 3.94376659393311 3.75562381744385 3.56748127937317 3.37933850288391 3.22206544876099 3.15740084648132 3.09273624420166 3.02807140350342
5.01755332946777 5.1945481300354 5.37154293060303 5.54853773117065 5.72553253173828 5.75923776626587 5.74517965316772 5.73112154006958 5.71706390380859 5.70300579071045 5.6889476776123 5.67488956451416 5.66245746612549 5.6549015045166 5.64734601974487 5.63979053497314 5.63223457336426 5.62467908859253 5.61712312698364 5.60956764221191 5.61720323562622 5.62990236282349 5.64260149002075 5.65530061721802 5.66799974441528 5.68069887161255 5.69339799880981 5.66558504104614 5.51623439788818 5.36688423156738 5.21753406524658 5.06818342208862 4.91883325576782 4.76948308944702 4.62013244628906 4.44727897644043 4.26659059524536 4.08590269088745 3.90521454811096 3.72452640533447 3.54383826255798 3.36315011978149 3.21086144447327 3.14377117156982 3.0766806602478 3.00959038734436
5.01474475860596 5.18494081497192 5.35513687133789 5.52533292770386 5.69552898406982 5.71236276626587 5.67807531356812 5.64378786087036 5.60950040817261 5.57521295547485 5.5409255027771 5.5066385269165 5.48218536376953 5.48723459243774 5.49228429794312 5.49733352661133 5.5023832321167 5.50743246078491 5.51248216629028 5.51753187179565 5.5327410697937 5.55133724212646 5.56993341445923 5.58852958679199 5.60712575912476 5.62572193145752 5.64431810379028 5.62019920349121 5.46793556213379 5.31567192077637 5.1634087562561 5.01114511489868 4.85888147354126 4.70661783218384 4.55435419082642 4.38636350631714 4.21312952041626 4.03989601135254 3.86666250228882 3.6934289932251 3.52019548416138 3.34696173667908 3.19965767860413 3.13014149665833 3.06062531471252 2.99110913276672
5.0119366645813 5.17533397674561 5.33873128890991 5.50212860107422 5.66552591323853 5.66548776626587 5.61097097396851 5.55645418167114 5.50193738937378 5.44742059707642 5.39290380477905 5.33838701248169 5.30191326141357 5.31956768035889 5.33722257614136 5.35487699508667 5.37253189086914 5.39018630981445 5.40784120559692 5.42549562454224 5.44827938079834 5.47277212142944 5.4972653388977 5.52175855636597 5.54625177383423 5.57074499130249 5.59523773193359 5.57481336593628 5.41963672637939 5.26446008682251 5.10928344726562 4.95410633087158 4.7989296913147 4.64375305175781 4.48857593536377 4.32544755935669 4.15966844558716 3.99388957023621 3.82811045646667 3.66233158111572 3.49655246734619 3.33077335357666 3.18845367431641 3.11651182174683 3.04456996917725 2.97262787818909
