data/working_set_collections/6091692-Cassins_Sparrow-M2/2010/evpsoil_avg.asc
NCOLS 265 
NROWS 230 
XLLCORNER -115.5625 
YLLCORNER 24.8333333333333 
CELLSIZE 0.0833333333333333 
NODATA_value -9999 
[rows 60 to 79 of 230, columns 92 to 137 of 265]
20.0098342895508 19.6493186950684 19.2888031005859 18.9282875061035 18.5677719116211 18.197998046875 17.825138092041 17.452278137207 17.0794162750244 16.7065563201904 16.3336963653564 15.9608354568481 15.8387479782104 16.4689807891846 17.0992126464844 17.7294445037842 18.359676361084 18.9899082183838 19.6201400756836 20.2503719329834 20.5863094329834 20.824146270752 21.0619850158691 21.2998218536377 21.5376605987549 21.7754974365234 22.0133361816406 22.1950645446777 22.2084636688232 22.2218608856201 22.2352600097656 22.2486591339111 22.2620582580566 22.2754573822021 22.2888565063477 22.381010055542 22.4994163513184 22.6178226470947 22.7362270355225 22.8546333312988 22.9730396270752 23.0914459228516 23.146858215332 23.0132904052734 22.8797245025635 22.7461585998535
20.2087459564209 19.8168468475342 19.4249458312988 19.0330467224121 18.6411457061768 18.3592472076416 18.1140155792236 17.8687858581543 17.6235542297363 17.3783226013184 17.1330909729004 16.8878612518311 16.8218631744385 17.2935676574707 17.7652740478516 18.2369785308838 18.708683013916 19.1803874969482 19.6520919799805 20.1237983703613 20.3949451446533 20.5992393493652 20.8035335540771 21.0078277587891 21.212121963501 21.4164161682129 21.6207103729248 21.7856502532959 21.8325309753418 21.8794116973877 21.9262924194336 21.9731750488281 22.020055770874 22.0669364929199 22.1138172149658 22.2017059326172 22.3032627105713 22.4048194885254 22.5063781738281 22.6079349517822 22.709493637085 22.8110504150391 22.8513374328613 22.7078094482422 22.5642833709717 22.4207572937012
20.407657623291 19.9843730926514 19.5610885620117 19.1378040313721 18.7145195007324 18.5204963684082 18.4028949737549 18.2852935791016 18.1676902770996 18.0500888824463 17.932487487793 17.8148860931396 17.8049774169922 18.1181564331055 18.4313335418701 18.7445125579834 19.057689666748 19.3708667755127 19.684045791626 19.9972229003906 20.2035808563232 20.3743305206299 20.5450820922852 20.7158317565918 20.8865833282471 21.0573329925537 21.228084564209 21.3762378692627 21.456600189209 21.5369625091553 21.6173267364502 21.6976890563965 21.7780513763428 21.8584156036377 21.938777923584 22.0223999023438 22.1071090698242 22.1918182373047 22.2765274047852 22.3612384796143 22.4459476470947 22.5306568145752 22.5558166503906 22.4023284912109 22.2488422393799 22.0953559875488
20.6065692901611 20.1519012451172 19.6972312927246 19.2425632476807 18.7878932952881 18.6817474365234 18.6917743682861 18.7018013000488 18.7118282318115 18.7218551635742 18.7318820953369 18.7419109344482 18.7880935668945 18.9427433013916 19.0973949432373 19.2520446777344 19.4066963195801 19.5613479614258 19.7159976959229 19.8706493377686 20.0122165679932 20.1494235992432 20.2866306304932 20.4238376617432 20.5610446929932 20.6982517242432 20.8354587554932 20.9668235778809 21.0806694030762 21.1945133209229 21.3083591461182 21.4222030639648 21.5360488891602 21.6498928070068 21.7637386322021 21.8430957794189 21.9109573364258 21.978816986084 22.0466785430908 22.1145401000977 22.1823997497559 22.2502613067627 22.2602958679199 22.0968475341797 21.9334011077881 21.7699527740479
20.8054809570312 20.3194274902344 19.8333740234375 19.3473205566406 18.8612670898438 18.84299659729 18.9806518554688 19.1183090209961 19.2559661865234 19.3936214447021 19.5312786102295 19.6689357757568 19.7712078094482 19.7673320770264 19.7634563446045 19.759578704834 19.7557029724121 19.7518272399902 19.7479496002197 19.7440738677979 19.8208522796631 19.9245147705078 20.0281791687012 20.1318416595459 20.2355060577393 20.339168548584 20.4428310394287 20.5574111938477 20.7047386169434 20.8520641326904 20.9993915557861 21.1467189788818 21.2940464019775 21.4413719177246 21.5886993408203 21.6637916564941 21.7148036956787 21.7658157348633 21.8168296813965 21.8678417205811 21.9188537597656 21.9698677062988 21.9647750854492 21.7913665771484 21.6179599761963 21.4445514678955
21.0043926239014 20.4869556427002 19.9695167541504 19.4520797729492 18.9346408843994 19.0042457580566 19.26953125 19.5348167419434 19.8001022338867 20.0653877258301 20.3306732177734 20.5959606170654 20.7543239593506 20.5919189453125 20.429515838623 20.2671127319336 20.1047096252441 19.9423065185547 19.7799034118652 19.6175003051758 19.629487991333 19.6996078491211 19.7697277069092 19.8398475646973 19.9099674224854 19.9800853729248 20.0502052307129 20.1479969024658 20.3288059234619 20.509614944458 20.6904239654541 20.8712329864502 21.0520420074463 21.2328510284424 21.4136600494385 21.4844856262207 21.5186500549316 21.5528144836426 21.5869789123535 21.6211433410645 21.6553077697754 21.6894721984863 21.6692543029785 21.4858856201172 21.3025188446045 21.1191501617432
20.8771648406982 20.3281440734863 19.779125213623 19.2301044464111 18.6810836791992 18.8008460998535 19.1435375213623 19.4862270355225 19.8289184570312 20.1716079711914 20.5142993927002 20.8569889068604 21.0620040893555 20.8539924621582 20.6459808349609 20.4379692077637 20.2299556732178 20.0219440460205 19.8139324188232 19.605920791626 19.5979061126709 19.6565589904785 19.7152099609375 19.7738609313965 19.8325138092041 19.8911647796631 19.9498176574707 20.0434436798096 20.2419910430908 20.4405403137207 20.6390895843506 20.8376369476318 21.0361862182617 21.234733581543 21.4332828521729 21.4918575286865 21.5037727355957 21.5156898498535 21.5276050567627 21.5395202636719 21.5514373779297 21.5633525848389 21.5237579345703 21.3296279907227 21.135498046875 20.9413681030273
20.4237976074219 19.84299659729 19.2621955871582 18.681396484375 18.1005954742432 18.2327976226807 18.602668762207 18.9725399017334 19.3424110412598 19.7122821807861 20.0821533203125 20.4520244598389 20.6942520141602 20.5535488128662 20.4128475189209 20.2721462249756 20.1314430236816 19.9907417297363 19.8500385284424 19.7093372344971 19.7261066436768 19.7953662872314 19.8646259307861 19.9338855743408 20.0031452178955 20.0724048614502 20.1416645050049 20.243745803833 20.4442920684814 20.6448383331299 20.8453845977783 21.0459289550781 21.2464752197266 21.447021484375 21.6475677490234 21.6859035491943 21.6701717376709 21.6544380187988 21.6387062072754 21.6229724884033 21.6072406768799 21.5915088653564 21.528284072876 21.3225898742676 21.1168956756592 20.9112014770508
19.9704303741455 19.3578491210938 18.745267868042 18.1326885223389 17.5201072692871 17.6647510528564 18.0618019104004 18.4588527679443 18.8559055328369 19.2529563903809 19.6500072479248 20.0470581054688 20.3264999389648 20.2531070709229 20.1797142028809 20.1063232421875 20.0329303741455 19.9595375061035 19.8861465454102 19.8127536773682 19.8543071746826 19.9341735839844 20.0140419006348 20.0939102172852 20.1737785339355 20.2536449432373 20.3335132598877 20.4440498352051 20.6465930938721 20.8491363525391 21.0516796112061 21.254222869873 21.4567642211914 21.6593074798584 21.8618507385254 21.8799514770508 21.8365688323975 21.7931880950928 21.7498073577881 21.7064266204834 21.6630439758301 21.6196632385254 21.5328121185303 21.3155536651611 21.098295211792 20.8810367584229
19.5170612335205 18.8727016448975 18.2283401489258 17.5839805603027 16.9396190643311 17.0967025756836 17.5209350585938 17.9451656341553 18.3693981170654 18.7936305999756 19.2178611755371 19.6420936584473 19.9587459564209 19.9526653289795 19.9465827941895 19.9405002593994 19.9344177246094 19.9283351898193 19.9222526550293 19.9161701202393 19.9825057983398 20.0729827880859 20.1634578704834 20.2539348602295 20.344409942627 20.4348850250244 20.5253620147705 20.6443538665771 20.8488941192627 21.0534343719482 21.2579746246338 21.4625148773193 21.6670551300049 21.8715953826904 22.076135635376 22.0739974975586 22.0029678344727 21.9319381713867 21.8609085083008 21.7898788452148 21.7188472747803 21.6478176116943 21.5373401641846 21.3085174560547 21.0796947479248 20.8508701324463
19.0636940002441 18.3875541687012 17.7114124298096 17.035270690918 16.359130859375 16.5286540985107 16.9800662994385 17.4314785003662 17.8828907012939 18.3343029022217 18.7857151031494 19.2371273040771 19.5909938812256 19.6522216796875 19.7134494781494 19.7746772766113 19.8359050750732 19.8971309661865 19.9583587646484 20.0195865631104 20.1107063293457 20.2117900848389 20.312873840332 20.4139575958252 20.5150413513184 20.6161270141602 20.7172107696533 20.8446578979492 21.0511951446533 21.2577323913574 21.4642696380615 21.6708068847656 21.8773441314697 22.0838813781738 22.2904186248779 22.268045425415 22.1693668365479 22.0706882476807 21.9720096588135 21.8733310699463 21.7746524810791 21.6759738922119 21.5418682098389 21.3014793395996 21.061092376709 20.8207054138184
18.6103267669678 17.9024047851562 17.1944847106934 16.4865627288818 15.7786426544189 15.9606065750122 16.4391994476318 16.9177913665771 17.3963851928711 17.8749771118164 18.3535709381104 18.8321628570557 19.2232418060303 19.3517799377441 19.4803161621094 19.6088542938232 19.7373905181885 19.8659286499023 19.9944667816162 20.1230030059814 20.2389068603516 20.3505992889404 20.4622898101807 20.5739822387695 20.6856746673584 20.7973670959473 20.9090576171875 21.0449619293213 21.2534961700439 21.4620304107666 21.6705646514893 21.8790988922119 22.0876331329346 22.2961692810059 22.5047035217285 22.4620914459229 22.3357639312744 22.209436416626 22.0831108093262 21.9567832946777 21.8304557800293 21.7041282653809 21.5463943481445 21.2944431304932 21.0424919128418 20.7905406951904
18.4617195129395 17.7685565948486 17.0753955841064 16.3822326660156 15.6890697479248 15.8946895599365 16.39990234375 16.9051170349121 17.4103298187256 17.9155445098877 18.4207572937012 18.9259719848633 19.3349781036377 19.4553642272949 19.5757503509521 19.6961364746094 19.8165225982666 19.9369068145752 20.0572929382324 20.1776790618896 20.3009071350098 20.4250812530518 20.5492553710938 20.6734313964844 20.7976055145264 20.9217796325684 21.045955657959 21.1910629272461 21.3989696502686 21.606876373291 21.8147811889648 22.0226879119873 22.2305946350098 22.4385013580322 22.6464061737061 22.6086921691895 22.4891014099121 22.3695125579834 22.2499237060547 22.130334854126 22.0107440948486 21.8911552429199 21.735372543335 21.471004486084 21.206636428833 20.9422702789307
18.6178760528564 17.9860095977783 17.3541431427002 16.7222785949707 16.0904121398926 16.3309020996094 16.8621768951416 17.3934535980225 17.9247283935547 18.4560031890869 18.9872798919678 19.5185546875 19.9262046813965 19.9629783630371 19.9997501373291 20.0365238189697 20.0732955932617 20.1100692749023 20.1468410491943 20.183614730835 20.2967071533203 20.4352397918701 20.5737724304199 20.7123031616211 20.8508358001709 20.9893684387207 21.1279010772705 21.2829627990723 21.4876155853271 21.692268371582 21.8969211578369 22.1015739440918 22.3062267303467 22.5108776092529 22.7155303955078 22.7078456878662 22.6293792724609 22.5509147644043 22.4724502563477 22.393985748291 22.3155193328857 22.2370548248291 22.1087970733643 21.8311634063721 21.5535297393799 21.2758960723877
18.7740306854248 18.2034606933594 17.6328926086426 17.0623226165771 16.4917545318604 16.7671146392822 17.3244514465332 17.8817901611328 18.4391269683838 18.9964637756348 19.5538005828857 20.1111392974854 20.5174312591553 20.4705905914307 20.4237499237061 20.3769111633301 20.3300704956055 20.2832298278809 20.2363891601562 20.1895503997803 20.2925071716309 20.4453964233398 20.5982875823975 20.7511768341064 20.9040660858154 21.056957244873 21.209846496582 21.3748626708984 21.5762615203857 21.777660369873 21.9790592193604 22.1804580688477 22.381856918335 22.5832557678223 22.7846546173096 22.806999206543 22.7696571350098 22.7323169708252 22.6949768066406 22.6576347351074 22.6202945709229 22.5829544067383 22.4822235107422 22.1913223266602 21.9004211425781 21.6095199584961
18.9301853179932 18.4209136962891 17.911642074585 17.4023685455322 16.8930969238281 17.2033271789551 17.7867279052734 18.3701267242432 18.9535255432129 19.5369243621826 20.1203231811523 20.7037220001221 21.1086578369141 20.9782047271729 20.8477516174316 20.7172985076904 20.5868453979492 20.456392288208 20.3259391784668 20.1954860687256 20.2883071899414 20.4555549621582 20.622802734375 20.7900505065918 20.95729637146 21.1245441436768 21.2917919158936 21.4667644500732 21.664909362793 21.8630542755127 22.0611991882324 22.2593441009521 22.4574890136719 22.6556339263916 22.8537788391113 22.9061527252197 22.9099349975586 22.9137191772461 22.9175033569336 22.9212856292725 22.92506980896 22.9288539886475 22.8556480407715 22.5514812469482 22.247314453125 21.9431457519531
19.0863399505615 18.6383647918701 18.1903896331787 17.7424144744873 17.2944393157959 17.6395416259766 18.249002456665 18.8584613800049 19.4679222106934 20.0773830413818 20.6868438720703 21.2963047027588 21.6998844146729 21.4858169555664 21.2717514038086 21.0576858520508 20.8436183929443 20.6295528411865 20.4154872894287 20.2014198303223 20.284107208252 20.4657135009766 20.6473178863525 20.8289222717285 21.0105266571045 21.1921329498291 21.3737373352051 21.5586643218994 21.7535552978516 21.9484462738037 22.1433372497559 22.338228225708 22.5331192016602 22.7280120849609 22.9229030609131 23.0053062438965 23.0502128601074 23.095121383667 23.1400299072266 23.1849365234375 23.2298450469971 23.274751663208 23.2290744781494 22.9116401672363 22.5942058563232 22.2767715454102
19.2424964904785 18.8558177947998 18.4691390991211 18.0824604034424 17.6957817077637 18.0757541656494 18.7112770080566 19.3467979431152 19.9823207855225 20.6178436279297 21.2533664703369 21.8888874053955 22.2911109924316 21.9934310913086 21.6957511901855 21.3980731964111 21.1003932952881 20.802713394165 20.5050354003906 20.2073554992676 20.2799072265625 20.4758701324463 20.6718330383301 20.8677959442139 21.063756942749 21.2597198486328 21.4556827545166 21.6505641937256 21.8422012329102 22.0338382720947 22.2254772186279 22.4171142578125 22.6087512969971 22.8003883361816 22.9920272827148 23.1044597625732 23.1904907226562 23.2765235900879 23.3625564575195 23.4485874176025 23.5346202850342 23.6206512451172 23.6025009155273 23.2717990875244 22.9410972595215 22.6103973388672
19.5151844024658 19.1872940063477 18.8594055175781 18.53151512146 18.2036266326904 18.5852546691895 19.2033920288086 19.8215274810791 20.4396629333496 21.0578002929688 21.6759357452393 22.2940711975098 22.6659698486328 22.2991523742676 21.9323348999023 21.5655174255371 21.1986999511719 20.8318824768066 20.4650650024414 20.0982475280762 20.1751937866211 20.4000625610352 20.6249294281006 20.8497982025146 21.0746650695801 21.2995338439941 21.5244007110596 21.7389163970947 21.9223747253418 22.1058330535889 22.2892913818359 22.472749710083 22.6562080383301 22.8396663665771 23.0231246948242 23.1502342224121 23.2585601806641 23.366886138916 23.4752140045166 23.5835399627686 23.6918659210205 23.8001918792725 23.801082611084 23.4796619415283 23.1582412719727 22.8368186950684
19.9044075012207 19.6327991485596 19.3611888885498 19.0895805358887 18.8179721832275 19.1680450439453 19.7253475189209 20.2826480865479 20.8399505615234 21.3972511291504 21.954553604126 22.5118541717529 22.8244609832764 22.4029808044434 21.9814987182617 21.5600185394287 21.1385383605957 20.7170581817627 20.2955780029297 19.874095916748 19.9699668884277 20.2382869720459 20.5066089630127 20.7749290466309 21.043249130249 21.3115711212158 21.579891204834 21.8237209320068 21.9940738677979 22.1644287109375 22.3347816467285 22.5051364898682 22.6754894256592 22.8458442687988 23.0161972045898 23.1426296234131 23.2544212341309 23.3662109375 23.4780025482178 23.5897941589355 23.7015857696533 23.8133754730225 23.824821472168 23.5352268218994 23.2456321716309 22.9560394287109
