data/working_set_collections/6091692-Cassins_Sparrow-M2/2010/evpsoil_avg.asc
NCOLS 265 
NROWS 230 
XLLCORNER -115.5625 
YLLCORNER 24.8333333333333 
CELLSIZE 0.0833333333333333 
NODATA_value -9999 
[rows 140 to 159 of 230, columns 0 to 45 of 265]
11.2839126586914 10.5299797058105 9.77604675292969 9.02211380004883 8.26818084716797 7.51424741744995 6.76031446456909 6.74485158920288 6.9755449295044 7.20623874664307 7.43693256378174 7.66762638092041 7.89832019805908 8.12901401519775 8.39319515228271 8.75783920288086 9.122483253479 9.48712635040283 9.85177040100098 10.2164144515991 10.5810585021973 10.9457025527954 11.2844085693359 11.6144685745239 11.9445285797119 12.2745885848999 12.6046495437622 12.9347095489502 13.2647695541382 13.6037578582764 13.9695320129395 14.3353071212769 14.7010812759399 15.066855430603 15.4326295852661 15.7984037399292 16.1641788482666 16.4455890655518 16.6988792419434 16.952169418335 17.2054615020752 17.4587516784668 17.7120418548584 17.96533203125 18.2717132568359 18.7373695373535
11.5422706604004 10.7601900100708 9.9781084060669 9.19602680206299 8.41394519805908 7.63186359405518 6.84978199005127 6.81831979751587 7.03706359863281 7.25580739974976 7.4745512008667 7.6932954788208 7.91203927993774 8.13078308105469 8.38614368438721 8.75135326385498 9.11656284332275 9.48177242279053 9.8469820022583 10.2121915817261 10.5774011611938 10.9426107406616 11.3264999389648 11.7166147232056 12.1067295074463 12.4968452453613 12.886960029602 13.2770748138428 13.6671895980835 14.0541658401489 14.4317235946655 14.8092823028564 15.186840057373 15.5643978118896 15.9419565200806 16.3195152282715 16.6970729827881 16.9700145721436 17.2080841064453 17.4461536407471 17.6842231750488 17.9222927093506 18.1603622436523 18.3984317779541 18.6855869293213 19.1199932098389
11.8006286621094 10.9903993606567 10.1801691055298 9.36993980407715 8.5597095489502 7.7494797706604 6.9392499923706 6.89178800582886 7.09858179092407 7.30537605285645 7.51217031478882 7.71896409988403 7.92575836181641 8.13255214691162 8.3790922164917 8.7448673248291 9.1106424331665 9.47641849517822 9.84219360351562 10.207968711853 10.5737447738647 10.9395198822021 11.3685913085938 11.8187608718872 12.2689304351807 12.7191009521484 13.1692705154419 13.6194400787354 14.0696105957031 14.5045728683472 14.8939151763916 15.283257484436 15.6725988388062 16.0619411468506 16.4512825012207 16.8406257629395 17.2299671173096 17.4944400787354 17.7172889709473 17.9401378631592 18.1629867553711 18.385835647583 18.6086845397949 18.8315334320068 19.099458694458 19.5026168823242
12.0589866638184 11.2206087112427 10.382230758667 9.54385185241699 8.70547389984131 7.86709594726562 7.02871751785278 6.96525621414185 7.16010046005249 7.35494470596313 7.54978895187378 7.74463319778442 7.93947744369507 8.13432121276855 8.37203979492188 8.73838138580322 9.10472297668457 9.4710636138916 9.83740520477295 10.20374584198 10.5700874328613 10.9364280700684 11.4106826782227 11.9209070205688 12.431131362915 12.9413566589355 13.4515810012817 13.9618062973022 14.4720306396484 14.9549808502197 15.3561067581177 15.7572326660156 16.1583576202393 16.5594844818115 16.9606094360352 17.3617362976074 17.7628612518311 18.0188636779785 18.2264919281006 18.4341201782227 18.6417484283447 18.8493766784668 19.0570049285889 19.2646331787109 19.5133323669434 19.8852424621582
12.2230768203735 11.3716621398926 10.5202465057373 9.66883087158203 8.81741619110107 7.9660005569458 7.11458539962769 7.05140352249146 7.25096607208252 7.45052862167358 7.65009069442749 7.84965324401855 8.04921627044678 8.24877834320068 8.48979568481445 8.85517978668213 9.2205638885498 9.58594703674316 9.95133113861084 10.3167142868042 10.6820983886719 11.0474815368652 11.5410299301147 12.0773000717163 12.6135702133179 13.1498403549194 13.686110496521 14.2223806381226 14.7586507797241 15.2636098861694 15.6746377944946 16.0856647491455 16.4966926574707 16.9077205657959 17.3187484741211 17.7297744750977 18.1408023834229 18.3972816467285 18.6022434234619 18.8072052001953 19.0121688842773 19.2171306610107 19.4220924377441 19.6270542144775 19.8711929321289 20.2328567504883
12.2928981781006 11.4435577392578 10.594217300415 9.74487590789795 8.89553546905518 8.0461950302124 7.19685411453247 7.15023040771484 7.37117910385132 7.59212779998779 7.81307601928711 8.03402519226074 8.25497341156006 8.47592258453369 8.73235988616943 9.09526252746582 9.45816516876221 9.82106781005859 10.1839714050293 10.5468740463257 10.9097766876221 11.2726802825928 11.7596349716187 12.2879409790039 12.8162469863892 13.3445529937744 13.8728590011597 14.4011640548706 14.9294700622559 15.4304618835449 15.8495082855225 16.2685546875 16.6876029968262 17.1066493988037 17.5256958007812 17.9447441101074 18.363790512085 18.6296901702881 18.8445415496826 19.0593929290771 19.2742443084717 19.4890956878662 19.7039451599121 19.9187965393066 20.1730403900146 20.5454635620117
12.362720489502 11.515453338623 10.6681871414185 9.82092094421387 8.97365474700928 8.12638854980469 7.2791223526001 7.24905681610107 7.49139165878296 7.73372650146484 7.97606134414673 8.21839618682861 8.46073150634766 8.70306587219238 8.9749231338501 9.33534526824951 9.69576740264893 10.0561895370483 10.4166116714478 10.7770338058472 11.1374559402466 11.497878074646 11.9782400131226 12.4985818862915 13.0189228057861 13.5392646789551 14.059606552124 14.579948425293 15.1002902984619 15.5973129272461 16.0243797302246 16.4514465332031 16.878511428833 17.3055782318115 17.73264503479 18.1597118377686 18.5867786407471 18.8620986938477 19.0868396759033 19.3115787506104 19.536319732666 19.761058807373 19.9857997894287 20.2105388641357 20.474889755249 20.8580703735352
12.432541847229 11.5873498916626 10.7421579360962 9.89696598052979 9.05177402496338 8.20658302307129 7.36139059066772 7.34788370132446 7.61160469055176 -9999 8.13904666900635 -9999 -9999 8.93021011352539 9.21748638153076 9.5754280090332 9.93336868286133 10.2913103103638 10.6492519378662 11.0071935653687 11.3651351928711 11.7230758666992 12.1968450546265 12.7092218399048 13.2215995788574 13.7339773178101 14.2463541030884 14.758731842041 15.2711095809937 15.7641639709473 16.1992492675781 16.6343364715576 17.0694217681885 17.5045070648193 17.9395942687988 18.3746795654297 18.8097648620605 19.0945091247559 19.329137802124 19.5637664794922 19.7983951568604 20.0330238342285 20.2676525115967 20.5022811889648 20.7767372131348 21.17067527771
12.5023632049561 11.6592454910278 10.8161287307739 9.9730110168457 9.1298942565918 8.28677654266357 7.44365930557251 7.44671010971069 7.73181772232056 -9999 -9999 -9999 -9999 -9999 9.46004962921143 9.8155107498169 10.170970916748 10.5264320373535 10.8818922042847 11.2373533248901 11.5928134918213 11.9482746124268 12.4154491424561 12.9198627471924 13.4242763519287 13.9286890029907 14.433102607727 14.9375162124634 15.4419288635254 15.9310150146484 16.3741207122803 16.8172264099121 17.2603321075439 17.7034378051758 18.146541595459 18.5896472930908 19.0327529907227 19.3269176483154 19.5714359283447 19.815954208374 20.0604705810547 20.304988861084 20.5495071411133 20.7940235137939 21.0785865783691 21.4832820892334
12.5721845626831 11.7311420440674 10.8900995254517 10.0490560531616 9.2080135345459 8.36697006225586 7.52592754364014 7.54553699493408 7.85203075408936 -9999 -9999 -9999 -9999 -9999 -9999 -9999 10.4085731506348 10.7615528106689 11.1145324707031 -9999 -9999 12.17347240448 12.63405418396 13.13050365448 13.6269521713257 14.1234016418457 14.6198501586914 15.1162996292114 15.6127490997314 16.0978660583496 16.5489921569824 17.0001163482666 17.4512405395508 17.9023666381836 18.3534908294678 18.804615020752 19.2557411193848 19.559326171875 19.8137340545654 20.0681400299072 20.322546005249 20.5769538879395 20.8313598632812 21.085765838623 21.3804359436035 21.7958889007568
12.5620670318604 11.7337808609009 10.9054946899414 10.0772075653076 9.24892139434814 8.42063522338867 7.59234857559204 7.59415006637573 7.87264680862427 -9999 -9999 -9999 -9999 -9999 -9999 -9999 -9999 -9999 -9999 -9999 -9999 -9999 12.8497114181519 13.3267669677734 13.8038215637207 14.280876159668 14.7579307556152 15.2349853515625 15.7120399475098 16.1833171844482 16.6372623443604 17.0912075042725 17.5451526641846 17.9990978240967 18.4530410766602 18.9069862365723 19.3609313964844 19.6784439086914 19.9504795074463 20.2225151062012 20.4945507049561 20.7665843963623 21.0386199951172 21.3106555938721 21.6227149963379 22.0548496246338
12.4720106124878 11.6671619415283 10.8623142242432 10.057466506958 9.25261878967285 8.4477710723877 7.64292287826538 7.59254932403564 7.79366731643677 -9999 -9999 -9999 -9999 -9999 -9999 -9999 -9999 -9999 -9999 -9999 -9999 -9999 -9999 13.5086526870728 13.9548826217651 14.4011125564575 14.8473434448242 15.2935733795166 15.739803314209 16.1873664855957 16.6389331817627 17.0904979705811 17.542064666748 17.9936294555664 18.4451961517334 18.8967609405518 19.3483276367188 19.6842708587646 19.9816741943359 20.2790775299072 20.5764808654785 20.8738842010498 21.1712875366211 21.4686908721924 21.8054275512695 22.2601623535156
12.3819532394409 11.6005439758301 10.8191347122192 10.0377254486084 9.25631523132324 8.4749059677124 7.69349670410156 7.5909481048584 7.71468734741211 -9999 -9999 -9999 -9999 -9999 -9999 -9999 -9999 -9999 -9999 -9999 -9999 -9999 -9999 -9999 -9999 14.5213499069214 14.9367551803589 15.3521604537964 15.7675666809082 16.1914176940918 16.640604019165 17.0897903442383 17.5389766693115 17.9881629943848 18.437349319458 18.8865356445312 19.3357219696045 19.6900978088379 20.0128688812256 20.3356399536133 20.6584129333496 20.9811840057373 21.303955078125 21.6267261505127 21.9881401062012 22.4654750823975
12.2918968200684 11.5339260101318 10.775954246521 10.0179834365845 9.26001262664795 8.50204181671143 7.74407052993774 7.58934736251831 7.63570737838745 -9999 -9999 -9999 -9999 -9999 -9999 -9999 -9999 -9999 -9999 -9999 -9999 -9999 -9999 -9999 -9999 -9999 -9999 -9999 -9999 16.1954669952393 16.6422748565674 17.0890808105469 17.535888671875 17.9826946258545 18.4295024871826 18.8763103485107 19.3231163024902 19.6959228515625 20.0440635681152 20.3922023773193 20.7403430938721 21.0884819030762 21.4366226196289 21.7847633361816 22.1708507537842 22.6707878112793
12.2018394470215 11.4673070907593 10.7327747344971 9.99824237823486 9.26371002197266 8.52917671203613 7.79464435577393 7.58774662017822 7.55672740936279 -9999 -9999 -9999 -9999 -9999 -9999 -9999 -9999 -9999 -9999 -9999 -9999 -9999 -9999 -9999 -9999 -9999 -9999 -9999 -9999 16.1995162963867 16.6439437866211 17.0883731842041 17.5328006744385 17.9772281646729 18.4216556549072 18.8660831451416 19.3105125427246 19.7017498016357 20.0752582550049 20.448766708374 20.8222732543945 21.1957817077637 21.5692901611328 21.942798614502 22.3535633087158 22.8761005401611
12.1117830276489 11.400689125061 10.6895952224731 9.97850036621094 9.26740646362305 8.55631256103516 7.84521818161011 7.58614587783813 7.47774744033813 -9999 -9999 -9999 -9999 -9999 -9999 -9999 -9999 -9999 -9999 -9999 -9999 -9999 -9999 -9999 -9999 -9999 -9999 -9999 -9999 16.2035675048828 16.6456146240234 17.0876636505127 17.529712677002 17.9717617034912 18.4138088226318 18.8558578491211 19.2979068756104 19.707576751709 20.1064529418945 20.5053291320801 20.9042053222656 21.3030815124512 21.7019577026367 22.1008338928223 22.5362758636475 23.081413269043
12.0446844100952 11.359543800354 10.6744031906128 9.98926258087158 9.30412197113037 8.61898231506348 7.93384122848511 7.64984464645386 7.49956274032593 7.349280834198 -9999 -9999 -9999 -9999 -9999 -9999 -9999 -9999 -9999 -9999 -9999 -9999 -9999 -9999 -9999 -9999 -9999 -9999 -9999 16.1225395202637 16.5695266723633 17.0165119171143 17.4634990692139 17.9104843139648 18.3574714660645 18.8044567108154 19.251443862915 19.6764545440674 20.0941390991211 20.5118255615234 20.9295120239258 21.3471965789795 21.7648830413818 22.1825675964355 22.6337661743164 23.1855049133301
12.0005435943604 11.3438720703125 10.6872005462646 10.0305290222168 9.37385654449463 8.71718502044678 8.06051349639893 7.77884340286255 7.62217330932617 7.4655032157898 -9999 -9999 -9999 -9999 -9999 -9999 -9999 -9999 -9999 -9999 -9999 -9999 -9999 -9999 -9999 -9999 -9999 -9999 -9999 15.9564371109009 16.415678024292 16.8749179840088 17.3341579437256 17.793399810791 18.2526397705078 18.7118797302246 19.17112159729 19.6083831787109 20.0383205413818 20.4682559967041 20.898193359375 21.3281288146973 21.7580661773682 22.1880016326904 22.6460380554199 23.1883754730225
11.9564027786255 11.328200340271 10.6999969482422 10.0717945098877 9.4435920715332 8.8153886795044 8.1871862411499 7.90784215927124 7.74478435516357 7.58172607421875 7.41866827011108 -9999 -9999 -9999 -9999 -9999 -9999 -9999 -9999 -9999 -9999 -9999 -9999 -9999 -9999 -9999 -9999 -9999 -9999 15.7903347015381 16.2618293762207 16.7333240509033 17.2048187255859 17.6763134002686 18.1478080749512 18.6193046569824 19.090799331665 19.5403137207031 19.9825000762939 20.4246864318848 20.8668746948242 21.309061050415 21.7512493133545 22.1934356689453 22.6583099365234 23.1912460327148
11.9122619628906 11.3125276565552 10.712794303894 10.1130599975586 9.51332664489746 8.91359233856201 8.31385803222656 8.03684043884277 7.86739492416382 7.6979489326477 7.52850341796875 7.35905742645264 -9999 -9999 -9999 -9999 -9999 -9999 -9999 -9999 -9999 -9999 -9999 -9999 -9999 -9999 -9999 -9999 -9999 15.624231338501 16.1079807281494 16.5917301177979 17.0754795074463 17.5592288970947 18.0429782867432 18.5267276763916 19.01047706604 19.4722423553467 19.9266796112061 20.3811187744141 20.8355560302734 21.2899932861328 21.7444324493408 22.1988697052002 22.670581817627 23.1941165924072
