data/working_set_collections/6091692-Cassins_Sparrow-M2/2010/evpsoil_avg.asc
NCOLS 265 
NROWS 230 
XLLCORNER -115.5625 
YLLCORNER 24.8333333333333 
CELLSIZE 0.0833333333333333 
NODATA_value -9999 
[rows 120 to 139 of 230, columns 92 to 137 of 265]
21.7827453613281 21.6046810150146 21.4266185760498 21.2485542297363 21.0704917907715 20.6360187530518 20.1160774230957 19.596134185791 19.076192855835 18.5562496185303 18.0363063812256 17.5163650512695 17.1885261535645 17.4370040893555 17.6854801177979 17.9339580535889 18.1824340820312 18.4309120178223 18.6793880462646 18.927864074707 19.2005577087402 19.4813232421875 19.7620887756348 20.0428524017334 20.3236179351807 20.6043834686279 20.8851490020752 21.0721416473389 20.9778213500977 20.8835010528564 20.7891826629639 20.6948623657227 20.6005420684814 20.5062217712402 20.411901473999 20.2812595367432 20.1385097503662 19.9957599639893 19.8530101776123 19.7102603912354 19.567512512207 19.4247627258301 19.3418483734131 19.4384441375732 19.5350379943848 19.6316318511963
21.8338775634766 21.6098461151123 21.3858165740967 21.1617851257324 20.9377536773682 20.5206050872803 20.039083480835 19.5575618743896 19.0760402679443 18.5945167541504 18.1129951477051 17.6314735412598 17.3315391540527 17.5763683319092 17.821195602417 18.0660228729248 18.3108520507812 18.5556793212891 18.8005065917969 19.0453338623047 19.2759094238281 19.5017337799072 19.7275581359863 19.9533824920654 20.1792068481445 20.4050312042236 20.6308555603027 20.7776584625244 20.6873970031738 20.5971336364746 20.506872177124 20.4166107177734 20.3263473510742 20.2360858917236 20.145824432373 20.0201835632324 19.8827514648438 19.7453174591064 19.6078853607178 19.4704532623291 19.3330192565918 19.1955871582031 19.1109733581543 19.184814453125 19.2586574554443 19.332498550415
21.8850116729736 21.6150131225586 21.3450126647949 21.0750141143799 20.8050155639648 20.4051895141602 19.9620895385742 19.5189876556396 19.0758876800537 18.6327857971191 18.1896839141846 17.7465839385986 17.474552154541 17.7157306671143 17.9569110870361 18.1980895996094 18.4392681121826 18.6804466247559 18.9216251373291 19.1628036499023 19.351261138916 19.522144317627 19.6930294036865 19.8639125823975 20.0347957611084 20.2056789398193 20.3765621185303 20.48317527771 20.3969707489014 20.3107662200928 20.2245616912842 20.1383590698242 20.0521545410156 19.965950012207 19.8797454833984 19.7591075897217 19.6269912719727 19.4948749542236 19.3627586364746 19.2306442260742 19.0985279083252 18.9664115905762 18.8800964355469 18.9311866760254 18.9822750091553 19.0333652496338
21.9361438751221 21.6201782226562 21.3042106628418 20.9882431030273 20.6722774505615 20.2897758483887 19.8850955963135 19.4804153442383 19.0757350921631 18.6710529327393 18.2663726806641 17.8616924285889 17.6175651550293 17.855094909668 18.0926246643066 18.3301544189453 18.567684173584 18.8052139282227 19.0427436828613 19.2802734375 19.4266128540039 19.5425567626953 19.6584987640381 19.7744426727295 19.8903846740723 20.006326675415 20.1222705841064 20.1886901855469 20.1065444946289 20.0243988037109 19.942253112793 19.8601055145264 19.7779598236084 19.6958141326904 19.6136684417725 19.4980316162109 19.3712329864502 19.2444324493408 19.1176338195801 18.9908351898193 18.86403465271 18.7372360229492 18.6492214202881 18.6775569915771 18.7058944702148 18.7342319488525
21.9872779846191 21.6253433227539 21.2634086608887 20.9014739990234 20.5395393371582 20.1743602752686 19.8081016540527 19.4418411254883 19.0755825042725 18.709321975708 18.3430614471436 17.9768028259277 17.7605781555176 17.9944591522217 18.2283401489258 18.4622211456299 18.696102142334 18.9299812316895 19.1638622283936 19.3977432250977 19.5019645690918 19.562967300415 19.6239700317383 19.6849708557129 19.7459735870361 19.8069763183594 19.867977142334 19.8942070007324 19.8161182403564 19.7380313873291 19.6599426269531 19.5818538665771 19.5037670135498 19.4256782531738 19.3475894927979 19.2369556427002 19.1154727935791 18.9939918518066 18.8725090026855 18.7510261535645 18.6295433044434 18.5080604553223 18.4183444976807 18.4239292144775 18.4295139312744 18.4350986480713
22.0384101867676 21.6305084228516 21.2226047515869 20.8147029876709 20.4068012237549 20.0589466094971 19.731107711792 19.4032688140869 19.0754299163818 18.7475891113281 18.419750213623 18.091911315918 17.9035911560059 18.1338233947754 18.3640537261963 18.5942859649658 18.8245182037354 19.0547504425049 19.2849807739258 19.5152130126953 19.5773181915283 19.5833778381348 19.5894393920898 19.5955009460449 19.6015625 19.6076240539551 19.6136856079102 19.599723815918 19.5256938934326 19.4516639709473 19.3776321411133 19.3036022186279 19.2295722961426 19.1555423736572 19.0815124511719 18.9758796691895 18.8597145080566 18.7435493469238 18.6273822784424 18.5112171173096 18.3950500488281 18.2788848876953 18.1874675750732 18.1702995300293 18.1531314849854 18.1359634399414
21.9511623382568 21.5229454040527 21.0947284698486 20.6665115356445 20.2382946014404 19.9001636505127 19.5920600891113 19.2839584350586 18.9758548736572 18.6677513122559 18.3596496582031 18.0515460968018 17.8749027252197 18.0926380157471 18.3103713989258 18.5281066894531 18.7458419799805 18.9635753631592 19.1813106536865 19.3990459442139 19.4348697662354 19.4100570678711 19.3852443695068 19.3604335784912 19.335620880127 19.3108081817627 19.2859954833984 19.2527408599854 19.1941566467285 19.1355724334717 19.0769882202148 19.018404006958 18.9598197937012 18.9012355804443 18.8426513671875 18.7466602325439 18.6382007598877 18.5297412872314 18.4212818145752 18.3128242492676 18.2043647766113 18.0959053039551 18.0057182312012 17.9703502655029 17.9349803924561 17.8996105194092
21.7255306243896 21.3026542663574 20.8797760009766 20.4568996429443 20.0340213775635 19.6980133056641 19.390962600708 19.083911895752 18.7768592834473 18.4698085784912 18.1627578735352 17.8557052612305 17.6745147705078 17.8709030151367 18.0672931671143 18.2636814117432 18.4600715637207 18.6564598083496 18.8528499603271 19.0492382049561 19.0746212005615 19.0430030822754 19.0113849639893 18.9797668457031 18.948148727417 18.9165306091309 18.8849124908447 18.8532600402832 18.8215103149414 18.789758682251 18.7580089569092 18.7262573242188 18.6945056915283 18.6627559661865 18.6310043334961 18.549295425415 18.4509334564209 18.3525714874268 18.254207611084 18.1558456420898 18.0574836730957 17.9591217041016 17.8730945587158 17.8240756988525 17.7750587463379 17.7260398864746
21.4999008178711 21.0823631286621 20.6648254394531 20.2472877502441 19.8297500610352 19.4958648681641 19.1898651123047 18.8838653564453 18.5778656005859 18.2718658447266 17.9658641815186 17.6598644256592 17.4741268157959 17.649169921875 17.8242130279541 17.9992580413818 18.1743011474609 18.34934425354 18.5243873596191 18.6994323730469 18.7143745422363 18.6759490966797 18.6375255584717 18.599100112915 18.560676574707 18.5222511291504 18.4838275909424 18.4537792205811 18.4488620758057 18.4439449310303 18.4390277862549 18.4341106414795 18.4291934967041 18.4242763519287 18.4193592071533 18.3519306182861 18.2636661529541 18.1753997802734 18.0871334075928 17.9988689422607 17.9106025695801 17.822338104248 17.7404708862305 17.6778030395508 17.6151351928711 17.5524673461914
21.2742710113525 20.8620719909668 20.4498729705811 20.0376739501953 19.6254768371582 19.2937145233154 18.9887676239014 18.6838188171387 18.378870010376 18.0739212036133 17.7689723968506 17.4640235900879 17.2737369537354 17.4274349212646 17.5811347961426 17.7348327636719 17.8885307312012 18.0422286987305 18.1959266662598 18.3496246337891 18.3541259765625 18.3088970184326 18.2636661529541 18.2184352874756 18.1732044219971 18.1279735565186 18.08274269104 18.0542984008789 18.0762157440186 18.0981311798096 18.1200485229492 18.1419639587402 18.1638813018799 18.1857967376709 18.2077140808105 18.1545658111572 18.0763969421387 17.9982280731201 17.9200592041016 17.8418922424316 17.7637233734131 17.6855545043945 17.6078472137451 17.531530380249 17.4552135467529 17.3788948059082
21.048641204834 20.6417808532715 20.2349224090576 19.8280620574951 19.4212036132812 19.0915660858154 18.7876682281494 18.483772277832 18.179874420166 17.8759784698486 17.5720806121826 17.2681827545166 17.0733489990234 17.2057018280029 17.3380546569824 17.4704074859619 17.6027603149414 17.7351131439209 17.8674659729004 17.9998188018799 17.9938793182373 17.9418430328369 17.8898048400879 17.8377685546875 17.7857322692871 17.7336940765381 17.6816577911377 17.6548175811768 17.7035675048828 17.7523174285889 17.8010673522949 17.849817276001 17.898567199707 17.9473171234131 17.9960670471191 17.9572010040283 17.8891296386719 17.8210582733154 17.7529850006104 17.6849136352539 17.6168422698975 17.548770904541 17.4752254486084 17.3852577209473 17.2952899932861 17.2053241729736
20.8230094909668 20.4214897155762 20.0199699401855 19.6184501647949 19.2169303894043 18.8894157409668 18.5865707397461 18.2837257385254 17.9808788299561 17.6780338287354 17.3751888275146 17.0723419189453 16.8729610443115 16.9839687347412 17.0949745178223 17.205982208252 17.3169898986816 17.4279975891113 17.539005279541 17.6500129699707 17.6336326599121 17.5747890472412 17.5159454345703 17.4571018218994 17.3982601165771 17.3394165039062 17.2805728912354 17.2553367614746 17.3309211730957 17.4065036773682 17.4820880889893 17.5576705932617 17.6332550048828 17.7088394165039 17.7844219207764 17.7598361968994 17.7018623352051 17.6438865661621 17.5859107971191 17.5279369354248 17.4699611663818 17.4119873046875 17.342601776123 17.2389850616455 17.135368347168 17.0317516326904
20.5034160614014 20.1081371307373 19.7128562927246 19.3175754547119 18.9222946166992 18.6015510559082 18.3056526184082 18.0097541809082 17.7138576507568 17.4179592132568 17.1220607757568 16.8261623382568 16.6282691955566 16.7243919372559 16.8205146789551 16.9166374206543 17.0127601623535 17.1088829040527 17.2050037384033 17.3011264801025 17.2923908233643 17.2487010955811 17.2050113677979 17.1613216400146 17.1176319122314 17.0739402770996 17.0302505493164 17.0240135192871 17.1301345825195 17.236255645752 17.3423748016357 17.4484958648682 17.5546169281006 17.660737991333 17.7668571472168 17.7535266876221 17.7003803253174 17.6472320556641 17.5940856933594 17.5409374237061 17.4877891540527 17.434642791748 17.3622589111328 17.2321662902832 17.1020755767822 16.9719829559326
20.0898609161377 19.7017192840576 19.3135776519775 18.9254379272461 18.537296295166 18.227970123291 17.9449157714844 17.6618614196777 17.3788070678711 17.0957527160645 16.8126983642578 16.5296421051025 16.3392772674561 16.4269752502441 16.5146732330322 16.6023712158203 16.6900691986084 16.7777671813965 16.8654651641846 16.9531631469727 16.9701557159424 16.9635772705078 16.9570007324219 16.9504241943359 16.9438457489014 16.9372692108154 16.9306926727295 16.9608497619629 17.1012096405029 17.2415714263916 17.3819313049316 17.5222930908203 17.6626529693604 17.8030128479004 17.9433746337891 17.9382724761963 17.8846836090088 17.8310947418213 17.7775058746338 17.7239170074463 17.6703281402588 17.6167392730713 17.5341987609863 17.3648052215576 17.1954116821289 17.0260162353516
19.6763038635254 19.2953033447266 18.9143009185791 18.5332984924316 18.1522979736328 17.8543891906738 17.5841789245605 17.3139667510986 17.0437564849854 16.7735443115234 16.5033340454102 16.2331237792969 16.0502834320068 16.1295566558838 16.2088317871094 16.2881050109863 16.3673782348633 16.4466533660889 16.5259265899658 16.6051998138428 16.6479206085205 16.6784553527832 16.7089920043945 16.7395267486572 16.7700614929199 16.8005981445312 16.8311328887939 16.89768409729 17.072286605835 17.2468872070312 17.4214878082275 17.5960884094238 17.7706890106201 17.9452896118164 18.1198902130127 18.1230182647705 18.0689868927002 18.0149574279785 17.9609260559082 17.9068946838379 17.8528652191162 17.7988338470459 17.7061367034912 17.4974422454834 17.288745880127 17.0800514221191
19.2627468109131 18.8888854980469 18.5150241851807 18.1411609649658 17.7672996520996 17.4808082580566 17.2234401702881 16.9660739898682 16.7087059020996 16.4513378143311 16.1939716339111 15.9366035461426 15.7612905502319 15.8321399688721 15.9029893875122 15.9738388061523 16.0446872711182 16.1155376434326 16.1863861083984 16.2572364807129 16.3256855010986 16.3933334350586 16.4609813690186 16.5286293029785 16.5962772369385 16.6639251708984 16.7315731048584 16.8345203399658 17.0433616638184 17.2522029876709 17.4610443115234 17.6698837280273 17.8787250518799 18.0875663757324 18.296407699585 18.3077640533447 18.2532920837402 18.1988201141357 18.1443462371826 18.0898742675781 18.0354022979736 17.9809303283691 17.8780765533447 17.6300792694092 17.3820819854736 17.1340866088867
18.8491916656494 18.4824676513672 18.1157455444336 17.7490234375 17.3823013305664 17.1072273254395 16.8627033233643 16.6181793212891 16.3736553192139 16.1291313171387 15.8846073150635 15.6400842666626 15.472297668457 15.534722328186 15.597146987915 15.6595726013184 15.7219972610474 15.7844228744507 15.8468475341797 15.909273147583 16.0034503936768 16.108211517334 16.2129707336426 16.3177318572998 16.422492980957 16.5272541046143 16.6320152282715 16.7713565826416 17.0144367218018 17.2575187683105 17.5005989074707 17.7436809539795 17.9867610931396 18.2298431396484 18.4729251861572 18.4925098419189 18.4375953674316 18.3826808929443 18.3277683258057 18.2728538513184 18.2179393768311 18.1630268096924 18.0500164031982 17.7627182006836 17.4754180908203 17.1881198883057
18.4356346130371 18.0760517120361 17.7164688110352 17.3568859100342 16.9973011016846 16.7336463928223 16.5019664764404 16.27028465271 16.0386047363281 15.8069248199463 15.5752449035645 15.3435640335083 15.1833038330078 15.2373046875 15.2913055419922 15.3453063964844 15.3993072509766 15.4533081054688 15.5073089599609 15.5613088607788 15.6812143325806 15.8230876922607 15.9649620056152 16.1068344116211 16.2487087249756 16.3905830383301 16.5324554443359 16.7081909179688 16.9855136871338 17.2628345489502 17.5401554107666 17.817476272583 18.094799041748 18.3721199035645 18.6494407653809 18.6772556304932 18.621898651123 18.5665435791016 18.5111885070801 18.4558334350586 18.4004764556885 18.345121383667 18.2219543457031 17.8953552246094 17.568754196167 17.2421550750732
18.0688514709473 17.7223052978516 17.3757591247559 17.0292148590088 16.6826686859131 16.4303646087646 16.20947265625 15.9885816574097 15.7676906585693 15.546799659729 15.3259086608887 15.1050176620483 14.9538555145264 15.0118799209595 15.0699043273926 15.1279287338257 15.1859521865845 15.2439765930176 15.3020009994507 15.3600254058838 15.5084457397461 15.6869983673096 15.8655500411987 16.0441017150879 16.2226543426514 16.4012069702148 16.5797595977783 16.7875518798828 17.0830707550049 17.378589630127 17.674108505249 17.9696273803711 18.2651462554932 18.5606651306152 18.8561840057373 18.8882141113281 18.8324127197266 18.7766132354736 18.7208118438721 18.6650123596191 18.6092109680176 18.5534114837646 18.4243202209473 18.0753555297852 17.7263927459717 17.3774299621582
17.7488384246826 17.4212284088135 17.0936183929443 16.7660102844238 16.4384002685547 16.197380065918 15.9852247238159 15.7730684280396 15.5609121322632 15.3487558364868 15.1366004943848 14.9244441986084 14.7839508056641 14.8584470748901 14.9329423904419 15.007438659668 15.0819339752197 15.1564302444458 15.2309255599976 15.3054218292236 15.485143661499 15.6999397277832 15.9147367477417 16.1295337677002 16.3443298339844 16.5591278076172 16.7739238739014 17.0094394683838 17.3071136474609 17.6047859191895 17.9024600982666 18.2001342773438 18.4978065490723 18.7954807281494 19.0931529998779 19.1253852844238 19.0691356658936 19.0128879547119 18.9566383361816 18.900390625 18.8441410064697 18.7878932952881 18.6571102142334 18.3027210235596 17.9483337402344 17.5939445495605
