data/working_set_collections/6091692-Cassins_Sparrow-M2/2010/evptrns_avg.asc
NCOLS 265 
NROWS 230 
XLLCORNER -115.5625 
YLLCORNER 24.8333333333333 
CELLSIZE 0.0833333333333333 
NODATA_value -9999 
[rows 200 to 219 of 230, columns 90 to 134 of 265]
19.9141578674316 20.3213233947754 20.7284889221191 21.1356563568115 21.5428218841553 21.949987411499 22.3571548461914 21.0519275665283 19.1759033203125 17.2998790740967 15.4238548278809 13.547830581665 11.6718072891235 9.79578304290771 8.18735694885254 7.38172626495361 6.57609558105469 5.77046537399292 4.96483469009399 4.15920400619507 3.35357356071472 2.54794311523438 2.20935559272766 2.02644944190979 1.84354305267334 1.66063666343689 1.47773039340973 1.29482400417328 1.11191773414612 0.958861827850342 0.895357191562653 0.831852495670319 0.768347859382629 0.704843163490295 0.641338527202606 0.577833890914917 0.514329195022583 0.474797189235687 0.44325602054596 0.411714881658554 0.380173712968826 0.348632574081421 0.317091405391693 0.285550266504288 0.256603002548218
19.5342044830322 20.0091552734375 20.4841060638428 20.9590549468994 21.4340057373047 21.90895652771 22.3839054107666 21.2530879974365 19.5870132446289 17.9209403991699 16.2548656463623 14.5887908935547 12.9227170944214 11.2566423416138 9.75951480865479 8.76922988891602 7.77894401550293 6.788658618927 5.79837274551392 4.80808734893799 3.81780195236206 2.82751631736755 2.42622351646423 2.22126197814941 2.01630020141602 1.81133854389191 1.60637676715851 1.4014151096344 1.19645345211029 1.02562963962555 0.957219958305359 0.888810217380524 0.820400476455688 0.751990795135498 0.683581054210663 0.615171313285828 0.546761572360992 0.502916157245636 0.467258840799332 0.431601524353027 0.395944207906723 0.360286891460419 0.324629545211792 0.288972228765488 0.256852746009827
19.1542510986328 19.696985244751 20.2397212982178 20.7824554443359 21.3251895904541 21.8679237365723 22.4106578826904 21.4542484283447 19.9981250762939 18.5419998168945 17.0858745574951 15.6297512054443 14.1736259460449 12.7175016403198 11.3316736221313 10.1567325592041 8.98179244995117 7.80685186386108 6.631911277771 5.45697069168091 4.28203010559082 3.10708951950073 2.64309167861938 2.41607451438904 2.18905735015869 1.96204030513763 1.73502326011658 1.50800609588623 1.28098905086517 1.09239757061005 1.01908278465271 0.945767939090729 0.872453153133392 0.799138367176056 0.72582358121872 0.652508795261383 0.579194009304047 0.53103518486023 0.491261690855026 0.451488196849823 0.41171470284462 0.371941208839417 0.332167714834213 0.29239422082901 0.257102519273758
18.7742977142334 19.3848171234131 19.9953365325928 20.6058540344238 21.2163734436035 21.8268909454346 22.4374103546143 21.6554088592529 20.4092350006104 19.1630592346191 17.9168853759766 16.670711517334 15.4245357513428 14.1783618927002 12.9038314819336 11.5442361831665 10.1846408843994 8.82504463195801 7.46544933319092 6.10585403442383 4.74625825881958 3.38666272163391 2.85995960235596 2.61088705062866 2.36181449890137 2.11274218559265 1.86366963386536 1.61459720134735 1.36552464962006 1.15916538238525 1.08094549179077 1.00272572040558 0.924505829811096 0.846285939216614 0.768066108226776 0.689846217632294 0.611626386642456 0.559154152870178 0.515264511108398 0.471374839544296 0.427485167980194 0.383595496416092 0.339705854654312 0.29581618309021 0.257352292537689
18.4440956115723 19.1108551025391 19.7776145935059 20.4443740844727 21.1111335754395 21.7778930664062 22.444652557373 21.8395214080811 20.8104248046875 19.7813282012939 18.752233505249 17.7231369018555 16.6940402984619 15.6649446487427 14.5264291763306 13.0596551895142 11.5928812026978 10.1261072158813 8.65933322906494 7.19255924224854 5.72578525543213 4.25901174545288 3.62868404388428 3.27717185020447 2.92565989494324 2.57414770126343 2.2226357460022 1.87112367153168 1.51961159706116 1.23514926433563 1.1518360376358 1.06852269172668 0.985209465026855 0.901896238327026 0.818582952022552 0.735269725322723 0.65195643901825 0.595676064491272 0.548406660556793 0.501137256622314 0.453867822885513 0.406598418951035 0.359328985214233 0.312059581279755 0.270678579807281
18.1636447906494 18.8751010894775 19.5865592956543 20.2980155944824 21.0094738006592 21.7209300994873 22.4323883056641 22.0065860748291 21.201696395874 20.3968067169189 19.5919189453125 18.7870292663574 17.9821395874023 17.1772499084473 16.1994647979736 14.7029895782471 13.2065134048462 11.7100381851196 10.2135629653931 8.71708679199219 7.22061157226562 5.7241358757019 4.94926500320435 4.41492938995361 3.88059329986572 3.34625744819641 2.8119215965271 2.27758574485779 1.74324977397919 1.32034909725189 1.23175406455994 1.14315915107727 1.05456411838531 0.965969145298004 0.877374172210693 0.788779199123383 0.700184226036072 0.640600919723511 0.590688169002533 0.540775418281555 0.490862667560577 0.4409499168396 0.391037166118622 0.341124415397644 0.297081410884857
17.8831920623779 18.639347076416 19.3955020904541 20.1516571044922 20.9078121185303 21.6639671325684 22.4201221466064 22.1736488342285 21.5929679870605 21.0122852325439 20.4316024780273 19.8509216308594 19.2702388763428 18.6895561218262 17.872501373291 16.3463230133057 14.8201465606689 13.2939691543579 11.7677917480469 10.2416143417358 8.71543788909912 7.18926048278809 6.26984596252441 5.55268669128418 4.83552694320679 4.11836719512939 3.40120720863342 2.68404769897461 1.96688783168793 1.40554893016815 1.31167221069336 1.21779549121857 1.12391877174377 1.03004217147827 0.936165392398834 0.842288732528687 0.748412013053894 0.68552577495575 0.632969677448273 0.580413579940796 0.527857482433319 0.475301414728165 0.422745317220688 0.370189249515533 0.32348421216011
17.6027412414551 18.4035930633545 19.2044467926025 20.005298614502 20.80615234375 21.6070041656494 22.4078578948975 22.3407135009766 21.9842395782471 21.6277637481689 21.2712879180908 20.9148139953613 20.5583381652832 20.2018623352051 19.5455360412598 17.9896583557129 16.4337787628174 14.8779001235962 13.322021484375 11.7661428451538 10.2102632522583 8.65438461303711 7.59042739868164 6.69044351577759 5.79046010971069 4.8904767036438 3.99049305915833 3.09050965309143 2.19052600860596 1.49074876308441 1.39159035682678 1.29243195056915 1.19327354431152 1.0941150188446 0.99495667219162 0.895798206329346 0.796639800071716 0.730450630187988 0.675251185894012 0.620051741600037 0.564852356910706 0.50965291261673 0.454453498125076 0.399254083633423 0.349887043237686
17.3222885131836 18.167839050293 19.0133895874023 19.8589401245117 20.7044906616211 21.5500411987305 22.3955917358398 22.5077781677246 22.375509262085 22.2432422637939 22.1109733581543 21.9787063598633 21.8464374542236 21.714168548584 21.2185726165771 19.6329917907715 18.0474109649658 16.4618320465088 14.8762502670288 13.2906703948975 11.7050895690918 10.1195087432861 8.91100788116455 7.82820081710815 6.74539375305176 5.6625862121582 4.57977867126465 3.49697160720825 2.4141640663147 1.57594859600067 1.4715085029602 1.36706829071045 1.26262819766998 1.15818798542023 1.05374789237976 0.94930773973465 0.844867587089539 0.775375485420227 0.717532694339752 0.659689962863922 0.601847171783447 0.544004440307617 0.486161649227142 0.42831888794899 0.376289874315262
17.0418357849121 17.9320850372314 18.8223323822021 19.7125816345215 20.6028289794922 21.4930782318115 22.3833255767822 22.6748428344727 22.7667808532715 22.8587207794189 22.9506587982178 23.0425968170166 23.1345367431641 23.2264747619629 22.8916091918945 21.2763271331787 19.6610450744629 18.0457630157471 16.4304809570312 14.8151979446411 13.1999158859253 11.5846328735352 10.2315893173218 8.96595859527588 7.70032691955566 6.43469572067261 5.16906452178955 3.90343356132507 2.63780236244202 1.66114842891693 1.55142652988434 1.44170475006104 1.33198285102844 1.22226095199585 1.11253905296326 1.00281727313995 0.893095374107361 0.820300281047821 0.759814202785492 0.699328124523163 0.638842046260834 0.57835590839386 0.517869830131531 0.457383722066879 0.402692705392838
16.7014675140381 17.6166248321533 18.5317840576172 19.4469413757324 20.3621006011963 21.2772579193115 22.1924152374268 22.6184387207031 22.8814144134521 23.1443920135498 23.4073696136475 23.6703453063965 23.9333229064941 24.1962985992432 23.9892616271973 22.3721790313721 20.7550983428955 19.1380157470703 17.5209350585938 15.9038524627686 14.2867708206177 12.6696891784668 11.2154932022095 9.8155927658081 8.41569232940674 7.01579141616821 5.61589050292969 4.21599006652832 2.81608939170837 1.73830819129944 1.62688541412354 1.51546263694763 1.40403985977173 1.29261708259583 1.18119430541992 1.06977152824402 0.95834881067276 0.882776141166687 0.819153606891632 0.755531013011932 0.691908419132233 0.628285884857178 0.564663290977478 0.501040756702423 0.442999243736267
16.3011817932129 17.2214622497559 18.1417407989502 19.0620212554932 19.9823017120361 20.9025821685791 21.8228607177734 22.338565826416 22.7194118499756 23.1002578735352 23.4811038970947 23.8619499206543 24.2427959442139 24.6236419677734 24.511531829834 22.9205513000488 21.3295726776123 19.7385940551758 18.1476135253906 16.5566349029541 14.9656553268433 13.3746767044067 11.8627195358276 10.377103805542 8.89148807525635 7.40587282180786 5.92025709152222 4.43464136123657 2.94902539253235 1.80742788314819 1.69788503646851 1.58834218978882 1.47879934310913 1.36925649642944 1.25971364974976 1.15017080307007 1.04062795639038 0.962803065776825 0.895550847053528 0.828298628330231 0.761046469211578 0.693794250488281 0.626542091369629 0.559289872646332 0.497209519147873
15.9008951187134 16.8262977600098 17.7516994476318 18.6771011352539 19.602502822876 20.527904510498 21.4533061981201 22.0586929321289 22.5574073791504 23.0561237335205 23.554838180542 24.0535526275635 24.5522689819336 25.0509834289551 25.0338001251221 23.4689235687256 21.9040470123291 20.3391704559326 18.7742938995361 17.2094173431396 15.6445407867432 14.0796632766724 12.5099458694458 10.9386157989502 9.36728477478027 7.79595375061035 6.22462320327759 4.65329217910767 3.08196139335632 1.87654757499695 1.76888465881348 1.66122174263 1.55355882644653 1.44589579105377 1.3382328748703 1.23056995868683 1.12290704250336 1.04282987117767 0.971948087215424 0.901066303253174 0.830184459686279 0.75930267572403 0.688420832157135 0.617539048194885 0.551419794559479
15.5006093978882 16.4311332702637 17.3616561889648 18.2921810150146 19.2227039337158 20.1532287597656 21.0837516784668 21.7788200378418 22.3954048156738 23.0119895935059 23.6285724639893 24.2451572418213 24.8617420196533 25.4783248901367 25.5560703277588 24.0172958374023 22.4785213470459 20.9397468566895 19.4009742736816 17.8621997833252 16.3234252929688 14.7846508026123 13.1571731567383 11.5001268386841 9.8430814743042 8.18603515625 6.52898931503296 4.87194347381592 3.2148973941803 1.9456672668457 1.83988428115845 1.73410129547119 1.62831819057465 1.52253520488739 1.41675221920013 1.31096911430359 1.20518612861633 1.12285673618317 1.04834532737732 0.973833918571472 0.899322509765625 0.824811100959778 0.750299632549286 0.675788223743439 0.605630040168762
15.100323677063 16.0359687805176 16.9716148376465 17.9072608947754 18.8429050445557 19.7785511016846 20.7141971588135 21.4989490509033 22.2334022521973 22.9678554534912 23.7023086547852 24.4367618560791 25.171215057373 25.905668258667 26.0783405303955 24.5656681060791 23.0529956817627 21.5403251647949 20.0276527404785 18.5149822235107 17.0023097991943 15.4896383285522 13.8043994903564 12.0616388320923 10.3188772201538 8.57611656188965 6.83335542678833 5.09059429168701 3.34783339500427 2.01478695869446 1.91088390350342 1.80698072910309 1.70307767391205 1.59917449951172 1.49527144432068 1.39136838912964 1.28746521472931 1.20288372039795 1.12474262714386 1.04660153388977 0.968460500240326 0.890319466590881 0.812178432941437 0.734037399291992 0.659840285778046
14.7000370025635 15.6408052444458 16.5815715789795 17.5223388671875 18.4631080627441 19.4038753509521 20.3446426391602 21.2190761566162 22.0713977813721 22.9237194061279 23.7760429382324 24.6283645629883 25.4806880950928 26.3330097198486 26.6006088256836 25.1140403747559 23.6274719238281 22.1409015655518 20.654333114624 19.1677627563477 17.6811943054199 16.1946258544922 14.4516258239746 12.6231498718262 10.7946739196777 8.9661979675293 7.1377215385437 5.30924558639526 3.48076963424683 2.08390665054321 1.98188352584839 1.87986028194427 1.77783703804016 1.67581391334534 1.57379066944122 1.4717675447464 1.36974430084229 1.28291058540344 1.2011399269104 1.11936914920807 1.03759849071503 0.95582789182663 0.874057173728943 0.792286515235901 0.714050590991974
14.2785243988037 15.2423410415649 16.2061576843262 17.1699752807617 18.1337909698486 19.0976085662842 20.0614242553711 20.9744548797607 21.8705577850342 22.7666606903076 23.6627616882324 24.5588645935059 25.4549655914307 26.3510684967041 26.6610374450684 25.2126064300537 23.7641754150391 22.315746307373 20.8673152923584 19.4188842773438 17.9704532623291 16.5220241546631 14.7810163497925 12.9424839019775 11.1039514541626 9.26541900634766 7.42688655853271 5.58835411071777 3.74982190132141 2.3382408618927 2.2075138092041 2.07678699493408 1.94606006145477 1.81533312797546 1.68460631370544 1.55387938022614 1.42315244674683 1.3285801410675 1.24605929851532 1.16353845596313 1.08101761341095 0.998496770858765 0.91597592830658 0.833455085754395 0.753913044929504
13.8357839584351 14.8405771255493 15.8453712463379 16.8501644134521 17.854959487915 18.8597526550293 19.8645458221436 20.7650890350342 21.630880355835 22.4966735839844 23.3624649047852 24.2282581329346 25.094051361084 25.9598426818848 26.2596225738525 24.8613681793213 23.4631118774414 22.0648555755615 20.6665992736816 19.2683429718018 17.8700885772705 16.4718322753906 14.7925701141357 13.0196399688721 11.2467098236084 9.47378063201904 7.70085048675537 5.9279203414917 4.15499019622803 2.77778935432434 2.58777499198914 2.39776086807251 2.2077465057373 2.01773238182068 1.82771813869476 1.63770389556885 1.44768965244293 1.33989238739014 1.25950086116791 1.17910921573639 1.09871768951416 1.01832616329193 0.937934517860413 0.857542932033539 0.779427647590637
13.3930425643921 14.4388132095337 15.4845848083496 16.5303554534912 17.5761260986328 18.6218967437744 19.667667388916 20.555721282959 21.3912048339844 22.2266864776611 23.0621700286865 23.8976516723633 24.7331352233887 25.5686168670654 25.8582096099854 24.5101280212402 23.1620464324951 21.81396484375 20.4658832550049 19.1178035736084 17.7697219848633 16.4216403961182 14.804123878479 13.0967969894409 11.3894691467285 9.68214130401611 7.97481393814087 6.26748657226562 4.56015872955322 3.21733784675598 2.96803617477417 2.71873474121094 2.46943306922913 2.22013163566589 1.97082996368408 1.72152841091156 1.47222685813904 1.35120475292206 1.2729424238205 1.19468009471893 1.11641776561737 1.03815543651581 0.95989316701889 0.881630837917328 0.804942309856415
12.9503021240234 14.0370502471924 15.123797416687 16.2105445861816 17.2972927093506 18.3840408325195 19.4707889556885 20.3463554382324 21.1515274047852 21.9567012786865 22.7618732452393 23.5670471191406 24.3722190856934 25.1773929595947 25.4567947387695 24.1588878631592 22.8609828948975 21.5630760192871 20.2651691436768 18.9672622680664 17.6693553924561 16.3714485168457 14.8156776428223 13.1739530563354 11.5322275161743 9.8905029296875 8.24877738952637 6.60705232620239 4.96532726287842 3.65688633918762 3.3482973575592 3.03970861434937 2.73111963272095 2.42253065109253 2.11394190788269 1.80535292625427 1.49676406383514 1.36251699924469 1.28638398647308 1.21025097370148 1.13411784172058 1.05798482894897 0.981851756572723 0.905718743801117 0.830456972122192
