data/working_set_collections/6091692-Cassins_Sparrow-M2/2010/evptrns_avg.asc
NCOLS 265 
NROWS 230 
XLLCORNER -115.5625 
YLLCORNER 24.8333333333333 
CELLSIZE 0.0833333333333333 
NODATA_value -9999 
[rows 80 to 99 of 230, columns 45 to 89 of 265]
0.129358157515526 0.117025263607502 0.104692377150059 0.0923594832420349 0.0800265893340111 0.0676936954259872 0.0553608052432537 0.0514448024332523 0.0503344312310219 0.0492240600287914 0.0481136851012707 0.0470033138990402 0.0458929426968098 0.0447825714945793 0.0445733442902565 0.0470675565302372 0.0495617724955082 0.0520559847354889 0.0545502007007599 0.0570444129407406 0.0595386251807213 0.0620328411459923 0.0672347247600555 0.073339156806469 0.079443596303463 0.085548035800457 0.0916524678468704 0.0977569073438644 0.103861346840858 0.187142491340637 0.501953780651093 0.816765069961548 1.13157641887665 1.44638764858246 1.76119899749756 2.07601022720337 2.39082145690918 2.63859009742737 2.86401128768921 3.08943247795105 3.31485342979431 3.54027462005615 3.76569557189941 3.99111676216125 4.16541433334351
0.119282677769661 0.108002759516239 0.096722848713398 0.0854429379105568 0.0741630271077156 0.0628831163048744 0.0516032017767429 0.0481704548001289 0.0473534315824509 0.0465364083647728 0.0457193851470947 0.0449023619294167 0.0440853349864483 0.0432683117687702 0.0432141534984112 0.0454485900700092 0.047683022916317 0.049917459487915 0.0521518923342228 0.0543863289058208 0.0566207654774189 0.0588551983237267 0.0624608434736729 0.066523551940918 0.070586271584034 0.0746489837765694 0.0787116959691048 0.0827744081616402 0.0868371203541756 0.148617818951607 0.383552461862564 0.618487119674683 0.853421747684479 1.08835637569427 1.32329106330872 1.55822563171387 1.79316031932831 1.9798891544342 2.15054941177368 2.32120966911316 2.49186992645264 2.66253018379211 2.83319044113159 3.00385093688965 3.15569853782654
0.109207190573215 0.0989802554249763 0.0887533277273178 0.0785263925790787 0.0682994574308395 0.058072529733181 0.0478455983102322 0.0448961071670055 0.0443724319338799 0.0438487567007542 0.0433250814676285 0.0428014062345028 0.0422777310013771 0.0417540557682514 0.0418549627065659 0.043829619884491 0.0458042770624161 0.0477789305150509 0.049753587692976 0.0517282448709011 0.0537029020488262 0.0556775592267513 0.0576869621872902 0.0597079545259476 0.0617289431393147 0.0637499317526817 0.0657709240913391 0.0677919089794159 0.0698129013180733 0.110093139111996 0.265151143074036 0.420209139585495 0.575267136096954 0.730325102806091 0.885383129119873 1.04044115543365 1.19549906253815 1.32118821144104 1.43708765506744 1.55298709869385 1.66888654232025 1.78478598594666 1.90068542957306 2.01658487319946 2.14598274230957
0.09913170337677 0.0899577513337135 0.080783799290657 0.0716098472476006 0.0624358952045441 0.0532619431614876 0.0440879911184311 0.0416217595338821 0.0413914322853088 0.0411611050367355 0.0409307777881622 0.0407004505395889 0.0404701270163059 0.0402397997677326 0.0404957719147205 0.0422106496989727 0.0439255274832249 0.045640405267477 0.0473552830517292 0.0490701608359814 0.0507850386202335 0.0524999164044857 0.0529130846261978 0.0528923496603966 0.0528716146945953 0.0528508797287941 0.0528301447629929 0.0528094097971916 0.0527886785566807 0.0715684592723846 0.146749809384346 0.221931159496307 0.297112494707108 0.37229385972023 0.44747519493103 0.522656559944153 0.597837865352631 0.662487208843231 0.723625838756561 0.784764468669891 0.845903098583221 0.907041728496552 0.968180418014526 1.02931904792786 1.1362669467926
0.0988911390304565 0.0897992253303528 0.0807073190808296 0.0716154053807259 0.0625234916806221 0.053431574255228 0.0443396605551243 0.0420719161629677 0.042078897356987 0.042085874825716 0.042092852294445 0.0420998297631741 0.0421068109571934 0.0421137884259224 0.0424385629594326 0.0437167324125767 0.0449949018657207 0.0462730713188648 0.0475512370467186 0.0488294064998627 0.0501075759530067 0.0513857416808605 0.0509655140340328 0.0499791502952576 0.0489927865564823 0.0480064228177071 0.0470200590789318 0.0460336953401566 0.0450473316013813 0.0523764789104462 0.0846521630883217 0.116927839815617 0.149203523993492 0.181479200720787 0.213754877448082 0.246030569076538 0.278306245803833 0.309761524200439 0.340943336486816 0.372125148773193 0.40330696105957 0.434488773345947 0.465670585632324 0.496852397918701 0.585244655609131
0.108485504984856 0.0985046848654747 0.0885238721966743 0.0785430520772934 0.068562239408493 0.0585814192891121 0.0486006028950214 0.0462465807795525 0.0464348196983337 0.0466230623424053 0.0468113012611866 0.0469995439052582 0.0471877828240395 0.047376025468111 0.0476833395659924 0.0483478680253029 0.0490123964846134 0.049676924943924 0.0503414534032345 0.051005981862545 0.0516705103218555 0.0523350387811661 0.0518442466855049 0.0509683527052402 0.0500924549996853 0.0492165572941303 0.0483406595885754 0.0474647618830204 0.0465888679027557 0.05251719430089 0.0788581967353821 0.105199195444584 0.131540194153786 0.157881200313568 0.184222191572189 0.210563197731972 0.236904188990593 0.263011187314987 0.289040148258209 0.315069139003754 0.341098099946976 0.36712709069252 0.393156051635742 0.419185042381287 0.492915958166122
0.118079870939255 0.107210144400597 0.0963404253125191 0.0854707062244415 0.074600987136364 0.0637312680482864 0.0528615452349186 0.0504212416708469 0.0507907457649708 0.0511602498590946 0.0515297539532185 0.051899254322052 0.0522687584161758 0.0526382625102997 0.0529281124472618 0.0529789999127388 0.0530298873782158 0.0530807785689831 0.0531316660344601 0.0531825572252274 0.0532334446907043 0.0532843321561813 0.0527229830622673 0.0519575513899326 0.0511921234428883 0.0504266917705536 0.0496612600982189 0.0488958321511745 0.0481304004788399 0.0526579059660435 0.0730642229318619 0.0934705436229706 0.113876864314079 0.134283185005188 0.154689505696297 0.175095826387405 0.195502147078514 0.216260820627213 0.237136960029602 0.258013099431992 0.278889238834381 0.299765378236771 0.32064151763916 0.34151765704155 0.400587260723114
0.127674236893654 0.115915603935719 0.104156985878944 0.0923983603715897 0.0806397348642349 0.0688811093568802 0.0571224875748158 0.0545959062874317 0.0551466718316078 0.0556974373757839 0.05624820291996 0.0567989684641361 0.0573497340083122 0.0579004995524883 0.0581728853285313 0.057610135525465 0.0570473819971085 0.0564846321940422 0.055921882390976 0.0553591325879097 0.0547963790595531 0.0542336292564869 0.0536017194390297 0.0529467537999153 0.0522917918860912 0.0516368262469769 0.0509818606078625 0.0503268986940384 0.049671933054924 0.0527986213564873 0.0672702565789223 0.0817418992519379 0.0962135344743729 0.110685177147388 0.125156804919243 0.139628455042839 0.154100090265274 0.16951048374176 0.185233786702156 0.200957089662552 0.216680392622948 0.232403695583344 0.248126998543739 0.263850301504135 0.308258593082428
0.137268587946892 0.12462106347084 0.111973538994789 0.0993260145187378 0.0866784825921059 0.0740309581160545 0.0613834299147129 0.0587705709040165 0.0595025978982449 0.0602346248924732 0.0609666518867016 0.06169867888093 0.0624307058751583 0.063162736594677 0.0634176582098007 0.0622412674129009 0.0610648766160011 0.0598884858191013 0.0587120950222015 0.0575357042253017 0.056359313428402 0.0551829226315022 0.0544804520905018 0.053935956209898 0.0533914566040039 0.0528469607234001 0.0523024648427963 0.0517579652369022 0.0512134693562984 0.0529393330216408 0.0614762902259827 0.0700132474303246 0.0785502046346664 0.0870871618390083 0.0956241190433502 0.104161076247692 0.112698033452034 0.122760124504566 0.133330598473549 0.143901064991951 0.154471531510353 0.165041998028755 0.175612464547157 0.186182931065559 0.215929910540581
0.146862953901291 0.133326530456543 0.119790092110634 0.106253661215305 0.0927172377705574 0.0791808068752289 0.0656443759799004 0.062945231795311 0.0638585239648819 0.0647718086838722 0.0656851008534431 0.0665983930230141 0.067511685192585 0.0684249699115753 0.0686624348163605 0.0668724030256271 0.0650823712348938 0.0632923394441605 0.0615023113787174 0.0597122795879841 0.057922251522541 0.0561322197318077 0.0553591884672642 0.0549251586198807 0.0544911250472069 0.0540570951998234 0.0536230653524399 0.0531890317797661 0.0527550019323826 0.0530800484120846 0.0556823238730431 0.0582845993340015 0.0608868785202503 0.0634891539812088 0.0660914331674576 0.0686937049031258 0.0712959840893745 0.0760097801685333 0.0814274102449417 0.0868450403213501 0.0922626703977585 0.0976803004741669 0.103097938001156 0.108515568077564 0.123601220548153
0.156611233949661 0.14189350605011 0.127175778150558 0.112458057701588 0.0977403372526169 0.0830226093530655 0.0683048814535141 0.0652324184775352 0.0660417079925537 0.0668509975075722 0.0676602870225906 0.0684695765376091 0.0692788660526276 0.070088155567646 0.0701807215809822 0.0681231245398521 0.0660655349493027 0.0640079379081726 0.0619503408670425 0.0598927475512028 0.0578351505100727 0.0557775534689426 0.0552681274712086 0.0552747510373592 0.0552813783288002 0.0552880056202412 0.0552946329116821 0.0553012564778328 0.0553078837692738 0.0551545172929764 0.0545211806893349 0.0538878440856934 0.0532545074820518 0.0526211708784103 0.0519878342747688 0.051354493945837 0.0507211573421955 0.0532546378672123 0.0568437278270721 0.0604328140616417 0.0640219002962112 0.0676109865307808 0.0712000727653503 0.0747891589999199 0.0827158093452454
0.166513428092003 0.150322020053864 0.134130612015724 0.117939196527004 0.101747788488865 0.085556373000145 0.0693649649620056 0.065632127225399 0.0660521537065506 0.0664721801877022 0.0668922066688538 0.0673122331500053 0.0677322521805763 0.0681522786617279 0.0679725259542465 0.0659934431314468 0.0640143603086472 0.0620352737605572 0.0600561872124672 0.0580771006643772 0.0560980178415775 0.0541189312934875 0.0542072653770447 0.0549847409129143 0.0557622164487839 0.0565396882593632 0.0573171637952328 0.0580946393311024 0.058872114866972 0.0591627471148968 0.0579928644001484 0.0568229779601097 0.0556530952453613 0.0544832088053226 0.0533133260905743 0.0521434396505356 0.0509735569357872 0.054494708776474 0.0595795437693596 0.0646643787622452 0.0697492137551308 0.0748340487480164 0.079918883740902 0.0850037187337875 0.0932736769318581
0.176415622234344 0.158750534057617 0.141085430979729 0.123420335352421 0.105755239725113 0.0880901366472244 0.0704250410199165 0.0660318359732628 0.0660625994205475 0.0660933628678322 0.0661241263151169 0.066154882311821 0.0661856457591057 0.0662164092063904 0.0657643377780914 0.0638637617230415 0.0619631856679916 0.0600626096129417 0.0581620335578918 0.056261457502842 0.0543608814477921 0.0524603053927422 0.0531464070081711 0.054694727063179 0.0562430508434772 0.0577913746237755 0.0593396984040737 0.060888022184372 0.0624363422393799 0.0631709769368172 0.0614645443856716 0.0597581155598164 0.0580516830086708 0.0563452504575253 0.0546388179063797 0.0529323853552341 0.0512259528040886 0.0557347796857357 0.0623153634369373 0.0688959434628487 0.0754765272140503 0.0820571109652519 0.0886376947164536 0.0952182710170746 0.103831544518471
0.186317816376686 0.16717903316021 0.148040249943733 0.128901466727257 0.10976268351078 0.0906239002943039 0.0714851170778275 0.0664315447211266 0.0660730451345444 0.0657145455479622 0.0653560385107994 0.0649975389242172 0.064639039337635 0.0642805323004723 0.0635561421513557 0.0617340765893459 0.0599120110273361 0.0580899454653263 0.0562678799033165 0.0544458143413067 0.0526237487792969 0.0508016832172871 0.0520855449140072 0.0544047169387341 0.0567238889634609 0.0590430609881878 0.0613622292876244 0.0636814013123512 0.0660005733370781 0.0671792104840279 0.0649362280964851 0.0626932457089424 0.06045026704669 0.0582072883844376 0.0559643097221851 0.0537213310599327 0.05147834867239 0.0569748543202877 0.0650511831045151 0.0731275081634521 0.0812038406729698 0.0892801731824875 0.0973564982414246 0.105432830750942 0.114389412105083
0.196220010519028 0.175607547163963 0.154995083808899 0.134382605552673 0.113770134747028 0.093157671391964 0.072545200586319 0.0668312534689903 0.0660834908485413 0.0653357282280922 0.0645879581570625 0.0638401955366135 0.0630924254655838 0.0623446628451347 0.0613479502499104 0.0596043951809406 0.0578608363866806 0.0561172813177109 0.0543737262487411 0.0526301711797714 0.0508866161108017 0.0491430573165417 0.0510246828198433 0.0541147030889988 0.0572047233581543 0.0602947436273098 0.0633847638964653 0.0664747804403305 0.0695648044347763 0.071187436580658 0.0684079080820084 0.0656283795833588 0.0628488585352898 0.0600693300366402 0.0572898015379906 0.0545102767646313 0.0517307482659817 0.0582149252295494 0.0677869990468025 0.0773590803146362 0.0869311541318893 0.0965032279491425 0.106075309216976 0.115647383034229 0.124947272241116
0.206122219562531 0.184036061167717 0.161949902772903 0.13986374437809 0.117777585983276 0.0956914350390434 0.0736052766442299 0.0672309696674347 0.0660939365625381 0.0649569109082222 0.0638198778033257 0.0626828521490097 0.0615458190441132 0.0604087896645069 0.059139758348465 0.057474710047245 0.0558096654713154 0.0541446171700954 0.0524795725941658 0.0508145280182362 0.0491494797170162 0.0474844351410866 0.0499638244509697 0.0538246929645538 0.057685561478138 0.0615464299917221 0.0654072985053062 0.0692681670188904 0.0731290355324745 0.0751956701278687 0.0718795955181122 0.0685635209083557 0.0652474462985992 0.0619313679635525 0.058615293353796 0.0552992187440395 0.0519831441342831 0.0594549961388111 0.0705228224396706 0.0815906450152397 0.0926584675908089 0.103726290166378 0.114794112741947 0.125861942768097 0.135505139827728
0.254705399274826 0.228707030415535 0.202708676457405 0.176710307598114 0.150711953639984 0.124713592231274 0.0987152308225632 0.088868722319603 0.0844061523675919 0.0799435898661613 0.0754810273647308 0.0710184648633003 0.0665559023618698 0.0620933398604393 0.0583555325865746 0.0567919947206974 0.0552284568548203 0.0536649189889431 0.052101381123066 0.0505378432571888 0.0489743016660213 0.0474107638001442 0.0500602051615715 0.0541139729321003 0.0581677407026291 0.0622215084731579 0.0662752762436867 0.0703290402889252 0.0743828117847443 0.0767218843102455 0.0739168673753738 0.0711118578910828 0.0683068484067917 0.0655018389225006 0.0626968294382095 0.0598918162286282 0.0570868067443371 0.0653615817427635 0.0773296281695366 0.0892976671457291 0.101265713572502 0.113233752548695 0.125201791524887 0.13716983795166 0.146969944238663
0.341969549655914 0.309620469808578 0.277271389961243 0.244922310113907 0.212573230266571 0.180224150419235 0.147875055670738 0.131744518876076 0.121020145714283 0.110295780003071 0.0995714142918587 0.0888470411300659 0.0781226754188538 0.0673983097076416 0.0589952729642391 0.0575562417507172 0.0561172105371952 0.0546781793236732 0.0532391481101513 0.0518001168966293 0.0503610819578171 0.0489220507442951 0.0513138324022293 0.0549825467169285 0.058651264756918 0.0623199790716171 0.0659886971116066 0.0696574151515961 0.073326125741005 0.0757660791277885 0.0745197460055351 0.0732734128832817 0.0720270723104477 0.0707807391881943 0.0695343986153603 0.0682880654931068 0.0670417249202728 0.0759346932172775 0.0882074236869812 0.100480154156685 0.112752884626389 0.125025615096092 0.137298345565796 0.1495710760355 0.159341663122177
0.429233729839325 0.390533924102783 0.351834118366241 0.3131343126297 0.274434506893158 0.235734701156616 0.197034895420074 0.174620315432549 0.157634139060974 0.1406479626894 0.123661793768406 0.106675624847412 0.0896894484758377 0.0727032795548439 0.059635017067194 0.0583204925060272 0.0570059679448605 0.0556914396584034 0.0543769150972366 0.0530623905360699 0.0517478622496128 0.050433337688446 0.0525674559175968 0.0558511205017567 0.0591347888112068 0.0624184533953667 0.0657021179795265 0.0689857825636864 0.0722694471478462 0.0748102813959122 0.0751226171851158 0.0754349604249 0.0757472962141037 0.0760596320033073 0.0763719752430916 0.0766843110322952 0.0769966468214989 0.0865077972412109 0.0990852192044258 0.11166263371706 0.124240055680275 0.136817470192909 0.149394884705544 0.161972314119339 0.171713396906853
0.516497910022736 0.471447378396988 0.42639684677124 0.381346315145493 0.336295783519745 0.291245251893997 0.24619472026825 0.217496111989021 0.194248124957085 0.171000152826309 0.147752180695534 0.124504201114178 0.101256221532822 0.0780082494020462 0.0602747611701488 0.059084739536047 0.0578947216272354 0.0567047037184238 0.055514682084322 0.0543246641755104 0.0531346425414085 0.051944624632597 0.0538210794329643 0.0567196942865849 0.0596183091402054 0.0625169277191162 0.0654155388474464 0.0683141574263573 0.0712127685546875 0.0738544836640358 0.0757254958152771 0.0775965079665184 0.0794675201177597 0.081338532269001 0.0832095444202423 0.0850805565714836 0.0869515687227249 0.097080908715725 0.10996301472187 0.122845120728016 0.135727226734161 0.148609325289726 0.161491438746452 0.174373552203178 0.184085115790367
