data/working_set_collections/6091692-Cassins_Sparrow-M2/2010/evptrns_avg.asc
NCOLS 265 
NROWS 230 
XLLCORNER -115.5625 
YLLCORNER 24.8333333333333 
CELLSIZE 0.0833333333333333 
NODATA_value -9999 
[rows 140 to 159 of 230, columns 135 to 179 of 265]
0.379364937543869 0.439443498849869 0.499522030353546 0.559600591659546 0.619679093360901 0.679757654666901 0.739836156368256 0.867237150669098 1.01707887649536 1.16692066192627 1.31676232814789 1.4666041135788 1.6164458990097 1.76628756523132 1.90385317802429 2.00459027290344 2.10532736778259 2.20606446266174 2.30680155754089 2.40753865242004 2.50827574729919 2.60901284217834 2.61884450912476 2.59837460517883 2.57790446281433 2.55743455886841 2.53696465492249 2.51649451255798 2.49602460861206 2.53700637817383 2.76234316825867 2.98767995834351 3.21301674842834 3.43835353851318 3.6636905670166 3.88902735710144 4.11436414718628 4.53426647186279 5.01902437210083 5.50378227233887 5.9885401725769 6.47329807281494 6.95805549621582 7.44281339645386 7.93492937088013
0.367598056793213 0.419822067022324 0.472046077251434 0.524270057678223 0.576494097709656 0.628718078136444 0.680942118167877 0.790642142295837 0.919500887393951 1.04835963249207 1.17721831798553 1.306077003479 1.43493580818176 1.56379449367523 1.68485891819 1.78254044055939 1.88022196292877 1.97790348529816 2.07558488845825 2.17326641082764 2.27094793319702 2.36862945556641 2.41292786598206 2.43943190574646 2.46593570709229 2.49243974685669 2.51894354820251 2.54544758796692 2.57195138931274 2.6350462436676 2.80791354179382 2.98078083992004 3.15364813804626 3.32651543617249 3.49938273429871 3.67225027084351 3.84511756896973 4.25865507125854 4.75241565704346 5.24617671966553 5.73993730545044 6.23369789123535 6.72745895385742 7.22121953964233 7.73139953613281
0.355831146240234 0.400200635194778 0.444570094347 0.488939583301544 0.533309042453766 0.577678501605988 0.622048020362854 0.714047133922577 0.821922838687897 0.929798543453217 1.03767430782318 1.1455500125885 1.25342571735382 1.36130142211914 1.46586465835571 1.56049060821533 1.65511655807495 1.74974250793457 1.84436845779419 1.9389945268631 2.03362035751343 2.12824630737305 2.20701122283936 2.28048920631409 2.35396695137024 2.42744469642639 2.50092267990112 2.57440042495728 2.64787817001343 2.73308610916138 2.85348391532898 2.97388172149658 3.09427952766418 3.21467733383179 3.33507513999939 3.45547294616699 3.5758707523346 3.98304319381714 4.48580694198608 4.98857069015503 5.49133443832397 5.99409818649292 6.49686193466187 6.99962568283081 7.52786922454834
0.344064235687256 0.380579173564911 0.417094141244888 0.453609079122543 0.490124017000198 0.526638984680176 0.563153922557831 0.637452185153961 0.724344849586487 0.811237514019012 0.898130178451538 0.985022902488708 1.07191550731659 1.15880823135376 1.24687039852142 1.33844077587128 1.43001115322113 1.52158164978027 1.61315202713013 1.70472240447998 1.79629290103912 1.88786327838898 2.00109457969666 2.12154650688171 2.24199819564819 2.36244988441467 2.48290157318115 2.60335350036621 2.72380518913269 2.83112597465515 2.89905428886414 2.96698260307312 3.0349109172821 3.10283923149109 3.17076754570007 3.23869585990906 3.30662417411804 3.70743131637573 4.21919822692871 4.73096513748169 5.24273157119751 5.75449848175049 6.26626539230347 6.77803182601929 7.32433891296387
0.325613021850586 0.355143815279007 0.384674608707428 0.414205402135849 0.44373619556427 0.473266988992691 0.502797782421112 0.565476417541504 0.639204382896423 0.712932288646698 0.786660254001617 0.860388159751892 0.934116125106812 1.00784409046173 1.08695673942566 1.18222379684448 1.27749085426331 1.37275779247284 1.46802484989166 1.56329190731049 1.65855884552002 1.75382590293884 1.88494765758514 2.02802085876465 2.17109417915344 2.31416749954224 2.45724081993103 2.60031414031982 2.74338746070862 2.85916686058044 2.89306354522705 2.92696046829224 2.96085739135742 2.99475431442261 3.02865099906921 3.0625479221344 3.09644484519958 3.49018096923828 4.00386333465576 4.51754570007324 5.03122806549072 5.5449104309082 6.05859279632568 6.57227563858032 7.126877784729
0.300477474927902 0.323894500732422 0.347311496734619 0.370728522539139 0.394145548343658 0.417562544345856 0.440979570150375 0.498119920492172 0.566501379013062 0.634882867336273 0.703264355659485 0.771645843982697 0.840027332305908 0.908408761024475 0.986123859882355 1.09183967113495 1.1975554227829 1.30327117443085 1.4089869260788 1.51470279693604 1.62041854858398 1.72613430023193 1.85857021808624 1.99991273880005 2.14125537872314 2.28259778022766 2.42394042015076 2.56528306007385 2.70662546157837 2.8172082901001 2.83551168441772 2.85381531715393 2.87211871147156 2.89042210578918 2.90872573852539 2.92702913284302 2.94533252716064 3.33129167556763 3.83980226516724 4.348313331604 4.85682392120361 5.36533451080322 5.87384557723999 6.3823561668396 6.93548631668091
0.275341928005219 0.292645156383514 0.309948414564133 0.327251642942429 0.344554901123047 0.361858129501343 0.379161387681961 0.430763453245163 0.493798464536667 0.556833446025848 0.619868457317352 0.682903468608856 0.74593847990036 0.808973491191864 0.885290920734406 1.00145542621613 1.11761999130249 1.23378455638885 1.34994912147522 1.46611368656158 1.58227825164795 1.69844269752502 1.83219277858734 1.97180449962616 2.11141633987427 2.25102806091309 2.3906397819519 2.5302517414093 2.66986346244812 2.77524995803833 2.7779598236084 2.78066992759705 2.78338003158569 2.78609013557434 2.78880023956299 2.79151034355164 2.79422044754028 3.17240238189697 3.67574143409729 4.17908048629761 4.6824197769165 5.18575859069824 5.68909788131714 6.19243717193604 6.74409437179565
0.250206381082535 0.261395841836929 0.272585302591324 0.283774793148041 0.294964253902435 0.30615371465683 0.317343175411224 0.363406956195831 0.421095490455627 0.478784054517746 0.536472618579865 0.594161152839661 0.651849687099457 0.709538221359253 0.784457981586456 0.911071300506592 1.03768455982208 1.16429793834686 1.29091119766235 1.41752457618713 1.54413783550262 1.6707512140274 1.80581521987915 1.94369626045227 2.08157730102539 2.21945834159851 2.35733938217163 2.49522042274475 2.63310146331787 2.73329138755798 2.72040820121765 2.70752477645874 2.69464159011841 2.6817581653595 2.66887474060059 2.65599155426025 2.64310812950134 3.01351308822632 3.51168060302734 4.00984811782837 4.50801563262939 5.00618314743042 5.50435066223145 6.00251770019531 6.5527024269104
0.225070834159851 0.230146527290344 0.235222220420837 0.240297913551331 0.245373606681824 0.250449299812317 0.25552499294281 0.2960504591465 0.34839254617691 0.400734633207321 0.453076720237732 0.50541877746582 0.557760894298553 0.610102951526642 0.683625042438507 0.820687115192413 0.95774918794632 1.09481132030487 1.23187339305878 1.36893546581268 1.50599753856659 1.6430596113205 1.77943778038025 1.91558802127838 2.05173826217651 2.18788862228394 2.32403898239136 2.4601891040802 2.59633946418762 2.69133305549622 2.66285634040833 2.63437962532043 2.60590291023254 2.57742619514465 2.54894948005676 2.52047276496887 2.49199604988098 2.85462379455566 3.34761953353882 3.84061551094055 4.33361101150513 4.82660722732544 5.31960296630859 5.81259870529175 6.3613109588623
0.199935287237167 0.198897197842598 0.19785912334919 0.19682103395462 0.195782959461212 0.194744870066643 0.193706795573235 0.228693976998329 0.275689601898193 0.322685211896896 0.369680851697922 0.416676461696625 0.463672071695328 0.510667681694031 0.582792103290558 0.73030298948288 0.877813816070557 1.02532458305359 1.17283546924591 1.32034635543823 1.46785712242126 1.61536800861359 1.75306034088135 1.88747990131378 2.02189946174622 2.15631890296936 2.2907383441925 2.42515778541565 2.55957746505737 2.64937448501587 2.605304479599 2.56123423576355 2.51716423034668 2.47309422492981 2.42902398109436 2.38495397567749 2.34088397026062 2.69573450088501 3.18355870246887 3.67138290405273 4.15920686721802 4.64703130722046 5.13485527038574 5.62267971038818 6.16991901397705
0.182241708040237 0.178968742489815 0.175695776939392 0.172422811388969 0.169149830937386 0.165876865386963 0.16260389983654 0.192834094166756 0.234232008457184 0.275629937648773 0.317027866840363 0.35842576622963 0.399823695421219 0.441221624612808 0.508297085762024 0.652405261993408 0.796513438224792 0.940621614456177 1.08472979068756 1.22883796691895 1.37294614315033 1.51705431938171 1.65551328659058 1.7920891046524 1.92866504192352 2.06524085998535 2.20181679725647 2.33839273452759 2.47496843338013 2.56550979614258 2.51794695854187 2.47038435935974 2.42282176017761 2.3752589225769 2.32769632339478 2.28013348579407 2.23257088661194 2.57779788970947 3.05395483970642 3.53011202812195 4.0062689781189 4.48242616653442 4.95858287811279 5.43474006652832 5.97032499313354
0.171990096569061 0.170361131429672 0.168732166290283 0.167103201150894 0.165474236011505 0.163845270872116 0.162216305732727 0.188470810651779 0.224019795656204 0.259568780660629 0.295117765665054 0.330666750669479 0.366215705871582 0.401764690876007 0.460139960050583 0.586994051933289 0.713848114013672 0.8407022356987 0.967556297779083 1.09441041946411 1.22126448154449 1.34811854362488 1.48679661750793 1.62941598892212 1.7720353603363 1.91465473175049 2.05727410316467 2.19989347457886 2.34251284599304 2.43973875045776 2.4007842540741 2.36182975769043 2.32287526130676 2.28392052650452 2.24496603012085 2.20601153373718 2.16705703735352 2.50081419944763 2.95880842208862 3.41680288314819 3.87479710578918 4.33279132843018 4.79078578948975 5.24878025054932 5.76252841949463
0.161738499999046 0.161753535270691 0.161768570542336 0.16178360581398 0.161798655986786 0.16181369125843 0.161828726530075 0.184107527136803 0.213807567954063 0.243507608771324 0.273207664489746 0.302907705307007 0.332607746124268 0.362307786941528 0.411982834339142 0.521582841873169 0.631182789802551 0.740782797336578 0.850382804870605 0.959982812404633 1.06958281993866 1.17918276786804 1.31807994842529 1.46674287319183 1.61540567874908 1.76406860351562 1.91273140907288 2.06139445304871 2.21005725860596 2.31396770477295 2.28362131118774 2.25327491760254 2.22292876243591 2.19258236885071 2.1622359752655 2.1318895816803 2.10154318809509 2.42383027076721 2.86366200447083 3.30349349975586 3.74332523345947 4.18315696716309 4.6229887008667 5.06281995773315 5.55473184585571
0.15148688852787 0.153145924210548 0.154804974794388 0.156464010477066 0.158123061060905 0.159782096743584 0.161441147327423 0.179744228720665 0.203595340251923 0.22744645178318 0.251297563314438 0.275148659944534 0.298999786376953 0.32285088300705 0.363825678825378 0.456171602010727 0.548517525196075 0.640863418579102 0.733209311962128 0.825555205345154 0.917901158332825 1.01024699211121 1.14936327934265 1.30406963825226 1.45877599716187 1.61348247528076 1.76818883419037 1.92289519309998 2.07760167121887 2.18819689750671 2.16645860671997 2.14472031593323 2.12298226356506 2.10124397277832 2.07950568199158 2.05776762962341 2.03602933883667 2.34684658050537 2.76851534843445 3.1901843547821 3.61185336112976 4.03352212905884 4.45519113540649 4.87686014175415 5.34693479537964
0.141235277056694 0.144538328051567 0.147841364145279 0.151144415140152 0.154447466135025 0.157750502228737 0.16105355322361 0.175380945205688 0.193383112549782 0.211385279893875 0.22938746213913 0.247389629483223 0.265391796827316 0.283393979072571 0.315668553113937 0.390760362148285 0.465852200984955 0.54094398021698 0.61603581905365 0.69112765789032 0.766219437122345 0.841311275959015 0.980646669864655 1.14139652252197 1.30214643478394 1.46289622783661 1.62364614009857 1.78439605236053 1.94514584541321 2.0624258518219 2.04929566383362 2.03616571426392 2.02303576469421 2.00990557670593 1.99677550792694 1.98364555835724 1.97051548957825 2.26986265182495 2.67336893081665 3.07687520980835 3.48038148880005 3.88388776779175 4.28739404678345 4.69090032577515 5.13913822174072
0.130983665585518 0.135930716991425 0.140877768397331 0.145824819803238 0.150771871209145 0.155718922615051 0.160665974020958 0.171017661690712 0.183170884847641 0.195324122905731 0.207477360963821 0.219630599021912 0.231783822178841 0.243937060236931 0.267511427402496 0.325349152088165 0.383186876773834 0.441024601459503 0.498862326145172 0.556700050830841 0.61453777551651 0.672375500202179 0.811930000782013 0.978723347187042 1.14551675319672 1.31231009960175 1.47910344600677 1.64589691162109 1.81269025802612 1.93665480613708 1.93213295936584 1.92761099338531 1.92308914661407 1.91856729984283 1.9140453338623 1.90952348709106 1.90500164031982 2.19287872314453 2.57822251319885 2.9635660648346 3.34890961647034 3.73425316810608 4.1195969581604 4.50494050979614 4.93134164810181
0.124722547829151 0.130323857069016 0.135925158858299 0.141526460647583 0.147127762436867 0.15272906422615 0.158330366015434 0.166208371520042 0.174845263361931 0.183482155203819 0.192119047045708 0.200755953788757 0.209392845630646 0.218029737472534 0.235797509551048 0.280957907438278 0.326118320226669 0.37127873301506 0.416439145803452 0.461599558591843 0.506759941577911 0.551920354366302 0.683539927005768 0.843979179859161 1.0044184923172 1.16485774517059 1.32529699802399 1.48573625087738 1.64617550373077 1.76784658432007 1.77321302890778 1.77857947349548 1.78394591808319 1.7893123626709 1.79467880725861 1.80004525184631 1.80541169643402 2.0923535823822 2.47315359115601 2.85395383834839 3.23475408554077 3.61555433273315 3.99635434150696 4.37715482711792 4.79535484313965
0.122451908886433 0.127717718482018 0.132983520627022 0.138249337673187 0.143515139818192 0.148780956864357 0.154046759009361 0.16095307469368 0.16840623319149 0.175859391689301 0.18331253528595 0.19076569378376 0.198218837380409 0.20567199587822 0.220526829361916 0.257586687803268 0.29464653134346 0.331706374883652 0.368766248226166 0.405826091766357 0.442885965108871 0.479945808649063 0.595476448535919 0.73716402053833 0.878851532936096 1.02053916454315 1.16222667694092 1.30391418933868 1.44560182094574 1.55600118637085 1.57253611087799 1.58907103538513 1.60560607910156 1.6221410036087 1.63867592811584 1.65521085262299 1.67174577713013 1.96828663349152 2.35816264152527 2.74803876876831 3.13791465759277 3.52779078483582 3.91766691207886 4.30754280090332 4.73117733001709
0.120181269943714 0.12511157989502 0.130041897296906 0.134972214698792 0.139902532100677 0.144832849502563 0.149763152003288 0.155697792768478 0.16196720302105 0.168236613273621 0.174506023526192 0.180775433778763 0.187044844031334 0.193314254283905 0.205256134271622 0.234215438365936 0.263174742460251 0.292134046554565 0.32109335064888 0.350052654743195 0.379011958837509 0.407971262931824 0.507412970066071 0.630348801612854 0.753284633159637 0.876220524311066 0.999156355857849 1.12209224700928 1.24502801895142 1.34415578842163 1.37185919284821 1.39956271648407 1.42726612091064 1.45496952533722 1.48267304897308 1.51037645339966 1.53807997703552 1.84421968460083 2.24317169189453 2.64212346076965 3.04107546806335 3.44002747535706 3.83897924423218 4.23793125152588 4.66700029373169
0.117910631000996 0.122505448758602 0.127100273966789 0.131695091724396 0.136289909482002 0.140884727239609 0.145479544997215 0.150442510843277 0.155528172850609 0.160613849759102 0.165699511766434 0.170785173773766 0.175870850682259 0.18095651268959 0.189985454082489 0.210844203829765 0.231702953577042 0.252561718225479 0.273420453071594 0.294279217720032 0.315137952566147 0.335996717214584 0.419349491596222 0.523533642292023 0.627717733383179 0.73190188407898 0.83608603477478 0.940270125865936 1.04445433616638 1.13231039047241 1.17118227481842 1.21005427837372 1.24892616271973 1.28779816627502 1.32667016983032 1.36554205417633 1.40441405773163 1.72015285491943 2.12818074226379 2.53620839118958 2.94423627853394 3.35226392745972 3.76029181480408 4.16831970214844 4.60282278060913
