data/working_set_collections/6091692-Cassins_Sparrow-M2/2010/frwlt_avg.asc
NCOLS 265 
NROWS 230 
XLLCORNER -115.5625 
YLLCORNER 24.8333333333333 
CELLSIZE 0.0833333333333333 
NODATA_value -9999 
[rows 40 to 59 of 230, columns 220 to 263 of 265]
0.173985496163368 0.190940007567406 0.207894504070282 0.224849015474319 0.240024298429489 0.249861910939217 0.259699523448944 0.269537150859833 0.279374778270721 0.289212375879288 0.299050003290176 0.308887630701065 0.302520304918289 0.290751338005066 0.278982371091843 0.267213433980942 0.255444467067719 0.243675500154495 0.231906548142433 0.221101582050323 0.213188603520393 0.205275639891624 0.197362661361694 0.189449697732925 0.181536719202995 0.173623740673065 0.165710777044296 0.164910927414894 0.166482135653496 0.168053343892097 0.169624552130699 0.171195760369301 0.172766953706741 0.174338161945343 0.174803137779236 0.171949446201324 0.169095739722252 0.166242033243179 0.163388326764107 0.160534620285034 0.157680928707123 0.15482722222805 0.152801558375359 0.151051923632622
0.161975428462029 0.179110184311867 0.196244940161705 0.213379696011543 0.228991359472275 0.240033760666847 0.25107616186142 0.262118577957153 0.273160964250565 0.284203380346298 0.29524576663971 0.306288182735443 0.300492495298386 0.289084136486053 0.277675747871399 0.266267389059067 0.254859000444412 0.24345064163208 0.232042267918587 0.221649810671806 0.214305073022842 0.20696035027504 0.199615612626076 0.192270874977112 0.184926152229309 0.177581414580345 0.170236676931381 0.169625923037529 0.171259835362434 0.17289374768734 0.174527660012245 0.176161572337151 0.177795484662056 0.179429396986961 0.179830893874168 0.17653514444828 0.173239380121231 0.169943630695343 0.166647881269455 0.163352116942406 0.160056367516518 0.15676061809063 0.154382631182671 0.152310580015182
0.15589527785778 0.172253534197807 0.188611775636673 0.2049700319767 0.220088019967079 0.231485217809677 0.242882415652275 0.254279613494873 0.265676826238632 0.277074009180069 0.288471221923828 0.299868404865265 0.294760823249817 0.284151613712311 0.273542404174805 0.262933194637299 0.252323985099792 0.241714775562286 0.23110556602478 0.221511632204056 0.214963495731354 0.208415359258652 0.201867207884789 0.195319071412086 0.188770934939384 0.182222798466682 0.17567466199398 0.175010591745377 0.176307871937752 0.177605167031288 0.178902447223663 0.1801997423172 0.181497022509575 0.182794317603111 0.182878792285919 0.179324805736542 0.175770834088326 0.172216847538948 0.168662875890732 0.165108889341354 0.161554917693138 0.158000931143761 0.155423328280449 0.153171181678772
0.155745044350624 0.170370027422905 0.184995010495186 0.199620008468628 0.21331425011158 0.224216267466545 0.235118269920349 0.246020287275314 0.25692230463028 0.267824321985245 0.278726309537888 0.289628326892853 0.285325229167938 0.275953769683838 0.266582310199738 0.257210850715637 0.247839376330376 0.238467916846275 0.229096442461014 0.220687046647072 0.215163856744766 0.209640666842461 0.204117462038994 0.198594272136688 0.193071082234383 0.187547892332077 0.182024702429771 0.181064903736115 0.181626230478287 0.18218757212162 0.182748913764954 0.183310240507126 0.183871582150459 0.184432908892632 0.183946818113327 0.18031844496727 0.176690056920052 0.173061683773994 0.169433310627937 0.165804922580719 0.162176549434662 0.158548176288605 0.155923649668694 0.15363372862339
0.155594795942307 0.168486520648003 0.18137826025486 0.194269984960556 0.206540495157242 0.216947317123413 0.227354139089584 0.237760961055756 0.248167783021927 0.258574604988098 0.268981426954269 0.279388248920441 0.275889664888382 0.267755955457687 0.25962221622467 0.251488476991653 0.243354767560959 0.235221043229103 0.227087318897247 0.219862461090088 0.215364217758179 0.21086597442627 0.20636773109436 0.20186947286129 0.197371229529381 0.192872986197472 0.188374742865562 0.187119215726852 0.186944603919983 0.186769977211952 0.186595365405083 0.186420753598213 0.186246126890182 0.186071515083313 0.185014858841896 0.181312084197998 0.177609294652939 0.173906520009041 0.170203745365143 0.166500970721245 0.162798181176186 0.159095406532288 0.156423956155777 0.154096275568008
0.15544456243515 0.166603028774261 0.177761495113373 0.188919976353645 0.199766725301743 0.209678366780281 0.21959000825882 0.229501634836197 0.239413276314735 0.249324902892113 0.259236544370651 0.269148170948029 0.266454100608826 0.259558111429214 0.252662122249603 0.245766147971153 0.238870158791542 0.231974169611931 0.22507818043232 0.219037875533104 0.215564578771591 0.212091282010078 0.208617985248566 0.205144688487053 0.201671376824379 0.198198080062866 0.194724783301353 0.19317352771759 0.192262962460518 0.191352397203445 0.190441817045212 0.189531251788139 0.188620686531067 0.187710106372833 0.186082884669304 0.182305708527565 0.178528532385826 0.174751356244087 0.170974180102348 0.167197003960609 0.163419827818871 0.159642651677132 0.156924277544022 0.154558837413788
0.155294314026833 0.164719521999359 0.174144744873047 0.183569952845573 0.192992970347404 0.202409416437149 0.211825862526894 0.221242308616638 0.230658754706383 0.240075200796127 0.249491646885872 0.258908092975616 0.257018536329269 0.251360267400742 0.245702028274536 0.240043789148331 0.234385550022125 0.228727295994759 0.223069056868553 0.21821328997612 0.215764939785004 0.213316589593887 0.210868239402771 0.208419889211655 0.205971539020538 0.203523188829422 0.201074838638306 0.199227854609489 0.197581321001053 0.195934802293777 0.194288283586502 0.192641764879227 0.19099523127079 0.189348712563515 0.187150925397873 0.183299347758293 0.179447770118713 0.175596192479134 0.171744614839554 0.167893037199974 0.164041459560394 0.160189881920815 0.157424584031105 0.155021384358406
0.155144080519676 0.162836030125618 0.17052797973156 0.178219929337502 0.186219215393066 0.195140466094017 0.204061731696129 0.212982982397079 0.221904247999191 0.230825498700142 0.239746764302254 0.248668015003204 0.247582957148552 0.243162453174591 0.23874194920063 0.234321445226669 0.229900941252708 0.225480437278748 0.221059933304787 0.217388704419136 0.215965300798416 0.214541897177696 0.213118493556976 0.211695089936256 0.210271686315536 0.208848282694817 0.207424879074097 0.205282166600227 0.202899694442749 0.200517222285271 0.198134735226631 0.195752263069153 0.193369790911674 0.190987318754196 0.188218966126442 0.184292986989021 0.180367007851601 0.17644102871418 0.172515049576759 0.168589070439339 0.164663106203079 0.160737127065659 0.15792490541935 0.155483931303024
0.159614756703377 0.165862619876862 0.172110483050346 0.17835833132267 0.185064151883125 0.193143859505653 0.201223567128181 0.20930327475071 0.217382982373238 0.225462689995766 0.233542397618294 0.241622105240822 0.241313755512238 0.238209381699562 0.235105022788048 0.232000648975372 0.228896290063858 0.225791916251183 0.222687557339668 0.220124542713165 0.219185635447502 0.218246713280678 0.217307791113853 0.21636888384819 0.215429961681366 0.214491039514542 0.213552132248878 0.210982292890549 0.207868829369545 0.204755365848541 0.201641902327538 0.198528423905373 0.195414960384369 0.192301496863365 0.188963711261749 0.184952959418297 0.180942222476006 0.176931470632553 0.172920733690262 0.168909981846809 0.164899244904518 0.160888507962227 0.158151179552078 0.155838340520859
0.168706372380257 0.173799306154251 0.178892225027084 0.183985158801079 0.189527794718742 0.196419596672058 0.203311383724213 0.210203170776367 0.217094972729683 0.223986759781837 0.230878546833992 0.237770348787308 0.238210916519165 0.236501082777977 0.23479126393795 0.233081430196762 0.231371596455574 0.229661762714386 0.227951928973198 0.22642083466053 0.225425943732262 0.224431052803993 0.223436161875725 0.222441270947456 0.221446365118027 0.220451474189758 0.21945658326149 0.216328233480453 0.212488740682602 0.20864924788475 0.204809755086899 0.200970247387886 0.197130754590034 0.193291261792183 0.189385175704956 0.185279294848442 0.181173413991928 0.177067533135414 0.1729616522789 0.168855771422386 0.164749890565872 0.160644009709358 0.158103436231613 0.15608461201191
0.177797988057137 0.181735977530479 0.185673981904984 0.189611986279488 0.193991452455521 0.199695318937302 0.205399200320244 0.211103081703186 0.216806963086128 0.222510829567909 0.228214710950851 0.233918592333794 0.235108092427254 0.234792783856392 0.234477490186691 0.234162196516991 0.23384690284729 0.233531609177589 0.233216315507889 0.232717126607895 0.231666252017021 0.230615392327309 0.229564517736435 0.228513643145561 0.227462783455849 0.226411908864975 0.225361034274101 0.221674174070358 0.217108651995659 0.212543129920959 0.20797760784626 0.203412070870399 0.1988465487957 0.194281026721001 0.189806625247002 0.185605615377426 0.181404605507851 0.177203580737114 0.173002570867538 0.168801560997963 0.164600551128387 0.160399526357651 0.158055678009987 0.156330868601799
0.186889603734016 0.189672663807869 0.192455738782883 0.195238798856735 0.198455095291138 0.202971056103706 0.207487016916275 0.212002977728844 0.216518938541412 0.221034914255142 0.225550875067711 0.23006683588028 0.232005253434181 0.233084499835968 0.234163731336594 0.23524297773838 0.236322209239006 0.237401455640793 0.238480687141418 0.23901341855526 0.237906575202942 0.236799716949463 0.235692873597145 0.234586030244827 0.233479186892509 0.232372343540192 0.231265500187874 0.227020114660263 0.221728563308716 0.216437011957169 0.211145460605621 0.205853909254074 0.200562343001366 0.195270791649818 0.190228089690208 0.18593193590641 0.181635797023773 0.177339643239975 0.173043489456177 0.16874735057354 0.164451196789742 0.160155043005943 0.158007919788361 0.15657714009285
0.195981204509735 0.197609350085258 0.199237480759621 0.200865626335144 0.202918738126755 0.206246793270111 0.209574833512306 0.212902888655663 0.216230928897858 0.219558984041214 0.222887024283409 0.226215079426765 0.228902414441109 0.231376200914383 0.233849972486496 0.236323744058609 0.238797530531883 0.241271302103996 0.243745073676109 0.245309695601463 0.244146883487701 0.242984056472778 0.241821244359016 0.240658417344093 0.239495605230331 0.238332778215408 0.237169951200485 0.232366070151329 0.226348474621773 0.220330893993378 0.214313313364983 0.208295732736588 0.202278137207031 0.196260556578636 0.190649554133415 0.186258271336555 0.181866988539696 0.177475705742836 0.173084408044815 0.168693125247955 0.164301842451096 0.159910559654236 0.157960176467896 0.1568234115839
0.205072820186615 0.205546036362648 0.20601923763752 0.206492453813553 0.207382380962372 0.209522515535355 0.211662650108337 0.21380278468132 0.215942919254303 0.218083053827286 0.220223188400269 0.222363322973251 0.225799590349197 0.229667901992798 0.233536213636398 0.237404525279999 0.241272836923599 0.2451411485672 0.2490094602108 0.251605987548828 0.250387191772461 0.249168395996094 0.247949600219727 0.246730804443359 0.245512008666992 0.244293212890625 0.243074417114258 0.237712010741234 0.23096838593483 0.224224776029587 0.217481166124344 0.210737556219101 0.203993931412697 0.197250321507454 0.191071003675461 0.18658459186554 0.182098180055618 0.177611753344536 0.173125341534615 0.168638914823532 0.164152503013611 0.159666076302528 0.157912418246269 0.157069683074951
0.213508814573288 0.21277067065239 0.212032541632652 0.211294412612915 0.211043328046799 0.212253406643867 0.213463470339775 0.214673548936844 0.215883627533913 0.217093706130981 0.21830378472805 0.219513863325119 0.223407879471779 0.228196561336517 0.232985243201256 0.237773925065994 0.242562606930733 0.247351288795471 0.252139955759048 0.255402535200119 0.254086792469025 0.25277104973793 0.251455307006836 0.250139534473419 0.248823791742325 0.24750804901123 0.246192291378975 0.240576192736626 0.233526632189751 0.226477071642876 0.219427511096001 0.212377950549126 0.205328390002251 0.198278829455376 0.191830992698669 0.187188297510147 0.182545602321625 0.177902907133102 0.173260226845741 0.168617531657219 0.163974836468697 0.159332141280174 0.157728016376495 0.157136753201485
0.221289187669754 0.219283297657967 0.217277392745018 0.215271502733231 0.213901549577713 0.214439436793327 0.21497730910778 0.215515181422234 0.216053053736687 0.21659092605114 0.217128813266754 0.217666685581207 0.221727311611176 0.226962193846703 0.23219707608223 0.237431958317757 0.242666855454445 0.247901737689972 0.253136605024338 0.256699353456497 0.255245685577393 0.253791987895966 0.252338320016861 0.250884652137756 0.249430954456329 0.247977286577225 0.246523603796959 0.240958616137505 0.234023198485374 0.227087780833244 0.220152348279953 0.213216930627823 0.206281512975693 0.199346095323563 0.192929491400719 0.188069388270378 0.183209285140038 0.178349182009697 0.173489063978195 0.168628960847855 0.163768857717514 0.158908754587173 0.157406970858574 0.157024621963501
0.22906956076622 0.225795909762383 0.222522258758545 0.219248607754707 0.216759786009789 0.216625452041626 0.216491132974625 0.216356813907623 0.216222479939461 0.216088160872459 0.215953841805458 0.215819507837296 0.220046743750572 0.225727826356888 0.231408923864365 0.23709000647068 0.242771089076996 0.248452171683311 0.254133254289627 0.257996171712875 0.25640457868576 0.254812955856323 0.253221333026886 0.251629739999771 0.250038117170334 0.248446524143219 0.246854916214943 0.241341039538383 0.234519764780998 0.227698475122452 0.220877200365067 0.21405591070652 0.207234621047974 0.200413346290588 0.194028005003929 0.188950479030609 0.18387296795845 0.17879544198513 0.17371791601181 0.168640404939651 0.163562878966331 0.158485352993011 0.157085910439491 0.156912490725517
0.236849918961525 0.232308521866798 0.227767109870911 0.223225697875023 0.219618007540703 0.218811482191086 0.218004956841469 0.217198431491852 0.216391906142235 0.215585395693779 0.214778870344162 0.213972344994545 0.218366175889969 0.224493458867073 0.230620756745338 0.236748039722443 0.242875337600708 0.249002620577812 0.255129903554916 0.259292989969254 0.257563441991806 0.255833923816681 0.254104375839233 0.252374827861786 0.250645279884338 0.248915761709213 0.247186213731766 0.241723477840424 0.235016331076622 0.22830918431282 0.221602037549019 0.214894890785217 0.208187744021416 0.201480597257614 0.195126503705978 0.18983156979084 0.184536635875702 0.179241701960564 0.173946768045425 0.168651834130287 0.163356900215149 0.158061966300011 0.15676486492157 0.156800359487534
0.244630292057991 0.238821133971214 0.233011960983276 0.2272028028965 0.222476243972778 0.220997512340546 0.219518795609474 0.218040063977242 0.21656134724617 0.215082615613937 0.213603883981705 0.212125167250633 0.216685608029366 0.223259091377258 0.229832589626312 0.236406072974205 0.242979571223259 0.249553069472313 0.256126552820206 0.260589808225632 0.258722335100174 0.256854861974716 0.254987388849258 0.253119915723801 0.251252472400665 0.249384984374046 0.24751752614975 0.242105901241302 0.235512897372246 0.228919878602028 0.222326874732971 0.215733870863914 0.209140866994858 0.20254784822464 0.196225017309189 0.190712660551071 0.185200318694115 0.179687961935997 0.174175620079041 0.168663263320923 0.163150921463966 0.157638564705849 0.156443804502487 0.156688243150711
0.252410680055618 0.24533374607563 0.238256812095642 0.231179893016815 0.225334465503693 0.223183542490005 0.221032619476318 0.218881696462631 0.216730773448944 0.214579850435257 0.212428912520409 0.210277989506721 0.215005025267601 0.222024723887444 0.229044422507286 0.236064121127129 0.243083819746971 0.250103503465652 0.257123202085495 0.26188662648201 0.259881228208542 0.257875829935074 0.255870431661606 0.253865033388138 0.25185963511467 0.249854221940041 0.247848823666573 0.242488324642181 0.23600946366787 0.229530587792397 0.223051711916924 0.216572850942612 0.210093975067139 0.203615114092827 0.197323516011238 0.191593751311302 0.185863986611366 0.18013422191143 0.174404472112656 0.16867470741272 0.162944942712784 0.157215178012848 0.156122758984566 0.156576111912727
