data/working_set_collections/6091692-Cassins_Sparrow-M2/2010/frwlt_avg.asc
NCOLS 265 
NROWS 230 
XLLCORNER -115.5625 
YLLCORNER 24.8333333333333 
CELLSIZE 0.0833333333333333 
NODATA_value -9999 
[rows 100 to 119 of 230, columns 176 to 219 of 265]
0.661480247974396 0.664364099502563 0.667247951030731 0.664778649806976 0.646250069141388 0.627721428871155 0.609192848205566 0.590664267539978 0.572135627269745 0.553607046604156 0.535078465938568 0.509038686752319 0.480495154857635 0.451951652765274 0.423408150672913 0.394864618778229 0.366321116685867 0.337777614593506 0.312673717737198 0.29788875579834 0.283103793859482 0.268318831920624 0.253533869981766 0.238748922944069 0.223963961005211 0.209178999066353 0.200267791748047 0.193314492702484 0.186361208558083 0.17940790951252 0.172454625368118 0.165501326322556 0.158548027276993 0.1530941426754 0.152138441801071 0.151182740926743 0.150227040052414 0.149271339178085 0.148315638303757 0.147359952330589 0.146404251456261 0.164970710873604 0.190044552087784 0.215118393301964
0.669182002544403 0.674045383930206 0.678908824920654 0.67778080701828 0.658678710460663 0.639576613903046 0.620474517345428 0.601372420787811 0.582270264625549 0.563168168067932 0.544066071510315 0.516487061977386 0.486082345247269 0.455677658319473 0.425273001194 0.394868314266205 0.364463627338409 0.334058940410614 0.307574778795242 0.292852222919464 0.278129667043686 0.263407111167908 0.248684540390968 0.233961969614029 0.219239413738251 0.204516857862473 0.196383222937584 0.190445899963379 0.184508576989174 0.178571254014969 0.172633931040764 0.166696608066559 0.160759285092354 0.156074106693268 0.155145391821861 0.154216662049294 0.153287932276726 0.152359202504158 0.15143047273159 0.150501757860184 0.149573028087616 0.169183492660522 0.195640355348587 0.222097218036652
0.674511075019836 0.680045783519745 0.685580432415009 0.684909343719482 0.665620744228363 0.646332204341888 0.627043604850769 0.607755064964294 0.588466465473175 0.569177865982056 0.549889326095581 0.521705269813538 0.490556001663208 0.459406763315201 0.428257524967194 0.397108286619186 0.365959048271179 0.33480978012085 0.307726055383682 0.292838901281357 0.277951717376709 0.263064533472061 0.248177349567413 0.233290165662766 0.218402981758118 0.203515812754631 0.195974498987198 0.190881803631783 0.185789123177528 0.180696427822113 0.175603747367859 0.170511052012444 0.165418371558189 0.161539435386658 0.161301776766777 0.161064133048058 0.160826474428177 0.160588815808296 0.160351172089577 0.160113513469696 0.159875854849815 0.179405406117439 0.205524012446404 0.231642618775368
0.677467465400696 0.68236517906189 0.687262892723083 0.686164200305939 0.667076170444489 0.647988200187683 0.628900170326233 0.609812200069427 0.590724170207977 0.571636140346527 0.552548170089722 0.524693250656128 0.493916094303131 0.463138908147812 0.432361721992493 0.401584535837173 0.370807349681854 0.340030163526535 0.31312757730484 0.297848761081696 0.282569944858551 0.267291128635406 0.252012312412262 0.236733496189117 0.221454679965973 0.206175863742828 0.199041619896889 0.194622233510017 0.190202832221985 0.185783445835114 0.181364059448242 0.17694465816021 0.172525271773338 0.169490113854408 0.170607626438141 0.171725153923035 0.172842681407928 0.173960193991661 0.175077721476555 0.176195234060287 0.177312761545181 0.195636451244354 0.219695523381233 0.243754610419273
0.680423855781555 0.684684574604034 0.688945353031158 0.687419056892395 0.668531596660614 0.649644196033478 0.630756735801697 0.61186933517456 0.59298187494278 0.574094474315643 0.555207014083862 0.527681291103363 0.497276186943054 0.466871052980423 0.436465948820114 0.406060814857483 0.375655680894852 0.34525054693222 0.318529099225998 0.302858650684357 0.287188202142715 0.271517723798752 0.255847275257111 0.240176826715469 0.224506378173828 0.208835914731026 0.20210874080658 0.198362648487091 0.194616556167603 0.190870463848114 0.187124371528625 0.183378279209137 0.179632186889648 0.177440792322159 0.179913476109505 0.182386174798012 0.184858873486519 0.187331572175026 0.189804270863533 0.192276954650879 0.194749653339386 0.211867496371269 0.233867049217224 0.255866587162018
0.683380246162415 0.687004029750824 0.690627813339233 0.688673913478851 0.66998702287674 0.651300191879272 0.632613301277161 0.613926470279694 0.595239579677582 0.576552748680115 0.557865858078003 0.530669331550598 0.500636279582977 0.470603197813034 0.440570145845413 0.41053706407547 0.380504012107849 0.350470930337906 0.323930621147156 0.307868540287018 0.291806429624557 0.27574434876442 0.259682238101959 0.243620157241821 0.227558061480522 0.211495980620384 0.20517586171627 0.202103063464165 0.199030265212059 0.195957466959953 0.192884683609009 0.189811885356903 0.186739087104797 0.185391455888748 0.189219325780869 0.193047195672989 0.19687508046627 0.200702950358391 0.204530820250511 0.208358690142632 0.212186560034752 0.228098541498184 0.248038560152054 0.267978578805923
0.686336636543274 0.689323425292969 0.692310214042664 0.689928770065308 0.67144250869751 0.652956187725067 0.634469866752625 0.615983605384827 0.597497284412384 0.579011023044586 0.560524702072144 0.533657371997833 0.5039963722229 0.474335372447968 0.444674342870712 0.415013343095779 0.385352343320847 0.355691313743591 0.329332143068314 0.312878400087357 0.296424686908722 0.279970943927765 0.26351723074913 0.247063487768173 0.230609759688377 0.214156031608582 0.2082429677248 0.205843478441238 0.203443974256516 0.201044484972954 0.198644995689392 0.196245491504669 0.193846002221107 0.193342134356499 0.198525175452232 0.203708231449127 0.208891272544861 0.214074313640594 0.219257369637489 0.224440410733223 0.229623451828957 0.244329586625099 0.262210071086884 0.280090570449829
0.689293026924133 0.691642820835114 0.693992674350739 0.691183626651764 0.672897934913635 0.654612183570862 0.636326432228088 0.61804074048996 0.599754989147186 0.581469297409058 0.563183546066284 0.536645412445068 0.507356464862823 0.478067517280579 0.448778569698334 0.419489622116089 0.390200674533844 0.360911697149277 0.334733664989471 0.317888289690018 0.301042914390564 0.28419753909111 0.267352193593979 0.250506818294525 0.233661457896233 0.216816082596779 0.211310088634491 0.209583893418312 0.207857698202133 0.206131502985954 0.204405292868614 0.202679097652435 0.200952902436256 0.201292812824249 0.207831025123596 0.214369252324104 0.220907464623451 0.227445691823959 0.233983919024467 0.240522131323814 0.247060358524323 0.260560631752014 0.276381582021713 0.292202562093735
0.680202543735504 0.681309998035431 0.682417452335358 0.678832530975342 0.661170721054077 0.643508851528168 0.625847041606903 0.608185172080994 0.590523302555084 0.57286149263382 0.55519962310791 0.529935002326965 0.502136051654816 0.474337130784988 0.446538180112839 0.418739259243011 0.390940338373184 0.363141417503357 0.338118880987167 0.321425557136536 0.304732203483582 0.28803887963295 0.271345555782318 0.254652202129364 0.237958878278732 0.221265554428101 0.216573938727379 0.215882897377014 0.215191856026649 0.214500814676285 0.21380977332592 0.213118731975555 0.212427690625191 0.213864684104919 0.221685767173767 0.229506850242615 0.237327933311462 0.24514901638031 0.252970099449158 0.260791182518005 0.268612265586853 0.280166625976562 0.292965412139893 0.305764198303223
0.659065306186676 0.658324897289276 0.657584488391876 0.652875542640686 0.636260867118835 0.619646191596985 0.603031575679779 0.586416900157928 0.569802224636078 0.553187608718872 0.536572933197021 0.513526082038879 0.488335132598877 0.463144183158875 0.437953233718872 0.41276228427887 0.387571334838867 0.362380415201187 0.339487791061401 0.323490172624588 0.307492554187775 0.291494935750961 0.275497287511826 0.259499669075012 0.243502050638199 0.227504432201385 0.224034518003464 0.224740490317345 0.225446462631226 0.226152449846268 0.226858422160149 0.22756439447403 0.228270381689072 0.23105776309967 0.240089401602745 0.24912104010582 0.258152663707733 0.267184317111969 0.276215940713882 0.285247564315796 0.294279217720032 0.303147584199905 0.311961561441422 0.320775538682938
0.637928068637848 0.635339856147766 0.63275158405304 0.626918494701385 0.611351013183594 0.595783591270447 0.580216109752655 0.564648628234863 0.549081146717072 0.533513724803925 0.517946243286133 0.497117161750793 0.474534183740616 0.451951235532761 0.429368287324905 0.406785309314728 0.384202361106873 0.361619412899017 0.340856701135635 0.32555478811264 0.310252875089645 0.29495096206665 0.279649049043655 0.26434713602066 0.249045222997665 0.23374330997467 0.231495082378387 0.233598083257675 0.235701069235802 0.237804070115089 0.239907070994377 0.242010056972504 0.244113057851791 0.248250856995583 0.258493036031723 0.268735229969025 0.278977394104004 0.289219588041306 0.299461781978607 0.309703946113586 0.319946140050888 0.326128542423248 0.33095771074295 0.33578684926033
0.61679083108902 0.612354755401611 0.607918620109558 0.60096150636673 0.586441218852997 0.571920931339264 0.557400643825531 0.542880356311798 0.528360068798065 0.513839840888977 0.499319553375244 0.480708241462708 0.460733264684677 0.440758287906647 0.420783311128616 0.400808334350586 0.380833387374878 0.360858410596848 0.342225611209869 0.327619433403015 0.313013225793839 0.298407018184662 0.283800810575485 0.269194602966309 0.254588395357132 0.239982202649117 0.238955661654472 0.242455676198006 0.245955690741539 0.249455690383911 0.252955704927444 0.256455719470978 0.259955734014511 0.265443921089172 0.27689665555954 0.288349390029907 0.299802154302597 0.311254888772964 0.322707623243332 0.334160357713699 0.345613092184067 0.349109530448914 0.349953860044479 0.350798189640045
0.595653593540192 0.589369654655457 0.583085715770721 0.575004458427429 0.561531364917755 0.548058271408081 0.534585177898407 0.521112084388733 0.507638990879059 0.494165927171707 0.480692833662033 0.464299321174622 0.446932345628738 0.429565340280533 0.41219836473465 0.394831389188766 0.377464383840561 0.360097408294678 0.343594551086426 0.329684048891068 0.315773546695709 0.301863044500351 0.287952572107315 0.274042069911957 0.260131567716599 0.246221080422401 0.246416226029396 0.251313269138336 0.256210297346115 0.261107325553894 0.266004353761673 0.270901381969452 0.275798410177231 0.282637000083923 0.295300304889679 0.307963579893112 0.320626884698868 0.333290159702301 0.345953434705734 0.35861673951149 0.371280014514923 0.372090488672256 0.368950009346008 0.365809500217438
0.574516355991364 0.566384553909302 0.55825275182724 0.549047410488129 0.536621510982513 0.524195611476898 0.511769711971283 0.49934384226799 0.486917942762375 0.47449204325676 0.462066143751144 0.447890400886536 0.4331314265728 0.418372422456741 0.403613418340683 0.388854414224625 0.374095410108566 0.359336405992508 0.34496346116066 0.33174866437912 0.318533897399902 0.305319100618362 0.292104303836823 0.278889536857605 0.265674740076065 0.252459973096848 0.253876805305481 0.260170847177505 0.26646488904953 0.272758960723877 0.279053002595901 0.285347044467926 0.291641086339951 0.299830108880997 0.313703924417496 0.327577769756317 0.341451615095139 0.355325430631638 0.369199275970459 0.38307312130928 0.396946966648102 0.395071446895599 0.387946128845215 0.380820840597153
0.560738563537598 0.551796436309814 0.542854309082031 0.533278465270996 0.521801352500916 0.510324239730835 0.498847126960754 0.487370014190674 0.475892901420593 0.464415818452835 0.452938705682755 0.440159767866135 0.426946938037872 0.413734078407288 0.400521218776703 0.387308359146118 0.374095529317856 0.360882669687271 0.347717225551605 0.334694027900696 0.321670830249786 0.308647632598877 0.295624434947968 0.282601237297058 0.269578039646149 0.256554841995239 0.258787393569946 0.266105234622955 0.273423045873642 0.280740857124329 0.288058698177338 0.295376509428024 0.302694320678711 0.311909437179565 0.326816439628601 0.341723442077637 0.356630444526672 0.371537446975708 0.386444449424744 0.401351451873779 0.416258454322815 0.412700802087784 0.402988255023956 0.393275737762451
0.554320216178894 0.545605301856995 0.536890387535095 0.527697503566742 0.517070770263672 0.506444096565247 0.495817363262177 0.485190629959106 0.474563926458359 0.463937222957611 0.453310519456863 0.441107422113419 0.428378880023956 0.415650337934494 0.402921825647354 0.390193283557892 0.37746474146843 0.364736199378967 0.351855844259262 0.338520109653473 0.325184375047684 0.311848640441895 0.298512905836105 0.285177171230316 0.271841436624527 0.258505702018738 0.261148035526276 0.269116371870041 0.277084708213806 0.285053074359894 0.293021410703659 0.300989776849747 0.308958113193512 0.318875074386597 0.334637850522995 0.350400626659393 0.366163402795792 0.38192617893219 0.397688925266266 0.413451701402664 0.429214477539062 0.42497855424881 0.41407635807991 0.403174191713333
0.54790186882019 0.539414167404175 0.530926406383514 0.522116541862488 0.512340247631073 0.502563893795013 0.492787599563599 0.483011275529861 0.473234951496124 0.463458627462387 0.45368230342865 0.442055076360703 0.429810851812363 0.417566627264023 0.405322402715683 0.393078178167343 0.380833953619003 0.368589729070663 0.355994492769241 0.342346221208572 0.328697949647903 0.315049648284912 0.301401376724243 0.287753105163574 0.274104833602905 0.260456562042236 0.263508647680283 0.272127509117126 0.280746400356293 0.289365261793137 0.297984153032303 0.306603014469147 0.315221905708313 0.325840711593628 0.342459231615067 0.359077781438828 0.375696331262589 0.39231488108635 0.40893343091011 0.425551980733871 0.442170530557632 0.437256306409836 0.425164461135864 0.413072645664215
0.541483581066132 0.533223032951355 0.524962484836578 0.516535580158234 0.507609665393829 0.498683750629425 0.489757806062698 0.480831891298294 0.47190597653389 0.462980061769485 0.454054117202759 0.443002700805664 0.431242793798447 0.419482886791229 0.407722979784012 0.395963072776794 0.384203165769577 0.37244325876236 0.360133111476898 0.34617230296135 0.332211494445801 0.318250685930252 0.304289877414703 0.290329039096832 0.276368230581284 0.262407422065735 0.26586925983429 0.275138676166534 0.284408062696457 0.293677479028702 0.302946895360947 0.312216281890869 0.321485698223114 0.332806318998337 0.35028064250946 0.367754966020584 0.385229289531708 0.402703613042831 0.420177936553955 0.437652260065079 0.45512655377388 0.449534028768539 0.436252564191818 0.422971099615097
0.535065233707428 0.527031898498535 0.518998503684998 0.51095461845398 0.502879083156586 0.494803577661514 0.48672804236412 0.478652507066727 0.470577001571655 0.462501466274261 0.454425930976868 0.443950355052948 0.432674765586853 0.421399176120758 0.410123586654663 0.398847967386246 0.387572377920151 0.376296788454056 0.364271759986877 0.349998384714127 0.335725039243698 0.32145169377327 0.307178348302841 0.292905002832413 0.278631627559662 0.264358282089233 0.268229901790619 0.27814981341362 0.288069754838943 0.297989696264267 0.307909607887268 0.317829549312592 0.327749490737915 0.339771956205368 0.358102053403854 0.376432150602341 0.394762217998505 0.413092315196991 0.431422412395477 0.449752509593964 0.46808260679245 0.461811780929565 0.447340667247772 0.432869553565979
0.528646886348724 0.520840704441071 0.513034582138062 0.505373656749725 0.498148560523987 0.490923404693604 0.483698278665543 0.476473152637482 0.469248026609421 0.462022870779037 0.454797744750977 0.444898009300232 0.434106707572937 0.423315435647964 0.412524163722992 0.401732891798019 0.390941590070724 0.380150318145752 0.368410378694534 0.353824496269226 0.339238613843918 0.324652701616287 0.310066819190979 0.295480936765671 0.28089502453804 0.266309142112732 0.270590513944626 0.281160980463028 0.29173144698143 0.30230188369751 0.312872350215912 0.323442816734314 0.334013253450394 0.346737563610077 0.365923434495926 0.385109305381775 0.404295176267624 0.423481047153473 0.442666918039322 0.461852788925171 0.48103865981102 0.474089533090591 0.458428770303726 0.442768007516861
