data/working_set_collections/6091692-Cassins_Sparrow-M2/2010/frwlt_avg.asc
NCOLS 265 
NROWS 230 
XLLCORNER -115.5625 
YLLCORNER 24.8333333333333 
CELLSIZE 0.0833333333333333 
NODATA_value -9999 
[rows 60 to 79 of 230, columns 0 to 43 of 265]
0.766822338104248 0.754414081573486 0.742005884647369 0.729597687721252 0.717189431190491 0.704781234264374 0.692373037338257 0.68513697385788 0.679625034332275 0.674113035202026 0.668601036071777 0.663089096546173 0.657577097415924 0.65206515789032 0.650026619434357 0.658408522605896 0.666790425777435 0.675172328948975 0.683554232120514 0.691936135292053 0.700317978858948 0.708699882030487 0.711798667907715 0.713136374950409 0.714474081993103 0.715811789035797 0.717149555683136 0.71848726272583 0.719824969768524 0.717085361480713 0.702113747596741 0.687142193317413 0.672170579433441 0.657199025154114 0.642227411270142 0.627255856990814 0.612284243106842 0.596931397914886 0.58145147562027 0.565971553325653 0.550491631031036 0.53501170873642 0.519531786441803 0.504051864147186
0.783381521701813 0.770782351493835 0.758183181285858 0.745584011077881 0.732984900474548 0.720385730266571 0.707786560058594 0.700136482715607 0.694136142730713 0.688135802745819 0.68213540315628 0.676135063171387 0.670134723186493 0.664134323596954 0.661377489566803 0.668351113796234 0.675324738025665 0.682298421859741 0.689272046089172 0.696245670318604 0.703219294548035 0.710192978382111 0.710643470287323 0.708919584751129 0.70719575881958 0.705471873283386 0.703747987747192 0.702024161815643 0.70030027627945 0.694769620895386 0.677818417549133 0.660867273807526 0.643916070461273 0.626964926719666 0.610013723373413 0.593062579631805 0.576111376285553 0.56341677904129 0.552141070365906 0.540865361690521 0.529589653015137 0.518313944339752 0.507038235664368 0.495762497186661
0.799940705299377 0.787150621414185 0.774360477924347 0.761570394039154 0.748780310153961 0.735990226268768 0.723200082778931 0.715135991573334 0.70864725112915 0.702158510684967 0.695669770240784 0.6891810297966 0.682692289352417 0.676203548908234 0.672728300094604 0.678293704986572 0.68385910987854 0.689424455165863 0.694989860057831 0.700555264949799 0.706120610237122 0.711686015129089 0.709488272666931 0.704702854156494 0.699917376041412 0.695131957530975 0.690346479415894 0.685561060905457 0.68077564239502 0.672453820705414 0.653523087501526 0.634592294692993 0.615661561489105 0.596730768680573 0.577800035476685 0.558869302272797 0.539938509464264 0.529902219772339 0.522830665111542 0.515759170055389 0.508687674999237 0.50161612033844 0.494544625282288 0.487473130226135
0.816499888896942 0.803518831729889 0.79053783416748 0.777556777000427 0.764575719833374 0.751594662666321 0.738613665103912 0.730135560035706 0.723158419132233 0.71618127822876 0.709204137325287 0.702226996421814 0.695249855518341 0.688272714614868 0.684079170227051 0.68823629617691 0.69239342212677 0.69655054807663 0.700707674026489 0.704864799976349 0.709021985530853 0.713179111480713 0.708333075046539 0.700486063957214 0.692639052867889 0.684792041778564 0.676944971084595 0.66909795999527 0.661250948905945 0.650138080120087 0.629227757453918 0.608317375183105 0.587407052516937 0.566496670246124 0.545586347579956 0.524676024913788 0.503765642642975 0.49638757109642 0.4935202896595 0.490652978420258 0.487785667181015 0.484918355941772 0.482051074504852 0.47918376326561
0.833059072494507 0.819887101650238 0.806715130805969 0.7935431599617 0.780371129512787 0.767199158668518 0.754027187824249 0.745135068893433 0.73766952753067 0.730203986167908 0.72273850440979 0.715272963047028 0.707807421684265 0.700341939926147 0.695429980754852 0.698178887367249 0.700927734375 0.703676640987396 0.706425547599792 0.709174394607544 0.71192330121994 0.714672148227692 0.707177937030792 0.696269333362579 0.685360670089722 0.674452066421509 0.663543462753296 0.652634859085083 0.64172625541687 0.62782233953476 0.604932367801666 0.582042455673218 0.559152543544769 0.536262571811676 0.513372659683228 0.490482717752457 0.467592775821686 0.462872982025146 0.464209884405136 0.465546786785126 0.466883689165115 0.468220591545105 0.469557493925095 0.470894396305084
0.849618256092072 0.836255371570587 0.822892427444458 0.809529483318329 0.796166598796844 0.782803654670715 0.769440710544586 0.76013457775116 0.752180635929108 0.7442267537117 0.736272871494293 0.728318929672241 0.720365047454834 0.712411105632782 0.706780850887299 0.708121478557587 0.709462106227875 0.710802733898163 0.712143361568451 0.713483989238739 0.714824616909027 0.716165244579315 0.7060227394104 0.6920525431633 0.678082346916199 0.664112150669098 0.650141954421997 0.636171758174896 0.622201561927795 0.605506539344788 0.580637037754059 0.55576753616333 0.530897974967957 0.506028473377228 0.481158971786499 0.456289440393448 0.431419938802719 0.42935836315155 0.434899479150772 0.440440595149994 0.445981711149216 0.451522797346115 0.457063913345337 0.462605029344559
0.860946357250214 0.847682654857635 0.834418952465057 0.821155250072479 0.807891607284546 0.794627904891968 0.78136420249939 0.771705150604248 0.763247668743134 0.754790186882019 0.746332764625549 0.737875282764435 0.72941780090332 0.720960319042206 0.714562714099884 0.714344501495361 0.714126348495483 0.713908195495605 0.713689982891083 0.713471829891205 0.713253676891327 0.713035464286804 0.701385259628296 0.685924351215363 0.670463442802429 0.655002593994141 0.639541685581207 0.624080777168274 0.608619868755341 0.590644419193268 0.565125226974487 0.539606034755707 0.514086842536926 0.488567650318146 0.463048428297043 0.437529236078262 0.412010043859482 0.41247034072876 0.421590447425842 0.430710524320602 0.439830631017685 0.448950737714767 0.45807084441185 0.467190951108932
0.867043375968933 0.854169070720673 0.841294765472412 0.828420460224152 0.815546154975891 0.802671849727631 0.78979754447937 0.779846787452698 0.770870566368103 0.761894404888153 0.752918183803558 0.743941962718964 0.734965801239014 0.725989580154419 0.718775510787964 0.716848015785217 0.714920520782471 0.712992966175079 0.711065471172333 0.709137976169586 0.707210421562195 0.705282926559448 0.693265497684479 0.677884757518768 0.662504076957703 0.647123336791992 0.631742596626282 0.616361916065216 0.600981175899506 0.583235919475555 0.558396935462952 0.533557951450348 0.508719027042389 0.483880043029785 0.459041088819504 0.4342021048069 0.409363150596619 0.412208825349808 0.424282729625702 0.436356633901596 0.448430508375168 0.460504412651062 0.472578316926956 0.484652191400528
0.873140335083008 0.860655426979065 0.848170518875122 0.835685610771179 0.823200702667236 0.810715794563293 0.798230886459351 0.787988424301147 0.778493523597717 0.768998563289642 0.759503602981567 0.750008702278137 0.740513741970062 0.731018781661987 0.722988367080688 0.719351530075073 0.715714633464813 0.712077796459198 0.708440959453583 0.704804062843323 0.701167225837708 0.697530388832092 0.685145735740662 0.669845223426819 0.654544651508331 0.639244139194489 0.623943567276001 0.608643054962158 0.593342483043671 0.575827419757843 0.551668643951416 0.527509927749634 0.503351211547852 0.479192465543747 0.455033719539642 0.43087500333786 0.406716257333755 0.411947339773178 0.426975011825562 0.442002713680267 0.457030385732651 0.472058087587357 0.48708575963974 0.502113461494446
0.879237353801727 0.867141842842102 0.855046272277832 0.842950761318207 0.830855250358582 0.818759739398956 0.806664228439331 0.796130061149597 0.786116421222687 0.776102721691132 0.766089081764221 0.756075382232666 0.746061682701111 0.7360480427742 0.727201223373413 0.721855044364929 0.7165088057518 0.711162626743317 0.705816388130188 0.700470209121704 0.69512403011322 0.689777791500092 0.677025973796844 0.661805629730225 0.64658522605896 0.63136488199234 0.61614453792572 0.600924134254456 0.585703790187836 0.568418860435486 0.54494035243988 0.52146190404892 0.497983366250992 0.474504858255386 0.451026380062103 0.427547872066498 0.404069364070892 0.411685854196548 0.429667323827744 0.447648793458939 0.465630263090134 0.483611732721329 0.501593232154846 0.519574701786041
0.885334312915802 0.873628199100494 0.861922085285187 0.850215971469879 0.838509798049927 0.826803684234619 0.815097570419312 0.804271757602692 0.793739318847656 0.783206939697266 0.77267450094223 0.762142062187195 0.751609683036804 0.741077244281769 0.731414079666138 0.72435849905014 0.717302978038788 0.710247457027435 0.703191876411438 0.696136355400085 0.689080774784088 0.682025253772736 0.668906211853027 0.65376603603363 0.638625860214233 0.623485624790192 0.608345448970795 0.593205273151398 0.578065097332001 0.561010360717773 0.53821212053299 0.515413820743561 0.492615550756454 0.469817280769348 0.447019010782242 0.424220740795135 0.401422470808029 0.411424338817596 0.432359606027603 0.45329487323761 0.474230140447617 0.495165407657623 0.516100645065308 0.537035942077637
0.891431331634521 0.880114555358887 0.868797838687897 0.857481122016907 0.846164405345917 0.834847629070282 0.823530912399292 0.812413394451141 0.801362216472626 0.790311098098755 0.779259920120239 0.768208801746368 0.757157623767853 0.746106505393982 0.735626935958862 0.726862013339996 0.718097150325775 0.709332227706909 0.700567364692688 0.691802442073822 0.683037579059601 0.67427271604538 0.66078644990921 0.645726442337036 0.630666434764862 0.615606427192688 0.600546419620514 0.58548641204834 0.570426344871521 0.553601861000061 0.531483829021454 0.509365797042847 0.487247735261917 0.46512970328331 0.44301164150238 0.420893609523773 0.398775577545166 0.411162853240967 0.435051918029785 0.458940953016281 0.4828300178051 0.506719052791595 0.530608117580414 0.554497182369232
0.896508395671844 0.885628283023834 0.874748110771179 0.863867938518524 0.852987825870514 0.842107653617859 0.831227481365204 0.820014655590057 0.808690965175629 0.797367215156555 0.786043524742126 0.774719774723053 0.76339602470398 0.752072334289551 0.740932941436768 0.730346620082855 0.719760358333588 0.709174036979675 0.698587715625763 0.688001453876495 0.677415132522583 0.666828811168671 0.653263747692108 0.638705670833588 0.624147653579712 0.609589636325836 0.595031559467316 0.58047354221344 0.565915524959564 0.549740254878998 0.528713464736938 0.507686614990234 0.486659795045853 0.465632975101471 0.444606155157089 0.423579335212708 0.402552515268326 0.416951715946198 0.443159580230713 0.469367414712906 0.495575278997421 0.521783113479614 0.54799097776413 0.574198842048645
0.90056562423706 0.890169262886047 0.879772901535034 0.869376480579376 0.858980119228363 0.848583698272705 0.838187336921692 0.827075660228729 0.81572550535202 0.804375350475311 0.793025195598602 0.781675040721893 0.770324885845184 0.758974730968475 0.747332155704498 0.734812378883362 0.722292602062225 0.709772825241089 0.697252988815308 0.684733211994171 0.672213435173035 0.659693658351898 0.646337985992432 0.632703721523285 0.619069457054138 0.605435252189636 0.59180098772049 0.578166723251343 0.564532458782196 0.549425601959229 0.529900968074799 0.510376393795013 0.490851759910583 0.471327155828476 0.451802551746368 0.432277917861938 0.412753313779831 0.428790926933289 0.456682592630386 0.484574258327484 0.51246589422226 0.54035758972168 0.568249225616455 0.596140921115875
0.904622852802277 0.89471024274826 0.884797632694244 0.874885022640228 0.864972412586212 0.855059802532196 0.84514719247818 0.834136605262756 0.822759985923767 0.811383426189423 0.800006866455078 0.788630306720734 0.777253687381744 0.7658771276474 0.753731369972229 0.739278137683868 0.724824845790863 0.710371553897858 0.695918262004852 0.681465029716492 0.667011737823486 0.652558445930481 0.6394122838974 0.626701831817627 0.613991320133209 0.601280868053436 0.588570356369019 0.575859844684601 0.563149392604828 0.549110949039459 0.531088531017303 0.513066112995148 0.495043724775314 0.477021306753159 0.458998918533325 0.440976500511169 0.422954112291336 0.440630108118057 0.47020560503006 0.49978107213974 0.52935653924942 0.5589320063591 0.588507533073425 0.618083000183105
0.908680081367493 0.899251222610474 0.889822363853455 0.88039356470108 0.870964705944061 0.861535847187042 0.852106988430023 0.841197550296783 0.829794526100159 0.818391561508179 0.806988537311554 0.795585513114929 0.784182548522949 0.772779524326324 0.76013058423996 0.74374383687973 0.727357089519501 0.710970342159271 0.694583594799042 0.678196787834167 0.661810040473938 0.645423293113708 0.632486581802368 0.620699882507324 0.60891318321228 0.597126483917236 0.585339725017548 0.573553025722504 0.56176632642746 0.548796236515045 0.532276034355164 0.515755891799927 0.499235659837723 0.482715487480164 0.466195285320282 0.4496750831604 0.433154910802841 0.452469319105148 0.483728617429733 0.514987885951996 0.546247184276581 0.577506482601166 0.608765780925751 0.640025079250336
0.912737309932709 0.903792202472687 0.89484715461731 0.885902047157288 0.87695699930191 0.868011891841888 0.859066843986511 0.84825849533081 0.83682906627655 0.82539963722229 0.81397020816803 0.80254077911377 0.791111350059509 0.779681921005249 0.76652979850769 0.748209595680237 0.729889333248138 0.71156907081604 0.693248867988586 0.674928605556488 0.65660834312439 0.638288140296936 0.625560879707336 0.614697933197021 0.603834986686707 0.592972099781036 0.582109153270721 0.571246206760406 0.560383260250092 0.548481583595276 0.533463597297668 0.518445611000061 0.503427624702454 0.488409638404846 0.473391652107239 0.458373665809631 0.443355679512024 0.464308530092239 0.497251629829407 0.530194699764252 0.563137829303741 0.596080899238586 0.629024028778076 0.661967158317566
0.916794538497925 0.908333241939545 0.89987188577652 0.89141058921814 0.88294929265976 0.874487996101379 0.866026639938354 0.855319440364838 0.843863606452942 0.832407772541046 0.820951879024506 0.80949604511261 0.798040211200714 0.786584377288818 0.772929012775421 0.752675294876099 0.732421576976776 0.712167859077454 0.691914141178131 0.671660423278809 0.651406645774841 0.631152927875519 0.618635177612305 0.608695983886719 0.598756849765778 0.588817715644836 0.57887852191925 0.568939387798309 0.559000253677368 0.548166930675507 0.534651160240173 0.52113538980484 0.507619559764862 0.494103819131851 0.480588018894196 0.467072248458862 0.453556478023529 0.476147711277008 0.510774612426758 0.545401573181152 0.580028474330902 0.614655375480652 0.649282276630402 0.683909177780151
0.919150948524475 0.911441087722778 0.903731286525726 0.89602142572403 0.888311624526978 0.880601823329926 0.872891962528229 0.862752914428711 0.851804137229919 0.840855360031128 0.829906582832336 0.8189577460289 0.808008968830109 0.797060191631317 0.783873379230499 0.763972580432892 0.744071841239929 0.724171042442322 0.704270243644714 0.684369444847107 0.664468705654144 0.644567906856537 0.631855845451355 0.621539950370789 0.611224114894867 0.600908279418945 0.590592443943024 0.580276608467102 0.56996077299118 0.558986663818359 0.546037912368774 0.533089101314545 0.52014034986496 0.50719153881073 0.494242787361145 0.481294006109238 0.46834522485733 0.491528034210205 0.526754677295685 0.561981379985809 0.597208023071289 0.632434725761414 0.667661368846893 0.702888071537018
0.91980654001236 0.913115918636322 0.906425297260284 0.899734675884247 0.893043994903564 0.886353373527527 0.879662752151489 0.87055891752243 0.860650658607483 0.850742399692535 0.840834200382233 0.830925941467285 0.821017682552338 0.81110942363739 0.799362897872925 0.782101452350616 0.764840066432953 0.747578620910645 0.730317234992981 0.713055849075317 0.695794403553009 0.678533017635345 0.665222883224487 0.653229892253876 0.641236901283264 0.629243850708008 0.617250859737396 0.605257868766785 0.593264877796173 0.580940842628479 0.567623853683472 0.554306864738464 0.540989875793457 0.52767288684845 0.514355897903442 0.501038908958435 0.487721920013428 0.510449469089508 0.545191824436188 0.579934179782867 0.614676535129547 0.649418950080872 0.684161305427551 0.718903660774231
