data/working_set_collections/6091692-Cassins_Sparrow-M2/2010/ghland_avg.asc
NCOLS 265 
NROWS 230 
XLLCORNER -115.5625 
YLLCORNER 24.8333333333333 
CELLSIZE 0.0833333333333333 
NODATA_value -9999 
[rows 114 to 132 of 230, columns 88 to 131 of 265]
0.129540249705315 0.125196561217308 0.116621263325214 0.108045972883701 0.0994706824421883 0.0908953845500946 0.0823200941085815 0.0737448036670685 0.0651695132255554 0.078369528055191 0.0988279804587364 0.119286432862282 0.139744877815247 0.160203337669373 0.180661782622337 0.201120242476463 0.216313078999519 0.215709075331688 0.215105056762695 0.214501053094864 0.213897049427032 0.213293045759201 0.21268904209137 0.212085023522377 0.209577172994614 0.206434696912766 0.203292220830917 0.200149744749069 0.19700725376606 0.193864777684212 0.190722301602364 0.187185510993004 0.182465746998787 0.177745997905731 0.173026248812675 0.168306484818459 0.163586735725403 0.158866971731186 0.15414722263813 0.153636202216148 0.154528081417084 0.15541997551918 0.156311854720116 0.157203748822212
0.124811448156834 0.121281772851944 0.111605070531368 0.101928368210793 0.0922516584396362 0.0825749561190605 0.0728982537984848 0.0632215514779091 0.0535448454320431 0.0673429816961288 0.0889660641551018 0.110589146614075 0.132212221622467 0.153835311532021 0.175458386540413 0.197081476449966 0.213278144598007 0.21319554746151 0.213112950325012 0.213030368089676 0.212947770953178 0.212865173816681 0.212782591581345 0.212699994444847 0.209177538752556 0.204508453607559 0.199839368462563 0.195170283317566 0.190501198172569 0.185832113027573 0.181163027882576 0.177124917507172 0.174979776144028 0.172834634780884 0.170689478516579 0.168544337153435 0.166399195790291 0.164254054427147 0.162108913064003 0.16255883872509 0.163873806595802 0.165188759565353 0.166503727436066 0.167818680405617
0.120082661509514 0.11736699193716 0.106588877737522 0.0958107560873032 0.0850326418876648 0.0742545276880264 0.0634764060378075 0.0526982918381691 0.0419201739132404 0.0563164316117764 0.0791041478514671 0.101891860365868 0.124679572880268 0.147467285394669 0.170254990458488 0.19304271042347 0.210243195295334 0.210682019591331 0.211120843887329 0.211559668183327 0.211998492479324 0.212437316775322 0.21287614107132 0.213314965367317 0.208777904510498 0.202582210302353 0.196386516094208 0.190190821886063 0.183995127677917 0.177799433469772 0.171603739261627 0.167064324021339 0.167493790388107 0.167923256754875 0.168352723121643 0.168782189488411 0.169211655855179 0.169641122221947 0.170070588588715 0.171481490135193 0.17321951687336 0.174957543611526 0.176695585250854 0.178433611989021
0.115353867411613 0.113452211022377 0.101572677493095 0.0896931514143944 0.0778136253356934 0.0659340918064117 0.0540545657277107 0.0421750359237194 0.0302955061197281 0.0452898815274239 0.0692422240972519 0.0931945666670799 0.117146916687489 0.141099259257317 0.165051594376564 0.189003944396973 0.207208260893822 0.208168506622314 0.209128737449646 0.210088983178139 0.21104921400547 0.212009459733963 0.212969690561295 0.213929936289787 0.20837827026844 0.200655966997147 0.192933663725853 0.185211360454559 0.177489057183266 0.169766753911972 0.162044450640678 0.157003745436668 0.160007819533348 0.163011893630028 0.166015967726707 0.169020056724548 0.172024130821228 0.175028204917908 0.178032279014587 0.180404126644135 0.182565242052078 0.184726342558861 0.186887443065643 0.189048543572426
0.110625080764294 0.109537430107594 0.0965564846992493 0.0835755467414856 0.0705946013331413 0.0576136633753777 0.0446327216923237 0.0316517800092697 0.0186708383262157 0.0342633314430714 0.0593803077936172 0.0844972804188728 0.109614253044128 0.134731233119965 0.15984819829464 0.184965178370476 0.20417332649231 0.205654978752136 0.207136631011963 0.20861828327179 0.210099935531616 0.211581587791443 0.21306324005127 0.214544892311096 0.207978636026382 0.19872972369194 0.189480811357498 0.180231899023056 0.170982986688614 0.161734074354172 0.15248516201973 0.146943151950836 0.152521848678589 0.15810053050518 0.163679212331772 0.169257909059525 0.174836590886116 0.180415287613869 0.18599396944046 0.189326778054237 0.191910952329636 0.194495126605034 0.197079315781593 0.199663490056992
0.105896286666393 0.10562264919281 0.0915402919054031 0.0774579346179962 0.0633755847811699 0.0492932312190533 0.0352108776569366 0.0211285222321749 0.00704616867005825 0.023236783221364 0.0495183877646923 0.0757999941706657 0.102081596851349 0.128363206982613 0.154644802212715 0.180926412343979 0.201138392090797 0.203141450881958 0.20514452457428 0.207147598266602 0.209150657057762 0.211153730750084 0.213156804442406 0.215159863233566 0.207579001784325 0.196803480386734 0.186027958989143 0.175252437591553 0.164476916193962 0.153701394796371 0.142925873398781 0.136882558465004 0.145035862922668 0.153189167380333 0.161342456936836 0.169495761394501 0.177649065852165 0.185802355408669 0.193955659866333 0.19824942946434 0.201256677508354 0.204263925552368 0.207271173596382 0.210278421640396
0.097275048494339 0.0982475578784943 0.0850353837013245 0.0718232169747353 0.0586110465228558 0.0453988760709763 0.0321867056190968 0.0189745333045721 0.00576236238703132 0.0229040365666151 0.0501636601984501 0.0774232819676399 0.10468290746212 0.13194252550602 0.15920215845108 0.18646177649498 0.20752127468586 0.209980398416519 0.212439522147179 0.214898660778999 0.217357784509659 0.219816908240318 0.222276031970978 0.224735155701637 0.215189322829247 0.201641827821732 0.188094347715378 0.174546852707863 0.160999372601509 0.147451877593994 0.13390439748764 0.126030117273331 0.135175481438637 0.144320845603943 0.153466194868088 0.162611559033394 0.1717569231987 0.180902287364006 0.190047651529312 0.195462062954903 0.199632838368416 0.203803613781929 0.207974374294281 0.212145149707794
0.0847613587975502 0.0874121636152267 0.0770417749881744 0.0666713789105415 0.0563009865581989 0.0459305942058563 0.0355602018535137 0.0251898113638163 0.0148194180801511 0.0332650914788246 0.0613161213696003 0.089367151260376 0.117418184876442 0.145469218492508 0.173520237207413 0.201571270823479 0.223322004079819 0.22617182135582 0.229021653532982 0.231871470808983 0.234721302986145 0.237571120262146 0.240420952439308 0.243270769715309 0.230809614062309 0.213244795799255 0.195679977536201 0.178115159273148 0.160550341010094 0.14298552274704 0.125420704483986 0.114385806024075 0.122940681874752 0.131495550274849 0.140050426125526 0.148605301976204 0.157160177826881 0.165715053677559 0.174269929528236 0.180964708328247 0.187039449810982 0.193114191293716 0.199188932776451 0.205263674259186
0.0722476691007614 0.0765767693519592 0.0690481588244438 0.0615195445716381 0.0539909303188324 0.0464623160660267 0.038933701813221 0.0314050875604153 0.0238764751702547 0.0436261482536793 0.0724685862660408 0.101311020553112 0.130153462290764 0.158995896577835 0.187838330864906 0.216680765151978 0.239122733473778 0.24236324429512 0.245603770017624 0.248844295740128 0.252084821462631 0.255325347185135 0.258565872907639 0.261806398630142 0.246429905295372 0.224847763776779 0.203265607357025 0.181683465838432 0.160101309418678 0.138519167900085 0.116937011480331 0.102741502225399 0.110705889761448 0.118670277297497 0.126634657382965 0.134599044919014 0.142563432455063 0.150527819991112 0.158492207527161 0.166467353701591 0.174446061253548 0.182424768805504 0.190403491258621 0.198382198810577
0.0597339794039726 0.0657413750886917 0.0610545426607132 0.0563677065074444 0.0516808703541756 0.046994037926197 0.0423072017729282 0.0376203656196594 0.0329335294663906 0.0539872050285339 0.083621047437191 0.113254889845848 0.142888739705086 0.172522574663162 0.2021564245224 0.231790259480476 0.254923462867737 0.258554667234421 0.262185901403427 0.265817105770111 0.269448339939117 0.273079544305801 0.276710778474808 0.280342012643814 0.262050181627274 0.236450716853142 0.210851237177849 0.185251757502556 0.159652277827263 0.13405279815197 0.108453325927258 0.0910971909761429 0.0984710901975632 0.105844996869564 0.113218896090984 0.120592795312405 0.127966701984406 0.135340601205826 0.142714500427246 0.151969984173775 0.161852672696114 0.171735361218452 0.181618049740791 0.191500723361969
0.0472202934324741 0.0549059845507145 0.0530609264969826 0.051215872168541 0.049370814114809 0.0475257560610771 0.0456807017326355 0.0438356436789036 0.0419905856251717 0.0643482580780983 0.0947735086083412 0.125198766589165 0.155624002218246 0.186049252748489 0.216474503278732 0.246899753808975 0.270724177360535 0.274746090173721 0.278768002986908 0.282789945602417 0.286811858415604 0.29083377122879 0.294855684041977 0.298877626657486 0.277670472860336 0.248053684830666 0.218436866998672 0.188820064067841 0.159203261137009 0.129586443305016 0.0999696403741837 0.0794528871774673 0.086236298084259 0.0930197089910507 0.099803127348423 0.106586538255215 0.113369956612587 0.120153367519379 0.12693677842617 0.137472629547119 0.14925928413868 0.16104593873024 0.1728325933218 0.184619262814522
0.0347066037356853 0.044070590287447 0.0450673140585423 0.0460640341043472 0.0470607541501522 0.0480574779212475 0.0490541979670525 0.0500509217381477 0.0510476417839527 0.0747093185782433 0.105925969779491 0.13714262843132 0.168359279632568 0.199575945734978 0.230792596936226 0.262009263038635 0.286524891853333 0.290937513113022 0.295350134372711 0.2997627556324 0.30417537689209 0.308587998151779 0.313000619411469 0.317413240671158 0.293290764093399 0.259656637907028 0.226022496819496 0.192388370633125 0.158754229545593 0.125120088458061 0.0914859473705292 0.0678085759282112 0.0740015059709549 0.080194428563118 0.0863873586058617 0.0925802811980247 0.0987732112407684 0.104966141283512 0.111159063875675 0.122975267469883 0.136665895581245 0.150356531143188 0.16404715180397 0.177737787365913
0.0311965793371201 0.0402477420866489 0.0440620705485344 0.0478763990104198 0.0516907274723053 0.0555050559341908 0.0593193843960762 0.063133716583252 0.0669480413198471 0.0900890901684761 0.119672387838364 0.149255678057671 0.178838968276978 0.208422273397446 0.238005563616753 0.26758885383606 0.291184514760971 0.296817243099213 0.302449971437454 0.308082699775696 0.313715428113937 0.319348156452179 0.324980914592743 0.330613642930984 0.304519772529602 0.267850399017334 0.231181025505066 0.194511637091637 0.157842263579369 0.12117288261652 0.0845035016536713 0.058267455548048 0.0633314028382301 0.0683953538537025 0.073459304869175 0.0785232558846474 0.0835871994495392 0.0886511504650116 0.093715101480484 0.106368847191334 0.121552519500256 0.136736199259758 0.15191987156868 0.167103543877602
0.0366902239620686 0.0434374436736107 0.0500452071428299 0.0566529668867588 0.0632607340812683 0.0698684900999069 0.0764762535691261 0.0830840170383453 0.0896917805075645 0.110487595200539 0.136012747883797 0.161537915468216 0.187063083052635 0.212588235735893 0.238113403320312 0.263638556003571 0.284702986478806 0.292385250329971 0.300067514181137 0.307749778032303 0.315432041883469 0.323114305734634 0.3307965695858 0.338478833436966 0.311357498168945 0.272634953260422 0.233912438154221 0.195189893245697 0.156467363238335 0.117744825780392 0.0790222957730293 0.0508295148611069 0.0542259961366653 0.0576224811375141 0.0610189624130726 0.0644154474139214 0.0678119286894798 0.0712084099650383 0.0746048912405968 0.087653361260891 0.103919148445129 0.120184943079948 0.136450737714767 0.152716532349586
0.0421838648617268 0.0466271415352821 0.0560283400118351 0.0654295384883881 0.0748307332396507 0.0842319279909134 0.0936331301927567 0.103034324944019 0.112435519695282 0.130886092782021 0.152353122830391 0.173820152878761 0.195287182927132 0.216754212975502 0.238221243023872 0.259688258171082 0.278221487998962 0.287953287363052 0.297685086727142 0.30741685628891 0.317148655653 0.32688045501709 0.33661225438118 0.346344023942947 0.318195223808289 0.277419537305832 0.236643835902214 0.195868149399757 0.155092462897301 0.114316776394844 0.0735410898923874 0.0433915741741657 0.0451205931603909 0.0468496084213257 0.0485786236822605 0.0503076389431953 0.0520366542041302 0.053765669465065 0.0554946847259998 0.0689378753304482 0.0862857848405838 0.103633694350719 0.120981603860855 0.138329520821571
0.0476775094866753 0.0498168431222439 0.0620114728808403 0.074206106364727 0.0864007323980331 0.0985953658819199 0.110789999365807 0.122984632849693 0.13517926633358 0.151284590363503 0.168693482875824 0.186102390289307 0.203511282801628 0.220920190215111 0.238329082727432 0.255737990140915 0.271739989519119 0.283521294593811 0.295302629470825 0.307083934545517 0.318865269422531 0.330646604299545 0.342427909374237 0.354209244251251 0.325032919645309 0.28220409154892 0.239375248551369 0.196546405553818 0.153717562556267 0.110888719558716 0.0680598840117455 0.0359536372125149 0.0360151864588261 0.036076731979847 0.0361382812261581 0.0361998304724693 0.0362613797187805 0.0363229289650917 0.0363844782114029 0.050222385674715 0.0686524137854576 0.0870824456214905 0.105512477457523 0.123942501842976
0.0531711503863335 0.0530065447092056 0.0679946094751358 0.082982674241066 0.0979707390069962 0.112958803772926 0.127946868538857 0.142934933304787 0.157922998070717 0.171683087944984 0.185033857822418 0.198384627699852 0.211735397577286 0.225086152553558 0.238436922430992 0.251787692308426 0.265258491039276 0.279089331626892 0.292920172214508 0.306751042604446 0.320581883192062 0.334412723779678 0.348243594169617 0.362074434757233 0.331870645284653 0.286988645792007 0.242106661200523 0.197224661707878 0.152342662215233 0.107460670173168 0.0625786706805229 0.0285156983882189 0.0269097797572613 0.0253038611263037 0.0236979424953461 0.0220920238643885 0.0204861052334309 0.0188801866024733 0.0172742679715157 0.0315068997442722 0.0510190464556217 0.0705311968922615 0.090043343603611 0.10955549031496
0.0586647912859917 0.0561962425708771 0.0739777386188507 0.0917592421174049 0.109540738165379 0.127322241663933 0.145103737711906 0.16288523375988 0.180666744709015 0.192081585526466 0.201374232769012 0.210666865110397 0.219959497451782 0.229252129793167 0.238544762134552 0.247837394475937 0.258776962757111 0.274657338857651 0.290537744760513 0.306418120861053 0.322298496961594 0.338178873062134 0.354059249162674 0.369939625263214 0.338708370923996 0.291773229837418 0.244838058948517 0.197902917861938 0.150967761874199 0.10403261333704 0.0570974685251713 0.0210777577012777 0.0178043730556965 0.0145309874787927 0.0112576019018888 0.00798421632498503 0.00471083028241992 0.00143744482193142 -0.0018359407549724 0.0127914128825068 0.0333856791257858 0.0539799481630325 0.0745742172002792 0.0951684787869453
0.0817171633243561 0.0795714184641838 0.0960640162229538 0.112556606531143 0.129049196839333 0.145541787147522 0.162034377455711 0.178526982665062 0.195019572973251 0.204606935381889 0.211892575025558 0.219178199768066 0.226463839411736 0.233749479055405 0.241035103797913 0.248320743441582 0.257761210203171 0.273666143417358 0.289571076631546 0.305476039648056 0.321380972862244 0.337285935878754 0.353190869092941 0.369095832109451 0.337906122207642 0.291018217802048 0.244130298495293 0.197242394089699 0.150354489684105 0.10346657037735 0.0565786622464657 0.0203136075288057 0.0159171149134636 0.0115206222981215 0.0071241301484406 0.0027276377659291 -0.00166885438375175 -0.00606534676626325 -0.0104618389159441 0.00401599146425724 0.0247852634638548 0.0455545336008072 0.0663238018751144 0.0870930776000023
