data/working_set_collections/6091692-Cassins_Sparrow-M2/2010/ghland_avg.asc
NCOLS 265 
NROWS 230 
XLLCORNER -115.5625 
YLLCORNER 24.8333333333333 
CELLSIZE 0.0833333333333333 
NODATA_value -9999 
[rows 76 to 94 of 230, columns 132 to 175 of 265]
0.183135986328125 0.209351807832718 0.228582039475441 0.226855561137199 0.225129067897797 0.223402589559555 0.221676096320152 0.219949617981911 0.218223124742508 0.216496646404266 0.208683922886848 0.198842450976372 0.189000979065895 0.179159507155418 0.169318035244942 0.159476563334465 0.149635091423988 0.142499849200249 0.143483310937881 0.144466772675514 0.145450219511986 0.146433681249619 0.147417142987251 0.148400604724884 0.149384066462517 0.152045413851738 0.15526607632637 0.158486738801003 0.161707401275635 0.164928063750267 0.168148726224899 0.171369388699532 0.173409596085548 0.171908482909203 0.170407369732857 0.168906256556511 0.167405143380165 0.165904030203819 0.164402902126312 0.162901788949966 0.160638079047203 0.158120170235634 0.155602261424065 0.153084352612495
0.185261026024818 0.209330335259438 0.226487517356873 0.222908303141594 0.219329088926315 0.215749859809875 0.212170645594597 0.208591431379318 0.20501221716404 0.2014329880476 0.194296553730965 0.185974359512329 0.177652165293694 0.169329985976219 0.161007791757584 0.152685597538948 0.144363418221474 0.138154461979866 0.138285219669342 0.138415962457657 0.138546720147133 0.138677477836609 0.138808235526085 0.138938993215561 0.139069736003876 0.141802996397018 0.145403757691383 0.149004518985748 0.152605265378952 0.156206026673317 0.159806787967682 0.163407549262047 0.165764808654785 0.164391592144966 0.163018375635147 0.161645159125328 0.16027195751667 0.158898741006851 0.157525524497032 0.156152307987213 0.153750389814377 0.151005581021309 0.148260772228241 0.145515948534012
0.182571813464165 0.203396871685982 0.217805743217468 0.212965995073318 0.20812626183033 0.203286528587341 0.198446795344353 0.193607062101364 0.188767313957214 0.183927580714226 0.177822157740593 0.171294823288918 0.164767503738403 0.158240184187889 0.151712849736214 0.145185530185699 0.138658210635185 0.133675396442413 0.133326157927513 0.132976934313774 0.132627695798874 0.132278457283974 0.131929218769073 0.131579980254173 0.131230741739273 0.133903875946999 0.137584462761879 0.141265064477921 0.144945666193962 0.148626253008842 0.152306854724884 0.155987441539764 0.158486321568489 0.157440036535263 0.156393736600876 0.15534745156765 0.154301151633263 0.153254866600037 0.152208581566811 0.151162281632423 0.1490768045187 0.146644935011864 0.144213065505028 0.141781195998192
0.175068318843842 0.191551402211189 0.202536687254906 0.197028651833534 0.191520616412163 0.18601256608963 0.180504530668259 0.174996495246887 0.169488444924355 0.163980409502983 0.159260749816895 0.154803857207298 0.150346979498863 0.145890101790428 0.141433224081993 0.136976346373558 0.132519468665123 0.129062682390213 0.128606155514717 0.128149643540382 0.127693116664886 0.127236604690552 0.126780077815056 0.126323565840721 0.125867038965225 0.128348052501678 0.131808221340179 0.135268405079842 0.138728573918343 0.142188742756844 0.145648926496506 0.149109095335007 0.151574149727821 0.151053801178932 0.150533452630043 0.150013104081154 0.149492755532265 0.148972421884537 0.148452073335648 0.147931724786758 0.146617323160172 0.145038247108459 0.143459171056747 0.141880080103874
0.16756483912468 0.179705917835236 0.187267646193504 0.181091293692589 0.174914956092834 0.16873861849308 0.162562265992165 0.15638592839241 0.150209590792656 0.14403323829174 0.140699326992035 0.138312891125679 0.135926470160484 0.133540034294128 0.131153598427773 0.128767162561417 0.126380726695061 0.124449960887432 0.123886160552502 0.123322360217571 0.122758559882641 0.12219475954771 0.12163095921278 0.12106715887785 0.120503358542919 0.122792221605778 0.12603197991848 0.129271730780602 0.132511481642723 0.135751232504845 0.138990998268127 0.142230749130249 0.144661962985992 0.144667565822601 0.14467316865921 0.144678771495819 0.144684374332428 0.144689962267876 0.144695565104485 0.144701167941093 0.144157856702805 0.143431559205055 0.142705261707306 0.141978979110718
0.160061359405518 0.167860448360443 0.171998590230942 0.165153950452805 0.158309295773506 0.151464655995369 0.144620016217232 0.137775361537933 0.130930721759796 0.124086067080498 0.122137919068336 0.12182193249464 0.121505945920944 0.121189959347248 0.120873972773552 0.120557986199856 0.12024199962616 0.119837239384651 0.119166158139706 0.11849506944418 0.117823988199234 0.117152906954288 0.116481825709343 0.115810744464397 0.115139663219452 0.117236398160458 0.1202557310462 0.123275063931942 0.126294404268265 0.129313737154007 0.132333070039749 0.135352402925491 0.137749791145325 0.13828133046627 0.138812884688377 0.139344424009323 0.13987597823143 0.140407517552376 0.140939071774483 0.141470611095428 0.141698375344276 0.141824871301651 0.141951367259026 0.1420778632164
0.152557879686356 0.156014963984489 0.15672954916954 0.149216592311859 0.141703650355339 0.134190693497658 0.126677751541138 0.119164802134037 0.111651852726936 0.104138903319836 0.103576503694057 0.105330966413021 0.107085421681404 0.108839884400368 0.110594339668751 0.112348802387714 0.114103257656097 0.11522451043129 0.114446148276329 0.113667786121368 0.112889423966408 0.112111061811447 0.111332699656487 0.110554337501526 0.109775975346565 0.111680567264557 0.11447948217392 0.117278397083282 0.120077311992645 0.122876219451427 0.125675141811371 0.128474056720734 0.130837604403496 0.13189509510994 0.132952585816383 0.134010091423988 0.135067582130432 0.136125072836876 0.13718256354332 0.138240054249763 0.139238893985748 0.140218183398247 0.141197457909584 0.142176747322083
0.145054385066032 0.144169494509697 0.141460493206978 0.133279249072075 0.125097990036011 0.116916738450527 0.108735486865044 0.10055423527956 0.0923729836940765 0.084191732108593 0.085015095770359 0.0888400003314018 0.0926649048924446 0.0964898094534874 0.10031471401453 0.104139618575573 0.107964523136616 0.110611788928509 0.109726145863533 0.108840502798557 0.107954859733582 0.107069216668606 0.10618357360363 0.105297930538654 0.104412280023098 0.106124743819237 0.10870323330164 0.111281730234623 0.113860219717026 0.116438716650009 0.119017206132412 0.121595703065395 0.123925432562828 0.12550887465477 0.127092301845551 0.128675743937492 0.130259186029434 0.131842613220215 0.133426055312157 0.135009497404099 0.13677941262722 0.138611480593681 0.140443563461304 0.142275631427765
0.144831746816635 0.141550987958908 0.13675582408905 0.127417460083961 0.118079110980034 0.108740754425526 0.0994023978710175 0.0900640413165092 0.080725684762001 0.0713873282074928 0.0726210027933121 0.0773786902427673 0.0821363776922226 0.0868940651416779 0.0916517525911331 0.0964094325900078 0.101167120039463 0.104601219296455 0.104064539074898 0.10352785885334 0.102991178631783 0.102454498410225 0.101917818188667 0.10138113796711 0.100844465196133 0.102470010519028 0.104816295206547 0.107162587344646 0.109508879482746 0.111855164170265 0.114201456308365 0.116547740995884 0.118694253265858 0.120241433382034 0.12178860604763 0.123335786163807 0.124882958829403 0.12643013894558 0.127977311611176 0.129524484276772 0.131719216704369 0.13412980735302 0.13654038310051 0.138950973749161
0.151889964938164 0.148159459233284 0.142615512013435 0.131631255149841 0.120646998286247 0.109662733972073 0.0986784771084785 0.0876942127943039 0.0767099559307098 0.0657256916165352 0.0663942322134972 0.0709470361471176 0.0754998400807381 0.0800526440143585 0.084605447947979 0.0891582518815994 0.0937110558152199 0.097192794084549 0.0974613204598427 0.097729854285717 0.0979983881115913 0.0982669144868851 0.0985354483127594 0.0988039821386337 0.0990725085139275 0.10071636736393 0.102818675339222 0.104920975863934 0.107023276388645 0.109125576913357 0.111227877438068 0.11333017796278 0.115144081413746 0.116092793643475 0.117041498422623 0.117990210652351 0.118938915431499 0.119887620210648 0.120836332440376 0.121785037219524 0.124058321118355 0.12677313387394 0.129487931728363 0.132202744483948
0.158948168158531 0.15476793050766 0.148475214838982 0.135845050215721 0.123214885592461 0.1105847209692 0.0979545563459396 0.0853243917226791 0.0726942270994186 0.0600640587508678 0.060167457908392 0.0645153820514679 0.0688633024692535 0.0732112228870392 0.0775591433048248 0.0819070637226105 0.0862549915909767 0.0897843688726425 0.0908581092953682 0.0919318497180939 0.0930055901408195 0.0940793305635452 0.0951530784368515 0.0962268188595772 0.0973005592823029 0.0989627316594124 0.100821048021317 0.10267935693264 0.104537673294544 0.106395989656448 0.108254306018353 0.110112614929676 0.111593909561634 0.111944153904915 0.112294390797615 0.112644627690315 0.112994872033596 0.113345108926296 0.113695345818996 0.114045582711697 0.11639741808176 0.119416452944279 0.122435487806797 0.125454515218735
0.166006371378899 0.161376401782036 0.154334902763367 0.140058845281601 0.125782772898674 0.111506700515747 0.0972306355834007 0.0829545632004738 0.0686784908175468 0.0544024258852005 0.053940687328577 0.0580837279558182 0.062226764857769 0.0663698017597198 0.0705128461122513 0.0746558830142021 0.078798919916153 0.0823759362101555 0.0842548906803131 0.0861338451504707 0.0880127996206284 0.089891754090786 0.091770701110363 0.0936496555805206 0.0955286100506783 0.097209095954895 0.0988234207034111 0.100437745451927 0.102052070200443 0.10366640239954 0.105280727148056 0.106895051896572 0.108043737709522 0.107795514166355 0.107547283172607 0.10729905217886 0.107050821185112 0.106802590191364 0.106554366648197 0.106306135654449 0.108736522495747 0.112059779465199 0.11538303643465 0.118706293404102
0.173064574599266 0.167984873056412 0.160194605588913 0.14427262544632 0.128350660204887 0.112428687512875 0.0965067073702812 0.0805847346782684 0.0646627619862556 0.0487407930195332 0.0477139167487621 0.0516520738601685 0.0555902272462845 0.0595283843576908 0.0634665414690971 0.0674046948552132 0.0713428556919098 0.074967510998249 0.0776516795158386 0.0803358405828476 0.0830200016498566 0.0857041701674461 0.0883883312344551 0.0910724923014641 0.0937566608190536 0.0954554527997971 0.0968257933855057 0.0981961339712143 0.0995664745569229 0.100936807692051 0.10230714827776 0.103677488863468 0.104493573307991 0.103646874427795 0.1028001755476 0.101953476667404 0.101106777787209 0.100260078907013 0.0994133800268173 0.0985666811466217 0.101075619459152 0.104703098535538 0.108330585062504 0.111958064138889
0.180122792720795 0.174593344330788 0.166054293513298 0.148486420512199 0.130918547511101 0.113350667059422 0.0957827866077423 0.0782149136066437 0.0606470331549644 0.0430791564285755 0.0414871424436569 0.0452204160392284 0.0489536933600903 0.0526869669556618 0.0564202405512333 0.0601535141468048 0.0638867914676666 0.0675590857863426 0.0710484609007835 0.0745378360152245 0.0780272111296654 0.0815165862441063 0.0850059613585472 0.0884953364729881 0.0919847041368484 0.0937018170952797 0.0948281660676003 0.0959545150399208 0.097080871462822 0.0982072204351425 0.0993335768580437 0.100459925830364 0.100943401455879 0.0994982346892357 0.0980530604720116 0.096607893705368 0.0951627269387245 0.093717560172081 0.0922723934054375 0.090827226638794 0.0934147164225578 0.0973464250564575 0.101278133690357 0.105209842324257
0.190163239836693 0.183969512581825 0.174716830253601 0.156287282705307 0.137857735157013 0.119428180158138 0.100998625159264 0.082569070160389 0.0641395226120949 0.0457099676132202 0.0434544160962105 0.0465902015566826 0.0497259832918644 0.0528617687523365 0.0559975504875183 0.0591333359479904 0.0622691176831722 0.0655220523476601 0.0691264271736145 0.0727308019995689 0.0763351768255234 0.0799395442008972 0.0835439190268517 0.0871482938528061 0.0907526686787605 0.0921646356582642 0.0928457975387573 0.0935269668698311 0.0942081287503242 0.0948892906308174 0.0955704525113106 0.0962516143918037 0.096400298178196 0.0949515253305435 0.0935027599334717 0.0920539870858192 0.0906052216887474 0.089156448841095 0.0877076759934425 0.0862589105963707 0.0888095125555992 0.0926932469010353 0.0965769812464714 0.100460708141327
0.203185960650444 0.196113392710686 0.186182215809822 0.167675212025642 0.149168223142624 0.130661219358444 0.112154215574265 0.0936472192406654 0.0751402229070663 0.056633222848177 0.0536157377064228 0.0557614229619503 0.0579071044921875 0.060052789747715 0.0621984750032425 0.06434416025877 0.0664898455142975 0.0688563957810402 0.0718855634331703 0.0749147310853004 0.07794389128685 0.0809730589389801 0.0840022191405296 0.0870313867926598 0.0900605544447899 0.0908439233899117 0.0908786952495575 0.0909134671092033 0.0909482464194298 0.0909830182790756 0.0910177901387215 0.0910525619983673 0.0908642709255219 0.0900067612528801 0.0891492515802383 0.0882917493581772 0.0874342396855354 0.0865767374634743 0.0857192277908325 0.0848617181181908 0.0872600078582764 0.0907435640692711 0.0942271202802658 0.0977106764912605
0.216208666563034 0.208257257938385 0.197647586464882 0.179063141345978 0.160478696227074 0.14189425110817 0.123309813439846 0.104725368320942 0.0861409232020378 0.0675564780831337 0.0637770593166351 0.064932644367218 0.0660882294178009 0.0672438144683838 0.0683993995189667 0.0695549845695496 0.0707105696201324 0.0721907466650009 0.0746446996927261 0.077098660171032 0.0795526131987572 0.0820065662264824 0.0844605192542076 0.0869144797325134 0.0893684327602386 0.0895232111215591 0.0889115929603577 0.0882999747991562 0.0876883566379547 0.0870767459273338 0.0864651277661324 0.0858535096049309 0.0853282362222672 0.0850619971752167 0.0847957506775856 0.0845295041799545 0.084263265132904 0.083997018635273 0.0837307795882225 0.0834645330905914 0.0857105031609535 0.0887938886880875 0.0918772667646408 0.0949606448411942
0.229231387376785 0.220401138067245 0.209112972021103 0.190451085567474 0.171789184212685 0.153127297759056 0.134465411305428 0.115803517401218 0.0971416234970093 0.0784797370433807 0.0739383772015572 0.0741038620471954 0.0742693468928337 0.0744348391890526 0.0746003240346909 0.0747658088803291 0.0749312937259674 0.0755250975489616 0.0774038434028625 0.0792825892567635 0.0811613351106644 0.0830400735139847 0.0849188193678856 0.0867975652217865 0.0886763110756874 0.088202491402626 0.0869444832205772 0.085686482489109 0.0844284743070602 0.0831704661250114 0.0819124653935432 0.0806544572114944 0.079792208969593 0.0801172256469727 0.0804422497749329 0.0807672664523125 0.0810922905802727 0.0814173072576523 0.0817423239350319 0.0820673480629921 0.0841610059142113 0.0868442058563232 0.0895274057984352 0.0922106057405472
0.242254108190536 0.232545003294945 0.220578342676163 0.20183901488781 0.183099672198296 0.164360329508781 0.145621001720428 0.126881659030914 0.108142323791981 0.0894029885530472 0.0840996950864792 0.0832750871777534 0.0824504718184471 0.0816258564591408 0.080801248550415 0.0799766331911087 0.079152025282383 0.0788594484329224 0.0801629796624184 0.081466518342495 0.082770049571991 0.0840735882520676 0.0853771194815636 0.0866806581616402 0.0879841893911362 0.0868817791342735 0.0849773809313774 0.0830729901790619 0.0811685919761658 0.0792641937732697 0.0773598030209541 0.075455404818058 0.074256181716919 0.0751724615693092 0.0760887414216995 0.0770050287246704 0.0779213085770607 0.0788375958800316 0.0797538757324219 0.0806701555848122 0.0826115012168884 0.084894523024559 0.0871775522828102 0.0894605740904808
