data/working_set_collections/6091692-Cassins_Sparrow-M2/2010/ghland_avg.asc
NCOLS 265 
NROWS 230 
XLLCORNER -115.5625 
YLLCORNER 24.8333333333333 
CELLSIZE 0.0833333333333333 
NODATA_value -9999 
[rows 133 to 151 of 230, columns 132 to 175 of 265]
0.105366438627243 0.125403597950935 0.138893499970436 0.132741630077362 0.126589745283127 0.120437867939472 0.114285983145237 0.108134105801582 0.101982228457928 0.0958303511142731 0.0936927050352097 0.0928931459784508 0.0920935794711113 0.0912940204143524 0.0904944539070129 0.0896948948502541 0.0888953283429146 0.0874469205737114 0.0840519741177559 0.0806570276618004 0.0772620812058449 0.0738671272993088 0.0704721808433533 0.0670772343873978 0.0636822879314423 0.061599887907505 0.0599550046026707 0.0583101212978363 0.0566652379930019 0.0550203546881676 0.0533754751086235 0.0517305918037891 0.0514077842235565 0.0550512075424194 0.0586946308612823 0.0623380541801453 0.0659814774990082 0.0696249008178711 0.073268324136734 0.0769117474555969 0.0783953666687012 0.0791590511798859 0.0799227431416512 0.0806864276528358
0.102870531380177 0.122175581753254 0.135270282626152 0.129733934998512 0.124197594821453 0.118661247193813 0.113124899566174 0.107588551938534 0.102052211761475 0.0965158641338348 0.0936072915792465 0.0915746465325356 0.0895420014858246 0.087509348988533 0.085476703941822 0.0834440588951111 0.0814114138484001 0.0792981311678886 0.076942965388298 0.0745877921581268 0.0722326189279556 0.069877453148365 0.0675222799181938 0.0651671066880226 0.062811940908432 0.0619956851005554 0.0616924092173576 0.0613891296088696 0.0610858537256718 0.0607825741171837 0.0604792982339859 0.0601760186254978 0.0607716180384159 0.0640638470649719 0.0673560798168182 0.0706483125686646 0.0739405453205109 0.0772327780723572 0.0805250033736229 0.0838172361254692 0.0845845341682434 0.0845101773738861 0.0844358280301094 0.0843614712357521
0.10037462413311 0.118947565555573 0.131647065281868 0.126726254820824 0.121805436909199 0.116884626448154 0.11196381598711 0.107043005526066 0.102122187614441 0.0972013771533966 0.0935218781232834 0.0902561470866203 0.0869904160499573 0.0837246850132942 0.0804589539766312 0.0771932229399681 0.073927491903305 0.0711493417620659 0.0698339492082596 0.0685185566544533 0.067203164100647 0.0658877715468407 0.0645723789930344 0.0632569789886475 0.0619415864348412 0.0623914860188961 0.0634298101067543 0.0644681379199028 0.0655064657330513 0.0665447935461998 0.0675831213593483 0.0686214491724968 0.0701354518532753 0.073076494038105 0.0760175362229347 0.0789585709571838 0.0818996131420135 0.0848406553268433 0.0877816900610924 0.0907227322459221 0.090773694217205 0.0898613035678864 0.0889489129185677 0.088036522269249
0.0978787168860435 0.11571954190731 0.128023847937584 0.123718567192554 0.119413286447525 0.115108005702496 0.110802732408047 0.106497451663017 0.102192170917988 0.0978868901729584 0.0934364572167397 0.0889376476407051 0.08443883061409 0.0799400135874748 0.0754412040114403 0.0709423869848251 0.06644356995821 0.0630005598068237 0.0627249404788017 0.06244932487607 0.062173705548048 0.0618980899453163 0.0616224743425846 0.0613468550145626 0.0610712394118309 0.0627872869372368 0.0651672184467316 0.0675471499562263 0.0699270814657211 0.0723070129752159 0.0746869444847107 0.0770668759942055 0.079499289393425 0.0820891335606575 0.0846789851784706 0.0872688293457031 0.0898586809635162 0.0924485325813293 0.0950383767485619 0.097628228366375 0.0969628617167473 0.0952124297618866 0.0934620052576065 0.0917115733027458
0.0953828021883965 0.112491525709629 0.1244006305933 0.120710879564285 0.117021135985851 0.113331392407417 0.109641641378403 0.105951897799969 0.102262154221535 0.0985724031925201 0.0933510437607765 0.0876191481947899 0.0818872451782227 0.076155349612236 0.0704234540462494 0.0646915510296822 0.0589596554636955 0.054851770401001 0.0556159280240536 0.0563800893723965 0.0571442507207394 0.057908408343792 0.0586725696921349 0.0594367310404778 0.0602008886635303 0.0631830841302872 0.0669046193361282 0.0706261545419693 0.074347697198391 0.078069232404232 0.0817907676100731 0.0855123028159142 0.0888631269335747 0.0911017805337906 0.0933404341340065 0.095579095184803 0.0978177487850189 0.100056409835815 0.102295063436031 0.104533717036247 0.10315202921629 0.100563563406467 0.0979750901460648 0.0953866168856621
0.0939754471182823 0.109719797968864 0.120816349983215 0.117969505488873 0.115122653543949 0.112275801599026 0.109428949654102 0.106582097709179 0.103735245764256 0.100888393819332 0.0950858891010284 0.0882981643080711 0.0815104395151138 0.0747227147221565 0.0679349899291992 0.0611472614109516 0.0543595366179943 0.0497329123318195 0.0515895858407021 0.0534462630748749 0.0553029365837574 0.0571596138179302 0.0590162873268127 0.0608729608356953 0.0627296343445778 0.0665118992328644 0.070936031639576 0.0753601565957069 0.0797842890024185 0.0842084139585495 0.0886325389146805 0.0930566713213921 0.0968328416347504 0.0986651629209518 0.100497476756573 0.102329798042774 0.104162111878395 0.105994425714016 0.107826747000217 0.109659060835838 0.107854329049587 0.104837246239185 0.101820163428783 0.0988030806183815
0.0936566442251205 0.107404373586178 0.117271021008492 0.115494430065155 0.113717831671238 0.111941240727901 0.110164642333984 0.108388051390648 0.106611460447311 0.104834862053394 0.0986409932374954 0.0909746959805489 0.0833084061741829 0.0756421089172363 0.0679758116602898 0.0603095181286335 0.0526432208716869 0.0476439818739891 0.0506459102034569 0.0536478385329247 0.0566497668623924 0.0596516951918602 0.062653623521328 0.0656555518507957 0.0686574801802635 0.072773739695549 0.0772614479064941 0.0817491486668587 0.0862368568778038 0.0907245576381683 0.0952122583985329 0.099699966609478 0.103408448398113 0.104779280722141 0.106150105595589 0.107520937919617 0.108891762793064 0.110262595117092 0.11163341999054 0.113004252314568 0.11106976121664 0.108033493161201 0.104997225105762 0.101960964500904
0.0933378413319588 0.105088941752911 0.113725684583187 0.113019354641438 0.112313017249107 0.111606679856777 0.110900342464447 0.110194005072117 0.109487667679787 0.108781330287457 0.102196097373962 0.0936512351036072 0.0851063653826714 0.0765615031123161 0.0680166408419609 0.0594717748463154 0.0509269088506699 0.045555055141449 0.0497022345662117 0.0538494177162647 0.0579966008663177 0.0621437802910805 0.0662909597158432 0.0704381465911865 0.0745853260159492 0.0790355801582336 0.0835868641734123 0.0881381407380104 0.0926894247531891 0.0972407013177872 0.101791985332966 0.106343261897564 0.109984055161476 0.110893398523331 0.111802741885185 0.112712077796459 0.113621421158314 0.114530757069588 0.115440100431442 0.116349443793297 0.114285185933113 0.111229740083218 0.108174294233322 0.105118840932846
0.0930190309882164 0.102773517370224 0.110180355608463 0.11054427921772 0.110908195376396 0.111272118985653 0.111636035144329 0.111999958753586 0.112363882362843 0.112727798521519 0.105751201510429 0.0963277667760849 0.0869043320417404 0.0774808973073959 0.0680574625730515 0.058634027838707 0.0492105931043625 0.0434661246836185 0.0487585589289665 0.0540509968996048 0.0593434311449528 0.0646358653903008 0.069928303360939 0.0752207338809967 0.080513171851635 0.0852974206209183 0.0899122804403305 0.0945271328091621 0.0991419926285744 0.103756844997406 0.108371704816818 0.11298655718565 0.116559661924839 0.11700751632452 0.117455370724201 0.117903225123882 0.118351072072983 0.118798926472664 0.119246780872345 0.119694627821445 0.117500618100166 0.114425987005234 0.111351355910301 0.108276717364788
0.0927002280950546 0.100458085536957 0.106635026633739 0.108069203794003 0.109503380954266 0.110937558114529 0.112371735274792 0.113805912435055 0.115240089595318 0.116674266755581 0.109306305646896 0.0990043058991432 0.0887022987008095 0.0784002915024757 0.0680982917547226 0.0577962845563889 0.0474942773580551 0.0413771979510784 0.0478148870170116 0.0542525723576546 0.0606902614235878 0.067127950489521 0.0735656395554543 0.0800033286213875 0.0864410176873207 0.0915592610836029 0.0962376967072487 0.100916124880314 0.10559456050396 0.110272988677025 0.114951424300671 0.119629859924316 0.123135268688202 0.12312163412571 0.123107999563217 0.123094365000725 0.123080730438232 0.12306709587574 0.123053453862667 0.123039819300175 0.12071605026722 0.11762223392725 0.11452841758728 0.111434601247311
0.0923814252018929 0.0981426537036896 0.103089690208435 0.105594128370285 0.108098559081554 0.110602997243404 0.113107427954674 0.115611866116524 0.118116304278374 0.120620734989643 0.112861417233944 0.101680837571621 0.0905002653598785 0.0793196856975555 0.0681391134858131 0.0569585375487804 0.045777965337038 0.039288267493248 0.0468712113797665 0.0544541515409946 0.0620370917022228 0.0696200355887413 0.0772029757499695 0.0847859159111977 0.0923688635230064 0.0978211015462875 0.102563112974167 0.107305116951466 0.112047128379345 0.116789139807224 0.121531143784523 0.126273155212402 0.129710882902145 0.12923575937748 0.128760635852814 0.128285512328148 0.127810388803482 0.127335265278816 0.12686014175415 0.126385018229485 0.123931482434273 0.120818480849266 0.117705479264259 0.114592477679253
0.0912443622946739 0.0959638878703117 0.100462712347507 0.104299455881119 0.10813619941473 0.111972950398922 0.115809693932533 0.119646437466145 0.123483180999756 0.127319931983948 0.119848482310772 0.108607642352581 0.0973668023943901 0.0861259624361992 0.0748851224780083 0.0636442825198174 0.0524034388363361 0.0459760464727879 0.0539890043437481 0.0620019622147083 0.0700149238109589 0.0780278742313385 0.0860408321022987 0.094053789973259 0.102066747844219 0.106826134026051 0.110500983893871 0.114175841212273 0.117850698530674 0.121525555849075 0.125200405716896 0.128875270485878 0.131490960717201 0.130929172039032 0.130367368459702 0.129805579781532 0.129243791103363 0.128682002425194 0.128120213747025 0.127558410167694 0.125139027833939 0.122100450098515 0.119061872363091 0.116023287177086
0.0892890468239784 0.0939217656850815 0.0987540856003761 0.104185193777084 0.109616301953793 0.115047410130501 0.120478518307209 0.125909626483917 0.131340742111206 0.136771842837334 0.130267515778542 0.119784720242023 0.109301917254925 0.0988191142678261 0.0883363112807274 0.0778535082936287 0.06737070530653 0.061440534889698 0.0691682696342468 0.0768960043787956 0.0846237391233444 0.0923514813184738 0.100079216063023 0.107806950807571 0.11553468555212 0.118574351072311 0.120051324367523 0.121528297662735 0.123005270957947 0.124482244253159 0.12595921754837 0.127436190843582 0.128475517034531 0.128201872110367 0.127928227186203 0.1276545971632 0.127380952239037 0.127107307314873 0.12683367729187 0.126560032367706 0.124338701367378 0.121468141674995 0.118597581982613 0.11572702229023
0.0873337388038635 0.0918796509504318 0.0970454588532448 0.10407093167305 0.111096404492855 0.11812187731266 0.125147342681885 0.13217282295227 0.139198288321495 0.146223768591881 0.140686556696892 0.130961790680885 0.121237024664879 0.111512266099453 0.101787500083447 0.09206273406744 0.0823379680514336 0.0769050195813179 0.0843475386500359 0.0917900502681732 0.0992325618863106 0.106675080955029 0.114117592573166 0.121560104191303 0.129002615809441 0.130322560667992 0.129601657390594 0.128880754113197 0.1281598508358 0.127438932657242 0.126718029379845 0.125997126102448 0.12546007335186 0.125474587082863 0.125489085912704 0.125503599643707 0.12551811337471 0.125532627105713 0.125547140836716 0.125561654567719 0.123538374900818 0.120835833251476 0.118133299052715 0.115430757403374
0.085378423333168 0.0898375362157822 0.0953368321061134 0.103956669569016 0.112576507031918 0.121196337044239 0.129816174507141 0.138436004519463 0.147055849432945 0.155675679445267 0.151105597615242 0.142138868570328 0.133172139525414 0.124205410480499 0.115238688886166 0.106271959841251 0.0973052307963371 0.0923695117235184 0.0995268002152443 0.106684096157551 0.113841384649277 0.120998680591583 0.12815597653389 0.135313257575035 0.142470553517342 0.142070785164833 0.139151990413666 0.13623321056366 0.133314415812492 0.130395635962486 0.127476841211319 0.124558046460152 0.122444622218609 0.122747287154198 0.123049952089787 0.123352609574795 0.123655274510384 0.123957939445972 0.124260604381561 0.12456326186657 0.122738040983677 0.120203524827957 0.117669008672237 0.115134499967098
0.0834231078624725 0.0877954214811325 0.0936282053589821 0.103842407464981 0.114056602120399 0.124270804226398 0.134485006332397 0.144699200987816 0.154913395643234 0.165127605199814 0.161524638533592 0.15331594645977 0.145107254385948 0.136898562312126 0.128689870238304 0.120481185615063 0.112272493541241 0.107833996415138 0.114706069231033 0.121578142046928 0.128450214862823 0.135322272777557 0.142194345593452 0.149066418409348 0.155938491225243 0.153819009661674 0.148702338337898 0.143585667014122 0.138468995690346 0.13335232436657 0.128235653042793 0.123118974268436 0.119429178535938 0.120019994676113 0.120610810816288 0.121201619505882 0.121792435646057 0.122383251786232 0.122974067926407 0.123564884066582 0.121937714517117 0.119571223855019 0.11720472574234 0.114838235080242
0.081467792391777 0.0857533067464828 0.0919195860624313 0.103728145360947 0.115536704659462 0.127345263957977 0.139153823256493 0.150962397456169 0.162770956754684 0.1745795160532 0.171943664550781 0.164493024349213 0.157042369246483 0.149591714143753 0.142141059041023 0.134690418839455 0.127239763736725 0.123298488557339 0.129885330796242 0.136472180485725 0.143059030175209 0.149645879864693 0.156232729554176 0.16281957924366 0.169406428933144 0.165567219257355 0.15825267136097 0.150938123464584 0.143623560667038 0.136309012770653 0.128994464874268 0.121679902076721 0.116413734853268 0.117292702198029 0.118171662092209 0.11905062943697 0.119929596781731 0.120808564126492 0.121687531471252 0.122566498816013 0.121137388050556 0.118938915431499 0.116740442812443 0.114541970193386
0.0758060589432716 0.0791824534535408 0.0848776921629906 0.0975294783711433 0.110181257128716 0.122833043336868 0.135484829545021 0.148136600852013 0.160788387060165 0.173440173268318 0.171810954809189 0.165421411395073 0.159031867980957 0.152642324566841 0.146252781152725 0.139863237738609 0.133473694324493 0.130211755633354 0.136332601308823 0.142453446984291 0.148574307560921 0.154695153236389 0.160815998911858 0.166936859488487 0.173057705163956 0.168682500720024 0.160808607935905 0.152934715151787 0.145060822367668 0.13718692958355 0.129313036799431 0.121439151465893 0.11575548350811 0.116642504930496 0.117529518902302 0.118416532874107 0.119303546845913 0.120190560817719 0.121077574789524 0.12196458876133 0.120449721813202 0.118134222924709 0.115818731486797 0.113503232598305
0.0664379075169563 0.0680828616023064 0.0725025460124016 0.0852464064955711 0.0979902669787407 0.11073412746191 0.12347798794508 0.136221840977669 0.148965701460838 0.161709561944008 0.161126509308815 0.156101137399673 0.151075765490532 0.14605039358139 0.14102503657341 0.135999664664268 0.130974292755127 0.128573790192604 0.134047865867615 0.139521941542625 0.144996017217636 0.150470092892647 0.155944168567657 0.161418244242668 0.166892319917679 0.16316482424736 0.156370148062706 0.149575456976891 0.142780765891075 0.135986089706421 0.129191398620605 0.122396714985371 0.117454439401627 0.118069402873516 0.118684358894825 0.119299322366714 0.119914278388023 0.120529241859913 0.121144197881222 0.121759161353111 0.119874723255634 0.117157153785229 0.114439591765404 0.111722022294998
