data/working_set_collections/6091692-Cassins_Sparrow-M2/2010/gwetroot_avg.asc
NCOLS 265 
NROWS 230 
XLLCORNER -115.5625 
YLLCORNER 24.8333333333333 
CELLSIZE 0.0833333333333333 
NODATA_value -9999 
[rows 20 to 39 of 230, columns 44 to 87 of 265]
0.524917662143707 0.519976496696472 0.515035390853882 0.510094225406647 0.505153059959412 0.500211894512177 0.495270788669586 0.490329623222351 0.491944700479507 0.495745182037354 0.4995456635952 0.503346145153046 0.507146656513214 0.510947108268738 0.514747619628906 0.517805576324463 0.518636167049408 0.519466757774353 0.520297348499298 0.521127939224243 0.521958529949188 0.522789120674133 0.523619711399078 0.518011450767517 0.510256946086884 0.502502381801605 0.494747817516327 0.486993283033371 0.479238748550415 0.471484184265137 0.464912444353104 0.461889088153839 0.458865731954575 0.45584237575531 0.452819019556046 0.449795663356781 0.446772307157516 0.443748950958252 0.444178819656372 0.445759773254395 0.447340726852417 0.448921680450439 0.45050260424614 0.452083557844162
0.541528582572937 0.53471165895462 0.527894735336304 0.521077871322632 0.514260947704315 0.507444024085999 0.500627100467682 0.49381023645401 0.493412911891937 0.495155483484268 0.496898025274277 0.498640596866608 0.500383138656616 0.50212574005127 0.503868281841278 0.505404055118561 0.506319344043732 0.507234692573547 0.508150041103363 0.509065330028534 0.50998067855835 0.510896027088165 0.511811375617981 0.507070064544678 0.50044322013855 0.493816405534744 0.487189590930939 0.480562776327133 0.473935931921005 0.4673091173172 0.461678117513657 0.459034532308578 0.456390976905823 0.453747421503067 0.451103836297989 0.448460280895233 0.445816725492477 0.443173140287399 0.443605214357376 0.44506248831749 0.446519762277603 0.447977036237717 0.44943431019783 0.450891584157944
0.558139503002167 0.549446821212769 0.54075413942337 0.532061457633972 0.523368835449219 0.514676153659821 0.505983471870422 0.497290819883347 0.494881123304367 0.49456575512886 0.494250416755676 0.49393504858017 0.493619680404663 0.493304312229156 0.49298894405365 0.493002444505692 0.494002521038055 0.495002597570419 0.496002674102783 0.497002750635147 0.498002827167511 0.499002903699875 0.500002980232239 0.496128678321838 0.490629553794861 0.485130459070206 0.479631364345551 0.474132239818573 0.468633145093918 0.463134050369263 0.458443760871887 0.45618000626564 0.453916221857071 0.451652437448502 0.449388682842255 0.447124898433685 0.444861114025116 0.442597329616547 0.44303160905838 0.444365203380585 0.445698797702789 0.447032392024994 0.448365986347198 0.449699580669403
0.574750423431396 0.564181983470917 0.553613543510437 0.543045103549957 0.532476663589478 0.521908283233643 0.511339843273163 0.500771403312683 0.496349334716797 0.493976056575775 0.491602778434753 0.489229500293732 0.486856192350388 0.484482914209366 0.482109636068344 0.480600863695145 0.481685698032379 0.482770502567291 0.483855336904526 0.484940141439438 0.48602494597435 0.487109780311584 0.488194584846497 0.485187262296677 0.480815887451172 0.476444482803345 0.47207310795784 0.467701733112335 0.46333035826683 0.458958983421326 0.45520943403244 0.45332545042038 0.451441466808319 0.449557483196259 0.447673499584198 0.445789515972137 0.443905532360077 0.442021548748016 0.442457973957062 0.44366791844368 0.444877833127975 0.446087747812271 0.447297692298889 0.448507606983185
0.580460667610168 0.56956821680069 0.558675825595856 0.547783374786377 0.536890923976898 0.525998473167419 0.515106081962585 0.504213631153107 0.498692274093628 0.49496129155159 0.491230309009552 0.487499326467514 0.483768343925476 0.480037361383438 0.476306349039078 0.473708271980286 0.474508881568909 0.475309491157532 0.476110100746155 0.476910710334778 0.477711319923401 0.478511929512024 0.479312539100647 0.47673973441124 0.4730424284935 0.46934512257576 0.46564781665802 0.46195051074028 0.45825320482254 0.4545558989048 0.451365530490875 0.449696034193039 0.448026537895203 0.446357041597366 0.444687515497208 0.443018019199371 0.441348522901535 0.439679026603699 0.440284043550491 0.441647261381149 0.443010479211807 0.444373697042465 0.445736885070801 0.447100102901459
0.575270295143127 0.565605640411377 0.555940926074982 0.546276211738586 0.536611557006836 0.526946842670441 0.51728218793869 0.507617473602295 0.501909971237183 0.497521489858627 0.493133008480072 0.488744527101517 0.484356075525284 0.479967594146729 0.475579112768173 0.472324639558792 0.472472101449966 0.472619563341141 0.472767025232315 0.472914487123489 0.473061919212341 0.473209381103516 0.47335684299469 0.470786064863205 0.467309176921844 0.463832318782806 0.460355430841446 0.456878572702408 0.453401684761047 0.449924826622009 0.446912080049515 0.445291757583618 0.443671435117722 0.442051112651825 0.440430790185928 0.438810467720032 0.437190145254135 0.435569822788239 0.436509817838669 0.438303261995316 0.440096706151962 0.441890180110931 0.443683624267578 0.445477068424225
0.570079982280731 0.561643004417419 0.553206086158752 0.544769108295441 0.536332190036774 0.527895212173462 0.519458293914795 0.511021316051483 0.505127608776093 0.500081658363342 0.495035707950592 0.489989757537842 0.484943807125092 0.479897856712341 0.474851906299591 0.470941007137299 0.470435321331024 0.469929605722427 0.469423919916153 0.468918234109879 0.468412548303604 0.467906832695007 0.467401146888733 0.46483239531517 0.461575955152512 0.458319514989853 0.455063074827194 0.451806634664536 0.448550194501877 0.445293724536896 0.442458629608154 0.440887480974197 0.43931633234024 0.437745183706284 0.436174035072327 0.43460288643837 0.433031737804413 0.431460589170456 0.432735592126846 0.434959262609482 0.43718296289444 0.439406663179398 0.441630363464355 0.443854063749313
0.56488960981369 0.557680368423462 0.550471186637878 0.543262004852295 0.536052763462067 0.528843581676483 0.5216343998909 0.514425158500671 0.508345305919647 0.50264185667038 0.496938407421112 0.491234987974167 0.485531538724899 0.479828089475632 0.474124670028687 0.469557374715805 0.46839851140976 0.467239677906036 0.466080844402313 0.464921981096268 0.463763147592545 0.462604284286499 0.461445450782776 0.458878725767136 0.455842733383179 0.452806711196899 0.44977068901062 0.446734696626663 0.443698674440384 0.440662652254105 0.438005149364471 0.436483204364777 0.434961229562759 0.433439254760742 0.431917279958725 0.430395305156708 0.428873360157013 0.427351385354996 0.428961336612701 0.431615263223648 0.434269219636917 0.436923146247864 0.43957707285881 0.442231029272079
0.559699237346649 0.553717792034149 0.547736287117004 0.541754841804504 0.535773396492004 0.529791951179504 0.52381044626236 0.51782900094986 0.511562943458557 0.505202054977417 0.498841106891632 0.49248018860817 0.486119270324707 0.479758352041245 0.473397433757782 0.468173742294312 0.466361731290817 0.464549750089645 0.462737739086151 0.460925757884979 0.459113746881485 0.457301735877991 0.455489754676819 0.452925056219101 0.450109481811523 0.447293907403946 0.444478332996368 0.441662758588791 0.438847154378891 0.436031579971313 0.433551698923111 0.432078897953033 0.430606126785278 0.429133325815201 0.427660524845123 0.426187753677368 0.424714952707291 0.423242151737213 0.425187110900879 0.428271293640137 0.431355446577072 0.43443962931633 0.437523812055588 0.440607994794846
0.554508864879608 0.549755156040192 0.545001447200775 0.540247738361359 0.535494029521942 0.530740261077881 0.525986552238464 0.521232843399048 0.514780640602112 0.50776219367981 0.500743806362152 0.493725419044495 0.486707001924515 0.479688614606857 0.472670197486877 0.466790109872818 0.464324951171875 0.461859792470932 0.459394663572311 0.456929504871368 0.454464346170425 0.451999187469482 0.449534058570862 0.446971416473389 0.444376260042191 0.441781103610992 0.439185947179794 0.436590790748596 0.43399566411972 0.431400507688522 0.42909824848175 0.427674621343613 0.426251024007797 0.424827396869659 0.423403799533844 0.421980172395706 0.420556575059891 0.419132947921753 0.421412855386734 0.424927294254303 0.42844170331955 0.431956112384796 0.435470551252365 0.438984960317612
0.554180145263672 0.550210773944855 0.546241462230682 0.542272090911865 0.538302779197693 0.534333407878876 0.530364096164703 0.526394724845886 0.519505739212036 0.511643588542938 0.50378143787384 0.49591925740242 0.488057076931 0.480194896459579 0.472332715988159 0.465719074010849 0.462850987911224 0.459982931613922 0.457114845514297 0.454246759414673 0.451378673315048 0.448510587215424 0.445642530918121 0.443356096744537 0.44126358628273 0.4391710460186 0.437078505754471 0.434985995292664 0.432893455028534 0.430800914764404 0.42889341711998 0.427540957927704 0.42618852853775 0.424836069345474 0.423483610153198 0.422131150960922 0.420778721570969 0.419426262378693 0.421540677547455 0.424810707569122 0.42808073759079 0.431350767612457 0.434620827436447 0.437890857458115
0.55871307849884 0.555084705352783 0.551456332206726 0.547828018665314 0.544199645519257 0.540571331977844 0.536942958831787 0.53331458568573 0.52573835849762 0.516846120357513 0.507953882217407 0.499061703681946 0.49016946554184 0.481277257204056 0.47238501906395 0.464960664510727 0.461939871311188 0.458919078111649 0.455898314714432 0.452877521514893 0.449856728315353 0.446835935115814 0.443815171718597 0.442079186439514 0.440771460533142 0.43946373462677 0.438156008720398 0.436848282814026 0.435540556907654 0.434232831001282 0.432937234640121 0.431677937507629 0.430418610572815 0.429159313440323 0.427900016307831 0.426640719175339 0.425381422042847 0.424122095108032 0.425570547580719 0.427921563386917 0.430272579193115 0.432623594999313 0.434974610805511 0.43732562661171
0.563245952129364 0.559958636760712 0.556671261787415 0.553383886814117 0.550096571445465 0.546809196472168 0.543521821498871 0.540234506130219 0.531970977783203 0.522048652172089 0.512126386165619 0.502204120159149 0.492281854152679 0.48235958814621 0.47243732213974 0.464202225208282 0.461028754711151 0.457855254411697 0.454681754112244 0.451508283615112 0.448334783315659 0.445161283016205 0.441987812519073 0.440802246332169 0.440279334783554 0.43975642323494 0.439233511686325 0.438710600137711 0.438187658786774 0.437664747238159 0.436981022357941 0.435814887285233 0.434648722410202 0.433482557535172 0.432316422462463 0.431150257587433 0.429984092712402 0.428817957639694 0.429600417613983 0.431032419204712 0.432464420795441 0.433896422386169 0.435328423976898 0.436760425567627
0.567778885364532 0.564832508563995 0.561886131763458 0.558939814567566 0.555993437767029 0.553047120571136 0.550100743770599 0.547154366970062 0.538203537464142 0.527251243591309 0.516298890113831 0.505346596240997 0.494394272565842 0.483441948890686 0.47248962521553 0.46344381570816 0.460117638111115 0.456791430711746 0.453465223312378 0.450139045715332 0.446812838315964 0.443486630916595 0.44016045331955 0.439525306224823 0.439787209033966 0.440049111843109 0.44031098484993 0.440572887659073 0.440834790468216 0.441096663475037 0.441024839878082 0.439951837062836 0.438878834247589 0.437805831432343 0.436732798814774 0.435659795999527 0.43458679318428 0.433513790369034 0.433630287647247 0.434143275022507 0.434656262397766 0.435169249773026 0.435682237148285 0.436195224523544
0.572311758995056 0.569706439971924 0.567101061344147 0.56449568271637 0.561890363693237 0.55928498506546 0.556679606437683 0.554074287414551 0.544436156749725 0.532453775405884 0.520471394062042 0.508489012718201 0.496506661176682 0.48452427983284 0.472541898488998 0.462685406208038 0.459206491708755 0.455727607011795 0.452248692512512 0.448769778013229 0.445290893316269 0.441811978816986 0.438333094120026 0.4382483959198 0.439295083284378 0.440341800451279 0.441388487815857 0.442435175180435 0.443481892347336 0.444528579711914 0.445068657398224 0.444088786840439 0.443108946084976 0.442129075527191 0.441149204969406 0.440169364213943 0.439189493656158 0.438209623098373 0.437660127878189 0.437254101037979 0.436848074197769 0.436442047357559 0.436036020517349 0.435629993677139
0.576844692230225 0.574580311775208 0.572315990924835 0.570051610469818 0.567787230014801 0.565522849559784 0.563258528709412 0.560994148254395 0.550668716430664 0.537656307220459 0.524643898010254 0.511631488800049 0.498619049787521 0.485606640577316 0.472594201564789 0.461926996707916 0.458295375108719 0.454663753509521 0.451032161712646 0.447400540113449 0.443768948316574 0.440137326717377 0.436505734920502 0.436971455812454 0.43880295753479 0.440634459257126 0.442465990781784 0.44429749250412 0.446128994226456 0.447960495948792 0.449112474918365 0.448225736618042 0.447339028120041 0.44645231962204 0.445565611124039 0.444678902626038 0.443792194128036 0.442905455827713 0.441689997911453 0.440364956855774 0.439039915800095 0.437714874744415 0.436389833688736 0.435064792633057
0.576883256435394 0.575047969818115 0.573212623596191 0.571377277374268 0.569541990756989 0.567706644535065 0.565871298313141 0.564036011695862 0.554047465324402 0.541341245174408 0.528634965419769 0.515928745269775 0.503222465515137 0.49051621556282 0.477809965610504 0.467094391584396 0.462350755929947 0.45760715007782 0.452863544225693 0.448119908571243 0.443376302719116 0.438632696866989 0.43388906121254 0.434558004140854 0.437031120061874 0.439504265785217 0.441977381706238 0.444450497627258 0.446923643350601 0.449396759271622 0.451043903827667 0.450213134288788 0.449382364749908 0.448551625013351 0.447720855474472 0.446890085935593 0.446059316396713 0.445228546857834 0.443560779094696 0.441614061594009 0.439667314291 0.437720566987991 0.435773819684982 0.433827072381973
0.57242751121521 0.571109294891357 0.56979101896286 0.568472802639008 0.56715452671051 0.565836310386658 0.56451803445816 0.563199818134308 0.554572343826294 0.543508470058441 0.532444655895233 0.52138078212738 0.510316908359528 0.499253064393997 0.488189220428467 0.478187590837479 0.471372663974762 0.464557737112045 0.457742810249329 0.450927883386612 0.444112956523895 0.437298029661179 0.430483102798462 0.431008040904999 0.433979600667953 0.436951160430908 0.43992269039154 0.442894250154495 0.44586580991745 0.448837339878082 0.450863003730774 0.450050979852676 0.449238955974579 0.448426932096481 0.447614908218384 0.446802884340286 0.445990860462189 0.445178836584091 0.44327250123024 0.441001385450363 0.438730239868164 0.436459124088287 0.434188008308411 0.431916892528534
0.567971765995026 0.5671706199646 0.566369473934174 0.565568268299103 0.564767122268677 0.563965976238251 0.56316477060318 0.562363624572754 0.555097222328186 0.545675754547119 0.536254286766052 0.526832818984985 0.517411351203918 0.507989883422852 0.498568445444107 0.489280790090561 0.480394572019577 0.471508324146271 0.462622106075287 0.453735858201981 0.444849640130997 0.43596339225769 0.427077174186707 0.427458077669144 0.43092805147171 0.434398055076599 0.437868028879166 0.441338002681732 0.444807976484299 0.448277950286865 0.450682103633881 0.449888825416565 0.449095547199249 0.448302268981934 0.447508990764618 0.446715712547302 0.445922434329987 0.445129156112671 0.442984193563461 0.440388709306717 0.43779319524765 0.435197681188583 0.432602196931839 0.430006682872772
0.563516080379486 0.563231945037842 0.562947869300842 0.562663793563843 0.562379717826843 0.562095582485199 0.561811506748199 0.5615274310112 0.555622100830078 0.547843039035797 0.540063977241516 0.532284915447235 0.524505853652954 0.516726732254028 0.508947670459747 0.500374019145966 0.48941645026207 0.478458911180496 0.467501372098923 0.456543833017349 0.445586293935776 0.434628754854202 0.423671215772629 0.423908144235611 0.427876532077789 0.431844919919968 0.435813337564468 0.439781725406647 0.443750143051147 0.447718530893326 0.450501203536987 0.449726670980453 0.44895213842392 0.448177605867386 0.447403073310852 0.446628510951996 0.445853978395462 0.445079445838928 0.442695915699005 0.439776003360748 0.436856120824814 0.433936238288879 0.431016355752945 0.42809647321701
