data/working_set_collections/6091692-Cassins_Sparrow-M2/2010/gwetprof_avg.asc
NCOLS 265 
NROWS 230 
XLLCORNER -115.5625 
YLLCORNER 24.8333333333333 
CELLSIZE 0.0833333333333333 
NODATA_value -9999 
[rows 100 to 119 of 230, columns 176 to 219 of 265]
0.394007205963135 0.398265957832336 0.402524679899216 0.406266152858734 0.408455729484558 0.410645306110382 0.412834882736206 0.41502445936203 0.417214065790176 0.419403642416 0.421593219041824 0.421168804168701 0.419873058795929 0.418577283620834 0.417281538248062 0.41598579287529 0.414690047502518 0.413394272327423 0.412699073553085 0.413805454969406 0.414911866188049 0.41601824760437 0.417124629020691 0.418231040239334 0.419337421655655 0.420443803071976 0.422762334346771 0.425484895706177 0.42820742726326 0.430929988622665 0.433652549982071 0.436375111341476 0.43909764289856 0.441194236278534 0.441412836313248 0.441631466150284 0.441850066184998 0.442068696022034 0.442287296056747 0.442505925893784 0.442724525928497 0.449150294065475 0.457645118236542 0.466139942407608
0.398035913705826 0.4029600918293 0.407884240150452 0.412089347839355 0.414137184619904 0.416185021400452 0.418232858181 0.420280694961548 0.422328531742096 0.424376368522644 0.426424205303192 0.425234526395798 0.422965705394745 0.42069685459137 0.418428003787994 0.416159152984619 0.413890302181244 0.411621451377869 0.41021454334259 0.411393493413925 0.41257244348526 0.413751393556595 0.41493034362793 0.416109293699265 0.417288243770599 0.418467164039612 0.421061962842941 0.42412868142128 0.427195370197296 0.430262088775635 0.433328807353973 0.436395525932312 0.439462244510651 0.441794782876968 0.441924721002579 0.442054659128189 0.442184627056122 0.442314565181732 0.442444533109665 0.442574471235275 0.442704409360886 0.450375914573669 0.460561275482178 0.470746606588364
0.40178856253624 0.407192945480347 0.412597298622131 0.417121410369873 0.419004648923874 0.420887887477875 0.422771126031876 0.424654364585876 0.426537603139877 0.428420871496201 0.430304110050201 0.428671330213547 0.425866544246674 0.4230617582798 0.420256972312927 0.417452186346054 0.414647400379181 0.411842614412308 0.410017490386963 0.411131411790848 0.412245333194733 0.413359224796295 0.41447314620018 0.415587067604065 0.41670098900795 0.417814880609512 0.420342952013016 0.423342406749725 0.426341861486435 0.429341316223145 0.432340770959854 0.435340195894241 0.438339650630951 0.44063338637352 0.440809905529022 0.440986394882202 0.441162914037704 0.441339433193207 0.441515952348709 0.441692471504211 0.441868990659714 0.4503433406353 0.461583614349365 0.472823917865753
0.405265212059021 0.410964548587799 0.416663855314255 0.421362310647964 0.423058122396469 0.424753904342651 0.426449686288834 0.428145498037338 0.42984127998352 0.431537091732025 0.433232873678207 0.431479156017303 0.428575575351715 0.425672024488449 0.422768443822861 0.419864892959595 0.416961312294006 0.41405776143074 0.412107884883881 0.413019180297852 0.413930475711823 0.414841771125793 0.415753066539764 0.416664361953735 0.417575657367706 0.418486952781677 0.420605331659317 0.423126101493835 0.425646841526031 0.42816761136055 0.430688381195068 0.433209121227264 0.435729891061783 0.437710046768188 0.438068360090256 0.438426673412323 0.43878498673439 0.439143300056458 0.439501613378525 0.439859926700592 0.440218240022659 0.449052542448044 0.460712194442749 0.472371846437454
0.40874183177948 0.414736121892929 0.420730412006378 0.425603240728378 0.427111566066742 0.428619921207428 0.430128276348114 0.431636601686478 0.433144956827164 0.43465331196785 0.436161667108536 0.43428698182106 0.431284636259079 0.428282290697098 0.425279945135117 0.422277599573135 0.419275254011154 0.416272908449173 0.414198309183121 0.414906978607178 0.415615648031235 0.416324317455292 0.417032986879349 0.417741656303406 0.418450325727463 0.41915899515152 0.420867711305618 0.422909796237946 0.42495185136795 0.426993936300278 0.429035991430283 0.431078046560287 0.433120131492615 0.434786707162857 0.435326814651489 0.435866922140121 0.436407029628754 0.436947166919708 0.43748727440834 0.438027381896973 0.438567489385605 0.44776177406311 0.459840804338455 0.471919804811478
0.412218481302261 0.418507725000381 0.424796968698502 0.42984414100647 0.431165039539337 0.432485938072205 0.433806836605072 0.435127735137939 0.436448633670807 0.437769532203674 0.439090430736542 0.437094807624817 0.43399366736412 0.430892556905746 0.42779141664505 0.424690306186676 0.42158916592598 0.418488025665283 0.416288703680038 0.416794747114182 0.417300820350647 0.41780686378479 0.418312907218933 0.418818950653076 0.419325023889542 0.419831067323685 0.421130120754242 0.422693490982056 0.424256861209869 0.425820231437683 0.427383601665497 0.428946971893311 0.430510342121124 0.431863367557526 0.432585269212723 0.433307200670242 0.434029102325439 0.434751003980637 0.435472935438156 0.436194837093353 0.43691673874855 0.446471005678177 0.458969384431839 0.471467733383179
0.415695130825043 0.422279328107834 0.428863525390625 0.434085041284561 0.435218513011932 0.436351954936981 0.43748539686203 0.438618868589401 0.43975231051445 0.440885752439499 0.442019194364548 0.439902633428574 0.436702728271484 0.433502823114395 0.430302917957306 0.427103012800217 0.423903077840805 0.420703172683716 0.418379098176956 0.418682545423508 0.418985962867737 0.419289410114288 0.419592827558517 0.419896274805069 0.420199692249298 0.420503109693527 0.421392500400543 0.422477185726166 0.423561841249466 0.424646526575089 0.425731211900711 0.426815897226334 0.427900582551956 0.428940027952194 0.429843723773956 0.430747449398041 0.431651145219803 0.432554870843887 0.433458566665649 0.434362292289734 0.435265988111496 0.445180237293243 0.458097964525223 0.471015691757202
0.419171750545502 0.426050931215286 0.432930082082748 0.438325971364975 0.439271956682205 0.440217971801758 0.441163957118988 0.442109972238541 0.443055987358093 0.444001972675323 0.444947987794876 0.44271045923233 0.439411789178848 0.436113089323044 0.432814389467239 0.429515719413757 0.426217019557953 0.422918319702148 0.420469522476196 0.420570313930511 0.420671135187149 0.420771926641464 0.420872747898102 0.420973569154739 0.421074360609055 0.421175181865692 0.421654880046844 0.422260850667953 0.422866851091385 0.423472851514816 0.424078822135925 0.424684822559357 0.425290822982788 0.426016688346863 0.427102208137512 0.428187698125839 0.429273217916489 0.430358737707138 0.431444227695465 0.432529747486115 0.433615267276764 0.443889439105988 0.457226544618607 0.470563620328903
0.417520731687546 0.42400074005127 0.430480748414993 0.435553699731827 0.436405628919601 0.437257528305054 0.438109427690506 0.438961356878281 0.439813256263733 0.440665155649185 0.44151708483696 0.439498066902161 0.43652206659317 0.43354606628418 0.430570095777512 0.427594095468521 0.424618124961853 0.421642124652863 0.419462203979492 0.419670462608337 0.419878751039505 0.42008700966835 0.420295298099518 0.420503556728363 0.420711845159531 0.420920103788376 0.421246528625488 0.421612352132797 0.421978145837784 0.422343969345093 0.422709763050079 0.423075586557388 0.423441380262375 0.424036413431168 0.425319075584412 0.426601767539978 0.427884429693222 0.429167121648788 0.430449783802032 0.431732475757599 0.433015137910843 0.443156361579895 0.456250429153442 0.46934449672699
0.410742044448853 0.416128754615784 0.421515464782715 0.425768315792084 0.426619470119476 0.427470624446869 0.428321808576584 0.429172962903976 0.430024147033691 0.430875301361084 0.431726455688477 0.43026539683342 0.428033590316772 0.425801783800125 0.423569977283478 0.421338200569153 0.419106394052505 0.416874587535858 0.415357172489166 0.415982991456985 0.416608810424805 0.417234629392624 0.417860448360443 0.418486267328262 0.419112086296082 0.419737905263901 0.420167475938797 0.42053160071373 0.420895725488663 0.421259880065918 0.421624004840851 0.421988159418106 0.422352284193039 0.422999203205109 0.424494415521622 0.425989627838135 0.427484840154648 0.428980052471161 0.430475264787674 0.431970477104187 0.4334656894207 0.442980974912643 0.455169647932053 0.467358291149139
0.403963357210159 0.408256769180298 0.412550210952759 0.415982902050018 0.416833311319351 0.417683750391006 0.418534159660339 0.419384598731995 0.420235008001328 0.421085447072983 0.421935856342316 0.421032756567001 0.419545143842697 0.418057501316071 0.416569888591766 0.415082275867462 0.413594663143158 0.412107020616531 0.411252170801163 0.412295520305634 0.413338869810104 0.414382249116898 0.415425598621368 0.416468977928162 0.417512327432632 0.418555706739426 0.419088393449783 0.419450849294662 0.419813334941864 0.420175790786743 0.420538246631622 0.420900732278824 0.421263188123703 0.42196199297905 0.423669725656509 0.425377488136292 0.427085220813751 0.428792983293533 0.430500715970993 0.432208478450775 0.433916211128235 0.442805588245392 0.45408883690834 0.465372115373611
0.397184640169144 0.400384813547134 0.403584957122803 0.406197488307953 0.407047152519226 0.407896846532822 0.408746540546417 0.40959620475769 0.410445898771286 0.411295592784882 0.412145256996155 0.411800116300583 0.411056667566299 0.410313218832016 0.409569799900055 0.408826351165771 0.40808293223381 0.407339483499527 0.407147139310837 0.408608049154282 0.410068958997726 0.411529868841171 0.412990778684616 0.414451688528061 0.415912598371506 0.417373508214951 0.41800931096077 0.418370127677917 0.418730914592743 0.419091701507568 0.419452518224716 0.419813305139542 0.420174092054367 0.420924782752991 0.42284506559372 0.424765348434448 0.426685631275177 0.428605914115906 0.430526196956635 0.432446479797363 0.434366762638092 0.44263020157814 0.453008055686951 0.463385909795761
0.39040595293045 0.392512828111649 0.394619673490524 0.396412074565887 0.397261023521423 0.398109942674637 0.398958891630173 0.399807840585709 0.400656789541245 0.401505708694458 0.402354657649994 0.402567446231842 0.402568191289902 0.402568936347961 0.402569681406021 0.402570456266403 0.402571201324463 0.402571946382523 0.403042107820511 0.40492057800293 0.406799018383026 0.408677488565445 0.410555928945541 0.41243439912796 0.414312839508057 0.416191309690475 0.416930258274078 0.41728937625885 0.417648494243622 0.418007642030716 0.418366760015488 0.418725878000259 0.419084995985031 0.419887542724609 0.422020375728607 0.424153178930283 0.42628601193428 0.428418844938278 0.430551648139954 0.432684481143951 0.434817284345627 0.442454814910889 0.451927274465561 0.461399704217911
0.383627265691757 0.384640842676163 0.385654419660568 0.386626660823822 0.387474864721298 0.388323068618774 0.389171272516251 0.390019446611404 0.390867650508881 0.391715854406357 0.392564058303833 0.393334805965424 0.394079744815826 0.394824653863907 0.39556959271431 0.396314531564713 0.397059470415115 0.397804379463196 0.398937076330185 0.401233077049255 0.403529077768326 0.405825078487396 0.408121079206467 0.410417079925537 0.412713080644608 0.415009081363678 0.415851175785065 0.416208654642105 0.416566103696823 0.416923552751541 0.417281001806259 0.417638450860977 0.417995899915695 0.41885033249855 0.421195685863495 0.423541039228439 0.425886392593384 0.428231745958328 0.430577099323273 0.43292248249054 0.435267835855484 0.442279428243637 0.450846463441849 0.45941349864006
0.380533546209335 0.380991607904434 0.381449699401855 0.381992042064667 0.38278716802597 0.383582323789597 0.3843774497509 0.385172605514526 0.385967761278152 0.386762887239456 0.387558043003082 0.388591319322586 0.389704018831253 0.390816688537598 0.391929388046265 0.393042057752609 0.394154727458954 0.395267426967621 0.396724969148636 0.39921709895134 0.401709228754044 0.404201358556747 0.406693488359451 0.409185647964478 0.411677777767181 0.414169907569885 0.415045112371445 0.415381342172623 0.415717571973801 0.416053831577301 0.416390061378479 0.416726291179657 0.417062520980835 0.418105155229568 0.421267002820969 0.424428850412369 0.427590698003769 0.430752545595169 0.433914422988892 0.437076270580292 0.440238118171692 0.446807354688644 0.454512417316437 0.462217479944229
0.381124794483185 0.381565123796463 0.382005482912064 0.382508188486099 0.383197963237762 0.383887737989426 0.384577512741089 0.385267287492752 0.385957062244415 0.386646807193756 0.387336581945419 0.388337045907974 0.389441043138504 0.390545040369034 0.391649037599564 0.392753034830093 0.393857032060623 0.394961029291153 0.396405726671219 0.398872584104538 0.401339441537857 0.403806298971176 0.406273156404495 0.408740013837814 0.411206871271133 0.413673728704453 0.414512038230896 0.414807498455048 0.415102988481522 0.415398448705673 0.415693908929825 0.415989369153976 0.41628485918045 0.417652010917664 0.422234326601028 0.426816642284393 0.431398928165436 0.435981243848801 0.440563529729843 0.445145845413208 0.44972813129425 0.456038594245911 0.462925106287003 0.469811588525772
0.381716012954712 0.382138669490814 0.382561296224594 0.383024364709854 0.383608758449554 0.384193152189255 0.384777545928955 0.385361939668655 0.385946363210678 0.386530756950378 0.387115150690079 0.38808274269104 0.389178037643433 0.390273362398148 0.391368687152863 0.392464011907578 0.39355930685997 0.394654631614685 0.396086513996124 0.398528099060059 0.400969684123993 0.403411239385605 0.405852824449539 0.408294409513474 0.410735964775085 0.41317754983902 0.413978964090347 0.414233684539795 0.41448837518692 0.414743065834045 0.414997756481171 0.415252476930618 0.415507167577744 0.417198896408081 0.423201650381088 0.429204404354095 0.435207158327103 0.44120991230011 0.447212666273117 0.453215420246124 0.459218174219131 0.465269833803177 0.471337795257568 0.477405726909637
0.382307261228561 0.382712185382843 0.383117079734802 0.383540511131287 0.384019553661346 0.384498566389084 0.384977608919144 0.385456621646881 0.385935634374619 0.386414676904678 0.386893689632416 0.387828439474106 0.388915061950684 0.390001714229584 0.391088336706161 0.392174959182739 0.393261611461639 0.394348233938217 0.39576730132103 0.398183584213257 0.400599896907806 0.403016179800034 0.405432492494583 0.40784877538681 0.41026508808136 0.412681370973587 0.413445889949799 0.41365984082222 0.413873761892319 0.414087682962418 0.414301633834839 0.414515554904938 0.414729475975037 0.416745752096176 0.424168944358826 0.431592166423798 0.439015358686447 0.446438580751419 0.453861802816391 0.46128499507904 0.468708217144012 0.474501073360443 0.479750454425812 0.484999865293503
0.382898509502411 0.383285701274872 0.38367286324501 0.384056657552719 0.384430319070816 0.384803980588913 0.38517764210701 0.385551303625107 0.385924935340881 0.386298596858978 0.386672258377075 0.387574136257172 0.388652086257935 0.389730036258698 0.39080798625946 0.391885936260223 0.392963886260986 0.394041836261749 0.395448058843613 0.397839099168777 0.40023010969162 0.402621120214462 0.405012130737305 0.40740317106247 0.409794181585312 0.412185192108154 0.41291281580925 0.413085997104645 0.413259148597717 0.413432329893112 0.413605481386185 0.413778632879257 0.413951814174652 0.416292607784271 0.425136268138885 0.4339799284935 0.442823588848114 0.451667249202728 0.460510909557343 0.469354569911957 0.478198230266571 0.483732283115387 0.488163143396378 0.492594003677368
0.38348975777626 0.383859217166901 0.384228676557541 0.384572833776474 0.384841114282608 0.385109394788742 0.385377675294876 0.38564595580101 0.385914236307144 0.386182546615601 0.386450827121735 0.387319833040237 0.388389110565186 0.389458388090134 0.390527635812759 0.391596913337708 0.392666190862656 0.393735468387604 0.395128846168518 0.397494584321976 0.399860322475433 0.402226060628891 0.404591798782349 0.406957536935806 0.409323275089264 0.411689013242722 0.412379741668701 0.41251215338707 0.412644535303116 0.412776947021484 0.41290932893753 0.413041740655899 0.413174122571945 0.415839463472366 0.426103591918945 0.436367690563202 0.446631819009781 0.456895917654037 0.467160046100616 0.477424174547195 0.487688273191452 0.492963522672653 0.496575832366943 0.500188112258911
