data/working_set_collections/6091692-Cassins_Sparrow-M2/2010/gwetprof_avg.asc
NCOLS 265 
NROWS 230 
XLLCORNER -115.5625 
YLLCORNER 24.8333333333333 
CELLSIZE 0.0833333333333333 
NODATA_value -9999 
[rows 80 to 99 of 230, columns 44 to 87 of 265]
0.40496039390564 0.402242928743362 0.399525433778763 0.396807968616486 0.394090503454208 0.391373038291931 0.388655573129654 0.385938107967377 0.387131363153458 0.389628231525421 0.392125070095062 0.394621908664703 0.397118777036667 0.399615615606308 0.402112483978271 0.402989387512207 0.399006575345993 0.395023733377457 0.39104089140892 0.387058049440384 0.383075207471848 0.379092365503311 0.375109523534775 0.377193570137024 0.381299912929535 0.385406225919724 0.389512568712234 0.393618911504745 0.397725224494934 0.401831567287445 0.405402779579163 0.407368630170822 0.409334480762482 0.411300361156464 0.413266211748123 0.415232062339783 0.417197912931442 0.419163763523102 0.420606195926666 0.421874135732651 0.423142075538635 0.42441001534462 0.425677955150604 0.426945894956589
0.398647367954254 0.397349923849106 0.396052479743958 0.394755035638809 0.393457591533661 0.392160147428513 0.390862703323364 0.389565259218216 0.390657812356949 0.39254704117775 0.39443626999855 0.396325528621674 0.398214757442474 0.400103986263275 0.401993215084076 0.402410119771957 0.398410081863403 0.394410043954849 0.390409976243973 0.386409938335419 0.382409900426865 0.378409832715988 0.374409794807434 0.377543926239014 0.383056104183197 0.38856828212738 0.394080430269241 0.399592608213425 0.405104786157608 0.410616964101791 0.415113031864166 0.416560769081116 0.418008506298065 0.419456243515015 0.420903980731964 0.422351717948914 0.423799455165863 0.425247192382812 0.425882399082184 0.426246702671051 0.426611036062241 0.42697536945343 0.42733970284462 0.427704036235809
0.392334342002869 0.392456918954849 0.39257949590683 0.39270207285881 0.392824649810791 0.392947256565094 0.393069833517075 0.393192410469055 0.39418426156044 0.3954658806324 0.396747499704361 0.398029118776321 0.399310737848282 0.40059232711792 0.40187394618988 0.401830852031708 0.397813588380814 0.393796354532242 0.389779090881348 0.385761827230453 0.381744593381882 0.377727329730988 0.373710066080093 0.377894282341003 0.384812295436859 0.391730308532715 0.398648321628571 0.405566334724426 0.412484347820282 0.419402360916138 0.42482328414917 0.425752907991409 0.426682531833649 0.427612155675888 0.428541779518127 0.429471403360367 0.430401027202606 0.431330651044846 0.431158602237701 0.430619299411774 0.430080026388168 0.429540753364563 0.429001450538635 0.42846217751503
0.386021286249161 0.387563914060593 0.389106512069702 0.390649139881134 0.392191737890244 0.393734335899353 0.395276963710785 0.396819561719894 0.397710710763931 0.398384720087051 0.399058699607849 0.399732708930969 0.400406718254089 0.401080697774887 0.401754707098007 0.401251584291458 0.397217124700546 0.393182665109634 0.389148205518723 0.385113716125488 0.381079256534576 0.377044796943665 0.373010337352753 0.378244608640671 0.386568486690521 0.394892334938049 0.403216183185577 0.411540061235428 0.419863909482956 0.428187757730484 0.434533536434174 0.434945046901703 0.435356557369232 0.435768067836761 0.436179548501968 0.436591058969498 0.437002569437027 0.437414079904556 0.436434775590897 0.434991896152496 0.433548986911774 0.432106107473373 0.430663198232651 0.42922031879425
0.38570573925972 0.387296825647354 0.388887912034988 0.390478998422623 0.392070084810257 0.393661201000214 0.395252287387848 0.396843373775482 0.397453844547272 0.397737443447113 0.398021042346954 0.398304611444473 0.398588210344315 0.398871809244156 0.399155408143997 0.398488283157349 0.394969075918198 0.391449868679047 0.387930661439896 0.384411424398422 0.380892217159271 0.37737300992012 0.373853772878647 0.37960159778595 0.38843846321106 0.397275298833847 0.406112134456635 0.414948970079422 0.42378580570221 0.432622641324997 0.439403384923935 0.44001579284668 0.440628230571747 0.441240668296814 0.441853076219559 0.442465513944626 0.443077951669693 0.443690359592438 0.442324638366699 0.440299510955811 0.438274383544922 0.436249256134033 0.434224128723145 0.432199001312256
0.391387611627579 0.391655653715134 0.391923666000366 0.392191708087921 0.392459750175476 0.392727762460709 0.392995804548264 0.393263846635818 0.393413633108139 0.393524050712585 0.393634468317032 0.393744856119156 0.393855273723602 0.393965661525726 0.394076079130173 0.393541008234024 0.39106947183609 0.388597965240479 0.386126458644867 0.383654952049255 0.381183445453644 0.37871190905571 0.376240402460098 0.38196524977684 0.390422195196152 0.398879170417786 0.407336115837097 0.415793061256409 0.424250036478043 0.432706981897354 0.439432799816132 0.440965175628662 0.442497581243515 0.444029957056046 0.445562332868576 0.447094738483429 0.44862711429596 0.450159519910812 0.448828130960464 0.446542143821716 0.444256156682968 0.44197016954422 0.439684182405472 0.437398225069046
0.397069483995438 0.396014451980591 0.394959449768066 0.39390441775322 0.392849385738373 0.391794353723526 0.390739321708679 0.389684289693832 0.389373451471329 0.389310657978058 0.389247894287109 0.389185100793839 0.389122307300568 0.389059513807297 0.388996750116348 0.388593703508377 0.387169897556305 0.385746091604233 0.384322255849838 0.382898449897766 0.381474643945694 0.380050837993622 0.37862703204155 0.384328871965408 0.392405956983566 0.400483012199402 0.40856009721756 0.416637182235718 0.424714237451553 0.432791322469711 0.439462214708328 0.441914558410645 0.444366902112961 0.4468192756176 0.449271619319916 0.451723963022232 0.454176306724548 0.456628650426865 0.45533162355423 0.452784776687622 0.450237929821014 0.447691112756729 0.445144265890121 0.442597448825836
0.402751386165619 0.40037328004837 0.397995203733444 0.395617097616196 0.39323902130127 0.390860944986343 0.388482838869095 0.386104762554169 0.385333269834518 0.385097295045853 0.384861320257187 0.384625345468521 0.384389370679855 0.38415339589119 0.383917421102524 0.38364639878273 0.383270293474197 0.382894188165665 0.382518082857132 0.382141977548599 0.381765842437744 0.381389737129211 0.381013631820679 0.386692494153976 0.394389688968658 0.40208688378334 0.409784078598022 0.417481273412704 0.425178468227386 0.432875663042068 0.439491659402847 0.442863941192627 0.446236252784729 0.449608564376831 0.452980875968933 0.456353187561035 0.459725469350815 0.463097780942917 0.461835086345673 0.459027409553528 0.456219732761383 0.453412026166916 0.450604349374771 0.447796642780304
0.408433258533478 0.40473210811615 0.401030957698822 0.397329807281494 0.393628656864166 0.389927506446838 0.38622635602951 0.382525205612183 0.381293058395386 0.380883902311325 0.380474746227264 0.380065560340881 0.379656404256821 0.37924724817276 0.378838092088699 0.378699094057083 0.37937068939209 0.380042284727097 0.380713880062103 0.38138547539711 0.382057070732117 0.382728666067123 0.38340026140213 0.389056146144867 0.396373450756073 0.403690755367279 0.411008089780807 0.418325394392014 0.42564269900322 0.432960033416748 0.439521074295044 0.443813323974609 0.448105603456497 0.452397853136063 0.45669013261795 0.460982412099838 0.465274661779404 0.469566941261292 0.468338578939438 0.465270042419434 0.462201505899429 0.459132969379425 0.456064432859421 0.452995866537094
0.414115130901337 0.409090936183929 0.4040667116642 0.399042516946793 0.394018322229385 0.388994097709656 0.383969902992249 0.378945678472519 0.377252876758575 0.376670509576797 0.376088172197342 0.375505805015564 0.374923467636108 0.37434110045433 0.373758763074875 0.373751819133759 0.375471115112305 0.377190411090851 0.378909707069397 0.380629003047943 0.382348269224167 0.384067565202713 0.385786861181259 0.391419768333435 0.398357212543488 0.405294626951218 0.41223207116127 0.419169485569 0.426106929779053 0.433044373989105 0.439550489187241 0.444762706756592 0.449974954128265 0.455187171697617 0.460399389266968 0.465611606836319 0.470823854207993 0.476036071777344 0.474842071533203 0.471512675285339 0.468183279037476 0.464853882789612 0.461524486541748 0.458195090293884
0.415953874588013 0.410271883010864 0.404589891433716 0.398907899856567 0.393225908279419 0.38754391670227 0.381861925125122 0.376179933547974 0.374500006437302 0.374154090881348 0.373808175325394 0.373462289571762 0.373116374015808 0.372770488262177 0.372424572706223 0.372797816991806 0.375328481197357 0.377859115600586 0.380389779806137 0.382920444011688 0.385451108217239 0.38798177242279 0.390512436628342 0.395734041929245 0.401852667331696 0.407971292734146 0.414089918136597 0.420208513736725 0.426327139139175 0.432445764541626 0.438496321439743 0.444342643022537 0.450188994407654 0.45603534579277 0.461881667375565 0.467728018760681 0.473574340343475 0.479420691728592 0.477930396795273 0.473994553089142 0.470058739185333 0.466122895479202 0.462187051773071 0.458251237869263
0.413949429988861 0.408274948596954 0.402600437402725 0.396925926208496 0.391251444816589 0.38557693362236 0.379902452230453 0.374227941036224 0.373034447431564 0.373334646224976 0.373634815216064 0.373934984207153 0.374235183000565 0.374535351991653 0.374835550785065 0.375837087631226 0.378942787647247 0.382048487663269 0.385154157876968 0.38825985789299 0.391365528106689 0.394471228122711 0.397576928138733 0.401998996734619 0.406859874725342 0.411720722913742 0.416581600904465 0.421442478895187 0.42630335688591 0.43116420507431 0.436358511447906 0.442553132772446 0.448747754096985 0.454942345619202 0.461136966943741 0.467331558465958 0.473526179790497 0.479720801115036 0.477603554725647 0.472715705633163 0.46782785654068 0.462939977645874 0.45805212855339 0.453164279460907
0.411945015192032 0.406278014183044 0.400610983371735 0.394943982362747 0.38927698135376 0.383609980344772 0.377942949533463 0.372275948524475 0.371568918228149 0.372515171766281 0.373461425304413 0.374407708644867 0.375353962182999 0.376300245523453 0.377246499061584 0.378876388072968 0.382557094097137 0.38623782992363 0.3899185359478 0.393599271774292 0.397279977798462 0.400960683822632 0.404641419649124 0.408263921737671 0.411867052316666 0.41547018289566 0.419073313474655 0.422676414251328 0.426279544830322 0.429882675409317 0.434220731258392 0.440763622522354 0.447306483983994 0.453849375247955 0.460392236709595 0.466935127973557 0.473478019237518 0.480020880699158 0.477276712656021 0.471436828374863 0.465596944093704 0.459757089614868 0.45391720533371 0.448077321052551
0.40994057059288 0.404281079769135 0.398621559143066 0.392962038516998 0.38730251789093 0.381642997264862 0.375983476638794 0.370323985815048 0.370103359222412 0.371695697307587 0.373288065195084 0.374880433082581 0.376472771167755 0.378065139055252 0.379657477140427 0.38191568851471 0.38617143034935 0.39042717218399 0.394682914018631 0.398938655853271 0.403194397687912 0.407450139522552 0.411705911159515 0.414528876543045 0.41687422990799 0.419219613075256 0.421564996242523 0.42391037940979 0.426255732774734 0.428601115942001 0.432082951068878 0.43897408246994 0.445865243673325 0.452756404876709 0.459647536277771 0.466538697481155 0.473429828882217 0.480320990085602 0.476949840784073 0.470157951116562 0.463366061449051 0.45657417178154 0.449782282114029 0.442990362644196
0.407936155796051 0.402284115552902 0.396632105112076 0.390980094671249 0.385328054428101 0.379676043987274 0.374024003744125 0.368371993303299 0.368637800216675 0.370876252651215 0.373114705085754 0.375353127717972 0.377591580152512 0.379830002784729 0.382068455219269 0.384954959154129 0.38978573679924 0.394616514444351 0.399447292089462 0.404278069734573 0.409108847379684 0.413939625024796 0.418770402669907 0.420793801546097 0.421881437301636 0.422969073057175 0.424056679010391 0.42514431476593 0.426231950521469 0.427319586277008 0.429945141077042 0.437184572219849 0.444424003362656 0.45166340470314 0.458902835845947 0.466142237186432 0.473381668329239 0.480621099472046 0.476622998714447 0.468879103660583 0.461135178804398 0.453391253948212 0.445647329092026 0.437903434038162
0.405931711196899 0.400287181138992 0.394642651081085 0.388998121023178 0.383353590965271 0.377709060907364 0.372064530849457 0.36642000079155 0.36717227101326 0.37005677819252 0.372941315174103 0.375825852155685 0.378710359334946 0.381594896316528 0.384479433298111 0.387994259595871 0.393400073051453 0.398805856704712 0.404211670160294 0.409617483615875 0.415023267269135 0.420429080724716 0.425834894180298 0.427058726549149 0.42688861489296 0.426718503236771 0.426548391580582 0.426378279924393 0.426208138465881 0.426038026809692 0.427807360887527 0.435395061969757 0.442982733249664 0.450570434331894 0.458158105611801 0.465745806694031 0.47333350777626 0.480921179056168 0.476296156644821 0.467600226402283 0.458904296159744 0.450208336114883 0.441512405872345 0.432816475629807
0.406880170106888 0.401285320520401 0.395690470933914 0.390095621347427 0.384500771760941 0.378905922174454 0.373311072587967 0.36771622300148 0.368294149637222 0.370929688215256 0.373565256595612 0.376200795173645 0.378836333751678 0.381471872329712 0.384107410907745 0.387399852275848 0.392662942409515 0.397926062345505 0.403189152479172 0.408452272415161 0.41371539235115 0.418978482484818 0.424241602420807 0.425362765789032 0.425103306770325 0.424843817949295 0.424584358930588 0.42432489991188 0.424065411090851 0.423805952072144 0.425490409135818 0.43300673365593 0.440523028373718 0.448039323091507 0.455555647611618 0.463071942329407 0.470588237047195 0.478104561567307 0.473330646753311 0.464460045099258 0.455589413642883 0.446718782186508 0.437848150730133 0.42897754907608
0.410781443119049 0.405278474092484 0.399775505065918 0.394272536039352 0.388769567012787 0.383266568183899 0.377763599157333 0.372260630130768 0.372003495693207 0.373494982719421 0.374986469745636 0.376477956771851 0.377969443798065 0.37946093082428 0.380952417850494 0.383171707391739 0.387574374675751 0.391977071762085 0.396379768848419 0.400782465934753 0.405185163021088 0.4095878303051 0.413990527391434 0.415705889463425 0.416525453329086 0.41734504699707 0.418164610862732 0.418984174728394 0.419803768396378 0.420623332262039 0.422994315624237 0.430019587278366 0.437044858932495 0.444070130586624 0.451095372438431 0.45812064409256 0.465145915746689 0.472171187400818 0.467726498842239 0.459458529949188 0.451190561056137 0.442922592163086 0.434654593467712 0.426386624574661
0.414682745933533 0.409271657466888 0.403860539197922 0.398449450731277 0.393038332462311 0.387627243995667 0.3822161257267 0.376805037260056 0.375712841749191 0.376060247421265 0.37640768289566 0.376755118370056 0.377102553844452 0.377449989318848 0.377797424793243 0.378943562507629 0.382485836744308 0.386028110980988 0.389570385217667 0.393112659454346 0.396654933691025 0.400197207927704 0.403739482164383 0.406049013137817 0.40794762969017 0.409846246242523 0.411744862794876 0.413643479347229 0.415542095899582 0.417440712451935 0.420498222112656 0.427032470703125 0.433566689491272 0.440100908279419 0.446635127067566 0.453169345855713 0.45970356464386 0.466237813234329 0.462122350931168 0.45445704460144 0.446791708469391 0.439126372337341 0.431461036205292 0.423795729875565
0.418584048748016 0.413264811038971 0.407945603132248 0.402626365423203 0.397307127714157 0.391987890005112 0.386668682098389 0.381349444389343 0.379422158002853 0.37862554192543 0.377828925848007 0.377032279968262 0.376235663890839 0.375439047813416 0.374642431735992 0.37471541762352 0.377397269010544 0.380079120397568 0.382761001586914 0.385442852973938 0.388124704360962 0.390806555747986 0.39348840713501 0.39639213681221 0.399369776248932 0.402347445487976 0.40532511472702 0.408302783966064 0.411280453205109 0.41425809264183 0.418002128601074 0.424045324325562 0.430088520050049 0.436131685972214 0.442174881696701 0.448218047618866 0.454261243343353 0.460304439067841 0.456518203020096 0.44945552945137 0.442392855882645 0.435330152511597 0.428267478942871 0.421204805374146
