data/working_set_collections/6091692-Cassins_Sparrow-M2/2010/gwetroot_avg.asc
NCOLS 265 
NROWS 230 
XLLCORNER -115.5625 
YLLCORNER 24.8333333333333 
CELLSIZE 0.0833333333333333 
NODATA_value -9999 
[rows 140 to 159 of 230, columns 88 to 131 of 265]
0.3748599588871 0.373887032270432 0.371943324804306 0.369999647140503 0.368055939674377 0.366112232208252 0.364168554544449 0.362224847078323 0.360281139612198 0.356028735637665 0.351006776094437 0.345984786748886 0.340962827205658 0.335940837860107 0.330918878316879 0.325896888971329 0.32131215929985 0.318039089441299 0.314766019582748 0.311492949724197 0.308219879865646 0.304946810007095 0.301673740148544 0.298400670289993 0.302657335996628 0.309423923492432 0.316190481185913 0.322957068681717 0.329723626375198 0.336490213871002 0.343256801366806 0.348945081233978 0.351398557424545 0.353852033615112 0.356305509805679 0.358758985996246 0.361212462186813 0.36366593837738 0.366119414567947 0.365500003099442 0.363856256008148 0.362212508916855 0.360568791627884 0.358925044536591
0.372810810804367 0.37170797586441 0.369975298643112 0.368242621421814 0.366509944200516 0.364777266979218 0.363044589757919 0.361311912536621 0.359579205513 0.354648381471634 0.348651498556137 0.342654645442963 0.336657762527466 0.330660879611969 0.324663996696472 0.318667113780975 0.31381219625473 0.31238317489624 0.310954123735428 0.309525102376938 0.308096051216125 0.306667000055313 0.305237978696823 0.303808927536011 0.30850887298584 0.31525182723999 0.321994751691818 0.328737705945969 0.335480630397797 0.342223584651947 0.348966509103775 0.354484438896179 0.35632735490799 0.358170241117477 0.360013157129288 0.361856043338776 0.363698959350586 0.365541875362396 0.367384761571884 0.366617053747177 0.364979118108749 0.363341212272644 0.361703306436539 0.360065370798111
0.370761632919312 0.369528919458389 0.368007272481918 0.366485595703125 0.364963948726654 0.363442271947861 0.36192062497139 0.360398948192596 0.358877301216125 0.353268027305603 0.34629625082016 0.339324474334717 0.332352697849274 0.325380921363831 0.318409144878387 0.311437338590622 0.306312263011932 0.306727260351181 0.30714225769043 0.307557225227356 0.307972222566605 0.308387219905853 0.308802217245102 0.309217214584351 0.314360439777374 0.321079730987549 0.327799022197723 0.33451834321022 0.341237634420395 0.347956925630569 0.354676246643066 0.36002379655838 0.361256122589111 0.362488448619843 0.363720804452896 0.364953130483627 0.366185456514359 0.36741778254509 0.368650108575821 0.367734104394913 0.366102010011673 0.364469915628433 0.362837791442871 0.361205697059631
0.368712455034256 0.367349863052368 0.366039216518402 0.364728569984436 0.36341792345047 0.362107306718826 0.36079666018486 0.359486013650894 0.358175367116928 0.351887673139572 0.343941003084183 0.335994303226471 0.328047633171082 0.32010093331337 0.31215426325798 0.304207563400269 0.298812329769135 0.301071345806122 0.303330361843109 0.305589377880096 0.307848393917084 0.310107439756393 0.312366455793381 0.314625471830368 0.320211976766586 0.326907634735107 0.333603292703629 0.340298980474472 0.346994638442993 0.353690296411514 0.360385954380035 0.365563154220581 0.366184920072556 0.366806656122208 0.367428421974182 0.368050187826157 0.368671953678131 0.369293689727783 0.369915455579758 0.368851184844971 0.367224872112274 0.3655985891819 0.363972306251526 0.362345993518829
0.368234038352966 0.36694061756134 0.365922570228577 0.364904552698135 0.363886505365372 0.362868458032608 0.361850410699844 0.360832363367081 0.359814316034317 0.35286819934845 0.343946069478989 0.335023939609528 0.326101809740067 0.317179679870605 0.308257550001144 0.299335420131683 0.293447285890579 0.296661138534546 0.299875020980835 0.303088873624802 0.306302726268768 0.309516578912735 0.312730461359024 0.315944314002991 0.321889877319336 0.328745990991592 0.335602104663849 0.342458218336105 0.349314361810684 0.356170475482941 0.363026589155197 0.368270188570023 0.368676215410233 0.369082242250443 0.369488298892975 0.369894325733185 0.370300352573395 0.370706379413605 0.371112406253815 0.369979381561279 0.368333339691162 0.366687297821045 0.365041255950928 0.363395214080811
0.36932635307312 0.368301212787628 0.367657333612442 0.367013484239578 0.366369605064392 0.365725755691528 0.365081876516342 0.364438027143478 0.363794177770615 0.356209605932236 0.3463114798069 0.336413353681564 0.326515227556229 0.316617101430893 0.30671900510788 0.296820878982544 0.290217161178589 0.293496668338776 0.296776175498962 0.300055682659149 0.303335189819336 0.306614726781845 0.309894233942032 0.313173741102219 0.319394111633301 0.326594799757004 0.333795458078384 0.340996116399765 0.348196804523468 0.355397462844849 0.362598121166229 0.368144929409027 0.368730068206787 0.369315207004547 0.36990037560463 0.37048551440239 0.37107065320015 0.371655821800232 0.372240960597992 0.371118724346161 0.369427382946014 0.367736011743546 0.366044670343399 0.36435329914093
0.370418637990952 0.369661778211594 0.369392096996307 0.369122415781021 0.368852734565735 0.368583053350449 0.368313372135162 0.368043690919876 0.36777400970459 0.359551012516022 0.348676890134811 0.337802767753601 0.326928675174713 0.316054552793503 0.305180430412292 0.294306308031082 0.286987036466599 0.290332198143005 0.293677359819412 0.297022521495819 0.300367683172226 0.303712844848633 0.30705800652504 0.310403168201447 0.316898375749588 0.324443578720093 0.33198881149292 0.339534014463425 0.347079247236252 0.354624450206757 0.362169653177261 0.368019640445709 0.368783921003342 0.369548171758652 0.370312452316284 0.371076703071594 0.371840983629227 0.372605264186859 0.373369514942169 0.372258067131042 0.370521396398544 0.368784725666046 0.367048054933548 0.36531138420105
0.371510952711105 0.371022343635559 0.371126860380173 0.371231347322464 0.371335864067078 0.371440351009369 0.371544867753983 0.371649354696274 0.371753871440887 0.362892419099808 0.351042300462723 0.339192181825638 0.327342092990875 0.31549197435379 0.303641885519028 0.291791766881943 0.283756911754608 0.287167698144913 0.29057851433754 0.293989330530167 0.297400146722794 0.300810962915421 0.304221779108047 0.307632595300674 0.314402610063553 0.322292387485504 0.330182135105133 0.338071912527084 0.345961660146713 0.353851437568665 0.361741214990616 0.367894381284714 0.368837743997574 0.369781136512756 0.370724529027939 0.371667921543121 0.372611314058304 0.373554676771164 0.374498069286346 0.373397439718246 0.371615439653397 0.369833469390869 0.368051469326019 0.366269499063492
0.372603267431259 0.372382938861847 0.372861623764038 0.373340308666229 0.373818963766098 0.374297648668289 0.37477633357048 0.375255018472672 0.375733703374863 0.366233795881271 0.353407710790634 0.340581595897675 0.327755510807037 0.3149294257164 0.302103310823441 0.289277225732803 0.280526757240295 0.284003227949142 0.28747969865799 0.290956169366837 0.294432640075684 0.297909080982208 0.301385551691055 0.304862022399902 0.31190687417984 0.320141166448593 0.328375488519669 0.336609810590744 0.344844102859497 0.353078424930573 0.361312747001648 0.367769092321396 0.368891596794128 0.370014101266861 0.371136605739594 0.372259110212326 0.373381614685059 0.374504119157791 0.375626623630524 0.374536782503128 0.372709482908249 0.37088218331337 0.369054883718491 0.367227584123611
0.373695582151413 0.373743504285812 0.374596357345581 0.375449240207672 0.376302093267441 0.37715494632721 0.378007829189301 0.378860682249069 0.379713535308838 0.369575202465057 0.355773121118546 0.341971039772034 0.328168928623199 0.314366847276688 0.300564765930176 0.286762684583664 0.277296632528305 0.280838757753372 0.284380882978439 0.287922978401184 0.291465103626251 0.295007199048996 0.298549324274063 0.30209144949913 0.309411108493805 0.317989975214005 0.326568841934204 0.335147708654404 0.343726545572281 0.35230541229248 0.36088427901268 0.3676438331604 0.368945449590683 0.370247066020966 0.371548682451248 0.372850298881531 0.374151945114136 0.375453561544418 0.376755177974701 0.37567612528801 0.373803496360779 0.37193089723587 0.370058298110962 0.368185669183731
0.376554310321808 0.376870512962341 0.378204017877579 0.379537552595139 0.380871057510376 0.382204562425613 0.383538067340851 0.384871602058411 0.386205106973648 0.375874221324921 0.361655235290527 0.347436219453812 0.333217233419418 0.318998217582703 0.304779201745987 0.290560215711594 0.280501902103424 0.282925695180893 0.285349518060684 0.287773311138153 0.290197104215622 0.292620897293091 0.29504469037056 0.297468483448029 0.30494824051857 0.314113289117813 0.323278337717056 0.332443386316299 0.341608464717865 0.350773513317108 0.359938561916351 0.36732479929924 0.369374632835388 0.371424466371536 0.373474270105362 0.37552410364151 0.377573907375336 0.379623740911484 0.381673574447632 0.380762547254562 0.378864616155624 0.376966685056686 0.375068753957748 0.373170793056488
0.381179481744766 0.381763935089111 0.383684575557709 0.385605216026306 0.387525856494904 0.389446467161179 0.391367107629776 0.393287748098373 0.395208358764648 0.385130882263184 0.37105405330658 0.356977194547653 0.342900365591049 0.328823506832123 0.314746648073196 0.300669819116592 0.290142565965652 0.290264070034027 0.290385603904724 0.290507107973099 0.290628641843796 0.29075014591217 0.290871649980545 0.290993183851242 0.298518240451813 0.308511137962341 0.31850403547287 0.328496903181076 0.338489800691605 0.348482698202133 0.358475595712662 0.36681205034256 0.370179146528244 0.373546272516251 0.376913368701935 0.380280464887619 0.383647561073303 0.387014657258987 0.390381783246994 0.389796078205109 0.387892812490463 0.385989516973495 0.38408625125885 0.382182955741882
0.385804653167725 0.386657387018204 0.389165133237839 0.391672879457474 0.394180625677109 0.396688371896744 0.399196118116379 0.401703894138336 0.404211640357971 0.394387543201447 0.380452871322632 0.366518169641495 0.35258349776268 0.338648796081543 0.324714124202728 0.310779422521591 0.299783229827881 0.297602444887161 0.295421689748764 0.293240934610367 0.291060149669647 0.28887939453125 0.286698639392853 0.284517854452133 0.292088210582733 0.302908957004547 0.313729703426361 0.324550420045853 0.335371166467667 0.346191912889481 0.357012629508972 0.36629930138588 0.370983690023422 0.375668048858643 0.380352437496185 0.385036826133728 0.389721214771271 0.394405603408813 0.399089992046356 0.398829609155655 0.39692097902298 0.395012378692627 0.393103748559952 0.391195118427277
0.390429824590683 0.391550809144974 0.394645690917969 0.397740542888641 0.400835424661636 0.403930276632309 0.407025158405304 0.410120040178299 0.413214892148972 0.40364420413971 0.389851689338684 0.376059144735336 0.362266629934311 0.348474085330963 0.334681570529938 0.32088902592659 0.309423863887787 0.304940819740295 0.300457775592804 0.295974731445312 0.291491687297821 0.28700864315033 0.282525599002838 0.278042554855347 0.285658210515976 0.297306805849075 0.308955371379852 0.320603936910629 0.332252532243729 0.343901097774506 0.355549693107605 0.365786522626877 0.371788203716278 0.377789855003357 0.383791536092758 0.389793187379837 0.395794868469238 0.40179654955864 0.407798200845718 0.407863140106201 0.405949175357819 0.404035210609436 0.402121245861053 0.400207281112671
0.395054996013641 0.396444261074066 0.400126248598099 0.403808236122131 0.407490223646164 0.411172211170197 0.414854198694229 0.418536186218262 0.422218173742294 0.412900865077972 0.399250507354736 0.385600119829178 0.371949762105942 0.358299374580383 0.344649016857147 0.330998629331589 0.319064527750015 0.31227919459343 0.305493861436844 0.298708558082581 0.291923224925995 0.285137891769409 0.278352558612823 0.271567225456238 0.279228210449219 0.291704624891281 0.304181039333344 0.316657453775406 0.329133898019791 0.341610312461853 0.354086726903915 0.365273773670197 0.372592717409134 0.379911661148071 0.387230634689331 0.394549578428268 0.401868522167206 0.409187465906143 0.416506409645081 0.416896671056747 0.414977371692657 0.413058042526245 0.411138743162155 0.409219443798065
0.3996801674366 0.401337683200836 0.405606806278229 0.409875899553299 0.414144992828369 0.418414115905762 0.422683209180832 0.426952332258224 0.431221425533295 0.422157526016235 0.408649325370789 0.395141094923019 0.381632894277573 0.368124663829803 0.354616463184357 0.34110826253891 0.328705191612244 0.319617569446564 0.310529977083206 0.301442354917526 0.292354732751846 0.283267140388489 0.274179518222809 0.265091925859451 0.272798210382462 0.286102473735809 0.299406737089157 0.312710970640182 0.32601523399353 0.339319497346878 0.352623760700226 0.364761024713516 0.373397260904312 0.382033467292786 0.390669703483582 0.399305939674377 0.407942175865173 0.416578412055969 0.425214618444443 0.425930202007294 0.424005538225174 0.422080904245377 0.420156240463257 0.418231576681137
0.402544051408768 0.404116719961166 0.408126801252365 0.412136882543564 0.41614693403244 0.420157015323639 0.424167096614838 0.428177177906036 0.432187229394913 0.423672258853912 0.410982251167297 0.398292273283005 0.38560226559639 0.372912287712097 0.360222280025482 0.347532272338867 0.335543394088745 0.325657784938812 0.315772205591202 0.305886596441269 0.296000987291336 0.286115407943726 0.276229798793793 0.266344219446182 0.273722290992737 0.286854952573776 0.299987584352493 0.313120245933533 0.326252907514572 0.339385539293289 0.352518200874329 0.364777743816376 0.374418020248413 0.384058266878128 0.393698543310165 0.40333878993988 0.412979036569595 0.422619313001633 0.432259559631348 0.433118522167206 0.431050360202789 0.428982228040695 0.426914066076279 0.424845933914185
0.403646618127823 0.404781341552734 0.407686233520508 0.410591125488281 0.413496017456055 0.41640093922615 0.419305831193924 0.422210723161697 0.425115615129471 0.417445033788681 0.406249314546585 0.395053625106812 0.383857905864716 0.37266218662262 0.361466467380524 0.350270748138428 0.33957913517952 0.330399841070175 0.321220546960831 0.312041282653809 0.302861988544464 0.29368269443512 0.284503400325775 0.275324106216431 0.282000482082367 0.293962061405182 0.305923670530319 0.317885249853134 0.329846858978271 0.341808438301086 0.353770017623901 0.36532399058342 0.375655025243759 0.385986059904099 0.396317094564438 0.406648129224777 0.416979163885117 0.427310198545456 0.437641233205795 0.438461631536484 0.436111837625504 0.433762043714523 0.431412249803543 0.42906242609024
0.404749184846878 0.405445992946625 0.407245695590973 0.409045398235321 0.410845130681992 0.41264483332634 0.414444535970688 0.416244268417358 0.418043971061707 0.411217838525772 0.401516407728195 0.391814947128296 0.382113516330719 0.372412085533142 0.362710654735565 0.353009223937988 0.343614906072617 0.33514192700386 0.326668918132782 0.318195939064026 0.30972295999527 0.301249980926514 0.292777001857758 0.284303992986679 0.290278673171997 0.30106920003891 0.311859726905823 0.322650253772736 0.333440780639648 0.344231337308884 0.355021864175797 0.365870207548141 0.376892030239105 0.387913852930069 0.39893564581871 0.409957468509674 0.420979261398315 0.432001084089279 0.443022906780243 0.443804770708084 0.441173315048218 0.438541859388351 0.435910403728485 0.433278948068619
0.405851751565933 0.406110614538193 0.406805127859116 0.407499670982361 0.408194214105606 0.408888757228851 0.409583270549774 0.410277813673019 0.410972356796265 0.404990613460541 0.396783471107483 0.388576298952103 0.380369156599045 0.372161984443665 0.363954842090607 0.355747699737549 0.347650647163391 0.339883983135223 0.332117289304733 0.324350625276566 0.316583931446075 0.308817267417908 0.301050573587418 0.29328390955925 0.298556834459305 0.308176308870316 0.317795783281326 0.327415257692337 0.337034732103348 0.346654206514359 0.356273680925369 0.366416454315186 0.378129035234451 0.389841616153717 0.401554197072983 0.413266807794571 0.424979388713837 0.436691969633102 0.448404550552368 0.449147880077362 0.446234792470932 0.44332167506218 0.440408557653427 0.437495470046997
