data/working_set_collections/6091692-Cassins_Sparrow-M2/2010/gwetprof_avg.asc
NCOLS 265 
NROWS 230 
XLLCORNER -115.5625 
YLLCORNER 24.8333333333333 
CELLSIZE 0.0833333333333333 
NODATA_value -9999 
[rows 40 to 59 of 230, columns 44 to 87 of 265]
0.550663113594055 0.551538467407227 0.552413761615753 0.553289115428925 0.554164409637451 0.555039763450623 0.555915057659149 0.556790411472321 0.553223550319672 0.548175990581512 0.543128430843353 0.538080871105194 0.533033311367035 0.527985751628876 0.522938191890717 0.515742003917694 0.502099990844727 0.488457977771759 0.474815964698792 0.461173951625824 0.447531938552856 0.433889895677567 0.420247882604599 0.419721275568008 0.423566430807114 0.427411615848541 0.431256771087646 0.435101956129074 0.438947141170502 0.442792296409607 0.445514887571335 0.444869637489319 0.444224387407303 0.443579137325287 0.442933887243271 0.442288666963577 0.441643416881561 0.440998166799545 0.438915640115738 0.436354011297226 0.433792382478714 0.431230753660202 0.42866912484169 0.426107496023178
0.545574009418488 0.547045290470123 0.548516511917114 0.54998779296875 0.551459014415741 0.552930295467377 0.554401516914368 0.555872797966003 0.553515911102295 0.549883008003235 0.546250104904175 0.542617201805115 0.538984298706055 0.535351395606995 0.531718492507935 0.5251105427742 0.509577512741089 0.4940445125103 0.478511482477188 0.462978482246399 0.447445452213287 0.431912451982498 0.416379421949387 0.415804952383041 0.420216709375381 0.424628436565399 0.429040163755417 0.433451890945435 0.437863647937775 0.442275375127792 0.445426255464554 0.444794654846191 0.444163024425507 0.443531423807144 0.442899793386459 0.442268192768097 0.441636562347412 0.441004931926727 0.438755929470062 0.435967803001404 0.433179646730423 0.430391520261765 0.427603363990784 0.424815237522125
0.537947058677673 0.540007889270782 0.542068719863892 0.544129550457001 0.54619038105011 0.548251211643219 0.550311982631683 0.552372813224792 0.550650477409363 0.54766708612442 0.544683635234833 0.54170024394989 0.538716852664948 0.53573340177536 0.532750010490417 0.526429176330566 0.51009613275528 0.493763029575348 0.477429956197739 0.461096882820129 0.44476380944252 0.428430736064911 0.412097662687302 0.411328047513962 0.41574627161026 0.420164465904236 0.424582690000534 0.42900088429451 0.433419108390808 0.437837332487106 0.441077411174774 0.440783053636551 0.440488696098328 0.440194368362427 0.439900010824203 0.439605683088303 0.439311325550079 0.439016968011856 0.436884075403214 0.434138298034668 0.431392520666122 0.428646743297577 0.425900965929031 0.423155188560486
0.527782261371613 0.530426323413849 0.53307032585144 0.535714387893677 0.538358449935913 0.541002452373505 0.543646514415741 0.546290516853333 0.544627249240875 0.541528165340424 0.538429081439972 0.53532999753952 0.532230913639069 0.529131829738617 0.526032745838165 0.519697904586792 0.503655731678009 0.487613528966904 0.471571356058121 0.455529153347015 0.439486980438232 0.423444777727127 0.407402604818344 0.406290501356125 0.410155117511749 0.414019733667374 0.417884349822998 0.4217489361763 0.425613552331924 0.429478168487549 0.432468265295029 0.432834833860397 0.433201402425766 0.433567970991135 0.433934569358826 0.434301137924194 0.434667706489563 0.435034275054932 0.433300018310547 0.430865496397018 0.428430944681168 0.425996422767639 0.423561900854111 0.42112734913826
0.517617464065552 0.520844757556915 0.524071991443634 0.527299225330353 0.530526459217072 0.533753752708435 0.536980986595154 0.540208220481873 0.538604021072388 0.535389244556427 0.532174527645111 0.52895975112915 0.52574497461319 0.522530257701874 0.519315481185913 0.512966632843018 0.497215330600739 0.48146402835846 0.46571272611618 0.449961423873901 0.434210151433945 0.418458849191666 0.402707546949387 0.40125298500061 0.404563993215561 0.407874971628189 0.41118597984314 0.41449698805809 0.417807996273041 0.421119004487991 0.423859149217606 0.424886614084244 0.425914108753204 0.426941603422165 0.427969098091125 0.428996592760086 0.430024087429047 0.431051552295685 0.42971596121788 0.427592694759369 0.425469398498535 0.423346102237701 0.421222805976868 0.419099509716034
0.507452666759491 0.511263132095337 0.515073597431183 0.518884062767029 0.522694528102875 0.526504993438721 0.530315458774567 0.534125924110413 0.532580733299255 0.52925032377243 0.525919914245605 0.52258950471878 0.519259095191956 0.515928685665131 0.512598276138306 0.506235361099243 0.490774929523468 0.475314527750015 0.459854125976562 0.44439372420311 0.428933292627335 0.413472890853882 0.398012489080429 0.396215438842773 0.39897283911705 0.401730239391327 0.404487639665604 0.40724503993988 0.410002440214157 0.412759840488434 0.41525000333786 0.416938424110413 0.418626815080643 0.420315235853195 0.422003626823425 0.423692047595978 0.425380438566208 0.42706885933876 0.426131933927536 0.424319863319397 0.42250782251358 0.420695781707764 0.418883740901947 0.41707170009613
0.497287899255753 0.501681566238403 0.506075263023376 0.51046895980835 0.514862596988678 0.519256293773651 0.523649990558624 0.528043627738953 0.526557505130768 0.523111402988434 0.519665360450745 0.516219258308411 0.512773156166077 0.509327113628387 0.505881011486053 0.499504059553146 0.48433455824852 0.469165027141571 0.453995496034622 0.438825994729996 0.423656463623047 0.40848696231842 0.393317431211472 0.391177892684937 0.393381685018539 0.395585507154465 0.397789299488068 0.399993091821671 0.402196884155273 0.404400706291199 0.406640887260437 0.408990204334259 0.411339521408081 0.413688838481903 0.416038185358047 0.41838750243187 0.420736819505692 0.423086136579514 0.422547876834869 0.421047061681747 0.419546276330948 0.418045461177826 0.416544646024704 0.415043860673904
0.487123101949692 0.49210000038147 0.497076898813248 0.502053797245026 0.507030665874481 0.512007594108582 0.516984462738037 0.521961331367493 0.52053427696228 0.516972482204437 0.513410747051239 0.509849011898041 0.506287276744843 0.502725541591644 0.499163776636124 0.492772787809372 0.477894157171249 0.463015526533127 0.448136895895004 0.433258265256882 0.418379634618759 0.403501003980637 0.388622373342514 0.3861403465271 0.387790560722351 0.38944074511528 0.391090959310532 0.392741143703461 0.39439132809639 0.396041542291641 0.398031741380692 0.401041984558105 0.404052227735519 0.407062470912933 0.410072714090347 0.413082957267761 0.416093200445175 0.419103443622589 0.418963819742203 0.417774260044098 0.416584700345993 0.415395140647888 0.414205580949783 0.413016021251678
0.478469252586365 0.48428475856781 0.490100294351578 0.495915830135345 0.501731336116791 0.507546842098236 0.513362407684326 0.519177913665771 0.517112493515015 0.512420117855072 0.507727742195129 0.503035366535187 0.498342961072922 0.493650585412979 0.488958209753036 0.482053518295288 0.46851196885109 0.454970389604568 0.44142884016037 0.427887260913849 0.41434571146965 0.400804162025452 0.387262582778931 0.385349065065384 0.387311577796936 0.389274090528488 0.39123660326004 0.393199115991592 0.395161628723145 0.397124141454697 0.399452567100525 0.402878820896149 0.406305074691772 0.409731328487396 0.41315758228302 0.416583836078644 0.420010089874268 0.423436343669891 0.423054665327072 0.421403646469116 0.419752657413483 0.418101638555527 0.416450649499893 0.41479966044426
0.471326291561127 0.478235870599747 0.485145449638367 0.492055028676987 0.498964607715607 0.505874156951904 0.512783765792847 0.519693315029144 0.516292214393616 0.509454250335693 0.502616286277771 0.495778292417526 0.488940298557281 0.482102304697037 0.475264310836792 0.467346251010895 0.456187933683395 0.445029616355896 0.433871328830719 0.42271301150322 0.41155469417572 0.400396376848221 0.389238059520721 0.388804048299789 0.391944795846939 0.395085513591766 0.398226261138916 0.401367008686066 0.404507726430893 0.407648473978043 0.410903364419937 0.414500713348389 0.41809806227684 0.421695411205292 0.425292789936066 0.428890138864517 0.432487487792969 0.43608483672142 0.434820353984833 0.431935220956802 0.429050117731094 0.426164984703064 0.423279851675034 0.420394748449326
0.464183360338211 0.472186982631683 0.480190634727478 0.48819425702095 0.496197879314423 0.504201531410217 0.512205123901367 0.520208775997162 0.515471994876862 0.506488382816315 0.49750480055809 0.488521218299866 0.479537606239319 0.470554023981094 0.46157044172287 0.452638983726501 0.443863928318024 0.435088843107224 0.426313787698746 0.417538732290268 0.40876367688179 0.399988621473312 0.391213566064835 0.392259031534195 0.39657798409462 0.400896936655045 0.405215919017792 0.409534871578217 0.413853853940964 0.418172806501389 0.422354131937027 0.426122605800629 0.429891049861908 0.43365952372551 0.437427967786789 0.441196441650391 0.44496488571167 0.448733359575272 0.446586042642593 0.442466795444489 0.438347548246384 0.434228330850601 0.430109083652496 0.425989836454391
0.457040429115295 0.46613809466362 0.475235790014267 0.484333455562592 0.493431150913239 0.502528846263885 0.511626482009888 0.520724177360535 0.514651715755463 0.503522515296936 0.492393314838409 0.481264144182205 0.470134943723679 0.459005743265152 0.447876542806625 0.437931686639786 0.43153989315033 0.425148099660873 0.418756276369095 0.412364482879639 0.40597265958786 0.399580866098404 0.393189042806625 0.395713984966278 0.4012111723423 0.406708389520645 0.412205576896667 0.41770276427269 0.423199951648712 0.428697139024734 0.433804929256439 0.437744498252869 0.441684037446976 0.445623606443405 0.449563175439835 0.453502744436264 0.457442283630371 0.461381852626801 0.458351731300354 0.452998369932175 0.447645008563995 0.442291647195816 0.436938315629959 0.43158495426178
0.44989749789238 0.460089206695557 0.470280945301056 0.480472683906555 0.490664422512054 0.500856161117554 0.511047899723053 0.521239638328552 0.513831436634064 0.500556647777557 0.487281858921051 0.474007070064545 0.460732251405716 0.44745746254921 0.434182673692703 0.423224419355392 0.419215857982635 0.415207326412201 0.411198765039444 0.407190203666687 0.40318164229393 0.399173080921173 0.395164519548416 0.399168968200684 0.405844390392303 0.412519812583923 0.419195234775543 0.425870656967163 0.432546079158783 0.439221501350403 0.445255726575851 0.449366390705109 0.453477054834366 0.457587718963623 0.461698353290558 0.465809017419815 0.469919681549072 0.474030345678329 0.470117419958115 0.463529944419861 0.456942468881607 0.450354993343353 0.4437675178051 0.437180042266846
0.442754536867142 0.454040318727493 0.465326130390167 0.476611912250519 0.48789769411087 0.499183475971222 0.510469257831573 0.521755039691925 0.513011157512665 0.497590780258179 0.48217037320137 0.466749995946884 0.451329588890076 0.435909181833267 0.420488774776459 0.408517152070999 0.406891852617264 0.405266553163528 0.403641253709793 0.402015924453735 0.400390625 0.398765325546265 0.397140026092529 0.402623921632767 0.410477578639984 0.418331235647202 0.426184892654419 0.434038519859314 0.441892176866531 0.449745833873749 0.456706494092941 0.460988283157349 0.465270042419434 0.469551801681519 0.473833560943604 0.478115320205688 0.482397079467773 0.486678868532181 0.481883108615875 0.474061518907547 0.466239929199219 0.45841833949089 0.450596749782562 0.442775160074234
0.437495827674866 0.448372334241867 0.459248840808868 0.47012534737587 0.481001853942871 0.491878360509872 0.502754867076874 0.513631343841553 0.504693865776062 0.489151656627655 0.47360947728157 0.458067297935486 0.442525118589401 0.426982939243317 0.411440759897232 0.399726629257202 0.399496614933014 0.399266600608826 0.39903661608696 0.398806601762772 0.398576617240906 0.398346602916718 0.398116618394852 0.404425799846649 0.412914723157883 0.421403646469116 0.429892539978027 0.438381463289261 0.446870386600494 0.455359309911728 0.462876319885254 0.467477589845657 0.472078859806061 0.476680129766464 0.481281399726868 0.485882669687271 0.490483939647675 0.4950852394104 0.490200579166412 0.482153981924057 0.474107354879379 0.466060757637024 0.458014130592346 0.449967503547668
0.434121310710907 0.443085223436356 0.452049106359482 0.461012989282608 0.469976902008057 0.478940784931183 0.487904697656631 0.496868580579758 0.488879442214966 0.475239306688309 0.461599171161652 0.447959005832672 0.434318870306015 0.420678734779358 0.407038569450378 0.396852821111679 0.397030174732208 0.397207528352737 0.397384881973267 0.397562235593796 0.397739589214325 0.397916942834854 0.398094296455383 0.404574573040009 0.413155794143677 0.421737015247345 0.430318236351013 0.438899457454681 0.447480708360672 0.45606192946434 0.463765144348145 0.468834310770035 0.473903506994247 0.47897270321846 0.484041899442673 0.489111095666885 0.494180262088776 0.499249458312988 0.495069861412048 0.487807333469391 0.480544775724411 0.473282247781754 0.466019690036774 0.458757162094116
0.430746793746948 0.437798082828522 0.444849371910095 0.451900660991669 0.458951950073242 0.466003239154816 0.473054528236389 0.480105817317963 0.473065048456192 0.461326956748962 0.44958883523941 0.437850713729858 0.426112622022629 0.414374500513077 0.402636408805847 0.393979012966156 0.39456370472908 0.395148426294327 0.395733147859573 0.39631786942482 0.396902590990067 0.397487282752991 0.398072004318237 0.404723346233368 0.413396865129471 0.422070413827896 0.430743932723999 0.439417481422424 0.448091000318527 0.45676451921463 0.464653968811035 0.470191061496735 0.475728183984756 0.481265276670456 0.486802399158478 0.492339491844177 0.497876584529877 0.503413677215576 0.499939143657684 0.493460655212402 0.486982196569443 0.480503737926483 0.474025279283524 0.467546790838242
0.427372306585312 0.43251097202301 0.437649637460709 0.442788332700729 0.447926998138428 0.453065693378448 0.458204358816147 0.463343024253845 0.457250654697418 0.447414577007294 0.437578499317169 0.427742451429367 0.417906373739243 0.408070296049118 0.398234218358994 0.391105204820633 0.392097264528275 0.393089324235916 0.39408141374588 0.395073473453522 0.396065562963486 0.397057622671127 0.398049712181091 0.404872119426727 0.413637936115265 0.422403782606125 0.431169629096985 0.439935475587845 0.448701322078705 0.457467138767242 0.465542793273926 0.471547812223434 0.477552831172943 0.483557850122452 0.48956286907196 0.495567888021469 0.501572906970978 0.507577955722809 0.50480842590332 0.499114006757736 0.493419617414474 0.487725228071213 0.482030838727951 0.476336449384689
0.423997789621353 0.427223861217499 0.430449932813644 0.433675974607468 0.436902046203613 0.440128117799759 0.443354189395905 0.44658026099205 0.441436260938644 0.433502227067947 0.42556819319725 0.417634159326553 0.409700125455856 0.401766091585159 0.393832057714462 0.38823139667511 0.389630824327469 0.391030251979828 0.392429679632187 0.393829107284546 0.395228534936905 0.396627962589264 0.398027390241623 0.405020862817764 0.413879007101059 0.422737181186676 0.431595325469971 0.440453469753265 0.44931161403656 0.458169758319855 0.466431617736816 0.472904533147812 0.47937747836113 0.485850423574448 0.492323368787766 0.498796314001083 0.505269229412079 0.511742174625397 0.509677708148956 0.50476735830307 0.499857038259506 0.494946718215942 0.490036398172379 0.485126078128815
0.420623272657394 0.421936720609665 0.423250198364258 0.424563646316528 0.425877094268799 0.427190572023392 0.428504019975662 0.429817497730255 0.425621867179871 0.419589847326279 0.413557857275009 0.40752586722374 0.40149387717247 0.395461857318878 0.389429867267609 0.385357588529587 0.387164354324341 0.388971149921417 0.390777945518494 0.39258474111557 0.394391536712646 0.3961983025074 0.398005098104477 0.405169636011124 0.414120107889175 0.423070549964905 0.432021021842957 0.440971463918686 0.449921935796738 0.458872377872467 0.467320442199707 0.474261283874512 0.481202155351639 0.488142997026443 0.495083868503571 0.502024710178375 0.50896555185318 0.515906393527985 0.514546930789948 0.510420680046082 0.50629448890686 0.502168238162994 0.498041987419128 0.493915736675262
