data/working_set_collections/6091692-Cassins_Sparrow-M2/2010/gwetroot_avg.asc
NCOLS 265 
NROWS 230 
XLLCORNER -115.5625 
YLLCORNER 24.8333333333333 
CELLSIZE 0.0833333333333333 
NODATA_value -9999 
[rows 60 to 79 of 230, columns 176 to 219 of 265]
0.381408721208572 0.381844818592072 0.382280915975571 0.382710516452789 0.383120715618134 0.383530884981155 0.3839410841465 0.384351253509521 0.384761452674866 0.385171622037888 0.385581821203232 0.386251270771027 0.387007117271423 0.387762993574142 0.388518840074539 0.389274716377258 0.390030592679977 0.390786439180374 0.391800850629807 0.393590837717056 0.395380854606628 0.397170871496201 0.39896085858345 0.400750875473022 0.402540862560272 0.404330879449844 0.404521644115448 0.404179334640503 0.403836995363235 0.40349468588829 0.403152376413345 0.4028100669384 0.402467727661133 0.402853190898895 0.405421882867813 0.407990574836731 0.410559296607971 0.413127988576889 0.415696710348129 0.418265402317047 0.420834094285965 0.423350185155869 0.425848722457886 0.428347259759903
0.380305141210556 0.38095611333847 0.381607055664062 0.382222324609756 0.382730573415756 0.383238822221756 0.383747071027756 0.384255290031433 0.384763538837433 0.385271787643433 0.385780036449432 0.38667419552803 0.387697041034698 0.388719886541367 0.389742702245712 0.39076554775238 0.391788393259048 0.392811208963394 0.394232273101807 0.396848052740097 0.399463832378387 0.402079582214355 0.404695361852646 0.407311111688614 0.409926891326904 0.412542670965195 0.412184327840805 0.410834610462189 0.409484893083572 0.408135175704956 0.406785488128662 0.405435770750046 0.404086053371429 0.403648883104324 0.405949354171753 0.408249795436859 0.410550236701965 0.412850707769394 0.4151511490345 0.417451620101929 0.419752061367035 0.422292709350586 0.424913436174393 0.427534162998199
0.379201531410217 0.380067378282547 0.380933195352554 0.381734162569046 0.382340461015701 0.382946759462357 0.383553057909012 0.384159326553345 0.384765625 0.385371923446655 0.385978221893311 0.387097150087357 0.388386964797974 0.389676779508591 0.390966564416885 0.392256379127502 0.39354619383812 0.394835978746414 0.396663725376129 0.400105267763138 0.403546780347824 0.406988322734833 0.410429835319519 0.413871377706528 0.417312920093536 0.420754432678223 0.419847011566162 0.417489886283875 0.415132790803909 0.412775695323944 0.410418570041656 0.408061474561691 0.405704379081726 0.404444605112076 0.40647679567337 0.408508986234665 0.410541206598282 0.412573397159576 0.414605617523193 0.416637808084488 0.418670028448105 0.421235263347626 0.423978179693222 0.426721096038818
0.378097951412201 0.379178643226624 0.380259364843369 0.381245970726013 0.381950318813324 0.382654666900635 0.383359014987946 0.384063392877579 0.38476774096489 0.3854720890522 0.386176437139511 0.387520104646683 0.389076888561249 0.390633672475815 0.392190426588058 0.393747210502625 0.395303994417191 0.396860748529434 0.399095147848129 0.403362452983856 0.407629758119583 0.411897033452988 0.416164338588715 0.420431643724442 0.424698948860168 0.428966224193573 0.427509695291519 0.424145191907883 0.420780688524246 0.41741618514061 0.414051681756973 0.410687178373337 0.4073226749897 0.405240297317505 0.407004237174988 0.408768206834793 0.410532176494598 0.412296116352081 0.414060086011887 0.41582402586937 0.417587995529175 0.420177817344666 0.423042923212051 0.425908029079437
0.376994341611862 0.378289937973022 0.37958550453186 0.38075777888298 0.381560176610947 0.382362604141235 0.383165001869202 0.38396742939949 0.384769827127457 0.385572224855423 0.386374652385712 0.387943059206009 0.389766812324524 0.391590535640717 0.393414288759232 0.395238041877747 0.397061794996262 0.398885518312454 0.401526600122452 0.406619668006897 0.41171270608902 0.416805773973465 0.42189884185791 0.426991909742355 0.432084947824478 0.437178015708923 0.435172349214554 0.430800467729568 0.426428586244583 0.422056674957275 0.41768479347229 0.413312882184982 0.408941000699997 0.406035989522934 0.407531708478928 0.409027427434921 0.410523116588593 0.412018835544586 0.413514524698257 0.415010243654251 0.416505932807922 0.419120341539383 0.422107636928558 0.425094932317734
0.375890761613846 0.377401202917099 0.378911644220352 0.380269587039948 0.381170064210892 0.382070541381836 0.382970988750458 0.383871465921402 0.384771913290024 0.385672390460968 0.386572867631912 0.388366013765335 0.390456736087799 0.392547428607941 0.394638150930405 0.396728873252869 0.39881956577301 0.400910288095474 0.403958022594452 0.409876853227615 0.415795683860779 0.421714514493942 0.427633345127106 0.433552145957947 0.43947097659111 0.445389807224274 0.442835032939911 0.437455743551254 0.432076454162598 0.426697164773941 0.421317875385284 0.415938585996628 0.410559296607971 0.406831711530685 0.408059149980545 0.409286618232727 0.410514086484909 0.411741524934769 0.412968993186951 0.41419643163681 0.415423899888992 0.418062895536423 0.421172380447388 0.424281865358353
0.367009460926056 0.368651688098907 0.370293945074081 0.371959626674652 0.37369567155838 0.375431716442108 0.377167761325836 0.378903806209564 0.380639851093292 0.38237589597702 0.384111940860748 0.386754542589188 0.389699310064316 0.392644107341766 0.395588874816895 0.398533642292023 0.401478439569473 0.404423207044601 0.408261656761169 0.414781093597412 0.421300560235977 0.42781999707222 0.434339463710785 0.440858900547028 0.447378367185593 0.453897804021835 0.451259553432465 0.445568740367889 0.439877927303314 0.434187114238739 0.428496301174164 0.422805458307266 0.417114645242691 0.413090825080872 0.414067894220352 0.415044963359833 0.416022032499313 0.416999101638794 0.417976170778275 0.418953239917755 0.419930309057236 0.422006845474243 0.42444983124733 0.426892817020416
0.350350499153137 0.35204142332077 0.353732347488403 0.355827838182449 0.359136998653412 0.362446129322052 0.365755289793015 0.369064450263977 0.37237361073494 0.37568274140358 0.378991901874542 0.383108645677567 0.387494593858719 0.391880512237549 0.396266460418701 0.400652378797531 0.405038326978683 0.409424275159836 0.41443744301796 0.421332389116287 0.428227335214615 0.435122281312943 0.442017197608948 0.448912143707275 0.455807089805603 0.462702035903931 0.460445910692215 0.455139428377151 0.449832946062088 0.444526463747025 0.439219981431961 0.43391352891922 0.428607046604156 0.424813330173492 0.425557881593704 0.426302433013916 0.427046984434128 0.42779153585434 0.428536087274551 0.429280638694763 0.430025190114975 0.430952191352844 0.431939989328384 0.432927817106247
0.333691507577896 0.335431158542633 0.337170779705048 0.339696049690247 0.344578325748444 0.349460572004318 0.354342818260193 0.35922509431839 0.364107340574265 0.368989616632462 0.373871862888336 0.379462748765945 0.3852898478508 0.391116946935654 0.396944046020508 0.40277111530304 0.408598214387894 0.414425313472748 0.420613259077072 0.427883684635162 0.435154110193253 0.442424535751343 0.449694961309433 0.456965386867523 0.464235812425613 0.471506237983704 0.469632267951965 0.464710116386414 0.459787964820862 0.454865843057632 0.449943691492081 0.445021569728851 0.4400994181633 0.436535835266113 0.437047868967056 0.437559902667999 0.438071936368942 0.438583970069885 0.439096003770828 0.439608037471771 0.440120071172714 0.439897537231445 0.439430177211761 0.438962787389755
0.317032545804977 0.318820863962173 0.32060918211937 0.323564291000366 0.330019652843475 0.336475014686584 0.342930376529694 0.349385738372803 0.355841100215912 0.362296462059021 0.36875182390213 0.375816851854324 0.38308510184288 0.390353351831436 0.397621601819992 0.40488988161087 0.412158131599426 0.419426381587982 0.426789045333862 0.434434950351715 0.44208088517189 0.449726790189743 0.457372725009918 0.465018630027771 0.472664564847946 0.480310469865799 0.478818595409393 0.474280804395676 0.469743013381958 0.465205192565918 0.4606674015522 0.456129610538483 0.451591789722443 0.448258340358734 0.448537856340408 0.448817372322083 0.449096888303757 0.449376404285431 0.449655920267105 0.449935436248779 0.450214952230453 0.448842912912369 0.446920335292816 0.444997787475586
0.300373584032059 0.302210599184036 0.304047614336014 0.307432502508163 0.315460979938507 0.323489427566528 0.331517904996872 0.339546382427216 0.347574859857559 0.35560330748558 0.363631784915924 0.372170954942703 0.380880385637283 0.389589786529541 0.398299187421799 0.407008618116379 0.415718019008636 0.424427419900894 0.432964831590652 0.44098624587059 0.449007660150528 0.457029074430466 0.465050458908081 0.473071873188019 0.481093287467957 0.489114701747894 0.488004952669144 0.483851492404938 0.479698032140732 0.475544571876526 0.47139111161232 0.467237651348114 0.463084191083908 0.459980845451355 0.46002784371376 0.460074841976166 0.460121840238571 0.460168838500977 0.460215836763382 0.460262835025787 0.460309833288193 0.45778825879097 0.454410523176193 0.451032787561417
0.283714592456818 0.285600304603577 0.287486046552658 0.291300714015961 0.300902307033539 0.310503870248795 0.32010543346405 0.329707026481628 0.339308589696884 0.348910182714462 0.358511745929718 0.368525058031082 0.378675639629364 0.388826221227646 0.398976773023605 0.409127354621887 0.419277906417847 0.429428488016129 0.439140647649765 0.447537541389465 0.455934435129166 0.464331328868866 0.472728222608566 0.481125116348267 0.489522010087967 0.497918903827667 0.497191309928894 0.4934221804142 0.489653050899506 0.485883921384811 0.482114791870117 0.478345692157745 0.474576562643051 0.471703350543976 0.471517831087112 0.471332311630249 0.471146792173386 0.470961272716522 0.470775753259659 0.470590233802795 0.470404714345932 0.466733634471893 0.46190071105957 0.457067757844925
0.28050285577774 0.28236922621727 0.284235596656799 0.288108080625534 0.297998905181885 0.307889729738235 0.317780554294586 0.327671349048615 0.337562173604965 0.347452998161316 0.357343822717667 0.367558151483536 0.377880305051804 0.388202488422394 0.398524641990662 0.408846795558929 0.41916897892952 0.429491132497787 0.43929848074913 0.447561413049698 0.455824375152588 0.464087307453156 0.472350239753723 0.480613172054291 0.488876104354858 0.497139066457748 0.496623933315277 0.49318277835846 0.489741623401642 0.486300468444824 0.482859313488007 0.479418188333511 0.475977033376694 0.473393738269806 0.473383992910385 0.473374247550964 0.473364502191544 0.473354786634445 0.473345041275024 0.473335295915604 0.473325550556183 0.469478458166122 0.464352250099182 0.459226042032242
0.290738344192505 0.292517334222794 0.29429629445076 0.297854572534561 0.306750774383545 0.315646976232529 0.324543178081512 0.333439409732819 0.342335611581802 0.351231813430786 0.36012801527977 0.369270235300064 0.378494411706924 0.387718617916107 0.396942794322968 0.406166970729828 0.415391176939011 0.424615353345871 0.433438390493393 0.441057920455933 0.448677450418472 0.456296980381012 0.463916510343552 0.471536040306091 0.479155570268631 0.486775100231171 0.486302822828293 0.483133286237717 0.47996374964714 0.476794213056564 0.473624646663666 0.47045511007309 0.467285573482513 0.465052008628845 0.465626358985901 0.466200679540634 0.46677502989769 0.467349380254745 0.467923700809479 0.468498051166534 0.46907240152359 0.466022789478302 0.461765170097351 0.457507580518723
0.300973862409592 0.302665412425995 0.304356962442398 0.307601034641266 0.315502643585205 0.323404252529144 0.331305831670761 0.3392074406147 0.347109019756317 0.355010628700256 0.362912237644196 0.37098228931427 0.379108518362045 0.387234717607498 0.395360946655273 0.403487175703049 0.411613374948502 0.419739603996277 0.427578300237656 0.434554427862167 0.441530525684357 0.448506653308868 0.45548278093338 0.462458908557892 0.469435036182404 0.476411134004593 0.475981742143631 0.473083794116974 0.470185875892639 0.467287927865982 0.464390009641647 0.46149206161499 0.458594143390656 0.456710278987885 0.457868695259094 0.459027141332626 0.460185557603836 0.461343973875046 0.462502390146255 0.463660806417465 0.464819222688675 0.462567090988159 0.459178119897842 0.455789119005203
0.311209350824356 0.312813520431519 0.314417660236359 0.317347526550293 0.324254512786865 0.331161499023438 0.33806848526001 0.344975471496582 0.351882457733154 0.358789443969727 0.365696430206299 0.372694373130798 0.379722595214844 0.386750847101212 0.393779098987579 0.400807350873947 0.407835602760315 0.41486382484436 0.421718209981918 0.42805090546608 0.434383630752563 0.440716356039047 0.447049051523209 0.453381776809692 0.459714472293854 0.466047197580338 0.465660631656647 0.463034301996231 0.460407972335815 0.4577816426754 0.455155342817307 0.452529013156891 0.449902683496475 0.448368549346924 0.45011106133461 0.451853573322296 0.45359605550766 0.455338567495346 0.457081079483032 0.458823561668396 0.460566073656082 0.459111422300339 0.456591039896011 0.454070657491684
0.32144483923912 0.32296159863472 0.324478358030319 0.32709401845932 0.333006381988525 0.338918745517731 0.344831138849258 0.350743502378464 0.356655865907669 0.362568259239197 0.368480622768402 0.374406427145004 0.380336701869965 0.386266976594925 0.392197251319885 0.398127526044846 0.404057800769806 0.409988075494766 0.415858119726181 0.421547412872314 0.427236706018448 0.432926028966904 0.438615322113037 0.444304645061493 0.449993938207626 0.45568323135376 0.455339521169662 0.452984809875488 0.450630098581314 0.44827538728714 0.445920675992966 0.443565964698792 0.441211223602295 0.440026849508286 0.442353427410126 0.444680005311966 0.447006583213806 0.449333161115646 0.451659739017487 0.453986316919327 0.456312894821167 0.455655723810196 0.454003989696503 0.452352225780487
0.331680357456207 0.333109706640244 0.33453905582428 0.336840510368347 0.341758251190186 0.346676021814346 0.351593792438507 0.356511533260345 0.361429303884506 0.366347074508667 0.371264815330505 0.37611848115921 0.380950808525085 0.385783106088638 0.390615403652191 0.395447701215744 0.400279998779297 0.405112326145172 0.409997999668121 0.415043920278549 0.420089811086655 0.42513570189476 0.430181592702866 0.435227483510971 0.440273404121399 0.445319294929504 0.445018440485001 0.442935317754745 0.440852224826813 0.438769102096558 0.436686009168625 0.43460288643837 0.432519793510437 0.431685119867325 0.434595793485641 0.437506437301636 0.440417110919952 0.443327754735947 0.446238428354263 0.449149072170258 0.452059745788574 0.452200055122375 0.451416909694672 0.450633764266968
0.338893920183182 0.340222388505936 0.341550886631012 0.343619883060455 0.347910434007645 0.352201014757156 0.356491565704346 0.360782116651535 0.365072697401047 0.369363248348236 0.373653799295425 0.377827376127243 0.381961911916733 0.386096477508545 0.390231043100357 0.394365578889847 0.398500144481659 0.402634710073471 0.40681266784668 0.411120861768723 0.415429055690765 0.419737249612808 0.424045443534851 0.428353637456894 0.432661801576614 0.436969995498657 0.436668932437897 0.434831440448761 0.432993948459625 0.431156426668167 0.429318934679031 0.427481442689896 0.42564395070076 0.425049901008606 0.428186178207397 0.431322455406189 0.43445873260498 0.437595009803772 0.440731316804886 0.443867594003677 0.447003871202469 0.447683930397034 0.447545260190964 0.447406619787216
0.343085497617722 0.344299674034119 0.345513820648193 0.347432136535645 0.351462930440903 0.355493694543839 0.359524488449097 0.363555252552032 0.367586016654968 0.371616810560226 0.375647574663162 0.379533052444458 0.383370071649551 0.387207120656967 0.391044139862061 0.394881159067154 0.39871820807457 0.402555227279663 0.406302064657211 0.409778237342834 0.41325443983078 0.416730642318726 0.420206815004349 0.423683017492294 0.427159190177917 0.430635392665863 0.430291026830673 0.428673148155212 0.427055239677429 0.425437361001968 0.423819482326508 0.422201603651047 0.420583695173264 0.420121133327484 0.423124581575394 0.426128029823303 0.429131478071213 0.432134926319122 0.435138374567032 0.438141822814941 0.441145271062851 0.442107409238815 0.442389070987701 0.442670732736588
