data/working_set_collections/6091692-Cassins_Sparrow-M2/2010/gwetroot_avg.asc
NCOLS 265 
NROWS 230 
XLLCORNER -115.5625 
YLLCORNER 24.8333333333333 
CELLSIZE 0.0833333333333333 
NODATA_value -9999 
[rows 80 to 99 of 230, columns 88 to 131 of 265]
0.41809019446373 0.419270157814026 0.421388119459152 0.423506081104279 0.425624012947083 0.427741974592209 0.429859936237335 0.431977868080139 0.434095829725266 0.435867965221405 0.437524825334549 0.439181715250015 0.440838575363159 0.442495435476303 0.444152325391769 0.445809185504913 0.446680158376694 0.445193409919739 0.443706691265106 0.442219942808151 0.440733194351196 0.439246475696564 0.437759727239609 0.436272978782654 0.436430096626282 0.43713515996933 0.437840223312378 0.438545286655426 0.439250349998474 0.439955413341522 0.44066047668457 0.440258413553238 0.436534970998764 0.43281152844429 0.429088056087494 0.42536461353302 0.421641170978546 0.417917728424072 0.414194256067276 0.415231049060822 0.41785454750061 0.420478075742722 0.42310157418251 0.425725102424622
0.418684393167496 0.418822407722473 0.419612854719162 0.420403301715851 0.42119374871254 0.421984165906906 0.422774612903595 0.423565059900284 0.424355506896973 0.426247119903564 0.428505837917328 0.430764526128769 0.43302321434021 0.435281902551651 0.437540590763092 0.439799278974533 0.441270679235458 0.440380156040192 0.439489632844925 0.438599079847336 0.437708556652069 0.436818033456802 0.435927510261536 0.435036987066269 0.435572415590286 0.436583161354065 0.437593907117844 0.438604652881622 0.439615428447723 0.440626174211502 0.441636919975281 0.441470503807068 0.437772542238235 0.434074610471725 0.430376648902893 0.426678717136383 0.422980785369873 0.419282823801041 0.415584892034531 0.41577410697937 0.417259067296982 0.418744057416916 0.420229017734528 0.421713978052139
0.419278591871262 0.41837465763092 0.417837589979172 0.417300522327423 0.416763454675674 0.416226387023926 0.415689319372177 0.415152251720428 0.41461518406868 0.416626304388046 0.419486820697784 0.422347337007523 0.425207853317261 0.428068369626999 0.430928885936737 0.433789402246475 0.435861200094223 0.435566872358322 0.435272574424744 0.434978246688843 0.434683918952942 0.434389591217041 0.43409526348114 0.433800965547562 0.434714704751968 0.4360311627388 0.437347590923309 0.438664019107819 0.43998047709465 0.44129690527916 0.442613363265991 0.442682564258575 0.439010143280029 0.435337692499161 0.431665241718292 0.427992820739746 0.424320369958878 0.420647948980331 0.416975498199463 0.416317194700241 0.416663616895676 0.417010009288788 0.417356431484222 0.417702853679657
0.419872790575027 0.417926907539368 0.416062325239182 0.414197742938995 0.412333160638809 0.410468578338623 0.408603996038437 0.406739443540573 0.404874861240387 0.407005459070206 0.410467803478241 0.413930147886276 0.417392492294312 0.420854806900024 0.42431715130806 0.427779495716095 0.430451720952988 0.430753618478775 0.43105548620224 0.431357383728027 0.431659281253815 0.43196114897728 0.432263046503067 0.432564944028854 0.43385699391365 0.435479134321213 0.437101274728775 0.438723385334015 0.440345525741577 0.441967666149139 0.443589776754379 0.443894654512405 0.440247714519501 0.436600774526596 0.432953834533691 0.429306924343109 0.425659984350204 0.4220130443573 0.418366104364395 0.416860282421112 0.416068136692047 0.415275990962982 0.414483845233917 0.413691729307175
0.423028826713562 0.420300036668777 0.417151123285294 0.414002180099487 0.410853266716003 0.40770435333252 0.404555410146713 0.401406496763229 0.398257583379745 0.400229573249817 0.403908580541611 0.407587558031082 0.411266565322876 0.41494557261467 0.418624550104141 0.422303557395935 0.425288617610931 0.426191955804825 0.427095293998718 0.427998602390289 0.428901940584183 0.429805278778076 0.43070861697197 0.431611925363541 0.433100074529648 0.434783160686493 0.436466246843338 0.438149333000183 0.439832419157028 0.441515505313873 0.443198591470718 0.443558752536774 0.439950227737427 0.43634170293808 0.432733178138733 0.429124653339386 0.425516098737717 0.42190757393837 0.418299049139023 0.416247308254242 0.414714485406876 0.413181662559509 0.411648869514465 0.410116046667099
0.428746700286865 0.425494074821472 0.421103954315186 0.416713863611221 0.412323743104935 0.40793365240097 0.403543531894684 0.39915344119072 0.394763320684433 0.396298676729202 0.399809151887894 0.403319627046585 0.406830102205276 0.410340577363968 0.413851052522659 0.417361527681351 0.420371890068054 0.421881914138794 0.423391908407211 0.424901932477951 0.426411926746368 0.427921950817108 0.429431945085526 0.430941969156265 0.43244394659996 0.43394324183464 0.435442537069321 0.436941832304001 0.438441127538681 0.439940422773361 0.441439718008041 0.441674888134003 0.438117653131485 0.43456044793129 0.431003212928772 0.427446007728577 0.423888772726059 0.420331537723541 0.416774332523346 0.414478302001953 0.412602692842484 0.410727053880692 0.408851444721222 0.406975835561752
0.434464573860168 0.430688083171844 0.4250568151474 0.419425517320633 0.413794219493866 0.408162951469421 0.402531653642654 0.39690038561821 0.391269087791443 0.392367750406265 0.395709723234177 0.399051666259766 0.402393639087677 0.405735611915588 0.409077554941177 0.412419527769089 0.415455192327499 0.417571872472763 0.419688552618027 0.42180523276329 0.423921912908554 0.426038593053818 0.428155303001404 0.430271983146667 0.43178778886795 0.433103293180466 0.434418797492981 0.435734331607819 0.437049835920334 0.438365340232849 0.439680874347687 0.439791023731232 0.436285108327866 0.4327791929245 0.429273277521133 0.425767362117767 0.422261416912079 0.418755501508713 0.415249586105347 0.412709295749664 0.410490870475769 0.408272445201874 0.406054019927979 0.403835594654083
0.440182447433472 0.435882121324539 0.429009646177292 0.422137171030045 0.41526472568512 0.408392250537872 0.401519775390625 0.3946473300457 0.387774854898453 0.388436824083328 0.391610264778137 0.394783735275269 0.397957175970078 0.401130616664886 0.404304087162018 0.407477527856827 0.410538464784622 0.413261830806732 0.41598516702652 0.41870853304863 0.42143189907074 0.42415526509285 0.42687863111496 0.42960199713707 0.431131631135941 0.432263374328613 0.433395087718964 0.434526830911636 0.435658544301987 0.436790287494659 0.43792200088501 0.437907159328461 0.434452533721924 0.430997937917709 0.427543312311172 0.424088716506958 0.420634090900421 0.417179465293884 0.41372486948967 0.410940289497375 0.408379077911377 0.405817836523056 0.403256595134735 0.400695383548737
0.445900321006775 0.441076129674911 0.432962507009506 0.424848854541779 0.416735202074051 0.408621549606323 0.400507897138596 0.39239427447319 0.384280622005463 0.384505897760391 0.38751083612442 0.390515774488449 0.393520712852478 0.396525651216507 0.399530589580536 0.402535527944565 0.405621737241745 0.408951759338379 0.412281811237335 0.415611863136292 0.418941885232925 0.422271937131882 0.425601959228516 0.428932011127472 0.430475473403931 0.431423425674438 0.432371377944946 0.433319330215454 0.43426725268364 0.435215204954147 0.436163157224655 0.43602329492569 0.432619988918304 0.429216682910919 0.425813376903534 0.422410070896149 0.419006764888763 0.415603458881378 0.412200152873993 0.409171283245087 0.406267255544662 0.403363227844238 0.400459200143814 0.397555142641068
0.451618194580078 0.446270167827606 0.436915338039398 0.42756050825119 0.418205678462982 0.408850848674774 0.399496018886566 0.390141189098358 0.38078635931015 0.380574971437454 0.383411407470703 0.38624781370163 0.389084249734879 0.391920685768127 0.394757091999054 0.397593528032303 0.400705009698868 0.404641717672348 0.408578455448151 0.412515163421631 0.416451871395111 0.420388609170914 0.424325317144394 0.428262025117874 0.429819345474243 0.430583506822586 0.431347668170929 0.432111829519272 0.432875990867615 0.433640152215958 0.434404313564301 0.434139430522919 0.430787414312363 0.427435427904129 0.424083411693573 0.420731425285339 0.417379409074783 0.41402742266655 0.410675406455994 0.407402276992798 0.404155433177948 0.400908619165421 0.397661775350571 0.394414931535721
0.451630771160126 0.445774018764496 0.436158180236816 0.426542341709137 0.416926503181458 0.4073106944561 0.397694855928421 0.388079017400742 0.378463178873062 0.378123134374619 0.380875021219254 0.383626908063889 0.386378794908524 0.389130681753159 0.391882538795471 0.394634425640106 0.397734045982361 0.40187680721283 0.406019568443298 0.410162329673767 0.414305120706558 0.418447881937027 0.422590643167496 0.426733434200287 0.428268492221832 0.428934305906296 0.429600119590759 0.430265933275223 0.430931746959686 0.43159756064415 0.432263374328613 0.431919902563095 0.428548604249954 0.425177276134491 0.42180597782135 0.418434679508209 0.415063381195068 0.411692053079605 0.408320754766464 0.405009746551514 0.401718825101852 0.398427903652191 0.39513698220253 0.391846060752869
0.445938050746918 0.43958768248558 0.430691003799438 0.421794354915619 0.412897706031799 0.404001027345657 0.395104378461838 0.386207729578018 0.377311080694199 0.377150386571884 0.379901707172394 0.382653027772903 0.385404318571091 0.3881556391716 0.39090695977211 0.393658250570297 0.396708786487579 0.400656998157501 0.404605209827423 0.408553391695023 0.412501603364944 0.416449785232544 0.420397996902466 0.424346178770065 0.425822913646698 0.426475822925568 0.427128732204437 0.427781641483307 0.428434550762177 0.429087430238724 0.429740339517593 0.429364711046219 0.425903499126434 0.42244228720665 0.418981075286865 0.415519833564758 0.412058621644974 0.408597409725189 0.405136168003082 0.401993662118912 0.398957371711731 0.39592108130455 0.392884820699692 0.389848530292511
0.440245300531387 0.433401346206665 0.425223857164383 0.417046368122101 0.408868879079819 0.400691390037537 0.392513900995255 0.384336441755295 0.376158952713013 0.37617763876915 0.378928363323212 0.381679117679596 0.38442987203598 0.387180596590042 0.389931350946426 0.392682105302811 0.39568355679512 0.399437189102173 0.403190821409225 0.406944453716278 0.410698086023331 0.414451688528061 0.418205320835114 0.421958953142166 0.423377364873886 0.42401733994484 0.424657344818115 0.425297349691391 0.425937354564667 0.42657732963562 0.427217334508896 0.426809549331665 0.423258423805237 0.419707268476486 0.416156142950058 0.41260501742363 0.409053862094879 0.405502736568451 0.401951611042023 0.39897757768631 0.396195948123932 0.393414288759232 0.390632629394531 0.387850999832153
0.434552580118179 0.42721500992775 0.419756680727005 0.412298381328583 0.404840052127838 0.397381752729416 0.389923453330994 0.382465124130249 0.375006824731827 0.375204861164093 0.377955049276352 0.380705237388611 0.383455395698547 0.386205583810806 0.388955742120743 0.391705930233002 0.394658327102661 0.398217380046844 0.401776432991028 0.405335485935211 0.408894538879395 0.4124536216259 0.416012674570084 0.419571727514267 0.420931786298752 0.421558886766434 0.422185987234116 0.422813057899475 0.423440158367157 0.424067229032516 0.424694329500198 0.424254387617111 0.420613318681717 0.416972279548645 0.413331210613251 0.409690171480179 0.406049132347107 0.402408063411713 0.398767024278641 0.395961493253708 0.39343449473381 0.390907466411591 0.388380467891693 0.385853469371796
0.428859859704971 0.421028673648834 0.414289534091949 0.407550394535065 0.40081125497818 0.394072115421295 0.38733297586441 0.380593836307526 0.373854696750641 0.374232113361359 0.376981735229492 0.379731327295303 0.382480949163437 0.385230541229248 0.387980163097382 0.390729755163193 0.393633097410202 0.396997570991516 0.400362074375153 0.403726547956467 0.407091021537781 0.410455524921417 0.413819998502731 0.417184472084045 0.41848623752594 0.419100403785706 0.419714599847794 0.420328766107559 0.420942962169647 0.421557128429413 0.422171294689178 0.421699196100235 0.417968243360519 0.414237260818481 0.410506308078766 0.406775325536728 0.403044372797012 0.399313420057297 0.395582437515259 0.392945408821106 0.390673041343689 0.388400673866272 0.386128306388855 0.383855938911438
0.423167139291763 0.414842337369919 0.408822357654572 0.402802407741547 0.396782428026199 0.390762478113174 0.384742498397827 0.378722548484802 0.372702568769455 0.373259365558624 0.37600839138031 0.378757447004318 0.381506472826004 0.384255528450012 0.387004554271698 0.389753609895706 0.392607867717743 0.395777761936188 0.398947685956955 0.402117609977722 0.405287504196167 0.408457428216934 0.411627322435379 0.414797246456146 0.416040688753128 0.4166419506073 0.417243212461472 0.417844474315643 0.418445765972137 0.419047027826309 0.419648289680481 0.419144034385681 0.415323138237 0.41150227189064 0.407681375741959 0.403860509395599 0.400039613246918 0.396218746900558 0.392397850751877 0.389929354190826 0.38791161775589 0.385893881320953 0.383876144886017 0.38185840845108
0.419560104608536 0.411284357309341 0.405791103839874 0.400297850370407 0.39480459690094 0.389311343431473 0.383818060159683 0.378324806690216 0.372831553220749 0.373312592506409 0.375785052776337 0.378257483243942 0.38072994351387 0.383202403783798 0.385674864053726 0.388147324323654 0.390737116336823 0.393678933382034 0.396620750427246 0.39956259727478 0.402504414319992 0.405446231365204 0.408388078212738 0.41132989525795 0.413025707006454 0.414306193590164 0.415586680173874 0.416867166757584 0.418147653341293 0.419428139925003 0.420708626508713 0.420558571815491 0.416116923093796 0.411675304174423 0.407233655452728 0.402792006731033 0.398350387811661 0.393908739089966 0.389467090368271 0.386964380741119 0.385107964277267 0.383251547813416 0.381395131349564 0.379538714885712
0.418038815259933 0.410354793071747 0.405195772647858 0.400036752223969 0.394877731800079 0.38971871137619 0.384559690952301 0.379400670528412 0.374241650104523 0.374391794204712 0.376311630010605 0.37823149561882 0.380151331424713 0.382071197032928 0.383991062641144 0.385910898447037 0.388020843267441 0.390701085329056 0.393381297588348 0.396061539649963 0.398741751909256 0.401421964168549 0.404102206230164 0.406782418489456 0.409441351890564 0.412093162536621 0.414745002985001 0.417396813631058 0.420048624277115 0.422700464725494 0.425352275371552 0.425942838191986 0.420349597930908 0.41475635766983 0.409163117408752 0.403569877147675 0.397976636886597 0.392383396625519 0.386790156364441 0.384050518274307 0.382262110710144 0.380473673343658 0.378685265779495 0.376896858215332
0.416517496109009 0.40942519903183 0.404600411653519 0.399775624275208 0.394950866699219 0.390126079320908 0.385301291942596 0.380476534366608 0.375651746988297 0.375470995903015 0.376838237047195 0.378205478191376 0.379572749137878 0.380939990282059 0.382307261228561 0.383674502372742 0.385304600000381 0.387723207473755 0.390141844749451 0.392560452222824 0.39497908949852 0.397397696971893 0.399816334247589 0.402234941720963 0.405856966972351 0.409880131483078 0.413903295993805 0.417926460504532 0.421949625015259 0.425972759723663 0.42999592423439 0.431327104568481 0.424582242965698 0.417837411165237 0.411092549562454 0.404347717761993 0.397602885961533 0.390858024358749 0.384113192558289 0.381136655807495 0.379416257143021 0.377695828676224 0.375975400209427 0.374255001544952
0.414996176958084 0.408495604991913 0.40400505065918 0.399514526128769 0.395023971796036 0.390533447265625 0.386042922735214 0.381552368402481 0.37706184387207 0.376550197601318 0.377364844083786 0.378179490566254 0.378994137048721 0.379808783531189 0.380623430013657 0.381438106298447 0.382588326931 0.384745359420776 0.386902391910553 0.389059394598007 0.391216427087784 0.393373429775238 0.395530462265015 0.397687464952469 0.402272611856461 0.407667100429535 0.413061589002609 0.418456107378006 0.42385059595108 0.429245084524155 0.434639602899551 0.436711341142654 0.428814917802811 0.420918464660645 0.413022011518478 0.405125558376312 0.397229135036469 0.389332681894302 0.381436228752136 0.378222823143005 0.376570403575897 0.374917984008789 0.373265564441681 0.371613144874573
