data/working_set_collections/6091692-Cassins_Sparrow-M2/2010/lwgnt_avg.asc
NCOLS 265 
NROWS 230 
XLLCORNER -115.5625 
YLLCORNER 24.8333333333333 
CELLSIZE 0.0833333333333333 
NODATA_value -9999 
[rows 20 to 39 of 230, columns 176 to 219 of 265]
-81.5425033569336 -81.3445205688477 -81.1465454101562 -80.9312896728516 -80.6642074584961 -80.3971328735352 -80.1300506591797 -79.8629684448242 -79.5958862304688 -79.3288040161133 -79.0617218017578 -78.7585525512695 -78.443359375 -78.1281585693359 -77.8129653930664 -77.4977645874023 -77.1825714111328 -76.8673706054688 -76.5774993896484 -76.3635864257812 -76.1496734619141 -75.9357528686523 -75.7218399047852 -75.507926940918 -75.2940139770508 -75.0801010131836 -74.8477249145508 -74.6091918945312 -74.3706588745117 -74.1321258544922 -73.8936004638672 -73.6550674438477 -73.4165344238281 -73.1758651733398 -72.9287796020508 -72.6816940307617 -72.4346084594727 -72.1875228881836 -71.9404449462891 -71.693359375 -71.4462738037109 -71.2224197387695 -71.0063095092773 -70.7901992797852
-81.6525344848633 -81.4470977783203 -81.2416687011719 -81.0218505859375 -80.7588806152344 -80.4959106445312 -80.2329483032227 -79.9699783325195 -79.7070083618164 -79.4440383911133 -79.1810760498047 -78.8787002563477 -78.5631866455078 -78.247673034668 -77.9321594238281 -77.6166458129883 -77.301139831543 -76.9856262207031 -76.6957092285156 -76.4825973510742 -76.2694778442383 -76.0563583374023 -75.8432464599609 -75.630126953125 -75.4170150756836 -75.2038955688477 -74.9536056518555 -74.69091796875 -74.4282302856445 -74.1655502319336 -73.9028625488281 -73.6401748657227 -73.3774948120117 -73.1236038208008 -72.8961181640625 -72.6686401367188 -72.4411544799805 -72.2136688232422 -71.9861831665039 -71.7586975097656 -71.5312118530273 -71.3016815185547 -71.0714645385742 -70.8412551879883
-81.762565612793 -81.549674987793 -81.336784362793 -81.1124114990234 -80.8535537719727 -80.5946960449219 -80.3358459472656 -80.0769882202148 -79.8181304931641 -79.5592803955078 -79.300422668457 -78.9988403320312 -78.6830139160156 -78.3671875 -78.0513610839844 -77.7355270385742 -77.4197006225586 -77.103874206543 -76.8139266967773 -76.6016082763672 -76.389289855957 -76.1769714355469 -75.9646453857422 -75.752326965332 -75.5400085449219 -75.3276901245117 -75.0594787597656 -74.7726440429688 -74.4858016967773 -74.1989669799805 -73.9121246337891 -73.6252899169922 -73.3384475708008 -73.0713500976562 -72.8634643554688 -72.6555786132812 -72.4476928710938 -72.2398071289062 -72.0319213867188 -71.8240356445312 -71.6161499023438 -71.3809432983398 -71.1366271972656 -70.8923110961914
-81.8725967407227 -81.6522521972656 -81.4319076538086 -81.2029647827148 -80.9482269287109 -80.6934814453125 -80.4387435913086 -80.1839981079102 -79.9292526245117 -79.6745147705078 -79.4197692871094 -79.1189804077148 -78.8028411865234 -78.4866943359375 -78.1705551147461 -77.8544082641602 -77.5382690429688 -77.2221298217773 -76.9321441650391 -76.7206192016602 -76.5090942382812 -76.2975769042969 -76.086051940918 -75.8745269775391 -75.6630096435547 -75.4514846801758 -75.1653594970703 -74.8543701171875 -74.5433731079102 -74.2323837280273 -73.9213943481445 -73.6103973388672 -73.2994079589844 -73.0190887451172 -72.8308029174805 -72.6425170898438 -72.454231262207 -72.2659454345703 -72.0776596069336 -71.8893737792969 -71.7010879516602 -71.460205078125 -71.2017822265625 -70.943359375
-81.9497680664062 -81.7208709716797 -81.4919662475586 -81.2556076049805 -80.9968643188477 -80.7381210327148 -80.4793853759766 -80.2206420898438 -79.9618988037109 -79.7031555175781 -79.4444122314453 -79.1435394287109 -78.8286209106445 -78.5137023925781 -78.1987838745117 -77.8838653564453 -77.5689468383789 -77.254035949707 -76.9645156860352 -76.7512054443359 -76.5378875732422 -76.324577331543 -76.1112670898438 -75.89794921875 -75.6846389770508 -75.4713287353516 -75.1835708618164 -74.8710098266602 -74.5584487915039 -74.2458877563477 -73.9333190917969 -73.6207580566406 -73.3081970214844 -73.0303955078125 -72.8568954467773 -72.6833953857422 -72.509895324707 -72.3363876342773 -72.1628875732422 -71.989387512207 -71.8158874511719 -71.5720596313477 -71.3047943115234 -71.0375213623047
-81.9940872192383 -81.7555313110352 -81.5169677734375 -81.2703323364258 -80.9994812011719 -80.7286224365234 -80.4577713012695 -80.1869201660156 -79.9160614013672 -79.6452102661133 -79.3743515014648 -79.0725250244141 -78.760368347168 -78.4482116699219 -78.1360549926758 -77.8238983154297 -77.5117416381836 -77.199592590332 -76.9110488891602 -76.693359375 -76.4756698608398 -76.2579727172852 -76.040283203125 -75.8225936889648 -75.6049041748047 -75.38720703125 -75.1141204833984 -74.8225708007812 -74.5310211181641 -74.2394714355469 -73.9479217529297 -73.6563720703125 -73.3648223876953 -73.1052780151367 -72.9417419433594 -72.778205871582 -72.6146697998047 -72.4511413574219 -72.2876052856445 -72.1240692138672 -71.9605331420898 -71.7165069580078 -71.4456481933594 -71.1747894287109
-82.0384063720703 -81.7901840209961 -81.5419692993164 -81.2850646972656 -81.0020980834961 -80.719123840332 -80.4361572265625 -80.153190612793 -79.8702239990234 -79.5872573852539 -79.3042907714844 -79.0015029907227 -78.6921081542969 -78.3827209472656 -78.0733261108398 -77.7639312744141 -77.4545364379883 -77.145149230957 -76.8575820922852 -76.6355133056641 -76.413444519043 -76.1913757324219 -75.9693069458008 -75.7472305297852 -75.5251617431641 -75.303092956543 -75.0446701049805 -74.7741317749023 -74.5035934448242 -74.2330627441406 -73.9625244140625 -73.6919860839844 -73.4214477539062 -73.1801528930664 -73.0265884399414 -72.8730163574219 -72.7194519042969 -72.5658874511719 -72.4123229980469 -72.2587585449219 -72.1051864624023 -71.8609619140625 -71.5865097045898 -71.3120574951172
-82.0827255249023 -81.8248443603516 -81.5669708251953 -81.2997894287109 -81.0047073364258 -80.7096252441406 -80.41455078125 -80.1194686889648 -79.8243865966797 -79.5293045043945 -79.2342300415039 -78.9304809570312 -78.6238555908203 -78.3172225952148 -78.0105972290039 -77.7039642333984 -77.397331237793 -77.090705871582 -76.8041229248047 -76.5776672363281 -76.3512191772461 -76.1247711181641 -75.898323059082 -75.671875 -75.445426940918 -75.2189788818359 -74.9752197265625 -74.725700378418 -74.4761734008789 -74.2266464233398 -73.9771194458008 -73.7275924682617 -73.4780731201172 -73.2550277709961 -73.1114273071289 -72.9678344726562 -72.8242340087891 -72.6806335449219 -72.5370407104492 -72.393440246582 -72.2498397827148 -72.0054092407227 -71.7273635864258 -71.4493255615234
-82.1270446777344 -81.859504699707 -81.5919647216797 -81.3145141601562 -81.00732421875 -80.7001266479492 -80.392936706543 -80.0857467651367 -79.7785491943359 -79.4713592529297 -79.1641616821289 -78.8594665527344 -78.5555953979492 -78.2517318725586 -77.9478607177734 -77.6439971923828 -77.3401260375977 -77.036262512207 -76.7506561279297 -76.5198287963867 -76.2890014648438 -76.0581741333008 -75.8273468017578 -75.5965194702148 -75.3656921386719 -75.1348648071289 -74.9057693481445 -74.6772613525391 -74.4487457275391 -74.2202301025391 -73.9917221069336 -73.7632064819336 -73.5346908569336 -73.3299026489258 -73.1962738037109 -73.0626449584961 -72.9290161132812 -72.7953796386719 -72.661750793457 -72.5281219482422 -72.3944931030273 -72.1498565673828 -71.8682250976562 -71.5865859985352
-82.1713638305664 -81.8941650390625 -81.6169662475586 -81.3292388916016 -81.0099334716797 -80.6906280517578 -80.3713226318359 -80.0520172119141 -79.7327117919922 -79.4134063720703 -79.0941009521484 -78.788444519043 -78.4873428344727 -78.1862411499023 -77.8851318359375 -77.5840301513672 -77.2829208374023 -76.981819152832 -76.6971893310547 -76.4619827270508 -76.2267761230469 -75.991569519043 -75.7563629150391 -75.5211563110352 -75.2859497070312 -75.0507507324219 -74.8363189697266 -74.6288223266602 -74.4213180541992 -74.2138214111328 -74.0063171386719 -73.7988204956055 -73.5913162231445 -73.4047775268555 -73.281120300293 -73.1574554443359 -73.0337905883789 -72.9101333618164 -72.7864685058594 -72.6628112792969 -72.5391464233398 -72.2943115234375 -72.0090866088867 -71.7238540649414
-82.2505187988281 -81.9746170043945 -81.6987152099609 -81.4101715087891 -81.0836868286133 -80.7572021484375 -80.4307250976562 -80.1042404174805 -79.7777633666992 -79.4512786865234 -79.1247940063477 -78.8153610229492 -78.5115966796875 -78.2078399658203 -77.9040832519531 -77.6003265380859 -77.2965698242188 -76.9928131103516 -76.7050552368164 -76.4653244018555 -76.2255935668945 -75.9858627319336 -75.7461318969727 -75.5064010620117 -75.2666702270508 -75.0269393920898 -74.8210830688477 -74.6265182495117 -74.4319534301758 -74.2373886108398 -74.0428237915039 -73.848258972168 -73.653694152832 -73.4775466918945 -73.3566589355469 -73.2357788085938 -73.1148910522461 -72.9940032958984 -72.8731155395508 -72.7522277832031 -72.6313400268555 -72.3933792114258 -72.1163864135742 -71.8394012451172
-82.364501953125 -82.1008529663086 -81.8372116088867 -81.5572891235352 -81.2285690307617 -80.8998489379883 -80.5711288452148 -80.2424087524414 -79.913688659668 -79.5849685668945 -79.2562484741211 -78.9402008056641 -78.6283721923828 -78.3165435791016 -78.0047149658203 -77.6928863525391 -77.3810653686523 -77.0692367553711 -76.7742614746094 -76.5298614501953 -76.2854614257812 -76.0410537719727 -75.7966537475586 -75.5522537231445 -75.3078460693359 -75.0634460449219 -74.8600616455078 -74.6703567504883 -74.4806518554688 -74.2909469604492 -74.1012344360352 -73.9115295410156 -73.7218246459961 -73.5482177734375 -73.4229125976562 -73.297607421875 -73.1722946166992 -73.046989440918 -72.9216842651367 -72.7963790893555 -72.6710739135742 -72.4470596313477 -72.1901397705078 -71.9332122802734
-82.4784927368164 -82.2270965576172 -81.975700378418 -81.7044143676758 -81.3734588623047 -81.0424957275391 -80.711540222168 -80.3805770874023 -80.0496215820312 -79.7186584472656 -79.3877029418945 -79.0650405883789 -78.7451400756836 -78.4252471923828 -78.1053466796875 -77.7854537963867 -77.4655609130859 -77.1456604003906 -76.8434677124023 -76.5943984985352 -76.3453216552734 -76.0962448120117 -75.8471755981445 -75.5980987548828 -75.3490219116211 -75.0999450683594 -74.899040222168 -74.7141952514648 -74.5293426513672 -74.3444976806641 -74.1596450805664 -73.9748001098633 -73.7899475097656 -73.6188812255859 -73.4891586303711 -73.3594360351562 -73.2297058105469 -73.099983215332 -72.9702606201172 -72.8405303955078 -72.710807800293 -72.5007400512695 -72.2638854980469 -72.0270309448242
-82.5924758911133 -82.3533325195312 -82.1141967773438 -81.8515396118164 -81.5183410644531 -81.1851425170898 -80.8519439697266 -80.5187454223633 -80.185546875 -79.8523483276367 -79.5191497802734 -79.1898803710938 -78.8619155883789 -78.5339508056641 -78.2059860229492 -77.8780136108398 -77.550048828125 -77.2220840454102 -76.9126739501953 -76.6589279174805 -76.4051818847656 -76.1514358520508 -75.8976898193359 -75.6439437866211 -75.3901977539062 -75.1364517211914 -74.9380187988281 -74.7580337524414 -74.5780410766602 -74.3980484008789 -74.2180557250977 -74.0380706787109 -73.8580780029297 -73.6895446777344 -73.5554046630859 -73.4212646484375 -73.2871170043945 -73.1529769897461 -73.0188293457031 -72.8846893310547 -72.7505416870117 -72.5544204711914 -72.3376388549805 -72.120849609375
-82.7064590454102 -82.4795761108398 -82.2526931762695 -81.998664855957 -81.6632308959961 -81.3277893066406 -80.9923553466797 -80.6569213867188 -80.3214797973633 -79.9860458374023 -79.6506042480469 -79.3147201538086 -78.9786834716797 -78.6426467895508 -78.3066177368164 -77.9705810546875 -77.6345443725586 -77.2985153198242 -76.9818801879883 -76.7234649658203 -76.4650421142578 -76.2066268920898 -75.9482116699219 -75.6897888183594 -75.4313735961914 -75.1729583740234 -74.9770050048828 -74.801872253418 -74.6267395019531 -74.4516067504883 -74.2764739990234 -74.1013412475586 -73.9262084960938 -73.7602157592773 -73.6216506958008 -73.4830932617188 -73.3445281982422 -73.2059631347656 -73.0674057006836 -72.928840637207 -72.7902755737305 -72.6081008911133 -72.4113845825195 -72.2146682739258
-82.8204498291016 -82.6058197021484 -82.3911819458008 -82.1457901000977 -81.8081130981445 -81.4704360961914 -81.1327667236328 -80.7950897216797 -80.4574127197266 -80.1197357177734 -79.7820587158203 -79.4395599365234 -79.095458984375 -78.751350402832 -78.4072494506836 -78.0631484985352 -77.7190399169922 -77.3749389648438 -77.0510864257812 -76.7879943847656 -76.5249099731445 -76.2618179321289 -75.9987258911133 -75.7356414794922 -75.4725494384766 -75.2094573974609 -75.015983581543 -74.845703125 -74.6754302978516 -74.5051574707031 -74.3348846435547 -74.1646041870117 -73.9943313598633 -73.8308792114258 -73.6878967285156 -73.544921875 -73.4019393920898 -73.2589569091797 -73.1159744262695 -72.9729919433594 -72.8300170898438 -72.6617813110352 -72.4851379394531 -72.3084869384766
-82.9451065063477 -82.7332000732422 -82.5212860107422 -82.2779846191406 -81.9405364990234 -81.6030807495117 -81.265625 -80.9281768798828 -80.5907211303711 -80.2532730102539 -79.9158172607422 -79.5722351074219 -79.2266082763672 -78.880973815918 -78.5353469848633 -78.1897201538086 -77.8440856933594 -77.4984588623047 -77.1713104248047 -76.8996124267578 -76.6279144287109 -76.3562164306641 -76.0845108032227 -75.8128128051758 -75.5411148071289 -75.269416809082 -75.0741500854492 -74.9043655395508 -74.7345809936523 -74.5647964477539 -74.3950119018555 -74.2252349853516 -74.0554504394531 -73.8918228149414 -73.7466659545898 -73.6015090942383 -73.4563522338867 -73.3111953735352 -73.1660461425781 -73.0208892822266 -72.875732421875 -72.7209777832031 -72.5630187988281 -72.4050598144531
-83.0804443359375 -82.8617172241211 -82.6429824829102 -82.3952484130859 -82.0604782104492 -81.725715637207 -81.3909530639648 -81.0561828613281 -80.7214202880859 -80.3866577148438 -80.051887512207 -79.7127380371094 -79.3721313476562 -79.0315170288086 -78.6909103393555 -78.3502960205078 -78.0096893310547 -77.669075012207 -77.3425598144531 -77.0583114624023 -76.7740631103516 -76.4898147583008 -76.20556640625 -75.9213180541992 -75.6370697021484 -75.3528213500977 -75.1515121459961 -74.9778518676758 -74.8041915893555 -74.6305313110352 -74.4568710327148 -74.2832107543945 -74.1095504760742 -73.9430313110352 -73.7979507446289 -73.6528625488281 -73.5077743530273 -73.3626937866211 -73.2176055908203 -73.0725173950195 -72.9274368286133 -72.7856826782227 -72.6450347900391 -72.50439453125
-83.2157821655273 -82.990234375 -82.7646865844727 -82.5125045776367 -82.1804275512695 -81.8483505249023 -81.5162734985352 -81.184196472168 -80.8521194458008 -80.5200424194336 -80.1879577636719 -79.8532485961914 -79.5176544189453 -79.1820602416992 -78.8464736938477 -78.5108795166016 -78.1752853393555 -77.8396987915039 -77.513801574707 -77.2170104980469 -76.9202117919922 -76.6234130859375 -76.3266220092773 -76.0298233032227 -75.733024597168 -75.4362335205078 -75.2288818359375 -75.0513381958008 -74.8738021850586 -74.6962661743164 -74.5187301635742 -74.341194152832 -74.1636505126953 -73.9942474365234 -73.8492279052734 -73.704216003418 -73.559196472168 -73.4141845703125 -73.2691650390625 -73.124153137207 -72.979133605957 -72.8503875732422 -72.7270584106445 -72.6037216186523
-83.3511199951172 -83.1187591552734 -82.8863906860352 -82.629768371582 -82.3003768920898 -81.9709854125977 -81.6415939331055 -81.3122024536133 -80.9828109741211 -80.6534194946289 -80.3240356445312 -79.9937515258789 -79.6631851196289 -79.3326110839844 -79.0020370483398 -78.6714630126953 -78.3408889770508 -78.0103149414062 -77.6850509643555 -77.3757019042969 -77.0663604736328 -76.7570190429688 -76.4476699829102 -76.1383285522461 -75.828987121582 -75.5196380615234 -75.3062438964844 -75.1248321533203 -74.9434127807617 -74.7620010375977 -74.5805892944336 -74.399169921875 -74.2177581787109 -74.0454635620117 -73.9005126953125 -73.7555694580078 -73.6106262207031 -73.4656753540039 -73.3207321166992 -73.17578125 -73.0308380126953 -72.9150924682617 -72.8090744018555 -72.7030563354492
