data/working_set_collections/6091692-Cassins_Sparrow-M2/2010/lwgnt_avg.asc
NCOLS 265 
NROWS 230 
XLLCORNER -115.5625 
YLLCORNER 24.8333333333333 
CELLSIZE 0.0833333333333333 
NODATA_value -9999 
[rows 20 to 39 of 230, columns 0 to 43 of 265]
-93.4850921630859 -93.1641693115234 -92.8432540893555 -92.522331237793 -92.201416015625 -91.8804931640625 -91.5595779418945 -91.4119110107422 -91.3219985961914 -91.2320785522461 -91.1421661376953 -91.05224609375 -90.9623336791992 -90.8724212646484 -90.734619140625 -90.4531860351562 -90.171745300293 -89.8903121948242 -89.6088714599609 -89.3274383544922 -89.0459976196289 -88.7645645141602 -88.5704879760742 -88.4055404663086 -88.2405853271484 -88.0756301879883 -87.9106826782227 -87.7457275390625 -87.5807723999023 -87.3869552612305 -87.1065216064453 -86.8260879516602 -86.545654296875 -86.2652206420898 -85.9847869873047 -85.7043609619141 -85.4239273071289 -84.6510314941406 -83.7139892578125 -82.7769393920898 -81.8398971557617 -80.9028472900391 -79.9658050537109 -79.0287551879883
-93.0393295288086 -92.755256652832 -92.4711761474609 -92.1870956420898 -91.9030151367188 -91.6189346313477 -91.3348617553711 -91.2279663085938 -91.1801300048828 -91.1322937011719 -91.0844650268555 -91.0366287231445 -90.9887924194336 -90.9409637451172 -90.8331985473633 -90.5456466674805 -90.2581024169922 -89.9705505371094 -89.6829986572266 -89.3954467773438 -89.1078948974609 -88.8203506469727 -88.6297607421875 -88.4714965820312 -88.313232421875 -88.1549682617188 -87.9967041015625 -87.8384323120117 -87.6801681518555 -87.4962615966797 -87.2354202270508 -86.9745788574219 -86.7137451171875 -86.4529037475586 -86.1920623779297 -85.9312286376953 -85.6703872680664 -84.9714889526367 -84.1265716552734 -83.2816467285156 -82.4367294311523 -81.5918121337891 -80.7468948364258 -79.9019775390625
-92.5935745239258 -92.3463363647461 -92.0990982055664 -91.8518600463867 -91.604621887207 -91.3573760986328 -91.1101379394531 -91.0440139770508 -91.0382614135742 -91.0325164794922 -91.0267639160156 -91.0210113525391 -91.0152587890625 -91.0095062255859 -90.9317779541016 -90.6381149291992 -90.3444519042969 -90.0507888793945 -89.7571258544922 -89.4634628295898 -89.1697998046875 -88.8761367797852 -88.6890335083008 -88.5374526977539 -88.3858795166016 -88.2342987060547 -88.0827178955078 -87.9311447143555 -87.7795639038086 -87.6055679321289 -87.3643264770508 -87.1230773925781 -86.8818283081055 -86.6405868530273 -86.3993377685547 -86.1580963134766 -85.9168472290039 -85.2919387817383 -84.5391540527344 -83.7863616943359 -83.0335693359375 -82.2807769775391 -81.5279846191406 -80.7751998901367
-92.147819519043 -91.9374237060547 -91.7270202636719 -91.5166244506836 -91.3062210083008 -91.095817565918 -90.8854217529297 -90.8600692749023 -90.8964004516602 -90.932731628418 -90.9690628051758 -91.0053863525391 -91.0417175292969 -91.0780487060547 -91.0303497314453 -90.7305755615234 -90.4308013916016 -90.1310272216797 -89.8312454223633 -89.5314712524414 -89.2316970825195 -88.9319152832031 -88.7483062744141 -88.6034164428711 -88.4585266113281 -88.3136291503906 -88.1687393188477 -88.0238494873047 -87.8789596557617 -87.7148742675781 -87.4932250976562 -87.2715682983398 -87.049919128418 -86.8282623291016 -86.6066131591797 -86.3849639892578 -86.1633071899414 -85.6123962402344 -84.9517364501953 -84.2910690307617 -83.6304092407227 -82.9697418212891 -82.30908203125 -81.6484146118164
-91.7871932983398 -91.6335601806641 -91.4799346923828 -91.3263092041016 -91.1726760864258 -91.0190505981445 -90.8654251098633 -90.8872299194336 -90.9675216674805 -91.0478134155273 -91.1281051635742 -91.2083969116211 -91.288688659668 -91.3689804077148 -91.3568878173828 -91.0676651000977 -90.7784423828125 -90.4892120361328 -90.1999893188477 -89.910758972168 -89.6215362548828 -89.3323135375977 -89.1542129516602 -89.0131607055664 -88.8721084594727 -88.7310485839844 -88.5899963378906 -88.4489440917969 -88.3078918457031 -88.1473617553711 -87.9284286499023 -87.7094879150391 -87.4905471801758 -87.271614074707 -87.0526733398438 -86.8337326049805 -86.6147994995117 -86.0407791137695 -85.3484039306641 -84.6560211181641 -83.9636459350586 -83.2712707519531 -82.5788879394531 -81.8865127563477
-91.5116882324219 -91.4347610473633 -91.3578414916992 -91.2809143066406 -91.203987121582 -91.127067565918 -91.0501403808594 -91.1255111694336 -91.2516403198242 -91.3777694702148 -91.5038986206055 -91.6300354003906 -91.7561645507812 -91.8822937011719 -91.9113845825195 -91.6493759155273 -91.3873672485352 -91.125358581543 -90.8633422851562 -90.6013336181641 -90.3393249511719 -90.0773086547852 -89.9067611694336 -89.7666931152344 -89.6266250610352 -89.4865570068359 -89.3464889526367 -89.206428527832 -89.0663604736328 -88.9030303955078 -88.6699295043945 -88.4368286132812 -88.203727722168 -87.9706192016602 -87.7375183105469 -87.5044174194336 -87.2713088989258 -86.5770874023438 -85.7291488647461 -84.881217956543 -84.0332870483398 -83.1853485107422 -82.3374176025391 -81.4894866943359
-91.2361831665039 -91.2359619140625 -91.2357406616211 -91.2355194091797 -91.2353057861328 -91.2350845336914 -91.23486328125 -91.3637847900391 -91.535758972168 -91.7077255249023 -91.8796997070312 -92.0516662597656 -92.2236404418945 -92.3956069946289 -92.4658889770508 -92.231086730957 -91.9962921142578 -91.7614974975586 -91.5267028808594 -91.2919006347656 -91.0571060180664 -90.8223114013672 -90.6593017578125 -90.5202255249023 -90.3811416625977 -90.2420654296875 -90.1029891967773 -89.9639053344727 -89.8248291015625 -89.6586990356445 -89.4114379882812 -89.1641693115234 -88.9169006347656 -88.6696319580078 -88.42236328125 -88.1750946044922 -87.9278259277344 -87.113395690918 -86.1099014282227 -85.1064147949219 -84.1029281616211 -83.0994338989258 -82.095947265625 -81.0924606323242
-90.9606781005859 -91.0371627807617 -91.1136474609375 -91.1901321411133 -91.2666168212891 -91.3431015014648 -91.4195861816406 -91.6020660400391 -91.8198699951172 -92.0376815795898 -92.2554931640625 -92.4733047485352 -92.6911087036133 -92.9089202880859 -93.0203857421875 -92.8128051757812 -92.6052169799805 -92.3976364135742 -92.190055847168 -91.9824752807617 -91.7748947143555 -91.5673141479492 -91.4118499755859 -91.2737579345703 -91.1356658935547 -90.9975738525391 -90.8594818115234 -90.7213897705078 -90.5832977294922 -90.4143676757812 -90.1529388427734 -89.8915023803711 -89.6300735473633 -89.3686370849609 -89.1072082519531 -88.8457717895508 -88.584342956543 -87.6497039794922 -86.4906539916992 -85.3316116333008 -84.1725616455078 -83.0135192871094 -81.8544769287109 -80.695426940918
-90.685173034668 -90.8383636474609 -90.9915466308594 -91.1447372436523 -91.2979278564453 -91.4511184692383 -91.6043090820312 -91.8403396606445 -92.1039886474609 -92.3676376342773 -92.6312866210938 -92.8949356079102 -93.1585845947266 -93.422233581543 -93.5748825073242 -93.3945159912109 -93.2141494750977 -93.0337829589844 -92.8534164428711 -92.6730499267578 -92.4926834106445 -92.3123168945312 -92.1643905639648 -92.0272903442383 -91.8901824951172 -91.7530822753906 -91.6159744262695 -91.478874206543 -91.3417663574219 -91.170036315918 -90.8944396972656 -90.6188430786133 -90.3432464599609 -90.0676498413086 -89.7920532226562 -89.5164566040039 -89.2408599853516 -88.1860046386719 -86.8714065551758 -85.5568084716797 -84.2422027587891 -82.927604675293 -81.6129989624023 -80.2984008789062
-90.40966796875 -90.6395568847656 -90.8694534301758 -91.0993499755859 -91.3292388916016 -91.5591354370117 -91.7890243530273 -92.07861328125 -92.3881072998047 -92.6975936889648 -93.007080078125 -93.3165740966797 -93.6260604858398 -93.935546875 -94.1293792724609 -93.9762268066406 -93.8230743408203 -93.669921875 -93.5167694091797 -93.3636169433594 -93.2104644775391 -93.0573120117188 -92.9169387817383 -92.7808227539062 -92.6447067260742 -92.5085906982422 -92.3724670410156 -92.2363510131836 -92.1002349853516 -91.9257049560547 -91.6359481811523 -91.3461837768555 -91.0564193725586 -90.7666625976562 -90.4768981933594 -90.1871337890625 -89.8973770141602 -88.7223129272461 -87.2521591186523 -85.7820053100586 -84.3118438720703 -82.8416900634766 -81.3715286254883 -79.9013748168945
-90.5654449462891 -90.8023910522461 -91.0393447875977 -91.2762908935547 -91.5132446289062 -91.7501907348633 -91.9871444702148 -92.3158264160156 -92.6750869750977 -93.0343475341797 -93.3936004638672 -93.7528610229492 -94.1121215820312 -94.4713821411133 -94.6934432983398 -94.5038986206055 -94.3143539428711 -94.1248016357422 -93.9352569580078 -93.7457122802734 -93.5561676025391 -93.3666229248047 -93.2220077514648 -93.0923767089844 -92.9627456665039 -92.8331146240234 -92.7034759521484 -92.573844909668 -92.4442138671875 -92.2905349731445 -92.0647430419922 -91.8389511108398 -91.6131591796875 -91.3873672485352 -91.1615753173828 -90.9357833862305 -90.7099914550781 -89.4804763793945 -87.916389465332 -86.3523025512695 -84.788215637207 -83.22412109375 -81.6600341796875 -80.095947265625
-91.1524963378906 -91.3268585205078 -91.5012130737305 -91.6755752563477 -91.8499298095703 -92.0242919921875 -92.1986541748047 -92.5519638061523 -92.9649276733398 -93.3778839111328 -93.7908477783203 -94.2038116455078 -94.6167755126953 -95.0297393798828 -95.2670745849609 -94.9775238037109 -94.6879730224609 -94.3984298706055 -94.1088790893555 -93.8193359375 -93.52978515625 -93.240234375 -93.0796127319336 -92.9619598388672 -92.8443069458008 -92.7266540527344 -92.6089935302734 -92.491340637207 -92.3736877441406 -92.2645263671875 -92.1808395385742 -92.0971527099609 -92.0134658813477 -91.9297790527344 -91.8460922241211 -91.7624053955078 -91.6787185668945 -90.4604949951172 -88.8640975952148 -87.2677001953125 -85.6713104248047 -84.0749130249023 -82.478515625 -80.8821182250977
-91.7395553588867 -91.851318359375 -91.9630889892578 -92.0748596191406 -92.1866226196289 -92.2983932495117 -92.4101638793945 -92.7881011962891 -93.254768371582 -93.7214279174805 -94.1880950927734 -94.6547622680664 -95.1214218139648 -95.5880889892578 -95.8406982421875 -95.4511489868164 -95.0615997314453 -94.6720504760742 -94.2825012207031 -93.892951965332 -93.5034027099609 -93.1138534545898 -92.9372100830078 -92.8315353393555 -92.7258605957031 -92.6201934814453 -92.514518737793 -92.4088439941406 -92.3031692504883 -92.2385177612305 -92.2969360351562 -92.355354309082 -92.4137725830078 -92.4721832275391 -92.5306015014648 -92.5890197753906 -92.6474380493164 -91.4405136108398 -89.8118133544922 -88.18310546875 -86.5544052124023 -84.9256973266602 -83.2969970703125 -81.6682891845703
-92.3266067504883 -92.3757858276367 -92.4249649047852 -92.4741363525391 -92.5233154296875 -92.5724945068359 -92.6216735839844 -93.0242385864258 -93.5446090698242 -94.0649719238281 -94.5853424072266 -95.1057052612305 -95.6260757446289 -96.1464462280273 -96.4143295288086 -95.9247817993164 -95.4352264404297 -94.9456787109375 -94.4561233520508 -93.9665756225586 -93.4770202636719 -92.9874649047852 -92.794807434082 -92.7011184692383 -92.607421875 -92.5137329101562 -92.420036315918 -92.3263397216797 -92.2326507568359 -92.2125091552734 -92.4130325317383 -92.6135482788086 -92.8140716552734 -93.0145950317383 -93.2151184082031 -93.4156341552734 -93.6161575317383 -92.4205322265625 -90.759521484375 -89.0985107421875 -87.4375 -85.7764892578125 -84.115478515625 -82.4544677734375
-92.9136657714844 -92.9002532958984 -92.886833190918 -92.873420715332 -92.8600082397461 -92.8465957641602 -92.8331832885742 -93.2603759765625 -93.8344497680664 -94.4085159301758 -94.9825897216797 -95.5566558837891 -96.130729675293 -96.7047958374023 -96.9879608154297 -96.3984069824219 -95.8088531494141 -95.2192993164062 -94.6297454833984 -94.0401916503906 -93.4506378173828 -92.861083984375 -92.6524124145508 -92.5706939697266 -92.4889831542969 -92.4072723388672 -92.325553894043 -92.2438430786133 -92.1621246337891 -92.1865005493164 -92.5291213989258 -92.8717498779297 -93.2143783569336 -93.556999206543 -93.8996276855469 -94.2422561645508 -94.5848846435547 -93.4005508422852 -91.7072296142578 -90.013916015625 -88.3205947875977 -86.6272735595703 -84.9339599609375 -83.2406387329102
-93.5007247924805 -93.4247131347656 -93.3487091064453 -93.272705078125 -93.1967010498047 -93.1206970214844 -93.0446929931641 -93.4965209960938 -94.1242904663086 -94.7520599365234 -95.3798370361328 -96.0076065063477 -96.6353759765625 -97.2631530761719 -97.5615921020508 -96.8720321655273 -96.1824798583984 -95.492919921875 -94.8033676147461 -94.1138076782227 -93.4242553710938 -92.7347030639648 -92.510009765625 -92.4402770996094 -92.3705444335938 -92.3008117675781 -92.231071472168 -92.1613388061523 -92.0916061401367 -92.1604843139648 -92.6452178955078 -93.1299514770508 -93.6146774291992 -94.0994110107422 -94.5841445922852 -95.0688705444336 -95.5536041259766 -94.3805694580078 -92.6549377441406 -90.929313659668 -89.2036895751953 -87.4780654907227 -85.7524337768555 -84.0268096923828
-93.8533477783203 -93.7708892822266 -93.6884307861328 -93.6059646606445 -93.5235061645508 -93.4410400390625 -93.3585815429688 -93.8247528076172 -94.4737930297852 -95.1228408813477 -95.7718811035156 -96.4209289550781 -97.0699768066406 -97.7190170288086 -98.0265579223633 -97.3095703125 -96.5925827026367 -95.875602722168 -95.1586151123047 -94.4416275024414 -93.7246398925781 -93.0076599121094 -92.7665176391602 -92.6839981079102 -92.6014862060547 -92.5189666748047 -92.4364471435547 -92.3539276123047 -92.2714080810547 -92.3324432373047 -92.8241271972656 -93.3158187866211 -93.8075103759766 -94.299201965332 -94.7908935546875 -95.282585144043 -95.7742767333984 -94.6727981567383 -93.0402603149414 -91.4077224731445 -89.7751846313477 -88.1426467895508 -86.5101089477539 -84.877571105957
-93.9715576171875 -93.9387741088867 -93.9059906005859 -93.8732070922852 -93.8404235839844 -93.8076400756836 -93.7748565673828 -94.2450790405273 -94.8829650878906 -95.5208511352539 -96.1587371826172 -96.796630859375 -97.4345169067383 -98.0724029541016 -98.3828582763672 -97.7110137939453 -97.0391693115234 -96.3673324584961 -95.6954879760742 -95.0236434936523 -94.3517990112305 -93.6799545288086 -93.4219436645508 -93.301872253418 -93.1818008422852 -93.0617370605469 -92.9416656494141 -92.8215942382812 -92.701530456543 -92.7023544311523 -93.0658569335938 -93.4293670654297 -93.7928695678711 -94.156379699707 -94.5198822021484 -94.8833923339844 -95.2468948364258 -94.277229309082 -92.8631744384766 -91.4491195678711 -90.0350723266602 -88.6210174560547 -87.2069625854492 -85.7929077148438
-94.0897598266602 -94.1066589355469 -94.1235504150391 -94.1404495239258 -94.157341003418 -94.1742324829102 -94.1911315917969 -94.6654052734375 -95.2921371459961 -95.9188690185547 -96.5455932617188 -97.1723251342773 -97.7990570068359 -98.4257888793945 -98.7391662597656 -98.1124649047852 -97.4857635498047 -96.8590621948242 -96.2323608398438 -95.6056518554688 -94.9789505004883 -94.3522491455078 -94.0773620605469 -93.9197463989258 -93.7621231079102 -93.6045074462891 -93.446891784668 -93.2892684936523 -93.1316528320312 -93.072265625 -93.3075866699219 -93.5429077148438 -93.7782287597656 -94.0135498046875 -94.2488708496094 -94.4841918945312 -94.7195129394531 -93.8816680908203 -92.6860961914062 -91.4905242919922 -90.2949600219727 -89.0993881225586 -87.9038162231445 -86.7082443237305
-94.2079620361328 -94.2745361328125 -94.3411102294922 -94.4076843261719 -94.4742584228516 -94.5408325195312 -94.6074066162109 -95.0857315063477 -95.701301574707 -96.3168792724609 -96.9324493408203 -97.5480270385742 -98.1636047363281 -98.7791748046875 -99.0954666137695 -98.5139083862305 -97.9323501586914 -97.3507919311523 -96.7692260742188 -96.1876678466797 -95.6061096191406 -95.0245513916016 -94.732780456543 -94.5376129150391 -94.3424453735352 -94.1472778320312 -93.9521102905273 -93.7569427490234 -93.5617752075195 -93.4421768188477 -93.54931640625 -93.6564559936523 -93.7635879516602 -93.8707275390625 -93.9778671264648 -94.0849990844727 -94.192138671875 -93.4861068725586 -92.5090179443359 -91.5319290161133 -90.5548477172852 -89.5777587890625 -88.6006698608398 -87.6235809326172
