data/working_set_collections/6091692-Cassins_Sparrow-M2/2010/lwgnt_avg.asc
NCOLS 265 
NROWS 230 
XLLCORNER -115.5625 
YLLCORNER 24.8333333333333 
CELLSIZE 0.0833333333333333 
NODATA_value -9999 
[rows 140 to 159 of 230, columns 132 to 175 of 265]
-106.620971679688 -106.622337341309 -106.581275939941 -106.412948608398 -106.244621276855 -106.076286315918 -105.907958984375 -105.739631652832 -105.571304321289 -105.402969360352 -105.203437805176 -104.993507385254 -104.783569335938 -104.573638916016 -104.363700866699 -104.153762817383 -103.943832397461 -103.666221618652 -103.185600280762 -102.704971313477 -102.224342346191 -101.743721008301 -101.263092041016 -100.78246307373 -100.30184173584 -99.8060455322266 -99.3051910400391 -98.8043365478516 -98.3034820556641 -97.8026275634766 -97.3017807006836 -96.8009262084961 -96.3650588989258 -96.124153137207 -95.8832473754883 -95.6423492431641 -95.4014434814453 -95.1605377197266 -94.9196395874023 -94.6787338256836 -94.2594451904297 -93.7806930541992 -93.3019485473633 -92.8232040405273
-106.434623718262 -106.451446533203 -106.426895141602 -106.278198242188 -106.129501342773 -105.980804443359 -105.832107543945 -105.683418273926 -105.534721374512 -105.386024475098 -105.1962890625 -104.992881774902 -104.78946685791 -104.586059570312 -104.382652282715 -104.179237365723 -103.975830078125 -103.699081420898 -103.202331542969 -102.705581665039 -102.208831787109 -101.71208190918 -101.21533203125 -100.71858215332 -100.221832275391 -99.7216491699219 -99.220329284668 -98.7190017700195 -98.2176818847656 -97.7163543701172 -97.2150344848633 -96.7137069702148 -96.2778549194336 -96.0384140014648 -95.7989730834961 -95.5595245361328 -95.3200836181641 -95.0806427001953 -94.8412017822266 -94.6017532348633 -94.1779098510742 -93.6925964355469 -93.2072830200195 -92.7219696044922
-106.248275756836 -106.280563354492 -106.272514343262 -106.143447875977 -106.014389038086 -105.885322570801 -105.75626373291 -105.627197265625 -105.498138427734 -105.369071960449 -105.189140319824 -104.992256164551 -104.795372009277 -104.598480224609 -104.401596069336 -104.204711914062 -104.007820129395 -103.731941223145 -103.219062805176 -102.706192016602 -102.193321228027 -101.680442810059 -101.167572021484 -100.65470123291 -100.141822814941 -99.6372604370117 -99.1354675292969 -98.633674621582 -98.1318817138672 -97.6300811767578 -97.128288269043 -96.6264953613281 -96.1906509399414 -95.9526748657227 -95.7146911621094 -95.4767074584961 -95.2387237548828 -95.0007400512695 -94.7627639770508 -94.5247802734375 -94.0963745117188 -93.6044921875 -93.1126174926758 -92.620735168457
-106.06192779541 -106.109672546387 -106.118125915527 -106.008697509766 -105.899269104004 -105.789840698242 -105.68041229248 -105.570983886719 -105.461555480957 -105.352127075195 -105.181999206543 -104.991630554199 -104.80126953125 -104.610908508301 -104.420547485352 -104.230178833008 -104.039817810059 -103.764793395996 -103.235801696777 -102.706802368164 -102.177803039551 -101.648811340332 -101.119812011719 -100.590812683105 -100.061820983887 -99.5528717041016 -99.0506057739258 -98.54833984375 -98.0460739135742 -97.5438079833984 -97.0415420532227 -96.5392837524414 -96.1034545898438 -95.8669281005859 -95.6304092407227 -95.3938903808594 -95.1573638916016 -94.9208450317383 -94.684326171875 -94.4477996826172 -94.0148391723633 -93.5163955688477 -93.017951965332 -92.5195083618164
-106.016754150391 -106.069770812988 -106.08634185791 -105.993553161621 -105.900764465332 -105.807983398438 -105.715194702148 -105.622413635254 -105.529624938965 -105.436836242676 -105.267845153809 -105.073455810547 -104.879058837891 -104.684669494629 -104.490272521973 -104.295883178711 -104.101486206055 -103.821357727051 -103.284034729004 -102.746711730957 -102.209381103516 -101.672058105469 -101.134735107422 -100.59740447998 -100.060081481934 -99.5376434326172 -99.0201721191406 -98.5026931762695 -97.985221862793 -97.4677429199219 -96.9502639770508 -96.4327926635742 -95.987190246582 -95.7572021484375 -95.527214050293 -95.2972259521484 -95.0672378540039 -94.8372573852539 -94.6072692871094 -94.3772811889648 -93.9439926147461 -93.4429397583008 -92.9418869018555 -92.4408264160156
-106.112770080566 -106.160858154297 -106.177139282227 -106.098007202148 -106.01887512207 -105.939743041992 -105.860610961914 -105.781478881836 -105.702346801758 -105.62321472168 -105.44669342041 -105.237716674805 -105.028739929199 -104.819763183594 -104.610786437988 -104.401809692383 -104.192832946777 -103.901634216309 -103.363777160645 -102.825912475586 -102.288055419922 -101.750198364258 -101.212333679199 -100.674476623535 -100.136611938477 -99.5915832519531 -99.0441589355469 -98.4967346191406 -97.9493103027344 -97.4018783569336 -96.8544540405273 -96.3070297241211 -95.8418655395508 -95.6234893798828 -95.4051132202148 -95.1867294311523 -94.9683532714844 -94.7499771118164 -94.5315933227539 -94.3132171630859 -93.8838424682617 -93.3841247558594 -92.8844146728516 -92.3847045898438
-106.208778381348 -106.251937866211 -106.267936706543 -106.202461242676 -106.136978149414 -106.071502685547 -106.00602722168 -105.940544128418 -105.875068664551 -105.809585571289 -105.625549316406 -105.401985168457 -105.178421020508 -104.954864501953 -104.731300354004 -104.507743835449 -104.2841796875 -103.981910705566 -103.443511962891 -102.905120849609 -102.366722106934 -101.828330993652 -101.289939880371 -100.751541137695 -100.213150024414 -99.6455154418945 -99.0681457519531 -98.4907684326172 -97.9133987426758 -97.3360214233398 -96.7586441040039 -96.1812744140625 -95.6965484619141 -95.4897766113281 -95.2830047607422 -95.0762329101562 -94.8694686889648 -94.6626968383789 -94.455924987793 -94.249153137207 -93.8236846923828 -93.3253173828125 -92.8269500732422 -92.3285827636719
-106.304786682129 -106.34302520752 -106.358741760254 -106.306915283203 -106.255088806152 -106.203262329102 -106.151435852051 -106.099609375 -106.047790527344 -105.995964050293 -105.804397583008 -105.566253662109 -105.328102111816 -105.089958190918 -104.85181427002 -104.613670349121 -104.375526428223 -104.06217956543 -103.523254394531 -102.984321594238 -102.44539642334 -101.906471252441 -101.367538452148 -100.82861328125 -100.289680480957 -99.6994552612305 -99.0921325683594 -98.4848098754883 -97.8774871826172 -97.2701568603516 -96.6628341674805 -96.0555114746094 -95.5512313842773 -95.3560638427734 -95.1609039306641 -94.9657440185547 -94.7705764770508 -94.5754165649414 -94.380256652832 -94.1850891113281 -93.7635345458984 -93.2665100097656 -92.7694778442383 -92.2724533081055
-106.40079498291 -106.434104919434 -106.44953918457 -106.41136932373 -106.373199462891 -106.335021972656 -106.296852111816 -106.258682250977 -106.220504760742 -106.182334899902 -105.983245849609 -105.730514526367 -105.477783203125 -105.225059509277 -104.972328186035 -104.719596862793 -104.466873168945 -104.142456054688 -103.602996826172 -103.063529968262 -102.524070739746 -101.984603881836 -101.445137023926 -100.90567779541 -100.3662109375 -99.7533950805664 -99.1161193847656 -98.4788436889648 -97.8415756225586 -97.2042999267578 -96.567024230957 -95.9297485351562 -95.4059066772461 -95.2223510742188 -95.0387954711914 -94.8552474975586 -94.6716918945312 -94.4881362915039 -94.3045806884766 -94.1210250854492 -93.7033767700195 -93.2076950073242 -92.7120132446289 -92.2163314819336
-106.496810913086 -106.525184631348 -106.540344238281 -106.515823364258 -106.491302490234 -106.466781616211 -106.442268371582 -106.417747497559 -106.393226623535 -106.368713378906 -106.162094116211 -105.89478302002 -105.627471923828 -105.360153198242 -105.092842102051 -104.825531005859 -104.558212280273 -104.222732543945 -103.682731628418 -103.142738342285 -102.602737426758 -102.06273651123 -101.522743225098 -100.98274230957 -100.442749023438 -99.8073272705078 -99.1401062011719 -98.4728851318359 -97.8056640625 -97.1384353637695 -96.4712142944336 -95.8039932250977 -95.2605895996094 -95.0886383056641 -94.9166946411133 -94.7447509765625 -94.5727996826172 -94.4008560180664 -94.2289123535156 -94.0569686889648 -93.6432266235352 -93.1488876342773 -92.6545486450195 -92.1602096557617
-106.647880554199 -106.667541503906 -106.680786132812 -106.674781799316 -106.668785095215 -106.662780761719 -106.656784057617 -106.650787353516 -106.64478302002 -106.638786315918 -106.422233581543 -106.135498046875 -105.848762512207 -105.562026977539 -105.275291442871 -104.988563537598 -104.70182800293 -104.350730895996 -103.806571960449 -103.262405395508 -102.718246459961 -102.17407989502 -101.629920959473 -101.085754394531 -100.541595458984 -99.8854751586914 -99.1920318603516 -98.4985885620117 -97.8051452636719 -97.111701965332 -96.4182586669922 -95.7248153686523 -95.160774230957 -94.9849166870117 -94.8090667724609 -94.6332092285156 -94.4573593139648 -94.2815017700195 -94.1056518554688 -93.929801940918 -93.5163955688477 -93.0238037109375 -92.5312118530273 -92.0386199951172
-106.85400390625 -106.86116027832 -106.870864868164 -106.888252258301 -106.905639648438 -106.92301940918 -106.940406799316 -106.957794189453 -106.975173950195 -106.992561340332 -106.763664245605 -106.452667236328 -106.141677856445 -105.830680847168 -105.519683837891 -105.208694458008 -104.89769744873 -104.526466369629 -103.974510192871 -103.422546386719 -102.870590209961 -102.318634033203 -101.766677856445 -101.214714050293 -100.662757873535 -99.9878234863281 -99.2718887329102 -98.5559539794922 -97.8400268554688 -97.1240921020508 -96.4081573486328 -95.6922302246094 -95.1064605712891 -94.9111862182617 -94.7159118652344 -94.5206298828125 -94.3253555297852 -94.1300811767578 -93.9348068237305 -93.7395324707031 -93.322883605957 -92.8324432373047 -92.3420104980469 -91.8515777587891
-107.060134887695 -107.054779052734 -107.06095123291 -107.101722717285 -107.14249420166 -107.183258056641 -107.224029541016 -107.264801025391 -107.305564880371 -107.346336364746 -107.105087280273 -106.769836425781 -106.434585571289 -106.099334716797 -105.76407623291 -105.428825378418 -105.093574523926 -104.702194213867 -104.142440795898 -103.58268737793 -103.022933959961 -102.463180541992 -101.903427124023 -101.343673706055 -100.783920288086 -100.09016418457 -99.3517456054688 -98.6133270263672 -97.8749008178711 -97.1364822387695 -96.398063659668 -95.6596374511719 -95.0521469116211 -94.8374481201172 -94.6227493286133 -94.4080505371094 -94.1933517456055 -93.9786529541016 -93.7639541625977 -93.5492553710938 -93.1293716430664 -92.6410903930664 -92.1528091430664 -91.6645278930664
-107.266258239746 -107.248397827148 -107.251037597656 -107.31519317627 -107.379341125488 -107.443496704102 -107.507652282715 -107.571807861328 -107.635955810547 -107.70011138916 -107.446517944336 -107.087005615234 -106.727493286133 -106.367980957031 -106.008476257324 -105.648963928223 -105.289451599121 -104.8779296875 -104.31037902832 -103.742828369141 -103.175285339355 -102.607734680176 -102.040184020996 -101.472633361816 -100.905082702637 -100.192512512207 -99.4316024780273 -98.6706924438477 -97.909782409668 -97.1488723754883 -96.3879623413086 -95.6270523071289 -94.9978408813477 -94.7637176513672 -94.5295944213867 -94.2954711914062 -94.0613555908203 -93.8272323608398 -93.5931091308594 -93.3589859008789 -92.9358596801758 -92.4497375488281 -91.9636077880859 -91.4774780273438
-107.472389221191 -107.442016601562 -107.441123962402 -107.528656005859 -107.616195678711 -107.703735351562 -107.791275024414 -107.878814697266 -107.966346740723 -108.053886413574 -107.787940979004 -107.404174804688 -107.020401000977 -106.63663482666 -106.252868652344 -105.869094848633 -105.485328674316 -105.053665161133 -104.478317260742 -103.902969360352 -103.327629089355 -102.752281188965 -102.176940917969 -101.601593017578 -101.026245117188 -100.294860839844 -99.5114593505859 -98.7280654907227 -97.9446640014648 -97.161262512207 -96.3778610229492 -95.5944671630859 -94.9435272216797 -94.6899871826172 -94.4364395141602 -94.1828994750977 -93.9293518066406 -93.6758041381836 -93.4222640991211 -93.1687164306641 -92.7423553466797 -92.2583770751953 -91.7744064331055 -91.2904357910156
-107.678512573242 -107.635635375977 -107.631202697754 -107.742126464844 -107.853050231934 -107.963973999023 -108.074897766113 -108.185821533203 -108.296737670898 -108.407661437988 -108.129371643066 -107.721343994141 -107.313316345215 -106.905288696289 -106.497261047363 -106.089225769043 -105.681198120117 -105.229393005371 -104.646255493164 -104.063110351562 -103.479972839355 -102.896835327148 -102.313690185547 -101.73055267334 -101.147415161133 -100.39720916748 -99.5913238525391 -98.7854309082031 -97.9795455932617 -97.1736526489258 -96.3677673339844 -95.5618743896484 -94.8892211914062 -94.6162490844727 -94.3432846069336 -94.0703201293945 -93.7973480224609 -93.5243835449219 -93.2514190673828 -92.9784469604492 -92.5488433837891 -92.067024230957 -91.585205078125 -91.103385925293
-107.792793273926 -107.733535766602 -107.715911865234 -107.823234558105 -107.930549621582 -108.037864685059 -108.14518737793 -108.252502441406 -108.359817504883 -108.467140197754 -108.179779052734 -107.760856628418 -107.341934204102 -106.923011779785 -106.504089355469 -106.085174560547 -105.66625213623 -105.207763671875 -104.630561828613 -104.053367614746 -103.476165771484 -102.898971557617 -102.32177734375 -101.744575500488 -101.167381286621 -100.416954040527 -99.6087875366211 -98.8006286621094 -97.9924621582031 -97.1842956542969 -96.3761291503906 -95.5679626464844 -94.8889083862305 -94.5971832275391 -94.3054580688477 -94.0137405395508 -93.7220153808594 -93.430290222168 -93.1385726928711 -92.8468475341797 -92.4106292724609 -91.9262466430664 -91.4418640136719 -90.9574737548828
-107.815231323242 -107.735710144043 -107.695243835449 -107.77197265625 -107.848693847656 -107.925415039062 -108.002143859863 -108.07886505127 -108.15559387207 -108.232315063477 -107.939163208008 -107.52271270752 -107.106262207031 -106.689819335938 -106.273368835449 -105.856925964355 -105.440475463867 -104.988761901855 -104.431243896484 -103.873733520508 -103.316215515137 -102.75870513916 -102.201187133789 -101.643669128418 -101.086158752441 -100.354103088379 -99.5638732910156 -98.7736434936523 -97.9834136962891 -97.1931838989258 -96.402946472168 -95.6127166748047 -94.9425888061523 -94.6327819824219 -94.3229675292969 -94.0131607055664 -93.7033462524414 -93.3935394287109 -93.0837249755859 -92.7739181518555 -92.3277130126953 -91.8360443115234 -91.344367980957 -90.8526992797852
-107.837669372559 -107.737884521484 -107.674575805664 -107.720710754395 -107.76683807373 -107.812973022461 -107.859100341797 -107.905227661133 -107.951362609863 -107.997489929199 -107.698539733887 -107.284568786621 -106.870597839355 -106.456619262695 -106.04264831543 -105.62866973877 -105.214698791504 -104.769760131836 -104.231925964355 -103.69409942627 -103.156265258789 -102.618431091309 -102.080596923828 -101.542770385742 -101.004936218262 -100.29125213623 -99.5189590454102 -98.7466583251953 -97.974365234375 -97.2020645141602 -96.4297714233398 -95.6574783325195 -94.9962768554688 -94.6683807373047 -94.3404769897461 -94.012580871582 -93.684684753418 -93.3567810058594 -93.0288848876953 -92.7009887695312 -92.2447967529297 -91.7458343505859 -91.2468795776367 -90.7479248046875
-107.86009979248 -107.740058898926 -107.653907775879 -107.669448852539 -107.684982299805 -107.700523376465 -107.71605682373 -107.731590270996 -107.747131347656 -107.762664794922 -107.45792388916 -107.046424865723 -106.634925842285 -106.223426818848 -105.81192779541 -105.400421142578 -104.988922119141 -104.550758361816 -104.032608032227 -103.514457702637 -102.996315002441 -102.478164672852 -101.960014343262 -101.441864013672 -100.923713684082 -100.228401184082 -99.4740371704102 -98.7196807861328 -97.9653167724609 -97.2109527587891 -96.4565963745117 -95.7022323608398 -95.0499649047852 -94.7039794921875 -94.3579864501953 -94.0120010375977 -93.666015625 -93.3200302124023 -92.9740447998047 -92.6280517578125 -92.1618728637695 -91.655632019043 -91.1493911743164 -90.6431427001953
