data/working_set_collections/6091692-Cassins_Sparrow-M2/2010/prectotcorr_avg.asc
NCOLS 265 
NROWS 230 
XLLCORNER -115.5625 
YLLCORNER 24.8333333333333 
CELLSIZE 0.0833333333333333 
NODATA_value -9999 
[rows 72 to 89 of 230, columns 82 to 122 of 265]
1.38374198286328e-05 1.42867866088636e-05 1.47361542985891e-05 1.51855219883146e-05 1.56348887685454e-05 1.60842555487761e-05 1.65336241479963e-05 1.68764017871581e-05 1.68994138221024e-05 1.6922427676036e-05 1.69454397109803e-05 1.69684517459245e-05 1.69914637808688e-05 1.70144776348025e-05 1.70374896697467e-05 1.68252427101834e-05 1.6534573660465e-05 1.62439064297359e-05 1.59532391990069e-05 1.56625719682779e-05 1.53719047375489e-05 1.50812375068199e-05 1.47865239341627e-05 1.44796713357209e-05 1.41728196467739e-05 1.38659679578268e-05 1.35591162688797e-05 1.3252263670438e-05 1.29454119814909e-05 1.26385602925438e-05 1.25156557260198e-05 1.24540674732998e-05 1.23924792205798e-05 1.23308900583652e-05 1.22693018056452e-05 1.22077135529253e-05 1.21461253002053e-05 1.2098414117645e-05 1.20923350550584e-05 1.20862559924717e-05 1.20801769298851e-05
1.36792314151535e-05 1.41287255246425e-05 1.45782196341315e-05 1.50277146531153e-05 1.5477209672099e-05 1.5926703781588e-05 1.6376197891077e-05 1.67250145750586e-05 1.67718008015072e-05 1.68185870279558e-05 1.6865371435415e-05 1.69121576618636e-05 1.69589420693228e-05 1.70057282957714e-05 1.705251452222e-05 1.68724072864279e-05 1.66166701092152e-05 1.63609329320025e-05 1.61051975737792e-05 1.58494603965664e-05 1.55937232193537e-05 1.5337986042141e-05 1.50637588376412e-05 1.4734062460775e-05 1.44043651744141e-05 1.40746687975479e-05 1.3744971511187e-05 1.34152751343208e-05 1.30855778479599e-05 1.27558814710937e-05 1.26271688714041e-05 1.25654523799312e-05 1.25037349789636e-05 1.2442017577996e-05 1.23803001770284e-05 1.23185836855555e-05 1.22568662845879e-05 1.22122855827911e-05 1.2219114069012e-05 1.22259425552329e-05 1.22327710414538e-05
1.35210420921794e-05 1.39706644404214e-05 1.44202858791687e-05 1.48699073179159e-05 1.53195287566632e-05 1.57691501954105e-05 1.62187716341577e-05 1.65736291819485e-05 1.6644187780912e-05 1.67147463798756e-05 1.67853049788391e-05 1.68558617588133e-05 1.69264203577768e-05 1.69969789567403e-05 1.70675375557039e-05 1.69195736816619e-05 1.66987665579654e-05 1.6477959434269e-05 1.6257154129562e-05 1.60363470058655e-05 1.58155417011585e-05 1.55947345774621e-05 1.53409946506144e-05 1.49884526763344e-05 1.46359107020544e-05 1.42833687277744e-05 1.3930827662989e-05 1.3578285688709e-05 1.3225743714429e-05 1.28732017401489e-05 1.27386820167885e-05 1.2676836377068e-05 1.26149907373474e-05 1.25531450976268e-05 1.24912994579063e-05 1.24294538181857e-05 1.23676072689705e-05 1.23261570479372e-05 1.23458930829656e-05 1.23656291179941e-05 1.23853651530226e-05
1.33628536787e-05 1.38126024467056e-05 1.42623512147111e-05 1.47120999827166e-05 1.51618487507221e-05 1.56115984282224e-05 1.60613471962279e-05 1.6422241969849e-05 1.65165729413275e-05 1.6610903912806e-05 1.67052367032738e-05 1.67995676747523e-05 1.68939004652202e-05 1.69882314366987e-05 1.70825624081772e-05 1.69667382579064e-05 1.67808630067157e-05 1.65949877555249e-05 1.64091106853448e-05 1.6223235434154e-05 1.60373583639739e-05 1.58514831127832e-05 1.56182304635877e-05 1.52428428918938e-05 1.48674562296947e-05 1.44920695674955e-05 1.41166829052963e-05 1.37412962430972e-05 1.3365909580898e-05 1.29905229186988e-05 1.28501951621729e-05 1.27882212836994e-05 1.27262464957312e-05 1.26642726172577e-05 1.26022978292895e-05 1.25403230413212e-05 1.24783491628477e-05 1.24400294225779e-05 1.24726720969193e-05 1.25053156807553e-05 1.25379592645913e-05
1.32046652652207e-05 1.36545413624845e-05 1.41044174597482e-05 1.4554293557012e-05 1.50041696542758e-05 1.54540448420448e-05 1.59039209393086e-05 1.62708547577495e-05 1.63889599207323e-05 1.65070632647257e-05 1.66251684277086e-05 1.67432735906914e-05 1.68613787536742e-05 1.69794820976676e-05 1.70975872606505e-05 1.70139046531403e-05 1.68629594554659e-05 1.67120142577915e-05 1.6561069060117e-05 1.64101220434532e-05 1.62591768457787e-05 1.61082316481043e-05 1.58954644575715e-05 1.54972331074532e-05 1.50990017573349e-05 1.47007704072166e-05 1.43025390570983e-05 1.39043067974853e-05 1.3506075447367e-05 1.31078440972487e-05 1.29617083075573e-05 1.28996052808361e-05 1.2837502254115e-05 1.27753992273938e-05 1.27132962006726e-05 1.26511931739515e-05 1.25890901472303e-05 1.2553900887724e-05 1.25994511108729e-05 1.26450022435165e-05 1.26905533761601e-05
1.30464759422466e-05 1.34964793687686e-05 1.39464827952906e-05 1.43964862218127e-05 1.48464896483347e-05 1.52964930748567e-05 1.57464965013787e-05 1.611946754565e-05 1.62613450811477e-05 1.64032226166455e-05 1.65451001521433e-05 1.66869795066305e-05 1.68288570421282e-05 1.6970734577626e-05 1.71126121131238e-05 1.70610710483743e-05 1.69450559042161e-05 1.6829040760058e-05 1.67130256158998e-05 1.65970104717417e-05 1.64809953275835e-05 1.63649801834254e-05 1.61727002705447e-05 1.57516242325073e-05 1.53305463754805e-05 1.49094703374431e-05 1.44883942994056e-05 1.40673173518735e-05 1.36462413138361e-05 1.32251652757986e-05 1.30732223624364e-05 1.30109901874675e-05 1.29487589219934e-05 1.28865267470246e-05 1.28242954815505e-05 1.27620633065817e-05 1.26998320411076e-05 1.26677723528701e-05 1.27262310343212e-05 1.27846888062777e-05 1.28431465782342e-05
1.27679013530724e-05 1.31889864860568e-05 1.36100716190413e-05 1.40311576615204e-05 1.44522427945049e-05 1.4873328836984e-05 1.52944139699684e-05 1.56502555910265e-05 1.5810364857316e-05 1.59704759425949e-05 1.61305852088844e-05 1.6290694475174e-05 1.64508037414635e-05 1.66109148267424e-05 1.67710240930319e-05 1.67575508385198e-05 1.66862173500704e-05 1.66148838616209e-05 1.65435485541821e-05 1.64722150657326e-05 1.64008815772831e-05 1.63295480888337e-05 1.61740263138199e-05 1.57659396791132e-05 1.53578530444065e-05 1.49497664096998e-05 1.45416806844878e-05 1.41335940497811e-05 1.37255083245691e-05 1.33174216898624e-05 1.31710139612551e-05 1.31118331410107e-05 1.30526523207664e-05 1.2993471500522e-05 1.29342897707829e-05 1.28751089505386e-05 1.28159281302942e-05 1.27865496324375e-05 1.28465790112386e-05 1.29066083900398e-05 1.29666386783356e-05
1.23689387692139e-05 1.27320618048543e-05 1.30951848404948e-05 1.34583069666405e-05 1.3821430002281e-05 1.41845530379214e-05 1.45476751640672e-05 1.48632179843844e-05 1.50360183397424e-05 1.52088196045952e-05 1.53816199599532e-05 1.55544221343007e-05 1.57272224896587e-05 1.59000228450168e-05 1.60728250193642e-05 1.61033476615557e-05 1.6086445612018e-05 1.60695435624802e-05 1.60526396939531e-05 1.60357376444153e-05 1.60188355948776e-05 1.60019335453399e-05 1.58994407684077e-05 1.55401794472709e-05 1.51809190356289e-05 1.48216586239869e-05 1.44623973028501e-05 1.41031359817134e-05 1.37438755700714e-05 1.33846142489347e-05 1.32550858324976e-05 1.32021350509604e-05 1.31491833599284e-05 1.30962325783912e-05 1.3043281796854e-05 1.29903310153168e-05 1.29373793242848e-05 1.29102327264263e-05 1.29604968606145e-05 1.30107619042974e-05 1.30610269479803e-05
1.196997709485e-05 1.22751371236518e-05 1.25802971524536e-05 1.28854571812553e-05 1.31906172100571e-05 1.34957772388589e-05 1.38009372676606e-05 1.40761803777423e-05 1.42616718221689e-05 1.44471641760902e-05 1.46326565300114e-05 1.4818147974438e-05 1.50036403283593e-05 1.51891326822806e-05 1.53746241267072e-05 1.54491444845917e-05 1.54866738739656e-05 1.55242032633396e-05 1.55617308337241e-05 1.55992602230981e-05 1.56367896124721e-05 1.5674319001846e-05 1.56248570419848e-05 1.5314421034418e-05 1.5003985936346e-05 1.46935499287792e-05 1.43831139212125e-05 1.40726788231404e-05 1.37622428155737e-05 1.3451806808007e-05 1.33391577037401e-05 1.32924360514153e-05 1.32457153085852e-05 1.31989945657551e-05 1.31522729134304e-05 1.31055521706003e-05 1.30588305182755e-05 1.30339149109204e-05 1.30744156194851e-05 1.3114915418555e-05 1.3155415217625e-05
1.15710154204862e-05 1.18182124424493e-05 1.20654094644124e-05 1.23126073958701e-05 1.25598044178332e-05 1.28070014397963e-05 1.30541984617594e-05 1.32891418616055e-05 1.34873253045953e-05 1.36855087475851e-05 1.38836921905749e-05 1.40818747240701e-05 1.42800581670599e-05 1.44782416100497e-05 1.46764250530396e-05 1.47949413076276e-05 1.48869012264186e-05 1.49788620547042e-05 1.50708228829899e-05 1.51627837112756e-05 1.52547445395612e-05 1.53467044583522e-05 1.53502733155619e-05 1.50886626215652e-05 1.48270519275684e-05 1.45654412335716e-05 1.43038314490695e-05 1.40422207550728e-05 1.3780610061076e-05 1.35190002765739e-05 1.34232286654878e-05 1.33827379613649e-05 1.33422463477473e-05 1.33017556436243e-05 1.32612649395014e-05 1.32207733258838e-05 1.31802826217609e-05 1.31575980049092e-05 1.31883334688609e-05 1.32190689328127e-05 1.32498043967644e-05
1.11720537461224e-05 1.13612877612468e-05 1.15505226858659e-05 1.17397567009903e-05 1.19289916256093e-05 1.21182256407337e-05 1.23074596558581e-05 1.25021042549633e-05 1.27129787870217e-05 1.29238533190801e-05 1.31347278511385e-05 1.33456014737021e-05 1.35564760057605e-05 1.37673505378189e-05 1.39782250698772e-05 1.41407372211688e-05 1.42871294883662e-05 1.44335217555636e-05 1.45799140227609e-05 1.47263062899583e-05 1.48726985571557e-05 1.5019090824353e-05 1.50756886796444e-05 1.48629032992176e-05 1.46501179187908e-05 1.4437332538364e-05 1.42245480674319e-05 1.40117626870051e-05 1.37989773065783e-05 1.35861928356462e-05 1.35073005367303e-05 1.34730389618198e-05 1.34387782964041e-05 1.34045167214936e-05 1.33702560560778e-05 1.33359944811673e-05 1.33017338157515e-05 1.32812801894033e-05 1.33022513182368e-05 1.33232224470703e-05 1.33441926664091e-05
1.07730920717586e-05 1.09043630800443e-05 1.10356349978247e-05 1.11669069156051e-05 1.12981779238908e-05 1.14294498416712e-05 1.15607217594516e-05 1.17150666483212e-05 1.19386322694481e-05 1.2162197890575e-05 1.2385763511702e-05 1.26093282233342e-05 1.28328938444611e-05 1.3056459465588e-05 1.32800250867149e-05 1.34865340442047e-05 1.36873577503138e-05 1.38881814564229e-05 1.4089005162532e-05 1.42898288686411e-05 1.44906525747501e-05 1.46914762808592e-05 1.48011040437268e-05 1.463714397687e-05 1.44731839100132e-05 1.43092247526511e-05 1.41452646857942e-05 1.39813046189374e-05 1.38173454615753e-05 1.36533853947185e-05 1.35913714984781e-05 1.35633408717695e-05 1.35353093355661e-05 1.35072787088575e-05 1.34792471726541e-05 1.34512165459455e-05 1.34231850097422e-05 1.34049632833921e-05 1.34161691676127e-05 1.34273750518332e-05 1.34385818455485e-05
1.04780374385882e-05 1.05700537460507e-05 1.06620709630079e-05 1.07540872704703e-05 1.08461035779328e-05 1.09381198853953e-05 1.10301371023525e-05 1.11533827293897e-05 1.13703190436354e-05 1.15872553578811e-05 1.18041916721268e-05 1.20211279863724e-05 1.22380643006181e-05 1.24550006148638e-05 1.26719369291095e-05 1.29020490930998e-05 1.31365522975102e-05 1.33710564114153e-05 1.36055605253205e-05 1.38400646392256e-05 1.40745687531307e-05 1.43090728670359e-05 1.44564301081118e-05 1.43423467307002e-05 1.42282633532886e-05 1.4114179975877e-05 1.40000975079602e-05 1.38860141305486e-05 1.3771930753137e-05 1.36578482852201e-05 1.36120906972792e-05 1.35891086756601e-05 1.3566126654041e-05 1.35431446324219e-05 1.35201617013081e-05 1.3497179679689e-05 1.34741976580699e-05 1.34574283947586e-05 1.34592983158655e-05 1.34611682369723e-05 1.34630381580791e-05
1.0286890756106e-05 1.0358359759266e-05 1.0429828762426e-05 1.05012977655861e-05 1.05727676782408e-05 1.06442366814008e-05 1.07157056845608e-05 1.08170534076635e-05 1.10080400190782e-05 1.11990266304929e-05 1.13900132419076e-05 1.15809998533223e-05 1.1771986464737e-05 1.19629730761517e-05 1.21539596875664e-05 1.23872814583592e-05 1.263471403945e-05 1.28821475300356e-05 1.31295801111264e-05 1.3377013601712e-05 1.36244470922975e-05 1.38718796733883e-05 1.40416659633047e-05 1.39785106512136e-05 1.39153553391225e-05 1.38522009365261e-05 1.37890456244349e-05 1.37258903123438e-05 1.36627359097474e-05 1.35995805976563e-05 1.35694563141442e-05 1.35503423734917e-05 1.35312284328393e-05 1.35121144921868e-05 1.34930005515344e-05 1.34738866108819e-05 1.34547726702294e-05 1.34386773424922e-05 1.34316396724898e-05 1.34246010929928e-05 1.34175634229905e-05
1.00957440736238e-05 1.01466657724814e-05 1.01975874713389e-05 1.02485091701965e-05 1.0299430869054e-05 1.03503525679116e-05 1.04012742667692e-05 1.04807240859373e-05 1.0645760994521e-05 1.08107979031047e-05 1.09758348116884e-05 1.11408717202721e-05 1.13059086288558e-05 1.14709455374395e-05 1.16359824460233e-05 1.18725138236186e-05 1.21328757813899e-05 1.23932377391611e-05 1.26536006064271e-05 1.29139625641983e-05 1.31743245219695e-05 1.34346864797408e-05 1.36269018184976e-05 1.36146745717269e-05 1.3602448234451e-05 1.35902209876804e-05 1.35779937409097e-05 1.35657674036338e-05 1.35535401568632e-05 1.35413129100925e-05 1.35268219310092e-05 1.35115760713234e-05 1.34963302116375e-05 1.34810843519517e-05 1.34658384922659e-05 1.34505926325801e-05 1.34353467728943e-05 1.3419925380731e-05 1.34039801196195e-05 1.33880339490133e-05 1.33720886879019e-05
9.90459830063628e-06 9.93497178569669e-06 9.9653461802518e-06 9.99572057480691e-06 1.0026094969362e-05 1.00564684544224e-05 1.00868428489775e-05 1.01443956737057e-05 1.02834828794585e-05 1.04225700852112e-05 1.05616572909639e-05 1.07007444967167e-05 1.08398317024694e-05 1.09789189082221e-05 1.11180061139748e-05 1.13577461888781e-05 1.16310375233297e-05 1.19043288577814e-05 1.2177620192233e-05 1.24509115266846e-05 1.27242028611363e-05 1.29974941955879e-05 1.32121376736904e-05 1.3250839401735e-05 1.32895402202848e-05 1.33282410388347e-05 1.33669427668792e-05 1.34056435854291e-05 1.34443444039789e-05 1.34830461320234e-05 1.34841875478742e-05 1.3472809769155e-05 1.34614319904358e-05 1.34500542117166e-05 1.34386764329975e-05 1.34272986542783e-05 1.34159208755591e-05 1.34011743284645e-05 1.33763205667492e-05 1.33514668050339e-05 1.33266130433185e-05
9.71345161815407e-06 9.72327779891202e-06 9.73310488916468e-06 9.74293106992263e-06 9.75275816017529e-06 9.76258525042795e-06 9.7724114311859e-06 9.8080663519795e-06 9.92120385490125e-06 1.0034341357823e-05 1.01474788607447e-05 1.02606163636665e-05 1.03737538665882e-05 1.048689136951e-05 1.06000288724317e-05 1.08429785541375e-05 1.11291992652696e-05 1.14154190669069e-05 1.1701639778039e-05 1.1987860489171e-05 1.2274081200303e-05 1.25603010019404e-05 1.27973735288833e-05 1.28870033222483e-05 1.29766322061187e-05 1.3066261089989e-05 1.3155890883354e-05 1.32455197672243e-05 1.33351495605893e-05 1.34247784444597e-05 1.34415531647392e-05 1.34340434669866e-05 1.34265337692341e-05 1.34190240714815e-05 1.3411514373729e-05 1.34040046759765e-05 1.33964949782239e-05 1.33824223667034e-05 1.33486610138789e-05 1.33148996610544e-05 1.32811383082299e-05
9.52230493567185e-06 9.51158381212736e-06 9.50086359807756e-06 9.49014247453306e-06 9.47942226048326e-06 9.46870113693876e-06 9.45798001339426e-06 9.47173703025328e-06 9.55892483034404e-06 9.6461126304348e-06 9.73330043052556e-06 9.82048823061632e-06 9.90767603070708e-06 9.99486383079784e-06 1.00820516308886e-05 1.0328210919397e-05 1.06273610072094e-05 1.09265101855271e-05 1.12256593638449e-05 1.15248094516573e-05 1.18239586299751e-05 1.21231087177875e-05 1.23826102935709e-05 1.25231672427617e-05 1.26637241919525e-05 1.2804282050638e-05 1.29448389998288e-05 1.30853959490196e-05 1.32259538077051e-05 1.33665107568959e-05 1.33989187816042e-05 1.33952771648183e-05 1.33916355480324e-05 1.33879939312465e-05 1.33843523144606e-05 1.33807106976747e-05 1.33770690808888e-05 1.33636713144369e-05 1.33210014610086e-05 1.32783325170749e-05 1.32356626636465e-05
