data/working_set_collections/6091692-Cassins_Sparrow-M2/2010/prectotcorr_avg.asc
NCOLS 265 
NROWS 230 
XLLCORNER -115.5625 
YLLCORNER 24.8333333333333 
CELLSIZE 0.0833333333333333 
NODATA_value -9999 
[rows 0 to 17 of 230, columns 205 to 245 of 265]
1.95442662516143e-05 1.9564809917938e-05 1.95853535842616e-05 1.96058972505853e-05 1.96275123016676e-05 1.96523451450048e-05 1.9677177988342e-05 1.97020108316792e-05 1.9726841856027e-05 1.97516746993642e-05 1.97765075427014e-05 1.98013403860386e-05 1.98647157958476e-05 1.99409387278138e-05 2.001716165978e-05 2.00933864107355e-05 2.01696093427017e-05 2.02458322746679e-05 2.03220570256235e-05 2.04189473151928e-05 2.05778396775713e-05 2.07367320399499e-05 2.08956244023284e-05 2.10545167647069e-05 2.12134091270855e-05 2.1372301489464e-05 2.15311938518425e-05 2.16431071748957e-05 2.17393626371631e-05 2.18356180994306e-05 2.1931873561698e-05 2.20281290239654e-05 2.21243844862329e-05 2.22206399485003e-05 2.22987382585416e-05 2.23223669308936e-05 2.23459974222351e-05 2.23696260945871e-05 2.23932547669392e-05 2.24168834392913e-05 2.24405121116433e-05
1.94702824956039e-05 1.95015072677052e-05 1.95327338587958e-05 1.95639586308971e-05 1.95911507034907e-05 1.96062428585719e-05 1.96213331946637e-05 1.9636425349745e-05 1.96515175048262e-05 1.9666607840918e-05 1.96816999959992e-05 1.96967921510804e-05 1.97701119759586e-05 1.98628422367619e-05 1.99555724975653e-05 2.00483027583687e-05 2.0141033019172e-05 2.02337632799754e-05 2.03264935407788e-05 2.04400130314752e-05 2.06158983928617e-05 2.07917855732376e-05 2.09676727536134e-05 2.11435581149999e-05 2.13194452953758e-05 2.14953306567622e-05 2.16712178371381e-05 2.17919568967773e-05 2.18943150684936e-05 2.19966732402099e-05 2.20990314119263e-05 2.22013895836426e-05 2.23037477553589e-05 2.24061059270753e-05 2.24886243813671e-05 2.2511625502375e-05 2.25346248043934e-05 2.25576259254012e-05 2.25806270464091e-05 2.26036263484275e-05 2.26266274694353e-05
1.93962987395935e-05 1.94382046174724e-05 1.94801123143407e-05 1.9522020011209e-05 1.95547891053138e-05 1.95601387531497e-05 1.95654902199749e-05 1.95708398678107e-05 1.9576191334636e-05 1.95815409824718e-05 1.9586892449297e-05 1.95922439161222e-05 1.96755081560696e-05 1.97847457457101e-05 1.98939833353506e-05 2.00032191060018e-05 2.01124566956423e-05 2.02216942852829e-05 2.0330930055934e-05 2.04610787477577e-05 2.06539589271415e-05 2.08468391065253e-05 2.10397211048985e-05 2.12326012842823e-05 2.14254814636661e-05 2.16183616430499e-05 2.18112418224337e-05 2.19408084376482e-05 2.20492674998241e-05 2.21577283809893e-05 2.22661892621545e-05 2.23746501433197e-05 2.2483111024485e-05 2.25915719056502e-05 2.26785105041927e-05 2.27008822548669e-05 2.27232540055411e-05 2.27456257562153e-05 2.27679993258789e-05 2.27903710765531e-05 2.28127428272273e-05
1.93223131645937e-05 1.9374903786229e-05 1.94274925888749e-05 1.94800813915208e-05 1.95184256881475e-05 1.95140364667168e-05 1.95096454262966e-05 1.95052562048659e-05 1.95008651644457e-05 1.9496475943015e-05 1.94920849025948e-05 1.94876938621746e-05 1.95809043361805e-05 1.97066492546583e-05 1.98323923541466e-05 1.99581372726243e-05 2.00838803721126e-05 2.02096252905903e-05 2.03353683900787e-05 2.04821444640402e-05 2.06920194614213e-05 2.09018944588024e-05 2.11117676371941e-05 2.13216426345753e-05 2.15315176319564e-05 2.17413926293375e-05 2.19512676267186e-05 2.20896581595298e-05 2.22042217501439e-05 2.23187835217686e-05 2.24333471123828e-05 2.25479107029969e-05 2.2662474293611e-05 2.27770378842251e-05 2.28683966270182e-05 2.28901390073588e-05 2.29118832066888e-05 2.29336274060188e-05 2.29553697863594e-05 2.29771139856894e-05 2.29988581850193e-05
1.92483294085832e-05 1.93116011359962e-05 1.93748728634091e-05 1.94381427718326e-05 1.94820640899707e-05 1.94679323612945e-05 1.94538024516078e-05 1.94396707229316e-05 1.94255389942555e-05 1.94114090845687e-05 1.93972773558926e-05 1.93831456272164e-05 1.94863023352809e-05 1.96285527636064e-05 1.97708031919319e-05 1.99130536202574e-05 2.00553040485829e-05 2.01975544769084e-05 2.03398049052339e-05 2.05032101803226e-05 2.07300799957011e-05 2.09569479920901e-05 2.11838159884792e-05 2.14106858038576e-05 2.16375538002467e-05 2.18644236156251e-05 2.20912916120142e-05 2.22385078814114e-05 2.23591741814744e-05 2.24798404815374e-05 2.2600504962611e-05 2.2721171262674e-05 2.28418375627371e-05 2.29625038628001e-05 2.30582809308544e-05 2.30793975788401e-05 2.31005124078365e-05 2.31216272368329e-05 2.31427420658292e-05 2.31638568948256e-05 2.31849735428113e-05
1.91743456525728e-05 1.92482984857634e-05 1.93222513189539e-05 1.93962059711339e-05 1.94457024917938e-05 1.94218300748616e-05 1.93979576579295e-05 1.93740852409974e-05 1.93502146430546e-05 1.93263422261225e-05 1.93024698091904e-05 1.92785973922582e-05 1.93916985153919e-05 1.95504562725546e-05 1.97092122107279e-05 1.98679699678905e-05 2.00267277250532e-05 2.01854854822159e-05 2.03442432393786e-05 2.05242758966051e-05 2.07681387109915e-05 2.10120015253779e-05 2.12558643397642e-05 2.14997271541506e-05 2.1743589968537e-05 2.19874527829234e-05 2.22313155973097e-05 2.23873576032929e-05 2.25141266128048e-05 2.26408956223167e-05 2.27676628128393e-05 2.28944318223512e-05 2.30212008318631e-05 2.3147969841375e-05 2.32481670536799e-05 2.32686543313321e-05 2.32891416089842e-05 2.33096270676469e-05 2.33301143452991e-05 2.33506016229512e-05 2.33710889006034e-05
1.9153332686983e-05 1.92260395124322e-05 1.92987445188919e-05 1.93714495253516e-05 1.94201511476422e-05 1.93968353414675e-05 1.93735195352929e-05 1.93502037291182e-05 1.93268879229436e-05 1.93035739357583e-05 1.92802581295837e-05 1.9256942323409e-05 1.93778705579462e-05 1.95468819583766e-05 1.97158915398177e-05 1.98849029402481e-05 2.00539125216892e-05 2.02229239221197e-05 2.03919335035607e-05 2.05809319595573e-05 2.08298952202313e-05 2.10788566619158e-05 2.13278181036003e-05 2.15767813642742e-05 2.18257428059587e-05 2.20747060666326e-05 2.23236675083172e-05 2.24858849833254e-05 2.26191878027748e-05 2.27524888032349e-05 2.28857916226843e-05 2.30190944421338e-05 2.31523954425938e-05 2.32856982620433e-05 2.33922528423136e-05 2.34185590670677e-05 2.34448652918218e-05 2.34711715165759e-05 2.34974777413299e-05 2.3523783966084e-05 2.35500901908381e-05
1.91852941497928e-05 1.92448223970132e-05 1.93043506442336e-05 1.93638788914541e-05 1.94054082385264e-05 1.93929481611121e-05 1.93804862647085e-05 1.93680243683048e-05 1.93555642908905e-05 1.93431023944868e-05 1.93306404980831e-05 1.93181804206688e-05 1.94448221009225e-05 1.96178316400619e-05 1.97908411792014e-05 1.99638488993514e-05 2.01368584384909e-05 2.03098679776303e-05 2.04828775167698e-05 2.067317655019e-05 2.09153440664522e-05 2.11575115827145e-05 2.13996772799874e-05 2.16418447962496e-05 2.18840123125119e-05 2.21261780097848e-05 2.2368345526047e-05 2.25340882025193e-05 2.2674355932395e-05 2.28146218432812e-05 2.29548895731568e-05 2.30951573030325e-05 2.32354250329081e-05 2.33756909437943e-05 2.3490536477766e-05 2.35291099670576e-05 2.35676834563492e-05 2.36062569456408e-05 2.36448304349324e-05 2.36834057432134e-05 2.3721979232505e-05
1.92172537936131e-05 1.92636052815942e-05 1.9309954950586e-05 1.93563064385671e-05 1.93906671484001e-05 1.93890609807568e-05 1.9387452994124e-05 1.93858450074913e-05 1.9384238839848e-05 1.93826308532152e-05 1.93810246855719e-05 1.93794166989392e-05 1.95117718249094e-05 1.96887795027578e-05 1.98657889995957e-05 2.00427966774441e-05 2.0219806174282e-05 2.03968138521304e-05 2.05738215299789e-05 2.07654211408226e-05 2.10007929126732e-05 2.12361646845238e-05 2.14715364563745e-05 2.17069082282251e-05 2.19422800000757e-05 2.21776517719263e-05 2.24130235437769e-05 2.25822914217133e-05 2.27295240620151e-05 2.28767548833275e-05 2.30239875236293e-05 2.31712201639311e-05 2.33184528042329e-05 2.34656854445348e-05 2.35888201132184e-05 2.36396608670475e-05 2.36905016208766e-05 2.37413441936951e-05 2.37921849475242e-05 2.38430275203427e-05 2.38938682741718e-05
1.92492152564228e-05 1.92823881661752e-05 1.93155610759277e-05 1.93487339856802e-05 1.93759260582738e-05 1.9385171981412e-05 1.93944197235396e-05 1.94036674656672e-05 1.94129133888055e-05 1.94221611309331e-05 1.94314070540713e-05 1.94406547961989e-05 1.95787215488963e-05 1.97597291844431e-05 1.994073681999e-05 2.01217444555368e-05 2.03027520910837e-05 2.04837597266305e-05 2.06647673621774e-05 2.08576657314552e-05 2.10862435778836e-05 2.13148196053226e-05 2.15433956327615e-05 2.17719716602005e-05 2.20005495066289e-05 2.22291255340679e-05 2.24577015615068e-05 2.26304946409073e-05 2.27846921916353e-05 2.29388879233738e-05 2.30930854741018e-05 2.32472830248298e-05 2.34014805755578e-05 2.35556781262858e-05 2.36871037486708e-05 2.37502117670374e-05 2.38133216043934e-05 2.387642962276e-05 2.39395394601161e-05 2.40026474784827e-05 2.40657573158387e-05
1.92811767192325e-05 1.93011710507562e-05 1.93211672012694e-05 1.93411633517826e-05 1.93611849681474e-05 1.93812848010566e-05 1.94013864529552e-05 1.94214881048538e-05 1.9441587937763e-05 1.94616895896615e-05 1.94817912415601e-05 1.95018910744693e-05 1.96456712728832e-05 1.98306788661284e-05 2.00156846403843e-05 2.02006904146401e-05 2.03856980078854e-05 2.05707037821412e-05 2.07557113753865e-05 2.09499103220878e-05 2.11716924241045e-05 2.13934745261213e-05 2.16152548091486e-05 2.18370369111653e-05 2.20588171941927e-05 2.22805992962094e-05 2.25023795792367e-05 2.26786978601012e-05 2.28398603212554e-05 2.30010209634202e-05 2.31621834245743e-05 2.33233458857285e-05 2.34845083468826e-05 2.36456708080368e-05 2.37853873841232e-05 2.38607626670273e-05 2.39361397689208e-05 2.40115168708144e-05 2.40868921537185e-05 2.4162269255612e-05 2.42376463575056e-05
1.93131363630528e-05 1.93199539353373e-05 1.93267733266111e-05 1.93335908988956e-05 1.93464420590317e-05 1.93773976207012e-05 1.94083531823708e-05 1.94393087440403e-05 1.94702643057099e-05 1.950121804839e-05 1.95321736100595e-05 1.95631291717291e-05 1.97126209968701e-05 1.99016267288243e-05 2.00906324607786e-05 2.02796381927328e-05 2.04686439246871e-05 2.06576496566413e-05 2.08466553885955e-05 2.10421549127204e-05 2.12571412703255e-05 2.14721276279306e-05 2.16871139855357e-05 2.19021003431408e-05 2.21170867007459e-05 2.23320730583509e-05 2.25470575969666e-05 2.27269010792952e-05 2.28950284508755e-05 2.30631558224559e-05 2.32312813750468e-05 2.33994087466272e-05 2.35675361182075e-05 2.37356634897878e-05 2.38836710195756e-05 2.39713153860066e-05 2.40589579334483e-05 2.41466022998793e-05 2.42342466663104e-05 2.43218910327414e-05 2.44095353991725e-05
1.93531850527506e-05 1.93558353203116e-05 1.9358487406862e-05 1.93611376744229e-05 1.93727646546904e-05 1.94113163161092e-05 1.94498679775279e-05 1.94884196389467e-05 1.95269713003654e-05 1.95655229617842e-05 1.96040746232029e-05 1.96426262846217e-05 1.97923127416288e-05 1.99790465558181e-05 2.01657785510179e-05 2.03525105462177e-05 2.05392443604069e-05 2.07259763556067e-05 2.09127101697959e-05 2.11049573408673e-05 2.13137500395533e-05 2.15225445572287e-05 2.17313372559147e-05 2.19401317735901e-05 2.21489244722761e-05 2.23577189899515e-05 2.25665116886375e-05 2.2747648472432e-05 2.29195666179294e-05 2.30914847634267e-05 2.32634010899346e-05 2.3435319235432e-05 2.36072373809293e-05 2.37791555264266e-05 2.39299843087792e-05 2.40175431827083e-05 2.41051038756268e-05 2.41926645685453e-05 2.42802252614638e-05 2.43677859543823e-05 2.44553466473008e-05
1.94013191503473e-05 1.94088152056793e-05 1.94163094420219e-05 1.94238036783645e-05 1.94401472981554e-05 1.94830372493016e-05 1.95259290194372e-05 1.95688189705834e-05 1.96117089217296e-05 1.96546006918652e-05 1.96974906430114e-05 1.97403805941576e-05 1.988474468817e-05 2.00629328901414e-05 2.02411210921127e-05 2.04193092940841e-05 2.05974974960554e-05 2.07756856980268e-05 2.09538738999981e-05 2.11383157875389e-05 2.13415187317878e-05 2.15447234950261e-05 2.1747926439275e-05 2.19511312025134e-05 2.21543341467623e-05 2.23575370910112e-05 2.25607418542495e-05 2.27409418585012e-05 2.29134766414063e-05 2.3086009605322e-05 2.32585425692378e-05 2.34310773521429e-05 2.36036103160586e-05 2.37761432799743e-05 2.39243254327448e-05 2.39994515141007e-05 2.40745775954565e-05 2.41497036768124e-05 2.42248297581682e-05 2.4299955839524e-05 2.43750801018905e-05
1.94494550669333e-05 1.94617932720575e-05 1.94741314771818e-05 1.9486469682306e-05 1.95075299416203e-05 1.95547600014834e-05 1.96019900613464e-05 1.96492183022201e-05 1.96964483620832e-05 1.97436784219462e-05 1.97909084818093e-05 1.9838136722683e-05 1.99771766347112e-05 2.01468210434541e-05 2.03164636332076e-05 2.04861080419505e-05 2.0655750631704e-05 2.08253950404469e-05 2.09950376302004e-05 2.11716742342105e-05 2.13692874240223e-05 2.15669024328236e-05 2.17645156226354e-05 2.19621288124472e-05 2.21597438212484e-05 2.23573570110602e-05 2.2554970200872e-05 2.27342370635597e-05 2.29073866648832e-05 2.30805362662068e-05 2.32536840485409e-05 2.34268336498644e-05 2.3599983251188e-05 2.37731328525115e-05 2.39186683756998e-05 2.3981359845493e-05 2.40440513152862e-05 2.410674096609e-05 2.41694324358832e-05 2.42321239056764e-05 2.42948153754696e-05
1.94975909835193e-05 1.95147713384358e-05 1.95319535123417e-05 1.95491356862476e-05 1.95749144040747e-05 1.96264827536652e-05 1.96780511032557e-05 1.97296194528462e-05 1.97811878024368e-05 1.98327561520273e-05 1.98843245016178e-05 1.99358928512083e-05 2.00696085812524e-05 2.02307073777774e-05 2.03918061743025e-05 2.05529049708275e-05 2.07140037673526e-05 2.08751025638776e-05 2.10362013604026e-05 2.12050326808821e-05 2.13970561162569e-05 2.15890795516316e-05 2.17811048059957e-05 2.19731282413704e-05 2.21651516767452e-05 2.23571769311093e-05 2.2549200366484e-05 2.27275304496288e-05 2.29012966883602e-05 2.30750611081021e-05 2.3248825527844e-05 2.34225917665754e-05 2.35963561863173e-05 2.37701224250486e-05 2.39130113186548e-05 2.39632663578959e-05 2.40135232161265e-05 2.40637800743571e-05 2.41140369325876e-05 2.41642919718288e-05 2.42145488300594e-05
1.9545725081116e-05 1.95677512238035e-05 1.95897755475016e-05 1.96118016901892e-05 1.96422970475396e-05 1.96982036868576e-05 1.9754112145165e-05 1.9810018784483e-05 1.98659272427903e-05 1.99218338821083e-05 1.99777405214263e-05 2.00336489797337e-05 2.01620405277936e-05 2.03145955310902e-05 2.04671487153973e-05 2.06197037186939e-05 2.07722587219905e-05 2.09248119062977e-05 2.10773669095943e-05 2.12383911275538e-05 2.14248248084914e-05 2.1611258489429e-05 2.17976921703666e-05 2.19841276702937e-05 2.21705613512313e-05 2.23569950321689e-05 2.2543430532096e-05 2.2720823835698e-05 2.28952048928477e-05 2.30695859499974e-05 2.32439670071471e-05 2.34183498832863e-05 2.3592730940436e-05 2.37671119975857e-05 2.39073524426203e-05 2.39451746892883e-05 2.39829969359562e-05 2.40208173636347e-05 2.40586396103026e-05 2.40964618569706e-05 2.41342841036385e-05
1.9593860997702e-05 1.96207292901818e-05 1.96475975826615e-05 1.96744676941307e-05 1.97096796910046e-05 1.97699264390394e-05 1.98301731870743e-05 1.98904199351091e-05 1.99506648641545e-05 2.00109116121894e-05 2.00711583602242e-05 2.01314051082591e-05 2.02544724743348e-05 2.03984836844029e-05 2.05424930754816e-05 2.06865024665603e-05 2.08305118576391e-05 2.09745212487178e-05 2.11185306397965e-05 2.1271747755236e-05 2.14525935007259e-05 2.16334374272265e-05 2.1814281353727e-05 2.19951270992169e-05 2.21759710257174e-05 2.2356814952218e-05 2.25376588787185e-05 2.27141190407565e-05 2.28891149163246e-05 2.30641126108821e-05 2.32391084864503e-05 2.34141061810078e-05 2.35891038755653e-05 2.37640997511335e-05 2.39016953855753e-05 2.39270830206806e-05 2.39524688367965e-05 2.39778564719018e-05 2.4003244107007e-05 2.40286299231229e-05 2.40540175582282e-05
