data/working_set_collections/6091692-Cassins_Sparrow-M2/2010/prectotcorr_avg.asc
NCOLS 265 
NROWS 230 
XLLCORNER -115.5625 
YLLCORNER 24.8333333333333 
CELLSIZE 0.0833333333333333 
NODATA_value -9999 
[rows 36 to 53 of 230, columns 164 to 204 of 265]
1.55114812514512e-05 1.54871704580728e-05 1.5462857845705e-05 1.54385452333372e-05 1.54142326209694e-05 1.53899200086016e-05 1.53656073962338e-05 1.5341294783866e-05 1.54415301949484e-05 1.55832822201774e-05 1.57250342454063e-05 1.58667862706352e-05 1.60085382958641e-05 1.61502903210931e-05 1.6292042346322e-05 1.6433830751339e-05 1.65757337526884e-05 1.67176367540378e-05 1.68595397553872e-05 1.70014445757261e-05 1.71433475770755e-05 1.72852505784249e-05 1.74271535797743e-05 1.76447574631311e-05 1.78875943674939e-05 1.81304330908461e-05 1.83732699952088e-05 1.86161068995716e-05 1.88589456229238e-05 1.91017825272866e-05 1.9337045159773e-05 1.95495795196621e-05 1.97621156985406e-05 1.99746500584297e-05 2.01871862373082e-05 2.03997205971973e-05 2.06122567760758e-05 2.08247911359649e-05 2.08869550988311e-05 2.08989949896932e-05 2.09110348805552e-05
1.52983029693132e-05 1.53036307892762e-05 1.53089586092392e-05 1.53142864292022e-05 1.53196142491652e-05 1.53249420691282e-05 1.53302698890911e-05 1.53355977090541e-05 1.54366807691986e-05 1.55696798174176e-05 1.57026806846261e-05 1.58356815518346e-05 1.5968682419043e-05 1.61016832862515e-05 1.623468415346e-05 1.63694603543263e-05 1.65095698321238e-05 1.66496774909319e-05 1.67897869687295e-05 1.69298946275376e-05 1.70700041053351e-05 1.72101117641432e-05 1.73502212419407e-05 1.75617133209016e-05 1.77970014192397e-05 1.80322895175777e-05 1.82675776159158e-05 1.85028657142539e-05 1.87381538125919e-05 1.897344191093e-05 1.9208504454582e-05 1.94428957911441e-05 1.96772871277062e-05 1.99116784642683e-05 2.01460698008304e-05 2.03804593184032e-05 2.06148506549653e-05 2.08492419915274e-05 2.09329300560057e-05 2.09663830901263e-05 2.09998361242469e-05
1.50851237776806e-05 1.51200920299743e-05 1.51550602822681e-05 1.51900276250672e-05 1.52249958773609e-05 1.52599641296547e-05 1.52949323819485e-05 1.53299006342422e-05 1.54318295244593e-05 1.55560792336473e-05 1.56803271238459e-05 1.58045768330339e-05 1.59288265422219e-05 1.60530762514099e-05 1.6177325960598e-05 1.63050899573136e-05 1.64434040925698e-05 1.65817182278261e-05 1.67200323630823e-05 1.68583464983385e-05 1.69966606335947e-05 1.7134974768851e-05 1.72732889041072e-05 1.74786709976615e-05 1.77064084709855e-05 1.79341477632988e-05 1.81618852366228e-05 1.83896227099467e-05 1.86173620022601e-05 1.8845099475584e-05 1.90799655683804e-05 1.93362120626261e-05 1.95924585568719e-05 1.98487050511176e-05 2.01049515453633e-05 2.0361198039609e-05 2.06174445338547e-05 2.08736910281004e-05 2.09789031941909e-05 2.10337693715701e-05 2.10886355489492e-05
1.48719445860479e-05 1.49365532706724e-05 1.50011610458023e-05 1.50657697304268e-05 1.51303775055567e-05 1.51949861901812e-05 1.52595948748058e-05 1.53242035594303e-05 1.54269782797201e-05 1.55424768308876e-05 1.56579753820552e-05 1.57734721142333e-05 1.58889706654008e-05 1.60044692165684e-05 1.61199677677359e-05 1.62407195603009e-05 1.63772401720053e-05 1.65137589647202e-05 1.66502777574351e-05 1.67867983691394e-05 1.69233171618544e-05 1.70598359545693e-05 1.71963565662736e-05 1.73956268554321e-05 1.76158155227313e-05 1.78360041900305e-05 1.80561928573297e-05 1.8276381524629e-05 1.84965701919282e-05 1.87167588592274e-05 1.89514248631895e-05 1.92295283341082e-05 1.95076299860375e-05 1.97857334569562e-05 2.00638351088855e-05 2.03419367608149e-05 2.06200402317336e-05 2.08981418836629e-05 2.10248763323762e-05 2.11011556530138e-05 2.11774349736515e-05
1.46587653944152e-05 1.47530145113706e-05 1.48472627188312e-05 1.49415109262918e-05 1.50357600432471e-05 1.51300082507078e-05 1.52242564581684e-05 1.5318504665629e-05 1.54221270349808e-05 1.55288744281279e-05 1.5635621821275e-05 1.57423673954327e-05 1.58491147885798e-05 1.59558621817268e-05 1.60626077558845e-05 1.61763491632883e-05 1.63110744324513e-05 1.64457997016143e-05 1.65805249707773e-05 1.6715248420951e-05 1.6849973690114e-05 1.6984698959277e-05 1.711942422844e-05 1.7312584532192e-05 1.75252225744771e-05 1.77378624357516e-05 1.79505004780367e-05 1.81631385203218e-05 1.83757783815963e-05 1.85884164238814e-05 1.88228859769879e-05 1.91228446055902e-05 1.94228014152031e-05 1.97227600438055e-05 2.00227186724078e-05 2.03226754820207e-05 2.0622634110623e-05 2.09225927392254e-05 2.10708512895508e-05 2.1168543753447e-05 2.12662362173432e-05
1.44455862027826e-05 1.45694757520687e-05 1.46933643918601e-05 1.48172530316515e-05 1.49411416714429e-05 1.50650303112343e-05 1.51889189510257e-05 1.53128075908171e-05 1.54172757902415e-05 1.55152720253682e-05 1.56132682604948e-05 1.5711262676632e-05 1.58092589117587e-05 1.59072551468853e-05 1.60052495630225e-05 1.61119787662756e-05 1.62449105118867e-05 1.63778404385084e-05 1.65107703651302e-05 1.66437002917519e-05 1.67766302183736e-05 1.69095601449953e-05 1.70424918906065e-05 1.72295403899625e-05 1.74346296262229e-05 1.76397188624833e-05 1.78448080987437e-05 1.80498973350041e-05 1.82549865712645e-05 1.84600758075248e-05 1.86943452717969e-05 1.90161590580828e-05 1.93379728443688e-05 1.96597866306547e-05 1.99816004169406e-05 2.03034142032266e-05 2.06252279895125e-05 2.09470417757984e-05 2.1116824427736e-05 2.12359300348908e-05 2.13550356420456e-05
1.43026190926321e-05 1.44357372846571e-05 1.45688563861768e-05 1.47019745782018e-05 1.48350936797215e-05 1.49682118717465e-05 1.51013300637715e-05 1.52344491652912e-05 1.53395267261658e-05 1.5435258319485e-05 1.55309899128042e-05 1.56267215061234e-05 1.57224530994426e-05 1.58181846927619e-05 1.59139162860811e-05 1.60187137225876e-05 1.61507032316877e-05 1.62826945597772e-05 1.64146840688772e-05 1.65466753969667e-05 1.66786649060668e-05 1.68106562341563e-05 1.69426457432564e-05 1.71265655808384e-05 1.73277949215844e-05 1.75290242623305e-05 1.77302536030766e-05 1.79314829438226e-05 1.81327141035581e-05 1.83339434443042e-05 1.85694134415826e-05 1.89076090464368e-05 1.92458046512911e-05 1.95840002561454e-05 1.99221958609996e-05 2.02603896468645e-05 2.05985852517188e-05 2.0936780856573e-05 2.11227670661174e-05 2.12580162042286e-05 2.13932653423399e-05
1.42298622449744e-05 1.43518000186305e-05 1.44737387017813e-05 1.45956764754374e-05 1.47176151585882e-05 1.48395529322443e-05 1.49614907059004e-05 1.50834293890512e-05 1.51888798427535e-05 1.52888351294678e-05 1.53887885971926e-05 1.54887438839069e-05 1.55886991706211e-05 1.5688652638346e-05 1.57886079250602e-05 1.58965503942454e-05 1.6028456229833e-05 1.61603620654205e-05 1.6292267901008e-05 1.64241719176061e-05 1.65560777531937e-05 1.66879835887812e-05 1.68198894243687e-05 1.70036601048196e-05 1.72047202795511e-05 1.74057804542826e-05 1.76068388100248e-05 1.78078989847563e-05 1.80089591594879e-05 1.821001751523e-05 1.84480886673555e-05 1.87971909326734e-05 1.91462931979913e-05 1.94953972822987e-05 1.98444995476166e-05 2.01936018129345e-05 2.05427058972418e-05 2.08918081625598e-05 2.10886773857055e-05 2.12348022614606e-05 2.13809271372156e-05
1.41571053973166e-05 1.42678627526038e-05 1.43786210173857e-05 1.44893783726729e-05 1.46001366374549e-05 1.47108939927421e-05 1.48216513480293e-05 1.49324096128112e-05 1.50382320498466e-05 1.51424101204611e-05 1.52465881910757e-05 1.53507662616903e-05 1.54549434228102e-05 1.55591205839301e-05 1.56632995640393e-05 1.57743870659033e-05 1.59062074089888e-05 1.60380295710638e-05 1.61698499141494e-05 1.63016702572349e-05 1.64334906003205e-05 1.65653109434061e-05 1.6697133105481e-05 1.68807546288008e-05 1.70816456375178e-05 1.72825348272454e-05 1.7483424016973e-05 1.76843132067006e-05 1.78852042154176e-05 1.80860934051452e-05 1.83267638931284e-05 1.868677281891e-05 1.90467835636809e-05 1.94067943084519e-05 1.97668032342335e-05 2.01268139790045e-05 2.04868247237755e-05 2.08468354685465e-05 2.10545877052937e-05 2.12115864997031e-05 2.1368587113102e-05
1.40843485496589e-05 1.41839263960719e-05 1.42835033329902e-05 1.43830802699085e-05 1.44826581163215e-05 1.45822350532399e-05 1.46818119901582e-05 1.47813898365712e-05 1.48875842569396e-05 1.49959851114545e-05 1.51043868754641e-05 1.5212787729979e-05 1.53211876749992e-05 1.54295885295141e-05 1.55379893840291e-05 1.56522255565505e-05 1.57839604071341e-05 1.59156970767071e-05 1.60474319272907e-05 1.61791685968637e-05 1.63109034474473e-05 1.64426401170203e-05 1.65743749676039e-05 1.6757849152782e-05 1.69585691764951e-05 1.71592892002081e-05 1.73600092239212e-05 1.75607292476343e-05 1.77614492713474e-05 1.79621692950604e-05 1.82054372999119e-05 1.85763565241359e-05 1.89472739293706e-05 1.93181913346052e-05 1.96891087398399e-05 2.00600261450745e-05 2.04309435503092e-05 2.08018609555438e-05 2.10204980248818e-05 2.11883725569351e-05 2.13562470889883e-05
1.40115926114959e-05 1.40999891300453e-05 1.41883856485947e-05 1.42767821671441e-05 1.43651795951882e-05 1.44535761137377e-05 1.45419726322871e-05 1.46303700603312e-05 1.47369373735273e-05 1.48495610119426e-05 1.49621855598525e-05 1.50748091982678e-05 1.5187432836683e-05 1.53000564750982e-05 1.54126810230082e-05 1.55300622282084e-05 1.56617134052794e-05 1.57933645823505e-05 1.59250157594215e-05 1.60566651175031e-05 1.61883162945742e-05 1.63199674716452e-05 1.64516186487162e-05 1.66349436767632e-05 1.68354945344618e-05 1.70360435731709e-05 1.72365944308694e-05 1.74371434695786e-05 1.76376943272771e-05 1.78382433659863e-05 1.80841125256848e-05 1.84659384103725e-05 1.88477624760708e-05 1.92295883607585e-05 1.96114124264568e-05 1.99932383111445e-05 2.03750641958322e-05 2.07568882615305e-05 2.098640834447e-05 2.1165158614167e-05 2.13439088838641e-05
1.39388357638381e-05 1.40160518640187e-05 1.40932679641992e-05 1.41704849738744e-05 1.42477010740549e-05 1.43249171742355e-05 1.4402133274416e-05 1.44793502840912e-05 1.45862895806204e-05 1.47031369124306e-05 1.48199833347462e-05 1.49368306665565e-05 1.50536779983668e-05 1.5170525330177e-05 1.52873726619873e-05 1.54078988998663e-05 1.55394645844353e-05 1.56710320879938e-05 1.58025977725629e-05 1.59341634571319e-05 1.6065729141701e-05 1.61972948262701e-05 1.63288623298286e-05 1.65120382007444e-05 1.6712418073439e-05 1.69127979461337e-05 1.71131796378177e-05 1.73135595105123e-05 1.75139393832069e-05 1.77143192559015e-05 1.79627877514577e-05 1.8355520296609e-05 1.87482528417604e-05 1.91409853869118e-05 1.95337179320632e-05 1.99264504772145e-05 2.03191830223659e-05 2.07119155675173e-05 2.09523168450687e-05 2.11419428524096e-05 2.13315688597504e-05
1.38909972520196e-05 1.39616577143897e-05 1.40323181767599e-05 1.410297863913e-05 1.41736400109949e-05 1.4244300473365e-05 1.43149609357351e-05 1.43856213981053e-05 1.44938576340792e-05 1.46146176120965e-05 1.47353784996085e-05 1.48561393871205e-05 1.49768993651378e-05 1.50976602526498e-05 1.52184211401618e-05 1.534106922918e-05 1.54693825606955e-05 1.5597695892211e-05 1.57260092237266e-05 1.58543225552421e-05 1.59826358867576e-05 1.61109492182732e-05 1.62392625497887e-05 1.64209886861499e-05 1.66205172718037e-05 1.68200458574574e-05 1.70195744431112e-05 1.72191030287649e-05 1.74186316144187e-05 1.76181602000725e-05 1.78664849954657e-05 1.82611947820988e-05 1.86559063877212e-05 1.90506161743542e-05 1.94453277799767e-05 1.98400375666097e-05 2.02347491722321e-05 2.06294589588651e-05 2.08718774956651e-05 2.10635298572015e-05 2.12551840377273e-05
1.38680761665455e-05 1.39368057716638e-05 1.40055362862768e-05 1.4074265891395e-05 1.41429954965133e-05 1.42117251016316e-05 1.42804547067499e-05 1.43491852213629e-05 1.44596406244091e-05 1.45840049299295e-05 1.47083692354499e-05 1.48327335409704e-05 1.49570978464908e-05 1.50814621520112e-05 1.52058264575317e-05 1.53295732161496e-05 1.54514655150706e-05 1.55733578139916e-05 1.5695251931902e-05 1.5817144230823e-05 1.5939036529744e-05 1.60609306476545e-05 1.61828229465755e-05 1.63617933139903e-05 1.65597884915769e-05 1.67577854881529e-05 1.69557806657394e-05 1.7153775843326e-05 1.7351772839902e-05 1.75497680174885e-05 1.7795204257709e-05 1.81829636858311e-05 1.85707231139531e-05 1.89584825420752e-05 1.93462419701973e-05 1.97340013983194e-05 2.01217608264415e-05 2.05095202545635e-05 2.07450848392909e-05 2.09299178095534e-05 2.1114750779816e-05
1.38451559905661e-05 1.39119547384325e-05 1.3978753486299e-05 1.40455522341654e-05 1.41123518915265e-05 1.41791506393929e-05 1.42459493872593e-05 1.43127481351257e-05 1.4425423614739e-05 1.45533922477625e-05 1.46813599712914e-05 1.48093276948202e-05 1.49372963278438e-05 1.50652640513727e-05 1.51932317749015e-05 1.53180753841298e-05 1.54335484694457e-05 1.55490215547616e-05 1.56644928210881e-05 1.5779965906404e-05 1.58954371727305e-05 1.60109102580464e-05 1.61263833433622e-05 1.63025979418308e-05 1.64990615303395e-05 1.66955232998589e-05 1.68919868883677e-05 1.70884504768765e-05 1.72849122463958e-05 1.74813758349046e-05 1.77239253389416e-05 1.81047325895634e-05 1.84855416591745e-05 1.88663489097962e-05 1.92471579794073e-05 1.96279652300291e-05 2.00087724806508e-05 2.03895815502619e-05 2.06182921829168e-05 2.07963057619054e-05 2.09743175219046e-05
1.3822234905092e-05 1.38871037052013e-05 1.39519715958158e-05 1.40168394864304e-05 1.4081707377045e-05 1.41465752676595e-05 1.4211443158274e-05 1.42763119583833e-05 1.43912075145636e-05 1.45227786561009e-05 1.46543507071328e-05 1.47859227581648e-05 1.49174938997021e-05 1.50490659507341e-05 1.51806380017661e-05 1.53065793710994e-05 1.54156314238207e-05 1.55246834765421e-05 1.56337355292635e-05 1.57427857629955e-05 1.58518378157169e-05 1.59608898684382e-05 1.60699419211596e-05 1.62434025696712e-05 1.64383327501127e-05 1.66332629305543e-05 1.68281931109959e-05 1.70231232914375e-05 1.72180534718791e-05 1.74129836523207e-05 1.76526446011849e-05 1.80265014932957e-05 1.84003583854064e-05 1.87742152775172e-05 1.9148072169628e-05 1.95219290617388e-05 1.98957859538496e-05 2.02696428459603e-05 2.0491501345532e-05 2.06626937142573e-05 2.08338860829826e-05
1.37993147291127e-05 1.38622517624754e-05 1.3925188795838e-05 1.39881258292007e-05 1.40510637720581e-05 1.41140008054208e-05 1.41769378387835e-05 1.42398748721462e-05 1.43569905048935e-05 1.44921659739339e-05 1.46273414429743e-05 1.47625169120147e-05 1.48976923810551e-05 1.50328678500955e-05 1.51680433191359e-05 1.5295083358069e-05 1.53977143781958e-05 1.55003453983227e-05 1.56029764184495e-05 1.57056074385764e-05 1.58082384587033e-05 1.59108712978195e-05 1.60135023179464e-05 1.61842071975116e-05 1.6377603969886e-05 1.65710025612498e-05 1.67643993336242e-05 1.69577961059986e-05 1.71511946973624e-05 1.73445914697368e-05 1.75813656824175e-05 1.7948270397028e-05 1.83151769306278e-05 1.86820816452382e-05 1.90489863598486e-05 1.94158928934485e-05 1.97827976080589e-05 2.01497041416587e-05 2.03647086891579e-05 2.05290816666093e-05 2.06934528250713e-05
1.37763945531333e-05 1.38374007292441e-05 1.38984069053549e-05 1.39594130814658e-05 1.40204192575766e-05 1.40814254336874e-05 1.41424316097982e-05 1.4203437785909e-05 1.43227744047181e-05 1.44615532917669e-05 1.46003321788157e-05 1.47391110658646e-05 1.48778908624081e-05 1.50166697494569e-05 1.51554486365058e-05 1.52835855260491e-05 1.53797973325709e-05 1.54760073201032e-05 1.55722173076356e-05 1.56684291141573e-05 1.57646391016897e-05 1.58608509082114e-05 1.59570608957438e-05 1.6125011825352e-05 1.63168770086486e-05 1.65087403729558e-05 1.67006055562524e-05 1.6892470739549e-05 1.70843341038562e-05 1.72761992871528e-05 1.75100849446608e-05 1.78700393007603e-05 1.82299936568597e-05 1.85899480129592e-05 1.89499023690587e-05 1.93098567251582e-05 1.96698110812576e-05 2.00297654373571e-05 2.02379178517731e-05 2.03954696189612e-05 2.05530213861493e-05
