data/working_set_collections/6091692-Cassins_Sparrow-M2/2010/prectotcorr_avg.asc
NCOLS 265 
NROWS 230 
XLLCORNER -115.5625 
YLLCORNER 24.8333333333333 
CELLSIZE 0.0833333333333333 
NODATA_value -9999 
[rows 90 to 107 of 230, columns 205 to 245 of 265]
2.02394166990416e-05 2.01812690647785e-05 2.01231214305153e-05 2.00649737962522e-05 2.01030034077121e-05 2.04295665753307e-05 2.07561297429493e-05 2.10826929105679e-05 2.14092560781864e-05 2.17358174268156e-05 2.20623805944342e-05 2.23889437620528e-05 2.26868887693854e-05 2.29752968152752e-05 2.32637030421756e-05 2.3552109269076e-05 2.38405154959764e-05 2.41289235418662e-05 2.44173297687666e-05 2.47148564085364e-05 2.50397442869144e-05 2.53646303463029e-05 2.56895182246808e-05 2.60144042840693e-05 2.63392921624472e-05 2.66641782218358e-05 2.69890661002137e-05 2.7409578251536e-05 2.78619663731661e-05 2.83143544947961e-05 2.87667407974368e-05 2.92191289190669e-05 2.96715170406969e-05 3.0123905162327e-05 3.05033772747265e-05 3.06641049974132e-05 3.08248309011105e-05 3.09855568048079e-05 3.11462827085052e-05 3.13070086122025e-05 3.14677345158998e-05
2.02902774617542e-05 2.03107083507348e-05 2.0331137420726e-05 2.03515683097066e-05 2.04428160941461e-05 2.07465182029409e-05 2.10502203117358e-05 2.13539206015412e-05 2.1657622710336e-05 2.19613230001414e-05 2.22650251089362e-05 2.25687272177311e-05 2.28437420446426e-05 2.3109196263249e-05 2.33746504818555e-05 2.36401028814726e-05 2.3905557100079e-05 2.41710113186855e-05 2.4436465537292e-05 2.47139178100042e-05 2.50273678830126e-05 2.53408179560211e-05 2.56542662100401e-05 2.59677162830485e-05 2.62811663560569e-05 2.65946164290654e-05 2.69080665020738e-05 2.73328969342401e-05 2.77948529401328e-05 2.8256810765015e-05 2.87187667709077e-05 2.91807245957898e-05 2.96426824206719e-05 3.01046384265646e-05 3.04907334793825e-05 3.06492438539863e-05 3.08077505906112e-05 3.0966260965215e-05 3.11247713398188e-05 3.12832780764438e-05 3.14417884510476e-05
2.03411382244667e-05 2.04401458177017e-05 2.05391552299261e-05 2.06381628231611e-05 2.07826287805801e-05 2.10634698305512e-05 2.13443090615328e-05 2.16251501115039e-05 2.19059893424856e-05 2.21868285734672e-05 2.24676696234383e-05 2.27485088544199e-05 2.30005953198997e-05 2.32430957112228e-05 2.3485596102546e-05 2.37280983128585e-05 2.39705987041816e-05 2.42130990955047e-05 2.44555994868279e-05 2.4712979211472e-05 2.50149914791109e-05 2.53170037467498e-05 2.56190160143888e-05 2.59210282820277e-05 2.62230405496666e-05 2.6525054636295e-05 2.68270669039339e-05 2.72562137979548e-05 2.7727741326089e-05 2.81992670352338e-05 2.86707927443786e-05 2.91423202725127e-05 2.96138459816575e-05 3.00853716908023e-05 3.04780896840384e-05 3.06343827105593e-05 3.07906739180908e-05 3.09469651256222e-05 3.11032563331537e-05 3.1259551178664e-05 3.14158423861954e-05
2.03919989871792e-05 2.0569585103658e-05 2.07471712201368e-05 2.09247573366156e-05 2.11224414670141e-05 2.13804214581614e-05 2.16383996303193e-05 2.18963778024772e-05 2.21543559746351e-05 2.24123359657824e-05 2.26703141379403e-05 2.29282923100982e-05 2.31574485951569e-05 2.33769951591967e-05 2.35965435422258e-05 2.3816091925255e-05 2.40356403082842e-05 2.4255186872324e-05 2.44747352553532e-05 2.47120406129397e-05 2.50026150752092e-05 2.5293191356468e-05 2.55837658187374e-05 2.58743402810069e-05 2.61649165622657e-05 2.64554910245351e-05 2.6746067305794e-05 2.7179532480659e-05 2.76606278930558e-05 2.81417233054526e-05 2.86228187178494e-05 2.91039141302463e-05 2.95850095426431e-05 3.00661067740293e-05 3.04654458886944e-05 3.06195215671323e-05 3.07735972455703e-05 3.09276729240082e-05 3.10817449644674e-05 3.12358206429053e-05 3.13898963213433e-05
2.04428597498918e-05 2.06990243896144e-05 2.09551872103475e-05 2.12113518500701e-05 2.14622541534482e-05 2.16973712667823e-05 2.19324883801164e-05 2.21676054934505e-05 2.24027244257741e-05 2.26378415391082e-05 2.28729586524423e-05 2.31080757657764e-05 2.33143000514247e-05 2.35108964261599e-05 2.37074909819057e-05 2.39040855376516e-05 2.41006800933974e-05 2.42972764681326e-05 2.44938710238785e-05 2.47111020144075e-05 2.49902386713075e-05 2.52693771471968e-05 2.55485156230861e-05 2.58276522799861e-05 2.61067907558754e-05 2.63859292317647e-05 2.66650677076541e-05 2.71028493443737e-05 2.75935144600226e-05 2.80841795756714e-05 2.85748446913203e-05 2.90655098069692e-05 2.95561749226181e-05 3.0046840038267e-05 3.04528020933503e-05 3.06046604237054e-05 3.0756516935071e-05 3.09083770844154e-05 3.1060233595781e-05 3.12120901071467e-05 3.13639502564911e-05
2.04937205126043e-05 2.08284618565813e-05 2.11632050195476e-05 2.14979463635245e-05 2.18020668398822e-05 2.20143228943925e-05 2.22265789489029e-05 2.24388350034133e-05 2.26510910579236e-05 2.2863347112434e-05 2.30756031669443e-05 2.32878574024653e-05 2.34711533266818e-05 2.36447958741337e-05 2.38184384215856e-05 2.39920791500481e-05 2.41657216975e-05 2.43393642449519e-05 2.45130067924038e-05 2.47101634158753e-05 2.49778640863951e-05 2.5245564756915e-05 2.55132654274348e-05 2.57809660979547e-05 2.60486667684745e-05 2.63163674389943e-05 2.65840681095142e-05 2.70261680270778e-05 2.75264028459787e-05 2.80266358458903e-05 2.85268706647912e-05 2.90271054836921e-05 2.95273384836037e-05 3.00275733025046e-05 3.04401601169957e-05 3.05897992802784e-05 3.07394402625505e-05 3.08890812448226e-05 3.10387222270947e-05 3.11883632093668e-05 3.13380041916389e-05
2.05166106752586e-05 2.08880665013567e-05 2.12595205084654e-05 2.16309763345635e-05 2.19616485992447e-05 2.21699756366434e-05 2.23783044930315e-05 2.25866315304302e-05 2.27949603868183e-05 2.3003287424217e-05 2.32116162806051e-05 2.34199433180038e-05 2.36003252211958e-05 2.37713902606629e-05 2.394245530013e-05 2.4113520339597e-05 2.42845871980535e-05 2.44556522375206e-05 2.46267172769876e-05 2.48198339249939e-05 2.50790981226601e-05 2.53383623203263e-05 2.55976265179925e-05 2.58568907156587e-05 2.61161549133249e-05 2.63754191109911e-05 2.66346833086573e-05 2.70696200459497e-05 2.75631118711317e-05 2.80566036963137e-05 2.85500955214957e-05 2.90435891656671e-05 2.95370809908491e-05 3.00305728160311e-05 3.04389923257986e-05 3.05921967083123e-05 3.07453992718365e-05 3.08986054733396e-05 3.10518080368638e-05 3.12050142383669e-05 3.13582168018911e-05
2.05115320568439e-05 2.08778346859617e-05 2.12441373150796e-05 2.1610438125208e-05 2.19409976125462e-05 2.21643313125242e-05 2.23876650125021e-05 2.26109987124801e-05 2.2834332412458e-05 2.30576642934466e-05 2.32809979934245e-05 2.35043316934025e-05 2.37018139159773e-05 2.38906795857474e-05 2.40795452555176e-05 2.42684091062983e-05 2.44572747760685e-05 2.46461404458387e-05 2.48350061156088e-05 2.50401135417633e-05 2.52939425990917e-05 2.55477716564201e-05 2.58016007137485e-05 2.60554297710769e-05 2.63092588284053e-05 2.65630878857337e-05 2.68169169430621e-05 2.7233203582e-05 2.77036433544708e-05 2.81740831269417e-05 2.86445210804231e-05 2.9114960852894e-05 2.95853988063755e-05 3.00558385788463e-05 3.04493041767273e-05 3.0611852707807e-05 3.07744012388866e-05 3.09369461319875e-05 3.10994946630672e-05 3.12620431941468e-05 3.14245917252265e-05
2.05064534384292e-05 2.08676028705668e-05 2.12287523027044e-05 2.1589901734842e-05 2.19203484448371e-05 2.2158686988405e-05 2.23970255319728e-05 2.26353640755406e-05 2.28737026191084e-05 2.31120411626762e-05 2.3350379706244e-05 2.35887182498118e-05 2.38033026107587e-05 2.4009968910832e-05 2.42166333919158e-05 2.44232978729997e-05 2.4629964173073e-05 2.48366286541568e-05 2.50432949542301e-05 2.52603931585327e-05 2.55087870755233e-05 2.57571809925139e-05 2.60055749095045e-05 2.62539688264951e-05 2.65023627434857e-05 2.67507566604763e-05 2.69991505774669e-05 2.73967889370397e-05 2.784417483781e-05 2.82915607385803e-05 2.87389466393506e-05 2.91863325401209e-05 2.96337184408912e-05 3.00811043416616e-05 3.0459616027656e-05 3.06315087073017e-05 3.0803399567958e-05 3.09752904286142e-05 3.11471812892705e-05 3.13190721499268e-05 3.14909630105831e-05
2.05013748200145e-05 2.08573710551718e-05 2.12133691093186e-05 2.1569365344476e-05 2.18996974581387e-05 2.21530426642857e-05 2.24063860514434e-05 2.26597312575905e-05 2.29130746447481e-05 2.31664180319058e-05 2.34197632380528e-05 2.36731066252105e-05 2.39047913055401e-05 2.41292564169271e-05 2.43537215283141e-05 2.4578186639701e-05 2.48026535700774e-05 2.50271186814643e-05 2.52515837928513e-05 2.54806727753021e-05 2.57236315519549e-05 2.59665903286077e-05 2.62095491052605e-05 2.64525078819133e-05 2.66954666585661e-05 2.6938425435219e-05 2.71813842118718e-05 2.75603742920794e-05 2.79847063211491e-05 2.84090383502189e-05 2.88333721982781e-05 2.92577042273479e-05 2.96820362564176e-05 3.01063682854874e-05 3.04699260595953e-05 3.06511610688176e-05 3.08323978970293e-05 3.10136310872622e-05 3.11948679154739e-05 3.13761011057068e-05 3.15573379339185e-05
2.04962962015998e-05 2.08471410587663e-05 2.11979840969434e-05 2.15488271351205e-05 2.18790482904296e-05 2.21473983401665e-05 2.24157465709141e-05 2.2684096620651e-05 2.29524466703879e-05 2.32207949011354e-05 2.34891449508723e-05 2.37574950006092e-05 2.40062800003216e-05 2.42485457420116e-05 2.44908114837017e-05 2.47330754064023e-05 2.49753411480924e-05 2.52176068897825e-05 2.54598708124831e-05 2.57009523920715e-05 2.59384760283865e-05 2.61759996647015e-05 2.64135233010165e-05 2.66510469373316e-05 2.68885705736466e-05 2.71260942099616e-05 2.73636178462766e-05 2.7723959647119e-05 2.81252378044883e-05 2.85265177808469e-05 2.89277959382161e-05 2.93290759145748e-05 2.97303558909334e-05 3.01316340483027e-05 3.0480237910524e-05 3.06708170683123e-05 3.08613962261006e-05 3.10519753838889e-05 3.12425509036984e-05 3.14331300614867e-05 3.1623709219275e-05
2.04912175831851e-05 2.08369092433713e-05 2.11825990845682e-05 2.15282907447545e-05 2.18583973037312e-05 2.21417521970579e-05 2.24251070903847e-05 2.27084619837115e-05 2.29918168770382e-05 2.3275171770365e-05 2.35585266636917e-05 2.38418815570185e-05 2.41077705140924e-05 2.43678350670962e-05 2.46278996200999e-05 2.48879641731037e-05 2.51480305450968e-05 2.54080950981006e-05 2.56681596511044e-05 2.59212320088409e-05 2.61533205048181e-05 2.63854090007953e-05 2.66174974967726e-05 2.68495859927498e-05 2.7081674488727e-05 2.73137629847042e-05 2.75458514806814e-05 2.78875431831693e-05 2.82657692878274e-05 2.86439953924855e-05 2.90222214971436e-05 2.94004476018017e-05 2.97786737064598e-05 3.01568998111179e-05 3.04905497614527e-05 3.0690473067807e-05 3.0890394555172e-05 3.10903160425369e-05 3.12902375299018e-05 3.14901626552455e-05 3.16900841426104e-05
2.04591033252655e-05 2.07938119274331e-05 2.11285205296008e-05 2.14632291317685e-05 2.17876568058273e-05 2.20812453335384e-05 2.23748320422601e-05 2.26684205699712e-05 2.29620090976823e-05 2.3255595806404e-05 2.35491843341151e-05 2.38427710428368e-05 2.4124514311552e-05 2.44023085542722e-05 2.46801009780029e-05 2.4957895220723e-05 2.52356894634431e-05 2.55134837061632e-05 2.57912779488834e-05 2.60604556387989e-05 2.63037891272688e-05 2.65471226157388e-05 2.67904561042087e-05 2.70337895926787e-05 2.72771230811486e-05 2.75204547506291e-05 2.77637882390991e-05 2.80959884548793e-05 2.84578109130962e-05 2.88196333713131e-05 2.918145582953e-05 2.95432782877469e-05 2.99051007459639e-05 3.02669232041808e-05 3.05913745251019e-05 3.08037160721142e-05 3.10160576191265e-05 3.12283991661388e-05 3.14407407131512e-05 3.16530822601635e-05 3.18654238071758e-05
2.03999552468304e-05 2.0717850929941e-05 2.10357466130517e-05 2.13536422961624e-05 2.16668267967179e-05 2.19658741116291e-05 2.22649214265402e-05 2.25639705604408e-05 2.28630178753519e-05 2.31620651902631e-05 2.34611143241636e-05 2.37601616390748e-05 2.40565132116899e-05 2.43519643845502e-05 2.46474155574106e-05 2.49428685492603e-05 2.52383197221207e-05 2.55337727139704e-05 2.58292238868307e-05 2.61186269199243e-05 2.63898837147281e-05 2.66611423285212e-05 2.6932399123325e-05 2.72036559181288e-05 2.74749127129326e-05 2.77461713267257e-05 2.80174281215295e-05 2.83492936432594e-05 2.87013626802946e-05 2.90534317173297e-05 2.94055007543648e-05 2.97575697913999e-05 3.0109638828435e-05 3.04617078654701e-05 3.07827176584397e-05 3.10105533571914e-05 3.12383890559431e-05 3.14662283926737e-05 3.16940640914254e-05 3.19218997901771e-05 3.21497354889289e-05
2.03408071683953e-05 2.0641889932449e-05 2.09429726965027e-05 2.12440554605564e-05 2.15459949686192e-05 2.18505028897198e-05 2.21550108108204e-05 2.2459518731921e-05 2.27640266530216e-05 2.30685345741222e-05 2.33730443142122e-05 2.36775522353128e-05 2.39885102928383e-05 2.43016202148283e-05 2.46147301368183e-05 2.49278400588082e-05 2.52409499807982e-05 2.55540599027881e-05 2.58671698247781e-05 2.61767982010497e-05 2.64759783021873e-05 2.67751602223143e-05 2.70743421424413e-05 2.73735240625683e-05 2.76727041637059e-05 2.79718860838329e-05 2.827106800396e-05 2.86025988316396e-05 2.89449144474929e-05 2.92872300633462e-05 2.96295438602101e-05 2.99718594760634e-05 3.03141750919167e-05 3.065649070777e-05 3.09740607917774e-05 3.12173906422686e-05 3.14607204927597e-05 3.17040539812297e-05 3.19473838317208e-05 3.21907173201907e-05 3.24340471706819e-05
2.02816590899602e-05 2.05659289349569e-05 2.08501987799536e-05 2.11344686249504e-05 2.14251631405205e-05 2.17351316678105e-05 2.20451001951005e-05 2.23550687223906e-05 2.26650372496806e-05 2.29750057769706e-05 2.32849724852713e-05 2.35949410125613e-05 2.39205091929762e-05 2.42512778640958e-05 2.45820447162259e-05 2.49128133873455e-05 2.52435802394757e-05 2.55743489105953e-05 2.59051157627255e-05 2.62349676631857e-05 2.65620747086359e-05 2.68891799350968e-05 2.72162851615576e-05 2.75433903880185e-05 2.78704956144793e-05 2.81976008409401e-05 2.8524706067401e-05 2.88559040200198e-05 2.91884662146913e-05 2.95210265903734e-05 2.98535887850448e-05 3.01861509797163e-05 3.05187131743878e-05 3.08512753690593e-05 3.11654002871364e-05 3.14242279273458e-05 3.16830555675551e-05 3.19418795697857e-05 3.2200707209995e-05 3.24595312122256e-05 3.27183588524349e-05
2.02225110115251e-05 2.04899679374648e-05 2.07574248634046e-05 2.10248817893444e-05 2.13043313124217e-05 2.16197604459012e-05 2.19351895793807e-05 2.22506168938708e-05 2.25660460273502e-05 2.28814751608297e-05 2.31969024753198e-05 2.35123316087993e-05 2.3852508093114e-05 2.42009336943738e-05 2.45493592956336e-05 2.48977848968934e-05 2.52462104981532e-05 2.5594636099413e-05 2.59430617006728e-05 2.62931389443111e-05 2.66481692960951e-05 2.70031978288898e-05 2.73582281806739e-05 2.77132567134686e-05 2.80682870652527e-05 2.84233155980473e-05 2.87783459498314e-05 2.91092092084e-05 2.94320161629003e-05 2.97548249363899e-05 3.00776337098796e-05 3.04004406643799e-05 3.07232476188801e-05 3.10460563923698e-05 3.13567434204742e-05 3.1631065212423e-05 3.19053870043717e-05 3.21797051583417e-05 3.24540269502904e-05 3.27283487422392e-05 3.30026705341879e-05
2.016336293309e-05 2.04140069399728e-05 2.06646509468555e-05 2.09152949537383e-05 2.11835013033124e-05 2.15043892239919e-05 2.18252789636608e-05 2.21461668843403e-05 2.24670548050199e-05 2.27879445446888e-05 2.31088324653683e-05 2.34297222050373e-05 2.37845069932519e-05 2.41505913436413e-05 2.45166738750413e-05 2.48827582254307e-05 2.52488407568308e-05 2.56149251072202e-05 2.59810094576096e-05 2.63513102254365e-05 2.67342638835544e-05 2.71172175416723e-05 2.75001711997902e-05 2.78831248579081e-05 2.8266078516026e-05 2.86490321741439e-05 2.90319858322619e-05 2.93625143967802e-05 2.96755679300986e-05 2.99886232824065e-05 3.03016768157249e-05 3.06147303490434e-05 3.09277857013512e-05 3.12408410536591e-05 3.1548086553812e-05 3.18379024975002e-05 3.21277184411883e-05 3.24175343848765e-05 3.27073503285646e-05 3.29971662722528e-05 3.3286982215941e-05
