data/working_set_collections/6091692-Cassins_Sparrow-M2/2010/prevtot_avg.asc
NCOLS 265 
NROWS 230 
XLLCORNER -115.5625 
YLLCORNER 24.8333333333333 
CELLSIZE 0.0833333333333333 
NODATA_value -9999 
[rows 0 to 17 of 230, columns 0 to 40 of 265]
0.000009954342204 9.8100663308287e-06 9.66579045780236e-06 9.52151458477601e-06 9.37723871174967e-06 9.23296374821803e-06 9.08868787519168e-06 9.16016142582521e-06 9.30355236050673e-06 9.44694238569355e-06 9.59033332037507e-06 9.73372334556188e-06 9.8771142802434e-06 1.00205043054302e-05 1.01721370810992e-05 1.034849719872e-05 1.05248573163408e-05 1.07012174339616e-05 1.08775775515824e-05 1.10539376692032e-05 1.12302977868239e-05 1.14066579044447e-05 1.16102200991008e-05 1.18228508654283e-05 1.20354807222611e-05 1.22481105790939e-05 1.24607404359267e-05 1.26733702927595e-05 1.2886001059087e-05 1.30326297949068e-05 1.29812569866772e-05 1.29298832689528e-05 1.28785095512285e-05 1.28271367429988e-05 1.27757630252745e-05 1.27243893075502e-05 1.26730164993205e-05 1.28068231788347e-05 1.30023563542636e-05 1.31978895296925e-05 1.3393423614616e-05
1.02119629445951e-05 1.00446477517835e-05 9.87733255897183e-06 9.71001645666547e-06 9.54270126385381e-06 9.37538607104216e-06 9.2080699687358e-06 9.25737640500301e-06 9.37889035412809e-06 9.50040339375846e-06 9.62191734288353e-06 9.74343129200861e-06 9.86494433163898e-06 9.98645828076405e-06 1.01212044683052e-05 1.02956482805894e-05 1.04700920928735e-05 1.06445359051577e-05 1.08189797174418e-05 1.0993423529726e-05 1.11678673420101e-05 1.13423111542943e-05 1.15277298391447e-05 1.17168065116857e-05 1.19058831842267e-05 1.20949598567677e-05 1.22840365293087e-05 1.24731132018496e-05 1.26621907838853e-05 1.27983466882142e-05 1.27757411974017e-05 1.27531357065891e-05 1.27305302157765e-05 1.2707924724964e-05 1.26853183246567e-05 1.26627128338441e-05 1.26401073430316e-05 1.27581752167316e-05 1.2923133908771e-05 1.30880926008103e-05 1.3253050383355e-05
1.04695845948299e-05 1.02792291727383e-05 1.00888737506466e-05 9.89851832855493e-06 9.70816290646326e-06 9.51780839386629e-06 9.32745297177462e-06 9.35459138418082e-06 9.45422834774945e-06 9.55386531131808e-06 9.653501365392e-06 9.75313832896063e-06 9.85277529252926e-06 9.95241225609789e-06 1.00702709460165e-05 1.02427984529641e-05 1.04153259599116e-05 1.05878534668591e-05 1.07603809738066e-05 1.09329084807541e-05 1.11054359877016e-05 1.12779634946492e-05 1.14452386696939e-05 1.16107621579431e-05 1.17762856461923e-05 1.19418091344414e-05 1.21073326226906e-05 1.22728561109398e-05 1.24383805086836e-05 1.25640635815216e-05 1.25702254081261e-05 1.25763881442253e-05 1.25825499708299e-05 1.25887127069291e-05 1.25948745335336e-05 1.26010372696328e-05 1.26071990962373e-05 1.27095272546285e-05 1.28439105537836e-05 1.29782947624335e-05 1.31126780615887e-05
1.072720533557e-05 1.05138105936931e-05 1.03004158518161e-05 1.00870202004444e-05 9.8736254585674e-06 9.66023071669042e-06 9.44683506531874e-06 9.45180636335863e-06 9.52956634137081e-06 9.60732631938299e-06 9.68508629739517e-06 9.76284627540736e-06 9.84060534392484e-06 9.91836532193702e-06 1.00193383332225e-05 1.01899495348334e-05 1.03605607364443e-05 1.05311719380552e-05 1.07017831396661e-05 1.0872394341277e-05 1.10430055428878e-05 1.12136167444987e-05 1.13627475002431e-05 1.15047178042005e-05 1.16466881081578e-05 1.17886584121152e-05 1.19306287160725e-05 1.20725990200299e-05 1.22145702334819e-05 1.2329780474829e-05 1.23647105283453e-05 1.23996405818616e-05 1.24345706353779e-05 1.24695006888942e-05 1.25044307424105e-05 1.25393607959268e-05 1.25742908494431e-05 1.26608792925254e-05 1.2764688108291e-05 1.28684969240567e-05 1.29723057398223e-05
1.09848269858048e-05 1.07483920146478e-05 1.05119570434908e-05 1.02755220723338e-05 1.00390871011768e-05 9.80265303951455e-06 9.56621806835756e-06 9.54902134253643e-06 9.60490433499217e-06 9.66078732744791e-06 9.71667031990364e-06 9.77255331235938e-06 9.82843630481511e-06 9.88431929727085e-06 9.96840572042856e-06 1.01371006167028e-05 1.03057955129771e-05 1.04744904092513e-05 1.06431853055255e-05 1.08118802017998e-05 1.0980575098074e-05 1.11492699943483e-05 1.12802563307923e-05 1.13986734504579e-05 1.15170905701234e-05 1.16355076897889e-05 1.17539248094545e-05 1.187234192912e-05 1.19907590487855e-05 1.20954964586417e-05 1.21591947390698e-05 1.22228930194979e-05 1.22865903904312e-05 1.23502886708593e-05 1.24139860417927e-05 1.24776843222207e-05 1.25413816931541e-05 1.26122313304222e-05 1.26854656627984e-05 1.27586990856798e-05 1.28319325085613e-05
1.12424477265449e-05 1.09829734356026e-05 1.07234991446603e-05 1.04640239442233e-05 1.0204549653281e-05 9.94507536233868e-06 9.68560016190168e-06 9.64623632171424e-06 9.68024232861353e-06 9.71424833551282e-06 9.74825434241211e-06 9.7822603493114e-06 9.81626726570539e-06 9.85027327260468e-06 9.91747219813988e-06 1.00842507890775e-05 1.02510293800151e-05 1.04178079709527e-05 1.05845865618903e-05 1.07513660623226e-05 1.09181446532602e-05 1.10849232441979e-05 1.11977651613415e-05 1.12926290967152e-05 1.1387493032089e-05 1.14823569674627e-05 1.15772209028364e-05 1.16720848382101e-05 1.17669487735839e-05 1.18612133519491e-05 1.19536789497943e-05 1.20461445476394e-05 1.21386110549793e-05 1.22310766528244e-05 1.23235422506696e-05 1.24160078485147e-05 1.25084734463599e-05 1.25635842778138e-05 1.26062432173057e-05 1.2648901247303e-05 1.2691560186795e-05
1.15656512207352e-05 1.12922452899511e-05 1.1018839359167e-05 1.0745433428383e-05 1.04720274975989e-05 1.01986215668148e-05 9.92521563603077e-06 9.87455496215262e-06 9.8981427072431e-06 9.92173045233358e-06 9.94531819742406e-06 9.96890594251454e-06 9.99249368760502e-06 1.00160814326955e-05 1.0070431017084e-05 1.02170643003774e-05 1.03636975836707e-05 1.05103317764588e-05 1.06569650597521e-05 1.08035983430455e-05 1.09502325358335e-05 1.10968658191268e-05 1.11937342808233e-05 1.12740153781488e-05 1.13542955659796e-05 1.14345757538103e-05 1.15148559416411e-05 1.15951370389666e-05 1.16754172267974e-05 1.17601221063524e-05 1.18581010610797e-05 1.19560800158069e-05 1.20540598800289e-05 1.21520388347562e-05 1.22500177894835e-05 1.23479967442108e-05 1.24459756989381e-05 1.2492199857661e-05 1.25211736303754e-05 1.25501464935951e-05 1.25791193568148e-05
1.19544356493861e-05 1.16762075776933e-05 1.13979785965057e-05 1.11197496153181e-05 1.08415206341306e-05 1.0563291652943e-05 1.02850635812501e-05 1.02339772638516e-05 1.02586045613862e-05 1.02832327684155e-05 1.03078609754448e-05 1.03324891824741e-05 1.03571164800087e-05 1.0381744687038e-05 1.04272803582717e-05 1.05355402411078e-05 1.06438001239439e-05 1.07520590972854e-05 1.08603189801215e-05 1.09685788629577e-05 1.10768387457938e-05 1.11850986286299e-05 1.12681627797429e-05 1.13428295662743e-05 1.14174963528058e-05 1.14921631393372e-05 1.15668299258687e-05 1.16414967124001e-05 1.17161634989316e-05 1.17922236313461e-05 1.18724610729259e-05 1.19526994240005e-05 1.20329368655803e-05 1.21131752166548e-05 1.21934126582346e-05 1.22736510093091e-05 1.23538884508889e-05 1.23980807984481e-05 1.24302569020074e-05 1.24624330055667e-05 1.2494609109126e-05
1.23432209875318e-05 1.20601689559408e-05 1.17771178338444e-05 1.14940658022533e-05 1.1211014680157e-05 1.09279626485659e-05 1.06449115264695e-05 1.05933995655505e-05 1.06190673250239e-05 1.06447350844974e-05 1.06704037534655e-05 1.06960715129389e-05 1.07217401819071e-05 1.07474079413805e-05 1.0784130608954e-05 1.08540161818382e-05 1.09239017547225e-05 1.09937873276067e-05 1.10636738099856e-05 1.11335593828699e-05 1.12034449557541e-05 1.12733305286383e-05 1.13425921881571e-05 1.14116446638945e-05 1.14806980491267e-05 1.15497514343588e-05 1.16188039100962e-05 1.16878572953283e-05 1.17569106805604e-05 1.18243242468452e-05 1.18868210847722e-05 1.19493179226993e-05 1.20118147606263e-05 1.20743115985533e-05 1.21368084364804e-05 1.21993052744074e-05 1.22618021123344e-05 1.23039608297404e-05 1.23393401736394e-05 1.2374720427033e-05 1.2410099770932e-05
1.27320054161828e-05 1.24441312436829e-05 1.21562570711831e-05 1.18683819891885e-05 1.15805078166886e-05 1.12926336441888e-05 1.10047585621942e-05 1.09528218672494e-05 1.09795300886617e-05 1.1006238310074e-05 1.10329465314862e-05 1.10596547528985e-05 1.10863629743108e-05 1.1113071195723e-05 1.11409799501416e-05 1.11724921225687e-05 1.12040042949957e-05 1.1235515557928e-05 1.1267027730355e-05 1.12985399027821e-05 1.13300511657144e-05 1.13615633381414e-05 1.14170206870767e-05 1.14804597615148e-05 1.15438997454476e-05 1.16073388198856e-05 1.16707778943237e-05 1.17342169687618e-05 1.17976569526945e-05 1.18564248623443e-05 1.19011810966185e-05 1.19459364213981e-05 1.19906917461776e-05 1.20354479804519e-05 1.20802033052314e-05 1.21249595395057e-05 1.21697148642852e-05 1.22098408610327e-05 1.2248424354766e-05 1.22870069390046e-05 1.2325590432738e-05
1.31207907543285e-05 1.28280935314251e-05 1.25353963085217e-05 1.22426990856184e-05 1.19500009532203e-05 1.16573037303169e-05 1.13646065074136e-05 1.13122441689484e-05 1.13399919428048e-05 1.13677406261559e-05 1.1395489309507e-05 1.14232370833633e-05 1.14509857667144e-05 1.14787344500655e-05 1.1497830200824e-05 1.14909680632991e-05 1.14841059257742e-05 1.14772437882493e-05 1.14703816507244e-05 1.14635195131996e-05 1.14566573756747e-05 1.14497952381498e-05 1.14914491859963e-05 1.1549274859135e-05 1.16071005322738e-05 1.16649262054125e-05 1.17227518785512e-05 1.17805775516899e-05 1.18384032248287e-05 1.18885263873381e-05 1.19155401989701e-05 1.19425549200969e-05 1.19695696412236e-05 1.19965843623504e-05 1.20235990834772e-05 1.20506128951092e-05 1.2077627616236e-05 1.2115720892325e-05 1.2157507626398e-05 1.2199294360471e-05 1.22410801850492e-05
1.35095751829795e-05 1.32120558191673e-05 1.29145355458604e-05 1.26170152725535e-05 1.23194949992467e-05 1.20219747259398e-05 1.17244544526329e-05 1.16716655611526e-05 1.17004547064425e-05 1.17292429422378e-05 1.17580320875277e-05 1.17868203233229e-05 1.18156085591181e-05 1.1844397704408e-05 1.18546795420116e-05 1.18094440040295e-05 1.17642075565527e-05 1.17189720185706e-05 1.16737355710939e-05 1.16285000331118e-05 1.15832644951297e-05 1.15380280476529e-05 1.15658776849159e-05 1.16180899567553e-05 1.16703022285947e-05 1.17225135909393e-05 1.17747258627787e-05 1.18269381346181e-05 1.18791494969628e-05 1.19206270028371e-05 1.19299002108164e-05 1.19391734187957e-05 1.19484475362697e-05 1.19577207442489e-05 1.19669939522282e-05 1.19762671602075e-05 1.19855412776815e-05 1.20216018331121e-05 1.20665918075247e-05 1.21115808724426e-05 1.21565708468552e-05
1.36869366542669e-05 1.34270321723307e-05 1.31671276903944e-05 1.29072232084582e-05 1.26473187265219e-05 1.23874142445857e-05 1.21275097626494e-05 1.20651047836873e-05 1.20685326692183e-05 1.20719605547492e-05 1.20753884402802e-05 1.20788163258112e-05 1.20822442113422e-05 1.20856720968732e-05 1.20726008390193e-05 1.2010028513032e-05 1.19474570965394e-05 1.18848856800469e-05 1.18223133540596e-05 1.1759741937567e-05 1.16971705210744e-05 1.16345981950872e-05 1.16537939902628e-05 1.17002455226611e-05 1.17466970550595e-05 1.17931476779631e-05 1.18395992103615e-05 1.18860507427598e-05 1.19325022751582e-05 1.19656378956279e-05 1.19588266898063e-05 1.195201457449e-05 1.19452033686684e-05 1.19383921628469e-05 1.19315800475306e-05 1.1924768841709e-05 1.19179576358874e-05 1.19528949653613e-05 1.20017493827618e-05 1.20506038001622e-05 1.20994582175626e-05
1.36528742586961e-05 1.34730244099046e-05 1.32931736516184e-05 1.31133238028269e-05 1.29334739540354e-05 1.27536231957492e-05 1.25737733469578e-05 1.24925609270576e-05 1.24442276501213e-05 1.23958934636903e-05 1.2347560186754e-05 1.22992269098177e-05 1.22508927233866e-05 1.22025594464503e-05 1.21515922728577e-05 1.20927224998013e-05 1.20338536362397e-05 1.19749838631833e-05 1.19161140901269e-05 1.18572452265653e-05 1.17983754535089e-05 1.17395065899473e-05 1.17551971925423e-05 1.17957406473579e-05 1.18362850116682e-05 1.18768284664839e-05 1.19173728307942e-05 1.19579162856098e-05 1.19984606499202e-05 1.20235581562156e-05 1.20023178169504e-05 1.19810774776852e-05 1.19598380479147e-05 1.19385977086495e-05 1.19173573693843e-05 1.18961170301191e-05 1.18748766908539e-05 1.19096011985675e-05 1.1962981261604e-05 1.20163613246405e-05 1.20697413876769e-05
1.36188118631253e-05 1.35190157379839e-05 1.34192205223371e-05 1.33194243971957e-05 1.32196282720543e-05 1.31198321469128e-05 1.30200369312661e-05 1.29200161609333e-05 1.28199217215297e-05 1.27198263726314e-05 1.26197319332277e-05 1.25196365843294e-05 1.24195421449258e-05 1.23194467960275e-05 1.22305837066961e-05 1.21754164865706e-05 1.21202492664452e-05 1.20650829558144e-05 1.2009915735689e-05 1.19547485155636e-05 1.18995812954381e-05 1.18444140753127e-05 1.1856599485327e-05 1.18912366815493e-05 1.1925872968277e-05 1.19605092550046e-05 1.19951455417322e-05 1.20297827379545e-05 1.20644190246821e-05 1.2081479326298e-05 1.20458098535892e-05 1.2010141290375e-05 1.19744718176662e-05 1.19388032544521e-05 1.19031337817432e-05 1.18674652185291e-05 1.18317957458203e-05 1.18663083412685e-05 1.19242140499409e-05 1.19821197586134e-05 1.20400254672859e-05
1.35847494675545e-05 1.35650079755578e-05 1.35452664835611e-05 1.35255249915645e-05 1.35057834995678e-05 1.34860420075711e-05 1.34662996060797e-05 1.33474723043037e-05 1.3195615792938e-05 1.30437592815724e-05 1.28919027702068e-05 1.27400462588412e-05 1.25881906569703e-05 1.24363341456046e-05 1.23095751405344e-05 1.22581104733399e-05 1.22066458061454e-05 1.21551811389509e-05 1.21037164717563e-05 1.20522518045618e-05 1.20007871373673e-05 1.19493224701728e-05 1.19580026876065e-05 1.19867318062461e-05 1.20154609248857e-05 1.20441900435253e-05 1.20729191621649e-05 1.21016482808045e-05 1.21303773994441e-05 1.21393995868857e-05 1.20893018902279e-05 1.20392041935702e-05 1.19891064969124e-05 1.19390088002547e-05 1.18889111035969e-05 1.18388134069392e-05 1.17887157102814e-05 1.18230145744747e-05 1.18854459287832e-05 1.19478772830917e-05 1.20103086374002e-05
1.35506870719837e-05 1.36109993036371e-05 1.36713124447851e-05 1.37316255859332e-05 1.37919378175866e-05 1.38522509587347e-05 1.3912563190388e-05 1.3774928447674e-05 1.35713098643464e-05 1.33676921905135e-05 1.31640745166806e-05 1.29604568428476e-05 1.27568391690147e-05 1.25532205856871e-05 1.23885665743728e-05 1.23408044601092e-05 1.22930423458456e-05 1.22452793220873e-05 1.21975172078237e-05 1.21497550935601e-05 1.21019920698018e-05 1.20542299555382e-05 1.2059405889886e-05 1.20822269309429e-05 1.21050488814944e-05 1.2127870832046e-05 1.21506918731029e-05 1.21735138236545e-05 1.21963357742061e-05 1.21973198474734e-05 1.21327939268667e-05 1.20682670967653e-05 1.20037411761587e-05 1.19392143460573e-05 1.18746884254506e-05 1.18101615953492e-05 1.17456347652478e-05 1.17797208076809e-05 1.18466778076254e-05 1.19136348075699e-05 1.19805918075144e-05
1.35166246764129e-05 1.3656991541211e-05 1.37973584060092e-05 1.39377252708073e-05 1.40780921356054e-05 1.42184599098982e-05 1.43588267746964e-05 1.42023836815497e-05 1.39470048452495e-05 1.36916250994545e-05 1.34362462631543e-05 1.31808665173594e-05 1.29254876810592e-05 1.26701079352642e-05 1.24675589177059e-05 1.24234984468785e-05 1.23794379760511e-05 1.23353784147184e-05 1.2291317943891e-05 1.22472583825584e-05 1.2203197911731e-05 1.21591383503983e-05 1.21608081826707e-05 1.21777229651343e-05 1.21946368381032e-05 1.22115516205668e-05 1.22284654935356e-05 1.22453793665045e-05 1.22622941489681e-05 1.22552410175558e-05 1.21762859635055e-05 1.20973299999605e-05 1.20183749459102e-05 1.19394198918599e-05 1.18604648378096e-05 1.17815097837592e-05 1.17025547297089e-05 1.17364279503818e-05 1.18079105959623e-05 1.18793932415429e-05 1.19508758871234e-05
