data/working_set_collections/6091692-Cassins_Sparrow-M2/2010/prevtot_avg.asc
NCOLS 265 
NROWS 230 
XLLCORNER -115.5625 
YLLCORNER 24.8333333333333 
CELLSIZE 0.0833333333333333 
NODATA_value -9999 
[rows 126 to 143 of 230, columns 164 to 204 of 265]
1.29319896586821e-05 1.29852123791352e-05 1.30384350995882e-05 1.30916569105466e-05 1.31448796309996e-05 1.31981023514527e-05 1.32513250719057e-05 1.33045468828641e-05 1.33391140479944e-05 1.33674620883539e-05 1.33958101287135e-05 1.34241581690731e-05 1.34525062094326e-05 1.34808542497922e-05 1.35092022901517e-05 1.35475011120434e-05 1.36156540975207e-05 1.36838061735034e-05 1.37519591589808e-05 1.38201121444581e-05 1.38882651299355e-05 1.39564181154128e-05 1.40245701913955e-05 1.41575901579927e-05 1.43122315421351e-05 1.44668738357723e-05 1.46215152199147e-05 1.47761575135519e-05 1.4930799807189e-05 1.50854411913315e-05 1.52427155626356e-05 1.54078879859298e-05 1.55730613187188e-05 1.57382346515078e-05 1.59034079842968e-05 1.60685813170858e-05 1.62337528308854e-05 1.63989261636743e-05 1.65771216416033e-05 1.67596554092597e-05 1.69421909959055e-05
1.29244763229508e-05 1.29760519484989e-05 1.30276275740471e-05 1.30792031995952e-05 1.31307788251434e-05 1.31823544506915e-05 1.32339309857343e-05 1.32855066112825e-05 1.33222774820752e-05 1.3354113434616e-05 1.33859493871569e-05 1.34177853396977e-05 1.34496212922386e-05 1.34814572447794e-05 1.35132931973203e-05 1.35548461912549e-05 1.36255512188654e-05 1.36962571559707e-05 1.37669621835812e-05 1.38376681206864e-05 1.3908373148297e-05 1.39790781759075e-05 1.40497841130127e-05 1.4184514839144e-05 1.4340587767947e-05 1.449666069675e-05 1.46527327160584e-05 1.48088056448614e-05 1.49648785736645e-05 1.51209515024675e-05 1.52800585055957e-05 1.54482695506886e-05 1.56164787767921e-05 1.5784689821885e-05 1.59528990479885e-05 1.61211100930814e-05 1.62893193191849e-05 1.64575303642778e-05 1.66374720720341e-05 1.68213264259975e-05 1.70051807799609e-05
1.29169620777247e-05 1.29668915178627e-05 1.30168200485059e-05 1.30667494886438e-05 1.31166789287818e-05 1.3166607459425e-05 1.32165368995629e-05 1.32664654302062e-05 1.33054409161559e-05 1.33407647808781e-05 1.33760886456002e-05 1.34114125103224e-05 1.34467363750446e-05 1.34820602397667e-05 1.35173841044889e-05 1.35621912704664e-05 1.36354492497048e-05 1.37087072289432e-05 1.37819652081816e-05 1.38552231874201e-05 1.39284811666585e-05 1.40017391458969e-05 1.40749971251353e-05 1.42114395202952e-05 1.43689430842642e-05 1.45264466482331e-05 1.4683950212202e-05 1.4841453776171e-05 1.49989582496346e-05 1.51564618136035e-05 1.53174005390611e-05 1.54886492964579e-05 1.56598962348653e-05 1.58311431732727e-05 1.60023901116801e-05 1.6173638869077e-05 1.63448858074844e-05 1.65161327458918e-05 1.66978243214544e-05 1.68829974427354e-05 1.70681705640163e-05
1.29094487419934e-05 1.29577310872264e-05 1.30060134324594e-05 1.30542957776925e-05 1.31025781229255e-05 1.31508604681585e-05 1.31991428133915e-05 1.32474251586245e-05 1.32886043502367e-05 1.33274161271402e-05 1.33662279040436e-05 1.34050396809471e-05 1.34438514578505e-05 1.3482663234754e-05 1.35214750116575e-05 1.35695363496779e-05 1.36453472805442e-05 1.37211582114105e-05 1.37969682327821e-05 1.38727791636484e-05 1.394858918502e-05 1.40244001158862e-05 1.41002101372578e-05 1.42383642014465e-05 1.43972984005813e-05 1.45562335092109e-05 1.47151677083457e-05 1.48741028169752e-05 1.503303701611e-05 1.51919721247396e-05 1.53547443915159e-05 1.55290290422272e-05 1.57033136929385e-05 1.58775983436499e-05 1.60518829943612e-05 1.62261676450726e-05 1.64004504767945e-05 1.65747351275058e-05 1.67581765708746e-05 1.69446684594732e-05 1.71311603480717e-05
1.29019344967674e-05 1.29485706565902e-05 1.29952059069183e-05 1.30418420667411e-05 1.30884773170692e-05 1.31351125673973e-05 1.31817487272201e-05 1.32283839775482e-05 1.32717677843175e-05 1.33140674734022e-05 1.3356367162487e-05 1.33986668515718e-05 1.34409665406565e-05 1.34832662297413e-05 1.3525565918826e-05 1.35768823383842e-05 1.36552453113836e-05 1.37336082843831e-05 1.38119712573825e-05 1.3890334230382e-05 1.39686972033815e-05 1.40470610858756e-05 1.41254240588751e-05 1.42652888825978e-05 1.44256546263932e-05 1.45860194606939e-05 1.47463852044893e-05 1.49067509482848e-05 1.50671166920802e-05 1.52274815263809e-05 1.53920864249812e-05 1.55694087879965e-05 1.57467293320224e-05 1.59240516950376e-05 1.61013740580529e-05 1.62786946020788e-05 1.6456016965094e-05 1.66333393281093e-05 1.68185288202949e-05 1.7006339476211e-05 1.71941501321271e-05
1.2894421161036e-05 1.29394102259539e-05 1.29843992908718e-05 1.3029387446295e-05 1.30743765112129e-05 1.31193655761308e-05 1.31643546410487e-05 1.32093437059666e-05 1.32549312183983e-05 1.33007188196643e-05 1.33465064209304e-05 1.33922940221964e-05 1.34380825329572e-05 1.34838701342233e-05 1.35296577354893e-05 1.35842274175957e-05 1.36651424327283e-05 1.37460583573557e-05 1.3826974281983e-05 1.39078902066103e-05 1.39888061312377e-05 1.40697211463703e-05 1.41506370709976e-05 1.42922135637491e-05 1.44540099427104e-05 1.46158063216717e-05 1.4777602700633e-05 1.49393990795943e-05 1.51011954585556e-05 1.52629927470116e-05 1.54294284584466e-05 1.56097885337658e-05 1.57901467900956e-05 1.59705068654148e-05 1.61508651217446e-05 1.63312233780744e-05 1.65115834533935e-05 1.66919417097233e-05 1.68788792507257e-05 1.70680104929488e-05 1.72571399161825e-05
1.28542878883309e-05 1.29022109831567e-05 1.29501331684878e-05 1.29980562633136e-05 1.30459793581394e-05 1.30939015434706e-05 1.31418246382964e-05 1.31897477331222e-05 1.32404529722407e-05 1.32920849864604e-05 1.33437179101747e-05 1.33953499243944e-05 1.34469828481087e-05 1.34986157718231e-05 1.35502477860427e-05 1.36107164507848e-05 1.36976941575995e-05 1.37846718644141e-05 1.38716495712288e-05 1.39586272780434e-05 1.40456049848581e-05 1.41325826916727e-05 1.42195603984874e-05 1.43611387102283e-05 1.45209187394357e-05 1.46806978591485e-05 1.48404769788613e-05 1.50002570080687e-05 1.51600361277815e-05 1.5319816156989e-05 1.5484187315451e-05 1.56623373186449e-05 1.58404873218387e-05 1.60186373250326e-05 1.61967873282265e-05 1.63749373314204e-05 1.65530873346142e-05 1.67312373378081e-05 1.69167251442559e-05 1.71046594914515e-05 1.7292593838647e-05
1.2781534678652e-05 1.28369720187038e-05 1.28924093587557e-05 1.29478476083023e-05 1.30032849483541e-05 1.3058722288406e-05 1.31141596284579e-05 1.31695969685097e-05 1.32283321363502e-05 1.32881668832852e-05 1.33480007207254e-05 1.34078345581656e-05 1.34676693051006e-05 1.35275031425408e-05 1.35873378894757e-05 1.36563503474463e-05 1.37528995765024e-05 1.38494478960638e-05 1.39459971251199e-05 1.4042546354176e-05 1.41390946737374e-05 1.42356439027935e-05 1.43321922223549e-05 1.447206523153e-05 1.46263801070745e-05 1.4780694982619e-05 1.49350089486688e-05 1.50893238242134e-05 1.52436386997579e-05 1.53979526658077e-05 1.55563629959943e-05 1.5727056961623e-05 1.58977527462412e-05 1.60684467118699e-05 1.62391424964881e-05 1.64098382811062e-05 1.65805322467349e-05 1.67512280313531e-05 1.69320665008854e-05 1.71162864717189e-05 1.73005082615418e-05
1.2708781468973e-05 1.27717339637456e-05 1.28346855490236e-05 1.28976380437962e-05 1.29605905385688e-05 1.30235421238467e-05 1.30864946186193e-05 1.31494462038972e-05 1.32162113004597e-05 1.32842478706152e-05 1.3352283531276e-05 1.34203191919369e-05 1.34883557620924e-05 1.35563914227532e-05 1.3624427083414e-05 1.37019842441077e-05 1.38081040859106e-05 1.39142248372082e-05 1.4020344679011e-05 1.41264645208139e-05 1.42325852721115e-05 1.43387051139143e-05 1.44448249557172e-05 1.45829926623264e-05 1.4731842384208e-05 1.48806921060896e-05 1.50295409184764e-05 1.5178390640358e-05 1.53272412717342e-05 1.54760909936158e-05 1.56285368575482e-05 1.57917766046012e-05 1.59550181706436e-05 1.61182579176966e-05 1.62814976647496e-05 1.64447374118026e-05 1.66079771588556e-05 1.67712169059087e-05 1.69474078575149e-05 1.71279152709758e-05 1.73084226844367e-05
1.26360291687888e-05 1.27064959087875e-05 1.27769626487861e-05 1.28474293887848e-05 1.29178961287835e-05 1.29883628687821e-05 1.30588296087808e-05 1.31292963487795e-05 1.32040913740639e-05 1.32803288579453e-05 1.33565663418267e-05 1.34328038257081e-05 1.35090413095895e-05 1.35852797029656e-05 1.3661517186847e-05 1.37476181407692e-05 1.38633095048135e-05 1.39790008688578e-05 1.40946922329022e-05 1.42103835969465e-05 1.43260749609908e-05 1.44417663250351e-05 1.45574576890795e-05 1.46939191836282e-05 1.48373037518468e-05 1.49806883200654e-05 1.5124072888284e-05 1.52674583659973e-05 1.54108420247212e-05 1.55542275024345e-05 1.57007125380915e-05 1.58564980665687e-05 1.60122817760566e-05 1.61680673045339e-05 1.63238510140218e-05 1.64796365424991e-05 1.66354202519869e-05 1.67912057804642e-05 1.6962747395155e-05 1.71395422512433e-05 1.73163371073315e-05
1.25632759591099e-05 1.26412569443346e-05 1.2719238839054e-05 1.27972198242787e-05 1.28752017189981e-05 1.29531827042229e-05 1.30311636894476e-05 1.3109145584167e-05 1.31919705381733e-05 1.32764098452753e-05 1.33608491523773e-05 1.34452884594793e-05 1.35297277665813e-05 1.36141670736833e-05 1.36986063807853e-05 1.37932520374306e-05 1.39185149237164e-05 1.40437769005075e-05 1.41690397867933e-05 1.42943026730791e-05 1.44195646498702e-05 1.45448275361559e-05 1.46700904224417e-05 1.48048457049299e-05 1.49427651194856e-05 1.50806854435359e-05 1.52186048580916e-05 1.53565251821419e-05 1.54944445966976e-05 1.56323658302426e-05 1.57728882186348e-05 1.59212177095469e-05 1.60695472004591e-05 1.62178766913712e-05 1.63662061822833e-05 1.65145356731955e-05 1.66628651641076e-05 1.68111946550198e-05 1.69780887517845e-05 1.71511710505001e-05 1.73242533492157e-05
1.2490522749431e-05 1.25760188893764e-05 1.26615150293219e-05 1.27470111692674e-05 1.28325073092128e-05 1.29180025396636e-05 1.3003498679609e-05 1.30889948195545e-05 1.31798497022828e-05 1.32724908326054e-05 1.3365131962928e-05 1.34577730932506e-05 1.35504142235732e-05 1.36430553538958e-05 1.37356964842184e-05 1.38388859340921e-05 1.39737194331246e-05 1.41085538416519e-05 1.42433873406844e-05 1.4378220839717e-05 1.45130552482442e-05 1.46478887472767e-05 1.47827222463093e-05 1.49157722262316e-05 1.5048227396619e-05 1.51806825670064e-05 1.53131368278991e-05 1.54455919982865e-05 1.55780471686739e-05 1.57105023390613e-05 1.58450620801887e-05 1.59859373525251e-05 1.61268108058721e-05 1.62676860782085e-05 1.64085595315555e-05 1.65494348038919e-05 1.66903100762283e-05 1.68311835295754e-05 1.6993430108414e-05 1.71627980307676e-05 1.73321677721106e-05
1.24265407066559e-05 1.25227215903578e-05 1.26189024740597e-05 1.27150824482669e-05 1.28112633319688e-05 1.29074442156707e-05 1.30036250993726e-05 1.30998050735798e-05 1.31969300127821e-05 1.32943687276565e-05 1.33918083520257e-05 1.34892470669001e-05 1.35866857817746e-05 1.36841254061437e-05 1.37815641210182e-05 1.38891209644498e-05 1.40270321935532e-05 1.41649425131618e-05 1.43028528327704e-05 1.44407640618738e-05 1.45786743814824e-05 1.47165856105858e-05 1.48544959301944e-05 1.498474557593e-05 1.51124404510483e-05 1.52401362356613e-05 1.5367830201285e-05 1.54955268953927e-05 1.5623221770511e-05 1.57509166456293e-05 1.58807888510637e-05 1.60171930474462e-05 1.61535972438287e-05 1.62900014402112e-05 1.64264056365937e-05 1.65628098329762e-05 1.66992140293587e-05 1.68356182257412e-05 1.69936320162378e-05 1.71588490047725e-05 1.73240659933072e-05
1.23713298307848e-05 1.24813650472788e-05 1.25914002637728e-05 1.27014354802668e-05 1.28114706967608e-05 1.29215059132548e-05 1.30315420392435e-05 1.31415772557375e-05 1.32432105601765e-05 1.33420435304288e-05 1.34408774101757e-05 1.3539710380428e-05 1.36385433506803e-05 1.37373763209325e-05 1.38362102006795e-05 1.39439580379985e-05 1.40784513860126e-05 1.42129447340267e-05 1.43474380820408e-05 1.44819314300548e-05 1.46164238685742e-05 1.47509172165883e-05 1.48854105646024e-05 1.50117648445303e-05 1.51354051922681e-05 1.52590455400059e-05 1.53826858877437e-05 1.55063280544709e-05 1.56299684022088e-05 1.57536087499466e-05 1.58800685312599e-05 1.60149884322891e-05 1.61499065143289e-05 1.62848245963687e-05 1.64197426784085e-05 1.65546625794377e-05 1.66895806614775e-05 1.68244987435173e-05 1.69786962942453e-05 1.71393221535254e-05 1.72999461938161e-05
1.2316118045419e-05 1.24400085041998e-05 1.25638980534859e-05 1.26877885122667e-05 1.28116789710475e-05 1.29355685203336e-05 1.30594589791144e-05 1.31833485284005e-05 1.32894911075709e-05 1.33897192426957e-05 1.34899464683258e-05 1.35901736939559e-05 1.3690400919586e-05 1.3790628145216e-05 1.38908553708461e-05 1.39987951115472e-05 1.4129870578472e-05 1.42609460453968e-05 1.43920224218164e-05 1.45230978887412e-05 1.46541742651607e-05 1.47852497320855e-05 1.49163251990103e-05 1.50387841131305e-05 1.51583699334878e-05 1.52779557538452e-05 1.53975415742025e-05 1.55171292135492e-05 1.56367150339065e-05 1.57563008542638e-05 1.58793482114561e-05 1.60127819981426e-05 1.61462139658397e-05 1.62796477525262e-05 1.64130815392127e-05 1.65465135069098e-05 1.66799472935963e-05 1.68133792612934e-05 1.69637623912422e-05 1.7119793483289e-05 1.72758263943251e-05
1.22609071695479e-05 1.23986519611208e-05 1.25363967526937e-05 1.26741415442666e-05 1.28118863358395e-05 1.29496311274124e-05 1.30873750094906e-05 1.32251198010636e-05 1.33357725644601e-05 1.3437394045468e-05 1.35390155264759e-05 1.36406370074837e-05 1.37422584884916e-05 1.38438799694995e-05 1.39455014505074e-05 1.40536321850959e-05 1.41812897709315e-05 1.43089482662617e-05 1.4436606761592e-05 1.45642652569222e-05 1.46919237522525e-05 1.48195822475827e-05 1.49472398334183e-05 1.50658033817308e-05 1.51813346747076e-05 1.52968659676844e-05 1.54123972606612e-05 1.55279303726275e-05 1.56434616656043e-05 1.57589929585811e-05 1.58786278916523e-05 1.60105755639961e-05 1.61425232363399e-05 1.62744709086837e-05 1.64064185810275e-05 1.65383662533714e-05 1.66703121067258e-05 1.68022597790696e-05 1.69488266692497e-05 1.71002666320419e-05 1.72517065948341e-05
1.22056962936767e-05 1.23572954180418e-05 1.25088945424068e-05 1.26604945762665e-05 1.28120937006315e-05 1.29636928249965e-05 1.31152919493616e-05 1.32668919832213e-05 1.33820531118545e-05 1.34850688482402e-05 1.35880845846259e-05 1.36911003210116e-05 1.37941151479026e-05 1.38971308842883e-05 1.40001466206741e-05 1.41084683491499e-05 1.42327098728856e-05 1.43569504871266e-05 1.44811911013676e-05 1.46054326251033e-05 1.47296732393443e-05 1.48539138535853e-05 1.49781544678262e-05 1.50928226503311e-05 1.52042994159274e-05 1.53157761815237e-05 1.542725294712e-05 1.55387315317057e-05 1.5650208297302e-05 1.57616850628983e-05 1.58779075718485e-05 1.60083691298496e-05 1.61388325068401e-05 1.62692940648412e-05 1.63997556228423e-05 1.65302171808435e-05 1.66606787388446e-05 1.67911402968457e-05 1.69338909472572e-05 1.70807397807948e-05 1.72275867953431e-05
1.21504845083109e-05 1.23159388749627e-05 1.24813932416146e-05 1.26468466987717e-05 1.28123010654235e-05 1.29777554320754e-05 1.31432088892325e-05 1.33086632558843e-05 1.34283336592489e-05 1.35327436510124e-05 1.3637153642776e-05 1.37415636345395e-05 1.38459727168083e-05 1.39503827085719e-05 1.40547927003354e-05 1.41633054226986e-05 1.4284129065345e-05 1.44049527079915e-05 1.45257754411432e-05 1.46465990837896e-05 1.47674227264361e-05 1.48882463690825e-05 1.50090691022342e-05 1.51198419189313e-05 1.52272650666418e-05 1.5334686395363e-05 1.54421086335788e-05 1.5549532690784e-05 1.56569549289998e-05 1.57643771672156e-05 1.58771872520447e-05 1.60061645146925e-05 1.61351399583509e-05 1.62641172209987e-05 1.63930926646572e-05 1.65220681083156e-05 1.66510453709634e-05 1.67800208146218e-05 1.69189570442541e-05 1.70612111105584e-05 1.72034669958521e-05
