data/working_set_collections/6091692-Cassins_Sparrow-M2/2010/prevtot_avg.asc
NCOLS 265 
NROWS 230 
XLLCORNER -115.5625 
YLLCORNER 24.8333333333333 
CELLSIZE 0.0833333333333333 
NODATA_value -9999 
[rows 90 to 107 of 230, columns 82 to 122 of 265]
1.19676988106221e-05 1.20721406347002e-05 1.2176583368273e-05 1.22810251923511e-05 1.23854670164292e-05 1.2489909750002e-05 1.25943515740801e-05 1.26992172226892e-05 1.28053534353967e-05 1.29114896481042e-05 1.30176258608117e-05 1.31237629830139e-05 1.32298991957214e-05 1.33360354084289e-05 1.34421716211364e-05 1.35271502585965e-05 1.36050757646444e-05 1.36830012706923e-05 1.37609276862349e-05 1.38388531922828e-05 1.39167786983307e-05 1.39947042043786e-05 1.40467682285816e-05 1.40212478072499e-05 1.39957264764234e-05 1.3970205145597e-05 1.39446838147705e-05 1.39191624839441e-05 1.38936411531176e-05 1.38681207317859e-05 1.39414005388971e-05 1.4047614968149e-05 1.41538284879061e-05 1.4260042917158e-05 1.43662564369151e-05 1.4472470866167e-05 1.45786843859241e-05 1.47005303006154e-05 1.48692715811194e-05 1.50380137711181e-05 1.52067550516222e-05
1.20799286378315e-05 1.2169950423413e-05 1.22599731184891e-05 1.23499949040706e-05 1.24400166896521e-05 1.25300393847283e-05 1.26200611703098e-05 1.2706396773865e-05 1.27816729218466e-05 1.2856949979323e-05 1.29322270367993e-05 1.30075031847809e-05 1.30827802422573e-05 1.31580563902389e-05 1.32333334477153e-05 1.33374769575312e-05 1.34512429212919e-05 1.35650097945472e-05 1.36787757583079e-05 1.37925417220686e-05 1.39063076858292e-05 1.40200736495899e-05 1.40975798785803e-05 1.4066303265281e-05 1.40350266519818e-05 1.40037500386825e-05 1.39724734253832e-05 1.39411968120839e-05 1.39099201987847e-05 1.38786435854854e-05 1.39608391691581e-05 1.40808579089935e-05 1.42008757393342e-05 1.43208944791695e-05 1.44409132190049e-05 1.45609319588402e-05 1.46809506986756e-05 1.48012313729851e-05 1.49222996697063e-05 1.50433670569328e-05 1.5164435353654e-05
1.21921584650408e-05 1.22677611216204e-05 1.23433628687053e-05 1.24189646157902e-05 1.2494566362875e-05 1.25701681099599e-05 1.26457707665395e-05 1.27135763250408e-05 1.27579933177913e-05 1.28024103105417e-05 1.28468273032922e-05 1.28912442960427e-05 1.29356612887932e-05 1.29800782815437e-05 1.30244952742942e-05 1.31478045659605e-05 1.3297410987434e-05 1.34470174089074e-05 1.35966238303808e-05 1.37462302518543e-05 1.38958366733277e-05 1.40454430948012e-05 1.41483906190842e-05 1.41113587233122e-05 1.40743268275401e-05 1.4037294931768e-05 1.40002630359959e-05 1.39632311402238e-05 1.39261992444517e-05 1.38891673486796e-05 1.39802768899244e-05 1.41140999403433e-05 1.42479239002569e-05 1.43817469506757e-05 1.45155700010946e-05 1.46493930515135e-05 1.4783217011427e-05 1.49019324453548e-05 1.49753268487984e-05 1.50487212522421e-05 1.51221156556858e-05
1.23043882922502e-05 1.23655709103332e-05 1.24267526189215e-05 1.24879343275097e-05 1.2549116036098e-05 1.26102977446862e-05 1.26714803627692e-05 1.27207558762166e-05 1.27343128042412e-05 1.27478706417605e-05 1.27614275697852e-05 1.27749844978098e-05 1.27885423353291e-05 1.28020992633537e-05 1.28156561913784e-05 1.29581312648952e-05 1.31435781440814e-05 1.33290250232676e-05 1.35144719024538e-05 1.369991878164e-05 1.38853656608262e-05 1.40708125400124e-05 1.41992013595882e-05 1.41564141813433e-05 1.41136270030984e-05 1.40708398248535e-05 1.40280526466086e-05 1.39852654683637e-05 1.39424782901187e-05 1.38996911118738e-05 1.39997155201854e-05 1.41473428811878e-05 1.42949711516849e-05 1.4442599422182e-05 1.45902267831843e-05 1.47378550536814e-05 1.48854824146838e-05 1.50026335177245e-05 1.50283540278906e-05 1.50540754475514e-05 1.50797959577176e-05
1.24166181194596e-05 1.2463380699046e-05 1.25101423691376e-05 1.25569040392293e-05 1.26036657093209e-05 1.26504273794126e-05 1.26971899589989e-05 1.27279354273924e-05 1.27106332001858e-05 1.26933300634846e-05 1.26760278362781e-05 1.26587256090716e-05 1.2641423381865e-05 1.26241211546585e-05 1.26068180179573e-05 1.27684579638299e-05 1.29897453007288e-05 1.32110326376278e-05 1.34323199745268e-05 1.36536073114257e-05 1.38748946483247e-05 1.40961819852237e-05 1.42500121000921e-05 1.42014696393744e-05 1.41529271786567e-05 1.4104384717939e-05 1.40558422572212e-05 1.40072997965035e-05 1.39587573357858e-05 1.3910214875068e-05 1.40191532409517e-05 1.41805858220323e-05 1.43420184031129e-05 1.45034509841935e-05 1.46648835652741e-05 1.48263161463547e-05 1.49877487274352e-05 1.51033345900942e-05 1.50813821164775e-05 1.50594287333661e-05 1.50374762597494e-05
1.2528847946669e-05 1.25611904877587e-05 1.25935321193538e-05 1.26258737509488e-05 1.26582153825439e-05 1.26905570141389e-05 1.27228995552287e-05 1.27351149785682e-05 1.26869526866358e-05 1.26387903947034e-05 1.2590628102771e-05 1.25424667203333e-05 1.24943044284009e-05 1.24461421364686e-05 1.23979798445362e-05 1.25787855722592e-05 1.2835913366871e-05 1.3093040251988e-05 1.33501680465997e-05 1.36072958412115e-05 1.38644236358232e-05 1.41215514304349e-05 1.43008228405961e-05 1.42465250974055e-05 1.4192227354215e-05 1.41379296110244e-05 1.40836318678339e-05 1.40293341246434e-05 1.39750363814528e-05 1.39207386382623e-05 1.40385918712127e-05 1.42138287628768e-05 1.43890656545409e-05 1.45643034556997e-05 1.47395403473638e-05 1.49147772390279e-05 1.5090014130692e-05 1.52040356624639e-05 1.51344092955696e-05 1.50647829286754e-05 1.49951565617812e-05
1.2654842066695e-05 1.26774602904334e-05 1.27000785141718e-05 1.27226976474049e-05 1.27453158711432e-05 1.27679350043763e-05 1.27905532281147e-05 1.27929215523181e-05 1.27345392684219e-05 1.26761569845257e-05 1.26177747006295e-05 1.2559393326228e-05 1.25010110423318e-05 1.24426287584356e-05 1.23842464745394e-05 1.25451415442512e-05 1.27791281556711e-05 1.30131147670909e-05 1.32471022880054e-05 1.34810888994252e-05 1.37150764203398e-05 1.39490630317596e-05 1.4110947631707e-05 1.40565225592582e-05 1.40020974868094e-05 1.39476733238553e-05 1.38932482514065e-05 1.38388240884524e-05 1.37843990160036e-05 1.37299739435548e-05 1.38546511152526e-05 1.40390293381643e-05 1.42234075610759e-05 1.44077848744928e-05 1.45921630974044e-05 1.4776541320316e-05 1.49609186337329e-05 1.50785217556404e-05 1.49957995745353e-05 1.49130773934303e-05 1.48303552123252e-05
1.27945986605482e-05 1.28121910165646e-05 1.2829783372581e-05 1.28473757285974e-05 1.28649671751191e-05 1.28825595311355e-05 1.29001518871519e-05 1.29013551486423e-05 1.28533929455443e-05 1.28054307424463e-05 1.27574676298536e-05 1.27095054267556e-05 1.26615432236576e-05 1.26135801110649e-05 1.2565617907967e-05 1.26675258798059e-05 1.28193914861185e-05 1.29712561829365e-05 1.31231208797544e-05 1.32749864860671e-05 1.3426851182885e-05 1.35787167891976e-05 1.36803846544353e-05 1.36314611154376e-05 1.35825384859345e-05 1.35336149469367e-05 1.3484691407939e-05 1.34357687784359e-05 1.33868452394381e-05 1.33379217004403e-05 1.34673327920609e-05 1.36561875478947e-05 1.38450423037284e-05 1.40338970595622e-05 1.42227518153959e-05 1.44116065712296e-05 1.46004613270634e-05 1.47267928696238e-05 1.46655520438799e-05 1.46043121276307e-05 1.45430713018868e-05
1.29343561638962e-05 1.29469217426958e-05 1.29594873214955e-05 1.29720529002952e-05 1.29846193885896e-05 1.29971849673893e-05 1.3009750546189e-05 1.30097896544612e-05 1.29722466226667e-05 1.29347035908722e-05 1.28971605590777e-05 1.28596175272833e-05 1.28220744954888e-05 1.2784532373189e-05 1.27469893413945e-05 1.27899111248553e-05 1.28596539070713e-05 1.29293975987821e-05 1.29991403809981e-05 1.30688840727089e-05 1.3138626854925e-05 1.32083705466357e-05 1.32498225866584e-05 1.32064005811117e-05 1.31629785755649e-05 1.31195565700182e-05 1.30761354739661e-05 1.30327134684194e-05 1.29892914628726e-05 1.29458703668206e-05 1.30800135593745e-05 1.32733448481304e-05 1.34666770463809e-05 1.36600092446315e-05 1.38533405333874e-05 1.4046672731638e-05 1.42400049298885e-05 1.43750639836071e-05 1.43353054227191e-05 1.42955468618311e-05 1.42557883009431e-05
1.30741127577494e-05 1.30816524688271e-05 1.30891912704101e-05 1.30967309814878e-05 1.31042706925655e-05 1.31118104036432e-05 1.31193492052262e-05 1.31182232507854e-05 1.30911002997891e-05 1.30639764392981e-05 1.30368534883019e-05 1.30097305373056e-05 1.29826066768146e-05 1.29554837258183e-05 1.29283607748221e-05 1.291229546041e-05 1.28999172375188e-05 1.2887538105133e-05 1.28751598822419e-05 1.2862780749856e-05 1.28504025269649e-05 1.28380233945791e-05 1.28192596093868e-05 1.27813391372911e-05 1.27434195746901e-05 1.27054991025943e-05 1.26675786304986e-05 1.26296581584029e-05 1.25917376863072e-05 1.25538181237062e-05 1.26926943266881e-05 1.28905030578608e-05 1.30883117890335e-05 1.32861205202062e-05 1.34839292513789e-05 1.36817388920463e-05 1.3879547623219e-05 1.40233350975905e-05 1.40050578920636e-05 1.39867815960315e-05 1.39685043905047e-05
1.32138693516026e-05 1.32163831949583e-05 1.32188961288193e-05 1.32214090626803e-05 1.32239219965413e-05 1.32264349304023e-05 1.32289478642633e-05 1.32266568471096e-05 1.32099530674168e-05 1.31932501972187e-05 1.3176546417526e-05 1.31598426378332e-05 1.31431388581404e-05 1.31264350784477e-05 1.31097312987549e-05 1.30346807054593e-05 1.29401796584716e-05 1.28456795209786e-05 1.27511784739909e-05 1.26566783364979e-05 1.25621781990048e-05 1.24676771520171e-05 1.23886975416099e-05 1.23562786029652e-05 1.23238596643205e-05 1.22914407256758e-05 1.22590217870311e-05 1.22266028483864e-05 1.21941848192364e-05 1.21617658805917e-05 1.23053750940016e-05 1.25076612675912e-05 1.2709946531686e-05 1.29122327052755e-05 1.31145188788651e-05 1.33168041429599e-05 1.35190903165494e-05 1.36716062115738e-05 1.36748112709029e-05 1.36780163302319e-05 1.3681221389561e-05
1.33536268549506e-05 1.33511130115949e-05 1.33486000777339e-05 1.33460871438729e-05 1.33435733005172e-05 1.33410603666562e-05 1.33385465233005e-05 1.33350913529284e-05 1.33288067445392e-05 1.33225230456446e-05 1.33162393467501e-05 1.33099547383608e-05 1.33036710394663e-05 1.32973873405717e-05 1.32911027321825e-05 1.3157065041014e-05 1.29804429889191e-05 1.28038209368242e-05 1.26271979752346e-05 1.24505759231397e-05 1.22739529615501e-05 1.20973309094552e-05 1.19581345643383e-05 1.19312171591446e-05 1.19042997539509e-05 1.18773832582519e-05 1.18504658530583e-05 1.18235484478646e-05 1.17966310426709e-05 1.17697136374773e-05 1.19180558613152e-05 1.21248185678269e-05 1.23315821838332e-05 1.25383448903449e-05 1.27451075968565e-05 1.29518703033682e-05 1.31586330098798e-05 1.33198764160625e-05 1.33445637402474e-05 1.33692510644323e-05 1.33939374791225e-05
1.34961283038137e-05 1.34907913889037e-05 1.34854544739937e-05 1.34801184685784e-05 1.34747815536684e-05 1.34694446387584e-05 1.34641086333431e-05 1.34569500005455e-05 1.34443262140849e-05 1.34317024276243e-05 1.34190786411637e-05 1.3406454854703e-05 1.33938319777371e-05 1.33812081912765e-05 1.33685844048159e-05 1.3204441529524e-05 1.29897925944533e-05 1.27751436593826e-05 1.25604947243119e-05 1.23458457892411e-05 1.21311968541704e-05 1.19165479190997e-05 1.17511308417306e-05 1.17334102469613e-05 1.17156896521919e-05 1.16979681479279e-05 1.16802475531586e-05 1.16625269583892e-05 1.16448054541252e-05 1.16270848593558e-05 1.17602385216742e-05 1.19436836030218e-05 1.21271286843694e-05 1.23105728562223e-05 1.24940179375699e-05 1.26774630189175e-05 1.28609081002651e-05 1.30064245240646e-05 1.30381540657254e-05 1.30698836073861e-05 1.31016131490469e-05
1.36413746076869e-05 1.36354174173903e-05 1.36294602270937e-05 1.3623503036797e-05 1.36175467559951e-05 1.36115895656985e-05 1.36056323754019e-05 1.35922336994554e-05 1.35565114760539e-05 1.35207883431576e-05 1.34850661197561e-05 1.34493429868598e-05 1.34136207634583e-05 1.33778976305621e-05 1.33421754071605e-05 1.31768092614948e-05 1.2968229384569e-05 1.27596495076432e-05 1.25510696307174e-05 1.23424888442969e-05 1.21339089673711e-05 1.19253290904453e-05 1.1767686373787e-05 1.17628569569206e-05 1.17580275400542e-05 1.17531981231878e-05 1.17483687063213e-05 1.17435383799602e-05 1.17387089630938e-05 1.17338795462274e-05 1.18319212560891e-05 1.19642536446918e-05 1.20965860332944e-05 1.22289184218971e-05 1.23612508104998e-05 1.24935831991024e-05 1.26259155877051e-05 1.27312487165909e-05 1.27555813378422e-05 1.27799148685881e-05 1.2804248399334e-05
1.37866200020653e-05 1.37800434458768e-05 1.37734659801936e-05 1.37668885145104e-05 1.37603110488271e-05 1.37537335831439e-05 1.37471561174607e-05 1.372751830786e-05 1.36686967380228e-05 1.36098751681857e-05 1.35510526888538e-05 1.34922311190167e-05 1.34334095491795e-05 1.33745879793423e-05 1.33157664095052e-05 1.31491779029602e-05 1.29466661746847e-05 1.27441544464091e-05 1.25416436276282e-05 1.23391318993527e-05 1.21366210805718e-05 1.19341093522962e-05 1.17842419058434e-05 1.17923036668799e-05 1.18003654279164e-05 1.18084271889529e-05 1.18164889499894e-05 1.1824550711026e-05 1.18326124720625e-05 1.18406751425937e-05 1.19036048999988e-05 1.19848245958565e-05 1.20660442917142e-05 1.21472639875719e-05 1.22284845929244e-05 1.23097042887821e-05 1.23909239846398e-05 1.24560729091172e-05 1.24730095194536e-05 1.248994612979e-05 1.25068827401265e-05
1.39318663059385e-05 1.39246685648686e-05 1.39174708237988e-05 1.39102739922237e-05 1.39030762511538e-05 1.3895878510084e-05 1.38886807690142e-05 1.38628020067699e-05 1.37808810904971e-05 1.3698961083719e-05 1.36170401674462e-05 1.35351192511735e-05 1.34531992443954e-05 1.33712783281226e-05 1.32893574118498e-05 1.3121545634931e-05 1.29251029648003e-05 1.27286602946697e-05 1.2532217624539e-05 1.23357749544084e-05 1.21393322842778e-05 1.19428905236418e-05 1.1800796528405e-05 1.18217494673445e-05 1.18427033157786e-05 1.18636562547181e-05 1.18846101031522e-05 1.19055630420917e-05 1.19265159810311e-05 1.19474698294653e-05 1.19752885439084e-05 1.20053955470212e-05 1.2035502550134e-05 1.20656095532468e-05 1.20957174658542e-05 1.2125824468967e-05 1.21559314720798e-05 1.21808971016435e-05 1.21904367915704e-05 1.2199977390992e-05 1.22095170809189e-05
1.40771126098116e-05 1.40692945933552e-05 1.40614765768987e-05 1.40536585604423e-05 1.40458405439858e-05 1.40380225275294e-05 1.4030204511073e-05 1.39980866151745e-05 1.38930663524661e-05 1.37880469992524e-05 1.36830276460387e-05 1.35780073833303e-05 1.34729880301165e-05 1.33679677674081e-05 1.32629484141944e-05 1.30939133669017e-05 1.2903539754916e-05 1.27131661429303e-05 1.25227925309446e-05 1.23324180094642e-05 1.21420443974785e-05 1.19516707854928e-05 1.18173520604614e-05 1.18511961773038e-05 1.18850412036409e-05 1.19188862299779e-05 1.19527303468203e-05 1.19865753731574e-05 1.20204194899998e-05 1.20542645163368e-05 1.2046972187818e-05 1.20259664981859e-05 1.20049608085537e-05 1.19839551189216e-05 1.19629503387841e-05 1.1941944649152e-05 1.19209389595198e-05 1.19057212941698e-05 1.19078649731819e-05 1.19100086521939e-05 1.1912152331206e-05
1.42223589136847e-05 1.42139206218417e-05 1.42054823299986e-05 1.41970440381556e-05 1.41886057463125e-05 1.41801674544695e-05 1.41717291626264e-05 1.41333703140845e-05 1.40052516144351e-05 1.38771329147858e-05 1.37490142151364e-05 1.36208955154871e-05 1.34927768158377e-05 1.33646581161884e-05 1.3236539416539e-05 1.30662810988724e-05 1.28819765450316e-05 1.26976710816962e-05 1.25133665278554e-05 1.23290610645199e-05 1.21447565106791e-05 1.19604519568384e-05 1.18339066830231e-05 1.18806428872631e-05 1.19273790915031e-05 1.19741152957431e-05 1.20208514999831e-05 1.20675877042231e-05 1.21143229989684e-05 1.21610592032084e-05 1.2118654922233e-05 1.20465374493506e-05 1.19744190669735e-05 1.19023006845964e-05 1.1830183211714e-05 1.17580648293369e-05 1.16859473564546e-05 1.16305454866961e-05 1.16252922452986e-05 1.16200399133959e-05 1.16147866719984e-05
