data/working_set_collections/6091692-Cassins_Sparrow-M2/2010/prmc_avg.asc
NCOLS 265 
NROWS 230 
XLLCORNER -115.5625 
YLLCORNER 24.8333333333333 
CELLSIZE 0.0833333333333333 
NODATA_value -9999 
[rows 20 to 39 of 230, columns 220 to 263 of 265]
0.193807736039162 0.194631308317184 0.195454880595207 0.19627845287323 0.197334870696068 0.19908981025219 0.200844764709473 0.202599704265594 0.204354643821716 0.206109598278999 0.207864537835121 0.209619477391243 0.209528297185898 0.208821728825569 0.20811516046524 0.207408592104912 0.206702023744583 0.205995455384254 0.205288887023926 0.20470467209816 0.204487547278404 0.204270422458649 0.204053282737732 0.203836157917976 0.20361901819706 0.203401893377304 0.203184753656387 0.203780636191368 0.204647526144981 0.205514416098595 0.206381291151047 0.20724818110466 0.208115056157112 0.208981946110725 0.210118502378464 0.212064042687416 0.21400959789753 0.215955153107643 0.217900693416595 0.219846248626709 0.221791788935661 0.223737344145775 0.227622836828232 0.232154965400696
0.194393068552017 0.195318251848221 0.196243435144424 0.197168618440628 0.198450297117233 0.200801476836205 0.203152656555176 0.205503821372986 0.207855001091957 0.210206180810928 0.2125573605299 0.21490852534771 0.215380951762199 0.215227112174034 0.21507328748703 0.214919447898865 0.214765623211861 0.214611783623695 0.21445794403553 0.214068621397018 0.212972790002823 0.211876973509789 0.210781157016754 0.209685325622559 0.208589509129524 0.20749369263649 0.206397861242294 0.206752792000771 0.207591310143471 0.208429828286171 0.209268346428871 0.210106864571571 0.210945382714272 0.211783900856972 0.212831884622574 0.214508235454559 0.216184586286545 0.21786093711853 0.219537287950516 0.221213638782501 0.222889989614487 0.224566340446472 0.228767275810242 0.233809739351273
0.194978386163712 0.196005180478096 0.197031989693642 0.198058784008026 0.19956573843956 0.202513143420219 0.205460548400879 0.208407953381538 0.211355358362198 0.214302763342857 0.217250168323517 0.220197573304176 0.221233606338501 0.22163251042366 0.222031399607658 0.222430303692818 0.222829207777977 0.223228111863136 0.223627015948296 0.223432555794716 0.221458047628403 0.21948353946209 0.217509016394615 0.215534508228302 0.213560000061989 0.211585476994514 0.209610968828201 0.209724962711334 0.210535109043121 0.211345255374908 0.212155416607857 0.212965562939644 0.213775709271431 0.214585870504379 0.215545266866684 0.216952413320541 0.21835957467556 0.219766721129417 0.221173867583275 0.222581014037132 0.223988175392151 0.225395321846008 0.229911714792252 0.235464528203011
0.195563703775406 0.196692124009132 0.197820529341698 0.198948949575424 0.200681164860725 0.204224810004234 0.207768440246582 0.21131207048893 0.214855715632439 0.218399345874786 0.221942991018295 0.225486621260643 0.227086260914803 0.228037893772125 0.228989526629448 0.229941159486771 0.230892807245255 0.231844440102577 0.2327960729599 0.232796505093575 0.229943290352821 0.227090090513229 0.224236890673637 0.221383690834045 0.218530476093292 0.2156772762537 0.212824076414108 0.212697118520737 0.213478893041611 0.214260682463646 0.215042471885681 0.215824261307716 0.21660603582859 0.217387825250626 0.218258649110794 0.219396606087685 0.220534548163414 0.221672505140305 0.222810462117195 0.223948404192924 0.225086361169815 0.226224303245544 0.231056168675423 0.237119317054749
0.196946367621422 0.198470279574394 0.199994176626205 0.201518088579178 0.203604251146317 0.207377195358276 0.211150154471397 0.214923098683357 0.218696057796478 0.222469002008438 0.226241946220398 0.230014905333519 0.231709584593773 0.232711523771286 0.233713448047638 0.234715387225151 0.235717311501503 0.236719250679016 0.237721174955368 0.237693399190903 0.234576478600502 0.231459558010101 0.228342652320862 0.225225731730461 0.22210881114006 0.218991905450821 0.21587498486042 0.215779483318329 0.216691121459007 0.217602759599686 0.218514397740364 0.219426035881042 0.220337688922882 0.22124932706356 0.222171187400818 0.223123759031296 0.224076315760612 0.225028872489929 0.225981444120407 0.226934000849724 0.227886557579041 0.228839129209518 0.233747541904449 0.239974588155746
0.199126362800598 0.20133963227272 0.203552916646004 0.205766186118126 0.208334982395172 0.211970329284668 0.215605676174164 0.21924102306366 0.222876369953156 0.226511716842651 0.230147063732147 0.233782410621643 0.235103592276573 0.235653385519981 0.236203163862228 0.236752957105637 0.237302750349045 0.237852528691292 0.2384023219347 0.238123252987862 0.235357597470284 0.232591956853867 0.229826301336288 0.227060660719872 0.224295005202293 0.221529349684715 0.218763709068298 0.218972072005272 0.220171794295311 0.221371501684189 0.222571209073067 0.223770931363106 0.224970638751984 0.226170346140862 0.227282881736755 0.228133857250214 0.228984847664833 0.229835838079453 0.230686813592911 0.23153780400753 0.232388779520988 0.233239769935608 0.237985864281654 0.244030326604843
0.201306357979774 0.204208999872208 0.207111656665802 0.210014298558235 0.213065713644028 0.21656346321106 0.220061212778091 0.223558947443962 0.227056697010994 0.230554431676865 0.234052181243896 0.237549915909767 0.238497585058212 0.238595232367516 0.238692879676819 0.238790526986122 0.238888174295425 0.238985821604729 0.239083468914032 0.238553106784821 0.236138731241226 0.233724340796471 0.231309965252876 0.228895574808121 0.226481184363365 0.224066808819771 0.221652418375015 0.222164660692215 0.223652452230453 0.225140228867531 0.226628020405769 0.228115811944008 0.229603588581085 0.231091380119324 0.232394576072693 0.233143970370293 0.233893379569054 0.234642788767815 0.235392197966576 0.236141592264175 0.236891001462936 0.237640410661697 0.242224186658859 0.24808606505394
0.203486353158951 0.207078367471695 0.210670381784439 0.214262410998344 0.217796459794044 0.221156597137451 0.224516734480858 0.227876871824265 0.231237009167671 0.234597146511078 0.237957283854485 0.241317436099052 0.241891592741013 0.241537094116211 0.241182595491409 0.240828111767769 0.240473613142967 0.240119114518166 0.239764615893364 0.238982975482941 0.236919850111008 0.234856739640236 0.232793614268303 0.23073048889637 0.228667378425598 0.226604253053665 0.224541142582893 0.225357249379158 0.227133110165596 0.228908970952034 0.230684831738472 0.23246069252491 0.234236553311348 0.236012414097786 0.237506255507469 0.238154083490372 0.238801911473274 0.239449739456177 0.240097567439079 0.240745395421982 0.241393223404884 0.242041051387787 0.246462494134903 0.252141803503036
0.205666348338127 0.209947735071182 0.214229121804237 0.218510508537292 0.2225271910429 0.225749731063843 0.228972256183624 0.232194796204567 0.23541733622551 0.238639861345291 0.241862401366234 0.245084941387177 0.245285600423813 0.244478955864906 0.243672326207161 0.242865681648254 0.242059037089348 0.241252407431602 0.240445762872696 0.2394128292799 0.237700968980789 0.23598912358284 0.23427726328373 0.23256541788578 0.23085355758667 0.229141712188721 0.22742985188961 0.228549838066101 0.230613768100739 0.232677713036537 0.234741643071175 0.236805573105812 0.23886950314045 0.240933433175087 0.242617949843407 0.243164196610451 0.243710443377495 0.2442567050457 0.244802951812744 0.245349198579788 0.245895445346832 0.246441692113876 0.250700831413269 0.256197571754456
0.207846343517303 0.21281710267067 0.217787861824036 0.222758620977402 0.227257922291756 0.230342850089073 0.233427792787552 0.236512720584869 0.239597648382187 0.242682591080666 0.245767518877983 0.248852446675301 0.248679593205452 0.247420817613602 0.246162042021751 0.24490325152874 0.24364447593689 0.242385700345039 0.241126909852028 0.239842683076859 0.238482102751732 0.237121507525444 0.235760927200317 0.23440033197403 0.233039751648903 0.231679156422615 0.230318576097488 0.231742426753044 0.234094440937042 0.236446440219879 0.238798454403877 0.241150453686714 0.243502452969551 0.245854467153549 0.247729629278183 0.24817430973053 0.248618975281715 0.249063655734062 0.249508321285248 0.249953001737595 0.250397682189941 0.250842332839966 0.254939138889313 0.260253310203552
0.209078371524811 0.214363977313042 0.219649598002434 0.224935218691826 0.22965107858181 0.23265765607357 0.235664248466492 0.238670825958252 0.241677418351173 0.244683995842934 0.247690588235855 0.250697165727615 0.250331878662109 0.248842611908913 0.247353345155716 0.24586409330368 0.244374826550484 0.242885574698448 0.241396307945251 0.240019351243973 0.238979324698448 0.237939283251762 0.236899241805077 0.235859200358391 0.234819158911705 0.23377913236618 0.232739090919495 0.234496161341667 0.237185597419739 0.23987503349781 0.242564469575882 0.245253905653954 0.247943341732025 0.250632792711258 0.252776741981506 0.253284245729446 0.253791749477386 0.254299253225327 0.254806756973267 0.255314260721207 0.255821764469147 0.256329268217087 0.260097295045853 0.264952182769775
0.209362432360649 0.214588388800621 0.219814345240593 0.225040301680565 0.229706630110741 0.232694134116173 0.235681623220444 0.238669112324715 0.241656616330147 0.244644105434418 0.247631594538689 0.25061908364296 0.250242412090302 0.248744338750839 0.247246250510216 0.245748177170753 0.244250103831291 0.242752030491829 0.241253957152367 0.239942848682404 0.239192634820938 0.238442435860634 0.237692221999168 0.236942008137703 0.236191809177399 0.235441595315933 0.234691396355629 0.236811012029648 0.239887237548828 0.242963463068008 0.246039688587189 0.24911592900753 0.252192139625549 0.25526836514473 0.257759243249893 0.258493989706039 0.259228706359863 0.25996345281601 0.260698199272156 0.261432945728302 0.262167692184448 0.262902438640594 0.266175270080566 0.270294159650803
0.209646493196487 0.214812785387039 0.219979077577591 0.225145369768143 0.229762196540833 0.232730597257614 0.235698997974396 0.238667413592339 0.24163581430912 0.244604215025902 0.247572615742683 0.250541031360626 0.250152945518494 0.248646065592766 0.247139170765877 0.245632275938988 0.244125381112099 0.24261848628521 0.241111591458321 0.239866331219673 0.239405959844589 0.238945573568344 0.23848520219326 0.238024830818176 0.237564459443092 0.237104073166847 0.236643701791763 0.23912587761879 0.242588892579079 0.246051907539368 0.249514922499657 0.252977937459946 0.256440967321396 0.259903967380524 0.26274174451828 0.263703733682632 0.264665693044662 0.265627682209015 0.266589671373367 0.26755166053772 0.26851361989975 0.269475609064102 0.272253274917603 0.27563613653183
0.209930554032326 0.215037181973457 0.22014382481575 0.225250452756882 0.229817762970924 0.232767075300217 0.235716387629509 0.238665699958801 0.241615012288094 0.244564324617386 0.247513636946678 0.25046294927597 0.250063478946686 0.248547777533531 0.247032076120377 0.245516359806061 0.244000658392906 0.24248494207859 0.240969240665436 0.239789813756943 0.239619269967079 0.239448726177216 0.239278182387352 0.239107638597488 0.238937094807625 0.238766551017761 0.238596007227898 0.24144072830677 0.245290532708168 0.249140352010727 0.252990156412125 0.256839960813522 0.26068976521492 0.264539569616318 0.267724245786667 0.268913447856903 0.270102679729462 0.27129191160202 0.272481113672256 0.273670345544815 0.274859577417374 0.27604877948761 0.278331249952316 0.280978113412857
0.210214614868164 0.215261593461037 0.220308557152748 0.225355535745621 0.229873314499855 0.232803538441658 0.235733762383461 0.238663986325264 0.241594210267067 0.24452443420887 0.247454658150673 0.250384867191315 0.2499740421772 0.248449504375458 0.246924981474876 0.245400458574295 0.243875920772552 0.242351397871971 0.24082687497139 0.239713296294212 0.23983259499073 0.239951878786087 0.240071162581444 0.240190446376801 0.240309745073318 0.240429028868675 0.240548312664032 0.243755578994751 0.247992187738419 0.252228796482086 0.256465375423431 0.260701984167099 0.264938592910767 0.269175171852112 0.272706747055054 0.274123191833496 0.275539666414261 0.276956111192703 0.278372585773468 0.279789060354233 0.281205505132675 0.28262197971344 0.28440922498703 0.286320120096207
0.210498675704002 0.215485990047455 0.220473304390907 0.22546061873436 0.229928880929947 0.232840016484261 0.235751152038574 0.238662272691727 0.24157340824604 0.244484543800354 0.247395664453506 0.250306814908981 0.249884575605392 0.248351231217384 0.246817886829376 0.245284542441368 0.24375119805336 0.242217853665352 0.240684509277344 0.239636793732643 0.24004590511322 0.240455031394958 0.240864142775536 0.241273269057274 0.241682380437851 0.242091506719589 0.242500618100166 0.246070444583893 0.250693827867508 0.255317211151123 0.259940624237061 0.264564007520676 0.269187390804291 0.273810774087906 0.277689248323441 0.279332935810089 0.28097665309906 0.282620340585709 0.28426405787468 0.285907745361328 0.287551432847977 0.289195150136948 0.290487229824066 0.291662096977234
0.210086807608604 0.214817360043526 0.219547912478447 0.224278464913368 0.228587612509727 0.231632575392723 0.234677538275719 0.237722501158714 0.24076746404171 0.243812412023544 0.24685737490654 0.249902337789536 0.249535426497459 0.248031228780746 0.246527031064034 0.245022833347321 0.243518635630608 0.242014437913895 0.240510240197182 0.239508703351021 0.240015089511871 0.240521490573883 0.241027891635895 0.241534277796745 0.242040678858757 0.242547079920769 0.243053466081619 0.246794953942299 0.251614779233932 0.256434619426727 0.261254459619522 0.266074299812317 0.270894140005112 0.275713980197906 0.279777556657791 0.281572431325912 0.283367305994034 0.285162180662155 0.286957025527954 0.288751900196075 0.290546774864197 0.292341649532318 0.293432027101517 0.294287592172623
0.208979025483131 0.213255703449249 0.217532381415367 0.221809059381485 0.225849509239197 0.229181215167046 0.232512935996056 0.235844641923904 0.239176347851753 0.242508068680763 0.245839774608612 0.249171495437622 0.248926609754562 0.247489511966705 0.246052429080009 0.244615331292152 0.243178248405457 0.241741165518761 0.240304067730904 0.239329025149345 0.239740148186684 0.240151271224022 0.240562379360199 0.240973502397537 0.241384625434875 0.241795733571053 0.242206856608391 0.245929092168808 0.250755041837692 0.255580991506577 0.260406911373138 0.265232861042023 0.270058810710907 0.274884760379791 0.278971701860428 0.280841678380966 0.282711625099182 0.28458160161972 0.286451548337936 0.288321524858475 0.290191471576691 0.292061448097229 0.293243676424026 0.294196635484695
0.207871243357658 0.211694061756134 0.215516865253448 0.219339668750763 0.223111391067505 0.226729854941368 0.230348318815231 0.233966782689095 0.237585246562958 0.241203710436821 0.244822174310684 0.248440638184547 0.248317778110504 0.246947795152664 0.245577812194824 0.244207829236984 0.242837846279144 0.241467878222466 0.240097895264626 0.239149361848831 0.239465206861496 0.239781051874161 0.240096881985664 0.240412726998329 0.240728572010994 0.241044402122498 0.241360247135162 0.245063245296478 0.249895289540291 0.254727333784103 0.259559392929077 0.264391452074051 0.269223481416702 0.274055540561676 0.278165847063065 0.280110895633698 0.282055974006653 0.284001022577286 0.285946071147919 0.287891119718552 0.289836198091507 0.29178124666214 0.293055295944214 0.294105678796768
0.206763461232185 0.210132405161858 0.21350134909153 0.216870278120041 0.220373287796974 0.224278509616852 0.228183716535568 0.232088938355446 0.235994145274162 0.23989936709404 0.243804588913918 0.247709795832634 0.247708946466446 0.246406078338623 0.245103195309639 0.243800327181816 0.242497459053993 0.24119459092617 0.239891707897186 0.238969698548317 0.239190265536308 0.239410817623138 0.23963138461113 0.239851951599121 0.240072503685951 0.240293070673943 0.240513637661934 0.244197398424149 0.249035552144051 0.253873705863953 0.258711844682693 0.263550013303757 0.26838818192482 0.273226320743561 0.277359992265701 0.279380142688751 0.281400293111801 0.283420443534851 0.285440593957901 0.287460744380951 0.289480894804001 0.291501045227051 0.292866945266724 0.294014722108841
