data/working_set_collections/6091692-Cassins_Sparrow-M2/2010/prmc_avg.asc
NCOLS 265 
NROWS 230 
XLLCORNER -115.5625 
YLLCORNER 24.8333333333333 
CELLSIZE 0.0833333333333333 
NODATA_value -9999 
[rows 80 to 99 of 230, columns 132 to 175 of 265]
0.187493294477463 0.189180850982666 0.191088974475861 0.19365881383419 0.19622865319252 0.19879849255085 0.20136833190918 0.203938186168671 0.206508025527 0.20907786488533 0.207623824477196 0.204828500747681 0.202033177018166 0.199237838387489 0.196442514657974 0.193647190928459 0.190851852297783 0.187963500618935 0.184796035289764 0.181628569960594 0.178461104631424 0.175293639302254 0.172126173973083 0.168958708643913 0.165791243314743 0.164061084389687 0.162810027599335 0.161558955907822 0.160307884216309 0.159056827425957 0.157805755734444 0.156554698944092 0.155561774969101 0.155343279242516 0.15512478351593 0.154906287789345 0.154687792062759 0.154469311237335 0.15425081551075 0.154032319784164 0.154449999332428 0.15507972240448 0.155709445476532 0.156339183449745
0.184974983334541 0.186133518815041 0.187707185745239 0.190526202321053 0.193345218896866 0.196164220571518 0.198983237147331 0.201802253723145 0.204621255397797 0.20744027197361 0.206690669059753 0.204751521348953 0.202812373638153 0.200873225927353 0.198934078216553 0.196994930505753 0.195055797696114 0.192647606134415 0.188832297921181 0.185017004609108 0.181201696395874 0.177386403083801 0.173571094870567 0.169755786657333 0.165940493345261 0.164288640022278 0.163357928395271 0.162427231669426 0.161496520042419 0.160565823316574 0.159635111689568 0.158704400062561 0.157945230603218 0.15770061314106 0.157455995678902 0.157211378216743 0.156966760754585 0.156722143292427 0.156477525830269 0.156232908368111 0.156603112816811 0.15717825293541 0.157753393054008 0.158328533172607
0.18245667219162 0.183086201548576 0.184325397014618 0.187393575906754 0.19046176970005 0.193529948592186 0.196598142385483 0.199666321277618 0.202734500169754 0.205802693963051 0.205757513642311 0.204674541950226 0.203591585159302 0.202508613467216 0.201425656676292 0.200342684984207 0.199259728193283 0.197331711649895 0.192868575453758 0.188405439257622 0.183942303061485 0.179479151964188 0.175016015768051 0.170552879571915 0.166089728474617 0.164516195654869 0.163905844092369 0.163295492529869 0.16268515586853 0.16207480430603 0.161464467644691 0.160854116082191 0.160328671336174 0.160057932138443 0.159787192940712 0.159516453742981 0.15924571454525 0.158974975347519 0.158704236149788 0.158433496952057 0.158756226301193 0.159276768565178 0.159797325730324 0.16031788289547
0.179938361048698 0.180038884282112 0.180943608283997 0.184260964393616 0.187578320503235 0.190895676612854 0.194213032722473 0.197530388832092 0.200847744941711 0.204165101051331 0.204824358224869 0.20459757745266 0.20437079668045 0.20414400100708 0.203917220234871 0.203690439462662 0.203463658690453 0.202015832066536 0.196904852986336 0.191793873906136 0.186682894825935 0.181571915745735 0.176460936665535 0.171349957585335 0.166238978505135 0.164743736386299 0.164453759789467 0.164163768291473 0.163873791694641 0.163583800196648 0.163293808698654 0.163003832101822 0.162712126970291 0.162415266036987 0.162118390202522 0.161821529269218 0.161524668335915 0.161227807402611 0.160930946469307 0.160634070634842 0.160909339785576 0.161375299096107 0.1618412733078 0.162307232618332
0.177939504384995 0.17769493162632 0.178296893835068 0.181438505649567 0.184580102562904 0.187721699476242 0.190863311290741 0.194004908204079 0.197146505117416 0.200288102030754 0.201189324259758 0.20134374499321 0.201498165726662 0.201652601361275 0.201807022094727 0.201961442828178 0.20211586356163 0.20098802447319 0.196013435721397 0.191038832068443 0.186064228415489 0.181089639663696 0.176115036010742 0.171140432357788 0.166165843605995 0.164804339408875 0.164647191762924 0.164490059018135 0.164332911372185 0.164175778627396 0.164018645882607 0.163861498236656 0.163673922419548 0.163395062088966 0.163116186857224 0.162837311625481 0.162558436393738 0.162279561161995 0.162000700831413 0.16172182559967 0.161995440721512 0.162453219294548 0.162910997867584 0.16336877644062
0.176460087299347 0.1760543435812 0.176385268568993 0.178926184773445 0.181467115879059 0.184008032083511 0.186548948287964 0.189089864492416 0.191630780696869 0.194171711802483 0.19485242664814 0.194913074374199 0.194973722100258 0.195034384727478 0.195095032453537 0.195155680179596 0.195216342806816 0.19424831867218 0.190194323658943 0.186140328645706 0.182086333632469 0.178032323718071 0.173978328704834 0.169924333691597 0.165870323777199 0.164697974920273 0.164486169815063 0.164274364709854 0.164062544703484 0.163850739598274 0.163638934493065 0.163427129387856 0.163214087486267 0.16299732029438 0.162780553102493 0.162563785910606 0.162347018718719 0.162130266427994 0.161913499236107 0.16169673204422 0.162014529109001 0.162510514259338 0.163006514310837 0.163502499461174
0.174980685114861 0.174413770437241 0.174473643302917 0.176413878798485 0.178354114294052 0.180294349789619 0.182234585285187 0.184174835681915 0.186115071177483 0.18805530667305 0.188515529036522 0.188482403755188 0.188449293375015 0.188416168093681 0.188383042812347 0.188349932432175 0.188316807150841 0.18750861287117 0.184375211596489 0.181241825222969 0.178108423948288 0.174975022673607 0.171841621398926 0.168708220124245 0.165574818849564 0.164591610431671 0.164325132966042 0.164058655500412 0.163792192935944 0.163525715470314 0.163259238004684 0.162992760539055 0.162754237651825 0.162599578499794 0.162444919347763 0.162290275096893 0.162135615944862 0.161980956792831 0.1618262976408 0.16167163848877 0.162033632397652 0.16256782412529 0.163102030754089 0.163636222481728
0.173501268029213 0.17277318239212 0.172562003135681 0.173901557922363 0.175241112709045 0.176580682396889 0.177920237183571 0.179259791970253 0.180599346756935 0.181938901543617 0.182178631424904 0.182051733136177 0.181924849748611 0.181797951459885 0.181671068072319 0.181544169783592 0.181417286396027 0.18076890707016 0.178556114435196 0.176343306899071 0.174130514264107 0.171917706727982 0.169704914093018 0.167492106556892 0.165279299020767 0.164485245943069 0.164164111018181 0.163842961192131 0.163521826267242 0.163200676441193 0.162879526615143 0.162558391690254 0.162294387817383 0.162201851606369 0.162109300494194 0.162016749382019 0.161924198269844 0.161831647157669 0.161739096045494 0.161646544933319 0.162052720785141 0.162625133991241 0.163197547197342 0.163769945502281
0.172021850943565 0.171132594347 0.170650377869606 0.171389251947403 0.1721281260252 0.172867000102997 0.173605874180794 0.174344748258591 0.175083622336388 0.175822496414185 0.175841718912125 0.175621062517166 0.175400406122208 0.175179734826088 0.174959078431129 0.17473840713501 0.174517750740051 0.17402920126915 0.172737002372742 0.171444803476334 0.170152604579926 0.168860405683517 0.167568191885948 0.16627599298954 0.164983794093132 0.164378881454468 0.164003074169159 0.16362726688385 0.163251459598541 0.162875637412071 0.162499830126762 0.162124022841454 0.161834552884102 0.161804109811783 0.161773666739464 0.161743223667145 0.161712780594826 0.161682337522507 0.161651894450188 0.161621451377869 0.16207180917263 0.162682428956032 0.163293063640594 0.163903683423996
0.170542433857918 0.169492021203041 0.16873873770237 0.168876931071281 0.169015124440193 0.169153332710266 0.169291526079178 0.16942971944809 0.169567912817001 0.169706106185913 0.169504821300507 0.169190391898155 0.168875962495804 0.168561518192291 0.16824708878994 0.167932659387589 0.167618229985237 0.16728949546814 0.166917890310287 0.166546300053596 0.166174694895744 0.165803089737892 0.16543148458004 0.165059879422188 0.164688289165497 0.164272516965866 0.163842037320137 0.163411557674408 0.16298109292984 0.162550613284111 0.162120133638382 0.161689653992653 0.16137470304966 0.161406368017197 0.161438032984734 0.16146969795227 0.161501362919807 0.161533027887344 0.161564707756042 0.161596372723579 0.162090912461281 0.162739738821983 0.163388565182686 0.16403740644455
0.169444233179092 0.168363377451897 0.167507201433182 0.167325019836426 0.16714283823967 0.166960641741753 0.166778460144997 0.166596278548241 0.166414096951485 0.166231915354729 0.165910974144936 0.165543794631958 0.165176600217819 0.164809420704842 0.164442241191864 0.164075046777725 0.163707867264748 0.163452059030533 0.163530379533768 0.163608685135841 0.163687005639076 0.163765326142311 0.163843646645546 0.163921967148781 0.164000287652016 0.163720145821571 0.163320511579514 0.162920892238617 0.16252127289772 0.162121653556824 0.161722019314766 0.161322399973869 0.161042004823685 0.161119297146797 0.161196604371071 0.161273896694183 0.161351189017296 0.16142849624157 0.161505788564682 0.161583080887794 0.162096858024597 0.162756145000458 0.163415417075157 0.164074704051018
0.168727219104767 0.16774670779705 0.166955754160881 0.166733488440514 0.166511237621307 0.16628897190094 0.166066706180573 0.165844455361366 0.165622189640999 0.165399923920631 0.165060177445412 0.164681255817413 0.164302349090576 0.163923427462578 0.163544505834579 0.163165599107742 0.162786677479744 0.162516877055168 0.16257444024086 0.162632003426552 0.162689551711082 0.162747114896774 0.162804678082466 0.162862226366997 0.162919789552689 0.162721738219261 0.162438496947289 0.162155255675316 0.161872014403343 0.161588758230209 0.161305516958237 0.161022275686264 0.160836458206177 0.160942897200584 0.161049351096153 0.161155804991722 0.161262258887291 0.161368697881699 0.161475151777267 0.161581605672836 0.162089690566063 0.162731647491455 0.163373604416847 0.164015561342239
0.168010219931602 0.167130038142204 0.16640430688858 0.166141971945763 0.165879637002945 0.165617287158966 0.165354952216148 0.165092617273331 0.164830282330513 0.164567947387695 0.164209380745888 0.16381873190403 0.163428083062172 0.163037434220314 0.162646785378456 0.162256136536598 0.16186548769474 0.161581709980965 0.161618500947952 0.161655306816101 0.161692097783089 0.161728903651237 0.161765694618225 0.161802500486374 0.161839291453362 0.161723345518112 0.161556482315063 0.161389619112015 0.161222741007805 0.161055877804756 0.160889014601707 0.160722151398659 0.160630896687508 0.160766497254372 0.160902112722397 0.161037713289261 0.161173313856125 0.161308914422989 0.161444514989853 0.161580130457878 0.162082508206367 0.162707135081291 0.163331776857376 0.163956418633461
0.167293220758438 0.166513353586197 0.16585285961628 0.16555044054985 0.165248036384583 0.164945617318153 0.164643198251724 0.164340794086456 0.164038375020027 0.163735955953598 0.163358569145203 0.162956193089485 0.162553817033768 0.16215144097805 0.161749064922333 0.161346688866615 0.160944312810898 0.1606465280056 0.160662576556206 0.16067861020565 0.160694643855095 0.160710692405701 0.160726726055145 0.16074275970459 0.160758793354034 0.160724937915802 0.160674452781677 0.160623967647552 0.160573482513428 0.160522997379303 0.160472512245178 0.160422027111053 0.16042535007 0.16059011220932 0.160754859447479 0.1609196215868 0.161084368824959 0.161249130964279 0.1614138931036 0.161578640341759 0.162075325846672 0.162682637572289 0.163289964199066 0.163897275924683
0.166576206684113 0.165896683931351 0.165301412343979 0.1649589240551 0.16461643576622 0.16427393257618 0.1639314442873 0.163588955998421 0.163246467709541 0.162903979420662 0.162507772445679 0.162093669176102 0.161679551005363 0.161265447735786 0.160851344466209 0.160437226295471 0.160023123025894 0.159711360931396 0.159706637263298 0.1597019135952 0.159697189927101 0.159692466259003 0.159687757492065 0.159683033823967 0.159678310155869 0.159726545214653 0.159792438149452 0.159858331084251 0.159924224019051 0.15999011695385 0.160056009888649 0.160121902823448 0.160219803452492 0.160413712263107 0.160607621073723 0.160801529884338 0.160995438694954 0.161189347505569 0.161383256316185 0.161577165126801 0.162068143486977 0.162658140063286 0.163248136639595 0.163838133215904
0.165859207510948 0.165279999375343 0.164749965071678 0.164367392659187 0.163984835147858 0.163602262735367 0.163219690322876 0.162837132811546 0.162454560399055 0.162071987986565 0.161656975746155 0.161231130361557 0.16080529987812 0.160379454493523 0.159953609108925 0.159527778625488 0.15910193324089 0.158776193857193 0.15875069797039 0.158725216984749 0.158699735999107 0.158674255013466 0.158648774027824 0.158623293042183 0.158597812056541 0.158728152513504 0.158910423517227 0.15909269452095 0.159274965524673 0.159457236528397 0.15963950753212 0.159821778535843 0.160014241933823 0.160237312316895 0.160460367798805 0.160683438181877 0.160906493663788 0.16112956404686 0.16135261952877 0.161575689911842 0.162060961127281 0.162633642554283 0.163206323981285 0.163778990507126
0.1650101095438 0.164492517709732 0.16400371491909 0.163601249456406 0.163198783993721 0.162796333432198 0.162393867969513 0.161991402506828 0.161588937044144 0.16118648648262 0.160594910383224 0.15994031727314 0.159285709261894 0.158631101250648 0.157976493239403 0.157321900129318 0.156667292118073 0.156241744756699 0.15650337934494 0.156765013933182 0.157026648521423 0.157288283109665 0.157549917697906 0.157811552286148 0.15807318687439 0.158307924866676 0.158533692359924 0.158759459853172 0.15898522734642 0.159210994839668 0.159436762332916 0.159662529826164 0.159898594021797 0.160165563225746 0.160432532429695 0.160699501633644 0.160966470837593 0.161233440041542 0.161500409245491 0.16176737844944 0.162376001477242 0.163098514080048 0.163821026682854 0.164543524384499
0.16402892768383 0.163534224033356 0.163062646985054 0.162660479545593 0.162258312106133 0.161856129765511 0.16145396232605 0.161051794886589 0.160649612545967 0.160247445106506 0.15932160615921 0.158221200108528 0.157120794057846 0.156020388007164 0.154919981956482 0.1538195759058 0.152719184756279 0.152108028531075 0.152964666485786 0.153821289539337 0.154677927494049 0.155534565448761 0.156391188502312 0.157247826457024 0.158104449510574 0.158465892076492 0.158662274479866 0.15885865688324 0.159055024385452 0.159251406788826 0.1594477891922 0.159644156694412 0.159872859716415 0.160198479890823 0.160524114966393 0.1608497351408 0.16117537021637 0.161501005291939 0.161826625466347 0.162152260541916 0.163013279438019 0.16405276954174 0.165092244744301 0.166131734848022
0.16304774582386 0.162575930356979 0.162121593952179 0.161719709634781 0.161317825317383 0.160915940999985 0.160514056682587 0.160112172365189 0.159710288047791 0.159308403730392 0.158048287034035 0.156502082943916 0.154955878853798 0.15340967476368 0.151863470673561 0.150317266583443 0.148771062493324 0.147974327206612 0.149425953626633 0.150877580046654 0.152329206466675 0.153780832886696 0.155232459306717 0.156684085726738 0.158135712146759 0.158623859286308 0.158790841698647 0.158957839012146 0.159124821424484 0.159291818737984 0.159458801150322 0.159625798463821 0.159847110509872 0.160231396555901 0.160615682601929 0.160999983549118 0.161384269595146 0.161768555641174 0.162152841687202 0.162537127733231 0.163650557398796 0.165007010102272 0.166363477706909 0.167719945311546
0.16206656396389 0.161617636680603 0.161180540919304 0.160778939723969 0.160377353429794 0.159975752234459 0.159574151039124 0.159172564744949 0.158770963549614 0.15836937725544 0.156774967908859 0.154782965779305 0.15279096364975 0.150798961520195 0.14880695939064 0.146814957261086 0.144822955131531 0.143840610980988 0.145887240767479 0.147933855652809 0.149980485439301 0.152027100324631 0.154073715209961 0.156120344996452 0.158166959881783 0.158781826496124 0.158919423818588 0.159057021141052 0.159194633364677 0.159332230687141 0.159469828009605 0.159607425332069 0.159821376204491 0.160264313220978 0.160707265138626 0.161150217056274 0.161593168973923 0.16203610599041 0.162479057908058 0.162922009825706 0.164287820458412 0.165961265563965 0.167634710669518 0.16930815577507
