data/working_set_collections/6091692-Cassins_Sparrow-M2/2010/prmc_avg.asc
NCOLS 265 
NROWS 230 
XLLCORNER -115.5625 
YLLCORNER 24.8333333333333 
CELLSIZE 0.0833333333333333 
NODATA_value -9999 
[rows 140 to 159 of 230, columns 44 to 87 of 265]
0.16091813147068 0.161562100052834 0.162206068634987 0.16285003721714 0.163494005799294 0.164137959480286 0.164781928062439 0.165425896644592 0.167412713170052 0.169847145676613 0.172281593084335 0.174716025590897 0.177150472998619 0.17958490550518 0.182019338011742 0.183825209736824 0.183745369315147 0.183665528893471 0.183585673570633 0.183505833148956 0.18342599272728 0.183346152305603 0.183266311883926 0.181602746248245 0.17941127717495 0.177219808101654 0.175028339028358 0.172836869955063 0.170645400881767 0.168453946709633 0.166776269674301 0.166639983654022 0.166503697633743 0.166367426514626 0.166231140494347 0.166094854474068 0.165958568453789 0.16582228243351 0.165455356240273 0.165011540055275 0.164567738771439 0.164123922586441 0.163680106401443 0.163236290216446
0.161177456378937 0.161742672324181 0.162307888269424 0.162873104214668 0.163438320159912 0.164003536105156 0.1645687520504 0.165133967995644 0.166726648807526 0.168661803007126 0.170596957206726 0.172532111406326 0.174467265605927 0.176402419805527 0.178337574005127 0.17982143163681 0.179951399564743 0.180081367492676 0.18021135032177 0.180341318249702 0.180471286177635 0.180601254105568 0.180731222033501 0.179471388459206 0.177748292684555 0.176025182008743 0.174302086234093 0.172578975558281 0.17085587978363 0.169132769107819 0.167760774493217 0.167442083358765 0.167123407125473 0.16680471599102 0.166486039757729 0.166167348623276 0.165848657488823 0.165529981255531 0.165059641003609 0.164538770914078 0.164017885923386 0.163497015833855 0.162976130843163 0.16245524585247
0.161436781287193 0.161923259496689 0.162409722805023 0.162896186113358 0.163382649421692 0.163869112730026 0.164355590939522 0.164842054247856 0.166040569543839 0.167476445436478 0.168912321329117 0.170348182320595 0.171784058213234 0.173219934105873 0.174655809998512 0.175817653536797 0.1761574447155 0.176497220993042 0.176837012171745 0.177176788449287 0.177516579627991 0.177856355905533 0.178196147084236 0.177340030670166 0.176085293292999 0.174830555915833 0.173575818538666 0.172321081161499 0.171066343784332 0.169811606407166 0.168745279312134 0.168244197964668 0.167743101716042 0.167242020368576 0.166740924119949 0.166239842772484 0.165738761425018 0.165237665176392 0.164663940668106 0.164065986871719 0.163468047976494 0.162870094180107 0.162272155284882 0.161674216389656
0.16169610619545 0.162103831768036 0.162511542439461 0.162919268012047 0.163326978683472 0.163734704256058 0.164142414927483 0.164550125598907 0.165354505181313 0.166291087865829 0.167227685451508 0.168164268136024 0.169100865721703 0.170037448406219 0.170974031090736 0.171813875436783 0.172363474965096 0.172913074493408 0.173462674021721 0.174012273550034 0.174561873078346 0.175111472606659 0.17566105723381 0.175208687782288 0.174422308802605 0.173635929822922 0.1728495657444 0.172063186764717 0.171276807785034 0.170490443706512 0.16972978413105 0.169046297669411 0.168362811207771 0.167679324746132 0.166995823383331 0.166312336921692 0.165628850460052 0.164945349097252 0.164268225431442 0.163593217730522 0.162918195128441 0.162243187427521 0.161568179726601 0.160893172025681
0.161946475505829 0.162326365709305 0.162706255912781 0.163086146116257 0.163466051220894 0.16384594142437 0.164225831627846 0.164605721831322 0.165210828185081 0.165891006588936 0.16657118499279 0.167251363396645 0.167931541800499 0.168611720204353 0.169291898608208 0.169954255223274 0.170563116669655 0.171171993017197 0.171780869364738 0.172389730811119 0.172998607158661 0.173607483506203 0.174216344952583 0.173942759633064 0.173375010490417 0.172807261347771 0.172239512205124 0.171671763062477 0.17110401391983 0.170536264777184 0.169923260807991 0.169174492359161 0.168425723910332 0.167676940560341 0.166928172111511 0.166179403662682 0.165430620312691 0.164681851863861 0.163986757397652 0.163309544324875 0.162632331252098 0.161955133080482 0.161277920007706 0.16060072183609
0.162187874317169 0.162590861320496 0.162993863224983 0.16339685022831 0.163799852132797 0.164202839136124 0.164605841040611 0.165008828043938 0.165609553456306 0.166276201605797 0.166942834854126 0.167609468102455 0.168276101350784 0.168942749500275 0.169609382748604 0.170238763093948 0.170756369829178 0.171273976564407 0.171791583299637 0.172309190034866 0.172826796770096 0.173344403505325 0.173862010240555 0.173542261123657 0.172943398356438 0.172344535589218 0.171745672821999 0.171146810054779 0.17054794728756 0.16994908452034 0.169325709342957 0.168628767132759 0.167931839823723 0.167234897613525 0.166537970304489 0.165841028094292 0.165144085884094 0.164447158575058 0.163819521665573 0.1632149964571 0.162610456347466 0.162005931138992 0.161401391029358 0.160796850919724
0.16242927312851 0.162855356931686 0.163281455636024 0.163707554340363 0.164133653044701 0.164559736847878 0.164985835552216 0.165411934256554 0.166008278727531 0.166661381721497 0.167314484715462 0.167967572808266 0.168620675802231 0.169273778796196 0.169926866889 0.170523270964622 0.170949622988701 0.171375960111618 0.171802297234535 0.172228634357452 0.17265497148037 0.173081323504448 0.173507660627365 0.17314176261425 0.172511786222458 0.171881809830666 0.171251833438873 0.170621857047081 0.169991880655289 0.169361904263496 0.168728157877922 0.168083056807518 0.167437955737114 0.16679285466671 0.166147753596306 0.165502652525902 0.164857566356659 0.164212465286255 0.163652285933495 0.163120433688164 0.162588581442833 0.162056714296341 0.16152486205101 0.160992994904518
0.162670657038689 0.163119867444038 0.163569062948227 0.164018258452415 0.164467453956604 0.164916649460793 0.165365844964981 0.16581504046917 0.166407003998756 0.167046561837196 0.167686119675636 0.168325677514076 0.168965235352516 0.169604793190956 0.170244351029396 0.170807793736458 0.171142861247063 0.171477943658829 0.171813011169434 0.1721480935812 0.172483161091805 0.172818228602409 0.173153311014175 0.172741264104843 0.172080174088478 0.171419084072113 0.170757994055748 0.170096904039383 0.169435814023018 0.168774724006653 0.168130591511726 0.167537331581116 0.166944071650505 0.166350811719894 0.165757551789284 0.165164291858673 0.164571031928062 0.163977771997452 0.163485065102577 0.163025870919228 0.162566691637039 0.162107512354851 0.161648333072662 0.161189138889313
0.162912055850029 0.163384363055229 0.163856655359268 0.164328947663307 0.164801254868507 0.165273547172546 0.165745854377747 0.166218146681786 0.166805729269981 0.167431756854057 0.168057769536972 0.168683782219887 0.169309809803963 0.169935822486877 0.170561835169792 0.171092301607132 0.171336114406586 0.171579927206039 0.171823725104332 0.172067537903786 0.172311350703239 0.172555148601532 0.172798961400986 0.172340765595436 0.171648561954498 0.17095635831356 0.170264154672623 0.169571951031685 0.168879747390747 0.168187543749809 0.167533040046692 0.166991621255875 0.166450187563896 0.165908768773079 0.1653673350811 0.164825916290283 0.164284497499466 0.163743063807487 0.163317829370499 0.162931323051453 0.162544816732407 0.162158310413361 0.161771789193153 0.161385282874107
0.163153454661369 0.16364885866642 0.164144262671471 0.16463965177536 0.165135055780411 0.165630459785461 0.166125848889351 0.166621252894402 0.167204454541206 0.167816936969757 0.168429419398308 0.169041886925697 0.169654369354248 0.170266851782799 0.17087933421135 0.171376824378967 0.171529367566109 0.17168191075325 0.171834453940392 0.171986997127533 0.172139525413513 0.172292068600655 0.172444611787796 0.171940267086029 0.171216949820518 0.170493632555008 0.169770315289497 0.169046998023987 0.168323680758476 0.167600363492966 0.166935488581657 0.166445896029472 0.165956303477287 0.165466725826263 0.164977133274078 0.164487540721893 0.163997963070869 0.163508370518684 0.16315059363842 0.162836760282516 0.162522926926613 0.162209093570709 0.161895260214806 0.161581426858902
0.163297429680824 0.163809701800346 0.164321973919868 0.164834246039391 0.165346518158913 0.165858790278435 0.166371062397957 0.166883334517479 0.167477205395699 0.168098285794258 0.168719351291656 0.169340431690216 0.169961497187614 0.170582562685013 0.171203643083572 0.171699479222298 0.171819612383842 0.171939745545387 0.172059893608093 0.172180026769638 0.172300159931183 0.172420293092728 0.172540426254272 0.172006696462631 0.171255007386208 0.170503318309784 0.16975162923336 0.168999925255775 0.168248236179352 0.167496547102928 0.166825369000435 0.16639569401741 0.165966033935547 0.165536373853683 0.165106698870659 0.164677038788795 0.164247378706932 0.163817703723907 0.163506522774696 0.163234829902649 0.162963137030602 0.162691429257393 0.162419736385345 0.162148043513298
0.163343966007233 0.163866892457008 0.164389818906784 0.164912730455399 0.165435656905174 0.165958568453789 0.166481494903564 0.16700442135334 0.167623996734619 0.168275788426399 0.16892759501934 0.169579386711121 0.170231178402901 0.170882984995842 0.171534776687622 0.172060281038284 0.172206863760948 0.172353461384773 0.172500044107437 0.172646641731262 0.172793224453926 0.172939822077751 0.173086404800415 0.172540068626404 0.171762734651566 0.170985400676727 0.17020808160305 0.169430747628212 0.168653428554535 0.167876094579697 0.167202681303024 0.16684103012085 0.166479364037514 0.166117712855339 0.165756061673164 0.165394395589828 0.165032744407654 0.164671078324318 0.164385601878166 0.164125502109528 0.16386541724205 0.163605317473412 0.163345232605934 0.163085147738457
0.163390517234802 0.16392408311367 0.164457648992538 0.164991214871407 0.165524780750275 0.166058361530304 0.166591927409172 0.16712549328804 0.167770773172379 0.168453305959702 0.169135823845863 0.169818341732025 0.170500874519348 0.17118339240551 0.171865925192833 0.17242106795311 0.172594115138054 0.172767162322998 0.172940209507942 0.173113256692886 0.17328630387783 0.173459351062775 0.173632383346558 0.173073425889015 0.172270461916924 0.171467497944832 0.17066453397274 0.169861570000648 0.169058606028557 0.168255642056465 0.167580008506775 0.167286351323128 0.166992709040642 0.166699051856995 0.166405409574509 0.166111752390862 0.165818095207214 0.165524452924728 0.165264666080475 0.165016189217567 0.164767697453499 0.16451920568943 0.164270728826523 0.164022237062454
0.163437053561211 0.163981273770332 0.164525493979454 0.165069699287415 0.165613919496536 0.166158139705658 0.166702345013618 0.16724656522274 0.167917549610138 0.168630808591843 0.169344052672386 0.170057311654091 0.170770555734634 0.171483799815178 0.172197058796883 0.172781869769096 0.17298136651516 0.173180863261223 0.173380374908447 0.17357987165451 0.173779368400574 0.173978865146637 0.1741783618927 0.173606798052788 0.172778189182281 0.171949595212936 0.17112098634243 0.170292392373085 0.16946379840374 0.168635189533234 0.167957335710526 0.167731687426567 0.167506039142609 0.16728039085865 0.167054757475853 0.166829109191895 0.166603460907936 0.166377827525139 0.166143745183945 0.165906861424446 0.165669977664948 0.165433093905449 0.16519621014595 0.164959326386452
0.16348360478878 0.164038464426994 0.164593324065208 0.165148183703423 0.165703058242798 0.166257917881012 0.166812777519226 0.16736763715744 0.168064340949059 0.168808311223984 0.16955229640007 0.170296266674995 0.171040236949921 0.171784222126007 0.172528192400932 0.173142671585083 0.173368617892265 0.173594579100609 0.173820525407791 0.174046486616135 0.174272432923317 0.17449839413166 0.174724340438843 0.174140155315399 0.173285916447639 0.17243167757988 0.171577453613281 0.170723214745522 0.169868975877762 0.169014737010002 0.168334648013115 0.168177008628845 0.168019384145737 0.167861744761467 0.167704105377197 0.167546465992928 0.167388826608658 0.167231187224388 0.167022824287415 0.166797548532486 0.166572257876396 0.166346982121468 0.166121706366539 0.16589643061161
0.163530141115189 0.164095655083656 0.164661169052124 0.165226668119431 0.165792182087898 0.166357696056366 0.166923210024834 0.16748870909214 0.168211117386818 0.168985828757286 0.169760525226593 0.1705352216959 0.171309933066368 0.172084629535675 0.172859340906143 0.173503458499908 0.173755869269371 0.174008280038834 0.174260690808296 0.174513101577759 0.174765512347221 0.175017923116684 0.175270318984985 0.174673527479172 0.173793643712997 0.172913774847984 0.172033905982971 0.171154037117958 0.170274153351784 0.169394284486771 0.168711975216866 0.168622344732285 0.168532714247704 0.168443083763123 0.168353453278542 0.168263822793961 0.16817419230938 0.168084561824799 0.167901903390884 0.167688220739365 0.167474552989006 0.167260870337486 0.167047202587128 0.166833519935608
0.163717299699783 0.164704769849777 0.165692239999771 0.166679725050926 0.16766719520092 0.168654665350914 0.169642135500908 0.170629605650902 0.171119511127472 0.171443551778793 0.171767592430115 0.172091618180275 0.172415658831596 0.172739699482918 0.173063740134239 0.173401638865471 0.173781126737595 0.17416062951088 0.174540117383003 0.174919620156288 0.175299108028412 0.175678595900536 0.17605809867382 0.175587967038155 0.174834623932838 0.174081280827522 0.173327952623367 0.172574609518051 0.171821266412735 0.17106793820858 0.170464143157005 0.170309036970139 0.170153930783272 0.169998809695244 0.169843703508377 0.169688582420349 0.169533476233482 0.169378370046616 0.169146835803986 0.168889850378036 0.168632850050926 0.168375864624977 0.168118879199028 0.167861878871918
0.164045065641403 0.165865808725357 0.167686566710472 0.169507324695587 0.171328067779541 0.173148825764656 0.174969583749771 0.176790326833725 0.176789507269859 0.176181495189667 0.175573468208313 0.17496545612812 0.174357444047928 0.173749417066574 0.173141404986382 0.172837197780609 0.173444405198097 0.174051612615585 0.174658820033073 0.175266027450562 0.17587323486805 0.176480442285538 0.177087649703026 0.176883488893509 0.176408842206001 0.175934210419655 0.175459578633308 0.174984946846962 0.174510315060616 0.174035668373108 0.173591181635857 0.173237100243568 0.17288301885128 0.172528922557831 0.172174841165543 0.171820759773254 0.171466678380966 0.171112596988678 0.170757651329041 0.17040242254734 0.17004719376564 0.16969196498394 0.16933673620224 0.16898150742054
0.164372816681862 0.167026862502098 0.169680893421173 0.172334924340248 0.174988955259323 0.177642986178398 0.180297017097473 0.182951048016548 0.182459503412247 0.18091943860054 0.179379358887672 0.177839294075966 0.176299214363098 0.174759149551392 0.173219069838524 0.172272756695747 0.173107668757439 0.173942595720291 0.174777522683144 0.175612449645996 0.176447376608849 0.17728228867054 0.178117215633392 0.178178995847702 0.177983075380325 0.177787140011787 0.17759120464325 0.177395284175873 0.177199348807335 0.177003413438797 0.176718205213547 0.176165148615837 0.175612092018127 0.175059050321579 0.174505993723869 0.17395293712616 0.17339988052845 0.172846838831902 0.172368466854095 0.171914994716644 0.171461537480354 0.171008065342903 0.170554593205452 0.170101121068001
0.164700582623482 0.168187901377678 0.171675205230713 0.175162523984909 0.178649827837944 0.18213714659214 0.185624465346336 0.189111769199371 0.188129499554634 0.185657382011414 0.183185249567032 0.18071311712265 0.17824099957943 0.175768867135048 0.173296734690666 0.171708300709724 0.172770947217941 0.173833578824997 0.174896225333214 0.175958856940269 0.177021503448486 0.178084135055542 0.179146781563759 0.179474517703056 0.179557293653488 0.17964006960392 0.179722845554352 0.179805606603622 0.179888382554054 0.179971158504486 0.179845228791237 0.179093211889267 0.178341180086136 0.177589163184166 0.176837131381035 0.176085114479065 0.175333097577095 0.174581065773964 0.17397928237915 0.173427566885948 0.172875866293907 0.172324165701866 0.171772450208664 0.171220749616623
