data/working_set_collections/6091692-Cassins_Sparrow-M2/2010/rzmc_avg.asc
NCOLS 265 
NROWS 230 
XLLCORNER -115.5625 
YLLCORNER 24.8333333333333 
CELLSIZE 0.0833333333333333 
NODATA_value -9999 
[rows 160 to 179 of 230, columns 44 to 87 of 265]
0.165097191929817 0.169519558548927 0.173941925168037 0.178364306688309 0.182786673307419 0.187209039926529 0.191631406545639 0.196053773164749 0.19463600218296 0.191271498799324 0.187907010316849 0.184542506933212 0.181178003549576 0.177813515067101 0.174449011683464 0.172264292836189 0.173618897795677 0.174973487854004 0.176328092813492 0.177682682871819 0.179037287831306 0.180391877889633 0.181746482849121 0.18221826851368 0.182395786046982 0.182573318481445 0.182750836014748 0.182928368449211 0.183105885982513 0.183283403515816 0.183051705360413 0.18159231543541 0.180132925510406 0.178673535585403 0.177214160561562 0.175754770636559 0.174295380711555 0.172835990786552 0.172165244817734 0.171757385134697 0.17134952545166 0.170941665768623 0.170533806085587 0.17012594640255
0.165463536977768 0.170706182718277 0.175948813557625 0.181191459298134 0.186434105038643 0.191676735877991 0.1969193816185 0.202162027359009 0.200238049030304 0.19592522084713 0.191612392663956 0.187299564480782 0.182986721396446 0.178673893213272 0.174361065030098 0.171524062752724 0.173114567995071 0.174705058336258 0.176295563578606 0.177886053919792 0.17947655916214 0.181067064404488 0.182657554745674 0.183394402265549 0.183846697211266 0.184298992156982 0.184751287102699 0.185203582048416 0.185655876994133 0.186108157038689 0.186025142669678 0.184336200356483 0.182647258043289 0.180958315730095 0.179269373416901 0.177580431103706 0.175891488790512 0.174202546477318 0.173418000340462 0.17293493449688 0.172451853752136 0.171968787908554 0.171485722064972 0.171002641320229
0.16609226167202 0.171811953186989 0.177531644701958 0.183251336216927 0.188971027731895 0.194690734148026 0.200410425662994 0.206130117177963 0.203836068511009 0.198870792984962 0.193905502557755 0.188940227031708 0.1839749366045 0.179009646177292 0.174044370651245 0.170747816562653 0.172457486391068 0.174167156219482 0.175876826047897 0.177586495876312 0.179296165704727 0.181005835533142 0.182715505361557 0.183652937412262 0.184332981705666 0.185013011097908 0.18569304049015 0.186373084783554 0.187053114175797 0.187733143568039 0.187796533107758 0.186009973287582 0.184223428368568 0.182436868548393 0.180650308728218 0.178863763809204 0.177077203989029 0.175290644168854 0.174455657601357 0.173937872052193 0.173420071601868 0.172902286052704 0.172384485602379 0.171866700053215
0.166983351111412 0.172836884856224 0.178690418601036 0.184543937444687 0.190397471189499 0.196251004934311 0.202104523777962 0.207958057522774 0.205430045723915 0.200108200311661 0.194786339998245 0.189464494585991 0.184142634272575 0.17882077395916 0.173498928546906 0.169935554265976 0.171647667884827 0.173359766602516 0.175071880221367 0.176783978939056 0.178496092557907 0.180208191275597 0.181920304894447 0.18299388885498 0.183854624629021 0.184715375304222 0.185576125979424 0.186436876654625 0.187297612428665 0.188158363103867 0.188365861773491 0.186613649129868 0.184861421585083 0.183109194040298 0.181356981396675 0.179604753851891 0.177852526307106 0.176100313663483 0.175278231501579 0.174766197800636 0.174254179000854 0.173742145299911 0.17323012650013 0.172718092799187
0.167874440550804 0.173861816525459 0.179849177598953 0.185836538672447 0.191823914647102 0.197811275720596 0.20379863679409 0.209785997867584 0.207024022936821 0.201345607638359 0.195667177438736 0.189988762140274 0.184310331940651 0.178631901741028 0.172953486442566 0.16912330687046 0.170837849378586 0.172552391886711 0.174266934394836 0.175981476902962 0.177696019411087 0.179410561919212 0.181125104427338 0.182334825396538 0.183376282453537 0.184417739510536 0.185459196567535 0.186500668525696 0.187542125582695 0.188583582639694 0.188935205340385 0.187217310070992 0.185499414801598 0.183781534433365 0.182063639163971 0.180345743894577 0.178627863526344 0.17690996825695 0.176100805401802 0.175594538450241 0.17508827149868 0.17458201944828 0.174075752496719 0.173569485545158
0.168765544891357 0.174886733293533 0.18100793659687 0.187129139900208 0.193250343203545 0.199371546506882 0.205492749810219 0.211613953113556 0.208618000149727 0.202583014965057 0.196548014879227 0.190513029694557 0.184478029608727 0.178443029522896 0.172408044338226 0.168311044573784 0.170028015971184 0.171745002269745 0.173461988568306 0.175178959965706 0.176895946264267 0.178612917661667 0.180329903960228 0.181675776839256 0.182897940278053 0.184120118618011 0.185342282056808 0.186564445495605 0.187786623835564 0.189008787274361 0.189504534006119 0.187820971012115 0.186137422919273 0.18445385992527 0.182770296931267 0.181086748838425 0.179403185844421 0.177719637751579 0.176923364400864 0.176422879099846 0.175922378897667 0.175421878695488 0.17492139339447 0.174420893192291
0.16965663433075 0.175911664962769 0.182166710495949 0.188421741127968 0.194676786661148 0.200931817293167 0.207186847925186 0.213441893458366 0.210211977362633 0.203820422291756 0.197428852319717 0.19103729724884 0.184645727276802 0.178254157304764 0.171862602233887 0.167498782277107 0.169218197464943 0.170937612652779 0.172657027840614 0.174376457929611 0.176095873117447 0.177815288305283 0.179534703493118 0.181016713380814 0.18241959810257 0.183822482824326 0.185225367546082 0.186628237366676 0.188031122088432 0.189434006810188 0.190073862671852 0.188424631953239 0.186775416135788 0.185126185417175 0.183476969599724 0.181827738881111 0.18017852306366 0.178529292345047 0.177745938301086 0.17725120484829 0.176756486296654 0.176261752843857 0.17576701939106 0.175272285938263
0.170547723770142 0.176936596632004 0.183325469493866 0.189714342355728 0.19610321521759 0.202492088079453 0.208880960941315 0.215269833803177 0.211805954575539 0.205057829618454 0.198309689760208 0.191561564803123 0.184813424944878 0.178065285086632 0.171317160129547 0.166686519980431 0.168408378958702 0.170130237936974 0.171852082014084 0.173573940992355 0.175295799970627 0.177017644047737 0.178739503026009 0.180357664823532 0.181941255927086 0.18352484703064 0.185108438134193 0.186692029237747 0.188275620341301 0.189859226346016 0.190643191337585 0.189028307795525 0.187413409352303 0.185798525810242 0.18418362736702 0.182568743824959 0.180953845381737 0.179338961839676 0.178568512201309 0.178079545497894 0.177590578794479 0.177101612091064 0.17661264538765 0.176123693585396
0.171024009585381 0.177079498767853 0.183134987950325 0.189190477132797 0.195245966315269 0.201301455497742 0.207356944680214 0.213412433862686 0.210440084338188 0.204458445310593 0.198476821184158 0.192495182156563 0.186513543128967 0.180531919002533 0.174550279974937 0.17042164504528 0.171851977705956 0.173282295465469 0.174712628126144 0.176142960786819 0.177573278546333 0.179003611207008 0.180433943867683 0.18167719244957 0.182858094573021 0.184038996696472 0.185219898819923 0.186400815844536 0.187581717967987 0.188762620091438 0.189275711774826 0.187785387039185 0.186295062303543 0.18480472266674 0.183314397931099 0.181824073195457 0.180333748459816 0.178843408823013 0.178229451179504 0.177907600998878 0.177585750818253 0.177263915538788 0.176942065358162 0.176620215177536
0.171085506677628 0.176340386271477 0.181595265865326 0.186850145459175 0.192105025053024 0.197359904646873 0.202614784240723 0.207869663834572 0.20611435174942 0.202022284269333 0.197930231690407 0.19383816421032 0.189746096730232 0.185654044151306 0.181561976671219 0.178704142570496 0.179548978805542 0.180393815040588 0.181238651275635 0.182083487510681 0.182928323745728 0.183773159980774 0.18461799621582 0.184975326061249 0.185170128941536 0.185364946722984 0.185559764504433 0.18575456738472 0.185949385166168 0.186144188046455 0.185971423983574 0.184695884585381 0.183420345187187 0.182144805788994 0.180869281291962 0.179593741893768 0.178318202495575 0.177042663097382 0.176728755235672 0.176735386252403 0.176742002367973 0.176748633384705 0.176755264401436 0.176761895418167
0.171146988868713 0.17560125887394 0.180055528879166 0.184509813785553 0.188964083790779 0.193418368697166 0.197872638702393 0.202326908707619 0.201788619160652 0.199586123228073 0.197383642196655 0.195181146264076 0.192978650331497 0.190776169300079 0.1885736733675 0.186986654996872 0.18724599480629 0.187505334615707 0.187764689326286 0.188024029135704 0.188283368945122 0.188542723655701 0.188802063465118 0.188273444771767 0.187482163310051 0.186690881848335 0.185899615287781 0.185108333826065 0.184317052364349 0.183525770902634 0.182667136192322 0.181606382131577 0.180545642971992 0.179484903812408 0.178424149751663 0.177363410592079 0.176302656531334 0.17524191737175 0.17522805929184 0.175563156604767 0.175898253917694 0.176233366131783 0.17656846344471 0.176903560757637
0.171208471059799 0.174862146377563 0.178515806794167 0.182169482111931 0.185823142528534 0.189476817846298 0.193130478262901 0.196784153580666 0.197462886571884 0.197149962186813 0.196837052702904 0.196524128317833 0.196211203932762 0.195898294448853 0.195585370063782 0.195269152522087 0.194942995905876 0.194616854190826 0.194290712475777 0.193964570760727 0.193638414144516 0.193312272429466 0.192986130714417 0.191571563482285 0.189794197678566 0.188016831874847 0.186239466071129 0.184462085366249 0.182684719562531 0.180907353758812 0.179362833499908 0.178516879677773 0.177670940756798 0.176824986934662 0.175979033112526 0.17513307929039 0.174287125468254 0.173441171646118 0.173727363348007 0.174390941858292 0.175054505467415 0.175718083977699 0.176381662487984 0.177045226097107
0.171269953250885 0.174123018980026 0.176976084709167 0.179829150438309 0.182682201266289 0.18553526699543 0.188388332724571 0.191241398453712 0.193137153983116 0.194713801145554 0.196290463209152 0.19786711037159 0.199443757534027 0.201020419597626 0.202597066760063 0.203551650047302 0.202640011906624 0.201728373765945 0.200816735625267 0.199905097484589 0.19899345934391 0.198081821203232 0.197170183062553 0.194869682192802 0.192106232047081 0.189342767000198 0.186579316854477 0.183815851807594 0.181052386760712 0.17828893661499 0.176058545708656 0.17542739212513 0.174796223640442 0.174165070056915 0.173533901572227 0.172902747988701 0.172271579504013 0.171640425920486 0.172226667404175 0.173218712210655 0.174210757017136 0.175202801823616 0.176194846630096 0.177186906337738
0.171331435441971 0.173383891582489 0.175436347723007 0.177488803863525 0.179541274905205 0.181593731045723 0.183646187186241 0.185698643326759 0.188811421394348 0.192277640104294 0.195743873715401 0.199210092425346 0.202676311135292 0.206142544746399 0.209608763456345 0.211834147572517 0.210337027907372 0.208839893341064 0.207342773675919 0.205845639109612 0.204348504543304 0.202851384878159 0.201354250311852 0.198167815804482 0.194418266415596 0.19066871702671 0.186919167637825 0.183169603347778 0.179420053958893 0.175670504570007 0.172754257917404 0.172337889671326 0.171921521425247 0.171505153179169 0.17108878493309 0.170672416687012 0.170256048440933 0.169839680194855 0.170725971460342 0.17204649746418 0.173367008566856 0.174687534570694 0.17600804567337 0.177328571677208
0.173989072442055 0.175110936164856 0.176232784986496 0.177354648709297 0.178476497530937 0.179598361253738 0.180720210075378 0.18184207379818 0.185135930776596 0.189153790473938 0.19317165017128 0.197189509868622 0.201207369565964 0.205225229263306 0.209243088960648 0.211849346756935 0.210220783948898 0.208592221140862 0.206963658332825 0.205335110425949 0.203706547617912 0.202077984809875 0.200449422001839 0.1971165984869 0.193215683102608 0.189314767718315 0.185413852334023 0.18151293694973 0.177612006664276 0.173711091279984 0.170728981494904 0.170503303408623 0.170277610421181 0.170051917433739 0.169826239347458 0.169600546360016 0.169374868273735 0.169149175286293 0.170185536146164 0.171642571687698 0.173099607229233 0.174556642770767 0.176013678312302 0.177470713853836
0.179242864251137 0.179304122924805 0.179365396499634 0.179426655173302 0.17948791384697 0.179549172520638 0.179610431194305 0.179671689867973 0.18211068212986 0.185342237353325 0.188573807477951 0.191805362701416 0.195036917924881 0.198268488049507 0.201500043272972 0.203597232699394 0.202291294932365 0.200985372066498 0.199679434299469 0.19837349653244 0.197067573666573 0.195761635899544 0.194455713033676 0.191716060042381 0.188498497009277 0.185280933976173 0.182063370943069 0.178845807909966 0.175628244876862 0.172410681843758 0.169982731342316 0.16992361843586 0.169864505529404 0.169805392622948 0.16974626481533 0.169687151908875 0.169628039002419 0.169568926095963 0.170605331659317 0.17200693488121 0.173408538103104 0.174810126423836 0.176211729645729 0.177613317966461
0.184496656060219 0.183497324585915 0.18249799311161 0.181498661637306 0.180499315261841 0.179499983787537 0.178500652313232 0.177501320838928 0.179085433483124 0.181530684232712 0.183975949883461 0.18642121553421 0.188866466283798 0.191311731934547 0.193756997585297 0.195345118641853 0.194361805915833 0.193378508090973 0.192395210266113 0.191411897540092 0.190428599715233 0.189445286989212 0.188461989164352 0.186315506696701 0.183781310915947 0.181247100234032 0.178712889552116 0.176178693771362 0.173644483089447 0.171110272407532 0.169236496090889 0.169343948364258 0.169451400637627 0.169558852910995 0.169666305184364 0.169773757457733 0.169881209731102 0.169988662004471 0.171025142073631 0.172371298074722 0.173717468976974 0.175063624978065 0.176409780979156 0.177755936980247
0.189750447869301 0.187690511345863 0.185630589723587 0.18357065320015 0.181510731577873 0.179450795054436 0.177390873432159 0.175330936908722 0.176060184836388 0.17771914601326 0.179378107190132 0.181037068367004 0.182696029543877 0.184354990720749 0.186013951897621 0.187093004584312 0.186432331800461 0.185771644115448 0.185110971331596 0.184450298547745 0.183789625763893 0.183128952980042 0.182468265295029 0.180914968252182 0.179064109921455 0.17721326649189 0.175362423062325 0.173511564731598 0.171660721302032 0.169809877872467 0.168490245938301 0.168764263391495 0.169038280844688 0.169312313199043 0.169586330652237 0.169860363006592 0.170134380459785 0.17040841281414 0.171444952487946 0.172735676169395 0.174026399850845 0.175317108631134 0.176607832312584 0.177898555994034
0.195004239678383 0.191883713006973 0.188763186335564 0.185642659664154 0.182522132992744 0.179401606321335 0.176281094551086 0.173160567879677 0.173034936189651 0.173907592892647 0.174780249595642 0.175652921199799 0.176525577902794 0.177398234605789 0.178270906209946 0.178840890526772 0.178502842783928 0.178164795041084 0.177826747298241 0.177488699555397 0.177150651812553 0.17681260406971 0.176474556326866 0.175514414906502 0.174346923828125 0.173179432749748 0.172011941671371 0.170844450592995 0.169676959514618 0.168509468436241 0.167743995785713 0.168184578418732 0.168625175952911 0.169065773487091 0.169506371021271 0.16994696855545 0.170387551188469 0.170828148722649 0.17186476290226 0.173100039362907 0.174335315823555 0.175570607185364 0.176805883646011 0.178041160106659
0.200258031487465 0.196076899766922 0.19189578294754 0.187714666128159 0.183533549308777 0.179352432489395 0.175171300768852 0.170990183949471 0.170009672641754 0.170096039772034 0.170182406902313 0.170268774032593 0.170355126261711 0.170441493391991 0.17052786052227 0.170588776469231 0.170573353767395 0.170557931065559 0.170542508363724 0.170527100563049 0.170511677861214 0.170496255159378 0.170480832457542 0.170113876461983 0.169629737734795 0.169145599007607 0.168661460280418 0.16817732155323 0.167693197727203 0.167209059000015 0.166997745633125 0.16760490834713 0.168212071061134 0.168819233775139 0.169426396489143 0.170033574104309 0.170640736818314 0.171247899532318 0.172284573316574 0.173464417457581 0.174644246697426 0.175824090838432 0.177003934979439 0.178183779120445
