data/working_set_collections/6091692-Cassins_Sparrow-M2/2010/rzmc_avg.asc
NCOLS 265 
NROWS 230 
XLLCORNER -115.5625 
YLLCORNER 24.8333333333333 
CELLSIZE 0.0833333333333333 
NODATA_value -9999 
[rows 120 to 139 of 230, columns 176 to 219 of 265]
0.160903051495552 0.160959005355835 0.161014959216118 0.161074534058571 0.161144956946373 0.161215364933014 0.161285787820816 0.161356210708618 0.161426618695259 0.161497041583061 0.161567464470863 0.161853209137917 0.162210732698441 0.162568256258965 0.162925779819489 0.163283303380013 0.163640826940536 0.163998335599899 0.164451763033867 0.165192887187004 0.165934011340141 0.166675135493279 0.167416259646416 0.168157383799553 0.16889850795269 0.169639632105827 0.170225560665131 0.170759737491608 0.171293929219246 0.171828106045723 0.172362297773361 0.172896474599838 0.173430666327477 0.175514087080956 0.182245224714279 0.188976377248764 0.195707514882088 0.202438667416573 0.209169805049896 0.215900957584381 0.222632110118866 0.22507418692112 0.22608657181263 0.227098971605301
0.160922303795815 0.160975128412247 0.161027938127518 0.161088570952415 0.161172658205032 0.161256745457649 0.161340832710266 0.161424919962883 0.1615090072155 0.161593094468117 0.161677181720734 0.161971718072891 0.162336423993111 0.16270112991333 0.16306583583355 0.163430541753769 0.163795247673988 0.164159938693047 0.164622858166695 0.165380418300629 0.166137963533401 0.166895508766174 0.167653068900108 0.168410614132881 0.169168174266815 0.169925719499588 0.170503348112106 0.171020999550819 0.171538650989532 0.172056287527084 0.172573938965797 0.17309159040451 0.173609241843224 0.175948590040207 0.183753028512001 0.191557452082634 0.199361890554428 0.207166329026222 0.214970767498016 0.22277520596981 0.230579644441605 0.233163967728615 0.234008252620697 0.23485255241394
0.160941556096077 0.160991236567497 0.161040917038918 0.161102622747421 0.161200374364853 0.161298125982285 0.161395877599716 0.161493629217148 0.161591380834579 0.161689132452011 0.161786884069443 0.162090241909027 0.162462130188942 0.162834003567696 0.16320589184761 0.163577780127525 0.16394966840744 0.164321541786194 0.164793953299522 0.165567934513092 0.166341915726662 0.167115896940231 0.16788986325264 0.168663844466209 0.169437825679779 0.170211806893349 0.170781135559082 0.17128224670887 0.171783357858658 0.172284483909607 0.172785595059395 0.173286706209183 0.173787817358971 0.176383092999458 0.185260817408562 0.194138541817665 0.203016266226768 0.211893990635872 0.220771715044975 0.229649439454079 0.238527178764343 0.24125374853611 0.241929948329926 0.24260613322258
0.160960793495178 0.161007344722748 0.161053895950317 0.161116659641266 0.161228075623512 0.16133950650692 0.161450922489166 0.161562338471413 0.16167376935482 0.161785185337067 0.161896601319313 0.162208765745163 0.162587821483612 0.162966892123222 0.163345947861671 0.163725018501282 0.164104089140892 0.164483144879341 0.16496504843235 0.165755450725555 0.166545867919922 0.167336270213127 0.168126672506332 0.168917074799538 0.169707491993904 0.170497894287109 0.171058923006058 0.171543508768082 0.172028079628944 0.172512665390968 0.172997236251831 0.173481822013855 0.173966392874718 0.176817581057549 0.186768606305122 0.196719616651535 0.206670641899109 0.216621652245522 0.226572677493095 0.236523687839508 0.246474713087082 0.249343529343605 0.249851629137993 0.250359714031219
0.160980045795441 0.161023452877998 0.161066859960556 0.16113069653511 0.161255791783333 0.161380872130394 0.161505967378616 0.161631047725677 0.1617561429739 0.161881238222122 0.162006318569183 0.162327274680138 0.162713527679443 0.163099765777588 0.163486018776894 0.163872256875038 0.164258509874344 0.164644747972488 0.165136143565178 0.16594298183918 0.166749805212021 0.167556643486023 0.168363481760025 0.169170305132866 0.169977143406868 0.17078398168087 0.171336725354195 0.171804755926132 0.172272801399231 0.17274084687233 0.173208892345428 0.173676937818527 0.174144983291626 0.1772520840168 0.188276395201683 0.199300706386566 0.210325002670288 0.221349313855171 0.232373625040054 0.243397936224937 0.254422247409821 0.257433325052261 0.25777330994606 0.258113324642181
0.160999283194542 0.161039561033249 0.161079838871956 0.161144733428955 0.161283493041992 0.161422252655029 0.161561012268066 0.161699771881104 0.161838516592979 0.161977276206017 0.162116035819054 0.162445798516273 0.162839218974113 0.163232639431953 0.163626074790955 0.164019495248795 0.164412930607796 0.164806351065636 0.165307238698006 0.166130498051643 0.166953757405281 0.167777016758919 0.168600276112556 0.169423535466194 0.170246809720993 0.171070069074631 0.17161451280117 0.172066017985344 0.172517523169518 0.172969028353691 0.173420548439026 0.173872053623199 0.174323558807373 0.177686586976051 0.189784184098244 0.201881781220436 0.213979378342628 0.226076975464821 0.238174572587013 0.250272184610367 0.262369781732559 0.265523105859756 0.265695005655289 0.265866905450821
0.161064878106117 0.161123007535934 0.161181151866913 0.161264032125473 0.161421209573746 0.161578387022018 0.161735564470291 0.161892727017403 0.162049904465675 0.162207081913948 0.162364259362221 0.162703737616539 0.163103997707367 0.163504242897034 0.163904502987862 0.16430476307869 0.164705008268356 0.165105268359184 0.165616318583488 0.166459769010544 0.167303219437599 0.168146669864655 0.16899012029171 0.169833555817604 0.170677006244659 0.171520456671715 0.172080025076866 0.172544971108437 0.173009917140007 0.173474863171577 0.173939794301987 0.174404740333557 0.174869686365128 0.178394868969917 0.191100776195526 0.203806683421135 0.216512605547905 0.229218512773514 0.241924419999123 0.254630327224731 0.267336249351501 0.270724266767502 0.271006315946579 0.271288365125656
0.161176815629005 0.161273792386055 0.161370769143105 0.161488592624664 0.161668941378593 0.161849275231361 0.162029609084129 0.162209957838058 0.162390291690826 0.162570640444756 0.162750974297523 0.163101106882095 0.163507848978043 0.163914576172829 0.164321303367615 0.164728030562401 0.165134772658348 0.165541499853134 0.166063398122787 0.166930794715881 0.167798191308975 0.168665587902069 0.169532984495163 0.170400366187096 0.17126776278019 0.172135159373283 0.172733277082443 0.173241630196571 0.173749968409538 0.174258321523666 0.174766674637794 0.175275012850761 0.17578336596489 0.179376944899559 0.192226186394691 0.205075427889824 0.217924669384956 0.230773910880089 0.243623152375221 0.256472378969193 0.269321620464325 0.273036807775497 0.273707270622253 0.274377733469009
0.161288753151894 0.161424577236176 0.161560401320457 0.161713153123856 0.16191665828228 0.162120163440704 0.162323668599129 0.162527173757553 0.162730678915977 0.162934198975563 0.163137704133987 0.163498476147652 0.163911685347557 0.164324894547462 0.164738103747368 0.165151312947273 0.165564522147179 0.165977731347084 0.166510477662086 0.167401820421219 0.168293163180351 0.169184505939484 0.170075848698616 0.170967176556587 0.17185851931572 0.172749862074852 0.173386514186859 0.173938274383545 0.174490034580231 0.175041779875755 0.175593540072441 0.176145300269127 0.176697045564651 0.18035900592804 0.193351581692696 0.206344157457352 0.219336733222008 0.232329294085503 0.245321869850159 0.258314460515976 0.271307021379471 0.275349318981171 0.276408225297928 0.277467131614685
0.161400675773621 0.161575362086296 0.16175003349781 0.161937698721886 0.162164375185966 0.162391051650047 0.162617728114128 0.162844404578209 0.16307108104229 0.163297742605209 0.16352441906929 0.163895860314369 0.164315536618233 0.164735227823257 0.165154904127121 0.165574595332146 0.165994271636009 0.166413962841034 0.166957542300224 0.167872831225395 0.168788120150566 0.169703409075737 0.170618698000908 0.171533986926079 0.17244927585125 0.173364564776421 0.174039766192436 0.174634918570518 0.175230085849762 0.175825253129005 0.176420405507088 0.177015572786331 0.177610725164413 0.181341081857681 0.1944769769907 0.207612887024879 0.220748797059059 0.233884692192078 0.247020602226257 0.260156512260437 0.273292422294617 0.277661859989166 0.279109179973602 0.280556499958038
0.161512613296509 0.161726132035255 0.161939665675163 0.162162259221077 0.162412106990814 0.16266193985939 0.162911787629128 0.163161620497704 0.163411468267441 0.163661301136017 0.163911148905754 0.164293229579926 0.164719387888908 0.165145546197891 0.165571704506874 0.165997877717018 0.166424036026001 0.166850194334984 0.167404621839523 0.168343856930733 0.169283092021942 0.170222327113152 0.171161562204361 0.17210079729557 0.17304003238678 0.173979267477989 0.174693003296852 0.175331577658653 0.175970137119293 0.176608711481094 0.177247285842896 0.177885845303535 0.178524419665337 0.182323142886162 0.195602387189865 0.208881616592407 0.222160860896111 0.235440090298653 0.248719334602356 0.261998564004898 0.27527779340744 0.279974400997162 0.281810134649277 0.283645868301392
0.161624550819397 0.161876916885376 0.162129282951355 0.162386819720268 0.162659823894501 0.162932828068733 0.163205832242966 0.163478851318359 0.163751855492592 0.164024859666824 0.164297863841057 0.164690598845482 0.165123239159584 0.165555879473686 0.165988504886627 0.166421145200729 0.166853785514832 0.167286425828934 0.167851701378822 0.16881488263607 0.169778063893318 0.170741245150566 0.171704426407814 0.172667607665062 0.17363078892231 0.174593985080719 0.175346255302429 0.176028221845627 0.176710203289986 0.177392169833183 0.178074151277542 0.17875611782074 0.179438099265099 0.183305218815804 0.196727782487869 0.210150346159935 0.223572924733162 0.236995488405228 0.250418066978455 0.263840615749359 0.277263194322586 0.282286942005157 0.284511089324951 0.286735236644745
0.161771267652512 0.162059009075165 0.162346765398979 0.162636399269104 0.162931725382805 0.163227051496506 0.163522377610207 0.163817718625069 0.16411304473877 0.16440837085247 0.164703696966171 0.165126234292984 0.165591180324554 0.166056126356125 0.166521072387695 0.166986018419266 0.167450964450836 0.167915910482407 0.168507441878319 0.169478744268417 0.170450031757355 0.171421334147453 0.172392636537552 0.173363924026489 0.174335226416588 0.175306513905525 0.176265433430672 0.177220210433006 0.178175002336502 0.179129779338837 0.180084571242332 0.181039348244667 0.181994140148163 0.186032235622406 0.199320301413536 0.212608367204666 0.225896418094635 0.239184483885765 0.252472549676895 0.265760600566864 0.279048651456833 0.284096002578735 0.286396414041519 0.288696855306625
0.161952778697014 0.162272423505783 0.162592083215714 0.162911012768745 0.163227811455727 0.163544625043869 0.16386142373085 0.164178222417831 0.164495021104813 0.164811819791794 0.165128633379936 0.165600135922432 0.166123226284981 0.16664631664753 0.167169392108917 0.167692482471466 0.168215572834015 0.168738648295403 0.169371858239174 0.170335441827774 0.171299010515213 0.172262594103813 0.173226162791252 0.174189746379852 0.175153315067291 0.176116898655891 0.17745053768158 0.178907543420792 0.180364534258842 0.181821539998055 0.183278545737267 0.184735536575317 0.186192542314529 0.190504223108292 0.203379929065704 0.216255649924278 0.229131355881691 0.242007076740265 0.254882782697678 0.26775848865509 0.280634194612503 0.285401552915573 0.287466138601303 0.289530694484711
0.162134289741516 0.162485837936401 0.162837401032448 0.163185626268387 0.16352391242981 0.163862183690071 0.164200454950333 0.164538741111755 0.164877012372017 0.165215283632278 0.165553569793701 0.166074052453041 0.166655272245407 0.167236492037773 0.1678177267313 0.168398946523666 0.168980166316032 0.169561386108398 0.170236274600029 0.17119212448597 0.172147989273071 0.173103839159012 0.174059703946114 0.175015553832054 0.175971418619156 0.176927268505096 0.178635641932487 0.180594861507416 0.182554081082344 0.184513300657272 0.186472505331039 0.188431724905968 0.190390944480896 0.194976195693016 0.207439571619034 0.21990293264389 0.232366293668747 0.244829654693604 0.25729301571846 0.269756376743317 0.282219767570496 0.286707133054733 0.288535863161087 0.290364563465118
0.162315800786018 0.16269925236702 0.163082718849182 0.163460254669189 0.163819998502731 0.164179742336273 0.164539501070976 0.164899244904518 0.165259003639221 0.165618747472763 0.165978491306305 0.166547954082489 0.167187318205833 0.167826682329178 0.168466046452522 0.169105410575867 0.169744774699211 0.170384138822556 0.171100690960884 0.172048822045326 0.172996953129768 0.173945099115372 0.174893230199814 0.175841376185417 0.176789507269859 0.177737638354301 0.179820746183395 0.18228217959404 0.184743613004684 0.187205046415329 0.189666479825974 0.192127913236618 0.194589346647263 0.199448183178902 0.211499199271202 0.223550215363503 0.235601231455803 0.247652247548103 0.259703278541565 0.271754294633865 0.283805310726166 0.288012713193893 0.289605557918549 0.291198432445526
0.162497311830521 0.162912666797638 0.163328036665916 0.163734868168831 0.164116084575653 0.164497315883636 0.164878532290459 0.165259763598442 0.165640980005264 0.166022211313248 0.16640342772007 0.167021870613098 0.16771936416626 0.168416872620583 0.169114366173744 0.169811874628067 0.170509368181229 0.171206876635551 0.171965107321739 0.172905519604683 0.173845931887627 0.17478634417057 0.175726771354675 0.176667183637619 0.177607595920563 0.178548023104668 0.181005865335464 0.183969512581825 0.186933159828186 0.189896807074547 0.192860454320908 0.195824101567268 0.198787748813629 0.203920155763626 0.21555882692337 0.227197498083115 0.238836169242859 0.250474840402603 0.262113511562347 0.273752182722092 0.285390853881836 0.289318263530731 0.290675282478333 0.292032271623611
0.162678807973862 0.163126081228256 0.163573354482651 0.164009481668472 0.164412170648575 0.164814874529839 0.165217578411102 0.165620267391205 0.166022971272469 0.166425675153732 0.166828364133835 0.167495772242546 0.168251410126686 0.169007048010826 0.169762685894966 0.170518323779106 0.171273976564407 0.172029614448547 0.172829508781433 0.17376221716404 0.174694910645485 0.17562760412693 0.176560297608376 0.177493005990982 0.178425699472427 0.179358392953873 0.182190969586372 0.185656830668449 0.189122691750526 0.192588567733765 0.196054428815842 0.199520289897919 0.202986165881157 0.208392143249512 0.2196184694767 0.230844780802727 0.242071107029915 0.253297418355942 0.26452374458313 0.275750070810318 0.286976397037506 0.290623843669891 0.291744977235794 0.292866140604019
0.165936529636383 0.16671858727932 0.167500644922256 0.168058007955551 0.167941316962242 0.167824611067772 0.167707920074463 0.167591214179993 0.167474523186684 0.167357817292213 0.167241126298904 0.167786076664925 0.168551594018936 0.169317096471786 0.170082613825798 0.17084813117981 0.17161363363266 0.172379150986671 0.173336043953896 0.174867063760757 0.176398098468781 0.177929118275642 0.179460138082504 0.180991172790527 0.182522192597389 0.184053212404251 0.187257513403893 0.19101956486702 0.194781616330147 0.198543667793274 0.202305719256401 0.206067770719528 0.209829822182655 0.215243309736252 0.22561115026474 0.235978975892067 0.246346816420555 0.256714642047882 0.26708248257637 0.277450323104858 0.287818163633347 0.291165977716446 0.292173773050308 0.293181568384171
0.172270461916924 0.173690184950829 0.175109922885895 0.175880461931229 0.174703493714333 0.173526525497437 0.17234955728054 0.171172589063644 0.169995620846748 0.168818652629852 0.167641684412956 0.167892783880234 0.168619900941849 0.169347018003464 0.170074135065079 0.170801267027855 0.17152838408947 0.172255501151085 0.173484683036804 0.176220089197159 0.178955495357513 0.181690886616707 0.184426292777061 0.187161684036255 0.18989709019661 0.192632496356964 0.196205496788025 0.200057700276375 0.203909903764725 0.207762107253075 0.211614310741425 0.215466514229774 0.219318717718124 0.224473685026169 0.233536884188652 0.242600098252296 0.25166329741478 0.260726511478424 0.269789725542068 0.27885290980339 0.287916123867035 0.290944635868073 0.29196161031723 0.292978584766388
