data/working_set_collections/6091692-Cassins_Sparrow-M2/2010/rzmc_avg.asc
NCOLS 265 
NROWS 230 
XLLCORNER -115.5625 
YLLCORNER 24.8333333333333 
CELLSIZE 0.0833333333333333 
NODATA_value -9999 
[rows 160 to 179 of 230, columns 0 to 43 of 265]
0.166755601763725 0.16810992360115 0.169464245438576 0.17081855237484 0.172172874212265 0.17352719604969 0.174881517887115 0.173066452145576 0.170194938778877 0.167323425412178 0.164451912045479 0.16158039867878 -9999 -9999 -9999 -9999 -9999 -9999 -9999 -9999 -9999 -9999 -9999 -9999 -9999 -9999 -9999 -9999 -9999 -9999 0.197318866848946 0.193029657006264 0.188740447163582 0.1844512373209 0.180162027478218 0.175872802734375 0.171583592891693 0.169859319925308 0.168990030884743 0.168120741844177 0.167251452803612 0.166382148861885 0.16551285982132 0.164643570780754
0.165962383151054 0.168129324913025 0.170296251773834 0.172463193535805 0.174630120396614 0.176797047257423 0.178963989019394 0.176933363080025 0.173503562808037 0.170073747634888 0.1666439473629 0.163214147090912 -9999 -9999 -9999 -9999 -9999 -9999 -9999 -9999 -9999 -9999 -9999 -9999 -9999 -9999 -9999 -9999 -9999 -9999 -9999 0.195024564862251 0.190516039729118 0.186007514595985 0.181498989462852 0.17699046432972 0.172481939196587 0.170634612441063 0.169674351811409 0.168714106082916 0.167753845453262 0.166793584823608 0.165833324193954 0.164873078465462
0.16493085026741 0.167264923453331 0.16959898173809 0.171933054924011 0.174267128109932 0.176601201295853 0.178935259580612 0.176992312073708 0.17362368106842 0.170255035161972 0.166886404156685 0.163517773151398 -9999 -9999 -9999 -9999 -9999 -9999 -9999 -9999 -9999 -9999 -9999 -9999 -9999 -9999 -9999 -9999 -9999 -9999 -9999 -9999 0.19179892539978 0.187547385692596 0.183295845985413 0.179044306278229 0.174792766571045 0.172823131084442 0.171614125370979 0.170405119657516 0.169196113944054 0.167987108230591 0.166778102517128 0.165569096803665
0.163660988211632 0.165516719222069 0.167372450232506 0.169228166341782 0.171083897352219 0.172939613461494 0.174795344471931 0.173243284225464 0.170555278658867 0.167867287993431 0.165179282426834 0.162491291761398 -9999 -9999 -9999 -9999 -9999 -9999 -9999 -9999 -9999 -9999 -9999 -9999 -9999 -9999 -9999 -9999 -9999 -9999 -9999 -9999 0.192589119076729 0.189070865511894 0.185552597045898 0.182034343481064 0.178516075015068 0.176424860954285 0.174809321761131 0.173193782567978 0.171578243374825 0.169962704181671 0.168347164988518 0.166731625795364
0.162391141057014 0.163768514990807 0.16514590382576 0.166523277759552 0.167900666594505 0.169278040528297 0.170655429363251 0.16949425637722 0.167486891150475 0.165479525923729 0.163472160696983 0.161464795470238 -9999 -9999 -9999 -9999 -9999 -9999 -9999 -9999 -9999 -9999 -9999 -9999 -9999 -9999 -9999 -9999 -9999 -9999 -9999 -9999 0.193379312753677 0.190594330430031 0.187809348106384 0.185024380683899 0.182239398360252 0.180026590824127 0.178004518151283 0.175982445478439 0.173960372805595 0.171938300132751 0.169916227459908 0.167894154787064
0.161121279001236 0.162020310759544 0.162919357419014 0.163818389177322 0.164717435836792 0.1656164675951 0.166515499353409 0.165745213627815 0.164418488740921 0.163091763854027 0.161765038967133 0.160438314080238 -9999 -9999 -9999 -9999 -9999 -9999 -9999 -9999 -9999 -9999 -9999 -9999 -9999 -9999 -9999 -9999 -9999 -9999 -9999 -9999 0.194169506430626 0.192117810249329 0.190066114068031 0.188014402985573 0.185962706804276 0.183628335595131 0.181199729442596 0.178771123290062 0.176342517137527 0.173913910984993 0.171485304832458 0.169056698679924
0.159851431846619 0.160272121429443 0.160692811012268 0.161113500595093 0.161534190177917 0.161954894661903 0.162375584244728 0.161996185779572 0.161350101232529 0.160704016685486 0.160057917237282 0.159411832690239 -9999 -9999 -9999 -9999 -9999 -9999 -9999 -9999 -9999 -9999 -9999 -9999 -9999 -9999 -9999 -9999 -9999 -9999 -9999 -9999 0.194959700107574 0.193641275167465 0.192322865128517 0.191004440188408 0.18968603014946 0.187230065464973 0.184394925832748 0.181559786200523 0.178724646568298 0.175889506936073 0.173054367303848 0.170219227671623
0.15858156979084 0.158523917198181 0.158466264605522 0.158408612012863 0.158350959420204 0.158293306827545 0.158235669136047 0.158247157931328 0.158281713724136 0.158316254615784 0.158350795507431 0.15838535130024 -9999 -9999 -9999 -9999 -9999 -9999 -9999 -9999 -9999 -9999 -9999 -9999 -9999 -9999 -9999 -9999 -9999 -9999 -9999 -9999 -9999 0.195164754986763 0.194579616189003 0.193994477391243 0.193409338593483 0.190831795334816 0.1875901222229 0.184348449110985 0.181106775999069 0.177865102887154 0.174623429775238 0.171381756663322
0.15704257786274 0.156777292490005 0.156512022018433 0.156246736645699 0.155981451272964 0.155716180801392 0.155450895428658 0.155679389834404 0.156072467565536 0.15646556019783 0.156858637928963 0.157251730561256 0.15764482319355 0.158037900924683 -9999 -9999 -9999 -9999 -9999 -9999 -9999 -9999 -9999 -9999 -9999 -9999 -9999 -9999 -9999 -9999 -9999 -9999 -9999 -9999 0.195445761084557 0.195593595504761 0.195741429924965 0.193151563405991 0.189649134874344 0.186146706342697 0.182644262909889 0.179141834378242 0.175639405846596 0.172136962413788
0.155234456062317 0.155032262206078 0.154830053448677 0.154627859592438 0.154425665736198 0.154223471879959 0.15402127802372 0.154292866587639 0.154722392559052 0.155151918530464 0.155581444501877 0.15601097047329 0.156440496444702 0.156870022416115 0.157049283385277 -9999 -9999 -9999 -9999 -9999 -9999 -9999 -9999 -9999 -9999 -9999 -9999 -9999 -9999 -9999 -9999 -9999 -9999 -9999 -9999 0.195801794528961 0.196682304143906 0.194189354777336 0.190571933984756 0.186954528093338 0.183337107300758 0.179719686508179 0.176102265715599 0.172484844923019
0.153426319360733 0.153287217020988 0.153148099780083 0.153008997440338 0.152869880199432 0.152730777859688 0.152591660618782 0.152906358242035 0.153372317552567 0.153838291764259 0.154304251074791 0.154770225286484 0.155236184597015 0.155702158808708 0.155947849154472 0.155532762408257 0.155117675662041 -9999 -9999 -9999 -9999 -9999 -9999 -9999 -9999 -9999 -9999 -9999 -9999 -9999 -9999 -9999 -9999 -9999 -9999 0.196009993553162 0.197623163461685 0.195227161049843 0.19149474799633 0.187762349843979 0.184029936790466 0.180297538638115 0.176565125584602 0.172832727432251
0.15161819756031 0.151542171835899 0.151466146111488 0.151390120387077 0.151314094662666 0.151238068938255 0.151162043213844 0.151519849896431 0.152022242546082 0.152524650096893 0.153027057647705 0.153529465198517 0.154031872749329 0.15453428030014 0.154846429824829 0.15458782017231 0.154329210519791 0.154070600867271 -9999 -9999 -9999 -9999 -9999 -9999 -9999 -9999 -9999 -9999 -9999 -9999 -9999 -9999 -9999 -9999 -9999 -9999 0.198564037680626 0.196264952421188 0.192417562007904 0.18857017159462 0.184722766280174 0.18087537586689 0.177027985453606 0.173180595040321
-9999 0.14979712665081 0.149784192442894 0.149771243333817 0.1497583091259 0.149745374917984 0.149732425808907 0.150133326649666 0.150672182440758 0.151211023330688 0.151749864220619 0.15228870511055 0.152827560901642 0.153366401791573 0.153745010495186 0.153642877936363 0.153540745377541 0.153438612818718 0.153336495161057 0.153234362602234 -9999 -9999 -9999 -9999 -9999 -9999 -9999 -9999 -9999 -9999 -9999 -9999 -9999 -9999 -9999 -9999 0.199504896998405 0.197302743792534 0.193340361118317 0.189377993345261 0.185415610671043 0.181453227996826 0.177490845322609 0.173528477549553
-9999 -9999 -9999 0.148152381181717 0.148202523589134 0.148252665996552 0.148302808403969 0.148746818304062 0.149322107434273 0.149897381663322 0.150472670793533 0.151047959923744 0.151623249053955 0.152198523283005 0.152643576264381 0.152697935700417 0.152752280235291 0.152806624770164 0.1528609842062 0.152915328741074 0.152969688177109 -9999 -9999 0.157652273774147 0.160289227962494 0.16292616724968 -9999 -9999 -9999 -9999 -9999 -9999 -9999 -9999 -9999 -9999 0.200445771217346 0.198340535163879 0.19426317512989 0.190185815095901 0.186108440160751 0.182031080126762 0.177953720092773 0.173876345157623
-9999 -9999 -9999 -9999 0.147355943918228 0.147438123822212 0.147520318627357 0.147964283823967 0.148528844118118 0.14909340441227 0.14965794980526 0.150222510099411 0.150787070393562 0.151351630687714 0.151816517114639 0.151982426643372 0.152148321270943 0.152314230799675 0.152480125427246 0.152646020054817 0.15281192958355 -9999 -9999 0.156796157360077 0.158954367041588 0.161112576723099 0.163270771503448 -9999 -9999 -9999 -9999 -9999 -9999 -9999 -9999 -9999 -9999 0.198631942272186 0.194939598441124 0.191247254610062 0.187554910778999 0.183862566947937 0.180170223116875 0.176477879285812
-9999 -9999 -9999 -9999 -9999 -9999 -9999 0.147785738110542 0.148292392492294 0.148799061775208 0.14930571615696 0.149812385439873 0.150319054722786 0.150825709104538 0.151263833045959 0.151496365666389 0.151728883385658 0.151961401104927 0.152193918824196 0.152426436543465 0.152658969163895 0.152891486883163 0.154290556907654 0.156078487634659 0.157866418361664 0.159654349088669 0.161442264914513 0.163230195641518 0.165018126368523 -9999 -9999 -9999 -9999 -9999 -9999 -9999 -9999 -9999 0.195369616150856 0.192562311887741 0.189754992723465 0.186947673559189 0.184140354394913 0.181333035230637
-9999 -9999 -9999 -9999 -9999 -9999 -9999 -9999 0.148055955767632 0.148504719138145 0.148953482508659 0.149402260780334 0.149851024150848 0.150299787521362 0.15071114897728 0.151010289788246 0.151309430599213 0.151608571410179 0.151907712221146 0.152206853032112 0.15250600874424 0.152805149555206 0.153943166136742 0.155360817909241 -9999 0.158196121454239 0.159613773226738 0.161031424999237 0.162449061870575 0.16470068693161 -9999 -9999 -9999 -9999 -9999 -9999 -9999 0.197721943259239 0.195799648761749 0.193877369165421 0.191955074667931 0.190032780170441 0.188110500574112 0.186188206076622
-9999 -9999 -9999 -9999 -9999 -9999 -9999 -9999 -9999 0.148210391402245 0.148601248860359 0.148992121219635 0.149382993578911 0.149773865938187 0.1501584649086 0.150524228811264 0.150889992713928 0.151255756616592 0.151621520519257 0.15198726952076 0.152353033423424 0.152718797326088 0.153595775365829 0.154643148183823 -9999 -9999 0.157785266637802 0.158832639455795 0.159880012273788 0.161911517381668 -9999 -9999 -9999 -9999 -9999 -9999 0.196798905730247 0.197266936302185 0.196229681372643 0.195192411541939 0.194155156612396 0.193117901682854 0.19208063185215 0.191043376922607
-9999 -9999 -9999 -9999 -9999 -9999 -9999 -9999 -9999 -9999 -9999 0.148581996560097 0.148914977908134 0.149247944355011 0.14960578083992 0.150038167834282 0.150470539927483 0.150902926921844 0.151335313916206 0.151767686009407 0.152200073003769 0.152632459998131 0.153248369693756 0.153925478458405 -9999 -9999 -9999 0.156633853912354 0.157310947775841 -9999 -9999 -9999 -9999 -9999 -9999 0.190408229827881 0.195622533559799 0.196811944246292 0.196659713983536 0.196507468819618 0.196355238556862 0.196203008294106 0.196050778031349 0.195898547768593
-9999 -9999 -9999 -9999 -9999 -9999 -9999 -9999 -9999 -9999 -9999 -9999 0.148446947336197 0.148722037672997 0.14905309677124 0.149552091956139 0.150051102042198 0.150550097227097 0.151049107313156 0.151548102498055 0.152047112584114 0.152546107769012 0.152900978922844 0.153207793831825 0.153514623641968 0.153821438550949 -9999 -9999 -9999 -9999 -9999 -9999 -9999 -9999 -9999 0.189001455903053 0.194446176290512 0.196356937289238 0.197089731693268 0.197822526097298 -9999 0.199288114905357 0.200020909309387 0.200753703713417
