data/working_set_collections/6091692-Cassins_Sparrow-M2/2010/rzmc_avg.asc
NCOLS 265 
NROWS 230 
XLLCORNER -115.5625 
YLLCORNER 24.8333333333333 
CELLSIZE 0.0833333333333333 
NODATA_value -9999 
[rows 40 to 59 of 230, columns 176 to 219 of 265]
0.152224496006966 0.151009723544121 0.149794951081276 0.149650394916534 0.152716442942619 0.155782505869865 0.158848568797112 0.161914616823196 0.164980679750443 0.168046742677689 0.171112790703773 0.172355309128761 0.172989964485168 0.173624619841576 0.174259275197983 0.17489393055439 0.175528585910797 0.176163241267204 0.176823616027832 0.177561089396477 0.178298577666283 0.179036051034927 0.179773524403572 0.180511012673378 0.181248486042023 0.181985974311829 0.182312294840813 0.182501554489136 0.18269082903862 0.182880103588104 0.183069363236427 0.183258637785912 0.183447897434235 0.183605074882507 0.183665931224823 0.183726787567139 0.183787643909454 0.18384850025177 0.183909356594086 0.183970212936401 0.184031069278717 0.186787486076355 0.190442427992821 0.194097369909286
0.157752230763435 0.156929671764374 0.156107112765312 0.156032517552376 0.158201783895493 0.160371050238609 0.162540316581726 0.164709582924843 0.166878864169121 0.169048130512238 0.171217396855354 0.172165855765343 0.172707378864288 0.173248901963234 0.17379042506218 0.174331948161125 0.174873486161232 0.175415009260178 0.176024317741394 0.176836952567101 0.177649602293968 0.178462252020836 0.179274901747704 0.180087551474571 0.180900186300278 0.181712836027145 0.182101666927338 0.18234920501709 0.182596743106842 0.182844296097755 0.183091834187508 0.183339387178421 0.183586925268173 0.183783754706383 0.183828443288803 0.183873116970062 0.183917805552483 0.183962479233742 0.184007167816162 0.184051841497421 0.184096530079842 0.186530202627182 0.189760193228722 0.192990198731422
0.160963088274002 0.160416811704636 0.159870520234108 0.159863501787186 0.161474227905273 0.163084954023361 0.164695680141449 0.166306406259537 0.167917132377625 0.169527858495712 0.1711385846138 0.171909168362617 0.172399714589119 0.172890245914459 0.173380792140961 0.173871338367462 0.174361869692802 0.174852415919304 0.175433754920959 0.176287487149239 0.177141204476357 0.177994936704636 0.178848668932915 0.179702386260033 0.180556118488312 0.181409850716591 0.18183271586895 0.182111948728561 0.182391181588173 0.182670414447784 0.182949662208557 0.183228895068169 0.18350812792778 0.183733850717545 0.183799013495445 0.183864191174507 0.183929353952408 0.18399453163147 0.18405969440937 0.184124857187271 0.184190034866333 0.186381220817566 0.189281076192856 0.192180931568146
0.161857038736343 0.161471113562584 0.161085188388824 0.161143347620964 0.162533774971962 0.16392420232296 0.165314629673958 0.166705057024956 0.168095484375954 0.169485926628113 0.170876353979111 0.171585232019424 0.172066941857338 0.172548651695251 0.173030361533165 0.173512056469917 0.173993766307831 0.174475476145744 0.17505194246769 0.175912663340569 0.176773384213448 0.177634105086327 0.178494825959206 0.179355546832085 0.180216282606125 0.181077003479004 0.181505441665649 0.18178978562355 0.182074129581451 0.182358473539352 0.182642817497253 0.182927161455154 0.183211505413055 0.183455348014832 0.183577671647072 0.183699995279312 0.183822304010391 0.183944627642632 0.184066951274872 0.184189274907112 0.184311583638191 0.186340555548668 0.189005061984062 0.191669568419456
0.162751004099846 0.162525415420532 0.16229984164238 0.162423178553581 0.16359332203865 0.164763450622559 0.165933579206467 0.167103722691536 0.168273851275444 0.169443979859352 0.170614123344421 0.171261310577393 0.171734184026718 0.172207057476044 0.172679916024208 0.173152789473534 0.173625662922859 0.174098536372185 0.174670115113258 0.175537839531898 0.176405549049377 0.177273273468018 0.178140997886658 0.179008707404137 0.179876431822777 0.180744156241417 0.181178167462349 0.181467622518539 0.18175707757473 0.18204653263092 0.182335987687111 0.182625442743301 0.182914897799492 0.183176845312119 0.183356314897537 0.183535784482956 0.183715268969536 0.183894738554955 0.184074208140373 0.184253677725792 0.184433147311211 0.186299875378609 0.188729047775269 0.191158205270767
0.163644969463348 0.163579732179642 0.163514494895935 0.16370302438736 0.164652869105339 0.165602698922157 0.166552543640137 0.167502373456955 0.168452218174934 0.169402047991753 0.170351892709732 0.1709373742342 0.171401411294937 0.171865448355675 0.172329485416412 0.17279352247715 0.173257559537888 0.173721596598625 0.174288302659988 0.175163015723228 0.176037728786469 0.176912441849709 0.177787154912949 0.178661867976189 0.179536581039429 0.180411294102669 0.180850893259048 0.181145459413528 0.181440025568008 0.181734591722488 0.182029142975807 0.182323709130287 0.182618275284767 0.182898357510567 0.183134973049164 0.183371588587761 0.183608219027519 0.183844834566116 0.184081465005875 0.184318080544472 0.184554696083069 0.186259210109711 0.188453018665314 0.190646842122078
0.16453891992569 0.16463403403759 0.16472914814949 0.164982870221138 0.165712401270866 0.166441947221756 0.167171493172646 0.167901039123535 0.168630585074425 0.169360116124153 0.170089662075043 0.170613452792168 0.171068653464317 0.171523854136467 0.171979054808617 0.172434255480766 0.172889456152916 0.173344656825066 0.173906490206718 0.174788191914558 0.17566990852356 0.1765516102314 0.177433326840401 0.178315028548241 0.179196745157242 0.180078446865082 0.180523633956909 0.180823296308517 0.181122973561287 0.181422635912895 0.181722313165665 0.182021990418434 0.182321652770042 0.182619854807854 0.182913616299629 0.183207392692566 0.183501169085503 0.183794945478439 0.184088706970215 0.184382483363152 0.184676259756088 0.186218544840813 0.18817700445652 0.190135478973389
0.165432885289192 0.1656883507967 0.165943801403046 0.166262701153755 0.166771948337555 0.167281195521355 0.167790442705154 0.168299689888954 0.168808937072754 0.169318184256554 0.169827431440353 0.170289516448975 0.170735880732536 0.171182259917259 0.171628624200821 0.172074988484383 0.172521352767944 0.172967717051506 0.173524662852287 0.174413368105888 0.175302073359489 0.17619077861309 0.177079483866692 0.177968189120293 0.178856894373894 0.179745599627495 0.180196359753609 0.180501133203506 0.180805921554565 0.181110695004463 0.181415483355522 0.18172025680542 0.182025030255318 0.182341352105141 0.182692274451256 0.183043196797371 0.183394119143486 0.183745041489601 0.184095963835716 0.184446886181831 0.184797808527946 0.186177879571915 0.187900990247726 0.189624115824699
0.165894582867622 0.166226372122765 0.166558161377907 0.1669040620327 0.167292296886444 0.167680516839027 0.168068751692772 0.168456986546516 0.1688452064991 0.169233441352844 0.169621676206589 0.170043289661407 0.170476019382477 0.170908764004707 0.171341508626938 0.171774253249168 0.172206997871399 0.172639727592468 0.173183754086494 0.174061641097069 0.174939513206482 0.175817400217056 0.176695287227631 0.177573159337044 0.178451046347618 0.179328918457031 0.179771661758423 0.180069357156754 0.180367052555084 0.180664747953415 0.180962443351746 0.181260138750076 0.181557834148407 0.181887939572334 0.182315275073051 0.182742595672607 0.183169931173325 0.183597266674042 0.184024602174759 0.184451937675476 0.184879273176193 0.186175093054771 0.187760427594185 0.189345747232437
0.165923997759819 0.166248112916946 0.166572213172913 0.166906923055649 0.167273417115211 0.167639911174774 0.168006405234337 0.1683728992939 0.168739378452301 0.169105872511864 0.169472366571426 0.169874742627144 0.170289069414139 0.170703396201134 0.171117722988129 0.171532049775124 0.171946376562119 0.172360703349113 0.17288376390934 0.173732995986938 0.174582228064537 0.175431475043297 0.176280707120895 0.177129939198494 0.177979186177254 0.178828418254852 0.179249539971352 0.179527953267097 0.179806366562843 0.18008479475975 0.180363208055496 0.180641621351242 0.180920034646988 0.181259602308273 0.181782603263855 0.182305604219437 0.18282862007618 0.183351621031761 0.183874621987343 0.184397622942924 0.184920623898506 0.186210200190544 0.187755286693573 0.189300373196602
0.165953427553177 0.166269853711128 0.16658627986908 0.166909784078598 0.167254537343979 0.16759929060936 0.167944043874741 0.168288812041283 0.168633565306664 0.168978318572044 0.169323071837425 0.16970619559288 0.17010210454464 0.17049802839756 0.170893937349319 0.171289846301079 0.171685770153999 0.172081679105759 0.172583758831024 0.173404350876808 0.174224942922592 0.175045534968376 0.17586612701416 0.176686733961105 0.177507326006889 0.178327918052673 0.17872741818428 0.178986549377441 0.179245695471764 0.179504826664925 0.179763972759247 0.180023103952408 0.18028225004673 0.180631265044212 0.18124994635582 0.181868612766266 0.182487294077873 0.183105960488319 0.183724641799927 0.184343308210373 0.18496198952198 0.186245292425156 0.187750160694122 0.189255014061928
0.165982842445374 0.16629159450531 0.166600331664085 0.166912645101547 0.167235672473907 0.167558684945107 0.167881697416306 0.168204724788666 0.168527737259865 0.168850749731064 0.169173777103424 0.169537648558617 0.169915154576302 0.170292645692825 0.17067015171051 0.171047657728195 0.171425148844719 0.171802654862404 0.17228376865387 0.173075720667839 0.173867657780647 0.174659609794617 0.175451561808586 0.176243513822556 0.177035465836525 0.177827402949333 0.178205296397209 0.178445160388947 0.178685009479523 0.17892487347126 0.179164737462997 0.179404601454735 0.179644465446472 0.180002942681313 0.180717289447784 0.181431621313095 0.182145968079567 0.182860314846039 0.183574661612511 0.184288993477821 0.185003340244293 0.186280399560928 0.18774501979351 0.189209640026093
0.166012272238731 0.166313335299492 0.166614398360252 0.166915506124496 0.167216792702675 0.167518079280853 0.16781935095787 0.168120637536049 0.168421909213066 0.168723195791245 0.169024467468262 0.169369101524353 0.169728189706802 0.170087277889252 0.170446366071701 0.17080545425415 0.1711645424366 0.171523630619049 0.171983763575554 0.172747075557709 0.173510372638702 0.174273684620857 0.175036981701851 0.175800293684006 0.176563605666161 0.177326902747154 0.177683174610138 0.17790375649929 0.178124338388443 0.178344920277596 0.178565502166748 0.178786084055901 0.179006665945053 0.179374605417252 0.180184617638588 0.180994629859924 0.181804642081261 0.182614654302597 0.183424666523933 0.18423467874527 0.185044690966606 0.18631549179554 0.18773989379406 0.189164280891418
0.166041687130928 0.166335076093674 0.166628450155258 0.166918382048607 0.167197912931442 0.167477458715439 0.167757004499435 0.168036550283432 0.168316081166267 0.168595626950264 0.168875172734261 0.169200569391251 0.169541239738464 0.169881910085678 0.170222580432892 0.170563250780106 0.170903921127319 0.171244591474533 0.171683773398399 0.172418430447578 0.173153087496758 0.173887759447098 0.174622416496277 0.175357073545456 0.176091745495796 0.176826402544975 0.177161037921906 0.177362352609634 0.177563652396202 0.177764967083931 0.177966266870499 0.178167566657066 0.178368881344795 0.178746283054352 0.179651960730553 0.180557638406754 0.181463330984116 0.182369008660316 0.183274686336517 0.184180378913879 0.18508605659008 0.186350598931313 0.187734752893448 0.189118906855583
0.166024833917618 0.166320145130157 0.166615456342697 0.166903585195541 0.167170226573944 0.167436853051186 0.167703479528427 0.16797012090683 0.168236747384071 0.168503373861313 0.168770015239716 0.169081553816795 0.169408053159714 0.169734567403793 0.170061081647873 0.170387580990791 0.170714095234871 0.171040594577789 0.17146310210228 0.17217355966568 0.17288401722908 0.17359447479248 0.174304947257042 0.175015404820442 0.175725862383842 0.176436334848404 0.176750123500824 0.176931694149971 0.177113264799118 0.177294835448265 0.177476406097412 0.177657976746559 0.177839547395706 0.178218856453896 0.179191336035728 0.180163815617561 0.181136310100555 0.182108789682388 0.183081284165382 0.184053763747215 0.185026243329048 0.186273723840714 0.187612861394882 0.188951998949051
0.165961712598801 0.166268557310104 0.166575402021408 0.166871160268784 0.167133703827858 0.167396262288094 0.167658805847168 0.167921349406242 0.168183892965317 0.168446436524391 0.168708980083466 0.169012069702148 0.169328659772873 0.169645249843597 0.169961854815483 0.170278444886208 0.170595034956932 0.170911639928818 0.171321749687195 0.172012463212013 0.17270316183567 0.173393875360489 0.174084573984146 0.174775287508965 0.175465986132622 0.176156684756279 0.176450401544571 0.1766117811203 0.17677316069603 0.176934540271759 0.177095919847488 0.177257299423218 0.177418678998947 0.177792325615883 0.178802743554115 0.179813161492348 0.180823594331741 0.181834012269974 0.182844430208206 0.1838548630476 0.184865280985832 0.186084881424904 0.187374204397202 0.188663527369499
0.165898576378822 0.16621695458889 0.166535332798958 0.166838735342026 0.167097195982933 0.16735565662384 0.167614117264748 0.167872577905655 0.168131038546562 0.168389499187469 0.168647959828377 0.168942585587502 0.169249266386032 0.169555947184563 0.169862627983093 0.170169308781624 0.170475989580154 0.170782670378685 0.171180412173271 0.171851366758347 0.172522306442261 0.173193261027336 0.17386420071125 0.174535155296326 0.175206109881401 0.175877049565315 0.176150679588318 0.17629186809063 0.176433056592941 0.176574245095253 0.176715433597565 0.176856622099876 0.176997810602188 0.17736579477787 0.178414151072502 0.179462522268295 0.180510878562927 0.181559234857559 0.182607591152191 0.183655962347984 0.184704318642616 0.185896039009094 0.187135547399521 0.188375055789948
0.165835455060005 0.166165366768837 0.166495278477669 0.166806310415268 0.167060688138008 0.167315050959587 0.167569428682327 0.167823806405067 0.168078184127808 0.168332561850548 0.168586924672127 0.168873101472855 0.16916985809803 0.169466629624367 0.169763401150703 0.170060157775879 0.170356929302216 0.170653700828552 0.171039074659348 0.17169027030468 0.172341451048851 0.172992646694183 0.173643842339516 0.174295023083687 0.174946218729019 0.175597414374352 0.175850957632065 0.175971955060959 0.176092952489853 0.176213949918747 0.176334947347641 0.176455944776535 0.176576942205429 0.176939263939857 0.17802557349205 0.179111868143082 0.180198162794113 0.181284457445145 0.182370752096176 0.183457046747208 0.1845433562994 0.185707196593285 0.18689689040184 0.188086584210396
0.165772333741188 0.166113778948784 0.16645522415638 0.16677388548851 0.167024165391922 0.167274460196495 0.167524740099907 0.16777503490448 0.168025329709053 0.168275609612465 0.168525904417038 0.168803617358208 0.169090464711189 0.169377326965332 0.169664174318314 0.169951021671295 0.170237883925438 0.17052473127842 0.170897722244263 0.171529158949852 0.172160595655441 0.172792032361031 0.17342346906662 0.174054905772209 0.174686342477798 0.175317779183388 0.175551235675812 0.175652042031288 0.175752848386765 0.175853654742241 0.175954461097717 0.176055267453194 0.17615607380867 0.176512748003006 0.177636981010437 0.178761214017868 0.179885447025299 0.18100968003273 0.182133913040161 0.183258146047592 0.184382379055023 0.185518354177475 0.18665823340416 0.187798112630844
0.16570919752121 0.16606217622757 0.166415169835091 0.166741445660591 0.166987657546997 0.167233854532242 0.167480066418648 0.167726263403893 0.167972475290298 0.168218672275543 0.168464869260788 0.168734133243561 0.169011071324348 0.169288009405136 0.169564947485924 0.169841885566711 0.170118823647499 0.170395761728287 0.170756384730339 0.171368062496185 0.171979740262032 0.172591418027878 0.173203095793724 0.17381477355957 0.174426466226578 0.175038143992424 0.175251513719559 0.175332129001617 0.175412744283676 0.175493359565735 0.175573974847794 0.175654605031013 0.175735220313072 0.176086217164993 0.177248388528824 0.178410559892654 0.179572731256485 0.180734902620316 0.181897073984146 0.183059245347977 0.184221416711807 0.185329511761665 0.186419576406479 0.187509641051292
