data/working_set_collections/6091692-Cassins_Sparrow-M2/2010/speed_avg.asc
NCOLS 265 
NROWS 230 
XLLCORNER -115.5625 
YLLCORNER 24.8333333333333 
CELLSIZE 0.0833333333333333 
NODATA_value -9999 
[rows 0 to 19 of 230, columns 92 to 137 of 265]
5.55315399169922 5.52507734298706 5.4970006942749 5.46892404556274 5.44084739685059 5.53213453292847 5.66320896148682 5.79428386688232 5.92535829544067 6.05643320083618 6.18750762939453 6.31858253479004 6.43168830871582 6.49088907241821 6.5500898361206 6.609290599823 6.66849136352539 6.72769212722778 6.78689289093018 6.84609317779541 6.89059543609619 6.93019819259644 6.96980094909668 7.00940370559692 7.04900646209717 7.08860921859741 7.12821197509766 7.166100025177 7.19884252548218 7.23158550262451 7.26432847976685 7.29707098007202 7.32981395721436 7.36255693435669 7.39529943466187 7.33853816986084 7.25194215774536 7.16534566879272 7.07874965667725 6.99215364456177 6.90555715560913 6.81896114349365 6.73904848098755 6.67918634414673 6.61932420730591 6.55946207046509
5.63415336608887 5.62593650817871 5.61772012710571 5.60950326919556 5.60128688812256 5.69226932525635 5.81631851196289 5.94036769866943 6.06441688537598 6.18846607208252 6.31251525878906 6.4365644454956 6.54149532318115 6.58907127380371 6.63664674758911 6.68422269821167 6.73179817199707 6.77937364578247 6.82694959640503 6.87452507019043 6.92058944702148 6.96615028381348 7.01171064376831 7.0572714805603 7.10283184051514 7.14839220046997 7.19395303726196 7.2345290184021 7.26015090942383 7.28577327728271 7.31139516830444 7.33701705932617 7.36263942718506 7.38826131820679 7.41388320922852 7.35866594314575 7.27650213241577 7.19433879852295 7.11217498779297 7.03001117706299 6.94784736633301 6.86568355560303 6.78962278366089 6.73187017440796 6.67411756515503 6.61636543273926
5.71515226364136 5.72679567337036 5.73843908309937 5.75008249282837 5.76172590255737 5.85240459442139 5.96942853927612 6.0864520072937 6.20347595214844 6.32049942016602 6.43752288818359 6.55454683303833 6.65130233764648 6.68725299835205 6.72320365905762 6.75915431976318 6.79510498046875 6.83105564117432 6.86700630187988 6.90295696258545 6.95058345794678 7.00210189819336 7.05362033843994 7.10513877868652 7.1566572189331 7.20817565917969 7.25969409942627 7.3029580116272 7.32145929336548 7.33996057510376 7.35846185684204 7.37696313858032 7.3954644203186 7.41396617889404 7.43246746063232 7.37879419326782 7.30106258392334 7.22333145141602 7.14559984207153 7.06786870956421 6.99013710021973 6.9124059677124 6.84019660949707 6.78455400466919 6.72891139984131 6.67326879501343
5.79615163803101 5.82765483856201 5.85915851593018 5.89066171646118 5.92216539382935 6.01253986358643 6.1225380897522 6.23253631591797 6.34253454208374 6.45253276824951 6.56253099441528 6.67252922058105 6.76110887527466 6.78543472290039 6.80976057052612 6.83408641815186 6.85841178894043 6.88273763656616 6.9070634841919 6.93138885498047 6.98057746887207 7.0380539894104 7.09553003311157 7.15300607681274 7.21048259735107 7.26795864105225 7.32543516159058 7.37138748168945 7.38276767730713 7.39414834976196 7.4055290222168 7.41690921783447 7.42828989028931 7.43967056274414 7.45105123519897 7.39892196655273 7.32562303543091 7.25232410430908 7.17902517318726 7.10572624206543 7.0324273109436 6.95912837982178 6.89077091217041 6.83723783493042 6.78370523452759 6.7301721572876
5.8771505355835 5.92851400375366 5.97987747192383 6.03124141693115 6.08260488510132 6.17267513275146 6.27564764022827 6.37862062454224 6.48159313201904 6.58456563949585 6.68753862380981 6.79051113128662 6.87091588973999 6.88361644744873 6.89631748199463 6.90901803970337 6.92171859741211 6.93441963195801 6.94712018966675 6.95982074737549 7.01057147979736 7.07400560379028 7.1374397277832 7.20087385177612 7.26430797576904 7.32774209976196 7.39117574691772 7.43981647491455 7.44407606124878 7.44833612442017 7.4525957107544 7.45685577392578 7.46111536026001 7.46537494659424 7.46963500976562 7.4190502166748 7.35018348693848 7.28131675720215 7.21245050430298 7.14358377456665 7.07471752166748 7.00585079193115 6.94134521484375 6.88992214202881 6.83849859237671 6.78707551956177
5.95814990997314 6.02937316894531 6.10059690475464 6.17182064056396 6.24304389953613 6.3328104019165 6.4287576675415 6.5247049331665 6.62065172195435 6.71659898757935 6.81254625320435 6.90849351882935 6.98072290420532 6.98179864883423 6.98287439346313 6.98395013809204 6.98502588272095 6.98610162734985 6.9871768951416 6.98825263977051 7.04056549072266 7.10995769500732 7.17934942245483 7.24874114990234 7.31813335418701 7.38752508163452 7.45691680908203 7.50824546813965 7.50538444519043 7.50252342224121 7.49966287612915 7.49680185317993 7.49394083023071 7.49107980728149 7.48821878433228 7.43917798995972 7.37474393844604 7.31030988693237 7.2458758354187 7.18144178390503 7.1170072555542 7.05257320404053 6.99191951751709 6.94260597229004 6.89329242706299 6.84397888183594
6.06008148193359 6.14540958404541 6.23073768615723 6.31606578826904 6.40139436721802 6.4879093170166 6.57482004165649 6.66173076629639 6.74864101409912 6.83555173873901 6.92246246337891 7.0093731880188 7.07411241531372 7.07233715057373 7.07056188583374 7.06878709793091 7.06701183319092 7.06523656845093 7.06346130371094 7.0616865158081 7.11510562896729 7.18692350387573 7.25874090194702 7.33055830001831 7.40237617492676 7.47419357299805 7.54601097106934 7.59732103347778 7.58710765838623 7.57689428329468 7.56668090820312 7.55646753311157 7.54625415802002 7.53604078292847 7.52582740783691 7.47900676727295 7.41998386383057 7.36096096038818 7.3019380569458 7.24291515350342 7.18389225006104 7.12486934661865 7.06854248046875 7.0203046798706 6.97206687927246 6.92382907867432
6.18294525146484 6.2766227722168 6.37030029296875 6.4639778137207 6.55765533447266 6.63797187805176 6.71383476257324 6.78969812393188 6.86556100845337 6.94142389297485 7.0172872543335 7.09315013885498 7.15108442306519 7.1552324295044 7.15938091278076 7.16352891921997 7.16767692565918 7.17182540893555 7.17597341537476 7.18012142181396 7.23419189453125 7.30490303039551 7.37561416625977 7.44632530212402 7.51703643798828 7.58774757385254 7.6584587097168 7.7070426940918 7.68924522399902 7.67144775390625 7.65365028381348 7.6358528137207 7.61805486679077 7.600257396698 7.58245992660522 7.53853607177734 7.48590326309204 7.43326997756958 7.38063716888428 7.32800436019897 7.27537107467651 7.22273826599121 7.17121458053589 7.12301826477051 7.07482194900513 7.0266261100769
6.30580949783325 6.40783596038818 6.50986289978027 6.6118893623352 6.7139163017273 6.78803443908691 6.85284996032715 6.91766548156738 6.98248100280762 7.04729652404785 7.11211156845093 7.17692708969116 7.22805643081665 7.23812818527222 7.24819946289062 7.25827121734619 7.2683424949646 7.27841377258301 7.28848552703857 7.29855680465698 7.35327816009521 7.42288303375244 7.49248743057251 7.56209230422974 7.6316967010498 7.70130157470703 7.77090644836426 7.81676435470581 7.79138278961182 7.76600122451782 7.74061965942383 7.71523761749268 7.68985605239868 7.66447448730469 7.63909292221069 7.59806537628174 7.55182218551636 7.50557947158813 7.45933628082275 7.41309356689453 7.36685037612915 7.32060766220093 7.27388668060303 7.22573184967041 7.17757749557495 7.12942266464233
6.4286732673645 6.53904962539673 6.6494255065918 6.75980138778687 6.87017726898193 6.93809700012207 6.99186515808105 7.04563283920288 7.09940052032471 7.15316867828369 7.20693635940552 7.26070404052734 7.30502891540527 7.32102346420288 7.33701848983765 7.35301303863525 7.36900758743286 7.38500261306763 7.40099716186523 7.4169921875 7.47236442565918 7.54086256027222 7.60936069488525 7.67785930633545 7.74635744094849 7.81485557556152 7.88335371017456 7.92648601531982 7.89352035522461 7.8605546951294 7.82758903503418 7.79462289810181 7.76165723800659 7.72869157791138 7.69572591781616 7.65759468078613 7.61774158477783 7.57788848876953 7.53803586959839 7.49818277359009 7.45832967758179 7.41847658157349 7.37655878067017 7.32844591140747 7.28033256530762 7.23221969604492
6.55153751373291 6.67026281356812 6.78898811340332 6.90771293640137 7.02643823623657 7.08815956115723 7.1308798789978 7.17360019683838 7.21632051467896 7.25904083251953 7.30176115036011 7.34448146820068 7.38200092315674 7.4039192199707 7.42583703994751 7.44775533676147 7.46967315673828 7.49159097671509 7.51350927352905 7.53542709350586 7.59145069122314 7.65884256362915 7.72623443603516 7.793625831604 7.86101770401001 7.92840957641602 7.99580144882202 8.036208152771 7.9956579208374 7.95510816574097 7.91455793380737 7.87400817871094 7.8334584236145 7.79290866851807 7.75235891342163 7.71712398529053 7.68366098403931 7.65019798278809 7.61673498153687 7.58327198028564 7.54980897903442 7.5163459777832 7.4792308807373 7.43115949630737 7.38308811187744 7.33501672744751
6.67440176010132 6.8014760017395 6.92855024337769 7.05562496185303 7.18269920349121 7.23822259902954 7.26989507675171 7.30156755447388 7.3332405090332 7.36491298675537 7.39658546447754 7.42825841903687 7.4589729309082 7.48681449890137 7.51465559005737 7.54249715805054 7.5703387260437 7.59817981719971 7.62602138519287 7.65386247634888 7.71053695678711 7.77682209014893 7.8431077003479 7.90939283370972 7.97567844390869 8.04196357727051 8.10824871063232 8.14592933654785 8.0977954864502 8.04966163635254 8.00152778625488 7.95339345932007 7.90525960922241 7.85712575912476 7.80899143218994 7.77665328979492 7.74958038330078 7.72250747680664 7.69543409347534 7.6683611869812 7.64128828048706 7.61421537399292 7.58190298080444 7.53387308120728 7.48584318161011 7.4378137588501
6.80605506896973 6.9276614189148 7.04926776885986 7.17087411880493 7.29248046875 7.3407416343689 7.3645544052124 7.38836717605591 7.41217994689941 7.43599271774292 7.45980501174927 7.48361778259277 7.51039171218872 7.54604959487915 7.58170747756958 7.61736536026001 7.65302324295044 7.68868064880371 7.72433853149414 7.75999641418457 7.8204665184021 7.88920783996582 7.95794916152954 8.02669048309326 8.09543132781982 8.16417217254639 8.23291301727295 8.2699499130249 8.21187400817871 8.1537971496582 8.09572124481201 8.03764533996582 7.97956895828247 7.92149257659912 7.86341619491577 7.82872915267944 7.8018388748169 7.77494859695435 7.74805784225464 7.72116756439209 7.69427728652954 7.66738653182983 7.63611602783203 7.59170389175415 7.54729175567627 7.50288009643555
6.94649744033813 7.04881858825684 7.15113973617554 7.2534613609314 7.3557825088501 7.39571809768677 7.41485834121704 7.43399858474731 7.45313882827759 7.47227907180786 7.49141979217529 7.51056003570557 7.53625679016113 7.58162450790405 7.62699174880981 7.67235946655273 7.7177267074585 7.76309442520142 7.80846166610718 7.8538293838501 7.92124032974243 7.99599933624268 8.07075881958008 8.14551734924316 8.22027683258057 8.29503536224365 8.36979484558105 8.40826988220215 8.33789348602295 8.26751613616943 8.19713973999023 8.12676239013672 8.05638599395752 7.98600912094116 7.91563272476196 7.87335205078125 7.8404369354248 7.8075213432312 7.77460622787476 7.74169111251831 7.70877599716187 7.67586040496826 7.64186954498291 7.60465145111084 7.56743383407593 7.53021574020386
7.08693981170654 7.16997575759888 7.25301218032837 7.3360481262207 7.41908407211304 7.45069408416748 7.46516227722168 7.47962999343872 7.49409818649292 7.50856590270996 7.52303409576416 7.5375018119812 7.5621223449707 7.61719942092896 7.67227649688721 7.72735357284546 7.78243064880371 7.83750772476196 7.89258480072021 7.94766187667847 8.0220136642456 8.10279083251953 8.18356800079346 8.26434516906738 8.34512233734131 8.42589855194092 8.50667572021484 8.5465898513794 8.46391201019287 8.38123512268066 8.29855823516846 8.21588039398193 8.13320350646973 8.05052661895752 7.967848777771 7.9179744720459 7.87903451919556 7.84009456634521 7.80115461349487 7.76221466064453 7.72327470779419 7.68433427810669 7.64762353897095 7.61759948730469 7.58757543563843 7.55755138397217
7.22738218307495 7.29113340377808 7.35488414764404 7.41863489151001 7.48238611221313 7.50567054748535 7.51546621322632 7.52526140213013 7.53505706787109 7.54485273361206 7.55464839935303 7.56444406509399 7.58798742294312 7.6527738571167 7.71756076812744 7.78234767913818 7.84713459014893 7.91192102432251 7.97670793533325 8.04149436950684 8.12278747558594 8.20958232879639 8.29637718200684 8.38317203521729 8.46996784210205 8.5567626953125 8.64355754852295 8.68490886688232 8.58993148803711 8.4949541091919 8.39997577667236 8.30499839782715 8.21002101898193 8.1150426864624 8.02006530761719 7.9625973701477 7.91763257980347 7.87266778945923 7.82770299911499 7.78273820877075 7.73777341842651 7.69280815124512 7.65337705612183 7.63054704666138 7.60771703720093 7.58488702774048
7.36782455444336 7.41229057312012 7.45675611495972 7.50122213363647 7.54568767547607 7.56064653396606 7.5657696723938 7.57089328765869 7.57601642608643 7.58113956451416 7.5862627029419 7.59138584136963 7.61385250091553 7.6883487701416 7.76284503936768 7.83734178543091 7.91183805465698 7.98633432388306 8.06083106994629 8.13532733917236 8.22356128692627 8.31637382507324 8.40918731689453 8.5019998550415 8.59481239318848 8.68762588500977 8.78043842315674 8.82322883605957 8.71595096588135 8.60867214202881 8.50139427185059 8.39411640167236 8.28683757781982 8.1795597076416 8.07228183746338 8.00722026824951 7.95623016357422 7.90524053573608 7.85425090789795 7.80326128005981 7.75227165222168 7.70128202438354 7.65913105010986 7.64349508285522 7.62785863876343 7.61222267150879
7.50826740264893 7.53344774246216 7.55862855911255 7.58380889892578 7.60898971557617 7.61562299728394 7.61607360839844 7.6165246963501 7.6169753074646 7.61742639541626 7.61787700653076 7.61832809448242 7.63971757888794 7.7239236831665 7.80812978744507 7.89233589172363 7.9765419960022 8.06074810028076 8.14495372772217 8.22916030883789 8.3243350982666 8.4231653213501 8.52199649810791 8.62082767486572 8.71965789794922 8.81848907470703 8.91732025146484 8.96154880523682 8.84196949005127 8.72239112854004 8.60281276702881 8.48323345184326 8.36365509033203 8.2440767288208 8.12449836730957 8.05184268951416 7.99482822418213 7.9378137588501 7.88079929351807 7.82378482818604 7.766770362854 7.70975589752197 7.66488456726074 7.65644264221191 7.64800071716309 7.6395583152771
7.59911155700684 7.61546039581299 7.6318097114563 7.64815855026245 7.6645073890686 7.66789960861206 7.66697311401367 7.66604614257812 7.66511917114258 7.66419267654419 7.66326570510864 7.6623387336731 7.6825704574585 7.76627683639526 7.84998321533203 7.93369007110596 8.01739597320557 8.10110282897949 8.18480968475342 8.26851558685303 8.36669254302979 8.46969318389893 8.57269287109375 8.67569351196289 8.77869319915771 8.88169384002686 8.984694480896 9.03113746643066 8.90790939331055 8.78468036651611 8.661452293396 8.53822422027588 8.41499614715576 8.29176807403564 8.16854000091553 8.09023952484131 8.02691650390625 7.96359300613403 7.90026998519897 7.83694648742676 7.77362298965454 7.71029996871948 7.66110801696777 7.65431022644043 7.64751243591309 7.64071464538574
7.64035749435425 7.65832853317261 7.67629957199097 7.69427061080933 7.71224164962769 7.71747732162476 7.71846771240234 7.71945762634277 7.72044801712036 7.72143840789795 7.72242832183838 7.72341871261597 7.7424111366272 7.81540870666504 7.88840627670288 7.96140384674072 8.03440093994141 8.10739898681641 8.18039703369141 8.25339412689209 8.35063457489014 8.45595550537109 8.56127643585205 8.66659736633301 8.77191925048828 8.87724018096924 8.9825611114502 9.03199577331543 8.91376876831055 8.79554176330566 8.67731475830078 8.5590877532959 8.44086074829102 8.32263374328613 8.20440673828125 8.12241172790527 8.0524959564209 7.98257923126221 7.91266250610352 7.84274625778198 7.77282953262329 7.70291328430176 7.64779996871948 7.63709735870361 7.62639427185059 7.61569166183472
