data/working_set_collections/6091692-Cassins_Sparrow-M2/2010/speed_avg.asc
NCOLS 265 
NROWS 230 
XLLCORNER -115.5625 
YLLCORNER 24.8333333333333 
CELLSIZE 0.0833333333333333 
NODATA_value -9999 
[rows 60 to 79 of 230, columns 184 to 229 of 265]
7.58535528182983 7.5894341468811 7.59351253509521 7.59470748901367 7.59494113922119 7.59517478942871 7.59540843963623 7.59564208984375 7.59587574005127 7.59610939025879 7.59467554092407 7.58823871612549 7.5818018913269 7.57536506652832 7.5689287185669 7.56249189376831 7.55605506896973 7.54961824417114 7.54014158248901 7.5296516418457 7.51916170120239 7.50867128372192 7.49818134307861 7.4876914024353 7.47720098495483 7.46770620346069 7.4611964225769 7.45468664169312 7.44817686080933 7.4416675567627 7.43515777587891 7.42864799499512 7.42213821411133 7.4240574836731 7.428786277771 7.43351459503174 7.43824338912964 7.44297218322754 7.44770097732544 7.45242929458618 7.45386838912964 7.44543743133545 7.43700647354126 7.42857551574707 7.42014503479004 7.41171407699585
7.59580326080322 7.60042476654053 7.60504627227783 7.60713911056519 7.60838937759399 7.6096396446228 7.61088991165161 7.61214017868042 7.61339044570923 7.61464071273804 7.61441373825073 7.60975360870361 7.60509347915649 7.60043334960938 7.59577322006226 7.59111309051514 7.58645296096802 7.5817928314209 7.5735387802124 7.56408739089966 7.55463552474976 7.54518413543701 7.53573226928711 7.52628087997437 7.51682949066162 7.50803709030151 7.50122261047363 7.49440813064575 7.48759365081787 7.48077917098999 7.47396469116211 7.46715021133423 7.46033573150635 7.46145820617676 7.46522569656372 7.46899366378784 7.4727611541748 7.47652912139893 7.48029661178589 7.48406457901001 7.48464393615723 7.47565984725952 7.46667575836182 7.45769166946411 7.44870758056641 7.4397234916687
7.60625123977661 7.61141538619995 7.61658000946045 7.61957120895386 7.62183809280396 7.62410497665405 7.62637186050415 7.62863874435425 7.63090562820435 7.63317251205444 7.63415193557739 7.63126850128174 7.62838459014893 7.62550115585327 7.62261772155762 7.6197338104248 7.61685037612915 7.6139669418335 7.60693597793579 7.59852313995361 7.59010982513428 7.58169651031494 7.57328367233276 7.56487035751343 7.55645751953125 7.54836797714233 7.54124879837036 7.53412961959839 7.52701044082642 7.51989126205444 7.51277208328247 7.5056529045105 7.49853372573853 7.49885892868042 7.5016655921936 7.50447225570679 7.50727891921997 7.51008605957031 7.5128927230835 7.51569938659668 7.51541996002197 7.50588274002075 7.49634504318237 7.48680734634399 7.47727012634277 7.4677324295044
7.61669921875 7.62240648269653 7.62811374664307 7.63200283050537 7.63528633117676 7.63856983184814 7.64185380935669 7.64513731002808 7.64842081069946 7.65170431137085 7.65389013290405 7.6527829170227 7.65167617797852 7.65056896209717 7.64946174621582 7.64835500717163 7.64724779129028 7.64614105224609 7.64033317565918 7.63295841217041 7.6255841255188 7.61820936203003 7.61083459854126 7.60346031188965 7.59608554840088 7.58869886398315 7.58127450942993 7.57385063171387 7.5664267539978 7.55900287628174 7.55157899856567 7.54415512084961 7.53673124313354 7.53625965118408 7.53810548782349 7.53995132446289 7.5417971611023 7.54364252090454 7.54548835754395 7.54733419418335 7.54619598388672 7.53610515594482 7.52601432800293 7.51592350006104 7.50583267211914 7.49574184417725
7.62714672088623 7.63339710235596 7.63964700698853 7.64443492889404 7.64873504638672 7.6530351638794 7.65733528137207 7.66163539886475 7.66593551635742 7.6702356338501 7.67362833023071 7.67429780960083 7.67496728897095 7.67563676834106 7.67630624771118 7.67697620391846 7.67764568328857 7.67831516265869 7.67373037338257 7.66739416122437 7.66105794906616 7.65472221374512 7.64838600158691 7.64204978942871 7.63571357727051 7.62902927398682 7.62130069732666 7.6135721206665 7.60584354400635 7.59811496734619 7.59038639068604 7.58265733718872 7.57492876052856 7.57366037368774 7.57454538345337 7.57542991638184 7.57631492614746 7.57719945907593 7.57808446884155 7.57896947860718 7.57697200775146 7.5663275718689 7.55568361282349 7.54503917694092 7.53439521789551 7.52375078201294
7.63759469985962 7.64438772201538 7.65118074417114 7.65686655044556 7.66218328475952 7.66750049591064 7.67281723022461 7.67813396453857 7.68345069885254 7.6887674331665 7.69336652755737 7.69581270217896 7.69825887680054 7.70070505142212 7.70315074920654 7.70559692382812 7.70804309844971 7.71048927307129 7.70712757110596 7.70182991027832 7.69653224945068 7.69123458862305 7.68593692779541 7.68063926696777 7.6753420829773 7.66936016082764 7.66132688522339 7.65329360961914 7.64526033401489 7.63722658157349 7.62919330596924 7.62116003036499 7.61312675476074 7.61106109619141 7.61098480224609 7.61090898513794 7.61083269119263 7.61075639724731 7.61068058013916 7.61060428619385 7.60774755477905 7.59655046463013 7.58535289764404 7.57415533065796 7.56295776367188 7.55176019668579
7.65605878829956 7.66365098953247 7.67124319076538 7.67748308181763 7.68327236175537 7.68906116485596 7.6948504447937 7.70063972473145 7.70642900466919 7.71221828460693 7.71726274490356 7.72007369995117 7.72288417816162 7.72569513320923 7.72850561141968 7.73131656646729 7.73412704467773 7.73693752288818 7.73373603820801 7.72852993011475 7.72332429885864 7.71811819076538 7.71291208267212 7.70770645141602 7.70250034332275 7.69654703140259 7.68835210800171 7.68015670776367 7.67196178436279 7.66376638412476 7.65557098388672 7.64737606048584 7.6391806602478 7.63638591766357 7.6353907585144 7.63439559936523 7.63340044021606 7.6324052810669 7.63141059875488 7.63041543960571 7.62663745880127 7.61451053619385 7.60238361358643 7.590256690979 7.57812976837158 7.56600284576416
7.68253946304321 7.69118642807007 7.69983339309692 7.70628356933594 7.71200084686279 7.71771860122681 7.72343587875366 7.72915315628052 7.73487091064453 7.74058818817139 7.74531745910645 7.74708080291748 7.74884414672852 7.75060749053955 7.75237083435059 7.75413417816162 7.75589752197266 7.75766086578369 7.75355577468872 7.7474946975708 7.74143362045288 7.73537254333496 7.72931146621704 7.72324991226196 7.71718883514404 7.71058988571167 7.70237588882446 7.69416189193726 7.68594789505005 7.67773389816284 7.66951990127563 7.66130590438843 7.65309190750122 7.64963436126709 7.64776229858398 7.64589023590088 7.64401865005493 7.64214658737183 7.64027452468872 7.63840246200562 7.63364028930664 7.62020826339722 7.60677576065063 7.59334325790405 7.57991075515747 7.56647825241089
7.70902013778687 7.71872234344482 7.72842407226562 7.73508405685425 7.74072980880737 7.7463755607605 7.75202131271362 7.75766706466675 7.76331233978271 7.76895809173584 7.77337169647217 7.77408742904663 7.77480363845825 7.77551984786987 7.77623558044434 7.77695178985596 7.77766752243042 7.77838373184204 7.77337551116943 7.7664589881897 7.75954294204712 7.75262641906738 7.7457103729248 7.73879384994507 7.73187780380249 7.72463226318359 7.71639966964722 7.70816659927368 7.6999340057373 7.69170141220093 7.68346834182739 7.67523574829102 7.66700315475464 7.66288328170776 7.66013431549072 7.65738534927368 7.65463638305664 7.6518874168396 7.64913845062256 7.64638996124268 7.64064359664917 7.62590551376343 7.61116790771484 7.5964298248291 7.58169221878052 7.56695413589478
7.73550081253052 7.74625778198242 7.75701475143433 7.76388454437256 7.7694582939148 7.77503252029419 7.78060626983643 7.78618049621582 7.79175424575806 7.79732847213745 7.80142593383789 7.80109453201294 7.80076313018799 7.8004322052002 7.80010080337524 7.79976940155029 7.79943799972534 7.79910659790039 7.79319524765015 7.78542375564575 7.77765226364136 7.76988077163696 7.76210927963257 7.75433778762817 7.74656629562378 7.73867464065552 7.73042345046997 7.72217178344727 7.71392011642456 7.70566844940186 7.69741725921631 7.6891655921936 7.6809139251709 7.67613172531128 7.6725058555603 7.66887998580933 7.66525411605835 7.66162872314453 7.65800285339355 7.65437698364258 7.6476469039917 7.6316032409668 7.61556005477905 7.59951686859131 7.58347320556641 7.56743001937866
7.76198101043701 7.77379322052002 7.78560543060303 7.79268503189087 7.79818725585938 7.80368947982788 7.80919170379639 7.81469392776489 7.8201961517334 7.8256983757019 7.82948017120361 7.82810163497925 7.82672309875488 7.82534408569336 7.82396554946899 7.82258701324463 7.82120847702026 7.8198299407959 7.81301498413086 7.80438852310181 7.7957615852356 7.78713512420654 7.77850818634033 7.76988172531128 7.76125526428223 7.7527174949646 7.74444723129272 7.73617696762085 7.72790622711182 7.71963596343994 7.71136569976807 7.70309543609619 7.69482517242432 7.6893801689148 7.68487787246704 7.68037509918213 7.67587232589722 7.6713695526123 7.66686677932739 7.66236400604248 7.65464973449707 7.63730096817017 7.61995220184326 7.60260343551636 7.58525466918945 7.56790590286255
7.78846168518066 7.80132913589478 7.81419610977173 7.82148551940918 7.82691621780396 7.83234643936157 7.83777713775635 7.84320735931396 7.84863805770874 7.85406827926636 7.85753440856934 7.85510873794556 7.85268259048462 7.85025644302368 7.8478307723999 7.84540462493896 7.84297847747803 7.84055280685425 7.83283472061157 7.8233528137207 7.81387138366699 7.80438947677612 7.79490756988525 7.78542566299438 7.77594375610352 7.76675987243652 7.75847101211548 7.75018167495728 7.74189281463623 7.73360347747803 7.72531414031982 7.71702527999878 7.70873594284058 7.70262908935547 7.69724941253662 7.69186973571777 7.68649005889893 7.68111038208008 7.67573118209839 7.67035150527954 7.6616530418396 7.64299869537354 7.62434434890747 7.60569000244141 7.58703565597534 7.56838130950928
7.79590654373169 7.80889368057251 7.82188129425049 7.82906866073608 7.83432292938232 7.83957672119141 7.84483098983765 7.85008478164673 7.85533905029297 7.86059284210205 7.8636965751648 7.86034822463989 7.85700035095215 7.85365200042725 7.85030364990234 7.8469557762146 7.8436074256897 7.8402590751648 7.83180618286133 7.82165145874023 7.8114972114563 7.8013424873352 7.79118776321411 7.78103351593018 7.77087879180908 7.76125860214233 7.75324058532715 7.74522256851196 7.73720455169678 7.72918653488159 7.72116851806641 7.71315050125122 7.70513248443604 7.69925165176392 7.69408369064331 7.6889157295227 7.6837477684021 7.67857980728149 7.67341184616089 7.66824340820312 7.65955066680908 7.64028310775757 7.62101554870605 7.6017484664917 7.58248090744019 7.56321334838867
7.78431510925293 7.79648780822754 7.80866098403931 7.81543397903442 7.82040739059448 7.82538032531738 7.83035326004028 7.83532667160034 7.84029960632324 7.84527254104614 7.84796619415283 7.84382104873657 7.83967542648315 7.8355302810669 7.83138513565063 7.82723951339722 7.82309436798096 7.8189492225647 7.80992889404297 7.7992844581604 7.78863954544067 7.77799463272095 7.76734972000122 7.75670528411865 7.74606037139893 7.73621225357056 7.72875547409058 7.7212986946106 7.71384191513062 7.70638465881348 7.6989278793335 7.69147109985352 7.68401432037354 7.67924880981445 7.67538070678711 7.67151308059692 7.66764497756958 7.66377687454224 7.65990877151489 7.65604066848755 7.64834260940552 7.62915420532227 7.60996627807617 7.59077787399292 7.57158946990967 7.55240106582642
7.77272367477417 7.78408241271973 7.79544067382812 7.80179929733276 7.80649185180664 7.81118392944336 7.81587600708008 7.8205680847168 7.82526016235352 7.82995223999023 7.83223581314087 7.82729339599609 7.82235097885132 7.81740856170654 7.81246614456177 7.80752372741699 7.80258131027222 7.79763889312744 7.78805208206177 7.77691698074341 7.76578187942505 7.75464677810669 7.74351167678833 7.73237657546997 7.72124195098877 7.71116638183594 7.70427083969116 7.69737482070923 7.69047927856445 7.68358325958252 7.67668724060059 7.66979169845581 7.66289567947388 7.65924596786499 7.65667772293091 7.65410995483398 7.65154218673706 7.64897394180298 7.64640617370605 7.64383792877197 7.63713455200195 7.61802577972412 7.59891653060913 7.57980728149414 7.56069803237915 7.54158878326416
7.76113224029541 7.77167654037476 7.78222036361694 7.78816509246826 7.7925763130188 7.79698705673218 7.80139827728271 7.80580949783325 7.81022071838379 7.81463193893433 7.81650543212891 7.81076574325562 7.80502653121948 7.79928684234619 7.7935471534729 7.78780794143677 7.78206825256348 7.77632856369019 7.76617479324341 7.75454950332642 7.74292421340942 7.73129892349243 7.71967363357544 7.70804834365845 7.69642305374146 7.68612051010132 7.67978572845459 7.67345094680786 7.66711664199829 7.66078186035156 7.65444707870483 7.6481122970581 7.64177751541138 7.63924312591553 7.63797521591187 7.6367073059082 7.63543891906738 7.63417100906372 7.63290309906006 7.6316351890564 7.62592697143555 7.60689687728882 7.58786678314209 7.56883668899536 7.54980659484863 7.5307765007019
7.74954128265381 7.75927066802979 7.76900053024292 7.7745304107666 7.77866077423096 7.78279066085815 7.78692102432251 7.79105091094971 7.79518127441406 7.79931163787842 7.80077505111694 7.79423809051514 7.78770160675049 7.78116512298584 7.77462863922119 7.76809167861938 7.76155519485474 7.75501871109009 7.74429798126221 7.73218250274658 7.7200665473938 7.70795106887817 7.69583559036255 7.68372011184692 7.6716046333313 7.6610746383667 7.65530109405518 7.64952754974365 7.64375400543213 7.63797998428345 7.63220643997192 7.6264328956604 7.62065935134888 7.61923980712891 7.61927223205566 7.61930418014526 7.61933612823486 7.61936855316162 7.61940050125122 7.61943244934082 7.61471891403198 7.59576797485352 7.57681703567505 7.55786609649658 7.53891515731812 7.51996421813965
7.73794984817505 7.74686479568481 7.75578022003174 7.76089572906494 7.76474523544312 7.76859426498413 7.77244329452515 7.77629280090332 7.78014183044434 7.78399085998535 7.78504467010498 7.77771091461182 7.77037715911865 7.76304340362549 7.75570964813232 7.74837589263916 7.741042137146 7.73370838165283 7.72242069244385 7.70981502532959 7.69720935821533 7.68460321426392 7.67199754714966 7.6593918800354 7.64678621292114 7.63602876663208 7.6308159828186 7.62560367584229 7.62039136886597 7.61517858505249 7.60996627807617 7.6047534942627 7.59954118728638 7.59923696517944 7.60056924819946 7.60190105438232 7.60323333740234 7.60456562042236 7.60589742660522 7.60722970962524 7.60351085662842 7.58463907241821 7.56576728820801 7.5468955039978 7.5280237197876 7.50915241241455
7.7220253944397 7.72914505004883 7.73626470565796 7.74000358581543 7.74261522293091 7.74522686004639 7.74783849716187 7.75045013427734 7.75306177139282 7.7556734085083 7.75564336776733 7.74768781661987 7.73973274230957 7.73177766799927 7.72382259368896 7.71586751937866 7.70791244506836 7.6999568939209 7.68896484375 7.67696046829224 7.66495561599731 7.65295124053955 7.64094638824463 7.62894201278687 7.61693716049194 7.60688924789429 7.6027102470398 7.5985312461853 7.59435272216797 7.59017372131348 7.58599472045898 7.58181619644165 7.57763719558716 7.57813119888306 7.58018255233765 7.5822343826294 7.58428573608398 7.58633708953857 7.58838844299316 7.59044027328491 7.5873498916626 7.56883478164673 7.55031967163086 7.53180456161499 7.51328945159912 7.49477434158325
7.7017674446106 7.70611095428467 7.71045398712158 7.71185302734375 7.71227073669434 7.71268796920776 7.71310567855835 7.71352291107178 7.71394062042236 7.71435832977295 7.712571144104 7.70417022705078 7.69576930999756 7.68736839294434 7.67896699905396 7.67056608200073 7.66216516494751 7.65376424789429 7.64392995834351 7.63361835479736 7.62330627441406 7.61299419403076 7.60268211364746 7.59237003326416 7.58205795288086 7.57365608215332 7.57098340988159 7.56831073760986 7.56563806533813 7.56296539306641 7.56029319763184 7.55762052536011 7.55494785308838 7.55592250823975 7.55811262130737 7.560302734375 7.56249332427979 7.56468343734741 7.56687355041504 7.56906414031982 7.56623649597168 7.54835510253906 7.5304741859436 7.51259279251099 7.49471139907837 7.47683048248291
