data/working_set_collections/6091692-Cassins_Sparrow-M2/2010/speed_avg.asc
NCOLS 265 
NROWS 230 
XLLCORNER -115.5625 
YLLCORNER 24.8333333333333 
CELLSIZE 0.0833333333333333 
NODATA_value -9999 
[rows 80 to 99 of 230, columns 0 to 45 of 265]
5.27129411697388 5.25478601455688 5.23827838897705 5.22177028656006 5.20526266098022 5.18875455856323 5.1722469329834 5.22832870483398 5.30860710144043 5.38888597488403 5.46916437149048 5.54944276809692 5.62972164154053 5.71000003814697 5.77247905731201 5.78155994415283 5.79064083099365 5.79972219467163 5.80880308151245 5.81788396835327 5.82696485519409 5.83604574203491 5.8253345489502 5.80802631378174 5.79071807861328 5.77340984344482 5.75610160827637 5.73879337310791 5.72148513793945 5.71374130249023 5.73469114303589 5.75564098358154 5.77659034729004 5.79754018783569 5.81849002838135 5.839439868927 5.8603892326355 5.84055948257446 5.80713605880737 5.77371263504028 5.74028921127319 5.70686626434326 5.67344284057617 5.64001941680908 5.59207677841187 5.50057506561279
5.19986295700073 5.17643880844116 5.15301465988159 5.12959098815918 5.10616683959961 5.08274269104004 5.05931854248047 5.11453771591187 5.19597101211548 5.27740430831909 5.3588376045227 5.44027137756348 5.52170467376709 5.6031379699707 5.6668643951416 5.6774697303772 5.68807506561279 5.69867992401123 5.70928525924683 5.71989059448242 5.73049592971802 5.74110126495361 5.74032735824585 5.7357611656189 5.73119449615479 5.72662782669067 5.72206115722656 5.71749448776245 5.71292781829834 5.71401309967041 5.73205423355103 5.75009536743164 5.76813650131226 5.78617763519287 5.80421876907349 5.82225942611694 5.84030055999756 5.81263637542725 5.76973724365234 5.72683763504028 5.68393850326538 5.64103937149048 5.59813976287842 5.55524063110352 5.50240230560303 5.41974782943726
5.12843227386475 5.09809160232544 5.06775140762329 5.03741121292114 5.00707101821899 4.97673082351685 4.9463906288147 5.00074672698975 5.08333492279053 5.16592311859131 5.24851131439209 5.33109951019287 5.41368770599365 5.49627590179443 5.56124973297119 5.5733790397644 5.58550882339478 5.59763813018799 5.60976791381836 5.62189722061157 5.63402700424194 5.64615678787231 5.6553201675415 5.6634955406189 5.67167043685913 5.67984533309937 5.68802070617676 5.69619560241699 5.70437097549438 5.71428537368774 5.72941780090332 5.7445502281189 5.75968265533447 5.77481460571289 5.78994703292847 5.80507946014404 5.82021188735962 5.78471374511719 5.73233842849731 5.67996311187744 5.62758779525757 5.5752124786377 5.52283716201782 5.47046184539795 5.41272830963135 5.33892059326172
5.0570011138916 5.01974439620972 4.98248815536499 4.94523143768311 4.90797519683838 4.87071847915649 4.83346223831177 4.88695526123047 4.97069835662842 5.05444145202637 5.13818454742432 5.22192764282227 5.30567073822021 5.38941383361816 5.45563459396362 5.46928882598877 5.48294258117676 5.49659633636475 5.51025056838989 5.52390432357788 5.53755807876587 5.55121183395386 5.57031297683716 5.5912299156189 5.61214685440063 5.63306331634521 5.65398025512695 5.67489671707153 5.69581365585327 5.71455717086792 5.72678089141846 5.73900461196899 5.75122833251953 5.76345205307007 5.7756757736206 5.78789949417114 5.80012321472168 5.75679063796997 5.69493961334229 5.63308811187744 5.5712366104126 5.50938558578491 5.44753408432007 5.38568258285522 5.32305383682251 5.25809335708618
5.03147792816162 4.9929084777832 4.95433855056763 4.91576910018921 4.87719964981079 4.83862972259521 4.8000602722168 4.85042476654053 4.93043375015259 5.01044321060181 5.09045267105103 5.17046165466309 5.2504711151123 5.33048057556152 5.39500379562378 5.41306781768799 5.43113231658936 5.44919681549072 5.46726131439209 5.4853253364563 5.50338983535767 5.52145433425903 5.54276466369629 5.56515645980835 5.58754873275757 5.60994100570679 5.63233327865601 5.65472507476807 5.67711734771729 5.6950364112854 5.69953489303589 5.70403385162354 5.70853281021118 5.71303176879883 5.71753025054932 5.72202920913696 5.72652816772461 5.67960786819458 5.6155481338501 5.55148839950562 5.48742818832397 5.42336845397949 5.35930871963501 5.29524898529053 5.23536920547485 5.18803119659424
5.05186319351196 5.01758337020874 4.98330354690552 4.9490237236023 4.91474390029907 4.88046407699585 4.84618425369263 4.89115428924561 4.96254110336304 5.03392791748047 5.1053147315979 5.17670202255249 5.24808883666992 5.31947565078735 5.37935590744019 5.40471696853638 5.43007802963257 5.45543909072876 5.48080015182495 5.50616121292114 5.53152227401733 5.55688333511353 5.57267427444458 5.58527565002441 5.59787702560425 5.61047792434692 5.62307929992676 5.63568067550659 5.64828205108643 5.65572214126587 5.64767980575562 5.63963794708252 5.63159561157227 5.62355327606201 5.61551094055176 5.6074686050415 5.59942674636841 5.55316543579102 5.49416446685791 5.4351634979248 5.3761625289917 5.31716156005859 5.25816106796265 5.19916009902954 5.14967393875122 5.12873363494873
5.07224798202515 5.04225778579712 5.01226806640625 4.98227787017822 4.95228815078735 4.92229795455933 4.8923077583313 4.93188381195068 4.99464845657349 5.05741262435913 5.12017726898193 5.18294191360474 5.24570608139038 5.30847072601318 5.36370849609375 5.39636611938477 5.42902374267578 5.4616813659668 5.49433898925781 5.52699661254883 5.559654712677 5.59231233596802 5.60258436203003 5.60539484024048 5.60820484161377 5.61101531982422 5.61382579803467 5.61663627624512 5.61944627761841 5.6164083480835 5.5958251953125 5.57524156570435 5.55465841293335 5.5340747833252 5.5134916305542 5.4929084777832 5.47232484817505 5.42672252655029 5.37278079986572 5.31883907318115 5.26489686965942 5.21095514297485 5.15701293945312 5.10307121276855 5.06397914886475 5.06943655014038
5.09263277053833 5.06693267822266 5.04123258590698 5.01553249359131 4.98983240127563 4.9641318321228 4.93843173980713 4.97261333465576 5.02675533294678 5.08089733123779 5.13503980636597 5.18918180465698 5.243323802948 5.29746580123901 5.34806108474731 5.38801527023315 5.42796945571899 5.46792411804199 5.50787830352783 5.54783248901367 5.58778667449951 5.62774133682251 5.63249444961548 5.62551355361938 5.61853313446045 5.61155271530151 5.60457229614258 5.59759140014648 5.59061098098755 5.57709455490112 5.54397010803223 5.51084566116333 5.47772121429443 5.44459676742554 5.41147232055664 5.37834787368774 5.34522342681885 5.30028009414673 5.25139713287354 5.20251417160034 5.15363121032715 5.10474824905396 5.05586528778076 5.00698232650757 4.97828388214111 5.01013946533203
5.11301803588867 5.09160757064819 5.07019710540771 5.04878664016724 5.02737665176392 5.00596618652344 4.98455572128296 5.01334285736084 5.05886268615723 5.10438203811646 5.14990186691284 5.19542169570923 5.24094104766846 5.28646087646484 5.33241319656372 5.37966442108154 5.42691516876221 5.47416639328003 5.52141714096069 5.56866836547852 5.61591911315918 5.663170337677 5.66240453720093 5.64563274383545 5.62886142730713 5.61209011077881 5.59531831741333 5.57854700088501 5.56177520751953 5.53778028488159 5.49211502075195 5.44644927978516 5.40078401565552 5.35511827468872 5.30945301055908 5.26378726959229 5.21812200546265 5.17383766174316 5.13001346588135 5.08618927001953 5.04236555099487 4.99854135513306 4.9547176361084 4.91089344024658 4.89258861541748 4.95084238052368
5.13340282440186 5.11628246307373 5.09916162490845 5.08204126358032 5.0649209022522 5.04780006408691 5.03067970275879 5.05407238006592 5.09096956253052 5.12786722183228 5.16476440429688 5.20166158676147 5.23855876922607 5.27545595169067 5.31676578521729 5.37131357192993 5.42586088180542 5.48040866851807 5.53495645523071 5.5895037651062 5.64405155181885 5.69859933853149 5.69231414794922 5.66575193405151 5.63918972015381 5.61262702941895 5.58606481552124 5.55950212478638 5.53293991088867 5.49846649169922 5.44025993347168 5.38205337524414 5.3238468170166 5.26564025878906 5.20743322372437 5.14922666549683 5.09102010726929 5.04739475250244 5.00862979888916 4.96986484527588 4.9310998916626 4.89233446121216 4.85356950759888 4.8148045539856 4.80689382553101 4.89154529571533
5.15760803222656 5.14675807952881 5.13590812683105 5.1250581741333 5.11420822143555 5.10335826873779 5.09250831604004 5.10791921615601 5.13208341598511 5.15624761581421 5.18041229248047 5.20457649230957 5.22874069213867 5.25290536880493 5.28467178344727 5.33924436569214 5.39381694793701 5.44838953018188 5.50296211242676 5.55753469467163 5.6121072769165 5.66667985916138 5.66008806228638 5.63310766220093 5.60612773895264 5.57914733886719 5.55216693878174 5.52518701553345 5.498206615448 5.46343564987183 5.40529298782349 5.34714984893799 5.28900718688965 5.23086404800415 5.17272138595581 5.11457824707031 5.05643558502197 5.01426887512207 4.97742795944214 4.94058704376221 4.90374612808228 4.86690521240234 4.83006381988525 4.79322290420532 4.78839921951294 4.87962675094604
5.18563413619995 5.18303537368774 5.18043661117554 5.17783784866333 5.17523908615112 5.17264032363892 5.17004156112671 5.17488288879395 5.18220376968384 5.18952465057373 5.19684553146362 5.20416641235352 5.21148777008057 5.21880865097046 5.2361307144165 5.28345680236816 5.33078289031982 5.37810850143433 5.42543458938599 5.47276067733765 5.52008676528931 5.56741285324097 5.56572532653809 5.54770040512085 5.52967548370361 5.51165056228638 5.49362564086914 5.4756007194519 5.45757579803467 5.43268871307373 5.38721418380737 5.34173965454102 5.29626512527466 5.2507905960083 5.2053165435791 5.15984201431274 5.11436748504639 5.07446002960205 5.03640794754028 4.99835634231567 4.96030426025391 4.9222526550293 4.88420057296753 4.84614849090576 4.83710527420044 4.91508626937866
5.21365976333618 5.21931219100952 5.22496509552002 5.23061752319336 5.2362699508667 5.24192237854004 5.24757528305054 5.24184656143188 5.23232412338257 5.22280168533325 5.21327924728394 5.20375680923462 5.1942343711853 5.18471193313599 5.18758964538574 5.22766923904419 5.26774835586548 5.30782794952393 5.34790706634521 5.38798666000366 5.42806577682495 5.4681453704834 5.47136306762695 5.46229314804077 5.45322370529175 5.44415378570557 5.43508434295654 5.42601442337036 5.41694498062134 5.40194129943848 5.36913537979126 5.33632946014404 5.30352306365967 5.27071714401245 5.23791122436523 5.20510530471802 5.1722993850708 5.13465070724487 5.09538793563843 5.05612564086914 5.0168628692627 4.97760009765625 4.9383373260498 4.89907455444336 4.88581132888794 4.95054626464844
5.24168539047241 5.25558948516846 5.26949310302734 5.28339719772339 5.29730081558228 5.31120491027832 5.32510852813721 5.30881023406982 5.2824444770813 5.25607824325562 5.22971248626709 5.20334672927856 5.17698097229004 5.15061521530151 5.13904905319214 5.17188167572021 5.20471429824829 5.23754692077637 5.2703800201416 5.30321264266968 5.33604526519775 5.36887788772583 5.37700033187866 5.37688589096069 5.37677145004272 5.37665700912476 5.37654256820679 5.37642812728882 5.37631416320801 5.37119388580322 5.35105609893799 5.33091878890991 5.31078147888184 5.2906436920166 5.27050638198853 5.25036907196045 5.23023128509521 5.19484186172485 5.15436840057373 5.11389446258545 5.07342100143433 5.0329475402832 4.99247360229492 4.9520001411438 4.93451690673828 4.98600578308105
5.26971101760864 5.29186630249023 5.31402158737183 5.33617639541626 5.35833168029785 5.38048696517944 5.40264177322388 5.37577390670776 5.33256435394287 5.28935527801514 5.2461462020874 5.20293664932251 5.15972757339478 5.11651849746704 5.09050798416138 5.11609411239624 5.1416802406311 5.16726636886597 5.19285249710083 5.21843862533569 5.24402475357056 5.26961088180542 5.28263759613037 5.29147863388062 5.30031967163086 5.30916023254395 5.31800127029419 5.32684230804443 5.33568286895752 5.34044647216797 5.33297729492188 5.32550859451294 5.31803941726685 5.31057024002075 5.30310153961182 5.29563236236572 5.28816366195679 5.25503301620483 5.21334838867188 5.17166376113892 5.12997913360596 5.08829498291016 5.0466103553772 5.00492572784424 4.98322296142578 5.02146577835083
5.29773712158203 5.32814311981201 5.35854959487915 5.38895606994629 5.41936254501343 5.44976902008057 5.4801754951477 5.4427375793457 5.3826847076416 5.32263231277466 5.26257944107056 5.20252704620361 5.14247417449951 5.08242177963257 5.04196691513062 5.06030654907227 5.07864618301392 5.09698534011841 5.11532497406006 5.13366460800171 5.1520037651062 5.17034339904785 5.18827533721924 5.20607137680054 5.22386741638184 5.24166345596313 5.25945997238159 5.27725601196289 5.29505205154419 5.30969905853271 5.31489849090576 5.32009792327881 5.32529735565186 5.3304967880249 5.33569669723511 5.34089612960815 5.3460955619812 5.31522369384766 5.27232837677002 5.22943305969238 5.18653774261475 5.14364242553711 5.10074663162231 5.05785131454468 5.03192901611328 5.05692577362061
5.32485055923462 5.36200046539307 5.39915037155151 5.43630027770996 5.47345018386841 5.51060009002686 5.5477499961853 5.50666379928589 5.43949890136719 5.37233352661133 5.30516862869263 5.23800373077393 5.17083883285522 5.10367345809937 5.05719327926636 5.07276582717896 5.08833885192871 5.10391187667847 5.11948490142822 5.13505792617798 5.15063095092773 5.16620397567749 5.18878316879272 5.21369791030884 5.23861217498779 5.26352691650391 5.28844165802002 5.31335592269897 5.33827066421509 5.36022663116455 5.37330722808838 5.38638734817505 5.39946746826172 5.41254806518555 5.42562818527222 5.43870878219604 5.45178890228271 5.42267084121704 5.37948656082153 5.33630180358887 5.29311752319336 5.24993324279785 5.20674896240234 5.16356468200684 5.13474655151367 5.14902687072754
5.35105180740356 5.39343738555908 5.43582344055176 5.47820901870728 5.52059459686279 5.56298065185547 5.60536623001099 5.56755304336548 5.50300645828247 5.43845987319946 5.37391376495361 5.30936717987061 5.2448205947876 5.18027400970459 5.13618612289429 5.15347242355347 5.1707592010498 5.18804597854614 5.20533275604248 5.22261953353882 5.239905834198 5.25719261169434 5.28416156768799 5.31435775756836 5.34455394744873 5.3747501373291 5.40494632720947 5.43514251708984 5.46533870697021 5.49202919006348 5.50820302963257 5.5243763923645 5.54054975509644 5.55672359466553 5.57289695739746 5.58907032012939 5.60524368286133 5.57737350463867 5.53482246398926 5.49227094650269 5.44971942901611 5.40716791152954 5.36461639404297 5.3220648765564 5.2916750907898 5.29776906967163
5.37725305557251 5.42487478256226 5.472496509552 5.52011775970459 5.56773948669434 5.61536073684692 5.66298246383667 5.62844181060791 5.56651401519775 5.5045862197876 5.44265842437744 5.38073062896729 5.31880235671997 5.25687456130981 5.21517896652222 5.23417901992798 5.2531795501709 5.27218008041382 5.29118013381958 5.3101806640625 5.32918071746826 5.34818124771118 5.37953996658325 5.41501760482788 5.45049571990967 5.4859733581543 5.52145099639893 5.55692911148071 5.59240674972534 5.62383222579956 5.64309883117676 5.66236543655396 5.68163204193115 5.70089864730835 5.72016525268555 5.7394323348999 5.7586989402771 5.73207664489746 5.69015789031982 5.64823961257935 5.60632085800171 5.56440258026123 5.52248430252075 5.48056554794312 5.44860363006592 5.44651174545288
5.40345478057861 5.45631217956543 5.50916957855225 5.5620265007019 5.61488389968872 5.66774129867554 5.72059869766235 5.6893310546875 5.63002157211304 5.57071256637573 5.51140308380127 5.45209407806396 5.3927845954895 5.33347511291504 5.29417181015015 5.31488561630249 5.33559989929199 5.35631370544434 5.37702798843384 5.39774179458618 5.41845607757568 5.43916988372803 5.47491788864136 5.5156774520874 5.55643701553345 5.59719657897949 5.63795614242554 5.67871570587158 5.71947526931763 5.75563478469849 5.77799463272095 5.80035448074341 5.82271432876587 5.84507417678833 5.86743402481079 5.88979387283325 5.91215372085571 5.88677930831909 5.84549379348755 5.80420827865601 5.76292276382446 5.72163724899292 5.68035173416138 5.63906621932983 5.60553216934204 5.59525394439697
