data/working_set_collections/6091692-Cassins_Sparrow-M2/2010/t2m_avg.asc
NCOLS 265 
NROWS 230 
XLLCORNER -115.5625 
YLLCORNER 24.8333333333333 
CELLSIZE 0.0833333333333333 
NODATA_value -9999 
[rows 100 to 119 of 230, columns 0 to 45 of 265]
289.767059326172 289.931304931641 290.095550537109 290.259765625 290.424011230469 290.588256835938 290.752471923828 290.904327392578 291.052032470703 291.19970703125 291.347412109375 291.4951171875 291.642822265625 291.79052734375 291.798950195312 291.389465332031 290.97998046875 290.570526123047 290.161041259766 289.751556396484 289.342102050781 288.9326171875 288.581207275391 288.249176025391 287.917144775391 287.585113525391 287.253082275391 286.921051025391 286.589019775391 286.300476074219 286.142333984375 285.984222412109 285.826080322266 285.667938232422 285.509826660156 285.351684570312 285.193542480469 284.982299804688 284.753326416016 284.524383544922 284.29541015625 284.066436767578 283.837463378906 283.608520507812 283.541717529297 283.96142578125
289.779998779297 289.873443603516 289.966888427734 290.060333251953 290.153778076172 290.247222900391 290.340667724609 290.503479003906 290.689422607422 290.875366210938 291.061279296875 291.247222900391 291.433166503906 291.619079589844 291.659637451172 291.263977050781 290.868347167969 290.472686767578 290.077056884766 289.681396484375 289.285766601562 288.890106201172 288.546844482422 288.221038818359 287.895233154297 287.569396972656 287.243591308594 286.917785644531 286.591979980469 286.309448242188 286.156707763672 286.003967285156 285.851226806641 285.698516845703 285.545776367188 285.393035888672 285.240295410156 284.997314453125 284.724243164062 284.451171875 284.178100585938 283.905029296875 283.631927490234 283.358856201172 283.268829345703 283.727874755859
289.863372802734 289.928649902344 289.993957519531 290.059265136719 290.124542236328 290.189849853516 290.255126953125 290.424621582031 290.628845214844 290.833068847656 291.037292480469 291.241516113281 291.445739746094 291.649963378906 291.705261230469 291.313873291016 290.922454833984 290.531036376953 290.1396484375 289.748229980469 289.356811523438 288.965423583984 288.625457763672 288.302642822266 287.979827880859 287.657012939453 287.334197998047 287.011413574219 286.688598632812 286.409698486328 286.262573242188 286.115447998047 285.968322753906 285.821197509766 285.674072265625 285.526947021484 285.379821777344 285.124237060547 284.832458496094 284.540710449219 284.248931884766 283.957183837891 283.665435791016 283.373657226562 283.26318359375 283.696533203125
290.017181396484 290.096954345703 290.176727294922 290.256530761719 290.336303710938 290.416076660156 290.495849609375 290.667724609375 290.870300292969 291.072845458984 291.275421142578 291.477996826172 291.680572509766 291.883117675781 291.935852050781 291.539093017578 291.142333984375 290.745574951172 290.348815917969 289.952056884766 289.555297851562 289.158538818359 288.817047119141 288.494018554688 288.170989990234 287.847961425781 287.524932861328 287.201873779297 286.878845214844 286.601257324219 286.459930419922 286.318634033203 286.177337646484 286.036041259766 285.894744873047 285.75341796875 285.612121582031 285.363037109375 285.078002929688 284.792999267578 284.507965087891 284.222961425781 283.937927246094 283.652923583984 283.524780273438 283.867340087891
290.170989990234 290.265258789062 290.359527587891 290.453796386719 290.548034667969 290.642303466797 290.736572265625 290.910827636719 291.111724853516 291.312652587891 291.513549804688 291.714477539062 291.915374755859 292.116302490234 292.166442871094 291.764343261719 291.362213134766 290.960113525391 290.557983398438 290.155883789062 289.753753662109 289.351654052734 289.008666992188 288.685394287109 288.362152099609 288.038879394531 287.715637207031 287.392364501953 287.069122314453 286.792785644531 286.657318115234 286.521820068359 286.386352539062 286.250854492188 286.115386962891 285.979888916016 285.844421386719 285.601837158203 285.323577880859 285.045288085938 284.766998291016 284.488739013672 284.21044921875 283.932159423828 283.786407470703 284.038177490234
290.324798583984 290.433563232422 290.542297363281 290.651062011719 290.759796142578 290.868530273438 290.977294921875 291.153930664062 291.353179931641 291.552429199219 291.751678466797 291.950958251953 292.150207519531 292.349456787109 292.397033691406 291.989562988281 291.582092285156 291.174621582031 290.767150878906 290.359680175781 289.952209472656 289.544769287109 289.200286865234 288.876800537109 288.553314208984 288.229827880859 287.906341552734 287.582855224609 287.259368896484 286.984344482422 286.854675292969 286.725006103516 286.595367431641 286.465698242188 286.336029052734 286.206390380859 286.076721191406 285.840667724609 285.569122314453 285.297576904297 285.026031494141 284.754486083984 284.482971191406 284.21142578125 284.048004150391 284.208984375
290.478607177734 290.601837158203 290.725067138672 290.848327636719 290.971557617188 291.094787597656 291.218017578125 291.397003173828 291.594604492188 291.792205810547 291.989807128906 292.187408447266 292.385009765625 292.582611083984 292.627624511719 292.214782714844 291.801971435547 291.38916015625 290.976318359375 290.563507080078 290.150695800781 289.737884521484 289.391876220703 289.068176269531 288.744476318359 288.420745849609 288.097045898438 287.773345947266 287.449615478516 287.175872802734 287.052032470703 286.928192138672 286.804382324219 286.680541992188 286.556701660156 286.432861328125 286.309020996094 286.079467773438 285.814666748047 285.549865722656 285.285064697266 285.020263671875 284.755462646484 284.490661621094 284.309631347656 284.379821777344
290.632415771484 290.770141601562 290.907867431641 291.045593261719 291.183288574219 291.321014404297 291.458740234375 291.640106201172 291.836059570312 292.032012939453 292.227935791016 292.423889160156 292.619842529297 292.815795898438 292.858184814453 292.440032958984 292.021850585938 291.603668212891 291.185516357422 290.767333984375 290.349151611328 289.930999755859 289.58349609375 289.259552001953 288.935607910156 288.611694335938 288.287750244141 287.963806152344 287.639892578125 287.367431640625 287.249420166016 287.131408691406 287.013366699219 286.895355224609 286.77734375 286.659332275391 286.541320800781 286.318267822266 286.060211181641 285.802154541016 285.544097900391 285.286041259766 285.027984619141 284.769927978516 284.571228027344 284.550628662109
291.006378173828 291.134674072266 291.263000488281 291.391296386719 291.519622802734 291.647918701172 291.776245117188 291.950347900391 292.139709472656 292.329071044922 292.518463134766 292.707824707031 292.897186279297 293.086547851562 293.127990722656 292.7255859375 292.323211669922 291.920806884766 291.518432617188 291.116027832031 290.713653564453 290.311279296875 289.968872070312 289.646453857422 289.324035644531 289.001647949219 288.679229736328 288.356811523438 288.034423828125 287.756622314453 287.612640380859 287.468688964844 287.324737548828 287.180786132812 287.036804199219 286.892852783203 286.748901367188 286.548370361328 286.328979492188 286.109588623047 285.890228271484 285.670837402344 285.451446533203 285.232086181641 285.039611816406 284.927917480469
291.600433349609 291.695434570312 291.790466308594 291.885498046875 291.980529785156 292.075531005859 292.170562744141 292.327728271484 292.505584716797 292.683441162109 292.861328125 293.039184570312 293.217041015625 293.394927978516 293.436950683594 293.071502685547 292.706024169922 292.340576171875 291.97509765625 291.609619140625 291.244171142578 290.878692626953 290.548004150391 290.228851318359 289.909729003906 289.590606689453 289.271484375 288.952331542969 288.633209228516 288.343444824219 288.141784667969 287.940093994141 287.738433837891 287.536743164062 287.335083007812 287.133422851562 286.931732177734 286.769744873047 286.620971679688 286.472198486328 286.323425292969 286.174682617188 286.025909423828 285.877136230469 285.714782714844 285.511688232422
292.194488525391 292.256225585938 292.317962646484 292.379669189453 292.44140625 292.503143310547 292.564880371094 292.705078125 292.871459960938 293.037811279297 293.204193115234 293.370544433594 293.536926269531 293.703277587891 293.745941162109 293.417388916016 293.088836669922 292.760314941406 292.431762695312 292.103210449219 291.774688720703 291.446136474609 291.127105712891 290.811279296875 290.495422363281 290.179565429688 289.863708496094 289.547882080078 289.232025146484 288.930297851562 288.6708984375 288.411499023438 288.152130126953 287.892730712891 287.633361816406 287.373962402344 287.114593505859 286.991119384766 286.912963867188 286.834808349609 286.756652832031 286.678497314453 286.600341796875 286.522186279297 286.389953613281 286.095458984375
292.788543701172 292.816986083984 292.845428466797 292.873870849609 292.902313232422 292.930755615234 292.959197998047 293.082458496094 293.237335205078 293.392181396484 293.547058105469 293.701934814453 293.856781005859 294.011657714844 294.054901123047 293.763275146484 293.4716796875 293.180053710938 292.888427734375 292.596832275391 292.305206298828 292.013580322266 291.706237792969 291.393676757812 291.081115722656 290.768524169922 290.455963134766 290.143402099609 289.830810546875 289.517120361328 289.200012207031 288.882934570312 288.565826416016 288.248718261719 287.931610107422 287.614532470703 287.297424316406 287.212493896484 287.204956054688 287.197418212891 287.189880371094 287.182312011719 287.174774169922 287.167236328125 287.065124511719 286.679260253906
293.382598876953 293.377746582031 293.372894287109 293.368072509766 293.363220214844 293.358367919922 293.353515625 293.459838867188 293.603210449219 293.746551513672 293.889923095703 294.033294677734 294.176666259766 294.320037841797 294.363891601562 294.109191894531 293.8544921875 293.599792480469 293.345092773438 293.090423583984 292.835723876953 292.581024169922 292.285369873047 291.97607421875 291.666809082031 291.357513427734 291.048217773438 290.738922119141 290.429626464844 290.103942871094 289.729125976562 289.354339599609 288.979522705078 288.604705810547 288.229888916016 287.855072021484 287.480255126953 287.433868408203 287.496948242188 287.559997558594 287.623077392578 287.686157226562 287.749237060547 287.812286376953 287.740295410156 287.263031005859
293.976654052734 293.938507080078 293.900390625 293.862243652344 293.824127197266 293.785980224609 293.747833251953 293.837219238281 293.969085693359 294.100921630859 294.232788085938 294.364654541016 294.496520996094 294.628387451172 294.6728515625 294.455078125 294.2373046875 294.01953125 293.8017578125 293.584014892578 293.366241455078 293.148468017578 292.864501953125 292.558502197266 292.252471923828 291.946472167969 291.640441894531 291.334442138672 291.028442382812 290.690795898438 290.258270263672 289.825744628906 289.393218994141 288.960693359375 288.528167724609 288.095642089844 287.663116455078 287.655242919922 287.788940429688 287.922607421875 288.056304931641 288.189971923828 288.323669433594 288.457336425781 288.415435791016 287.846801757812
294.264892578125 294.230316162109 294.195739746094 294.161163330078 294.126586914062 294.092010498047 294.057434082031 294.139526367188 294.260528564453 294.381530761719 294.502532958984 294.62353515625 294.744506835938 294.865509033203 294.907196044922 294.711029052734 294.514862060547 294.318664550781 294.122497558594 293.926300048828 293.730133056641 293.533966064453 293.263977050781 292.969421386719 292.674835205078 292.380279541016 292.085693359375 291.791137695312 291.49658203125 291.168029785156 290.737518310547 290.307006835938 289.876495361328 289.446014404297 289.015502929688 288.584991455078 288.154479980469 288.157257080078 288.304443359375 288.451629638672 288.598815917969 288.746002197266 288.893188476562 289.040374755859 289.002319335938 288.408508300781
294.247283935547 294.253112792969 294.258972167969 294.264801025391 294.270629882812 294.276489257812 294.282318115234 294.366851806641 294.477600097656 294.588348388672 294.699096679688 294.809844970703 294.920623779297 295.031372070312 295.066955566406 294.877044677734 294.687103271484 294.497192382812 294.307250976562 294.117340087891 293.927429199219 293.737487792969 293.483795166016 293.208831787109 292.933898925781 292.658935546875 292.383972167969 292.109008789062 291.834045410156 291.53564453125 291.166900634766 290.798156738281 290.429412841797 290.060668945312 289.69189453125 289.323150634766 288.954406738281 288.939910888672 289.043487548828 289.147064208984 289.250671386719 289.354248046875 289.457824707031 289.561431884766 289.500915527344 288.948150634766
294.229675292969 294.275939941406 294.322174072266 294.368438720703 294.414672851562 294.4609375 294.507202148438 294.594146728516 294.694641113281 294.795166015625 294.895690917969 294.996185302734 295.096710205078 295.197235107422 295.226684570312 295.043029785156 294.859375 294.675689697266 294.492034912109 294.308380126953 294.124694824219 293.941040039062 293.70361328125 293.448272705078 293.192932128906 292.937591552734 292.682220458984 292.426879882812 292.171539306641 291.903289794922 291.596282958984 291.289306640625 290.982299804688 290.67529296875 290.368316650391 290.061309814453 289.754333496094 289.722564697266 289.782531738281 289.842529296875 289.902496337891 289.962493896484 290.0224609375 290.082458496094 289.99951171875 289.48779296875
294.212066650391 294.298736572266 294.385406494141 294.472076416016 294.558746337891 294.645416259766 294.732055664062 294.821441650391 294.911712646484 295.001983642578 295.092254638672 295.182525634766 295.272796630859 295.363098144531 295.386444091797 295.209014892578 295.031616210938 294.854217529297 294.676818847656 294.499389648438 294.321990966797 294.144592285156 293.923431396484 293.687713623047 293.451965332031 293.216217041016 292.980499267578 292.744750976562 292.509033203125 292.270904541016 292.025665283203 291.780426025391 291.535186767578 291.289947509766 291.044708251953 290.799468994141 290.554229736328 290.505218505859 290.521575927734 290.537963867188 290.554351806641 290.570709228516 290.587097167969 290.603485107422 290.498107910156 290.027435302734
294.194458007812 294.321563720703 294.448638916016 294.575714111328 294.702789306641 294.829864501953 294.956939697266 295.048736572266 295.128784179688 295.208801269531 295.288848876953 295.368865966797 295.448913574219 295.528930664062 295.546173095703 295.375030517578 295.203887939453 295.03271484375 294.861572265625 294.6904296875 294.519287109375 294.34814453125 294.143249511719 293.927124023438 293.710998535156 293.494873046875 293.278747558594 293.062622070312 292.846496582031 292.638549804688 292.455047607422 292.271575927734 292.088104248047 291.904602050781 291.721130371094 291.537628173828 291.354156494141 291.287872314453 291.260650634766 291.2333984375 291.206176757812 291.178955078125 291.151733398438 291.12451171875 290.996673583984 290.567077636719
294.176879882812 294.344360351562 294.511840820312 294.679351806641 294.846832275391 295.014343261719 295.181823730469 295.276031494141 295.345825195312 295.415618896484 295.485412597656 295.555206298828 295.625 295.694793701172 295.705932617188 295.541015625 295.376129150391 295.211242675781 295.046356201172 294.881469726562 294.716552734375 294.551666259766 294.363067626953 294.166564941406 293.970031738281 293.773529052734 293.577026367188 293.380493164062 293.183990478516 293.006164550781 292.884460449219 292.762725830078 292.640991210938 292.519256591797 292.397521972656 292.275787353516 292.154052734375 292.070526123047 291.999694824219 291.928863525391 291.858032226562 291.787200927734 291.716369628906 291.645538330078 291.495269775391 291.106719970703
