data/working_set_collections/6091692-Cassins_Sparrow-M2/2010/t2m_avg.asc
NCOLS 265 
NROWS 230 
XLLCORNER -115.5625 
YLLCORNER 24.8333333333333 
CELLSIZE 0.0833333333333333 
NODATA_value -9999 
[rows 140 to 159 of 230, columns 46 to 91 of 265]
294.175079345703 294.062103271484 293.949157714844 293.836181640625 293.723236083984 293.610260009766 293.324493408203 292.981109619141 292.637756347656 292.294372558594 291.950988769531 291.607604980469 291.264251708984 290.967132568359 290.808898925781 290.650665283203 290.492431640625 290.334197998047 290.175964355469 290.017730712891 289.859497070312 289.829040527344 289.841186523438 289.853302001953 289.865447998047 289.877593994141 289.889709472656 289.90185546875 289.893402099609 289.8232421875 289.753051757812 289.682891845703 289.612731933594 289.542541503906 289.472381591797 289.402191162109 289.362243652344 289.332366943359 289.302459716797 289.272583007812 289.24267578125 289.212799072266 289.182922363281 289.188842773438 289.302215576172 289.415588378906
293.969970703125 293.851715087891 293.733459472656 293.615234375 293.496978759766 293.378753662109 293.106903076172 292.783874511719 292.460845947266 292.137817382812 291.814758300781 291.491729736328 291.168701171875 290.889434814453 290.741394042969 290.593353271484 290.4453125 290.297271728516 290.149230957031 290.001220703125 289.853179931641 289.807250976562 289.795379638672 289.783508300781 289.771636962891 289.759796142578 289.747924804688 289.736053466797 289.716583251953 289.674377441406 289.632171630859 289.589996337891 289.547790527344 289.505584716797 289.46337890625 289.421173095703 289.410095214844 289.409393310547 289.40869140625 289.407989501953 289.407287597656 289.406555175781 289.405853271484 289.431854248047 289.537963867188 289.644073486328
293.764831542969 293.641326904297 293.517791748047 293.394256591797 293.270751953125 293.147216796875 292.889312744141 292.586639404297 292.283935546875 291.981231689453 291.678558349609 291.375854492188 291.073181152344 290.811706542969 290.673858642578 290.536010742188 290.398193359375 290.260345458984 290.122497558594 289.984680175781 289.846832275391 289.785461425781 289.749603271484 289.713714599609 289.677856445312 289.641967773438 289.606109619141 289.570220947266 289.539764404297 289.525543212891 289.511322021484 289.4970703125 289.482849121094 289.468627929688 289.454376220703 289.440155029297 289.457946777344 289.486419677734 289.514923095703 289.543395996094 289.571868896484 289.600341796875 289.628814697266 289.674865722656 289.773712158203 289.872528076172
293.559722900391 293.430908203125 293.302124023438 293.173309326172 293.044494628906 292.915679931641 292.671722412109 292.389373779297 292.107025146484 291.824676513672 291.542327880859 291.259979248047 290.977630615234 290.733978271484 290.606323242188 290.478698730469 290.351043701172 290.223419189453 290.095764160156 289.968139648438 289.840515136719 289.763671875 289.703796386719 289.643920898438 289.584045410156 289.524169921875 289.464294433594 289.404418945312 289.362945556641 289.376678466797 289.390441894531 289.404174804688 289.417907714844 289.431640625 289.445404052734 289.459136962891 289.505828857422 289.5634765625 289.621124267578 289.678802490234 289.736450195312 289.794097900391 289.851776123047 289.917907714844 290.009460449219 290.101013183594
293.400268554688 293.260345458984 293.120422363281 292.980499267578 292.840576171875 292.700653076172 292.464508056641 292.1962890625 291.928070068359 291.659851074219 291.391632080078 291.123413085938 290.855194091797 290.624877929688 290.508270263672 290.391632080078 290.275024414062 290.158416748047 290.041778564453 289.925170898438 289.808563232422 289.732421875 289.669799804688 289.607147216797 289.544494628906 289.481872558594 289.419219970703 289.356597900391 289.314605712891 289.334655761719 289.354675292969 289.374694824219 289.394714355469 289.414764404297 289.434783935547 289.454803466797 289.517364501953 289.594085693359 289.670806884766 289.747528076172 289.824249267578 289.900970458984 289.977691650391 290.057983398438 290.149017333984 290.240081787109
293.286468505859 293.129608154297 292.972717285156 292.815826416016 292.658966064453 292.502075195312 292.267639160156 292.00732421875 291.747039794922 291.486724853516 291.226440429688 290.966125488281 290.705810546875 290.484405517578 290.379638671875 290.274871826172 290.170104980469 290.065338134766 289.960540771484 289.855773925781 289.751007080078 289.691711425781 289.647552490234 289.603363037109 289.559204101562 289.515045166016 289.470886230469 289.426727294922 289.394744873047 289.399383544922 289.404022216797 289.408660888672 289.413299560547 289.417907714844 289.422546386719 289.427185058594 289.492584228516 289.578247070312 289.663909912109 289.749572753906 289.835235595703 289.9208984375 290.006561279297 290.095153808594 290.192443847656 290.289703369141
293.172668457031 292.998840332031 292.825012207031 292.651184082031 292.477355957031 292.303527832031 292.070770263672 291.818389892578 291.566009521484 291.313629150391 291.061248779297 290.808837890625 290.556457519531 290.343933105469 290.251007080078 290.158081054688 290.065155029297 289.972229003906 289.879302978516 289.786407470703 289.693481445312 289.650970458984 289.625274658203 289.599609375 289.573913574219 289.548217773438 289.522552490234 289.496856689453 289.474914550781 289.464141845703 289.453369140625 289.442596435547 289.431854248047 289.421081542969 289.410308837891 289.399536132812 289.467803955078 289.562408447266 289.657043457031 289.751647949219 289.846252441406 289.940856933594 290.035461425781 290.132293701172 290.23583984375 290.33935546875
293.058868408203 292.868103027344 292.677307128906 292.486541748047 292.295745849609 292.10498046875 291.873931884766 291.629455566406 291.384979248047 291.140502929688 290.896026611328 290.651580810547 290.407104492188 290.203460693359 290.122406005859 290.041320800781 289.960235595703 289.879150390625 289.798065185547 289.717010498047 289.635925292969 289.610260009766 289.60302734375 289.595825195312 289.588623046875 289.581420898438 289.57421875 289.566986083984 289.555053710938 289.528900146484 289.502716064453 289.4765625 289.450408935547 289.424255371094 289.398071289062 289.371917724609 289.443054199219 289.546600341797 289.650146484375 289.753692626953 289.857238769531 289.960815429688 290.064361572266 290.169464111328 290.279235839844 290.388977050781
292.945068359375 292.737335205078 292.529602050781 292.321868896484 292.114135742188 291.906402587891 291.677062988281 291.440521240234 291.203948974609 290.967407226562 290.730834960938 290.494293212891 290.257720947266 290.063018798828 289.993774414062 289.924530029297 289.855316162109 289.786071777344 289.716827392578 289.647613525391 289.578369140625 289.569519042969 289.580780029297 289.592041015625 289.603332519531 289.614593505859 289.625854492188 289.637145996094 289.635192871094 289.593627929688 289.552093505859 289.510528564453 289.468963623047 289.427398681641 289.385833740234 289.344299316406 289.418273925781 289.53076171875 289.643249511719 289.755767822266 289.868255615234 289.980743408203 290.09326171875 290.206634521484 290.322631835938 290.438629150391
292.831268310547 292.606597900391 292.381896972656 292.1572265625 291.932556152344 291.707855224609 291.480224609375 291.251556396484 291.022918701172 290.794281005859 290.565643310547 290.337005615234 290.108367919922 289.922546386719 289.865142822266 289.807769775391 289.750366210938 289.692993164062 289.635589599609 289.578216552734 289.520812988281 289.528778076172 289.558532714844 289.588287353516 289.618041992188 289.647766113281 289.677520751953 289.707275390625 289.71533203125 289.658386230469 289.601440429688 289.544464111328 289.487518310547 289.430572509766 289.373626708984 289.316650390625 289.393493652344 289.514953613281 289.636383056641 289.7578125 289.879272460938 290.000701904297 290.122131347656 290.243774414062 290.366027832031 290.48828125
292.881011962891 292.647796630859 292.414581298828 292.181365966797 291.948120117188 291.714904785156 291.481994628906 291.249145507812 291.016296386719 290.783477783203 290.550628662109 290.317779541016 290.0849609375 289.896545410156 289.841461181641 289.786407470703 289.731323242188 289.676239013672 289.621154785156 289.566101074219 289.511016845703 289.530792236328 289.575500488281 289.620239257812 289.664978027344 289.709686279297 289.754425048828 289.799163818359 289.81591796875 289.748840332031 289.681762695312 289.614685058594 289.547607421875 289.480529785156 289.413482666016 289.346405029297 289.419799804688 289.540008544922 289.660247802734 289.780456542969 289.900695800781 290.020904541016 290.141143798828 290.262084960938 290.385101318359 290.508148193359
293.094299316406 292.860931396484 292.627593994141 292.394256591797 292.160919189453 291.927581787109 291.682373046875 291.433227539062 291.18408203125 290.934936523438 290.685760498047 290.436614990234 290.187469482422 289.985046386719 289.922729492188 289.860443115234 289.798126220703 289.73583984375 289.673522949219 289.611236572266 289.548919677734 289.575500488281 289.631713867188 289.687927246094 289.744140625 289.800354003906 289.856567382812 289.912780761719 289.936950683594 289.865020751953 289.793090820312 289.72119140625 289.649261474609 289.577331542969 289.505401611328 289.433471679688 289.497131347656 289.605987548828 289.71484375 289.823699951172 289.932556152344 290.041412353516 290.150268554688 290.261505126953 290.379852294922 290.498229980469
293.307556152344 293.074096679688 292.840637207031 292.607177734375 292.373687744141 292.140228271484 291.882781982422 291.617309570312 291.351837158203 291.086395263672 290.820922851562 290.555450439453 290.290008544922 290.073516845703 290.003997802734 289.934478759766 289.864929199219 289.79541015625 289.725891113281 289.656372070312 289.586822509766 289.620239257812 289.687927246094 289.755615234375 289.823303222656 289.891021728516 289.958709716797 290.026397705078 290.057983398438 289.981201171875 289.904449462891 289.827667236328 289.750885009766 289.674133300781 289.597351074219 289.520568847656 289.574493408203 289.671966552734 289.769470214844 289.866943359375 289.964416503906 290.061889648438 290.159393310547 290.260925292969 290.374603271484 290.488311767578
293.520843505859 293.287261962891 293.053649902344 292.820068359375 292.586486816406 292.352905273438 292.083160400391 291.801391601562 291.519622802734 291.237854003906 290.956085205078 290.674285888672 290.392517089844 290.162017822266 290.085266113281 290.008514404297 289.931762695312 289.855010986328 289.778259277344 289.701507568359 289.624755859375 289.664947509766 289.744140625 289.823303222656 289.902496337891 289.981658935547 290.060852050781 290.140014648438 290.179016113281 290.097381591797 290.015777587891 289.934143066406 289.8525390625 289.770904541016 289.689300537109 289.607666015625 289.65185546875 289.737945556641 289.824066162109 289.910186767578 289.996276855469 290.082397460938 290.168487548828 290.260345458984 290.369384765625 290.478393554688
293.734100341797 293.500396728516 293.266693115234 293.032989501953 292.799285888672 292.565551757812 292.283569335938 291.985473632812 291.687408447266 291.389312744141 291.091217041016 290.793121337891 290.495056152344 290.25048828125 290.16650390625 290.082550048828 289.998565673828 289.914581298828 289.830627441406 289.746643066406 289.662658691406 289.709655761719 289.800323486328 289.890991210938 289.981658935547 290.072326660156 290.162994384766 290.253662109375 290.300018310547 290.213562011719 290.127105712891 290.040618896484 289.954162597656 289.867706298828 289.781219482422 289.694763183594 289.729187011719 289.803924560547 289.878662109375 289.953399658203 290.028137207031 290.102874755859 290.177612304688 290.259765625 290.364135742188 290.468505859375
293.947387695312 293.713562011719 293.479736328125 293.245880126953 293.012054443359 292.778228759766 292.483978271484 292.169555664062 291.855163574219 291.540771484375 291.226379394531 290.911987304688 290.597564697266 290.338989257812 290.247772216797 290.156585693359 290.065368652344 289.974182128906 289.882965087891 289.791778564453 289.700592041016 289.75439453125 289.856536865234 289.958679199219 290.060821533203 290.162994384766 290.26513671875 290.367279052734 290.421051025391 290.329742431641 290.238433837891 290.147125244141 290.055786132812 289.964477539062 289.873168945312 289.781860351562 289.806549072266 289.869903564453 289.933288574219 289.996643066406 290.059997558594 290.123382568359 290.186737060547 290.259185791016 290.35888671875 290.458587646484
294.117736816406 293.894073486328 293.670440673828 293.446807861328 293.223175048828 292.99951171875 292.704467773438 292.385620117188 292.066772460938 291.747924804688 291.429107666016 291.110260009766 290.791412353516 290.528747558594 290.434661865234 290.340576171875 290.246490478516 290.152404785156 290.058319091797 289.964233398438 289.870147705078 289.919067382812 290.015716552734 290.112335205078 290.208953857422 290.305572509766 290.402191162109 290.498809814453 290.544067382812 290.435211181641 290.326354980469 290.217498779297 290.108642578125 289.999786376953 289.890930175781 289.782073974609 289.79345703125 289.844879150391 289.896331787109 289.947784423828 289.999237060547 290.050659179688 290.102111816406 290.167938232422 290.27685546875 290.385803222656
294.2451171875 294.0419921875 293.8388671875 293.635711669922 293.432586669922 293.229461669922 292.945098876953 292.633666992188 292.322235107422 292.010803222656 291.699371337891 291.387969970703 291.076538085938 290.819793701172 290.727172851562 290.634521484375 290.541900634766 290.449249267578 290.356597900391 290.263977050781 290.171325683594 290.203735351562 290.27783203125 290.351928710938 290.425994873047 290.500091552734 290.574188232422 290.648254394531 290.669067382812 290.529968261719 290.390869140625 290.251770019531 290.112670898438 289.973602294922 289.834503173828 289.695404052734 289.689880371094 289.728851318359 289.767822265625 289.806823730469 289.845794677734 289.884765625 289.923736572266 289.985992431641 290.118041992188 290.250122070312
294.372497558594 294.189880371094 294.007263183594 293.824645996094 293.642028808594 293.459381103516 293.185729980469 292.881713867188 292.577697753906 292.273681640625 291.969665527344 291.665679931641 291.361663818359 291.11083984375 291.019653320312 290.928466796875 290.837280273438 290.74609375 290.654907226562 290.563720703125 290.472534179688 290.488403320312 290.539947509766 290.591522216797 290.64306640625 290.694610595703 290.746154785156 290.797698974609 290.794036865234 290.624725341797 290.455383300781 290.286071777344 290.116729736328 289.947387695312 289.778076171875 289.608734130859 289.586303710938 289.612823486328 289.639312744141 289.665832519531 289.692352294922 289.718872070312 289.745361328125 289.804046630859 289.959259033203 290.114440917969
294.499908447266 294.337799072266 294.175659179688 294.013549804688 293.851440429688 293.689331054688 293.426361083984 293.129760742188 292.833160400391 292.536560058594 292.239959716797 291.943389892578 291.646789550781 291.401916503906 291.312164306641 291.222442626953 291.132690429688 291.042938232422 290.953216552734 290.863464355469 290.773742675781 290.773071289062 290.802093505859 290.831085205078 290.860107421875 290.889129638672 290.918151855469 290.947174072266 290.919036865234 290.719482421875 290.519897460938 290.320343017578 290.120788574219 289.921203613281 289.721649169922 289.522094726562 289.482727050781 289.496765136719 289.510833740234 289.524871826172 289.538909912109 289.552947998047 289.567016601562 289.622131347656 289.800445556641 289.978759765625
