data/working_set_collections/6091692-Cassins_Sparrow-M2/2010/t2m_avg.asc
NCOLS 265 
NROWS 230 
XLLCORNER -115.5625 
YLLCORNER 24.8333333333333 
CELLSIZE 0.0833333333333333 
NODATA_value -9999 
[rows 100 to 119 of 230, columns 46 to 91 of 265]
284.381103515625 284.800811767578 285.220520019531 285.640228271484 286.059906005859 286.479614257812 286.519104003906 286.431884765625 286.344635009766 286.257415771484 286.170166015625 286.082916259766 285.995697021484 285.897277832031 285.765380859375 285.633483886719 285.501586914062 285.369659423828 285.237762451172 285.105865478516 284.973937988281 284.846771240234 284.72119140625 284.595611572266 284.470031738281 284.344451904297 284.218872070312 284.09326171875 283.988586425781 283.946655273438 283.904693603516 283.862731933594 283.82080078125 283.778839111328 283.736877441406 283.694946289062 283.657043457031 283.620544433594 283.584014892578 283.547485351562 283.510986328125 283.474456787109 283.437927246094 283.398681640625 283.351196289062 283.303680419922
284.186950683594 284.64599609375 285.105041503906 285.564117431641 286.023162841797 286.482208251953 286.550872802734 286.489379882812 286.427886962891 286.366424560547 286.304931640625 286.243438720703 286.181945800781 286.100372314453 285.958465576172 285.816589355469 285.674682617188 285.532806396484 285.390899658203 285.2490234375 285.107116699219 284.977325439453 284.851593017578 284.725830078125 284.600067138672 284.474304199219 284.348541259766 284.222808837891 284.111999511719 284.046051025391 283.980102539062 283.914184570312 283.848236083984 283.782287597656 283.716369628906 283.650421142578 283.598693847656 283.551696777344 283.504699707031 283.457702636719 283.410736083984 283.363739013672 283.316741943359 283.270721435547 283.227661132812 283.184600830078
284.129852294922 284.563201904297 284.996551513672 285.429901123047 285.863220214844 286.296569824219 286.390197753906 286.37060546875 286.350982666016 286.331390380859 286.311767578125 286.292175292969 286.272552490234 286.223266601562 286.084869384766 285.946472167969 285.808074951172 285.669708251953 285.531311035156 285.392913818359 285.254516601562 285.127960205078 285.005310058594 284.882690429688 284.760040283203 284.637420654297 284.514770507812 284.392150878906 284.277893066406 284.188842773438 284.099792480469 284.0107421875 283.921661376953 283.832611083984 283.743560791016 283.654510498047 283.590850830078 283.535705566406 283.480529785156 283.425354003906 283.370178222656 283.315002441406 283.259857177734 283.213256835938 283.1923828125 283.171508789062
284.209899902344 284.552459716797 284.89501953125 285.237548828125 285.580108642578 285.922668457031 286.037109375 286.075500488281 286.113922119141 286.152313232422 286.190704345703 286.229125976562 286.267517089844 286.265960693359 286.144561767578 286.023162841797 285.901763916016 285.780364990234 285.658966064453 285.537567138672 285.416168212891 285.298645019531 285.182403564453 285.066192626953 284.949981689453 284.833740234375 284.717529296875 284.601318359375 284.486297607422 284.375 284.263702392578 284.152404785156 284.041107177734 283.929809570312 283.818511962891 283.707214355469 283.633575439453 283.572509765625 283.511474609375 283.450408935547 283.389343261719 283.328308105469 283.267242431641 283.226226806641 283.245300292969 283.264404296875
284.289916992188 284.541687011719 284.79345703125 285.045227050781 285.296997070312 285.548767089844 285.683990478516 285.780426025391 285.876831054688 285.973236083984 286.069641113281 286.166076660156 286.262481689453 286.308685302734 286.204254150391 286.099853515625 285.995452880859 285.891021728516 285.78662109375 285.682189941406 285.577789306641 285.469329833984 285.359497070312 285.249694824219 285.139892578125 285.030090332031 284.920288085938 284.810455322266 284.694732666016 284.561187744141 284.427642822266 284.294097900391 284.160522460938 284.026977539062 283.893432617188 283.759887695312 283.676300048828 283.609344482422 283.542419433594 283.475463867188 283.408508300781 283.341583251953 283.274627685547 283.239196777344 283.298248291016 283.357299804688
284.369964599609 284.530944824219 284.691925048828 284.852905273438 285.013854980469 285.174835205078 285.330902099609 285.485321044922 285.639739990234 285.794158935547 285.948577880859 286.10302734375 286.257446289062 286.351409912109 286.263977050781 286.176544189453 286.089111328125 286.001678466797 285.914245605469 285.826843261719 285.739410400391 285.640014648438 285.53662109375 285.433227539062 285.329803466797 285.226409912109 285.123016357422 285.019622802734 284.903137207031 284.747344970703 284.591552734375 284.435760498047 284.279968261719 284.124176025391 283.968383789062 283.812591552734 283.719024658203 283.646179199219 283.573364257812 283.500518798828 283.427673339844 283.354858398438 283.282012939453 283.252136230469 283.351165771484 283.4501953125
284.450012207031 284.520172119141 284.590362548828 284.660552978516 284.730743408203 284.800933837891 284.977813720703 285.190246582031 285.402679443359 285.615112304688 285.827545166016 286.039978027344 286.252410888672 286.394104003906 286.323669433594 286.253234863281 286.182800292969 286.112365722656 286.041900634766 285.971466064453 285.901031494141 285.810699462891 285.713714599609 285.616729736328 285.519744873047 285.422760009766 285.325775146484 285.228790283203 285.111541748047 284.933502197266 284.755462646484 284.577423095703 284.3994140625 284.221374511719 284.043334960938 283.865295410156 283.761749267578 283.683013916016 283.604309082031 283.525573730469 283.446838378906 283.368133544922 283.289398193359 283.265106201172 283.404113769531 283.543121337891
284.530029296875 284.509429931641 284.488830566406 284.468231201172 284.447631835938 284.427032470703 284.624694824219 284.895141601562 285.165588378906 285.43603515625 285.706481933594 285.976928710938 286.247344970703 286.436828613281 286.383361816406 286.329925537109 286.276458740234 286.223022460938 286.169555664062 286.116119384766 286.062652587891 285.981384277344 285.890808105469 285.800231933594 285.709655761719 285.619110107422 285.528533935547 285.437957763672 285.319976806641 285.119689941406 284.919403076172 284.719116210938 284.518829345703 284.318542480469 284.118255615234 283.91796875 283.804443359375 283.719848632812 283.635223388672 283.550628662109 283.466033935547 283.381408691406 283.296813964844 283.278076171875 283.457061767578 283.636016845703
284.816223144531 284.704559326172 284.592864990234 284.481170654297 284.369476318359 284.257781982422 284.43994140625 284.720031738281 285.000152587891 285.2802734375 285.560363769531 285.840484619141 286.120574951172 286.322113037109 286.287872314453 286.253662109375 286.219421386719 286.185211181641 286.150970458984 286.116760253906 286.08251953125 286.009948730469 285.924560546875 285.839172363281 285.753814697266 285.668426513672 285.583038330078 285.497650146484 285.382781982422 285.179351806641 284.975952148438 284.772552490234 284.569122314453 284.36572265625 284.162292480469 283.958892822266 283.840728759766 283.7509765625 283.661224365234 283.571441650391 283.481689453125 283.391937255859 283.302185058594 283.285400390625 283.487579345703 283.689727783203
285.308624267578 285.105529785156 284.902435302734 284.699371337891 284.496276855469 284.293182373047 284.423492431641 284.664916992188 284.906341552734 285.147796630859 285.389221191406 285.630645751953 285.8720703125 286.049957275391 286.037200927734 286.024444580078 286.011688232422 285.998931884766 285.986145019531 285.973388671875 285.960632324219 285.896392822266 285.814971923828 285.733551025391 285.652160644531 285.570739746094 285.489318847656 285.407897949219 285.299987792969 285.112579345703 284.925140380859 284.737701416016 284.55029296875 284.362854003906 284.175445556641 283.988006591797 283.870544433594 283.7763671875 283.682220458984 283.588043212891 283.493896484375 283.399719238281 283.305572509766 283.287078857422 283.495666503906 283.704254150391
285.800994873047 285.506530761719 285.212036132812 284.917572021484 284.623077392578 284.32861328125 284.407043457031 284.609802246094 284.812561035156 285.015319824219 285.218048095703 285.420806884766 285.623565673828 285.777801513672 285.786499023438 285.795227050781 285.803924560547 285.812622070312 285.821350097656 285.830047607422 285.838745117188 285.782836914062 285.705383300781 285.627960205078 285.550506591797 285.473052978516 285.395599365234 285.318145751953 285.217193603516 285.045776367188 284.874328613281 284.702880859375 284.531463623047 284.360015869141 284.188568115234 284.017120361328 283.900360107422 283.801788330078 283.703216552734 283.604644775391 283.506072998047 283.407501220703 283.308959960938 283.288787841797 283.503784179688 283.718780517578
286.293365478516 285.907501220703 285.521636962891 285.135772705078 284.749908447266 284.364013671875 284.390625 284.5546875 284.71875 284.882843017578 285.046905517578 285.210998535156 285.375061035156 285.505645751953 285.535827636719 285.566009521484 285.596160888672 285.626342773438 285.656524658203 285.686706542969 285.716857910156 285.669281005859 285.595825195312 285.522338867188 285.448852539062 285.375366210938 285.301879882812 285.228393554688 285.134429931641 284.978973388672 284.823516845703 284.668060302734 284.512603759766 284.357147216797 284.201690673828 284.046264648438 283.930145263672 283.827178955078 283.724212646484 283.621246337891 283.518280029297 283.415313720703 283.312316894531 283.290466308594 283.511871337891 283.733276367188
286.785766601562 286.308502197266 285.831237792969 285.353973388672 284.876708984375 284.399444580078 284.374176025391 284.499572753906 284.624969482422 284.750366210938 284.875762939453 285.001159667969 285.126556396484 285.233520507812 285.28515625 285.336791992188 285.388427734375 285.440063476562 285.49169921875 285.543334960938 285.594970703125 285.555755615234 285.486236572266 285.416717529297 285.347198486328 285.277679443359 285.208160400391 285.138641357422 285.051635742188 284.912170410156 284.772705078125 284.633239746094 284.493774414062 284.354309082031 284.21484375 284.075378417969 283.9599609375 283.852600097656 283.745208740234 283.637847900391 283.530456542969 283.423095703125 283.315704345703 283.292144775391 283.519958496094 283.747802734375
287.278137207031 286.70947265625 286.140838623047 285.572174072266 285.003509521484 284.434875488281 284.357727050781 284.444458007812 284.531158447266 284.617889404297 284.704620361328 284.791320800781 284.878051757812 284.961364746094 285.034454345703 285.107574462891 285.1806640625 285.253784179688 285.326873779297 285.399993896484 285.473083496094 285.442199707031 285.376647949219 285.311096191406 285.245544433594 285.179992675781 285.114440917969 285.048889160156 284.968841552734 284.845367431641 284.721893310547 284.598419189453 284.474945068359 284.351440429688 284.227966308594 284.1044921875 283.989776611328 283.877990722656 283.766204833984 283.654449462891 283.542663574219 283.430877685547 283.319091796875 283.293823242188 283.528076171875 283.762329101562
287.814666748047 287.220855712891 286.627014160156 286.033203125 285.439392089844 284.845550537109 284.721160888672 284.753234863281 284.785339355469 284.817413330078 284.849487304688 284.881591796875 284.913665771484 284.952880859375 285.013488769531 285.074096679688 285.134735107422 285.195343017578 285.255950927734 285.316558837891 285.377166748047 285.329376220703 285.245422363281 285.161468505859 285.077545166016 284.993591308594 284.909637451172 284.82568359375 284.737365722656 284.635803222656 284.534271240234 284.432739257812 284.331207275391 284.229644775391 284.128112792969 284.026580810547 283.926086425781 283.825897216797 283.725738525391 283.625579833984 283.525421142578 283.425262451172 283.325103759766 283.306427001953 283.532196044922 283.757995605469
288.395385742188 287.842590332031 287.289825439453 286.737060546875 286.184295654297 285.631530761719 285.464447021484 285.425964355469 285.387451171875 285.348937988281 285.310424804688 285.271942138672 285.233428955078 285.208099365234 285.222259521484 285.236419677734 285.250579833984 285.264739990234 285.278900146484 285.293060302734 285.307220458984 285.217254638672 285.092559814453 284.967864990234 284.843170166016 284.718475341797 284.593780517578 284.469085693359 284.357147216797 284.283508300781 284.209869384766 284.136199951172 284.062561035156 283.988922119141 283.915283203125 283.841644287109 283.768829345703 283.696319580078 283.623809814453 283.551300048828 283.478790283203 283.406280517578 283.333770751953 283.329986572266 283.532379150391 283.734802246094
288.97607421875 288.46435546875 287.95263671875 287.44091796875 286.92919921875 286.41748046875 286.207733154297 286.098663330078 285.989562988281 285.880462646484 285.771362304688 285.662292480469 285.553192138672 285.463287353516 285.430999755859 285.398712158203 285.366424560547 285.334136962891 285.301849365234 285.269561767578 285.237274169922 285.105133056641 284.939666748047 284.774230957031 284.608795166016 284.443359375 284.277893066406 284.112457275391 283.976928710938 283.931182861328 283.885437011719 283.839691162109 283.7939453125 283.748199462891 283.702423095703 283.656677246094 283.611602783203 283.566741943359 283.521881103516 283.477020263672 283.432159423828 283.387298583984 283.342407226562 283.353546142578 283.532562255859 283.711608886719
289.556762695312 289.086120605469 288.615447998047 288.144775390625 287.674133300781 287.203460693359 286.951049804688 286.771362304688 286.591674804688 286.411987304688 286.232330322266 286.052642822266 285.872955322266 285.718505859375 285.639770507812 285.56103515625 285.482299804688 285.403564453125 285.324829101562 285.246063232422 285.167327880859 284.993011474609 284.786804199219 284.580627441406 284.374420166016 284.168243408203 283.962036132812 283.755828857422 283.596740722656 283.578887939453 283.561004638672 283.543151855469 283.525299072266 283.507446289062 283.489593505859 283.471740722656 283.454376220703 283.437133789062 283.419921875 283.402709960938 283.385498046875 283.368286132812 283.35107421875 283.377075195312 283.532745361328 283.688415527344
290.137481689453 289.707855224609 289.278259277344 288.848663330078 288.419036865234 287.989440917969 287.6943359375 287.444061279297 287.193786621094 286.943511962891 286.693267822266 286.442993164062 286.192718505859 285.973724365234 285.848541259766 285.723327636719 285.59814453125 285.472961425781 285.347778320312 285.222595214844 285.097381591797 284.880889892578 284.633941650391 284.386993408203 284.140045166016 283.893096923828 283.646179199219 283.399230957031 283.216522216797 283.2265625 283.236602783203 283.246643066406 283.256683349609 283.266723632812 283.276763916016 283.286804199219 283.297119140625 283.307556152344 283.317993164062 283.328430175781 283.3388671875 283.349304199219 283.359741210938 283.400634765625 283.532928466797 283.665222167969
290.718170166016 290.329620361328 289.941070556641 289.552520751953 289.163970947266 288.775421142578 288.437622070312 288.116760253906 287.7958984375 287.475036621094 287.154205322266 286.833343505859 286.512481689453 286.228912353516 286.057281494141 285.885650634766 285.713989257812 285.542358398438 285.370727539062 285.199096679688 285.027435302734 284.768768310547 284.481079101562 284.193389892578 283.905670166016 283.617980957031 283.330291748047 283.042602539062 282.836303710938 282.874237060547 282.912170410156 282.950103759766 282.988037109375 283.025970458984 283.063903808594 283.101837158203 283.139892578125 283.177978515625 283.216064453125 283.254150390625 283.292236328125 283.330322265625 283.368377685547 283.424194335938 283.533111572266 283.642028808594
