data/working_set_collections/6091692-Cassins_Sparrow-M2/2010/tautot_avg.asc
NCOLS 265 
NROWS 230 
XLLCORNER -115.5625 
YLLCORNER 24.8333333333333 
CELLSIZE 0.0833333333333333 
NODATA_value -9999 
[rows 140 to 159 of 230, columns 184 to 229 of 265]
11.3213605880737 11.448971748352 11.5765838623047 11.7064228057861 11.8370037078857 11.9675855636597 12.0981664657593 12.2287483215332 12.3593301773071 12.4899110794067 12.622073173523 12.7589769363403 12.8958806991577 13.0327844619751 13.1696882247925 13.3065929412842 13.4434967041016 13.5804004669189 13.7125072479248 13.843014717102 13.9735231399536 14.1040306091309 14.2345380783081 14.3650465011597 14.4955539703369 14.6190624237061 14.7215738296509 14.8240852355957 14.9265966415405 15.0291080474854 15.1316194534302 15.2341299057007 15.3366413116455 15.4157724380493 15.4871091842651 15.5584468841553 15.6297836303711 15.7011213302612 15.7724590301514 15.8437957763672 15.9124746322632 15.9731788635254 16.0338821411133 16.0945854187012 16.1552886962891 16.2159938812256
11.4212493896484 11.5500354766846 11.6788215637207 11.8100318908691 11.9420499801636 12.074068069458 12.2060861587524 12.3381032943726 12.470121383667 12.6021394729614 12.7362680435181 12.876727104187 13.017186164856 13.1576452255249 13.2981052398682 13.4385643005371 13.5790233612061 13.719482421875 13.8518810272217 13.9815921783447 14.1113042831421 14.2410154342651 14.3707265853882 14.5004386901855 14.6301498413086 14.750244140625 14.8414859771729 14.9327268600464 15.0239686965942 15.1152105331421 15.2064514160156 15.2976932525635 15.3889350891113 15.4677066802979 15.5423212051392 15.6169366836548 15.6915512084961 15.7661657333374 15.840781211853 15.9153957366943 15.9856462478638 16.0428047180176 16.0999622344971 16.1571197509766 16.2142772674561 16.2714347839355
11.5211381912231 11.6510992050171 11.781060218811 11.9136409759521 12.0470952987671 12.1805505752563 12.3140048980713 12.4474592208862 12.5809135437012 12.7143678665161 12.8504629135132 12.9944772720337 13.1384916305542 13.282506942749 13.4265213012695 13.57053565979 13.7145500183105 13.8585653305054 13.9912548065186 14.1201705932617 14.2490854263306 14.3780002593994 14.5069160461426 14.6358308792114 14.7647457122803 14.8814249038696 14.9613971710205 15.0413684844971 15.121340751648 15.2013130187988 15.2812843322754 15.3612565994263 15.4412279129028 15.5196409225464 15.5975332260132 15.67542552948 15.7533187866211 15.8312110900879 15.9091033935547 15.9869966506958 16.0588188171387 16.1124305725098 16.1660404205322 16.2196521759033 16.2732639312744 16.3268737792969
11.6210279464722 11.7521629333496 11.883297920227 12.0172500610352 12.1521415710449 12.2870321273804 12.4219236373901 12.5568141937256 12.6917057037354 12.8265962600708 12.9646577835083 13.1122274398804 13.2597970962524 13.4073677062988 13.5549373626709 13.702507019043 13.8500776290894 13.9976472854614 14.1306285858154 14.2587480545044 14.386866569519 14.5149850845337 14.6431045532227 14.7712230682373 14.899341583252 15.0126066207886 15.0813083648682 15.1500110626221 15.2187128067017 15.2874145507812 15.3561172485352 15.4248189926147 15.4935216903687 15.5715742111206 15.6527452468872 15.7339153289795 15.8150854110718 15.8962554931641 15.9774265289307 16.0585975646973 16.1319904327393 16.182056427002 16.232120513916 16.2821846008301 16.3322505950928 16.3823146820068
11.6846027374268 11.8130350112915 11.9414672851562 12.0769414901733 12.2147617340088 12.3525829315186 12.490403175354 12.6282243728638 12.7660455703735 12.903865814209 13.0457353591919 13.1997528076172 13.3537693023682 13.5077867507935 13.6618032455444 13.8158197402954 13.9698371887207 14.1238536834717 14.2569332122803 14.3830337524414 14.5091352462769 14.635235786438 14.7613363265991 14.8874368667603 15.0135374069214 15.1244287490845 15.1896886825562 15.2549486160278 15.3202095031738 15.3854694366455 15.4507293701172 15.5159902572632 15.5812501907349 15.65651512146 15.7351140975952 15.8137121200562 15.8923110961914 15.9709100723267 16.0495090484619 16.1281089782715 16.2001914978027 16.2527313232422 16.305269241333 16.3578090667725 16.4103469848633 16.4628868103027
11.7118616104126 11.8337144851685 11.9555673599243 12.0927133560181 12.2349576950073 12.3772010803223 12.5194444656372 12.6616888046265 12.8039321899414 12.9461755752563 13.0936975479126 13.2570524215698 13.4204082489014 13.5837631225586 13.7471179962158 13.9104738235474 14.0738286972046 14.2371835708618 14.3701686859131 14.4930295944214 14.6158895492554 14.7387504577637 14.861611366272 14.9844722747803 15.1073331832886 15.216890335083 15.2865371704102 15.356183052063 15.4258298873901 15.495475769043 15.5651226043701 15.6347694396973 15.7044153213501 15.7744607925415 15.8446388244629 15.9148178100586 15.98499584198 16.0551738739014 16.1253528594971 16.1955318450928 16.2634239196777 16.3244571685791 16.3854885101318 16.4465217590332 16.5075550079346 16.5685882568359
11.7391214370728 11.8543949127197 11.9696674346924 12.1084861755371 12.2551527023315 12.401819229126 12.5484857559204 12.6951522827148 12.8418188095093 12.9884853363037 13.141658782959 13.3143529891968 13.4870462417603 13.6597394943237 13.8324337005615 14.005126953125 14.1778202056885 14.3505144119263 14.4834032058716 14.603024482727 14.7226448059082 14.8422660827637 14.9618873596191 15.0815076828003 15.2011289596558 15.3093528747559 15.3833856582642 15.4574174880981 15.5314502716064 15.6054830551147 15.6795148849487 15.753547668457 15.8275804519653 15.8924074172974 15.9541645050049 16.0159225463867 16.0776805877686 16.1394386291504 16.2011966705322 16.2629547119141 16.3266544342041 16.3961811065674 16.4657096862793 16.5352363586426 16.6047630310059 16.6742897033691
11.7663812637329 11.8750743865967 11.9837675094604 12.1242580413818 12.2753477096558 12.4264373779297 12.5775270462036 12.7286167144775 12.8797063827515 13.0307960510254 13.1896209716797 13.3716526031494 13.5536842346191 13.7357168197632 13.9177484512329 14.0997800827026 14.2818126678467 14.4638442993164 14.5966377258301 14.7130193710327 14.829400062561 14.9457817077637 15.062162399292 15.1785430908203 15.294924736023 15.4018144607544 15.4802331924438 15.5586519241333 15.6370706558228 15.7154893875122 15.7939081192017 15.8723268508911 15.9507455825806 16.0103530883789 16.0636901855469 16.1170272827148 16.1703643798828 16.2237033843994 16.2770404815674 16.3303775787354 16.3898849487305 16.4679069519043 16.5459289550781 16.6239490509033 16.7019710540771 16.779993057251
11.7936410903931 11.895754814148 11.9978675842285 12.1400308609009 12.29554271698 12.4510555267334 12.6065683364868 12.7620801925659 12.9175930023193 13.0731058120728 13.2375822067261 13.4289531707764 13.6203231811523 13.8116931915283 14.0030641555786 14.1944341659546 14.3858041763306 14.5771741867065 14.7098731994629 14.8230142593384 14.9361553192139 15.0492963790894 15.1624374389648 15.2755784988403 15.3887195587158 15.4942770004272 15.5770816802979 15.6598863601685 15.7426910400391 15.8254957199097 15.9083013534546 15.9911060333252 16.0739097595215 16.1282997131348 16.1732158660889 16.2181339263916 16.2630500793457 16.3079662322998 16.3528842926025 16.3978004455566 16.4531173706055 16.5396327972412 16.626148223877 16.7126636505127 16.7991790771484 16.8856945037842
11.8209009170532 11.9164342880249 12.0119676589966 12.1558027267456 12.3157386779785 12.4756736755371 12.63560962677 12.7955446243286 12.9554796218872 13.1154155731201 13.2855443954468 13.486252784729 13.6869611740112 13.8876705169678 14.08837890625 14.2890872955322 14.4897956848145 14.690505027771 14.8231077194214 14.933009147644 15.0429105758667 15.1528120040894 15.262713432312 15.3726139068604 15.482515335083 15.5867395401001 15.6739301681519 15.7611207962036 15.8483114242554 15.9355030059814 16.0226936340332 16.109884262085 16.1970748901367 16.2462463378906 16.2827415466309 16.3192386627197 16.35573387146 16.3922309875488 16.4287261962891 16.4652233123779 16.5163478851318 16.6113567352295 16.7063674926758 16.8013763427734 16.8963871002197 16.9913959503174
11.9479150772095 12.0407810211182 12.1336469650269 12.27467918396 12.4317665100098 12.5888538360596 12.7459402084351 12.9030275344849 13.0601148605347 13.2172021865845 13.384768486023 13.5837726593018 13.7827758789062 13.9817800521851 14.1807842254639 14.3797883987427 14.5787925720215 14.7777967453003 14.9144897460938 15.0304136276245 15.146336555481 15.2622604370117 15.3781843185425 15.4941072463989 15.6100311279297 15.7181615829468 15.8029136657715 15.8876657485962 15.9724178314209 16.0571689605713 16.1419219970703 16.2266731262207 16.3114261627197 16.3558311462402 16.3867874145508 16.4177436828613 16.4486980438232 16.4796543121338 16.5106105804443 16.5415668487549 16.5897350311279 16.6895332336426 16.7893314361572 16.8891315460205 16.9889297485352 17.0887279510498
12.1746835708618 12.2687950134277 12.3629055023193 12.4966592788696 12.643627166748 12.7905941009521 12.9375619888306 13.084529876709 13.2314968109131 13.3784646987915 13.5352544784546 13.721510887146 13.9077672958374 14.0940237045288 14.2802801132202 14.4665365219116 14.652792930603 14.8390493392944 14.98401927948 15.1152267456055 15.2464351654053 15.3776426315308 15.5088510513306 15.6400585174561 15.7712659835815 15.8885440826416 15.9640321731567 16.0395202636719 16.1150093078613 16.1904964447021 16.265983581543 16.3414726257324 16.4169597625732 16.4570541381836 16.4853515625 16.5136470794678 16.5419425964355 16.570240020752 16.5985355377197 16.6268310546875 16.6732749938965 16.7741584777832 16.8750419616699 16.9759254455566 17.0768089294434 17.1776905059814
12.4014520645142 12.496808052063 12.5921640396118 12.7186393737793 12.855486869812 12.992335319519 13.1291837692261 13.2660312652588 13.4028797149658 13.5397281646729 13.6857414245605 13.8592500686646 14.0327587127686 14.2062673568726 14.3797760009766 14.5532846450806 14.7267932891846 14.9003019332886 15.0535478591919 15.2000408172607 15.3465328216553 15.4930248260498 15.6395168304443 15.7860097885132 15.9325017929077 16.0589275360107 16.125150680542 16.1913757324219 16.2575988769531 16.323823928833 16.3900470733643 16.4562721252441 16.5224952697754 16.5582790374756 16.5839157104492 16.6095504760742 16.6351871490479 16.6608238220215 16.6864604949951 16.7120971679688 16.756814956665 16.8587837219238 16.960750579834 17.0627193450928 17.1646862030029 17.2666549682617
12.6282205581665 12.7248210906982 12.8214225769043 12.940619468689 13.0673475265503 13.1940765380859 13.3208045959473 13.4475336074829 13.5742626190186 13.7009906768799 13.8362274169922 13.9969882965088 14.1577491760254 14.3185110092163 14.4792718887329 14.6400327682495 14.8007936477661 14.9615545272827 15.1230773925781 15.2848539352417 15.4466304779053 15.6084070205688 15.7701835632324 15.931960105896 16.0937366485596 16.2293090820312 16.2862701416016 16.3432292938232 16.4001903533936 16.4571495056152 16.5141105651855 16.5710697174072 16.6280307769775 16.6595020294189 16.6824798583984 16.7054557800293 16.7284317016602 16.751407623291 16.7743854522705 16.7973613739014 16.8403568267822 16.9434089660645 17.0464611053467 17.1495132446289 17.2525653839111 17.3556175231934
12.8549890518188 12.9528350830078 13.0506801605225 13.1625986099243 13.2792081832886 13.3958168029785 13.5124263763428 13.629035949707 13.745644569397 13.8622541427612 13.9867143630981 14.1347274780273 14.2827405929565 14.4307537078857 14.5787677764893 14.7267808914185 14.8747940063477 15.0228071212769 15.1926069259644 15.369668006897 15.5467281341553 15.7237892150879 15.9008502960205 16.0779113769531 16.2549724578857 16.3996925354004 16.4473876953125 16.4950847625732 16.5427799224854 16.5904769897461 16.6381740570068 16.6858692169189 16.7335662841797 16.7607269287109 16.7810440063477 16.8013591766357 16.8216762542725 16.8419933319092 16.8623104095459 16.882625579834 16.9238967895508 17.0280342102051 17.1321716308594 17.236307144165 17.3404445648193 17.444580078125
13.0817565917969 13.1808481216431 13.2799386978149 13.384578704834 13.4910688400269 13.5975580215454 13.7040481567383 13.8105373382568 13.9170274734497 14.0235166549683 14.1372003555298 14.2724657058716 14.4077320098877 14.5429973602295 14.6782636642456 14.8135290145874 14.9487943649292 15.0840606689453 15.2621355056763 15.4544811248779 15.6468267440796 15.8391714096069 16.0315170288086 16.2238616943359 16.4162082672119 16.5700740814209 16.6085071563721 16.6469402313232 16.6853713989258 16.723804473877 16.7622356414795 16.8006687164307 16.8390998840332 16.8619518280029 16.8796081542969 16.8972644805908 16.9149208068848 16.9325771331787 16.9502334594727 16.9678897857666 17.007438659668 17.1126594543457 17.2178802490234 17.3231010437012 17.4283218383789 17.5335426330566
13.2704038619995 13.3718423843384 13.4732809066772 13.5777759552002 13.6832904815674 13.7888040542603 13.8943185806274 13.9998321533203 14.1053466796875 14.2108602523804 14.3216781616211 14.4484062194824 14.5751352310181 14.7018642425537 14.828592300415 14.9553213119507 15.0820503234863 15.2087783813477 15.3870964050293 15.5826101303101 15.7781248092651 15.9736385345459 16.169153213501 16.3646678924561 16.5601806640625 16.7149124145508 16.7472972869873 16.7796802520752 16.8120632171631 16.8444480895996 16.8768310546875 16.909215927124 16.9415988922119 16.9645042419434 16.9842491149902 17.0039939880371 17.023738861084 17.0434837341309 17.0632286071777 17.0829734802246 17.1235427856445 17.226583480835 17.3296241760254 17.4326648712158 17.5357055664062 17.6387462615967
13.4209299087524 13.5258188247681 13.6307077407837 13.7421913146973 13.8558731079102 13.9695558547974 14.0832376480103 14.1969203948975 14.3106021881104 14.4242839813232 14.5401468276978 14.6625490188599 14.784951210022 14.9073534011841 15.0297555923462 15.1521577835083 15.2745599746704 15.3969621658325 15.5674886703491 15.7540559768677 15.9406232833862 16.1271896362305 16.3137588500977 16.5003261566162 16.6868934631348 16.8342056274414 16.8637561798096 16.8933067321777 16.9228572845459 16.9524097442627 16.9819602966309 17.011510848999 17.0410614013672 17.0683841705322 17.0949668884277 17.1215476989746 17.1481285095215 17.174711227417 17.2012920379639 17.2278728485107 17.2722091674805 17.3698043823242 17.4674015045166 17.564998626709 17.6625938415527 17.7601909637451
13.5714559555054 13.6797952651978 13.7881336212158 13.90660572052 14.0284566879272 14.1503067016602 14.2721576690674 14.3940076828003 14.5158576965332 14.6377086639404 14.7586154937744 14.876690864563 14.9947671890259 15.1128425598145 15.2309188842773 15.3489942550659 15.4670696258545 15.5851459503174 15.7478799819946 15.925500869751 16.103120803833 16.2807426452637 16.4583625793457 16.6359844207764 16.8136043548584 16.953498840332 16.9802169799805 17.0069351196289 17.0336513519287 17.0603694915771 17.0870876312256 17.113805770874 17.1405220031738 17.1722660064697 17.2056827545166 17.2391014099121 17.2725200653076 17.3059368133545 17.33935546875 17.3727741241455 17.4208755493164 17.5130271911621 17.6051788330078 17.6973304748535 17.7894840240479 17.8816356658936
13.7219829559326 13.8337707519531 13.945559501648 14.0710210800171 14.20103931427 14.3310585021973 14.4610767364502 14.5910949707031 14.7211141586304 14.8511323928833 14.9770841598511 15.0908336639404 15.2045822143555 15.3183317184448 15.4320812225342 15.5458307266235 15.6595802307129 15.7733297348022 15.9282722473145 16.0969467163086 16.2656192779541 16.4342937469482 16.6029682159424 16.7716426849365 16.940315246582 17.0727920532227 17.0966777801514 17.1205615997314 17.1444454193115 17.1683311462402 17.1922149658203 17.216100692749 17.2399845123291 17.2761459350586 17.3164005279541 17.3566551208496 17.3969097137451 17.4371643066406 17.4774188995361 17.5176734924316 17.5695419311523 17.65625 17.742956161499 17.8296642303467 17.9163722991943 18.003080368042
