data/working_set_collections/6091692-Cassins_Sparrow-M2/2010/tautot_avg.asc
NCOLS 265 
NROWS 230 
XLLCORNER -115.5625 
YLLCORNER 24.8333333333333 
CELLSIZE 0.0833333333333333 
NODATA_value -9999 
[rows 80 to 99 of 230, columns 92 to 137 of 265]
11.3616905212402 11.3386507034302 11.3156099319458 11.2925691604614 11.2695293426514 11.3095512390137 11.3705940246582 11.4316368103027 11.4926805496216 11.5537233352661 11.6147661209106 11.6758098602295 11.7071390151978 11.6493282318115 11.591516494751 11.5337057113647 11.4758939743042 11.418083190918 11.3602724075317 11.3024606704712 11.1963500976562 11.0741405487061 10.9519300460815 10.829719543457 10.7075099945068 10.5852994918823 10.4630889892578 10.3916244506836 10.4723978042603 10.5531702041626 10.6339435577393 10.7147159576416 10.7954883575439 10.8762617111206 10.957034111023 10.8400392532349 10.6571216583252 10.4742040634155 10.2912864685059 10.1083679199219 9.92545032501221 9.74253273010254 9.56888580322266 9.42304992675781 9.27721500396729 9.13138008117676
10.9589204788208 10.9560947418213 10.9532690048218 10.950442314148 10.9476165771484 11.0142822265625 11.1041107177734 11.1939401626587 11.2837686538696 11.3735980987549 11.4634265899658 11.5532560348511 11.6136541366577 11.5857629776001 11.5578708648682 11.5299787521362 11.5020866394043 11.4741945266724 11.4463024139404 11.4184103012085 11.3175287246704 11.1923179626465 11.0671062469482 10.94189453125 10.8166828155518 10.6914720535278 10.5662603378296 10.4947090148926 10.5841360092163 10.6735639572144 10.7629909515381 10.8524188995361 10.9418468475342 11.0312738418579 11.120701789856 11.0136995315552 10.8412208557129 10.6687421798706 10.4962635040283 10.3237838745117 10.1513051986694 9.97882652282715 9.81215572357178 9.66290760040283 9.5136604309082 9.36441230773926
10.5561504364014 10.5735387802124 10.5909271240234 10.6083164215088 10.6257047653198 10.7190132141113 10.8376274108887 10.9562425613403 11.074857711792 11.1934719085693 11.312087059021 11.4307022094727 11.520170211792 11.5221967697144 11.524224281311 11.5262517929077 11.5282783508301 11.5303058624268 11.5323333740234 11.5343608856201 11.4387073516846 11.3104953765869 11.1822824478149 11.054069519043 10.925856590271 10.7976446151733 10.6694316864014 10.5977926254272 10.6958751678467 10.7939567565918 10.8920392990112 10.9901218414307 11.0882043838501 11.1862859725952 11.2843685150146 11.1873598098755 11.0253200531006 10.8632802963257 10.7012405395508 10.5392007827759 10.377161026001 10.2151212692261 10.0554256439209 9.90276527404785 9.7501049041748 9.59744453430176
10.1533803939819 10.1909828186035 10.2285861968994 10.2661895751953 10.3037929534912 10.4237442016602 10.5711450576782 10.718544960022 10.86594581604 11.0133466720581 11.1607475280762 11.3081483840942 11.426685333252 11.4586315155029 11.4905776977539 11.5225248336792 11.5544710159302 11.5864171981812 11.6183643341064 11.6503105163574 11.5598859786987 11.4286727905273 11.2974586486816 11.1662445068359 11.0350303649902 10.9038162231445 10.7726030349731 10.7008762359619 10.8076133728027 10.9143505096436 11.0210876464844 11.1278247833252 11.234561920166 11.3412990570068 11.4480352401733 11.3610191345215 11.209418296814 11.0578174591064 10.9062175750732 10.7546167373657 10.6030158996582 10.4514150619507 10.29869556427 10.1426229476929 9.98654937744141 9.83047676086426
9.89640522003174 9.94821739196777 10.0000295639038 10.0518417358398 10.1036539077759 10.2360763549805 10.3953695297241 10.5546627044678 10.7139558792114 10.8732490539551 11.0325412750244 11.1918344497681 11.3220891952515 11.3652296066284 11.4083690643311 11.451509475708 11.494649887085 11.5377893447876 11.5809297561646 11.6240692138672 11.5441904067993 11.4233055114746 11.3024206161499 11.1815357208252 11.0606508255005 10.9397649765015 10.8188800811768 10.755241394043 10.8633422851562 10.9714422225952 11.0795431137085 11.1876430511475 11.2957429885864 11.4038438796997 11.5119438171387 11.4286489486694 11.2815551757812 11.1344604492188 10.9873666763306 10.8402729034424 10.6931791305542 10.5460844039917 10.3981037139893 10.2474613189697 10.0968189239502 9.94617652893066
9.78522682189941 9.84524154663086 9.90525722503662 9.96527194976807 10.0252876281738 10.1560106277466 10.310302734375 10.4645938873291 10.6188859939575 10.7731781005859 10.92746925354 11.0817613601685 11.2063827514648 11.2419900894165 11.2775983810425 11.3132066726685 11.3488140106201 11.3844223022461 11.4200305938721 11.4556379318237 11.3916206359863 11.294394493103 11.1971683502197 11.0999431610107 11.0027170181274 10.9054908752441 10.8082647323608 10.7608880996704 10.8630599975586 10.9652328491211 11.0674047470093 11.1695775985718 11.27174949646 11.3739213943481 11.4760942459106 11.3902473449707 11.2417278289795 11.0932083129883 10.9446887969971 10.7961692810059 10.6476497650146 10.4991302490234 10.35364818573 10.2172803878784 10.0809125900269 9.94454479217529
9.67404747009277 9.74226570129395 9.81048488616943 9.8787031173706 9.94692134857178 10.0759449005127 10.2252349853516 10.3745260238647 10.5238161087036 10.6731071472168 10.82239818573 10.9716882705688 11.0906753540039 11.1187515258789 11.1468276977539 11.1749029159546 11.2029790878296 11.2310552597046 11.2591314315796 11.2872066497803 11.2390508651733 11.1654834747314 11.0919170379639 11.018349647522 10.9447832107544 10.8712158203125 10.7976493835449 10.7665348052979 10.8627786636353 10.959023475647 11.0552673339844 11.1515111923218 11.2477560043335 11.3439998626709 11.4402437210083 11.3518466949463 11.201901435852 11.0519561767578 10.9020109176636 10.7520656585693 10.6021213531494 10.4521760940552 10.309193611145 10.1871004104614 10.0650062561035 9.94291305541992
9.56286811828613 9.63928985595703 9.71571254730225 9.79213428497314 9.86855602264404 9.99587821960449 10.1401681900024 10.2844572067261 10.428747177124 10.5730361938477 10.7173261642456 10.8616151809692 10.974967956543 10.995512008667 11.016056060791 11.036600112915 11.0571441650391 11.0776882171631 11.0982313156128 11.1187753677368 11.0864810943604 11.0365724563599 10.9866647720337 10.9367570877075 10.8868494033813 10.8369407653809 10.7870330810547 10.7721815109253 10.8624973297119 10.9528131484985 11.0431299209595 11.1334457397461 11.2237615585327 11.3140783309937 11.4043941497803 11.3134450912476 11.1620740890503 11.0107040405273 10.8593330383301 10.7079629898071 10.5565919876099 10.4052219390869 10.2647390365601 10.1569194793701 10.0490999221802 9.94128036499023
9.45168972015381 9.53631496429443 9.62093925476074 9.70556449890137 9.79018974304199 9.9158124923706 10.055100440979 10.1943893432617 10.3336772918701 10.4729652404785 10.6122541427612 10.7515420913696 10.8592615127563 10.8722734451294 10.8852853775024 10.8982973098755 10.9113082885742 10.9243202209473 10.9373321533203 10.9503440856934 10.933910369873 10.9076614379883 10.8814125061035 10.8551635742188 10.8289155960083 10.8026666641235 10.7764177322388 10.7778282165527 10.8622159957886 10.9466037750244 11.0309915542603 11.1153802871704 11.1997680664062 11.2841558456421 11.3685436248779 11.2750434875488 11.1222476959229 10.9694519042969 10.8166551589966 10.6638593673706 10.5110635757446 10.3582668304443 10.2202835083008 10.1267385482788 10.0331935882568 9.93964862823486
9.34051036834717 9.43333911895752 9.52616691589355 9.61899566650391 9.71182441711426 9.83574676513672 9.97003364562988 10.104320526123 10.2386074066162 10.3728952407837 10.5071821212769 10.64146900177 10.7435541152954 10.7490339279175 10.7545137405396 10.7599935531616 10.7654733657837 10.7709531784058 10.7764329910278 10.7819128036499 10.7813405990601 10.7787504196167 10.7761611938477 10.7735710144043 10.7709817886353 10.7683916091919 10.7658014297485 10.7834739685059 10.8619346618652 10.9403944015503 11.0188541412354 11.0973138809204 11.1757736206055 11.2542343139648 11.3326940536499 11.2366428375244 11.0824213027954 10.9281997680664 10.7739772796631 10.6197557449341 10.4655342102051 10.3113126754761 10.1758289337158 10.0965585708618 10.0172872543335 9.93801689147949
9.2917652130127 9.37968826293945 9.46761226654053 9.5555362701416 9.64345932006836 9.76889705657959 9.90683937072754 10.0447816848755 10.1827249526978 10.3206672668457 10.4586095809937 10.5965518951416 10.7003383636475 10.7016553878784 10.7029733657837 10.704291343689 10.7056083679199 10.7069263458252 10.7082443237305 10.7095613479614 10.7226610183716 10.739688873291 10.7567157745361 10.7737426757812 10.7907695770264 10.8077964782715 10.8248233795166 10.8521461486816 10.9103574752808 10.9685688018799 11.0267791748047 11.0849905014038 11.1432018280029 11.2014122009277 11.2596235275269 11.1632261276245 11.0152931213379 10.8673601150513 10.7194261550903 10.5714931488037 10.4235601425171 10.2756271362305 10.1460247039795 10.0714149475098 9.99680519104004 9.922194480896
9.30545234680176 9.37536334991455 9.44527435302734 9.51518535614014 9.58509635925293 9.71526432037354 9.86551856994629 10.0157737731934 10.1660280227661 10.3162822723389 10.4665365219116 10.6167907714844 10.7296133041382 10.7301387786865 10.7306632995605 10.7311887741089 10.7317142486572 10.7322397232056 10.7327651977539 10.7332906723022 10.7578725814819 10.7904748916626 10.8230762481689 10.8556776046753 10.888279914856 10.9208812713623 10.9534826278687 10.9838447570801 11.0074853897095 11.0311269760132 11.0547676086426 11.078408241272 11.1020498275757 11.1256904602051 11.1493320465088 11.0547943115234 10.9208631515503 10.7869329452515 10.6530017852783 10.5190706253052 10.3851404190063 10.2512092590332 10.1308708190918 10.0513076782227 9.97174549102783 9.89218235015869
9.31914043426514 9.37103843688965 9.42293643951416 9.47483444213867 9.52673244476318 9.6616325378418 9.82419872283936 9.98676490783691 10.1493310928345 10.311897277832 10.4744634628296 10.6370296478271 10.7588882446289 10.7586212158203 10.7583541870117 10.7580871582031 10.7578201293945 10.7575531005859 10.7572860717773 10.7570190429688 10.7930850982666 10.8412609100342 10.8894367218018 10.9376134872437 10.9857892990112 11.0339660644531 11.0821418762207 11.1155424118042 11.1046133041382 11.0936841964722 11.0827560424805 11.0718269348145 11.0608978271484 11.0499696731567 11.0390405654907 10.9463624954224 10.826434135437 10.7065057754517 10.5865774154663 10.466649055481 10.3467206954956 10.2267923355103 10.1157169342041 10.0312013626099 9.94668579101562 9.86217021942139
9.3328275680542 9.36671352386475 9.40059852600098 9.43448448181152 9.46836948394775 9.60799980163574 9.7828779220581 9.95775604248047 10.1326341629028 10.3075122833252 10.4823904037476 10.6572685241699 10.7881631851196 10.7871036529541 10.7860441207886 10.784984588623 10.7839260101318 10.7828664779663 10.7818069458008 10.7807483673096 10.828296661377 10.8920469284058 10.9557981491089 11.019549369812 11.0832996368408 11.1470508575439 11.2108020782471 11.2472400665283 11.2017412185669 11.1562423706055 11.1107444763184 11.0652456283569 11.0197467803955 10.9742479324341 10.9287490844727 10.837929725647 10.7320041656494 10.6260786056519 10.52015209198 10.4142265319824 10.3083009719849 10.202374458313 10.1005630493164 10.0110950469971 9.92162609100342 9.83215713500977
9.34651565551758 9.36238861083984 9.37826061248779 9.39413356781006 9.41000652313232 9.55436706542969 9.74155712127686 9.92874717712402 10.1159372329712 10.3031272888184 10.4903182983398 10.677508354187 10.8174381256104 10.8155860900879 10.8137350082397 10.8118829727173 10.8100309371948 10.8081798553467 10.8063278198242 10.8044767379761 10.8635082244873 10.9428329467773 11.0221586227417 11.1014842987061 11.1808099746704 11.2601356506348 11.3394613265991 11.3789377212524 11.2988691329956 11.2188005447388 11.1387319564819 11.0586633682251 10.9785947799683 10.8985261917114 10.8184576034546 10.7294979095459 10.6375741958618 10.545651435852 10.453727722168 10.3618040084839 10.2698812484741 10.17795753479 10.0854091644287 9.99098777770996 9.89656639099121 9.80214500427246
9.36020374298096 9.35806369781494 9.35592269897461 9.35378265380859 9.35164260864258 9.50073432922363 9.7002363204956 9.89973831176758 10.0992403030396 10.2987432479858 10.4982452392578 10.6977472305298 10.8467130661011 10.8440685272217 10.8414249420166 10.8387813568115 10.8361368179321 10.833493232727 10.830849647522 10.8282051086426 10.8987197875977 10.9936199188232 11.0885200500488 11.1834201812744 11.2783203125 11.3732204437256 11.4681205749512 11.5106353759766 11.3959970474243 11.2813587188721 11.1667203903198 11.0520820617676 10.9374437332153 10.8228054046631 10.7081661224365 10.6210660934448 10.5431451797485 10.4652242660522 10.387303352356 10.3093824386597 10.2314605712891 10.1535396575928 10.070255279541 9.97088146209717 9.871506690979 9.77213287353516
9.43632888793945 9.42926502227783 9.42220211029053 9.41513824462891 9.4080753326416 9.54055595397949 9.71955299377441 9.89854907989502 10.0775451660156 10.2565412521362 10.4355373382568 10.6145334243774 10.7475576400757 10.7426671981812 10.7377758026123 10.7328844070435 10.7279939651489 10.7231025695801 10.7182121276855 10.7133207321167 10.7917108535767 10.8978614807129 11.0040121078491 11.1101627349854 11.2163133621216 11.3224649429321 11.4286155700684 11.47705078125 11.3523406982422 11.2276315689087 11.1029214859009 10.9782114028931 10.8535022735596 10.7287921905518 10.6040821075439 10.5142107009888 10.4359512329102 10.3576927185059 10.2794332504272 10.201174736023 10.1229162216187 10.04465675354 9.96110820770264 9.8616886138916 9.76226997375488 9.66285037994385
9.57489204406738 9.57599449157715 9.57709789276123 9.578200340271 9.57930278778076 9.67383289337158 9.79950523376465 9.92517757415771 10.0508499145508 10.1765222549438 10.3021945953369 10.42786693573 10.5199728012085 10.5113801956177 10.5027875900269 10.4941940307617 10.4856014251709 10.4770088195801 10.4684152603149 10.4598226547241 10.5424823760986 10.6555595397949 10.7686367034912 10.8817138671875 10.9947910308838 11.1078681945801 11.2209453582764 11.2781829833984 11.1679000854492 11.0576181411743 10.9473352432251 10.8370523452759 10.726770401001 10.6164875030518 10.5062055587769 10.4089317321777 10.3159942626953 10.2230567932129 10.1301193237305 10.0371828079224 9.94424533843994 9.85130786895752 9.75796604156494 9.66341018676758 9.56885433197021 9.47429847717285
9.713454246521 9.72272396087646 9.73199272155762 9.74126243591309 9.75053119659424 9.80710983276367 9.8794584274292 9.95180702209473 10.0241556167603 10.0965032577515 10.168851852417 10.2412004470825 10.2923879623413 10.2800931930542 10.2677984237671 10.25550365448 10.2432088851929 10.2309141159058 10.2186193466187 10.2063245773315 10.2932538986206 10.413257598877 10.5332612991333 10.6532649993896 10.773268699646 10.8932723999023 11.0132761001587 11.0793151855469 10.9834594726562 10.8876047134399 10.7917490005493 10.695894241333 10.6000385284424 10.5041837692261 10.4083280563354 10.3036527633667 10.1960372924805 10.0884218215942 9.98080539703369 9.87318992614746 9.76557445526123 9.657958984375 9.55482387542725 9.46513175964355 9.37543869018555 9.28574562072754
9.85201740264893 9.86945343017578 9.88688850402832 9.90432357788086 9.92175960540771 9.94038677215576 9.95941066741943 9.97843551635742 9.99746036529541 10.0164852142334 10.0355091094971 10.0545339584351 10.0648031234741 10.048807144165 10.0328102111816 10.0168132781982 10.0008163452148 9.98482036590576 9.96882343292236 9.95282649993896 10.0440254211426 10.170955657959 10.2978858947754 10.4248161315918 10.5517463684082 10.6786766052246 10.8056058883667 10.8804473876953 10.7990188598633 10.7175912857056 10.6361627578735 10.5547351837158 10.4733066558838 10.3918790817261 10.3104515075684 10.1983737945557 10.0760793685913 9.95378589630127 9.83149147033691 9.70919799804688 9.58690452575684 9.46461009979248 9.35168266296387 9.26685237884521 9.18202304840088 9.09719371795654
