data/working_set_collections/6091692-Cassins_Sparrow-M2/2010/tautot_avg.asc
NCOLS 265 
NROWS 230 
XLLCORNER -115.5625 
YLLCORNER 24.8333333333333 
CELLSIZE 0.0833333333333333 
NODATA_value -9999 
[rows 40 to 59 of 230, columns 92 to 137 of 265]
10.773738861084 10.9178056716919 11.0618734359741 11.205940246582 11.3500080108643 11.4441947937012 11.5217542648315 11.5993137359619 11.6768741607666 11.754433631897 11.8319931030273 11.909553527832 11.9518194198608 11.8882074356079 11.824595451355 11.760983467102 11.6973714828491 11.6337594985962 11.5701465606689 11.506534576416 11.5463991165161 11.6207542419434 11.6951103210449 11.7694664001465 11.8438215255737 11.9181776046753 11.9925336837769 12.0117702484131 11.865650177002 11.7195310592651 11.573410987854 11.4272909164429 11.2811717987061 11.1350517272949 10.9889316558838 10.8475646972656 10.707781791687 10.5679979324341 10.4282150268555 10.2884321212769 10.1486492156982 10.0088653564453 9.89452457427979 9.85650825500488 9.81849098205566 9.78047466278076
10.8334617614746 10.9788198471069 11.1241769790649 11.269534111023 11.4148921966553 11.497688293457 11.5596303939819 11.6215724945068 11.6835155487061 11.745457649231 11.8073997497559 11.8693428039551 11.9052820205688 11.8632154464722 11.8211488723755 11.7790822982788 11.7370157241821 11.6949491500854 11.6528825759888 11.6108160018921 11.6628093719482 11.7461557388306 11.8295021057129 11.9128484725952 11.9961948394775 12.0795412063599 12.1628885269165 12.1817274093628 12.0070476531982 11.8323678970337 11.6576871871948 11.4830074310303 11.3083267211914 11.1336469650269 10.958966255188 10.8007869720459 10.6481084823608 10.4954290390015 10.3427505493164 10.190071105957 10.037392616272 9.8847131729126 9.76085376739502 9.72345352172852 9.6860523223877 9.64865207672119
10.9436349868774 11.1021795272827 11.260724067688 11.4192676544189 11.5778121948242 11.6370944976807 11.6632890701294 11.6894845962524 11.7156791687012 11.7418746948242 11.768069267273 11.794264793396 11.8080701828003 11.7847099304199 11.7613496780396 11.7379894256592 11.7146291732788 11.6912689208984 11.6679086685181 11.6445474624634 11.7029733657837 11.7886619567871 11.8743495941162 11.9600372314453 12.0457258224487 12.1314134597778 12.2171020507812 12.2344932556152 12.0469970703125 11.8595008850098 11.672004699707 11.48450756073 11.2970113754272 11.1095151901245 10.9220190048218 10.7543601989746 10.5933132171631 10.4322671890259 10.2712211608887 10.1101741790771 9.94912815093994 9.78808116912842 9.65770244598389 9.61932468414307 9.58094692230225 9.54256820678711
11.1042575836182 11.2878856658936 11.4715127944946 11.65514087677 11.8387689590454 11.8624143600464 11.8327312469482 11.8030490875244 11.7733669281006 11.7436838150024 11.7140016555786 11.6843194961548 11.6601839065552 11.6526908874512 11.6451978683472 11.6377038955688 11.6302108764648 11.6227169036865 11.6152238845825 11.6077299118042 11.6668920516968 11.748272895813 11.8296527862549 11.9110326766968 11.992413520813 12.0737934112549 12.1551742553711 12.1700677871704 11.985499382019 11.8009309768677 11.6163625717163 11.4317941665649 11.2472257614136 11.0626573562622 10.8780889511108 10.7082824707031 10.5433969497681 10.378511428833 10.2136268615723 10.0487413406372 9.88385581970215 9.71897029876709 9.58506965637207 9.54412174224854 9.503173828125 9.46222591400146
11.2648801803589 11.4735918045044 11.6823024749756 11.8910140991211 12.0997257232666 12.0877332687378 12.0021734237671 11.9166135787964 11.8310537338257 11.745493888855 11.6599340438843 11.5743741989136 11.5122976303101 11.5206718444824 11.5290451049805 11.5374183654785 11.5457916259766 11.5541658401489 11.562539100647 11.570912361145 11.6308107376099 11.7078828811646 11.7849559783936 11.8620281219482 11.9391012191772 12.0161743164062 12.0932464599609 12.1056413650513 11.9240007400513 11.7423601150513 11.5607194900513 11.3790798187256 11.1974391937256 11.0157985687256 10.8341579437256 10.6622047424316 10.493480682373 10.3247566223145 10.1560325622559 9.98730754852295 9.81858348846436 9.64985942840576 9.51243686676025 9.468918800354 9.42540073394775 9.3818826675415
11.4255027770996 11.6592979431152 11.8930921554565 12.1268873214722 12.3606824874878 12.3130531311035 12.1716156005859 12.0301780700684 11.8887414932251 11.7473039627075 11.6058664321899 11.4644298553467 11.3644113540649 11.3886518478394 11.4128923416138 11.4371328353882 11.4613733291626 11.485613822937 11.5098543167114 11.5340948104858 11.5947284698486 11.6674938201904 11.7402591705322 11.8130235671997 11.8857889175415 11.9585542678833 12.0313196182251 12.0412149429321 11.8625020980835 11.6837902069092 11.5050773620605 11.3263654708862 11.1476526260376 10.9689407348633 10.7902278900146 10.6161270141602 10.443564414978 10.2710008621216 10.0984382629395 9.92587471008301 9.75331115722656 9.58074855804443 9.43980407714844 9.39371585845947 9.34762763977051 9.30153942108154
11.5861253738403 11.8450040817261 12.1038818359375 12.3627605438232 12.621639251709 12.5383729934692 12.3410577774048 12.1437435150146 11.9464282989502 11.7491140365601 11.5517988204956 11.3544845581055 11.2165250778198 11.2566328048706 11.2967405319214 11.3368473052979 11.3769550323486 11.4170627593994 11.4571695327759 11.4972772598267 11.5586471557617 11.6271047592163 11.6955623626709 11.7640190124512 11.8324766159058 11.9009342193604 11.9693918228149 11.976788520813 11.80100440979 11.6252202987671 11.4494352340698 11.2736511230469 11.0978670120239 10.9220819473267 10.7462978363037 10.570050239563 10.393648147583 10.217246055603 10.040843963623 9.86444091796875 9.68803882598877 9.51163673400879 9.36717128753662 9.31851291656494 9.26985454559326 9.22119617462158
11.7467479705811 12.0307102203369 12.3146715164185 12.5986337661743 12.8825960159302 12.7636919021606 12.5104999542236 12.2573080062866 12.0041160583496 11.7509241104126 11.4977312088013 11.2445392608643 11.0686388015747 11.1246137619019 11.1805877685547 11.2365617752075 11.2925367355347 11.3485107421875 11.4044857025146 11.4604597091675 11.5225658416748 11.5867156982422 11.6508655548096 11.7150144577026 11.77916431427 11.8433141708374 11.9074640274048 11.9123620986938 11.7395057678223 11.5666494369507 11.3937931060791 11.2209367752075 11.0480804443359 10.8752241134644 10.7023677825928 10.5239725112915 10.3437309265137 10.1634902954102 9.98324966430664 9.80300807952881 9.62276744842529 9.44252586364746 9.29453754425049 9.24330997467041 9.19208145141602 9.14085292816162
11.7740249633789 12.0604677200317 12.3469095230103 12.6333522796631 12.9197950363159 12.7929258346558 12.5282878875732 12.2636489868164 11.9990100860596 11.734372138977 11.4697332382202 11.2050943374634 11.0251092910767 11.0990829467773 11.173056602478 11.2470293045044 11.3210029602051 11.3949766159058 11.4689502716064 11.5429239273071 11.5925407409668 11.6340379714966 11.6755352020264 11.7170324325562 11.7585296630859 11.8000268936157 11.8415250778198 11.8313360214233 11.666090965271 11.5008449554443 11.3355989456177 11.1703538894653 11.0051078796387 10.839861869812 10.6746168136597 10.4984197616577 10.3185720443726 10.1387243270874 9.95887660980225 9.77902889251709 9.59918117523193 9.41933345794678 9.27153587341309 9.21988773345947 9.16823959350586 9.11659240722656
11.6679563522339 11.9342765808105 12.2005958557129 12.4669160842896 12.7332353591919 12.6260747909546 12.3944206237793 12.162766456604 11.9311122894287 11.6994581222534 11.4678039550781 11.2361497879028 11.0859355926514 11.1800403594971 11.2741460800171 11.3682508468628 11.4623556137085 11.5564603805542 11.6505651473999 11.7446699142456 11.7685718536377 11.7690715789795 11.7695722579956 11.7700719833374 11.7705726623535 11.7710733413696 11.7715730667114 11.7337102890015 11.5807580947876 11.4278059005737 11.2748537063599 11.121901512146 10.9689493179321 10.8159971237183 10.6630449295044 10.4933910369873 10.3181686401367 10.1429462432861 9.96772480010986 9.79250240325928 9.61728096008301 9.44205856323242 9.29816341400146 9.24824619293213 9.19832897186279 9.14841270446777
11.5618877410889 11.808084487915 12.0542821884155 12.3004789352417 12.5466766357422 12.4592237472534 12.2605533599854 12.0618839263916 11.8632144927979 11.6645450592041 11.4658756256104 11.2672061920166 11.1467628479004 11.2609987258911 11.3752355575562 11.4894714355469 11.6037073135376 11.7179441452026 11.8321800231934 11.9464159011841 11.9446029663086 11.9041061401367 11.8636093139648 11.823112487793 11.7826156616211 11.7421188354492 11.7016220092773 11.6360845565796 11.4954252243042 11.3547668457031 11.214108467102 11.073450088501 10.9327907562256 10.7921323776245 10.6514739990234 10.4883623123169 10.3177652359009 10.1471691131592 9.97657299041748 9.80597686767578 9.63538074493408 9.46478462219238 9.32479095458984 9.27660465240479 9.22841930389404 9.18023300170898
11.4558191299438 11.6818933486938 11.9079675674438 12.1340427398682 12.3601169586182 12.2923717498779 12.1266870498657 11.9610013961792 11.795316696167 11.6296310424805 11.4639463424683 11.2982616424561 11.2075891494751 11.3419570922852 11.4763240814209 11.610692024231 11.745059967041 11.8794269561768 12.0137948989868 12.1481628417969 12.1206340789795 12.0391397476196 11.9576463699341 11.8761520385742 11.7946577072144 11.7131643295288 11.6316699981689 11.5384578704834 11.4100933074951 11.2817277908325 11.1533632278442 11.0249977111816 10.896632194519 10.7682676315308 10.6399021148682 10.4833335876465 10.3173627853394 10.1513919830322 9.9854211807251 9.81945133209229 9.65348052978516 9.48750972747803 9.35141849517822 9.30496311187744 9.25850868225098 9.2120532989502
11.3497505187988 11.5557022094727 11.7616539001465 11.9676055908203 12.1735582351685 12.1255207061768 11.9928197860718 11.8601188659668 11.7274188995361 11.5947179794312 11.4620170593262 11.3293170928955 11.2684164047241 11.4229154586792 11.57741355896 11.731912612915 11.8864116668701 12.0409107208252 12.1954097747803 12.3499088287354 12.2966651916504 12.1741743087769 12.051682472229 11.9291915893555 11.8067007064819 11.6842098236084 11.5617179870605 11.4408321380615 11.3247604370117 11.2086887359619 11.0926170349121 10.9765453338623 10.8604745864868 10.744402885437 10.6283311843872 10.4783048629761 10.3169593811035 10.1556148529053 9.99427032470703 9.83292484283447 9.67158031463623 9.51023578643799 9.3780460357666 9.3333215713501 9.28859806060791 9.24387359619141
11.2436809539795 11.4295110702515 11.6153402328491 11.8011693954468 11.9869985580444 11.9586687088013 11.8589525222778 11.7592363357544 11.6595211029053 11.5598049163818 11.4600887298584 11.360372543335 11.3292427062988 11.5038728713989 11.678503036499 11.8531341552734 12.0277643203735 12.2023944854736 12.3770246505737 12.5516548156738 12.4726963043213 12.3092079162598 12.1457195281982 11.9822311401367 11.8187437057495 11.655255317688 11.4917669296265 11.3432064056396 11.2394275665283 11.1356496810913 11.0318717956543 10.9280939102173 10.8243160247803 10.7205371856689 10.6167593002319 10.4732761383057 10.316556930542 10.1598377227783 10.0031185150146 9.84639930725098 9.6896800994873 9.53296089172363 9.40467357635498 9.36168003082275 9.31868743896484 9.27569389343262
11.2242784500122 11.3955583572388 11.5668382644653 11.7381181716919 11.9093980789185 11.9078216552734 11.8486251831055 11.7894296646118 11.7302341461182 11.6710386276245 11.6118431091309 11.5526475906372 11.5445537567139 11.6897659301758 11.834979057312 11.9801912307739 12.1254043579102 12.2706165313721 12.4158296585083 12.5610418319702 12.4672269821167 12.293737411499 12.120246887207 11.946756362915 11.773265838623 11.5997753143311 11.4262847900391 11.2735204696655 11.182933807373 11.0923461914062 11.0017595291138 10.9111728668213 10.8205862045288 10.729998588562 10.6394119262695 10.5016326904297 10.348123550415 10.1946134567261 10.0411043167114 9.88759422302246 9.73408508300781 9.58057498931885 9.45345401763916 9.40549659729004 9.35754013061523 9.30958271026611
11.2915420532227 11.4538450241089 11.6161489486694 11.7784519195557 11.9407558441162 11.9729776382446 11.9618377685547 11.9506988525391 11.9395589828491 11.9284200668335 11.9172811508179 11.9061412811279 11.9143486022949 11.9805946350098 12.0468406677246 12.1130867004395 12.17933177948 12.2455778121948 12.3118238449097 12.3780698776245 12.2802581787109 12.127760887146 11.9752635955811 11.8227653503418 11.6702680587769 11.5177707672119 11.3652725219727 11.2317752838135 11.1552772521973 11.0787792205811 11.0022811889648 10.9257822036743 10.8492841720581 10.7727861404419 10.6962881088257 10.5633764266968 10.411660194397 10.2599430084229 10.108226776123 9.95651054382324 9.80479431152344 9.65307807922363 9.52438640594482 9.46477127075195 9.40515613555908 9.3455400466919
11.3588047027588 11.512131690979 11.6654596328735 11.8187866210938 11.972113609314 12.0381336212158 12.0750503540039 12.111967086792 12.1488847732544 12.1858015060425 12.2227182388306 12.259635925293 12.284143447876 12.2714223861694 12.2587013244629 12.2459812164307 12.2332601547241 12.2205400466919 12.2078189849854 12.1950979232788 12.0932893753052 11.961784362793 11.8302803039551 11.6987752914429 11.5672702789307 11.4357652664185 11.3042612075806 11.1900300979614 11.1276206970215 11.0652112960815 11.0028018951416 10.9403924942017 10.8779830932617 10.8155736923218 10.7531642913818 10.6251192092896 10.4751968383789 10.3252735137939 10.175350189209 10.025426864624 9.87550354003906 9.7255802154541 9.5953197479248 9.52404499053955 9.45277118682861 9.38149738311768
11.4260683059692 11.5704193115234 11.7147693634033 11.8591203689575 12.0034713745117 12.103289604187 12.1882629394531 12.2732362747192 12.3582096099854 12.4431829452515 12.5281562805176 12.6131296157837 12.6539373397827 12.5622501373291 12.4705629348755 12.3788757324219 12.2871885299683 12.1955013275146 12.103814125061 12.0121269226074 11.9063205718994 11.7958087921143 11.6852970123291 11.5747852325439 11.4642724990845 11.3537607192993 11.2432489395142 11.1482849121094 11.0999641418457 11.051643371582 11.0033226013184 10.955002784729 10.9066820144653 10.8583612442017 10.810040473938 10.6868629455566 10.5387325286865 10.3906030654907 10.2424726486206 10.0943431854248 9.94621276855469 9.79808330535889 9.66625213623047 9.58331966400146 9.50038719177246 9.41745471954346
11.4933309555054 11.6287059783936 11.7640800476074 11.8994550704956 12.0348291397095 12.1684455871582 12.3014755249023 12.4345045089722 12.5675344467163 12.7005643844604 12.8335943222046 12.9666233062744 13.0237321853638 12.8530788421631 12.6824245452881 12.5117702484131 12.3411169052124 12.1704626083374 11.9998083114624 11.8291549682617 11.7193517684937 11.6298322677612 11.5403137207031 11.4507942199707 11.3612747192383 11.2717561721802 11.1822366714478 11.1065397262573 11.0723075866699 11.0380764007568 11.0038442611694 10.969612121582 10.9353809356689 10.9011487960815 10.8669166564941 10.7486066818237 10.6022691726685 10.4559326171875 10.3095960617065 10.1632585525513 10.0169219970703 9.87058544158936 9.73718547821045 9.64259433746338 9.54800319671631 9.45341205596924
11.5605945587158 11.6869926452637 11.8133907318115 11.9397888183594 12.0661869049072 12.2336015701294 12.4146871566772 12.5957736968994 12.7768592834473 12.9579458236694 13.1390314102173 13.3201179504395 13.3935270309448 13.1439065933228 12.8942861557007 12.6446657180786 12.3950443267822 12.1454238891602 11.8958034515381 11.646183013916 11.5323829650879 11.4638566970825 11.3953304290771 11.3268041610718 11.2582778930664 11.189751625061 11.1212244033813 11.0647945404053 11.0446510314941 11.0245084762573 11.0043649673462 10.9842224121094 10.9640789031982 10.9439363479614 10.9237928390503 10.8103494644165 10.6658058166504 10.5212621688843 10.3767185211182 10.232174873352 10.0876312255859 9.94308757781982 9.80811786651611 9.70186805725098 9.59561824798584 9.4893684387207
