data/working_set_collections/6091692-Cassins_Sparrow-M2/2010/tsat_avg.asc
NCOLS 265 
NROWS 230 
XLLCORNER -115.5625 
YLLCORNER 24.8333333333333 
CELLSIZE 0.0833333333333333 
NODATA_value -9999 
[rows 120 to 139 of 230, columns 0 to 45 of 265]
292.252258300781 292.415679931641 292.5791015625 292.742523193359 292.905944824219 293.069366455078 293.232788085938 293.327575683594 293.399505615234 293.471435546875 293.543365478516 293.615295410156 293.687225341797 293.759155273438 293.775115966797 293.623199462891 293.471252441406 293.319305419922 293.167388916016 293.015441894531 292.863494873047 292.711578369141 292.553314208984 292.392913818359 292.232543945312 292.072174072266 291.911773681641 291.751403808594 291.591033935547 291.454925537109 291.391723632812 291.328491210938 291.265258789062 291.202026367188 291.138793945312 291.075592041016 291.012359619141 290.953033447266 290.89501953125 290.837005615234 290.778991699219 290.721008300781 290.662994384766 290.60498046875 290.462463378906 290.06640625
292.385040283203 292.532745361328 292.680480957031 292.828186035156 292.975891113281 293.123626708984 293.271331787109 293.356842041016 293.421600341797 293.486358642578 293.551116943359 293.615875244141 293.6806640625 293.745422363281 293.756927490234 293.608642578125 293.460388183594 293.312103271484 293.163818359375 293.015563964844 292.867279052734 292.719024658203 292.596099853516 292.481658935547 292.3671875 292.252746582031 292.138275146484 292.023834228516 291.909393310547 291.813140869141 291.771606445312 291.730041503906 291.688507080078 291.646942138672 291.605407714844 291.563842773438 291.522308349609 291.46923828125 291.412322998047 291.355438232422 291.298522949219 291.241638183594 291.184722900391 291.127807617188 290.987945556641 290.59912109375
292.517822265625 292.649841308594 292.781860351562 292.913848876953 293.045867919922 293.177886962891 293.309875488281 293.386077880859 293.443695068359 293.501281738281 293.558868408203 293.616485595703 293.674072265625 293.731689453125 293.738739013672 293.594116210938 293.449493408203 293.304901123047 293.160278320312 293.015686035156 292.871063232422 292.726470947266 292.638916015625 292.570373535156 292.501861572266 292.433319091797 292.364807128906 292.296264648438 292.227722167969 292.171356201172 292.151489257812 292.131622314453 292.111755371094 292.091888427734 292.071990966797 292.052124023438 292.032257080078 291.985443115234 291.929656982422 291.873840332031 291.818054199219 291.762268066406 291.706481933594 291.650665283203 291.513427734375 291.1318359375
292.650634765625 292.766937255859 292.883239746094 292.999542236328 293.115844726562 293.232147216797 293.348449707031 293.415344238281 293.465759277344 293.516204833984 293.566650390625 293.617065429688 293.667510986328 293.717926025391 293.720520019531 293.57958984375 293.438629150391 293.297698974609 293.15673828125 293.015808105469 292.874847412109 292.733917236328 292.681701660156 292.659118652344 292.636505126953 292.613891601562 292.59130859375 292.568695068359 292.546081542969 292.529602050781 292.531402587891 292.533203125 292.535003662109 292.536804199219 292.538604736328 292.540405273438 292.542205810547 292.501647949219 292.446960449219 292.392272949219 292.337585449219 292.282897949219 292.228210449219 292.173522949219 292.038909912109 291.66455078125
292.783416748047 292.884002685547 292.984588623047 293.085205078125 293.185791015625 293.286407470703 293.386993408203 293.444580078125 293.487854003906 293.531127929688 293.574401855469 293.61767578125 293.660919189453 293.704193115234 293.702331542969 293.565032958984 293.427764892578 293.290466308594 293.153198242188 293.015930175781 292.878631591797 292.741363525391 292.724517822266 292.747833251953 292.771148681641 292.794494628906 292.817810058594 292.841125488281 292.864440917969 292.887817382812 292.911285400391 292.934753417969 292.958251953125 292.981719970703 293.005187988281 293.028686523438 293.052154541016 293.017852783203 292.964263916016 292.910675048828 292.857116699219 292.803527832031 292.749938964844 292.696380615234 292.564392089844 292.197265625
292.916198730469 293.001098632812 293.085968017578 293.170867919922 293.255767822266 293.340667724609 293.425537109375 293.473846435547 293.509948730469 293.546051025391 293.582153320312 293.618255615234 293.654357910156 293.690460205078 293.684143066406 293.550506591797 293.416900634766 293.283264160156 293.149658203125 293.016021728516 292.882415771484 292.748809814453 292.767333984375 292.836578369141 292.905822753906 292.975067138672 293.044311523438 293.113555908203 293.182800292969 293.246032714844 293.291168212891 293.336334228516 293.381500244141 293.426635742188 293.471801757812 293.516967773438 293.562103271484 293.534057617188 293.481567382812 293.429107666016 293.376647949219 293.324157714844 293.271697998047 293.21923828125 293.089904785156 292.72998046875
293.100433349609 293.163208007812 293.226013183594 293.288787841797 293.351593017578 293.414367675781 293.477172851562 293.518524169922 293.552764892578 293.587005615234 293.621215820312 293.655456542969 293.689697265625 293.723907470703 293.719024658203 293.596801757812 293.474548339844 293.352325439453 293.230072021484 293.107849121094 292.985595703125 292.863372802734 292.898345947266 292.985778808594 293.073181152344 293.160583496094 293.248016357422 293.335418701172 293.422821044922 293.498809814453 293.540466308594 293.582122802734 293.623779296875 293.665435791016 293.707092285156 293.748748779297 293.790405273438 293.767028808594 293.721954345703 293.676879882812 293.631805419922 293.586730957031 293.541656494141 293.49658203125 293.376892089844 293.033386230469
293.336090087891 293.370391845703 293.404663085938 293.43896484375 293.473266601562 293.507537841797 293.541839599609 293.578643798828 293.616302490234 293.653961181641 293.691619873047 293.729248046875 293.766906738281 293.804565429688 293.807037353516 293.703887939453 293.600738525391 293.497589111328 293.394470214844 293.291320800781 293.188171386719 293.085052490234 293.117614746094 293.195434570312 293.273254394531 293.35107421875 293.428894042969 293.506713867188 293.584533691406 293.646148681641 293.659149169922 293.672149658203 293.685119628906 293.698120117188 293.711120605469 293.724090576172 293.737091064453 293.716796875 293.685394287109 293.654022216797 293.622619628906 293.591217041016 293.559844970703 293.528442382812 293.425415039062 293.107543945312
293.571746826172 293.577545166016 293.583343505859 293.589141845703 293.594909667969 293.600708007812 293.606506347656 293.638763427734 293.679840087891 293.720916748047 293.761993408203 293.803070068359 293.844146728516 293.885223388672 293.89501953125 293.810974121094 293.726928710938 293.642883300781 293.558837890625 293.474822998047 293.390777587891 293.306732177734 293.336883544922 293.405120849609 293.473358154297 293.541564941406 293.609802246094 293.678039550781 293.746276855469 293.793518066406 293.77783203125 293.762145996094 293.746459960938 293.730804443359 293.715118408203 293.699432373047 293.683746337891 293.666564941406 293.648834228516 293.631134033203 293.613433837891 293.595733642578 293.578002929688 293.560302734375 293.473937988281 293.181671142578
293.807403564453 293.784698486328 293.761993408203 293.739288330078 293.716583251953 293.693878173828 293.671173095703 293.698883056641 293.743377685547 293.787872314453 293.832366943359 293.876892089844 293.92138671875 293.965881347656 293.983001708984 293.918060302734 293.853118896484 293.788177490234 293.723236083984 293.658294677734 293.593353271484 293.528411865234 293.55615234375 293.614776611328 293.673431396484 293.732055664062 293.790710449219 293.849334716797 293.907989501953 293.940856933594 293.896514892578 293.852172851562 293.807830810547 293.763458251953 293.719116210938 293.674774169922 293.630432128906 293.616302490234 293.612274169922 293.608276367188 293.604248046875 293.600219726562 293.59619140625 293.592163085938 293.5224609375 293.255798339844
294.043090820312 293.991882324219 293.940673828125 293.889465332031 293.838256835938 293.787048339844 293.735870361328 293.759002685547 293.806915283203 293.854858398438 293.902770996094 293.95068359375 293.998596191406 294.046539306641 294.071014404297 294.025177001953 293.979309082031 293.933471679688 293.887634277344 293.841766357422 293.795928955078 293.750091552734 293.775421142578 293.824462890625 293.873504638672 293.922546386719 293.971588134766 294.020629882812 294.069702148438 294.088226318359 294.015197753906 293.942169189453 293.869171142578 293.796142578125 293.723114013672 293.650115966797 293.577087402344 293.566070556641 293.575744628906 293.585388183594 293.595062255859 293.604705810547 293.614379882812 293.6240234375 293.571014404297 293.329925537109
294.278747558594 294.199035644531 294.119323730469 294.039642333984 293.959930419922 293.880249023438 293.800537109375 293.819122314453 293.870452880859 293.921813964844 293.97314453125 294.024505615234 294.075836181641 294.127197265625 294.158996582031 294.132263183594 294.105499267578 294.078765869141 294.052001953125 294.025268554688 293.998504638672 293.971771240234 293.994659423828 294.034118652344 294.073577880859 294.113037109375 294.152496337891 294.191955566406 294.231414794922 294.235565185547 294.133880615234 294.032196044922 293.930511474609 293.828826904297 293.727142333984 293.625427246094 293.523742675781 293.515838623047 293.539184570312 293.562530517578 293.585876464844 293.609191894531 293.632537841797 293.655883789062 293.619537353516 293.404052734375
294.390289306641 294.310638427734 294.23095703125 294.151306152344 294.071624755859 293.991973876953 293.912292480469 293.921752929688 293.960906982422 294.000061035156 294.039215087891 294.078369140625 294.117523193359 294.156677246094 294.18115234375 294.161468505859 294.141815185547 294.122161865234 294.102508544922 294.082855224609 294.063201904297 294.043548583984 294.063232421875 294.096008300781 294.128814697266 294.161590576172 294.194396972656 294.227172851562 294.259948730469 294.254699707031 294.135314941406 294.015960693359 293.896575927734 293.777191162109 293.657806396484 293.538421630859 293.419036865234 293.414215087891 293.447540283203 293.480895996094 293.514221191406 293.547576904297 293.580902099609 293.6142578125 293.590850830078 293.397186279297
294.377746582031 294.32666015625 294.275543212891 294.224456787109 294.17333984375 294.122253417969 294.071136474609 294.066864013672 294.078247070312 294.089599609375 294.100952148438 294.1123046875 294.123657226562 294.135040283203 294.137390136719 294.112823486328 294.088256835938 294.063690185547 294.039123535156 294.014556884766 293.989990234375 293.965423583984 293.981048583984 294.010101318359 294.039154052734 294.068206787109 294.097259521484 294.126312255859 294.155364990234 294.145629882812 294.01953125 293.893432617188 293.767333984375 293.641265869141 293.515167236328 293.389068603516 293.262969970703 293.261199951172 293.300842285156 293.340484619141 293.380157470703 293.419799804688 293.45947265625 293.499114990234 293.484954833984 293.309326171875
294.365234375 294.342681884766 294.320129394531 294.297607421875 294.275054931641 294.252502441406 294.22998046875 294.212005615234 294.195556640625 294.179138183594 294.162689208984 294.146240234375 294.129821777344 294.113372802734 294.093658447266 294.064178466797 294.034698486328 294.005218505859 293.975738525391 293.946258544922 293.916778564453 293.887298583984 293.898895263672 293.924224853516 293.949523925781 293.974822998047 294.000152587891 294.025451660156 294.05078125 294.036560058594 293.903747558594 293.770935058594 293.638122558594 293.505310058594 293.372497558594 293.239685058594 293.106903076172 293.108154296875 293.154144287109 293.200103759766 293.246063232422 293.292053222656 293.338012695312 293.383972167969 293.379058837891 293.221496582031
294.352691650391 294.358703613281 294.364715576172 294.370758056641 294.376770019531 294.382781982422 294.388824462891 294.357147216797 294.312896728516 294.268676757812 294.224426269531 294.18017578125 294.135955810547 294.091705322266 294.049926757812 294.015533447266 293.981140136719 293.946746826172 293.912353515625 293.877960205078 293.843566894531 293.809173583984 293.816741943359 293.838317871094 293.859893798828 293.881469726562 293.903015136719 293.924591064453 293.946166992188 293.927459716797 293.787963867188 293.6484375 293.508911132812 293.369384765625 293.229858398438 293.09033203125 292.950805664062 292.955139160156 293.007446289062 293.059722900391 293.111999511719 293.164276123047 293.216583251953 293.268859863281 293.273193359375 293.133636474609
294.340148925781 294.374725341797 294.409301757812 294.443908691406 294.478485107422 294.513061523438 294.547637939453 294.502258300781 294.430236816406 294.358184814453 294.286163330078 294.214141845703 294.14208984375 294.070068359375 294.006195068359 293.966888427734 293.927581787109 293.888275146484 293.848968505859 293.809661865234 293.770355224609 293.731048583984 293.734588623047 293.752410888672 293.770233154297 293.7880859375 293.805908203125 293.82373046875 293.841583251953 293.818389892578 293.672149658203 293.525909423828 293.379669189453 293.233459472656 293.087219238281 292.940979003906 292.794738769531 292.802124023438 292.860717773438 292.919311523438 292.977935791016 293.036529541016 293.095123291016 293.153717041016 293.167297363281 293.045776367188
294.327606201172 294.390747070312 294.453887939453 294.517059326172 294.580200195312 294.643341064453 294.706481933594 294.647399902344 294.547576904297 294.447723388672 294.347900390625 294.248077392578 294.148223876953 294.048400878906 293.962463378906 293.918243408203 293.8740234375 293.829803466797 293.785583496094 293.741363525391 293.697143554688 293.652893066406 293.652435302734 293.66650390625 293.680603027344 293.694702148438 293.708801269531 293.722900390625 293.736968994141 293.709320068359 293.556365966797 293.403411865234 293.250457763672 293.097503662109 292.944549560547 292.791625976562 292.638671875 292.649108886719 292.714019775391 292.778930664062 292.843841552734 292.908752441406 292.973663330078 293.03857421875 293.061401367188 292.957916259766
294.179473876953 294.280609130859 294.381744384766 294.482879638672 294.584014892578 294.685150146484 294.786285400391 294.723327636719 294.605651855469 294.487976074219 294.370300292969 294.252655029297 294.134979248047 294.017303466797 293.918365478516 293.875640869141 293.832885742188 293.790130615234 293.747375488281 293.704650878906 293.661895751953 293.619140625 293.614318847656 293.622131347656 293.629943847656 293.637786865234 293.645599365234 293.653411865234 293.661224365234 293.628967285156 293.476348876953 293.323760986328 293.171173095703 293.0185546875 292.865966796875 292.71337890625 292.560760498047 292.564483642578 292.620300292969 292.676116943359 292.73193359375 292.787750244141 292.843566894531 292.899383544922 292.9169921875 292.819976806641
293.895721435547 294.044281005859 294.192810058594 294.341369628906 294.489929199219 294.638458251953 294.787017822266 294.730010986328 294.604461669922 294.478942871094 294.353424072266 294.227874755859 294.102355957031 293.976806640625 293.873931884766 293.839050292969 293.804168701172 293.769287109375 293.734405517578 293.699493408203 293.664611816406 293.629730224609 293.620269775391 293.619293212891 293.618286132812 293.617309570312 293.616333007812 293.615356445312 293.614349365234 293.577331542969 293.43212890625 293.286956787109 293.141784667969 292.996612548828 292.851440429688 292.706237792969 292.561065673828 292.548248291016 292.579559326172 292.610870361328 292.642181396484 292.673492431641 292.704803466797 292.736114501953 292.734069824219 292.631896972656
