data/working_set_collections/6091692-Cassins_Sparrow-M2/2010/tsat_avg.asc
NCOLS 265 
NROWS 230 
XLLCORNER -115.5625 
YLLCORNER 24.8333333333333 
CELLSIZE 0.0833333333333333 
NODATA_value -9999 
[rows 200 to 219 of 230, columns 46 to 91 of 265]
-9999 -9999 -9999 -9999 -9999 -9999 -9999 -9999 -9999 -9999 -9999 -9999 -9999 -9999 -9999 -9999 296.851470947266 296.843933105469 296.836364746094 296.828796386719 296.821228027344 296.790313720703 296.751586914062 296.712860107422 296.674163818359 296.635437011719 296.596710205078 296.558013916016 296.442810058594 296.098236083984 295.753631591797 295.409057617188 295.064453125 294.719848632812 294.375274658203 294.030670166016 293.484283447266 292.870635986328 292.256988525391 291.643341064453 291.029693603516 290.416046142578 289.802398681641 289.213989257812 288.701385498047 288.188781738281
-9999 -9999 -9999 -9999 -9999 -9999 -9999 -9999 -9999 -9999 -9999 -9999 -9999 -9999 -9999 -9999 -9999 296.872528076172 296.854888916016 296.837280273438 296.819641113281 296.798675537109 296.776580810547 296.754486083984 296.732421875 296.710327148438 296.688232421875 296.666168212891 296.571228027344 296.257720947266 295.944213867188 295.630706787109 295.317199707031 295.003692626953 294.690185546875 294.376678466797 293.861297607422 293.278656005859 292.696014404297 292.113372802734 291.530731201172 290.948089599609 290.365447998047 289.793029785156 289.251281738281 288.709533691406
-9999 -9999 -9999 -9999 -9999 -9999 -9999 -9999 -9999 -9999 -9999 -9999 -9999 -9999 -9999 -9999 -9999 -9999 -9999 296.845733642578 296.818054199219 296.807037353516 296.801574707031 296.796112060547 296.790679931641 296.785217285156 296.779754638672 296.774291992188 296.699615478516 296.417175292969 296.134765625 295.852355957031 295.569915771484 295.287506103516 295.005096435547 294.72265625 294.238342285156 293.686706542969 293.135040283203 292.583404541016 292.031768798828 291.480133056641 290.928497314453 290.372039794922 289.801147460938 289.230255126953
-9999 -9999 -9999 -9999 -9999 -9999 -9999 -9999 -9999 -9999 -9999 -9999 -9999 -9999 -9999 -9999 -9999 -9999 -9999 -9999 296.816467285156 296.815399169922 296.826568603516 296.837738037109 296.848937988281 296.860107421875 296.871276855469 296.882446289062 296.828002929688 296.57666015625 296.325317382812 296.074005126953 295.822662353516 295.571319580078 295.320007324219 295.068664550781 294.615356445312 294.0947265625 293.574096679688 293.053436279297 292.532806396484 292.012176513672 291.491546630859 290.951049804688 290.351043701172 289.751007080078
-9999 -9999 -9999 -9999 -9999 -9999 -9999 -9999 -9999 -9999 -9999 -9999 -9999 -9999 -9999 -9999 -9999 -9999 -9999 -9999 -9999 296.839996337891 296.856750488281 296.873474121094 296.890228271484 296.906951904297 296.923706054688 296.940460205078 296.899200439453 296.684051513672 296.468872070312 296.253692626953 296.038543701172 295.823364257812 295.608184814453 295.393005371094 294.96728515625 294.471405029297 293.975494384766 293.479583740234 292.983673095703 292.48779296875 291.991882324219 291.464935302734 290.844848632812 290.224761962891
296.454254150391 -9999 -9999 -9999 -9999 -9999 -9999 -9999 -9999 -9999 -9999 -9999 -9999 -9999 -9999 -9999 -9999 -9999 -9999 -9999 -9999 -9999 296.892059326172 296.9033203125 296.91455078125 296.925811767578 296.937072753906 296.948303222656 296.913269042969 296.739318847656 296.565399169922 296.391448974609 296.217529296875 296.043609619141 295.869659423828 295.695739746094 295.294158935547 294.816711425781 294.339263916016 293.86181640625 293.384368896484 292.906921386719 292.429473876953 291.913635253906 291.282592773438 290.651550292969
296.44091796875 296.613586425781 -9999 -9999 -9999 -9999 -9999 -9999 -9999 -9999 -9999 -9999 -9999 -9999 -9999 -9999 -9999 -9999 -9999 -9999 -9999 -9999 -9999 296.933135986328 296.938903808594 296.944641113281 296.950408935547 296.956146240234 296.927307128906 296.794616699219 296.661926269531 296.529235839844 296.396545410156 296.263824462891 296.131134033203 295.998443603516 295.621032714844 295.162048339844 294.703063964844 294.244079589844 293.785064697266 293.326080322266 292.867095947266 292.362365722656 291.720336914062 291.078308105469
296.427551269531 296.606079101562 -9999 -9999 -9999 -9999 -9999 -9999 -9999 -9999 -9999 -9999 -9999 -9999 -9999 -9999 -9999 -9999 -9999 -9999 -9999 -9999 -9999 -9999 296.963256835938 296.963500976562 296.963745117188 296.964019775391 296.941345214844 296.849884033203 296.758453369141 296.6669921875 296.575531005859 296.484069824219 296.392639160156 296.301177978516 295.947906494141 295.507385253906 295.066833496094 294.626312255859 294.185760498047 293.745239257812 293.304718017578 292.811065673828 292.158081054688 291.505096435547
296.414184570312 296.598602294922 -9999 -9999 -9999 -9999 -9999 -9999 -9999 -9999 -9999 -9999 -9999 -9999 -9999 -9999 -9999 -9999 -9999 -9999 -9999 -9999 -9999 -9999 -9999 -9999 -9999 -9999 296.955383300781 296.905181884766 296.854949951172 296.804748535156 296.754547119141 296.704315185547 296.654113769531 296.603881835938 296.274780273438 295.852691650391 295.430633544922 295.008544921875 294.586456298828 294.164398193359 293.742309570312 293.259765625 292.595825195312 291.931884765625
296.400848388672 296.591125488281 296.781402587891 -9999 -9999 -9999 -9999 -9999 -9999 -9999 -9999 -9999 -9999 -9999 -9999 -9999 -9999 -9999 -9999 -9999 -9999 -9999 -9999 -9999 -9999 -9999 -9999 -9999 296.969421386719 296.96044921875 296.951477050781 296.942504882812 296.933532714844 296.924560546875 296.915588378906 296.906616210938 296.601654052734 296.198028564453 295.794403076172 295.390777587891 294.987182617188 294.583557128906 294.179931640625 293.70849609375 293.033569335938 292.358673095703
296.295257568359 296.49462890625 296.693969726562 296.893341064453 -9999 -9999 -9999 -9999 -9999 -9999 -9999 -9999 -9999 -9999 -9999 -9999 -9999 -9999 -9999 -9999 -9999 -9999 -9999 -9999 -9999 -9999 -9999 -9999 297.002227783203 297.012817382812 297.023406982422 297.033966064453 297.044555664062 297.055145263672 297.065734863281 297.076293945312 296.797912597656 296.423217773438 296.048522949219 295.673828125 295.299133300781 294.924407958984 294.549713134766 294.100036621094 293.425476074219 292.750885009766
296.097442626953 296.30908203125 296.520751953125 296.732391357422 296.944030761719 -9999 -9999 -9999 -9999 -9999 -9999 -9999 -9999 -9999 -9999 -9999 -9999 -9999 -9999 -9999 -9999 -9999 -9999 -9999 -9999 -9999 -9999 -9999 297.053771972656 297.062225341797 297.070709228516 297.079162597656 297.087615966797 297.096069335938 297.104522705078 297.112976074219 296.863616943359 296.528289794922 296.192962646484 295.857635498047 295.522338867188 295.18701171875 294.851684570312 294.434448242188 293.771514892578 293.108581542969
295.899627685547 296.123565673828 296.347503662109 296.571441650391 296.795379638672 -9999 -9999 -9999 -9999 -9999 -9999 -9999 -9999 -9999 -9999 -9999 -9999 -9999 -9999 -9999 -9999 -9999 -9999 -9999 -9999 -9999 -9999 -9999 297.105346679688 297.111663818359 297.118011474609 297.124328613281 297.130645751953 297.136993408203 297.143310546875 297.149658203125 296.929290771484 296.633361816406 296.33740234375 296.041473388672 295.745544433594 295.449584960938 295.153656005859 294.768890380859 294.117553710938 293.466247558594
295.701812744141 295.938018798828 296.174255371094 296.410491943359 296.646728515625 -9999 -9999 -9999 -9999 -9999 -9999 -9999 -9999 -9999 -9999 -9999 -9999 -9999 -9999 -9999 -9999 -9999 -9999 -9999 -9999 -9999 -9999 -9999 297.156890869141 297.161102294922 297.165283203125 297.169494628906 297.173706054688 297.177917480469 297.18212890625 297.186340332031 296.994964599609 296.738403320312 296.481842041016 296.225311279297 295.96875 295.712188720703 295.455627441406 295.103302001953 294.463592529297 293.823913574219
295.503967285156 295.752502441406 296.001007080078 296.249542236328 296.498046875 -9999 -9999 -9999 -9999 -9999 -9999 -9999 -9999 -9999 -9999 -9999 -9999 -9999 -9999 -9999 -9999 -9999 -9999 -9999 -9999 -9999 -9999 297.216247558594 297.208435058594 297.210510253906 297.212585449219 297.214691162109 297.216766357422 297.218841552734 297.220916748047 297.222991943359 297.060638427734 296.843475341797 296.626281738281 296.409118652344 296.191955566406 295.974761962891 295.757598876953 295.437713623047 294.809661865234 294.181610107422
295.30615234375 295.566955566406 295.827789306641 296.088592529297 296.349395751953 -9999 -9999 297.012481689453 -9999 -9999 -9999 -9999 -9999 -9999 -9999 -9999 -9999 -9999 -9999 -9999 -9999 -9999 -9999 -9999 -9999 -9999 297.278472900391 297.267913818359 297.259979248047 297.259948730469 297.259887695312 297.259857177734 297.259826660156 297.259765625 297.259735107422 297.259674072266 297.126312255859 296.948547363281 296.770751953125 296.592956542969 296.415161132812 296.237365722656 296.0595703125 295.772125244141 295.155700683594 294.539276123047
295.236602783203 295.491394042969 295.746185302734 296.0009765625 296.255767822266 -9999 -9999 -9999 -9999 -9999 -9999 -9999 -9999 -9999 -9999 -9999 -9999 -9999 -9999 -9999 -9999 -9999 -9999 -9999 -9999 -9999 297.323669433594 297.311004638672 297.30029296875 297.295501708984 297.290679931641 297.285888671875 297.281066894531 297.276275634766 297.271453857422 297.266662597656 297.160369873047 297.020233154297 296.880096435547 296.739990234375 296.599853515625 296.459716796875 296.319580078125 296.067474365234 295.479370117188 294.891265869141
295.295288085938 295.525787353516 295.756256103516 295.986724853516 296.217193603516 -9999 296.671051025391 -9999 -9999 -9999 -9999 -9999 -9999 -9999 -9999 -9999 -9999 -9999 -9999 -9999 -9999 -9999 -9999 -9999 -9999 -9999 -9999 297.345458984375 297.329345703125 297.317138671875 297.304962158203 297.292755126953 297.280548095703 297.268341064453 297.256164550781 297.243957519531 297.162750244141 297.058563232422 296.954406738281 296.850219726562 296.746032714844 296.641845703125 296.537658691406 296.323760986328 295.780670166016 295.237609863281
295.35400390625 295.560150146484 295.766296386719 295.972473144531 296.178619384766 -9999 -9999 -9999 -9999 -9999 -9999 -9999 -9999 -9999 -9999 -9999 -9999 -9999 -9999 -9999 -9999 -9999 -9999 -9999 -9999 -9999 -9999 -9999 297.358428955078 297.338806152344 297.319213867188 297.299621582031 297.280029296875 297.260437011719 297.240844726562 297.221221923828 297.165161132812 297.096923828125 297.028686523438 296.96044921875 296.892211914062 296.823974609375 296.755737304688 296.580047607422 296.081970214844 295.583923339844
295.412689208984 295.594543457031 295.7763671875 295.958190917969 296.140014648438 296.321868896484 296.539184570312 -9999 -9999 -9999 -9999 -9999 -9999 -9999 -9999 -9999 -9999 -9999 -9999 -9999 -9999 -9999 -9999 -9999 -9999 -9999 -9999 -9999 -9999 297.360473632812 297.33349609375 297.306488037109 297.279510498047 297.252502441406 297.225524902344 297.198516845703 297.167541503906 297.13525390625 297.102966308594 297.070678710938 297.038391113281 297.006103515625 296.973815917969 296.836334228516 296.383270263672 295.930236816406
