data/working_set_collections/6091692-Cassins_Sparrow-M2/2010/tsat_avg.asc
NCOLS 265 
NROWS 230 
XLLCORNER -115.5625 
YLLCORNER 24.8333333333333 
CELLSIZE 0.0833333333333333 
NODATA_value -9999 
[rows 80 to 99 of 230, columns 92 to 137 of 265]
279.279754638672 279.081268310547 278.8828125 278.684326171875 278.485870361328 278.351318359375 278.238098144531 278.124877929688 278.011657714844 277.8984375 277.785186767578 277.671966552734 277.594573974609 277.624694824219 277.654815673828 277.684936523438 277.715057373047 277.745178222656 277.775268554688 277.805389404297 277.981750488281 278.206848144531 278.431945800781 278.657012939453 278.882110595703 279.107208251953 279.332305908203 279.508270263672 279.536865234375 279.565460205078 279.594055175781 279.622650146484 279.651245117188 279.679840087891 279.708435058594 280.073883056641 280.551666259766 281.029418945312 281.507171630859 281.984924316406 282.462677001953 282.940460205078 283.330261230469 283.456298828125 283.582336425781 283.708374023438
280.058441162109 279.866882324219 279.675323486328 279.483764648438 279.292205810547 279.127960205078 278.972778320312 278.817626953125 278.662475585938 278.507293701172 278.352142333984 278.196990966797 278.067504882812 278.015045166016 277.962615966797 277.91015625 277.857696533203 277.805267333984 277.752807617188 277.700378417969 277.866119384766 278.104583740234 278.343048095703 278.581512451172 278.819976806641 279.058441162109 279.296905517578 279.480865478516 279.501251220703 279.521636962891 279.542022705078 279.562377929688 279.582763671875 279.603149414062 279.62353515625 279.968536376953 280.421752929688 280.874969482422 281.328186035156 281.781433105469 282.234649658203 282.687866210938 283.060028076172 283.189056396484 283.318084716797 283.447082519531
280.837158203125 280.652496337891 280.467864990234 280.283203125 280.098571777344 279.904571533203 279.707489013672 279.510375976562 279.313293457031 279.116180419922 278.919097900391 278.721984863281 278.540405273438 278.405395507812 278.270385742188 278.135375976562 278.000366210938 277.865356445312 277.730346679688 277.595336914062 277.750457763672 278.002319335938 278.254150390625 278.506011962891 278.757843017578 279.009674072266 279.261535644531 279.453460693359 279.465637207031 279.477783203125 279.489959716797 279.502136230469 279.514312744141 279.526458740234 279.538635253906 279.863189697266 280.291870117188 280.720550537109 281.149230957031 281.577911376953 282.006591796875 282.435272216797 282.789764404297 282.921783447266 283.053802490234 283.185821533203
281.615844726562 281.438110351562 281.260375976562 281.082641601562 280.904907226562 280.681213378906 280.442169189453 280.203155517578 279.964111328125 279.725067138672 279.486053466797 279.247009277344 279.013336181641 278.795776367188 278.578186035156 278.360626220703 278.143035888672 277.925445556641 277.707885742188 277.490295410156 277.634826660156 277.900054931641 278.165252685547 278.430480957031 278.695709228516 278.9609375 279.226135253906 279.426055908203 279.429992675781 279.433959960938 279.437927246094 279.441864013672 279.445831298828 279.449798583984 279.453735351562 279.757843017578 280.161987304688 280.566101074219 280.970245361328 281.374389648438 281.778533935547 282.182678222656 282.51953125 282.654541015625 282.78955078125 282.924560546875
282.084197998047 281.913146972656 281.742095947266 281.571044921875 281.399963378906 281.162384033203 280.902587890625 280.642822265625 280.383056640625 280.123260498047 279.863494873047 279.603698730469 279.348937988281 279.109222412109 278.869506835938 278.629791259766 278.390045166016 278.150329589844 277.910614013672 277.6708984375 277.797576904297 278.04638671875 278.295196533203 278.544006347656 278.792816162109 279.041625976562 279.290435791016 279.477233886719 279.47802734375 279.478851318359 279.479644775391 279.48046875 279.481262207031 279.482086181641 279.482879638672 279.774230957031 280.162445068359 280.550628662109 280.938812255859 281.326995849609 281.715209960938 282.103393554688 282.426727294922 282.555450439453 282.684173583984 282.812927246094
282.242218017578 282.077606201172 281.912994384766 281.748352050781 281.583740234375 281.348083496094 281.088745117188 280.829406738281 280.570098876953 280.310760498047 280.051422119141 279.792083740234 279.547210693359 279.345764160156 279.144317626953 278.94287109375 278.741424560547 278.539978027344 278.338531494141 278.137084960938 278.238677978516 278.441284179688 278.643920898438 278.846527099609 279.049133300781 279.251739501953 279.454376220703 279.606994628906 279.609741210938 279.612457275391 279.615173339844 279.617919921875 279.620635986328 279.623352050781 279.626098632812 279.912384033203 280.293243408203 280.674072265625 281.054901123047 281.435760498047 281.816589355469 282.197418212891 282.511352539062 282.624542236328 282.737731933594 282.850891113281
282.400238037109 282.242065429688 282.083862304688 281.925689697266 281.767517089844 281.533782958984 281.27490234375 281.016021728516 280.757141113281 280.498229980469 280.239349365234 279.98046875 279.745513916016 279.582336425781 279.419158935547 279.255981445312 279.092803955078 278.929626464844 278.766448974609 278.603271484375 278.679809570312 278.836212158203 278.992645263672 279.149047851562 279.305480957031 279.461883544922 279.618316650391 279.736785888672 279.741424560547 279.746063232422 279.750701904297 279.755340576172 279.760009765625 279.7646484375 279.769287109375 280.050567626953 280.424041748047 280.797515869141 281.171020507812 281.544494628906 281.91796875 282.291473388672 282.595977783203 282.693603515625 282.791259765625 282.888885498047
282.558258056641 282.406494140625 282.254760742188 282.10302734375 281.951263427734 281.719512939453 281.461059570312 281.202606201172 280.944183349609 280.685729980469 280.427307128906 280.168853759766 279.943786621094 279.818878173828 279.694000244141 279.569091796875 279.444183349609 279.319274902344 279.194366455078 279.069488525391 279.120910644531 279.231140136719 279.341369628906 279.451568603516 279.561798095703 279.672027587891 279.782257080078 279.866546630859 279.873107910156 279.879669189453 279.88623046875 279.892791748047 279.899353027344 279.905914306641 279.912475585938 280.188720703125 280.554840087891 280.920989990234 281.287109375 281.653228759766 282.019348144531 282.385498046875 282.680603027344 282.7626953125 282.844787597656 282.926879882812
282.716278076172 282.570953369141 282.425659179688 282.280334472656 282.135040283203 281.905212402344 281.647216796875 281.389221191406 281.131225585938 280.873229980469 280.615234375 280.357238769531 280.14208984375 280.055450439453 279.968811035156 279.882202148438 279.795562744141 279.708923339844 279.622314453125 279.535675048828 279.562042236328 279.626068115234 279.690093994141 279.754119873047 279.818145751953 279.882171630859 279.946197509766 279.996307373047 280.004791259766 280.013275146484 280.021759033203 280.030242919922 280.038726806641 280.047210693359 280.055694580078 280.326873779297 280.685668945312 281.04443359375 281.403198242188 281.761962890625 282.120758056641 282.479522705078 282.765228271484 282.831787109375 282.898315429688 282.96484375
282.874298095703 282.735412597656 282.596557617188 282.457672119141 282.318786621094 282.090911865234 281.833374023438 281.575805664062 281.318267822266 281.060729980469 280.803161621094 280.545623779297 280.340362548828 280.2919921875 280.24365234375 280.195281982422 280.146942138672 280.098571777344 280.050231933594 280.001861572266 280.003143310547 280.020965576172 280.038818359375 280.056640625 280.074462890625 280.09228515625 280.110137939453 280.126098632812 280.136505126953 280.146881103516 280.157287597656 280.167694091797 280.178070068359 280.1884765625 280.198883056641 280.465026855469 280.816467285156 281.167877197266 281.519287109375 281.870727539062 282.222137451172 282.573547363281 282.849853515625 282.900848388672 282.951843261719 283.002838134766
282.921264648438 282.791290283203 282.661285400391 282.531280517578 282.401275634766 282.182861328125 281.934967041016 281.687072753906 281.439178466797 281.191284179688 280.943389892578 280.695526123047 280.501312255859 280.468170166016 280.435028076172 280.401885986328 280.368743896484 280.335601806641 280.302459716797 280.269317626953 280.252716064453 280.241668701172 280.230590820312 280.219512939453 280.208465576172 280.197387695312 280.186309814453 280.184936523438 280.212554931641 280.240173339844 280.267822265625 280.295440673828 280.323059082031 280.350708007812 280.378326416016 280.643524169922 280.987884521484 281.332244873047 281.676635742188 282.02099609375 282.365356445312 282.709747314453 282.980987548828 283.032897949219 283.084777832031 283.136688232422
282.857238769531 282.738555908203 282.619873046875 282.501159667969 282.382476806641 282.181030273438 281.952026367188 281.722991943359 281.493988037109 281.264953613281 281.035949707031 280.806915283203 280.624908447266 280.583923339844 280.542938232422 280.501953125 280.460968017578 280.419982910156 280.378997802734 280.338012695312 280.310760498047 280.2880859375 280.265441894531 280.242767333984 280.220092773438 280.197448730469 280.174774169922 280.172821044922 280.233001708984 280.293182373047 280.353332519531 280.413513183594 280.473693847656 280.533874511719 280.594055175781 280.8623046875 281.199951171875 281.537567138672 281.875183105469 282.212829589844 282.550445556641 282.888092041016 283.158630371094 283.227874755859 283.297119140625 283.366394042969
282.793212890625 282.685821533203 282.578460693359 282.471069335938 282.363677978516 282.179229736328 281.969085693359 281.758941650391 281.548767089844 281.338623046875 281.128479003906 280.918334960938 280.74853515625 280.699676513672 280.650848388672 280.602020263672 280.553192138672 280.504364013672 280.455505371094 280.406677246094 280.368774414062 280.334533691406 280.300262451172 280.266021728516 280.231750488281 280.197509765625 280.163238525391 280.160736083984 280.253448486328 280.346160888672 280.438873291016 280.531585693359 280.624328613281 280.717041015625 280.809753417969 281.081085205078 281.411987304688 281.742858886719 282.073760986328 282.404632568359 282.735534667969 283.066436767578 283.336242675781 283.4228515625 283.509460449219 283.596099853516
282.729187011719 282.633117675781 282.537048339844 282.440948486328 282.344879150391 282.177398681641 281.986114501953 281.794860839844 281.603576660156 281.412292480469 281.221038818359 281.029754638672 280.872131347656 280.815460205078 280.758758544922 280.702087402344 280.645416259766 280.588745117188 280.532043457031 280.475372314453 280.426818847656 280.380950927734 280.335113525391 280.289245605469 280.243408203125 280.197540283203 280.151702880859 280.148620605469 280.273895263672 280.399139404297 280.5244140625 280.649688720703 280.774932861328 280.900207519531 281.025451660156 281.299896240234 281.6240234375 281.948181152344 282.272338867188 282.596466064453 282.920623779297 283.244750976562 283.513854980469 283.617828369141 283.721832275391 283.825805664062
282.665161132812 282.580383300781 282.49560546875 282.410858154297 282.326080322266 282.175567626953 282.003173828125 281.830780029297 281.658386230469 281.485961914062 281.313568115234 281.141174316406 280.995727539062 280.931213378906 280.86669921875 280.802154541016 280.737640380859 280.673126220703 280.608581542969 280.544067382812 280.484832763672 280.427398681641 280.369934082031 280.3125 280.255065917969 280.197601318359 280.140167236328 280.136535644531 280.294342041016 280.4521484375 280.609954833984 280.767761230469 280.925567626953 281.083374023438 281.241180419922 281.518676757812 281.836090087891 282.153472900391 282.470886230469 282.788299560547 283.105712890625 283.423095703125 283.691497802734 283.812835693359 283.934173583984 284.055511474609
282.601135253906 282.527679443359 282.454193115234 282.380737304688 282.307281494141 282.173767089844 282.020233154297 281.86669921875 281.713165283203 281.559631347656 281.406127929688 281.252593994141 281.119354248047 281.046966552734 280.974609375 280.902221679688 280.829864501953 280.757507324219 280.685119628906 280.612762451172 280.542877197266 280.473846435547 280.40478515625 280.335754394531 280.266693115234 280.197662353516 280.128601074219 280.124420166016 280.314758300781 280.505126953125 280.695465087891 280.885833740234 281.076171875 281.266540527344 281.456878662109 281.737457275391 282.048126220703 282.358795166016 282.669464111328 282.980102539062 283.290771484375 283.601440429688 283.869110107422 284.0078125 284.146514892578 284.285186767578
282.521026611328 282.455963134766 282.390930175781 282.325866699219 282.260833740234 282.161529541016 282.050811767578 281.940093994141 281.829345703125 281.718627929688 281.60791015625 281.497192382812 281.39599609375 281.323333740234 281.250671386719 281.178039550781 281.105377197266 281.03271484375 280.960052490234 280.887420654297 280.811279296875 280.733947753906 280.656646728516 280.579345703125 280.502044677734 280.424713134766 280.347412109375 280.3408203125 280.546356201172 280.751861572266 280.957397460938 281.162902832031 281.368438720703 281.573944091797 281.779479980469 282.057281494141 282.359222412109 282.6611328125 282.963043212891 283.264984130859 283.56689453125 283.868804931641 284.130950927734 284.273712158203 284.416473388672 284.559234619141
282.4248046875 282.365295410156 282.305786132812 282.246246337891 282.186737060547 282.138885498047 282.094909667969 282.050903320312 282.006927490234 281.962951660156 281.918975830078 281.875 281.825653076172 281.760284423828 281.694915771484 281.629547119141 281.564178466797 281.498779296875 281.433410644531 281.368041992188 281.290008544922 281.207763671875 281.125549316406 281.043304443359 280.961059570312 280.878814697266 280.796569824219 280.785736083984 280.989044189453 281.192352294922 281.395660400391 281.598999023438 281.802307128906 282.005615234375 282.208923339844 282.478149414062 282.769317626953 283.060485839844 283.351684570312 283.642852783203 283.934020996094 284.225189208984 284.476959228516 284.610504150391 284.744049072266 284.877593994141
282.32861328125 282.274627685547 282.220642089844 282.166656494141 282.112640380859 282.116241455078 282.138977050781 282.161743164062 282.184509277344 282.207275390625 282.230041503906 282.252807617188 282.255340576172 282.197235107422 282.13916015625 282.0810546875 282.02294921875 281.964874267578 281.906768798828 281.848663330078 281.768768310547 281.681610107422 281.594421386719 281.507263183594 281.420074462891 281.332916259766 281.245727539062 281.230621337891 281.431732177734 281.632843017578 281.833953857422 282.035064697266 282.236175537109 282.437286376953 282.638397216797 282.899017333984 283.179443359375 283.459869384766 283.740295410156 284.020721435547 284.301147460938 284.581604003906 284.822998046875 284.947326660156 285.071624755859 285.195953369141
282.232391357422 282.183929443359 282.135498046875 282.087036132812 282.03857421875 282.093566894531 282.183074951172 282.272583007812 282.362091064453 282.451599121094 282.541107177734 282.630584716797 282.685028076172 282.634216308594 282.583374023438 282.532562255859 282.481750488281 282.430938720703 282.380126953125 282.329315185547 282.247528076172 282.155426025391 282.063323974609 281.97119140625 281.879089355469 281.786987304688 281.694885253906 281.675537109375 281.874450683594 282.073333740234 282.272247314453 282.471160888672 282.670043945312 282.868957519531 283.06787109375 283.319854736328 283.589538574219 283.859222412109 284.12890625 284.398620605469 284.668304443359 284.93798828125 285.169006347656 285.284118652344 285.399230957031 285.514312744141
