data/working_set_collections/6091692-Cassins_Sparrow-M2/2010/wchange_avg.asc
NCOLS 265 
NROWS 230 
XLLCORNER -115.5625 
YLLCORNER 24.8333333333333 
CELLSIZE 0.0833333333333333 
NODATA_value -9999 
[rows 54 to 71 of 230, columns 123 to 163 of 265]
8.20556635972025e-08 6.03799250598058e-08 3.87041936278365e-08 1.70284604195103e-08 -5.85565773647545e-09 -2.91425710230442e-08 -5.24294812009884e-08 -7.57163931552896e-08 -9.90033086623043e-08 -1.22290217063892e-07 -1.45577132570907e-07 -1.65510854799322e-07 -1.75384982981086e-07 -1.8525911116285e-07 -1.95133253555468e-07 -2.05007381737232e-07 -2.14881509918996e-07 -2.24755652311615e-07 -2.34629780493378e-07 -2.46187198627013e-07 -2.58305732359077e-07 -2.7042426609114e-07 -2.82542771401495e-07 -2.94661305133559e-07 -3.06779838865623e-07 -3.18898344175977e-07 -3.3100599239333e-07 -3.43080927223127e-07 -3.55155862052925e-07 -3.67230796882723e-07 -3.7930573171252e-07 -3.91380666542318e-07 -4.03455601372116e-07 -4.15530536201913e-07 -4.2874921746261e-07 -4.42349119111896e-07 -4.55949020761182e-07 -4.69548950832177e-07 -4.83148880903173e-07 -4.96748782552459e-07 -5.10348684201745e-07
7.09910352725274e-08 5.00077170784152e-08 2.90243971079462e-08 8.04107536112042e-09 -1.27385622050724e-08 -3.34503056365065e-08 -5.41620472915838e-08 -7.48737889466611e-08 -9.5585534154452e-08 -1.16297279362243e-07 -1.37009024570034e-07 -1.54994125978192e-07 -1.64799317303732e-07 -1.74604522840127e-07 -1.84409714165668e-07 -1.94214905491208e-07 -2.04020096816748e-07 -2.13825302353143e-07 -2.23630493678684e-07 -2.33607778454825e-07 -2.43642432451452e-07 -2.53677086448079e-07 -2.63711740444705e-07 -2.73746394441332e-07 -2.83781048437959e-07 -2.93815702434586e-07 -3.03971063431163e-07 -3.14488517005884e-07 -3.25005999002315e-07 -3.35523480998745e-07 -3.46040934573466e-07 -3.56558416569897e-07 -3.67075898566327e-07 -3.77593352141048e-07 -3.91845588865181e-07 -4.07342781727493e-07 -4.22839946168097e-07 -4.383371106087e-07 -4.53834275049303e-07 -4.69331439489906e-07 -4.84828603930509e-07
5.99264140532796e-08 3.96355055443109e-08 1.93445988116991e-08 -9.46309475224894e-10 -1.96214671177586e-08 -3.7758038473612e-08 -5.58946133821792e-08 -7.40311847380326e-08 -9.21677596465997e-08 -1.10304334555167e-07 -1.28440902358307e-07 -1.44477397157061e-07 -1.54213651626378e-07 -1.6394992030655e-07 -1.73686174775867e-07 -1.83422429245184e-07 -1.931586837145e-07 -2.02894952394672e-07 -2.12631206863989e-07 -2.21028358282638e-07 -2.28979132543827e-07 -2.36929921015872e-07 -2.44880681066206e-07 -2.52831483749105e-07 -2.60782258010295e-07 -2.68733032271484e-07 -2.76936134468997e-07 -2.85896135210351e-07 -2.94856135951704e-07 -3.03816136693058e-07 -3.12776165856121e-07 -3.21736166597475e-07 -3.30696167338829e-07 -3.39656168080182e-07 -3.54941988689461e-07 -3.72336415921382e-07 -3.89730843153302e-07 -4.07125270385222e-07 -4.24519669195433e-07 -4.41914096427354e-07 -4.59308523659274e-07
4.88617892813181e-08 2.92632957865635e-08 9.66480051545204e-09 -9.933693867481e-09 -2.65043702540879e-08 -4.20657748634312e-08 -5.76271794727745e-08 -7.31885805294041e-08 -8.87499851387474e-08 -1.04311389748091e-07 -1.19872794357434e-07 -1.33960682546785e-07 -1.43628000159879e-07 -1.53295317772972e-07 -1.62962635386066e-07 -1.72629952999159e-07 -1.82297270612253e-07 -1.91964602436201e-07 -2.01631920049294e-07 -2.08448923899596e-07 -2.14315832636203e-07 -2.2018274137281e-07 -2.26049650109417e-07 -2.31916558846024e-07 -2.37783467582631e-07 -2.43650362108383e-07 -2.49901205506831e-07 -2.57303724993108e-07 -2.64706272901094e-07 -2.7210882080908e-07 -2.79511368717067e-07 -2.86913916625053e-07 -2.9431646453304e-07 -3.01719012441026e-07 -3.18038388513742e-07 -3.37330078536979e-07 -3.56621740138507e-07 -3.75913430161745e-07 -3.95205091763273e-07 -4.14496781786511e-07 -4.33788443388039e-07
3.77971680620703e-08 1.88910860288161e-08 -1.49968926166366e-11 -1.89210780376925e-08 -3.33872733904172e-08 -4.63735077005367e-08 -5.93597420106562e-08 -7.23459763207757e-08 -8.53322106308951e-08 -9.83184449410146e-08 -1.11304679251134e-07 -1.23443953725655e-07 -1.33042334482525e-07 -1.42640715239395e-07 -1.52239095996265e-07 -1.61837476753135e-07 -1.71435857510005e-07 -1.8103425247773e-07 -1.906326332346e-07 -1.95869503727408e-07 -1.99652532728578e-07 -2.03435575940603e-07 -2.07218604941772e-07 -2.11001648153797e-07 -2.14784677154967e-07 -2.18567720366991e-07 -2.2286626233381e-07 -2.28711343197574e-07 -2.34556424061338e-07 -2.40401504925103e-07 -2.46246571578013e-07 -2.52091666652632e-07 -2.57936733305542e-07 -2.63781828380161e-07 -2.81134788338022e-07 -3.02323712730868e-07 -3.23512637123713e-07 -3.44701561516558e-07 -3.65890514331113e-07 -3.87079438723958e-07 -4.08268363116804e-07
2.67325432901089e-08 8.51887449471178e-09 -9.69479430068532e-09 -2.79084630960824e-08 -4.02701800794603e-08 -5.06812440903559e-08 -6.10923081012515e-08 -7.15033721121472e-08 -8.19144361230428e-08 -9.23255001339385e-08 -1.02736571250261e-07 -1.12927224904524e-07 -1.22456668805171e-07 -1.31986112705818e-07 -1.41515556606464e-07 -1.51045000507111e-07 -1.60574458618612e-07 -1.70103902519259e-07 -1.79633346419905e-07 -1.83290069344366e-07 -1.84989232820953e-07 -1.86688396297541e-07 -1.88387559774128e-07 -1.90086723250715e-07 -1.91785886727303e-07 -1.9348505020389e-07 -1.95831333371643e-07 -2.00118947191186e-07 -2.04406561010728e-07 -2.08694174830271e-07 -2.12981788649813e-07 -2.1726941668021e-07 -2.21557030499753e-07 -2.25844644319295e-07 -2.44231188162303e-07 -2.67317375346465e-07 -2.90403534108918e-07 -3.13489721293081e-07 -3.36575908477244e-07 -3.59662095661406e-07 -3.82748282845569e-07
1.58473607569931e-08 -1.82608694831998e-09 -1.94995344315885e-08 -3.71729846904145e-08 -4.80748987286006e-08 -5.67196352108112e-08 -6.53643752457356e-08 -7.40091081752325e-08 -8.26538482101569e-08 -9.12985811396538e-08 -9.99433211745782e-08 -1.0869622002474e-07 -1.17773616636896e-07 -1.26851006143625e-07 -1.35928402755781e-07 -1.45005799367937e-07 -1.54083195980093e-07 -1.63160592592249e-07 -1.7223797499355e-07 -1.74868802105266e-07 -1.75350763242932e-07 -1.75832724380598e-07 -1.76314685518264e-07 -1.7679664665593e-07 -1.77278607793596e-07 -1.77760568931262e-07 -1.78918639903713e-07 -1.82105054591375e-07 -1.85291455068182e-07 -1.88477869755843e-07 -1.9166427023265e-07 -1.94850684920311e-07 -1.98037099607973e-07 -2.0122350008478e-07 -2.20078220536379e-07 -2.44155700102056e-07 -2.68233179667732e-07 -2.92310659233408e-07 -3.16388167220794e-07 -3.4046564678647e-07 -3.64543126352146e-07
5.14162046272304e-09 -1.21437988553907e-08 -2.94292181735045e-08 -4.67146357152615e-08 -5.68014293378383e-08 -6.44886810619028e-08 -7.21759363386809e-08 -7.98631845100317e-08 -8.75504397868099e-08 -9.52376879581607e-08 -1.02924936129511e-07 -1.10750931980874e-07 -1.18993163766845e-07 -1.27235395552816e-07 -1.3547762023336e-07 -1.43719859124758e-07 -1.51962083805302e-07 -1.602043226967e-07 -1.68446547377243e-07 -1.70605673588398e-07 -1.70737109783659e-07 -1.70868531768065e-07 -1.70999967963326e-07 -1.71131389947732e-07 -1.71262826142993e-07 -1.71394248127399e-07 -1.72128196140875e-07 -1.74669651187287e-07 -1.77211106233699e-07 -1.79752561280111e-07 -1.82294030537378e-07 -1.8483548558379e-07 -1.87376940630202e-07 -1.89918395676614e-07 -2.08675885460252e-07 -2.32838729630203e-07 -2.57001573800153e-07 -2.81164403759249e-07 -3.05327233718344e-07 -3.2949006367744e-07 -3.53652893636536e-07
-5.56412027563624e-09 -2.24615099853054e-08 -3.93589019154206e-08 -5.62562902928221e-08 -6.55279634997896e-08 -7.22577269129943e-08 -7.89874974316263e-08 -8.57172608448309e-08 -9.24470242580355e-08 -9.91767947766675e-08 -1.05906558189872e-07 -1.12805651042436e-07 -1.20212718002222e-07 -1.27619784962008e-07 -1.35026851921793e-07 -1.42433918881579e-07 -1.49840985841365e-07 -1.57248052801151e-07 -1.64655119760937e-07 -1.66342559282384e-07 -1.66123456324385e-07 -1.65904353366386e-07 -1.65685250408387e-07 -1.65466147450388e-07 -1.65247044492389e-07 -1.6502794153439e-07 -1.65337738167182e-07 -1.67234247783199e-07 -1.69130757399216e-07 -1.71027267015234e-07 -1.72923776631251e-07 -1.74820286247268e-07 -1.76716795863285e-07 -1.78613305479303e-07 -1.9727356459498e-07 -2.21521744947495e-07 -2.45769939510865e-07 -2.7001811986338e-07 -2.94266300215895e-07 -3.1851448056841e-07 -3.42762660920926e-07
-1.62698619021739e-08 -3.27792228915769e-08 -4.92885838809798e-08 -6.57979484230964e-08 -7.42544941090273e-08 -8.00267727640858e-08 -8.57990585245716e-08 -9.15713371796301e-08 -9.73436158346885e-08 -1.03115894489747e-07 -1.08888173144805e-07 -1.1486036299857e-07 -1.21432265132171e-07 -1.28004174371199e-07 -1.34576069399372e-07 -1.41147978638401e-07 -1.47719873666574e-07 -1.54291782905602e-07 -1.6086369214463e-07 -1.62079430765516e-07 -1.61509802865112e-07 -1.60940160753853e-07 -1.60370532853449e-07 -1.5980089074219e-07 -1.59231262841786e-07 -1.58661620730527e-07 -1.58547280193488e-07 -1.59798844379111e-07 -1.61050408564734e-07 -1.62301958539501e-07 -1.63553522725124e-07 -1.64805086910746e-07 -1.66056636885514e-07 -1.67308201071137e-07 -1.85871243729707e-07 -2.10204774475642e-07 -2.34538305221577e-07 -2.58871835967511e-07 -2.83205366713446e-07 -3.0753892588109e-07 -3.31872456627025e-07
-2.6975602196444e-08 -4.30969357978483e-08 -5.9218265846539e-08 -7.53395994479433e-08 -8.29810318236923e-08 -8.77958257206046e-08 -9.26106196175169e-08 -9.74254135144292e-08 -1.02240207411342e-07 -1.07055001308254e-07 -1.11869795205166e-07 -1.16915074954704e-07 -1.2265181226212e-07 -1.28388549569536e-07 -1.34125286876952e-07 -1.39862038395222e-07 -1.45598775702638e-07 -1.51335513010054e-07 -1.57072250317469e-07 -1.57816316459503e-07 -1.56896149405839e-07 -1.55975982352174e-07 -1.5505581529851e-07 -1.54135648244846e-07 -1.53215481191182e-07 -1.52295314137518e-07 -1.5175683643065e-07 -1.52363440975023e-07 -1.52970045519396e-07 -1.53576664274624e-07 -1.54183268818997e-07 -1.5478987336337e-07 -1.55396492118598e-07 -1.56003096662971e-07 -1.7446890865358e-07 -1.98887804003789e-07 -2.23306685143143e-07 -2.47725580493352e-07 -2.72144461632706e-07 -2.9656334277206e-07 -3.20982223911415e-07
-3.76813424907141e-08 -5.34146451514061e-08 -6.91479513648119e-08 -8.48812575782176e-08 -9.170756243293e-08 -9.55648715716961e-08 -9.94221807104623e-08 -1.03279489849228e-07 -1.07136791882567e-07 -1.10994101021333e-07 -1.14851410160099e-07 -1.18969786910839e-07 -1.23871359392069e-07 -1.28772938978727e-07 -1.33674518565385e-07 -1.38576098152043e-07 -1.43477663527847e-07 -1.48379243114505e-07 -1.53280822701163e-07 -1.53553187942634e-07 -1.52282495946565e-07 -1.51011789739641e-07 -1.49741097743572e-07 -1.48470391536648e-07 -1.47199685329724e-07 -1.45928993333655e-07 -1.44966378456957e-07 -1.44928037570935e-07 -1.44889696684913e-07 -1.44851355798892e-07 -1.4481301491287e-07 -1.44774674026849e-07 -1.44736333140827e-07 -1.44697992254805e-07 -1.63066587788308e-07 -1.87570819321081e-07 -2.12075050853855e-07 -2.36579296597483e-07 -2.61083528130257e-07 -2.85587759663031e-07 -3.10091991195804e-07
-4.02883522099273e-08 -5.59313306780496e-08 -7.15743126988855e-08 -8.7217287614294e-08 -9.40939273164076e-08 -9.80484529122805e-08 -1.02002971402726e-07 -1.05957496998599e-07 -1.09912022594472e-07 -1.13866541084917e-07 -1.1782106668079e-07 -1.21891076787506e-07 -1.26307526215896e-07 -1.30723989855142e-07 -1.35140453494387e-07 -1.39556902922777e-07 -1.43973366562022e-07 -1.48389830201268e-07 -1.52806293840513e-07 -1.52688343746377e-07 -1.51058927144732e-07 -1.49429510543087e-07 -1.47800093941441e-07 -1.46170677339796e-07 -1.44541246527297e-07 -1.42911829925652e-07 -1.41650048135489e-07 -1.41491128147209e-07 -1.41332222369783e-07 -1.41173302381503e-07 -1.41014396604078e-07 -1.40855476615798e-07 -1.40696570838372e-07 -1.40537650850092e-07 -1.58335936362164e-07 -1.82119947567116e-07 -2.05903958772069e-07 -2.29687969977022e-07 -2.53471966971119e-07 -2.77255992386927e-07 -3.01039989381024e-07
-3.47966349067974e-08 -5.06469923777786e-08 -6.64973498487598e-08 -8.23477037670273e-08 -9.01401264741253e-08 -9.52465626369303e-08 -1.00352998799735e-07 -1.05459442067968e-07 -1.10565878230773e-07 -1.15672314393578e-07 -1.20778750556383e-07 -1.25678923268424e-07 -1.29960312733601e-07 -1.34241702198779e-07 -1.38523091663956e-07 -1.42804481129133e-07 -1.4708587059431e-07 -1.51367260059487e-07 -1.55648649524665e-07 -1.5522175544902e-07 -1.53225443000338e-07 -1.51229116340801e-07 -1.49232803892119e-07 -1.47236477232582e-07 -1.452401647839e-07 -1.43243838124363e-07 -1.41807817044537e-07 -1.42052712703844e-07 -1.42297608363151e-07 -1.42542504022458e-07 -1.42787385470911e-07 -1.43032281130218e-07 -1.43277176789525e-07 -1.43522072448832e-07 -1.60276954375149e-07 -1.82535160320185e-07 -2.04793366265221e-07 -2.27051586421112e-07 -2.49309806577003e-07 -2.71568012522039e-07 -2.93826218467075e-07
-2.93049158273107e-08 -4.53626505247939e-08 -6.14203869986341e-08 -7.74781199197605e-08 -8.61863185264156e-08 -9.24446723615802e-08 -9.87030261967448e-08 -1.04961380031909e-07 -1.11219733867074e-07 -1.17478087702239e-07 -1.23736441537403e-07 -1.29466783960197e-07 -1.33613113462161e-07 -1.3775942875327e-07 -1.41905744044379e-07 -1.46052059335489e-07 -1.50198374626598e-07 -1.54344704128562e-07 -1.58491019419671e-07 -1.57755181362518e-07 -1.55391958855944e-07 -1.5302873634937e-07 -1.50665513842796e-07 -1.48302291336222e-07 -1.45939068829648e-07 -1.43575846323074e-07 -1.4196560016444e-07 -1.42614297260479e-07 -1.43262994356519e-07 -1.43911691452558e-07 -1.44560388548598e-07 -1.45209085644638e-07 -1.45857782740677e-07 -1.46506479836717e-07 -1.6221795817728e-07 -1.82950373073254e-07 -2.03682787969228e-07 -2.24415202865202e-07 -2.45147617761177e-07 -2.65880032657151e-07 -2.86612447553125e-07
-2.38131967478239e-08 -4.0078312224523e-08 -5.63434241485083e-08 -7.26085360724937e-08 -8.22325176841332e-08 -8.96427891916574e-08 -9.70530535937542e-08 -1.04463325101278e-07 -1.11873596608802e-07 -1.19283868116327e-07 -1.26694132518423e-07 -1.3325464465197e-07 -1.37265899979866e-07 -1.41277141096907e-07 -1.45288396424803e-07 -1.49299637541844e-07 -1.5331089286974e-07 -1.57322133986781e-07 -1.61333389314677e-07 -1.60288607276016e-07 -1.5755847471155e-07 -1.54828356357939e-07 -1.52098223793473e-07 -1.49368105439862e-07 -1.46637972875396e-07 -1.43907854521785e-07 -1.42123383284343e-07 -1.43175881817115e-07 -1.44228380349887e-07 -1.45280878882659e-07 -1.46333391626285e-07 -1.47385890159057e-07 -1.48438388691829e-07 -1.49490887224601e-07 -1.64158976190265e-07 -1.83365600037178e-07 -2.02572209673235e-07 -2.21778819309293e-07 -2.40985428945351e-07 -2.60192052792263e-07 -2.79398676639175e-07
-1.83214776683371e-08 -3.47939703715383e-08 -5.12664612983826e-08 -6.7738952225227e-08 -7.82787168418508e-08 -8.68408989163072e-08 -9.54030880961909e-08 -1.03965270170647e-07 -1.12527452245104e-07 -1.21089641424987e-07 -1.29651823499444e-07 -1.37042505343743e-07 -1.40918686497571e-07 -1.44794853440544e-07 -1.48671034594372e-07 -1.525472157482e-07 -1.56423396902028e-07 -1.60299578055856e-07 -1.64175744998829e-07 -1.62822018978659e-07 -1.59724990567156e-07 -1.56627962155653e-07 -1.5353093374415e-07 -1.50433905332648e-07 -1.47336876921145e-07 -1.44239848509642e-07 -1.42281152193391e-07 -1.4373746637375e-07 -1.45193766343255e-07 -1.46650080523614e-07 -1.48106380493118e-07 -1.49562694673477e-07 -1.51018994642982e-07 -1.52475308823341e-07 -1.6609999420325e-07 -1.83780812790246e-07 -2.01461631377242e-07 -2.19142449964238e-07 -2.36823268551234e-07 -2.54504072927375e-07 -2.72184905725226e-07
-1.28297585888504e-08 -2.95096285185537e-08 -4.61895020009706e-08 -6.28693683779602e-08 -7.43249159995685e-08 -8.40390157463844e-08 -9.37531154932003e-08 -1.03467215240016e-07 -1.13181314986832e-07 -1.22895414733648e-07 -1.32609514480464e-07 -1.40830366035516e-07 -1.44571473015276e-07 -1.48312579995036e-07 -1.52053686974796e-07 -1.55794793954556e-07 -1.59535900934316e-07 -1.63277007914076e-07 -1.67018114893835e-07 -1.65355444892157e-07 -1.61891506422762e-07 -1.58427582164222e-07 -1.54963643694828e-07 -1.51499719436288e-07 -1.48035780966893e-07 -1.44571856708353e-07 -1.42438935313294e-07 -1.44299050930385e-07 -1.46159152336622e-07 -1.48019267953714e-07 -1.49879383570806e-07 -1.51739499187897e-07 -1.53599600594134e-07 -1.55459716211226e-07 -1.68041012216236e-07 -1.84196025543315e-07 -2.00351038870394e-07 -2.16506066408328e-07 -2.32661079735408e-07 -2.48816093062487e-07 -2.64971134811276e-07
