data/working_set_collections/6091692-Cassins_Sparrow-M2/2010/wchange_avg.asc
NCOLS 265 
NROWS 230 
XLLCORNER -115.5625 
YLLCORNER 24.8333333333333 
CELLSIZE 0.0833333333333333 
NODATA_value -9999 
[rows 162 to 179 of 230, columns 164 to 204 of 265]
1.08026270595474e-07 1.07548366656829e-07 1.07070469823611e-07 1.06592565884966e-07 1.06114669051749e-07 1.05636765113104e-07 1.05158868279887e-07 1.04680964341242e-07 1.01424753040646e-07 9.72424274436889e-08 9.30601089521588e-08 8.88777904606286e-08 8.46954648636711e-08 8.05131463721409e-08 7.63308278806107e-08 6.64577299858138e-08 3.95123187502122e-08 1.25669048500754e-08 -1.4378508161883e-08 -4.13239220620198e-08 -6.82693368503351e-08 -9.52147516386503e-08 -1.22160159321538e-07 -1.66081562724685e-07 -2.15661628999442e-07 -2.65241681063344e-07 -3.14821733127246e-07 -3.64401813612858e-07 -4.1398186567676e-07 -4.63561917740662e-07 -5.03916112393199e-07 -5.1659264954651e-07 -5.29269186699821e-07 -5.41945723853132e-07 -5.54622261006443e-07 -5.67298798159754e-07 -5.79975335313065e-07 -5.92651872466377e-07 -5.83458074743248e-07 -5.66974108551221e-07 -5.50490142359195e-07
9.7664738518688e-08 9.77284031478121e-08 9.77920677769362e-08 9.78557324060603e-08 9.79193970351844e-08 9.79830616643085e-08 9.80467333988599e-08 9.8110398027984e-08 9.59552863832869e-08 9.30605779103644e-08 9.01658765428692e-08 8.72711680699467e-08 8.43764595970242e-08 8.14817582295291e-08 7.85870497566066e-08 6.96902873187355e-08 4.27873558805913e-08 1.58844191133767e-08 -1.1018517653838e-08 -3.79214526446958e-08 -6.48243911882673e-08 -9.17273226264115e-08 -1.18630261169983e-07 -1.62529616432039e-07 -2.12094434459686e-07 -2.61659266698189e-07 -3.11224084725836e-07 -3.60788902753484e-07 -4.10353720781131e-07 -4.59918567230488e-07 -4.9951603386944e-07 -5.09211361077178e-07 -5.18906745128334e-07 -5.28602072336071e-07 -5.38297456387227e-07 -5.47992783594964e-07 -5.5768816764612e-07 -5.67383494853857e-07 -5.58043268483743e-07 -5.42357838639873e-07 -5.26672351952584e-07
8.73032064419021e-08 8.79084396387952e-08 8.8513665730261e-08 8.91188989271541e-08 8.97241321240472e-08 9.03293653209403e-08 9.0934591412406e-08 9.15398246092991e-08 9.04858197259273e-08 8.88787283770398e-08 8.72716370281523e-08 8.56645456792648e-08 8.40574614358047e-08 8.24503700869172e-08 8.08432787380298e-08 7.29228446516572e-08 4.60623894582568e-08 1.92019324884996e-08 -7.65852625761454e-09 -3.45189832273718e-08 -6.13794384207722e-08 -8.82399007196e-08 -1.15100355913e-07 -1.58977655928538e-07 -2.08527254130786e-07 -2.58076823911324e-07 -3.07626407902717e-07 -3.57176020315819e-07 -4.06725604307212e-07 -4.56275188298605e-07 -4.95115898502263e-07 -5.01830072607845e-07 -5.08544246713427e-07 -5.15258420819009e-07 -5.21972594924591e-07 -5.28686825873592e-07 -5.35400999979174e-07 -5.42115174084756e-07 -5.32628519067657e-07 -5.17741568728525e-07 -5.02854618389392e-07
7.69416743651163e-08 7.80884690243511e-08 7.92352707890132e-08 8.03820654482479e-08 8.15288601074826e-08 8.26756618721447e-08 8.38224565313794e-08 8.49692582960415e-08 8.50163530685677e-08 8.46968788437152e-08 8.43774046188628e-08 8.40579303940103e-08 8.37384561691579e-08 8.34189819443054e-08 8.3099507719453e-08 7.61554019845789e-08 4.93374265886359e-08 2.25194458636224e-08 -4.29853486139109e-09 -3.11165138100478e-08 -5.79344963114181e-08 -8.47524717073611e-08 -1.11570457761445e-07 -1.55425709635892e-07 -2.04960059591031e-07 -2.54494409546169e-07 -3.04028759501307e-07 -3.53563109456445e-07 -4.03097459411583e-07 -4.52631809366721e-07 -4.90715819978504e-07 -4.94448784138513e-07 -4.9818180514194e-07 -5.01914826145367e-07 -5.05647790305375e-07 -5.09380811308802e-07 -5.1311377546881e-07 -5.16846796472237e-07 -5.07213712808152e-07 -4.93125298817176e-07 -4.79036884826201e-07
6.65801422883305e-08 6.82685055153343e-08 6.9956868742338e-08 7.16452319693417e-08 7.33335951963454e-08 7.50219584233491e-08 7.67103216503529e-08 7.83986848773566e-08 7.95468864112081e-08 8.05150222049633e-08 8.14831651041459e-08 8.24513080033284e-08 8.3419450902511e-08 8.43875938016936e-08 8.53557295954488e-08 7.9387966422928e-08 5.26124601663014e-08 2.58369592387453e-08 -9.38543687212245e-10 -2.77140461690806e-08 -5.44895470966367e-08 -8.12650498005496e-08 -1.08040552504463e-07 -1.51873763343247e-07 -2.0139287926213e-07 -2.50911995181013e-07 -3.00431082678188e-07 -3.49950198597071e-07 -3.99469314515954e-07 -4.48988430434838e-07 -4.86315741454746e-07 -4.87067552512599e-07 -4.87819363570452e-07 -4.88571174628305e-07 -4.89322985686158e-07 -4.90074796744011e-07 -4.90826607801864e-07 -4.91578418859717e-07 -4.81798906548647e-07 -4.68509028905828e-07 -4.55219122841299e-07
5.6218606658831e-08 5.84485384536038e-08 6.06784666956628e-08 6.29083984904355e-08 6.51383302852082e-08 6.73682549745536e-08 6.95981867693263e-08 7.1828118564099e-08 7.40774197538485e-08 7.63331726716387e-08 7.85889326948563e-08 8.08446856126466e-08 8.31004456358642e-08 8.53561985536544e-08 8.7611958576872e-08 8.26205237558497e-08 5.58874972966805e-08 2.91544726138682e-08 2.4214474869666e-09 -2.43115767517565e-08 -5.10446014345689e-08 -7.77776278937381e-08 -1.0451064724748e-07 -1.48321817050601e-07 -1.97825684722375e-07 -2.47329552394149e-07 -2.96833434276778e-07 -3.46337316159406e-07 -3.95841169620326e-07 -4.45345051502954e-07 -4.81915606087568e-07 -4.79686264043266e-07 -4.77456865155546e-07 -4.75227523111243e-07 -4.72998152645232e-07 -4.70768782179221e-07 -4.68539411713209e-07 -4.66310041247198e-07 -4.56384157132561e-07 -4.4389275899448e-07 -4.31401360856398e-07
5.54241630368324e-08 5.74382035267718e-08 5.94522404639974e-08 6.14662809539368e-08 6.34803143384488e-08 6.54943548283882e-08 6.75083882129002e-08 6.95224287028395e-08 7.26742399592695e-08 7.62053034009114e-08 7.97363739479806e-08 8.32674373896225e-08 8.67985008312644e-08 9.03295713783336e-08 9.38606348199755e-08 8.98960479389643e-08 6.34445029845665e-08 3.69929615828823e-08 1.05414157403061e-08 -1.59101301022702e-08 -4.23616732803112e-08 -6.88132217874227e-08 -9.52647667418205e-08 -1.38315101594344e-07 -1.86898361675958e-07 -2.35481621757572e-07 -2.84064867628331e-07 -3.32648141920799e-07 -3.81231387791559e-07 -4.29814662084027e-07 -4.65535350713253e-07 -4.62668396039589e-07 -4.59801441365926e-07 -4.56934458270553e-07 -4.54067503596889e-07 -4.51200548923225e-07 -4.48333565827852e-07 -4.45466611154188e-07 -4.36771074419084e-07 -4.26132658049028e-07 -4.15494241678971e-07
6.41968114223346e-08 6.52375007348382e-08 6.62781829419146e-08 6.73188722544182e-08 6.83595615669219e-08 6.94002508794256e-08 7.04409330865019e-08 7.14816223990056e-08 7.5337347027471e-08 8.01314143927812e-08 8.49254888635187e-08 8.97195562288289e-08 9.45136235941391e-08 9.93076980648766e-08 1.04101765430187e-07 1.01214553183127e-07 7.52834878881004e-08 4.93524261457878e-08 2.34213608507616e-08 -2.50970311199694e-09 -2.84407679629339e-08 -5.43718314816033e-08 -8.03028967766295e-08 -1.21853616974477e-07 -1.6861088170117e-07 -2.15368160638718e-07 -2.62125439576266e-07 -3.0888270430296e-07 -3.55639969029653e-07 -4.02397262178056e-07 -4.3717494691009e-07 -4.36013976923277e-07 -4.34853006936464e-07 -4.33692036949651e-07 -4.32531066962838e-07 -4.31370068554315e-07 -4.30209098567502e-07 -4.29048128580689e-07 -4.22959658408217e-07 -4.15228697647763e-07 -4.07497736887308e-07
7.29694562551231e-08 7.30367943901911e-08 7.3104132525259e-08 7.3171470660327e-08 7.3238808795395e-08 7.33061398250356e-08 7.33734779601036e-08 7.34408160951716e-08 7.80004540956725e-08 8.40575324900783e-08 9.01146037790568e-08 9.61716750680353e-08 1.02228753462441e-07 1.0828582475142e-07 1.14342896040398e-07 1.12533058427289e-07 8.71224727916342e-08 6.17118871559796e-08 3.63013050730387e-08 1.08907229900979e-08 -1.45198599810215e-08 -3.99304447284976e-08 -6.53410268114385e-08 -1.05392132354609e-07 -1.50323415937237e-07 -1.95254699519865e-07 -2.40185983102492e-07 -2.8511726668512e-07 -3.30048550267747e-07 -3.74979833850375e-07 -4.08814543106928e-07 -4.09359557806965e-07 -4.09904572507003e-07 -4.1044958720704e-07 -4.10994601907078e-07 -4.11539616607115e-07 -4.12084631307152e-07 -4.1262964600719e-07 -4.0914824239735e-07 -4.04324737246498e-07 -3.99501232095645e-07
8.17421081933389e-08 8.08360951509712e-08 7.99300821086035e-08 7.90240690662358e-08 7.81180489184408e-08 7.72120358760731e-08 7.63060228337054e-08 7.54000097913377e-08 8.06635682693013e-08 8.79836434819481e-08 9.53037186945949e-08 1.02623793907242e-07 1.09943876225316e-07 1.17263951437963e-07 1.24584019545182e-07 1.23851563671451e-07 9.89614576951681e-08 7.40713517188851e-08 4.91812528480295e-08 2.42911486481034e-08 -5.98953386887757e-10 -2.54890561990351e-08 -5.03791568462475e-08 -8.89306548401692e-08 -1.32035950173304e-07 -1.75141252611866e-07 -2.18246540839573e-07 -2.6135182906728e-07 -3.04457131505842e-07 -3.47562433944404e-07 -3.80454139303765e-07 -3.82705138690653e-07 -3.84956138077541e-07 -3.87207137464429e-07 -3.89458136851317e-07 -3.91709136238205e-07 -3.93960135625093e-07 -3.96211135011981e-07 -3.95336854808193e-07 -3.93420776845232e-07 -3.91504727303982e-07
9.05147530261274e-08 8.8635388806324e-08 8.67560245865207e-08 8.48766603667173e-08 8.29972961469139e-08 8.11179319271105e-08 7.92385677073071e-08 7.73592034875037e-08 8.33266753375028e-08 9.19097544738179e-08 1.00492833610133e-07 1.09075912746448e-07 1.1765899898819e-07 1.26242071019078e-07 1.34825157260821e-07 1.35170054704759e-07 1.10800442598702e-07 8.64308162817906e-08 6.20611970703067e-08 3.7691574306109e-08 1.33219533182682e-08 -1.10476676695725e-08 -3.54172904337702e-08 -7.24691773257291e-08 -1.13748484409371e-07 -1.55027791493012e-07 -1.96307098576654e-07 -2.37586405660295e-07 -2.78865712743936e-07 -3.20145034038433e-07 -3.52093763922312e-07 -3.56050747996051e-07 -3.60007732069789e-07 -3.63964716143528e-07 -3.67921700217266e-07 -3.71878684291005e-07 -3.75835668364743e-07 -3.79792652438482e-07 -3.81525438797325e-07 -3.82516816443967e-07 -3.83508222512319e-07
9.92873978589159e-08 9.64346895671042e-08 9.35819741698651e-08 9.0729258772626e-08 8.7876543375387e-08 8.50238279781479e-08 8.21711125809088e-08 7.93183971836697e-08 8.59897824057043e-08 9.58358654656877e-08 1.05681948525671e-07 1.15528031585654e-07 1.25374114645638e-07 1.35220204811048e-07 1.45066280765604e-07 1.46488559948921e-07 1.22639420396808e-07 9.87902808446961e-08 7.49411412925838e-08 5.10920017404715e-08 2.72428604120023e-08 3.39371997171156e-09 -2.04554204685792e-08 -5.60076962585754e-08 -9.54610186454374e-08 -1.34914330374158e-07 -1.74367656313734e-07 -2.13820968042455e-07 -2.53274293982031e-07 -2.92727605710752e-07 -3.23733360119149e-07 -3.29396328879739e-07 -3.35059297640328e-07 -3.40722266400917e-07 -3.46385235161506e-07 -3.52048232343805e-07 -3.57711201104394e-07 -3.63374169864983e-07 -3.67714051208168e-07 -3.71612884464412e-07 -3.75511717720656e-07
1.0960787477643e-07 1.06302536551084e-07 1.02997191220311e-07 9.9691845889538e-08 9.63865076641923e-08 9.30811623334193e-08 8.97758241080737e-08 8.64704787773007e-08 9.30784196384593e-08 1.02990796335689e-07 1.12903165927492e-07 1.22815535519294e-07 1.32727919321951e-07 1.42640288913753e-07 1.52552658505556e-07 1.54058071188956e-07 1.30342641568859e-07 1.06627197737907e-07 8.29117610123831e-08 5.9196320734145e-08 3.5480880455907e-08 1.17654419540258e-08 -1.19499974360338e-08 -4.60656899292644e-08 -8.3648131976588e-08 -1.21230570471198e-07 -1.58813023176663e-07 -1.96395461671273e-07 -2.33977914376737e-07 -2.71560338660493e-07 -3.01642842259753e-07 -3.09225441696981e-07 -3.168080127125e-07 -3.24390612149728e-07 -3.31973211586956e-07 -3.39555811024184e-07 -3.47138410461412e-07 -3.5472100989864e-07 -3.59552785766937e-07 -3.63467648867299e-07 -3.67382511967662e-07
1.21476176673241e-07 1.18238929758263e-07 1.15001682843285e-07 1.11764435928308e-07 1.0852718901333e-07 1.05289942098352e-07 1.02052695183374e-07 9.88154482683967e-08 1.04592594141195e-07 1.13374539978395e-07 1.22156492921022e-07 1.30938431652794e-07 1.39720384595421e-07 1.48502323327193e-07 1.5728427626982e-07 1.57878602635719e-07 1.33910091903999e-07 1.09941566961425e-07 8.59730491242772e-08 6.20045312871298e-08 3.80360134499824e-08 1.40674965010135e-08 -9.90102133613391e-09 -4.26431583377962e-08 -7.83098386136771e-08 -1.13976518889558e-07 -1.49643199165439e-07 -1.85309872335893e-07 -2.20976559717201e-07 -2.56643232887654e-07 -2.85822210344122e-07 -2.95538058026068e-07 -3.05253905708014e-07 -3.1496975338996e-07 -3.24685601071906e-07 -3.34401448753852e-07 -3.44117296435797e-07 -3.53833144117743e-07 -3.57041699317051e-07 -3.58081166496049e-07 -3.59120633675047e-07
1.33344471464625e-07 1.30175322965442e-07 1.2700617446626e-07 1.23837025967077e-07 1.2066786325704e-07 1.17498714757858e-07 1.14329566258675e-07 1.11160410654065e-07 1.16106761538504e-07 1.237582836211e-07 1.31409805703697e-07 1.39061327786294e-07 1.46712849868891e-07 1.54364371951488e-07 1.62015894034084e-07 1.61699134082482e-07 1.37477528028285e-07 1.13255936184942e-07 8.90343443415986e-08 6.48127453928282e-08 4.05911499967715e-08 1.63695528243579e-08 -7.85204434805564e-09 -3.92206302990417e-08 -7.29715452507662e-08 -1.06722460202491e-07 -1.40473375154215e-07 -1.74224283000513e-07 -2.07975205057664e-07 -2.41726127114816e-07 -2.70001578428491e-07 -2.81850674355155e-07 -2.93699798703528e-07 -3.05548894630192e-07 -3.17397990556856e-07 -3.29247114905229e-07 -3.41096210831893e-07 -3.52945306758556e-07 -3.54530641288875e-07 -3.52694684124799e-07 -3.50858755382433e-07
1.45212780466863e-07 1.42111716172622e-07 1.39010666089234e-07 1.35909601794992e-07 1.32808551711605e-07 1.29707487417363e-07 1.26606437333976e-07 1.23505373039734e-07 1.27620936041239e-07 1.34142027263806e-07 1.40663118486373e-07 1.47184223919794e-07 1.53705315142361e-07 1.60226406364927e-07 1.66747497587494e-07 1.65519651318391e-07 1.41044978363425e-07 1.16570305408459e-07 9.20956324534927e-08 6.76209594985266e-08 4.31462829908469e-08 1.8671608259524e-08 -5.80306735997738e-09 -3.57980987075734e-08 -6.76332518878553e-08 -9.94684015154235e-08 -1.31303551142992e-07 -1.63138707875987e-07 -1.94973850398128e-07 -2.26809007131124e-07 -2.54180946512861e-07 -2.68163319105952e-07 -2.82145663277333e-07 -2.96128035870424e-07 -3.10110380041806e-07 -3.24092752634897e-07 -3.38075096806278e-07 -3.52057469399369e-07 -3.52019554838989e-07 -3.47308201753549e-07 -3.42596848668109e-07
1.57081075258247e-07 1.54048123590655e-07 1.51015157712209e-07 1.47982191833762e-07 1.44949225955315e-07 1.41916260076869e-07 1.38883308409277e-07 1.3585034253083e-07 1.39135096333121e-07 1.44525770906512e-07 1.49916445479903e-07 1.55307105842439e-07 1.6069778041583e-07 1.66088454989222e-07 1.71479115351758e-07 1.69340182765154e-07 1.44612428698565e-07 1.19884674631976e-07 9.51569205653868e-08 7.04291664987977e-08 4.57014159849223e-08 2.097366369469e-08 -3.75409037189911e-09 -3.23755671161052e-08 -6.22949585249444e-08 -9.22143428283562e-08 -1.22133727131768e-07 -1.52053118540607e-07 -1.81972495738592e-07 -2.11891887147431e-07 -2.38360328808085e-07 -2.54475935435039e-07 -2.70591556272848e-07 -2.86707177110657e-07 -3.02822769526756e-07 -3.18938390364565e-07 -3.35054011202374e-07 -3.51169632040182e-07 -3.49508468389104e-07 -3.41921719382299e-07 -3.34334970375494e-07
1.68949384260486e-07 1.65984516797835e-07 1.63019649335183e-07 1.60054781872532e-07 1.5708991440988e-07 1.54125046947229e-07 1.51160179484577e-07 1.48195312021926e-07 1.50649270835856e-07 1.54909514549217e-07 1.59169758262578e-07 1.63430001975939e-07 1.676902456893e-07 1.71950489402661e-07 1.76210733116022e-07 1.73160714211917e-07 1.48179879033705e-07 1.23199043855493e-07 9.82182157827083e-08 7.32373806044961e-08 4.82565489789977e-08 2.32757173534992e-08 -1.70511360586545e-09 -2.89530373009939e-08 -5.69566616093198e-08 -8.49602841412889e-08 -1.12963903120544e-07 -1.40967529205227e-07 -1.6897115528991e-07 -1.96974767163738e-07 -2.22539711103309e-07 -2.40788580185836e-07 -2.59037449268362e-07 -2.77286318350889e-07 -2.95535159011706e-07 -3.13784028094233e-07 -3.32032897176759e-07 -3.50281766259286e-07 -3.46997381939218e-07 -3.36535237011049e-07 -3.26073092082879e-07
