data/working_set_collections/6091692-Cassins_Sparrow-M2/2010/wchange_avg.asc
NCOLS 265 
NROWS 230 
XLLCORNER -115.5625 
YLLCORNER 24.8333333333333 
CELLSIZE 0.0833333333333333 
NODATA_value -9999 
[rows 108 to 125 of 230, columns 164 to 204 of 265]
1.09427126915307e-07 9.95031328443474e-08 8.95791316679606e-08 7.96551304915738e-08 6.97311364206143e-08 5.98071352442275e-08 4.98831376205544e-08 3.99591399968813e-08 2.69908611016945e-08 1.30078232629671e-08 -9.75215463938639e-10 -1.4958253302666e-08 -2.89412920295717e-08 -4.29243307564775e-08 -5.69073677070264e-08 -6.99850062346741e-08 -8.03464246246222e-08 -9.07078501199976e-08 -1.01069275615373e-07 -1.11430694005321e-07 -1.21792126606124e-07 -1.32153544996072e-07 -1.4251496338602e-07 -1.60983361752187e-07 -1.82154082040142e-07 -2.03324802328098e-07 -2.24495522616053e-07 -2.45666257114863e-07 -2.66836963191963e-07 -2.88007697690773e-07 -3.10023210658983e-07 -3.34573115878811e-07 -3.5912302109864e-07 -3.83672954740177e-07 -4.08222859960006e-07 -4.32772765179834e-07 -4.57322670399662e-07 -4.81872575619491e-07 -4.81397876228584e-07 -4.72581689336948e-07 -4.63765445601894e-07
1.25748798041059e-07 1.15897385910557e-07 1.06045973780056e-07 9.61945616495541e-08 8.63431566244799e-08 7.64917444939783e-08 6.66403394689041e-08 5.67889273384026e-08 4.28468034385787e-08 2.75411089489808e-08 1.22354144593828e-08 -3.07028003021514e-09 -1.83759745198131e-08 -3.3681669009411e-08 -4.8987363499009e-08 -6.3443778230976e-08 -7.53523323737681e-08 -8.72608936219876e-08 -9.91694477647798e-08 -1.11078001907572e-07 -1.22986563155791e-07 -1.34895117298584e-07 -1.46803671441376e-07 -1.65931410833764e-07 -1.87465531098496e-07 -2.08999651363229e-07 -2.30533771627961e-07 -2.52067906103548e-07 -2.73602012157426e-07 -2.95136146633013e-07 -3.17018844953054e-07 -3.39947348493297e-07 -3.6287582361183e-07 -3.85804327152073e-07 -4.08732830692315e-07 -4.31661305810849e-07 -4.54589809351091e-07 -4.77518312891334e-07 -4.75202625693782e-07 -4.64472236672009e-07 -4.53741847650235e-07
1.42070447850529e-07 1.3229163187134e-07 1.22512815892151e-07 1.12733992807534e-07 1.02955176828345e-07 9.31763537437291e-08 8.33975377645402e-08 7.36187146799239e-08 5.87027493281767e-08 4.20743972995297e-08 2.54460452708827e-08 8.81769413041411e-09 -7.81065701005446e-09 -2.44390090387014e-08 -4.10673592909916e-08 -5.69025466745643e-08 -7.03582401229141e-08 -8.38139300185503e-08 -9.72696199141865e-08 -1.10725309809823e-07 -1.24180999705459e-07 -1.3763670381195e-07 -1.51092393707586e-07 -1.70879445704486e-07 -1.9277698015685e-07 -2.1467450039836e-07 -2.36572020639869e-07 -2.58469526670524e-07 -2.80367061122888e-07 -3.02264567153543e-07 -3.24014479247126e-07 -3.45321552686073e-07 -3.6662865454673e-07 -3.87935727985678e-07 -4.09242801424625e-07 -4.30549874863573e-07 -4.5185694830252e-07 -4.73164021741468e-07 -4.69007346737271e-07 -4.56362784007069e-07 -4.43718221276868e-07
1.58392111870853e-07 1.48685884937549e-07 1.38979658004246e-07 1.29273431070942e-07 1.19567189926784e-07 1.0986096299348e-07 1.00154736060176e-07 9.04485020214452e-08 7.45586916650609e-08 5.66076820973649e-08 3.86566760823825e-08 2.07056682910434e-08 2.75466005561498e-09 -1.5196347291635e-08 -3.31473550829742e-08 -5.03613186708662e-08 -6.53641407666328e-08 -8.0366966415113e-08 -9.53697920635932e-08 -1.10372624817501e-07 -1.25375450465981e-07 -1.40378276114461e-07 -1.55381101762941e-07 -1.75827494786063e-07 -1.98088415004349e-07 -2.20349335222636e-07 -2.42610269651777e-07 -2.64871175659209e-07 -2.87132110088351e-07 -3.09393016095783e-07 -3.31010141962906e-07 -3.50695785300559e-07 -3.70381457059921e-07 -3.90067100397573e-07 -4.09752772156935e-07 -4.29438415494587e-07 -4.49124087253949e-07 -4.68809730591602e-07 -4.6281209620247e-07 -4.48253359763839e-07 -4.336945949035e-07
1.74713775891178e-07 1.65080138003759e-07 1.55446500116341e-07 1.45812862228922e-07 1.36179210130649e-07 1.26545572243231e-07 1.16911934355812e-07 1.07278289362966e-07 9.04146375546588e-08 7.11409668952001e-08 5.18673068938824e-08 3.2593643339851e-08 1.33199771212844e-08 -5.95368687683617e-09 -2.52273508749568e-08 -4.38200906671682e-08 -6.03700485157788e-08 -7.6920009917103e-08 -9.34699713184273e-08 -1.10019932719752e-07 -1.26569887015648e-07 -1.43119848416973e-07 -1.59669809818297e-07 -1.8077554386764e-07 -2.03399864062703e-07 -2.26024184257767e-07 -2.48648490241976e-07 -2.71272824647895e-07 -2.93897159053813e-07 -3.16521465038022e-07 -3.38005776256978e-07 -3.56070017915044e-07 -3.74134259573111e-07 -3.92198501231178e-07 -4.10262742889245e-07 -4.28326984547311e-07 -4.46391226205378e-07 -4.64455467863445e-07 -4.56616817245958e-07 -4.401439070989e-07 -4.23670968530132e-07
1.91035439911502e-07 1.81474391069969e-07 1.71913342228436e-07 1.62352293386903e-07 1.52791230334515e-07 1.43230181492982e-07 1.33669132651448e-07 1.24108083809915e-07 1.06270576338829e-07 8.56742587984627e-08 6.50779341526686e-08 4.44816166123019e-08 2.38852955192215e-08 3.28897420409646e-09 -1.73073466669393e-08 -3.72788591107565e-08 -5.53759562649248e-08 -7.34730463136657e-08 -9.1570143467834e-08 -1.09667240622002e-07 -1.27764337776171e-07 -1.45861420719484e-07 -1.63958517873652e-07 -1.85723578738362e-07 -2.08711313121057e-07 -2.31699033292898e-07 -2.54686739253884e-07 -2.7767447363658e-07 -3.00662179597566e-07 -3.23649913980262e-07 -3.45001410551049e-07 -3.61444222107821e-07 -3.77887062086302e-07 -3.94329873643073e-07 -4.10772713621554e-07 -4.27215525178326e-07 -4.43658336735098e-07 -4.60101176713579e-07 -4.50421566711157e-07 -4.3203445443396e-07 -4.13647370578474e-07
2.10635349162658e-07 2.01228360197092e-07 1.91821371231526e-07 1.82414382265961e-07 1.73007393300395e-07 1.63600404334829e-07 1.54193415369264e-07 1.44786426403698e-07 1.261723667767e-07 1.04489302543698e-07 8.28062383106953e-08 6.11231669722656e-08 3.94400991865496e-08 1.77570296244767e-08 -3.92603949350701e-09 -2.50311575911155e-08 -4.44024195189741e-08 -6.37736832231894e-08 -8.31449469274048e-08 -1.0251621063162e-07 -1.21887467230408e-07 -1.41258738040051e-07 -1.60629994638839e-07 -1.82820670602268e-07 -2.05951153020578e-07 -2.29081621228033e-07 -2.52212117857198e-07 -2.75342586064653e-07 -2.98473054272108e-07 -3.21603550901273e-07 -3.42720767321225e-07 -3.5779819995696e-07 -3.72875632592695e-07 -3.8795309365014e-07 -4.03030526285875e-07 -4.1810795892161e-07 -4.33185419979054e-07 -4.48262852614789e-07 -4.3817391315315e-07 -4.1969619246629e-07 -4.0121847177943e-07
2.33513475222935e-07 2.24342031174274e-07 2.15170572914758e-07 2.05999128866097e-07 1.96827670606581e-07 1.8765622655792e-07 1.78484768298404e-07 1.69313310038888e-07 1.50120015973698e-07 1.27586119447187e-07 1.05052201604394e-07 8.25182979724559e-08 5.99843872350903e-08 3.74504764977246e-08 1.49165693130726e-08 -7.0769785587288e-09 -2.74494436069972e-08 -4.78219099875332e-08 -6.81943745917124e-08 -8.85668427486053e-08 -1.08939303800071e-07 -1.29311771956964e-07 -1.49684240113857e-07 -1.72066791037651e-07 -1.95119383761266e-07 -2.18171976484882e-07 -2.41224569208498e-07 -2.64277161932114e-07 -2.8732975465573e-07 -3.10382347379345e-07 -3.31163818145797e-07 -3.45131923040753e-07 -3.5910002793571e-07 -3.73068104408958e-07 -3.87036209303915e-07 -4.01004314198872e-07 -4.14972390672119e-07 -4.28940495567076e-07 -4.19873913415358e-07 -4.03129121195889e-07 -3.86384328976419e-07
2.56391615494067e-07 2.47455687940601e-07 2.38519788808844e-07 2.29583875466233e-07 2.20647962123621e-07 2.11712034570155e-07 2.02776121227544e-07 1.93840207884932e-07 1.74067665170696e-07 1.50682922139822e-07 1.27298179108948e-07 1.03913421867219e-07 8.05286717309173e-08 5.71439251473294e-08 3.37591785637414e-08 1.08771995854795e-08 -1.04964685831987e-08 -3.1870136751877e-08 -5.32438058087337e-08 -7.46174748655903e-08 -9.59911403697333e-08 -1.17364812979304e-07 -1.38738471378019e-07 -1.61312925683887e-07 -1.84287628712809e-07 -2.07262345952586e-07 -2.30237048981508e-07 -2.53211766221284e-07 -2.76186455039351e-07 -2.99161172279128e-07 -3.19606897392077e-07 -3.32465646124547e-07 -3.45324394857016e-07 -3.58183143589486e-07 -3.71041892321955e-07 -3.83900641054424e-07 -3.96759389786894e-07 -4.09618138519363e-07 -4.01573913677566e-07 -3.86562049925487e-07 -3.71550157751699e-07
2.79269755765199e-07 2.70569387339492e-07 2.61868990492076e-07 2.53168622066369e-07 2.44468253640662e-07 2.35767856793245e-07 2.27067488367538e-07 2.18367105730977e-07 1.98015314367694e-07 1.73779724832457e-07 1.49544135297219e-07 1.25308545761982e-07 1.01072963332172e-07 7.68373737969341e-08 5.26017878144103e-08 2.8831378173777e-08 6.45650688468891e-09 -1.59183635162208e-08 -3.82932334730413e-08 -6.06681069825754e-08 -8.30429769393959e-08 -1.05417846896216e-07 -1.27792716853037e-07 -1.5055904611927e-07 -1.73455873664352e-07 -1.96352701209435e-07 -2.19249514543662e-07 -2.42146342088745e-07 -2.65043155422973e-07 -2.879399687572e-07 -3.08049948216649e-07 -3.19799340786631e-07 -3.31548761778322e-07 -3.43298154348304e-07 -3.55047575339995e-07 -3.66796967909977e-07 -3.78546388901668e-07 -3.9029578147165e-07 -3.83273913939775e-07 -3.69994978655086e-07 -3.56716014948688e-07
3.02147896036331e-07 2.93683058316674e-07 2.85218220597017e-07 2.7675335445565e-07 2.68288516735993e-07 2.59823679016336e-07 2.51358841296678e-07 2.42894003577021e-07 2.21962963564692e-07 1.96876541735946e-07 1.71790105696346e-07 1.46703683867599e-07 1.21617247827999e-07 9.65308259992526e-08 7.14443970650791e-08 4.67855549857177e-08 2.34094823525766e-08 3.34086092124153e-11 -2.33426646900625e-08 -4.67187390995605e-08 -7.00948135090584e-08 -9.34708879185564e-08 -1.16846962328054e-07 -1.39805180765507e-07 -1.62624118615895e-07 -1.85443056466283e-07 -2.08261980105817e-07 -2.31080917956206e-07 -2.53899855806594e-07 -2.76718793656983e-07 -2.9649299904122e-07 -3.07133063870424e-07 -3.17773128699628e-07 -3.28413193528831e-07 -3.39053258358035e-07 -3.49693323187239e-07 -3.60333359594733e-07 -3.70973424423937e-07 -3.64973914201983e-07 -3.53427907384685e-07 -3.41881872145677e-07
3.25026036307463e-07 3.16796729293856e-07 3.08567422280248e-07 3.00338115266641e-07 2.92108808253033e-07 2.83879501239426e-07 2.75650194225818e-07 2.67420887212211e-07 2.45910626972545e-07 2.19973344428581e-07 1.94036076095472e-07 1.68098807762362e-07 1.42161539429253e-07 1.16224271096144e-07 9.02870027630343e-08 6.47397371267289e-08 4.03624582645534e-08 1.59851811787348e-08 -8.39209501890537e-09 -3.27693712165456e-08 -5.71466465260073e-08 -8.15239218354691e-08 -1.05901200697645e-07 -1.29051301200889e-07 -1.51792363567438e-07 -1.74533411723132e-07 -1.97274459878827e-07 -2.20015508034521e-07 -2.42756556190216e-07 -2.65497618556765e-07 -2.84936078287501e-07 -2.94466786954217e-07 -3.03997495620933e-07 -3.13528232709359e-07 -3.23058941376075e-07 -3.32589650042792e-07 -3.42120358709508e-07 -3.51651067376224e-07 -3.46673914464191e-07 -3.36860807692574e-07 -3.27047700920957e-07
3.51982208712798e-07 3.43641744393608e-07 3.35301280074418e-07 3.26960815755228e-07 3.18620351436039e-07 3.10279915538558e-07 3.01939451219368e-07 2.93598986900179e-07 2.71449010824654e-07 2.4469585468978e-07 2.17942712765762e-07 1.91189570841743e-07 1.6443641470687e-07 1.37683272782851e-07 1.10930123753405e-07 8.4561143864903e-08 5.93446642938034e-08 3.41281847227037e-08 8.91170692796095e-09 -1.63047726431387e-08 -4.15212504378815e-08 -6.67377264562674e-08 -9.1954206027367e-08 -1.15604123607227e-07 -1.38731849119722e-07 -1.61859574632217e-07 -1.84987300144712e-07 -2.08115025657207e-07 -2.31242751169702e-07 -2.54370490893052e-07 -2.7418707304605e-07 -2.84070324596541e-07 -2.93953547725323e-07 -3.03836799275814e-07 -3.13720022404596e-07 -3.23603273955086e-07 -3.33486525505577e-07 -3.43369748634359e-07 -3.39493027468052e-07 -3.31029639255576e-07 -3.22566279464809e-07
3.83016413252335e-07 3.74218103615931e-07 3.65419793979527e-07 3.56621484343123e-07 3.47823174706718e-07 3.39024893492024e-07 3.3022658385562e-07 3.21428274219215e-07 2.98578129331872e-07 2.71044086730399e-07 2.43510015707216e-07 2.15975944684033e-07 1.88441887871704e-07 1.60907816848521e-07 1.33373760036193e-07 1.06249785858381e-07 8.03561022166832e-08 5.4462422127699e-08 2.8568740262358e-08 2.67505839701698e-09 -2.3218623468324e-08 -4.91123053336651e-08 -7.50059854226492e-08 -9.94636266682392e-08 -1.23442589483602e-07 -1.47421559404393e-07 -1.71400515114328e-07 -1.95379485035119e-07 -2.19358454955909e-07 -2.43337410665845e-07 -2.64246040160288e-07 -2.75943676797397e-07 -2.87641313434506e-07 -2.99338921649905e-07 -3.11036558287014e-07 -3.22734194924124e-07 -3.34431831561233e-07 -3.46129439776632e-07 -3.43431224791857e-07 -3.3593437365198e-07 -3.28437522512104e-07
4.14050617791872e-07 4.04794462838254e-07 3.95538307884635e-07 3.86282152931017e-07 3.77025997977398e-07 3.67769871445489e-07 3.58513716491871e-07 3.49257561538252e-07 3.257072762608e-07 2.97392290349308e-07 2.69077304437815e-07 2.40762318526322e-07 2.12447346825684e-07 1.84132360914191e-07 1.55817389213553e-07 1.27938420746432e-07 1.01367540139563e-07 7.47966595326943e-08 4.82257718203982e-08 2.16548894371726e-08 -4.91599516649899e-09 -3.1486880658349e-08 -5.80577648179315e-08 -8.33231368346787e-08 -1.0815333695291e-07 -1.32983544176568e-07 -1.57813744294799e-07 -1.8264394441303e-07 -2.07474144531261e-07 -2.32304344649492e-07 -2.54305007274525e-07 -2.67817028998252e-07 -2.81329050721979e-07 -2.94841072445706e-07 -3.08353094169433e-07 -3.21865115893161e-07 -3.35377137616888e-07 -3.48889159340615e-07 -3.47369422115662e-07 -3.40839108048385e-07 -3.34308793981108e-07
4.45084850753119e-07 4.35370850482286e-07 4.25656850211453e-07 4.1594284994062e-07 4.06228849669787e-07 3.96514849398955e-07 3.86800849128122e-07 3.77086848857289e-07 3.52836423189729e-07 3.23740522389926e-07 2.94644621590123e-07 2.65548720790321e-07 2.36452819990518e-07 2.07356919190715e-07 1.78261018390913e-07 1.49627069845337e-07 1.22378978062443e-07 9.51308933849759e-08 6.7882808707509e-08 4.06347204773283e-08 1.33866322471476e-08 -1.38614542066762e-08 -4.11095406605e-08 -6.7182639895691e-08 -9.28640773167899e-08 -1.18545521843316e-07 -1.44226959264415e-07 -1.69908389580087e-07 -1.95589834106613e-07 -2.21271278633139e-07 -2.44363945967052e-07 -2.59690381199107e-07 -2.75016788009452e-07 -2.90343194819798e-07 -3.05669601630143e-07 -3.20996008440488e-07 -3.36322443672543e-07 -3.51648850482889e-07 -3.51307619439467e-07 -3.4574384244479e-07 -3.40180065450113e-07
4.76119055292656e-07 4.65947209704609e-07 4.55775364116562e-07 4.45603518528515e-07 4.35431672940467e-07 4.2525982735242e-07 4.15087981764373e-07 4.04916136176325e-07 3.79965541696947e-07 3.50088726008835e-07 3.20211910320722e-07 2.9033509463261e-07 2.60458278944498e-07 2.30581463256385e-07 2.00704647568273e-07 1.71315704733388e-07 1.4339042309075e-07 1.15465127237258e-07 8.75398384891923e-08 5.96145497411271e-08 3.16892609930619e-08 3.76397091272906e-09 -2.41613182794254e-08 -5.10421465094169e-08 -7.75748247860975e-08 -1.04107499510064e-07 -1.30640174234031e-07 -1.57172848957998e-07 -1.83705523681965e-07 -2.10238198405932e-07 -2.34422913081289e-07 -2.51563704978253e-07 -2.68704525296926e-07 -2.85845317193889e-07 -3.02986137512562e-07 -3.20126929409525e-07 -3.37267749728198e-07 -3.54408541625162e-07 -3.55245816763272e-07 -3.50648576841195e-07 -3.46051336919118e-07
5.07153231410484e-07 4.96523568926932e-07 4.85893849599961e-07 4.75264187116409e-07 4.64634496211147e-07 4.54004805305885e-07 4.43375114400624e-07 4.32745395073653e-07 4.07094688625875e-07 3.76436958049453e-07 3.45779199051321e-07 3.15121468474899e-07 2.84463737898477e-07 2.53806007322055e-07 2.23148276745633e-07 1.93004353832293e-07 1.64401853908203e-07 1.35799368194967e-07 1.07196875376303e-07 7.85943825576396e-08 4.99918897389762e-08 2.13893951439559e-08 -7.21309634243994e-09 -3.49016531231428e-08 -6.22855651499776e-08 -8.96694842822399e-08 -1.17053396309075e-07 -1.4443730833591e-07 -1.71821227468172e-07 -1.99205132389579e-07 -2.24481865984671e-07 -2.43437057179108e-07 -2.62392262584399e-07 -2.8134746798969e-07 -3.00302644973272e-07 -3.19257850378563e-07 -3.38213055783854e-07 -3.57168232767435e-07 -3.59184014087077e-07 -3.555533112376e-07 -3.51922579966413e-07
