resources/Exp000_Example-Run/Run01_M2/Trends/ENM/_Predictions/2000.asc
NCOLS 265 
NROWS 230 
XLLCORNER -115.5625 
YLLCORNER 24.8333333333333 
CELLSIZE 0.0833333333333333 
NODATA_value -9999 
[rows 152 to 170 of 230, columns 132 to 175 of 265]
0.471695005893707 0.469567030668259 0.469045400619507 0.47356528043747 0.478056371212006 0.482514947652817 0.486941337585449 0.491335600614548 0.495694071054459 0.50001722574234 0.515758872032166 0.535313725471497 0.554820477962494 0.574225962162018 0.593477249145508 0.612522184848785 0.631311237812042 0.656192302703857 0.69795948266983 0.735904455184937 0.769757688045502 0.79944771528244 0.82506275177002 0.846814572811127 0.864999771118164 0.856986284255981 0.838761031627655 0.817893207073212 0.794247984886169 0.767742216587067 0.738368630409241 0.706201016902924 0.677366852760315 0.664838790893555 0.651311933994293 0.636800825595856 0.621324121952057 0.604908525943756 0.587594032287598 0.569425761699677 0.594351053237915 0.63259357213974 0.669067561626434 0.703421413898468
0.472927987575531 0.467997014522552 0.465116292238235 0.468741953372955 0.47231450676918 0.475834280252457 0.479297667741776 0.482704997062683 0.486056834459305 0.489349752664566 0.504793345928192 0.524345517158508 0.543906271457672 0.563420534133911 0.582838296890259 0.602105617523193 0.621169149875641 0.645048260688782 0.682375431060791 0.716818630695343 0.748150169849396 0.776263177394867 0.801158487796783 0.82292652130127 0.841721177101135 0.832596898078918 0.812781035900116 0.79062408208847 0.766077101230621 0.739139497280121 0.70987194776535 0.678399920463562 0.650456666946411 0.637828648090363 0.624273419380188 0.609811246395111 0.594464957714081 0.578269779682159 0.561269104480743 0.543510556221008 0.569707751274109 0.609687507152557 0.648063361644745 0.684417426586151
0.473363429307938 0.465437322854996 0.46004518866539 0.462760657072067 0.465400695800781 0.467961877584457 0.470446020364761 0.472849726676941 0.475173562765121 0.477418094873428 0.492932379245758 0.512863576412201 0.532713770866394 0.552423119544983 0.571933209896088 0.591187119483948 0.610130548477173 0.63258558511734 0.66528981924057 0.695854902267456 0.7241091132164 0.749947607517242 0.77333128452301 0.794282019138336 0.812864601612091 0.802847743034363 0.782025158405304 0.759173095226288 0.734297752380371 0.707448899745941 0.678724110126495 0.648270010948181 0.621410012245178 0.608859062194824 0.595448970794678 0.581203937530518 0.566154360771179 0.550337970256805 0.533800840377808 0.516592562198639 0.543997168540955 0.585628867149353 0.62587034702301 0.664233505725861
0.473001539707184 0.461897492408752 0.453855156898499 0.455648481845856 0.457341313362122 0.458934187889099 0.46042400598526 0.461812615394592 0.463097095489502 0.464279681444168 0.480214774608612 0.500889420509338 0.521257281303406 0.541243374347687 0.560772597789764 0.579780995845795 0.598205804824829 0.618816494941711 0.6467205286026 0.673035860061646 0.6976438164711 0.72046422958374 0.741454124450684 0.760603845119476 0.777932524681091 0.767357528209686 0.74631005525589 0.723505139350891 0.698979616165161 0.672806859016418 0.645093321800232 0.615987062454224 0.59040641784668 0.578116178512573 0.565030038356781 0.55117654800415 0.536589443683624 0.521308481693268 0.505380511283875 0.48885652422905 0.517374336719513 0.560531258583069 0.602568626403809 0.642917692661285
0.471972674131393 0.45863726735115 0.448521703481674 0.448838472366333 0.449027270078659 0.449089050292969 0.449023842811584 0.448831707239151 0.448512732982635 0.448068290948868 0.463892817497253 0.484881371259689 0.50545459985733 0.525521874427795 0.544999837875366 0.563813507556915 0.581896603107452 0.601032197475433 0.624695181846619 0.647184550762177 0.668420493602753 0.688340604305267 0.706903636455536 0.724090814590454 0.739896953105927 0.730298578739166 0.711322605609894 0.690996944904327 0.669355809688568 0.646458208560944 0.622385740280151 0.597237706184387 0.574836313724518 0.562694072723389 0.549768388271332 0.536088645458221 0.521689176559448 0.506614506244659 0.490910887718201 0.474631458520889 0.504242539405823 0.548910439014435 0.592555463314056 0.634539246559143
0.470317751169205 0.455722063779831 0.44411513209343 0.442340016365051 0.440413117408752 0.438334196805954 0.436107248067856 0.43373104929924 0.431209743022919 0.428543627262115 0.443401038646698 0.463928014039993 0.484138458967209 0.503944218158722 0.523262977600098 0.542017996311188 0.560143232345581 0.578435480594635 0.598556518554688 0.617861270904541 0.636292278766632 0.653803467750549 0.670355498790741 0.685923874378204 0.700493514537811 0.693587243556976 0.67896157503128 0.663466036319733 0.647120296955109 0.62995183467865 0.611996710300446 0.593299806118011 0.575890481472015 0.563632667064667 0.550552904605865 0.536684393882751 0.522062242031097 0.506732821464539 0.490744233131409 0.474156022071838 0.504960656166077 0.551286935806274 0.596469819545746 0.63980382680893
0.467921137809753 0.451934456825256 0.438715308904648 0.434773296117783 0.430662095546722 0.426385134458542 0.421947002410889 0.417349308729172 0.412597298622131 0.407695382833481 0.421499788761139 0.441446572542191 0.461169451475143 0.480586647987366 0.499616205692291 0.518185675144196 0.536223292350769 0.553601086139679 0.570219814777374 0.586296141147614 0.601791858673096 0.616674065589905 0.630914688110352 0.644491255283356 0.657386243343353 0.65378338098526 0.644345045089722 0.6343594789505 0.623833775520325 0.612776517868042 0.601199448108673 0.589116275310516 0.576771438121796 0.564377963542938 0.551124632358551 0.537044167518616 0.522176682949066 0.506568312644958 0.490274012088776 0.473351895809174 0.505388975143433 0.553434133529663 0.600207626819611 0.644928634166718
0.464790284633636 0.447285383939743 0.43234395980835 0.42617455124855 0.419828355312347 0.413314491510391 0.406638145446777 0.399809390306473 0.392834037542343 0.38572284579277 0.398399859666824 0.41764634847641 0.436757355928421 0.455653995275497 0.474261313676834 0.492504239082336 0.51031619310379 0.52670407295227 0.539899706840515 0.55274897813797 0.565231800079346 0.577326536178589 0.589014053344727 0.600281000137329 0.611110985279083 0.61131739616394 0.607763171195984 0.603852212429047 0.59958815574646 0.594971299171448 0.590002179145813 0.584685802459717 0.577477157115936 0.564928591251373 0.551480531692505 0.537168204784393 0.522032678127289 0.506123661994934 0.489498287439346 0.472220718860626 0.505527019500732 0.555348992347717 0.603765547275543 0.64991307258606
0.460930407047272 0.441789358854294 0.425027549266815 0.416583091020584 0.407970547676086 0.399202972650528 0.390292972326279 0.381254523992538 0.372101277112961 0.362847954034805 0.374337524175644 0.392770230770111 0.411145925521851 0.429391890764236 0.447436898946762 0.465211868286133 0.482651084661484 0.497979074716568 0.507874608039856 0.517557263374329 0.527014970779419 0.536238491535187 0.545215368270874 0.553937613964081 0.562397062778473 0.566751420497894 0.569577515125275 0.5721595287323 0.574493706226349 0.576580703258514 0.578421056270599 0.580011546611786 0.578010737895966 0.565287053585052 0.551623642444611 0.537057101726532 0.521630227565765 0.505397856235504 0.488419830799103 0.470763772726059 0.50537520647049 0.557031631469727 0.607145071029663 0.654754817485809
0.456352829933167 0.43546736240387 0.416798174381256 0.406049251556396 0.395157754421234 0.384145259857178 0.37303364276886 0.361842393875122 0.350593954324722 0.339311450719833 0.349574238061905 0.367086619138718 0.384609073400497 0.402077943086624 0.419426649808884 0.436590820550919 0.453507095575333 0.467710345983505 0.474482506513596 0.481120258569717 0.487618267536163 0.493972063064575 0.500175476074219 0.506227076053619 0.512121379375458 0.520757973194122 0.530217349529266 0.539527535438538 0.548677086830139 0.557659864425659 0.566469311714172 0.575096309185028 0.57837039232254 0.565451741218567 0.551550686359406 0.536708533763885 0.520969271659851 0.504391729831696 0.487037748098373 0.468984216451645 0.504933416843414 0.558482944965363 0.610343158245087 0.659456133842468
0.445020794868469 0.423227995634079 0.40376079082489 0.392415553331375 0.380995452404022 0.36951956152916 0.358011037111282 0.346488803625107 0.33497554063797 0.32349020242691 0.333302587270737 0.350326180458069 0.367437452077866 0.384574800729752 0.401678830385208 0.418691068887711 0.435550510883331 0.449533432722092 0.455368101596832 0.461117416620255 0.466778248548508 0.47234708070755 0.4778211414814 0.483198374509811 0.488473653793335 0.500683546066284 0.515235245227814 0.529774010181427 0.544280707836151 0.558731377124786 0.573102712631226 0.587375342845917 0.59469485282898 0.580731153488159 0.565614104270935 0.549385905265808 0.532104790210724 0.513836681842804 0.494665235280991 0.474681526422501 0.510521113872528 0.5644611120224 0.616546809673309 0.665708780288696
0.426745861768723 0.405043929815292 0.386037468910217 0.3759406208992 0.365835934877396 0.355735033750534 0.345652729272842 0.335600465536118 0.325589835643768 0.315634995698929 0.325777024030685 0.342798888683319 0.359992206096649 0.377303659915924 0.394678056240082 0.412059158086777 0.429392337799072 0.444068104028702 0.45101922750473 0.457933872938156 0.464808106422424 0.471638083457947 0.47842064499855 0.48515185713768 0.491828739643097 0.507062971591949 0.525246798992157 0.543489277362823 0.561752259731293 0.579993486404419 0.598169207572937 0.616239726543427 0.626050531864166 0.61051344871521 0.593471586704254 0.574975907802582 0.555095970630646 0.533922255039215 0.511566758155823 0.4881631731987 0.522396445274353 0.575161576271057 0.625894784927368 0.673612177371979
0.407611668109894 0.386115878820419 0.36769437789917 0.358991116285324 0.35031932592392 0.341686218976974 0.333097338676453 0.324561715126038 0.316084533929825 0.307672560214996 0.318130552768707 0.335121423006058 0.352363348007202 0.369807779788971 0.387404173612595 0.405100435018539 0.422843515872955 0.438173770904541 0.446279913187027 0.454393923282623 0.462511450052261 0.470627903938293 0.478739202022552 0.486839681863785 0.494927436113358 0.513350307941437 0.53529679775238 0.557266712188721 0.579184412956238 0.600977182388306 0.622573018074036 0.643895506858826 0.655797898769379 0.639116644859314 0.620523750782013 0.600070297718048 0.57783430814743 0.553927600383759 0.528492569923401 0.501711845397949 0.534319460391998 0.585882902145386 0.63524580001831 0.681502640247345
0.387753754854202 0.366581410169601 0.348859399557114 0.341668039560318 0.33452382683754 0.327429920434952 0.320389449596405 0.313405334949493 0.306480437517166 0.299617618322372 0.310375541448593 0.327309340238571 0.344564735889435 0.362100839614868 0.379870891571045 0.397825956344604 0.415918499231339 0.431861996650696 0.44115749001503 0.450502246618271 0.459889531135559 0.469316065311432 0.478775352239609 0.488261371850967 0.497768402099609 0.519539773464203 0.545378983020782 0.57108736038208 0.596539556980133 0.621616542339325 0.646203696727753 0.670188784599304 0.683746218681335 0.666362583637238 0.646616995334625 0.624548316001892 0.600232422351837 0.573792457580566 0.545409321784973 0.515314280986786 0.546278357505798 0.596617877483368 0.644591212272644 0.689375460147858
0.367319345474243 0.346583425998688 0.329666674137115 0.324076324701309 0.318529576063156 0.31302735209465 0.307570576667786 0.30216059088707 0.296798229217529 0.291484385728836 0.30252605676651 0.319374978542328 0.336612015962601 0.354197472333908 0.372091948986053 0.390252709388733 0.408631265163422 0.425144970417023 0.435660481452942 0.446262985467911 0.456947773694992 0.467706680297852 0.478531628847122 0.489413648843765 0.500347316265106 0.525629580020905 0.555486798286438 0.584935307502747 0.613780498504639 0.641844213008881 0.668964087963104 0.694993674755096 0.709757447242737 0.692111968994141 0.671623051166534 0.648299634456635 0.622203052043915 0.593462228775024 0.562282502651215 0.528950870037079 0.55826061964035 0.607355952262878 0.653926074504852 0.697226643562317
0.34646138548851 0.326274335384369 0.310255497694016 0.306324332952499 0.302418857812881 0.298540592193604 0.294687449932098 0.290861010551453 0.287061661481857 0.283289432525635 0.294595807790756 0.311334490776062 0.328517615795135 0.346113234758377 0.364085018634796 0.382394134998322 0.400997668504715 0.418036907911301 0.429798662662506 0.441684871912003 0.453688889741898 0.46579846739769 0.478005409240723 0.490297734737396 0.502663314342499 0.531616926193237 0.565615117549896 0.598792791366577 0.630870401859283 0.661599338054657 0.690770506858826 0.718219697475433 0.733743846416473 0.716258764266968 0.695431053638458 0.671225428581238 0.643668293952942 0.612879037857056 0.579077661037445 0.54260641336441 0.570258021354675 0.618090987205505 0.663244128227234 0.705052077770233
0.331569164991379 0.311677426099777 0.296210944652557 0.293383985757828 0.290564239025116 0.287752836942673 0.284951001405716 0.282157093286514 0.279372423887253 0.276597768068314 0.287781804800034 0.304041981697083 0.320766031742096 0.337926179170609 0.355494260787964 0.373435735702515 0.391712725162506 0.408698976039886 0.421113580465317 0.433670848608017 0.446357578039169 0.45916411280632 0.472075313329697 0.485080689191818 0.498163968324661 0.52853000164032 0.564075827598572 0.598652064800262 0.631933867931366 0.663644015789032 0.693554818630219 0.721494972705841 0.737547934055328 0.721512794494629 0.70239132642746 0.680137157440186 0.654754877090454 0.626317203044891 0.594983577728271 0.561011791229248 0.588178634643555 0.634329855442047 0.677645862102509 0.7175572514534
0.32265967130661 0.302759557962418 0.287461131811142 0.285156220197678 0.282849699258804 0.280541181564331 0.278229713439941 0.275917530059814 0.273604333400726 0.271289974451065 0.281971007585526 0.297389149665833 0.313252955675125 0.329541206359863 0.346230238676071 0.363292783498764 0.380698770284653 0.397062450647354 0.40956062078476 0.422191619873047 0.434944450855255 0.447803288698196 0.460755348205566 0.473788142204285 0.486884027719498 0.516255021095276 0.550618648529053 0.584203243255615 0.616713464260101 0.647882997989655 0.677490949630737 0.705356895923615 0.722052037715912 0.708769381046295 0.693300545215607 0.6756272315979 0.655749082565308 0.633698344230652 0.609544277191162 0.583400070667267 0.611197173595428 0.655271470546722 0.696384489536285 0.734072208404541
0.313508838415146 0.293638825416565 0.278534173965454 0.276750177145004 0.27495288848877 0.273143023252487 0.271320730447769 0.269486397504807 0.267640233039856 0.265782684087753 0.275950968265533 0.290510237216949 0.305491924285889 0.320880979299545 0.336656272411346 0.352798849344254 0.369282186031342 0.38498991727829 0.397618770599365 0.410367548465729 0.423222869634628 0.436169296503067 0.449191480875015 0.462273627519608 0.475399076938629 0.503743052482605 0.536853909492493 0.569361090660095 0.600991547107697 0.631497323513031 0.660666465759277 0.688319802284241 0.705675423145294 0.695561707019806 0.684010148048401 0.671010613441467 0.65656054019928 0.640672743320465 0.623368144035339 0.60468602180481 0.633033514022827 0.675083339214325 0.714080810546875 0.74965512752533
