resources/Exp000_Example-Run/Run01_M2/Trends/ENM/_Predictions/2000.asc
NCOLS 265 
NROWS 230 
XLLCORNER -115.5625 
YLLCORNER 24.8333333333333 
CELLSIZE 0.0833333333333333 
NODATA_value -9999 
[rows 152 to 170 of 230, columns 176 to 219 of 265]
0.73538863658905 0.764786303043365 0.791516602039337 0.817975699901581 0.847349941730499 0.871689438819885 0.891486585140228 0.907302677631378 0.919697403907776 0.929189383983612 0.936221718788147 0.93884402513504 0.939839839935303 0.940158188343048 0.93980461359024 0.938772261142731 0.937039315700531 0.934567868709564 0.931095600128174 0.926174640655518 0.920383751392365 0.913633644580841 0.905829012393951 0.896865725517273 0.88663524389267 0.875029802322388 0.870676279067993 0.868922591209412 0.867030262947083 0.864994645118713 0.862814962863922 0.860486209392548 0.858007311820984 0.852195739746094 0.835255563259125 0.815725445747375 0.793451845645905 0.768327236175537 0.740311563014984 0.709440529346466 0.67584091424942 0.625441670417786 0.56695419549942 0.50639796257019
0.718414664268494 0.749811351299286 0.778457939624786 0.806436240673065 0.836622774600983 0.861965596675873 0.882869899272919 0.899823486804962 0.913337647914886 0.923901379108429 0.931951105594635 0.93541669845581 0.937138915061951 0.938120126724243 0.938381373882294 0.937927842140198 0.936750710010529 0.934823393821716 0.931923925876617 0.927702844142914 0.922669172286987 0.916744232177734 0.909838020801544 0.901854753494263 0.892692565917969 0.882242977619171 0.878176093101501 0.876413106918335 0.874521851539612 0.872501790523529 0.870348155498505 0.868060171604156 0.86563378572464 0.860080480575562 0.843923389911652 0.825055003166199 0.803282976150513 0.778460323810577 0.750501930713654 0.719412267208099 0.685298562049866 0.634610712528229 0.575621366500854 0.5141960978508
0.700308620929718 0.733782410621643 0.764442980289459 0.793996274471283 0.82489812374115 0.851179480552673 0.873156547546387 0.891241908073425 0.905889213085175 0.917552947998047 0.926650702953339 0.931039392948151 0.933569312095642 0.93527501821518 0.936194777488708 0.936349511146545 0.935742676258087 0.934360504150391 0.93202006816864 0.928459644317627 0.924132585525513 0.918968319892883 0.912887156009674 0.905800580978394 0.897611439228058 0.888218998908997 0.88443398475647 0.882684409618378 0.880816698074341 0.878828167915344 0.876715421676636 0.874477505683899 0.872110664844513 0.866827189922333 0.851496040821075 0.833347797393799 0.812149226665497 0.78771036863327 0.759903430938721 0.728692471981049 0.694155395030975 0.643295884132385 0.583927154541016 0.521739661693573
0.681092977523804 0.716702461242676 0.74946391582489 0.780634999275208 0.812138915061951 0.83927184343338 0.862267434597015 0.881459832191467 0.897243201732635 0.910026788711548 0.920201420783997 0.925611734390259 0.929048418998718 0.931557655334473 0.933196842670441 0.934002339839935 0.933993518352509 0.933170795440674 0.93138587474823 0.928460538387299 0.924800872802734 0.920347571372986 0.915028929710388 0.90876567363739 0.901469647884369 0.893042922019958 0.889533400535583 0.887816905975342 0.885989129543304 0.884046792984009 0.88198721408844 0.879807770252228 0.877505719661713 0.872501015663147 0.858029067516327 0.840647459030151 0.820083796977997 0.796103358268738 0.768530011177063 0.737286508083344 0.702414095401764 0.651493847370148 0.59186315536499 0.52902090549469
0.674309968948364 0.711418449878693 0.745537340641022 0.777439117431641 0.80839991569519 0.835225820541382 0.858115375041962 0.877364218235016 0.893326997756958 0.906375229358673 0.916872680187225 0.922690868377686 0.926516652107239 0.929375946521759 0.931332409381866 0.932430326938629 0.932694971561432 0.932132542133331 0.930607616901398 0.927967488765717 0.924605786800385 0.920468986034393 0.915491044521332 0.909595966339111 0.902700960636139 0.894711852073669 0.891505777835846 0.890039563179016 0.888460338115692 0.886765956878662 0.884954810142517 0.883022367954254 0.880967080593109 0.876363158226013 0.862706422805786 0.846039235591888 0.826055467128754 0.802475035190582 0.775076866149902 0.743736803531647 0.708463788032532 0.658014476299286 0.599025368690491 0.536557734012604
0.68068128824234 0.718621551990509 0.753287672996521 0.784992337226868 0.814377069473267 0.839831173419952 0.861560761928558 0.879858553409576 0.895058810710907 0.907513082027435 0.917558133602142 0.923089385032654 0.926697552204132 0.929378807544708 0.931190848350525 0.932172894477844 0.932348072528839 0.931719601154327 0.930143475532532 0.927437007427216 0.924005806446075 0.919795751571655 0.914739489555359 0.908762872219086 0.90177983045578 0.893699645996094 0.890784204006195 0.889727890491486 0.888549625873566 0.88724547624588 0.88581508398056 0.884255170822144 0.882562339305878 0.878436326980591 0.865565776824951 0.849572956562042 0.830119967460632 0.806886374950409 0.779602706432343 0.748101592063904 0.712357342243195 0.662862837314606 0.605367004871368 0.5442755818367
0.686932265758514 0.72570413351059 0.760897040367126 0.792387545108795 0.82022088766098 0.844325363636017 0.864915728569031 0.88227504491806 0.896722435951233 0.908585071563721 0.91817706823349 0.923420488834381 0.926808834075928 0.92930656671524 0.930967152118683 0.931824624538422 0.931898653507233 0.93118953704834 0.929547607898712 0.926757633686066 0.923231244087219 0.91891199350357 0.913733124732971 0.907615900039673 0.900475680828094 0.892216980457306 0.889532685279846 0.888835072517395 0.887998878955841 0.887022614479065 0.885905146598816 0.884642541408539 0.88323324918747 0.879535019397736 0.867504298686981 0.852240800857544 0.833376884460449 0.810552895069122 0.783455491065979 0.751870512962341 0.715731382369995 0.667230248451233 0.61127108335495 0.551621735095978
0.693061947822571 0.732663810253143 0.768364131450653 0.799622535705566 0.825928866863251 0.848709225654602 0.868180632591248 0.884616076946259 0.898319125175476 0.909593939781189 0.918730318546295 0.923684775829315 0.92685079574585 0.929160535335541 0.930661499500275 0.931384563446045 0.931345462799072 0.9305419921875 0.928818047046661 0.925926864147186 0.922278821468353 0.917815029621124 0.912465214729309 0.906149923801422 0.898778319358826 0.890254199504852 0.887743353843689 0.88735419511795 0.8868048787117 0.88609504699707 0.885223984718323 0.884187877178192 0.882986307144165 0.879672884941101 0.868542611598969 0.854061484336853 0.83584314584732 0.813492357730865 0.786648511886597 0.755049109458923 0.718589425086975 0.671117842197418 0.616734683513641 0.558587372303009
0.69906896352768 0.739499032497406 0.775687754154205 0.806695282459259 0.83150315284729 0.852983713150024 0.871355831623077 0.886884093284607 0.899850308895111 0.910539150238037 0.919218599796295 0.92388266324997 0.92682272195816 0.928939044475555 0.930273830890656 0.93085241317749 0.930687010288239 0.929774343967438 0.927952229976654 0.924940884113312 0.921144664287567 0.916499137878418 0.910930752754211 0.904354929924011 0.896677732467651 0.887798428535461 0.885401427745819 0.885271072387695 0.884955763816833 0.884453594684601 0.883765161037445 0.882887899875641 0.881819367408752 0.878851592540741 0.868689298629761 0.85505074262619 0.837535917758942 0.815715372562408 0.789190113544464 0.757645726203918 0.720934152603149 0.674526572227478 0.621755719184875 0.565165936946869
0.704952776432037 0.746209561824799 0.782863259315491 0.813604474067688 0.83694177865982 0.857149839401245 0.874444723129272 0.889078497886658 0.901317179203033 0.91142338514328 0.919642627239227 0.924014449119568 0.926726043224335 0.928642988204956 0.929802000522614 0.930225372314453 0.929921388626099 0.92888343334198 0.926947295665741 0.923797488212585 0.919824242591858 0.914958417415619 0.909121215343475 0.902222335338593 0.894161522388458 0.884830892086029 0.882488250732422 0.882569193840027 0.882433533668518 0.882081866264343 0.881514012813568 0.880726456642151 0.879718840122223 0.877060949802399 0.867946863174438 0.85521674156189 0.838463425636292 0.81723427772522 0.791088283061981 0.759664356708527 0.722768485546112 0.677457869052887 0.626332938671112 0.571350455284119
0.711083173751831 0.752063512802124 0.788320183753967 0.81855446100235 0.841292500495911 0.860898077487946 0.8776034116745 0.891673624515533 0.903378844261169 0.912985265254974 0.920736372470856 0.924786567687988 0.92722362279892 0.928866446018219 0.929747104644775 0.929882884025574 0.929277122020721 0.927916526794434 0.925693869590759 0.922434985637665 0.918341636657715 0.91334593296051 0.907367825508118 0.900317251682281 0.89209246635437 0.882586598396301 0.880087792873383 0.88002747297287 0.879759967327118 0.879285454750061 0.878600776195526 0.877705037593842 0.876595735549927 0.8738734126091 0.864761829376221 0.852008819580078 0.835212111473083 0.813931345939636 0.787737727165222 0.756285309791565 0.719387888908386 0.675242364406586 0.625990748405457 0.57316792011261
0.71753466129303 0.757129013538361 0.792122840881348 0.821607649326324 0.84458601474762 0.864229500293732 0.88080894947052 0.894622385501862 0.905974507331848 0.915152728557587 0.92241758108139 0.926112532615662 0.9282266497612 0.929518043994904 0.930013597011566 0.929723620414734 0.928642094135284 0.926746487617493 0.9240602850914 0.920754909515381 0.9166419506073 0.911656618118286 0.905723214149475 0.89875864982605 0.890669286251068 0.881355702877045 0.878526747226715 0.877984404563904 0.877273738384247 0.876391410827637 0.875336349010468 0.874106466770172 0.872699081897736 0.869490802288055 0.859293818473816 0.845554947853088 0.82789546251297 0.80591869354248 0.779257297515869 0.747631549835205 0.710925996303558 0.668076634407043 0.620969951152802 0.570846498012543
0.723957538604736 0.762151896953583 0.795861721038818 0.824580490589142 0.847790122032166 0.867459177970886 0.883897662162781 0.897442400455475 0.908427774906158 0.917164742946625 0.923930406570435 0.927262365818024 0.92904531955719 0.929973781108856 0.930067658424377 0.929330348968506 0.927744925022125 0.925275802612305 0.922099530696869 0.918775737285614 0.914669632911682 0.909720718860626 0.90385913848877 0.897006571292877 0.889078080654144 0.879980385303497 0.876812696456909 0.875752210617065 0.874541282653809 0.873178660869598 0.871661961078644 0.869988560676575 0.868155598640442 0.864362955093384 0.853115439414978 0.838428258895874 0.819954872131348 0.797342360019684 0.770284473896027 0.738566815853119 0.70213395357132 0.660699248313904 0.615824282169342 0.568436145782471
0.730352401733398 0.767129719257355 0.799538493156433 0.827471494674683 0.850906848907471 0.8705894947052 0.88687390089035 0.900135457515717 0.910742282867432 0.919028222560883 0.925281584262848 0.928240954875946 0.9296835064888 0.93023544549942 0.929911077022552 0.928701341152191 0.926579535007477 0.923495411872864 0.91979593038559 0.916483640670776 0.912414371967316 0.907531261444092 0.901768922805786 0.89505672454834 0.887314260005951 0.87845915555954 0.874942362308502 0.873324155807495 0.871556103229523 0.869636416435242 0.867561936378479 0.865329444408417 0.862935602664948 0.858452916145325 0.84619265794754 0.830602169036865 0.811369121074677 0.788188874721527 0.760813474655151 0.729089319705963 0.693013250827789 0.653112709522247 0.610555171966553 0.565936923027039
0.736715078353882 0.772064089775085 0.803154051303864 0.830282688140869 0.853935658931732 0.873620629310608 0.8897385597229 0.902706742286682 0.91292417049408 0.92074728012085 0.92647510766983 0.929052293300629 0.930144190788269 0.93030571937561 0.929541528224945 0.927833437919617 0.925138354301453 0.92139208316803 0.917133867740631 0.913866221904755 0.909864544868469 0.905077219009399 0.899444997310638 0.892901837825775 0.885375559329987 0.876789271831512 0.872913599014282 0.870696246623993 0.868310809135437 0.86575323343277 0.863019585609436 0.860105395317078 0.857006371021271 0.851719975471497 0.838490188121796 0.822047531604767 0.802118122577667 0.778445959091187 0.750839352607727 0.719198942184448 0.683567643165588 0.645320653915405 0.605164885520935 0.563348174095154
0.743043065071106 0.77695107460022 0.806706726551056 0.833016276359558 0.856879651546478 0.876556158065796 0.892495930194855 0.905159056186676 0.914976894855499 0.922326505184174 0.92751532793045 0.929699718952179 0.930428743362427 0.930184185504913 0.928958356380463 0.926719963550568 0.923411786556244 0.918951094150543 0.914094984531403 0.910906314849854 0.907007157802582 0.90234899520874 0.896879434585571 0.890536665916443 0.883256793022156 0.874967932701111 0.87072080373764 0.867863178253174 0.864797115325928 0.861517131328583 0.858017146587372 0.854291260242462 0.850333273410797 0.844123840332031 0.8299720287323 0.812736749649048 0.79218316078186 0.768103778362274 0.740358531475067 0.708896815776825 0.673798322677612 0.63732373714447 0.599652588367462 0.5606729388237
0.753678441047668 0.785817980766296 0.813957273960114 0.838980436325073 0.862083971500397 0.881036400794983 0.896307170391083 0.908362746238708 0.917633593082428 0.924492180347443 0.929234445095062 0.931212484836578 0.931750059127808 0.9312424659729 0.929675817489624 0.927006363868713 0.92315810918808 0.918027400970459 0.912546634674072 0.909261345863342 0.905246555805206 0.900453925132751 0.894828081130981 0.888307511806488 0.880825042724609 0.872308552265167 0.867495238780975 0.863932847976685 0.860125362873077 0.856065571308136 0.851747035980225 0.847160220146179 0.842298567295074 0.83506715297699 0.819837987422943 0.801860749721527 0.780962228775024 0.757009327411652 0.729923784732819 0.699707508087158 0.666458785533905 0.631207823753357 0.594597101211548 0.556843519210815
0.768042862415314 0.798178851604462 0.824510931968689 0.847860813140869 0.869284689426422 0.886848270893097 0.900999069213867 0.912175238132477 0.920774757862091 0.927137315273285 0.931532680988312 0.933497786521912 0.934020638465881 0.933403551578522 0.931626558303833 0.928632259368896 0.924326062202454 0.918576180934906 0.91243577003479 0.9088334441185 0.904430389404297 0.899169683456421 0.892986416816711 0.885809421539307 0.877559065818787 0.868154168128967 0.862456023693085 0.858010053634644 0.853283524513245 0.848269939422607 0.842958807945251 0.83734393119812 0.831414997577667 0.823062717914581 0.806941449642181 0.788598656654358 0.767940402030945 0.744906425476074 0.719480276107788 0.691699802875519 0.661664426326752 0.627020716667175 0.589994788169861 0.55184268951416
0.781596183776855 0.809849143028259 0.83448600769043 0.856253147125244 0.876062095165253 0.89229154586792 0.905367016792297 0.91569447517395 0.923640608787537 0.929514229297638 0.93355929851532 0.935510098934174 0.936015427112579 0.935281336307526 0.933280229568481 0.929938614368439 0.925139129161835 0.918716847896576 0.911857426166534 0.907916486263275 0.903085291385651 0.897297918796539 0.890475809574127 0.882535755634308 0.873384773731232 0.862929344177246 0.856159448623657 0.85061651468277 0.844733715057373 0.838499546051025 0.831906378269196 0.824943661689758 0.817602455615997 0.807992219924927 0.791548132896423 0.773394584655762 0.753496885299683 0.731845080852509 0.708454787731171 0.683378279209137 0.656703948974609 0.622695505619049 0.585268139839172 0.546732544898987
