resources/Exp000_Example-Run/Run01_M2/Trends/ENM/_Predictions/2000.asc
NCOLS 265 
NROWS 230 
XLLCORNER -115.5625 
YLLCORNER 24.8333333333333 
CELLSIZE 0.0833333333333333 
NODATA_value -9999 
[rows 19 to 37 of 230, columns 132 to 175 of 265]
0.275628626346588 0.275321960449219 0.276047468185425 0.281819403171539 0.287565678358078 0.293280750513077 0.298959225416183 0.304595917463303 0.310185372829437 0.315722554922104 0.318431347608566 0.320017457008362 0.32138329744339 0.322526723146439 0.32344588637352 0.324139356613159 0.324605971574783 0.324386805295944 0.32239305973053 0.319899171590805 0.316914796829224 0.313448846340179 0.309514850378036 0.305127114057541 0.300301790237427 0.297537446022034 0.295543342828751 0.293544203042984 0.291538506746292 0.289527356624603 0.287511050701141 0.285489827394485 0.284356147050858 0.285881727933884 0.287380039691925 0.288852393627167 0.290296584367752 0.291713148355484 0.293102443218231 0.294462561607361 0.294863015413284 0.294910252094269 0.29491525888443 0.294875979423523
0.268848091363907 0.268466800451279 0.269232869148254 0.275236994028091 0.281207472085953 0.287135750055313 0.293015956878662 0.298841714859009 0.304607301950455 0.310304462909698 0.312551528215408 0.313532173633575 0.314362555742264 0.315042525529861 0.315569490194321 0.31594380736351 0.316165059804916 0.31673014163971 0.318136066198349 0.318588256835938 0.318085581064224 0.316630393266678 0.314231812953949 0.310907989740372 0.306680679321289 0.30426162481308 0.302591145038605 0.300879567861557 0.299125641584396 0.297331988811493 0.295498132705688 0.293624013662338 0.292640745639801 0.294404447078705 0.296127319335938 0.297808706760406 0.299447953701019 0.301044464111328 0.30259758234024 0.304106861352921 0.303926676511765 0.303151696920395 0.302330285310745 0.301462650299072
0.26189711689949 0.261378854513168 0.262144207954407 0.268419682979584 0.274645358324051 0.280813336372375 0.286913335323334 0.292938590049744 0.298878908157349 0.304727047681808 0.30647811293602 0.306798934936523 0.307025104761124 0.307154446840286 0.307189017534256 0.307127684354782 0.306969583034515 0.308313578367233 0.313490301370621 0.317150175571442 0.319252848625183 0.319772928953171 0.318705320358276 0.316062092781067 0.31187304854393 0.309949696063995 0.30896320939064 0.307826220989227 0.30653977394104 0.30510550737381 0.303525149822235 0.301800280809402 0.300918310880661 0.302901774644852 0.30482542514801 0.306688994169235 0.308492630720139 0.310233384370804 0.311912387609482 0.313526719808578 0.312796980142593 0.311248064041138 0.30964207649231 0.307979941368103
0.25479331612587 0.25408062338829 0.254805564880371 0.261387705802917 0.267898350954056 0.274327903985977 0.280663371086121 0.286895304918289 0.293011128902435 0.299001932144165 0.300223618745804 0.299835711717606 0.299392342567444 0.298895537853241 0.29834446310997 0.297739565372467 0.297081023454666 0.299192160367966 0.308471083641052 0.315586268901825 0.320414841175079 0.322874844074249 0.322924911975861 0.320563286542892 0.315831542015076 0.314554154872894 0.314621537923813 0.314356595277786 0.313762038946152 0.312838137149811 0.311586260795593 0.31001141667366 0.30917689204216 0.311358004808426 0.313457936048508 0.315475314855576 0.317408710718155 0.319256871938705 0.321017622947693 0.322691679000854 0.321448147296906 0.319181233644485 0.31683936715126 0.314422816038132
0.247555837035179 0.246595129370689 0.247245296835899 0.254161864519119 0.260983496904373 0.267694294452667 0.27427875995636 0.280723959207535 0.287014871835709 0.293136864900589 0.293800920248032 0.29265883564949 0.291490912437439 0.290297448635101 0.289078712463379 0.287835031747818 0.28656741976738 0.289425939321518 0.303094983100891 0.313898116350174 0.321572303771973 0.325934946537018 0.326880753040314 0.324388772249222 0.318518280982971 0.318036317825317 0.319531619548798 0.320445477962494 0.320774912834167 0.320516854524612 0.319673091173172 0.318247318267822 0.317404806613922 0.319761216640472 0.322008937597275 0.32414710521698 0.326175004243851 0.328088790178299 0.329887956380844 0.331571966409683 0.329853713512421 0.326933085918427 0.323907226324081 0.320778965950012
0.242337390780449 0.241168692708015 0.241784051060677 0.249172747135162 0.256487041711807 0.263709425926208 0.270824998617172 0.277816951274872 0.284669190645218 0.291365414857864 0.292021691799164 0.290682882070541 0.289327830076218 0.287954956293106 0.286566346883774 0.28516036272049 0.283739119768143 0.286995321512222 0.302662342786789 0.315359145402908 0.324753403663635 0.330604523420334 0.332765430212021 0.331183046102524 0.325894922018051 0.32586881518364 0.32776728272438 0.328989833593369 0.329530954360962 0.329388290643692 0.328562259674072 0.327055901288986 0.326238572597504 0.329210877418518 0.332114487886429 0.33494770526886 0.337708830833435 0.340395331382751 0.343007445335388 0.345542758703232 0.343486249446869 0.339812695980072 0.336024433374405 0.332126945257187
0.239086955785751 0.237780377268791 0.238430976867676 0.246439889073372 0.254441827535629 0.262420564889908 0.270359605550766 0.278245061635971 0.28606054186821 0.293790608644485 0.295012533664703 0.294067680835724 0.293101996183395 0.292114645242691 0.291107654571533 0.290080189704895 0.289032638072968 0.292360424995422 0.307465374469757 0.320083558559418 0.329940140247345 0.336825013160706 0.340594381093979 0.341170847415924 0.338542520999908 0.338551104068756 0.33960884809494 0.340100824832916 0.340024203062057 0.33938130736351 0.338173449039459 0.336405038833618 0.335741639137268 0.339853018522263 0.343963623046875 0.348073184490204 0.352181971073151 0.35628679394722 0.360388576984406 0.364484459161758 0.36217337846756 0.357640892267227 0.353012204170227 0.34829106926918
0.235657885670662 0.23420450091362 0.234894081950188 0.243565186858177 0.252291411161423 0.261057138442993 0.269848972558975 0.278650879859924 0.287446290254593 0.296221494674683 0.298014998435974 0.297467082738876 0.296892702579498 0.296292871236801 0.295667678117752 0.295017302036285 0.294341802597046 0.297747790813446 0.312310427427292 0.324833899736404 0.335094481706619 0.342912793159485 0.348155498504639 0.350734889507294 0.350606977939606 0.350690394639969 0.35100656747818 0.35086190700531 0.350258976221085 0.349198222160339 0.347681820392609 0.34571585059166 0.345279783010483 0.350612580776215 0.355958700180054 0.361316472291946 0.366684228181839 0.372060179710388 0.377442836761475 0.382830381393433 0.380247741937637 0.374930888414383 0.369530081748962 0.364050984382629
0.232057884335518 0.230450093746185 0.231182888150215 0.240551799535751 0.25003656744957 0.259621798992157 0.269291788339615 0.279032468795776 0.288827329874039 0.298659026622772 0.301029771566391 0.300879716873169 0.300699412822723 0.300486981868744 0.300244361162186 0.299969732761383 0.299665093421936 0.303156971931458 0.317198932170868 0.329610258340836 0.340214043855667 0.348860323429108 0.355430483818054 0.359836310148239 0.3620186150074 0.362217158079147 0.361904799938202 0.361232817173004 0.360201507806778 0.358812034130096 0.357069253921509 0.354974985122681 0.354842156171799 0.361480325460434 0.368086129426956 0.374652564525604 0.381176650524139 0.387651443481445 0.394074499607086 0.400438636541367 0.397566974163055 0.391558021306992 0.385470181703568 0.379310518503189
0.2282954454422 0.226525947451591 0.227304488420486 0.237406462430954 0.247680753469467 0.258114039897919 0.268689870834351 0.279390871524811 0.290201753377914 0.30110377073288 0.304054737091064 0.304306954145432 0.304521381855011 0.304696947336197 0.304835349321365 0.304935812950134 0.304998219013214 0.308584213256836 0.322128593921661 0.334412664175034 0.345296919345856 0.354659348726273 0.362401038408279 0.368439197540283 0.372710376977921 0.373067259788513 0.372254699468613 0.371172159910202 0.36981925368309 0.368200242519379 0.366315215826035 0.364169418811798 0.364417910575867 0.37244713306427 0.380331933498383 0.388060390949249 0.39562052488327 0.403001040220261 0.410191297531128 0.417180895805359 0.414003700017929 0.407407462596893 0.400730967521667 0.393981784582138
0.224377572536469 0.222441494464874 0.223269328474998 0.234132826328278 0.245227441191673 0.256535589694977 0.268041759729385 0.27972674369812 0.29157030582428 0.303553909063339 0.307090520858765 0.307747602462769 0.30835810303688 0.308922827243805 0.309441387653351 0.309913694858551 0.310339629650116 0.314029008150101 0.32710063457489 0.339238286018372 0.35033768415451 0.360301941633224 0.369049996137619 0.376509964466095 0.382622003555298 0.383180648088455 0.382007896900177 0.380641430616379 0.379084825515747 0.377337545156479 0.375403583049774 0.373282790184021 0.373995989561081 0.383499890565872 0.392681419849396 0.401515126228333 0.409977108240128 0.418048441410065 0.425707131624222 0.432937413454056 0.429439336061478 0.422374039888382 0.415218681097031 0.407981932163239
0.227290421724319 0.226076140999794 0.227616727352142 0.238970711827278 0.250576168298721 0.26241597533226 0.274471968412399 0.286724209785461 0.299151986837387 0.311733245849609 0.315598428249359 0.316476732492447 0.317294955253601 0.318050801753998 0.318745046854019 0.319377154111862 0.31994691491127 0.323629885911942 0.336353331804276 0.348265469074249 0.359277546405792 0.369309306144714 0.378288805484772 0.386156499385834 0.392858922481537 0.393303692340851 0.391733765602112 0.389958560466766 0.38798126578331 0.385803908109665 0.383428782224655 0.380858451128006 0.381413906812668 0.3916035592556 0.401375293731689 0.410699844360352 0.419546455144882 0.427890300750732 0.43570864200592 0.442977964878082 0.439720451831818 0.43299400806427 0.426182806491852 0.419294476509094
0.237157881259918 0.237655803561211 0.240628004074097 0.252161890268326 0.263931423425674 0.27591934800148 0.288107186555862 0.300475209951401 0.313001781702042 0.325667202472687 0.329604685306549 0.330530375242233 0.331370055675507 0.33212211728096 0.332786291837692 0.333361119031906 0.333848148584366 0.337391436100006 0.349840849637985 0.361428052186966 0.372072398662567 0.381698727607727 0.390241235494614 0.397646129131317 0.403865545988083 0.403900533914566 0.401847273111343 0.399478763341904 0.396797627210617 0.393806934356689 0.390513598918915 0.386922031641006 0.3865906894207 0.396590054035187 0.40621417760849 0.415437042713165 0.424231320619583 0.432574808597565 0.44044616818428 0.447825878858566 0.445455700159073 0.439864665269852 0.434190779924393 0.428437441587448
0.247019529342651 0.249355465173721 0.253829181194305 0.265518397092819 0.277427315711975 0.289537608623505 0.301829934120178 0.314286440610886 0.326885759830475 0.339605510234833 0.343621015548706 0.344608873128891 0.345479279756546 0.346229553222656 0.346861124038696 0.34737154841423 0.347761452198029 0.351140797138214 0.363273918628693 0.374499291181564 0.384737849235535 0.393923878669739 0.401996403932571 0.408906370401382 0.414613366127014 0.414317101240158 0.411871314048767 0.408968061208725 0.405613571405411 0.40181627869606 0.39758238196373 0.392922550439835 0.391648679971695 0.401427805423737 0.410871982574463 0.419958502054214 0.428662776947021 0.436965465545654 0.444847494363785 0.452291369438171 0.450904279947281 0.446562260389328 0.44210410118103 0.437530040740967
0.256842941045761 0.261141568422318 0.267175167798996 0.278997331857681 0.291019797325134 0.303226977586746 0.315598338842392 0.328116208314896 0.340758562088013 0.35350626707077 0.357606381177902 0.358671218156815 0.359580457210541 0.360333353281021 0.360929012298584 0.361367076635361 0.361648052930832 0.364838272333145 0.376616954803467 0.387441158294678 0.397241353988647 0.405953228473663 0.413524925708771 0.419911891222 0.425077676773071 0.424534112215042 0.42179012298584 0.418416231870651 0.414424300193787 0.40982460975647 0.404630571603775 0.398857712745667 0.39658460021019 0.406113296747208 0.41534498333931 0.424257665872574 0.432834059000015 0.441055089235306 0.448903888463974 0.456364989280701 0.456058770418167 0.453080862760544 0.44991409778595 0.446563154459
0.266598343849182 0.27297642827034 0.280622094869614 0.292551726102829 0.304664134979248 0.316941797733307 0.329367190599442 0.341918885707855 0.35457780957222 0.367324441671371 0.371519804000854 0.372676432132721 0.373635441064835 0.374394774436951 0.374952465295792 0.375310003757477 0.375466108322144 0.378444403409958 0.38983166217804 0.400221049785614 0.409547805786133 0.417756080627441 0.424798220396042 0.430633902549744 0.435234069824219 0.434532105922699 0.431587874889374 0.427813917398453 0.423221170902252 0.417827367782593 0.411653697490692 0.404721081256866 0.401391625404358 0.410639762878418 0.419626295566559 0.428332090377808 0.436742544174194 0.444840669631958 0.452611923217773 0.460042655467987 0.460912585258484 0.459411263465881 0.457615852355957 0.455528229475021
0.276253819465637 0.284824907779694 0.294121444225311 0.306135922670364 0.31831431388855 0.330638706684113 0.343090802431107 0.355652302503586 0.368301421403885 0.381018877029419 0.385317921638489 0.386583805084229 0.387603014707565 0.388372093439102 0.388890981674194 0.389160245656967 0.389177292585373 0.391920059919357 0.402881383895874 0.412803739309311 0.421626955270767 0.4293033182621 0.43578839302063 0.441050171852112 0.445060849189758 0.44429224729538 0.441253036260605 0.437148809432983 0.431997209787369 0.425820678472519 0.41864612698555 0.410509645938873 0.40606677532196 0.415004134178162 0.42371267080307 0.432176053524017 0.440382122993469 0.448316127061844 0.455963969230652 0.46331650018692 0.465459764003754 0.465548455715179 0.465200185775757 0.464416921138763
0.292247802019119 0.303935348987579 0.315448582172394 0.327075362205505 0.338824331760406 0.350678503513336 0.362623751163483 0.374642014503479 0.386716246604919 0.398827940225601 0.403189599514008 0.40468966960907 0.405874162912369 0.406742632389069 0.407293677330017 0.407527685165405 0.407441973686218 0.409403413534164 0.417911767959595 0.425707548856735 0.432761788368225 0.439049333333969 0.444548487663269 0.449240922927856 0.453111320734024 0.45177885890007 0.44809165596962 0.443508744239807 0.438046485185623 0.431724637746811 0.424566864967346 0.416601032018661 0.412175744771957 0.420310616493225 0.428263306617737 0.436021566390991 0.443577259778976 0.450919300317764 0.458036988973618 0.464924037456512 0.467682629823685 0.468663305044174 0.469126552343369 0.469072878360748
0.314918339252472 0.330390512943268 0.344456017017365 0.355342477560043 0.366266280412674 0.377213537693024 0.388169288635254 0.399118453264236 0.410046130418777 0.420938342809677 0.42527624964714 0.427086770534515 0.428492099046707 0.42948767542839 0.43007281422615 0.430247753858566 0.430009961128235 0.430666923522949 0.434946626424789 0.439000278711319 0.442824751138687 0.446413904428482 0.449765056371689 0.452875047922134 0.455740869045258 0.453634917736053 0.449545234441757 0.445027947425842 0.440092206001282 0.434747993946075 0.429002970457077 0.422869205474854 0.419748812913895 0.42658057808876 0.433285295963287 0.439855635166168 0.446287721395493 0.452574521303177 0.458710610866547 0.464690685272217 0.467301219701767 0.468377977609634 0.468945741653442 0.469003558158875
