resources/Exp000_Example-Run/Run01_M2/Trends/ENM/_Predictions/2000.asc
NCOLS 265 
NROWS 230 
XLLCORNER -115.5625 
YLLCORNER 24.8333333333333 
CELLSIZE 0.0833333333333333 
NODATA_value -9999 
[rows 76 to 94 of 230, columns 0 to 43 of 265]
0.103106841444969 0.110142268240452 0.117518424987793 0.125239685177803 0.133308038115501 0.141725480556488 0.15049284696579 0.149293020367622 0.144280105829239 0.138837531208992 0.133023232221603 0.126896515488625 0.120520398020744 0.113956801593304 0.110811188817024 0.118433222174644 0.126326680183411 0.134477600455284 0.142869800329208 0.151484921574593 0.160302489995956 0.169300019741058 0.171636506915092 0.171393558382988 0.170780971646309 0.169801026582718 0.168460816144943 0.166766807436943 0.164729803800583 0.164954736828804 0.172683671116829 0.180114954710007 0.187187761068344 0.193843513727188 0.200025945901871 0.205684438347816 0.210770592093468 0.217906132340431 0.224174231290817 0.22838930785656 0.230449140071869 0.230303674936295 0.22795657813549 0.223465338349342
0.106243386864662 0.112360127270222 0.118726581335068 0.125345960259438 0.132219225168228 0.139348343014717 0.146733075380325 0.14512625336647 0.140033885836601 0.13449715077877 0.128579080104828 0.122345365583897 0.115863747894764 0.109202444553375 0.106044456362724 0.113894686102867 0.122037798166275 0.130456402897835 0.139128908514977 0.148032650351524 0.157140031456947 0.16642339527607 0.165345638990402 0.160564720630646 0.155558541417122 0.150354474782944 0.144980669021606 0.13946521282196 0.133837908506393 0.132169365882874 0.14270231127739 0.153331875801086 0.163966536521912 0.174510508775711 0.184867084026337 0.1949363052845 0.204621717333794 0.215255886316299 0.224504739046097 0.231464505195618 0.235936880111694 0.237796366214752 0.236991345882416 0.233542993664742
0.10996986925602 0.115357719361782 0.120929814875126 0.126687988638878 0.132632613182068 0.1387639939785 0.14508230984211 0.144647106528282 0.14154976606369 0.13805216550827 0.134184494614601 0.129980951547623 0.125476658344269 0.120710603892803 0.118961624801159 0.12701578438282 0.135305255651474 0.143808037042618 0.152498230338097 0.161349043250084 0.170331135392189 0.179413214325905 0.176579669117928 0.169595643877983 0.162460654973984 0.155214741826057 0.147896498441696 0.140543848276138 0.133195221424103 0.130356460809708 0.141087353229523 0.151973456144333 0.162926495075226 0.17385321855545 0.184656053781509 0.195237383246422 0.205497816205025 0.217886850237846 0.229154199361801 0.237917810678482 0.243904292583466 0.246928945183754 0.246898218989372 0.2438133507967
0.114365316927433 0.119205087423325 0.124188363552094 0.129316672682762 0.134590223431587 0.140008807182312 0.145573705434799 0.147944256663322 0.149033159017563 0.149904489517212 0.150554746389389 0.150980770587921 0.151181802153587 0.151156574487686 0.152947202324867 0.160851001739502 0.168852895498276 0.176929503679276 0.185057535767555 0.193211331963539 0.201364904642105 0.209492027759552 0.206679195165634 0.199938699603081 0.192903205752373 0.185614615678787 0.178115978837013 0.170450940728188 0.162663474678993 0.158905655145645 0.167390644550323 0.175733223557472 0.183874487876892 0.191757768392563 0.199325531721115 0.206521987915039 0.213295504450798 0.225742101669312 0.23809577524662 0.247704014182091 0.254253804683685 0.257532626390457 0.25743442773819 0.253962576389313
0.118922606110573 0.123167097568512 0.127518326044083 0.131975844502449 0.136540398001671 0.141212150454521 0.145991399884224 0.151232048869133 0.156654253602028 0.162125557661057 0.167639195919037 0.173187017440796 0.178761228919029 0.184353440999985 0.190370842814445 0.197629436850548 0.204859659075737 0.212040349841118 0.219152599573135 0.226174980401993 0.233086660504341 0.239868640899658 0.237271815538406 0.231156319379807 0.224591314792633 0.217618495225906 0.210281923413277 0.202625840902328 0.194698125123978 0.190056651830673 0.195666745305061 0.200925916433334 0.205803036689758 0.210267156362534 0.214292332530022 0.217852249741554 0.220926627516747 0.233415454626083 0.246863692998886 0.257277220487595 0.26429694890976 0.267682075500488 0.267317861318588 0.263215243816376
0.123646162450314 0.127246886491776 0.130919754505157 0.134664669632912 0.138482436537743 0.142372846603394 0.146335303783417 0.154507979750633 0.16439513862133 0.174649402499199 0.185259863734245 0.196215838193893 0.20750205218792 0.219103068113327 0.229566812515259 0.235756635665894 0.241811007261276 0.247712165117264 0.253446251153946 0.258996307849884 0.264349430799484 0.269489675760269 0.267328977584839 0.262228816747665 0.256526708602905 0.250258088111877 0.243464589118958 0.236188843846321 0.228476777672768 0.223088830709457 0.225387632846832 0.227184146642685 0.228466272354126 0.229227557778358 0.229464083909988 0.229173228144646 0.228357121348381 0.240875035524368 0.255421161651611 0.266591399908066 0.273975729942322 0.277305364608765 0.276458352804184 0.271465957164764
0.128540888428688 0.131446048617363 0.134393930435181 0.137383699417114 0.140415489673615 0.143489807844162 0.146605432033539 0.157767772674561 0.172238409519196 0.187402606010437 0.203215062618256 0.219620600342751 0.236557245254517 0.253952741622925 0.268498480319977 0.273348569869995 0.27797058224678 0.282353937625885 0.286487817764282 0.29036158323288 0.293966829776764 0.297292858362198 0.295799493789673 0.292088478803635 0.287632197141647 0.282458931207657 0.276601672172546 0.270098030567169 0.26299050450325 0.257099390029907 0.255916118621826 0.254074782133102 0.251587390899658 0.248470574617386 0.244742691516876 0.240428596735001 0.23555588722229 0.248089700937271 0.263731360435486 0.275601744651794 0.283234983682632 0.28633251786232 0.284775286912918 0.278624325990677
0.133611708879471 0.135768234729767 0.137941718101501 0.14013209939003 0.142338380217552 0.14456145465374 0.146800309419632 0.161007329821587 0.18016391992569 0.200306415557861 0.221282586455345 0.242914512753487 0.265002399682999 0.287330329418182 0.305003196001053 0.308437049388885 0.311560422182083 0.314365714788437 0.316846013069153 0.318994998931885 0.320807456970215 0.322279095649719 0.321682214736938 0.319693803787231 0.316833704710007 0.313119888305664 0.308576732873917 0.30323114991188 0.297118455171585 0.291065275669098 0.286537349224091 0.281123399734497 0.274865925312042 0.267814517021179 0.260025471448898 0.251561313867569 0.242490455508232 0.255029320716858 0.271759063005447 0.284264951944351 0.292020261287689 0.294700384140015 0.292196184396744 0.284609347581863
0.132223680615425 0.135296061635017 0.138428777456284 0.141623482108116 0.144880324602127 0.148199900984764 0.151583790779114 0.167941331863403 0.189673617482185 0.212418258190155 0.235916957259178 0.259875804185867 0.283975839614868 0.307887405157089 0.32580840587616 0.326785176992416 0.327321738004684 0.327414304018021 0.327063590288162 0.32627072930336 0.32503816485405 0.323369354009628 0.323132485151291 0.322677493095398 0.321328699588776 0.319094568490982 0.315988123416901 0.312030851840973 0.307246893644333 0.301744729280472 0.295485854148865 0.288158625364304 0.279830425977707 0.270581901073456 0.260500222444534 0.249684810638428 0.238238796591759 0.250757038593292 0.268246978521347 0.281451970338821 0.2897909283638 0.292900443077087 0.290646225214005 0.28312537074089
0.12425896525383 0.129925787448883 0.135780736804008 0.14182622730732 0.148063838481903 0.154495418071747 0.161121055483818 0.178639844059944 0.200656250119209 0.22348091006279 0.246828466653824 0.27038711309433 0.293828040361404 0.316816091537476 0.333111703395844 0.330852121114731 0.327873438596725 0.324190229177475 0.319819986820221 0.314786523580551 0.309114247560501 0.302831500768661 0.302262902259827 0.302994757890701 0.302893728017807 0.301960796117783 0.300201565027237 0.297627538442612 0.294255048036575 0.28972065448761 0.283024311065674 0.275224208831787 0.26640123128891 0.256649702787399 0.246072620153427 0.23478239774704 0.222899109125137 0.235291302204132 0.25310081243515 0.267005771398544 0.276385396718979 0.280823171138763 0.280125886201859 0.274322420358658
0.116358824074268 0.12455490976572 0.133108749985695 0.142015129327774 0.1512670814991 0.160855412483215 0.170768797397614 0.189353331923485 0.211491450667381 0.23420712351799 0.257194101810455 0.280126422643661 0.302669823169708 0.324492633342743 0.33912655711174 0.334114372730255 0.327949851751328 0.320683091878891 0.312374860048294 0.303092956542969 0.292917251586914 0.281935602426529 0.281050086021423 0.283014982938766 0.284204810857773 0.284612655639648 0.284234255552292 0.283072680234909 0.281135648488998 0.277580291032791 0.270428538322449 0.262144833803177 0.252825260162354 0.242578208446503 0.231523305177689 0.219790279865265 0.207515686750412 0.219674676656723 0.237638607621193 0.252083748579025 0.262355506420135 0.267992496490479 0.268741697072983 0.264570474624634
0.10857117921114 0.119201436638832 0.13041678071022 0.142190158367157 0.154488235712051 0.167268514633179 0.180481269955635 0.20001420378685 0.222099468111992 0.244510143995285 0.266922891139984 0.289003133773804 0.310416251420975 0.330838024616241 0.343795895576477 0.336553812026978 0.327550798654556 0.316902220249176 0.304743707180023 0.291234940290451 0.276555299758911 0.260905683040619 0.259726643562317 0.262931197881699 0.265419393777847 0.26717534661293 0.268185317516327 0.268443048000336 0.267947107553482 0.265369892120361 0.257754385471344 0.248987302184105 0.239179313182831 0.228456765413284 0.216957256197929 0.204827755689621 0.192222371697426 0.204050198197365 0.222006916999817 0.23682875931263 0.247838586568832 0.254532784223557 0.2566077709198 0.253968626260757
0.100939519703388 0.11388099193573 0.127707302570343 0.142351746559143 0.157725393772125 0.173720493912697 0.190211042761803 0.210551291704178 0.232400879263878 0.254306226968765 0.275930196046829 0.296935707330704 0.316993951797485 0.335791647434235 0.347078740596771 0.338155895471573 0.326678514480591 0.312854796648026 0.296945363283157 0.279257744550705 0.260137230157852 0.239963799715042 0.238520085811615 0.242931604385376 0.246691271662712 0.249772980809212 0.25215283036232 0.253814667463303 0.254746645689011 0.253138571977615 0.245059713721275 0.235818058252335 0.22554187476635 0.214376300573349 0.202478438615799 0.190012201666832 0.177149400115013 0.18855744600296 0.206348344683647 0.221385210752487 0.232974216341972 0.240577682852745 0.243845850229263 0.24262897670269
0.0935043171048164 0.108609341084957 0.124984227120876 0.142498880624771 0.160976961255074 0.180198863148689 0.199907332658768 0.220894932746887 0.242320314049721 0.263515830039978 0.28413799405098 0.303851753473282 0.322338879108429 0.339303195476532 0.34894585609436 0.338914036750793 0.32533386349678 0.308549523353577 0.288999199867249 0.267206609249115 0.243768095970154 0.219324693083763 0.217650517821312 0.223199859261513 0.228170976042747 0.232526704668999 0.236232832074165 0.239261850714684 0.241590723395348 0.240932047367096 0.232399642467499 0.222702383995056 0.211988925933838 0.200424641370773 0.188185080885887 0.175453260540962 0.162417232990265 0.173327714204788 0.190804347395897 0.205896750092506 0.217904090881348 0.22626456618309 0.230586633086205 0.230668231844902
0.0951195359230042 0.111478008329868 0.129284873604774 0.148376405239105 0.168529778718948 0.189467266201973 0.21086560189724 0.231188416481018 0.251051217317581 0.27059143781662 0.289535731077194 0.307617098093033 0.324583977460861 0.340201765298843 0.348660588264465 0.337082505226135 0.321591198444366 0.302628844976425 0.280758291482925 0.256644189357758 0.231028527021408 0.204694986343384 0.202507376670837 0.207972556352615 0.212917119264603 0.217303216457367 0.221096962690353 0.224270641803741 0.226799592375755 0.226604282855988 0.21932977437973 0.211095616221428 0.202011555433273 0.192200437188148 0.181791365146637 0.170919999480247 0.159726843237877 0.169625967741013 0.185328975319862 0.199007883667946 0.210105434060097 0.218167155981064 0.222861871123314 0.223996534943581
0.106221549212933 0.123001225292683 0.141136065125465 0.160479038953781 0.180832579731941 0.201956629753113 0.223573103547096 0.241923227906227 0.259066611528397 0.27598649263382 0.292517960071564 0.308502346277237 0.323784351348877 0.338217556476593 0.345549046993256 0.331763446331024 0.314488023519516 0.29419681429863 0.271463990211487 0.246945798397064 0.221353471279144 0.195417582988739 0.192441895604134 0.19667461514473 0.200418129563332 0.2036462277174 0.206333979964256 0.208462342619896 0.210016801953316 0.209867492318153 0.205716356635094 0.200909897685051 0.195491656661034 0.189511626958847 0.183022707700729 0.176083907485008 0.168757781386375 0.177166014909744 0.189742103219032 0.200665384531021 0.209608912467957 0.216301798820496 0.220541402697563 0.222199305891991
0.118128158152103 0.13526576757431 0.153674766421318 0.173225939273834 0.193749606609344 0.215039804577827 0.236861631274223 0.253064781427383 0.267268896102905 0.281329542398453 0.295159965753555 0.308675587177277 0.321791350841522 0.334428250789642 0.340150058269501 0.324460506439209 0.305716991424561 0.284411042928696 0.261116951704025 0.236471176147461 0.211144134402275 0.185806557536125 0.182096555829048 0.185114711523056 0.187675908207893 0.189762398600578 0.191359505057335 0.192455694079399 0.193044513463974 0.192995175719261 0.192095011472702 0.190750762820244 0.188970863819122 0.186766222119331 0.184149920940399 0.181138813495636 0.17775085568428 0.184667572379112 0.194135442376137 0.202326476573944 0.209069579839706 0.214221760630608 0.217673122882843 0.219352170825005
0.130823493003845 0.148258611559868 0.166892290115356 0.186613887548447 0.207280963659286 0.228721737861633 0.250739395618439 0.264619499444962 0.275658398866653 0.286616533994675 0.297454863786697 0.308134943246841 0.318621605634689 0.328876674175262 0.332540720701218 0.315275311470032 0.295393347740173 0.273392856121063 0.249837026000023 0.225332111120224 0.200498506426811 0.175943270325661 0.171563819050789 0.173402309417725 0.174819126725197 0.175803527235985 0.176349550485611 0.176453471183777 0.176115214824677 0.176205486059189 0.178571239113808 0.180659756064415 0.182461276650429 0.183966994285583 0.185171514749527 0.186068251729012 0.186654627323151 0.192101702094078 0.198504090309143 0.203990414738655 0.208487197756767 0.211931139230728 0.214275985956192 0.215489968657494
0.144281670451164 0.161959066987038 0.180773809552193 0.200635194778442 0.221425428986549 0.24300542473793 0.265212088823318 0.276592522859573 0.284236192703247 0.291840761899948 0.299394309520721 0.306885182857513 0.314301401376724 0.321631401777267 0.322835385799408 0.304338604211807 0.283656179904938 0.261281758546829 0.237756162881851 0.213647395372391 0.189520373940468 0.165912732481956 0.160933300852776 0.161645263433456 0.161974132061005 0.161917239427567 0.161474943161011 0.160649582743645 0.159447506070137 0.159703895449638 0.165247812867165 0.170679226517677 0.175976052880287 0.181118056178093 0.186084777116776 0.190856590867043 0.195414572954178 0.199440002441406 0.202842637896538 0.205657035112381 0.207861095666885 0.209437072277069 0.210372254252434 0.210659444332123
