resources/Exp000_Example-Run/Run01_M2/Trends/ENM/_Predictions/2005.asc
NCOLS 265 
NROWS 230 
XLLCORNER -115.5625 
YLLCORNER 24.8333333333333 
CELLSIZE 0.0833333333333333 
NODATA_value -9999 
[rows 20 to 39 of 230, columns 220 to 263 of 265]
0.0200060717761517 0.0196668617427349 0.0193280093371868 0.0189896766096354 0.0189890097826719 0.0200198721140623 0.0210826992988586 0.0221767202019691 0.0233010947704315 0.0244545880705118 0.0256360713392496 0.0268441382795572 0.0263837892562151 0.0253881271928549 0.024421788752079 0.0234844740480185 0.0225755870342255 0.0216946564614773 0.0208410825580359 0.0201452691107988 0.0198542159050703 0.0195667650550604 0.0192829538136721 0.0190027412027121 0.0187260955572128 0.0184529665857553 0.0181833263486624 0.018257562071085 0.01844622194767 0.0186356101185083 0.0188256483525038 0.0190163217484951 0.0192075408995152 0.0193994101136923 0.0188472718000412 0.0162669699639082 0.0139928366988897 0.0119964927434921 0.0102508086711168 0.00873020850121975 0.00741065666079521 0.00626989500597119 0.00520327594131231 0.0042790207080543
0.0195394996553659 0.0191960595548153 0.0188541859388351 0.0185140185058117 0.0185453370213509 0.0197154078632593 0.0209313537925482 0.0221926812082529 0.0234986804425716 0.0248483922332525 0.0262406524270773 0.0276740379631519 0.0271620433777571 0.0260274447500706 0.0249309930950403 0.0238720253109932 0.022849552333355 0.0218629371374846 0.0209111832082272 0.020086981356144 0.0195628218352795 0.0190504677593708 0.0185496527701616 0.0180601757019758 0.0175817776471376 0.017114382237196 0.0166577268391848 0.01654920168221 0.0165540110319853 0.016558138653636 0.0165616776794195 0.0165645331144333 0.0165668036788702 0.0165683906525373 0.0160260107368231 0.0140019999817014 0.0122007913887501 0.0106029408052564 0.00918984320014715 0.00794396083801985 0.00684884330257773 0.00588913820683956 0.00496712932363153 0.00415341788902879
0.0190806537866592 0.018732937052846 0.0183878242969513 0.0180454719811678 0.0181069001555443 0.0194106046110392 0.0207758899778128 0.0222026444971561 0.0236906353384256 0.0252391323447227 0.0268471464514732 0.0285133328288794 0.0279461592435837 0.0266658179461956 0.0254336632788181 0.0242485534399748 0.0231091137975454 0.0220142044126987 0.0209625978022814 0.0200104787945747 0.0192608423531055 0.0185348931699991 0.0178321320563555 0.0171519033610821 0.0164937768131495 0.0158571060746908 0.0152414664626122 0.0149785466492176 0.0148297008126974 0.0146817695349455 0.0145347444340587 0.0143886907026172 0.0142434984445572 0.0140992198139429 0.0135754635557532 0.0120151247829199 0.0106119066476822 0.00935300718992949 0.00822628103196621 0.00722030270844698 0.00632421439513564 0.00552792381495237 0.00473930593580008 0.00402973173186183
0.0186294391751289 0.0182773601263762 0.0179289393126965 0.0175842083990574 0.0176738128066063 0.0191056374460459 0.0206163693219423 0.0222067274153233 0.023876866325736 0.0256264768540859 0.0274550560861826 0.0293612685054541 0.0287351980805397 0.0273023899644613 0.0259289853274822 0.0246132910251617 0.0233535654842854 0.0221481043845415 0.0209951996803284 0.0199160240590572 0.0189488269388676 0.0180207788944244 0.0171307306736708 0.0162775926291943 0.0154602518305182 0.0146775944158435 0.0139285530894995 0.0135369002819061 0.0132616944611073 0.0129911676049232 0.0127252666279674 0.0124639431014657 0.0122071374207735 0.011954783461988 0.0114563619717956 0.0102785192430019 0.00920714531093836 0.00823434628546238 0.00735268974676728 0.00655507110059261 0.00583480391651392 0.0051855044439435 0.00451962044462562 0.00390800787135959
0.0193016100674868 0.0189969670027494 0.0186945088207722 0.0183942820876837 0.0185232982039452 0.019982036203146 0.0215182546526194 0.023132398724556 0.0248244889080524 0.0265941359102726 0.0284405276179314 0.0303623769432306 0.0296445284038782 0.0280921030789614 0.0266071651130915 0.0251878462731838 0.0238319300115108 0.0225375294685364 0.021302480250597 0.0201130211353302 0.0189454238861799 0.0178345795720816 0.0167784299701452 0.0157750509679317 0.01482252497226 0.0139189315959811 0.0130623755976558 0.0125890010967851 0.0122412359341979 0.0119018629193306 0.0115706697106361 0.0112474728375673 0.0109321838244796 0.0106245782226324 0.0101507836952806 0.00920901726931334 0.00834421813488007 0.00755126774311066 0.00682517001405358 0.00616127997636795 0.00555508164688945 0.00500234682112932 0.00442276895046234 0.00388182397000492
0.0212054960429668 0.0210146829485893 0.0208225734531879 0.020629158243537 0.0208156835287809 0.0221804287284613 0.0236017648130655 0.0250792801380157 0.0266123712062836 0.0281998850405216 0.029840724542737 0.0315331406891346 0.0306890159845352 0.0290533527731895 0.0274894200265408 0.0259950775653124 0.0245681460946798 0.0232066437602043 0.0219083875417709 0.0206221155822277 0.0192601103335619 0.0179743263870478 0.0167616698890924 0.0156188979744911 0.0145430080592632 0.0135310348123312 0.0125799290835857 0.0120574040338397 0.0116750076413155 0.0113032478839159 0.0109419925138354 0.0105908904224634 0.0102497367188334 0.00991830602288246 0.0094640702009201 0.00865633599460125 0.0079094460234046 0.00721962098032236 0.00658325105905533 0.00599686941131949 0.00545717123895884 0.00496101332828403 0.00443893996998668 0.00394692644476891
0.0232699327170849 0.023213978856802 0.0231536608189344 0.0230891685932875 0.0233409367501736 0.024576211348176 0.0258488524705172 0.0271578840911388 0.0285022407770157 0.0298806186765432 0.031291801482439 0.0327341258525848 0.0317576043307781 0.0300367940217257 0.0283918399363756 0.0268206037580967 0.0253208968788385 0.0238905176520348 0.0225272756069899 0.021140780299902 0.0195777658373117 0.0181134808808565 0.0167433228343725 0.0154625196009874 0.014266642741859 0.0131511781364679 0.0121118985116482 0.0115443412214518 0.0111306263133883 0.0107300123199821 0.0103421872481704 0.00996684934943914 0.0096035897731781 0.00925214774906635 0.00881687458604574 0.00813076086342335 0.00749184982851148 0.00689740665256977 0.00634490698575974 0.00583184696733952 0.00535584101453424 0.00491466093808413 0.00444998871535063 0.00400818465277553
0.0255053639411926 0.025607155635953 0.0257021430879831 0.0257903020828962 0.0261152386665344 0.0271815415471792 0.0282680410891771 0.0293737221509218 0.0304975137114525 0.0316382050514221 0.0327945575118065 0.033965215086937 0.0328503809869289 0.0310425348579884 0.0293147061020136 0.0276647172868252 0.0260903220623732 0.0245892833918333 0.0231593437492847 0.0216692350804806 0.0198983047157526 0.0182519555091858 0.0167233869433403 0.0153059959411621 0.0139934038743377 0.0127793755382299 0.0116580063477159 0.0110494345426559 0.0106075275689363 0.0101813292130828 0.00977037567645311 0.00937417149543762 0.00899233110249043 0.00862438790500164 0.00820749066770077 0.00763146067038178 0.00709114316850901 0.00658471090719104 0.00611039344221354 0.00566651066765189 0.00525138201192021 0.00486345309764147 0.00445591285824776 0.00406536273658276
0.0279226135462523 0.0282069109380245 0.0284825190901756 0.028749143704772 0.0291552450507879 0.0300084203481674 0.0308678038418293 0.0317326225340366 0.0326017998158932 0.0334744900465012 0.0343498326838017 0.0352266393601894 0.0339670665562153 0.0320704095065594 0.0302578937262297 0.0285273212939501 0.0268765352666378 0.0253030825406313 0.0238047521561384 0.0222074259072542 0.0202218238264322 0.0183897204697132 0.0167018640786409 0.0151492711156607 0.0137232672423124 0.0124155133962631 0.0112179722636938 0.0105721959844232 0.0101051097735763 0.00965639669448137 0.00922544486820698 0.00881168525665998 0.00841449201107025 0.0080333249643445 0.00763423554599285 0.0071574947796762 0.00670699775218964 0.00628153327852488 0.00587995303794742 0.00550114503130317 0.00514401216059923 0.00480754859745502 0.0044566597789526 0.00411828374490142
0.0305325593799353 0.0310261957347393 0.0315095260739326 0.0319820754230022 0.0324772819876671 0.0330688282847404 0.0336564853787422 0.0342398844659328 0.0348183438181877 0.0353911779820919 0.035958044230938 0.0365182235836983 0.035107683390379 0.0331205166876316 0.0312216393649578 0.0294086970388889 0.0276796501129866 0.0260320380330086 0.0244636032730341 0.0227554868906736 0.0205482430756092 0.0185267403721809 0.0166787691414356 0.0149924755096436 0.0134563511237502 0.0120595116168261 0.0107915224507451 0.0101121440529823 0.00962277501821518 0.00915450416505337 0.00870655383914709 0.00827816221863031 0.00786865502595901 0.00747730676084757 0.00709545286372304 0.00670801475644112 0.0063390526920557 0.00598787469789386 0.00565374735742807 0.00533602945506573 0.00503403088077903 0.00474712532013655 0.00445225322619081 0.00416673813015223
0.0328434891998768 0.0335879065096378 0.034323588013649 0.0350493937730789 0.0356713309884071 0.0360053442418575 0.0363288186490536 0.0366415567696095 0.0369432047009468 0.0372334644198418 0.0375120490789413 0.0377786532044411 0.0361324213445187 0.0339440256357193 0.0318595618009567 0.0298763122409582 0.027991471812129 0.026202131062746 0.0245053339749575 0.0226854272186756 0.0203933641314507 0.0183029975742102 0.0164002031087875 0.0146713871508837 0.0131037104874849 0.0116847204044461 0.0104027725756168 0.00971625093370676 0.0092217568308115 0.00874966755509377 0.0082991411909461 0.00786933954805136 0.00745946122333407 0.00706871598958969 0.00669562630355358 0.00633777678012848 0.00599661376327276 0.00567149603739381 0.00536181265488267 0.00506695359945297 0.00478637125343084 0.00451948214322329 0.00426985835656524 0.00403386913239956
0.0347583405673504 0.0357962176203728 0.0368319973349571 0.0378637611865997 0.0386601835489273 0.0387565083801746 0.038837019354105 0.0389016084372997 0.0389502085745335 0.0389826148748398 0.0389990620315075 0.038999404758215 0.0370268896222115 0.0345209091901779 0.0321493148803711 0.0299078729003668 0.0277924779802561 0.025798637419939 0.0239218771457672 0.0219972617924213 0.0197633802890778 0.0177275389432907 0.0158757418394089 0.014194524846971 0.0126710245385766 0.0112930154427886 0.010048883035779 0.0093790153041482 0.00889456924051046 0.00843238551169634 0.0079916063696146 0.00757139176130295 0.0071709300391376 0.00678944261744618 0.00641737040132284 0.00603833282366395 0.00567899039015174 0.0053385104984045 0.00501607591286302 0.0047108898870647 0.00442218594253063 0.00414921995252371 0.00393198244273663 0.00373797887004912
0.0367462858557701 0.0381086245179176 0.0394791439175606 0.0408553071320057 0.0418488346040249 0.0416745878756046 0.0414812155067921 0.0412690974771976 0.0410382635891438 0.0407893247902393 0.0405223146080971 0.0402379035949707 0.0379253588616848 0.035092931240797 0.0324292816221714 0.0299286283552647 0.0275847241282463 0.0253911856561899 0.0233417805284262 0.0213195476680994 0.0191444735974073 0.0171634331345558 0.0153626166284084 0.0137287471443415 0.012249025516212 0.0109114469960332 0.00970450043678284 0.00905115623027086 0.0085768299177289 0.00812460295855999 0.00769355287775397 0.00728288292884827 0.00689177308231592 0.00651944288983941 0.00614889990538359 0.00575100490823388 0.00537594733759761 0.0050225998274982 0.00468992860987782 0.00437691435217857 0.00408259173855186 0.00380598311312497 0.00361779727973044 0.00346109829843044
0.0388069562613964 0.0405266731977463 0.0422689877450466 0.0440304353833199 0.0452452041208744 0.044765543192625 0.0442657880485058 0.0437466949224472 0.0432090684771538 0.0426537171006203 0.0420814789831638 0.041493222117424 0.0388271026313305 0.0356595441699028 0.0326993465423584 0.0299384761601686 0.0273682605475187 0.0249801464378834 0.0227654781192541 0.0206526685506105 0.0185367725789547 0.0166107546538115 0.0148608740419149 0.0132739953696728 0.0118376212194562 0.0105398343876004 0.00936947856098413 0.008732576854527 0.00826841592788696 0.00782609451562166 0.0074047795496881 0.00700360117480159 0.00662176543846726 0.00625851610675454 0.00588993588462472 0.00547541957348585 0.00508691603317857 0.00472302595153451 0.00438245246186852 0.00406389869749546 0.00376617442816496 0.00348808499984443 0.00332591054029763 0.00320221274159849
0.0409401133656502 0.0430516190826893 0.0452047102153301 0.0473953112959862 0.0488574057817459 0.0480351522564888 0.0471945889294147 0.046337004750967 0.0454637780785561 0.0445762611925602 0.0436761640012264 0.0427648164331913 0.0397313199937344 0.036220196634531 0.0329591520130634 0.0299373064190149 0.0271433852612972 0.0245659854263067 0.0221933908760548 0.0199967976659536 0.0179405529052019 0.0160695593804121 0.0143703809008002 0.0128301875665784 0.0114366291090846 0.0101781226694584 0.00904366001486778 0.00842305272817612 0.00796910561621189 0.00753671210259199 0.00712507776916027 0.00673332810401917 0.00636070733889937 0.0060063973069191 0.00564021430909634 0.00521120009943843 0.00481140334159136 0.00443913135677576 0.00409276597201824 0.00377074582502246 0.00347162131220102 0.00319397100247443 0.00305499671958387 0.00296039041131735
0.0431452840566635 0.0456844605505466 0.0482897497713566 0.0509558208286762 0.0526932403445244 0.0514895021915436 0.0502718910574913 0.0490424185991287 0.0478034093976021 0.0465572997927666 0.0453059040009975 0.0440515466034412 0.0406373701989651 0.0367743335664272 0.0332083962857723 0.0299252979457378 0.0269104242324829 0.0241489391773939 0.0216258969157934 0.0193522963672876 0.0173559170216322 0.0155398938804865 0.0138912135735154 0.0123971942812204 0.0110459672287107 0.00982612557709217 0.00872689671814442 0.00812246836721897 0.00767869735136628 0.0072562419809401 0.00685423845425248 0.00647185416892171 0.00610833615064621 0.0057628839276731 0.00539952237159014 0.00495798513293266 0.00454890308901668 0.00417022407054901 0.00382000859826803 0.00349640590138733 0.00319765880703926 0.00292210443876684 0.00280378828756511 0.00273468624800444
0.0447277016937733 0.0474439151585102 0.0502358376979828 0.0530979260802269 0.0549206957221031 0.0534489750862122 0.0519678927958012 0.0504801198840141 0.0489889420568943 0.0474969334900379 0.0460068546235561 0.0445213466882706 0.0407816283404827 0.0366080105304718 0.0327820628881454 0.029285404831171 0.0260991156101227 0.0232041720300913 0.0205813702195883 0.0182841550558805 0.0164060425013304 0.0146969566121697 0.0131446747109294 0.0117373755201697 0.010463934391737 0.00931374169886112 0.00827679596841335 0.00770580815151334 0.00728609692305326 0.00688629178330302 0.00650563929229975 0.00614337436854839 0.00579881994053721 0.00547125283628702 0.00512011162936687 0.0046779615804553 0.00427017686888576 0.00389447901397943 0.00354868150316179 0.00323073542676866 0.00293866009451449 0.00267062755301595 0.00256096781231463 0.00250051589682698
0.0456263422966003 0.0482339933514595 0.0509079322218895 0.053642962127924 0.0553337745368481 0.0537390559911728 0.0521375313401222 0.0505324900150299 0.0489272028207779 0.0473247580230236 0.0457282103598118 0.0441404916346073 0.0401467829942703 0.0357186049222946 0.031691525131464 0.0280418004840612 0.0247449949383736 0.0217767804861069 0.0191130749881268 0.0168485548347235 0.0151394121348858 0.0135822398588061 0.0121661247685552 0.0108806658536196 0.00971584394574165 0.00866225361824036 0.00771096209064126 0.00718850875273347 0.00680488348007202 0.00643884250894189 0.00608978280797601 0.00575704639777541 0.0054400535300374 0.00513823609799147 0.00480773998424411 0.00437594344839454 0.00397906126454473 0.00361469178460538 0.00328050693497062 0.002974356058985 0.00269417185336351 0.00243803346529603 0.00232762494124472 0.00226254621520638
0.0465137958526611 0.0490035451948643 0.0515502206981182 0.0541487857699394 0.0557009242475033 0.053984772413969 0.0522646605968475 0.0505443885922432 0.0488272868096828 0.0471169874072075 0.0454169921576977 0.0437302142381668 0.0394903495907784 0.034820169210434 0.0306070856750011 0.0268208961933851 0.0234311614185572 0.0204074308276176 0.017720066010952 0.015497911721468 0.0139474719762802 0.0125329149886966 0.0112446276471019 0.0100734177976847 0.00901050120592117 0.00804754812270403 0.00717666046693921 0.0066996430978179 0.00634981645271182 0.00601541996002197 0.00569594372063875 0.00539087783545256 0.00509976409375668 0.00482209771871567 0.00451132794842124 0.00409049401059747 0.0037050184328109 0.00335233798250556 0.00303005985915661 0.00273588858544827 0.00246770167723298 0.00222347863018513 0.00211328105069697 0.00204488425515592
0.0473885722458363 0.0497514009475708 0.0521614365279675 0.0546144656836987 0.056021336466074 0.0541858822107315 0.0523492619395256 0.0505159460008144 0.0486896000802517 0.0468744076788425 0.0450737401843071 0.0432913936674595 0.0388139300048351 0.033914502710104 0.0295305363833904 0.0256244707852602 0.0221586804836988 0.0190963428467512 0.0164014082401991 0.0142300659790635 0.0128281386569142 0.0115470197051764 0.0103783244267106 0.00931403320282698 0.00834647659212351 0.00746835581958294 0.00667275162413716 0.00623821001499891 0.00591993378475308 0.00561509607359767 0.00532331736758351 0.00504416599869728 0.00477727316319942 0.00452224817126989 0.00423029065132141 0.00382092455402017 0.00344724650494754 0.00310657708905637 0.00279638567008078 0.00251432042568922 0.00225814362056553 0.00202577165327966 0.00191662658471614 0.00184606027323753
