resources/Exp000_Example-Run/Run01_M2/Trends/ENM/_Predictions/2005.asc
NCOLS 265 
NROWS 230 
XLLCORNER -115.5625 
YLLCORNER 24.8333333333333 
CELLSIZE 0.0833333333333333 
NODATA_value -9999 
[rows 20 to 39 of 230, columns 88 to 131 of 265]
0.181244224309921 0.178505212068558 0.182732969522476 0.186379417777061 0.189411863684654 0.191800847649574 0.193525359034538 0.194568008184433 0.194920346140862 0.202619299292564 0.212171092629433 0.220745623111725 0.228212207555771 0.234457403421402 0.2393858730793 0.242924302816391 0.242135882377625 0.228032991290092 0.20819191634655 0.184072449803352 0.157421544194221 0.130076467990875 0.103749260306358 0.0798224955797195 0.0739052668213844 0.0728951394557953 0.0714040175080299 0.0694607272744179 0.0671030879020691 0.0643753409385681 0.0613279901444912 0.0619956478476524 0.075939916074276 0.0923609286546707 0.111513525247574 0.133626788854599 0.158887505531311 0.187420725822449 0.219270959496498 0.247909814119339 0.274763196706772 0.301070898771286 0.326279997825623 0.349865347146988
0.177793398499489 0.175347074866295 0.178599983453751 0.18147499859333 0.183954834938049 0.186023101210594 0.187667995691299 0.18887834250927 0.189647570252419 0.198933318257332 0.210221230983734 0.220238417387009 0.228781312704086 0.235677897930145 0.240787148475647 0.24400720000267 0.241387292742729 0.222870007157326 0.199752658605576 0.173603519797325 0.146140575408936 0.119045004248619 0.0937677472829819 0.0713817626237869 0.065944604575634 0.0650664567947388 0.063772439956665 0.0620873235166073 0.0600421540439129 0.0576746612787247 0.0550275035202503 0.0557579100131989 0.0685930028557777 0.0837898552417755 0.101614117622375 0.122313790023327 0.14610256254673 0.173141986131668 0.203521013259888 0.230379715561867 0.255502790212631 0.280341058969498 0.304405480623245 0.32722407579422
0.173460707068443 0.171336099505424 0.173899933695793 0.17624194920063 0.178352236747742 0.180223315954208 0.181848630309105 0.183220863342285 0.18433590233326 0.195086017251015 0.207952469587326 0.219197615981102 0.228526458144188 0.235694155097008 0.240510985255241 0.242852002382278 0.238044425845146 0.215642526745796 0.189849123358727 0.162262931466103 0.134505718946457 0.108051285147667 0.0840711817145348 0.0633369982242584 0.0584478303790092 0.0577617064118385 0.0567042417824268 0.0552954971790314 0.0535619221627712 0.0515354722738266 0.0492531396448612 0.0500239059329033 0.0618029460310936 0.0758240520954132 0.0923604741692543 0.111674845218658 0.134003981947899 0.159541442990303 0.188417389988899 0.213473960757256 0.236808598041534 0.260060429573059 0.282806187868118 0.304625868797302
0.168306991457939 0.166527912020683 0.168678134679794 0.170711800456047 0.172624975442886 0.174413979053497 0.176074132323265 0.177602246403694 0.17899563908577 0.191087320446968 0.205373466014862 0.217630282044411 0.227450683712959 0.234505966305733 0.238562822341919 0.239485114812851 0.232196763157845 0.206532090902328 0.178708612918854 0.1502825319767 0.122721560299397 0.0972564965486526 0.0747720673680305 0.055759821087122 0.0514562129974365 0.0509972013533115 0.0501962676644325 0.0490689910948277 0.0476375482976437 0.0459296368062496 0.0439772233366966 0.0447694472968578 0.0555476397275925 0.0684451386332512 0.0837395191192627 0.101704388856888 0.122595585882664 0.146634742617607 0.173988446593285 0.197240218520164 0.218753889203072 0.240335553884506 0.261621356010437 0.28224578499794
0.166648015379906 0.165497362613678 0.168119788169861 0.170717343688011 0.173288866877556 0.175831213593483 0.178343310952187 0.180822446942329 0.183266013860703 0.194495230913162 0.20653235912323 0.215692475438118 0.221602082252502 0.224018573760986 0.222842618823051 0.218123435974121 0.206146433949471 0.18032243847847 0.153933852910995 0.128156676888466 0.104003697633743 0.0822456777095795 0.0633665919303894 0.0475643761456013 0.0445438139140606 0.044876504689455 0.0448970682919025 0.0446050465106964 0.04400634765625 0.0431132949888706 0.0419434681534767 0.0432184375822544 0.0536640174686909 0.0661738887429237 0.0810214281082153 0.0984771698713303 0.11879525333643 0.142198845744133 0.168859079480171 0.190904632210732 0.211006820201874 0.231159642338753 0.251043021678925 0.270330429077148
0.168795853853226 0.168656408786774 0.172591522336006 0.176503285765648 0.180386632680893 0.184236288070679 0.188047185540199 0.191814213991165 0.195532217621803 0.202936634421349 0.208366110920906 0.20988629758358 0.207423239946365 0.201097905635834 0.191220343112946 0.178273290395737 0.161485329270363 0.139805793762207 0.118754036724567 0.0989406183362007 0.0808371752500534 0.0647605508565903 0.0508693307638168 0.0391801446676254 0.0378526672720909 0.0393477752804756 0.0406036414206028 0.0415943562984467 0.0422994382679462 0.0427040830254555 0.0427996404469013 0.0450574494898319 0.0557945184409618 0.0686076283454895 0.0837591513991356 0.101504221558571 0.122078657150269 0.145682394504547 0.172461852431297 0.19387523829937 0.212978005409241 0.231992155313492 0.250621050596237 0.268566071987152
0.170589402318001 0.171610295772552 0.177065819501877 0.182340428233147 0.187411934137344 0.192256778478622 0.196854338049889 0.201183035969734 0.205224305391312 0.207747936248779 0.205756142735481 0.199232906103134 0.18855531513691 0.174339041113853 0.15739369392395 0.138661548495293 0.119832627475262 0.103485479950905 0.0881203562021255 0.0739805400371552 0.0612321346998215 0.0499635525047779 0.0401925705373287 0.0318768210709095 0.0318803898990154 0.0342976041138172 0.0365929938852787 0.0387202389538288 0.0406345464289188 0.0422938875854015 0.0436610691249371 0.0469357408583164 0.0579616725444794 0.0710721760988235 0.0865171700716019 0.104537047445774 0.125347822904587 0.149126395583153 0.175992697477341 0.196757569909096 0.214858859777451 0.23273965716362 0.250125825405121 0.266745179891586
0.172017425298691 0.174348622560501 0.181537270545959 0.188222631812096 0.194337591528893 0.199820220470428 0.204614698886871 0.208672299981117 0.211951553821564 0.208694383502007 0.198847815394402 0.184397473931313 0.166310429573059 0.145771041512489 0.124070055782795 0.102469675242901 0.0841286405920982 0.0730876922607422 0.0628819093108177 0.0535768382251263 0.0452060662209988 0.0377734452486038 0.0312578566372395 0.0256168264895678 0.0266118831932545 0.0297200940549374 0.0328638851642609 0.0359829887747765 0.0390118658542633 0.0418826155364513 0.0445272885262966 0.048852052539587 0.0601632334291935 0.0735641047358513 0.0892921909689903 0.107570953667164 0.12859708070755 0.152523621916771 0.179445847868919 0.199547067284584 0.216645568609238 0.233400404453278 0.24955703318119 0.26486948132515
0.173071041703224 0.176860257983208 0.186000466346741 0.194141656160355 0.201136365532875 0.206855431199074 0.211195096373558 0.214074492454529 0.215441912412643 0.20573066174984 0.188021525740623 0.16629832983017 0.142192587256432 0.117416106164455 0.093553751707077 0.0718797221779823 0.0558547340333462 0.0492495410144329 0.0431583561003208 0.0375876538455486 0.0325347222387791 0.0279882811009884 0.0239295922219753 0.0203344281762838 0.0220170244574547 0.0256026405841112 0.0294124707579613 0.0333818159997463 0.037431787699461 0.0414706021547318 0.0453976802527905 0.0508044585585594 0.0623969584703445 0.0760806128382683 0.0920800194144249 0.110601477324963 0.131820514798164 0.155868411064148 0.182814389467239 0.202239170670509 0.218337267637253 0.233974292874336 0.248916462063789 0.262938767671585
0.173745051026344 0.179134875535965 0.190449923276901 0.200091004371643 0.207781061530113 0.213297933340073 0.216482162475586 0.217241495847702 0.215554058551788 0.199000641703606 0.173871666193008 0.146030783653259 0.117737792432308 0.0910257771611214 0.067433312535286 0.0478517189621925 0.0350792557001114 0.0316752903163433 0.0285009443759918 0.0255544688552618 0.0228320620954037 0.0203280318528414 0.018035139888525 0.0159448236227036 0.0180544834583998 0.0219267476350069 0.0262321885675192 0.0309157446026802 0.0358942225575447 0.0410577803850174 0.0462721697986126 0.0527913607656956 0.0646600723266602 0.0786186382174492 0.0948765128850937 0.113623067736626 0.13501338660717 0.159154444932938 0.186091229319572 0.204829573631287 0.219931334257126 0.234460666775703 0.248203858733177 0.260955363512039
0.182591199874878 0.189461410045624 0.203193083405495 0.214625790715218 0.223341554403305 0.229022651910782 0.231462493538857 0.2305708527565 0.22638139128685 0.203205183148384 0.171060413122177 0.137758031487465 0.105971977114677 0.0777921304106712 0.0544680207967758 0.0363747887313366 0.025506280362606 0.0233915783464909 0.0214028675109148 0.0195381678640842 0.0177948977798223 0.0161698628216982 0.0146595453843474 0.0132598057389259 0.0156262703239918 0.0198361165821552 0.0247706547379494 0.0304293427616358 0.0367730930447578 0.0437187291681767 0.0511362142860889 0.0597717016935349 0.0724447220563889 0.0871971845626831 0.104211688041687 0.123647123575211 0.145626246929169 0.170223578810692 0.197453945875168 0.215613767504692 0.229893296957016 0.243652060627937 0.256720095872879 0.268935441970825
0.200313940644264 0.208489462733269 0.224768474698067 0.238241881132126 0.248376458883286 0.254772454500198 0.25717905163765 0.255502283573151 0.249807462096214 0.219928786158562 0.180387318134308 0.141205474734306 0.1053322032094 0.0748106092214584 0.050578311085701 0.0325598232448101 0.0221931971609592 0.0203708410263062 0.0186629593372345 0.0170660279691219 0.015576446428895 0.0141901932656765 0.0129030253738165 0.0117106689140201 0.0142478421330452 0.018852423876524 0.0245434921234846 0.0314359217882156 0.0396107919514179 0.0491003729403019 0.0598739609122276 0.0719073638319969 0.0857904478907585 0.101720623672009 0.119845978915691 0.140289559960365 0.163137704133987 0.188431441783905 0.216157004237175 0.233973801136017 0.247810676693916 0.261333465576172 0.27442854642868 0.286983728408813
0.218464270234108 0.22799751162529 0.24685075879097 0.262292712926865 0.273662567138672 0.280481517314911 0.282462894916534 0.279526114463806 0.271791487932205 0.23483407497406 0.187842056155205 0.143010824918747 0.103481732308865 0.0711251571774483 0.0464404597878456 0.0288231652230024 0.0191013813018799 0.0175542049109936 0.0161073002964258 0.0147566488012671 0.013498280197382 0.0123281376436353 0.0112419724464417 0.0102357026189566 0.0128438519313931 0.0176836829632521 0.0239456687122583 0.0318855084478855 0.0417455621063709 0.0537306144833565 0.0679794177412987 0.0836141332983971 0.0985280871391296 0.115449175238609 0.134498953819275 0.155770987272263 0.179325729608536 0.205178439617157 0.233296424150467 0.251038014888763 0.264811009168625 0.278451710939407 0.291878819465637 0.305014818906784
0.236876100301743 0.247796535491943 0.269190102815628 0.286454975605011 0.298801302909851 0.305674701929092 0.30677255988121 0.302045166492462 0.291701108217239 0.247468695044518 0.193188950419426 0.143114328384399 0.100481413304806 0.0668481066823006 0.0421614311635494 0.0252329353243113 0.0162620525807142 0.0149682424962521 0.0137591902166605 0.0126311872154474 0.0115803815424442 0.0106030525639653 0.00969551596790552 0.00885401759296656 0.01144690066576 0.0163705814629793 0.0230038277804852 0.0317540280520916 0.0430479757487774 0.0572994984686375 0.0748658627271652 0.0940202251076698 0.109794870018959 0.127544432878494 0.147369474172592 0.16934360563755 0.193505987524986 0.219855353236198 0.248340919613838 0.266396045684814 0.280590683221817 0.294782727956772 0.308908313512802 0.322902947664261
0.255373984575272 0.267687350511551 0.29152250289917 0.310395956039429 0.323388487100601 0.329884648323059 0.329585343599319 0.322502642869949 0.308966606855392 0.257447153329849 0.196257874369621 0.141513004899025 0.0964272618293762 0.0621055029332638 0.0378437899053097 0.0218446645885706 0.013694548048079 0.0126291550695896 0.0116329686716199 0.0107028046622872 0.00983548909425735 0.00902792159467936 0.00827696174383163 0.00757961766794324 0.0100860670208931 0.0149565562605858 0.0217595230787992 0.0310485530644655 0.0434367619454861 0.0595568120479584 0.0799991637468338 0.102284327149391 0.118772111833096 0.137222155928612 0.157721772789955 0.180328786373138 0.205066487193108 0.231919154524803 0.260823100805283 0.2796770632267 0.294869393110275 0.310116231441498 0.325355887413025 0.340522825717926
0.273773550987244 0.28746023774147 0.313577353954315 0.333779245615005 0.347026497125626 0.352664619684219 0.350422024726868 0.340406060218811 0.323105663061142 0.264469146728516 0.196951195597649 0.138259172439575 0.0914481952786446 0.0570312477648258 0.0335826389491558 0.0187011267989874 0.011407233774662 0.0105436434969306 0.0097344983369112 0.00897737964987755 0.00826988555490971 0.00760962860658765 0.0069942707195878 0.00642150174826384 0.00878595840185881 0.0134854530915618 0.0202656239271164 0.0298066027462482 0.0428876727819443 0.0603396333754063 0.0829636305570602 0.107701398432255 0.124776646494865 0.143832251429558 0.164945527911186 0.188164874911308 0.213500797748566 0.24092373251915 0.270357221364975 0.290565967559814 0.30739438533783 0.324257284402847 0.341070413589478 0.357751995325089
0.299213886260986 0.314416706562042 0.342037945985794 0.362439751625061 0.374539732933044 0.377728849649429 0.371848434209824 0.35719096660614 0.334503889083862 0.270392954349518 0.198903828859329 0.137875944375992 0.0900545939803123 0.0554841794073582 0.0322998985648155 0.0177975557744503 0.0107832541689277 0.00999053101986647 0.00924611929804087 0.00854791235178709 0.0078939413651824 0.0072821257635951 0.00671050325036049 0.0061771241016686 0.00852330587804317 0.01320896204561 0.0200247801840305 0.0296851042658091 0.043011013418436 0.0608780570328236 0.084127277135849 0.109651438891888 0.127457797527313 0.14735846221447 0.16942897439003 0.19370973110199 0.220200821757317 0.248852655291557 0.279563039541245 0.301675707101822 0.320563495159149 0.339397132396698 0.358058631420135 0.376431614160538
0.331065595149994 0.347666710615158 0.375557571649551 0.394597738981247 0.403776109218597 0.402633637189865 0.391224652528763 0.370129764080048 0.340483099222183 0.273297011852264 0.200906023383141 0.13956119120121 0.0916325151920319 0.0569354668259621 0.0335354283452034 0.0187572184950113 0.0115235326811671 0.010699450969696 0.00992448534816504 0.00919657479971647 0.00851368252187967 0.00787370838224888 0.00727468589320779 0.00671463459730148 0.00916993711143732 0.0140109602361917 0.020953606814146 0.0306607745587826 0.0438790060579777 0.0613866597414017 0.083910696208477 0.108759872615337 0.127397909760475 0.148322761058807 0.171610921621323 0.197296440601349 0.225359320640564 0.255722165107727 0.288239985704422 0.312980473041534 0.334610968828201 0.355954557657242 0.376822233200073 0.397032409906387
0.361105293035507 0.378645092248917 0.405953466892242 0.422739297151566 0.428122043609619 0.421832829713821 0.404184430837631 0.376112312078476 0.339237570762634 0.270403832197189 0.198826178908348 0.138548016548157 0.0915333032608032 0.0574080422520638 0.0342381559312344 0.0194497350603342 0.0121187642216682 0.0112756201997399 0.0104816230013967 0.00973472371697426 0.00903287250548601 0.00837402977049351 0.00775627046823502 0.00717761320993304 0.0096993837505579 0.0146050406619906 0.0215340685099363 0.0310795828700066 0.0438920669257641 0.0606295876204967 0.0818829238414764 0.105490617454052 0.124744534492493 0.146487548947334 0.170800402760506 0.197708517313004 0.227171927690506 0.259077221155167 0.293232798576355 0.321429431438446 0.346866995096207 0.371602118015289 0.395311295986176 0.417698055505753
0.388541042804718 0.406491219997406 0.432371586561203 0.44606739282608 0.446867316961288 0.434731751680374 0.410283297300339 0.374902427196503 0.330823421478271 0.261860311031342 0.192774534225464 0.134889885783195 0.0897621586918831 0.0568783544003963 0.034373614937067 0.0198428072035313 0.0125422552227974 0.0116931311786175 0.010892434976995 0.0101380590349436 0.0094281118363142 0.00876055005937815 0.00813351850956678 0.00754508003592491 0.0100866463035345 0.0149616459384561 0.0217358954250813 0.0309184044599533 0.0430493764579296 0.0586519613862038 0.0781682953238487 0.100045904517174 0.119646668434143 0.141947045922279 0.16703487932682 0.19492906332016 0.225569441914558 0.258803755044937 0.294385075569153 0.326835811138153 0.357158660888672 0.386203944683075 0.413424849510193 0.438340812921524
