resources/Exp000_Example-Run/Run01_M2/Trends/ENM/_Predictions/2005.asc
NCOLS 265 
NROWS 230 
XLLCORNER -115.5625 
YLLCORNER 24.8333333333333 
CELLSIZE 0.0833333333333333 
NODATA_value -9999 
[rows 180 to 199 of 230, columns 176 to 219 of 265]
0.311341047286987 0.335972487926483 0.361419945955276 0.383892267942429 0.395346075296402 0.406440228223801 0.417141050100327 0.427416115999222 0.437235891819 0.446571707725525 0.455401241779327 0.474459588527679 0.496373653411865 0.517410933971405 0.537455141544342 0.556403934955597 0.574173510074615 0.590696692466736 0.609585344791412 0.637792825698853 0.664001643657684 0.688092470169067 0.709996581077576 0.729692757129669 0.747193336486816 0.762540221214294 0.760582804679871 0.753060460090637 0.745268046855927 0.737204194068909 0.728867769241333 0.720262289047241 0.711386859416962 0.703975439071655 0.700592577457428 0.695507645606995 0.688709080219269 0.680180549621582 0.669910132884979 0.65788984298706 0.644119441509247 0.65367728471756 0.664842009544373 0.668575167655945
0.310165286064148 0.335698574781418 0.362092614173889 0.385088562965393 0.395759701728821 0.406143844127655 0.416213929653168 0.425944536924362 0.435311913490295 0.444293737411499 0.45287150144577 0.472071945667267 0.494348049163818 0.51587176322937 0.53652834892273 0.556213200092316 0.574840188026428 0.592338562011719 0.611678421497345 0.638591229915619 0.663698971271515 0.686899721622467 0.708130061626434 0.727363765239716 0.744609832763672 0.759897112846375 0.758188366889954 0.750954568386078 0.743420004844666 0.735585331916809 0.727447688579559 0.719008088111877 0.710268378257751 0.702975690364838 0.699743807315826 0.694790780544281 0.688106715679169 0.679675161838531 0.669485807418823 0.65752774477005 0.643802285194397 0.656598031520844 0.671059787273407 0.676956593990326
0.308923423290253 0.33538806438446 0.362734735012054 0.386238276958466 0.396109074354172 0.405753076076508 0.415151596069336 0.424284011125565 0.433132916688919 0.441679358482361 0.449910193681717 0.469183534383774 0.491753965616226 0.513693153858185 0.534884095191956 0.555221557617188 0.574617683887482 0.592994689941406 0.612709999084473 0.638308465480804 0.66228985786438 0.684563517570496 0.705073654651642 0.723791301250458 0.740718007087708 0.75587648153305 0.754475474357605 0.747631430625916 0.740453898906708 0.732942998409271 0.725094437599182 0.716908276081085 0.708385407924652 0.701270580291748 0.698187351226807 0.693362355232239 0.686783134937286 0.678435385227203 0.668308973312378 0.656394243240356 0.642689228057861 0.658916473388672 0.676856100559235 0.685008227825165
0.307615548372269 0.335038930177689 0.363347411155701 0.387342125177383 0.396392911672592 0.405269175767899 0.413954317569733 0.422436624765396 0.430700600147247 0.438732832670212 0.446522653102875 0.465797007083893 0.488597631454468 0.51087886095047 0.532524704933167 0.553429841995239 0.573504090309143 0.592666864395142 0.612678110599518 0.636943340301514 0.659770846366882 0.681081056594849 0.700822293758392 0.718965113162994 0.735505402088165 0.750456690788269 0.749428391456604 0.74307906627655 0.736360311508179 0.729269921779633 0.721802771091461 0.713957726955414 0.70573365688324 0.69885927438736 0.695923984050751 0.691220581531525 0.684737384319305 0.676461637020111 0.666380167007446 0.654487431049347 0.640782237052917 0.660633146762848 0.682231664657593 0.692727446556091
0.306240946054459 0.334653675556183 0.363929033279419 0.388399720191956 0.396611571311951 0.404690325260162 0.4126236140728 0.420403152704239 0.42801821231842 0.435457497835159 0.44271457195282 0.461920380592346 0.484883546829224 0.507432639598846 0.529452502727509 0.550840795040131 0.571501672267914 0.5913525223732 0.61158299446106 0.63449764251709 0.656142592430115 0.676448404788971 0.695367336273193 0.712871968746185 0.728952765464783 0.743616223335266 0.743023633956909 0.737281024456024 0.731126248836517 0.724556386470795 0.717565476894379 0.710151553153992 0.702312350273132 0.695736706256866 0.692948818206787 0.688362240791321 0.681967616081238 0.6737499833107 0.663699507713318 0.651809275150299 0.638080179691315 0.661748826503754 0.687186598777771 0.700112342834473
0.304802268743515 0.334230303764343 0.364481270313263 0.389411956071854 0.396765172481537 0.40401765704155 0.411159873008728 0.418186008930206 0.425088435411453 0.431858509778976 0.438492089509964 0.457558393478394 0.480616867542267 0.503359317779541 0.525675654411316 0.547458589076996 0.568613886833191 0.589055776596069 0.609425067901611 0.630969107151031 0.651400864124298 0.670658826828003 0.688699901103973 0.705497801303864 0.721038699150085 0.735325694084167 0.735238254070282 0.730218589305878 0.724737524986267 0.718791544437408 0.712374269962311 0.705483436584473 0.698115587234497 0.691900908946991 0.689261257648468 0.684787273406982 0.678471386432648 0.670299649238586 0.660263240337372 0.648357510566711 0.634582579135895 0.662263751029968 0.69172465801239 0.707165241241455
0.310075908899307 0.340448826551437 0.371630698442459 0.396829277276993 0.402566909790039 0.408203542232513 0.413735657930374 0.419158726930618 0.424468785524368 0.429661810398102 0.434733599424362 0.45278999209404 0.475064694881439 0.497086107730865 0.518755733966827 0.539976835250854 0.560663104057312 0.58073216676712 0.600980401039124 0.622917950153351 0.643775343894958 0.663485944271088 0.682000696659088 0.69928628206253 0.715325057506561 0.730112671852112 0.730768918991089 0.72656375169754 0.721885681152344 0.71673047542572 0.711094200611115 0.704972982406616 0.698363602161407 0.693246722221375 0.692720592021942 0.690316677093506 0.68602865934372 0.679846048355103 0.671757280826569 0.661750912666321 0.64982008934021 0.679381370544434 0.707809448242188 0.719105958938599
0.322139590978622 0.353293567895889 0.385261863470078 0.410453677177429 0.413781017065048 0.416996240615845 0.42009711265564 0.423083394765854 0.425950974225998 0.4286989569664 0.431326359510422 0.447542935609818 0.468189299106598 0.488611817359924 0.50872939825058 0.528463244438171 0.54774022102356 0.566492736339569 0.586384475231171 0.61054939031601 0.633565127849579 0.655334949493408 0.675789773464203 0.694878041744232 0.71257096529007 0.728858768939972 0.730454325675964 0.727057158946991 0.723213374614716 0.718919634819031 0.714172065258026 0.708966970443726 0.703301548957825 0.699918925762177 0.703371345996857 0.704856097698212 0.704378485679626 0.701936721801758 0.697522759437561 0.691122770309448 0.682719826698303 0.711091995239258 0.732038140296936 0.730791985988617
0.334219247102737 0.36605167388916 0.39867490530014 0.42372390627861 0.424590080976486 0.425342381000519 0.425978422164917 0.426499396562576 0.42690521478653 0.427194178104401 0.427367985248566 0.441731512546539 0.460731476545334 0.479531794786453 0.498065322637558 0.516268193721771 0.534079194068909 0.551444828510284 0.570931315422058 0.597391486167908 0.622644364833832 0.646563947200775 0.669049024581909 0.69002765417099 0.709454417228699 0.727307021617889 0.729856133460999 0.727257251739502 0.724231421947479 0.720774471759796 0.716883480548859 0.712555289268494 0.707786560058594 0.706075131893158 0.713365972042084 0.718543946743011 0.721630692481995 0.722640633583069 0.72157871723175 0.718439519405365 0.713208675384521 0.739420473575592 0.751417100429535 0.735429763793945
0.346287548542023 0.378688365221024 0.411826431751251 0.436595767736435 0.434962034225464 0.433218419551849 0.431364834308624 0.429400712251663 0.427329689264297 0.425150454044342 0.42286616563797 0.435370415449142 0.45271173119545 0.469868689775467 0.486789673566818 0.503421127796173 0.519716918468475 0.535629510879517 0.554660439491272 0.583463251590729 0.611025869846344 0.637176275253296 0.661778509616852 0.684732794761658 0.705970764160156 0.72545850276947 0.728974163532257 0.727166593074799 0.724942624568939 0.722298979759216 0.719233214855194 0.715741217136383 0.711822926998138 0.711715996265411 0.722704768180847 0.731374680995941 0.737767994403839 0.741921007633209 0.743859887123108 0.743597626686096 0.741132378578186 0.764338135719299 0.766126215457916 0.733105421066284
0.358316093683243 0.391169995069504 0.424675703048706 0.449027925729752 0.444868355989456 0.440605819225311 0.436241865158081 0.43178054690361 0.427223473787308 0.422572672367096 0.417832344770432 0.428475081920624 0.444147616624832 0.459646999835968 0.474931925535202 0.48995965719223 0.504692792892456 0.519095182418823 0.537618458271027 0.56879460811615 0.598722457885742 0.627177119255066 0.653979539871216 0.678991734981537 0.702119052410126 0.723310768604279 0.727807939052582 0.726783812046051 0.725346446037292 0.723492801189423 0.721220135688782 0.71852844953537 0.715414464473724 0.716847479343414 0.731394231319427 0.743353009223938 0.752789080142975 0.759766817092896 0.764341413974762 0.766552746295929 0.766420960426331 0.785910069942474 0.776362061500549 0.723774969577789
0.370279252529144 0.403461694717407 0.437183231115341 0.460981369018555 0.45428004860878 0.447484970092773 0.440600961446762 0.433633178472519 0.42658594250679 0.419466614723206 0.412279814481735 0.421062916517258 0.435063183307648 0.448894917964935 0.462525546550751 0.475921511650085 0.489055395126343 0.501897692680359 0.519863843917847 0.553418457508087 0.585750579833984 0.616573452949524 0.645651340484619 0.672802090644836 0.697898805141449 0.720862448215485 0.726356208324432 0.726108849048615 0.725443303585052 0.72435599565506 0.722848415374756 0.72091680765152 0.71856153011322 0.7214714884758 0.739439010620117 0.754484117031097 0.766698956489563 0.776181936264038 0.78302538394928 0.787304699420929 0.789070665836334 0.804271697998047 0.782290995121002 0.707284808158875
0.387091398239136 0.420456498861313 0.454201400279999 0.477529942989349 0.469297409057617 0.460963010787964 0.452532023191452 0.444013625383377 0.435414969921112 0.426744639873505 0.418011009693146 0.425671935081482 0.438662022352219 0.451456546783447 0.464027762413025 0.476348370313644 0.488393425941467 0.500138521194458 0.517384469509125 0.551336169242859 0.58402419090271 0.615150511264801 0.644471526145935 0.67179673910141 0.696996927261353 0.719996809959412 0.726007640361786 0.726462602615356 0.726509690284729 0.726149320602417 0.725380778312683 0.724203646183014 0.722617447376251 0.72730278968811 0.74958324432373 0.768263399600983 0.783485054969788 0.79541140794754 0.804200828075409 0.809991300106049 0.812879920005798 0.817314326763153 0.776637434959412 0.67425125837326
0.409147799015045 0.442576050758362 0.476193755865097 0.499181479215622 0.490424662828445 0.48152294754982 0.472487986087799 0.46332636475563 0.454050302505493 0.444669008255005 0.435191780328751 0.442453742027283 0.455115556716919 0.46752542257309 0.479656279087067 0.491483300924301 0.502982199192047 0.514131367206573 0.5305295586586 0.562906265258789 0.593894004821777 0.623239278793335 0.650736391544342 0.676236629486084 0.699642419815063 0.720900237560272 0.726933360099792 0.728010535240173 0.728713274002075 0.729039788246155 0.728992640972137 0.728569388389587 0.727772414684296 0.734533190727234 0.761917591094971 0.78456723690033 0.802728176116943 0.81669020652771 0.82673305273056 0.833094894886017 0.835940659046173 0.824108004570007 0.758102893829346 0.623611688613892
0.431587815284729 0.464984685182571 0.498377174139023 0.520945906639099 0.511653363704681 0.502157211303711 0.492468327283859 0.482598423957825 0.472559541463852 0.462364822626114 0.452027767896652 0.458885550498962 0.471251606941223 0.483304888010025 0.495020151138306 0.506373226642609 0.517342209815979 0.527906715869904 0.543461978435516 0.574270069599152 0.603576242923737 0.631166398525238 0.656872391700745 0.680578768253326 0.702215313911438 0.721749842166901 0.727800965309143 0.729489684104919 0.730829894542694 0.731825172901154 0.732475519180298 0.732780992984772 0.732742190361023 0.741520047187805 0.773731589317322 0.799868822097778 0.820336282253265 0.83560574054718 0.84612774848938 0.852266907691956 0.85425466299057 0.826742112636566 0.733346581459045 -9999
0.454336434602737 0.48761060833931 0.520677447319031 0.542752504348755 0.532918035984039 0.522800981998444 0.512411952018738 0.501767635345459 0.49088129401207 0.479771345853806 0.468453228473663 0.47490793466568 0.487017512321472 0.498748600482941 0.510078728199005 0.520983695983887 0.53144359588623 0.541439712047577 0.556161880493164 0.585415124893188 0.613063752651215 0.638929843902588 0.662878334522247 0.684823870658875 0.704716742038727 0.722546696662903 0.728610694408417 0.730897724628448 0.732862412929535 0.734506368637085 0.735831081867218 0.736838757991791 0.737528204917908 0.748263835906982 0.785022139549255 0.814173340797424 0.836348176002502 0.852270364761353 0.862607300281525 0.867861032485962 0.868308126926422 0.825293481349945 0.702081620693207 -9999
0.477315157651901 0.510374546051025 0.543019711971283 0.564529120922089 0.554151594638824 0.54338926076889 0.532257378101349 0.520773410797119 0.508956074714661 0.496826410293579 0.484406679868698 0.490461856126785 0.50236189365387 0.513814449310303 0.524794220924377 0.53528219461441 0.545258104801178 0.554705500602722 0.568609416484833 0.596328496932983 0.622350215911865 0.646525740623474 0.668752729892731 0.688969969749451 0.707147419452667 0.72328907251358 0.729362666606903 0.73223614692688 0.734810054302216 0.737083852291107 0.739061713218689 0.740742862224579 0.742130994796753 0.754765868186951 0.795792281627655 0.827496409416199 0.850821435451508 0.866822838783264 0.876417696475983 0.880240082740784 0.878558814525604 0.819721102714539 0.664197325706482 -9999
0.500438332557678 0.53319638967514 0.56532746553421 0.586205840110779 0.575287222862244 0.563860476016998 0.551945388317108 0.539559662342072 0.526727616786957 0.513476073741913 0.499831110239029 0.50549727678299 0.517240643501282 0.528460621833801 0.539132356643677 0.549238681793213 0.558760285377502 0.567681610584259 0.580787599086761 0.606999814510345 0.631427586078644 0.653951108455658 0.674495577812195 0.693017423152924 0.709508240222931 0.72397792339325 0.730057060718536 0.733506441116333 0.73667311668396 0.739558041095734 0.742165565490723 0.74449622631073 0.746552228927612 0.761028409004211 0.806044042110443 0.839858055114746 0.86383044719696 0.879418134689331 0.8878133893013 0.889743864536285 0.885385632514954 0.809864521026611 0.619885981082916 -9999
0.483677595853806 0.51406979560852 0.543945848941803 0.564353287220001 0.557952105998993 0.551073491573334 0.543723523616791 0.535913348197937 0.527650952339172 0.518949329853058 0.509820640087128 0.517773270606995 0.530983805656433 0.543568134307861 0.555494129657745 0.566739737987518 0.577281177043915 0.587103486061096 0.600868940353394 0.627338409423828 0.652021706104279 0.674809753894806 0.695639550685883 0.71447879076004 0.731330156326294 0.746216475963593 0.750768005847931 0.752104580402374 0.753244698047638 0.754188597202301 0.75493723154068 0.755491316318512 0.755850672721863 0.771407425403595 0.823023617267609 0.85984206199646 0.884218990802765 0.898492991924286 0.904356598854065 0.902576923370361 0.892916917800903 0.800718069076538 0.581735134124756 0.31197252869606
0.427387237548828 0.452856212854385 0.478050500154495 0.497609376907349 0.501138746738434 0.504297316074371 0.50708395242691 0.509493589401245 0.51152491569519 0.513177692890167 0.514447152614594 0.527444779872894 0.543785989284515 0.559341132640839 0.574062287807465 0.587911546230316 0.600857257843018 0.612876772880554 0.6286181807518 0.656954884529114 0.683484852313995 0.70809668302536 0.730720221996307 0.751330614089966 0.769938588142395 0.786581933498383 0.788244247436523 0.785177230834961 0.781953632831573 0.778572022914886 0.775030374526978 0.771326720714569 0.767459869384766 0.783326029777527 0.844269037246704 0.884479522705078 0.908457696437836 0.920192301273346 0.922038435935974 0.914390325546265 0.895654380321503 0.786289274692535 0.546762347221375 -9999
