resources/Exp000_Example-Run/Run01_M2/Trends/ENM/_Predictions/2010.asc
NCOLS 265 
NROWS 230 
XLLCORNER -115.5625 
YLLCORNER 24.8333333333333 
CELLSIZE 0.0833333333333333 
NODATA_value -9999 
[rows 140 to 159 of 230, columns 132 to 175 of 265]
0.531960666179657 0.532154142856598 0.530217409133911 0.522686958312988 0.514942348003387 0.506989002227783 0.498837560415268 0.490494608879089 0.481968551874161 0.473268777132034 0.479755640029907 0.491425365209579 0.503182470798492 0.51501876115799 0.526924967765808 0.538892090320587 0.550906300544739 0.56690263748169 0.594446063041687 0.62140154838562 0.6476189494133 0.672967076301575 0.697331070899963 0.720608830451965 0.742722034454346 0.772704660892487 0.803175568580627 0.830802083015442 0.855535447597504 0.877408921718597 0.896531105041504 0.91306346654892 0.924111843109131 0.92495846748352 0.925700902938843 0.926342904567719 0.92688524723053 0.927329003810883 0.927675306797028 0.927925229072571 0.933848917484283 0.940575957298279 0.946177423000336 0.950790762901306
0.543121576309204 0.541814148426056 0.53854900598526 0.530004858970642 0.521257519721985 0.512317776679993 0.503193497657776 0.493894279003143 0.484429836273193 0.474809974431992 0.480865806341171 0.492241412401199 0.50368332862854 0.515182018280029 0.526728570461273 0.538313150405884 0.549925565719604 0.565627753734589 0.59326559305191 0.620328366756439 0.646669328212738 0.672154784202576 0.696666717529297 0.720100462436676 0.742375016212463 0.772791028022766 0.803739726543427 0.831775367259979 0.85684472322464 0.878982365131378 0.898293554782867 0.914947807788849 0.925931513309479 0.926313579082489 0.926598727703094 0.926786243915558 0.926877200603485 0.926872074604034 0.926770329475403 0.926572263240814 0.932821810245514 0.94001978635788 0.945984542369843 0.950872242450714
0.554151713848114 0.551371991634369 0.54679012298584 0.537224352359772 0.527464032173157 0.517523288726807 0.507410407066345 0.497135818004608 0.486714512109756 0.476157397031784 0.481792062520981 0.492893218994141 0.504033207893372 0.515202701091766 0.526391088962555 0.537592172622681 0.548794388771057 0.56419426202774 0.591931283473969 0.619109809398651 0.645580172538757 0.671208202838898 0.695867836475372 0.719457805156708 0.741892516613007 0.77275413274765 0.804191410541534 0.832648932933807 0.858064770698547 0.880470097064972 0.89997386932373 0.916751861572266 0.927673637866974 0.927597045898438 0.927424192428589 0.927152752876282 0.926783919334412 0.926314830780029 0.92574542760849 0.925075054168701 0.931672155857086 0.939372718334198 0.945723056793213 0.950901091098785
0.565041601657867 0.560818135738373 0.554935693740845 0.544340968132019 0.533558368682861 0.522603213787079 0.511485040187836 0.500221073627472 0.488822788000107 0.477307677268982 0.482534438371658 0.493379473686218 0.504229247570038 0.515077769756317 0.525912463665009 0.536727011203766 0.5475093126297 0.562599062919617 0.590444505214691 0.617745637893677 0.644352674484253 0.670122921466827 0.694934546947479 0.718681156635284 0.741276741027832 0.772592604160309 0.804532408714294 0.833423316478729 0.859193861484528 0.881874620914459 0.901575565338135 0.918478906154633 0.929338455200195 0.928809881210327 0.928179144859314 0.927444875240326 0.926604092121124 0.925656378269196 0.924598693847656 0.923428118228912 0.930398404598236 0.938634395599365 0.945393621921539 0.950877666473389
0.566489398479462 0.561316668987274 0.554648995399475 0.543642520904541 0.532477080821991 0.521162271499634 0.509714245796204 0.498144894838333 0.486471265554428 0.474705368280411 0.479848355054855 0.490648150444031 0.50144350528717 0.512223303318024 0.52298104763031 0.533705651760101 0.544387876987457 0.559456646442413 0.587592661380768 0.615234553813934 0.64222264289856 0.668413579463959 0.693676114082336 0.717896401882172 0.740980565547943 0.772594094276428 0.804766058921814 0.833880364894867 0.85985666513443 0.882717788219452 0.902569890022278 0.91958874464035 0.930467486381531 0.92974454164505 0.928911924362183 0.927967250347137 0.92690771818161 0.925730764865875 0.924433946609497 0.92301207780838 0.93008154630661 0.938478112220764 0.945344090461731 0.950890421867371
0.558491349220276 0.552880942821503 0.54595810174942 0.535170078277588 0.524266004562378 0.51325386762619 0.502148747444153 0.490960091352463 0.479703426361084 0.468390375375748 0.473753899335861 0.484704345464706 0.495662331581116 0.506619155406952 0.517567574977875 0.528493881225586 0.539390027523041 0.554736137390137 0.583348095417023 0.611548602581024 0.639173686504364 0.666066825389862 0.692085981369019 0.717103004455566 0.741007566452026 0.77277797460556 0.804926872253418 0.834063470363617 0.860100030899048 0.883045852184296 0.902997434139252 0.920119762420654 0.931088089942932 0.930423855781555 0.92964118719101 0.928739488124847 0.927714347839355 0.926564157009125 0.925284922122955 0.92387193441391 0.93075430393219 0.938921332359314 0.945579886436462 0.950939059257507
0.550342500209808 0.544350862503052 0.537210881710052 0.526648700237274 0.516006112098694 0.505292415618896 0.494515478610992 0.483690679073334 0.472824662923813 0.461932212114334 0.467506587505341 0.478601187467575 0.48971751332283 0.500845193862915 0.511974275112152 0.523094952106476 0.53419703245163 0.549811899662018 0.578912377357483 0.607685804367065 0.635959386825562 0.663566768169403 0.690352082252502 0.716173350811005 0.740905284881592 0.772863388061523 0.805022120475769 0.834206223487854 0.860316932201385 0.883354246616364 0.903403639793396 0.920623362064362 0.931674897670746 0.931065201759338 0.930328547954559 0.929462492465973 0.92846417427063 0.927330076694489 0.926056802272797 0.92464017868042 0.931342542171478 0.939293444156647 0.945756077766418 0.950936198234558
0.542044878005981 0.535730063915253 0.528413355350494 0.518082976341248 0.50770229101181 0.497278720140457 0.486819624900818 0.476337969303131 0.465841293334961 0.455337971448898 0.461111694574356 0.472346842288971 0.483614772558212 0.494904577732086 0.506208181381226 0.517514109611511 0.528810083866119 0.544687926769257 0.574288964271545 0.603647291660309 0.632580935955048 0.660912871360779 0.68847393989563 0.715107619762421 0.740671992301941 0.77284961938858 0.805054366588593 0.834307730197906 0.860507011413574 0.883640646934509 0.903788268566132 0.921098947525024 0.932226777076721 0.931668162345886 0.930972754955292 0.93013596534729 0.929156482219696 0.928028881549835 0.926751136779785 0.925316751003265 0.931847810745239 0.939595520496368 0.945872604846954 0.950880825519562
0.53360790014267 0.527025461196899 0.519570648670197 0.50948029756546 0.499359577894211 0.489219576120377 0.479066997766495 0.468908369541168 0.45875546336174 0.448614448308945 0.454573839902878 0.465942740440369 0.477356523275375 0.48880198597908 0.500269949436188 0.511751055717468 0.523232042789459 0.539368808269501 0.569481551647186 0.599435031414032 0.629039883613586 0.658104956150055 0.68645167350769 0.713904976844788 0.740307092666626 0.772739410400391 0.805021286010742 0.834370076656342 0.860670685768127 0.883907377719879 0.904151678085327 0.921549022197723 0.932745039463043 0.932235360145569 0.93157547712326 0.930762529373169 0.929793000221252 0.928663372993469 0.927368938922882 0.925904631614685 0.932270228862762 0.939827919006348 0.945929646492004 0.950774490833282
0.525036513805389 0.518242359161377 0.510688543319702 0.500842571258545 0.490984499454498 0.481119841337204 0.471259385347366 0.461409002542496 0.451573640108109 0.441764146089554 0.447899490594864 0.459397286176682 0.470948308706284 0.482541710138321 0.494166672229767 0.505812108516693 0.517466902732849 0.533854603767395 0.564487993717194 0.595046937465668 0.62533289194107 0.65514487028122 0.684284269809723 0.712565720081329 0.739810705184937 0.772530913352966 0.80492514371872 0.8343905210495 0.860807657241821 0.88415253162384 0.904493927955627 0.921972095966339 0.933230698108673 0.932766079902649 0.932137131690979 0.931341767311096 0.930374920368195 0.929233014583588 0.927911639213562 0.926403522491455 0.932612240314484 0.939991414546967 0.945927321910858 0.950615882873535
0.515424072742462 0.509488999843597 0.502814531326294 0.493939191102982 0.485058605670929 0.47617518901825 0.467296093702316 0.458427578210831 0.449572116136551 0.440736830234528 0.44694522023201 0.458242237567902 0.469622820615768 0.4810771048069 0.492598533630371 0.504176020622253 0.515799641609192 0.532236397266388 0.563100636005402 0.593963623046875 0.624620616436005 0.65486478805542 0.684488475322723 0.713295102119446 0.741092622280121 0.773638129234314 0.805664956569672 0.834825456142426 0.861003875732422 0.88417261838913 0.904394388198853 0.921801388263702 0.933055102825165 0.932676672935486 0.932126224040985 0.931401789188385 0.930498361587524 0.929412603378296 0.928139328956604 0.926672756671906 0.932733476161957 0.939940273761749 0.945739269256592 0.95031875371933
0.504142820835114 0.500018835067749 0.495138764381409 0.488018780946732 0.480884462594986 0.473736077547073 0.466579556465149 0.459415376186371 0.452248841524124 0.445080786943436 0.451364994049072 0.462235331535339 0.473218113183975 0.484306037425995 0.495492786169052 0.506771981716156 0.518132388591766 0.534384667873383 0.565240859985352 0.596146404743195 0.626896977424622 0.657288253307343 0.687106728553772 0.716148436069489 0.744211256504059 0.776099860668182 0.807251930236816 0.835662186145782 0.86122465133667 0.883912324905396 0.9037806391716 0.920952260494232 0.932128608226776 0.931880295276642 0.931458413600922 0.930862069129944 0.930086851119995 0.929131269454956 0.927988827228546 0.926655769348145 0.93257600069046 0.939612329006195 0.945299029350281 0.9498131275177
0.491923421621323 0.489512473344803 0.486368656158447 0.48108121752739 0.475759208202362 0.470402956008911 0.465017437934875 0.45960259437561 0.454158931970596 0.44869127869606 0.455183804035187 0.465765058994293 0.476452976465225 0.487241566181183 0.498125642538071 0.509095788002014 0.520145654678345 0.536173045635223 0.567088544368744 0.598100244998932 0.629002809524536 0.659587383270264 0.689636051654816 0.718935787677765 0.747279465198517 0.778514742851257 0.808789730072021 0.836440682411194 0.861370027065277 0.883557498455048 0.903050899505615 0.919962465763092 0.931046187877655 0.930927515029907 0.930635154247284 0.930166661739349 0.929519951343536 0.928691029548645 0.927677810192108 0.926474690437317 0.932259440422058 0.939131736755371 0.944709658622742 0.949158251285553
0.478809058666229 0.478004813194275 0.47653990983963 0.473149925470352 0.469698905944824 0.466186076402664 0.462615311145782 0.458986431360245 0.4553003013134 0.451558113098145 0.458390533924103 0.468822211027145 0.479322344064713 0.489880383014679 0.500492215156555 0.511147439479828 0.521839737892151 0.537598311901093 0.568645536899567 0.59982705116272 0.630936861038208 0.66176176071167 0.692077100276947 0.721660852432251 0.750294923782349 0.780882477760315 0.810279130935669 0.837161302566528 0.861442685127258 0.88310694694519 0.902202188968658 0.91882973909378 0.92980146408081 0.929815948009491 0.929653465747833 0.929313123226166 0.92879331111908 0.928091704845428 0.927205085754395 0.926129162311554 0.93178391456604 0.938496053218842 0.943966746330261 0.948350310325623
0.464851796627045 0.465542495250702 0.465688794851303 0.464253485202789 0.462723165750504 0.461099117994308 0.459381490945816 0.457570999860764 0.455667972564697 0.453673452138901 0.460978865623474 0.471404880285263 0.481822490692139 0.492220103740692 0.502591729164124 0.512925386428833 0.523214936256409 0.538659691810608 0.569909930229187 0.601326942443848 0.632701516151428 0.663812160491943 0.694429695606232 0.724322080612183 0.753260552883148 0.783205687999725 0.811720073223114 0.837823748588562 0.861441433429718 0.882561922073364 0.90123176574707 0.917548954486847 0.928391695022583 0.928540527820587 0.92850911617279 0.928297698497772 0.92790561914444 0.927330017089844 0.926568508148193 0.925617933273315 0.93114697933197 0.937702298164368 0.943067371845245 0.947384834289551
0.450107872486115 0.452178508043289 0.453859031200409 0.454424291849136 0.4548559486866 0.455155611038208 0.455322414636612 0.455357164144516 0.455259412527084 0.455029278993607 0.462944537401199 0.47350800037384 0.483949333429337 0.494258880615234 0.504422843456268 0.514428317546844 0.524266242980957 0.539354801177979 0.570879876613617 0.602597951889038 0.634293377399445 0.66573828458786 0.696692824363708 0.726918280124664 0.756173729896545 0.78548139333725 0.813113152980804 0.838428854942322 0.861366331577301 0.881920754909515 0.900140166282654 0.916118264198303 0.926809132099152 0.927095770835876 0.927197575569153 0.927117109298706 0.926851749420166 0.926402747631073 0.925765752792358 0.924939692020416 0.930344641208649 0.936746776103973 0.942005932331085 0.946256279945374
0.439072340726852 0.442210644483566 0.445192277431488 0.447760283946991 0.450186312198639 0.452468782663345 0.454606890678406 0.456598669290543 0.45844367146492 0.460140615701675 0.468671679496765 0.479361087083817 0.489864885807037 0.500168979167938 0.510258674621582 0.520120859146118 0.529745221138 0.544453263282776 0.575272142887115 0.606266558170319 0.63723486661911 0.667962789535522 0.698228597640991 0.727800846099854 0.756455361843109 0.785048365592957 0.812016129493713 0.836790442466736 0.859310567378998 0.879568159580231 0.897603690624237 0.91349869966507 0.924197375774384 0.924533486366272 0.924681305885315 0.924642980098724 0.924417674541473 0.92400336265564 0.923400163650513 0.922604203224182 0.928215384483337 0.934872448444366 0.940374851226807 0.944854736328125
0.432107120752335 0.436039745807648 0.440096259117126 0.444613665342331 0.449009627103806 0.453282117843628 0.457428127527237 0.461445838212967 0.46533215045929 0.46908512711525 0.478108465671539 0.488773345947266 0.499260097742081 0.509555041790009 0.519643306732178 0.529514968395233 0.539158046245575 0.553470373153687 0.582573294639587 0.611807346343994 0.641001164913177 0.669973254203796 0.698534965515137 0.726495683193207 0.753659904003143 0.781513094902039 0.808090925216675 0.832622170448303 0.855038166046143 0.875316381454468 0.893479406833649 0.909589111804962 0.920484364032745 0.920781135559082 0.920885801315308 0.920800924301147 0.920524060726166 0.92005580663681 0.919393420219421 0.918532907962799 0.924699306488037 0.932043969631195 0.938156425952911 0.943182528018951
0.424900561571121 0.429558455944061 0.434625685214996 0.441041886806488 0.447359770536423 0.453577905893326 0.459690511226654 0.46569299697876 0.471579879522324 0.477350383996964 0.486825108528137 0.497422277927399 0.507847428321838 0.518086493015289 0.528129577636719 0.537962436676025 0.547577142715454 0.561463296413422 0.588890850543976 0.616415977478027 0.643894374370575 0.671172499656677 0.698093116283417 0.724494099617004 0.750212907791138 0.777395665645599 0.803654253482819 0.828003764152527 0.850364148616791 0.870702981948853 0.889025986194611 0.905377089977264 0.91648656129837 0.916743636131287 0.91680645942688 0.916675090789795 0.916347146034241 0.915823757648468 0.915100634098053 0.914176821708679 0.920925199985504 0.928990423679352 0.935743689537048 0.941339313983917
0.417464315891266 0.422776132822037 0.428786993026733 0.437048882246017 0.445241421461105 0.453356027603149 0.461388349533081 0.46932914853096 0.477174520492554 0.484916388988495 0.494800060987473 0.505284786224365 0.515603065490723 0.525742650032043 0.535693645477295 0.5454421043396 0.554979562759399 0.568415224552155 0.594216883182526 0.620090246200562 0.645914494991302 0.671562075614929 0.69690078496933 0.721795380115509 0.746110498905182 0.77268922328949 0.798697888851166 0.822920382022858 0.845275223255157 0.865713596343994 0.884228467941284 0.90084844827652 0.912188708782196 0.912407577037811 0.912428498268127 0.912249505519867 0.911871910095215 0.911292910575867 0.910509586334229 0.909520447254181 0.916878759860992 0.925700545310974 0.933124661445618 0.939316213130951
