resources/Exp000_Example-Run/Run01_M2/Trends/ENM/_Predictions/2010.asc
NCOLS 265 
NROWS 230 
XLLCORNER -115.5625 
YLLCORNER 24.8333333333333 
CELLSIZE 0.0833333333333333 
NODATA_value -9999 
[rows 160 to 179 of 230, columns 132 to 175 of 265]
0.409806251525879 0.415706634521484 0.422593027353287 0.432643085718155 0.442655354738235 0.452616810798645 0.462519288063049 0.472349643707275 0.482101321220398 0.49176099896431 0.502008140087128 0.512339949607849 0.522510528564453 0.532507181167603 0.542319774627686 0.551938474178314 0.561353325843811 0.574312627315521 0.598543882369995 0.622826874256134 0.647060751914978 0.671139776706696 0.694954693317413 0.718392789363861 0.741341590881348 0.767381072044373 0.793207466602325 0.817362010478973 0.839756548404694 0.860333144664764 0.879072189331055 0.895986199378967 0.907574474811554 0.907757222652435 0.907736778259277 0.907511591911316 0.907083094120026 0.906447649002075 0.905604720115662 0.904549241065979 0.912547945976257 0.922161638736725 0.930289685726166 0.937104046344757
0.401940137147903 0.40835976600647 0.416054427623749 0.427833795547485 0.439607620239258 0.451361268758774 0.463080435991287 0.474747091531754 0.48634797334671 0.497868150472641 0.508435487747192 0.518572211265564 0.528552293777466 0.538361668586731 0.54799348115921 0.557436108589172 0.566682994365692 0.579148828983307 0.601871132850647 0.62462842464447 0.647336602210999 0.669909417629242 0.692255735397339 0.714284181594849 0.73590087890625 0.761462509632111 0.787169218063354 0.81131237745285 0.833793699741364 0.854547023773193 0.873542487621307 0.890775501728058 0.902629673480988 0.902776718139648 0.902714431285858 0.902444958686829 0.901964902877808 0.901275038719177 0.900370478630066 0.899250209331512 0.907916784286499 0.918360710144043 0.927226364612579 0.934692680835724
0.393854022026062 0.400426656007767 0.408606618642807 0.421901017427444 0.435243546962738 0.448612540960312 0.461991012096405 0.475357115268707 0.488691657781601 0.501973748207092 0.5128413438797 0.52280855178833 0.532641232013702 0.542330682277679 0.551866769790649 0.561241328716278 0.570446848869324 0.582389414310455 0.603047430515289 0.623732030391693 0.644381642341614 0.664928019046783 0.685307323932648 0.705446481704712 0.725277960300446 0.750604748725891 0.776668012142181 0.801270544528961 0.824301958084106 0.845682501792908 0.865359544754028 0.883313655853271 0.895817756652832 0.896333813667297 0.896620631217957 0.896679580211639 0.896509408950806 0.896111905574799 0.895484626293182 0.894625008106232 0.90380334854126 0.914797008037567 0.924156486988068 0.932063937187195
0.385723561048508 0.392123103141785 0.400498867034912 0.415106147527695 0.429835706949234 0.444665044546127 0.459571003913879 0.47452637553215 0.489507377147675 0.504489064216614 0.515671193599701 0.525517106056213 0.535267353057861 0.544915080070496 0.554453372955322 0.56387186050415 0.573164224624634 0.584545016288757 0.602567851543427 0.620611429214478 0.638636291027069 0.6566002368927 0.674456119537354 0.692161917686462 0.709667980670929 0.734936594963074 0.761776626110077 0.787256896495819 0.811249911785126 0.833654463291168 0.854394912719727 0.873429596424103 0.886961400508881 0.888318002223969 0.889399766921997 0.890210509300232 0.89075493812561 0.891032636165619 0.891046106815338 0.89079624414444 0.90031898021698 0.911558270454407 0.921143114566803 0.929253160953522
0.377634525299072 0.383845090866089 0.392390310764313 0.408264428377151 0.424343705177307 0.440598875284195 0.457003593444824 0.473527371883392 0.490138113498688 0.50680661201477 0.518298923969269 0.528013646602631 0.537665724754333 0.547251641750336 0.556760370731354 0.566188037395477 0.575524926185608 0.586317956447601 0.601743042469025 0.617181777954102 0.632610440254211 0.647998929023743 0.663322567939758 0.678550541400909 0.693657517433167 0.718845903873444 0.746448993682861 0.772787511348724 0.797712206840515 0.821105062961578 0.842871725559235 0.862951695919037 0.877509117126465 0.879799604415894 0.881755948066711 0.88338828086853 0.884702563285828 0.885704040527344 0.886397004127502 0.886784613132477 0.896666705608368 0.908158838748932 0.91796886920929 0.926276504993439
0.369590759277344 0.375597566366196 0.384285897016525 0.401380896568298 0.418767869472504 0.436415642499924 0.454291433095932 0.472359746694565 0.490583270788193 0.508922934532166 0.520721077919006 0.530294299125671 0.539835274219513 0.549335956573486 0.558789193630219 0.568187355995178 0.577526926994324 0.587704837322235 0.600574851036072 0.613446831703186 0.626304686069489 0.639130890369415 0.651913225650787 0.664632856845856 0.677276849746704 0.702361106872559 0.73071813583374 0.757886290550232 0.783708989620209 0.80804842710495 0.83079469203949 0.851872384548187 0.867447555065155 0.870764672756195 0.873679578304291 0.876202583312988 0.878345608711243 0.880119204521179 0.881529629230499 0.88258421421051 0.89284336566925 0.904592990875244 0.914627909660339 0.923125386238098
0.361594438552856 0.367384821176529 0.37619349360466 0.394461452960968 0.413114488124847 0.432118564844131 0.451437711715698 0.471026688814163 0.490842640399933 0.510839343070984 0.522935509681702 0.532362043857574 0.541775047779083 0.551168501377106 0.56053614616394 0.569871842861176 0.579169988632202 0.588706254959106 0.599065005779266 0.609405696392059 0.619719207286835 0.629999935626984 0.640237152576447 0.650426387786865 0.660556077957153 0.685519218444824 0.714612483978271 0.742585062980652 0.769264101982117 0.794501185417175 0.818172812461853 0.840189933776855 0.856765329837799 0.861205279827118 0.865159094333649 0.86864447593689 0.871677339076996 0.874271392822266 0.876438558101654 0.878191828727722 0.888841509819031 0.900856792926788 0.911113739013672 0.919794797897339
0.353652894496918 0.359213799238205 0.368117779493332 0.387508243322372 0.40738570690155 0.427710056304932 0.448440819978714 0.469527631998062 0.490916401147842 0.512552082538605 0.524943232536316 0.534213840961456 0.543484151363373 0.552748739719391 0.562003314495087 0.571239471435547 0.580452799797058 0.589323997497559 0.597211301326752 0.605057775974274 0.61285936832428 0.6206094622612 0.628308832645416 0.635950148105621 0.643534123897552 0.668358564376831 0.698169648647308 0.726912558078766 0.754403948783875 0.780483543872833 0.805017650127411 0.827906012535095 0.845456004142761 0.851111650466919 0.856187701225281 0.860706925392151 0.864688873291016 0.868153393268585 0.871119856834412 0.873600721359253 0.884658098220825 0.896942019462585 0.907420337200165 0.916275978088379
0.345052659511566 0.350388795137405 0.359110027551651 0.37846964597702 0.39835986495018 0.418742716312408 0.439579486846924 0.460822939872742 0.482419908046722 0.504314243793488 0.516811192035675 0.52614027261734 0.53548014163971 0.544828951358795 0.554177105426788 0.563522577285767 0.572856485843658 0.581778824329376 0.589462101459503 0.597080945968628 0.604630887508392 0.612111568450928 0.619515419006348 0.626841485500336 0.634086787700653 0.659199178218842 0.689536452293396 0.718824863433838 0.746869802474976 0.773505926132202 0.798591196537018 0.822015821933746 0.840007960796356 0.845894515514374 0.851224541664124 0.856016039848328 0.860291123390198 0.864066004753113 0.867360174655914 0.870186746120453 0.881200432777405 0.893355071544647 0.903746366500854 0.912548780441284
0.335858643054962 0.340974926948547 0.349254369735718 0.367477566003799 0.386209845542908 0.405422061681747 0.42508003115654 0.445149391889572 0.46558603644371 0.486345857381821 0.49876269698143 0.50836706161499 0.517996370792389 0.52764767408371 0.537311732769012 0.546985685825348 0.556662380695343 0.566354870796204 0.576056659221649 0.585673809051514 0.595196187496185 0.604620516300201 0.613937020301819 0.623140513896942 0.632227718830109 0.658046722412109 0.688723504543304 0.718346893787384 0.746716856956482 0.773658394813538 0.799024164676666 0.822699546813965 0.840640902519226 0.845738351345062 0.85040545463562 0.854657530784607 0.858505547046661 0.861963331699371 0.865042805671692 0.867755115032196 0.878295660018921 0.889965415000916 0.900000929832458 0.908551037311554
0.326807856559753 0.331700503826141 0.339535027742386 0.356640815734863 0.374226957559586 0.392274856567383 0.410756289958954 0.429645031690598 0.448905736207962 0.468504190444946 0.480831027030945 0.490706264972687 0.500618934631348 0.510562121868134 0.520528972148895 0.530510902404785 0.540504932403564 0.550944328308105 0.562647044658661 0.574236989021301 0.585705041885376 0.597037374973297 0.608221709728241 0.619250059127808 0.630110383033752 0.656608045101166 0.687612652778625 0.717559039592743 0.746240794658661 0.773478209972382 0.799115121364594 0.823033690452576 0.840933859348297 0.845286190509796 0.849312245845795 0.853020668029785 0.856420755386353 0.859520673751831 0.862328886985779 0.864852428436279 0.874959945678711 0.886210560798645 0.895934104919434 0.904262363910675
0.317901968955994 0.322566449642181 0.329958498477936 0.345963299274445 0.362421452999115 0.379314988851547 0.396625339984894 0.414330720901489 0.43240687251091 0.450822681188583 0.463051021099091 0.473194509744644 0.483381271362305 0.493603497743607 0.503854632377625 0.514127552509308 0.524414539337158 0.535571277141571 0.54924613237381 0.562783479690552 0.576162934303284 0.58936595916748 0.602371633052826 0.615167200565338 0.627734363079071 0.654882907867432 0.686201274394989 0.716459155082703 0.74544107913971 0.772962629795074 0.798863470554352 0.823018074035645 0.840887486934662 0.84453696012497 0.847940683364868 0.851102471351624 0.854031205177307 0.856730580329895 0.859205067157745 0.861461520195007 0.871177315711975 0.882073283195496 0.891531765460968 0.899671614170074
0.30914580821991 0.313577771186829 0.320528239011765 0.33545383810997 0.350799590349197 0.366554081439972 0.38270303606987 0.399229764938354 0.416114956140518 0.433337211608887 0.445460498332977 0.455863744020462 0.46631333231926 0.476801037788391 0.487319231033325 0.497859746217728 0.508414447307587 0.520260870456696 0.535873651504517 0.551322340965271 0.566577136516571 0.581609070301056 0.59639048576355 0.610896170139313 0.6251021027565 0.652871310710907 0.684489488601685 0.715045154094696 0.744317173957825 0.772112011909485 0.798266589641571 0.822652339935303 0.840501368045807 0.843488872051239 0.846286118030548 0.848899245262146 0.851329922676086 0.853582262992859 0.855661332607269 0.857567667961121 0.8669313788414 0.877535820007324 0.88677841424942 0.894763290882111
0.300540298223495 0.304736942052841 0.311246871948242 0.32511556148529 0.339370340108871 0.35400328040123 0.369004011154175 0.38436034321785 0.400058418512344 0.416081935167313 0.428090631961823 0.438744276762009 0.449444562196732 0.460182398557663 0.470950573682785 0.481736779212952 0.492533028125763 0.505032896995544 0.522541403770447 0.539862394332886 0.556952238082886 0.573770821094513 0.590276479721069 0.606434166431427 0.622210681438446 0.650572955608368 0.682477593421936 0.713318765163422 0.742867350578308 0.770925462245941 0.797326743602753 0.821935832500458 0.839774787425995 0.842139065265656 0.844347178936005 0.846403121948242 0.848309457302094 0.850068628787994 0.851682186126709 0.853152751922607 0.862200677394867 0.872581899166107 0.881657779216766 0.889523565769196
0.293718457221985 0.297861754894257 0.304021835327148 0.316609174013138 0.329531669616699 0.3427854180336 0.35636493563652 0.370259940624237 0.384462356567383 0.398962467908859 0.41106253862381 0.422363996505737 0.433721750974655 0.445126742124557 0.456565022468567 0.468026757240295 0.479501396417618 0.493098497390747 0.512963533401489 0.532623112201691 0.552011907100677 0.571072340011597 0.589745700359344 0.607979834079742 0.625726461410522 0.65401291847229 0.68519538640976 0.715335786342621 0.744224846363068 0.771673917770386 0.797528207302094 0.821660995483398 0.839217126369476 0.841684758663177 0.844014942646027 0.846211194992065 0.84827309846878 0.850203931331635 0.852007329463959 0.853682398796082 0.862260639667511 0.872115552425385 0.880839765071869 0.888509631156921
0.288579940795898 0.292841494083405 0.298738807439804 0.309840172529221 0.321214228868484 0.332859635353088 0.344770014286041 0.356941610574722 0.369370639324188 0.38204762339592 0.394440680742264 0.406765133142471 0.419167727231979 0.431631565093994 0.444141983985901 0.456681609153748 0.469237238168716 0.484345138072968 0.507003426551819 0.529425621032715 0.551517069339752 0.573187291622162 0.594355523586273 0.614944458007812 0.634885430335999 0.662289619445801 0.691611707210541 0.719944655895233 0.747114539146423 0.772965252399445 0.797369480133057 0.820221424102783 0.837173819541931 0.840587675571442 0.843865394592285 0.847009360790253 0.850022315979004 0.852906465530396 0.855664312839508 0.858298480510712 0.866485357284546 0.875735342502594 0.884102165699005 0.891637921333313
0.283462673425674 0.287826299667358 0.293457359075546 0.303126990795135 0.313008636236191 0.323098629713058 0.333395659923553 0.343897849321365 0.354599833488464 0.365498453378677 0.378164201974869 0.391474306583405 0.404876977205276 0.418352335691452 0.431879431009293 0.445437699556351 0.459007352590561 0.475548535585403 0.500920116901398 0.526004731655121 0.55066978931427 0.574788212776184 0.598245084285736 0.6209357380867 0.642769515514374 0.669074296951294 0.696362972259521 0.722714364528656 0.747991800308228 0.772070586681366 0.794854402542114 0.816261053085327 0.832544088363647 0.837108731269836 0.841516733169556 0.845768630504608 0.849870443344116 0.853822290897369 0.857629358768463 0.861293256282806 0.869419753551483 0.878418564796448 0.88670825958252 0.894326329231262
0.278366386890411 0.282816052436829 0.288181573152542 0.296472132205963 0.30491515994072 0.313507109880447 0.322248429059982 0.331134647130966 0.340164542198181 0.349336713552475 0.362253397703171 0.376503080129623 0.390861123800278 0.405297964811325 0.419788658618927 0.434303045272827 0.448815762996674 0.466715633869171 0.494717389345169 0.522363662719727 0.549471855163574 0.575871706008911 0.601408958435059 0.625947833061218 0.649373412132263 0.674374222755432 0.69946026802063 0.723656535148621 0.746860980987549 0.768982470035553 0.789950788021088 0.809712409973145 0.825235664844513 0.831180036067963 0.836922824382782 0.842466413974762 0.847815036773682 0.852969706058502 0.857934594154358 0.862713575363159 0.871105253696442 0.880196034908295 0.888682663440704 0.896588742733002
0.273295015096664 0.277815818786621 0.282914131879807 0.289879381656647 0.296937257051468 0.304088026285172 0.31133046746254 0.318660318851471 0.326077520847321 0.333577990531921 0.346724182367325 0.361867666244507 0.377130687236786 0.392478734254837 0.40787598490715 0.42328479886055 0.438671797513962 0.457852452993393 0.488398611545563 0.518503367900848 0.547924101352692 0.576438069343567 0.603846311569214 0.629979908466339 0.654699683189392 0.678194761276245 0.700911581516266 0.722775161266327 0.743715703487396 0.763672232627869 0.782601177692413 0.800471067428589 0.815106451511383 0.822690188884735 0.830001771450043 0.837043881416321 0.843819797039032 0.850331425666809 0.856585681438446 0.862585663795471 0.871565639972687 0.88108640909195 0.890040218830109 0.898440420627594
0.268248438835144 0.272826611995697 0.27765741944313 0.283348649740219 0.289078086614609 0.29484561085701 0.300646930932999 0.306482017040253 0.312346309423447 0.318238586187363 0.331591218709946 0.347575813531876 0.363694339990616 0.379899889230728 0.396146982908249 0.412390232086182 0.428584039211273 0.448963642120361 0.481968224048615 0.514426827430725 0.546027779579163 0.576486766338348 0.605556786060333 0.63303279876709 0.658750593662262 0.680541217327118 0.700720846652985 0.720066368579865 0.738536179065704 0.756095349788666 0.772723317146301 0.788408100605011 0.801985025405884 0.811493337154388 0.820632040500641 0.829405963420868 0.837814807891846 0.8458651304245 0.85356080532074 0.860906362533569 0.870808064937592 0.881102681159973 0.89079487323761 0.899892687797546
