resources/Exp000_Example-Run/Run01_M2/Trends/ENM/_Predictions/2010.asc
NCOLS 265 
NROWS 230 
XLLCORNER -115.5625 
YLLCORNER 24.8333333333333 
CELLSIZE 0.0833333333333333 
NODATA_value -9999 
[rows 60 to 79 of 230, columns 0 to 43 of 265]
0.189343646168709 0.205431580543518 0.222420245409012 0.240304052829742 0.259067416191101 0.278686493635178 0.299128741025925 0.306116729974747 0.308236390352249 0.310103088617325 0.311714470386505 0.313065707683563 0.314154803752899 0.314979761838913 0.315836280584335 0.317082524299622 0.317688167095184 0.317648470401764 0.316964268684387 0.31564000248909 0.313679695129395 0.311093151569366 0.305787980556488 0.299672514200211 0.293523609638214 0.287349760532379 0.281155824661255 0.274947613477707 0.268730074167252 0.263245552778244 0.259602159261703 0.255393534898758 0.250644415616989 0.245382532477379 0.239638760685921 0.233444958925247 0.226837575435638 0.229075238108635 0.234156847000122 0.23901629447937 0.243636667728424 0.248003512620926 0.252102732658386 0.255920559167862
0.193368777632713 0.208747088909149 0.224897086620331 0.241808071732521 0.259459644556046 0.277825623750687 0.296873182058334 0.303816378116608 0.306418865919113 0.3088239133358 0.311028271913528 0.313026785850525 0.31481721997261 0.316397935152054 0.318007498979568 0.319924503564835 0.321290582418442 0.322099804878235 0.32234925031662 0.322037875652313 0.321166962385178 0.319740206003189 0.31368950009346 0.306191772222519 0.298679351806641 0.29116028547287 0.28364235162735 0.276135861873627 0.268648445606232 0.262800395488739 0.261386841535568 0.259319335222244 0.256610482931137 0.253277212381363 0.24934010207653 0.244823902845383 0.239756941795349 0.243218600749969 0.249590665102005 0.255901783704758 0.262143194675446 0.268302887678146 0.274369597434998 0.28033435344696
0.196712747216225 0.211418807506561 0.226772636175156 0.242757067084312 0.259346574544907 0.276510298252106 0.294214755296707 0.301122039556503 0.304188430309296 0.307096540927887 0.309843152761459 0.312423080205917 0.314833402633667 0.317072331905365 0.319340497255325 0.321871668100357 0.323935955762863 0.325526148080826 0.326636970043182 0.327265083789825 0.327407956123352 0.32706555724144 0.320253431797028 0.311381965875626 0.302513420581818 0.293661028146744 0.284836411476135 0.276051759719849 0.2673180103302 0.261099398136139 0.261812061071396 0.261802822351456 0.261070817708969 0.259619921445847 0.257461875677109 0.254610389471054 0.251083791255951 0.256004065275192 0.263962835073471 0.272012710571289 0.280148535966873 0.288364082574844 0.2966528236866 0.305008709430695
0.199342340230942 0.213423982262611 0.228033319115639 0.243145599961281 0.258728265762329 0.274747759103775 0.291162639856339 0.298041582107544 0.301551938056946 0.304926693439484 0.308163583278656 0.311256855726242 0.314204573631287 0.317000687122345 0.319829136133194 0.322912335395813 0.325606256723404 0.327902048826218 0.329793304204941 0.33127361536026 0.332340955734253 0.332991272211075 0.325412392616272 0.315187305212021 0.304986298084259 0.294826328754425 0.284724652767181 0.274695098400116 0.264753729104996 0.258161216974258 0.260872900485992 0.262809425592422 0.263956934213638 0.264308422803879 0.263859033584595 0.262612998485565 0.260580718517303 0.267183691263199 0.277031570672989 0.287110209465027 0.297416776418686 0.307948023080826 0.318700462579727 0.329669088125229
0.201231241226196 0.214746177196503 0.228670507669449 0.242970392107964 0.257608830928802 0.272542625665665 0.287728667259216 0.29458624124527 0.298517882823944 0.302322089672089 0.30599582195282 0.309532880783081 0.312930881977081 0.316183120012283 0.319468289613724 0.323041021823883 0.326290518045425 0.329210638999939 0.331792205572128 0.334031730890274 0.335921049118042 0.337458848953247 0.329111844301224 0.317567825317383 0.306071937084198 0.294644832611084 0.283306956291199 0.272081017494202 0.260984688997269 0.254022061824799 0.258579671382904 0.26232522726059 0.265227824449539 0.267264068126678 0.268417716026306 0.268679261207581 0.268046468496323 0.276543110609055 0.288581520318985 0.300974696874619 0.313722163438797 0.326818764209747 0.34025827050209 0.354035824537277
0.202360808849335 0.215374246239662 0.228679701685905 0.242234468460083 0.255992591381073 0.26990595459938 0.283921927213669 0.290766268968582 0.295096009969711 0.299291282892227 0.303347855806351 0.30725958943367 0.31101992726326 0.314625382423401 0.318262457847595 0.322254955768585 0.325983613729477 0.329441994428635 0.332620233297348 0.335513651371002 0.338117122650146 0.340423285961151 0.331314265727997 0.318500488996506 0.305758684873581 0.293116480112076 0.280600696802139 0.268237292766571 0.256053447723389 0.24873024225235 0.254963725805283 0.26035687327385 0.264862954616547 0.268440812826157 0.271057277917862 0.272691696882248 0.273326754570007 0.283904433250427 0.29842010140419 0.313407331705093 0.328853994607925 0.344750612974167 0.361083954572678 0.377834558486938
0.201989024877548 0.214856058359146 0.228007525205612 0.24140277504921 0.254996031522751 0.268739759922028 0.28258427977562 0.289734274148941 0.294517606496811 0.299155831336975 0.303641080856323 0.3079674243927 0.312125653028488 0.316110968589783 0.320259809494019 0.325250059366226 0.330046236515045 0.334640860557556 0.339024901390076 0.343191176652908 0.347133308649063 0.350845605134964 0.341932505369186 0.328868597745895 0.315845549106598 0.302891701459885 0.290039718151093 0.27731728553772 0.264753729104996 0.257084876298904 0.263083696365356 0.268198162317276 0.27238342165947 0.275600254535675 0.277821123600006 0.279026359319687 0.279206335544586 0.290226370096207 0.305481642484665 0.321189969778061 0.337336599826813 0.353899329900742 0.370858818292618 0.388187050819397
0.200316607952118 0.21342933177948 0.226915448904037 0.240738898515701 0.254863083362579 0.26924791932106 0.283849447965622 0.291613698005676 0.296934485435486 0.302101939916611 0.307106226682663 0.311940431594849 0.316594541072845 0.321062713861465 0.325957387685776 0.33257931470871 0.339096993207932 0.345499128103256 0.35177817940712 0.357926309108734 0.363935977220535 0.369797438383102 0.362082183361053 0.349812388420105 0.337498098611832 0.325167447328568 0.312851697206497 0.300576865673065 0.288374096155167 0.280383944511414 0.284218549728394 0.287128537893295 0.289090275764465 0.290088564157486 0.290115356445312 0.289170771837234 0.287261575460434 0.296951532363892 0.310992330312729 0.325341939926147 0.339980363845825 0.354888886213303 0.37004417181015 0.38542053103447
0.198153793811798 0.211628437042236 0.22554337978363 0.239867031574249 0.254566550254822 0.269601315259933 0.284931987524033 0.293305158615112 0.29917111992836 0.30487334728241 0.3104008436203 0.315743237733841 0.320890724658966 0.325833469629288 0.331466525793076 0.339723348617554 0.347963005304337 0.356174051761627 0.364348560571671 0.372479110956192 0.380553543567657 0.388564705848694 0.382103383541107 0.370706260204315 0.359187871217728 0.347574025392532 0.335893571376801 0.324172139167786 0.312437325716019 0.304158627986908 0.305645883083344 0.306201815605164 0.305824160575867 0.304513961076736 0.302282422780991 0.299143046140671 0.295119225978851 0.303470224142075 0.316283166408539 0.329257220029831 0.342369556427002 0.355597883462906 0.368918389081955 0.382306516170502
0.195515364408493 0.209460616111755 0.223896667361259 0.23879100382328 0.254106551408768 0.269800186157227 0.28582838177681 0.294804871082306 0.301224261522293 0.307467848062515 0.313520193099976 0.319370239973068 0.325005441904068 0.330415397882462 0.336777538061142 0.346668630838394 0.35662442445755 0.366636455059052 0.376694649457932 0.386790424585342 0.396910786628723 0.407046794891357 0.4018774330616 0.391418308019638 0.380768895149231 0.369952172040939 0.358992278575897 0.347913354635239 0.336742460727692 0.328210949897766 0.327206373214722 0.325295299291611 0.322489798069 0.318807512521744 0.314270943403244 0.308909893035889 0.302758097648621 0.309765517711639 0.32134360074997 0.332930445671082 0.344498813152313 0.356024533510208 0.367482453584671 0.378850072622299
0.192417338490486 0.206935331225395 0.221980705857277 0.237511575222015 0.253483057022095 0.269844859838486 0.286539077758789 0.296110033988953 0.303091496229172 0.309879422187805 0.31645992398262 0.322815716266632 0.32893443107605 0.334800869226456 0.341881364583969 0.353399395942688 0.365061432123184 0.376858055591583 0.388778150081635 0.400807440280914 0.412934511899948 0.425147354602814 0.421287268400192 0.41181755065918 0.402095586061478 0.392138540744781 0.381969600915909 0.371610909700394 0.361085206270218 0.352334707975388 0.348739236593246 0.344285100698471 0.338995933532715 0.332900196313858 0.326034843921661 0.318438738584518 0.310155063867569 0.315821945667267 0.326162725687027 0.336353152990341 0.346362918615341 0.356168210506439 0.365741223096848 0.375056385993958
0.188880428671837 0.204065531492233 0.219801142811775 0.23603193461895 0.252698749303818 0.269733190536499 0.287060856819153 0.297219067811966 0.304768353700638 0.312106788158417 0.319215536117554 0.326075881719589 0.332669407129288 0.338981658220291 0.346768856048584 0.359903156757355 0.373254895210266 0.386811107397079 0.400558292865753 0.41447788476944 0.428556323051453 0.442772626876831 0.440227121114731 0.431781947612762 0.423027247190475 0.413977175951004 0.404651343822479 0.395071387290955 0.385254442691803 0.3763188123703 0.370083302259445 0.363047361373901 0.355247765779495 0.346725255250931 0.337525218725204 0.327694565057755 0.317288488149643 0.32162469625473 0.330731928348541 0.339519768953323 0.347961753606796 0.35602879524231 0.363694936037064 0.370935410261154
0.188236683607101 0.203203216195107 0.218673631548882 0.234587758779526 0.250882089138031 0.267484128475189 0.284318566322327 0.29478308558464 0.302916258573532 0.310830265283585 0.318504899740219 0.325917214155197 0.33304563164711 0.339872509241104 0.348053067922592 0.361273735761642 0.374700218439102 0.388317763805389 0.402110040187836 0.416059881448746 0.430150061845779 0.44436126947403 0.443031877279282 0.436205625534058 0.429053485393524 0.421587854623795 0.413822650909424 0.405771881341934 0.397451817989349 0.389090240001678 0.380866438150406 0.372012704610825 0.3625648021698 0.352565675973892 0.342057377099991 0.331089854240417 0.319711893796921 0.323197156190872 0.331323355436325 0.338971942663193 0.34610989689827 0.352711200714111 0.3587466776371 0.364195495843887
0.19068506360054 0.204481512308121 0.218677088618279 0.233220845460892 0.248060718178749 0.263137340545654 0.278390914201736 0.28887289762497 0.297575175762177 0.306065738201141 0.314317911863327 0.322308003902435 0.330011129379272 0.337403297424316 0.345671027898788 0.357501000165939 0.369435757398605 0.381460130214691 0.393558740615845 0.405715733766556 0.417915105819702 0.430140852928162 0.429858893156052 0.425124317407608 0.420077472925186 0.414726614952087 0.409079492092133 0.403145760297775 0.396935105323792 0.389846235513687 0.380555301904678 0.370862454175949 0.36079615354538 0.350390702486038 0.33968248963356 0.328705281019211 0.317498236894608 0.320604056119919 0.327993869781494 0.33474525809288 0.340826213359833 0.346204698085785 0.350855082273483 0.354754060506821
0.192975148558617 0.205600380897522 0.21852807700634 0.231716617941856 0.245120570063591 0.258693963289261 0.272385567426682 0.282865196466446 0.29210290312767 0.30113622546196 0.309935033321381 0.318469226360321 0.326713383197784 0.334639817476273 0.342984884977341 0.353482276201248 0.363970339298248 0.374433189630508 0.384854733943939 0.395219027996063 0.40551033616066 0.415712922811508 0.416368961334229 0.413585990667343 0.410490959882736 0.407088249921799 0.403384476900101 0.399382710456848 0.395090132951736 0.389220386743546 0.379208117723465 0.368961602449417 0.358503431081772 0.347861021757126 0.337061911821365 0.326133817434311 0.315105527639389 0.317831069231033 0.324480205774307 0.330317080020905 0.335306882858276 0.339417189359665 0.342624187469482 0.344908714294434
0.195100650191307 0.206557124853134 0.218227282166481 0.230076104402542 0.242065280675888 0.254158228635788 0.266313403844833 0.276768982410431 0.286508351564407 0.296050488948822 0.305361807346344 0.31440931558609 0.323160916566849 0.331585228443146 0.339998424053192 0.349221616983414 0.358309715986252 0.367244720458984 0.376009196043015 0.384586334228516 0.392961621284485 0.401116192340851 0.402602434158325 0.4016273021698 0.400327533483505 0.398705452680588 0.396761685609818 0.394500613212585 0.391926735639572 0.387217551469803 0.37683242559433 0.366316884756088 0.355692237615585 0.344979822635651 0.334201633930206 0.323379784822464 0.312536299228668 0.314883500337601 0.320789217948914 0.325693428516388 0.329561442136765 0.33236238360405 0.334078580141068 0.334694892168045
0.197057336568832 0.207350179553032 0.217775136232376 0.228302165865898 0.238900721073151 0.249537259340286 0.260181069374084 0.270593732595444 0.280800193548203 0.290817409753799 0.300607681274414 0.31013348698616 0.31935852766037 0.32824832201004 0.336718618869781 0.344727694988251 0.352463722229004 0.35990646481514 0.367038935422897 0.373840808868408 0.380296558141708 0.386390835046768 0.388601392507553 0.389287978410721 0.389625400304794 0.389610558748245 0.389244705438614 0.388529926538467 0.387464761734009 0.383852630853653 0.373441010713577 0.362942397594452 0.352374374866486 0.34175643324852 0.331107556819916 0.320446252822876 0.309794366359711 0.311766058206558 0.316925525665283 0.320881724357605 0.323601543903351 0.32505989074707 0.325244188308716 0.324151277542114
0.198840260505676 0.207977667450905 0.217172086238861 0.226398155093193 0.235629245638847 0.244838759303093 0.253999650478363 0.264348834753036 0.274987459182739 0.285445898771286 0.295680940151215 0.305650889873505 0.315314829349518 0.324633538722992 0.333152145147324 0.340007901191711 0.346441030502319 0.352430939674377 0.357956111431122 0.362999886274338 0.36754721403122 0.37158140540123 0.374410361051559 0.37660938501358 0.378422498703003 0.379843562841415 0.380871713161469 0.381502419710159 0.381737023591995 0.379147052764893 0.369052886962891 0.358850747346878 0.348558843135834 0.338194996118546 0.327781915664673 0.317337453365326 0.306883424520493 0.308481007814407 0.31289330124855 0.315889954566956 0.317439168691635 0.317525237798691 0.316146641969681 0.313319593667984
0.198499321937561 0.206601336598396 0.214723527431488 0.222845494747162 0.230945467948914 0.239003732800484 0.246998608112335 0.257016122341156 0.267669856548309 0.278228104114532 0.288650363683701 0.29890176653862 0.308942347764969 0.318738490343094 0.327559500932693 0.333910942077637 0.33980467915535 0.345220416784286 0.350140392780304 0.354545414447784 0.358421593904495 0.361756980419159 0.365058332681656 0.36811825633049 0.370779484510422 0.373033255338669 0.374876767396927 0.376303315162659 0.377312332391739 0.375260204076767 0.365059703588486 0.354763239622116 0.344389826059341 0.333959221839905 0.323491185903549 0.313005834817886 0.302522957324982 0.304289668798447 0.308810353279114 0.311768025159836 0.313127458095551 0.312872767448425 0.311006933450699 0.30755215883255
0.196058347821236 0.203243672847748 0.210444003343582 0.217646077275276 0.224833145737648 0.231990650296211 0.239104062318802 0.248525977134705 0.258757829666138 0.268998831510544 0.279219657182693 0.289393812417984 0.299495071172714 0.309493362903595 0.318573594093323 0.32500484585762 0.33105856180191 0.336716741323471 0.341962397098541 0.346777230501175 0.35114723443985 0.355060815811157 0.358823865652084 0.36230131983757 0.365387380123138 0.368077665567398 0.370364159345627 0.372240394353867 0.373704671859741 0.37185662984848 0.361137926578522 0.350383311510086 0.33961009979248 0.328837335109711 0.318083196878433 0.307365447282791 0.29670238494873 0.299159377813339 0.304597795009613 0.308399617671967 0.310515284538269 0.310920268297195 0.30960813164711 0.306596040725708
