resources/Exp000_Example-Run/Run01_M2/Trends/ENM/_Predictions/2015.asc
NCOLS 265 
NROWS 230 
XLLCORNER -115.5625 
YLLCORNER 24.8333333333333 
CELLSIZE 0.0833333333333333 
NODATA_value -9999 
[rows 57 to 75 of 230, columns 44 to 87 of 265]
0.16191777586937 0.147747188806534 0.134582608938217 0.122383534908295 0.111107036471367 0.100707821547985 0.0911390706896782 0.0823536887764931 0.0897317826747894 0.102485373616219 0.115006893873215 0.126836687326431 0.137512892484665 0.146600246429443 0.153717994689941 0.157383129000664 0.156287103891373 0.154689013957977 0.152603015303612 0.150047227740288 0.147044330835342 0.143620550632477 0.1398054510355 0.144794628024101 0.152928337454796 0.161192715167999 0.16956253349781 0.178011164069176 0.18651083111763 0.1950324177742 0.203746810555458 0.212661683559418 0.220874965190887 0.228292435407639 0.234829679131508 0.240411534905434 0.244974359869957 0.248466640710831 0.248592033982277 0.245449230074883 0.239674016833305 0.231423959136009 0.220925882458687 0.208468213677406
0.164417341351509 0.150526389479637 0.137565433979034 0.125503227114677 0.114305280148983 0.103934459388256 0.0943517461419106 0.085516981780529 0.0923352092504501 0.104145310819149 0.115491420030594 0.125951245427132 0.135115295648575 0.142611727118492 0.148129031062126 0.15108285844326 0.151832446455956 0.152128145098686 0.151967853307724 0.151352629065514 0.150287583470345 0.148781344294548 0.14684621989727 0.152558162808418 0.160968944430351 0.169417768716812 0.177867189049721 0.186278268694878 0.194611251354218 0.202826291322708 0.211189553141594 0.219932362437248 0.227843284606934 0.234825104475021 0.24079267680645 0.24567312002182 0.249406933784485 0.251948565244675 0.250153630971909 0.244965106248856 0.237385049462318 0.227607548236847 0.215883359313011 0.202513456344604
0.166866987943649 0.15328460931778 0.140500649809837 0.128504946827888 0.11728298664093 0.106815494596958 0.097079910337925 0.0880503430962563 0.0941816717386246 0.104950621724129 0.11505713313818 0.124121636152267 0.131789281964302 0.137750849127769 0.141761347651482 0.144047692418098 0.146473661065102 0.148527711629868 0.150194466114044 0.151461720466614 0.152320101857185 0.152762979269028 0.15278734266758 0.159383535385132 0.168244421482086 0.177041172981262 0.185719907283783 0.194226205348969 0.202505812048912 0.210505306720734 0.218569502234459 0.227133825421333 0.234724387526512 0.241241633892059 0.246600151062012 0.250729948282242 0.253577291965485 0.255105257034302 0.251405239105225 0.244229733943939 0.234915807843208 0.223685786128044 0.210808262228966 0.196591302752495
0.164195075631142 0.15286810696125 0.141899466514587 0.131324946880341 0.121174685657024 0.111473642289639 0.102241568267345 0.0934926122426987 0.0991982221603394 0.109134420752525 0.118186749517918 0.126012429594994 0.132305115461349 0.136813014745712 0.139352694153786 0.140795364975929 0.144192814826965 0.147281691431999 0.15004089474678 0.152451574802399 0.154496908187866 0.156162947416306 0.157437801361084 0.164769679307938 0.174108579754829 0.183273240923882 0.192190945148468 0.200790122151375 0.209000468254089 0.216754660010338 0.224427580833435 0.232578545808792 0.239637181162834 0.245506629347801 0.25010621547699 0.25337353348732 0.255263686180115 0.255751639604568 0.251703262329102 0.244561582803726 0.235425025224686 0.224497348070145 0.212023392319679 0.198281660676003
0.154147267341614 0.14754644036293 0.140571027994156 0.133296117186546 0.125797837972641 0.118152715265751 0.110436111688614 0.102720446884632 0.108283959329128 0.117531456053257 0.125632360577583 0.132278114557266 0.137209370732307 0.140230670571327 0.14122100174427 0.14159931242466 0.145414978265762 0.148946821689606 0.152171745896339 0.155068308115005 0.157617554068565 0.159802138805389 0.161607787013054 0.169455498456955 0.17921194434166 0.188670128583908 0.197737842798233 0.206325575709343 0.214347392320633 0.221723154187202 0.228824213147163 0.236283630132675 0.242555320262909 0.247550711035728 0.251199692487717 0.253450632095337 0.254272729158401 0.2536541223526 0.250814259052277 0.245725855231285 0.238672286272049 0.229801625013351 0.219300895929337 0.207392156124115
0.141525357961655 0.140095680952072 0.137642800807953 0.134216770529747 0.129886850714684 0.124739892780781 0.118877425789833 0.112413257360458 0.117741852998734 0.126135841012001 0.133135229349136 0.138473644852638 0.141943961381912 0.143410548567772 0.142815694212914 0.142126858234406 0.146374210715294 0.150363773107529 0.154070273041725 0.157470196485519 0.16054168343544 0.163264885544777 0.165622159838676 0.17405641078949 0.184305712580681 0.194115921854973 0.203371688723564 0.21196261048317 0.219786018133163 0.226747184991837 0.233218535780907 0.239922270178795 0.245332062244415 0.249368578195572 0.251972764730453 0.253107398748398 0.252755731344223 0.25092276930809 0.249305084347725 0.246323257684708 0.241408571600914 0.234659358859062 0.226211041212082 0.216233670711517
0.127018466591835 0.13083279132843 0.133207276463509 0.134066820144653 0.133384123444557 0.131180807948112 0.127526640892029 0.122536189854145 0.127529755234718 0.134903877973557 0.140654444694519 0.144563540816307 0.146481439471245 0.146334320306778 0.144127905368805 0.14237517118454 0.147065728902817 0.151525795459747 0.155728101730347 0.159646689891815 0.163257300853729 0.166537180542946 0.169465884566307 0.17855954170227 0.189381510019302 0.199606269598007 0.209090933203697 0.217701405286789 0.225315675139427 0.231825113296509 0.237607285380363 0.243490561842918 0.247962698340416 0.250955581665039 0.252423793077469 0.252345025539398 0.250720411539078 0.24757482111454 0.247185066342354 0.246349960565567 0.243618309497833 0.239042267203331 0.232710912823677 0.224746480584145
0.111386463046074 0.120143450796604 0.127403289079666 0.132849350571632 0.136239394545555 0.137420818209648 0.136340335011482 0.133046597242355 0.137599050998688 0.143787875771523 0.148146823048592 0.150512471795082 0.15079565346241 0.148985341191292 0.145150080323219 0.142342776060104 0.147485807538033 0.152427360415459 0.157137706875801 0.16158889234066 0.165753573179245 0.169606596231461 0.173123970627785 0.182952776551247 0.1944310516119 0.205136448144913 0.214893653988838 0.223541378974915 0.230936333537102 0.236955925822258 0.241987735033035 0.246984213590622 0.250442832708359 0.252308219671249 0.25255087018013 0.251166611909866 0.248177468776703 0.243631362915039 0.244467422366142 0.245805963873863 0.245288908481598 0.242925494909286 0.2387605458498 0.232872679829597
0.0953982472419739 0.108458004891872 0.120410077273846 0.130591318011284 0.138411745429039 0.143405750393867 0.14527128636837 0.143894717097282 0.147895023226738 0.152736589312553 0.155568242073059 0.156285285949707 0.154860928654671 0.151348114013672 0.145876750349998 0.142029866576195 0.147632673382759 0.153064161539078 0.158292770385742 0.163288086652756 0.168020144104958 0.172460466623306 0.176582485437393 0.187223553657532 0.199445933103561 0.21070197224617 0.220778167247772 0.229482188820839 0.236647665500641 0.242137745022774 0.246356606483459 0.250399440526962 0.252768576145172 0.253423422574997 0.252353519201279 0.249576807022095 0.245139896869659 0.239117637276649 0.241168990731239 0.244694650173187 0.246411129832268 0.246286407113075 0.244322881102562 0.240556925535202
0.0909340605139732 0.105641052126884 0.119566105306149 0.13190333545208 0.141897514462471 0.148914948105812 0.152501627802849 0.152423053979874 0.155991807579994 0.159946411848068 0.161955043673515 0.1619503647089 0.159932538866997 0.155969083309174 0.150192767381668 0.146307483315468 0.152295708656311 0.158087447285652 0.163646474480629 0.168936982750893 0.17392472922802 0.178577154874802 0.182863682508469 0.193215444684029 0.204934313893318 0.21561586856842 0.225061684846878 0.233095481991768 0.239567890763283 0.244358271360397 0.248211458325386 0.252785801887512 0.255540579557419 0.256425619125366 0.255424916744232 0.252556830644608 0.24787312746048 0.241458982229233 0.242342695593834 0.244479492306709 0.244842782616615 0.243425831198692 0.240254402160645 0.235386252403259
0.0980094969272614 0.112300790846348 0.125733837485313 0.137611255049706 0.147285789251328 0.15421399474144 0.15799917280674 0.158422872424126 0.161718755960464 0.165295854210854 0.167200461030006 0.167379811406136 0.165828913450241 0.162590771913528 0.157755002379417 0.154735043644905 0.160875260829926 0.166715994477272 0.17221312224865 0.177324071526527 0.18200908601284 0.186231851577759 0.189959034323692 0.198932409286499 0.209064394235611 0.218256458640099 0.226366102695465 0.233267441391945 0.23885315656662 0.243037283420563 0.247216388583183 0.25401383638382 0.258783638477325 0.26142817735672 0.26189261674881 0.260168164968491 0.256289511919022 0.250336617231369 0.247484967112541 0.244605854153633 0.240087643265724 0.234007596969604 0.226469993591309 0.217604756355286
0.105336636304855 0.119136340916157 0.132026612758636 0.143412008881569 0.152744203805923 0.159561336040497 0.163520976901054 0.16442246735096 0.167379528284073 0.170483648777008 0.172168508172035 0.172395542263985 0.171159818768501 0.168489307165146 0.164444729685783 0.162139683961868 0.168202683329582 0.173836037516594 0.178988248109818 0.183612242341042 0.187665089964867 0.191109448671341 0.193913042545319 0.201677843928337 0.210607290267944 0.218714758753777 0.225894927978516 0.232053890824318 0.237111389636993 0.241001427173615 0.245763286948204 0.254985004663467 0.261897653341293 0.266335636377335 0.268192797899246 0.267425358295441 0.264051556587219 0.25815150141716 0.251335591077805 0.243430778384209 0.234170123934746 0.22370271384716 0.212197318673134 0.199838981032372
0.112892478704453 0.12613046169281 0.138432577252388 0.149297311902046 0.158265665173531 0.164949879050255 0.16905702650547 0.170405924320221 0.172954887151718 0.175486594438553 0.176828116178513 0.176955059170723 0.17586475610733 0.173577636480331 0.170135363936424 0.168351411819458 0.174089759588242 0.17924377322197 0.183757781982422 0.187582746148109 0.190677180886269 0.193007200956345 0.194547444581985 0.201342299580574 0.209512814879417 0.216979160904884 0.223657548427582 0.229473263025284 0.234361037611961 0.238266006112099 0.243859454989433 0.255697071552277 0.264877706766129 0.271140575408936 0.274309307336807 0.274294495582581 0.271097004413605 0.264806240797043 0.253841996192932 0.240969300270081 0.227166846394539 0.212641894817352 0.19761061668396 0.182292357087135
0.120650574564934 0.133264273405075 0.144938990473747 0.155258402228355 0.163843423128128 0.170372009277344 0.17459699511528 0.176356852054596 0.178425714373589 0.180281743407249 0.181150496006012 0.181019335985184 0.179890364408493 0.177779778838158 0.174718633294106 0.173225909471512 0.17838379740715 0.182783827185631 0.186370030045509 0.189097106456757 0.190930411219597 0.191846311092377 0.191833317279816 0.19793926179409 0.205816581845284 0.213094055652618 0.219698846340179 0.225564420223236 0.230632081627846 0.234850972890854 0.241513147950172 0.25614795088768 0.267719656229019 0.275836050510406 0.280225902795792 0.280742734670639 0.277369856834412 0.270219206809998 0.254970967769623 0.237254694104195 0.219169542193413 0.200965091586113 0.182883769273758 0.165154814720154
0.12858159840107 0.140517264604568 0.151532158255577 0.161286026239395 0.169469907879829 0.175820052623749 0.18013009428978 0.182258829474449 0.183772519230843 0.184846982359886 0.185108423233032 0.184554010629654 0.183190137147903 0.181032717227936 0.178106650710106 0.176649168133736 0.180973008275032 0.184353783726692 0.186741873621941 0.188102230429649 0.188414722681046 0.187674984335899 0.185893550515175 0.191604509949684 0.199638083577156 0.207159593701363 0.214097484946251 0.220386072993279 0.225965201854706 0.230782106518745 0.238735765218735 0.25633692741394 0.270418882369995 0.28041484951973 0.285927593708038 0.286740183830261 0.282820791006088 0.274323254823685 0.254706859588623 0.232335910201073 0.210282370448112 0.188817888498306 0.168186694383621 0.148598462343216
0.138064846396446 0.149349331855774 0.159717187285423 0.168890282511711 0.176617652177811 0.182685315608978 0.186923518776894 0.18921372294426 0.190069884061813 0.190260767936707 0.189758956432343 0.18856942653656 0.186703518033028 0.184179037809372 0.181020230054855 0.179264664649963 0.182694524526596 0.185098215937614 0.186438918113708 0.186695978045464 0.185865297913551 0.183959856629372 0.181009009480476 0.186875626444817 0.195571094751358 0.203825131058693 0.211560994386673 0.218705579638481 0.225191935896873 0.230958253145218 0.239785984158516 0.257824182510376 0.272113651037216 0.282049417495728 0.287215650081635 0.287398815155029 0.282591372728348 0.272992312908173 0.252305448055267 0.229005947709084 0.206153139472008 0.184034511446953 0.162903353571892 0.142972096800804
0.149227783083916 0.159864753484726 0.169579461216927 0.178145632147789 0.185360878705978 0.191052660346031 0.195084884762764 0.197360336780548 0.197505325078964 0.19678145647049 0.19545228779316 0.193528458476067 0.191025614738464 0.187964126467705 0.184368684887886 0.182153940200806 0.184805661439896 0.186456143856049 0.187081426382065 0.186672225594521 0.185234591364861 0.182789474725723 0.17937259376049 0.185715556144714 0.19524909555912 0.204408660531044 0.213109910488129 0.22127203643322 0.228819012641907 0.235680118203163 0.244813874363899 0.260679453611374 0.272820472717285 0.280753344297409 0.284166306257248 0.282926112413406 0.277080923318863 0.266860038042068 0.248443260788918 0.227836430072784 0.2071653008461 0.1867386251688 0.166844218969345 0.147739261388779
0.160655215382576 0.170579597353935 0.179600164294243 0.187536656856537 0.19422872364521 0.199540287256241 0.203362911939621 0.205618485808372 0.205043822526932 0.203395038843155 0.201224535703659 0.198547273874283 0.195381641387939 0.191748902201653 0.187674000859261 0.184959471225739 0.186824157834053 0.187716871500015 0.187625467777252 0.186550974845886 0.184508427977562 0.181525945663452 0.177644938230515 0.184440299868584 0.19478240609169 0.204820811748505 0.214464589953423 0.223625034093857 0.232217073440552 0.240161299705505 0.24960869550705 0.263360530138016 0.273402154445648 0.279354393482208 0.280995160341263 0.27826315164566 0.271260023117065 0.260248184204102 0.24410854279995 0.226282760500908 0.207890957593918 0.189254865050316 0.170689463615417 0.152491122484207
0.172279044985771 0.181441813707352 0.189740717411041 0.197035104036331 0.20320063829422 0.208131685853004 0.211743608117104 0.213974580168724 0.21267631649971 0.21009635925293 0.207072973251343 0.203623995184898 0.199769094586372 0.195530459284782 0.190932512283325 0.187676757574081 0.188747018575668 0.188878819346428 0.188070520758629 0.186332553625107 0.183687940239906 0.180171385407448 0.175828635692596 0.183052271604538 0.194171756505966 0.205060809850693 0.215621620416641 0.225757583975792 0.23537565767765 0.244386807084084 0.254155784845352 0.265862584114075 0.273858338594437 0.277853935956955 0.277705818414688 0.273419141769409 0.265148192644119 0.253192216157913 0.239323228597641 0.224351540207863 0.208327263593674 0.191575512290001 0.174429312348366 0.157216936349869
