resources/Exp000_Example-Run/Run01_M2/Trends/ENM/_Predictions/2015.asc
NCOLS 265 
NROWS 230 
XLLCORNER -115.5625 
YLLCORNER 24.8333333333333 
CELLSIZE 0.0833333333333333 
NODATA_value -9999 
[rows 0 to 18 of 230, columns 132 to 175 of 265]
0.201776921749115 0.203798115253448 0.204476311802864 0.201849415898323 0.198169082403183 0.193486750125885 0.187867864966393 0.181391343474388 0.174146726727486 0.166233882308006 0.16518235206604 0.165651872754097 0.165099784731865 0.163535162806511 0.160984322428703 0.157489120960236 0.153107225894928 0.15142185986042 0.159542486071587 0.166848853230476 0.173207730054855 0.178501769900322 0.182632893323898 0.185524091124535 0.187121167778969 0.191168531775475 0.196357101202011 0.201599478721619 0.20689283311367 0.21223396062851 0.217619881033897 0.223047271370888 0.225547820329666 0.219174966216087 0.212820872664452 0.206493899226189 0.200201541185379 0.193951815366745 0.187751904129982 0.181609377264977 0.177684903144836 0.174378290772438 0.170954838395119 0.167422980070114
0.204824849963188 0.207765132188797 0.209195747971535 0.20661261677742 0.202874317765236 0.198036476969719 0.192171514034271 0.185366272926331 0.177721664309502 0.16934971511364 0.167400106787682 0.166933998465538 0.165571793913841 0.163333341479301 0.160250931978226 0.156368881464005 0.151742979884148 0.149995625019073 0.158265873789787 0.165764376521111 0.17235691845417 0.17792384326458 0.182363778352737 0.185595214366913 0.187558457255363 0.191112115979195 0.195488274097443 0.199886813759804 0.20430488884449 0.208740055561066 0.213189467787743 0.217650011181831 0.21927136182785 0.212362170219421 0.205478221178055 0.198629945516586 0.191828221082687 0.18508292734623 0.178403824567795 0.171800568699837 0.16810043156147 0.165236487984657 0.16224916279316 0.159145891666412
0.207257196307182 0.211055025458336 0.213208809494972 0.210730224847794 0.206981897354126 0.202023461461067 0.19593420624733 0.188810899853706 0.180766448378563 0.171927258372307 0.169133678078651 0.167809709906578 0.165712878108025 0.162869662046432 0.159315496683121 0.155094861984253 0.150259554386139 0.14846371114254 0.1568673402071 0.164540514349937 0.171348050236702 0.177168890833855 0.181898102164268 0.18545013666153 0.187760844826698 0.190801039338112 0.194347828626633 0.19788970053196 0.201424241065979 0.20494881272316 0.208461374044418 0.211959272623062 0.212703824043274 0.205247610807419 0.197827234864235 0.190456509590149 0.183149263262749 0.175918102264404 0.16877569258213 0.161733701825142 0.158243909478188 0.155796959996223 0.153221145272255 0.150523364543915
0.209054514765739 0.213638380169868 0.216476872563362 0.214165329933167 0.210456773638725 0.205414548516273 0.199125334620476 0.191696509718895 0.183254837989807 0.173943385481834 0.1703692227602 0.168273270130157 0.165522396564484 0.162146329879761 0.158181339502335 0.153670236468315 0.148660764098167 0.14682948589325 0.155350029468536 0.163180097937584 0.170183897018433 0.176238551735878 0.181236892938614 0.185089528560638 0.187727645039558 0.190236464142799 0.192940428853035 0.195616334676743 0.19826228916645 0.200876370072365 0.203456744551659 0.206001445651054 0.205877527594566 0.197870969772339 0.189916089177132 0.182030826807022 0.174231737852097 0.16653510928154 0.15895614027977 0.151509389281273 0.148216888308525 0.14615872502327 0.143967434763908 0.141649633646011
0.21020182967186 0.215491965413094 0.218968749046326 0.216887414455414 0.213269278407097 0.20818156003952 0.201718330383301 0.19399893283844 0.185165405273438 0.175379484891891 0.171096712350845 0.168321385979652 0.165000900626183 0.161166071891785 0.156852349638939 0.152099251747131 0.146949946880341 0.14509604871273 0.153717279434204 0.161686226725578 0.168867200613022 0.175135746598244 0.180382326245308 0.184514477849007 0.187459200620651 0.189420402050018 0.191270962357521 0.193075254559517 0.19483208656311 0.196539953351021 0.198197588324547 0.199803471565247 0.198826029896736 0.190273031592369 0.181793883442879 0.173410400748253 0.165143102407455 0.157011345028877 0.149033516645432 0.141226455569267 0.138119965791702 0.136419802904129 0.134584367275238 0.132619172334671
0.210690215229988 0.216599136590958 0.220660910010338 0.218871906399727 0.215395644307137 0.210301697254181 0.203692063689232 0.195698991417885 0.186481699347496 0.176222935318947 0.171310305595398 0.167953938245773 0.164151802659035 0.159933641552925 0.15533322095871 0.150386109948158 0.145130932331085 0.143267467617989 0.151972651481628 0.160062745213509 0.167401269078255 0.173863217234612 0.179336667060852 0.183726623654366 0.186955913901329 0.188355550169945 0.189345419406891 0.190276250243187 0.19114738702774 0.191957771778107 0.192706853151321 0.193394035100937 0.191583424806595 0.182495281100273 0.173509955406189 0.164653539657593 0.155950516462326 0.147423639893532 0.139093950390816 0.130980670452118 0.128049954771996 0.126676142215729 0.125165969133377 0.123524382710457
0.207750558853149 0.213955655694008 0.218261733651161 0.216492936015129 0.213099434971809 0.208147689700127 0.201734364032745 0.193984404206276 0.18504872918129 0.175099790096283 0.170350193977356 0.167199119925499 0.163704946637154 0.159889057278633 0.15577532351017 0.151388809084892 0.146756500005722 0.145380884408951 0.154068902134895 0.162202849984169 0.169657409191132 0.176315739750862 0.182072564959526 0.186835870146751 0.190529510378838 0.19116447865963 0.190961733460426 0.19070103764534 0.190382689237595 0.190006747841835 0.189573556184769 0.18908366560936 0.18642945587635 0.177474096417427 0.168609961867332 0.159864574670792 0.151264756917953 0.142834678292274 0.134597435593605 0.126573443412781 0.12362153083086 0.122195735573769 0.120640695095062 0.118961080908775
0.201926931738853 0.208173096179962 0.212423801422119 0.210351526737213 0.206910863518715 0.202160909771919 0.196182489395142 0.189078018069267 0.180968210101128 0.171989813446999 0.168180957436562 0.166033044457436 0.163642197847366 0.161018535494804 0.158173203468323 0.155118450522423 0.151866972446442 0.151514664292336 0.160102233290672 0.16822238266468 0.175769582390785 0.1826441437006 0.188754335045815 0.194017931818962 0.198364064097404 0.1980240046978 0.196286752820015 0.19450955092907 0.192693382501602 0.190839618444443 0.188949599862099 0.187024369835854 0.183511286973953 0.175332084298134 0.16718901693821 0.159108608961105 0.151117518544197 0.143240109086037 0.135500118136406 0.127918690443039 0.124754056334496 0.122920736670494 0.120973192155361 0.118917182087898
0.196169152855873 0.202452793717384 0.206644520163536 0.204263091087341 0.200734779238701 0.196112215518951 0.190464690327644 0.183876320719719 0.176444754004478 0.168279588222504 0.165465995669365 0.164428666234016 0.163231372833252 0.161877289414406 0.160370126366615 0.158714026212692 0.156913429498672 0.157644733786583 0.166142955422401 0.17425924539566 0.181905344128609 0.188997209072113 0.195455819368362 0.201209113001823 0.206192180514336 0.204859554767609 0.201576292514801 0.19827826321125 0.194967344403267 0.191646069288254 0.188316315412521 0.184980481863022 0.180626928806305 0.173208445310593 0.165774539113045 0.158351257443428 0.150964245200157 0.143638297915459 0.136396944522858 0.129262313246727 0.125882893800735 0.123639456927776 0.121298670768738 0.118867374956608
0.190480336546898 0.196798726916313 0.200927793979645 0.198232904076576 0.194579765200615 0.190016224980354 0.184601917862892 0.178407266736031 0.171512588858604 0.164006307721138 0.162229940295219 0.162397369742393 0.16247446835041 0.16246123611927 0.162357524037361 0.162163585424423 0.161879643797874 0.163752123713493 0.17217606306076 0.18030059337616 0.188052862882614 0.195362776517868 0.202163398265839 0.208392098546028 0.213991224765778 0.211653977632523 0.206820890307426 0.202002659440041 0.197202920913696 0.192425549030304 0.187674000859261 0.182951897382736 0.177776381373405 0.171103179454803 0.164366856217384 0.157592505216599 0.150805115699768 0.1440289914608 0.137287721037865 0.130603820085526 0.127007812261581 0.124351821839809 0.121617496013641 0.118811957538128
0.18486413359642 0.191213339567184 0.195276737213135 0.192265897989273 0.188454672694206 0.183887258172035 0.178615719079971 0.172700479626656 0.166208505630493 0.1592126339674 0.158501982688904 0.159954085946083 0.161376193165779 0.162767797708511 0.164127871394157 0.165455147624016 0.16674929857254 0.169817194342613 0.17818595468998 0.186333477497101 0.194200620055199 0.201729223132133 0.208863511681557 0.215549811720848 0.221738114953041 0.218390688300133 0.212011203169823 0.205678090453148 0.199398353695869 0.193177729845047 0.1870227009058 0.180938899517059 0.174959674477577 0.169016137719154 0.162965655326843 0.156832352280617 0.150640025734901 0.144412308931351 0.138172328472137 0.131942838430405 0.128128722310066 0.125057727098465 0.121929205954075 0.118750929832458
0.17932353913784 0.185700222849846 0.189694806933403 0.186366766691208 0.182367831468582 0.177739262580872 0.172527715563774 0.166786044836044 0.16057151556015 0.153946205973625 0.154315769672394 0.15711610019207 0.159942850470543 0.162795603275299 0.16567400097847 0.168577745556831 0.171506091952324 0.175820171833038 0.184156969189644 0.192344918847084 0.200336471199989 0.208084285259247 0.215541899204254 0.222664639353752 0.229409709572792 0.22505196928978 0.217137306928635 0.20930027961731 0.201551958918571 0.193902626633644 0.186362534761429 0.178941115736961 0.172176420688629 0.16694737970829 0.161571502685547 0.156071051955223 0.150468975305557 0.14478787779808 0.139050558209419 0.133279249072075 0.129245147109032 0.125756993889809 0.12223407626152 0.118684068322182
0.176856189966202 0.183081850409508 0.187072291970253 0.184209600090981 0.180774331092834 0.176796704530716 0.172311291098595 0.167357116937637 0.161976709961891 0.156216233968735 0.157283291220665 0.160741537809372 0.164249643683434 0.167807817459106 0.171415761113167 0.17507329583168 0.178780242800713 0.18345408141613 0.190818637609482 0.198028340935707 0.205048680305481 0.211845621466637 0.218386083841324 0.224637761712074 0.230570077896118 0.225854218006134 0.217726051807404 0.209684282541275 0.20174004137516 0.193904429674149 0.186187356710434 0.178598985075951 0.171838596463203 0.167081788182259 0.162147983908653 0.157058790326118 0.151835739612579 0.146501377224922 0.141078099608421 0.135588183999062 0.131664112210274 0.128235325217247 0.124770693480968 0.121277719736099
0.177367329597473 0.183257699012756 0.187297254800797 0.185669004917145 0.18355718255043 0.180976420640945 0.177945181727409 0.174484595656395 0.170619145035744 0.166375756263733 0.167782500386238 0.171182572841644 0.174622818827629 0.178103148937225 0.181623220443726 0.185182437300682 0.188780665397644 0.192882791161537 0.198269233107567 0.203436508774757 0.208363115787506 0.213028326630592 0.217412635684013 0.221497774124146 0.225266054272652 0.220840156078339 0.213808968663216 0.206849858164787 0.199970364570618 0.193177118897438 0.18647637963295 0.179874733090401 0.173899069428444 0.169393137097359 0.164686799049377 0.159800931811333 0.15475769340992 0.149579033255577 0.144287794828415 0.138906344771385 0.135439082980156 0.132568910717964 0.129639983177185 0.126658767461777
0.177830100059509 0.183373138308525 0.187444522976875 0.187031343579292 0.18622450530529 0.185028433799744 0.183449640870094 0.181496992707253 0.179181635379791 0.176515966653824 0.178299069404602 0.181661933660507 0.185054525732994 0.188475787639618 0.191925331950188 0.195402204990387 0.19890595972538 0.202430605888367 0.205788657069206 0.208878844976425 0.211689174175262 0.214208915829659 0.216428816318512 0.218339696526527 0.2199347615242 0.215799003839493 0.209864988923073 0.203986749053001 0.198168620467186 0.19241464138031 0.186728566884995 0.181114166975021 0.175929367542267 0.171686246991158 0.167219147086143 0.162548407912254 0.157695904374123 0.152683347463608 0.147533997893333 0.142270371317863 0.13928048312664 0.136997386813164 0.134637013077736 0.132204473018646
0.178244173526764 0.18342861533165 0.187513947486877 0.188294619321823 0.188771024346352 0.188941121101379 0.188804194331169 0.18836085498333 0.187612935900688 0.186563715338707 0.188758954405785 0.192113682627678 0.195485353469849 0.198873162269592 0.202275678515434 0.205692052841187 0.209121093153954 0.212071090936661 0.213364645838737 0.21435059607029 0.215025827288628 0.215387344360352 0.215434178709984 0.215165764093399 0.214583471417427 0.210736498236656 0.205897763371468 0.201096788048744 0.196335822343826 0.191617384552956 0.186943769454956 0.182316944003105 0.177927896380424 0.173959970474243 0.169743821024895 0.165299758315086 0.160648956894875 0.15581339597702 0.15081587433815 0.145679414272308 0.143187820911407 0.141520410776138 0.139761880040169 0.137915596365929
0.178609251976013 0.183423548936844 0.187505289912224 0.189456596970558 0.191191107034683 0.192703410983086 0.193988636136055 0.195042505860329 0.195861786603928 0.196443930268288 0.199086561799049 0.202469363808632 0.205854773521423 0.209241092205048 0.212626650929451 0.216010108590126 0.219389617443085 0.221776396036148 0.220983564853668 0.219847440719604 0.218371868133545 0.216563433408737 0.214429199695587 0.211977526545525 0.209218487143517 0.20565927028656 0.201911091804504 0.19818177819252 0.1944729834795 0.190785944461823 0.187121823430061 0.183482065796852 0.17989344894886 0.176212772727013 0.172259643673897 0.168053865432739 0.163616195321083 0.15896825492382 0.154132887721062 0.149133026599884 0.147160470485687 0.14613775908947 0.145014256238937 0.143792286515236
0.178925037384033 0.183358460664749 0.187418878078461 0.19051593542099 0.19348019361496 0.196304634213448 0.198983117938042 0.201509147882462 0.203877225518227 0.206081703305244 0.209205538034439 0.212660193443298 0.216100245714188 0.219523966312408 0.222928926348686 0.226312950253487 0.22967354953289 0.231517881155014 0.228632628917694 0.225363910198212 0.221726536750793 0.217737108469009 0.21341398358345 0.20877693593502 0.203847095370293 0.200573176145554 0.197908252477646 0.195244088768959 0.192581176757812 0.189920336008072 0.187262818217278 0.184609025716782 0.181824564933777 0.178443118929863 0.174764916300774 0.170809239149094 0.166596099734306 0.162146702408791 0.157483845949173 0.152630314230919 0.151197850704193 0.15084870159626 0.150394007563591 0.149834558367729
0.177535355091095 0.181723341345787 0.185781240463257 0.189638987183571 0.193414330482483 0.197100639343262 0.200690761208534 0.204178005456924 0.207555860280991 0.210817486047745 0.21428057551384 0.217817813158035 0.221331492066383 0.224819287657738 0.228278309106827 0.231706097722054 0.23510006070137 0.236781075596809 0.233135998249054 0.229054495692253 0.224558040499687 0.219669699668884 0.214415416121483 0.208822205662727 0.20291930437088 0.200164660811424 0.1985082924366 0.19684000313282 0.195160061120987 0.193469122052193 0.191767737269402 0.190056100487709 0.188011825084686 0.184792220592499 0.181260943412781 0.177435636520386 0.173335820436478 0.168981850147247 0.164395719766617 0.159599795937538 0.158230274915695 0.157940089702606 0.157532632350922 0.157008901238441
