resources/Exp000_Example-Run/Run01_M2/Trends/ENM/_Predictions/2015.asc
NCOLS 265 
NROWS 230 
XLLCORNER -115.5625 
YLLCORNER 24.8333333333333 
CELLSIZE 0.0833333333333333 
NODATA_value -9999 
[rows 38 to 56 of 230, columns 176 to 219 of 265]
0.334730237722397 0.325662344694138 0.316002607345581 0.304325670003891 0.288102269172668 0.272051483392715 0.256235390901566 0.240714505314827 0.22554437816143 0.210776254534721 0.196456506848335 0.1824861317873 0.169039770960808 0.156194090843201 0.143965870141983 0.132366225123405 0.121401034295559 0.111070767045021 0.101864755153656 0.0945970565080643 0.0876873806118965 0.0811345130205154 0.0749349668622017 0.0690839439630508 0.0635749027132988 0.0584001652896404 0.0537681989371777 0.0494861491024494 0.0454681441187859 0.0417061038315296 0.0381911732256413 0.0349140837788582 0.031865019351244 0.0297265388071537 0.0297404378652573 0.0297466479241848 0.0297451242804527 0.0297358836978674 0.0297189708799124 0.0296943634748459 0.0296620707958937 0.02826271019876 0.0264877434819937 0.0248003751039505
0.340642809867859 0.331065624952316 0.320935428142548 0.30903548002243 0.293224334716797 0.277573645114899 0.262140303850174 0.246977165341377 0.232135012745857 0.217660844326019 0.203596144914627 0.190100640058517 0.177135109901428 0.164683610200882 0.152764245867729 0.141391009092331 0.130572810769081 0.120314821600914 0.111031293869019 0.103415966033936 0.0961502715945244 0.0892350450158119 0.0826692655682564 0.0764503702521324 0.0705738440155983 0.065033845603466 0.0599312521517277 0.0551597252488136 0.0506734661757946 0.0464655384421349 0.0425280891358852 0.0388523936271667 0.035429060459137 0.0329923965036869 0.0328740626573563 0.0327506214380264 0.0326220914721489 0.0324885621666908 0.0323500633239746 0.0322067141532898 0.03205855935812 0.0304418858140707 0.0284303613007069 0.0265231914818287
0.346553683280945 0.336462289094925 0.325856804847717 0.313730984926224 0.298339515924454 0.283098161220551 0.268056958913803 0.25326418876648 0.238764867186546 0.224600940942764 0.210811257362366 0.197830647230148 0.185397148132324 0.173395872116089 0.161845996975899 0.150762334465981 0.140156552195549 0.130036696791649 0.120729766786098 0.112783417105675 0.105174392461777 0.0979062393307686 0.0909805744886398 0.0843966975808144 0.078152559697628 0.0722444206476212 0.066647544503212 0.061354324221611 0.056365642696619 0.0516766421496868 0.047280952334404 0.0431711114943027 0.0393385030329227 0.0365720838308334 0.0362979806959629 0.0360221043229103 0.0357445292174816 0.0354653224349022 0.0351845659315586 0.0349023155868053 0.0346186421811581 0.0327607281506062 0.0304893460124731 0.028341518715024
0.352459847927094 0.341850161552429 0.330763846635818 0.318410277366638 0.303445219993591 0.288620620965958 0.273981541395187 0.259569823741913 0.24542647600174 0.231589138507843 0.218092322349548 0.205665767192841 0.193814352154732 0.182319208979607 0.171198770403862 0.160468816757202 0.150142192840576 0.140229374170303 0.130956947803497 0.122700296342373 0.114765360951424 0.1071582660079 0.0998827666044235 0.0929409116506577 0.0863328948616982 0.080057293176651 0.0739450752735138 0.0680995881557465 0.0625750049948692 0.0573694594204426 0.0524790957570076 0.04789824411273 0.0436197072267532 0.0404898002743721 0.0400339774787426 0.0395805276930332 0.0391295216977596 0.0386809892952442 0.0382349453866482 0.0377914682030678 0.0373505689203739 0.035225585103035 0.0326693952083588 0.0302586182951927
0.362960308790207 0.352128952741623 0.340823531150818 0.328385204076767 0.313709259033203 0.299131691455841 0.28469580411911 0.270443022251129 0.256413400173187 0.242644235491753 0.229171231389046 0.216832756996155 0.205056101083755 0.193586409091949 0.182444423437119 0.171647980809212 0.161212310194969 0.151150852441788 0.141546323895454 0.132515519857407 0.123829118907452 0.115495845675468 0.107522383332253 0.0999128818511963 0.0926691517233849 0.0857911854982376 0.0791067108511925 0.0727198347449303 0.0666870698332787 0.0610073059797287 0.0556769892573357 0.0506903789937496 0.0460398308932781 0.0425719358026981 0.0417986884713173 0.0410362556576729 0.0402846075594425 0.0395436622202396 0.0388133116066456 0.0380934923887253 0.0373841151595116 0.0351743176579475 0.0325965061783791 0.0301679279655218
0.378225117921829 0.367493689060211 0.356256783008575 0.34390914440155 0.329429417848587 0.314969390630722 0.300574094057083 0.286287635564804 0.27215376496315 0.258213520050049 0.244506612420082 0.231771975755692 0.219527333974838 0.207559764385223 0.19589401781559 0.18455296754837 0.173556864261627 0.162922903895378 0.152538731694221 0.142167985439301 0.132210105657578 0.122678555548191 0.113583229482174 0.104931019246578 0.0967251509428024 0.0889657214283943 0.0816460475325584 0.0747396573424339 0.0682433247566223 0.0621533617377281 0.0564634762704372 0.0511649549007416 0.0462469756603241 0.0424941368401051 0.0412861034274101 0.0401065722107887 0.0389550849795341 0.0378312095999718 0.0367343761026859 0.0356642529368401 0.0346203222870827 0.0325325429439545 0.0302112717181444 0.0280227921903133
0.393686890602112 0.383085012435913 0.371947109699249 0.359730869531631 0.345515131950378 0.33123579621315 0.316939860582352 0.302673697471619 0.288483113050461 0.274413049221039 0.260507345199585 0.247391879558563 0.23468405008316 0.222217157483101 0.210020944476128 0.198123618960381 0.186550229787827 0.175322949886322 0.164112284779549 0.15228770673275 0.1409512758255 0.130122721195221 0.119816824793816 0.110043674707413 0.100808717310429 0.0921127796173096 0.0841328054666519 0.0766937509179115 0.0697249472141266 0.0632198825478554 0.0571690052747726 0.0515600480139256 0.0463785529136658 0.0423433966934681 0.0406990274786949 0.0391085557639599 0.0375706367194653 0.0360840745270252 0.0346475765109062 0.0332598239183426 0.0319196842610836 0.0299579594284296 0.0278847124427557 0.0259280633181334
0.409319072961807 0.398875862360001 0.387866914272308 0.375823795795441 0.36194172501564 0.347908973693848 0.333773404359818 0.319582968950272 0.305386245250702 0.291230916976929 0.27716463804245 0.263686746358871 0.250522822141647 0.237557157874107 0.224825635552406 0.21236115694046 0.200194418430328 0.188353627920151 0.176268309354782 0.16287425160408 0.150049418210983 0.137822479009628 0.12621483206749 0.115240931510925 0.104909330606461 0.0952217280864716 0.0865578055381775 0.0785743966698647 0.0711258873343468 0.0642023086547852 0.0577904470264912 0.0518738962709904 0.0464339405298233 0.0421204753220081 0.040040772408247 0.0380482450127602 0.036140214651823 0.0343139693140984 0.0325669124722481 0.0308964103460312 0.0292998682707548 0.027466544881463 0.0256306044757366 0.0238956436514854
0.425092935562134 0.414837002754211 0.403987854719162 0.392159819602966 0.378681540489197 0.364962339401245 0.351050138473511 0.33699443936348 0.322844445705414 0.308651387691498 0.294465363025665 0.280645698308945 0.267035245895386 0.253574311733246 0.240303739905357 0.227262705564499 0.214487910270691 0.202013000845909 0.189005225896835 0.173924192786217 0.159499377012253 0.145770534873009 0.132767930626869 0.120512381196022 0.109016016125679 0.098282128572464 0.0889119505882263 0.0803741440176964 0.0724402591586113 0.065096378326416 0.0583248920738697 0.0521049611270428 0.0464129187166691 0.0418264418840408 0.0393149517476559 0.0369320288300514 0.0346727333962917 0.0325322560966015 0.0305058006197214 0.0285886600613594 0.0267762541770935 0.0250721089541912 0.0234609022736549 0.0219358801841736
0.440979033708572 0.43093928694725 0.420279622077942 0.40870788693428 0.395704686641693 0.382367670536041 0.368743568658829 0.354882091283798 0.340834677219391 0.326653361320496 0.312391400337219 0.2982537150383 0.284209251403809 0.270258188247681 0.25644713640213 0.242821648716927 0.229424610733986 0.216296017169952 0.202318161725998 0.185432285070419 0.169294133782387 0.153958097100258 0.139465838670731 0.125846534967422 0.113117180764675 0.101283185184002 0.0911861881613731 0.0820856913924217 0.0736624673008919 0.0658980906009674 0.0587700121104717 0.0522521175444126 0.0463155284523964 0.0414628125727177 0.0385256111621857 0.0357663966715336 0.0331771299242973 0.0307497754693031 0.0284765064716339 0.026349626481533 0.0243617407977581 0.0227860789746046 0.0213856119662523 0.0200575292110443
0.453727155923843 0.444031953811646 0.433710724115372 0.42252990603447 0.410056173801422 0.397176295518875 0.383935064077377 0.370380878448486 0.356564193964005 0.342536896467209 0.328352957963943 0.314105004072189 0.299850165843964 0.285632014274597 0.271500676870346 0.25750532746315 0.243693470954895 0.230110481381416 0.215400204062462 0.197078093886375 0.179568633437157 0.162937164306641 0.147234171628952 0.132495209574699 0.118741132318974 0.105979301035404 0.0952135846018791 0.0855614393949509 0.0766426548361778 0.0684359893202782 0.0609158501029015 0.0540527738630772 0.0478142611682415 0.0426698885858059 0.03939213976264 0.0363309793174267 0.0334754958748817 0.0308150220662355 0.0283390898257494 0.0260375067591667 0.0239004455506802 0.0222500134259462 0.0208014417439699 0.0194326899945736
0.463304221630096 0.45407173037529 0.444226861000061 0.43355143070221 0.421617180109024 0.409227579832077 0.396425008773804 0.383254915475845 0.369765669107437 0.356007099151611 0.342031836509705 0.327874064445496 0.313636183738708 0.299381852149963 0.28516235947609 0.271028906106949 0.257030785083771 0.243215560913086 0.228056654334068 0.208763495087624 0.190314128994942 0.172778785228729 0.156212016940117 0.14065283536911 0.126124516129494 0.112636290490627 0.101264014840126 0.0910658985376358 0.0816360414028168 0.0729531571269035 0.0649908483028412 0.0577187910676003 0.0511033795773983 0.0456246212124825 0.0420734770596027 0.0387612842023373 0.0356755629181862 0.0328042954206467 0.030135590583086 0.0276580564677715 0.025360532104969 0.0234158113598824 0.0216552410274744 0.0200068168342113
0.472919851541519 0.464162945747375 0.45480865240097 0.444652944803238 0.433269053697586 0.421380966901779 0.409028470516205 0.396254450082779 0.383104830980301 0.369627445936203 0.355873882770538 0.341822475194931 0.327618390321732 0.313344240188599 0.299052864313126 0.284796208143234 0.270625501871109 0.256590813398361 0.240996584296227 0.220750257372856 0.201371476054192 0.182936519384384 0.165505081415176 0.149120047688484 0.133808344602585 0.119581364095211 0.107590429484844 0.096833236515522 0.0868785679340363 0.0777048170566559 0.0692853182554245 0.061589140444994 0.054581843316555 0.048753447830677 0.0449126847088337 0.0413339473307133 0.0380034148693085 0.034907653927803 0.0320333987474442 0.0293679684400558 0.0268989969044924 0.0246354918926954 0.0225401930510998 0.0205959603190422
0.482568234205246 0.474299341440201 0.465448290109634 0.455825656652451 0.445000976324081 0.433623611927032 0.421731024980545 0.409362763166428 0.39656275510788 0.383377075195312 0.369854927062988 0.355924487113953 0.341769576072693 0.327491194009781 0.313142240047455 0.298775672912598 0.284445255994797 0.270202577114105 0.254188477993011 0.233013466000557 0.212722271680832 0.193397760391235 0.175105199217796 0.157893002033234 0.141791805624962 0.12681657075882 0.114196270704269 0.102868750691414 0.092376247048378 0.0826977491378784 0.0738067030906677 0.0656715855002403 0.0582574345171452 0.0520640313625336 0.0479168780148029 0.044055636972189 0.0404651165008545 0.0371305048465729 0.0340372584760189 0.0311713516712189 0.0285192262381315 0.0259111505001783 0.0234572514891624 0.0212004780769348
0.492243766784668 0.484472990036011 0.476138174533844 0.467060446739197 0.456802129745483 0.445943146944046 0.434517502784729 0.422562718391418 0.410120040178299 0.397233366966248 0.383950412273407 0.370152860879898 0.356061398983002 0.341792017221451 0.327398598194122 0.312935024499893 0.298456132411957 0.284015387296677 0.267597407102585 0.24552595615387 0.224345833063126 0.204147428274155 0.185002759099007 0.16696560382843 0.150072634220123 0.134342238306999 0.121084481477737 0.109176620841026 0.0981347039341927 0.0879385843873024 0.0785620212554932 0.0699736177921295 0.0621379502117634 0.0555640198290348 0.0510934442281723 0.0469332225620747 0.0430669263005257 0.0394784212112427 0.0361520238220692 0.0330724157392979 0.030224796384573 0.0272448770701885 0.0244074389338493 0.0218206662684679
0.501939296722412 0.494677633047104 0.486869603395462 0.478347659111023 0.468661367893219 0.458325892686844 0.447372764348984 0.435837030410767 0.423756539821625 0.411173909902573 0.398134976625443 0.384480774402618 0.370464354753494 0.356216162443161 0.341789603233337 0.327239543199539 0.312621682882309 0.297991931438446 0.281186938285828 0.25825822353363 0.236219227313995 0.215168535709381 0.195185586810112 0.176331132650375 0.15864734351635 0.14215837419033 0.128257021307945 0.1157605946064 0.104159109294415 0.0934335812926292 0.0835584700107574 0.0745027810335159 0.0662311837077141 0.0592613629996777 0.0544499158859253 0.0499737113714218 0.0458152182400227 0.0419571846723557 0.0383827276527882 0.035075418651104 0.0320192314684391 0.0286388229578733 0.0253916941583157 0.0224568657577038
0.511258959770203 0.50407201051712 0.496334880590439 0.487868785858154 0.478179126977921 0.467797219753265 0.456753760576248 0.445084244012833 0.432827562093735 0.420027941465378 0.4067322909832 0.393195807933807 0.379425287246704 0.365414470434189 0.351213544607162 0.336873680353165 0.322446554899216 0.307985246181488 0.29125839471817 0.268177092075348 0.245944812893867 0.224660292267799 0.20440448820591 0.185240641236305 0.167214646935463 0.150354102253914 0.1357461810112 0.12247958034277 0.110159054398537 0.0987665578722954 0.088276781141758 0.0786581784486771 0.0698741152882576 0.0625322163105011 0.0576350390911102 0.0530638806521893 0.0488029457628727 0.0448365658521652 0.0411492139101028 0.0377257615327835 0.0345514081418514 0.0307507943361998 0.0270451903343201 0.023717513307929
0.52017617225647 0.512619376182556 0.504484415054321 0.495561987161636 0.485284149646759 0.474272966384888 0.462563455104828 0.450194001197815 0.437208592891693 0.423655569553375 0.409587949514389 0.396154016256332 0.382817000150681 0.369274705648422 0.35557022690773 0.341747403144836 0.32785102725029 0.313926160335541 0.297746330499649 0.275206327438354 0.253443837165833 0.232549980282784 0.212600335478783 0.193655833601952 0.175761938095093 0.158948644995689 0.143558397889137 0.129315316677094 0.116094656288624 0.103879414498806 0.0926440879702568 0.0823552682995796 0.0729738548398018 0.0652870386838913 0.0605901889503002 0.0561763159930706 0.0520334988832474 0.0481498949229717 0.0445136241614819 0.0411130785942078 0.0379366166889668 0.0336925275623798 0.0294654406607151 0.0256848409771919
0.529068946838379 0.521137475967407 0.512599885463715 0.503214478492737 0.492338299751282 0.480686515569687 0.468296945095062 0.455212652683258 0.441481977701187 0.427158802747726 0.412301868200302 0.398994266986847 0.386123418807983 0.37307870388031 0.359896391630173 0.346614569425583 0.333270877599716 0.319903880357742 0.304294347763062 0.282325923442841 0.261065185070038 0.240596145391464 0.220989421010017 0.202302977442741 0.184581354260445 0.167856186628342 0.151664435863495 0.136405855417252 0.12224754691124 0.109174609184265 0.0971614941954613 0.0861737430095673 0.0761695355176926 0.0681268647313118 0.0636547729372978 0.0594231523573399 0.0554236061871052 0.0516477338969707 0.0480869151651859 0.0447326302528381 0.041576374322176 0.0368531383574009 0.032056663185358 0.0277826972305775
