resources/Exp000_Example-Run/Run01_M2/TimeSeries/2005/model/2005_biasfile.asc
NCOLS 265 
NROWS 230 
XLLCORNER -115.5625 
YLLCORNER 24.8333333333333 
CELLSIZE 0.0833333333333333 
NODATA_value -9999 
[rows 19 to 37 of 230, columns 168 to 209 of 265]
0.0012012070348161 0.00113690351253846 0.00107357850031356 0.00101143404270188 0.000950656007565652 0.000891579458733864 0.000834390043297786 0.00077906670223796 0.000725712184191153 0.000674412560154505 0.000625237602450352 0.000578241240064698 0.000533525969185735 0.000491406605413217 0.00045153135777564 0.000413887045573423 0.00037844947307063 0.000345184311027215 0.000314047987564176 0.00028498858579202 0.00025823042471394 0.000233467973825076 0.000210548536160885 0.000189393867125843 0.000169923007301033 0.000152053001312974 0.000135699581972048 0.00012088377575575 0.000107527445264596 9.53962457636976e-05 8.44086899484812e-05 7.44853128405428e-05 6.55489791981324e-05 5.75251540050662e-05 5.03519369049164e-05 4.40666351599998e-05 3.84609860995702e-05 3.34758673426124e-05 2.90555502304267e-05 2.51476900385344e-05 2.17032974372004e-05 1.86766920357071e-05
0.00131117200102589 0.00124108639468397 0.00117205814045368 0.0011043080760181 0.00103803943704702 0.000973617492901124 0.000911245548031531 0.000850901987454583 0.000792699483684811 0.000736732518400738 0.000683077790819123 0.000631794709733368 0.00058299554836982 0.000537023943809604 0.000493497333730667 0.000452401825580588 0.000413711483743252 0.000377389289958447 0.000343388114222856 0.000311651693361291 0.000282425050984564 0.000255375324956674 0.000230336218164329 0.000207222604002222 0.000185946367557952 0.000166417190954324 0.000148543300889473 0.000132347854748065 0.000117745775193072 0.000104481384457933 9.24658448345165e-05 8.16125096393798e-05 7.18372599086804e-05 6.30588007790883e-05 5.52096265311295e-05 4.83306386948596e-05 4.21943902029303e-05 3.67363574411171e-05 3.18957137349481e-05 2.76153194799441e-05 2.38416917622658e-05 2.05249543814237e-05
0.00142563140749663 0.00134953875404977 0.00127458460297422 0.00120100937179679 0.00112903439572521 0.00105905633113476 0.000991296903300405 0.00092573402556794 0.000862490731455459 0.00080167028952884 0.000743356642149883 0.000687614935499257 0.000634567637080566 0.000584588352474626 0.000537262620820403 0.000492575842042746 0.000450500302564889 0.000410996217772554 0.000374012786161997 0.000339489252108881 0.000307692177405545 0.000278260325291039 0.000251013284296267 0.00022585879250669 0.000202701314203903 0.000181442894362846 0.000161983972149555 0.000144349939125739 0.000128448522258893 0.0001140018742207 0.00010091352685223 8.90893774905759e-05 7.84380561216446e-05 6.88712486909609e-05 6.03156311612315e-05 5.28158686851681e-05 4.6124555830929e-05 4.01715580846971e-05 3.48907523032782e-05 3.02200167790689e-05 2.61011989696655e-05 2.24800618833472e-05
0.00154413414527838 0.00146183431586237 0.00138075610711987 0.00130116022317626 0.00122328675604145 0.00114756480013087 0.00107423518755551 0.00100327544494987 0.000934819359168952 0.000868979323313699 0.000805846806759972 0.00074549292436194 0.000688050709731901 0.000633924753963849 0.000582667702847566 0.000534264253825771 0.00048868488267183 0.000445886970854421 0.000405815945832419 0.000368406430955416 0.000333947265174982 0.000302047915041422 0.000272513400691773 0.000245244101995705 0.000220136829049051 0.000197085748200865 0.000175983263768028 0.000156857095971702 0.000139607552874201 0.000123933878156066 0.000109731727640797 9.68993022620495e-05 8.53377466864118e-05 7.49515004460684e-05 6.56612353809703e-05 5.75155378785043e-05 5.02463561257523e-05 4.3777760962065e-05 3.80381587828241e-05 3.29602815397122e-05 2.84811525222349e-05 2.45420289940195e-05
0.00166616038128032 0.00157748173889791 0.00149010943043458 0.00140432506020101 0.00132038804737096 0.00123876082528685 0.00115970392796819 0.00108319457843816 0.00100937765638601 0.00093837497145693 0.000870285765411903 0.000805187321613981 0.000743223558333719 0.00068483091876506 0.000629528311059826 0.000577299735141625 0.000528113828825704 0.000481925082594691 0.000438675068581998 0.000398293680168449 0.000361092662758763 0.000326651402928452 0.000294759967342703 0.00026531118944724 0.000238194028300075 0.000213294568147047 0.000190496970267406 0.000169831367584299 0.000151190463400789 0.000134249965095031 0.00011889744665181 0.000105023211222876 9.25207220426989e-05 8.12869821037584e-05 7.12365046761375e-05 6.24219412903845e-05 5.45540052731055e-05 4.7550819071029e-05 4.13351729490097e-05 3.58345149062161e-05 3.09809144441493e-05 2.67110013446252e-05
0.00179134009842127 0.00169613321566526 0.00160231864273178 0.00151019942822945 0.00142005482369732 0.001332381384208 0.00124745987174088 0.0011652672909912 0.00108595991299683 0.00100966922025394 0.000936502441873145 0.000866543204439614 0.000799946586177371 0.00073718162626349 0.000677732772690589 0.000621583332116827 0.000568700080809577 0.000519034569113687 0.000472524441421088 0.000429094767770005 0.000389080739359466 0.000352030992882686 0.00031772031309204 0.000286033827678286 0.00025685247841751 0.000230054096017803 0.000205514423719009 0.000183266084675089 0.000163194024519874 0.000144949879957739 0.00012841297178455 0.000113465537964623 9.99931974797704e-05 8.78853591000215e-05 7.705025111492e-05 6.75447290855364e-05 5.90577627954267e-05 5.1501398874384e-05 4.47926905995262e-05 3.88536876768551e-05 3.36113979107464e-05 2.89977220061136e-05
0.00191873076151162 0.00181689618710485 0.00171654059077978 0.00161798883892716 0.00152154036131601 0.00142772635295763 0.00133684816199191 0.00124888264575061 0.00116399766751908 0.0010823345543791 0.00100400866611241 0.00092911008834245 0.000857805238425606 0.000790596231066254 0.000726932588558215 0.000666796926103716 0.000610154142141817 0.000556952814152729 0.000507126611253036 0.000460595719427393 0.00041771912205064 0.000378014276243224 0.000341240475313027 0.000307275041046678 0.00027599079406706 0.000247257205045877 0.000220941491074853 0.000197078822598578 0.000175546297711341 0.00015597114325608 0.00013822432345426 0.000122179910445586 0.000107715581391164 9.47130566044746e-05 8.3074206215276e-05 7.28602001353365e-05 6.37379318887967e-05 5.56132963245021e-05 4.83975375151611e-05 4.20072383240972e-05 3.6364279880717e-05 3.13957722973481e-05
0.00204756617409483 0.0019390459857378 0.00183209165434365 0.0017270500959265 0.00162424113180776 0.00152423089398967 0.00142734153456019 0.00133354982231434 0.00124303533144528 0.00115594933385974 0.00107241540252009 0.000992530147657956 0.000916471423261429 0.000844774675571022 0.000776854250737862 0.000712692071370606 0.000652251147124628 0.000595477062973388 0.000542299485536234 0.000492633683021965 0.000446862613918829 0.000404472328607527 0.000365206519789419 0.000328934653290853 0.000295521377651272 0.000264827752261164 0.000236712417003385 0.000211213130316372 0.000188199107328092 0.00016727299144467 0.000148297345377795 0.000131138032296299 0.000115664746218246 0.000101751479507667 8.92937172151962e-05 7.83570330015547e-05 6.85860594066786e-05 5.98805080088576e-05 5.21457834825117e-05 4.5292972836324e-05 3.92388025828736e-05 3.39055652610546e-05
0.00217709709755196 0.00206187453887154 0.00194830444954355 0.00183675588602054 0.00172756914234425 0.00162134536411691 0.00151842758457805 0.00141879252980946 0.00132263152086267 0.0012301058026345 0.00114134718230059 0.00105645880929616 0.000975629989322209 0.000899429531780263 0.000827236570248548 0.000759032329949823 0.000694777925481085 0.000634415942183095 0.00057787203678636 0.000525056552604795 0.000476376442003725 0.000431286324153717 0.000389514282511063 0.000350921927129858 0.000315365736734029 0.000282698363799801 0.000252769877440821 0.000225620648944413 0.000201112030333642 0.000178822074470079 0.000158604956841936 0.000140318346794176 0.000123823970947756 0.000108988109797911 9.56998835598319e-05 8.40293400150088e-05 7.35988139759628e-05 6.43018474653223e-05 5.60380182713281e-05 4.87129287044876e-05 4.22381603285426e-05 3.65311961758068e-05
0.00230654351173276 0.00218464490321371 0.00206448461812627 0.0019464537953121 0.00183091314309964 0.00171849866547544 0.00160957420517022 0.00150411647621756 0.0014023284947349 0.00130438143022195 0.00121041527970794 0.00112053969210262 0.00103495535259135 0.000954264228823406 0.000877810429476234 0.000805574473249327 0.000737515577885587 0.0006735733347464 0.000613669403814433 0.000557709224107317 0.000506123587613535 0.000458335870964404 0.000414058645461198 0.000373145718441273 0.000335445457105877 0.000300802169994415 0.000269057422531303 0.000240254207234124 0.000214246091361357 0.000190586705538467 0.000169121914910991 0.000149701271779671 0.000132178611468776 0.00011641257747383 0.000102285995392215 8.98734382700299e-05 7.87750620887061e-05 6.88783008818902e-05 6.00769632707823e-05 5.22712205430825e-05 4.53675587883172e-05 3.92786966878888e-05
0.00243510560503991 0.00230660175092486 0.00217992081307427 0.00205547579965452 0.00193364762938752 0.00181510676867734 0.0017002376426692 0.00158901696708151 0.00148165930956119 0.00137834563570549 0.00127922401952129 0.00118441051266186 0.00109411701637487 0.00100897820551952 0.00092830358353496 0.000852072948558203 0.000780243623998179 0.000712752225881874 0.000649516451685991 0.000590436885351252 0.000535967824333822 0.000485501812804796 0.000438736116885705 0.000395516849262571 0.000355684382243464 0.00031907480447469 0.000285521307986459 0.000255069498130359 0.00022756529691293 0.000202538263527655 0.000179826095033408 0.000159270367854258 0.000140717165185873 0.000124017629837195 0.000109048415338952 9.58886522076599e-05 8.41165979635724e-05 7.36136902547182e-05 6.42680735232084e-05 5.597458616278e-05 4.86347098742759e-05 4.21564829045719e-05
0.00256195829132142 0.00242696646268396 0.00229388035557303 0.00216313447140099 0.00203512958231934 0.00191056996798688 0.00178986024502729 0.00167297712617957 0.00156014649017869 0.00145155888551018 0.00134737027776671 0.00124770296420589 0.00115277980232305 0.00106326746361733 0.000978441509690368 0.000898280998618229 0.000822741366289676 0.000751756285524178 0.000685239547612877 0.00062308696069762 0.000565775804037199 0.000512668432732882 0.000463447130609867 0.000417950481936969 0.000376011042491606 0.000337456869735587 0.000302112979580881 0.000270027564795996 0.000241039106812841 0.000214653636758623 0.000190700895287902 0.000169014692515766 0.000149433565694106 0.000131801358565746 0.000115988730939407 0.000102079384852699 8.96301292853719e-05 7.8516570304035e-05 6.86213434096091e-05 5.98340994761334e-05 5.20514511103075e-05 4.51768812026623e-05
0.00268595396195385 0.0025446587351678 0.00240534944111783 0.00226848146380172 0.00213447485113616 0.00200406667669387 0.00187768112035407 0.00175529486364433 0.00163714471466777 0.0015234304677758 0.00141431568845391 0.0013099286735855 0.00121050283472004 0.00111673574554223 0.00102787004886172 0.000943884034581844 0.000864731263705218 0.0007903425174426 0.000720627769517183 0.000655478175804287 0.000595393193379569 0.000539705977251011 0.000488084323989123 0.000440359542686015 0.000396356643494035 0.000355895938535635 0.000318794565687666 0.000285103257395434 0.000254653358837452 0.000226928202839093 0.000201749890588074 0.000178944779266486 0.000158344168168102 0.000139784902869106 0.000123131913374312 0.000108473468491479 9.53456270584186e-05 8.36184092952478e-05 7.3169173392111e-05 6.38825998352251e-05 5.56506344922351e-05 4.83723923104023e-05
0.00280651260141997 0.00265913028546195 0.00251381120386238 0.00237103089432611 0.00223122799219127 0.00209517116920882 0.00196330342253826 0.00183560135622616 0.00171231225731147 0.00159364476923074 0.00147976971479959 0.00137082110245169 0.00126704242962442 0.00116916090173667 0.00107638743130738 0.000988699508781856 0.000906048836465687 0.000828363365403755 0.000755549356048316 0.000687493456589352 0.000624716370843563 0.000566523200813846 0.000512567829389185 0.00046267458311681 0.000416661239044789 0.000374340693212034 0.000335522548336463 0.000300260016634268 0.000268377654231502 0.000239337054395672 0.000212953041547412 0.000189044878306236 0.000167436978000842 0.000147959531762399 0.000130472039974506 0.000115067318098023 0.000101261487927141 8.89192643862968e-05 7.79129928974848e-05 6.81226316738804e-05 5.94356912400875e-05 5.17471331119498e-05
0.00292288906891078 0.00276968010566763 0.00261860825373349 0.00247016831646843 0.00232481667873467 0.00218335216717605 0.00204623568998682 0.00191344370940788 0.00178523344615618 0.00166182191309237 0.00154338677686462 0.00143006741032553 0.00132211683444144 0.00122029036232187 0.00112376860333521 0.00103252821220158 0.00094651905336535 0.000865666322874822 0.000789872694438604 0.000719020483275539 0.000653650525173114 0.000593041245186091 0.000536833300397601 0.000484844385528904 0.000436885418698982 0.000392762273715718 0.000352277427943669 0.00031548649953892 0.000282207668958151 0.000251881937129572 0.00022431728390342 0.000199326304198869 0.000176726944497864 0.000156343150635974 0.000138029349991866 0.000121882872925914 0.000107400880084518 9.44431149212811e-05 8.28772249209631e-05 7.25787413802153e-05 6.34310150330671e-05 5.53251095297018e-05
0.00303438425757232 0.0028756516177142 0.00271912603013198 0.00256532052111859 0.0024147082418558 0.00226811648906396 0.00212602302014673 0.0019884040747652 0.00185552617007133 0.00172761412834964 0.00160485197789242 0.00148738405173438 0.00137547224055607 0.00126989819403859 0.00116981387935608 0.00107519507490048 0.000985989833158119 0.000902120684287177 0.000823486864026536 0.000749966559309304 0.000682119444851241 0.000619198868808284 0.000560833062423911 0.000506833496639175 0.000457004665642687 0.000411145878572888 0.00036905296324488 0.000330783857649374 0.000296150845678043 0.000264575667046135 0.000235859957755578 0.000209810139424665 0.000186238176999054 0.000164962244687881 0.000145832109367999 0.000128949575995482 0.000113793977325046 0.000100220471675914 8.80923729803015e-05 7.72811275080434e-05 6.76662452267942e-05 5.9135187877478e-05
0.00314035661432557 0.00297644366068594 0.00281480325860873 0.00265596546641193 0.00250041907922194 0.00234901794622521 0.00220225546345751 0.00206010755313089 0.00192284930375999 0.00179071271043675 0.0016638876155082 0.00154252285370846 0.00142688844416276 0.00131779036443156 0.00121435382721363 0.00111655369054149 0.00102433622647772 0.000937621402574403 0.000856305187560616 0.000780261874401452 0.000710068513110823 0.00064495519159289 0.00058453862392717 0.000528624521347041 0.000477011448514068 0.000429492669651904 0.000385857903236074 0.000346167310688371 0.000310227823086628 0.000277443427252858 0.00024760998290338 0.000220528298632379 0.000196004907725659 0.000173852749369994 0.000153917397224475 0.000136305085509227 0.000120478602235538 0.000106288958119535 9.35955462206599e-05 8.2266115002757e-05 7.21766950156066e-05 6.32114813427143e-05
0.00324023273126908 0.00307152058663804 0.00290514155273109 0.00274164138916038 0.00258152328138147 0.00242566549194929 0.00227457570506383 0.00212822941960374 0.00198690948795453 0.00185085436963284 0.00172025911233832 0.00159527654350308 0.00147618398717662 0.0013638095148639 0.00125725369011278 0.00115649040429402 0.00106146418691018 0.000972092560635502 0.00088826842019791 0.000809862428032784 0.000737467385045224 0.000670292142442625 0.00060794291002955 0.000550220157608519 0.00049691707213443 0.000447821452740403 0.000402717510946922 0.000361667527163695 0.000324473686376222 0.000290523899280779 0.000259608881339449 0.000231524451937668 0.000206072324851271 0.000183060801548739 0.000162331782890006 0.000143995885890843 0.000127500777501329 0.000112693807715584 9.94309079380463e-05 8.75765597083103e-05 7.70037162459408e-05 6.759367902171e-05
0.00333328082982683 0.00316020036928313 0.00298950794937584 0.00282176351730544 0.00265748322346715 0.00249756731123401 0.00234253621951444 0.00219236490680949 0.00204734307394425 0.00190771484250476 0.00177367977684943 0.00164539412203305 0.00152314157492709 0.00140776976779543 0.00129835701139125 0.00119487618167345 0.00109727011239412 0.00100545401878853 0.000919317944405454 0.000838729223811868 0.000764294570994276 0.000695203900064981 0.000631054068726328 0.000571640896405372 0.000516752821279271 0.000466172837908588 0.000419680336793022 0.000377339603540079 0.000338948768951691 0.000303881568983353 0.000271924293669523 0.000242868482573806 0.000216511726004743 0.000192658366810778 0.000171147225357714 0.000152093256839678 0.000134930616616466 0.000119503547359118 0.00010566504074771 9.32768010939914e-05 8.22091612263936e-05 7.234095289825e-05
