resources/Exp000_Example-Run/Run01_M2/TimeSeries/2005/model/2005_biasfile.asc
NCOLS 265 
NROWS 230 
XLLCORNER -115.5625 
YLLCORNER 24.8333333333333 
CELLSIZE 0.0833333333333333 
NODATA_value -9999 
[rows 209 to 227 of 230, columns 42 to 83 of 265]
2.21782988006278e-06 2.34879434749651e-06 2.48577089074454e-06 2.62932406315572e-06 2.78012467020331e-06 2.93896393179469e-06 3.10805793133719e-06 3.28842502431173e-06 3.48092527687211e-06 3.68724586884049e-06 3.90933705863077e-06 4.14944239723783e-06 4.41013115782502e-06 4.69585997766781e-06 5.01336382651975e-06 5.36374798456329e-06 5.75182274132412e-06 6.18301991905408e-06 6.66344952284249e-06 7.19995870818365e-06 7.8001930037318e-06 8.48771572040605e-06 9.26310209664011e-06 1.01368697071351e-05 1.112167996128e-05 1.22314412038192e-05 1.34813729648167e-05 1.48880675266944e-05 1.6491037256354e-05 1.8312563208142e-05 2.03608587455389e-05 2.26599781814698e-05 2.52355642716251e-05 2.81148313808135e-05 3.13265342619115e-05 3.49166097575349e-05 3.89700008449942e-05 4.34669037840276e-05 4.84422505693934e-05 5.39317237982373e-05 5.99715309277452e-05 6.65981544250584e-05
1.72677250828917e-06 1.83188910325747e-06 1.94248806142521e-06 2.05916202416327e-06 2.18261182902319e-06 2.31366104511156e-06 2.45451851597583e-06 2.60627872660338e-06 2.76987528682953e-06 2.94704957570508e-06 3.13981361724463e-06 3.35048151989479e-06 3.58170322307999e-06 3.83803881279539e-06 4.12638386204887e-06 4.44797056942068e-06 4.80776486595401e-06 5.21137559218379e-06 5.6651130686287e-06 6.17604999182933e-06 6.75208458758227e-06 7.41743242249138e-06 8.17280594121288e-06 9.02907889854946e-06 9.99932810265177e-06 1.10979153673273e-05 1.2340552774619e-05 1.37443650563315e-05 1.53500583860426e-05 1.71806224705161e-05 1.92445530249367e-05 2.15666318695645e-05 2.41732656004482e-05 2.70924664978041e-05 3.03538186204298e-05 3.40045713152423e-05 3.81320751338307e-05 4.27158700849955e-05 4.77918047950286e-05 5.33964769526765e-05 5.95670002204126e-05 6.63407465607954e-05
1.34032998561738e-06 1.42493548724768e-06 1.51458282933293e-06 1.60988573294916e-06 1.71156782041877e-06 1.82047747987265e-06 1.93881424913605e-06 2.06773415886935e-06 2.20823105723397e-06 2.36209009503124e-06 2.53137355711784e-06 2.7184533273355e-06 2.92604573502669e-06 3.15879547456141e-06 3.42373009241075e-06 3.72218970954488e-06 4.05927001909435e-06 4.44072759778773e-06 4.87304006753401e-06 5.36346858903805e-06 5.92012261412979e-06 6.56775961833329e-06 7.30720996002879e-06 8.14964546958059e-06 9.10849027640095e-06 1.01984853302247e-05 1.143575450747e-05 1.28378676731493e-05 1.44465269542943e-05 1.62853149790677e-05 1.83629650751821e-05 2.0704867306838e-05 2.33380669460929e-05 2.62912435142709e-05 2.95946746541177e-05 3.32967066913222e-05 3.74867017971999e-05 4.2143654985928e-05 4.73041823456231e-05 5.30056479926958e-05 5.92859248578872e-05 6.61831304856098e-05
1.03770227441049e-06 1.10610109201447e-06 1.17917559455193e-06 1.25755473956095e-06 1.34197878381662e-06 1.43331442339847e-06 1.53374959749039e-06 1.64448892774571e-06 1.7665745193338e-06 1.90182540734599e-06 2.05234306930984e-06 2.22054471780181e-06 2.4091990332369e-06 2.62301623632519e-06 2.86912670064073e-06 3.14896032620156e-06 3.46771653545407e-06 3.83127014577301e-06 4.24623279682871e-06 4.72001671359131e-06 5.26090072767555e-06 5.89407176692413e-06 6.62045960897082e-06 7.45147554525922e-06 8.40082222356533e-06 9.48354455273131e-06 1.07160964610755e-05 1.21164044788375e-05 1.37269656042079e-05 1.55718377799449e-05 1.76599463088569e-05 2.00171677159326e-05 2.26710578564187e-05 2.56508294415524e-05 2.89873141121088e-05 3.27297335600565e-05 3.69690542666073e-05 4.16838369235426e-05 4.69113091719504e-05 5.26894455131115e-05 5.90567231969575e-05 6.60518528058328e-05
8.04329688884732e-07 8.60101678868424e-07 9.20246582040332e-07 9.85403426468809e-07 1.05632355754556e-06 1.13388598948117e-06 1.22026417695205e-06 1.31669922308275e-06 1.42427017136718e-06 1.54482002075857e-06 1.68047820250053e-06 1.83369449638138e-06 2.00727543001527e-06 2.20597645031538e-06 2.43699965642093e-06 2.70184678069547e-06 3.00579363813437e-06 3.35480228823111e-06 3.75558339151615e-06 4.21566090106727e-06 4.74343900864589e-06 5.36441444885028e-06 6.07959817424691e-06 6.90057932598595e-06 7.84126660023722e-06 8.91692963110786e-06 1.0144266178729e-05 1.15414660405441e-05 1.31516080257171e-05 1.49991009411155e-05 1.7093013728042e-05 1.94595799042487e-05 2.21267294680812e-05 2.5124065238274e-05 2.8482823535269e-05 3.22528643350708e-05 3.65263224701716e-05 4.12814395072209e-05 4.65558855881544e-05 5.23880758101587e-05 5.88169225049712e-05 6.58815619907678e-05
6.25825828316339e-07 6.71824468607027e-07 7.21944426897424e-07 7.76830278873834e-07 8.37239502416563e-07 9.04057969521121e-07 9.79441071143277e-07 1.06465530916175e-06 1.16080623139907e-06 1.26975104000188e-06 1.39363595843949e-06 1.53493056746269e-06 1.6964646517039e-06 1.88301789483884e-06 2.10183191710186e-06 2.35446317080073e-06 2.64623606200561e-06 2.98316835369681e-06 3.37203411308897e-06 3.82042898777797e-06 4.33683772816279e-06 4.94694366481091e-06 5.65182166892377e-06 6.46317609346976e-06 7.39504784962705e-06 8.46285052613653e-06 9.68343776186324e-06 1.10751672695033e-05 1.26814813146442e-05 1.45270122862325e-05 1.66209233823593e-05 1.89896721304081e-05 2.16614222942796e-05 2.46660193291011e-05 2.8034950049729e-05 3.1818467840766e-05 3.61094253624874e-05 4.08858614266925e-05 4.61857121451398e-05 5.20476554071837e-05 5.85108608595518e-05 6.56147142392754e-05
4.87310576890903e-07 5.25626061131933e-07 5.67848670626722e-07 6.14624790689848e-07 6.66713858834169e-07 7.25003927443911e-07 7.91628369766813e-07 8.67869656583333e-07 9.54850928718413e-07 1.05443471781757e-06 1.16877382627873e-06 1.30034589638961e-06 1.45199050409106e-06 1.62849174118535e-06 1.83710031487434e-06 2.07941246280399e-06 2.36077535814142e-06 2.687233168413e-06 3.06559028194286e-06 3.50347685098921e-06 4.00941656754408e-06 4.60916366103863e-06 5.30384203521554e-06 6.10521313705481e-06 7.02738145433579e-06 8.08582940712084e-06 9.29748466245967e-06 1.06807840531298e-05 1.22793292322273e-05 1.41178574885576e-05 1.62055803336618e-05 1.85690548524758e-05 2.12365470278518e-05 2.42380065638866e-05 2.76050258687674e-05 3.13880215238311e-05 3.56801402681812e-05 4.04593257400982e-05 4.57636126690377e-05 5.16317728126789e-05 5.81030638531219e-05 6.52169526274632e-05
3.80262328064999e-07 4.12545555164025e-07 4.48550705655733e-07 4.88922591217995e-07 5.34418774669044e-07 5.85925132399769e-07 6.45548551517133e-07 7.14578807198581e-07 7.94148436780207e-07 8.86116676938121e-07 9.92632940769337e-07 1.11617143883941e-06 1.25956832578197e-06 1.42759227909791e-06 1.627472676122e-06 1.86083163887968e-06 2.13301368480662e-06 2.45006054350379e-06 2.81877435726428e-06 3.24678317959834e-06 3.74260868688867e-06 4.33196108802189e-06 5.0159996462929e-06 5.80648576912131e-06 6.71751993284938e-06 7.76457938707125e-06 8.96458516162468e-06 1.03359656537321e-05 1.19222800610283e-05 1.37482534422506e-05 1.58231003974498e-05 1.81733543808055e-05 2.08272532504214e-05 2.38147136905023e-05 2.71672898114711e-05 3.09353327012253e-05 3.52118620563985e-05 3.99748319133141e-05 4.52622083430051e-05 5.11126878532654e-05 5.75654463979026e-05 6.46598628042416e-05
2.97847617200365e-07 3.25394339172508e-07 3.56499667471539e-07 3.91803738656589e-07 4.32058681432529e-07 4.78144107852856e-07 5.32135522446525e-07 5.95322018076805e-07 6.68837979085133e-07 7.54530990717802e-07 8.54537390600006e-07 9.71316766675519e-07 1.10768896913476e-06 1.26838762415568e-06 1.46059066371333e-06 1.68593321579443e-06 1.94973231338047e-06 2.2579990835426e-06 2.61750162547565e-06 3.03583016083671e-06 3.52146437128344e-06 4.09995733851737e-06 4.77249120369437e-06 5.55077162388207e-06 6.4488290608183e-06 7.48206330371622e-06 8.66730991523656e-06 1.0022903255334e-05 1.15921621767263e-05 1.33996849150937e-05 1.54546450356917e-05 1.77834315338838e-05 2.04141261886888e-05 2.33764777928592e-05 2.67018606506447e-05 3.0440335371966e-05 3.46843801605651e-05 3.94120623150556e-05 4.46611138655405e-05 5.0469988650441e-05 5.68776126071319e-05 6.3923108667802e-05
2.34614901670873e-07 2.58435383526245e-07 2.85667130843215e-07 3.16942738042093e-07 3.53005576364404e-07 3.94725144020734e-07 4.44140349692972e-07 5.02532234945939e-07 5.71030079949133e-07 6.51461766075107e-07 7.45941204172818e-07 8.5690254167966e-07 9.87136860262534e-07 1.1413234811409e-06 1.32655938437894e-06 1.54448083194733e-06 1.80035334004783e-06 2.10013017708832e-06 2.45051463310405e-06 2.85902452855143e-06 3.33405887767862e-06 3.90090342377515e-06 4.56075185747793e-06 5.32520024738304e-06 6.20814517196914e-06 7.2248389887726e-06 8.391955466616e-06 9.72765201350903e-06 1.12748149848998e-05 1.30578047413029e-05 1.50857111704189e-05 1.73846614582237e-05 1.99824569461705e-05 2.29085473588946e-05 2.61939894586512e-05 2.98883343157708e-05 3.40831149701059e-05 3.87566113798094e-05 4.39461598635203e-05 4.9689807758277e-05 5.60260661221058e-05 6.29936373308733e-05
1.8623789558323e-07 2.07114289302201e-07 2.3126575935096e-07 2.59314697614953e-07 2.91992610434673e-07 3.30155260052296e-07 3.75799554566343e-07 4.30191694528293e-07 4.94449469903454e-07 5.70373357373786e-07 6.60045887616437e-07 7.65865402239514e-07 8.90582266526224e-07 1.03880283324421e-06 1.21751455024016e-06 1.42834393006111e-06 1.67648194108463e-06 1.96779787794969e-06 2.30890074883825e-06 2.70720286188345e-06 3.17098552671616e-06 3.72516092548578e-06 4.37092407641371e-06 5.11970994341879e-06 5.98522003712043e-06 6.98249223705736e-06 8.1279653619388e-06 9.43954037194331e-06 1.0959486496523e-05 1.2711819707285e-05 1.47055054207309e-05 1.69662962492949e-05 1.9521593529875e-05 2.24004217210246e-05 2.56333874525532e-05 2.9269321310481e-05 3.33984223467304e-05 3.79992783201833e-05 4.31086736585568e-05 4.87640907970005e-05 5.50034663758809e-05 6.18649227214659e-05
1.49941539145526e-07 1.68508361740438e-07 1.90221677785594e-07 2.15691041749485e-07 2.45632999238128e-07 2.80885950689083e-07 3.23398940371867e-07 3.7441667704779e-07 4.35039227812202e-07 5.07031866667823e-07 5.92436671449263e-07 6.93605670398995e-07 8.13236398532465e-07 9.55843130840134e-07 1.12827454341397e-06 1.33213682786462e-06 1.57252307114445e-06 1.85519214189239e-06 2.18662891898205e-06 2.57410667120292e-06 3.02575150537824e-06 3.56599387378574e-06 4.1960203563817e-06 4.92705269782013e-06 5.77253538034403e-06 6.74722389495068e-06 7.86724799279761e-06 9.15017162327813e-06 1.06374594117488e-05 1.23526749648481e-05 1.43046179791874e-05 1.65185519914944e-05 1.90213568635048e-05 2.18415035140134e-05 2.50090135967107e-05 2.8571782619388e-05 3.2618279993318e-05 3.71274975828905e-05 4.21355086109011e-05 4.76790689151795e-05 5.37953777388511e-05 6.05218142945879e-05
1.22404704972065e-07 1.3911981645491e-07 1.5885692970446e-07 1.82210425460324e-07 2.09879132020936e-07 2.42680848768724e-07 2.8251117673922e-07 3.30587511129731e-07 3.87986761382763e-07 4.56431980123879e-07 5.3791662361492e-07 6.34736944829849e-07 7.49526740210792e-07 8.86690858954783e-07 1.05291268101718e-06 1.24976891683765e-06 1.4822337815003e-06 1.75593192690955e-06 2.07719726313208e-06 2.45313387565616e-06 2.89167895758305e-06 3.4166835047915e-06 4.02931733141439e-06 4.74054214549513e-06 5.5634896880357e-06 6.51257198802976e-06 7.60354305993763e-06 8.85355735844688e-06 1.03031059399741e-05 1.19752028761669e-05 1.38784451082765e-05 1.6037503910146e-05 1.84786281562754e-05 2.12296195310447e-05 2.4319793038151e-05 2.77959154205113e-05 3.17443692642452e-05 3.61446371190682e-05 4.10319368946592e-05 4.64421514843358e-05 5.24115951347408e-05 5.89767561739158e-05
1.01225798797268e-07 1.16419228887086e-07 1.34511917169778e-07 1.56081027641916e-07 1.81805254216148e-07 2.12478948897949e-07 2.49939135504603e-07 2.95370867023534e-07 3.49823217413126e-07 4.14970823847755e-07 4.92751311290953e-07 5.85396806536572e-07 6.95467740971615e-07 8.2724413286363e-07 9.87220527306631e-07 1.17693632020791e-06 1.4012283495819e-06 1.66556608056317e-06 1.9761088006958e-06 2.33976484938526e-06 2.76425280259859e-06 3.2727577546289e-06 3.86642573137146e-06 4.55591717631086e-06 5.35400199269668e-06 6.27469491984451e-06 7.33331546671253e-06 8.54654468720089e-06 9.95375089903414e-06 1.15773129544554e-05 1.34255924429498e-05 1.55225772862132e-05 1.78937886685646e-05 2.05662568444857e-05 2.35684826547227e-05 2.69459328959608e-05 3.07825875924063e-05 3.50584962772973e-05 3.98078939740947e-05 4.50656610198792e-05 5.08670958844607e-05 5.72476650153014e-05
8.48814858527996e-08 9.88020361407618e-08 1.15499390390278e-07 1.35531655643064e-07 1.59555210380842e-07 1.88338387343032e-07 2.23654833379246e-07 2.66652778764945e-07 3.18349306785366e-07 3.80365028103032e-07 4.54575205325338e-07 5.43140274885476e-07 6.48538584708295e-07 7.74911303290124e-07 9.28542731587197e-07 1.11092803460298e-06 1.32674992897635e-06 1.58130372140899e-06 1.8805526800118e-06 2.23118537202199e-06 2.64067489136675e-06 3.1314620073995e-06 3.70466283067246e-06 4.37059926908638e-06 5.14163497885148e-06 6.03133871581435e-06 7.05454231325911e-06 8.22739559818262e-06 9.58800902916767e-06 1.11580486977864e-05 1.29456113879588e-05 1.49739191672053e-05 1.72676779221471e-05 1.98530538709928e-05 2.2757636241797e-05 2.6025436699634e-05 2.97377464348103e-05 3.38752509836911e-05 3.84710866878346e-05 4.35590136431015e-05 4.91731957553375e-05 5.53479585649435e-05
7.21940760533543e-08 8.50280573477304e-08 1.00515735829338e-07 1.19194532970295e-07 1.41696579090168e-07 1.68761906381481e-07 2.02096414383098e-07 2.42807582063073e-07 2.91876868180241e-07 3.50865871645255e-07 4.2158169035241e-07 5.06106350827614e-07 6.06828373663474e-07 7.27737578572322e-07 8.74888942327331e-07 1.0497273825808e-06 1.25676663364672e-06 1.50111100816783e-06 1.7885087689749e-06 2.12540739408244e-06 2.51901066096496e-06 2.99094526690363e-06 3.54229213106481e-06 4.18300157138918e-06 4.92499159426355e-06 5.78134176425434e-06 6.76634905450949e-06 7.89558074318054e-06 9.20576940569515e-06 1.07177995475258e-05 1.24394770363022e-05 1.43931848075249e-05 1.66027356228586e-05 1.90933493801119e-05 2.18916170896155e-05 2.50399573501186e-05 2.86167180406262e-05 3.26032819455191e-05 3.70315837007934e-05 4.1934158429393e-05 4.73439297320349e-05 5.32939762575063e-05
6.22587243923575e-08 7.41448995348277e-08 8.85605010012809e-08 1.06020855961049e-07 1.27132173124917e-07 1.52604207426758e-07 1.84071249834953e-07 2.22596653882299e-07 2.69123139115863e-07 3.2514896748941e-07 3.92408038208916e-07 4.72898138610287e-07 5.6891124471815e-07 6.84274954479185e-07 8.24798327958787e-07 9.91870899927901e-07 1.18982453925387e-06 1.42355797094892e-06 1.69858799642125e-06 2.02110252885476e-06 2.39801537276781e-06 2.85007859380125e-06 3.37833345238195e-06 3.99233003749108e-06 4.70350655464268e-06 5.5244159258818e-06 6.46877936313351e-06 7.55153710438812e-06 8.80793972543039e-06 1.02580304766664e-05 1.19093016938663e-05 1.3783233619105e-05 1.59026783718407e-05 1.82918381352469e-05 2.09762305472389e-05 2.39965614296887e-05 2.74280144765209e-05 3.12527228064835e-05 3.55013298725706e-05 4.02050548461776e-05 4.53954891486435e-05 5.11043724316139e-05
5.43848016525993e-08 6.54262243955219e-08 7.88714784151486e-08 9.52126143841421e-08 1.15028513793449e-07 1.38996992820767e-07 1.68677444989565e-07 2.05086278500193e-07 2.4912487385145e-07 3.02224515383749e-07 3.66041666213045e-07 4.42484967643863e-07 5.33744197026263e-07 6.43475560749685e-07 7.772282115024e-07 9.36332024671969e-07 1.12492616301614e-06 1.34769148471339e-06 1.6098994840453e-06 1.91746296515133e-06 2.27698838101126e-06 2.70830215368928e-06 3.21240218506306e-06 3.79841424536583e-06 4.47726800647867e-06 5.26095823728108e-06 6.16259597352337e-06 7.19645697510014e-06 8.39622217033929e-06 9.78104334288711e-06 1.13580802772655e-05 1.31478570166637e-05 1.51722081973494e-05 1.74542581769145e-05 2.00183879372303e-05 2.29034897146806e-05 2.61813970093997e-05 2.98350379393173e-05 3.38936893873941e-05 3.83871779114677e-05 4.33456853260712e-05 4.87995346520095e-05
4.81636756407982e-08 5.84427700522238e-08 7.09988097557498e-08 8.62995453968969e-08 1.04895312849046e-07 1.27430547966309e-07 1.55386874371808e-07 1.89731311679741e-07 2.31321648821762e-07 2.81519025941079e-07 3.41898783664099e-07 4.14276147825893e-07 5.00733776943767e-07 6.0474849980795e-07 7.31597377255619e-07 8.82546917486182e-07 1.06153414229331e-06 1.27301135623443e-06 1.52199269641891e-06 1.81410232977757e-06 2.15562423324497e-06 2.56541477105652e-06 3.04442528426971e-06 3.60133626053805e-06 4.24654383183114e-06 4.99145718956196e-06 5.84854724076858e-06 6.83139268298182e-06 7.97202850110122e-06 9.28867130869086e-06 1.07881317876146e-05 1.24899312057717e-05 1.4414837234115e-05 1.65848440735418e-05 1.90231409541187e-05 2.17667187593859e-05 2.48838988471278e-05 2.83584432018369e-05 3.22181964859189e-05 3.64915258786877e-05 4.12071361519423e-05 4.63938660754626e-05
