resources/Exp000_Example-Run/Run01_M2/TimeSeries/2005/model/2005_biasfile.asc
NCOLS 265 
NROWS 230 
XLLCORNER -115.5625 
YLLCORNER 24.8333333333333 
CELLSIZE 0.0833333333333333 
NODATA_value -9999 
[rows 19 to 37 of 230, columns 126 to 167 of 265]
0.00159144869113785 0.00165614322038075 0.00171955076715726 0.00178109939042843 0.00184049190978821 0.00189751744075658 0.00195187317529506 0.00200326477605695 0.00205140845363612 0.00209603300895718 0.00213663883228062 0.0021726487366596 0.00220434188518741 0.00223153856019726 0.00225408288700207 0.00227184395222719 0.00228471677681157 0.00229262314071268 0.00229461368605651 0.0022915383871231 0.00228346625579696 0.00227045480512644 0.00225258848326755 0.00222997795069501 0.00220275920885816 0.00217062646546154 0.0021339951569344 0.00209341883247081 0.00204913622554017 0.00200140161272291 0.00195048293701872 0.00189665988300444 0.00184012362524197 0.00178103776870484 0.00172007714716201 0.00165754673076732 0.00159375003028645 0.00152898727642299 0.00146355366560802 0.00139773767603668 0.00133186422360893 0.00126627143965348
0.00173169988571047 0.00180219255341553 0.00187129523648201 0.00193838688471777 0.00200314323443183 0.00206533390571551 0.00212462900796241 0.00218070776240393 0.00223326076335222 0.00228199220245321 0.00232635796905517 0.00236572917025294 0.00240040764324059 0.00243019669926861 0.00245492553307609 0.00247445044986262 0.00248865593467879 0.0024974555609738 0.00249981408893306 0.00249665533144547 0.00248805311549166 0.00247406876984032 0.002454792983534 0.00243034503046059 0.00240087183177738 0.00236603820938246 0.00232629553786602 0.0022822463651095 0.00223414989158711 0.00218228234961291 0.00212693496359672 0.00206841185689605 0.00200692028860692 0.0019426368694667 0.00187629836431668 0.00180823698300279 0.00173878344883192 0.00166826501045685 0.00159700352553699 0.00152531362032539 0.00145354796084532 0.00138207717447206
0.00187710772906911 0.00195362513220041 0.0020286469602466 0.00210150136126414 0.00217183585469986 0.0022393997167639 0.00230383490449815 0.00236479314014766 0.00242193836365205 0.0024749491460435 0.00252323514721449 0.0025661137279923 0.0026039100254082 0.00263640961346402 0.00266342606180237 0.00268480227664565 0.00270041167147925 0.00271015916390462 0.0027129201794682 0.00270969502713273 0.00270056240125247 0.0026855874647638 0.00266486726435968 0.002638529901453 0.00260673352680903 0.00256911224250723 0.00252615465573262 0.00247851418371185 0.00242647121741253 0.00237032473642631 0.00231039009998167 0.00224699677900048 0.00218036866187395 0.00211069573775486 0.00203877926490755 0.0019649797579101 0.00188965622476411 0.00181316400421063 0.00173585268030854 0.00165806407881041 0.00158017958524007 0.00150260378201794
0.00202705335195056 0.00210979809715042 0.00219093964023182 0.00226975385282481 0.00234585900458936 0.00241898324887967 0.00248873942791757 0.00255475081115575 0.002616653745585 0.00267410026489001 0.00272645225165414 0.002772971487931 0.00281400692264731 0.0028493256874098 0.00287872508480091 0.00290203404827772 0.00291911441876344 0.00292986203402913 0.00293305987951013 0.00292978710159053 0.00292012728788108 0.00290414943248873 0.00288195702581628 0.00285368717118742 0.00281950951041085 0.00277902620767998 0.00273276424767956 0.00268142958653604 0.00262532444474925 0.00256477125065691 0.00250011025661151 0.00243169709036709 0.00235977274881231 0.00228454091904669 0.00220686966430143 0.0021271487582647 0.00204576645505027 0.00196310714544215 0.00187954909604718 0.0017954622762918 0.00171125764463746 0.00162737506418805
0.00218083426679996 0.00226998150075215 0.0023574164724832 0.0024423615473647 0.00252440482884711 0.00260325264954895 0.00267848789735063 0.0027497045542499 0.00281651055026795 0.00287853057420933 0.00293507739004554 0.0029853556067662 0.00302973837237469 0.00306797374289178 0.00309984217434084 0.00312515810619463 0.00314377134813857 0.00315556826590569 0.00315923669911631 0.00315593661583491 0.00314575649559227 0.00312876913903395 0.00310508453404062 0.00307484891753078 0.00303824363097895 0.00299483781974353 0.00294519782225967 0.00289008357386611 0.00282981966875343 0.00276475258392588 0.0026952481156246 0.0026216887448684 0.00254433298318678 0.00246339847756268 0.00237982211711875 0.00229402376224896 0.00220642174750925 0.00211743035101647 0.0020274573525435 0.0019369016856626 0.00184620460481793 0.00175584242201638
0.0023378751968052 0.00243357967664756 0.00252746204325779 0.00261869013349263 0.00270682103994162 0.00279153862172877 0.0028723950591276 0.0029489542939478 0.00302079509231683 0.00308751406241023 0.00314837365916328 0.0032025198945799 0.00325035037795261 0.00329159349614234 0.00332601231127217 0.00335340627217222 0.00337361271547882 0.00338650815178596 0.00339068285437823 0.00338737931009196 0.00337669085598545 0.00335869404676588 0.00333350538670819 0.00330128033640491 0.00326221209753867 0.0032158358034883 0.00316275799104535 0.00310379384382491 0.00303929079978048 0.00296961990642552 0.00289517307302006 0.00281636024553095 0.00273345779872472 0.00264669755252117 0.00255708703834331 0.00246507693827835 0.00237111640899687 0.00227565035898078 0.00217911682037133 0.00208194442121964 0.00198460533051575 0.00188761337006874
0.00249699167049051 0.00259935948466394 0.0026997953740661 0.00279741202431138 0.00289173489467856 0.00298242487861873 0.00306900291788378 0.00315100237900095 0.00322797232876258 0.00329948076286277 0.00336473900427254 0.00342283347292904 0.00347418632200125 0.00351850582081443 0.00355553721955817 0.00358506459226585 0.00360691245558904 0.00362094715839546 0.00362565971296806 0.00362237622087693 0.00361119481366304 0.00359219572778186 0.00356550196318087 0.0035312782350621 0.00348972968761277 0.00344035671743841 0.00338380661806026 0.00332095068749712 0.00325215951770496 0.00317782907538589 0.00309837776667815 0.00301424341807771 0.00292572049534433 0.00283305511701942 0.00273732673733041 0.0026390173683388 0.00253860750238903 0.00243657319324247 0.00233338323786207 0.00222949646507212 0.00212541635831732 0.00202169500798538
0.00265719472159363 0.00276629207818963 0.00287334848062752 0.00297742117567904 0.00307800354374292 0.00317473314684084 0.00326709933756747 0.00335460454805993 0.00343676778087861 0.0035131280513508 0.00358284502771238 0.00364494489201047 0.00369987426683807 0.00374732097046482 0.00378701212491637 0.00381871613332763 0.00384224441910604 0.0038574529215536 0.0038627322895978 0.00385949283671385 0.0038478373992558 0.0038278498041114 0.00379965949127133 0.00376344041092162 0.00371940966616959 0.00366703240967327 0.00360699701444936 0.00354023142876803 0.0034671295775146 0.00338811255322717 0.00330362549099718 0.00321413435290275 0.00311995182434469 0.00302133837619349 0.00291944622829303 0.00281478904537711 0.00270787898217276 0.00259922356563835 0.00248932268397022 0.00237866568905225 0.00226778759725758 0.00215727927878116
0.00281750631136786 0.00293336024008559 0.00304706571687019 0.00315762459348372 0.00326449789776251 0.00336729961695584 0.00346548734023955 0.00355853237831009 0.00364592347122523 0.00372717044615656 0.00380138108841787 0.00386752103890767 0.0039260611581023 0.00397666859150608 0.00401905211578853 0.00405296425268075 0.00407820313064027 0.00409461408854396 0.00410048689185612 0.0040973161715196 0.00408520935253342 0.00406425374205407 0.00403458513012445 0.0039963866326528 0.0039498872634897 0.00389451663881567 0.00383100430264557 0.00376033506482211 0.00368292623343509 0.00359922409430777 0.00350970059474542 0.00341484993000208 0.00331500303690581 0.00321043472243757 0.00310237038364803 0.00299135547801927 0.00287793396534681 0.00276264498937565 0.00264601967239152 0.00252857802989882 0.00241088665050487 0.00229357545012464
0.00297691163893818 0.00309950832570002 0.00321985135569283 0.0033368875720742 0.0034500455569124 0.00355891560838444 0.00366292356227805 0.00376150960079847 0.00385413217777517 0.00394027189237632 0.00401898472630875 0.00408917583418498 0.00415133992282835 0.00420512336171717 0.00425021647022966 0.00428635576953518 0.0043133259682263 0.00433096167555492 0.0043374518634096 0.00433437507590471 0.00432184318512533 0.00429994685085734 0.00426882808946364 0.00422867906353524 0.00417974058398701 0.00412140666543651 0.00405444787460007 0.00397990575582371 0.0038982209174876 0.00380986476174682 0.00371533597673102 0.00361515692457666 0.00350967672532254 0.0033991844347004 0.0032849785853471 0.00316763637640424 0.00304773352261377 0.00292584073480062 0.00280252031954969 0.00267832290566862 0.00255384650677558 0.00242976009070448
0.00313437204298632 0.00326365567056047 0.003390583493189 0.00351404808145424 0.00363344566545197 0.00374834287420176 0.00385813399021301 0.00396222824601776 0.00406005396595029 0.00415106265519084 0.00423425888800487 0.00430848775711277 0.00437426726321369 0.00443122302024945 0.00447902688866181 0.004517399365972 0.00454611169715898 0.00456498769829815 0.00457211626822112 0.00456915893778987 0.0045562318606288 0.00453342890560217 0.00450089815891259 0.00445884066142492 0.00440750884175061 0.00434626128536011 0.00427590918776039 0.00419755035236891 0.00411164846868409 0.00401869983022567 0.00391922963577893 0.00381378817956284 0.00370274259447944 0.00358639602587845 0.00346611963046866 0.00334252210037341 0.00321621065570422 0.00308778732454198 0.00295784534838636 0.00282696572112689 0.00269577754204223 0.00256498856615352
0.00328881089764385 0.00342468204919331 0.00355809909174017 0.00368790142162116 0.00381345320542293 0.00393429756283802 0.00404979762089631 0.00415933203469165 0.00426229934369717 0.00435812227427317 0.00444575471904187 0.00452398251793553 0.00459334624725826 0.00465345091545642 0.00470395003803043 0.00474454816669787 0.00477500312457293 0.0047951279404185 0.00480291281813247 0.00480010080711533 0.00478681215324093 0.00476314377554757 0.00472924964069613 0.00468533944917639 0.00463167700064852 0.00456758587302184 0.00449391724193939 0.00441182433203913 0.00432179355354147 0.00422434571276464 0.00412003212403029 0.00400943060361197 0.00389292602109155 0.00377083537835468 0.00364460145356977 0.00351486397687533 0.00338226121579138 0.0032474260566097 0.00311098221754544 0.00297354060216332 0.00283576085509169 0.00269838896943355
0.00343865554433747 0.00358095292455545 0.00372070301775787 0.00385669368085875 0.00398825756976814 0.0041149146410114 0.00423599754088404 0.00435085498896724 0.00445885634523905 0.00455939612250735 0.00465137872463219 0.00473353209017089 0.00480641839055954 0.00486962235213534 0.00492277941273934 0.00496557838835308 0.00499776383223169 0.00501913807918283 0.00502759494403745 0.00502495673768471 0.00501134756533532 0.00498686720651715 0.00495167526394608 0.00490598980016407 0.00485008563686318 0.00478325211071146 0.00470637936134313 0.00462067467981896 0.0045266466329147 0.00442483994044762 0.00431583140084937 0.0042002256919958 0.00407842499057355 0.00395075981160936 0.00381874286023236 0.00368304415617581 0.00354433225993861 0.00340327015921814 0.00326051129339949 0.00311669572506915 0.00297251280882492 0.00282874582758979
0.00358323169899357 0.00373176357694434 0.00387766039384974 0.00401966031997792 0.00415706521121623 0.00428937232706176 0.00441588465423209 0.00453592176437998 0.00464882458728092 0.00475396012865958 0.0048501847327547 0.00493617006932289 0.00501249885443735 0.00507873596757815 0.00513449913895963 0.00517946175172479 0.00521335532343015 0.00523597165906467 0.00524511097321322 0.00524267223104709 0.00522878316696939 0.00520354623848613 0.00516712643340689 0.00511974985848777 0.00506170197457078 0.00499223884154965 0.00491228837662876 0.00482311032759738 0.00472523475925799 0.00461922960092691 0.0045056963894851 0.00438526588104502 0.00425835705938244 0.00412531356515829 0.0039877159699372 0.00384626368488563 0.00370165465731765 0.00355458106683532 0.00340572516580648 0.00325575527359445 0.00310538948338532 0.00295544720221822
0.00372155862244927 0.00387609260361954 0.00402790981849373 0.0041757009342795 0.00431873790672316 0.00445649590244349 0.00458824925833115 0.00471328937102961 0.0048309296702789 0.00494051053640747 0.00504084199603262 0.00513054144966403 0.0052102109651468 0.00527939613947024 0.00533769748152642 0.00538477334710961 0.00542034254038199 0.00544418657364681 0.00545401547960036 0.0054518017680238 0.00543767655662489 0.00541174479011466 0.00537417656511358 0.00532520567251024 0.00526512777047723 0.00519316685061746 0.00511028718313883 0.00501779901953575 0.00491625313186099 0.00480623981025295 0.00468838442825357 0.00456334287030071 0.00443155032729602 0.00429336310874944 0.00415042711873515 0.00400347006290266 0.00385321816802236 0.00370039169374581 0.00354570059495621 0.00338984034455908 0.00323355660744004 0.00307770347261233
0.00385270670205479 0.00401297152283663 0.00417044455854202 0.00432377147217119 0.00447219540293274 0.00461517016327777 0.00475194263215844 0.00488177718334812 0.00500396085185395 0.00511780844418125 0.00522208571299435 0.00531535814345622 0.00539824582921656 0.00547027577529686 0.00553103186941888 0.00558015794622461 0.00561736050558564 0.00564241107644565 0.00565293353602989 0.00565097034769761 0.00563665575298472 0.00561009698648355 0.00557146895419907 0.00552101273145172 0.00545903367603845 0.00538472515620152 0.00529908614148016 0.00520347510297635 0.00509846260170286 0.00498466030025492 0.004862716356134 0.00473331067105834 0.0045968939460453 0.00445383463477975 0.00430584098206774 0.00415366769820815 0.00399806798678186 0.00383978887916384 0.00367956672583641 0.00351812285477575 0.00335622914397791 0.00319477265517549
0.0039758103545358 0.00414149818437293 0.00430432645971726 0.00446289863423976 0.00461643029036835 0.00476435475471002 0.00490589281376998 0.00504028314165141 0.00516678765132814 0.00528469678966633 0.00539273436602726 0.0054894166417177 0.0055753802879556 0.00565013453002058 0.00571324734466786 0.00576434864916658 0.00580313313255959 0.00582936272019876 0.00584057973947099 0.00583889256154918 0.00582443828086138 0.00579732621958816 0.00575773577277375 0.0057059148637006 0.00564217799965094 0.00556568959601381 0.00547748145032629 0.00537895765414647 0.00527070751760643 0.00515336295407313 0.0050275937081301 0.00489410243366537 0.00475335455139524 0.00460573006815444 0.00445299614117431 0.00429593301072893 0.00413531936737934 0.00397192751754747 0.00380651871204747 0.00363983864825233 0.00347268387231716 0.00330597245551262
0.004090079899053 0.00426084910875718 0.00442869874515972 0.00459219312090804 0.00475052168809549 0.00490309827909131 0.00504911911660826 0.00518779865930233 0.00531837512863061 0.00544011597954586 0.00555170567783827 0.00565161426948494 0.00574049344498489 0.00581783557794872 0.00588319354933389 0.00593618405610289 0.00597649055080259 0.00600386580273917 0.00601577573863319 0.00601439016862513 0.00599984875969993 0.0059722627157792 0.00593181558190499 0.00587876165909526 0.00581342400532743 0.00573493996523485 0.00564437208897799 0.00554316719384371 0.00543193218476051 0.00531131797847873 0.00518201457373212 0.00504474596598355 0.00489999141611988 0.00474814182838047 0.00459101943430266 0.00442942835464892 0.00426417110009026 0.00409604357727616 0.00392583026395102 0.00375429956418087 0.00358227096771954 0.0034106913551042
0.00419447031742477 0.00436993519918046 0.00454242896071329 0.00471048020900363 0.00487325390600516 0.00503014553816964 0.00518032850539537 0.00532299474412628 0.00545736041913993 0.00558267155945078 0.00569757623897623 0.00580050171031998 0.00589211296984002 0.00597188661466048 0.00603936137775128 0.00609414155001445 0.00613590002263653 0.00616438094001344 0.00617697968502005 0.00617592247551951 0.00616135125341559 0.00613337888916029 0.00609219270978461 0.00603805287538135 0.00597129032817659 0.00589101749487152 0.00579832533224822 0.00569470010039077 0.00558076499244094 0.00545718851451859 0.0053246794067126 0.00518398140355681 0.00503558660715448 0.00487989607404345 0.00471878273997834 0.00455307272754354 0.00438359046869882 0.00421115356222559 0.00403656780622509 0.00386062241709651 0.00368415786260803 0.00350814732732407
