resources/Exp000_Example-Run/Run01_M2/TimeSeries/2005/model/2005_biasfile.asc
NCOLS 265 
NROWS 230 
XLLCORNER -115.5625 
YLLCORNER 24.8333333333333 
CELLSIZE 0.0833333333333333 
NODATA_value -9999 
[rows 152 to 170 of 230, columns 0 to 41 of 265]
0.000114331836208271 0.000131839187726092 0.000151570762292192 0.000173740310374345 0.000199033192990907 0.000227435175883331 0.000259111917379348 0.000294329507323237 0.000333362181897409 0.000376491141210975 0.000424003225499516 0.000476622464350573 0.000534818431099311 0.000598406398323711 0.000667671746706208 0.000742892090119886 0.000824334667810913 0.0009122536434677 0.00100701388878788 0.00110992901477981 0.00122004106404168 0.00133749395538181 0.00146239912789851 0.00159483280039101 0.00173483335072737 0.00188239882644785 0.00203849523975937 0.00220231447999763 0.00237330702065987 0.00255124311790964 0.00273584325512732 0.00292677815770324 0.0031236691613071 0.00332643035021133 0.00353464144053442 0.00374710604856161 0.00396322881894927 0.00418237936512825 0.00440389612845923 0.00462709053294607 0.00485125159368519 0.00507548951267167
0.000111859027718181 0.000128991877583363 0.000148302052040486 0.000169998892054201 0.000194753487347777 0.000222552061845959 0.000253556950088405 0.0002880288330005 0.000326236391623945 0.000368455150669015 0.000414966183538053 0.000466478763589584 0.000523453068062083 0.00058570846474157 0.000653524739368108 0.000727174102683978 0.000806918636665939 0.000893007649384102 0.000985798953496441 0.00108658004052464 0.00119441286693899 0.00130943891875013 0.00143176789926103 0.00156147504363381 0.00169859855088615 0.00184313714437545 0.00199603864060419 0.0021565118674779 0.00232401899919189 0.00249833575534817 0.00267918912431229 0.00286625737720542 0.00305917042826216 0.00325784585234845 0.00346187371382267 0.00367008168429331 0.00388188752769341 0.00409667471464856 0.0043137962017435 0.00453257849982779 0.00475232623749947 0.00497217268066024
0.00010898869857832 0.000125685928731834 0.00014450578147745 0.000165652433235988 0.000189780288684134 0.000216876072083832 0.000247098204899815 0.000280701016192197 0.00031794665948778 0.000359103986499895 0.000404447285695084 0.00045466851289325 0.000510216782945906 0.000570916202594737 0.000637039948616455 0.00070885384245832 0.000786613860015925 0.000870563552137685 0.000961052380960395 0.00105933707703939 0.00116450290056999 0.00127668840416927 0.00139600117357485 0.00152251520763446 0.00165626841278939 0.00179726022284744 0.001946416905026 0.00210296712867902 0.00226638676128421 0.00243645786422174 0.00261291499485027 0.00279544522010859 0.00298368846807534 0.00317756627522108 0.00337668074223871 0.00357988788433043 0.00378662084147913 0.00399627933337888 0.00420823334487841 0.00442182709281423 0.00463638353330971 0.00485106278447438
0.000105753404115403 0.000121958846016772 0.00014022502784317 0.00016075026540822 0.00018417005487922 0.000210471657557958 0.000239809037352632 0.000272429301119086 0.000308587177117024 0.000348543922752789 0.000392566101020627 0.000441325986627748 0.000495260092124296 0.000554197852963307 0.000618404898348686 0.000688139747096172 0.000763651389707646 0.000845176783606534 0.000933055843742712 0.00102851024810261 0.00113065168369417 0.00123961530130327 0.00135550620985736 0.00147839693131857 0.00160832496675839 0.00174529048410885 0.00189019508718485 0.00204228995936073 0.00220106649350339 0.00236631389296403 0.00253777525520553 0.00271514758538638 0.00289808213829655 0.00308650482333662 0.00328003131108211 0.00347754992108423 0.00367851123797672 0.00388233342325975 0.00408840579405037 0.00429609267453549 0.00450473783602794 0.0047135316745696
0.000102189060255843 0.000117852015195266 0.000135507336610475 0.000155346849183124 0.000177985128265125 0.000203410003208858 0.000231770485877377 0.000263305671437458 0.00029826204826683 0.000336892443190446 0.000379454839698749 0.000426599687896285 0.00047874949913401 0.000535739567915833 0.000597827121633701 0.000665262544686401 0.000738287040771815 0.000817130211079658 0.000902121332921451 0.000994443130654472 0.00109323654496475 0.00119863289298839 0.00131073447352618 0.00142961210544061 0.00155530277358135 0.00168780739239803 0.0018280000568772 0.00197515688115117 0.00212878643749796 0.00228868578535896 0.00245460743090696 0.00262625934094235 0.00280330527444583 0.00298567586056634 0.00317300170310585 0.00336420702132756 0.00355876170450416 0.0037561043278767 0.00395564561303594 0.00415677215138394 0.00435885076613274 0.00456110515864092
9.83343086482307e-05 0.000113409971175338 0.000130403880590842 0.000149500810851873 0.00017129263245751 0.000195767767984222 0.000223069837048456 0.000253429221301654 0.000287083444793867 0.000324276159759863 0.0003652560100547 0.000410649716200778 0.000460864542593621 0.000515742109340925 0.00057553047960793 0.000640471160412019 0.00071079685215503 0.00078672911706824 0.000868585620099143 0.000957506655180876 0.00105266492315119 0.00115418751612334 0.00126217361834779 0.00137669213575503 0.00149777942907158 0.00162543716030018 0.00176050936340204 0.00190229922326009 0.00205033395313012 0.00220441909028336 0.00236431730801946 0.0025297484301578 0.00270038975152016 0.00287617689985992 0.00305675659297568 0.00324109214850287 0.00342867439518817 0.00361896405560918 0.00381139507781075 0.00400537821957616 0.00420030532188418 0.00439543599257242
9.4229849534354e-05 0.000108679628918577 0.00012496857594939 0.000143273929357503 0.000164163312163594 0.000187625759453638 0.000213799116028513 0.000242904441132174 0.000275169665669363 0.000310828621161655 0.000350119951353411 0.000393644994987367 0.00044179468634275 0.000494417370631689 0.000551751282055053 0.000614028401827181 0.000681472301017272 0.000754295905554025 0.000832804416521763 0.000918092671249061 0.00100936729822634 0.00110675081675693 0.00121033902349484 0.00132019871975673 0.00143636553818961 0.00155884187819105 0.00168843947325924 0.00182449042624628 0.00196654184954575 0.00211440828301331 0.00226786320964289 0.00242663907088546 0.00259042757545201 0.00275916955854974 0.00293252884124824 0.00310951061717113 0.00328962805179516 0.00347236549711032 0.00365718168551959 0.00384351316522307 0.0040307784750654 0.00421827528466142
8.99079242518198e-05 0.000103698133097555 0.000119244087957334 0.000136715066292744 0.000156653089611681 0.000179047819397555 0.000204030987464879 0.000231813793698722 0.000262614020965147 0.000296655109508426 0.000334165119292002 0.000375718550916341 0.000421689050435096 0.000471932033984606 0.000526675316544097 0.000586140776959382 0.000650542299414875 0.000720083640531472 0.000795056779363502 0.000876508415762697 0.000963681008531062 0.00105669218716988 0.00115563410876915 0.00126057128891751 0.00137153852752071 0.00148853893850613 0.0016123499483257 0.00174233419486274 0.00187805978663337 0.00201935071025071 0.00216599180546872 0.0023177287815168 0.00247426851366768 0.00263555718672175 0.00280127655267009 0.00297047613349795 0.00314269263662732 0.00331743532236928 0.00349418905217644 0.00367241756662041 0.00385156755152291 0.00403097650989949
8.54190911430415e-05 9.85237814244512e-05 0.00011329743628882 0.000129901040150629 0.000148849961406487 0.000170134495194454 0.000193879994949441 0.000220287381274508 0.000249563854611543 0.000281922016809782 0.000317578886160976 0.000357080986882973 0.000400783924103223 0.000448550447806853 0.000500597487404569 0.000557136362917461 0.000618370829204376 0.00068449504944571 0.000755787179220575 0.000833243669929876 0.000916144288450952 0.00100460151448049 0.00109870365533913 0.00119851278502177 0.00130406277352999 0.00141535741502624 0.00153313822217427 0.00165679961839582 0.0017859315513612 0.00192036777975987 0.00205990490468344 0.00220430238710311 0.00235328283174759 0.00250679783423228 0.00266454767151667 0.00282562811512404 0.00298960032483863 0.00315599943602778 0.00332433745608831 0.00349410637839766 0.00366478213037216 0.00383574328062188
8.08167845181046e-05 9.3218212515049e-05 0.000107199509534912 0.000122913136066029 0.00014084707872195 0.000160992267444107 0.000183467490360179 0.00020846309462187 0.000236175393474003 0.000266805836155534 0.000300560076950182 0.000337955867082787 0.000379330239717569 0.000424553454634151 0.000473831223780713 0.000527363982487809 0.000585345039299081 0.000647958658808705 0.000715468742404782 0.000788819998336298 0.000867330525557477 0.000951107458471558 0.00104023509285204 0.00113477293619596 0.00123475384360867 0.0013401822473079 0.00145176257909967 0.00156892190831013 0.00169127259583826 0.00181865837588848 0.00195088786849846 0.00208773459822636 0.00222893726499775 0.00237445286269793 0.0025240005502982 0.00267672369826511 0.00283220852082119 0.00299001666846584 0.00314968796833639 0.00331074336954814 0.00347268876501881 0.00363494448207649
7.61428034870494e-05 8.78296338915738e-05 0.000101005738855272 0.000115814902499161 0.000132717252325729 0.000151704349097694 0.000172888289484985 0.000196448650584537 0.000222570654182924 0.000251444385704339 0.00028326391809755 0.000318517698106198 0.000357523827485232 0.000400160183436417 0.000446621032329168 0.000497095699624124 0.000551766827159727 0.000610808567278509 0.000674470267939565 0.000743643875984856 0.000817686493239967 0.000896699761968653 0.000980763840652823 0.00106993556773837 0.00116424670607979 0.00126370227571065 0.00136896879717452 0.00147950654168542 0.0015949506469865 0.00171515492902485 0.00183994016756489 0.00196909412610389 0.00210237180943385 0.0022397355339176 0.00238092350728267 0.0025251276050972 0.002671959455 0.00282100760524111 0.00297184010614365 0.00312400728383622 0.00327704542844084 0.0034304168826397
7.14375357929726e-05 8.24046305573148e-05 9.47696957332239e-05 0.000108667762691705 0.000124530866048694 0.000142351188638484 0.000162234068574887 0.000184348211005457 0.000208867639590711 0.000235970964782521 0.000265840562885137 0.000298935301986825 0.000335554159749998 0.000375582672547757 0.000419203534066288 0.000466594832774501 0.00051792841755474 0.000573368204052635 0.000633148815675314 0.000698108882912259 0.000767644838982658 0.000841852735072882 0.000920808502356035 0.001004566230179 0.00109315652007484 0.00118658492276195 0.00128547954604669 0.00138933412434914 0.00149780673242205 0.00161076128107188 0.00172803073848777 0.00184941715135872 0.0019746918889828 0.00210382245586587 0.00223656609356583 0.00237216365849493 0.00251025231658261 0.002650447648495 0.00279234607080732 0.00293552743667374 0.00307955858379903 0.00322394371218016
6.67394322127104e-05 7.69875583510589e-05 8.85423938998992e-05 0.00010153021376742 0.000116354958448921 0.000133009419745648 0.000151592166653343 0.000172261021064933 0.000195178795220167 0.000220512609188219 0.000248433124981161 0.00027936960393986 0.000313601866655816 0.000351023087839889 0.000391804358280724 0.000436112496445453 0.000484108522422733 0.000535946076476112 0.000591845009372707 0.000652590524297715 0.000717618387591263 0.000787019006952966 0.000860864031170823 0.000939204742803976 0.00102207052181621 0.00110946738685465 0.0012019848483465 0.00129915008423587 0.00140064407274615 0.0015063407449245 0.00161608518028065 0.00172969362903844 0.00184695374270963 0.00196783802664781 0.00209212257081501 0.00221909727640593 0.0023484247506178 0.00247974750615232 0.0026126902220697 0.00274686217141502 0.00288186062327275 0.00301723108993584
6.20845456039976e-05 7.16200117881117e-05 8.2371676825012e-05 9.44571238369212e-05 0.000108252416653845 0.000123750939036011 0.000141044533618276 0.000160280213085883 0.000181609652962461 0.000205188557787448 0.000231175949730252 0.000259971687112076 0.000291836551143103 0.000326671275498792 0.000364635409417578 0.000405884557346892 0.000450568960302395 0.000498832025707735 0.000550878900024288 0.00060744166736695 0.000667995121614469 0.000732624019131326 0.000801395704955183 0.000874358619095183 0.000951540868942216 0.00103294887402164 0.00111913366355995 0.00120965557548317 0.00130421827638964 0.00140270556168675 0.00150497444690546 0.00161085519098307 0.00172015151330178 0.00183284068609132 0.00194871730513283 0.00206711999226917 0.00218773649204743 0.00231023592964675 0.00243427091266737 0.00255947978711961 0.00268548988878519 0.00281188714292514
5.75155081340935e-05 6.63511527994024e-05 7.63140658175383e-05 8.75132828724638e-05 0.000100297464084561 0.000114660562697114 0.00013068779932677 0.000148515550470505 0.000168284531570298 0.000190139210919607 0.00021422715171578 0.000240919281988518 0.000270457635080696 0.000302750354417206 0.000337945613976055 0.000376187961918737 0.000417617007458108 0.000462366060018569 0.000510625762885493 0.000563075871702175 0.000619229543308749 0.000679165923439734 0.000742948067722728 0.000810621559625262 0.000882213189754147 0.00095772970228104 0.0010376841006427 0.00112166928966474 0.00120941119494032 0.00130080322054891 0.00139571402301107 0.00149398753545527 0.00159544317121446 0.0017000626687371 0.00180765859149221 0.00191761750887447 0.00202965175103588 0.0021434564737152 0.00225871160371275 0.00237508392627136 0.00249223018168273 0.0026097753601971
5.30608312815154e-05 6.1213905979829e-05 7.04074668739002e-05 8.0742202231818e-05 9.25400184720636e-05 0.000105795413896837 0.000120587135563999 0.000137041166906501 0.000155287512351859 0.000175459657694184 0.000197693964186322 0.000222333092475842 0.000249600744537532 0.000279412278923162 0.000311904737559995 0.000347211845168754 0.000385462799038186 0.000426781014817866 0.000471342932505963 0.00051977711955529 0.000571634182485136 0.000626987738213156 0.000685896599909117 0.000748403503865853 0.000814533893072909 0.000884294762820135 0.000958161807528975 0.0010357596945987 0.00111683603591575 0.00120129353037942 0.00128901210891172 0.00137984895934242 0.00147363871673599 0.00157036726636783 0.00166986449323826 0.00177156382162747 0.00187520145853713 0.00198049784181693 0.0020871594331168 0.00219488064080977 0.00230334675911358 0.0024122202654312
4.87441998528552e-05 5.62356191028821e-05 6.46833619301244e-05 7.41800153037374e-05 8.50215286260188e-05 9.72029191092191e-05 0.00011079664517505 0.000125918598306338 0.000142688380886675 0.000161228811527156 0.000181665369520879 0.000204313268390511 0.000229378398541714 0.000256783101258131 0.000286653593135092 0.00031911307029371 0.000354280597885934 0.000392269959235436 0.000433243772447058 0.000477780846042907 0.000525468116965834 0.000576373788897632 0.000630552506233881 0.000688044186529968 0.000748872905134818 0.000813045836906142 0.000881002299653343 0.000952397744129184 0.00102700077710977 0.00110472303011623 0.00118545528247225 0.00126906748672849 0.001355408945959 0.00144446935694402 0.00153609519033651 0.0016297653685899 0.00172523913683051 0.00182226132874755 0.00192056401167587 0.00201986825013822 0.00211988688584381 0.00222031811468091
4.45879327498943e-05 5.14420581865253e-05 5.91714068060257e-05 6.78607535968554e-05 7.77810252421998e-05 8.8927729927159e-05 0.000101367256437672 0.000115205759688168 0.000130552805028314 0.000147520916780417 0.000166225071116156 0.000186954001984568 0.000209896404547146 0.000234981334736641 0.000262324549770298 0.000292039069798749 0.000324234163427531 0.000359014296362804 0.000396528722152626 0.000437308189562482 0.000480974653527588 0.000527591051234031 0.000577207956534212 0.00062986251403601 0.000685577421023217 0.000744359961682984 0.000806614210198618 0.000872025257386895 0.000940381902021071 0.00101160430018992 0.00108559359739783 0.00116223195433854 0.00124138271146405 0.00132303902553052 0.0014070631317082 0.00149297784715313 0.00158056449410148 0.00166959128616837 0.00175981483102084 0.00185098174048604 0.00194283125077411 0.0020350953255956
4.06107621518457e-05 4.68548535527883e-05 5.38965029746714e-05 6.18129992654368e-05 7.08512968617912e-05 8.10073656770576e-05 9.23417727913691e-05 0.000104951337917895 0.000118936001896354 0.000134398416502764 0.00015144348358911 0.000170334549871072 0.000191243813613773 0.000214106747546159 0.000239029065975791 0.00026611401506008 0.000295461450178574 0.000327166879770947 0.000361366715129645 0.000398545574255036 0.000438358954646365 0.000480864701048912 0.00052610943681106 0.000574127595195051 0.000624940494341242 0.000678555459960937 0.00073534262862177 0.000795015450110019 0.000857382019141586 0.000922370571389356 0.000989892090743313 0.00105984033523796 0.00113209198925457 0.00120664330874864 0.00128337140492651 0.00136184117711599 0.00144185496312866 0.00152320323399485 0.00160566596036645 0.00168901407586794 0.00177301193785785 0.00185742318741438
