data/working_set_collections/6091692-Cassins_Sparrow-MC/1990/bio17.asc
NCOLS 265 
NROWS 230 
XLLCORNER -115.5625 
YLLCORNER 24.8333333333333 
CELLSIZE 0.0833333333333333 
NODATA_value -9999 
[rows 120 to 139 of 230, columns 46 to 91 of 265]
36.9752877394357 39.0236920727621 41.0720964060889 43.1205007394153 45.1689050727417 47.2173094060685 48.4279721895854 49.3593877898322 50.2908033900792 51.222218990326 52.1536345905728 53.0850501908198 54.0164657910666 54.8325359132556 55.3025696012711 55.7726032892864 56.2426369773018 56.7126706653173 57.1827043533326 57.652738041348 58.1227717293634 58.7500535647075 59.4297514491611 60.1094493336148 60.7891472180685 61.4688451025221 62.1485429869758 62.8282408714294 63.5558393160501 64.4271394411723 65.2984395662943 66.1697396914163 67.0410398165385 67.9123399416605 68.7836400667825 69.6549401919047 70.0277433395386 70.2343808280097 70.4410183164809 70.647655804952 70.8542932934231 71.0609307818943 71.2675682703654 71.0509237713287 69.5644333097672 68.0779428482059
35.5245402812957 37.5921023209887 39.6596643606822 41.7272264003753 43.7947884400683 45.8623504797618 46.9927781105043 47.8108276049297 48.6288770993553 49.4469265937807 50.2649760882061 51.0830255826317 51.9010750770571 52.6591454188031 53.2372783025109 53.8154111862185 54.3935440699261 54.9716769536339 55.5498098373415 56.1279427210491 56.7060756047568 57.4125210762025 58.1617374102275 58.9109537442526 59.6601700782776 60.4093864123027 61.1586027463278 61.9078190803528 62.7011188189188 63.626668771108 64.5522187232971 65.4777686754862 66.4033186276754 67.3288685798644 68.2544185320535 69.1799684842427 69.6009424209595 69.8537243525187 70.106506284078 70.3592882156372 70.6120701471964 70.8648520787557 71.1176340103149 70.8859055201217 69.200645764669 67.5153860092167
34.0737928231556 36.1605125692153 38.2472323152754 40.3339520613351 42.4206718073948 44.5073915534549 45.557584031423 46.262267420027 46.9669508086312 47.6716341972352 48.3763175858393 49.0810009744434 49.7856843630475 50.4857549243505 51.1719870037505 51.8582190831504 52.5444511625503 53.2306832419503 53.9169153213502 54.6031474007501 55.2893794801501 56.0749885876974 56.8937233712938 57.7124581548903 58.5311929384868 59.3499277220832 60.1686625056797 60.9873972892761 61.8463983217874 62.8261981010437 63.8059978802998 64.785797659556 65.7655974388122 66.7453972180684 67.7251969973245 68.7049967765808 69.1741415023804 69.4730678770277 69.7719942516751 70.0709206263224 70.3698470009697 70.6687733756171 70.9676997502645 70.7208872689146 68.8368582195708 66.9528291702274
32.6230453650155 34.7289228174418 36.8348002698686 38.9406777222949 41.0465551747213 43.152432627148 44.1223899523418 44.7137072351244 45.3050245179072 45.8963418006898 46.4876590834724 47.0789763662552 47.6702936490378 48.3123644298978 49.1066957049901 49.9010269800823 50.6953582551745 51.4896895302668 52.2840208053589 53.0783520804511 53.8726833555434 54.7374560991923 55.6257093323601 56.513962565528 57.4022157986959 58.2904690318637 59.1787222650316 60.0669754981994 60.991677824656 62.0257274309794 63.0597770373026 64.0938266436257 65.1278762499491 66.1619258562723 67.1959754625954 68.2300250689188 68.7473405838013 69.0924114015367 69.4374822192722 69.7825530370076 70.1276238547431 70.4726946724786 70.817765490214 70.5558690177075 68.4730706744727 66.3902723312382
31.1722979068755 33.2973330656685 35.4223682244619 37.5474033832549 39.6724385420479 41.7974737008413 42.6871958732607 43.1651470502219 43.6430982271833 44.1210494041445 44.5990005811058 45.0769517580671 45.5549029350284 46.1389739354453 47.0414044062299 47.9438348770143 48.8462653477988 49.7486958185834 50.6511262893678 51.5535567601522 52.4559872309368 53.3999236106873 54.3576952934265 55.3154669761659 56.2732386589051 57.2310103416443 58.1887820243836 59.1465537071228 60.1369573275247 61.2252567609151 62.3135561943054 63.4018556276956 64.490155061086 65.5784544944762 66.6667539278665 67.7550533612569 68.3205396652222 68.7117549260457 69.1029701868693 69.4941854476929 69.8854007085164 70.27661596934 70.6678312301635 70.3908507665004 68.1092831293745 65.827715492249
29.7215504487354 31.865743313895 34.0099361790551 36.1541290442147 38.2983219093744 40.4425147745344 41.2520017941794 41.6165868653193 41.9811719364592 42.3457570075991 42.7103420787389 43.0749271498789 43.4395122210187 43.9655834409926 44.9761131074695 45.9866427739462 46.9971724404229 48.0077021068998 49.0182317733765 50.0287614398532 51.0392911063301 52.0623911221822 53.0896812544928 54.1169713868036 55.1442615191142 56.1715516514247 57.1988417837355 58.2261319160461 59.2822368303933 60.4247860908508 61.5673353513081 62.7098846117654 63.8524338722229 64.9949831326801 66.1375323931374 67.2800816535949 67.893738746643 68.3310984505547 68.7684581544664 69.205817858378 69.6431775622897 70.0805372662014 70.5178969701131 70.2258325152933 67.7454955842763 65.2651586532598
28.5238103071846 30.6350512239664 32.7462921407487 34.8575330575305 36.9687739743123 39.0800148910945 39.8156053225201 40.0926455921598 40.3696858617996 40.6467261314394 40.9237664010791 41.2008066707189 41.4778469403586 41.9448897414737 42.9819401370156 44.0189905325572 45.0560409280989 46.0930913236407 47.1301417191824 48.1671921147241 49.2042425102659 50.2435036023459 51.2835015932719 52.3234995841982 53.3634975751242 54.4034955660503 55.4434935569765 56.4834915479025 57.5614295111762 58.7531873914932 59.94494527181 61.1367031521267 62.3284610324437 63.5202189127605 64.7119767930772 65.9037346733942 66.5475077629091 67.0086192554899 67.4697307480708 67.9308422406516 68.3919537332324 68.8530652258133 69.3141767183941 69.0314006169645 66.5169617335007 64.0025228500373
27.5790774822233 29.6052567958829 31.6314361095428 33.6576154232024 35.6837947368619 37.7099740505219 38.3780064582827 38.5933232307436 38.8086400032046 39.0239567756655 39.2392735481265 39.4545903205874 39.6699070930484 40.0768928368887 41.0588854948682 42.0408781528475 43.0228708108267 44.0048634688062 44.9868561267855 45.9688487847648 46.9508414427442 47.9432610511782 48.9391563097638 49.9350515683495 50.9309468269351 51.9268420855206 52.9227373441064 53.9186326026919 54.9745353698732 56.2104606628421 57.4463859558108 58.6823112487794 59.9182365417483 61.154161834717 62.3900871276857 63.6260124206545 64.2818467140201 64.7443173408511 65.2067879676822 65.6692585945133 66.1317292213443 66.5941998481754 67.0566704750064 66.8075550715138 64.4236815770473 62.0398080825813
26.634344657262 28.5754623677993 30.5165800783369 32.4576977888741 34.3988154994114 36.339933209949 36.9404075940452 37.0940008693273 37.2475941446094 37.4011874198916 37.5547806951737 37.7083739704558 37.8619672457379 38.2088959323036 39.1358308527206 40.0627657731375 40.9897006935544 41.9166356139715 42.8435705343884 43.7705054548053 44.6974403752223 45.6430185000103 46.5948110262554 47.5466035525006 48.4983960787457 49.4501886049908 50.401981131236 51.3537736574811 52.38764122857 53.6677339341907 54.9478266398113 56.2279193454319 57.5080120510527 58.7881047566733 60.0681974622939 61.3482901679147 62.0161856651309 62.4800154262121 62.9438451872934 63.4076749483747 63.8715047094559 64.3353344705372 64.7991642316185 64.5837095260628 62.3304014205938 60.0770933151252
25.6896118323006 27.5456679397156 29.4017240471309 31.2577801545459 33.1138362619609 34.9698923693762 35.5028087298077 35.594678507911 35.6865482860143 35.7784180641176 35.8702878422209 35.9621576203242 36.0540273984275 36.3408990277185 37.2127762105731 38.0846533934276 38.9565305762821 39.8284077591368 40.7002849419913 41.5721621248458 42.4440393077004 43.3427759488425 44.2504657427471 45.1581555366518 46.0658453305564 46.9735351244609 47.8812249183657 48.7889147122702 49.8007470872667 51.1250072055394 52.4492673238119 53.7735274420844 55.0977875603571 56.4220476786296 57.7463077969021 59.0705679151748 59.7505246162416 60.2157135115731 60.6809024069046 61.1460913022361 61.6112801975676 62.0764690928991 62.5416579882306 62.3598639806119 60.2371212641403 58.114378547669
24.7448790073393 26.5158735116321 28.2868680159251 30.0578625202178 31.8288570245105 33.5998515288035 34.0652098655703 34.0953561464948 34.1255024274193 34.1556487083438 34.1857949892683 34.2159412701928 34.2460875511172 34.4729021231335 35.2897215684257 36.1065410137179 36.92336045901 37.7401799043022 38.5569993495943 39.3738187948865 40.1906382401787 41.0425333976748 41.9061204592389 42.7697075208031 43.6332945823672 44.4968816439313 45.3604687054955 46.2240557670596 47.2138529459637 48.5822804768883 49.9507080078127 51.3191355387371 52.6875630696617 54.0559906005861 55.4244181315105 56.7928456624351 57.4848635673526 57.9514115969343 58.417959626516 58.8845076560977 59.3510556856794 59.8176037152611 60.2841517448428 60.1360184351612 58.143841107687 56.1516637802131
23.800146182378 25.4860790835484 27.1720119847191 28.8579448858896 30.54387778706 32.2298106882307 32.6276110013328 32.5960337850785 32.5644565688241 32.5328793525698 32.5013021363155 32.4697249200612 32.4381477038068 32.6049052185483 33.3666669262782 34.1284286340079 34.8901903417377 35.6519520494675 36.4137137571972 37.175475464927 37.9372371726568 38.7422908465069 39.5617751757305 40.3812595049543 41.2007438341779 42.0202281634014 42.8397124926252 43.6591968218488 44.6269588046604 46.039553748237 47.4521486918133 48.8647436353896 50.2773385789661 51.6899335225424 53.1025284661187 54.5151234096953 55.2192025184634 55.6871096822953 56.1550168461273 56.6229240099591 57.090831173791 57.558738337623 58.0266455014549 57.9121728897102 56.0505609512334 54.1889490127569
23.0953705151874 24.6999711672462 26.3045718193053 27.9091724713641 29.513773123423 31.1183737754821 31.4669100284578 31.3967581484054 31.326606268353 31.2564543883007 31.1863025082483 31.116150628196 31.0459987481436 31.1740866396162 31.8968938456642 32.619701051712 33.3425082577599 34.0653154638079 34.7881226698558 35.5109298759036 36.2337370819516 36.992808119456 37.7639671007792 38.5351260821025 39.3062850634257 40.0774440447489 40.8486030260723 41.6197620073955 42.5363440619573 43.8891953362359 45.2420466105143 46.5948978847927 47.9477491590713 49.3006004333497 50.653451707628 52.0063029819066 52.6724527994794 53.1097021314835 53.5469514634877 53.9842007954918 54.4214501274959 54.8586994595001 55.2959487915042 55.2095255851753 53.5520847638453 51.8946439425156
22.6305520057676 24.1575497627256 25.6845475196838 27.2115452766417 28.7385430335996 30.2655407905578 30.5831069469454 30.4975292364758 30.4119515260062 30.3263738155367 30.2407961050671 30.1552183945975 30.069640684128 30.1804463863373 30.880402326584 31.5803582668305 32.280314207077 32.9802701473237 33.6802260875703 34.3801820278168 35.0801379680635 35.7940852165223 36.5126962343852 37.2313072522483 37.9499182701112 38.6685292879741 39.3871403058372 40.1057513237001 40.9420087178548 42.1312052408856 43.3204017639161 44.5095982869467 45.6987948099775 46.887991333008 48.0771878560386 49.2663843790693 49.8446144104008 50.2191889444991 50.5937634785975 50.9683380126958 51.3429125467941 51.7174870808924 52.0920616149907 52.0280765215564 50.6484125455227 49.2687485694892
22.1657334963479 23.6151283582049 25.0645232200622 26.5139180819192 27.9633129437762 29.4127078056335 29.6993038654329 29.5983003245461 29.4972967836593 29.3962932427726 29.2952897018858 29.194286160999 29.0932826201123 29.1868061330583 29.8639108075037 30.5410154819489 31.2181201563941 31.8952248308394 32.5723295052847 33.2494341797299 33.9265388541752 34.5953623135885 35.2614253679912 35.9274884223939 36.5935514767965 37.2596145311992 37.9256775856019 38.5917406400046 39.3476733737522 40.3732151455351 41.3987569173178 42.4242986891005 43.4498404608835 44.4753822326662 45.5009240044489 46.5264657762318 47.016776021322 47.3286757575144 47.640575493707 47.9524752298995 48.264374966092 48.5762747022845 48.888174438477 48.8466274579373 47.7447403271998 46.6428531964625
21.7009149869281 23.0727069536842 24.4444989204406 25.8162908871967 27.1880828539528 28.5598748207092 28.8155007839204 28.6990714126164 28.5826420413124 28.4662126700085 28.3497832987045 28.2333539274005 28.1169245560965 28.1931658797794 28.8474192884234 29.5016726970673 30.1559261057112 30.8101795143552 31.4644329229991 32.118686331643 32.772939740287 33.3966394106547 34.0101545015971 34.6236695925395 35.2371846834819 35.8506997744243 36.4642148653667 37.0777299563091 37.7533380296495 38.6152250501846 39.4771120707195 40.3389990912544 41.2008861117894 42.0627731323244 42.9246601528593 43.7865471733943 44.1889376322431 44.4381625705298 44.6873875088165 44.9366124471032 45.1858373853898 45.4350623236765 45.6842872619632 45.6651783943182 44.841068108877 44.0169578234359
21.2360964775084 22.5302855491636 23.824474620819 25.1186636924743 26.4128527641295 27.7070418357849 27.931697702408 27.7998425006868 27.6679872989656 27.5361320972444 27.4042768955233 27.2724216938021 27.1405664920809 27.1995256265005 27.8309277693432 28.4623299121857 29.0937320550283 29.725134197871 30.3565363407136 30.9879384835562 31.6193406263988 32.1979165077211 32.7588836352031 33.3198507626853 33.8808178901674 34.4417850176494 35.0027521451316 35.5637192726137 36.159002685547 36.8572349548342 37.5554672241213 38.2536994934084 38.9519317626956 39.6501640319827 40.3483963012698 41.046628570557 41.3610992431645 41.5476493835454 41.7341995239263 41.9207496643071 42.107299804688 42.2938499450689 42.4804000854497 42.4837293306993 41.9373958905543 41.3910624504095
20.7712779680886 21.9878641446429 23.2044503211975 24.4210364977518 25.6376226743061 26.8542088508606 27.0478946208955 26.9006135887571 26.7533325566187 26.6060515244803 26.458770492342 26.3114894602035 26.1642084280651 26.2058853732215 26.8144362502629 27.4229871273041 28.0315380043454 28.6400888813867 29.248639758428 29.8571906354692 30.4657415125106 30.9991936047873 31.5076127688091 32.0160319328309 32.5244510968527 33.0328702608745 33.5412894248964 34.0497085889182 34.5646673414443 35.0992448594837 35.633822377523 36.1683998955622 36.7029774136016 37.2375549316409 37.7721324496802 38.3067099677195 38.5332608540857 38.6571361965607 38.7810115390358 38.9048868815108 39.0287622239859 39.1526375664609 39.276512908936 39.3022802670802 39.0337236722315 38.7651670773828
20.5150453885394 21.6698875109352 22.8247296333312 23.979571755727 25.1344138781227 26.2892560005187 26.4685180981954 26.322586854299 26.1766556104025 26.030724366506 25.8847931226095 25.738861878713 25.5929306348165 25.6306282043456 26.219212214152 26.8077962239583 27.3963802337645 27.9849642435709 28.5735482533772 29.1621322631835 29.7507162729899 30.2499549547831 30.7194118605719 31.1888687663608 31.6583256721496 32.1277825779384 32.5972394837273 33.0666963895162 33.5176161819034 33.9129246340858 34.3082330862681 34.7035415384505 35.0988499906329 35.4941584428152 35.8894668949975 36.2847753471799 36.4249765078228 36.4801419046192 36.5353073014155 36.5904726982118 36.6456380950082 36.7008034918045 36.7559688886009 36.7725400341884 36.6733284261494 36.5741168181104
20.4673987388609 21.5763556480405 22.6853125572204 23.7942694664 24.9032263755796 26.0121832847594 26.1935681343079 26.0657622973125 25.937956460317 25.8101506233216 25.6823447863262 25.5545389493307 25.4267331123353 25.4737541198729 26.0452556610107 26.6167572021484 27.188258743286 27.7597602844238 28.3312618255615 28.9027633666991 29.4742649078369 29.9502005577087 30.3942809104919 30.8383612632752 31.2824416160583 31.7265219688415 32.1706023216248 32.614682674408 33.0178492069245 33.2982742786408 33.5786993503571 33.8591244220734 34.1395494937898 34.4199745655061 34.7003996372224 34.9808247089388 35.0362462043765 35.0166665077212 34.9970868110659 34.9775071144107 34.9579274177554 34.9383477211002 34.9187680244449 34.8945086320245 34.8562101523085 34.8179116725925
