data/working_set_collections/6091692-Cassins_Sparrow-MC/1990/bio15.asc
NCOLS 265 
NROWS 230 
XLLCORNER -115.5625 
YLLCORNER 24.8333333333333 
CELLSIZE 0.0833333333333333 
NODATA_value -9999 
[rows 80 to 99 of 230, columns 46 to 91 of 265]
39.8445212682089 39.1890068266128 38.5334923850166 37.8779779434205 37.2224635018244 36.5669490602282 36.4741971969604 36.5690328598022 36.663868522644 36.7587041854858 36.8535398483276 36.9483755111694 37.0432111740112 36.9955706384448 36.5205015076532 36.0454323768616 35.5703632460701 35.0952941152785 34.6202249844869 34.1451558536954 33.6700867229038 33.3079517841339 32.983461576038 32.658971367942 32.334481159846 32.00999095175 31.685500743654 31.3610105355581 31.0392154958513 30.7255059613122 30.4117964267731 30.098086892234 29.7843773576948 29.4706678231557 29.1569582886166 28.8432487540775 28.7645859400431 28.7642720328437 28.7639581256442 28.7636442184448 28.7633303112454 28.7630164040459 28.7627024968465 28.7442139731513 28.6712015999688 28.5981892267863
40.2717308680217 39.5369031058419 38.8020753436619 38.067247581482 37.3324198193022 36.5975920571222 36.4930459976196 36.5985938390096 36.7041416803996 36.8096895217895 36.9152373631795 37.0207852045695 37.1263330459594 37.0943057907953 36.6495532459683 36.2048007011414 35.7600481563145 35.3152956114875 34.8705430666606 34.4257905218337 33.9810379770067 33.6187173366547 33.2838739977943 32.9490306589339 32.6141873200735 32.2793439812131 31.9445006423526 31.6096573034923 31.2799670272404 30.965735938814 30.6515048503876 30.3372737619612 30.0230426735348 29.7088115851085 29.3945804966821 29.0803494082557 28.9994353612264 28.9962936613295 28.9931519614325 28.9900102615356 28.9868685616387 28.9837268617418 28.9805851618449 28.9659916136 28.9170425203111 28.8680934270223
40.6989404678345 39.8847993850709 39.0706583023072 38.2565172195436 37.44237613678 36.6282350540162 36.5118947982788 36.6281548182169 36.7444148381551 36.8606748580932 36.9769348780314 37.0931948979695 37.2094549179077 37.1930409431458 36.7786049842835 36.3641690254212 35.9497330665589 35.5352971076965 35.1208611488343 34.706425189972 34.2919892311096 33.9294828891754 33.5842864195506 33.2390899499257 32.8938934803009 32.5486970106761 32.2035005410512 31.8583040714264 31.5207185586294 31.2059659163157 30.8912132740021 30.5764606316885 30.2617079893748 29.9469553470612 29.6322027047475 29.3174500624339 29.2342847824096 29.2283152898152 29.2223457972208 29.2163763046264 29.210406812032 29.2044373194376 29.1984678268432 29.1877692540486 29.1628834406534 29.1379976272583
41.1261500676474 40.2326956643 39.3392412609525 38.4457868576051 37.5523324542577 36.6588780509102 36.530743598938 36.6577157974243 36.7846879959106 36.9116601943969 37.0386323928833 37.1656045913696 37.2925767898559 37.2917760954964 36.9076567225986 36.523537349701 36.1394179768033 35.7552986039056 35.3711792310079 34.9870598581103 34.6029404852125 34.2402484416962 33.8846988413069 33.5291492409176 33.1735996405284 32.8180500401391 32.4625004397498 32.1069508393606 31.7614700900184 31.4461958938175 31.1309216976166 30.8156475014157 30.5003733052148 30.1850991090139 29.869824912813 29.5545507166121 29.4691342035929 29.460336918301 29.4515396330091 29.4427423477173 29.4339450624254 29.4251477771335 29.4163504918416 29.4095468944973 29.4087243609958 29.4079018274943
41.3944740613303 40.4607780350581 39.5270820087858 38.5933859825136 37.6596899562414 36.725993929969 36.5948435465494 36.7312083774142 36.867573208279 37.0039380391438 37.1403028700086 37.2766677008734 37.4130325317382 37.4267425960965 37.0724883609348 36.7182341257731 36.3639798906115 36.0097256554498 35.6554714202881 35.3012171851264 34.9469629499647 34.5904874324799 34.233271487554 33.876055542628 33.518839597702 33.1616236527761 32.8044077078501 32.4471917629242 32.1000588417053 31.7831749916077 31.46629114151 31.1494072914124 30.8325234413147 30.515639591217 30.1987557411194 29.8818718910217 29.7985105514526 29.7929900487264 29.7874695460001 29.7819490432739 29.7764285405476 29.7709080378214 29.7653875350952 29.7694187800089 29.8021052678425 29.8347917556762
41.5039124488832 40.5690464973452 39.634180545807 38.6993145942689 37.7644486427309 36.8295826911927 36.7041946411132 36.8486325581868 36.9930704752604 37.1375083923339 37.2819463094075 37.4263842264811 37.5708221435546 37.5979404449463 37.273099899292 36.9482593536377 36.6234188079834 36.2985782623291 35.9737377166748 35.6488971710205 35.3240566253662 34.9801998615265 34.6300043582916 34.2798088550567 33.9296133518219 33.579417848587 33.2292223453521 32.8790268421173 32.5364848136902 32.2169032096862 31.8973216056824 31.5777400016785 31.2581583976745 30.9385767936706 30.6189951896667 30.2994135856628 30.2224138259887 30.2262746810912 30.2301355361938 30.2339963912963 30.2378572463988 30.2417181015014 30.2455789566039 30.2673849105834 30.3430261611938 30.4186674118041
41.6133508364361 40.6773149596322 39.7412790828282 38.8052432060243 37.8692073292204 36.9331714524164 36.813545735677 36.9660567389594 37.1185677422417 37.271078745524 37.4235897488064 37.5761007520887 37.728611755371 37.7691382937962 37.4737114376492 37.1782845815023 36.8828577253554 36.5874308692084 36.2920040130615 35.9965771569146 35.7011503007677 35.3699122905731 35.0267372290294 34.6835621674855 34.3403871059418 33.997212044398 33.6540369828542 33.3108619213104 32.9729107856751 32.6506314277649 32.3283520698547 32.0060727119446 31.6837933540344 31.3615139961243 31.0392346382141 30.7169552803039 30.6463171005248 30.6595593134562 30.6728015263875 30.6860437393188 30.6992859522501 30.7125281651814 30.7257703781127 30.7653510411579 30.883947054545 31.002543067932
41.722789223989 40.7855834219193 39.8483776198494 38.9111718177797 37.97396601571 37.0367602136401 36.9228968302408 37.0834809197319 37.2440650092231 37.4046490987142 37.5652331882052 37.7258172776964 37.8864013671875 37.940336142646 37.6743229760064 37.4083098093669 37.1422966427274 36.8762834760878 36.6102703094483 36.3442571428087 36.0782439761691 35.7596247196198 35.4234700997671 35.0873154799143 34.7511608600617 34.415006240209 34.0788516203562 33.7426970005035 33.4093367576599 33.0843596458435 32.7593825340271 32.4344054222107 32.1094283103943 31.7844511985779 31.4594740867615 31.1344969749451 31.070220375061 31.0928439458211 31.1154675165812 31.1380910873413 31.1607146581013 31.1833382288614 31.2059617996215 31.2633171717325 31.4248679478962 31.58641872406
41.8322276115419 40.8938518842063 39.9554761568706 39.0171004295351 38.0787247021995 37.1403489748638 37.0322479248046 37.2009051005045 37.3695622762044 37.5382194519042 37.7068766276041 37.875533803304 38.0441909790038 38.1115339914958 37.8749345143636 37.6383350372314 37.4017355600993 37.1651360829671 36.9285366058349 36.6919371287028 36.4553376515706 36.1493371486664 35.8202029705048 35.4910687923431 35.1619346141815 34.8328004360199 34.5036662578582 34.1745320796966 33.8457627296448 33.5180878639221 33.1904129981994 32.8627381324768 32.5350632667541 32.2073884010315 31.8797135353088 31.5520386695861 31.4941236495971 31.526128578186 31.5581335067748 31.5901384353637 31.6221433639526 31.6541482925414 31.6861532211303 31.761283302307 31.9657888412474 32.1702943801879
41.9416659990948 41.0021203464934 40.0625746938918 39.1230290412904 38.183483388689 37.2439377360875 37.1415990193684 37.3183292812771 37.4950595431857 37.6717898050943 37.848520067003 38.0252503289116 38.2019805908203 38.2827318403456 38.0755460527208 37.868360265096 37.6611744774713 37.4539886898465 37.2468029022217 37.0396171145969 36.8324313269721 36.539049577713 36.2169358412425 35.8948221047719 35.5727083683014 35.2505946318309 34.9284808953603 34.6063671588898 34.2821887016297 33.9518160820007 33.6214434623718 33.2910708427429 32.960698223114 32.6303256034851 32.2999529838562 31.9695803642273 31.9180269241332 31.9594132105509 32.0007994969685 32.0421857833862 32.0835720698038 32.1249583562214 32.1663446426391 32.2592494328815 32.5067097345987 32.7541700363158
41.9613628387453 41.0250865088571 40.0888101789688 39.1525338490806 38.2162575191924 37.279981189304 37.1683694839477 37.3316459867689 37.4949224895901 37.6581989924113 37.8214754952325 37.9847519980537 38.1480285008748 38.226998837789 38.0530506769817 37.8791025161744 37.7051543553671 37.5312061945598 37.3572580337525 37.1833098729452 37.0093617121379 36.7351844787598 36.4275975545248 36.1200106302897 35.8124237060547 35.5048367818197 35.1972498575847 34.8896629333496 34.5812484529284 34.2703513039483 33.9594541549683 33.6485570059883 33.3376598570082 33.0267627080282 32.7158655590481 32.4049684100681 32.3596586863199 32.4028781043158 32.4460975223117 32.4893169403076 32.5325363583034 32.5757557762993 32.6189751942952 32.7250583966572 33.0197329521178 33.3144075075784
41.8913181304933 40.9627503712974 40.0341826121014 39.1056148529054 38.1770470937095 37.2484793345135 37.1125593185425 37.24085521698 37.3691511154175 37.497447013855 37.6257429122925 37.75403881073 37.8823347091675 37.9443349838258 37.807448387146 37.6705617904664 37.5336751937867 37.396788597107 37.2599020004273 37.1230154037476 36.9861288070679 36.7377418518067 36.4521881103516 36.1666343688965 35.8810806274414 35.5955268859864 35.3099731445313 35.0244194030762 34.7429419835409 34.4736935297648 34.2044450759888 33.9351966222127 33.6659481684367 33.3966997146606 33.1274512608846 32.8582028071085 32.8190189361571 32.8565232594807 32.8940275828043 32.9315319061278 32.9690362294514 33.006540552775 33.0440448760986 33.1587101936339 33.5048584938048 33.8510067939757
41.8212734222414 40.9004142337377 39.9795550452339 39.0586958567303 38.1378366682267 37.2169774797229 37.0567491531372 37.150064447191 37.2433797412449 37.3366950352987 37.4300103293525 37.5233256234063 37.6166409174601 37.6616711298625 37.5618460973104 37.4620210647583 37.3621960322063 37.2623709996542 37.1625459671021 37.06272093455 36.9628959019979 36.7402992248536 36.4767786661784 36.2132581075033 35.9497375488282 35.686216990153 35.4226964314779 35.1591758728028 34.9046355141534 34.6770357555813 34.4494359970093 34.2218362384372 33.9942364798652 33.7666367212931 33.5390369627211 33.311437204149 33.2783791859944 33.3101684146457 33.3419576432969 33.3737468719482 33.4055361005994 33.4373253292507 33.469114557902 33.5923619906106 33.9899840354918 34.387606080373
41.7512287139894 40.8380780961781 39.9249274783665 39.0117768605552 38.0986262427438 37.1854756249323 37.0009389877319 37.0592736774021 37.1176083670722 37.1759430567424 37.2342777464125 37.2926124360826 37.3509471257528 37.3790072758993 37.3162438074748 37.2534803390503 37.1907168706258 37.1279534022014 37.0651899337769 37.0024264653524 36.9396629969279 36.7428565979004 36.5013692220053 36.25988184611 36.0183944702149 35.7769070943197 35.5354197184245 35.2939323425293 35.0663290447659 34.8803779813978 34.6944269180298 34.5084758546617 34.3225247912937 34.1365737279256 33.9506226645576 33.7646716011895 33.7377394358316 33.7638135698106 33.7898877037895 33.8159618377685 33.8420359717474 33.8681101057264 33.8941842397054 34.0260137875873 34.4751095771788 34.9242053667703
41.6811840057375 40.7757419586184 39.8702999114991 38.96485786438 38.059415817261 37.1539737701417 36.9451288223267 36.9684829076131 36.9918369928996 37.0151910781861 37.0385451634725 37.061899248759 37.0852533340454 37.0963434219361 37.0706415176392 37.0449396133423 37.0192377090454 36.9935358047486 36.9678339004517 36.9421319961548 36.9164300918579 36.7454139709473 36.5259597778321 36.3065055847168 36.0870513916016 35.8675971984864 35.6481430053711 35.4286888122559 35.2280225753784 35.0837202072143 34.9394178390503 34.7951154708862 34.6508131027221 34.5065107345581 34.362208366394 34.2179059982299 34.1970996856689 34.2174587249755 34.2378177642821 34.2581768035888 34.2785358428954 34.2988948822021 34.3192539215087 34.459665584564 34.9602351188658 35.4608046531675
41.6111392974855 40.7134058210587 39.8156723446317 38.9179388682049 38.0202053917781 37.1224719153511 36.8893186569214 36.8776921378242 36.866065618727 36.8544390996297 36.8428125805325 36.8311860614353 36.8195595423381 36.8136795679729 36.8250392278036 36.8363988876343 36.847758547465 36.8591182072958 36.8704778671265 36.8818375269572 36.8931971867879 36.7479713439942 36.5505503336589 36.3531293233236 36.1557083129883 35.958287302653 35.7608662923177 35.5634452819824 35.3897161059909 35.2870624330309 35.1844087600708 35.0817550871107 34.9791014141506 34.8764477411906 34.7737940682305 34.6711403952704 34.6564599355061 34.6711038801404 34.6857478247748 34.7003917694091 34.7150357140434 34.7296796586778 34.7443236033121 34.8933173815407 35.4453606605529 35.9974039395649
41.823544629415 40.9810419506498 40.1385392718845 39.2960365931194 38.4535339143542 37.6110312355889 37.3358671824137 37.2498160044351 37.1637648264566 37.0777136484781 36.9916624704996 36.9056112925211 36.8195601145426 36.7629357231988 36.7945916917589 36.826247660319 36.8579036288791 36.8895595974392 36.9212155659993 36.9528715345594 36.9845275031196 36.8752478281657 36.7189896053738 36.5627313825819 36.40647315979 36.2502149369981 36.0939567142062 35.9376984914143 35.8016577084859 35.7262692451476 35.6508807818094 35.5754923184712 35.500103855133 35.4247153917948 35.3493269284566 35.2739384651183 35.2631721496581 35.2739465501572 35.2847209506564 35.2954953511555 35.3062697516546 35.3170441521538 35.3278185526529 35.478018930223 36.0464972390067 36.6149755477904
42.3184000015259 41.5786503473918 40.8389006932576 40.0991510391235 39.3594013849894 38.6196517308552 38.2847743988036 38.0848545074462 37.8849346160888 37.6850147247314 37.485094833374 37.2851749420166 37.0852550506592 36.9441118876139 36.9792989095052 37.0144859313964 37.0496729532877 37.084859975179 37.1200469970703 37.1552340189616 37.1904210408528 37.1272434234619 37.0312775929769 36.9353117624918 36.8393459320068 36.7433801015218 36.6474142710367 36.5514484405517 36.4638473828633 36.4013406435648 36.3388339042663 36.2763271649678 36.2138204256692 36.1513136863707 36.0888069470722 36.0263002077737 36.0172363281249 36.0259867350259 36.034737141927 36.043487548828 36.052237955729 36.0609883626301 36.0697387695311 36.2137702306109 36.7636448542275 37.313519477844
42.8132553736369 42.1762587441339 41.5392621146308 40.9022654851278 40.2652688556247 39.6282722261216 39.2336816151936 38.9198930104573 38.606104405721 38.2923158009847 37.9785271962484 37.664738591512 37.3509499867757 37.125288052029 37.1640061272515 37.2027242024739 37.2414422776964 37.2801603529188 37.3188784281412 37.3575965033637 37.3963145785861 37.3792390187581 37.3435655805799 37.3078921424018 37.2722187042236 37.2365452660454 37.2008718278672 37.165198389689 37.1260370572407 37.0764120419819 37.0267870267231 36.9771620114643 36.9275369962055 36.8779119809468 36.828286965688 36.7786619504292 36.7713005065917 36.7780269198946 36.7847533331976 36.7914797465005 36.7982061598035 36.8049325731064 36.8116589864094 36.9495215309989 37.4807924694484 38.0120634078978
43.3081107457479 42.773867140876 42.2396235360039 41.705379931132 41.1711363262601 40.636892721388 40.1825888315836 39.7549315134684 39.3272741953532 38.899616877238 38.4719595591228 38.0443022410075 37.6166449228923 37.3064642164442 37.3487133449978 37.3909624735514 37.433211602105 37.4754607306586 37.5177098592122 37.5599589877658 37.6022081163194 37.6312346140543 37.655853568183 37.6804725223117 37.7050914764404 37.7297104305691 37.7543293846977 37.7789483388264 37.7882267316182 37.7514834403991 37.71474014918 37.6779968579609 37.6412535667419 37.6045102755228 37.5677669843037 37.5310236930846 37.5253646850585 37.5300671047634 37.5347695244682 37.5394719441731 37.544174363878 37.5488767835828 37.5535792032877 37.6852728313868 38.1979400846692 38.7106073379515
