data/working_set_collections/6091692-Cassins_Sparrow-MC/1990/bio13.asc
NCOLS 265 
NROWS 230 
XLLCORNER -115.5625 
YLLCORNER 24.8333333333333 
CELLSIZE 0.0833333333333333 
NODATA_value -9999 
[rows 80 to 99 of 230, columns 0 to 45 of 265]
35.7403949101762 38.1666151046747 40.5928352991733 43.0190554936722 45.4452756881708 47.8714958826694 50.2977160771683 51.7380174636837 52.8496792475378 53.9613410313922 55.0730028152463 56.1846645991004 57.2963263829547 58.4079881668089 59.241175810496 59.2389410336812 59.2367062568665 59.2344714800517 59.232236703237 59.2300019264222 59.2277671496074 59.2255323727927 59.2758693695069 59.3437302907309 59.4115912119548 59.4794521331788 59.5473130544027 59.6151739756267 59.6830348968506 59.6152739630807 59.1406474643284 58.6660209655763 58.1913944668241 57.7167679680719 57.2421414693197 56.7675149705676 56.2928884718154 54.5462892532352 52.3756991280455 50.2051090028554 48.0345188776656 45.8639287524758 43.6933386272857 41.522748502096 39.55547946824 38.1981737083861
36.752831459045 39.2394144058222 41.7259973525994 44.212580299377 46.6991632461542 49.1857461929314 51.672329139709 52.9937841415402 53.9268631617225 54.8599421819049 55.7930212020872 56.7261002222694 57.6591792424518 58.5922582626341 59.263894812266 59.1512039502462 59.0385130882264 58.9258222262065 58.8131313641867 58.7004405021668 58.587749640147 58.4750587781271 58.5438564300538 58.6731502532959 58.8024440765381 58.9317378997803 59.0610317230225 59.1903255462647 59.3196193695069 59.3117653740778 58.8924679226346 58.4731704711915 58.0538730197484 57.6345755683052 57.215278116862 56.7959806654189 56.3766832139757 54.5907224655155 52.349207284716 50.107692103916 47.8661769231164 45.6246617423169 43.3831465615169 41.1416313807174 39.1202338165711 37.759189102385
37.7652680079138 40.3122137069696 42.8591594060254 45.4061051050817 47.9530508041375 50.4999965031934 53.0469422022496 54.2495508193966 55.004047075907 55.7585433324176 56.513039588928 57.2675358454384 58.0220321019489 58.7765283584593 59.2866138140361 59.0634668668112 58.8403199195863 58.6171729723614 58.3940260251364 58.1708790779115 57.9477321306866 57.7245851834617 57.8118434906007 58.0025702158611 58.1932969411215 58.3840236663819 58.5747503916423 58.7654771169027 58.9562038421631 59.008256785075 58.6442883809408 58.2803199768067 57.9163515726726 57.5523831685385 57.1884147644044 56.8244463602703 56.4604779561361 54.6351556777958 52.3227154413864 50.0102752049767 47.6978349685673 45.385394732158 43.0729544957482 40.7605142593388 38.6849881649021 37.3202044963839
38.7777045567826 41.3850130081171 43.9923214594516 46.5996299107865 49.206938362121 51.8142468134554 54.4215552647904 55.5053174972531 56.0812309900917 56.6571444829303 57.2330579757688 57.8089714686074 58.384884961446 58.9607984542845 59.3093328158062 58.9757297833761 58.6421267509461 58.3085237185162 57.9749206860861 57.6413176536561 57.3077146212262 56.9741115887961 57.0798305511475 57.3319901784261 57.5841498057048 57.8363094329834 58.0884690602621 58.3406286875407 58.5927883148193 58.7047481960722 58.396108839247 58.087469482422 57.7788301255969 57.4701907687718 57.1615514119467 56.8529120551216 56.5442726982965 54.6795888900761 52.2962235980569 49.9128583060373 47.5294930140182 45.146127721999 42.7627624299794 40.3793971379603 38.2497425132331 36.8812198903828
39.4296918974979 42.0019289970393 44.5741660965808 47.1464031961226 49.7186402956641 52.2908773952055 54.8631144947474 55.8369873682658 56.2780721664428 56.71915696462 57.1602417627971 57.6013265609741 58.0424113591513 58.4834961573283 58.7124467425879 58.3049946890939 57.8975426356 57.4900905821061 57.0826385286121 56.6751864751182 56.2677344216243 55.8602823681304 56.0053558667502 56.334604549408 56.6638532320659 56.9931019147238 57.3223505973816 57.6515992800395 57.9808479626974 58.172388511234 57.9508046574064 57.7292208035788 57.5076369497512 57.2860530959236 57.064469242096 56.8428853882684 56.6213015344408 54.7606656074528 52.3536789894109 49.9466923713687 47.5397057533268 45.1327191352849 42.7257325172427 40.3187458992008 38.1696274280551 36.7941133975984
39.7212300300595 42.1629616737361 44.6046933174128 47.0464249610898 49.4881566047665 51.9298882484431 54.3716198921202 55.2445604324341 55.5945706049602 55.9445807774863 56.2945909500123 56.6446011225383 56.9946112950644 57.3446214675905 57.495955594381 57.0512615839643 56.6065675735477 56.161873563131 55.7171795527143 55.2724855422977 54.827791531881 54.3830975214643 54.5884194374086 55.0104133288067 55.4324072202048 55.8544011116029 56.276395003001 56.6983888943991 57.1203827857972 57.4111777305605 57.3083758354188 57.2055739402772 57.1027720451356 56.999970149994 56.8971682548523 56.7943663597107 56.6915644645691 54.8783858299259 52.4950816154485 50.1117774009707 47.7284731864933 45.3451689720159 42.9618647575381 40.5785605430607 38.4446429093681 37.0588850180309
40.0127681626211 42.3239943504329 44.6352205382448 46.946446726057 49.2576729138689 51.5688991016807 53.880125289493 54.6521334966024 54.9110690434774 55.1700045903525 55.4289401372275 55.6878756841025 55.9468112309775 56.2057467778525 56.2794644461741 55.7975284788346 55.3155925114952 54.8336565441558 54.3517205768164 53.869784609477 53.3878486421376 52.9059126747982 53.1714830080669 53.6862221082052 54.2009612083436 54.7157003084819 55.2304394086202 55.7451785087586 56.2599176088969 56.6499669498869 56.6659470134312 56.6819270769756 56.69790714052 56.7138872040643 56.7298672676087 56.745847331153 56.7618273946974 54.9961060523991 52.6364842414861 50.2768624305727 47.9172406196598 45.5576188087468 43.1979969978335 40.8383751869205 38.7196583906812 37.3236566384635
40.3043062951827 42.4850270271297 44.6657477590768 46.8464684910242 49.0271892229713 51.2079099549183 53.3886306868657 54.0597065607707 54.2275674819947 54.3954284032187 54.5632893244426 54.7311502456666 54.8990111668906 55.0668720881145 55.0629732979671 54.5437953737049 54.0246174494428 53.5054395251807 52.9862616009185 52.4670836766563 51.9479057523942 51.428727828132 51.7545465787252 52.3620308876038 52.9695151964824 53.5769995053609 54.1844838142395 54.7919681231181 55.3994524319967 55.8887561692132 56.0235181914436 56.158280213674 56.2930422359043 56.4278042581346 56.562566280365 56.6973283025953 56.8320903248257 55.1138262748722 52.7778868675237 50.4419474601748 48.1060080528263 45.7700686454778 43.4341292381289 41.0981898307804 38.9946738719943 37.588428258896
40.5958444277443 42.6460597038265 44.6962749799088 46.7464902559914 48.7967055320737 50.8469208081559 52.8971360842385 53.467279624939 53.544065920512 53.6208522160849 53.6976385116578 53.7744248072308 53.8512111028037 53.9279973983766 53.8464821497603 53.2900622685753 52.7336423873904 52.1772225062056 51.6208026250206 51.0643827438358 50.5079628626509 49.951542981466 50.3376101493837 51.0378396670024 51.7380691846213 52.4382987022401 53.1385282198588 53.8387577374777 54.5389872550965 55.1275453885397 55.3810893694561 55.6346333503724 55.8881773312887 56.141721312205 56.3952652931213 56.6488092740376 56.902353254954 55.2315464973453 52.9192894935613 50.6070324897768 48.2947754859928 45.9825184822087 43.6702614784243 41.3580044746402 39.2696893533074 37.8531998793285
40.8873825603059 42.8070923805233 44.7268022007408 46.6465120209586 48.566221841176 50.4859316613935 52.4056414816113 52.8748526891073 52.8605643590292 52.8462760289511 52.831987698873 52.8176993687949 52.8034110387168 52.7891227086387 52.6299910015533 52.0363291634456 51.442667325338 50.8490054872304 50.2553436491227 49.6616818110151 49.0680199729075 48.4743581347998 48.920673720042 49.713648446401 50.5066231727601 51.2995978991191 52.0925726254781 52.8855473518372 53.6785220781962 54.3663346078661 54.7386605474684 55.1109864870707 55.483312426673 55.8556383662754 56.2279643058776 56.6002902454799 56.9726161850823 55.3492667198185 53.0606921195989 50.7721175193789 48.4835429191593 46.1949683189397 43.9063937187197 41.6178191185001 39.5447048346204 38.1179714997611
41.1748048994274 42.8801873524981 44.5855698055688 46.2909522586397 47.9963347117104 49.7017171647811 51.4070996178521 51.7935519536338 51.7403609169856 51.6871698803374 51.6339788436891 51.5807878070409 51.5275967703927 51.4744057337445 51.2984705819027 50.7543030844796 50.2101355870567 49.6659680896338 49.1218005922107 48.5776330947878 48.0334655973648 47.4892980999418 47.9925407091776 48.8449200206331 49.6972993320888 50.5496786435444 51.402057955 52.2544372664557 53.1068165779113 53.8725540479023 54.3783659934997 54.884177939097 55.3899898846943 55.8958018302916 56.4016137758889 56.9074257214862 57.4132376670836 55.8450491269432 53.5855270915565 51.3260050561694 49.0664830207827 46.806960985396 44.547438950009 42.2879169146222 40.2207158406578 38.7304776509603
41.4581114451088 42.8653446197507 44.2725777943926 45.6798109690348 47.0870441436767 48.4942773183186 49.9015104929607 50.2233774185183 50.183455594381 50.1435337702436 50.1036119461062 50.0636901219689 50.0237682978315 49.9838464736941 49.8519208908084 49.4439840316775 49.0360471725467 48.6281103134158 48.2201734542849 47.812236595154 47.4042997360231 46.9963628768922 47.5532111167907 48.4316543896992 49.3100976626078 50.1885409355163 51.0669842084247 51.9454274813334 52.8238707542418 53.6462037086486 54.30020570755 54.9542077064513 55.6082097053526 56.262211704254 56.9162137031553 57.5702157020566 58.224217700958 56.7188937187197 54.4937944094344 52.2686951001486 50.0435957908633 47.8184964815779 45.5933971722921 43.3682978630068 41.2977223714195 39.6907183329265
41.7414179907903 42.8505018870034 43.9595857832165 45.0686696794298 46.1777535756428 47.2868374718559 48.3959213680692 48.6532028834027 48.6265502717762 48.5998976601497 48.5732450485232 48.5465924368966 48.5199398252701 48.4932872136436 48.4053711997141 48.1336649788753 47.8619587580365 47.5902525371978 47.3185463163589 47.0468400955202 46.7751338746814 46.5034276538426 47.1138815244038 48.0183887587652 48.9228959931267 49.8274032274881 50.7319104618495 51.636417696211 52.5409249305724 53.4198533693948 54.2220454216003 55.0242374738056 55.8264295260109 56.6286215782164 57.4308136304218 58.2330056826271 59.0351977348326 57.5927383104963 55.4020617273122 53.2113851441278 51.0207085609438 48.8300319777598 46.6393553945754 44.4486788113914 42.3747289021812 40.6509590148926
42.0247245364718 42.835659154256 43.6465937720403 44.4575283898247 45.268463007609 46.0793976253933 46.8903322431777 47.0830283482871 47.0696449491715 47.0562615500558 47.0428781509401 47.0294947518245 47.0161113527088 47.0027279535931 46.9588215086197 46.823345926073 46.6878703435264 46.5523947609797 46.416919178433 46.2814435958863 46.1459680133397 46.010492430793 46.6745519320169 47.6051231278312 48.5356943236456 49.4662655194599 50.3968367152742 51.3274079110887 52.257979106903 53.193503030141 54.1438851356505 55.0942672411599 56.0446493466693 56.9950314521788 57.9454135576882 58.8957956631975 59.8461777687071 58.4665829022728 56.3103290451901 54.1540751881071 51.9978213310244 49.8415674739418 47.6853136168587 45.529059759776 43.451735432943 41.6111996968588
42.3080310821532 42.8208164215087 43.3336017608642 43.8463871002198 44.3591724395753 44.8719577789307 45.3847431182863 45.5128538131717 45.5127396265668 45.512625439962 45.5125112533572 45.5123970667524 45.5122828801476 45.5121686935427 45.5122718175255 45.5130268732709 45.5137819290163 45.5145369847617 45.5152920405071 45.5160470962526 45.516802151998 45.5175572077434 46.23522233963 47.1918574968972 48.1484926541646 49.1051278114318 50.061762968699 51.0183981259663 51.9750332832335 52.9671526908872 54.0657248497008 55.1642970085142 56.2628691673276 57.3614413261412 58.4600134849546 59.5585856437679 60.6571578025815 59.3404274940493 57.218596363068 55.0967652320863 52.9749341011049 50.8531029701236 48.7312718391419 46.6094407081606 44.5287419637047 42.5714403788249
42.5913376278347 42.8059736887614 43.020609749688 43.2352458106148 43.4498818715414 43.6645179324681 43.8791539933948 43.9426792780561 43.9558343039621 43.9689893298681 43.9821443557741 43.9952993816802 44.0084544075862 44.0216094334922 44.0657221264311 44.2027078204686 44.3396935145062 44.4766792085437 44.6136649025812 44.7506505966187 44.8876362906563 45.0246219846938 45.7958927472432 46.7785918659632 47.7612909846835 48.7439901034036 49.7266892221237 50.709388340844 51.6920874595641 52.7408023516335 53.9875645637511 55.2343267758685 56.4810889879859 57.7278512001036 58.974613412221 60.2213756243384 61.468137836456 60.2142720858258 58.1268636809458 56.0394552760655 53.9520468711855 51.8646384663055 49.7772300614252 47.6898216565452 45.6057484944665 43.5316810607911
43.3433986769781 43.4312104225157 43.5190221680533 43.606833913591 43.6946456591287 43.7824574046663 43.870269150204 43.8511263529458 43.7963320414224 43.741537729899 43.6867434183756 43.6319491068521 43.5771547953287 43.5223604838053 43.5330043050977 43.7399625248378 43.946920744578 44.1538789643181 44.3608371840582 44.5677954037983 44.7747536235385 44.9817118432786 45.7880438486733 46.794167115953 47.8002903832328 48.8064136505125 49.8125369177921 50.818660185072 51.8247834523517 52.9258492257856 54.311742517683 55.6976358095802 57.0835291014773 58.4694223933747 59.8553156852718 61.241208977169 62.6271022690664 61.5135925610862 59.5669485198129 57.6203044785393 55.6736604372661 53.7270163959928 51.7803723547193 49.833728313446 47.8560396936206 45.785217338138
44.5642142295835 44.696526622772 44.8288390159604 44.9611514091489 45.0934638023374 45.2257761955258 45.3580885887143 45.2381950378416 45.0342328389484 44.8302706400552 44.626308441162 44.4223462422688 44.2183840433756 44.0144218444824 43.9141183535257 44.1247909863789 44.3354636192321 44.5461362520853 44.7568088849385 44.9674815177916 45.1781541506448 45.388826783498 46.2116756439207 47.2385832468666 48.2654908498126 49.2923984527585 50.3193060557044 51.3462136586505 52.3731212615964 53.5222933133439 55.0382587114967 56.5542241096493 58.0701895078018 59.5861549059546 61.1021203041072 62.6180857022597 64.1340511004126 63.2383889198303 61.5388508796692 59.8393128395079 58.1397747993468 56.4402367591857 54.7406987190243 53.0411606788633 51.2796155611673 49.3320492108659
45.7850297821891 45.9618428230283 46.1386558638676 46.315468904707 46.4922819455462 46.6690949863855 46.8459080272248 46.6252637227375 46.2721336364745 45.9190035502115 45.5658734639485 45.2127433776855 44.8596132914225 44.5064832051595 44.2952324019537 44.50961944792 44.7240064938862 44.9383935398525 45.1527805858187 45.367167631785 45.5815546777512 45.7959417237175 46.6353074391681 47.6829993777802 48.7306913163925 49.7783832550046 50.8260751936168 51.8737671322291 52.9214590708412 54.1187374009022 55.7647749053104 57.4108124097184 59.0568499141264 60.7028874185347 62.3489249229427 63.9949624273506 65.6409999317589 64.9631852785746 63.5107532395257 62.0583212004766 60.6058891614277 59.1534571223788 57.7010250833297 56.2485930442808 54.7031914287143 52.8788810835941
47.0058453347946 47.2271590232847 47.4484727117748 47.669786400265 47.8911000887551 48.1124137772452 48.3337274657354 48.0123324076334 47.5100344340006 47.0077364603678 46.505438486735 46.0031405131022 45.5008425394694 44.9985445658366 44.6763464503817 44.8944479094611 45.1125493685404 45.3306508276197 45.548752286699 45.7668537457783 45.9849552048576 46.203056663937 47.0589392344155 48.1274155086938 49.1958917829724 50.2643680572507 51.3328443315291 52.4013206058077 53.469796880086 54.7151814884605 56.4912910991242 58.2674007097876 60.043510320451 61.8196199311147 63.5957295417781 65.3718391524415 67.1479487631052 66.6879816373189 65.4826555993822 64.2773295614453 63.0720035235086 61.8666774855719 60.661351447635 59.4560254096983 58.1267672962613 56.4257129563224
