data/working_set_collections/6091692-Cassins_Sparrow-MC/1990/bio16.asc
NCOLS 265 
NROWS 230 
XLLCORNER -115.5625 
YLLCORNER 24.8333333333333 
CELLSIZE 0.0833333333333333 
NODATA_value -9999 
[rows 140 to 159 of 230, columns 138 to 183 of 265]
185.403627480402 182.701835250855 180.000043021309 177.298250791762 176.66686185201 176.72560734219 176.78435283237 176.84309832255 176.901843812731 176.960589302911 177.019334793091 177.439989768134 178.946373197767 180.4527566274 181.959140057034 183.465523486667 184.9719069163 186.478290345933 187.984673775566 190.409149169921 193.139655219183 195.870161268445 198.600667317708 201.33117336697 204.061679416232 206.792185465494 208.82224506802 208.750965330336 208.679685592651 208.608405854967 208.537126117283 208.465846379598 208.394566641914 208.323286904229 210.637097549438 213.745938322279 216.854779095119 219.96361986796 223.072460640801 226.181301413641 229.290142186482 232.295958752102 234.992702696058 237.689446640014 240.38619058397 243.082934527926
186.119345643786 183.443088150025 180.766830656264 178.090573162503 177.361847559611 177.282299253676 177.20275094774 177.123202641805 177.04365433587 176.964106029934 176.884557723999 177.224823972914 178.824533886379 180.424243799845 182.023953713311 183.623663626776 185.223373540242 186.823083453708 188.422793367173 190.779092407226 193.387587822808 195.996083238389 198.604578653971 201.213074069552 203.821569485134 206.430064900716 208.347543038262 208.191969341702 208.036395645142 207.880821948581 207.725248252021 207.569674555461 207.4141008589 207.25852716234 209.500788497924 212.542328177557 215.583867857191 218.625407536824 221.666947216457 224.70848689609 227.750026575724 230.739457405938 233.572561687893 236.405665969848 239.238770251803 242.071874533759
186.83506380717 184.184341049195 181.53361829122 178.882895533244 178.056833267212 177.838991165161 177.62114906311 177.40330696106 177.185464859009 176.967622756958 176.749780654907 177.009658177693 178.702694574991 180.39573097229 182.088767369588 183.781803766886 185.474840164184 187.167876561482 188.86091295878 191.149035644531 193.635520426432 196.122005208333 198.608489990234 201.094974772135 203.581459554036 206.067944335937 207.872841008504 207.632973353068 207.393105697632 207.153238042196 206.91337038676 206.673502731323 206.433635075887 206.193767420451 208.364479446411 211.338718032836 214.312956619262 217.287195205688 220.261433792114 223.235672378539 226.209910964966 229.182956059773 232.152420679728 235.121885299682 238.091349919637 241.060814539591
187.550781970555 184.925593948365 182.300405926175 179.675217903986 178.751818974813 178.395683076647 178.03954717848 177.683411280314 177.327275382148 176.971139483982 176.615003585815 176.794492382473 178.580855263604 180.367218144734 182.153581025865 183.939943906995 185.726306788126 187.512669669257 189.299032550387 191.518978881835 193.883453030056 196.247927178276 198.612401326497 200.976875474717 203.341349622938 205.705823771159 207.398138978746 207.073977364434 206.749815750122 206.42565413581 206.101492521498 205.777330907186 205.453169292874 205.129007678562 207.228170394897 210.135107888115 213.042045381333 215.948982874552 218.85592036777 221.762857860988 224.669795354207 227.626454713609 230.732279671562 233.838104629516 236.94392958747 240.049754545423
188.833153788249 186.385783386231 183.938412984213 181.491042582194 180.500298055013 179.995095486111 179.489892917209 178.984690348307 178.479487779405 177.974285210503 177.469082641601 177.514892408582 179.213739183213 180.912585957845 182.611432732476 184.310279507107 186.009126281738 187.707973056369 189.406819831 191.497344843546 193.718429268731 195.939513693915 198.1605981191 200.381682544284 202.602766969468 204.823851394653 206.403218799167 206.05743514167 205.711651484172 205.365867826674 205.020084169176 204.674300511678 204.32851685418 203.982733196683 205.988344955444 208.777755186292 211.567165417141 214.35657564799 217.145985878838 219.935396109686 222.724806340535 225.622836261325 228.846725251939 232.070614242553 235.294503233167 238.518392223781
190.682179260254 188.564909362793 186.447639465332 184.330369567871 183.302270507812 182.637228393554 181.972186279297 181.307144165039 180.642102050781 179.977059936523 179.312017822265 179.170858256022 180.601346333821 182.031834411621 183.46232248942 184.89281056722 186.323298645019 187.753786722819 189.184274800618 191.084133529663 193.140449142456 195.196764755249 197.253080368042 199.309395980835 201.365711593628 203.422027206421 204.888080469768 204.583346684774 204.278612899781 203.973879114787 203.669145329794 203.3644115448 203.059677759807 202.754943974813 204.645003128052 207.266659927368 209.888316726684 212.509973526001 215.131630325317 217.753287124633 220.37494392395 223.172100702921 226.495757420857 229.819414138794 233.14307085673 236.466727574666
192.531204732259 190.744035339355 188.956865946452 187.169696553548 186.104242960612 185.279361300998 184.454479641384 183.629597981771 182.804716322157 181.979834662543 181.15495300293 180.826824103461 181.988953484429 183.151082865397 184.313212246365 185.475341627332 186.637471008301 187.799600389268 188.961729770236 190.670922215779 192.562469016181 194.454015816582 196.345562616984 198.237109417385 200.128656217787 202.020203018188 203.372942140368 203.109258227878 202.845574315389 202.5818904029 202.318206490411 202.054522577922 201.790838665433 201.527154752943 203.301661300659 205.755564668443 208.209468036227 210.663371404012 213.117274771796 215.57117813958 218.025081507365 220.721365144517 224.144789589775 227.568214035034 230.991638480292 234.41506292555
194.380230204265 192.923161315918 191.466092427572 190.009023539225 188.906215413411 187.921494208442 186.936773003472 185.952051798503 184.967330593533 183.982609388563 182.997888183594 182.4827899509 183.376560635036 184.270331319173 185.164102003309 186.057872687445 186.951643371582 187.845414055718 188.739184739854 190.257710901896 191.984488889906 193.711266877916 195.438044865926 197.164822853936 198.891600841946 200.618378829956 201.857803810968 201.635169770983 201.412535730998 201.189901691013 200.967267651028 200.744633611044 200.521999571059 200.299365531074 201.958319473266 204.244469409518 206.53061934577 208.816769282023 211.102919218275 213.389069154527 215.675219090779 218.270629586113 221.793821758693 225.317013931274 228.840206103854 232.363398276434
196.22925567627 195.10228729248 193.975318908691 192.848350524902 191.708187866211 190.563627115885 189.41906636556 188.274505615234 187.129944864909 185.985384114583 184.840823364258 184.138755798339 184.764167785644 185.389579772949 186.014991760254 186.640403747558 187.265815734863 187.891227722168 188.516639709473 189.844499588012 191.406508763631 192.968517939249 194.530527114868 196.092536290486 197.654545466105 199.216554641724 200.342665481568 200.161081314087 199.979497146607 199.797912979126 199.616328811646 199.434744644165 199.253160476685 199.071576309204 200.614977645874 202.733374150594 204.851770655314 206.970167160034 209.088563664754 211.206960169474 213.325356674194 215.81989402771 219.442853927612 223.065813827514 226.688773727417 230.311733627319
198.078281148275 197.281413269043 196.484545389811 195.687677510579 194.51016031901 193.205760023329 191.901359727648 190.596959431966 189.292559136285 187.988158840603 186.683758544922 185.794721645779 186.151774936252 186.508828226725 186.865881517198 187.222934807671 187.579988098144 187.937041388618 188.294094679091 189.431288274129 190.828528637356 192.225769000583 193.62300936381 195.020249727037 196.417490090264 197.814730453491 198.827527152168 198.686992857192 198.546458562215 198.405924267239 198.265389972263 198.124855677287 197.984321382311 197.843787087335 199.271635818481 201.222278891669 203.172921964857 205.123565038045 207.074208111233 209.024851184421 210.975494257609 213.369158469306 217.09188609653 220.814613723755 224.537341350979 228.260068978203
200.487535307142 200.054859288533 199.622183269924 199.189507251315 197.978549448649 196.50816438463 195.037779320611 193.567394256591 192.097009192572 190.626624128553 189.156239064534 188.041329065958 187.992844263712 187.944359461466 187.89587465922 187.847389856974 187.798905054728 187.750420252482 187.701935450236 188.642244338989 189.912151124742 191.182057910495 192.451964696248 193.721871482001 194.991778267754 196.261685053508 197.197605726454 197.131568060981 197.065530395508 196.999492730035 196.933455064562 196.867417399089 196.801379733616 196.735342068143 198.15112469991 200.060847430759 201.970570161607 203.880292892456 205.790015623304 207.699738354153 209.609461085001 211.950148434108 215.583729637993 219.217310841878 222.850892045762 226.484473249647
203.457018152872 203.422625350952 203.388232549031 203.35383974711 202.113355255127 200.470840199788 198.82832514445 197.185810089111 195.543295033773 193.900779978434 192.258264923095 190.878578058878 190.287375768025 189.696173477173 189.10497118632 188.513768895467 187.922566604614 187.331364313762 186.740162022909 187.477367782593 188.657376225789 189.837384668986 191.017393112183 192.197401555379 193.377409998576 194.557418441773 195.452901204427 195.494806925456 195.536712646485 195.578618367513 195.620524088542 195.66242980957 195.704335530599 195.746241251628 197.253444290161 199.249079767863 201.244715245564 203.240350723266 205.235986200968 207.23162167867 209.227257156372 211.562863922118 214.918384552001 218.273905181884 221.629425811767 224.98494644165
206.426500998602 206.79039141337 207.154281828138 207.518172242906 206.248161061605 204.433516014947 202.618870968289 200.804225921631 198.989580874973 197.174935828315 195.360290781657 193.715827051798 192.581907272339 191.447987492879 190.31406771342 189.18014793396 188.0462281545 186.912308375041 185.778388595582 186.312491226196 187.402601326836 188.492711427477 189.582821528117 190.672931628757 191.763041729397 192.853151830037 193.7081966824 193.858045789931 194.007894897461 194.157744004991 194.307593112522 194.457442220052 194.607291327583 194.757140435113 196.355763880412 198.437312104967 200.518860329522 202.600408554077 204.681956778632 206.763505003187 208.845053227742 211.175579410128 214.253039466009 217.330499521891 220.407959577772 223.485419633653
209.395983844332 210.158157475789 210.920331107245 211.682504738701 210.382966868082 208.396191830105 206.409416792128 204.42264175415 202.435866716173 200.449091678195 198.462316640218 196.553076044718 194.876438776652 193.199801508586 191.523164240519 189.846526972453 188.169889704387 186.49325243632 184.816615168254 185.1476146698 186.147826427884 187.148038185967 188.148249944051 189.148461702135 190.148673460219 191.148885218303 191.963492160374 192.221284654406 192.479077148438 192.73686964247 192.994662136502 193.252454630534 193.510247124566 193.768039618598 195.458083470662 197.625544442071 199.793005413479 201.960466384887 204.127927356296 206.295388327704 208.462849299113 210.788294898139 213.587694380018 216.387093861898 219.186493343777 221.985892825656
212.365466690063 213.525923538207 214.686380386352 215.846837234496 214.51777267456 212.358867645263 210.199962615967 208.04105758667 205.882152557373 203.723247528076 201.564342498779 199.390325037638 197.170970280965 194.951615524292 192.732260767619 190.512906010946 188.293551254273 186.0741964976 183.854841740927 183.982738113403 184.893051528931 185.803364944458 186.713678359985 187.623991775513 188.53430519104 189.444618606567 190.218787638347 190.58452351888 190.950259399414 191.315995279948 191.681731160482 192.047467041016 192.41320292155 192.778938802083 194.560403060913 196.813776779174 199.067150497436 201.320524215698 203.57389793396 205.827271652221 208.080645370483 210.401010386149 212.922349294026 215.443688201904 217.965027109782 220.486366017659
215.334949535793 216.893689600626 218.452429665459 220.011169730291 218.652578481038 216.321543460422 213.990508439806 211.659473419189 209.328438398573 206.997403377957 204.66636835734 202.227574030558 199.465501785279 196.703429539999 193.941357294719 191.179285049439 188.417212804159 185.655140558879 182.8930683136 182.817861557007 183.638276629978 184.458691702949 185.27910677592 186.099521848891 186.919936921861 187.740351994832 188.47408311632 188.947762383355 189.421441650391 189.895120917426 190.368800184462 190.842479451497 191.316158718533 191.789837985569 193.662722651163 196.002009116278 198.341295581393 200.680582046509 203.019868511623 205.359154976738 207.698441441853 210.013725874159 212.257004208034 214.500282541911 216.743560875786 218.986839209662
217.13349456787 218.957968648274 220.782442728678 222.606916809081 221.216505940755 218.754466756185 216.292427571615 213.830388387045 211.368349202474 208.906310017904 206.444270833334 203.808545133803 200.651759889392 197.494974644979 194.338189400568 191.181404156156 188.024618911744 184.867833667332 181.711048422921 181.599743398031 182.503598446316 183.407453494602 184.311308542887 185.215163591173 186.119018639458 187.022873687744 187.820200898912 188.297944598728 188.775688298543 189.253431998359 189.731175698174 190.20891939799 190.686663097805 191.164406797621 193.194439570109 195.741902033487 198.289364496866 200.836826960245 203.384289423624 205.931751887003 208.479214350382 210.874212222628 212.811816321478 214.749420420328 216.687024519178 218.624628618028
217.761101786295 219.718760681152 221.676419576008 223.634078470865 222.209555053711 219.657637532553 217.105720011394 214.553802490235 212.001884969076 209.449967447917 206.898049926758 204.133238347372 200.729744593303 197.326250839234 193.922757085165 190.519263331096 187.115769577027 183.712275822958 180.30878206889 180.328383636475 181.489016977946 182.649650319417 183.810283660889 184.97091700236 186.131550343831 187.292183685302 188.257140986125 188.635070164998 189.012999343872 189.390928522746 189.768857701619 190.146786880493 190.524716059367 190.902645238241 193.155553817749 196.033455530802 198.911357243855 201.789258956909 204.667160669962 207.545062383015 210.422964096069 212.982469431559 214.586785634358 216.191101837158 217.795418039957 219.399734242757
218.388709004719 220.479552714029 222.570396423339 224.661240132649 223.202604166667 220.56080830892 217.919012451172 215.277216593425 212.635420735678 209.99362487793 207.351829020183 204.457931560941 200.807729297215 197.157527033489 193.507324769763 189.857122506037 186.20692024231 182.556717978584 178.906515714859 179.057023874919 180.474435509576 181.891847144233 183.30925877889 184.726670413547 186.144082048204 187.561493682861 188.694081073337 188.972195731269 189.250310389201 189.528425047133 189.806539705064 190.084654362996 190.362769020928 190.64088367886 193.116668065388 196.325009028116 199.533349990844 202.741690953572 205.9500319163 209.158372879027 212.366713841755 215.090726640489 216.361754947238 217.632783253987 218.903811560736 220.174839867485
219.016316223144 221.240344746907 223.46437327067 225.688401794433 224.195653279623 221.463979085287 218.732304890951 216.000630696615 213.268956502279 210.537282307943 207.805608113607 204.78262477451 200.885714001127 196.988803227743 193.09189245436 189.194981680977 185.298070907594 181.401160134211 177.504249360828 177.785664113363 179.459854041205 181.134043969048 182.808233896891 184.482423824734 186.156613752577 187.83080368042 189.13102116055 189.30932129754 189.48762143453 189.66592157152 189.84422170851 190.0225218455 190.20082198249 190.37912211948 193.077782313028 196.61656252543 200.155342737833 203.694122950235 207.232903162637 210.771683375039 214.310463587442 217.198983849419 218.136724260118 219.074464670817 220.012205081515 220.949945492214
