data/working_set_collections/6091692-Cassins_Sparrow-MC/1990/bio14.asc
NCOLS 265 
NROWS 230 
XLLCORNER -115.5625 
YLLCORNER 24.8333333333333 
CELLSIZE 0.0833333333333333 
NODATA_value -9999 
[rows 40 to 59 of 230, columns 46 to 91 of 265]
24.5973415851591 25.5931267897286 26.5889119942982 27.5846971988676 28.5804824034371 29.5762676080067 29.5548554420472 29.1943774859111 28.833899529775 28.473421573639 28.112943617503 27.7524656613669 27.3919877052308 26.9876395702364 26.4516808986665 25.9157222270967 25.3797635555269 24.843804883957 24.3078462123872 23.7718875408174 23.2359288692476 22.3667735099795 21.3865525881452 20.4063316663108 19.4261107444765 18.4458898226422 17.4656689008078 16.4854479789735 15.7183317263921 15.5905294815699 15.4627272367477 15.3349249919255 15.2071227471033 15.0793205022811 14.9515182574589 14.8237160126367 15.069788956642 15.4404869635898 15.8111849705376 16.1818829774855 16.5525809844333 16.9232789913811 17.293976998329 17.8734508832292 19.0792524019874 20.2850539207455
24.5160993099211 25.5533711698318 26.5906430297427 27.6279148896533 28.665186749564 29.7024586094749 29.6311766624451 29.1903767797683 28.7495768970914 28.3087770144146 27.8679771317377 27.4271772490608 26.986377366384 26.5274579630959 26.0141799979741 25.5009020328523 24.9876240677305 24.4743461026087 23.9610681374869 23.4477901723651 22.9345122072433 22.1123248100283 21.1871676021154 20.2620103942025 19.3368531862896 18.4116959783768 17.4865387704638 16.561381562551 15.8576930602391 15.8184106747309 15.7791282892227 15.7398459037144 15.7005635182062 15.661281132698 15.6219987471898 15.5827163616815 15.8527259270348 16.2258328093421 16.5989396916494 16.9720465739566 17.3451534562639 17.7182603385712 18.0913672208784 18.6596038924319 19.8132299317252 20.9668559710182
24.1555507818857 25.1777163558535 26.1998819298214 27.2220475037892 28.244213077757 29.2663786517249 29.1835582733156 28.7324092441137 28.2812602149117 27.8301111857098 27.3789621565079 26.9278131273059 26.476664098104 26.0117469628654 25.5055255095165 24.9993040561678 24.493082602819 23.9868611494701 23.4806396961214 22.9744182427726 22.4681967894238 21.7150397698087 20.8795708947714 20.044102019734 19.2086331446967 18.3731642696594 17.537695394622 16.7022265195848 16.0780293862025 16.0876474777857 16.097265569369 16.1068836609522 16.1165017525355 16.1261198441187 16.135737935702 16.1453560272852 16.4131578604379 16.7670209407805 17.1208840211232 17.4747471014658 17.8286101818084 18.182473262151 18.5363363424936 19.0793980280556 20.1900555292764 21.300713030497
23.5156960010528 24.4661623477935 25.4166286945343 26.367095041275 27.3175613880157 28.2680277347565 28.2120002746584 27.8204748789472 27.4289494832359 27.0374240875246 26.6458986918134 26.254373296102 25.8628479003908 25.4405065695447 24.9257174332938 24.410928297043 23.8961391607923 23.3813500245414 22.8665608882906 22.3517717520398 21.8369826157889 21.1749183893206 20.463762466113 19.7526065429053 19.0414506196977 18.3302946964901 17.6191387732824 16.9079828500749 16.3793407042821 16.3982398907343 16.4171390771865 16.4360382636388 16.454937450091 16.4738366365432 16.4927358229954 16.5116350094477 16.7510847568511 17.0640513579049 17.3770179589589 17.6899845600127 18.0029511610666 18.3159177621205 18.6288843631744 19.1328332900998 20.209729194641 21.2866250991819
22.8758412202199 23.7546083397335 24.6333754592472 25.5121425787608 26.3909096982743 27.2696768177881 27.2404422760012 26.9085405137806 26.5766387515599 26.2447369893394 25.9128352271188 25.5809334648981 25.2490317026776 24.869266176224 24.3459093570711 23.8225525379183 23.2991957187655 22.7758388996126 22.2524820804598 21.729125261307 21.2057684421541 20.6347970088325 20.0479540374546 19.4611110660766 18.8742680946987 18.2874251233208 17.7005821519428 17.113739180565 16.6806520223617 16.7088323036829 16.7370125850041 16.7651928663253 16.7933731476465 16.8215534289677 16.8497337102889 16.8779139916102 17.0890116532643 17.3610817750294 17.6331518967946 17.9052220185597 18.1772921403248 18.44936226209 18.7214323838551 19.1862685521441 20.2294028600056 21.2725371678668
22.2359864393869 23.0430543316734 23.85012222396 24.6571901162465 25.464258008533 26.2713259008196 26.2688842773439 25.996606148614 25.724328019884 25.4520498911541 25.1797717624242 24.9074936336942 24.6352155049643 24.2980257829032 23.7661012808483 23.2341767787935 22.7022522767387 22.1703277746838 21.6384032726289 21.1064787705741 20.5745542685192 20.0946756283444 19.6321456087962 19.1696155892479 18.7070855696997 18.2445555501515 17.7820255306032 17.319495511055 16.9819633404413 17.0194247166315 17.0568860928217 17.0943474690119 17.1318088452021 17.1692702213923 17.2067315975824 17.2441929737726 17.4269385496775 17.6581121921538 17.8892858346303 18.1204594771067 18.3516331195831 18.5828067620595 18.8139804045359 19.2397038141884 20.2490765253702 21.2584492365518
21.5961316585541 22.3315003236134 23.0668689886729 23.8022376537323 24.5376063187917 25.2729749838512 25.2973262786867 25.0846717834475 24.8720172882082 24.6593627929689 24.4467082977297 24.2340538024904 24.0213993072511 23.7267853895825 23.1862932046256 22.6458010196688 22.1053088347119 21.564816649755 21.0243244647982 20.4838322798413 19.9433400948844 19.5545542478563 19.2163371801378 18.8781201124192 18.5399030447007 18.2016859769822 17.8634689092636 17.5252518415451 17.283274658521 17.3300171295801 17.3767596006393 17.4235020716984 17.4702445427576 17.5169870138168 17.5637294848759 17.6104719559351 17.7648654460906 17.9551426092783 18.145419772466 18.3356969356536 18.5259740988413 18.716251262029 18.9065284252166 19.2931390762327 20.2687501907347 21.2443613052366
20.9562768777211 21.6199463155534 22.2836157533858 22.9472851912181 23.6109546290503 24.2746240668827 24.3257682800295 24.1727374182809 24.0197065565323 23.8666756947837 23.7136448330351 23.5606139712865 23.4075831095379 23.1555449962618 22.6064851284028 22.057425260544 21.5083653926851 20.9593055248262 20.4102456569673 19.8611857891085 19.3121259212495 19.0144328673682 18.8005287514794 18.5866246355905 18.3727205197017 18.1588164038129 17.944912287924 17.7310081720352 17.5845859766006 17.6406095425287 17.6966331084569 17.752656674385 17.8086802403132 17.8647038062413 17.9207273721694 17.9767509380976 18.1027923425038 18.2521730264027 18.4015537103017 18.5509343942006 18.7003150780995 18.8496957619985 18.9990764458974 19.346574338277 20.2884238560993 21.2302733739216
20.4339502811431 21.0298209773169 21.6256916734907 22.2215623696645 22.8174330658382 23.4133037620121 23.4517296473186 23.3043405956693 23.15695154402 23.0095624923707 22.8621734407214 22.7147843890721 22.5673953374228 22.3217245870169 21.7812087403405 21.2406928936643 20.700177046988 20.1596612003116 19.6191453536354 19.0786295069591 18.5381136602827 18.3034939209621 18.1708395507602 18.0381851805582 17.9055308103563 17.7728764401543 17.6402220699523 17.5075676997504 17.4278739134471 17.5070618788402 17.5862498442332 17.6654378096263 17.7446257750194 17.8238137404124 17.9030017058055 17.9821896711986 18.0862101952235 18.1985082387924 18.3108062823614 18.4231043259303 18.5354023694992 18.6477004130682 18.7599984566371 19.0762011024686 20.0041175550884 20.9320340077081
20.0291518688202 20.561124308904 21.0930967489879 21.6250691890717 22.1570416291555 22.6890140692394 22.6752103805544 22.479481315613 22.2837522506716 22.0880231857302 21.8922941207888 21.6965650558474 21.500835990906 21.2253241618477 20.7104640404386 20.1956039190295 19.6807437976204 19.1658836762113 18.6510235548022 18.1361634333931 17.621303311984 17.4217374086382 17.3272695779802 17.2328017473222 17.1383339166643 17.0438660860063 16.9493982553483 16.8549304246904 16.8131384690603 16.9293741385143 17.0456098079682 17.1618454774221 17.2780811468761 17.39431681633 17.5105524857839 17.6267881552379 17.7151190042496 17.7941482464473 17.873177488645 17.9522067308427 18.0312359730403 18.110265215238 18.1892944574357 18.4820193688074 19.4158312877019 20.3496432065963
19.6243534564972 20.092427640491 20.560501824485 21.0285760084788 21.4966501924727 21.9647243764666 21.89869111379 21.6546220355565 21.410552957323 21.1664838790895 20.922414800856 20.6783457226225 20.434276644389 20.1289237366785 19.6397193405365 19.1505149443947 18.6613105482528 18.1721061521108 17.682901755969 17.1936973598271 16.7044929636851 16.5399808963141 16.4836996052002 16.4274183140862 16.3711370229722 16.3148557318583 16.2585744407443 16.2022931496303 16.1984030246735 16.3516863981883 16.5049697717031 16.6582531452179 16.8115365187328 16.9648198922476 17.1181032657624 17.2713866392772 17.3440278132757 17.3897882541021 17.4355486949285 17.481309135755 17.5270695765814 17.5728300174078 17.6185904582342 17.8878376351461 18.8275450203154 19.7672524054844
19.2195550441742 19.6237309720781 20.027906899982 20.4320828278859 20.8362587557898 21.2404346836938 21.1221718470257 20.8297627555001 20.5373536639745 20.2449445724489 19.9525354809233 19.6601263893977 19.3677172978721 19.0325233115093 18.5689746406345 18.1054259697598 17.6418772988851 17.1783286280104 16.7147799571357 16.251231286261 15.7876826153863 15.6582243839901 15.6401296324201 15.6220348808501 15.6039401292802 15.5858453777102 15.5677506261403 15.5496558745703 15.5836675802867 15.7739986578624 15.9643297354381 16.1546608130137 16.3449918905894 16.5353229681651 16.7256540457408 16.9159851233165 16.9729366223018 16.9854282617569 16.9979199012121 17.0104115406673 17.0229031801224 17.0353948195776 17.0478864590328 17.2936559014849 18.2392587529288 19.1848616043726
18.8147566318512 19.1550343036652 19.4953119754792 19.8355896472931 20.1758673191071 20.5161449909211 20.3456525802614 20.0049034754437 19.664154370626 19.3234052658083 18.9826561609906 18.6419070561729 18.3011579513552 17.9361228863401 17.4982299407325 17.0603369951251 16.6224440495176 16.18455110391 15.7466581583025 15.3087652126951 14.8708722670875 14.7764678716661 14.7965596596401 14.8166514476142 14.8367432355882 14.8568350235622 14.8769268115363 14.8970185995103 14.9689321358999 15.1963109175365 15.423689699173 15.6510684808096 15.8784472624461 16.1058260440827 16.3332048257192 16.5605836073558 16.6018454313279 16.5810682694118 16.5602911074957 16.5395139455796 16.5187367836635 16.4979596217474 16.4771824598313 16.6994741678237 17.6509724855423 18.6024708032607
18.4099582195282 18.6863376352522 18.9627170509763 19.2390964667003 19.5154758824243 19.7918552981483 19.5691333134971 19.1800441953873 18.7909550772775 18.4018659591677 18.0127768410579 17.6236877229481 17.2345986048383 16.8397224611709 16.4274852408305 16.0152480204902 15.6030108001499 15.1907735798096 14.7785363594693 14.366299139129 13.9540619187887 13.8947113593421 13.9529896868601 14.0112680143781 14.0695463418962 14.1278246694142 14.1861029969322 14.2443813244503 14.3541966915131 14.6186231772105 14.883049662908 15.1474761486054 15.4119026343028 15.6763291200002 15.9407556056976 16.2051820913951 16.230754240354 16.1767082770666 16.1226623137793 16.0686163504919 16.0145703872046 15.9605244239172 15.9064784606299 16.1052924341624 17.0626862181557 18.0200800021489
18.1116391658783 18.3321651829613 18.5526912000444 18.7732172171275 18.9937432342105 19.2142692512936 18.946366596222 18.5156543837655 18.0849421713088 17.6542299588523 17.2235177463957 16.7928055339391 16.3620933214825 15.9369465324615 15.5284960137474 15.1200454950334 14.7115949763194 14.3031444576053 13.8946939388913 13.4862434201772 13.0777929014631 13.0422740459443 13.131065744824 13.2198574437036 13.3086491425833 13.3974408414629 13.4862325403426 13.5750242392223 13.7167593744066 14.0173248185052 14.3178902626038 14.6184557067023 14.9190211508009 15.2195865948995 15.5201520389981 15.8207174830967 15.8324470043183 15.7478978845809 15.6633487648435 15.5787996451061 15.4942505253687 15.4097014056312 15.3251522858938 15.4973275952868 16.4396761920717 17.3820247888564
17.9197994709015 18.0925169467926 18.2652344226837 18.4379518985749 18.610669374466 18.7833868503571 18.4773524284364 18.0117340405784 17.5461156527203 17.0804972648622 16.6148788770042 16.1492604891461 15.683642101288 15.2277951002123 14.8012622594835 14.3747294187548 13.948196578026 13.5216637372972 13.0951308965685 12.6685980558398 12.242065215111 12.2191559314729 12.3307878335318 12.4424197355907 12.5540516376496 12.6656835397086 12.7773154417675 12.8889473438264 13.0566201845805 13.3924158414206 13.7282114982605 14.0640071551005 14.3998028119406 14.7355984687805 15.0713941256205 15.4071897824606 15.4069237232209 15.2946370919547 15.1823504606884 15.0700638294221 14.9577771981558 14.8454905668896 14.7332039356233 14.8755796511967 15.7819424072901 16.6883051633834
17.7279597759247 17.8528687106239 17.977777645323 18.1026865800222 18.2275955147214 18.3525044494206 18.0083382606508 17.5078136973913 17.0072891341317 16.5067645708722 16.0062400076126 15.505715444353 15.0051908810935 14.518643667963 14.0740285052195 13.6294133424761 13.1847981797326 12.7401830169891 12.2955678542457 11.8509526915023 11.4063375287587 11.3960378170014 11.5305099222396 11.6649820274778 11.7994541327159 11.9339262379541 12.0683983431923 12.2028704484305 12.3964809947544 12.7675068643358 13.1385327339173 13.5095586034987 13.8805844730801 14.2516103426615 14.622636212243 14.9936620818244 14.9814004421235 14.8413762993284 14.7013521565332 14.5613280137381 14.421303870943 14.2812797281478 14.1412555853527 14.2538317071066 15.1242086225086 15.9945855379104
17.5361200809479 17.6132204744551 17.6903208679623 17.7674212614696 17.8445216549768 17.921622048484 17.5393240928651 17.0038933542041 16.4684626155431 15.9330318768821 15.3976011382211 14.86217039956 14.326739660899 13.8094922357137 13.3467947509555 12.8840972661974 12.4213997814392 11.958702296681 11.4960048119229 11.0333073271647 10.5706098424065 10.57291970253 10.7302320109474 10.8875443193648 11.0448566277822 11.2021689361997 11.3594812446171 11.5167935530345 11.7363418049282 12.1425978872511 12.548853969574 12.9551100518968 13.3613661342197 13.7676222165425 14.1738782988654 14.5801343811883 14.5558771610261 14.3881155067021 14.2203538523781 14.0525921980541 13.8848305437301 13.7170688894061 13.5493072350821 13.6320837630165 14.466474837727 15.3008659124374
17.3442803859711 17.3735722382864 17.4028640906016 17.4321559429169 17.4614477952322 17.4907396475475 17.0703099250795 16.4999730110171 15.9296360969545 15.359299182892 14.7889622688296 14.218625354767 13.6482884407046 13.1003408034645 12.6195609966916 12.1387811899187 11.6580013831459 11.177221576373 10.6964417696001 10.2156619628273 9.73488215605438 9.74980158805858 9.92995409965525 10.1101066112519 10.2902591228486 10.4704116344453 10.650564146042 10.8307166576386 11.0762026151021 11.5176889101665 11.9591752052307 12.400661500295 12.8421477953593 13.2836340904236 13.7251203854879 14.1666066805522 14.1303538799287 13.9348547140758 13.739355548223 13.5438563823701 13.3483572165173 13.1528580506644 12.9573588848115 13.0103358189264 13.8087410529455 14.6071462869644
17.1524406909943 17.1339240021176 17.1154073132409 17.0968906243643 17.0783739354876 17.0598572466109 16.6012957572939 15.9960526678299 15.3908095783659 14.785566488902 14.180323399438 13.575080309974 12.96983722051 12.3911893712152 11.8923272424276 11.39346511364 10.8946029848525 10.3957408560649 9.89687872727732 9.39801659848978 8.89915446970216 8.92668347358712 9.12967618836304 9.33266890313899 9.53566161791491 9.73865433269083 9.94164704746678 10.1446397622427 10.416063425276 10.8927799330818 11.3694964408875 11.8462129486931 12.3229294564989 12.7996459643046 13.2763624721103 13.753078979916 13.7048305988313 13.4815939214496 13.2583572440678 13.0351205666861 12.8118838893044 12.5886472119226 12.3654105345409 12.3885878748363 13.1510072681639 13.9134266614914
