data/working_set_collections/6091692-Cassins_Sparrow-MC/1990/bio19.asc
NCOLS 265 
NROWS 230 
XLLCORNER -115.5625 
YLLCORNER 24.8333333333333 
CELLSIZE 0.0833333333333333 
NODATA_value -9999 
[rows 0 to 19 of 230, columns 138 to 183 of 265]
45.8039338005912 46.8319814046224 47.8600290086533 48.8880766126843 48.7107736587527 48.1316871854997 47.5526007122467 46.9735142389935 46.3944277657405 45.8153412924875 45.2362548192344 44.6882947074044 44.2337136798437 43.7791326522828 43.3245516247221 42.8699705971613 42.4153895696005 41.9608085420398 41.506227514479 41.6604304631551 42.0175614039103 42.3746923446654 42.7318232854207 43.0889542261759 43.4460851669311 43.8032161076863 44.0161408318415 43.7964469061958 43.5767529805502 43.3570590549046 43.137365129259 42.9176712036133 42.6979772779677 42.4782833523221 42.7467425028482 43.1779193454318 43.6090961880153 44.0402730305989 44.4714498731824 44.902626715766 45.3338035583496 45.6227483961318 45.4849972195096 45.3472460428874 45.2094948662653 45.0717436896431
44.5434308369953 45.5402770996093 46.5371233622232 47.5339696248371 47.4348287582399 46.970358848572 46.505888938904 46.041419029236 45.576949119568 45.1124792099001 44.6480093002321 44.1998799006146 43.8007720311484 43.4016641616822 43.0025562922161 42.60344842275 42.2043405532838 41.8052326838176 41.4061248143515 41.5409662246704 41.8537907282511 42.1666152318318 42.4794397354126 42.7922642389933 43.105088742574 43.4179132461548 43.6201543172201 43.490645090739 43.3611358642578 43.2316266377767 43.1021174112956 42.9726081848145 42.8430989583333 42.7135897318522 42.9279136657714 43.2568486531575 43.5857836405435 43.9147186279296 44.2436536153157 44.5725886027018 44.9015235900879 45.1163335164389 44.9887682596843 44.8612030029297 44.7336377461752 44.6060724894207
43.2829278733994 44.2485727945964 45.2142177157932 46.1798626369899 46.1588838577273 45.8090305116444 45.4591771655615 45.1093238194785 44.7594704733957 44.4096171273128 44.0597637812298 43.7114650938247 43.3678303824532 43.0241956710817 42.6805609597101 42.3369262483386 41.993291536967 41.6496568255955 41.306022114224 41.4215019861857 41.6900200525919 41.9585381189982 42.2270561854045 42.4955742518107 42.7640923182169 43.0326103846232 43.2241678025988 43.1848432752822 43.1455187479655 43.1061942206489 43.0668696933323 43.0275451660156 42.988220638699 42.9488961113824 43.1090848286946 43.3357779608832 43.5624710930718 43.7891642252604 44.015857357449 44.2425504896376 44.4692436218262 44.609918636746 44.492539299859 44.3751599629721 44.2577806260852 44.1404012891982
42.0224249098035 42.9568684895833 43.891312069363 44.8257556491427 44.8829389572145 44.6477021747167 44.4124653922189 44.177228609721 43.9419918272232 43.7067550447253 43.4715182622275 43.2230502870349 42.934888733758 42.646727180481 42.3585656272042 42.0704040739273 41.7822425206503 41.4940809673734 41.2059194140965 41.302037747701 41.5262493769327 41.7504610061645 41.9746726353963 42.1988842646281 42.4230958938598 42.6473075230916 42.8281812879775 42.8790414598253 42.9299016316732 42.980761803521 43.0316219753689 43.0824821472168 43.1333423190646 43.1842024909125 43.2902559916178 43.4147072686089 43.5391585456 43.6636098225911 43.7880610995823 43.9125123765734 44.0369636535645 44.103503757053 43.9963103400337 43.8891169230144 43.7819235059951 43.6747300889758
40.7619219462075 41.6651641845703 42.5684064229329 43.4716486612954 43.6069940567018 43.486373837789 43.3657536188763 43.2451333999635 43.1245131810507 43.0038929621379 42.8832727432252 42.734635480245 42.5019470850628 42.2692586898804 42.0365702946982 41.8038818995159 41.5711935043336 41.3385051091513 41.105816713969 41.1825735092163 41.3624787012736 41.5423838933309 41.7222890853882 41.9021942774455 42.0820994695028 42.2620046615601 42.4321947733561 42.5732396443685 42.7142845153809 42.8553293863932 42.9963742574056 43.1374191284179 43.2784639994303 43.4195088704426 43.471427154541 43.4936365763346 43.5158459981282 43.5380554199219 43.5602648417155 43.5824742635091 43.6046836853028 43.5970888773601 43.5000813802084 43.4030738830567 43.306066385905 43.2090588887533
39.5014189826117 40.3734598795573 41.2455007765028 42.1175416734483 42.3310491561892 42.3250455008614 42.3190418455337 42.313038190206 42.3070345348783 42.3010308795506 42.2950272242229 42.2462206734552 42.0690054363676 41.8917901992799 41.7145749621922 41.5373597251045 41.3601444880168 41.1829292509291 41.0057140138415 41.0631092707316 41.1987080256144 41.3343067804972 41.4699055353801 41.6055042902629 41.7411030451457 41.8767018000285 42.0362082587348 42.2674378289117 42.4986673990885 42.7298969692654 42.9611265394422 43.1923561096191 43.4235856797959 43.6548152499728 43.6525983174642 43.5725658840603 43.4925334506565 43.4125010172526 43.3324685838488 43.252436150445 43.1724037170411 43.0906739976672 43.0038524203831 42.917030843099 42.830209265815 42.7433876885309
39.1247280332774 39.9266597112018 40.728591389126 41.5305230670503 41.7678663253784 41.8170134438408 41.8661605623033 41.9153076807658 41.9644547992282 42.0136019176907 42.0627490361531 42.0606273545159 41.9046992725796 41.7487711906433 41.592843108707 41.4369150267707 41.2809869448344 41.1250588628981 40.9691307809618 41.0247413317362 41.1508647600809 41.2769881884256 41.4031116167704 41.5292350451151 41.6553584734598 41.7814819018046 41.9350401666429 42.170902940962 42.4067657152811 42.6426284896002 42.8784912639194 43.1143540382385 43.3502168125576 43.5860795868767 43.5295129776002 43.3754699071249 43.2214268366497 43.0673837661744 42.9133406956992 42.7592976252239 42.6052545547486 42.4716733932496 42.3994779586793 42.327282524109 42.2550870895387 42.1828916549684
39.6318490982053 40.3247636795042 41.017678260803 41.7105928421018 41.91744556427 41.9622776667277 42.0071097691854 42.051941871643 42.0967739741007 42.1416060765584 42.1864381790161 42.1778555234274 42.0090285936992 41.840201663971 41.6713747342428 41.5025478045146 41.3337208747864 41.1648939450582 40.99606701533 41.0674696922302 41.2189489046732 41.3704281171162 41.5219073295593 41.6733865420023 41.8248657544453 41.9763449668884 42.1286904970804 42.2836349805196 42.4385794639587 42.5935239473978 42.748468430837 42.9034129142761 43.0583573977152 43.2133018811544 43.1021711349488 42.9023486455282 42.7025261561077 42.5027036666871 42.3028811772665 42.103058687846 41.9032361984254 41.7400870641073 41.6869579950969 41.6338289260865 41.5806998570761 41.5275707880657
40.1389701631332 40.7228676478067 41.30676513248 41.8906626171534 42.0670248031616 42.1075418896145 42.1480589760674 42.1885760625203 42.2290931489732 42.2696102354261 42.310127321879 42.2950836923388 42.1133579148187 41.9316321372986 41.7499063597785 41.5681805822585 41.3864548047384 41.2047290272183 41.0230032496983 41.1101980527242 41.2870330492655 41.4638680458068 41.6407030423482 41.8175380388895 41.9943730354308 42.1712080319722 42.322340827518 42.3963670200771 42.4703932126363 42.5444194051954 42.6184455977546 42.6924717903137 42.7664979828729 42.840524175432 42.6748292922975 42.4292273839316 42.1836254755657 41.9380235671998 41.692421658834 41.4468197504681 41.2012178421022 41.0085007349651 40.9744380315146 40.9403753280641 40.9063126246135 40.872249921163
40.6460912280611 41.1209716161091 41.595852004157 42.070732392205 42.2166040420532 42.2528061125013 42.2890081829495 42.3252102533976 42.3614123238457 42.3976143942939 42.433816464742 42.4123118612502 42.2176872359382 42.0230626106262 41.8284379853143 41.6338133600024 41.4391887346904 41.2445641093784 41.0499394840665 41.1529264132181 41.3551171938578 41.5573079744974 41.7594987551371 41.9616895357767 42.1638803164163 42.366071097056 42.5159911579556 42.5090990596347 42.5022069613139 42.495314862993 42.4884227646722 42.4815306663513 42.4746385680305 42.4677464697097 42.2474874496461 41.9561061223349 41.6647247950237 41.3733434677125 41.0819621404013 40.7905808130902 40.4991994857789 40.2769144058228 40.2619180679322 40.2469217300416 40.231925392151 40.2169290542603
41.1532122929889 41.5190755844115 41.884938875834 42.2508021672566 42.3661832809448 42.3980703353882 42.4299573898315 42.4618444442749 42.4937314987182 42.5256185531616 42.557505607605 42.5295400301616 42.3220165570578 42.1144930839539 41.9069696108501 41.6994461377462 41.4919226646424 41.2843991915385 41.0768757184347 41.1956547737121 41.4232013384501 41.650747903188 41.878294467926 42.1058410326639 42.3333875974019 42.5609341621398 42.7096414883932 42.6218310991923 42.5340207099915 42.4462103207906 42.3583999315898 42.270589542389 42.1827791531881 42.0949687639873 41.8201456069947 41.4829848607382 41.1458241144817 40.8086633682252 40.4715026219687 40.1343418757122 39.7971811294557 39.5453280766806 39.5493981043498 39.5534681320191 39.5575381596884 39.5616081873576
41.6603333579168 41.9171795527139 42.174025747511 42.4308719423081 42.5157625198364 42.543334558275 42.5709065967136 42.5984786351522 42.6260506735907 42.6536227120293 42.6811947504679 42.646768199073 42.4263458781773 42.2059235572815 41.9855012363858 41.7650789154901 41.5446565945944 41.3242342736986 41.1038119528029 41.2383831342061 41.4912854830423 41.7441878318786 41.9970901807149 42.2499925295511 42.5028948783874 42.7557972272236 42.9032918188307 42.7345631387499 42.565834458669 42.3971057785882 42.2283770985074 42.0596484184266 41.8909197383458 41.7221910582649 41.3928037643434 41.0098635991416 40.6269234339398 40.2439832687379 39.8610431035361 39.4781029383344 39.0951627731325 38.8137417475384 38.8368781407675 38.8600145339967 38.8831509272258 38.906287320455
41.6800150765313 41.8582030614217 42.0363910463121 42.2145790312026 42.2728372891745 42.2911189715068 42.3094006538392 42.3276823361715 42.3459640185039 42.3642457008363 42.3825273831686 42.3411876042685 42.1209834416709 41.9007792790732 41.6805751164756 41.4603709538779 41.2401667912802 41.0199626286826 40.7997584660849 40.9500357627869 41.2238068792555 41.4975779957241 41.7713491121928 42.0451202286614 42.3188913451301 42.5926624615987 42.7484793557062 42.5504335827299 42.3523878097535 42.1543420367772 41.9562962638008 41.7582504908245 41.5602047178481 41.3621589448718 41.0131195386252 40.6137489212885 40.2143783039518 39.8150076866151 39.4156370692784 39.0162664519417 38.616895834605 38.3307249704997 38.3841533660889 38.4375817616781 38.4910101572673 38.5444385528564
41.2122574488322 41.3421461105347 41.4720347722372 41.6019234339396 41.6374075889588 41.6414235750835 41.6454395612081 41.6494555473328 41.6534715334575 41.6574875195822 41.6615035057068 41.612798245748 41.4059292475384 41.1990602493287 40.9921912511191 40.7853222529095 40.5784532546998 40.3715842564902 40.1647152582806 40.3306126594543 40.6207655270894 40.9109183947245 41.2010712623596 41.4912241299947 41.7813769976298 42.0715298652649 42.2452040990195 42.0694424311321 41.8936807632447 41.7179190953573 41.54215742747 41.3663957595826 41.1906340916952 41.0148724238079 40.6810929298402 40.2946408271791 39.908188724518 39.5217366218568 39.1352845191957 38.7488324165346 38.3623803138734 38.0962777455648 38.1912237803141 38.2861698150635 38.3811158498128 38.4760618845622
40.7444998211331 40.8260891596477 40.9076784981622 40.9892678366768 41.0019778887432 40.9917281786602 40.9814784685772 40.9712287584942 40.9609790484111 40.9507293383281 40.9404796282451 40.8844088872275 40.6908750534059 40.4973412195843 40.3038073857627 40.1102735519411 39.9167397181194 39.7232058842978 39.5296720504762 39.7111895561219 40.0177241749234 40.3242587937249 40.6307934125265 40.937328031328 41.2438626501295 41.5503972689311 41.7419288423327 41.5884512795343 41.4349737167359 41.2814961539375 41.1280185911392 40.9745410283407 40.8210634655424 40.667585902744 40.3490663210552 39.9755327330697 39.6019991450841 39.2284655570985 38.854931969113 38.4813983811274 38.1078647931418 37.8618305206299 37.9982941945394 38.1347578684489 38.2712215423584 38.4076852162679
40.276742193434 40.3100322087606 40.3433222240872 40.3766122394139 40.3665481885275 40.3420327822368 40.3175173759461 40.2930019696554 40.2684865633647 40.2439711570741 40.2194557507834 40.156019528707 39.9758208592734 39.7956221898398 39.6154235204062 39.4352248509726 39.255026181539 39.0748275121054 38.8946288426718 39.0917664527893 39.4146828227573 39.7375991927253 40.0605155626933 40.3834319326613 40.7063483026292 41.0292646725973 41.238653585646 41.1074601279366 40.9762666702271 40.8450732125177 40.7138797548083 40.5826862970989 40.4514928393894 40.32029938168 40.0170397122702 39.6564246389602 39.2958095656502 38.9351944923402 38.5745794190302 38.2139643457202 37.8533492724102 37.627383295695 37.8053646087646 37.9833459218343 38.1613272349039 38.3393085479736
39.8089845657349 39.7939752578736 39.7789659500123 39.7639566421509 39.7311184883118 39.6923373858135 39.6535562833151 39.6147751808167 39.5759940783183 39.53721297582 39.4984318733216 39.4276301701865 39.2607666651409 39.0939031600953 38.9270396550497 38.7601761500042 38.5933126449586 38.426449139913 38.2595856348674 38.4723433494568 38.8116414705912 39.1509395917256 39.4902377128601 39.8295358339945 40.1688339551289 40.5081320762634 40.7353783289592 40.6264689763388 40.5175596237183 40.4086502710979 40.2997409184774 40.190831565857 40.0819222132365 39.9730128606161 39.6850131034852 39.3373165448508 38.9896199862164 38.6419234275819 38.2942268689475 37.946530310313 37.5988337516785 37.3929360707601 37.6124350229899 37.8319339752197 38.0514329274495 38.2709318796793
39.3412269380358 39.2779183069866 39.2146096759373 39.1513010448881 39.0956887880962 39.0426419893902 38.9895951906841 38.936548391978 38.883501593272 38.830454794566 38.7774079958599 38.699240811666 38.5457124710084 38.3921841303509 38.2386557896933 38.0851274490358 37.9315991083782 37.7780707677207 37.6245424270631 37.8529202461243 38.2086001184252 38.564279990726 38.919959863027 39.2756397353278 39.6313196076287 39.9869994799296 40.2321030722725 40.145477824741 40.0588525772095 39.9722273296781 39.8856020821466 39.7989768346151 39.7123515870837 39.6257263395522 39.3529864947002 39.0182084507414 38.6834304067825 38.3486523628236 38.0138743188647 37.6790962749059 37.344318230947 37.1584888458252 37.4195054372151 37.6805220286051 37.9415386199951 38.202555211385
38.9415026664735 38.8365996360779 38.7316966056824 38.6267935752869 38.5478720029196 38.4776109165616 38.4073498302037 38.3370887438457 38.2668276574877 38.1965665711298 38.1263054847718 38.0401775360108 37.9064490000408 37.7727204640707 37.6389919281007 37.5052633921306 37.3715348561606 37.2378063201905 37.1040777842205 37.3396927197774 37.6984221458435 38.0571515719095 38.4158809979757 38.7746104240417 39.1333398501078 39.4920692761739 39.743748357561 39.6742764049107 39.6048044522604 39.5353324996101 39.4658605469598 39.3963885943095 39.3269166416593 39.257444689009 39.023350207011 38.7343815485637 38.4454128901165 38.1564442316692 37.8674755732219 37.5785069147746 37.2895382563273 37.1506180021497 37.4618429607814 37.7730679194132 38.0842928780449 38.3955178366766
38.6098117510478 38.4700192451478 38.3302267392477 38.1904342333477 38.087668132782 37.9972441673279 37.9068202018738 37.8163962364197 37.7259722709656 37.6355483055115 37.5451243400574 37.4504403432211 37.342976252238 37.2355121612549 37.1280480702719 37.0205839792888 36.9131198883057 36.8056557973227 36.6981917063396 36.9326607704162 37.2811075528462 37.6295543352762 37.9780011177063 38.3264479001363 38.6748946825663 39.0233414649963 39.2703141848247 39.2128647168478 39.1554152488709 39.097965780894 39.0405163129171 38.9830668449402 38.9256173769633 38.8681679089865 38.6961042404175 38.4858358383179 38.2755674362183 38.0652990341187 37.8550306320191 37.6447622299195 37.4344938278198 37.3693235397338 37.7394475936888 38.109571647644 38.479695701599 38.8498197555541
