data/working_set_collections/6091692-Cassins_Sparrow-MC/1990/bio15.asc
NCOLS 265 
NROWS 230 
XLLCORNER -115.5625 
YLLCORNER 24.8333333333333 
CELLSIZE 0.0833333333333333 
NODATA_value -9999 
[rows 20 to 39 of 230, columns 138 to 183 of 265]
60.6875421312119 61.1810752868652 61.6746084425184 62.1681415981716 62.4852795600891 62.7436191240946 63.0019586881002 63.2602982521057 63.5186378161112 63.7769773801167 64.0353169441223 64.2881250487433 64.5243387752109 64.7605525016785 64.996766228146 65.2329799546136 65.4691936810812 65.7054074075487 65.9416211340162 66.0428628921509 66.0991139941746 66.1553650961982 66.2116161982219 66.2678673002455 66.3241184022692 66.3803695042928 66.4506768332587 66.5631528430515 66.6756288528443 66.788104862637 66.9005808724297 67.0130568822225 67.1255328920153 67.238008901808 67.380890528361 67.5339073605008 67.6869241926405 67.8399410247803 67.99295785692 68.1459746890598 68.2989915211996 68.3264607323542 67.977287080553 67.6281134287517 67.2789397769505 66.9297661251493
60.2741946750216 60.7795822143554 61.2849697536892 61.7903572930229 62.1183073997497 62.3871116956075 62.6559159914652 62.924720287323 63.1935245831807 63.4623288790385 63.7311331748962 63.9873173289829 64.2056410577562 64.4239647865295 64.6422885153029 64.8606122440762 65.0789359728495 65.2972597016228 65.5155834303962 65.6369306564332 65.7259523815579 65.8149741066827 65.9039958318075 65.9930175569322 66.082039282057 66.1710610071818 66.265176794264 66.3745747672187 66.4839727401733 66.593370713128 66.7027686860826 66.8121666590373 66.9215646319919 67.0309626049466 67.1743813832601 67.3291404300266 67.483899476793 67.6386585235596 67.7934175703261 67.9481766170925 68.1029356638591 68.1254842546252 67.75140147739 67.3773187001547 67.0032359229195 66.6291531456843
59.8608472188313 60.3780891418457 60.89533106486 61.4125729878743 61.7513352394104 62.0306042671204 62.3098732948303 62.5891423225403 62.8684113502502 63.1476803779602 63.4269494056702 63.6865096092224 63.8869433403015 64.0873770713806 64.2878108024597 64.4882445335388 64.688678264618 64.889111995697 65.0895457267761 65.2309984207154 65.3527907689413 65.4745831171672 65.5963754653931 65.718167813619 65.8399601618449 65.9617525100708 66.0796767552694 66.1859966913859 66.2923166275025 66.398636563619 66.5049564997355 66.6112764358521 66.7175963719686 66.8239163080851 66.9678722381592 67.1243734995524 67.2808747609456 67.4373760223389 67.5938772837321 67.7503785451253 67.9068798065186 67.9245077768963 67.525515874227 67.1265239715577 66.7275320688885 66.3285401662192
59.447499762641 59.9765960693359 60.5056923760308 61.0347886827256 61.384363079071 61.6740968386332 61.9638305981954 62.2535643577576 62.5432981173197 62.8330318768819 63.1227656364441 63.3857018894619 63.5682456228468 63.7507893562317 63.9333330896166 64.1158768230014 64.2984205563863 64.4809642897712 64.6635080231561 64.8250661849976 64.9796291563246 65.1341921276516 65.2887550989787 65.4433180703057 65.5978810416327 65.7524440129598 65.8941767162747 65.9974186155531 66.1006605148315 66.20390241411 66.3071443133884 66.4103862126668 66.5136281119453 66.6168700112237 66.7613630930583 66.9196065690782 67.0778500450982 67.2360935211182 67.3943369971381 67.5525804731581 67.7108239491781 67.7235312991673 67.2996302710641 66.8757292429607 66.4518282148575 66.0279271867542
59.0828627268472 59.6110467274983 60.1392307281493 60.6674147288004 61.02232948939 61.3194878366258 61.6166461838616 61.9138045310974 62.2109628783332 62.5081212255689 62.8052795728048 63.0710777918498 63.2427956263224 63.4145134607951 63.5862312952677 63.7579491297404 63.9296669642131 64.1013847986857 64.2731026331584 64.4582602500916 64.6478977945116 64.8375353389316 65.0271728833516 65.2168104277716 65.4064479721917 65.5960855166117 65.7589587953355 65.8415392769707 65.924119758606 66.0067002402412 66.0892807218764 66.1718612035116 66.2544416851468 66.337022166782 66.4881539026896 66.6621360566881 66.8361182106865 67.0101003646851 67.1840825186835 67.358064672682 67.5320468266805 67.5560248057049 67.1299902598064 66.703955713908 66.2779211680095 65.8518866221111
58.7669361114501 59.281441116333 59.7959461212158 60.3104511260985 60.6652344703674 60.9667772610982 61.268320051829 61.5698628425598 61.8714056332906 62.1729484240214 62.4744912147522 62.7426373163859 62.9105933507284 63.0785493850708 63.2465054194133 63.4144614537557 63.5824174880982 63.7503735224406 63.9183295567831 64.1305806159973 64.3575966835022 64.5846127510071 64.811628818512 65.0386448860168 65.2656609535217 65.4926770210266 65.674022992452 65.7183586756388 65.7626943588257 65.8070300420126 65.8513657251994 65.8957014083863 65.9400370915731 65.98437277476 66.1482446670532 66.351961962382 66.5556792577108 66.7593965530396 66.9631138483683 67.1668311436971 67.3705484390259 67.4219882965089 67.0165958404542 66.6112033843995 66.2058109283448 65.8004184722902
58.451009496053 58.9518355051676 59.4526615142822 59.9534875233967 60.3081394513448 60.6140666855706 60.9199939197964 61.2259211540222 61.531848388248 61.8377756224738 62.1437028566996 62.414196840922 62.5783910751343 62.7425853093465 62.9067795435588 63.070973777771 63.2351680119832 63.3993622461955 63.5635564804077 63.8029009819031 64.0672955724928 64.3316901630825 64.5960847536723 64.860479344262 65.1248739348517 65.3892685254415 65.5890871895684 65.5951780743069 65.6012689590454 65.6073598437839 65.6134507285224 65.619541613261 65.6256324979994 65.631723382738 65.8083354314168 66.0417878680759 66.275240304735 66.508692741394 66.7421451780531 66.9755976147121 67.2090500513712 67.2879517873129 66.903201421102 66.518451054891 66.1337006886801 65.7489503224692
58.1350828806558 58.6222298940022 59.1093769073486 59.5965239206949 59.9510444323222 60.261356110043 60.5716677877638 60.8819794654846 61.1922911432054 61.5026028209262 61.812914498647 62.0857563654582 62.2461887995402 62.4066212336222 62.5670536677043 62.7274861017863 62.8879185358683 63.0483509699504 63.2087834040324 63.4752213478088 63.7769944614834 64.078767575158 64.3805406888326 64.6823138025071 64.9840869161817 65.2858600298563 65.5041513866849 65.471997472975 65.4398435592652 65.4076896455553 65.3755357318455 65.3433818181356 65.3112279044258 65.2790739907159 65.4684261957804 65.7316137737698 65.9948013517591 66.2579889297485 66.5211765077379 66.7843640857272 67.0475516637166 67.153915278117 66.7898070017498 66.4256987253826 66.0615904490154 65.6974821726482
57.8191562652587 58.2926242828369 58.766092300415 59.2395603179931 59.5939494132996 59.9086455345154 60.2233416557312 60.538037776947 60.8527338981628 61.1674300193786 61.4821261405945 61.7573158899943 61.9139865239461 62.070657157898 62.2273277918498 62.3839984258016 62.5406690597534 62.6973396937053 62.8540103276571 63.1475417137146 63.486693350474 63.8258449872334 64.1649966239929 64.5041482607523 64.8432998975117 65.1824515342712 65.4192155838013 65.3488168716431 65.2784181594849 65.2080194473267 65.1376207351685 65.0672220230103 64.9968233108521 64.9264245986939 65.128516960144 65.4214396794637 65.7143623987833 66.007285118103 66.3002078374226 66.5931305567423 66.886053276062 67.019878768921 66.6764125823976 66.3329463958741 65.9894802093507 65.6460140228273
57.5032296498616 57.9630186716715 58.4228076934814 58.8825967152913 59.2368543942769 59.5559349589877 59.8750155236986 60.1940960884094 60.5131766531202 60.832257217831 61.1513377825419 61.4288754145304 61.581784248352 61.7346930821737 61.8876019159953 62.0405107498169 62.1934195836385 62.3463284174601 62.4992372512817 62.8198620796203 63.1963922394646 63.5729223993089 63.9494525591532 64.3259827189975 64.7025128788417 65.0790430386861 65.3342797809177 65.2256362703112 65.1169927597046 65.0083492490981 64.8997057384915 64.791062227885 64.6824187172784 64.5737752066719 64.7886077245076 65.1112655851576 65.4339234458075 65.7565813064575 66.0792391671074 66.4018970277574 66.7245548884074 66.885842259725 66.5630181630454 66.2401940663656 65.917369969686 65.5945458730063
57.0675394482082 57.5773506800333 58.0871619118584 58.5969731436834 58.9700120925903 59.2974602805243 59.6249084684583 59.9523566563924 60.2798048443264 60.6072530322604 60.9347012201945 61.2184377034505 61.3710390726725 61.5236404418945 61.6762418111165 61.8288431803385 61.9814445495605 62.1340459187825 62.2866472880045 62.613941224416 62.9994660165574 63.3849908086988 63.7705156008402 64.1560403929816 64.5415651851229 64.9270899772644 65.1837730407715 65.0539309183757 64.9240887959799 64.794246673584 64.6644045511882 64.5345624287924 64.4047203063965 64.2748781840007 64.4908134460449 64.8220078362359 65.1532022264268 65.4843966166178 65.8155910068088 66.1467853969997 66.4779797871907 66.6568445205689 66.3787202835084 66.1005960464478 65.8224718093873 65.5443475723267
56.5120856602986 57.1356203079223 57.759154955546 58.3826896031696 58.7934225082397 59.1332214991251 59.4730204900105 59.812819480896 60.1526184717814 60.4924174626668 60.8322164535522 61.1260027567545 61.2817509969075 61.4374992370605 61.5932474772135 61.7489957173665 61.9047439575195 62.0604921976725 62.2162404378255 62.5297791481018 62.8959146817525 63.2620502154031 63.6281857490539 63.9943212827046 64.3604568163553 64.7265923500061 64.9676953633627 64.8337008158367 64.6997062683106 64.5657117207846 64.4317171732585 64.2977226257325 64.1637280782064 64.0297335306804 64.2351341247558 64.5536664326985 64.8721987406412 65.190731048584 65.5092633565267 65.8277956644694 66.1463279724121 66.3328855514527 66.1235189437867 65.9141523361207 65.7047857284547 65.4954191207887
55.9566318723889 56.6938899358113 57.4311479992335 58.1684060626558 58.6168329238891 58.9689827177259 59.3211325115627 59.6732823053995 60.0254320992363 60.3775818930731 60.7297316869099 61.0335678100586 61.1924629211425 61.3513580322265 61.5102531433105 61.6691482543945 61.8280433654785 61.9869384765625 62.1458335876464 62.4456170717875 62.7923633469475 63.1391096221075 63.4858558972676 63.8326021724277 64.1793484475877 64.5260947227478 64.7516176859538 64.6134707132976 64.4753237406413 64.3371767679851 64.1990297953288 64.0608828226726 63.9227358500163 63.7845888773601 63.9794548034668 64.2853250291612 64.5911952548556 64.8970654805501 65.2029357062445 65.508805931939 65.8146761576335 66.0089265823365 65.868317604065 65.7277086257935 65.587099647522 65.4464906692505
55.4011780844793 56.2521595637003 57.1031410429211 57.954122522142 58.4402433395385 58.8047439363267 59.1692445331149 59.5337451299031 59.8982457266913 60.2627463234795 60.6272469202677 60.9411328633626 61.1031748453776 61.2652168273926 61.4272588094075 61.5893007914225 61.7513427734375 61.9133847554524 62.0754267374674 62.3614549954732 62.6888120121425 63.0161690288119 63.3435260454813 63.6708830621507 63.99824007882 64.3255970954895 64.535540008545 64.3932406107585 64.2509412129721 64.1086418151856 63.9663424173992 63.8240430196127 63.6817436218262 63.5394442240398 63.7237754821777 64.0169836256239 64.31019176907 64.6033999125163 64.8966080559624 65.1898161994086 65.4830243428548 65.6849676132203 65.6131162643433 65.5412649154663 65.4694135665894 65.3975622177124
54.8457242965696 55.8104291915893 56.7751340866087 57.7398389816282 58.263653755188 58.6405051549275 59.0173565546671 59.3942079544067 59.7710593541462 60.1479107538858 60.5247621536254 60.8486979166666 61.0138867696126 61.1790756225586 61.3442644755045 61.5094533284505 61.6746421813965 61.8398310343424 62.0050198872884 62.2772929191589 62.5852606773376 62.8932284355163 63.201196193695 63.5091639518737 63.8171317100524 64.1250994682312 64.3194623311361 64.1730105082195 64.0265586853028 63.8801068623861 63.7336550394695 63.5872032165528 63.4407513936361 63.2942995707195 63.4680961608887 63.7486422220866 64.0291882832845 64.3097343444824 64.5902804056803 64.8708264668782 65.1513725280762 65.361008644104 65.3579149246216 65.3548212051392 65.3517274856568 65.3486337661743
54.29027050866 55.3686988194782 56.4471271302963 57.5255554411144 58.0870641708374 58.4762663735283 58.8654685762193 59.2546707789103 59.6438729816012 60.0330751842922 60.4222773869832 60.7562629699707 60.9245986938476 61.0929344177246 61.2612701416015 61.4296058654785 61.5979415893555 61.7662773132324 61.9346130371093 62.1931308428446 62.4817093425326 62.7702878422207 63.0588663419087 63.3474448415968 63.6360233412848 63.9246018409729 64.1033846537273 63.9527804056804 63.8021761576335 63.6515719095867 63.5009676615398 63.3503634134929 63.199759165446 63.0491549173992 63.2124168395996 63.4803008185492 63.7481847974989 64.0160687764485 64.2839527553982 64.5518367343478 64.8197207132975 65.0370496749878 65.1027135848999 65.168377494812 65.2340414047241 65.2997053146362
53.6448296758861 54.8771302858987 56.1094308959111 57.3417315059235 57.9696742693583 58.3961644172668 58.8226545651752 59.2491447130838 59.6756348609923 60.1021250089008 60.5286151568094 60.8894631173875 61.0533845159742 61.2173059145609 61.3812273131476 61.5451487117343 61.709070110321 61.8729915089077 62.0369129074944 62.2678976376851 62.5212368117438 62.7745759858025 63.0279151598612 63.2812543339199 63.5345935079786 63.7879326820373 63.9433279249404 63.8048913743761 63.6664548238119 63.5280182732477 63.3895817226834 63.2511451721192 63.1127086215549 62.9742720709907 63.1163592338562 63.3519543011983 63.5875493685404 63.8231444358825 64.0587395032246 64.2943345705668 64.5299296379089 64.7356155713399 64.8515741030375 64.9675326347351 65.0834911664327 65.1994496981303
52.909401798248 54.3357235908507 55.7620453834531 57.1883671760555 57.9114840507507 58.4001992861429 58.8889145215351 59.3776297569274 59.8663449923196 60.3550602277118 60.8437754631041 61.2482983589171 61.4002442359923 61.5521901130675 61.7041359901427 61.8560818672179 62.0080277442931 62.1599736213683 62.3119194984435 62.5015933036803 62.703843084971 62.9060928662617 63.1083426475524 63.3105924288431 63.5128422101338 63.7150919914245 63.8392921447754 63.7293434143067 63.6193946838379 63.5094459533692 63.3994972229004 63.2895484924316 63.1795997619629 63.0696510314942 63.1799233436584 63.3636026700337 63.547281996409 63.7309613227844 63.9146406491597 64.098319975535 64.2819993019104 64.4567063331604 64.6044964790344 64.7522866249085 64.9000767707825 65.0478669166565
52.1739739206099 53.7943168958026 55.4146598709951 57.0350028461876 57.8532938321431 58.404234155019 58.9551744778949 59.506114800771 60.0570551236469 60.6079954465228 61.1589357693989 61.6071336004468 61.7471039560105 61.8870743115742 62.0270446671379 62.1670150227016 62.3069853782653 62.446955733829 62.5869260893927 62.7352889696756 62.8864493581983 63.037609746721 63.1887701352437 63.3399305237664 63.491090912289 63.6422513008118 63.7352563646105 63.6537954542372 63.572334543864 63.4908736334907 63.4094127231174 63.3279518127441 63.2464909023709 63.1650299919976 63.2434874534607 63.3752510388692 63.5070146242777 63.6387782096863 63.7705417950948 63.9023053805033 64.0340689659119 64.1777970949809 64.3574188550313 64.5370406150818 64.7166623751322 64.8962841351827
51.4385460429717 53.2529102007546 55.0672743585371 56.8816385163196 57.7951036135355 58.4082690238951 59.0214344342548 59.6345998446145 60.2477652549742 60.8609306653339 61.4740960756936 61.9659688419765 62.0939636760287 62.2219585100809 62.3499533441331 62.4779481781853 62.6059430122375 62.7339378462897 62.8619326803419 62.9689846356709 63.0690556314256 63.1691266271803 63.269197622935 63.3692686186896 63.4693396144443 63.569410610199 63.6312205844456 63.5782474941678 63.52527440389 63.4723013136122 63.4193282233344 63.3663551330567 63.3133820427789 63.2604089525011 63.3070515632629 63.3868994077047 63.4667472521464 63.5465950965881 63.6264429410299 63.7062907854716 63.7861386299133 63.8988878568013 64.1103412310282 64.3217946052551 64.533247979482 64.7447013537089
