data/working_set_collections/6091692-Cassins_Sparrow-MC/1990/bio15.asc
NCOLS 265 
NROWS 230 
XLLCORNER -115.5625 
YLLCORNER 24.8333333333333 
CELLSIZE 0.0833333333333333 
NODATA_value -9999 
[rows 160 to 179 of 230, columns 184 to 229 of 265]
33.2049634933474 31.549476941427 29.8939903895065 29.1321279525758 28.6681402206422 28.2041524887087 27.740164756775 27.2761770248415 26.8121892929079 26.3482015609743 26.091409667333 26.4562052885691 26.8210009098053 27.1857965310415 27.5505921522776 27.9153877735138 28.28018339475 28.6449790159861 28.7683808326722 28.8113180478415 28.8542552630107 28.89719247818 28.9401296933493 28.9830669085185 29.0260041236878 29.1187604745229 29.3609742323558 29.6031879901886 29.8454017480214 30.0876155058543 30.3298292636871 30.57204302152 30.8142567793528 31.028893661499 31.2343382517497 31.4397828420003 31.645227432251 31.8506720225016 32.0561166127522 32.2615612030029 32.3961653073629 32.3182479540507 32.2403306007385 32.1624132474264 32.0844958941142 32.006578540802
33.2973067601525 31.5711357328631 29.8449647055737 29.0298743565878 28.5184775670371 28.0070807774863 27.4956839879355 26.9842871983848 26.472890408834 25.9614936192832 25.6684991995493 26.0307118892669 26.3929245789846 26.7551372687022 27.1173499584198 27.4795626481374 27.841775337855 28.2039880275726 28.3265460014344 28.3692190700108 28.4118921385872 28.4545652071636 28.4972382757399 28.5399113443163 28.5825844128927 28.6825242095523 28.9542641904619 29.2260041713715 29.497744152281 29.7694841331905 30.0412241141001 30.3129640950097 30.5847040759192 30.8334735870361 31.0745862748887 31.3156989627414 31.556811650594 31.7979243384467 32.0390370262993 32.280149714152 32.4387910101149 32.3500181304084 32.2612452507019 32.1724723709954 32.083699491289 31.9949266115825
33.5486994266512 31.7620369858215 29.9753745449918 29.1035487810771 28.5366685761347 27.9697883711922 27.4029081662497 26.8360279613072 26.2691477563648 25.7022675514222 25.36749575403 25.729049179289 26.0906026045481 26.4521560298071 26.8137094550662 27.1752628803253 27.5368163055843 27.8983697308434 28.0203348795573 28.0624372694228 28.1045396592882 28.1466420491537 28.1887444390191 28.2308468288846 28.27294921875 28.3774429586198 28.6691107485029 28.960778538386 29.2524463282691 29.5441141181521 29.8357819080353 30.1274496979183 30.4191174878014 30.685654147466 30.9438137637244 31.2019733799828 31.4601329962412 31.7182926124996 31.976452228758 32.2346118450165 32.401121351454 32.2926805284289 32.1842397054037 32.0757988823785 31.9673580593534 31.8589172363282
33.9591414928439 32.1221807003025 30.2852199077611 29.3531512260438 28.7227132479351 28.0922752698264 27.4618372917176 26.8313993136089 26.2009613355003 25.5705233573915 25.1883993307749 25.5512171586354 25.9140349864959 26.2768528143564 26.6396706422169 27.0024884700775 27.365306297938 27.7281241257985 27.849747467041 27.8909726460775 27.932197825114 27.9734230041504 28.0146481831869 28.0558733622233 28.0970985412598 28.2035167217254 28.5055139064788 28.8075110912323 29.1095082759857 29.4115054607391 29.7135026454925 30.0154998302459 30.3174970149993 30.5854353427887 30.8420207182566 31.0986060937245 31.3551914691925 31.6117768446604 31.8683622201283 32.1249475955963 32.2831563313803 32.146235148112 32.0093139648438 31.8723927815756 31.7354715983074 31.5985504150391
34.3695835590365 32.4823244147834 30.5950652705303 29.6027536710104 28.9087579197355 28.2147621684606 27.5207664171856 26.8267706659107 26.1327749146358 25.4387791633607 25.0093029075198 25.3733851379818 25.7374673684438 26.1015495989057 26.4656318293677 26.8297140598297 27.1937962902916 27.5578785207536 27.6791600545248 27.7195080227322 27.7598559909397 27.8002039591472 27.8405519273546 27.8808998955621 27.9212478637696 28.029590484831 28.3419170644548 28.6542436440785 28.9665702237023 29.278896803326 29.5912233829498 29.9035499625735 30.2158765421973 30.4852165381113 30.7402276727888 30.9952388074662 31.2502499421437 31.5052610768212 31.7602722114986 32.0152833461761 32.1651913113065 31.9997897677952 31.8343882242839 31.6689866807726 31.5035851372614 31.3381835937501
34.7800256252291 32.8424681292644 30.9049106332996 29.852356115977 29.0948025915359 28.3372490670948 27.5796955426535 26.8221420182124 26.0645884937713 25.30703496933 24.8302064842647 25.1955531173282 25.5608997503916 25.926246383455 26.2915930165184 26.6569396495819 27.0222862826453 27.3876329157087 27.5085726420085 27.548043399387 27.5875141567654 27.6269849141439 27.6664556715224 27.7059264289008 27.7453971862793 27.8556642479366 28.1783202224307 28.5009761969248 28.8236321714189 29.146288145913 29.4689441204071 29.7916000949011 30.1142560693952 30.384997733434 30.638434627321 30.891871521208 31.145308415095 31.398745308982 31.6521822028689 31.905619096756 32.0472262912327 31.8533443874784 31.659462483724 31.4655805799697 31.2716986762154 31.077816772461
35.1904676914218 33.2026118437453 31.2147559960688 30.1019585609437 29.2808472633363 28.459735965729 27.6386246681215 26.8175133705141 25.9964020729067 25.1752907752992 24.6511100610097 25.0177210966745 25.3843321323394 25.7509431680043 26.1175542036692 26.4841652393341 26.8507762749989 27.2173873106638 27.3379852294922 27.3765787760417 27.4151723225912 27.4537658691406 27.4923594156901 27.5309529622396 27.5695465087891 27.6817380110422 28.0147233804066 28.3477087497711 28.6806941191355 29.0136794884999 29.3466648578643 29.6796502272287 30.0126355965931 30.2847789287567 30.5366415818532 30.7885042349497 31.0403668880462 31.2922295411427 31.5440921942392 31.7959548473358 31.9292612711589 31.7068990071615 31.4845367431641 31.2621744791667 31.0398122151694 30.817449951172
35.6009097576144 33.5627555582263 31.5246013588381 30.3515610059104 29.4668919351368 28.5822228643632 27.6975537935894 26.8128847228158 25.9282156520422 25.0435465812685 24.4720136377546 24.8398890760209 25.2077645142873 25.5756399525536 25.9435153908199 26.3113908290863 26.6792662673526 27.0471417056189 27.1673978169759 27.2051141526964 27.2428304884169 27.2805468241374 27.3182631598579 27.3559794955784 27.3936958312988 27.5078117741478 27.8511265383826 28.1944413026174 28.5377560668521 28.8810708310868 29.2243855953216 29.5677003595563 29.9110151237911 30.1845601240794 30.4348485363854 30.6851369486914 30.9354253609975 31.1857137733035 31.4360021856095 31.6862905979156 31.8112962510851 31.5604536268447 31.3096110026042 31.0587683783638 30.8079257541234 30.5570831298829
36.1171967665357 34.0397187603848 31.9622407542339 30.7387346585592 29.7998858663772 28.8610370741952 27.922188282013 26.983339489831 26.044490697649 25.1056419054668 24.4949820518492 24.868889013926 25.2427959760029 25.6167029380797 25.9906099001565 26.3645168622334 26.7384238243102 27.112330786387 27.2289342244465 27.2597698211669 27.2906054178873 27.3214410146077 27.3522766113281 27.3831122080484 27.4139478047688 27.5230868763393 27.8671363724601 28.211185868581 28.5552353647019 28.8992848608228 29.2433343569437 29.5873838530645 29.9314333491854 30.1871281782785 30.4133714516957 30.6396147251128 30.86585799853 31.0921012719472 31.3183445453643 31.5445878187815 31.6425051000384 31.3554444048141 31.0683837095897 30.7813230143654 30.4942623191411 30.2072016239168
36.7393287181857 34.6335014502211 32.5276741822566 31.2634795188905 30.2798290570578 29.2961785952252 28.3125281333924 27.3288776715598 26.3452272097272 25.3615767478944 24.7200153032937 25.1047209103901 25.4894265174865 25.8741321245828 26.2588377316791 26.6435433387755 27.0282489458719 27.4129545529682 27.5225944519042 27.5405457814534 27.5584971110026 27.5764484405517 27.5943997701009 27.61235109965 27.6303024291992 27.7275633176167 28.0627528826394 28.3979424476623 28.733132012685 29.0683215777078 29.4035111427306 29.7387007077534 30.0738902727762 30.2924830913543 30.4722103277842 30.651937564214 30.8316648006439 31.0113920370737 31.1911192735036 31.3708465099335 31.4228878180187 31.0918713410697 30.7608548641206 30.4298383871716 30.0988219102225 29.7678054332734
37.3614606698357 35.2272841400574 33.0931076102792 31.7882243792217 30.7597722477385 29.7313201162552 28.7028679847718 27.6744158532886 26.6459637218054 25.617511590322 24.9450485547382 25.3405528068541 25.73605705897 26.1315613110859 26.5270655632018 26.9225698153177 27.3180740674335 27.7135783195494 27.8162546793619 27.8213217417399 27.8263888041178 27.8314558664957 27.8365229288737 27.8415899912516 27.8466570536295 27.9320397588941 28.2583693928188 28.5846990267435 28.9110286606682 29.2373582945928 29.5636879285176 29.8900175624423 30.2163471963669 30.3978380044301 30.5310492038726 30.6642604033152 30.7974716027578 30.9306828022003 31.0638940016428 31.1971052010854 31.203270535999 30.8282982773252 30.4533260186514 30.0783537599777 29.7033815013039 29.3284092426301
37.9835926214856 35.8210668298937 33.6585410383018 32.3129692395529 31.2397154384191 30.1664616372852 29.0932078361512 28.0199540350174 26.9467002338836 25.8734464327496 25.1700818061827 25.5763847033181 25.9826876004536 26.388990497589 26.7952933947244 27.2015962918598 27.6078991889952 28.0142020861306 28.1099149068196 28.1020977020263 28.094280497233 28.0864632924397 28.0786460876464 28.0708288828531 28.0630116780599 28.1365162001715 28.4539859029981 28.7714556058247 29.0889253086513 29.4063950114779 29.7238647143045 30.0413344171311 30.3588041199577 30.5031929175059 30.5898880799611 30.6765832424164 30.7632784048716 30.8499735673269 30.9366687297821 31.0233638922374 30.9836532539793 30.5647252135808 30.1457971731823 29.7268691327838 29.3079410923854 28.8890130519869
38.6057245731356 36.41484951973 34.2239744663244 32.8377140998841 31.7196586290997 30.6016031583153 29.4835476875306 28.3654922167462 27.2474367459618 26.1293812751771 25.3951150576272 25.8122165997822 26.2293181419371 26.6464196840921 27.063521226247 27.480622768402 27.8977243105569 28.3148258527118 28.4035751342773 28.3828736623128 28.3621721903483 28.3414707183838 28.3207692464192 28.3000677744547 28.2793663024902 28.3409926414489 28.6496024131774 28.9582121849059 29.2668219566344 29.5754317283629 29.8840415000915 30.19265127182 30.5012610435485 30.6085478305816 30.6487269560496 30.6889060815175 30.7290852069855 30.7692643324534 30.8094434579214 30.8496225833893 30.7640359719596 30.3011521498364 29.8382683277131 29.37538450559 28.9125006834668 28.4496168613435
39.2278565247856 37.0086322095663 34.789407894347 33.3624589602154 32.1996018197803 31.0367446793453 29.87388753891 28.711030398475 27.54817325804 26.3853161176047 25.6201483090717 26.0480484962462 26.4759486834207 26.9038488705952 27.3317490577696 27.7596492449441 28.1875494321186 28.615449619293 28.697235361735 28.6636496225993 28.6300638834635 28.5964781443278 28.562892405192 28.5293066660563 28.4957209269205 28.5454690827263 28.8452189233567 29.1449687639871 29.4447186046176 29.744468445248 30.0442182858784 30.3439681265088 30.6437179671392 30.7139027436574 30.7075658321381 30.7012289206187 30.6948920090993 30.68855509758 30.6822181860606 30.6758812745412 30.5444186899399 30.037579086092 29.530739482244 29.0238998783961 28.5170602745482 28.0102206707002
39.8438216527306 37.6056447558937 35.3674678590568 33.9114328861237 32.716111887826 31.5207908895283 30.3254698912304 29.1301488929326 27.9348278946349 26.739506896337 25.9489794890084 26.3728328545886 26.7966862201689 27.2205395857491 27.6443929513294 28.0682463169097 28.4920996824899 28.9159530480701 28.9844605922698 28.9345195293426 28.8845784664154 28.8346374034881 28.7846963405609 28.7347552776336 28.6848142147064 28.7198775132496 29.0099538962045 29.3000302791595 29.5901066621144 29.8801830450693 30.1702594280242 30.4603358109791 30.750412193934 30.7652734279633 30.6883962790172 30.6115191300711 30.534641981125 30.4577648321788 30.3808876832327 30.3040105342866 30.1077151881326 29.5531652503546 28.9986153125765 28.4440653747985 27.8895154370205 27.3349654992424
40.4536199569705 38.2058871587122 35.9581543604538 34.4846358776094 33.2691888332369 32.0537417888644 30.8382947444917 29.6228477001192 28.4074006557467 27.191953611374 26.3816085974374 26.7865696748096 27.1915307521819 27.5964918295541 28.0014529069263 28.4064139842986 28.8113750616708 29.216336139043 29.2652508258819 29.1954833825429 29.1257159392039 29.0559484958648 28.9861810525258 28.9164136091868 28.8466461658478 28.8642179330189 29.1438073317209 29.4233967304229 29.7029861291249 29.9825755278268 30.2621649265289 30.5417543252308 30.8213437239328 30.7626598834992 30.5912182966869 30.4197767098746 30.2483351230622 30.0768935362499 29.9054519494376 29.7340103626252 29.4539254665377 28.8479106426242 28.2418958187106 27.635880994797 27.0298661708835 26.4238513469699
41.0634182612104 38.8061295615306 36.5488408618509 35.057838869095 33.8222657786477 32.5866926882005 31.351119597753 30.1155465073058 28.8799734168585 27.6444003264111 26.8142377058663 27.2003064950305 27.5863752841948 27.972444073359 28.3585128625232 28.7445816516875 29.1306504408517 29.5167192300159 29.546041059494 29.4564472357432 29.3668534119924 29.2772595882416 29.1876657644908 29.09807194074 29.0084781169891 29.0085583527882 29.2776607672372 29.5467631816863 29.8158655961354 30.0849680105844 30.3540704250335 30.6231728394826 30.8922752539316 30.7600463390351 30.4940403143566 30.228034289678 29.9620282649995 29.696022240321 29.4300162156424 29.1640101909639 28.8001357449428 28.1426560348937 27.4851763248446 26.8276966147955 26.1702169047465 25.5127371946973
41.6732165654503 39.4063719643491 37.1395273632479 35.6310418605805 34.3753427240585 33.1196435875365 31.8639444510143 30.6082453144923 29.3525461779703 28.0968470414481 27.2468668142953 27.6140433152515 27.9812198162077 28.3483963171639 28.7155728181201 29.0827493190764 29.4499258200326 29.8171023209888 29.826831293106 29.7174110889435 29.6079908847809 29.4985706806183 29.3891504764557 29.2797302722931 29.1703100681305 29.1528987725575 29.4115142027536 29.6701296329498 29.9287450631459 30.187360493342 30.4459759235381 30.7045913537343 30.9632067839304 30.757432794571 30.3968623320263 30.0362918694815 29.6757214069368 29.315150944392 28.9545804818473 28.5940100193025 28.1463460233479 27.4374014271634 26.7284568309787 26.0195122347941 25.3105676386095 24.6016230424248
42.2830148696902 40.0066143671676 37.7302138646449 36.2042448520662 34.9284196694694 33.6525944868726 32.3767693042756 31.1009441216789 29.8251189390821 28.5492937564851 27.6794959227243 28.0277801354724 28.3760643482207 28.7243485609689 29.0726327737171 29.4209169864653 29.7692011992135 30.1174854119617 30.1076215267181 29.9783749421437 29.8491283575694 29.719881772995 29.5906351884206 29.4613886038462 29.3321420192718 29.2972391923268 29.54536763827 29.7934960842132 30.0416245301564 30.2897529760996 30.5378814220428 30.786009867986 31.0341383139292 30.7548192501069 30.299684349696 29.844549449285 29.389414548874 28.9342796484631 28.4791447480522 28.0240098476412 27.492556301753 26.7321468194329 25.9717373371127 25.2113278547926 24.4509183724725 23.6905088901523
42.8928131739302 40.6068567699861 38.320900366042 36.7774478435518 35.4814966148802 34.1855453862087 32.889594157537 31.5936429288654 30.2976917001939 29.0017404715222 28.1121250311532 28.4415169556934 28.7709088802337 29.1003008047738 29.429692729314 29.7590846538543 30.0884765783945 30.4178685029346 30.3884117603302 30.239338795344 30.0902658303579 29.9411928653717 29.7921199003855 29.6430469353994 29.4939739704132 29.4415796120961 29.6792210737863 29.9168625354766 30.1545039971669 30.3921454588571 30.6297869205474 30.8674283822377 31.1050698439279 30.7522057056428 30.2025063673657 29.6528070290885 29.1031076908113 28.5534083525342 28.003709014257 27.4540096759798 26.8387665801581 26.0268922117025 25.2150178432467 24.4031434747911 23.5912691063355 22.7793947378797
