data/working_set_collections/6091692-Cassins_Sparrow-MC/1990/bio1.asc
NCOLS 265 
NROWS 230 
XLLCORNER -115.5625 
YLLCORNER 24.8333333333333 
CELLSIZE 0.0833333333333333 
NODATA_value -9999 
[rows 0 to 19 of 230, columns 46 to 91 of 265]
5.3069447835287 4.94329254362326 4.57964030371776 4.21598806381232 3.85233582390688 3.48868358400138 3.09193678448605 2.68415846510075 2.27638014571539 1.86860182633009 1.4608235069448 1.05304518755943 0.645266868174133 0.277605325480343 0.0302941128611688 -0.217017099757964 -0.464328312377096 -0.71163952499627 -0.958950737615403 -1.20626195023454 -1.45357316285371 -1.37341206247613 -1.18409352443291 -0.994774986389657 -0.805456448346435 -0.616137910303213 -0.426819372259959 -0.237500834216738 0.124508544222945 1.00459044385275 1.8846723434824 2.76475424311205 3.64483614274186 4.52491804237151 5.40499994200116 6.28508184163097 6.78278387387588 7.15302595032578 7.52326802677575 7.89351010322565 8.26375217967556 8.63399425612553 9.00423633257543 9.19486991961806 8.84667803843821 8.49848615725842
5.35495882034308 4.96850484212248 4.58205086390182 4.19559688568122 3.80914290746062 3.42268892923996 3.0405994698406 2.65996485004831 2.27933023025596 1.89869561046368 1.5180609906714 1.13742637087905 0.756791751086767 0.4109869157275 0.169671433667357 -0.071644048392744 -0.312959530452845 -0.554275012512988 -0.795590494573089 -1.03690597663319 -1.27822145869333 -1.18589129373436 -0.982345913102293 -0.778800532470188 -0.575255151838119 -0.371709771206049 -0.168164390573944 0.0353809900581256 0.398556740333422 1.24062359953908 2.0826904587446 2.92475731795012 3.76682417715579 4.6088910363613 5.45095789556682 6.29302475477249 6.7671644687652 7.11866180102023 7.47015913327531 7.82165646553034 8.17315379778537 8.52465113004046 8.87614846229548 9.05834280252465 8.73262816667561 8.40691353082663
5.40297285715745 4.9937171406217 4.58446142408587 4.17520570755012 3.76594999101437 3.35669427447854 2.98926215519514 2.63577123499587 2.28228031479654 1.92878939459727 1.575298474398 1.22180755419866 0.868316633999392 0.544368505974645 0.309048754473534 0.0737290029724633 -0.161590748528607 -0.396910500029719 -0.632230251530789 -0.86755000303186 -1.10286975453297 -0.998370524992609 -0.780598301771692 -0.562826078550739 -0.345053855329822 -0.127281632108905 0.0904905911120488 0.308262814332965 0.672604936443875 1.4766567552254 2.28070857400679 3.08476039278818 3.8888122115697 4.69286403035109 5.49691584913248 6.30096766791401 6.75154506365453 7.08429765171468 7.41705023977489 7.74980282783504 8.08255541589519 8.4153080039554 8.74806059201555 8.92181568543125 8.61857829491302 8.31534090439485
5.45098689397183 5.01892943912092 4.58687198426993 4.15481452941902 3.72275707456811 3.29069961971712 2.93792484054969 2.61157761994343 2.28523039933712 1.95888317873086 1.6325359581246 1.30618873751829 0.979841516912026 0.677750096221802 0.448426075279723 0.219102054337683 -0.0102219666043568 -0.239545987546436 -0.468870008488476 -0.698194029430515 -0.927518050372594 -0.81084975625084 -0.578850690441075 -0.34685162463127 -0.114852558821505 0.117146506988259 0.349145572798064 0.581144638607829 0.946653132554352 1.71268991091174 2.47872668926899 3.24476346762625 4.01080024598363 4.77683702434089 5.54287380269814 6.30891058105553 6.73592565854385 7.04993350240913 7.36394134627445 7.67794919013973 7.991957034005 8.30596487787032 8.6199727217356 8.78528856833784 8.50452842315043 8.22376827796306
5.49900093078621 5.04414173762014 4.58928254445399 4.13442335128792 3.67956415812185 3.2247049649557 2.88658752590423 2.58738400489099 2.28818048387769 1.98897696286445 1.6897734418512 1.39056992083791 1.09136639982466 0.811131686468959 0.587803396085911 0.364475105702903 0.141146815319894 -0.0821814750631531 -0.305509765446162 -0.528838055829171 -0.752166346212218 -0.62332898750907 -0.377103079110457 -0.130877170711802 0.115348737686811 0.361574646085424 0.607800554484079 0.854026462882692 1.22070132866483 1.94872306659807 2.67674480453119 3.40476654246432 4.13278828039756 4.86081001833068 5.5888317562638 6.31685349419705 6.72030625343318 7.01556935310357 7.31083245277402 7.60609555244441 7.90135865211481 8.19662175178525 8.49188485145565 8.64876145124443 8.39047855138783 8.13219565153127
5.54701496760058 5.06935403611935 4.59169310463805 4.11403217315682 3.6363712416756 3.15871031019429 2.83525021125878 2.56319038983855 2.29113056841827 2.01907074699803 1.7470109255778 1.47495110415752 1.20289128273729 0.944513276716104 0.727180716892088 0.50984815706811 0.292515597244132 0.0751830374201162 -0.142149522403862 -0.35948208222784 -0.576814642051856 -0.435808218767317 -0.175355467779857 0.0850972832076476 0.345550034195108 0.606002785182568 0.866455536170072 1.12690828715753 1.49474952477528 2.18475622228439 2.87476291979338 3.56476961730237 4.25477631481148 4.94478301232047 5.63478970982946 6.32479640733857 6.7046868483225 6.98120520379802 7.25772355927359 7.53424191474911 7.81076027022463 8.08727862570019 8.36379698117571 8.51223433415102 8.27642867962524 8.04062302509949
5.51611498594293 5.0404247959456 4.56473460594819 4.08904441595086 3.61335422595353 3.13766403595612 2.82606088121736 2.56915340489817 2.31224592857893 2.05533845225974 1.79843097594055 1.54152349962131 1.28461602330212 1.04129262483786 0.838721459938434 0.63615029503904 0.433579130139647 0.231007965240219 0.0284368003408257 -0.174134364558568 -0.376705529457996 -0.238071805735496 0.0142968808610458 0.26666556745763 0.519034254054172 0.771402940650714 1.0237716272473 1.27614031384384 1.63440767394156 2.31037105454331 2.98633443514494 3.66229781574657 4.33826119634832 5.01422457694995 5.69018795755158 6.36615133815333 6.72878452936803 6.98697432412035 7.24516411887272 7.50335391362504 7.76154370837736 8.01973350312972 8.27792329788204 8.41505093706984 8.18899210956365 7.96293328205749
5.40630098581323 4.95735401709885 4.5084070483844 4.05946007967003 3.61051311095566 3.16156614224121 2.85901953577999 2.60527305006986 2.35152656435969 2.09778007864956 1.84403359293943 1.59028710722926 1.33654062151913 1.1014697308342 0.922425625224921 0.743381519615672 0.564337414006422 0.385293308397141 0.206249202787891 0.0272050971786417 -0.151839008430639 -0.0301197484136183 0.191853966812227 0.41382768203811 0.635801397263956 0.857775112489802 1.07974882771568 1.30172254294153 1.63967577616358 2.32556756337476 3.01145935058582 3.69735113779688 4.38324292500806 5.06913471221912 5.75502649943018 6.44091828664135 6.79259929656978 7.03287671407058 7.27315413157142 7.51343154907222 7.75370896657302 7.99398638407387 8.23426380157467 8.35721126000092 8.12816884120308 7.89912642240529
5.29648698568353 4.87428323825211 4.45207949082062 4.0298757433892 3.60767199595779 3.1854682485263 2.89197819034262 2.64139269524156 2.39080720014045 2.14022170503938 1.88963620993831 1.6390507148372 1.38846521973613 1.16164683683054 1.0061297905114 0.850612744192294 0.695095697873185 0.53957865155405 0.384061605234942 0.228544558915834 0.0730275125966989 0.177832308908241 0.369411052763393 0.560989796618578 0.75256854047373 0.944147284328882 1.13572602818407 1.32730477203922 1.6449438783856 2.3407640722062 3.03658426602669 3.73240445984718 4.42822465366779 5.12404484748828 5.81986504130877 6.51568523512937 6.85641406377152 7.0787791040208 7.30114414427013 7.52350918451941 7.7458742247687 7.96823926501802 8.1906043052673 8.299371582932 8.06734557284253 7.83531956275309
5.18667298555382 4.79121245940536 4.39575193325684 4.00029140710838 3.60483088095992 3.20937035481139 2.92493684490526 2.67751234041325 2.4300878359212 2.1826633314292 1.9352388269372 1.68781432244515 1.44038981795315 1.22182394282688 1.08983395579789 0.957843968768925 0.82585398173996 0.693863994710973 0.561874007682008 0.429884020653043 0.297894033624056 0.385784366230119 0.546968138714575 0.708151911199058 0.869335683683514 1.03051945616797 1.19170322865245 1.35288700113691 1.65021198060761 2.35596058103765 3.06170918146757 3.76745778189749 4.47320638232752 5.17895498275744 5.88470358318736 6.5904521836174 6.92022883097327 7.12468149397103 7.32913415696883 7.5335868199666 7.73803948296436 7.94249214596216 8.14694480895993 8.24153190586308 8.00652230448196 7.77151270310089
5.07685898542411 4.70814168055861 4.33942437569305 3.97070707082755 3.60198976596205 3.23327246109649 2.95789549946789 2.71363198558495 2.46936847170196 2.22510495781902 1.98084144393608 1.7365779300531 1.49231441617016 1.28200104882322 1.17353812108438 1.06507519334556 0.956612265606735 0.848149337867895 0.739686410129074 0.631223482390252 0.522760554651412 0.593736423551996 0.724525224665756 0.855314025779538 0.986102826893298 1.11689162800706 1.24768042912084 1.3784692302346 1.65548008282963 2.3711570898691 3.08683409690844 3.80251110394779 4.51818811098726 5.23386511802661 5.94954212506595 6.66521913210542 6.98404359817501 7.17058388392126 7.35712416966754 7.54366445541379 7.73020474116003 7.91674502690631 8.10328531265256 8.18369222879416 7.9456990361214 7.70770584344868
4.96704498529442 4.62507090171187 4.28309681812927 3.94112273454672 3.59914865096418 3.25717456738158 2.99085415403052 2.74975163075664 2.50864910748272 2.26754658420884 2.02644406093496 1.78534153766104 1.54423901438716 1.34217815481955 1.25724228637086 1.17230641792218 1.0873705494735 1.0024346810248 0.917498812576124 0.832562944127445 0.74762707567875 0.801688480873856 0.902082310616922 1.00247614036001 1.10286997010307 1.20326379984614 1.30365762958922 1.40405145933229 1.66074818505165 2.38635359870054 3.11195901234932 3.83756442599809 4.56316983964699 5.28877525329577 6.01438066694454 6.73998608059344 7.04785836537675 7.21648627387148 7.38511418236624 7.55374209086097 7.7223699993557 7.89099790785046 8.05962581634519 8.12585255172524 7.88487576776084 7.64389898379649
4.91836579044665 4.59129523370008 4.26422467695346 3.93715412020689 3.61008356346032 3.28301300671369 3.02034026384357 2.77913345893229 2.53792665402097 2.29671984910969 2.05551304419841 1.81430623928709 1.5730994343758 1.3816082942817 1.3392641486393 1.29692000299691 1.25457585735452 1.21223171171212 1.16988756606973 1.12754342042734 1.08519927478494 1.13031768848492 1.20459028863238 1.27886288877985 1.35313548892731 1.42740808907477 1.50168068922224 1.57595328936969 1.80430433418997 2.49489071302934 3.18547709186859 3.87606347070784 4.56664984954721 5.25723622838646 5.94782260722571 6.63840898606508 6.92773992617926 7.08331905338499 7.23889818059075 7.39447730779649 7.55005643500222 7.70563556220799 7.86121468941372 7.92225830952335 7.69969540834433 7.47713250716534
4.93082140088087 4.60681467652328 4.28280795216564 3.95880122780805 3.63479450345047 3.31078777909282 3.04635382890705 2.8017774701119 2.55720111131671 2.31262475252155 2.0680483937264 1.82347203493121 1.57889567613606 1.40029146720965 1.41960370788971 1.43891594856976 1.45822818924981 1.47754042992987 1.49685267060992 1.51616491128997 1.53547715197003 1.57962404638524 1.63204915871218 1.68447427103913 1.73689938336607 1.78932449569301 1.84174960801995 1.89417472034689 2.08614853024466 2.69676843285552 3.30738833546627 3.91800823807702 4.52862814068788 5.13924804329863 5.74986794590938 6.36048784852023 6.62368828058243 6.77108222246169 6.91847616434098 7.06587010622025 7.21326404809951 7.3606579899788 7.50805193185807 7.57290950218844 7.3901579578718 7.2074064135552
4.94327701131508 4.62233411934648 4.30139122737782 3.98044833540922 3.65950544344061 3.33856255147195 3.07236739397053 2.82442148129151 2.57647556861244 2.32852965593342 2.0805837432544 1.83263783057533 1.58469191789631 1.4189746401376 1.4999432671401 1.58091189414259 1.66188052114508 1.74284914814759 1.82381777515008 1.90478640215257 1.98575502915508 2.02893040428552 2.05950802879194 2.09008565329837 2.12066327780479 2.15124090231121 2.18181852681764 2.21239615132406 2.36799272629934 2.89864615268169 3.42929957906394 3.9599530054462 4.49060643182855 5.02125985821081 5.55191328459307 6.08256671097541 6.31963663498563 6.45884539153842 6.59805414809124 6.73726290464404 6.87647166119683 7.01568041774965 7.15488917430245 7.22356069485355 7.0806205073993 6.93768031994508
4.95573262174929 4.63785356216968 4.31997450259 4.00209544301038 3.68421638343076 3.36633732385109 3.09838095903401 2.84706549247111 2.59575002590818 2.34443455934529 2.09311909278239 1.84180362621946 1.59048815965657 1.43765781306555 1.58028282639051 1.72290783971544 1.86553285304037 2.00815786636533 2.15078287969027 2.2934078930152 2.43603290634016 2.47823676218584 2.48696689887174 2.49569703555765 2.50442717224355 2.51315730892945 2.52188744561536 2.53061758230126 2.64983692235403 3.10052387250787 3.55121082266163 4.00189777281539 4.45258472296922 4.90327167312298 5.35395862327674 5.80464557343057 6.0155849893888 6.14660856061512 6.27763213184147 6.4086557030678 6.53967927429412 6.67070284552047 6.80172641674679 6.87421188751863 6.77108305692677 6.66795422633494
4.96818823218351 4.65337300499287 4.33855777780218 4.02374255061155 3.70892732342091 3.39411209623022 3.12439452409748 2.86970950365072 2.61502448320392 2.36033946275715 2.10565444231039 1.85096942186358 1.59628440141682 1.4563409859935 1.66062238564091 1.86490378528829 2.06918518493566 2.27346658458308 2.47774798423046 2.68202938387783 2.88631078352525 2.92754312008616 2.91442576895154 2.90130841781692 2.88819106668231 2.87507371554769 2.86195636441307 2.84883901327846 2.93168111840873 3.30240159233405 3.67312206625931 4.04384254018457 4.41456301410989 4.78528348803515 5.15600396196041 5.52672443588573 5.71153334379197 5.83437172969182 5.9572101155917 6.08004850149155 6.20288688739141 6.32572527329128 6.44856365919114 6.52486308018371 6.46154560645425 6.3982281327248
4.98064384261772 4.66889244781607 4.35714105301436 4.04538965821271 3.73363826341106 3.42188686860935 3.15040808916096 2.89235351483033 2.63429894049965 2.37624436616902 2.11818979183838 1.86013521750771 1.60208064317708 1.47502415892144 1.7409619448913 2.00689973086112 2.27283751683094 2.5387753028008 2.80471308877062 3.07065087474043 3.33658866071029 3.37684947798644 3.3418846390313 3.30691980007617 3.27195496112103 3.2369901221659 3.20202528321076 3.16706044425563 3.2135253144634 3.50427931216022 3.79503330985698 4.08578730755375 4.37654130525056 4.66729530294733 4.9580493006441 5.24880329834091 5.40748169819516 5.52213489876855 5.63678809934196 5.75144129991534 5.86609450048873 5.98074770106213 6.09540090163552 6.17551427284882 6.15200815598175 6.12850203911468
5.11804259022079 4.80796992182736 4.49789725343387 4.18782458504043 3.877751916647 3.56767924825351 3.30028211573761 3.04711016184756 2.79393820795747 2.54076625406743 2.28759430017738 2.03442234628729 1.78125039239725 1.66368191540231 1.95292386909319 2.24216582278402 2.53140777647485 2.82064973016573 3.10989168385656 3.3991336375474 3.68837559123828 3.73170999288557 3.69307521051828 3.654440428151 3.61580564578371 3.57717086341643 3.53853608104914 3.49990129868186 3.52868899504334 3.75974412759139 3.9907992601394 4.2218543926874 4.45290952523545 4.68396465778345 4.91501979033146 5.1460749228795 5.2840380867322 5.39097059435312 5.49790310197405 5.60483560959496 5.71176811721587 5.8187006248368 5.92563313245771 6.004840042856 6.00087016158634 5.99690028031667
5.38038447499278 5.0706054270268 4.76082637906076 4.45104733109477 4.14126828312879 3.83148923516275 3.57401660382749 3.3339794447025 3.09394228557746 2.85390512645246 2.61386796732746 2.37383080820242 2.13379364907743 2.02231425543617 2.29650815824662 2.57070206105702 2.84489596386742 3.11908986667786 3.39328376948826 3.66747767229866 3.94167157510911 3.99212466478346 3.96799748341241 3.94387030204135 3.9197431206703 3.89561593929924 3.87148875792819 3.84736157655713 3.87717216014855 4.06879603862758 4.26041991710657 4.45204379558557 4.6436676740646 4.83529155254359 5.02691543102259 5.21853930950162 5.34120250940321 5.44087881644564 5.54055512348809 5.64023143053053 5.73990773757296 5.83958404461541 5.93926035165785 6.01284039020538 6.00813162326813 6.00342285633087
