data/working_set_collections/6091692-Cassins_Sparrow-MC/1990/bio13.asc
NCOLS 265 
NROWS 230 
XLLCORNER -115.5625 
YLLCORNER 24.8333333333333 
CELLSIZE 0.0833333333333333 
NODATA_value -9999 
[rows 200 to 219 of 230, columns 184 to 229 of 265]
98.6775409698487 97.2077096303306 95.7378782908125 94.5446459452312 93.4436132642959 92.3425805833607 91.2415479024252 90.14051522149 89.0394825405547 87.9384498596193 87.7004657957283 90.0516275829732 92.4027893702185 94.7539511574634 97.1051129447083 99.4562747319536 101.807436519198 104.158598306443 104.68147837321 104.594931199816 104.508384026421 104.421836853027 104.335289679633 104.248742506239 104.162195332845 104.348128785027 105.351504113939 106.354879442851 107.358254771762 108.361630100674 109.365005429586 110.368380758497 111.371756087409 113.549417177836 116.118506855435 -9999 -9999 -9999 -9999 -9999 -9999 -9999 -9999 -9999 -9999 -9999
99.7978099822998 98.2668539683025 96.7358979543052 95.4530362447103 94.2528726365832 93.0527090284561 91.8525454203289 90.6523818122018 89.4522182040747 88.2520545959474 87.923352919684 90.2090370390143 92.4947211583451 94.7804052776755 97.0660893970059 99.3517735163367 101.637457635667 103.923141754998 104.486888631185 104.476656426324 104.466424221463 104.456192016602 104.44595981174 104.435727606879 104.425495402018 104.589706145392 105.277245733473 105.964785321554 106.652324909634 107.339864497715 108.027404085795 108.714943673876 109.402483261956 -9999 -9999 -9999 -9999 -9999 -9999 -9999 -9999 -9999 -9999 -9999 -9999 -9999
100.918078994751 99.3259983062746 97.7339176177981 96.3614265441895 95.0621320088706 93.7628374735517 92.4635429382325 91.1642484029136 89.8649538675947 88.5656593322756 88.1462400436396 90.3664464950555 92.5866529464718 94.8068593978877 97.0270658493036 99.2472723007199 101.467478752136 103.687685203552 104.29229888916 104.358381652832 104.424464416504 104.490547180176 104.556629943848 104.622712707519 104.688795471191 104.831283505758 105.202987353007 105.574691200256 105.946395047506 106.318098894755 106.689802742005 107.061506589254 107.433210436503 -9999 -9999 -9999 -9999 -9999 -9999 -9999 -9999 -9999 -9999 -9999 -9999 -9999
102.038348007202 100.385142644247 98.731937281291 97.2698168436687 95.871391381158 94.4729659186472 93.0745404561362 91.6761149936255 90.2776895311147 88.8792640686037 88.3691271675952 90.5238559510966 92.6785847345984 94.8333135180998 96.9880423016012 99.142771085103 101.297499868604 103.452228652106 104.097709147135 104.24010687934 104.382504611545 104.52490234375 104.667300075955 104.80969780816 104.952095540365 105.072860866123 105.128728972541 105.184597078959 105.240465185377 105.296333291796 105.352201398214 105.408069504632 105.46393761105 107.991856829325 111.343793084886 -9999 -9999 -9999 -9999 -9999 -9999 -9999 -9999 -9999 -9999 -9999
103.243501154582 101.590433120728 99.9373650868736 98.4228220621744 96.9544540405274 95.4860860188804 94.0177179972331 92.549349975586 91.080981953939 89.6126139322917 89.0103261947625 91.0062793095899 93.0022324244177 94.9981855392451 96.9941386540725 98.9900917689002 100.986044883728 102.981997998555 103.65913995107 103.896678182814 104.134216414558 104.371754646301 104.609292878045 104.846831109789 105.084369341532 105.243996408251 105.169889979892 105.095783551534 105.021677123176 104.947570694817 104.873464266459 104.799357838101 104.725251409742 107.332854588826 110.83436097039 -9999 -9999 -9999 -9999 -9999 -9999 -9999 -9999 -9999 -9999 -9999
104.53353843689 102.941869735718 101.350201034546 99.820442199707 98.3113199869793 96.8021977742515 95.2930755615235 93.7839533487957 92.2748311360679 90.7657089233399 90.0698371251418 91.8137165705357 93.5575960159298 95.3014754613236 97.0453549067174 98.7892343521115 100.533113797505 102.276993242899 102.976591300964 103.328095563253 103.679599825541 104.03110408783 104.382608350118 104.734112612406 105.085616874695 105.344690132141 105.326470375061 105.308250617981 105.290030860901 105.271811103821 105.253591346741 105.235371589661 105.21715183258 107.867370223998 111.407067998249 -9999 -9999 -9999 -9999 -9999 -9999 -9999 -9999 -9999 -9999 -9999
105.823575719198 104.293306350708 102.763036982219 101.21806233724 99.6681859334312 98.1183095296226 96.5684331258139 95.0185567220054 93.4686803181969 91.9188039143881 91.1293480555212 92.6211538314814 94.1129596074419 95.6047653834021 97.0965711593624 98.5883769353229 100.080182711283 101.571988487243 102.294042650859 102.759512943692 103.224983236525 103.690453529358 104.155923822191 104.621394115024 105.086864407857 105.445383856032 105.48305077023 105.520717684428 105.558384598626 105.596051512824 105.633718427022 105.67138534122 105.709052255418 108.401885859171 111.979775026109 -9999 -9999 -9999 -9999 -9999 -9999 -9999 -9999 -9999 -9999 -9999
107.113613001506 105.644742965698 104.175872929891 102.615682474772 101.025051879883 99.4344212849937 97.8437906901042 96.253160095215 94.6625295003257 93.0718989054362 92.1888589859004 93.428591092427 94.6683231989539 95.9080553054806 97.1477874120073 98.3875195185342 99.6272516250609 100.866983731588 101.611494000753 102.190930324131 102.770366647508 103.349802970886 103.929239294264 104.508675617642 105.08811194102 105.546077579922 105.639631165398 105.733184750875 105.826738336351 105.920291921827 106.013845507304 106.10739909278 106.200952678256 -9999 -9999 -9999 -9999 -9999 -9999 -9999 -9999 -9999 -9999 -9999 -9999 -9999
108.403650283814 106.996179580689 105.588708877564 104.013302612305 102.381917826335 100.750533040365 99.1191482543946 97.4877634684246 95.8563786824547 94.2249938964844 93.2483699162797 94.2360283533728 95.223686790466 96.2113452275591 97.1990036646522 98.1866621017455 99.1743205388386 100.161978975932 100.928945350647 101.622347704569 102.315750058492 103.009152412414 103.702554766337 104.395957120259 105.089359474182 105.646771303813 105.796211560567 105.945651817322 106.095092074076 106.244532330831 106.393972587585 106.54341284434 106.692853101094 109.470917129516 113.125189081827 -9999 -9999 -9999 -9999 -9999 -9999 -9999 -9999 -9999 -9999 -9999
109.693687566121 108.347616195679 107.001544825236 105.410922749837 103.738783772787 102.066644795736 100.394505818685 98.7223668416343 97.0502278645836 95.3780888875327 94.307880846659 95.0434656143185 95.7790503819781 96.5146351496377 97.2502199172971 97.9858046849568 98.7213894526163 99.4569742202758 100.246396700541 101.053765085008 101.861133469475 102.668501853943 103.47587023841 104.283238622877 105.090607007344 105.747465027703 105.952791955736 106.158118883769 106.363445811801 106.568772739834 106.774099667867 106.9794265959 107.184753523932 110.005432764688 113.697896109686 117.390359454684 -9999 -9999 -9999 -9999 -9999 -9999 -9999 -9999 -9999 -9999
111.266499964396 110.161971833971 109.057443703545 107.514178911845 105.824668566386 104.135158220927 102.445647875468 100.756137530009 99.0666271845499 97.3771168390907 96.2558617697815 96.8393725289231 97.4228832880649 98.0063940472066 98.5899048063483 99.1734155654901 99.7569263246318 100.340437083773 101.021162223815 101.73429215749 102.447422091166 103.160552024841 103.873681958516 104.586811892191 105.299941825866 105.914646699693 106.234076393975 106.553506088257 106.872935782538 107.19236547682 107.511795171102 107.831224865383 108.150654559665 110.96529299418 114.611667675441 118.258042356702 -9999 -9999 -9999 -9999 -9999 -9999 -9999 -9999 -9999 -9999
113.122087478637 112.439246495565 111.756405512492 110.323071098327 108.639572207133 106.956073315938 105.272574424743 103.589075533549 101.905576642354 100.222077751159 99.092312685648 99.6237490971877 100.155185508727 100.686621920267 101.218058331807 101.749494743347 102.280931154886 102.812367566426 103.253241920471 103.663928922017 104.074615923563 104.48530292511 104.895989926656 105.306676928202 105.717363929748 106.148316319783 106.640064875285 107.131813430786 107.623561986287 108.115310541788 108.60705909729 109.098807652791 109.590556208292 112.350497817992 115.866503779092 -9999 -9999 -9999 -9999 -9999 -9999 -9999 -9999 -9999 -9999 -9999
114.977674992879 114.716521157158 114.455367321438 113.13196328481 111.45447584788 109.77698841095 108.099500974019 106.422013537089 104.744526100159 103.067038663228 101.928763601515 102.408125665452 102.88748772939 103.366849793328 103.846211857265 104.325573921203 104.804935985141 105.284298049079 105.485321617126 105.593565686543 105.701809755961 105.810053825378 105.918297894796 106.026541964213 106.13478603363 106.381985939873 107.046053356594 107.710120773315 108.374188190036 109.038255606757 109.702323023478 110.366390440199 111.03045785692 113.735702641804 117.121339882744 120.506977123683 123.892614364623 127.278251605563 -9999 -9999 -9999 -9999 -9999 -9999 -9999 -9999
116.833262507121 116.993795818752 117.154329130384 115.940855471293 114.269379488627 112.597903505961 110.926427523295 109.254951540629 107.583475557963 105.911999575297 104.765214517381 105.192502233717 105.619789950053 106.047077666388 106.474365382724 106.90165309906 107.328940815395 107.756228531731 107.717401313782 107.52320245107 107.329003588358 107.134804725647 106.940605862935 106.746407000224 106.552208137512 106.615655559963 107.452041837904 108.288428115845 109.124814393785 109.961200671725 110.797586949666 111.633973227607 112.470359505547 115.120907465616 118.376175986395 121.631444507174 124.886713027953 -9999 -9999 -9999 -9999 -9999 -9999 -9999 -9999 -9999
118.688850021362 119.271070480346 119.85329093933 118.749747657776 117.084283129374 115.418818600973 113.753354072571 112.087889544169 110.422425015767 108.756960487366 107.601665433247 107.976878801981 108.352092170715 108.727305539449 109.102518908182 109.477732276916 109.85294564565 110.228159014383 109.949481010437 109.452839215596 108.956197420756 108.459555625915 107.962913831075 107.466272036235 106.969630241394 106.849325180053 107.858030319214 108.866735458374 109.875440597534 110.884145736694 111.892850875854 112.901556015014 113.910261154174 116.506112289428 119.631012090046 122.755911890665 -9999 -9999 -9999 -9999 -9999 -9999 -9999 -9999 -9999 -9999
120.544437535603 121.54834514194 122.552252748277 121.558639844258 119.899186770121 118.239733695984 116.580280621846 114.920827547709 113.261374473572 111.601921399434 110.438116349114 110.761255370245 111.084394391377 111.407533412509 111.730672433641 112.053811454772 112.376950475904 112.700089497036 112.181560707092 111.382475980123 110.583391253153 109.784306526184 108.985221799215 108.186137072245 107.387052345276 107.082994800143 108.264018800523 109.445042800903 110.626066801283 111.807090801662 112.988114802042 114.169138802422 115.350162802802 117.89131711324 120.885848193697 123.880379274155 126.874910354614 129.869441435071 -9999 -9999 -9999 -9999 -9999 -9999 -9999 -9999
121.800594647725 123.287129190233 124.77366373274 124.050869750977 122.591632927789 121.132396104601 119.673159281413 118.213922458225 116.754685635037 115.295448811849 114.251236237419 114.452096409267 114.652956581115 114.853816752963 115.054676924811 115.255537096659 115.456397268507 115.657257440355 115.027599016825 114.121101061503 113.214603106181 112.308105150858 111.401607195536 110.495109240214 109.588611284891 109.18708337148 110.300465583801 111.413847796122 112.527230008443 113.640612220764 114.753994433085 115.867376645406 116.980758857727 119.372769292195 122.190989134046 125.009208975897 127.827428817748 130.645648659599 -9999 -9999 -9999 -9999 -9999 -9999 -9999 -9999
122.457321357727 124.487422625223 126.51752389272 126.22643737793 125.161621602376 124.096805826823 123.031990051269 121.967174275716 120.902358500162 119.837542724609 119.041025098164 119.049401919046 119.057778739928 119.066155560811 119.074532381693 119.082909202575 119.091286023457 119.099662844339 118.487595939636 117.668714459737 116.849832979838 116.030951499938 115.212070020039 114.39318854014 113.574307060241 113.161590894062 113.967370669046 114.77315044403 115.578930219014 116.384709993998 117.190489768981 117.996269543965 118.802049318949 120.950468826293 123.546434911091 126.142400995889 128.738367080688 131.334333165486 -9999 -9999 -9999 -9999 -9999 -9999 -9999 -9999
123.114048067728 125.687716060214 128.261384052699 128.402005004882 127.731610276964 127.061215549045 126.390820821126 125.720426093207 125.050031365288 124.379636637369 123.830813958909 123.646707428825 123.462600898742 123.278494368658 123.094387838575 122.910281308491 122.726174778408 122.542068248324 121.947592862446 121.216327857971 120.485062853495 119.753797849019 119.022532844543 118.291267840067 117.560002835591 117.136098416645 117.634275754292 118.132453091938 118.630630429585 119.128807767231 119.626985104878 120.125162442525 120.623339780171 122.528168360391 124.901880688137 127.275593015882 129.649305343627 132.023017671372 -9999 -9999 -9999 -9999 -9999 -9999 -9999 -9999
123.77077477773 126.888009495205 130.005244212679 130.577572631836 130.301598951551 130.025625271267 129.749651590983 129.473677910698 129.197704230414 128.92173055013 128.620602819654 128.244012938605 127.867423057556 127.490833176506 127.114243295457 126.737653414408 126.361063533359 125.98447365231 125.407589785258 124.763941256205 124.120292727152 123.476644198099 122.832995669047 122.189347139994 121.545698610941 121.110605939229 121.301180839538 121.491755739847 121.682330640157 121.872905540466 122.063480440775 122.254055341085 122.444630241394 124.10586789449 126.257326465182 128.408785035874 130.560243606567 -9999 -9999 -9999 -9999 -9999 -9999 -9999 -9999 -9999
