data/working_set_collections/6091692-Cassins_Sparrow-MC/1990/bio13.asc
NCOLS 265 
NROWS 230 
XLLCORNER -115.5625 
YLLCORNER 24.8333333333333 
CELLSIZE 0.0833333333333333 
NODATA_value -9999 
[rows 40 to 59 of 230, columns 92 to 137 of 265]
43.2537095387774 43.7648413340248 44.2759731292722 44.7871049245196 45.298236719767 47.069171905517 49.2600415547682 51.4509112040197 53.6417808532709 55.8326505025221 58.0235201517737 60.2143898010248 62.0099671681719 62.6196676890053 63.2293682098386 63.8390687306718 64.4487692515052 65.0584697723385 65.6681702931718 66.2778708140052 65.874103450775 65.1325134595235 64.3909234682718 63.6493334770202 62.9077434857686 62.1661534945169 61.4245635032654 60.7455633799235 60.2543328603109 59.7631023406983 59.2718718210857 58.7806413014731 58.2894107818605 57.7981802622479 57.3069497426353 56.8657412528994 56.4412067731224 56.0166722933454 55.5921378135683 55.1676033337914 54.7430688540144 54.3185343742374 54.3183492660522 55.5912122726439 56.8640752792358 58.1369382858275
44.4106755998397 44.9061261071097 45.4015766143796 45.8970271216496 46.3924776289196 48.1607477823888 50.353291151258 52.5458345201276 54.7383778889969 56.9309212578661 59.1234646267357 61.3160079956049 63.124637646145 63.7815261416963 64.4384146372474 65.0953031327986 65.7521916283499 66.4090801239011 67.0659686194522 67.7228571150035 67.2698638598123 66.4469100210402 65.6239561822678 64.8010023434957 63.9780485047235 63.1550946659512 62.332140827179 61.5444308386909 60.8624524010553 60.1804739634197 59.4984955257841 58.8165170881485 58.1345386505128 57.4525602128773 56.7705817752417 56.2014944394431 55.6700374709238 55.1385805024044 54.6071235338849 54.0756665653655 53.5442095968462 53.0127526283267 52.9684967252942 54.385844018724 55.803191312154 57.2205386055838
45.5540468957686 46.1067861451041 46.6595253944394 47.2122646437748 47.7650038931102 49.4891723950699 51.6038173145712 53.7184622340728 55.8331071535741 57.9477520730755 60.0623969925771 62.1770419120784 63.9210070821972 64.5529330041672 65.1848589261372 65.8167848481071 66.4487107700771 67.080636692047 67.7125626140169 68.344488535987 67.8720851898195 67.031572087606 66.1910589853923 65.3505458831789 64.5100327809654 63.6695196787517 62.8290065765382 62.008749177721 61.2492588890925 60.489768600464 59.7302783118355 58.9707880232071 58.2112977345785 57.4518074459501 56.6923171573217 56.1133535385132 55.5945654763116 55.07577741411 54.5569893519083 54.0382012897068 53.5194132275052 53.0006251653035 53.0013333214649 54.5605301327169 56.1197269439693 57.6789237552213
46.6838234265642 47.3668214480079 48.0498194694515 48.7328174908952 49.4158155123389 51.0544457435602 53.0116200447076 54.9687943458553 56.9259686470027 58.88314294815 60.8403172492977 62.7974915504451 64.3990754763283 64.9338882764179 65.4687010765074 66.0035138765969 66.5383266766865 67.073139476776 67.6079522768655 68.1427650769551 67.6807674407961 66.8864996592206 66.092231877645 65.2979640960695 64.503696314494 63.7094285329184 62.9151607513429 62.1385183970135 61.4147523244224 60.6909862518311 59.96722017924 59.2434541066489 58.5196880340577 57.7959219614666 57.0721558888755 56.6013185501099 56.2147907892863 55.8282630284627 55.4417352676391 55.0552075068155 54.6686797459919 54.2821519851683 54.4168590545648 56.1152706146233 57.813682174682 59.5120937347405
47.8135999573598 48.6268567509119 49.4401135444638 50.2533703380157 51.0666271315677 52.6197190920507 54.4194227748441 56.2191264576378 58.0188301404313 59.8185338232247 61.6182375060184 63.4179411888119 64.8771438704595 65.3148435486686 65.7525432268777 66.1902429050868 66.627942583296 67.065642261505 67.5033419397141 67.9410416179233 67.4894496917726 66.7414272308351 65.9934047698976 65.2453823089601 64.4973598480226 63.749337387085 63.0013149261476 62.268287616306 61.5802457597522 60.8922039031983 60.2041620466445 59.5161201900908 58.8280783335369 58.1400364769831 57.4519946204293 57.0892835617065 56.835016102261 56.5807486428155 56.3264811833699 56.0722137239243 55.8179462644788 55.5636788050332 55.8323847876649 57.6700110965297 59.507637405395 61.3452637142599
48.9433764881555 49.8868920538158 50.830407619476 51.7739231851362 52.7174387507966 54.1849924405411 55.8272255049806 57.4694585694204 59.1116916338599 60.7539246982994 62.3961577627391 64.0383908271786 65.3552122645907 65.6957988209194 66.036385377248 66.3769719335767 66.7175584899054 67.0581450462341 67.3987316025627 67.7393181588915 67.2981319427492 66.5963548024497 65.8945776621502 65.1928005218507 64.4910233815513 63.7892462412517 63.0874691009523 62.3980568355985 61.7457391950821 61.0934215545655 60.4411039140491 59.7887862735326 59.136468633016 58.4841509924996 57.8318333519831 57.5772485733032 57.4552414152357 57.3332342571682 57.2112270991007 57.0892199410332 56.9672127829657 56.8452056248981 57.2479105207649 59.2247515784362 61.2015926361079 63.1784336937792
50.073153018951 51.1469273567196 52.2207016944881 53.2944760322566 54.3682503700252 55.7502657890315 57.235028235117 58.7197906812028 60.2045531272884 61.6893155733739 63.1740780194597 64.6588404655453 65.8332806587218 66.0767540931701 66.3202275276183 66.5637009620666 66.8071743965149 67.0506478309631 67.2941212654113 67.5375946998596 67.1068141937257 66.4512823740643 65.7957505544028 65.1402187347413 64.4846869150799 63.8291550954184 63.1736232757569 62.5278260548911 61.9112326304119 61.2946392059327 60.6780457814535 60.0614523569744 59.4448589324952 58.828265508016 58.2116720835369 58.0652135848998 58.0754667282103 58.0857198715209 58.0959730148314 58.1062261581419 58.1164793014524 58.126732444763 58.6634362538648 60.7794920603426 62.8955478668206 65.0116036732984
51.2029295497466 52.4069626596236 53.6109957695003 54.8150288793771 56.019061989254 57.3155391375219 58.6428309652535 59.9701227929854 61.297414620717 62.6247064484486 63.9519982761804 65.279290103912 66.311349052853 66.4577093654208 66.6040696779886 66.7504299905564 66.8967903031243 67.0431506156921 67.1895109282599 67.3358712408278 66.9154964447023 66.3062099456789 65.6969234466553 65.087636947632 64.4783504486085 63.869063949585 63.2597774505616 62.6575952741836 62.0767260657418 61.4958568572999 60.9149876488581 60.3341184404162 59.7532492319743 59.1723800235325 58.5915108150907 58.5531785964965 58.695692041185 58.8382054858736 58.9807189305622 59.1232323752508 59.2657458199393 59.4082592646279 60.0789619869649 62.334232542249 64.5895030975336 66.8447736528177
51.8190866152442 53.1252159436542 54.431345272064 55.7374746004737 57.0436039288837 58.2785866419472 59.4898538165619 60.7011209911769 61.9123881657916 63.1236553404063 64.3349225150213 65.546189689636 66.4669653044807 66.516266240014 66.5655671755473 66.6148681110806 66.664169046614 66.7134699821473 66.7627709176806 66.8120718532139 66.4137117067975 65.866131199731 65.3185506926644 64.7709701855979 64.2233896785314 63.6758091714648 63.1282286643983 62.6032257292007 62.1459555096098 61.6886852900188 61.2314150704278 60.7741448508369 60.3168746312459 59.859604411655 59.4023341920641 59.4648671468097 59.7006678263344 59.9364685058591 60.1722691853839 60.4080698649086 60.6438705444333 60.8796712239581 61.6183876249518 63.8658511903543 66.1133147557571 68.3607783211596
51.9216242154436 53.3016872088113 54.6817502021787 56.0618131955461 57.4418761889138 58.6394083023069 59.7760967890418 60.912785275777 62.049473762512 63.186162249247 64.3228507359821 65.4595392227171 66.3001294136048 66.2524247169495 66.2047200202943 66.157015323639 66.1093106269837 66.0616059303285 66.0139012336732 65.966196537018 65.6014599800112 65.1310461362205 64.6606322924298 64.1902184486391 63.7198046048484 63.2493907610577 62.778976917267 62.3647174199423 62.1189209620159 61.8731245040894 61.6273280461629 61.3815315882364 61.13573513031 60.8899386723835 60.644142214457 60.8002792358396 61.0903940836586 61.3805089314775 61.6706237792966 61.9607386271155 62.2508534749345 62.5409683227536 63.2817131678256 65.3743480046582 67.4669828414911 69.5596176783237
52.024161815643 53.4781584739683 54.9321551322934 56.3861517906185 57.8401484489439 59.0002299626666 60.0623397615218 61.1244495603772 62.1865593592324 63.2486691580876 64.310778956943 65.3728887557982 66.1332935227289 65.988583193885 65.8438728650412 65.6991625361973 65.5544522073535 65.4097418785096 65.2650315496658 65.1203212208219 64.7892082532249 64.39596107271 64.0027138921951 63.6094667116802 63.2162195311654 62.8229723506505 62.4297251701356 62.1262091106839 62.0918864144219 62.05756371816 62.023241021898 61.988918325636 61.9545956293741 61.9202729331121 61.8859502368501 62.1356913248695 62.4801203409828 62.824549357096 63.1689783732094 63.5134073893226 63.8578364054359 64.2022654215492 64.9450387106995 66.8828448189622 68.8206509272252 70.7584570354879
52.1266994158423 53.6546297391254 55.1825600624082 56.7104903856909 58.238420708974 59.3610516230263 60.3485827340017 61.3361138449773 62.3236449559528 63.3111760669282 64.2987071779038 65.2862382888792 65.966457631853 65.7247416708205 65.4830257097881 65.2413097487557 64.9995937877232 64.7578778266908 64.5161618656584 64.2744459046259 63.9769565264385 63.6608760091995 63.3447954919604 63.0287149747214 62.7126344574824 62.3965539402433 62.0804734230042 61.8877008014255 62.064851866828 62.2420029322306 62.4191539976331 62.5963050630356 62.7734561284382 62.9506071938407 63.1277582592432 63.4711034138995 63.869846598307 64.2685897827146 64.6673329671221 65.0660761515297 65.4648193359372 65.8635625203448 66.6083642535733 68.3913416332662 70.1743190129593 71.9572963926522
52.2292370160417 53.8311010042824 55.4329649925229 57.0348289807633 58.6366929690041 59.721873283386 60.6348257064817 61.5477781295775 62.4607305526732 63.3736829757688 64.2866353988646 65.1995878219603 65.7996217409771 65.460900147756 65.122178554535 64.783456961314 64.444735368093 64.106013774872 63.767292181651 63.42857058843 63.1647047996523 62.9257909456891 62.6868770917258 62.4479632377626 62.2090493837994 61.9701355298361 61.7312216758729 61.6491924921671 62.0378173192341 62.4264421463012 62.8150669733682 63.2036918004352 63.5923166275022 63.9809414545692 64.3695662816362 64.8065155029294 65.2595728556312 65.712630208333 66.1656875610348 66.6187449137366 67.0718022664384 67.5248596191403 68.2716897964471 69.8998384475701 71.5279870986933 73.1561357498163
52.3317746162411 54.0075722694395 55.6833699226376 57.3591675758358 59.0349652290342 60.0826949437457 60.9210686789616 61.7594424141777 62.5978161493936 63.4361898846094 64.2745636198255 65.1129373550414 65.6327858501012 65.1970586246915 64.761331399282 64.3256041738724 63.8898769484627 63.4541497230531 63.0184224976436 62.5826952722339 62.352453072866 62.1907058821786 62.0289586914911 61.8672115008037 61.7054643101163 61.5437171194289 61.3819699287415 61.4106841829087 62.0107827716402 62.6108813603718 63.2109799491033 63.8110785378348 64.4111771265663 65.0112757152978 65.6113743040293 66.1419275919594 66.6492991129554 67.1566706339515 67.6640421549476 68.1714136759437 68.6787851969397 69.1861567179359 69.935015339321 71.4083352618741 72.8816551844275 74.3549751069806
52.0274313608802 53.7320303599039 55.4366293589272 57.1412283579505 58.8458273569742 59.8611925443013 60.6468131277295 61.4324337111579 62.2180542945862 63.0036748780144 63.7892954614428 64.574916044871 65.0424246364172 64.5555972523161 64.0687698682151 63.5819424841141 63.0951151000131 62.6082877159121 62.1214603318111 61.63463294771 61.5419058799745 61.5805455843608 61.6191852887472 61.6578249931335 61.6964646975199 61.7351044019062 61.7737441062926 61.9828539848324 62.7033743858334 63.4238947868344 64.1444151878354 64.8649355888363 65.5854559898373 66.3059763908383 67.0264967918392 67.5583222071327 68.0272492938569 68.496176380581 68.9651034673053 69.4340305540295 69.9029576407536 70.3718847274779 71.0463518990407 72.3374393251203 73.6285267512001 74.9196141772797
51.316207249959 53.0044752756754 54.6927433013914 56.3810113271075 58.0692793528238 59.0573660850525 59.8120590527852 60.566752020518 61.3214449882508 62.0761379559835 62.8308309237163 63.585523891449 64.028538099925 63.5365160306297 63.0444939613345 62.5524718920393 62.060449822744 61.5684277534487 61.0764056841535 60.5843836148582 60.7330632209779 61.0953100522359 61.457556883494 61.8198037147521 62.1820505460102 62.5442973772683 62.9065442085264 63.3657018979386 64.1155921618139 64.8654824256893 65.6153726895646 66.3652629534399 67.1151532173153 67.8650434811906 68.6149337450658 69.0556993484494 69.3934233983355 69.7311474482215 70.0688714981077 70.4065955479937 70.7443195978798 71.0820436477659 71.605699475606 72.6871506373084 73.768601799011 74.8500529607135
50.6049831390378 52.2769201914468 53.9488572438556 55.6207942962644 57.2927313486734 58.2535396258036 58.9773049778408 59.7010703298781 60.4248356819153 61.1486010339525 61.8723663859898 62.596131738027 63.0146515634327 62.5174348089432 62.0202180544538 61.5230012999643 61.0257845454748 60.5285677909853 60.0313510364959 59.5341342820064 59.9242205619812 60.610074520111 61.2959284782409 61.9817824363707 62.6676363945005 63.3534903526304 64.0393443107602 64.748549811045 65.5278099377946 66.3070700645443 67.086330191294 67.8655903180436 68.6448504447933 69.424110571543 70.2033706982926 70.5530764897662 70.7595975028142 70.9661185158621 71.1726395289101 71.3791605419581 71.5856815550061 71.7922025680541 72.1650470521712 73.0368619494965 73.9086768468219 74.7804917441472
49.8937590281166 51.5493651072183 53.2049711863198 54.8605772654213 56.516183344523 57.4497131665547 58.1425509028964 58.8353886392382 59.5282263755798 60.2210641119215 60.9139018482632 61.6067395846049 62.0007650269405 61.4983535872567 60.995942147573 60.4935307078894 59.9911192682056 59.4887078285219 58.9862963888383 58.4838849491545 59.1153779029845 60.1248389879861 61.1343000729878 62.1437611579893 63.1532222429909 64.1626833279926 65.1721444129941 66.1313977241513 66.9400277137753 67.7486577033994 68.5572876930233 69.3659176826473 70.1745476722714 70.9831776618954 71.7918076515193 72.050453631083 72.1257716072928 72.2010895835027 72.2764075597126 72.3517255359225 72.4270435121323 72.5023614883422 72.7243946287365 73.3865732616846 74.0487518946328 74.710930527581
49.1825349171954 50.8218100229899 52.461085128784 54.1003602345782 55.7396353403727 56.6458867073059 57.3077968279521 57.9697069485983 58.6316170692444 59.2935271898906 59.9554373105368 60.6173474311829 60.9868784904483 60.4792723655703 59.9716662406924 59.4640601158145 58.9564539909365 58.4488478660586 57.9412417411807 57.4336356163027 58.306535243988 59.6396034558612 60.9726716677347 62.3057398796079 63.6388080914811 64.9718763033546 66.3049445152279 67.5142456372575 68.3522454897558 69.1902453422543 70.0282451947526 70.8662450472509 71.7042448997494 72.5422447522477 73.380244604746 73.5478307723996 73.4919457117714 73.4360606511432 73.380175590515 73.3242905298867 73.2684054692585 73.2125204086303 73.2837422053017 73.7362845738727 74.1888269424437 74.6413693110147
48.4713108062741 50.0942549387613 51.7171990712482 53.3401432037351 54.9630873362223 55.8420602480571 56.4730427530076 57.1040252579584 57.735007762909 58.3659902678596 58.9969727728103 59.6279552777609 59.972991953956 59.4601911438838 58.9473903338117 58.4345895237395 57.9217887136673 57.4089879035952 56.8961870935231 56.3833862834509 57.4976925849913 59.1543679237363 60.8110432624815 62.4677186012265 64.1243939399715 65.7810692787167 67.4377446174617 68.8970935503638 69.7644632657365 70.6318329811093 71.4992026964819 72.3665724118546 73.2339421272274 74.1013118426001 74.9686815579727 75.0452079137165 74.8581198162501 74.6710317187838 74.4839436213174 74.2968555238511 74.1097674263847 73.9226793289184 73.843089781867 74.0859958860608 74.3289019902547 74.5718080944485
