data/working_set_collections/6091692-Cassins_Sparrow-MC/1990/bio19.asc
NCOLS 265 
NROWS 230 
XLLCORNER -115.5625 
YLLCORNER 24.8333333333333 
CELLSIZE 0.0833333333333333 
NODATA_value -9999 
[rows 180 to 199 of 230, columns 184 to 229 of 265]
134.01327527364 140.374002032809 146.734728791977 152.467847188313 157.991762797037 163.515678405761 169.039594014485 174.563509623209 180.087425231933 185.611340840658 190.852010854085 195.242944081624 199.633877309164 204.024810536703 208.415743764241 212.806676991781 217.19761021932 221.588543446859 222.391962560019 221.999543635052 221.607124710084 221.214705785117 220.82228686015 220.429867935182 220.037449010215 220.686001120674 224.457466337416 228.228931554159 232.000396770902 235.771861987644 239.543327204387 243.314792421129 247.086257637872 253.480101013183 260.748070441351 268.016039869519 275.284009297688 282.551978725856 289.819948154024 297.087917582194 304.207824537488 310.883544074163 317.559263610839 324.234983147514 330.910702684189 337.586422220865
131.962141799926 138.117598851521 144.273055903116 149.676789855957 154.829949442545 159.983109029133 165.136268615722 170.289428202311 175.442587788899 180.595747375488 185.520278167725 189.758922576904 193.997566986084 198.236211395264 202.474855804443 206.713500213623 210.952144622803 215.190789031982 215.895159530641 215.421438725791 214.94771792094 214.47399711609 214.00027631124 213.52655550639 213.052834701539 213.69447186788 217.682182947795 221.66989402771 225.657605107625 229.645316187541 233.633027267456 237.620738347371 241.608449427287 248.248573303222 255.772834777831 263.29709625244 270.82135772705 278.345619201659 285.869880676268 293.394142150878 300.71002960205 307.400794982909 314.091560363769 320.782325744628 327.473091125487 334.163856506347
129.911008326212 135.861195670233 141.811383014254 146.8857325236 151.668136088053 156.450539652506 161.232943216959 166.015346781412 170.797750345865 175.580153910319 180.188545481364 184.274901072184 188.361256663005 192.447612253825 196.533967844645 200.620323435466 204.706679026286 208.793034617106 209.398356501262 208.843333816529 208.288311131796 207.733288447063 207.17826576233 206.623243077597 206.068220392864 206.702942615085 210.906899558173 215.110856501262 219.314813444349 223.518770387437 227.722727330526 231.926684273614 236.130641216702 243.017045593261 250.797599114311 258.578152635361 266.358706156412 274.139259677462 281.919813198512 289.700366719563 297.212234666611 303.918045891654 310.623857116699 317.329668341742 324.035479566785 330.741290791829
127.859874852498 133.604792488945 139.349710125392 144.094675191243 148.506322733561 152.917970275878 157.329617818197 161.741265360514 166.152912902832 170.56456044515 174.856812795003 178.790879567464 182.724946339926 186.659013112386 190.593079884847 194.527146657308 198.461213429769 202.39528020223 202.901553471885 202.265228907269 201.628904342653 200.992579778037 200.356255213421 199.719930648805 199.083606084189 199.711413362291 204.131616168552 208.551818974813 212.972021781074 217.392224587335 221.812427393596 226.232630199856 230.652833006117 237.7855178833 245.822363450791 253.859209018282 261.896054585774 269.932900153265 277.969745720756 286.006591288248 293.714439731173 300.4352968004 307.156153869628 313.877010938856 320.597868008083 327.318725077311
125.808741378784 131.348389307657 136.88803723653 141.303617858886 145.344509379069 149.385400899251 153.426292419434 157.467183939616 161.508075459798 165.548966979981 169.525080108643 173.306858062744 177.088636016846 180.870413970947 184.652191925049 188.433969879151 192.215747833252 195.997525787354 196.404750442506 195.687123998007 194.969497553509 194.25187110901 193.534244664511 192.816618220013 192.098991775514 192.719884109497 197.356332778931 201.992781448365 206.629230117798 211.265678787231 215.902127456665 220.538576126099 225.175024795532 232.553990173339 240.847127787271 249.140265401203 257.433403015136 265.726540629068 274.019678243 282.312815856933 290.216644795735 296.952547709146 303.688450622558 310.424353535969 317.16025644938 323.896159362792
123.757607905069 129.091986126369 134.426364347669 138.51256052653 142.182696024576 145.852831522623 149.52296702067 153.193102518717 156.863238016764 160.533373514811 164.193347422282 167.822836558024 171.452325693766 175.081814829508 178.71130396525 182.340793100993 185.970282236735 189.599771372477 189.907947413128 189.109019088746 188.310090764365 187.511162439983 186.712234115602 185.91330579122 185.114377466839 185.728354856703 190.581049389309 195.433743921916 200.286438454522 205.139132987128 209.991827519735 214.844522052341 219.697216584947 227.322462463378 235.871892123751 244.421321784124 252.970751444498 261.520181104871 270.069610765243 278.619040425618 286.718849860296 293.469798617891 300.220747375488 306.971696133083 313.722644890678 -9999
121.054983965556 126.20240328047 131.349822595384 135.272151756287 138.786117532518 142.300083308749 145.814049084981 149.328014861213 152.841980637444 156.355946413676 159.909494569566 163.581789864434 167.254085159302 170.926380454169 174.598675749036 178.270971043904 181.943266338772 185.615561633639 185.857899602255 184.956918462118 184.055937321981 183.154956181845 182.253975041708 181.352993901571 180.452012761435 181.023252105712 186.011152903238 190.999053700765 195.98695449829 200.974855295816 205.962756093343 210.950656890868 215.938557688394 223.702328364053 232.39138899909 241.080449634126 249.769510269164 258.4585709042 267.147631539237 275.836692174275 284.103935665553 291.105727725557 298.107519785562 305.109311845566 312.11110390557 319.112895965575
117.700869560241 122.679640769958 127.658411979675 131.582391548157 135.154773902893 138.727156257629 142.299538612366 145.871920967102 149.444303321838 153.016685676575 156.673521550496 160.583717981974 164.493914413452 168.40411084493 172.314307276407 176.224503707885 180.134700139363 184.044896570841 184.254607009888 183.230822118124 182.20703722636 181.183252334595 180.159467442831 179.135682551067 178.111897659302 178.604575856526 183.646643320718 188.688710784912 193.730778249104 198.772845713296 203.81491317749 208.856980641682 213.899048105875 221.693587875365 230.405618413288 239.11764895121 247.829679489135 256.541710027057 265.25374056498 273.965771102904 282.371902211506 289.860335032143 297.348767852782 304.83720067342 312.325633494057 -9999
114.346755154927 119.156878259446 123.967001363965 127.892631340027 131.523430273268 135.154229206509 138.78502813975 142.415827072991 146.046626006232 149.677424939473 153.437548531426 157.585646099514 161.733743667602 165.88184123569 170.029938803778 174.178036371866 178.326133939954 182.474231508042 182.651314417522 181.50472577413 180.358137130738 179.211548487346 178.064959843954 176.918371200562 175.77178255717 176.18589960734 181.282133738199 186.378367869059 191.474601999918 196.570836130777 201.667070261637 206.763304392496 211.859538523355 219.684847386677 228.419847827486 237.154848268295 245.889848709105 254.624849149914 263.359849590723 272.094850031534 280.639868757458 288.614942338729 296.590015920002 304.565089501273 312.540163082544 -9999
110.992640749613 115.634115748935 120.275590748257 124.202871131897 127.892086643643 131.581302155388 135.270517667135 138.95973317888 142.648948690626 146.338164202372 150.201575512356 154.587574217054 158.973572921753 163.359571626451 167.745570331149 172.131569035848 176.517567740546 180.903566445244 181.048021825155 179.778629430136 178.509237035116 177.239844640097 175.970452245077 174.701059850058 173.431667455038 173.767223358154 178.917624155679 184.068024953206 189.218425750732 194.368826548257 199.519227345784 204.66962814331 209.820028940836 217.676106897989 226.434077241684 235.192047585379 243.950017929076 252.707988272771 261.465958616467 270.223928960163 278.907835303411 287.369549645316 295.831263987222 -9999 -9999 -9999
107.638526344299 112.111353238423 116.584180132547 120.513110923767 124.260743014018 128.008375104268 131.756007194519 135.503639284769 139.25127137502 142.998903465271 146.965602493286 151.589502334594 156.213402175903 160.837302017211 165.46120185852 170.085101699829 174.709001541137 179.332901382445 179.444729232789 178.052533086142 176.660336939495 175.268140792847 173.8759446462 172.483748499553 171.091552352906 171.348547108967 176.55311457316 181.757682037353 186.962249501545 192.166816965738 197.371384429931 202.575951894124 207.780519358316 215.667366409301 224.448306655882 233.229246902464 242.010187149047 250.791127395628 259.57206764221 268.353007888793 277.175801849364 286.124156951902 -9999 -9999 -9999 -9999
104.284411938985 108.588590727912 112.892769516838 116.823350715637 120.629399384392 124.435448053147 128.241496721903 132.047545390659 135.853594059414 139.65964272817 143.729629474215 148.591430452134 153.453231430053 158.315032407972 163.17683338589 168.03863436381 172.900435341728 177.762236319647 177.841436640422 176.326436742147 174.811436843873 173.296436945598 171.781437047323 170.266437149049 168.751437250774 168.929870859781 174.18860499064 179.4473391215 184.706073252359 189.964807383218 195.223541514078 200.482275644937 205.741009775796 213.658625920612 222.46253607008 231.266446219548 240.070356369017 248.874266518485 -9999 -9999 -9999 -9999 -9999 -9999 -9999 -9999
101.306961949666 105.433870315551 109.560778681437 113.579856681824 117.562991227044 121.546125772264 125.529260317484 129.512394862704 133.495529407924 137.478663953145 141.717211278279 146.721996943155 151.726782608031 156.731568272908 161.736353937784 166.74113960266 171.745925267536 176.750710932412 176.878636042277 175.380940967136 173.883245891995 172.385550816854 170.887855741713 169.390160666572 167.892465591431 168.036318461099 173.1048151652 178.173311869303 183.241808573404 188.310305277505 193.378801981608 198.447298685709 203.51579538981 211.304126358031 219.999068747625 228.694011137219 237.388953526814 246.083895916408 -9999 -9999 -9999 -9999 -9999 -9999 -9999 -9999
98.7061763763425 102.647192001342 106.588207626342 110.782628822326 115.061518541971 119.340408261616 123.619297981262 127.898187700907 132.177077420552 136.455967140197 140.928347905476 145.981201807657 151.034055709838 156.086909612019 161.1397635142 166.192617416381 171.245471318562 176.298325220742 176.556327438355 175.216045761109 173.875764083863 172.535482406616 171.19520072937 169.854919052124 168.514637374878 168.667889912922 173.301745096841 177.935600280761 182.56945546468 187.203310648599 191.837165832519 196.471021016438 201.104876200357 208.603867721557 217.057904688516 225.511941655475 233.965978622436 -9999 -9999 -9999 -9999 -9999 -9999 -9999 -9999 -9999
96.1053908030189 99.8605136871333 103.615636571248 107.985400962829 112.560045856899 117.134690750969 121.709335645039 126.283980539109 130.858625433179 135.43327032725 140.139484532673 145.240406672158 150.341328811645 155.44225095113 160.543173090616 165.644095230102 170.745017369587 175.845939509073 176.234018834432 175.051150555081 173.86828227573 172.685413996379 171.502545717028 170.319677437677 169.136809158325 169.299461364745 173.498675028482 177.697888692219 181.897102355956 186.096316019693 190.295529683431 194.494743347167 198.693957010904 205.903609085082 214.116740629407 222.329872173731 -9999 -9999 -9999 -9999 -9999 -9999 -9999 -9999 -9999 -9999
93.5046052296955 97.0738353729245 100.643065516154 105.188173103332 110.058573171827 114.928973240322 119.799373308817 124.669773377312 129.540173445806 134.410573514302 139.35062115987 144.49961153666 149.648601913451 154.797592290241 159.946582667032 165.095573043822 170.244563420613 175.393553797403 175.91171023051 174.886255349054 173.860800467597 172.835345586141 171.809890704685 170.784435823229 169.758980941773 169.931032816568 173.695604960123 177.460177103678 181.224749247232 184.989321390787 188.753893534342 192.518465677897 196.283037821451 203.203350448608 211.175576570298 -9999 -9999 -9999 -9999 -9999 -9999 -9999 -9999 -9999 -9999 -9999
90.9038196563719 94.2871570587155 97.6704944610591 102.390945243835 107.557100486755 112.723255729674 117.889410972595 123.055566215514 128.221721458434 133.387876701354 138.561757787068 143.758816401162 148.955875015258 154.152933629353 159.349992243448 164.547050857543 169.744109471638 174.941168085733 175.589401626587 174.721360143026 173.853318659465 172.985277175903 172.117235692342 171.249194208781 170.38115272522 170.562604268391 173.892534891763 177.222465515136 180.552396138508 183.882326761881 187.212257385254 190.542188008626 193.872118631998 200.503091812133 208.234412511189 -9999 223.697053909301 -9999 -9999 -9999 -9999 -9999 -9999 -9999 -9999 -9999
88.3030340830483 91.5004787445065 94.6979234059647 99.5937173843378 105.055627801682 110.517538219027 115.979448636372 121.441359053717 126.903269471061 132.365179888407 137.772894414265 143.018021265664 148.263148117065 153.508274968464 158.753401819863 163.998528671264 169.243655522663 174.488782374063 175.267093022665 174.556464936998 173.845836851332 173.135208765666 172.42458068 171.713952594333 171.003324508667 171.194175720214 174.089464823404 176.984753926595 179.880043029785 182.775332132975 185.670621236165 188.565910339355 191.461199442545 197.802833175658 205.293248452079 -9999 -9999 -9999 -9999 -9999 -9999 -9999 -9999 -9999 -9999 -9999
86.0153525670368 89.0331684748329 92.050984382629 96.9848360697424 102.557366349961 108.12989663018 113.7024269104 119.274957190619 124.847487470838 130.420017751058 135.88246406979 141.014658504061 146.146852938334 151.279047372606 156.411241806877 161.54343624115 166.675630675422 171.807825109693 172.678765869142 172.12928873698 171.579811604819 171.030334472657 170.480857340496 169.931380208334 169.381903076173 169.600887976753 172.125258975559 174.649629974366 177.174000973172 179.698371971978 182.222742970785 184.747113969591 187.271484968398 193.351988220215 200.617868889702 207.88374955919 -9999 -9999 -9999 -9999 -9999 -9999 -9999 -9999 -9999 -9999
84.0407751083373 86.8852262496945 89.7296773910518 94.5643013000483 100.062316131591 105.560330963134 111.058345794677 116.55636062622 122.054375457763 127.552390289306 132.890466753641 137.748728116353 142.606989479065 147.465250841776 152.323512204487 157.1817735672 162.040034929911 166.898296292622 167.824420166017 167.43983154297 167.055242919923 166.670654296876 166.286065673829 165.901477050782 165.516888427735 165.782741038005 167.999917348226 170.217093658448 172.434269968669 174.65144627889 176.868622589112 179.085798899333 181.302975209554 187.150556945801 194.208273824055 -9999 -9999 -9999 -9999 -9999 -9999 -9999 -9999 -9999 -9999 -9999
