data/working_set_collections/6091692-Cassins_Sparrow-MC/1990/bio18.asc
NCOLS 265 
NROWS 230 
XLLCORNER -115.5625 
YLLCORNER 24.8333333333333 
CELLSIZE 0.0833333333333333 
NODATA_value -9999 
[rows 100 to 119 of 230, columns 46 to 91 of 265]
97.673542594909 95.6054148991897 93.53728720347 91.4691595077507 89.4010318120314 87.3329041163117 84.9942801475518 82.5654907544449 80.1367013613377 77.7079119682308 75.2791225751239 72.8503331820166 70.4215437889098 68.6016144116715 68.608265082041 68.6149157524105 68.62156642278 68.6282170931495 68.6348677635189 68.6415184338885 68.648169104258 70.34285621643 72.6002221425367 74.8575880686437 77.1149539947503 79.3723199208569 81.6296858469639 83.8870517730706 86.2772551218659 89.0659707387282 91.85468635559 94.6434019724518 97.4321175893141 100.220833206176 103.009548823038 105.7982644399 107.060999298095 107.815073903401 108.569148508707 109.323223114013 110.077297719319 110.831372324625 111.585446929931 112.154664675394 112.169311841329 112.183959007263
103.482984352111 101.610890218946 99.7387960857809 97.8667019526158 95.9946078194507 94.1225136862853 91.4379742622371 88.4826197412277 85.5272652202178 82.5719106992084 79.616556178199 76.661201657189 73.7058471361796 71.4466232405765 71.2757912211944 71.1049592018124 70.9341271824304 70.7632951630484 70.5924631436663 70.4216311242843 70.2507991049023 71.9397258758539 74.2485722435838 76.5574186113141 78.866264979044 81.1751113467738 83.4839577145041 85.792804082234 88.2260579003219 91.0325340694845 93.8390102386467 96.6454864078089 99.4519625769715 102.258438746134 105.064914915296 107.871391084458 109.169587961832 109.965025075276 110.76046218872 111.555899302164 112.351336415608 113.146773529052 113.942210642496 114.503793525695 114.36381371816 114.223833910624
109.135657183329 107.387133979797 105.638610776265 103.890087572733 102.141564369201 100.393041165669 97.5918693542479 94.4398146735298 91.2877599928111 88.1357053120929 84.9836506313748 81.8315959506561 78.6795412699379 76.2163821962138 75.819909943474 75.4234376907342 75.0269654379945 74.6304931852547 74.2340209325149 73.8375486797752 73.4410764270354 75.0459774653108 77.318002933925 79.5900284025397 81.8620538711539 84.1340793397682 86.4061048083828 88.678130276997 91.0756775326188 93.8497901492641 96.623902765909 99.3980153825538 102.172127999199 104.946240615844 107.720353232489 110.494465849134 111.792703564961 112.598982980516 113.40526239607 114.211541811625 115.017821227179 115.824100642734 116.630380058288 117.173399649726 116.926639768812 116.679879887898
114.631561088561 112.934146181742 111.236731274922 109.539316368102 107.841901461283 106.144486554463 103.455965423583 100.437075551351 97.4181856791171 94.3992958068842 91.3804059346513 88.3615160624178 85.3426261901849 82.9108912785838 82.24062124888 81.5703512191763 80.9000811894726 80.2298111597688 79.5595411300651 78.8892711003614 78.2190010706576 79.6616109848011 81.8085142135608 83.9554174423208 86.1023206710804 88.2492238998401 90.3961271286001 92.5430303573598 94.8261140187569 97.5177389780671 100.209363937377 102.900988896687 105.592613855997 108.284238815307 110.975863774616 113.667488733927 114.930346107482 115.71694761912 116.503549130757 117.290150642394 118.076752154032 118.863353665669 119.649955177306 120.163483047485 119.857789993286 119.552096939086
120.127464993794 118.481158383687 116.834851773579 115.188545163472 113.542238553365 111.895931943257 109.32006149292 106.434336429172 103.548611365424 100.662886301676 97.7771612379284 94.8914361741802 92.0057111104325 89.6054003609544 88.6613325542866 87.7172647476189 86.7731969409513 85.8291291342834 84.8850613276158 83.9409935209481 82.9969257142803 84.2772445042918 86.2990254931969 88.3208064821023 90.3425874710073 92.3643684599124 94.3861494488178 96.4079304377229 98.5765505048953 101.18568780687 103.794825108845 106.40396241082 109.013099712795 111.62223701477 114.231374316744 116.840511618719 118.067988650003 118.834912257724 119.601835865444 120.368759473164 121.135683080885 121.902606688605 122.669530296325 123.153566445244 122.788940217759 122.424313990275
125.623368899027 124.028170585632 122.432972272237 120.837773958842 119.242575645446 117.647377332051 115.184157562256 112.431597306993 109.67903705173 106.926476796468 104.173916541205 101.421356285942 98.66879603068 96.299909443325 95.0820438596931 93.8641782760615 92.6463126924299 91.428447108798 90.2105815251664 88.9927159415348 87.774850357903 88.8928780237825 90.789536772833 92.6861955218838 94.5828542709343 96.4795130199847 98.3761717690355 100.272830518086 102.326986991034 104.853636635674 107.380286280313 109.906935924953 112.433585569593 114.960235214233 117.486884858872 120.013534503512 121.205631192525 121.952876896328 122.700122600131 123.447368303934 124.194614007737 124.941859711541 125.689105415344 126.143649843004 125.720090442233 125.296531041463
131.11927280426 129.575182787577 128.031092770894 126.487002754211 124.942912737528 123.398822720845 121.048253631591 118.428858184814 115.809462738036 113.190067291259 110.570671844482 107.951276397704 105.331880950927 102.994418525695 101.502755165099 100.011091804504 98.519428443908 97.0277650833122 95.5361017227166 94.044438362121 92.5527750015252 93.5085115432728 95.2800480524687 97.0515845616649 98.8231210708608 100.594657580057 102.366194089253 104.137730598449 106.077423477172 108.521585464477 110.965747451781 113.409909439086 115.854071426391 118.298233413695 120.742395401 123.186557388305 124.343273735046 125.070841534932 125.798409334818 126.525977134704 127.25354493459 127.981112734476 128.708680534362 129.133733240763 128.651240666707 128.168748092651
136.615176709492 135.122194989522 133.629213269551 132.13623154958 130.64324982961 129.150268109639 126.912349700927 124.426119062635 121.939888424343 119.453657786051 116.967427147759 114.481196509467 111.994965871175 109.688927608066 107.923466470506 106.158005332946 104.392544195387 102.627083057827 100.861621920267 99.0961607827077 97.3306996451479 98.1241450627635 99.7705593321048 101.416973601446 103.063387870788 104.709802140129 106.356216409471 108.002630678812 109.82785996331 112.18953429328 114.551208623249 116.912882953219 119.274557283189 121.636231613158 123.997905943128 126.359580273098 127.480916277567 128.188806173536 128.896696069505 129.604585965474 130.312475861443 131.020365757412 131.728255653381 132.123816638522 131.582390891181 131.040965143839
139.177787653605 137.970589065552 136.763390477498 135.556191889445 134.348993301392 133.141794713338 131.245313962301 129.119072490268 126.992831018236 124.866589546203 122.740348074171 120.614106602139 118.487865130106 116.423719872368 114.545863257514 112.668006642659 110.790150027805 108.91229341295 107.034436798095 105.156580183241 103.278723568386 103.923706118265 105.409635056389 106.895563994513 108.381492932637 109.86742187076 111.353350808884 112.839279747008 114.512166765 116.745928022596 118.979689280191 121.213450537786 123.447211795382 125.680973052978 127.914734310573 130.148495568169 131.196400960286 131.84902106391 132.501641167534 133.154261271158 133.806881374782 134.459501478407 135.112121582031 135.458956654866 134.888436635335 134.317916615804
138.807105636597 138.120365015666 137.433624394735 136.746883773804 136.060143152873 135.373402531941 134.04714641571 132.507718467712 130.968290519714 129.428862571716 127.889434623718 126.350006675719 124.810578727721 123.198795318603 121.369945526122 119.541095733642 117.712245941161 115.883396148681 114.0545463562 112.22569656372 110.396846771239 110.907194709776 112.19727522532 113.487355740864 114.777436256407 116.067516771951 117.357597287495 118.647677803038 120.130343882241 122.190766652424 124.251189422606 126.311612192788 128.372034962971 130.432457733153 132.492880503335 134.553303273518 135.489727783202 136.051486206054 136.613244628906 137.175003051757 137.736761474609 138.29851989746 138.860278320312 139.139153289794 138.569377899169 137.999602508544
138.436423619588 138.27014096578 138.103858311971 137.937575658162 137.771293004354 137.605010350545 136.84897886912 135.896364445156 134.943750021192 133.991135597229 133.038521173265 132.085906749301 131.133292325337 129.973870764838 128.194027794731 126.414184824625 124.634341854519 122.854498884412 121.074655914306 119.2948129442 117.514969974093 117.890683301289 118.984915394252 120.079147487215 121.173379580179 122.267611673142 123.361843766106 124.456075859069 125.748520999483 127.635605282253 129.522689565022 131.409773847791 133.29685813056 135.183942413329 137.071026696098 138.958110978867 139.783054606119 140.253951348198 140.724848090277 141.195744832356 141.666641574435 142.137538316514 142.608435058593 142.819349924723 142.250319163004 141.681288401285
138.06574160258 138.419916915893 138.774092229207 139.128267542521 139.482442855835 139.836618169148 139.65081132253 139.2850104226 138.919209522671 138.553408622741 138.187607722812 137.821806822882 137.456005922953 136.748946211073 135.01811006334 133.287273915608 131.556437767876 129.825601620144 128.094765472412 126.363929324679 124.633093176947 124.874171892801 125.772555563184 126.670939233567 127.56932290395 128.467706574333 129.366090244716 130.264473915099 131.366698116725 133.080443912081 134.794189707437 136.507935502793 138.221681298149 139.935427093505 141.649172888861 143.362918684217 144.076381429036 144.456416490342 144.836451551649 145.216486612955 145.596521674262 145.976556735568 146.356591796875 146.499546559651 145.931260426839 145.362974294026
137.695059585571 138.569692866007 139.444326146443 140.31895942688 141.193592707316 142.068225987752 142.452643775939 142.673656400044 142.894669024149 143.115681648254 143.336694272358 143.557706896463 143.778719520568 143.524021657307 141.842192331949 140.160363006591 138.478533681233 136.796704355875 135.114875030517 133.433045705159 131.7512163798 131.857660484313 132.560195732115 133.262730979918 133.965266227721 134.667801475524 135.370336723327 136.072871971129 136.984875233967 138.52528254191 140.065689849852 141.606097157795 143.146504465738 144.686911773681 146.227319081623 147.767726389566 148.369708251952 148.658881632486 148.94805501302 149.237228393554 149.526401774088 149.815575154622 150.104748535156 150.17974319458 149.612201690673 149.044660186767
137.324377568563 138.719468816121 140.11456006368 141.509651311238 142.904742558797 144.299833806355 145.254476229349 146.062302377488 146.870128525627 147.677954673766 148.485780821905 149.293606970044 150.101433118183 150.299097103542 148.666274600558 147.033452097574 145.40062959459 143.767807091606 142.134984588622 140.502162085638 138.869339582654 138.841149075825 139.347835901047 139.85452272627 140.361209551492 140.867896376715 141.374583201937 141.88127002716 142.603052351209 143.970121171738 145.337189992268 146.704258812797 148.071327633327 149.438396453857 150.805465274386 152.172534094916 152.663035074869 152.86134677463 153.059658474392 153.257970174153 153.456281873914 153.654593573676 153.852905273437 153.859939829508 153.293142954508 152.726346079508
135.539192708333 137.398101128472 139.257009548611 141.11591796875 142.974826388889 144.833734809028 146.21421178182 147.435211605496 148.656211429172 149.877211252848 151.098211076524 152.319210900201 153.540210723877 154.109156248305 152.721938874986 151.334721501668 149.94750412835 148.560286755032 147.173069381714 145.785852008396 144.398634635077 144.370112991332 144.794489924112 145.218866856892 145.643243789672 146.067620722452 146.491997655232 146.916374588012 147.550030348035 148.811522589789 150.073014831542 151.334507073296 152.595999315049 153.857491556803 155.118983798556 156.38047604031 156.823497899373 156.993696297539 157.163894695705 157.334093093872 157.504291492038 157.674489890204 157.84468828837 157.826728439331 157.244293848673 156.661859258016
132.339505004883 134.60558980306 136.871674601237 139.137759399414 141.403844197591 143.669928995768 145.33185043335 146.792384084066 148.252917734782 149.713451385498 151.173985036214 152.63451868693 154.095052337646 154.954199091593 154.009185155233 153.064171218872 152.119157282511 151.17414334615 150.22912940979 149.284115473429 148.339101537068 148.444552230834 148.900157801309 149.355763371785 149.81136894226 150.266974512735 150.72258008321 151.178185653686 151.825809224446 153.04948679606 154.273164367675 155.496841939289 156.720519510904 157.944197082519 159.167874654133 160.391552225748 160.851096725463 161.055930201212 161.260763676961 161.465597152709 161.670430628458 161.875264104207 162.080097579955 162.080109024047 161.465654373168 160.851199722289
129.139817301432 131.813078477647 134.486339653863 137.159600830078 139.832862006293 142.506123182509 144.449489084879 146.149556562635 147.849624040392 149.549691518148 151.249758995903 152.94982647366 154.649893951416 155.799241934882 155.296431435479 154.793620936076 154.290810436672 153.787999937269 153.285189437866 152.782378938463 152.279568439059 152.518991470336 153.005825678507 153.492659886677 153.979494094848 154.466328303018 154.953162511189 155.43999671936 156.101588100856 157.287451002332 158.473313903808 159.659176805283 160.845039706759 162.030902608235 163.21676550971 164.402628411186 164.878695551554 165.118164104885 165.357632658216 165.597101211547 165.836569764878 166.07603831821 166.315506871541 166.333489608764 165.687014897664 165.040540186564
125.940129597982 129.020567152235 132.101004706489 135.181442260742 138.261879814995 141.342317369249 143.567127736409 145.506729041205 147.446330346001 149.385931650797 151.325532955593 153.265134260389 155.204735565185 156.644284778171 156.583677715725 156.523070653279 156.462463590834 156.401856528388 156.341249465942 156.280642403496 156.22003534105 156.593430709838 157.111493555704 157.62955640157 158.147619247436 158.665682093302 159.183744939168 159.701807785034 160.377366977267 161.525415208604 162.673463439941 163.821511671277 164.969559902614 166.117608133951 167.265656365288 168.413704596625 168.906294377644 169.180398008558 169.454501639472 169.728605270385 170.002708901299 170.276812532212 170.550916163126 170.586870193481 169.908375422159 169.229880650838
122.740441894531 126.228055826823 129.715669759115 133.203283691406 136.690897623697 140.178511555989 142.684766387939 144.863901519775 147.043036651611 149.222171783447 151.401306915283 153.580442047119 155.759577178955 157.48932762146 157.870923995971 158.252520370483 158.634116744995 159.015713119506 159.397309494018 159.77890586853 160.160502243041 160.66786994934 161.217161432901 161.766452916462 162.315744400024 162.865035883585 163.414327367146 163.963618850707 164.653145853677 165.763379414875 166.873612976073 167.983846537271 169.094080098469 170.204313659667 171.314547220865 172.424780782063 172.933893203735 173.242631912231 173.551370620727 173.860109329223 174.168848037719 174.477586746215 174.786325454711 174.840250778198 174.129735946655 173.419221115112
119.540754191081 123.43554450141 127.33033481174 131.22512512207 135.1199154324 139.01470574273 141.802405039469 144.221073998345 146.639742957221 149.058411916097 151.477080874972 153.895749833848 156.314418792724 158.334370464749 159.158170276218 159.981970087687 160.805769899156 161.629569710625 162.453369522094 163.277169333563 164.100969145032 164.742309188842 165.322829310099 165.903349431355 166.483869552612 167.064389673868 167.644909795125 168.225429916381 168.928924730088 170.001343621147 171.073762512206 172.146181403265 173.218600294324 174.291019185383 175.363438076442 176.435856967501 176.961492029825 177.304865815904 177.648239601982 177.991613388061 178.334987174139 178.678360960218 179.021734746297 179.093631362915 178.35109647115 177.608561579386
