data/working_set_collections/6091692-Cassins_Sparrow-MC/1990/bio12.asc
NCOLS 265 
NROWS 230 
XLLCORNER -115.5625 
YLLCORNER 24.8333333333333 
CELLSIZE 0.0833333333333333 
NODATA_value -9999 
[rows 80 to 99 of 230, columns 46 to 91 of 265]
277.074712498985 268.440699810454 259.806687121922 251.172674433392 242.538661744862 233.90464905633 232.587571461996 233.709472232395 234.831373002794 235.953273773194 237.075174543593 238.197075313992 239.318976084392 240.924797566732 243.982381184896 247.03996480306 250.097548421224 253.155132039389 256.212715657553 259.270299275716 262.327882893881 270.181915156046 279.63476363288 289.087612109715 298.540460586548 307.993309063381 317.446157540216 326.89900601705 337.770396847194 352.897414737278 368.02443262736 383.151450517442 398.278468407526 413.405486297608 428.53250418769 443.659522077774 455.524663543703 466.302512868246 477.080362192792 487.858211517336 498.63606084188 509.413910166425 520.191759490969 529.998358578155 536.891206953264 543.784055328372
273.96466890971 265.641981972591 257.319295035469 248.99660809835 240.67392116123 232.351234224109 230.749669138591 231.388478003608 232.027286868625 232.666095733643 233.30490459866 233.943713463678 234.582522328695 235.743609619141 238.471532185873 241.199454752604 243.927377319336 246.655299886068 249.3832224528 252.111145019531 254.839067586264 261.664927800496 269.856767230563 278.048606660631 286.240446090698 294.432285520765 302.624124950834 310.8159643809 320.579897138806 335.060109880236 349.540322621663 364.02053536309 378.50074810452 392.980960845947 407.461173587374 421.941386328804 432.789157867433 442.426115671794 452.063073476157 461.700031280519 471.33698908488 480.973946889244 490.610904693605 499.861595238581 507.953484005401 516.045372772219
270.854625320436 262.843264134727 254.831902949017 246.820541763307 238.809180577598 230.797819391888 228.911766815186 229.067483774821 229.223200734457 229.378917694092 229.534634653728 229.690351613363 229.846068572999 230.56242167155 232.96068318685 235.358944702149 237.757206217448 240.155467732748 242.553729248048 244.951990763347 247.350252278647 253.147940444947 260.078770828247 267.009601211549 273.94043159485 280.87126197815 287.802092361452 294.732922744752 303.38939743042 317.222805023195 331.056212615968 344.88962020874 358.723027801515 372.556435394288 386.389842987061 400.223250579836 410.053652191165 418.549718475344 427.045784759525 435.541851043704 444.037917327884 452.533983612064 461.030049896244 469.72483189901 479.01576105754 488.306690216068
267.744581731162 260.044546296864 252.344510862564 244.644475428265 236.944439993966 229.244404559666 227.073864491781 226.746489546034 226.419114600288 226.091739654542 225.764364708795 225.436989763049 225.109614817302 225.381233723959 227.449834187826 229.518434651693 231.58703511556 233.655635579428 235.724236043295 237.792836507162 239.861436971029 244.630953089396 250.300774425931 255.970595762466 261.640417099 267.310238435534 272.980059772069 278.649881108603 286.198897722032 299.385500166152 312.572102610271 325.758705054389 338.945307498509 352.131909942628 365.318512386746 378.505114830866 387.318146514895 394.673321278892 402.02849604289 409.383670806887 416.738845570884 424.094020334883 431.44919509888 439.588068559437 450.078038109676 460.568007659914
267.424212265016 259.865392515396 252.306572765775 244.747753016155 237.188933266535 229.630113516914 227.275568262736 226.655781173706 226.035994084676 225.416206995646 224.796419906616 224.176632817586 223.556845728556 223.581659868028 225.540277693006 227.498895517985 229.457513342963 231.416131167941 233.374748992919 235.333366817898 237.291984642876 241.418219502766 246.266993374293 251.115767245822 255.964541117349 260.813314988877 265.662088860405 270.510862731933 277.24619403415 289.641197628444 302.036201222736 314.431204817028 326.826208411322 339.221212005614 351.616215599906 364.0112191942 371.775679270426 377.99662484063 384.217570410835 390.438515981039 396.659461551242 402.880407121447 409.101352691651 416.430586920844 427.084687127008 437.738787333171
269.893516921998 262.305802790325 254.718088658651 247.130374526978 239.542660395306 231.954946263632 229.516878128052 228.795358657837 228.073839187622 227.352319717407 226.630800247192 225.909280776977 225.187761306763 225.163700103759 227.232013702392 229.300327301025 231.368640899657 233.43695449829 235.505268096923 237.573581695556 239.641895294189 243.509739685057 247.977427673339 252.44511566162 256.912803649901 261.380491638182 265.848179626464 270.315867614745 276.531286366778 287.989897410074 299.448508453368 310.907119496661 322.365730539957 333.824341583251 345.282952626545 356.74156366984 363.426250457764 368.519629160564 373.613007863364 378.706386566163 383.799765268963 388.893143971763 393.986522674562 400.252386983236 410.03570810954 419.819029235841
272.36282157898 264.746213065255 257.129604551528 249.512996037802 241.896387524076 234.279779010349 231.758187993367 230.934936141968 230.111684290568 229.288432439168 228.465180587768 227.641928736369 226.818676884969 226.74574033949 228.923749711778 231.101759084065 233.279768456352 235.45777782864 237.635787200927 239.813796573214 241.991805945502 245.601259867349 249.687861972384 253.774464077419 257.861066182454 261.947668287488 266.034270392523 270.120872497558 275.816378699406 286.338597191704 296.860815683999 307.383034176295 317.905252668592 328.427471160888 338.949689653183 349.471908145481 355.076821645101 359.042633480496 363.008445315892 366.974257151287 370.940068986682 374.905880822077 378.871692657472 384.074187045627 392.98672909207 401.89927113851
274.832126235963 267.186623340184 259.541120444404 251.895617548626 244.250114652847 236.604611757067 233.999497858683 233.074513626099 232.149529393514 231.224545160929 230.299560928345 229.37457669576 228.449592463175 228.327780575222 230.615485721164 232.903190867106 235.190896013047 237.478601158989 239.766306304931 242.054011450873 244.341716596815 247.692780049641 251.398296271429 255.103812493218 258.809328715006 262.514844936794 266.220361158582 269.92587738037 275.101471032035 284.687296973334 294.273122914631 303.858948855928 313.444774797227 323.030600738524 332.616426679822 342.202252621121 346.727392832439 349.565637800429 352.40388276842 355.24212773641 358.080372704401 360.918617672392 363.756862640382 367.895987108019 375.9377500746 383.979513041179
277.301430892945 269.627033615114 261.952636337281 254.278239059449 246.603841781618 238.929444503785 236.240807723999 235.214091110229 234.18737449646 233.16065788269 232.133941268921 231.107224655151 230.080508041382 229.909820810953 232.30722173055 234.704622650146 237.102023569742 239.499424489339 241.896825408935 244.294226328531 246.691627248128 249.784300231933 253.108730570474 256.433160909016 259.757591247558 263.082021586099 266.406451924642 269.730882263183 274.386563364663 283.035996754964 291.685430145263 300.334863535562 308.984296925862 317.633730316162 326.283163706461 334.932597096761 338.377964019777 340.088642120363 341.799320220949 343.509998321535 345.220676422121 346.931354522707 348.642032623293 351.717787170411 358.888771057131 366.05975494385
279.770735549928 272.067443890043 264.364152230157 256.660860570273 248.957568910388 241.254277250502 238.482117589315 237.35366859436 236.225219599406 235.096770604451 233.968321609497 232.839872614543 231.711423619588 231.491861046684 233.998957739935 236.506054433186 239.013151126437 241.520247819688 244.027344512939 246.534441206189 249.041537899441 251.875820414224 254.819164869519 257.762509324815 260.70585378011 263.649198235405 266.592542690701 269.535887145996 273.671655697291 281.384696536593 289.097737375894 296.810778215195 304.523819054497 312.236859893798 319.949900733099 327.662941572401 330.028535207114 330.611646440295 331.194757673477 331.777868906658 332.36098013984 332.944091373022 333.527202606203 335.539587232803 341.839792039661 348.139996846518
284.10031305949 275.855002254911 267.609691450331 259.364380645753 251.119069841175 242.873759036595 239.966528574626 238.838658226861 237.710787879096 236.582917531331 235.455047183567 234.327176835802 233.199306488037 232.980746163262 235.490115907457 237.999485651651 240.508855395846 243.018225140041 245.527594884236 248.036964628431 250.546334372626 253.353598149617 256.26015993754 259.166721725463 262.073283513386 264.979845301309 267.886407089233 270.792968877156 274.752905019122 281.872964223225 288.993023427326 296.113082631427 303.23314183553 310.353201039631 317.473260243732 324.593319447834 326.424180603027 326.491975741916 326.559770880805 326.627566019694 326.695361158583 326.763156297472 326.83095143636 328.203858354355 333.492100609673 338.780342864989
290.290163421631 280.989708709718 271.689253997803 262.38879928589 253.088344573976 243.787889862061 240.694040679932 239.669060007731 238.644079335531 237.61909866333 236.59411799113 235.569137318929 234.544156646728 234.376476160684 236.780696233113 239.184916305541 241.58913637797 243.993356450398 246.397576522827 248.801796595255 251.206016667684 254.21763343811 257.431715774535 260.645798110961 263.859880447387 267.073962783812 270.288045120239 273.502127456664 277.630311330157 284.500799814859 291.371288299559 298.241776784259 305.11226526896 311.982753753661 318.853242238361 325.723730723062 327.564900207519 327.729630025228 327.894359842936 328.059089660644 328.223819478353 328.388549296061 328.553279113769 329.710600535074 333.845696767171 337.980792999267
296.480013783774 286.124415164525 275.768816545275 265.413217926027 255.057619306778 244.702020687528 241.421552785238 240.499461788601 239.577370791965 238.655279795329 237.733188798693 236.811097802056 235.88900680542 235.772206158108 238.07127655877 240.370346959431 242.669417360093 244.968487760755 247.267558161417 249.566628562079 251.865698962741 255.081668726602 258.603271611531 262.124874496459 265.646477381388 269.168080266316 272.689683151244 276.211286036173 280.507717641193 287.128635406493 293.749553171792 300.370470937091 306.991388702392 313.612306467691 320.23322423299 326.85414199829 328.705619812011 328.967284308539 329.228948805067 329.490613301595 329.752277798123 330.01394229465 330.275606791178 331.217342715792 334.199292924669 337.181243133545
302.669864145916 291.259121619333 279.848379092747 268.437636566164 257.02689403958 245.616151512995 242.149064890544 241.329863569472 240.5106622484 239.691460927328 238.872259606256 238.053058285183 237.233856964111 237.16793615553 239.361856884426 241.555777613321 243.749698342217 245.943619071112 248.137539800008 250.331460528903 252.525381257799 255.945704015095 259.774827448526 263.603950881957 267.433074315388 271.262197748819 275.09132118225 278.920444615681 283.385123952228 289.756470998127 296.127818044025 302.499165089923 308.870512135823 315.241859181721 321.613206227619 327.984553273518 329.846339416504 330.204938591851 330.563537767198 330.922136942545 331.280736117893 331.63933529324 331.997934468587 332.724084896511 334.552889082167 336.381693267822
308.859714508058 296.393828074139 283.927941640219 271.4620552063 258.996168772382 246.530282338462 242.87657699585 242.160265350342 241.443953704834 240.727642059326 240.011330413818 239.29501876831 238.578707122803 238.563666152953 240.652437210083 242.741208267211 244.82997932434 246.918750381469 249.007521438598 251.096292495727 253.185063552856 256.809739303588 260.946383285521 265.083027267455 269.219671249389 273.356315231322 277.492959213256 281.629603195189 286.262530263263 292.384306589761 298.506082916258 304.627859242755 310.749635569254 316.871411895751 322.993188222248 329.114964548746 330.987059020996 331.442592875162 331.898126729329 332.353660583496 332.809194437662 333.264728291829 333.720262145996 334.230827077229 334.906485239665 335.5821434021
315.0495648702 301.528534528947 288.007504187691 274.486473846437 260.965443505184 247.444413163928 243.604089101156 242.990667131212 242.377245161268 241.763823191325 241.150401221381 240.536979251438 239.923557281494 239.959396150376 241.943017535739 243.926638921101 245.910260306464 247.893881691826 249.877503077189 251.861124462551 253.844745847914 257.673774592081 262.117939122517 266.562103652953 271.006268183389 275.450432713825 279.894597244262 284.338761774698 289.139936574298 295.012142181395 300.884347788491 306.756553395588 312.628759002685 318.500964609781 324.373170216877 330.245375823974 332.127778625488 332.680247158474 333.23271569146 333.785184224446 334.337652757432 334.890121290419 335.442589823405 335.737569257948 335.260081397162 334.782593536377
330.205480066935 316.681375757853 303.15727144877 289.633167139688 276.109062830607 262.584958521523 257.691367721555 255.674614757959 253.657861794364 251.641108830768 249.624355867173 247.607602903577 245.590849939981 244.450737253824 245.940545399983 247.430353546142 248.920161692301 250.40996983846 251.899777984619 253.389586130777 254.879394276937 258.793365478515 263.5153910319 268.237416585286 272.959442138671 277.681467692056 282.403493245442 287.125518798827 292.111363898382 297.888667636446 303.66597137451 309.443275112574 315.220578850639 320.997882588703 326.775186326767 332.552490064832 334.51719156901 335.211025661892 335.904859754774 336.598693847656 337.292527940538 337.98636203342 338.680196126301 338.875922224256 337.577324337429 336.278726450602
354.327460098265 341.852351760863 329.377243423459 316.902135086057 304.427026748655 291.951918411251 285.138412857052 280.212108230588 275.285803604123 270.359498977659 265.433194351195 260.50688972473 255.580585098266 252.037689463296 252.645020802815 253.252352142333 253.859683481851 254.46701482137 255.074346160888 255.681677500406 256.289008839925 260.16851196289 265.13873901367 270.108966064452 275.079193115233 280.049420166014 285.019647216796 289.989874267577 295.176812235513 301.013882954914 306.850953674315 312.688024393716 318.525095113117 324.362165832518 330.199236551919 336.03630727132 338.155297851562 339.034928385416 339.91455891927 340.794189453124 341.673819986978 342.553450520832 343.433081054687 343.645885976155 341.858214060465 340.070542144775
378.449440129597 367.023327763874 355.59721539815 344.171103032428 332.744990666706 321.318878300982 312.585457992551 304.749601703218 296.913745413884 289.077889124551 281.242032835218 273.406176545884 265.570320256551 259.624641672769 259.349496205647 259.074350738525 258.799205271402 258.52405980428 258.248914337158 257.973768870036 257.698623402913 261.543658447265 266.762086995441 271.980515543619 277.198944091796 282.417372639972 287.63580118815 292.854229736327 298.242260572644 304.139098273382 310.03593597412 315.932773674857 321.829611375596 327.726449076333 333.623286777071 339.520124477809 341.793404134114 342.85883110894 343.924258083767 344.989685058593 346.055112033419 347.120539008246 348.185965983072 348.415849728054 346.139103783501 343.862357838948
402.571420160928 392.194303766886 381.817187372842 371.440070978799 361.062954584757 350.685838190712 340.03250312805 329.287095175849 318.541687223645 307.796279271443 297.050871319242 286.305463367038 275.560055414836 267.211593882242 266.053971608479 264.896349334716 263.738727060953 262.58110478719 261.423482513428 260.265860239665 259.108237965902 262.91880493164 268.385434977212 273.852065022786 279.318695068358 284.785325113931 290.251955159504 295.718585205077 301.307708909775 307.26431359185 313.220918273924 319.177522955999 325.134127638074 331.090732320148 337.047337002223 343.003941684298 345.431510416666 346.682733832465 347.933957248263 349.185180664062 350.43640407986 351.687627495659 352.938850911458 353.185813479953 350.419993506537 347.654173533122
