data/working_set_collections/6091692-Cassins_Sparrow-MC/1990/bio17.asc
NCOLS 265 
NROWS 230 
XLLCORNER -115.5625 
YLLCORNER 24.8333333333333 
CELLSIZE 0.0833333333333333 
NODATA_value -9999 
[rows 200 to 219 of 230, columns 138 to 183 of 265]
17.1528646177717 16.9710656086605 16.7892665995493 16.6074675904381 17.5431303580601 18.8512803845934 20.1594304111266 21.4675804376601 22.7757304641934 24.0838804907267 25.3920305172602 26.9050555917949 29.0327058103345 31.1603560288745 33.2880062474141 35.4156564659537 37.5433066844937 39.6709569030334 41.798607121573 43.0487874348957 44.0064777798121 44.9641681247285 45.921858469645 46.8795488145614 47.8372391594778 48.7949295043943 49.4199063618978 49.0467427571615 48.6735791524252 48.3004155476888 47.9272519429525 47.5540883382162 47.1809247334799 46.8077611287436 47.895015176137 49.4690751075741 51.0431350390112 52.6171949704486 54.1912549018857 55.7653148333227 57.3393747647601 58.9924668629961 60.8826554616288 62.7728440602618 64.6630326588945 66.5532212575272
16.5968510919149 16.376637085279 16.1564230786431 15.9362090720073 16.814771691958 18.059593187438 19.3044146829179 20.5492361783981 21.794057673878 23.038879169358 24.2837006648382 25.7796350744033 28.0289082262247 30.2781813780465 32.5274545298679 34.7767276816893 37.0260008335111 39.2752739853325 41.5245471371539 42.8600130716958 43.8908766004772 44.9217401292586 45.9526036580402 46.9834671868216 48.014330715603 49.0451942443845 49.7223368326823 49.338316599528 48.9542963663737 48.5702761332194 48.1862559000652 47.8022356669108 47.4182154337566 47.0341952006023 48.0481691042579 49.5281410535173 51.0081130027767 52.4880849520363 53.9680569012957 55.4480288505551 56.9280007998147 58.4901365915931 60.298763910929 62.1073912302651 63.916018549601 65.7246458689368
16.040837566058 15.7822085618974 15.5235795577369 15.2649505535763 16.0864130258559 17.2679059902826 18.4493989547092 19.630891919136 20.8123848835626 21.9938778479892 23.1753708124161 24.6542145570116 27.0251106421148 29.3960067272184 31.7669028123216 34.1377988974248 36.5086949825284 38.8795910676316 41.2504871527348 42.6712387084959 43.7752754211423 44.8793121337888 45.9833488464353 47.0873855590818 48.1914222717282 49.2954589843748 50.0247673034668 49.6298904418946 49.2350135803223 48.84013671875 48.4452598571778 48.0503829956055 47.6555061340333 47.260629272461 48.2013230323789 49.5872069994605 50.9730909665422 52.3589749336241 53.7448589007057 55.1307428677873 56.5166268348692 57.9878063201901 59.7148723602291 61.4419384002684 63.1690044403074 64.8960704803463
15.4848240402011 15.1877800385159 14.8907360368306 14.5936920351454 15.3580543597538 16.4762187931271 17.5943832265004 18.7125476598739 19.8307120932472 20.9488765266205 22.067040959994 23.5287940396199 26.0213130580049 28.5138320763903 31.0063510947753 33.4988701131603 35.9913891315457 38.4839081499307 40.9764271683156 42.482464345296 43.6596742418075 44.8368841383189 46.0140940348305 47.191303931342 48.3685138278534 49.545723724365 50.3271977742514 49.9214642842611 49.5157307942709 49.1099973042807 48.7042638142904 48.2985303243002 47.89279683431 47.4870633443198 48.3544769604998 49.6462729454038 50.9380689303077 52.2298649152118 53.5216609001157 54.8134568850196 56.1052528699237 57.4854760487871 59.1309808095292 60.7764855702716 62.4219903310137 64.0674950917558
14.9341666777931 14.6175713777544 14.3009760777157 13.9843807776771 14.6981325785318 15.755333413018 16.8125342475042 17.8697350819905 18.9269359164767 19.9841367509629 21.0413375854492 22.4624203470014 24.9751488897531 27.4878774325051 30.0006059752567 32.5133345180083 35.0260630607604 37.538791603512 40.0515201462636 41.6328561306001 42.9037279287974 44.1745997269947 45.4454715251923 46.7163433233896 47.9872151215869 49.2580869197845 50.1056790775725 49.6834323141313 49.2611855506899 48.8389387872487 48.4166920238074 47.994445260366 47.5721984969248 47.1499517334835 47.9918828646341 49.2552066273158 50.5185303899975 51.7818541526794 53.045177915361 54.3085016780427 55.5718254407246 56.9144562827214 58.4950083626638 60.0755604426065 61.6561125225489 63.2366646024913
14.3888654788337 14.0715825796129 13.7542996803921 13.4370167811713 14.1066476821899 15.1052498499551 16.1038520177204 17.1024541854858 18.1010563532511 19.0996585210163 20.0982606887817 21.4550934791561 23.8866181373591 26.3181427955625 28.7496674537655 31.1811921119685 33.6127167701719 36.0442414283749 38.475766086578 40.1224140644074 41.5074364821115 42.8924588998157 44.2774813175201 45.6625037352243 47.0475261529284 48.4325485706328 49.36021121343 48.9157945315046 48.4713778495791 48.0269611676536 47.5825444857282 47.1381278038027 46.6937111218773 46.2492944399519 47.1135407447814 48.4140080451964 49.7144753456113 51.0149426460265 52.3154099464415 53.6158772468564 54.9163445472716 56.2747470219928 57.8069550196326 59.3391630172728 60.8713710149127 62.4035790125526
13.8435642798743 13.5255937814714 13.2076232830685 12.8896527846656 13.5151627858479 14.4551662868922 15.3951697879366 16.3351732889811 17.2751767900254 18.2151802910697 19.1551837921142 20.4477666113108 22.7980873849652 25.14840815862 27.4987289322744 29.8490497059287 32.1993704795835 34.5496912532379 36.9000120268923 38.6119719982147 40.1111450354257 41.6103180726367 43.1094911098479 44.6086641470589 46.1078371842699 47.6070102214812 48.6147433492875 48.1481567488779 47.6815701484682 47.2149835480586 46.748396947649 46.2818103472394 45.8152237468298 45.3486371464202 46.2351986249287 47.5728094630769 48.9104203012252 50.2480311393737 51.5856419775219 52.9232528156702 54.2608636538186 55.6350377612641 57.1189016766015 58.6027655919391 60.0866295072765 61.5704934226139
13.298263080915 12.9796049833299 12.6609468857449 12.3422887881599 12.923677889506 13.8050827238294 14.6864875581528 15.5678923924764 16.4492972267998 17.3307020611232 18.2121068954468 19.4404397434655 21.7095566325713 23.9786735216775 26.2477904107833 28.5169072998891 30.7860241889953 33.055141078101 35.3242579672068 37.1015299320221 38.7148535887399 40.3281772454578 41.9415009021759 43.5548245588937 45.1681482156115 46.7814718723296 47.869275485145 47.3805189662512 46.8917624473574 46.4030059284637 45.9142494095699 45.4254928906761 44.9367363717824 44.4479798528886 45.356856505076 46.7316108809576 48.1063652568391 49.4811196327209 50.8558740086024 52.2306283844839 53.6053827603657 54.9953285005356 56.4308483335704 57.8663681666055 59.3018879996404 60.7374078326753
12.7529618819556 12.4336161851884 12.1142704884213 11.7949247916541 12.332192993164 13.1549991607665 13.977805328369 14.8006114959717 15.6234176635742 16.4462238311767 17.2690299987793 18.4331128756202 20.6210258801774 22.8089388847349 24.9968518892921 27.1847648938493 29.3726778984069 31.560590902964 33.7485039075212 35.5910878658294 37.3185621420541 39.0460364182787 40.7735106945037 42.5009849707283 44.228459246953 45.955933523178 47.1238076210024 46.6128811836245 46.1019547462466 45.5910283088687 45.0801018714908 44.5691754341128 44.0582489967349 43.547322559357 44.4785143852233 45.8904122988381 47.3023102124529 48.714208126068 50.1261060396828 51.5380039532976 52.9499018669127 54.3556192398069 55.7427949905393 57.1299707412719 58.5171464920042 59.9043222427366
12.2076606829963 11.8876273870469 11.5675940910977 11.2475607951484 11.7407080968221 12.5049155977036 13.2691230985852 14.0333305994669 14.7975381003485 15.5617456012301 16.3259531021118 17.4257860077749 19.5324951277834 21.6392042477924 23.7459133678009 25.8526224878095 27.9593316078184 30.066040727827 32.1727498478356 34.0806457996367 35.9222706953682 37.7638955910997 39.6055204868315 41.447145382563 43.2887702782945 45.1303951740263 46.3783397568599 45.8452434009978 45.3121470451357 44.7790506892736 44.2459543334116 43.7128579775495 43.1797616216874 42.6466652658253 43.6001722653706 45.0492137167187 46.4982551680668 47.9472966194151 49.3963380707632 50.8453795221114 52.2944209734597 53.7159099790783 55.0547416475081 56.3935733159382 57.732404984368 59.0712366527979
11.6438177016048 11.3368107438089 11.029803786013 10.7227968282172 11.1824038624763 11.8975488940874 12.6126939256985 13.3278389573097 14.0429839889208 14.7581290205319 15.4732740521431 16.5153403255672 18.5381703244311 20.5610003232954 22.5838303221594 24.6066603210234 26.6294903198877 28.6523203187517 30.6751503176156 32.6007048130035 34.4938341405655 36.3869634681275 38.2800927956899 40.1732221232519 42.0663514508139 43.9594807783762 45.2470394134526 44.7178859710698 44.1887325286869 43.6595790863041 43.1304256439213 42.6012722015384 42.0721187591557 41.5429653167729 42.536434618632 44.0374448352389 45.5384550518458 47.0394652684529 48.5404754850598 50.0414857016667 51.5424959182738 53.00408744812 54.3474229176837 55.6907583872476 57.0340938568113 58.377429326375
11.0614329377812 10.7811662554742 10.5008995731673 10.2206328908604 10.6572802901268 11.3328990499178 12.0085178097088 12.6841365695 13.359755329291 14.035374089082 14.7109928488732 15.701775828997 17.6380514701203 19.574327111244 21.5106027523674 23.4468783934908 25.3831540346144 27.3194296757378 29.2557053168612 31.1512649059295 33.0332524776457 34.9152400493619 36.7972276210784 38.6792151927946 40.5612027645108 42.4431903362274 43.72990659078 43.2308088938399 42.7317111968997 42.2326134999597 41.7335158030196 41.2344181060794 40.7353204091393 40.2362227121993 41.2873014450073 42.8551056543984 44.4229098637896 45.9907140731811 47.5585182825722 49.1263224919634 50.6941267013549 52.2201516469318 53.6208388010658 55.0215259552001 56.4222131093341 57.8229002634681
10.4790481739576 10.2255217671396 9.9719953603216 9.71846895350365 10.1321567177772 10.7682492057482 11.4043416937191 12.0404341816902 12.6765266696612 13.3126191576321 13.9487116456032 14.8882113324268 16.7379326158096 18.5876538991926 20.4373751825754 22.2870964659581 24.1368177493412 25.9865390327239 27.8362603161067 29.7018249988555 31.5726708147259 33.4435166305963 35.314362446467 37.1852082623374 39.0560540782078 40.9268998940785 42.2127737681074 41.74373181661 41.2746898651126 40.8056479136152 40.3366059621178 39.8675640106204 39.398522059123 38.9294801076256 40.0381682713826 41.672766473558 43.3073646757335 44.9419628779092 46.5765610800847 48.2111592822601 49.8457574844359 51.4362158457436 52.8942546844479 54.3522935231525 55.8103323618569 57.2683712005612
9.89666341013392 9.66987727880488 9.44309114747588 9.21630501614689 9.60703314542766 10.2035993615786 10.8001655777294 11.3967317938804 11.9932980100313 12.5898642261822 13.1864304423332 14.0746468358567 15.8378137614988 17.6009806871412 19.3641476127834 21.1273145384255 22.8904814640679 24.6536483897101 26.4168153153522 28.2523850917815 30.112089151806 31.9717932118306 33.8314972718555 35.6912013318801 37.5509053919047 39.4106094519296 40.6956409454348 40.2566547393802 39.8176685333254 39.3786823272708 38.9396961212161 38.5007099151614 38.0617237091067 37.622737503052 38.7890350977578 40.4904272927176 42.1918194876773 43.8932116826374 45.5946038775971 47.2959960725569 48.9973882675169 50.6522800445554 52.1676705678301 53.683061091105 55.1984516143796 56.7138421376543
9.31427864631033 9.11423279047025 8.91418693463021 8.71414107879017 9.08190957307815 9.63894951740898 10.1959894617398 10.7530294060707 11.3100693504016 11.8671092947324 12.4241492390633 13.2610823392866 14.9376949071881 16.6143074750899 18.2909200429914 19.967532610893 21.6441451787948 23.3207577466963 24.9973703145979 26.8029451847076 28.6515074888863 30.5000697930651 32.3486320972442 34.197194401423 36.0457567056017 37.8943190097808 39.1785081227624 38.7695776621504 38.3606472015384 37.9517167409264 37.5427862803145 37.1338558197024 36.7249253590905 36.3159948984785 37.5399019241332 39.3080881118772 41.0762742996213 42.8444604873656 44.6126466751096 46.3808328628537 48.149019050598 49.8683442433673 51.4410864512123 53.0138286590575 54.5865708669024 56.1593130747474
8.73189388248674 8.55858830213562 8.38528272178454 8.21197714143345 8.55678600072864 9.0742996732394 9.59181334575016 10.109327018261 10.6268406907718 11.1443543632825 11.6618680357934 12.4475178427165 14.0375760528774 15.6276342630386 17.2176924731995 18.8077506833604 20.3978088935216 21.9878671036826 23.5779253138435 25.3535052776337 27.1909258259666 29.0283463742996 30.8657669226329 32.7031874709658 34.5406080192988 36.3780285676321 37.6613753000899 37.2825005849207 36.9036258697514 36.5247511545821 36.1458764394129 35.7670017242435 35.3881270090743 35.009252293905 36.2907687505086 38.1257489310369 39.9607291115652 41.7957092920938 43.6306894726221 45.4656696531505 47.3006498336791 49.0844084421792 50.7145023345944 52.34459622701 53.9746901194252 55.6047840118405
8.34409398635236 8.16773498455689 7.99137598276145 7.81501698096602 8.13561153809225 8.62185728152586 9.10810302495947 9.59434876839316 10.0805945118268 10.5668402552604 11.0530859986941 11.7948838737273 13.3033381435603 14.8117924133935 16.3202466832264 17.8287009530594 19.3371552228926 20.8456094927256 22.3540637625585 24.1124728997546 25.9542003260715 27.7959277523884 29.6376551787056 31.4793826050225 33.3211100313394 35.1628374576567 36.4479201263853 36.0630685223476 35.6782169183097 35.2933653142719 34.9085137102341 34.5236621061963 34.1388105021585 33.7539588981207 35.0939770380654 37.0089517593381 38.9239264806107 40.8389012018837 42.7538759231564 44.6688506444291 46.5838253657021 48.4589217080007 50.2143829133771 51.9698441187538 53.7253053241302 55.4807665295066
8.15087895790745 7.9416728377343 7.73246671756118 7.52326059738806 7.8183861851692 8.28162234226858 8.74485849936796 9.20809465646742 9.67133081356681 10.1345669706662 10.5978031277657 11.3031804323194 12.7349811792371 14.166781926155 15.5985826730726 17.0303834199903 18.4621841669082 19.8939849138258 21.3257856607435 23.079848051071 24.9413309892016 26.8028139273322 28.6642968654631 30.5257798035937 32.3872627417243 34.2487456798552 35.5381426016492 35.1112814744316 34.684420347214 34.2575592199964 33.8306980927788 33.4038369655612 32.9769758383436 32.550114711126 33.949526786804 35.9576965967811 37.9658664067582 39.9740362167356 41.9822060267127 43.9903758366898 45.9985456466672 47.9918840408322 49.9407281875605 51.8895723342892 53.8384164810176 55.787260627746
7.95766392946255 7.7156106909117 7.4735574523609 7.2315042138101 7.50116083224614 7.9413874030113 8.38161397377646 8.82184054454169 9.26206711530685 9.702293686072 10.1425202568372 10.8114769909115 12.1666242149139 13.5217714389164 14.8769186629188 16.2320658869211 17.5872131109237 18.9423603349261 20.2975075589284 22.0472232023874 23.9284616523317 25.809700102276 27.6909385522206 29.5721770021648 31.4534154521091 33.3346539020537 34.6283650769131 34.1594944265157 33.6906237761183 33.2217531257209 32.7528824753235 32.2840118249261 31.8151411745287 31.3462705241313 32.8050765355427 34.9064414342242 37.0078063329057 39.1091712315876 41.2105361302691 43.3119010289506 45.4132659276324 47.5248463736636 49.667073461744 51.8093005498247 53.951527637905 56.0937547259854
7.76444890101761 7.48954854408907 7.21464818716058 6.9397478302321 7.18393547932303 7.60115246375396 8.01836944818489 8.43558643261589 8.85280341704682 9.27002040147774 9.68723738590874 10.3197735495035 11.5982672505906 12.8767609516778 14.1552546527649 15.4337483538519 16.7122420549391 17.9907357560262 19.2692294571132 21.0145983537036 22.9155923154616 24.8165862772196 26.7175802389779 28.6185742007358 30.5195681624938 32.4205621242521 33.7185875521768 33.2077073785996 32.6968272050224 32.1859470314452 31.675066857868 31.1641866842908 30.6533065107136 30.1424263371364 31.6606262842812 33.8551862716671 36.049746259053 38.2443062464393 40.4388662338253 42.6334262212112 44.8279862085975 47.057808706495 49.3934187359274 51.7290287653601 54.0646387947925 56.4002488242248
