data/working_set_collections/6091692-Cassins_Sparrow-MC/1990/bio15.asc
NCOLS 265 
NROWS 230 
XLLCORNER -115.5625 
YLLCORNER 24.8333333333333 
CELLSIZE 0.0833333333333333 
NODATA_value -9999 
[rows 100 to 119 of 230, columns 0 to 45 of 265]
75.0442959467571 74.9566919326783 74.8690879185995 74.7814839045207 74.6938798904419 74.6062758763632 74.5186718622844 73.8147026062013 72.9052782694501 71.9958539326987 71.0864295959474 70.1770052591961 69.2675809224447 68.3581565856935 67.3096578280134 65.8439358075461 64.378213787079 62.912491766612 61.4467697461447 59.9810477256777 58.5153257052106 57.0496036847433 56.2027569770813 55.5622020403545 54.9216471036275 54.2810921669007 53.6405372301738 52.9999822934468 52.35942735672 51.7760502179464 51.3642064730326 50.9523627281189 50.5405189832052 50.1286752382914 49.7168314933777 49.304987748464 48.8931440035502 48.3885467529297 47.8530316670737 47.3175165812175 46.7820014953614 46.2464864095053 45.7109713236491 45.175456237793 44.6659472783407 44.2344566980997
74.44964589013 74.4702655156454 74.4908851411608 74.5115047666762 74.5321243921916 74.552744017707 74.5733636432224 73.9157066345216 73.0319574144153 72.1482081943089 71.2644589742026 70.3807097540963 69.4969605339899 68.6132113138836 67.5885683801442 66.1412443055048 64.6939202308657 63.2465961562266 61.7992720815872 60.351948006948 58.9046239323089 57.4572998576695 56.6276498476665 56.0038911925423 55.380132537418 54.7563738822937 54.1326152271695 53.5088565720452 52.885097916921 52.3018473837111 51.8401212162441 51.3783950487773 50.9166688813104 50.4549427138435 49.9932165463766 49.5314903789097 49.0697642114428 48.5626475016277 48.0404006110298 47.5181537204319 46.995906829834 46.4736599392362 45.9514130486383 45.4291661580404 44.9552966011895 44.6265590455797
74.3114803102281 74.4088594436645 74.5062385771009 74.6036177105373 74.7009968439737 74.7983759774101 74.8957551108466 74.2794346491496 73.4252143224082 72.5709939956665 71.716773668925 70.8625533421835 70.0083330154419 69.1541126887004 68.1666232532927 66.7793264918858 65.392029730479 64.0047329690723 62.6174362076653 61.2301394462586 59.8428426848519 58.4555459234449 57.6436584154764 57.0235739919874 56.4034895684983 55.7834051450093 55.1633207215203 54.5432362980312 53.9231518745422 53.3237018373277 52.7861549589368 52.248608080546 51.7110612021552 51.1735143237643 50.6359674453735 50.0984205669827 49.5608736885918 49.0378774007161 48.5197313096788 48.0015852186415 47.4834391276042 46.9652930365669 46.4471469455295 45.9290008544922 45.474532116784 45.2110954390631
74.6297992070515 74.7724737167358 74.91514822642 75.0578227361042 75.2004972457885 75.3431717554727 75.4858462651569 74.9058866500855 74.0850489934286 73.2642113367716 72.4433736801148 71.6225360234579 70.8016983668009 69.980860710144 69.043822447459 67.758182366689 66.4725422859192 65.1869022051494 63.9012621243794 62.6156220436096 61.3299819628398 60.0443418820698 59.2507826805113 58.62125043869 57.9917181968687 57.3621859550474 56.7326537132262 56.1031214714048 55.4735892295836 54.8416135787963 54.2023077011107 53.5630018234252 52.9236959457397 52.2843900680541 51.6450841903686 51.0057783126831 50.3664724349975 49.8142364501953 49.2910237630208 48.7678110758463 48.2445983886718 47.7213857014974 47.1981730143228 46.6749603271484 46.223653825124 45.9880658785501
74.948118103875 75.136087989807 75.3240578757391 75.5120277616712 75.6999976476033 75.8879675335353 76.0759374194674 75.5323386510214 74.7448836644491 73.9574286778768 73.1699736913046 72.3825187047323 71.59506371816 70.8076087315877 69.9210216416254 68.7370382414924 67.5530548413595 66.3690714412266 65.1850880410936 64.0011046409607 62.8171212408278 61.6331378406948 60.8579069455463 60.2189268853928 59.5799468252392 58.9409667650857 58.3019867049322 57.6630066447786 57.0240265846251 56.359525320265 55.6184604432847 54.8773955663045 54.1363306893243 53.395265812344 52.6542009353637 51.9131360583836 51.1720711814032 50.5905954996745 50.0623162163629 49.5340369330512 49.0057576497396 48.477478366428 47.9491990831163 47.4209197998047 46.9727755334642 46.7650363180372
75.2664370006985 75.4997022628783 75.7329675250582 75.9662327872382 76.199498049418 76.4327633115979 76.6660285737778 76.1587906519572 75.4047183354697 74.650646018982 73.8965737024944 73.1425013860068 72.388429069519 71.6343567530315 70.7982208357918 69.7158941162957 68.6335673967998 67.5512406773039 66.4689139578077 65.3865872383118 64.3042605188159 63.2219337993197 62.4650312105814 61.8166033320956 61.1681754536098 60.519747575124 59.8713196966383 59.2228918181524 58.5744639396667 57.8774370617337 57.0346131854586 56.1917893091837 55.3489654329088 54.5061415566338 53.6633176803589 52.820493804084 51.977669927809 51.3669545491536 50.8336086697049 50.300262790256 49.7669169108073 49.2335710313585 48.7002251519097 48.1668792724609 47.7218972418043 47.5420067575242
75.5847558975219 75.8633165359496 76.1418771743773 76.4204378128051 76.6989984512328 76.9775590896605 77.2561197280883 76.7852426528931 76.0645530064901 75.343863360087 74.6231737136841 73.9024840672811 73.181794420878 72.4611047744751 71.6754200299582 70.694749991099 69.71407995224 68.733409913381 67.7527398745218 66.7720698356628 65.7913997968038 64.8107297579446 64.0721554756163 63.4142797787983 62.7564040819802 62.0985283851622 61.4406526883442 60.7827769915261 60.1249012947081 59.3953488032023 58.4507659276325 57.5061830520629 56.5616001764933 55.6170173009236 54.672434425354 53.7278515497844 52.7832686742146 52.1433135986328 51.6049011230469 51.0664886474609 50.528076171875 49.9896636962891 49.451251220703 48.9128387451171 48.4710189501444 48.3189771970112
75.9030747943454 76.2269308090209 76.5507868236964 76.874642838372 77.1984988530476 77.5223548677231 77.8462108823987 77.411694653829 76.7243876775106 76.0370807011922 75.3497737248739 74.6624667485555 73.9751597722371 73.2878527959188 72.5526192241246 71.6736058659023 70.7945925076802 69.9155791494582 69.036565791236 68.1575524330139 67.2785390747918 66.3995257165696 65.6792797406513 65.0119562255011 64.3446327103507 63.6773091952005 63.0099856800502 62.3426621648999 61.6753386497497 60.913260544671 59.8669186698065 58.8205767949422 57.7742349200779 56.7278930452134 55.6815511703492 54.6352092954849 53.5888674206204 52.919672648112 52.3761935763889 51.8327145046657 51.2892354329427 50.7457563612196 50.2022772894965 49.6587982177734 49.2201406584845 49.0959476364983
76.5489957597519 76.8624477386473 77.1758997175427 77.4893516964381 77.8028036753335 78.1162556542289 78.4297076331244 78.0163513183594 77.3607255723742 76.7050998263889 76.0494740804037 75.3938483344185 74.7382225884331 74.082596842448 73.3916261461047 72.5946205986871 71.7976150512696 71.0006095038521 70.2036039564344 69.4065984090169 68.6095928615995 67.8125873141818 67.1120813051859 66.4437418089973 65.7754023128085 65.1070628166198 64.4387233204312 63.7703838242424 63.1020443280538 62.3233555475872 61.2136189142863 60.1038822809856 58.9941456476848 57.8844090143839 56.7746723810832 55.6649357477825 54.5551991144816 53.8646584828694 53.3138498518202 52.7630412207709 52.2122325897217 51.6614239586724 51.1106153276231 50.5598066965739 50.1145421663919 49.9859099388122
77.5225187937417 77.7698673248289 78.0172158559161 78.2645643870034 78.5119129180907 78.7592614491779 79.0066099802652 78.5992126464844 77.9735666910808 77.347920735677 76.7222747802734 76.0966288248698 75.4709828694661 74.8453369140625 74.1924407958985 73.4577941894531 72.7231475830078 71.9885009765625 71.2538543701171 70.5192077636718 69.7845611572265 69.0499145507811 68.3705601692199 67.7096365292866 67.0487128893533 66.38778924942 65.7268656094868 65.0659419695535 64.4050183296202 63.6256338119507 62.4908666610717 61.3560995101928 60.221332359314 59.086565208435 57.9517980575561 56.8170309066773 55.6822637557983 54.9782711029052 54.4178699493408 53.8574687957762 53.2970676422118 52.7366664886474 52.1762653350829 51.6158641815185 51.1542234738666 50.9888641039529
78.4960418277315 78.6772869110106 78.8585319942897 79.0397770775688 79.2210221608479 79.4022672441269 79.583512327406 79.1820739746094 78.5864078097874 77.9907416449653 77.3950754801432 76.7994093153212 76.2037431504991 75.6080769856771 74.9932554456923 74.3209677802191 73.6486801147461 72.976392449273 72.3041047837998 71.6318171183268 70.9595294528537 70.2872417873805 69.6290390332539 68.9755312495761 68.3220234658982 67.6685156822204 67.0150078985426 66.3615001148647 65.7079923311869 64.9279120763144 63.7681144078572 62.6083167394002 61.4485190709433 60.2887214024861 59.1289237340292 57.9691260655722 56.809328397115 56.091883722941 55.5218900468614 54.9518963707817 54.3819026947021 53.8119090186225 53.2419153425428 52.6719216664632 52.1939047813415 51.9918182690937
79.4695648617213 79.5847064971923 79.6998481326632 79.8149897681341 79.930131403605 80.045273039076 80.1604146745469 79.7649353027344 79.199248928494 78.6335625542535 78.067876180013 77.5021898057726 76.9365034315321 76.3708170572917 75.7940700954862 75.1841413709852 74.5742126464844 73.9642839219835 73.3543551974826 72.7444264729817 72.1344977484809 71.52456902398 70.887517897288 70.2414259698656 69.5953340424431 68.9492421150207 68.3031501875983 67.6570582601758 67.0109663327535 66.230190340678 65.0453621546427 63.8605339686076 62.6757057825726 61.4908775965373 60.3060494105022 59.1212212244671 57.9363930384318 57.2054963429769 56.625910144382 56.0463239457872 55.4667377471924 54.8871515485976 54.3075653500027 53.7279791514079 53.2335860888163 52.9947724342345
80.4430878957111 80.4921260833739 80.5411642710366 80.5902024586994 80.6392406463622 80.6882788340249 80.7373170216877 80.3477966308594 79.8120900472006 79.2763834635416 78.7406768798828 78.204970296224 77.669263712565 77.1335571289062 76.5948847452799 76.0473149617512 75.4997451782226 74.952175394694 74.4046056111652 73.8570358276366 73.309466044108 72.7618962605793 72.1459967613219 71.507320690155 70.8686446189879 70.2299685478209 69.591292476654 68.9526164054869 68.31394033432 67.5324686050416 66.3226099014281 65.112751197815 63.9028924942017 62.6930337905883 61.4831750869751 60.2733163833619 59.0634576797485 58.3191089630126 57.7299302419026 57.1407515207925 56.5515727996825 55.9623940785725 55.3732153574624 54.7840366363525 54.273267396291 53.9977265993753
81.4166109297009 81.3995456695555 81.3824804094101 81.3654151492647 81.3483498891194 81.331284628974 81.3142193688286 80.9306579589844 80.4249311659072 79.9192043728298 79.4134775797526 78.9077507866754 78.402023993598 77.8962972005208 77.3956993950738 76.9104885525173 76.4252777099609 75.9400668674045 75.454856024848 74.9696451822916 74.4844343397352 73.9992234971787 73.404475625356 72.7732154104444 72.1419551955328 71.5106949806213 70.8794347657097 70.2481745507981 69.6169143358865 68.8347468694052 67.5998576482137 66.3649684270223 65.130079205831 63.8951899846395 62.6603007634481 61.4254115422568 60.1905223210652 59.4327215830484 58.8339503394233 58.235179095798 57.6364078521728 57.0376366085476 56.4388653649223 55.8400941212972 55.3129487037658 55.0006807645161
82.4502946005926 82.3173804601033 82.1844663196139 82.0515521791246 81.9186380386352 81.7857238981459 81.6528097576565 81.2425656636557 80.7398782518176 80.2371908399794 79.7345034281414 79.2318160163033 78.7291286044651 78.226441192627 77.7402995427451 77.3037951787313 76.8672908147177 76.430786450704 75.9942820866903 75.5577777226767 75.121273358663 74.6847689946493 74.1177103042603 73.5071335050796 72.8965567058988 72.285979906718 71.6754031075373 71.0648263083564 70.4542495091757 69.6903434223601 68.4664494726394 67.2425555229188 66.0186615731983 64.7947676234776 63.570873673757 62.3469797240365 61.1230857743158 60.3641244570414 59.7601406839159 59.1561569107903 58.5521731376648 57.9481893645393 57.3442055914137 56.7402218182882 56.200400352478 55.853065808614
83.5441389083861 83.245630455017 82.9471220016479 82.6486135482787 82.3501050949097 82.0515966415405 81.7530881881714 81.2835197448731 80.7569313049318 80.2303428649903 79.7037544250489 79.1771659851075 78.6505775451661 78.1239891052247 77.6286851882936 77.2272348403931 76.8257844924928 76.4243341445924 76.0228837966919 75.6214334487916 75.2199831008912 74.8185327529907 74.2857007980347 73.7090749740602 73.1324491500855 72.5558233261109 71.9791975021363 71.4025716781616 70.825945854187 70.099258263906 68.9223853747051 67.7455124855043 66.5686395963035 65.3917667071025 64.2148938179017 63.0380209287009 61.8611480394999 61.1133175849914 60.5085012753805 59.9036849657694 59.2988686561584 58.6940523465475 58.0892360369364 57.4844197273254 56.9356223424275 56.554881731669
84.6379832161796 84.1738804499308 83.7097776836819 83.245674917433 82.7815721511841 82.3174693849352 81.8533666186863 81.3244738260906 80.7739843580459 80.2234948900011 79.6730054219565 79.1225159539118 78.572026485867 78.0215370178224 77.5170708338421 77.1506745020549 76.7842781702678 76.4178818384807 76.0514855066936 75.6850891749065 75.3186928431194 74.9522965113322 74.4536912918092 73.9110164430407 73.3683415942722 72.8256667455038 72.2829918967354 71.7403170479669 71.1976421991984 70.508173105452 69.3783212767708 68.2484694480897 67.1186176194087 65.9887657907275 64.8589139620464 63.7290621333654 62.5992103046841 61.8625107129415 61.2568618668451 60.6512130207485 60.0455641746521 59.4399153285557 58.8342664824591 58.2286176363627 57.6708443323771 57.2566976547241
85.7318275239732 85.1021304448446 84.4724333657159 83.8427362865872 83.2130392074586 82.5833421283299 81.9536450492012 81.365427907308 80.7910374111601 80.216646915012 79.642256418864 79.0678659227161 78.493475426568 77.91908493042 77.4054564793906 77.0741141637167 76.7427718480429 76.411429532369 76.0800872166952 75.7487449010214 75.4174025853476 75.0860602696737 74.6216817855836 74.1129579120213 73.604234038459 73.0955101648967 72.5867862913344 72.0780624177721 71.5693385442098 70.917087946998 69.8342571788365 68.7514264106752 67.6685956425139 66.5857648743524 65.5029341061911 64.4201033380298 63.3372725698683 62.6117038408915 62.0052224583097 61.3987410757277 60.7922596931458 60.1857783105639 59.5792969279819 58.9728155454 58.4060663223267 57.9585135777791
86.8256718317667 86.0303804397583 85.2350890477499 84.4397976557414 83.644506263733 82.8492148717246 82.0539234797161 81.4063819885255 80.8080904642742 80.2097989400229 79.6115074157716 79.0132158915203 78.414924367269 77.8166328430177 77.293842124939 76.9975538253785 76.7012655258179 76.4049772262574 76.1086889266968 75.8124006271363 75.5161123275757 75.2198240280152 74.789672279358 74.3148993810019 73.8401264826457 73.3653535842896 72.8905806859335 72.4158077875773 71.9410348892212 71.3260027885439 70.2901930809021 69.2543833732606 68.218573665619 67.1827639579773 66.1469542503358 65.1111445426942 64.0753348350525 63.3608969688415 62.7535830497742 62.1462691307067 61.5389552116394 60.931641292572 60.3243273735046 59.7170134544372 59.1412883122762 58.6603295008341
87.9195161395602 86.9586304346721 85.9977447297839 85.0368590248956 84.0759733200074 83.1150876151193 82.154201910231 81.447336069743 80.8251435173884 80.2029509650337 79.5807584126792 78.9585658603246 78.3363733079699 77.7141807556154 77.1822277704875 76.9209934870402 76.659759203593 76.3985249201457 76.1372906366984 75.8760563532512 75.6148220698039 75.3535877863566 74.9576627731324 74.5168408499824 74.0760189268324 73.6351970036825 73.1943750805326 72.7535531573825 72.3127312342326 71.7349176300898 70.7461289829678 69.757340335846 68.7685516887242 67.7797630416023 66.7909743944805 65.8021857473587 64.8133971002367 64.1100900967916 63.5019436412388 62.8937971856859 62.2856507301331 61.6775042745802 61.0693578190273 60.4612113634745 59.8765103022258 59.3621454238891
