data/working_set_collections/6091692-Cassins_Sparrow-MC/1990/bio14.asc
NCOLS 265 
NROWS 230 
XLLCORNER -115.5625 
YLLCORNER 24.8333333333333 
CELLSIZE 0.0833333333333333 
NODATA_value -9999 
[rows 100 to 119 of 230, columns 92 to 137 of 265]
14.5679291884104 14.6853204568227 14.802711725235 14.9201029936473 15.0374942620595 15.2183943510056 15.4204640467962 15.6225337425868 15.8246034383774 16.026673134168 16.2287428299587 16.4308125257493 16.6944749593735 17.1429156064988 17.591356253624 18.0397969007493 18.4882375478746 18.9366781949998 19.385118842125 19.8335594892503 19.8718243122103 19.7733638604484 19.6749034086865 19.5764429569246 19.4779825051627 19.3795220534008 19.2810616016389 19.144530995687 18.8937899271649 18.6430488586427 18.3923077901206 18.1415667215984 17.8908256530763 17.6400845845541 17.389343516032 17.1481273412705 16.910086131096 16.6720449209214 16.4340037107468 16.1959625005723 15.9579212903977 15.7198800802231 15.488864795367 15.278927286466 15.068989777565 14.8590522686641
14.4785891162024 14.5835025522444 14.6884159882863 14.7933294243283 14.8982428603702 15.0201663573583 15.1477598746618 15.2753533919653 15.4029469092687 15.5305404265722 15.6581339438757 15.7857274611792 15.9776470104853 16.3625446557999 16.7474423011145 17.132339946429 17.5172375917436 17.9021352370581 18.2870328823726 18.6719305276872 18.753337621689 18.7335811985865 18.713824775484 18.6940683523815 18.674311929279 18.6545555061765 18.634799083074 18.571695497301 18.3785504235163 18.1854053497315 17.9922602759468 17.7991152021621 17.6059701283774 17.4128250545926 17.2196799808079 17.0004751125972 16.7725836462445 16.5446921798919 16.3168007135392 16.0889092471865 15.8610177808339 15.6331263144812 15.4248236629698 15.2752874559827 15.1257512489955 14.9762150420083
14.3375610086653 14.4367858197954 14.5360106309255 14.6352354420556 14.7344602531857 14.8165399471919 14.8929046021568 14.9692692571216 15.0456339120865 15.1219985670514 15.1983632220163 15.2747278769811 15.4132243050469 15.7381160524157 16.0630077997843 16.387899547153 16.7127912945218 17.0376830418905 17.3625747892592 17.6874665366279 17.7781066179276 17.7906628105376 17.8032190031476 17.8157751957576 17.8283313883676 17.8408875809776 17.8534437735876 17.8241743246716 17.6694279511771 17.5146815776826 17.3599352041882 17.2051888306937 17.0504424571992 16.8956960837048 16.7409497102103 16.5477656602861 16.3417690515519 16.1357724428178 15.9297758340837 15.7237792253495 15.5177826166154 15.3117860078813 15.1312250031366 15.0269708103605 14.9227166175843 14.8184624248081
14.144844865799 14.2451702594757 14.3454956531525 14.4458210468292 14.546146440506 14.6075151205063 14.6558982292811 14.704281338056 14.7526644468308 14.8010475556056 14.8494306643804 14.8978137731553 15.0012068430583 15.2696297963461 15.5380527496338 15.8064757029216 16.0748986562094 16.3433216094971 16.6117445627849 16.8801675160727 16.9461313009263 16.9446086963019 16.9430860916775 16.9415634870531 16.9400408824286 16.9385182778042 16.9369956731798 16.9019674777986 16.7664225101473 16.6308775424959 16.4953325748445 16.3597876071932 16.2242426395418 16.0886976718904 15.9531527042391 15.789998984337 15.6176423470181 15.4452857096992 15.2729290723802 15.1005724350613 14.9282157977424 14.7558591604234 14.6080688158672 14.5339773495993 14.4598858833314 14.3857944170635
13.9521287229326 14.053554699156 14.1549806753794 14.2564066516029 14.3578326278263 14.3984902938207 14.4188918564055 14.4392934189903 14.459694981575 14.4800965441598 14.5004981067446 14.5208996693294 14.5891893810696 14.8011435402765 15.0130976994833 15.2250518586901 15.4370060178969 15.6489601771037 15.8609143363106 16.0728684955174 16.114155983925 16.0985545820661 16.0829531802073 16.0673517783484 16.0517503764896 16.0361489746307 16.0205475727718 15.9797606309257 15.8634170691174 15.7470735073091 15.6307299455008 15.5143863836926 15.3980428218843 15.281699260076 15.1653556982678 15.0322323083879 14.8935156424842 14.7547989765804 14.6160823106767 14.477365644773 14.3386489788692 14.1999323129655 14.0849126285978 14.0409838888381 13.9970551490784 13.9531264093188
13.7594125800663 13.8619391388363 13.9644656976064 14.0669922563765 14.1695188151466 14.1894654671351 14.1818854835299 14.1743054999246 14.1667255163193 14.159145532714 14.1515655491088 14.1439855655035 14.177171919081 14.3326572842068 14.4881426493327 14.6436280144586 14.7991133795845 14.9545987447103 15.1100841098362 15.2655694749621 15.2821806669236 15.2525004678303 15.222820268737 15.1931400696438 15.1634598705505 15.1337796714572 15.1040994723639 15.0575537840527 14.9604116280875 14.8632694721223 14.7661273161571 14.668985160192 14.5718430042268 14.4747008482616 14.3775586922965 14.2744656324388 14.1693889379502 14.0643122434617 13.9592355489732 13.8541588544847 13.7490821599961 13.6440054655076 13.5617564413283 13.5479904280769 13.5342244148255 13.5204584015741
13.5666964371999 13.6703235785167 13.7739507198334 13.8775778611501 13.9812050024669 13.9804406404496 13.9448791106542 13.9093175808589 13.8737560510636 13.8381945212683 13.8026329914729 13.7670714616776 13.7651544570923 13.8641710281373 13.9631875991822 14.0622041702271 14.1612207412721 14.260237312317 14.3592538833619 14.4582704544069 14.4502053499223 14.4064463535946 14.3626873572669 14.3189283609392 14.2751693646115 14.2314103682837 14.187651371956 14.1353469371797 14.0574061870577 13.9794654369356 13.9015246868135 13.8235839366915 13.7456431865694 13.6677024364473 13.5897616863252 13.5166989564897 13.4452622334164 13.3738255103431 13.3023887872697 13.2309520641964 13.1595153411231 13.0880786180497 13.0386002540589 13.0549969673158 13.0713936805726 13.0877903938294
13.3739802943336 13.478708018197 13.5834357420604 13.6881634659237 13.7928911897871 13.771415813764 13.7078727377786 13.6443296617932 13.5807865858079 13.5172435098225 13.4537004338371 13.3901573578517 13.3531369951037 13.3956847720677 13.4382325490316 13.4807803259956 13.5233281029596 13.5658758799236 13.6084236568876 13.6509714338516 13.618230032921 13.5603922393588 13.5025544457967 13.4447166522345 13.3868788586724 13.3290410651102 13.2712032715481 13.2131400903067 13.1544007460278 13.0956614017488 13.0369220574698 12.9781827131909 12.9194433689119 12.8607040246329 12.8019646803539 12.7589322805406 12.7211355288825 12.6833387772243 12.6455420255662 12.6077452739081 12.56994852225 12.5321517705918 12.5154440667895 12.5620035065546 12.6085629463196 12.6551223860847
13.1776292933358 13.2755994187461 13.3735695441564 13.4715396695667 13.569509794977 13.5295927206676 13.4437132464515 13.3578337722355 13.2719542980195 13.1860748238034 13.1001953495874 13.0143158753714 12.9582473622428 12.991611732377 13.0249761025111 13.0583404726453 13.0917048427794 13.1250692129135 13.1584335830477 13.1917979531818 13.1509524822235 13.0853703975678 13.019788312912 12.9542062282563 12.8886241436005 12.8230420589447 12.757459974289 12.6975963513057 12.6548881133398 12.6121798753739 12.569471637408 12.5267633994421 12.4840551614761 12.4413469235102 12.3986386855443 12.3498570521673 12.2990509536531 12.248244855139 12.1974387566249 12.1466326581108 12.0958265595966 12.0450204610825 12.0230229960548 12.0874514314864 12.151879866918 12.2163083023496
12.9776434342067 13.0609977801641 13.1443521261215 13.227706472079 13.3110608180364 13.2549713611603 13.152400636673 13.0498299121857 12.9472591876984 12.8446884632111 12.7421177387238 12.6395470142365 12.5804855585099 12.6519519090653 12.7234182596207 12.7948846101761 12.8663509607315 12.9378173112869 13.0092836618424 13.0807500123978 13.0483726978302 12.9813808282217 12.9143889586131 12.8473970890045 12.780405219396 12.7134133497874 12.6464214801789 12.5887157201767 12.5588682889939 12.529020857811 12.4991734266281 12.4693259954453 12.4394785642624 12.4096311330795 12.3797837018967 12.28947327137 12.1790085077286 12.0685437440873 11.9580789804459 11.8476142168046 11.7371494531632 11.6266846895219 11.5613370418549 11.6313407421113 11.7013444423676 11.771348142624
12.7776575750775 12.8463961415821 12.9151347080867 12.9838732745913 13.0526118410958 12.9803500016531 12.8610880268945 12.7418260521359 12.6225640773774 12.5033021026188 12.3840401278602 12.2647781531017 12.2027237547769 12.3122920857536 12.4218604167303 12.531428747707 12.6409970786837 12.7505654096603 12.860133740637 12.9697020716137 12.9457929134369 12.8773912588756 12.8089896043142 12.7405879497528 12.6721862951915 12.6037846406301 12.5353829860688 12.4798350890478 12.4628484646479 12.4458618402481 12.4288752158483 12.4118885914485 12.3949019670487 12.3779153426488 12.360928718249 12.2290894905726 12.0589660618041 11.8888426330355 11.7187192042669 11.5485957754984 11.3784723467298 11.2083489179612 11.099651087655 11.1752300527361 11.2508090178172 11.3263879828983
12.5776717159483 12.6317945030001 12.6859172900518 12.7400400771035 12.7941628641553 12.7057286421458 12.569775417116 12.4338221920862 12.2978689670563 12.1619157420265 12.0259625169967 11.8900092919668 11.8249619510439 11.9726322624419 12.1203025738398 12.2679728852378 12.4156431966358 12.5633135080337 12.7109838194317 12.8586541308297 12.8432131290436 12.7734016895294 12.7035902500153 12.6337788105011 12.563967370987 12.4941559314728 12.4243444919586 12.3709544579188 12.366828640302 12.3627028226853 12.3585770050685 12.3544511874517 12.3503253698349 12.3461995522181 12.3420737346013 12.1687057097753 11.9389236158795 11.7091415219838 11.4793594280879 11.2495773341921 11.0197952402964 10.7900131464005 10.6379651334551 10.719119363361 10.8002735932668 10.8814278231727
12.3776858568192 12.4171928644181 12.4566998720169 12.4962068796158 12.5357138872147 12.4311072826386 12.2784628073375 12.1258183320364 11.9731738567353 11.8205293814342 11.6678849061331 11.515240430832 11.4472001473109 11.6329724391302 11.8187447309494 12.0045170227687 12.1902893145879 12.3760616064072 12.5618338982264 12.7476061900457 12.7406333446503 12.6694121201833 12.5981908957164 12.5269696712494 12.4557484467825 12.3845272223155 12.3133059978485 12.2620738267899 12.2708088159561 12.2795438051224 12.2882787942886 12.2970137834549 12.3057487726212 12.3144837617874 12.3232187509537 12.108321928978 11.818881169955 11.529440410932 11.239999651909 10.950558892886 10.661118133863 10.3716773748399 10.1762791792552 10.2630086739859 10.3497381687165 10.4364676634471
12.17769999769 12.202591225836 12.2274824539821 12.2523736821281 12.2772649102741 12.1564859231314 11.987150197559 11.8178144719866 11.6484787464143 11.4791430208419 11.3098072952695 11.1404715696971 11.0694383435779 11.2933126158185 11.517186888059 11.7410611602995 11.9649354325401 12.1888097047806 12.4126839770211 12.6365582492616 12.638053560257 12.5654225508372 12.4927915414175 12.4201605319977 12.347529522578 12.2748985131582 12.2022675037384 12.1531931956609 12.1747889916102 12.1963847875595 12.2179805835088 12.2395763794581 12.2611721754074 12.2827679713567 12.304363767306 12.0479381481807 11.6988387240305 11.3497392998803 11.00063987573 10.6515404515797 10.3024410274295 9.95334160327923 9.71459322505531 9.8068979846107 9.8992027441661 9.99150750372149
11.9961644570033 12.0020419200262 12.007919383049 12.0137968460719 12.0196743090948 11.8944161812465 11.7254461897745 11.5564761983024 11.3875062068304 11.2185362153584 11.0495662238863 10.8805962324143 10.8151009692086 11.0600298908022 11.3049588123957 11.5498877339892 11.7948166555828 12.0397455771764 12.2846744987699 12.5296034203635 12.5518663326899 12.4999072419273 12.4479481511646 12.3959890604019 12.3440299696392 12.2920708788766 12.2401117881139 12.2004222869873 12.1975415547689 12.1946608225504 12.191780090332 12.1888993581136 12.1860186258952 12.1831378936768 12.1802571614584 11.8939585645994 11.5131873461936 11.1324161277878 10.751644909382 10.3708736909762 9.99010247257035 9.60933125416447 9.34783563746347 9.4441668258773 9.54049801429114 9.63682920270497
11.833079234759 11.8155449469885 11.7980106592179 11.7804763714473 11.7629420836767 11.644898056984 11.4933507839839 11.3418035109838 11.1902562379838 11.0387089649837 10.8871616919836 10.7356144189835 10.684188024203 10.9331242640813 11.1820605039596 11.430996743838 11.6799329837163 11.9288692235946 12.177805463473 12.4267417033513 12.4820716619492 12.4728661934535 12.4636607249578 12.4544552564621 12.4452497879664 12.4360443194707 12.426838850975 12.403761100769 12.3390665054321 12.2743719100952 12.2096773147583 12.1449827194214 12.0802881240845 12.0155935287476 11.9508989334107 11.6463831782342 11.2619270364445 10.8774708946547 10.4930147528649 10.1085586110752 9.72410246928548 9.33964632749569 9.07600641647977 9.17481519778571 9.27362397909167 9.37243276039761
11.6699940125148 11.6290479739507 11.5881019353867 11.5471558968227 11.5062098582586 11.3953799327215 11.2612553781934 11.1271308236652 10.9930062691371 10.858881714609 10.7247571600808 10.5906326055527 10.5532750791973 10.8062186373605 11.0591621955236 11.3121057536867 11.5650493118498 11.8179928700129 12.070936428176 12.3238799863391 12.4122769912084 12.4458251449797 12.479373298751 12.5129214525223 12.5464696062936 12.5800177600648 12.6135659138361 12.6070999145508 12.4805914560954 12.35408299764 12.2275745391846 12.1010660807292 11.9745576222738 11.8480491638184 11.721540705363 11.3988077918689 11.0106667266953 10.6225256615216 10.2343845963479 9.84624353117426 9.4581024660006 9.06996140082688 8.80417719549604 8.9054635696941 9.00674994389218 9.10803631809024
11.5069087902705 11.442551000913 11.3781932115555 11.313835422198 11.2494776328405 11.145861808459 11.0291599724028 10.9124581363466 10.7957563002905 10.6790544642343 10.5623526281781 10.4456507921219 10.4223621341917 10.6793130106396 10.9362638870875 11.1932147635353 11.4501656399833 11.7071165164311 11.964067392879 12.2210182693269 12.3424823204676 12.4187840965059 12.4950858725442 12.5713876485824 12.6476894246207 12.723991200659 12.8002929766973 12.8104387283325 12.6221164067587 12.4337940851848 12.2454717636109 12.057149442037 11.8688271204631 11.6805047988892 11.4921824773153 11.1512324055037 10.7594064169461 10.3675804283885 9.97575443983087 9.5839284512733 9.19210246271571 8.80027647415807 8.53234797451232 8.6361119416025 8.73987590869269 8.84363987578287
11.3438235680263 11.2560540278753 11.1682844877244 11.0805149475734 10.9927454074224 10.8963436841965 10.7970645666123 10.6977854490281 10.5985063314438 10.4992272138596 10.3999480962754 10.3006689786911 10.2914491891861 10.5524073839188 10.8133655786514 11.0743237733841 11.3352819681167 11.5962401628494 11.857198357582 12.1181565523147 12.2726876497269 12.3917430480321 12.5107984463374 12.6298538446426 12.7489092429479 12.8679646412531 12.9870200395584 13.0137775421143 12.7636413574219 12.5135051727295 12.2633689880372 12.0132328033448 11.7630966186524 11.51296043396 11.2628242492677 10.9036570191384 10.5081461071969 10.1126351952554 9.71712428331386 9.32161337137236 8.92610245943085 8.53059154748928 8.26051875352862 8.36676031351091 8.47300187349322 8.57924343347551
11.180738345782 11.0695570548376 10.9583757638932 10.8471944729488 10.7360131820043 10.646825559934 10.5649691608218 10.4831127617095 10.4012563625972 10.3193999634849 10.2375435643726 10.1556871652603 10.1605362441804 10.4255017571979 10.6904672702153 10.9554327832327 11.2203982962502 11.4853638092677 11.7503293222851 12.0152948353025 12.2028929789861 12.3647019995583 12.5265110201306 12.6883200407028 12.850129061275 13.0119380818473 13.1737471024195 13.217116355896 12.9051663080852 12.5932162602743 12.2812662124634 11.9693161646526 11.6573661168417 11.3454160690309 11.03346602122 10.6560816327732 10.2568857974478 9.85768996212233 9.45849412679683 9.0592982914714 8.66010245614597 8.26090662082047 7.98868953254489 8.0974086854193 8.20612783829373 8.31484699116814
