data/working_set_collections/6091692-Cassins_Sparrow-MC/1990/bio11.asc
NCOLS 265 
NROWS 230 
XLLCORNER -115.5625 
YLLCORNER 24.8333333333333 
CELLSIZE 0.0833333333333333 
NODATA_value -9999 
[rows 20 to 39 of 230, columns 184 to 229 of 265]
-1.83480747739474 -1.85941792527835 -1.88402837316195 -1.91977112690608 -1.95922464927037 -1.99867817163467 -2.03813169399897 -2.07758521636327 -2.11703873872757 -2.15649226109187 -2.1951243797938 -2.23129228750864 -2.26746019522349 -2.30362810293833 -2.33979601065317 -2.37596391836802 -2.41213182608286 -2.4482997337977 -2.47945838371912 -2.50894728104273 -2.53843617836634 -2.56792507568995 -2.59741397301355 -2.62690287033716 -2.65639176766077 -2.69438365962769 -2.75788453552456 -2.82138541142145 -2.88488628731832 -2.9483871632152 -3.01188803911209 -3.07538891500896 -3.13888979090584 -3.17695815563202 -3.20654901663462 -3.23613987763723 -3.26573073863983 -3.29532159964244 -3.32491246064504 -3.35450332164765 -3.38998536997371 -3.44314098027017 -3.49629659056664 -3.5494522008631 -3.60260781115956 -3.65576342145602
-1.77518960436185 -1.79971042275429 -1.82423124114672 -1.86158825953801 -1.90322401126225 -1.9448597629865 -1.98649551471074 -2.02813126643498 -2.06976701815922 -2.11140276988347 -2.15268499851226 -2.19290665785471 -2.23312831719716 -2.27334997653961 -2.31357163588205 -2.3537932952245 -2.39401495456695 -2.43423661390939 -2.46786117156346 -2.49928669532139 -2.53071221907933 -2.56213774283726 -2.5935632665952 -2.62498879035313 -2.65641431411107 -2.69389000866147 -2.7495162155893 -2.80514242251713 -2.86076862944496 -2.91639483637279 -2.97202104330062 -3.02764725022845 -3.08327345715628 -3.11956083774567 -3.1494019428889 -3.17924304803212 -3.20908415317536 -3.23892525831858 -3.26876636346181 -3.29860746860504 -3.33212769097752 -3.37668526503774 -3.42124283909798 -3.4658004131582 -3.51035798721843 -3.55491556127866
-1.71557173132897 -1.74000292023023 -1.7644341091315 -1.80340539216996 -1.84722337325414 -1.89104135433832 -1.93485933542252 -1.9786773165067 -2.02249529759089 -2.06631327867508 -2.11024561723073 -2.15452102820078 -2.19879643917084 -2.24307185014088 -2.28734726111093 -2.33162267208099 -2.37589808305104 -2.42017349402109 -2.4562639594078 -2.48962610960006 -2.52298825979232 -2.55635040998458 -2.58971256017684 -2.6230747103691 -2.65643686056137 -2.69339635769525 -2.74114789565403 -2.78889943361282 -2.8366509715716 -2.88440250953038 -2.93215404748916 -2.97990558544794 -3.02765712340672 -3.06216351985932 -3.09225486914317 -3.12234621842702 -3.15243756771088 -3.18252891699473 -3.21262026627859 -3.24271161556244 -3.27427001198133 -3.31022954980532 -3.34618908762932 -3.38214862545332 -3.41810816327731 -3.45406770110131
-1.65595385829608 -1.68029541770617 -1.70463697711627 -1.74522252480189 -1.79122273524602 -1.83722294569015 -1.88322315613429 -1.92922336657842 -1.97522357702255 -2.02122378746668 -2.06780623594919 -2.11613539854685 -2.16446456114451 -2.21279372374216 -2.26112288633981 -2.30945204893747 -2.35778121153513 -2.40611037413278 -2.44466674725214 -2.47996552387873 -2.51526430050531 -2.5505630771319 -2.58586185375849 -2.62116063038507 -2.65645940701166 -2.69290270672903 -2.73277957571876 -2.7726564447085 -2.81253331369823 -2.85241018268796 -2.8922870516777 -2.93216392066743 -2.97204078965717 -3.00476620197296 -3.03510779539744 -3.06544938882192 -3.0957909822464 -3.12613257567088 -3.15647416909536 -3.18681576251984 -3.21641233298514 -3.2437738345729 -3.27113533616067 -3.29849683774843 -3.32585833933619 -3.35321984092395
-1.60274056692918 -1.62809220121966 -1.65344383551015 -1.69395023485025 -1.73950822254021 -1.78506621023018 -1.83062419792016 -1.87618218561013 -1.9217401733001 -1.96729816099008 -2.01389465298917 -2.06360665791564 -2.11331866284211 -2.16303066776858 -2.21274267269505 -2.26245467762152 -2.31216668254799 -2.36187868747446 -2.40084884266059 -2.43623838126659 -2.4716279198726 -2.50701745847861 -2.54240699708462 -2.57779653569062 -2.61318607429664 -2.64850834740533 -2.68362882402208 -2.71874930063884 -2.75386977725559 -2.78899025387234 -2.8241107304891 -2.85923120710585 -2.8943516837226 -2.92597692410152 -2.95643708573448 -2.98689724736744 -3.0173574090004 -3.04781757063336 -3.07827773226632 -3.10873789389929 -3.13718810743756 -3.15960847669178 -3.182028845946 -3.20444921520022 -3.22686958445444 -3.24928995370866
-1.55593185722828 -1.58339327077071 -1.61085468431314 -1.64958852231503 -1.69207983513673 -1.73457114795843 -1.77706246078015 -1.81955377360185 -1.86204508642355 -1.90453639924527 -1.94851086835066 -1.99693480630715 -2.04535874426365 -2.09378268222014 -2.14220662017663 -2.19063055813313 -2.23905449608962 -2.28747843404611 -2.32481024563313 -2.35844468176365 -2.39207911789418 -2.4257135540247 -2.45934799015523 -2.49298242628575 -2.52661686241628 -2.56021327972413 -2.59369564056397 -2.62717800140382 -2.66066036224366 -2.6941427230835 -2.72762508392335 -2.76110744476319 -2.79458980560303 -2.82579568624498 -2.85624274015428 -2.88668979406358 -2.91713684797288 -2.94758390188218 -2.97803095579148 -3.00847800970079 -3.0365973353386 -3.05773347616197 -3.07886961698533 -3.1000057578087 -3.12114189863206 -3.14227803945543
-1.50912314752738 -1.53869434032175 -1.56826553311613 -1.6052268097798 -1.64465144773324 -1.68407608568668 -1.72350072364013 -1.76292536159356 -1.802349999547 -1.84177463750045 -1.88312708371215 -1.93026295469866 -1.97739882568518 -2.0245346966717 -2.07167056765821 -2.11880643864473 -2.16594230963124 -2.21307818061775 -2.24877164860567 -2.28065098226071 -2.31253031591575 -2.34440964957079 -2.37628898322583 -2.40816831688086 -2.44004765053591 -2.47191821204292 -2.50376245710585 -2.53560670216879 -2.56745094723172 -2.59929519229465 -2.63113943735759 -2.66298368242053 -2.69482792748346 -2.72561444838843 -2.75604839457407 -2.78648234075971 -2.81691628694535 -2.84735023313099 -2.87778417931663 -2.90821812550228 -2.93600656323964 -2.95585847563215 -2.97571038802466 -2.99556230041717 -3.01541421280968 -3.03526612520219
-1.46231443782647 -1.49399540987279 -1.52567638191912 -1.56086509724458 -1.59722306032975 -1.63358102341493 -1.6699389865001 -1.70629694958528 -1.74265491267045 -1.77901287575563 -1.81774329907364 -1.86359110309018 -1.90943890710672 -1.95528671112325 -2.00113451513979 -2.04698231915633 -2.09283012317286 -2.1386779271894 -2.17273305157821 -2.20285728275776 -2.23298151393732 -2.26310574511687 -2.29322997629643 -2.32335420747598 -2.35347843865554 -2.38362314436171 -2.41382927364773 -2.44403540293376 -2.47424153221978 -2.50444766150581 -2.53465379079184 -2.56485992007786 -2.59506604936388 -2.62543321053188 -2.65585404899386 -2.68627488745584 -2.71669572591782 -2.7471165643798 -2.77753740284178 -2.80795824130377 -2.83541579114067 -2.85398347510232 -2.87255115906398 -2.89111884302564 -2.90968652698729 -2.92825421094895
-1.41550572812557 -1.44929647942384 -1.48308723072211 -1.51650338470936 -1.54979467292627 -1.58308596114318 -1.61637724936009 -1.649668537577 -1.6829598257939 -1.71625111401082 -1.75235951443513 -1.79691925148169 -1.84147898852826 -1.88603872557481 -1.93059846262137 -1.97515819966794 -2.01971793671449 -2.06427767376105 -2.09669445455075 -2.12506358325482 -2.15343271195889 -2.18180184066297 -2.21017096936703 -2.2385400980711 -2.26690922677518 -2.29532807668051 -2.32389609018962 -2.35246410369874 -2.38103211720785 -2.40960013071697 -2.43816814422609 -2.4667361577352 -2.49530417124431 -2.52525197267534 -2.55565970341366 -2.58606743415198 -2.6164751648903 -2.64688289562862 -2.67729062636694 -2.70769835710527 -2.73482501904171 -2.75210847457251 -2.76939193010332 -2.78667538563412 -2.80395884116492 -2.82124229669572
-1.36869701842467 -1.40459754897488 -1.4404980795251 -1.47214167217414 -1.50236628552278 -1.53259089887142 -1.56281551222007 -1.59304012556871 -1.62326473891735 -1.653489352266 -1.68697572979662 -1.7302473998732 -1.77351906994979 -1.81679074002637 -1.86006241010295 -1.90333408017954 -1.94660575025612 -1.9898774203327 -2.02065585752329 -2.04726988375187 -2.07388390998046 -2.10049793620905 -2.12711196243764 -2.15372598866622 -2.18034001489481 -2.2070330089993 -2.2339629067315 -2.26089280446371 -2.28782270219592 -2.31475259992812 -2.34168249766033 -2.36861239539253 -2.39554229312474 -2.42507073481879 -2.45546535783345 -2.48585998084811 -2.51625460386277 -2.54664922687743 -2.57704384989209 -2.60743847290676 -2.63423424694274 -2.65023347404269 -2.66623270114264 -2.68223192824259 -2.69823115534254 -2.71423038244249
-1.30886349231005 -1.34607175737619 -1.38328002244234 -1.41401005188624 -1.44258066945606 -1.47115128702588 -1.4997219045957 -1.52829252216551 -1.55686313973533 -1.58543375730515 -1.61722450223234 -1.65867562923166 -1.70012675623099 -1.74157788323032 -1.78302901022964 -1.82448013722897 -1.86593126422829 -1.90738239122761 -1.93695326546829 -1.96256405545606 -1.98817484544383 -2.01378563543161 -2.03939642541939 -2.06500721540716 -2.09061800539494 -2.11652100450463 -2.14330063098007 -2.17008025745551 -2.19685988393095 -2.22363951040639 -2.25041913688183 -2.27719876335727 -2.30397838983271 -2.33197534382344 -2.36037807365259 -2.38878080348174 -2.4171835333109 -2.44558626314005 -2.4739889929692 -2.50239172279835 -2.52753201689986 -2.54288500381841 -2.55823799073697 -2.57359097765553 -2.58894396457408 -2.60429695149264
-1.23600514978171 -1.27371910462777 -1.31143305947383 -1.34210852384568 -1.37043782472611 -1.39876712560654 -1.42709642648698 -1.45542572736741 -1.48375502824784 -1.51208432912827 -1.54310583174229 -1.58220393955708 -1.62130204737187 -1.66040015518666 -1.69949826300145 -1.73859637081624 -1.77769447863103 -1.81679258644581 -1.84558667838575 -1.87094609836738 -1.89630551834902 -1.92166493833066 -1.9470243583123 -1.97238377829394 -1.99774319827558 -2.02379206319651 -2.05190926293533 -2.08002646267415 -2.10814366241297 -2.13626086215179 -2.16437806189061 -2.19249526162943 -2.22061246136825 -2.2459657996893 -2.2703978508711 -2.29482990205289 -2.31926195323468 -2.34369400441648 -2.36812605559827 -2.39255810678007 -2.41471832891307 -2.43006306389969 -2.44540779888632 -2.46075253387294 -2.47609726885956 -2.49144200384618
-1.16314680725336 -1.20136645187934 -1.23958609650532 -1.27020699580511 -1.29829497999616 -1.3263829641872 -1.35447094837825 -1.3825589325693 -1.41064691676034 -1.43873490095139 -1.46898716125224 -1.50573224988249 -1.54247733851274 -1.57922242714299 -1.61596751577324 -1.6527126044035 -1.68945769303375 -1.726202781664 -1.7542200913032 -1.7793281412787 -1.8044361912542 -1.8295442412297 -1.8546522912052 -1.8797603411807 -1.90486839115621 -1.93106312188838 -1.96051789489058 -1.98997266789278 -2.01942744089498 -2.04888221389718 -2.07833698689938 -2.10779175990158 -2.13724653290378 -2.15995625555516 -2.18041762808959 -2.20087900062403 -2.22134037315847 -2.2418017456929 -2.26226311822733 -2.28272449076177 -2.30190464092627 -2.31724112398096 -2.33257760703565 -2.34791409009034 -2.36325057314503 -2.37858705619972
-1.09028846472502 -1.12901379913092 -1.16773913353681 -1.19830546776454 -1.2261521352662 -1.25399880276786 -1.28184547026952 -1.30969213777118 -1.33753880527284 -1.36538547277451 -1.39486849076218 -1.4292605602079 -1.46365262965362 -1.49804469909933 -1.53243676854504 -1.56682883799076 -1.60122090743648 -1.63561297688219 -1.66285350422065 -1.68771018419001 -1.71256686415938 -1.73742354412874 -1.7622802240981 -1.78713690406747 -1.81199358403683 -1.83833418058025 -1.86912652684583 -1.89991887311141 -1.93071121937699 -1.96150356564257 -1.99229591190815 -2.02308825817373 -2.05388060443931 -2.07394671142102 -2.09043740530809 -2.10692809919517 -2.12341879308225 -2.13990948696932 -2.15640018085639 -2.17289087474347 -2.18909095293947 -2.20441918406222 -2.21974741518498 -2.23507564630774 -2.2504038774305 -2.26573210855326
-1.01743012219668 -1.05666114638249 -1.09589217056831 -1.12640393972398 -1.15400929053625 -1.18161464134853 -1.2092199921608 -1.23682534297308 -1.26443069378535 -1.29203604459763 -1.32074982027213 -1.35278887053331 -1.38482792079449 -1.41686697105567 -1.44890602131685 -1.48094507157803 -1.51298412183921 -1.54502317210039 -1.57148691713811 -1.59609222710134 -1.62069753706456 -1.64530284702779 -1.66990815699101 -1.69451346695424 -1.71911877691747 -1.74560523927213 -1.77773515880109 -1.80986507833005 -1.84199499785901 -1.87412491738797 -1.90625483691693 -1.93838475644589 -1.97051467597485 -1.98793716728689 -2.0004571825266 -2.01297719776632 -2.02549721300603 -2.03801722824575 -2.05053724348547 -2.06305725872518 -2.07627726495268 -2.0915972441435 -2.10691722333433 -2.12223720252515 -2.13755718171598 -2.15287716090681
-0.944571779668335 -0.984308493634066 -1.0240452075998 -1.05450241168341 -1.0818664458063 -1.10923047992918 -1.13659451405208 -1.16395854817497 -1.19132258229786 -1.21868661642075 -1.24663114978208 -1.27631718085872 -1.30600321193537 -1.33568924301201 -1.36537527408865 -1.3950613051653 -1.42474733624194 -1.45443336731858 -1.48012033005556 -1.50447427001265 -1.52882820996974 -1.55318214992683 -1.57753608988392 -1.60189002984101 -1.6262439697981 -1.652876297964 -1.68634379075634 -1.71981128354868 -1.75327877634102 -1.78674626913336 -1.8202137619257 -1.85368125471804 -1.88714874751038 -1.90192762315274 -1.9104769597451 -1.91902629633746 -1.92757563292981 -1.93612496952217 -1.94467430611453 -1.95322364270688 -1.96346357696587 -1.97877530422477 -1.99408703148366 -2.00939875874256 -2.02471048600145 -2.04002221326035
-0.871175521363816 -0.911151573475864 -0.951127625587911 -0.982028803726041 -1.00990502387285 -1.03778124401967 -1.06565746416649 -1.0935336843133 -1.12140990446011 -1.14928612460693 -1.17724047684007 -1.20542922533221 -1.23361797382434 -1.26180672231648 -1.28999547080861 -1.31818421930075 -1.34637296779288 -1.37456171628502 -1.39967510501544 -1.42376337382529 -1.44785164263513 -1.47193991144499 -1.49602818025483 -1.52011644906468 -1.54420471787453 -1.57053818669584 -1.60360725555155 -1.63667632440726 -1.66974539326297 -1.70281446211868 -1.73588353097439 -1.7689525998301 -1.80202166868581 -1.81487416327001 -1.82098779976369 -1.82710143625737 -1.83321507275105 -1.83932870924474 -1.84544234573842 -1.8515559822321 -1.85992181102436 -1.87504421671232 -1.89016662240029 -1.90528902808826 -1.92041143377623 -1.9355338394642
-0.797241347283131 -0.837190385907892 -0.877139424532653 -0.908983115851887 -0.938125024735933 -0.96726693361998 -0.996408842504031 -1.02555075138808 -1.05469266027212 -1.08383456915618 -1.11257780144612 -1.14012500395378 -1.16767220646144 -1.19521940896909 -1.22276661147674 -1.2503138139844 -1.27786101649205 -1.30540821899971 -1.33015124201775 -1.35395953853926 -1.37776783506076 -1.40157613158227 -1.42538442810377 -1.44919272462527 -1.47300102114678 -1.49859090546767 -1.52952555318674 -1.56046020090581 -1.59139484862487 -1.62232949634394 -1.653264144063 -1.68419879178207 -1.71513343950113 -1.72677678763868 -1.73198970258237 -1.73720261752607 -1.74241553246976 -1.74762844741346 -1.75284136235715 -1.75805427730085 -1.76565196712813 -1.78040398160618 -1.79515599608423 -1.80990801056227 -1.82466002504032 -1.83941203951837
-0.723307173202439 -0.763229198339914 -0.803151223477389 -0.835937427977726 -0.866345025599006 -0.896752623220286 -0.927160220841571 -0.957567818462851 -0.987975416084131 -1.01838301370542 -1.04791512605217 -1.07482078257534 -1.10172643909852 -1.1286320956217 -1.15553775214487 -1.18244340866805 -1.20934906519122 -1.23625472171439 -1.26062737902006 -1.28415570325322 -1.30768402748638 -1.33121235171954 -1.3547406759527 -1.37826900018586 -1.40179732441903 -1.4266436242395 -1.45544385082192 -1.48424407740435 -1.51304430398677 -1.54184453056919 -1.57064475715161 -1.59944498373403 -1.62824521031645 -1.63867941200734 -1.64299160540105 -1.64730379879476 -1.65161599218847 -1.65592818558217 -1.66024037897588 -1.66455257236959 -1.6713821232319 -1.68576374650002 -1.70014536976815 -1.71452699303628 -1.72890861630441 -1.74329023957254
-0.649372999121747 -0.689268010771936 -0.729163022422125 -0.762891740103566 -0.794565026462079 -0.826238312820592 -0.857911599179112 -0.889584885537625 -0.921258171896138 -0.952931458254657 -0.983252450658217 -1.00951656119691 -1.03578067173561 -1.0620447822743 -1.08830889281299 -1.11457300335169 -1.14083711389038 -1.16710122442908 -1.19110351602237 -1.21435186796718 -1.237600219912 -1.26084857185682 -1.28409692380164 -1.30734527574645 -1.33059362769127 -1.35469634301133 -1.3813621484571 -1.40802795390288 -1.43469375934866 -1.46135956479444 -1.48802537024022 -1.51469117568599 -1.54135698113177 -1.55058203637601 -1.55399350821973 -1.55740498006345 -1.56081645190717 -1.56422792375089 -1.56763939559461 -1.57105086743833 -1.57711227933567 -1.59112351139387 -1.60513474345208 -1.61914597551029 -1.63315720756849 -1.6471684396267
