data/working_set_collections/6091692-Cassins_Sparrow-MC/1990/bio1.asc
NCOLS 265 
NROWS 230 
XLLCORNER -115.5625 
YLLCORNER 24.8333333333333 
CELLSIZE 0.0833333333333333 
NODATA_value -9999 
[rows 140 to 159 of 230, columns 92 to 137 of 265]
15.8506298674477 15.9445583211051 16.0384867747624 16.1324152284198 16.2263436820772 16.276176850001 16.311311589347 16.3464463286929 16.3815810680389 16.4167158073849 16.4518505467309 16.4869852860768 16.5073458459642 16.4833838674757 16.4594218889872 16.4354599104987 16.4114979320102 16.3875359535217 16.3635739750332 16.3396119965447 16.1916764100393 16.0024162875282 15.813156165017 15.6238960425059 15.4346359199948 15.2453757974836 15.0561156749725 14.9428482903374 15.0575591193304 15.1722699483235 15.2869807773166 15.4016916063096 15.5164024353027 15.6311132642957 15.7458240932888 15.9347345829009 16.1483782927195 16.362022002538 16.5756657123565 16.789309422175 17.0029531319935 17.2165968418121 17.3911796834734 17.4485799206628 17.5059801578522 17.5633803950416
16.0589622206158 16.1456636243396 16.2323650280634 16.3190664317872 16.4057678355111 16.4450765450795 16.4685876899295 16.4920988347795 16.5156099796295 16.5391211244795 16.5626322693295 16.5861434141795 16.5984026485019 16.5769061512417 16.5554096539815 16.5339131567213 16.5124166594611 16.4909201622009 16.4694236649407 16.4479271676805 16.3190842787425 16.1544592592452 15.9898342397478 15.8252092202505 15.6605842007531 15.4959591812558 15.3313341617584 15.2311741299099 15.324409061008 15.4176439921061 15.5108789232042 15.6041138543023 15.6973487854004 15.7905837164984 15.8838186475965 16.0540271282196 16.2498934586842 16.4457597891489 16.6416261196136 16.8374924500783 17.0333587805429 17.2292251110077 17.395738002989 17.4741905795203 17.5526431560516 17.6310957325829
16.2672945737838 16.3467689275741 16.4262432813644 16.5057176351547 16.585191988945 16.6139762401581 16.6258637905121 16.6377513408661 16.6496388912201 16.6615264415741 16.6734139919281 16.6853015422821 16.6894594510396 16.6704284350077 16.6513974189758 16.6323664029439 16.613335386912 16.5943043708801 16.5752733548482 16.5562423388163 16.4464921474457 16.3065022309621 16.1665123144785 16.026522397995 15.8865324815114 15.7465425650278 15.6065526485443 15.5194999694824 15.5912590026855 15.6630180358886 15.7347770690917 15.8065361022949 15.878295135498 15.9500541687011 16.0218132019043 16.1733196735382 16.351408624649 16.5294975757598 16.7075865268707 16.8856754779815 17.0637644290924 17.2418533802032 17.4002963225047 17.4998012383779 17.5993061542511 17.6988110701243
16.4756269269519 16.5478742308086 16.6201215346654 16.6923688385221 16.7646161423789 16.7828759352366 16.7831398910946 16.7834038469526 16.7836678028107 16.7839317586687 16.7841957145267 16.7844596703847 16.7805162535773 16.7639507187737 16.7473851839701 16.7308196491665 16.7142541143629 16.6976885795593 16.6811230447557 16.6645575099521 16.5739000161489 16.4585452026791 16.3431903892093 16.2278355757395 16.1124807622698 15.9971259488 15.8817711353302 15.8078258090549 15.858108944363 15.9083920796712 15.9586752149793 16.0089583502875 16.0592414855957 16.1095246209038 16.159807756212 16.2926122188568 16.4529237906138 16.6132353623708 16.7735469341278 16.9338585058848 17.0941700776418 17.2544816493988 17.4048546420203 17.5254118972354 17.6459691524505 17.7665264076656
16.611097574234 16.6824155648549 16.7537335554759 16.8250515460968 16.8963695367177 16.909121354421 16.902351114485 16.895580874549 16.888810634613 16.882040394677 16.8752701547411 16.8684999148051 16.8595966974894 16.8442945480347 16.8289923985799 16.8136902491252 16.7983880996704 16.7830859502156 16.7677838007609 16.7524816513061 16.6742719491323 16.5750930627187 16.4759141763051 16.3767352898916 16.277556403478 16.1783775170644 16.0791986306508 16.0136317147149 16.0489007102118 16.0841697057088 16.1194387012058 16.1547076967027 16.1899766921997 16.2252456876967 16.2605146831936 16.3823046843211 16.5329350206587 16.6835653569963 16.8341956933339 16.9848260296715 17.1354563660091 17.2860867023468 17.4333920160929 17.5707222620646 17.7080525080363 17.8453827540079
16.6737065156301 16.7503929297129 16.8270793437958 16.9037657578786 16.9804521719614 16.9927124977112 16.9834974606832 16.9742824236552 16.9650673866272 16.9558523495992 16.9466373125712 16.9374222755432 16.9267007827759 16.9114599227905 16.8962190628052 16.8809782028198 16.8657373428345 16.8504964828491 16.8352556228638 16.8200147628784 16.7476079463959 16.6561458110809 16.564683675766 16.473221540451 16.3817594051361 16.2902972698212 16.1988351345062 16.1369176864624 16.1636343002319 16.1903509140014 16.217067527771 16.2437841415405 16.27050075531 16.2972173690796 16.3239339828491 16.442397069931 16.5914423147837 16.7404875596364 16.8895328044891 17.0385780493418 17.1876232941945 17.3366685390472 17.4859084447224 17.6357323328653 17.7855562210083 17.9353801091512
16.7363154570261 16.8183702945709 16.9004251321157 16.9824799696604 17.0645348072052 17.0763036410014 17.0646438068814 17.0529839727614 17.0413241386414 17.0296643045213 17.0180044704013 17.0063446362813 16.9938048680623 16.9786252975464 16.9634457270304 16.9482661565145 16.9330865859985 16.9179070154826 16.9027274449666 16.8875478744507 16.8209439436595 16.7371985594432 16.6534531752268 16.5697077910105 16.4859624067942 16.4022170225779 16.3184716383616 16.2602036582099 16.278367890252 16.2965321222941 16.3146963543362 16.3328605863783 16.3510248184204 16.3691890504625 16.3873532825046 16.5024894555409 16.6499496089087 16.7974097622765 16.9448699156443 17.0923300690121 17.2397902223798 17.3872503757476 17.538424873352 17.7007424036661 17.8630599339803 18.0253774642944
16.7989243984222 16.8863476594289 16.9737709204356 17.0611941814422 17.1486174424489 17.1598947842916 17.1457901530796 17.1316855218675 17.1175808906555 17.1034762594435 17.0893716282315 17.0752669970194 17.0609089533488 17.0457906723022 17.0306723912557 17.0155541102091 17.0004358291626 16.985317548116 16.9701992670695 16.9550809860229 16.8942799409231 16.8182513078054 16.7422226746877 16.66619404157 16.5901654084524 16.5141367753347 16.438108142217 16.3834896299574 16.3931014802721 16.4027133305867 16.4123251809014 16.4219370312161 16.4315488815308 16.4411607318454 16.4507725821601 16.5625818411509 16.7084569030337 16.8543319649166 17.0002070267995 17.1460820886823 17.2919571505652 17.4378322124481 17.5909413019816 17.7657524744669 17.9405636469523 18.1153748194376
16.8615333398183 16.9543250242869 17.0471167087555 17.139908393224 17.2327000776926 17.2434859275818 17.2269364992777 17.2103870709737 17.1938376426697 17.1772882143656 17.1607387860616 17.1441893577576 17.1280130386352 17.1129560470581 17.0978990554809 17.0828420639038 17.0677850723267 17.0527280807495 17.0376710891724 17.0226140975952 16.9676159381866 16.8993040561676 16.8309921741486 16.7626802921295 16.6943684101105 16.6260565280914 16.5577446460724 16.5067756017049 16.5078350702921 16.5088945388794 16.5099540074666 16.5110134760539 16.5120729446411 16.5131324132283 16.5141918818156 16.6226742267608 16.7669641971588 16.9112541675567 17.0555441379547 17.1998341083526 17.3441240787506 17.4884140491485 17.6434577306111 17.8307625452677 18.0180673599243 18.2053721745808
16.9241422812144 17.0223023891449 17.1204624970754 17.2186226050059 17.3167827129364 17.327077070872 17.3080828454759 17.2890886200799 17.2700943946838 17.2511001692878 17.2321059438917 17.2131117184957 17.1951171239217 17.180121421814 17.1651257197062 17.1501300175985 17.1351343154907 17.120138613383 17.1051429112752 17.0901472091675 17.0409519354502 16.9803568045298 16.9197616736094 16.859166542689 16.7985714117686 16.7379762808482 16.6773811499278 16.6300615734524 16.6225686603122 16.615075747172 16.6075828340318 16.6000899208916 16.5925970077515 16.5851040946113 16.5776111814711 16.6827666123708 16.8254714912838 16.9681763701968 17.1108812491099 17.2535861280229 17.3962910069359 17.538995885849 17.6959741592407 17.8957726160685 18.0955710728963 18.2953695297241
16.9658541096581 17.064056136873 17.1622581640879 17.2604601913028 17.3586622185177 17.3725048700968 17.3582277297974 17.3439505894979 17.3296734491984 17.3153963088989 17.3011191685994 17.2868420283 17.2713624636332 17.2522756258647 17.2331887880961 17.2141019503275 17.195015112559 17.1759282747904 17.1568414370219 17.1377545992533 17.0921739260356 17.0377619743347 16.9833500226339 16.928938070933 16.8745261192322 16.8201141675313 16.7657022158305 16.7223437627156 16.7121458053589 16.7019478480021 16.6917498906453 16.6815519332886 16.6713539759318 16.661156018575 16.6509580612182 16.7448572476705 16.873455482059 17.0020537164476 17.1306519508362 17.2592501852247 17.3878484196133 17.5164466540019 17.6645433425903 17.8711353937784 18.0777274449666 18.2843194961548
16.9866688251495 17.0795862674713 17.1725037097931 17.2654211521148 17.3583385944366 17.3797693252563 17.377371152242 17.3749729792277 17.3725748062134 17.370176633199 17.3677784601847 17.3653802871704 17.3567490577698 17.3294186592102 17.3020882606506 17.2747578620911 17.2474274635315 17.2200970649719 17.1927666664124 17.1654362678528 17.1212819099426 17.0715195655823 17.0217572212219 16.9719948768616 16.9222325325012 16.8724701881409 16.8227078437805 16.7836221694946 16.7765665054321 16.7695108413696 16.7624551773071 16.7553995132446 16.7483438491821 16.7412881851196 16.7342325210571 16.8089461326599 16.9109161694844 17.012886206309 17.1148562431335 17.2168262799581 17.3187963167826 17.4207663536072 17.54916528066 17.7568508783976 17.9645364761352 18.1722220738729
17.0074835406409 17.0951163980696 17.1827492554982 17.2703821129269 17.3580149703556 17.3870337804158 17.3965145746867 17.4059953689575 17.4154761632283 17.4249569574992 17.43443775177 17.4439185460408 17.4421356519063 17.4065616925557 17.3709877332052 17.3354137738546 17.299839814504 17.2642658551534 17.2286918958028 17.1931179364522 17.1503898938497 17.1052771568298 17.06016441981 17.0150516827901 16.9699389457703 16.9248262087504 16.8797134717306 16.8449005762736 16.8409872055054 16.8370738347371 16.8331604639689 16.8292470932007 16.8253337224324 16.8214203516642 16.817506980896 16.8730350176493 16.9483768569098 17.0237186961704 17.0990605354309 17.1744023746914 17.249744213952 17.3250860532125 17.4337872187296 17.6425663630167 17.8513455073039 18.060124651591
17.0282982561323 17.1106465286679 17.1929948012034 17.2753430737389 17.3576913462745 17.3942982355754 17.4156579971313 17.4370177586873 17.4583775202433 17.4797372817993 17.5010970433553 17.5224568049113 17.5275222460429 17.4837047259013 17.4398872057597 17.3960696856181 17.3522521654765 17.3084346453349 17.2646171251933 17.2207996050517 17.1794978777568 17.1390347480774 17.098571618398 17.0581084887187 17.0176453590393 16.9771822293599 16.9367190996806 16.9061789830526 16.9054079055786 16.9046368281046 16.9038657506307 16.9030946731567 16.9023235956828 16.9015525182088 16.9007814407348 16.9371239026387 16.9858375443352 17.0345511860317 17.0832648277283 17.1319784694248 17.1806921111213 17.2294057528178 17.3184091567993 17.5282818476359 17.7381545384725 17.9480272293091
17.0491129716237 17.1261766592661 17.2032403469086 17.280304034551 17.3573677221934 17.4015626907349 17.434801419576 17.4680401484171 17.5012788772583 17.5345176060994 17.5677563349406 17.6009950637817 17.6129088401794 17.5608477592468 17.5087866783142 17.4567255973816 17.404664516449 17.3526034355164 17.3005423545837 17.2484812736511 17.2086058616638 17.172792339325 17.1369788169861 17.1011652946472 17.0653517723084 17.0295382499695 16.9937247276306 16.9674573898315 16.9698286056518 16.9721998214722 16.9745710372925 16.9769422531128 16.9793134689331 16.9816846847534 16.9840559005737 17.0012127876282 17.0232982317606 17.0453836758931 17.0674691200256 17.0895545641581 17.1116400082906 17.1337254524231 17.2030310948689 17.413997332255 17.6249635696411 17.8359298070271
17.0699276871151 17.1417067898644 17.2134858926137 17.285264995363 17.3570440981123 17.4088271458944 17.4539448420207 17.499062538147 17.5441802342733 17.5892979303996 17.6344156265259 17.6795333226522 17.698295434316 17.6379907925924 17.5776861508687 17.5173815091451 17.4570768674215 17.3967722256978 17.3364675839742 17.2761629422506 17.2377138455709 17.2065499305725 17.1753860155741 17.1442221005758 17.1130581855774 17.081894270579 17.0507303555806 17.0287357966105 17.0342493057251 17.0397628148397 17.0452763239543 17.0507898330688 17.0563033421834 17.061816851298 17.0673303604126 17.0653016726176 17.0607589191861 17.0562161657545 17.051673412323 17.0471306588915 17.0425879054599 17.0380451520284 17.0876530329386 17.2997128168741 17.5117726008097 17.7238323847452
17.0393260452482 17.1194814708498 17.1996368964513 17.2797923220528 17.3599477476544 17.4201596895854 17.4737238036262 17.527287917667 17.5808520317077 17.6344161457485 17.6879802597893 17.7415443738301 17.7655377335019 17.7008188300663 17.6360999266307 17.5713810231951 17.5066621197595 17.4419432163239 17.3772243128883 17.3125054094527 17.2748477935791 17.2462106068929 17.2175734202067 17.1889362335205 17.1602990468343 17.1316618601481 17.1030246734619 17.084348906411 17.0955573982662 17.1067658901214 17.1179743819766 17.1291828738318 17.140391365687 17.1515998575422 17.1628083493974 17.1448659102122 17.1172064940135 17.0895470778147 17.061887661616 17.0342282454173 17.0065688292186 16.9789094130198 17.0077433904012 17.2060575485229 17.4043717066447 17.6026858647664
16.957308046023 17.0595007022222 17.1616933584213 17.2638860146204 17.3660786708196 17.4355603218078 17.4941383043925 17.5527162869771 17.6112942695618 17.6698722521464 17.728450234731 17.7870282173157 17.814635737737 17.7493318716685 17.6840280056 17.6187241395315 17.5534202734629 17.4881164073944 17.4228125413259 17.3575086752574 17.3200077056885 17.2917743682861 17.2635410308838 17.2353076934814 17.2070743560791 17.1788410186768 17.1506076812744 17.1342967192332 17.1537528832753 17.1732090473175 17.1926652113596 17.2121213754018 17.231577539444 17.2510337034861 17.2704898675283 17.239905500412 17.1926409562429 17.1453764120738 17.0981118679047 17.0508473237356 17.0035827795665 16.9563182353974 16.9633021672566 17.1330315272013 17.302760887146 17.4724902470906
16.8752900467978 16.9995199335946 17.1237498203913 17.247979707188 17.3722095939848 17.4509609540303 17.5145528051588 17.5781446562873 17.6417365074158 17.7053283585442 17.7689202096727 17.8325120608012 17.8637337419722 17.7978449132707 17.7319560845693 17.6660672558679 17.6001784271664 17.534289598465 17.4684007697635 17.4025119410621 17.3651676177978 17.3373381296794 17.3095086415609 17.2816791534424 17.2538496653239 17.2260201772054 17.1981906890869 17.1842445320553 17.2119483682844 17.2396522045135 17.2673560407426 17.2950598769718 17.3227637132009 17.35046754943 17.3781713856591 17.3349450906118 17.2680754184723 17.2012057463328 17.1343360741933 17.0674664020538 17.0005967299144 16.9337270577749 16.9188609441121 17.0600055058797 17.2011500676473 17.3422946294149
16.7932720475726 16.939539164967 17.0858062823613 17.2320733997557 17.37834051715 17.4663615862528 17.5349673059251 17.6035730255975 17.6721787452698 17.7407844649421 17.8093901846144 17.8779959042867 17.9128317462073 17.846357954873 17.7798841635386 17.7134103722043 17.6469365808699 17.5804627895355 17.5139889982012 17.4475152068668 17.4103275299072 17.3829018910726 17.355476252238 17.3280506134033 17.3006249745687 17.273199335734 17.2457736968994 17.2341923448774 17.2701438532935 17.3060953617096 17.3420468701256 17.3779983785417 17.4139498869578 17.4499013953738 17.4858529037899 17.4299846808116 17.3435098807017 17.2570350805919 17.170560280482 17.0840854803721 16.9976106802623 16.9111358801524 16.8744197209676 16.9869794845581 17.0995392481486 17.2120990117391
