data/working_set_collections/6091692-Cassins_Sparrow-MC/1990/bio10.asc
NCOLS 265 
NROWS 230 
XLLCORNER -115.5625 
YLLCORNER 24.8333333333333 
CELLSIZE 0.0833333333333333 
NODATA_value -9999 
[rows 160 to 179 of 230, columns 138 to 183 of 265]
25.6971321582794 25.7373968601227 25.777661561966 25.8179262638092 25.90064535141 25.9975159009298 26.0943864504497 26.1912569999695 26.2881275494894 26.3849980990092 26.4818686485291 26.5799627780915 26.6817276477814 26.7834925174714 26.8852573871613 26.9870222568512 27.0887871265412 27.1905519962311 27.292316865921 27.3932500362396 27.4939059734345 27.5945619106293 27.6952178478241 27.7958737850189 27.8965297222137 27.9971856594085 28.0729929765065 28.074254433314 28.0755158901215 28.0767773469289 28.0780388037364 28.0793002605438 28.0805617173513 28.0818231741587 28.0483387947083 28.0032724698385 27.9582061449687 27.9131398200989 27.8680734952291 27.8230071703593 27.7779408454895 27.7382172266642 27.7145217259725 27.6908262252808 27.667130724589 27.6434352238973
25.4577297369639 25.4650879700979 25.4724462032319 25.4798044363658 25.547944355011 25.6363448354933 25.7247453159756 25.813145796458 25.9015462769403 25.9899467574226 26.0783472379049 26.1771441088783 26.3071301513248 26.4371161937714 26.5671022362179 26.6970882786645 26.8270743211111 26.9570603635576 27.0870464060042 27.2193732420603 27.3524803426531 27.4855874432458 27.6186945438385 27.7518016444312 27.8849087450239 28.0180158456166 28.1193284405602 28.1252575185564 28.1311865965525 28.1371156745487 28.1430447525448 28.148973830541 28.1549029085371 28.1608319865333 28.1212350527445 28.0664627816942 28.0116905106439 27.9569182395935 27.9021459685432 27.8473736974928 27.7926014264425 27.7433638042874 27.7107301288181 27.6780964533488 27.6454627778795 27.6128291024102
25.4075811492072 25.3921474774678 25.3767138057285 25.3612801339891 25.4241390705108 25.5130955431196 25.6020520157284 25.6910084883372 25.7799649609459 25.8689214335547 25.9578779061635 26.0620070351494 26.2116541332668 26.3613012313842 26.5109483295016 26.660595427619 26.8102425257364 26.9598896238538 27.1095367219712 27.2563074270883 27.4021193345387 27.547931241989 27.6937431494394 27.8395550568898 27.9853669643401 28.1311788717905 28.2420241832733 28.2479697068532 28.2539152304331 28.259860754013 28.2658062775929 28.2717518011729 28.2776973247528 28.2836428483327 28.2352475802103 28.1687387148539 28.1022298494975 28.035720984141 27.9692121187846 27.9027032534281 27.8361943880717 27.7753042009142 27.7312700483534 27.6872358957927 27.6432017432319 27.5991675906711
25.5466863950093 25.5185753822327 25.490464369456 25.4623533566793 25.5292294979095 25.6277680238088 25.726306549708 25.8248450756073 25.9233836015065 26.0219221274057 26.120460653305 26.234551556905 26.3952995936075 26.55604763031 26.7167956670125 26.8775437037149 27.0382917404174 27.1990397771199 27.3597878138223 27.5040525913238 27.6428229490915 27.7815933068593 27.920363664627 28.0591340223947 28.1979043801625 28.3366747379302 28.4410802046458 28.4423909982045 28.4437017917633 28.445012585322 28.4463233788808 28.4476341724395 28.4489449659983 28.4502557595571 28.3903763771057 28.3101002693176 28.2298241615295 28.1495480537414 28.0692719459534 27.9889958381653 27.9087197303772 27.8340384165446 27.7761414845785 27.7182445526123 27.6603476206462 27.60245068868
25.6857916408115 25.6450032869975 25.6042149331835 25.5634265793694 25.6343199253082 25.7424405044979 25.8505610836876 25.9586816628774 26.0668022420671 26.1749228212568 26.2830434004465 26.4070960786607 26.5789450539482 26.7507940292358 26.9226430045233 27.0944919798108 27.2663409550984 27.4381899303859 27.6100389056735 27.7517977555592 27.8835265636443 28.0152553717295 28.1469841798146 28.2787129878997 28.4104417959848 28.54217060407 28.6401362260182 28.6368122895558 28.6334883530934 28.630164416631 28.6268404801686 28.6235165437062 28.6201926072438 28.6168686707814 28.5455051740011 28.4514618237813 28.3574184735616 28.2633751233419 28.1693317731222 28.0752884229024 27.9812450726827 27.892772632175 27.8210129208035 27.749253209432 27.6774934980605 27.6057337866889
25.8248968866136 25.7714311917623 25.7179654969109 25.6644998020596 25.7394103527069 25.8571129851871 25.9748156176672 26.0925182501475 26.2102208826276 26.3279235151078 26.445626147588 26.5796406004163 26.7625905142889 26.9455404281616 27.1284903420342 27.3114402559068 27.4943901697794 27.677340083652 27.8602899975246 27.9995429197946 28.1242301781971 28.2489174365996 28.3736046950022 28.4982919534047 28.6229792118072 28.7476664702097 28.8391922473907 28.8312335809071 28.8232749144236 28.81531624794 28.8073575814565 28.7993989149729 28.7914402484894 28.7834815820058 28.7006339708964 28.592823378245 28.4850127855937 28.3772021929423 28.2693916002909 28.1615810076396 28.0537704149882 27.9515068478055 27.8658843570285 27.7802618662516 27.6946393754747 27.6090168846978
25.9640021324158 25.8978590965271 25.8317160606384 25.7655730247498 25.8445007801056 25.9717854658762 26.0990701516469 26.2263548374176 26.3536395231882 26.4809242089589 26.6082088947296 26.752185122172 26.9462359746296 27.1402868270873 27.334337679545 27.5283885320027 27.7224393844604 27.916490236918 28.1105410893757 28.2472880840301 28.36493379275 28.4825795014699 28.6002252101898 28.7178709189096 28.8355166276295 28.9531623363494 29.0382482687632 29.0256548722585 29.0130614757538 29.000468079249 28.9878746827443 28.9752812862396 28.9626878897349 28.9500944932302 28.8557627677917 28.7341849327087 28.6126070976257 28.4910292625427 28.3694514274597 28.2478735923767 28.1262957572937 28.0102410634359 27.9107557932536 27.8112705230713 27.711785252889 27.6122999827067
26.1031073782179 26.0242870012919 25.9454666243659 25.8666462474399 25.9495912075042 26.0864579465654 26.2233246856265 26.3601914246877 26.4970581637488 26.6339249028099 26.7707916418711 26.9247296439276 27.1298814349703 27.3350332260131 27.5401850170559 27.7453368080986 27.9504885991414 28.1556403901841 28.3607921812268 28.4950332482655 28.6056374073028 28.7162415663401 28.8268457253773 28.9374498844146 29.0480540434519 29.1586582024892 29.2373042901357 29.2200761636098 29.2028480370839 29.185619910558 29.1683917840322 29.1511636575063 29.1339355309804 29.1167074044545 29.0108915646871 28.8755464871725 28.7402014096578 28.6048563321432 28.4695112546285 28.3341661771139 28.1988210995992 28.0689752790663 27.9556272294787 27.842279179891 27.7289311303033 27.6155830807156
26.3080940723419 26.2298850854237 26.1516760985056 26.0734671115875 26.1565271059671 26.2933434274461 26.430159748925 26.566976070404 26.7037923918829 26.8406087133619 26.9774250348408 27.1271715111202 27.3157084518008 27.5042453924814 27.692782333162 27.8813192738426 28.0698562145233 28.2583931552039 28.4469300958845 28.5729351679484 28.6780962838067 28.783257399665 28.8884185155233 28.9935796313816 29.0987407472398 29.2039018630981 29.2817288292779 29.277553346422 29.2733778635661 29.2692023807102 29.2650268978543 29.2608514149984 29.2566759321425 29.2525004492865 29.1502517700195 29.0153120252821 28.8803722805447 28.7454325358073 28.6104927910699 28.4755530463325 28.340613301595 28.2094762060377 28.0897470580207 27.9700179100036 27.8502887619866 27.7305596139696
26.5789622147878 26.5146533489227 26.4503444830576 26.3860356171926 26.4653084754943 26.5924419085184 26.7195753415425 26.8467087745666 26.9738422075907 27.1009756406147 27.2281090736389 27.3595107237497 27.503717025121 27.6479233264923 27.7921296278635 27.9363359292348 28.080542230606 28.2247485319773 28.3689548333486 28.4809938430786 28.5823104222615 28.6836270014445 28.7849435806274 28.8862601598104 28.9875767389933 29.0888933181763 29.1715218861898 29.198086420695 29.2246509552002 29.2512154897054 29.2777800242106 29.3043445587158 29.330909093221 29.3574736277262 29.2738433837891 29.1534815470378 29.0331197102865 28.9127578735351 28.7923960367838 28.6720342000326 28.5516723632812 28.4317438443502 28.3131152788798 28.1944867134094 28.075858147939 27.9572295824687
26.8498303572337 26.7994216124216 26.7490128676096 26.6986041227976 26.7740898450215 26.8915403895907 27.0089909341599 27.1264414787292 27.2438920232984 27.3613425678676 27.4787931124369 27.5918499363793 27.6917255984412 27.7916012605031 27.891476922565 27.9913525846269 28.0912282466888 28.1911039087507 28.2909795708126 28.3890525182088 28.4865245607164 28.583996603224 28.6814686457316 28.7789406882392 28.8764127307468 28.9738847732544 29.0613149431017 29.118619494968 29.1759240468343 29.2332285987006 29.2905331505669 29.3478377024333 29.4051422542996 29.4624468061659 29.3974349975586 29.2916510687934 29.1858671400282 29.080083211263 28.9742992824978 28.8685153537326 28.7627314249674 28.6540114826626 28.5364834997389 28.4189555168152 28.3014275338915 28.1838995509677
27.1206984996795 27.0841898759206 27.0476812521616 27.0111726284027 27.0828712145487 27.190638870663 27.2984065267774 27.4061741828918 27.5139418390061 27.6217094951205 27.7294771512349 27.8241891490088 27.8797341717614 27.9352791945139 27.9908242172665 28.046369240019 28.1019142627716 28.1574592855241 28.2130043082767 28.297111193339 28.3907386991713 28.4843662050035 28.5779937108358 28.671621216668 28.7652487225003 28.8588762283325 28.9511080000136 29.039152569241 29.1271971384684 29.2152417076958 29.3032862769233 29.3913308461507 29.4793754153781 29.5674199846055 29.5210266113281 29.429820590549 29.33861456977 29.2474085489909 29.1562025282118 29.0649965074327 28.9737904866536 28.876279120975 28.759851720598 28.6434243202209 28.5269969198439 28.4105695194668
27.3915666421254 27.3689581394195 27.3463496367136 27.3237411340077 27.3916525840759 27.4897373517354 27.5878221193949 27.6859068870544 27.7839916547139 27.8820764223734 27.9801611900329 28.0565283616383 28.0677427450815 28.0789571285248 28.090171511968 28.1013858954112 28.1126002788544 28.1238146622976 28.1350290457408 28.2051698684692 28.2949528376261 28.384735806783 28.4745187759399 28.5643017450968 28.6540847142537 28.7438676834106 28.8409010569254 28.959685643514 29.0784702301025 29.1972548166911 29.3160394032796 29.4348239898681 29.5536085764567 29.6723931630452 29.6446182250977 29.5679901123047 29.4913619995117 29.4147338867187 29.3381057739258 29.2614776611328 29.1848495483398 29.0985467592875 28.9832199414571 28.8678931236267 28.7525663057963 28.6372394879659
27.6624347845713 27.6537264029185 27.6450180212656 27.6363096396128 27.700433953603 27.7888358328077 27.8772377120123 27.965639591217 28.0540414704216 28.1424433496263 28.2308452288309 28.2888675742679 28.2557513184017 28.2226350625356 28.1895188066694 28.1564025508033 28.1232862949371 28.090170039071 28.0570537832048 28.1132285435994 28.199166976081 28.2851054085625 28.3710438410441 28.4569822735257 28.5429207060072 28.6288591384888 28.7306941138373 28.880218717787 29.0297433217366 29.1792679256863 29.3287925296359 29.4783171335856 29.6278417375352 29.7773663414849 29.7682098388672 29.7061596340603 29.6441094292535 29.5820592244466 29.5200090196397 29.4579588148329 29.395908610026 29.3208143976 29.2065881623162 29.0923619270325 28.9781356917487 28.863909456465
27.7435979949104 27.7526054700216 27.7616129451328 27.770620420244 27.8435535271962 27.9377951780955 28.0320368289947 28.126278479894 28.2205201307932 28.3147617816925 28.4090034325917 28.4569349712796 28.3659361733331 28.2749373753866 28.1839385774401 28.0929397794936 28.0019409815471 27.9109421836006 27.8199433856541 27.8546607812246 27.9312835746342 28.0079063680438 28.0845291614533 28.1611519548629 28.2377747482724 28.314397541682 28.4203486866422 28.6142848862542 28.8082210858663 29.0021572854784 29.1960934850905 29.3900296847026 29.5839658843146 29.7779020839267 29.7977619965871 29.7595964802636 29.7214309639401 29.6832654476166 29.6450999312931 29.6069344149695 29.568768898646 29.5135236581167 29.4070392449697 29.3005548318227 29.1940704186757 29.0875860055288
27.6350562731425 27.6655953407288 27.696134408315 27.7266734759013 27.8210113048553 27.9366153875986 28.052219470342 28.1678235530853 28.2834276358286 28.3990317185719 28.5146358013153 28.5607305526734 28.3982973098755 28.2358640670777 28.0734308242798 27.910997581482 27.7485643386842 27.5861310958863 27.4236978530885 27.4294665813447 27.4913026332856 27.5531386852265 27.6149747371674 27.6768107891083 27.7386468410493 27.8004828929902 27.9098647753398 28.1618841489156 28.4139035224915 28.6659228960673 28.9179422696431 29.169961643219 29.4219810167948 29.6740003903706 29.7332746982575 29.7283006509145 29.7233266035716 29.7183525562286 29.7133785088857 29.7084044615427 29.7034304141998 29.6766745408376 29.5845731894175 29.4924718379974 29.4003704865773 29.3082691351573
27.5265145513746 27.578585211436 27.6306558714973 27.6827265315586 27.7984690825144 27.9354355971018 28.0724021116892 28.2093686262766 28.346335140864 28.4833016554514 28.6202681700388 28.6645261340672 28.430658446418 28.1967907587688 27.9629230711196 27.7290553834704 27.4951876958212 27.261320008172 27.0274523205229 27.0042723814647 27.051321691937 27.0983710024092 27.1454203128815 27.1924696233538 27.2395189338261 27.2865682442984 27.3993808640374 27.709483411577 28.0195859591166 28.3296885066562 28.6397910541958 28.9498936017354 29.259996149275 29.5700986968146 29.6687873999278 29.6970048215654 29.725222243203 29.7534396648407 29.7816570864783 29.809874508116 29.8380919297536 29.8398254235585 29.7621071338654 29.6843888441721 29.606670554479 29.5289522647858
27.4179728296068 27.4915750821432 27.5651773346795 27.6387795872158 27.7759268601735 27.934255806605 28.0925847530365 28.2509136994679 28.4092426458994 28.5675715923309 28.7259005387624 28.7683217154609 28.4630195829604 28.1577174504599 27.8524153179593 27.5471131854588 27.2418110529583 26.9365089204578 26.6312067879573 26.5790781815848 26.6113407505884 26.643603319592 26.6758658885957 26.7081284575993 26.7403910266029 26.7726535956066 26.8888969527351 27.2570826742384 27.6252683957418 27.9934541172451 28.3616398387485 28.7298255602519 29.0980112817552 29.4661970032585 29.6043001015981 29.6657089922163 29.7271178828345 29.7885267734527 29.849935664071 29.9113445546892 29.9727534453074 30.0029763062795 29.9396410783132 29.8763058503469 29.8129706223805 29.7496353944142
27.3094311078389 27.4045649528503 27.4996987978617 27.5948326428731 27.7533846378326 27.9330760161082 28.1127673943837 28.2924587726593 28.4721501509348 28.6518415292103 28.8315329074859 28.8721172968547 28.4953807195029 28.118644142151 27.7419075647991 27.3651709874472 26.9884344100953 26.6116978327435 26.2349612553916 26.1538839817048 26.1713598092398 26.1888356367748 26.2063114643098 26.2237872918448 26.2412631193798 26.2587389469148 26.3784130414327 26.8046819368998 27.2309508323669 27.657219727834 28.0834886233011 28.5097575187683 28.9360264142354 29.3622953097024 29.5398128032684 29.6344131628672 29.729013522466 29.8236138820648 29.9182142416636 30.0128146012624 30.1074149608612 30.1661271890004 30.117175022761 30.0682228565216 30.0192706902822 29.9703185240427
27.2008893860711 27.3175548235575 27.434220261044 27.5508856985304 27.7308424154917 27.9318962256113 28.1329500357309 28.3340038458506 28.5350576559702 28.7361114660898 28.9371652762095 28.9759128782485 28.5277418560453 28.079570833842 27.6313998116388 27.1832287894356 26.7350577672324 26.2868867450292 25.838715722826 25.7286897818248 25.7313788678912 25.7340679539575 25.7367570400239 25.7394461260902 25.7421352121566 25.7448242982229 25.8679291301303 26.3522811995612 26.8366332689921 27.3209853384229 27.8053374078538 28.2896894772847 28.7740415467155 29.2583936161464 29.4753255049387 29.6031173335181 29.7309091620975 29.8587009906769 29.9864928192562 30.1142846478356 30.242076476415 30.3292780717214 30.2947089672088 30.2601398626963 30.2255707581838 30.1910016536712
