data/working_set_collections/6091692-Cassins_Sparrow-MC/1990/bio18.asc
NCOLS 265 
NROWS 230 
XLLCORNER -115.5625 
YLLCORNER 24.8333333333333 
CELLSIZE 0.0833333333333333 
NODATA_value -9999 
[rows 120 to 139 of 230, columns 138 to 183 of 265]
189.868121125963 191.005141830445 192.142162534926 193.279183239407 193.354040527344 193.074843343099 192.795646158855 192.51644897461 192.237251790365 191.95805460612 191.678857421875 191.378675460816 191.015539169312 190.652402877808 190.289266586304 189.9261302948 189.562994003296 189.199857711792 188.836721420289 188.654771296184 188.533216561212 188.41166182624 188.290107091268 188.168552356296 188.046997621325 187.925442886353 188.08027750651 189.064280192057 190.048282877604 191.032285563151 192.016288248698 193.000290934245 193.984293619792 194.968296305338 195.848513158162 196.694134733412 197.539756308661 198.385377883911 199.23099945916 200.07662103441 200.92224260966 202.044132698906 203.994828330145 205.945523961385 207.896219592624 209.846915223863
186.872692235311 187.769081497193 188.665470759074 189.561860020956 189.588244628907 189.324627685548 189.061010742188 188.797393798829 188.533776855469 188.27015991211 188.006542968751 187.733015314739 187.429755528769 187.126495742799 186.823235956828 186.519976170858 186.216716384888 185.913456598918 185.610196812948 185.596384811402 185.679055404664 185.761725997925 185.844396591187 185.927067184449 186.00973777771 186.092408370972 186.418029785156 187.472503662109 188.526977539063 189.581451416016 190.635925292969 191.690399169922 192.744873046875 193.799346923828 194.9226146698 196.068813705444 197.215012741089 198.361211776733 199.507410812378 200.653609848022 201.799808883667 203.129028956095 205.007312138875 206.885595321655 208.763878504435 210.642161687215
183.877263344659 184.533021163941 185.188778983222 185.844536802504 185.822448730469 185.574412027995 185.326375325521 185.078338623047 184.830301920574 184.5822652181 184.334228515626 184.087355168661 183.843971888225 183.600588607789 183.357205327352 183.113822046916 182.87043876648 182.627055486044 182.383672205608 182.53799832662 182.824894248115 183.11179016961 183.398686091105 183.685582012601 183.972477934096 184.259373855591 184.755782063802 185.880727132161 187.005672200521 188.13061726888 189.255562337239 190.380507405599 191.505452473958 192.630397542318 193.996716181437 195.443492677476 196.890269173516 198.337045669555 199.783822165595 201.230598661634 202.677375157674 204.213925213283 206.019795947604 207.825666681925 209.631537416246 211.437408150566
180.881834454007 181.296960830689 181.712087207371 182.127213584052 182.056652832032 181.824196370443 181.591739908855 181.359283447266 181.126826985678 180.894370524089 180.6619140625 180.441695022583 180.258188247681 180.074681472779 179.891174697876 179.707667922974 179.524161148072 179.340654373169 179.157147598267 179.479611841838 179.970733091567 180.461854341295 180.952975591024 181.444096840753 181.935218090481 182.42633934021 183.093534342448 184.288950602213 185.484366861979 186.679783121745 187.87519938151 189.070615641276 190.266031901042 191.461448160807 193.070817693074 194.818171649509 196.565525605943 198.312879562378 200.060233518812 201.807587475246 203.554941431681 205.298821470472 207.032279756333 208.765738042195 210.499196328057 212.232654613918
177.886405563355 178.060900497437 178.235395431519 178.409890365601 178.290856933594 178.073980712891 177.857104492188 177.640228271485 177.423352050782 177.206475830079 176.989599609376 176.796034876506 176.672404607138 176.548774337769 176.425144068401 176.301513799032 176.177883529664 176.054253260295 175.930622990927 176.421225357056 177.116571935018 177.81191851298 178.507265090943 179.202611668905 179.897958246867 180.593304824829 181.431286621094 182.697174072266 183.963061523438 185.228948974609 186.494836425781 187.760723876953 189.026611328125 190.292498779297 192.144919204712 194.192850621541 196.24078203837 198.2887134552 200.336644872029 202.384576288858 204.432507705688 206.383717727661 208.044763565063 209.705809402465 211.366855239868 213.02790107727
174.890976672703 174.824840164185 174.758703655667 174.69256714715 174.525061035157 174.323765055339 174.122469075521 173.921173095704 173.719877115886 173.518581136068 173.317285156251 173.150374730429 173.086620966594 173.022867202759 172.959113438925 172.89535967509 172.831605911255 172.767852147421 172.704098383586 173.362838872274 174.26241077847 175.161982684665 176.061554590861 176.961126497057 177.860698403253 178.760270309448 179.76903889974 181.105397542318 182.441756184896 183.778114827474 185.114473470052 186.45083211263 187.787190755208 189.123549397786 191.219020716349 193.567529593573 195.916038470797 198.264547348022 200.613056225246 202.96156510247 205.310073979695 207.468613984849 209.057247373792 210.645880762736 212.234514151679 213.823147540622
172.282893795438 171.958872731527 171.634851667616 171.310830603706 171.119625854493 170.972693210178 170.825760565864 170.67882792155 170.531895277236 170.384962632921 170.238029988607 170.143149142795 170.204423692492 170.265698242188 170.326972791884 170.38824734158 170.449521891276 170.510796440972 170.572070990669 171.427343241374 172.547281392415 173.667219543457 174.787157694499 175.90709584554 177.027033996582 178.146972147623 179.315445793999 180.629525926378 181.943606058756 183.257686191135 184.571766323513 185.885846455892 187.19992658827 188.514006720649 190.748474756876 193.289738761054 195.831002765231 198.372266769409 200.913530773586 203.454794777763 205.996058781941 208.294942092895 209.866683324178 211.43842455546 213.010165786743 214.581907018025
170.06215693156 169.462998199463 168.863839467367 168.264680735271 168.074551391602 168.020765177409 167.966978963217 167.913192749024 167.859406534831 167.805620320638 167.751834106446 167.774358113607 168.025812784831 168.277267456055 168.528722127279 168.780176798503 169.031631469727 169.283086140951 169.534540812175 170.614738464355 171.971183776855 173.327629089355 174.684074401855 176.040519714355 177.396965026855 178.753410339355 180.070507303873 181.269559224446 182.468611145019 183.667663065592 184.866714986165 186.065766906738 187.264818827311 188.463870747884 190.733281326293 193.359478123982 195.985674921671 198.61187171936 201.238068517049 203.864265314737 206.490462112426 208.862702051798 210.473071416219 212.083440780639 213.69381014506 215.30417950948
167.841420067682 166.9671236674 166.092827267118 165.218530866836 165.029476928711 165.06883714464 165.108197360569 165.147557576498 165.186917792427 165.226278008355 165.265638224284 165.405567084419 165.84720187717 166.288836669922 166.730471462674 167.172106255425 167.613741048177 168.055375840929 168.497010633681 169.802133687337 171.395086161295 172.988038635254 174.580991109212 176.17394358317 177.766896057128 179.359848531087 180.825568813747 181.909592522515 182.993616231282 184.07763994005 185.161663648817 186.245687357584 187.329711066352 188.413734775119 190.718087895711 193.429217486911 196.140347078111 198.851476669311 201.562606260511 204.273735851711 206.984865442911 209.430462010701 211.07945950826 212.728457005818 214.377454503377 216.026452000935
165.620683203804 164.471249135336 163.321815066868 162.1723809984 161.984402465821 162.116909111871 162.249415757921 162.381922403972 162.514429050022 162.646935696072 162.779442342123 163.03677605523 163.66859096951 164.300405883789 164.932220798069 165.564035712348 166.195850626628 166.827665540907 167.459480455187 168.989528910319 170.818988545735 172.648448181152 174.477907816569 176.307367451985 178.136827087402 179.966286722819 181.580630323622 182.549625820583 183.518621317545 184.487616814507 185.456612311469 186.425607808431 187.394603305393 188.363598802354 190.702894465128 193.498956849839 196.295019234551 199.091081619262 201.887144003973 204.683206388685 207.479268773396 209.998221969604 211.685847600301 213.373473230997 215.061098861694 216.74872449239
163.399946339926 161.975374603272 160.550802866619 159.126231129965 158.93932800293 159.164981079102 159.390634155274 159.616287231446 159.841940307618 160.067593383789 160.293246459961 160.667985026042 161.489980061849 162.311975097656 163.133970133464 163.955965169271 164.777960205078 165.599955240885 166.421950276693 168.176924133301 170.242890930175 172.30885772705 174.374824523925 176.4407913208 178.506758117675 180.57272491455 182.335691833496 183.189659118652 184.043626403808 184.897593688965 185.751560974121 186.605528259277 187.459495544433 188.31346282959 190.687701034545 193.568696212768 196.44969139099 199.330686569213 202.211681747436 205.092676925658 207.973672103881 210.565981928507 212.292235692342 214.018489456176 215.744743220011 217.470996983845
161.179209476048 159.479500071208 157.779790666369 156.08008126153 155.894253540039 156.213053046333 156.531852552626 156.85065205892 157.169451565213 157.488251071506 157.8070505778 158.299193996853 159.311369154188 160.323544311524 161.335719468859 162.347894626194 163.360069783529 164.372244940864 165.384420098199 167.364319356282 169.666793314615 171.969267272949 174.271741231282 176.574215189615 178.876689147949 181.179163106282 183.09075334337 183.829692416721 184.568631490071 185.307570563422 186.046509636773 186.785448710124 187.524387783474 188.263326856825 190.672507603963 193.638435575696 196.60436354743 199.570291519164 202.536219490898 205.502147462632 208.468075434366 211.13374188741 212.898623784383 214.663505681355 216.428387578328 218.1932694753
159.616162914701 157.703658676148 155.791154437596 153.878650199043 153.680044937134 154.052739334107 154.425433731079 154.798128128052 155.170822525024 155.543516921997 155.91621131897 156.49945479499 157.714345508151 158.929236221313 160.144126934475 161.359017647637 162.573908360799 163.788799073961 165.003689787123 167.172635396321 169.659599304199 172.146563212076 174.633527119954 177.120491027831 179.607454935709 182.094418843587 184.117400868733 184.748437245687 185.37947362264 186.010509999593 186.641546376546 187.272582753499 187.903619130452 188.534655507405 190.898038101196 193.838869433932 196.779700766669 199.720532099405 202.661363432142 205.602194764878 208.543026097615 211.187600411309 212.943403667873 214.699206924438 216.455010181003 218.210813437567
158.710806655885 156.647850418091 154.584894180299 152.521937942506 152.296702194214 152.684039942424 153.071377690633 153.458715438843 153.846053187053 154.233390935262 154.620728683472 155.268767420451 156.698909123738 158.129050827026 159.559192530314 160.989334233602 162.419475936889 163.849617640177 165.279759343465 167.601872253417 170.221308898925 172.840745544433 175.460182189941 178.079618835448 180.699055480956 183.318492126464 185.415634409586 185.94589360555 186.476152801513 187.006411997477 187.53667119344 188.066930389404 188.597189585368 189.127448781331 191.364292526245 194.169997787475 196.975703048705 199.781408309936 202.587113571166 205.392818832397 208.198524093627 210.727557500203 212.426575342814 214.125593185425 215.824611028035 217.523628870646
157.805450397068 155.592042160035 153.378633923001 151.165225685968 150.913359451294 151.315340550741 151.717321650187 152.119302749634 152.52128384908 152.923264948527 153.325246047974 154.038080045912 155.683472739325 157.328865432739 158.974258126153 160.619650819566 162.26504351298 163.910436206393 165.555828899807 168.031109110514 170.783018493652 173.534927876789 176.286837259928 179.038746643066 181.790656026203 184.542565409342 186.713867950439 187.143349965413 187.572831980387 188.002313995361 188.431796010335 188.861278025309 189.290760040283 189.720242055257 191.830546951293 194.501126141018 197.171705330742 199.842284520467 202.512863710191 205.183442899915 207.85402208964 210.267514589097 211.909747017754 213.551979446411 215.194211875068 216.836444303724
156.900094138252 154.536233901978 152.172373665704 149.808513429431 149.530016708374 149.946641159058 150.363265609741 150.779890060425 151.196514511108 151.613138961792 152.029763412476 152.807392671373 154.668036354912 156.528680038452 158.389323721991 160.249967405531 162.11061108907 163.97125477261 165.831898456149 168.46034596761 171.344728088378 174.229110209146 177.113492329915 179.997874450683 182.882256571451 185.766638692219 188.012101491292 188.340806325277 188.669511159261 188.998215993245 189.32692082723 189.655625661214 189.984330495198 190.313035329183 192.296801376342 194.83225449456 197.367707612779 199.903160730997 202.438613849215 204.974066967434 207.509520085652 209.807471677992 211.392918692694 212.978365707397 214.5638127221 216.149259736802
155.994737879436 153.480425643922 150.966113408407 148.451801172893 148.146673965454 148.577941767375 149.009209569295 149.440477371216 149.871745173137 150.303012975057 150.734280776978 151.576705296834 153.652599970499 155.728494644165 157.80438931783 159.880283991495 161.956178665161 164.032073338826 166.107968012491 168.889582824706 171.906437683105 174.923292541503 177.940147399902 180.9570022583 183.973857116698 186.990711975097 189.310335032145 189.53826268514 189.766190338135 189.994117991129 190.222045644124 190.449973297119 190.677900950114 190.905828603109 192.763055801391 195.163382848103 197.563709894815 199.964036941528 202.36436398824 204.764691034952 207.165018081665 209.347428766886 210.876090367635 212.404751968384 213.933413569132 215.462075169881
155.08938162062 152.424617385865 149.75985315111 147.095088916356 146.763331222534 147.209242375692 147.655153528849 148.101064682007 148.546975835164 148.992886988322 149.43879814148 150.346017922295 152.637163586086 154.928309249878 157.219454913669 159.51060057746 161.801746241251 164.092891905042 166.384037568833 169.318819681803 172.468147277831 175.61747487386 178.766802469889 181.916130065917 185.065457661946 188.214785257975 190.608568572998 190.735719045003 190.862869517008 190.990019989014 191.117170461019 191.244320933024 191.371471405029 191.498621877034 193.22931022644 195.494511201646 197.759712176852 200.024913152059 202.290114127265 204.555315102471 206.820516077677 208.88738585578 210.359262042575 211.83113822937 213.303014416165 214.774890602959
154.19475839403 151.514691289266 148.834624184503 146.15455707974 145.799992243449 146.220594829983 146.641197416517 147.061800003052 147.482402589586 147.90300517612 148.323607762655 149.250342432657 151.695473353067 154.140604273478 156.585735193888 159.030866114298 161.475997034708 163.921127955118 166.366258875528 169.385752105712 172.596699439154 175.807646772596 179.018594106038 182.22954143948 185.440488772921 188.651436106363 191.07322116428 191.127519395616 191.181817626953 191.23611585829 191.290414089627 191.344712320964 191.3990105523 191.453308783637 193.09664700826 195.269665230645 197.44268345303 199.615701675415 201.7887198978 203.961738120184 206.13475634257 208.116767501831 209.52575747172 210.93474744161 212.343737411499 213.752727381388
153.310868199667 150.750647354127 148.190426508586 145.630205663046 145.256657028198 145.611999130249 145.9673412323 146.322683334351 146.678025436401 147.033367538452 147.388709640503 148.289678827921 150.827529271443 153.365379714966 155.903230158487 158.44108060201 160.978931045532 163.516781489054 166.054631932576 169.090380096435 172.292094167073 175.493808237711 178.695522308349 181.897236378987 185.098950449625 188.300664520263 190.70429280599 190.713663736979 190.723034667969 190.732405598958 190.741776529948 190.751147460938 190.760518391927 190.769889322917 192.36506614685 194.488844935099 196.612623723348 198.736402511596 200.860181299845 202.983960088094 205.107738876343 207.035573705037 208.37557665507 209.715579605103 211.055582555135 212.395585505168
