data/working_set_collections/6091692-Cassins_Sparrow-MC/1990/bio18.asc
NCOLS 265 
NROWS 230 
XLLCORNER -115.5625 
YLLCORNER 24.8333333333333 
CELLSIZE 0.0833333333333333 
NODATA_value -9999 
[rows 120 to 139 of 230, columns 92 to 137 of 265]
179.454159461127 178.525365787082 177.596572113037 176.667778438992 175.738984764947 171.796943918865 166.85048734877 161.904030778674 156.957574208578 152.011117638483 147.064661068387 142.118204498292 138.911517122056 140.924137327406 142.936757532755 144.949377738104 146.961997943454 148.974618148803 150.987238354153 152.999858559502 156.035196050008 159.411439302232 162.787682554456 166.163925806681 169.540169058905 172.91641231113 176.292655563354 178.972488911946 179.563092549642 180.153696187337 180.744299825032 181.334903462728 181.925507100423 182.516110738118 183.106714375813 183.432507069905 183.670029449463 183.90755182902 184.145074208577 184.382596588135 184.620118967692 184.85764134725 185.320038308038 186.457059012519 187.594079717 188.731100421482
180.473104604085 179.2038134257 177.934522247315 176.665231068929 175.395939890544 171.461989593507 166.639819590252 161.817649586996 156.995479583741 152.173309580486 147.35113957723 142.528969573975 139.391216405232 141.306713740031 143.222211074829 145.137708409627 147.053205744425 148.968703079223 150.884200414021 152.79969774882 155.983230972289 159.589442825317 163.195654678344 166.801866531371 170.408078384398 174.014290237426 177.620502090453 180.471435038248 181.056531270345 181.641627502441 182.226723734537 182.811819966634 183.39691619873 183.982012430826 184.567108662923 184.548348236084 184.328302256266 184.108256276449 183.888210296631 183.668164316813 183.448118336996 183.228072357178 183.287135187785 184.183524449666 185.079913711548 185.97630297343
181.492049747043 179.882261064318 178.272472381592 176.662683698866 175.052895016141 171.127035268149 166.429151831734 161.731268395318 157.033384958904 152.335501522489 147.637618086074 142.939734649659 139.870915688408 141.689290152655 143.507664616902 145.326039081149 147.144413545396 148.962788009643 150.78116247389 152.599536938137 155.931265894571 159.767446348401 163.603626802232 167.439807256062 171.275987709892 175.112168163723 178.948348617553 181.97038116455 182.549969991048 183.129558817545 183.709147644043 184.28873647054 184.868325297037 185.447914123535 186.027502950032 185.664189402262 184.98657506307 184.308960723877 183.631346384684 182.953732045492 182.276117706299 181.598503367107 181.254232067532 181.909989886814 182.565747706096 183.221505525377
182.510994890001 180.560708702935 178.610422515869 176.660136328804 174.709850141737 170.792080942791 166.218484073216 161.644887203641 157.071290334067 152.497693464492 147.924096594917 143.350499725343 140.350614971584 142.07186656528 143.793118158976 145.514369752672 147.235621346368 148.956872940063 150.678124533759 152.399376127455 155.879300816853 159.945449871486 164.01159892612 168.077747980753 172.143897035386 176.21004609002 180.276195144652 183.469327290853 184.043408711751 184.61749013265 185.191571553548 185.765652974446 186.339734395345 186.913815816243 187.487897237142 186.780030568441 185.644847869873 184.509665171306 183.374482472738 182.23929977417 181.104117075603 179.968934377035 179.221328947279 179.636455323961 180.051581700643 180.466708077325
183.529940032959 181.239156341553 178.948372650147 176.657588958741 174.366805267334 170.457126617432 166.007816314698 161.558506011963 157.109195709229 152.659885406495 148.21057510376 143.761264801026 140.83031425476 142.454442977905 144.07857170105 145.702700424194 147.326829147339 148.950957870483 150.575086593628 152.199215316772 155.827335739135 160.123453394571 164.419571050008 168.715688705444 173.011806360879 177.307924016316 181.604041671752 184.968273417155 185.536847432454 186.105421447754 186.673995463053 187.242569478352 187.811143493652 188.379717508951 188.948291524251 187.895871734619 186.303120676677 184.710369618734 183.117618560791 181.524867502849 179.932116444906 178.339365386963 177.188425827027 177.362920761109 177.537415695191 177.711910629273
184.548885175917 181.917603980171 179.286322784424 176.655041588678 174.023760392931 170.122172292074 165.79714855618 161.472124820286 157.147101084392 152.822077348498 148.497053612604 144.17202987671 141.310013537936 142.83701939053 144.364025243123 145.891031095716 147.41803694831 148.945042800903 150.472048653496 151.99905450609 155.775370661417 160.301456917656 164.827543173895 169.353629430134 173.879715686373 178.405801942613 182.931888198852 186.467219543457 187.030286153157 187.593352762858 188.156419372558 188.719485982259 189.282552591959 189.84561920166 190.40868581136 189.011712900798 186.96139348348 184.911074066163 182.860754648845 180.810435231527 178.76011581421 176.709796396892 175.155522706774 175.089386198256 175.023249689738 174.957113181221
184.42578883701 181.679953299629 178.934117762248 176.188282224868 173.442446687487 169.603291320802 165.399696011014 161.196100701227 156.99250539144 152.788910081652 148.585314771865 144.381719462078 141.600160344441 143.084709803263 144.569259262085 146.053808720906 147.538358179728 149.02290763855 150.507457097371 151.992006556193 155.878496042887 160.565632205538 165.252768368191 169.939904530842 174.627040693494 179.314176856146 184.001313018798 187.650604841444 188.18636364407 188.722122446696 189.257881249322 189.793640051947 190.329398854573 190.865157657199 191.400916459825 189.74736887614 187.364052497017 184.980736117893 182.59741973877 180.214103359647 177.830786980524 175.4474706014 173.57897805108 173.254956987169 172.930935923259 172.606914859348
183.160651016236 180.526204299927 177.891757583619 175.25731086731 172.622864151001 168.900483703614 164.8154586792 160.730433654786 156.645408630372 152.560383605958 148.475358581543 144.39033355713 141.700754674275 143.197514216105 144.694273757934 146.191033299764 147.687792841593 149.184552383423 150.681311925252 152.178071467082 156.136711883544 160.915979258218 165.695246632893 170.474514007567 175.253781382242 180.033048756917 184.812316131591 188.518429311116 189.005079905192 189.491730499267 189.978381093343 190.465031687418 190.951682281494 191.438332875569 191.924983469645 190.102839660645 187.511097717286 184.919355773927 182.327613830567 179.735871887208 177.144129943849 174.552388000489 172.458791859945 171.859633127849 171.260474395752 170.661315663656
181.895513195462 179.372455300226 176.849397404989 174.326339509753 171.803281614516 168.197676086427 164.231221347386 160.264766608345 156.298311869304 152.331857130264 148.365402391222 144.398947652182 141.801349004109 143.310318628947 144.819288253784 146.328257878621 147.837227503458 149.346197128296 150.855166753133 152.36413637797 156.394927724202 161.266326310898 166.137724897596 171.009123484293 175.88052207099 180.751920657687 185.623319244384 189.386253780789 189.823796166314 190.261338551839 190.698880937364 191.136423322889 191.573965708415 192.01150809394 192.449050479465 190.45831044515 187.658142937555 184.85797542996 182.057807922364 179.257640414769 176.457472907173 173.657305399577 171.33860566881 170.464309268528 169.590012868246 168.715716467964
180.630375374689 178.218706300524 175.80703722636 173.395368152195 170.98369907803 167.494868469239 163.646984015572 159.799099561904 155.951215108236 152.103330654569 148.255446200901 144.407561747234 141.901943333943 143.423123041789 144.944302749634 146.465482457478 147.986662165324 149.507841873169 151.029021581014 152.550201288859 156.653143564859 161.616673363578 166.580203162299 171.543732961018 176.507262759737 181.470792558457 186.434322357177 190.254078250461 190.642512427436 191.030946604411 191.419380781385 191.80781495836 192.196249135335 192.58468331231 192.973117489285 190.813781229655 187.805188157824 184.796595085993 181.788002014161 178.779408942329 175.770815870498 172.762222798666 170.218419477675 169.068985409207 167.919551340739 166.770117272272
179.365237553915 177.064957300822 174.76467704773 172.464396794638 170.164116541545 166.792060852052 163.062746683757 159.333432515463 155.604118347169 151.874804178875 148.14549001058 144.416175842286 142.002537663777 143.53592745463 145.069317245483 146.602707036336 148.136096827189 149.669486618042 151.202876408894 152.736266199748 156.911359405517 161.967020416259 167.022681427001 172.078342437743 177.134003448485 182.189664459228 187.24532546997 191.121902720133 191.461228688558 191.800554656982 192.139880625407 192.479206593831 192.818532562256 193.15785853068 193.497184499105 191.169252014161 187.952233378093 184.735214742026 181.518196105958 178.30117746989 175.084158833823 171.867140197755 169.09823328654 167.673661549887 166.249089813233 164.824518076579
178.100099733141 175.911208301121 173.7223168691 171.53342543708 169.344534005059 166.089253234864 162.478509351943 158.867765469022 155.257021586101 151.64627770318 148.035533820259 144.424789937338 142.103131993611 143.648731867472 145.194331741333 146.739931615193 148.285531489054 149.831131362915 151.376731236775 152.922331110636 157.169575246174 162.317367468939 167.465159691704 172.612951914468 177.760744137233 182.908536359998 188.056328582763 191.989727189806 192.27994494968 192.570162709554 192.860380469428 193.150598229302 193.440815989176 193.73103374905 194.021251508925 191.524722798666 188.099278598362 184.673834398059 181.248390197755 177.822945997451 174.397501797147 170.972057596843 167.978047095405 166.278337690566 164.578628285726 162.878918880887
174.849811511571 172.884859763252 170.919908014934 168.954956266616 166.990004518298 163.964317067465 160.585051049128 157.20578503079 153.826519012452 150.447252994115 147.067986975776 143.688720957439 141.547764333089 143.121735890706 144.695707448323 146.269679005941 147.843650563558 149.417622121175 150.991593678792 152.565565236409 156.775446955362 161.863965394761 166.95248383416 172.041002273559 177.129520712958 182.218039152357 187.306557591756 191.195879364014 191.487611134847 191.779342905681 192.071074676514 192.362806447347 192.654538218181 192.946269989014 193.238001759847 190.754271825155 187.345387988621 183.936504152087 180.527620315552 177.118736479018 173.709852642484 170.30096880595 167.26617986891 165.353675630358 163.441171391805 161.528667153253
169.614372889202 167.985911687216 166.357450485231 164.728989283245 163.100528081259 160.417252349855 157.38237177531 154.347491200766 151.312610626222 148.277730051677 145.242849477133 142.207968902589 140.33643468221 141.954939524333 143.573444366455 145.191949208577 146.8104540507 148.428958892822 150.047463734944 151.665968577067 155.72897453308 160.606814193725 165.48465385437 170.362493515014 175.240333175658 180.118172836304 184.996012496948 188.740359242758 189.08422724406 189.428095245362 189.771963246664 190.115831247966 190.459699249268 190.80356725057 191.147435251872 188.857899093629 185.69056154887 182.523224004111 179.355886459351 176.188548914592 173.021211369833 169.853873825074 166.962631607056 164.899675369263 162.83671913147 160.773762893677
164.378934266833 163.08696361118 161.794992955527 160.503022299873 159.21105164422 156.870187632244 154.179692501493 151.489197370742 148.798702239991 146.10820710924 143.417711978489 140.727216847738 139.125105031331 140.788143157959 142.451181284586 144.114219411214 145.777257537842 147.440295664469 149.103333791097 150.766371917725 154.682502110798 159.349662992688 164.016823874579 168.683984756469 173.351145638359 178.01830652025 182.68546740214 186.284839121501 186.680843353272 187.076847585043 187.472851816813 187.868856048584 188.264860280355 188.660864512126 189.056868743897 186.961526362102 184.035735109118 181.109943856134 178.18415260315 175.258361350166 172.332570097182 169.406778844198 166.659083345202 164.445675108169 162.232266871135 160.018858634102
159.143495644464 158.188015535143 157.232535425823 156.277055316502 155.321575207181 153.323122914633 150.977013227676 148.630903540718 146.28479385376 143.938684166803 141.592574479845 139.246464792888 137.913775380452 139.621346791585 141.328918202718 143.036489613851 144.744061024984 146.451632436116 148.159203847249 149.866775258382 153.636029688517 158.092511791652 162.548993894789 167.005475997924 171.46195810106 175.918440204196 180.374922307332 183.829319000244 184.277459462484 184.725599924723 185.173740386963 185.621880849203 186.070021311442 186.518161773682 186.966302235921 185.065153630575 182.380908669367 179.696663708158 177.012418746949 174.32817378574 171.643928824532 168.959683863322 166.355535083347 163.991674847074 161.6278146108 159.263954374526
153.908057022096 153.289067459107 152.670077896119 152.051088333131 151.432098770142 149.776058197022 147.774333953858 145.772609710694 143.77088546753 141.769161224366 139.767436981202 137.765712738038 136.702445729573 138.454550425212 140.20665512085 141.958759816487 143.710864512126 145.462969207764 147.215073903401 148.96717859904 152.589557266235 156.835360590616 161.081163914998 165.326967239379 169.572770563761 173.818573888143 178.064377212524 181.373798878988 181.874075571696 182.374352264405 182.874628957113 183.374905649821 183.87518234253 184.375459035238 184.875735727946 183.168780899049 180.726082229615 178.283383560182 175.840684890748 173.397986221314 170.955287551881 168.512588882447 166.051986821493 163.537674585979 161.023362350464 158.50905011495
148.672618399727 148.390119383071 148.107620366415 147.825121349759 147.542622333103 146.228993479412 144.571654680041 142.91431588067 141.256977081299 139.599638281929 137.942299482558 136.284960683187 135.491116078694 137.287754058838 139.084392038981 140.881030019124 142.677667999267 144.474305979411 146.270943959554 148.067581939697 151.543084843953 155.57820938958 159.613333935208 163.648458480835 167.683583026461 171.718707572089 175.753832117716 178.918278757731 179.470691680908 180.023104604086 180.575517527263 181.12793045044 181.680343373617 182.232756296794 182.785169219971 181.272408167522 179.071255789863 176.870103412205 174.668951034546 172.467798656888 170.26664627923 168.065493901571 165.748438559639 163.083674324884 160.418910090129 157.754145855375
144.627576722039 144.555544641283 144.483512560527 144.411480479771 144.339448399014 143.263891919454 141.85382730696 140.443762694465 139.033698081971 137.623633469476 136.213568856981 134.803504244487 134.184784719679 135.940100457933 137.695416196187 139.450731934441 141.206047672696 142.96136341095 144.716679149204 146.471994887458 149.742234802246 153.517449442545 157.292664082845 161.067878723144 164.843093363444 168.618308003744 172.393522644043 175.381410853068 176.00731976827 176.633228683472 177.259137598674 177.885046513876 178.510955429078 179.136864344279 179.762773259481 178.485829798381 176.574602211847 174.663374625313 172.752147038778 170.840919452244 168.92969186571 167.018464279175 164.915026813084 162.234959708321 159.554892603557 156.874825498794
141.772931989035 141.785343233745 141.797754478455 141.810165723165 141.822576967876 140.880753517152 139.620851834616 138.36095015208 137.101048469544 135.841146787008 134.581245104472 133.321343421936 132.783451652527 134.411589622498 136.039727592468 137.667865562439 139.29600353241 140.92414150238 142.552279472351 144.180417442322 147.187007141113 150.653080749511 154.11915435791 157.585227966309 161.051301574707 164.517375183106 167.983448791504 170.763195164999 171.483959833782 172.204724502564 172.925489171347 173.646253840129 174.367018508912 175.087783177694 175.808547846477 174.809045791627 173.236121495566 171.663197199505 170.090272903443 168.517348607382 166.944424311321 165.371500015259 163.551751581829 160.991530736288 158.431309890748 155.871089045207
