data/working_set_collections/6091692-Cassins_Sparrow-MC/1990/bio16.asc
NCOLS 265 
NROWS 230 
XLLCORNER -115.5625 
YLLCORNER 24.8333333333333 
CELLSIZE 0.0833333333333333 
NODATA_value -9999 
[rows 160 to 179 of 230, columns 46 to 91 of 265]
234.953582382201 239.678859583536 244.404136784871 249.129413986205 253.854691187539 258.579968388875 259.206109237671 258.465871302287 257.725633366903 256.985395431519 256.245157496135 255.50491956075 254.764681625366 254.240577189128 254.364873250325 254.489169311523 254.613465372721 254.737761433919 254.862057495117 254.986353556314 255.110649617512 253.172072219848 250.545870335897 247.919668451944 245.293466567993 242.667264684041 240.041062800089 237.414860916137 234.752354558308 231.980934778849 229.209514999389 226.43809521993 223.66667544047 220.89525566101 218.123835881551 215.352416102091 213.353301239013 211.611621348062 209.869941457112 208.128261566161 206.386581675211 204.64490178426 202.90322189331 201.492743428547 201.075869242349 200.658995056151
234.902563349405 239.97844513787 245.054326926337 250.130208714802 255.206090503267 260.281972291734 260.789637120565 259.77456296285 258.759488805135 257.74441464742 256.729340489706 255.714266331991 254.699192174276 254.127098931206 254.883948432075 255.640797932942 256.39764743381 257.154496934678 257.911346435546 258.668195936414 259.425045437282 257.813250350952 255.411907068888 253.010563786824 250.60922050476 248.207877222697 245.806533940633 243.405190658569 240.917884190877 238.1726881663 235.427492141723 232.682296117147 229.937100092569 227.191904067993 224.446708043416 221.701512018839 219.748907216389 218.060499487982 216.372091759575 214.683684031168 212.995276302761 211.306868574354 209.618460845947 208.226135762532 207.722058614094 207.217981465657
235.155898539224 240.617651875812 246.079405212401 251.54115854899 257.002911885578 262.464665222167 262.913678614298 261.69177869161 260.469878768921 259.247978846232 258.026078923543 256.804179000854 255.582279078166 255.022658157348 256.449874242146 257.877090326944 259.304306411742 260.73152249654 262.158738581338 263.585954666136 265.013170750934 263.780288569131 261.660706965128 259.541125361123 257.421543757119 255.301962153116 253.182380549111 251.062798945108 248.794139607746 246.078247070311 243.362354532876 240.646461995441 237.930569458006 235.214676920571 232.498784383137 229.782891845701 227.887154897052 226.264803144665 224.642451392278 223.020099639891 221.397747887504 219.775396135116 218.153044382729 216.788214747109 216.19595146179 215.603688176471
235.713587951659 241.596479797362 247.479371643065 253.362263488768 259.245155334471 265.128047180175 265.578233718872 264.217518488566 262.85680325826 261.496088027954 260.135372797648 258.774657567342 257.413942337036 256.927254867553 259.062650680541 261.198046493529 263.333442306517 265.468838119506 267.604233932494 269.739629745482 271.87502555847 271.073186874389 269.292270024617 267.511353174844 265.730436325072 263.9495194753 262.168602625528 260.387685775756 258.381120808918 255.697611490884 253.01410217285 250.330592854817 247.647083536782 244.963574218749 242.280064900715 239.596555582681 237.768044281004 236.224532318114 234.681020355223 233.137508392333 231.593996429442 230.050484466551 228.506972503661 227.178980382282 226.497547785439 225.816115188597
236.271277364094 242.575307718911 248.87933807373 255.183368428547 261.487398783364 267.791429138182 268.242788823445 266.743258285522 265.243727747599 263.744197209676 262.244666671753 260.74513613383 259.245605595907 258.831851577758 261.675427118937 264.519002660115 267.362578201293 270.206153742471 273.049729283649 275.893304824828 278.736880366006 278.366085179646 276.923833084106 275.481580988565 274.039328893025 272.597076797484 271.154824701944 269.712572606404 267.96810201009 265.316975911457 262.665849812825 260.014723714192 257.363597615559 254.712471516926 252.061345418293 249.41021931966 247.648933664957 246.184261491562 244.719589318168 243.254917144774 241.79024497138 240.325572797986 238.860900624592 237.569746017455 236.799144109089 236.028542200723
236.828966776529 243.55413564046 250.279304504393 257.004473368325 263.729642232257 270.45481109619 270.907343928019 269.268998082479 267.630652236938 265.992306391398 264.353960545858 262.715614700317 261.077268854777 260.736448287963 264.288203557331 267.8399588267 271.391714096068 274.943469365436 278.495224634805 282.046979904173 285.598735173542 285.658983484903 284.555396143594 283.451808802285 282.348221460977 281.244634119668 280.141046778359 279.037459437051 277.555083211262 274.93634033203 272.317597452798 269.698854573566 267.080111694334 264.461368815103 261.842625935871 259.223883056639 257.529823048908 256.14399066501 254.758158281113 253.372325897215 251.986493513317 250.60066112942 249.214828745522 247.960511652627 247.100740432737 246.240969212848
237.386656188964 244.53296356201 251.679270935058 258.825578308104 265.97188568115 273.118193054198 273.571899032593 271.794737879435 270.017576726277 268.24041557312 266.463254419963 264.686093266805 262.908932113647 262.641044998168 266.900979995727 271.160914993285 275.420849990843 279.680784988402 283.94071998596 288.200654983518 292.460589981077 292.95188179016 292.186959203083 291.422036616006 290.657114028929 289.892191441853 289.127268854776 288.362346267699 287.142064412434 284.555704752603 281.969345092772 279.382985432942 276.796625773111 274.21026611328 271.623906453449 269.037546793618 267.41071243286 266.103719838459 264.796727244058 263.489734649657 262.182742055256 260.875749460855 259.568756866454 258.3512772878 257.402336756387 256.453396224974
237.944345601398 245.511791483559 253.079237365722 260.646683247883 268.214129130044 275.781575012206 276.236454137166 274.320477676392 272.404501215617 270.488524754842 268.572548294068 266.656571833293 264.740595372518 264.545641708373 269.513756434122 274.48187115987 279.449985885618 284.418100611368 289.386215337116 294.354330062864 299.322444788613 300.244780095417 299.818522262572 299.392264429727 298.966006596882 298.539748764037 298.113490931192 297.687233098347 296.729045613606 294.175069173176 291.621092732746 289.067116292317 286.513139851887 283.959163411457 281.405186971028 278.851210530598 277.291601816812 276.063449011907 274.835296207003 273.607143402098 272.378990597194 271.150837792289 269.922684987385 268.742042922972 267.703933080036 266.6658232371
238.058074824014 245.966129260591 253.87418369717 261.782238133747 269.690292570324 277.598347006903 278.095546468099 276.1224609375 274.149375406901 272.176289876302 270.203204345703 268.230118815104 266.257033284505 266.148985120984 271.636049058701 277.123112996418 282.610176934135 288.097240871852 293.584304809569 299.071368747285 304.558432685003 305.889374033609 305.834941185844 305.78050833808 305.726075490315 305.67164264255 305.617209794785 305.56277694702 304.926393975151 302.544160630967 300.161927286783 297.779693942599 295.397460598414 293.01522725423 290.632993910047 288.250760565862 286.796600596108 285.651798417832 284.506996239554 283.362194061278 282.217391883001 281.072589704724 279.927787526447 278.788490125866 277.665707058375 276.542923990884
237.72784385681 245.895976893105 254.064109929402 262.232242965697 270.400376001992 278.568509038288 279.149176025391 277.200687662761 275.25219930013 273.3037109375 271.35522257487 269.40673421224 267.45824584961 267.451075236001 273.267857869465 279.084640502928 284.901423136392 290.718205769856 296.534988403319 302.351771036782 308.168553670246 309.885663604736 310.2362159729 310.586768341064 310.937320709228 311.287873077392 311.638425445556 311.98897781372 311.73410949707 309.662979125976 307.591848754882 305.520718383788 303.449588012694 301.3784576416 299.307327270507 297.236196899413 295.925708770751 294.868768056232 293.811827341714 292.754886627196 291.697945912678 290.641005198159 289.584064483641 288.490618896483 287.287658691405 286.084698486327
237.397612889606 245.825824525619 254.254036161634 262.682247797647 271.11045943366 279.538671069674 280.202805582682 278.278914388021 276.355023193359 274.431131998698 272.507240804037 270.583349609375 268.659458414714 268.753165351018 274.899666680229 281.046168009439 287.192669338648 293.339170667859 299.485671997069 305.632173326278 311.778674655489 313.881953175862 314.637490759955 315.393028344048 316.14856592814 316.904103512233 317.659641096326 318.415178680419 318.541825018988 316.781797620984 315.021770222981 313.261742824978 311.501715426974 309.74168802897 307.981660630967 306.221633232963 305.054816945393 304.085737694633 303.116658443874 302.147579193114 301.178499942355 300.209420691595 299.240341440835 298.1927476671 296.909610324435 295.62647298177
237.067381922403 245.755672158133 254.443962393866 263.132252629596 271.820542865327 280.50883310106 281.256435139974 279.357141113281 277.457847086589 275.558553059896 273.659259033203 271.75996500651 269.860670979818 270.055255466036 276.531475490993 283.007695515949 289.483915540905 295.960135565862 302.436355590819 308.912575615775 315.388795640732 317.878242746988 319.038765547009 320.199288347031 321.359811147053 322.520333947074 323.680856747096 324.841379547118 325.349540540906 323.900616115993 322.45169169108 321.002767266166 319.553842841253 318.10491841634 316.655993991427 315.207069566513 314.183925120034 313.302707333033 312.421489546032 311.540271759031 310.659053972031 309.77783618503 308.896618398029 307.894876437715 306.531561957464 305.168247477212
236.737150955199 245.685519790647 254.633888626098 263.582257461546 272.530626296995 281.478995132445 282.310064697266 280.435367838542 278.560670979818 276.685974121094 274.81127726237 272.936580403646 271.061883544922 271.357345581053 278.163284301757 284.969223022459 291.775161743162 298.581100463866 305.387039184569 312.192977905271 318.998916625975 321.874532318114 323.440040334065 325.005548350015 326.571056365966 328.136564381916 329.702072397867 331.267580413817 332.157256062825 331.019434611001 329.881613159179 328.743791707356 327.605970255533 326.46814880371 325.330327351887 324.192505900064 323.313033294676 322.519676971434 321.726320648192 320.93296432495 320.139608001708 319.346251678465 318.552895355223 317.597005208332 316.153513590493 314.710021972655
236.406919987995 245.615367423161 254.82381485833 264.032262293496 273.240709728663 282.449157163831 283.363694254557 281.513594563802 279.663494873047 277.813395182292 275.963295491537 274.113195800781 272.263096110026 272.65943569607 279.795093112521 286.93075052897 294.066407945419 301.20206536187 308.337722778319 315.473380194768 322.609037611218 325.870821889241 327.84131512112 329.811808352999 331.782301584878 333.752794816758 335.723288048637 337.693781280516 338.964971584743 338.13825310601 337.311534627278 336.484816148545 335.658097669812 334.83137919108 334.004660712347 333.177942233614 332.442141469318 331.736646609835 331.031151750351 330.325656890868 329.620162031384 328.914667171901 328.209172312417 327.299133978949 325.775465223523 324.251796468098
234.171174367268 243.68766233656 253.204150305854 262.720638275145 272.237126244437 281.753614213731 282.648310852052 280.669077046713 278.689843241375 276.710609436036 274.731375630698 272.752141825359 270.772908020021 271.23398522271 279.01599544949 286.798005676269 294.580015903048 302.362026129828 310.144036356607 317.926046583385 325.708056810166 329.509360504149 331.983762020534 334.458163536918 336.932565053303 339.406966569687 341.881368086072 344.355769602456 346.110491010876 345.706172095403 345.30185317993 344.897534264457 344.493215348984 344.08889643351 343.684577518037 343.280258602564 342.63657608032 341.913105689153 341.189635297985 340.466164906818 339.74269451565 339.019224124483 338.295753733315 337.310884602863 335.541819254555 333.772753906248
230.029914093017 239.902404530842 249.774894968668 259.647385406493 269.519875844318 279.392366282145 280.163914489747 277.901815287273 275.639716084799 273.377616882325 271.115517679851 268.853418477377 266.591319274903 267.080994160969 275.825991312662 284.570988464354 293.315985616046 302.06098276774 310.805979919432 319.550977071124 328.295974222818 332.790148162841 335.867381032307 338.944613901773 342.021846771239 345.099079640705 348.176312510171 351.253545379637 353.593814341226 353.723191579182 353.852568817137 353.981946055093 354.111323293048 354.240700531004 354.37007776896 354.499455006915 353.896337127684 353.04905420939 352.201771291095 351.354488372801 350.507205454507 349.659922536212 348.812639617918 347.632257080077 345.452575683592 343.272894287108
225.888653818765 236.117146725123 246.345639631483 256.57413253784 266.802625444198 277.031118350558 277.679518127442 275.134553527833 272.589588928223 270.044624328614 267.499659729005 264.954695129395 262.409730529786 262.928003099228 272.635987175835 282.34397125244 292.051955329045 301.759939405652 311.467923482257 321.175907558863 330.883891635469 336.070935821532 339.75100004408 343.431064266628 347.111128489175 350.791192711722 354.471256934271 358.151321156818 361.077137671575 361.74021106296 362.403284454344 363.066357845729 363.729431237113 364.392504628498 365.055578019882 365.718651411267 365.156098175047 364.185002729626 363.213907284205 362.242811838784 361.271716393364 360.300620947942 359.329525502522 357.953629557291 355.363332112629 352.773034667968
221.747393544514 232.331888919405 242.916384294297 253.500879669188 264.085375044079 274.669870418972 275.195121765138 272.367291768393 269.539461771648 266.711631774903 263.883801778159 261.055971781414 258.228141784669 258.775012037488 269.445983039008 280.116954040526 290.787925042044 301.458896043564 312.129867045083 322.800838046601 333.471809048121 339.351723480223 343.634619055852 347.917514631482 352.200410207111 356.48330578274 360.76620135837 365.049096933998 368.560461001924 369.757230546738 370.954000091551 372.150769636364 373.347539181177 374.544308725991 375.741078270804 376.937847815617 376.41585922241 375.320951249862 374.226043277315 373.131135304767 372.036227332219 370.941319359671 369.846411387124 368.275002034504 365.274088541665 362.273175048827
217.606133270263 228.546631113686 239.487128957112 250.427626800536 261.36812464396 272.308622487385 272.710725402833 269.600030008953 266.489334615072 263.378639221193 260.267943827312 257.157248433432 254.046553039552 254.622020975747 266.25597890218 277.889936828612 289.523894755043 301.157852681477 312.791810607908 324.42576853434 336.059726460773 342.632511138915 347.518238067625 352.403964996337 357.289691925047 362.175418853758 367.061145782469 371.94687271118 376.043784332274 377.774250030516 379.504715728758 381.235181427 382.965647125242 384.696112823484 386.426578521726 388.157044219969 387.675620269774 386.456899770099 385.238179270425 384.01945877075 382.800738271076 381.582017771401 380.363297271727 378.596374511718 375.184844970702 371.773315429686
213.464872996011 224.761373307968 236.057873619927 247.354373931883 258.65087424384 269.947374555799 270.226329040528 266.832768249513 263.439207458497 260.045646667482 256.652085876466 253.25852508545 249.864964294435 250.469029914006 263.065974765353 275.662919616697 288.259864468042 300.856809319389 313.453754170733 326.050699022078 338.647643873425 345.913298797606 351.401857079398 356.890415361191 362.378973642983 367.867531924775 373.356090206569 378.844648488361 383.527107662623 385.791269514294 388.055431365965 390.319593217636 392.583755069307 394.847916920978 397.112078772649 399.37624062432 398.935381317137 397.592848290336 396.250315263535 394.907782236734 393.565249209933 392.222716183131 390.88018315633 388.917746988932 385.095601399739 381.273455810546
