data/working_set_collections/6091692-Cassins_Sparrow-MC/1990/bio10.asc
NCOLS 265 
NROWS 230 
XLLCORNER -115.5625 
YLLCORNER 24.8333333333333 
CELLSIZE 0.0833333333333333 
NODATA_value -9999 
[rows 20 to 39 of 230, columns 184 to 229 of 265]
22.7049686908722 22.706516928143 22.7080651654137 22.7092907905579 22.7104088783264 22.711526966095 22.7126450538635 22.7137631416321 22.7148812294006 22.7159993171692 22.7214153236813 22.7397250864241 22.7580348491669 22.7763446119096 22.7946543746524 22.8129641373952 22.831273900138 22.8495836628808 22.8513254960378 22.8475446859996 22.8437638759613 22.8399830659231 22.8362022558848 22.8324214458466 22.8286406358083 22.818594206704 22.7897509204017 22.7609076340993 22.732064347797 22.7032210614946 22.6743777751923 22.6455344888899 22.6166912025876 22.6097859541575 22.6101933850182 22.610600815879 22.6110082467397 22.6114156776004 22.6118231084612 22.6122305393219 22.6079350418515 22.5895307593876 22.5711264769236 22.5527221944597 22.5343179119958 22.5159136295319
22.7298638820648 22.7325308852726 22.7351978884803 22.7355414390564 22.735110505422 22.7346795717875 22.7342486381531 22.7338177045186 22.7333867708842 22.7329558372498 22.7368942949507 22.7539409266578 22.7709875583649 22.7880341900719 22.805080821779 22.8221274534861 22.8391740851932 22.8562207169003 22.8520903746287 22.8409010410309 22.8297117074331 22.8185223738353 22.8073330402374 22.7961437066396 22.7849543730418 22.7712468094296 22.7499845557743 22.7287223021189 22.7074600484636 22.6861977948083 22.664935541153 22.6436732874976 22.6224110338423 22.6171295960744 22.6171750969357 22.617220597797 22.6172660986582 22.6173115995195 22.6173571003808 22.6174026012421 22.6146548959944 22.6035275724199 22.5924002488454 22.5812729252709 22.5701456016964 22.5590182781219
22.7547590732574 22.7585448424021 22.7623306115468 22.7617920875549 22.7598121325175 22.7578321774801 22.7558522224426 22.7538722674052 22.7518923123678 22.7499123573303 22.7523732662201 22.7681567668915 22.7839402675629 22.7997237682342 22.8155072689056 22.831290769577 22.8470742702484 22.8628577709198 22.8528552532196 22.8342573960622 22.8156595389048 22.7970616817474 22.7784638245901 22.7598659674327 22.7412681102753 22.7238994121552 22.7102181911469 22.6965369701386 22.6828557491303 22.669174528122 22.6554933071137 22.6418120861054 22.6281308650971 22.6244732379913 22.6241568088532 22.623840379715 22.6235239505768 22.6232075214386 22.6228910923004 22.6225746631622 22.6213747501373 22.6175243854523 22.6136740207672 22.6098236560821 22.6059732913971 22.602122926712
22.7796542644501 22.7845587995317 22.7894633346134 22.7880427360535 22.784513759613 22.7809847831726 22.7774558067322 22.7739268302917 22.7703978538513 22.7668688774109 22.7678522374895 22.7823726071252 22.7968929767609 22.8114133463965 22.8259337160322 22.8404540856679 22.8549744553036 22.8694948249393 22.8536201318105 22.8276137510936 22.8016073703766 22.7756009896596 22.7495946089427 22.7235882282257 22.6975818475088 22.6765520148807 22.6704518265194 22.6643516381582 22.6582514497969 22.6521512614356 22.6460510730743 22.6399508847131 22.6338506963518 22.6318168799082 22.6311385207706 22.630460161633 22.6297818024953 22.6291034433577 22.62842508422 22.6277467250824 22.6280946042803 22.6315211984846 22.634947792689 22.6383743868934 22.6418009810977 22.6452275753021
22.8001793066661 22.8037737475501 22.8073681884342 22.8056429068247 22.8021443843842 22.7986458619436 22.795147339503 22.7916488170624 22.7881502946218 22.7846517721812 22.7853126419915 22.7984516885545 22.8115907351176 22.8247297816806 22.8378688282437 22.8510078748067 22.8641469213698 22.8772859679328 22.8610247135162 22.8349633587731 22.80890200403 22.7828406492869 22.7567792945438 22.7307179398007 22.7046565850576 22.6846416685316 22.6827660666572 22.6808904647827 22.6790148629083 22.6771392610338 22.6752636591593 22.6733880572849 22.6715124554104 22.6698750495911 22.6683170424567 22.6667590353224 22.6652010281881 22.6636430210537 22.6620850139194 22.6605270067851 22.6610998630524 22.6680653095245 22.6750307559967 22.6819962024689 22.688961648941 22.6959270954132
22.8163341999054 22.8161896864573 22.8160451730092 22.8145925998688 22.8127040068309 22.8108154137929 22.808926820755 22.8070382277171 22.8051496346792 22.8032610416412 22.8047544797261 22.8163940111796 22.828033542633 22.8396730740865 22.85131260554 22.8629521369934 22.8745916684469 22.8862311999003 22.8750689983368 22.856306219101 22.8375434398651 22.8187806606293 22.8000178813934 22.7812551021576 22.7624923229217 22.7481683731079 22.74716091156 22.7461534500122 22.7451459884643 22.7441385269165 22.7431310653686 22.7421236038208 22.7411161422729 22.7386477470398 22.7356923739115 22.7327370007833 22.729781627655 22.7268262545268 22.7238708813985 22.7209155082703 22.7203905264536 22.727156718572 22.7339229106903 22.7406891028086 22.747455294927 22.7542214870453
22.8324890931447 22.8286056253645 22.8247221575843 22.8235422929128 22.8232636292775 22.8229849656423 22.822706302007 22.8224276383718 22.8221489747365 22.8218703111013 22.8241963174608 22.8343363338047 22.8444763501485 22.8546163664924 22.8647563828362 22.8748963991801 22.885036415524 22.8951764318678 22.8891132831573 22.8776490794288 22.8661848757002 22.8547206719716 22.8432564682431 22.8317922645145 22.8203280607859 22.8116950776842 22.8115557564629 22.8114164352417 22.8112771140204 22.8111377927992 22.810998471578 22.8108591503567 22.8107198291355 22.8074204444885 22.8030677053663 22.7987149662442 22.794362227122 22.7900094879998 22.7856567488776 22.7813040097554 22.7796811898549 22.7862481276194 22.7928150653839 22.7993820031484 22.8059489409129 22.8125158786774
22.8486439863841 22.8410215642717 22.8333991421594 22.8324919859568 22.8338232517242 22.8351545174917 22.8364857832591 22.8378170490265 22.8391483147939 22.8404795805613 22.8436381551954 22.8522786564297 22.860919157664 22.8695596588982 22.8782001601325 22.8868406613668 22.895481162601 22.9041216638353 22.9031575679779 22.8989919397566 22.8948263115353 22.890660683314 22.8864950550927 22.8823294268714 22.8781637986501 22.8752217822605 22.8759506013658 22.8766794204712 22.8774082395765 22.8781370586819 22.8788658777873 22.8795946968926 22.880323515998 22.8761931419373 22.8704430368212 22.864692931705 22.8589428265889 22.8531927214728 22.8474426163567 22.8416925112406 22.8389718532562 22.8453395366669 22.8517072200775 22.8580749034882 22.8644425868988 22.8708102703094
22.8647988796234 22.8534375031789 22.8420761267344 22.8414416790009 22.8443828741709 22.847324069341 22.8502652645111 22.8532064596812 22.8561476548513 22.8590888500214 22.8630799929301 22.8702209790548 22.8773619651794 22.8845029513041 22.8916439374288 22.8987849235535 22.9059259096781 22.9130668958028 22.9172018527985 22.9203348000844 22.9234677473704 22.9266006946564 22.9297336419423 22.9328665892283 22.9359995365143 22.9387484868367 22.9403454462687 22.9419424057007 22.9435393651326 22.9451363245646 22.9467332839966 22.9483302434285 22.9499272028605 22.944965839386 22.937818368276 22.9306708971659 22.9235234260559 22.9163759549459 22.9092284838358 22.9020810127258 22.8982625166575 22.9044309457143 22.9105993747711 22.9167678038279 22.9229362328847 22.9291046619415
22.8809537728628 22.8658534420861 22.8507531113095 22.8503913720449 22.8549424966176 22.8594936211904 22.8640447457631 22.8685958703359 22.8731469949086 22.8776981194814 22.8825218306647 22.8881633016798 22.8938047726949 22.89944624371 22.9050877147251 22.9107291857401 22.9163706567552 22.9220121277703 22.931246137619 22.9416776604122 22.9521091832055 22.9625407059987 22.972972228792 22.9834037515852 22.9938352743785 23.002275191413 23.0047402911716 23.0072053909302 23.0096704906887 23.0121355904473 23.0146006902059 23.0170657899645 23.019530889723 23.0137385368347 23.0051936997308 22.9966488626268 22.9881040255229 22.9795591884189 22.971014351315 22.962469514211 22.9575531800588 22.9635223547618 22.9694915294647 22.9754607041677 22.9814298788706 22.9873990535736
22.9255623022715 22.9087556997935 22.8919490973155 22.8909600416819 22.8952435016632 22.8995269616445 22.9038104216258 22.908093881607 22.9123773415883 22.9166608015696 22.9209952195485 22.9254825115204 22.9299698034922 22.9344570954641 22.9389443874359 22.9434316794078 22.9479189713796 22.9524062633514 22.9645860830943 22.9793300787608 22.9940740744273 23.0088180700938 23.0235620657603 23.0383060614268 23.0530500570933 23.0644426451789 23.0657810105218 23.0671193758647 23.0684577412075 23.0697961065504 23.0711344718933 23.0724728372362 23.0738112025791 23.0689492384593 23.0620204978519 23.0550917572445 23.0481630166372 23.0412342760298 23.0343055354224 23.0273767948151 23.0237089422014 23.0298237535689 23.0359385649363 23.0420533763038 23.0481681876712 23.0542829990387
22.9986244678497 22.9821442763011 22.9656640847524 22.963147687912 22.9652858893076 22.9674240907033 22.969562292099 22.9717004934947 22.9738386948903 22.975976896286 22.9785001595815 22.9821786085764 22.9858570575714 22.9895355065664 22.9932139555613 22.9968924045563 23.0005708535512 23.0042493025462 23.0172216892242 23.03329205513 23.0493624210358 23.0654327869415 23.0815031528473 23.097573518753 23.1136438846588 23.1252508481344 23.1234676043192 23.1216843605041 23.119901116689 23.1181178728739 23.1163346290588 23.1145513852437 23.1127681414286 23.1105979442596 23.1082987626394 23.1059995810191 23.1037003993988 23.1014012177785 23.0991020361582 23.096802854538 23.0967298030853 23.1033351421356 23.1099404811859 23.1165458202362 23.1231511592865 23.1297564983368
23.0716866334279 23.0555328528086 23.0393790721893 23.035335334142 23.0353282769521 23.0353212197622 23.0353141625722 23.0353071053823 23.0353000481923 23.0352929910024 23.0360050996145 23.0388747056325 23.0417443116506 23.0446139176687 23.0474835236867 23.0503531297048 23.0532227357229 23.0560923417409 23.0698572953542 23.0872540314992 23.1046507676442 23.1220475037893 23.1394442399343 23.1568409760793 23.1742377122243 23.1860590510898 23.1811541981167 23.1762493451436 23.1713444921705 23.1664396391975 23.1615347862244 23.1566299332513 23.1517250802782 23.15224665006 23.1545770274268 23.1569074047936 23.1592377821604 23.1615681595272 23.163898536894 23.1662289142609 23.1697506639692 23.1768465307024 23.1839423974355 23.1910382641686 23.1981341309017 23.2052299976349
23.1447487990061 23.1289214293162 23.1130940596263 23.1075229803721 23.1053706645966 23.103218348821 23.1010660330454 23.0989137172699 23.0967614014943 23.0946090857188 23.0935100396474 23.0955708026886 23.0976315657298 23.099692328771 23.1017530918121 23.1038138548533 23.1058746178945 23.1079353809357 23.1224929014842 23.1412160078684 23.1599391142527 23.178662220637 23.1973853270213 23.2161084334055 23.2348315397898 23.2468672540453 23.2388407919142 23.2308143297831 23.222787867652 23.214761405521 23.2067349433899 23.1987084812588 23.1906820191277 23.1938953558604 23.2008552922143 23.2078152285682 23.2147751649221 23.221735101276 23.2286950376299 23.2356549739838 23.2427715248532 23.2503579192691 23.2579443136851 23.2655307081011 23.273117102517 23.280703496933
23.2178109645843 23.2023100058238 23.1868090470632 23.1797106266022 23.175413052241 23.1711154778798 23.1668179035187 23.1625203291575 23.1582227547963 23.1539251804352 23.1510149796804 23.1522668997447 23.153518819809 23.1547707398732 23.1560226599375 23.1572745800018 23.1585265000661 23.1597784201304 23.1751285076141 23.1951779842377 23.2152274608612 23.2352769374847 23.2553264141083 23.2753758907318 23.2954253673553 23.3076754570007 23.2965273857117 23.2853793144226 23.2742312431335 23.2630831718445 23.2519351005554 23.2407870292664 23.2296389579773 23.2355440616608 23.2471335570017 23.2587230523427 23.2703125476837 23.2819020430247 23.2934915383657 23.3050810337066 23.3157923857371 23.3238693078359 23.3319462299347 23.3400231520335 23.3481000741323 23.3561769962311
23.2908731301625 23.2756985823313 23.2605240345001 23.2518982728322 23.2454554398854 23.2390126069387 23.2325697739919 23.2261269410451 23.2196841080983 23.2132412751516 23.2085199197133 23.2089629968007 23.2094060738881 23.2098491509755 23.2102922280629 23.2107353051503 23.2111783822377 23.2116214593251 23.2277641137441 23.2491399606069 23.2705158074697 23.2918916543325 23.3132675011953 23.334643348058 23.3560191949208 23.3684836599562 23.3542139795091 23.3399442990621 23.325674618615 23.311404938168 23.2971352577209 23.2828655772739 23.2685958968268 23.2771927674611 23.2934118217892 23.3096308761173 23.3258499304453 23.3420689847734 23.3582880391015 23.3745070934296 23.388813246621 23.3973806964026 23.4059481461843 23.4145155959659 23.4230830457475 23.4316504955292
23.3756054242452 23.3617328537835 23.3478602833218 23.3376211007436 23.3285930474599 23.3195649941762 23.3105369408925 23.3015088876088 23.2924808343251 23.2834527810415 23.2765260696411 23.2759033838908 23.2752806981405 23.2746580123901 23.2740353266398 23.2734126408895 23.2727899551392 23.2721672693888 23.2876811345418 23.3085738499959 23.32946656545 23.3503592809041 23.3712519963582 23.3921447118123 23.4130374272664 23.4252133793301 23.4112390412225 23.3972647031148 23.3832903650072 23.3693160268995 23.3553416887919 23.3413673506843 23.3273930125766 23.3373914877574 23.3553809007009 23.3733703136444 23.3913597265879 23.4093491395314 23.427338552475 23.4453279654185 23.4607621563805 23.4685306813982 23.4762992064158 23.4840677314334 23.4918362564511 23.4996047814687
23.4720078468323 23.4604128201802 23.4488177935282 23.4368791103363 23.4248258749644 23.4127726395925 23.4007194042206 23.3886661688487 23.3766129334768 23.3645596981048 23.3550334294637 23.3530880610148 23.3511426925659 23.349197324117 23.3472519556681 23.3453065872192 23.3433612187703 23.3414158503214 23.3548795700073 23.3734796524048 23.3920797348022 23.4106798171997 23.4292798995972 23.4478799819946 23.4664800643921 23.4778646151225 23.4676025708516 23.4573405265808 23.44707848231 23.4368164380391 23.4265543937683 23.4162923494975 23.4060303052266 23.4161402225494 23.4330407937368 23.4499413649241 23.4668419361114 23.4837425072988 23.5006430784861 23.5175436496734 23.5316391150157 23.5373192628225 23.5429994106293 23.5486795584361 23.5543597062429 23.5600398540497
23.5684102694193 23.559092786577 23.5497753037347 23.536137119929 23.5210587024689 23.5059802850087 23.4909018675486 23.4758234500885 23.4607450326284 23.4456666151682 23.4335407892863 23.4302727381388 23.4270046869914 23.4237366358439 23.4204685846964 23.417200533549 23.4139324824015 23.4106644312541 23.4220780054728 23.4383854548136 23.4546929041544 23.4710003534953 23.4873078028361 23.5036152521769 23.5199227015177 23.5305158509148 23.5239661004808 23.5174163500468 23.5108665996128 23.5043168491787 23.4977670987447 23.4912173483107 23.4846675978766 23.4948889573415 23.5107006867727 23.5265124162038 23.542324145635 23.5581358750661 23.5739476044973 23.5897593339284 23.6025160736508 23.6061078442468 23.6096996148427 23.6132913854387 23.6168831560347 23.6204749266306
23.6648126920064 23.6577727529738 23.6507328139411 23.6353951295217 23.6172915299733 23.599187930425 23.5810843308767 23.5629807313283 23.54487713178 23.5267735322316 23.5120481491089 23.5074574152629 23.5028666814168 23.4982759475708 23.4936852137248 23.4890944798787 23.4845037460327 23.4799130121867 23.4892764409383 23.5032912572225 23.5173060735067 23.5313208897908 23.545335706075 23.5593505223592 23.5733653386434 23.5831670867072 23.58032963011 23.5774921735128 23.5746547169155 23.5718172603183 23.5689798037211 23.5661423471239 23.5633048905267 23.5736376921336 23.5883605798085 23.6030834674835 23.6178063551585 23.6325292428334 23.6472521305084 23.6619750181834 23.6733930322859 23.674896425671 23.6763998190562 23.6779032124413 23.6794066058265 23.6809099992116
