data/working_set_collections/6091692-Cassins_Sparrow-MC/1990/bio18.asc
NCOLS 265 
NROWS 230 
XLLCORNER -115.5625 
YLLCORNER 24.8333333333333 
CELLSIZE 0.0833333333333333 
NODATA_value -9999 
[rows 200 to 219 of 230, columns 138 to 183 of 265]
165.691999096341 163.211379623413 160.730760150486 158.250140677559 158.002568054199 158.499344380696 158.996120707194 159.492897033691 159.989673360188 160.486449686686 160.983226013183 160.996737543742 159.560454686483 158.124171829224 156.687888971965 155.251606114706 153.815323257446 152.379040400187 150.942757542928 149.447308095296 147.932136450874 146.416964806451 144.901793162028 143.386621517606 141.871449873183 140.35627822876 139.318071068658 139.710757361518 140.103443654378 140.496129947239 140.888816240099 141.281502532959 141.674188825819 142.066875118679 141.398365147909 140.376123089261 139.353881030613 138.331638971965 137.309396913317 136.287154854669 135.264912796021 134.644085693359 135.227503458659 135.810921223958 136.394338989258 136.977756754557
167.266918648614 164.82765083313 162.388383017646 159.949115202162 159.742472839355 160.280038960774 160.817605082193 161.355171203613 161.892737325032 162.430303446451 162.967869567871 162.946884791056 161.25024731954 159.553609848022 157.856972376506 156.160334904989 154.463697433472 152.767059961955 151.070422490438 149.388757578532 147.71208351983 146.035409461128 144.358735402426 142.682061343723 141.005387285021 139.328713226319 138.184543270535 138.637885623508 139.091227976481 139.544570329454 139.997912682427 140.4512550354 140.904597388374 141.357939741347 140.686575953166 139.640310117934 138.594044282702 137.547778447469 136.501512612237 135.455246777005 134.408980941773 133.807276407878 134.539255777995 135.271235148112 136.003214518229 136.735193888346
168.841838200887 166.443922042847 164.046005884807 161.648089726766 161.482377624511 162.060733540852 162.639089457194 163.217445373535 163.795801289876 164.374157206217 164.952513122558 164.897032038371 162.940039952596 160.983047866821 159.026055781047 157.069063695272 155.112071609497 153.155079523723 151.198087437948 149.330207061768 147.492030588786 145.653854115805 143.815677642823 141.977501169841 140.139324696859 138.301148223877 137.051015472412 137.565013885498 138.079012298584 138.59301071167 139.107009124756 139.621007537842 140.135005950928 140.649004364014 139.974786758423 138.904497146607 137.83420753479 136.763917922974 135.693628311158 134.623338699341 133.553049087525 132.970467122396 133.851008097331 134.731549072266 135.6120900472 136.492631022135
170.416757753161 168.060193252564 165.703628751967 163.34706425137 163.222282409668 163.841428120931 164.460573832194 165.079719543457 165.69886525472 166.318010965983 166.937156677246 166.847179285685 164.629832585653 162.41248588562 160.195139185588 157.977792485556 155.760445785523 153.54309908549 151.325752385458 149.271656545004 147.271977657742 145.272298770481 143.27261988322 141.272940995959 139.273262108698 137.273583221436 135.917487674289 136.492142147488 137.066796620687 137.641451093886 138.216105567084 138.790760040283 139.365414513482 139.940068986681 139.26299756368 138.16868417528 137.074370786879 135.980057398479 134.885744010078 133.791430621677 132.697117233277 132.133657836914 133.162760416666 134.191862996419 135.220965576172 136.250068155924
172.749594116211 170.375974527995 168.002354939779 165.628735351563 165.478564961751 166.069544304741 166.660523647732 167.251502990722 167.842482333712 168.433461676703 169.024441019694 168.847479078505 166.366693284777 163.885907491048 161.40512169732 158.924335903592 156.443550109864 153.962764316135 151.481978522407 149.289387257894 147.192860836453 145.096334415013 142.999807993571 140.90328157213 138.80675515069 136.710228729248 135.291512976752 135.906229231093 136.520945485433 137.135661739773 137.750377994113 138.365094248454 138.979810502794 139.594526757134 138.964079538981 137.918577829997 136.873076121013 135.827574412028 134.782072703044 133.736570994059 132.691069285075 132.179014926486 133.267302619086 134.355590311686 135.443878004286 136.532165696885
175.840347290039 173.39126586914 170.942184448242 168.493103027344 168.251225280761 168.745082092285 169.238938903808 169.732795715332 170.226652526855 170.720509338378 171.214366149902 170.89793141683 168.150622049968 165.403312683106 162.656003316244 159.908693949382 157.16138458252 154.414075215658 151.666765848796 149.38339920044 147.254680124919 145.125961049398 142.997241973877 140.868522898357 138.739803822836 136.611084747315 135.173091379801 135.807275136312 136.441458892822 137.075642649333 137.709826405843 138.344010162353 138.978193918864 139.612377675374 139.078032684326 138.154178110759 137.230323537191 136.306468963623 135.382614390055 134.458759816488 133.53490524292 133.106538391113 134.164634704589 135.222731018066 136.280827331543 137.338923645019
178.931100463867 176.406557210286 173.882013956706 171.357470703125 171.023885599772 171.420619879828 171.817354159885 172.214088439941 172.610822719997 173.007557000054 173.40429128011 172.948383755154 169.934550815159 166.920717875163 163.906884935168 160.893051995172 157.879219055176 154.865386115181 151.851553175185 149.477411142985 147.316499413385 145.155587683784 142.994675954183 140.833764224583 138.672852494982 136.511940765381 135.05466978285 135.708321041531 136.361972300212 137.015623558892 137.669274817573 138.322926076253 138.976577334934 139.630228593614 139.191985829671 138.38977839152 137.587570953369 136.785363515218 135.983156077067 135.180948638916 134.378741200765 134.03406185574 135.061966790093 136.089871724446 137.1177766588 138.145681593153
182.021853637695 179.421848551432 176.821843465169 174.221838378906 173.796545918782 174.096157667371 174.395769415961 174.69538116455 174.99499291314 175.294604661729 175.594216410319 174.998836093479 171.71847958035 168.43812306722 165.157766554091 161.877410040962 158.597053527832 155.316697014703 152.036340501574 149.571423085531 147.37831870185 145.18521431817 142.992109934489 140.799005550809 138.605901167128 136.412796783448 134.936248185899 135.60936694675 136.282485707601 136.955604468451 137.628723229302 138.301841990153 138.974960751004 139.648079511854 139.305938975016 138.625378672282 137.944818369548 137.264258066813 136.583697764079 135.903137461344 135.22257715861 134.961585320366 135.959298875596 136.957012430826 137.954725986056 138.952439541286
185.112606811524 182.437139892578 179.761672973633 177.086206054688 176.569206237792 176.771695454915 176.974184672037 177.17667388916 177.379163106282 177.581652323405 177.784141540527 177.049288431804 173.502408345541 169.955528259278 166.408648173015 162.861768086752 159.314888000489 155.768007914226 152.221127827963 149.665435028077 147.440137990316 145.214840952556 142.989543914795 140.764246877035 138.538949839275 136.313652801514 134.817826588948 135.510412851969 136.20299911499 136.895585378011 137.588171641032 138.280757904053 138.973344167073 139.665930430094 139.419892120361 138.860978953044 138.302065785726 137.743152618408 137.184239451091 136.625326283773 136.066413116455 135.889108784993 136.8566309611 137.824153137207 138.791675313313 139.75919748942
188.203359985352 185.452431233724 182.701502482097 179.950573730469 179.341866556803 179.447233242458 179.552599928114 179.657966613769 179.763333299425 179.86869998508 179.974066670735 179.099740770129 175.286337110732 171.472933451335 167.659529791939 163.846126132542 160.032722473145 156.219318813749 152.405915154352 149.759446970622 147.501957278782 145.244467586942 142.986977895101 140.729488203261 138.471998511421 136.21450881958 134.699404991997 135.411458757188 136.123512522379 136.83556628757 137.547620052761 138.259673817952 138.971727583143 139.683781348334 139.533845265706 139.096579233805 138.659313201904 138.222047170003 137.784781138102 137.347515106201 136.9102490743 136.81663224962 137.753963046603 138.691293843587 139.62862464057 140.565955437554
192.259658135308 189.416420491536 186.573182847764 183.729945203993 182.91904703776 182.78559536404 182.65214369032 182.518692016601 182.385240342881 182.251788669162 182.118336995442 181.008097585043 176.9674949646 172.926892344157 168.886289723715 164.845687103272 160.805084482829 156.764481862387 152.723879241944 150.045267232259 147.820652092828 145.596036953397 143.371421813965 141.146806674534 138.922191535102 136.697576395671 135.20430217319 135.905050701565 136.605799229939 137.306547758314 138.007296286689 138.708044815063 139.408793343438 140.109541871812 140.064733250936 139.771405580309 139.478077909681 139.184750239054 138.891422568427 138.5980948978 138.304767227173 138.320104726155 139.261437733967 140.20277074178 141.144103749592 142.085436757405
197.281501261393 194.329107666015 191.376714070638 188.42432047526 187.300747680663 186.786781819661 186.272815958658 185.758850097656 185.244884236653 184.730918375651 184.216952514648 182.774358876547 178.545881907146 174.317404937745 170.088927968344 165.860450998943 161.631974029542 157.403497060141 153.17502009074 150.522895812989 148.396222432455 146.269549051921 144.142875671387 142.016202290853 139.889528910319 137.762855529785 136.332518132527 136.991188685099 137.649859237671 138.308529790242 138.967200342814 139.625870895385 140.284541447957 140.943212000529 141.01255607605 140.885457992554 140.758359909057 140.631261825561 140.504163742065 140.377065658569 140.249967575073 140.399526214599 141.379055023193 142.358583831787 143.33811264038 144.317641448974
202.303344387478 199.241794840495 196.180245293511 193.118695746528 191.682448323567 190.787968275282 189.893488226996 188.999008178711 188.104528130425 187.21004808214 186.315568033854 184.540620168051 180.124268849692 175.707917531332 171.291566212973 166.875214894614 162.458863576254 158.042512257895 153.626160939536 151.000524393718 148.971792772082 146.943061150445 144.914329528809 142.885597907173 140.856866285536 138.8281346639 137.460734091864 138.077326668633 138.693919245402 139.31051182217 139.927104398939 140.543696975708 141.160289552476 141.776882129245 141.960378901164 141.999510404799 142.038641908434 142.077773412068 142.116904915703 142.156036419338 142.195167922973 142.478947703043 143.496672312418 144.514396921793 145.532121531168 146.549846140543
207.325187513564 204.154482014974 200.983776516385 197.813071017795 196.064148966471 194.789154730903 193.514160495334 192.239166259765 190.964172024197 189.689177788629 188.41418355306 186.306881459555 181.702655792237 177.098430124919 172.494204457602 167.889978790284 163.285753122966 158.681527455649 154.077301788331 151.478152974447 149.547363111708 147.61657324897 145.685783386231 143.754993523492 141.824203660753 139.893413798015 138.588950051201 139.163464652167 139.737979253133 140.312493854099 140.887008455064 141.46152305603 142.036037656996 142.610552257961 142.908201726278 143.113562817044 143.31892390781 143.524284998576 143.729646089342 143.935007180108 144.140368270874 144.558369191487 145.614289601643 146.6702100118 147.726130421956 148.782050832112
212.347030639648 209.067169189453 205.787307739258 202.507446289063 200.445849609375 198.790341186523 197.134832763672 195.47932434082 193.823815917969 192.168307495117 190.512799072266 188.073142751059 183.281042734783 178.488942718506 173.696842702231 168.904742685955 164.112642669678 159.320542653403 154.528442637127 151.955781555176 150.122933451335 148.290085347494 146.457237243653 144.624389139811 142.79154103597 140.958692932129 139.717166010538 140.249602635701 140.782039260864 141.314475886027 141.846912511189 142.379349136352 142.911785761515 143.444222386678 143.856024551391 144.227615229288 144.599205907186 144.970796585083 145.34238726298 145.713977940877 146.085568618774 146.637790679931 147.731906890868 148.826023101806 149.920139312744 151.014255523681
217.368873765733 213.979856363932 210.590838962131 207.20182156033 204.827550252278 202.791527642144 200.755505032009 198.719482421875 196.68345981174 194.647437201606 192.611414591471 189.839404042563 184.859429677329 179.879455312094 174.89948094686 169.919506581626 164.939532216391 159.959557851157 154.979583485923 152.433410135905 150.698503790962 148.963597446018 147.228691101074 145.493784756131 143.758878411187 142.023972066244 140.845381969875 141.335740619235 141.826099268595 142.316457917955 142.806816567315 143.297175216675 143.787533866034 144.277892515394 144.803847376505 145.341667641533 145.879487906562 146.41730817159 146.955128436618 147.492948701646 148.030768966674 148.717212168375 149.849524180094 150.981836191812 152.114148203531 153.24646021525
222.575480397543 219.054161834717 215.532843271892 212.011524709066 209.290139643351 206.835399076674 204.380658509996 201.925917943319 199.471177376641 197.016436809964 194.561696243286 191.44764489068 186.355661180286 181.26367746989 176.171693759495 171.079710049101 165.987726338705 160.89574262831 155.803758917916 153.310978825887 151.684599939982 150.058221054077 148.431842168172 146.805463282267 145.179084396363 143.552705510457 142.415146721734 142.744048224555 143.072949727376 143.401851230197 143.730752733018 144.05965423584 144.388555738661 144.717457241482 145.381222279866 146.156608496772 146.931994713677 147.707380930582 148.482767147488 149.258153364393 150.033539581298 150.921906450059 152.149215274386 153.376524098714 154.603832923041 155.831141747368
227.966850535075 224.290085601806 220.613320668538 216.93655573527 213.833617782592 210.921955490112 208.010293197632 205.098630905151 202.186968612671 199.275306320191 196.36364402771 192.897865295411 187.769737243654 182.641609191895 177.513481140138 172.38535308838 167.257225036622 162.129096984864 157.000968933107 154.588487625122 153.081221898397 151.573956171672 150.066690444946 148.559424718221 147.052158991496 145.54489326477 144.426460266113 144.47452545166 144.522590637207 144.570655822754 144.618721008301 144.666786193848 144.714851379394 144.762916564941 145.588149261474 146.672437795003 147.756726328531 148.84101486206 149.925303395589 151.009591929117 152.093880462646 153.251873524983 154.630980173746 156.010086822509 157.389193471272 158.768300120035
233.358220672607 229.526009368896 225.693798065185 221.861586761475 218.377095921834 215.008511903551 211.639927885268 208.271343866984 204.902759848701 201.534175830418 198.165591812134 194.348085700142 189.183813307022 184.0195409139 178.85526852078 173.69099612766 168.526723734538 163.362451341418 158.198178948298 155.865996424357 154.477843856812 153.089691289266 151.70153872172 150.313386154175 148.925233586629 147.537081019083 146.437773810492 146.205002678765 145.972231547037 145.73946041531 145.506689283583 145.273918151855 145.041147020128 144.808375888401 145.795076243082 147.188267093234 148.581457943386 149.974648793538 151.36783964369 152.761030493841 154.154221343993 155.581840599907 157.112745073106 158.643649546304 160.174554019503 161.705458492702
238.74959081014 234.761933135986 230.774275461833 226.78661778768 222.920574061076 219.09506831699 215.269562572904 211.444056828817 207.618551084731 203.793045340645 199.967539596558 195.798306104873 190.59788937039 185.397472635906 180.197055901422 174.996639166939 169.796222432455 164.595805697972 159.395388963489 157.143505223592 155.874465815226 154.605426406861 153.336386998495 152.067347590129 150.798308181763 149.529268773397 148.449087354872 147.93547990587 147.421872456868 146.908265007867 146.394657558865 145.881050109863 145.367442660862 144.85383521186 146.00200322469 147.704096391465 149.406189558241 151.108282725016 152.810375891791 154.512469058566 156.214562225341 157.911807674831 159.594509972466 161.2772122701 162.959914567735 164.642616865369
