data/working_set_collections/6091692-Cassins_Sparrow-MC/1990/bio19.asc
NCOLS 265 
NROWS 230 
XLLCORNER -115.5625 
YLLCORNER 24.8333333333333 
CELLSIZE 0.0833333333333333 
NODATA_value -9999 
[rows 160 to 179 of 230, columns 184 to 229 of 265]
147.099879074096 152.810186386107 158.520493698118 164.802227020262 171.274435679116 177.74664433797 184.218852996825 190.691061655679 197.163270314532 203.635478973387 209.999157460529 216.037245432534 222.07533340454 228.113421376545 234.151509348549 240.189597320555 246.22768529256 252.265773264565 253.419287109375 252.94460957845 252.469932047526 251.995254516601 251.520576985677 251.045899454752 250.571221923828 251.473991775511 256.509103775023 261.544215774535 266.579327774046 271.614439773558 276.64955177307 281.684663772581 286.719775772093 293.399602508543 300.627667490639 307.855732472735 315.083797454832 322.311862436928 329.539927419024 336.767992401121 343.899958801268 350.743629455564 357.587300109862 364.430970764158 371.274641418455 378.118312072753
147.324117914835 153.078861872354 158.833605829873 165.244003041584 171.872951338025 178.501899634465 185.130847930907 191.759796227347 198.388744523788 205.01769282023 211.534577009411 217.715268876815 223.895960744221 230.076652611625 236.257344479029 242.438036346434 248.618728213838 254.799420081242 255.963943481445 255.456410725911 254.948877970377 254.441345214843 253.93381245931 253.426279703776 252.918746948242 253.793532265556 258.815271801417 263.837011337279 268.85875087314 273.880490409002 278.902229944864 283.923969480725 288.945709016586 295.574741363524 302.73953798082 309.904334598115 317.069131215412 324.233927832707 331.398724450003 338.5635210673 345.583096483017 352.167008293997 358.750920104979 365.33483191596 371.91874372694 378.502655537922
147.681352996825 153.588863372801 159.496373748777 166.09880282084 172.932871458264 179.766940095687 186.601008733112 193.435077370536 200.269146007959 207.103214645384 213.796993297999 220.069901996186 226.342810694375 232.615719392563 238.88862809075 245.161536788939 251.434445487126 257.707354185314 258.884935887654 258.364075258043 257.843214628431 257.322353998819 256.801493369208 256.280632739596 255.759772109985 256.595912806191 261.503057479856 266.410202153522 271.317346827187 276.224491500853 281.131636174519 286.038780848184 290.945925521849 297.40243504842 304.375399525958 311.348364003497 318.321328481037 325.294292958576 332.267257436115 339.240221913654 346.057070244682 352.405570136175 358.754070027668 365.102569919161 371.451069810654 377.799569702148
148.171584320067 154.34019088745 160.508797454832 167.366626358031 174.454196039834 181.541765721637 188.629335403441 195.716905085244 202.804474767047 209.892044448851 216.786406326292 223.101144790647 229.415883255003 235.730621719358 242.045360183713 248.36009864807 254.674837112425 260.98957557678 262.182264328002 261.667603174845 261.152942021687 260.63828086853 260.123619715372 259.608958562215 259.094297409057 259.881133397419 264.572460810342 269.263788223265 273.955115636188 278.646443049111 283.337770462035 288.029097874958 292.720425287881 298.882683563231 305.535252126056 312.187820688881 318.840389251708 325.492957814533 332.145526377358 338.798094940184 345.321880086262 351.459314982095 357.596749877929 363.734184773762 369.871619669595 376.009054565429
148.661815643309 155.091518402098 161.521221160887 168.634449895222 175.975520621404 183.316591347586 190.65766207377 197.998732799952 205.339803526134 212.680874252318 219.775819354585 226.132387585108 232.488955815632 238.845524046154 245.202092276677 251.558660507201 257.915228737723 264.271796968246 265.479592768351 264.971131091647 264.462669414944 263.95420773824 263.445746061537 262.937284384833 262.42882270813 263.166353988646 267.641864140827 272.117374293008 276.592884445189 281.06839459737 285.543904749551 290.019414901732 294.494925053913 300.362932078042 306.695104726154 313.027277374266 319.359450022378 325.69162267049 332.023795318602 338.355967966714 344.586689927842 350.513059828015 356.439429728189 362.365799628362 368.292169528536 374.21853942871
149.152046966551 155.842845916746 162.533644866941 169.902273432412 177.496845202974 185.091416973535 192.685988744098 200.28056051466 207.875132285221 215.469704055784 222.765232382878 229.163630379568 235.56202837626 241.96042637295 248.35882436964 254.757222366331 261.155620363021 267.554018359712 268.776921208699 268.274659008449 267.7723968082 267.27013460795 266.767872407701 266.265610207451 265.763348007202 266.451574579873 270.711267471312 274.970960362751 279.23065325419 283.490346145628 287.750039037068 292.009731928506 296.269424819945 301.843180592854 307.854957326252 313.86673405965 319.878510793049 325.890287526447 331.902064259845 337.913840993244 343.851499769422 349.566804673935 355.28210957845 360.997414482963 366.712719387477 372.428024291992
149.642278289794 156.594173431395 163.546068572996 171.170096969603 179.018169784544 186.866242599485 194.714315414427 202.562388229368 210.410461044309 218.258533859251 225.754645411172 232.194873174029 238.635100936888 245.075328699746 251.515556462603 257.955784225462 264.39601198832 270.836239751178 272.074249649047 271.578186925252 271.082124201456 270.586061477661 270.089998753865 269.59393603007 269.097873306274 269.7367951711 273.780670801797 277.824546432494 281.86842206319 285.912297693887 289.956173324584 294.00004895528 298.043924585977 303.323429107665 309.014809926349 314.706190745034 320.39757156372 326.088952382404 331.780333201089 337.471714019774 343.116309611001 348.620549519855 354.12478942871 359.629029337564 365.133269246418 370.637509155273
150.132509613036 157.345500946043 164.558492279051 172.437920506794 180.539494366114 188.641068225434 196.742642084756 204.844215944076 212.945789803396 221.047363662718 228.744058439465 235.22611596849 241.708173497516 248.190231026542 254.672288555567 261.154346084593 267.636403613618 274.118461142644 275.371578089396 274.881714842054 274.391851594713 273.901988347371 273.412125100029 272.922261852688 272.432398605346 273.022015762328 276.850074132282 280.678132502237 284.506190872191 288.334249242145 292.1623076121 295.990365982055 299.818424352009 304.803677622476 310.174662526447 315.545647430418 320.91663233439 326.287617238361 331.658602142332 337.029587046305 342.381119452581 347.674294365775 352.967469278971 358.260644192165 363.553819105359 368.846994018554
149.916462834675 157.303219053479 164.689975272283 172.696089172362 180.908655632865 189.121222093368 197.333788553872 205.546355014375 213.758921474878 221.971487935383 229.747393968369 236.213318718803 242.679243469237 249.145168219671 255.611092970105 262.07701772054 268.542942470973 275.008867221407 276.259595998129 275.771926116944 275.284256235759 274.796586354574 274.308916473389 273.821246592204 273.333576711019 273.885871124267 277.558058420816 281.230245717366 284.902433013916 288.574620310465 292.246807607015 295.918994903564 299.591182200113 304.405178833007 309.599778578016 314.794378323024 319.988978068033 325.183577813042 330.37817755805 335.572777303059 340.785359361436 346.051888359916 351.318417358398 356.584946356879 361.851475355359 367.118004353841
148.994137954711 156.467327753701 163.940517552692 171.944602966307 180.125653584796 188.306704203286 196.487754821776 204.668805440265 212.849856058754 221.030906677245 228.764651997883 235.156481424966 241.54831085205 247.940140279133 254.331969706216 260.7237991333 267.115628560383 273.507457987466 274.738303375244 274.248820749919 273.759338124593 273.269855499268 272.780372873942 272.290890248617 271.801407623291 272.328361256917 275.904623667398 279.480886077881 283.057148488362 286.633410898844 290.209673309326 293.785935719808 297.362198130289 302.127932739257 307.290158081054 312.45238342285 317.614608764648 322.776834106445 327.939059448241 333.101284790039 338.329029337564 343.753331502277 349.177633666992 354.601935831705 360.026237996418 365.450540161132
148.071813074747 155.631436453924 163.191059833101 171.193116760253 179.342651536728 187.492186313203 195.64172108968 203.791255866155 211.94079064263 220.090325419107 227.781910027397 234.099644131129 240.417378234862 246.735112338595 253.052846442327 259.37058054606 265.688314649793 272.006048753525 273.21701075236 272.725715382894 272.234420013428 271.743124643962 271.251829274496 270.76053390503 270.269238535563 270.770851389566 274.25118891398 277.731526438395 281.211863962809 284.692201487223 288.172539011637 291.652876536051 295.133214060465 299.850686645507 304.980537584092 310.110388522677 315.240239461262 320.370090399847 325.499941338432 330.629792277018 335.872699313693 341.454774644639 347.036849975585 352.618925306531 358.201000637477 363.783075968424
147.149488194782 154.795545154146 162.44160211351 170.441630554198 178.559649488659 186.677668423121 194.795687357583 202.913706292045 211.031725226506 219.149744160969 226.799168056911 233.042806837292 239.286445617675 245.530084398057 251.773723178438 258.017361958821 264.261000739202 270.504639519584 271.695718129476 271.20261001587 270.709501902263 270.216393788656 269.723285675049 269.230177561442 268.737069447836 269.213341522216 272.597754160563 275.982166798909 279.366579437255 282.750992075602 286.135404713948 289.519817352295 292.904229990641 297.573440551757 302.67091708713 307.768393622503 312.865870157877 317.96334669325 323.060823228623 328.158299763997 333.416369289821 339.156217787 344.896066284179 350.635914781358 356.375763278536 362.115611775716
146.227163314818 153.959653854368 161.692144393919 169.690144348143 177.776647440591 185.863150533038 193.949653625487 202.036156717935 210.122659810382 218.209162902831 225.816426086425 231.985969543455 238.155513000487 244.325056457518 250.494599914549 256.664143371581 262.833686828612 269.003230285643 270.174425506592 269.679504648845 269.184583791097 268.68966293335 268.194742075603 267.699821217855 267.204900360108 267.655831654866 270.944319407145 274.232807159424 277.521294911702 280.80978266398 284.09827041626 287.386758168538 290.675245920817 295.296194458007 300.361296590169 305.42639872233 310.491500854492 315.556602986653 320.621705118814 325.686807250976 330.96003926595 336.857660929361 342.755282592773 348.652904256184 354.550525919595 360.448147583007
145.304838434854 153.123762554591 160.942686674328 168.938658142089 176.993645392522 185.048632642956 193.103619893391 201.158607143824 209.213594394258 217.268581644693 224.833684115938 230.929132249619 237.0245803833 243.12002851698 249.21547665066 255.310924784342 261.406372918022 267.501821051702 268.653132883708 268.15639928182 267.659665679932 267.162932078044 266.666198476156 266.169464874268 265.67273127238 266.098321787516 269.290884653727 272.483447519938 275.676010386149 278.868573252359 282.061136118571 285.253698984782 288.446261850992 293.018948364257 298.051676093207 303.084403822156 308.117131551106 313.149859280056 318.182587009005 323.215314737955 328.503709242078 334.559104071722 340.614498901366 346.66989373101 352.725288560654 358.780683390299
144.026606496174 151.772182464598 159.517758433022 167.337953440347 175.183021460638 183.028089480928 190.87315750122 198.718225521511 206.563293541801 214.408361562093 221.773610136244 227.699400371975 233.625190607707 239.550980843438 245.476771079169 251.402561314901 257.328351550632 263.254141786363 264.371476364137 263.885992389257 263.400508414376 262.915024439495 262.429540464615 261.944056489734 261.458572514853 261.891416761611 265.079245673286 268.267074584962 271.454903496637 274.642732408312 277.830561319988 281.018390231663 284.206219143338 288.898286946615 294.091767713759 299.285248480902 304.478729248047 309.672210015191 314.865690782334 320.059171549479 325.498975711398 331.677750057643 337.85652440389 344.035298750135 350.21407309638 356.392847442627
142.392467498778 149.90491358439 157.417359670002 164.888030242919 172.344775644937 179.801521046955 187.258266448974 194.715011850992 202.17175725301 209.628502655029 216.636204147338 222.296773910522 227.957343673706 233.617913436889 239.278483200073 244.939052963257 250.59962272644 256.260192489624 257.329455947877 256.868283971152 256.407111994427 255.945940017701 255.484768040976 255.023596064251 254.562424087526 255.035116577149 258.309402465821 261.583688354493 264.857974243164 268.132260131836 271.406546020508 274.68083190918 277.955117797852 282.934210205078 288.481571451823 294.028932698567 299.576293945312 305.123655192057 310.671016438801 316.218377685547 321.945838673909 328.213598887124 334.481359100341 340.749119313557 347.016879526773 353.28463973999
140.758328501382 148.037644704182 155.316960906981 162.438107045491 169.506529829236 176.574952612981 183.643375396728 190.711798180473 197.780220964218 204.848643747965 211.498798158433 216.894147449069 222.289496739705 227.684846030341 233.080195320976 238.475544611613 243.870893902249 249.266243192884 250.287435531617 249.850575553047 249.413715574478 248.976855595908 248.539995617338 248.103135638768 247.666275660198 248.178816392687 251.539559258355 254.900302124024 258.261044989692 261.62178785536 264.982530721029 268.343273586697 271.704016452365 276.970133463542 282.871375189887 288.772616916232 294.673858642578 300.575100368923 306.476342095268 312.377583821614 318.392701636419 324.749447716606 331.106193796793 337.462939876979 343.819685957166 350.176432037353
139.124189503987 146.170375823973 153.21656214396 159.988183848062 166.668284013535 173.348384179008 180.028484344482 186.708584509955 193.388684675428 200.068784840901 206.361392169528 211.491520987616 216.621649805705 221.751778623793 226.881907441881 232.012036259969 237.142165078057 242.272293896145 243.245415115358 242.832867134943 242.420319154529 242.007771174114 241.5952231937 241.182675213285 240.770127232871 241.322516208225 244.76971605089 248.216915893555 251.66411573622 255.111315578885 258.55851542155 262.005715264215 265.45291510688 271.006056722005 277.261178927951 283.516301133897 289.771423339844 296.026545545789 302.281667751735 308.536789957682 314.83956459893 321.285296546087 327.731028493245 334.176760440402 340.622492387558 347.068224334716
137.490050506591 144.303106943765 151.116163380939 157.538260650634 163.830038197834 170.121815745035 176.413593292236 182.705370839436 188.997148386636 195.288925933838 201.223986180623 206.088894526163 210.953802871704 215.818711217244 220.683619562785 225.548527908325 230.413436253866 235.278344599406 236.203394699098 235.815158716839 235.42692273458 235.038686752321 234.650450770061 234.262214787802 233.873978805543 234.466216023763 237.999872843425 241.533529663086 245.067186482748 248.600843302409 252.134500122071 255.668156941732 259.201813761393 265.041979980469 271.650982666015 278.259985351562 284.868988037109 291.477990722656 298.086993408202 304.69599609375 311.286427561441 317.821145375568 324.355863189697 330.890581003824 337.425298817951 343.96001663208
135.855911509195 142.435838063557 149.015764617918 155.088337453206 160.991792382133 166.895247311061 172.79870223999 178.702157168917 184.605612097845 190.509067026774 196.086580191718 200.68626806471 205.285955937703 209.885643810696 214.485331683688 219.085019556681 223.684707429674 228.284395302666 229.161374282838 228.797450298734 228.433526314631 228.069602330527 227.705678346423 227.341754362319 226.977830378216 227.609915839301 231.230029635959 234.850143432618 238.470257229275 242.090371025933 245.710484822591 249.330598619249 252.950712415907 259.077903238932 266.040786404079 273.003669569226 279.966552734375 286.929435899522 293.892319064669 300.855202229817 307.733290523952 314.35699420505 320.980697886148 327.604401567246 334.228105248344 340.851808929443
