data/working_set_collections/6091692-Cassins_Sparrow-MC/1990/bio12.asc
NCOLS 265 
NROWS 230 
XLLCORNER -115.5625 
YLLCORNER 24.8333333333333 
CELLSIZE 0.0833333333333333 
NODATA_value -9999 
[rows 140 to 159 of 230, columns 0 to 45 of 265]
201.480524698894 192.815241495769 184.149958292645 175.484675089519 166.819391886394 158.15410868327 149.488825480144 148.644529215494 150.407228597004 152.169927978515 153.932627360025 155.695326741536 157.458026123046 159.220725504557 161.623942608302 165.948712878756 170.27348314921 174.598253419663 178.923023690117 183.24779396057 187.572564231024 191.897334501478 197.81161473592 204.255731625026 210.699848514132 217.143965403237 223.588082292343 230.032199181449 236.476316070555 244.1345823076 255.435296588472 266.736010869341 278.036725150211 289.337439431082 300.638153711952 311.938867992821 323.239582273693 335.051093546546 347.032870483395 359.014647420245 370.996424357093 382.978201293941 394.959978230792 406.94175516764 417.838036007348 425.477828555635
203.825988769532 195.545711263022 187.265433756512 178.985156250001 170.704878743491 162.424601236981 154.144323730469 153.053658040364 154.359529622395 155.665401204427 156.971272786458 158.277144368489 159.58301595052 160.888887532552 162.901168780856 167.032679027981 171.164189275105 175.295699522229 179.427209769354 183.558720016479 187.690230263603 191.821740510728 198.261224619546 205.470033348929 212.678842078314 219.887650807697 227.09645953708 234.305268266465 241.514076995848 249.824331368337 261.43892267015 273.053513971962 284.668105273773 296.282696575587 307.897287877398 319.511879179209 331.126470481023 343.062517293291 355.105715942379 367.148914591469 379.192113240557 391.235311889645 403.278510538735 415.321709187823 425.966945478649 432.418294694687
206.17145284017 198.276181030274 190.380909220379 182.485637410482 174.590365600587 166.695093790691 158.799821980794 157.462786865233 158.311830647786 159.160874430338 160.00991821289 160.858961995442 161.708005777994 162.557049560546 164.178394953409 168.116645177205 172.054895401 175.993145624796 179.931395848592 183.869646072387 187.807896296182 191.746146519978 198.710834503172 206.684335072833 214.657835642495 222.631336212156 230.604836781817 238.57833735148 246.55183792114 255.514080429073 267.442548751829 279.371017074582 291.299485397335 303.22795372009 315.156422042843 327.084890365597 339.013358688352 351.073941040036 363.178561401363 375.283181762693 387.38780212402 399.492422485347 411.597042846677 423.701663208004 434.095854949949 439.358760833738
208.516916910808 201.006650797527 193.496384684246 185.986118570964 178.475852457683 170.965586344402 163.45532023112 161.871915690103 162.264131673176 162.656347656249 163.048563639322 163.440779622395 163.832995605468 164.225211588541 165.455621125962 169.200611326429 172.945601526895 176.690591727362 180.435581927829 184.180572128295 187.925562328762 191.670552529229 199.160444386799 207.898636796737 216.636829206677 225.375021616616 234.113214026555 242.851406436495 251.589598846433 261.20382948981 273.446174833507 285.688520177202 297.930865520897 310.173210864595 322.41555620829 334.657901551985 346.900246895682 359.085364786781 371.251406860348 383.417448933917 395.583491007484 407.749533081051 419.91557515462 432.081617228187 442.224764421249 446.29922697279
212.032275517782 204.89405784607 197.755840174358 190.617622502645 183.479404830933 176.341187159221 169.202969487508 167.498003005981 167.604120254516 167.710237503051 167.816354751586 167.922472000121 168.028589248656 168.134706497192 169.091989220512 172.60276836819 176.113547515868 179.624326663546 183.135105811224 186.645884958902 190.15666410658 193.667443254258 201.308579254148 210.326500871444 219.344422488741 228.362344106036 237.380265723332 246.398187340629 255.416108957925 265.278055572507 277.672077178953 290.066098785398 302.460120391843 314.854141998289 327.248163604734 339.642185211179 352.036206817625 364.31851857503 376.563593716088 388.808668857149 401.053743998207 413.298819139266 425.543894280326 437.788969421384 447.849917093912 451.358482360839
216.717528661092 209.938402175904 203.159275690715 196.380149205525 189.601022720337 182.821896235149 176.042769749959 174.341048812865 174.331796391804 174.322543970743 174.313291549681 174.30403912862 174.294786707559 174.285534286498 175.087499237059 178.323116302489 181.558733367918 184.794350433348 188.029967498778 191.265584564208 194.501201629637 197.736818695067 205.155239105222 213.967927296954 222.780615488687 231.593303680418 240.405991872149 249.218680063882 258.031368255613 267.736758677162 280.120255788165 292.503752899167 304.887250010169 317.270747121173 329.654244232175 342.037741343177 354.421238454181 366.773402404783 379.115121968584 391.456841532387 403.798561096189 416.14028065999 428.482000223794 440.823719787595 450.971312967935 454.536526997883
221.402781804403 214.982746505738 208.562711207073 202.142675908406 195.722640609741 189.302605311076 182.88257001241 181.18409461975 181.059472529092 180.934850438435 180.810228347777 180.68560625712 180.560984166462 180.436362075805 181.083009253606 184.043464236788 187.003919219969 189.964374203151 192.924829186333 195.885284169514 198.845739152695 201.806194135877 209.001898956297 217.609353722464 226.216808488632 234.8242632548 243.431718020967 252.039172787135 260.646627553302 270.195461781817 282.568434397378 294.941407012937 307.314379628496 319.687352244058 332.060324859617 344.433297475176 356.806270090737 369.228286234535 381.66665022108 394.105014207626 406.543378194171 418.981742180715 431.420106167262 443.858470153806 454.092708841958 457.714571634928
226.088034947713 220.027090835572 213.96614672343 207.905202611287 201.844258499146 195.783314387004 189.722370274862 188.027140426635 187.787148666381 187.547156906127 187.307165145873 187.067173385619 186.827181625366 186.587189865112 187.078519270154 189.763812171087 192.44910507202 195.134397972953 197.819690873887 200.50498377482 203.190276675753 205.875569576687 212.848558807371 221.250780147974 229.653001488578 238.055222829181 246.457444169784 254.859665510388 263.261886850991 272.654164886472 285.01661300659 297.379061126707 309.741509246823 322.103957366942 334.466405487058 346.828853607175 359.191301727293 371.683170064288 384.218178473575 396.753186882865 409.288195292153 421.82320370144 434.35821211073 446.893220520017 457.214104715982 460.892616271972
230.773288091024 225.071435165405 219.369582239787 213.667729314168 207.96587638855 202.264023462932 196.562170537312 194.870186233519 194.514824803669 -9999 -9999 -9999 -9999 192.738017654418 193.074029286701 195.484160105386 197.894290924071 200.304421742756 202.714552561441 205.124683380126 207.534814198811 209.944945017496 216.695218658445 224.892206573484 233.089194488524 241.286182403562 249.483170318601 257.680158233641 265.87714614868 275.112867991126 287.464791615802 299.816715240476 312.16863886515 324.520562489826 336.872486114499 349.224409739173 361.576333363849 374.13805389404 386.769706726071 399.401359558104 412.033012390134 424.664665222165 437.296318054197 449.927970886228 460.335500590005 464.070660909016
235.458541234334 230.115779495239 224.773017756145 219.430256017049 214.087494277954 208.744732538859 203.401970799764 201.713232040404 201.242500940958 -9999 -9999 -9999 -9999 -9999 199.069539303248 201.204508039685 203.339476776122 205.474445512558 207.609414248995 209.744382985432 211.879351721868 214.014320458305 220.54187850952 228.533632998994 236.52538748847 244.517141977944 252.508896467419 260.500650956894 268.492405446369 277.571571095781 289.912970225015 302.254369354246 314.595768483477 326.93716761271 339.278566741941 351.619965871172 363.961365000405 376.592937723793 389.321234978567 402.049532233342 414.777829488116 427.50612674289 440.234423997665 452.962721252439 463.456896464029 467.24870554606
239.423626793755 234.327626291911 229.231625790067 224.135625288221 219.039624786377 213.943624284533 208.847623782687 206.842104339599 205.86674524943 -9999 -9999 -9999 -9999 -9999 -9999 -9999 204.15970993042 205.893611907959 -9999 -9999 -9999 212.829219818116 219.34702428182 227.459462907579 235.571901533339 243.684340159098 251.796778784857 259.909217410617 268.021656036376 277.194393242728 289.548026190863 301.901659138996 314.255292087129 326.608925035264 338.962557983397 351.31619093153 363.669823879665 376.326964823403 389.08527509901 401.843585374619 414.601895650226 427.360205925833 440.118516201442 452.876826477049 463.490111626519 467.668321397569
242.668544769287 237.70697555542 232.745406341553 227.783837127686 222.822267913819 217.860698699952 212.899129486084 210.256803131103 208.387557729085 -9999 -9999 -9999 -9999 -9999 -9999 -9999 -9999 -9999 -9999 -9999 -9999 -9999 213.110655975341 221.669696299234 230.228736623128 238.787776947021 247.346817270914 255.905857594808 264.4648979187 273.981334431964 286.369959513345 298.758584594725 311.147209676104 323.535834757486 335.924459838866 348.313084920245 360.701710001627 373.340135192869 386.0618270874 398.783518981933 411.505210876463 424.226902770994 436.948594665526 449.670286560057 460.435146077473 465.329508463542
245.913462744819 241.086324818929 236.25918689304 231.43204896715 226.60491104126 221.777773115371 216.95063518948 213.671501922607 210.90837020874 -9999 -9999 -9999 -9999 -9999 -9999 -9999 -9999 -9999 -9999 -9999 -9999 -9999 -9999 215.87992969089 224.885571712918 233.891213734944 242.89685575697 251.902497778998 260.908139801024 270.7682756212 283.191892835828 295.615510050454 308.03912726508 320.462744479708 332.886361694334 345.30997890896 357.733596123588 370.353305562335 383.03837907579 395.723452589246 408.4085261027 421.093599616154 433.77867312961 446.463746643065 457.380180528428 462.990695529514
249.15838072035 244.465674082438 239.772967444526 235.080260806613 230.387554168701 225.694847530789 221.002140892876 217.086200714111 213.429182688396 -9999 -9999 -9999 -9999 -9999 -9999 -9999 -9999 -9999 -9999 -9999 -9999 -9999 -9999 -9999 -9999 228.994650522867 238.446894243027 247.899137963189 257.351381683349 267.555216810436 280.013826158311 292.472435506183 304.931044854056 317.389654201931 329.848263549803 342.306872897676 354.76548224555 367.366475931802 380.01493106418 392.66338619656 405.311841328937 417.960296461315 430.608751593695 443.257206726073 454.325214979383 460.651882595486
252.403298695882 247.845023345947 243.286747996013 238.728472646077 234.170197296143 229.611921946208 225.053646596273 220.500899505615 215.949995168051 -9999 -9999 -9999 -9999 -9999 -9999 -9999 -9999 -9999 -9999 -9999 -9999 -9999 -9999 -9999 -9999 -9999 -9999 -9999 -9999 264.342157999672 276.835759480793 289.329360961912 301.822962443032 314.316563924153 326.810165405272 339.303766886391 351.797368367512 364.379646301268 376.991483052569 389.603319803873 402.215156555174 414.826993306476 427.438830057779 440.05066680908 451.270249430337 458.313069661458
255.648216671414 251.224372609457 246.800528547499 242.376684485541 237.952840423584 233.528996361627 229.105152299669 223.91559829712 218.470807647706 -9999 -9999 -9999 -9999 -9999 -9999 -9999 -9999 -9999 -9999 -9999 -9999 -9999 -9999 -9999 -9999 -9999 -9999 -9999 -9999 261.129099188908 273.657692803276 286.186286417642 298.714880032007 311.243473646375 323.77206726074 336.300660875106 348.829254489474 361.392816670734 373.968035040959 386.543253411186 399.118471781411 411.693690151636 424.268908521863 436.844126892088 448.215283881292 455.97425672743
257.064478556316 252.76051127116 248.456543986004 244.152576700847 239.848609415691 235.544642130535 231.240674845378 225.688169733684 219.719485346478 213.75080095927 -9999 -9999 -9999 -9999 -9999 -9999 -9999 -9999 -9999 -9999 -9999 -9999 -9999 -9999 -9999 -9999 -9999 -9999 -9999 256.522732204859 269.187238905165 281.851745605468 294.516252305771 307.180759006076 319.845265706379 332.509772406682 345.174279106987 357.714161936441 370.212503475611 382.710845014784 395.209186553954 407.707528093124 420.205869632297 432.704211171467 444.167133161756 452.523796505398
256.652084350587 252.453439331055 248.254794311524 244.056149291993 239.857504272462 235.658859252931 231.460214233399 225.818613815309 219.696028264365 213.57344271342 -9999 -9999 -9999 -9999 -9999 -9999 -9999 -9999 -9999 -9999 -9999 -9999 -9999 -9999 -9999 -9999 -9999 -9999 -9999 250.523057047524 263.424397786458 276.325738525389 289.227079264321 302.128420003255 315.029760742186 327.931101481118 340.832442220051 353.343682098387 365.724888356525 378.106094614664 390.487300872801 402.868507130939 415.249713389078 427.630919647216 439.125797271727 447.961688995361
256.239690144857 252.146367390951 248.053044637045 243.959721883139 239.866399129232 235.773076375326 231.67975362142 225.949057896933 219.672571182252 213.396084467571 -9999 -9999 -9999 -9999 -9999 -9999 -9999 -9999 -9999 -9999 -9999 -9999 -9999 -9999 -9999 -9999 -9999 -9999 -9999 244.523381890189 257.661556667751 270.799731445311 283.937906222871 297.076081000433 310.214255777993 323.352430555553 336.490605333115 348.973202260334 361.237273237438 373.501344214545 385.765415191649 398.029486168753 410.29355714586 422.557628122964 434.084461381699 443.399581485324
255.827295939128 251.839295450847 247.851294962566 243.863294474284 239.875293986003 235.887293497722 231.89929300944 226.079501978557 219.64911410014 213.218726221721 206.788338343304 200.357950464886 -9999 -9999 -9999 -9999 -9999 -9999 -9999 -9999 -9999 -9999 -9999 -9999 -9999 -9999 -9999 -9999 -9999 238.523706732854 251.898715549045 265.273724365233 278.648733181422 292.023741997612 305.398750813801 318.773759629989 332.14876844618 344.602722422281 356.749658118352 368.896593814426 381.043529510497 393.190465206568 405.337400902642 417.484336598713 429.043125491671 438.837473975287
