data/working_set_collections/6091692-Cassins_Sparrow-MC/1990/bio10.asc
NCOLS 265 
NROWS 230 
XLLCORNER -115.5625 
YLLCORNER 24.8333333333333 
CELLSIZE 0.0833333333333333 
NODATA_value -9999 
[rows 80 to 99 of 230, columns 92 to 137 of 265]
17.262624004152 17.026706319385 16.790788634618 16.554870949851 16.318953265084 16.1852794011433 16.0856868108112 15.9860942204792 15.8865016301472 15.7869090398152 15.6873164494831 15.5877238591511 15.5092427306704 15.4940959877437 15.478949244817 15.4638025018904 15.4486557589637 15.433509016037 15.4183622731103 15.4032155301836 15.5998543103536 15.8670882648891 16.1343222194248 16.4015561739603 16.6687901284959 16.9360240830315 17.2032580375671 17.4193108505673 17.4818202389611 17.5443296273549 17.6068390157488 17.6693484041426 17.7318577925364 17.7943671809303 17.8568765693241 18.2823905309041 18.8289060168795 19.375421502855 19.9219369888305 20.468452474806 21.0149679607814 21.561483446757 22.0175935851203 22.2024876806471 22.3873817761739 22.5722758717007
18.2860674911074 18.069612179862 17.8531568686167 17.6367015573713 17.4202462461259 17.2442280451456 17.0816888809203 16.9191497166951 16.7566105524698 16.5940713882446 16.4315322240193 16.2689930597941 16.1185172663794 16.0042315853966 15.8899459044138 15.775660223431 15.6613745424482 15.5470888614655 15.4328031804827 15.3185174994999 15.4925265947977 15.7626339488559 16.0327413029141 16.3028486569722 16.5729560110304 16.8430633650885 17.1131707191467 17.328189696206 17.3779435422685 17.4276973883311 17.4774512343937 17.5272050804562 17.5769589265188 17.6267127725813 17.6764666186439 18.0798046747843 18.601004134284 19.1222035937838 19.6434030532836 20.1646025127834 20.6858019722831 21.207001431783 21.6463698599074 21.8402451939053 22.0341205279032 22.2279958619012
19.3095109780628 19.112518040339 18.9155251026152 18.7185321648914 18.5215392271676 18.3031766891478 18.0776909510293 17.8522052129108 17.6267194747924 17.4012337366739 17.1757479985554 16.9502622604369 16.7277918020884 16.5143671830495 16.3009425640106 16.0875179449717 15.8740933259328 15.6606687068939 15.4472440878551 15.2338194688162 15.3851988792419 15.6581796328226 15.9311603864034 16.2041411399841 16.4771218935648 16.7501026471456 17.0230834007263 17.2370685418447 17.274066845576 17.3110651493073 17.3480634530385 17.3850617567698 17.4220600605011 17.4590583642324 17.4960566679637 17.8772188186645 18.3731022516886 18.8689856847126 19.3648691177368 19.8607525507608 20.3566359837849 20.8525194168091 21.2751461346944 21.4780027071635 21.6808592796326 21.8837158521017
20.3329544650183 20.155423900816 19.9778933366138 19.8003627724117 19.6228322082094 19.3621253331501 19.0736930211384 18.7852607091267 18.496828397115 18.2083960851033 17.9199637730916 17.6315314610799 17.3370663377974 17.0245027807023 16.7119392236074 16.3993756665124 16.0868121094174 15.7742485523224 15.4616849952275 15.1491214381324 15.2778711636861 15.5537253167894 15.8295794698927 16.105433622996 16.3812877760993 16.6571419292026 16.9329960823059 17.1459473874834 17.1701901488834 17.1944329102834 17.2186756716834 17.2429184330834 17.2671611944835 17.2914039558835 17.3156467172835 17.6746329625447 18.1452003690931 18.6157677756414 19.0863351821899 19.5569025887383 20.0274699952866 20.4980374018351 20.9039224094815 21.1157602204217 21.3275980313619 21.5394358423021
20.9492124822405 20.7778505378299 20.6064885934194 20.4351266490089 20.2637647045983 19.9816089312236 19.6625218815274 19.3434348318312 19.024347782135 18.7052607324389 18.3861736827427 18.0670866330465 17.7423128763835 17.40047899882 17.0586451212565 16.7168112436931 16.3749773661296 16.0331434885661 15.6913096110026 15.3494757334391 15.4536002635955 15.7063775963252 15.959154929055 16.2119322617848 16.4647095945145 16.7174869272443 16.9702642599741 17.1643843332926 17.1825326283773 17.2006809234619 17.2188292185465 17.2369775136312 17.2551258087158 17.2732741038004 17.2914223988851 17.6369385401407 18.0915772967867 18.5462160534327 19.0008548100788 19.4554935667249 19.9101323233709 20.364771080017 20.7575694296095 20.964846558041 21.1721236864725 21.3794008149041
21.1582850297292 20.9797979513804 20.8013108730316 20.6228237946828 20.444336716334 20.1616274833679 19.8441775321961 19.5267275810242 19.2092776298523 18.8918276786805 18.5743777275085 18.2569277763367 17.9435314178467 17.6422958374023 17.341060256958 17.0398246765137 16.7385890960693 16.437353515625 16.1361179351807 15.8348823547363 15.9123861789702 16.1161364714303 16.3198867638905 16.5236370563506 16.7273873488107 16.9311376412709 17.134887933731 17.2923793792724 17.3110942840576 17.3298091888427 17.3485240936279 17.3672389984131 17.3859539031982 17.4046688079834 17.4233837127685 17.7641355514525 18.2122330347696 18.6603305180866 19.1084280014037 19.5565254847207 20.0046229680378 20.4527204513549 20.8360871950785 21.0252617200215 21.2144362449646 21.4036107699076
21.367357577218 21.1817453649309 20.9961331526438 20.8105209403568 20.6249087280697 20.3416460355123 20.0258331828648 19.7100203302172 19.3942074775696 19.0783946249221 18.7625817722745 18.4467689196269 18.1447499593099 17.8841126759847 17.6234753926595 17.3628381093343 17.1022008260091 16.8415635426839 16.5809262593587 16.3202889760335 16.371172094345 16.5258953465355 16.680618598726 16.8353418509165 16.990065103107 17.1447883552975 17.2995116074879 17.4203744252523 17.4396559397379 17.4589374542236 17.4782189687093 17.497500483195 17.5167819976806 17.5360635121663 17.555345026652 17.8913325627644 18.3328887727524 18.7744449827405 19.2160011927286 19.6575574027166 20.0991136127047 20.5406698226928 20.9146049605475 21.085676882002 21.2567488034566 21.4278207249111
21.5764301247067 21.3836927784814 21.1909554322561 20.9982180860308 20.8054807398054 20.5216645876567 20.2074888335334 19.8933130794101 19.5791373252869 19.2649615711637 18.9507858170404 18.6366100629171 18.3459685007731 18.1259295145671 17.905890528361 17.685851542155 17.4658125559489 17.2457735697428 17.0257345835368 16.8056955973307 16.8299580097198 16.9356542216406 17.0413504335615 17.1470466454823 17.2527428574032 17.358439069324 17.4641352812449 17.5483694712321 17.5682175954183 17.5880657196045 17.6079138437907 17.6277619679769 17.6476100921631 17.6674582163493 17.6873063405355 18.0185295740762 18.4535445107353 18.8885594473943 19.3235743840535 19.7585893207125 20.1936042573716 20.6286191940307 20.9931227260165 21.1460920439826 21.2990613619486 21.4520306799146
21.7855026721954 21.5856401920319 21.3857777118683 21.1859152317047 20.9860527515411 20.7016831398011 20.3891444842021 20.0766058286031 19.7640671730042 19.4515285174052 19.1389898618062 18.8264512062073 18.5471870422363 18.3677463531494 18.1883056640625 18.0088649749756 17.8294242858886 17.6499835968017 17.4705429077148 17.2911022186279 17.2887439250945 17.3454130967457 17.4020822683969 17.4587514400482 17.5154206116994 17.5720897833506 17.6287589550018 17.6763645172119 17.6967792510986 17.7171939849853 17.737608718872 17.7580234527588 17.7784381866455 17.7988529205322 17.8192676544189 18.1457265853881 18.5742002487181 19.0026739120482 19.4311475753783 19.8596212387084 20.2880949020384 20.7165685653686 21.0716404914856 21.2065072059631 21.3413739204406 21.4762406349182
21.9945752196842 21.7875876055823 21.5805999914805 21.3736123773787 21.1666247632768 20.8817016919454 20.5708001348708 20.2598985777961 19.9489970207215 19.6380954636468 19.3271939065721 19.0162923494975 18.7484055836995 18.6095631917318 18.470720799764 18.3318784077962 18.1930360158284 18.0541936238606 17.9153512318929 17.7765088399251 17.7475298404693 17.7551719718509 17.7628141032324 17.770456234614 17.7780983659956 17.7857404973772 17.7933826287587 17.8043595631917 17.8253409067789 17.8463222503662 17.8673035939534 17.8882849375407 17.9092662811279 17.9302476247151 17.9512289683024 18.2729235966999 18.694855986701 19.1167883767021 19.5387207667032 19.9606531567043 20.3825855467053 20.8045179367065 21.1501582569546 21.2669223679436 21.3836864789327 21.5004505899217
22.0475805229611 21.8471718205346 21.6467631181082 21.4463544156817 21.2459457132552 20.9677872021994 20.6637120882671 20.3596369743347 20.0555618604025 19.7514867464702 19.4474116325379 19.1433365186056 18.8860222127703 18.7689903312259 18.6519584496816 18.5349265681373 18.417894686593 18.3008628050486 18.1838309235043 18.06679904196 18.0175359725952 17.9908625072903 17.9641890419854 17.9375155766805 17.9108421113756 17.8841686460707 17.8574951807658 17.8478800614675 17.889439980189 17.9309998989105 17.972559817632 18.0141197363535 18.055679655075 18.0972395737966 18.1387994925181 18.4595002015431 18.8732478406693 19.2869954797955 19.7007431189218 20.114490758048 20.5282383971743 20.9419860363006 21.2811637083689 21.3966314792632 21.5120992501576 21.627567021052
21.9445185820262 21.7643928368887 21.5842670917511 21.4041413466136 21.2240156014761 20.9599396705628 20.6678803443909 20.375821018219 20.0837616920472 19.7917023658753 19.4996430397034 19.2075837135315 18.9600369294485 18.8460277716319 18.7320186138153 18.6180094559987 18.5040002981822 18.3899911403656 18.275981982549 18.1619728247325 18.0987623214722 18.052484703064 18.0062070846558 17.9599294662476 17.9136518478394 17.8673742294312 17.821096611023 17.8069260120392 17.8890764713287 17.9712269306183 18.0533773899078 18.1355278491973 18.2176783084869 18.2998287677764 18.381979227066 18.7054563999175 19.109375810623 19.5132952213286 19.9172146320342 20.3211340427397 20.7250534534453 21.1289728641509 21.4646568457285 21.595634539922 21.7266122341155 21.8575899283091
21.8414566410913 21.6816138532427 21.5217710653941 21.3619282775455 21.2020854896969 20.9520921389262 20.6720486005148 20.3920050621033 20.1119615236919 19.8319179852804 19.5518744468689 19.2718309084575 19.0340516461267 18.9230652120378 18.812078777949 18.7010923438602 18.5901059097714 18.4791194756826 18.3681330415938 18.257146607505 18.1799886703491 18.1141068988376 18.0482251273261 17.9823433558146 17.9164615843031 17.8505798127916 17.7846980412801 17.7659719626109 17.8887129624684 18.011453962326 18.1341949621836 18.2569359620412 18.3796769618988 18.5024179617563 18.6251589616139 18.9514125982919 19.3455037805768 19.7395949628617 20.1336861451466 20.5277773274315 20.9218685097163 21.3159596920012 21.6481499830881 21.7946376005808 21.9411252180735 22.0876128355661
21.7383947001564 21.5988348695967 21.4592750390371 21.3197152084775 21.1801553779178 20.9442446072897 20.6762168566386 20.4081891059876 20.1401613553366 19.8721336046855 19.6041058540345 19.3360781033834 19.1080663628049 19.0001026524438 18.8921389420827 18.7841752317217 18.6762115213606 18.5682478109996 18.4602841006385 18.3523203902774 18.2612150192261 18.1757290946113 18.0902431699965 18.0047572453817 17.9192713207669 17.8337853961521 17.7482994715373 17.7250179131825 17.8883494536081 18.0516809940338 18.2150125344594 18.378344074885 18.5416756153106 18.7050071557362 18.8683386961618 19.1973687966664 19.5816317505306 19.9658947043947 20.350157658259 20.7344206121232 21.1186835659874 21.5029465198516 21.8316431204477 21.9936406612396 22.1556382020314 22.3176357428232
21.6353327592214 21.5160558859508 21.3967790126801 21.2775021394094 21.1582252661387 20.9363970756531 20.6803851127625 20.4243731498719 20.1683611869812 19.9123492240906 19.6563372612 19.4003252983094 19.182081079483 19.0771400928497 18.9721991062164 18.8672581195831 18.7623171329498 18.6573761463165 18.5524351596832 18.4474941730499 18.342441368103 18.2373512903849 18.1322612126668 18.0271711349487 17.9220810572307 17.8169909795125 17.7119009017945 17.6840638637542 17.8879859447479 18.0919080257415 18.2958301067352 18.4997521877288 18.7036742687225 18.9075963497161 19.1115184307097 19.4433249950408 19.8177597204843 20.1921944459278 20.5666291713714 20.9410638968149 21.3154986222584 21.6899333477019 22.0151362578073 22.1926437218983 22.3701511859893 22.5476586500803
21.5322708182865 21.4332769023048 21.3342829863231 21.2352890703413 21.1362951543596 20.9285495440166 20.6845533688864 20.4405571937561 20.1965610186259 19.9525648434957 19.7085686683655 19.4645724932353 19.2560957961612 19.1541775332557 19.0522592703501 18.9503410074446 18.848422744539 18.7465044816335 18.644586218728 18.5426679558224 18.42366771698 18.2989734861586 18.1742792553372 18.0495850245158 17.9248907936944 17.800196562873 17.6755023320516 17.6431098143259 17.8876224358876 18.1321350574493 18.376647679011 18.6211603005726 18.8656729221343 19.110185543696 19.3546981652577 19.6892811934152 20.053887690438 20.4184941874609 20.7831006844838 21.1477071815066 21.5123136785294 21.8769201755523 22.198629395167 22.3916467825571 22.5846641699472 22.7776815573374
21.3908386495379 21.3060513867273 21.2212641239167 21.1364768611061 21.0516895982955 20.884550189972 20.6899600664775 20.495369942983 20.3007798194885 20.1061896959941 19.9115995724996 19.7170094490051 19.546246571011 19.4469654295179 19.3476842880249 19.2484031465318 19.1491220050387 19.0498408635457 18.9505597220526 18.8512785805596 18.7221735477447 18.5831272178226 18.4440808879004 18.3050345579783 18.1659882280561 18.026941898134 17.8878955682118 17.8492184056175 18.1116487450069 18.3740790843963 18.6365094237856 18.898939763175 19.1613701025644 19.4238004419538 19.6862307813431 20.0199517885843 20.377436351776 20.7349209149677 21.0924054781595 21.4498900413512 21.8073746045429 22.1648591677347 22.481799533632 22.6771073076459 22.8724150816599 23.0677228556738
21.2110362529755 21.1343793392182 21.0577224254609 20.9810655117035 20.9044085979462 20.8043990135193 20.6966052055359 20.5888113975525 20.4810175895691 20.3732237815857 20.2654299736022 20.1576361656188 20.0525334040323 19.9555037816365 19.8584741592407 19.7614445368448 19.664414914449 19.5673852920532 19.4703556696573 19.3733260472615 19.2379588603973 19.0898124853769 18.9416661103566 18.7935197353362 18.6453733603159 18.4972269852955 18.3490806102752 18.3023896376291 18.5600648721058 18.8177401065825 19.0754153410592 19.3330905755359 19.5907658100127 19.8484410444894 20.1061162789661 20.435336780548 20.7884057044981 21.1414746284483 21.4945435523986 21.8476124763487 22.2006814002989 22.5537503242491 22.8646466732024 23.0490252971648 23.2334039211272 23.4177825450896
21.0312338564131 20.9627072917091 20.894180727005 20.825654162301 20.7571275975969 20.7242478370667 20.7032503445943 20.682252852122 20.6612553596496 20.6402578671773 20.619260374705 20.5982628822326 20.5588202370537 20.4640421337551 20.3692640304565 20.2744859271579 20.1797078238593 20.0849297205607 19.990151617262 19.8953735139634 19.7537441730499 19.5964977529313 19.4392513328128 19.2820049126943 19.1247584925757 18.9675120724572 18.8102656523386 18.7555608696407 19.0084809992047 19.2614011287688 19.5143212583329 19.7672413878969 20.020161517461 20.2730816470251 20.5260017765892 20.8507217725117 21.1993750572203 21.548028341929 21.8966816266377 22.2453349113463 22.5939881960549 22.9426414807636 23.2474938127729 23.4209432866837 23.5943927605946 23.7678422345055
20.8514314598508 20.7910352442 20.7306390285492 20.6702428128985 20.6098465972477 20.644096660614 20.7098954836527 20.7756943066915 20.8414931297302 20.9072919527689 20.9730907758077 21.0388895988464 21.0651070700751 20.9725804858737 20.8800539016723 20.7875273174709 20.6950007332695 20.6024741490682 20.5099475648668 20.4174209806654 20.2695294857025 20.1031830204858 19.936836555269 19.7704900900523 19.6041436248355 19.4377971596188 19.271450694402 19.2087321016522 19.4568971263037 19.7050621509551 19.9532271756065 20.2013922002579 20.4495572249094 20.6977222495608 20.9458872742122 21.2661067644754 21.6103444099425 21.9545820554096 22.2988197008768 22.6430573463439 22.987294991811 23.3315326372781 23.6303409523433 23.7928612762026 23.955381600062 24.1179019239213
