data/working_set_collections/6091692-Cassins_Sparrow-MC/1990/bio16.asc
NCOLS 265 
NROWS 230 
XLLCORNER -115.5625 
YLLCORNER 24.8333333333333 
CELLSIZE 0.0833333333333333 
NODATA_value -9999 
[rows 100 to 119 of 230, columns 138 to 183 of 265]
225.866327667237 224.710974884034 223.555622100831 222.400269317628 222.858432388306 223.854434076945 224.850435765584 225.846437454224 226.842439142863 227.838440831502 228.834442520141 229.831726964314 230.832859675089 231.833992385864 232.835125096639 233.836257807413 234.837390518188 235.838523228963 236.839655939737 237.277351760864 237.527235285441 237.777118810018 238.027002334594 238.276885859171 238.526769383748 238.776652908325 238.78854192098 238.086447397868 237.384352874756 236.682258351644 235.980163828532 235.27806930542 234.575974782308 233.873880259196 234.141244888305 234.731762568156 235.322280248006 235.912797927856 236.503315607706 237.093833287556 237.684350967407 238.511450576781 240.048295974731 241.58514137268 243.121986770629 244.658832168578
223.69369430542 222.756505584717 221.819316864014 220.882128143311 221.582409795125 222.828514904446 224.074620013767 225.320725123087 226.566830232408 227.812935341729 229.05904045105 230.274881617228 231.399930953979 232.524980290731 233.650029627482 234.775078964233 235.900128300984 237.025177637736 238.150226974487 238.572818628947 238.761257722642 238.949696816338 239.138135910034 239.32657500373 239.515014097425 239.703453191121 239.640771230062 238.824726104736 238.008680979411 237.192635854085 236.37659072876 235.560545603434 234.744500478109 233.928455352783 234.414781824748 235.335232162475 236.255682500203 237.176132837931 238.096583175659 239.017033513386 239.937483851114 241.028478452894 242.631105846828 244.233733240763 245.836360634697 247.438988028631
221.9798956977 221.289957682292 220.600019666884 219.910081651476 220.75399386088 222.109189478556 223.464385096232 224.819580713908 226.174776331583 227.529971949259 228.885167566935 230.205971399943 231.423599878947 232.641228357951 233.858856836954 235.076485315958 236.294113794962 237.511742273966 238.72937075297 239.133520507813 239.266510687934 239.399500868056 239.532491048177 239.665481228299 239.79847140842 239.931461588542 239.833590104845 239.043133629693 238.252677154541 237.462220679389 236.671764204237 235.881307729085 235.090851253933 234.300394778782 234.976253509521 236.140883975558 237.305514441596 238.470144907633 239.63477537367 240.799405839708 241.964036305745 243.257030063205 244.935113694932 246.61319732666 248.291280958387 249.969364590114
220.724931844076 220.311331176758 219.89773050944 219.484129842123 220.373184585571 221.696457799275 223.01973101298 224.343004226684 225.666277440389 226.989550654093 228.312823867798 229.624996312459 230.903866449992 232.182736587524 233.461606725057 234.740476862589 236.019347000122 237.298217137654 238.577087275187 238.959457397461 239.042994181315 239.126530965169 239.210067749023 239.293604532878 239.377141316732 239.460678100586 239.366998545329 238.741669972738 238.116341400147 237.491012827555 236.865684254964 236.240355682373 235.615027109782 234.989698537191 235.825659942627 237.148718007405 238.471776072184 239.794834136962 241.117892201741 242.44095026652 243.764008331298 245.197105407714 246.960319519042 248.72353363037 250.486747741698 252.249961853026
219.469967990452 219.332704671224 219.195441351997 219.058178032769 219.992375310262 221.283726119995 222.575076929728 223.866427739461 225.157778549194 226.449129358927 227.74048016866 229.044021224975 230.384133021036 231.724244817098 233.064356613159 234.40446840922 235.744580205281 237.084692001343 238.424803797404 238.785394287109 238.819477674696 238.853561062283 238.88764444987 238.921727837457 238.955811225043 238.98989461263 238.900406985813 238.440206315782 237.980005645752 237.519804975722 237.059604305691 236.599403635661 236.13920296563 235.6790022956 236.675066375732 238.156552039252 239.638037702772 241.119523366292 242.601009029812 244.082494693332 245.563980356852 247.137180752224 248.985525343152 250.833869934081 252.68221452501 254.530559115939
218.215004136827 218.35407816569 218.493152194553 218.632226223416 219.611566034953 220.870994440714 222.130422846476 223.389851252238 224.649279657999 225.908708063761 227.168136469523 228.463046137492 229.864399592081 231.265753046671 232.667106501261 234.068459955851 235.469813410441 236.871166865031 238.27252031962 238.611331176758 238.595961168077 238.580591159397 238.565221150716 238.549851142036 238.534481133355 238.519111124675 238.433815426297 238.138742658827 237.843669891357 237.548597123888 237.253524356418 236.958451588949 236.663378821479 236.368306054009 237.524472808838 239.164386071099 240.80429933336 242.444212595621 244.084125857882 245.724039120144 247.363952382405 249.077256096733 251.010731167263 252.944206237792 254.877681308322 256.811156378851
216.960040283203 217.375451660156 217.790863037109 218.206274414062 219.230756759643 220.458262761434 221.685768763224 222.913274765015 224.140780766805 225.368286768595 226.595792770386 227.882071050008 229.344666163126 230.807261276245 232.269856389363 233.732451502482 235.1950466156 236.657641728719 238.120236841837 238.437268066406 238.372444661458 238.30762125651 238.242797851563 238.177974446615 238.113151041667 238.048327636719 237.967223866781 237.837279001872 237.707334136963 237.577389272054 237.447444407145 237.317499542236 237.187554677327 237.057609812419 238.373879241943 240.172220102945 241.970560963948 243.768901824951 245.567242685953 247.365583546956 249.163924407958 251.017331441243 253.035936991373 255.054542541503 257.073148091633 259.091753641763
215.705076429579 216.396825154622 217.088573879666 217.780322604709 218.849947484334 220.045531082153 221.241114679972 222.436698277791 223.63228187561 224.827865473429 226.023449071248 227.301095962524 228.824932734171 230.348769505819 231.872606277466 233.396443049113 234.92027982076 236.444116592407 237.967953364054 238.263204956055 238.14892815484 238.034651353624 237.920374552409 237.806097751194 237.691820949978 237.577544148763 237.500632307265 237.535815344917 237.570998382568 237.60618142022 237.641364457872 237.676547495524 237.711730533176 237.746913570828 239.223285675048 241.180054134792 243.136822594536 245.09359105428 247.050359514024 249.007127973768 250.963896433512 252.957406785752 255.061142815483 257.164878845214 259.268614874945 261.372350904676
215.28909242418 216.181331125895 217.073569827609 217.965808529324 218.920500437418 219.896010080973 220.871519724528 221.847029368083 222.822539011637 223.798048655192 224.773558298747 225.881836912367 227.388422436184 228.895007960002 230.401593483819 231.908179007636 233.414764531453 234.921350055271 236.427935579088 236.805239868164 236.806117078993 236.806994289822 236.807871500651 236.80874871148 236.809625922309 236.810503133138 236.842057715522 236.965644412571 237.089231109619 237.212817806668 237.336404503716 237.459991200765 237.583577897814 237.707164594862 239.24929262797 241.264267773098 243.279242918226 245.294218063354 247.309193208482 249.32416835361 251.339143498738 253.406323750813 255.63011932373 257.853914896647 260.077710469563 262.30150604248
215.712088267008 216.728969573974 217.74585088094 218.762732187906 219.442415618896 220.009699757894 220.576983896891 221.144268035889 221.711552174886 222.278836313884 222.846120452881 223.624293899536 225.035135269165 226.445976638794 227.856818008423 229.267659378052 230.678500747681 232.08934211731 233.500183486939 234.063372802735 234.34401143392 234.624650065104 234.905288696289 235.185927327474 235.466565958659 235.747204589844 235.991500091553 236.126766204834 236.262032318115 236.397298431397 236.532564544678 236.667830657959 236.80309677124 236.938362884522 238.451900100708 240.424861017863 242.397821935017 244.370782852173 246.343743769328 248.316704686482 250.289665603638 252.364082336425 254.742866516113 257.1216506958 259.500434875488 261.879219055175
216.135084109836 217.276608022054 218.418131934272 219.559655846489 219.964330800374 220.123389434814 220.282448069255 220.441506703695 220.600565338135 220.759623972575 220.918682607015 221.366750886705 222.681848102146 223.996945317586 225.312042533027 226.627139748467 227.942236963908 229.257334179349 230.572431394789 231.321505737305 231.881905788846 232.442305840386 233.002705891927 233.563105943468 234.123505995009 234.68390604655 235.140942467584 235.287887997098 235.434833526611 235.581779056125 235.728724585639 235.875670115153 236.022615644667 236.169561174181 237.654507573445 239.585454262627 241.516400951809 243.447347640991 245.378294330173 247.309241019355 249.240187708537 251.321840922037 253.855613708495 256.389386494954 258.923159281412 261.45693206787
216.558079952663 217.824246470133 219.090412987603 220.356579505072 220.486245981852 220.237079111735 219.987912241618 219.738745371501 219.489578501384 219.240411631267 218.991244761149 219.109207873874 220.328560935126 221.547913996379 222.767267057631 223.986620118883 225.205973180135 226.425326241387 227.644679302639 228.579638671875 229.419800143772 230.259961615668 231.100123087565 231.940284559462 232.780446031358 233.620607503255 234.290384843614 234.449009789361 234.607634735107 234.766259680854 234.924884626601 235.083509572347 235.242134518094 235.40075946384 236.857115046183 238.746047507392 240.6349799686 242.523912429809 244.412844891018 246.301777352227 248.190709813436 250.279599507649 252.968360900878 255.657122294108 258.345883687337 261.034645080566
216.981075795491 218.371884918213 219.762694040934 221.153503163655 221.00816116333 220.350768788656 219.693376413981 219.035984039307 218.378591664632 217.721199289958 217.063806915284 216.851664861043 217.975273768107 219.098882675171 220.222491582235 221.346100489299 222.469709396363 223.593318303426 224.71692721049 225.837771606446 226.957694498698 228.077617390951 229.197540283203 230.317463175456 231.437386067708 232.557308959961 233.439827219645 233.610131581624 233.780435943604 233.950740305583 234.121044667562 234.291349029541 234.46165339152 234.631957753499 236.059722518921 237.906640752156 239.753558985392 241.600477218628 243.447395451863 245.294313685099 247.141231918335 249.237358093261 252.081108093261 254.924858093261 257.768608093261 260.612358093261
217.404071638319 218.919523366292 220.434975094265 221.950426822238 221.530076344808 220.464458465576 219.398840586345 218.333222707113 217.267604827881 216.20198694865 215.136369069418 214.594121848212 215.621986601088 216.649851353963 217.677716106839 218.705580859714 219.73344561259 220.761310365465 221.789175118341 223.095904541016 224.495588853624 225.895273166233 227.294957478841 228.69464179145 230.094326104058 231.494010416667 232.589269595676 232.771253373888 232.9532371521 233.135220930312 233.317204708523 233.499188486735 233.681172264947 233.863156043159 235.262329991658 237.067233996921 238.872138002183 240.677042007446 242.481946012709 244.286850017971 246.091754023234 248.195116678873 251.193855285644 254.192593892415 257.191332499186 260.190071105956
217.324467468261 218.864515686035 220.404563903808 221.944612121582 221.328365961711 219.993355009291 218.658344056872 217.323333104452 215.988322152032 214.653311199613 213.318300247193 212.546140077379 213.462532255385 214.37892443339 215.295316611396 216.211708789402 217.128100967407 218.044493145413 218.960885323419 220.342099634806 221.878254657321 223.414409679837 224.950564702352 226.486719724867 228.022874747382 229.559029769898 230.77432246738 231.027028189765 231.27973391215 231.532439634535 231.78514535692 232.037851079305 232.29055680169 232.543262524075 233.953056589762 235.748546769884 237.544036950005 239.339527130127 241.135017310248 242.93050749037 244.725997670491 246.851815923054 249.968618392944 253.085420862833 256.202223332722 259.319025802612
216.742263285319 218.206861877441 219.671460469564 221.136059061686 220.403030014038 218.9374584198 217.471886825562 216.006315231324 214.540743637086 213.075172042847 211.609600448609 210.707719548543 211.496910730998 212.286101913452 213.075293095907 213.864484278361 214.653675460816 215.44286664327 216.232057825725 217.576356887818 219.10569190979 220.635026931763 222.164361953736 223.693696975708 225.223031997681 226.752367019654 227.994985834758 228.377456029257 228.759926223755 229.142396418254 229.524866612753 229.907336807251 230.28980700175 230.672277196249 232.131902313232 233.950579071045 235.769255828857 237.58793258667 239.406609344482 241.225286102295 243.043962860107 245.207455825805 248.40539741516 251.603339004516 254.801280593872 257.999222183227
216.160059102376 217.549208068847 218.938357035319 220.32750600179 219.477694066366 217.881561830309 216.285429594252 214.689297358195 213.093165122139 211.497032886082 209.900900650025 208.869299019708 209.531289206611 210.193279393514 210.855269580417 211.517259767321 212.179249954224 212.841240141127 213.50323032803 214.810614140829 216.333129162259 217.855644183689 219.378159205119 220.900674226549 222.423189247979 223.945704269409 225.215649202135 225.727883868748 226.24011853536 226.752353201972 227.264587868585 227.776822535197 228.28905720181 228.801291868422 230.310748036702 232.152611372206 233.994474707709 235.836338043213 237.678201378716 239.52006471422 241.361928049723 243.563095728556 246.842176437377 250.121257146199 253.400337855021 256.679418563842
215.577854919433 216.891554260254 218.205253601074 219.518952941894 218.552358118693 216.825665240818 215.098972362943 213.372279485067 211.645586607192 209.918893729317 208.192200851441 207.030878490872 207.565667682224 208.100456873576 208.635246064928 209.17003525628 209.704824447632 210.239613638984 210.774402830336 212.04487139384 213.560566414727 215.076261435615 216.591956456502 218.10765147739 219.623346498277 221.139041519165 222.436312569512 223.078311708239 223.720310846965 224.362309985691 225.004309124417 225.646308263143 226.288307401869 226.930306540595 228.489593760172 230.354643673367 232.219693586561 234.084743499756 235.94979341295 237.814843326144 239.679893239339 241.918735631306 245.278955459594 248.639175287882 251.99939511617 255.359614944457
214.995650736491 216.23390045166 217.472150166829 218.710399881998 217.627022171021 215.769768651327 213.912515131633 212.055261611939 210.198008092245 208.340754572551 206.483501052857 205.192457962036 205.600046157837 206.007634353638 206.415222549439 206.82281074524 207.23039894104 207.637987136841 208.045575332642 209.279128646851 210.788003667196 212.296878687541 213.805753707886 215.314628728231 216.823503748576 218.332378768921 219.65697593689 220.42873954773 221.20050315857 221.972266769409 222.744030380249 223.515793991089 224.287557601929 225.059321212769 226.668439483643 228.556675974528 230.444912465413 232.333148956299 234.221385447184 236.109621938069 237.997858428955 240.274375534057 243.715734481811 247.157093429565 250.598452377319 254.039811325072
214.413446553548 215.576246643066 216.739046732584 217.901846822103 216.701686223348 214.713872061836 212.726057900324 210.738243738811 208.750429577298 206.762615415786 204.774801254273 203.354037433201 203.63442463345 203.9148118337 204.195199033949 204.475586234199 204.755973434449 205.036360634698 205.316747834948 206.513385899862 208.015440919664 209.517495939467 211.019550959269 212.521605979072 214.023660998874 215.525716018677 216.877639304267 217.779167387221 218.680695470174 219.582223553128 220.483751636081 221.385279719035 222.286807801988 223.188335884942 224.847285207113 226.758708275689 228.670131344265 230.581554412842 232.492977481418 234.404400549994 236.315823618571 238.630015436808 242.152513504028 245.675011571248 249.197509638468 252.720007705688
