data/working_set_collections/6091692-Cassins_Sparrow-MC/1990/bio14.asc
NCOLS 265 
NROWS 230 
XLLCORNER -115.5625 
YLLCORNER 24.8333333333333 
CELLSIZE 0.0833333333333333 
NODATA_value -9999 
[rows 160 to 179 of 230, columns 92 to 137 of 265]
5.4184408565361 5.85544600288065 6.29245114922512 6.7294562955696 7.16646144191415 7.23046314716336 7.17013037204741 7.10979759693145 7.04946482181549 6.98913204669954 6.92879927158358 6.86846649646762 6.93061677614841 7.3602162202199 7.78981566429133 8.21941510836275 8.64901455243425 9.07861399650567 9.50821344057709 9.93781288464859 10.3302441596984 10.7102860450744 11.0903279304504 11.4703698158263 11.8504117012023 12.2304535865783 12.6104954719543 12.8755116621653 12.7954507668813 12.7153898715973 12.6353289763133 12.5552680810293 12.4752071857452 12.3951462904612 12.3150853951772 12.1833350658417 12.0343549251556 11.8853747844696 11.7363946437836 11.5874145030975 11.4384343624115 11.2894542217255 11.1704051653544 11.1411493619283 11.1118935585022 11.0826377550761
5.59759157167528 6.05357476803984 6.50955796440432 6.9655411607688 7.42152435713335 7.44671603043873 7.32831052939098 7.2099050283432 7.09149952729545 6.97309402624769 6.85468852519991 6.73628302415216 6.76199115647202 7.2200401888953 7.6780892213185 8.1361382537417 8.59418728616498 9.05223631858818 9.51028535101138 9.96833438343466 10.3761670112609 10.7672608375548 11.1583546638488 11.5494484901427 11.9405423164367 12.3316361427307 12.7227299690246 12.996819723977 12.9198972649045 12.8429748058319 12.7660523467594 12.6891298876868 12.6122074286143 12.5352849695418 12.4583625104692 12.3281181812286 12.1800998952654 12.0320816093021 11.8840633233388 11.7360450373756 11.5880267514123 11.440008465449 11.311889913347 11.2434705628289 11.1750512123108 11.1066318617927
5.68749619324992 6.14823729991908 6.60897840658816 7.06971951325724 7.53046061992641 7.53539161682132 7.38838591045808 7.2413802040948 7.09437449773156 6.94736879136831 6.80036308500504 6.6533573786418 6.65623423920728 7.10875880055954 7.56128336191172 8.0138079232639 8.46633248461616 8.91885704596834 9.37138160732053 9.82390616867279 10.2191656192144 10.5953366994858 10.9715077797572 11.3476788600286 11.7238499403 12.1000210205715 12.4761921008428 12.7399271408718 12.6663540601732 12.5927809794745 12.5192078987759 12.4456348180772 12.3720617373786 12.2984886566799 12.2249155759813 12.1042751550676 11.9679456207489 11.8316160864302 11.6952865521114 11.5589570177927 11.422627483474 11.2862979491553 11.1640079948638 11.0838367806542 11.0036655664445 10.9234943522348
5.68815472125997 6.13943359851832 6.5907124757766 7.04199135303488 7.49327023029323 7.49648990631107 7.35035651524866 7.20422312418622 7.05808973312381 6.9119563420614 6.76582295099896 6.61968955993655 6.61334602435421 7.02637205521262 7.43939808607096 7.8524241169293 8.26545014778772 8.67847617864606 9.0915022095044 9.50452824036281 9.85923998355866 10.194513630867 10.5297872781754 10.8650609254837 11.2003345727921 11.5356082201005 11.8708818674088 12.1048339128495 12.0348211526872 11.9648083925248 11.8947956323625 11.8247828722001 11.7547701120378 11.6847573518754 11.6147445917131 11.5118059873582 11.3978921016059 11.2839782158535 11.1700643301011 11.0561504443488 10.9422365585964 10.828322672844 10.7267594099046 10.6622480154038 10.5977366209031 10.5332252264024
5.68881324927002 6.13062989711757 6.57244654496504 7.0142631928125 7.45607984066005 7.45758819580081 7.31232712003924 7.16706604427764 7.02180496851606 6.87654389275449 6.73128281699289 6.58602174123131 6.57045780950114 6.94398530986571 7.31751281023021 7.69104031059471 8.06456781095927 8.43809531132377 8.81162281168827 9.18515031205284 9.49931434790294 9.79369056224822 10.0880667765936 10.3824429909388 10.6768192052841 10.9711954196295 11.2655716339747 11.4697406848273 11.4032882452012 11.3368358055752 11.2703833659491 11.203930926323 11.137478486697 11.0710260470709 11.0045736074449 10.9193368196488 10.8278385824628 10.7363403452768 10.6448421080908 10.5533438709048 10.4618456337188 10.3703473965328 10.2895108249453 10.2406592501535 10.1918076753617 10.1429561005699
5.68947177728007 6.12182619571681 6.55418061415347 6.98653503259014 7.41888945102687 7.41868648529056 7.27429772482982 7.12990896436906 6.98552020390832 6.84113144344758 6.69674268298681 6.55235392252607 6.52756959464808 6.8615985645188 7.19562753438946 7.52965650426013 7.86368547413084 8.1977144440015 8.53174341387217 8.86577238374289 9.13938871224724 9.39286749362948 9.64634627501176 9.89982505639399 10.1533038377762 10.4067826191585 10.6602614005407 10.8346474568051 10.7717553377153 10.7088632186255 10.6459710995358 10.583078980446 10.5201868613562 10.4572947422665 10.3944026231767 10.3268676519395 10.2577850633199 10.1887024747002 10.1196198860805 10.0505372974609 9.98145470884123 9.91237212022156 9.85226223998609 9.81907048490322 9.78587872982034 9.75268697473746
5.69013030529013 6.11302249431605 6.53591468334191 6.95880687236777 7.3816990613937 7.3797847747803 7.2362683296204 7.09275188446047 6.94923543930057 6.80571899414066 6.66220254898073 6.51868610382083 6.48468137979501 6.77921181917189 7.07374225854871 7.36827269792553 7.6628031373024 7.95733357667922 8.25186401605604 8.54639445543291 8.77946307659152 8.9920444250107 9.20462577342992 9.41720712184911 9.62978847026829 9.84236981868751 10.0549511671067 10.1995542287828 10.1402224302293 10.0808906316758 10.0215588331224 9.96222703456891 9.90289523601544 9.84356343746197 9.78423163890851 9.73439848423015 9.68773154417685 9.64106460412354 9.59439766407023 9.54773072401692 9.50106378396362 9.4543968439103 9.41501365502683 9.39748171965289 9.37994978427894 9.362417848905
5.69078883330018 6.1042187929153 6.51764875253035 6.9310787121454 7.34450867176052 7.34088306427005 7.19823893441098 7.05559480455189 6.91295067469282 6.77030654483375 6.62766241497466 6.48501828511559 6.44179316494195 6.69682507382497 6.95185698270795 7.20688889159093 7.46192080047395 7.71695270935693 7.97198461823991 8.22701652712294 8.41953744093579 8.59122135639192 8.76290527184809 8.93458918730422 9.10627310276035 9.27795701821651 9.44964093367264 9.5644610007605 9.50868952274333 9.45291804472615 9.39714656670898 9.34137508869181 9.28560361067464 9.22983213265747 9.1740606546403 9.14192931652078 9.11767802503383 9.09342673354687 9.06917544205992 9.04492415057296 9.020672859086 8.99642156759905 8.97776507006757 8.97589295440256 8.97402083873755 8.97214872307253
5.63219892316388 6.0237883792983 6.41537783543266 6.80696729156702 7.19855674770144 7.21539651552842 7.10731972058619 6.99924292564395 6.89116613070172 6.78308933575949 6.67501254081725 6.56693574587502 6.53671888377922 6.74008182022301 6.94344475666676 7.14680769311052 7.35017062955431 7.55353356599806 7.75689650244181 7.9602594388856 8.10533799727761 8.23098842965235 8.35663886202712 8.48228929440187 8.60793972677661 8.73359015915138 8.85924059152612 8.93973837163727 8.88477819495745 8.82981801827762 8.7748578415978 8.71989766491798 8.66493748823815 8.60997731155833 8.55501713487851 8.53683387835833 8.53090959522471 8.5249853120911 8.51906102895748 8.51313674582387 8.50721246269025 8.50128817955664 8.50318272643629 8.52853376335577 8.55388480027525 8.57923583719473
5.51436057488117 5.871731253465 6.22910193204877 6.58647261063254 6.94384328921636 7.00332512855534 6.96351068814599 6.92369624773663 6.88388180732728 6.84406736691793 6.80425292650857 6.76443848609922 6.76945853630695 6.9089820583661 7.04850558042522 7.18802910248435 7.3275526245435 7.46707614660262 7.60659966866175 7.7461231907209 7.83686474561695 7.91134564479196 7.98582654396698 8.060307443142 8.13478834231701 8.20926924149203 8.28375014066705 8.32538634141298 8.26848844687156 8.21159055233013 8.15469265778871 8.09779476324729 8.04089686870586 7.98399897416445 7.92710107962303 7.91911216974269 7.9274262547494 7.93574033975611 7.94405442476282 7.95236850976953 7.96068259477624 7.96899667978296 7.99126662413286 8.05540414651241 8.11954166889197 8.18367919127152
5.39652222659847 5.7196741276317 6.04282602866488 6.36597792969805 6.68912983073128 6.79125374158226 6.81970165570578 6.84814956982931 6.87659748395284 6.90504539807636 6.93349331219989 6.96194122632341 7.00219818883467 7.07788229650918 7.15356640418368 7.22925051185818 7.30493461953268 7.38061872720718 7.45630283488168 7.53198694255619 7.56839149395628 7.59170285993156 7.61501422590685 7.63832559188213 7.6616369578574 7.68494832383269 7.70825968980797 7.71103431118869 7.65219869878567 7.59336308638265 7.53452747397963 7.47569186157661 7.41685624917358 7.35802063677056 7.29918502436754 7.30139046112705 7.32394291427408 7.34649536742112 7.36904782056816 7.3916002737152 7.41415272686224 7.43670518000928 7.47935052182944 7.58227452966906 7.68519853750869 7.78812254534831
5.27868387831578 5.56761700179842 5.856550125281 6.14548324876359 6.43441637224623 6.5791823546092 6.67589262326559 6.772602891922 6.86931316057839 6.96602342923479 7.0627336978912 7.15944396654759 7.23493784136237 7.24678253465225 7.25862722794213 7.270471921232 7.28231661452188 7.29416130781175 7.30600600110163 7.3178506943915 7.29991824229564 7.27206007507119 7.24420190784674 7.21634374062229 7.18848557339784 7.16062740617339 7.13276923894894 7.09668228096446 7.03590895069984 6.97513562043521 6.9143622901706 6.85358895990598 6.79281562964135 6.73204229937673 6.67126896911211 6.68366875251146 6.72045957379882 6.75725039508618 6.79404121637355 6.83083203766091 6.86762285894828 6.90441368023564 6.96743441952606 7.10914491282574 7.25085540612545 7.39256589942513
5.16084553003307 5.41555987596512 5.67027422189711 5.92498856782911 6.17970291376115 6.36711096763612 6.53208359082539 6.69705621401468 6.86202883720395 7.02700146039322 7.19197408358252 7.35694670677179 7.4676774938901 7.41568277279534 7.36368805170058 7.31169333060583 7.25969860951107 7.20770388841631 7.15570916732156 7.1037144462268 7.03144499063498 6.9524172902108 6.8733895897866 6.79436188936242 6.71533418893824 6.63630648851404 6.55727878808986 6.48233025074017 6.41961920261395 6.35690815448773 6.29419710636151 6.23148605823529 6.16877501010906 6.10606396198285 6.04335291385663 6.06594704389582 6.1169762333235 6.1680054227512 6.21903461217889 6.27006380160658 6.32109299103427 6.37212218046197 6.45551831722264 6.63601529598239 6.81651227474217 6.99700925350192
5.04300718175037 5.26350275013182 5.48399831851322 5.70449388689463 5.92498945527608 6.15503958066304 6.38827455838518 6.62150953610737 6.85474451382951 7.08797949155166 7.32121446927384 7.55444944699599 7.70041714641782 7.58458301093842 7.46874887545904 7.35291473997966 7.23708060450026 7.12124646902088 7.00541233354149 6.88957819806209 6.76297173897431 6.6327745053504 6.50257727172646 6.37238003810255 6.24218280447864 6.1119855708547 5.98178833723079 5.86797822051588 5.80332945452807 5.73868068854024 5.67403192255242 5.60938315656461 5.54473439057678 5.48008562458896 5.41543685860115 5.44822533528018 5.51349289284819 5.57876045041621 5.64402800798423 5.70929556555225 5.77456312312026 5.83983068068829 5.94360221491922 6.16288567913904 6.38216914335889 6.60145260757871
4.98980679379565 5.17496663067074 5.36012646754581 5.54528630442087 5.73044614129597 5.96391388177871 6.21348425679735 6.46305463181604 6.71262500683468 6.96219538185332 7.21176575687201 7.46133613189065 7.61531305578031 7.48250962628267 7.34970619678506 7.21690276728745 7.08409933778982 6.95129590829221 6.8184924787946 6.68568904929696 6.54085526069011 6.39201135238018 6.24316744407023 6.0943235357603 5.94547962745036 5.79663571914041 5.64779181083048 5.5190473477046 5.45060122013096 5.3821550925573 5.31370896498366 5.24526283741001 5.17681670983636 5.10837058226271 5.03992445468907 5.07634064356487 5.14771093792386 5.21908123228286 5.29045152664186 5.36182182100085 5.43319211535984 5.50456240971885 5.61739898390238 5.85463439755966 6.09186981121698 6.32910522487426
5.00124436616894 5.14995151758193 5.29865866899489 5.44736582040785 5.59607297182084 5.79373387098312 6.00771268606185 6.22169150114061 6.43567031621934 6.64964913129807 6.86362794637684 7.07760676145556 7.21236522197733 7.1094626188279 7.00656001567848 6.90365741252907 6.80075480937964 6.69785220623023 6.59494960308081 6.49204699993138 6.36509555578237 6.23012783130016 6.09516010681792 5.96019238233571 5.8252246578535 5.69025693337126 5.55528920888905 5.43553763230645 5.36143449942274 5.28733136653903 5.21322823365533 5.13912510077163 5.06502196788791 4.99091883500421 4.91681570212051 4.95029296875001 5.01963036855062 5.08896776835124 5.15830516815187 5.22764256795248 5.2969799677531 5.36631736755372 5.47690862417218 5.71126145124431 5.94561427831648 6.17996710538861
5.01268193854223 5.12493640449311 5.23719087044397 5.34944533639483 5.46169980234571 5.62355386018753 5.80194111532634 5.98032837046519 6.158715625604 6.33710288074282 6.51549013588166 6.69387739102048 6.80941738817434 6.73641561137311 6.6634138345719 6.59041205777068 6.51741028096946 6.44440850416824 6.37140672736703 6.2984049505658 6.18933585087463 6.06824431022013 5.94715276956562 5.82606122891112 5.70496968825663 5.58387814760211 5.46278660694762 5.35202791690829 5.27226777871453 5.19250764052076 5.112747502327 5.03298736413324 4.95322722593946 4.8734670877457 4.79370694955194 4.82424529393515 4.89154979917738 4.95885430441962 5.02615880966187 5.09346331490411 5.16076782014635 5.2280723253886 5.33641826444199 5.56788850492897 5.79935874541599 6.03082898590297
5.02411951091552 5.0999212914043 5.17572307189306 5.25152485238181 5.32732663287059 5.45337384939195 5.59616954459085 5.73896523978978 5.88176093498869 6.02455663018759 6.16735232538652 6.31014802058543 6.40646955437139 6.36336860391837 6.32026765346535 6.27716670301233 6.2340657525593 6.19096480210628 6.14786385165326 6.10476290120023 6.0135761459669 5.90636078914012 5.79914543231332 5.69193007548655 5.58471471865977 5.47749936183297 5.37028400500619 5.26851820151015 5.18310105800633 5.0976839145025 5.01226677099868 4.92684962749486 4.84143248399102 4.7560153404872 4.67059819698339 4.69819761912029 4.76346922980415 4.82874084048802 4.89401245117189 4.95928406185575 5.02455567253961 5.08982728322349 5.1959279047118 5.42451555861363 5.6531032125155 5.88169086641733
5.03555708328882 5.07490617831548 5.11425527334214 5.15360436836879 5.19295346339545 5.28319383859636 5.39039797385535 5.49760210911436 5.60480624437335 5.71201037963234 5.81921451489135 5.92641865015035 6.00352172056841 5.99032159646359 5.97712147235876 5.96392134825394 5.95072122414912 5.9375211000443 5.92432097593947 5.91112085183465 5.83781644105916 5.7444772680601 5.65113809506102 5.55779892206196 5.4644597490629 5.37112057606382 5.27778140306476 5.18500848611199 5.09393433729812 5.00286018848422 4.91178603967035 4.82071189085647 4.72963774204258 4.6385635932287 4.54748944441482 4.57214994430543 4.63538866043092 4.6986273765564 4.7618660926819 4.82510480880738 4.88834352493287 4.95158224105836 5.05543754498161 5.28114261229829 5.50684767961501 5.73255274693169
5.04699465566211 5.04989106522666 5.05278747479122 5.05568388435577 5.05858029392032 5.11301382780076 5.18462640311984 5.25623897843893 5.32785155375801 5.39946412907709 5.47107670439618 5.54268927971526 5.60057388676543 5.61727458900881 5.63397529125218 5.65067599349556 5.66737669573894 5.68407739798231 5.70077810022569 5.71747880246907 5.66205673615142 5.58259374698007 5.50313075780872 5.42366776863737 5.34420477946603 5.26474179029467 5.18527880112333 5.10149877071384 5.0047676165899 4.90803646246595 4.81130530834202 4.71457415421808 4.61784300009413 4.52111184597019 4.42438069184626 4.44610226949057 4.50730809105768 4.56851391262478 4.6297197341919 4.69092555575901 4.75213137732612 4.81333719889324 4.91494718525142 5.13776966598294 5.36059214671451 5.58341462744604
