data/working_set_collections/6091692-Cassins_Sparrow-MC/1990/bio19.asc
NCOLS 265 
NROWS 230 
XLLCORNER -115.5625 
YLLCORNER 24.8333333333333 
CELLSIZE 0.0833333333333333 
NODATA_value -9999 
[rows 60 to 79 of 230, columns 138 to 183 of 265]
26.3077123377059 26.2876562913259 26.267600244946 26.247544198566 26.6371901035308 27.1634033256106 27.6896165476903 28.2158297697702 28.74204299185 29.2682562139298 29.7944694360096 30.3730443159737 31.108704169591 31.8443640232085 32.5800238768258 33.3156837304431 34.0513435840605 34.7870034376778 35.5226632912951 36.4603661537168 37.4654166857399 38.4704672177629 39.4755177497862 40.4805682818092 41.4856188138322 42.4906693458555 43.3928636974756 43.9864895078869 44.5801153182982 45.1737411287094 45.7673669391206 46.3609927495319 46.9546185599431 47.5482443703544 48.8381812095639 50.3602217250396 51.8822622405154 53.4043027559913 54.926343271467 56.4483837869428 57.9704243024187 59.4189201884796 60.6467821862959 61.8746441841123 63.1025061819285 64.3303681797448
26.124105946223 26.1381931781769 26.1522804101308 26.1663676420848 26.5813949108123 27.1300688584644 27.6787428061166 28.2274167537688 28.776090701421 29.3247646490731 29.8734385967254 30.4734864075977 31.2276558081307 31.9818252086638 32.7359946091968 33.4901640097298 34.2443334102629 34.9985028107959 35.7526722113289 36.7391093254087 37.8029690106707 38.8668286959327 39.9306883811948 40.9945480664568 42.0584077517188 43.1222674369809 44.0505688349404 44.5721953709918 45.0938219070433 45.6154484430947 46.1370749791461 46.6587015151976 47.180328051249 47.7019545873004 48.9937008857724 50.542153771718 52.0906066576635 53.6390595436093 55.1875124295549 56.7359653155004 58.2844182014462 59.7528883934018 60.981410503387 62.2099326133725 63.4384547233578 64.6669768333431
25.9404995547401 25.9887300650279 26.0369605753157 26.0851910856035 26.5255997180938 27.0967343913183 27.6678690645428 28.2390037377674 28.810138410992 29.3812730842165 29.9524077574411 30.5739284992216 31.3466074466703 32.1192863941191 32.8919653415678 33.6646442890165 34.4373232364653 35.210002183914 35.9826811313627 37.0178524971006 38.1405213356015 39.2631901741024 40.3858590126035 41.5085278511044 42.6311966896053 43.7538655281064 44.7082739724051 45.1579012340967 45.6075284957884 46.05715575748 46.5067830191716 46.9564102808633 47.4060375425549 47.8556648042465 49.1492205619809 50.7240858183963 52.2989510748117 53.8738163312273 55.4486815876427 57.0235468440581 58.5984121004737 60.0868565983239 61.3160388204782 62.5452210426328 63.7744032647871 65.0035854869415
25.7568931632572 25.8392669518789 25.9216407405005 26.0040145291222 26.4698045253753 27.0633999241722 27.6569953229691 28.250590721766 28.8441861205629 29.4377815193598 30.0313769181568 30.6743705908456 31.4655590852099 32.2567475795744 33.0479360739388 33.8391245683032 34.6303130626677 35.4215015570321 36.2126900513964 37.2965956687925 38.4780736605323 39.6595516522722 40.8410296440122 42.022507635752 43.2039856274919 44.3854636192319 45.3659791098699 45.7436070972017 46.1212350845336 46.4988630718654 46.8764910591972 47.254119046529 47.6317470338608 48.0093750211926 49.3047402381894 50.9060178650746 52.5072954919598 54.1085731188453 55.7098507457305 57.3111283726158 58.9124059995012 60.4208248032461 61.6506671375695 62.8805094718931 64.1103518062164 65.3401941405398
25.5732867717743 25.6898038387299 25.8063209056854 25.922837972641 26.4140093326568 27.030065457026 27.6461215813953 28.2621777057647 28.8782338301339 29.4942899545032 30.1103460788726 30.7748126824695 31.5845107237495 32.3942087650297 33.2039068063098 34.0136048475899 34.8233028888701 35.6330009301501 36.4426989714302 37.5753388404844 38.8156259854631 40.0559131304419 41.2962002754209 42.5364874203996 43.7767745653784 45.0170617103573 46.0236842473346 46.3293129603066 46.6349416732787 46.9405703862507 47.2461990992227 47.5518278121947 47.8574565251667 48.1630852381387 49.4602599143979 51.0879499117529 52.715639909108 54.3433299064633 55.9710199038184 57.5987099011734 59.2263998985287 60.7547930081682 61.9852954546606 63.2157979011533 64.4463003476457 65.6768027941382
25.3896803802914 25.5403407255808 25.6910010708703 25.8416614161597 26.3582141399383 26.9967309898799 27.6352478398215 28.2737646897633 28.9122815397049 29.5507983896466 30.1893152395883 30.8752547740934 31.7034623622892 32.5316699504851 33.3598775386808 34.1880851268766 35.0162927150725 35.8445003032682 36.672707891464 37.8540820121763 39.153178310394 40.4522746086116 41.7513709068295 43.0504672050472 44.3495635032649 45.6486598014828 46.6813893847994 46.9150188234116 47.1486482620238 47.382277700636 47.6159071392482 47.8495365778604 48.0831660164726 48.3167954550848 49.6157795906064 51.2698819584313 52.9239843262561 54.5780866940813 56.2321890619062 57.8862914297311 59.5403937975562 61.0887612130904 62.3199237717519 63.5510863304136 64.782248889075 66.0134114477366
25.8387652715046 25.9641272862751 26.0894893010456 26.2148513158161 26.7261749744413 27.3661525143515 28.0061300542617 28.646107594172 29.2860851340821 29.9260626739923 30.5660402139026 31.25662390391 32.0990260442095 32.9414281845091 33.7838303248085 34.6262324651079 35.4686346054075 36.3110367457069 37.1534388860063 38.3495998064674 39.6636803203155 40.9777608341636 42.291841348012 43.6059218618601 44.9200023757083 46.2340828895566 47.2642907778421 47.4428807894388 47.6214708010355 47.8000608126322 47.9786508242288 48.1572408358255 48.3358308474222 48.5144208590189 49.799917666117 51.4543834050492 53.1088491439814 54.7633148829139 56.4177806218461 58.0722463607783 59.7267120997108 61.2749800682065 62.5046547253923 63.7343293825783 64.9640040397641 66.1936786969499
26.920541445414 26.9611635208128 27.0017855962116 27.0424076716104 27.5178918361661 28.138330030441 28.7587682247159 29.3792064189909 29.9996446132657 30.6200828075406 31.2405210018156 31.9189200719195 32.7712017695105 33.6234834671018 34.4757651646929 35.328046862284 36.1803285598752 37.0326102574663 37.8848919550574 39.0618922233578 40.3471320152279 41.6323718070979 42.9176115989682 44.2028513908382 45.4880911827083 46.7733309745785 47.7723884264627 47.9128988583881 48.0534092903136 48.1939197222391 48.3344301541645 48.47494058609 48.6154510180155 48.7559614499409 50.0126741409299 51.6414542516069 53.2702343622838 54.8990144729611 56.5277945836381 58.1565746943151 59.7853548049924 61.3134495735166 62.5394883155819 63.7655270576475 64.9915657997128 66.2176045417782
28.0023176193236 27.9581997553506 27.9140818913776 27.8699640274047 28.309608697891 28.9105075465306 29.5114063951701 30.1123052438098 30.7132040924494 31.3141029410889 31.9150017897286 32.5812162399289 33.4433774948117 34.3055387496946 35.1677000045773 36.0298612594601 36.892022514343 37.7541837692258 38.6163450241085 39.7741846402483 41.0305837101403 42.2869827800322 43.5433818499244 44.7997809198164 46.0561799897084 47.3125790596005 48.2804860750833 48.3829169273376 48.4853477795918 48.587778631846 48.6902094841003 48.7926403363545 48.8950711886087 48.997502040863 50.2254306157427 51.8285250981645 53.4316195805863 55.0347140630083 56.6378085454301 58.2409030278519 59.843997510274 61.3519190788266 62.5743219057715 63.7967247327167 65.0191275596616 66.2415303866065
29.0840937932332 28.9552359898884 28.8263781865437 28.697520383199 29.1013255596159 29.6826850626202 30.2640445656244 30.8454040686288 31.426763571633 32.0081230746373 32.5894825776416 33.2435124079384 34.1155532201128 34.9875940322874 35.8596348444618 36.7316756566362 37.6037164688108 38.4757572809852 39.3477980931597 40.4864770571388 41.7140354050527 42.9415937529666 44.1691521008807 45.3967104487946 46.6242687967084 47.8518271446225 48.788583723704 48.852934996287 48.91728626887 48.981637541453 49.045988814036 49.110340086619 49.174691359202 49.239042631785 50.4381870905555 52.0155959447221 53.5930047988887 55.1704136530555 56.7478225072221 58.3252313613887 59.9026402155556 61.3903885841367 62.6091554959612 63.8279224077858 65.0466893196103 66.2654562314348
30.1658699671426 29.9522722244261 29.7386744817097 29.5250767389932 29.8930424213407 30.4548625787097 31.0166827360786 31.5785028934477 32.1403230508166 32.7021432081856 33.2639633655546 33.9058085759478 34.7877289454139 35.6696493148801 36.5515696843462 37.4334900538123 38.3154104232785 39.1973307927446 40.0792511622107 41.1987694740292 42.397487099965 43.5962047259008 44.7949223518368 45.9936399777727 47.1923576037085 48.3910752296445 49.2966813723245 49.3229530652363 49.3492247581481 49.3754964510599 49.4017681439717 49.4280398368835 49.4543115297953 49.4805832227071 50.6509435653683 52.2026667912797 53.7543900171911 55.3061132431027 56.8578364690141 58.4095596949255 59.9612829208371 61.4288580894467 62.6439890861508 63.859120082855 65.074251079559 66.2893820762631
31.2476461410522 30.9493084589639 30.6509707768758 30.3526330947876 30.6847592830656 31.2270400947992 31.7693209065329 32.3116017182666 32.8538825300003 33.3961633417339 33.9384441534676 34.5681047439572 35.459904670715 36.3517045974729 37.2435045242307 38.1353044509884 39.0271043777463 39.9189043045041 40.8107042312618 41.9110618909197 43.0809387948774 44.2508156988352 45.4206926027931 46.5905695067508 47.7604464107086 48.9303233146665 49.8047790209452 49.7929711341857 49.7811632474263 49.7693553606669 49.7575474739074 49.745739587148 49.7339317003886 49.7221238136291 50.8637000401812 52.3897376378374 53.9157752354935 55.44181283315 56.9678504308061 58.4938880284623 60.0199256261187 61.4673275947568 62.6788226763404 63.8903177579242 65.1018128395078 66.3133079210914
32.7105972448984 32.2765056133269 31.8424139817555 31.4083223501841 31.6687631130216 32.1607146739957 32.6526662349698 33.144617795944 33.6365693569181 34.1285209178922 34.6204724788664 35.2134243965146 36.1093773841855 37.0053303718565 37.9012833595273 38.7972363471982 39.6931893348692 40.58914232254 41.4850953102109 42.5648555755613 43.7058849334714 44.8469142913815 45.9879436492917 47.1289730072018 48.2700023651119 49.4110317230222 50.2562978638543 50.2142743534512 50.1722508430481 50.130227332645 50.0882038222419 50.0461803118388 50.0041568014357 49.9621332910326 51.068710295359 52.5581541379289 54.0475979804988 55.537041823069 57.0264856656389 58.5159295082088 60.005373350779 61.4217924329967 62.6191372341577 63.8164820353188 65.0138268364798 66.2111716376407
34.5547232786813 33.9338636875151 33.313004096349 32.6921445051829 32.8450539112088 33.2558863162992 33.6667187213895 34.0775511264799 34.4883835315702 34.8992159366605 35.3100483417509 35.8417675336199 36.7361470858252 37.6305266380307 38.5249061902361 39.4192857424415 40.313665294647 41.2080448468523 42.1024243990577 43.1601505279538 44.2723255157467 45.3845005035396 46.4966754913327 47.6088504791256 48.7210254669186 49.8332004547117 50.6512379010518 50.5868627230326 50.5224875450134 50.4581123669942 50.393737188975 50.3293620109558 50.2649868329366 50.2006116549174 51.2659743309018 52.7079162915544 54.149858252207 55.5918002128599 57.0337421735125 58.475684134165 59.9176260948179 61.2922526041664 62.4649327596026 63.6376129150389 64.810293070475 65.9829732259112
36.3988493124644 35.5912217617034 34.7835942109426 33.9759666601817 34.0213447093961 34.3510579586027 34.6807712078092 35.0104844570158 35.3401977062223 35.6699109554289 35.9996242046355 36.4701106707252 37.3629167874651 38.2557229042051 39.1485290209449 40.0413351376848 40.9341412544248 41.8269473711647 42.7197534879045 43.7554454803464 44.8387660980221 45.9220867156979 47.0054073333738 48.0887279510495 49.1720485687252 50.2553691864011 51.0461779382493 50.959451092614 50.8727242469787 50.7859974013434 50.6992705557081 50.6125437100728 50.5258168644375 50.4390900188022 51.4632383664446 52.8576784451799 54.2521185239152 55.6465586026507 57.040998681386 58.4354387601213 59.8298788388568 61.1627127753361 62.3107282850474 63.458743794759 64.6067593044703 65.7547748141816
38.2429753462474 37.2485798358917 36.2541843255362 35.2597888151806 35.1976355075834 35.4462296009062 35.6948236942289 35.9434177875517 36.1920118808745 36.4406059741972 36.68920006752 37.0984538078305 37.9896864891049 38.8809191703794 39.7721518516538 40.6633845329281 41.5546172142027 42.445849895477 43.3370825767514 44.350740432739 45.4052066802975 46.4596729278561 47.5141391754148 48.5686054229733 49.6230716705319 50.6775379180906 51.4411179754469 51.3320394621955 51.2229609489441 51.1138824356927 51.0048039224413 50.8957254091898 50.7866468959384 50.677568382687 51.6605024019875 53.0074405988054 54.3543787956234 55.7013169924416 57.0482551892595 58.3951933860775 59.7421315828957 61.0331729465059 62.1565238104923 63.279874674479 64.4032255384655 65.526576402452
40.0871013800303 38.9059379100799 37.7247744401296 36.5436109701794 36.3739263057706 36.5414012432096 36.7088761806486 36.8763511180876 37.0438260555266 37.2113009929655 37.3787759304045 37.7267969449358 38.6164561907447 39.5061154365537 40.3957746823626 41.2854339281714 42.1750931739805 43.0647524197893 43.9544116655982 44.9460353851316 45.9716472625729 46.9972591400143 48.0228710174558 49.0484828948971 50.0740947723385 51.09970664978 51.8360580126444 51.7046278317769 51.5731976509094 51.4417674700419 51.3103372891744 51.1789071083069 51.0474769274394 50.9160467465719 51.8577664375303 53.1572027524309 54.4566390673316 55.7560753822324 57.0555116971331 58.3549480120337 59.6543843269346 60.9036331176756 62.0023193359372 63.1010055541991 64.1996917724607 65.2983779907224
41.9312274138134 40.5632959842682 39.1953645547232 37.8274331251782 37.550217103958 37.6365728855131 37.7229286670683 37.8092844486235 37.8956402301787 37.9819960117339 38.0683517932891 38.3551400820411 39.2432258923845 40.131311702728 41.0193975130714 41.9074833234148 42.7955691337583 43.6836549441017 44.571740754445 45.5413303375242 46.5380878448483 47.5348453521725 48.5316028594968 49.528360366821 50.5251178741452 51.5218753814695 52.230998049842 52.0772162013584 51.9234343528747 51.7696525043911 51.6158706559075 51.4620888074239 51.3083069589403 51.1545251104567 52.0550304730731 53.3069649060564 54.5588993390398 55.8108337720233 57.0627682050066 58.31470263799 59.5666370709735 60.7740932888453 61.8481148613821 62.9221364339191 63.996158006456 65.0701795789928
43.3583228747053 41.8119678179425 40.2656127611799 38.7192577044173 38.3690694173176 38.4176033867729 38.4661373562282 38.5146713256835 38.5632052951388 38.6117392645941 38.6602732340494 38.9340409278867 39.8835097948707 40.8329786618548 41.7824475288388 42.7319163958228 43.6813852628069 44.6308541297909 45.5803229967749 46.5440108299252 47.5124383184641 48.480865807003 49.4492932955421 50.417720784081 51.3861482726199 52.354575761159 53.0396839883591 52.8748344315422 52.7099848747252 52.5451353179083 52.3802857610913 52.2154362042744 52.0505866474574 51.8857370906405 52.7215056419369 53.8908135626047 55.0601214832725 56.2294294039406 57.3987373246084 58.5680452452762 59.7373531659442 60.8702493031817 61.8939100901283 62.917570877075 63.9412316640216 64.9648924509681
44.3683877627058 42.6519534111024 40.9355190594994 39.2190847078963 38.8304832458495 38.8844927469888 38.9385022481282 38.9925117492675 39.0465212504068 39.1005307515461 39.1545402526855 39.4634994824724 40.5373078982031 41.611116313934 42.6849247296647 43.7587331453954 44.8325415611263 45.906349976857 46.9801583925877 47.9540768623348 48.8946986834204 49.8353205045059 50.7759423255917 51.7165641466772 52.6571859677628 53.5978077888485 54.262115828196 54.0974825223285 53.932849216461 53.7682159105935 53.603582604726 53.4389492988585 53.274315992991 53.1096826871235 53.8571919441219 54.908748722076 55.9603055000301 57.0118622779843 58.0634190559384 59.1149758338924 60.1665326118467 61.192101160685 62.1397050221758 63.0873088836668 64.0349127451576 64.9825166066485
