data/working_set_collections/6091692-Cassins_Sparrow-MC/1990/bio12.asc
NCOLS 265 
NROWS 230 
XLLCORNER -115.5625 
YLLCORNER 24.8333333333333 
CELLSIZE 0.0833333333333333 
NODATA_value -9999 
[rows 60 to 79 of 230, columns 184 to 229 of 265]
626.027226257324 632.802594502766 639.577962748208 646.94079538981 654.499449496798 662.058103603785 669.616757710774 677.175411817761 684.734065924749 692.292720031737 700.281191847058 709.559116787379 718.837041727701 728.114966668021 737.392891608342 746.670816548664 755.948741488985 765.226666429306 769.619250488281 772.383387586805 775.14752468533 777.911661783854 780.675798882379 783.439935980903 786.204073079427 789.898971388074 796.386153327093 802.873335266113 809.360517205132 815.84769914415 822.33488108317 828.822063022189 835.309244961207 841.967051696777 848.681733364528 855.39641503228 862.111096700032 868.825778367783 875.540460035535 882.255141703287 889.029351806639 895.982147216795 902.934942626952 909.887738037108 916.840533447264 923.793328857421
621.468055725097 628.322252909342 635.176450093586 642.595054626464 650.201794942219 657.808535257974 665.41527557373 673.022015889485 680.628756205239 688.235496520996 696.246875508625 705.47217051188 714.697465515136 723.92276051839 733.148055521645 742.373350524902 751.598645528156 760.823940531411 764.935046386719 767.341422526042 769.747798665365 772.154174804688 774.560550944011 776.966927083334 779.373303222657 782.846942647298 789.522371927896 796.197801208496 802.873230489095 809.548659769693 816.224089050293 822.899518330891 829.57494761149 836.540083312988 843.601787821451 850.663492329914 857.725196838378 864.786901346841 871.848605855305 878.910310363769 886.057696533202 893.462127685545 900.86655883789 908.270989990233 915.675421142576 923.079852294921
616.908885192871 623.841911315917 630.774937438964 638.249313863118 645.90414038764 653.558966912162 661.213793436686 668.868619961208 676.52344648573 684.178273010253 692.212559170192 701.38522423638 710.557889302571 719.730554368759 728.903219434948 738.075884501138 747.248549567327 756.421214633516 760.250842285157 762.299457465278 764.3480726454 766.396687825521 768.445303005643 770.493918185764 772.542533365886 775.794913906521 782.658590528699 789.522267150879 796.385943773057 803.249620395236 810.113297017415 816.976973639594 823.840650261772 831.113114929199 838.521842278374 845.930569627548 853.339296976725 860.7480243259 868.156751675074 875.56547902425 883.086041259764 890.942108154295 898.798175048827 906.654241943358 914.510308837888 922.366375732421
612.349714660644 619.361569722492 626.373424784341 633.903573099771 641.606485833061 649.30939856635 657.012311299641 664.715224032931 672.41813676622 680.121049499511 688.178242831758 697.298277960881 706.418313090005 715.538348219128 724.658383348251 733.778418477375 742.898453606498 752.018488735621 755.566638183594 757.257492404514 758.948346625434 760.639200846354 762.330055067275 764.020909288195 765.711763509115 768.742885165744 775.794809129502 782.846733093261 789.89865705702 796.950581020778 804.002504984537 811.054428948295 818.106352912054 825.686146545409 833.441896735296 841.197646925183 848.953397115071 856.709147304957 864.464897494844 872.220647684732 880.114385986327 888.422088623045 896.729791259764 905.037493896483 913.345196533201 921.652899169921
607.790544128418 614.881228129068 621.971912129719 629.557832336425 637.308831278482 645.059830220539 652.810829162597 660.561828104654 668.312827046711 676.063825988769 684.143926493326 693.211331685382 702.278736877441 711.346142069497 720.413547261554 729.480952453613 738.548357645669 747.615762837726 750.882434082032 752.215527343751 753.548620605469 754.881713867188 756.214807128907 757.547900390626 758.880993652345 761.690856424967 768.931027730305 776.171199035644 783.411370340982 790.65154164632 797.89171295166 805.131884256998 812.372055562336 820.25917816162 828.361951192219 836.464724222817 844.567497253417 852.670270284016 860.773043314614 868.875816345214 877.142730712889 885.902069091795 894.661407470702 903.420745849608 912.180084228513 920.93942260742
603.231373596191 610.400886535644 617.570399475096 625.212091573079 633.011176723903 640.810261874727 648.609347025553 656.408432176377 664.207517327201 672.006602478027 680.109610154892 689.124385409883 698.139160664875 707.153935919866 716.168711174857 725.183486429849 734.19826168484 743.213036939831 746.198229980469 747.173562282986 748.148894585504 749.124226888021 750.099559190539 751.074891493056 752.050223795574 754.63882768419 762.067246331108 769.495664978027 776.924083624945 784.352502271863 791.780920918782 799.2093395657 806.637758212618 814.832209777831 823.282005649142 831.731801520452 840.181597391763 848.631393263074 857.081189134384 865.530985005696 874.171075439452 883.382049560545 892.593023681639 901.803997802733 911.014971923826 920.22594604492
598.3095316569 605.543582492403 612.777633327907 620.518709309895 628.428793674044 636.338878038193 644.248962402343 652.159046766492 660.06913113064 667.979215494791 676.132534620495 685.015558030868 693.898581441242 702.781604851615 711.664628261988 720.547651672362 729.430675082735 738.313698493108 741.117013549805 741.893759155274 742.670504760743 743.447250366211 744.22399597168 745.000741577149 745.777487182618 748.202104695637 755.570337931314 762.938571166992 770.306804402668 777.675037638345 785.043270874023 792.4115041097 799.779737345376 808.274796549479 817.145464409721 826.016132269964 834.886800130208 843.75746799045 852.628135850693 861.498803710936 870.632232666014 880.553944905596 890.475657145181 900.397369384763 910.319081624346 920.24079386393
593.025018310547 600.309315999348 607.59361368815 615.477685546875 623.561682128905 631.645678710936 639.729675292968 647.813671874999 655.89766845703 663.981665039062 672.212699890135 680.884849548338 689.556999206542 698.229148864745 706.901298522948 715.573448181152 724.245597839354 732.917747497557 735.63878479004 736.376117960613 737.113451131186 737.850784301759 738.588117472332 739.325450642904 740.062783813477 742.380687459309 749.440302530924 756.499917602539 763.559532674153 770.619147745767 777.678762817383 784.738377888997 791.797992960611 800.586938476562 809.952327473957 819.317716471353 828.68310546875 838.048494466145 847.41388346354 856.779272460937 866.526202392576 877.417755126951 888.309307861327 899.200860595701 910.092413330075 920.983966064451
587.740504964192 595.075049506293 602.409594048393 610.436661783854 618.694570583766 626.952479383679 635.210388183593 643.468296983506 651.726205783418 659.984114583332 668.292865159775 676.754141065808 685.215416971842 693.676692877874 702.137968783907 710.599244689941 719.060520595973 727.521796502006 730.160556030274 730.858476765951 731.556397501628 732.254318237305 732.952238972983 733.650159708659 734.348080444337 736.559270222981 743.310267130533 750.061264038086 756.812260945637 763.563257853189 770.314254760742 777.065251668294 783.816248575846 792.899080403645 802.759190538193 812.619300672741 822.479410807291 832.339520941839 842.199631076387 852.059741210937 862.420172119139 874.281565348304 886.142958577472 898.004351806638 909.865745035804 921.727138264972
582.455991617838 589.840783013237 597.225574408636 605.395638020833 613.827459038627 622.259280056422 630.691101074218 639.122922092012 647.554743109807 655.986564127603 664.373030429415 672.623432583277 680.873834737141 689.124236891003 697.374639044866 705.62504119873 713.875443352592 722.125845506454 724.682327270508 725.34083557129 725.999343872071 726.657852172852 727.316360473633 727.974868774415 728.633377075196 730.737852986653 737.180231730142 743.622610473633 750.064989217122 756.507367960611 762.949746704101 769.392125447591 775.83450419108 785.211222330728 795.566053602429 805.92088487413 816.275716145832 826.630547417533 836.985378689234 847.340209960936 858.314141845701 871.145375569658 883.976609293618 896.807843017575 909.639076741533 922.470310465493
577.171478271484 584.606516520181 592.041554768879 600.354614257812 608.960347493488 617.566080729165 626.171813964843 634.77754720052 643.383280436196 651.989013671874 660.453195699055 668.492724100747 676.532252502441 684.571780904133 692.611309305825 700.650837707519 708.690366109211 716.729894510903 719.204098510743 719.823194376629 720.442290242514 721.061386108399 721.680481974285 722.29957784017 722.918673706056 724.916435750325 731.050196329752 737.18395690918 743.317717488607 749.451478068033 755.585238647461 761.718999226888 767.852759806315 777.523364257812 788.372916666665 799.222469075519 810.072021484374 820.921573893228 831.771126302081 842.620678710937 854.208111572263 868.009185791012 881.810260009764 895.611334228513 909.412408447262 923.213482666013
571.88696492513 579.372250027126 586.857535129122 595.313590494791 604.093235948349 612.872881401908 621.652526855468 630.432172309026 639.211817762585 647.991463216145 656.533360968695 664.362015618217 672.19067026774 680.019324917262 687.847979566784 695.676634216308 703.50528886583 711.333943515352 713.725869750977 714.305553181967 714.885236612956 715.464920043946 716.044603474936 716.624286905925 717.203970336915 719.095018513997 724.920160929361 730.745303344727 736.570445760091 742.395588175455 748.22073059082 754.045873006185 759.871015421549 769.835506184895 781.179779730901 792.524053276907 803.868326822916 815.212600368922 826.556873914928 837.901147460936 850.102081298826 864.872996012366 879.643910725909 894.41482543945 909.185740152991 923.956654866534
567.131365203857 574.592383066812 582.053400929767 590.65611368815 599.639391411674 608.622669135198 617.605946858723 626.589224582247 635.57250230577 644.555780029296 653.256073167587 661.107412550182 668.958751932779 676.810091315374 684.661430697969 692.512770080565 700.36410946316 708.215448845755 710.59908396403 711.160150994195 711.72121802436 712.282285054525 712.84335208469 713.404419114855 713.96548614502 715.804718865287 721.478448655869 727.152178446451 732.825908237032 738.499638027613 744.173367818196 749.847097608777 755.520827399358 765.722439575193 777.433345879446 789.144252183699 800.855158487954 812.566064792206 824.276971096459 835.987877400714 848.676182386607 864.296683417421 879.917184448239 895.537685479054 911.158186509869 926.778687540687
562.904679107666 570.26691563924 577.629152170816 586.38218383789 595.598813883462 604.815443929034 614.032073974608 623.248704020181 632.465334065753 641.681964111327 650.621332295734 658.728914896645 666.836497497558 674.944080098468 683.05166269938 691.159245300292 699.266827901203 707.374410502114 709.823741149902 710.386987813314 710.950234476725 711.513481140137 712.076727803548 712.63997446696 713.203221130371 715.045536804198 720.725059509276 726.404582214355 732.084104919433 737.76362762451 743.443150329589 749.122673034667 754.802195739745 765.184164428709 777.133615112302 789.083065795895 801.03251647949 812.981967163083 824.931417846676 836.880868530271 849.930414835608 866.28024800618 882.630081176755 898.979914347326 915.329747517898 931.679580688473
558.677993011474 565.941448211669 573.204903411864 582.108253987629 591.55823635525 601.008218722871 610.458201090494 619.908183458115 629.358165825736 638.808148193358 647.986591423881 656.350417243108 664.714243062336 673.078068881563 681.44189470079 689.805720520018 698.169546339245 706.533372158472 709.048398335775 709.613824632433 710.179250929091 710.744677225749 711.310103522407 711.875529819065 712.440956115723 714.286354743109 719.971670362683 725.656985982258 731.342301601833 737.027617221407 742.712932840982 748.398248460557 754.083564080131 764.645889282225 776.833884345158 789.021879408091 801.209874471027 813.39786953396 825.585864596893 837.773859659829 851.18464728461 868.263812594938 885.34297790527 902.422143215599 919.501308525928 936.58047383626
554.451306915282 561.615980784097 568.780654652912 577.834324137369 587.517658827038 597.200993516708 606.884328206379 616.567662896049 626.250997585718 635.934332275389 645.351850552027 653.97191958957 662.591988627115 671.212057664658 679.8321267022 688.452195739745 697.072264777288 705.692333814831 708.273055521647 708.840661451552 709.408267381456 709.975873311361 710.543479241265 711.11108517117 711.678691101074 713.527172682019 719.21828121609 724.909389750162 730.600498284233 736.291606818304 741.982715352375 747.673823886446 753.364932420517 764.10761413574 776.534153578014 788.960693020287 801.387232462563 813.813771904837 826.24031134711 838.666850789386 852.438879733611 870.247377183697 888.055874633786 905.864372083871 923.672869533957 941.481366984046
550.224620819091 557.290513356526 564.35640589396 573.560394287108 583.477081298827 593.393768310545 603.310455322265 613.227142333983 623.143829345701 633.060516357421 642.717109680174 651.593421936033 660.469734191893 669.346046447752 678.222358703611 687.098670959471 695.97498321533 704.851295471189 707.49771270752 708.067498270671 708.637283833822 709.207069396973 709.776854960124 710.346640523275 710.916426086426 712.76799062093 718.464892069497 724.161793518066 729.858694966633 735.5555964152 741.252497863769 746.949399312336 752.646300760903 763.569338989256 776.23442281087 788.899506632483 801.564590454099 814.229674275713 826.894758097327 839.559841918943 853.693112182613 872.230941772455 890.768771362301 909.306600952144 927.844430541986 946.382260131832
545.9979347229 552.965045928954 559.932157135008 569.286464436848 579.436503770615 589.586543104381 599.73658243815 609.886621771917 620.036661105683 630.186700439452 640.082368808321 649.214924282496 658.347479756672 667.480035230847 676.612590705022 685.745146179198 694.877701653373 704.010257127547 706.722369893392 707.29433508979 707.866300286187 708.438265482585 709.010230678982 709.58219587538 710.154161071777 712.00880855984 717.711502922904 723.414197285969 729.116891649033 734.819586012097 740.522280375162 746.224974738226 751.92766910129 763.031063842771 775.934692043725 788.83832024468 801.741948445636 814.64557664659 827.549204847544 840.4528330485 854.947344631614 874.214506361214 893.481668090816 912.748829820416 932.015991550016 951.283153279618
542.509077707926 549.24790657891 555.986735449895 565.525770568846 575.998207770451 586.470644972057 596.943082173664 607.415519375269 617.887956576874 628.360393778481 638.635542466903 648.318825615774 658.002108764647 667.685391913517 677.368675062388 687.051958211261 696.735241360132 706.418524509003 709.121697998046 709.498168267143 709.874638536241 710.251108805338 710.627579074435 711.004049343532 711.38051961263 713.169688415526 719.196952819822 725.22421722412 731.251481628416 737.278746032713 743.30601043701 749.333274841306 755.360539245603 766.745392862953 779.91610955132 793.086826239687 806.257542928057 819.428259616424 832.598976304791 845.769692993161 860.529522026904 880.056688096781 899.583854166662 919.11102023654 938.638186306417 958.165352376298
539.758049774169 546.139095306396 552.520140838622 562.278312683104 573.162193298338 584.046073913571 594.929954528807 605.813835144041 616.697715759274 627.58159637451 638.376630655922 648.905125935869 659.433621215818 669.962116495765 680.490611775713 691.019107055662 701.547602335609 712.076097615556 714.695697021484 714.678997802734 714.662298583984 714.645599365234 714.628900146484 714.612200927734 714.595501708984 716.250630187986 722.921241760252 729.591853332518 736.262464904783 742.933076477048 749.603688049314 756.274299621579 762.944911193845 774.712326049801 788.178675333654 801.645024617508 815.111373901363 828.577723185217 842.04407246907 855.510421752926 870.439644368484 889.75748697916 909.075329589839 928.393172200515 947.711014811191 967.02885742187
