data/working_set_collections/6091692-Cassins_Sparrow-MC/1990/bio12.asc
NCOLS 265 
NROWS 230 
XLLCORNER -115.5625 
YLLCORNER 24.8333333333333 
CELLSIZE 0.0833333333333333 
NODATA_value -9999 
[rows 80 to 99 of 230, columns 92 to 137 of 265]
550.67690370348 557.569752078589 564.462600453697 571.355448828805 578.248297203914 584.97405878703 591.644124772815 598.314190758601 604.984256744385 611.65432273017 618.324388715957 624.994454701741 628.428946940106 622.156717936199 615.884488932293 609.612259928387 603.34003092448 597.067801920573 590.795572916667 584.52334391276 575.763341013591 566.174080149334 556.584819285075 546.995558420817 537.40629755656 527.817036692301 518.227775828044 510.502697245279 508.370165506998 506.237633768717 504.105102030435 501.972570292154 499.840038553873 497.707506815592 495.574975077311 493.166761779784 490.666654629177 488.16654747857 485.666440327962 483.166333177354 480.666226026747 478.166118876139 475.06548131307 470.163252512614 465.261023712158 460.358794911703
524.137261539037 532.229150305856 540.321039072674 548.412927839492 556.504816606311 565.183067067465 574.056771426731 582.930475785998 591.804180145264 600.677884504529 609.551588863797 618.425293223062 623.958406575523 619.469746907553 614.981087239584 610.492427571616 606.003767903646 601.515108235677 597.026448567709 592.537788899739 584.303983815512 574.821796925864 565.339610036214 555.857423146566 546.375236256918 536.893049367269 527.410862477621 519.710842386881 517.357322692871 515.00380299886 512.65028330485 510.29676361084 507.943243916829 505.589724222819 503.236204528808 500.756315612792 498.234303622775 495.712291632758 493.19027964274 490.668267652723 488.146255662706 485.624243672688 482.467376963298 477.405946095785 472.344515228272 467.283084360759
497.597619374596 506.888548533125 516.179477691653 525.470406850181 534.76133600871 545.392075347902 556.469418080648 567.546760813397 578.624103546143 589.701446278889 600.778789011638 611.856131744384 619.487866210939 616.782775878907 614.077685546876 611.372595214844 608.667504882812 605.962414550781 603.25732421875 600.552233886718 592.844626617432 583.469513702393 574.094400787353 564.719287872315 555.344174957276 545.969062042236 536.593949127197 528.918987528482 526.344479878743 523.769972229003 521.195464579263 518.620956929524 516.046449279784 513.471941630045 510.897433980305 508.3458694458 505.801952616373 503.258035786946 500.714118957519 498.170202128092 495.626285298665 493.082368469238 489.869272613525 484.648639678955 479.428006744384 474.207373809814
471.057977210152 481.547946760392 492.03791631063 502.527885860868 513.017855411108 525.601083628337 538.882064734564 552.163045840794 565.444026947021 578.725008053248 592.005989159478 605.286970265705 615.017325846355 614.095804850261 613.174283854167 612.252762858073 611.331241861979 610.409720865885 609.488199869791 608.566678873697 601.385269419353 592.117230478923 582.849191538493 573.581152598063 564.313113657634 555.045074717204 545.777035776774 538.127132670084 535.331637064615 532.536141459146 529.740645853678 526.945150248209 524.14965464274 521.354159037272 518.558663431803 515.935423278808 513.369601609971 510.803779941135 508.237958272298 505.672136603461 503.106314934624 500.540493265787 497.271168263753 491.891333262126 486.511498260498 481.131663258871
448.392887539334 459.046987745498 469.701087951661 480.355188157823 491.009288363988 504.548552703857 519.04953842163 533.550524139405 548.051509857178 562.55249557495 577.053481292725 591.554467010498 602.649979485408 603.529072231719 604.408164978029 605.28725772434 606.16635047065 607.045443216961 607.924535963271 608.803628709582 602.563648986819 593.950645107696 585.337641228571 576.724637349448 568.111633470325 559.498629591201 550.885625712078 543.700640360515 540.799710591635 537.898780822754 534.997851053874 532.096921284994 529.195991516114 526.295061747234 523.394131978353 520.671651967367 518.008655209012 515.345658450657 512.682661692302 510.019664933947 507.356668175592 504.693671417237 501.321173604331 495.820172627768 490.319171651205 484.818170674643
429.602350362143 439.385671488446 449.168992614748 458.95231374105 468.735634867353 482.234482574464 496.971839141846 511.70919570923 526.446552276612 541.183908843994 555.921265411379 570.658621978761 582.385827128095 585.082578023278 587.77932891846 590.476079813641 593.172830708824 595.869581604005 598.566332499187 601.26308339437 596.379765319827 588.969757588707 581.559749857586 574.149742126467 566.739734395347 559.329726664226 551.919718933107 545.639510599772 542.748700459799 539.857890319824 536.967080179851 534.076270039877 531.185459899903 528.294649759929 525.403839619955 522.554555511475 519.719113413493 516.883671315512 514.04822921753 511.212787119548 508.377345021566 505.541902923584 502.019288635255 496.43515777588 490.851026916505 485.26689605713
410.811813184951 419.724355231393 428.636897277833 437.549439324274 446.461981370716 459.920412445069 474.89413986206 489.867867279054 504.841594696045 519.815322113037 534.789049530031 549.762776947022 562.121674770781 566.636083814835 571.150492858888 575.664901902942 580.179310946996 584.693719991049 589.208129035102 593.722538079156 590.195881652834 583.988870069718 577.781858486601 571.574846903485 565.367835320368 559.160823737251 552.953812154135 547.57838083903 544.697690327963 541.816999816895 538.936309305827 536.05561879476 533.174928283692 530.294237772624 527.413547261557 524.437459055583 521.429571617975 518.421684180366 515.413796742757 512.405909305149 509.398021867541 506.390134429932 502.71740366618 497.050142923992 491.382882181804 485.715621439617
392.021276007759 400.063038974339 408.104801940919 416.146564907498 424.188327874079 437.606342315674 452.816440582274 468.026538848878 483.236637115478 498.446735382079 513.656833648682 528.866931915283 541.857522413467 548.189589606392 554.521656799317 560.853723992242 567.185791185168 573.517858378093 579.849925571017 586.181992763943 584.011997985841 579.007982550729 574.003967115615 568.999951680502 563.99593624539 558.991920810276 553.987905375163 549.517251078288 546.646680196127 543.776109313965 540.905538431804 538.034967549642 535.164396667481 532.293825785319 529.423254903158 526.320362599691 523.140029822456 519.959697045221 516.779364267985 513.59903149075 510.418698713515 507.23836593628 503.415518697104 497.665128072104 491.914737447104 486.164346822104
373.230738830568 380.401722717288 387.572706604006 394.743690490725 401.914674377444 415.29227218628 430.73874130249 446.185210418703 461.631679534913 477.078148651123 492.524617767336 507.971086883546 521.593370056154 529.743095397951 537.892820739748 546.042546081544 554.192271423341 562.341996765137 570.491722106933 578.641447448731 577.828114318849 574.02709503174 570.22607574463 566.425056457521 562.624037170411 558.823017883301 555.021998596192 551.456121317546 548.595670064291 545.735218811035 542.87476755778 540.014316304525 537.15386505127 534.293413798015 531.43296254476 528.203266143799 524.850488026937 521.497709910076 518.144931793213 514.792153676352 511.43937555949 508.086597442627 504.113633728029 498.280113220216 492.446592712403 486.613072204591
354.440201653376 360.740406460234 367.040611267092 373.340816073949 379.641020880808 392.978202056885 408.661042022705 424.343881988527 440.026721954346 455.709561920165 471.392401885988 487.075241851807 501.32921769884 511.296601189509 521.263984680176 531.231368170844 541.198751661513 551.166135152181 561.133518642848 571.100902133518 571.644230651857 569.046207512751 566.448184373645 563.850161234539 561.252138095433 558.654114956326 556.05609181722 553.394991556804 550.544659932455 547.694328308106 544.843996683757 541.993665059408 539.143333435059 536.29300181071 533.442670186361 530.086169687907 526.560946231419 523.03572277493 519.510499318441 515.985275861953 512.460052405464 508.934828948975 504.811748758953 498.895098368328 492.978447977703 487.061797587078
344.068585120306 349.356827375624 354.64506963094 359.933311886257 365.221554141575 378.060360463459 393.4160214742 408.771682484944 424.127343495685 439.483004506427 454.838665517171 470.194326527912 484.52070727878 495.759247250027 506.997787221272 518.236327192517 529.474867163764 540.713407135009 551.951947106254 563.190487077501 564.88301900228 563.393548244901 561.904077487522 560.414606730144 558.925135972765 557.435665215387 555.946194458008 554.137727864584 551.372273763022 548.606819661459 545.841365559896 543.075911458334 540.310457356771 537.545003255209 534.779549153647 531.386503855388 527.784261491564 524.182019127741 520.579776763917 516.977534400093 513.375292036269 509.773049672445 505.532219865588 499.37562772963 493.21903559367 487.062443457711
342.115889231363 346.25098546346 350.386081695557 354.521177927653 358.65627415975 370.538747406005 385.003679656981 399.468611907959 413.933544158935 428.398476409911 442.863408660889 457.328340911865 471.167838795979 483.131033579509 495.094228363037 507.057423146565 519.020617930095 530.983812713623 542.94700749715 554.91020228068 557.544479370118 557.069117228191 556.593755086264 556.118392944337 555.64303080241 555.167668660482 554.692306518555 553.684330240886 551.07851155599 548.472692871094 545.866874186199 543.261055501303 540.655236816407 538.049418131511 535.443599446615 532.104268646241 528.520433807374 524.936598968507 521.352764129639 517.768929290772 514.185094451905 510.601259613038 506.275047047934 499.72170130412 493.168355560304 486.615009816489
340.16319334242 343.145143551297 346.127093760173 349.109043969048 352.090994177925 363.01713434855 376.59133783976 390.165541330973 403.739744822183 417.313948313394 430.888151804606 444.462355295817 457.814970313177 470.50281990899 483.190669504801 495.878519100612 508.566368696425 521.254218292236 533.942067888046 546.629917483859 550.205939737957 550.744686211481 551.283432685005 551.822179158529 552.360925632053 552.899672105578 553.438418579102 553.230932617188 550.784749348959 548.33856608073 545.8923828125 543.446199544272 541.000016276042 538.553833007813 536.107649739584 532.822033437094 529.256606123183 525.691178809273 522.125751495362 518.560324181451 514.994896867541 511.42946955363 507.01787423028 500.06777487861 493.117675526938 486.167576175267
338.210497453477 340.039301639133 341.868105824789 343.696910010444 345.5257141961 355.495521291096 368.17899602254 380.862470753987 393.545945485432 406.229420216877 418.912894948323 431.596369679768 444.462101830375 457.874606238471 471.287110646565 484.699615054659 498.112119462755 511.524623870848 524.937128278942 538.349632687038 542.867400105795 544.42025519477 545.973110283746 547.525965372722 549.078820461697 550.631675550673 552.184530639648 552.77753499349 550.490987141928 548.204439290365 545.917891438803 543.63134358724 541.344795735677 539.058247884115 536.771700032553 533.539798227946 529.992778438993 526.445758650039 522.898738861085 519.351719072131 515.804699283177 512.257679494223 507.760701412626 500.4138484531 493.066995493572 485.720142534046
336.257801564535 336.93345972697 337.609117889405 338.28477605184 338.960434214275 347.973908233642 359.766654205321 371.559400177002 383.352146148681 395.14489212036 406.937638092042 418.730384063721 431.109233347574 445.246392567953 459.38355178833 473.520711008706 487.657870229086 501.795029449462 515.932188669839 530.069347890218 535.528860473634 538.09582417806 540.662787882488 543.229751586914 545.796715291341 548.363678995768 550.930642700195 552.324137369792 550.197224934896 548.0703125 545.943400065105 543.816487630209 541.689575195313 539.562662760417 537.435750325521 534.257563018799 530.728950754802 527.200338490805 523.671726226807 520.14311396281 516.614501698813 513.085889434815 508.503528594972 500.75992202759 493.016315460206 485.272708892824
334.305105675592 333.827617814806 333.350129954021 332.872642093235 332.39515423245 340.452295176187 351.354312388101 362.256329600016 373.15834681193 384.060364023844 394.962381235759 405.864398447672 417.756364864772 432.618178897434 447.479992930094 462.341806962753 477.203620995415 492.065435028075 506.927249060735 521.789063093397 528.190320841472 531.77139316135 535.352465481229 538.933537801107 542.514610120985 546.095682440864 549.676754760742 551.870739746094 549.903462727865 547.936185709636 545.968908691407 544.001631673178 542.034354654948 540.067077636719 538.09980061849 534.975327809652 531.465123070612 527.954918331571 524.44471359253 520.934508853489 517.424304114449 513.914099375407 509.246355777318 501.10599560208 492.965635426841 484.825275251602
334.980128563775 333.681530676947 332.38293279012 331.084334903293 329.785737016466 336.896678161619 346.810798984102 356.724919806585 366.639040629068 376.55316145155 386.467282274034 396.381403096516 407.593758646644 422.700818379719 437.807878112791 452.914937845863 468.021997578938 483.12905731201 498.236117045082 513.343176778157 520.200724538168 524.308434973823 528.416145409479 532.523855845134 536.631566280789 540.739276716445 544.8469871521 547.468871307374 545.633276621502 543.79768193563 541.962087249757 540.126492563885 538.290897878012 536.45530319214 534.619708506268 531.566195424399 528.106709543866 524.647223663332 521.187737782798 517.728251902264 514.26876602173 510.809280141196 506.246100531687 498.371839735246 490.497578938804 482.623318142363
338.282870229085 336.495198313395 334.707526397705 332.919854482015 331.132182566325 337.30705718994 346.136113993325 354.965170796712 363.794227600097 372.623284403482 381.452341206868 390.281398010253 400.621414693194 415.494311014811 430.367207336425 445.240103658038 460.112999979655 474.985896301268 489.858792622882 504.731688944499 511.560071563722 515.706949615479 519.853827667237 524.000705718995 528.147583770752 532.294461822511 536.441339874268 539.118532053631 537.386666615806 535.65480117798 533.922935740155 532.191070302329 530.459204864504 528.727339426678 526.995473988853 524.030165863039 520.653710174563 517.277254486086 513.900798797609 510.524343109133 507.147887420657 503.77143173218 499.502762858076 492.557454427086 485.612145996096 478.666837565106
341.585611894396 339.308865949842 337.03212000529 334.755374060737 332.478628116184 337.71743621826 345.461429002548 353.205421786838 360.949414571125 368.693407355413 376.437400139703 384.18139292399 393.649070739744 408.287803649902 422.926536560057 437.565269470213 452.204002380371 466.842735290526 481.481468200681 496.120201110839 502.919418589275 507.105464257135 511.291509924995 515.477555592855 519.663601260715 523.849646928576 528.035692596436 530.768192799888 529.140056610109 527.51192042033 525.883784230552 524.255648040773 522.627511850994 520.999375661216 519.371239471437 516.494136301678 513.200710805259 509.90728530884 506.61385981242 503.320434316001 500.027008819582 496.733583323162 492.759425184464 486.743069118926 480.726713053387 474.710356987849
344.888353559706 342.12253358629 339.356713612875 336.590893639459 333.825073666043 338.127815246581 344.786744011772 351.445672776963 358.104601542154 364.763530307345 371.422459072537 378.081387837727 386.676726786293 401.081296284993 415.48586578369 429.890435282387 444.295004781087 458.699574279784 473.104143778481 487.50871327718 494.278765614828 498.50397889879 502.729192182753 506.954405466716 511.179618750678 515.404832034641 519.630045318604 522.417853546144 520.893446604412 519.36903966268 517.844632720949 516.320225779217 514.795818837485 513.271411895753 511.747004954021 508.958106740317 505.747711435955 502.537316131594 499.326920827231 496.116525522869 492.906130218508 489.695734914145 486.016087510853 480.928683810766 475.841280110679 470.753876410592
