data/working_set_collections/6091692-Cassins_Sparrow-MC/1990/bio17.asc
NCOLS 265 
NROWS 230 
XLLCORNER -115.5625 
YLLCORNER 24.8333333333333 
CELLSIZE 0.0833333333333333 
NODATA_value -9999 
[rows 20 to 39 of 230, columns 0 to 45 of 265]
36.6607219378151 36.6820978482561 36.7034737586972 36.7248496691383 36.7462255795794 36.7676014900205 36.7889774004616 37.3891937573747 38.1823569297787 38.9755201021827 39.7686832745867 40.5618464469906 41.3550096193947 42.1481727917986 42.9246195263329 43.6509169472586 44.3772143681841 45.1035117891097 45.8298092100353 46.5561066309608 47.2824040518864 48.008701472812 48.5752528190611 49.0885554737512 49.6018581284415 50.1151607831317 50.6284634378219 51.1417660925122 51.6550687472024 52.4061639891726 53.8706369929841 55.3351099967954 56.7995830006066 58.2640560044181 59.7285290082293 61.1930020120406 62.6574750158521 64.268015416463 65.9272449493405 67.5864744822183 69.2457040150959 70.9049335479734 72.5641630808512 74.2233926137287 75.7029232660929 76.6433572769166
38.6729973157245 38.6012078920998 38.5294184684751 38.4576290448505 38.3858396212258 38.3140501976012 38.2422607739765 38.7932376543678 39.5518033027646 40.3103689511615 41.0689345995582 41.827500247955 42.5860658963519 43.3446315447487 44.0876106474132 44.7838301128809 45.4800495783486 46.1762690438162 46.8724885092839 47.5687079747516 48.2649274402192 48.9611469056869 49.4910233497618 49.965452120039 50.4398808903163 50.9143096605935 51.3887384308707 51.863167201148 52.3375959714252 53.0230539215932 54.3415994114344 55.6601449012754 56.9786903911164 58.2972358809576 59.6157813707985 60.9343268606395 62.2528723504807 63.7436590830483 65.2918595631915 66.8400600433349 68.388260523478 69.9364610036212 71.4846614837646 73.0328619639077 74.4445811589558 75.4468564987183
40.6852726936337 40.5203179359433 40.3553631782529 40.1904084205625 40.0254536628721 39.8604989051817 39.6955441474912 40.1972815513607 40.9212496757503 41.6452178001401 42.3691859245297 43.0931540489193 43.817122173309 44.5410902976987 45.2506017684933 45.9167432785031 46.5828847885129 47.2490262985226 47.9151678085325 48.5813093185422 49.2474508285519 49.9135923385618 50.4067938804624 50.8423487663267 51.277903652191 51.7134585380552 52.1490134239194 52.5845683097838 53.020123195648 53.6399438540137 54.8125618298846 55.9851798057554 57.1577977816261 58.330415757497 59.5030337333677 60.6756517092385 61.8482696851094 63.2193027496336 64.6564741770424 66.0936456044515 67.5308170318603 68.967988459269 70.4051598866781 71.8423313140869 73.1862390518188 74.2503557205201
42.6975480715431 42.439427979787 42.1813078880308 41.9231877962746 41.6650677045184 41.4069476127623 41.1488275210061 41.6013254483538 42.2906960487362 42.9800666491188 43.6694372495013 44.3588078498837 45.0481784502663 45.7375490506487 46.4135928895735 47.0496564441255 47.6857199986773 48.3217835532291 48.9578471077811 49.5939106623329 50.2299742168847 50.8660377714367 51.3225644111631 51.7192454126144 52.1159264140657 52.512607415517 52.9092884169683 53.3059694184196 53.7026504198709 54.2568337864343 55.2835242483349 56.3102147102354 57.3369051721358 58.3635956340365 59.3902860959369 60.4169765578374 61.443667019738 62.6949464162189 64.0210887908933 65.347231165568 66.6733735402424 67.9995159149168 69.3256582895915 70.6518006642659 71.9278969446817 73.0538549423218
43.5765422715082 43.2583492596945 42.9401562478808 42.6219632360671 42.3037702242534 41.9855772124398 41.667384200626 42.0747091929117 42.7238735198974 43.3730378468831 44.0222021738688 44.6713665008544 45.3205308278402 45.9696951548258 46.6039732403225 47.1935926013523 47.783211962382 48.3728313234117 48.9624506844415 49.5520700454712 50.1416894065009 50.7313087675307 51.1392282485963 51.4865811030071 51.8339339574179 52.1812868118287 52.5286396662395 52.8759925206504 53.2233453750612 53.7263844066196 54.6964819696215 55.6665795326233 56.6366770956251 57.606774658627 58.5768722216288 59.5469697846306 60.5170673476326 61.7790343920389 63.1382912635801 64.4975481351216 65.8568050066629 67.2160618782041 68.5753187497456 69.9345756212868 71.2452624215018 72.4102390077378
43.3222552935283 42.9770817756654 42.6319082578025 42.2867347399395 41.9415612220765 41.5963877042136 41.2512141863506 41.6174327850342 42.2207820892334 42.8241313934326 43.4274806976318 44.030830001831 44.6341793060303 45.2375286102295 45.8217428207398 46.3485517501832 46.8753606796265 47.4021696090699 47.9289785385133 48.4557874679566 48.9825963974 49.5094053268434 49.8567853927614 50.1443558375042 50.4319262822471 50.7194967269899 51.0070671717328 51.2946376164757 51.5822080612185 52.0485957145691 53.0514349937441 54.0542742729188 55.0571135520935 56.0599528312685 57.0627921104432 58.0656313896179 59.0684706687929 60.4715666770935 62.0080815951028 63.5445965131124 65.0811114311217 66.617626349131 68.1541412671406 69.6906561851499 71.1383354822792 72.3195079167683
43.0679683155484 42.6958142916363 42.3236602677241 41.9515062438118 41.5793522198996 41.2071981959874 40.8350441720752 41.1601563771565 41.7176906585693 42.2752249399821 42.8327592213948 43.3902935028076 43.9478277842204 44.5053620656331 45.039512401157 45.503510899014 45.967509396871 46.431507894728 46.895506392585 47.359504890442 47.8235033882989 48.287501886156 48.5743425369264 48.8021305720013 49.0299186070762 49.257706642151 49.4854946772259 49.7132827123008 49.9410707473757 50.3708070225186 51.4063880178665 52.4419690132142 53.4775500085619 54.5131310039097 55.5487119992574 56.5842929946051 57.619873989953 59.1640989621479 60.8778719266253 62.591644891103 64.3054178555805 66.0191908200579 67.7329637845356 69.446736749013 71.0314085430566 72.2287768257988
42.8136813375686 42.4145468076071 42.0154122776457 41.6162777476841 41.2171432177227 40.8180086877612 40.4188741577997 40.7028799692789 41.2145992279052 41.7263184865316 42.2380377451579 42.7497570037841 43.2614762624105 43.7731955210368 44.2572819815742 44.6584700478448 45.0596581141154 45.460846180386 45.8620342466567 46.2632223129273 46.6644103791979 47.0655984454686 47.2918996810914 47.4599053064983 47.6279109319052 47.7959165573122 47.963922182719 48.131927808126 48.2999334335329 48.693018330468 49.7613410419889 50.8296637535095 51.8979864650302 52.966309176551 54.0346318880717 55.1029545995923 56.1712773111132 57.8566312472024 59.7476622581479 61.6386932690937 63.5297242800392 65.4207552909847 67.3117863019306 69.2028173128761 70.9244816038341 72.1380457348292
42.5593943595887 42.133279323578 41.7071642875673 41.2810492515565 40.8549342155458 40.4288191795351 40.0027041435243 40.2456035614014 40.7115077972412 41.1774120330811 41.6433162689209 42.1092205047607 42.5751247406006 43.0410289764405 43.4750515619914 43.8134291966757 44.15180683136 44.4901844660442 44.8285621007285 45.1669397354127 45.505317370097 45.8436950047813 46.0094568252565 46.1176800409955 46.2259032567344 46.3341264724734 46.4423496882123 46.5505729039513 46.6587961196902 47.0152296384176 48.1162940661114 49.217358493805 50.3184229214986 51.4194873491924 52.5205517768861 53.6216162045797 54.7226806322735 56.5491635322569 58.6174525896705 60.6857416470845 62.7540307044981 64.8223197619117 66.8906088193256 68.9588978767392 70.8175546646116 72.0473146438597
42.3051073816088 41.8520118395489 41.3989162974889 40.9458207554288 40.4927252133689 40.0396296713089 39.5865341292488 39.7883271535238 40.2084163665771 40.6285055796306 41.0485947926839 41.4686840057373 41.8887732187907 42.3088624318441 42.6928211424086 42.9683883455065 43.2439555486044 43.5195227517023 43.7950899548002 44.0706571578981 44.3462243609959 44.6217915640938 44.7270139694215 44.7754547754925 44.8238955815635 44.8723363876345 44.9207771937054 44.9692179997764 45.0176588058474 45.337440946367 46.4712470902338 47.6050532341004 48.738859377967 49.8726655218337 51.0064716657003 52.1402778095669 53.2740839534336 55.2416958173114 57.4872429211931 59.7327900250752 61.9783371289568 64.2238842328385 66.4694313367206 68.7149784406023 70.710627725389 71.9565835528902
41.8548239601984 41.3854958216351 40.9161676830717 40.4468395445083 39.977511405945 39.5081832673816 39.0388551288182 39.1883175214132 39.5440434243944 39.8997693273757 40.2554952303569 40.6112211333381 40.9669470363194 41.3226729393006 41.6417667282953 41.8509641753304 42.0601616223654 42.2693590694005 42.4785565164356 42.6877539634706 42.8969514105057 43.1061488575407 43.2111266136171 43.2813644727073 43.3516023317974 43.4218401908876 43.4920780499777 43.5623159090679 43.6325537681581 43.9929232491386 45.2236875957912 46.4544519424437 47.6852162890962 48.9159806357489 50.1467449824013 51.3775093290538 52.6082736757065 54.7069570541377 57.0949467764955 59.4829364988536 61.8709262212113 64.258915943569 66.6469056659271 69.0348953882848 71.1781210157602 72.587054358588
41.2085440953574 40.7337312698366 40.2589184443158 39.7841056187949 39.3092927932741 38.8344799677533 38.3596671422324 38.4455746650697 38.718388970693 38.9912032763164 39.2640175819398 39.5368318875632 39.8096461931866 40.08246049881 40.3218883196515 40.4611566861473 40.600425052643 40.7396934191388 40.8789617856346 41.0182301521304 41.1574985186262 41.296766885122 41.4617947578433 41.6354091326398 41.8090235074364 41.9826378822329 42.1562522570294 42.329866631826 42.5034810066225 42.9816765467324 44.373615582784 45.7655546188353 47.1574936548867 48.5494326909382 49.9413717269895 51.3333107630409 52.7252497990924 54.9449472427363 57.440564155578 59.93618106842 62.4317979812617 64.9274148941033 67.4230318069454 69.918648719787 72.2200345357253 73.9387270609534
40.5622642305164 40.0819667180381 39.6016692055598 39.1213716930815 38.6410741806032 38.1607766681249 37.6804791556466 37.7028318087261 37.8927345169916 38.0826372252571 38.2725399335227 38.4624426417882 38.6523453500537 38.8422480583192 39.0020099110075 39.071349196964 39.1406884829205 39.210027768877 39.2793670548335 39.34870634079 39.4180456267465 39.487384912703 39.7124629020693 39.9894537925722 40.2664446830751 40.543435573578 40.8204264640809 41.0974173545839 41.3744082450868 41.9704298443262 43.5235435697767 45.0766572952269 46.6297710206771 48.1828847461275 49.7359984715777 51.2891121970279 52.8422259224784 55.182937431335 57.7861815346605 60.3894256379866 62.9926697413121 65.5959138446377 68.1991579479637 70.8024020512893 73.2619480556906 75.2903997633188
39.9159843656753 39.4302021662396 38.9444199668038 38.458637767368 37.9728555679323 37.4870733684966 37.0012911690607 36.9600889523825 37.0670800632901 37.1740711741978 37.2810622851055 37.3880533960131 37.4950445069208 37.6020356178285 37.6821315023636 37.6815417077808 37.680951913198 37.6803621186152 37.6797723240324 37.6791825294496 37.6785927348669 37.6780029402841 37.9631310462953 38.3434984525046 38.7238658587139 39.1042332649232 39.4846006711325 39.8649680773418 40.2453354835511 40.95918314192 42.6734715567694 44.3877599716184 46.1020483864675 47.8163368013169 49.5306252161659 51.244913631015 52.9592020458643 55.4209276199336 58.1317989137431 60.8426702075531 63.5535415013626 66.2644127951721 68.9752840889821 71.6861553827916 74.3038615756558 76.6420724656843
39.2697045008343 38.7784376144411 38.2871707280479 37.7959038416546 37.3046369552614 36.8133700688682 36.322103182475 36.2173460960389 36.2414256095888 36.2655051231386 36.2895846366884 36.3136641502382 36.337743663788 36.3618231773379 36.3622530937197 36.2917342185977 36.2212153434756 36.1506964683536 36.0801775932315 36.0096587181094 35.9391398429874 35.8686209678653 36.2137991905215 36.6975431124371 37.1812870343528 37.6650309562685 38.1487748781841 38.6325188000998 39.1162627220155 39.9479364395139 41.8233995437621 43.69886264801 45.574325752258 47.4497888565062 49.3252519607541 51.200715065002 53.0761781692503 55.6589178085322 58.4774162928256 61.2959147771196 64.114413261413 66.9329117457064 69.7514102300004 72.5699087142938 75.345775095621 77.9937451680496
38.6234246359933 38.1266730626426 37.6299214892919 37.1331699159412 36.6364183425905 36.1396667692398 35.6429151958891 35.4746032396953 35.4157711558873 35.3569390720793 35.2981069882712 35.2392749044632 35.1804428206551 35.1216107368471 35.0423746850758 34.9019267294144 34.7614787737531 34.6210308180917 34.4805828624304 34.3401349067691 34.1996869511077 34.0592389954464 34.4644673347475 35.0515877723695 35.6387082099916 36.2258286476136 36.8129490852357 37.4000695228578 37.9871899604798 38.9366897371077 40.9733275307548 43.0099653244016 45.0466031180484 47.0832409116955 49.1198787053423 51.1565164989891 53.1931542926362 55.8969079971308 58.8230336719082 61.7491593466861 64.6752850214634 67.6014106962408 70.5275363710187 73.4536620457961 76.3876886155862 79.345417870415
38.3362180391948 37.8627135276795 37.3892090161642 36.9157045046489 36.4421999931336 35.9686954816183 35.495190970103 35.2846020062764 35.1616515583462 35.038701110416 34.9157506624858 34.7928002145555 34.6698497666253 34.5468993186951 34.4190603786045 34.2765559620327 34.134051545461 33.9915471288893 33.8490427123176 33.7065382957458 33.5640338791741 33.4215294626024 33.8741257985431 34.5250890519882 35.1760523054333 35.8270155588784 36.4779788123235 37.1289420657686 37.7799053192137 38.7987656063498 40.9213169945608 43.0438683827714 45.166419770982 47.2889711591929 49.4115225474035 51.5340739356141 53.6566253238251 56.4296199480686 59.4194289843234 62.4092380205786 65.3990470568333 68.388856093088 71.3786651293432 74.3684741655979 77.4049272961078 80.581312709384
38.4080847104391 37.986559009552 37.565033308665 37.1435076077779 36.7219819068909 36.3004562060039 35.8789305051168 35.6473423957824 35.4790668169657 35.310791238149 35.1425156593323 34.9742400805155 34.8059645016988 34.6376889228821 34.4923101743062 34.415621916453 34.3389336585998 34.2622454007466 34.1855571428934 34.1088688850402 34.032180627187 33.9554923693338 34.442774581909 35.1180469512937 35.7933193206785 36.4685916900632 37.143864059448 37.8191364288328 38.4944087982175 39.5341640472406 41.6673679351803 43.8005718231196 45.933775711059 48.0669795989986 50.200183486938 52.3333873748773 54.466591262817 57.2570536613458 60.2666022300712 63.2761507987971 66.2856993675225 69.2952479362479 72.3047965049739 75.3143450736993 78.3974911371858 81.7014296849563
38.4799513816834 38.1104044914246 37.7408576011658 37.371310710907 37.0017638206482 36.6322169303894 36.2626700401306 36.0100827852885 35.7964820755853 35.582881365882 35.3692806561788 35.1556799464756 34.9420792367723 34.7284785270691 34.565559970008 34.5546878708733 34.5438157717387 34.532943672604 34.5220715734693 34.5111994743347 34.5003273752 34.4894552760653 35.0114233652749 35.7110048505993 36.4105863359238 37.1101678212482 37.8097493065726 38.5093307918971 39.2089122772215 40.2695624881315 42.4134188757999 44.557275263468 46.701131651136 48.8449880388044 50.9888444264725 53.1327008141406 55.276557201809 58.084487374623 61.1137754758191 64.1430635770157 67.1723516782118 70.201639779408 73.2309278806046 76.2602159818007 79.3900549782638 82.8215466605287
38.5518180529277 38.2342499732972 37.9166818936666 37.5991138140361 37.2815457344055 36.963977654775 36.6464095751444 36.3728231747945 36.1138973342048 35.854971493615 35.5960456530253 35.3371198124356 35.0781939718458 34.8192681312561 34.6388097657098 34.6937538252936 34.7486978848775 34.8036419444614 34.8585860040452 34.9135300636291 34.968474123213 35.0234181827968 35.5800721486408 36.3039627499048 37.027853351169 37.7517439524331 38.4756345536971 39.1995251549613 39.9234157562254 41.0049609290223 43.1594698164195 45.3139787038163 47.4684875912131 49.6229964786102 51.777505366007 53.9320142534038 56.086523140801 58.9119210879002 61.960948721567 65.0099763552343 68.0590039889011 71.108031622568 74.1570592562353 77.2060868899021 80.3826188193418 83.9416636361011
