data/working_set_collections/6091692-Cassins_Sparrow-MC/1990/bio14.asc
NCOLS 265 
NROWS 230 
XLLCORNER -115.5625 
YLLCORNER 24.8333333333333 
CELLSIZE 0.0833333333333333 
NODATA_value -9999 
[rows 0 to 19 of 230, columns 0 to 45 of 265]
12.877440108193300 13.4631712118785 14.0489023155636 14.6346334192488 15.220364522934 15.8060956266191 16.3918267303044 16.5126284917197 16.4784538057117 16.4442791197036 16.4101044336956 16.3759297476876 16.3417550616795 16.3075803756715 16.2633399857416 16.1889024840462 16.1144649823508 16.0400274806553 15.9655899789599 15.8911524772645 15.8167149755691 15.7422774738736 15.8259608904521 15.9623512797886 16.0987416691251 16.2351320584615 16.371522447798 16.5079128371345 16.644303226471 16.8156763182746 17.0919975174798 17.368318716685 17.6446399158902 17.9209611150954 18.1972823143005 18.4736035135057 18.7499247127109 19.288032913208 19.913403447469 20.5387739817301 21.1641445159911 21.7895150502522 22.4148855845133 23.0402561187743 23.7146730317008 24.536229080624
12.0145097573598 12.5573038578033 13.1000979582468 13.6428920586904 14.1856861591339 14.7284802595774 15.271274360021 15.4106904983521 15.4156473159791 15.420604133606 15.425560951233 15.4305177688599 15.4354745864869 15.4404314041138 15.4347195625306 15.3970017433167 15.3592839241029 15.321566104889 15.2838482856751 15.2461304664612 15.2084126472474 15.1706948280335 15.2794264793396 15.4369746208191 15.5945227622986 15.7520709037781 15.9096190452576 16.0671671867371 16.2247153282166 16.4104563077291 16.6807758013407 16.9510952949524 17.221414788564 17.4917342821757 17.7620537757873 18.032373269399 18.3026927630107 18.860492324829 19.5141185760497 20.1677448272705 20.8213710784911 21.4749973297118 22.1286235809326 22.7822498321532 23.49800825119 24.4001631736754
11.1515794065264 11.6514365037283 12.1512936009301 12.6511506981321 13.1510077953339 13.6508648925358 14.1507219897377 14.3087525049847 14.3528408262466 14.3969291475086 14.4410174687705 14.4851057900324 14.5291941112943 14.5732824325563 14.6060991393196 14.6051010025873 14.604102865855 14.6031047291227 14.6021065923904 14.601108455658 14.6001103189257 14.5991121821934 14.7328920682272 14.9115979618497 15.0903038554722 15.2690097490947 15.4477156427172 15.6264215363397 15.8051274299622 16.0052362971836 16.2695540852017 16.5338718732198 16.7981896612379 17.0625074492561 17.3268252372742 17.5911430252923 17.8554608133104 18.4329517364501 19.1148337046304 19.7967156728108 20.4785976409911 21.1604796091714 21.8423615773519 22.5242435455321 23.2813434706792 24.2640972667269
10.2886490556929 10.7455691496531 11.2024892436134 11.6594093375736 12.1163294315339 12.5732495254941 13.0301696194544 13.2068145116171 13.290034336514 13.373254161411 13.4564739863079 13.5396938112048 13.6229136361017 13.7061334609986 13.7774787161086 13.8132002618579 13.8489218076071 13.8846433533563 13.9203648991056 13.9560864448548 13.991807990604 14.0275295363533 14.1863576571147 14.3862213028802 14.5860849486457 14.7859485944112 14.9858122401767 15.1856758859423 15.3855395317078 15.600016286638 15.8583323690627 16.1166484514872 16.3749645339118 16.6332806163364 16.891596698761 17.1499127811856 17.4082288636102 18.0054111480712 18.7155488332111 19.4256865183512 20.1358242034911 20.8459618886311 21.5560995737711 22.266237258911 23.0646786901684 24.1280313597784
9.42571870485944 9.83970179557801 10.2536848862966 10.6676679770152 11.0816510677338 11.4956341584523 11.909617249171 12.1048765182496 12.2272278467815 12.3495791753134 12.4719305038453 12.5942818323772 12.7166331609091 12.838984489441 12.9488582928976 13.0212995211284 13.0937407493592 13.16618197759 13.2386232058208 13.3110644340516 13.3835056622823 13.4559468905131 13.6398232460022 13.8608446439107 14.0818660418193 14.3028874397278 14.5239088376363 14.7449302355449 14.9659516334534 15.1947962760925 15.4471106529236 15.6994250297546 15.9517394065857 16.2040537834168 16.4563681602478 16.7086825370788 16.9609969139099 17.5778705596923 18.3162639617919 19.0546573638916 19.7930507659911 20.5314441680907 21.2698375701904 22.0082309722899 22.8480139096576 23.9919654528299
8.56278835402603 8.93383444150296 9.30488052897988 9.67592661645687 10.0469727039338 10.4180187914107 10.7890648788877 11.0029385248821 11.164421357049 11.3259041892159 11.4873870213828 11.6488698535496 11.8103526857165 11.9718355178834 12.1202378696866 12.229398780399 12.3385596911113 12.4477206018237 12.556881512536 12.6660424232484 12.7752033339607 12.8843642446731 13.0932888348898 13.3354679849413 13.5776471349929 13.8198262850444 14.0620054350959 14.3041845851475 14.546363735199 14.789576265547 15.0358889367846 15.2822016080221 15.5285142792596 15.7748269504971 16.0211396217346 16.2674522929721 16.5137649642097 17.1503299713134 17.9169790903726 18.6836282094319 19.4502773284911 20.2169264475503 20.9835755666097 21.7502246856689 22.6313491291468 23.8558995458814
7.94411653942533 8.26250391006469 8.58089128070406 8.89927865134348 9.21766602198284 9.53605339262221 9.85444076326163 10.0664590358735 10.2430209424761 10.4195828490788 10.5961447556814 10.7727066622841 10.9492685688867 11.1258304754894 11.2946591801114 11.4402882787917 11.585917377472 11.7315464761523 11.8771755748326 12.0228046735128 12.1684337721931 12.3140628708734 12.5501111745835 12.8162992133035 13.0824872520235 13.3486752907435 13.6148633294635 13.8810513681836 14.1472394069036 14.4159103181627 14.6920298470391 14.9681493759155 15.2442689047919 15.5203884336683 15.7965079625447 16.0726274914211 16.3487470202975 17.0040323257445 17.7857062233817 18.567380121019 19.3490540186563 20.1307279162935 20.9124018139308 21.694075711568 22.5892683664955 23.8250172932941
7.56970326105754 7.82571020126342 8.0817171414693 8.33772408167523 8.59373102188111 8.84973796208699 9.10574490229292 9.29543805122379 9.46302660306297 9.63061515490219 9.79820370674137 9.96579225858056 10.1333808104198 10.300969362259 10.472122224172 10.6539680163066 10.8358138084412 11.0176596005758 11.1995053927104 11.381351184845 11.5631969769796 11.7450427691142 12.0102902650833 12.3033383289973 12.5963863929113 12.8894344568252 13.1824825207392 13.4755305846532 13.7685786485672 14.0737984339396 14.4155333836873 14.757268333435 15.0990032831827 15.4407382329305 15.7824731826782 16.1242081324259 16.4659430821736 17.1389776229857 17.9224453608193 18.7059130986531 19.4893808364867 20.2728485743203 21.056316312154 21.8397840499876 22.7217716217038 23.8993186950682
7.19528998268978 7.38891649246219 7.58254300223459 7.77616951200703 7.96979602177943 8.16342253155184 8.35704904132428 8.52441706657418 8.68303226364991 8.84164746072567 9.0002626578014 9.15887785487713 9.31749305195288 9.47610824902861 9.64958526823263 9.86764775382157 10.0857102394105 10.3037727249994 10.5218352105883 10.7398976961772 10.9579601817661 11.1760226673551 11.4704693555832 11.7903774446911 12.1102855337991 12.430193622907 12.7501017120149 13.0700098011229 13.3899178902308 13.7316865497165 14.1390369203356 14.5463872909545 14.9537376615735 15.3610880321926 15.7684384028116 16.1757887734306 16.5831391440497 17.2739229202269 18.0591844982569 18.8444460762871 19.6297076543171 20.4149692323471 21.2002308103772 21.9854923884072 22.8542748769122 23.9736200968423
6.82087670432199 6.95212278366092 7.08336886299984 7.21461494233878 7.3458610216777 7.47710710101662 7.60835318035557 7.7533960819245 7.90303792423678 8.05267976654908 8.20232160886135 8.35196345117363 8.50160529348593 8.6512471357982 8.82704831229319 9.08132749133646 9.33560667037968 9.5898858494229 9.84416502846617 10.0984442075094 10.3527233865526 10.6070025655959 10.9306484460831 11.2774165603849 11.6241846746869 11.9709527889887 12.3177209032906 12.6644890175925 13.0112571318944 13.3895746654934 13.8625404569838 14.3355062484741 14.8084720399644 15.2814378314548 15.7544036229451 16.2273694144354 16.7003352059258 17.4088682174681 18.1959236356945 18.9829790539211 19.7700344721475 20.5570898903739 21.3441453086004 22.1312007268268 22.9867781321205 24.0479214986164
6.44646342595421 6.51532907485965 6.58419472376508 6.65306037267053 6.72192602157597 6.79079167048141 6.85965731938686 6.98237509727482 7.12304358482364 7.26371207237249 7.40438055992131 7.54504904747013 7.68571753501898 7.8263860225678 8.00451135635376 8.29500722885135 8.58550310134889 8.87599897384643 9.16649484634402 9.45699071884156 9.7474865913391 10.0379824638367 10.3908275365829 10.7644556760788 11.1380838155746 11.5117119550705 11.8853400945663 12.2589682340622 12.632596373558 13.0474627812702 13.586043993632 14.1246252059936 14.6632064183552 15.2017876307169 15.7403688430785 16.2789500554401 16.8175312678019 17.5438135147093 18.3326627731321 19.1215120315551 19.9103612899779 20.6992105484007 21.4880598068236 22.2769090652464 23.1192813873289 24.1222229003905
6.07205014758645 6.07853536605841 6.08502058453037 6.09150580300233 6.09799102147429 6.10447623994625 6.11096145841821 6.21135411262521 6.34304924541058 6.47474437819597 6.60643951098133 6.7381346437667 6.86982977655209 7.00152490933746 7.1819744004144 7.50868696636631 7.83539953231817 8.16211209827002 8.48882466422193 8.81553723017378 9.14224979612563 9.46896236207755 9.85100662708284 10.2514947917726 10.6519829564625 11.0524711211522 11.452959285842 11.8534474505319 12.2539356152216 12.7053508970472 13.3095475302802 13.9137441635131 14.517940796746 15.1221374299791 15.726334063212 16.3305306964449 16.9347273296779 17.6787588119505 18.4694019105697 19.2600450091891 20.0506881078083 20.8413312064275 21.6319743050468 22.422617403666 23.2517846425372 24.1965243021646
6.09726161426963 6.07304263114925 6.04882364802886 6.02460466490847 6.00038568178808 5.9761666986677 5.9519477155473 6.03942550818118 6.16413555939985 6.28884561061853 6.41355566183719 6.53826571305585 6.66297576427454 6.7876858154932 6.96526180638195 7.30143561628122 7.63760942618042 7.97378323607963 8.30995704597889 8.6461308558781 8.98230466577731 9.31847847567657 9.70758632818848 10.1143388615713 10.5210913949542 10.927843928337 11.3345964617198 11.7413489951027 12.1481015284855 12.6149647898143 13.262160234981 13.9093556801477 14.5565511253143 15.2037465704811 15.8509420156477 16.4981374608144 17.1453329059812 17.8746271451313 18.6312876489425 19.3879481527539 20.1446086565652 20.9012691603765 21.6579296641879 22.4145901679992 23.1968552907306 24.0559342702229
6.522097826004 6.49885087013241 6.47560391426083 6.45235695838925 6.42911000251767 6.40586304664609 6.3826160907745 6.46658928394312 6.58630252679183 6.70601576964056 6.82572901248926 6.94544225533797 7.0651554981867 7.18486874103541 7.35437357425679 7.67325317859643 7.99213278293601 8.3110123872756 8.62989199161523 8.94877159595481 9.2676512002944 9.58653080463403 9.96056663990012 10.352987885475 10.74540913105 11.137830376625 11.5302516221999 11.9226728677749 12.3150941133498 12.7763044595717 13.4438821077346 14.1114597558974 14.7790374040602 15.4466150522231 16.1141927003859 16.7817703485487 17.4493479967116 18.1314185142516 18.8183199882506 19.5052214622497 20.1921229362487 20.8790244102476 21.5659258842468 22.2528273582457 22.954493331909 23.7004528045654
6.94693403773832 6.92465910911554 6.90238418049277 6.88010925186999 6.85783432324722 6.83555939462444 6.81328446600166 6.89375305970502 7.00846949418377 7.12318592866255 7.2379023631413 7.35261879762005 7.46733523209883 7.58205166657758 7.7434853421316 8.04507074091161 8.34665613969157 8.64824153847153 8.94982693725154 9.2514123360315 9.55299773481146 9.85458313359147 10.2135469516117 10.5916369093788 10.9697268671459 11.3478168249129 11.72590678268 12.1039967404471 12.4820866982141 12.9376441293291 13.6256039804881 14.3135638316471 15.001523682806 15.6894835339651 16.3774433851241 17.065403236283 17.7533630874421 18.3882098833718 19.0053523275586 19.6224947717454 20.2396372159321 20.8567796601188 21.4739221043056 22.0910645484923 22.7121313730875 23.3449713389079
7.37177024947268 7.35046734809871 7.32916444672474 7.30786154535077 7.2865586439768 7.26525574260283 7.24395284122886 7.32091683546695 7.43063646157575 7.54035608768457 7.65007571379337 7.75979533990217 7.86951496601099 7.97923459211979 8.13259711000643 8.41688830322682 8.70117949644716 8.98547068966749 9.26976188288788 9.55405307610821 9.83834426932855 10.1226354625489 10.4665272633234 10.8302859332825 11.1940446032417 11.5578032732009 11.9215619431601 12.2853206131193 12.6490792830784 13.0989837990865 13.8073258532417 14.5156679073968 15.2240099615519 15.9323520157071 16.6406940698622 17.3490361240173 18.0573781781725 18.6450012524921 19.1923846668666 19.7397680812411 20.2871514956155 20.83453490999 21.3819183243645 21.9293017387389 22.4697694142659 22.9894898732503
7.79660646120704 7.77627558708188 7.75594471295671 7.73561383883155 7.71528296470639 7.69495209058123 7.67462121645606 7.74808061122889 7.85280342896773 7.9575262467066 8.06224906444544 8.16697188218429 8.27169469992315 8.376417517662 8.52170887788128 8.78870586554203 9.05570285320274 9.32269984086346 9.58969682852421 9.85669381618493 10.1236908038456 10.3906877915064 10.719507575035 11.0689349571863 11.4183623393376 11.7677897214889 12.1172171036401 12.4666444857915 12.8160718679427 13.2603234688439 13.9890477259953 14.7177719831465 15.4464962402978 16.1752204974491 16.9039447546004 17.6326690117516 18.361393268903 18.9017926216124 19.3794170061746 19.8570413907368 20.334665775299 20.8122901598611 21.2899145444234 21.7675389289855 22.2274074554443 22.6340084075928
8.22144267294136 8.20208382606501 8.18272497918865 8.16336613231229 8.14400728543594 8.12464843855958 8.10528959168322 8.17524438699079 8.27497039635968 8.37469640572859 8.47442241509748 8.57414842446637 8.67387443383528 8.77360044320417 8.91082064575608 9.16052342785721 9.4102262099583 9.65992899205939 9.90963177416052 10.1593345562616 10.4090373383627 10.6587401204638 10.9724878867466 11.30758398109 11.6426800754334 11.9777761697768 12.3128722641202 12.6479683584636 12.983064452807 13.4216631386013 14.1707695987488 14.9198760588962 15.6689825190436 16.4180889791911 17.1671954393385 17.9163018994859 18.6654083596334 19.1585839907327 19.5664493454826 19.9743147002325 20.3821800549824 20.7900454097323 21.1979107644823 21.6057761192321 21.9850454966227 22.2785269419352
8.68795943260188 8.65880866050715 8.62965788841243 8.6005071163177 8.57135634422298 8.54220557212826 8.51305480003353 8.57963383992507 8.67812281714539 8.77661179436572 8.87510077158604 8.97358974880636 9.07207872602669 9.17056770324701 9.3032608376608 9.53856644365516 9.77387204964947 10.0091776556438 10.2444832616382 10.4797888676325 10.7150944736268 10.9504000796211 11.2468269904454 11.5636276695462 11.8804283486472 12.197229027748 12.5140297068489 12.8308303859498 13.1476310650507 13.5705180088677 14.3116637468337 15.0528094847996 15.7939552227654 16.5351009607314 17.2762466986973 18.0173924366632 18.7585381746291 19.2250860055287 19.6001012007395 19.9751163959503 20.350131591161 20.7251467863718 21.1001619815826 21.4751771767934 21.8180165873633 22.0643286440107
9.19615674018856 9.14645009040829 9.09674344062802 9.04703679084775 8.99733014106748 8.94762349128721 8.89791684150693 8.96124897003169 9.06226069132481 9.16327241261796 9.26428413391108 9.36529585520421 9.46630757649735 9.56731929779048 9.69902945359539 9.92283491293584 10.1466403722762 10.3704458316166 10.5942512909571 10.8180567502975 11.0418622096379 11.2656676689783 11.5425248861312 11.8370660225549 12.1316071589787 12.4261482954025 12.7206894318262 13.01523056825 13.3097717046737 13.7068880796431 14.4117301702499 15.1165722608565 15.8214143514632 16.5262564420699 17.2310985326766 17.9359406232832 18.64078271389 19.1012986660003 19.4803725719451 19.85944647789 20.2385203838348 20.6175942897796 20.9966681957245 21.3757421016693 21.7263207276662 21.9914135138194
