data/working_set_collections/6091692-Cassins_Sparrow-MC/1990/bio11.asc
NCOLS 265 
NROWS 230 
XLLCORNER -115.5625 
YLLCORNER 24.8333333333333 
CELLSIZE 0.0833333333333333 
NODATA_value -9999 
[rows 120 to 139 of 230, columns 138 to 183 of 265]
5.67762947877249 5.59071296850841 5.50379645824433 5.41687994798026 5.41839498678842 5.44938720862069 5.48037943045296 5.51137165228524 5.54236387411752 5.57335609594979 5.60434831778207 5.63536305560004 5.66644534137512 5.6975276271502 5.72860991292528 5.75969219870036 5.79077448447544 5.82185677025051 5.85293905602559 5.8738397280375 5.89134652879501 5.90885332955253 5.92636013031004 5.94386693106756 5.96137373182507 5.97888053258259 6.00715993112985 6.06775712304642 6.128354314963 6.18895150687957 6.24954869879614 6.31014589071272 6.37074308262928 6.43134027454585 6.51713536580401 6.61132975684269 6.70552414788136 6.79971853892006 6.89391292995874 6.98810732099741 7.08230171203611 7.15423283709419 7.15937416421042 7.16451549132664 7.16965681844286 7.17479814555909
5.78172612984976 5.68638327121735 5.59104041258495 5.49569755395255 5.49659111499784 5.52956348260242 5.56253585020699 5.59550821781156 5.62848058541614 5.66145295302071 5.69442532062528 5.72757846911746 5.76127396027244 5.79496945142744 5.82866494258242 5.86236043373741 5.8960559248924 5.92975141604739 5.96344690720237 5.98418588638303 6.00060602823891 6.01702617009478 6.03344631195066 6.04986645380654 6.06628659566241 6.08270673751829 6.11037396987276 6.17178247372306 6.23319097757337 6.29459948142366 6.35600798527396 6.41741648912427 6.47882499297457 6.54023349682486 6.62206916809079 6.71071389516191 6.79935862223303 6.88800334930417 6.97664807637529 7.06529280344641 7.15393753051755 7.22223814725875 7.22950643301009 7.23677471876143 7.24404300451277 7.25131129026412
5.88582278092704 5.78205357392629 5.67828436692557 5.57451515992484 5.57478724320728 5.60973975658415 5.64469226996102 5.67964478333789 5.71459729671476 5.74954981009163 5.78450232346851 5.81979388263488 5.85610257916978 5.89241127570468 5.92871997223958 5.96502866877447 6.00133736530938 6.03764606184427 6.07395475837917 6.09453204472858 6.10986552768281 6.12519901063705 6.14053249359129 6.15586597654553 6.17119945949976 6.186532942454 6.21358800861568 6.2758078243997 6.33802764018374 6.40024745596777 6.4624672717518 6.52468708753583 6.58690690331986 6.64912671910389 6.72700297037758 6.81009803348114 6.89319309658471 6.97628815968829 7.05938322279185 7.14247828589542 7.225573348999 7.2902434574233 7.29963870180976 7.30903394619623 7.31842919058269 7.32782443496915
5.98991943200431 5.87772387663524 5.76552832126619 5.65333276589714 5.65298337141671 5.68991603056588 5.72684868971505 5.76378134886422 5.80071400801339 5.83764666716256 5.87457932631173 5.91200929615231 5.95093119806711 5.98985309998193 6.02877500189673 6.06769690381154 6.10661880572635 6.14554070764116 6.18446260955596 6.20487820307412 6.21912502712672 6.23337185117932 6.24761867523192 6.26186549928452 6.27611232333711 6.29035914738972 6.31680204735859 6.37983317507635 6.44286430279412 6.50589543051187 6.56892655822963 6.6319576859474 6.69498881366515 6.75801994138291 6.83193677266436 6.90948217180037 6.98702757093638 7.0645729700724 7.14211836920841 7.21966376834443 7.29720916748045 7.35824876758786 7.36977097060944 7.38129317363102 7.3928153766526 7.40433757967418
6.09401608308158 5.97339417934418 5.8527722756068 5.73215037186942 5.73117949962614 5.7700923045476 5.80900510946907 5.84791791439054 5.88683071931201 5.92574352423347 5.96465632915495 6.00422470966972 6.04575981696444 6.08729492425916 6.12883003155388 6.17036513884859 6.21190024614332 6.25343535343803 6.29497046073275 6.31522436141966 6.32838452657062 6.34154469172158 6.35470485687254 6.3678650220235 6.38102518717446 6.39418535232542 6.4200160861015 6.48385852575299 6.54770096540448 6.61154340505597 6.67538584470745 6.73922828435895 6.80307072401043 6.86691316366192 6.93687057495114 7.0088663101196 7.08086204528805 7.15285778045652 7.22485351562497 7.29684925079342 7.36884498596189 7.42625407775242 7.43990323940911 7.45355240106581 7.46720156272251 7.48085072437921
6.19811273415886 6.06906448205313 5.94001622994742 5.81096797784172 5.80937562783557 5.85026857852934 5.8911615292231 5.93205447991687 5.97294743061064 6.0138403813044 6.05473333199817 6.09644012318715 6.14058843586177 6.1847367485364 6.22888506121103 6.27303337388566 6.31718168656029 6.36132999923492 6.40547831190954 6.4255705197652 6.43764402601452 6.44971753226384 6.46179103851317 6.47386454476249 6.48593805101181 6.49801155726113 6.52323012484442 6.58788387642963 6.65253762801486 6.71719137960007 6.78184513118529 6.84649888277051 6.91115263435573 6.97580638594094 7.04180437723793 7.10825044843883 7.17469651963972 7.24114259084063 7.30758866204153 7.37403473324243 7.44048080444334 7.49425938791698 7.51003550820879 7.52581162850061 7.54158774879242 7.55736386908424
6.30981474849915 6.17711636622748 6.04441798395582 5.91171960168417 5.90896426439283 5.94952327542832 5.99008228646382 6.03064129749932 6.07120030853481 6.1117593195703 6.15231833060581 6.19408386945722 6.23946899175641 6.28485411405561 6.3302392363548 6.375624358654 6.4210094809532 6.46639460325239 6.51177972555158 6.53159799575804 6.54289398193358 6.55418996810912 6.56548595428465 6.57678194046019 6.58807792663573 6.59937391281127 6.62439364989596 6.69058463970817 6.75677562952039 6.8229666193326 6.88915760914482 6.95534859895704 7.02153958876925 7.08773057858146 7.14988628228503 7.21069689061904 7.27150749895305 7.33231810728707 7.39312871562108 7.45393932395509 7.5147499322891 7.56461400323443 7.58163846201366 7.59866292079289 7.61568737957212 7.63271183835134
6.42912212610246 6.29754983186722 6.165977537632 6.03440524339678 6.02994540929792 6.06785639524457 6.10576738119122 6.14367836713788 6.18158935308454 6.21950033903119 6.25741132497785 6.29715594847994 6.34240148464836 6.38764702081678 6.43289255698519 6.4781380931536 6.52338362932203 6.56862916549044 6.61387470165885 6.63330678939817 6.64413439432778 6.65496199925739 6.66578960418699 6.6766172091166 6.6874448140462 6.69827241897581 6.72350666125612 6.7919608155886 6.86041496992108 6.92886912425356 6.99732327858603 7.06577743291852 7.13423158725099 7.20268574158347 7.26111629009244 7.31620563666023 7.37129498322802 7.42638432979581 7.4814736763636 7.53656302293139 7.59165236949918 7.63731792370477 7.6547121008237 7.67210627794264 7.68950045506158 7.70689463218051
6.54842950370579 6.41798329750697 6.28753709130818 6.15709088510939 6.15092655420301 6.18618951506082 6.22145247591864 6.25671543677646 6.29197839763427 6.32724135849208 6.3625043193499 6.40022802750267 6.44533397754031 6.49043992757795 6.53554587761559 6.58065182765322 6.62575777769087 6.6708637277285 6.71596967776614 6.73501558303831 6.74537480672199 6.75573403040566 6.76609325408934 6.77645247777301 6.78681170145669 6.79717092514036 6.82261967261629 6.89333699146903 6.96405431032178 7.03477162917452 7.10548894802726 7.17620626688001 7.24692358573275 7.31764090458548 7.37234629789986 7.42171438270142 7.47108246750299 7.52045055230456 7.56981863710613 7.6191867219077 7.66855480670927 7.71002184417511 7.72778573963376 7.7455496350924 7.76331353055105 7.78107742600969
6.66773688130911 6.53841676314673 6.40909664498437 6.27977652682201 6.2719076991081 6.30452263487708 6.33713757064605 6.36975250641503 6.402367442184 6.43498237795298 6.46759731372196 6.5033001065254 6.54826647043226 6.59323283433912 6.63819919824598 6.68316556215284 6.7281319260597 6.77309828996656 6.81806465387342 6.83672437667845 6.8466152191162 6.85650606155394 6.86639690399169 6.87628774642943 6.88617858886717 6.89606943130492 6.92173268397646 6.99471316734946 7.06769365072248 7.14067413409548 7.21365461746848 7.2866351008415 7.3596155842145 7.4325960675875 7.48357630570728 7.52722312874262 7.57086995177796 7.61451677481332 7.65816359784866 7.701810420884 7.74545724391936 7.78272576464546 7.80085937844381 7.81899299224217 7.83712660604052 7.85526021983887
6.78704425891242 6.65885022878647 6.53065619866054 6.40246216853461 6.39288884401319 6.42285575469332 6.45282266537346 6.4827895760536 6.51275648673373 6.54272339741386 6.572690308094 6.60637218554812 6.6511989633242 6.69602574110029 6.74085251887637 6.78567929665245 6.83050607442853 6.87533285220461 6.92015962998069 6.93843317031858 6.9478556315104 6.95727809270221 6.96670055389402 6.97612301508584 6.98554547627765 6.99496793746946 7.02084569533663 7.09608934322989 7.17133299112317 7.24657663901643 7.3218202869097 7.39706393480298 7.47230758269624 7.54755123058951 7.59480631351468 7.63273187478381 7.67065743605293 7.70858299732206 7.74650855859118 7.78443411986031 7.82235968112944 7.8554296851158 7.87393301725386 7.89243634939192 7.91093968152998 7.92944301366804
6.90635163651574 6.77928369442622 6.65221575233673 6.52514781024723 6.51386998891828 6.54118887450958 6.56850776010087 6.59582664569217 6.62314553128346 6.65046441687476 6.67778330246605 6.70944426457085 6.75413145621615 6.79881864786146 6.84350583950676 6.88819303115206 6.93288022279737 6.97756741444267 7.02225460608798 7.04014196395872 7.04909604390461 7.05805012385049 7.06700420379637 7.07595828374225 7.08491236368813 7.09386644363402 7.1199587066968 7.19746551911032 7.27497233152387 7.3524791439374 7.42998595635092 7.50749276876447 7.584999581178 7.66250639359152 7.7060363213221 7.738240620825 7.7704449203279 7.80264921983081 7.83485351933371 7.86705781883662 7.89926211833952 7.92813360558614 7.94700665606391 7.96587970654168 7.98475275701945 8.00362580749722
7.0186930007405 6.90060485601426 6.78251671128804 6.66442856656182 6.6524163285891 6.67576272620093 6.69910912381276 6.72245552142459 6.74580191903642 6.76914831664825 6.79249471426008 6.82072679731579 6.86361593670313 6.90650507609048 6.94939421547782 6.99228335486516 7.0351724942525 7.07806163363984 7.12095077302719 7.13909675677616 7.148995021979 7.15889328718184 7.16879155238468 7.17868981758752 7.18858808279036 7.1984863479932 7.22506943941113 7.3017070094744 7.37834457953768 7.45498214960095 7.53161971966422 7.6082572897275 7.68489485979077 7.76153242985404 7.80118649800617 7.82851273218789 7.85583896636961 7.88316520055134 7.91049143473306 7.93781766891478 7.9651439030965 7.99009477165009 8.00791954331927 8.02574431498845 8.04356908665762 8.0613938583268
7.12406835158667 7.02281371355056 6.92155907551447 6.82030443747839 6.80852786302564 6.82657730976737 6.84462675650911 6.86267620325086 6.8807256499926 6.89877509673434 6.91682454347608 6.94021978378293 6.97965240478513 7.01908502578733 7.05851764678952 7.09795026779172 7.13738288879392 7.17681550979612 7.21624813079831 7.23529754877089 7.24755256573357 7.25980758269626 7.27206259965895 7.28431761662163 7.29657263358432 7.30882765054701 7.33617789347963 7.40881381432211 7.48144973516461 7.5540856560071 7.62672157684958 7.69935749769208 7.77199341853457 7.84462933937705 7.88025684356688 7.90354820887246 7.92683957417804 7.95013093948363 7.97342230478921 7.99671367009479 8.02000503540038 8.04131318330764 8.05667167901992 8.0720301747322 8.08738867044448 8.10274716615676
7.22944370243285 7.14502257108688 7.06060143974092 6.97618030839496 6.96463939746218 6.97739189333384 6.99014438920548 7.00289688507714 7.01564938094879 7.02840187682044 7.04115437269209 7.05971277025008 7.09568887286713 7.13166497548419 7.16764107810124 7.20361718071829 7.23959328333535 7.2755693859524 7.31154548856945 7.33149834076562 7.34611010948815 7.36072187821068 7.37533364693322 7.38994541565575 7.40455718437829 7.41916895310082 7.44728634754814 7.51592061916984 7.58455489079155 7.65318916241325 7.72182343403495 7.79045770565666 7.85909197727836 7.92772624890006 7.95932718912759 7.97858368555703 7.99784018198647 8.01709667841592 8.03635317484536 8.05560967127481 8.07486616770425 8.09253159496518 8.10542381472057 8.11831603447595 8.13120825423134 8.14410047398672
7.33481905327904 7.2672314286232 7.19964380396737 7.13205617931154 7.12075093189873 7.12820647690029 7.13566202190185 7.14311756690342 7.15057311190497 7.15802865690653 7.1654842019081 7.17920575671724 7.21172534094914 7.24424492518105 7.27676450941296 7.30928409364486 7.34180367787677 7.37432326210868 7.40684284634058 7.42769913276035 7.44466765324273 7.46163617372511 7.47860469420749 7.49557321468987 7.51254173517225 7.52951025565464 7.55839480161664 7.62302742401756 7.68766004641849 7.7522926688194 7.81692529122032 7.88155791362125 7.94619053602216 8.01082315842308 8.0383975346883 8.05361916224161 8.06884078979491 8.08406241734822 8.09928404490152 8.11450567245482 8.12972730000813 8.14375000662273 8.15417595042122 8.16460189421971 8.1750278380182 8.18545378181669
7.44019440412521 7.3894402861595 7.3386861681938 7.28793205022811 7.27686246633527 7.27902106046674 7.28117965459821 7.28333824872968 7.28549684286115 7.28765543699262 7.28981403112409 7.29869874318438 7.32776180903114 7.35682487487791 7.38588794072467 7.41495100657143 7.44401407241819 7.47307713826495 7.50214020411171 7.52389992475508 7.5432251969973 7.56255046923953 7.58187574148176 7.60120101372399 7.62052628596621 7.63985155820844 7.66950325568514 7.73013422886527 7.79076520204541 7.85139617522555 7.91202714840568 7.97265812158582 8.03328909476595 8.09392006794608 8.11746788024901 8.12865463892617 8.13984139760334 8.1510281562805 8.16221491495767 8.17340167363483 8.184588432312 8.19496841828027 8.20292808612187 8.21088775396346 8.21884742180505 8.22680708964665
7.54556975497139 7.51164914369582 7.47772853242025 7.44380792114469 7.43297400077182 7.4298356440332 7.42669728729458 7.42355893055596 7.42042057381734 7.41728221707872 7.4141438603401 7.41819172965153 7.44379827711315 7.46940482457477 7.49501137203638 7.520617919498 7.54622446695962 7.57183101442123 7.59743756188285 7.62010071674981 7.64178274075188 7.66346476475396 7.68514678875603 7.70682881275811 7.72851083676018 7.75019286076226 7.78061170975364 7.83724103371299 7.89387035767235 7.9504996816317 8.00712900559104 8.0637583295504 8.12038765350975 8.1770169774691 8.19653822580972 8.20369011561075 8.21084200541177 8.2179938952128 8.22514578501382 8.23229767481485 8.23944956461588 8.24618682993782 8.25168022182252 8.25717361370722 8.26266700559191 8.26816039747661
7.64783039622836 7.63202338218688 7.6162163681454 7.60040935410392 7.59135636091231 7.58455470800398 7.57775305509566 7.57095140218733 7.564149749279 7.55734809637068 7.55054644346236 7.5502945701281 7.56969203551608 7.58908950090407 7.60848696629204 7.62788443168002 7.64728189706801 7.66667936245599 7.68607682784397 7.70865569512048 7.73229502969316 7.75593436426585 7.77957369883854 7.80321303341122 7.82685236798391 7.8504917025566 7.88146200180051 7.93442519505816 7.98738838831582 8.04035158157347 8.09331477483111 8.14627796808877 8.19924116134641 8.25220435460406 8.27023797035216 8.27662839359706 8.28301881684196 8.28940924008686 8.29579966333176 8.30219008657666 8.30858050982156 8.31446629365284 8.31883815924325 8.32321002483367 8.32758189042408 8.3319537560145
7.7469763278961 7.75056300163267 7.75414967536924 7.75773634910581 7.75200954675672 7.74317825237907 7.73434695800143 7.72551566362378 7.71668436924614 7.7078530748685 7.69902178049085 7.69500726461408 7.70544308423993 7.71587890386579 7.72631472349165 7.7367505431175 7.74718636274336 7.75762218236921 7.76805800199507 7.78956485986708 7.81476206382114 7.8399592677752 7.86515647172926 7.89035367568332 7.91555087963738 7.94074808359144 7.97205413182574 8.02168671290077 8.07131929397581 8.12095187505084 8.17058445612587 8.22021703720091 8.26984961827594 8.31948219935097 8.33856711387633 8.34746947288512 8.35637183189391 8.3652741909027 8.37417654991148 8.38307890892027 8.39198126792906 8.39980680942534 8.40440189838408 8.40899698734282 8.41359207630156 8.4181871652603
