data/working_set_collections/6091692-Cassins_Sparrow-MC/1990/bio1.asc
NCOLS 265 
NROWS 230 
XLLCORNER -115.5625 
YLLCORNER 24.8333333333333 
CELLSIZE 0.0833333333333333 
NODATA_value -9999 
[rows 0 to 19 of 230, columns 92 to 137 of 265]
8.15029427607863 7.80210239489878 7.45391051371898 7.10571863253919 6.75752675135934 6.46228101650878 6.1846839971013 5.90708697769378 5.62948995828631 5.35189293887884 5.07429591947132 4.79669890006384 4.74905622800173 5.39127659797658 6.03349696795132 6.67571733792607 7.31793770790092 7.96015807787566 8.6023784478504 9.24459881782526 9.30309094587966 9.16700699329381 9.03092304070793 8.89483908812208 8.75875513553623 8.62267118295036 8.48658723036451 8.38852104345957 8.40450815359751 8.42049526373545 8.43648237387339 8.45246948401132 8.46845659414926 8.4844437042872 8.50043081442513 8.4091383099556 8.28208593395022 8.15503355794484 8.02798118193944 7.90092880593406 7.77387642992868 7.64682405392328 7.53208014700146 7.45426164733037 7.37644314765928 7.29862464798819
8.08119889497765 7.75548425912861 7.42976962327963 7.10405498743065 6.77834035158161 6.52308076620105 6.29130619764332 6.05953162908555 5.82775706052782 5.59598249197009 5.36420792341232 5.13243335485459 5.10177597999557 5.67447018623343 6.2471643924712 6.81985859870896 7.39255280494683 7.96524701118459 8.53794121742236 9.11063542366022 9.16454112529758 9.04551732540134 8.92649352550509 8.80746972560885 8.68844592571262 8.56942212581636 8.45039832592013 8.36963252226511 8.40364070733387 8.43764889240264 8.4716570774714 8.50566526254017 8.53967344760894 8.5736816326777 8.60768981774646 8.54252065420151 8.44429237445196 8.34606409470241 8.24783581495285 8.1496075352033 8.05137925545375 7.95315097570418 7.8618707815806 7.79143484433491 7.72099890708922 7.65056296984353
8.01210351387668 7.70886612335845 7.40562873284028 7.1023913423221 6.79915395180388 6.58388051589332 6.39792839818533 6.21197628047731 6.02602416276932 5.84007204506133 5.65411992735331 5.46816780964532 5.45449573198938 5.95766377449026 6.46083181699105 6.96399985949185 7.46716790199273 7.97033594449352 8.47350398699432 8.9766720294952 9.02599130471551 8.92402765750889 8.82206401030225 8.72010036309563 8.61813671588901 8.51617306868237 8.41420942147575 8.35074400107065 8.40277326107024 8.45480252106983 8.50683178106942 8.55886104106901 8.6108903010686 8.66291956106819 8.71494882106778 8.67590299844741 8.60649881495369 8.53709463145997 8.46769044796624 8.39828626447252 8.3288820809788 8.25947789748507 8.1916614161597 8.12860804133942 8.06555466651913 8.00250129169885
7.9430081327757 7.66224798758828 7.38148784240092 7.10072769721356 6.81996755202614 6.6446802655856 6.50455059872735 6.36442093186908 6.22429126501084 6.08416159815259 5.94403193129432 5.80390226443607 5.80721548398322 6.24085736274711 6.67449924151093 7.10814112027475 7.54178299903864 7.97542487780246 8.40906675656627 8.84270863533017 8.88744148413343 8.80253798961643 8.71763449509941 8.6327310005824 8.5478275060654 8.46292401154837 8.37802051703137 8.33185547987619 8.4019058148066 8.47195614973703 8.54200648466744 8.61205681959785 8.68210715452828 8.7521574894587 8.82220782438911 8.80928534269332 8.76870525545543 8.72812516821754 8.68754508097965 8.64696499374176 8.60638490650387 8.56580481926597 8.52145205073884 8.46578123834396 8.41011042594907 8.35443961355419
7.87391275167472 7.61562985181812 7.35734695196156 7.09906405210501 6.84078115224841 6.70548001527787 6.61117279926937 6.51686558326085 6.42255836725235 6.32825115124385 6.23394393523533 6.13963671922682 6.15993523597706 6.52405095100396 6.8881666660308 7.25228238105764 7.61639809608455 7.98051381111139 8.34462952613823 8.70874524116513 8.74889166355135 8.68104832172396 8.61320497989656 8.54536163806917 8.47751829624178 8.40967495441438 8.34183161258699 8.31296695868173 8.40103836854296 8.48910977840422 8.57718118826546 8.6652525981267 8.75332400798795 8.8413954178492 8.92946682771043 8.94266768693923 8.93091169595717 8.91915570497511 8.90739971399305 8.895643723011 8.88388773202894 8.87213174104688 8.85124268531798 8.8029544353485 8.75466618537901 8.70637793540953
7.80481737057374 7.56901171604796 7.33320606152221 7.09740040699646 6.86159475247068 6.76627976497014 6.71779499981138 6.66931023465261 6.62082546949385 6.57234070433508 6.52385593917631 6.47537117401755 6.51265498797087 6.80724453926079 7.10183409055066 7.39642364184053 7.69101319313045 7.98560274442032 8.28019229571019 8.5747818470001 8.61034184296929 8.55955865383151 8.50877546469373 8.45799227555595 8.40720908641817 8.35642589728039 8.30564270814261 8.29407843748726 8.40017092227933 8.50626340707141 8.61235589186347 8.71844837665554 8.82454086144763 8.93063334623969 9.03672583103175 9.07605003118513 9.0931181364589 9.11018624173267 9.12725434700645 9.14432245228022 9.16139055755399 9.17845866282776 9.18103331989708 9.140127632353 9.09922194480892 9.05831625726484
7.73687445455133 7.51081562704513 7.28475679953898 7.05869797203282 6.83263914452662 6.7666652639707 6.75405303239823 6.74144080082576 6.72882856925329 6.71621633768081 6.70360410610834 6.69099187453587 6.74371192190375 6.99242880609297 7.24114569028214 7.48986257447131 7.73857945866052 7.98729634284969 8.23601322703886 8.48473011122807 8.52253409226736 8.49003377225665 8.45753345224593 8.42503313223521 8.3925328122245 8.36003249221378 8.32753217220306 8.33084397580885 8.44159215026428 8.55234032471972 8.66308849917514 8.77383667363057 8.88458484808601 8.99533302254144 9.10608119699686 9.1577289422353 9.18967654440137 9.22162414656744 9.25357174873351 9.28551935089958 9.31746695306565 9.34941455523172 9.36659108797709 9.33945441246033 9.31231773694356 9.28518106142679
7.67008400360749 7.44104158480965 7.21199916601186 6.98295674721406 6.75391432841622 6.70663651227951 6.71994689702988 6.73325728178024 6.7465676665306 6.75987805128097 6.77318843603133 6.7864988207817 6.85310603777561 7.07960375150041 7.30610146522518 7.53259917894994 7.75909689267474 7.9855946063995 8.21209232012426 8.43859003384906 8.48546841144562 8.47247367699941 8.4594789425532 8.446484208107 8.43348947366079 8.42049473921458 8.40750000476837 8.42326357364651 8.52530205249783 8.62734053134916 8.72937901020047 8.83141748905179 8.93345596790311 9.03549444675443 9.13753292560574 9.18770442008971 9.22058691978454 9.25346941947936 9.28635191917419 9.31923441886901 9.35211691856383 9.38499941825866 9.4079159895579 9.40093477567037 9.39395356178283 9.3869723478953
7.60329355266365 7.37126754257418 7.13924153248474 6.9072155223953 6.67518951230583 6.64660776058833 6.68584076166152 6.72507376273473 6.76430676380792 6.80353976488112 6.84277276595432 6.88200576702752 6.96250015364747 7.16677869690786 7.37105724016821 7.57533578342856 7.77961432668895 7.98389286994931 8.18817141320966 8.39244995647005 8.44840273062389 8.45491358174218 8.46142443286048 8.46793528397878 8.47444613509707 8.48095698621537 8.48746783733367 8.51568317148417 8.60901195473137 8.70234073797859 8.79566952122579 8.888998304473 8.98232708772021 9.07565587096741 9.16898465421462 9.21767989794412 9.2514972951677 9.28531469239127 9.31913208961486 9.35294948683843 9.38676688406201 9.42058428128559 9.4492408911387 9.4624151388804 9.4755893866221 9.48876363436379
7.53650310171981 7.3014935003387 7.06648389895762 6.83147429757654 6.59646469619543 6.58657900889714 6.65173462629317 6.71689024368921 6.78204586108524 6.84720147848127 6.91235709587731 6.97751271327335 7.07189426951933 7.2539536423153 7.43601301511125 7.61807238790719 7.80013176070317 7.98219113349911 8.16425050629506 8.34630987909103 8.41133704980214 8.43735348648495 8.46336992316776 8.48938635985056 8.51540279653336 8.54141923321617 8.56743566989897 8.60810276932184 8.69272185696493 8.77734094460803 8.86196003225112 8.94657911989421 9.03119820753731 9.1158172951804 9.20043638282349 9.24765537579853 9.28240767055086 9.3171599653032 9.35191226005553 9.38666455480786 9.42141684956019 9.45616914431253 9.49056579271951 9.52389550209044 9.55722521146137 9.5905549208323
7.46971265077597 7.23171945810321 6.9937262654305 6.75573307275778 6.51773988008503 6.52655025720595 6.61762849092482 6.7087067246437 6.79978495836256 6.89086319208143 6.98194142580031 7.07301965951917 7.18128838539119 7.34112858772275 7.50096879005429 7.66080899238582 7.82064919471739 7.98048939704892 8.14032959938046 8.30016980171202 8.3742713689804 8.41979339122771 8.46531541347503 8.51083743572234 8.55635945796965 8.60188148021697 8.64740350246428 8.7005223671595 8.77643175919848 8.85234115123747 8.92825054327645 9.00415993531542 9.08006932735441 9.15597871939339 9.23188811143237 9.27763085365295 9.31331804593403 9.34900523821512 9.38469243049621 9.42037962277729 9.45606681505838 9.49175400733947 9.53189069430032 9.58537586530048 9.63886103630064 9.6923462073008
7.40292219983213 7.16194541586774 6.92096863190338 6.67999184793903 6.43901506397463 6.46652150551477 6.58352235555647 6.70052320559818 6.81752405563988 6.93452490568158 7.0515257557233 7.16852660576499 7.29068250126304 7.42830353313019 7.56592456499732 7.70354559686445 7.8411666287316 7.97878766059873 8.11640869246586 8.25402972433301 8.33720568815867 8.40223329597048 8.46726090378231 8.53228851159412 8.59731611940594 8.66234372721777 8.72737133502958 8.79294196499716 8.86014166143202 8.9273413578669 8.99454105430177 9.06174075073663 9.12894044717151 9.19614014360638 9.26333984004124 9.30760633150735 9.34422842131719 9.38085051112703 9.41747260093688 9.45409469074672 9.49071678055656 9.5273388703664 9.57321559588112 9.64685622851051 9.72049686113991 9.7941374937693
7.25456960598635 7.03200670480733 6.80944380362834 6.58688090244935 6.36431800127033 6.40577036142348 6.5352278086874 6.66468525595134 6.79414270321527 6.92360015047919 7.05305759774313 7.18251504500706 7.30490737491182 7.40610435273912 7.50730133056641 7.60849830839369 7.709695286221 7.81089226404828 7.91208924187556 8.01328621970286 8.09892979065581 8.17938889265064 8.25984799464548 8.3403070966403 8.42076619863513 8.50122530062997 8.5816844026248 8.66374098724791 8.7505900197559 8.83743905226391 8.9242880847719 9.01113711727989 9.0979861497879 9.18483518229589 9.27168421480388 9.31961431503295 9.35457143783569 9.38952856063842 9.42448568344116 9.45944280624389 9.49439992904662 9.52935705184936 9.57559398015339 9.65567032496133 9.73574666976928 9.81582301457722
7.0246548692386 6.84190332492196 6.65915178060536 6.47640023628876 6.29364869197213 6.34429682493208 6.47274485031761 6.60119287570317 6.7296409010887 6.85808892647423 6.98653695185978 7.11498497724531 7.22396300633748 7.27453104654948 7.32509908676148 7.37566712697348 7.42623516718548 7.47680320739748 7.52737124760948 7.57793928782148 7.65944367647173 7.75126018126807 7.84307668606443 7.93489319086077 8.02670969565711 8.11852620045346 8.2103427052498 8.31291943391164 8.44777683417001 8.5826342344284 8.71749163468678 8.85234903494515 8.98720643520354 9.12206383546191 9.25692123572028 9.31365480422973 9.3443470954895 9.37503938674926 9.40573167800903 9.4364239692688 9.46711626052856 9.49780855178833 9.53902584711709 9.6118181546529 9.68461046218871 9.75740276972452
6.79474013249086 6.65179994503661 6.50885975758239 6.36591957012817 6.22297938267393 6.28282328844069 6.41026189194783 6.537700495455 6.66513909896214 6.79257770246928 6.92001630597644 7.04745490948358 7.14301863776314 7.14295774035985 7.14289684295657 7.14283594555328 7.14277504815 7.14271415074671 7.14265325334342 7.14259235594014 7.21995756228769 7.32313146988555 7.42630537748342 7.52947928508127 7.63265319267912 7.73582710027699 7.83900100787484 7.9620978805754 8.14496364858415 8.32782941659292 8.51069518460167 8.69356095261041 8.87642672061919 9.05929248862793 9.24215825663668 9.30769529342651 9.3341227531433 9.3605502128601 9.3869776725769 9.4134051322937 9.4398325920105 9.4662600517273 9.5024577140808 9.56796598434447 9.63347425460815 9.69898252487182
6.5648253957431 6.46169656515125 6.35856773455941 6.25543890396758 6.15231007337572 6.2213497519493 6.34777893357805 6.47420811520682 6.60063729683557 6.72706647846432 6.85349566009309 6.97992484172184 7.0620742691888 7.01138443417021 6.96069459915164 6.91000476413307 6.85931492911449 6.80862509409591 6.75793525907734 6.70724542405876 6.78047144810362 6.89500275850298 7.00953406890237 7.12406537930173 7.2385966897011 7.35312800010048 7.46765931049985 7.61127632723913 7.84215046299825 8.07302459875742 8.30389873451654 8.53477287027566 8.76564700603482 8.99652114179395 9.22739527755307 9.30173578262329 9.32389841079712 9.34606103897094 9.36822366714477 9.3903862953186 9.41254892349243 9.43471155166626 9.4658895810445 9.52411381403604 9.58233804702758 9.64056228001912
6.33491065899535 6.27159318526588 6.20827571153643 6.14495823780698 6.08164076407752 6.1598762154579 6.28529597520826 6.41071573495864 6.536135494709 6.66155525445936 6.78697501420974 6.9123947739601 6.98112990061445 6.87981112798057 6.77849235534671 6.67717358271285 6.57585481007897 6.47453603744512 6.37321726481125 6.27189849217738 6.34098533391954 6.46687404712042 6.59276276032132 6.7186514735222 6.84454018672308 6.97042889992398 7.09631761312486 7.26045477390286 7.53933727741236 7.81821978092191 8.09710228443141 8.37598478794091 8.65486729145046 8.93374979495997 9.21263229846947 9.29577627182007 9.31367406845093 9.33157186508178 9.34946966171265 9.3673674583435 9.38526525497436 9.40316305160522 9.42932144800821 9.48026164372761 9.53120183944702 9.58214203516642
6.10499592224761 6.08148980538053 6.05798368851346 6.03447757164639 6.01097145477932 6.09840267896651 6.22281301683848 6.34722335471047 6.47163369258244 6.5960440304544 6.7204543683264 6.84486470619836 6.90018553204011 6.74823782179094 6.5962901115418 6.44434240129266 6.29239469104349 6.14044698079434 5.9884992705452 5.83655156029603 5.9014992197355 6.03874533573789 6.17599145174031 6.3132375677427 6.45048368374509 6.58772979974751 6.7249759157499 6.90963322056662 7.2365240918265 7.56341496308643 7.8903058343463 8.21719670560618 8.54408757686611 8.87097844812598 9.19786931938586 9.28981676101684 9.30344972610473 9.31708269119263 9.33071565628052 9.34434862136841 9.3579815864563 9.37161455154419 9.39275331497192 9.43640947341918 9.48006563186646 9.52372179031372
5.992930399047 5.98896051777734 5.98499063650767 5.981020755238 5.97705087396834 6.06206937233605 6.17675066391625 6.29143195549646 6.40611324707666 6.52079453865685 6.63547583023707 6.75015712181727 6.793436978923 6.6225125326051 6.45158808628722 6.28066363996935 6.10973919365144 5.93881474733356 5.76789030101569 5.59696585469778 5.66209965944288 5.80591954787569 5.94973943630853 6.09355932474134 6.23737921317416 6.38119910160699 6.5250189900398 6.72097173929207 7.07332307100286 7.42567440271372 7.77802573442451 8.13037706613531 8.48272839784616 8.83507972955696 9.18743106126775 9.29416019916534 9.31901527245838 9.34387034575143 9.36872541904448 9.39358049233752 9.41843556563057 9.44329063892362 9.47045659754008 9.50455521212681 9.53865382671354 9.57275244130026
5.99871408939362 5.99400532245636 5.98929655551911 5.98458778858185 5.97987902164459 6.05087629556654 6.14710891644158 6.24334153731663 6.33957415819167 6.43580677906671 6.53203939994176 6.6282720208168 6.66088424126312 6.50263526042305 6.34438627958301 6.18613729874297 6.02788831790291 5.86963933706287 5.71139035622283 5.55314137538276 5.62278665304182 5.76839668353396 5.91400671402612 6.05961674451826 6.2052267750104 6.35083680550256 6.4964468359947 6.69447033007932 7.04973421494156 7.40499809980387 7.76026198466611 8.11552586952835 8.47078975439066 8.8260536392529 9.18131752411514 9.30880658626555 9.36037070751189 9.41193482875822 9.46349895000456 9.51506307125089 9.56662719249723 9.61819131374357 9.66243129571277 9.68469885985054 9.70696642398832 9.7292339881261
