data/working_set_collections/6091692-Cassins_Sparrow-MC/1990/bio10.asc
NCOLS 265 
NROWS 230 
XLLCORNER -115.5625 
YLLCORNER 24.8333333333333 
CELLSIZE 0.0833333333333333 
NODATA_value -9999 
[rows 180 to 199 of 230, columns 184 to 229 of 265]
30.3065082550049 30.2850053575304 30.2635024600559 30.2226628303528 30.1753776232401 30.1280924161275 30.0808072090149 30.0335220019023 29.9862367947896 29.938951587677 29.8920779546102 29.8464390436808 29.8008001327514 29.7551612218221 29.7095223108927 29.6638833999634 29.618244489034 29.5726055781046 29.5524343967438 29.5407524585724 29.529070520401 29.5173885822296 29.5057066440582 29.4940247058868 29.4823427677154 29.4553087446425 29.3822184668647 29.3091281890869 29.2360379113091 29.1629476335314 29.0898573557536 29.0167670779758 28.943676800198 28.8885368188222 28.8393802695804 28.7902237203386 28.7410671710968 28.691910621855 28.6427540726132 28.5935975233714 28.5455975002713 28.5010670555963 28.4565366109212 28.4120061662462 28.3674757215712 28.3229452768962
30.3715934753418 30.3618399302165 30.3520863850911 30.3168047904968 30.2730138460795 30.2292229016622 30.1854319572449 30.1416410128275 30.0978500684102 30.0540591239929 30.0093032201131 29.9616524378459 29.9140016555786 29.8663508733114 29.8187000910441 29.7710493087768 29.7233985265096 29.6757477442423 29.6498626232147 29.6312327226003 29.6126028219859 29.5939729213714 29.575343020757 29.5567131201426 29.5380832195282 29.5046164194743 29.4266389211019 29.3486614227295 29.2706839243571 29.1927064259847 29.1147289276123 29.0367514292399 28.9587739308675 28.9021525859833 28.8526499589284 28.8031473318736 28.7536447048187 28.7041420777639 28.654639450709 28.6051368236542 28.5574703216553 28.5153121948242 28.4731540679932 28.4309959411621 28.3888378143311 28.3466796875
30.4366786956787 30.4386745029026 30.4406703101264 30.4109467506409 30.3706500689189 30.3303533871969 30.2900567054748 30.2497600237528 30.2094633420308 30.1691666603088 30.126528485616 30.0768658320109 30.0272031784058 29.9775405248006 29.9278778711955 29.8782152175903 29.8285525639852 29.77888991038 29.7472908496857 29.7217129866282 29.6961351235708 29.6705572605133 29.6449793974558 29.6194015343984 29.5938236713409 29.5539240943061 29.4710593753391 29.3881946563721 29.3053299374051 29.2224652184381 29.139600499471 29.056735780504 28.973871061537 28.9157683531443 28.8659196482764 28.8160709434086 28.7662222385407 28.7163735336728 28.6665248288049 28.616676123937 28.5693431430393 28.5295573340522 28.4897715250651 28.449985716078 28.4101999070909 28.3704140981038
30.5017639160156 30.5155090755886 30.5292542351617 30.5050887107849 30.4682862917582 30.4314838727315 30.3946814537048 30.3578790346781 30.3210766156514 30.2842741966247 30.243753751119 30.1920792261759 30.1404047012329 30.0887301762899 30.0370556513468 29.9853811264038 29.9337066014608 29.8820320765177 29.8447190761566 29.8121932506561 29.7796674251556 29.7471415996551 29.7146157741547 29.6820899486542 29.6495641231537 29.6032317691379 29.5154798295763 29.4277278900147 29.339975950453 29.2522240108914 29.1644720713298 29.0767201317681 28.9889681922065 28.9293841203054 28.8791893376245 28.8289945549435 28.7787997722626 28.7286049895816 28.6784102069007 28.6282154242198 28.5812159644233 28.5438024732802 28.506388982137 28.4689754909939 28.4315619998508 28.3941485087077
30.5668491363525 30.5923436482747 30.6178381601969 30.5992306709289 30.5659225145976 30.5326143582662 30.4993062019348 30.4659980456034 30.432689889272 30.3993817329407 30.3609790166219 30.307292620341 30.25360622406 30.1999198277791 30.1462334314982 30.0925470352173 30.0388606389364 29.9851742426554 29.9421473026276 29.902673514684 29.8631997267405 29.823725938797 29.7842521508535 29.74477836291 29.7053045749664 29.6525394439697 29.5599002838135 29.4672611236572 29.374621963501 29.2819828033448 29.1893436431885 29.0967044830322 29.004065322876 28.9429998874664 28.8924590269725 28.8419181664785 28.7913773059845 28.7408364454905 28.6902955849966 28.6397547245026 28.5930887858073 28.5580476125081 28.523006439209 28.4879652659098 28.4529240926107 28.4178829193115
30.6319343566894 30.6691782209608 30.7064220852322 30.693372631073 30.6635587374369 30.6337448438009 30.6039309501648 30.5741170565287 30.5443031628926 30.5144892692566 30.4782042821248 30.422506014506 30.3668077468872 30.3111094792684 30.2554112116496 30.1997129440308 30.1440146764119 30.0883164087931 30.0395755290985 29.993153778712 29.9467320283254 29.9003102779388 29.8538885275523 29.8074667771657 29.7610450267792 29.7018471188016 29.6043207380507 29.5067943572998 29.409267976549 29.3117415957981 29.2142152150472 29.1166888342964 29.0191624535455 28.9566156546275 28.9057287163205 28.8548417780135 28.8039548397064 28.7530679013994 28.7021809630924 28.6512940247854 28.6049616071913 28.5722927517361 28.5396238962809 28.5069550408257 28.4742861853706 -9999
30.6610128561656 30.7076470851898 30.7542813142141 30.7452948888143 30.7177682452732 30.690241601732 30.6627149581909 30.6351883146498 30.6076616711087 30.5801350275675 30.5444366243151 30.4842229419285 30.4240092595418 30.3637955771552 30.3035818947686 30.243368212382 30.1831545299954 30.1229408476088 30.0721605141958 30.0245246304406 29.9768887466855 29.9292528629303 29.8816169791752 29.83398109542 29.7863452116648 29.7257497151693 29.6262753804525 29.5268010457357 29.4273267110189 29.3278523763021 29.2283780415853 29.1289037068685 29.0294293721517 28.9638686974843 28.9096125761668 28.8553564548493 28.8011003335317 28.7468442122142 28.6925880908966 28.6383319695791 28.5903870158725 28.5613755649991 28.5323641141256 28.5033526632521 28.4743412123786 28.4453297615051
30.6540846347809 30.7077502409617 30.7614158471425 30.7549974441528 30.7285510381063 30.7021046320597 30.6756582260132 30.6492118199666 30.6227654139201 30.5963190078735 30.5596760431926 30.4924434026082 30.4252107620239 30.3579781214396 30.2907454808553 30.223512840271 30.1562801996867 30.0890475591024 30.0399022579193 29.99678606987 29.9536698818207 29.9105536937714 29.8674375057221 29.8243213176727 29.7812051296234 29.7242472330729 29.6257642110189 29.5272811889649 29.4287981669108 29.3303151448568 29.2318321228028 29.1333491007487 29.0348660786947 28.964759016037 28.9041106065115 28.8434621969859 28.7828137874603 28.7221653779348 28.6615169684092 28.6008685588837 28.549365011851 28.525296052297 28.5012270927429 28.4771581331889 28.4530891736349 -9999
30.6471564133962 30.7078533967336 30.768550380071 30.7646999994914 30.7393338309394 30.7139676623874 30.6886014938354 30.6632353252835 30.6378691567315 30.6125029881795 30.5749154620701 30.500663863288 30.426412264506 30.352160665724 30.277909066942 30.20365746816 30.129405869378 30.055154270596 30.0076440016429 29.9690475092994 29.9304510169559 29.8918545246124 29.853258032269 29.8146615399255 29.776065047582 29.7227447509766 29.6252530415853 29.527761332194 29.4302696228028 29.3327779134115 29.2352862040202 29.1377944946289 29.0403027852377 28.9656493345897 28.8986086368561 28.8315679391225 28.764527241389 28.6974865436554 28.6304458459219 28.5634051481883 28.5083430078295 28.4892165395949 28.4700900713603 28.4509636031257 28.4318371348911 -9999
30.6402281920115 30.7079565525055 30.7756849129994 30.7744025548299 30.7501166237725 30.7258306927151 30.7015447616577 30.6772588306003 30.6529728995429 30.6286869684855 30.5901548809476 30.5088843239679 30.4276137669881 30.3463432100084 30.2650726530287 30.183802096049 30.1025315390693 30.0212609820896 29.9753857453664 29.9413089487288 29.9072321520911 29.8731553554535 29.8390785588159 29.8050017621782 29.7709249655406 29.7212422688802 29.6247418721517 29.5282414754232 29.4317410786947 29.3352406819662 29.2387402852376 29.1422398885091 29.0457394917806 28.9665396531423 28.8931066672007 28.8196736812592 28.7462406953176 28.672807709376 28.5993747234345 28.5259417374929 28.4673210038079 28.4531370268928 28.4389530499776 -9999 -9999 -9999
30.6332999706268 30.7080597082774 30.7828194459279 30.7841051101685 30.7608994166056 30.7376937230428 30.71448802948 30.6912823359172 30.6680766423543 30.6448709487915 30.605394299825 30.5171047846476 30.4288152694702 30.3405257542928 30.2522362391154 30.163946723938 30.0756572087606 29.9873676935832 29.94312748909 29.9135703881582 29.8840132872264 29.8544561862946 29.8248990853628 29.795341984431 29.7657848834992 29.7197397867839 29.6242307027181 29.5287216186524 29.4332125345866 29.3377034505209 29.2421943664551 29.1466852823893 29.0511761983236 28.967429971695 28.8876046975454 28.8077794233958 28.7279541492462 28.6481288750967 28.5683036009471 28.4884783267975 28.4262989997864 28.4170575141907 -9999 -9999 -9999 -9999
30.6263717492421 30.7081628640493 30.7899539788564 30.793807665507 30.7716822094388 30.7495567533705 30.7274312973023 30.705305841234 30.6831803851658 30.6610549290975 30.6206337187025 30.5253252453274 30.4300167719523 30.3347082985772 30.2393998252021 30.144091351827 30.0487828784519 29.9534744050768 29.9108692328135 29.8858318275876 29.8607944223616 29.8357570171356 29.8107196119097 29.7856822066837 29.7606448014577 29.7182373046875 29.6237195332845 29.5292017618815 29.4346839904785 29.3401662190756 29.2456484476725 29.1511306762696 29.0566129048666 28.9683202902476 28.88210272789 28.7958851655325 28.7096676031749 28.6234500408173 -9999 -9999 -9999 -9999 -9999 -9999 -9999 -9999
30.6479348659515 30.726428217358 30.8049215687646 30.8059284369151 30.7811064773136 30.7562845177121 30.7314625581106 30.7066405985091 30.6818186389076 30.656996679306 30.6137752321032 30.5153553220961 30.4169354120891 30.318515502082 30.220095592075 30.1216756820679 30.0232557720608 29.9248358620538 29.8850693861643 29.8648540549808 29.8446387237973 29.8244233926137 29.8042080614302 29.7839927302467 29.7637773990631 29.7247391488817 29.6292321417067 29.5337251345317 29.4382181273567 29.3427111201816 29.2472041130066 29.1516971058316 29.0561900986566 28.9644145011902 28.8738827069601 28.7833509127299 28.6928191184998 28.6022873242696 -9999 -9999 -9999 -9999 -9999 -9999 -9999 -9999
30.697989320755 30.7628557682037 30.8277222156524 30.8204674243927 30.7891722202301 30.7578770160675 30.7265818119049 30.6952866077423 30.6639914035797 30.6326961994171 30.5848188400269 30.4871950149536 30.3895711898804 30.2919473648072 30.1943235397339 30.0966997146607 29.9990758895874 29.9014520645142 29.8657279491425 29.8506370703379 29.8355461915334 29.8204553127289 29.8053644339244 29.7902735551198 29.7751826763153 29.7392453193665 29.6407685279846 29.5422917366028 29.443814945221 29.3453381538391 29.2468613624573 29.1483845710755 29.0499077796936 28.9557126045227 28.8629446347555 28.7701766649882 28.677408695221 -9999 -9999 -9999 -9999 -9999 -9999 -9999 -9999 -9999
30.7480437755585 30.7992833190494 30.8505228625403 30.8350064118703 30.7972379631466 30.759469514423 30.7217010656993 30.6839326169756 30.6461641682519 30.6083957195282 30.5558624479506 30.4590347078112 30.3622069676717 30.2653792275323 30.1685514873929 30.0717237472534 29.974896007114 29.8780682669746 29.8463865121206 29.8364200856951 29.8264536592695 29.816487232844 29.8065208064185 29.796554379993 29.7865879535675 29.7537514898512 29.6523049142626 29.5508583386739 29.4494117630853 29.3479651874966 29.246518611908 29.1450720363193 29.0436254607307 28.9470107078552 28.8520065625509 28.7570024172465 -9999 -9999 -9999 -9999 -9999 -9999 -9999 -9999 -9999 -9999
30.7980982303619 30.8357108698951 30.8733235094282 30.8495453993479 30.8053037060632 30.7610620127784 30.7168203194936 30.6725786262088 30.6283369329241 30.5840952396393 30.5269060558743 30.4308744006687 30.3348427454631 30.2388110902575 30.1427794350518 30.0467477798462 29.9507161246406 29.854684469435 29.8270450750987 29.8222031010522 29.8173611270057 29.8125191529592 29.8076771789127 29.8028352048662 29.7979932308197 29.768257660336 29.6638413005405 29.5594249407451 29.4550085809496 29.3505922211541 29.2461758613587 29.1417595015632 29.0373431417677 28.9383088111878 28.8410684903463 -9999 -9999 -9999 -9999 -9999 -9999 -9999 -9999 -9999 -9999 -9999
30.8481526851654 30.8721384207408 30.8961241563161 30.8640843868256 30.8133694489797 30.7626545111338 30.711939573288 30.6612246354421 30.6105096975963 30.5597947597504 30.497949663798 30.4027140935262 30.3074785232544 30.2122429529826 30.1170073827108 30.021771812439 29.9265362421672 29.8313006718954 29.8077036380768 29.8079861164093 29.8082685947418 29.8085510730743 29.8088335514069 29.8091160297394 29.8093985080719 29.7827638308207 29.6753776868185 29.5679915428162 29.4606053988139 29.3532192548116 29.2458331108093 29.1384469668071 29.0310608228048 28.9296069145203 28.8301304181417 -9999 28.6311774253845 -9999 -9999 -9999 -9999 -9999 -9999 -9999 -9999 -9999
30.8982071399689 30.9085659715864 30.918924803204 30.8786233743032 30.8214351918962 30.7642470094893 30.7070588270823 30.6498706446754 30.5926824622684 30.5354942798615 30.4689932717218 30.3745537863838 30.2801143010458 30.1856748157078 30.0912353303698 29.9967958450318 29.9023563596938 29.8079168743558 29.7883622010549 29.7937691317664 29.799176062478 29.8045829931895 29.809989923901 29.8153968546126 29.8208037853241 29.7972700013055 29.6869140730964 29.5765581448873 29.4662022166782 29.3558462884691 29.24549036026 29.1351344320509 29.0247785038419 28.9209050178528 28.8191923459371 -9999 -9999 -9999 -9999 -9999 -9999 -9999 -9999 -9999 -9999 -9999
30.8785999774933 30.8939889536964 30.9093779298994 30.8716685930888 30.8162598186069 30.760851044125 30.7054422696432 30.6500334951613 30.5946247206794 30.5392159461975 30.4741479820675 30.3801024489933 30.286056915919 30.1920113828447 30.0979658497705 30.0039203166962 29.9098747836219 29.8158292505476 29.8001482486725 29.810588757197 29.8210292657216 29.8314697742462 29.8419102827708 29.8523507912954 29.8627912998199 29.8410540474786 29.7227835125394 29.6045129776001 29.4862424426609 29.3679719077217 29.2497013727824 29.1314308378432 29.013160302904 28.9075214862824 28.8060932424334 28.7046649985844 -9999 -9999 -9999 -9999 -9999 -9999 -9999 -9999 -9999 -9999
30.7893311977387 30.8284073670705 30.8674835364024 30.8432200431824 30.7978433291117 30.7524666150411 30.7070899009705 30.6617131868998 30.6163364728292 30.5709597587585 30.5134137948354 30.4193600813548 30.3253063678742 30.2312526543935 30.1371989409129 30.0431452274323 29.9490915139516 29.855037800471 29.8430617809296 29.8584449927012 29.8738282044729 29.8892114162445 29.9045946280161 29.9199778397878 29.9353610515594 29.91411596934 29.7829860051473 29.6518560409546 29.5207260767619 29.3895961125692 29.2584661483765 29.1273361841838 28.9962062199911 28.889456319809 28.7908331076304 -9999 -9999 -9999 -9999 -9999 -9999 -9999 -9999 -9999 -9999 -9999
