data/working_set_collections/6091692-Cassins_Sparrow-MC/1990/bio11.asc
NCOLS 265 
NROWS 230 
XLLCORNER -115.5625 
YLLCORNER 24.8333333333333 
CELLSIZE 0.0833333333333333 
NODATA_value -9999 
[rows 200 to 219 of 230, columns 46 to 91 of 265]
-9999 -9999 -9999 -9999 -9999 -9999 -9999 -9999 -9999 -9999 -9999 -9999 -9999 -9999 -9999 18.3147424856822 18.3708052900102 18.4268680943383 18.4829308986664 18.5389937029944 18.5950565073225 18.5944353421529 18.5749195204841 18.5554036988152 18.5358878771464 18.5163720554776 18.4968562338087 18.4773404121399 18.3806796126896 18.0525838798947 17.7244881470998 17.396392414305 17.0682966815101 16.7402009487152 16.4121052159204 16.0840094831255 15.5504743178686 14.948459341791 14.3464443657133 13.7444293896358 13.1424144135582 12.5403994374805 11.9383844614029 11.3555184523265 10.8300993442535 10.3046802361806
-9999 -9999 -9999 -9999 -9999 -9999 -9999 -9999 -9999 -9999 -9999 -9999 -9999 -9999 -9999 -9999 18.3801661226484 18.4354322062598 18.4906982898712 18.5459643734826 18.601230457094 18.6150155703227 18.6149736934238 18.6149318165249 18.614889939626 18.6148480627272 18.6148061858283 18.6147643089294 18.5405253357358 18.2436950736576 17.9468648115794 17.6500345495012 17.353204287423 17.0563740253448 16.7595437632667 16.4627135011884 15.9577834526698 15.3834868086709 14.809190164672 14.2348935206731 13.6605968766743 13.0863002326753 12.5120035886764 11.9449987570445 11.3998693625132 10.854739967982
-9999 -9999 -9999 -9999 -9999 -9999 -9999 -9999 -9999 -9999 -9999 -9999 -9999 -9999 -9999 -9999 -9999 18.4439963181813 18.498465681076 18.5529350439707 18.6074044068654 18.6355957984924 18.6550278663635 18.6744599342346 18.6938920021057 18.7133240699768 18.7327561378479 18.752188205719 18.700371058782 18.4348062674204 18.169241476059 17.9036766846975 17.638111893336 17.3725471019745 17.106982310613 16.8414175192515 16.365092587471 15.8185142755509 15.2719359636307 14.7253576517105 14.1787793397904 13.6322010278701 13.08562271595 12.5344790617625 11.9696393807729 11.4047996997833
-9999 -9999 -9999 -9999 -9999 -9999 -9999 -9999 -9999 -9999 -9999 -9999 -9999 -9999 -9999 -9999 -9999 -9999 -9999 18.5599057144589 18.6135783566369 18.6561760266622 18.6950820393032 18.7339880519443 18.7728940645854 18.8118000772264 18.8507060898675 18.8896121025085 18.8602167818282 18.6259174611833 18.3916181405385 18.1573188198937 17.9230194992489 17.6887201786041 17.4544208579593 17.2201215373145 16.7724017222723 16.2535417424308 15.7346817625893 15.2158217827479 14.6969618029065 14.178101823065 13.6592418432236 13.1239593664806 12.5394093990326 11.9548594315847
-9999 -9999 -9999 -9999 -9999 -9999 -9999 -9999 -9999 -9999 -9999 -9999 -9999 -9999 -9999 -9999 -9999 -9999 -9999 -9999 18.620267285241 18.6678653240204 18.7147276719411 18.7615900198619 18.8084523677826 18.8553147157033 18.9021770636241 18.9490394115448 18.935575358073 18.7411321004232 18.5466888427735 18.3522455851237 18.1578023274739 17.9633590698242 17.7689158121745 17.5744725545247 17.1552713076274 16.6611507309808 16.1670301543341 15.6729095776876 15.178789001041 14.6846684243944 14.1905478477478 13.6699771987068 13.0700563324822 12.4701354662577
-9999 -9999 -9999 -9999 -9999 -9999 -9999 -9999 -9999 -9999 -9999 -9999 -9999 -9999 -9999 -9999 -9999 -9999 -9999 -9999 -9999 18.670663690567 18.7139647642771 18.7572658379873 18.8005669116974 18.8438679854075 18.8871690591176 18.9304701328278 18.9264467875163 18.78045018514 18.6344535827637 18.4884569803874 18.342460378011 18.1964637756348 18.0504671732584 17.9044705708821 17.5137013435364 17.0413412412008 16.5689811388651 16.0966210365295 15.624260934194 15.1519008318583 14.6795407295227 14.1725325584412 13.5615801811218 12.9506278038025
17.9757330099742 18.059344625473 -9999 -9999 -9999 -9999 -9999 -9999 -9999 -9999 -9999 -9999 -9999 -9999 -9999 -9999 -9999 -9999 -9999 -9999 -9999 -9999 18.7132018566131 18.7529416561127 18.7926814556122 18.8324212551117 18.8721610546112 18.9119008541107 18.9173182169597 18.8197682698568 18.7222183227539 18.624668375651 18.5271184285482 18.4295684814453 18.3320185343424 18.2344685872395 17.8721313794454 17.4215317514208 16.9709321233961 16.5203324953715 16.0697328673469 15.6191332393222 15.1685336112976 14.6750879181757 14.0531040297614 13.4311201413473
17.8740474541982 17.9922839323679 -9999 -9999 -9999 -9999 -9999 -9999 -9999 -9999 -9999 -9999 -9999 -9999 -9999 -9999 -9999 -9999 -9999 -9999 -9999 -9999 -9999 18.7486174742381 18.784795999527 18.8209745248159 18.8571530501048 18.8933315753937 18.908189646403 18.8590863545736 18.8099830627441 18.7608797709147 18.7117764790853 18.6626731872558 18.6135698954264 18.5644666035969 18.2305614153544 17.8017222616408 17.3728831079271 16.9440439542134 16.5152048004998 16.0863656467861 15.6575264930725 15.1776432779101 14.544627878401 13.911612478892
17.7723618984222 17.9252232392629 -9999 -9999 -9999 -9999 -9999 -9999 -9999 -9999 -9999 -9999 -9999 -9999 -9999 -9999 -9999 -9999 -9999 -9999 -9999 -9999 -9999 -9999 18.7769105434418 18.8095277945201 18.8421450455984 18.8747622966766 18.8990610758464 18.8984044392904 18.8977478027344 18.8970911661784 18.8964345296224 18.8957778930664 18.8951212565104 18.8944646199544 18.5889914512634 18.1819127718608 17.7748340924581 17.3677554130554 16.9606767336528 16.55359805425 16.1465193748474 15.6801986376445 15.0361517270406 14.3921048164368
17.6706763426463 17.8581625461578 18.0456487496694 -9999 -9999 -9999 -9999 -9999 -9999 -9999 -9999 -9999 -9999 -9999 -9999 -9999 -9999 -9999 -9999 -9999 -9999 -9999 -9999 -9999 -9999 -9999 -9999 -9999 18.8899325052897 18.9377225240071 18.9855125427246 19.033302561442 19.0810925801595 19.1288825988769 19.1766726175944 19.2244626363118 18.9474214871725 18.5621032820808 18.1767850769891 17.7914668718974 17.4061486668057 17.020830461714 16.6355122566223 16.182753997379 15.5276755756802 14.8725971539816
17.6420412699381 17.8431813134087 18.0443213568793 -9999 -9999 -9999 -9999 -9999 -9999 -9999 -9999 -9999 -9999 -9999 -9999 -9999 -9999 -9999 -9999 -9999 -9999 -9999 -9999 -9999 -9999 -9999 -9999 -9999 18.902848344379 18.9758773114946 19.0489062786102 19.1219352457258 19.1949642128414 19.2679931799571 19.3410221470727 19.4140511141883 19.1695089975993 18.8191098531088 18.4687107086182 18.1183115641276 17.7679124196371 17.4175132751465 17.0671141306559 16.6411440902287 15.988461361991 15.3357786337535
17.6864566802978 17.8802795410156 18.0741024017334 18.2679252624511 18.4617481231689 -9999 -9999 -9999 -9999 -9999 -9999 -9999 -9999 -9999 -9999 -9999 -9999 -9999 -9999 -9999 -9999 -9999 -9999 -9999 -9999 -9999 -9999 -9999 18.9378085931142 19.0128688017527 19.0879290103912 19.1629892190297 19.2380494276682 19.3131096363067 19.3881698449452 19.4632300535838 19.255253982544 18.9529324849447 18.6506109873454 18.3482894897461 18.0459679921468 17.7436464945475 17.4413249969482 17.0553689161937 16.4185090859731 15.7816492557526
17.7308720906575 17.9173777686225 18.1038834465874 18.2903891245524 18.4768948025173 -9999 -9999 -9999 -9999 -9999 -9999 -9999 -9999 -9999 -9999 -9999 -9999 -9999 -9999 -9999 -9999 -9999 -9999 -9999 -9999 -9999 -9999 -9999 18.9727688418494 19.0498602920108 19.1269517421722 19.2040431923336 19.281134642495 19.3582260926564 19.4353175428178 19.5124089929792 19.3409989674886 19.0867551167806 18.8325112660726 18.5782674153646 18.3240235646566 18.0697797139485 17.8155358632405 17.4695937421588 16.8485568099552 16.2275198777517
17.7752875010172 17.9544759962293 18.1336644914415 18.3128529866536 18.4920414818657 -9999 -9999 -9999 -9999 -9999 -9999 -9999 -9999 -9999 -9999 -9999 -9999 -9999 -9999 -9999 -9999 -9999 -9999 -9999 -9999 -9999 -9999 -9999 19.0077290905846 19.0868517822689 19.1659744739532 19.2450971656375 19.3242198573218 19.4033425490061 19.4824652406904 19.5615879323747 19.4267439524333 19.2205777486166 19.0144115447998 18.8082453409831 18.6020791371664 18.3959129333496 18.1897467295329 17.8838185681238 17.2786045339373 16.6733904997508
17.8197029113769 17.9915742238362 18.1634455362955 18.3353168487549 18.5071881612142 -9999 -9999 -9999 -9999 -9999 -9999 -9999 -9999 -9999 -9999 -9999 -9999 -9999 -9999 -9999 -9999 -9999 -9999 -9999 -9999 -9999 -9999 -9999 19.0426893393198 19.123843272527 19.2049972057342 19.2861511389414 19.3673050721486 19.4484590053558 19.529612938563 19.6107668717702 19.5124889373779 19.3544003804525 19.196311823527 19.0382232666016 18.8801347096761 18.7220461527506 18.5639575958252 18.2980433940888 17.7086522579193 17.1192611217499
17.8641183217366 18.0286724514431 18.1932265811496 18.3577807108561 18.5223348405626 -9999 -9999 18.7874810589684 -9999 -9999 -9999 -9999 -9999 -9999 -9999 -9999 -9999 -9999 -9999 -9999 -9999 -9999 -9999 -9999 -9999 -9999 -9999 19.0470331986745 19.0776495880551 19.1608347627852 19.2440199375152 19.3272051122453 19.4103902869754 19.4935754617055 19.5767606364356 19.6599458111657 19.5982339223226 19.4882230122884 19.3782121022542 19.26820119222 19.1581902821858 19.0481793721516 18.9381684621174 18.7122682200538 18.1386999819013 17.565131743749
17.9807053407033 18.1176289187537 18.2545524968041 18.3914760748545 18.5283996529049 -9999 -9999 -9999 -9999 -9999 -9999 -9999 -9999 -9999 -9999 -9999 -9999 -9999 -9999 -9999 -9999 -9999 -9999 -9999 -9999 -9999 19.0840344429016 19.0965625445048 19.1265146308475 19.2087386714087 19.29096271197 19.3731867525312 19.4554107930925 19.5376348336537 19.619858874215 19.7020829147763 19.6724785804749 19.6055981212192 19.5387176619636 19.4718372027079 19.4049567434523 19.3380762841966 19.271195824941 19.0857023027209 18.544369591607 18.0030368804932
18.1694639682769 18.258443625768 18.347423283259 18.4364029407501 18.5253825982412 -9999 18.68463306427 -9999 -9999 -9999 -9999 -9999 -9999 -9999 -9999 -9999 -9999 -9999 -9999 -9999 -9999 -9999 -9999 -9999 -9999 -9999 19.1452589988708 19.1592349052429 19.1892844676971 19.2675549983978 19.3458255290985 19.4240960597992 19.5023665904999 19.5806371212005 19.6589076519012 19.7371781826019 19.7352229118347 19.7065257072449 19.677828502655 19.6491312980652 19.6204340934753 19.5917368888855 19.5630396842956 19.4183456420899 18.9256610870361 18.4329765319824
18.3582225958506 18.3992583327823 18.440294069714 18.4813298066457 18.5223655435774 -9999 -9999 -9999 -9999 -9999 -9999 -9999 -9999 -9999 -9999 -9999 -9999 -9999 -9999 -9999 -9999 -9999 -9999 -9999 -9999 -9999 -9999 19.221907265981 19.2520543045467 19.3263713253869 19.400688346227 19.4750053670671 19.5493223879072 19.6236394087473 19.6979564295874 19.7722734504276 19.7979672431946 19.8074532932705 19.8169393433465 19.8264253934224 19.8359114434983 19.8453974935743 19.8548835436502 19.7509889814589 19.3069525824652 18.8629161834717
18.5469812234243 18.5400730397966 18.5331648561689 18.5262566725413 18.5193484889136 18.512440305286 -9999 -9999 -9999 -9999 -9999 -9999 -9999 -9999 -9999 -9999 -9999 -9999 -9999 -9999 -9999 -9999 -9999 -9999 -9999 -9999 -9999 -9999 19.3148241413964 19.3851876523759 19.4555511633555 19.525914674335 19.5962781853146 19.6666416962941 19.7370052072737 19.8073687182532 19.8607115745544 19.9083808792962 19.9560501840379 20.0037194887797 20.0513887935214 20.0990580982632 20.1467274030049 20.083632320828 19.6882440778944 19.292855834961
