data/working_set_collections/6091692-Cassins_Sparrow-MC/1990/bio2.asc
NCOLS 265 
NROWS 230 
XLLCORNER -115.5625 
YLLCORNER 24.8333333333333 
CELLSIZE 0.0833333333333333 
NODATA_value -9999 
[rows 20 to 39 of 230, columns 46 to 91 of 265]
13.3020837306977 13.2104221714868 13.1187606122759 13.027099053065 12.9354374938541 12.8437759346432 12.897845753034 13.0004926972919 13.1031396415498 13.2057865858078 13.3084335300657 13.4110804743237 13.5137274185816 13.6108701546987 13.691500266393 13.7721303780873 13.8527604897817 13.933390601476 14.0140207131703 14.0946508248647 14.175280936559 14.1395912965139 14.0651284058889 13.9906655152639 13.9162026246389 13.8417397340139 13.7672768433889 13.6928139527639 13.6371183978187 13.6377248499128 13.638331302007 13.6389377541012 13.6395442061954 13.6401506582896 13.6407571103838 13.6413635624779 13.6664186080297 13.6996231847339 13.7328277614381 13.7660323381424 13.7992369148466 13.8324414915509 13.8656460682551 13.8901913642883 13.8887588183085 13.8873262723287
13.2310499668122 13.1319898870257 13.0329298072391 12.9338697274526 12.8348096476661 12.7357495678796 12.8012039105097 12.9214963939455 13.0417888773812 13.1620813608169 13.2823738442527 13.4026663276884 13.5229588111241 13.6344216187795 13.7193953990936 13.8043691794077 13.8893429597219 13.974316740036 14.0592905203501 14.1442643006642 14.2292380809784 14.2016930739085 14.1366418043772 14.071590534846 14.0065392653147 13.9414879957835 13.8764367262522 13.811385456721 13.7612435075972 13.7558295196957 13.7504155317942 13.7450015438927 13.7395875559913 13.7341735680898 13.7287595801883 13.7233455922868 13.7436496178309 13.7725263145235 13.801403011216 13.8302797079086 13.8591564046012 13.8880331012938 13.9169097979863 13.9362523714701 13.9269925753276 13.917732779185
13.1600162029267 13.0535576025645 12.9470990022024 12.8406404018402 12.7341818014781 12.627723201116 12.7045620679855 12.842500090599 12.9804381132126 13.1183761358261 13.2563141584396 13.3942521810531 13.5321902036667 13.6579730828603 13.7472905317942 13.8366079807281 13.925925429662 14.015242878596 14.1045603275299 14.1938777764638 14.2831952253977 14.2637948513031 14.2081552028656 14.1525155544281 14.0968759059906 14.0412362575531 13.9855966091156 13.9299569606781 13.8853686173757 13.8739341894785 13.8624997615814 13.8510653336843 13.8396309057871 13.82819647789 13.8167620499929 13.8053276220957 13.8208806276321 13.845429444313 13.8699782609939 13.8945270776748 13.9190758943558 13.9436247110367 13.9681735277176 13.9823133786519 13.9652263323466 13.9481392860413
13.0889824390412 12.9751253181034 12.8612681971656 12.7474110762279 12.6335539552901 12.5196968343523 12.6079202254613 12.7635037872526 12.9190873490439 13.0746709108352 13.2302544726265 13.3858380344179 13.5414215962092 13.6815245469411 13.7751856644948 13.8688467820485 13.9625078996022 14.0561690171559 14.1498301347097 14.2434912522634 14.3371523698171 14.3258966286977 14.279668601354 14.2334405740102 14.1872125466665 14.1409845193227 14.094756491979 14.0485284646352 14.0094937271542 13.9920388592614 13.9745839913686 13.9571291234758 13.939674255583 13.9222193876902 13.9047645197974 13.8873096519046 13.8981116374334 13.9183325741026 13.9385535107718 13.9587744474411 13.9789953841103 13.9992163207796 14.0194372574488 14.0283743858337 14.0034600893656 13.9785457928975
13.063905843099 12.9534939024184 12.8430819617377 12.7326700210571 12.6222580803765 12.5118461396959 12.5991029262542 12.7522492885589 12.9053956508636 13.0585420131683 13.211688375473 13.3648347377777 13.5179811000824 13.6562270985709 13.749772005611 13.8433169126511 13.9368618196911 14.0304067267312 14.1239516337713 14.2174965408113 14.3110414478514 14.307043337822 14.2705308887694 14.2340184397168 14.1975059906642 14.1609935416116 14.124481092559 14.0879686435064 14.0554865227805 14.035095387035 14.0147042512894 13.9943131155438 13.9739219797982 13.9535308440526 13.9331397083071 13.9127485725615 13.9220159133275 13.9411694129308 13.9603229125341 13.9794764121373 13.9986299117406 14.0177834113439 14.0369369109472 14.0435971604453 14.0127776596281 13.9819581588109
13.0847864151001 12.9886633555095 12.8925402959188 12.7964172363281 12.7002941767375 12.6041711171468 12.6781101703643 12.808736594518 12.9393630186717 13.0699894428253 13.2006158669789 13.3312422911326 13.4618687152862 13.5820807377497 13.6710495551427 13.7600183725357 13.8489871899287 13.9379560073217 14.0269248247147 14.1158936421076 14.2048624595006 14.2072349786759 14.1807420651118 14.1542491515478 14.1277562379837 14.1012633244197 14.0747704108556 14.0482774972916 14.0233470042547 14.0031037727992 13.9828605413437 13.9626173098882 13.9423740784327 13.9221308469772 13.9018876155218 13.8816443840663 13.8925934553146 13.9139399607976 13.9352864662806 13.9566329717636 13.9779794772466 13.9993259827296 14.0206724882126 14.0279817024867 13.9931790431341 13.9583763837814
13.1056669871012 13.0238328086005 12.9419986300998 12.8601644515991 12.7783302730984 12.6964960945977 12.7571174144745 12.8652239004771 12.9733303864797 13.0814368724823 13.1895433584849 13.2976498444875 13.4057563304901 13.5079343769285 13.5923271046744 13.6767198324203 13.7611125601662 13.8455052879122 13.9298980156581 14.014290743404 14.0986834711499 14.1074266195297 14.0909532414542 14.0744798633788 14.0580064853033 14.0415331072278 14.0250597291523 14.0085863510768 13.9912074857288 13.9711121585634 13.951016831398 13.9309215042326 13.9108261770672 13.8907308499018 13.8706355227365 13.8505401955711 13.8631709973017 13.8867105086644 13.9102500200272 13.9337895313899 13.9573290427526 13.9808685541153 14.004408065478 14.012366244528 13.97358042664 13.9347946087519
13.1265475591024 13.0590022616916 12.9914569642809 12.9239116668701 12.8563663694594 12.7888210720486 12.8361246585846 12.9217112064361 13.0072977542877 13.0928843021393 13.1784708499908 13.2640573978424 13.349643945694 13.4337880161073 13.5136046542062 13.593421292305 13.6732379304038 13.7530545685026 13.8328712066015 13.9126878447003 13.9925044827991 14.0076182603836 14.0011644177967 13.9947105752097 13.9882567326228 13.9818028900358 13.9753490474489 13.968895204862 13.9590679672029 13.9391205443276 13.9191731214523 13.899225698577 13.8792782757017 13.8593308528264 13.8393834299511 13.8194360070758 13.8337485392888 13.8594810565313 13.8852135737737 13.9109460910161 13.9366786082586 13.962411125501 13.9881436427434 13.9967507865694 13.9539818101459 13.9112128337224
13.1474281311035 13.0941717147827 13.0409152984619 12.9876588821411 12.9344024658203 12.8811460494995 12.9151319026947 12.9781985123952 13.0412651220957 13.1043317317963 13.1673983414968 13.2304649511973 13.2935315608978 13.3596416552861 13.4348822037379 13.5101227521896 13.5853633006414 13.6606038490931 13.7358443975449 13.8110849459966 13.8863254944484 13.9078099012375 13.9113755941391 13.9149412870407 13.9185069799423 13.9220726728439 13.9256383657456 13.9292040586472 13.9269284486771 13.9071289300919 13.8873294115067 13.8675298929215 13.8477303743363 13.827930855751 13.8081313371658 13.7883318185806 13.8043260812759 13.8322516043981 13.8601771275202 13.8881026506424 13.9160281737645 13.9439536968867 13.9718792200088 13.9811353286108 13.9343831936518 13.8876310586929
13.1683087031047 13.1293411678738 13.090373632643 13.0514060974121 13.0124385621813 12.9734710269504 12.9941391468048 13.0346858183543 13.0752324899038 13.1157791614532 13.1563258330027 13.1968725045522 13.2374191761017 13.285495294465 13.3561597532696 13.4268242120743 13.4974886708789 13.5681531296836 13.6388175884883 13.7094820472929 13.7801465060976 13.8080015420914 13.8215867704815 13.8351719988717 13.8487572272619 13.862342455652 13.8759276840422 13.8895129124324 13.8947889301512 13.8751373158561 13.855485701561 13.8358340872659 13.8161824729708 13.7965308586756 13.7768792443805 13.7572276300854 13.774903623263 13.8050221522649 13.8351406812668 13.8652592102687 13.8953777392705 13.9254962682724 13.9556147972743 13.9655198706521 13.9147845771578 13.8640492836634
13.1265675385793 13.1087131023407 13.0908586661021 13.0730042298635 13.0551497936249 13.0372953573863 13.0497515439987 13.0723112715615 13.0948709991243 13.1174307266871 13.1399904542499 13.1625501818127 13.1851099093755 13.2190515465206 13.2871389124129 13.355226278305 13.4233136441972 13.4914010100895 13.5594883759816 13.6275757418738 13.695663107766 13.7291191418966 13.7510313987732 13.7729436556498 13.7948559125264 13.8167681694031 13.8386804262797 13.8605926831563 13.8728916698032 13.8563508457608 13.8398100217183 13.8232691976759 13.8067283736335 13.7901875495911 13.7736467255486 13.7571059015062 13.7767735242844 13.808510629336 13.8402477343877 13.8719848394394 13.9037219444911 13.9354590495427 13.9671961545944 13.977472530471 13.9233667188221 13.8692609071732
13.0222046375275 13.0322875181834 13.0423703988393 13.0524532794952 13.0625361601512 13.0726190408071 13.0819690942764 13.0910748720169 13.1001806497574 13.1092864274979 13.1183922052383 13.1274979829788 13.1366037607193 13.1603104114532 13.2278196811676 13.295328950882 13.3628382205963 13.4303474903107 13.497856760025 13.5653660297394 13.6328752994537 13.6711627006531 13.6997094790141 13.7282562573751 13.7568030357361 13.7853498140971 13.8138965924581 13.8424433708191 13.8612366676331 13.8507695198059 13.8403023719788 13.8298352241516 13.8193680763245 13.8089009284973 13.7984337806702 13.787966632843 13.8099357843399 13.8427170356115 13.875498286883 13.9082795381546 13.9410607894262 13.9738420406977 14.0066232919693 14.0169933080673 13.9601296186447 13.9032659292221
12.9178417364756 12.9558619340261 12.9938821315765 13.031902329127 13.0699225266774 13.1079427242279 13.1141866445541 13.1098384724723 13.1054903003905 13.1011421283086 13.0967939562268 13.0924457841449 13.0880976120631 13.1015692763858 13.1685004499224 13.2354316234589 13.3023627969954 13.3692939705319 13.4362251440684 13.5031563176049 13.5700874911414 13.6132062594096 13.648387559255 13.6835688591003 13.7187501589457 13.7539314587911 13.7891127586365 13.8242940584818 13.8495816654629 13.845188193851 13.8407947222392 13.8364012506273 13.8320077790154 13.8276143074036 13.8232208357917 13.8188273641798 13.8430980443954 13.8769234418869 13.9107488393783 13.9445742368698 13.9783996343613 14.0122250318527 14.0460504293442 14.0565140856637 13.9968925184674 13.9372709512711
12.8134788354238 12.8794363498688 12.9453938643138 13.0113513787587 13.0773088932037 13.1432664076487 13.1464041948318 13.1286020729277 13.1107999510235 13.0929978291194 13.0751957072152 13.057393585311 13.0395914634069 13.0428281413184 13.1091812186771 13.1755342960358 13.2418873733944 13.3082404507531 13.3745935281118 13.4409466054704 13.5072996828291 13.5552498181661 13.5970656394958 13.6388814608256 13.6806972821554 13.7225131034851 13.7643289248149 13.8061447461446 13.8379266632928 13.8396068678962 13.8412870724996 13.842967277103 13.8446474817064 13.8463276863098 13.8480078909132 13.8496880955166 13.876260304451 13.9111298481623 13.9459993918737 13.980868935585 14.0157384792964 14.0506080230077 14.085477566719 14.0960348632601 14.03365541829 13.97127597332
12.709115934372 12.8030107657115 12.896905597051 12.9908004283905 13.08469525973 13.1785900910695 13.1786217451096 13.1473656733831 13.1161096016566 13.0848535299301 13.0535974582036 13.0223413864772 12.9910853147507 12.984087006251 13.0498619874318 13.1156369686127 13.1814119497935 13.2471869309743 13.3129619121552 13.378736893336 13.4445118745168 13.4972933769226 13.5457437197367 13.5941940625509 13.642644405365 13.6910947481791 13.7395450909932 13.7879954338074 13.8262716611226 13.8340255419413 13.84177942276 13.8495333035787 13.8572871843974 13.8650410652161 13.8727949460347 13.8805488268534 13.9094225645065 13.9453362544378 13.981249944369 14.0171636343002 14.0530773242315 14.0889910141627 14.1249047040939 14.1355556408564 14.0704183181127 14.005280995369
12.6047530333201 12.7265851815541 12.8484173297882 12.9702494780222 13.0920816262563 13.2139137744903 13.2108392953873 13.1661292738385 13.1214192522897 13.0767092307409 13.0319992091921 12.9872891876433 12.9425791660945 12.9253458711836 12.9905427561866 13.0557396411896 13.1209365261926 13.1861334111955 13.2513302961985 13.3165271812015 13.3817240662045 13.4393369356791 13.4944217999776 13.5495066642761 13.6045915285746 13.6596763928731 13.7147612571716 13.7698461214701 13.8146166589525 13.8284442159865 13.8422717730204 13.8560993300544 13.8699268870884 13.8837544441223 13.8975820011563 13.9114095581902 13.9425848245621 13.9795426607132 14.0165004968643 14.0534583330154 14.0904161691666 14.1273740053177 14.1643318414688 14.1750764184528 14.1071812179354 14.0392860174179
12.5353303750356 12.6702284548017 12.8051265345679 12.9400246143341 13.0749226941002 13.2098207738664 13.2131497303645 13.1726223124398 13.1320948945151 13.0915674765905 13.0510400586658 13.0105126407411 12.9699852228165 12.9565527068244 13.0244048966302 13.0922570864359 13.1601092762417 13.2279614660475 13.2958136558532 13.363665845659 13.4315180354648 13.4887094974518 13.5423473834991 13.5959852695465 13.6496231555938 13.7032610416412 13.7568989276886 13.8105368137359 13.8546264330546 13.8700712521871 13.8855160713196 13.9009608904521 13.9164057095845 13.931850528717 13.9472953478495 13.962740166982 13.9886328220367 14.0180080890655 14.0473833560944 14.0767586231232 14.106133890152 14.1355091571808 14.1648844242096 14.1701694356071 14.1031836801105 14.036197924614
12.5008479595184 12.6339405854543 12.7670332113902 12.900125837326 13.0332184632619 13.1663110891978 13.1855530500412 13.1668447891871 13.148136528333 13.1294282674789 13.1107200066249 13.0920117457708 13.0733034849167 13.0777075131734 13.1514484087626 13.2251893043518 13.298930199941 13.3726710955302 13.4464119911193 13.5201528867085 13.5938937822977 13.6454110622406 13.6895204703013 13.733629878362 13.7777392864227 13.8218486944834 13.8659581025441 13.9100675106048 13.9463009834289 13.9589066505432 13.9715123176575 13.9841179847717 13.996723651886 14.0093293190002 14.0219349861145 14.0345406532287 14.0475665569305 14.0607325394948 14.0738985220591 14.0870645046234 14.1002304871877 14.113396469752 14.1265624523163 14.1208346923193 14.0584257046382 13.9960167169571
12.4663655440012 12.5976527161068 12.7289398882124 12.860227060318 12.9915142324235 13.1228014045291 13.1579563697179 13.1610672659344 13.1641781621509 13.1672890583674 13.1703999545839 13.1735108508004 13.1766217470169 13.1988623195224 13.278491920895 13.3581215222676 13.4377511236402 13.5173807250129 13.5970103263855 13.6766399277581 13.7562695291307 13.8021126270294 13.8366935571034 13.8712744871775 13.9058554172516 13.9404363473256 13.9750172773997 14.0095982074737 14.0379755338033 14.0477420488993 14.0575085639953 14.0672750790914 14.0770415941874 14.0868081092834 14.0965746243795 14.1063411394755 14.1065002918243 14.1034569899241 14.1004136880239 14.0973703861237 14.0943270842234 14.0912837823232 14.088240480423 14.0714999490314 14.0136677291658 13.9558355093002
12.4318831284841 12.5613648467593 12.6908465650346 12.8203282833099 12.9498100015852 13.0792917198605 13.1303596893946 13.1552897426817 13.1802197959688 13.2051498492559 13.2300799025429 13.25500995583 13.2799400091171 13.3200171258714 13.4055354330275 13.4910537401835 13.5765720473395 13.6620903544956 13.7476086616516 13.8331269688076 13.9186452759636 13.9588141918182 13.9838666439056 14.008919095993 14.0339715480804 14.0590240001678 14.0840764522552 14.1091289043426 14.1296500841776 14.1365774472554 14.1435048103332 14.150432173411 14.1573595364888 14.1642868995666 14.1712142626444 14.1781416257222 14.1654340267181 14.1461814403534 14.1269288539886 14.1076762676239 14.0884236812592 14.0691710948944 14.0499185085297 14.0221652057436 13.9689097536935 13.9156543016434
