data/working_set_collections/6091692-Cassins_Sparrow-MC/1990/bio2.asc
NCOLS 265 
NROWS 230 
XLLCORNER -115.5625 
YLLCORNER 24.8333333333333 
CELLSIZE 0.0833333333333333 
NODATA_value -9999 
[rows 200 to 219 of 230, columns 138 to 183 of 265]
15.2428731097115 15.2257461468379 15.2086191839642 15.1914922210905 15.1872087399165 15.187206419309 15.1872040987015 15.187201778094 15.1871994574865 15.187197136879 15.1871948162715 15.1653624508116 15.0780399507947 14.9907174507777 14.9033949507608 14.8160724507438 14.7287499507268 14.6414274507099 14.5541049506929 14.5074760516485 14.4744116862615 14.4413473208745 14.4082829554876 14.3752185901006 14.3421542247136 14.3090898593267 14.2892238007651 14.3089526626799 14.3286815245946 14.3484103865093 14.3681392484241 14.3878681103388 14.4075969722536 14.4273258341683 14.3856718699137 14.3235569636027 14.2614420572917 14.1993271509806 14.1372122446696 14.0750973383586 14.0129824320475 13.9557539277607 13.9131846295463 13.8706153313319 13.8280460331175 13.7854767349031
15.2266658014721 15.2100379069646 15.1934100124571 15.1767821179496 15.1714608271917 15.1699084043503 15.1683559815089 15.1668035586675 15.1652511358261 15.1636987129847 15.1621462901433 15.1389406866498 15.0507755411996 14.9626103957494 14.8744452502993 14.7862801048491 14.6981149593989 14.6099498139488 14.5217846684986 14.4882023731868 14.4728143612544 14.457426349322 14.4420383373896 14.4266503254572 14.4112623135249 14.3958743015925 14.3885722769631 14.4055282142427 14.4224841515223 14.4394400888019 14.4563960260815 14.4733519633611 14.4903079006407 14.5072638379203 14.4639558156331 14.4005598068237 14.3371637980143 14.2737677892049 14.2103717803955 14.1469757715861 14.0835797627767 14.0232095109092 13.9719165298674 13.9206235488256 13.8693305677838 13.818037586742
15.2104584932327 15.1943296670914 15.17820084095 15.1620720148087 15.1557129144669 15.1526103893916 15.1495078643163 15.146405339241 15.1433028141658 15.1402002890905 15.1370977640152 15.1125189224879 15.0235111316045 14.9345033407212 14.8454955498378 14.7564877589544 14.667479968071 14.5784721771876 14.4894643863042 14.468928694725 14.4712170362473 14.4735053777695 14.4757937192917 14.4780820608139 14.4803704023361 14.4826587438583 14.4879207531611 14.5021037658055 14.51628677845 14.5304697910944 14.5446528037389 14.5588358163833 14.5730188290278 14.5872018416722 14.5422397613525 14.4775626500448 14.412885538737 14.3482084274292 14.2835313161214 14.2188542048136 14.1541770935059 14.0906650940577 14.0306484301885 13.9706317663193 13.9106151024501 13.8505984385808
15.1942511849933 15.1786214272181 15.1629916694429 15.1473619116677 15.139965001742 15.1353123744329 15.1306597471237 15.1260071198146 15.1213544925054 15.1167018651962 15.1120492378871 15.0860971583261 14.9962467220095 14.9063962856929 14.8165458493763 14.7266954130597 14.6368449767431 14.5469945404265 14.4571441041099 14.4496550162633 14.4696197112401 14.4895844062169 14.5095491011937 14.5295137961705 14.5494784911473 14.5694431861242 14.5872692293591 14.5986793173684 14.6100894053777 14.621499493387 14.6329095813963 14.6443196694056 14.6557297574149 14.6671398454242 14.6205237070719 14.5545654932658 14.4886072794596 14.4226490656535 14.3566908518473 14.2907326380412 14.224774424235 14.1581206772063 14.0893803305096 14.020639983813 13.9518996371163 13.8831592904197
15.1870237059063 15.172493259112 15.1579628123177 15.1434323655234 15.1352577050527 15.1292016400231 15.1231455749936 15.117089509964 15.1110334449344 15.1049773799049 15.0989213148753 15.0743346161313 14.9941560162438 14.9139774163564 14.833798816469 14.7536202165816 14.6734416166941 14.5932630168067 14.5130844169193 14.5100674390793 14.5327710019217 14.5554745647642 14.5781781276067 14.6008816904492 14.6235852532916 14.6462888161341 14.6639572487937 14.6665202909046 14.6690833330154 14.6716463751263 14.6742094172372 14.676772459348 14.6793355014589 14.6818985435698 14.6348794698715 14.5713330242369 14.5077865786023 14.4442401329676 14.380693687333 14.3171472416984 14.2536007960638 14.1882397121853 14.1174347135756 14.0466297149658 13.9758247163561 13.9050197177463
15.1887760559718 15.1759451627731 15.1631142695745 15.1502833763758 15.1415910243988 15.1342781861623 15.1269653479258 15.1196525096893 15.1123396714528 15.1050268332164 15.0977139949799 15.0772312959035 15.0172390143077 14.9572467327118 14.8972544511159 14.8372621695201 14.7772698879242 14.7172776063283 14.6572853247325 14.6501659631729 14.6606709082921 14.6711758534113 14.6816807985306 14.6921857436498 14.702690688769 14.7131956338882 14.7179848114649 14.7056266864141 14.6932685613632 14.6809104363124 14.6685523112615 14.6561941862106 14.6438360611598 14.6314779361089 14.5853070497513 14.5278652429581 14.4704234361649 14.4129816293717 14.3555398225784 14.2980980157852 14.240656208992 14.181022198995 14.1148115793864 14.0486009597778 13.9823903401693 13.9161797205607
15.1905284060372 15.1793970664342 15.1682657268312 15.1571343872282 15.1479243437449 15.1393547323015 15.1307851208581 15.1222155094147 15.1136458979713 15.1050762865278 15.0965066750844 15.0801279756758 15.0403220123715 15.0005160490672 14.9607100857629 14.9209041224586 14.8810981591542 14.8412921958499 14.8014862325456 14.7902644872665 14.7885708146625 14.7868771420585 14.7851834694544 14.7834897968504 14.7817961242464 14.7801024516423 14.7720123741362 14.7447330819236 14.717453789711 14.6901744974984 14.6628952052858 14.6356159130732 14.6083366208606 14.5810573286481 14.5357346296311 14.4843974616793 14.4330602937275 14.3817231257757 14.3303859578239 14.2790487898721 14.2277116219203 14.1738046858046 14.1121884451972 14.0505722045899 13.9889559639825 13.9273397233751
15.1922807561027 15.1828489700953 15.173417184088 15.1639853980806 15.154257663091 15.1444312784407 15.1346048937904 15.12477850914 15.1149521244897 15.1051257398393 15.095299355189 15.0830246554481 15.0634050104353 15.0437853654226 15.0241657204098 15.0045460753971 14.9849264303843 14.9653067853715 14.9456871403588 14.9303630113601 14.9164707210329 14.9025784307056 14.8886861403783 14.874793850051 14.8609015597237 14.8470092693965 14.8260399368074 14.7838394774331 14.7416390180588 14.6994385586845 14.6572380993101 14.6150376399358 14.5728371805615 14.5306367211872 14.4861622095108 14.4409296804004 14.3956971512901 14.3504646221797 14.3052320930693 14.2599995639589 14.2147670348485 14.1665871726142 14.109565311008 14.0525434494019 13.9955215877957 13.9384997261895
15.1940331061681 15.1863008737564 15.1785686413447 15.170836408933 15.1605909824371 15.1495078245799 15.1384246667226 15.1273415088654 15.1162583510081 15.1051751931508 15.0940920352936 15.0859213352203 15.0864880084991 15.0870546817779 15.0876213550568 15.0881880283356 15.0887547016144 15.0893213748932 15.089888048172 15.0704615354538 15.0443706274032 15.0182797193527 14.9921888113022 14.9660979032516 14.9400069952011 14.9139160871506 14.8800674994787 14.8229458729426 14.7658242464066 14.7087026198705 14.6515809933345 14.5944593667984 14.5373377402624 14.4802161137263 14.4365897893906 14.3974618991216 14.3583340088527 14.3192061185837 14.2800782283147 14.2409503380458 14.2018224477768 14.1593696594238 14.1069421768189 14.0545146942139 14.0020872116089 13.9496597290039
15.1957854562336 15.1897527774175 15.1837200986014 15.1776874197854 15.1669243017832 15.1545843707191 15.1422444396549 15.1299045085907 15.1175645775265 15.1052246464623 15.0928847153982 15.0888180149926 15.109571006563 15.1303239981333 15.1510769897037 15.1718299812741 15.1925829728444 15.2133359644148 15.2340889559851 15.2105600595474 15.1722705337736 15.1339810079998 15.095691482226 15.0574019564523 15.0191124306785 14.9808229049047 14.9340950621499 14.8620522684521 14.7900094747543 14.7179666810566 14.6459238873588 14.573881093661 14.5018382999632 14.4297955062655 14.3870173692703 14.3539941178428 14.3209708664152 14.2879476149877 14.2549243635602 14.2219011121326 14.1888778607051 14.1521521462335 14.1043190426297 14.0564859390259 14.0086528354221 13.9608197318183
15.2081969764498 15.2041798988978 15.2001628213459 15.1961457437939 15.1855325380961 15.1727206230164 15.1599087079366 15.1470967928568 15.1342848777771 15.1214729626973 15.1086610476176 15.1029727247026 15.118655178282 15.1343376318614 15.1500200854408 15.1657025390201 15.1813849925995 15.1970674461789 15.2127498997583 15.1943807681402 15.164661108123 15.1349414481057 15.1052217880885 15.0755021280713 15.045782468054 15.0160628080368 14.974545984798 14.8976376718945 14.820729358991 14.7438210460875 14.666912733184 14.5900044202805 14.513096107377 14.4361877944734 14.3931133190791 14.3613167895211 14.3295202599631 14.2977237304052 14.2659272008472 14.2341306712892 14.2023341417313 14.1663896984524 14.118001514011 14.0696133295695 14.021225145128 13.9728369606866
15.2312676668167 15.2295822381973 15.2278968095779 15.2262113809586 15.2164156913757 15.2039165814718 15.1914174715678 15.1789183616638 15.1664192517598 15.1539201418559 15.1414210319519 15.1283854643504 15.1137405236562 15.099095582962 15.0844506422679 15.0698057015737 15.0551607608795 15.0405158201854 15.0258708794912 15.021923661232 15.0215423504512 15.0211610396703 15.0207797288895 15.0203984181086 15.0200171073278 15.0196357965469 15.001420267423 14.9297020832698 14.8579838991165 14.7862657149633 14.71454753081 14.6428293466568 14.5711111625036 14.4993929783503 14.4548776388168 14.4194299141566 14.3839821894964 14.3485344648361 14.3130867401759 14.2776390155156 14.2421912908554 14.2020823160807 14.1479895909627 14.0938968658447 14.0398041407267 13.9857114156087
15.2543383571837 15.2549845774968 15.25563079781 15.2562770181232 15.2472988446554 15.2351125399272 15.222926235199 15.2107399304708 15.1985536257426 15.1863673210144 15.1741810162862 15.1537982039981 15.1088258690304 15.0638535340627 15.018881199095 14.9739088641273 14.9289365291596 14.8839641941919 14.8389918592241 14.8494665543239 14.8784235927794 14.9073806312349 14.9363376696905 14.965294708146 14.9942517466015 15.0232087850571 15.028294550048 14.961766494645 14.8952384392421 14.8287103838391 14.7621823284361 14.6956542730331 14.6291262176302 14.5625981622272 14.5166419585546 14.4775430387921 14.4384441190296 14.3993451992671 14.3602462795046 14.3211473597421 14.2820484399796 14.237774933709 14.1779776679145 14.11818040212 14.0583831363254 13.9985858705309
15.2774090475506 15.2803869167964 15.2833647860421 15.2863426552878 15.278181997935 15.2663084983826 15.2544349988302 15.2425614992778 15.2306879997253 15.2188145001729 15.2069410006205 15.1792109436459 15.1039112144047 15.0286114851634 14.9533117559221 14.8780120266809 14.8027122974396 14.7274125681983 14.6521128389571 14.6770094474157 14.7353048351076 14.7936002227995 14.8518956104914 14.9101909981834 14.9684863858753 15.0267817735672 15.055168832673 14.9938309060203 14.9324929793676 14.8711550527149 14.8098171260622 14.7484791994095 14.6871412727568 14.6258033461041 14.5784062782923 14.5356561634276 14.4929060485628 14.450155933698 14.4074058188333 14.3646557039685 14.3219055891037 14.2734675513374 14.2079657448663 14.1424639383952 14.0769621319241 14.011460325453
15.3004797379176 15.3057892560959 15.3110987742742 15.3164082924525 15.3090651512146 15.297504456838 15.2859437624613 15.2743830680847 15.2628223737081 15.2512616793315 15.2397009849548 15.2046236832937 15.0989965597789 14.9933694362641 14.8877423127493 14.7821151892345 14.6764880657196 14.5708609422048 14.46523381869 14.5045523405075 14.5921860774358 14.6798198143641 14.7674535512924 14.8550872882207 14.942721025149 15.0303547620773 15.082043115298 15.0258953173955 14.9697475194931 14.9135997215907 14.8574519236883 14.8013041257858 14.7451563278834 14.689008529981 14.6401705980301 14.593769288063 14.547367978096 14.500966668129 14.4545653581619 14.4081640481949 14.3617627382278 14.3091601689657 14.237953821818 14.1667474746704 14.0955411275228 14.0243347803752
15.3235504282845 15.3311915953954 15.3388327625063 15.3464739296171 15.3399483044942 15.3287004152934 15.3174525260925 15.3062046368917 15.2949567476908 15.28370885849 15.2724609692891 15.2300364229414 15.0940819051531 14.9581273873647 14.8221728695764 14.686218351788 14.5502638339997 14.4143093162113 14.278354798423 14.3320952335994 14.449067319764 14.5660394059287 14.6830114920934 14.7999835782581 14.9169556644228 15.0339277505874 15.1089173979229 15.0579597287708 15.0070020596186 14.9560443904665 14.9050867213143 14.8541290521622 14.80317138301 14.7522137138579 14.7019349177678 14.6518824126985 14.6018299076292 14.5517774025599 14.5017248974906 14.4516723924213 14.401619887352 14.344852786594 14.2679418987698 14.1910310109456 14.1141201231215 14.0372092352973
15.3646701839235 15.3725838263829 15.3804974688424 15.3884111113018 15.3823251406352 15.3715726322598 15.3608201238844 15.350067615509 15.3393151071337 15.3285625987583 15.3178100903829 15.2740561829673 15.1312980784311 14.9885399738948 14.8457818693585 14.7030237648222 14.560265660286 14.4175075557497 14.2747494512134 14.3308909336725 14.4533322784635 14.5757736232545 14.6982149680455 14.8206563128365 14.9430976576275 15.0655390024185 15.1460395680534 15.1007177962197 15.0553960243861 15.0100742525525 14.9647524807188 14.9194307088852 14.8741089370516 14.8287871652179 14.7751197417577 14.718670434422 14.6622211270862 14.6057718197505 14.5493225124147 14.492873205079 14.4364238977432 14.3738245063358 14.2927748627133 14.2117252190908 14.1306755754683 14.0496259318458
15.4238390048345 15.4299659490585 15.4360928932826 15.4422198375066 15.4361956596374 15.4261211077372 15.416046555837 15.4059720039368 15.3958974520365 15.3858229001363 15.3757483482361 15.3366829633713 15.2106450796128 15.0846071958542 14.9585693120957 14.8325314283371 14.7064935445785 14.58045566082 14.4544177770615 14.5009394407272 14.6049809535344 14.7090224663416 14.8130639791488 14.917105491956 15.0211470047632 15.1251885175705 15.1934096256892 15.1541695197423 15.1149294137955 15.0756893078486 15.0364492019018 14.9972090959549 14.957968990008 14.9187288840612 14.8597250699997 14.7941333532333 14.728541636467 14.6629499197006 14.5973582029343 14.5317664861679 14.4661747694016 14.3960753281911 14.3124527136485 14.2288300991058 14.1452074845632 14.0615848700206
15.4830078257455 15.4873480717341 15.4916883177227 15.4960285637114 15.4900661786397 15.4806695832146 15.4712729877896 15.4618763923645 15.4524797969394 15.4430832015143 15.4336866060893 15.3993097437753 15.2899920807945 15.1806744178136 15.0713567548328 14.962039091852 14.8527214288711 14.7434037658903 14.6340861029095 14.6709879477818 14.7566296286053 14.8422713094287 14.9279129902521 15.0135546710756 15.099196351899 15.1848380327224 15.240779683325 15.2076212432649 15.1744628032048 15.1413043631448 15.1081459230847 15.0749874830246 15.0418290429645 15.0086706029044 14.9443303982417 14.8695962720447 14.7948621458478 14.7201280196508 14.6453938934538 14.5706597672569 14.4959256410599 14.4183261500465 14.3321305645837 14.2459349791209 14.1597393936581 14.0735438081953
15.5421766466565 15.5447301944097 15.5472837421629 15.5498372899161 15.543936697642 15.5352180586921 15.5264994197422 15.5177807807922 15.5090621418423 15.5003435028924 15.4916248639425 15.4619365241793 15.3693390819762 15.2767416397731 15.18414419757 15.0915467553669 14.9989493131638 14.9063518709607 14.8137544287576 14.8410364548365 14.9082783036762 14.9755201525158 15.0427620013555 15.1100038501951 15.1772456990348 15.2444875478744 15.2881497409609 15.2610729667876 15.2339961926142 15.2069194184409 15.1798426442676 15.1527658700943 15.125689095921 15.0986123217477 15.0289357264837 14.9450591908561 14.8611826552285 14.7773061196009 14.6934295839734 14.6095530483458 14.5256765127182 14.4405769719018 14.3518084155189 14.263039859136 14.174271302753 14.0855027463701
