data/working_set_collections/6091692-Cassins_Sparrow-MC/1990/bio2.asc
NCOLS 265 
NROWS 230 
XLLCORNER -115.5625 
YLLCORNER 24.8333333333333 
CELLSIZE 0.0833333333333333 
NODATA_value -9999 
[rows 140 to 159 of 230, columns 138 to 183 of 265]
15.2704449123806 15.299324798584 15.3282046847873 15.3570845709907 15.3419599135717 15.3121670749452 15.2823742363188 15.2525813976924 15.2227885590659 15.1929957204395 15.163202881813 15.1362362570233 15.1177482737435 15.0992602904638 15.080772307184 15.0622843239043 15.0437963406245 15.0253083573447 15.006820374065 14.977402027448 14.9443402263853 14.9112784253226 14.87821662426 14.8451548231973 14.8120930221346 14.7790312210719 14.7508978207906 14.7375496228536 14.7242014249166 14.7108532269796 14.6975050290426 14.6841568311056 14.6708086331685 14.6574604352315 14.6219944318136 14.5791558265686 14.5363172213237 14.4934786160787 14.4506400108338 14.4078014055888 14.3649628003438 14.3145140012105 14.2412346204122 14.1679552396139 14.0946758588155 14.0213964780172
15.2395925733778 15.2774795532227 15.3153665330675 15.3532535129123 15.3436164299647 15.3181379927529 15.2926595555411 15.2671811183294 15.2417026811176 15.2162242439058 15.190745806694 15.1655482265684 15.1411932177014 15.1168382088343 15.0924831999673 15.0681281911002 15.0437731822332 15.0194181733661 14.9950631644991 14.9628097454707 14.9279235230552 14.8930373006397 14.8581510782242 14.8232648558087 14.7883786333932 14.7534924109777 14.7237630526225 14.7095042864482 14.6952455202738 14.6809867540995 14.6667279879252 14.6524692217509 14.6382104555766 14.6239516894023 14.5912366549174 14.5523695309957 14.513502407074 14.4746352831523 14.4357681592306 14.3969010353089 14.3580339113871 14.3108393669129 14.2386625607809 14.1664857546489 14.0943089485169 14.0221321423849
15.208740234375 15.2556343078613 15.3025283813476 15.349422454834 15.3452729463577 15.3241089105606 15.3029448747635 15.2817808389664 15.2606168031693 15.2394527673721 15.218288731575 15.1948601961136 15.1646381616592 15.1344161272049 15.1041940927506 15.0739720582962 15.0437500238419 15.0135279893875 14.9833059549332 14.9482174634934 14.911506819725 14.8747961759567 14.8380855321884 14.8013748884201 14.7646642446518 14.7279536008835 14.6966282844544 14.6814589500427 14.6662896156311 14.6511202812195 14.6359509468079 14.6207816123962 14.6056122779846 14.590442943573 14.5604788780213 14.5255832354228 14.4906875928243 14.4557919502258 14.4208963076274 14.3860006650289 14.3511050224304 14.3071647326152 14.2360905011495 14.1650162696838 14.0939420382182 14.0228678067525
15.1778878953722 15.2337890625 15.2896902296278 15.3455913967556 15.3469294627508 15.3300798283683 15.3132301939858 15.2963805596034 15.2795309252209 15.2626812908385 15.245831656456 15.2241721656587 15.1880831056171 15.1519940455755 15.1159049855338 15.0798159254922 15.0437268654505 15.0076378054089 14.9715487453673 14.933625181516 14.8950901163949 14.8565550512738 14.8180199861527 14.7794849210315 14.7409498559104 14.7024147907893 14.6694935162862 14.6534136136373 14.6373337109884 14.6212538083394 14.6051739056905 14.5890940030416 14.5730141003927 14.5569341977437 14.5297211011251 14.4987969398499 14.4678727785746 14.4369486172994 14.4060244560242 14.375100294749 14.3441761334737 14.3034900983175 14.2335184415182 14.1635467847188 14.0935751279195 14.0236034711202
15.1482554038366 15.2085038105647 15.2687522172928 15.3290006240209 15.3361644506455 15.3256334172355 15.3151023838255 15.3045713504155 15.2940403170056 15.2835092835956 15.2729782501856 15.25514307287 15.2153954638375 15.175647854805 15.1359002457725 15.09615263674 15.0564050277074 15.0166574186749 14.9769098096424 14.9350058237712 14.8923830456204 14.8497602674696 14.8071374893189 14.7645147111681 14.7218919330173 14.6792691548665 14.6430399179459 14.6259913047155 14.6089426914851 14.5918940782547 14.5748454650243 14.5577968517939 14.5407482385635 14.5236996253332 14.4984848340352 14.4705479833815 14.4426111327277 14.414674282074 14.3867374314202 14.3588005807665 14.3308637301127 14.2926811297735 14.2237612803777 14.154841430982 14.0859215815862 14.0170017321905
15.1198427597682 15.1797785520554 15.2397143443425 15.2996501366297 15.3129779100418 15.3107696771622 15.3085614442825 15.3063532114029 15.3041449785233 15.3019367456436 15.299728512764 15.2877729177475 15.2465752363205 15.2053775548935 15.1641798734665 15.1229821920395 15.0817845106125 15.0405868291855 14.9993891477585 14.9523593902588 14.9033856074015 14.8544118245443 14.805438041687 14.7564642588298 14.7074904759725 14.6585166931152 14.6172674894333 14.5991920232773 14.5811165571213 14.5630410909653 14.5449656248093 14.5268901586533 14.5088146924973 14.4907392263413 14.4667700767517 14.4408363660177 14.4149026552836 14.3889689445496 14.3630352338155 14.3371015230815 14.3111678123474 14.2747378269832 14.2068190177282 14.1389002084732 14.0709813992183 14.0030625899633
15.0914301156998 15.151053293546 15.2106764713923 15.2702996492386 15.2897913694382 15.2959059370889 15.3020205047395 15.3081350723902 15.3142496400409 15.3203642076916 15.3264787753423 15.320402762625 15.2777550088035 15.235107254982 15.1924595011605 15.149811747339 15.1071639935176 15.0645162396961 15.0218684858746 14.9697129567464 14.9143881691827 14.8590633816189 14.8037385940552 14.7484138064914 14.6930890189277 14.6377642313639 14.5914950609207 14.5723927418391 14.5532904227575 14.5341881036759 14.5150857845942 14.4959834655126 14.476881146431 14.4577788273494 14.4350553194682 14.4111247486538 14.3871941778395 14.3632636070252 14.3393330362108 14.3154024653965 14.2914718945821 14.2567945241928 14.1898767550787 14.1229589859645 14.0560412168503 13.9891234477361
15.0630174716314 15.1223280350367 15.1816385984421 15.2409491618474 15.2666048288345 15.2810421970155 15.2954795651966 15.3099169333776 15.3243543015586 15.3387916697396 15.3532290379206 15.3530326075024 15.3089347812865 15.2648369550705 15.2207391288545 15.1766413026386 15.1325434764226 15.0884456502067 15.0443478239907 14.9870665232341 14.9253907309638 14.8637149386936 14.8020391464234 14.7403633541531 14.6786875618829 14.6170117696126 14.5657226324081 14.5455934604009 14.5254642883937 14.5053351163864 14.4852059443792 14.4650767723719 14.4449476003647 14.4248184283575 14.4033405621847 14.38141313129 14.3594857003954 14.3375582695007 14.3156308386061 14.2937034077115 14.2717759768168 14.2388512214025 14.1729344924291 14.1070177634557 14.0411010344823 13.975184305509
15.034604827563 15.0936027765274 15.1526007254918 15.2115986744563 15.2434182882309 15.2661784569422 15.2889386256536 15.3116987943649 15.3344589630763 15.3572191317876 15.379979300499 15.3856624523799 15.3401145537694 15.294566655159 15.2490187565486 15.2034708579381 15.1579229593277 15.1123750607173 15.0668271621068 15.0044200897217 14.936393292745 14.8683664957682 14.8003396987915 14.7323129018148 14.6642861048381 14.5962593078613 14.5399502038956 14.5187941789627 14.4976381540299 14.476482129097 14.4553261041641 14.4341700792313 14.4130140542984 14.3918580293656 14.3716258049011 14.3517015139262 14.3317772229513 14.3118529319763 14.2919286410014 14.2720043500265 14.2520800590515 14.2209079186122 14.1559922297796 14.091076540947 14.0261608521144 13.9612451632818
15.0061921834946 15.0648775180181 15.1235628525416 15.1822481870651 15.2202317476273 15.2513147168689 15.2823976861106 15.3134806553523 15.3445636245939 15.3756465938356 15.4067295630773 15.4182922972573 15.3712943262524 15.3242963552475 15.2772983842426 15.2303004132377 15.1833024422328 15.1363044712279 15.089306500223 15.0217736562093 14.9473958545261 14.8730180528429 14.7986402511597 14.7242624494765 14.6498846477933 14.57550684611 14.514177775383 14.4919948975245 14.469812019666 14.4476291418076 14.4254462639491 14.4032633860906 14.3810805082321 14.3588976303736 14.3399110476176 14.3219898965624 14.3040687455071 14.2861475944519 14.2682264433967 14.2503052923415 14.2323841412862 14.2029646158219 14.13904996713 14.0751353184382 14.0112206697464 13.9473060210546
14.9702388577991 15.0242437918981 15.0782487259971 15.1322536600961 15.1722105741501 15.2074848148558 15.2427590555615 15.2780332962672 15.3133075369729 15.3485817776786 15.3838560183843 15.3994300656849 15.35590353277 15.3123769998551 15.2688504669402 15.2253239340253 15.1817974011103 15.1382708681954 15.0947443352805 15.0268429835638 14.9508166922464 14.8747904009289 14.7987641096115 14.7227378182941 14.6467115269767 14.5706852356593 14.5074693017536 14.482684440083 14.4578995784124 14.4331147167418 14.4083298550712 14.3835449934006 14.35876013173 14.3339752700594 14.3137690544129 14.2950890541077 14.2764090538025 14.2577290534973 14.2390490531921 14.220369052887 14.2016890525818 14.1723139497969 14.1108535395728 14.0493931293488 13.9879327191247 13.9264723089006
14.9267448504766 14.9717015981674 15.0166583458583 15.0616150935491 15.0993547677994 15.1346887509028 15.1700227340062 15.2053567171097 15.2406907002131 15.2760246833165 15.31135866642 15.3290757576625 15.2939421733221 15.2588085889816 15.2236750046412 15.1885414203008 15.1534078359604 15.11827425162 15.0831406672796 15.019628071785 14.9466558059057 14.8736835400264 14.800711274147 14.7277390082677 14.6547667423884 14.5817944765091 14.5198247830073 14.4908628066381 14.4619008302689 14.4329388538996 14.4039768775304 14.3750149011612 14.346052924792 14.3170909484228 14.2931998252869 14.2709989865621 14.2487981478373 14.2265973091126 14.2043964703878 14.182195631663 14.1599947929382 14.1289559205373 14.071402947108 14.0138499736786 13.9562970002492 13.8987440268199
14.8832508431541 14.9191594044367 14.9550679657194 14.9909765270021 15.0264989614487 15.0618926869498 15.097286412451 15.1326801379522 15.1680738634533 15.2034675889545 15.2388613144557 15.2587214496401 15.2319808138742 15.2052401781082 15.1784995423423 15.1517589065764 15.1250182708105 15.0982776350445 15.0715369992786 15.0124131600062 14.942494919565 14.8725766791238 14.8026584386826 14.7327401982414 14.6628219578001 14.5929037173589 14.532180264261 14.4990411731932 14.4659020821253 14.4327629910575 14.3996238999897 14.3664848089218 14.333345717854 14.3002066267861 14.2726305961609 14.2469089190165 14.2211872418722 14.1954655647278 14.1697438875834 14.1440222104391 14.1183005332947 14.0855978912778 14.0319523546431 13.9783068180084 13.9246612813738 13.8710157447391
14.8397568358315 14.8666172107061 14.8934775855806 14.9203379604552 14.953643155098 14.9890966229969 15.0245500908958 15.0600035587947 15.0954570266936 15.1309104945925 15.1663639624914 15.1883671416177 15.1700194544263 15.1516717672348 15.1333240800434 15.114976392852 15.0966287056605 15.0782810184691 15.0599333312776 15.0051982482275 14.9383340332243 14.8714698182212 14.8046056032181 14.737741388215 14.6708771732119 14.6040129582087 14.5445357455148 14.5072195397483 14.4699033339818 14.4325871282154 14.3952709224489 14.3579547166824 14.320638510916 14.2833223051495 14.2520613670349 14.222818851471 14.193576335907 14.164333820343 14.1350913047791 14.1058487892151 14.0766062736511 14.0422398620182 13.9925017621782 13.9427636623383 13.8930255624983 13.8432874626584
14.796262828509 14.8140750169754 14.8318872054418 14.8496993939082 14.8807873487473 14.9163005590439 14.9518137693405 14.9873269796372 15.0228401899338 15.0583534002304 15.093866610527 15.1180128335953 15.1080580949783 15.0981033563614 15.0881486177445 15.0781938791275 15.0682391405106 15.0582844018936 15.0483296632767 14.9979833364487 14.9341731468837 14.8703629573186 14.8065527677536 14.7427425781886 14.6789323886236 14.6151221990585 14.5568912267685 14.5153979063034 14.4739045858383 14.4324112653732 14.3909179449082 14.3494246244431 14.307931303978 14.2664379835129 14.2314921379089 14.1987287839254 14.1659654299418 14.1332020759583 14.1004387219747 14.0676753679911 14.0349120140076 13.9988818327586 13.9530511697134 13.9072205066681 13.8613898436229 13.8155591805776
14.7527688211865 14.7615328232447 14.770296825303 14.7790608273612 14.8079315423965 14.8435044950909 14.8790774477853 14.9146504004796 14.950223353174 14.9857963058684 15.0213692585627 15.0476585255729 15.0460967355304 15.044534945488 15.0429731554455 15.0414113654031 15.0398495753606 15.0382877853182 15.0367259952757 14.9907684246699 14.930012260543 14.8692560964161 14.8084999322891 14.7477437681622 14.6869876040353 14.6262314399084 14.5692467080222 14.5235762728585 14.4779058376948 14.4322354025311 14.3865649673674 14.3408945322037 14.29522409704 14.2495536618763 14.210922908783 14.1746387163798 14.1383545239767 14.1020703315735 14.0657861391703 14.0295019467672 13.993217754364 13.955523803499 13.9136005772485 13.8716773509979 13.8297541247474 13.7878308984969
14.7243525743485 14.7258021910985 14.7272518078486 14.7287014245987 14.7534532388051 14.7859724521637 14.8184916655223 14.8510108788808 14.8835300922394 14.9160493055979 14.9485685189565 14.9741828229692 14.9790823989444 14.9839819749196 14.9888815508949 14.9937811268701 14.9986807028453 15.0035802788205 15.0084798547957 14.9679092566172 14.9121819337209 14.8564546108246 14.8007272879283 14.744999965032 14.6892726421356 14.6335453192393 14.5796448734072 14.5312250587675 14.4828052441279 14.4343854294883 14.3859656148487 14.3375458002091 14.2891259855694 14.2407061709298 14.1982944806417 14.1578854984707 14.1174765162998 14.0770675341288 14.0366585519579 13.9962495697869 13.955840587616 13.915288538403 13.8743072880639 13.8333260377248 13.7923447873857 13.7513635370467
14.7110140879949 14.7068831205368 14.7027521530787 14.6986211856206 14.717352437973 14.7437044302622 14.7700564225515 14.7964084148407 14.8227604071299 14.8491123994192 14.8754643917084 14.8975857257843 14.9070150852203 14.9164444446564 14.9258738040924 14.9353031635284 14.9447325229645 14.9541618824005 14.9635912418366 14.9294058322907 14.8806821664175 14.8319585005442 14.783234834671 14.7345111687978 14.6857875029246 14.6370638370514 14.5880857229233 14.5383442640305 14.4886028051376 14.4388613462448 14.389119887352 14.3393784284592 14.2896369695664 14.2398955106735 14.1936068534851 14.1484691301982 14.1033314069112 14.0581936836243 14.0130559603373 13.9679182370504 13.9227805137634 13.8781760374705 13.8351713021596 13.7921665668488 13.7491618315379 13.706157096227
14.6976756016413 14.6879640499751 14.6782524983088 14.6685409466426 14.6812516371409 14.7014364083608 14.7216211795807 14.7418059508006 14.7619907220205 14.7821754932404 14.8023602644603 14.8209886285994 14.8349477714962 14.8489069143931 14.86286605729 14.8768252001868 14.8907843430837 14.9047434859806 14.9187026288774 14.8909024079641 14.849182399114 14.8074623902639 14.7657423814138 14.7240223725637 14.6823023637136 14.6405823548635 14.5965265724394 14.5454634692934 14.4944003661474 14.4433372630013 14.3922741598553 14.3412110567093 14.2901479535633 14.2390848504173 14.1889192263285 14.1390527619256 14.0891862975227 14.0393198331197 13.9894533687168 13.9395869043138 13.8897204399109 13.841063536538 13.7960353162554 13.7510070959727 13.7059788756901 13.6609506554074
14.6843371152878 14.6690449794134 14.6537528435389 14.6384607076645 14.6451508363088 14.6591683864594 14.6731859366099 14.6872034867605 14.701221036911 14.7152385870616 14.7292561372121 14.7443915314145 14.7628804577722 14.7813693841299 14.7998583104875 14.8183472368452 14.8368361632029 14.8553250895606 14.8738140159183 14.8523989836375 14.8176826318105 14.7829662799835 14.7482499281565 14.7135335763296 14.6788172245026 14.6441008726756 14.6049674219555 14.5525826745563 14.5001979271571 14.4478131797579 14.3954284323587 14.3430436849594 14.2906589375602 14.238274190161 14.184231599172 14.129636393653 14.0750411881341 14.0204459826152 13.9658507770962 13.9112555715773 13.8566603660584 13.8039510356056 13.7568993303511 13.7098476250967 13.6627959198422 13.6157442145878
