data/working_set_collections/6091692-Cassins_Sparrow-MC/1990/bio3.asc
NCOLS 265 
NROWS 230 
XLLCORNER -115.5625 
YLLCORNER 24.8333333333333 
CELLSIZE 0.0833333333333333 
NODATA_value -9999 
[rows 140 to 159 of 230, columns 0 to 45 of 265]
42.9217272864447 43.099531173706 43.2773350609673 43.4551389482286 43.6329428354899 43.8107467227512 43.9885506100125 44.0490539550781 44.0704571194119 44.0918602837457 44.1132634480794 44.1346666124132 44.156069776747 44.1774729410807 44.1942052735223 44.1969251102871 44.199644947052 44.2023647838169 44.2050846205817 44.2078044573466 44.2105242941114 44.2132441308763 44.2795357068379 44.3670178625318 44.4545000182257 44.5419821739196 44.6294643296135 44.7169464853074 44.8044286410013 44.8664973364936 44.8523256513807 44.8381539662679 44.823982281155 44.8098105960422 44.7956389109293 44.7814672258165 44.7672955407036 44.7231466929118 44.6690054575602 44.6148642222086 44.5607229868571 44.5065817515055 44.452440516154 44.3982992808024 44.3463621351454 44.301037258572
42.9519973331027 43.1052043914795 43.2584114498562 43.411618508233 43.5648255666097 43.7180326249864 43.8712396833632 43.9413543701172 43.9837715996636 44.0261888292101 44.0686060587565 44.1110232883029 44.1534405178494 44.1958577473958 44.2318817880418 44.2487262619866 44.2655707359314 44.2824152098761 44.2992596838209 44.3161041577657 44.3329486317105 44.3497931056552 44.4262431780497 44.5225617832607 44.6188803884718 44.7151989936828 44.8115175988939 44.9078362041049 45.004154809316 45.0713032616509 45.0509412553575 45.0305792490641 45.0102172427707 44.9898552364773 44.9694932301839 44.9491312238905 44.9287692175971 44.8749780019124 44.8100437164307 44.7451094309489 44.6801751454671 44.6152408599854 44.5503065745036 44.4853722890218 44.4227479722765 44.3670535617405
42.9822673797607 43.1108776092529 43.2394878387451 43.3680980682373 43.4967082977295 43.6253185272217 43.7539287567139 43.8336547851563 43.8970860799154 43.9605173746745 44.0239486694336 44.0873799641927 44.1508112589518 44.2142425537109 44.2695583025614 44.3005274136861 44.3314965248108 44.3624656359354 44.3934347470601 44.4244038581848 44.4553729693095 44.4863420804341 44.5729506492614 44.6781057039896 44.7832607587178 44.888415813446 44.9935708681742 45.0987259229024 45.2038809776306 45.2761091868082 45.2495568593343 45.2230045318603 45.1964522043864 45.1698998769124 45.1433475494384 45.1167952219645 45.0902428944905 45.0268093109131 44.9510819753011 44.8753546396891 44.7996273040771 44.7238999684652 44.6481726328532 44.5724452972412 44.4991338094076 44.4330698649089
43.0125374264187 43.1165508270264 43.220564227634 43.3245776282416 43.4285910288493 43.5326044294569 43.6366178300646 43.7259552001953 43.8104005601671 43.8948459201389 43.9792912801107 44.0637366400824 44.1481820000542 44.232627360026 44.307234817081 44.3523285653856 44.3974223136902 44.4425160619947 44.4876098102993 44.5327035586039 44.5777973069085 44.622891055213 44.7196581204732 44.8336496247185 44.9476411289639 45.0616326332092 45.1756241374545 45.2896156416999 45.4036071459452 45.4809151119656 45.4481724633111 45.4154298146566 45.382687166002 45.3499445173475 45.317201868693 45.2844592200385 45.251716571384 45.1786406199137 45.0921202341715 45.0055998484294 44.9190794626872 44.832559076945 44.7460386912028 44.6595183054606 44.5755196465386 44.4990861680773
43.1297068595886 43.1756659507751 43.2216250419617 43.2675841331482 43.3135432243347 43.3595023155213 43.4054614067078 43.363861989975 43.2930764039359 43.2222908178967 43.1515052318575 43.0807196458183 43.0099340597791 42.9391484737399 42.9270462195081 43.0909939606987 43.2549417018893 43.4188894430798 43.5828371842704 43.746784925461 43.9107326666515 44.0746804078421 44.2543439547222 44.4392461034987 44.6241482522753 44.8090504010519 44.9939525498284 45.178854698605 45.3637568473816 45.499155637953 45.486044353909 45.4729330698649 45.4598217858209 45.4467105017768 45.4335992177327 45.4204879336887 45.4073766496446 45.3354148546855 45.2438362227546 45.1522575908237 45.0606789588928 44.969100326962 44.8775216950311 44.7859430631002 44.696290450626 44.6124158965217
43.3337756792704 43.2882229804993 43.2426702817281 43.197117582957 43.1515648841858 43.1060121854147 43.0604594866435 42.7473751544954 42.3451136112216 41.9428520679477 41.5405905246738 41.1383289814 40.736067438126 40.3338058948522 40.1289925098423 40.516523599625 40.9040546894077 41.2915857791903 41.6791168689731 42.0666479587557 42.4541790485384 42.8417101383211 43.1770081520082 43.4948951403301 43.812782128652 44.1306691169739 44.4485561052958 44.7664430936178 45.0843300819397 45.3308307647705 45.3631725311279 45.3955142974854 45.4278560638428 45.4601978302002 45.4925395965576 45.524881362915 45.5572231292724 45.4971320152283 45.4062299410502 45.3153278668721 45.2244257926941 45.133523718516 45.042621644338 44.9517195701599 44.8614462216695 44.7730590502421
43.5378444989522 43.4007800102234 43.2637155214946 43.1266510327657 42.9895865440369 42.8525220553081 42.7154575665792 42.1308883190157 41.3971508185072 40.6634133179985 39.92967581749 39.1959383169814 38.4622008164728 37.7284633159642 37.3309388001762 37.9420532385511 38.5531676769259 39.1642821153007 39.7753965536755 40.3865109920503 40.9976254304251 41.6087398688 42.0996723492941 42.5505441771614 43.0014160050287 43.4522878328959 43.9031596607632 44.3540314886305 44.8049033164978 45.162505891588 45.2403007083469 45.3180955251058 45.3958903418647 45.4736851586236 45.5514799753825 45.6292747921413 45.7070696089003 45.6588491757711 45.5686236593458 45.4783981429206 45.3881726264954 45.2979471100701 45.2077215936449 45.1174960772196 45.0266019927131 44.9337022039625
43.741913318634 43.5133370399475 43.284760761261 43.0561844825745 42.827608203888 42.5990319252015 42.370455646515 41.514401483536 40.4491880257928 39.3839745680494 38.3187611103061 37.2535476525629 36.1883341948195 35.1231207370763 34.5328850905102 35.3675828774772 36.2022806644441 37.036978451411 37.871676238378 38.7063740253449 39.5410718123118 40.3757695992788 41.02233654658 41.6061932139926 42.1900498814053 42.7739065488179 43.3577632162305 43.9416198836432 44.5254765510558 44.9941810184055 45.1174288855659 45.2406767527262 45.3639246198866 45.487172487047 45.6104203542073 45.7336682213677 45.8569160885281 45.8205663363139 45.7310173776415 45.641468418969 45.5519194602966 45.4623705016242 45.3728215429518 45.2832725842794 45.1917577637567 45.094345357683
43.9459821383158 43.6258940696717 43.3058060010275 42.9857179323833 42.6656298637391 42.3455417950949 42.0254537264507 40.8979146480564 39.5012252330785 -9999 -9999 -9999 -9999 32.5177781581885 31.7348313808444 32.7931125164035 33.8513936519625 34.9096747875215 35.9679559230806 37.0262370586396 38.0845181941986 39.1427993297578 39.945000743866 40.661842250824 41.378683757782 42.09552526474 42.8123667716979 43.529208278656 44.2460497856139 44.825856145223 44.9945570627848 45.1632579803467 45.3319588979085 45.5006598154704 45.6693607330322 45.838061650594 46.0067625681559 45.9822834968567 45.8934110959371 45.8045386950175 45.7156662940979 45.6267938931783 45.5379214922587 45.4490490913391 45.3569135348002 45.2549885114034
44.1500509579977 43.7384510993958 43.326851240794 42.915251382192 42.5036515235902 42.0920516649883 41.6804518063864 40.2814278125767 38.5532624403641 -9999 -9999 -9999 -9999 -9999 28.9367776711783 30.2186421553296 31.5005066394807 32.7823711236318 34.0642356077831 35.3461000919342 36.6279645760853 37.9098290602366 38.8676649411519 39.7174912876552 40.5673176341587 41.417143980662 42.2669703271653 43.1167966736687 43.966623020172 44.6575312720405 44.8716852400038 45.0858392079671 45.2999931759304 45.5141471438937 45.728301111857 45.9424550798204 46.1566090477837 46.1440006573995 46.0558048142327 45.9676089710659 45.8794131278992 45.7912172847324 45.7030214415656 45.6148255983988 45.5220693058438 45.4156316651238
44.3829316033257 43.9019457499187 43.4209598965116 42.9399740431044 42.4589881896973 41.9780023362902 41.4970164828831 39.8670422395074 37.854071866142 -9999 -9999 -9999 -9999 -9999 -9999 -9999 29.144854696592 30.4183491309486 -9999 -9999 -9999 35.5123268683757 36.6349307616557 37.70723780791 38.7795448541646 39.8518519004189 40.9241589466733 41.9964659929278 43.0687730391821 43.956070190006 44.2883376545378 44.6206051190695 44.9528725836013 45.2851400481331 45.6174075126648 45.9496749771965 46.2819424417283 46.2997050921122 46.2126328044467 46.1255605167813 46.0384882291158 45.9514159414503 45.8643436537848 45.7772713661194 45.6847532802158 45.5758977995978
44.6446240743001 44.1163780212403 43.5881319681804 43.0598859151205 42.5316398620606 42.0033938090008 41.4751477559408 39.6547579288487 37.4036535104122 -9999 -9999 -9999 -9999 -9999 -9999 -9999 -9999 -9999 -9999 -9999 -9999 -9999 33.246798205376 34.6310818115872 36.0153654177987 37.3996490240099 38.7839326302211 40.1682162364325 41.5524998426438 42.7214728991191 43.2445143063864 43.7675557136536 44.2905971209208 44.8136385281881 45.3366799354553 45.8597213427225 46.3827627499898 46.4493968009949 46.3638950665792 46.2783933321635 46.1928915977478 46.1073898633321 46.0218881289164 45.9363863945007 45.8449654579163 45.7357869148254
44.9063165452746 44.3308102925619 43.7553040398493 43.1797977871366 42.6042915344239 42.0287852817113 41.4532790289986 39.4424736181899 36.9532351546824 -9999 -9999 -9999 -9999 -9999 -9999 -9999 -9999 -9999 -9999 -9999 -9999 -9999 -9999 31.5549258152644 33.2511859814328 34.9474461476009 36.6437063137689 38.3399664799373 40.0362266461054 41.4868756082323 42.2006909582351 42.9145063082377 43.6283216582404 44.3421370082431 45.0559523582458 45.7697677082484 46.4835830582512 46.5990885098775 46.5151573287116 46.4312261475457 46.3472949663798 46.2633637852139 46.179432604048 46.0955014228821 46.0051776356167 45.895676030053
45.1680090162489 44.5452425638835 43.9224761115181 43.2997096591526 42.6769432067872 42.0541767544218 41.4314103020563 39.2301893075312 36.5028167989526 -9999 -9999 -9999 -9999 -9999 -9999 -9999 -9999 -9999 -9999 -9999 -9999 -9999 -9999 -9999 -9999 32.4952432711921 34.503479997317 36.5117167234422 38.5199534495671 40.2522783173456 41.1568676100838 42.0614569028219 42.96604619556 43.8706354882982 44.7752247810363 45.6798140737744 46.5844033665126 46.7487802187602 46.666419590844 46.5840589629279 46.5016983350118 46.4193377070957 46.3369770791795 46.2546164512634 46.1653898133172 46.0555651452806
45.4297014872233 44.7596748352051 44.089648183187 43.4196215311687 42.7495948791505 42.0795682271323 41.409541575114 39.0179049968725 36.0523984432228 -9999 -9999 -9999 -9999 -9999 -9999 -9999 -9999 -9999 -9999 -9999 -9999 -9999 -9999 -9999 -9999 -9999 -9999 -9999 -9999 39.0176810264587 40.1130442619324 41.208407497406 42.3037707328795 43.3991339683532 44.4944972038268 45.5898604393003 46.685223674774 46.8984719276428 46.8176818529765 46.7368917783101 46.6561017036438 46.5753116289775 46.4945215543111 46.4137314796448 46.3256019910177 46.2154542605082
45.6913939581977 44.9741071065268 44.2568202548558 43.5395334031847 42.8222465515138 42.1049596998428 41.3876728481717 38.8056206862138 35.601980087493 -9999 -9999 -9999 -9999 -9999 -9999 -9999 -9999 -9999 -9999 -9999 -9999 -9999 -9999 -9999 -9999 -9999 -9999 -9999 -9999 37.7830837355719 39.0692209137811 40.35535809199 41.641495270199 42.9276324484083 44.2137696266173 45.4999068048263 46.7860439830355 47.0481636365255 46.9689441151089 46.8897245936923 46.8105050722758 46.7312855508592 46.6520660294427 46.5728465080261 46.4858141687181 46.3753433757358
45.985291534 45.2413795789083 44.4974676238167 43.7535556687249 43.0096437136333 42.2657317585416 41.5218198034499 38.8848479588831 35.6168561511576 32.3488643434315 -9999 -9999 -9999 -9999 -9999 -9999 -9999 -9999 -9999 -9999 -9999 -9999 -9999 -9999 -9999 -9999 -9999 -9999 -9999 36.6106007417042 38.060959259669 39.5113177776336 40.9616762955982 42.412034813563 43.8623933315275 45.3127518494921 46.7631103674569 47.0761763890585 47.010144911872 46.9441134346856 46.8780819574992 46.8120504803128 46.7460190031264 46.6799875259399 46.6041231791178 46.4987602233887
46.3113942146302 45.5614922523499 44.8115902900697 44.0616883277893 43.3117863655091 42.5618844032289 41.8119824409485 39.2555868148808 36.0970266342169 32.9384664535525 -9999 -9999 -9999 -9999 -9999 -9999 -9999 -9999 -9999 -9999 -9999 -9999 -9999 -9999 -9999 -9999 -9999 -9999 -9999 35.5002320448556 37.0882592995961 38.6762865543364 40.2643138090767 41.8523410638173 43.4403683185575 45.0283955732978 46.6164228280384 46.9825101852417 46.9412842432658 46.9000583012899 46.858832359314 46.8176064173381 46.7763804753621 46.7351545333862 46.6805290222168 46.5857048034668
46.6374968952603 45.8816049257915 45.1257129563227 44.3698209868537 43.6139290173849 42.8580370479161 42.1021450784472 39.6263256708786 36.5771971172763 33.5280685636735 -9999 -9999 -9999 -9999 -9999 -9999 -9999 -9999 -9999 -9999 -9999 -9999 -9999 -9999 -9999 -9999 -9999 -9999 -9999 34.389863348007 36.1155593395233 37.8412553310392 39.5669513225552 41.2926473140715 43.0183433055875 44.7440392971035 46.4697352886198 46.888843981425 46.8724235746596 46.8560031678942 46.8395827611287 46.8231623543633 46.8067419475979 46.7903215408325 46.7569348653158 46.6726493835449
46.9635995758905 46.2017175992331 45.4398356225757 44.6779536459181 43.9160716692607 43.1541896926033 42.3923077159458 39.9970645268762 37.0573676003356 34.1176706737944 31.1779737472538 28.2382768207131 -9999 -9999 -9999 -9999 -9999 -9999 -9999 -9999 -9999 -9999 -9999 -9999 -9999 -9999 -9999 -9999 -9999 33.2794946511585 35.1428593794505 37.0062241077422 38.8695888360339 40.7329535643259 42.5963182926176 44.4596830209093 46.3230477492013 46.7951777776083 46.8035629060533 46.8119480344984 46.8203331629435 46.8287182913886 46.8371034198337 46.8454885482788 46.8333407084147 46.759593963623
