data/working_set_collections/6091692-Cassins_Sparrow-MC/1990/bio3.asc
NCOLS 265 
NROWS 230 
XLLCORNER -115.5625 
YLLCORNER 24.8333333333333 
CELLSIZE 0.0833333333333333 
NODATA_value -9999 
[rows 140 to 159 of 230, columns 138 to 183 of 265]
41.3635426733229 41.337070496877 41.3105983204312 41.2841261439853 41.2629797299703 41.2436085700989 41.2242374102275 41.204866250356 41.1854950904846 41.1661239306132 41.1467527707418 41.1352579752604 41.1473922729492 41.159526570638 41.1716608683268 41.1837951660156 41.1959294637044 41.2080637613932 41.220198059082 41.2144391695658 41.2027158843146 41.1909925990634 41.1792693138123 41.1675460285611 41.1558227433099 41.1440994580587 41.1316459867689 41.1170019573636 41.1023579279582 41.0877138985528 41.0730698691474 41.058425839742 41.0437818103366 41.0291377809313 41.0253098487854 41.0250872823927 41.024864716 41.0246421496073 41.0244195832146 41.024197016822 41.0239744504293 40.9817791408963 40.8136656019423 40.6455520629883 40.4774385240343 40.3093249850803
41.324156581031 41.3078487078349 41.2915408346388 41.2752329614427 41.2601819674174 41.2455499331156 41.2309178988139 41.2162858645121 41.2016538302104 41.1870217959086 41.1723897616069 41.163729095459 41.1729825337728 41.1822359720866 41.1914894104004 41.2007428487142 41.209996287028 41.2192497253418 41.2285031636556 41.2216528256734 41.2094345622593 41.1972162988451 41.1849980354309 41.1727797720167 41.1605615086026 41.1483432451884 41.1366114086575 41.1263388527764 41.1160662968953 41.1057937410143 41.0955211851332 41.0852486292521 41.074976073371 41.06470351749 41.0706164360046 41.0819245126512 41.0932325892978 41.1045406659444 41.115848742591 41.1271568192376 41.1384648958842 41.1054942660862 40.9396875169542 40.7738807678223 40.6080740186903 40.4422672695584
41.284770488739 41.2786269187927 41.2724833488464 41.2663397789001 41.2573842048645 41.2474912961324 41.2375983874003 41.2277054786682 41.2178125699361 41.207919661204 41.1980267524719 41.1922002156575 41.1985727945963 41.2049453735351 41.211317952474 41.2176905314127 41.2240631103516 41.2304356892904 41.2368082682292 41.228866481781 41.2161532402039 41.2034399986267 41.1907267570496 41.1780135154724 41.1653002738953 41.1525870323181 41.1415768305461 41.1356757481893 41.1297746658325 41.1238735834757 41.117972501119 41.1120714187622 41.1061703364054 41.1002692540487 41.1159230232239 41.1387617429097 41.1616004625956 41.1844391822815 41.2072779019673 41.2301166216532 41.2529553413391 41.2292093912761 41.0657094319662 40.9022094726563 40.7387095133464 40.5752095540365
41.2453843964471 41.2494051297506 41.2534258630541 41.2574465963576 41.2545864423116 41.2494326591492 41.2442788759867 41.2391250928243 41.2339713096619 41.2288175264994 41.223663743337 41.2206713358561 41.2241630554199 41.2276547749837 41.2311464945475 41.2346382141113 41.2381299336751 41.2416216532389 41.2451133728027 41.2360801378886 41.2228719181485 41.2096636984083 41.1964554786682 41.1832472589281 41.170039039188 41.1568308194478 41.1465422524346 41.1450126436022 41.1434830347697 41.1419534259372 41.1404238171048 41.1388942082723 41.1373645994398 41.1358349906074 41.1612296104431 41.1955989731683 41.2299683358934 41.2643376986186 41.2987070613437 41.3330764240688 41.367445786794 41.352924516466 41.1917313469781 41.0305381774902 40.8693450080024 40.7081518385146
41.2280679278904 41.2404012680054 41.2527346081204 41.2650679482354 41.2692458470662 41.270705265469 41.2721646838718 41.2736241022746 41.2750835206773 41.2765429390801 41.2780023574829 41.2792599254184 41.2799119419522 41.2805639584859 41.2812159750196 41.2818679915534 41.2825200080871 41.2831720246209 41.2838240411546 41.2716953595479 41.2553064452277 41.2389175309075 41.2225286165873 41.2061397022671 41.1897507879469 41.1733618736267 41.1614958657159 41.1631985770331 41.1649012883504 41.1666039996677 41.168306710985 41.1700094223022 41.1717121336195 41.1734148449368 41.2050245920817 41.2466033511691 41.2881821102566 41.3297608693441 41.3713396284315 41.412918387519 41.4544971466064 41.4460728433397 41.2876393530104 41.1292058626811 40.9707723723518 40.8123388820225
41.2328210830688 41.2516153335571 41.2704095840454 41.2892038345337 41.3013624191284 41.311309115092 41.3212558110555 41.331202507019 41.3411492029826 41.3510958989461 41.3610425949096 41.3679659843445 41.3658194541931 41.3636729240417 41.3615263938904 41.359379863739 41.3572333335876 41.3550868034363 41.3529402732849 41.335712146759 41.3134568214416 41.2912014961243 41.2689461708069 41.2466908454895 41.2244355201721 41.2021801948547 41.1864376703898 41.1902335484822 41.1940294265747 41.1978253046671 41.2016211827596 41.205417060852 41.2092129389445 41.2130088170369 41.2473079681396 41.2917748769124 41.3362417856852 41.380708694458 41.4251756032308 41.4696425120036 41.5141094207764 41.5086543718974 41.3534334500631 41.1982125282288 41.0429916063945 40.8877706845602
41.2375742382473 41.2628293991089 41.2880845599704 41.313339720832 41.3334789911906 41.3519129647149 41.3703469382392 41.3887809117635 41.4072148852878 41.4256488588121 41.4440828323364 41.4566720432705 41.451726966434 41.4467818895976 41.4418368127611 41.4368917359246 41.4319466590881 41.4270015822516 41.4220565054152 41.3997289339701 41.3716071976556 41.343485461341 41.3153637250264 41.2872419887119 41.2591202523973 41.2309985160828 41.2113794750637 41.2172685199314 41.223157564799 41.2290466096666 41.2349356545342 41.2408246994018 41.2467137442695 41.2526027891371 41.2895913441976 41.3369464026557 41.3843014611138 41.4316565195719 41.47901157803 41.5263666364881 41.5737216949463 41.5712359004551 41.4192275471158 41.2672191937765 41.1152108404372 40.9632024870979
41.2423273934258 41.2740434646606 41.3057595358954 41.3374756071303 41.3655955632528 41.3925168143378 41.4194380654229 41.446359316508 41.473280567593 41.5002018186781 41.5271230697632 41.5453781021966 41.537634478675 41.5298908551534 41.5221472316318 41.5144036081102 41.5066599845886 41.498916361067 41.4911727375454 41.4637457211812 41.4297575738695 41.3957694265578 41.361781279246 41.3277931319343 41.2938049846225 41.2598168373108 41.2363212797377 41.2443034913805 41.2522857030233 41.2602679146661 41.2682501263089 41.2762323379517 41.2842145495945 41.2921967612372 41.3318747202555 41.382117928399 41.4323611365424 41.4826043446859 41.5328475528293 41.5830907609727 41.6333339691162 41.6338174290128 41.4850216441685 41.3362258593241 41.1874300744799 41.0386342896356
41.2470805486043 41.2852575302124 41.3234345118205 41.3616114934285 41.3977121353149 41.4331206639608 41.4685291926066 41.5039377212524 41.5393462498983 41.5747547785441 41.6101633071899 41.6340841611226 41.6235419909159 41.6129998207092 41.6024576505025 41.5919154802958 41.5813733100891 41.5708311398824 41.5602889696757 41.5277625083923 41.4879079500834 41.4480533917745 41.4081988334656 41.3683442751567 41.3284897168477 41.2886351585388 41.2612630844116 41.2713384628296 41.2814138412475 41.2914892196655 41.3015645980835 41.3116399765015 41.3217153549194 41.3317907333374 41.3741580963135 41.4272894541422 41.480420811971 41.5335521697998 41.5866835276286 41.6398148854573 41.6929462432861 41.6963989575704 41.5508157412211 41.4052325248718 41.2596493085226 41.1140660921733
41.2518337037828 41.2964715957642 41.3411094877455 41.3857473797268 41.4298287073771 41.4737245135837 41.5176203197903 41.5615161259969 41.6054119322035 41.6493077384101 41.6932035446167 41.7227902200487 41.7094495031569 41.696108786265 41.6827680693732 41.6694273524814 41.6560866355896 41.6427459186978 41.629405201806 41.5917792956034 41.5460583262973 41.5003373569912 41.4546163876851 41.408895418379 41.363174449073 41.3174534797668 41.2862048890856 41.2983734342787 41.3105419794718 41.322710524665 41.3348790698581 41.3470476150513 41.3592161602444 41.3713847054375 41.4164414723714 41.4724609798855 41.5284804873996 41.5844999949137 41.6405195024278 41.6965390099419 41.752558517456 41.7589804861281 41.6166098382738 41.4742391904195 41.3318685425653 41.189497894711
41.318910937839 41.3647375742594 41.4105642106798 41.4563908471001 41.5033496856689 41.5506859249539 41.5980221642388 41.6453584035237 41.6926946428087 41.7400308820936 41.7873671213786 41.8201324674818 41.80918513404 41.7982378005981 41.7872904671563 41.7763431337144 41.7653958002726 41.7544484668308 41.7435011333889 41.7020066579183 41.6503298017713 41.5986529456244 41.5469760894775 41.4952992333306 41.4436223771837 41.3919455210368 41.3553191396925 41.3638441827562 41.3723692258199 41.3808942688836 41.3894193119473 41.397944355011 41.4064693980747 41.4149944411384 41.4583588600159 41.5133364041646 41.5683139483134 41.6232914924621 41.6782690366109 41.7332465807597 41.7882241249084 41.7959760242039 41.6620509889391 41.5281259536743 41.3942009184096 41.2602758831448
41.4483122507731 41.4900554656982 41.5317986806233 41.5735418955485 41.6182750701904 41.6640048980713 41.7097347259521 41.755464553833 41.8011943817138 41.8469242095947 41.8926540374756 41.926110903422 41.9227488835652 41.9193868637085 41.9160248438517 41.9126628239949 41.9093008041382 41.9059387842814 41.9025767644246 41.8584445953369 41.8007223765055 41.7430001576741 41.6852779388428 41.6275557200114 41.56983350118 41.5121112823486 41.4686058362325 41.4677507082621 41.4668955802917 41.4660404523214 41.465185324351 41.4643301963806 41.4634750684102 41.4626199404399 41.4999102592468 41.5499157269796 41.5999211947123 41.6499266624451 41.6999321301778 41.7499375979105 41.7999430656433 41.8073855717977 41.687139193217 41.5668928146362 41.4466464360555 41.3264000574748
41.5777135637071 41.615373357137 41.6530331505669 41.6906929439968 41.7332004547119 41.7773238711887 41.8214472876654 41.8655707041422 41.909694120619 41.9538175370958 41.9979409535726 42.0320893393622 42.0363126330905 42.0405359268188 42.0447592205471 42.0489825142754 42.0532058080037 42.057429101732 42.0616523954603 42.0148825327555 41.9511149512397 41.8873473697238 41.823579788208 41.7598122066922 41.6960446251763 41.6322770436605 41.5818925327725 41.571657233768 41.5614219347636 41.5511866357591 41.5409513367547 41.5307160377502 41.5204807387458 41.5102454397413 41.5414616584778 41.5864950497945 41.6315284411112 41.676561832428 41.7215952237447 41.7666286150614 41.8116620063782 41.8187951193916 41.7122273974949 41.6056596755982 41.4990919537015 41.3925242318048
41.7071148766411 41.7406912485758 41.7742676205105 41.8078439924452 41.8481258392334 41.8906428443061 41.9331598493788 41.9756768544515 42.0181938595242 42.0607108645969 42.1032278696696 42.1380677753024 42.1498763826158 42.1616849899292 42.1734935972425 42.1853022045559 42.1971108118693 42.2089194191826 42.220728026496 42.1713204701741 42.1015075259738 42.0316945817735 41.9618816375732 41.8920686933729 41.8222557491726 41.7524428049723 41.6951792293125 41.6755637592739 41.6559482892354 41.6363328191969 41.6167173491584 41.5971018791199 41.5774864090813 41.5578709390428 41.5830130577087 41.6230743726094 41.6631356875102 41.7031970024109 41.7432583173116 41.7833196322123 41.823380947113 41.8302046669854 41.7373156017727 41.6444265365601 41.5515374713474 41.4586484061347
41.8365161895752 41.8660091400146 41.8955020904541 41.9249950408935 41.9630512237549 42.0039618174235 42.0448724110921 42.0857830047607 42.1266935984293 42.167604192098 42.2085147857666 42.2440462112426 42.2634401321411 42.2828340530395 42.302227973938 42.3216218948364 42.3410158157348 42.3604097366333 42.3798036575317 42.3277584075928 42.251900100708 42.1760417938232 42.1001834869385 42.0243251800537 41.9484668731689 41.8726085662842 41.8084659258524 41.7794702847799 41.7504746437073 41.7214790026347 41.6924833615621 41.6634877204895 41.6344920794169 41.6054964383443 41.6245644569397 41.6596536954244 41.6947429339091 41.7298321723938 41.7649214108785 41.8000106493632 41.8350998878479 41.8416142145793 41.7624038060506 41.683193397522 41.6039829889933 41.5247725804647
41.9659175025092 41.9913270314534 42.0167365603977 42.0421460893419 42.0779766082763 42.1172807905409 42.1565849728054 42.19588915507 42.2351933373345 42.274497519599 42.3138017018636 42.3500246471829 42.3770038816664 42.4039831161499 42.4309623506334 42.4579415851169 42.4849208196004 42.5119000540839 42.5388792885674 42.4841963450114 42.4022926754422 42.3203890058729 42.2384853363037 42.1565816667345 42.0746779971653 41.992774327596 41.9217526223924 41.8833768102858 41.8450009981791 41.8066251860725 41.7682493739658 41.7298735618591 41.6914977497525 41.6531219376458 41.6661158561707 41.6962330182393 41.726350180308 41.7564673423767 41.7865845044454 41.8167016665141 41.8468188285828 41.8530237621731 41.7874920103285 41.7219602584839 41.6564285066393 41.5908967547947
42.1199393378363 42.1434089660644 42.1668785942925 42.1903482225206 42.2241483052571 42.2613918728298 42.2986354404025 42.3358790079752 42.3731225755479 42.4103661431206 42.4476097106933 42.4836425039503 42.5160429742601 42.5484434445699 42.5808439148796 42.6132443851894 42.6456448554992 42.678045325809 42.7104457961188 42.6532301902771 42.5661425590515 42.4790549278259 42.3919672966003 42.3048796653747 42.2177920341492 42.1307044029236 42.0534323480394 42.0056070221795 41.9577816963196 41.9099563704597 41.8621310445997 41.8143057187398 41.7664803928799 41.71865506702 41.7236327489217 41.7462114334106 41.7687901178996 41.7913688023885 41.8139474868774 41.8365261713664 41.8591048558553 41.8630644904243 41.8111669752333 41.7592694600423 41.7073719448513 41.6554744296604
42.2985816955566 42.3222549438476 42.3459281921386 42.3696014404296 42.4015663146972 42.4362950642903 42.4710238138834 42.5057525634765 42.5404813130696 42.5752100626627 42.6099388122558 42.644899781545 42.6805574099222 42.7162150382995 42.7518726666768 42.7875302950541 42.8231879234314 42.8588455518086 42.8945031801859 42.8348599433899 42.743449751536 42.6520395596822 42.5606293678284 42.4692191759745 42.3778089841207 42.2863987922668 42.2035051027934 42.146160920461 42.0888167381286 42.0314725557963 41.9741283734639 41.9167841911316 41.8594400087992 41.8020958264669 41.7971151351929 41.8095889409383 41.8220627466837 41.8345365524292 41.8470103581746 41.8594841639201 41.8719579696655 41.8717363993327 41.833428700765 41.7951210021973 41.7568133036296 41.7185056050618
42.4772240532769 42.5011009216308 42.5249777899848 42.5488546583387 42.5789843241373 42.6111982557508 42.6434121873643 42.6756261189778 42.7078400505913 42.7400539822048 42.7722679138183 42.8061570591396 42.8450718455844 42.8839866320292 42.922901418474 42.9618162049187 43.0007309913635 43.0396457778083 43.078560564253 43.0164896965027 42.9207569440206 42.8250241915385 42.7292914390564 42.6335586865743 42.5378259340922 42.4420931816101 42.3535778575473 42.2867148187425 42.2198517799377 42.1529887411329 42.0861257023282 42.0192626635233 41.9523996247186 41.8855365859138 41.870597521464 41.872966448466 41.8753353754679 41.8777043024699 41.8800732294718 41.8824421564738 41.8848110834757 41.8804083082411 41.8556904262967 41.8309725443522 41.8062546624078 41.7815367804633
42.6558664109971 42.679946899414 42.7040273878309 42.7281078762478 42.7564023335774 42.7861014472113 42.8158005608452 42.8454996744791 42.875198788113 42.9048979017469 42.9345970153808 42.9674143367343 43.0095862812466 43.0517582257588 43.0939301702711 43.1361021147833 43.1782740592956 43.2204460038079 43.2626179483201 43.1981194496155 43.0980641365051 42.9980088233948 42.8979535102844 42.7978981971741 42.6978428840637 42.5977875709534 42.5036506123013 42.427268717024 42.3508868217468 42.2745049264696 42.1981230311924 42.1217411359151 42.0453592406379 41.9689773453607 41.9440799077352 41.9363439559936 41.9286080042521 41.9208720525106 41.913136100769 41.9054001490275 41.897664197286 41.8890802171495 41.8779521518283 41.8668240865072 41.855696021186 41.8445679558648
