data/working_set_collections/6091692-Cassins_Sparrow-MC/1990/bio3.asc
NCOLS 265 
NROWS 230 
XLLCORNER -115.5625 
YLLCORNER 24.8333333333333 
CELLSIZE 0.0833333333333333 
NODATA_value -9999 
[rows 20 to 39 of 230, columns 184 to 229 of 265]
33.9883599281311 33.908577018314 33.8287941084968 33.7245512326559 33.612155034807 33.4997588369582 33.3873626391093 33.2749664412605 33.1625702434116 33.0501740455628 32.9370994355944 32.8219895892673 32.7068797429403 32.5917698966132 32.4766600502862 32.3615502039592 32.2464403576321 32.1313305113051 32.0311266422272 31.9358914322323 31.8406562222375 31.7454210122426 31.6501858022478 31.554950592253 31.4597153822581 31.3620691299439 31.2571897506714 31.1523103713989 31.0474309921265 30.942551612854 30.8376722335816 30.7327928543091 30.6279134750366 30.5487223307292 30.4780939314101 30.4074655320909 30.3368371327718 30.2662087334527 30.1955803341336 30.1249519348145 30.0527446217007 29.9758005672031 29.8988565127055 29.8219124582079 29.7449684037103 29.6680243492127
34.0595698356628 33.9750639067756 33.8905579778883 33.7829641024272 33.6676742447747 33.5523843871223 33.4370945294698 33.3218046718174 33.2065148141649 33.0912249565125 32.9752784940932 32.8573622173733 32.7394459406535 32.6215296639337 32.5036133872138 32.385697110494 32.2677808337742 32.1498645570543 32.0496337413788 31.9552980793847 31.8609624173906 31.7666267553965 31.6722910934025 31.5779554314084 31.4836197694143 31.3885578791301 31.2913173039755 31.1940767288208 31.0968361536662 30.9995955785116 30.9023550033569 30.8051144282023 30.7078738530477 30.6246751149495 30.5461569892036 30.4676388634576 30.3891207377116 30.3106026119656 30.2320844862196 30.1535663604736 30.0774119589064 30.0083487298754 29.9392855008443 29.8702222718133 29.8011590427823 29.7320958137512
34.1307797431946 34.0415507952372 33.9523218472799 33.8413769721985 33.7231934547424 33.6050099372864 33.4868264198303 33.3686429023743 33.2504593849182 33.1322758674622 33.013457552592 32.8927348454794 32.7720121383667 32.6512894312541 32.5305667241415 32.4098440170288 32.2891213099162 32.1683986028036 32.0681408405304 31.9747047265371 31.8812686125438 31.7878324985504 31.6943963845571 31.6009602705638 31.5075241565704 31.4150466283163 31.3254448572795 31.2358430862427 31.1462413152059 31.0566395441691 30.9670377731323 30.8774360020955 30.7878342310588 30.7006278991699 30.6142200469971 30.5278121948242 30.4414043426514 30.3549964904785 30.2685886383057 30.1821807861328 30.1020792961121 30.0408968925476 29.9797144889832 29.9185320854187 29.8573496818543 29.7961672782898
34.2019896507263 34.1080376836989 34.0140857166714 33.8997898419698 33.7787126647102 33.6576354874505 33.5365583101908 33.4154811329312 33.2944039556716 33.1733267784119 33.0516366110908 32.9281074735854 32.8045783360799 32.6810491985745 32.5575200610691 32.4339909235637 32.3104617860582 32.1869326485528 32.086647939682 31.9941113736895 31.9015748076969 31.8090382417043 31.7165016757118 31.6239651097192 31.5314285437266 31.4415353775025 31.3595724105835 31.2776094436646 31.1956464767456 31.1136835098267 31.0317205429077 30.9497575759888 30.8677946090698 30.7765806833903 30.6822831047906 30.5879855261909 30.4936879475912 30.3993903689914 30.3050927903917 30.210795211792 30.1267466333177 30.0734450552199 30.020143477122 29.9668418990241 29.9135403209262 29.8602387428284
34.2635327021281 34.1661831537883 34.0688336054484 33.9545794804891 33.8346904966566 33.7148015128242 33.5949125289917 33.4750235451593 33.3551345613268 33.2352455774943 33.1147667355008 32.992518319024 32.8702699025472 32.7480214860704 32.6257730695937 32.5035246531169 32.3812762366401 32.2590278201633 32.1594371159871 32.0673989825779 31.9753608491686 31.8833227157593 31.79128458235 31.6992464489407 31.6072083155314 31.5184511714512 31.4395369953579 31.3606228192647 31.2817086431715 31.2027944670783 31.1238802909851 31.0449661148919 30.9660519387987 30.8722319920858 30.7734434551663 30.6746549182468 30.5758663813273 30.4770778444078 30.3782893074884 30.2795007705689 30.1926590177748 30.141657617357 30.0906562169393 30.0396548165215 29.9886534161038 29.937652015686
34.3154088973999 34.2159872055054 34.1165655136109 34.0057458877564 33.8911269505819 33.7765080134074 33.6618890762329 33.5472701390584 33.432651201884 33.3180322647095 33.202847925822 33.0859673817953 32.9690868377686 32.8522062937419 32.7353257497152 32.6184452056885 32.5015646616618 32.3846841176351 32.2865083694458 32.1945675532023 32.1026267369588 32.0106859207153 31.9187451044718 31.8268042882284 31.7348634719849 31.6457940101624 31.5653386116028 31.4848832130432 31.4044278144836 31.3239724159241 31.2435170173645 31.1630616188049 31.0826062202454 30.9875818252563 30.8877010981242 30.787820370992 30.6879396438599 30.5880589167277 30.4881781895956 30.3882974624634 30.2998164494832 30.2455345789591 30.191252708435 30.136970837911 30.0826889673869 30.0284070968628
34.3672850926717 34.2657912572225 34.1642974217733 34.0569122950236 33.9475634045071 33.8382145139906 33.7288656234741 33.6195167329576 33.5101678424412 33.4008189519246 33.2909291161431 33.1794164445665 33.0679037729899 32.9563911014133 32.8448784298367 32.7333657582601 32.6218530866835 32.5103404151069 32.4135796229045 32.3217361238268 32.2298926247491 32.1380491256714 32.0462056265937 31.954362127516 31.8625186284383 31.7731368488736 31.6911402278476 31.6091436068217 31.5271469857958 31.4451503647698 31.3631537437439 31.281157122718 31.199160501692 31.1029316584269 31.0019587410821 30.9009858237373 30.8000129063924 30.6990399890476 30.5980670717028 30.4970941543579 30.4069738811917 30.3494115405613 30.2918491999308 30.2342868593004 30.17672451867 30.1191621780395
34.4191612879435 34.3155953089396 34.2120293299357 34.1080787022909 34.0039998584324 33.8999210145739 33.7958421707153 33.6917633268568 33.5876844829983 33.4836056391398 33.3790103064643 33.2728655073378 33.1667207082113 33.0605759090848 32.9544311099582 32.8482863108317 32.7421415117052 32.6359967125787 32.5406508763631 32.4489046944512 32.3571585125393 32.2654123306274 32.1736661487156 32.0819199668037 31.9901737848918 31.9004796875848 31.8169418440925 31.7334040006002 31.6498661571079 31.5663283136156 31.4827904701233 31.399252626631 31.3157147831387 31.2182814915975 31.11621638404 31.0141512764825 30.912086168925 30.8100210613675 30.70795595381 30.6058908462524 30.5141313129001 30.4532885021634 30.3924456914266 30.3316028806898 30.2707600699531 30.2099172592163
34.4710374832153 34.3653993606568 34.2597612380982 34.1592451095581 34.0604363123576 33.9616275151571 33.8628187179566 33.764009920756 33.6652011235555 33.566392326355 33.4670914967855 33.3663145701091 33.2655376434326 33.1647607167562 33.0639837900798 32.9632068634033 32.8624299367269 32.7616530100505 32.6677221298218 32.5760732650757 32.4844244003296 32.3927755355835 32.3011266708374 32.2094778060913 32.1178289413452 32.027822526296 31.9427434603373 31.8576643943787 31.77258532842 31.6875062624613 31.6024271965027 31.517348130544 31.4322690645854 31.3336313247681 31.2304740269979 31.1273167292277 31.0241594314575 30.9210021336873 30.8178448359172 30.714687538147 30.6212887446086 30.5571654637655 30.4930421829224 30.4289189020793 30.3647956212362 30.3006723403931
34.5229136784872 34.4152034123739 34.3074931462606 34.2104115168254 34.1168727662828 34.0233340157403 33.9297952651978 33.8362565146552 33.7427177641127 33.6491790135702 33.5551726871067 33.4597636328803 33.364354578654 33.2689455244276 33.1735364702013 33.0781274159749 32.9827183617486 32.8873093075223 32.7947933832804 32.7032418357001 32.6116902881199 32.5201387405396 32.4285871929593 32.337035645379 32.2454840977987 32.1551653650072 32.0685450765822 31.9819247881571 31.8953044997321 31.8086842113071 31.7220639228821 31.6354436344571 31.548823346032 31.4489811579386 31.3447316699558 31.2404821819729 31.1362326939901 31.0319832060072 30.9277337180244 30.8234842300415 30.728446176317 30.6610424253676 30.5936386744181 30.5262349234687 30.4588311725193 30.3914274215698
34.5859785079956 34.4775635401408 34.369148572286 34.2725277900696 34.179838403066 34.0871490160624 33.9944596290589 33.9017702420553 33.8090808550517 33.7163914680481 33.6237215042114 33.5311098098755 33.4384981155396 33.3458864212036 33.2532747268677 33.1606630325318 33.0680513381958 32.9754396438599 32.8835532824198 32.7919086986118 32.7002641148038 32.6086195309957 32.5169749471876 32.4253303633796 32.3336857795715 32.2430057843526 32.1552195549011 32.0674333254496 31.9796470959981 31.8918608665467 31.8040746370951 31.7162884076436 31.6285021781922 31.5297041416168 31.4272355026669 31.324766863717 31.2222982247671 31.1198295858171 31.0173609468672 30.9148923079173 30.8205232673221 30.7504530217913 30.6803827762604 30.6103125307295 30.5402422851986 30.4701720396678
34.6602319717407 34.5524797439575 34.4447275161743 34.3455939292908 34.2493332227071 34.1530725161235 34.0568118095398 33.9605511029561 33.8642903963725 33.7680296897888 33.6727379480998 33.5803531010946 33.4879682540894 33.3955834070842 33.303198560079 33.2108137130737 33.1184288660685 33.0260440190633 32.93400182724 32.8420738538106 32.7501458803813 32.6582179069519 32.5662899335226 32.4743619600932 32.3824339866638 32.2913437843323 32.2027668952942 32.1141900062561 32.025613117218 31.93703622818 31.8484593391419 31.7598824501038 31.6713055610657 31.5758002758026 31.4779855251312 31.3801707744599 31.2823560237885 31.1845412731171 31.0867265224457 30.9889117717743 30.8975200176239 30.8253972530365 30.7532744884491 30.6811517238617 30.6090289592743 30.5369061946869
34.7344854354859 34.6273959477743 34.5203064600627 34.418660068512 34.3188280423482 34.2189960161845 34.1191639900208 34.019331963857 33.9194999376933 33.8196679115295 33.7217543919881 33.6295963923137 33.5374383926392 33.4452803929647 33.3531223932902 33.2609643936157 33.1688063939413 33.0766483942668 32.9844503720601 32.8922390090095 32.8000276459588 32.7078162829081 32.6156049198575 32.5233935568068 32.4311821937561 32.3396817843119 32.2503142356873 32.1609466870626 32.0715791384379 31.9822115898133 31.8928440411886 31.8034764925639 31.7141089439392 31.6218964099884 31.5287355475956 31.4355746852027 31.3424138228099 31.249252960417 31.1560920980242 31.0629312356313 30.9745167679257 30.9003414842818 30.8261662006378 30.7519909169939 30.67781563335 30.603640349706
34.808738899231 34.702312151591 34.595885403951 34.4917262077332 34.3883228619894 34.2849195162456 34.1815161705017 34.0781128247579 33.9747094790141 33.8713061332703 33.7707708358765 33.6788396835327 33.586908531189 33.4949773788452 33.4030462265015 33.3111150741577 33.219183921814 33.1272527694702 33.0348989168803 32.9424041642083 32.8499094115363 32.7574146588643 32.6649199061924 32.5724251535204 32.4799304008484 32.3880197842916 32.2978615760803 32.2077033678691 32.1175451596578 32.0273869514466 31.9372287432353 31.847070535024 31.7569123268128 31.6679925441742 31.5794855700599 31.4909785959456 31.4024716218313 31.313964647717 31.2254576736027 31.1369506994883 31.0515135182275 30.975285715527 30.8990579128265 30.8228301101261 30.7466023074256 30.6703745047251
34.8829923629761 34.7772283554077 34.6714643478394 34.5647923469544 34.4578176816305 34.3508430163066 34.2438683509827 34.1368936856588 34.0299190203349 33.922944355011 33.8197872797648 33.7280829747518 33.6363786697388 33.5446743647258 33.4529700597127 33.3612657546997 33.2695614496867 33.1778571446737 33.0853474617004 32.9925693194072 32.8997911771139 32.8070130348206 32.7142348925273 32.621456750234 32.5286786079407 32.4363577842713 32.3454089164734 32.2544600486755 32.1635111808777 32.0725623130798 31.981613445282 31.8906645774841 31.7997157096863 31.71408867836 31.6302355925242 31.5463825066884 31.4625294208527 31.3786763350169 31.2948232491811 31.2109701633453 31.1285102685293 31.0502299467723 30.9719496250153 30.8936693032583 30.8153889815013 30.7371086597443
34.9572458267212 34.8521445592245 34.7470432917277 34.6378584861755 34.5273125012716 34.4167665163676 34.3062205314636 34.1956745465597 34.0851285616557 33.9745825767517 33.8688037236532 33.7773262659709 33.6858488082886 33.5943713506063 33.502893892924 33.4114164352417 33.3199389775594 33.2284615198771 33.1357960065206 33.042734474606 32.9496729426914 32.8566114107768 32.7635498788622 32.6704883469476 32.577426815033 32.4846957842509 32.3929562568665 32.301216729482 32.2094772020976 32.1177376747132 32.0259981473287 31.9342586199443 31.8425190925598 31.7601848125458 31.6809856149886 31.6017864174313 31.5225872198741 31.4433880223168 31.3641888247596 31.2849896272024 31.205507018831 31.1251741780175 31.044841337204 30.9645084963905 30.8841756555769 30.8038428147634
35.021338113149 34.9160904884339 34.8108428637187 34.6987839063009 34.5844545046489 34.4701251029969 34.3557957013448 34.2414662996928 34.1271368980408 34.0128074963888 33.903406906128 33.8087927500407 33.7141785939535 33.6195644378662 33.524950281779 33.4303361256918 33.3357219696045 33.2411078135173 33.1465133984884 33.0519255638123 32.9573377291362 32.8627498944601 32.768162059784 32.6735742251079 32.5789863904317 32.4850599977705 32.3931179311541 32.3011758645376 32.2092337979211 32.1172917313046 32.0253496646881 31.9334075980717 31.8414655314552 31.7615151882172 31.6855620861054 31.6096089839936 31.5336558818817 31.4577027797699 31.3817496776581 31.3057965755463 31.2289542886946 31.1494444476234 31.0699346065521 30.9904247654809 30.9109149244097 30.8314050833384
35.0752692222595 34.9690661430359 34.8628630638123 34.7475686073303 34.6292436917623 34.5109187761943 34.3925938606262 34.2742689450582 34.1559440294902 34.0376191139221 33.9235968271892 33.8224824269613 33.7213680267334 33.6202536265056 33.5191392262777 33.4180248260498 33.316910425822 33.2157960255941 33.1174996376038 33.020142587026 32.9227855364482 32.8254284858704 32.7280714352926 32.6307143847148 32.533357334137 32.4374504248301 32.3458939393362 32.2543374538422 32.1627809683482 32.0712244828542 31.9796679973603 31.8881115118663 31.7965550263723 31.7180798053742 31.6439650058747 31.5698502063752 31.4957354068756 31.4216206073761 31.3475058078766 31.2733910083771 31.1988520781199 31.1230407555898 31.0472294330597 30.9714181105296 30.8956067879995 30.8197954654694
35.12920033137 35.022041797638 34.9148832639059 34.7963533083598 34.6740328788757 34.5517124493917 34.4293920199077 34.3070715904236 34.1847511609396 34.0624307314555 33.9437867482503 33.8361721038819 33.7285574595134 33.6209428151449 33.5133281707764 33.4057135264079 33.2980988820394 33.1904842376709 33.0884858767192 32.9883596102397 32.8882333437602 32.7881070772807 32.6879808108012 32.5878545443217 32.4877282778422 32.3898408518897 32.2986699475183 32.2074990431468 32.1163281387753 32.0251572344039 31.9339863300324 31.8428154256609 31.7516445212894 31.6746444225311 31.6023679256439 31.5300914287567 31.4578149318695 31.3855384349823 31.3132619380951 31.2409854412079 31.1687498675453 31.0966370635563 31.0245242595673 30.9524114555783 30.8802986515893 30.8081858476003
35.1831314404806 35.07501745224 34.9669034639995 34.8451380093893 34.7188220659892 34.5925061225891 34.4661901791891 34.339874235789 34.2135582923889 34.0872423489889 33.9639766693115 33.8498617808024 33.7357468922933 33.6216320037842 33.5075171152751 33.393402226766 33.2792873382569 33.1651724497478 33.0594721158346 32.9565766334534 32.8536811510722 32.750785668691 32.6478901863098 32.5449947039287 32.4420992215475 32.3422312789493 32.2514459557004 32.1606606324514 32.0698753092024 31.9790899859535 31.8883046627045 31.7975193394555 31.7067340162066 31.6312090396881 31.5607708454132 31.4903326511383 31.4198944568634 31.3494562625885 31.2790180683136 31.2085798740387 31.1386476569706 31.0702333715227 31.0018190860748 30.933404800627 30.8649905151791 30.7965762297313
