data/working_set_collections/6091692-Cassins_Sparrow-MC/1990/bio3.asc
NCOLS 265 
NROWS 230 
XLLCORNER -115.5625 
YLLCORNER 24.8333333333333 
CELLSIZE 0.0833333333333333 
NODATA_value -9999 
[rows 160 to 179 of 230, columns 138 to 183 of 265]
42.8345087687174 42.8587928771972 42.883076985677 42.9073610941569 42.9338203430175 42.9610046386718 42.9881889343261 43.0153732299804 43.0425575256347 43.069741821289 43.0969261169433 43.128671614329 43.1741007169087 43.2195298194885 43.2649589220682 43.310388024648 43.3558171272277 43.4012462298075 43.4466753323872 43.3797492027283 43.2753713289897 43.1709934552511 43.0666155815124 42.9622377077738 42.8578598340352 42.7534819602966 42.6537233670552 42.5678226153056 42.4819218635559 42.3960211118062 42.3101203600566 42.2242196083069 42.1383188565572 42.0524181048075 42.0175622940063 41.9997214635213 41.9818806330363 41.9640398025513 41.9461989720662 41.9283581415812 41.9105173110962 41.8977521260579 41.90021387736 41.9026756286621 41.9051373799642 41.9075991312663
43.0131511264377 43.0376388549804 43.0621265835232 43.0866143120659 43.1112383524577 43.1359078301323 43.160577307807 43.1852467854817 43.2099162631564 43.2345857408311 43.2592552185058 43.2899288919237 43.3386151525709 43.3873014132181 43.4359876738654 43.4846739345126 43.5333601951599 43.5820464558071 43.6307327164544 43.561378955841 43.4526785214742 43.3439780871073 43.2352776527405 43.1265772183736 43.0178767840068 42.9091763496399 42.8037961218092 42.7083765135871 42.612956905365 42.5175372971429 42.4221176889208 42.3266980806987 42.2312784724765 42.1358588642544 42.0910446802775 42.063098971049 42.0351532618205 42.007207552592 41.9792618433634 41.9513161341349 41.9233704249064 41.9064240349664 41.9224756028917 41.938527170817 41.9545787387424 41.9706303066677
43.1553294287787 43.1771851857503 43.1990409427219 43.2208966996934 43.2437190373738 43.2668635686238 43.2900080998738 43.3131526311238 43.3362971623738 43.3594416936238 43.3825862248738 43.4128295792473 43.4643694029914 43.5159092267354 43.5674490504794 43.6189888742235 43.6705286979675 43.7220685217115 43.7736083454556 43.70388879776 43.5937494595846 43.4836101214091 43.3734707832336 43.2633314450582 43.1531921068827 43.0430527687073 42.9348514344957 42.8324641121758 42.730076789856 42.6276894675361 42.5253021452162 42.4229148228963 42.3205275005764 42.2181401782566 42.1650053024292 42.128287908766 42.0915705151028 42.0548531214396 42.0181357277764 41.9814183341132 41.94470094045 41.9222573280334 41.9426350593567 41.9630127906799 41.9833905220032 42.0037682533264
43.2610436757405 43.2774318695068 43.2938200632731 43.3102082570394 43.3312623977661 43.3538718541463 43.3764813105265 43.3990907669067 43.4217002232869 43.4443096796671 43.4669191360473 43.4973736763 43.5513634681701 43.6053532600403 43.6593430519104 43.7133328437805 43.7673226356506 43.8213124275207 43.8753022193908 43.8072787284851 43.6985841433207 43.5898895581563 43.4811949729919 43.3725003878276 43.2638058026632 43.1551112174988 43.0468893051147 42.9400854110718 42.8332815170288 42.7264776229858 42.6196737289429 42.5128698348999 42.406065940857 42.299262046814 42.2394441604614 42.1952882766724 42.1511323928833 42.1069765090942 42.0628206253052 42.0186647415161 41.974508857727 41.9452520052592 41.960692246755 41.9761324882507 41.9915727297465 42.0070129712423
43.3667579227023 43.3776785532633 43.3885991838243 43.3995198143853 43.4188057581583 43.4408801396688 43.4629545211792 43.4850289026896 43.5071032842 43.5291776657104 43.5512520472208 43.5819177733527 43.6383575333489 43.6947972933451 43.7512370533413 43.8076768133375 43.8641165733337 43.9205563333299 43.9769960933261 43.9106686592102 43.8034188270569 43.6961689949036 43.5889191627503 43.4816693305969 43.3744194984436 43.2671696662903 43.1589271757338 43.0477067099677 42.9364862442017 42.8252657784356 42.7140453126696 42.6028248469035 42.4916043811374 42.3803839153714 42.3138830184937 42.2622886445787 42.2106942706638 42.1590998967489 42.1075055228339 42.055911148919 42.0043167750041 41.9682466824849 41.9787494341532 41.9892521858215 41.9997549374898 42.0102576891581
43.4724721696641 43.4779252370198 43.4833783043755 43.4888313717312 43.5063491185506 43.5278884251912 43.5494277318318 43.5709670384725 43.5925063451131 43.6140456517537 43.6355849583943 43.6664618704054 43.7253515985277 43.78424132665 43.8431310547722 43.9020207828945 43.9609105110168 44.0198002391391 44.0786899672614 44.0140585899353 43.908253510793 43.8024484316508 43.6966433525085 43.5908382733663 43.485033194224 43.3792281150818 43.2709650463528 43.1553280088637 43.0396909713745 42.9240539338854 42.8084168963962 42.6927798589071 42.5771428214179 42.4615057839288 42.3883218765259 42.3292890124851 42.2702561484443 42.2112232844035 42.1521904203627 42.0931575563219 42.0341246922811 41.9912413597107 41.9968066215515 42.0023718833923 42.0079371452332 42.013502407074
43.578186416626 43.5781719207763 43.5781574249267 43.5781429290771 43.5938924789429 43.6148967107137 43.6359009424845 43.6569051742553 43.6779094060262 43.698913637797 43.7199178695679 43.7510059674581 43.8123456637064 43.8736853599548 43.9350250562032 43.9963647524515 44.0577044486999 44.1190441449483 44.1803838411967 44.1174485206604 44.0130881945292 43.908727868398 43.8043675422668 43.7000072161357 43.5956468900045 43.4912865638733 43.3830029169718 43.2629493077596 43.1428956985474 43.0228420893351 42.9027884801229 42.7827348709107 42.6626812616984 42.5426276524862 42.4627607345581 42.3962893803914 42.3298180262248 42.2633466720581 42.1968753178914 42.1304039637248 42.0639326095581 42.0142360369364 42.0148638089498 42.0154915809631 42.0161193529765 42.0167471249898
43.6839006635878 43.6784186045329 43.672936545478 43.6674544864231 43.6814358393351 43.7019049962361 43.7223741531372 43.7428433100382 43.7633124669393 43.7837816238403 43.8042507807414 43.8355500645107 43.8993397288852 43.9631293932597 44.0269190576341 44.0907087220086 44.154498386383 44.2182880507575 44.2820777151319 44.2208384513855 44.1179228782654 44.0150073051453 43.9120917320252 43.809176158905 43.7062605857849 43.6033450126648 43.4950407875909 43.3705706066556 43.2461004257202 43.1216302447849 42.9971600638496 42.8726898829142 42.7482197019789 42.6237495210436 42.5371995925903 42.4632897482978 42.3893799040053 42.3154700597127 42.2415602154202 42.1676503711277 42.0937405268351 42.0372307141622 42.0329209963481 42.0286112785339 42.0243015607198 42.0199918429057
43.8029388427734 43.7948778788248 43.7868169148763 43.7787559509277 43.789200814565 43.8058142873976 43.8224277602301 43.8390412330627 43.8556547058953 43.8722681787279 43.8888816515604 43.9187566227383 43.9884160889519 44.0580755551656 44.1277350213792 44.1973944875929 44.2670539538065 44.3367134200202 44.4063728862338 44.3486668268839 44.2485055923462 44.1483443578084 44.0481831232707 43.9480218887329 43.8478606541951 43.7476994196574 43.6386314286126 43.5028431680468 43.3670549074809 43.231266646915 43.0954783863492 42.9596901257833 42.8239018652175 42.6881136046516 42.5958019892375 42.517982588874 42.4401631885105 42.362343788147 42.2845243877835 42.20670498742 42.1288855870565 42.0694529745314 42.0651807255215 42.0609084765116 42.0566362275017 42.0523639784919
43.9353009541829 43.9275497436523 43.9197985331217 43.9120473225911 43.9171874046325 43.926624584198 43.9360617637634 43.9454989433288 43.9549361228943 43.9643733024597 43.9738104820251 44.0006256421407 44.0795747439066 44.1585238456726 44.2374729474385 44.3164220492045 44.3953711509704 44.4743202527364 44.5532693545023 44.5009336471558 44.4048363367716 44.3087390263875 44.2126417160034 44.1165444056193 44.0204470952352 43.9243497848511 43.813774840037 43.6597669919332 43.5057591438294 43.3517512957255 43.1977434476217 43.0437355995178 42.889727751414 42.7357199033102 42.6385679244995 42.56036790212 42.4821678797404 42.4039678573608 42.3257678349813 42.2475678126017 42.1693677902222 42.110902818044 42.1116429964701 42.1123831748962 42.1131233533223 42.1138635317484
44.0676630655924 44.0602216084798 44.0527801513672 44.0453386942545 44.0451739947001 44.0474348809984 44.0496957672967 44.051956653595 44.0542175398932 44.0564784261915 44.0587393124898 44.0824946615431 44.1707333988613 44.2589721361796 44.3472108734978 44.4354496108161 44.5236883481343 44.6119270854526 44.7001658227708 44.6532004674276 44.5611670811971 44.4691336949666 44.3771003087362 44.2850669225057 44.1930335362752 44.1010001500447 43.9889182514615 43.8166908158197 43.6444633801778 43.472235944536 43.3000085088942 43.1277810732524 42.9555536376106 42.7833262019688 42.6813338597616 42.602753215366 42.5241725709703 42.4455919265747 42.3670112821791 42.2884306377835 42.2098499933879 42.1523526615567 42.1581052674187 42.1638578732808 42.1696104791429 42.175363085005
44.2000251770019 44.1928934733073 44.1857617696126 44.1786300659179 44.1731605847676 44.1682451777988 44.1633297708299 44.1584143638611 44.1534989568922 44.1485835499233 44.1436681429545 44.1643636809455 44.261892053816 44.3594204266866 44.4569487995571 44.5544771724277 44.6520055452982 44.7495339181688 44.8470622910393 44.8054672876994 44.7174978256225 44.6295283635457 44.5415589014689 44.4535894393921 44.3656199773153 44.2776505152384 44.1640616628859 43.9736146397061 43.7831676165263 43.5927205933465 43.4022735701667 43.2118265469869 43.0213795238071 42.8309325006274 42.7240997950236 42.6451385286119 42.5661772622003 42.4872159957886 42.4082547293769 42.3292934629652 42.2503321965536 42.1938025050693 42.2045675383674 42.2153325716654 42.2260976049635 42.2368626382616
44.3323872884114 44.3255653381347 44.318743387858 44.3119214375814 44.3011471748352 44.2890554745992 44.2769637743632 44.2648720741272 44.2527803738912 44.2406886736552 44.2285969734192 44.2462327003479 44.3530507087707 44.4598687171936 44.5666867256164 44.6735047340393 44.7803227424621 44.887140750885 44.9939587593078 44.9577341079712 44.873828570048 44.7899230321248 44.7060174942016 44.6221119562785 44.5382064183553 44.4543008804321 44.3392050743103 44.1305384635926 43.9218718528748 43.713205242157 43.5045386314393 43.2958720207215 43.0872054100037 42.878538799286 42.7668657302857 42.6875238418579 42.6081819534302 42.5288400650024 42.4494981765747 42.370156288147 42.2908143997192 42.2352523485819 42.251029809316 42.26680727005 42.2825847307841 42.2983621915181
44.4647493998209 44.4582372029622 44.4517250061035 44.4452128092448 44.4291337649027 44.4098657713996 44.3905977778964 44.3713297843933 44.3520617908902 44.332793797387 44.3135258038839 44.3281017197503 44.4442093637254 44.5603170077006 44.6764246516757 44.7925322956509 44.908639939626 45.0247475836012 45.1408552275763 45.110000928243 45.0301593144735 44.9503177007039 44.8704760869344 44.7906344731649 44.7107928593954 44.6309512456258 44.5143484857348 44.287462287479 44.0605760892232 43.8336898909675 43.6068036927118 43.379917494456 43.1530312962003 42.9261450979445 42.8096316655477 42.7299091551039 42.6501866446601 42.5704641342163 42.4907416237725 42.4110191133287 42.3312966028849 42.2767021920946 42.2974920802646 42.3182819684346 42.3390718566047 42.3598617447747
44.6126711209615 44.6124665260315 44.6122619311014 44.6120573361714 44.598310470581 44.5800495147705 44.5617885589599 44.5435276031494 44.5252666473388 44.5070056915283 44.4887447357177 44.5039884143405 44.6197459962632 44.735503578186 44.8512611601087 44.9670187420314 45.0827763239542 45.1985339058769 45.3142914877997 45.2894924481709 45.2178412013583 45.1461899545457 45.0745387077331 45.0028874609205 44.9312362141079 44.8595849672953 44.7476515558031 44.514871650272 44.2820917447408 44.0493118392097 43.8165319336785 43.5837520281474 43.3509721226162 43.1181922170851 42.9939071655273 42.905787065294 42.8176669650607 42.7295468648274 42.6414267645942 42.5533066643609 42.4651865641276 42.4039411544799 42.4233198165893 42.4426984786987 42.4620771408081 42.4814558029174
44.7761524518331 44.7882533073425 44.8003541628519 44.8124550183614 44.8086772918701 44.7996067047119 44.7905361175537 44.7814655303955 44.7723949432373 44.7633243560791 44.7542537689209 44.7738927841186 44.8796606063842 44.9854284286498 45.0911962509155 45.1969640731811 45.3027318954467 45.4084997177123 45.514267539978 45.4962086677551 45.4368742307027 45.3775397936503 45.3182053565979 45.2588709195455 45.199536482493 45.1402020454406 45.0391142845154 44.8127665519714 44.5864188194275 44.3600710868835 44.1337233543396 43.9073756217956 43.6810278892517 43.4546801567078 43.3196922302246 43.2151575724284 43.1106229146321 43.0060882568359 42.9015535990397 42.7970189412435 42.6924842834472 42.6169692357381 42.6285130182902 42.6400568008422 42.6516005833943 42.6631443659464
44.9396337827046 44.9640400886535 44.9884463946024 45.0128527005513 45.0190441131591 45.0191638946533 45.0192836761474 45.0194034576416 45.0195232391357 45.0196430206298 45.019762802124 45.0437971538967 45.1395752165052 45.2353532791137 45.3311313417222 45.4269094043307 45.5226874669392 45.6184655295477 45.7142435921563 45.7029248873392 45.655907260047 45.6088896327548 45.5618720054626 45.5148543781704 45.4678367508782 45.420819123586 45.3305770132277 45.1106614536709 44.8907458941142 44.6708303345574 44.4509147750007 44.2309992154439 44.0110836558872 43.7911680963305 43.6454772949218 43.5245280795627 43.4035788642036 43.2826296488444 43.1616804334852 43.0407312181261 42.9197820027669 42.8299973169962 42.833706219991 42.8374151229858 42.8411240259806 42.8448329289754
45.1031151135762 45.1398268699646 45.1765386263529 45.2132503827412 45.2294109344482 45.2387210845947 45.2480312347412 45.2573413848876 45.2666515350341 45.2759616851806 45.2852718353271 45.3137015236748 45.3994898266262 45.4852781295776 45.571066432529 45.6568547354803 45.7426430384317 45.8284313413831 45.9142196443345 45.9096411069234 45.8749402893914 45.8402394718594 45.8055386543273 45.7708378367953 45.7361370192633 45.7014362017313 45.62203974194 45.4085563553704 45.1950729688008 44.9815895822313 44.7681061956617 44.5546228090922 44.3411394225226 44.1276560359531 43.9712623596191 43.833898586697 43.6965348137749 43.5591710408528 43.4218072679308 43.2844434950087 43.1470797220866 43.0430253982544 43.0388994216919 43.0347734451294 43.0306474685669 43.0265214920044
45.2665964444478 45.3156136512756 45.3646308581034 45.4136480649312 45.4397777557373 45.4582782745361 45.4767787933349 45.4952793121337 45.5137798309326 45.5322803497314 45.5507808685302 45.5836058934529 45.6594044367472 45.7352029800414 45.8110015233357 45.88680006663 45.9625986099243 46.0383971532185 46.1141956965128 46.1163573265075 46.0939733187357 46.0715893109639 46.0492053031921 46.0268212954203 46.0044372876485 45.9820532798767 45.9135024706523 45.7064512570699 45.4994000434875 45.2923488299052 45.0852976163228 44.8782464027405 44.6711951891581 44.4641439755758 44.2970474243164 44.1432690938314 43.9894907633463 43.8357124328613 43.6819341023763 43.5281557718913 43.3743774414062 43.2560534795125 43.2440926233927 43.2321317672729 43.2201709111531 43.2082100550333
45.4300777753194 45.4914004325866 45.5527230898539 45.6140457471211 45.6501445770263 45.6778354644775 45.7055263519287 45.7332172393798 45.760908126831 45.7885990142822 45.8162899017334 45.853510263231 45.9193190468682 45.9851278305053 46.0509366141425 46.1167453977796 46.1825541814168 46.2483629650539 46.3141717486911 46.3230735460917 46.3130063480801 46.3029391500685 46.2928719520568 46.2828047540452 46.2727375560336 46.262670358022 46.2049651993646 46.0043461587694 45.8037271181742 45.6031080775791 45.4024890369839 45.2018699963887 45.0012509557936 44.8006319151984 44.6228324890136 44.4526396009657 44.2824467129178 44.1122538248698 43.9420609368218 43.7718680487739 43.6016751607259 43.4690815607707 43.4492858250936 43.4294900894165 43.4096943537394 43.3898986180623
