data/working_set_collections/6091692-Cassins_Sparrow-MC/1990/bio4.asc
NCOLS 265 
NROWS 230 
XLLCORNER -115.5625 
YLLCORNER 24.8333333333333 
CELLSIZE 0.0833333333333333 
NODATA_value -9999 
[rows 60 to 79 of 230, columns 138 to 183 of 265]
873.754876708983 878.056825764973 882.358774820962 886.660723876952 889.883860270181 892.74739244249 895.610924614799 898.474456787109 901.337988959417 904.201521131726 907.065053304036 909.723394266764 911.766161600748 913.808928934732 915.851696268717 917.894463602701 919.937230936686 921.97999827067 924.022765604654 926.131444803873 928.262094624836 930.3927444458 932.523394266764 934.654044087727 936.78469390869 938.915343729654 941.174647013346 943.81991068522 946.465174357096 949.110438028971 951.755701700846 954.400965372721 957.046229044596 959.691492716471 961.595872497558 963.253290981716 964.910709465874 966.568127950032 968.22554643419 969.882964918348 971.540383402506 973.205122884114 974.891825358072 976.578527832031 978.265230305989 979.951932779947
876.875734456378 881.185797119139 885.4958597819 889.80592244466 893.004083251952 895.831610107421 898.659136962889 901.486663818358 904.314190673827 907.141717529296 909.969244384765 912.584078470865 914.56083424886 916.537590026855 918.514345804849 920.491101582844 922.467857360839 924.444613138834 926.421368916828 928.393418884276 930.363900248209 932.334381612141 934.304862976074 936.275344340006 938.245825703938 940.21630706787 942.325886027017 944.852757771809 947.379629516601 949.906501261392 952.433373006184 954.960244750976 957.487116495768 960.013988240559 961.896980285644 963.56534576416 965.233711242675 966.902076721191 968.570442199707 970.238807678222 971.907173156738 973.561360677083 975.173014322916 976.78466796875 978.396321614583 980.007975260416
879.996592203774 884.314768473306 888.632944742837 892.951121012368 896.124306233723 898.915827772351 901.70734931098 904.498870849608 907.290392388237 910.081913926865 912.873435465494 915.444762674967 917.355506896972 919.266251118977 921.176995340982 923.087739562987 924.998483784993 926.909228006998 928.819972229003 930.65539296468 932.465705871581 934.276018778482 936.086331685384 937.896644592284 939.706957499185 941.517270406087 943.477125040689 945.885604858398 948.294084676106 950.702564493814 953.111044311523 955.519524129231 957.92800394694 960.336483764648 962.19808807373 963.877400546603 965.556713019477 967.23602549235 968.915337965223 970.594650438096 972.27396291097 973.917598470052 975.45420328776 976.990808105469 978.527412923177 980.064017740885
883.11744995117 887.443739827473 891.770029703775 896.096319580077 899.244529215494 902.000045437282 904.75556165907 907.511077880858 910.266594102647 913.022110324435 915.777626546223 918.305446879068 920.150179545084 921.9949122111 923.839644877115 925.684377543131 927.529110209146 929.373842875162 931.218575541178 932.917367045084 934.567511494954 936.217655944823 937.867800394694 939.517944844563 941.168089294433 942.818233744303 944.628364054361 946.918451944986 949.208539835612 951.498627726236 953.788715616861 956.078803507487 958.368891398111 960.658979288736 962.499195861816 964.189455329047 965.879714796278 967.569974263509 969.26023373074 970.95049319797 972.640752665201 974.27383626302 975.735392252604 977.196948242187 978.65850423177 980.120060221354
886.238307698566 890.572711181639 894.907114664712 899.241518147785 902.364752197265 905.084263102212 907.80377400716 910.523284912108 913.242795817056 915.962306722004 918.681817626952 921.16613108317 922.944852193196 924.723573303222 926.502294413248 928.281015523274 930.0597366333 931.838457743326 933.617178853352 935.179341125488 936.669317118326 938.159293111165 939.649269104003 941.139245096842 942.62922108968 944.119197082519 945.779603068033 947.951299031575 950.122994995117 952.294690958658 954.4663869222 956.638082885742 958.809778849283 960.981474812825 962.800303649902 964.501510111491 966.202716573079 967.903923034668 969.605129496256 971.306335957845 973.007542419433 974.630074055989 976.016581217448 977.403088378906 978.789595540364 980.176102701822
889.359165445962 893.701682535806 898.04419962565 902.386716715493 905.484975179036 908.168480767143 910.851986355251 913.535491943358 916.218997531466 918.902503119573 921.586008707681 924.026815287271 925.739524841308 927.452234395344 929.164943949381 930.877653503417 932.590363057454 934.30307261149 936.015782165527 937.441315205891 938.771122741698 940.100930277506 941.430737813313 942.76054534912 944.090352884928 945.420160420735 946.930842081705 948.984146118163 951.037450154622 953.09075419108 955.144058227538 957.197362263997 959.250666300455 961.303970336913 963.101411437988 964.813564893934 966.52571834988 968.237871805826 969.950025261772 971.662178717719 973.374332173665 974.986311848958 976.297770182291 977.609228515625 978.920686848958 980.232145182291
890.857089233397 895.213103230794 899.569117228189 903.925131225585 906.991766357422 909.628608534071 912.26545071072 914.902292887369 917.539135064019 920.175977240668 922.812819417317 925.206209140353 926.86924150255 928.532273864746 930.195306226942 931.858338589138 933.521370951334 935.18440331353 936.847435675727 938.251889546712 939.570150587294 940.888411627875 942.206672668457 943.524933709038 944.84319474962 946.161455790202 947.635660129123 949.577694363064 951.519728597005 953.461762830946 955.403797064887 957.345831298828 959.287865532769 961.22989976671 962.996814982096 964.705357191297 966.413899400499 968.1224416097 969.830983818902 971.539526028103 973.248068237304 974.839380221897 976.07900153266 977.318622843424 978.558244154188 979.797865464952
890.732079060871 895.106973266601 899.48186747233 903.856761678059 906.885125732422 909.464646402994 912.044167073567 914.62368774414 917.203208414713 919.782729085286 922.362249755859 924.704312642415 926.33400217692 927.963691711426 929.593381245931 931.223070780436 932.852760314941 934.482449849446 936.112139383951 937.611064147949 939.06640065511 940.521737162272 941.977073669433 943.432410176595 944.887746683756 946.343083190918 947.894057210286 949.731943766275 951.569830322265 953.407716878255 955.245603434244 957.083489990234 958.921376546223 960.759263102213 962.486514282226 964.17688700358 965.867259724934 967.557632446289 969.248005167643 970.938377888997 972.628750610351 974.189279174804 975.360275268555 976.531271362305 977.702267456055 978.873263549804
890.607068888345 895.000843302408 899.39461771647 903.788392130533 906.778485107421 909.300684271918 911.822883436414 914.345082600911 916.867281765407 919.389480929904 921.911680094401 924.202416144477 925.798762851291 927.395109558105 928.991456264919 930.587802971734 932.184149678548 933.780496385362 935.376843092176 936.970238749186 938.562650722927 940.155062696668 941.74747467041 943.339886644151 944.932298617892 946.524710591634 948.152454291449 949.886193169487 951.619932047526 953.353670925564 955.087409803602 956.82114868164 958.554887559678 960.288626437717 961.976213582357 963.648416815863 965.32062004937 966.992823282877 968.665026516384 970.337229749891 972.009432983398 973.539178127713 974.641549004449 975.743919881185 976.846290757921 977.948661634657
890.482058715819 894.894713338215 899.307367960611 903.720022583007 906.671844482422 909.136722140842 911.601599799262 914.066477457682 916.531355116102 918.996232774522 921.461110432942 923.700519646539 925.263523525662 926.826527404785 928.389531283908 929.952535163031 931.515539042155 933.078542921278 934.641546800401 936.329413350423 938.058900790744 939.788388231065 941.517875671386 943.247363111708 944.976850552029 946.70633799235 948.410851372612 950.040442572699 951.670033772786 953.299624972873 954.92921617296 956.558807373046 958.188398573133 959.81798977322 961.465912882487 963.119946628146 964.773980373806 966.428014119466 968.082047865126 969.736081610785 971.390115356445 972.88907708062 973.922822740343 974.956568400065 975.990314059787 977.024059719509
890.357048543293 894.788583374023 899.220118204752 903.651653035481 906.565203857422 908.972760009765 911.380316162109 913.787872314453 916.195428466796 918.60298461914 921.010540771484 923.1986231486 924.728284200032 926.257945251465 927.787606302897 929.317267354329 930.846928405762 932.376589457194 933.906250508626 935.68858795166 937.555150858561 939.421713765462 941.288276672363 943.154839579264 945.021402486165 946.887965393066 948.669248453776 950.194691975911 951.720135498047 953.245579020182 954.771022542317 956.296466064453 957.821909586588 959.347353108724 960.955612182617 962.591476440429 964.227340698242 965.863204956054 967.499069213867 969.134933471679 970.770797729492 972.238976033529 973.204096476237 974.169216918945 975.134337361654 976.099457804362
890.232038370767 894.68245340983 899.132868448892 903.583283487955 906.458563232422 908.808797878689 911.159032524956 913.509267171224 915.859501817491 918.209736463758 920.559971110026 922.696726650662 924.193044874403 925.689363098145 927.185681321886 928.681999545627 930.178317769368 931.67463599311 933.170954216851 935.047762552897 937.051400926378 939.055039299858 941.05867767334 943.06231604682 945.065954420301 947.069592793782 948.927645534939 950.348941379123 951.770237223307 953.191533067491 954.612828911675 956.034124755859 957.455420600043 958.876716444227 960.445311482747 962.063006252712 963.680701022677 965.298395792643 966.916090562608 968.533785332573 970.151480102539 971.588874986437 972.485370212131 973.381865437826 974.27836066352 975.174855889214
887.237205844455 891.582299296061 895.927392747667 900.272486199273 903.081364949545 905.378172132704 907.674979315864 909.971786499024 912.268593682183 914.565400865343 916.862208048503 918.982786051433 920.574676513672 922.166566975912 923.758457438151 925.350347900391 926.94223836263 928.53412882487 930.12601928711 932.202805074056 934.441222635905 936.679640197754 938.918057759603 941.156475321452 943.394892883301 945.63331044515 947.685095893012 949.176984998915 950.668874104818 952.16076321072 953.652652316623 955.144541422526 956.636430528428 958.128319634331 959.724463399251 961.355358717176 962.986254035102 964.617149353027 966.248044670952 967.878939988878 969.509835306803 970.945298428005 971.794464959038 972.643631490071 973.492798021104 974.341964552137
881.372550964355 885.488121032715 889.603691101074 893.719261169434 896.43360900879 898.680882771811 900.928156534831 903.175430297852 905.422704060873 907.669977823894 909.917251586915 912.056801350912 913.873179117839 915.689556884766 917.505934651693 919.32231241862 921.138690185547 922.955067952475 924.771445719401 927.153715515137 929.724615987142 932.295516459147 934.866416931153 937.437317403158 940.008217875163 942.579118347168 944.941599527995 946.678822835286 948.416046142578 950.15326944987 951.890492757161 953.627716064453 955.364939371745 957.102162679036 958.793067932129 960.468533833821 962.143999735514 963.819465637207 965.494931538899 967.170397440592 968.845863342285 970.308246358236 971.13138071696 971.954515075684 972.777649434408 973.600783793131
875.507896084255 879.393942769369 883.279989454481 887.166036139594 889.785853068034 891.983593410916 894.181333753798 896.37907409668 898.576814439562 900.774554782444 902.972295125326 905.130816650391 907.171681722006 909.21254679362 911.253411865235 913.294276936849 915.335142008464 917.376007080079 919.416872151693 922.104625956218 925.008009338379 927.91139272054 930.814776102702 933.718159484863 936.621542867024 939.524926249186 942.198103162977 944.180660671658 946.163218180338 948.145775689019 950.128333197699 952.11089070638 954.09344821506 956.076005723741 957.861672465006 959.581708950466 961.301745435926 963.021781921387 964.741818406847 966.461854892306 968.181891377767 969.671194288466 970.46829647488 971.265398661296 972.06250084771 972.859603034125
869.643241204155 873.299764506022 876.956287807888 880.612811109754 883.138097127279 885.286304050022 887.434510972765 889.582717895508 891.730924818251 893.879131740994 896.027338663737 898.20483194987 900.470184326172 902.735536702474 905.000889078776 907.266241455078 909.53159383138 911.796946207682 914.062298583984 917.055536397298 920.291402689616 923.527268981933 926.763135274251 929.999001566569 933.234867858886 936.470734151204 939.45460679796 941.682498508029 943.910390218099 946.138281928168 948.366173638237 950.594065348307 952.821957058376 955.049848768446 956.930276997884 958.694884067111 960.459491136339 962.224098205566 963.988705274793 965.753312344021 967.517919413248 969.034142218696 969.805212232802 970.576282246907 971.347352261013 972.118422275119
863.778586324056 867.205586242676 870.632586161296 874.059586079916 876.490341186524 878.589014689128 880.687688191732 882.786361694337 884.885035196941 886.983708699545 889.082382202149 891.27884724935 893.768686930339 896.258526611329 898.748366292318 901.238205973308 903.728045654297 906.217885335287 908.707725016276 912.006446838379 915.574796040853 919.143145243327 922.711494445801 926.279843648275 929.848192850748 933.416542053223 936.711110432943 939.184336344401 941.657562255859 944.130788167317 946.604014078776 949.077239990234 951.550465901692 954.02369181315 955.998881530762 957.808059183756 959.617236836751 961.426414489746 963.235592142741 965.044769795735 966.85394744873 968.397090148926 969.142127990723 969.88716583252 970.632203674316 971.377241516113
857.913931443956 861.11140797933 864.308884514703 867.506361050076 869.842585245769 871.891725328234 873.940865410699 875.990005493165 878.03914557563 880.088285658095 882.13742574056 884.352862548829 887.067189534505 889.781516520183 892.49584350586 895.210170491537 897.924497477214 900.638824462891 903.353151448568 906.95735727946 910.85818939209 914.75902150472 918.65985361735 922.56068572998 926.46151784261 930.362349955241 933.967614067925 936.686174180772 939.40473429362 942.123294406467 944.841854519314 947.560414632161 950.278974745008 952.997534857855 955.067486063639 956.921234300401 958.774982537163 960.628730773926 962.482479010687 964.33622724745 966.189975484212 967.760038079156 968.479043748644 969.198049418132 969.917055087619 970.636060757107
851.769734191894 854.720167541504 857.670600891113 860.621034240723 862.94060160319 865.049880303277 867.159159003364 869.268437703451 871.377716403538 873.486995103624 875.596273803711 877.933348083496 880.953809102376 883.974270121257 886.994731140137 890.015192159017 893.035653177897 896.056114196777 899.076575215657 902.923980204264 907.047033182779 911.170086161295 915.293139139811 919.416192118326 923.539245096842 927.662298075358 931.474973042806 934.35651397705 937.238054911295 940.11959584554 943.001136779784 945.88267771403 948.764218648274 951.645759582519 953.785557047526 955.678106689453 957.57065633138 959.463205973307 961.355755615234 963.248305257161 965.140854899088 966.751972283257 967.518792894151 968.285613505045 969.05243411594 969.819254726834
845.345994567871 848.0318649292 850.717735290528 853.403605651856 855.78439025879 858.063479614259 860.342568969727 862.621658325196 864.900747680665 867.179837036133 869.458926391602 872.020303853353 875.428545633952 878.836787414551 882.24502919515 885.653270975748 889.061512756348 892.469754536947 895.877996317545 899.906315612793 904.141327412923 908.376339213053 912.611351013183 916.846362813313 921.081374613443 925.316386413574 929.233187357584 932.195355733235 935.157524108887 938.119692484537 941.081860860188 944.04402923584 947.00619761149 949.968365987141 952.153094482422 954.078676350911 956.004258219401 957.929840087891 959.85542195638 961.78100382487 963.706585693359 965.37289276123 966.261375427246 967.149858093262 968.038340759277 968.926823425293
