data/working_set_collections/6091692-Cassins_Sparrow-MC/1990/bio4.asc
NCOLS 265 
NROWS 230 
XLLCORNER -115.5625 
YLLCORNER 24.8333333333333 
CELLSIZE 0.0833333333333333 
NODATA_value -9999 
[rows 140 to 159 of 230, columns 46 to 91 of 265]
773.095623270672 771.27904815674 769.462473042807 767.645897928875 765.829322814943 764.01274770101 764.637653605144 766.0763865153 767.515119425456 768.953852335613 770.392585245769 771.831318155925 773.270051066081 774.883152092828 777.019357469347 779.155562845866 781.291768222385 783.427973598905 785.564178975423 787.700384351942 789.836589728462 791.548494466146 793.118965657553 794.689436848959 796.259908040365 797.830379231771 799.400850423178 800.971321614584 802.180479431153 802.30569712321 802.430914815267 802.556132507324 802.681350199382 802.806567891439 802.931785583496 803.057003275553 803.804753621419 804.760014851888 805.715276082356 806.670537312825 807.625798543294 808.581059773763 809.536321004231 810.822624037 813.10205247667 815.38148091634
764.442737325034 763.102777608237 761.76281789144 760.422858174643 759.082898457846 757.742938741049 758.649309285482 760.304456583659 761.959603881836 763.614751180013 765.26989847819 766.925045776367 768.580193074545 770.349727545844 772.462423536513 774.575119527181 776.68781551785 778.800511508518 780.913207499186 783.025903489855 785.138599480523 786.764286295573 788.22763671875 789.690987141927 791.154337565104 792.617687988281 794.081038411459 795.544388834636 796.860054016114 797.732663472494 798.605272928874 799.477882385254 800.350491841634 801.223101298014 802.095710754395 802.968320210775 804.217939249674 805.593228149414 806.968517049153 808.343805948893 809.719094848632 811.094383748372 812.469672648111 814.049413723415 816.242511325412 818.435608927408
755.789851379396 754.926507059735 754.063162740073 753.199818420411 752.33647410075 751.473129781088 752.660964965821 754.532526652019 756.404088338217 758.275650024415 760.147211710613 762.01877339681 763.890335083008 765.816302998861 767.905489603679 769.994676208496 772.083862813314 774.173049418132 776.26223602295 778.351422627767 780.440609232585 781.980078125 783.336307779948 784.692537434897 786.048767089844 787.404996744792 788.76122639974 790.117456054688 791.539628601075 793.159629821778 794.779631042481 796.399632263184 798.019633483887 799.63963470459 801.259635925293 802.879637145996 804.631124877929 806.42644144694 808.22175801595 810.01707458496 811.812391153971 813.607707722981 815.403024291992 817.27620340983 819.382970174153 821.489736938476
747.136965433758 746.750236511232 746.363507588706 745.97677866618 745.590049743653 745.203320821127 746.672620646159 748.760596720378 750.848572794597 752.936548868816 755.024524943034 757.112501017253 759.200477091472 761.282878451877 763.348555670845 765.414232889812 767.479910108779 769.545587327746 771.611264546712 773.676941765679 775.742618984647 777.195869954428 778.444978841146 779.694087727865 780.943196614584 782.192305501302 783.441414388021 784.69052327474 786.219203186035 788.586596171062 790.953989156087 793.321382141113 795.68877512614 798.056168111165 800.423561096191 802.790954081217 805.044310506185 807.259654744466 809.474998982747 811.690343221028 813.905687459309 816.121031697591 818.336375935872 820.502993096245 822.523429022894 824.543864949544
739.3049021403 739.19314948188 739.08139682346 738.96964416504 738.85789150662 738.7461388482 740.399059041342 742.640203518338 744.881347995335 747.122492472331 749.363636949327 751.604781426324 753.845925903321 756.066244167752 758.224083794488 760.381923421224 762.53976304796 764.697602674697 766.855442301432 769.013281928168 771.171121554905 772.62877146403 773.853024800619 775.077278137207 776.301531473796 777.525784810384 778.750038146973 779.974291483561 781.560708448622 784.2336162991 786.906524149577 789.579432000054 792.252339850532 794.925247701009 797.598155551487 800.271063401964 802.876742045085 805.46001095242 808.043279859755 810.62654876709 813.209817674425 815.79308658176 818.376355489095 820.81792195638 822.834381103516 824.850840250651
732.293661499025 732.255245971681 732.216830444337 732.178414916993 732.13999938965 732.101583862306 733.840280151368 736.171347045899 738.50241394043 740.833480834962 743.164547729493 745.495614624024 747.826681518555 750.166400146485 752.53207397461 754.897747802735 757.26342163086 759.629095458985 761.99476928711 764.360443115235 766.72611694336 768.278782653809 769.560445658366 770.842108662924 772.123771667481 773.405434672038 774.687097676596 775.968760681153 777.564144388835 780.100690205892 782.63723602295 785.173781840007 787.710327657064 790.246873474122 792.783419291179 795.319965108236 798.128419494629 801.027510070801 803.926600646973 806.825691223145 809.724781799316 812.623872375489 815.52296295166 818.220989990234 820.315826416016 822.410662841797
725.282420857748 725.317342461481 725.352264065214 725.387185668946 725.422107272679 725.457028876412 727.281501261394 729.70249057346 732.123479885526 734.544469197592 736.965458509657 739.386447821724 741.80743713379 744.266556125217 746.840064154731 749.413572184245 751.987080213759 754.560588243273 757.134096272787 759.7076043023 762.281112331814 763.928793843588 765.267866516113 766.60693918864 767.946011861166 769.285084533692 770.624157206218 771.963229878744 773.567580329047 775.967764112685 778.367947896322 780.768131679959 783.168315463596 785.568499247233 787.96868303087 790.368866814508 793.380096944173 796.595009189182 799.809921434191 803.024833679199 806.239745924208 809.454658169217 812.669570414225 815.624058024088 817.797271728516 819.970485432943
718.271180216472 718.379438951281 718.48769768609 718.595956420899 718.704215155708 718.812473890517 720.72272237142 723.23363410102 725.744545830621 728.255457560222 730.766369289822 733.277281019423 735.788192749024 738.36671210395 741.148054334853 743.929396565755 746.710738796658 749.492081027561 752.273423258464 755.054765489366 757.836107720269 759.578805033366 760.975287373861 762.371769714356 763.768252054851 765.164734395345 766.56121673584 767.957699076335 769.57101626926 771.834838019477 774.098659769694 776.362481519911 778.626303270128 780.890125020345 783.153946770562 785.417768520779 788.631774393717 792.162508307563 795.693242221408 799.223976135254 802.754710049099 806.285443962945 809.81617787679 813.027126057942 815.278717041016 817.530308024089
711.259939575196 711.441535441082 711.623131306967 711.804727172853 711.986323038738 712.167918904624 714.163943481446 716.764777628581 719.365611775717 721.966445922852 724.567280069988 727.168114217123 729.768948364258 732.466868082683 735.456044514975 738.445220947266 741.434397379558 744.42357381185 747.412750244141 750.401926676432 753.391103108724 755.228816223145 756.682708231609 758.136600240072 759.590492248536 761.044384256999 762.498276265463 763.952168273926 765.574452209473 767.70191192627 769.829371643067 771.956831359864 774.084291076661 776.211750793457 778.339210510254 780.466670227051 783.883451843262 787.730007425944 791.576563008627 795.423118591309 799.269674173991 803.116229756673 806.962785339355 810.430194091797 812.760162353516 815.090130615234
704.24869893392 704.503631930882 704.758564927844 705.013497924806 705.268430921767 705.523363918729 707.605164591472 710.295921156142 712.986677720812 715.677434285482 718.368190850152 721.058947414823 723.749703979493 726.567024061415 729.764034695096 732.961045328776 736.158055962457 739.355066596138 742.552077229818 745.749087863498 748.946098497179 750.878827412924 752.390129089356 753.901430765788 755.41273244222 756.924034118653 758.435335795085 759.946637471517 761.577888149685 763.568985833062 765.560083516439 767.551181199816 769.542278883193 771.533376566569 773.524474249946 775.515571933323 779.135129292806 783.297506544325 787.459883795844 791.622261047363 795.784638298882 799.947015550401 804.10939280192 807.833262125651 810.241607666016 812.64995320638
699.073067220053 699.298105197483 699.523143174914 699.748181152344 699.973219129775 700.198257107206 702.290431722006 705.004985215929 707.719538709853 710.434092203776 713.1486456977 715.863199191624 718.577752685547 721.449418809679 724.792422824436 728.135426839193 731.47843085395 734.821434868707 738.164438883464 741.50744289822 744.850446912978 746.8443649292 748.388587612576 749.932810295953 751.47703297933 753.021255662707 754.565478346083 756.10970102946 757.693202379015 759.394539727106 761.095877075196 762.797214423286 764.498551771377 766.199889119467 767.901226467557 769.602563815648 773.196534220378 777.421382310656 781.646230400934 785.871078491212 790.09592658149 794.320774671768 798.545622762045 802.330993991429 804.797934638131 807.264875284832
695.733044433594 695.824955240886 695.916866048178 696.008776855469 696.100687662761 696.192598470053 698.219744873047 700.891969807943 703.564194742839 706.236419677735 708.90864461263 711.580869547526 714.253094482422 717.114052327474 720.541208902995 723.968365478516 727.395522054036 730.822678629558 734.249835205078 737.676991780599 741.10414835612 743.125428771973 744.67808380127 746.230738830567 747.783393859864 749.33604888916 750.888703918458 752.441358947754 753.920394897461 755.178573608399 756.436752319337 757.694931030274 758.953109741212 760.211288452149 761.469467163087 762.727645874024 766.067666625977 770.101634724935 774.135602823894 778.169570922852 782.20353902181 786.237507120769 790.271475219727 793.923389689129 796.429143269858 798.934896850587
692.393021647136 692.351805284289 692.310588921441 692.269372558594 692.228156195747 692.1869398329 694.149058024089 696.778954399957 699.408850775825 702.038747151693 704.668643527561 707.298539903429 709.928436279297 712.778685845269 716.289994981554 719.801304117839 723.312613254123 726.823922390408 730.335231526693 733.846540662977 737.357849799262 739.406492614746 740.967579989963 742.52866736518 744.089754740398 745.650842115614 747.211929490831 748.773016866048 750.147587415908 750.962607489692 751.777627563477 752.592647637262 753.407667711047 754.222687784831 755.037707858616 755.852727932401 758.938799031576 762.781887139215 766.624975246854 770.468063354493 774.311151462131 778.154239569771 781.997327677409 785.515785386828 788.060351901585 790.604918416342
689.052998860678 688.878655327692 688.704311794706 688.529968261719 688.355624728733 688.181281195747 690.07837117513 692.665938991971 695.253506808811 697.841074625651 700.428642442492 703.016210259332 705.603778076172 708.443319363064 712.038781060113 715.634242757162 719.22970445421 722.825166151259 726.420627848307 730.016089545356 733.611551242405 735.68755645752 737.257076178657 738.826595899794 740.396115620931 741.965635342068 743.535155063206 745.104674784343 746.374779934354 746.746641370986 747.118502807618 747.49036424425 747.862225680882 748.234087117514 748.605948554146 748.977809990778 751.809931437175 755.462139553495 759.114347669814 762.766555786134 766.418763902453 770.070972018773 773.723180135092 777.108181084528 779.691560533313 782.274939982098
685.712976074219 685.405505371094 685.09803466797 684.790563964844 684.483093261719 684.175622558595 686.007684326172 688.552923583984 691.098162841797 693.64340209961 696.188641357422 698.733880615235 701.279119873047 704.107952880859 707.787567138672 711.467181396485 715.146795654297 718.82640991211 722.506024169922 726.185638427734 729.865252685547 731.968620300293 733.546572367351 735.124524434408 736.702476501465 738.280428568522 739.85838063558 741.436332702637 742.6019724528 742.530675252279 742.459378051759 742.388080851238 742.316783650717 742.245486450196 742.174189249676 742.102892049155 744.681063842774 748.142391967774 751.603720092774 755.065048217774 758.526376342774 761.987704467774 765.449032592774 768.700576782227 771.32276916504 773.944961547853
682.372953287761 681.932355414497 681.491757541233 681.051159667969 680.610561794706 680.169963921442 681.936997477214 684.439908175998 686.942818874783 689.445729573568 691.948640272352 694.451550971137 696.954461669922 699.772586398654 703.536353217231 707.300120035807 711.063886854383 714.82765367296 718.591420491536 722.355187310112 726.118954128689 728.249684143067 729.836068556044 731.422452969022 733.008837381999 734.595221794976 736.181606207954 737.767990620931 738.829164971246 738.314709133573 737.800253295899 737.285797458226 736.771341620552 736.256885782879 735.742429945205 735.227974107532 737.552196248373 740.822644382053 744.093092515734 747.363540649415 750.633988783095 753.904436916776 757.174885050457 760.292972479927 762.953977796768 765.614983113608
679.880839029948 679.310119628907 678.739400227865 678.168680826823 677.597961425782 677.02724202474 678.666360982259 681.042092725966 683.417824469673 685.793556213379 688.169287957086 690.545019700793 692.920751444499 695.638948228624 699.384540134006 703.130132039388 706.87572394477 710.621315850152 714.366907755534 718.112499660916 721.858091566298 723.860957336427 725.282914394803 726.70487145318 728.126828511557 729.548785569934 730.970742628311 732.392699686687 733.219735039607 732.262005276152 731.304275512697 730.346545749242 729.388815985788 728.431086222333 727.473356458878 726.515626695423 728.62836049398 731.76458214654 734.900803799101 738.037025451662 741.173247104222 744.309468756784 747.445690409344 750.498315599231 753.300151401098 756.101987202964
678.236633300782 677.538798014323 676.840962727865 676.143127441407 675.445292154948 674.74745686849 676.195774841309 678.359477233887 680.523179626465 682.686882019043 684.850584411621 687.0142868042 689.177989196778 691.707038370768 695.332127888998 698.957217407227 702.582306925456 706.207396443685 709.832485961914 713.457575480143 717.082664998373 718.802439880372 719.887109883627 720.971779886882 722.056449890138 723.141119893393 724.225789896648 725.310459899903 725.773682657879 724.372563680014 722.97144470215 721.570325724286 720.169206746421 718.768087768557 717.366968790692 715.965849812828 717.909556579591 720.968205261232 724.026853942873 727.085502624513 730.144151306154 733.202799987795 736.261448669435 739.316606140138 742.361289978029 745.405973815919
676.592427571615 675.76747639974 674.942525227865 674.11757405599 673.292622884115 672.46767171224 673.725188700358 675.676861741808 677.628534783257 679.580207824707 681.531880866157 683.483553907607 685.435226949056 687.775128512912 691.279715643989 694.784302775065 698.288889906141 701.793477037218 705.298064168294 708.80265129937 712.307238430447 713.743922424317 714.491305372451 715.238688320584 715.986071268718 716.733454216852 717.480837164986 718.228220113119 718.327630276152 716.483122083877 714.638613891603 712.794105699329 710.949597507054 709.10508931478 707.260581122506 705.416072930232 707.190752665203 710.171828375923 713.152904086644 716.133979797364 719.115055508085 722.096131218806 725.077206929526 728.134896681045 731.42242855496 734.709960428875
674.948221842448 673.996154785157 673.044087727865 672.092020670573 671.139953613282 670.18788655599 671.254602559408 672.994246249729 674.73388994005 676.473533630371 678.213177320692 679.952821011014 681.692464701335 683.843218655056 687.22730339898 690.611388142904 693.995472886827 697.379557630751 700.763642374675 704.147727118598 707.531811862522 708.685404968263 709.095500861275 709.505596754287 709.915692647299 710.325788540311 710.735884433324 711.145980326336 710.881577894425 708.59368048774 706.305783081057 704.017885674373 701.729988267689 699.442090861005 697.154193454321 694.866296047637 696.471948750815 699.375451490616 702.278954230416 705.182456970217 708.085959710017 710.989462449817 713.892965189618 716.953187221952 720.483567131892 724.013947041831
