data/working_set_collections/6091692-Cassins_Sparrow-MC/1990/bio4.asc
NCOLS 265 
NROWS 230 
XLLCORNER -115.5625 
YLLCORNER 24.8333333333333 
CELLSIZE 0.0833333333333333 
NODATA_value -9999 
[rows 120 to 139 of 230, columns 46 to 91 of 265]
795.998851013184 792.721200052897 789.44354909261 786.165898132324 782.888247172038 779.610596211751 779.008610026041 779.298512098524 779.588414171007 779.878316243489 780.168218315972 780.458120388455 780.748022460937 780.333352661133 777.804967244466 775.2765818278 772.748196411133 770.219810994466 767.6914255778 765.163040161133 762.634654744466 761.221856180827 760.18091990153 759.139983622233 758.099047342936 757.05811106364 756.017174784343 754.976238505046 754.463016933865 755.532939487033 756.602862040202 757.67278459337 758.742707146539 759.812629699707 760.882552252875 761.952474806044 763.575096638997 765.381951565213 767.188806491428 768.995661417644 770.802516343859 772.609371270074 774.416226196289 776.000195482042 776.915507846409 777.830820210775
800.755158996582 797.205327860514 793.655496724446 790.105665588379 786.555834452311 783.006003316243 782.322570800781 782.594604492187 782.866638183593 783.138671875 783.410705566406 783.682739257812 783.954772949218 783.472620646159 780.7279103597 777.983200073242 775.238489786784 772.493779500325 769.749069213867 767.004358927409 764.25964864095 762.656498718262 761.43386891683 760.211239115397 758.988609313965 757.765979512533 756.5433497111 755.320719909668 754.539372253418 755.081871032715 755.624369812012 756.166868591309 756.709367370606 757.251866149903 757.7943649292 758.336863708497 759.716928100586 761.376181030274 763.035433959961 764.694686889649 766.353939819336 768.013192749024 769.672445678712 771.310897318523 772.886945088705 774.462992858887
805.51146697998 801.689455668132 797.867444356282 794.045433044434 790.223421732585 786.401410420736 785.63653157552 785.89069688585 786.14486219618 786.39902750651 786.65319281684 786.90735812717 787.1615234375 786.611888631185 783.650853474935 780.689818318685 777.728783162435 774.767748006185 771.806712849935 768.845677693685 765.884642537435 764.091141255697 762.686817932129 761.282494608561 759.878171284994 758.473847961426 757.069524637858 755.66520131429 754.615727572971 754.630802578396 754.645877583822 754.660952589247 754.676027594673 754.691102600098 754.706177605523 754.721252610949 755.858759562175 757.370410495334 758.882061428494 760.393712361654 761.905363294814 763.417014227974 764.928665161133 766.621599155002 768.858382331001 771.095165506999
810.267774963379 806.173583475749 802.079391988118 797.985200500489 793.891009012859 789.796817525228 788.95049235026 789.186789279513 789.423086208767 789.65938313802 789.895680067274 790.131976996527 790.368273925781 789.751156616211 786.573796590169 783.396436564128 780.219076538086 777.041716512044 773.864356486003 770.686996459962 767.50963643392 765.525783793132 763.939766947429 762.353750101725 760.767733256022 759.181716410319 757.595699564616 756.009682718913 754.692082892524 754.179734124078 753.667385355632 753.155036587186 752.642687818739 752.130339050293 751.617990281847 751.105641513401 752.000591023763 753.364639960395 754.728688897027 756.092737833659 757.456786770291 758.820835706923 760.184884643555 761.932300991482 764.829819573297 767.727338155111
815.024082946777 810.657711283366 806.291339619954 801.924967956543 797.558596293132 793.19222462972 792.264453124999 792.482881673176 792.701310221354 792.919738769531 793.138167317708 793.356595865885 793.575024414062 792.890424601237 789.496739705404 786.10305480957 782.709369913737 779.315685017904 775.922000122071 772.528315226238 769.134630330404 766.960426330566 765.192715962728 763.425005594889 761.657295227051 759.889584859213 758.121874491374 756.354164123535 754.768438212077 753.728665669759 752.688893127442 751.649120585124 750.609348042806 749.569575500489 748.529802958171 747.490030415854 748.142422485352 749.358869425456 750.57531636556 751.791763305665 753.008210245769 754.224657185873 755.441104125977 757.243002827962 760.801256815593 764.359510803223
819.780390930176 815.141839090983 810.50328725179 805.864735412598 801.226183573405 796.587631734212 795.578413899739 795.77897406684 795.97953423394 796.180094401041 796.380654568142 796.581214735242 796.781774902343 796.029692586263 792.419682820638 788.809673055013 785.199663289389 781.589653523763 777.979643758138 774.369633992514 770.759624226888 768.395068868001 766.445664978028 764.496261088053 762.54685719808 760.597453308106 758.648049418132 756.698645528158 754.84479353163 753.277597215441 751.710400899252 750.143204583063 748.576008266873 747.008811950684 745.441615634495 743.874419318306 744.28425394694 745.353098890517 746.421943834093 747.49078877767 748.559633721246 749.628478664823 750.697323608399 752.553704664442 756.772694057889 760.991683451335
822.607968648275 817.769640604656 812.931312561036 808.092984517416 803.254656473797 798.416328430176 797.389682006836 797.633596123589 797.877510240343 798.121424357096 798.36533847385 798.609252590603 798.853166707357 798.177472262913 794.742952134874 791.308432006836 787.873911878798 784.43939175076 781.004871622721 777.570351494683 774.135831366645 771.827071126302 769.893564181858 767.960057237413 766.026550292968 764.093043348524 762.159536404079 760.226029459635 758.288575914171 756.339282565646 754.389989217122 752.440695868598 750.491402520073 748.542109171549 746.592815823025 744.6435224745 744.612488810221 745.22087504069 745.829261271158 746.437647501627 747.046033732096 747.654419962565 748.262806193034 749.909465196397 754.670942518446 759.432419840494
823.506816101075 818.541115824382 813.575415547689 808.609715270997 803.644014994304 798.678314717611 797.698257446289 798.046747843424 798.39523824056 798.743728637695 799.092219034831 799.440709431966 799.789199829101 799.333763631185 796.466547648112 793.599331665039 790.732115681966 787.864899698893 784.99768371582 782.130467732747 779.263251749674 777.256433105468 775.536413574218 773.816394042968 772.096374511718 770.376354980468 768.656335449218 766.936315917968 765.0997853597 762.913721720377 760.727658081054 758.541594441731 756.355530802408 754.169467163085 751.983403523763 749.79733988444 749.127127075195 748.962197875976 748.797268676757 748.632339477539 748.46741027832 748.302481079101 748.137551879883 749.310284423827 754.496002197265 759.681719970702
824.405663553874 819.312591044109 814.219518534343 809.126446024578 804.033373514812 798.940301005046 798.006832885742 798.459899563259 798.912966240777 799.366032918294 799.819099595812 800.272166273329 800.725232950846 800.490054999458 798.19014316135 795.890231323242 793.590319485135 791.290407647027 788.990495808919 786.690583970812 784.390672132704 782.685795084635 781.17926296658 779.672730848524 778.166198730468 776.659666612413 775.153134494357 773.646602376301 771.91099480523 769.488160875108 767.065326944987 764.642493014865 762.219659084743 759.796825154622 757.373991224501 754.951157294379 753.641765340169 752.703520711263 751.765276082356 750.82703145345 749.888786824544 748.950542195638 748.012297566732 748.711103651258 754.321061876085 759.93102010091
825.304511006674 820.084066263836 814.863621520997 809.643176778158 804.42273203532 799.202287292481 798.315408325195 798.873051283094 799.430694240994 799.988337198893 800.545980156792 801.103623114692 801.661266072591 801.64634636773 799.913738674588 798.181130981445 796.448523288303 794.71591559516 792.983307902018 791.250700208876 789.518092515733 788.115157063802 786.822112358941 785.529067654079 784.236022949218 782.942978244357 781.649933539496 780.356888834635 778.722204250759 776.062600029839 773.402995808919 770.743391587999 768.083787367079 765.424183146159 762.764578925239 760.104974704318 758.156403605143 756.44484354655 754.733283487956 753.021723429362 751.310163370768 749.598603312175 747.887043253581 748.111922878688 754.146121554904 760.180320231119
826.203358459473 820.855541483562 815.50772450765 810.159907531739 804.812090555828 799.464273579916 798.623983764648 799.286203002929 799.948422241211 800.610641479492 801.272860717773 801.935079956055 802.597299194336 802.802637736003 801.637334187825 800.472030639648 799.306727091471 798.141423543294 796.976119995117 795.81081644694 794.645512898762 793.544519042968 792.464961751301 791.385404459635 790.305847167968 789.226289876301 788.146732584634 787.067175292968 785.533413696289 782.63703918457 779.740664672851 776.844290161132 773.947915649413 771.051541137695 768.155166625976 765.258792114257 762.671041870117 760.186166381836 757.701290893555 755.216415405273 752.731539916993 750.246664428711 747.76178894043 747.512742106118 753.971181233723 760.429620361327
827.102205912273 821.627016703289 816.151827494304 810.67663828532 805.201449076336 799.726259867351 798.932559204101 799.699354722764 800.466150241428 801.232945760091 801.999741278754 802.766536797417 803.53333231608 803.958929104275 803.360929701063 802.762930297851 802.16493089464 801.566931491428 800.968932088216 800.370932685004 799.772933281792 798.973881022135 798.107811143663 797.24174126519 796.375671386718 795.509601508246 794.643531629773 793.777461751301 792.344623141818 789.211478339301 786.078333536783 782.945188734266 779.812043931749 776.678899129231 773.545754326714 770.412609524197 767.185680135091 763.927489217123 760.669298299154 757.411107381185 754.152916463217 750.894725545248 747.636534627279 746.913561333549 753.796240912543 760.678920491535
824.816313680015 819.48833516439 814.160356648764 808.832378133139 803.504399617515 798.176421101889 797.463652547201 798.289287312826 799.114922078451 799.940556844076 800.766191609701 801.591826375326 802.417461140951 803.010378011068 802.905141194662 802.799904378255 802.694667561849 802.589430745443 802.484193929037 802.37895711263 802.273720296224 801.840266418457 801.29740685357 800.754547288683 800.211687723795 799.668828158908 799.125968594021 798.583109029134 797.394504123264 794.268663194444 791.142822265625 788.016981336806 784.891140407986 781.765299479167 778.639458550347 775.513617621528 772.220398457845 768.871386549208 765.52237464057 762.173362731933 758.824350823296 755.475338914659 752.126327006022 751.292444186738 758.003948635523 764.715453084308
819.345681762697 814.439496866864 809.53331197103 804.627127075197 799.720942179364 794.81475728353 794.217263793946 795.056000773112 795.894737752279 796.733474731446 797.572211710612 798.410948689779 799.249685668946 799.956984456381 800.26996866862 800.58295288086 800.895937093099 801.208921305339 801.521905517578 801.834889729818 802.147873942057 802.143675231934 802.033748881022 801.92382253011 801.813896179199 801.703969828287 801.594043477376 801.484117126464 800.683056640625 797.80859375 794.934130859375 792.05966796875 789.185205078125 786.3107421875 783.436279296875 780.56181640625 777.775196838378 775.017858378092 772.260519917805 769.503181457519 766.745842997232 763.988504536945 761.231166076659 760.649390665687 766.594304402667 772.539218139646
813.875049845379 809.390658569338 804.906267293296 800.421876017254 795.937484741213 791.45309346517 790.97087504069 791.822714233399 792.674553426107 793.526392618815 794.378231811524 795.230071004232 796.08191019694 796.903590901693 797.634796142578 798.366001383464 799.097206624349 799.828411865235 800.55961710612 801.290822347005 802.02202758789 802.44708404541 802.770090908474 803.093097771538 803.416104634603 803.739111497667 804.062118360731 804.385125223795 803.971609157986 801.348524305555 798.725439453125 796.102354600694 793.479269748264 790.856184895833 788.233100043403 785.610015190972 783.329995218912 781.164330206977 778.99866519504 776.833000183105 774.667335171169 772.501670159233 770.336005147297 770.006337144637 775.184660169812 780.362983194985
808.404417928061 804.341820271811 800.279222615561 796.216624959311 792.154027303061 788.091429646811 787.724486287435 788.589427693685 789.454369099935 790.319310506185 791.184251912435 792.049193318685 792.914134724935 793.850197347005 794.999623616537 796.149049886068 797.298476155599 798.44790242513 799.597328694661 800.746754964193 801.896181233724 802.750492858887 803.506432935926 804.262373012966 805.018313090006 805.774253167046 806.530193244086 807.286133321126 807.260161675347 804.888454861111 802.516748046875 800.145041232639 797.773334418403 795.401627604167 793.02992078993 790.658213975694 788.884793599446 787.310802035861 785.736810472276 784.162818908691 782.588827345106 781.01483578152 779.440844217935 779.363283623587 783.775015936956 788.186748250324
802.933786010744 799.292981974286 795.652177937827 792.011373901368 788.37056986491 784.729765828451 784.47809753418 785.356141153972 786.234184773763 787.112228393555 787.990272013347 788.868315633138 789.74635925293 790.796803792318 792.364451090495 793.932098388672 795.499745686849 797.067392985026 798.635040283203 800.20268758138 801.770334879557 803.053901672363 804.242774963379 805.431648254394 806.62052154541 807.809394836425 808.998268127441 810.187141418456 810.548714192708 808.428385416666 806.308056640625 804.187727864583 802.067399088541 799.9470703125 797.826741536458 795.706412760416 794.43959197998 793.457273864745 792.474955749511 791.492637634276 790.510319519042 789.528001403807 788.545683288573 788.720230102537 792.3653717041 796.010513305662
797.463154093426 794.244143676759 791.025133260092 787.806122843426 784.587112426759 781.368102010092 781.231708780925 782.122854614258 783.014000447592 783.905146280925 784.796292114258 785.687437947591 786.578583780925 787.74341023763 789.729278564453 791.715146891276 793.701015218099 795.686883544922 797.672751871745 799.658620198567 801.64448852539 803.35731048584 804.979116990831 806.600923495822 808.222730000813 809.844536505804 811.466343010796 813.088149515787 813.837266710069 811.968315972222 810.099365234375 808.230414496528 806.36146375868 804.492513020833 802.623562282986 800.754611545138 799.994390360514 799.60374569363 799.213101026746 798.822456359862 798.431811692978 798.041167026095 797.650522359211 798.077176581487 800.955727471244 803.834278361001
790.401395161948 787.631589253745 784.861783345542 782.091977437339 779.322171529136 776.552365620932 776.614342244467 777.620246378581 778.626150512696 779.63205464681 780.637958780925 781.643862915039 782.649767049154 783.950001186795 786.133225335016 788.316449483236 790.499673631456 792.682897779677 794.866121927897 797.049346076118 799.232570224338 801.116910807292 802.901623535156 804.686336263021 806.471048990886 808.25576171875 810.040474446615 811.82518717448 812.821330261231 811.451764424643 810.082198588054 808.712632751465 807.343066914877 805.973501078288 804.6039352417 803.234369405111 802.978382364909 803.093588256836 803.208794148763 803.32400004069 803.439205932617 803.554411824544 803.669617716471 804.36904466417 806.821134779188 809.273224894205
781.74850921631 779.455318705243 777.162128194175 774.868937683107 772.575747172039 770.282556660971 770.625997924805 771.848316446941 773.070634969076 774.292953491212 775.515272013347 776.737590535482 777.959909057618 779.416576639811 781.576291402181 783.736006164551 785.895720926921 788.055435689291 790.21515045166 792.37486521403 794.5345799764 796.332702636719 798.010294596355 799.68788655599 801.365478515626 803.043070475261 804.720662434897 806.398254394532 807.500904846192 806.878730773927 806.256556701661 805.634382629395 805.012208557129 804.390034484864 803.767860412598 803.145686340332 803.391567993164 803.926801554362 804.46203511556 804.997268676757 805.532502237955 806.067735799153 806.602969360351 807.595834350585 809.961593627929 812.327352905273
