data/working_set_collections/6091692-Cassins_Sparrow-MC/1990/bio4.asc
NCOLS 265 
NROWS 230 
XLLCORNER -115.5625 
YLLCORNER 24.8333333333333 
CELLSIZE 0.0833333333333333 
NODATA_value -9999 
[rows 200 to 219 of 230, columns 92 to 137 of 265]
502.266521962484 504.472728220622 506.67893447876 508.885140736898 511.091346995036 511.399288177491 511.074474334717 510.749660491944 510.42484664917 510.100032806397 509.775218963624 509.45040512085 509.920347934299 512.774560716417 515.628773498535 518.482986280653 521.337199062772 524.19141184489 527.045624627008 529.899837409126 532.732982126872 535.559104156495 538.385226186117 541.21134821574 544.037470245362 546.863592274985 549.689714304607 552.258792622885 554.05673980713 555.854686991375 557.652634175619 559.450581359864 561.248528544109 563.046475728353 564.844422912598 565.457373555502 565.675325351292 565.893277147082 566.111228942872 566.329180738662 566.547132534451 566.765084330241 567.181439717611 568.19300587972 569.20457204183 570.216138203939
498.34921391805 500.780829111735 503.21244430542 505.644059499105 508.07567469279 508.404914093018 508.033361562094 507.661809031169 507.290256500245 506.91870396932 506.547151438396 506.175598907471 506.440441046821 508.614467196995 510.788493347169 512.962519497342 515.136545647516 517.31057179769 519.484597947863 521.658624098037 524.220628102622 526.911958058676 529.603288014731 532.294617970786 534.98594792684 537.677277882895 540.36860783895 542.917601013185 545.039583841961 547.161566670737 549.283549499513 551.405532328289 553.527515157065 555.649497985841 557.771480814617 558.946245829266 559.805271572538 560.66429731581 561.523323059083 562.382348802355 563.241374545628 564.1004002889 565.089472961426 566.468686421712 567.847899881999 569.227113342285
494.431905873617 497.088930002849 499.74595413208 502.402978261312 505.060002390544 505.410540008546 504.99224878947 504.573957570394 504.155666351319 503.737375132243 503.319083913168 502.900792694092 502.960534159343 504.454373677572 505.948213195801 507.44205271403 508.93589223226 510.429731750489 511.923571268718 513.417410786948 515.70827407837 518.264811960857 520.821349843344 523.377887725831 525.934425608318 528.490963490805 531.047501373292 533.576409403484 536.022427876791 538.468446350099 540.914464823406 543.360483296713 545.80650177002 548.252520243328 550.698538716635 552.435118103028 553.935217793783 555.435317484538 556.935417175293 558.435516866048 559.935616556804 561.435716247559 562.997506205241 564.744366963704 566.491227722168 568.238088480631
490.514597829183 493.397030893962 496.27946395874 499.161897023519 502.044330088298 502.416165924073 501.951136016846 501.48610610962 501.021076202393 500.556046295167 500.09101638794 499.625986480713 499.480627271864 500.294280158149 501.107933044434 501.921585930719 502.735238817004 503.548891703289 504.362544589573 505.176197475858 507.195920054119 509.617665863038 512.039411671957 514.461157480876 516.882903289796 519.304649098715 521.726394907634 524.235217793783 527.005271911622 529.77532602946 532.545380147299 535.315434265137 538.085488382976 540.855542500814 543.625596618653 545.923990376791 548.065164015029 550.206337653266 552.347511291504 554.488684929742 556.629858567979 558.771032206217 560.905539449056 563.020047505696 565.134555562337 567.249063618978
485.365444776748 488.419085862902 491.472726949057 494.526368035211 497.580009121366 498.110457611085 497.799841901992 497.489226192899 497.178610483806 496.867994774713 496.55737906562 496.246763356527 496.074400583904 496.316796620688 496.559192657472 496.801588694255 497.043984731039 497.286380767823 497.528776804607 497.771172841391 499.593019358318 501.941349368626 504.289679378934 506.638009389242 508.98633939955 511.334669409859 513.682999420167 516.169959089492 519.072807735868 521.975656382244 524.878505028619 527.781353674995 530.684202321371 533.587050967747 536.489899614123 539.17071838379 541.777527194554 544.384336005317 546.991144816081 549.597953626845 552.204762437609 554.811571248373 557.379990471734 559.833240932889 562.286491394043 564.739741855198
478.984446716309 482.155094909669 485.325743103028 488.496391296387 491.667039489747 492.493415069581 492.538366444906 492.583317820232 492.628269195557 492.673220570883 492.718171946208 492.763123321534 492.74185409546 492.521923065186 492.301992034913 492.08206100464 491.862129974366 491.642198944093 491.422267913819 491.202336883546 492.899571990968 495.235862477621 497.572152964275 499.908443450928 502.244733937582 504.581024424236 506.917314910889 509.380633290609 512.225035349528 515.069437408448 517.913839467367 520.758241526286 523.602643585206 526.447045644125 529.291447703044 532.175302124024 535.072307332357 537.96931254069 540.866317749024 543.763322957357 546.66032816569 549.557333374024 552.420859273275 555.18394724528 557.947035217285 560.71012318929
472.60344865587 475.891103956435 479.178759256999 482.466414557563 485.754069858128 486.876372528077 487.276890987821 487.677409447565 488.077927907309 488.478446367052 488.878964826796 489.27948328654 489.409307607016 488.727049509685 488.044791412354 487.362533315024 486.680275217693 485.998017120362 485.315759023032 484.633500925701 486.206124623617 488.530375586616 490.854626549615 493.178877512614 495.503128475613 497.827379438613 500.151630401612 502.591307491727 505.377262963189 508.163218434652 510.949173906115 513.735129377577 516.52108484904 519.307040320503 522.092995791965 525.179885864258 528.367087470161 531.554289076063 534.741490681967 537.928692287869 541.115893893772 544.303095499675 547.461728074815 550.534653557671 553.607579040527 556.680504523383
466.222450595432 469.627113003202 473.031775410971 476.43643781874 479.841100226509 481.259329986573 482.015415530735 482.771501074898 483.52758661906 484.283672163222 485.039757707385 485.795843251547 486.076761118572 484.932175954184 483.787590789796 482.643005625408 481.49842046102 480.353835296632 479.209250132244 478.064664967856 479.512677256267 481.824888695612 484.137100134957 486.449311574301 488.761523013646 491.07373445299 493.385945892335 495.801981692845 498.529490576851 501.256999460857 503.984508344863 506.712017228869 509.439526112875 512.167034996881 514.894543880887 518.184469604493 521.661867607965 525.139265611437 528.61666361491 532.094061618381 535.571459621853 539.048857625326 542.502596876357 545.885359870063 549.26812286377 552.650885857476
459.841452534994 463.363122049968 466.884791564942 470.406461079916 473.92813059489 475.642287445069 476.75394007365 477.865592702231 478.977245330811 480.088897959392 481.200550587973 482.312203216553 482.744214630128 481.137302398682 479.530390167237 477.923477935792 476.316565704347 474.709653472902 473.102741241456 471.495829010011 472.819229888917 475.119401804607 477.419573720297 479.719745635987 482.019917551677 484.320089467367 486.620261383057 489.012655893962 491.681718190512 494.350780487061 497.019842783611 499.68890508016 502.35796737671 505.027029673259 507.696091969808 511.189053344727 514.956647745768 518.72424214681 522.491836547852 526.259430948893 530.027025349935 533.794619750977 537.543465677897 541.236066182454 544.928666687012 548.621267191569
453.460454474555 457.099131096734 460.737807718913 464.376484341092 468.015160963271 470.025244903565 471.492464616564 472.959684329563 474.426904042562 475.894123755561 477.36134346856 478.82856318156 479.411668141684 477.342428843181 475.273189544679 473.203950246176 471.134710947673 469.065471649171 466.996232350669 464.926993052166 466.125782521566 468.413914913602 470.702047305638 472.990179697673 475.278312089709 477.566444481744 479.85457687378 482.22333009508 484.833945804172 487.444561513266 490.055177222358 492.665792931451 495.276408640544 497.887024349637 500.49764005873 504.193637084961 508.251427883572 512.309218682183 516.367009480795 520.424800279405 524.482591078016 528.540381876628 532.584334479438 536.586772494845 540.589210510254 544.591648525662
446.831721072727 450.189277564156 453.546834055584 456.904390547012 460.26194703844 462.533863321942 464.443899536134 466.353935750327 468.263971964519 470.174008178712 472.084044392905 473.994080607097 474.921011352541 472.898625691733 470.876240030926 468.853854370118 466.831468709311 464.809083048504 462.786697387696 460.764311726889 461.949839528402 464.204671817356 466.45950410631 468.714336395264 470.969168684217 473.224000973172 475.478833262126 477.794018554687 480.290262858073 482.786507161458 485.282751464844 487.778995768229 490.275240071615 492.771484375 495.267728678385 498.853932189941 502.803455437554 506.752978685167 510.70250193278 514.652025180393 518.601548428006 522.551071675619 526.556846110027 530.731374104818 534.90590209961 539.080430094401
439.955252329509 442.633561452231 445.311870574952 447.990179697673 450.668488820395 453.168142700196 455.608244832358 458.048346964519 460.488449096681 462.928551228842 465.368653361003 467.808755493165 469.272244262697 467.805892944337 466.339541625978 464.873190307618 463.406838989259 461.940487670899 460.47413635254 459.00778503418 460.291400909424 462.491672515869 464.691944122315 466.89221572876 469.092487335205 471.29275894165 473.493030548096 475.724721272786 478.050669352213 480.376617431641 482.702565511068 485.028513590495 487.354461669922 489.680409749349 492.006357828776 495.169938659668 498.612730407715 502.055522155762 505.498313903809 508.941105651856 512.383897399902 515.82668914795 519.461000569662 523.66987101237 527.878741455079 532.087611897787
433.078783586291 435.077845340306 437.07690709432 439.075968848335 441.07503060235 443.802422078451 446.772590128581 449.742758178712 452.712926228842 455.683094278972 458.653262329102 461.623430379232 463.623477172853 462.713160196941 461.802843221029 460.892526245118 459.982209269206 459.071892293295 458.161575317383 457.251258341472 458.632962290446 460.778673214382 462.924384138319 465.070095062256 467.215805986192 469.361516910129 471.507227834066 473.655423990885 475.811075846354 477.966727701823 480.122379557292 482.27803141276 484.433683268229 486.589335123698 488.744986979166 491.485945129395 494.422005377875 497.358065626356 500.294125874838 503.230186123318 506.166246371799 509.10230662028 512.365155029297 516.608367919922 520.851580810547 525.094793701172
426.202314843072 427.522129228381 428.841943613689 430.161757998997 431.481572384305 434.436701456706 437.936935424805 441.437169392904 444.937403361003 448.437637329102 451.937871297201 455.4381052653 457.974710083009 457.620427449545 457.266144816081 456.911862182618 456.557579549154 456.203296915691 455.849014282227 455.494731648763 456.974523671468 459.065673912896 461.156824154324 463.247974395752 465.33912463718 467.430274878608 469.521425120036 471.586126708984 473.571482340494 475.556837972005 477.542193603515 479.527549235026 481.512904866536 483.498260498047 485.483616129557 487.801951599121 490.231280348036 492.660609096951 495.089937845866 497.519266594781 499.948595343696 502.377924092611 505.269309488932 509.546864827474 513.824420166016 518.101975504557
419.325846099855 419.966413116456 420.606980133058 421.24754714966 421.888114166261 425.070980834962 429.101280721029 433.131580607097 437.161880493165 441.192180379232 445.2224802653 449.252780151368 452.325942993165 452.527694702149 452.729446411134 452.931198120118 453.132949829102 453.334701538086 453.536453247071 453.738204956055 455.31608505249 457.352674611409 459.389264170329 461.425853729248 463.462443288167 465.499032847087 467.535622406006 469.516829427083 471.331888834635 473.146948242188 474.96200764974 476.777067057292 478.592126464844 480.407185872396 482.222245279948 484.117958068848 486.040555318197 487.963152567546 489.885749816895 491.808347066244 493.730944315593 495.653541564942 498.173463948568 502.485361735026 506.797259521485 511.109157307943
412.449377356637 412.410697004532 412.372016652427 412.333336300322 412.294655948217 415.705260213218 420.265626017254 424.82599182129 429.386357625327 433.946723429363 438.5070892334 443.067455037435 446.677175903321 447.434961954754 448.192748006186 448.950534057618 449.70832010905 450.466106160482 451.223892211914 451.981678263347 453.657646433512 455.639675309923 457.621704186334 459.603733062744 461.585761939155 463.567790815566 465.549819691976 467.447532145182 469.092295328776 470.73705851237 472.381821695964 474.026584879557 475.671348063151 477.316111246745 478.960874430339 480.433964538575 481.849830288358 483.265696038141 484.681561787924 486.097427537707 487.51329328749 488.929159037273 491.077618408204 495.423858642578 499.770098876954 504.116339111329
406.066302490235 405.320751953126 404.575201416017 403.829650878907 403.084100341798 406.650205485026 411.653529188368 416.65685289171 421.660176595052 426.663500298394 431.666824001736 436.670147705078 440.746680026585 442.042838202583 443.338996378581 444.635154554579 445.931312730578 447.227470906576 448.523629082574 449.819787258572 451.572651163737 453.477750311957 455.382849460178 457.287948608398 459.193047756619 461.09814690484 463.00324605306 464.826562839084 466.40453253852 467.982502237956 469.560471937391 471.138441636827 472.716411336263 474.294381035699 475.872350735134 477.066696929932 478.133168623183 479.199640316433 480.266112009685 481.332583702935 482.399055396186 483.465527089437 485.330968560112 489.593319363064 493.855670166015 498.118020968967
400.176621500652 398.696577962241 397.21653442383 395.736490885418 394.256447347007 397.905816650391 403.264990234375 408.62416381836 413.983337402344 419.342510986328 424.701684570313 430.060858154297 434.534455362956 436.351323445639 438.168191528321 439.985059611003 441.801927693685 443.618795776368 445.43566385905 447.252531941732 449.061099243164 450.866899617513 452.672699991862 454.478500366211 456.28430074056 458.090101114909 459.895901489258 461.653921508789 463.268600463867 464.883279418946 466.497958374024 468.112637329102 469.72731628418 471.341995239258 472.956674194336 474.01615524292 474.890570322673 475.764985402426 476.639400482178 477.513815561931 478.388230641683 479.262645721436 480.933514404297 484.993743896484 489.053973388672 493.114202880859
394.28694051107 392.072403971356 389.857867431643 387.643330891929 385.428794352216 389.161427815756 394.876451280383 400.59147474501 406.306498209636 412.021521674263 417.73654513889 423.451568603516 428.322230699328 430.659808688695 432.997386678061 435.334964667427 437.672542656793 440.010120646159 442.347698635525 444.685276624892 446.549547322591 448.256048923069 449.962550523546 451.669052124024 453.375553724501 455.082055324979 456.788556925456 458.481280178494 460.132668389215 461.784056599935 463.435444810656 465.086833021376 466.738221232097 468.389609442817 470.040997653537 470.965613555909 471.647972022163 472.330330488417 473.012688954672 473.695047420926 474.377405887181 475.059764353435 476.536060248481 480.394168429905 484.252276611329 488.110384792752
388.397259521486 385.44822998047 382.499200439454 379.550170898439 376.601141357423 380.41703898112 386.487912326389 392.558785671658 398.629659016927 404.700532362196 410.771405707465 416.842279052734 422.110006035699 424.96829393175 427.8265818278 430.68486972385 433.5431576199 436.40144551595 439.259733412001 442.118021308051 444.037995402018 445.645198228624 447.25240105523 448.859603881836 450.466806708442 452.074009535048 453.681212361654 455.308638848199 456.996736314561 458.684833780925 460.372931247287 462.06102871365 463.749126180013 465.437223646376 467.125321112739 467.915071868897 468.405373721653 468.895675574409 469.385977427165 469.876279279921 470.366581132677 470.856882985433 472.138606092665 475.794592963324 479.450579833984 483.106566704644
