data/working_set_collections/6091692-Cassins_Sparrow-MC/1990/bio5.asc
NCOLS 265 
NROWS 230 
XLLCORNER -115.5625 
YLLCORNER 24.8333333333333 
CELLSIZE 0.0833333333333333 
NODATA_value -9999 
[rows 40 to 59 of 230, columns 46 to 91 of 265]
28.5218715667725 27.9269669850669 27.3320624033611 26.7371578216554 26.1422532399497 25.5473486582439 25.2161624908448 24.9728824615479 24.729602432251 24.4863224029541 24.2430423736573 23.9997623443603 23.7564823150635 23.6767553965249 24.0876878102619 24.4986202239989 24.9095526377358 25.3204850514729 25.7314174652098 26.1423498789468 26.5532822926838 26.9117191314696 27.2526574452716 27.5935957590738 27.9345340728758 28.2754723866779 28.61641070048 28.9573490142821 29.230865351359 29.30211575826 29.373366165161 29.4446165720621 29.5158669789631 29.5871173858642 29.6583677927652 29.7296181996663 29.7186367034912 29.6802445729573 29.6418524424235 29.6034603118896 29.5650681813558 29.5266760508219 29.4882839202881 29.3763647715251 29.0438645680746 28.7113643646241
28.5803641001384 27.9508641137019 27.3213641272652 26.6918641408286 26.062364154392 25.4328641679553 25.137854385376 24.9543413374159 24.7708282894559 24.5873152414958 24.4038021935357 24.2202891455756 24.0367760976156 24.0103062523734 24.4549660152858 24.8996257781981 25.3442855411104 25.7889453040228 26.2336050669351 26.6782648298474 27.1229245927597 27.4727725982665 27.791016684638 28.1092607710095 28.4275048573811 28.7457489437526 29.0639930301241 29.3822371164957 29.6382740020751 29.7076892852783 29.7771045684814 29.8465198516845 29.9159351348876 29.9853504180908 30.0547657012939 30.124180984497 30.0852489471435 30.0102011362711 29.9351533253987 29.8601055145263 29.785057703654 29.7100098927816 29.6349620819092 29.4882074568007 29.1263323889839 28.764457321167
28.6900475819906 28.0548275841608 27.4196075863309 26.7843875885011 26.1491675906712 25.5139475928413 25.2600533803304 25.1332677629259 25.0064821455213 24.8796965281168 24.7529109107123 24.6261252933078 24.4993396759033 24.520773691601 24.9868666066062 25.4529595216114 25.9190524366165 26.3851453516217 26.8512382666268 27.317331181632 27.7834240966372 28.1135973294575 28.3984640015495 28.6833306736415 28.9681973457335 29.2530640178255 29.5379306899176 29.8227973620096 30.0460863484276 30.0846422778235 30.1231982072194 30.1617541366153 30.2003100660112 30.2388659954071 30.277421924803 30.3159778541989 30.2469956715902 30.1421674516466 30.037339231703 29.9325110117595 29.8276827918159 29.7228545718723 29.6180263519287 29.440231619941 29.0435373518203 28.6468430836996
28.8509220123292 28.2388573964438 27.6267927805583 27.0147281646729 26.4026635487875 25.790598932902 25.582759475708 25.5096617380778 25.4365640004475 25.3634662628173 25.2903685251871 25.2172707875569 25.1441730499267 25.2081577142077 25.6833895842233 26.1586214542387 26.6338533242541 27.1090851942696 27.5843170642851 28.0595489343005 28.534780804316 28.8341933250426 29.0749993960061 29.3158054669697 29.5566115379332 29.7974176088967 30.0382236798603 30.2790297508239 30.4543023904164 30.4329747358957 30.4116470813751 30.3903194268544 30.3689917723338 30.3476641178131 30.3263364632924 30.3050088087718 30.2038768768311 30.0761435190837 29.9484101613363 29.8206768035889 29.6929434458415 29.5652100880941 29.4374767303467 29.2324372609458 28.7954794565837 28.3585216522218
29.0117964426677 28.4228872087268 27.8339779747857 27.2450687408448 26.6561595069039 26.0672502729628 25.9054655710856 25.8860557132297 25.8666458553737 25.8472359975178 25.8278261396619 25.808416281806 25.7890064239501 25.8955417368145 26.3799125618403 26.8642833868661 27.3486542118918 27.8330250369176 28.3173958619434 28.8017666869691 29.2861375119949 29.5547893206277 29.7515347904628 29.9482802602979 30.1450257301329 30.341771199968 30.5385166698031 30.7352621396382 30.8625184324052 30.781307193968 30.7000959555308 30.6188847170936 30.5376734786563 30.4564622402191 30.3752510017819 30.2940397633447 30.160758082072 30.0101195865208 29.8594810909695 29.7088425954183 29.5582040998671 29.4075656043159 29.2569271087647 29.0246429019505 28.5474215613472 28.0702002207439
29.1726708730063 28.6069170210098 28.0411631690132 27.4754093170167 26.9096554650202 26.3439016130236 26.2281716664632 26.2624496883816 26.2967277103 26.3310057322184 26.3652837541368 26.3995617760552 26.4338397979736 26.5829257594213 27.0764355394574 27.5699453194934 28.0634550995295 28.5569648795656 29.0504746596017 29.5439844396377 30.0374942196739 30.2753853162129 30.4280701849195 30.5807550536261 30.7334399223327 30.8861247910393 31.0388096597459 31.1914945284525 31.270734474394 31.1296396520402 30.9885448296865 30.8474500073327 30.7063551849789 30.5652603626251 30.4241655402714 30.2830707179176 30.1176392873129 29.9440956539578 29.7705520206028 29.5970083872478 29.4234647538927 29.2499211205377 29.0763774871827 28.8168485429553 28.2993636661107 27.7818787892661
29.3335453033448 28.7909468332927 28.2483483632406 27.7057498931885 27.1631514231365 26.6205529530843 26.5508777618408 26.6388436635334 26.7268095652262 26.8147754669188 26.9027413686115 26.9907072703043 27.0786731719969 27.270309782028 27.7729585170744 28.2756072521208 28.7782559871671 29.2809047222136 29.7835534572599 30.2862021923063 30.7888509273527 30.995981311798 31.1046055793761 31.2132298469542 31.3218541145323 31.4304783821105 31.5391026496886 31.6477269172668 31.6789505163828 31.4779721101125 31.2769937038421 31.0760152975718 30.8750368913015 30.6740584850311 30.4730800787608 30.2721016724905 30.0745204925538 29.8780717213949 29.681622950236 29.4851741790772 29.2887254079184 29.0922766367595 28.8958278656006 28.6090541839601 28.0513057708741 27.4935573577882
29.4944197336833 28.9749766455757 28.455533557468 27.9360904693604 27.4166473812528 26.8972042931451 26.8735838572184 27.0152376386853 27.1568914201524 27.2985452016194 27.4401989830864 27.5818527645534 27.7235065460204 27.9576938046347 28.4694814946915 28.9812691847481 29.4930568748048 30.0048445648616 30.5166322549182 31.0284199449749 31.5402076350316 31.7165773073831 31.7811409738328 31.8457046402824 31.9102683067321 31.9748319731817 32.0393956396314 32.1039593060811 32.0871665583716 31.8263045681847 31.5654425779978 31.304580587811 31.043718597624 30.7828566074372 30.5219946172503 30.2611326270634 30.0314016977946 29.812047788832 29.5926938798693 29.3733399709066 29.153986061944 28.9346321529813 28.7152782440186 28.4012598249649 27.8032478756376 27.2052359263104
29.5474999745688 29.0227705637615 28.4980411529542 27.9733117421469 27.4485823313397 26.9238529205323 26.9524712880452 27.1655389149983 27.3786065419515 27.5916741689046 27.8047417958577 28.0178094228108 28.2308770497639 28.5084967560237 28.9797727002037 29.4510486443836 29.9223245885636 30.3936005327436 30.8648764769236 31.3361524211035 31.8074283652835 31.955733648936 31.9963820457459 32.0370304425558 32.0776788393657 32.1183272361756 32.1589756329855 32.1996240297954 32.1635160287222 31.8971388339997 31.6307616392772 31.3643844445547 31.0980072498322 30.8316300551097 30.5652528603872 30.2988756656647 30.0605642954509 29.8316082000733 29.6026521046957 29.3736960093181 29.1447399139405 28.9157838185628 28.6868277231852 28.3644360436335 27.7617376115588 27.1590391794841
29.4927860260011 28.9343285878501 28.375871149699 27.817413711548 27.258956273397 26.7004988352459 26.7875400543213 27.0897474924723 27.3919549306233 27.6941623687743 27.9963698069254 28.2985772450764 28.6007846832274 28.9227186361947 29.3038321336109 29.6849456310271 30.0660591284433 30.4471726258595 30.8282861232757 31.2093996206919 31.5905131181081 31.7134503364563 31.7503287951152 31.787207253774 31.8240857124329 31.8609641710917 31.8978426297506 31.9347210884095 31.9079989274344 31.6904749075572 31.4729508876801 31.255426867803 31.0379028479259 30.8203788280487 30.6028548081716 30.3853307882945 30.1620082855225 29.9367529551188 29.7114976247152 29.4862422943115 29.2609869639079 29.0357316335042 28.8104763031006 28.4985828399659 27.9267749786377 27.3549671173096
29.4380720774334 28.8458866119386 28.2537011464438 27.661515680949 27.0693302154543 26.4771447499594 26.6226088205973 27.0139560699462 27.4053033192952 27.7966505686441 28.187997817993 28.579345067342 28.970692316691 29.3369405163658 29.6278915670182 29.9188426176706 30.209793668323 30.5007447189755 30.7916957696278 31.0826468202802 31.3735978709327 31.4711670239767 31.5042755444845 31.5373840649923 31.5704925855001 31.6036011060079 31.6367096265157 31.6698181470236 31.6524818261465 31.4838109811148 31.315140136083 31.1464692910513 30.9777984460195 30.8091276009878 30.640456755956 30.4717859109243 30.2634522755941 30.0418977101644 29.8203431447347 29.598788579305 29.3772340138754 29.1556794484456 28.934124883016 28.6327296362984 28.0918123457167 27.5508950551352
29.3833581288657 28.7574446360272 28.1315311431886 27.5056176503501 26.8797041575116 26.2537906646729 26.4576775868733 26.9381646474201 27.4186517079671 27.8991387685139 28.3796258290607 28.8601128896077 29.3405999501545 29.7511623965368 29.9519510004255 30.1527396043141 30.3535282082027 30.5543168120914 30.75510541598 30.9558940198686 31.1566826237573 31.228883711497 31.2582222938538 31.2875608762106 31.3168994585673 31.3462380409241 31.3755766232809 31.4049152056376 31.3969647248587 31.2771470546723 31.1573293844859 31.0375117142996 30.9176940441132 30.7978763739268 30.6780587037405 30.5582410335541 30.3648962656657 30.14704246521 29.9291886647542 29.7113348642985 29.4934810638428 29.2756272633871 29.0577734629313 28.7668764326309 28.2568497127957 27.7468229929607
29.328644180298 28.6690026601157 28.0093611399334 27.3497196197511 26.6900780995689 26.0304365793865 26.2927463531493 26.8623732248941 27.4320000966389 28.0016269683837 28.5712538401284 29.1408807118733 29.710507583618 30.1653842767079 30.2760104338327 30.3866365909576 30.4972627480824 30.6078889052073 30.7185150623321 30.829141219457 30.9397673765819 30.9866003990174 31.0121690432231 31.0377376874288 31.0633063316346 31.0888749758403 31.114443620046 31.1400122642518 31.1414476235708 31.0704831282298 30.9995186328888 30.9285541375478 30.8575896422068 30.7866251468659 30.7156606515249 30.6446961561839 30.4663402557373 30.2521872202556 30.0380341847738 29.823881149292 29.6097281138102 29.3955750783285 29.1814220428467 28.9010232289633 28.4218870798747 27.9427509307862
29.2739302317303 28.5805606842043 27.8871911366782 27.1938215891522 26.5004520416262 25.8070824941 26.1278151194254 26.786581802368 27.4453484853108 28.1041151682535 28.7628818511961 29.4216485341389 30.0804152170815 30.5796061568789 30.60006986724 30.6205335776011 30.6409972879622 30.6614609983232 30.6819247086843 30.7023884190454 30.7228521294064 30.7443170865377 30.7661157925924 30.7879144986471 30.8097132047018 30.8315119107565 30.8533106168112 30.8751093228658 30.885930522283 30.8638192017873 30.8417078812917 30.8195965607961 30.7974852403005 30.7753739198049 30.7532625993093 30.7311512788137 30.5677842458089 30.3573319753011 30.1468797047933 29.9364274342855 29.7259751637777 29.5155228932699 29.3050706227621 29.0351700252958 28.5869244469537 28.1386788686117
29.2679536183676 28.5919088999432 27.9158641815186 27.2398194630942 26.5637747446697 25.8877300262452 26.2423773288725 26.9405886385174 27.6387999481624 28.3370112578073 29.0352225674521 29.7334338770971 30.431645186742 30.9519619094001 30.9385948710971 30.9252278327941 30.9118607944912 30.8984937561882 30.8851267178853 30.8717596795823 30.8583926412794 30.8599441210428 30.8664684401618 30.8729927592807 30.8795170783996 30.8860413975185 30.8925657166375 30.8990900357564 30.9015264458126 30.8916991286807 30.8818718115488 30.872044494417 30.8622171772851 30.8523898601532 30.8425625430213 30.8327352258894 30.6665340423584 30.4482082366944 30.2298824310303 30.0115566253662 29.7932308197022 29.5749050140381 29.3565792083741 29.0856288062203 28.656804614597 28.2279804229737
29.3107143402101 28.7030473073325 28.0953802744548 27.4877132415772 26.8800462086996 26.2723791758219 26.6364329814909 27.3243937333423 28.0123544851937 28.7003152370451 29.3882759888965 30.076236740748 30.7641974925993 31.2824515342712 31.291585445404 31.3007193565368 31.3098532676696 31.3189871788024 31.3281210899352 31.337255001068 31.3463889122008 31.3334815025329 31.3132269859313 31.2929724693298 31.2727179527282 31.2524634361267 31.2322089195251 31.2119544029235 31.1882353941599 31.1541229089101 31.1200104236602 31.0858979384104 31.0517854531606 31.0176729679107 30.9835604826609 30.9494479974111 30.7625896453858 30.5248160044353 30.2870423634847 30.0492687225342 29.8114950815837 29.5737214406332 29.3359477996827 29.0523995717368 28.6315275828044 28.2106555938721
29.3534750620525 28.8141857147218 28.274896367391 27.7356070200603 27.1963176727296 26.6570283253988 27.0304886341093 27.7081988281672 28.3859090222251 29.063619216283 29.7413294103408 30.4190396043988 31.0967497984567 31.6129411591423 31.6445760197109 31.6762108802795 31.7078457408481 31.7394806014166 31.7711154619852 31.8027503225538 31.8343851831224 31.807018884023 31.7599855317009 31.7129521793789 31.6659188270568 31.6188854747348 31.5718521224127 31.5248187700907 31.4749443425072 31.4165466891394 31.3581490357717 31.2997513824039 31.2413537290361 31.1829560756683 31.1245584223005 31.0661607689328 30.8586452484131 30.6014237721762 30.3442022959391 30.0869808197022 29.8297593434652 29.5725378672282 29.3153163909913 29.0191703372532 28.6062505510119 28.1933307647706
29.3962357838949 28.9253241221111 28.4544124603272 27.9835007985433 27.5125891367595 27.0416774749756 27.4245442867277 28.0920039229921 28.7594635592565 29.4269231955209 30.0943828317852 30.7618424680497 31.429302104314 31.9434307840135 31.9975665940178 32.0517024040222 32.1058382140265 32.1599740240308 32.2141098340352 32.2682456440395 32.3223814540439 32.2805562655131 32.2067440774705 32.132931889428 32.0591197013855 31.9853075133429 31.9114953253004 31.8376831372579 31.7616532908545 31.6789704693688 31.5962876478831 31.5136048263974 31.4309220049116 31.3482391834259 31.2655563619402 31.1828735404544 30.9547008514405 30.678031539917 30.4013622283936 30.1246929168702 29.8480236053467 29.5713542938233 29.2946849822999 28.9859411027697 28.5809735192193 28.176005935669
29.4389965057374 29.0364625295004 28.6339285532634 28.2313945770264 27.8288606007894 27.4263266245524 27.8185999393461 28.475809017817 29.1330180962879 29.7902271747587 30.4474362532296 31.1046453317005 31.7618544101713 32.2739204088846 32.3505571683247 32.4271939277648 32.5038306872049 32.580467446645 32.6571042060851 32.7337409655252 32.8103777249653 32.7540936470031 32.6535026232401 32.5529115994771 32.4523205757141 32.351729551951 32.251138528188 32.150547504425 32.0483622392018 31.9413942495982 31.8344262599945 31.7274582703908 31.6204902807871 31.5135222911835 31.4065543015798 31.2995863119761 31.0507564544678 30.7546393076579 30.458522160848 30.1624050140381 29.8662878672283 29.5701707204183 29.2740535736085 28.9527118682862 28.5556964874268 28.1586811065675
29.4817572275798 29.1476009368897 28.8134446461996 28.4792883555095 28.1451320648194 27.8109757741292 28.2126555919646 28.8596141126419 29.5065726333193 30.1535311539966 30.8004896746739 31.4474481953514 32.0944067160287 32.6044100337558 32.7035477426316 32.8026854515075 32.9018231603834 33.0009608692592 33.1000985781351 33.199236287011 33.2983739958868 33.2276310284932 33.1002611690097 32.9728913095262 32.8455214500427 32.7181515905592 32.5907817310757 32.4634118715922 32.3350711875492 32.2038180298275 32.0725648721059 31.9413117143843 31.8100585566626 31.678805398941 31.5475522412194 31.4162990834978 31.1468120574952 30.8312470753988 30.5156820933024 30.2001171112061 29.8845521291098 29.5689871470134 29.2534221649171 28.9194826338027 28.5304194556343 28.1413562774659
