data/working_set_collections/6091692-Cassins_Sparrow-MC/1990/bio5.asc
NCOLS 265 
NROWS 230 
XLLCORNER -115.5625 
YLLCORNER 24.8333333333333 
CELLSIZE 0.0833333333333333 
NODATA_value -9999 
[rows 140 to 159 of 230, columns 184 to 229 of 265]
35.2568031311035 35.2605713738335 35.2643396165636 35.2642031351725 35.2627650790744 35.2613270229764 35.2598889668783 35.2584509107802 35.2570128546821 35.255574798584 35.266655476888 35.3152923583984 35.3639292399089 35.4125661214193 35.4612030029297 35.5098398844401 35.5584767659505 35.6071136474609 35.6631139119466 35.721568637424 35.7800233629015 35.8384780883789 35.8969328138563 35.9553875393338 36.0138422648112 36.0689195421007 36.1138644748264 36.1588094075521 36.2037543402778 36.2486992730035 36.2936442057292 36.3385891384549 36.3835340711806 36.3505009969076 36.291475253635 36.2324495103624 36.1734237670899 36.1143980238173 36.0553722805447 35.9963465372721 35.9351911756728 35.8676469590929 35.800102742513 35.7325585259332 35.6650143093533 35.5974700927734
35.2385765075684 35.2400288052029 35.2414811028375 35.2392453511556 35.2357802497016 35.2323151482476 35.2288500467936 35.2253849453396 35.2219198438856 35.2184547424316 35.2258097330729 35.265625 35.3054402669271 35.3452555338542 35.3850708007812 35.4248860677083 35.4647013346354 35.5045166015625 35.5572809855143 35.6143617418077 35.6714424981011 35.7285232543945 35.7856040106879 35.8426847669813 35.8997655232747 35.9548404269748 36.003897772895 36.0529551188151 36.1020124647352 36.1510698106554 36.2001271565755 36.2491845024957 36.2982418484158 36.2758204142253 36.2295727199978 36.1833250257704 36.137077331543 36.0908296373156 36.0445819430881 35.9983342488607 35.9493862575955 35.892337375217 35.8352884928386 35.7782396104601 35.7211907280816 35.6641418457031
35.2203498840332 35.2194862365723 35.2186225891113 35.2142875671387 35.2087954203288 35.2033032735189 35.197811126709 35.1923189798991 35.1868268330892 35.1813346862793 35.1849639892578 35.2159576416016 35.2469512939453 35.2779449462891 35.3089385986328 35.3399322509766 35.3709259033203 35.4019195556641 35.451448059082 35.5071548461914 35.5628616333008 35.6185684204102 35.6742752075195 35.7299819946289 35.7856887817383 35.840761311849 35.8939310709635 35.9471008300781 36.0002705891927 36.0534403483073 36.1066101074219 36.1597798665365 36.212949625651 36.201139831543 36.1676701863607 36.1342005411784 36.1007308959961 36.0672612508138 36.0337916056315 36.0003219604492 35.9635813395182 35.9170277913412 35.8704742431641 35.823920694987 35.7773671468099 35.7308135986328
35.2021232604981 35.1989436679416 35.1957640753852 35.1893297831217 35.181810590956 35.1742913987902 35.1667722066244 35.1592530144586 35.1517338222928 35.144214630127 35.1441182454427 35.1662902832031 35.1884623209635 35.210634358724 35.2328063964844 35.2549784342448 35.2771504720052 35.2993225097656 35.3456151326497 35.3999479505751 35.4542807685004 35.5086135864258 35.5629464043511 35.6172792222765 35.6716120402018 35.7266821967231 35.7839643690321 35.8412465413412 35.8985287136502 35.9558108859592 36.0130930582682 36.0703752305773 36.1276574028863 36.1264592488607 36.1057676527235 36.0850760565864 36.0643844604492 36.0436928643121 36.0230012681749 36.0023096720378 35.977776421441 35.9417182074653 35.9056599934896 35.8696017795139 35.8335435655382 35.7974853515625
35.2106796264648 35.2071219550239 35.2035642835829 35.1968772888184 35.1891471862793 35.1814170837402 35.1736869812012 35.1659568786621 35.158226776123 35.150496673584 35.1477916293674 35.1601617601183 35.1725318908691 35.18490202162 35.1972721523709 35.2096422831217 35.2220124138726 35.2343825446235 35.2777763366699 35.3315113491482 35.3852463616265 35.4389813741048 35.4927163865831 35.5464513990614 35.6001864115397 35.6545472886827 35.7107857598199 35.767024230957 35.8232627020942 35.8795011732313 35.9357396443685 35.9919781155056 36.0482165866428 36.0562911987305 36.048311191135 36.0403311835395 36.032351175944 36.0243711683485 36.016391160753 36.0084111531576 35.995142449273 35.9660076565213 35.9368728637695 35.9077380710178 35.8786032782661 35.8494684855143
35.2460189819336 35.244021097819 35.2420232137044 35.2369300842285 35.2308052062988 35.2246803283691 35.2185554504394 35.2124305725098 35.2063056945801 35.2001808166504 35.1959841410319 35.197572072347 35.1991600036621 35.2007479349772 35.2023358662923 35.2039237976074 35.2055117289225 35.2070996602376 35.2479316711426 35.3018450419108 35.355758412679 35.4096717834473 35.4635851542155 35.5174985249837 35.571411895752 35.6243565877279 35.6743952433268 35.7244338989258 35.7744725545247 35.8245112101237 35.8745498657227 35.9245885213216 35.9746271769206 35.9906356811524 35.9953008015951 35.9999659220378 36.0046310424805 36.0092961629232 36.0139612833659 36.0186264038086 36.0156794230143 35.9898961385091 35.9641128540039 35.9383295694987 35.9125462849935 35.8867630004883
35.2813583374023 35.2809202406141 35.280482143826 35.2769828796387 35.2724632263184 35.267943572998 35.2634239196777 35.2589042663574 35.2543846130371 35.2498649597168 35.2441766526964 35.2349823845757 35.2257881164551 35.2165938483344 35.2073995802138 35.1982053120931 35.1890110439724 35.1798167758518 35.2180870056152 35.2721787346734 35.3262704637315 35.3803621927897 35.4344539218479 35.488545650906 35.5426373799642 35.594165886773 35.6380047268338 35.6818435668945 35.7256824069553 35.7695212470161 35.8133600870768 35.8571989271376 35.9010377671983 35.9249801635742 35.9422904120551 35.959600660536 35.9769109090169 35.9942211574978 36.0115314059787 36.0288416544596 36.0362163967556 36.013784620497 35.9913528442383 35.9689210679796 35.9464892917209 35.9240575154622
35.3166976928711 35.3178193834093 35.3189410739475 35.3170356750488 35.3141212463379 35.3112068176269 35.308292388916 35.3053779602051 35.3024635314941 35.2995491027832 35.2923691643609 35.2723926968045 35.252416229248 35.2324397616916 35.2124632941352 35.1924868265788 35.1725103590224 35.1525338914659 35.1882423400879 35.242512427436 35.2967825147841 35.3510526021322 35.4053226894802 35.4595927768283 35.5138628641764 35.5639751858181 35.6016142103407 35.6392532348633 35.6768922593859 35.7145312839084 35.752170308431 35.7898093329536 35.8274483574761 35.8593246459961 35.8892800225152 35.9192353990343 35.9491907755534 35.9791461520725 36.0091015285916 36.0390569051107 36.056753370497 36.0376731024848 36.0185928344726 35.9995125664605 35.9804322984483 35.9613520304362
35.3520370483398 35.3547185262044 35.357400004069 35.357088470459 35.3557792663574 35.3544700622558 35.3531608581543 35.3518516540527 35.3505424499512 35.3492332458496 35.3405616760254 35.3098030090332 35.279044342041 35.2482856750488 35.2175270080566 35.1867683410645 35.1560096740723 35.1252510070801 35.1583976745605 35.2128461201986 35.2672945658366 35.3217430114746 35.3761914571126 35.4306399027506 35.4850883483887 35.5337844848633 35.5652236938477 35.596662902832 35.6281021118164 35.6595413208008 35.6909805297852 35.7224197387695 35.7538589477539 35.793669128418 35.8362696329753 35.8788701375325 35.9214706420898 35.9640711466471 36.0066716512044 36.0492721557617 36.0772903442383 36.0615615844727 36.045832824707 36.0301040649414 36.0143753051758 35.9986465454102
35.3873764038086 35.3916176689996 35.3958589341905 35.3971412658691 35.3974372863769 35.3977333068848 35.3980293273926 35.3983253479004 35.3986213684082 35.398917388916 35.3887541876899 35.3472133212619 35.305672454834 35.264131588406 35.2225907219781 35.1810498555501 35.1395089891222 35.0979681226942 35.1285530090332 35.1831798129611 35.2378066168891 35.292433420817 35.347060224745 35.4016870286729 35.4563138326009 35.5035937839084 35.5288331773546 35.5540725708008 35.579311964247 35.6045513576931 35.6297907511393 35.6550301445855 35.6802695380317 35.7280136108398 35.7832592434353 35.8385048760308 35.8937505086263 35.9489961412218 36.0042417738173 36.0594874064128 36.0978273179796 36.0854500664605 36.0730728149414 36.0606955634223 36.0483183119032 36.0359410603841
35.3718943277995 35.3760426839193 35.3801910400391 35.3842552185059 35.388291337755 35.3923274570041 35.3963635762533 35.4003996955024 35.4044358147515 35.4084719340007 35.4011763678657 35.3598857455784 35.318595123291 35.2773045010037 35.2360138787164 35.194723256429 35.1534326341417 35.1121420118544 35.1402692159017 35.1915356953939 35.242802174886 35.2940686543782 35.3453351338704 35.3966016133626 35.4478680928548 35.4920437282986 35.5149468315972 35.5378499348958 35.5607530381944 35.583656141493 35.6065592447917 35.6294623480903 35.6523654513889 35.7035163879394 35.7640832689073 35.8246501498752 35.8852170308431 35.945783911811 36.0063507927788 36.0669176737467 36.1096974690755 36.099116007487 36.0885345458984 36.0779530843099 36.0673716227214 36.0567901611328
35.3055908203125 35.3079935709636 35.3103963216146 35.3184303283691 35.3283414204915 35.3382525126139 35.3481636047363 35.3580746968587 35.3679857889811 35.3778968811035 35.3778282165527 35.3478202819824 35.3178123474121 35.2878044128418 35.2577964782715 35.2277885437012 35.1977806091309 35.1677726745605 35.193546295166 35.2379137674967 35.2822812398275 35.3266487121582 35.3710161844889 35.4153836568196 35.4597511291504 35.4991343180339 35.5235646565755 35.5479949951172 35.5724253336588 35.5968556722005 35.6212860107422 35.6457163492838 35.6701466878255 35.7201774597168 35.7787417093913 35.8373059590657 35.8958702087402 35.9544344584147 36.0129987080892 36.0715629577637 36.112900797526 36.1025594075521 36.0922180175781 36.0818766276042 36.0715352376302 36.0611938476563
35.2392873128255 35.2399444580078 35.2406016031901 35.2526054382324 35.2683915032281 35.2841775682237 35.2999636332194 35.3157496982151 35.3315357632107 35.3473218282064 35.3544800652398 35.3357548183865 35.3170295715332 35.2983043246799 35.2795790778266 35.2608538309733 35.24212858412 35.2234033372667 35.2468233744303 35.2842918395996 35.3217603047689 35.3592287699381 35.3966972351074 35.4341657002767 35.471634165446 35.5062249077691 35.5321824815538 35.5581400553385 35.5840976291233 35.610055202908 35.6360127766927 35.6619703504774 35.6879279242621 35.7368385314941 35.7934001498752 35.8499617682563 35.9065233866374 35.9630850050184 36.0196466233995 36.0762082417806 36.1161041259766 36.1060028076172 36.0959014892578 36.0858001708984 36.0756988525391 36.0655975341797
35.1729838053386 35.1718953450521 35.1708068847656 35.1867805480957 35.2084415859646 35.2301026238336 35.2517636617025 35.2734246995714 35.2950857374403 35.3167467753092 35.3311319139269 35.3236893547906 35.3162467956543 35.308804236518 35.3013616773817 35.2939191182454 35.2864765591091 35.2790339999729 35.3001004536946 35.3306699117025 35.3612393697103 35.3918088277181 35.4223782857259 35.4529477437337 35.4835172017415 35.5133154975043 35.5408003065321 35.5682851155599 35.5957699245877 35.6232547336154 35.6507395426432 35.678224351671 35.7057091606988 35.7534996032715 35.8080585903591 35.8626175774468 35.9171765645345 35.9717355516222 36.0262945387098 36.0808535257975 36.1193074544271 36.1094462076823 36.0995849609375 36.0897237141927 36.0798624674479 36.0700012207031
35.1066802978516 35.1038462320964 35.1010121663412 35.120955657959 35.1484916687012 35.1760276794434 35.2035636901855 35.2310997009277 35.2586357116699 35.2861717224121 35.3077837626139 35.3116238911947 35.3154640197754 35.3193041483561 35.3231442769368 35.3269844055176 35.3308245340983 35.334664662679 35.353377532959 35.3770479838053 35.4007184346517 35.424388885498 35.4480593363444 35.4717297871907 35.4954002380371 35.5204060872396 35.5494181315104 35.5784301757812 35.6074422200521 35.6364542643229 35.6654663085937 35.6944783528646 35.7234903971354 35.7701606750488 35.8227170308431 35.8752733866373 35.9278297424316 35.9803860982259 36.0329424540202 36.0854988098144 36.1225107828776 36.1128896077474 36.1032684326172 36.093647257487 36.0840260823568 36.0744049072266
35.0403767903646 35.0357971191406 35.0312174479167 35.0551307678223 35.0885417514377 35.1219527350532 35.1553637186686 35.1887747022841 35.2221856858995 35.255596669515 35.284435611301 35.2995584275987 35.3146812438965 35.3298040601942 35.344926876492 35.3600496927897 35.3751725090874 35.3902953253852 35.4066546122233 35.4234260559082 35.4401974995931 35.456968943278 35.4737403869629 35.4905118306478 35.5072832743327 35.5274966769748 35.5580359564887 35.5885752360026 35.6191145155165 35.6496537950304 35.6801930745443 35.7107323540582 35.741271633572 35.7868217468262 35.837375471327 35.8879291958279 35.9384829203288 35.9890366448296 36.0395903693305 36.0901440938314 36.1257141113281 36.1163330078125 36.1069519042969 36.0975708007812 36.0881896972656 36.07880859375
34.9667823791504 34.9522692362468 34.9377560933431 34.9599266052246 34.9943250020345 35.0287233988444 35.0631217956543 35.0975201924642 35.1319185892741 35.166316986084 35.1987999810113 35.2255367702908 35.2522735595703 35.2790103488498 35.3057471381293 35.3324839274089 35.3592207166884 35.3859575059679 35.4075106302897 35.4273358662923 35.4471611022949 35.4669863382975 35.4868115743001 35.5066368103027 35.5264620463053 35.5491231282552 35.5802917480469 35.6114603678385 35.6426289876302 35.6737976074219 35.7049662272135 35.7361348470052 35.7673034667969 35.8083595275879 35.8527114020453 35.8970632765028 35.9414151509603 35.9857670254177 36.0301188998752 36.0744707743327 36.1049978468153 36.0940505133735 36.0831031799317 36.0721558464898 36.061208513048 36.0502611796061
34.885897064209 34.8532625834147 34.8206281026205 34.835343170166 34.8658414204915 34.8963396708171 34.9268379211426 34.9573361714681 34.9878344217936 35.0183326721192 35.0508768717448 35.0895589192708 35.1282409667969 35.1669230143229 35.205605061849 35.244287109375 35.282969156901 35.3216512044271 35.3559455871582 35.3887774149577 35.4216092427572 35.4544410705566 35.4872728983561 35.5201047261556 35.5529365539551 35.5852854410807 35.6161855061849 35.6470855712891 35.6779856363932 35.7088857014974 35.7397857666015 35.7706858317057 35.8015858968099 35.834774017334 35.868724822998 35.9026756286621 35.9366264343262 35.9705772399902 36.0045280456543 36.0384788513184 36.0603619893392 36.0460421244304 36.0317222595215 36.0174023946126 36.0030825297038 35.9887626647949
34.8050117492676 34.7542559305827 34.7035001118978 34.7107597351074 34.7373578389486 34.7639559427897 34.7905540466309 34.817152150472 34.8437502543132 34.8703483581543 34.9029537624783 34.9535810682509 35.0042083740234 35.054835679796 35.1054629855686 35.1560902913411 35.2067175971137 35.2573449028863 35.3043805440267 35.350218963623 35.3960573832194 35.4418958028158 35.4877342224121 35.5335726420085 35.5794110616048 35.6214477539062 35.6520792643229 35.6827107747396 35.7133422851562 35.7439737955729 35.7746053059896 35.8052368164062 35.8358683268229 35.8611885070801 35.8847382439507 35.9082879808214 35.9318377176921 35.9553874545627 35.9789371914334 36.002486928304 36.0157261318631 35.9980337354872 35.9803413391113 35.9626489427355 35.9449565463596 35.9272641499837
34.7241264343262 34.6552492777507 34.5863721211752 34.5861763000489 34.6088742574056 34.6315722147624 34.6542701721192 34.6769681294759 34.6996660868327 34.7223640441895 34.7550306532118 34.8176032172309 34.88017578125 34.9427483452691 35.0053209092882 35.0678934733073 35.1304660373264 35.1930386013455 35.2528155008952 35.3116605122884 35.3705055236816 35.4293505350749 35.4881955464681 35.5470405578613 35.6058855692545 35.6576100667318 35.6879730224609 35.7183359781901 35.7486989339193 35.7790618896484 35.8094248453776 35.8397878011068 35.8701507568359 35.8876029968262 35.9007516649034 35.9139003329807 35.9270490010579 35.9401976691352 35.9533463372125 35.9664950052897 35.971090274387 35.9500253465441 35.9289604187012 35.9078954908583 35.8868305630154 35.8657656351725
