data/working_set_collections/6091692-Cassins_Sparrow-MC/1990/bio5.asc
NCOLS 265 
NROWS 230 
XLLCORNER -115.5625 
YLLCORNER 24.8333333333333 
CELLSIZE 0.0833333333333333 
NODATA_value -9999 
[rows 180 to 199 of 230, columns 184 to 229 of 265]
37.3157374064128 37.233021206326 37.1503050062392 37.1064313252767 37.075505150689 37.0445789761013 37.0136528015137 36.982726626926 36.9518004523383 36.9208742777506 36.8815576341417 36.817069583469 36.7525815327962 36.6880934821235 36.6236054314507 36.559117380778 36.4946293301052 36.4301412794325 36.3875012715657 36.3521439446343 36.3167866177029 36.2814292907715 36.2460719638401 36.2107146369086 36.1753573099772 36.118042755127 35.9948565165202 35.8716702779134 35.7484840393067 35.6252978006999 35.5021115620931 35.3789253234864 35.2557390848796 35.1076858520508 34.9513436211481 34.7950013902453 34.6386591593425 34.4823169284397 34.325974697537 34.1696324666342 34.0115542994606 33.8482683234746 33.6849823474885 33.5216963715024 33.3584103955164 33.1951244195303
37.4059494018555 37.3337529500325 37.2615564982096 37.2214027404785 37.191929880778 37.1624570210775 37.1329841613769 37.1035113016764 37.0740384419759 37.0445655822754 37.0056073506673 36.9381930033366 36.8707786560059 36.8033643086751 36.7359499613444 36.6685356140137 36.6011212666829 36.5337069193522 36.4812080383301 36.4336809794108 36.3861539204915 36.3386268615723 36.291099802653 36.2435727437337 36.1960456848145 36.1274202982585 35.9954999287924 35.8635795593262 35.7316591898601 35.5997388203939 35.4678184509278 35.3358980814616 35.2039777119955 35.039112854004 34.8632664998373 34.6874201456706 34.511573791504 34.3357274373373 34.1598810831707 33.984034729004 33.8034749507905 33.6087749004365 33.4140748500825 33.2193747997285 33.0246747493745 32.8299746990205
37.4961613972982 37.4344846937392 37.3728079901801 37.3363741556803 37.308354610867 37.2803350660536 37.2523155212402 37.2242959764269 37.1962764316135 37.1682568868001 37.1296570671929 37.0593164232042 36.9889757792155 36.9186351352268 36.8482944912381 36.7779538472493 36.7076132032606 36.6372725592719 36.5749148050944 36.5152180141873 36.4555212232802 36.395824432373 36.3361276414659 36.2764308505588 36.2167340596517 36.13679784139 35.9961433410645 35.855488840739 35.7148343404134 35.5741798400879 35.4335253397624 35.2928708394369 35.1522163391114 34.9705398559571 34.7751893785265 34.579838901096 34.3844884236654 34.1891379462349 33.9937874688043 33.7984369913738 33.5953956021204 33.3692814773984 33.1431673526765 32.9170532279545 32.6909391032326 32.4648249785106
37.5863733927409 37.5352164374457 37.4840594821506 37.4513455708821 37.4247793409559 37.3982131110297 37.3716468811035 37.3450806511773 37.3185144212511 37.2919481913248 37.2537067837185 37.1804398430718 37.1071729024251 37.0339059617784 36.9606390211317 36.887372080485 36.8141051398383 36.7408381991916 36.6686215718587 36.5967550489638 36.5248885260688 36.4530220031738 36.3811554802789 36.3092889573839 36.2374224344889 36.1461753845215 35.9967867533366 35.8473981221517 35.6980094909668 35.548620859782 35.399232228597 35.2498435974122 35.1004549662273 34.9019668579102 34.6871122572158 34.4722576565214 34.2574030558269 34.0425484551325 33.827693854438 33.6128392537436 33.3873162534503 33.1297880543604 32.8722598552705 32.6147316561806 32.3572034570907 32.0996752580008
37.6765853881836 37.6359481811523 37.5953109741211 37.566316986084 37.5412040710449 37.5160911560058 37.4909782409668 37.4658653259277 37.4407524108887 37.4156394958496 37.3777565002441 37.3015632629395 37.2253700256348 37.1491767883301 37.0729835510254 36.9967903137207 36.920597076416 36.8444038391113 36.762328338623 36.6782920837402 36.5942558288574 36.5102195739746 36.4261833190918 36.342147064209 36.2581108093262 36.155552927653 35.9974301656088 35.8393074035645 35.6811846415202 35.523061879476 35.3649391174317 35.2068163553874 35.0486935933432 34.8333938598633 34.599035135905 34.3646764119467 34.1303176879883 33.89595896403 33.6616002400717 33.4272415161134 33.1792369047802 32.8902946313223 32.6013523578645 32.3124100844067 32.0234678109488 31.734525537491
37.7667973836263 37.7366799248589 37.7065624660916 37.6812884012858 37.6576288011339 37.633969200982 37.6103096008301 37.5866500006782 37.5629904005263 37.5393308003743 37.5018062167698 37.4226866828071 37.3435671488444 37.2644476148817 37.1853280809191 37.1062085469564 37.0270890129937 36.947969479031 36.8560351053874 36.7598291185167 36.6636231316461 36.5674171447754 36.4712111579047 36.3750051710341 36.2787991841634 36.1649304707845 35.9980735778809 35.8312166849772 35.6643597920736 35.49750289917 35.3306460062663 35.1637891133627 34.996932220459 34.7648208618165 34.5109580145943 34.257095167372 34.0032323201498 33.7493694729276 33.4955066257054 33.2416437784831 32.9711575561101 32.6508012082843 32.3304448604585 32.0100885126327 31.6897321648069 -9999
37.8215721130371 37.8010571797689 37.7805422465006 37.7569948832194 37.7324367099338 37.7078785366482 37.6833203633626 37.658762190077 37.6342040167915 37.6096458435059 37.5700366550022 37.4852744208442 37.4005121866862 37.3157499525282 37.2309877183703 37.1462254842123 37.0614632500543 36.9767010158963 36.878719329834 36.7763311598036 36.6739429897733 36.5715548197429 36.4691666497125 36.3667784796821 36.2643903096517 36.1434748331706 35.9669774373373 35.790480041504 35.6139826456706 35.4374852498373 35.260987854004 35.0844904581706 34.9079930623373 34.649008957545 34.3625292830998 34.0760496086546 33.7895699342093 33.5030902597641 33.2166105853188 32.9301309108736 32.6353983190326 32.3159069750046 31.9964156309765 31.6769242869485 31.3574329429204 31.0379415988923
37.840909576416 37.8290799458822 37.8172503153483 37.7934364318848 37.7656277974447 37.7378191630046 37.7100105285645 37.6822018941243 37.6543932596842 37.6265846252441 37.5824478149414 37.4893264770508 37.3962051391602 37.3030838012696 37.2099624633789 37.1168411254883 37.0237197875977 36.9305984497071 36.8303810119629 36.7277982076009 36.625215403239 36.522632598877 36.420049794515 36.317466990153 36.214884185791 36.0911860148113 35.9041417439779 35.7170974731446 35.5300532023113 35.3430089314779 35.1559646606446 34.9689203898113 34.7818761189779 34.485958147049 34.1537489414216 33.8215397357942 33.4893305301667 33.1571213245393 32.8249121189119 32.4927029132844 32.1719591935477 31.8856119314831 31.5992646694185 31.3129174073538 31.0265701452892 -9999
37.8602470397949 37.8571027119954 37.853958384196 37.8298779805501 37.7988188849555 37.7677597893609 37.7367006937663 37.7056415981717 37.674582502577 37.6435234069824 37.5948589748807 37.4933785332574 37.3918980916341 37.2904176500109 37.1889372083876 37.0874567667643 36.9859763251411 36.8844958835178 36.7820426940918 36.6792652553982 36.5764878167047 36.4737103780111 36.3709329393175 36.268155500624 36.1653780619304 36.0388971964519 35.8413060506186 35.6437149047852 35.4461237589519 35.2485326131186 35.0509414672852 34.8533503214519 34.6557591756186 34.322907336553 33.9449685997434 33.5670298629338 33.1890911261242 32.8111523893146 32.433213652505 32.0552749156953 31.7085200680628 31.4553168879616 31.2021137078604 30.9489105277592 30.6957073476581 -9999
37.8795845031738 37.8851254781087 37.8906664530436 37.8663195292155 37.8320099724664 37.7977004157172 37.7633908589681 37.729081302219 37.6947717454698 37.6604621887207 37.6072701348199 37.497430589464 37.3875910441081 37.2777514987522 37.1679119533963 37.0580724080404 36.9482328626845 36.8383933173286 36.7337043762207 36.6307323031956 36.5277602301704 36.4247881571452 36.32181608412 36.2188440110949 36.1158719380697 35.9866083780925 35.7784703572592 35.5703323364258 35.3621943155925 35.1540562947592 34.9459182739258 34.7377802530925 34.5296422322592 34.159856526057 33.7361882580653 33.3125199900735 32.8888517220816 32.4651834540899 32.0415151860981 31.6178469181062 31.2450809425779 31.0250218444402 30.8049627463024 -9999 -9999 -9999
37.8989219665527 37.913148244222 37.9273745218913 37.9027610778809 37.8652010599772 37.8276410420736 37.7900810241699 37.7525210062663 37.7149609883626 37.677400970459 37.6196812947591 37.5014826456706 37.3832839965821 37.2650853474935 37.146886698405 37.0286880493164 36.9104894002279 36.7922907511394 36.6853660583496 36.5821993509929 36.4790326436361 36.3758659362793 36.2726992289226 36.1695325215658 36.066365814209 35.9343195597331 35.7156346638998 35.4969497680665 35.2782648722331 35.0595799763998 34.8408950805665 34.6222101847331 34.4035252888998 33.996805715561 33.5274079163871 33.0580101172131 32.5886123180391 32.1192145188651 31.6498167196912 31.1804189205171 30.781641817093 30.5947268009187 -9999 -9999 -9999 -9999
37.9182594299316 37.9411710103353 37.9640825907389 37.9392026265462 37.8983921474881 37.8575816684299 37.8167711893717 37.7759607103136 37.7351502312554 37.6943397521973 37.6320924546984 37.5055347018772 37.378976949056 37.2524191962348 37.1258614434137 36.9993036905925 36.8727459377713 36.7461881849501 36.6370277404785 36.5336663987902 36.4303050571018 36.3269437154134 36.2235823737251 36.1202210320367 36.0168596903483 35.8820307413738 35.6527989705404 35.4235671997071 35.1943354288738 34.9651036580404 34.7358718872071 34.5066401163738 34.2774083455405 33.833754905065 33.3186275747089 32.8035002443527 32.2883729139965 31.7732455836404 -9999 -9999 -9999 -9999 -9999 -9999 -9999 -9999
37.9573857625325 37.978647020128 37.9999082777235 37.9684405008952 37.9193963792589 37.8703522576226 37.8213081359863 37.7722640143501 37.7232198927138 37.6741757710775 37.6051180521648 37.4760195414226 37.3469210306804 37.2178225199382 37.088724009196 36.9596254984538 36.8305269877116 36.7014284769694 36.5934560139974 36.4925255669488 36.3915951199002 36.2906646728516 36.189734225803 36.0888037787544 35.9878733317057 35.8508383009169 35.6054895189074 35.3601407368978 35.1147919548883 34.8694431728788 34.6240943908692 34.3787456088597 34.1333968268502 33.6669880549114 33.126892619663 32.5867971844145 32.046701749166 31.5066063139175 -9999 -9999 -9999 -9999 -9999 -9999 -9999 -9999
38.0163009643555 38.0255762736003 38.034851582845 37.9904747009277 37.9282137552897 37.8659528096517 37.8036918640137 37.7414309183757 37.6791699727377 37.6169090270996 37.5387580871582 37.4129371643067 37.2871162414551 37.1612953186035 37.035474395752 36.9096534729004 36.7838325500489 36.6580116271973 36.5546508789063 36.4587768554688 36.3629028320313 36.2670288085938 36.1711547851563 36.0752807617188 35.9794067382813 35.8407422383627 35.5737063090007 35.3066703796387 35.0396344502768 34.7725985209148 34.5055625915528 34.2385266621908 33.9714907328289 33.4965051651002 32.9522030512493 32.4079009373985 31.8635988235475 -9999 -9999 -9999 -9999 -9999 -9999 -9999 -9999 -9999
38.0752161661784 38.0725055270725 38.0697948879666 38.0125089009603 37.9370311313206 37.8615533616808 37.786075592041 37.7105978224013 37.6351200527615 37.5596422831218 37.4723981221517 37.3498547871908 37.2273114522298 37.1047681172689 36.982224782308 36.859681447347 36.7371381123861 36.6145947774252 36.5158457438151 36.4250281439887 36.3342105441624 36.243392944336 36.1525753445096 36.0617577446832 35.9709401448568 35.8306461758084 35.541923099094 35.2532000223796 34.9644769456652 34.6757538689508 34.3870307922364 34.098307715522 33.8095846388076 33.326022275289 32.7775134828357 32.2290046903824 -9999 -9999 -9999 -9999 -9999 -9999 -9999 -9999 -9999 -9999
38.1341313680013 38.1194347805447 38.1047381930881 38.0345431009928 37.9458485073514 37.8571539137099 37.7684593200684 37.6797647264269 37.5910701327854 37.5023755391439 37.4060381571452 37.2867724100749 37.1675066630046 37.0482409159343 36.928975168864 36.8097094217936 36.6904436747233 36.571177927653 36.477040608724 36.3912794325087 36.3055182562934 36.2197570800781 36.1339959038629 36.0482347276476 35.9624735514323 35.8205501132542 35.5101398891874 35.1997296651205 34.8893194410537 34.5789092169869 34.26849899292 33.9580887688532 33.6476785447864 33.1555393854778 32.6028239144221 -9999 -9999 -9999 -9999 -9999 -9999 -9999 -9999 -9999 -9999 -9999
38.1930465698242 38.1663640340169 38.1396814982096 38.0565773010254 37.9546658833822 37.852754465739 37.7508430480957 37.6489316304525 37.5470202128093 37.445108795166 37.3396781921387 37.223690032959 37.1077018737793 36.9917137145996 36.87572555542 36.7597373962403 36.6437492370606 36.5277610778809 36.4382354736328 36.3575307210287 36.2768259684245 36.1961212158203 36.1154164632162 36.034711710612 35.9540069580078 35.8104540506999 35.4783566792807 35.1462593078614 34.8141619364421 34.4820645650229 34.1499671936036 33.8178698221843 33.4857724507651 32.9850564956666 32.4281343460085 -9999 31.314290046692 -9999 -9999 -9999 -9999 -9999 -9999 -9999 -9999 -9999
38.2519617716471 38.2132932874892 38.1746248033312 38.078611501058 37.963483259413 37.848355017768 37.7332267761231 37.6180985344781 37.5029702928332 37.3878420511882 37.2733182271322 37.1606076558431 37.0478970845541 36.935186513265 36.822475941976 36.7097653706869 36.5970547993978 36.4843442281088 36.3994303385417 36.3237820095486 36.2481336805556 36.1724853515625 36.0968370225695 36.0211886935764 35.9455403645834 35.8003579881457 35.446573469374 35.0927889506023 34.7390044318306 34.3852199130589 34.0314353942872 33.6776508755155 33.3238663567438 32.8145736058554 32.2534447775948 -9999 -9999 -9999 -9999 -9999 -9999 -9999 -9999 -9999 -9999 -9999
38.2530586242676 38.2180892096626 38.1831197950575 38.0851203918457 37.9661109924317 37.8471015930176 37.7280921936035 37.6090827941895 37.4900733947754 37.3710639953613 37.2536248948839 37.1408966912164 37.0281684875488 36.9154402838813 36.8027120802138 36.6899838765462 36.5772556728787 36.4645274692112 36.3853764851888 36.3174179077149 36.2494593302409 36.1815007527669 36.113542175293 36.045583597819 35.977625020345 35.8313461303712 35.4501063028972 35.0688664754232 34.6876266479493 34.3063868204754 33.9251469930014 33.5439071655275 33.1626673380535 32.6526669184368 32.0997463014392 31.5468256844416 -9999 -9999 -9999 -9999 -9999 -9999 -9999 -9999 -9999 -9999
38.1963371276856 38.1807518005371 38.1651664733887 38.0761039733887 37.9625490824382 37.8489941914877 37.7354393005371 37.6218844095866 37.5083295186361 37.3947746276856 37.2805981953939 37.1645571390788 37.0485160827637 36.9324750264486 36.8164339701335 36.7003929138184 36.5843518575033 36.4683108011882 36.3960739135742 36.3384384155273 36.2808029174805 36.2231674194336 36.1655319213867 36.1078964233399 36.050260925293 35.9034184773764 35.4889551798504 35.0744918823243 34.6600285847983 34.2455652872723 33.8311019897462 33.4166386922202 33.0021753946942 32.4993364334108 31.9670389175416 -9999 -9999 -9999 -9999 -9999 -9999 -9999 -9999 -9999 -9999 -9999
